#Ack,ack_ewma(ms),send_ewma(ms),rtt_ratio,cwnd (Bytes),Last Router Ocupation Ack Arriaval(Packets),Last Router Ocupation Packet Sent(Packets),Network Situation,AckArrival(ms),TSInsideAck(ms),RTTAck(ms)
4381,2,0,423,16060,0.14,0.2,1,50843,50420,423
7301,2,0,425,17520,0.108,0.2,1,50845,50420,425
10221,2,0,427,18980,0.0696,0.2,1,50847,50420,427
13141,2,0,429,20440,0.02992,0.2,1,50849,50420,429
14601,161.2,0,630,21900,0.005984,0.02,1,51050,50420,630
17521,207.44,336.8,428,23360,0.0011968,0.14,1,51269,50841,428
20441,43.088,68.96,428,24820,0.00023936,0.14,1,51271,50843,428
23361,10.2176,13.792,430,26280,0.0480479,0.1,1,51273,50843,430
26281,3.64352,4.3584,430,27740,0.0256096,0.06,1,51275,50845,430
29201,3.9287,2.47168,432,29200,0.229122,0.06,1,51279,50847,432
32121,2.38574,0.494336,434,30660,0.285824,0.02,1,51281,50847,434
35041,2.07715,1.69887,434,32120,0.313165,0,1,51283,50849,434
37961,151.615,161.14,422,33580,0.094633,0,1,51472,51050,422
40881,215.923,207.428,435,35040,0.0189266,0,1,51704,51269,435
43801,44.7846,41.4856,437,36500,0.00378532,0,1,51706,51269,437
46721,10.5569,9.89712,437,37960,0.112757,0.06,1,51708,51271,437
49641,3.71138,3.57942,437,39420,0.102551,0.06,1,51710,51273,437
52561,2.34228,0.715885,439,40880,0.0525103,0.02,1,51712,51273,439
55481,2.06846,1.74318,439,42340,0.0105021,0.28,1,51714,51275,439
58401,2.01369,3.54864,437,43800,0.1461,0.28,1,51716,51279,437
61321,2.00274,0.709727,439,45260,0.18922,0.3,1,51718,51279,439
64241,2.00055,1.74195,439,46720,0.213844,0.32,1,51720,51281,439
67161,3.60011,1.94839,441,48180,0.250769,0.32,1,51724,51283,441
70081,135.92,0.389678,610,49640,0.0501538,0.04,1,51893,51283,610
73001,28.784,151.278,423,51100,0.0100308,0,1,51895,51472,423
75921,190.557,215.856,422,52560,0.00200615,0,1,52126,51704,422
78841,46.1114,43.1711,432,54020,0.00040123,0,1,52136,51704,432
81761,10.8223,10.2342,432,55480,0.0560802,0.14,1,52138,51706,432
84681,3.76445,3.64684,432,56940,0.035216,0.14,1,52140,51708,432
87601,2.35289,0.729369,434,58400,0.00704321,0.1,1,52142,51708,434
90521,2.07058,1.74587,434,59860,0.145409,0.04,1,52144,51710,434
93441,2.01412,1.94917,434,61320,0.141082,0.04,1,52146,51712,434
96361,2.00282,0.389835,436,62780,0.156216,0,1,52148,51712,436
99281,2.00056,1.67797,436,64240,0.175243,0.18,1,52150,51714,436
102201,2.00011,1.93559,436,65700,0.195049,0.18,1,52152,51716,436
105121,2.00002,0.387119,438,67160,0.20701,0.2,1,52154,51716,438
108041,2,1.67742,438,68620,0.225402,0.22,1,52156,51718,438
110961,2,1.93548,438,70080,0.31708,0.22,1,52158,51720,438
113881,2,0.387097,440,71540,0.351416,0.26,1,52160,51720,440
116801,2,3.27742,438,73000,0.374283,0,1,52162,51724,438
119721,122.8,135.855,422,74460,0.0748566,0,1,52315,51893,422
122641,26.16,27.1711,424,75920,0.0149713,0,1,52317,51893,424
125561,6.832,7.03422,424,77380,0.00299427,0,1,52319,51895,424
128481,186.166,186.207,424,78840,0.0325989,0,1,52550,52126,424
131401,47.6333,37.2414,437,80300,0.11852,0,1,52563,52126,437
134321,11.1267,15.4483,429,81760,0.103704,0.07,1,52565,52136,429
137241,3.82533,4.68965,429,83220,0.0607408,0.07,1,52567,52138,429
140161,2.36507,0.937931,431,84680,0.0761482,0.03,1,52569,52138,431
143081,2.07301,1.78759,431,86140,0.0472296,0,1,52571,52140,431
146001,2.0146,1.95752,431,87600,0.00944593,0,1,52573,52142,431
148921,2.00292,0.391503,433,89060,0.0258892,0.18,1,52575,52142,433
151841,2.00058,1.6783,433,90520,0.0451778,0.14,1,52577,52144,433
154761,2.00012,1.93566,433,91980,0.153036,0.14,1,52579,52146,433
157681,5.20002,0.387132,439,93440,0.222607,0.16,1,52585,52146,439
160601,2.64,1.67743,439,94900,0.252521,0.18,1,52587,52148,439
163521,2.128,1.93549,439,96360,0.282504,0.18,1,52589,52150,439
166441,2.0256,0.387097,441,97820,0.304501,0.2,1,52591,52150,441
169361,2.00512,1.67742,441,99280,0.2769,0.21,1,52593,52152,441
172281,2.00102,1.93548,441,100740,0.23938,0.21,1,52595,52154,441
175201,2.0002,0.387097,443,102200,0.247876,0.23,1,52597,52154,443
178121,2.00004,1.67742,443,103660,0.265575,0.34,1,52599,52156,443
181041,2.00001,1.93548,443,105120,0.285115,0.34,1,52601,52158,443
183961,2,0.387097,445,106580,0.361023,0.36,1,52603,52158,445
186881,2,1.67742,445,108040,0.392205,0.38,1,52605,52160,445
189801,2,1.93548,445,109500,0.414441,0.38,1,52607,52162,445
192721,103.6,0.387097,574,110960,0.0828882,0,1,52736,52162,574
195641,22.32,122.477,423,112420,0.0165776,0,1,52738,52315,423
198561,7.664,26.0955,425,113880,0.00331553,0,1,52742,52317,425
201481,4.7328,5.2191,429,115340,0.000663105,0,1,52746,52317,429
204401,2.54656,2.64382,429,116800,0.0241326,0.04,1,52748,52319,429
207321,184.509,185.329,428,118260,0.180827,0.04,1,52978,52550,428
210241,41.7019,37.0658,434,119720,0.116165,0.14,1,52984,52550,434
213161,9.94037,17.8132,423,121180,0.0712331,0.1,1,52986,52563,423
216081,3.58807,5.16263,423,122640,0.214247,0.1,1,52988,52565,423
219001,2.31761,1.03253,425,124100,0.266849,0.05,1,52990,52565,425
221921,2.06352,1.80651,425,125560,0.26937,0.08,1,52992,52567,425
224841,6.8127,1.9613,431,127020,0.277874,0.08,1,53000,52569,431
227761,2.96254,0.39226,433,128480,0.303575,0.04,1,53002,52569,433
230681,2.19251,1.67845,433,129940,0.300715,0,1,53004,52571,433
233601,2.0385,1.93569,433,131400,0.324143,0,1,53006,52573,433
236521,2.0077,0.387138,435,132860,0.304829,0.03,1,53008,52573,435
239441,2.00154,1.67743,435,134320,0.284966,0.05,1,53010,52575,435
242361,2.00031,1.93549,435,135780,0.296993,0.05,1,53012,52577,435
245281,2.00006,0.387097,437,137240,0.267399,0.18,1,53014,52577,437
248201,2.00001,1.67742,437,138700,0.22948,0.24,1,53016,52579,437
251121,2,5.13548,433,140160,0.189896,0.24,1,53018,52585,433
254041,2,1.0271,435,141620,0.157979,0.26,1,53020,52585,435
256961,2,1.80542,435,143080,0.359596,0.29,1,53022,52587,435
259881,2,1.96108,435,144540,0.375919,0.29,1,53024,52589,435
262801,2.8,0.392217,438,146000,0.403184,0.31,1,53027,52589,438
265721,3.76,1.67844,440,147460,0.344637,0.27,1,53031,52591,440
268641,3.152,1.93569,441,148920,0.276927,0.27,1,53034,52593,441
271561,2.2304,0.387138,443,150380,0.415385,0.23,1,53036,52593,443
274481,2.04608,1.67743,443,151840,0.411077,0.25,1,53038,52595,443
277401,2.00922,1.93549,443,153300,0.426215,0.25,1,53040,52597,443
280321,2.00184,0.387097,445,154760,0.397243,0.27,1,53042,52597,445
283241,2.00037,1.67742,445,156220,0.367449,0.29,1,53044,52599,445
286161,2.00007,1.93548,445,157680,0.32949,0.29,1,53046,52601,445
289081,2.00001,0.387097,447,159140,0.337898,0.38,1,53048,52601,447
292001,2,1.67742,447,160600,0.41158,0.4,1,53050,52603,447
294921,2,1.93548,447,162060,0.394316,0.4,1,53052,52605,447
297841,2,0.387097,449,163520,0.358863,0.42,1,53054,52605,449
300761,2,1.67742,449,164980,0.407773,0,1,53056,52607,449
303681,82,103.535,422,166440,0.0815545,0,1,53158,52736,422
306601,18,20.7071,424,167900,0.0163109,0,1,53160,52736,424
309521,5.2,5.74142,424,169360,0.00326218,0,1,53162,52738,424
312441,2.64,4.34828,422,170820,0.000652436,0,1,53164,52742,422
315361,4.528,0.869657,427,172280,0.000130487,0,1,53169,52742,427
318281,3.3056,3.37393,426,173740,2.60974e-05,0.03,1,53172,52746,426
321201,2.26112,2.27479,426,175200,5.21949e-06,0.03,1,53174,52748,426
322661,161.252,0.454957,627,176660,0.016001,0.22,1,53375,52748,627
325581,62.6504,184.091,435,178120,0.1152,0.22,1,53413,52978,435
328501,15.7301,36.8182,439,179580,0.07104,0.1,1,53417,52978,439
331421,4.74602,12.1636,435,181040,0.030208,0.06,1,53419,52984,435
334341,2.5492,4.03273,435,182500,0.150042,0.06,1,53421,52986,435
336341,1.30984,0.806545,436,183960,0.158008,0.29,1,53422,52986,436
339261,1.86197,2.56131,435,185420,0.167602,0.28,1,53424,52989,435
342181,1.97239,1.31226,436,186880,0.13752,0.28,1,53426,52990,436
345101,1.99448,0.262452,438,188340,0.0995041,0.27,1,53428,52990,438
347781,5.1989,1.65249,442,189800,0.0999008,0.28,1,53434,52992,442
350701,2.63978,6.7305,436,191260,0.0679802,0.28,1,53436,53000,436
352561,1.32796,1.3461,437,192720,0.045596,0.28,1,53437,53000,437
355481,3.46559,8.26922,431,194180,0.00911921,0.28,1,53441,53010,431
358401,3.89312,1.65384,435,195640,0.0978239,0.28,1,53445,53010,435
361321,3.97862,0.330769,439,197100,0.107565,0.28,1,53449,53010,439
364241,2.39572,0.0661537,441,198560,0.157513,0.28,1,53451,53010,441
367121,2.07914,0.0132307,443,200020,0.135503,0.26,1,53453,53010,443
370041,2.01583,3.20265,441,201480,0.131101,0.26,1,53455,53014,441
372961,2.00317,0.640529,443,202940,0.0982201,0.26,1,53457,53014,443
374821,1.20063,0.128106,444,204400,0.115644,0.45,1,53458,53014,444
377741,1.84013,8.82562,435,205860,0.0871288,0.45,1,53460,53025,435
380661,1.96803,1.76512,437,207320,0.145426,0.45,1,53462,53025,437
383581,1.99361,0.353025,439,208780,0.133085,0.45,1,53464,53025,439
386501,1.99872,0.070605,441,210240,0.090617,0.45,1,53466,53025,441
389421,1.99974,0.014121,443,211700,0.178123,0.45,1,53468,53025,443
391461,1.99995,0.0028242,445,213160,0.163625,0.38,1,53470,53025,445
393121,1.19999,2.40056,443,214620,0.152725,0.41,1,53471,53028,443
396041,5.04,8.48011,439,216080,0.046545,0.41,1,53477,53038,439
398961,2.608,1.69602,441,217540,0.185309,0.41,1,53479,53038,441
401881,2.1216,0.339204,443,219000,0.181062,0.41,1,53481,53038,443
403941,2.02432,0.0678409,445,220460,0.148212,0.36,1,53483,53038,445
406861,2.00486,4.81357,441,221920,0.109642,0.36,1,53485,53044,441
409781,2.00097,0.962714,443,223380,0.125928,0.36,1,53487,53044,443
412261,2.00019,0.192543,445,224840,0.201186,0.37,1,53489,53044,445
415181,2.00004,7.23851,438,226300,0.192237,0.37,1,53491,53053,438
418101,2.00001,1.4477,440,227760,0.158447,0.37,1,53493,53053,440
421021,2,0.28954,442,229220,0.127689,0.37,1,53495,53053,442
423941,2,0.0579081,444,230680,0.0895379,0.37,1,53497,53053,444
426821,2,0.0115816,446,232140,0.169908,0.33,1,53499,53053,446
429741,2,6.40232,440,233600,0.153982,0.33,1,53501,53061,440
431601,1.2,1.28046,441,235060,0.198796,0,1,53502,53061,441
434521,70.64,85.8561,422,236520,0.0397593,0,1,53590,53168,422
437441,15.728,17.1712,424,237980,0.00795185,0,1,53592,53168,424
440361,4.7456,3.43424,426,239440,0.00159037,0,1,53594,53168,426
443041,2.54912,0.686849,428,240900,0.000318074,0,1,53596,53168,428
445961,2.90982,7.33737,422,242360,0.0160636,0,1,53599,53177,422
448881,2.18196,1.46747,424,243820,0.00321272,0,1,53601,53177,424
451361,2.03639,0.293495,426,245280,0.000642545,0.16,1,53603,53177,426
453441,164.407,167.259,422,246740,0.000128509,0.18,1,53808,53386,422
456361,62.4815,61.4517,424,248200,0.0480257,0.18,1,53845,53421,424
459281,14.0963,12.2903,426,249660,0.0256051,0.18,1,53847,53421,426
461761,4.41926,2.45807,428,251120,0.101121,0.16,1,53849,53421,428
464681,4.08385,8.49161,422,252580,0.0522242,0.16,1,53853,53431,422
467601,2.41677,1.69832,424,254040,0.114445,0.16,1,53855,53431,424
470521,2.08335,0.339665,426,255500,0.102889,0.16,1,53857,53431,426
473441,2.01667,0.0679329,428,256960,0.0685778,0.16,1,53859,53431,428
475281,1.20333,0.0135866,429,258420,0.0457156,0,1,53860,53431,429
478201,5.04067,7.20272,426,259880,0.0651431,0,1,53866,53440,426
481121,2.60813,1.44054,428,261340,0.0930286,0,1,53868,53440,428
483601,2.12163,0.288109,430,262800,0.0746057,0.2,1,53870,53440,430
486521,5.22433,8.05762,426,264260,0.0149211,0.2,1,53876,53450,426
489441,2.64487,1.61152,428,265720,0.00298423,0.2,1,53878,53450,428
491921,2.12897,0.322305,430,267180,0.000596846,0.09,1,53880,53450,430
494841,3.62579,5.66446,427,268640,0.200119,0.09,1,53884,53457,427
497761,2.32516,1.13289,429,270100,0.208024,0.09,1,53886,53457,429
500241,2.06503,0.226578,431,271560,0.177605,0.2,1,53888,53457,431
503161,2.01301,8.84532,422,273020,0.139521,0.2,1,53890,53468,422
506081,2.0026,1.76906,424,274480,0.0999042,0.2,1,53892,53468,424
509001,2.00052,0.353813,426,275940,0.0519808,0.2,1,53894,53468,426
511921,2.0001,0.0707625,428,277400,0.0103962,0.2,1,53896,53468,428
514841,2.00002,0.0141525,430,278860,0.0820792,0.2,1,53898,53468,430
516881,2,0.0028305,432,280320,0.216416,0.23,1,53900,53468,432
519801,5.2,8.00057,428,281780,0.155283,0.23,1,53906,53478,428
522721,2.64,1.60011,430,283240,0.231057,0.23,1,53908,53478,430
525641,2.128,0.320023,432,284700,0.214211,0.23,1,53910,53478,432
527701,2.0256,0.0640045,434,286160,0.178842,0.13,1,53912,53478,434
530621,2.00512,7.2128,427,287620,0.131768,0.13,1,53914,53487,427
533541,2.00102,1.44256,429,289080,0.178354,0.13,1,53916,53487,429
536461,2.0002,0.288512,431,290540,0.155671,0.13,1,53918,53487,431
539141,2.00004,0.0577024,433,292000,0.119134,0.19,1,53920,53487,433
542061,2.00001,3.21154,431,293460,0.175827,0.19,1,53922,53491,431
544341,2,0.642308,433,294920,0.211165,0.21,1,53924,53491,433
547261,2,8.92846,424,296380,0.186233,0.21,1,53926,53502,424
550181,2,1.78569,426,297840,0.157247,0.21,1,53928,53502,426
553101,2,0.357138,428,299300,0.239449,0.21,1,53930,53502,428
556021,2,0.0714277,430,300760,0.22389,0.21,1,53932,53502,430
558941,2,0.0142855,432,302220,0.196778,0.21,1,53934,53502,432
560561,1.2,0.00285711,433,303680,0.175356,0.27,1,53935,53502,433
562641,5.04,8.00057,429,305140,0.171071,0,1,53941,53512,429
565561,63.408,69.6001,422,306600,0.0342142,0,1,54019,53597,422
568481,14.2816,13.92,424,308060,0.00684284,0,1,54021,53597,424
571401,4.45632,2.784,426,309520,0.00136857,0,1,54023,53597,426
574081,2.49126,0.556801,428,310980,0.000273714,0,1,54025,53597,428
577001,2.09825,6.51136,422,312440,5.47427e-05,0,1,54027,53605,422
579921,2.01965,1.30227,424,313900,1.09485e-05,0,1,54029,53605,424
582401,2.00393,0.260454,426,315360,2.18971e-06,0.12,1,54031,53605,426
584481,173.201,172.052,427,316820,4.37942e-07,0.1,1,54247,53820,427
587401,56.2402,58.4104,424,318280,0.0560001,0.1,1,54274,53850,424
590321,12.848,11.6821,426,319740,0.0352,0.1,1,54276,53850,426
592801,4.16961,2.33642,428,321200,0.12704,0.1,1,54278,53850,428
595721,4.03392,6.06728,425,322660,0.089408,0.1,1,54282,53857,425
598001,2.40678,1.21346,427,324120,0.137882,0.07,1,54284,53857,427
600921,8.48136,10.6427,424,325580,0.0755763,0.07,1,54294,53870,424
603841,4.89627,2.12854,428,327040,0.0871153,0.07,1,54298,53870,428
606761,2.57925,0.425708,430,328500,0.0654231,0.07,1,54300,53870,430
609681,2.11585,0.0851415,432,329960,0.0290846,0.07,1,54302,53870,432
611521,1.22317,0.0170283,433,331420,0.00581692,0.02,1,54303,53870,433
614441,1.84463,2.40341,432,332880,0.0171634,0.02,1,54305,53873,432
616101,7.56893,0.480681,441,334340,0.0914327,0.17,1,54314,53873,441
619021,3.11379,12.0961,428,335800,0.0742865,0.17,1,54316,53888,428
621941,2.22276,2.41923,430,337260,0.0308573,0.17,1,54318,53888,430
624861,2.04455,0.483845,432,338720,0.00617146,0.17,1,54320,53888,432
627781,2.00891,0.0967691,434,340180,0.00123429,0.17,1,54322,53888,434
629621,1.20178,0.0193538,435,341640,0.000246858,0,1,54323,53888,435
632541,1.84036,6.40387,429,343100,0.0640494,0,1,54325,53896,429
635461,1.96807,1.28077,431,344560,0.13281,0,1,54327,53896,431
638381,1.99361,0.256155,433,346020,0.114562,0,1,54329,53896,433
641061,1.99872,0.051231,435,347480,0.0869124,0.18,1,54331,53896,435
643981,1.99974,6.41025,429,348940,0.0493825,0.18,1,54333,53904,429
646901,1.99995,1.28205,431,350400,0.177877,0.18,1,54335,53904,431
649381,1.99999,0.25641,433,351860,0.179575,0.19,1,54337,53904,433
652301,2,5.65128,428,353320,0.187915,0.19,1,54339,53911,428
655221,2,1.13026,430,354780,0.157583,0.19,1,54341,53911,430
657701,5.2,0.226051,436,356240,0.151517,0.13,1,54347,53911,436
660621,2.64,6.44521,430,357700,0.110303,0.13,1,54349,53919,430
663541,2.128,1.28904,432,359160,0.0700607,0.13,1,54351,53919,432
666461,2.0256,0.257808,434,360620,0.182012,0.13,1,54353,53919,434
668101,1.20512,0.0515617,435,362080,0.188402,0.18,1,54354,53919,435
671021,1.84102,5.61031,430,363540,0.16568,0.18,1,54356,53926,430
673941,1.9682,1.12206,432,365000,0.129136,0.18,1,54358,53926,432
676421,2.79364,0.224412,435,366460,0.129827,0.19,1,54361,53926,435
679341,2.15873,11.2449,423,367920,0.0979654,0.19,1,54363,53940,423
682261,2.03175,2.24898,425,369380,0.0675931,0.19,1,54365,53940,425
685181,2.00635,0.449795,427,370840,0.165519,0.19,1,54367,53940,427
688101,2.00127,0.089959,429,372300,0.161104,0.19,1,54369,53940,429
691021,2.00025,0.0179918,431,373760,0.128221,0.19,1,54371,53940,431
693061,5.20005,0.00359836,437,375220,0.0256441,0.22,1,54377,53940,437
695141,57.84,8.00072,498,376680,0.00512883,0,1,54448,53950,498
698061,13.168,63.2001,423,378140,0.00102577,0,1,54450,54027,423
700981,4.2336,12.64,425,379600,0.000205153,0,1,54452,54027,425
703901,2.44672,2.52801,427,381060,4.10306e-05,0,1,54454,54027,427
706581,6.88934,0.505601,435,382520,8.20613e-06,0.08,1,54462,54027,435
709501,2.97787,11.3011,423,383980,1.64122e-06,0.08,1,54464,54041,423
712421,2.19557,2.26022,425,385440,0.112,0.08,1,54466,54041,425
713441,161.239,0.452045,626,386900,0.1184,0,1,54667,54041,626
715521,49.0478,175.29,428,388360,0.07168,0.12,1,54688,54260,428
718441,21.8096,51.0581,423,389820,0.142336,0.12,1,54703,54280,423
721361,5.96191,10.2116,425,391280,0.124467,0.12,1,54705,54280,425
723841,2.79238,2.04232,427,392740,0.0888934,0.1,1,54707,54280,427
726761,3.75848,5.20846,425,394200,0.185779,0.1,1,54711,54286,425
729041,2.3517,1.04169,427,395660,0.181156,0.04,1,54713,54286,427
731961,10.0703,12.2083,424,397120,0.0362311,0.04,1,54725,54301,424
734881,3.61407,2.44167,426,398580,0.151246,0.04,1,54727,54301,426
737361,2.32281,0.488333,428,400040,0.142249,0.11,1,54729,54301,428
740281,6.06456,10.4977,422,401500,0.0444499,0.11,1,54736,54314,422
743201,2.81291,2.09953,424,402960,0.06489,0.11,1,54738,54314,424
746101,6.96258,0.419907,432,404420,0.012978,0.08,1,54746,54314,432
749021,2.99252,8.08398,424,405880,0.0505956,0.08,1,54748,54324,424
751941,2.1985,1.6168,426,407340,0.0261191,0.08,1,54750,54324,426
754861,2.0397,0.323359,428,408800,0.00522382,0.08,1,54752,54324,428
757781,2.00794,0.0646718,430,410260,0.00104476,0.08,1,54754,54324,430
760241,2.00159,0.0129344,432,411720,0.000208953,0.15,1,54756,54324,432
763161,2.00032,2.40259,431,413180,0.0800418,0.15,1,54758,54327,431
764821,1.20006,0.480517,432,414640,0.0800084,0.06,1,54759,54327,432
767741,1.84001,4.0961,429,416100,0.168002,0.06,1,54761,54332,429
770661,1.968,0.819221,431,417560,0.1536,0.06,1,54763,54332,431
773141,1.9936,0.163844,433,419020,0.12672,0.24,1,54765,54332,433
776061,1.99872,8.03277,425,420480,0.089344,0.24,1,54767,54342,425
778981,1.99974,1.60655,427,421940,0.0498688,0.24,1,54769,54342,427
781901,1.99995,0.321311,429,423400,0.00997376,0.24,1,54771,54342,429
784821,1.99999,0.0642621,431,424860,0.00199475,0.24,1,54773,54342,431
787701,5.2,0.0128524,437,426320,0.112399,0.16,1,54779,54342,437
790621,2.64,11.2026,425,427780,0.10248,0.16,1,54781,54356,425
793541,2.128,2.24051,427,429240,0.068496,0.16,1,54783,54356,427
796461,2.0256,0.448103,429,430700,0.0296992,0.16,1,54785,54356,429
798721,2.00512,0.0896205,431,432160,0.00593984,0.16,1,54787,54356,431
801641,3.60102,10.4179,422,433620,0.193188,0.16,1,54791,54369,422
804561,2.3202,2.08358,424,435080,0.198638,0.16,1,54793,54369,424
807481,2.06404,0.416717,426,436540,0.167728,0.16,1,54795,54369,426
810401,2.01281,0.0833434,428,438000,0.129546,0.16,1,54797,54369,428
813321,2.00256,0.0166687,430,439460,0.0899091,0.16,1,54799,54369,430
815361,2.00051,0.00333373,432,440920,0.209982,0,1,54801,54369,432
818281,2.0001,7.20067,425,442380,0.209996,0,1,54803,54378,425
821201,2.00002,1.44013,427,443840,0.169999,0,1,54805,54378,427
823681,2,0.288027,429,445300,0.13,0,1,54807,54378,429
826601,56.4,61.6576,422,446760,0.026,0,1,54877,54455,422
829521,12.88,12.3315,424,448220,0.00519999,0,1,54879,54455,424
832441,4.176,2.4663,426,449680,0.00104,0,1,54881,54455,426
834081,1.6352,0.493261,427,451140,0.000208,0.14,1,54882,54455,427
837001,4.32704,8.09865,422,452600,4.15999e-05,0.14,1,54887,54465,422
839921,2.46541,1.61973,424,454060,8.31999e-06,0.14,1,54889,54465,424
841781,8.49308,0.323946,434,455520,1.664e-06,0.06,1,54899,54465,434
843441,3.29862,9.66479,424,456980,3.32799e-07,0.08,1,54901,54477,424
845941,176.66,155.533,452,458440,6.65599e-08,0,1,55121,54669,452
848021,48.1319,53.5066,440,459900,0.064,0.12,1,55137,54697,440
850941,11.2264,25.9013,423,461360,0.0448,0.12,1,55139,54716,423
853861,3.84528,5.18026,425,462820,0.02496,0.12,1,55141,54716,425
856781,2.36906,1.03605,427,464280,0.148992,0.12,1,55143,54716,427
859701,2.07381,0.207211,429,465740,0.141798,0.12,1,55145,54716,429
861541,2.81476,0.0414421,432,467200,0.0923597,0.18,1,55148,54716,432
863621,7.76295,8.00829,431,468660,0.0184719,0.02,1,55157,54726,431
866541,3.15259,9.60166,423,470120,0.131694,0.02,1,55159,54736,423
868401,1.43052,1.92033,424,471580,0.138339,0.02,1,55160,54736,424
871321,12.2861,11.5841,425,473040,0.0756678,0.02,1,55175,54750,425
874241,4.05722,2.31681,427,474500,0.0311336,0.02,1,55177,54750,427
877161,2.41144,0.463363,429,475960,0.00622671,0.02,1,55179,54750,429
879841,2.08229,0.0926725,431,477420,0.00124534,0.15,1,55181,54750,431
882761,3.61646,10.4185,422,478880,0.000249068,0.15,1,55185,54763,422
885681,2.32329,2.08371,424,480340,4.98137e-05,0.15,1,55187,54763,424
888601,2.06466,0.416741,426,481800,9.96274e-06,0.15,1,55189,54763,426
891521,2.01293,0.0833483,428,483260,1.99255e-06,0.15,1,55191,54763,428
894441,2.00259,0.0166697,430,484720,0.0640004,0.15,1,55193,54763,430
897361,2.00052,0.00333393,432,486180,0.1488,0.15,1,55195,54763,432
900021,2.8001,0.000666786,435,487640,0.12576,0.18,1,55198,54763,435
902941,2.16002,11.2001,423,489100,0.089152,0.18,1,55200,54777,423
905861,2.032,2.24003,425,490560,0.0498304,0.18,1,55202,54777,425
908781,2.0064,0.448005,427,492020,0.00996608,0.18,1,55204,54777,427
911701,2.00128,0.089601,429,493480,0.00199322,0.18,1,55206,54777,429
914621,2.00026,0.0179202,431,494940,0.208399,0.18,1,55208,54777,431
916661,5.20005,0.00358404,437,496400,0.15368,0.28,1,55214,54777,437
919581,2.64001,9.60072,427,497860,0.230736,0.28,1,55216,54789,427
922501,2.128,1.92014,429,499320,0.214147,0.28,1,55218,54789,429
925421,2.0256,0.384029,431,500780,0.178829,0.28,1,55220,54789,431
928341,2.00512,0.0768057,433,502240,0.219766,0.28,1,55222,54789,433
931221,2.00102,0.0153611,435,503700,0.195953,0.1,1,55224,54789,435
934141,2.0002,7.20307,428,505160,0.159191,0.1,1,55226,54798,428
937061,2.00004,1.44061,430,506620,0.119838,0.1,1,55228,54798,430
939981,2.00001,0.288123,432,508080,0.215968,0.1,1,55230,54798,432
942661,2,0.0576246,434,509540,0.203194,0.23,1,55232,54798,434
945581,2,8.81153,425,511000,0.160639,0.23,1,55234,54809,425
948501,2,1.7623,427,512460,0.120128,0.23,1,55236,54809,427
951421,2,0.352461,429,513920,0.232026,0.23,1,55238,54809,429
954341,2,0.0704922,431,515380,0.222405,0.23,1,55240,54809,431
956181,59.6,0.0140984,505,516840,0.044481,0,1,55314,54809,505
959101,13.52,67.2028,423,518300,0.0088962,0,1,55316,54893,423
962021,4.304,13.4406,425,519760,0.00177924,0,1,55318,54893,425
964941,2.4608,2.68811,427,521220,0.000355848,0,1,55320,54893,427
967861,2.09216,0.537622,429,522680,7.11696e-05,0,1,55322,54893,429
970321,2.01843,0.107524,431,524140,1.42339e-05,0,1,55324,54893,431
972401,2.00369,6.4215,425,525600,2.84678e-06,0.09,1,55326,54901,425
974481,8.40074,9.2843,425,527060,0.0640006,0.02,1,55336,54911,425
976561,174.48,176.257,423,528520,0.0608001,0.1,1,55552,55129,423
979481,48.496,49.6514,422,529980,0.02816,0.1,1,55569,55147,422
982401,11.2992,9.93027,424,531440,0.005632,0.1,1,55571,55147,424
985321,3.85984,1.98605,426,532900,0.145126,0.1,1,55573,55147,426
988241,2.37197,0.397211,428,534360,0.141025,0.1,1,55575,55147,428
990081,1.27439,0.0794422,429,535820,0.124205,0.02,1,55576,55147,429
992161,1.85488,6.41589,423,537280,0.088841,0.08,1,55578,55155,423
995081,5.97098,7.68318,422,538740,0.0817682,0.08,1,55585,55163,422
998001,2.7942,1.53664,424,540200,0.0483536,0.08,1,55587,55163,424
1000901,12.5588,0.307327,439,541660,0.185671,0,1,55602,55163,439
1003821,4.11177,14.4615,423,543120,0.181134,0,1,55604,55181,423
1006741,2.42235,2.89229,425,544580,0.148227,0,1,55606,55181,425
1009221,10.0845,0.578459,437,546040,0.125645,0.13,1,55618,55181,437
1012141,3.61689,12.9157,423,547500,0.0891291,0.13,1,55620,55197,423
1015061,2.32338,2.58314,425,548960,0.0498258,0.13,1,55622,55197,425
1017981,2.06468,0.516628,427,550420,0.00996516,0.13,1,55624,55197,427
1020901,2.01294,0.103326,429,551880,0.00199303,0.13,1,55626,55197,429
1023821,2.00259,0.0206651,431,553340,0.000398606,0.13,1,55628,55197,431
1026741,2.00052,0.00413302,433,554800,0.0640797,0.13,1,55630,55197,433
1028981,2.0001,0.000826604,435,556260,0.0448159,0,1,55632,55197,435
1031901,2.00002,6.40017,429,557720,0.00896319,0,1,55634,55205,429
1034821,2,1.28003,431,559180,0.00179264,0,1,55636,55205,431
1037741,2,0.256007,433,560640,0.000358527,0,1,55638,55205,433
1040421,2,0.0512013,435,562100,7.17055e-05,0.22,1,55640,55205,435
1043341,2,4.01024,432,563560,1.43411e-05,0.22,1,55642,55210,432
1045201,1.2,0.802048,433,565020,0.208003,0.21,1,55643,55210,433
1048121,3.44,6.56041,429,566480,0.185601,0.21,1,55647,55218,429
1050401,3.088,1.31208,432,567940,0.13312,0.13,1,55650,55218,432
1053321,3.0176,7.46242,426,569400,0.074624,0.13,1,55653,55227,426
1056241,2.20352,1.49248,428,570860,0.0309248,0.13,1,55655,55227,428
1059161,2.0407,0.298497,430,572320,0.198185,0.13,1,55657,55227,430
1062081,2.00814,0.0596993,432,573780,0.199637,0.13,1,55659,55227,432
1064961,2.00163,0.0119399,434,575240,0.167927,0.29,1,55661,55227,434
1067881,2.00033,8.00239,426,576700,0.129585,0.29,1,55663,55237,426
1070801,2.00007,1.60048,428,578160,0.0899171,0.29,1,55665,55237,428
1073721,2.00001,0.320095,430,579620,0.193983,0.29,1,55667,55237,430
1076641,2,0.0640191,432,581080,0.182797,0.29,1,55669,55237,432
1079521,2,0.0128038,434,582540,0.164559,0.1,1,55671,55237,434
1082441,2,7.20256,427,584000,0.128912,0.1,1,55673,55246,427
1084721,2,1.44051,429,585460,0.0897824,0,1,55675,55246,429
1087641,55.6,61.0881,422,586920,0.0179565,0,1,55744,55322,422
1090561,12.72,12.2176,424,588380,0.00359129,0,1,55746,55322,424
1093481,4.144,2.44352,426,589840,0.0167183,0,1,55748,55322,426
1095121,1.6288,0.488705,427,591300,0.00334365,0.14,1,55749,55322,427
1098041,4.32576,8.09774,422,592760,0.00066873,0.14,1,55754,55332,422
1100961,2.46515,1.61955,424,594220,0.000133746,0.14,1,55756,55332,424
1103441,2.09303,0.32391,426,595680,2.67492e-05,0,1,55758,55332,426
1105521,4.41861,7.26478,422,597140,5.34984e-06,0.14,1,55763,55341,422
1107601,174.484,175.053,422,598600,0.112001,0.08,1,55980,55558,422
1110521,56.4967,56.6106,422,600060,0.0224002,0.08,1,56007,55585,422
1113441,12.8993,11.3221,424,601520,0.00448004,0.08,1,56009,55585,424
1116361,4.17987,2.26442,426,602980,0.096896,0.08,1,56011,55585,426
1119281,2.43597,0.452885,428,604440,0.0833792,0.08,1,56013,55585,428
1122201,2.08719,0.0905769,430,605900,0.0486758,0.08,1,56015,55585,430
1124661,5.21744,0.0181154,436,607360,0.00973517,0,1,56021,55585,436
1127581,2.64349,3.20362,434,608820,0.00194703,0,1,56023,55589,434
1129861,4.5287,0.640725,439,610280,0.112389,0.13,1,56028,55589,439
1132781,2.50574,14.5281,423,611740,0.0864779,0.13,1,56030,55607,423
1135701,2.10115,2.90563,425,613200,0.0492956,0.13,1,56032,55607,425
1137761,2.02023,0.581126,427,614660,0.00985911,0.04,1,56034,55607,427
1140681,16.404,20.1162,422,616120,0.0819718,0.04,1,56054,55632,422
1143601,4.88081,4.02324,424,617580,0.0643944,0.04,1,56056,55632,424
1146521,2.57616,0.804649,426,619040,0.0288789,0.04,1,56058,55632,426
1149441,2.11523,0.16093,428,620500,0.0857758,0.04,1,56060,55632,428
1152361,2.02305,0.032186,430,621960,0.0651552,0.04,1,56062,55632,430
1155281,2.00461,0.00643719,432,623420,0.029031,0.04,1,56064,55632,432
1157521,2.00092,0.00128744,434,624880,0.00580621,0.22,1,56066,55632,434
1160441,2.00018,10.4003,423,626340,0.00116124,0.22,1,56068,55645,423
1163361,2.00004,2.08005,425,627800,0.000232248,0.22,1,56070,55645,425
1166281,2.00001,0.41601,427,629260,4.64496e-05,0.22,1,56072,55645,427
1169201,2,0.083202,429,630720,9.28993e-06,0.22,1,56074,55645,429
1172121,2,0.0166404,431,632180,1.85799e-06,0.22,1,56076,55645,431
1175041,2,0.00332808,433,633640,0.16,0.22,1,56078,55645,433
1177701,2.8,0.000665616,436,635100,0.2,0.02,1,56081,55645,436
1180621,3.76,8.00013,430,636560,0.144,0.02,1,56085,55655,430
1183521,3.152,1.60003,433,638020,0.0848,0.08,1,56088,55655,433
1186441,3.0304,8.32001,426,639480,0.18496,0.08,1,56091,55665,426
1189361,2.20608,1.664,428,640940,0.180992,0.08,1,56093,55665,428
1192281,2.04122,0.3328,430,642400,0.148198,0.08,1,56095,55665,430
1195201,2.00824,0.06656,432,643860,0.10964,0.08,1,56097,55665,432
1198081,2.00165,0.013312,434,645320,0.125928,0.12,1,56099,55665,434
1201001,2.00033,6.40266,428,646780,0.0971856,0.12,1,56101,55673,428
1203921,2.00007,1.28053,430,648240,0.0674371,0.12,1,56103,55673,430
1206841,2.00001,0.256106,432,649700,0.189487,0.12,1,56105,55673,432
1209761,2,0.0512213,434,651160,0.189897,0.12,1,56107,55673,434
1212021,5.2,0.0102443,440,652620,0.0939795,0.27,1,56113,55673,440
1214941,2.64,8.80205,431,654080,0.250796,0.27,1,56115,55684,431
1217221,49.328,1.76041,492,655540,0.0501592,0,1,56176,55684,492
1220141,11.4656,57.1521,423,657000,0.0100318,0,1,56178,55755,423
1223061,3.89312,11.4304,425,658460,0.00200637,0,1,56180,55755,425
1225981,2.37862,2.28608,427,659920,0.000401273,0,1,56182,55755,427
1228241,2.07572,0.457217,429,661380,8.02547e-05,0.14,1,56184,55755,429
1231161,4.41514,9.69144,422,662840,1.60509e-05,0.14,1,56189,55767,422
1234081,2.48303,1.93829,424,664300,3.21019e-06,0.14,1,56191,55767,424
1236561,2.09661,0.387658,426,665760,6.42037e-07,0.14,1,56193,55767,426
1238641,174.019,176.878,422,667220,1.28407e-07,0.06,1,56410,55988,422
1241561,57.2039,56.1755,424,668680,0.048,0.06,1,56438,56014,424
1244481,13.0408,11.2351,426,670140,0.0976,0.06,1,56440,56014,426
1247401,4.20815,2.24702,428,671600,0.08352,0.06,1,56442,56014,428
1250081,2.44163,0.449404,430,673060,0.048704,0.19,1,56444,56014,430
1253001,3.68833,8.08988,424,674520,0.0097408,0.19,1,56448,56024,424
1255921,3.93767,1.61798,428,675980,0.00194816,0.19,1,56452,56024,428
1258401,2.38753,0.323595,430,677440,0.0803896,0.05,1,56454,56024,430
1261321,7.67751,13.6647,422,678900,0.0160779,0.05,1,56463,56041,422
1264241,3.1355,2.73294,424,680360,0.0672156,0.05,1,56465,56041,424
1267161,2.2271,0.546589,426,681820,0.0454431,0.05,1,56467,56041,426
1268801,1.24542,0.109318,427,683280,0.0810886,0,1,56468,56041,427
1271721,16.2491,20.0219,422,684740,0.0162177,0,1,56488,56066,422
1274641,4.84982,4.00437,424,686200,0.00324354,0,1,56490,56066,424
1277561,2.56996,0.800874,426,687660,0.000648709,0,1,56492,56066,426
1280481,2.11399,0.160175,428,689120,0.0801297,0,1,56494,56066,428
1283401,2.0228,0.032035,430,690580,0.064026,0,1,56496,56066,430
1285441,2.00456,0.00640699,432,692040,0.0288052,0,1,56498,56066,432
1288361,2.00091,2.40128,431,693500,0.00576104,0,1,56500,56069,431
1290641,2.00018,0.480256,433,694960,0.00115221,0.23,1,56502,56069,433
1293561,2.00004,8.89605,424,696420,0.000230441,0.23,1,56504,56080,424
1296481,2.00001,1.77921,426,697880,4.60883e-05,0.23,1,56506,56080,426
1299401,2,0.355842,428,699340,9.21766e-06,0.23,1,56508,56080,428
1302321,2,0.0711684,430,700800,0.176002,0.23,1,56510,56080,430
1305201,2,0.0142337,432,702260,0.1792,0.18,1,56512,56080,432
1308121,5.2,10.4028,425,703720,0.13984,0.18,1,56518,56093,425
1311041,2.64,2.08057,427,705180,0.099968,0.18,1,56520,56093,427
1313961,2.128,0.416114,429,706640,0.0679936,0.18,1,56522,56093,429
1316641,2.0256,0.0832228,431,708100,0.0295987,0.24,1,56524,56093,431
1319561,3.60512,8.81664,424,709560,0.14992,0.24,1,56528,56104,424
1322481,2.32102,1.76333,426,711020,0.141984,0.24,1,56530,56104,426
1325401,2.0642,0.352666,428,712480,0.164397,0.24,1,56532,56104,428
1328321,2.01284,0.0705331,430,713940,0.136879,0.24,1,56534,56104,430
1331241,2.00257,0.0141066,432,715400,0.0993759,0.24,1,56536,56104,432
1334161,2.00051,0.00282133,434,716860,0.0678752,0.24,1,56538,56104,434
1335781,2.0001,0.000564265,436,718320,0.189575,0.2,1,56540,56104,436
1338701,2.00002,12.0001,423,719780,0.189915,0.2,1,56542,56119,423
1341621,2,2.40002,425,721240,0.157983,0.2,1,56544,56119,425
1344541,2,0.480004,427,722700,0.119597,0.2,1,56546,56119,427
1347221,51.6,0.0960009,491,724160,0.0239193,0,1,56610,56119,491
1350141,11.92,56.0192,423,725620,0.00478386,0,1,56612,56189,423
1353061,3.984,11.2038,425,727080,0.000956773,0,1,56614,56189,425
1355981,2.3968,2.24077,427,728540,0.000191355,0,1,56616,56189,427
1358901,2.07936,0.448154,429,730000,0.0160383,0,1,56618,56189,429
1360741,1.21587,0.0896307,430,731460,0.00320765,0,1,56619,56189,430
1363661,1.84317,7.21793,423,732920,0.000641531,0,1,56621,56198,423
1366581,1.96863,1.44359,425,734380,0.000128306,0,1,56623,56198,425
1367601,161.194,0.288717,626,735840,2.56612e-05,0.14,1,56824,56198,626
1369681,45.8387,172.058,428,735840,5.13224e-06,0.06,1,56841,56413,428
1372601,28.3677,58.4115,422,737300,0.056001,0.06,1,56865,56443,422
1375521,7.27355,11.6823,424,738760,0.0272002,0.06,1,56867,56443,424
1378001,3.05471,2.33646,426,740220,0.00544004,0.1,1,56869,56443,426
1380921,5.41094,8.46729,422,741680,0.049088,0.1,1,56875,56453,422
1383841,2.68219,1.69346,424,743140,0.0258176,0.1,1,56877,56453,424
1386321,2.13644,0.338692,426,744600,0.00516352,0.1,1,56879,56453,426
1389241,6.02729,8.86774,422,746060,0.0170327,0.1,1,56886,56464,422
1391521,2.80546,1.77355,424,747520,0.00340654,0.06,1,56888,56464,424
1394441,2.16109,1.95471,424,748980,0.000681308,0.06,1,56890,56466,424
1396101,2.83222,0.390942,427,750440,0.000136262,0.02,1,56893,56466,427
1399021,2.16644,4.87819,423,751900,2.72523e-05,0.02,1,56895,56472,423
1401301,20.4333,0.975638,448,753360,5.45046e-06,0,1,56920,56472,448
1404221,5.68666,21.7951,423,754820,1.09009e-06,0,1,56922,56499,423
1407141,2.73733,4.35903,425,756280,2.18019e-07,0,1,56924,56499,425
1410061,2.14747,0.871805,427,757740,4.36037e-08,0,1,56926,56499,427
1412981,2.02949,0.174361,429,759200,0.08,0,1,56928,56499,429
1415901,2.0059,0.0348722,431,760660,0.064,0,1,56930,56499,431
1417941,2.00118,0.00697444,433,762120,0.0288,0,1,56932,56499,433
1420861,2.00024,3.20139,431,763580,0.00576,0,1,56934,56503,431
1423141,3.60005,0.640279,435,765040,0.049152,0.15,1,56938,56503,435
1426061,2.32001,11.3281,423,766500,0.0818304,0.15,1,56940,56517,423
1428981,2.064,2.26561,425,767960,0.0643661,0.15,1,56942,56517,425
1431901,2.0128,0.453122,427,769420,0.0288732,0.15,1,56944,56517,427
1434821,2.00256,0.0906244,429,770880,0.00577464,0.15,1,56946,56517,429
1437701,6.00051,0.0181249,436,772340,0.00115493,0.18,1,56953,56517,436
1440621,4.4001,8.80363,429,773800,0.000230986,0.18,1,56957,56528,429
1443541,2.48002,1.76072,431,775260,0.128046,0.18,1,56959,56528,431
1446461,2.096,0.352145,433,776720,0.121609,0.18,1,56961,56528,433
1449141,2.0192,0.070429,435,778180,0.0883218,0.06,1,56963,56528,435
1452061,2.00384,8.01409,427,779640,0.0496644,0.06,1,56965,56538,427
1454981,2.00077,1.60282,429,781100,0.0579329,0.06,1,56967,56538,429
1457901,2.00015,0.320563,431,782560,0.0675866,0.06,1,56969,56538,431
1460821,2.00003,0.0641127,433,784020,0.0455173,0.06,1,56971,56538,433
1463701,2.00001,0.0128225,435,785480,0.0731035,0.25,1,56973,56538,435
1466621,2,8.80256,426,786940,0.0466207,0.25,1,56975,56549,426
1469541,2,1.76051,428,788400,0.00932414,0.25,1,56977,56549,428
1472461,2,0.352103,430,789860,0.00186483,0.25,1,56979,56549,430
1474721,2,0.0704205,432,791320,0.152373,0,1,56981,56549,432
1477641,49.2,56.8141,422,792780,0.0304746,0,1,57042,56620,422
1480561,11.44,11.3628,424,794240,0.00609492,0,1,57044,56620,424
1483481,3.888,2.27256,426,795700,0.00121898,0,1,57046,56620,426
1486401,2.3776,0.454513,428,797160,0.000243797,0,1,57048,56620,428
1489321,2.07552,0.0909025,430,798620,4.87593e-05,0,1,57050,56620,430
1491361,2.0151,0.0181805,432,800080,9.75187e-06,0.2,1,57052,56620,432
1494281,2.00302,9.60364,422,801540,1.95037e-06,0.2,1,57054,56632,422
1497201,2.0006,1.92073,424,803000,3.90075e-07,0.2,1,57056,56632,424
1498641,157.2,0.384145,620,804460,7.80149e-08,0.06,1,57252,56632,620
1500721,52.24,175.277,427,805920,0.096,0.14,1,57278,56851,427
1503641,22.448,51.0554,422,807380,0.0192,0.14,1,57293,56871,422
1506561,6.0896,10.2111,424,808840,0.11584,0.14,1,57295,56871,424
1509041,2.81792,2.04221,426,810300,0.103168,0.04,1,57297,56871,426
1511961,8.56358,11.6084,422,811760,0.124634,0.04,1,57307,56885,422
1514881,3.31272,2.32169,424,813220,0.0969267,0.04,1,57309,56885,424
1517361,2.26254,0.464338,426,814680,0.0593853,0.12,1,57311,56885,426
1520281,9.25251,12.0929,422,816140,0.0118771,0.12,1,57322,56900,422
1523201,3.4505,2.41857,424,817600,0.00237541,0.12,1,57324,56900,424
1526121,2.2901,0.483715,426,819060,0.000475083,0.12,1,57326,56900,426
1529041,2.05802,0.0967429,428,820520,9.50165e-05,0.12,1,57328,56900,428
1531301,14.8116,0.0193486,446,821980,0.016019,0,1,57346,56900,446
1534221,4.56232,20.0039,423,823440,0.0352038,0,1,57348,56925,423
1537141,2.51246,4.00077,425,824900,0.00704076,0,1,57350,56925,425
1539621,2.10249,0.800155,427,826360,0.00140815,0.08,1,57352,56925,427
1542541,2.0205,3.36003,425,827820,0.00028163,0.08,1,57354,56929,425
1544821,2.8041,0.672006,428,829280,5.63261e-05,0.09,1,57357,56929,428
1547741,2.16082,5.7344,423,830740,1.12652e-05,0.09,1,57359,56936,423
1550661,2.03216,1.14688,425,832200,0.0640023,0.09,1,57361,56936,425
1553141,6.00643,0.229376,432,833660,0.1248,0.1,1,57368,56936,432
1556061,2.80129,8.84588,423,835120,0.10496,0.1,1,57370,56947,423
1558981,2.16026,1.76917,425,836580,0.068992,0.1,1,57372,56947,425
1561901,2.03205,0.353835,427,838040,0.117798,0.1,1,57374,56947,427
1564821,2.00641,0.070767,429,839500,0.0875597,0.1,1,57376,56947,429
1566661,4.40128,0.0141534,434,840960,0.0175119,0,1,57381,56947,434
1568321,1.68026,8.00283,425,842420,0.00350239,0.12,1,57382,56957,425
1571241,1.93605,4.80057,423,843880,0.000700477,0.12,1,57384,56961,423
1574161,1.98721,0.960113,425,845340,0.000140095,0.12,1,57386,56961,425
1576021,5.19744,0.192023,431,846800,0.128028,0.05,1,57392,56961,431
1578941,2.63949,7.2384,424,848260,0.121606,0.05,1,57394,56970,424
1581861,2.1279,1.44768,426,849720,0.0883211,0.05,1,57396,56970,426
1584781,2.02558,0.289536,428,851180,0.0496642,0.05,1,57398,56970,428
1587701,2.00512,0.0579072,430,852640,0.00993284,0.05,1,57400,56970,430
1589541,1.20102,0.0115814,431,854100,0.00198657,0.02,1,57401,56970,431
1592461,1.8402,4.80232,427,855560,0.000397314,0.02,1,57403,56976,427
1595381,1.96804,0.960463,429,857020,0.168079,0.02,1,57405,56976,429
1597441,1.99361,0.192093,431,858480,0.169616,0.23,1,57407,56976,431
1600361,3.59872,8.03842,425,859940,0.113923,0.23,1,57411,56986,425
1603281,2.31974,1.60768,427,861400,0.0707846,0.23,1,57413,56986,427
1605761,2.06395,0.321537,429,862860,0.0301569,0,1,57415,56986,429
1608681,46.8128,52.0643,422,864320,0.00603139,0,1,57473,57051,422
1611601,10.9626,10.4129,424,865780,0.0172063,0,1,57475,57051,424
1614521,3.79251,2.08257,426,867240,0.00344126,0,1,57477,57051,426
1617441,2.3585,0.416514,428,868700,0.000688251,0,1,57479,57051,428
1620321,2.0717,0.0833029,430,870160,0.00013765,0.18,1,57481,57051,430
1623241,2.01434,8.01666,422,871620,2.753e-05,0.18,1,57483,57061,422
1626161,2.00287,1.60333,424,873080,5.50601e-06,0.18,1,57485,57061,424
1629061,159.601,0.320666,623,874540,1.1012e-06,0.16,1,57684,57061,623
1631141,56.7201,158.464,456,876000,0.112,0,1,57715,57259,456
1633221,17.744,58.8928,430,877460,0.1024,0.14,1,57723,57293,430
1635301,6.7488,13.3786,432,878920,0.03648,0.14,1,57727,57295,432
1638221,2.94976,11.4757,423,880380,0.007296,0.14,1,57729,57306,423
1640081,1.38995,2.29514,424,881840,0.0014592,0.04,1,57730,57306,424
1643001,10.678,10.859,424,883300,0.0482918,0.04,1,57743,57319,424
1645921,5.3356,2.17181,428,884760,0.0896584,0.04,1,57747,57319,428
1648401,2.66712,0.434361,430,886220,0.0659317,0,1,57749,57319,430
1651321,3.73342,7.28687,425,887680,0.0131863,0,1,57753,57328,425
1654241,2.34668,1.45737,427,889140,0.00263727,0,1,57755,57328,427
1656721,2.06934,0.291475,429,890600,0.000527453,0.08,1,57757,57328,429
1659641,2.01387,6.4583,423,892060,0.000105491,0.08,1,57759,57336,423
1661301,14.0028,1.29166,440,893520,0.0400211,0,1,57776,57336,440
1664221,4.40055,15.4583,423,894980,0.0240042,0,1,57778,57355,423
1667141,2.48011,3.09167,425,896440,0.00480084,0,1,57780,57355,425
1670061,2.09602,0.618333,427,897900,0.000960169,0,1,57782,57355,427
1672981,2.0192,0.123667,429,899360,0.000192034,0,1,57784,57355,429
1674821,1.20384,0.0247333,430,900820,3.84067e-05,0.06,1,57785,57355,430
1677741,1.84077,5.60495,425,902280,7.68135e-06,0.06,1,57787,57362,425
1680661,1.96815,1.12099,427,903740,1.53627e-06,0.06,1,57789,57362,427
1683141,9.99363,0.224198,439,905200,0.144,0,1,57801,57362,439
1686061,3.59873,14.4448,423,906660,0.1408,0,1,57803,57380,423
1688981,2.31975,2.88897,425,908120,0.10816,0,1,57805,57380,425
1691901,2.06395,0.577794,427,909580,0.069632,0,1,57807,57380,427
1694821,2.01279,0.115559,429,911040,0.0299264,0,1,57809,57380,429
1696661,8.40256,0.0231117,439,912500,0.00598528,0.12,1,57819,57380,439
1699581,3.28051,11.2046,427,913960,0.0971971,0.12,1,57821,57394,427
1702501,2.2561,2.24092,429,915420,0.123439,0.12,1,57823,57394,429
1705421,2.05122,0.448185,431,916880,0.0966879,0.12,1,57825,57394,431
1708101,2.81024,0.089637,434,918340,0.0353376,0.17,1,57828,57394,434
1711021,2.16205,10.4179,423,919800,0.00706751,0.17,1,57830,57407,423
1713941,2.03241,2.08359,425,921260,0.0814135,0.17,1,57832,57407,425
1716861,2.00648,0.416717,427,922720,0.0642827,0.17,1,57834,57407,427
1719781,2.0013,0.0833434,429,924180,0.116857,0.17,1,57836,57407,429
1722701,2.00026,0.0166687,431,925640,0.103371,0.17,1,57838,57407,431
1725621,2.00005,0.00333374,433,927100,0.0686743,0.17,1,57840,57407,433
1727861,2.00001,0.000666747,435,928560,0.0297349,0.04,1,57842,57407,435
1730781,2,5.60013,430,930020,0.00594697,0.04,1,57844,57414,430
1733681,2,1.12003,432,931480,0.0971894,0.23,1,57846,57414,432
1736601,5.2,8.22401,428,932940,0.0194379,0.23,1,57852,57424,428
1738261,41.84,1.6448,479,934400,0.00388758,0,1,57903,57424,479
1741181,9.968,46.729,423,935860,0.000777515,0,1,57905,57482,423
1744101,3.5936,9.34579,425,937320,0.0161555,0,1,57907,57482,425
1747021,2.31872,1.86916,427,938780,0.0032311,0,1,57909,57482,427
1749941,2.06374,0.373832,429,940240,0.00064622,0,1,57911,57482,429
1752821,6.01275,0.0747663,436,941700,0.000129244,0.1,1,57918,57482,436
1755741,2.80255,12.015,423,943160,2.58488e-05,0.1,1,57920,57497,423
1758021,159.761,2.40299,622,944620,0.0800052,0.04,1,58119,57497,622
1759681,32.7521,161.281,422,946080,0.080001,0.1,1,58120,57698,422
1761761,26.5504,52.2561,422,947540,0.152,0.02,1,58145,57723,422
1764681,14.9101,19.2512,423,949000,0.1104,0.02,1,58157,57734,423
1767601,4.58202,3.85024,425,950460,0.07008,0.02,1,58159,57734,425
1770521,2.5164,0.770049,427,951920,0.030016,0.02,1,58161,57734,427
1772581,7.70328,0.15401,436,953380,0.150003,0.06,1,58170,57734,436
1775501,3.14066,12.0308,423,954840,0.198001,0.06,1,58172,57749,423
1777781,7.02813,2.40616,431,956300,0.1116,0,1,58180,57749,431
1780701,3.00563,8.48123,423,957760,0.06232,0,1,58182,57759,423
1783621,2.20113,1.69625,425,959220,0.052464,0,1,58184,57759,425
1786541,2.04023,0.339249,427,960680,0.0504928,0,1,58186,57759,427
1789221,4.40804,0.0678498,432,962140,0.0100986,0.17,1,58191,57759,432
1791301,9.68161,8.81357,432,963600,0.0500197,0,1,58202,57770,432
1794221,5.13632,9.76271,426,965060,0.0820039,0,1,58206,57780,426
1796501,5.02726,1.95254,431,966520,0.0164008,0,1,58211,57780,431
1799421,2.60545,7.59051,424,967980,0.00328016,0,1,58213,57789,424
1802341,2.12109,1.5181,426,969440,0.000656031,0,1,58215,57789,426
1805261,2.02422,0.30362,428,970900,0.000131206,0,1,58217,57789,428
1808181,2.00484,0.0607241,430,972360,2.62413e-05,0,1,58219,57789,430
1810021,1.20097,0.0121448,431,973820,5.24825e-06,0.21,1,58220,57789,431
1811681,1.04019,8.00243,422,975280,1.04965e-06,0.02,1,58221,57799,422
1814601,8.20804,9.60049,422,976740,0.0320002,0.02,1,58231,57809,422
1817521,3.24161,1.9201,424,978200,0.1744,0.02,1,58233,57809,424
1820441,2.24832,0.384019,426,979660,0.17888,0.02,1,58235,57809,426
1822081,1.24966,0.0768039,427,981120,0.163776,0,1,58236,57809,427
1825001,1.84993,2.41536,426,982580,0.128755,0,1,58238,57812,426
1826661,8.36999,0.483072,436,984040,0.025751,0.11,1,58248,57812,436
1829581,3.274,9.69661,426,985500,0.10115,0.11,1,58250,57824,426
1832501,2.2548,1.93932,428,986960,0.08423,0.11,1,58252,57824,428
1834981,2.85096,0.387865,431,988420,0.032846,0.06,1,58255,57824,431
1837901,2.17019,8.07757,423,989880,0.0065692,0.06,1,58257,57834,423
1840821,2.03404,1.61551,425,991340,0.0173138,0.06,1,58259,57834,425
1843741,2.00681,0.323103,427,992800,0.00346277,0.06,1,58261,57834,427
1846421,5.20136,0.0646206,433,994260,0.152693,0.12,1,58267,57834,433
1849341,2.64027,9.61292,423,995720,0.150539,0.12,1,58269,57846,423
1852261,2.12805,1.92258,425,997180,0.126108,0.12,1,58271,57846,425
1855181,2.02561,0.384517,427,998640,0.0892215,0.12,1,58273,57846,427
1858101,2.00512,0.0769034,429,1000100,0.0498443,0.12,1,58275,57846,429
1861021,2.00102,0.0153807,431,1001560,0.00996886,0.12,1,58277,57846,431
1863061,2.0002,0.00307613,433,1003020,0.0659938,0.2,1,58279,57846,433
1865981,2.00004,9.60062,423,1004480,0.0451988,0.2,1,58281,57858,423
1868261,42,1.92012,475,1005940,0.00903975,0,1,58333,57858,475
1871181,10,43.584,423,1007400,0.00180795,0,1,58335,57912,423
1874101,3.6,8.7168,425,1008860,0.00036159,0,1,58337,57912,425
1877021,2.32,1.74336,427,1010320,7.2318e-05,0,1,58339,57912,427
1879941,2.064,0.348672,429,1011780,0.0160145,0,1,58341,57912,429
1881781,6.8128,0.0697344,437,1013240,0.0832029,0.08,1,58349,57912,437
1884701,2.96256,12.8139,423,1014700,0.0646406,0.08,1,58351,57928,423
1886561,1.39251,2.56279,424,1016160,0.0449281,0.18,1,58352,57928,424
1889481,169.079,163.713,431,1017620,0.00898562,0.18,1,58563,58132,431
1892181,41.8157,32.7425,441,1019080,0.113797,0.19,1,58573,58132,441
1894261,21.1631,22.5485,437,1020540,0.166759,0.04,1,58589,58152,437
1897181,5.83263,10.9097,431,1022000,0.145352,0.04,1,58591,58160,431
1899461,2.76653,2.18194,433,1023460,0.10907,0,1,58593,58160,433
1901121,1.35331,5.23639,428,1024920,0.0938141,0.21,1,58594,58166,428
1903201,1.87066,5.84728,424,1026380,0.0587628,0.15,1,58596,58172,424
1906121,1.97413,3.56946,423,1027840,0.115753,0.15,1,58598,58175,423
1907781,6.79483,0.713891,431,1029300,0.0231505,0.07,1,58606,58175,431
1910701,2.95897,8.14278,423,1030760,0.0526301,0.07,1,58608,58185,423
1913621,2.19179,1.62856,425,1032220,0.026526,0.07,1,58610,58185,425
1916101,6.03836,0.325711,432,1033680,0.0853052,0,1,58617,58185,432
1919021,3.60767,5.66514,428,1035140,0.049061,0,1,58620,58192,428
1921301,10.3215,1.13303,440,1036600,0.00981221,0,1,58632,58192,440
1924221,3.66431,15.4266,423,1038060,0.00196244,0,1,58634,58211,423
1926501,8.73286,3.08532,433,1039520,0.0403925,0,1,58644,58211,433
1929421,3.34657,8.61706,425,1040980,0.0080785,0,1,58646,58221,425
1932341,2.26931,1.72341,427,1042440,0.0336157,0,1,58648,58221,427
1935261,2.05386,0.344683,429,1043900,0.00672314,0,1,58650,58221,429
1938181,2.01077,0.0689365,431,1045360,0.00134463,0,1,58652,58221,431
1940641,2.00215,0.0137873,433,1046820,0.000268926,0.08,1,58654,58221,433
1942721,2.00043,6.40276,427,1048280,0.0160538,0.12,1,58656,58229,427
1945641,3.60009,8.48055,422,1049740,0.00321076,0.12,1,58660,58238,422
1948561,2.32002,1.69611,424,1051200,0.0646422,0.12,1,58662,58238,424
1951481,2.064,0.339222,426,1052660,0.0449284,0.12,1,58664,58238,426
1953121,1.2128,0.0678444,427,1054120,0.144986,0,1,58665,58238,427
1955201,4.24256,8.01357,422,1055580,0.0929971,0,1,58670,58248,422
1958121,9.64851,8.00271,425,1057040,0.0345994,0,1,58681,58256,425
1961041,3.5297,1.60054,427,1058500,0.00691988,0,1,58683,58256,427
1963961,2.30594,0.320109,429,1059960,0.049384,0,1,58685,58256,429
1965601,1.26119,0.0640217,430,1061420,0.0418768,0.19,1,58686,58256,430
1968521,2.65224,8.8128,422,1062880,0.00837536,0.19,1,58689,58267,422
1971441,2.13045,1.76256,424,1064340,0.0816751,0.19,1,58691,58267,424
1973921,2.02609,0.352512,426,1065800,0.064335,0.08,1,58693,58267,426
1976841,2.00522,4.8705,422,1067260,0.028867,0.08,1,58695,58273,422
1979761,2.00104,0.9741,424,1068720,0.0057734,0.08,1,58697,58273,424
1982681,2.00021,0.19482,426,1070180,0.113155,0.08,1,58699,58273,426
1984741,2.00004,0.038964,428,1071640,0.102631,0.09,1,58701,58273,428
1987661,2.00001,4.00779,425,1073100,0.0685262,0.09,1,58703,58278,425
1990581,2,0.801559,427,1074560,0.0297052,0.09,1,58705,58278,427
1993061,2.8,0.160312,430,1076020,0.00594105,0.06,1,58708,58278,430
1995981,2.16,7.23206,423,1077480,0.00118821,0.06,1,58710,58287,423
1998261,39.632,1.44641,472,1078940,0.000237642,0,1,58759,58287,472
2001181,9.5264,41.0893,423,1080400,4.75284e-05,0,1,58761,58338,423
2004101,3.50528,8.21786,425,1081860,9.50567e-06,0,1,58763,58338,425
2006581,2.30106,1.64357,427,1083320,1.90113e-06,0,1,58765,58338,427
2009501,2.06021,3.52871,425,1084780,3.80227e-07,0,1,58767,58342,425
2011781,7.61204,0.705743,434,1086240,7.60454e-08,0.06,1,58776,58342,434
2014701,3.12241,10.5411,423,1087700,1.52091e-08,0.06,1,58778,58355,423
2017601,2.22448,2.10823,425,1089160,3.04181e-09,0.25,1,58780,58355,425
2020521,180.445,175.622,431,1090620,0.128,0.25,1,59005,58574,431
2022801,37.689,35.1243,433,1092080,0.1216,0.06,1,59007,58574,433
2025721,21.1378,29.4249,422,1093540,0.08832,0.06,1,59024,58602,422
2028641,5.82756,5.88497,424,1095000,0.121664,0.06,1,59026,58602,424
2031561,2.76551,1.17699,426,1096460,0.0883328,0.06,1,59028,58602,426
2034481,2.1531,0.235399,428,1097920,0.105667,0.06,1,59030,58602,428
2036321,1.23062,0.0470798,429,1099380,0.0931333,0,1,59031,58602,429
2039241,1.84612,7.20942,422,1100840,0.0666267,0,1,59033,58611,422
2042161,1.96922,1.44188,424,1102300,0.0293253,0,1,59035,58611,424
2044641,1.99384,0.288377,426,1103760,0.109865,0.02,1,59037,58611,426
2047561,9.19877,12.0577,422,1105220,0.085973,0.02,1,59048,58626,422
2049841,3.43975,2.41153,424,1106680,0.0491946,0.06,1,59050,58626,424
2052761,7.08795,8.48231,422,1108140,0.0418389,0.06,1,59058,58636,422
2055041,3.01759,1.69646,424,1109600,0.00836778,0.02,1,59060,58636,424
2057121,6.20352,7.53929,422,1111060,0.0496736,0,1,59067,58645,422
2060041,10.0407,8.70786,424,1112520,0.00993471,0,1,59078,58654,424
2062961,3.60814,1.74157,426,1113980,0.00198694,0,1,59080,58654,426
2065881,2.32163,0.348314,428,1115440,0.0483974,0,1,59082,58654,428
2068561,2.06433,0.0696629,430,1116900,0.0256795,0.06,1,59084,58654,430
2071481,2.01287,7.21393,423,1118360,0.0051359,0.06,1,59086,58663,423
2074401,2.00257,1.44279,425,1119820,0.00102718,0.06,1,59088,58663,425
2077321,2.00051,0.288557,427,1121280,0.0802054,0.06,1,59090,58663,427
2078961,1.2001,0.0577115,428,1122740,0.0800411,0.17,1,59091,58663,428
2081881,3.44002,8.01154,422,1124200,0.0160082,0.17,1,59095,58673,422
2084801,2.288,1.60231,424,1125660,0.00320164,0.17,1,59097,58673,424
2087701,10.0576,0.320462,436,1127120,0.0486403,0,1,59109,58673,436
2090621,3.61152,12.0641,423,1128580,0.0257281,0,1,59111,58688,423
2093541,2.3223,2.41282,425,1130040,0.00514561,0,1,59113,58688,425
2096461,2.06446,0.482564,427,1131500,0.0490291,0,1,59115,58688,427
2098101,6.01289,0.0965127,434,1132960,0.0418058,0.1,1,59122,58688,434
2101021,2.80258,10.4193,423,1134420,0.00836116,0.1,1,59124,58701,423
2103941,2.16052,2.08386,425,1135880,0.00167223,0.1,1,59126,58701,425
2106861,2.0321,0.416772,427,1137340,0.000334447,0.1,1,59128,58701,427
2109781,2.00642,0.0833544,429,1138800,0.0960669,0.1,1,59130,58701,429
2112701,2.00128,0.0166709,431,1140260,0.0832134,0.1,1,59132,58701,431
2114741,4.40026,0.00333418,436,1141720,0.0166427,0.14,1,59137,58701,436
2117661,2.48005,12.0007,423,1143180,0.0673285,0.14,1,59139,58716,423
2120581,2.09601,2.40013,425,1144640,0.0454657,0.14,1,59141,58716,425
2123501,2.0192,0.480027,427,1146100,0.00909314,0.14,1,59143,58716,427
2126421,2.00384,0.0960053,429,1147560,0.00181863,0.14,1,59145,58716,429
2128261,39.6008,0.0192011,478,1149020,0.000363726,0,1,59194,58716,478
2131181,9.52015,45.6038,423,1150480,7.27451e-05,0,1,59196,58773,423
2134101,3.50403,9.12077,425,1151940,1.4549e-05,0,1,59198,58773,425
2137021,2.30081,1.82415,427,1153400,0.0160029,0,1,59200,58773,427
2139941,2.06016,0.364831,429,1154860,0.00320058,0,1,59202,58773,429
2141781,1.21203,0.0729661,430,1156320,0.000640116,0,1,59203,58773,430
2143861,5.84241,4.01459,432,1157780,0.000128023,0.11,1,59210,58778,432
2146781,2.76848,9.60292,423,1159240,2.56046e-05,0.11,1,59212,58789,423
2148641,1.3537,1.92058,424,1160700,5.12093e-06,0.19,1,59213,58789,424
2151561,185.071,183.584,426,1162160,0.136001,0.19,1,59444,59018,426
2153841,38.6141,36.7168,428,1163620,0.1312,0.15,1,59446,59018,428
2155921,9.32283,12.9434,423,1165080,0.10624,0.07,1,59448,59025,423
2158841,8.26457,8.18867,424,1166540,0.149248,0.07,1,59456,59032,424
2161761,3.25291,1.63773,426,1168000,0.12585,0.07,1,59458,59032,426
2164681,2.25058,0.327547,428,1169460,0.0891699,0.07,1,59460,59032,428
2167361,2.05012,0.0655094,430,1170920,0.177834,0.15,1,59462,59032,430
2170281,3.61002,9.6131,422,1172380,0.179567,0.15,1,59466,59044,422
2173201,2.322,1.92262,424,1173840,0.147913,0.15,1,59468,59044,424
2175681,2.0644,0.384524,426,1175300,0.141583,0.06,1,59470,59044,426
2178601,10.0129,10.4769,425,1176760,0.156317,0.06,1,59482,59057,425
2180881,3.60258,2.09538,427,1178220,0.127263,0.07,1,59484,59057,427
2183801,7.12052,10.8191,422,1179680,0.0574527,0.07,1,59492,59070,422
2186721,3.0241,2.16382,424,1181140,0.0114905,0.07,1,59494,59070,424
2189621,11.8048,0.432763,438,1182600,0.00229811,0,1,59508,59070,438
2192541,3.96096,13.6866,423,1184060,0.000459621,0,1,59510,59087,423
2195461,2.39219,2.73731,425,1185520,0.0480919,0,1,59512,59087,425
2198381,2.07844,0.547462,427,1186980,0.0256184,0,1,59514,59087,427
2201301,2.01569,0.109492,429,1188440,0.00512368,0,1,59516,59087,429
2203141,1.20314,0.0218985,430,1189900,0.00102474,0.02,1,59517,59087,430
2206061,1.84063,5.60438,425,1191360,0.000204947,0.02,1,59519,59094,425
2208981,1.96813,1.12088,427,1192820,4.09894e-05,0.02,1,59521,59094,427
2211461,3.59363,0.224175,431,1194280,0.120008,0.17,1,59525,59094,431
2214381,2.31873,8.04484,423,1195740,0.104002,0.17,1,59527,59104,423
2216661,10.0637,1.60897,435,1197200,0.1968,0.11,1,59539,59104,435
2219581,3.61275,11.5218,423,1198660,0.18336,0.11,1,59541,59118,423
2222501,2.32255,2.30436,425,1200120,0.244672,0.11,1,59543,59118,425
2225421,2.06451,0.460872,427,1201580,0.224934,0.11,1,59545,59118,427
2228101,2.8129,0.0921743,430,1203040,0.172987,0,1,59548,59118,430
2231021,2.16258,7.21844,423,1204500,0.170597,0,1,59550,59127,423
2233941,2.03252,1.44369,425,1205960,0.154119,0,1,59552,59127,425
2236421,6.8065,0.288737,433,1207420,0.126824,0.08,1,59560,59127,433
2239341,2.9613,9.65775,423,1208880,0.0893648,0.08,1,59562,59139,423
2242261,2.19226,1.93155,425,1210340,0.049873,0.08,1,59564,59139,425
2245181,2.03845,0.38631,427,1211800,0.105975,0.08,1,59566,59139,427
2246821,3.60769,0.077262,431,1213260,0.0531949,0.14,1,59570,59139,431
2249741,2.32154,8.01545,423,1214720,0.010639,0.14,1,59572,59149,423
2252661,2.06431,1.60309,425,1216180,0.0021278,0.14,1,59574,59149,425
2255581,2.01286,0.320618,427,1217640,0.000425559,0.14,1,59576,59149,427
2258261,41.2026,0.0641236,478,1219100,8.51118e-05,0,1,59627,59149,478
2261181,9.84051,45.6128,423,1220560,1.70224e-05,0,1,59629,59206,423
2264101,3.5681,9.12256,425,1222020,3.40447e-06,0,1,59631,59206,425
2267021,2.31362,1.82451,427,1223480,6.80895e-07,0,1,59633,59206,427
2269941,2.06272,0.364903,429,1224940,1.36179e-07,0,1,59635,59206,429
2272401,2.01254,0.0729805,431,1226400,2.72358e-08,0.2,1,59637,59206,431
2275321,2.00251,8.8146,422,1227860,5.44716e-09,0.2,1,59639,59217,422
2278241,2.0005,1.76292,424,1229320,1.08943e-09,0.2,1,59641,59217,424
2279681,161.2,0.352584,625,1230780,0.104,0.06,1,59842,59217,625
2282601,59.44,186.471,426,1232240,0.0608,0.06,1,59876,59450,426
2285521,13.488,37.2941,428,1233700,0.02816,0.06,1,59878,59450,428
2288421,9.0976,7.45882,436,1235160,0.149632,0.12,1,59886,59450,436
2290501,5.81952,7.89176,433,1236620,0.133926,0.14,1,59891,59458,433
2293421,2.7639,11.1784,423,1238080,0.0987853,0.14,1,59893,59470,423
2296341,2.15278,2.23567,425,1239540,0.0517571,0.14,1,59895,59470,425
2299261,2.03056,0.447134,427,1241000,0.0103514,0.14,1,59897,59470,427
2302181,2.00611,0.0894268,429,1242460,0.18607,0.14,1,59899,59470,429
2305061,2.80122,0.0178854,432,1243920,0.181214,0.18,1,59902,59470,432
2306721,1.36024,8.80358,422,1245380,0.156243,0.04,1,59903,59481,422
2309641,8.27205,9.76072,422,1246840,0.151249,0.04,1,59913,59491,422
2311921,3.25441,1.95214,424,1248300,0.12625,0.06,1,59915,59491,424
2314841,7.05088,8.39043,422,1249760,0.0732499,0.06,1,59923,59501,422
2317121,3.01018,1.67809,424,1251220,0.03065,0.06,1,59925,59501,424
2320041,7.80204,9.13562,422,1252680,0.11013,0.06,1,59934,59512,422
2322961,3.16041,1.82712,424,1254140,0.094026,0.06,1,59936,59512,424
2324821,10.2321,0.365425,436,1255600,0.0188052,0.1,1,59948,59512,436
2327741,3.64642,12.0731,423,1257060,0.00376104,0.1,1,59950,59527,423
2330661,2.32928,2.41462,425,1258520,0.000752208,0.1,1,59952,59527,425
2333581,2.06586,0.482923,427,1259980,0.000150442,0.1,1,59954,59527,427
2336501,2.01317,0.0965847,429,1261440,0.0320301,0.1,1,59956,59527,429
2339421,2.00263,0.0193169,431,1262900,0.094406,0.1,1,59958,59527,431
2342081,2.00053,0.00386339,433,1264360,0.0828812,0,1,59960,59527,433
2345001,3.60011,4.00077,432,1265820,0.0165762,0,1,59964,59532,432
2346661,4.72002,0.800154,437,1267280,0.00331525,0.18,1,59969,59532,437
2349581,2.544,12.16,424,1268740,0.176663,0.18,1,59971,59547,424
2352501,2.1088,2.43201,426,1270200,0.219333,0.18,1,59973,59547,426
2355421,2.02176,0.486401,428,1271660,0.195867,0.18,1,59975,59547,428
2357061,1.20435,0.0972802,429,1273120,0.175173,0.11,1,59976,59547,429
2359981,1.84087,5.61946,424,1274580,0.139035,0.11,1,59978,59554,424
2362901,1.96817,1.12389,426,1276040,0.0998069,0.11,1,59980,59554,426
2364961,1.99363,0.224778,428,1277500,0.0599614,0,1,59982,59554,428
2367881,9.99873,14.445,422,1278960,0.0759923,0,1,59994,59572,422
2370801,3.59975,2.88899,424,1280420,0.0471985,0,1,59996,59572,424
2373721,2.31995,0.577798,426,1281880,0.12944,0,1,59998,59572,426
2376641,2.06399,0.11556,428,1283340,0.121888,0,1,60000,59572,428
2378901,2.0128,0.0231119,430,1284800,0.0883776,0,1,60002,59572,430
2381821,2.00256,6.40462,424,1286260,0.0496755,0,1,60004,59580,424
2384741,2.00051,1.28092,426,1287720,0.0099351,0,1,60006,59580,426
2387221,43.6001,0.256185,480,1289180,0.00198702,0,1,60060,59580,480
2390141,10.32,47.2512,423,1290640,0.000397404,0,1,60062,59639,423
2393061,3.664,9.45025,425,1292100,7.94808e-05,0,1,60064,59639,425
2395981,2.3328,1.89005,427,1293560,1.58962e-05,0,1,60066,59639,427
2398901,2.06656,0.37801,429,1295020,3.17923e-06,0,1,60068,59639,429
2401821,2.01331,0.075602,431,1296480,6.35846e-07,0,1,60070,59639,431
2403441,1.20266,0.0151204,432,1297940,1.27169e-07,0.22,1,60071,59639,432
2406361,1.84053,9.60302,422,1299400,2.54339e-08,0.22,1,60073,59651,422
2408641,1.96811,1.9206,424,1300860,5.08677e-09,0.06,1,60075,59651,424
2410721,154.794,156.384,422,1302320,0.184,0.19,1,60268,59846,422
2413641,66.1587,64.8768,424,1303780,0.0688,0.19,1,60312,59888,424
2416561,16.4317,12.9754,428,1305240,0.10976,0.19,1,60316,59888,428
2419041,5.68635,2.59507,431,1306700,0.069952,0.23,1,60319,59888,431
2421961,5.93727,8.51901,427,1308160,0.10999,0.23,1,60325,59898,427
2424881,2.78745,1.7038,429,1309620,0.0859981,0.23,1,60327,59898,429
2427801,2.15749,0.340761,431,1311080,0.0491996,0.23,1,60329,59898,431
2429441,1.2315,0.0681521,432,1312540,0.0258399,0.2,1,60330,59898,432
2432361,1.8463,9.61363,422,1314000,0.00516798,0.2,1,60332,59910,422
2435281,1.96926,1.92273,424,1315460,0.169034,0.2,1,60334,59910,424
2437761,1.99385,0.384545,426,1316920,0.169807,0.06,1,60336,59910,426
2440681,9.19877,10.4769,424,1318380,0.145961,0.06,1,60347,59923,424
2442961,4.23975,2.09538,427,1319840,0.0931923,0.13,1,60350,59923,427
2445881,5.64795,9.21908,422,1321300,0.0666385,0.13,1,60356,59934,422
2448161,2.72959,1.84382,424,1322760,0.0293277,0.06,1,60358,59934,424
2451081,6.94592,8.36876,422,1324220,0.0538655,0.06,1,60366,59944,422
2453361,2.98918,1.67375,424,1325680,0.0267731,0.08,1,60368,59944,424
2456281,11.7978,13.1348,422,1327140,0.00535462,0.08,1,60382,59960,422
2459201,3.95957,2.62695,424,1328600,0.00107092,0.08,1,60384,59960,424
2462121,2.39191,0.52539,426,1330060,0.000214185,0.08,1,60386,59960,426
2465041,2.07838,0.105078,428,1331520,0.0320428,0.08,1,60388,59960,428
2467961,2.01568,0.0210156,430,1332980,0.0944086,0.08,1,60390,59960,430
2470001,2.00314,0.00420312,432,1334440,0.0828817,0.04,1,60392,59960,432
2472921,2.00063,1.60084,432,1335900,0.0485763,0.04,1,60394,59962,432
2474581,5.20013,0.320168,438,1337360,0.00971527,0.17,1,60400,59962,438
2477501,2.64003,11.264,426,1338820,0.0979431,0.17,1,60402,59976,426
2480421,2.12801,2.25281,428,1340280,0.0835886,0.17,1,60404,59976,428
2483341,2.0256,0.450561,430,1341740,0.0487177,0.17,1,60406,59976,430
2485601,2.00512,0.0901123,432,1343200,0.00974354,0.21,1,60408,59976,432
2488521,2.00102,8.81802,423,1344660,0.0499487,0.21,1,60410,59987,423
2491441,2.0002,1.7636,425,1346120,0.11399,0.21,1,60412,59987,425
2494361,2.00004,0.352721,427,1347580,0.102798,0.21,1,60414,59987,427
2496001,1.20001,0.0705442,428,1349040,0.0845596,0.17,1,60415,59987,428
2498921,3.44,8.01411,422,1350500,0.104912,0.17,1,60419,59997,422
2501201,2.288,1.60282,424,1351960,0.0849824,0.14,1,60421,59997,424
2504121,2.0576,1.92056,424,1353420,0.0489965,0.14,1,60423,59999,424
2505781,1.21152,0.384113,425,1354880,0.0257993,0.1,1,60424,59999,425
2507441,1.0423,1.67682,424,1356340,0.12516,0.1,1,60425,60001,424
2510361,7.40846,9.13536,422,1357800,0.177032,0.1,1,60434,60012,422
2513281,3.08169,1.82707,424,1359260,0.155406,0.1,1,60436,60012,424
2515761,2.21634,0.365415,426,1360720,0.119081,0,1,60438,60012,426
2518681,44.4433,47.2731,422,1362180,0.0238163,0,1,60493,60071,422
2521601,10.4887,9.45462,424,1363640,0.00476325,0,1,60495,60071,424
2524521,3.69773,1.89092,426,1365100,0.00095265,0,1,60497,60071,426
2527441,2.33955,0.378185,428,1366560,0.00019053,0,1,60499,60071,428
2530361,2.06791,0.0756369,430,1368020,3.8106e-05,0,1,60501,60071,430
2532401,2.01358,0.0151274,432,1369480,7.6212e-06,0,1,60503,60071,432
2535321,2.00272,5.60303,427,1370940,1.52424e-06,0,1,60505,60078,427
2538241,2.00054,1.12061,429,1372400,3.04848e-07,0,1,60507,60078,429
2541141,150,0.224121,616,1373860,6.09696e-08,0.16,1,60694,60078,616
2543221,70.8,155.245,473,1375320,1.21939e-08,0.14,1,60745,60272,473
2546141,17.36,71.849,426,1376780,0.16,0.14,1,60749,60323,426
2549061,6.672,14.3698,430,1378240,0.128,0.14,1,60753,60323,430
2551541,3.7344,2.87396,433,1379700,0.1776,0.21,1,60756,60323,433
2554461,2.34688,8.57479,425,1381160,0.15552,0.21,1,60758,60333,425
2557381,2.06938,1.71496,427,1382620,0.151104,0.21,1,60760,60333,427
2560301,2.01388,0.342992,429,1384080,0.142221,0.21,1,60762,60333,429
2562561,2.00278,0.0685983,431,1385540,0.108444,0.09,1,60764,60333,431
2565481,2.00056,5.61372,426,1387000,0.0696888,0.09,1,60766,60340,426
2568401,2.00011,1.12274,428,1388460,0.125938,0.09,1,60768,60340,428
2570261,6.80002,0.224549,436,1389920,0.169188,0.08,1,60776,60340,436
2573181,2.96,12.0449,423,1391380,0.161838,0.08,1,60778,60355,423
2575461,7.792,2.40898,432,1392840,0.104368,0,1,60787,60355,432
2578381,3.1584,6.0818,427,1394300,0.0608735,0,1,60789,60362,427
2580661,7.03168,1.21636,435,1395760,0.0521747,0.07,1,60797,60362,435
2583581,3.00634,11.4433,423,1397220,0.0264349,0.07,1,60799,60376,423
2585861,10.2013,2.28865,435,1398680,0.00528699,0.11,1,60811,60376,435
2588781,3.64025,11.6577,423,1400140,0.0010574,0.11,1,60813,60390,423
2591701,2.32805,2.33155,425,1401600,0.000211479,0.11,1,60815,60390,425
2594621,2.06561,0.466309,427,1403060,0.0480423,0.11,1,60817,60390,427
2597301,2.01312,0.0932618,429,1404520,0.0256085,0,1,60819,60390,429
2600221,2.00262,6.41865,423,1405980,0.0531217,0,1,60821,60398,423
2603121,2.00052,1.28373,425,1407440,0.0266243,0.06,1,60823,60398,425
2606041,6.80011,5.85675,426,1408900,0.0373249,0.06,1,60831,60405,426
2608961,2.96002,1.17135,428,1410360,0.047465,0.06,1,60833,60405,428
2611441,2.192,0.23427,430,1411820,0.025493,0.1,1,60835,60405,430
2614361,2.0384,7.24685,423,1413280,0.101099,0.1,1,60837,60414,423
2617281,2.00768,1.44937,425,1414740,0.0842197,0.1,1,60839,60414,425
2620201,2.00154,0.289874,427,1416200,0.136844,0.1,1,60841,60414,427
2621841,1.20031,0.0579748,428,1417660,0.131369,0.1,1,60842,60414,428
2624761,10.6401,11.2116,427,1419120,0.0502738,0.1,1,60855,60428,427
2627681,3.72801,2.24232,429,1420580,0.0500548,0.1,1,60857,60428,429
2630601,2.3456,0.448464,431,1422040,0.218011,0.1,1,60859,60428,431
2633521,2.06912,0.0896927,433,1423500,0.267602,0.1,1,60861,60428,433
2636441,2.01382,0.0179385,435,1424960,0.29352,0.1,1,60863,60428,435
2638481,2.00276,0.00358771,437,1426420,0.266704,0.3,1,60865,60428,437
2641401,2.00055,9.60072,427,1427880,0.253341,0.3,1,60867,60440,427
2644321,2.00011,1.92014,429,1429340,0.210668,0.3,1,60869,60440,429
2646801,2.00002,0.384029,431,1430800,0.170134,0,1,60871,60440,431
2649721,41.2,48.0768,422,1432260,0.0340267,0,1,60922,60500,422
2652641,9.84,9.61536,424,1433720,0.00680534,0,1,60924,60500,424
2655561,3.568,1.92307,426,1435180,0.00136107,0,1,60926,60500,426
2658241,2.3136,0.384614,428,1436640,0.000272214,0,1,60928,60500,428
2661161,2.06272,4.87692,424,1438100,5.44427e-05,0,1,60930,60506,424
2664081,2.01254,0.975385,426,1439560,1.08885e-05,0,1,60932,60506,426
2666981,2.00251,0.195077,428,1441020,2.17771e-06,0.14,1,60934,60506,428
2668641,1.2005,3.23902,425,1442480,4.35542e-07,0.19,1,60935,60510,425
2671561,156.24,151.848,431,1443940,8.71084e-08,0.19,1,61130,60699,431
2673221,68.848,30.3696,478,1445400,0.048,0.21,1,61177,60699,478
2675301,16.9696,45.2739,433,1446860,0.0096,0.17,1,61181,60748,433
2678221,4.99392,16.2548,426,1448320,0.00192,0.17,1,61183,60757,426
2681141,2.59878,3.25096,428,1449780,0.000384,0.17,1,61185,60757,428
2683621,2.91976,0.650191,431,1451240,0.112077,0.14,1,61188,60757,431
2686541,3.78395,4.13004,430,1452700,0.0704154,0.14,1,61192,60762,430
2688401,2.35679,0.826008,432,1454160,0.0300831,0.14,1,61194,60762,432
2691321,2.07136,4.9652,428,1455620,0.0540166,0.14,1,61196,60768,428
2694241,2.01427,0.99304,430,1457080,0.146803,0.14,1,61198,60768,430
2697141,2.00285,0.198608,432,1458540,0.141361,0.22,1,61200,60768,432
2698801,1.20057,4.83972,427,1460000,0.124272,0.18,1,61201,60774,427
2701721,4.24011,8.96794,422,1461460,0.0648544,0.18,1,61206,60784,422
2704001,2.44802,1.79359,424,1462920,0.0849709,0.07,1,61208,60784,424
2706921,8.4896,9.95872,422,1464380,0.128994,0.07,1,61218,60796,422
2709201,3.29792,1.99174,424,1465840,0.105799,0.02,1,61220,60796,424
2712121,10.2596,10.7983,423,1467300,0.0211598,0.02,1,61232,60809,423
2714401,3.65192,2.15967,425,1468760,0.124232,0.06,1,61234,60809,425
2717321,4.73038,6.83193,422,1470220,0.0568464,0.06,1,61239,60817,422
2720241,2.54608,1.36639,424,1471680,0.0273693,0.06,1,61241,60817,424
2722721,2.10922,0.273277,426,1473140,0.00547385,0,1,61243,60817,426
2725641,3.62184,6.45466,422,1474600,0.00109477,0,1,61247,60825,422
2728561,2.32437,1.29093,424,1476060,0.048219,0,1,61249,60825,424
2731481,2.06487,0.258186,426,1477520,0.0256438,0,1,61251,60825,426
2734161,2.01297,0.0516372,428,1478980,0.00512876,0.04,1,61253,60825,428
2737081,6.8026,7.21033,427,1480440,0.0810257,0.04,1,61261,60834,427
2739361,2.96052,1.44207,429,1481900,0.0882052,0.11,1,61263,60834,429
2742281,6.9921,10.6884,424,1483360,0.201641,0.11,1,61271,60847,424
2745201,2.99842,2.13768,426,1484820,0.192328,0.11,1,61273,60847,426
2748121,2.19968,0.427536,428,1486280,0.158466,0.11,1,61275,60847,428
2751041,2.03994,0.0855073,430,1487740,0.175693,0.11,1,61277,60847,430
2752881,1.20799,0.0171015,431,1489200,0.163139,0.07,1,61278,60847,431
2754961,9.0416,7.20342,433,1490660,0.112628,0.3,1,61289,60856,433
2757881,3.40832,7.04068,428,1492120,0.118526,0.3,1,61291,60863,428
2760801,2.28166,1.40814,430,1493580,0.255705,0.3,1,61293,60863,430
2763721,2.05633,0.281627,432,1495040,0.307141,0.3,1,61295,60863,432
2765781,2.01127,0.0563255,434,1496500,0.333428,0.25,1,61297,60863,434
2768701,2.00225,8.01127,426,1497960,0.362686,0.25,1,61299,60873,426
2771621,2.00045,1.60225,428,1499420,0.336537,0.25,1,61301,60873,428
2774541,2.00009,0.320451,430,1500880,0.299307,0.25,1,61303,60873,430
2777461,2.00002,0.0640901,432,1502340,0.291862,0.25,1,61305,60873,432
2779301,38,0.012818,479,1503800,0.0823723,0,1,61352,60873,479
2782221,9.2,46.4026,423,1505260,0.0164745,0,1,61354,60931,423
2785141,3.44,9.28051,425,1506720,0.00329489,0,1,61356,60931,425
2788061,2.288,1.8561,427,1508180,0.000658978,0,1,61358,60931,427
2790981,2.0576,0.37122,429,1509640,0.000131796,0,1,61360,60931,429
2792821,6.81152,0.0742441,437,1511100,2.63591e-05,0.08,1,61368,60931,437
2795741,2.9623,12.8148,423,1512560,5.27182e-06,0.08,1,61370,60947,423
2798661,2.19246,2.56297,425,1514020,0.144001,0.08,1,61372,60947,425
2801141,154.038,0.512594,617,1515480,0.0288002,0.22,1,61564,60947,617
2803221,67.6077,149.703,476,1516940,0.00576004,0.17,1,61610,61134,476
2806141,15.1215,71.5405,426,1518400,0.00115201,0.17,1,61612,61186,426
2809061,4.62431,14.3081,428,1519860,0.000230402,0.17,1,61614,61186,428
2811981,2.52486,2.86162,430,1521320,4.60803e-05,0.17,1,61616,61186,430
2813621,1.30497,0.572324,431,1522780,9.21606e-06,0.08,1,61617,61186,431
2815701,6.66099,4.11446,434,1524240,0.120002,0.09,1,61625,61191,434
2818621,2.9322,11.2229,423,1525700,0.112,0.09,1,61627,61204,423
2821541,2.18644,2.24458,425,1527160,0.1504,0.09,1,61629,61204,425
2824461,2.03729,0.448916,427,1528620,0.13408,0.09,1,61631,61204,427
2827381,2.00746,0.0897831,429,1530080,0.154816,0.09,1,61633,61204,429
2829841,2.00149,0.0179566,431,1531540,0.134963,0.2,1,61635,61204,431
2832761,2.0003,8.80359,422,1533000,0.0989926,0.2,1,61637,61215,422
2835041,2.00006,1.76072,424,1534460,0.0677985,0.06,1,61639,61215,424
2837961,6.00001,5.95214,424,1535920,0.11756,0.06,1,61646,61222,424
2840241,4.4,1.19043,428,1537380,0.0555119,0,1,61650,61222,428
2843161,15.28,19.4381,422,1538840,0.107102,0,1,61668,61246,422
2846081,4.656,3.88762,424,1540300,0.0854205,0,1,61670,61246,424
2849001,2.5312,0.777523,426,1541760,0.0490841,0,1,61672,61246,426
2851921,2.10624,0.155505,428,1543220,0.0498168,0,1,61674,61246,428
2853761,1.22125,0.0311009,429,1544680,0.0339634,0.12,1,61675,61246,429
2856681,9.84425,11.2062,427,1546140,0.0387927,0.12,1,61687,61260,427
2859601,3.56885,2.24124,429,1547600,0.00775853,0.12,1,61689,61260,429
2862521,2.31377,0.448249,431,1549060,0.00155171,0.12,1,61691,61260,431
2865201,2.06275,0.0896497,433,1550520,0.0483103,0.19,1,61693,61260,433
2868121,6.81255,10.4179,428,1551980,0.105662,0.19,1,61701,61273,428
2871041,2.96251,2.08359,430,1553440,0.141132,0.19,1,61703,61273,430
2873941,5.3925,0.416717,436,1554900,0.140226,0.16,1,61709,61273,436
2876861,4.2785,6.48334,432,1556360,0.132045,0.16,1,61713,61281,432
2879781,2.4557,1.29667,434,1557820,0.0984091,0.16,1,61715,61281,434
2882701,2.09114,0.259334,436,1559280,0.227682,0.16,1,61717,61281,436
2885381,9.21823,0.0518667,447,1560740,0.213536,0.29,1,61728,61281,447
2888081,3.44365,9.61037,437,1562200,0.178707,0.33,1,61730,61293,437
2891001,2.28873,8.32207,431,1563660,0.195741,0.33,1,61732,61301,431
2893921,2.05775,1.66441,433,1565120,0.303148,0.33,1,61734,61301,433
2896841,2.01155,0.332883,435,1566580,0.33263,0.33,1,61736,61301,435
2899521,2.00231,0.0665766,437,1568040,0.354526,0.2,1,61738,61301,437
2902441,2.00046,7.21332,430,1569500,0.326905,0.2,1,61740,61310,430
2905361,2.00009,1.44266,432,1570960,0.289381,0.2,1,61742,61310,432
2907841,2.00002,0.288533,434,1572420,0.249876,0,1,61744,61310,434
2910761,31.6,40.8577,422,1573880,0.233975,0,1,61783,61361,422
2913681,7.92,8.17154,424,1575340,0.198795,0,1,61785,61361,424
2916601,3.184,1.63431,426,1576800,0.159759,0,1,61787,61361,426
2919521,2.2368,0.326862,428,1578260,0.119952,0,1,61789,61361,428
2921361,1.24736,0.0653723,429,1579720,0.0959904,0.12,1,61790,61361,429
2924281,5.84947,11.2131,422,1581180,0.0191981,0.12,1,61797,61375,422
2927201,2.76989,2.24261,424,1582640,0.00383961,0.12,1,61799,61375,424
2929681,2.15398,0.448523,426,1584100,0.000767923,0,1,61801,61375,426
2931761,160.431,154.49,433,1585560,0.000153585,0,1,62001,61568,433
2934681,64.0862,67.6979,427,1587020,3.07169e-05,0,1,62041,61614,427
2936961,14.4172,13.5396,429,1588480,0.0480061,0.2,1,62043,61614,429
2939881,4.48345,5.90792,427,1589940,0.0656012,0.2,1,62045,61618,427
2942801,2.49669,1.18158,429,1591400,0.0451202,0.2,1,62047,61618,429
2945701,8.49934,0.236317,439,1592860,0.00902405,0.15,1,62057,61618,439
2948621,3.29987,9.64726,429,1594320,0.00180481,0.15,1,62059,61630,429
2951541,2.25997,1.92945,431,1595780,0.192361,0.15,1,62061,61630,431
2954021,5.25199,0.385891,437,1597240,0.134472,0.13,1,62067,61630,437
2956941,2.6504,12.8772,423,1598700,0.0908944,0.13,1,62069,61646,423
2959861,2.13008,2.57544,425,1600160,0.0501789,0.13,1,62071,61646,425
2962781,2.02602,0.515087,427,1601620,0.122036,0.13,1,62073,61646,427
2965701,2.0052,0.103017,429,1603080,0.104407,0.13,1,62075,61646,429
2967541,2.00104,0.0206035,431,1604540,0.172881,0,1,62077,61646,431
2970461,3.60021,6.40412,427,1606000,0.138576,0,1,62081,61654,427
2972741,11.12,1.28082,440,1607460,0.115715,0.06,1,62094,61654,440
2975661,3.82401,15.4562,423,1608920,0.079143,0.06,1,62096,61673,423
2978581,2.3648,3.09123,425,1610380,0.0478286,0.06,1,62098,61673,425
2981061,4.47296,0.618247,430,1611840,0.0415657,0,1,62103,61673,430
2983981,2.49459,7.32365,423,1613300,0.00831314,0,1,62105,61682,423
2986261,10.0989,1.46473,435,1614760,0.00166263,0,1,62117,61682,435
2989181,3.61978,7.49295,428,1616220,0.128333,0,1,62119,61691,428
2991461,10.324,1.49859,440,1617680,0.0256665,0.15,1,62131,61691,440
2994381,5.26479,12.2997,429,1619140,0.133133,0.15,1,62135,61706,429
2997301,2.65296,2.45994,431,1620600,0.170627,0.15,1,62137,61706,431
3000221,2.13059,0.491989,433,1622060,0.258125,0.15,1,62139,61706,433
3002901,4.42612,0.0983977,438,1623520,0.243625,0.18,1,62144,61706,438
3004561,1.68522,3.21968,435,1624980,0.224725,0.32,1,62145,61710,435
3007481,9.13704,11.0439,433,1626440,0.268945,0.32,1,62156,61723,433
3010401,3.42741,2.20879,435,1627900,0.349789,0.32,1,62158,61723,435
3012881,2.28548,0.441757,437,1629360,0.381958,0.37,1,62160,61723,437
3015801,6.8571,9.68835,433,1630820,0.396392,0.37,1,62168,61735,433
3018721,2.97142,1.93767,435,1632280,0.391278,0.37,1,62170,61735,435
3021641,2.19428,0.387534,437,1633740,0.358256,0.37,1,62172,61735,437
3024321,2.03886,0.0775068,439,1635200,0.367651,0.26,1,62174,61735,439
3027241,2.00777,6.4155,433,1636660,0.38553,0.26,1,62176,61743,433
3030161,2.00155,1.2831,435,1638120,0.413106,0.26,1,62178,61743,435
3033081,2.00031,0.25662,437,1639580,0.474621,0.26,1,62180,61743,437
3035761,2.00006,0.051324,439,1641040,0.454924,0.37,1,62182,61743,439
3038681,2.00001,8.01026,431,1642500,0.490985,0.37,1,62184,61753,431
3040341,25.2,1.60205,462,1643960,0.466197,0,1,62215,61753,462
3043261,6.64,33.1204,423,1645420,0.437239,0,1,62217,61794,423
3046181,2.928,6.62408,425,1646880,0.399448,0,1,62219,61794,425
3049101,2.1856,1.32482,427,1648340,0.36789,0,1,62221,61794,427
3052021,2.03712,0.264963,429,1649800,0.329578,0,1,62223,61794,429
3053861,6.00742,0.0529926,436,1651260,0.305916,0.1,1,62230,61794,436
3056781,2.80148,12.0106,423,1652720,0.269183,0.1,1,62232,61809,423
3059701,2.1603,2.40212,425,1654180,0.229837,0.1,1,62234,61809,425
3062181,159.632,0.480424,624,1655640,0.0459673,0.17,1,62433,61809,624
3064261,62.3264,160.096,462,1657100,0.0571935,0,1,62471,62009,462
3067181,15.6653,64.0192,426,1658560,0.107439,0,1,62475,62049,426
3070101,6.33306,12.8038,430,1660020,0.0534877,0,1,62479,62049,430
3073021,3.66661,2.56077,433,1661480,0.0106975,0,1,62482,62049,433
3074661,7.13332,0.512154,441,1662940,0.00213951,0.13,1,62490,62049,441
3077581,3.02666,13.7024,426,1664400,0.0644279,0.13,1,62492,62066,426
3080501,2.20533,2.74049,428,1665860,0.116886,0.13,1,62494,62066,428
3082561,2.04107,0.548097,430,1667320,0.111377,0.09,1,62496,62066,430
3084641,2.00821,1.70962,430,1668780,0.0782754,0.21,1,62498,62068,430
3087561,2.00164,6.74192,424,1670240,0.0876551,0.21,1,62500,62076,424
3090481,2.00033,1.34838,426,1671700,0.065531,0.21,1,62502,62076,426
3093401,2.00007,0.269677,428,1673160,0.0291062,0.21,1,62504,62076,428
3096081,2.00001,0.0539354,430,1674620,0.00582124,0.11,1,62506,62076,430
3099001,2,4.81079,426,1676080,0.00116425,0.11,1,62508,62082,426
3101281,2,0.962157,428,1677540,0.0322329,0.02,1,62510,62082,428
3104201,15.6,20.1924,422,1679000,0.118447,0.02,1,62529,62107,422
3107121,4.72,4.03849,424,1680460,0.111689,0.02,1,62531,62107,424
3110041,2.544,0.807697,426,1681920,0.0783379,0.02,1,62533,62107,426
3112961,2.1088,0.161539,428,1683380,0.0476676,0.02,1,62535,62107,428
3114801,1.22176,0.0323079,429,1684840,0.0255335,0,1,62536,62107,429
3117721,19.4444,16.8065,432,1686300,0.0851067,0,1,62560,62128,432
3120001,6.28887,3.36129,435,1687760,0.105021,0.3,1,62563,62128,435
3122921,7.65777,11.0723,430,1689220,0.165004,0.3,1,62571,62141,430
3125841,3.13155,2.21445,432,1690680,0.193001,0.3,1,62573,62141,432
3128761,2.22631,0.44289,434,1692140,0.1666,0.3,1,62575,62141,434
3130401,1.24526,0.0885781,435,1693600,0.19332,0.26,1,62576,62141,435
3133321,5.84905,4.01772,437,1695060,0.230664,0.26,1,62583,62146,437
3135601,3.56981,0.803543,440,1696520,0.246133,0.37,1,62586,62146,440
3137681,11.914,9.76071,442,1697980,0.289227,0.41,1,62600,62158,442
3140601,11.1828,10.7521,442,1699440,0.425845,0.41,1,62611,62169,442
3143521,3.83656,2.15043,444,1700900,0.469169,0.41,1,62613,62169,444
3146001,2.36731,0.430086,446,1702360,0.493834,0.4,1,62615,62169,446
3148921,2.07346,3.28602,444,1703820,0.514767,0.4,1,62617,62173,444
3151841,2.01469,0.657203,446,1705280,0.526953,0.4,1,62619,62173,446
3153701,1.20294,0.131441,447,1706740,0.513391,0.49,1,62620,62173,447
3156621,1.84059,5.62629,442,1708200,0.502678,0.49,1,62622,62180,442
3159541,1.96812,1.12526,444,1709660,0.468536,0.49,1,62624,62180,444
3162021,5.19362,0.225051,450,1711120,0.461707,0.44,1,62630,62180,450
3164941,2.63872,10.445,439,1712580,0.428341,0.44,1,62632,62193,439
3167861,2.12774,2.089,441,1714040,0.389668,0.44,1,62634,62193,441
3170341,15.6255,0.4178,460,1715500,0.373934,0.41,1,62653,62193,460
3173261,4.72511,20.0836,437,1716960,0.346787,0.41,1,62655,62218,437
3175541,2.54502,4.01671,439,1718420,0.309357,0.32,1,62657,62218,439
3178461,2.109,9.60334,430,1719880,0.293871,0.32,1,62659,62229,430
3181381,2.0218,1.92067,432,1721340,0.442774,0.32,1,62661,62229,432
3183861,2.00436,0.384134,434,1722800,0.432555,0.14,1,62663,62229,434
3186781,2.00087,7.27683,427,1724260,0.398511,0.14,1,62665,62238,427
3189701,2.00017,1.45537,429,1725720,0.367702,0.14,1,62667,62238,429
3192181,155.6,0.291073,623,1727180,0.10554,0.11,1,62861,62238,623
3194261,59.92,161.658,457,1728640,0.181108,0.12,1,62897,62440,457
3196341,15.984,60.3316,427,1730100,0.116222,0,1,62902,62475,427
3199261,4.7968,16.8663,423,1731560,0.0712443,0,1,62904,62481,423
3201121,1.75936,3.37327,424,1733020,0.166249,0.04,1,62905,62481,424
3203201,5.15187,3.87465,426,1734480,0.0972498,0.09,1,62911,62485,426
3206121,11.4304,12.7749,424,1735940,0.01945,0.09,1,62924,62500,424
3209041,3.88607,2.55499,426,1737400,0.00388999,0.09,1,62926,62500,426
3211961,2.37721,0.510997,428,1738860,0.096778,0.09,1,62928,62500,428
3214881,2.07544,0.102199,430,1740320,0.0833556,0.09,1,62930,62500,430
3217141,2.01509,0.0204399,432,1741780,0.0486711,0,1,62932,62500,432
3220061,2.00302,5.60409,427,1743240,0.00973422,0,1,62934,62507,427
3222981,2.0006,1.12082,429,1744700,0.00194684,0,1,62936,62507,429
3225901,2.00012,0.224163,431,1746160,0.0323894,0,1,62938,62507,431
3228581,2.00002,0.0448327,433,1747620,0.0624779,0.23,1,62940,62507,433
3231501,2,8.00897,425,1749080,0.0444956,0.23,1,62942,62517,425
3233781,12.4,1.60179,440,1750540,0.0728991,0.02,1,62957,62517,440
3236701,4.08,15.5204,423,1752000,0.0465798,0.02,1,62959,62536,423
3239621,2.416,3.10407,425,1753460,0.00931596,0.02,1,62961,62536,425
3242541,2.0832,0.620814,427,1754920,0.113863,0.02,1,62963,62536,427
3245221,3.61664,0.124163,431,1756380,0.0707726,0,1,62967,62536,431
3247301,28.7233,7.22483,457,1757840,0.174155,0.18,1,63002,62545,457
3250221,7.34467,22.245,433,1759300,0.202831,0.18,1,63004,62571,433
3252501,3.06893,4.44899,435,1760760,0.176566,0.16,1,63006,62571,435
3255421,2.21379,4.0898,433,1762220,0.139313,0.16,1,63008,62575,433
3257701,6.84276,0.81796,441,1763680,0.235863,0.24,1,63016,62575,441
3260621,2.96855,6.56359,435,1765140,0.223173,0.24,1,63018,62583,435
3262901,14.9937,1.31272,453,1766600,0.220635,0.31,1,63036,62583,453
3265821,6.19874,10.6625,444,1768060,0.156127,0.31,1,63040,62596,444
3268101,14.0397,2.13251,460,1769520,0.191225,0.48,1,63056,62596,460
3270181,4.40795,11.6265,448,1770980,0.166245,0.52,1,63058,62610,448
3273101,2.48159,7.9253,443,1772440,0.241249,0.52,1,63060,62617,443
3276021,2.09632,1.58506,445,1773900,0.22425,0.52,1,63062,62617,445
3278501,2.01926,0.317012,447,1775360,0.18885,0.44,1,63064,62617,447
3281421,2.00385,6.4634,441,1776820,0.14977,0.44,1,63066,62625,441
3284341,2.00077,1.29268,443,1778280,0.125954,0.44,1,63068,62625,443
3287261,2.00015,0.258536,445,1779740,0.241191,0.44,1,63070,62625,445
3290181,2.00003,0.0517072,447,1781200,0.304238,0.44,1,63072,62625,447
3292021,4.40001,0.0103414,452,1782660,0.244848,0.47,1,63077,62625,452
3294941,2.48,11.2021,440,1784120,0.20097,0.47,1,63079,62639,440
3297861,2.096,2.24041,442,1785580,0.160194,0.47,1,63081,62639,442
3300341,14.8192,0.448083,460,1787040,0.208039,0.43,1,63099,62639,460
3303261,4.56384,19.2896,438,1788500,0.185608,0.43,1,63101,62663,438
3306181,2.51277,3.85792,440,1789960,0.149122,0.43,1,63103,62663,440
3309101,2.10255,0.771585,442,1791420,0.109824,0.43,1,63105,62663,442
3312021,2.02051,0.154317,444,1792880,0.0779649,0.43,1,63107,62663,444
3313861,1.2041,0.0308634,445,1794340,0.239593,0.49,1,63108,62663,445
3316781,1.84082,8.00617,437,1795800,0.247919,0.49,1,63110,62673,437
3319701,1.96816,1.60123,439,1797260,0.249584,0.49,1,63112,62673,439
3322181,145.194,0.320247,620,1798720,0.0819167,0.12,1,63293,62673,620
3324261,56.2387,158.464,456,1800180,0.128383,0.17,1,63327,62871,456
3327181,12.8477,59.6928,423,1801640,0.105677,0.17,1,63329,62906,423
3330101,4.16955,11.9386,425,1803100,0.0691353,0.17,1,63331,62906,425
3332161,2.43391,2.38771,427,1804560,0.0298271,0.05,1,63333,62906,427
3334241,2.88678,6.87754,422,1806020,0.149965,0.12,1,63336,62914,422
3337161,13.3774,12.5755,424,1807480,0.0619931,0.12,1,63352,62928,424
3339441,4.27547,2.5151,426,1808940,0.0123986,0.09,1,63354,62928,426
3342361,6.45509,9.30302,422,1810400,0.0504797,0.09,1,63361,62939,422
3345281,2.89102,1.8606,424,1811860,0.0500959,0.09,1,63363,62939,424
3348201,2.1782,0.372121,426,1813320,0.0660192,0.09,1,63365,62939,426
3351121,2.03564,0.0744242,428,1814780,0.0452038,0.09,1,63367,62939,428
3354041,2.00713,0.0148848,430,1816240,0.00904077,0.09,1,63369,62939,430
3356081,2.00143,0.00297697,432,1817700,0.00180815,0.2,1,63371,62939,432
3359001,3.60029,9.6006,424,1819160,0.000361631,0.2,1,63375,62951,424
3361921,3.92006,1.92012,428,1820620,0.0640723,0.2,1,63379,62951,428
3363781,1.58401,0.384024,429,1822080,0.0608145,0.06,1,63380,62951,429
3365861,5.9168,5.6768,429,1823540,0.156163,0.1,1,63387,62958,429
3368781,2.78336,6.73536,424,1825000,0.167233,0.1,1,63389,62965,424
3371701,2.15667,1.34707,426,1826460,0.137447,0.1,1,63391,62965,426
3374181,12.4313,0.269414,441,1827920,0.0434893,0.08,1,63406,62965,441
3375841,4.88627,10.4539,431,1829380,0.104698,0.31,1,63409,62978,431
3378761,25.7773,30.0908,427,1830840,0.20494,0.31,1,63440,63013,427
3381681,6.75545,6.01815,429,1832300,0.192988,0.31,1,63442,63013,429
3384601,2.95109,1.20363,431,1833760,0.158598,0.31,1,63444,63013,431
3386241,1.39022,0.240726,432,1835220,0.25572,0.22,1,63445,63013,432
3388321,6.67804,4.04815,435,1836680,0.147144,0.24,1,63453,63018,435
3391241,6.13561,11.2096,428,1838140,0.173429,0.24,1,63459,63031,428
3392901,10.8271,2.24193,440,1839600,0.202686,0.16,1,63471,63031,440
3395821,5.36542,9.24839,433,1841060,0.152537,0.16,1,63475,63042,433
3398101,16.2731,1.84968,452,1842520,0.158507,0.25,1,63494,63042,452
3401021,4.85462,15.5699,435,1843980,0.247701,0.25,1,63496,63061,435
3403921,2.57092,3.11399,437,1845440,0.24154,0.32,1,63498,63061,437
3406841,2.11418,9.4228,428,1846900,0.216308,0.32,1,63500,63072,428
3409761,2.02284,1.88456,430,1848360,0.179262,0.32,1,63502,63072,430
3412681,2.00457,0.376912,432,1849820,0.147852,0.32,1,63504,63072,432
3415601,2.00091,0.0753824,434,1851280,0.26157,0.32,1,63506,63072,434
3417441,1.20018,0.0150765,435,1852740,0.268314,0.32,1,63507,63072,435
3420361,1.84004,8.00302,427,1854200,0.237663,0.32,1,63509,63082,427
3423281,1.96801,1.6006,429,1855660,0.199533,0.32,1,63511,63082,429
3426201,1.9936,0.320121,431,1857120,0.167907,0.32,1,63513,63082,431
3428881,1.99872,0.0640241,433,1858580,0.129581,0.18,1,63515,63082,433
3430961,16.3997,15.2128,434,1860040,0.161916,0.25,1,63535,63101,434
3433881,7.27995,11.8426,428,1861500,0.0963832,0.25,1,63540,63112,428
3436801,3.05599,2.36851,430,1862960,0.123277,0.25,1,63542,63112,430
3439721,2.2112,0.473702,432,1864420,0.0966553,0.25,1,63544,63112,432
3442641,2.04224,0.0947405,434,1865880,0.0673311,0.25,1,63546,63112,434
3445561,2.00845,0.0189481,436,1867340,0.0534662,0.25,1,63548,63112,436
3447601,2.00169,0.00378962,438,1868800,0.226693,0.19,1,63550,63112,438
3450521,2.00034,2.40076,437,1870260,0.237339,0.19,1,63552,63115,437
3452181,138,0.480152,609,1871720,0.0474677,0,1,63724,63115,609
3454261,54,145.696,460,1873180,0.161494,0.18,1,63757,63297,460
3457181,12.4,60.3392,423,1874640,0.144299,0.18,1,63759,63336,423
3460101,4.08,12.0678,425,1876100,0.10886,0.18,1,63761,63336,425
3463021,2.416,2.41357,427,1877560,0.0697719,0.18,1,63763,63336,427
3464661,9.2832,0.482714,438,1879020,0.149954,0.06,1,63774,63336,438
3466741,11.4566,12.0965,435,1880480,0.0299909,0.07,1,63786,63351,435
3469661,3.89133,13.6193,423,1881940,0.0379982,0.07,1,63788,63365,423
3472581,2.37827,2.72386,425,1883400,0.1436,0.07,1,63790,63365,425
3475501,2.07565,0.544772,427,1884860,0.14072,0.07,1,63792,63365,427
3477141,4.41513,0.108954,432,1886320,0.060144,0.14,1,63797,63365,432
3480061,2.48303,8.82179,423,1887780,0.0520288,0.14,1,63799,63376,423
3482981,2.09661,1.76436,425,1889240,0.0264058,0.14,1,63801,63376,425
3485901,2.01932,0.352872,427,1890700,0.00528115,0.14,1,63803,63376,427
3488821,2.00386,0.0705743,429,1892160,0.00105623,0.14,1,63805,63376,429
3490661,3.60077,0.0141149,433,1893620,0.000211246,0.18,1,63809,63376,433
3493581,3.12015,8.80282,425,1895080,0.160042,0.18,1,63812,63387,425
3495861,6.22403,1.76056,432,1896540,0.0800084,0.1,1,63819,63387,432
3498781,3.64481,8.35211,425,1898000,0.104002,0.1,1,63822,63397,425
3501701,2.32896,1.67042,427,1899460,0.0848003,0.1,1,63824,63397,427
3504181,12.4658,0.334084,442,1900920,0.10496,0.02,1,63839,63397,442
3506881,4.09316,13.6668,427,1902380,0.076992,0.15,1,63841,63414,427
3509801,24.8186,26.7334,427,1903840,0.0793984,0.15,1,63871,63444,427
3512081,6.56373,5.34667,429,1905300,0.0478797,0.17,1,63873,63444,429
3515001,7.71275,9.06933,427,1906760,0.0895759,0.17,1,63881,63454,427
3517921,3.14255,1.81387,429,1908220,0.0659152,0.17,1,63883,63454,429
3520821,8.62851,0.362773,439,1909680,0.013183,0.17,1,63893,63454,439
3522901,15.3257,8.87255,445,1911140,0.114637,0.26,1,63910,63465,445
3525821,4.66514,12.1745,434,1912600,0.102927,0.26,1,63912,63478,434
3528101,16.133,2.4349,453,1914060,0.0925855,0.31,1,63931,63478,453
3531021,4.82661,22.087,428,1915520,0.0665171,0.31,1,63933,63505,428
3533941,2.56532,4.4174,430,1916980,0.0293034,0.31,1,63935,63505,430
3536861,2.11306,0.883479,432,1918440,0.00586068,0.31,1,63937,63505,432
3539781,2.02261,0.176696,434,1919900,0.193172,0.31,1,63939,63505,434
3542701,2.00452,0.0353392,436,1921360,0.198634,0.31,1,63941,63505,436
3544741,2.0009,0.00706783,438,1922820,0.167727,0.21,1,63943,63505,438
3547661,2.00018,4.00141,435,1924280,0.129545,0.21,1,63945,63510,435
3550561,2.00004,0.800283,437,1925740,0.145909,0.31,1,63947,63510,437
3553481,2.00001,8.96006,428,1927200,0.237182,0.31,1,63949,63521,428
3556401,2,1.79201,430,1928660,0.215436,0.31,1,63951,63521,430
3559321,2,0.358402,432,1930120,0.179087,0.31,1,63953,63521,432
3561381,6,0.0716804,439,1931580,0.219817,0.13,1,63960,63521,439
3563461,13.2,12.8143,438,1933040,0.155963,0.11,1,63975,63537,438
3566381,4.24,7.36287,434,1934500,0.111193,0.11,1,63977,63543,434
3568661,2.448,1.47257,436,1935960,0.0782385,0.24,1,63979,63543,436
3571581,2.0896,7.49451,429,1937420,0.0476477,0.24,1,63981,63552,429
3574501,2.01792,1.4989,431,1938880,0.00952954,0.24,1,63983,63552,431
3577421,2.00358,0.299781,433,1940340,0.177906,0.24,1,63985,63552,433
3580101,3.60072,0.0599561,437,1941800,0.147581,0.15,1,63989,63552,437
3582181,138.32,6.41199,601,1943260,0.0295162,0,1,64161,63560,601
3584261,49.264,142.082,452,1944720,0.173903,0.06,1,64188,63736,452
3587181,11.4528,50.0165,427,1946180,0.170781,0.06,1,64190,63763,427
3590101,3.89056,10.0033,429,1947640,0.138156,0.06,1,64192,63763,429
3592581,5.57811,2.00066,435,1949100,0.0276312,0.11,1,64198,63763,435
3595281,2.71562,11.6001,423,1950560,0.00552624,0.02,1,64200,63777,423
3598201,18.9431,21.52,422,1952020,0.0571052,0.02,1,64223,63801,422
3601121,5.38862,4.30401,424,1953480,0.163421,0.02,1,64225,63801,424
3604041,2.67772,0.860801,426,1954940,0.152684,0.02,1,64227,63801,426
3606961,2.13554,0.17216,428,1956400,0.126537,0.02,1,64229,63801,428
3609881,2.02711,0.034432,430,1957860,0.0893074,0.02,1,64231,63801,430
3612341,2.00542,0.00688641,432,1959320,0.0498615,0,1,64233,63801,432
3615261,2.00108,6.40138,426,1960780,0.00997229,0,1,64235,63809,426
3618181,2.00022,1.28028,428,1962240,0.00199446,0,1,64237,63809,428
3620661,2.00004,0.256055,430,1963700,0.000398892,0.14,1,64239,63809,430
3623581,2.00001,4.85121,426,1965160,7.97783e-05,0.14,1,64241,63815,426
3625861,5.2,0.970242,432,1966620,0.160016,0.1,1,64247,63815,432
3628781,3.44,6.59405,427,1968080,0.216003,0.1,1,64250,63823,427
3631061,5.488,1.31881,433,1969540,0.131201,0.07,1,64256,63823,433
3632721,1.8976,6.66376,426,1971000,0.0982401,0.07,1,64257,63831,426
3635641,9.97952,11.7328,425,1972460,0.075648,0.07,1,64269,63844,425
3637921,3.5959,2.34655,427,1973920,0.0311296,0.06,1,64271,63844,427
3640841,29.5192,31.6693,424,1975380,0.0862259,0.06,1,64307,63883,424
3643761,9.10384,6.33386,428,1976840,0.137245,0.06,1,64311,63883,428
3646661,5.82077,1.26677,433,1978300,0.075449,0.17,1,64316,63883,433
3649581,4.36415,9.05335,426,1979760,0.12709,0.17,1,64320,63894,426
3651441,2.47283,1.81067,428,1981220,0.145418,0.12,1,64322,63894,428
3654361,18.0946,21.1621,424,1982680,0.0930836,0.12,1,64344,63920,424
3656641,5.21891,4.23243,426,1984140,0.0746167,0.24,1,64346,63920,426
3659561,17.0438,15.2465,428,1985600,0.0869233,0.24,1,64366,63938,428
3662481,5.00876,3.0493,430,1987060,0.0573847,0.24,1,64368,63938,430
3665401,2.60175,0.609859,432,1988520,0.179477,0.24,1,64370,63938,432
3667041,1.32035,0.121972,433,1989980,0.187895,0.28,1,64371,63938,433
3669961,1.86407,8.02439,425,1991440,0.165579,0.28,1,64373,63948,425
3672881,1.97281,1.60488,427,1992900,0.129116,0.28,1,64375,63948,427
3675801,1.99456,0.320976,429,1994360,0.209823,0.28,1,64377,63948,429
3678721,1.99891,0.0641951,431,1995820,0.193965,0.28,1,64379,63948,431
3681601,1.99978,0.012839,433,1997280,0.150793,0.15,1,64381,63948,433
3684521,1.99996,4.80257,429,1998740,0.110159,0.15,1,64383,63954,429
3687441,1.99999,0.960514,431,2000200,0.0700317,0.15,1,64385,63954,431
3689921,2,0.192103,433,2001660,0.0300063,0.16,1,64387,63954,433
3692001,2,7.23842,426,2003120,0.150001,0.22,1,64389,63963,426
3694921,17.2,19.0477,425,2004580,0.0620003,0.22,1,64410,63985,425
3697841,5.04,3.80954,427,2006040,0.0124,0.22,1,64412,63985,427
3700761,2.608,0.761907,429,2007500,0.05048,0.22,1,64414,63985,429
3703681,2.1216,0.152381,431,2008960,0.026096,0.22,1,64416,63985,431
3705521,1.22432,0.0304763,432,2010420,0.0052192,0.16,1,64417,63985,432
3707601,1.84486,2.4061,431,2011880,0.00104384,0.22,1,64419,63988,431
3710521,9.96897,9.28122,432,2013340,0.152209,0.22,1,64431,63999,432
3712181,130.794,1.85624,593,2014800,0.0464417,0.04,1,64592,63999,593
3714261,51.7588,134.771,457,2016260,0.137288,0.04,1,64624,64167,457
3717181,11.9518,50.1543,430,2017720,0.123458,0.04,1,64626,64196,430
3720101,3.99035,10.0308,432,2019180,0.0806915,0.04,1,64628,64196,432
3722581,2.39807,2.00617,434,2020640,0.136138,0.18,1,64630,64196,434
3725501,2.07961,6.80123,428,2022100,0.115228,0.18,1,64632,64204,428
3727781,19.6159,1.36025,452,2023560,0.103046,0,1,64656,64204,452
3730701,5.52318,25.0721,423,2025020,0.0766091,0,1,64658,64235,423
3733621,2.70464,5.01441,425,2026480,0.119322,0,1,64660,64235,425
3736541,2.14093,1.00288,427,2027940,0.103864,0,1,64662,64235,427
3739461,2.02819,0.200576,429,2029400,0.0687729,0,1,64664,64235,429
3742381,2.00564,0.0401153,431,2030860,0.0297546,0,1,64666,64235,431
3744421,2.00113,0.00802305,433,2032320,0.00595091,0,1,64668,64235,433
3747341,2.00023,2.4016,432,2033780,0.00119018,0,1,64670,64238,432
3749201,1.20005,0.480321,433,2035240,0.000238037,0.23,1,64671,64238,433
3752121,1.84001,9.69606,423,2036700,4.76073e-05,0.23,1,64673,64250,423
3755041,1.968,1.93921,425,2038160,0.11201,0.23,1,64675,64250,425
3757941,3.5936,0.387843,429,2039620,0.0704019,0.19,1,64679,64250,429
3759601,1.51872,1.67757,428,2041080,0.0460804,0.12,1,64680,64252,428
3762521,6.70374,9.93551,424,2042540,0.137216,0.12,1,64688,64264,424
3765221,8.54075,1.9871,433,2044000,0.131443,0.09,1,64697,64264,433
3768141,4.10815,6.79742,428,2045460,0.162289,0.09,1,64700,64272,428
3770421,35.2216,1.35948,471,2046920,0.112458,0.15,1,64743,64272,471
3773341,8.64433,40.2719,423,2048380,0.0704915,0.15,1,64745,64322,423
3776261,3.32887,8.05438,425,2049840,0.0300983,0.15,1,64747,64322,425
3779181,2.26577,1.61088,427,2051300,0.16602,0.15,1,64749,64322,427
3781861,7.65315,0.322175,436,2052760,0.0892039,0.1,1,64758,64322,436
3783941,16.7306,10.4644,442,2054220,0.105841,0,1,64777,64335,442
3786861,5.74613,13.2929,431,2055680,0.173168,0,1,64780,64349,431
3789141,15.5492,2.65858,449,2057140,0.0746336,0.23,1,64798,64349,449
3792061,4.70984,22.9317,423,2058600,0.118927,0.23,1,64800,64377,423
3794981,2.54197,4.58634,425,2060060,0.0877853,0.23,1,64802,64377,425
3797901,2.10839,0.917268,427,2061520,0.0495571,0.23,1,64804,64377,427
3800821,2.02168,0.183454,429,2062980,0.00991141,0.23,1,64806,64377,429
3803281,2.00434,0.0366907,431,2064440,0.145982,0.17,1,64808,64377,431
3806201,2.00087,2.40734,430,2065900,0.141196,0.17,1,64810,64380,430
3809121,2.00017,0.481468,432,2067360,0.108239,0.17,1,64812,64380,432
3810981,1.20003,0.0962935,433,2068820,0.0856479,0.23,1,64813,64380,433
3813901,1.84001,8.81926,424,2070280,0.0491296,0.23,1,64815,64391,424
3816821,1.968,1.76385,426,2071740,0.121826,0.23,1,64817,64391,426
3819741,1.9936,0.35277,428,2073200,0.104365,0.23,1,64819,64391,428
3822661,1.99872,0.0705541,430,2074660,0.092873,0.23,1,64821,64391,430
3824501,17.1997,0.0141108,451,2076120,0.0665746,0,1,64842,64391,451
3827421,5.03995,21.6028,426,2077580,0.0853149,0,1,64844,64418,426
3830341,2.60799,4.32056,428,2079040,0.121063,0,1,64846,64418,428
3833261,2.1216,0.864113,430,2080500,0.0962126,0,1,64848,64418,430
3836181,2.02432,0.172823,432,2081960,0.0672425,0,1,64850,64418,432
3838021,2.80486,0.0345645,435,2083420,0.0134485,0.12,1,64853,64418,435
3840101,6.96097,5.60691,436,2084880,0.0666897,0.24,1,64861,64425,436
3842181,142.192,10.7214,600,2086340,0.0133379,0.08,1,65037,64437,600
3844261,44.4384,137.344,451,2087800,0.0426676,0.13,1,65057,64606,451
3847181,10.4877,47.4689,428,2089260,0.128534,0.13,1,65059,64631,428
3850101,3.69754,9.49377,430,2090720,0.121707,0.13,1,65061,64631,430
3853021,2.33951,1.89875,432,2092180,0.0883413,0.13,1,65063,64631,432
3854661,4.4679,0.379751,437,2093640,0.0336683,0,1,65068,64631,437
3856321,1.69358,5.67595,431,2095100,0.00673365,0.06,1,65069,64638,431
3859241,13.9387,21.9352,422,2096560,0.0973467,0.06,1,65086,64664,422
3862161,4.38774,4.38704,424,2098020,0.123469,0.06,1,65088,64664,424
3865081,2.47755,0.877408,426,2099480,0.0966939,0.06,1,65090,64664,426
3866721,1.29551,0.175481,427,2100940,0.0753388,0.14,1,65091,64664,427
3869641,5.0591,8.8351,422,2102400,0.0630678,0.14,1,65097,64675,422
3872561,2.61182,1.76702,424,2103860,0.0286136,0.14,1,65099,64675,424
3875481,2.12236,0.353404,426,2105320,0.00572271,0.14,1,65101,64675,426
3878401,2.02447,0.0706808,428,2106780,0.113145,0.14,1,65103,64675,428
3881321,2.00489,0.0141362,430,2108240,0.102629,0.14,1,65105,64675,430
3883781,3.60098,0.00282723,434,2109700,0.0365258,0.2,1,65109,64675,434
3886701,2.3202,8.00057,426,2111160,0.00730516,0.2,1,65111,64685,426
3889621,2.06404,1.60011,428,2112620,0.00146103,0.2,1,65113,64685,428
3892101,7.61281,0.320023,437,2114080,0.000292206,0.11,1,65122,64685,437
3894181,3.12256,5.664,432,2115540,5.84412e-05,0.11,1,65124,64692,432
3895841,1.42451,5.9328,427,2117000,0.144012,0.19,1,65125,64698,427
3898761,12.2849,11.5866,429,2118460,0.0848023,0.19,1,65140,64711,429
3900421,31.257,2.31731,465,2119920,0.0649605,0.13,1,65176,64711,465
3903341,7.8514,35.6635,423,2121380,0.116992,0.13,1,65178,64755,423
3906261,3.17028,7.13269,425,2122840,0.103398,0.13,1,65180,64755,425
3909181,2.23406,1.42654,427,2124300,0.22068,0.13,1,65182,64755,427
3910821,6.84681,0.285308,435,2125760,0.124136,0,1,65190,64755,435
3912481,2.16936,7.25706,427,2127220,0.144827,0.19,1,65191,64764,427
3914561,10.8339,14.2514,424,2128680,0.124965,0.13,1,65204,64780,424
3917481,6.96677,8.45028,423,2130140,0.160993,0.13,1,65210,64787,423
3919141,14.9934,1.69006,440,2131600,0.160199,0.02,1,65227,64787,440
3922061,4.59867,14.738,424,2133060,0.12004,0.02,1,65229,64805,424
3924981,2.51973,2.9476,426,2134520,0.0800079,0.02,1,65231,64805,426
3927901,2.10395,0.58952,428,2135980,0.200002,0.02,1,65233,64805,428
3929541,4.42079,0.117904,433,2137440,0.152,0.14,1,65238,64805,433
3932461,2.48416,9.62358,423,2138900,0.1984,0.14,1,65240,64817,423
3935381,2.09683,1.92472,425,2140360,0.17568,0.14,1,65242,64817,425
3938301,2.01937,0.384943,427,2141820,0.139136,0.14,1,65244,64817,427
3941221,2.00387,0.0769886,429,2143280,0.0918272,0.14,1,65246,64817,429
3944141,2.00077,0.0153977,431,2144740,0.0503654,0.14,1,65248,64817,431
3946181,2.00015,0.00307955,433,2146200,0.0100731,0.07,1,65250,64817,433
3949101,2.00003,4.00062,430,2147660,0.114015,0.07,1,65252,64822,430
3952021,2.00001,0.800123,432,2149120,0.126803,0.07,1,65254,64822,432
3954501,18,0.160025,454,2150580,0.153361,0,1,65276,64822,454
3957421,5.2,24.832,425,2152040,0.182672,0,1,65278,64853,425
3960341,2.64,4.9664,427,2153500,0.156534,0,1,65280,64853,427
3963261,2.128,0.99328,429,2154960,0.119307,0,1,65282,64853,429
3966181,2.0256,0.198656,431,2156420,0.0798614,0,1,65284,64853,431
3968021,6.80512,0.0397312,439,2157880,0.0479723,0.18,1,65292,64853,439
3970721,2.96102,10.4079,428,2159340,0.0335945,0.05,1,65294,64866,428
3972801,140.592,142.882,427,2160800,0.00671889,0.02,1,65469,65042,427
3975721,44.9184,49.3763,422,2162260,0.00134378,0.02,1,65490,65068,422
3978641,10.5837,9.87526,424,2163720,0.144269,0.02,1,65492,65068,424
3981561,3.71674,1.97505,426,2165180,0.140854,0.02,1,65494,65068,426
3983201,1.54335,0.39501,427,2166640,0.124171,0.04,1,65495,65068,427
3986121,7.50867,7.279,427,2168100,0.0568342,0.04,1,65504,65077,427
3988821,8.70173,1.4558,436,2169560,0.0753668,0.05,1,65513,65077,436
3991741,3.34035,12.2912,423,2171020,0.0470734,0.05,1,65515,65092,423
3994661,2.26807,2.45823,425,2172480,0.00941467,0.05,1,65517,65092,425
3997581,2.05361,0.491646,427,2173940,0.00188293,0.05,1,65519,65092,427
3999221,4.41072,0.0983293,432,2175400,0.152377,0.14,1,65524,65092,432
4002141,2.48214,8.81967,423,2176860,0.150475,0.14,1,65526,65103,423
4005061,2.09643,1.76393,425,2178320,0.118095,0.14,1,65528,65103,425
4007541,6.01929,0.352787,432,2179780,0.143619,0.1,1,65535,65103,432
4010461,2.80386,8.87056,423,2181240,0.116724,0.1,1,65537,65114,423
4013381,2.16077,1.77411,425,2182700,0.0793448,0.1,1,65539,65114,425
4016301,2.03215,0.354822,427,2184160,0.039869,0.1,1,65541,65114,427
4019221,2.00643,0.0709644,429,2185620,0.00797379,0.1,1,65543,65114,429
4022101,7.60129,0.0141929,438,2187080,0.00159476,0,1,65552,65114,438
4024181,7.92026,8.00284,436,2188540,0.080319,0.11,1,65560,65124,436
4026881,4.78405,12.8006,426,2190000,0.152064,0.22,1,65564,65138,426
4028961,12.1568,11.3601,429,2191460,0.110413,0.1,1,65578,65149,429
4031881,25.6314,27.072,427,2192920,0.0220826,0.1,1,65607,65180,427
4034161,6.72627,5.4144,429,2194380,0.116417,0.18,1,65609,65180,429
4037081,6.14525,11.4829,422,2195840,0.199283,0.18,1,65615,65193,422
4040001,2.82905,2.29658,424,2197300,0.191857,0.18,1,65617,65193,424
4042921,2.16581,0.459315,426,2198760,0.158371,0.18,1,65619,65193,426
4044981,19.6332,0.091863,450,2200220,0.111674,0.16,1,65643,65193,450
4047681,5.52663,14.4184,434,2201680,0.0703349,0.21,1,65645,65211,434
4050601,14.7053,26.0837,422,2203140,0.166067,0.21,1,65662,65240,422
4053521,4.54107,5.21673,424,2204600,0.241213,0.21,1,65664,65240,424
4056441,2.50821,1.04335,426,2206060,0.224243,0.21,1,65666,65240,426
4059361,2.10164,0.208669,428,2207520,0.180849,0.21,1,65668,65240,428
4061621,3.62033,0.0417339,432,2208980,0.11617,0.02,1,65672,65240,432
4064541,2.32407,7.20835,425,2210440,0.0712339,0.02,1,65674,65249,425
4067461,2.06481,1.44167,427,2211900,0.182247,0.02,1,65676,65249,427
4070381,2.01296,0.288334,429,2213360,0.268449,0.02,1,65678,65249,429
4073301,2.00259,0.0576668,431,2214820,0.25369,0.02,1,65680,65249,431
4076181,5.20052,0.0115334,437,2216280,0.194738,0.14,1,65686,65249,437
4079101,4.2401,12.0023,426,2217740,0.222948,0.14,1,65690,65264,426
4082021,3.24802,2.40046,429,2219200,0.18859,0.14,1,65693,65264,429
4084501,15.0496,0.480092,447,2220660,0.0377179,0.08,1,65711,65264,447
4087421,4.60992,20.896,423,2222120,0.119544,0.08,1,65713,65290,423
4090341,2.52198,4.1792,425,2223580,0.103909,0.08,1,65715,65290,425
4093261,2.1044,0.835841,427,2225040,0.140782,0.08,1,65717,65290,427
4096181,2.02088,0.167168,429,2226500,0.172156,0.08,1,65719,65290,429
4098021,14.0042,0.0334336,446,2227960,0.114431,0.26,1,65736,65290,446
4100941,4.40084,12.0067,433,2229420,0.0868863,0.26,1,65738,65305,433
4103221,128.88,2.40134,593,2230880,0.0173772,0.04,1,65898,65305,593
4105301,43.376,138.08,443,2232340,0.0194755,0.04,1,65920,65477,443
4108221,10.2752,45.2161,423,2233800,0.0838951,0.04,1,65922,65499,423
4111141,3.65504,9.04321,425,2235260,0.064779,0.04,1,65924,65499,425
4114061,2.33101,1.80864,427,2236720,0.0289558,0.04,1,65926,65499,427
4115701,14.0662,0.361728,444,2238180,0.101791,0.08,1,65943,65499,444
4117781,4.41324,11.2723,432,2239640,0.0843582,0,1,65945,65513,432
4120701,2.48265,6.25447,429,2241100,0.104872,0,1,65947,65518,429
4123621,2.09653,1.25089,431,2242560,0.0689743,0,1,65949,65518,431
4125681,2.01931,0.250179,433,2244020,0.0297949,0.19,1,65951,65518,433
4127761,2.00386,3.25004,431,2245480,0.00595897,0.15,1,65953,65522,431
4130681,3.60077,11.05,422,2246940,0.0491918,0.15,1,65957,65535,422
4133601,2.32015,2.21,424,2248400,0.0258384,0.15,1,65959,65535,424
4136081,2.06403,0.442,426,2249860,0.00516767,0.1,1,65961,65535,426
4139001,5.21281,8.0884,422,2251320,0.145034,0.1,1,65967,65545,422
4141921,2.64256,1.61768,424,2252780,0.141007,0.1,1,65969,65545,424
4144841,2.12851,0.323536,426,2254240,0.108201,0.1,1,65971,65545,426
4147761,2.0257,0.0647072,428,2255700,0.0696403,0.1,1,65973,65545,428
4149601,1.20514,0.0129414,429,2257160,0.0459281,0.1,1,65974,65545,429
4152521,12.241,17.6026,422,2258620,0.121186,0.1,1,65989,65567,422
4155441,4.04821,3.52052,424,2260080,0.104237,0.1,1,65991,65567,424
4157921,2.40964,0.704103,426,2261540,0.0688474,0.1,1,65993,65567,426
4160001,16.4819,16.9408,425,2263000,0.0137695,0.22,1,66013,65588,425
4162921,28.0964,24.9882,429,2264460,0.0187539,0.22,1,66044,65615,429
4165201,7.21928,4.99763,431,2265920,0.00375078,0.21,1,66046,65615,431
4168121,3.04386,5.79953,427,2267380,0.000750156,0.21,1,66048,65621,427
4171041,2.20877,1.15991,429,2268840,0.11215,0.21,1,66050,65621,429
4173521,2.04175,0.231981,431,2270300,0.10243,0.18,1,66052,65621,431
4176441,22.0084,24.0464,428,2271760,0.172486,0.18,1,66079,65651,428
4178721,6.00167,4.80928,430,2273220,0.146497,0.2,1,66081,65651,430
4181641,14.8003,13.7619,431,2274680,0.173299,0.2,1,66098,65667,431
4184561,4.56007,2.75237,433,2276140,0.26666,0.2,1,66100,65667,433
4187041,2.51201,0.550474,435,2277600,0.253332,0.13,1,66102,65667,435
4189961,2.1024,2.51009,434,2279060,0.226666,0.13,1,66104,65670,434
4191621,1.22048,0.502019,435,2280520,0.213333,0.3,1,66105,65670,435
4194541,1.8441,5.7004,430,2281980,0.178667,0.3,1,66107,65677,430
4197461,1.96882,1.14008,432,2283440,0.267733,0.3,1,66109,65677,432
4199941,3.59376,0.228016,436,2284900,0.277547,0.2,1,66113,65677,436
4202861,2.31875,6.4456,430,2286360,0.247509,0.2,1,66115,65685,430
4205141,6.86375,1.28912,438,2287820,0.257502,0.09,1,66123,65685,438
4208061,3.77275,13.0578,425,2289280,0.2435,0.09,1,66126,65701,425
4210981,2.35455,2.61156,427,2290740,0.2167,0.09,1,66128,65701,427
4213041,2.07091,0.522313,429,2292200,0.17934,0.15,1,66130,65701,429
4215961,10.0142,12.9045,425,2293660,0.107868,0.15,1,66142,65717,425
4218881,3.60284,2.58089,427,2295120,0.0695736,0.15,1,66144,65717,427
4221361,2.32057,0.516178,429,2296580,0.149915,0.13,1,66146,65717,429
4224281,3.66411,4.10324,428,2298040,0.109983,0.13,1,66150,65722,428
4226561,2.33282,0.820647,430,2299500,0.0699966,0.04,1,66152,65722,430
4229481,13.2666,14.5641,428,2300960,0.117999,0.04,1,66168,65740,428
4231761,4.25331,2.91283,430,2302420,0.1916,0.03,1,66170,65740,430
4233841,129.651,135.783,422,2303880,0.03832,0.1,1,66331,65909,422
4236761,43.5301,44.7565,422,2305340,0.00766399,0.1,1,66353,65931,422
4239681,10.306,8.9513,424,2306800,0.0015328,0.1,1,66355,65931,424
4242601,3.66121,1.79026,426,2308260,0.128307,0.1,1,66357,65931,426
4244241,1.53224,0.358052,427,2309720,0.137661,0.08,1,66358,65931,427
4247161,16.3064,20.0716,422,2311180,0.0435323,0.08,1,66378,65956,422
4250081,4.86129,4.01432,424,2312640,0.00870645,0.08,1,66380,65956,424
4253001,2.57226,0.802864,426,2314100,0.00174129,0.08,1,66382,65956,426
4255921,2.11445,0.160573,428,2315560,0.160348,0.08,1,66384,65956,428
4258801,2.02289,0.0321146,430,2317020,0.16007,0,1,66386,65956,430
4261721,2.00458,7.20642,423,2318480,0.128014,0,1,66388,65965,423
4264641,2.00092,1.44128,425,2319940,0.0896028,0,1,66390,65965,425
4267121,2.00018,0.288257,427,2321400,0.0499206,0.11,1,66392,65965,427
4270041,5.20004,8.85765,422,2322860,0.00998411,0.11,1,66398,65976,422
4272961,2.64001,1.77153,424,2324320,0.00199682,0.11,1,66400,65976,424
4275881,2.128,0.354306,426,2325780,0.160399,0.11,1,66402,65976,426
4278801,2.0256,0.0708612,428,2327240,0.16008,0.11,1,66404,65976,428
4280641,1.20512,0.0141722,429,2328700,0.144016,0.02,1,66405,65976,429
4283561,10.641,15.2028,423,2330160,0.0608032,0.02,1,66418,65995,423
4286481,3.7282,3.04057,425,2331620,0.0121606,0.02,1,66420,65995,425
4288961,2.34564,0.608113,427,2333080,0.00243213,0.02,1,66422,65995,427
4291041,22.0691,22.5216,426,2334540,0.000486425,0.13,1,66449,66023,426
4293961,31.6138,30.9043,427,2336000,9.72851e-05,0.13,1,66483,66056,427
4296881,7.92276,6.18086,429,2337460,0.0800195,0.13,1,66485,66056,429
4299801,3.18455,1.23617,431,2338920,0.152004,0.13,1,66487,66056,431
4302721,2.23691,0.247235,433,2340380,0.134401,0.13,1,66489,66056,433
4304561,1.24738,0.0494469,434,2341840,0.11488,0.1,1,66490,66056,434
4307481,21.0495,21.6099,433,2343300,0.182976,0.1,1,66516,66083,433
4309761,5.8099,4.32198,435,2344760,0.164595,0.27,1,66518,66083,435
4312681,14.762,15.2644,434,2346220,0.096919,0.27,1,66535,66101,434
4314961,4.5524,3.05288,436,2347680,0.0513838,0.3,1,66537,66101,436
4317881,2.51048,9.41058,427,2349140,0.0102768,0.3,1,66539,66112,427
4320801,2.1021,1.88212,429,2350600,0.114055,0.3,1,66541,66112,429
4323721,2.02042,0.376423,431,2352060,0.158811,0.3,1,66543,66112,431
4326641,2.00408,0.0752846,433,2353520,0.135762,0.3,1,66545,66112,433
4328481,1.20082,0.0150569,434,2354980,0.115152,0.26,1,66546,66112,434
4330561,1.84016,1.60301,434,2356440,0.0790305,0.11,1,66548,66114,434
4333481,1.96803,5.9206,429,2357900,0.0478061,0.11,1,66550,66121,429
4335141,6.79361,1.18412,437,2359360,0.145561,0.15,1,66558,66121,437
4338061,2.95872,11.4368,425,2360820,0.261112,0.15,1,66560,66135,425
4340981,2.19174,2.28736,427,2362280,0.252222,0.15,1,66562,66135,427
4343901,2.03835,0.457473,429,2363740,0.242445,0.15,1,66564,66135,429
4345541,10.0077,0.0914946,441,2365200,0.144489,0.08,1,66576,66135,441
4348461,3.60153,12.8183,427,2366660,0.140898,0.08,1,66578,66151,427
4351381,2.32031,2.56366,429,2368120,0.11618,0.08,1,66580,66151,429
4354301,2.06406,0.512732,431,2369580,0.0792359,0.08,1,66582,66151,431
4355941,2.81281,0.102546,434,2371040,0.119847,0.06,1,66585,66151,434
4357601,1.36256,5.62051,428,2372500,0.103969,0.18,1,66586,66158,428
4360521,13.0725,17.1241,424,2373960,0.188794,0.18,1,66602,66178,424
4362801,5.0145,3.42482,427,2375420,0.157759,0,1,66605,66178,427
4364881,129.003,132.685,422,2376880,0.0315518,0.08,1,66765,66343,422
4367801,40.2006,40.937,422,2378340,0.00631035,0.08,1,66783,66361,422
4370721,9.64012,8.1874,424,2379800,0.00126207,0.08,1,66785,66361,424
4373641,3.52802,1.63748,426,2381260,0.144252,0.08,1,66787,66361,426
4375281,1.5056,0.327496,427,2382720,0.15685,0.08,1,66788,66361,427
4378201,19.5011,23.2655,422,2384180,0.0313701,0.08,1,66812,66390,422
4381121,5.50022,4.6531,424,2385640,0.00627402,0.08,1,66814,66390,424
4384041,2.70004,0.93062,426,2387100,0.0012548,0.08,1,66816,66390,426
4386961,2.14001,0.186124,428,2388560,0.000250961,0.08,1,66818,66390,428
4389881,2.028,0.0372248,430,2390020,5.01921e-05,0.08,1,66820,66390,430
4391921,2.0056,0.00744496,432,2391480,1.00384e-05,0.2,1,66822,66390,432
4394841,2.00112,9.60149,422,2392940,0.096002,0.2,1,66824,66402,422
4397761,2.00022,1.9203,424,2394400,0.0832004,0.2,1,66826,66402,424
4400681,2.00004,0.38406,426,2395860,0.13664,0.2,1,66828,66402,426
4403361,2.00001,0.0768119,428,2397320,0.115328,0.15,1,66830,66402,428
4406281,3.6,8.01536,422,2398780,0.0550656,0.15,1,66834,66412,422
4409201,2.32,1.60307,424,2400240,0.0110131,0.15,1,66836,66412,424
4411681,2.064,0.320614,426,2401700,0.00220262,0.06,1,66838,66412,426
4414601,7.6128,10.4641,422,2403160,0.0564405,0.06,1,66847,66425,422
4417521,3.12256,2.09282,424,2404620,0.115288,0.06,1,66849,66425,424
4420001,2.22451,0.418565,426,2406080,0.0870576,0.02,1,66851,66425,426
4422081,28.4449,29.6837,424,2407540,0.0494115,0.09,1,66886,66462,424
4425001,30.489,32.3367,422,2409000,0.0258823,0.09,1,66917,66495,422
4427921,7.6978,6.46735,424,2410460,0.00517646,0.09,1,66919,66495,424
4430841,3.13956,1.29347,426,2411920,0.137035,0.09,1,66921,66495,426
4433761,2.22791,0.258694,428,2413380,0.131407,0.09,1,66923,66495,428
4435601,1.24558,0.0517388,429,2414840,0.122281,0.16,1,66924,66495,429
4438521,29.0491,28.8103,429,2416300,0.0724563,0.16,1,66960,66531,429
4440801,7.40982,5.76207,431,2417760,0.150491,0.17,1,66962,66531,431
4443721,8.68196,10.7524,428,2419220,0.0460983,0.17,1,66971,66543,428
4446641,3.33639,2.15048,430,2420680,0.10522,0.17,1,66973,66543,430
4449561,2.26728,0.430097,432,2422140,0.0850439,0.17,1,66975,66543,432
4451201,1.25346,0.0860193,433,2423600,0.0650088,0.06,1,66976,66543,433
4454121,1.85069,4.8172,429,2425060,0.0290018,0.06,1,66978,66549,429
4457041,1.97014,0.963441,431,2426520,0.1418,0.06,1,66980,66549,431
4459961,1.99403,0.192688,433,2427980,0.13236,0.06,1,66982,66549,433
4461601,1.19881,0.0385376,434,2429440,0.114472,0.27,1,66983,66549,434
4463681,1.83976,3.20771,432,2430900,0.102894,0.29,1,66985,66553,432
4465761,1.96795,6.24154,427,2432360,0.0765789,0.15,1,66987,66560,427
4468681,8.39359,12.4483,423,2433820,0.183316,0.15,1,66997,66574,423
4471601,3.27872,2.48966,425,2435280,0.164663,0.15,1,66999,66574,425
4474081,2.25574,0.497932,427,2436740,0.128933,0.06,1,67001,66574,427
4477001,10.0511,11.2996,425,2438200,0.105787,0.06,1,67013,66588,425
4479921,3.61023,2.25992,427,2439660,0.0691573,0.06,1,67015,66588,427
4482841,2.32205,0.451983,429,2441120,0.0298315,0.06,1,67017,66588,429
4485761,2.06441,0.0903967,431,2442580,0.0859663,0.06,1,67019,66588,431
4488641,2.01288,0.0180793,433,2444040,0.0651933,0.18,1,67021,66588,433
4491561,15.6026,20.0036,427,2445500,0.0930387,0.18,1,67040,66613,427
4493841,4.72052,4.00072,429,2446960,0.138608,0,1,67042,66613,429
4495921,120.944,126.4,422,2448420,0.0997215,0.12,1,67192,66770,422
4498841,40.1888,41.28,422,2449880,0.0199443,0.12,1,67212,66790,422
4501761,9.63776,8.256,424,2451340,0.0199889,0.12,1,67214,66790,424
4504681,3.52755,1.6512,426,2452800,0.115998,0.12,1,67216,66790,426
4506321,1.50551,0.33024,427,2454260,0.1192,0,1,67217,66790,427
4509241,20.3011,21.666,425,2455720,0.0398399,0,1,67242,66817,425
4512161,5.66022,4.33321,427,2457180,0.00796798,0,1,67244,66817,427
4514641,2.73204,0.866642,429,2458640,0.0015936,0.15,1,67246,66817,429
4517561,3.74641,8.97333,422,2460100,0.000318719,0.15,1,67250,66828,422
4520481,2.34928,1.79467,424,2461560,0.0640637,0.15,1,67252,66828,424
4523401,2.06986,0.358933,426,2463020,0.0448128,0.15,1,67254,66828,426
4526321,2.01397,0.0717866,428,2464480,0.00896255,0.15,1,67256,66828,428
4528161,1.20279,0.0143573,429,2465940,0.00179251,0.11,1,67257,66828,429
4531081,1.84056,1.60287,429,2467400,0.0803585,0.11,1,67259,66830,429
4532741,1.16811,0.320574,430,2468860,0.0800717,0,1,67260,66830,430
4535661,1.83362,6.46411,424,2470320,0.0480143,0,1,67262,66838,424
4538581,1.96672,1.29282,426,2471780,0.0496029,0,1,67264,66838,426
4541061,8.39334,0.258565,436,2473240,0.00992057,0.13,1,67274,66838,436
4543981,3.27867,8.85171,427,2474700,0.209984,0.13,1,67276,66849,427
4546261,8.65573,1.77034,437,2476160,0.0899968,0.15,1,67286,66849,437
4549181,3.33115,9.15407,428,2477620,0.209999,0.15,1,67288,66860,428
4551041,1.46623,1.83081,429,2479080,0.21,0.15,1,67289,66860,429
4553121,25.8932,28.3662,426,2480540,0.042,0.13,1,67321,66895,426
4556041,24.3786,28.0732,422,2482000,0.00839999,0.13,1,67345,66923,422
4558961,6.47573,5.61465,424,2483460,0.12168,0.13,1,67347,66923,424
4561441,2.89515,1.12293,426,2484920,0.112336,0.1,1,67349,66923,426
4564361,8.57903,9.02459,425,2486380,0.126467,0.1,1,67359,66934,425
4566641,3.31581,1.80492,427,2487840,0.105293,0.05,1,67361,66934,427
4569561,29.4632,28.361,428,2489300,0.0850587,0.05,1,67397,66969,428
4571841,7.49263,5.6722,430,2490760,0.0490117,0.02,1,67399,66969,430
4574761,4.69853,8.33444,425,2492220,0.00980235,0.02,1,67403,66978,425
4577681,2.53971,1.66689,427,2493680,0.19396,0.02,1,67405,66978,427
4580601,2.10794,0.333378,429,2495140,0.198792,0.02,1,67407,66978,429
4582241,1.22159,0.0666755,430,2496600,0.183758,0.09,1,67408,66978,430
4585161,1.84432,6.41334,424,2498060,0.148752,0.09,1,67410,66986,424
4588081,1.96886,1.28267,426,2499520,0.10975,0.09,1,67412,66986,426
4591001,1.99377,0.256533,428,2500980,0.0699501,0.09,1,67414,66986,428
4593921,1.99875,0.0513067,430,2502440,0.08599,0.09,1,67416,66986,430
4596181,1.99975,0.0102613,432,2503900,0.185198,0.1,1,67418,66986,432
4598261,9.19995,6.40205,435,2505360,0.0370396,0.05,1,67429,66994,435
4601181,3.43999,12.4804,423,2506820,0.00740792,0.05,1,67431,67008,423
4604101,2.288,2.49608,425,2508280,0.193482,0.05,1,67433,67008,425
4606581,10.0576,0.499216,437,2509740,0.150696,0.06,1,67445,67008,437
4609501,3.61152,10.4998,426,2511200,0.206139,0.06,1,67447,67021,426
4612421,2.3223,2.09997,428,2512660,0.193228,0.06,1,67449,67021,428
4615341,2.06446,0.419994,430,2514120,0.158646,0.06,1,67451,67021,430
4618021,8.41289,0.0839987,440,2515580,0.183729,0.19,1,67461,67021,440
4619681,2.48258,8.8168,430,2517040,0.172746,0.13,1,67462,67032,430
4622601,9.29652,13.7634,426,2518500,0.154549,0.13,1,67473,67047,426
4624881,3.4593,2.75267,428,2519960,0.11891,0.14,1,67475,67047,428
4626961,120.692,125.351,422,2521420,0.039782,0.02,1,67625,67203,422
4629881,39.3384,40.2701,422,2522880,0.00795639,0.02,1,67644,67222,422
4632801,9.46767,8.05402,424,2524340,0.00159128,0.02,1,67646,67222,424
4635721,3.49353,1.6108,426,2525800,0.0163183,0.02,1,67648,67222,426
4637361,1.49871,0.322161,427,2527260,0.00326365,0,1,67649,67222,427
4640281,17.0997,20.8644,422,2528720,0.128653,0,1,67670,67248,422
4643201,5.01995,4.17289,424,2530180,0.121731,0,1,67672,67248,424
4645681,2.60399,0.834577,426,2531640,0.112346,0.05,1,67674,67248,426
4648601,10.1208,12.9669,422,2533100,0.0224692,0.05,1,67686,67264,422
4651521,3.62416,2.59338,424,2534560,0.0204938,0.05,1,67688,67264,424
4654441,2.32483,0.518677,426,2536020,0.0840988,0.05,1,67690,67264,426
4657361,2.06497,0.103735,428,2537480,0.0648198,0.05,1,67692,67264,428
4660281,2.01299,0.0207471,430,2538940,0.0289639,0.05,1,67694,67264,430
4663201,2.0026,0.00414941,432,2540400,0.00579279,0.05,1,67696,67264,432
4666121,2.00052,0.000829882,434,2541860,0.00115856,0.05,1,67698,67264,434
4667941,2.0001,0.000165976,436,2543320,0.000231712,0.26,1,67700,67264,436
4670861,3.60002,9.60003,428,2544780,4.63423e-05,0.26,1,67704,67276,428
4673141,5.52,1.92001,434,2546240,0.160009,0.12,1,67710,67276,434
4674801,1.904,5.984,428,2547700,0.176002,0.16,1,67711,67283,428
4677721,6.7808,8.3968,427,2549160,0.1392,0.16,1,67719,67292,427
4680641,2.95616,1.67936,429,2550620,0.19584,0.16,1,67721,67292,429
4683541,34.1912,0.335872,471,2552080,0.135168,0.06,1,67763,67292,471
4685621,18.0382,35.2672,441,2553540,0.0910336,0.07,1,67777,67336,441
4688541,5.20765,19.0534,428,2555000,0.0502067,0.07,1,67779,67351,428
4691461,2.64153,3.81069,430,2556460,0.0100413,0.07,1,67781,67351,430
4693941,5.32831,0.762137,436,2557920,0.0340083,0.13,1,67787,67351,436
4696861,2.66566,11.3524,424,2559380,0.0948017,0.13,1,67789,67365,424
4699141,34.9331,2.27049,467,2560840,0.0189603,0.2,1,67832,67365,467
4702061,8.58663,34.0541,427,2562300,0.147792,0.2,1,67834,67407,427
4704981,3.31733,6.81082,429,2563760,0.141558,0.2,1,67836,67407,429
4707901,2.26347,1.36216,431,2565220,0.108312,0.2,1,67838,67407,431
4709541,4.45269,0.272433,436,2566680,0.117662,0.14,1,67843,67407,436
4712461,2.49054,12.0545,423,2568140,0.0875325,0.14,1,67845,67422,423
4715381,2.09811,2.4109,425,2569600,0.0495065,0.14,1,67847,67422,425
4718301,2.01962,0.482179,427,2571060,0.0979013,0.14,1,67849,67422,427
4721221,2.00392,0.0964359,429,2572520,0.0835803,0.14,1,67851,67422,429
4724141,2.00078,0.0192872,431,2573980,0.104716,0.14,1,67853,67422,431
4726801,2.00016,0.00385743,433,2575440,0.0769432,0.18,1,67855,67422,433
4729721,8.40003,11.2008,429,2576900,0.0953886,0.18,1,67865,67436,429
4732641,3.28001,2.24015,431,2578360,0.0670777,0.18,1,67867,67436,431
4735121,2.256,0.448031,433,2579820,0.0294155,0.22,1,67869,67436,433
4737201,9.2512,8.88961,433,2581280,0.0778831,0.22,1,67880,67447,433
4740121,5.85024,8.17792,430,2582740,0.0155766,0.22,1,67885,67455,430
4743041,2.77005,1.63558,432,2584200,0.139115,0.22,1,67887,67455,432
4745521,2.15401,0.327117,434,2585660,0.131823,0.24,1,67889,67455,434
4748441,9.2308,10.4654,432,2587120,0.0823646,0.24,1,67900,67468,432
4750721,3.44616,2.09308,434,2588580,0.152473,0.2,1,67902,67468,434
4753641,8.68923,10.8186,431,2590040,0.174495,0.2,1,67912,67481,431
4755921,3.33785,2.16372,433,2591500,0.154899,0.05,1,67914,67481,433
4758001,116.668,125.233,422,2592960,0.0469798,0.14,1,68059,67637,422
4760921,40.1335,40.2465,424,2594420,0.121396,0.14,1,68080,67656,424
4763841,11.2267,8.04931,428,2595880,0.0722792,0.14,1,68084,67656,428
4766761,3.84534,1.60986,430,2597340,0.0304558,0.14,1,68086,67656,430
4768401,1.56907,0.321972,431,2598800,0.00609117,0.02,1,68087,67656,431
4771321,11.5138,17.6644,423,2600260,0.113218,0.02,1,68101,67678,423
4774241,3.90276,3.53288,425,2601720,0.102644,0.02,1,68103,67678,425
4776721,2.38055,0.706576,427,2603180,0.0685287,0,1,68105,67678,427
4779641,12.4761,16.1413,422,2604640,0.0697057,0,1,68120,67698,422
4782561,4.09522,3.22826,424,2606100,0.0459411,0,1,68122,67698,424
4785481,2.41904,0.645653,426,2607560,0.0491882,0,1,68124,67698,426
4788401,2.08381,0.12913,428,2609020,0.0258376,0,1,68126,67698,428
4791321,2.01676,0.0258261,430,2610480,0.00516753,0,1,68128,67698,430
4793361,2.00335,0.00516522,432,2611940,0.00103351,0,1,68130,67698,432
4796281,2.00067,7.20103,425,2613400,0.000206701,0,1,68132,67707,425
4799201,2.00013,1.44021,427,2614860,4.13402e-05,0,1,68134,67707,427
4801681,2.00003,0.288041,429,2616320,8.26804e-06,0.15,1,68136,67707,429
4804601,8.40001,8.85761,428,2617780,0.0480017,0.15,1,68146,67718,428
4807301,11.28,1.77152,440,2619240,0.1616,0.15,1,68158,67718,440
4810221,3.856,13.1543,426,2620700,0.15232,0.15,1,68160,67734,426
4812501,26.3712,2.63086,458,2622160,0.086464,0,1,68192,67734,458
4814161,6.07424,30.1262,422,2623620,0.0572928,0.04,1,68193,67771,422
4816241,12.4148,12.4252,428,2625080,0.0834586,0.07,1,68207,67779,428
4819161,8.88297,13.685,422,2626540,0.0486917,0.07,1,68215,67793,422
4822081,3.37659,2.73701,424,2628000,0.00973834,0.07,1,68217,67793,424
4825001,2.27532,0.547402,426,2629460,0.00194767,0.07,1,68219,67793,426
4827681,2.05506,0.10948,428,2630920,0.0483895,0.12,1,68221,67793,428
4830601,32.411,35.2219,424,2632380,0.0816779,0.12,1,68261,67837,424
4833521,8.0822,7.04438,426,2633840,0.0643356,0.12,1,68263,67837,426
4836001,3.21644,1.40888,428,2635300,0.0288671,0.08,1,68265,67837,428
4838921,7.04329,11.4818,422,2636760,0.0937734,0.08,1,68273,67851,422
4841841,3.00866,2.29635,424,2638220,0.0667547,0.08,1,68275,67851,424
4844761,2.20173,0.459271,426,2639680,0.0293509,0.08,1,68277,67851,426
4847681,2.04035,0.0918542,428,2641140,0.00587019,0.08,1,68279,67851,428
4849941,3.60807,0.0183708,432,2642600,0.017174,0.16,1,68283,67851,432
4852861,2.32161,8.80367,423,2644060,0.00343481,0.16,1,68285,67862,423
4855781,2.06432,1.76073,425,2645520,0.000686961,0.16,1,68287,67862,425
4857841,2.01286,0.352147,427,2646980,0.128137,0.02,1,68289,67862,427
4860761,3.60257,5.67043,424,2648440,0.0896275,0.02,1,68293,67869,424
4863041,2.32051,1.13409,426,2649900,0.0499255,0.06,1,68295,67869,426
4865961,8.4641,5.82682,429,2651360,0.0339851,0.06,1,68305,67876,429
4867621,8.09282,1.16536,437,2652820,0.182797,0,1,68313,67876,437
4869701,4.01856,7.43307,431,2654280,0.164559,0.11,1,68316,67885,431
4872621,3.20371,5.48661,429,2655740,0.104912,0.11,1,68319,67890,429
4875541,2.24074,1.09732,431,2657200,0.0609824,0.11,1,68321,67890,431
4878021,12.4481,0.219465,446,2658660,0.100196,0.2,1,68336,67890,446
4880941,4.08963,16.8439,427,2660120,0.116039,0.2,1,68338,67911,427
4883221,7.21793,3.36878,435,2661580,0.119208,0.07,1,68346,67911,435
4886141,3.04359,6.27376,430,2663040,0.0878416,0.07,1,68348,67918,430
4888421,112.609,1.25475,570,2664500,0.0975683,0,1,68488,67918,570
4890501,40.9217,119.451,444,2665960,0.0195137,0.04,1,68511,68067,444
4893421,9.78435,42.2902,423,2667420,0.163903,0.04,1,68513,68090,423
4896341,3.55687,8.45804,425,2668880,0.160781,0.04,1,68515,68090,425
4899261,2.31137,1.69161,427,2670340,0.128156,0.04,1,68517,68090,427
4900901,11.6623,0.338321,441,2671800,0.0416312,0.06,1,68531,68090,441
4903821,3.93245,12.0677,428,2673260,0.00832624,0.06,1,68533,68105,428
4906101,2.38649,2.41353,430,2674720,0.113665,0.13,1,68535,68105,430
4907761,1.2773,6.88271,423,2676180,0.118733,0,1,68536,68113,423
4910681,12.2555,14.1765,422,2677640,0.0397466,0,1,68551,68129,422
4913601,4.05109,2.83531,424,2679100,0.0719493,0,1,68553,68129,424
4916521,2.41022,0.567062,426,2680560,0.0463899,0,1,68555,68129,426
4919441,2.08204,0.113412,428,2682020,0.00927797,0,1,68557,68129,428
4922321,2.01641,0.0226825,430,2683480,0.00185559,0.1,1,68559,68129,430
4925241,6.00328,12.0045,422,2684940,0.000371119,0.1,1,68566,68144,422
4928161,2.80066,2.40091,424,2686400,0.0800742,0.1,1,68568,68144,424
4931081,2.16013,0.480181,426,2687860,0.0640148,0.1,1,68570,68144,426
4932721,1.23203,0.0960363,427,2689320,0.044803,0.14,1,68571,68144,427
4934801,6.64641,8.01921,425,2690780,0.00896059,0.08,1,68579,68154,425
4937721,11.7293,8.80384,429,2692240,0.00179212,0.08,1,68592,68163,429
4940641,3.94586,1.76077,431,2693700,0.112358,0.08,1,68594,68163,431
4942501,25.5892,0.352154,462,2695160,0.0944717,0.12,1,68625,68163,462
4945201,6.71783,32.8704,423,2696620,0.234894,0,1,68627,68204,423
4947281,7.74357,12.1741,424,2698080,0.174979,0.07,1,68635,68211,424
4950201,10.3487,11.2348,424,2699540,0.162996,0.07,1,68646,68222,424
4953121,3.66974,2.24696,426,2701000,0.160599,0.07,1,68648,68222,426
4956041,2.33395,0.449393,428,2702460,0.12812,0.07,1,68650,68222,428
4958721,2.06679,0.0898785,430,2703920,0.121624,0.02,1,68652,68222,430
4961641,38.0134,44.018,422,2705380,0.0243248,0.02,1,68699,68277,422
4964561,9.20267,8.80359,424,2706840,0.00486496,0.02,1,68701,68277,424
4967481,3.44053,1.76072,426,2708300,0.144973,0.02,1,68703,68277,426
4970401,2.28811,0.352144,428,2709760,0.140995,0.02,1,68705,68277,428
4972241,1.25762,0.0704287,429,2711220,0.124199,0,1,68706,68277,429
4975161,2.65152,8.01409,422,2712680,0.0728398,0,1,68709,68287,422
4978081,2.1303,1.60282,424,2714140,0.030568,0,1,68711,68287,424
4981001,2.02606,0.320563,426,2715600,0.0541136,0,1,68713,68287,426
4983681,2.00521,0.0641127,428,2717060,0.0268227,0.12,1,68715,68287,428
4986601,6.00104,9.61282,423,2718520,0.149365,0.12,1,68722,68299,423
4989521,2.80021,1.92256,425,2719980,0.141873,0.12,1,68724,68299,425
4992441,2.16004,0.384513,427,2721440,0.108375,0.12,1,68726,68299,427
4994081,1.23201,0.0769026,428,2722900,0.0856749,0.22,1,68727,68299,428
4996161,8.2464,11.2154,424,2724360,0.081135,0.05,1,68737,68313,424
4999081,9.64928,8.64308,426,2725820,0.032227,0.05,1,68747,68321,426
5002001,3.52986,1.72862,428,2727280,0.158445,0.05,1,68749,68321,428
5004901,3.90597,0.345723,432,2728740,0.143689,0.1,1,68753,68321,432
5006561,1.58119,4.86914,427,2730200,0.132738,0.17,1,68754,68327,427
5009481,10.7162,14.5738,423,2731660,0.122548,0.17,1,68767,68344,423
5011761,3.74325,2.91477,425,2733120,0.0805095,0.06,1,68769,68344,425
5014681,7.14865,6.98295,425,2734580,0.0721019,0.06,1,68777,68352,425
5016961,3.02973,1.39659,427,2736040,0.0464204,0,1,68779,68352,427
5019041,117.406,119.479,424,2737500,0.129284,0.06,1,68925,68501,424
5021961,40.2812,42.2959,422,2738960,0.105857,0.06,1,68946,68524,422
5024881,9.65624,8.45917,424,2740420,0.0931714,0.06,1,68948,68524,424
5027801,3.53125,1.69183,426,2741880,0.0586343,0.06,1,68950,68524,426
5029441,1.50625,0.338367,427,2743340,0.0357269,0,1,68951,68524,427
5031521,2.70125,6.46767,422,2744800,0.0871454,0.02,1,68954,68532,422
5034441,8.54025,9.29353,422,2746260,0.0174291,0.02,1,68964,68542,422
5037361,3.30805,1.85871,424,2747720,0.0994858,0.02,1,68966,68542,424
5040261,10.2616,0.371741,436,2749180,0.0918972,0,1,68978,68542,436
5043181,3.65232,12.0743,423,2750640,0.0503794,0,1,68980,68557,423
5046101,2.33046,2.41487,425,2752100,0.0100759,0,1,68982,68557,425
5048581,7.66609,0.482974,434,2753560,0.0340152,0.06,1,68991,68557,434
5051501,3.13322,10.4966,423,2755020,0.00680304,0.06,1,68993,68570,423
5054421,2.22664,2.09932,425,2756480,0.00136061,0.06,1,68995,68570,425
5057341,2.04533,0.419864,427,2757940,0.000272121,0.06,1,68997,68570,427
5060021,2.00907,0.0839727,429,2759400,5.44243e-05,0,1,68999,68570,429
5062941,2.00181,4.81679,425,2760860,1.08849e-05,0,1,69001,68576,425
5065221,9.20036,0.963359,436,2762320,0.144002,0.02,1,69012,68576,436
5067301,13.8401,12.1927,436,2763780,0.1008,0.02,1,69027,68591,436
5070221,4.36801,10.4385,428,2765240,0.0601601,0.02,1,69029,68601,428
5072501,20.8736,2.08771,453,2766700,0.092032,0.25,1,69054,68601,453
5075421,5.77472,22.0175,428,2768160,0.0904064,0.25,1,69056,68628,428
5077701,9.15494,4.40351,438,2769620,0.0500813,0.14,1,69066,68628,438
5079781,13.031,7.2807,444,2771080,0.0740163,0.12,1,69080,68636,444
5082701,4.2062,14.2561,430,2772540,0.118803,0.12,1,69082,68652,430
5085621,2.44124,2.85123,432,2774000,0.0957607,0.12,1,69084,68652,432
5088101,6.08825,0.570246,439,2775460,0.0191521,0.24,1,69091,68652,439
5089761,2.01765,8.11405,430,2776920,0.00383043,0.04,1,69092,68662,430
5092681,32.4035,40.0228,422,2778380,0.120766,0.04,1,69132,68710,422
5095601,8.08071,8.00456,424,2779840,0.112153,0.04,1,69134,68710,424
5098521,3.21614,1.60091,426,2781300,0.0704306,0.04,1,69136,68710,426
5101441,2.24323,0.320182,428,2782760,0.0300861,0.04,1,69138,68710,428
5104361,2.04865,0.0640365,430,2784220,0.00601723,0.04,1,69140,68710,430
5106821,2.00973,0.0128073,432,2785680,0.00120345,0,1,69142,68710,432
5109741,2.00195,5.60256,427,2787140,0.000240689,0,1,69144,68717,427
5112661,2.00039,1.12051,429,2788600,0.0960481,0,1,69146,68717,429
5114721,2.00008,0.224102,431,2790060,0.0832096,0.14,1,69148,68717,431
5116801,2.80002,5.64482,427,2791520,0.152642,0.08,1,69151,68724,427
5119721,9.36,11.529,425,2792980,0.0945284,0.08,1,69162,68737,425
5122641,5.072,2.30579,429,2794440,0.0909057,0.08,1,69166,68737,429
5125121,2.6144,0.461159,431,2795900,0.0661811,0.01,1,69168,68737,431
5127201,2.12288,3.29223,429,2797360,0.0532362,0.19,1,69170,68741,429
5129281,5.22458,7.05845,427,2798820,0.0106472,0.14,1,69176,68749,427
5132201,2.64492,4.61169,425,2800280,0.00212945,0.14,1,69178,68753,425
5133861,8.52898,0.922338,435,2801740,0.136426,0.1,1,69188,68753,435
5136781,3.3058,8.18447,427,2803200,0.131285,0.1,1,69190,68763,427
5139061,11.0612,1.63689,440,2804660,0.154257,0.07,1,69203,68763,440
5141981,3.81223,11.5274,428,2806120,0.126851,0.07,1,69205,68777,428
5144261,4.76245,2.30548,433,2807580,0.0573703,0.17,1,69210,68777,433
5147181,3.35249,8.4611,426,2809040,0.0434741,0.17,1,69213,68787,426
5149461,119.871,1.69222,575,2810500,0.136695,0.05,1,69362,68787,575
5151541,34.3741,119.538,439,2811960,0.187339,0.1,1,69375,68936,439
5154461,8.47482,38.3077,423,2813420,0.165468,0.1,1,69377,68954,423
5157381,3.29496,7.66154,425,2814880,0.201094,0.1,1,69379,68954,425
5160301,2.25899,1.53231,427,2816340,0.176219,0.1,1,69381,68954,427
5161941,7.6518,0.306461,436,2817800,0.0912437,0.12,1,69390,68954,436
5164641,3.13036,9.66129,426,2819260,0.0502487,0.12,1,69392,68966,426
5167561,3.82607,8.33226,422,2820720,0.0100497,0.12,1,69396,68974,422
5169221,4.76521,1.66645,427,2822180,0.18601,0.04,1,69401,68974,427
5170881,1.75304,5.13329,422,2823640,0.205202,0.04,1,69402,68980,422
5173801,9.15061,9.82666,422,2825100,0.12904,0.04,1,69413,68991,422
5176721,3.43012,1.96533,424,2826560,0.0898081,0.04,1,69415,68991,424
5178581,6.28602,0.393066,431,2828020,0.0179616,0,1,69422,68991,431
5181501,2.8572,8.07861,423,2829480,0.00359232,0,1,69424,69001,423
5184421,2.17144,1.61572,425,2830940,0.000718464,0,1,69426,69001,425
5187341,2.03429,0.323144,427,2832400,0.000143693,0,1,69428,69001,427
5190261,2.00686,0.0646289,429,2833860,2.87386e-05,0,1,69430,69001,429
5192101,4.40137,0.0129258,434,2835320,0.0160057,0,1,69435,69001,434
5193761,1.68027,7.20259,426,2836780,0.00320115,0.12,1,69436,69010,426
5195841,5.13606,5.44052,427,2838240,0.00064023,0.14,1,69442,69015,427
5198761,14.6272,18.6881,422,2839700,0.136128,0.14,1,69459,69037,422
5201041,4.52544,3.73762,424,2841160,0.131226,0,1,69461,69037,424
5203961,24.9051,25.5475,423,2842620,0.162245,0,1,69491,69068,423
5206881,6.58102,5.1095,425,2844080,0.144449,0,1,69493,69068,425
5209781,17.3162,1.0219,445,2845540,0.14089,0.04,1,69513,69068,445
5212701,5.06324,15.4044,428,2847000,0.116178,0.04,1,69515,69087,428
5215621,2.61265,3.08088,430,2848460,0.0872356,0.04,1,69517,69087,430
5218101,8.52253,0.616175,440,2849920,0.0174471,0.26,1,69527,69087,440
5220801,3.30451,9.72324,430,2851380,0.00348942,0,1,69529,69099,430
5223721,28.6609,33.9446,425,2852840,0.168698,0,1,69564,69139,425
5226641,7.33218,6.78893,427,2854300,0.16974,0,1,69566,69139,427
5229561,3.06644,1.35779,429,2855760,0.129948,0,1,69568,69139,429
5232241,2.21329,0.271557,431,2857220,0.0899896,0.13,1,69570,69139,431
5235161,2.04266,4.85431,427,2858680,0.0499979,0.13,1,69572,69145,427
5238081,2.00853,0.970862,429,2860140,0.00999958,0.13,1,69574,69145,429
5240561,2.00171,0.194172,431,2861600,0.0979999,0.14,1,69576,69145,431
5243481,2.00034,6.43883,425,2863060,0.0836,0.14,1,69578,69153,425
5246401,2.00007,1.28777,427,2864520,0.04872,0.14,1,69580,69153,427
5249301,6.00001,0.257553,434,2865980,0.025744,0.09,1,69587,69153,434
5251381,10,10.4515,432,2867440,0.0851488,0,1,69598,69166,432
5254301,3.6,8.4903,426,2868900,0.0650298,0,1,69600,69174,426
5257221,2.32,1.69806,428,2870360,0.069006,0,1,69602,69174,428
5259701,5.264,0.339612,434,2871820,0.0778012,0.14,1,69608,69174,434
5262401,2.6528,5.66792,429,2873280,0.0715602,0.13,1,69610,69181,429
5264481,6.93056,8.33358,428,2874740,0.110312,0.17,1,69618,69190,428
5267401,6.18611,11.2667,422,2876200,0.0780624,0.17,1,69624,69202,422
5269061,11.6372,2.25334,435,2877660,0.0876125,0.02,1,69637,69202,435
5271981,3.92744,7.65067,428,2879120,0.105522,0.02,1,69639,69211,428
5274881,2.38549,1.53013,430,2880580,0.0771045,0.18,1,69641,69211,430
5277801,2.0771,8.30603,422,2882040,0.135421,0.18,1,69643,69221,422
5279461,126.015,1.66121,579,2883500,0.139084,0.2,1,69800,69221,579
5281541,38.0031,123.532,441,2884960,0.107817,0.07,1,69816,69375,441
5284461,9.20062,36.7064,428,2886420,0.109563,0.07,1,69818,69390,428
5287381,3.44012,7.34129,430,2887880,0.0779127,0.07,1,69820,69390,430
5290301,2.28802,1.46826,432,2889340,0.0475825,0.07,1,69822,69390,432
5291941,2.8576,0.293652,435,2890800,0.0255165,0,1,69825,69390,435
5294861,2.17152,6.45873,429,2892260,0.0531033,0,1,69827,69398,429
5297761,2.0343,1.29175,431,2893720,0.0266207,0.2,1,69829,69398,431
5300681,2.00686,9.05835,422,2895180,0.00532413,0.2,1,69831,69409,422
5303381,10.0014,1.81167,434,2896640,0.0170648,0,1,69843,69409,434
5306301,3.60027,10.7623,423,2898100,0.00341297,0,1,69845,69422,423
5308581,10.3201,2.15247,435,2899560,0.000682593,0,1,69857,69422,435
5311501,3.66401,11.6305,423,2901020,0.000136519,0,1,69859,69436,423
5314421,2.3328,2.3261,425,2902480,0.0480273,0,1,69861,69436,425
5317341,2.06656,0.46522,427,2903940,0.0256055,0,1,69863,69436,427
5320261,2.01331,0.0930439,429,2905400,0.00512109,0,1,69865,69436,429
5322721,2.00266,0.0186088,431,2906860,0.00102422,0.2,1,69867,69436,431
5325641,7.60053,8.80372,429,2908320,0.0482048,0.2,1,69876,69447,429
5328341,10.3201,1.76074,440,2909780,0.073641,0.07,1,69887,69447,440
5331261,5.26402,13.9521,427,2911240,0.0147282,0.07,1,69891,69464,427
5333541,23.4528,2.79043,455,2912700,0.0669456,0.12,1,69919,69464,455
5336461,6.29056,24.5581,427,2914160,0.133389,0.12,1,69921,69494,427
5338741,19.6581,4.91162,450,2915620,0.154678,0.06,1,69944,69494,450
5341661,5.53162,24.1823,423,2917080,0.134936,0.06,1,69946,69523,423
5344581,2.70632,4.83646,425,2918540,0.194987,0.06,1,69948,69523,425
5346641,2.14126,0.967293,427,2920000,0.174997,0.12,1,69950,69523,427
5349561,10.8283,8.99346,429,2921460,0.154999,0.12,1,69963,69534,429
5351841,3.76565,1.79869,431,2922920,0.127,0.08,1,69965,69534,431
5354761,23.9531,29.1597,424,2924380,0.1854,0.08,1,69994,69570,424
5357681,6.39063,5.83195,426,2925840,0.16508,0.08,1,69996,69570,426
5360161,2.87813,1.16639,428,2927300,0.129016,0.13,1,69998,69570,428
5363081,4.57562,9.03328,422,2928760,0.161803,0.13,1,70003,69581,422
5366001,2.51512,1.80666,424,2930220,0.144361,0.13,1,70005,69581,424
5368921,2.10302,0.361331,426,2931680,0.108872,0.13,1,70007,69581,426
5371841,2.0206,0.0722662,428,2933140,0.0697744,0.13,1,70009,69581,428
5374761,2.00412,0.0144532,430,2934600,0.109955,0.13,1,70011,69581,430
5376801,2.00082,0.00289065,432,2936060,0.069991,0,1,70013,69581,432
5379721,2.00016,7.20058,425,2937520,0.0299982,0,1,70015,69590,425
5381381,9.20003,1.44012,436,2938980,0.102,0.04,1,70026,69590,436
5384301,5.04001,11.488,426,2940440,0.0923999,0.04,1,70030,69604,426
5387221,3.408,2.2976,429,2941900,0.05048,0.04,1,70033,69604,429
5389701,6.2816,0.459521,436,2943360,0.114096,0.12,1,70040,69604,436
5392621,3.65632,11.2919,425,2944820,0.118819,0.12,1,70043,69618,425
5394901,8.73126,2.25838,435,2946280,0.0957638,0.02,1,70053,69618,435
5397601,3.34625,7.65168,428,2947740,0.0591528,0.1,1,70055,69627,428
5400521,11.0693,16.7303,422,2949200,0.0838306,0.1,1,70068,69646,422
5403441,3.81385,3.34607,424,2950660,0.0487661,0.1,1,70070,69646,424
5406361,2.36277,0.669213,426,2952120,0.0657532,0.1,1,70072,69646,426
5408001,1.27255,0.133843,427,2953580,0.0611506,0.13,1,70073,69646,427
5410081,130.655,134.427,422,2955040,0.0682301,0.02,1,70236,69814,422
5413001,35.7309,35.6854,423,2956500,0.061646,0.02,1,70248,69825,423
5415921,8.74618,7.13707,425,2957960,0.0283292,0.02,1,70250,69825,425
5418841,3.34924,1.42741,427,2959420,0.00566584,0.02,1,70252,69825,427
5420481,1.46985,0.285483,428,2960880,0.0171332,0.17,1,70253,69825,428
5423401,4.29397,8.8571,422,2962340,0.0674266,0.17,1,70258,69836,422
5426321,2.45879,1.77142,424,2963800,0.0694853,0.17,1,70260,69836,424
5429241,2.09176,0.354284,426,2965260,0.0298971,0.17,1,70262,69836,426
5430881,1.21835,0.0708568,427,2966720,0.00597941,0.1,1,70263,69836,427
5433801,6.64367,10.4142,422,2968180,0.0491959,0.1,1,70271,69849,422
5436721,2.92873,2.08283,424,2969640,0.0258392,0.1,1,70273,69849,424
5438581,9.38575,0.416567,435,2971100,0.0211678,0.02,1,70284,69849,435
5441501,3.47715,11.2833,423,2972560,0.00423357,0.02,1,70286,69863,423
5444421,2.29543,2.25666,425,2974020,0.0328467,0.02,1,70288,69863,425
5446901,6.85909,0.451332,433,2975480,0.00656934,0.08,1,70296,69863,433
5449821,2.97182,9.69027,423,2976940,0.00131387,0.08,1,70298,69875,423
5452741,2.19436,1.93805,425,2978400,0.000262774,0.08,1,70300,69875,425
5455221,2.03887,0.387611,427,2979860,5.25547e-05,0,1,70302,69875,427
5457301,17.2078,4.87752,442,2981320,1.05109e-05,0.21,1,70323,69881,442
5460221,5.04155,14.5755,427,2982780,0.112002,0.21,1,70325,69898,427
5462081,1.80831,2.9151,428,2984240,0.1184,0.14,1,70326,69898,428
5465001,21.1617,20.583,429,2985700,0.13568,0.14,1,70352,69923,429
5467281,5.83233,4.1166,431,2987160,0.107136,0.13,1,70354,69923,431
5470201,17.9665,24.0233,423,2988620,0.0854272,0.13,1,70375,69952,423
5473121,5.19329,4.80466,425,2990080,0.185085,0.13,1,70377,69952,425
5476041,2.63866,0.960933,427,2991540,0.181017,0.13,1,70379,69952,427
5477681,1.32773,0.192187,428,2993000,0.164203,0.12,1,70380,69952,428
5479761,8.26555,10.4384,425,2994460,0.160841,0.12,1,70390,69965,425
5482681,8.85311,8.48769,426,2995920,0.0321681,0.12,1,70399,69973,426
5484341,23.3706,1.69754,453,2997380,0.0864336,0.14,1,70426,69973,453
5487261,6.27412,25.9395,423,2998840,0.0652867,0.14,1,70428,70005,423
5490181,2.85482,5.1879,425,3000300,0.0290573,0.14,1,70430,70005,425
5493101,2.17096,1.03758,427,3001760,0.317811,0.14,1,70432,70005,427
5494741,2.03419,0.207516,429,3003220,0.343562,0.06,1,70434,70005,429
5497661,2.00684,6.4415,423,3004680,0.316712,0.06,1,70436,70013,423
5500581,2.00137,1.2883,425,3006140,0.383342,0.06,1,70438,70013,425
5503501,2.00027,0.25766,427,3007600,0.364668,0.06,1,70440,70013,427
5505761,2.00005,0.051532,429,3009060,0.328934,0.1,1,70442,70013,429
5508681,2.00001,4.01031,426,3010520,0.289787,0.1,1,70444,70018,426
5511381,10,0.802061,438,3011980,0.257957,0.11,1,70456,70018,438
5513461,6,8.96041,432,3013440,0.299591,0,1,70461,70029,432
5516381,3.6,6.59208,429,3014900,0.347918,0,1,70464,70035,429
5518241,1.52,1.31842,430,3016360,0.341584,0.11,1,70465,70035,430
5520321,1.904,5.06368,426,3017820,0.308317,0.13,1,70467,70041,426
5523241,5.9808,9.01274,423,3019280,0.309663,0.13,1,70474,70051,423
5524901,8.39616,1.80255,432,3020740,0.293933,0.07,1,70483,70051,432
5527821,3.27923,8.36051,424,3022200,0.250787,0.07,1,70485,70061,424
5530101,11.8558,1.6721,438,3023660,0.322157,0.07,1,70499,70061,438
5533021,3.97117,9.13442,429,3025120,0.312431,0.07,1,70501,70072,429
5535301,2.39423,1.82688,431,3026580,0.278486,0,1,70503,70072,431
5538221,2.07885,4.36538,428,3028040,0.239697,0,1,70505,70077,428
5540501,126.816,0.873075,586,3029500,0.143939,0.17,1,70663,70077,586
5542581,32.5632,132.175,430,3030960,0.188788,0.04,1,70672,70242,430
5544661,12.1126,32.0349,430,3032420,0.125758,0.08,1,70679,70249,430
5547581,4.02253,13.607,423,3033880,0.0811515,0.08,1,70681,70258,423
5550501,2.40451,2.7214,425,3035340,0.0322303,0.08,1,70683,70258,425
5552981,4.4809,0.544279,430,3036800,0.110446,0.01,1,70688,70258,430
5555901,2.49618,7.30886,423,3038260,0.0940892,0.01,1,70690,70267,423
5558821,2.09924,1.46177,425,3039720,0.0588178,0.01,1,70692,70267,425
5561741,2.01985,0.292354,427,3041180,0.0277636,0.01,1,70694,70267,427
5563381,2.80397,0.0584708,430,3042640,0.00555271,0,1,70697,70267,430
5566301,2.16079,7.21169,423,3044100,0.0811105,0,1,70699,70276,423
5568581,14.8322,1.44234,441,3045560,0.0322221,0,1,70717,70276,441
5571501,4.56643,16.2885,423,3047020,0.00644442,0,1,70719,70296,423
5574421,2.51329,3.25769,425,3048480,0.00128888,0,1,70721,70296,425
5576901,2.90266,0.651539,428,3049940,0.000257777,0,1,70724,70296,428
5579821,2.18053,5.73031,423,3051400,5.15554e-05,0,1,70726,70303,423
5582741,2.03611,1.14606,425,3052860,1.03111e-05,0,1,70728,70303,425
5585661,2.00722,0.229212,427,3054320,2.06221e-06,0,1,70730,70303,427
5587301,22.0014,0.0458425,454,3055780,0.0160004,0.04,1,70757,70303,454
5590221,6.00029,21.6092,429,3057240,0.1152,0.04,1,70759,70330,429
5593121,2.80006,4.32183,431,3058700,0.10304,0.2,1,70761,70330,431
5596041,25.36,28.8644,427,3060160,0.140608,0.2,1,70792,70365,427
5598321,6.672,5.77287,429,3061620,0.132122,0.16,1,70794,70365,429
5601241,15.7344,21.1546,422,3063080,0.0984243,0.16,1,70812,70390,422
5604161,4.74688,4.23091,424,3064540,0.123685,0.16,1,70814,70390,424
5607081,2.54938,0.846183,426,3066000,0.152737,0.16,1,70816,70390,426
5608721,1.30988,0.169237,427,3067460,0.142547,0.07,1,70817,70390,427
5610801,6.66198,4.83385,429,3068920,0.148509,0.18,1,70825,70396,429
5612881,7.7324,8.96677,427,3070380,0.141702,0.41,1,70833,70406,427
5615801,31.1465,26.5934,433,3071840,0.28434,0.41,1,70870,70437,433
5618721,7.8293,5.31867,435,3073300,0.336868,0.41,1,70872,70437,435
5621641,3.16586,1.06373,437,3074760,0.323374,0.41,1,70874,70437,437
5624561,2.23317,0.212747,439,3076220,0.288675,0.41,1,70876,70437,439
5627481,2.04663,0.0425494,441,3077680,0.249735,0.41,1,70878,70437,441
5629941,2.00933,0.00850987,443,3079140,0.193947,0.38,1,70880,70437,443
5632861,2.00187,9.6017,433,3080600,0.150789,0.38,1,70882,70449,433
5635781,2.00037,1.92034,435,3082060,0.110158,0.38,1,70884,70449,435
5638701,2.00007,0.384068,437,3083520,0.190032,0.38,1,70886,70449,437
5640341,6.00001,0.0768136,444,3084980,0.222006,0.33,1,70893,70449,444
5642001,2,8.81536,434,3086440,0.212401,0.28,1,70894,70460,434
5644921,7.6,10.5631,432,3087900,0.22648,0.28,1,70903,70471,432
5647841,3.12,2.11261,434,3089360,0.197296,0.28,1,70905,70471,434
5650761,2.224,0.422523,436,3090820,0.167459,0.28,1,70907,70471,436
5652821,2.0448,0.0845046,438,3092280,0.281492,0.27,1,70909,70471,438
5654901,12.409,4.0169,448,3093740,0.248298,0.38,1,70924,70476,448
5657821,4.08179,9.60338,439,3095200,0.23366,0.38,1,70926,70487,439
5660101,10.4164,1.92068,451,3096660,0.182732,0.3,1,70938,70487,451
5663021,3.68327,16.3841,433,3098120,0.196546,0.3,1,70940,70507,433
5665941,2.33665,3.27683,435,3099580,0.167309,0.3,1,70942,70507,435
5668861,2.06733,0.655365,437,3101040,0.241462,0.3,1,70944,70507,437
5670501,127.613,0.131073,596,3102500,0.152292,0.15,1,71103,70507,596
5673201,27.1227,136.026,428,3103960,0.134458,0.13,1,71105,70677,428
5676121,9.42454,36.0052,422,3105420,0.0508917,0.13,1,71110,70688,422
5679041,3.48491,7.20105,424,3106880,0.162178,0.13,1,71112,70688,424
5681521,2.29698,1.44021,426,3108340,0.160436,0,1,71114,70688,426
5684441,4.4594,5.88804,424,3109800,0.152087,0,1,71119,70695,424
5687361,2.49188,1.17761,426,3111260,0.118417,0,1,71121,70695,426
5690281,2.09838,0.235522,428,3112720,0.159683,0,1,71123,70695,428
5691921,1.21968,0.0471043,429,3114180,0.151937,0.07,1,71124,70695,429
5694841,1.84394,6.40942,423,3115640,0.158387,0.07,1,71126,70703,423
5697121,1.96879,1.28188,425,3117100,0.143677,0,1,71128,70703,425
5700041,17.9938,20.2564,422,3118560,0.0447355,0,1,71150,70728,422
5702961,5.19875,4.05128,424,3120020,0.0089471,0,1,71152,70728,424
5705881,2.63975,0.810255,426,3121480,0.00178942,0,1,71154,70728,426
5708801,2.12795,0.162051,428,3122940,0.000357884,0,1,71156,70728,428
5710641,1.22559,0.0324102,429,3124400,7.15768e-05,0,1,71157,70728,429
5713561,1.84512,1.60648,429,3125860,1.43154e-05,0,1,71159,70730,429
5715221,1.96902,0.321296,431,3127320,2.86307e-06,0.21,1,71161,70730,431
5717301,24.3938,8.06426,451,3128780,0.0400006,0,1,71191,70740,451
5720221,6.47876,23.2129,426,3130240,0.0240001,0,1,71193,70767,426
5723141,2.89575,4.64257,428,3131700,0.00480002,0,1,71195,70767,428
5725621,23.7792,0.928514,457,3133160,0.23296,0.12,1,71224,70767,457
5728541,6.35583,24.9857,428,3134620,0.270592,0.12,1,71226,70798,428
5730821,14.8712,4.99714,445,3136080,0.230118,0.24,1,71243,70798,445
5733741,4.57423,18.5994,425,3137540,0.190024,0.24,1,71245,70820,425
5736661,2.51485,3.71989,427,3139000,0.206005,0.24,1,71247,70820,427
5739581,2.10297,0.743977,429,3140460,0.225201,0.24,1,71249,70820,429
5741221,2.02059,0.148795,431,3141920,0.19704,0.14,1,71251,70820,431
5743301,22.8041,4.82976,453,3143380,0.255408,0.06,1,71279,70826,453
5745381,27.7608,18.566,460,3144840,0.331082,0.24,1,71308,70848,460
5748301,7.15216,27.7132,432,3146300,0.370216,0.24,1,71310,70878,432
5751221,3.03043,5.54264,434,3147760,0.402043,0.24,1,71312,70878,434
5754141,2.20609,1.10853,436,3149220,0.376409,0.24,1,71314,70878,436
5756821,2.04122,0.221705,438,3150680,0.395282,0.33,1,71316,70878,438
5759741,2.00824,8.04434,430,3152140,0.367056,0.33,1,71318,70888,430
5762661,2.00165,1.60887,432,3153600,0.329411,0.33,1,71320,70888,432
5765581,2.00033,0.321774,434,3155060,0.297882,0.33,1,71322,70888,434
5768501,2.00007,0.0643547,436,3156520,0.331576,0.33,1,71324,70888,436
5770341,8.40001,0.0128709,446,3157980,0.370315,0.31,1,71334,70888,446
5773041,3.28,8.80257,437,3159440,0.346063,0.28,1,71336,70899,437
5775961,3.856,12.9605,427,3160900,0.285213,0.28,1,71340,70913,427
5778881,2.3712,2.5921,429,3162360,0.321043,0.28,1,71342,70913,429
5781801,2.07424,0.518421,431,3163820,0.296209,0.28,1,71344,70913,431
5783441,1.21485,0.103684,432,3165280,0.275242,0.23,1,71345,70913,432
5785521,9.04297,10.4207,430,3166740,0.367048,0.24,1,71356,70926,430
5788441,10.6086,7.68415,434,3168200,0.33741,0.24,1,71367,70933,434
5790101,7.72172,1.53683,441,3169660,0.363482,0.26,1,71374,70933,441
5793021,3.14434,9.10737,432,3171120,0.392696,0.26,1,71376,70944,432
5795941,2.22887,1.82147,434,3172580,0.414539,0.26,1,71378,70944,434
5798421,7.64577,0.364295,443,3174040,0.434908,0.29,1,71387,70944,443
5800501,121.529,8.07286,583,3175500,0.342982,0.21,1,71537,70954,583
5803421,25.9058,127.215,428,3176960,0.292596,0.21,1,71539,71111,428
5806321,6.78117,25.4429,430,3178420,0.250519,0.16,1,71541,71111,430
5809241,2.95623,7.48858,429,3179880,0.210104,0.16,1,71543,71114,429
5810901,2.99125,1.49772,432,3181340,0.154021,0.15,1,71546,71114,432
5812561,1.39825,4.29954,428,3182800,0.126804,0.16,1,71547,71119,428
5815481,1.87965,6.45991,423,3184260,0.0973608,0.16,1,71549,71126,423
5818401,1.97593,1.29198,425,3185720,0.275472,0.16,1,71551,71126,425
5821321,1.99519,0.258396,427,3187180,0.287094,0.16,1,71553,71126,427
5822961,1.19904,0.0516793,428,3188640,0.273419,0.17,1,71554,71126,428
5825881,4.23981,8.81034,422,3190100,0.334684,0.17,1,71559,71137,422
5828161,2.44796,1.76207,424,3191560,0.314937,0,1,71561,71137,424
5831081,14.8896,16.3524,422,3193020,0.198987,0,1,71579,71157,422
5834001,4.57792,3.27048,424,3194480,0.151797,0,1,71581,71157,424
5836921,2.51558,0.654096,426,3195940,0.166359,0,1,71583,71157,426
5839601,2.10312,0.130819,428,3197400,0.137272,0.14,1,71585,71157,428
5842521,4.42062,8.82616,422,3198860,0.0594544,0.14,1,71590,71168,422
5845441,2.48412,1.76523,424,3200320,0.0358909,0.14,1,71592,71168,424
5847301,24.4968,0.353047,454,3201780,0.0631782,0,1,71622,71168,454
5850221,8.09936,25.6706,426,3203240,0.0126356,0,1,71626,71200,426
5853141,4.81987,5.13412,430,3204700,0.0185271,0,1,71630,71200,430
5855621,28.964,1.02682,465,3206160,0.123705,0.24,1,71665,71200,465
5858541,7.39279,29.0054,431,3207620,0.144741,0.24,1,71667,71236,431
5860821,13.4786,5.80107,446,3209080,0.124948,0.23,1,71682,71236,446
5863741,4.29571,11.5602,435,3210540,0.0889896,0.23,1,71684,71249,435
5866661,2.45914,2.31204,437,3212000,0.185798,0.23,1,71686,71249,437
5869141,2.89183,0.462409,440,3213460,0.15716,0.3,1,71689,71249,440
5871841,3.77837,5.69248,437,3214920,0.215432,0.26,1,71693,71256,437
5873921,15.1557,21.1385,430,3216380,0.235086,0.32,1,71711,71281,430
5876841,36.6311,35.4277,433,3217840,0.343017,0.32,1,71753,71320,433
5879761,8.92623,7.08554,435,3219300,0.404603,0.32,1,71755,71320,435
5882681,3.38525,1.41711,437,3220760,0.392921,0.32,1,71757,71320,437
5885601,2.27705,0.283422,439,3222220,0.414584,0.32,1,71759,71320,439
5888521,2.05541,0.0566843,441,3223680,0.386917,0.32,1,71761,71320,441
5890561,2.01108,0.0113369,443,3225140,0.349383,0.43,1,71763,71320,443
5893481,2.00222,8.80227,434,3226600,0.389877,0.43,1,71765,71331,434
5896401,2.00044,1.76045,436,3228060,0.365975,0.43,1,71767,71331,436
5898881,2.00009,0.352091,438,3229520,0.329195,0.29,1,71769,71331,438
5901801,9.20002,6.47042,441,3230980,0.345839,0.29,1,71780,71339,441
5904081,3.44,1.29408,443,3232440,0.325168,0.31,1,71782,71339,443
5907001,2.288,3.45882,441,3233900,0.289034,0.31,1,71784,71343,441
5909281,2.0576,0.691763,443,3235360,0.329807,0.41,1,71786,71343,443
5912201,4.41152,6.53835,440,3236820,0.257961,0.41,1,71791,71351,440
5914481,2.4823,1.30767,442,3238280,0.371592,0.37,1,71793,71351,442
5916561,3.69646,7.46153,437,3239740,0.386318,0.39,1,71797,71360,437
5918641,19.1393,11.8923,447,3241200,0.293264,0.47,1,71820,71373,447
5921561,8.62786,11.9785,441,3242660,0.194653,0.47,1,71826,71385,441
5924481,4.92557,2.39569,445,3244120,0.238931,0.47,1,71830,71385,445
5926961,2.58511,0.479138,447,3245580,0.223786,0.36,1,71832,71385,447
5929041,2.11702,7.29583,440,3247040,0.260757,0.12,1,71834,71394,440
5931961,117.223,123.859,433,3248500,0.340151,0.12,1,71980,71547,433
5934881,25.0447,24.7718,435,3249960,0.32403,0.12,1,71982,71547,435
5937801,6.60894,4.95437,437,3251420,0.280806,0.12,1,71984,71547,437
5940721,2.92179,0.990873,439,3252880,0.240161,0.12,1,71986,71547,439
5942981,3.78436,0.198175,443,3254340,0.368032,0.26,1,71990,71547,443
5945901,2.35687,6.43964,437,3255800,0.361606,0.26,1,71992,71555,437
5948821,2.07137,1.28793,439,3257260,0.328321,0.26,1,71994,71555,439
5951741,2.01427,0.257585,441,3258720,0.289664,0.26,1,71996,71555,441
5954001,2.00285,0.0515171,443,3260180,0.257933,0.32,1,71998,71555,443
5956921,2.00057,12.8103,429,3261640,0.403587,0.32,1,72000,71571,429
5959201,2.00011,2.56206,431,3263100,0.400717,0.14,1,72002,71571,431
5961281,2.00002,8.51241,423,3264560,0.368143,0.05,1,72004,71581,423
5964201,7.6,9.70248,422,3266020,0.377629,0.05,1,72013,71591,422
5967121,3.12,1.9405,424,3267480,0.347526,0.05,1,72015,71591,424
5970041,2.224,0.388099,426,3268940,0.309505,0.05,1,72017,71591,426
5972721,2.0448,0.0776198,428,3270400,0.277901,0,1,72019,71591,428
5975641,2.00896,5.61552,423,3271860,0.23958,0,1,72021,71598,423
5977301,26.8018,1.1231,456,3273320,0.095916,0,1,72054,71598,456
5980221,6.96036,28.2246,423,3274780,0.0351832,0,1,72056,71633,423
5983141,2.99207,5.64492,425,3276240,0.00703664,0,1,72058,71633,425
5985621,34.1984,1.12898,467,3277700,0.145407,0,1,72100,71633,467
5988541,10.8397,33.8258,430,3279160,0.189081,0,1,72105,71675,430
5990821,10.9679,6.76516,441,3280620,0.149816,0.1,1,72116,71675,441
5992901,4.59359,7.75303,436,3282080,0.149963,0.1,1,72119,71683,436
5995821,3.31872,7.95061,431,3283540,0.141993,0.1,1,72122,71691,431
5998741,2.26374,1.59012,433,3285000,0.116399,0.1,1,72124,71691,433
6001221,6.85275,0.318024,441,3286460,0.18328,0.13,1,72132,71691,441
6002881,2.17055,7.26361,433,3287920,0.172656,0.28,1,72133,71700,433
6004961,13.2341,17.4527,429,3289380,0.210531,0.42,1,72149,71720,429
6007881,41.0468,34.6905,438,3290840,0.466106,0.42,1,72197,71759,438
6010801,9.80936,6.93811,440,3292300,0.485221,0.42,1,72199,71759,440
6013281,3.56187,1.38762,442,3293760,0.457044,0.36,1,72201,71759,442
6016201,2.31237,6.67752,436,3295220,0.419409,0.36,1,72203,71767,436
6019121,2.06247,1.3355,438,3296680,0.483882,0.36,1,72205,71767,438
6022041,2.01249,0.267101,440,3298140,0.464776,0.36,1,72207,71767,440
6023681,1.2025,0.0534202,441,3299600,0.444955,0.31,1,72208,71767,441
6026601,1.8405,6.41068,435,3301060,0.416991,0.31,1,72210,71775,435
6029521,1.9681,1.28214,437,3302520,0.379398,0.31,1,72212,71775,437
6031381,8.39362,0.256427,447,3303980,0.37188,0.3,1,72222,71775,447
6034301,3.27872,6.45129,441,3305440,0.490376,0.3,1,72224,71783,441
6036581,3.05574,1.29026,444,3306900,0.474075,0.24,1,72227,71783,444
6039501,3.01115,6.65805,439,3308360,0.422815,0.24,1,72230,71791,439
6041781,2.20223,1.33161,441,3309820,0.388563,0.43,1,72232,71791,441
6044701,2.04045,3.46632,439,3311280,0.349713,0.43,1,72234,71795,439
6046981,8.40809,0.693264,449,3312740,0.341943,0.32,1,72244,71795,449
6049061,12.8816,10.5387,450,3314200,0.364388,0.22,1,72258,71808,450
6051141,7.37632,14.1077,441,3315660,0.304878,0.3,1,72264,71823,441
6054061,3.07526,10.8215,433,3317120,0.260976,0.3,1,72266,71833,433
6056981,2.21505,2.16431,435,3318580,0.412195,0.3,1,72268,71833,435
6059461,6.84301,0.432862,443,3320040,0.338439,0.21,1,72276,71833,443
6061541,117.369,7.28657,579,3321500,0.403688,0.44,1,72421,71842,579
6064461,25.0737,118.257,435,3322960,0.384738,0.44,1,72423,71988,435
6067381,6.61474,23.6515,437,3324420,0.356948,0.44,1,72425,71988,437
6070301,2.92295,4.73029,439,3325880,0.31939,0.44,1,72427,71988,439
6072981,5.38459,0.946058,445,3327340,0.239878,0.32,1,72433,71988,445
6075901,2.67692,4.98921,441,3328800,0.415976,0.32,1,72435,71994,441
6078181,3.73538,0.997842,445,3330260,0.507195,0.44,1,72439,71994,445
6081101,2.34708,4.99957,441,3331720,0.493439,0.44,1,72441,72000,441
6084021,2.06942,0.999914,443,3333180,0.458688,0.44,1,72443,72000,443
6086501,2.01388,0.199983,445,3334640,0.427738,0.34,1,72445,72000,445
6089421,2.00278,12.04,432,3336100,0.397548,0.34,1,72447,72015,432
6092341,2.00056,2.408,434,3337560,0.359509,0.34,1,72449,72015,434
6094401,2.00011,0.4816,436,3339020,0.319902,0.19,1,72451,72015,436
6097321,2.00002,12.8963,422,3340480,0.43998,0.19,1,72453,72031,422
6100241,2,2.57926,424,3341940,0.431996,0.19,1,72455,72031,424
6103161,2,0.515853,426,3343400,0.398399,0.19,1,72457,72031,426
6105841,2,0.103171,428,3344860,0.35968,0,1,72459,72031,428
6108761,21.2,25.6206,422,3346320,0.279936,0,1,72485,72063,422
6111681,5.84,5.12413,424,3347780,0.351987,0,1,72487,72063,424
6114161,2.768,1.02483,426,3349240,0.334397,0.18,1,72489,72063,426
6117081,37.3536,34.605,429,3350700,0.130879,0.18,1,72535,72106,429
6119361,9.07072,6.92099,431,3352160,0.0581759,0.15,1,72537,72106,431
6121441,7.41414,11.7842,425,3353620,0.0996352,0.1,1,72544,72119,425
6124361,9.48283,10.3568,425,3355080,0.051927,0.1,1,72554,72129,425
6127281,3.49657,2.07137,427,3356540,0.0343854,0.1,1,72556,72129,427
6129761,2.29931,0.414274,429,3358000,0.00687708,0.19,1,72558,72129,429
6132681,14.0599,12.0829,431,3359460,0.0653754,0.19,1,72575,72144,431
6135381,12.412,2.41657,443,3360920,0.205075,0.24,1,72587,72144,443
6137461,47.2824,6.08331,492,3362380,0.513015,0.5,1,72643,72151,492
6140381,11.8565,44.4167,441,3363840,0.534603,0.5,1,72646,72205,441
6143301,3.9713,8.88333,443,3365300,0.506921,0.5,1,72648,72205,443
6146221,2.39426,1.77667,445,3366760,0.589384,0.5,1,72650,72205,445
6147861,1.27885,0.355333,446,3368220,0.589877,0.35,1,72651,72205,446
6150781,1.85577,6.47107,440,3369680,0.557975,0.35,1,72653,72213,440
6153701,1.97115,1.29421,442,3371140,0.519595,0.35,1,72655,72213,442
6156621,1.99423,0.258843,444,3372600,0.487919,0.35,1,72657,72213,444
6159541,1.99885,0.0517685,446,3374060,0.449584,0.35,1,72659,72213,446
6161381,1.19977,0.0103537,447,3375520,0.425917,0.52,1,72660,72213,447
6163461,9.83995,8.80207,448,3376980,0.501183,0.36,1,72672,72224,448
6166381,3.56799,10.5604,439,3378440,0.484237,0.36,1,72674,72235,439
6169301,2.3136,2.11208,441,3379900,0.448847,0.36,1,72676,72235,441
6172221,2.06272,0.422417,443,3381360,0.537769,0.36,1,72678,72235,443
6175141,2.01254,0.0844833,445,3382820,0.523554,0.36,1,72680,72235,445
6176981,6.80251,0.0168967,453,3384280,0.552711,0.38,1,72688,72235,453
6179061,11.7605,14.4034,448,3385740,0.582542,0.29,1,72701,72253,448
6181141,9.5521,11.6807,446,3387200,0.548508,0.32,1,72710,72264,446
6184061,3.51042,11.9361,436,3388660,0.517702,0.32,1,72712,72276,436
6186981,2.30208,2.38723,438,3390120,0.47954,0.32,1,72714,72276,438
6189461,9.26042,0.477445,449,3391580,0.447908,0.32,1,72725,72276,449
6191541,117.852,6.49549,586,3393040,0.641582,0.32,1,72870,72284,586
6194461,25.1704,116.499,444,3394500,0.648316,0.32,1,72872,72428,444
6197381,6.63408,23.2998,446,3395960,0.617663,0.32,1,72874,72428,446
6200301,2.92682,4.65996,448,3397420,0.699533,0.32,1,72876,72428,448
6201941,2.18536,0.931993,450,3398880,0.683907,0.49,1,72878,72428,450
6204861,3.63707,10.5864,441,3400340,0.728781,0.49,1,72882,72441,441
6207781,3.92741,2.11728,445,3401800,0.721756,0.49,1,72886,72441,445
6210261,2.38548,0.423456,447,3403260,0.688351,0.43,1,72888,72441,447
6213181,2.0771,11.2847,435,3404720,0.65767,0.43,1,72890,72455,435
6216101,2.01542,2.25694,437,3406180,0.643534,0.43,1,72892,72455,437
6219021,2.00308,0.451388,439,3407640,0.616707,0.43,1,72894,72455,439
6221941,2.00062,0.0902775,441,3409100,0.579341,0.43,1,72896,72455,441
6224861,2.00012,0.0180555,443,3410560,0.659868,0.43,1,72898,72455,443
6227521,2.00002,0.0036111,445,3412020,0.715974,0.26,1,72900,72455,445
6230441,2,7.20072,438,3413480,0.695195,0.26,1,72902,72464,438
6233361,2,1.44014,440,3414940,0.659039,0.26,1,72904,72464,440
6236281,2,0.288029,442,3416400,0.627808,0.26,1,72906,72464,442
6238341,9.2,0.0576058,453,3417860,0.717562,0.26,1,72917,72464,453
6241261,3.44,23.2115,426,3419320,0.703512,0.26,1,72919,72493,426
6244181,2.288,4.6423,428,3420780,0.668702,0.26,1,72921,72493,428
6246661,34.8576,0.928461,471,3422240,0.69374,0.04,1,72964,72493,471
6248741,13.3715,35.3857,435,3423700,0.666748,0.08,1,72972,72537,435
6251661,4.2743,18.2771,423,3425160,0.63735,0.08,1,72974,72551,423
6253941,12.8549,3.65543,438,3426620,0.65547,0,1,72989,72551,438
6256861,4.17097,11.9311,426,3428080,0.651094,0,1,72991,72565,426
6259781,2.43419,2.38622,428,3429540,0.618219,0,1,72993,72565,428
6262261,18.0868,0.477243,450,3431000,0.667644,0.28,1,73015,72565,450
6264341,22.8174,13.6954,457,3432460,0.765529,0.33,2,73039,72582,457
6266001,5.36347,16.3391,441,3433920,0.769106,0.48,2,73040,72599,441
6268921,46.6727,49.6678,440,3435380,0.817821,0.48,2,73097,72657,440
6271841,10.9345,9.93356,442,3436840,0.795564,0.48,2,73099,72657,442
6274761,3.78691,1.98671,444,3438300,0.767113,0.48,2,73101,72657,444
6277681,2.35738,0.397342,446,3439760,0.777423,0.48,2,73103,72657,446
6280601,2.07148,0.0794685,448,3441220,0.747485,0.48,1,73105,72657,448
6283521,2.0143,0.0158937,450,3442680,0.709497,0.48,1,73107,72657,450
6286181,5.20286,0.00317874,456,3444140,0.805899,0.62,2,73113,72657,456
6289101,2.64057,8.00064,448,3445600,0.88118,0.62,2,73115,72667,448
6292001,2.12811,1.60013,450,3447060,0.872236,0.44,2,73117,72667,450
6294921,2.02562,7.52003,443,3448520,0.838447,0.44,2,73119,72676,443
6297201,2.00512,1.50401,445,3449980,0.799689,0.58,2,73121,72676,445
6300121,9.20103,9.1008,445,3451440,0.807938,0.58,2,73132,72687,445
6303041,3.4402,1.82016,447,3452900,0.777588,0.58,2,73134,72687,447
6305521,2.28804,0.364032,449,3454360,0.811517,0.52,2,73136,72687,449
6307601,6.85761,2.47281,454,3455820,0.730304,0.47,1,73144,72690,454
6309681,10.1715,14.8946,447,3457280,0.722061,0.46,1,73155,72708,447
6312601,9.2343,10.1789,447,3458740,0.672412,0.46,1,73164,72717,447
6315521,5.04686,2.03578,451,3460200,0.718482,0.46,1,73168,72717,451
6318001,2.60937,0.407156,453,3461660,0.695696,0.53,1,73170,72717,453
6320081,6.92187,10.4814,448,3463120,0.691139,0.61,1,73178,72730,448
6323001,125.384,117.296,459,3464580,0.682228,0.61,1,73333,72874,459
6325281,26.6769,23.4593,461,3466040,0.656446,0.72,1,73335,72874,461
6328201,8.53537,14.2919,453,3467500,0.587289,0.72,1,73339,72886,453
6331121,3.30707,2.85837,455,3468960,0.541458,0.72,1,73341,72886,455
6334041,2.26141,0.571674,457,3470420,0.716292,0.72,1,73343,72886,457
6335681,1.25228,0.114335,458,3471880,0.735258,0.7,1,73344,72886,458
6338601,5.05046,8.82287,453,3473340,0.675052,0.7,1,73350,72897,453
6341521,2.61009,1.76457,455,3474800,0.63901,0.7,1,73352,72897,455
6344441,2.12202,0.352915,457,3476260,0.719802,0.7,1,73354,72897,457
6347361,2.0244,0.0705829,459,3477720,0.70396,0.7,1,73356,72897,459
6350281,2.00488,0.0141166,461,3479180,0.692792,0.7,1,73358,72897,461
6352321,2.00098,0.00282332,463,3480640,0.666558,0.69,1,73360,72897,463
6355241,2.0002,4.00056,460,3482100,0.701312,0.69,1,73362,72902,460
6358161,2.00004,0.800113,462,3483560,0.684262,0.69,1,73364,72902,462
6360021,1.20001,0.160023,463,3485020,0.664852,0.83,1,73365,72902,463
6362941,1.84,8.032,455,3486480,0.628971,0.83,1,73367,72912,455
6365861,1.968,1.6064,457,3487940,0.653794,0.83,1,73369,72912,457
6368341,8.3936,0.32128,467,3489400,0.778759,0.68,2,73379,72912,467
6371261,3.27872,6.46426,461,3490860,0.771752,0.68,2,73381,72920,461
6373541,3.85574,1.29285,465,3492320,0.71435,0.79,1,73385,72920,465
6375201,1.57115,11.4586,452,3493780,0.68687,0.7,1,73386,72934,452
6378121,36.3142,36.6917,454,3495240,0.737374,0.7,1,73431,72977,454
6381041,8.86285,7.33834,456,3496700,0.811475,0.7,2,73433,72977,456
6383941,8.17257,1.46767,464,3498160,0.754295,0.65,2,73441,72977,464
6386021,15.2345,11.4935,467,3499620,0.678859,0.55,1,73458,72991,467
6388941,4.6469,11.0987,458,3501080,0.631772,0.55,1,73460,73002,458
6390801,1.72938,2.21974,459,3502540,0.606354,0.81,1,73461,73002,459
6392881,20.3459,18.8439,461,3504000,0.761271,0.9,2,73486,73025,461
6395801,23.2692,24.5688,459,3505460,0.808254,0.9,2,73510,73051,459
6398501,48.6538,4.91376,514,3506920,0.785651,0.78,2,73565,73051,514
6401421,11.3308,42.5828,464,3508380,0.75713,0.78,2,73567,73103,464
6404341,3.86615,8.51655,466,3509840,0.727426,0.78,1,73569,73103,466
6406821,2.37323,1.70331,468,3511300,0.697485,0.83,1,73571,73103,468
6409741,2.07465,8.34066,460,3512760,0.651497,0.83,1,73573,73113,460
6412661,2.01493,1.66813,462,3514220,0.650299,0.83,1,73575,73113,462
6415141,2.00299,0.333626,464,3515680,0.80206,0.85,2,73577,73113,464
6418061,2.0006,4.06673,461,3517140,0.816412,0.85,2,73579,73118,461
6420981,2.00012,0.813345,463,3518600,0.891282,0.85,2,73581,73118,463
6423041,2.00002,0.162669,465,3520060,0.858256,0.89,2,73583,73118,465
6425961,6,8.03253,462,3521520,0.739651,0.89,1,73590,73128,462
6428241,2.8,1.60651,464,3522980,0.84393,0.8,2,73592,73128,464
6431161,2.16,7.5213,457,3524440,0.832786,0.8,2,73594,73137,457
6434081,2.032,1.50426,459,3525900,0.798557,0.8,2,73596,73137,459
6436561,2.0064,0.300852,461,3527360,0.751711,0.72,2,73598,73137,461
6438641,11.6013,14.4602,457,3528820,0.726342,0.75,1,73612,73155,457
6441561,13.5203,12.492,459,3530280,0.697268,0.75,1,73626,73167,459
6444261,13.1041,2.49841,472,3531740,0.771454,0.69,2,73639,73167,472
6447181,4.22081,9.29968,463,3533200,0.786291,0.69,2,73641,73178,463
6449041,1.64416,1.85994,464,3534660,0.773258,0.8,2,73642,73178,464
6451121,7.52883,8.37199,463,3536120,0.674652,0.78,1,73651,73188,463
6454041,119.106,124.874,456,3537580,0.72693,0.78,1,73798,73342,456
6456961,25.4212,24.9749,458,3539040,0.833386,0.78,2,73800,73342,458
6459881,6.68423,4.99498,460,3540500,0.822677,0.78,2,73802,73342,460
6461521,2.13685,0.998995,461,3541960,0.804535,0.65,2,73803,73342,461
6464441,3.62737,7.3998,456,3543420,0.744907,0.65,1,73807,73351,456
6467361,2.32547,1.47996,458,3544880,0.700981,0.65,1,73809,73351,458
6470261,5.26509,0.295992,464,3546340,0.748196,0.73,1,73815,73351,464
6473181,2.65302,8.0592,456,3547800,0.845639,0.73,2,73817,73361,456
6476101,2.1306,1.61184,458,3549260,0.825128,0.73,2,73819,73361,458
6479021,2.02612,0.322368,460,3550720,0.813026,0.73,2,73821,73361,460
6481941,2.00522,0.0644736,462,3552180,0.778605,0.73,2,73823,73361,462
6484821,2.00104,0.0128947,464,3553640,0.739721,0.67,1,73825,73361,464
6487741,2.00021,5.60258,459,3555100,0.699944,0.67,1,73827,73368,459
6490661,2.00004,1.12052,461,3556560,0.811989,0.67,2,73829,73368,461
6493581,2.00001,0.224103,463,3558020,0.874398,0.67,2,73831,73368,463
6495221,1.2,0.0448206,464,3559480,0.87888,0.7,2,73832,73368,464
6496881,1.04,7.20896,456,3560940,0.863776,0.72,2,73833,73377,456
6499801,9.008,9.44179,457,3562400,0.852755,0.72,2,73844,73387,457
6502721,3.4016,1.88836,459,3563860,0.898551,0.72,2,73846,73387,459
6505641,2.28032,0.377672,461,3565320,0.87571,0.72,2,73848,73387,461
6507701,38.0561,0.0755343,508,3566780,0.783142,0.76,2,73895,73387,508
6510621,10.8112,42.4151,459,3568240,0.732628,0.76,1,73899,73440,459
6512901,13.3622,8.48302,473,3569700,0.714526,0.69,1,73913,73440,473
6514561,5.07245,13.6966,461,3571160,0.662905,0.76,1,73916,73455,461
6517481,8.21449,12.3393,458,3572620,0.660581,0.76,1,73925,73467,458
6520401,3.2429,2.46786,460,3574080,0.628116,0.76,1,73927,73467,460
6523301,27.0486,0.493573,493,3575540,0.749623,0.81,1,73960,73467,493
6525381,16.6097,25.6987,475,3577000,0.733925,0.78,1,73974,73499,475
6527461,48.9219,15.5397,519,3578460,0.714785,0.71,1,74031,73512,519
6530381,11.3844,49.5079,463,3579920,0.774957,0.71,2,74033,73570,463
6533301,3.87688,9.90159,465,3581380,0.754991,0.71,2,74035,73570,465
6535361,2.37538,1.98032,467,3582840,0.718998,0.91,1,74037,73570,467
6538281,2.07508,9.19606,458,3584300,0.7998,0.91,2,74039,73581,458
6541201,2.01502,1.83921,460,3585760,0.78396,0.91,2,74041,73581,460
6544121,2.003,0.367843,462,3587220,0.756792,0.91,2,74043,73581,462
6547041,2.0006,0.0735685,464,3588680,0.727358,0.91,1,74045,73581,464
6548881,1.20012,0.0147137,465,3590140,0.777472,0.83,2,74046,73581,465
6551801,5.04002,10.4029,458,3591600,0.827494,0.83,2,74052,73594,458
6554721,2.608,2.08059,460,3593060,0.805499,0.83,2,74054,73594,460
6557641,2.1216,0.416118,462,3594520,0.8571,0.83,2,74056,73594,462
6559281,1.22432,0.0832235,463,3595980,0.85942,0.73,2,74057,73594,463
6562201,1.84486,7.21664,456,3597440,0.827884,0.73,2,74059,73603,456
6565121,1.96897,1.44333,458,3598900,0.789577,0.73,2,74061,73603,458
6567601,1.99379,0.288666,460,3600360,0.749915,0.75,1,74063,73603,460
6569681,15.5988,16.0577,459,3601820,0.805983,0.85,2,74082,73623,459
6571761,9.51975,7.21155,462,3603280,0.769197,0.65,2,74090,73628,462
6574681,13.904,19.8423,454,3604740,0.785839,0.65,2,74105,73651,454
6577601,4.38079,3.96846,456,3606200,0.797168,0.65,2,74107,73651,456
6580081,2.47616,0.793692,458,3607660,0.767434,0.84,2,74109,73651,458
6582161,9.29523,9.75874,457,3609120,0.793487,0.76,2,74120,73663,457
6585081,118.659,115.552,461,3610580,0.798697,0.76,2,74266,73805,461
6588001,25.3318,23.1103,463,3612040,0.767739,0.76,2,74268,73805,463
6590921,6.66636,4.62207,465,3613500,0.737548,0.76,1,74270,73805,465
6592561,2.13327,0.924414,466,3614960,0.71551,0.87,1,74271,73805,466
6595481,3.62665,9.78488,458,3616420,0.655102,0.87,1,74275,73817,458
6598401,2.32533,1.95698,460,3617880,0.82702,0.87,2,74277,73817,460
6600881,2.06507,0.391395,462,3619340,0.829404,0.83,2,74279,73817,462
6603801,5.21301,2.47828,465,3620800,0.757881,0.83,2,74285,73820,465
6606721,2.6426,0.495656,467,3622260,0.719576,0.83,1,74287,73820,467
6608581,1.32852,0.0991312,468,3623720,0.831915,0.91,2,74288,73820,468
6611501,1.8657,8.01983,460,3625180,0.822383,0.91,2,74290,73830,460
6614421,1.97314,1.60397,462,3626640,0.788477,0.91,2,74292,73830,462
6617341,1.99463,0.320793,464,3628100,0.757695,0.91,2,74294,73830,464
6620261,1.99893,0.0641586,466,3629560,0.711539,0.91,1,74296,73830,466
6623141,1.99979,0.0128317,468,3631020,0.670308,0.84,1,74298,73830,468
6626061,1.99996,3.20257,466,3632480,0.750062,0.84,2,74300,73834,466
6627921,1.19999,0.640513,467,3633940,0.758012,0.87,2,74301,73834,467
6630841,6.64,11.3281,461,3635400,0.735602,0.87,1,74309,73848,461
6633121,2.928,2.26562,463,3636860,0.69912,0.78,1,74311,73848,463
6636041,3.7856,10.8531,454,3638320,0.627824,0.78,1,74315,73861,454
6637701,35.1571,2.17062,497,3639780,0.725565,0.67,1,74358,73861,497
6640621,8.63142,33.2341,458,3641240,0.713113,0.67,1,74360,73902,458
6642901,13.7263,6.64682,473,3642700,0.798623,0.66,2,74375,73902,473
6645601,4.34526,19.7294,452,3644160,0.783725,0.62,2,74377,73925,452
6648521,13.6691,9.54587,461,3645620,0.716745,0.62,1,74393,73932,461
6650801,4.33381,1.90917,463,3647080,0.807349,0.81,2,74395,73932,463
6653721,31.2668,30.7818,463,3648540,0.70547,0.81,1,74433,73970,463
6655381,11.8534,6.15637,470,3650000,0.661094,0.8,1,74440,73970,470
6657461,47.9707,10.0313,516,3651460,0.740219,0.82,1,74497,73981,516
6660381,11.1941,48.4063,460,3652920,0.724044,0.82,1,74499,74039,460
6663301,3.83883,9.68125,462,3654380,0.688809,0.82,1,74501,74039,462
6666221,2.36777,1.93625,464,3655840,0.721762,0.82,1,74503,74039,464
6667861,1.27355,0.38725,465,3657300,0.712352,0.72,1,74504,74039,465
6670781,1.85471,4.87745,461,3658760,0.67847,0.72,1,74506,74045,461
6673701,1.97094,0.97549,463,3660220,0.647694,0.72,1,74508,74045,463
6676181,2.79419,0.195098,466,3661680,0.601539,0.87,1,74511,74045,466
6679101,3.75884,8.83902,459,3663140,0.768308,0.87,2,74515,74056,459
6682021,3.15177,1.7678,462,3664600,0.753662,0.87,2,74518,74056,462
6684941,2.23035,0.353561,464,3666060,0.838732,0.87,2,74520,74056,464
6686581,1.24607,0.0707121,465,3667520,0.839746,0.76,2,74521,74056,465
6689501,1.84921,4.81414,461,3668980,0.799949,0.76,2,74523,74062,461
6692421,1.96984,0.962828,463,3670440,0.75999,0.76,2,74525,74062,463
6695341,1.99397,0.192566,465,3671900,0.719998,0.76,1,74527,74062,465
6696981,4.39879,0.0385131,470,3673360,0.752,0.91,2,74532,74062,470
6698641,1.67976,8.8077,460,3674820,0.7424,0.82,1,74533,74073,460
6701561,17.936,20.1615,459,3676280,0.78048,0.82,2,74555,74096,459
6704261,17.1872,4.03231,476,3677740,0.708096,0.77,1,74572,74096,476
6707181,6.63744,15.2065,462,3679200,0.685619,0.77,1,74576,74114,462
6710101,3.72749,3.04129,465,3680660,0.689124,0.77,1,74579,74114,465
6712581,11.1455,0.608258,478,3682120,0.849825,0.84,2,74592,74114,478
6714661,115.829,13.7217,603,3683580,0.881965,0.87,2,74734,74131,603
6717581,24.7658,119.544,459,3685040,0.856393,0.87,2,74736,74277,459
6720501,6.55316,23.9089,461,3686500,0.819279,0.87,2,74738,74277,461
6723421,2.91063,4.78177,463,3687960,0.779856,0.87,2,74740,74277,463
6725681,2.18213,0.956354,465,3689420,0.747971,0.86,1,74742,74277,465
6728601,2.03643,8.99127,456,3690880,0.861594,0.86,2,74744,74288,456
6731521,2.00729,1.79825,458,3692340,0.852319,0.86,2,74746,74288,458
6734441,2.00146,0.359651,460,3693800,0.818464,0.86,2,74748,74288,460
6737121,2.00029,0.0719302,462,3695260,0.779693,0.78,2,74750,74288,462
6740041,3.60006,3.21439,462,3696720,0.731939,0.78,1,74754,74292,462
6742321,3.12001,0.642877,465,3698180,0.850388,0.82,2,74757,74292,465
6745241,3.024,10.5286,455,3699640,0.826078,0.82,2,74760,74305,455
6748161,2.2048,2.10572,457,3701100,0.789216,0.82,2,74762,74305,457
6751081,2.04096,0.421143,459,3702560,0.853843,0.82,2,74764,74305,459
6754001,2.00819,0.0842286,461,3704020,0.842769,0.82,2,74766,74305,461
6756921,2.00164,0.0168457,463,3705480,0.856554,0.82,2,74768,74305,463
6758961,2.00033,0.00336914,465,3706940,0.827311,0.63,2,74770,74305,465
6761881,2.00007,7.20067,458,3708400,0.789462,0.63,2,74772,74314,458
6764161,2.00001,1.44013,460,3709860,0.749892,0.69,1,74774,74314,460
6766241,6.8,7.48803,459,3711320,0.781978,0.87,2,74782,74323,459
6769161,44.56,40.6976,464,3712780,0.884396,0.87,2,74836,74372,464
6771441,10.512,8.13952,466,3714240,0.880879,0.88,2,74838,74372,466
6774361,5.3024,10.4279,459,3715700,0.888176,0.88,2,74842,74383,459
6776641,4.26048,2.08558,463,3717160,0.889635,0.83,2,74846,74383,463
6778721,11.2521,10.0171,464,3718620,0.897927,0.91,2,74859,74395,464
6781641,3.85042,6.00342,461,3720080,0.875585,0.91,2,74861,74400,461
6783301,31.1701,1.20068,499,3721540,0.807117,0.65,2,74899,74400,499
6785381,20.634,32.2401,477,3723000,0.785423,0.81,2,74917,74440,477
6787461,32.9268,16.848,500,3724460,0.765085,0.68,2,74953,74453,500
6790381,9.78536,41.7696,456,3725920,0.705017,0.68,1,74957,74501,456
6792661,9.95707,8.35392,466,3727380,0.765003,0.64,2,74967,74501,466
6795581,3.59141,7.27078,461,3728840,0.745001,0.64,1,74969,74508,461
6798501,2.31828,1.45416,463,3730300,0.709,0.64,1,74971,74508,463
6801421,2.06366,0.290831,465,3731760,0.6618,0.64,1,74973,74508,465
6803061,1.21273,0.0581663,466,3733220,0.63636,0.86,1,74974,74508,466
6805981,1.84255,9.61163,456,3734680,0.839272,0.86,2,74976,74520,456
6808901,1.96851,1.92233,458,3736140,0.847854,0.86,2,74978,74520,458
6811821,1.9937,0.384465,460,3737600,0.825571,0.86,2,74980,74520,460
6814501,5.19874,0.0768931,466,3739060,0.821114,0.75,2,74986,74520,466
6817421,2.63975,4.01538,463,3740520,0.908223,0.75,2,74988,74525,463
6820321,2.12795,0.803076,465,3741980,0.901645,0.74,2,74990,74525,465
6823241,2.02559,6.56062,459,3743440,0.916329,0.74,2,74992,74533,459
6826161,2.00512,1.31212,461,3744900,0.887266,0.74,2,74994,74533,461
6829061,4.40102,0.262425,466,3746360,0.865453,0.8,2,74999,74533,466
6831141,19.2802,4.85249,483,3747820,0.813091,0.84,2,75022,74539,483
6833221,18.256,20.9705,476,3749280,0.826618,0.74,2,75040,74564,476
6836141,5.25121,16.9941,462,3750740,0.821324,0.74,2,75042,74580,462
6839061,2.65024,3.39882,464,3752200,0.836265,0.74,2,75044,74580,464
6841121,2.13005,0.679764,466,3753660,0.807253,0.82,2,75046,74580,466
6843201,16.426,17.736,464,3755120,0.769451,0.87,2,75066,74602,464
6846121,113.685,117.947,459,3756580,0.80189,0.87,2,75204,74745,459
6849041,24.337,23.5894,461,3758040,0.776378,0.87,2,75206,74745,461
6851961,6.46741,4.71789,463,3759500,0.819276,0.87,2,75208,74745,463
6854881,2.89348,0.943577,465,3760960,0.915855,0.87,2,75210,74745,465
6857801,2.1787,0.188715,467,3762420,0.903171,0.87,2,75212,74745,467
6860261,2.03574,0.0377431,469,3763880,0.868634,0.73,2,75214,74745,469
6863181,2.00715,5.60755,464,3765340,0.885727,0.73,2,75216,74752,464
6866101,2.00143,1.12151,466,3766800,0.865145,0.73,2,75218,74752,466
6868161,2.00029,0.224302,468,3768260,0.837029,0.88,2,75220,74752,468
6870241,3.60006,4.04486,467,3769720,0.911406,0.85,2,75224,74757,467
6873161,2.32001,7.20897,461,3771180,0.894281,0.85,2,75226,74765,461
6876081,2.064,1.44179,463,3772640,0.858856,0.85,2,75228,74765,463
6879001,2.0128,0.288359,465,3774100,0.819771,0.85,2,75230,74765,465
6881681,2.00256,0.0576718,467,3775560,0.779954,0.86,2,75232,74765,467
6884601,3.60051,8.01153,461,3777020,0.835991,0.86,2,75236,74775,461
6887521,2.3201,1.60231,463,3778480,0.815198,0.86,2,75238,74775,463
6890441,2.06402,0.320461,465,3779940,0.80304,0.86,2,75240,74775,465
6893361,2.0128,0.0640923,467,3781400,0.768608,0.86,2,75242,74775,467
6895201,1.20256,0.0128185,468,3782860,0.745722,0.86,1,75243,74775,468
6897281,3.44051,10.4026,459,3784320,0.837144,0.88,2,75247,74788,459
6900201,47.8881,46.0805,463,3785780,0.839429,0.88,2,75306,74843,463
6903121,11.1776,9.2161,465,3787240,0.815886,0.88,2,75308,74843,465
6906021,7.03552,1.84322,471,3788700,0.787177,0.85,2,75314,74843,471
6907681,2.2071,4.36864,467,3790160,0.765435,0.81,2,75315,74848,467
6910601,10.0414,15.2737,461,3791620,0.697087,0.81,1,75327,74866,461
6913301,35.6083,3.05475,503,3793080,0.883417,0.86,2,75369,74866,503
6915381,18.3217,35.011,474,3794540,0.840684,0.7,2,75383,74909,474
6917461,39.6643,18.2022,505,3796000,0.784137,0.82,2,75428,74923,505
6920381,11.1329,37.2404,467,3797460,0.852827,0.82,2,75432,74965,467
6922661,4.62657,7.44809,470,3798920,0.818566,0.72,2,75435,74965,470
6925581,2.52531,5.48962,467,3800380,0.851713,0.72,2,75437,74970,467
6927861,3.70506,1.09792,471,3801840,0.794343,0.87,2,75441,74970,471
6930781,2.34101,5.81958,466,3803300,0.750869,0.87,2,75443,74977,466
6933701,2.0682,1.16392,468,3804760,0.710174,0.87,1,75445,74977,468
6936621,2.01364,0.232783,470,3806220,0.702035,0.87,1,75447,74977,470
6938261,1.20273,0.0465567,471,3807680,0.740407,0.82,1,75448,74977,471
6939921,1.04055,2.40931,469,3809140,0.732081,0.93,1,75449,74980,469
6942841,1.80811,6.88186,463,3810600,0.818416,0.93,2,75451,74988,463
6945121,1.96162,1.37637,465,3812060,0.859683,0.88,2,75453,74988,465
6948041,6.79232,8.27527,463,3813520,0.723937,0.88,1,75461,74998,463
6950961,2.95846,1.65505,465,3814980,0.664787,0.88,1,75463,74998,465
6953881,2.19169,0.331011,467,3816440,0.804958,0.88,2,75465,74998,467
6956561,2.03834,0.0662022,469,3817900,0.792991,0.83,2,75467,74998,469
6959481,3.60767,4.81324,467,3819360,0.726598,0.83,1,75471,75004,467
6961141,19.9215,0.962648,491,3820820,0.69732,0.94,1,75495,75004,491
6963221,15.1843,20.9925,479,3822280,0.723464,0.8,1,75509,75030,479
6966141,4.63686,16.9985,465,3823740,0.696693,0.8,1,75511,75046,465
6969061,2.52737,3.3997,467,3825200,0.659339,0.8,1,75513,75046,467
6971541,4.50547,0.67994,472,3826660,0.699868,0.91,1,75518,75046,472
6973621,12.1011,8.13599,476,3828120,0.739974,0.75,1,75532,75056,476
6975701,115.22,11.2272,605,3829580,0.731995,0.88,1,75673,75068,605
6978621,24.644,118.245,462,3831040,0.770399,0.88,2,75675,75213,462
6981541,6.52881,23.6491,464,3832500,0.74608,0.88,1,75677,75213,464
6984461,2.90576,4.72982,466,3833960,0.701216,0.88,1,75679,75213,466
6987381,2.18115,0.945963,468,3835420,0.772243,0.88,2,75681,75213,468
6990261,2.03623,0.189193,470,3836880,0.754449,0.79,2,75683,75213,470
6993181,2.00725,7.23784,463,3838340,0.71089,0.79,1,75685,75222,463
6996101,2.00145,1.44757,465,3839800,0.670178,0.79,1,75687,75222,465
6999021,2.00029,0.289514,467,3841260,0.702036,0.79,1,75689,75222,467
7000661,2.80006,0.0579027,470,3842720,0.652407,0.86,1,75692,75222,470
7003581,2.16001,10.4116,459,3844180,0.762481,0.86,2,75694,75235,459
7006501,2.032,2.08232,461,3845640,0.752496,0.86,2,75696,75235,461
7009421,2.0064,0.416463,463,3847100,0.718499,0.86,1,75698,75235,463
7012341,2.00128,0.0832926,465,3848560,0.6797,0.86,1,75700,75235,465
7014181,2.80026,0.0166585,468,3850020,0.75994,0.87,2,75703,75235,468
7017101,2.16005,8.80333,459,3851480,0.743988,0.87,1,75705,75246,459
7020021,2.03201,1.76067,461,3852940,0.708798,0.87,1,75707,75246,461
7022941,2.0064,0.352133,463,3854400,0.67776,0.87,1,75709,75246,463
7025861,2.00128,0.0704266,465,3855860,0.759552,0.87,2,75711,75246,465
7027701,6.00026,0.0140853,472,3857320,0.78391,0.85,2,75718,75246,472
7029781,49.2001,9.60282,520,3858780,0.700782,0.83,1,75778,75258,520
7032701,11.44,49.9206,462,3860240,0.652156,0.83,1,75780,75318,462
7035621,3.888,9.98411,464,3861700,0.610431,0.83,1,75782,75318,464
7038541,2.3776,1.99682,466,3863160,0.730086,0.83,1,75784,75318,466
7040181,14.8755,0.399364,484,3864620,0.666017,0.91,1,75802,75318,484
7042261,29.3751,13.6799,500,3866080,0.637203,0.9,1,75835,75335,500
7043921,6.67502,37.936,457,3867540,0.615441,0.73,1,75836,75379,457
7046001,12.535,17.1872,459,3869000,0.643088,0.81,1,75850,75391,459
7048921,40.107,41.8374,458,3870460,0.664618,0.81,1,75897,75439,458
7051841,9.6214,8.36749,460,3871920,0.756923,0.81,2,75899,75439,460
7054761,3.52428,1.6735,462,3873380,0.743385,0.81,1,75901,75439,462
7056401,1.50486,0.334699,463,3874840,0.724677,0.87,1,75902,75439,463
7059321,5.10097,11.2669,455,3876300,0.728935,0.87,1,75908,75453,455
7062241,2.62019,2.25339,457,3877760,0.705787,0.87,1,75910,75453,457
7065161,2.12404,0.450678,459,3879220,0.725157,0.87,1,75912,75453,459
7068081,2.02481,0.0901355,461,3880680,0.697031,0.87,1,75914,75453,461
7071001,2.00496,0.0180271,463,3882140,0.659406,0.87,1,75916,75453,463
7073041,2.00099,0.00360542,465,3883600,0.739881,0.75,1,75918,75453,465
7075961,6.0002,12.8007,456,3885060,0.715976,0.75,1,75925,75469,456
7078881,2.80004,2.56014,458,3886520,0.799195,0.75,2,75927,75469,458
7081801,2.16001,0.512029,460,3887980,0.783839,0.75,2,75929,75469,460
7084721,2.032,0.102406,462,3889440,0.748768,0.75,1,75931,75469,462
7087601,2.0064,0.0204811,464,3890900,0.701754,0.79,1,75933,75469,464
7089681,7.60128,10.4041,460,3892360,0.700351,0.78,1,75942,75482,460
7091761,20.7203,21.2808,460,3893820,0.58007,0.76,1,75966,75506,460
7094681,12.1441,10.6562,462,3895280,0.692014,0.76,1,75976,75514,462
7097601,4.02881,2.13123,464,3896740,0.706403,0.76,1,75978,75514,464
7100081,2.40576,0.426247,466,3898200,0.74128,0.87,1,75980,75514,466
7102161,3.68115,8.08525,460,3899660,0.724256,0.73,1,75984,75524,460
7104241,11.9362,16.0171,456,3901120,0.736851,0.77,1,75998,75542,456
7107161,111.987,115.203,453,3902580,0.80337,0.77,2,76135,75682,453
7110081,23.9974,23.0407,455,3904040,0.880674,0.77,2,76137,75682,455
7113001,6.39949,4.60814,457,3905500,0.920135,0.77,2,76139,75682,457
7115921,2.8799,0.921627,459,3906960,0.896027,0.77,2,76141,75682,459
7117761,1.37598,0.184325,460,3908420,0.875205,0.64,2,76142,75682,460
7120681,3.4752,8.03687,454,3909880,0.943041,0.64,2,76146,75692,454
7123601,2.29504,1.60737,456,3911340,0.932608,0.64,2,76148,75692,456
7126521,2.05901,0.321475,458,3912800,0.898522,0.64,2,76150,75692,458
7129201,2.0118,0.0642949,460,3914260,0.859704,0.67,2,76152,75692,460
7132121,2.00236,6.41286,454,3915720,0.819941,0.67,2,76154,75700,454
7135041,2.00047,1.28257,456,3917180,0.779988,0.67,2,76156,75700,456
7137961,2.00009,0.256514,458,3918640,0.915998,0.67,2,76158,75700,458
7139601,1.20002,0.0513029,459,3920100,0.9272,0.7,2,76159,75700,459
7142521,3.44,5.61026,456,3921560,0.85744,0.7,2,76163,75707,456
7145441,2.288,1.12205,458,3923020,0.811488,0.7,2,76165,75707,458
7147921,2.0576,0.22441,460,3924480,0.770298,0.79,2,76167,75707,460
7150841,5.21152,8.84488,455,3925940,0.874059,0.79,2,76173,75718,455
7153761,2.6423,1.76898,457,3927400,0.886812,0.79,2,76175,75718,457
7156241,2.12846,0.353795,459,3928860,0.849362,0.63,2,76177,75718,459
7158321,3.62569,5.67076,456,3930320,0.865872,0.67,2,76181,75725,456
7161241,47.1251,52.3342,450,3931780,0.861175,0.67,2,76239,75789,450
7164161,11.025,10.4668,452,3933240,0.828235,0.67,2,76241,75789,452
7167081,3.80501,2.09337,454,3934700,0.789647,0.67,2,76243,75789,454
7168721,1.561,0.418673,455,3936160,0.773929,0.67,2,76244,75789,455
7170801,17.9122,16.8837,456,3937620,0.794786,0.56,2,76266,75810,456
7173721,30.7824,28.9767,458,3939080,0.854957,0.56,2,76300,75842,458
7176421,20.5565,5.79535,476,3940540,0.834991,0.7,2,76318,75842,476
7178501,38.5113,19.5591,496,3942000,0.886998,0.76,2,76361,75865,496
7181421,9.30226,37.5118,456,3943460,0.8654,0.76,2,76363,75907,456
7184341,3.46045,7.50236,458,3944920,0.87708,0.76,2,76365,75907,458
7187261,2.29209,1.50047,460,3946380,0.871416,0.76,2,76367,75907,460
7188901,4.45842,0.300094,465,3947840,0.790283,0.67,2,76372,75907,465
7191821,2.49168,6.46002,459,3949300,0.742057,0.67,1,76374,75915,459
7194741,2.09834,1.292,461,3950760,0.764411,0.67,2,76376,75915,461
7197661,2.01967,0.258401,463,3952220,0.728882,0.67,1,76378,75915,463
7200341,2.00393,0.0516801,465,3953680,0.689776,0.72,1,76380,75915,465
7203261,2.00079,7.21034,458,3955140,0.721955,0.72,1,76382,75924,458
7205541,6.80016,1.44207,466,3956600,0.792391,0.72,2,76390,75924,466
7208461,2.96003,9.08841,457,3958060,0.774478,0.72,2,76392,75935,457
7211381,2.19201,1.81768,459,3959520,0.746896,0.72,1,76394,75935,459
7214301,2.0384,0.363537,461,3960980,0.861379,0.72,2,76396,75935,461
7217221,2.00768,0.0727073,463,3962440,0.852276,0.72,2,76398,75935,463
7220101,6.80154,0.0145415,471,3963900,0.834455,0.7,2,76406,75935,471
7222181,16.5603,16.8029,469,3965360,0.766891,0.56,2,76425,75956,469
7224261,17.7121,12.1606,476,3966820,0.761378,0.72,2,76443,75967,476
7227181,5.14241,16.0321,461,3968280,0.808276,0.72,2,76445,75984,461
7230101,2.62848,3.20642,463,3969740,0.793655,0.72,2,76447,75984,463
7232581,9.3257,0.641285,474,3971200,0.758731,0.75,2,76458,75984,474
7234661,7.46514,10.5283,468,3972660,0.727746,0.76,1,76465,75997,468
7236741,112.693,10.9057,596,3974120,0.753549,0.96,2,76604,76008,596
7239661,24.1386,112.581,460,3975580,0.72671,0.96,1,76606,76146,460
7242581,6.42772,22.5162,462,3977040,0.681342,0.96,1,76608,76146,462
7245501,2.88554,4.50324,464,3978500,0.728268,0.96,1,76610,76146,464
7248421,2.17711,0.900649,466,3979960,0.713654,0.96,1,76612,76146,466
7250261,2.83542,0.18013,469,3981420,0.782731,0.93,2,76615,76146,469
7253181,2.16708,10.436,458,3982880,0.764546,0.93,2,76617,76159,458
7256101,2.03342,2.08721,460,3984340,0.728909,0.93,1,76619,76159,460
7259021,2.00668,0.417441,462,3985800,0.689782,0.93,1,76621,76159,462
7261941,2.00134,0.0834882,464,3987260,0.705956,0.93,1,76623,76159,464
7264861,2.00027,0.0166976,466,3988720,0.677191,0.93,1,76625,76159,466
7267781,2.00005,0.00333953,468,3990180,0.799438,0.93,2,76627,76159,468
7270021,2.00001,0.000667905,470,3991640,0.791888,0.84,2,76629,76159,470
7272101,2,3.20013,468,3993100,0.782378,0.96,2,76631,76163,468
7275021,2,6.24003,463,3994560,0.740476,0.96,1,76633,76170,463
7277941,2,1.24801,465,3996020,0.852095,0.96,2,76635,76170,465
7280421,2,0.249601,467,3997480,0.842419,0.91,2,76637,76170,467
7282501,8.4,3.24992,473,3998940,0.672484,0.81,1,76647,76174,473
7285421,4.08,11.85,462,4000400,0.782497,0.81,2,76650,76188,462
7288341,2.416,2.37,464,4001860,0.772499,0.81,2,76652,76188,464
7290821,46.8832,0.473999,522,4003320,0.7385,0.89,1,76710,76188,522
7293741,10.9766,50.4948,461,4004780,0.6997,0.89,1,76712,76251,461
7296661,3.79533,10.099,463,4006240,0.71594,0.89,1,76714,76251,463
7299581,2.35907,2.01979,465,4007700,0.759188,0.89,2,76716,76251,465
7301221,17.2718,0.403958,486,4009160,0.679838,0.9,1,76737,76251,486
7303301,24.2544,16.0808,492,4010620,0.743968,0.86,1,76763,76271,492
7305381,25.6509,28.0162,487,4012080,0.692793,0.83,1,76789,76302,487
7307041,7.53017,28.8032,461,4013540,0.650559,0.73,1,76792,76331,461
7309961,35.106,40.1606,460,4015000,0.714112,0.73,1,76834,76374,460
7312881,10.2212,8.03213,464,4016460,0.718822,0.73,1,76838,76374,464
7315801,3.64424,1.60643,466,4017920,0.735764,0.73,1,76840,76374,466
7318721,2.32885,0.321285,468,4019380,0.771153,0.73,2,76842,76374,468
7320981,2.06577,0.064257,470,4020840,0.746231,0.92,1,76844,76374,470
7323901,2.01315,8.01285,462,4022300,0.741246,0.92,1,76846,76384,462
7326821,2.00263,1.60257,464,4023760,0.748249,0.92,1,76848,76384,464
7329741,2.00053,0.320514,466,4025220,0.75765,0.92,2,76850,76384,466
7332661,2.00011,0.0641028,468,4026680,0.72753,0.92,1,76852,76384,468
7335541,2.00002,0.0128206,470,4028140,0.689506,0.77,1,76854,76384,470
7337621,6.8,6.40256,470,4029600,0.737901,0.81,1,76862,76392,470
7340541,2.96,7.68051,464,4031060,0.71558,0.81,1,76864,76400,464
7343461,2.192,1.5361,466,4032520,0.679116,0.81,1,76866,76400,466
7346381,2.0384,0.30722,468,4033980,0.639823,0.81,1,76868,76400,468
7349061,7.60768,0.0614441,477,4035440,0.615965,0.82,1,76877,76400,477
7350721,2.32154,17.6123,456,4036900,0.595193,0.66,1,76878,76422,456
7352801,13.2643,9.92246,464,4038360,0.631039,0.82,1,76894,76430,464
7354881,9.85286,13.9845,458,4039820,0.718208,0.8,1,76903,76445,458
7357801,7.57057,5.9969,461,4041280,0.751642,0.8,2,76910,76449,461
7360721,3.11411,1.19938,463,4042740,0.726328,0.8,1,76912,76449,463
7362581,11.8228,0.239876,477,4044200,0.705266,0.77,1,76926,76449,477
7365281,3.96456,13.648,462,4045660,0.669053,0.8,1,76928,76466,462
7368201,114.393,121.93,455,4047120,0.805811,0.8,2,77070,76615,455
7371121,24.4786,24.3859,457,4048580,0.801162,0.8,2,77072,76615,457
7374041,6.49572,4.87718,459,4050040,0.848232,0.8,2,77074,76615,459
7376961,2.89914,0.975437,461,4051500,0.825646,0.8,2,77076,76615,461
7378801,1.37983,0.195087,462,4052960,0.805129,0.69,2,77077,76615,462
7381721,3.47597,7.23902,457,4054420,0.881026,0.69,2,77081,76624,457
7384641,2.29519,1.4478,459,4055880,0.864205,0.69,2,77083,76624,459
7387561,2.05904,0.289561,461,4057340,0.924841,0.69,2,77085,76624,461
7390481,2.01181,0.0579121,463,4058800,0.896968,0.69,2,77087,76624,463
7392321,1.20236,0.0115824,464,4060260,0.875394,0.84,2,77088,76624,464
7395241,1.84047,10.4023,453,4061720,0.839079,0.84,2,77090,76637,453
7398161,1.96809,2.08046,455,4063180,0.799816,0.84,2,77092,76637,455
7401081,1.99362,0.416093,457,4064640,0.759963,0.84,2,77094,76637,457
7404001,1.99872,0.0832185,459,4066100,0.879993,0.84,2,77096,76637,459
7406921,1.99974,0.0166437,461,4067560,0.895999,0.84,2,77098,76637,461
7408961,1.99995,0.00332874,463,4069020,0.8672,0.65,2,77100,76637,463
7411041,3.59999,7.20067,458,4070480,0.90944,0.75,2,77104,76646,458
7413961,5.52,7.04013,457,4071940,0.829888,0.75,2,77110,76653,457
7416881,2.704,1.40803,459,4073400,0.917978,0.75,2,77112,76653,459
7419361,2.1408,0.281605,461,4074860,0.911596,0.71,2,77114,76653,461
7422281,50.0282,56.8563,452,4076320,0.814319,0.71,2,77176,76724,452
7425201,11.6056,11.3713,454,4077780,0.754864,0.71,2,77178,76724,454
7428121,3.92113,2.27425,456,4079240,0.766973,0.71,2,77180,76724,456
7429761,1.58423,0.45485,457,4080700,0.753395,0.64,2,77181,76724,457
7431841,17.9168,19.291,455,4082160,0.734679,0.72,1,77203,76748,455
7433921,20.3834,20.6582,455,4083620,0.738936,0.84,1,77224,76769,455
7436841,27.2767,24.1316,459,4085080,0.795787,0.84,2,77253,76794,459
7439541,43.0553,4.82633,506,4086540,0.759157,0.74,2,77300,76794,506
7442461,10.2111,40.9653,458,4088000,0.719831,0.74,1,77302,76844,458
7445381,3.64221,8.19305,460,4089460,0.679966,0.74,1,77304,76844,460
7448301,2.32844,1.63861,462,4090920,0.663993,0.74,1,77306,76844,462
7450981,2.06569,0.327722,464,4092380,0.636799,0.75,1,77308,76844,464
7453901,2.01314,3.26554,462,4093840,0.74336,0.75,1,77310,76848,462
7456181,2.00263,0.653109,464,4095300,0.740672,0.79,1,77312,76848,464
7459101,2.00053,9.73062,454,4096760,0.708134,0.79,1,77314,76860,454
7462021,2.00011,1.94612,456,4098220,0.869627,0.79,2,77316,76860,456
7464941,2.00002,0.389225,458,4099680,0.869925,0.79,2,77318,76860,458
7467621,6.8,0.077845,466,4101140,0.869985,0.74,2,77326,76860,466
7470541,2.96,8.01557,458,4102600,0.837997,0.74,2,77328,76870,458
7473461,2.192,1.60311,460,4104060,0.887599,0.74,2,77330,76870,460
7476381,2.0384,0.320623,462,4105520,0.86552,0.74,2,77332,76870,462
7478021,2.80768,0.0641245,465,4106980,0.813104,0.79,2,77335,76870,465
7480941,2.16154,10.4128,454,4108440,0.778621,0.79,2,77337,76883,454
7483221,18.8323,2.08256,477,4109900,0.859724,0.74,2,77360,76883,477
7485301,6.96646,16.4165,461,4111360,0.899945,0.66,2,77364,76903,461
7487381,6.19329,6.4833,463,4112820,0.819989,0.72,2,77370,76907,463
7490301,2.83866,7.69666,457,4114280,0.771998,0.72,2,77372,76915,457
7492581,17.3677,1.53933,478,4115740,0.8264,0.69,2,77393,76915,478
7495501,5.07355,14.7079,462,4117200,0.79728,0.69,2,77395,76933,462
7497781,116.215,2.94157,606,4118660,0.719456,0.86,1,77539,76933,606
7500701,25.6429,113.388,468,4120120,0.735891,0.86,1,77542,77074,468
7502981,6.72859,22.6777,470,4121580,0.707178,0.94,1,77544,77074,470
7505901,2.94572,13.3355,461,4123040,0.757436,0.94,2,77546,77085,461
7508821,2.18914,2.66711,463,4124500,0.743487,0.94,1,77548,77085,463
7511741,2.03783,0.533421,465,4125960,0.708697,0.94,1,77550,77085,465
7514661,2.00757,0.106684,467,4127420,0.821739,0.94,2,77552,77085,467
7516501,2.80151,0.0213368,470,4128880,0.796348,0.79,2,77555,77085,470
7519421,2.1603,5.60427,465,4130340,0.83127,0.79,2,77557,77092,465
7522341,2.03206,1.12085,467,4131800,0.806254,0.79,2,77559,77092,467
7525261,2.00641,0.224171,469,4133260,0.769251,0.79,2,77561,77092,469
7526901,1.20128,0.0448341,470,4134720,0.73785,0.86,1,77562,77092,470
7529821,1.84026,6.40897,464,4136180,0.69957,0.86,1,77564,77100,464
7532741,1.96805,1.28179,466,4137640,0.803914,0.86,2,77566,77100,466
7535661,1.99361,0.256359,468,4139100,0.792783,0.86,2,77568,77100,468
7537921,1.99872,0.0512717,470,4140560,0.766557,0.87,2,77570,77100,470
7540841,1.99974,5.61025,465,4142020,0.729311,0.87,1,77572,77107,465
7543541,1.99995,1.12205,467,4143480,0.689862,0.91,1,77574,77107,467
7546461,1.99999,5.82441,462,4144940,0.849972,0.91,2,77576,77114,462
7548741,7.6,1.16488,471,4146400,0.745995,0.79,1,77585,77114,471
7550401,2.32,7.43298,463,4147860,0.709199,0.84,1,77586,77123,463
7553321,47.664,49.4866,462,4149320,0.78184,0.84,2,77645,77183,462
7556241,11.1328,9.89732,464,4150780,0.772368,0.84,2,77647,77183,464
7559161,3.82656,1.97946,466,4152240,0.738474,0.84,1,77649,77183,466
7560801,1.56531,0.395893,467,4153700,0.715695,0.84,1,77650,77183,467
7562881,17.9131,19.2792,465,4155160,0.815139,0.85,2,77672,77207,465
7564961,21.9826,24.6558,462,4156620,0.867028,0.75,2,77695,77233,462
7567041,25.1965,31.3312,455,4158080,0.789406,0.68,2,77721,77266,455
7569961,42.6393,37.4662,463,4159540,0.845881,0.68,2,77768,77305,463
7572881,11.7279,7.49325,467,4161000,0.793176,0.68,2,77772,77305,467
7575801,3.94557,1.49865,469,4162460,0.750635,0.68,2,77774,77305,469
7577861,2.38911,0.29973,471,4163920,0.894127,0.7,2,77776,77305,471
7580781,2.07782,7.25995,464,4165380,0.898825,0.7,2,77778,77314,464
7583701,2.01556,1.45199,466,4166840,0.867765,0.7,2,77780,77314,466
7586621,2.00311,0.290398,468,4168300,0.829553,0.7,2,77782,77314,468
7588261,1.20062,0.0580796,469,4169760,0.813911,0.85,2,77783,77314,469
7591181,1.84012,4.01162,466,4171220,0.778782,0.85,2,77785,77319,466
7594101,1.96802,0.802323,468,4172680,0.819756,0.85,2,77787,77319,468
7596581,1.9936,0.160465,470,4174140,0.851951,0.85,2,77789,77319,470
7598241,1.19872,6.43209,463,4175600,0.84239,0.77,2,77790,77327,463
7601161,6.63974,9.28642,461,4177060,0.720478,0.77,1,77798,77337,461
7604081,2.92795,1.85728,463,4178520,0.664096,0.77,1,77800,77337,463
7607001,2.18559,0.371457,465,4179980,0.852819,0.77,2,77802,77337,465
7608641,1.23712,0.0742913,466,4181440,0.874564,0.88,2,77803,77337,466
7611561,9.04742,8.81486,466,4182900,0.734913,0.88,1,77814,77348,466
7613221,13.0095,1.76297,480,4184360,0.722983,0.89,1,77828,77348,480
7615921,4.2019,13.9526,465,4185820,0.696597,0.89,1,77830,77365,465
7618841,4.04038,10.7905,459,4187280,0.811319,0.89,2,77834,77375,459
7621121,2.40808,2.1581,461,4188740,0.802264,0.84,2,77836,77375,461
7624041,21.2816,22.8316,459,4190200,0.736453,0.84,1,77862,77403,459
7626321,5.85632,4.56632,461,4191660,0.787291,0.77,2,77864,77403,461
7629241,115.571,115.313,461,4193120,0.797458,0.77,2,78007,77546,461
7632161,24.7143,23.0627,463,4194580,0.791492,0.77,2,78009,77546,463
7635061,7.34285,4.61253,466,4196040,0.750298,0.81,2,78012,77546,466
7637981,3.86857,7.32251,461,4197500,0.86206,0.81,2,78015,77554,461
7640901,2.37371,1.4645,463,4198960,0.852412,0.81,2,78017,77554,463
7643821,2.07474,0.2929,465,4200420,0.810482,0.81,2,78019,77554,465
7646501,2.81495,0.05858,468,4201880,0.754096,0.85,2,78022,77554,468
7649421,2.96299,8.81172,460,4203340,0.750819,0.85,2,78025,77565,460
7652341,2.1926,1.76234,462,4204800,0.718164,0.85,1,78027,77565,462
7655261,2.03852,0.352469,464,4206260,0.831633,0.85,2,78029,77565,464
7658181,2.0077,0.0704937,466,4207720,0.854327,0.85,2,78031,77565,466
7660641,2.00154,0.0140987,468,4209180,0.826865,0.81,2,78033,77565,468
7663561,2.00031,12.0028,455,4210640,0.797373,0.81,2,78035,77580,455
7666481,2.00006,2.40056,457,4212100,0.759475,0.81,2,78037,77580,457
7669401,2.00001,0.480113,459,4213560,0.839895,0.81,2,78039,77580,459
7672321,2,0.0960225,461,4215020,0.823979,0.81,2,78041,77580,461
7675241,2,0.0192045,463,4216480,0.788796,0.81,2,78043,77580,463
7677281,2,0.0038409,465,4217940,0.757759,0.82,2,78045,77580,465
7680201,8.4,9.60077,463,4219400,0.703552,0.82,1,78055,77592,463
7682901,47.28,1.92015,520,4220860,0.75671,0.77,2,78112,77592,520
7684981,11.056,44.384,467,4222320,0.735342,0.87,1,78114,77647,467
7687901,3.8112,15.2768,461,4223780,0.707068,0.87,1,78116,77655,461
7690821,2.36224,3.05536,463,4225240,0.669414,0.87,1,78118,77655,463
7693301,18.8724,0.611072,486,4226700,0.757883,0.88,2,78141,77655,486
7695381,21.3745,22.5222,480,4228160,0.807577,0.87,2,78163,77683,480
7697461,28.2749,15.7044,496,4229620,0.705515,0.75,1,78193,77697,496
7699541,38.455,26.3409,508,4231080,0.669103,0.93,1,78234,77726,508
7702461,9.291,45.2682,460,4232540,0.629821,0.93,1,78236,77776,460
7705381,3.4582,9.05363,462,4234000,0.749964,0.93,1,78238,77776,462
7707861,5.49164,1.81073,468,4235460,0.797993,0.84,2,78244,77776,468
7710781,2.69833,11.5621,456,4236920,0.775599,0.84,2,78246,77790,456
7713701,2.13967,2.31243,458,4238380,0.73912,0.84,1,78248,77790,458
7716621,2.02793,0.462486,460,4239840,0.691824,0.84,1,78250,77790,460
7719541,2.00559,0.0924971,462,4241300,0.730365,0.84,1,78252,77790,462
7722461,2.00112,0.0184994,464,4242760,0.794073,0.84,2,78254,77790,464
7725381,2.00022,0.00369989,466,4244220,0.774815,0.84,2,78256,77790,466
7727201,1.20004,0.000739977,467,4245680,0.754963,0.65,2,78257,77790,467
7730121,1.84001,8.00015,459,4247140,0.718993,0.65,1,78259,77800,459
7732821,6.768,1.60003,467,4248600,0.767799,0.74,2,78267,77800,467
7735741,2.9536,9.92001,457,4250060,0.75356,0.74,2,78269,77812,457
7738661,2.19072,1.984,459,4251520,0.718712,0.74,1,78271,77812,459
7741141,12.4381,0.3968,474,4252980,0.823742,0.74,2,78286,77812,474
7743221,9.68763,8.87936,472,4254440,0.756748,0.84,2,78295,77823,472
7746141,3.53753,10.5759,463,4255900,0.71935,0.84,1,78297,77834,463
7748421,3.10751,2.11517,466,4257360,0.81587,0.81,2,78300,77834,466
7751341,3.8215,7.62304,461,4258820,0.819174,0.81,2,78304,77843,461
7753621,28.7643,1.52461,496,4260280,0.795835,0.78,2,78339,77843,496
7756541,7.35286,27.5049,464,4261740,0.759167,0.78,2,78341,77877,464
7758821,108.671,5.50098,598,4263200,0.823833,0.83,2,78475,77877,598
7761741,23.3341,113.9,459,4264660,0.812767,0.83,2,78477,78018,459
7764661,6.26682,22.78,461,4266120,0.778553,0.83,2,78479,78018,461
7767581,2.85336,4.55601,463,4267580,0.747711,0.83,1,78481,78018,463
7770501,2.17067,0.911201,465,4269040,0.709542,0.83,1,78483,78018,465
7773381,3.63413,0.18224,469,4270500,0.861908,0.88,2,78487,78018,469
7776301,2.32683,8.03645,461,4271960,0.852382,0.88,2,78489,78028,461
7779221,2.06537,1.60729,463,4273420,0.818476,0.88,2,78491,78028,463
7782141,2.01307,0.321458,465,4274880,0.875695,0.88,2,78493,78028,465
7784821,2.80261,0.0642916,468,4276340,0.839139,0.79,2,78496,78028,468
7787741,2.96052,5.61286,464,4277800,0.791828,0.79,2,78499,78035,464
7790661,2.1921,1.12257,466,4279260,0.838366,0.79,2,78501,78035,466
7793141,2.03842,0.224514,468,4280720,0.839673,0.75,2,78503,78035,468
7796061,2.00768,8.0449,460,4282180,0.895935,0.75,2,78505,78045,460
7798981,2.00154,1.60898,462,4283640,0.875187,0.75,2,78507,78045,462
7801901,2.00031,0.321796,464,4285100,0.847037,0.75,2,78509,78045,464
7804821,2.00006,0.0643592,466,4286560,0.809407,0.75,2,78511,78045,466
7807701,2.00001,0.0128718,468,4288020,0.769881,0.78,2,78513,78045,468
7809781,4.4,4.00257,468,4289480,0.825976,0.77,2,78518,78050,468
7811861,45.68,10.4005,512,4290940,0.797195,0.73,2,78574,78062,512
7813521,9.936,43.6801,461,4292400,0.783439,0.8,2,78575,78114,461
7816441,5.1872,13.536,459,4293860,0.884688,0.8,2,78579,78120,459
7819361,4.23744,2.7072,463,4295320,0.848938,0.8,2,78583,78120,463
7821841,4.04749,0.541441,467,4296780,0.841788,0.85,2,78587,78120,467
7823921,25.6095,26.5083,465,4298240,0.872357,0.79,2,78618,78153,465
7826001,21.9219,25.3017,461,4299700,0.758472,0.71,2,78639,78178,461
7828081,21.9844,25.0603,458,4301160,0.759694,0.85,2,78661,78203,458
7831001,37.1969,36.2121,460,4302620,0.679939,0.85,1,78702,78242,460
7833921,9.03937,7.24241,462,4304080,0.631988,0.85,1,78704,78242,462
7836401,3.40787,1.44848,464,4305540,0.830398,0.74,2,78706,78242,464
7839321,2.28157,8.2897,456,4307000,0.854079,0.74,2,78708,78252,456
7842241,2.05631,1.65794,458,4308460,0.866816,0.74,2,78710,78252,458
7845161,2.01126,0.331588,460,4309920,0.837363,0.74,2,78712,78252,460
7846801,1.20225,0.0663176,461,4311380,0.823473,0.82,2,78713,78252,461
7849721,5.04045,10.4133,454,4312840,0.732694,0.82,1,78719,78265,454
7852641,2.60809,2.08265,456,4314300,0.682539,0.82,1,78721,78265,456
7855561,2.12162,0.416531,458,4315760,0.648508,0.82,1,78723,78265,458
7858481,2.02432,0.0833061,460,4317220,0.665702,0.82,1,78725,78265,460
7860321,1.20486,0.0166612,461,4318680,0.65314,0.69,1,78726,78265,461
7863241,6.64097,5.60333,462,4320140,0.786628,0.69,2,78734,78272,462
7866161,2.92819,1.12067,464,4321600,0.789326,0.69,2,78736,78272,464
7869081,2.18564,0.224133,466,4323060,0.757865,0.69,2,78738,78272,466
7871141,15.6371,0.0448266,485,4324520,0.695573,0.72,1,78757,78272,485
7873841,4.72743,19.209,463,4325980,0.795115,0.8,2,78759,78296,463
7876761,5.74549,11.0418,460,4327440,0.815023,0.8,2,78765,78305,460
7879681,2.7491,2.20836,462,4328900,0.907005,0.8,2,78767,78305,462
7882161,2.14982,0.441672,464,4330360,0.893401,0.78,2,78769,78305,464
7885081,36.43,36.8883,463,4331820,0.75468,0.78,2,78814,78351,463
7887361,8.88599,7.37767,465,4333280,0.686936,0.74,1,78816,78351,465
7890281,105.777,105.476,465,4334740,0.793387,0.74,2,78946,78481,465
7893201,22.7554,21.0951,467,4336200,0.774677,0.74,2,78948,78481,467
7895681,6.15109,4.21902,469,4337660,0.738935,0.85,1,78950,78481,469
7898601,2.83022,7.2438,463,4339120,0.699787,0.85,1,78952,78489,463
7901521,2.16604,1.44876,465,4340580,0.659957,0.85,1,78954,78489,465
7904001,2.03321,0.289752,467,4342040,0.715991,0.87,1,78956,78489,467
7906921,3.60664,4.05795,466,4343500,0.655198,0.87,1,78960,78494,466
7909841,2.32133,0.81159,468,4344960,0.76304,0.87,2,78962,78494,468
7912321,2.06427,0.162318,470,4346420,0.752608,0.91,2,78964,78494,470
7915241,3.61285,8.83246,463,4347880,0.878522,0.91,2,78968,78505,463
7918161,2.32257,1.76649,465,4349340,0.871704,0.91,2,78970,78505,465
7921081,2.06451,0.353299,467,4350800,0.838341,0.91,2,78972,78505,467
7923761,2.0129,0.0706597,469,4352260,0.791668,0.84,2,78974,78505,469
7926681,2.00258,10.4141,458,4353720,0.862334,0.84,2,78976,78518,458
7929601,2.00052,2.08283,460,4355180,0.844467,0.84,2,78978,78518,460
7932521,2.0001,0.416565,462,4356640,0.808893,0.84,2,78980,78518,462
7935441,2.00002,0.083313,464,4358100,0.777779,0.84,2,78982,78518,464
7938321,2,0.0166626,466,4359560,0.763556,0.77,2,78984,78518,466
7940401,3.6,3.20333,466,4361020,0.704711,0.91,1,78988,78522,466
7943321,45.52,50.2407,460,4362480,0.708942,0.91,1,79044,78584,460
7946241,10.704,10.0481,462,4363940,0.677788,0.91,1,79046,78584,462
7949161,3.7408,2.00963,464,4365400,0.647558,0.91,1,79048,78584,464
7951221,5.54816,0.401925,470,4366860,0.753512,0.83,2,79054,78584,470
7952881,1.90963,5.68038,464,4368320,0.758702,0.83,2,79055,78591,464
7954961,35.5819,35.5361,465,4369780,0.74374,0.83,1,79099,78634,465
7957041,15.9164,17.5072,463,4371240,0.788748,0.81,2,79110,78647,463
7959121,20.7833,22.7014,461,4372700,0.71775,0.76,1,79132,78671,461
7962041,36.1567,40.5403,456,4374160,0.75955,0.76,2,79172,78716,456
7964961,8.83133,8.10806,458,4375620,0.73591,0.76,1,79174,78716,458
7967881,3.36627,1.62161,460,4377080,0.763182,0.76,2,79176,78716,460
7970801,2.27325,0.324322,462,4378540,0.792636,0.76,2,79178,78716,462
7973721,2.05465,0.0648644,464,4380000,0.766527,0.76,2,79180,78716,464
7976641,2.01093,0.0129729,466,4381460,0.729306,0.76,1,79182,78716,466
7979301,5.20219,0.00259458,472,4382920,0.721861,0.85,1,79188,78716,472
7982221,2.64044,10.4005,461,4384380,0.688372,0.85,1,79190,78729,461
7985141,2.12809,2.0801,463,4385840,0.657674,0.85,1,79192,78729,463
7988061,2.02562,0.416021,465,4387300,0.627535,0.85,1,79194,78729,465
7990981,2.00512,0.0832041,467,4388760,0.581507,0.85,1,79196,78729,467
7992821,6.80102,0.0166408,475,4390220,0.620301,0.86,1,79204,78729,475
7995741,4.5602,14.4033,461,4391680,0.76406,0.86,2,79208,78747,461
7998661,3.31204,2.88067,464,4393140,0.776812,0.86,2,79211,78747,464
8001141,12.6624,0.576133,479,4394600,0.715362,0.82,1,79226,78747,479
8003221,7.33248,9.71523,473,4396060,0.695072,0.91,1,79232,78759,473
8006141,3.0665,9.14305,466,4397520,0.659015,0.91,1,79234,78768,466
8009061,2.2133,1.82861,468,4398980,0.803803,0.91,2,79236,78768,468
8011541,2.04266,0.365722,470,4400440,0.808761,0.92,2,79238,78768,470
8013201,1.20853,8.87314,460,4401900,0.793752,0.69,2,79239,78779,460
8016121,37.0417,40.1746,458,4403360,0.79875,0.69,2,79285,78827,458
8018401,9.00834,8.03493,460,4404820,0.77575,0.71,2,79287,78827,460
8021321,103.402,105.607,457,4406280,0.73915,0.71,1,79414,78957,457
8024241,22.2803,21.1214,459,4407740,0.69983,0.71,1,79416,78957,459
8027161,6.05607,4.22428,461,4409200,0.659966,0.71,1,79418,78957,461
8030081,2.81121,0.844856,463,4410660,0.795993,0.71,2,79420,78957,463
8033001,2.16224,0.168971,465,4412120,0.783199,0.71,2,79422,78957,465
8035041,2.03245,0.0337942,467,4413580,0.74864,0.73,1,79424,78957,467
8037961,3.60649,6.40676,463,4415040,0.741728,0.73,1,79428,78965,463
8040881,2.3213,1.28135,465,4416500,0.708346,0.73,1,79430,78965,465
8043361,2.06426,0.25627,467,4417960,0.757669,0.84,2,79432,78965,467
8046281,3.61285,10.4513,458,4419420,0.711534,0.84,1,79436,78978,458
8049201,2.32257,2.09025,460,4420880,0.670307,0.84,1,79438,78978,460
8052121,2.06451,0.41805,462,4422340,0.638061,0.84,1,79440,78978,462
8055041,2.0129,0.08361,464,4423800,0.719612,0.84,1,79442,78978,464
8056881,1.20258,0.016722,465,4425260,0.719922,0.84,1,79443,78978,465
8059801,1.84052,9.60334,455,4426720,0.727984,0.84,1,79445,78990,455
8062721,1.9681,1.92067,457,4428180,0.769597,0.84,2,79447,78990,457
8065641,1.99362,0.384134,459,4429640,0.753919,0.84,2,79449,78990,459
8068561,1.99872,0.0768267,461,4431100,0.718784,0.84,1,79451,78990,461
8071441,1.99974,0.0153653,463,4432560,0.671757,0.64,1,79453,78990,463
8074361,46,46.4031,462,4434020,0.638351,0.64,1,79510,79048,462
8076641,10.8,9.28061,464,4435480,0.59967,0.82,1,79512,79048,464
8079561,5.36,5.05612,464,4436940,0.735934,0.82,1,79516,79052,464
8081221,1.872,1.01122,465,4438400,0.747187,0.84,1,79517,79052,465
8083921,1.9744,5.00225,461,4439860,0.717437,0.8,1,79519,79058,461
8086001,42.7949,42.6005,462,4441320,0.655487,0.75,1,79572,79110,462
8088081,14.159,13.3201,463,4442780,0.715097,0.77,1,79579,79116,463
8090161,21.2318,25.064,458,4444240,0.71102,0.76,1,79602,79144,458
8093081,32.2464,38.6128,451,4445700,0.790204,0.76,2,79637,79186,451
8096001,8.04927,7.72256,453,4447160,0.774041,0.76,2,79639,79186,453
8098921,3.20985,1.54451,455,4448620,0.746808,0.76,1,79641,79186,455
8101841,2.24197,0.308902,457,4450080,0.709362,0.76,1,79643,79186,457
8104761,2.04839,0.0617805,459,4451540,0.725872,0.76,1,79645,79186,459
8106801,2.00968,0.0123561,461,4453000,0.705175,0.57,1,79647,79186,461
8109721,5.20194,8.00247,457,4454460,0.725035,0.57,1,79653,79196,457
8112641,2.64039,1.60049,459,4455920,0.705007,0.57,1,79655,79196,459
8115561,2.12808,0.320099,461,4457380,0.829001,0.57,2,79657,79196,461
8118241,2.02562,0.0640198,463,4458840,0.8218,0.72,2,79659,79196,463
8121161,2.00512,3.2128,461,4460300,0.80436,0.72,2,79661,79200,461
8122821,8.40102,0.642561,471,4461760,0.744872,0.64,1,79671,79200,471
8125741,3.2802,15.3285,454,4463220,0.708974,0.64,1,79673,79219,454
8128661,2.25604,3.0657,456,4464680,0.669795,0.64,1,79675,79219,456
8131141,12.4512,0.61314,471,4466140,0.789959,0.71,2,79690,79219,471
8133221,7.29024,9.72263,465,4467600,0.797992,0.82,2,79696,79231,465
8136141,3.05805,11.5445,455,4469060,0.767598,0.82,2,79698,79243,455
8139061,2.21161,2.30891,457,4470520,0.72952,0.82,1,79700,79243,457
8141981,2.04232,0.461781,459,4471980,0.697904,0.82,1,79702,79243,459
8144241,2.00846,0.0923562,461,4473440,0.659581,0.84,1,79704,79243,461
8147161,38.0017,40.0185,458,4474900,0.811916,0.84,2,79751,79293,458
8149441,9.20034,8.00369,460,4476360,0.810383,0.83,2,79753,79293,460
8152361,102.64,103.201,459,4477820,0.786077,0.83,2,79879,79420,459
8155281,22.128,20.6401,461,4479280,0.829215,0.83,2,79881,79420,461
8157761,6.0256,4.12803,463,4480740,0.805843,0.7,2,79883,79420,463
8160681,2.80512,8.82561,455,4482200,0.769169,0.7,2,79885,79430,455
8163601,2.16102,1.76512,457,4483660,0.737834,0.7,1,79887,79430,457
8166521,2.0322,0.353024,459,4485120,0.699567,0.7,1,79889,79430,459
8168161,1.20644,0.0706048,460,4486580,0.827913,0.7,2,79890,79430,460
8171081,4.24129,4.81412,459,4488040,0.773583,0.7,2,79895,79436,459
8174001,2.44826,0.962824,461,4489500,0.842717,0.7,2,79897,79436,461
8175861,1.28965,0.192565,462,4490960,0.840543,0.75,2,79898,79436,462
8178781,1.85793,10.4385,451,4492420,0.808109,0.75,2,79900,79449,451
8181701,1.97159,2.0877,453,4493880,0.841622,0.75,2,79902,79449,453
8184621,1.99432,0.41754,455,4495340,0.816324,0.75,2,79904,79449,455
8187541,1.99886,0.0835081,457,4496800,0.779265,0.75,2,79906,79449,457
8190461,1.99977,0.0167016,459,4498260,0.731853,0.75,1,79908,79449,459
8193121,1.99995,0.00334032,461,4499720,0.690371,0.8,1,79910,79449,461
8196041,1.99999,8.00067,453,4501180,0.778074,0.8,2,79912,79459,453
8198961,2,1.60013,455,4502640,0.835615,0.8,2,79914,79459,455
8201881,2,0.320027,457,4504100,0.815123,0.8,2,79916,79459,457
8203941,46,0.0640053,514,4505560,0.755025,0.71,2,79973,79459,514
8206861,10.8,48.0128,456,4507020,0.711005,0.71,1,79975,79519,456
8209781,3.76,9.60256,458,4508480,0.742201,0.71,1,79977,79519,458
8211841,2.352,1.92051,460,4509940,0.72444,0.76,1,79979,79519,460
8214761,5.2704,9.9841,454,4511400,0.720888,0.76,1,79985,79531,454
8216421,41.0541,1.99682,504,4512860,0.704178,0.75,1,80035,79531,504
8218501,10.6108,37.9994,460,4514320,0.652836,0.69,1,80038,79578,460
8220581,28.5222,9.99987,490,4515780,0.706567,0.81,1,80071,79581,490
8222661,30.5044,26.8,490,4517240,0.693313,0.71,1,80102,79612,490
8225581,7.70089,32.56,458,4518700,0.682663,0.71,1,80104,79646,458
8228501,3.14018,6.512,460,4520160,0.648533,0.71,1,80106,79646,460
8231421,2.22804,1.3024,462,4521620,0.609707,0.71,1,80108,79646,462
8234341,2.04561,0.26048,464,4523080,0.681941,0.71,1,80110,79646,464
8237221,2.00912,0.052096,466,4524540,0.696388,0.72,1,80112,79646,466
8239921,2.00182,6.41042,460,4526000,0.667278,0.77,1,80114,79654,460
8242841,6.00036,10.0821,456,4527460,0.709456,0.77,1,80121,79665,456
8245761,2.80007,2.01642,458,4528920,0.685891,0.77,1,80123,79665,458
8248681,2.16001,0.403283,460,4530380,0.657178,0.77,1,80125,79665,460
8251361,2.032,0.0806567,462,4531840,0.619436,0.78,1,80127,79665,462
8254281,2.0064,9.61613,452,4533300,0.699887,0.78,1,80129,79677,452
8257201,2.00128,1.92323,454,4534760,0.675977,0.78,1,80131,79677,454
8259681,2.00026,0.384645,456,4536220,0.727196,0.65,1,80133,79677,456
8262601,21.2001,21.6769,455,4537680,0.721439,0.65,1,80159,79704,455
8265521,5.84001,4.33539,457,4539140,0.776288,0.65,2,80161,79704,457
8268441,2.768,0.867077,459,4540600,0.755258,0.65,2,80163,79704,459
8271361,2.1536,0.173415,461,4542060,0.775051,0.65,2,80165,79704,461
8273621,2.03072,0.0346831,463,4543520,0.75501,0.75,2,80167,79704,463
8275281,1.20614,4.00694,459,4544980,0.735002,0.77,1,80168,79709,459
8278201,40.2412,44.0014,455,4546440,0.771,0.77,2,80218,79763,455
8280481,9.64825,8.80028,457,4547900,0.7462,0.74,1,80220,79763,457
8283401,100.33,100.16,457,4549360,0.74924,0.74,1,80343,79886,457
8286321,21.6659,20.032,459,4550820,0.717848,0.74,1,80345,79886,459
8289241,5.93319,4.0064,461,4552280,0.68757,0.74,1,80347,79886,461
8290881,1.98664,0.80128,462,4553740,0.721514,0.86,1,80348,79886,462
8293801,1.99733,3.36026,460,4555200,0.696303,0.86,1,80350,79890,460
8296721,1.99947,0.672051,462,4556660,0.659261,0.86,1,80352,79890,462
8298581,1.19989,0.13441,463,4558120,0.723852,0.8,1,80353,79890,463
8301501,1.83998,8.02688,455,4559580,0.69677,0.8,1,80355,79900,455
8304421,1.968,1.60538,457,4561040,0.739354,0.8,1,80357,79900,457
8306481,1.9936,0.321075,459,4562500,0.715871,0.83,1,80359,79900,459
8309401,3.59872,2.46422,460,4563960,0.783174,0.83,2,80363,79903,460
8312321,2.31974,0.492843,462,4565420,0.764635,0.83,2,80365,79903,462
8314181,1.26395,0.0985686,463,4566880,0.744927,0.85,1,80366,79903,463
8317101,1.85279,8.81971,454,4568340,0.796985,0.85,2,80368,79914,454
8320021,1.97056,1.76394,456,4569800,0.783397,0.85,2,80370,79914,456
8322941,1.99411,0.352789,458,4571260,0.748679,0.85,1,80372,79914,458
8325861,1.99882,0.0705577,460,4572720,0.709736,0.85,1,80374,79914,460
8327701,1.19976,0.0141115,461,4574180,0.685947,0.72,1,80375,79914,461
8330621,1.83995,4.80282,457,4575640,0.649189,0.72,1,80377,79920,457
8332481,1.16799,0.960564,458,4577100,0.625838,0.74,1,80378,79920,458
8335401,47.4336,51.3921,453,4578560,0.765168,0.74,2,80437,79984,453
8338321,11.0867,10.2784,455,4580020,0.769033,0.74,2,80439,79984,455
8341241,3.81734,2.05568,457,4581480,0.737807,0.74,1,80441,79984,457
8342881,1.56347,0.411137,458,4582940,0.715561,0.65,1,80442,79984,458
8344961,1.91269,4.08223,455,4584400,0.759112,0.56,2,80444,79989,455
8355581,2,27,454,4590240,0.92,0.62,2,80561,80107,454
8358501,2,5.4,456,4591700,0.896,0.62,2,80563,80107,456
8360981,5.2,1.08,462,4593160,0.8592,0.77,2,80569,80107,462
8363901,2.64,9.016,453,4594620,0.94784,0.77,2,80571,80118,453
8366821,2.128,1.8032,455,4596080,0.933568,0.77,2,80573,80118,455
8369741,2.0256,0.36064,457,4597540,0.906714,0.77,2,80575,80118,457
8372421,6.80512,0.072128,465,4599000,0.901343,0.74,2,80583,80118,465
8375341,2.96102,12.0144,452,4600460,0.868269,0.74,2,80585,80133,452
8378261,2.1922,2.40288,454,4601920,0.829654,0.74,2,80587,80133,454
8381181,2.03844,0.480577,456,4603380,0.853931,0.74,2,80589,80133,456
8384101,2.00769,0.0961154,458,4604840,0.938786,0.74,2,80591,80133,458
8387021,2.00154,0.0192231,460,4606300,0.987757,0.74,2,80593,80133,460
8389061,2.00031,0.00384462,462,4607760,0.989551,0.64,2,80595,80133,462
8390721,1.20006,4.80077,457,4609220,0.98191,0.71,2,80596,80139,457
8393641,21.84,24.9602,454,4610680,0.940382,0.71,2,80623,80169,454
8396561,5.968,4.99203,456,4612140,0.900076,0.71,2,80625,80169,456
8399481,2.7936,0.998406,458,4613600,0.980015,0.71,2,80627,80169,458
8429841,2,0,462,4629660,0.97,0.75,2,80819,80357,462
8432321,2,0,464,4631120,0.954,0.81,2,80821,80357,464
8449181,2,8,459,4639880,0.98,0.66,2,80835,80376,459
8470821,2,0,460,4651560,1,0.8,2,80906,80446,460
8473741,2,0,462,4653020,0.968,0.8,2,80908,80446,462
8476001,2,0,464,4654480,0.9296,0.93,2,80910,80446,464
8485581,2,34,465,4660320,1,0.85,2,81034,80569,465
8488501,2,6.8,467,4661780,0.992,0.85,2,81036,80569,467
8530521,2,0,471,4685140,0.95,0.99,2,81103,80632,471
8564821,1,0,477,4704120,1,1,2,81302,80825,477
8567741,1.8,11.2,465,4705580,1,1,2,81304,80839,465
8570661,1.96,2.24,467,4707040,1,1,2,81306,80839,467
8573581,1.992,0.448,469,4708500,0.984,1,2,81308,80839,469
9123721,370,293,501,62224,0.03,0,1,83860,83359,501
9126641,115.6,163.4,422,62258,0.006,0,1,83912,83490,422
9129561,24.72,32.68,424,62292,0.0012,0,1,83914,83490,424
9132481,6.544,6.536,426,62326,0.00024,0,1,83916,83490,426
9135401,2.9088,1.3072,428,62360,4.8e-05,0,1,83918,83490,428
9138321,2.18176,0.26144,430,62394,0.0240096,0,1,83920,83490,430
9141241,2.03635,0.052288,432,62428,0.00480192,0,1,83922,83490,432
9144161,2.00727,0.0104576,434,62462,0.00896038,0,1,83924,83490,434
9147081,2.00145,0.00209152,436,62496,0.00979208,0,1,83926,83490,436
9150001,2.00029,0.000418304,438,62530,0.00995842,0,1,83928,83490,438
9152921,2.00006,8.36608e-05,440,62564,0.00999168,0,1,83930,83490,440
9155841,2.00001,1.67321e-05,442,62598,0.00999834,0,1,83932,83490,442
9158761,2,3.34643e-06,444,62632,0.00999967,0,1,83934,83490,444
9161681,2,6.69286e-07,446,62666,0.00999993,0,1,83936,83490,446
9164601,2,1.33857e-07,448,62700,0.00999999,0,1,83938,83490,448
9167521,2,2.67714e-08,450,62733,0.01,0,1,83940,83490,450
9170441,2,5.35429e-09,452,62766,0.01,0,1,83942,83490,452
9172801,2,1.07086e-09,454,62799,0.01,0,1,83944,83490,454
9175721,3.6,4,453,62832,0.01,0,1,83948,83495,453
9178641,2.32,0.8,455,62865,0.01,0,1,83950,83495,455
9181561,2.064,0.16,457,62898,0.01,0,1,83952,83495,457
9183021,161.213,0.032,658,62931,0.002,0.03,1,84153,83495,658
9185941,135.443,292.006,422,62964,0.0404,0,1,84282,83860,422
9188861,68.6885,100.001,422,62997,0.00808,0,1,84334,83912,422
9191781,15.3377,21.6003,422,63030,0.001616,0,1,84336,83914,422
9194701,4.66754,5.92005,422,63063,0.0003232,0,1,84338,83916,422
9197621,2.53351,2.78401,422,63096,6.464e-05,0.03,1,84340,83918,422
9200541,2.1067,2.1568,422,63129,0.0240129,0,1,84342,83920,422
9203461,2.02134,2.03136,422,63162,0.00480259,0.01,1,84344,83922,422
9206381,2.00427,2.00627,422,63195,0.00896052,0.01,1,84346,83924,422
9209301,2.00085,2.00125,422,63228,0.0097921,0.01,1,84348,83926,422
9212221,2.00017,2.00025,422,63261,0.00995842,0.01,1,84350,83928,422
9215141,2.00003,2.00005,422,63294,0.00999168,0.01,1,84352,83930,422
9218061,2.00001,2.00001,422,63327,0.00999834,0.01,1,84354,83932,422
9220981,2,2,422,63360,0.00999967,0.01,1,84356,83934,422
9223901,2,2,422,63393,0.00999993,0.01,1,84358,83936,422
9226821,2,2,422,63426,0.00999999,0.01,1,84360,83938,422
9229741,2,2,422,63459,0.01,0.01,1,84362,83940,422
9232661,2,2,422,63492,0.01,0.01,1,84364,83942,422
9235581,2,2,422,63525,0.01,0.01,1,84366,83944,422
9238501,4.4,3.6,423,63558,0.026,0.01,1,84371,83948,423
9241421,2.48,2.32,423,63591,0.0292,0.01,1,84373,83950,423
9244341,2.096,2.064,423,63624,0.02984,0,1,84375,83952,423
9247261,262.819,161.213,550,63657,0.029968,0.05,1,84703,84153,550
9250181,94.1638,135.443,473,63690,0.0059936,0,1,84755,84282,473
9253101,20.4328,68.6885,423,63723,0.00119872,0,1,84757,84334,423
9256021,5.68655,15.3377,423,63756,0.000239744,0,1,84759,84336,423
9258941,2.73731,4.66754,423,63789,4.79488e-05,0,1,84761,84338,423
9261861,2.14746,2.53351,423,63822,9.58976e-06,0.03,1,84763,84340,423
9264781,2.02949,2.1067,423,63855,0.00800192,0,1,84765,84342,423
9267701,2.0059,2.02134,423,63888,0.00960038,0.01,1,84767,84344,423
9270621,2.00118,2.00427,423,63921,0.00992008,0.01,1,84769,84346,423
9273541,2.00024,2.00085,423,63954,0.00998402,0.01,1,84771,84348,423
9276461,2.00005,2.00017,423,63987,0.0099968,0.01,1,84773,84350,423
9279381,2.00001,2.00003,423,64020,0.00999936,0.01,1,84775,84352,423
9282301,2,2.00001,423,64053,0.00999987,0.01,1,84777,84354,423
9285221,2,2,423,64086,0.00999997,0.01,1,84779,84356,423
9288141,2,2,423,64119,0.00999999,0.01,1,84781,84358,423
9291061,2,2,423,64152,0.01,0.01,1,84783,84360,423
9293981,2,2,423,64185,0.01,0.01,1,84785,84362,423
9296901,2,2,423,64218,0.01,0.01,1,84787,84364,423
9299821,4.4,2,426,64251,0.026,0.03,1,84792,84366,426
9302741,2.48,4.4,423,64284,0.0292,0.03,1,84794,84371,423
9305661,2.096,2.48,423,64317,0.02984,0.03,1,84796,84373,423
9307121,161.219,2.096,622,64350,0.005968,0.03,1,84997,84375,622
9310041,134.644,262.819,422,64383,0.0571936,0,1,85125,84703,422
9312961,68.5288,94.1638,422,64416,0.0114387,0,1,85177,84755,422
9315881,15.3058,20.4328,422,64449,0.00228774,0,1,85179,84757,422
9318801,4.66115,5.68655,422,64482,0.000457549,0,1,85181,84759,422
9321721,2.53223,2.73731,422,64515,9.15097e-05,0,1,85183,84761,422
9324641,2.10645,2.14746,422,64548,0.0240183,0.01,1,85185,84763,422
9327561,2.02129,2.02949,422,64581,0.00480366,0.01,1,85187,84765,422
9330481,2.00426,2.0059,422,64614,0.00896073,0.01,1,85189,84767,422
9333401,2.00085,2.00118,422,64646,0.00979215,0.01,1,85191,84769,422
9336321,2.00017,2.00024,422,64678,0.00995843,0.01,1,85193,84771,422
9339241,2.00003,2.00005,422,64710,0.00999169,0.01,1,85195,84773,422
9342161,2.00001,2.00001,422,64742,0.00999834,0.01,1,85197,84775,422
9345081,2,2,422,64774,0.00999967,0.01,1,85199,84777,422
9348001,2,2,422,64806,0.00999993,0.01,1,85201,84779,422
9350921,2,2,422,64838,0.00999999,0.01,1,85203,84781,422
9353841,2,2,422,64870,0.01,0.01,1,85205,84783,422
9356761,2,2,422,64902,0.01,0.01,1,85207,84785,422
9359681,2,2,422,64934,0.01,0.01,1,85209,84787,422
9362601,4.4,0.4,427,64966,0.026,0.03,1,85214,84787,427
9365521,2.48,4.08,424,64998,0.0292,0.03,1,85216,84792,424
9368441,2.096,2.416,424,65030,0.02984,0.03,1,85218,84794,424
9371361,160.419,2.0832,622,65062,0.005968,0.07,1,85418,84796,622
9374281,135.284,263.617,422,65094,0.0251936,0,1,85547,85125,422
9377201,68.6568,94.3233,422,65126,0.00503872,0,1,85599,85177,422
9380121,15.3314,20.4647,422,65158,0.00100774,0,1,85601,85179,422
9383041,4.66627,5.69293,422,65190,0.000201549,0,1,85603,85181,422
9385961,2.53325,2.73859,422,65222,4.03098e-05,0.03,1,85605,85183,422
9388881,2.10665,2.14772,422,65254,0.0240081,0,1,85607,85185,422
9391801,2.02133,2.02954,422,65286,0.00480161,0.01,1,85609,85187,422
9394721,2.00427,2.00591,422,65318,0.00896032,0.01,1,85611,85189,422
9397641,2.00085,2.00118,422,65350,0.00979206,0.01,1,85613,85191,422
9400561,2.00017,2.00024,422,65382,0.00995841,0.01,1,85615,85193,422
9403481,2.00003,2.00005,422,65414,0.00999168,0.01,1,85617,85195,422
9406401,2.00001,2.00001,422,65446,0.00999834,0.01,1,85619,85197,422
9409321,2,2,422,65478,0.00999967,0.01,1,85621,85199,422
9412241,2,2,422,65510,0.00999993,0.01,1,85623,85201,422
9415161,2,2,422,65542,0.00999999,0.01,1,85625,85203,422
9418081,2,2,422,65574,0.01,0.01,1,85627,85205,422
9421001,2,2,422,65606,0.01,0.01,1,85629,85207,422
9423921,2,2,422,65638,0.01,0.03,1,85631,85209,422
9426841,4.4,4.4,422,65670,0.026,0.03,1,85636,85214,422
9429761,2.48,2.48,422,65702,0.0292,0.03,1,85638,85216,422
9432681,2.096,2.096,422,65734,0.02984,0,1,85640,85218,422
9435601,160.419,160.419,422,65766,0.005968,0.03,1,85840,85418,422
9438521,135.284,135.284,422,65798,0.0411936,0,1,85969,85547,422
9441441,68.6568,68.6568,422,65830,0.00823872,0,1,86021,85599,422
9444361,15.3314,15.3314,422,65862,0.00164774,0,1,86023,85601,422
9447281,4.66627,4.66627,422,65894,0.000329549,0,1,86025,85603,422
9450201,2.53325,2.53325,422,65926,6.59097e-05,0.03,1,86027,85605,422
9453121,2.10665,2.10665,422,65958,0.0240132,0,1,86029,85607,422
9456041,2.02133,2.02133,422,65990,0.00480264,0.01,1,86031,85609,422
9458961,2.00427,2.00427,422,66022,0.00896053,0.01,1,86033,85611,422
9461881,2.00085,2.00085,422,66054,0.00979211,0.01,1,86035,85613,422
9464801,2.00017,2.00017,422,66086,0.00995842,0.01,1,86037,85615,422
9467721,2.00003,2.00003,422,66118,0.00999168,0.01,1,86039,85617,422
9470641,2.00001,2.00001,422,66150,0.00999834,0.01,1,86041,85619,422
9473561,2,2,422,66182,0.00999967,0.01,1,86043,85621,422
9476481,2,2,422,66214,0.00999993,0.01,1,86045,85623,422
9479401,2,2,422,66246,0.00999999,0.01,1,86047,85625,422
9482321,2,2,422,66278,0.01,0.01,1,86049,85627,422
9485241,2,2,422,66310,0.01,0.01,1,86051,85629,422
9488161,2,2,422,66342,0.01,0.03,1,86053,85631,422
9491081,4.4,4.4,422,66374,0.026,0.03,1,86058,85636,422
9494001,2.48,0.88,424,66406,0.0292,0.03,1,86060,85636,424
9496921,2.096,1.776,424,66438,0.02984,0.03,1,86062,85638,424
9499841,159.619,1.9552,621,66470,0.005968,0,1,86261,85640,621
9502761,135.124,160.391,550,66502,0.0251936,0.05,1,86390,85840,550
9505681,68.6248,135.278,473,66534,0.0130387,0,1,86442,85969,473
9508601,15.325,68.6556,423,66566,0.00260774,0,1,86444,86021,423
9511521,4.66499,15.3311,423,66598,0.000521549,0,1,86446,86023,423
9514441,2.533,4.66623,423,66630,0.00010431,0,1,86448,86025,423
9517361,2.1066,2.53325,423,66661,2.08619e-05,0.03,1,86450,86027,423
9520281,2.02132,2.10665,423,66692,0.0240042,0,1,86452,86029,423
9523201,2.00426,2.02133,423,66723,0.0288008,0.01,1,86454,86031,423
9526121,2.00085,2.00427,423,66754,0.0297602,0.01,1,86456,86033,423
9529041,2.00017,2.00085,423,66785,0.029952,0.01,1,86458,86035,423
9531961,2.00003,2.00017,423,66816,0.0299904,0.01,1,86460,86037,423
9534881,2.00001,2.00003,423,66847,0.0299981,0.01,1,86462,86039,423
9537801,2,2.00001,423,66878,0.0299996,0.01,1,86464,86041,423
9540721,2,2,423,66909,0.0299999,0.01,1,86466,86043,423
9543641,2,2,423,66940,0.03,0.01,1,86468,86045,423
9546561,2,2,423,66971,0.03,0.01,1,86470,86047,423
9549481,2,2,423,67002,0.03,0.01,1,86472,86049,423
9552401,2,2,423,67033,0.03,0.01,1,86474,86051,423
9555321,4.4,2,426,67064,0.046,0.03,1,86479,86053,426
9558241,2.48,4.4,423,67095,0.0492,0.03,1,86481,86058,423
9561161,2.096,2.48,423,67126,0.04984,0.03,1,86483,86060,423
9564081,159.619,2.096,620,67157,0.009968,0,1,86682,86062,620
9567001,135.124,159.619,550,67188,0.0099936,0.03,1,86811,86261,550
9569921,69.4248,135.124,474,67219,0.00999872,0.01,1,86864,86390,474
9572841,15.485,68.6248,424,67250,0.00199974,0,1,86866,86442,424
9575761,4.69699,15.325,424,67281,0.000399949,0,1,86868,86444,424
9578681,2.5394,4.66499,424,67312,7.99898e-05,0,1,86870,86446,424
9581601,2.10788,2.533,424,67343,1.59979e-05,0,1,86872,86448,424
9584521,2.02158,2.1066,424,67374,0.0080032,0.03,1,86874,86450,424
9587441,2.00432,2.02132,424,67405,0.00960064,0.03,1,86876,86452,424
9590361,2.00086,2.00426,424,67436,0.00992013,0.03,1,86878,86454,424
9593281,2.00017,2.00085,424,67467,0.00998403,0.03,1,86880,86456,424
9596201,2.00003,2.00017,424,67498,0.00999681,0.03,1,86882,86458,424
9599121,2.00001,2.00003,424,67529,0.00999936,0.03,1,86884,86460,424
9602041,2,2.00001,424,67560,0.00999987,0.03,1,86886,86462,424
9604961,2,2,424,67591,0.00999997,0.03,1,86888,86464,424
9607881,2,2,424,67622,0.00999999,0.03,1,86890,86466,424
9610801,2,2,424,67653,0.01,0.03,1,86892,86468,424
9613721,2,2,424,67684,0.01,0.03,1,86894,86470,424
9616641,2,2,424,67715,0.01,0.03,1,86896,86472,424
9619561,4.4,2,427,67746,0.026,0.05,1,86901,86474,427
9622481,2.48,4.4,424,67777,0.0292,0.05,1,86903,86479,424
9625401,2.096,2.48,424,67808,0.02984,0.05,1,86905,86481,424
9628321,158.819,2.096,620,67839,0.005968,0,1,87103,86483,620
9631241,33.3638,159.619,423,67870,0.0011936,0.01,1,87105,86682,423
9634161,109.073,135.124,422,67901,0.00823872,0.01,1,87233,86811,422
9637081,64.2146,69.4248,422,67932,0.00964774,0,1,87286,86864,422
9640001,14.4429,15.485,422,67963,0.00192955,0,1,87288,86866,422
9642921,4.48858,4.69699,422,67994,0.00038591,0,1,87290,86868,422
9645841,2.49772,2.5394,422,68025,7.71819e-05,0,1,87292,86870,422
9648761,2.09954,2.10788,422,68056,1.54364e-05,0.01,1,87294,86872,422
9651681,2.01991,2.02158,422,68087,0.00800309,0.01,1,87296,86874,422
9654601,2.00398,2.00432,422,68118,0.00960062,0.01,1,87298,86876,422
9657521,2.0008,2.00086,422,68149,0.00992012,0.01,1,87300,86878,422
9660441,2.00016,2.00017,422,68180,0.00998402,0.01,1,87302,86880,422
9663361,2.00003,2.00003,422,68211,0.00999681,0.01,1,87304,86882,422
9666281,2.00001,2.00001,422,68242,0.00999936,0.01,1,87306,86884,422
9669201,2,2,422,68273,0.00999987,0.01,1,87308,86886,422
9672121,2,2,422,68304,0.00999997,0.01,1,87310,86888,422
9675041,2,2,422,68335,0.00999999,0.01,1,87312,86890,422
9677961,2,2,422,68366,0.01,0.01,1,87314,86892,422
9680881,2,2,422,68397,0.01,0.01,1,87316,86894,422
9683801,2,2,422,68428,0.01,0.03,1,87318,86896,422
9686721,4.4,4.4,422,68459,0.026,0.03,1,87323,86901,422
9689641,2.48,2.48,422,68490,0.0292,0.03,1,87325,86903,422
9692561,2.096,2.096,422,68521,0.02984,0,1,87327,86905,422
9695481,158.819,158.819,422,68552,0.005968,0,1,87525,87103,422
9698401,33.3638,33.3638,422,68583,0.0011936,0.01,1,87527,87105,422
9701321,109.073,109.073,422,68614,0.00823872,0.01,1,87655,87233,422
9704241,64.2146,64.2146,422,68645,0.00164774,0,1,87708,87286,422
9707161,14.4429,14.4429,422,68676,0.000329549,0,1,87710,87288,422
9710081,4.48858,4.48858,422,68707,6.59097e-05,0,1,87712,87290,422
9713001,2.49772,2.49772,422,68738,1.31819e-05,0,1,87714,87292,422
9715921,2.09954,2.09954,422,68769,0.0240026,0.01,1,87716,87294,422
9718841,2.01991,2.01991,422,68799,0.00480053,0.01,1,87718,87296,422
9721761,2.00398,2.00398,422,68829,0.00896011,0.01,1,87720,87298,422
9724681,2.0008,2.0008,422,68859,0.00979202,0.01,1,87722,87300,422
9727601,2.00016,2.00016,422,68889,0.0099584,0.01,1,87724,87302,422
9730521,2.00003,2.00003,422,68919,0.00999168,0.01,1,87726,87304,422
9733441,2.00001,2.00001,422,68949,0.00999834,0.01,1,87728,87306,422
9736361,2,2,422,68979,0.00999967,0.01,1,87730,87308,422
9739281,2,2,422,69009,0.00999993,0.01,1,87732,87310,422
9742201,2,2,422,69039,0.00999999,0.01,1,87734,87312,422
9745121,2,2,422,69069,0.01,0.01,1,87736,87314,422
9748041,2,2,422,69099,0.01,0.01,1,87738,87316,422
9750961,2,2,422,69129,0.01,0.03,1,87740,87318,422
9753881,4.4,4.4,422,69159,0.026,0.03,1,87745,87323,422
9756801,2.48,2.48,422,69189,0.0292,0.03,1,87747,87325,422
9759721,2.096,2.096,422,69219,0.02984,0,1,87749,87327,422
9762641,158.819,158.819,422,69249,0.005968,0,1,87947,87525,422
9765561,33.3638,33.3638,422,69279,0.0011936,0.01,1,87949,87527,422
9768481,109.073,109.073,422,69309,0.0242387,0.01,1,88077,87655,422
9771401,63.4146,21.8146,474,69339,0.00484774,0,1,88129,87655,474
9774321,14.2829,46.7629,423,69369,0.000969549,0,1,88131,87708,423
9777241,4.45658,10.9526,423,69399,0.00019391,0,1,88133,87710,423
9780161,2.49132,3.79052,423,69429,3.87819e-05,0,1,88135,87712,423
9783081,2.09826,2.3581,423,69459,0.0240078,0.03,1,88137,87714,423
9786001,2.01965,2.07162,423,69489,0.00480155,0,1,88139,87716,423
9788921,2.00393,2.01432,423,69519,0.00896031,0.01,1,88141,87718,423
9791841,2.00079,2.00286,423,69549,0.00979206,0.01,1,88143,87720,423
9794761,2.00016,2.00057,423,69579,0.00995841,0.01,1,88145,87722,423
9797681,2.00003,2.00011,423,69609,0.00999168,0.01,1,88147,87724,423
9800601,2.00001,2.00002,423,69639,0.00999834,0.01,1,88149,87726,423
9803521,2,2,423,69669,0.00999967,0.01,1,88151,87728,423
9806441,2,2,423,69699,0.00999993,0.01,1,88153,87730,423
9809361,2,2,423,69729,0.00999999,0.01,1,88155,87732,423
9812281,2,2,423,69759,0.01,0.01,1,88157,87734,423
9815201,2,2,423,69789,0.01,0.01,1,88159,87736,423
9818121,2,2,423,69819,0.01,0.01,1,88161,87738,423
9821041,5.2,2,427,69849,0.01,0.03,1,88167,87740,427
9823961,2.64,4.4,424,69879,0.01,0.03,1,88169,87745,424
9826881,2.128,2.48,424,69909,0.01,0.03,1,88171,87747,424
9829801,158.026,2.096,619,69939,0.002,0,1,88368,87749,619
9832721,33.2051,158.819,423,69969,0.0004,0,1,88370,87947,423
9835641,109.041,33.3638,549,69999,0.00808,0.03,1,88498,87949,549
9838561,63.4082,109.073,473,70029,0.001616,0,1,88550,88077,473
9841481,14.2816,63.4146,423,70059,0.0003232,0,1,88552,88129,423
9844401,4.45633,14.2829,423,70089,6.464e-05,0,1,88554,88131,423
9847321,2.49127,4.45658,423,70119,1.2928e-05,0,1,88556,88133,423
9850241,2.09825,2.49132,423,70149,0.0240026,0.03,1,88558,88135,423
9853161,2.01965,2.09826,423,70179,0.00480052,0,1,88560,88137,423
9856081,2.00393,2.01965,423,70209,0.0089601,0.01,1,88562,88139,423
9859001,2.00079,2.00393,423,70239,0.025792,0.01,1,88564,88141,423
9861921,2.00016,2.00079,423,70269,0.0291584,0.01,1,88566,88143,423
9864841,2.00003,2.00016,423,70299,0.0298317,0.01,1,88568,88145,423
9867761,2.00001,2.00003,423,70329,0.0299663,0.01,1,88570,88147,423
9870681,2,2.00001,423,70359,0.0299933,0.01,1,88572,88149,423
9873601,2,2,423,70389,0.0299987,0.01,1,88574,88151,423
9876521,2,2,423,70419,0.0299997,0.01,1,88576,88153,423
9879441,2,2,423,70449,0.0299999,0.01,1,88578,88155,423
9882361,2,2,423,70479,0.03,0.01,1,88580,88157,423
9885281,2,2,423,70509,0.03,0.01,1,88582,88159,423
9888201,5.2,2,427,70539,0.03,0.01,1,88588,88161,427
9891121,2.64,5.2,423,70569,0.03,0.01,1,88590,88167,423
9894041,2.128,2.64,423,70599,0.03,0.01,1,88592,88169,423
9896961,158.026,2.128,618,70629,0.006,0,1,88789,88171,618
9899881,33.2051,158.026,423,70659,0.0012,0,1,88791,88368,423
9902801,109.841,33.2051,550,70689,0.00824,0.01,1,88920,88370,550
9905721,62.7682,109.041,473,70719,0.009648,0,1,88971,88498,473
9908641,14.1536,63.4082,423,70749,0.0019296,0,1,88973,88550,423
9911561,4.43073,14.2816,423,70779,0.00038592,0,1,88975,88552,423
9914481,2.48615,4.45633,423,70809,7.7184e-05,0,1,88977,88554,423
9917401,2.09723,2.49127,423,70839,1.54368e-05,0.03,1,88979,88556,423
9920321,2.01945,2.09825,423,70869,0.00800309,0,1,88981,88558,423
9923241,2.00389,2.01965,423,70899,0.00960062,0.01,1,88983,88560,423
9926161,2.00078,2.00393,423,70929,0.00992012,0.03,1,88985,88562,423
9929081,2.00016,2.00079,423,70959,0.00998402,0.03,1,88987,88564,423
9932001,2.00003,2.00016,423,70989,0.00999681,0.03,1,88989,88566,423
9934921,2.00001,2.00003,423,71019,0.00999936,0.03,1,88991,88568,423
9937841,2,2.00001,423,71049,0.00999987,0.03,1,88993,88570,423
9940761,2,2,423,71079,0.00999997,0.03,1,88995,88572,423
9943681,2,2,423,71108,0.00999999,0.03,1,88997,88574,423
9946601,2,2,423,71137,0.01,0.03,1,88999,88576,423
9949521,2,2,423,71166,0.01,0.03,1,89001,88578,423
9952441,2,2,423,71195,0.01,0.03,1,89003,88580,423
9955361,2,2,423,71224,0.01,0.03,1,89005,88582,423
9958281,5.2,5.2,423,71253,0.01,0.03,1,89011,88588,423
9961201,2.64,2.64,423,71282,0.01,0.03,1,89013,88590,423
9964121,2.128,2.128,423,71311,0.01,0,1,89015,88592,423
9967041,157.226,158.026,422,71340,0.002,0,1,89211,88789,422
9969961,33.0451,33.2051,422,71369,0.0004,0.01,1,89213,88791,422
9972881,109.809,109.841,422,71398,0.00808,0.01,1,89342,88920,422
9975801,62.7618,62.7682,422,71427,0.001616,0,1,89393,88971,422
9978721,14.1524,14.1536,422,71456,0.0003232,0,1,89395,88973,422
9981641,4.43047,4.43073,422,71485,6.464e-05,0,1,89397,88975,422
9984561,2.48609,2.48615,422,71514,1.2928e-05,0,1,89399,88977,422
9987481,2.09722,2.09723,422,71543,0.0240026,0.01,1,89401,88979,422
9990401,2.01944,2.01945,422,71572,0.00480052,0.01,1,89403,88981,422
9993321,2.00389,2.00389,422,71601,0.0089601,0.01,1,89405,88983,422
9996241,2.00078,2.00078,422,71630,0.00979202,0.01,1,89407,88985,422
9999161,2.00016,2.00016,422,71659,0.0099584,0.01,1,89409,88987,422
10002081,2.00003,2.00003,422,71688,0.0259917,0.01,1,89411,88989,422
10005001,2.00001,2.00001,422,71717,0.0291983,0.01,1,89413,88991,422
10007921,2,2,422,71746,0.0298397,0.01,1,89415,88993,422
10010841,2,2,422,71775,0.0299679,0.01,1,89417,88995,422
10013761,2,2,422,71804,0.0299936,0.01,1,89419,88997,422
10016681,2,2,422,71833,0.0299987,0.01,1,89421,88999,422
10019601,2,2,422,71862,0.0299997,0.01,1,89423,89001,422
10022521,2,2,422,71891,0.0299999,0.01,1,89425,89003,422
10025441,2,2,422,71920,0.03,0.01,1,89427,89005,422
10028361,5.2,5.2,422,71949,0.03,0.01,1,89433,89011,422
10031281,2.64,2.64,422,71978,0.03,0.01,1,89435,89013,422
10034201,2.128,2.128,422,72007,0.03,0,1,89437,89015,422
10037121,157.226,157.226,422,72036,0.006,0,1,89633,89211,422
10040041,33.0451,33.0451,422,72065,0.0012,0.01,1,89635,89213,422
10042961,109.809,109.809,422,72094,0.02424,0,1,89764,89342,422
10045881,62.7618,62.7618,422,72123,0.004848,0,1,89815,89393,422
10048801,14.1524,14.1524,422,72152,0.0009696,0,1,89817,89395,422
10051721,4.43047,4.43047,422,72181,0.00019392,0,1,89819,89397,422
10054641,2.48609,2.48609,422,72210,3.8784e-05,0,1,89821,89399,422
10057561,2.09722,0.497219,424,72239,0.00800776,0.03,1,89823,89399,424
10060481,2.01944,1.69944,424,72268,0.00160155,0,1,89825,89401,424
10063401,2.00389,1.93989,424,72297,0.00832031,0.01,1,89827,89403,424
10066321,2.00078,1.98798,424,72326,0.00966406,0.01,1,89829,89405,424
10069241,2.00016,1.9976,424,72355,0.00993281,0.01,1,89831,89407,424
10072161,2.00003,1.99952,424,72384,0.00998656,0.03,1,89833,89409,424
10075081,2.00001,1.9999,424,72413,0.00999731,0.03,1,89835,89411,424
10078001,2,1.99998,424,72442,0.00999946,0.03,1,89837,89413,424
10080921,2,2,424,72471,0.00999989,0.03,1,89839,89415,424
10083841,2,2,424,72500,0.00999998,0.03,1,89841,89417,424
10086761,2,2,424,72529,0.01,0.03,1,89843,89419,424
10089681,2,2,424,72558,0.01,0.03,1,89845,89421,424
10092601,2,2,424,72587,0.01,0.03,1,89847,89423,424
10095521,2,2,424,72616,0.01,0.03,1,89849,89425,424
10098441,4.4,2,427,72645,0.026,0.03,1,89854,89427,427
10101361,2.48,5.2,423,72674,0.0292,0.03,1,89856,89433,423
10104281,2.096,2.64,423,72703,0.02984,0.03,1,89858,89435,423
10107201,157.219,2.128,617,72732,0.005968,0,1,90054,89437,617
10110121,33.0438,157.226,423,72761,0.0011936,0,1,90056,89633,423
10113041,109.809,33.0451,550,72790,0.0242387,0.03,1,90185,89635,550
10115961,62.7618,109.809,472,72819,0.00484774,0,1,90236,89764,472
10118881,14.1523,62.7618,423,72848,0.000969549,0,1,90238,89815,423
10121801,4.43047,14.1524,423,72877,0.00019391,0,1,90240,89817,423
10124721,2.48609,4.43047,423,72906,3.87819e-05,0,1,90242,89819,423
10127641,2.09722,2.48609,423,72935,0.00800776,0.01,1,90244,89821,423
10130561,2.01944,2.09722,423,72964,0.00160155,0,1,90246,89823,423
10133481,2.00389,2.01944,423,72993,0.00832031,0.01,1,90248,89825,423
10136401,2.00078,2.00389,423,73022,0.00966406,0.01,1,90250,89827,423
10139321,2.00016,2.00078,423,73051,0.00993281,0.01,1,90252,89829,423
10142241,2.00003,2.00016,423,73080,0.00998656,0.01,1,90254,89831,423
10145161,2.00001,2.00003,423,73109,0.00999731,0.01,1,90256,89833,423
10148081,2,2.00001,423,73138,0.00999946,0.01,1,90258,89835,423
10151001,2,2,423,73167,0.0259999,0.01,1,90260,89837,423
10153921,2,2,423,73196,0.0292,0.01,1,90262,89839,423
10156841,2,2,423,73225,0.02984,0.01,1,90264,89841,423
10159761,2,2,423,73254,0.029968,0.01,1,90266,89843,423
10162681,2,2,423,73283,0.0299936,0.01,1,90268,89845,423
10165601,2,2,423,73312,0.0299987,0.01,1,90270,89847,423
10168521,4.4,2,426,73341,0.0459997,0.03,1,90275,89849,426
10171441,2.48,4.4,423,73370,0.0491999,0.03,1,90277,89854,423
10174361,2.096,2.48,423,73399,0.04984,0.03,1,90279,89856,423
10177281,157.219,2.096,617,73428,0.009968,0,1,90475,89858,617
10180201,33.0438,157.219,423,73457,0.0019936,0,1,90477,90054,423
10183121,109.809,33.0438,550,73486,0.0403987,0.03,1,90606,90056,550
10186041,62.7618,109.809,472,73515,0.00807974,0,1,90657,90185,472
10188961,14.1523,62.7618,423,73543,0.00161595,0,1,90659,90236,423
10191881,4.43047,14.1523,423,73571,0.00032319,0,1,90661,90238,423
10194801,2.48609,4.43047,423,73599,6.46379e-05,0,1,90663,90240,423
10197721,2.09722,2.48609,423,73627,0.0240129,0.01,1,90665,90242,423
10200641,2.01944,2.09722,423,73655,0.00480259,0,1,90667,90244,423
10203561,2.00389,2.01944,423,73683,0.00896052,0.01,1,90669,90246,423
10206481,2.00078,2.00389,423,73711,0.0097921,0.01,1,90671,90248,423
10209401,2.00016,2.00078,423,73739,0.00995842,0.01,1,90673,90250,423
10212321,2.00003,2.00016,423,73767,0.00999168,0.01,1,90675,90252,423
10215241,2.00001,2.00003,423,73795,0.00999834,0.01,1,90677,90254,423
10218161,2,2.00001,423,73823,0.00999967,0.01,1,90679,90256,423
10221081,2,2,423,73851,0.00999993,0.03,1,90681,90258,423
10224001,2,2,423,73879,0.00999999,0.03,1,90683,90260,423
10226921,2,2,423,73907,0.01,0.03,1,90685,90262,423
10229841,2,2,423,73935,0.01,0.03,1,90687,90264,423
10232761,2,2,423,73963,0.01,0.03,1,90689,90266,423
10235681,2,2,423,73991,0.01,0.03,1,90691,90268,423
10238601,2,2,423,74019,0.01,0.05,1,90693,90270,423
10241521,4.4,4.4,423,74047,0.026,0.05,1,90698,90275,423
10244441,2.48,2.48,423,74075,0.0292,0.05,1,90700,90277,423
10247361,2.096,2.096,423,74103,0.02984,0,1,90702,90279,423
10250281,156.419,157.219,422,74131,0.005968,0,1,90897,90475,422
10253201,32.8838,33.0438,422,74159,0.0011936,0.05,1,90899,90477,422
10256121,109.777,109.809,422,74187,0.00823872,0,1,91028,90606,422
10259041,62.7554,62.7618,422,74215,0.00164774,0,1,91079,90657,422
10261961,14.1511,14.1523,422,74243,0.000329549,0,1,91081,90659,422
10264881,4.43021,4.43047,422,74271,6.59097e-05,0,1,91083,90661,422
10267801,2.48604,2.48609,422,74299,1.31819e-05,0.03,1,91085,90663,422
10270721,2.09721,2.09722,422,74327,0.00800264,0,1,91087,90665,422
10273641,2.01944,2.01944,422,74355,0.00160053,0.01,1,91089,90667,422
10276561,2.00389,2.00389,422,74383,0.00832011,0.01,1,91091,90669,422
10279481,2.00078,2.00078,422,74411,0.00966402,0.01,1,91093,90671,422
10282401,2.00016,2.00016,422,74439,0.0099328,0.01,1,91095,90673,422
10285321,2.00003,2.00003,422,74467,0.00998656,0.01,1,91097,90675,422
10288241,2.00001,2.00001,422,74495,0.00999731,0.01,1,91099,90677,422
10291161,2,2,422,74523,0.00999946,0.01,1,91101,90679,422
10294081,2,2,422,74551,0.00999989,0.01,1,91103,90681,422
10297001,2,2,422,74579,0.00999998,0.01,1,91105,90683,422
10299921,2,2,422,74607,0.026,0.01,1,91107,90685,422
10302841,2,2,422,74635,0.0292,0.01,1,91109,90687,422
10305761,2,2,422,74663,0.02984,0.01,1,91111,90689,422
10308681,2,2,422,74691,0.029968,0.01,1,91113,90691,422
10311601,2,2,422,74719,0.0299936,0.03,1,91115,90693,422
10314521,4.4,4.4,422,74747,0.0459987,0.03,1,91120,90698,422
10317441,2.48,2.48,422,74775,0.0491997,0.03,1,91122,90700,422
10320361,2.096,2.096,422,74803,0.04984,0,1,91124,90702,422
10323281,156.419,156.419,422,74831,0.00996799,0,1,91319,90897,422
10326201,32.8838,32.8838,422,74859,0.0019936,0.01,1,91321,90899,422
10329121,109.777,109.777,422,74887,0.0403987,0,1,91450,91028,422
10332041,62.7554,62.7554,422,74915,0.00807974,0,1,91501,91079,422
10334961,14.1511,14.1511,422,74943,0.00161595,0,1,91503,91081,422
10337881,4.43021,4.43021,422,74971,0.00032319,0,1,91505,91083,422
10340801,2.48604,2.48604,422,74999,0.0240646,0.01,1,91507,91085,422
10343721,2.09721,2.09721,422,75027,0.00481293,0,1,91509,91087,422
10346641,2.01944,2.01944,422,75055,0.000962585,0.01,1,91511,91089,422
10349561,2.00389,2.00389,422,75083,0.00819252,0.01,1,91513,91091,422
10352481,2.00078,2.00078,422,75111,0.0096385,0.01,1,91515,91093,422
10355401,2.00016,2.00016,422,75139,0.0099277,0.01,1,91517,91095,422
10358321,2.00003,0.400031,424,75167,0.00998554,0.01,1,91519,91095,424
10361241,2.00001,1.68001,424,75195,0.00999711,0.01,1,91521,91097,424
10364161,2,1.936,424,75223,0.00999942,0.01,1,91523,91099,424
10367081,2,1.9872,424,75251,0.00999988,0.01,1,91525,91101,424
10370001,2,1.99744,424,75279,0.00999998,0.01,1,91527,91103,424
10372921,2,1.99949,424,75307,0.01,0.03,1,91529,91105,424
10375841,2,1.9999,424,75335,0.01,0.03,1,91531,91107,424
10378761,2,1.99998,424,75363,0.01,0.03,1,91533,91109,424
10381681,2,2,424,75391,0.01,0.03,1,91535,91111,424
10384601,2,2,424,75419,0.01,0.03,1,91537,91113,424
10387521,3.6,2,426,75447,0.01,0.05,1,91541,91115,426
10390441,2.32,4.4,423,75475,0.01,0.05,1,91543,91120,423
10393361,2.064,2.48,423,75503,0.01,0.05,1,91545,91122,423
10396281,156.413,2.096,616,75531,0.002,0,1,91740,91124,616
10399201,32.8826,156.419,423,75559,0.0004,0,1,91742,91319,423
10402121,109.777,32.8838,550,75587,0.00808,0.05,1,91871,91321,550
10405041,62.7553,109.777,472,75615,0.001616,0,1,91922,91450,472
10407961,14.1511,62.7554,423,75643,0.0003232,0,1,91924,91501,423
10410881,4.43021,14.1511,423,75671,6.464e-05,0,1,91926,91503,423
10413801,2.48604,4.43021,423,75699,0.0240129,0.03,1,91928,91505,423
10416721,2.09721,2.48604,423,75727,0.00480259,0,1,91930,91507,423
10419641,2.01944,2.09721,423,75755,0.000960517,0,1,91932,91509,423
10422561,2.00389,2.01944,423,75783,0.0081921,0.01,1,91934,91511,423
10425481,2.00078,2.00389,423,75811,0.00963842,0.01,1,91936,91513,423
10428401,2.00016,2.00078,423,75839,0.00992768,0.01,1,91938,91515,423
10431321,2.00003,2.00016,423,75867,0.00998554,0.01,1,91940,91517,423
10434241,2.00001,2.00003,423,75895,0.00999711,0.01,1,91942,91519,423
10437161,2,2.00001,423,75923,0.00999942,0.01,1,91944,91521,423
10440081,2,2,423,75951,0.00999988,0.01,1,91946,91523,423
10443001,2,2,423,75979,0.00999998,0.01,1,91948,91525,423
10445921,2,2,423,76007,0.01,0.01,1,91950,91527,423
10448841,2,2,423,76035,0.01,0.01,1,91952,91529,423
10451761,2,2,423,76063,0.026,0.01,1,91954,91531,423
10454681,2,2,423,76091,0.0292,0.01,1,91956,91533,423
10457601,2,2,423,76119,0.02984,0.01,1,91958,91535,423
10460521,4.4,2,426,76147,0.045968,0.01,1,91963,91537,426
10463441,2.48,3.6,424,76174,0.0491936,0.01,1,91965,91541,424
10466361,2.096,2.32,424,76201,0.0498387,0.01,1,91967,91543,424
10469281,155.619,2.064,616,76228,0.0819677,0,1,92161,91545,616
10472201,32.7238,156.413,423,76255,0.0563935,0,1,92163,91740,423
10475121,109.745,32.8826,550,76282,0.0352787,0.01,1,92292,91742,550
10478041,62.749,109.777,472,76309,0.00705574,0,1,92343,91871,472
10480961,14.1498,62.7553,423,76336,0.00141115,0,1,92345,91922,423
10483881,4.42996,14.1511,423,76363,0.00028223,0,1,92347,91924,423
10486801,2.48599,4.43021,423,76390,5.64459e-05,0.03,1,92349,91926,423
10489721,2.0972,2.48604,423,76417,0.00801129,0,1,92351,91928,423
10492641,2.01944,2.09721,423,76444,0.00160226,0,1,92353,91930,423
10495561,2.00389,2.01944,423,76471,0.00832045,0.01,1,92355,91932,423
10498481,2.00078,2.00389,423,76498,0.00966409,0.01,1,92357,91934,423
10501401,2.00016,2.00078,423,76525,0.00993282,0.01,1,92359,91936,423
10504321,2.00003,2.00016,423,76552,0.00998656,0.01,1,92361,91938,423
10507241,2.00001,2.00003,423,76579,0.00999731,0.01,1,92363,91940,423
10510161,2,2.00001,423,76606,0.00999946,0.01,1,92365,91942,423
10513081,2,2,423,76633,0.00999989,0.01,1,92367,91944,423
10516001,2,2,423,76660,0.00999998,0.01,1,92369,91946,423
10518921,2,2,423,76687,0.01,0.01,1,92371,91948,423
10521841,2,2,423,76714,0.01,0.01,1,92373,91950,423
10524761,2,2,423,76741,0.01,0.03,1,92375,91952,423
10527681,2,2,423,76768,0.01,0.03,1,92377,91954,423
10530601,2,2,423,76795,0.01,0.03,1,92379,91956,423
10533521,2,2,423,76822,0.01,0.05,1,92381,91958,423
10536441,4.4,4.4,423,76849,0.026,0.05,1,92386,91963,423
10539361,2.48,2.48,423,76876,0.0292,0.05,1,92388,91965,423
10542281,2.096,2.096,423,76903,0.02984,0.09,1,92390,91967,423
10545201,154.819,155.619,422,76930,0.365968,0.05,1,92583,92161,422
10548121,32.5638,32.7238,422,76957,0.433194,0.03,1,92585,92163,422
10551041,110.513,109.745,423,76984,0.0946387,0,1,92715,92292,423
10553961,62.1026,62.749,422,77011,0.0909277,0,1,92765,92343,422
10556881,14.0205,14.1498,422,77038,0.0581855,0,1,92767,92345,422
10559801,4.4041,4.42996,422,77065,0.0196371,0,1,92769,92347,422
10562721,2.48082,2.48599,422,77092,0.0279274,0.01,1,92771,92349,422
10565641,2.09616,2.0972,422,77119,0.00558548,0,1,92773,92351,422
10568561,2.01923,2.01944,422,77146,0.0011171,0.01,1,92775,92353,422
10571481,2.00385,2.00389,422,77173,0.00822342,0.01,1,92777,92355,422
10574401,2.00077,2.00078,422,77200,0.00964468,0.01,1,92779,92357,422
10577321,2.00015,2.00016,422,77227,0.00992894,0.01,1,92781,92359,422
10580241,2.00003,2.00003,422,77254,0.00998579,0.01,1,92783,92361,422
10583161,2.00001,2.00001,422,77281,0.00999716,0.01,1,92785,92363,422
10586081,2,2,422,77308,0.00999943,0.01,1,92787,92365,422
10589001,2,2,422,77335,0.00999989,0.01,1,92789,92367,422
10591921,2,2,422,77362,0.00999998,0.01,1,92791,92369,422
10594841,2,2,422,77389,0.01,0.01,1,92793,92371,422
10597761,2,2,422,77416,0.01,0.01,1,92795,92373,422
10600681,2,2,422,77443,0.01,0.01,1,92797,92375,422
10603601,2,2,422,77470,0.01,0.01,1,92799,92377,422
10606521,2,2,422,77497,0.01,0.01,1,92801,92379,422
10609441,2,2,422,77524,0.026,0.03,1,92803,92381,422
10612361,4.4,4.4,422,77551,0.0452,0.03,1,92808,92386,422
10615281,2.48,2.48,422,77578,0.04904,0.03,1,92810,92388,422
10618201,2.096,2.096,422,77605,0.049808,0.45,1,92812,92390,422
10621121,166.019,154.819,436,77632,0.0259616,0.45,1,93019,92583,436
10624041,34.8038,32.5638,436,77659,0.149192,0.01,1,93021,92585,436
10626961,99.7608,110.513,422,77686,0.293838,0.09,1,93137,92715,422
10629881,59.9522,62.1026,422,77713,0.290768,0.05,1,93187,92765,422
10632801,13.5904,14.0205,422,77740,0.290154,0.01,1,93189,92767,422
10635721,4.31809,4.4041,422,77767,0.258031,0.03,1,93191,92769,422
10638641,2.46362,2.48082,422,77794,0.251606,0,1,93193,92771,422
10641561,2.09272,2.09616,422,77821,0.218321,0,1,93195,92773,422
10644481,2.01854,2.01923,422,77848,0.179664,0.01,1,93197,92775,422
10647401,2.00371,2.00385,422,77875,0.171933,0.01,1,93199,92777,422
10650321,2.00074,2.00077,422,77902,0.170387,0.01,1,93201,92779,422
10653241,2.00015,2.00015,422,77929,0.170077,0.01,1,93203,92781,422
10656161,2.00003,2.00003,422,77956,0.170015,0.01,1,93205,92783,422
10659081,2.00001,2.00001,422,77983,0.170003,0.01,1,93207,92785,422
10662001,2,2,422,78010,0.170001,0.01,1,93209,92787,422
10664921,2,2,422,78037,0.17,0.01,1,93211,92789,422
10667841,2,2,422,78064,0.17,0.01,1,93213,92791,422
10670761,2,0.4,424,78091,0.17,0.01,1,93215,92791,424
10673681,2,1.68,424,78118,0.17,0.01,1,93217,92793,424
10676601,2,1.936,424,78145,0.17,0.01,1,93219,92795,424
10679521,2,1.9872,424,78172,0.17,0.01,1,93221,92797,424
10682441,2,1.99744,424,78199,0.17,0.01,1,93223,92799,424
10685361,2,1.99949,424,78226,0.17,0.03,1,93225,92801,424
10688281,3.6,1.9999,426,78253,0.17,0.05,1,93229,92803,426
10691201,2.32,4.39998,423,78280,0.17,0.05,1,93231,92808,423
10694121,2.064,2.48,423,78307,0.17,0.05,1,93233,92810,423
10695581,161.213,2.096,622,78334,0.034,0.02,1,93434,92812,622
10698501,41.8426,166.019,427,78361,0.1588,0.18,1,93446,93019,427
10701421,15.5685,34.8038,434,78388,0.19976,0.33,1,93455,93021,434
10704341,97.5137,99.7608,436,78415,0.303952,0.29,1,93573,93137,436
10707261,54.7027,59.9522,430,78442,0.14879,0.29,1,93617,93187,430
10710181,12.5405,13.5904,430,78469,0.269758,0.25,1,93619,93189,430
10713101,4.10811,4.31809,430,78496,0.293952,0.25,1,93621,93191,430
10716021,2.42162,2.46362,430,78523,0.29879,0.21,1,93623,93193,430
10718941,2.08432,2.09272,430,78550,0.299758,0.17,1,93625,93195,430
10721861,2.01686,2.01854,430,78577,0.267952,0.17,1,93627,93197,430
10724781,2.00337,2.00371,430,78604,0.26159,0.17,1,93629,93199,430
10727701,2.00067,2.00074,430,78631,0.284318,0.17,1,93631,93201,430
10730621,2.00013,2.00015,430,78658,0.288864,0.17,1,93633,93203,430
10733541,2.00003,2.00003,430,78685,0.297773,0.17,1,93635,93205,430
10736461,2.00001,2.00001,430,78712,0.299555,0.17,1,93637,93207,430
10739381,2,2,430,78739,0.299911,0.17,1,93639,93209,430
10742301,2,2,430,78766,0.299982,0.17,1,93641,93211,430
10745221,2,2,430,78793,0.299996,0.17,1,93643,93213,430
10748141,2,2,430,78820,0.299999,0.17,1,93645,93215,430
10751061,2,2,430,78847,0.308,0.17,1,93647,93217,430
10753981,2,2,430,78874,0.3096,0.17,1,93649,93219,430
10756901,2,2,430,78901,0.30992,0.17,1,93651,93221,430
10759821,2,2,430,78928,0.309984,0.17,1,93653,93223,430
10762741,2,2,430,78955,0.309997,0.17,1,93655,93225,430
10765661,3.6,3.6,430,78981,0.325999,0.17,1,93659,93229,430
10768581,2.32,2.32,430,79007,0.3292,0.17,1,93661,93231,430
10771501,2.064,2.064,430,79033,0.32984,0,1,93663,93233,430
10774421,171.613,161.213,443,79059,0.185968,0.19,1,93877,93434,443
10777341,42.3226,41.8426,441,79085,0.141194,0.21,1,93887,93446,441
10780261,105.265,15.5685,553,79111,0.276239,0.33,1,94008,93455,553
10783181,55.4529,97.5137,478,79137,0.159248,0.11,1,94051,93573,478
10786101,12.6906,54.7027,436,79163,0.10385,0.3,1,94053,93617,436
10789021,5.73812,12.5405,438,79189,0.24477,0.3,1,94057,93619,438
10791941,2.74762,4.10811,438,79215,0.272954,0.3,1,94059,93621,438
10794861,2.14952,2.42162,438,79241,0.278591,0.3,1,94061,93623,438
10797781,2.0299,2.08432,438,79267,0.279718,0.26,1,94063,93625,438
10800701,2.00598,2.01686,438,79293,0.279944,0.26,1,94065,93627,438
10803621,2.0012,2.00337,438,79319,0.247989,0.29,1,94067,93629,438
10806541,2.00024,2.00067,438,79345,0.241598,0.29,1,94069,93631,438
10809461,2.00005,2.00013,438,79371,0.24032,0.3,1,94071,93633,438
10812381,2.00001,2.00003,438,79397,0.248064,0.3,1,94073,93635,438
10815301,2,2.00001,438,79423,0.249613,0.3,1,94075,93637,438
10818221,2,2,438,79449,0.249923,0.3,1,94077,93639,438
10821141,2,2,438,79475,0.273985,0.3,1,94079,93641,438
10824061,2,2,438,79501,0.278797,0.3,1,94081,93643,438
10826981,2,2,438,79527,0.279759,0.31,1,94083,93645,438
10829901,2,2,438,79553,0.279952,0.31,1,94085,93647,438
10832821,2,2,438,79579,0.27999,0.31,1,94087,93649,438
10835741,2,2,438,79605,0.279998,0.31,1,94089,93651,438
10838661,2,2,438,79631,0.288,0.31,1,94091,93653,438
10841581,2,2,438,79657,0.2896,0.33,1,94093,93655,438
10844501,3.6,3.6,438,79683,0.28992,0.33,1,94097,93659,438
10847421,2.32,2.32,438,79709,0.289984,0.33,1,94099,93661,438
10850341,2.064,2.064,438,79735,0.289997,0.15,1,94101,93663,438
10853261,163.613,171.613,428,79761,0.209999,0.13,1,94305,93877,428
10856181,40.7226,42.3226,428,79787,0.194,0.31,1,94315,93887,428
10859101,112.145,105.265,437,79813,0.2068,0.13,1,94445,94008,437
10862021,56.0289,55.4529,436,79839,0.09736,0.09,1,94487,94051,436
10864941,12.8058,12.6906,436,79865,0.163472,0.28,1,94489,94053,436
10867861,4.16116,5.73812,434,79891,0.144694,0.28,1,94491,94057,434
10870781,2.43223,2.74762,434,79917,0.140939,0.28,1,94493,94059,434
10873701,2.08645,2.14952,434,79943,0.212188,0.28,1,94495,94061,434
10876621,2.01729,2.0299,434,79969,0.194438,0.28,1,94497,94063,434
10879541,2.00346,2.00598,434,79995,0.182888,0.24,1,94499,94065,434
10882461,3.60069,2.0012,436,80021,0.188578,0.24,1,94503,94067,436
10885381,2.32014,2.00024,436,80047,0.181716,0.24,1,94505,94069,436
10888301,2.06403,2.00005,436,80073,0.172343,0.25,1,94507,94071,436
10891221,2.01281,2.00001,436,80099,0.170469,0.25,1,94509,94073,436
10894141,2.00256,2,436,80125,0.170094,0.25,1,94511,94075,436
10897061,2.00051,2,436,80151,0.138019,0.28,1,94513,94077,436
10899981,2.0001,2,436,80177,0.131604,0.28,1,94515,94079,436
10902901,2.00002,2,436,80203,0.130321,0.28,1,94517,94081,436
10905821,2,2,436,80229,0.130064,0.28,1,94519,94083,436
10908741,2,2,436,80255,0.130013,0.28,1,94521,94085,436
10911661,2,2,436,80281,0.130003,0.28,1,94523,94087,436
10914581,2,2,436,80307,0.130001,0.29,1,94525,94089,436
10917501,2,2,436,80333,0.154,0.29,1,94527,94091,436
10920421,2,2,436,80359,0.1588,0.29,1,94529,94093,436
10923341,3.6,3.6,436,80385,0.16776,0.29,1,94533,94097,436
10926261,2.32,2.32,436,80411,0.185552,0.29,1,94535,94099,436
10929181,2.064,2.064,436,80437,0.18911,0.19,1,94537,94101,436
10932101,159.613,163.613,431,80463,0.0378221,0.19,1,94736,94305,431
10935021,39.1226,40.7226,430,80489,0.0795644,0.21,1,94745,94315,430
10937941,111.825,112.145,430,80515,0.231913,0.07,1,94875,94445,430
10940861,55.9649,56.0289,430,80541,0.166383,0.18,1,94917,94487,430
10943781,12.793,12.8058,430,80567,0.121277,0.14,1,94919,94489,430
10946701,4.1586,4.16116,430,80593,0.232255,0.14,1,94921,94491,430
10949621,2.43172,2.43223,430,80619,0.222451,0.23,1,94923,94493,430
10952541,2.08634,2.08645,430,80645,0.22049,0.19,1,94925,94495,430
10955461,2.01727,2.01729,430,80671,0.244098,0.18,1,94927,94497,430
10958381,2.00345,2.00346,430,80697,0.24882,0.19,1,94929,94499,430
10961301,2.00069,3.60069,428,80723,0.249764,0.18,1,94931,94503,428
10964221,2.00014,2.32014,428,80749,0.273953,0.17,1,94933,94505,428
10967141,2.00003,2.06403,428,80775,0.270791,0.17,1,94935,94507,428
10970061,2.00001,2.01281,428,80801,0.270158,0.17,1,94937,94509,428
10972981,2,2.00256,428,80827,0.270032,0.13,1,94939,94511,428
10975901,2,2.00051,428,80853,0.278006,0.13,1,94941,94513,428
10978821,3.6,2.0001,430,80879,0.279601,0.13,1,94945,94515,430
10981741,2.32,2.00002,430,80905,0.27992,0.13,1,94947,94517,430
10984661,2.064,2,430,80931,0.287984,0.13,1,94949,94519,430
10987581,2.0128,2,430,80957,0.289597,0.13,1,94951,94521,430
10990501,2.00256,2,430,80983,0.289919,0.13,1,94953,94523,430
10993421,2.00051,0.4,432,81009,0.257984,0.13,1,94955,94523,432
10996341,2.0001,1.68,432,81035,0.251597,0.16,1,94957,94525,432
10999261,2.00002,1.936,432,81061,0.250319,0.16,1,94959,94527,432
11002181,3.6,1.9872,434,81087,0.250064,0.17,1,94963,94529,434
11005101,2.32,3.59744,432,81113,0.250013,0.19,1,94965,94533,432
11008021,2.064,2.31949,432,81139,0.274003,0.19,1,94967,94535,432
11010941,156.413,2.0639,625,81165,0.134801,0,1,95162,94537,625
11013861,36.8826,159.613,433,81191,0.0749601,0.09,1,95169,94736,433
11016781,117.777,39.1226,562,81217,0.262992,0.27,1,95307,94745,562
11019701,57.9553,111.825,475,81243,0.268598,0.15,1,95350,94875,475
11022621,13.1911,55.9649,435,81269,0.23772,0.11,1,95352,94917,435
11025541,4.23821,12.793,435,81295,0.199544,0.26,1,95354,94919,435
11028461,4.04764,4.1586,437,81321,0.159909,0.22,1,95358,94921,437
11031381,2.40953,2.43172,437,81347,0.255982,0.22,1,95360,94923,437
11034301,2.08191,2.08634,437,81373,0.275196,0.25,1,95362,94925,437
11037221,2.01638,2.01727,437,81399,0.279039,0.25,1,95364,94927,437
11040141,2.00328,2.00345,437,81425,0.279808,0.25,1,95366,94929,437
11043061,2.00066,2.00069,437,81451,0.247962,0.28,1,95368,94931,437
11045981,2.00013,2.00014,437,81477,0.297592,0.27,1,95370,94933,437
11048901,2.00003,2.00003,437,81503,0.307518,0.27,1,95372,94935,437
11051821,2.00001,2.00001,437,81529,0.309504,0.27,1,95374,94937,437
11054741,2,2,437,81555,0.317901,0.28,1,95376,94939,437
11057661,2,2,437,81581,0.31958,0.28,1,95378,94941,437
11060581,2,3.6,435,81607,0.319916,0.28,1,95380,94945,435
11063501,2,2.32,435,81633,0.319983,0.29,1,95382,94947,435
11066421,2,2.064,435,81659,0.319997,0.29,1,95384,94949,435
11069341,2,2.0128,435,81685,0.319999,0.29,1,95386,94951,435
11072261,2,2.00256,435,81711,0.328,0.25,1,95388,94953,435
11075181,3.6,2.00051,437,81737,0.3296,0.25,1,95392,94955,437
11078101,2.32,2.0001,437,81763,0.32992,0.25,1,95394,94957,437
11081021,3.664,2.00002,439,81789,0.329984,0.25,1,95398,94959,439
11083941,2.3328,3.6,437,81815,0.329997,0.25,1,95400,94963,437
11086861,2.06656,2.32,437,81841,0.297999,0.28,1,95402,94965,437
11089781,145.213,2.064,616,81867,0.0595999,0.1,1,95583,94967,616
11092701,39.4427,156.413,434,81893,0.17192,0.06,1,95596,95162,434
11095621,125.489,36.8826,574,81919,0.186384,0.31,1,95743,95169,574
11098541,58.6977,117.777,478,81945,0.189277,0.27,1,95785,95307,478
11101461,13.3395,57.9553,437,81971,0.157855,0.23,1,95787,95350,437
11104381,4.26791,13.1911,437,81997,0.119571,0.19,1,95789,95352,437
11107301,2.45358,4.23821,437,82022,0.0799142,0.15,1,95791,95354,437
11110221,5.29072,4.04764,439,82047,0.127983,0.28,1,95797,95358,439
11113141,2.65814,2.40953,439,82072,0.137597,0.28,1,95799,95360,439
11116061,2.13163,2.08191,439,82097,0.179519,0.28,1,95801,95362,439
11118981,2.02633,2.01638,439,82122,0.179904,0.28,1,95803,95364,439
11121901,2.00527,2.00328,439,82147,0.147981,0.24,1,95805,95366,439
11124821,2.00105,2.00066,439,82172,0.109596,0.31,1,95807,95368,439
11127741,2.00021,2.00013,439,82197,0.101919,0.31,1,95809,95370,439
11130661,2.00004,2.00003,439,82222,0.0923839,0.31,1,95811,95372,439
11133581,2.00001,2.00001,439,82247,0.0904768,0.32,1,95813,95374,439
11136501,2,2,439,82272,0.0900954,0.32,1,95815,95376,439
11139421,2,2,439,82297,0.146019,0.32,1,95817,95378,439
11142341,2,2,439,82322,0.157204,0.32,1,95819,95380,439
11145261,2,2,439,82347,0.159441,0.32,1,95821,95382,439
11148181,2,2,439,82372,0.159888,0.32,1,95823,95384,439
11151101,2,2,439,82397,0.159978,0.33,1,95825,95386,439
11154021,2,2,439,82422,0.167996,0.33,1,95827,95388,439
11156941,2,3.6,437,82447,0.169599,0.33,1,95829,95392,437
11159861,2,2.32,437,82472,0.16992,0.33,1,95831,95394,437
11162781,3.6,3.664,437,82497,0.169984,0.33,1,95835,95398,437
11165701,3.92,2.3328,439,82522,0.169997,0.29,1,95839,95400,439
11168621,2.384,2.06656,439,82547,0.169999,0,1,95841,95402,439
11171541,134.877,145.213,426,82572,0.122,0.2,1,96009,95583,426
11174461,37.3754,39.4427,426,82597,0.0244,0.19,1,96022,95596,426
11177381,129.075,125.489,431,82622,0.20488,0.19,1,96174,95743,431
11180301,57.015,58.6977,428,82647,0.240976,0.15,1,96213,95785,428
11183221,13.003,13.3395,428,82672,0.248195,0.11,1,96215,95787,428
11186141,4.2006,4.26791,428,82697,0.217639,0.07,1,96217,95789,428
11189061,4.04012,2.45358,430,82722,0.147528,0.14,1,96221,95791,430
11191981,2.40802,5.29072,426,82747,0.101506,0.14,1,96223,95797,426
11194901,2.0816,2.65814,426,82772,0.0923011,0.19,1,96225,95799,426
11197821,2.01632,2.13163,426,82797,0.0904602,0.18,1,96227,95801,426
11200741,2.00326,2.02633,426,82822,0.210092,0.14,1,96229,95803,426
11203661,2.00065,2.00527,426,82847,0.202018,0.1,1,96231,95805,426
11206581,5.20013,2.00105,430,82872,0.200404,0.1,1,96237,95807,430
11209501,2.64003,2.00021,430,82897,0.200081,0.09,1,96239,95809,430
11212421,2.12801,2.00004,430,82922,0.232016,0.09,1,96241,95811,430
11215341,2.0256,2.00001,430,82947,0.238403,0.09,1,96243,95813,430
11218261,2.00512,2,430,82972,0.231681,0.16,1,96245,95815,430
11221181,2.00102,2,430,82997,0.198336,0.16,1,96247,95817,430
11224101,2.0002,2,430,83022,0.231667,0.16,1,96249,95819,430
11227021,2.00004,2,430,83047,0.238333,0.16,1,96251,95821,430
11229941,2.00001,2,430,83072,0.239667,0.16,1,96253,95823,430
11232861,2,2,430,83097,0.247933,0.17,1,96255,95825,430
11235781,2,2,430,83122,0.249587,0.17,1,96257,95827,430
11238701,2,2,430,83147,0.257917,0.17,1,96259,95829,430
11241621,2,2,430,83172,0.259583,0.17,1,96261,95831,430
11244541,3.6,3.6,430,83197,0.251917,0.17,1,96265,95835,430
11247461,2.32,3.92,428,83222,0.250383,0.17,1,96267,95839,428
11250381,2.064,2.384,428,83247,0.250077,0.11,1,96269,95841,428
11253301,130.013,134.877,422,83272,0.0980153,0,1,96431,96009,422
11256221,42.8026,37.3754,430,83297,0.0356031,0.25,1,96452,96022,430
11259141,131.761,129.075,432,83322,0.271121,0.25,1,96606,96174,432
11262061,52.7521,57.015,426,83347,0.334224,0.25,1,96639,96213,426
11264981,12.1504,13.003,426,83372,0.346845,0.21,1,96641,96215,426
11267901,5.63008,4.2006,428,83397,0.349369,0.13,1,96645,96217,428
11270821,6.72602,4.04012,431,83422,0.365874,0.09,1,96652,96221,431
11273741,2.9452,2.40802,431,83447,0.337175,0.09,1,96654,96223,431
11276661,2.18904,2.0816,431,83472,0.331435,0.09,1,96656,96225,431
11279581,2.03781,2.01632,431,83497,0.298287,0.24,1,96658,96227,431
11282501,2.00756,2.00326,431,83522,0.259657,0.2,1,96660,96229,431
11285421,4.40151,2.00065,434,83547,0.355931,0.2,1,96665,96231,434
11288341,4.0803,5.20013,432,83572,0.375186,0.2,1,96669,96237,432
11291261,4.01606,2.64003,434,83597,0.347037,0.24,1,96673,96239,434
11294181,2.40321,2.12801,434,83622,0.309407,0.24,1,96675,96241,434
11297101,2.08064,2.0256,434,83647,0.301881,0.23,1,96677,96243,434
11300021,2.01613,2.00512,434,83672,0.268376,0.19,1,96679,96245,434
11302941,2.00323,2.00102,434,83697,0.261675,0.24,1,96681,96247,434
11305861,2.00065,2.0002,434,83722,0.228335,0.24,1,96683,96249,434
11308781,2.00013,2.00004,434,83747,0.213667,0.24,1,96685,96251,434
11311701,2.00003,2.00001,434,83772,0.210733,0.25,1,96687,96253,434
11314621,2.00001,2,434,83797,0.314147,0.25,1,96689,96255,434
11317541,2,2,434,83822,0.334829,0.26,1,96691,96257,434
11320461,2,2,434,83847,0.338966,0.26,1,96693,96259,434
11323381,2,2,434,83872,0.339793,0.25,1,96695,96261,434
11326301,3.6,3.6,434,83897,0.347959,0.25,1,96699,96265,434
11329221,2.32,0.72,436,83922,0.349592,0.25,1,96701,96265,436
11332141,2.064,1.744,436,83947,0.341918,0.25,1,96703,96267,436
11335061,125.213,1.9488,590,83972,0.220384,0.06,1,96859,96269,590
11337981,45.8426,129.99,454,83997,0.0440767,0.02,1,96885,96431,454
11340901,135.569,42.798,591,84022,0.208815,0.33,1,97043,96452,591
11343821,54.3137,131.76,471,84047,0.241763,0.35,1,97077,96606,471
11346741,12.4627,52.7519,440,84072,0.248353,0.35,1,97079,96639,440
11349661,4.09255,12.1504,440,84097,0.249671,0.35,1,97081,96641,440
11352581,2.41851,5.63008,438,84122,0.265934,0.37,1,97083,96645,438
11355501,2.8837,6.72602,434,84147,0.253187,0.33,1,97086,96652,434
11358421,6.97674,2.9452,440,84172,0.282637,0.33,1,97094,96654,440
11361341,2.99535,2.18904,440,84197,0.256527,0.29,1,97096,96656,440
11364261,2.19907,2.03781,440,84222,0.251305,0.25,1,97098,96658,440
11367181,2.03981,2.00756,440,84247,0.218261,0.38,1,97100,96660,440
11370101,2.00796,4.40151,437,84272,0.179652,0.38,1,97102,96665,437
11373021,2.00159,4.0803,435,84297,0.19593,0.34,1,97104,96669,435
11375941,2.00032,4.01606,433,84322,0.199186,0.3,1,97106,96673,433
11378861,2.80006,2.40321,434,84347,0.271837,0.3,1,97109,96675,434
11381781,6.96001,2.08064,440,84372,0.294367,0.26,1,97117,96677,440
11384701,2.992,2.01613,440,84397,0.266873,0.26,1,97119,96679,440
11387621,2.1984,2.00323,440,84422,0.261375,0.22,1,97121,96681,440
11390541,2.03968,2.00065,440,84447,0.228275,0.21,1,97123,96683,440
11393461,2.00794,2.00013,440,84472,0.197655,0.21,1,97125,96685,440
11396381,2.00159,2.00003,440,84497,0.159531,0.34,1,97127,96687,440
11399301,2.00032,2.00001,440,84522,0.151906,0.34,1,97129,96689,440
11402221,2.00006,2,440,84547,0.238381,0.34,1,97131,96691,440
11405141,2.00001,2,440,84572,0.255676,0.34,1,97133,96693,440
11408061,3.6,2,442,84597,0.259135,0.35,1,97137,96695,442
11410981,2.32,3.6,440,84622,0.259827,0.35,1,97139,96699,440
11413901,2.064,2.32,440,84647,0.259965,0.34,1,97141,96701,440
11416821,118.013,2.064,585,84672,0.179993,0.19,1,97288,96703,585
11419741,38.8026,125.213,448,84697,0.235999,0,1,97307,96859,448
11422661,142.961,45.8426,591,84722,0.2472,0.25,1,97476,96885,591
11425581,56.5921,135.569,468,84747,0.23344,0.25,1,97511,97043,468
11428501,12.9184,54.3137,436,84772,0.230688,0.25,1,97513,97077,436
11431421,4.18368,12.4627,436,84797,0.230138,0.25,1,97515,97079,436
11434341,2.43674,4.09255,436,84822,0.230027,0.27,1,97517,97081,436
11437261,2.08735,2.41851,436,84847,0.230005,0.25,1,97519,97083,436
11440181,5.21747,2.8837,439,84872,0.230001,0.29,1,97525,97086,439
11443101,2.64349,6.97674,433,84897,0.23,0.25,1,97527,97094,433
11446021,2.9287,2.99535,434,84922,0.246,0.25,1,97530,97096,434
11448941,4.58574,2.19907,437,84947,0.1692,0.21,1,97535,97098,437
11451861,2.51715,2.03981,437,84972,0.15384,0.17,1,97537,97100,437
11454781,2.10343,2.00796,437,84997,0.150768,0.2,1,97539,97102,437
11457701,2.02069,2.00159,437,85022,0.206154,0.2,1,97541,97104,437
11460621,2.00414,2.00032,437,85047,0.185231,0.29,1,97543,97106,437
11463541,2.00083,2.80006,436,85072,0.149046,0.3,1,97545,97109,436
11466461,2.80017,6.96001,431,85097,0.165809,0.26,1,97548,97117,431
11469381,6.16003,2.992,436,85122,0.209162,0.26,1,97555,97119,436
11472301,2.83201,2.1984,436,85147,0.217832,0.22,1,97557,97121,436
11475221,2.1664,2.03968,436,85172,0.219566,0.19,1,97559,97123,436
11478141,2.03328,2.00794,436,85197,0.187913,0.15,1,97561,97125,436
11481061,2.00666,2.00159,436,85222,0.149583,0.15,1,97563,97127,436
11483981,2.00133,2.00032,436,85247,0.117917,0.26,1,97565,97129,436
11486901,2.00027,2.00006,436,85272,0.111583,0.26,1,97567,97131,436
11489821,3.60005,2.00001,438,85296,0.198317,0.26,1,97571,97133,438
11492741,2.32001,3.6,436,85320,0.215663,0.26,1,97573,97137,436
11495661,2.064,2.32,436,85344,0.219133,0.26,1,97575,97139,436
11498581,114.813,2.064,577,85368,0.0998265,0.16,1,97718,97141,577
11501501,24.5626,118.013,432,85392,0.195965,0.25,1,97720,97288,432
11504421,20.1125,38.8026,432,85416,0.207193,0.25,1,97739,97307,432
11507341,140.823,142.961,434,85440,0.225439,0.23,1,97910,97476,434
11510261,55.3645,56.5921,433,85464,0.229088,0.23,1,97944,97511,433
11513181,12.6729,12.9184,433,85488,0.229818,0.23,1,97946,97513,433
11516101,4.13458,4.18368,433,85512,0.229963,0.23,1,97948,97515,433
11519021,2.42692,2.43674,433,85536,0.229993,0.23,1,97950,97517,433
11521941,2.08538,2.08735,433,85560,0.245999,0.23,1,97952,97519,433
11524861,2.01708,5.21747,429,85584,0.2172,0.23,1,97954,97525,429
11527781,2.00342,2.64349,429,85608,0.21144,0.25,1,97956,97527,429
11530701,3.60068,2.9287,430,85632,0.210288,0.15,1,97960,97530,430
11533621,3.92014,4.58574,429,85656,0.210058,0.15,1,97964,97535,429
11536541,2.38403,2.51715,429,85680,0.210012,0.15,1,97966,97537,429
11539461,2.07681,2.10343,429,85704,0.210002,0.22,1,97968,97539,429
11542381,2.01536,2.02069,429,85728,0.178,0.18,1,97970,97541,429
11545301,5.20307,2.00414,433,85752,0.1396,0.14,1,97976,97543,433
11548221,2.64061,2.00083,433,85776,0.13192,0.17,1,97978,97545,433
11551141,2.12812,2.80017,432,85800,0.186384,0.22,1,97980,97548,432
11554061,2.02562,6.16003,427,85824,0.197277,0.22,1,97982,97555,427
11556981,2.00512,2.83201,427,85848,0.167455,0.22,1,97984,97557,427
11559901,3.60103,2.1664,429,85872,0.185491,0.18,1,97988,97559,429
11562821,5.52021,2.03328,433,85896,0.197098,0.14,1,97994,97561,433
11565741,2.70404,2.00666,433,85920,0.19942,0.11,1,97996,97563,433
11568661,2.14081,2.00133,433,85944,0.167884,0.11,1,97998,97565,433
11571581,2.02816,2.00027,433,85968,0.169577,0.22,1,98000,97567,433
11574501,3.60563,3.60005,433,85992,0.161915,0.22,1,98004,97571,433
11577421,2.32113,2.32001,433,86016,0.160383,0.22,1,98006,97573,433
11580341,2.06423,2.064,433,86040,0.160077,0.07,1,98008,97575,433
11583261,107.613,114.813,424,86064,0.264015,0.22,1,98142,97718,424
11586181,24.7226,24.5626,426,86088,0.220803,0.21,1,98146,97720,426
11589101,24.9445,20.1125,432,86112,0.236161,0.23,1,98171,97739,432
11592021,140.989,140.823,431,86136,0.263232,0.23,1,98341,97910,431
11594941,56.1978,55.3645,432,86160,0.300646,0.23,1,98376,97944,432
11597861,12.8396,12.6729,432,86184,0.308129,0.23,1,98378,97946,432
11600781,4.16791,4.13458,432,86208,0.309626,0.23,1,98380,97948,432
11603701,2.43358,2.42692,432,86232,0.309925,0.25,1,98382,97950,432
11606621,2.08672,2.08538,432,86256,0.309985,0.21,1,98384,97952,432
11609541,2.01734,2.01708,432,86280,0.309997,0.21,1,98386,97954,432
11612461,2.00347,2.00342,432,86304,0.309999,0.21,1,98388,97956,432
11615381,2.00069,3.60068,430,86328,0.31,0.21,1,98390,97960,430
11618301,2.00014,3.92014,428,86352,0.31,0.21,1,98392,97964,428
11621221,2.00003,2.38403,428,86376,0.31,0.21,1,98394,97966,428
11624141,2.00001,2.07681,428,86400,0.31,0.17,1,98396,97968,428
11627061,5.2,2.01536,432,86424,0.31,0.13,1,98402,97970,432
11629981,2.64,5.20307,428,86448,0.31,0.13,1,98404,97976,428
11632901,5.328,2.64061,432,86472,0.278,0.2,1,98410,97978,432
11635821,2.6656,2.12812,432,86496,0.2396,0.2,1,98412,97980,432
11638741,2.13312,2.02562,432,86520,0.23192,0.16,1,98414,97982,432
11641661,2.02662,2.00512,432,86544,0.230384,0.19,1,98416,97984,432
11644581,2.00532,3.60103,430,86568,0.198077,0.2,1,98418,97988,430
11647501,5.20107,5.52021,430,86592,0.279615,0.2,1,98424,97994,430
11650421,2.64021,2.70404,430,86616,0.295923,0.16,1,98426,97996,430
11653341,2.12804,2.14081,430,86640,0.299185,0.17,1,98428,97998,430
11656261,2.02561,2.02816,430,86664,0.299837,0.16,1,98430,98000,430
11659181,3.60512,3.60563,430,86688,0.235967,0.16,1,98434,98004,430
11662101,2.32102,2.32113,430,86712,0.223193,0.16,1,98436,98006,430
11665021,3.6642,2.06423,432,86736,0.212639,0.29,1,98440,98008,432
11667941,104.733,107.613,428,86760,0.290528,0.21,1,98570,98142,428
11670861,28.1466,24.7226,433,86784,0.290106,0.24,1,98579,98146,433
11673781,21.6293,24.9445,428,86808,0.226021,0.27,1,98599,98171,428
11676701,145.926,140.989,435,86832,0.357204,0.27,1,98776,98341,435
11679621,57.9852,28.1978,471,86856,0.383441,0.31,1,98812,98341,471
11682541,13.197,33.6396,438,86880,0.388688,0.31,1,98814,98376,438
11685461,4.23941,8.32791,438,86904,0.389738,0.31,1,98816,98378,438
11688381,2.44788,3.26558,438,86928,0.389948,0.31,1,98818,98380,438
11691301,2.08958,2.25312,438,86952,0.389989,0.31,1,98820,98382,438
11694221,2.01792,2.05062,438,86976,0.389998,0.31,1,98822,98384,438
11697141,2.00358,2.01012,438,87000,0.39,0.31,1,98824,98386,438
11700061,2.00072,2.00202,438,87024,0.39,0.31,1,98826,98388,438
11702981,2.00014,2.0004,438,87048,0.39,0.31,1,98828,98390,438
11705901,2.00003,2.00008,438,87072,0.39,0.31,1,98830,98392,438
11708821,2.00001,2.00002,438,87096,0.39,0.31,1,98832,98394,438
11711741,2,2,438,87120,0.39,0.31,1,98834,98396,438
11714661,2,5.2,434,87144,0.39,0.31,1,98836,98402,434
11717581,2,2.64,434,87168,0.39,0.27,1,98838,98404,434
11720501,7.6,5.328,437,87192,0.406,0.23,1,98847,98410,437
11723421,3.12,2.6656,437,87216,0.4092,0.23,1,98849,98412,437
11726341,2.224,2.13312,437,87240,0.37784,0.23,1,98851,98414,437
11729261,2.0448,2.02662,437,87264,0.339568,0.19,1,98853,98416,437
11732181,2.00896,2.00532,437,87288,0.299914,0.3,1,98855,98418,437
11735101,2.00179,5.20107,433,87312,0.259983,0.3,1,98857,98424,433
11738021,2.00036,2.64021,433,87336,0.251997,0.3,1,98859,98426,433
11740941,2.00007,2.12804,433,87360,0.250399,0.3,1,98861,98428,433
11743861,6.80001,2.02561,439,87384,0.37008,0.22,1,98869,98430,439
11746781,2.96,3.60512,437,87408,0.394016,0.22,1,98871,98434,437
11749701,3.792,2.32102,439,87432,0.366803,0.21,1,98875,98436,439
11752621,103.958,3.6642,564,87456,0.385361,0.31,1,99004,98440,564
11755541,27.9917,104.733,443,87480,0.373072,0.29,1,99013,98570,443
11758461,11.9983,28.1466,442,87504,0.322614,0.21,1,99021,98579,442
11761381,158.4,21.6293,617,87528,0.408523,0.39,1,99216,98599,617
11764301,60.4799,145.926,476,87552,0.425705,0.39,1,99252,98776,476
11767221,13.696,57.9852,442,87576,0.429141,0.39,1,99254,98812,442
11770141,4.3392,13.197,442,87600,0.429828,0.39,1,99256,98814,442
11773061,2.46784,4.23941,442,87624,0.429966,0.39,1,99258,98816,442
11775981,2.09357,2.44788,442,87648,0.429993,0.39,1,99260,98818,442
11778901,2.01871,2.08958,442,87672,0.429999,0.39,1,99262,98820,442
11781821,2.00374,2.01792,442,87696,0.43,0.39,1,99264,98822,442
11784741,2.00075,2.00358,442,87720,0.446,0.39,1,99266,98824,442
11787661,2.00015,2.00072,442,87744,0.4492,0.39,1,99268,98826,442
11790581,2.00003,2.00014,442,87768,0.44984,0.39,1,99270,98828,442
11793501,2.00001,2.00003,442,87792,0.449968,0.39,1,99272,98830,442
11796421,2,2.00001,442,87816,0.449994,0.39,1,99274,98832,442
11799341,2,2,442,87840,0.449999,0.39,1,99276,98834,442
11802261,2,2,442,87864,0.45,0.39,1,99278,98836,442
11805181,2,2,442,87888,0.45,0.41,1,99280,98838,442
11808101,2,7.6,435,87912,0.45,0.41,1,99282,98847,435
11811021,2,3.12,435,87936,0.45,0.37,1,99284,98849,435
11813941,2,2.224,435,87960,0.45,0.33,1,99286,98851,435
11816861,7.6,2.0448,442,87984,0.466,0.29,1,99295,98853,442
11819781,3.12,2.00896,442,88008,0.4692,0.25,1,99297,98855,442
11822701,2.224,2.00179,442,88032,0.43784,0.25,1,99299,98857,442
11825621,2.0448,2.00036,442,88056,0.399568,0.25,1,99301,98859,442
11828541,3.60896,2.00007,444,88080,0.327914,0.4,1,99305,98861,444
11831461,2.32179,6.80001,438,88104,0.433583,0.4,1,99307,98869,438
11834381,2.86436,2.96,439,88128,0.470717,0.36,1,99310,98871,439
11837301,108.573,3.792,570,88152,0.486143,0.39,1,99445,98875,570
11840221,23.3146,103.958,443,88176,0.489229,0.37,1,99447,99004,443
11843141,13.4629,27.9917,445,88200,0.473846,0.31,1,99458,99013,445
11846061,162.693,11.9983,637,88224,0.422769,0.43,1,99658,99021,637
11848981,61.3385,158.4,478,88248,0.412554,0.43,1,99694,99216,478
11851901,13.8677,60.4799,444,88272,0.410511,0.43,1,99696,99252,444
11854821,4.37354,13.696,444,88296,0.410102,0.43,1,99698,99254,444
11857741,2.47471,4.3392,444,88320,0.41002,0.43,1,99700,99256,444
11860661,2.09494,2.46784,444,88344,0.410004,0.43,1,99702,99258,444
11863581,2.01899,2.09357,444,88368,0.410001,0.43,1,99704,99260,444
11866501,2.0038,2.01871,444,88392,0.41,0.43,1,99706,99262,444
11869421,2.00076,2.00374,444,88416,0.41,0.45,1,99708,99264,444
11872341,2.00015,2.00075,444,88440,0.41,0.45,1,99710,99266,444
11875261,2.00003,2.00015,444,88464,0.41,0.45,1,99712,99268,444
11878181,2.00001,2.00003,444,88488,0.41,0.45,1,99714,99270,444
11881101,2,2.00001,444,88512,0.41,0.45,1,99716,99272,444
11884021,2,2,444,88536,0.41,0.45,1,99718,99274,444
11886941,2,2,444,88560,0.41,0.45,1,99720,99276,444
11889861,2,2,444,88584,0.41,0.45,1,99722,99278,444
11892781,2,2,444,88608,0.41,0.45,1,99724,99280,444
11895701,2,2,444,88632,0.41,0.45,1,99726,99282,444
11898621,2,2,444,88656,0.41,0.45,1,99728,99284,444
11901541,2,2,444,88680,0.41,0.47,1,99730,99286,444
11904461,2,7.6,437,88704,0.41,0.47,1,99732,99295,437
11907381,7.6,3.12,444,88728,0.426,0.43,1,99741,99297,444
11910301,3.12,2.224,444,88752,0.4292,0.39,1,99743,99299,444
11913221,2.224,2.0448,444,88776,0.39784,0.31,1,99745,99301,444
11916141,3.6448,3.60896,444,88800,0.327568,0.46,1,99749,99305,444
11919061,2.32896,2.32179,444,88824,0.401514,0.48,1,99751,99307,444
11921981,2.06579,2.86436,443,88847,0.416303,0.49,1,99753,99310,443
11924901,109.213,108.573,444,88870,0.491261,0.49,1,99889,99445,444
11927821,23.4426,23.3146,444,88893,0.506252,0.47,1,99891,99447,444
11930741,7.88853,13.4629,437,88916,0.50925,0.41,1,99895,99458,437
11933661,165.578,162.693,442,88939,0.50985,0.41,1,100100,99658,442
11936581,61.9155,61.3385,442,88962,0.55797,0.41,1,100136,99694,442
11939501,13.9831,13.8677,442,88985,0.567594,0.41,1,100138,99696,442
11942421,4.39662,4.37354,442,89008,0.569519,0.41,1,100140,99698,442
11945341,2.47932,2.47471,442,89031,0.569904,0.41,1,100142,99700,442
11948261,2.09586,2.09494,442,89054,0.569981,0.41,1,100144,99702,442
11951181,2.01917,2.01899,442,89077,0.537996,0.41,1,100146,99704,442
11954101,2.00383,2.0038,442,89100,0.531599,0.41,1,100148,99706,442
11957021,2.00077,2.00076,442,89123,0.53032,0.41,1,100150,99708,442
11959941,2.00015,2.00015,442,89146,0.530064,0.41,1,100152,99710,442
11962861,2.00003,2.00003,442,89169,0.530013,0.41,1,100154,99712,442
11965781,2.00001,2.00001,442,89192,0.546003,0.41,1,100156,99714,442
11968701,2,2,442,89215,0.549201,0.41,1,100158,99716,442
11971621,2,2,442,89238,0.54984,0.41,1,100160,99718,442
11974541,2,2,442,89261,0.549968,0.41,1,100162,99720,442
11977461,2,2,442,89284,0.549994,0.41,1,100164,99722,442
11980381,2,2,442,89307,0.549999,0.41,1,100166,99724,442
11983301,2,2,442,89330,0.55,0.41,1,100168,99726,442
11986221,2,2,442,89353,0.55,0.41,1,100170,99728,442
11989141,2,2,442,89376,0.55,0.41,1,100172,99730,442
11992061,2,2,442,89399,0.55,0.43,1,100174,99732,442
11994981,7.6,7.6,442,89422,0.566,0.43,1,100183,99741,442
11997901,3.12,3.12,442,89445,0.5692,0.39,1,100185,99743,442
12000821,2.224,2.224,442,89468,0.53784,0.31,1,100187,99745,442
12003741,3.6448,3.6448,442,89491,0.467568,0.42,1,100191,99749,442
12006661,2.32896,2.32896,442,89514,0.421514,0.42,1,100193,99751,442
12009581,2.06579,2.06579,442,89537,0.412303,0.51,1,100195,99753,442
12012501,111.613,109.213,445,89560,0.554461,0.51,1,100334,99889,445
12015421,23.9226,23.4426,445,89583,0.582892,0.51,1,100336,99891,445
12018341,6.38453,7.88853,443,89606,0.588578,0.51,1,100338,99895,443
12021261,169.277,165.578,448,89629,0.765716,0.57,2,100548,100100,448
12024181,62.6554,61.9155,448,89652,0.817143,0.57,2,100584,100136,448
12027101,14.1311,13.9831,448,89675,0.827429,0.57,2,100586,100138,448
12030021,4.42621,4.39662,448,89698,0.829486,0.57,2,100588,100140,448
12032941,2.48524,2.47932,448,89721,0.829897,0.57,2,100590,100142,448
12035861,2.09705,2.09586,448,89744,0.829979,0.57,2,100592,100144,448
12038781,2.01941,0.419173,450,89767,0.829996,0.53,2,100594,100144,450
12041701,2.00388,1.68383,450,89790,0.829999,0.53,2,100596,100146,450
12044621,2.00078,1.93677,450,89813,0.83,0.53,2,100598,100148,450
12047541,2.00016,1.98735,450,89836,0.83,0.53,2,100600,100150,450
12050461,2.00003,1.99747,450,89859,0.83,0.53,2,100602,100152,450
12053381,2.00001,1.99949,450,89882,0.83,0.55,2,100604,100154,450
12056301,2,1.9999,450,89905,0.83,0.55,2,100606,100156,450
12059221,2,1.99998,450,89928,0.83,0.55,2,100608,100158,450
12062141,2,2,450,89951,0.83,0.55,2,100610,100160,450
12065061,2,2,450,89974,0.83,0.55,2,100612,100162,450
12067981,2,2,450,89997,0.83,0.55,2,100614,100164,450
12070901,2,2,450,90020,0.83,0.55,2,100616,100166,450
12073821,2,2,450,90043,0.83,0.55,2,100618,100168,450
12076741,2,2,450,90066,0.83,0.55,2,100620,100170,450
12079661,2,2,450,90089,0.83,0.55,2,100622,100172,450
12082581,2,2,450,90112,0.83,0.57,2,100624,100174,450
12085501,2.8,7.6,444,90135,0.846,0.57,2,100627,100183,444
12088421,6.96,3.12,450,90158,0.8492,0.53,2,100635,100185,450
12091341,4.592,2.224,452,90181,0.81784,0.45,2,100639,100187,452
12094261,2.5184,3.6448,450,90204,0.779568,0.41,2,100641,100191,450
12097181,2.10368,2.32896,450,90227,0.739914,0.41,1,100643,100193,450
12100101,111.621,2.06579,587,90250,0.819983,0.59,2,100782,100195,587
12103021,23.9241,111.613,450,90273,0.835997,0.59,2,100784,100334,450
12105941,6.38483,23.9226,450,90296,0.839199,0.59,2,100786,100336,450
12107401,162.077,6.38453,649,90319,0.88784,0.81,2,100987,100338,649
12110321,51.6154,169.277,463,90342,0.913568,0.83,2,101011,100548,463
12581901,13,6,428,44577,0.11,0,1,103532,103104,428
12582961,12.2,9.2,430,44624,0.046,0,1,103544,103114,430
12584001,7.24,11.44,424,44671,0.0172,0,1,103550,103126,424
12586921,36.648,26.288,438,44718,0.01144,0.01,1,103594,103156,438
12589841,205.73,178.858,469,44765,0.010288,0.29,1,103842,103373,469
12592761,48.3459,67.7715,438,44812,0.0260576,0.19,1,103851,103413,438
12595681,16.0692,25.5543,431,44859,0.0612115,0.13,1,103859,103428,431
12598601,7.21384,12.3109,427,44906,0.0842423,0.09,1,103864,103437,427
12601521,18.2428,10.4622,438,44953,0.0568485,0.01,1,103885,103447,438
12604441,10.8486,14.0924,432,45000,0.0353697,0.15,1,103894,103462,432
12607361,6.96971,13.2185,425,45047,0.0470739,0.05,1,103900,103475,425
12610281,7.79394,9.0437,425,45094,0.00941479,0,1,103908,103483,425
12613201,15.1588,13.0087,428,45141,0.00188296,0,1,103925,103497,428
12616121,15.0318,13.0017,430,45188,0.000376591,0,1,103940,103510,430
12619041,4.60635,9.80035,423,45235,7.53183e-05,0,1,103942,103519,423
12621961,2.52127,1.96007,425,45282,0.0240151,0,1,103944,103519,425
12624881,7.70425,0.392014,434,45329,0.044803,0.11,1,103953,103519,434
12627801,15.9409,10.4784,439,45376,0.0089606,0.01,1,103971,103532,439
12630721,39.1882,51.6957,422,45422,0.00979212,0.01,1,104016,103594,422
12633641,207.838,208.739,424,45468,0.00995842,0.03,1,104266,103842,424
12636561,47.9675,48.9478,423,45514,0.0259917,0.07,1,104274,103851,423
12639481,15.9935,16.1896,423,45560,0.0291983,0.09,1,104282,103859,423
12642401,6.3987,7.23791,422,45606,0.0298397,0.05,1,104286,103864,422
12645321,18.0797,18.2476,422,45652,0.0139679,0.03,1,104307,103885,422
12648241,11.6159,10.8495,423,45698,0.0267936,0.05,1,104317,103894,423
12651161,6.32319,6.9699,422,45744,0.0133587,0,1,104322,103900,422
12654081,7.66464,7.79398,422,45790,0.00267174,0,1,104330,103908,422
12657001,15.1329,15.1588,422,45836,0.000534349,0,1,104347,103925,422
12659921,15.0266,15.0318,422,45882,0.00010687,0,1,104362,103940,422
12662841,4.60532,4.60635,422,45928,2.13739e-05,0,1,104364,103942,422
12665761,2.52106,0.92127,424,45974,0.00800428,0.03,1,104366,103942,424
12668681,6.90421,1.78425,430,46020,0.00960086,0.05,1,104374,103944,430
12671601,15.7808,7.55685,439,46066,0.00192017,0,1,104392,103953,439
12674521,39.1562,15.9114,466,46112,0.00838403,0.01,1,104437,103971,466
12675981,168.631,39.1823,622,46158,0.0416768,0.01,1,104638,104016,622
12678901,74.5262,207.836,423,46204,0.0323354,0.03,1,104689,104266,423
12681821,21.3052,47.9673,423,46250,0.00646707,0.03,1,104697,104274,423
12684741,10.661,15.9935,423,46296,0.0412934,0.03,1,104705,104282,423
12687661,5.33221,6.39869,423,46342,0.0162587,0.01,1,104709,104286,423
12690581,17.8664,18.0797,423,46387,0.0592517,0.03,1,104730,104307,423
12693501,10.7733,11.6159,422,46432,0.0838503,0.01,1,104739,104317,422
12696421,6.15466,6.32319,422,46477,0.10477,0,1,104744,104322,422
12699341,7.63093,7.66464,422,46522,0.044954,0,1,104752,104330,422
12702261,15.1262,15.1329,422,46567,0.0089908,0,1,104769,104347,422
12705181,15.0252,15.0266,422,46612,0.00179816,0,1,104784,104362,422
12708101,4.60505,4.60532,422,46657,0.0243596,0.01,1,104786,104364,422
12711021,2.52101,2.52106,422,46702,0.00487193,0.01,1,104788,104366,422
12713941,6.9042,6.90421,422,46747,0.00897439,0,1,104796,104374,422
12716861,15.7808,15.7808,422,46792,0.0257949,0.01,1,104814,104392,422
12719781,39.1562,39.1562,422,46837,0.045159,0.05,1,104859,104437,422
12722701,208.631,168.631,472,46882,0.0330318,0.03,1,105110,104638,472
12725621,48.1262,74.5262,429,46927,0.00660636,0,1,105118,104689,429
12728541,17.6252,21.3052,431,46972,0.0253213,0.05,1,105128,104697,431
12731461,6.72505,10.661,427,47017,0.0290643,0.01,1,105132,104705,427
12734381,18.945,5.33221,445,47062,0.0938129,0.07,1,105154,104709,445
12737301,10.189,17.8664,432,47107,0.106763,0.09,1,105162,104730,432
12740221,4.4378,10.7733,426,47152,0.125353,0.11,1,105165,104739,426
12743141,7.28756,6.15466,429,47197,0.129071,0.03,1,105173,104744,429
12746061,15.0575,7.63093,438,47242,0.0258141,0,1,105190,104752,438
12748981,15.0115,15.1262,436,47287,0.00516282,0,1,105205,104769,436
12751901,4.6023,15.0252,423,47332,0.00103256,0.03,1,105207,104784,423
12754821,2.52046,4.60505,423,47377,0.00820651,0,1,105209,104786,423
12757741,2.10409,2.52101,423,47421,0.0016413,0.01,1,105211,104788,423
12760661,6.02082,6.9042,422,47465,0.0243283,0.03,1,105218,104796,422
12763581,15.6042,15.7808,422,47509,0.0288657,0.05,1,105236,104814,422
12766501,39.1208,39.1562,422,47553,0.0137731,0.03,1,105281,104859,422
12769421,208.624,208.631,422,47597,0.0107546,0,1,105532,105110,422
12772341,48.9248,48.1262,423,47641,0.0101509,0.03,1,105541,105118,423
12775261,20.185,17.6252,426,47685,0.0260302,0.03,1,105554,105128,426
12778181,7.23699,6.72505,426,47729,0.00520604,0.11,1,105558,105132,426
12781101,19.8474,18.945,427,47773,0.0570412,0.11,1,105581,105154,427
12784021,10.3695,10.189,427,47817,0.0674082,0.13,1,105589,105162,427
12786941,3.6739,4.4378,426,47861,0.0694816,0.13,1,105591,105165,426
12789861,3.93478,7.28756,422,47905,0.0698963,0,1,105595,105173,422
12792781,14.387,15.0575,422,47949,0.0139793,0,1,105612,105190,422
12795701,14.8774,15.0115,422,47993,0.00279585,0,1,105627,105205,422
12798621,4.57548,4.6023,422,48037,0.00055917,0.01,1,105629,105207,422
12801541,2.5151,2.52046,422,48081,0.00811183,0,1,105631,105209,422
12804461,2.10302,2.10409,422,48125,0.00162237,0.03,1,105633,105211,422
12807381,6.0206,6.02082,422,48169,0.0243245,0.03,1,105640,105218,422
12810301,15.6041,15.6042,422,48213,0.0288649,0.01,1,105658,105236,422
12813221,39.1208,39.1208,422,48257,0.00577298,0.01,1,105703,105281,422
12816141,208.624,208.624,422,48301,0.0091546,0.01,1,105954,105532,422
12819061,48.9248,48.9248,422,48345,0.00983092,0.03,1,105963,105541,422
12821981,21.785,20.185,424,48389,0.00196618,0,1,105978,105554,424
12824901,7.55699,7.23699,424,48433,0.0243932,0.07,1,105982,105558,424
12827821,20.7114,19.8474,425,48477,0.0448786,0.07,1,106006,105581,425
12830741,10.5423,10.3695,425,48520,0.0489757,0.07,1,106014,105589,425
12833661,3.70846,3.6739,425,48563,0.0177951,0.07,1,106016,105591,425
12836581,2.34169,3.93478,423,48606,0.011559,0,1,106018,105595,423
12839501,13.2683,14.387,422,48649,0.00231181,0,1,106034,105612,422
12842421,14.6537,14.8774,422,48692,0.000462361,0,1,106049,105627,422
12845341,4.53073,4.57548,422,48735,0.0240925,0.01,1,106051,105629,422
12848261,2.50615,2.5151,422,48778,0.00481849,0,1,106053,105631,422
12851181,2.10123,2.10302,422,48821,0.000963699,0.03,1,106055,105633,422
12854101,6.02025,6.0206,422,48864,0.0241927,0.03,1,106062,105640,422
12857021,14.804,1.20412,439,48907,0.0288385,0.03,1,106079,105640,439
12859941,38.9608,14.6408,466,48950,0.00576771,0,1,106124,105658,466
12861401,168.592,38.9282,622,48993,0.0411535,0.01,1,106325,105703,622
12864321,74.5184,208.586,422,49036,0.0162307,0.01,1,106376,105954,422
12867241,22.1037,48.9171,422,49079,0.0272461,0,1,106385,105963,422
12870161,16.4207,21.7834,422,49122,0.00544923,0.03,1,106400,105978,422
12873081,6.48415,7.55668,422,49165,0.0250898,0.05,1,106404,105982,422
12876001,20.4968,20.7113,422,49208,0.013018,0.05,1,106428,106006,422
12878921,11.2994,10.5423,423,49251,0.0266036,0.01,1,106437,106014,423
12881841,3.85987,3.70845,423,49294,0.0293207,0.01,1,106439,106016,423
12884761,2.37197,2.34169,423,49337,0.0298641,0,1,106441,106018,423
12887681,12.4744,13.2683,422,49380,0.00597283,0,1,106456,106034,422
12890601,14.4949,14.6537,422,49423,0.00119457,0.03,1,106471,106049,422
12893521,4.49898,4.53073,422,49466,0.0242389,0,1,106473,106051,422
12896441,2.4998,2.50615,422,49509,0.00484778,0,1,106475,106053,422
12899361,2.09996,2.10123,422,49552,0.000969556,0.03,1,106477,106055,422
12902281,6.01999,6.02025,422,49595,0.0241939,0.03,1,106484,106062,422
12905201,14.804,14.804,422,49637,0.0128388,0,1,106501,106079,422
12908121,38.9608,38.9608,422,49679,0.0265678,0.05,1,106546,106124,422
12911041,208.592,168.592,472,49721,0.0133136,0.01,1,106797,106325,472
12913961,48.9184,74.5184,430,49763,0.0106627,0.03,1,106806,106376,430
12916881,21.7837,22.1037,436,49805,0.0101325,0,1,106821,106385,436
12919801,7.55674,16.4207,425,49847,0.00202651,0.03,1,106825,106400,425
12922721,20.7113,6.48415,445,49889,0.0404053,0.01,1,106849,106404,445
12925641,11.3423,20.4968,430,49931,0.0320811,0.03,1,106858,106428,430
12928561,3.86845,11.2994,423,49973,0.0624162,0.03,1,106860,106437,423
12931481,2.37369,3.85987,423,50015,0.0684832,0.03,1,106862,106439,423
12934401,12.4747,2.37197,436,50057,0.0136966,0,1,106877,106441,436
12937321,14.4949,12.4744,436,50099,0.00273933,0,1,106892,106456,436
12940241,4.49899,14.4949,423,50141,0.00854787,0.03,1,106894,106471,423
12943161,2.4998,4.49898,423,50183,0.00970957,0,1,106896,106473,423
12946081,2.09996,2.4998,423,50225,0.00194191,0,1,106898,106475,423
12949001,6.01999,2.09996,428,50267,0.0243884,0.03,1,106905,106477,428
12951921,14.804,6.01999,438,50309,0.0288777,0.01,1,106922,106484,438
12954841,4.5608,14.804,423,50351,0.00577554,0.03,1,106924,106501,423
12957761,36.1122,38.9608,422,50393,0.0251551,0.01,1,106968,106546,422
12960681,209.622,208.592,424,50435,0.029031,0.01,1,107221,106797,424
12963601,48.3245,48.9184,423,50477,0.0298062,0.01,1,107229,106806,423
12966521,21.6649,21.7837,423,50519,0.0139612,0,1,107244,106821,423
12969441,7.53298,7.55674,423,50561,0.0267923,0.05,1,107248,106825,423
12972361,21.5066,20.7113,424,50603,0.0133584,0.03,1,107273,106849,424
12975281,10.7013,11.3423,423,50645,0.0106717,0.07,1,107281,106858,423
12978201,3.74026,3.86845,423,50687,0.0101343,0.07,1,107283,106860,423
12981121,2.34805,2.37369,423,50729,0.0100269,0,1,107285,106862,423
12984041,11.6696,12.4747,422,50771,0.00200537,0,1,107299,106877,422
12986961,14.3339,14.4949,422,50812,0.000401075,0.01,1,107314,106892,422
12989881,4.46678,4.49899,422,50853,0.00808022,0.01,1,107316,106894,422
12992801,2.49336,2.4998,422,50894,0.00961604,0,1,107318,106896,422
12995721,2.09867,2.09996,422,50935,0.00192321,0.03,1,107320,106898,422
12998641,6.01973,6.01999,422,50976,0.0243846,0.03,1,107327,106905,422
13001561,14.8039,14.804,422,51017,0.0288769,0,1,107344,106922,422
13004481,4.56079,4.5608,422,51058,0.00577539,0.03,1,107346,106924,422
13007401,36.1122,36.1122,422,51099,0.0251551,0.03,1,107390,106968,422
13010321,210.422,209.622,423,51140,0.029031,0.03,1,107644,107221,423
13013241,48.4845,48.3245,423,51181,0.0458062,0.01,1,107652,107229,423
13016161,20.8969,21.6649,422,51222,0.0171612,0.03,1,107666,107244,422
13019081,7.37938,7.53298,422,51263,0.0114322,0.01,1,107670,107248,422
13022001,21.4759,21.5066,422,51304,0.0262864,0.01,1,107695,107273,422
13024921,10.6952,10.7013,422,51345,0.0292573,0.01,1,107703,107281,422
13027841,3.73903,3.74026,422,51386,0.00585146,0.01,1,107705,107283,422
13030761,2.34781,2.34805,422,51427,0.00917029,0,1,107707,107285,422
13033681,11.6696,11.6696,422,51468,0.00183406,0,1,107721,107299,422
13036601,14.3339,14.3339,422,51509,0.000366812,0.01,1,107736,107314,422
13039521,4.46678,4.46678,422,51550,0.00807336,0.01,1,107738,107316,422
13042441,2.49336,2.49336,422,51591,0.00961467,0,1,107740,107318,422
13045361,2.09867,2.09867,422,51632,0.00192293,0.03,1,107742,107320,422
13048281,6.01973,6.01973,422,51673,0.0243846,0.03,1,107749,107327,422
13051201,14.8039,14.8039,422,51714,0.0128769,0,1,107766,107344,422
13054121,4.56079,4.56079,422,51755,0.00257538,0.03,1,107768,107346,422
13057041,36.1122,36.1122,422,51796,0.00851508,0.03,1,107812,107390,422
13058501,168.022,7.22243,623,51837,0.025703,0.03,1,108013,107390,623
13061421,76.0045,204.644,422,51878,0.0291406,0.05,1,108066,107644,422
13064341,21.6009,47.3289,422,51919,0.0298281,0.01,1,108074,107652,422
13067261,15.5202,20.6658,422,51960,0.0139656,0.01,1,108088,107666,422
13070181,6.30404,7.33316,422,52001,0.0427931,0.03,1,108092,107670,422
13073101,21.2608,21.4666,422,52041,0.0325586,0.03,1,108117,107695,422
13076021,10.6522,10.6933,422,52081,0.0305117,0,1,108125,107703,422
13078941,3.73043,3.73867,422,52121,0.00610234,0.01,1,108127,107705,422
13081861,2.34609,2.34773,422,52161,0.0412205,0,1,108129,107707,422
13084781,11.6692,11.6695,422,52201,0.00824409,0,1,108143,107721,422
13087701,14.3338,14.3339,422,52241,0.0256488,0.01,1,108158,107736,422
13090621,4.46677,4.46678,422,52281,0.0291298,0.01,1,108160,107738,422
13093541,2.49335,2.49336,422,52321,0.00582595,0,1,108162,107740,422
13096461,2.09867,2.09867,422,52361,0.00116519,0.03,1,108164,107742,422
13099381,6.01973,6.01973,422,52401,0.024233,0.01,1,108171,107749,422
13102301,14.8039,14.8039,422,52441,0.00484661,0,1,108188,107766,422
13105221,4.56079,4.56079,422,52481,0.000969321,0.01,1,108190,107768,422
13108141,36.1122,36.1122,422,52521,0.00819386,0.03,1,108234,107812,422
13111061,209.622,168.022,474,52561,0.0256388,0.03,1,108487,108013,474
13113981,48.3245,76.0045,429,52601,0.0131278,0.03,1,108495,108066,429
13116901,20.8649,21.6009,435,52641,0.0266256,0.01,1,108509,108074,435
13119821,7.37298,15.5202,425,52681,0.0293251,0.05,1,108513,108088,425
13122741,21.4746,6.30404,446,52721,0.013865,0.03,1,108538,108092,446
13125661,10.6949,21.2608,429,52761,0.010773,0.03,1,108546,108117,429
13128581,3.73898,10.6522,423,52801,0.0101546,0,1,108548,108125,423
13131501,2.3478,3.73043,423,52841,0.0100309,0.05,1,108550,108127,423
13134421,11.6696,2.34609,435,52881,0.00200618,0,1,108564,108129,435
13137341,14.3339,11.6692,436,52921,0.0244012,0.03,1,108579,108143,436
13140261,4.46678,14.3338,423,52961,0.0288802,0.03,1,108581,108158,423
13143181,2.49336,4.46677,423,53001,0.00577605,0,1,108583,108160,423
13146101,2.09867,2.49335,423,53041,0.00115521,0,1,108585,108162,423
13149021,6.01973,2.09867,428,53081,0.024231,0.03,1,108592,108164,428
13151941,14.8039,6.01973,438,53121,0.00484621,0,1,108609,108171,438
13154861,4.56079,14.8039,423,53161,0.000969242,0,1,108611,108188,423
13157781,36.1122,4.56079,465,53201,0.0241938,0.01,1,108655,108190,465
13160701,8.82243,36.1122,423,53241,0.00483877,0.03,1,108657,108234,423
13163621,203.364,209.622,422,53281,0.00896775,0.01,1,108909,108487,422
13166541,47.8729,48.3245,423,53321,0.0417936,0.03,1,108918,108495,423
13169461,19.9746,20.8649,422,53360,0.0323587,0.03,1,108931,108509,422
13172381,7.99492,7.37298,423,53399,0.0144717,0.01,1,108936,108513,423
13175301,20.799,21.4746,422,53438,0.0108943,0.01,1,108960,108538,422
13178221,11.3598,10.6949,423,53477,0.0261789,0.01,1,108969,108546,423
13181141,3.87196,3.73898,423,53516,0.0292358,0.01,1,108971,108548,423
13184061,2.37439,2.3478,423,53555,0.0298472,0,1,108973,108550,423
13186981,10.8749,11.6696,422,53594,0.00596943,0.03,1,108986,108564,422
13189901,14.175,14.3339,422,53633,0.0251939,0.03,1,109001,108579,422
13192821,4.43499,4.46678,422,53672,0.0290388,0,1,109003,108581,422
13195741,2.487,2.49336,422,53711,0.00580776,0,1,109005,108583,422
13198661,2.0974,2.09867,422,53750,0.00116155,0.03,1,109007,108585,422
13201581,6.01948,6.01973,422,53789,0.0242323,0,1,109014,108592,422
13204501,14.8039,14.8039,422,53828,0.00484646,0,1,109031,108609,422
13207421,4.56078,4.56079,422,53867,0.000969292,0.03,1,109033,108611,422
13210341,36.1122,36.1122,422,53906,0.0241939,0,1,109077,108655,422
13213261,8.82243,8.82243,422,53945,0.00483877,0.01,1,109079,108657,422
13216181,204.164,203.364,423,53984,0.0249678,0.05,1,109332,108909,423
13219101,47.2329,47.8729,422,54023,0.0289936,0.03,1,109340,108918,422
13222021,19.8466,19.9746,422,54062,0.0457987,0.01,1,109353,108931,422
13224941,7.96932,7.99492,422,54101,0.0331597,0.01,1,109358,108936,422
13227861,20.7939,20.799,422,54140,0.0466319,0.03,1,109382,108960,422
13230781,11.3588,11.3598,422,54179,0.0333264,0.03,1,109391,108969,422
13233701,3.87175,3.87196,422,54218,0.0306653,0.03,1,109393,108971,422
13236621,2.37435,2.37439,422,54257,0.0301331,0,1,109395,108973,422
13239541,10.8749,10.8749,422,54296,0.00602661,0.03,1,109408,108986,422
13242461,14.175,14.175,422,54335,0.0252053,0.03,1,109423,109001,422
13245381,4.43499,4.43499,422,54374,0.0290411,0,1,109425,109003,422
13248301,2.487,2.487,422,54413,0.00580821,0,1,109427,109005,422
13251221,2.0974,2.0974,422,54452,0.00116164,0.03,1,109429,109007,422
13254141,6.01948,6.01948,422,54491,0.0242323,0,1,109436,109014,422
13257061,14.8039,14.8039,422,54530,0.00484647,0,1,109453,109031,422
13259981,4.56078,4.56078,422,54569,0.000969293,0.03,1,109455,109033,422
13262901,36.1122,36.1122,422,54608,0.00819386,0,1,109499,109077,422
13265821,8.82243,8.82243,422,54647,0.00163877,0.03,1,109501,109079,422
13268741,204.164,204.164,422,54686,0.0243278,0.03,1,109754,109332,422
13271661,47.2329,40.8329,430,54724,0.0288656,0.03,1,109762,109332,430
13274581,19.0466,14.5666,434,54762,0.0297731,0.05,1,109774,109340,434
13277501,7.80932,13.3133,426,54800,0.0459546,0.03,1,109779,109353,426
13280421,20.7619,6.66266,445,54838,0.0331909,0.05,1,109803,109358,445
13283341,11.3524,20.5325,430,54876,0.0146382,0.03,1,109812,109382,430
13286261,3.87047,11.3065,423,54914,0.0429276,0.03,1,109814,109391,423
13289181,2.37409,3.8613,423,54952,0.0485855,0.03,1,109816,109393,423
13292101,10.8748,2.37226,434,54990,0.0097171,0,1,109829,109395,434
13295021,14.175,10.8745,436,55028,0.0259434,0.03,1,109844,109408,436
13297941,4.43499,14.1749,423,55066,0.0291887,0.03,1,109846,109423,423
13300861,2.487,4.43498,423,55104,0.00583774,0,1,109848,109425,423
13303781,2.0974,2.487,423,55142,0.00116755,0,1,109850,109427,423
13306701,6.01948,2.0974,428,55180,0.0242335,0.03,1,109857,109429,428
13309621,14.8039,6.01948,438,55218,0.0048467,0,1,109874,109436,438
13312541,4.56078,14.8039,423,55256,0.00096934,0,1,109876,109453,423
13315461,36.1122,4.56078,465,55294,0.00819387,0.01,1,109920,109455,465
13318381,8.82243,36.1122,423,55332,0.00163877,0,1,109922,109499,423
13319841,162.564,8.82243,622,55370,0.0243278,0.03,1,110123,109501,622
13322761,74.9129,204.164,422,55408,0.0128656,0.03,1,110176,109754,422
13325681,22.1826,47.2329,423,55446,0.0105731,0.03,1,110185,109762,423
13328601,13.2365,19.0466,422,55484,0.0421146,0.05,1,110196,109774,422
13331521,6.6473,7.80932,422,55522,0.0484229,0.03,1,110201,109779,422
13334441,21.3295,20.7619,423,55560,0.0176846,0.01,1,110226,109803,423
13337361,10.6659,11.3524,422,55598,0.0115369,0.05,1,110234,109812,422
13340281,3.73318,3.87047,422,55636,0.0103074,0.05,1,110236,109814,422
13343201,2.34664,2.37409,422,55674,0.0420615,0,1,110238,109816,422
13346121,10.8693,10.8748,422,55712,0.0084123,0.03,1,110251,109829,422
13349041,14.1739,14.175,422,55750,0.00968246,0.03,1,110266,109844,422
13351961,4.43477,4.43499,422,55788,0.00993649,0,1,110268,109846,422
13354881,2.48695,2.487,422,55826,0.0019873,0,1,110270,109848,422
13357801,2.09739,2.0974,422,55864,0.00039746,0.03,1,110272,109850,422
13360721,6.01948,6.01948,422,55902,0.0240795,0,1,110279,109857,422
13363641,14.8039,14.8039,422,55940,0.0048159,0,1,110296,109874,422
13366561,4.56078,4.56078,422,55978,0.00096318,0.01,1,110298,109876,422
13369481,36.1122,36.1122,422,56016,0.00819264,0,1,110342,109920,422
13372401,8.82243,8.82243,422,56054,0.00163853,0.03,1,110344,109922,422
13375321,204.164,162.564,474,56092,0.0403277,0.01,1,110597,110123,474
13378241,48.0329,74.9129,430,56130,0.0320655,0.01,1,110606,110176,430
13381161,11.2066,22.1826,423,56167,0.0304131,0.05,1,110608,110185,423
13384081,11.0413,13.2365,423,56204,0.0620826,0.05,1,110619,110196,423
13387001,5.40826,6.6473,422,56241,0.0684165,0.01,1,110623,110201,422
13389921,21.0817,21.3295,422,56278,0.0696833,0.01,1,110648,110226,422
13392841,10.6163,10.6659,422,56315,0.0699367,0.01,1,110656,110234,422
13395761,3.72327,3.73318,422,56352,0.0699873,0.05,1,110658,110236,422
13398681,2.34465,2.34664,422,56389,0.0699975,0,1,110660,110238,422
13401601,10.8689,10.8693,422,56426,0.0539995,0.01,1,110673,110251,422
13404521,14.1738,14.1739,422,56463,0.0187999,0.01,1,110688,110266,422
13407441,4.43476,4.43477,422,56500,0.01176,0,1,110690,110268,422
13410361,2.48695,2.48695,422,56537,0.002352,0,1,110692,110270,422
13413281,2.09739,2.09739,422,56574,0.000470399,0.03,1,110694,110272,422
13416201,6.01948,6.01948,422,56611,0.0240941,0,1,110701,110279,422
13419121,14.8039,14.8039,422,56648,0.00481882,0,1,110718,110296,422
13422041,4.56078,4.56078,422,56685,0.000963763,0.01,1,110720,110298,422
13424961,36.1122,36.1122,422,56722,0.00819275,0,1,110764,110342,422
13427881,8.82243,8.82243,422,56759,0.00163855,0.05,1,110766,110344,422
13430801,204.164,204.164,422,56796,0.0243277,0.03,1,111019,110597,422
13433721,49.6329,48.0329,424,56833,0.0448655,0.03,1,111030,110606,424
13436641,11.5266,11.2066,424,56870,0.0169731,0.07,1,111032,110608,424
13439561,12.7053,11.0413,426,56907,0.0273946,0.07,1,111045,110619,426
13442481,5.74106,5.40826,426,56944,0.0294789,0.07,1,111049,110623,426
13445401,20.3482,21.0817,425,56981,0.109896,0.07,1,111073,110648,425
13448321,10.4696,10.6163,425,57018,0.125979,0.07,1,111081,110656,425
13451241,3.69393,3.72327,425,57055,0.0971958,0.07,1,111083,110658,425
13454161,2.33879,2.34465,425,57092,0.0914392,0.05,1,111085,110660,425
13457081,8.46776,10.8689,422,57129,0.0902878,0.01,1,111095,110673,422
13460001,13.6936,14.1738,422,57166,0.0260576,0.01,1,111110,110688,422
13462921,4.33871,4.43476,422,57203,0.0132115,0,1,111112,110690,422
13465841,2.46774,2.48695,422,57240,0.0026423,0,1,111114,110692,422
13468761,2.09355,2.09739,422,57277,0.00052846,0.03,1,111116,110694,422
13471681,6.01871,6.01948,422,57314,0.0241057,0,1,111123,110701,422
13474601,14.8037,14.8039,422,57351,0.00482114,0,1,111140,110718,422
13477521,4.56075,4.56078,422,57388,0.000964228,0.01,1,111142,110720,422
13480441,36.1122,36.1122,422,57425,0.00819285,0,1,111186,110764,422
13483361,8.82243,8.82243,422,57462,0.00163857,0.03,1,111188,110766,422
13486281,204.964,204.164,423,57499,0.0243277,0.05,1,111442,111019,423
13489201,48.9929,49.6329,422,57536,0.0288655,0.01,1,111452,111030,422
13492121,11.3986,11.5266,422,57573,0.0297731,0.03,1,111454,111032,422
13495041,13.4797,12.7053,423,57610,0.0299546,0.03,1,111468,111045,423
13497961,5.89594,2.54106,427,57647,0.0619909,0.03,1,111472,111045,427
13500881,21.9792,3.70821,449,57683,0.0523982,0.13,1,111498,111049,449
13503801,10.7958,19.9416,433,57719,0.0504796,0.13,1,111506,111073,433
13506721,3.75917,10.3883,427,57755,0.0500959,0.09,1,111508,111081,427
13509641,2.35183,3.67767,427,57791,0.0500192,0.09,1,111510,111083,427
13512561,5.27037,2.33553,431,57827,0.0500038,0.09,1,111516,111085,431
13515481,13.0541,8.46711,436,57863,0.0180008,0.01,1,111531,111095,436
13518401,4.21081,13.6934,423,57899,0.0116002,0.01,1,111533,111110,423
13521321,2.44216,4.33868,423,57935,0.00232003,0,1,111535,111112,423
13524241,2.08843,2.46774,423,57971,0.000464006,0,1,111537,111114,423
13527161,6.01769,2.09355,428,58007,0.0240928,0.03,1,111544,111116,428
13530081,14.8035,6.01871,438,58043,0.00481856,0,1,111561,111123,438
13533001,4.56071,14.8037,423,58079,0.000963712,0,1,111563,111140,423
13535921,36.1121,4.56075,465,58115,0.00819274,0.01,1,111607,111142,465
13538841,8.82243,36.1122,423,58151,0.00163855,0,1,111609,111186,423
13540301,162.564,8.82243,622,58187,0.0243277,0.03,1,111810,111188,622
13543221,76.5129,204.964,423,58223,0.0288655,0.03,1,111865,111442,423
13546141,23.3026,48.9929,423,58259,0.00577311,0.03,1,111875,111452,423
13549061,6.26052,11.3986,423,58295,0.0411546,0.03,1,111877,111454,423
13551981,11.6521,13.4797,422,58331,0.0322309,0.07,1,111890,111468,422
13554901,6.33042,5.89594,423,58367,0.0464462,0.05,1,111895,111472,423
13557821,22.8661,21.9792,424,58403,0.0972892,0.05,1,111922,111498,424
13560741,10.9732,10.7958,424,58439,0.107458,0.05,1,111930,111506,424
13563661,3.79464,3.75917,424,58475,0.109492,0.05,1,111932,111508,424
13566581,2.35893,2.35183,424,58511,0.141898,0.05,1,111934,111510,424
13569501,3.67179,5.27037,422,58547,0.11638,0.01,1,111938,111516,422
13572421,12.7344,13.0541,422,58583,0.127276,0.01,1,111953,111531,422
13575341,4.14687,4.21081,422,58619,0.0974552,0,1,111955,111533,422
13578261,2.42937,2.44216,422,58655,0.059491,0,1,111957,111535,422
13581181,2.08587,2.08843,422,58691,0.0198982,0.03,1,111959,111537,422
13584101,6.01717,6.01769,422,58727,0.0279796,0,1,111966,111544,422
13587021,14.8034,14.8035,422,58763,0.00559593,0,1,111983,111561,422
13589941,4.56069,4.56071,422,58799,0.00111919,0.01,1,111985,111563,422
13592861,36.1121,36.1121,422,58835,0.000223837,0,1,112029,111607,422
13595781,8.82243,8.82243,422,58871,0.0240448,0.03,1,112031,111609,422
13598701,205.764,162.564,476,58907,0.284809,0.03,1,112286,111810,476
13601621,49.1529,76.5129,431,58943,0.304962,0,1,112296,111865,431
13604541,11.4306,23.3026,423,58979,0.308992,0.05,1,112298,111875,423
13607461,12.6861,6.26052,434,59015,0.325798,0.03,1,112311,111877,434
13610381,6.53722,11.6521,426,59051,0.32916,0.05,1,112316,111890,426
13613301,2.90744,6.33042,423,59087,0.329832,0.11,1,112318,111895,423
13616221,25.3815,22.8661,427,59123,0.361966,0.11,1,112349,111922,427
13619141,11.4763,10.9732,427,59159,0.368393,0.11,1,112357,111930,427
13622061,3.89526,3.79464,427,59195,0.369679,0.15,1,112359,111932,427
13624981,2.37905,2.35893,427,59231,0.369936,0.11,1,112361,111934,427
13627901,3.67581,3.67179,427,59266,0.369987,0.13,1,112365,111938,427
13630821,8.73516,12.7344,422,59301,0.369997,0.09,1,112375,111953,422
13633741,3.34703,4.14687,422,59336,0.369999,0.05,1,112377,111955,422
13636661,2.26941,2.42937,422,59371,0.37,0.01,1,112379,111957,422
13639581,2.05388,2.08587,422,59406,0.37,0.03,1,112381,111959,422
13642501,6.01078,6.01717,422,59441,0.322,0,1,112388,111966,422
13645421,14.8022,14.8034,422,59476,0.2004,0,1,112405,111983,422
13648341,4.56043,4.56069,422,59511,0.14408,0,1,112407,111985,422
13651261,36.1121,36.1121,422,59546,0.028816,0.03,1,112451,112029,422
13654181,8.82242,8.82243,422,59581,0.0297632,0.35,1,112453,112031,422
13657101,217.764,205.764,437,59616,0.365953,0.31,1,112723,112286,437
13660021,51.5529,49.1529,437,59651,0.433191,0.31,1,112733,112296,437
13662941,11.9106,11.4306,437,59686,0.446638,0.33,1,112735,112298,437
13665861,12.7821,12.6861,437,59721,0.465328,0.33,1,112748,112311,437
13668781,5.75642,6.53722,436,59756,0.469066,0.33,1,112752,112316,436
13671701,2.75128,2.90744,436,59791,0.437813,0.37,1,112754,112318,436
13674621,28.5503,25.3815,440,59826,0.575563,0.37,1,112789,112349,440
13677541,12.1101,11.4763,440,59861,0.603113,0.37,1,112797,112357,440
13680461,4.02201,3.89526,440,59896,0.576622,0.37,1,112799,112359,440
13683381,2.4044,2.37905,440,59931,0.587325,0.37,1,112801,112361,440
13686301,3.68088,3.67581,440,59966,0.621465,0.37,1,112805,112365,440
13689221,5.53618,8.73516,436,60001,0.596293,0.37,1,112811,112375,436
13692141,2.70724,3.34703,436,60036,0.591259,0.37,1,112813,112377,436
13695061,2.14145,2.26941,436,60071,0.590252,0.37,1,112815,112379,436
13697981,2.02829,2.05388,436,60106,0.59005,0.31,1,112817,112381,436
13700901,3.60566,6.01078,433,60141,0.59001,0.17,1,112821,112388,433
13703821,5.52113,14.8022,422,60176,0.590002,0.13,1,112827,112405,422
13706741,2.70423,4.56043,422,60211,0.59,0,1,112829,112407,422
13709661,35.7408,36.1121,422,60246,0.238,0.03,1,112873,112451,422
13712581,8.74817,8.82242,422,60281,0.1676,0.45,1,112875,112453,422
13715501,235.35,217.764,444,60316,0.28152,0.45,1,113167,112723,444
13718421,55.0699,51.5529,444,60351,0.304304,0.45,1,113177,112733,444
13721341,12.614,11.9106,444,60386,0.308861,0.47,1,113179,112735,444
13724261,12.1228,12.7821,443,60421,0.309772,0.47,1,113191,112748,443
13727181,5.62456,5.75642,443,60456,0.309954,0.43,1,113195,112752,443
13730101,2.72491,2.75128,443,60491,0.309991,0.61,1,113197,112754,443
13733021,34.145,28.5503,450,60526,0.285998,0.61,1,113239,112789,450
13735941,13.229,5.71005,458,60561,0.2892,0.61,1,113247,112789,458
13738861,4.2458,7.54201,452,60596,0.28984,0.57,1,113249,112797,452
13741781,2.44916,3.1084,452,60631,0.289968,0.59,1,113251,112799,452
13744701,3.68983,2.22168,454,60666,0.289994,0.63,1,113255,112801,454
13747621,5.53797,3.64434,456,60701,0.289999,0.59,1,113261,112805,456
13750541,2.70759,5.52887,452,60736,0.29,0.59,1,113263,112811,452
13753461,2.14152,2.70577,452,60771,0.29,0.59,1,113265,112813,452
13756381,2.0283,2.14115,452,60806,0.29,0.59,1,113267,112815,452
13759301,3.60566,2.02823,454,60841,0.29,0.59,1,113271,112817,454
13762221,3.92113,3.60565,454,60876,0.29,0.59,1,113275,112821,454
13765141,2.38423,5.52113,450,60911,0.29,0.59,1,113277,112827,450
13768061,14.8768,2.70423,466,60945,0.29,0.15,1,113295,112829,466
13770981,4.57537,35.7408,424,60979,0.29,0.15,1,113297,112873,424
13772441,161.715,8.74817,623,61013,0.29,0.31,1,113498,112875,623
13775361,117.143,235.35,437,61047,0.29,0.31,1,113604,113167,437
13778281,31.4286,55.0699,437,61081,0.258,0.31,1,113614,113177,437
13781201,7.88572,12.614,437,61115,0.2836,0.31,1,113616,113179,437
13784121,11.1771,12.1228,437,61149,0.28872,0.31,1,113628,113191,437
13787041,6.23543,5.62456,438,61183,0.273744,0.31,1,113633,113195,438
13789961,2.84709,2.72491,438,61217,0.270749,0.28,1,113635,113197,438
13792881,32.5694,34.145,436,61251,0.26215,0.29,1,113675,113239,436
13795801,12.9139,13.229,436,61285,0.26843,0.29,1,113683,113247,436
13798721,4.18278,4.2458,436,61319,0.269686,0.29,1,113685,113249,436
13801641,2.43656,2.44916,436,61353,0.301937,0.29,1,113687,113251,436
13804561,3.68731,3.68983,436,61387,0.276387,0.29,1,113691,113255,436
13807481,5.53746,5.53797,436,61421,0.287277,0.29,1,113697,113261,436
13810401,2.70749,2.70759,436,61455,0.289456,0.29,1,113699,113263,436
13813321,2.1415,2.14152,436,61489,0.289891,0.29,1,113701,113265,436
13816241,2.0283,2.0283,436,61523,0.289978,0.29,1,113703,113267,436
13819161,3.60566,3.60566,436,61557,0.289996,0.29,1,113707,113271,436
13822081,3.92113,3.92113,436,61591,0.289999,0.29,1,113711,113275,436
13825001,2.38423,2.38423,436,61625,0.29,0.29,1,113713,113277,436
13827921,14.8768,14.8768,436,61659,0.29,0.29,1,113731,113295,436
13830841,4.57537,4.57537,436,61693,0.29,0.29,1,113733,113297,436
13833761,244.115,161.715,539,61727,0.242,0.29,1,114037,113498,539
13836681,56.823,117.143,443,61761,0.2484,0.25,1,114047,113604,443
13839601,12.9646,31.4286,435,61795,0.24968,0.29,1,114049,113614,435
13842521,12.1929,7.88572,445,61829,0.249936,0.29,1,114061,113616,445
13845441,7.23858,11.1771,439,61863,0.249987,0.27,1,114067,113628,439
13848361,3.04772,6.23543,436,61897,0.249997,0.27,1,114069,113633,436
13851281,32.6095,2.84709,474,61931,0.258,0.26,1,114109,113635,474
13854201,12.9219,32.5694,442,61965,0.2516,0.27,1,114117,113675,442
13857121,4.18438,12.9139,436,61999,0.25032,0.27,1,114119,113683,436
13860041,2.43688,4.18278,436,62033,0.250064,0.31,1,114121,113685,436
13862961,2.08738,2.43656,436,62067,0.250013,0.27,1,114123,113687,436
13865881,3.61748,3.68731,436,62101,0.250003,0.29,1,114127,113691,436
13868801,5.5235,5.53746,436,62135,0.250001,0.29,1,114133,113697,436
13871721,2.7047,2.70749,436,62169,0.282,0.29,1,114135,113699,436
13874641,2.14094,2.1415,436,62203,0.2564,0.29,1,114137,113701,436
13877561,2.02819,2.0283,436,62237,0.28328,0.29,1,114139,113703,436
13880481,3.60564,3.60566,436,62271,0.256656,0.29,1,114143,113707,436
13883401,3.92113,3.92113,436,62305,0.251331,0.29,1,114147,113711,436
13886321,2.38423,2.38423,436,62339,0.250266,0.29,1,114149,113713,436
13889241,14.8768,14.8768,436,62373,0.250053,0.29,1,114167,113731,436
13892161,4.57537,4.57537,436,62407,0.250011,0.23,1,114169,113733,436
13895081,242.515,244.115,434,62441,0.250002,0.25,1,114471,114037,434
13898001,56.503,56.823,434,62475,0.25,0.25,1,114481,114047,434
13900921,12.9006,12.9646,434,62509,0.25,0.25,1,114483,114049,434
13903841,12.1801,12.1929,434,62543,0.25,0.25,1,114495,114061,434
13906761,7.23602,7.23858,434,62577,0.25,0.25,1,114501,114067,434
13909681,3.0472,3.04772,434,62611,0.25,0.26,1,114503,114069,434
13912601,32.6094,32.6095,434,62645,0.258,0.25,1,114543,114109,434
13915521,12.9219,12.9219,434,62679,0.2596,0.25,1,114551,114117,434
13918441,4.18438,4.18438,434,62713,0.23592,0.25,1,114553,114119,434
13921361,2.43688,2.43688,434,62746,0.231184,0.25,1,114555,114121,434
13924281,2.08738,2.08738,434,62779,0.230237,0.25,1,114557,114123,434
13927201,3.61748,3.61748,434,62812,0.230047,0.25,1,114561,114127,434
13930121,5.5235,5.5235,434,62845,0.230009,0.29,1,114567,114133,434
13933041,2.7047,2.7047,434,62878,0.246002,0.25,1,114569,114135,434
13935961,2.14094,2.14094,434,62911,0.2492,0.29,1,114571,114137,434
13938881,2.02819,2.02819,434,62944,0.24984,0.25,1,114573,114139,434
13941801,3.60564,3.60564,434,62977,0.249968,0.25,1,114577,114143,434
13944721,3.92113,3.92113,434,63010,0.249994,0.25,1,114581,114147,434
13947641,2.38423,2.38423,434,63043,0.249999,0.25,1,114583,114149,434
13950561,14.8768,14.8768,434,63076,0.282,0.25,1,114601,114167,434
13953481,4.57537,4.57537,434,63109,0.2884,0.25,1,114603,114169,434
13956401,242.515,242.515,434,63142,0.28968,0.25,1,114905,114471,434
13959321,56.503,56.503,434,63175,0.289936,0.25,1,114915,114481,434
13962241,12.9006,12.9006,434,63208,0.289987,0.25,1,114917,114483,434
13965161,12.1801,12.1801,434,63241,0.289997,0.25,1,114929,114495,434
13968081,7.23602,7.23602,434,63274,0.289999,0.25,1,114935,114501,434
13971001,3.0472,3.0472,434,63307,0.29,0.26,1,114937,114503,434
13973921,31.8094,32.6094,433,63340,0.218,0.26,1,114976,114543,433
13976841,12.7619,12.9219,433,63373,0.3156,0.23,1,114984,114551,433
13979761,4.15238,4.18438,433,63406,0.33512,0.23,1,114986,114553,433
13982681,2.43048,2.43688,433,63439,0.339024,0.23,1,114988,114555,433
13985601,2.0861,2.08738,433,63472,0.339805,0.23,1,114990,114557,433
13988521,3.61722,0.417475,437,63505,0.339961,0.23,1,114994,114557,437
13991441,5.52344,3.2835,439,63538,0.347992,0.23,1,115000,114561,439
13994361,2.70469,5.4567,435,63571,0.349598,0.25,1,115002,114567,435
13997281,2.14094,2.69134,435,63604,0.34992,0.25,1,115004,114569,435
14000201,2.02819,2.13827,435,63637,0.349984,0.25,1,115006,114571,435
14003121,3.60564,2.02765,437,63670,0.349997,0.25,1,115010,114573,437
14006041,3.92113,3.60553,437,63703,0.349999,0.25,1,115014,114577,437
14008961,2.38423,3.92111,435,63736,0.35,0.25,1,115016,114581,435
14011881,14.8768,2.38422,451,63769,0.35,0.29,1,115034,114583,451
14014801,4.57537,14.8768,435,63802,0.35,0.29,1,115036,114601,435
14016261,161.715,4.57537,634,63835,0.27,0.29,1,115237,114603,634
14019181,115.543,242.515,436,63868,0.302,0.29,1,115341,114905,436
14022101,31.1086,56.503,436,63901,0.3084,0.29,1,115351,114915,436
14025021,7.82172,12.9006,436,63934,0.34168,0.29,1,115353,114917,436
14027941,11.1643,12.1801,436,63967,0.348336,0.29,1,115365,114929,436
14030861,7.03287,7.23602,436,64000,0.349667,0.29,1,115371,114935,436
14033781,3.00657,3.0472,436,64033,0.349933,0.2,1,115373,114937,436
14036701,34.2013,31.8094,439,64066,0.269987,0.34,1,115415,114976,439
14039621,13.2403,12.7619,439,64099,0.285997,0.34,1,115423,114984,439
14042541,4.24805,4.15238,439,64132,0.297199,0.34,1,115425,114986,439
14045461,2.44961,2.43048,439,64165,0.33144,0.34,1,115427,114988,439
14048381,2.08992,2.0861,439,64198,0.346288,0.34,1,115429,114990,439
14051301,3.61798,3.61722,439,64231,0.309258,0.35,1,115433,114994,439
14054221,5.5236,5.52344,439,64264,0.293852,0.35,1,115439,115000,439
14057141,2.70472,2.70469,439,64297,0.32277,0.35,1,115441,115002,439
14060061,2.14094,2.14094,439,64330,0.296554,0.35,1,115443,115004,439
14062981,2.02819,2.02819,439,64363,0.339311,0.35,1,115445,115006,439
14065901,3.60564,3.60564,439,64396,0.315862,0.35,1,115449,115010,439
14068821,3.92113,3.92113,439,64429,0.311172,0.35,1,115453,115014,439
14071741,2.38423,2.38423,439,64462,0.310234,0.35,1,115455,115016,439
14074661,14.8768,14.8768,439,64495,0.310047,0.35,1,115473,115034,439
14077581,4.57537,4.57537,439,64528,0.310009,0.25,1,115475,115036,439
14080501,242.515,161.715,540,64561,0.294002,0.31,1,115777,115237,540
14083421,56.503,115.543,446,64594,0.2908,0.31,1,115787,115341,446
14086341,12.9006,31.1086,438,64626,0.29016,0.35,1,115789,115351,438
14089261,12.1801,7.82172,448,64658,0.290032,0.35,1,115801,115353,448
14092181,7.23602,11.1643,442,64690,0.290006,0.35,1,115807,115365,442
14095101,3.0472,7.03287,438,64722,0.290001,0.35,1,115809,115371,438
14098021,33.4094,3.00657,477,64754,0.234,0.25,1,115850,115373,477
14100941,13.0819,34.2013,443,64786,0.2468,0.29,1,115858,115415,443
14103861,4.21638,13.2403,437,64818,0.24136,0.3,1,115860,115423,437
14106781,2.44328,4.24805,437,64850,0.240272,0.34,1,115862,115425,437
14109701,2.08866,2.44961,437,64882,0.240054,0.35,1,115864,115427,437
14112621,3.61773,2.08992,439,64914,0.288011,0.3,1,115868,115429,439
14115541,2.32355,3.61798,437,64946,0.297602,0.29,1,115870,115433,437
14118461,5.26471,5.5236,437,64978,0.29952,0.33,1,115876,115439,437
14121381,2.65294,2.70472,437,65010,0.299904,0.29,1,115878,115441,437
14124301,2.13059,2.14094,437,65042,0.299981,0.35,1,115880,115443,437
14127221,2.02612,2.02819,437,65074,0.291996,0.31,1,115882,115445,437
14130141,3.60522,3.60564,437,65106,0.290399,0.31,1,115886,115449,437
14133061,3.92104,3.92113,437,65138,0.29008,0.31,1,115890,115453,437
14135981,2.38421,2.38423,437,65170,0.290016,0.31,1,115892,115455,437
14138901,14.8768,14.8768,437,65202,0.290003,0.31,1,115910,115473,437
14141821,4.57537,4.57537,437,65234,0.290001,0.29,1,115912,115475,437
14144741,241.715,242.515,436,65266,0.354,0.29,1,116213,115777,436
14147661,56.343,56.503,436,65298,0.3348,0.29,1,116223,115787,436
14150581,12.8686,12.9006,436,65330,0.33096,0.29,1,116225,115789,436
14153501,12.1737,12.1801,436,65362,0.330192,0.29,1,116237,115801,436
14156421,7.23474,7.23602,436,65394,0.330038,0.29,1,116243,115807,436
14159341,3.04695,3.0472,436,65426,0.330008,0.22,1,116245,115809,436
14162261,31.8094,33.4094,434,65458,0.330002,0.25,1,116284,115850,434
14165181,14.3619,13.0819,436,65490,0.322,0.24,1,116294,115858,436
14168101,4.47238,4.21638,436,65522,0.3284,0.24,1,116296,115860,436
14171021,2.49448,2.44328,436,65554,0.36168,0.24,1,116298,115862,436
14173941,2.0989,2.08866,436,65586,0.344336,0.3,1,116300,115864,436
14176861,3.61978,3.61773,436,65618,0.308867,0.3,1,116304,115868,436
14179781,2.32396,2.32355,436,65650,0.301773,0.3,1,116306,115870,436
14182701,5.26479,5.26471,436,65682,0.308355,0.3,1,116312,115876,436
14185621,2.65296,2.65294,436,65714,0.309671,0.3,1,116314,115878,436
14188541,2.13059,2.13059,436,65746,0.333934,0.29,1,116316,115880,436
14191461,2.02612,2.02612,436,65778,0.338787,0.29,1,116318,115882,436
14194381,3.60522,3.60522,436,65810,0.355757,0.29,1,116322,115886,436
14197301,3.92104,3.92104,436,65842,0.375151,0.29,1,116326,115890,436
14200221,2.38421,2.38421,436,65874,0.37903,0.29,1,116328,115892,436
14203141,14.8768,14.8768,436,65906,0.419806,0.29,1,116346,115910,436
14206061,4.57537,4.57537,436,65938,0.427961,0.37,1,116348,115912,436
14208981,243.315,241.715,438,65970,0.429592,0.33,1,116651,116213,438
14211901,56.663,56.343,438,66002,0.429918,0.33,1,116661,116223,438
14214821,12.9326,12.8686,438,66034,0.461984,0.33,1,116663,116225,438
14217741,12.1865,12.1737,438,66066,0.436397,0.33,1,116675,116237,438
14220661,7.2373,7.23474,438,66098,0.431279,0.33,1,116681,116243,438
14223581,3.04746,3.04695,438,66130,0.430256,0.33,1,116683,116245,438
14226501,32.6095,31.8094,439,66162,0.390051,0.32,1,116723,116284,439
14229421,12.9219,14.3619,437,66194,0.40601,0.33,1,116731,116294,437
14232341,4.18438,4.47238,437,66226,0.377202,0.37,1,116733,116296,437
14235261,2.43688,2.49448,437,66258,0.41144,0.34,1,116735,116298,437
14238181,2.08738,2.0989,437,66290,0.418288,0.3,1,116737,116300,437
14241101,5.21748,3.61978,439,66322,0.443658,0.3,1,116743,116304,439
14244021,2.6435,2.32396,439,66354,0.448732,0.31,1,116745,116306,439
14246941,6.1287,5.26479,440,66386,0.441746,0.31,1,116752,116312,440
14249861,2.82574,1.05296,442,66418,0.448349,0.31,1,116754,116312,442
14252781,2.16515,1.81059,442,66450,0.44967,0.34,1,116756,116314,442
14255701,2.03303,1.96212,442,66482,0.433934,0.34,1,116758,116316,442
14258621,3.60661,1.99242,444,66514,0.398787,0.36,1,116762,116318,444
14261541,3.92132,3.59848,444,66546,0.415757,0.38,1,116766,116322,444
14264461,2.38426,3.9197,442,66578,0.419151,0.38,1,116768,116326,442
14267381,14.8769,2.38394,458,66610,0.41983,0.43,1,116786,116328,458
14270301,4.57537,14.8768,442,66642,0.427966,0.43,1,116788,116346,442
14271761,161.715,4.57536,641,66673,0.445593,0.43,1,116989,116348,641
14274681,116.343,243.315,443,66704,0.417119,0.43,1,117094,116651,443
14277601,31.2686,56.663,443,66735,0.411424,0.47,1,117104,116661,443
14280521,7.85372,12.9326,443,66766,0.442285,0.43,1,117106,116663,443
14283441,11.1707,12.1865,443,66797,0.448457,0.43,1,117118,116675,443
14286361,7.03415,7.2373,443,66828,0.449691,0.43,1,117124,116681,443
14289281,3.00683,3.04746,443,66859,0.449938,0.38,1,117126,116683,443
14292201,32.6014,32.6095,443,66890,0.409988,0.41,1,117166,116723,443
14295121,13.7203,12.9219,444,66921,0.377998,0.37,1,117175,116731,444
14298041,4.34405,4.18438,444,66952,0.4116,0.42,1,117177,116733,444
14300961,2.46881,2.43688,444,66983,0.41832,0.42,1,117179,116735,444
14303881,2.09376,2.08738,444,67014,0.419664,0.45,1,117181,116737,444
14306801,3.61875,5.21748,442,67045,0.419933,0.45,1,117185,116743,442
14309721,2.32375,2.6435,442,67076,0.451987,0.44,1,117187,116745,442
14312641,5.26475,6.1287,441,67107,0.498397,0.45,1,117193,116752,441
14315561,2.65295,2.82574,441,67138,0.475679,0.45,1,117195,116754,441
14318481,3.73059,2.16515,443,67169,0.495136,0.43,1,117199,116756,443
14321401,2.34612,2.03303,443,67200,0.499027,0.39,1,117201,116758,443
14324321,3.66922,3.60661,443,67231,0.467805,0.42,1,117205,116762,443
14327241,3.93384,3.92132,443,67262,0.445561,0.42,1,117209,116766,443
14330161,2.38677,2.38426,443,67293,0.449112,0.42,1,117211,116768,443
14333081,14.8774,14.8769,443,67324,0.489822,0.43,1,117229,116786,443
14336001,4.57547,4.57537,443,67355,0.497964,0.45,1,117231,116788,443
14338921,244.115,161.715,546,67386,0.539593,0.41,1,117535,116989,546
14341841,56.823,116.343,451,67417,0.547919,0.41,1,117545,117094,451
14344761,12.9646,31.2686,443,67448,0.549584,0.45,1,117547,117104,443
14347681,12.1929,7.85372,453,67479,0.549917,0.45,1,117559,117106,453
14350601,7.23858,11.1707,447,67510,0.549983,0.45,1,117565,117118,447
14353521,3.04772,7.03415,443,67541,0.549997,0.45,1,117567,117124,443
14356441,32.6095,3.00683,481,67572,0.453999,0.4,1,117607,117126,481
14359361,14.5219,32.6014,451,67603,0.4908,0.37,1,117617,117166,451
14362281,6.10438,13.7203,446,67634,0.49816,0.42,1,117621,117175,446
14365201,2.82088,4.34405,446,67665,0.499632,0.42,1,117623,117177,446
14368121,2.16418,2.46881,446,67696,0.499926,0.42,1,117625,117179,446
14371041,3.63284,2.09376,448,67727,0.523985,0.42,1,117629,117181,448
14373961,2.32657,3.61875,446,67758,0.496797,0.46,1,117631,117185,446
14376881,5.26531,2.32375,450,67789,0.515359,0.51,1,117637,117187,450
14379801,2.65306,5.26475,446,67820,0.519072,0.47,1,117639,117193,446
14382721,2.13061,2.65295,446,67851,0.519814,0.5,1,117641,117195,446
14385641,2.02612,3.73059,444,67882,0.511963,0.5,1,117643,117199,444
14388561,2.00522,2.34612,444,67913,0.510393,0.46,1,117645,117201,444
14391481,6.00104,3.66922,447,67944,0.534079,0.44,1,117652,117205,447
14394401,4.40021,3.93384,447,67975,0.538816,0.45,1,117656,117209,447
14397321,2.48004,2.38677,447,68006,0.539763,0.5,1,117658,117211,447
14400241,14.896,14.8774,447,68037,0.539953,0.5,1,117676,117229,447
14403161,4.5792,4.57547,447,68068,0.555991,0.55,1,117678,117231,447
14406081,245.716,244.115,449,68099,0.663198,0.55,1,117984,117535,449
14409001,57.1432,56.823,449,68130,0.66864,0.55,1,117994,117545,449
14411921,13.0286,12.9646,449,68161,0.669728,0.55,1,117996,117547,449
14414841,12.2057,12.1929,449,68192,0.669946,0.55,1,118008,117559,449
14417761,7.24115,7.23858,449,68223,0.669989,0.55,1,118014,117565,449
14420681,3.04823,3.04772,449,68254,0.669998,0.43,1,118016,117567,449
14423601,30.2096,32.6095,446,68285,0.686,0.5,1,118053,117607,446
14426521,15.6419,14.5219,448,68316,0.6812,0.5,1,118065,117617,448
14429441,4.72839,6.10438,446,68347,0.71224,0.5,1,118067,117621,446
14432361,2.54568,2.82088,446,68378,0.686448,0.5,1,118069,117623,446
14435281,2.10914,2.16418,446,68409,0.68129,0.53,1,118071,117625,446
14438201,5.22183,3.63284,448,68440,0.672258,0.49,1,118077,117629,448
14441121,2.64437,2.32657,448,68471,0.670452,0.52,1,118079,117631,448
14444041,5.32887,5.26531,448,68502,0.63809,0.52,1,118085,117637,448
14446961,2.66577,2.65306,448,68533,0.631618,0.52,1,118087,117639,448
14449881,2.13315,2.13061,448,68564,0.630324,0.51,1,118089,117641,448
14452801,2.02663,2.02612,448,68595,0.638065,0.51,1,118091,117643,448
14455721,2.00533,2.00522,448,68626,0.639613,0.54,1,118093,117645,448
14458641,5.20107,6.00104,447,68657,0.647923,0.54,1,118099,117652,447
14461561,5.84021,4.40021,449,68688,0.665585,0.54,1,118105,117656,449
14464481,2.76804,2.48004,449,68719,0.669117,0.54,1,118107,117658,449
14467401,15.7536,14.896,450,68750,0.701823,0.56,1,118126,117676,450
14470321,4.75072,4.5792,450,68781,0.708365,0.69,1,118128,117678,450
14473241,249.75,245.716,455,68811,0.789673,0.67,2,118439,117984,455
14476161,57.95,57.1432,455,68841,0.773935,0.67,2,118449,117994,455
14479081,13.19,13.0286,455,68871,0.802787,0.67,2,118451,117996,455
14482001,12.238,12.2057,455,68901,0.776557,0.67,2,118463,118008,455
14484921,7.2476,7.24115,455,68931,0.803312,0.67,2,118469,118014,455
14487841,3.04952,3.04823,455,68961,0.776662,0.69,2,118471,118016,455
14490761,26.2099,30.2096,450,68991,0.803333,0.68,2,118503,118053,450
14493681,18.842,15.6419,455,69021,0.752666,0.72,2,118520,118065,455
14496601,5.3684,4.72839,455,69051,0.766533,0.68,2,118522,118067,455
14499521,2.67368,2.54568,455,69081,0.801307,0.68,2,118524,118069,455
14502441,2.13474,2.10914,455,69111,0.808261,0.67,2,118526,118071,455
14505361,3.62695,5.22183,453,69141,0.745652,0.67,1,118530,118077,453
14508281,2.32539,2.64437,453,69171,0.733131,0.63,1,118532,118079,453
14511201,6.86508,5.32887,455,69201,0.754626,0.63,2,118540,118085,455
14514121,2.97302,2.66577,455,69231,0.758925,0.63,2,118542,118087,455
14517041,2.1946,2.13315,455,69261,0.759785,0.64,2,118544,118089,455
14519961,2.03892,2.02663,455,69291,0.759957,0.64,2,118546,118091,455
14522881,2.00778,0.405326,457,69321,0.759991,0.64,2,118548,118091,457
14525801,5.20156,1.68107,461,69351,0.751998,0.65,2,118554,118093,461
14528721,5.04031,5.13621,460,69381,0.7824,0.67,2,118559,118099,460
14531641,4.20806,5.82724,458,69411,0.75648,0.67,2,118563,118105,458
14534561,15.2416,2.76545,474,69441,0.727296,0.71,1,118581,118107,474
14537481,4.64832,15.7531,457,69471,0.745459,0.71,1,118583,118126,457
14538941,161.73,4.75062,656,69501,0.725092,0.81,1,118784,118128,656
14541861,124.346,249.75,460,69531,0.729018,0.77,1,118899,118439,460
14544781,32.8692,57.95,460,69561,0.745804,0.81,1,118909,118449,460
14547701,8.17384,13.19,460,69591,0.781161,0.77,2,118911,118451,460
14550621,11.2348,12.238,460,69621,0.788232,0.81,2,118923,118463,460
14553541,7.04695,7.2476,460,69651,0.757646,0.77,2,118929,118469,460
14556461,3.00939,3.04952,460,69681,0.783529,0.81,2,118931,118471,460
14559381,24.6019,26.2099,458,69711,0.788706,0.74,2,118961,118503,458
14562301,19.3204,18.842,459,69741,0.749741,0.77,1,118979,118520,459
14565221,7.06407,5.3684,461,69771,0.709948,0.81,1,118983,118522,461
14568141,3.01281,2.67368,461,69801,0.73399,0.81,1,118985,118524,461
14571061,2.20256,2.13474,461,69831,0.738798,0.73,1,118987,118526,461
14573981,3.64051,3.62695,461,69861,0.73176,0.73,1,118991,118530,461
14576901,2.3281,2.32539,461,69891,0.698352,0.76,1,118993,118532,461
14579821,5.26562,6.86508,459,69921,0.74767,0.76,1,118999,118540,459
14582741,2.65312,2.97302,459,69951,0.725534,0.76,1,119001,118542,459
14585661,3.73062,2.1946,461,69981,0.753107,0.76,2,119005,118544,461
14588581,2.34612,2.03892,461,70011,0.758621,0.76,2,119007,118546,461
14591501,2.06922,2.00778,461,70041,0.727724,0.75,1,119009,118548,461
14594421,5.21385,5.20156,461,70071,0.689545,0.79,1,119015,118554,461
14597341,4.24277,5.04031,460,70101,0.689909,0.75,1,119019,118559,460
14600261,2.44855,4.20806,458,70131,0.721982,0.72,1,119021,118563,458
14603181,16.4897,15.2416,460,70161,0.768396,0.75,2,119041,118581,460
14606101,4.89794,4.64832,460,70191,0.777679,0.72,2,119043,118583,460
14609021,252.18,161.73,573,70221,0.835536,0.73,2,119357,118784,573
14611941,58.4359,124.346,468,70251,0.847107,0.75,2,119367,118899,468
14614861,13.2872,32.8692,460,70281,0.849421,0.79,2,119369,118909,460
14617781,12.2574,8.17384,470,70311,0.865884,0.79,2,119381,118911,470
14620701,7.25149,11.2348,464,70341,0.869177,0.75,2,119387,118923,464
14623621,3.0503,7.04695,460,70371,0.869835,0.79,2,119389,118929,460
14626541,24.6101,3.00939,488,70401,0.869967,0.79,2,119419,118931,488
14629461,19.322,24.6019,476,70431,0.773993,0.74,2,119437,118961,476
14632381,5.4644,19.3204,460,70461,0.754799,0.7,2,119439,118979,460
14635301,2.69288,7.06407,458,70491,0.75096,0.74,2,119441,118983,458
14638221,2.13858,3.01281,458,70521,0.750192,0.74,2,119443,118985,458
14641141,5.22772,2.20256,462,70551,0.806038,0.73,2,119449,118987,462
14644061,2.64554,3.64051,460,70581,0.817208,0.69,2,119451,118991,460
14646981,5.32911,2.3281,464,70611,0.843442,0.76,2,119457,118993,464
14649901,2.66582,5.26562,460,70641,0.816688,0.72,2,119459,118999,460
14652821,2.13316,2.65312,460,70671,0.811338,0.76,2,119461,119001,460
14655741,2.02663,3.73062,458,70701,0.810268,0.76,2,119463,119005,458
14658661,2.00533,2.34612,458,70731,0.834054,0.72,2,119465,119007,458
14661581,6.80107,2.06922,464,70761,0.838811,0.68,2,119473,119009,464
14664501,2.96021,5.21385,460,70791,0.839762,0.69,2,119475,119015,460
14667421,3.79204,4.24277,460,70821,0.839952,0.73,2,119479,119019,460
14670341,2.35841,2.44855,460,70851,0.839991,0.78,2,119481,119021,460
14673261,17.2717,16.4897,461,70881,0.863998,0.78,2,119502,119041,461
14676181,5.05434,4.89794,461,70911,0.8688,0.85,2,119504,119043,461
14990081,9,4,496,74030,0.84,1,2,121821,121325,496
14993001,5.8,5.6,495,74058,0.792,1,2,121826,121331,495
14995921,5.96,5.92,495,74086,0.7264,1,1,121832,121337,495
14998841,7.592,5.984,497,74114,0.72928,1,1,121840,121343,497
15001761,6.3184,6.7968,496,74142,0.745856,1,1,121846,121350,496
15004681,6.06368,3.75936,499,74170,0.765171,1,2,121852,121353,499
15006141,9.21274,6.35187,502,74198,0.705034,1,1,121862,121360,502
15082061,372.243,410.07,454,35040,0.149007,0.59,1,122325,121871,454
15084981,96.8485,99.6141,460,35100,0.0298014,0.55,1,122353,121893,460
15087901,29.7697,35.9228,453,35160,0.0459603,0.55,1,122366,121913,453
15090821,23.5539,15.9846,464,35220,0.0811921,0.01,1,122388,121924,464
15093741,197.511,222.397,431,35280,0.0242384,0.01,1,122629,122198,431
15096661,65.1022,68.4794,433,35340,0.00484768,0.01,1,122661,122228,433
15099581,33.0204,30.4959,437,35400,0.0409695,0,1,122686,122249,437
15102501,16.2041,24.4992,426,35460,0.0161939,0.05,1,122698,122272,426
15105421,12.0408,13.6998,426,35520,0.0272388,0.01,1,122709,122283,426
15108341,12.0082,9.93997,429,35580,0.0134478,0,1,122721,122292,429
15111261,8.80163,13.988,422,35639,0.00268955,0,1,122729,122307,422
15114181,8.16033,9.1976,422,35698,0.0245379,0.03,1,122737,122315,422
15117101,8.83207,9.03952,422,35757,0.0129076,0,1,122746,122324,422
15120021,26.5664,25.0079,424,35816,0.0425815,0.05,1,122777,122353,424
15122941,14.1133,15.4016,422,35875,0.0805163,0.09,1,122788,122366,422
15125861,22.0227,20.6803,424,35934,0.168103,0.01,1,122812,122388,424
15128781,195.605,196.936,422,35993,0.0416206,0,1,123051,122629,422
15131701,64.7209,64.9872,422,36052,0.0323241,0.05,1,123083,122661,422
15134621,32.9442,32.9974,422,36111,0.0144648,0.01,1,123108,122686,422
15137541,16.1888,16.1995,422,36170,0.010893,0.03,1,123120,122698,422
15140461,12.0378,12.0399,422,36228,0.0261786,0.01,1,123131,122709,422
15143381,12.0076,12.008,422,36286,0.0132357,0,1,123143,122721,422
15146301,8.80151,8.8016,422,36344,0.00264714,0.03,1,123151,122729,422
15149221,8.1603,8.16032,422,36402,0.0245294,0.01,1,123159,122737,422
15152141,10.4321,8.83206,424,36460,0.0289059,0.05,1,123170,122746,424
15155061,27.6864,26.5664,425,36518,0.0937812,0.09,1,123202,122777,425
15157981,16.7373,14.1133,428,36576,0.146756,0.19,1,123216,122788,428
15160901,22.5475,22.0227,428,36634,0.141351,0.01,1,123240,122812,428
15163821,190.91,195.605,422,36692,0.0842702,0.03,1,123473,123051,422
15166741,63.7819,64.7209,422,36750,0.040854,0.01,1,123505,123083,422
15169661,32.7564,32.9442,422,36808,0.0161708,0.01,1,123530,123108,422
15172581,16.1513,16.1888,422,36865,0.0112342,0.03,1,123542,123120,422
15175501,12.0303,12.0378,422,36922,0.0262468,0.01,1,123553,123131,422
15178421,12.0061,12.0076,422,36979,0.0132494,0,1,123565,123143,422
15181341,8.80121,8.80151,422,37036,0.00264987,0.03,1,123573,123151,422
15184261,8.16024,8.1603,422,37093,0.00852998,0.03,1,123581,123159,422
15187181,12.032,10.4321,424,37150,0.00170599,0.03,1,123594,123170,424
15190101,30.4064,2.08641,459,37207,0.0483412,0.11,1,123629,123170,459
15193021,20.4813,26.0173,445,37264,0.0896682,0.16,1,123647,123202,445
15195941,20.0963,16.4035,451,37321,0.137934,0.14,1,123667,123216,451
15197401,164.819,22.4807,628,37378,0.107587,0.07,1,123868,123240,628
15200321,54.5638,190.896,422,37435,0.141517,0.03,1,123895,123473,422
15203241,36.5128,63.7792,422,37491,0.0523035,0.01,1,123927,123505,422
15206161,27.3026,32.7558,422,37547,0.0344607,0.01,1,123952,123530,422
15209081,15.0605,16.1512,422,37603,0.0468921,0.03,1,123964,123542,422
15212001,11.8121,12.0302,422,37659,0.0493784,0.01,1,123975,123553,422
15214921,11.9624,12.006,422,37715,0.0178757,0,1,123987,123565,422
15217841,8.79248,8.80121,422,37771,0.00357514,0.01,1,123995,123573,422
15220761,8.1585,8.16024,422,37827,0.00871503,0,1,124003,123581,422
15223681,13.6317,12.032,424,37883,0.00974301,0.06,1,124018,123594,424
15226601,33.1263,30.4064,427,37939,0.0819486,0.1,1,124056,123629,427
15229521,19.4253,20.4813,425,37995,0.14439,0.15,1,124072,123647,425
15232441,24.6851,20.0963,431,38051,0.124878,0.1,1,124098,123667,431
15235361,181.737,164.819,451,38107,0.136976,0.15,1,124319,123868,451
15238281,59.5474,54.5638,453,38162,0.0513951,0.03,1,124348,123895,453
15241201,31.9095,36.5128,446,38217,0.050279,0.03,1,124373,123927,446
15244121,16.7819,27.3026,434,38272,0.0340558,0.05,1,124386,123952,434
15247041,11.3564,15.0605,432,38327,0.0468112,0.05,1,124396,123964,432
15249961,11.8713,11.8121,433,38382,0.0493622,0.01,1,124408,123975,433
15252881,8.77426,11.9624,429,38437,0.00987245,0,1,124416,123987,429
15255801,8.15485,8.79248,429,38492,0.0259745,0.01,1,124424,123995,429
15258721,14.431,8.1585,437,38547,0.0131949,0.01,1,124440,124003,437
15261641,32.4862,13.6317,459,38602,0.00263898,0.1,1,124477,124018,459
15264561,8.09724,33.1263,423,38657,0.0325278,0.16,1,124479,124056,423
15267481,16.0194,19.4253,425,38712,0.0705056,0.12,1,124497,124072,425
15270401,24.8039,24.6851,426,38767,0.110101,0.14,1,124524,124098,426
15273321,184.161,181.737,429,38821,0.17402,0.03,1,124748,124319,429
15276241,54.4322,59.5474,422,38875,0.202804,0.05,1,124770,124348,422
15279161,30.8864,31.9095,422,38929,0.0965608,0.03,1,124795,124373,422
15282081,18.1773,16.7819,424,38983,0.0593122,0.05,1,124810,124386,424
15285001,11.6355,11.3564,424,39037,0.0358624,0.05,1,124820,124396,424
15287921,10.3271,11.8713,422,39091,0.0311725,0,1,124830,124408,422
15290841,8.46542,8.77426,422,39145,0.0062345,0.03,1,124838,124416,422
15293761,8.09308,8.15485,422,39199,0.0252469,0.01,1,124846,124424,422
15296681,16.0186,14.431,424,39253,0.0130494,0,1,124864,124440,424
15299601,31.2037,32.4862,422,39307,0.00260988,0.04,1,124899,124477,422
15302521,12.6407,8.09724,428,39361,0.024522,0.08,1,124907,124479,428
15305441,15.3281,16.0194,426,39415,0.0369044,0.12,1,124923,124497,426
15308361,21.4656,24.8039,422,39469,0.0233809,0.19,1,124946,124524,422
15311281,191.493,184.161,432,39523,0.236676,0.21,1,125180,124748,432
15314201,51.0986,54.4322,426,39576,0.295335,0.07,1,125196,124770,426
15317121,27.8197,30.8864,423,39629,0.307067,0.05,1,125218,124795,423
15320041,17.5639,18.1773,423,39682,0.325413,0.03,1,125233,124810,423
15322961,11.5128,11.6355,423,39735,0.297083,0.03,1,125243,124820,423
15325881,9.50256,10.3271,422,39788,0.323417,0,1,125252,124830,422
15328801,8.30051,8.46542,422,39841,0.264683,0.03,1,125260,124838,422
15331721,8.0601,8.09308,422,39894,0.220937,0.01,1,125268,124846,422
15334641,16.012,16.0186,422,39947,0.0841873,0,1,125286,124864,422
15337561,33.6024,31.2037,425,40000,0.0168375,0.03,1,125324,124899,425
15340481,10.7205,12.6407,422,40053,0.0273675,0.04,1,125329,124907,422
15343401,18.9441,15.3281,427,40106,0.117473,0.04,1,125350,124923,427
15346321,24.5888,3.06563,453,40159,0.0714947,0.02,1,125376,124923,453
15347781,165.718,19.0131,631,40212,0.134299,0.29,1,125577,124946,631
15350701,65.1436,191.003,437,40265,0.18686,0.31,1,125617,125180,437
15353621,25.8287,51.0005,437,40317,0.181372,0.31,1,125633,125196,437
15356541,22.7657,27.8001,437,40369,0.188274,0.33,1,125655,125218,437
15359461,15.7531,17.56,436,40421,0.189655,0.29,1,125669,125233,436
15362381,11.9506,11.512,437,40473,0.173931,0.33,1,125680,125243,437
15365301,5.59013,9.5024,432,40525,0.170786,0.25,1,125684,125252,432
15368221,5.91803,8.30048,430,40577,0.170157,0.21,1,125690,125260,430
15371141,4.38361,8.0601,426,40629,0.170031,0.05,1,125694,125268,426
15374061,12.0767,16.012,422,40681,0.218006,0,1,125708,125286,422
15376981,32.8153,33.6024,422,40733,0.0436013,0.03,1,125746,125324,422
15379901,12.1631,10.7205,424,40785,0.00872025,0.14,1,125753,125329,424
15382821,20.0326,18.9441,425,40837,0.065744,0.06,1,125775,125350,425
15385741,23.2065,24.5888,423,40889,0.125149,0.15,1,125799,125376,423
15388661,199.041,165.718,465,40941,0.10503,0.2,1,126042,125577,465
15391581,55.0083,65.1436,444,40993,0.141006,0.18,1,126061,125617,444
15394501,28.6017,25.8287,450,41044,0.212201,0.19,1,126083,125633,450
15397421,16.9203,22.7657,442,41095,0.22644,0.19,1,126097,125655,442
15400341,12.9841,15.7531,440,41146,0.229288,0.17,1,126109,125669,440
15403261,5.79681,11.9506,433,41197,0.229858,0.17,1,126113,125680,433
15406181,6.75936,5.59013,436,41248,0.245972,0.17,1,126120,125684,436
15409101,4.55187,5.91803,434,41299,0.265194,0.17,1,126124,125690,434
15412021,7.31037,4.38361,438,41350,0.269039,0.23,1,126132,125694,438
15414941,29.4621,12.0767,459,41401,0.125808,0,1,126167,125708,459
15417861,11.4924,32.8153,428,41452,0.0491616,0,1,126174,125746,428
15420781,20.6985,12.1631,444,41503,0.00983231,0.08,1,126197,125753,444
15423701,5.7397,20.0326,424,41554,0.00196646,0.14,1,126199,125775,424
15426621,21.1479,23.2065,425,41605,0.112393,0.1,1,126224,125799,425
15429541,204.23,199.041,432,41656,0.230479,0.15,1,126474,126042,432
15432461,56.8459,55.0083,433,41707,0.310096,0.23,1,126494,126061,433
15435381,28.9692,28.6017,433,41758,0.286019,0.23,1,126516,126083,433
15438301,16.9938,16.9203,433,41809,0.289204,0.23,1,126530,126097,433
15441221,12.9988,12.9841,433,41859,0.289841,0.23,1,126542,126109,433
15444141,6.59975,5.79681,434,41909,0.305968,0.25,1,126547,126113,434
15447061,7.71995,6.75936,435,41959,0.309194,0.27,1,126555,126120,435
15449981,4.74399,4.55187,435,42009,0.309839,0.27,1,126559,126124,435
15452901,7.3488,7.31037,435,42059,0.277968,0.09,1,126567,126132,435
15455821,19.0698,29.4621,422,42109,0.287594,0.03,1,126589,126167,422
15458741,9.41395,11.4924,422,42159,0.305519,0,1,126596,126174,422
15461661,21.8828,20.6985,424,42209,0.0611037,0,1,126621,126197,424
15464581,11.5766,5.7397,431,42259,0.0122207,0.14,1,126630,126199,431
15467501,19.1153,21.1479,427,42309,0.114444,0.26,1,126651,126224,427
15470421,211.023,204.23,436,42359,0.230889,0.33,1,126910,126474,436
15473341,55.0046,56.8459,432,42409,0.270178,0.28,1,126926,126494,432
15476261,31.8009,28.9692,436,42459,0.294036,0.29,1,126952,126516,436
15479181,17.5602,16.9938,436,42509,0.298807,0.29,1,126966,126530,436
15482101,13.112,12.9988,436,42559,0.307761,0.31,1,126978,126542,436
15485021,5.82241,6.59975,435,42609,0.309552,0.31,1,126982,126547,435
15487941,7.56448,7.71995,435,42659,0.30991,0.31,1,126990,126555,435
15490861,4.7129,4.74399,435,42708,0.309982,0.27,1,126994,126559,435
15493781,8.14258,7.3488,436,42757,0.341996,0.29,1,127003,126567,436
15496701,17.6285,19.0698,434,42806,0.316399,0.31,1,127023,126589,434
15499621,5.1257,9.41395,429,42855,0.34328,0,1,127025,126596,429
15502541,15.4251,21.8828,422,42904,0.284656,0,1,127043,126621,422
15505461,11.885,11.5766,424,42953,0.160931,0.14,1,127054,126630,424
15508381,20.777,19.1153,426,43002,0.200186,0.14,1,127077,126651,426
15509841,164.955,3.82306,627,43051,0.176037,0.26,1,127278,126651,627
15512761,84.1911,207.965,432,43100,0.0592075,0.28,1,127342,126910,432
15515681,33.6382,54.3929,437,43149,0.123841,0.3,1,127363,126926,437
15518601,27.5276,31.6786,437,43198,0.0807683,0.3,1,127389,126952,437
15521521,16.7055,17.5357,437,43247,0.136154,0.31,1,127403,126966,437
15524441,12.9411,13.1071,437,43296,0.147231,0.31,1,127415,126978,437
15527361,5.78822,5.82143,437,43345,0.149446,0.31,1,127419,126982,437
15530281,8.35764,7.56429,438,43394,0.133889,0.31,1,127428,126990,438
15533201,4.87153,4.71286,438,43443,0.130778,0.35,1,127432,126994,438
15536121,7.37431,8.14257,437,43492,0.162156,0.31,1,127440,127003,437
15539041,17.4749,17.6285,437,43541,0.168431,0.35,1,127460,127023,437
15541961,5.09497,5.1257,437,43589,0.169686,0.27,1,127462,127025,437
15544881,7.41899,15.4251,427,43637,0.137937,0.13,1,127470,127043,427
15547801,6.2838,11.885,422,43685,0.179587,0.21,1,127476,127054,422
15550721,26.8568,20.777,431,43733,0.0359175,0.17,1,127508,127077,431
15553641,212.571,164.955,489,43781,0.175184,0.03,1,127767,127278,489
15556561,60.1143,84.1911,447,43829,0.171037,0.14,1,127789,127342,447
15559481,32.8229,33.6382,452,43877,0.202207,0.07,1,127815,127363,452
15562401,17.7646,27.5276,440,43925,0.160441,0.15,1,127829,127389,440
15565321,13.1529,16.7055,438,43973,0.208088,0.15,1,127841,127403,438
15568241,5.83058,12.9411,430,44021,0.225618,0.15,1,127845,127415,430
15571161,9.16612,5.78822,436,44069,0.229124,0.13,1,127855,127419,436
15574081,5.03322,8.35764,431,44117,0.229825,0.13,1,127859,127428,431
15577001,7.40664,4.87153,435,44165,0.245965,0.17,1,127867,127432,435
15579921,17.4813,7.37431,447,44213,0.249193,0.17,1,127887,127440,447
15582841,5.09627,17.4749,429,44261,0.249839,0.17,1,127889,127460,429
15585761,8.21925,5.09497,436,44309,0.265968,0.13,1,127898,127462,436
15588681,3.24385,7.41899,430,44357,0.269194,0.19,1,127900,127470,430
15591601,26.2488,6.2838,456,44405,0.0778387,0,1,127932,127476,456
15593061,166.05,26.8568,625,44453,0.119568,0.21,1,128133,127508,625
15595981,81.2099,212.571,426,44500,0.191914,0.21,1,128193,127767,426
15598901,36.242,42.5143,451,44547,0.206383,0.17,1,128218,127767,451
15601821,27.2484,26.1029,454,44594,0.201277,0.21,1,128243,127789,454
15604741,19.8497,26.0206,446,44641,0.208255,0.15,1,128261,127815,446
15607661,13.5699,16.4041,444,44688,0.233651,0.22,1,128273,127829,444
15610581,5.91399,12.8808,436,44735,0.23873,0.23,1,128277,127841,436
15613501,9.9828,5.77616,443,44782,0.263746,0.23,1,128288,127845,443
15616421,5.19656,9.15523,437,44829,0.236749,0.23,1,128292,127855,437
15619341,7.43931,5.03105,441,44876,0.23135,0.25,1,128300,127859,441
15622261,17.4879,7.40621,453,44923,0.23027,0.25,1,128320,127867,453
15625181,5.09757,17.4812,435,44970,0.230054,0.25,1,128322,127887,435
15628101,9.01951,5.09625,443,45017,0.230011,0.27,1,128332,127889,443
15631021,3.4039,8.21925,436,45064,0.230002,0.27,1,128334,127898,436
15633941,19.0808,3.24385,457,45111,0.23,0.03,1,128357,127900,457
15635401,164.616,26.2488,626,45158,0.182,0.13,1,128558,127932,626
15638321,84.1232,166.05,489,45205,0.2044,0.21,1,128622,128133,489
15641241,38.4246,81.2099,456,45252,0.24088,0.21,1,128649,128193,456
15644161,29.2849,36.242,458,45299,0.256176,0.2,1,128676,128218,458
15647081,20.257,27.2484,451,45346,0.267235,0.21,1,128694,128243,451
15650001,13.6514,19.8497,445,45393,0.261447,0.24,1,128706,128261,445
15652921,5.93028,13.5699,437,45439,0.260289,0.24,1,128710,128273,437
15655841,9.18606,5.91399,443,45485,0.268058,0.27,1,128720,128277,443
15658761,5.03721,9.9828,436,45531,0.269612,0.23,1,128724,128288,436
15661681,7.40744,5.19656,440,45577,0.269922,0.23,1,128732,128292,440
15664601,17.4815,7.43931,452,45623,0.285984,0.23,1,128752,128300,452
15667521,5.0963,17.4879,434,45669,0.289197,0.23,1,128754,128320,434
15670441,9.81926,5.09757,443,45715,0.305839,0.23,1,128765,128322,443
15673361,3.56385,9.01951,435,45761,0.277168,0.23,1,128767,128332,435
15676281,11.1128,3.4039,446,45807,0.255434,0.23,1,128780,128334,446
15677741,163.823,19.0808,625,45853,0.195087,0.17,1,128982,128357,625
15680661,90.3645,164.616,496,45899,0.191017,0.21,1,129054,128558,496
15683581,39.6729,84.1232,459,45945,0.0462035,0.25,1,129081,128622,459
15686501,9.53458,38.4246,434,45991,0.0172407,0.26,1,129083,128649,434
15689421,24.3069,29.2849,435,46037,0.155448,0.27,1,129111,128676,435
15692341,19.2614,20.257,435,46083,0.24709,0.26,1,129129,128694,435
15695261,13.4523,13.6514,435,46129,0.201418,0.26,1,129141,128706,435
15698181,5.89046,5.93028,435,46175,0.192284,0.27,1,129145,128710,435
15701101,9.17809,9.18606,435,46221,0.214457,0.27,1,129155,128720,435
15704021,5.03562,5.03721,435,46267,0.250891,0.27,1,129159,128724,435
15706941,8.20712,7.40744,436,46313,0.250178,0.29,1,129168,128732,436
15709861,17.6414,17.4815,436,46359,0.250036,0.29,1,129188,128752,436
15712781,5.12828,5.0963,436,46404,0.250007,0.31,1,129190,128754,436
15715701,9.02566,9.81926,435,46449,0.218001,0.27,1,129200,128765,435
15718621,3.40513,3.56385,435,46494,0.2436,0.25,1,129202,128767,435
15721541,10.281,11.1128,434,46539,0.24872,0.18,1,129214,128780,434
15724461,218.056,163.823,502,46584,0.201744,0.19,1,129484,128982,502
15727381,66.8112,90.3645,459,46629,0.0643488,0.01,1,129513,129054,459
15730301,14.9622,39.6729,434,46674,0.0128698,0.01,1,129515,129081,434
15733221,25.3924,9.53458,460,46719,0.138574,0.19,1,129543,129083,460
15736141,16.2785,24.3069,446,46764,0.203715,0.27,1,129557,129111,446
15739061,16.0557,19.2614,444,46809,0.224743,0.19,1,129573,129129,444
15741981,6.41114,13.4523,436,46854,0.228949,0.19,1,129577,129141,436
15744901,9.28223,5.89046,442,46899,0.16579,0.22,1,129587,129145,442
15747821,5.05645,9.17809,436,46944,0.209158,0.26,1,129591,129155,436
15750741,7.41129,5.03562,440,46989,0.217832,0.25,1,129599,129159,440
15753661,17.4823,8.20712,451,47034,0.227566,0.25,1,129619,129168,451
15756581,5.09645,17.6414,433,47079,0.229513,0.25,1,129621,129188,433
15759501,9.01929,5.12828,441,47124,0.245903,0.21,1,129631,129190,441
15762421,3.40386,9.02566,433,47169,0.249181,0.25,1,129633,129200,433
15765341,10.2808,3.40513,443,47214,0.249836,0.25,1,129645,129202,443
15766801,162.856,10.281,632,47259,0.225967,0.19,1,129846,129214,632
15769721,87.7712,218.056,431,47304,0.357193,0.03,1,129915,129484,431
15772641,41.5542,66.8112,432,47349,0.295439,0,1,129945,129513,432
15775561,9.91085,14.9622,432,47394,0.251088,0.17,1,129947,129515,432
15778481,21.1822,25.3924,428,47438,0.346218,0.17,1,129971,129543,428
15781401,18.6364,5.07849,446,47482,0.301244,0.22,1,129989,129543,446
15784321,13.3273,12.2157,444,47526,0.364249,0.23,1,130001,129557,444
15787241,5.86546,15.2431,432,47570,0.37685,0.23,1,130005,129573,432
15790161,12.3731,6.24863,442,47614,0.34737,0.15,1,130019,129577,442
15793081,5.67462,9.24973,436,47658,0.309474,0.22,1,130023,129587,436
15796001,7.53492,5.04995,440,47702,0.293895,0.22,1,130031,129591,440
15798921,18.307,7.40999,453,47746,0.370779,0.23,1,130052,129599,453
15801841,5.2614,17.482,435,47790,0.354156,0.23,1,130054,129619,435
15804761,9.05228,5.0964,443,47834,0.382831,0.25,1,130064,129621,443
15807681,3.41046,9.01928,435,47878,0.388566,0.25,1,130066,129631,435
15810601,10.2821,3.40386,445,47922,0.389713,0.25,1,130078,129633,445
15812061,162.856,10.2808,634,47966,0.357943,0.22,1,130279,129645,634
15814981,91.7713,162.856,507,48010,0.431589,0.39,1,130353,129846,507
15817901,43.1543,87.7712,469,48054,0.366318,0.28,1,130384,129915,469
15820821,10.2309,41.5542,441,48098,0.321264,0.24,1,130386,129945,441
15823741,21.2462,9.91085,463,48142,0.464253,0.37,1,130410,129947,463
15826661,18.6492,21.1822,457,48186,0.50085,0.29,1,130428,129971,457
15829581,13.3298,18.6364,451,48230,0.51617,0.38,1,130440,129989,451
15832501,5.86597,13.3273,443,48274,0.519234,0.38,1,130444,130001,443
15835421,9.17319,5.86546,449,48318,0.687847,0.34,1,130454,130005,449
15838341,8.23464,12.3731,443,48362,0.721569,0.3,1,130462,130019,443
15841261,8.04693,5.67462,447,48406,0.704314,0.29,1,130470,130023,447
15844181,19.2094,7.53492,461,48450,0.716863,0.39,1,130492,130031,461
15847101,5.44188,18.307,442,48493,0.719373,0.35,1,130494,130052,442
15850021,9.08838,5.2614,450,48536,0.719875,0.39,1,130504,130054,450
15852941,3.41767,9.05228,442,48579,0.719975,0.39,1,130506,130064,442
15855861,10.2835,3.41046,452,48622,0.735995,0.39,1,130518,130066,452
15857321,162.857,10.2821,641,48665,0.715199,0.35,1,130719,130078,641
15860241,94.1713,162.856,517,48708,0.75904,0.45,2,130796,130279,517
15863161,43.6343,91.7713,474,48751,0.703808,0.35,1,130827,130353,474
15866081,10.3269,43.1543,445,48794,0.660762,0.31,1,130829,130384,445
15869001,22.8654,10.2309,469,48837,0.748152,0.5,1,130855,130386,469
15871921,6.17307,21.2462,447,48880,0.76563,0.51,2,130857,130410,447
15874841,16.4346,18.6492,448,48923,0.793126,0.52,2,130876,130428,448
15877761,20.8869,13.3298,458,48966,0.822625,0.52,2,130898,130440,458
15880681,7.37738,5.86597,458,49009,0.860525,0.73,2,130902,130444,458
15883601,9.47548,9.17319,458,49052,0.852105,0.73,2,130912,130454,458
15886521,5.0951,8.23464,454,49095,0.850421,0.7,2,130916,130462,454
15889441,9.01902,8.04693,456,49138,0.858084,0.72,2,130926,130470,456
15892361,21.0038,19.2094,458,49181,0.891617,0.72,2,130950,130492,458
15895281,5.80076,5.44188,458,49224,0.866323,0.72,2,130952,130494,458
15898201,9.96015,9.08838,459,49267,0.877265,0.72,2,130963,130504,459
15901121,3.59203,3.41767,459,49310,0.879453,0.74,2,130965,130506,459
15904041,10.3184,10.2835,459,49353,0.895891,0.71,2,130977,130518,459
15906961,224.464,162.857,536,49396,0.859178,0.77,2,131255,130719,536
15909881,70.4927,94.1713,491,49439,0.819836,0.69,2,131287,130796,491
15912801,15.6985,43.6343,462,49482,0.779967,0.65,2,131289,130827,462
15915721,23.9397,10.3269,486,49525,0.795993,0.77,2,131315,130829,486
15918641,6.38794,22.8654,462,49568,0.799199,0.77,2,131317,130855,462
15921561,14.0776,6.17307,476,49611,0.85584,0.8,2,131333,130857,476
15924481,25.2155,16.4346,485,49653,0.891168,0.83,2,131361,130876,485
15927401,8.2431,20.8869,467,49695,0.954234,0.87,2,131365,130898,467
16136181,30,21,495,24266,0.03,0.36,1,133384,132889,495
16139101,158.8,153,500,24353,0.03,0,1,133575,133075,500
16142021,89.36,130.6,447,24440,0.046,0.05,1,133647,133200,447
16144941,43.472,59.72,437,24527,0.0092,0.03,1,133679,133242,437
16147861,44.6944,37.544,450,24613,0.00184,0.01,1,133724,133274,450
16150781,22.5389,37.9088,429,24699,0.040368,0.03,1,133741,133312,429
16153701,16.5078,18.7818,430,24785,0.0080736,0.01,1,133756,133326,430
16156621,19.3016,26.1564,422,24871,0.0416147,0.03,1,133776,133354,422
16159541,27.8603,29.2313,422,24956,0.0163229,0.03,1,133806,133384,422
16162461,158.372,158.646,422,25041,0.0272646,0.05,1,133997,133575,422
16165381,89.2744,89.3293,422,25126,0.0454529,0,1,134069,133647,422
16168301,44.2549,43.4658,423,25210,0.00909058,0,1,134102,133679,423
16171221,44.851,44.6932,423,25294,0.00181812,0.05,1,134147,133724,423
16174141,22.5702,22.5386,423,25378,0.0243636,0,1,134164,133741,423
16177061,17.314,16.5077,424,25461,0.0128727,0,1,134180,133756,424
16179981,17.0628,3.30155,441,25544,0.0425745,0.05,1,134197,133756,441
16182901,27.4126,16.6603,451,25627,0.0165149,0.01,1,134227,133776,451
16185821,158.283,27.3321,612,25710,0.059303,0.03,1,134418,133806,612
16188741,89.2565,158.266,493,25792,0.0358606,0.05,1,134490,133997,493
16191661,44.2513,89.2533,454,25874,0.00717212,0,1,134523,134069,454
16194581,44.8503,44.2507,466,25956,0.00143442,0,1,134568,134102,466
16197501,22.5701,44.8501,438,26038,0.00828688,0.03,1,134585,134147,438
16200421,18.114,22.57,438,26119,0.00165738,0.01,1,134602,134164,438
16203341,16.4228,17.314,438,26200,0.000331475,0.05,1,134618,134180,438
16206261,28.0846,17.0628,452,26281,0.0080663,0.01,1,134649,134197,452
16209181,160.017,27.4126,615,26362,0.0576133,0.07,1,134842,134227,615
16212101,88.0034,158.283,494,26442,0.0355227,0.03,1,134912,134418,494
16215021,44.0007,89.2565,455,26522,0.00710453,0,1,134945,134490,455
16217941,44.8001,44.2513,467,26602,0.00142091,0,1,134990,134523,467
16220861,21.76,44.8503,438,26682,0.0242842,0.01,1,135006,134568,438
16223781,18.752,22.5701,439,26761,0.00485684,0,1,135024,134585,439
16226701,15.7504,18.114,437,26840,0.000971367,0,1,135039,134602,437
16229621,4.75008,16.4228,423,26919,0.00819427,0.01,1,135041,134618,423
16232541,25.75,28.0846,423,26998,0.0256389,0.07,1,135072,134649,423
16235461,161.95,160.017,426,27076,0.0771278,0.03,1,135268,134842,426
16238381,85.19,88.0034,422,27154,0.0234256,0,1,135334,134912,422
16241301,44.238,44.0007,423,27232,0.0126851,0,1,135368,134945,423
16244221,44.8476,44.8001,423,27310,0.00253702,0.03,1,135413,134990,423
16247141,21.7695,21.76,423,27388,0.0405074,0,1,135429,135006,423
16250061,18.7539,18.752,423,27465,0.0161015,0,1,135447,135024,423
16252981,14.9508,15.7504,422,27542,0.0272203,0.01,1,135461,135039,422
16255901,4.59016,4.75008,422,27619,0.00544406,0.03,1,135463,135041,422
16258821,25.718,25.75,422,27696,0.0250888,0.09,1,135494,135072,422
16261741,163.544,161.95,424,27772,0.0610178,0.01,1,135692,135268,424
16264661,83.9087,85.19,422,27848,0.0522036,0.01,1,135756,135334,422
16267581,43.9817,44.238,422,27924,0.0184407,0,1,135790,135368,422
16270501,44.7963,44.8476,422,28000,0.00368814,0.05,1,135835,135413,422
16273421,21.7593,21.7695,422,28076,0.00873763,0.01,1,135851,135429,422
16276341,18.7519,18.7539,422,28151,0.00174753,0.03,1,135869,135447,422
16279261,14.9504,14.9508,422,28226,0.0243495,0,1,135883,135461,422
16282181,4.59007,4.59016,422,28301,0.0048699,0.03,1,135885,135463,422
16285101,25.718,25.718,422,28376,0.00897398,0.03,1,135916,135494,422
16288021,165.144,5.14361,622,28451,0.105795,0.07,1,136116,135494,622
16290941,81.8287,159.429,485,28525,0.045159,0.05,1,136177,135692,485
16293861,43.5657,83.0857,455,28599,0.0330318,0.01,1,136211,135756,455
16296781,44.7131,43.8171,466,28673,0.00660636,0,1,136256,135790,466
16299701,21.7426,44.7634,437,28747,0.0253213,0.01,1,136272,135835,437
16302621,18.7485,21.7527,439,28821,0.0130643,0,1,136290,135851,439
16305541,14.9497,18.7505,435,28894,0.00261285,0.03,1,136304,135869,435
16308461,4.58994,14.9501,423,28967,0.00852257,0,1,136306,135883,423
16311381,25.718,4.59002,452,29040,0.0257045,0.01,1,136337,135885,452
16312841,165.944,25.718,622,29113,0.0451409,0.13,1,136538,135916,622
16315761,37.9887,165.144,428,29186,0.0810282,0.03,1,136544,136116,428
16318681,51.5977,81.8287,422,29259,0.104206,0.03,1,136599,136177,422
16321601,37.5195,43.5657,422,29331,0.0288411,0,1,136633,136211,422
16324521,43.5039,44.7131,422,29403,0.00576823,0.03,1,136678,136256,422
16327441,21.5008,21.7426,422,29475,0.00915365,0.01,1,136694,136272,422
16330361,18.7002,18.7485,422,29547,0.00983073,0,1,136712,136290,422
16333281,14.94,14.9497,422,29619,0.0259661,0.01,1,136726,136304,422
16336201,4.58801,4.58994,422,29690,0.0291932,0.03,1,136728,136306,422
16339121,26.5176,25.718,423,29761,0.0138386,0.05,1,136760,136337,423
16342041,171.704,165.944,430,29832,0.0907677,0.09,1,136968,136538,430
16344961,35.9407,37.9887,426,29903,0.106154,0.11,1,136970,136544,426
16347881,48.7881,51.5977,423,29974,0.109231,0.01,1,137022,136599,423
16350801,36.1576,37.5195,422,30045,0.0218461,0,1,137055,136633,422
16353721,43.2315,43.5039,422,30115,0.0283692,0.01,1,137100,136678,422
16356641,21.4463,21.5008,422,30185,0.0456738,0.01,1,137116,136694,422
16359561,18.6893,18.7002,422,30255,0.0171348,0.03,1,137134,136712,422
16362481,14.9379,14.94,422,30325,0.011427,0.03,1,137148,136726,422
16365401,4.58757,4.58801,422,30395,0.0262854,0.01,1,137150,136728,422
16368321,26.5175,26.5176,422,30465,0.0132571,0.11,1,137182,136760,422
16371241,174.104,171.704,425,30534,0.0426514,0.11,1,137393,136968,425
16374161,36.4207,35.9407,425,30603,0.0485303,0.11,1,137395,136970,425
16377081,48.8841,48.7881,425,30672,0.0817061,0,1,137447,137022,425
16380001,33.7768,36.1576,422,30741,0.0723412,0.03,1,137477,137055,422
16382921,42.7554,43.2315,422,30810,0.0384682,0.05,1,137522,137100,422
16385841,21.3511,21.4463,422,30879,0.0156936,0.01,1,137538,137116,422
16388761,18.6702,18.6893,422,30948,0.0431387,0.01,1,137556,137134,422
16391681,14.934,14.9379,422,31016,0.0166277,0.03,1,137570,137148,422
16394601,4.58681,4.58757,422,31084,0.0273255,0.01,1,137572,137150,422
16397521,26.5174,26.5175,422,31152,0.0454651,0.05,1,137604,137182,422
16400441,175.703,174.104,424,31220,0.129093,0.05,1,137817,137393,424
16403361,36.7407,36.4207,424,31288,0.161819,0.05,1,137819,137395,424
16406281,50.5481,7.28414,478,31356,0.136364,0.09,1,137873,137395,478
16409201,30.1096,43.0568,451,31423,0.147273,0.07,1,137898,137447,451
16412121,42.0219,32.6114,466,31490,0.0294545,0.03,1,137943,137477,466
16415041,21.2044,42.5223,437,31557,0.0298909,0.01,1,137959,137522,437
16417961,18.6409,21.3045,439,31624,0.0299782,0.05,1,137977,137538,439
16420881,14.9282,18.6609,435,31691,0.0299956,0.01,1,137991,137556,435
16423801,4.58563,14.9322,423,31758,0.0299991,0.03,1,137993,137570,423
16426721,26.5171,4.58644,453,31825,0.0299998,0.05,1,138025,137572,453
16428181,166.103,26.5173,622,31891,0.062,0.15,1,138226,137604,622
16431101,50.0207,175.703,430,31957,0.1004,0.17,1,138247,137817,430
16434021,11.6041,36.7407,430,32023,0.10808,0.13,1,138249,137819,430
16436941,45.5208,50.5481,430,32089,0.077616,0.15,1,138303,137873,430
16439861,28.3042,30.1096,429,32155,0.135523,0,1,138327,137898,429
16442781,36.0608,42.0219,422,32221,0.0991046,0.03,1,138365,137943,422
16445701,20.0122,21.2044,422,32287,0.0278209,0.03,1,138381,137959,422
16448621,18.4024,18.6409,422,32353,0.0295642,0.03,1,138399,137977,422
16451541,14.8805,14.9282,422,32418,0.0139128,0.03,1,138413,137991,422
16454461,4.5761,4.58563,422,32483,0.0107826,0.03,1,138415,137993,422
16457381,26.5152,26.5171,422,32548,0.0261565,0.07,1,138447,138025,422
16460301,184.503,166.103,445,32613,0.0292313,0.11,1,138671,138226,445
16463221,38.5006,50.0207,426,32678,0.0298463,0.11,1,138673,138247,426
16466141,51.7001,11.6041,479,32743,0.0619693,0.07,1,138728,138249,479
16469061,11.94,45.5208,427,32808,0.0683938,0.15,1,138730,138303,427
16471981,21.588,28.3042,427,32872,0.101679,0.09,1,138754,138327,427
16474901,30.7176,36.0608,422,32936,0.124336,0.01,1,138787,138365,422
16477821,18.9435,20.0122,422,33000,0.128867,0.03,1,138803,138381,422
16480741,18.1887,18.4024,422,33064,0.0657734,0.01,1,138821,138399,422
16483661,14.8377,14.8805,422,33128,0.0211547,0.01,1,138835,138413,422
16486581,4.56755,4.5761,422,33192,0.0122309,0.03,1,138837,138415,422
16489501,26.5135,26.5152,422,33256,0.0424462,0.03,1,138869,138447,422
16492421,185.303,184.503,423,33320,0.0484892,0.03,1,139094,138671,423
16495341,38.6605,38.5006,423,33383,0.0496978,0.07,1,139096,138673,423
16498261,53.3321,51.7001,425,33446,0.0499396,0.07,1,139153,138728,425
16501181,12.2664,11.94,425,33509,0.0499879,0.11,1,139155,138730,425
16504101,21.6533,21.588,425,33572,0.0499976,0.13,1,139179,138754,425
16507021,31.5307,30.7176,426,33635,0.0659995,0.13,1,139213,138787,426
16509941,17.5061,18.9435,424,33698,0.0851999,0.05,1,139227,138803,424
16512861,16.3012,18.1887,422,33761,0.12104,0.01,1,139243,138821,422
16515781,14.4602,14.8377,422,33824,0.096208,0.01,1,139257,138835,422
16518701,4.49205,4.56755,422,33887,0.0912416,0.05,1,139259,138837,422
16521621,26.4984,26.5135,422,33949,0.0582483,0.05,1,139291,138869,422
16524541,185.3,185.303,422,34011,0.0356497,0.05,1,139516,139094,422
16527461,38.6599,38.6605,422,34073,0.0311299,0.05,1,139518,139096,422
16530381,54.932,53.3321,424,34135,0.110226,0.05,1,139577,139153,424
16533301,12.5864,12.2664,424,34197,0.126045,0.05,1,139579,139155,424
16536221,21.7173,21.6533,424,34259,0.129209,0.05,1,139603,139179,424
16539141,31.5435,4.33066,458,34321,0.129842,0.07,1,139637,139179,458
16542061,18.3087,28.0661,439,34383,0.113968,0.09,1,139652,139213,439
16544981,16.4617,16.8132,441,34444,0.110794,0.13,1,139668,139227,441
16547901,11.2923,16.1626,435,34505,0.110159,0.09,1,139678,139243,435
16550821,3.85847,14.4325,423,34566,0.110032,0.09,1,139680,139257,423
16553741,27.1717,4.48651,454,34627,0.0940063,0.05,1,139713,139259,454
16555201,166.234,26.4973,623,34688,0.0588013,0.03,1,139914,139291,623
16558121,53.2469,185.299,423,34749,0.0517603,0.03,1,139939,139516,423
16561041,12.2494,38.6599,423,34810,0.050352,0.13,1,139941,139518,423
16563961,52.8499,54.932,427,34871,0.0500704,0.13,1,140004,139577,427
16566881,12.17,12.5864,427,34932,0.0500141,0.13,1,140006,139579,427
16569801,22.434,21.7173,428,34993,0.0980028,0.13,1,140031,139603,428
16572721,31.6868,31.5435,428,35053,0.123601,0.11,1,140065,139637,428
16575641,17.5374,18.3087,427,35113,0.12872,0.11,1,140079,139652,427
16578561,16.3075,16.4617,427,35173,0.097744,0.11,1,140095,139668,427
16581481,11.2615,11.2923,427,35233,0.0915488,0.11,1,140105,139678,427
16584401,3.8523,3.85847,427,35293,0.12231,0.09,1,140107,139680,427
16587321,24.7705,27.1717,424,35353,0.112462,0.05,1,140137,139713,424
16590241,184.954,166.234,448,35413,0.126492,0.05,1,140362,139914,448
16593161,38.5908,53.2469,425,35473,0.129298,0.05,1,140364,139939,425
16596081,58.1182,12.2494,486,35533,0.12986,0.05,1,140427,139941,486
16599001,13.2236,52.8499,425,35592,0.129972,0.05,1,140429,140004,425
16601921,23.4447,12.17,449,35651,0.305994,0.11,1,140455,140006,449
16604841,6.28895,22.434,426,35710,0.341199,0.13,1,140457,140031,426
16607761,28.4578,31.6868,426,35769,0.41224,0.13,1,140491,140065,426
16610681,16.8916,17.5374,426,35828,0.426448,0.09,1,140505,140079,426
16613601,16.1783,16.3075,426,35887,0.42929,0.09,1,140521,140095,426
16616521,11.2357,11.2615,426,35946,0.397858,0.13,1,140531,140105,426
16619441,3.84713,3.8523,426,36005,0.423572,0.11,1,140533,140107,426
16622361,25.5694,24.7705,427,36064,0.412714,0.13,1,140564,140137,427
16625281,185.914,184.954,428,36123,0.458543,0.13,1,140790,140362,428
16628201,38.7828,38.5908,428,36182,0.467709,0.13,1,140792,140364,428
16631121,66.1566,58.1182,438,36240,0.549542,0.13,1,140865,140427,438
16634041,14.8313,13.2236,438,36298,0.581908,0.35,1,140867,140429,438
16636961,25.3663,23.4447,440,36356,0.604382,0.35,1,140895,140455,440
16639881,6.67325,6.28895,440,36414,0.608876,0.43,1,140897,140457,440
16642801,29.3347,28.4578,441,36472,0.561775,0.43,1,140932,140491,441
16645721,17.0669,16.8916,441,36530,0.568355,0.43,1,140946,140505,441
16648641,16.2134,16.1783,441,36588,0.601671,0.39,1,140962,140521,441
16651561,11.2427,11.2357,441,36646,0.576334,0.43,1,140972,140531,441
16654481,3.84854,3.84713,441,36704,0.571267,0.41,1,140974,140533,441
16657401,26.3697,25.5694,442,36762,0.602253,0.47,1,141006,140564,442
16660321,187.674,185.914,444,36819,0.720451,0.47,1,141234,140790,444
16663241,39.1348,38.7828,444,36876,0.74409,0.57,1,141236,140792,444
16666161,71.027,66.1566,450,36933,0.828818,0.59,2,141315,140865,450
16669081,15.8054,14.8313,450,36990,0.861764,0.61,2,141317,140867,450
16672001,25.5611,25.3663,450,37047,0.908353,0.61,2,141345,140895,450
16674921,6.71222,6.67325,450,37104,0.933671,0.55,2,141347,140897,450
16819461,29,30,482,39851,0.55,1,1,143242,142760,482
16822381,24.2,20.4,487,39904,0.422,1,1,143265,142778,487
16825301,20.04,23.28,482,39957,0.3164,1,1,143284,142802,482
16828221,19.208,24.656,476,40010,0.26328,1,1,143303,142827,476
16831141,26.2416,23.3312,481,40063,0.092656,1,1,143331,142850,481
16834061,16.4483,4.66624,495,40116,0.0425312,1,1,143345,142850,495
16836981,18.4897,12.1332,500,40169,0.00850624,1,1,143364,142864,500
16839901,15.6979,13.6266,501,40222,0.0257012,1,1,143379,142878,501
16842821,19.1396,13.1253,508,40274,0.0131402,1,1,143399,142891,508
16845741,166.228,13.0251,698,40326,0.00262805,1,1,143602,142904,698
16848661,46.0456,179.405,493,40378,0.0245256,1,1,143618,143125,493
16851581,42.0091,52.681,513,40430,0.0289051,0.95,1,143659,143146,513
16854501,15.6018,49.7362,473,40482,0.029781,0.8,1,143668,143195,473
16857421,18.3204,24.3472,474,40534,0.0059562,0.55,1,143687,143213,474
16860341,16.4641,28.0694,461,40586,0.00919124,0.39,1,143703,143242,461
16863261,14.4928,24.0139,452,40638,0.00983825,0.29,1,143717,143265,452
16866181,15.6986,20.0028,449,40690,0.0419676,0.25,1,143733,143284,449
16869101,18.3397,19.2006,449,40742,0.0323935,0.05,1,143752,143303,449
16872021,14.8679,26.2401,435,40794,0.0144787,0.03,1,143766,143331,435
16874941,18.1736,16.448,440,40846,0.0108957,0,1,143785,143345,440
16877861,15.6347,18.4896,436,40898,0.0581791,0.03,1,143800,143364,436
16880781,19.1269,15.6979,441,40950,0.0996358,0.01,1,143820,143379,441
16882241,164.625,19.1396,622,41002,0.0599272,0,1,144021,143399,622
16885161,35.3251,166.228,422,41053,0.0119854,0.03,1,144024,143602,422
16888081,19.865,46.0456,422,41104,0.0423971,0.03,1,144040,143618,422
16891001,36.773,42.0091,422,41155,0.0324794,0.03,1,144081,143659,422
16893921,15.3546,15.6018,423,41206,0.0144959,0,1,144091,143668,423
16896841,19.8709,18.3204,425,41257,0.0428992,0.01,1,144112,143687,425
16899761,15.1742,16.4641,423,41308,0.0485798,0.01,1,144126,143703,423
16902681,13.4348,14.4928,422,41359,0.033716,0.05,1,144139,143717,422
16905601,17.087,15.6986,424,41410,0.0467432,0.03,1,144157,143733,424
16908521,17.0174,18.3397,422,41461,0.0493486,0.01,1,144174,143752,422
16911441,14.6035,14.8679,422,41512,0.0178697,0.01,1,144188,143766,422
16914361,18.1207,18.1736,422,41563,0.0115739,0.01,1,144207,143785,422
16917281,15.6241,3.63472,437,41614,0.0263148,0.07,1,144222,143785,437
16920201,18.3248,12.7269,441,41665,0.029263,0.11,1,144241,143800,441
16921661,164.465,18.5454,622,41716,0.0298526,0.05,1,144442,143820,622
16924581,35.293,164.509,424,41767,0.0139705,0,1,144445,144021,424
16927501,19.8586,35.3018,437,41818,0.0267941,0.05,1,144461,144024,437
16930421,36.7717,19.8604,462,41868,0.00535882,0.03,1,144502,144040,462
16933341,16.1543,36.7721,432,41918,0.0410718,0.01,1,144513,144081,432
16936261,19.2309,15.3544,442,41968,0.0162144,0.05,1,144533,144091,442
16939181,15.0462,19.8709,435,42018,0.0272429,0.05,1,144547,144112,435
16942101,13.4092,15.1742,434,42068,0.0614486,0.03,1,144560,144126,434
16945021,17.8818,13.4348,440,42118,0.0522897,0.05,1,144579,144139,440
16947941,16.3764,17.087,438,42168,0.0344579,0.05,1,144595,144157,438
16950861,14.4753,17.0174,435,42218,0.0308916,0.01,1,144609,144174,435
16953781,18.0951,14.6035,440,42268,0.0301783,0.01,1,144628,144188,440
16956701,15.619,18.1207,436,42318,0.0460357,0.03,1,144643,144207,436
16959621,18.3238,15.6241,440,42368,0.00920713,0.03,1,144662,144222,440
16961081,164.465,18.3248,622,42418,0.00184143,0.03,1,144863,144241,622
16964001,35.293,164.465,424,42468,0.0243683,0.01,1,144866,144442,424
16966921,19.8586,35.293,437,42518,0.0288737,0.03,1,144882,144445,437
16969841,37.5717,19.8586,463,42568,0.00577473,0,1,144924,144461,463
16972761,16.3143,36.7717,433,42618,0.0411549,0.05,1,144935,144502,433
16975681,19.2629,16.1543,442,42668,0.032231,0.01,1,144955,144513,442
16978601,15.8526,19.2309,437,42717,0.0464462,0.03,1,144970,144533,437
16981521,12.7705,15.0462,435,42766,0.0492892,0.07,1,144982,144547,435
16984441,16.9541,13.4092,440,42815,0.0498578,0.05,1,145000,144560,440
16987361,16.1908,17.8818,437,42864,0.0499716,0.03,1,145016,144579,437
16990281,14.4382,16.3764,435,42913,0.00999431,0.03,1,145030,144595,435
16993201,18.0876,14.4753,440,42962,0.00199886,0.03,1,145049,144609,440
16996121,16.4175,18.0951,437,43011,0.00839977,0.05,1,145065,144628,437
16999041,4.88351,15.619,424,43060,0.04168,0,1,145067,144643,424
17001961,14.5767,18.3238,422,43109,0.048336,0,1,145084,144662,422
17004881,166.115,164.465,425,43158,0.0336672,0.03,1,145288,144863,425
17007801,45.2231,35.293,437,43207,0.00673344,0.03,1,145303,144866,437
17010721,43.4446,19.8586,464,43256,0.0253467,0,1,145346,144882,464
17013641,16.6889,37.5717,432,43305,0.0130693,0.05,1,145356,144924,432
17016561,20.1378,16.3143,442,43354,0.0266139,0.03,1,145377,144935,442
17019481,16.8276,19.2629,438,43403,0.0453228,0.05,1,145393,144955,438
17022401,12.9655,15.8526,435,43452,0.0490646,0.05,1,145405,144970,435
17025321,16.9931,12.7705,441,43501,0.0658129,0.05,1,145423,144982,441
17028241,15.3986,16.9541,438,43550,0.0851626,0.05,1,145438,145000,438
17031161,13.4797,16.1908,435,43598,0.0730325,0,1,145451,145016,435
17034081,17.8959,14.4382,440,43646,0.0226065,0,1,145470,145030,440
17037001,17.1792,18.0876,438,43694,0.0125213,0.01,1,145487,145049,438
17039921,5.03584,16.4175,424,43742,0.0425043,0.05,1,145489,145065,424
17042841,13.8072,4.88351,438,43790,0.0485009,0.05,1,145505,145067,438
17044301,163.561,14.5767,622,43838,0.00970017,0.03,1,145706,145084,622
17047221,35.9123,166.115,422,43886,0.02594,0,1,145710,145288,422
17050141,19.9825,45.2231,423,43934,0.029188,0.03,1,145726,145303,423
17053061,37.5965,43.4446,422,43982,0.0298376,0.01,1,145768,145346,422
17055981,16.3193,16.6889,423,44030,0.0299675,0.03,1,145779,145356,423
17058901,20.8639,20.1378,424,44078,0.0299935,0.05,1,145801,145377,424
17061821,16.9728,16.8276,424,44126,0.0299987,0.05,1,145817,145393,424
17064741,12.9946,12.9655,424,44174,0.0299997,0.07,1,145829,145405,424
17067661,17.7989,16.9931,425,44222,0.0139999,0.09,1,145848,145423,425
17070581,16.3598,15.3986,426,44270,0.0428,0.07,1,145864,145438,426
17073501,12.872,13.4797,425,44318,0.04856,0.01,1,145876,145451,425
17076421,15.3744,17.8959,422,44366,0.049712,0.01,1,145892,145470,422
17079341,17.4749,17.1792,423,44414,0.0339424,0.05,1,145910,145487,423
17082261,5.09498,5.03584,423,44461,0.0307885,0.05,1,145912,145489,423
17085181,13.019,13.8072,422,44508,0.0061577,0.05,1,145927,145505,422
17088101,162.604,2.76143,622,44555,0.00123154,0.03,1,146127,145505,622
17091021,36.5208,164.552,422,44602,0.00824631,0.03,1,146132,145710,422
17093941,20.1042,45.7105,422,44649,0.0256493,0.03,1,146148,145726,422
17096861,37.6208,42.7421,422,44696,0.0291299,0.03,1,146190,145768,422
17099781,16.3242,17.3484,422,44743,0.029826,0.03,1,146201,145779,422
17102701,21.6648,21.0697,423,44790,0.0299652,0.03,1,146224,145801,423
17105621,17.133,17.0139,423,44837,0.045993,0.03,1,146240,145817,423
17108541,13.0266,13.0028,423,44884,0.0491986,0.01,1,146252,145829,423
17111461,17.0053,17.8006,422,44931,0.0658397,0.05,1,146270,145848,422
17114381,16.2011,16.3601,422,44978,0.0371679,0.05,1,146286,145864,422
17117301,12.8402,12.872,422,45025,0.0314336,0.05,1,146298,145876,422
17120221,15.368,15.3744,422,45072,0.0302867,0.03,1,146314,145892,422
17123141,17.4736,17.4749,422,45119,0.0140573,0.03,1,146332,145910,422
17126061,5.09472,5.09498,422,45166,0.0268115,0,1,146334,145912,422
17128981,13.0189,13.019,422,45213,0.00536229,0,1,146349,145927,422
17131901,162.604,162.604,422,45260,0.00107246,0.01,1,146549,146127,422
17134821,36.5208,36.5208,422,45307,0.0242145,0.03,1,146554,146132,422
17137741,20.1042,20.1042,422,45354,0.0128429,0.03,1,146570,146148,422
17140661,37.6208,37.6208,422,45400,0.0265686,0.03,1,146612,146190,422
17143581,16.3242,16.3242,422,45446,0.0293137,0.03,1,146623,146201,422
17146501,21.6648,21.6648,422,45492,0.0298627,0.05,1,146646,146224,422
17149421,17.133,17.133,422,45538,0.0459725,0.05,1,146662,146240,422
17152341,13.0266,13.0266,422,45584,0.0491945,0.07,1,146674,146252,422
17155261,17.8053,17.0053,423,45630,0.0338389,0.03,1,146693,146270,423
17158181,16.3611,16.2011,423,45676,0.0147678,0.03,1,146709,146286,423
17161101,12.8722,12.8402,423,45722,0.0109536,0.03,1,146721,146298,423
17164021,14.5744,15.368,422,45768,0.0261907,0.01,1,146736,146314,422
17166941,17.3149,17.4736,422,45814,0.0132381,0.03,1,146754,146332,422
17169861,5.06298,5.09472,422,45860,0.0106476,0,1,146756,146334,422
17172781,13.0126,13.0189,422,45906,0.0261295,0,1,146771,146349,422
17175701,161.803,2.60379,621,45952,0.00522591,0,1,146970,146349,621
17178621,36.3605,160.521,426,45998,0.00904518,0.03,1,146975,146549,426
17181541,20.0721,36.1041,437,46044,0.025809,0.01,1,146991,146554,437
17184461,37.6144,20.0208,463,46090,0.0291618,0.03,1,147033,146570,463
17187381,16.3229,37.6042,432,46136,0.0298324,0.03,1,147044,146612,432
17190301,21.6646,16.3208,444,46182,0.0139665,0.03,1,147067,146623,444
17193221,17.1329,21.6642,437,46228,0.0267933,0.05,1,147083,146646,437
17196141,13.0266,17.1328,433,46274,0.0293587,0.05,1,147095,146662,433
17199061,17.8053,13.0266,440,46320,0.0138717,0.03,1,147114,146674,440
17201981,16.3611,17.8053,437,46366,0.0267743,0.01,1,147130,146693,437
17204901,12.8722,16.3611,433,46411,0.0453549,0.01,1,147142,146709,433
17207821,14.5744,12.8722,436,46456,0.033071,0.03,1,147157,146721,436
17210741,17.3149,14.5744,439,46501,0.0306142,0.01,1,147175,146736,439
17213661,5.06298,17.3149,423,46546,0.0301228,0.01,1,147177,146754,423
17216581,13.0126,5.06298,436,46591,0.0460246,0.03,1,147192,146756,436
17219501,162.603,13.0126,621,46636,0.00920491,0,1,147392,146771,621
17222421,35.7205,161.803,426,46681,0.025841,0.01,1,147396,146970,426
17225341,20.7441,36.3605,438,46726,0.0451682,0.03,1,147413,146975,438
17228261,36.9488,20.0721,463,46771,0.0650336,0.03,1,147454,146991,463
17231181,16.1898,37.6144,432,46816,0.0530067,0.03,1,147465,147033,432
17234101,21.638,16.3229,444,46861,0.0346013,0.01,1,147488,147044,444
17237021,17.9276,21.6646,438,46906,0.0309203,0.03,1,147505,147067,438
17239941,13.1855,17.1329,434,46951,0.0301841,0.03,1,147517,147083,434
17242861,17.8371,13.0266,441,46996,0.0140368,0.01,1,147536,147095,441
17245781,17.1674,17.8053,439,47041,0.0428074,0.03,1,147553,147114,439
17248701,13.0335,16.3611,435,47086,0.0485615,0.05,1,147565,147130,435
17251621,13.0067,12.8722,436,47131,0.0337123,0.03,1,147578,147142,436
17254541,17.0013,14.5744,439,47176,0.0147425,0.03,1,147596,147157,439
17257461,5.00027,17.3149,423,47221,0.0109485,0.03,1,147598,147175,423
17260381,13.0001,5.06298,436,47266,0.0261897,0.05,1,147613,147177,436
17261841,163.4,13.0126,622,47311,0.00523794,0,1,147814,147192,622
17264761,34.28,162.603,424,47356,0.0250476,0.03,1,147816,147392,424
17267681,10.056,35.7205,424,47401,0.0290095,0.03,1,147820,147396,424
17270601,14.0112,7.1441,439,47445,0.0458019,0.05,1,147835,147396,439
17273521,35.6022,15.0288,463,47489,0.0491604,0.07,1,147876,147413,463
17276441,16.7204,35.8058,434,47533,0.0338321,0.05,1,147888,147454,434
17279361,20.9441,15.9612,445,47577,0.0467664,0.03,1,147910,147465,445
17282281,17.7888,21.5922,439,47621,0.0333533,0.03,1,147927,147488,439
17285201,13.1578,17.9184,434,47665,0.0306707,0.03,1,147939,147505,434
17288121,17.8316,13.1837,441,47709,0.0461341,0.01,1,147958,147517,441
17291041,17.9663,17.8367,440,47753,0.0332268,0.05,1,147976,147536,440
17293961,13.1933,17.1673,435,47797,0.0306454,0.05,1,147988,147553,435
17296881,12.2387,13.0335,435,47841,0.0301291,0.03,1,148000,147565,435
17299801,16.8477,13.0067,440,47885,0.0460258,0.01,1,148018,147578,440
17302721,4.96955,17.0013,424,47929,0.0172052,0.01,1,148020,147596,424
17305641,12.9939,5.00027,437,47973,0.011441,0.03,1,148035,147598,437
17307101,163.399,13.0001,623,48017,0.00228821,0,1,148236,147613,623
17310021,33.4798,163.4,423,48061,0.0244576,0.03,1,148237,147814,423
17312941,9.89595,34.28,425,48105,0.0288915,0.03,1,148241,147816,425
17315861,13.9792,10.056,436,48149,0.0297783,0.05,1,148256,147820,436
17318781,36.3958,14.0112,463,48193,0.0459557,0.05,1,148298,147835,463
17321701,17.6792,35.6022,435,48237,0.0651911,0.03,1,148311,147876,435
17324621,21.1358,16.7204,445,48281,0.0370382,0.05,1,148333,147888,445
17327541,17.0272,20.9441,439,48325,0.0314076,0.03,1,148349,147910,439
17330461,13.0054,17.7888,434,48369,0.0462815,0.03,1,148361,147927,434
17333381,17.8011,13.1578,441,48413,0.0652563,0.05,1,148380,147939,441
17336301,17.9602,17.8316,440,48457,0.0370513,0.03,1,148398,147958,440
17339221,13.192,17.9663,434,48500,0.0314103,0.03,1,148410,147976,434
17342141,13.0384,13.1933,435,48543,0.0142821,0.03,1,148423,147988,435
17345061,15.4077,12.2387,439,48586,0.0268564,0.05,1,148439,148000,439
17347981,4.68154,16.8477,423,48629,0.0293713,0.01,1,148441,148018,423
17350901,13.7363,4.96955,437,48672,0.00587426,0.01,1,148457,148020,437
17353821,162.747,12.9939,622,48715,0.00117485,0.03,1,148657,148035,622
17356741,34.1495,164.199,422,48758,0.040235,0.03,1,148659,148237,422
17359661,10.0299,36.0398,422,48801,0.048047,0.03,1,148663,148241,422
17362581,14.806,19.208,423,48844,0.0176094,0.03,1,148679,148256,423
17365501,36.5612,3.84159,465,48887,0.0435219,0.05,1,148721,148256,465
17368421,16.9122,34.3683,435,48930,0.0487044,0.07,1,148733,148298,435
17371341,20.9824,17.2737,444,48973,0.0497409,0.03,1,148755,148311,444
17374261,17.7965,21.0547,439,49016,0.0339482,0.03,1,148772,148333,439
17377181,13.1593,17.0109,435,49059,0.0307896,0.05,1,148784,148349,435
17380101,17.0319,13.0022,441,49102,0.0301579,0.07,1,148802,148361,441
17383021,17.8064,17.8004,440,49145,0.0460316,0.03,1,148820,148380,440
17385941,13.1613,17.9601,434,49188,0.0492063,0.03,1,148832,148398,434
17388861,13.0323,13.192,435,49231,0.0658413,0.01,1,148845,148410,435
17391781,15.4065,13.0384,438,49274,0.0371683,0.03,1,148861,148423,438
17394701,4.68129,15.4077,424,49317,0.0314337,0.03,1,148863,148439,424
17397621,13.7363,4.68154,438,49360,0.0302867,0,1,148879,148441,438
17399081,163.547,13.7363,623,49403,0.0300573,0,1,149080,148457,623
17402001,33.5094,162.747,424,49446,0.0140115,0.05,1,149081,148657,424
17404921,8.30189,34.1495,424,49489,0.0108023,0.05,1,149083,148659,424
17407841,4.86038,10.0299,424,49532,0.0101605,0.01,1,149087,148663,424
17410761,12.1721,14.806,422,49575,0.0260321,0.05,1,149101,148679,422
17413681,37.6344,36.5612,424,49617,0.0452064,0.05,1,149145,148721,424
17416601,17.1269,16.9122,424,49659,0.0490413,0.05,1,149157,148733,424
17419521,21.0254,20.9824,424,49701,0.0658083,0.03,1,149179,148755,424
17422441,17.0051,17.7965,423,49743,0.0691616,0.03,1,149195,148772,423
17425361,13.001,13.1593,423,49785,0.0698323,0.03,1,149207,148784,423
17428281,17.0002,17.0319,423,49827,0.0699665,0.05,1,149225,148802,423
17431201,18.6,17.8064,424,49869,0.101993,0.05,1,149244,148820,424
17434121,13.32,13.1613,424,49911,0.140399,0.07,1,149256,148832,424
17437041,12.264,13.0323,423,49953,0.14808,0.03,1,149268,148845,423
17439961,15.2528,15.4065,423,49995,0.117616,0.03,1,149284,148861,423
17442881,4.65056,4.68129,423,50037,0.111523,0.03,1,149286,148863,423
17445801,12.9301,13.7363,422,50079,0.126305,0.03,1,149301,148879,422
17448721,164.186,163.547,423,50121,0.0332609,0.01,1,149503,149080,423
17451641,34.4372,33.5094,424,50163,0.0626522,0.01,1,149505,149081,424
17454561,10.0874,8.30189,426,50205,0.0365304,0.01,1,149509,149083,426
17457481,14.8175,4.86038,438,50247,0.0313061,0.03,1,149525,149087,438
17460401,36.5635,12.1721,466,50289,0.0462612,0.05,1,149567,149101,466
17463321,8.9127,37.6344,424,50331,0.0492522,0.05,1,149569,149145,424
17466241,12.1825,17.1269,425,50373,0.0658505,0.07,1,149582,149157,425
17469161,20.0365,21.0254,425,50415,0.0691701,0.07,1,149604,149179,425
17472081,16.8073,17.0051,425,50457,0.069834,0.07,1,149620,149195,425
17475001,12.9615,13.001,425,50499,0.0699668,0.07,1,149632,149207,425
17477921,16.9923,17.0002,425,50541,0.0699934,0.11,1,149650,149225,425
17480841,20.1985,18.6,427,50583,0.0539987,0.15,1,149671,149244,427
17483761,13.6397,13.32,427,50625,0.0507997,0.15,1,149683,149256,427
17486681,12.3279,12.264,427,50667,0.0501599,0.11,1,149695,149268,427
17489601,15.2656,15.2528,427,50709,0.098032,0.11,1,149711,149284,427
17492521,4.65312,4.65056,427,50751,0.0756064,0.13,1,149713,149286,427
17495441,12.1306,12.9301,426,50793,0.0711213,0.01,1,149727,149301,426
17498361,161.626,164.186,423,50834,0.0382243,0.07,1,149926,149503,423
17501281,33.9252,34.4372,423,50875,0.0476448,0.03,1,149928,149505,423
17504201,9.98504,10.0874,423,50916,0.049529,0.03,1,149932,149509,423
17507121,13.997,14.8175,422,50957,0.0339058,0.05,1,149947,149525,422
17510041,37.1994,36.5635,423,50998,0.0307812,0.05,1,149990,149567,423
17512961,9.03988,8.9127,423,51039,0.0301562,0.07,1,149992,149569,423
17515881,12.208,12.1825,423,51080,0.0300312,0.07,1,150005,149582,423
17518801,20.0416,20.0365,423,51121,0.0780063,0.07,1,150027,149604,423
17521721,16.8083,16.8073,423,51162,0.0876013,0.07,1,150043,149620,423
17524641,12.9617,12.9615,423,51203,0.12152,0.07,1,150055,149632,423
17527561,16.9923,16.9923,423,51244,0.128304,0.05,1,150073,149650,423
17530481,20.9985,20.1985,424,51285,0.129661,0.05,1,150095,149671,424
17533401,13.7997,13.6397,424,51326,0.0979322,0.05,1,150107,149683,424
17536321,13.1599,12.3279,425,51367,0.123586,0.11,1,150120,149695,425
17539241,15.432,15.2656,425,51408,0.128717,0.07,1,150136,149711,425
17542161,4.6864,4.65312,425,51449,0.129743,0.07,1,150138,149713,425
17545081,12.1373,12.1306,425,51490,0.0979487,0.03,1,150152,149727,425
17548001,159.227,161.626,422,51531,0.0275897,0.05,1,150348,149926,422
17550921,33.4455,33.9252,422,51572,0.0135179,0.05,1,150350,149928,422
17553841,9.8891,9.98504,422,51613,0.0427036,0.03,1,150354,149932,422
17556761,13.9778,13.997,422,51654,0.0325407,0.03,1,150369,149947,422
17559681,37.1956,37.1994,422,51695,0.0465081,0.03,1,150412,149990,422
17562601,9.03911,9.03988,422,51736,0.0493016,0.03,1,150414,149992,422
17565521,12.2078,12.208,422,51777,0.0338603,0.03,1,150427,150005,422
17568441,20.8416,2.4416,445,51818,0.174772,0.09,1,150450,150005,445
17571361,17.7683,18.0883,440,51859,0.186954,0.09,1,150467,150027,440
17574281,13.9537,16.4177,437,51900,0.253391,0.13,1,150480,150043,437
17577201,17.1907,12.8835,443,51941,0.266678,0.13,1,150498,150055,443
17580121,21.0381,16.9767,447,51982,0.269336,0.13,1,150520,150073,447
17583041,14.6076,20.9953,438,52023,0.253867,0.09,1,150533,150095,438
17585961,12.5215,13.7991,438,52063,0.250773,0.13,1,150545,150107,438
17588881,15.3043,13.1598,441,52103,0.250155,0.13,1,150561,150120,441
17591801,4.66086,15.432,427,52143,0.250031,0.13,1,150563,150136,427
17594721,12.1322,4.68639,439,52183,0.250006,0.09,1,150577,150138,439
17597641,156.026,12.1373,617,52223,0.0580012,0.01,1,150769,150152,617
17600561,32.8053,159.227,423,52263,0.0356002,0.01,1,150771,150348,423
17603481,9.76106,33.4455,425,52303,0.04712,0.05,1,150775,150350,425
17606401,13.9522,9.8891,436,52343,0.033424,0.03,1,150790,150354,436
17609321,37.1904,13.9778,464,52383,0.0626848,0.05,1,150833,150369,464
17612241,9.03809,37.1956,423,52423,0.068537,0.05,1,150835,150412,423
17615161,19.4076,9.03911,443,52463,0.0857074,0.03,1,150857,150414,443
17618081,23.0815,12.2078,454,52503,0.153141,0.21,1,150881,150427,454
17621001,19.8163,20.8416,450,52543,0.198628,0.19,1,150900,150450,450
17623921,15.1633,17.7683,447,52583,0.223726,0.27,1,150914,150467,447
17626841,17.4327,13.9537,452,52623,0.260745,0.27,1,150932,150480,452
17629761,21.0865,17.1907,456,52663,0.268149,0.27,1,150954,150498,456
17632681,13.8173,21.0381,446,52703,0.26963,0.25,1,150966,150520,446
17635601,12.3635,14.6076,445,52743,0.269926,0.25,1,150978,150533,445
17638521,15.2727,12.5215,449,52783,0.269985,0.25,1,150994,150545,449
17641441,4.65454,15.3043,435,52823,0.269997,0.25,1,150996,150561,435
17644361,12.1309,4.66086,447,52863,0.285999,0.25,1,151010,150563,447
17647281,148.026,12.1322,615,52903,0.3212,0.01,1,151192,150577,615
17650201,31.2052,156.026,425,52943,0.32824,0.03,1,151194,150769,425
17653121,9.44105,32.8053,427,52983,0.329648,0.05,1,151198,150771,427
17656041,13.8882,9.76106,438,53023,0.31393,0.03,1,151213,150775,438
17658961,37.9776,13.9522,467,53063,0.326786,0.07,1,151257,150790,467
17661881,9.19553,37.1904,426,53103,0.329357,0.07,1,151259,150833,426
17664801,22.6391,9.03809,450,53143,0.393871,0.09,1,151285,150835,450
17667721,24.5278,19.4076,453,53183,0.438774,0.17,1,151310,150857,453
17670641,21.7056,23.0815,450,53223,0.431755,0.21,1,151331,150881,450
17673561,5.94111,19.8163,433,53263,0.430351,0.23,1,151333,150900,433
17676481,13.9882,15.1633,435,53303,0.43007,0.27,1,151349,150914,435
17679401,17.1976,17.4327,435,53342,0.446014,0.27,1,151367,150932,435
17682321,21.0395,21.0865,435,53381,0.417203,0.27,1,151389,150954,435
17685241,13.8079,13.8173,435,53420,0.443441,0.27,1,151401,150966,435
17688161,12.3616,12.3635,435,53459,0.416688,0.27,1,151413,150978,435
17691081,16.0723,15.2727,436,53498,0.427338,0.27,1,151430,150994,436
17694001,4.81446,4.65454,436,53537,0.429468,0.29,1,151432,150996,436
17696921,12.1629,12.1309,436,53576,0.429894,0.33,1,151446,151010,436
17699841,149.633,148.026,438,53615,0.509979,0.33,1,151630,151192,438
17702761,31.5265,31.2052,438,53654,0.525996,0.33,1,151632,151194,438
17705681,9.5053,9.44105,438,53693,0.529199,0.31,1,151636,151198,438
17708601,13.1011,13.8882,437,53732,0.52984,0.33,1,151650,151213,437
17711521,38.6202,37.9776,438,53771,0.497968,0.33,1,151695,151257,438
17714441,9.32404,9.19553,438,53810,0.491594,0.41,1,151697,151259,438
17717361,28.2648,22.6391,445,53849,0.634319,0.45,1,151730,151285,445
17720281,24.853,24.5278,444,53888,0.726864,0.43,1,151754,151310,444
17723201,20.9706,21.7056,443,53927,0.713373,0.43,1,151774,151331,443
17726121,5.79412,5.94111,443,53966,0.742675,0.43,1,151776,151333,443
17729041,13.1588,13.9882,442,54005,0.732535,0.45,1,151791,151349,442
17731961,17.0318,17.1976,442,54044,0.746507,0.41,1,151809,151367,442
17734881,21.0064,21.0395,442,54083,0.749301,0.45,1,151831,151389,442
17737801,13.8013,13.8079,442,54122,0.71786,0.41,1,151843,151401,442
17740721,12.3603,12.3616,442,54161,0.759572,0.43,2,151855,151413,442
17743641,16.8721,16.0723,443,54200,0.799914,0.43,2,151873,151430,443
17746561,4.97441,4.81446,443,54239,0.775983,0.43,2,151875,151432,443
17749481,12.1949,12.1629,443,54278,0.771197,0.53,2,151889,151446,443
17752401,152.039,149.633,446,54317,0.818239,0.53,2,152076,151630,446
17755321,32.0078,31.5265,446,54356,0.827648,0.53,2,152078,151632,446
17758241,9.60156,9.5053,446,54395,0.82953,0.53,2,152082,151636,446
17761161,13.1203,13.1011,446,54434,0.829906,0.49,2,152096,151650,446
17764081,38.6241,38.6202,446,54473,0.813981,0.49,2,152141,151695,446
17767001,9.32481,9.32404,446,54512,0.810796,0.67,2,152143,151697,446
17962641,40,139,483,26441,0.01,0.55,1,153987,153504,483
17965561,40.8,74.2,466,26521,0.01,0.43,1,154028,153562,466
17968481,36.96,49.24,459,26601,0.01,0,1,154064,153605,459
17971401,47.392,57.848,449,26681,0.026,0.01,1,154114,153665,449
17974321,39.8784,43.5696,447,26760,0.0052,0.03,1,154152,153705,447
17977241,58.3757,69.5139,434,26839,0.00904,0.01,1,154215,153781,434
17980161,29.2751,32.3028,433,26918,0.001808,0.01,1,154237,153804,433
17983081,18.655,23.2606,428,26997,0.0723616,0.01,1,154253,153825,428
17986001,96.531,102.252,422,27075,0.0544723,0.01,1,154369,153947,422
17988921,51.3062,52.4504,422,27153,0.0108945,0.01,1,154409,153987,422
17991841,43.8612,43.2901,423,27231,0.0421789,0.01,1,154451,154028,423
17994761,36.7722,37.458,422,27309,0.00843578,0.03,1,154486,154064,422
17997681,47.3544,47.4916,422,27387,0.0256872,0,1,154536,154114,422
18000601,39.8709,39.8983,422,27464,0.00513743,0.01,1,154574,154152,422
18003521,58.3742,58.3797,422,27541,0.00902749,0,1,154637,154215,422
18006441,32.4748,29.2759,426,27618,0.0098055,0.09,1,154663,154237,426
18009361,16.095,18.6552,422,27695,0.0099611,0.05,1,154675,154253,422
18012281,96.019,96.531,422,27771,0.00999222,0,1,154791,154369,422
18015201,51.2038,51.3062,422,27847,0.00199844,0.05,1,154831,154409,422
18018121,43.8408,43.8612,422,27923,0.000399689,0,1,154873,154451,422
18021041,36.7682,36.7722,422,27999,7.99377e-05,0.03,1,154908,154486,422
18023961,47.3536,47.3544,422,28075,0.024016,0,1,154958,154536,422
18026881,39.8707,39.8709,422,28150,0.0048032,0.01,1,154996,154574,422
18029801,58.3741,58.3742,422,28225,0.0409606,0.01,1,155059,154637,422
18032721,32.4748,32.4748,422,28300,0.0161921,0.01,1,155085,154663,422
18035641,16.095,16.095,422,28375,0.0112384,0.01,1,155097,154675,422
18038561,95.219,3.21899,537,28450,0.0102477,0.01,1,155212,154675,537
18041481,51.0438,93.4438,461,28524,0.0100495,0,1,155252,154791,461
18044401,43.8088,50.6888,463,28598,0.0100099,0,1,155294,154831,463
18047321,36.7618,43.7378,456,28672,0.026002,0,1,155329,154873,456
18050241,47.3523,36.7476,471,28746,0.0052004,0.03,1,155379,154908,471
18053161,39.8705,47.3495,459,28820,0.00104008,0,1,155417,154958,459
18056081,58.3741,39.8699,484,28893,0.00820802,0.05,1,155480,154996,484
18059001,32.4748,58.374,447,28966,0.0096416,0.01,1,155506,155059,447
18061921,16.095,32.4748,433,29039,0.0419283,0.01,1,155518,155085,433
18064841,96.019,16.095,537,29112,0.0643857,0.01,1,155634,155097,537
18067761,51.2038,95.219,462,29185,0.0688771,0.01,1,155674,155212,462
18070681,43.8408,51.0438,464,29258,0.0377754,0.01,1,155716,155252,464
18073601,35.9682,43.8088,456,29330,0.0475551,0.03,1,155750,155294,456
18076521,47.1936,36.7618,471,29402,0.00951102,0,1,155800,155329,471
18079441,39.8387,47.3523,459,29474,0.0019022,0,1,155838,155379,459
18082361,58.3677,39.8705,484,29546,0.00838044,0.01,1,155901,155417,484
18085281,34.0735,58.3741,449,29618,0.00967609,0.01,1,155929,155480,449
18088201,14.8147,32.4748,433,29689,0.0259352,0.05,1,155939,155506,433
18091121,96.5629,16.095,538,29760,0.061187,0.07,1,156056,155518,538
18094041,51.3126,96.019,462,29831,0.0522374,0.07,1,156096,155634,462
18096961,11.8625,51.2038,424,29902,0.0504475,0.03,1,156098,155674,424
18099881,35.1725,43.8408,423,29973,0.0500895,0.05,1,156139,155716,423
18102801,33.4345,35.9682,422,30044,0.0340179,0,1,156172,155750,422
18105721,46.6869,47.1936,422,30114,0.0308036,0,1,156222,155800,422
18108641,39.7374,39.8387,422,30184,0.00616072,0.01,1,156260,155838,422
18111561,58.3475,58.3677,422,30254,0.00923214,0.01,1,156323,155901,422
18114481,34.8695,34.0735,423,30324,0.0418464,0.03,1,156352,155929,423
18117401,14.9739,14.8147,423,30394,0.0163693,0.07,1,156362,155939,423
18120321,96.5948,96.5629,423,30464,0.0112739,0.05,1,156479,156056,423
18123241,52.119,51.3126,424,30533,0.0582548,0.05,1,156520,156096,424
18126161,12.0238,11.8625,424,30602,0.067651,0.05,1,156522,156098,424
18129081,33.6048,35.1725,422,30671,0.10153,0.03,1,156561,156139,422
18132001,33.121,33.4345,422,30740,0.092306,0.03,1,156594,156172,422
18134921,46.6242,46.6869,422,30809,0.0584612,0,1,156644,156222,422
18137841,39.7248,39.7374,422,30878,0.0116922,0.01,1,156682,156260,422
18140761,58.345,58.3475,422,30947,0.0103384,0.05,1,156745,156323,422
18143681,34.869,34.8695,422,31015,0.0100677,0.01,1,156774,156352,422
18146601,14.9738,14.9739,422,31083,0.0260135,0.01,1,156784,156362,422
18149521,96.5948,96.5948,422,31151,0.0132027,0.07,1,156901,156479,422
18152441,54.519,52.119,425,31219,0.0266405,0.07,1,156945,156520,425
18155361,12.5038,12.0238,425,31287,0.0293281,0.07,1,156947,156522,425
18158281,34.5008,2.40476,465,31355,0.0298656,0.11,1,156987,156522,465
18161201,29.3002,31.681,454,31422,0.0459731,0.09,1,157015,156561,454
18164121,45.86,32.7362,471,31489,0.0171946,0.05,1,157065,156594,471
18167041,39.572,46.5472,459,31556,0.00343892,0,1,157103,156644,459
18169961,58.3144,39.7094,484,31623,0.00868778,0.01,1,157166,156682,484
18172881,35.6629,58.3419,451,31690,0.00173756,0.01,1,157196,156745,451
18175801,15.1326,34.8684,432,31757,0.0403475,0.03,1,157206,156774,432
18178721,97.4265,14.9737,540,31824,0.0320695,0.01,1,157324,156784,540
18181641,53.0853,96.5947,465,31890,0.0784139,0.03,1,157366,156901,465
18184561,12.2171,54.5189,423,31956,0.0876828,0.03,1,157368,156945,423
18187481,35.2434,12.5038,462,32022,0.0895366,0.03,1,157409,156947,462
18190401,28.6487,34.5008,449,32088,0.0739073,0.05,1,157436,156987,449
18193321,45.7297,29.3002,471,32154,0.0227815,0.01,1,157486,157015,471
18196241,39.5459,45.86,459,32220,0.00455629,0,1,157524,157065,459
18199161,58.3092,39.572,484,32286,0.0249113,0.01,1,157587,157103,484
18202081,37.2618,58.3144,453,32352,0.0129823,0,1,157619,157166,453
18205001,15.4524,35.6629,433,32417,0.0425964,0.05,1,157629,157196,433
18207921,97.4905,15.1326,541,32482,0.00851929,0.03,1,157747,157206,541
18210841,53.8981,97.4265,466,32547,0.0737039,0.09,1,157790,157324,466
18213761,12.3796,53.0853,426,32612,0.118741,0.09,1,157792,157366,426
18216681,36.0759,12.2171,466,32677,0.159748,0.09,1,157834,157368,466
18219601,26.4152,35.2434,449,32742,0.16795,0.07,1,157858,157409,449
18222521,6.88304,28.6487,424,32807,0.16959,0.01,1,157860,157436,424
18225441,39.7766,45.7297,422,32871,0.073918,0,1,157908,157486,422
18228361,38.3553,39.5459,422,32935,0.0147836,0.03,1,157946,157524,422
18231281,58.0711,58.3092,422,32999,0.0269567,0.01,1,158009,157587,422
18234201,38.8142,37.2618,424,33063,0.0133913,0.05,1,158043,157619,424
18237121,15.7628,15.4524,424,33127,0.00267827,0,1,158053,157629,424
18240041,99.1526,97.4905,426,33191,0.00853565,0.09,1,158173,157747,426
18242961,55.8305,53.8981,428,33255,0.0257071,0.13,1,158218,157790,428
18245881,12.7661,12.3796,428,33319,0.0291414,0.17,1,158220,157792,428
18248801,37.7532,36.0759,430,33382,0.0458283,0.17,1,158264,157834,430
18251721,26.7506,26.4152,430,33445,0.113166,0.17,1,158288,157858,430
18254641,6.95013,6.88304,430,33508,0.0946331,0.05,1,158290,157860,430
18257561,34.19,39.7766,423,33571,0.106927,0,1,158331,157908,423
18260481,36.438,38.3553,422,33634,0.0213853,0.03,1,158368,157946,422
18263401,57.6876,58.0711,422,33697,0.0282771,0.01,1,158431,158009,422
18266321,38.7375,38.8142,422,33760,0.0296554,0,1,158465,158043,422
18269241,15.7475,15.7628,422,33823,0.00593108,0.01,1,158475,158053,422
18272161,99.1495,99.1526,422,33886,0.00918622,0.03,1,158595,158173,422
18275081,56.6299,55.8305,423,33948,0.00983724,0.03,1,158641,158218,423
18278001,12.926,12.7661,423,34010,0.00996745,0.05,1,158643,158220,423
18280921,39.3852,37.7532,425,34072,0.0259935,0.13,1,158689,158264,425
18283841,27.877,26.7506,426,34134,0.0131987,0.09,1,158714,158288,426
18286761,7.17541,6.95013,426,34196,0.0426397,0.11,1,158716,158290,426
18289681,35.0351,34.19,427,34258,0.0165279,0.11,1,158758,158331,427
18292601,31.807,6.838,458,34320,0.00330559,0,1,158789,158331,458
18295521,56.7614,30.9676,484,34382,0.0406611,0.03,1,158852,158368,484
18298441,38.5523,56.5935,455,34443,0.0161322,0.03,1,158886,158431,455
18301361,15.7105,38.5187,431,34504,0.0112264,0,1,158896,158465,431
18304281,99.1421,15.7037,541,34565,0.0262453,0.01,1,159016,158475,541
18307201,56.6284,99.1407,467,34626,0.0292491,0.01,1,159062,158595,467
18310121,12.9257,56.6281,423,34687,0.0298498,0.01,1,159064,158641,423
18313041,39.3851,12.9256,467,34748,0.06197,0.03,1,159110,158643,467
18315961,27.877,39.3851,446,34809,0.036394,0.01,1,159135,158689,446
18318881,7.17541,27.877,423,34870,0.0312788,0.05,1,159137,158714,423
18321801,35.0351,7.1754,463,34931,0.0782558,0.01,1,159179,158716,463
18324721,31.807,35.0351,452,34992,0.0156512,0,1,159210,158758,452
18327641,57.5614,31.807,485,35052,0.0271302,0.05,1,159274,158789,485
18330561,37.9123,56.7614,455,35112,0.029426,0.01,1,159307,158852,455
18333481,17.1825,38.5523,433,35172,0.0298852,0.01,1,159319,158886,433
18336401,98.6365,15.7105,542,35232,0.013977,0.03,1,159438,158896,542
18339321,57.3273,99.1421,469,35292,0.0267954,0.03,1,159485,159016,469
18342241,13.0655,56.6284,425,35352,0.0293591,0.03,1,159487,159062,425
18345161,38.6131,12.9257,468,35412,0.0458718,0.07,1,159532,159064,468
18348081,28.5226,39.3851,448,35472,0.0491744,0.03,1,159558,159110,448
18351001,7.30452,27.877,425,35532,0.0498349,0.03,1,159560,159135,425
18353921,36.6609,7.17541,467,35591,0.081967,0.09,1,159604,159137,467
18356841,28.9322,35.0351,452,35650,0.0243934,0,1,159631,159179,452
18359761,7.38644,31.807,423,35709,0.0288787,0.03,1,159633,159210,423
18362681,52.6773,57.5614,423,35768,0.0297757,0.03,1,159697,159274,423
18365601,36.9355,37.9123,423,35827,0.0299551,0.03,1,159730,159307,423
18368521,16.1871,17.1825,422,35886,0.029991,0.01,1,159741,159319,422
18371441,98.4374,98.6365,422,35945,0.0299982,0.03,1,159860,159438,422
18374361,58.0875,57.3273,423,36004,0.0139996,0.03,1,159908,159485,423
18377281,13.2175,13.0655,423,36063,0.0107999,0.05,1,159910,159487,423
18380201,39.4435,38.6131,424,36122,0.04216,0.05,1,159956,159532,424
18383121,28.6887,28.5226,424,36181,0.064432,0.05,1,159982,159558,424
18386041,7.33774,7.30452,424,36239,0.0688864,0.09,1,159984,159560,424
18388961,38.2675,36.6609,426,36297,0.117777,0.01,1,160030,159604,426
18391881,26.0535,28.9322,422,36355,0.111555,0.03,1,160053,159631,422
18394801,6.8107,7.38644,422,36413,0.110311,0.03,1,160055,159633,422
18397721,52.5621,52.6773,422,36471,0.0620622,0.03,1,160119,159697,422
18400641,36.9124,36.9355,422,36529,0.0204124,0.03,1,160152,159730,422
18403561,16.1825,16.1871,422,36587,0.0280825,0.03,1,160163,159741,422
18406481,98.4365,98.4374,422,36645,0.0296165,0.01,1,160282,159860,422
18409401,58.0873,58.0875,422,36703,0.0139233,0.01,1,160330,159908,422
18412321,13.2175,13.2175,422,36761,0.0107847,0.05,1,160332,159910,422
18415241,41.0435,39.4435,424,36818,0.0421569,0.07,1,160380,159956,424
18418161,30.6087,28.6887,426,36875,0.0324314,0.07,1,160408,159982,426
18421081,7.72174,7.33774,426,36932,0.0304863,0.13,1,160410,159984,426
18424001,39.1444,38.2675,427,36989,0.190097,0.11,1,160457,160030,427
18426921,22.2289,26.0535,422,37046,0.190019,0.11,1,160475,160053,422
18429841,6.04577,6.8107,422,37103,0.190004,0.05,1,160477,160055,422
18432761,52.4092,52.5621,422,37160,0.174001,0.05,1,160541,160119,422
18435681,36.0818,10.5124,454,37217,0.0908002,0.01,1,160573,160119,454
18438601,16.0164,28.5025,432,37274,0.05816,0.03,1,160584,160152,432
18441521,98.4033,14.5005,540,37331,0.019632,0.03,1,160703,160163,540
18444441,58.0807,98.1001,469,37388,0.0279264,0.01,1,160751,160282,469
18447361,13.2161,58.02,423,37445,0.0295853,0.01,1,160753,160330,423
18450281,41.0432,13.204,469,37501,0.0459171,0.05,1,160801,160332,469
18453201,30.6086,41.0408,449,37557,0.0651834,0.03,1,160829,160380,449
18456121,7.72173,30.6082,423,37613,0.0690367,0.03,1,160831,160408,423
18459041,46.3443,7.72163,477,37669,0.133807,0.23,1,160887,160410,477
18461961,22.0689,39.1443,446,37725,0.146761,0.19,1,160903,160457,446
18464881,6.01377,22.2289,430,37781,0.149352,0.19,1,160905,160475,430
18467801,51.6028,6.04577,491,37837,0.16587,0.17,1,160968,160477,491
18470721,31.9206,52.4092,454,37893,0.153174,0.07,1,160995,160541,454
18473641,14.3841,36.0818,432,37949,0.150635,0.05,1,161005,160573,432
18476561,98.8768,16.0164,541,38005,0.102127,0.01,1,161125,160584,541
18479481,58.1754,98.4033,470,38061,0.0924254,0.03,1,161173,160703,470
18482401,13.2351,58.0807,424,38117,0.0904851,0.03,1,161175,160751,424
18485321,41.847,13.2161,471,38172,0.074097,0.05,1,161224,160753,471
18488241,29.9694,41.0432,450,38227,0.0868194,0.07,1,161251,160801,450
18491161,7.59388,30.6086,424,38282,0.0893639,0.07,1,161253,160829,424
18494081,51.1188,7.72173,484,38337,0.233873,0.15,1,161315,160831,484
18497001,23.0238,46.3443,444,38392,0.262775,0.15,1,161331,160887,444
18499921,6.20475,22.0689,430,38447,0.268555,0.15,1,161333,160903,430
18502841,52.441,6.01377,492,38502,0.333711,0.17,1,161397,160905,492
18505761,31.2882,51.6028,455,38557,0.346742,0.15,1,161423,160968,455
18508681,14.2576,31.9206,438,38612,0.349348,0.15,1,161433,160995,438
18511601,4.45153,14.3841,430,38667,0.34987,0.09,1,161435,161005,430
18514521,92.0903,98.8768,424,38722,0.381974,0.09,1,161549,161125,424
18517441,58.4181,58.1754,426,38777,0.404395,0.09,1,161599,161173,426
18520361,13.2836,13.2351,426,38831,0.408879,0.07,1,161601,161175,426
18523281,41.0567,41.847,425,38885,0.425776,0.09,1,161649,161224,425
18526201,30.6113,29.9694,426,38939,0.445155,0.09,1,161677,161251,426
18529121,7.72227,7.59388,426,38993,0.449031,0.27,1,161679,161253,426
18532041,58.3445,51.1188,435,39047,0.641806,0.27,1,161750,161315,435
18534961,24.4689,23.0238,435,39101,0.680361,0.27,1,161766,161331,435
18537881,6.49378,6.20475,435,39155,0.688072,0.35,1,161768,161333,435
18540801,55.6988,52.441,439,39209,0.689614,0.35,1,161836,161397,439
18543721,31.9398,31.2882,439,39263,0.737923,0.35,1,161862,161423,439
18546641,14.3879,14.2576,439,39317,0.731585,0.35,1,161872,161433,439
18549561,4.47759,4.45153,439,39371,0.730317,0.39,1,161874,161435,439
18552481,93.6955,92.0903,441,39425,0.794063,0.41,2,161990,161549,441
18555401,59.5391,58.4181,442,39479,0.838813,0.41,2,162041,161599,442
18558321,13.5078,13.2836,442,39532,0.847763,0.43,2,162043,161601,442
18561241,41.9016,41.0567,443,39585,0.865552,0.45,2,162092,161649,443
18564161,31.5803,30.6113,444,39638,0.86911,0.45,2,162121,161677,444
18567081,7.91606,7.72227,444,39691,0.869822,0.69,2,162123,161679,444
18686801,64,77,478,41817,0.41,1,1,163628,163150,478
18689721,36,33.8,484,41867,0.138,1,1,163657,163173,484
18692641,20.8,17.96,487,41917,0.0356,1,1,163674,163187,487
18695561,40.96,42.792,484,41967,0.03112,1,1,163720,163236,484
18698481,36.192,30.1584,492,42017,0.006224,1,1,163755,163263,492
18701401,25.6384,22.0317,495,42067,0.0012448,1,1,163778,163283,495
18704321,22.7277,21.2063,496,42117,0.00824896,1,1,163800,163304,496
18707241,66.9455,77.8413,482,42167,0.0896498,1,1,163878,163396,482
18710161,50.9891,55.5683,479,42217,0.02593,0.92,1,163925,163446,479
18713081,29.3978,31.1136,478,42267,0.013186,0.93,1,163949,163471,478
18716001,21.8796,25.4227,474,42317,0.0266372,0.99,1,163969,163495,474
18718921,17.1759,21.8845,469,42367,0.0133274,0.91,1,163985,163516,469
18721841,20.2352,25.9769,463,42417,0.0426655,0.8,1,164006,163543,463
18724761,16.847,21.9954,458,42467,0.0165331,0.41,1,164022,163564,458
18727681,36.1694,55.5991,435,42517,0.0433066,0.07,1,164063,163628,435
18730601,20.0339,34.3198,422,42567,0.0326613,0.01,1,164079,163657,422
18733521,17.6068,20.464,422,42617,0.0145323,0.03,1,164096,163674,422
18736441,41.1214,40.8928,423,42667,0.0109065,0,1,164143,163720,423
18739361,37.0243,36.1786,424,42716,0.234181,0,1,164179,163755,424
18742281,25.0049,25.6357,423,42765,0.214836,0.01,1,164201,163778,423
18745201,22.601,22.7271,423,42814,0.0509673,0.11,1,164223,163800,423
18748121,69.3202,66.9454,426,42863,0.0821934,0.01,1,164304,163878,426
18751041,48.264,50.9891,422,42912,0.120439,0.01,1,164347,163925,422
18753961,28.8528,29.3978,422,42961,0.0640877,0.03,1,164371,163949,422
18756881,21.7706,21.8796,422,43010,0.0848176,0.03,1,164391,163969,422
18759801,17.1541,4.37591,438,43059,0.0569635,0.01,1,164407,163969,438
18762721,19.4308,13.6752,442,43108,0.0193927,0.05,1,164427,163985,442
18765641,16.6862,19.535,437,43157,0.0278785,0.01,1,164443,164006,437
18768561,36.1372,16.707,462,43206,0.0295757,0.05,1,164484,164022,462
18771481,20.0274,36.1414,437,43255,0.0619151,0.03,1,164500,164063,437
18774401,17.6055,20.0283,438,43304,0.020383,0.01,1,164517,164079,438
18777321,41.1211,17.6057,468,43353,0.0120766,0.01,1,164564,164096,468
18780241,46.6242,41.1211,469,43402,0.0424153,0.29,1,164612,164143,469
18783161,22.1248,37.0242,449,43451,0.0484831,0.21,1,164628,164179,449
18786081,17.225,25.0048,443,43500,0.0496966,0.01,1,164644,164201,443
18789001,68.245,22.601,502,43549,0.0659393,0.09,1,164725,164223,502
18791921,51.249,69.3202,468,43597,0.0531879,0.13,1,164772,164304,468
18794841,27.8498,48.264,447,43645,0.0506376,0.05,1,164794,164347,447
18797761,21.57,28.8528,443,43693,0.0501275,0.09,1,164814,164371,443
18800681,15.514,21.7706,437,43741,0.0500255,0.05,1,164828,164391,437
18803601,19.9028,17.1541,442,43789,0.0500051,0.01,1,164849,164407,442
18806521,15.9806,19.4308,437,43837,0.034001,0.03,1,164864,164427,437
18809441,35.9961,16.6862,462,43885,0.0148002,0.03,1,164905,164443,462
18812361,19.9992,36.1372,437,43933,0.02696,0.07,1,164921,164484,437
18815281,17.5998,20.0274,438,43981,0.013392,0.01,1,164938,164500,438
18818201,41.92,17.6055,469,44029,0.0266784,0.01,1,164986,164517,469
18821121,47.584,41.1211,471,44077,0.0453357,0.05,1,165035,164564,471
18824041,22.3168,46.6242,439,44125,0.0490671,0.05,1,165051,164612,439
18826961,17.2634,22.1248,439,44173,0.0498134,0.05,1,165067,164628,439
18829881,69.0527,17.225,505,44221,0.0499627,0.07,1,165149,164644,505
18832801,50.6105,68.245,470,44269,0.0499925,0.05,1,165195,164725,470
18835721,27.7221,51.249,445,44317,0.0659985,0.05,1,165217,164772,445
18838641,21.5444,27.8498,443,44365,0.0851997,0.05,1,165237,164794,443
18841561,15.5089,21.57,437,44413,0.0890399,0.05,1,165251,164814,437
18844481,19.1018,15.514,443,44460,0.073808,0.05,1,165271,164828,443
18847401,5.42036,19.9028,424,44507,0.0707616,0.03,1,165273,164849,424
18850321,11.4841,15.9806,422,44554,0.0861523,0.01,1,165286,164864,422
18853241,35.8968,35.9961,423,44601,0.0572305,0.03,1,165328,164905,423
18856161,19.1794,19.9992,422,44648,0.0354461,0.01,1,165343,164921,422
18859081,17.4359,17.5998,422,44695,0.0150892,0.03,1,165360,164938,422
18862001,42.6872,41.92,423,44742,0.0270178,0.05,1,165409,164986,423
18864921,48.5374,47.584,424,44789,0.0294036,0.05,1,165459,165035,424
18867841,22.5075,22.3168,424,44836,0.0298807,0.05,1,165475,165051,424
18870761,17.3015,17.2634,424,44883,0.0619761,0.05,1,165491,165067,424
18873681,69.0603,69.0527,424,44930,0.0523952,0.05,1,165573,165149,424
18876601,51.4121,50.6105,425,44977,0.050479,0.07,1,165620,165195,425
18879521,27.8824,27.7221,425,45024,0.0500958,0.09,1,165642,165217,425
18882441,22.3765,21.5444,426,45071,0.114019,0.09,1,165663,165237,426
18885361,15.6753,15.5089,426,45118,0.126804,0.07,1,165677,165251,426
18888281,18.3351,19.1018,425,45165,0.113361,0.07,1,165696,165271,425
18891201,5.26701,5.42036,425,45212,0.142672,0.09,1,165698,165273,425
18894121,10.6534,11.4841,424,45259,0.116534,0.05,1,165710,165286,424
18897041,34.1307,35.8968,422,45306,0.175307,0.03,1,165750,165328,422
18899961,18.8261,19.1794,422,45353,0.171061,0.01,1,165765,165343,422
18902881,17.3652,17.4359,422,45400,0.122212,0.03,1,165782,165360,422
18905801,43.473,42.6872,423,45446,0.0324425,0.03,1,165832,165409,423
18908721,48.6946,48.5374,423,45492,0.0784885,0.03,1,165882,165459,423
18911641,22.5389,22.5075,423,45538,0.0556977,0.07,1,165898,165475,423
18914561,17.3078,17.3015,423,45584,0.0671395,0.05,1,165914,165491,423
18917481,68.2616,69.0603,422,45630,0.0214279,0.05,1,165995,165573,422
18920401,52.8523,51.4121,424,45676,0.0442856,0.05,1,166044,165620,424
18923321,28.9705,27.8824,425,45722,0.0648571,0.13,1,166067,165642,425
18926241,23.3941,22.3765,426,45768,0.0369714,0.13,1,166089,165663,426
18929161,15.8788,15.6753,426,45814,0.0633943,0.11,1,166103,165677,426
18932081,19.1758,18.3351,427,45860,0.0846789,0.15,1,166123,165696,427
18935001,5.43515,5.26701,427,45906,0.0569358,0.11,1,166125,165698,427
18937921,10.687,10.6534,427,45952,0.0513872,0.11,1,166137,165710,427
18940841,34.9374,2.13068,468,45998,0.0502774,0.19,1,166178,165710,468
18943761,18.1875,32.4261,442,46044,0.0500555,0.17,1,166192,165750,442
18946681,12.4375,18.4852,438,46090,0.0660111,0.11,1,166203,165765,438
18949601,42.4875,17.297,471,46136,0.0372022,0.01,1,166253,165782,471
18952521,50.0975,43.4594,473,46182,0.0634404,0.09,1,166305,165832,473
18955441,23.6195,48.6919,440,46228,0.0526881,0.05,1,166322,165882,440
18958361,17.5239,22.5384,440,46274,0.0665376,0.07,1,166338,165898,440
18961281,65.9048,17.3077,502,46320,0.0373075,0.01,1,166416,165914,502
18964201,52.381,68.2615,470,46366,0.0314615,0.05,1,166465,165995,470
18967121,29.6762,52.8523,445,46411,0.0302923,0.07,1,166489,166044,445
18970041,23.5352,28.9705,444,46456,0.0460585,0.03,1,166511,166067,444
18972961,15.907,23.3941,436,46501,0.0492117,0.07,1,166525,166089,436
18975881,19.9814,15.8788,443,46546,0.0498423,0.09,1,166546,166103,443
18978801,5.59628,19.1758,425,46591,0.0499685,0.05,1,166548,166123,425
18981721,10.7193,5.43515,435,46636,0.0499937,0.05,1,166560,166125,435
18984641,34.9439,10.687,464,46681,0.0339987,0.05,1,166601,166137,464
18987561,18.1888,34.9374,437,46726,0.0467997,0.05,1,166615,166178,437
18990481,11.6378,18.1875,433,46771,0.04936,0.07,1,166625,166192,433
18993401,41.5276,12.4375,471,46816,0.033872,0.03,1,166674,166203,471
18996321,52.3055,42.4875,476,46861,0.0147744,0.07,1,166729,166253,476
18999241,24.0611,50.0975,441,46906,0.0269549,0.05,1,166746,166305,441
19002161,17.6122,23.6195,440,46951,0.013391,0.07,1,166762,166322,440
19005081,65.1224,17.5239,501,46996,0.0586782,0.03,1,166839,166338,501
19008001,51.4245,65.9048,471,47041,0.0677356,0.03,1,166887,166416,471
19010921,30.2849,52.381,447,47086,0.101547,0.03,1,166912,166465,447
19013841,23.657,29.6762,445,47131,0.108309,0.05,1,166934,166489,445
19016761,16.7314,23.5352,438,47176,0.0936619,0.05,1,166949,166511,438
19019681,19.3463,15.907,444,47221,0.122732,0.05,1,166969,166525,444
19022601,5.46926,19.9814,425,47266,0.128546,0.05,1,166971,166546,425
19025521,10.6939,5.59628,435,47311,0.129709,0.05,1,166983,166548,435
19028441,34.1388,10.7193,463,47356,0.129942,0.03,1,167023,166560,463
19031361,8.42775,34.9439,424,47401,0.129988,0.05,1,167025,166601,424
19034281,12.8856,18.1888,424,47445,0.161998,0.05,1,167039,166615,424
19037201,10.5771,11.6378,424,47489,0.1524,0.03,1,167049,166625,424
19040121,39.7154,41.5276,422,47533,0.0864799,0.01,1,167096,166674,422
19043041,51.9431,52.3055,422,47577,0.025296,0.03,1,167151,166729,422
19045961,23.9886,24.0611,422,47621,0.0450592,0.01,1,167168,166746,422
19048881,17.5977,17.6122,422,47665,0.0490118,0.07,1,167184,166762,422
19051801,67.5195,65.1224,425,47709,0.0338024,0.07,1,167264,166839,425
19054721,51.9039,51.4245,425,47753,0.0787605,0.11,1,167312,166887,425
19057641,31.9808,30.2849,427,47797,0.0397521,0.11,1,167339,166912,427
19060561,23.9962,23.657,427,47841,0.0639504,0.09,1,167361,166934,427
19063481,17.5992,16.7314,428,47885,0.0527901,0.13,1,167377,166949,428
19066401,19.5198,19.3463,428,47929,0.066558,0.13,1,167397,166969,428
19069321,5.50397,5.46926,428,47973,0.101312,0.13,1,167399,166971,428
19072241,10.7008,10.6939,428,48017,0.0762623,0.13,1,167411,166983,428
19075161,34.1402,34.1388,428,48061,0.103252,0.13,1,167451,167023,428
19078081,8.42803,8.42775,428,48105,0.10865,0.17,1,167453,167025,428
19081001,13.6856,12.8856,429,48149,0.0937301,0.15,1,167468,167039,429
19083921,11.5371,10.5771,430,48193,0.122746,0.07,1,167479,167049,430
19086841,34.3074,39.7154,423,48237,0.128549,0.01,1,167519,167096,423
19089761,50.8615,51.9431,423,48281,0.0977098,0.05,1,167574,167151,423
19092681,22.9723,23.9886,422,48325,0.091542,0.05,1,167590,167168,422
19095601,17.3945,17.5977,422,48369,0.0903084,0.03,1,167606,167184,422
19098521,68.2789,67.5195,423,48413,0.0420617,0.09,1,167687,167264,423
19101441,52.8558,51.9039,424,48457,0.0804123,0.03,1,167736,167312,424
19104361,31.3712,31.9808,423,48500,0.0560825,0.07,1,167762,167339,423
19107281,24.6742,23.9962,424,48543,0.0672165,0.05,1,167785,167361,424
19110201,18.5348,17.5992,425,48586,0.0534433,0.07,1,167802,167377,425
19113121,19.707,19.5198,425,48629,0.0506887,0.11,1,167822,167397,425
19116041,5.54139,5.50397,425,48672,0.0181377,0.07,1,167824,167399,425
19118961,10.7083,10.7008,425,48715,0.0116275,0.11,1,167836,167411,425
19121881,34.1417,34.1402,425,48758,0.0583255,0.11,1,167876,167451,425
19124801,8.42833,8.42803,425,48801,0.0356651,0.09,1,167878,167453,425
19127721,14.4857,13.6856,426,48844,0.063133,0.09,1,167894,167468,426
19130641,12.4971,2.73712,438,48887,0.0366266,0.13,1,167906,167468,438
19133561,34.4994,9.34742,467,48930,0.0633253,0.13,1,167946,167479,467
19136481,49.2999,33.8695,480,48973,0.0686651,0.09,1,167999,167519,480
19139401,22.66,50.7739,441,49016,0.085733,0.09,1,168015,167574,441
19142321,17.332,22.9548,441,49059,0.0891466,0.09,1,168031,167590,441
19145241,65.8664,17.391,503,49102,0.0898293,0.03,1,168109,167606,503
19148161,53.1733,68.2782,472,49145,0.0899659,0.09,1,168159,167687,472
19151081,31.4347,52.8556,449,49188,0.0899932,0.05,1,168185,167736,449
19154001,23.8869,31.3711,445,49231,0.0899986,0.07,1,168207,167762,445
19156921,17.5774,24.6742,438,49274,0.106,0.05,1,168223,167785,438
19159841,19.5155,18.5348,441,49317,0.1092,0.05,1,168243,167802,441
19162761,5.5031,19.707,423,49360,0.12584,0.01,1,168245,167822,423
19165681,10.7006,5.54139,433,49403,0.129168,0.01,1,168257,167824,433
19168601,34.9401,10.7083,462,49446,0.161834,0.07,1,168298,167836,462
19171521,8.58802,34.1417,424,49489,0.168367,0.03,1,168300,167876,424
19174441,14.5176,8.42833,438,49532,0.169673,0.07,1,168316,167878,438
19177361,13.3035,14.4857,435,49575,0.185935,0.03,1,168329,167894,435
19180281,35.4607,12.4971,464,49617,0.141187,0.07,1,168370,167906,464
19183201,50.2921,34.4994,478,49659,0.148237,0.07,1,168424,167946,478
19186121,22.8584,49.2999,441,49701,0.117647,0.09,1,168440,167999,441
19189041,17.3717,22.66,441,49743,0.12753,0.09,1,168456,168015,441
19191961,65.8743,17.332,503,49785,0.0975059,0.09,1,168534,168031,503
19194881,53.1749,65.8664,475,49827,0.0915012,0.09,1,168584,168109,475
19197801,31.435,53.1733,451,49869,0.1063,0.09,1,168610,168159,451
19200721,24.687,31.4347,448,49911,0.12526,0.09,1,168633,168185,448
19203641,17.7374,23.8869,442,49953,0.145052,0.11,1,168649,168207,442
19206561,20.3475,17.5774,447,49995,0.16501,0.11,1,168670,168223,447
19209481,5.6695,19.5155,429,50037,0.169002,0.13,1,168672,168243,429
19212401,11.5339,5.5031,440,50079,0.1858,0.13,1,168685,168245,440
19215321,35.9068,10.7006,470,50121,0.20516,0.17,1,168727,168257,470
19218241,8.78136,34.9401,431,50163,0.209032,0.17,1,168729,168298,431
19221161,14.5563,8.58802,445,50205,0.209806,0.17,1,168745,168300,445
19224081,12.5113,14.5176,441,50247,0.209961,0.19,1,168757,168316,441
19227001,34.5023,13.3035,468,50289,0.225992,0.13,1,168797,168329,468
19229921,8.50045,35.4607,429,50331,0.229198,0.15,1,168799,168370,429
19232841,43.3001,50.2921,427,50373,0.29384,0.11,1,168851,168424,427
19235761,22.26,22.8584,428,50415,0.290768,0.13,1,168868,168440,428
19238681,17.252,17.3717,428,50457,0.322154,0.09,1,168884,168456,428
19241601,64.2504,65.8743,426,50499,0.312431,0.09,1,168960,168534,426
19244521,52.8501,53.1749,426,50541,0.342486,0.11,1,169010,168584,426
19247441,32.17,31.435,427,50583,0.332497,0.13,1,169037,168610,427
19250361,25.634,24.687,428,50625,0.330499,0.15,1,169061,168633,428
19253281,18.7268,17.7374,429,50667,0.3461,0.17,1,169078,168649,429
19256201,21.3454,20.3475,430,50709,0.36522,0.17,1,169100,168670,430
19259121,5.86907,5.6695,430,50751,0.401044,0.19,1,169102,168672,430
19262041,12.3738,11.5339,431,50793,0.408209,0.21,1,169116,168685,431
19264961,36.8748,35.9068,432,50834,0.425642,0.21,1,169159,168727,432
19267881,8.97495,8.78136,432,50875,0.429128,0.21,1,169161,168729,432
19270801,14.595,14.5563,432,50916,0.397826,0.21,1,169177,168745,432
19273721,12.519,12.5113,432,50957,0.391565,0.23,1,169189,168757,432
19276641,35.3038,34.5023,433,50998,0.406313,0.23,1,169230,168797,433
19279561,8.66076,8.50045,433,51039,0.409263,0.31,1,169232,168799,433
19282481,44.9322,43.3001,435,51080,0.425853,0.29,1,169286,168851,435
19285401,23.3864,22.26,436,51121,0.477171,0.33,1,169304,168868,436
19288321,17.4773,17.252,436,51162,0.455434,0.31,1,169320,168884,436
19291241,65.0955,64.2504,437,51203,0.483087,0.35,1,169397,168960,437
19294161,54.6191,52.8501,439,51244,0.552617,0.33,1,169449,169010,439
19297081,31.7238,32.17,438,51285,0.534523,0.33,1,169475,169037,438
19300001,25.5448,25.634,438,51326,0.546905,0.35,1,169499,169061,438
19302921,20.309,18.7268,440,51367,0.565381,0.37,1,169518,169078,440
19305841,21.6618,21.3454,440,51408,0.553076,0.41,1,169540,169100,440
19308761,5.93236,5.86907,440,51449,0.550615,0.41,1,169542,169102,440
19311681,12.3865,12.3738,440,51490,0.582123,0.43,1,169556,169116,440
19314601,37.6773,36.8748,441,51531,0.556425,0.43,1,169600,169159,441
19317521,9.13546,8.97495,441,51572,0.519285,0.39,1,169602,169161,441
19320441,14.6271,14.595,441,51613,0.543857,0.39,1,169618,169177,441
19323361,12.5254,12.519,441,51654,0.516771,0.41,1,169630,169189,441
19326281,36.1051,35.3038,442,51695,0.511354,0.41,1,169672,169230,442
19329201,8.82102,8.66076,442,51736,0.526271,0.43,1,169674,169232,442
19332121,45.7642,44.9322,443,51777,0.545254,0.43,1,169729,169286,443
19335041,23.5528,8.98643,461,51818,0.565051,0.49,1,169747,169286,461
19337961,18.3106,16.1973,460,51859,0.55301,0.45,1,169764,169304,460
19340881,66.0621,16.0395,522,51900,0.566602,0.49,1,169842,169320,522
19343801,56.4124,64.8079,499,51941,0.60132,0.57,1,169896,169397,499
19346721,32.0825,54.5616,473,51982,0.624264,0.53,1,169922,169449,473
19349641,26.4165,31.7123,472,52023,0.644853,0.55,1,169947,169475,472
19352561,19.6833,25.5425,466,52063,0.648971,0.57,1,169965,169499,466
19355481,22.3367,20.3085,470,52103,0.633794,0.55,1,169988,169518,470
19358401,6.06733,21.6617,450,52143,0.630759,0.55,1,169990,169540,450
19361321,12.4135,5.93234,462,52183,0.630152,0.59,1,170004,169542,462
19364241,36.0827,12.3865,490,52223,0.64603,0.55,1,170046,169556,490
19367161,8.81654,37.6773,448,52263,0.649206,0.51,1,170048,169600,448
19370081,14.5633,9.13546,462,52303,0.649841,0.55,1,170064,169602,462
19373001,12.5127,14.6271,458,52343,0.665968,0.51,1,170076,169618,458
19375921,37.7025,12.5254,490,52383,0.669194,0.51,1,170120,169630,490
19378841,9.14051,36.1051,450,52423,0.669839,0.53,1,170122,169672,450
19381761,45.8281,8.82102,503,52463,0.669968,0.55,1,170177,169674,503
19384681,24.3656,45.7642,467,52503,0.701994,0.57,1,170196,169729,467
19387601,18.4731,23.5528,466,52543,0.692399,0.55,1,170213,169747,466
19390521,66.0946,18.3106,527,52583,0.72248,0.57,1,170291,169764,527
19393441,58.8189,66.0621,506,52623,0.680496,0.61,1,170348,169842,506
19396361,32.5638,56.4124,478,52663,0.672099,0.63,1,170374,169896,478
19399281,27.3128,32.0825,478,52703,0.67042,0.65,1,170400,169922,478
19402201,19.8626,26.4165,471,52743,0.670084,0.65,1,170418,169947,471
19405121,21.5725,19.6833,475,52783,0.670017,0.63,1,170440,169965,475
19408041,5.9145,22.3367,454,52823,0.670003,0.63,1,170442,169988,454
19410961,13.1829,6.06733,467,52863,0.670001,0.63,1,170457,169990,467
19413881,36.2366,12.4135,495,52903,0.878,0.65,2,170499,170004,495
19416801,8.84732,36.0827,455,52943,0.9196,0.65,2,170501,170046,455
19419721,15.3695,8.81654,470,52983,0.91192,0.65,2,170518,170048,470
19609521,26,49,493,55504,0.83,1,2,172282,171789,493
19612441,24.4,25,498,55542,0.846,1,2,172306,171808,498
19615361,24.08,22.6,500,55580,0.7852,1,2,172330,171830,500
19618281,20.816,21.32,499,55618,0.77304,1,2,172350,171851,499
19621201,19.3632,15.464,504,55656,0.770608,1,2,172369,171865,504
19624121,23.8726,16.6928,512,55694,0.690122,1,1,172394,171882,512
19627041,24.7745,32.1386,501,55732,0.674024,1,1,172419,171918,501
19629961,24.1549,26.4277,500,55770,0.686805,1,1,172443,171943,500
19632881,20.831,25.2855,495,55808,0.705361,1,1,172463,171968,495
19635801,18.5662,19.4571,495,55846,0.661072,1,1,172481,171986,495
19638721,13.3132,15.8914,492,55884,0.588214,1,1,172493,172001,492
19641641,29.8626,14.3783,512,55922,0.461643,1,1,172527,172015,512
19644561,24.3725,26.8757,505,55960,0.500329,1,1,172550,172045,505
19647481,17.6745,24.5751,497,55998,0.412066,1,1,172566,172069,497
19650401,17.9349,23.315,492,56036,0.426413,1,1,172584,172092,492
19653321,53.187,20.663,534,56074,0.349283,0.92,1,172646,172112,534
19656241,37.0374,57.7326,500,56112,0.333856,0.91,1,172679,172179,500
19659161,37.8075,39.5465,503,56149,0.282771,0.95,1,172717,172214,503
19662081,9.1615,41.5093,463,56186,0.256554,0.83,1,172719,172256,463
19665001,25.0323,29.1019,466,56223,0.251311,0.85,1,172748,172282,466
19667921,21.8065,25.0204,463,56260,0.282262,0.77,1,172769,172306,463
19670841,22.7613,24.2041,462,56297,0.288452,0.77,1,172792,172330,462
19673761,19.7523,20.8408,461,56334,0.27369,0.77,1,172811,172350,461
19676681,17.5505,19.3682,459,56371,0.238738,0.67,1,172828,172369,459
19679601,19.5101,23.8736,454,56408,0.231748,0.67,1,172848,172394,454
19682521,24.702,24.7747,455,56445,0.16635,0.69,1,172874,172419,455
19685441,24.1404,24.1549,455,56482,0.16927,0.71,1,172898,172443,455
19688361,20.0281,20.831,454,56519,0.201854,0.65,1,172917,172463,454
19691281,13.6056,18.5662,448,56556,0.160371,0.57,1,172929,172481,448
19694201,11.5211,13.3132,447,56593,0.184074,0.43,1,172940,172493,447
19697121,24.7042,29.8626,441,56630,0.156815,0.51,1,172968,172527,441
19700041,24.1408,24.3725,442,56667,0.167363,0.39,1,172992,172550,442
19702961,20.0282,17.6745,445,56704,0.169473,0.43,1,173011,172566,445
19705881,16.0056,17.9349,442,56741,0.121895,0.33,1,173026,172584,442
19708801,48.8011,53.187,437,56778,0.112379,0.33,1,173083,172646,437
19711721,35.3602,37.0374,436,56815,0.126476,0.27,1,173115,172679,436
19714641,35.872,37.8075,434,56852,0.0972952,0.25,1,173151,172717,434
19717561,8.77441,9.1615,434,56889,0.123459,0.25,1,173153,172719,434
19720481,25.7549,25.0323,435,56926,0.0966918,0.29,1,173183,172748,435
19723401,21.151,21.8065,434,56963,0.123338,0.29,1,173203,172769,434
19726321,22.6302,22.7613,434,57000,0.112668,0.27,1,173226,172792,434
19729241,17.326,19.7523,431,57037,0.110534,0.23,1,173242,172811,431
19732161,17.8652,17.5505,432,57074,0.142107,0.23,1,173260,172828,432
19735081,17.173,19.5101,429,57111,0.132421,0.15,1,173277,172848,429
19738001,23.4346,24.702,428,57148,0.146484,0.17,1,173302,172874,428
19740921,23.8869,24.1404,428,57185,0.165297,0.21,1,173326,172898,428
19743841,20.7774,20.0281,429,57222,0.233059,0.15,1,173346,172917,429
19746761,14.5555,13.6056,430,57259,0.230612,0.19,1,173359,172929,430
19749681,10.9111,11.5211,429,57296,0.246122,0.15,1,173369,172940,429
19752601,23.7822,24.7042,428,57333,0.265224,0.17,1,173396,172968,428
19755521,23.9564,24.1408,428,57370,0.237045,0.17,1,173420,172992,428
19758441,19.1913,20.0282,427,57407,0.279409,0.11,1,173438,173011,427
19761361,15.8383,16.0056,427,57444,0.271882,0.11,1,173453,173026,427
19764281,46.3677,48.8011,424,57481,0.302376,0.13,1,173507,173083,424
19767201,36.4735,35.3602,426,57518,0.276475,0.09,1,173541,173115,426
19770121,36.0947,35.872,426,57555,0.287295,0.13,1,173577,173151,426
19773041,8.81894,8.77441,426,57592,0.321459,0.09,1,173579,173153,426
19775961,26.5638,25.7549,427,57629,0.312292,0.09,1,173610,173183,427
19778881,21.3128,5.15098,447,57665,0.294458,0.13,1,173630,173183,447
19781801,21.8626,17.0302,449,57701,0.322892,0.11,1,173652,173203,449
19784721,17.1725,21.806,442,57737,0.328578,0.11,1,173668,173226,442
19787641,17.8345,17.1612,444,57773,0.329716,0.15,1,173686,173242,444
19790561,17.9669,17.8322,444,57809,0.345943,0.13,1,173704,173260,444
19793481,24.3934,17.1664,453,57845,0.349189,0.15,1,173730,173277,453
19796401,26.4787,23.4333,455,57881,0.333838,0.17,1,173757,173302,455
19799321,21.2957,23.8867,451,57917,0.362768,0.25,1,173777,173326,451
19802241,16.2591,20.7773,446,57953,0.352554,0.23,1,173792,173346,446
19805161,11.2518,14.5555,443,57989,0.366511,0.25,1,173802,173359,443
19808081,23.0504,10.9111,459,58025,0.385302,0.27,1,173828,173369,459
19811001,23.8101,23.7822,456,58061,0.38906,0.23,1,173852,173396,456
19813921,21.562,23.9564,453,58097,0.373812,0.29,1,173873,173420,453
19816841,15.5124,19.1913,449,58133,0.370762,0.27,1,173887,173438,449
19819761,46.3025,15.8383,488,58169,0.370152,0.31,1,173941,173453,488
19822681,37.2605,46.3677,469,58205,0.35403,0.27,1,173976,173507,469
19825601,36.2521,36.4735,471,58241,0.366806,0.29,1,174012,173541,471
19828521,8.85042,36.0947,437,58277,0.369361,0.33,1,174014,173577,437
19831441,25.7701,8.81894,465,58313,0.369872,0.31,1,174044,173579,465
19834361,22.754,26.5638,456,58349,0.401974,0.29,1,174066,173610,456
19837281,22.9508,21.3128,459,58385,0.376395,0.33,1,174089,173630,459
19840201,17.3902,21.8626,453,58421,0.403279,0.33,1,174105,173652,453
19843121,18.678,17.1725,456,58457,0.392656,0.33,1,174124,173668,456
19846041,18.1356,17.8345,456,58493,0.390531,0.35,1,174142,173686,456
19848961,24.4271,17.9669,464,58529,0.390106,0.35,1,174168,173704,464
19851881,27.2854,24.3934,466,58565,0.390021,0.33,1,174196,173730,466
19854801,21.4571,26.4787,459,58601,0.358004,0.37,1,174216,173757,459
19857721,16.2914,21.2957,454,58637,0.367601,0.35,1,174231,173777,454
19860641,12.0583,16.2591,450,58673,0.36952,0.37,1,174242,173792,450
19863561,23.2117,11.2518,466,58709,0.353904,0.39,1,174268,173802,466
19866481,23.8423,23.0504,464,58745,0.366781,0.39,1,174292,173828,464
19869401,20.7685,23.8101,460,58781,0.369356,0.37,1,174312,173852,460
19872321,15.3537,21.562,453,58817,0.369871,0.37,1,174326,173873,453
19875241,46.2707,15.5124,493,58853,0.385974,0.37,1,174380,173887,493
19878161,36.4541,46.3025,473,58889,0.389195,0.35,1,174414,173941,473
19881081,36.8908,37.2605,475,58925,0.405839,0.37,1,174451,173976,475
19884001,8.97817,36.2521,441,58961,0.409168,0.37,1,174453,174012,441
19886921,25.7956,8.85042,469,58997,0.441834,0.37,1,174483,174014,469
19889841,23.5591,25.7701,462,59033,0.464367,0.41,1,174506,174044,462
19892761,23.1118,22.754,463,59069,0.484873,0.37,1,174529,174066,463
19895681,6.22236,22.9508,442,59105,0.456975,0.41,1,174531,174089,442
19898601,14.0445,17.3902,442,59141,0.515395,0.39,1,174547,174105,442
19901521,17.2089,18.678,441,59177,0.543079,0.39,1,174565,174124,441
19904441,17.8418,18.1356,441,59213,0.516616,0.39,1,174583,174142,441
19907361,24.3684,24.4271,441,59248,0.559323,0.39,1,174609,174168,441
19910281,25.6737,27.2854,439,59283,0.567865,0.35,1,174635,174196,439
19913201,21.1347,21.4571,439,59318,0.569573,0.37,1,174655,174216,439
19916121,16.2269,16.2914,439,59353,0.553915,0.37,1,174670,174231,439
19919041,11.2454,12.0583,438,59388,0.534783,0.35,1,174680,174242,438
19921961,23.8491,23.2117,439,59423,0.594957,0.37,1,174707,174268,439
19924881,24.7698,23.8423,440,59458,0.606991,0.37,1,174732,174292,440
19927801,20.954,20.7685,440,59493,0.657398,0.37,1,174752,174312,440
19930721,15.3908,15.3537,440,59528,0.63548,0.39,1,174766,174326,440
19933641,47.0782,46.2707,441,59563,0.647096,0.39,1,174821,174380,441
19936561,36.6156,36.4541,441,59598,0.665419,0.41,1,174855,174414,441
19939481,38.5231,36.8908,443,59633,0.653084,0.41,1,174894,174451,443
19942401,9.30462,8.97817,443,59668,0.650617,0.45,1,174896,174453,443
19945321,26.6609,25.7956,444,59703,0.714123,0.47,1,174927,174483,444
19948241,24.5322,23.5591,445,59738,0.710825,0.49,1,174951,174506,445
19951161,24.1064,23.1118,446,59773,0.710165,0.45,1,174975,174529,446
19954081,6.42129,6.22236,446,59808,0.742033,0.53,1,174977,174531,446
19957001,14.8843,14.0445,447,59843,0.732407,0.55,1,174994,174547,447
19959921,17.3769,17.2089,447,59878,0.762481,0.51,2,175012,174565,447
19962841,17.8754,17.8418,447,59913,0.736496,0.57,1,175030,174583,447
19965761,25.1751,24.3684,448,59948,0.747299,0.57,1,175057,174609,448
19968681,25.835,25.6737,448,59983,0.74946,0.57,1,175083,174635,448
19971601,21.167,21.1347,448,60018,0.749892,0.55,1,175103,174655,448
19974521,16.2334,16.2269,448,60053,0.765978,0.53,2,175118,174670,448
19977441,11.2467,11.2454,448,60088,0.737196,0.61,1,175128,174680,448
19980361,25.4493,23.8491,450,60123,0.763439,0.61,2,175157,174707,450
19983281,27.4899,24.7698,453,60158,0.800688,0.67,2,175185,174732,453
19986201,21.498,20.954,453,60193,0.808138,0.63,2,175205,174752,453
19989121,15.4996,15.3908,453,60228,0.809628,0.65,2,175219,174766,453
19992041,46.2999,47.0782,452,60263,0.825926,0.67,2,175273,174821,452
19994961,37.26,36.6156,453,60298,0.845185,0.65,2,175308,174855,453
19997881,40.252,38.5231,455,60333,0.881037,0.65,2,175349,174894,455
20000801,9.6504,9.30462,455,60368,0.904207,0.73,2,175351,174896,455
20003721,27.5301,26.6609,456,60403,0.892842,0.71,2,175383,174927,456
20006641,25.506,24.5322,457,60438,0.906568,0.71,2,175408,174951,457
20009561,24.3012,24.1064,457,60473,0.909314,0.75,2,175432,174975,457
20012481,6.46024,6.42129,457,60508,0.877863,0.73,2,175434,174977,457
20015401,14.892,14.8843,457,60543,0.903573,0.73,2,175451,174994,457
20018321,17.3784,2.97685,475,60578,0.876714,0.77,2,175469,174994,475
20021241,17.8757,14.9954,475,60613,0.871343,0.73,2,175487,175012,475
20024161,25.9751,17.3991,485,60648,0.886269,0.75,2,175515,175030,485
20027081,25.995,25.0798,484,60683,0.905254,0.75,2,175541,175057,484
20030001,21.199,25.816,478,60718,0.909051,0.75,2,175561,175083,478
20032921,15.4398,21.1632,472,60753,0.90981,0.77,2,175575,175103,472
20035841,11.088,16.2326,467,60788,0.925962,0.73,2,175585,175118,467
20038761,27.0176,11.2465,488,60823,0.913192,0.77,2,175616,175128,488
20041681,29.4035,25.4493,489,60858,0.926638,0.81,2,175646,175157,489
20044601,21.8807,27.4899,481,60893,0.945328,0.81,2,175666,175185,481
20338061,72,53,490,30001,0.27,0.75,1,178120,177630,490
20340981,68.8,76.2,476,30072,0.286,0.59,1,178188,177712,476
20343901,62.56,63.24,477,30142,0.3372,0.49,1,178249,177772,477
20346821,38.912,50.248,463,30212,0.36344,0.55,1,178282,177819,463
20349741,42.9824,32.4496,479,30282,0.384688,0.31,1,178326,177847,479
20352661,26.1965,49.6899,447,30352,0.388938,0.31,1,178348,177901,447
20355581,23.6393,29.138,446,30422,0.421788,0.31,1,178371,177925,446
20358501,30.3279,21.8276,458,30492,0.412357,0.35,1,178403,177945,458
20361421,31.6656,33.1655,454,30561,0.426472,0.33,1,178435,177981,454
20364341,47.9331,37.0331,468,30630,0.445294,0.27,1,178487,178019,468
20367261,64.7866,88.2066,436,30699,0.513059,0.29,1,178556,178120,436
20370181,67.3573,72.0413,436,30768,0.558612,0.35,1,178624,178188,436
20373101,64.6715,63.2083,439,30837,0.567722,0.37,1,178688,178249,439
20376021,38.5343,39.0417,438,30906,0.569544,0.39,1,178720,178282,438
20378941,43.7069,43.0083,439,30974,0.553909,0.39,1,178765,178326,439
20381861,26.3414,26.2017,439,31042,0.598782,0.43,1,178787,178348,439
20384781,25.2683,23.6403,441,31110,0.591756,0.41,1,178812,178371,441
20387701,31.4537,30.3281,442,31178,0.606351,0.43,1,178845,178403,442
20390621,32.6907,31.6656,443,31246,0.60927,0.45,1,178878,178435,443
20393541,48.9381,47.9331,444,31314,0.625854,0.45,1,178931,178487,444
20396461,67.3876,9.58662,516,31382,0.629171,0.53,1,179003,178487,516
20399381,69.4775,57.1173,517,31449,0.677834,0.57,1,179073,178556,517
20402301,65.0955,65.8235,513,31516,0.703567,0.57,1,179137,178624,513
20405221,38.6191,64.3647,481,31583,0.724713,0.57,1,179169,178688,481
20408141,42.9238,38.4729,493,31650,0.728943,0.55,1,179213,178720,493
20411061,26.9848,43.6946,471,31717,0.761789,0.61,2,179236,178765,471
20413981,26.197,26.3389,475,31784,0.768358,0.59,2,179262,178787,475
20416901,30.8394,25.2678,482,31851,0.769672,0.61,2,179294,178812,482
20419821,34.1679,31.4536,484,31917,0.753934,0.61,2,179329,178845,484
20422741,50.0336,32.6907,505,31983,0.782787,0.63,2,179383,178878,505
20425661,68.4067,48.9381,525,32049,0.804557,0.63,2,179456,178931,525
20428581,71.2813,67.3876,525,32115,0.872912,0.69,2,179528,179003,525
20431501,66.2563,69.4775,520,32181,0.934582,0.71,2,179593,179073,520
20434421,39.6513,65.0955,489,32247,0.930916,0.73,2,179626,179137,489
20437341,43.9303,38.6191,502,32313,0.946183,0.73,2,179671,179169,502
20440261,27.9861,42.9238,482,32378,0.917237,0.77,2,179695,179213,482
20443181,26.3972,26.9848,485,32443,0.927447,0.77,2,179721,179236,485
20446101,30.8794,26.197,491,32508,0.929489,0.77,2,179753,179262,491
20449021,34.1759,30.8394,494,32573,0.913898,0.75,2,179788,179294,494
20451941,51.6352,34.1679,515,32638,0.92678,0.79,2,179844,179329,515
20454861,69.527,50.0336,535,32703,0.929356,0.81,2,179918,179383,535
20457781,73.9054,68.4067,537,32768,0.881871,0.89,2,179993,179456,537
20460701,16.3811,71.2813,467,32833,0.872374,0.95,2,179995,179528,467
20463621,56.8762,66.2563,469,32897,0.918475,0.93,2,180062,179593,469
20466541,36.9752,39.6513,468,32961,0.927695,0.95,2,180094,179626,468
20469461,42.595,43.9303,467,33025,0.945539,0.91,2,180138,179671,467
20583341,101,66,557,35436,0.57,1,1,181810,181253,557
20586261,66.6,85.2,525,35496,0.506,1,1,181868,181343,525
20589181,56.52,57.84,528,35556,0.4772,1,1,181922,181394,528
20592101,32.904,54.768,501,35615,0.50344,1,1,181949,181448,501
20595021,26.5808,30.1536,502,35674,0.540688,1,1,181974,181472,502
20597941,15.7162,29.2307,486,35733,0.580138,1,1,181987,181501,486
20600861,35.9432,47.4461,475,35792,0.620028,1,1,182028,181553,475
20603781,29.5886,30.2892,477,35851,0.724006,1,1,182056,181579,477
20606701,24.3177,26.8578,474,35910,0.728801,0.91,1,182079,181605,474
20609621,19.2635,22.9716,470,35969,0.69776,0.81,1,182097,181627,470
20612541,37.4527,46.1943,460,36028,0.723552,0.73,1,182139,181679,460
20615461,29.0905,33.2389,457,36087,0.71271,0.57,1,182166,181709,457
20618381,80.2181,87.4478,449,36146,0.806542,0.49,2,182259,181810,449
20621301,60.0436,63.8896,446,36204,0.841308,0.47,2,182314,181868,446
20624221,59.2087,55.9779,451,36262,0.864262,0.51,2,182373,181922,451
20723501,100,30,571,38193,0.55,1,1,183664,183093,571
20726421,60,87.6,519,38248,0.518,1,1,183714,183195,519
20729341,58.4,58.32,526,38303,0.4316,1,1,183772,183246,526
20732261,34.08,58.864,495,38358,0.44632,1,1,183800,183305,495
20735181,42.816,30.9728,516,38413,0.401264,1,1,183845,183329,516
20738101,22.1632,34.1946,498,38468,0.392253,1,1,183862,183364,498
20741021,30.0326,25.2389,507,38523,0.358451,1,1,183894,183387,507
20743941,26.0065,31.4478,499,38578,0.31969,1,1,183919,183420,499
20746861,21.2013,26.2896,494,38633,0.391938,1,1,183939,183445,494
20749781,18.6403,30.8579,480,38688,0.422388,0.95,1,183957,183477,480
20752701,14.1281,24.5716,470,38743,0.412477,0.89,1,183970,183500,470
20755621,32.4256,35.3143,469,38798,0.282495,0.85,1,184007,183538,469
20758541,25.6851,27.8629,467,38852,0.224499,0.55,1,184031,183564,467
20761461,68.337,85.5726,446,38906,0.1009,0.51,1,184110,183664,446
20764381,51.2674,57.1145,443,38960,0.04418,0.41,1,184157,183714,443
20767301,55.0535,57.8229,441,39014,0.064836,0.45,1,184213,183772,441
20770221,33.4107,33.9646,441,39068,0.0529672,0.39,1,184241,183800,441
20773141,43.4821,42.7929,442,39122,0.0345934,0.39,1,184287,183845,442
20776061,19.8964,22.1586,439,39176,0.0469187,0.35,1,184301,183862,439
20778981,29.5793,30.0317,439,39230,0.0493837,0.31,1,184333,183894,439
20781901,23.5159,26.0063,436,39284,0.0658767,0.41,1,184355,183919,436
20784821,26.3032,21.2013,443,39338,0.0531753,0.43,1,184382,183939,443
20787741,17.2606,18.6403,440,39392,0.0826351,0.41,1,184397,183957,440
20790661,12.2521,14.1281,438,39446,0.120527,0.25,1,184408,183970,438
20793581,26.4504,32.4256,431,39500,0.0961054,0.21,1,184438,184007,431
20796501,22.0901,25.6851,428,39553,0.0752211,0.07,1,184459,184031,428
20799421,64.418,68.337,424,39606,0.103044,0.03,1,184534,184110,424
20802341,48.8836,51.2674,422,39659,0.0606088,0.07,1,184579,184157,422
20805261,55.3767,55.0535,423,39712,0.0361218,0.05,1,184636,184213,423
20808181,32.6753,33.4107,422,39765,0.0472244,0.03,1,184663,184241,422
20811101,43.3351,43.4821,422,39818,0.0334449,0.05,1,184709,184287,422
20814021,21.467,19.8964,424,39871,0.046689,0.05,1,184725,184301,424
20816941,29.0934,29.5793,423,39924,0.0493378,0.07,1,184756,184333,423
20819861,23.4187,23.5159,423,39977,0.0818676,0.05,1,184778,184355,423
20822781,26.2837,26.3032,423,40030,0.0723735,0.09,1,184805,184382,423
20825701,19.6567,17.2606,426,40083,0.0384747,0.09,1,184823,184397,426
20828621,11.9313,3.45213,436,40136,0.0316949,0.13,1,184833,184397,436
20831541,24.7863,9.49043,453,40189,0.046339,0.09,1,184861,184408,453
20834461,24.1573,25.8981,447,40242,0.0492678,0.07,1,184885,184438,447
20837381,64.8315,21.9796,501,40294,0.0818536,0.11,1,184960,184459,501
20840301,44.9663,64.3959,466,40346,0.0883707,0.05,1,185000,184534,466
20843221,55.3933,48.8792,479,40398,0.0256741,0.03,1,185058,184579,479
20846141,31.8787,55.3758,448,40450,0.0451348,0.05,1,185084,184636,448
20849061,43.1757,32.6752,467,40502,0.129027,0.03,1,185130,184663,467
20851981,21.4351,43.335,437,40554,0.0978054,0.05,1,185146,184709,437
20854901,30.687,21.467,454,40606,0.0755611,0.05,1,185179,184725,454
20857821,23.7374,29.0934,445,40658,0.0711122,0.09,1,185201,184756,445
20860741,25.5475,23.4187,449,40710,0.118222,0.07,1,185227,184778,449
20863661,19.5095,26.2837,440,40762,0.127644,0.03,1,185245,184805,440
20866581,11.9019,19.6567,432,40814,0.129529,0.03,1,185255,184823,432
20869501,25.5804,11.9313,451,40866,0.161906,0.05,1,185284,184833,451
20872421,24.3161,24.7863,447,40918,0.184381,0.05,1,185308,184861,447
20875341,66.4632,24.1573,500,40970,0.188876,0.09,1,185385,184885,500
20878261,45.2926,64.8315,465,41022,0.189775,0.09,1,185425,184960,465
20881181,53.8585,44.9663,481,41073,0.157955,0.01,1,185481,185000,481
20884101,33.1717,55.3933,451,41124,0.119591,0.05,1,185509,185058,451
20887021,43.4343,31.8787,471,41175,0.127918,0.15,1,185555,185084,471
20889941,21.4869,43.1757,441,41226,0.177584,0.09,1,185571,185130,441
20892861,29.8974,21.4351,457,41277,0.187517,0.07,1,185603,185146,457
20895781,24.3795,30.687,447,41328,0.173503,0.07,1,185626,185179,447
20898701,27.2759,23.7374,453,41379,0.170701,0.13,1,185654,185201,453
20901621,19.8552,25.5475,445,41430,0.17014,0.13,1,185672,185227,445
20904541,12.771,19.5095,438,41481,0.186028,0.13,1,185683,185245,438
20907461,26.5542,11.9019,458,41532,0.221206,0.17,1,185713,185255,458
20910381,6.91084,25.5804,431,41583,0.228241,0.19,1,185715,185284,431
20913301,20.5822,24.3161,431,41634,0.229648,0.19,1,185739,185308,431
20916221,65.7164,66.4632,431,41685,0.22993,0.19,1,185816,185385,431
20919141,45.1433,45.2926,431,41736,0.261986,0.15,1,185856,185425,431
20922061,50.6287,53.8585,427,41787,0.252397,0.11,1,185908,185481,427
20924981,32.5257,33.1717,427,41838,0.282479,0.13,1,185936,185509,427
20927901,45.7051,43.4343,430,41888,0.272496,0.19,1,185985,185555,430
20930821,22.741,21.4869,431,41938,0.318499,0.19,1,186002,185571,431
20933741,30.1482,29.8974,431,41988,0.2957,0.17,1,186034,185603,431
20936661,25.2296,24.3795,432,42038,0.32314,0.17,1,186058,185626,432
20939581,25.8459,27.2759,430,42088,0.296628,0.17,1,186084,185654,430
20942501,19.5692,19.8552,430,42138,0.323326,0.19,1,186102,185672,430
20945421,13.5138,12.771,431,42188,0.344665,0.23,1,186114,185683,431
20948341,28.3028,26.5542,433,42238,0.364933,0.23,1,186146,185713,433
20951261,7.26055,6.91084,433,42288,0.368987,0.23,1,186148,185715,433
20954181,20.6521,20.5822,433,42338,0.385797,0.23,1,186172,185739,433
20957101,65.7304,65.7164,433,42388,0.389159,0.27,1,186249,185816,433
20960021,45.1461,45.1433,433,42438,0.421832,0.25,1,186289,185856,433
20962941,51.4292,50.6287,434,42488,0.444366,0.29,1,186342,185908,434
20965861,32.6858,32.5257,434,42538,0.480873,0.27,1,186370,185936,434
20968781,48.1372,45.7051,437,42588,0.456175,0.33,1,186422,185985,437
20971701,22.4274,22.741,436,42638,0.451235,0.29,1,186438,186002,436
20974621,30.0855,30.1482,436,42687,0.466247,0.33,1,186470,186034,436
20977541,25.2171,25.2296,436,42736,0.469249,0.29,1,186494,186058,436
20980461,25.8434,25.8459,436,42785,0.46985,0.33,1,186520,186084,436
20983381,20.3687,19.5692,437,42834,0.45397,0.35,1,186539,186102,437
20986301,13.6737,13.5138,437,42883,0.466794,0.37,1,186551,186114,437
20989221,29.1347,28.3028,438,42932,0.469359,0.37,1,186584,186146,438
20992141,7.42695,7.26055,438,42981,0.501872,0.39,1,186586,186148,438
20995061,21.4854,20.6521,439,43030,0.492374,0.39,1,186611,186172,439
20997981,67.4971,4.13042,518,43079,0.506475,0.39,1,186690,186172,518
21000901,46.2994,62.4261,482,43128,0.525295,0.43,1,186731,186249,482
21003821,52.4599,44.4852,496,43177,0.529059,0.45,1,186785,186289,496
21006741,32.892,51.297,471,43226,0.545812,0.49,1,186813,186342,471
21009661,46.5784,32.6594,493,43275,0.549162,0.45,1,186863,186370,493
21012581,22.1157,48.1319,457,43324,0.549832,0.45,1,186879,186422,457
21015501,30.8231,22.4264,474,43373,0.597966,0.47,1,186912,186438,474
21018421,25.3646,30.0853,466,43422,0.623593,0.47,1,186936,186470,466
21021341,25.8729,25.2171,468,43471,0.628719,0.47,1,186962,186494,468
21024261,20.3746,25.8434,461,43520,0.629744,0.45,1,186981,186520,461
21027181,13.6749,20.3687,454,43568,0.661949,0.47,1,186993,186539,454
21030101,30.735,13.6737,477,43616,0.65239,0.47,1,187028,186551,477
21033021,7.747,29.1347,446,43664,0.650478,0.51,1,187030,186584,446
21035941,20.7494,7.42695,468,43712,0.650096,0.49,1,187054,186586,468
21038861,69.7499,21.4854,525,43760,0.698019,0.51,1,187136,186611,525
21041781,47.55,67.4971,488,43808,0.755604,0.53,2,187178,186690,488
21044701,52.71,46.2994,501,43856,0.767121,0.53,2,187232,186731,501
21047621,33.742,52.4599,476,43904,0.753424,0.55,2,187261,186785,476
21050541,46.7484,32.892,498,43952,0.750685,0.55,2,187311,186813,498
21053461,22.9497,46.5784,465,44000,0.734137,0.55,1,187328,186863,465
21056381,32.5899,22.1157,484,44048,0.746827,0.61,1,187363,186879,484
21059301,26.518,30.8231,476,44096,0.765366,0.63,2,187388,186912,476
21062221,26.9036,25.3646,479,44144,0.753073,0.63,2,187415,186936,479
21065141,21.3807,25.8729,473,44192,0.798615,0.63,2,187435,186962,473
21068061,13.8761,20.3746,466,44240,0.823723,0.67,2,187447,186981,466
21070981,29.9752,13.6749,488,44288,0.828745,0.65,2,187481,186993,488
21073901,7.59505,30.735,455,44336,0.829749,0.65,2,187483,187028,455
21076821,21.519,7.747,478,44384,0.81395,0.65,2,187508,187030,478
21079741,72.3038,20.7494,539,44432,0.89079,0.71,2,187593,187054,539
21082661,16.0608,69.7499,459,44479,0.874158,0.77,2,187595,187136,459
21085581,37.6122,47.55,460,44526,0.902832,0.77,2,187638,187178,460
21088501,50.7224,52.71,460,44573,0.876566,0.75,2,187692,187232,460
21091421,32.5445,33.742,459,44620,0.903313,0.75,2,187720,187261,459
21094341,46.5089,46.7484,459,44667,0.876663,0.73,2,187770,187311,459
21097261,22.1018,22.9497,458,44714,0.903333,0.75,2,187786,187328,458
21100181,33.2204,32.5899,459,44761,0.892667,0.77,2,187822,187363,459
21111861,12,12,463,44949,0.93,0.83,2,187910,187447,463
21114781,29.6,29.6,463,44996,0.946,0.83,2,187944,187481,463
21117701,7.52,7.52,463,45043,0.9492,0.81,2,187946,187483,463
21120621,22.304,21.504,464,45090,0.94984,0.91,2,187972,187508,464
21304581,29,21,499,47946,0.71,1,1,189982,189483,499
21307501,26.6,36.2,485,47990,0.678,1,1,190008,189523,485
21310421,49.32,45.64,492,48034,0.6876,1,1,190063,189571,492
21313341,36.264,38.728,488,48078,0.75352,1,2,190096,189608,488
21316261,29.6528,27.7456,491,48122,0.718704,1,1,190124,189633,491
21319181,21.9306,27.1491,484,48166,0.647741,1,1,190144,189660,484
21322101,26.7861,27.0298,485,48210,0.681548,1,1,190172,189687,485
21325021,29.3572,35.806,477,48254,0.65631,1,1,190202,189725,477
21327941,24.2714,28.7612,473,48298,0.651262,1,1,190225,189752,473
21330861,24.0543,24.9522,473,48342,0.618252,0.93,1,190249,189776,473
21333781,20.0109,20.9904,472,48386,0.61165,0.87,1,190268,189796,472
21336701,28.8022,32.9981,467,48430,0.53033,0.86,1,190299,189832,467
21339621,28.9604,30.5996,466,48474,0.514066,0.91,1,190328,189862,466
21342541,22.5921,24.5199,464,48517,0.526813,0.83,1,190349,189885,464
21345461,19.7184,20.104,464,48560,0.481363,0.85,1,190368,189904,464
21348381,43.9437,43.2208,465,48603,0.472273,0.71,1,190418,189953,465
21351301,31.9887,31.8442,465,48646,0.438455,0.67,1,190447,189982,465
21354221,23.1977,27.1688,460,48689,0.599691,0.69,1,190468,190008,460
21357141,50.2396,49.4338,462,48732,0.591938,0.77,1,190525,190063,462
21360061,32.4479,36.2868,457,48775,0.622388,0.71,1,190553,190096,457
21362981,26.4896,29.6573,454,48818,0.644478,0.63,1,190578,190124,454
21365901,22.8979,21.9315,456,48861,0.648896,0.63,1,190600,190144,456
21368821,23.7796,4.38629,480,48904,0.649779,0.69,1,190624,190144,480
21371741,25.5559,23.2773,478,48947,0.617956,0.65,1,190650,190172,478
21374661,25.1112,28.6555,473,48990,0.675591,0.65,1,190675,190202,473
21377581,23.4222,24.1311,473,49033,0.671118,0.61,1,190698,190225,473
21380501,19.8844,24.0262,468,49076,0.686224,0.61,1,190717,190249,468
21383421,26.3769,20.0052,477,49119,0.705245,0.51,1,190745,190268,477
21386341,28.4754,28.801,475,49162,0.693049,0.51,1,190774,190299,475
21389261,20.8951,28.9602,465,49205,0.67461,0.53,1,190793,190328,465
21392181,17.779,22.592,461,49248,0.686922,0.47,1,190810,190349,461
21395101,43.5558,19.7184,492,49291,0.737384,0.47,1,190860,190368,492
21398021,30.3112,43.9437,469,49334,0.747477,0.43,1,190887,190418,469
21400941,30.8622,31.9887,471,49377,0.829495,0.64,2,190918,190447,471
21403861,52.5724,23.1977,508,49420,0.877899,0.59,2,190976,190468,508
21406781,34.5145,50.2396,481,49463,0.93558,0.63,2,191006,190525,481
21555701,32,26,497,51588,0.65,1,1,192480,191983,497
21558621,28.8,22.8,503,51629,0.538,1,1,192508,192005,503
21561541,26.56,26.16,502,51670,0.4516,1,1,192534,192032,502
21564461,28.512,27.632,503,51711,0.38632,1,1,192563,192060,503
21567381,32.1024,22.3264,515,51752,0.373264,1,1,192596,192081,515
21570301,28.0205,22.0653,520,51793,0.322653,1,1,192623,192103,520
21573221,17.6041,4.41306,535,51834,0.312531,1,1,192638,192103,535
21576141,16.3208,12.0826,537,51875,0.310506,1,1,192654,192117,537
21630161,369.664,448.817,437,23360,0.0701012,0.35,1,193112,192675,437
21633081,121.133,109.763,471,24178,0.0380202,0.23,1,193171,192700,471
21636001,73.8266,73.1527,469,24266,0.015604,0.05,1,193233,192764,469
21638921,87.5653,101.031,452,24353,0.0271208,0.03,1,193324,192872,452
21641841,75.1131,69.0061,463,24440,0.0294242,0.07,1,193396,192933,463
21644761,64.6226,68.2012,457,24527,0.109885,0.05,1,193458,193001,457
21647681,57.7245,60.8402,454,24613,0.109977,0.03,1,193514,193060,454
21650601,16.3449,37.768,428,24699,0.109995,0.05,1,193520,193092,428
21653521,14.469,15.5536,432,24785,0.109999,0.03,1,193534,193102,432
21656441,52.4938,58.3107,425,24871,0.0939998,0.01,1,193596,193171,425
21659361,59.2988,61.2621,424,24956,0.1228,0.03,1,193657,193233,424
21662281,83.0598,85.0524,422,25041,0.04856,0.03,1,193746,193324,422
21665201,74.212,74.6105,422,25126,0.017712,0.13,1,193818,193396,422
21668121,70.8424,64.5221,430,25210,0.0595424,0.11,1,193888,193458,430
21671041,56.5685,57.7044,427,25294,0.163908,0.11,1,193941,193514,427
21673961,16.1137,16.3409,427,25378,0.152782,0.11,1,193947,193520,427
21676881,12.8227,14.4682,425,25461,0.182556,0.11,1,193959,193534,425
21679801,52.9645,2.89364,488,25544,0.156511,0.09,1,194022,193534,488
21682721,58.5929,50.1787,486,25627,0.199302,0.13,1,194082,193596,486
21685641,79.7186,58.8357,510,25710,0.19186,0.03,1,194167,193657,510
21688561,73.5437,82.9672,493,25792,0.158372,0.01,1,194239,193746,493
21691481,73.1087,74.1934,494,25874,0.0716744,0.07,1,194312,193818,494
21694401,60.2218,70.8387,481,25956,0.0863349,0.19,1,194369,193888,481
21697321,16.8443,56.5677,434,26038,0.089267,0.15,1,194375,193941,434
21700241,12.9689,16.1135,440,26119,0.0898534,0.19,1,194387,193947,440
21703161,54.5938,12.8227,493,26200,0.105971,0.15,1,194452,193959,493
21706081,59.7188,52.9645,491,26281,0.173194,0.21,1,194513,194022,491
21709001,79.9437,58.5929,516,26362,0.218639,0.19,1,194598,194082,516
21711921,69.5888,79.7186,498,26442,0.259728,0.15,1,194665,194167,498
21714841,69.9177,73.5437,496,26522,0.283946,0.05,1,194735,194239,496
21717761,61.1835,73.1087,482,26602,0.304789,0.09,1,194794,194312,482
21720681,17.0367,60.2218,431,26682,0.308958,0.09,1,194800,194369,431
21723601,13.0073,16.8443,437,26761,0.309792,0.09,1,194812,194375,437
21726521,56.2015,12.9689,492,26840,0.325958,0.11,1,194879,194387,492
21729441,12.8403,54.5938,429,26919,0.329192,0.19,1,194881,194452,429
21732361,53.7681,59.7188,432,26998,0.345838,0.23,1,194945,194513,432
21735281,79.5536,79.9437,433,27076,0.333168,0.27,1,195031,194598,433
21738201,71.1107,69.5888,435,27154,0.330634,0.29,1,195100,194665,435
21741121,71.0221,69.9177,436,27232,0.378127,0.31,1,195171,194735,436
21744041,62.2044,61.1835,437,27310,0.339625,0.31,1,195231,194794,437
21746961,17.2409,17.0367,437,27388,0.363925,0.31,1,195237,194800,437
21749881,14.6482,13.0073,439,27465,0.368785,0.33,1,195251,194812,439
21752801,55.7296,56.2015,438,27542,0.401757,0.33,1,195317,194879,438
21755721,12.7459,12.8403,438,27619,0.440351,0.35,1,195319,194881,438
21758641,52.9492,53.7681,437,27696,0.48007,0.33,1,195382,194945,437
21761561,80.1898,79.5536,438,27772,0.504014,0.33,1,195469,195031,438
21764481,71.238,71.1107,438,27848,0.524803,0.39,1,195538,195100,438
21767401,72.6476,71.0221,440,27924,0.544961,0.33,1,195611,195171,440
21770321,60.9295,62.2044,438,28000,0.548992,0.37,1,195669,195231,438
21773241,16.9859,17.2409,438,28076,0.549798,0.37,1,195675,195237,438
21776161,16.1972,14.6482,440,28151,0.54996,0.41,1,195691,195251,440
21779081,57.6394,55.7296,442,28226,0.613992,0.45,1,195759,195317,442
21782001,13.1279,12.7459,442,28301,0.626798,0.49,1,195761,195319,442
21784921,54.6256,52.9492,444,28376,0.62936,0.49,1,195826,195382,444
21787841,82.1251,10.5898,533,28451,0.677872,0.51,1,195915,195382,533
21790761,71.625,71.718,515,28525,0.719574,0.53,1,195984,195469,515
21793681,72.725,69.5436,519,28599,0.727915,0.55,1,196057,195538,519
21796601,61.745,72.3087,505,28673,0.745583,0.55,1,196116,195611,505
21799521,17.149,60.8617,453,28747,0.717117,0.55,1,196122,195669,453
21802441,17.0298,16.9723,464,28821,0.775423,0.55,2,196139,195675,464
21805361,59.406,16.1945,518,28894,0.771085,0.63,2,196209,195691,518
21808281,13.4812,57.6389,452,28967,0.770217,0.63,2,196211,195759,452
21811201,56.2962,13.1278,517,29040,0.754043,0.63,2,196278,195761,517
21814121,84.8592,54.6256,544,29113,0.830809,0.69,2,196370,195826,544
21817041,74.5719,82.1251,527,29186,0.878162,0.73,2,196442,195915,527
21819961,72.5144,71.625,530,29259,0.919632,0.73,2,196514,195984,530
21822881,62.5029,72.725,517,29331,0.943926,0.75,2,196574,196057,517
21825801,18.1006,61.745,465,29403,0.932785,0.71,2,196581,196116,465
21945521,26,14,501,32221,0.69,1,1,198499,197998,501
21948441,38,20.4,520,32287,0.594,1,1,198540,198020,520
21951361,30.8,48.88,493,32353,0.4948,1,1,198569,198076,493
21954281,62.96,24.976,545,32418,0.31496,1,1,198640,198095,545
21957201,83.792,59.3952,566,32483,0.118992,1,1,198729,198163,566
21960121,72.7584,77.479,554,32548,0.0237984,1,1,198799,198245,554
21963041,34.5517,80.2958,498,32613,0.0447597,1,1,198824,198326,498
21965961,45.3103,37.6592,519,32678,0.0489519,0.96,1,198872,198353,519
21968881,39.4621,45.9318,509,32743,0.0337904,0.83,1,198910,198401,509
21971801,9.49241,47.5864,463,32808,0.0627581,0.81,1,198912,198449,463
21974721,17.0985,28.7173,458,32872,0.0845516,0.69,1,198931,198473,458
21977641,21.0197,26.5435,454,32936,0.0729103,0.57,1,198953,198499,454
21980561,33.0039,38.1087,449,33000,0.0705821,0.47,1,198989,198540,449
21983481,25.8008,30.8217,444,33064,0.102116,0.27,1,199013,198569,444
21986401,51.5602,62.9643,431,33128,0.124423,0.07,1,199071,198640,431
21989321,76.712,83.7929,425,33192,0.0488847,0,1,199154,198729,425
21992241,69.7424,72.7586,423,33256,0.0337769,0.05,1,199222,198799,423
21995161,33.9485,34.5517,423,33320,0.0627554,0.05,1,199247,198824,423
21998081,45.9897,45.3103,424,33383,0.0525511,0.03,1,199296,198872,424
22001001,40.3979,39.4621,425,33446,0.0505102,0.07,1,199335,198910,425
22003921,9.67959,9.49241,425,33509,0.082102,0.09,1,199337,198912,425
22006841,15.5359,17.0985,423,33572,0.0724204,0.07,1,199354,198931,423
22009761,22.3072,21.0197,425,33635,0.0864841,0.07,1,199378,198953,425
22012681,33.2614,33.0039,425,33698,0.0892968,0.11,1,199414,198989,425
22015601,25.8523,25.8008,425,33761,0.105859,0.13,1,199438,199013,425
22018521,52.3705,51.5602,426,33824,0.0771719,0.03,1,199497,199071,426
22021441,74.4741,76.712,423,33887,0.103434,0.03,1,199577,199154,423
22024361,70.0948,69.7424,424,33949,0.0606869,0.07,1,199646,199222,424
22027281,33.219,33.9485,423,34011,0.0361374,0.05,1,199670,199247,423
22030201,46.6438,45.9897,424,34073,0.0792275,0.05,1,199720,199296,424
22033121,40.5288,40.3979,424,34135,0.0878455,0.09,1,199759,199335,424
22036041,9.70575,9.67959,424,34197,0.121569,0.07,1,199761,199337,424
22038961,14.7412,15.5359,423,34259,0.0963138,0.07,1,199777,199354,423
22041881,22.1482,3.10718,447,34321,0.0912628,0.09,1,199801,199354,447
22044801,33.2296,19.8214,459,34383,0.0902525,0.09,1,199837,199378,459
22047721,27.4459,32.7643,449,34444,0.106051,0.11,1,199863,199414,449
22050641,51.8892,25.7529,483,34505,0.10921,0.07,1,199921,199438,483
22053561,76.7778,52.3506,507,34566,0.141842,0.11,1,200004,199497,507
22056481,66.5556,74.4701,491,34627,0.148368,0.05,1,200068,199577,491
22059401,32.5111,70.094,446,34688,0.165674,0.03,1,200092,199646,446
22062321,48.1022,33.2188,474,34749,0.185135,0.09,1,200144,199670,474
22065241,41.6204,46.6438,464,34810,0.205027,0.09,1,200184,199720,464
22068161,9.92409,40.5288,427,34871,0.209005,0.13,1,200186,199759,427
22071081,14.7848,9.70575,441,34932,0.209801,0.09,1,200202,199761,441
22074001,22.157,14.7412,449,34993,0.20996,0.09,1,200226,199777,449
22076921,34.0314,22.1482,462,35053,0.209992,0.09,1,200263,199801,462
22079841,27.6063,33.2296,452,35113,0.273998,0.11,1,200289,199837,452
22082761,51.9213,27.4459,484,35173,0.3028,0.11,1,200347,199863,484
22085681,78.3843,51.8892,511,35233,0.34056,0.15,1,200432,199921,511
22088601,66.8768,76.7778,492,35293,0.524112,0.15,1,200496,200004,492
22091521,34.1754,66.5556,454,35353,0.560822,0.17,1,200522,200068,454
22094441,46.8351,32.5111,480,35413,0.616164,0.19,1,200572,200092,480
22097361,43.767,48.1022,471,35473,0.579233,0.21,1,200615,200144,471
22100281,10.3534,41.6204,433,35533,0.571847,0.21,1,200617,200184,433
22103201,14.8707,9.92409,447,35592,0.570369,0.21,1,200633,200186,447
22106121,22.1741,14.7848,455,35651,0.570074,0.21,1,200657,200202,455
22109041,6.03483,22.157,433,35710,0.570015,0.21,1,200659,200226,433
22111961,31.607,34.0314,434,35769,0.602003,0.29,1,200697,200263,434
22114881,28.7214,27.6063,436,35828,0.640401,0.31,1,200725,200289,436
22117801,52.9443,51.9213,437,35887,0.64808,0.35,1,200784,200347,437
22120721,88.1889,78.3843,449,35946,0.729616,0.57,1,200881,200432,449
22123641,69.6378,66.8768,450,36005,0.729923,0.57,1,200946,200496,450
22126561,34.7276,34.1754,450,36064,0.761985,0.63,2,200972,200522,450
22129481,49.3455,46.8351,453,36123,0.768397,0.57,2,201025,200572,453
22132401,41.8691,43.767,450,36182,0.769679,0.57,2,201065,200615,450
22135321,9.97382,10.3534,450,36240,0.769936,0.57,2,201067,200617,450
22138241,14.7948,14.8707,450,36298,0.801987,0.57,2,201083,200633,450
22141161,22.159,22.1741,450,36356,0.888397,0.57,2,201107,200657,450
22144081,6.03179,6.03483,450,36414,0.87368,0.61,2,201109,200659,450
22147001,33.2064,31.607,452,36472,0.902736,0.65,2,201149,200697,452
22149921,29.0413,28.7214,452,36530,0.940547,0.65,2,201177,200725,452
22152841,55.4083,52.9443,455,36588,0.932109,0.75,2,201239,200784,455
22297381,83,126,465,17761,0.01,0.03,1,203335,202870,465
22300301,87,85.2,478,17881,0.026,0,1,203423,202945,478
22303221,62.2,84.24,450,18000,0.0132,0.01,1,203479,203029,450
22306141,32.44,56.848,425,18118,0.05864,0.01,1,203504,203079,425
22309061,28.888,24.9696,436,18235,0.067728,0.03,1,203532,203096,436
22311981,119.378,129.794,422,18351,0.0375456,0.01,1,203674,203252,422
22314901,91.0755,92.3588,423,18467,0.0315091,0.03,1,203758,203335,423
22317821,87.8151,88.8718,422,18582,0.0303018,0.01,1,203845,203423,422
22320741,62.363,62.5743,422,18696,0.00606036,0.07,1,203901,203479,422
22323661,32.4726,32.5149,422,18810,0.0412121,0.07,1,203926,203504,422
22326581,31.2945,28.903,425,18923,0.0802424,0.03,1,203957,203532,425
22329501,117.459,119.381,422,19035,0.120048,0.03,1,204096,203674,422
22332421,90.6918,91.0761,422,19146,0.0480097,0.03,1,204180,203758,422
22335341,87.7384,87.8152,422,19257,0.0176019,0,1,204267,203845,422
22338261,62.3477,62.363,422,19367,0.00352039,0.05,1,204323,203901,422
22341181,32.4695,32.4726,422,19477,0.0247041,0.09,1,204348,203926,422
22344101,33.6939,31.2945,425,19586,0.0289408,0.09,1,204382,203957,425
22347021,117.139,6.2589,563,19694,0.0777882,0.13,1,204520,203957,563
22349941,88.2278,112.452,505,19802,0.0155576,0.03,1,204601,204096,505
22352861,87.2455,89.6904,508,19909,0.0271115,0.01,1,204688,204180,508
22355781,62.2491,87.5381,477,20016,0.0134223,0,1,204744,204267,477
22358701,32.4498,62.3076,446,20122,0.0266845,0.03,1,204769,204323,446
22361621,34.49,32.4615,456,20227,0.0293369,0.03,1,204804,204348,456
22364541,118.098,33.6923,561,20332,0.109867,0.09,1,204943,204382,561
22367461,86.8196,117.138,502,20436,0.0299735,0,1,205022,204520,502
22370381,86.9639,88.2277,508,20540,0.00599469,0.03,1,205109,204601,508
22373301,62.1928,87.2455,477,20643,0.00919894,0.01,1,205165,204688,477
22376221,32.4386,62.2491,446,20746,0.0418398,0.03,1,205190,204744,446
22379141,35.2877,32.4498,457,20848,0.016368,0.03,1,205226,204769,457
22382061,123.858,34.49,568,20950,0.0752736,0.13,1,205372,204804,568
22384981,82.3715,118.098,501,21051,0.0870547,0.01,1,205444,204943,501
22387901,18.0743,86.8196,424,21152,0.0894109,0,1,205446,205022,424
22390821,71.6149,86.9639,422,21252,0.0178822,0.01,1,205531,205109,422
22393741,59.123,62.1928,422,21352,0.0115764,0.05,1,205587,205165,422
22396661,31.8246,32.4386,422,21451,0.0103153,0.01,1,205612,205190,422
22399581,35.9649,35.2877,423,21550,0.00206306,0.09,1,205649,205226,423
22402501,127.993,123.858,428,21648,0.0884126,0.09,1,205800,205372,428
22405421,79.9986,82.3715,424,21746,0.105683,0.09,1,205868,205444,424
22408341,17.5997,18.0743,424,21844,0.0771365,0,1,205870,205446,424
22411261,69.9199,71.6149,422,21941,0.0554273,0.01,1,205953,205531,422
22414181,58.784,59.123,422,22038,0.0190855,0.01,1,206009,205587,422
22417101,31.7568,31.8246,422,22134,0.00381709,0,1,206034,205612,422
22420021,35.9514,35.9649,422,22230,0.0247634,0.11,1,206071,205649,422
22422941,132.79,127.993,428,22325,0.0449527,0.11,1,206228,205800,428
22425861,79.3581,79.9986,426,22420,0.0329905,0.07,1,206294,205868,426
22428781,17.4716,17.5997,426,22515,0.0305981,0.07,1,206296,205870,426
22431701,65.8943,3.51994,504,22609,0.0301196,0.05,1,206374,205870,504
22434621,57.9789,67.104,477,22703,0.0300239,0.01,1,206430,205953,477
22437541,31.5958,58.2208,446,22796,0.00600478,0,1,206455,206009,446
22440461,35.9192,31.6442,458,22889,0.025201,0.03,1,206492,206034,458
22443381,132.784,35.9288,578,22982,0.0450402,0.05,1,206649,206071,578
22446301,79.3568,132.786,487,23074,0.081008,0.03,1,206715,206228,487
22449221,17.4714,79.3572,423,23166,0.120202,0.03,1,206717,206294,423
22452141,65.8943,17.4714,499,23258,0.0640403,0.03,1,206795,206296,499
22455061,57.9789,65.8943,477,23349,0.0368081,0.03,1,206851,206374,477
22457981,32.3958,57.9789,447,23440,0.0313616,0,1,206877,206430,447
22460901,36.0792,31.5958,459,23530,0.0302723,0.03,1,206914,206455,459
22463821,133.616,35.9192,580,23620,0.0620545,0.05,1,207072,206492,580
22466741,81.1232,132.784,491,23710,0.0844109,0.09,1,207140,206649,491
22469661,17.8246,79.3568,427,23799,0.0888822,0.13,1,207142,206715,427
22472581,62.7649,17.4714,499,23888,0.169776,0.05,1,207216,206717,499
22475501,57.353,65.8943,477,23977,0.0739553,0.03,1,207272,206795,477
22478421,13.0706,57.9789,423,24065,0.0227911,0.03,1,207274,206851,423
22481341,22.6141,32.3958,422,24153,0.0285582,0.03,1,207299,206877,422
22484261,34.9228,36.0792,423,24241,0.0137116,0.07,1,207337,206914,423
22487181,135.785,133.616,426,24328,0.0267423,0.09,1,207498,207072,426
22490101,81.5569,81.1232,426,24415,0.0933485,0.09,1,207566,207140,426
22493021,18.7114,17.8246,427,24502,0.0906697,0.19,1,207569,207142,427
22495941,66.9423,62.7649,432,24588,0.106134,0.05,1,207648,207216,432
22498861,50.1885,57.353,422,24674,0.0612268,0.01,1,207694,207272,422
22501781,11.6377,13.0706,422,24760,0.0522454,0.03,1,207696,207274,422
22504701,23.1275,22.6141,423,24846,0.0344491,0.01,1,207722,207299,423
22507621,34.2255,34.9228,422,24931,0.0308898,0.03,1,207759,207337,422
22510541,136.445,135.785,423,25016,0.014178,0.11,1,207921,207498,423
22513461,84.089,81.5569,426,25101,0.0428356,0.09,1,207992,207566,426
22516381,18.4178,18.7114,425,25185,0.0485671,0.11,1,207994,207569,425
22519301,69.2836,66.9423,428,25269,0.0817134,0.05,1,208076,207648,428
22522221,45.8567,50.1885,422,25353,0.0563427,0.05,1,208116,207694,422
22525141,10.7713,11.6377,422,25437,0.0672685,0.05,1,208118,207696,422
22528061,22.1543,2.32754,447,25520,0.0854537,0.03,1,208143,207696,447
22530981,34.0309,21.2655,458,25603,0.0570907,0.03,1,208180,207722,458
22533901,136.406,33.8531,583,25686,0.0514181,0.01,1,208342,207759,583
22536821,85.6812,136.371,494,25768,0.0662836,0.05,1,208415,207921,494
22539741,18.7362,84.0741,425,25850,0.0692567,0.05,1,208417,207992,425
22542661,69.3472,18.4148,505,25932,0.101851,0.09,1,208499,207994,505
22545581,46.6694,69.283,464,26014,0.0923703,0.05,1,208540,208076,464
22548501,10.9339,45.8566,426,26095,0.0904741,0.07,1,208542,208116,426
22551421,22.1868,10.7713,449,26176,0.122095,0.09,1,208567,208118,449
22554341,33.2374,22.1543,460,26257,0.112419,0.05,1,208603,208143,460
22557261,136.247,34.0309,585,26338,0.190484,0.05,1,208765,208180,585
22560181,86.4495,136.406,497,26418,0.222097,0.07,1,208839,208342,497
22563101,18.8899,85.6812,426,26498,0.228419,0.07,1,208841,208415,426
22566021,70.978,18.7362,508,26578,0.277684,0.11,1,208925,208417,508
22568941,46.9956,69.3472,467,26658,0.319537,0.09,1,208966,208499,467
22571861,10.9991,46.6694,428,26737,0.327907,0.09,1,208968,208540,428
22574781,21.3998,10.9339,450,26816,0.329581,0.13,1,208992,208542,450
22577701,33.88,22.1868,462,26895,0.329916,0.11,1,209029,208567,462
22580621,8.37599,33.2374,428,26974,0.329983,0.21,1,209031,208603,428
22583541,134.475,136.247,432,27053,0.441997,0.23,1,209197,208765,432
22586461,87.695,86.4495,434,27131,0.496399,0.23,1,209273,208839,434
22589381,19.139,18.8899,434,27209,0.50728,0.29,1,209275,208841,434
22592301,73.4278,70.978,437,27287,0.509456,0.33,1,209362,208925,437
22595221,48.2856,46.9956,438,27365,0.493891,0.33,1,209404,208966,438
22598141,11.2571,10.9991,438,27442,0.490778,0.33,1,209406,208968,438
22601061,21.4514,21.3998,438,27519,0.490156,0.33,1,209430,208992,438
22603981,33.8903,33.88,438,27596,0.554031,0.33,1,209467,209029,438
22606901,8.37806,8.37599,438,27673,0.566806,0.47,1,209469,209031,438
22609821,140.076,134.475,445,27750,0.665361,0.51,1,209642,209197,445
22612741,88.8151,87.695,445,27826,0.685072,0.51,1,209718,209273,445
22615661,19.363,19.139,445,27902,0.689014,0.51,1,209720,209275,445
22618581,73.4726,73.4278,445,27978,0.721803,0.49,1,209807,209362,445
22621501,49.0945,48.2856,446,28054,0.712361,0.49,1,209850,209404,446
22624421,11.4189,11.2571,446,28129,0.742472,0.49,1,209852,209406,446
22627341,22.2838,21.4514,447,28204,0.748494,0.57,1,209877,209430,447
22630261,35.6568,33.8903,449,28279,0.749699,0.57,1,209916,209467,449
22633181,8.73135,8.37806,449,28354,0.74994,0.57,1,209918,209469,449
22636101,144.946,1.67561,628,28429,0.749988,0.69,1,210097,209469,628
22639021,89.7893,138.735,531,28503,0.749998,0.69,1,210173,209642,531
22641941,19.5578,88.547,457,28577,0.75,0.69,1,210175,209718,457
22644861,75.1116,19.3094,544,28651,0.734,0.73,1,210264,209720,544
22647781,48.6223,73.4619,499,28725,0.7468,0.71,1,210306,209807,499
22650701,11.3245,49.0924,458,28799,0.74936,0.75,1,210308,209850,458
22653621,22.2649,11.4185,481,28873,0.765872,0.75,2,210333,209852,481
22656541,37.253,22.2837,497,28946,0.769174,0.75,2,210374,209877,497
22659461,9.0506,35.6567,460,29019,0.769835,0.75,2,210376,209916,460
22755821,29,32,506,31337,0.67,1,1,212151,211645,506
22758741,24.2,6.4,529,31405,0.702,1,1,212174,211645,529
22761661,28.04,24.48,529,31472,0.6924,1,1,212203,211674,529
22764581,32.008,55.296,499,31539,0.64248,1,1,212236,211737,499
22767501,37.6016,35.8592,507,31606,0.600496,1,1,212275,211768,507
22770421,24.3203,27.9718,502,31673,0.608099,1,1,212296,211794,502
22773341,14.4641,20.7944,495,31740,0.65762,0.98,1,212308,211813,495
22776261,122.093,17.7589,627,31807,0.443524,0.91,1,212457,211830,627
22779181,97.2186,130.752,559,31874,0.368705,0.77,1,212548,211989,559
22782101,45.8437,104.55,494,31940,0.369741,0.73,1,212581,212087,494
22785021,29.9687,48.9101,485,32006,0.385948,0.67,1,212607,212122,485
22787941,22.7937,32.982,477,32072,0.38919,0.71,1,212628,212151,477
22790861,30.1587,24.9964,486,32138,0.373838,0.69,1,212660,212174,486
22793781,30.0317,28.1993,487,32204,0.370768,0.63,1,212690,212203,487
22796701,34.8064,32.0399,490,32270,0.354154,0.59,1,212726,212236,490
22799621,24.5613,37.608,473,32336,0.382831,0.61,1,212748,212275,473
22802541,13.7123,24.3216,463,32401,0.436566,0.67,1,212759,212296,463
22805461,111.542,14.4643,587,32466,0.415313,0.39,1,212895,212308,587
22808381,95.1085,122.093,529,32531,0.443063,0.35,1,212986,212457,529
22811301,46.2217,97.2186,472,32596,0.528612,0.37,1,213020,212548,472
22814221,29.2443,45.8437,464,32661,0.593723,0.39,1,213045,212581,464
22817141,23.4489,29.9687,460,32726,0.574745,0.39,1,213067,212607,460
22820061,6.28977,22.7937,441,32791,0.570949,0.37,1,213069,212628,441
22822981,26.058,30.1587,440,32856,0.63419,0.37,1,213100,212660,440
22825901,29.2116,30.0317,440,32920,0.646838,0.35,1,213130,212690,440
22828821,33.8423,34.8064,439,32984,0.649368,0.39,1,213165,212726,439
22831741,27.5685,24.5613,443,33048,0.681874,0.45,1,213191,212748,443
22834661,14.3137,13.7123,443,33112,0.672375,0.41,1,213202,212759,443
22837581,110.863,111.542,442,33176,0.654475,0.45,1,213337,212895,442
22840501,97.3726,95.1085,445,33240,0.714895,0.55,1,213431,212986,445
22843421,49.8745,46.2217,449,33304,0.758979,0.61,2,213469,213020,449
22846341,32.3749,29.2443,452,33368,0.799796,0.57,2,213497,213045,452
22849261,24.875,23.4489,453,33431,0.791959,0.57,2,213520,213067,453
22852181,6.575,6.28977,453,33494,0.790392,0.65,2,213522,213069,453
22855101,25.315,26.058,452,33557,0.758078,0.65,2,213552,213100,452
22858021,29.063,29.2116,452,33620,0.783616,0.65,2,213582,213130,452
22860941,35.4126,33.8423,454,33683,0.836723,0.69,2,213619,213165,454
22863861,27.8825,27.5685,454,33746,0.831345,0.67,2,213645,213191,454
22866781,13.5765,14.3137,453,33809,0.830269,0.65,2,213655,213202,453
22869701,112.315,110.863,455,33872,0.878054,0.73,2,213792,213337,455
22872621,100.063,97.3726,458,33934,0.903611,0.77,2,213889,213431,458
22875541,52.0126,49.8745,460,33996,0.892722,0.81,2,213929,213469,460
22878461,32.8025,32.3749,460,34058,0.906545,0.79,2,213957,213497,460
23214261,34,22,531,40576,0.73,1,1,218446,217915,531
23217181,31.6,36.4,522,40628,0.698,1,1,218477,217955,522
23220101,30.32,40.08,511,40680,0.6756,1,1,218507,217996,511
23223021,37.264,36.016,515,40732,0.60712,1,1,218546,218031,515
23225941,31.4528,36.0032,509,40784,0.545424,1,1,218576,218067,509
23228861,71.0906,29.6006,562,40836,0.293085,1,1,218657,218095,562
23231781,49.4181,72.3201,523,40888,0.098617,1,1,218701,218178,523
23234701,31.4836,59.264,494,40940,0.0917234,1,1,218728,218234,494
23237621,39.0967,35.0528,506,40992,0.0183447,1,1,218769,218263,506
23240541,29.4193,32.6106,501,41044,0.0276689,0.92,1,218796,218295,501
23243461,22.6839,28.9221,494,41095,0.0135338,0.97,1,218817,218323,494
23246381,27.7368,28.1844,495,41146,0.0107068,0.91,1,218846,218351,495
23249301,26.3474,31.2369,489,41197,0.0101414,0.83,1,218872,218383,489
23252221,30.8695,29.4474,492,41248,0.0260283,0.73,1,218904,218412,492
23255141,30.1739,33.0895,488,41299,0.0452057,0.69,1,218934,218446,488
23258061,27.6348,31.4179,484,41350,0.0490411,0.67,1,218961,218477,484
23260981,35.127,30.2836,491,41401,0.0498082,0.59,1,218998,218507,491
23263901,28.6254,37.2567,479,41452,0.0979616,0.53,1,219025,218546,479
23266821,56.9251,31.4513,513,41503,0.107592,0.23,1,219089,218576,513
23269741,12.985,71.0903,434,41554,0.109518,0.05,1,219091,218657,434
23272661,32.197,49.4181,427,41605,0.109904,0.09,1,219128,218701,427
23275581,24.0394,31.4836,422,41656,0.0939807,0,1,219150,218728,422
23278501,38.4079,39.0967,423,41707,0.0267961,0.03,1,219192,218769,423
23281421,29.2816,29.4193,423,41758,0.00535923,0.01,1,219219,218796,423
23284341,21.8563,22.6839,422,41809,0.0410718,0.01,1,219239,218817,422
23287261,29.1713,27.7368,424,41859,0.00821437,0.01,1,219270,218846,424
23290181,25.8343,26.3474,423,41909,0.0256429,0.03,1,219295,218872,423
23293101,29.9669,30.8695,422,41959,0.0131286,0.05,1,219326,218904,422
23296021,33.1934,30.1739,426,42009,0.0426257,0.05,1,219360,218934,426
23298941,25.8387,27.6348,423,42059,0.0165251,0.05,1,219384,218961,423
23301861,37.1677,35.127,426,42109,0.011305,0.11,1,219424,218998,426
23304781,29.8335,28.6254,427,42159,0.106261,0.11,1,219452,219025,427
23307701,57.1667,56.9251,427,42209,0.125252,0.11,1,219516,219089,427
23310621,13.0333,12.985,427,42259,0.17705,0.11,1,219518,219091,427
23313541,30.6067,32.197,425,42309,0.18741,0.09,1,219553,219128,425
23316461,24.5213,24.0394,426,42359,0.221482,0.01,1,219576,219150,426
23319381,35.3043,38.4079,422,42409,0.196296,0,1,219614,219192,422
23322301,28.6609,29.2816,422,42459,0.175259,0.05,1,219641,219219,422
23325221,21.7322,21.8563,422,42509,0.171052,0,1,219661,219239,422
23328141,29.1464,29.1713,422,42559,0.0902104,0.03,1,219692,219270,422
23331061,25.8293,25.8343,422,42609,0.0900421,0.01,1,219717,219295,422
23333981,29.9659,29.9669,422,42659,0.0260084,0.05,1,219748,219326,422
23336901,33.1932,33.1934,422,42708,0.0452017,0.01,1,219782,219360,422
23339821,26.6386,25.8387,423,42757,0.00904034,0.01,1,219807,219384,423
23342741,37.3277,37.1677,423,42806,0.0258081,0.13,1,219847,219424,423
23345661,32.2655,29.8335,426,42855,0.0131616,0.13,1,219878,219452,426
23348581,60.0531,57.1667,429,42904,0.106632,0.19,1,219945,219516,429
23351501,13.6106,13.0333,429,42953,0.0933265,0.19,1,219947,219518,429
23354421,30.7221,30.6067,429,43002,0.0746653,0.19,1,219982,219553,429
23357341,25.3444,6.12133,453,43051,0.0709331,0.23,1,220006,219553,453
23360261,33.8689,19.6243,466,43100,0.0701866,0.19,1,220042,219576,466
23363181,27.5738,34.3249,454,43149,0.0700373,0.17,1,220068,219614,454
23366101,21.5148,28.465,447,43198,0.0860075,0.17,1,220088,219641,447
23369021,25.103,21.693,453,43247,0.121201,0.07,1,220114,219661,453
23371941,24.2206,29.1386,446,43296,0.16024,0.09,1,220138,219692,446
23374861,29.6441,25.8277,452,43345,0.120048,0.01,1,220169,219717,452
23377781,33.1288,29.9655,455,43394,0.0800096,0.05,1,220203,219748,455
23380701,26.6258,33.1931,446,43443,0.0720019,0,1,220228,219782,446
23383621,37.3252,26.6386,461,43492,0.0704004,0.03,1,220268,219807,461
23386541,32.265,37.3277,452,43541,0.0540801,0.01,1,220299,219847,452
23389461,63.253,32.2655,492,43589,0.098816,0.13,1,220370,219878,492
23392381,14.2506,60.0531,427,43637,0.107763,0.09,1,220372,219945,427
23395301,30.0501,13.6106,459,43685,0.109553,0.07,1,220406,219947,459
23398221,25.21,30.7221,448,43733,0.109911,0.07,1,220430,219982,448
23401141,33.842,25.3444,460,43781,0.317982,0.07,1,220466,220006,460
23404061,28.3684,33.8689,451,43829,0.359596,0.07,1,220493,220042,451
23406981,21.6737,27.5738,445,43877,0.367919,0.09,1,220513,220068,445
23409901,26.7347,21.5148,453,43925,0.369584,0.13,1,220541,220088,453
23412821,24.5469,25.103,451,43973,0.401917,0.17,1,220565,220114,451
23415741,27.3094,24.2206,455,44021,0.408383,0.11,1,220593,220138,455
23418661,33.4619,29.6441,459,44069,0.425677,0.07,1,220628,220169,459
23421581,24.2924,33.1288,447,44117,0.429135,0.07,1,220650,220203,447
23424501,36.8585,26.6258,462,44165,0.429827,0.07,1,220690,220228,462
23427421,33.7717,37.3252,455,44213,0.413965,0.05,1,220723,220268,455
23430341,65.1543,32.265,497,44261,0.442793,0.11,1,220796,220299,497
23433261,14.6309,63.253,428,44309,0.448559,0.11,1,220798,220370,428
23436181,30.1262,14.2506,460,44357,0.481712,0.11,1,220832,220372,460
23439101,34.8252,30.0501,462,44405,0.552342,0.11,1,220868,220406,462
23442021,36.565,25.21,475,44453,0.566468,0.37,1,220905,220430,475
23444941,8.91301,33.842,441,44500,0.569294,0.37,1,220907,220466,441
23447861,22.5826,28.3684,440,44547,0.569859,0.37,1,220933,220493,440
23450781,20.5165,21.6737,440,44594,0.601972,0.37,1,220953,220513,440
23453701,27.3033,26.7347,441,44641,0.592394,0.41,1,220982,220541,441
23456621,25.4607,24.5469,442,44688,0.606479,0.41,1,221007,220565,442
23459541,29.0921,27.3094,444,44735,0.593296,0.43,1,221037,220593,444
23462461,33.0184,33.4619,443,44782,0.670659,0.43,1,221071,220628,443
23465381,24.2037,24.2924,443,44829,0.670132,0.43,1,221093,220650,443
23468301,36.8407,36.8585,443,44876,0.670026,0.41,1,221133,220690,443
23471221,32.9681,33.7717,442,44923,0.718005,0.45,1,221165,220723,442
23474141,67.3936,65.1543,445,44970,0.743601,0.45,1,221241,220796,445
23477061,15.0787,14.6309,445,45017,0.74872,0.49,1,221243,220798,445
23479981,31.8157,30.1262,447,45064,0.749744,0.57,1,221279,220832,447
23482901,36.7631,34.8252,449,45111,0.797949,0.57,2,221317,220868,449
23485821,37.7526,36.565,450,45158,0.87159,0.57,2,221355,220905,450
23488741,9.15053,8.91301,450,45205,0.886318,0.57,2,221357,220907,450
23491661,22.6301,22.5826,450,45252,0.889264,0.61,2,221383,220933,450
23494581,20.526,20.5165,450,45299,0.921853,0.59,2,221403,220953,450
23678541,428,621,428,2920,0.21,0,1,224872,224444,428
23681461,429.6,466.6,430,4380,0.338,0.21,1,225302,224872,430
23682921,246.72,93.32,631,5840,0.5076,0.37,1,225503,224872,631
23685841,238.944,362.664,438,7300,0.68552,0.37,1,225740,225302,438
23687301,209.389,72.5328,640,8760,0.785104,0.55,2,225942,225302,640
23690221,49.8778,175.307,449,10220,0.773021,0.73,2,225952,225503,449
23748621,27,33,510,15183,0.49,1,1,228362,227852,510
23751541,123.8,143.4,487,15323,0.154,1,1,228510,228023,487
23754461,83.16,87.88,486,15462,0.1188,0.69,1,228583,228097,486
23757381,135.032,163.176,452,15599,0.07976,0.57,1,228731,228279,452
23760301,66.2064,77.4352,445,15735,0.087952,0.49,1,228780,228335,445
23763221,34.8413,37.087,445,15870,0.10559,0.07,1,228807,228362,445
23766141,108.568,125.817,424,16004,0.125118,0.11,1,228934,228510,424
23769061,82.5136,83.5635,427,16137,0.161024,0.07,1,229010,228583,427
23771981,132.503,135.113,424,16269,0.216205,0.09,1,229155,228731,424
23774901,67.3005,66.2225,426,16400,0.243241,0.11,1,229206,228780,426
23777821,34.2601,34.8445,425,16529,0.296648,0.13,1,229232,228807,425
23780741,111.652,108.569,429,16657,0.38733,0.13,1,229363,228934,429
23783661,83.9304,21.7138,506,16784,0.341466,0.17,1,229440,228934,506
23786581,134.386,65.1428,577,16911,0.460293,0.23,1,229587,229010,577
23789501,68.4772,129.029,484,17037,0.484059,0.25,1,229639,229155,484
23792421,33.6954,66.6057,458,17162,0.472812,0.31,1,229664,229206,458
23795341,117.139,34.1211,570,17286,0.518562,0.41,1,229802,229232,570
23798261,85.8278,111.624,517,17409,0.543712,0.33,1,229880,229363,517
23801181,138.766,83.9248,592,17531,0.676742,0.49,1,230032,229440,592
23804101,69.3531,134.385,497,17652,0.735349,0.49,1,230084,229587,497
23807021,33.8706,68.477,470,17772,0.73107,0.47,1,230109,229639,470
23809941,120.374,33.6954,587,17891,0.810214,0.53,2,230251,229664,587
23812861,85.6748,117.139,526,18010,0.810043,0.55,2,230328,229802,526
23815781,18.735,85.8278,450,18128,0.810009,0.71,2,230330,229880,450
23818701,130.947,138.766,457,18245,0.874002,0.75,2,230489,230032,457
23821621,69.3894,69.3531,459,18361,0.8228,0.73,2,230543,230084,459
23824541,33.0779,33.8706,458,18477,0.81256,0.83,2,230567,230109,458
23827461,122.616,120.374,461,18592,0.842512,0.81,2,230712,230251,461
23830381,86.9231,85.6748,462,18706,0.896502,0.81,2,230790,230328,462
23833301,18.9846,18.735,462,18819,0.9073,0.89,2,230792,230330,462
23906301,40,34,497,21460,0.83,1,2,232720,232223,497
23909221,111.2,122,482,21559,0.542,1,1,232849,232367,482
23912141,56.64,55.6,486,21657,0.4844,0.92,1,232892,232406,486
23915061,33.728,33.52,486,21755,0.45688,1,1,232920,232434,486
23917981,28.3456,31.504,482,21852,0.403376,0.93,1,232947,232465,482
23920901,108.869,123.101,465,21949,0.360675,0.87,1,233076,232611,465
23923821,76.1738,79.8202,464,22046,0.272135,0.83,1,233144,232680,464
23926741,43.2348,47.964,459,22142,0.238427,0.47,1,233179,232720,459
23929661,101.447,112.793,446,22238,0.263685,0.47,1,233295,232849,446
23932581,51.4894,56.9586,442,22333,0.252737,0.45,1,233334,232892,442
23935501,31.0979,33.7917,440,22428,0.218547,0.39,1,233360,232920,440
23938421,27.0196,28.3583,439,22523,0.29171,0.39,1,233386,232947,439
23941341,104.604,5.67167,563,22617,0.338342,0.35,1,233510,232947,563
23944261,72.9208,104.334,499,22711,0.331668,0.25,1,233575,233076,499
23947181,43.3842,75.2669,467,22804,0.346334,0.23,1,233611,233144,467
23950101,103.077,43.0534,550,22897,0.365267,0.27,1,233729,233179,550
23953021,51.0154,101.411,472,22990,0.385053,0.25,1,233767,233295,472
23955941,31.8031,51.4821,460,23082,0.389011,0.21,1,233794,233334,460
23958861,27.1606,31.0964,460,23174,0.405802,0.31,1,233820,233360,460
23961781,106.232,27.0193,560,23265,0.47316,0.35,1,233946,233386,560
23964701,74.8464,104.604,503,23356,0.518632,0.33,1,234013,233510,503
23967621,44.5693,72.9208,475,23447,0.543726,0.35,1,234050,233575,475
23970541,103.314,43.3842,557,23537,0.580745,0.37,1,234168,233611,557
23973461,51.8628,103.077,478,23627,0.572149,0.39,1,234207,233729,478
23976381,32.7726,51.0154,468,23717,0.57043,0.39,1,234235,233767,468
23979301,27.3545,31.8031,467,23806,0.570086,0.41,1,234261,233794,467
23982221,109.471,27.1606,571,23895,0.586017,0.49,1,234391,233820,571
23985141,75.4942,106.232,512,23984,0.621203,0.53,1,234458,233946,512
23988061,16.6988,74.8464,447,24072,0.628241,0.55,1,234460,234013,447
23990981,34.5398,44.5693,449,24160,0.613648,0.59,1,234499,234050,449
23993901,102.908,103.314,451,24248,0.72273,0.57,1,234619,234168,451
23996821,50.9816,51.8628,450,24335,0.712546,0.57,1,234657,234207,450
23999741,32.5963,32.7726,450,24422,0.758509,0.57,2,234685,234235,450
24002661,27.3193,27.3545,450,24509,0.799702,0.59,2,234711,234261,450
24005581,111.064,109.471,452,24595,0.83994,0.63,2,234843,234391,452
24008501,76.6128,75.4942,453,24681,0.911988,0.63,2,234911,234458,453
24110701,27,29,503,27526,0.85,1,2,236878,236375,503
24113621,87,103.4,483,27603,0.658,1,1,236980,236497,483
24116541,43.8,41.48,490,27680,0.6196,1,1,237013,236523,490
24119461,31.16,30.696,490,27757,0.59592,1,1,237041,236551,490
24122381,23.032,25.3392,487,27833,0.607184,1,1,237062,236575,487
24125301,22.2064,29.0678,479,27909,0.497437,1,1,237084,236605,479
24128221,95.6413,108.214,465,27985,0.443487,0.93,1,237198,236733,465
24131141,82.3283,86.4427,463,28061,0.416697,0.83,1,237277,236814,463
24134061,45.2657,46.8885,462,28136,0.411339,0.85,1,237313,236851,462
24136981,31.4531,30.9777,463,28211,0.378268,0.61,1,237341,236878,463
24139901,78.2906,87.7955,451,28286,0.467654,0.61,1,237431,236980,451
24142821,39.6581,43.9591,448,28361,0.453531,0.61,1,237461,237013,448
24145741,31.1316,8.79182,477,28436,0.434706,0.59,1,237490,237013,477
24148661,22.2263,24.1584,469,28510,0.462941,0.61,1,237510,237041,469
24151581,18.8453,21.6317,466,28584,0.436588,0.47,1,237528,237062,466
24154501,93.3691,21.9263,556,28658,0.431318,0.43,1,237640,237084,556
24157421,81.0738,95.5853,520,28732,0.494264,0.41,1,237718,237198,520
24160341,43.4148,82.3171,475,28806,0.538853,0.41,1,237752,237277,475
24163261,31.883,45.2634,468,28879,0.547771,0.37,1,237781,237313,468
24166181,80.7766,31.4527,533,28952,0.533554,0.49,1,237874,237341,533
24169101,40.1553,78.2905,473,29025,0.530711,0.45,1,237904,237431,473
24172021,30.4311,39.6581,471,29098,0.530142,0.43,1,237932,237461,471
24174941,22.0862,31.1316,462,29171,0.530028,0.47,1,237952,237490,462
24177861,17.2172,22.2263,458,29244,0.546006,0.43,1,237968,237510,458
24180781,95.4434,18.8453,555,29316,0.661201,0.43,1,238083,237528,555
24183701,83.8887,93.3691,524,29388,0.63624,0.51,1,238164,237640,524
24186621,45.5777,81.0738,482,29460,0.647248,0.55,1,238200,237718,482
24189541,32.3155,43.4148,477,29532,0.63345,0.55,1,238229,237752,477
24192461,80.0631,31.883,540,29604,0.67869,0.53,1,238321,237781,540
24195381,40.0126,80.7766,477,29676,0.687738,0.53,1,238351,237874,477
24198301,30.4025,40.1553,475,29747,0.689548,0.53,1,238379,237904,475
24201221,22.0805,30.4311,467,29818,0.705909,0.53,1,238399,237932,467
24204141,6.0161,22.0862,449,29889,0.709182,0.55,1,238401,237952,449
24207061,14.8032,17.2172,450,29960,0.725836,0.69,1,238418,237968,450
24209981,98.1606,95.4434,454,30031,0.777167,0.63,2,238537,238083,454
24212901,83.6321,83.8887,453,30101,0.819433,0.65,2,238617,238164,453
24215821,46.3264,45.5777,454,30171,0.843887,0.63,2,238654,238200,454
24218741,32.4653,32.3155,454,30241,0.880777,0.69,2,238683,238229,454
24382261,35,32,492,33938,0.77,0.99,2,241281,240789,492
24385181,31,24.8,499,34000,0.674,1,1,241311,240812,499
24388101,35,20.16,516,34062,0.5908,1,1,241347,240831,516
24391021,26.2,43.232,491,34124,0.59016,1,1,241371,240880,491
24393941,35.64,36.6464,494,34186,0.542032,1,1,241409,240915,494
24396861,53.528,69.7293,474,34248,0.404406,1,1,241467,240993,474
24399781,50.7056,13.9459,524,34310,0.344881,1,1,241517,240993,524
24402701,44.5411,37.9892,523,34372,0.364976,1,1,241560,241037,523
24405621,58.5082,48.3978,534,34434,0.288995,0.88,1,241622,241088,534
24408541,51.7016,62.4796,518,34495,0.241799,0.87,1,241672,241154,518
24411461,37.5403,58.8959,494,34556,0.26436,0.75,1,241706,241212,494
24414381,35.5081,38.9792,495,34617,0.284872,0.77,1,241741,241246,495
24417301,27.1016,35.7958,485,34678,0.288974,0.65,1,241766,241281,485
24420221,30.2203,31.1592,486,34739,0.321795,0.57,1,241797,241311,486
24423141,24.4441,35.0318,473,34800,0.328359,0.59,1,241820,241347,473
24426061,31.2888,26.2064,482,34861,0.313672,0.53,1,241853,241371,482
24428981,48.6578,35.6413,497,34922,0.326734,0.37,1,241906,241409,497
24431901,49.7316,53.5283,489,34983,0.297347,0.33,1,241956,241467,489
24434821,44.3463,50.7057,482,35043,0.339469,0.37,1,241999,241517,482
24437741,56.8693,44.5411,499,35103,0.347894,0.27,1,242059,241560,499
24440661,47.3739,58.5082,482,35163,0.397579,0.23,1,242104,241622,482
24443581,39.0748,51.7016,469,35223,0.423516,0.27,1,242141,241672,469
24446501,34.215,37.5403,468,35283,0.444703,0.29,1,242174,241706,468
24449421,30.843,35.5081,463,35343,0.432941,0.29,1,242204,241741,463
24452341,30.1686,27.1016,468,35403,0.430588,0.33,1,242234,241766,468
24455261,24.4337,30.2203,460,35463,0.414118,0.33,1,242257,241797,460
24458181,31.2867,24.4441,470,35523,0.410824,0.31,1,242290,241820,470
24461101,50.2573,31.2888,492,35583,0.426165,0.33,1,242345,241853,492
24464021,46.8515,48.6578,485,35642,0.445233,0.29,1,242391,241906,485
24466941,10.9703,49.7316,437,35701,0.449047,0.35,1,242393,241956,437
24469861,38.1941,44.3463,439,35760,0.513809,0.35,1,242438,241999,439
24472781,57.2388,56.8693,441,35819,0.558762,0.41,1,242500,242059,441
24475701,48.2478,47.3739,442,35878,0.567752,0.43,1,242546,242104,442
24478621,40.0496,39.0748,443,35937,0.56955,0.45,1,242584,242141,443
24481541,36.0099,34.215,445,35996,0.56991,0.43,1,242619,242174,445
24484461,29.602,30.843,443,36055,0.617982,0.43,1,242647,242204,443
24487381,29.9204,30.1686,443,36114,0.643596,0.41,1,242677,242234,443
24490301,23.5841,24.4337,442,36173,0.664719,0.41,1,242699,242257,442
24493221,32.7168,31.2867,444,36231,0.668944,0.43,1,242734,242290,444
24496141,50.5434,50.2573,444,36289,0.717789,0.45,1,242789,242345,444
24499061,46.9087,46.8515,444,36347,0.743558,0.45,1,242835,242391,444
24501981,10.9817,10.9703,444,36405,0.748712,0.53,1,242837,242393,444
24504901,40.5963,38.1941,447,36463,0.781742,0.57,2,242885,242438,447
24507821,58.5193,57.2388,448,36521,0.900348,0.57,2,242948,242500,448
24510741,48.5039,48.2478,448,36579,0.92407,0.57,2,242994,242546,448
24513661,40.1008,40.0496,448,36637,0.928814,0.57,2,243032,242584,448
24516581,38.4202,36.0099,451,36695,0.913763,0.63,2,243070,242619,451
24519501,30.884,29.602,452,36753,0.910753,0.65,2,243099,242647,452
24522421,30.9768,29.9204,453,36810,0.926151,0.67,2,243130,242677,453
24525341,24.5954,23.5841,454,36867,0.94523,0.67,2,243153,242699,454
24754561,93,105,472,18482,0.05,0.13,1,246257,245785,472
24757481,109,92.2,496,18597,0.05,0.09,1,246370,245874,496
24760401,72.2,105.64,450,18711,0.01,0.09,1,246433,245983,450
24763321,36.84,55.528,435,18824,0.026,0.03,1,246461,246026,435
24766241,43.368,36.7056,448,18937,0.0452,0.07,1,246506,246058,448
24769161,74.2736,92.1411,424,19049,0.11304,0.05,1,246588,246164,424
24772081,89.2547,92.8282,424,19160,0.062608,0.05,1,246681,246257,424
24775001,108.251,108.966,424,19271,0.116522,0,1,246794,246370,424
24777921,71.2502,72.1931,423,19381,0.0473043,0.03,1,246856,246433,423
24780841,36.65,36.8386,423,19490,0.0334609,0.05,1,246884,246461,423
24783761,44.93,43.3677,425,19599,0.0306922,0.05,1,246931,246506,425
24786681,74.586,8.67354,507,19707,0.0301384,0.13,1,247013,246506,507
24789601,86.1172,67.3347,514,19815,0.0620277,0.05,1,247102,246588,514
24792521,111.623,87.8669,539,19922,0.132406,0.13,1,247220,246681,539
24795441,67.9247,107.973,483,20028,0.210481,0.03,1,247277,246794,483
24798361,36.7849,71.1947,450,20134,0.210096,0.03,1,247306,246856,450
24801281,44.957,36.6389,469,20239,0.130019,0.03,1,247353,246884,469
24804201,74.5914,44.9278,504,20344,0.146004,0.03,1,247435,246931,504
24807121,87.7183,74.5856,513,20448,0.181201,0.07,1,247526,247013,513
24810041,116.744,86.1171,548,20552,0.22024,0.15,1,247650,247102,548
24812961,70.5487,111.623,489,20655,0.180048,0.23,1,247709,247220,489
24815881,36.5097,67.9247,460,20758,0.17201,0.21,1,247737,247277,460
24818801,41.702,36.7849,474,20860,0.202402,0.11,1,247780,247306,474
24821721,74.7404,44.957,510,20962,0.19248,0.15,1,247863,247353,510
24824641,16.5481,74.5914,430,21063,0.190496,0.19,1,247865,247435,430
24827561,76.9096,87.7183,431,21164,0.190099,0.23,1,247957,247526,431
24830481,116.182,116.744,433,21264,0.20602,0.17,1,248083,247650,433
24833401,68.0364,70.5487,430,21364,0.225204,0.17,1,248139,247709,430
24836321,36.8073,36.5097,431,21463,0.229041,0.21,1,248168,247737,431
24839241,42.5615,41.702,432,21562,0.261808,0.19,1,248212,247780,432
24842161,74.1123,74.7404,431,21660,0.332362,0.19,1,248294,247863,431
24845081,16.4225,16.5481,431,21758,0.346472,0.19,1,248296,247865,431
24848001,76.8845,76.9096,431,21855,0.365294,0.21,1,248388,247957,431
24850921,115.377,116.182,430,21952,0.449059,0.23,1,248513,248083,430
24853841,69.4754,68.0364,432,22049,0.497812,0.23,1,248571,248139,432
24856761,36.2951,36.8073,431,22145,0.523562,0.27,1,248599,248168,431
24859681,45.659,42.5615,435,22241,0.576712,0.35,1,248647,248212,435
24862601,76.3318,74.1123,437,22336,0.683343,0.35,1,248731,248294,437
24865521,16.8664,16.4225,437,22431,0.672669,0.37,1,248733,248296,437
24868441,77.7733,76.8845,438,22526,0.718534,0.37,1,248826,248388,438
24871361,119.555,15.3769,568,22620,0.727707,0.47,1,248956,248388,568
24874281,73.5109,103.075,505,22714,0.793541,0.51,2,249018,248513,505
24877201,37.1022,67.0151,475,22807,0.822708,0.53,2,249046,248571,475
24880121,48.2204,35.803,498,22900,0.828542,0.59,2,249097,248599,498
24883041,80.0441,45.5606,538,22993,0.877708,0.71,2,249185,248647,538
24885961,17.6088,76.3121,456,23085,0.887542,0.67,2,249187,248731,456
24888881,78.7218,16.8624,548,23177,0.937508,0.73,2,249281,248733,548
24891801,122.944,77.7725,589,23268,0.947502,0.73,2,249415,248826,589
24988161,30,68,510,26105,0.77,1,2,251413,250903,510
24991081,29.2,30.4,518,26186,0.77,1,2,251442,250924,518
24994001,33.04,25.28,528,26267,0.738,1,1,251476,250948,528
24996921,59.408,29.856,563,26348,0.6036,1,1,251542,250979,563
24999841,39.0816,75.5712,510,26428,0.48072,1,1,251576,251066,510
25002761,67.8163,39.9142,554,26508,0.136144,1,1,251651,251097,554
25005681,115.963,74.3828,599,26588,0.0272288,0.95,1,251779,251180,599
25008601,75.9927,117.277,537,26668,0.0294458,0.95,1,251845,251308,537
25011521,35.1985,83.4553,487,26747,0.0458892,0.77,1,251870,251383,487
25014441,26.2397,40.6911,481,26826,0.0491778,0.77,1,251894,251413,481
25017361,30.8479,31.3382,484,26905,0.0338356,0.73,1,251926,251442,484
25020281,7.76959,33.4676,452,26984,0.0307671,0.57,1,251928,251476,452
25023201,45.5539,59.4935,441,27062,0.0461534,0.45,1,251983,251542,441
25026121,34.7108,39.0987,439,27140,0.0332307,0.05,1,252015,251576,439
25029041,54.1422,67.8197,423,27218,0.0306461,0,1,252074,251651,423
25031961,114.028,115.964,424,27296,0.0461292,0.03,1,252203,251779,424
25034881,74.8057,75.9928,423,27374,0.0652258,0.05,1,252268,251845,423
25037801,35.7611,35.1986,424,27451,0.0530452,0.05,1,252294,251870,424
25040721,25.5522,26.2397,423,27528,0.066609,0.03,1,252317,251894,423
25043641,30.7104,30.8479,423,27605,0.101322,0.03,1,252349,251926,423
25046561,7.74209,7.76959,423,27682,0.108264,0.05,1,252351,251928,423
25049481,45.5484,45.5539,423,27759,0.109653,0.03,1,252406,251983,423
25052401,33.9097,34.7108,422,27835,0.0939306,0.03,1,252437,252015,422
25055321,54.7819,54.1422,423,27911,0.106786,0.05,1,252497,252074,423
25058241,114.956,114.028,424,27987,0.205357,0.07,1,252627,252203,424
25061161,74.1913,74.8057,423,28063,0.225071,0.05,1,252691,252268,423
25064081,34.8383,35.7611,422,28138,0.213014,0.07,1,252716,252294,422
25067001,28.5677,25.5522,426,28213,0.194603,0.11,1,252743,252317,426
25069921,28.9135,30.7104,423,28288,0.190921,0.11,1,252772,252349,423
25072841,7.38271,7.74209,423,28363,0.222184,0.11,1,252774,252351,423
25075761,46.2765,1.54842,479,28438,0.228437,0.11,1,252830,252351,479
25078681,34.0553,44.3097,455,28512,0.213687,0.09,1,252861,252406,455
25081601,53.2111,33.6619,482,28586,0.258737,0.11,1,252919,252437,482
25084521,121.042,54.7324,560,28660,0.315747,0.23,1,253057,252497,560
25087441,75.4084,114.946,494,28734,0.35915,0.23,1,253121,252627,494
25090361,34.2817,74.1893,454,28808,0.36783,0.21,1,253145,252691,454
25093281,27.6563,34.8379,455,28881,0.385566,0.19,1,253171,252716,455
25096201,30.3313,28.5676,459,28954,0.373113,0.19,1,253202,252743,459
25099121,7.66625,28.9135,432,29027,0.370623,0.23,1,253204,252772,432
25102041,47.9333,7.3827,488,29100,0.370125,0.23,1,253262,252774,488
25104961,35.1867,46.2765,464,29173,0.402025,0.21,1,253294,252830,464
25107881,54.2373,34.0553,492,29246,0.456405,0.27,1,253353,252861,492
25110801,123.647,53.2111,575,29318,0.467281,0.33,1,253494,252919,575
25113721,77.5295,121.042,503,29390,0.453456,0.37,1,253560,253057,503
25116641,34.7059,75.4084,463,29462,0.466691,0.37,1,253584,253121,463
25119561,28.5412,34.2817,466,29534,0.453338,0.39,1,253611,253145,466
25122481,29.7082,27.6563,470,29606,0.450668,0.37,1,253641,253171,470
25125401,7.54165,30.3313,441,29677,0.466134,0.37,1,253643,253202,441
25128321,48.7083,7.66625,498,29748,0.485227,0.37,1,253702,253204,498
25131241,36.9417,47.9333,474,29819,0.505045,0.41,1,253736,253262,474
25134161,8.98833,35.1867,444,29890,0.477009,0.47,1,253738,253294,444
25137081,49.7977,54.2373,445,29961,0.439402,0.47,1,253798,253353,445
25140001,122.76,123.647,445,30032,0.49588,0.45,1,253939,253494,445
25142921,76.5519,77.5295,444,30102,0.555176,0.47,1,254004,253560,444
25145841,35.3104,34.7059,445,30172,0.583035,0.45,1,254029,253584,445
25148761,27.8621,28.5412,444,30242,0.572607,0.45,1,254055,253611,444
25151681,30.3724,29.7082,445,30312,0.602521,0.47,1,254086,253641,445
25154601,7.67448,7.54165,445,30382,0.640504,0.49,1,254088,253643,445
25157521,49.5349,48.7083,446,30452,0.648101,0.51,1,254148,253702,446
25160441,36.307,36.9417,445,30521,0.71362,0.47,1,254181,253736,445
25163361,8.8614,8.98833,445,30590,0.726724,0.43,1,254183,253738,445
25166281,48.1723,49.7977,443,30659,0.729345,0.51,1,254241,253798,443
25169201,124.834,122.76,446,30728,0.777869,0.57,2,254385,253939,446
25172121,78.5669,76.5519,448,30797,0.851574,0.59,2,254452,254004,448
25175041,36.5134,35.3104,449,30866,0.882315,0.57,2,254478,254029,449
25177961,28.9027,27.8621,450,30935,0.888463,0.61,2,254505,254055,450
25180881,32.1805,30.3724,452,31003,0.905693,0.65,2,254538,254086,452
25312281,38,35,489,33938,0.81,1,2,256555,256066,489
25315201,32.4,30.2,491,34000,0.73,1,1,256586,256095,491
25318121,27.28,25.24,493,34062,0.778,1,2,256612,256119,493
25321041,134.256,129.848,498,34124,0.4996,1,1,256773,256275,498
25323961,51.6512,51.5696,497,34186,0.49192,1,1,256804,256307,497
25326881,34.3302,45.5139,483,34248,0.426384,1,1,256834,256351,483
25329801,30.866,9.10278,513,34310,0.429277,0.91,1,256864,256351,513
25332721,31.7732,26.6206,514,34372,0.413855,1,1,256896,256382,514
25335641,39.9546,40.5241,512,34434,0.362771,1,1,256938,256426,512
25338561,32.7909,41.7048,501,34495,0.432554,0.87,1,256969,256468,501
25341481,16.9582,34.741,481,34556,0.446511,0.93,1,256982,256501,481
25344401,28.1916,19.7482,496,34617,0.433302,0.81,1,257013,256517,496
25347321,27.2383,34.3496,485,34678,0.44666,0.71,1,257040,256555,485
25350241,26.2477,31.6699,480,34739,0.465332,0.79,1,257066,256586,480
25353161,124.45,27.134,603,34800,0.469066,0.43,1,257215,256612,603
25356081,49.6899,134.227,473,34861,0.517813,0.49,1,257246,256773,473
25359001,33.138,51.6454,471,34922,0.559563,0.41,1,257275,256804,471
25361921,32.2276,34.3291,473,34983,0.599913,0.43,1,257307,256834,473
25364841,28.8455,30.8658,471,35043,0.591982,0.41,1,257335,256864,471
25367761,39.3691,31.7732,481,35103,0.590397,0.35,1,257377,256896,481
25370681,35.0738,39.9546,473,35163,0.638079,0.45,1,257411,256938,473
25373601,19.0148,32.7909,457,35223,0.631616,0.45,1,257426,256969,457
25376521,27.003,16.9582,473,35283,0.614323,0.43,1,257455,256982,473
25379441,29.4006,28.1916,472,35343,0.610865,0.45,1,257485,257013,472
25382361,25.0801,27.2383,469,35403,0.594173,0.47,1,257509,257040,469
25385281,126.616,26.2477,595,35463,0.606835,0.47,1,257661,257066,595
25388201,49.3232,124.45,476,35523,0.609367,0.53,1,257691,257215,476
25391121,36.2646,49.6899,478,35583,0.561873,0.57,1,257724,257246,478
25394041,34.4529,33.138,483,35642,0.552375,0.61,1,257758,257275,483
25396961,8.49059,32.2276,453,35701,0.550475,0.59,1,257760,257307,453
25399881,22.4981,28.8455,451,35760,0.582095,0.59,1,257786,257335,451
25402801,38.0996,39.3691,451,35819,0.604419,0.65,1,257828,257377,451
25405721,37.2199,35.0738,454,35878,0.608884,0.63,1,257865,257411,454
25408641,18.644,19.0148,453,35937,0.625777,0.61,1,257879,257426,453
25411561,26.1288,27.003,452,35996,0.645155,0.61,1,257907,257455,452
25414481,29.2258,29.4006,452,36055,0.617031,0.59,1,257937,257485,452
25417401,24.2452,25.0801,451,36114,0.643406,0.61,1,257960,257509,451
25420321,127.249,126.616,452,36173,0.760681,0.61,2,258113,257661,452
25423241,49.4498,49.3232,452,36231,0.752136,0.55,2,258143,257691,452
25426161,33.89,36.2646,449,36289,0.798427,0.55,2,258173,257724,449
25429081,33.978,34.4529,449,36347,0.871686,0.55,2,258207,257758,449
25432001,8.3956,8.49059,449,36405,0.854337,0.59,2,258209,257760,449
25434921,22.4791,22.4981,449,36463,0.882867,0.61,2,258235,257786,449
25437841,38.8958,38.0996,450,36521,0.904574,0.61,2,258278,257828,450
25440761,37.3792,37.2199,450,36579,0.908915,0.63,2,258315,257865,450
25636401,20,9,559,40267,0.59,1,1,260888,260329,559
25639321,52.8,24.2,592,40319,0.382,1,1,260949,260357,592
25642241,63.36,112.84,523,40371,0.2444,1,1,261015,260492,523
25645161,40.672,49.768,524,40423,0.10488,1,1,261050,260526,524
25648081,38.5344,49.1536,513,40475,0.092976,1,1,261088,260575,513
25651001,38.1069,41.0307,512,40527,0.0425952,1,1,261126,260614,512
25653921,30.0214,33.0061,509,40579,0.064519,1,1,261154,260645,509
25656841,30.8043,27.4012,514,40631,0.0129038,1,1,261185,260671,514
25659761,29.3609,25.4802,518,40683,0.0745808,1,1,261214,260696,518
25662681,25.0722,37.096,502,40735,0.0869161,0.95,1,261238,260736,502
25665601,25.0144,33.0192,495,40787,0.0573832,0.98,1,261263,260768,495
25668521,31.4029,30.6038,498,40839,0.0194766,0.83,1,261296,260798,498
25671441,26.2806,35.7208,486,40891,0.123895,0.69,1,261321,260835,486
25674361,17.2561,33.5442,468,40943,0.0967791,0.59,1,261336,260868,468
25677281,43.4512,22.7088,498,40995,0.0433558,0.33,1,261386,260888,498
25680201,55.0902,53.3418,495,41046,0.0166712,0.21,1,261444,260949,495
25683121,32.618,63.4684,456,41097,0.0273342,0.07,1,261471,261015,456
25686041,36.9236,40.6937,459,41148,0.0134668,0.09,1,261509,261050,459
25688961,37.7847,38.5387,459,41199,0.0586934,0.03,1,261547,261088,459
25691881,30.7569,38.1077,450,41250,0.131739,0.07,1,261576,261126,450
25694801,32.5514,30.0215,455,41301,0.0263477,0,1,261609,261154,455
25697721,29.7103,30.8043,453,41352,0.0132695,0.09,1,261638,261185,453
25700641,25.1421,29.3609,448,41403,0.0586539,0.09,1,261662,261214,448
25703561,22.6284,25.0722,446,41454,0.0517308,0.05,1,261684,261238,446
25706481,34.1257,25.0144,458,41505,0.0343462,0.01,1,261721,261263,458
25709401,8.42514,31.4029,427,41556,0.0308692,0.15,1,261723,261296,427
25712321,21.685,26.2806,427,41607,0.0621738,0.09,1,261748,261321,427
25715241,16.337,17.2561,427,41658,0.0524348,0.03,1,261763,261336,427
25718161,39.2674,43.4512,422,41709,0.034487,0.01,1,261808,261386,422
25721081,54.2535,55.0902,422,41760,0.0468974,0.03,1,261866,261444,422
25724001,34.0507,32.618,424,41811,0.0493795,0.01,1,261895,261471,424
25726921,35.6101,36.9236,422,41861,0.00987589,0.07,1,261931,261509,422
25729841,37.522,37.7847,422,41911,0.0419752,0.15,1,261969,261547,422
25732761,31.5044,30.7569,423,41961,0.048395,0,1,261999,261576,423
25735681,31.9009,32.5514,422,42011,0.033679,0.01,1,262031,261609,422
25738601,30.3802,29.7103,423,42061,0.0307358,0.07,1,262061,261638,423
25741521,26.076,25.1421,424,42111,0.0461472,0.05,1,262086,261662,424
25744441,24.4152,22.6284,426,42161,0.0172294,0.03,1,262110,261684,426
25747361,31.283,34.1257,422,42211,0.0594459,0.03,1,262143,261721,422
25750281,7.85661,8.42514,422,42261,0.0678892,0.07,1,262145,261723,422
25753201,22.3713,21.685,423,42311,0.101578,0.05,1,262171,261748,423
25756121,15.6743,16.337,422,42361,0.140316,0.03,1,262185,261763,422
25759041,39.1349,39.2674,422,42411,0.164063,0.05,1,262230,261808,422
25761961,56.627,54.2535,425,42461,0.216813,0.05,1,262291,261866,425
25764881,32.1254,34.0507,422,42511,0.259363,0,1,262317,261895,422
25767801,35.2251,35.6101,422,42561,0.203873,0.05,1,262353,261931,422
25770721,37.445,37.522,422,42611,0.0487745,0.05,1,262391,261969,422
25773641,31.489,31.5044,422,42661,0.0657549,0.03,1,262421,261999,422
25776561,31.8978,31.9009,422,42710,0.021151,0.03,1,262453,262031,422
25779481,30.3796,30.3802,422,42759,0.0602302,0.05,1,262483,262061,422
25782401,26.0759,26.076,422,42808,0.052046,0.01,1,262508,262086,422
25785321,24.4152,24.4152,422,42857,0.0504092,0.07,1,262532,262110,422
25788241,32.883,31.283,424,42906,0.0660818,0.07,1,262567,262143,424
25791161,8.17661,7.85661,424,42955,0.0692164,0.11,1,262569,262145,424
25794081,24.0353,22.3713,426,43004,0.0858433,0.11,1,262597,262171,426
25797001,16.8071,4.47426,441,43053,0.0731687,0.15,1,262612,262171,441
25799921,39.3614,12.0949,472,43102,0.118634,0.17,1,262657,262185,472
25802841,60.6723,38.419,493,43151,0.159727,0.23,1,262723,262230,493
25805761,32.9345,56.4838,458,43200,0.167945,0.27,1,262749,262291,458
25808681,30.5869,32.0968,462,43249,0.185589,0.19,1,262779,262317,462
25811601,32.5174,35.2194,459,43298,0.157118,0.01,1,262812,262353,459
25814521,31.3035,37.4439,452,43347,0.135424,0.07,1,262843,262391,452
25817441,31.0607,31.4888,453,43396,0.0510847,0.01,1,262874,262421,453
25820361,31.0121,31.8978,452,43445,0.0502169,0.07,1,262905,262453,452
25823281,27.0024,30.3796,448,43494,0.0500434,0.05,1,262931,262483,448
25826201,24.6005,26.0759,447,43543,0.0500087,0.05,1,262955,262508,447
25829121,34.5201,24.4152,460,43591,0.0340017,0.07,1,262992,262532,460
25832041,8.50402,32.883,427,43639,0.0468003,0.07,1,262994,262567,427
25834961,24.1008,8.17661,453,43687,0.0813601,0.09,1,263022,262569,453
25837881,17.6202,24.0353,441,43735,0.104272,0.07,1,263038,262597,441
25840801,40.324,16.8071,472,43783,0.156854,0.13,1,263084,262612,472
25843721,62.4648,39.3614,495,43831,0.231371,0.17,1,263152,262657,495
25846641,33.293,60.6723,455,43879,0.246274,0.17,1,263178,262723,455
25849561,31.4586,32.9345,460,43927,0.233255,0.19,1,263209,262749,460
25852481,31.0917,30.5869,461,43975,0.230651,0.15,1,263240,262779,461
25855401,30.2183,32.5174,458,44023,0.24613,0.13,1,263270,262812,458
25858321,26.8437,31.3035,453,44071,0.249226,0.03,1,263296,262843,453
25861241,30.9687,31.0607,454,44119,0.185845,0.05,1,263328,262874,454
25864161,26.9937,31.0121,449,44167,0.173169,0.05,1,263354,262905,449
25867081,24.5987,27.0024,447,44215,0.186634,0.05,1,263378,262931,447
25870001,36.1198,24.6005,462,44263,0.189327,0.03,1,263417,262955,462
25872921,8.82395,34.5201,427,44311,0.189865,0.05,1,263419,262992,427
25875841,24.1648,8.50402,453,44359,0.189973,0.09,1,263447,262994,453
25878761,19.233,24.1008,443,44407,0.157995,0.11,1,263465,263022,443
25881681,42.2466,17.6202,475,44455,0.151599,0.17,1,263513,263038,475
25884601,10.0493,40.324,431,44502,0.15032,0.25,1,263515,263084,431
25887521,58.8099,62.4648,434,44549,0.182064,0.25,1,263586,263152,434
25890441,32.562,33.293,434,44596,0.156413,0.23,1,263612,263178,434
25893361,31.3124,31.4586,434,44643,0.183283,0.23,1,263643,263209,434
25896281,30.2625,31.0917,433,44690,0.220657,0.25,1,263673,263240,433
25899201,30.8525,30.2183,434,44737,0.260131,0.25,1,263704,263270,434
25902121,25.3705,26.8437,432,44784,0.284026,0.17,1,263728,263296,432
25905041,29.0741,30.9687,430,44831,0.256805,0.17,1,263758,263328,430
25907961,26.6148,26.9937,430,44878,0.299361,0.19,1,263784,263354,430
25910881,25.323,24.5987,431,44925,0.291872,0.19,1,263809,263378,431
25913801,36.2646,36.1198,431,44972,0.338374,0.19,1,263848,263417,431
25916721,8.85292,8.82395,431,45019,0.347675,0.19,1,263850,263419,431
25919641,24.1706,24.1648,431,45066,0.317535,0.15,1,263878,263447,431
25922561,17.6341,19.233,429,45113,0.343507,0.15,1,263894,263465,429
25925481,41.9268,42.2466,429,45160,0.332701,0.15,1,263942,263513,429
25928401,9.98536,10.0493,429,45207,0.34654,0.19,1,263944,263515,429
25931321,58.7971,58.8099,429,45254,0.349308,0.15,1,264015,263586,429
25934241,32.5594,32.562,429,45301,0.429862,0.19,1,264041,263612,429
25937161,32.9119,31.3124,431,45348,0.477972,0.23,1,264074,263643,431
25940081,30.5824,30.2625,431,45395,0.471594,0.27,1,264104,263673,431
25943001,33.3165,30.8525,434,45441,0.518319,0.29,1,264138,263704,434
25945921,25.8633,25.3705,434,45487,0.559664,0.25,1,264162,263728,434
25948841,29.1727,29.0741,434,45533,0.567933,0.31,1,264192,263758,434
25951761,27.4345,26.6148,435,45579,0.585587,0.29,1,264219,263784,435
25954681,26.2869,25.323,436,45625,0.557117,0.35,1,264245,263809,436
25957601,37.2574,36.2646,437,45671,0.551423,0.35,1,264285,263848,437
25960521,9.05148,8.85292,437,45717,0.582285,0.31,1,264287,263850,437
25963441,24.2103,24.1706,437,45763,0.620457,0.35,1,264315,263878,437
25966361,17.6421,17.6341,437,45809,0.628091,0.33,1,264331,263894,437
25969281,41.9284,41.9268,437,45855,0.629618,0.35,1,264379,263942,437
25972201,9.98568,9.98536,437,45901,0.629924,0.35,1,264381,263944,437
25975121,60.3971,58.7971,439,45947,0.693985,0.35,1,264454,264015,439
25978041,34.4794,11.7594,467,45993,0.706797,0.45,1,264482,264015,467
25980961,35.6959,23.1519,477,46039,0.773359,0.49,2,264518,264041,477
25983881,31.1392,31.0304,474,46085,0.754672,0.47,2,264548,264074,474
25986801,35.8278,30.2061,481,46131,0.734934,0.53,1,264585,264104,481
25989721,26.3656,33.2412,471,46177,0.730987,0.57,1,264609,264138,471
25992641,29.2731,25.8482,477,46223,0.762197,0.57,2,264639,264162,477
25995561,28.2546,29.1696,475,46269,0.768439,0.59,2,264667,264192,475
25998481,26.4509,27.4339,474,46315,0.801688,0.55,2,264693,264219,474
26001401,37.2902,26.2868,488,46361,0.808338,0.55,2,264733,264245,488
26004321,9.05804,37.2574,450,46406,0.809668,0.59,2,264735,264285,450
26007241,25.8116,9.05147,478,46451,0.777933,0.63,2,264765,264287,478
26010161,17.9623,24.2103,466,46496,0.771587,0.63,2,264781,264315,466
26013081,43.5925,17.6421,500,46541,0.770317,0.63,2,264831,264331,500
26016001,10.3185,41.9284,454,46586,0.770063,0.63,2,264833,264379,454
26018921,63.6637,9.98568,529,46631,0.818013,0.71,2,264910,264381,529
26021841,35.1327,60.3971,484,46676,0.843603,0.71,2,264938,264454,484
26272961,63,85,483,22817,0.05,0.73,1,267608,267125,483
26275881,46.2,60.2,471,22910,0.114,0.35,1,267650,267179,471
26278801,66.04,73.64,465,23003,0.1268,0.25,1,267721,267256,465
26281721,62.008,65.128,463,23095,0.14536,0.15,1,267782,267319,463
26284641,59.6016,78.6256,440,23187,0.181072,0.01,1,267841,267401,440
26287561,39.9203,40.5251,444,23278,0.0762144,0.11,1,267876,267432,444
26290481,79.9841,35.305,500,23369,0.135243,0.07,1,267966,267466,500
26293401,67.1968,70.261,485,23460,0.163049,0.05,1,268030,267545,485
26296321,50.2394,64.4522,468,23550,0.18461,0.13,1,268076,267608,468
26299241,68.4479,46.4904,499,23640,0.204922,0.13,1,268149,267650,499
26302161,64.0896,66.0981,491,23730,0.240984,0.15,1,268212,267721,491
26305081,58.4179,62.0196,487,23819,0.280197,0.19,1,268269,267782,487
26308001,36.4836,59.6039,459,23908,0.272039,0.05,1,268300,267841,459
26310921,8.89672,39.9208,426,23997,0.270408,0.15,1,268302,267876,426
26313841,75.3793,79.9842,428,24085,0.398082,0.17,1,268394,267966,428
26316761,68.6759,67.1968,431,24173,0.471616,0.19,1,268461,268030,431
26319681,52.1352,50.2394,433,24261,0.486323,0.21,1,268509,268076,433
26322601,68.027,68.4479,432,24348,0.489265,0.25,1,268581,268149,432
26325521,65.6054,64.0896,434,24435,0.521853,0.29,1,268646,268212,434
26328441,60.3211,58.4179,436,24522,0.480371,0.27,1,268705,268269,436
26331361,37.6642,36.4836,437,24608,0.472074,0.27,1,268737,268300,437
26334281,9.13284,8.89672,437,24694,0.470415,0.43,1,268739,268302,437
26337201,80.2266,75.3793,443,24780,0.534083,0.49,1,268837,268394,443
26340121,70.4453,68.6759,444,24866,0.690817,0.49,1,268905,268461,444
26343041,54.0891,52.1352,446,24951,0.722163,0.49,1,268955,268509,446
26345961,68.4178,68.027,446,25036,0.760433,0.53,2,269027,268581,446
26348881,65.6836,65.6054,446,25121,0.720087,0.47,1,269092,268646,446
26351801,59.5367,60.3211,445,25205,0.728017,0.47,1,269150,268705,445
26354721,37.5073,37.6642,445,25289,0.761603,0.47,2,269182,268737,445
26357641,9.10147,9.13284,445,25373,0.736321,0.55,1,269184,268739,445
26360561,84.2203,80.2266,450,25457,0.731264,0.55,1,269287,268837,450
26363481,76.0441,16.0453,524,25540,0.714253,0.73,1,269361,268837,524
26366401,55.2088,57.6091,506,25623,0.726851,0.73,1,269411,268905,506
26369321,69.4418,51.5218,529,25706,0.77737,0.77,2,269484,268955,529
26372241,65.8884,67.9044,522,25788,0.771474,0.71,2,269549,269027,522
26375161,59.5777,65.5809,515,25870,0.818295,0.73,2,269607,269092,515
26378081,37.5155,59.5162,489,25952,0.827659,0.77,2,269639,269150,489
26381001,9.10311,37.5032,459,26034,0.829532,0.73,2,269641,269182,459
26383921,82.6206,9.10065,558,26115,0.845906,0.73,2,269742,269184,558
26386841,75.7241,84.2201,529,26196,0.865181,0.71,2,269816,269287,529
26389761,56.7448,76.044,507,26277,0.869036,0.73,2,269868,269361,507
26489041,63,76,536,28890,0.55,1,1,271708,271172,536
26491961,63.8,72.8,528,28963,0.486,1,1,271772,271244,528
26494881,38.36,53.76,511,29036,0.3932,0.98,1,271804,271293,511
26497801,35.672,34.752,516,29109,0.32664,1,1,271839,271323,516
26500721,72.7344,48.5504,546,29182,0.265328,0.87,1,271921,271375,546
26503641,46.5469,71.3101,509,29255,0.269066,0.87,1,271961,271452,509
26506561,46.9094,45.462,517,29327,0.301813,0.95,1,272008,271491,517
26509481,37.3819,53.0924,497,29399,0.292363,0.91,1,272043,271546,497
26512401,53.8764,40.2185,518,29471,0.322473,0.75,1,272101,271583,518
26515321,55.5753,57.6437,512,29543,0.360494,0.55,1,272157,271645,512
26518241,56.7151,61.9287,506,29615,0.368099,0.47,1,272214,271708,506
26521161,33.743,63.5857,470,29686,0.36962,0.37,1,272242,271772,470
26524081,30.7486,38.3171,468,29757,0.369924,0.31,1,272272,271804,468
26527001,71.7497,35.6634,515,29828,0.513985,0.25,1,272354,271839,515
26529921,15.9499,72.7327,435,29899,0.542797,0.27,1,272356,271921,435
26532841,35.19,46.5465,435,29970,0.612559,0.31,1,272396,271961,435
26535761,47.038,46.9093,438,30041,0.626512,0.29,1,272446,272008,438
26538681,35.8076,37.3819,436,30111,0.613302,0.33,1,272479,272043,436
26541601,55.1615,53.8764,438,30181,0.64266,0.37,1,272539,272101,438
26544521,57.4323,55.5753,440,30251,0.632532,0.37,1,272597,272157,440
26547441,58.6865,56.7151,442,30321,0.614506,0.37,1,272656,272214,442
26550361,32.5373,33.743,440,30391,0.610901,0.37,1,272682,272242,440
26553281,30.5075,30.7486,440,30461,0.67418,0.55,1,272712,272272,440
26556201,80.5015,71.7497,451,30530,0.702836,0.55,1,272805,272354,451
26559121,17.7003,15.9499,451,30599,0.708567,0.63,1,272807,272356,451
26562041,37.1401,35.19,453,30668,0.773713,0.63,2,272849,272396,453
26564961,45.828,47.038,451,30737,0.770743,0.61,2,272897,272446,451
26567881,36.3656,35.8076,452,30806,0.850149,0.65,2,272931,272479,452
26570801,55.2731,55.1615,452,30875,0.88203,0.63,2,272991,272539,452
26573721,58.2546,57.4323,453,30944,0.872406,0.61,2,273050,272597,453
26576641,58.0509,58.6865,452,31012,0.870481,0.61,2,273108,272656,452
26579561,34.0102,32.5373,454,31080,0.838096,0.69,2,273136,272682,454
26582481,30.802,30.5075,454,31148,0.831619,0.71,2,273166,272712,454
26585401,82.9604,80.5015,457,31216,0.830324,0.71,2,273262,272805,457
26588321,18.1921,17.7003,457,31284,0.830065,0.71,2,273264,272807,457
26591241,38.0384,3.54006,500,31352,0.830013,0.79,2,273307,272807,500
26594161,47.6077,34.308,508,31419,0.878003,0.77,2,273357,272849,508
26597081,39.1215,45.2616,497,31486,0.903601,0.87,2,273394,272897,497
26600001,55.8243,36.2523,523,31553,0.90872,0.89,2,273454,272931,523
26602921,57.5649,55.2505,521,31620,0.909744,0.87,2,273512,272991,521
26605841,57.913,58.2501,520,31687,0.909949,0.87,2,273570,273050,520
26608761,32.3826,58.05,488,31754,0.90999,0.83,2,273596,273108,488
26611681,31.2765,34.01,491,31821,0.909998,0.83,2,273627,273136,491
26740161,68,33,548,34624,0.85,1,2,275624,275076,548
26743081,48,65.8,517,34685,0.882,1,2,275667,275150,517
26746001,29.6,44.36,503,34746,0.8724,1,2,275692,275189,503
26748921,49.12,41.672,516,34807,0.80648,1,2,275746,275230,516
26751841,29.024,39.5344,501,34868,0.873296,0.93,2,275770,275269,501
26754761,27.4048,31.1069,499,34929,0.870659,1,2,275797,275298,499
26757681,41.481,31.8214,512,34990,0.806132,1,2,275842,275330,512
26760601,53.0962,37.5643,529,35050,0.777226,0.99,2,275898,275369,529
26763521,40.2192,55.5129,506,35110,0.755445,1,2,275935,275429,506
26766441,56.0438,43.9026,525,35170,0.831089,0.85,2,275995,275470,525
26769361,32.0088,54.3805,494,35230,0.846218,0.93,2,276021,275527,494
26772281,61.6018,34.0761,534,35290,0.881244,0.85,2,276090,275556,534
26775201,43.5204,61.2152,505,35350,0.904249,0.89,2,276129,275624,505
26778121,30.3041,46.643,489,35410,0.89285,0.87,2,276156,275667,489
26944561,35,34,515,38665,0.79,1,2,278383,277868,515
26947481,31,36.4,508,38720,0.758,1,2,278413,277905,508
27154801,34,55,505,42415,0.75,1,2,281013,280508,505
27157721,26.8,37.4,497,42465,0.718,1,1,281038,280541,497
27160641,33.36,37.08,495,42515,0.5996,1,1,281073,280578,495
27163561,35.472,30.616,502,42565,0.55992,1,1,281109,280607,502
27166481,29.4944,36.5232,492,42615,0.551984,1,1,281137,280645,492
27169401,26.6989,30.5046,489,42665,0.438397,1,1,281163,280674,489
27172321,33.3398,34.1009,489,42714,0.383679,1,1,281198,280709,489
27175241,35.468,37.2202,487,42763,0.260736,1,1,281234,280747,487
27178161,27.0936,31.444,482,42812,0.204147,1,1,281259,280777,482
27181081,26.2187,29.4888,479,42861,0.224829,1,1,281285,280806,479
27184001,44.4437,43.4978,481,42910,0.116966,0.98,1,281334,280853,481
27186921,33.6887,39.0996,474,42959,0.127393,0.86,1,281365,280891,474
27189841,41.1378,47.0199,468,43008,0.129479,0.86,1,281408,280940,468
27192761,36.2275,9.40398,503,43057,0.129896,0.79,1,281443,280940,503
27195681,29.6455,33.0808,492,43106,0.113979,0.75,1,281471,280979,492
27198601,20.3291,33.8162,476,43155,0.0787958,0.71,1,281489,281013,476
27201521,26.4658,26.7632,479,43204,0.119759,0.57,1,281517,281038,479
27204441,37.2932,33.3526,484,43253,0.111952,0.55,1,281557,281073,484
27207361,25.8586,35.4705,471,43302,0.0943904,0.55,1,281580,281109,471
27210281,24.3717,29.4941,467,43351,0.0748781,0.41,1,281604,281137,467
27213201,29.6743,26.6988,472,43400,0.0709756,0.37,1,281635,281163,472
27216121,33.9349,33.3398,472,43449,0.0861951,0.23,1,281670,281198,472
27219041,20.387,35.468,453,43498,0.073239,0.19,1,281687,281234,453
27221961,25.6774,27.0936,455,43547,0.134648,0.23,1,281714,281259,455
27224881,42.7355,26.2187,476,43595,0.0989296,0.09,1,281761,281285,476
27227801,33.3471,44.4437,458,43643,0.0757859,0.13,1,281792,281334,458
27230721,41.0694,33.6887,470,43691,0.0551572,0.13,1,281835,281365,470
27233641,36.2139,41.1378,462,43739,0.0510314,0.13,1,281870,281408,462
27236561,29.6428,36.2275,455,43787,0.0822063,0.11,1,281898,281443,455
27239481,20.3286,29.6455,445,43835,0.104441,0.07,1,281916,281471,445
27242401,27.2657,20.3291,456,43883,0.156888,0.13,1,281945,281489,456
27245321,35.8531,26.4658,466,43931,0.151378,0.11,1,281983,281517,466
27248241,24.7706,37.2932,448,43979,0.166276,0.09,1,282005,281557,448
27251161,23.3541,25.8586,448,44027,0.169255,0.07,1,282028,281580,448
27254081,30.2708,24.3717,456,44075,0.201851,0.07,1,282060,281604,456
27257001,34.0542,29.6743,460,44123,0.24037,0.09,1,282095,281635,460
27259921,21.2108,33.9349,443,44171,0.248074,0.07,1,282113,281670,443
27262841,25.8422,20.387,453,44219,0.265615,0.15,1,282140,281687,453
27265761,41.9684,25.6774,472,44267,0.269123,0.09,1,282186,281714,472
27268681,33.9937,42.7355,457,44315,0.269825,0.07,1,282218,281761,457
27271601,38.7987,33.3471,466,44363,0.269965,0.05,1,282258,281792,466
27274521,35.7597,41.0694,458,44411,0.253993,0.05,1,282293,281835,458
27277441,31.1519,36.2139,453,44458,0.282799,0.09,1,282323,281870,453
27280361,7.83039,29.6428,427,44505,0.28856,0.11,1,282325,281898,427
27283281,17.5661,20.3286,429,44552,0.305712,0.17,1,282345,281916,429
27286201,25.9132,27.2657,428,44599,0.389142,0.15,1,282373,281945,428
27289121,37.9826,35.8531,431,44646,0.421829,0.17,1,282414,281983,431
27292041,24.3965,24.7706,430,44693,0.476366,0.17,1,282435,282005,430
27294961,24.0793,23.3541,431,44740,0.487273,0.21,1,282459,282028,431
27297881,31.2159,30.2708,432,44787,0.537455,0.25,1,282492,282060,432
27300801,35.8432,34.0542,434,44834,0.531491,0.25,1,282529,282095,434
27303721,19.9686,21.2108,432,44881,0.562298,0.27,1,282545,282113,432
27306641,27.9937,25.8422,435,44928,0.50446,0.27,1,282575,282140,435
27309561,42.3987,41.9684,435,44975,0.508892,0.27,1,282621,282186,435
27312481,34.0797,33.9937,435,45022,0.509778,0.27,1,282653,282218,435
27315401,38.8159,38.7987,435,45069,0.557956,0.25,1,282693,282258,435
27318321,35.7632,35.7597,435,45116,0.551591,0.29,1,282728,282293,435
27321241,31.9526,31.1519,436,45163,0.534318,0.29,1,282759,282323,436
27324161,7.99053,7.83039,436,45210,0.530864,0.31,1,282761,282325,436
27327081,18.3981,17.5661,437,45257,0.546173,0.41,1,282782,282345,437
27330001,29.2796,25.9132,441,45304,0.597235,0.43,1,282814,282373,441
27332921,40.2559,37.9826,443,45351,0.607447,0.49,1,282857,282414,443
27335841,25.6512,24.3965,444,45398,0.577489,0.49,1,282879,282435,444
27338761,25.9302,24.0793,446,45444,0.635498,0.55,1,282905,282459,446
27341681,32.386,31.2159,447,45490,0.6951,0.53,1,282939,282492,447
27344601,36.8772,35.8432,448,45536,0.70702,0.57,1,282977,282529,448
27347521,20.1754,19.9686,448,45582,0.677404,0.49,1,282993,282545,448
27350441,26.4351,27.9937,446,45628,0.719481,0.51,1,283021,282575,446
27353361,42.887,42.3987,447,45674,0.743896,0.51,1,283068,282621,447
27356281,34.9774,34.0797,448,45720,0.764779,0.57,2,283101,282653,448
27359201,38.9955,38.8159,448,45766,0.768956,0.55,2,283141,282693,448
27362121,36.5991,35.7632,449,45812,0.769791,0.53,2,283177,282728,449
27365041,31.3198,31.9526,448,45858,0.769958,0.53,2,283207,282759,448
27367961,7.86396,7.99053,448,45904,0.817992,0.55,2,283209,282761,448
27370881,19.1728,18.3981,449,45950,0.827598,0.55,2,283231,282782,449
27373801,29.4346,3.67962,481,45996,0.79752,0.61,2,283263,282782,481
27376721,40.2869,26.3359,492,46042,0.855504,0.61,2,283306,282814,492
27379641,25.6574,39.6672,471,46088,0.883101,0.57,2,283328,282857,471
27382561,28.3315,25.5334,478,46134,0.88862,0.65,2,283357,282879,478
27385481,34.4663,25.9067,488,46180,0.841724,0.71,2,283393,282905,488
27388401,37.2933,32.3813,492,46226,0.848345,0.71,2,283431,282939,492
27391321,20.2587,36.8763,470,46272,0.849669,0.67,2,283447,282977,470
27394241,27.2517,20.1753,483,46318,0.833934,0.73,2,283476,282993,483
27397161,45.4503,26.4351,505,46364,0.862787,0.75,2,283526,283021,505
27400081,36.2901,42.887,492,46409,0.868557,0.77,2,283560,283068,492
27403001,39.258,34.9774,499,46454,0.885711,0.77,2,283600,283101,499
27405921,36.6516,38.9955,495,46499,0.889142,0.77,2,283636,283141,495
27408841,32.1303,36.5991,490,46544,0.889829,0.77,2,283667,283177,490
27411761,8.02606,31.3198,462,46589,0.889966,0.83,2,283669,283207,462
27414681,19.2052,7.86396,482,46634,0.889993,0.83,2,283691,283209,482
27417601,30.241,19.1728,493,46679,0.873999,0.79,2,283724,283231,493
27420521,43.6482,29.4346,508,46724,0.8868,0.87,2,283771,283263,508
27423441,26.3296,40.2869,487,46769,0.88936,0.89,2,283793,283306,487
27426361,26.8659,25.6574,492,46814,0.905872,0.89,2,283820,283328,492
27429281,34.1732,28.3315,499,46859,0.909174,0.83,2,283856,283357,499
27614701,92,75,509,22817,0.61,0.95,1,285886,285377,509
27617621,84,81.4,508,22910,0.546,1,1,285968,285460,508
27620541,82.4,89.08,499,23003,0.5492,1,1,286050,285551,499
27623461,63.68,67.416,496,23095,0.45384,0.91,1,286109,285613,496
27626381,66.336,79.0832,481,23187,0.402768,0.89,1,286176,285695,481
27629301,25.2672,36.6166,470,23278,0.408554,0.79,1,286191,285721,470
27632221,51.4534,25.7233,505,23369,0.409711,0.73,1,286249,285744,505
27635141,82.2907,45.1447,545,23460,0.457942,0.61,1,286339,285794,545
27638061,76.4581,82.6289,528,23550,0.499588,0.53,1,286414,285886,528
27640981,81.6916,82.1258,529,23640,0.555918,0.55,1,286497,285968,529
27643901,58.7383,82.0252,500,23730,0.583184,0.43,1,286550,286050,500
27646821,64.5477,63.605,507,23819,0.620637,0.39,1,286616,286109,507
27649741,24.1095,66.321,454,23908,0.644127,0.41,1,286630,286176,454
27652661,6.42191,25.2642,441,23997,0.648825,0.41,1,286632,286191,441
27655581,48.4844,51.4528,442,24085,0.713765,0.47,1,286691,286249,442
27658501,84.0969,82.2906,445,24173,0.678753,0.51,1,286784,286339,445
27661421,80.0194,76.4581,449,24261,0.687751,0.57,1,286863,286414,449
27664341,84.8039,81.6916,452,24348,0.75355,0.59,2,286949,286497,452
27667261,58.5608,58.7383,451,24435,0.79871,0.63,2,287001,286550,451
27670181,66.9122,64.5477,454,24522,0.871742,0.65,2,287070,286616,454
27673101,24.5824,24.1095,454,24608,0.918348,0.65,2,287084,286630,454
27676021,6.51649,6.42191,454,24694,0.89567,0.73,2,287086,286632,454
27678941,50.1033,48.4844,456,24780,0.875134,0.67,2,287147,286691,456
27681861,84.4207,84.0969,456,24866,0.935027,0.69,2,287240,286784,456
27789901,69,64,493,27844,0.39,1,1,289383,288890,493
27792821,65.8,71.2,485,27920,0.31,1,1,289448,288963,485
27795741,29.16,32.64,482,27996,0.31,1,1,289468,288986,482
27798661,38.632,36.128,486,28072,0.198,1,1,289509,289023,486
27801581,34.9264,34.4256,486,28147,0.0796,0.98,1,289543,289057,486
27804501,61.3853,70.8851,474,28222,0.03992,1,1,289611,289137,474
27807421,69.8771,74.977,470,28297,0.047984,0.91,1,289683,289213,470
27810341,40.3754,43.7954,467,28372,0.0335968,0.91,1,289716,289249,467
27813261,52.0751,8.75908,522,28447,0.110719,0.73,1,289771,289249,522
27816181,52.015,53.7518,509,28521,0.142144,0.39,1,289823,289314,509
27819101,56.803,65.9504,498,28595,0.148429,0.29,1,289881,289383,498
27822021,25.7606,65.1901,451,28669,0.117686,0.31,1,289899,289448,451
27824941,36.3521,29.038,470,28743,0.175537,0.17,1,289938,289468,470
27827861,30.4704,38.6076,458,28817,0.171107,0.05,1,289967,289509,458
27830781,58.0941,34.9215,489,28890,0.0902215,0.03,1,290032,289543,489
27833701,70.0188,61.3843,494,28963,0.0580443,0.05,1,290105,289611,494
27836621,39.6038,69.8769,454,29036,0.0356089,0.03,1,290137,289683,454
27839541,55.9208,40.3754,481,29109,0.0311218,0.13,1,290197,289716,481
27842461,53.5842,52.0751,479,29182,0.110224,0.15,1,290250,289771,479
27845381,56.3168,52.015,484,29255,0.174045,0.15,1,290307,289823,484
27848301,25.6634,56.803,444,29327,0.186809,0.11,1,290325,289881,444
27851221,39.5327,25.7606,469,29399,0.253362,0.19,1,290368,289899,469
27854141,30.3065,36.3521,458,29471,0.266672,0.17,1,290396,289938,458
27857061,54.8613,30.4704,490,29543,0.253334,0.07,1,290457,289967,490
27859981,66.1723,58.0941,494,29615,0.218667,0.05,1,290526,290032,494
27862901,39.6345,70.0188,454,29686,0.179733,0.03,1,290559,290105,454
27865821,55.9269,39.6038,482,29757,0.187947,0.03,1,290619,290137,482
27868741,58.3854,55.9208,481,29828,0.157589,0.13,1,290678,290197,481
27871661,13.2771,53.5842,430,29899,0.151518,0.19,1,290680,290250,430
27874581,49.0554,56.3168,431,29970,0.214304,0.19,1,290738,290307,431
27877501,24.2111,25.6634,431,30041,0.226861,0.27,1,290756,290325,431
27880421,42.4422,39.5327,435,30111,0.181372,0.27,1,290803,290368,435
27883341,30.8884,30.3065,435,30181,0.220274,0.25,1,290831,290396,435
27886261,56.5777,54.8613,437,30251,0.292055,0.21,1,290894,290457,437
27889181,60.9155,66.1723,430,30321,0.354411,0.17,1,290956,290526,430
27892101,38.5831,39.6345,430,30391,0.350882,0.19,1,290989,290559,430
27895021,56.5166,55.9269,431,30461,0.430176,0.15,1,291050,290619,431
27897941,57.7033,58.3854,430,30530,0.430035,0.15,1,291108,290678,430
27900861,13.1407,13.2771,430,30599,0.430007,0.23,1,291110,290680,430
27903781,49.8281,49.0554,431,30668,0.494001,0.23,1,291169,290738,431
27906701,24.3656,24.2111,431,30737,0.5068,0.17,1,291187,290756,431
27909621,42.4731,42.4422,431,30806,0.50936,0.23,1,291234,290803,431
27912541,33.2946,30.8884,434,30875,0.461872,0.31,1,291265,290831,434
27915461,60.2589,56.5777,438,30944,0.436374,0.37,1,291332,290894,438
27918381,61.6518,60.9155,438,31012,0.447275,0.35,1,291394,290956,438
27921301,39.5304,38.5831,439,31080,0.417455,0.45,1,291428,290989,439
27924221,59.1061,56.5166,442,31148,0.459491,0.43,1,291492,291050,442
27927141,59.0212,57.7033,443,31216,0.467898,0.43,1,291551,291108,443
27930061,13.4042,13.1407,443,31284,0.48558,0.43,1,291553,291110,443
27932981,50.6808,2.62813,503,31352,0.553116,0.51,1,291613,291110,503
27935901,24.5362,47.7256,462,31419,0.566623,0.51,1,291631,291169,462
27938821,42.5072,23.9451,491,31486,0.569325,0.51,1,291678,291187,491
27941741,30.9014,42.389,472,31553,0.569865,0.45,1,291706,291234,472
27944661,58.9803,33.2778,507,31620,0.585973,0.43,1,291772,291265,507
27947581,62.1961,60.2556,503,31687,0.669195,0.45,1,291835,291332,503
27950501,39.6392,61.6511,475,31754,0.701839,0.41,1,291869,291394,475
27953421,59.9278,39.5302,506,31821,0.692368,0.47,1,291934,291428,506
27956341,61.5856,59.106,504,31887,0.658473,0.47,1,291996,291492,504
27959261,13.9171,59.0212,447,31953,0.651695,0.49,1,291998,291551,447
27962181,53.9834,13.4042,509,32019,0.666339,0.57,1,292062,291553,509
27965101,25.1967,50.6808,467,32085,0.669268,0.57,1,292080,291613,467
27968021,42.6393,24.5362,496,32151,0.685854,0.57,1,292127,291631,496
27970941,30.9279,42.5072,477,32217,0.705171,0.57,1,292155,291678,477
27973861,59.7856,30.9014,516,32283,0.741034,0.59,1,292222,291706,516
27976781,66.3571,58.9803,518,32349,0.812207,0.69,2,292290,291772,518
27979701,41.2714,62.1961,490,32414,0.842441,0.71,2,292325,291835,490
27982621,59.4543,39.6392,520,32479,0.864488,0.69,2,292389,291869,520
27985541,59.8909,59.9278,515,32544,0.884898,0.65,2,292449,291934,515
27988461,13.5782,61.5856,455,32609,0.88898,0.65,2,292451,291996,455
27991381,54.7156,13.9171,518,32674,0.905796,0.67,2,292516,291998,518
27994301,26.1431,53.9834,473,32739,0.893159,0.67,2,292535,292062,473
27997221,6.82862,25.1967,457,32804,0.890632,0.69,2,292537,292080,457
28125701,33,27,511,35530,0.79,1,2,294473,293962,511
28128621,37.8,33.4,515,35589,0.822,0.95,2,294512,293997,515
28131541,33.96,32.28,516,35648,0.7964,1,2,294545,294029,516
28134461,32.392,23.256,527,35707,0.87128,1,2,294577,294050,527
28137381,22.4784,34.2512,510,35766,0.822256,1,2,294597,294087,510
28140301,58.8957,83.6502,482,35825,0.812451,1,2,294665,294183,482
28143221,34.9791,44.73,476,35884,0.73049,1,1,294694,294218,476
28146141,61.3958,60.946,479,35943,0.842098,1,2,294762,294283,479
28149061,37.8792,44.1892,471,36002,0.86442,0.93,2,294794,294323,471
28151981,50.7758,53.6378,469,36061,0.916884,0.9,2,294848,294379,469
28154901,26.9552,31.5276,464,36120,0.927377,0.83,2,294869,294405,464
28157821,31.791,34.3055,462,36179,0.929475,0.79,2,294902,294440,462
28160741,34.3582,33.2611,464,36237,0.913895,0.83,2,294937,294473,464
28163661,38.0716,37.8522,464,36295,0.942779,0.79,2,294976,294512,464
28166581,27.6143,33.9704,456,36353,0.932556,0.89,2,295001,294545,456
28397261,35,29,517,40687,0.89,1,2,298010,297493,517
28400181,45.4,40.2,522,40739,0.778,1,2,298058,297536,522
28403101,30.68,40.84,508,40791,0.7396,1,1,298085,297577,508
28406021,34.936,30.568,516,40843,0.68392,1,1,298121,297605,516
28408941,52.5872,31.7136,541,40895,0.608784,0.99,1,298178,297637,541
28411861,32.9174,54.3427,509,40947,0.593757,1,1,298206,297697,509
28414781,35.3835,38.8685,510,40999,0.622751,1,1,298242,297732,510
28417701,45.4767,38.9737,519,41050,0.59655,0.98,1,298290,297771,519
28420621,32.2953,39.7947,508,41101,0.59131,0.97,1,298319,297811,508
28423541,32.8591,34.3589,508,41152,0.606262,1,1,298352,297844,508
28426461,30.5718,32.4718,506,41203,0.625252,1,1,298382,297876,506
28429381,31.7144,31.2944,507,41254,0.66105,0.84,1,298414,297907,507
28432301,28.7429,32.6589,502,41305,0.65221,0.95,1,298442,297940,502
28435221,31.3486,34.5318,499,41356,0.666442,0.89,1,298474,297975,499
28438141,42.2697,34.9064,509,41407,0.701288,0.75,1,298519,298010,509
28441061,23.6539,45.3813,480,41458,0.708258,0.73,1,298538,298058,480
28443981,31.9308,30.6763,487,41509,0.709651,0.67,1,298572,298085,487
28446901,7.98616,34.9353,453,41560,0.70993,0.59,1,298574,298121,453
28449821,44.7972,52.5871,450,41611,0.725986,0.59,1,298628,298178,450
28452741,35.3594,32.9174,455,41662,0.761197,0.63,2,298661,298206,455
28455661,35.8719,35.3835,455,41713,0.80024,0.59,2,298697,298242,455
28458581,42.3744,45.4767,451,41764,0.824048,0.59,2,298741,298290,451
28461501,34.0749,32.2953,454,41815,0.81281,0.61,2,298773,298319,454
28464421,34.015,32.8591,455,41865,0.810562,0.63,2,298807,298352,455
28467341,30.803,30.5718,455,41915,0.826112,0.67,2,298837,298382,455
28470261,31.7606,31.7144,455,41965,0.861222,0.65,2,298869,298414,455
28473181,29.5521,28.7429,456,42015,0.916245,0.67,2,298898,298442,456
28476101,30.7104,31.3486,455,42065,0.943249,0.71,2,298929,298474,455
28668821,22,29,493,45257,0.77,1,2,301123,300630,493
28671741,36.4,32.2,500,45304,0.69,1,1,301163,300663,500
28674661,33.68,33.64,499,45351,0.61,1,1,301196,300697,499
28677581,29.136,32.328,495,45398,0.674,1,1,301224,300729,495
28680501,25.8272,32.0656,488,45444,0.7508,1,2,301249,300761,488
28683421,36.3654,32.8131,494,45490,0.75016,1,2,301288,300794,494
28686341,32.0731,32.9626,492,45536,0.798032,1,2,301319,300827,492
28689261,32.0146,40.1925,482,45582,0.775606,1,2,301351,300869,482
28692181,30.4029,31.2385,483,45628,0.771121,1,2,301381,300898,483
28695101,42.8806,43.8477,482,45674,0.722224,0.95,1,301427,300945,482
28698021,27.7761,36.7695,471,45720,0.712445,0.86,1,301451,300980,471
28700941,26.3552,31.3539,467,45766,0.726489,0.87,1,301477,301010,467
28703861,23.671,28.6708,462,45812,0.745298,0.85,1,301500,301038,462
28706781,30.3342,32.9342,460,45858,0.76506,0.81,2,301532,301072,460
28709701,26.0668,29.7868,456,45904,0.753012,0.77,2,301557,301101,456
28712621,22.8134,23.5574,456,45950,0.750602,0.77,2,301579,301123,456
28715541,36.5627,4.71147,496,45996,0.73412,0.67,1,301619,301123,496
28718461,32.9125,32.9423,488,46042,0.730824,0.59,1,301651,301163,488
28721381,28.9825,32.9885,483,46088,0.746165,0.69,1,301679,301196,483
28724301,28.1965,28.9977,483,46134,0.781233,0.77,2,301707,301224,483
28727221,35.2393,25.7995,495,46180,0.788247,0.75,2,301744,301249,495
28730141,32.6479,36.3599,488,46226,0.805649,0.81,2,301776,301288,488
28733061,33.7296,32.072,491,46272,0.80913,0.77,2,301810,301319,491
28735981,27.5459,32.0144,485,46318,0.825826,0.77,2,301836,301351,485
28738901,44.7092,30.4029,504,46364,0.877165,0.71,2,301885,301381,504
28741821,25.7418,42.8806,479,46409,0.871433,0.71,2,301906,301427,479
28744741,27.5484,27.7761,483,46454,0.886287,0.73,2,301934,301451,483
28747661,23.1097,26.3552,479,46499,0.905257,0.75,2,301956,301477,479
28750581,31.0219,23.671,489,46544,0.893052,0.77,2,301989,301500,489
28753501,27.0044,30.3342,483,46589,0.89061,0.75,2,302015,301532,483
28756421,23.0009,26.0668,480,46634,0.890122,0.75,2,302037,301557,480
28759341,37.4002,22.8134,499,46679,0.874024,0.73,2,302078,301579,499
28762261,33.08,36.5627,491,46724,0.886805,0.73,2,302110,301619,491
28765181,29.816,32.9125,488,46769,0.889361,0.75,2,302139,301651,488
28768101,26.7632,28.9825,486,46814,0.889872,0.79,2,302165,301679,486
28771021,36.5526,28.1965,497,46859,0.905975,0.79,2,302204,301707,497
28952061,30,27,508,49573,0.91,1,2,304091,303583,508
28954981,25.2,20.6,513,49615,0.942,1,2,304115,303602,513
28966661,29,29,507,49783,0.77,1,2,304223,303716,507
28969581,35.4,31.4,512,49825,0.754,0.97,2,304260,303748,512
28972501,33.48,33.48,511,49867,0.7508,1,2,304293,303782,511
28975421,33.096,37.896,505,49909,0.75016,1,2,304326,303821,505
28978341,34.6192,34.7792,506,49951,0.734032,1,1,304361,303855,506
28981261,30.9238,33.3558,503,49993,0.746806,1,1,304391,303888,503
28984181,27.7848,31.4712,499,50035,0.829361,1,2,304418,303919,499
28987101,33.557,28.6942,506,50077,0.829872,1,2,304453,303947,506
28990021,29.9114,33.7388,500,50119,0.813974,1,2,304482,303982,500
28992941,22.7823,32.3478,489,50161,0.826795,0.93,2,304503,304014,489
28995861,22.1565,23.2696,490,50203,0.845359,0.95,2,304525,304035,490
28998781,26.8313,25.4539,492,50245,0.849072,0.91,2,304553,304061,492
29001701,22.9663,29.0908,484,50287,0.817814,0.95,2,304575,304091,484
29004621,6.19325,25.0182,462,50329,0.811563,0.97,2,304577,304115,462
29007541,18.8387,21.0036,464,50371,0.890313,0.79,2,304599,304135,464
29010461,26.9677,28.2007,463,50413,0.890063,0.77,2,304628,304165,463
29013381,26.1935,28.8401,460,50455,0.874012,0.77,2,304654,304194,460
29016301,26.8387,28.968,458,50497,0.886802,0.75,2,304681,304223,458
29019221,37.3677,35.3936,461,50539,0.90536,0.75,2,304721,304260,461
29022141,33.0735,33.4787,460,50581,0.909072,0.75,2,304753,304293,460
29025061,33.0147,33.0957,460,50623,0.941814,0.73,2,304786,304326,460
29232381,37,32,500,53496,0.91,1,2,306782,306282,500
29235301,31.4,34.4,495,53535,0.862,1,2,306812,306317,495
29238221,29.48,26.88,499,53574,0.7884,1,2,306841,306342,499
29241141,37.096,30.976,506,53613,0.77368,1,2,306880,306374,506
29244061,33.8192,32.5952,506,53652,0.770736,1,2,306913,306407,506
29246981,24.3638,33.719,494,53691,0.770147,0.99,2,306935,306441,494
29249901,20.8728,27.5438,488,53730,0.754029,1,2,306955,306467,488
29252821,28.1746,20.7088,499,53769,0.702806,1,1,306985,306486,499
29255741,28.8349,30.5418,495,53808,0.804561,1,2,307014,306519,495
29258661,22.567,30.9084,485,53847,0.776912,1,2,307035,306550,485
29261581,13.3134,19.7817,479,53886,0.755382,0.96,2,307046,306567,479
29264501,17.0627,19.1563,478,53925,0.799077,0.96,2,307064,306586,478
29267421,5.01254,7.03127,476,53964,0.775815,1,2,307066,306590,476
29270341,27.4025,25.4063,479,54003,0.771163,1,2,307099,306620,479
29273261,33.4805,37.0813,474,54042,0.786233,0.96,2,307134,306660,474
29276181,25.0961,30.6163,468,54081,0.821247,0.91,2,307157,306689,468
29279101,18.6192,20.5233,467,54120,0.844249,0.93,2,307174,306707,467
29282021,32.5238,34.5046,465,54159,0.83285,0.91,2,307210,306745,465
29284941,32.9048,36.5009,461,54198,0.83057,0.85,2,307243,306782,461
29287861,28.981,31.3002,459,54237,0.878114,0.77,2,307271,306812,459
29290781,25.7962,29.46,455,54276,0.935623,0.77,2,307296,306841,455
29600301,57,11,516,27166,0.45,0.81,1,310122,309606,516
29603221,42.6,69.4,471,27244,0.466,0.71,1,310161,309690,471
29606141,46.12,45.88,478,27322,0.4692,0.75,1,310208,309730,478
29609061,71.624,65.176,486,27400,0.45384,0.57,1,310286,309800,486
29611981,48.7248,60.2352,470,27477,0.498768,0.45,1,310329,309859,470
29614901,67.345,73.647,465,27554,0.491754,0.49,1,310401,309936,465
29617821,42.269,57.1294,448,27631,0.522351,0.47,1,310437,309989,448
29620741,29.2538,18.6259,465,27708,0.49647,0.51,1,310463,309998,465
29623661,43.4508,57.3252,445,27784,0.587294,0.45,1,310510,310065,445
29626581,53.4902,57.065,444,27860,0.605459,0.47,1,310566,310122,444
29629501,42.698,42.613,445,27936,0.609092,0.47,1,310606,310161,445
29632421,46.1396,46.1226,445,28012,0.577818,0.45,1,310653,310208,445
29635341,71.6279,71.6245,445,28088,0.619564,0.51,1,310731,310286,445
29638261,48.7256,48.7249,445,28163,0.643913,0.49,1,310774,310329,445
29641181,67.3451,67.345,445,28238,0.648782,0.53,1,310846,310401,445
29644101,43.069,42.269,446,28313,0.665757,0.49,1,310883,310437,446
29647021,29.4138,29.2538,446,28388,0.685151,0.49,1,310909,310463,446
29649941,45.8828,5.85076,496,28463,0.75303,0.61,2,310959,310463,496
29652861,53.9766,38.7702,505,28537,0.814606,0.61,2,311015,310510,505
29655781,42.7953,52.554,489,28611,0.826921,0.61,2,311055,310566,489
29658701,46.1591,42.5108,496,28685,0.845384,0.57,2,311102,310606,496
29661621,74.0318,46.1022,530,28759,0.881077,0.63,2,311183,310653,530
29664541,50.0064,71.6204,496,28833,0.904215,0.65,2,311227,310731,496
29790101,67,40,541,31837,0.85,1,2,313342,312801,541
29793021,41.4,53.6,519,31903,0.802,1,2,313377,312858,519
29795941,52.28,57.92,515,31969,0.7444,1,1,313432,312917,515
29798861,33.656,38.784,510,32035,0.78088,1,2,313461,312951,510
29801781,32.3312,30.1568,514,32101,0.756176,1,2,313493,312979,514
29804701,56.8662,26.8314,551,32167,0.767235,0.99,2,313556,313005,551
29807621,40.1732,64.5663,513,32233,0.753447,0.99,2,313592,313079,513
29810541,68.0346,46.5133,546,32299,0.766689,0.95,2,313667,313121,546
29813461,39.2069,71.7027,500,32364,0.737338,0.83,1,313699,313199,500
29816381,37.4414,46.3405,497,32429,0.715468,0.85,1,313736,313239,497
29819301,60.2883,38.0681,527,32494,0.743093,0.85,1,313802,313275,527
29822221,37.6577,61.2136,492,32559,0.764619,0.79,2,313834,313342,492
29825141,55.5315,40.2427,517,32624,0.816924,0.73,2,313894,313377,517
29828061,33.5063,52.0485,490,32689,0.859385,0.79,2,313922,313432,490
29830981,29.1013,33.6097,489,32754,0.867877,0.75,2,313950,313461,489
29833901,7.42025,32.3219,459,32819,0.869575,0.77,2,313952,313493,459
29836821,53.4841,56.8644,461,32883,0.917915,0.75,2,314017,313556,461
29839741,38.6968,40.1729,460,32947,0.927583,0.77,2,314052,313592,460
29988661,66,69,491,36074,0.71,1,1,316259,315768,491
29991581,41.2,39.4,494,36133,0.694,1,1,316294,315800,494
29994501,34.64,35.88,492,36191,0.6428,1,1,316327,315835,492
29997421,26.928,26.376,493,36249,0.66456,1,1,316352,315859,493
30000341,28.5856,34.0752,486,36307,0.636912,1,1,316381,315895,486
30003261,33.7171,30.815,491,36365,0.551382,1,1,316416,315925,491
30006181,22.7434,27.763,484,36423,0.550277,0.98,1,316436,315952,484
30009101,55.7487,55.1526,486,36481,0.598055,1,1,316500,316014,486
30012021,40.7497,50.2305,474,36539,0.575611,0.99,1,316537,316063,474
30014941,37.7499,41.2461,472,36597,0.555122,0.89,1,316574,316102,472
30017861,48.35,53.8492,466,36655,0.535024,0.79,1,316625,316159,466
30020781,36.87,37.9698,466,36713,0.531005,0.71,1,316659,316193,466
30023701,53.774,60.394,458,36771,0.546201,0.69,1,316717,316259,458
30026621,37.1548,40.0788,456,36828,0.56524,0.63,1,316750,316294,456
30029541,35.431,34.4158,458,36885,0.601048,0.67,1,316785,316327,458
30032461,23.0862,26.8832,453,36942,0.60821,0.63,1,316805,316352,453
30035381,28.6172,28.5766,454,36999,0.609642,0.53,1,316835,316381,454
30038301,31.3234,33.7153,451,37056,0.625928,0.55,1,316867,316416,451
30041221,18.2647,22.7431,446,37113,0.613186,0.61,1,316882,316436,446
30044141,55.6529,55.7486,447,37170,0.674637,0.61,1,316947,316500,447
30047061,40.7306,11.1497,484,37227,0.686927,0.57,1,316984,316500,484
30049981,36.9461,31.8299,483,37284,0.705385,0.55,1,317020,316537,483
30052901,48.9892,35.966,498,37341,0.741077,0.53,1,317072,316574,498
30055821,35.3978,47.9932,479,37398,0.748215,0.53,1,317104,316625,479
30058741,54.2796,36.7986,504,37454,0.765643,0.55,2,317163,316659,504
30061661,39.6559,53.7597,482,37510,0.801129,0.57,2,317199,316717,482
30064581,37.5312,37.1519,486,37566,0.872226,0.61,2,317236,316750,486
30067501,23.5062,35.4304,471,37622,0.902445,0.61,2,317256,316785,471
30070421,27.1012,23.0861,479,37678,0.908489,0.61,2,317284,316805,479
30073341,31.8202,28.6172,482,37734,0.925698,0.63,2,317317,316835,482
30076261,19.964,31.3234,467,37790,0.91314,0.61,2,317334,316867,467
30079181,56.7928,18.2647,518,37846,0.894628,0.69,2,317400,316882,518
30082101,42.5586,55.6529,492,37902,0.922926,0.69,2,317439,316947,492
30085021,38.9117,40.7306,493,37958,0.896585,0.71,2,317477,316984,493
30087941,50.1823,36.9461,510,38014,0.923317,0.75,2,317530,317020,510
30236861,39,36,507,40749,0.94,1,2,319404,318897,507
30239781,32.6,32,507,40801,0.884,1,2,319435,318928,507
30242701,36.12,28,517,40853,0.7768,1,2,319472,318955,517
30245621,56.024,28,550,40905,0.69136,1,1,319533,318983,550
30248541,42.4048,58.4,523,40957,0.610272,1,1,319572,319049,523
30251461,34.081,45.28,513,41009,0.514054,1,1,319604,319091,513
30254381,33.2162,36.256,512,41060,0.462811,1,1,319637,319125,512
30257301,33.0432,32.8512,513,41111,0.388562,1,1,319670,319157,513
30260221,21.0086,32.1702,499,41162,0.325712,1,1,319688,319189,499
30263141,30.6017,23.234,511,41213,0.297142,1,1,319721,319210,511
30266061,43.7203,28.6468,528,41264,0.227429,1,1,319768,319240,528
30268981,31.1441,47.3294,504,41315,0.181486,0.84,1,319796,319292,504
30271901,37.4288,34.2659,512,41366,0.188297,0.95,1,319835,319323,512
30274821,29.0858,40.4532,497,41417,0.173659,0.94,1,319862,319365,497
30277741,32.2172,39.2906,491,41468,0.218732,0.87,1,319895,319404,491
30280661,32.8434,32.6581,493,41519,0.227746,0.75,1,319928,319435,493
30283581,8.16869,36.1316,458,41570,0.229549,0.67,1,319930,319472,458
30286501,47.2337,56.0263,454,41621,0.29391,0.59,1,319987,319533,454
30289421,34.2467,42.4053,446,41672,0.290782,0.49,1,320018,319572,446
30292341,30.8493,34.0811,444,41723,0.306156,0.45,1,320048,319604,444
30295261,27.7699,33.2162,438,41774,0.341231,0.37,1,320075,319637,438
30298181,33.554,33.0432,440,41825,0.396246,0.31,1,320110,319670,440
30301101,15.5108,21.0086,433,41875,0.391249,0.29,1,320121,319688,433
30304021,27.1022,30.6017,430,41925,0.39025,0.21,1,320151,319721,430
30306941,44.6204,43.7203,432,41975,0.40605,0.17,1,320200,319768,432
30309861,31.3241,31.1441,432,42025,0.37721,0.19,1,320228,319796,432
30312781,36.6648,37.4288,431,42075,0.419442,0.17,1,320266,319835,431
30315701,29.733,29.0858,432,42125,0.395888,0.23,1,320294,319862,432
30318621,33.1466,32.2172,433,42175,0.455178,0.23,1,320328,319895,433
30321541,34.6293,32.8434,435,42225,0.451036,0.23,1,320363,319928,435
30324461,8.52586,8.16869,435,42275,0.450207,0.31,1,320365,319930,435
30327381,47.3052,47.2337,435,42325,0.466041,0.29,1,320422,319987,435
30330301,35.061,34.2467,436,42375,0.517208,0.31,1,320454,320018,436
30333221,32.6122,30.8493,438,42425,0.511442,0.35,1,320486,320048,438
30336141,28.9224,27.7699,439,42475,0.542288,0.41,1,320514,320075,439
30339061,34.5845,33.554,440,42525,0.548458,0.39,1,320550,320110,440
30341981,14.9169,15.5108,439,42575,0.533692,0.39,1,320560,320121,439
30344901,26.9834,27.1022,439,42625,0.562738,0.41,1,320590,320151,439
30347821,45.3967,44.6204,440,42675,0.616548,0.37,1,320640,320200,440
30350741,31.4793,31.3241,440,42724,0.64331,0.43,1,320668,320228,440
30353661,37.4959,36.6648,441,42773,0.632662,0.39,1,320707,320266,441
30356581,29.8992,29.733,441,42822,0.630532,0.47,1,320735,320294,441
30359501,34.7798,33.1466,443,42871,0.630106,0.45,1,320771,320328,443
30362421,35.756,34.6293,444,42920,0.662021,0.45,1,320807,320363,444
30365341,8.75119,8.52586,444,42969,0.668404,0.47,1,320809,320365,444
30368261,48.1502,47.3052,445,43018,0.701681,0.47,1,320867,320422,445
30371181,35.23,9.46103,477,43067,0.724336,0.53,1,320899,320422,477
30374101,33.446,27.4922,478,43116,0.728867,0.51,1,320932,320454,478
30377021,29.0892,31.0984,474,43165,0.745773,0.55,1,320960,320486,474
30379941,35.4178,28.6197,483,43214,0.733155,0.55,1,320997,320514,483
30382861,15.0836,34.5239,457,43263,0.762631,0.53,2,321007,320550,457
30385781,27.0167,14.9048,477,43312,0.800526,0.57,2,321037,320560,477
30388701,47.8033,26.981,500,43361,0.824105,0.63,2,321090,320590,500
30391621,32.7607,45.3962,479,43410,0.860821,0.65,2,321119,320640,479
30394541,38.5521,31.4792,491,43459,0.884164,0.63,2,321159,320668,491
30397461,30.1104,37.4958,480,43508,0.920833,0.63,2,321187,320707,480
30400381,34.8221,29.8992,488,43556,0.944167,0.63,2,321223,320735,488
30420821,38,28,496,43892,0.95,0.73,2,321456,320960,496
30607701,72,78,505,21370,0.35,1,1,323621,323116,505
30610621,70.4,70.8,506,21469,0.126,1,1,323691,323185,506
30613541,88.48,80.56,516,21568,0.0252,1,1,323784,323268,516
30616461,95.296,80.912,532,21666,0.02904,0.88,1,323881,323349,532
30619381,35.8592,80.9824,472,21764,0.061808,0.8,1,323902,323430,472
30622301,31.9718,35.3965,479,21861,0.0363616,0.61,1,323933,323454,479
30625221,55.9944,83.0793,446,21958,0.0792723,0.35,1,323995,323549,446
30628141,61.5989,74.2159,437,22055,0.119854,0.07,1,324058,323621,437
30631061,61.1198,70.8432,428,22151,0.111971,0,1,324119,323691,428
30633981,83.424,88.5686,424,22247,0.0463942,0.03,1,324208,323784,424
30636901,95.0848,95.3137,425,22342,0.0812788,0.07,1,324306,323881,425
30639821,35.017,35.8627,424,22437,0.0882558,0.03,1,324326,323902,424
30642741,31.0034,31.9725,423,22532,0.0896512,0.03,1,324356,323933,423
30645661,55.8007,6.39451,485,22626,0.10593,0.09,1,324418,323933,485
30648581,63.1601,50.8789,488,22720,0.141186,0.13,1,324483,323995,488
30651501,60.632,60.5758,485,22813,0.148237,0.11,1,324543,324058,485
30654421,81.7264,60.9152,511,22906,0.133647,0.03,1,324630,324119,511
30657341,95.5453,83.383,521,22999,0.146729,0.09,1,324729,324208,521
30660261,36.7091,95.0766,445,23091,0.149346,0.09,1,324751,324306,445
30663181,29.7418,35.0153,453,23183,0.165869,0.09,1,324779,324326,453
30666101,57.9484,31.0031,488,23274,0.185174,0.11,1,324844,324356,488
30669021,65.1897,55.8006,493,23365,0.237035,0.15,1,324911,324418,493
30671941,61.0379,63.1601,488,23456,0.279407,0.15,1,324971,324483,488
30674861,81.0076,60.632,514,23546,0.303881,0.13,1,325057,324543,514
30677781,96.2015,81.7264,527,23636,0.372776,0.15,1,325157,324630,527
30680701,36.8403,95.5453,450,23726,0.386555,0.15,1,325179,324729,450
30683621,31.3681,36.7091,458,23815,0.357311,0.17,1,325209,324751,458
30686541,58.2736,29.7418,495,23904,0.399462,0.19,1,325274,324779,495
30689461,13.2547,57.9484,432,23993,0.407892,0.25,1,325276,324844,432
30692381,58.6509,65.1897,435,24081,0.473578,0.29,1,325346,324911,435
30695301,60.5302,61.0379,436,24169,0.470716,0.31,1,325407,324971,436
30698221,81.706,81.0076,437,24257,0.502143,0.39,1,325494,325057,437
30701141,99.5412,96.2015,441,24344,0.540429,0.39,1,325598,325157,441
30704061,37.5082,36.8403,441,24431,0.564086,0.35,1,325620,325179,441
30706981,31.5016,31.3681,441,24518,0.536817,0.41,1,325650,325209,441
30709901,59.1003,58.2736,442,24604,0.547363,0.41,1,325716,325274,442
30712821,13.4201,13.2547,442,24690,0.549473,0.49,1,325718,325276,442
30715741,60.284,58.6509,444,24776,0.629894,0.47,1,325790,325346,444
30718661,61.6568,60.5302,445,24862,0.693979,0.51,1,325852,325407,445
30721581,83.5314,81.706,447,24947,0.674796,0.55,1,325941,325494,447
30724501,99.9063,99.5412,447,25032,0.686959,0.57,1,326045,325598,447
30727421,38.3813,37.5082,448,25117,0.673392,0.53,1,326068,325620,448
30730341,31.6763,31.5016,448,25201,0.718678,0.55,1,326098,325650,448
30733261,59.9353,59.1003,449,25285,0.759736,0.55,2,326165,325716,449
30736181,13.587,13.4201,449,25369,0.767947,0.65,2,326167,325718,449
30739101,62.7174,60.284,452,25453,0.769589,0.65,2,326242,325790,452
30742021,63.7435,12.0568,516,25536,0.817918,0.71,2,326306,325790,516
30744941,83.9487,52.0114,543,25619,0.843584,0.67,2,326395,325852,543
30747861,99.1897,81.6023,557,25702,0.864717,0.69,2,326498,325941,557
30750781,39.8379,99.5205,478,25784,0.852943,0.67,2,326523,326045,478
30753701,31.9676,38.3041,485,25866,0.898589,0.73,2,326553,326068,485
30756621,61.5935,31.6608,524,25948,0.923718,0.77,2,326622,326098,524
30759541,13.9187,59.9322,459,26030,0.928744,0.77,2,326624,326165,459
30855901,45,31,513,28591,0.59,1,1,328470,327957,513
30858821,43.4,35,520,28665,0.542,1,1,328513,327993,520
30861741,43.08,51.8,507,28739,0.3724,1,1,328556,328049,507
30864661,43.016,31.16,524,28813,0.19448,1,1,328599,328075,524
30867581,73.4032,50.232,550,28886,0.046896,1,1,328680,328130,550
30870501,80.2806,66.0464,562,28959,0.0973792,1,1,328762,328200,562
30873421,46.4561,88.4093,506,29032,0.0914758,1,1,328800,328294,506
30876341,44.4912,48.0819,512,29105,0.0422952,0.78,1,328844,328332,512
30879261,36.8982,48.0164,499,29178,0.048459,0.71,1,328879,328380,499
30882181,38.5796,45.6033,493,29251,0.0336918,0.59,1,328918,328425,493
30885101,38.9159,45.1207,487,29323,0.0627384,0.53,1,328957,328470,487
30888021,37.3832,43.4241,481,29395,0.0845477,0.33,1,328994,328513,481
30890941,33.8766,43.0848,471,29467,0.13691,0.15,1,329027,328556,471
30893861,66.7753,43.017,503,29539,0.0993819,0.01,1,329102,328599,503
30896781,82.1551,73.4034,508,29611,0.0758764,0.11,1,329188,328680,508
30899701,46.031,80.2807,463,29682,0.0551753,0.09,1,329225,328762,463
30902621,43.6062,46.4561,468,29753,0.0510351,0.03,1,329268,328800,468
30905541,37.5212,44.4912,460,29824,0.050207,0.05,1,329304,328844,460
30908461,9.10425,36.8982,427,29895,0.0500414,0.03,1,329306,328879,427
30911381,32.2208,38.5796,426,29966,0.0980083,0.07,1,329344,328918,426
30914301,37.6442,38.9159,426,30037,0.123602,0.09,1,329383,328957,426
30917221,39.5288,37.3832,429,30107,0.0967203,0.15,1,329423,328994,429
30920141,34.3058,33.8766,429,30177,0.0753441,0.09,1,329456,329027,429
30923061,63.6612,66.7753,425,30247,0.0870688,0.07,1,329527,329102,425
30925981,82.3322,82.1551,426,30317,0.0574138,0.05,1,329614,329188,426
30928901,44.4664,46.031,424,30387,0.0354828,0.05,1,329649,329225,424
30931821,44.0933,43.6062,425,30457,0.0790965,0.05,1,329693,329268,425
30934741,39.2187,37.5212,427,30526,0.103819,0.05,1,329731,329304,427
30937661,9.44373,9.10425,427,30595,0.108764,0.11,1,329733,329306,427
30940581,30.6887,32.2208,425,30664,0.157753,0.13,1,329769,329344,425
30943501,38.1377,37.6442,426,30733,0.183551,0.09,1,329809,329383,426
30946421,38.0275,39.5288,424,30802,0.20471,0.07,1,329847,329423,424
30949341,33.2055,34.3058,423,30871,0.224942,0.09,1,329879,329456,423
30952261,66.6411,63.6612,427,30940,0.212988,0.05,1,329954,329527,427
30955181,78.9282,82.3322,422,31008,0.146598,0.03,1,330036,329614,422
30958101,45.3856,44.4664,424,31076,0.14932,0.09,1,330073,329649,424
30961021,44.2771,44.0933,424,31144,0.165864,0.11,1,330117,329693,424
30963941,41.6554,39.2187,427,31212,0.201173,0.11,1,330158,329731,427
30966861,9.93108,9.44373,427,31280,0.208235,0.11,1,330160,329733,427
30969781,30.7862,1.88875,463,31348,0.241647,0.17,1,330196,329733,463
30972701,38.9572,29.1778,468,31415,0.248329,0.19,1,330237,329769,468
30975621,38.9914,37.8355,467,31482,0.265666,0.21,1,330276,329809,467
30978541,34.1983,37.9671,462,31549,0.285133,0.23,1,330309,329847,462
30981461,66.0397,33.1934,504,31616,0.337027,0.21,1,330383,329879,504
30984381,76.4079,66.6387,508,31683,0.379405,0.13,1,330462,329954,508
30987301,44.8816,78.9277,463,31750,0.371881,0.15,1,330499,330036,463
30990221,44.9763,45.3855,471,31817,0.354376,0.17,1,330544,330073,471
30993141,45.7953,44.2771,473,31883,0.350875,0.21,1,330590,330117,473
30996061,10.7591,41.6554,434,31949,0.350175,0.21,1,330592,330158,434
30998981,32.5518,9.93108,470,32015,0.366035,0.25,1,330630,330160,470
31001901,38.5104,30.7862,474,32081,0.433207,0.25,1,330670,330196,474
31004821,39.7021,38.9572,473,32147,0.478641,0.27,1,330710,330237,473
31007741,35.1404,38.9914,468,32213,0.487728,0.29,1,330744,330276,468
31010661,68.6281,34.1983,512,32279,0.553546,0.35,1,330821,330309,512
31013581,76.9256,66.0397,517,32345,0.598709,0.39,1,330900,330383,517
31016501,45.7851,76.4079,476,32410,0.607742,0.37,1,330938,330462,476
31019421,44.357,44.8816,483,32475,0.641548,0.35,1,330982,330499,483
31022341,45.6714,44.9763,484,32540,0.66431,0.35,1,331028,330544,484
31025261,10.7343,45.7953,440,32605,0.668862,0.35,1,331030,330590,440
31028181,35.7469,10.7591,480,32670,0.637772,0.37,1,331072,330592,480
31031101,40.7494,32.5518,484,32735,0.663554,0.45,1,331114,330630,484
31034021,9.74987,38.5104,446,32800,0.700711,0.49,1,331116,330670,446
31036941,33.95,39.7021,446,32864,0.724142,0.49,1,331156,330710,446
31039861,33.99,35.1404,446,32928,0.744828,0.57,1,331190,330744,446
31042781,71.598,68.6281,450,32992,0.732966,0.61,1,331271,330821,450
31045701,79.1196,76.9256,452,33056,0.698593,0.61,1,331352,330900,452
31048621,47.0239,45.7851,453,33120,0.707719,0.65,1,331391,330938,453
31051541,45.4048,44.357,454,33184,0.709544,0.67,1,331436,330982,454
31054461,46.681,45.6714,455,33248,0.773909,0.67,2,331483,331028,455
31057381,10.9362,10.7343,455,33312,0.786782,0.63,2,331485,331030,455
31060301,34.1872,35.7469,453,33375,0.789356,0.67,2,331525,331072,453
31063221,43.6374,40.7494,457,33438,0.741871,0.71,1,331571,331114,457
31066141,10.3275,9.74987,457,33501,0.732374,0.73,1,331573,331116,457
31069061,35.6655,33.95,459,33564,0.826475,0.75,2,331615,331156,459
31071981,34.3331,33.99,459,33627,0.893295,0.73,2,331649,331190,459
31074901,69.2666,71.598,456,33690,0.922659,0.69,2,331727,331271,456
31077821,78.6533,79.1196,456,33753,0.896532,0.71,2,331808,331352,456
31080741,47.7307,47.0239,457,33816,0.907306,0.71,2,331848,331391,457
31212141,61,81,484,36524,0.73,1,1,333710,333226,484
31215061,53,53,489,36582,0.554,1,1,333761,333272,489
31217981,35.4,41.8,481,36640,0.5188,1,1,333792,333311,481
31220901,60.68,53.16,492,36698,0.39976,1,1,333859,333367,492
31223821,28.136,20.232,500,36756,0.455952,1,1,333879,333379,500
31226741,29.6272,26.4464,502,36813,0.37119,1,1,333909,333407,502
31229661,15.5254,37.2893,474,36870,0.370238,1,1,333921,333447,474
31232581,20.7051,25.8579,473,36927,0.370048,1,1,333943,333470,473
31235501,35.341,38.7716,470,36984,0.35401,0.9,1,333982,333512,470
31238421,32.6682,37.3543,465,37041,0.398802,0.85,1,334014,333549,465
31241341,28.9336,30.6709,464,37098,0.34376,0.75,1,334042,333578,464
31244261,57.7867,62.9342,458,37155,0.380752,0.75,1,334107,333649,458
31247181,53.1573,12.5868,510,37212,0.43615,0.73,1,334159,333649,510
31250101,52.2315,51.3174,501,37269,0.44723,0.51,1,334211,333710,501
31253021,32.8463,51.0635,478,37326,0.449446,0.51,1,334239,333761,478
31255941,53.7693,35.0127,506,37383,0.497889,0.37,1,334298,333792,506
31258861,26.7539,60.6025,459,37440,0.539578,0.47,1,334318,333859,459
31261781,29.3508,28.1205,469,37496,0.563916,0.35,1,334348,333879,469
31264701,13.8702,29.6241,449,37552,0.568783,0.37,1,334358,333909,449
31267621,20.374,15.5248,459,37608,0.569757,0.37,1,334380,333921,459
31270541,36.0748,20.705,477,37664,0.585951,0.35,1,334420,333943,477
31273461,33.615,35.341,471,37720,0.57319,0.41,1,334453,333982,471
31276381,26.723,32.6682,464,37776,0.586638,0.33,1,334478,334014,464
31279301,58.9446,28.9336,503,37832,0.637328,0.39,1,334545,334042,503
31282221,56.5889,57.7867,494,37888,0.663465,0.45,1,334601,334107,494
31285141,53.7178,53.1573,495,37944,0.684693,0.45,1,334654,334159,495
31288061,33.9436,52.2315,472,38000,0.704939,0.45,1,334683,334211,472
31290981,55.5887,32.8463,505,38056,0.740988,0.51,1,334744,334239,505
31293901,28.7177,53.7693,468,38112,0.796198,0.55,2,334766,334298,468
31296821,30.5435,26.7539,479,38167,0.79124,0.57,2,334797,334318,479
31299741,14.1087,29.3508,459,38222,0.790248,0.57,2,334807,334348,459
31302661,20.4217,13.8702,471,38277,0.79005,0.57,2,334829,334358,471
31305581,36.8843,20.374,490,38332,0.80601,0.59,2,334870,334380,490
31308501,32.9769,36.0748,482,38387,0.809202,0.57,2,334902,334420,482
31311421,27.3954,33.615,475,38442,0.82584,0.59,2,334928,334453,475
31314341,62.2791,26.723,521,38497,0.861168,0.65,2,334999,334478,521
31317261,57.2558,58.9446,510,38552,0.884234,0.67,2,335055,334545,510
31320181,55.4512,56.5889,509,38607,0.904847,0.69,2,335110,334601,509
31323101,12.6902,53.7178,458,38662,0.908969,0.71,2,335112,334654,458
31326021,24.938,33.9436,457,38717,0.941794,0.75,2,335140,334683,457
31328941,56.1876,55.5887,460,38772,0.916359,0.81,2,335204,334744,460
31331861,30.4375,28.7177,462,38826,0.847272,0.79,2,335228,334766,462
31334781,30.0875,30.5435,461,38880,0.849454,0.79,2,335258,334797,461
31337701,14.0175,14.1087,461,38934,0.849891,0.79,2,335268,334807,461
31340621,20.4035,20.4217,461,38988,0.897978,0.81,2,335290,334829,461
31343541,37.6807,36.8843,462,39042,0.875596,0.81,2,335332,334870,462
31346461,33.9361,32.9769,463,39096,0.903119,0.83,2,335365,334902,463
31349381,27.5872,27.3954,463,39150,0.924624,0.87,2,335391,334928,463
31352301,63.9174,62.2791,465,39204,0.912925,0.89,2,335464,334999,465
31507061,38,71,480,41964,0.91,1,2,337356,336876,480
31509981,50,53.4,484,42014,0.798,1,2,337409,336925,484
31512901,66,64.28,487,42064,0.7596,1,2,337479,336992,487
31515821,39.6,39.256,487,42114,0.71992,0.99,1,337512,337025,487
31518741,36.72,33.4512,491,42164,0.711984,1,1,337548,337057,491
31521661,33.744,33.0902,491,42214,0.790397,1,2,337581,337090,491
31524581,32.3488,31.418,492,42264,0.758079,1,2,337613,337121,492
31527501,20.8698,31.0836,479,42314,0.751616,0.96,2,337631,337152,479
31530421,24.174,26.2167,479,42364,0.702323,1,1,337656,337177,479
31533341,16.0348,17.2433,478,42414,0.692465,1,1,337670,337192,478
31536261,26.407,25.8487,479,42464,0.658493,0.99,1,337699,337220,479
31539181,33.2814,34.7697,477,42514,0.667699,0.84,1,337734,337257,477
31542101,23.4563,30.9539,468,42564,0.66954,0.93,1,337755,337287,468
31545021,28.6913,30.9908,467,42614,0.605908,0.91,1,337785,337318,467
31547941,32.9383,36.5982,463,42664,0.625182,0.77,1,337819,337356,463
31550861,45.7877,49.7196,459,42713,0.597036,0.75,1,337868,337409,459
31553781,64.3575,65.9439,458,42762,0.607407,0.71,1,337937,337479,458
31556701,36.0715,39.5888,454,42811,0.593481,0.71,1,337966,337512,454
31559621,36.8143,36.7178,455,42860,0.574696,0.81,1,338003,337548,455
31562541,36.1629,33.7436,458,42909,0.570939,0.75,1,338039,337581,458
31565461,32.0326,32.3487,457,42958,0.554188,0.75,1,338070,337613,457
31568381,20.0065,20.8697,456,43007,0.566838,0.75,1,338087,337631,456
31571301,21.6013,4.17395,478,43056,0.585368,0.69,1,338109,337631,478
31574221,15.5203,20.8348,467,43105,0.557073,0.69,1,338123,337656,467
31577141,26.3041,15.367,482,43154,0.535415,0.65,1,338152,337670,482
31580061,34.8608,26.2734,490,43203,0.547083,0.67,1,338189,337699,490
31582981,21.3722,33.2547,473,43252,0.533417,0.67,1,338207,337734,473
31585901,27.4744,23.4509,481,43301,0.514683,0.59,1,338236,337755,481
31588821,31.8949,28.6902,484,43350,0.558937,0.63,1,338269,337785,484
31591741,44.779,32.938,498,43399,0.551787,0.59,1,338317,337819,498
31594661,64.1558,45.7876,518,43448,0.646357,0.61,1,338386,337868,518
31597581,36.8312,64.3575,479,43497,0.665272,0.59,1,338416,337937,479
31600501,34.5662,36.0715,484,43546,0.717054,0.57,1,338450,337966,484
31603421,35.7132,36.8143,483,43594,0.727411,0.57,1,338486,338003,483
31606341,32.7426,36.1629,479,43642,0.713482,0.55,1,338518,338039,479
31609261,21.7485,32.0326,467,43690,0.726696,0.57,1,338537,338070,467
31612181,20.3497,20.0065,470,43738,0.745339,0.59,1,338557,338087,470
31615101,15.2699,21.6013,462,43786,0.749068,0.55,1,338571,338109,462
31618021,25.454,15.5203,476,43834,0.781814,0.53,2,338599,338123,476
31620941,34.6908,26.3041,484,43882,0.804363,0.55,2,338636,338152,484
31623861,21.3382,34.8608,465,43930,0.776873,0.53,2,338654,338189,465
31626781,28.2676,21.3722,477,43978,0.771375,0.51,2,338684,338207,477
31629701,32.8535,27.4744,482,44026,0.786275,0.57,2,338718,338236,482
31632621,46.5707,31.8949,499,44074,0.837255,0.55,2,338768,338269,499
31635541,66.9141,44.779,523,44122,0.831451,0.67,2,338840,338317,523
31638461,38.1828,64.1558,485,44170,0.87829,0.67,2,338871,338386,485
31641381,36.4366,36.8312,491,44218,0.887658,0.73,2,338907,338416,491
31644301,36.0873,34.5662,493,44266,0.889532,0.73,2,338943,338450,493
31647221,32.0175,35.7132,488,44314,0.873906,0.71,2,338974,338486,488
31650141,22.4035,32.7426,476,44362,0.870781,0.73,2,338994,338518,476
31653061,21.2807,21.7485,478,44410,0.886156,0.75,2,339015,338537,478
31655981,15.4561,20.3497,472,44457,0.905231,0.75,2,339029,338557,472
31658901,4.69123,15.2699,460,44504,0.909046,0.79,2,339031,338571,460
31661821,24.1382,25.454,461,44551,0.909809,0.81,2,339060,338599,461
31664741,33.6277,34.6908,460,44598,0.925962,0.77,2,339096,338636,460
31667661,21.1255,21.3382,460,44645,0.929192,0.77,2,339114,338654,460
31670581,29.0251,28.2676,461,44692,0.945838,0.79,2,339145,338684,461
31673501,33.005,32.8535,461,44739,0.949168,0.85,2,339179,338718,461
31676421,47.401,46.5707,462,44786,0.949834,0.83,2,339230,338768,462
31679341,69.4802,66.9141,465,44833,0.933967,0.89,2,339305,338840,465
31848701,142,123,514,21370,0.05,0.97,1,341266,340752,514
31851621,76.4,87.8,495,21469,0.034,0.81,1,341326,340831,495
31854541,64.08,79.16,479,21568,0.0068,0.63,1,341387,340908,479
31857461,77.616,53.432,513,21666,0.12136,0.35,1,341468,340955,513
31860381,30.7232,81.0864,444,21764,0.160272,0.35,1,341487,341043,444
31863301,31.7446,35.4173,452,21861,0.184054,0.21,1,341519,341067,452
31866221,37.5489,52.6835,434,21958,0.268811,0.05,1,341558,341124,434
31869141,111.51,124.137,422,22055,0.301762,0.03,1,341688,341266,422
31872061,70.302,72.8273,422,22151,0.276352,0,1,341748,341326,422
31874981,65.2604,63.3655,425,22247,0.25527,0.15,1,341812,341387,425
31877901,81.0521,77.4731,429,22342,0.315054,0.17,1,341897,341468,429
31880821,32.2104,30.6946,430,22437,0.295011,0.19,1,341917,341487,430
31883741,33.6421,31.7389,432,22532,0.339002,0.19,1,341951,341519,432
31886661,40.3284,6.34778,474,22626,0.3638,0.29,1,341993,341519,474
31889581,112.866,32.4696,566,22720,0.41676,0.31,1,342124,341558,566
31892501,67.3731,110.494,492,22813,0.427352,0.27,1,342180,341688,492
31895421,65.4746,70.0988,497,22906,0.46147,0.25,1,342245,341748,497
31898341,82.6949,65.2198,520,22999,0.516294,0.33,1,342332,341812,520
31901261,32.539,81.044,455,23091,0.543259,0.29,1,342352,341897,455
31904181,36.9078,32.2088,473,23183,0.548652,0.35,1,342390,341917,473
31907101,42.5816,33.6418,483,23274,0.58173,0.37,1,342434,341951,483
31910021,114.116,40.3284,573,23365,0.652346,0.43,1,342566,341993,573
31912941,67.6233,112.866,498,23456,0.666469,0.43,1,342622,342124,498
31915861,67.9247,67.3731,510,23546,0.701294,0.47,1,342690,342180,510
31918781,85.5849,65.4746,535,23636,0.740259,0.53,1,342780,342245,535
31921701,33.117,82.6949,468,23726,0.748052,0.55,1,342800,342332,468
31924621,37.8234,32.539,487,23815,0.73361,0.55,1,342839,342352,487
31927541,43.5647,36.9078,494,23904,0.714722,0.59,1,342884,342390,494
31930461,10.3129,42.5816,452,23993,0.710944,0.67,1,342886,342434,452
31933381,110.063,114.116,455,24081,0.774189,0.67,2,343021,342566,455
31936301,66.8125,67.6233,455,24169,0.802838,0.71,2,343077,342622,455
31939221,69.3625,67.9247,457,24257,0.776568,0.75,2,343147,342690,457
31942141,87.4725,85.5849,459,24344,0.819314,0.75,2,343239,342780,459
31945061,33.4945,33.117,459,24431,0.827863,0.73,2,343259,342800,459
31947981,37.0989,37.8234,458,24518,0.829572,0.71,2,343297,342839,458
31950901,42.6198,43.5647,457,24604,0.845915,0.71,2,343341,342884,457
31953821,10.124,10.3129,457,24690,0.881183,0.79,2,343343,342886,457
32061861,35,26,510,27688,0.51,1,1,345547,345037,510
32064781,64.6,78,491,27764,0.382,1,1,345619,345128,491
32067701,51.32,46.8,500,27840,0.2124,1,1,345667,345167,500
32070621,38.264,34.96,503,27916,0.13048,1,1,345702,345199,503
32073541,31.6528,36.592,496,27992,0.130096,0.95,1,345732,345236,496
32076461,26.3306,34.5184,487,28068,0.0500192,1,1,345757,345270,487
32079381,73.2661,90.9037,467,28143,0.146004,0.83,1,345842,345375,467
32082301,67.4532,73.3807,464,28218,0.165201,0.61,1,345908,345444,464
32085221,57.4906,69.0761,451,28293,0.21704,0.51,1,345963,345512,451
32088141,34.6981,41.8152,445,28368,0.195408,0.51,1,345992,345547,445
32091061,57.3396,8.36305,508,28443,0.175082,0.35,1,346055,345547,508
32093981,43.4679,59.2726,476,28517,0.203016,0.17,1,346095,345619,476
32096901,35.0936,50.2545,461,28591,0.224603,0.11,1,346128,345667,461
32099821,29.4187,38.0509,454,28665,0.212921,0.13,1,346156,345702,454
32102741,24.2837,31.6102,447,28739,0.226584,0.03,1,346179,345732,447
32105661,76.0568,26.322,511,28813,0.245317,0.17,1,346268,345757,511
32108581,71.2113,73.2644,496,28886,0.281063,0.17,1,346338,345842,496
32111501,58.2423,67.4529,485,28959,0.368213,0.23,1,346393,345908,485
32114421,34.8485,57.4906,459,29032,0.401643,0.19,1,346422,345963,459
32117341,58.1697,34.6981,494,29105,0.376328,0.17,1,346486,345992,494
32120261,43.6339,57.3396,471,29178,0.371266,0.21,1,346526,346055,471
32123181,35.9268,43.4679,465,29251,0.386253,0.23,1,346560,346095,465
32126101,31.9854,35.0936,463,29323,0.373251,0.21,1,346591,346128,463
32129021,22.3971,29.4187,455,29395,0.37065,0.23,1,346611,346156,455
32131941,78.0794,24.2837,524,29467,0.43413,0.25,1,346703,346179,524
32134861,73.2159,76.0568,507,29539,0.446826,0.29,1,346775,346268,507
32137781,61.0432,71.2113,495,29611,0.465365,0.39,1,346833,346338,495
32140701,36.2086,58.2423,470,29682,0.501073,0.41,1,346863,346393,470
32143621,56.8417,34.8485,503,29753,0.524215,0.37,1,346925,346422,503
32146541,43.3683,58.1697,479,29824,0.528843,0.37,1,346965,346486,479
32149461,10.2737,43.6339,441,29895,0.529769,0.39,1,346967,346526,441
32152381,29.2547,35.9268,441,29966,0.577954,0.37,1,347001,346560,441
32155301,29.8509,31.9854,440,30037,0.603591,0.37,1,347031,346591,440
32158221,21.9702,22.3971,440,30107,0.608718,0.45,1,347051,346611,440
32161141,81.194,78.0794,444,30177,0.625744,0.45,1,347147,346703,444
32164061,74.6388,73.2159,445,30247,0.645149,0.47,1,347220,346775,445
32166981,62.1278,61.0432,446,30317,0.68103,0.51,1,347279,346833,446
32169901,37.2256,36.2086,447,30387,0.720206,0.53,1,347310,346863,447
32172821,57.8451,56.8417,448,30457,0.712041,0.53,1,347373,346925,448
32175741,43.569,43.3683,448,30526,0.758408,0.53,2,347413,346965,448
32178661,10.3138,10.2737,448,30595,0.735682,0.59,1,347415,346967,448
32181581,30.0628,29.2547,449,30664,0.763136,0.61,2,347450,347001,449
32184501,30.8126,29.8509,450,30733,0.784627,0.61,2,347481,347031,450
32187421,22.1625,21.9702,450,30802,0.788925,0.63,2,347501,347051,450
32190341,82.0325,81.194,451,30871,0.805785,0.65,2,347598,347147,451
32193261,75.6065,74.6388,452,30940,0.889157,0.69,2,347672,347220,452
32356781,67,36,536,34559,0.57,1,1,350223,349687,536
32359701,45.4,48.8,524,34620,0.522,1,1,350263,349739,524
32362621,43.48,49.76,517,34681,0.4644,1,1,350306,349789,517
32365541,33.496,39.552,511,34742,0.32488,1,1,350337,349826,511
32368461,23.4992,30.3104,504,34803,0.264976,1,1,350358,349854,504
32371381,31.8998,27.6621,511,34864,0.236995,1,1,350392,349881,511
32374301,31.18,29.5324,512,34925,0.119399,1,1,350423,349911,512
32377221,32.636,34.7065,509,34986,0.0318798,1,1,350456,349947,509
32380141,44.9272,30.9413,527,35046,0.062376,1,1,350504,349977,527
32383061,77.7854,54.1883,553,35106,0.0204752,0.78,1,350590,350037,553
32385981,40.3571,79.6377,498,35166,0.044095,0.77,1,350621,350123,498
32388901,49.6714,42.3275,517,35226,0.00881901,0.57,1,350673,350156,517
32391821,37.9343,62.0655,485,35286,0.0417638,0.51,1,350708,350223,485
32394741,37.9869,44.4131,483,35346,0.0323528,0.45,1,350746,350263,483
32397661,28.3974,43.2826,466,35406,0.0624706,0.29,1,350772,350306,466
32400581,22.4795,33.4565,456,35466,0.0364941,0.25,1,350793,350337,456
32403501,26.8959,23.4913,463,35526,0.0472988,0.23,1,350821,350358,463
32406421,25.3792,31.8983,454,35586,0.0654598,0.09,1,350846,350392,454
32409341,29.8758,31.1797,454,35645,0.117092,0.01,1,350877,350423,454
32412261,7.57517,32.6359,423,35704,0.127418,0.07,1,350879,350456,423
32415181,41.515,44.9272,425,35763,0.0814837,0.01,1,350929,350504,425
32418101,74.703,77.7854,422,35822,0.0722967,0.05,1,351012,350590,422
32421021,40.5406,40.3571,423,35881,0.0544593,0,1,351044,350621,423
32423941,50.5081,49.6714,424,35940,0.0348919,0.05,1,351097,350673,424
32426861,38.9016,37.9343,425,35999,0.0309784,0.03,1,351133,350708,425
32429781,36.5803,37.9869,423,36058,0.00619567,0.07,1,351169,350746,423
32432701,28.1161,28.3974,423,36117,0.121239,0.03,1,351195,350772,423
32435621,21.6232,22.4795,422,36176,0.144248,0.05,1,351215,350793,422
32438541,26.7246,26.8959,422,36234,0.11685,0.07,1,351243,350821,422
32441461,27.7449,25.3792,425,36292,0.0953699,0.13,1,351271,350846,425
32444381,27.949,29.8758,422,36350,0.075074,0.13,1,351299,350877,422
32447301,7.1898,7.57517,422,36408,0.0710148,0.07,1,351301,350879,422
32450221,43.838,41.515,425,36466,0.054203,0.07,1,351354,350929,425
32453141,72.7676,74.703,422,36524,0.0348406,0.05,1,351434,351012,422
32456061,40.9535,40.5406,423,36582,0.0309681,0.03,1,351467,351044,423
32458981,50.5907,50.5081,423,36640,0.0461936,0.03,1,351520,351097,423
32461901,38.9181,38.9016,423,36698,0.0812387,0,1,351556,351133,423
32464821,35.7836,36.5803,422,36756,0.104248,0.15,1,351591,351169,422
32467741,31.9567,28.1161,427,36813,0.18885,0.15,1,351622,351195,427
32470661,22.3913,21.6232,427,36870,0.18977,0.11,1,351642,351215,427
32473581,25.2783,26.7246,425,36927,0.221954,0.09,1,351668,351243,425
32476501,26.6557,27.7449,424,36984,0.228391,0.07,1,351695,351271,424
32479421,28.5311,27.949,425,37041,0.213678,0.07,1,351724,351299,425
32482341,7.30623,7.1898,425,37098,0.210736,0.05,1,351726,351301,425
32485261,41.4612,43.838,422,37155,0.226147,0.05,1,351776,351354,422
32488181,71.4922,8.76759,501,37212,0.165229,0.03,1,351855,351354,501
32491101,41.4984,65.7535,455,37269,0.0890459,0.03,1,351889,351434,455
32494021,49.8997,39.5507,474,37326,0.0898092,0.05,1,351941,351467,474
32496941,41.1799,50.3101,460,37383,0.0899618,0.09,1,351980,351520,460
32499861,34.636,38.862,457,37440,0.0739924,0.11,1,352013,351556,457
32502781,38.1272,35.7724,461,37496,0.0707985,0.21,1,352052,351591,461
32505701,23.6254,31.9545,450,37552,0.11816,0.19,1,352072,351622,450
32508621,25.5251,22.3909,456,37608,0.127632,0.23,1,352098,351642,456
32511541,28.305,25.2782,459,37664,0.145526,0.23,1,352127,351668,459
32514461,28.861,26.6556,461,37720,0.181105,0.21,1,352156,351695,461
32517381,7.3722,28.5311,434,37776,0.188221,0.21,1,352158,351724,434
32520301,39.8744,7.30623,480,37832,0.205644,0.23,1,352206,351726,480
32523221,67.9749,41.4612,505,37888,0.257129,0.15,1,352281,351776,505
32526141,39.195,71.4922,458,37944,0.267426,0.07,1,352313,351855,458
32529061,50.239,41.4984,477,38000,0.269485,0.09,1,352366,351889,477
32531981,41.2478,49.8997,464,38056,0.285897,0.09,1,352405,351941,464
32534901,33.8496,41.1799,457,38112,0.289179,0.07,1,352437,351980,457
32537821,40.3699,34.636,466,38167,0.289836,0.07,1,352479,352013,466
32540741,24.074,38.1272,447,38222,0.305967,0.13,1,352499,352052,447
32543661,25.6148,23.6254,453,38277,0.357193,0.13,1,352525,352072,453
32546581,29.923,25.5251,458,38332,0.399439,0.15,1,352556,352098,458
32549501,30.7846,28.305,460,38387,0.423888,0.19,1,352587,352127,460
32552421,7.75692,28.861,433,38442,0.396778,0.19,1,352589,352156,433
32555341,39.9514,7.3722,479,38497,0.407355,0.21,1,352637,352158,479
32558261,70.3903,39.8744,509,38552,0.441471,0.27,1,352715,352206,509
32561181,39.6781,67.9749,466,38607,0.448294,0.27,1,352747,352281,466
32564101,9.53561,39.195,436,38662,0.449659,0.27,1,352749,352313,436
32567021,43.5071,50.239,435,38717,0.449932,0.29,1,352801,352366,435
32569941,40.7014,41.2478,436,38772,0.465986,0.29,1,352841,352405,436
32572861,34.5403,33.8496,437,38826,0.501197,0.29,1,352874,352437,437
32575781,39.7081,40.3699,436,38880,0.524239,0.31,1,352915,352479,436
32578701,25.5416,24.074,438,38934,0.496848,0.37,1,352937,352499,438
32581621,28.3083,25.6148,441,38988,0.50737,0.41,1,352966,352525,441
32584541,31.2617,29.923,442,39042,0.557474,0.43,1,352998,352556,442
32587461,30.2523,30.7846,441,39096,0.535495,0.39,1,353028,352587,441
32590381,7.65047,7.75692,441,39150,0.531099,0.41,1,353030,352589,441
32593301,41.5301,39.9514,443,39204,0.54622,0.45,1,353080,352637,443
32596221,71.506,70.3903,444,39258,0.565244,0.45,1,353159,352715,444
32599141,39.9012,39.6781,444,39312,0.585049,0.45,1,353191,352747,444
32602061,9.58024,9.53561,444,39366,0.58901,0.45,1,353193,352749,444
32604981,43.5161,43.5071,444,39420,0.605802,0.47,1,353245,352801,444
32607901,41.5032,40.7014,445,39474,0.59316,0.51,1,353286,352841,445
32610821,34.7006,34.5403,445,39528,0.606632,0.53,1,353319,352874,445
32613741,40.5401,39.7081,446,39581,0.609326,0.49,1,353361,352915,446
32616661,25.708,25.5416,446,39634,0.609865,0.51,1,353383,352937,446
32619581,29.1416,28.3083,447,39687,0.641973,0.57,1,353413,352966,447
32622501,32.2283,31.2617,448,39740,0.696395,0.53,1,353446,352998,448
32625421,30.4457,30.2523,448,39793,0.707279,0.53,1,353476,353028,448
32628341,7.68913,7.65047,448,39846,0.757456,0.55,2,353478,353030,448
32631261,40.7378,41.5301,447,39899,0.799491,0.57,2,353527,353080,447
32634181,72.1476,71.506,448,39952,0.871898,0.59,2,353607,353159,448
32637101,40.8295,39.9012,449,40005,0.83838,0.59,2,353640,353191,449
32640021,9.7659,9.58024,449,40058,0.831676,0.59,2,353642,353193,449
32642941,43.5532,1.91605,501,40111,0.862335,0.61,2,353694,353193,501
32645861,40.7106,41.9832,489,40164,0.868467,0.59,2,353734,353245,489
32648781,35.3421,41.1966,482,40217,0.885693,0.61,2,353768,353286,482
32651701,40.6684,34.6393,491,40270,0.889139,0.61,2,353810,353319,491
32654621,25.7337,40.5279,471,40322,0.889828,0.61,2,353832,353361,471
32666301,2,30,459,40530,0.91,0.77,2,353935,353476,459
32669221,41.2,7.6,508,40582,0.926,0.81,2,353986,353478,508
32999181,32,5,544,46087,0.85,1,2,357845,357301,544
33002101,9.6,17.8,527,46133,0.802,1,2,357849,357322,527
33005021,53.12,33.96,553,46179,0.7284,1,1,357913,357360,553
33007941,41.824,78.792,502,46225,0.69768,1,1,357952,357450,502
33010861,39.5648,43.7584,506,46271,0.707536,1,1,357991,357485,506
33013781,32.713,32.7517,507,46317,0.661507,0.98,1,358022,357515,507
33016701,28.1426,30.5503,504,46363,0.668301,1,1,358049,357545,504
33019621,32.0285,31.7101,505,46408,0.68566,1,1,358082,357577,505
33022541,20.0057,32.742,489,46453,0.705132,1,1,358099,357610,489
33025461,28.8011,19.3484,504,46498,0.741026,0.95,1,358130,357626,504
33028381,32.9602,29.4697,506,46543,0.748205,0.97,1,358164,357658,506
33031301,32.992,33.8939,504,46588,0.797641,0.98,2,358197,357693,504
33034221,35.3984,33.1788,507,46633,0.823528,0.91,2,358233,357726,507
33037141,11.8797,39.4358,472,46678,0.828706,0.93,2,358239,357767,472
33040061,29.5759,16.6872,495,46723,0.845741,0.87,2,358273,357778,495
33042981,29.9152,31.3374,490,46768,0.817148,0.85,2,358303,357813,490
33045901,10.783,31.8675,464,46813,0.81143,0.79,2,358309,357845,464
33048821,48.5566,9.5735,518,46858,0.810286,0.71,2,358367,357849,518
33051741,44.1113,53.1147,497,46903,0.842057,0.69,2,358410,357913,497
33054661,36.0223,41.8229,492,46948,0.832411,0.71,2,358444,357952,492
33057581,32.0045,39.5646,484,46993,0.862482,0.65,2,358475,357991,484
33060501,28.8009,32.7129,481,47038,0.884496,0.67,2,358503,358022,481
33063421,31.3602,28.1426,486,47083,0.936899,0.69,2,358535,358049,486
33501421,2,30,493,53379,0.78,0.99,2,362871,362378,493
33504341,26,21.2,506,53418,0.692,1,1,362903,362397,506
33507261,32.4,16.24,525,53457,0.6104,1,1,362937,362412,525
33510181,24.08,28.848,515,53496,0.67408,1,1,362959,362444,515
33513101,10.416,35.3696,485,53535,0.574816,1,1,362966,362481,485
33516021,26.8832,33.4739,483,53574,0.538963,1,1,362997,362514,483
33518941,33.3766,29.8948,489,53613,0.499793,1,1,363032,362543,489
33521861,34.6753,35.579,487,53652,0.459959,1,1,363067,362580,487
33524781,31.7351,36.7158,481,53691,0.419992,0.95,1,363098,362617,481
33527701,26.347,30.5432,477,53730,0.379998,1,1,363123,362646,477
33530621,30.8694,29.3086,480,53769,0.308,1,1,363155,362675,480
33533541,31.7739,36.2617,474,53808,0.2936,0.95,1,363187,362713,474
33536461,32.7548,31.2523,477,53847,0.27472,0.98,1,363220,362743,477
33539381,17.751,25.4505,467,53886,0.222944,0.87,1,363234,362767,467
33542301,31.5502,34.6901,465,53925,0.196589,0.86,1,363269,362804,465
33545221,31.11,33.338,463,53964,0.159318,0.91,1,363300,362837,463
33548141,20.622,20.2676,464,54003,0.167864,0.79,1,363318,362854,464
33551061,13.7244,16.0535,461,54042,0.185573,0.78,1,363330,362869,461
33553981,4.34488,4.8107,461,54081,0.221115,0.67,1,363332,362871,461
33556901,23.269,26.5621,457,54120,0.196223,0.59,1,363360,362903,457
33559821,30.2538,32.5124,455,54159,0.191245,0.69,1,363392,362937,455
33562741,18.0508,24.1025,448,54198,0.206249,0.55,1,363407,362959,448
33565661,9.21015,10.4205,448,54237,0.19325,0.53,1,363414,362966,448
33568581,27.442,26.8841,449,54276,0.22265,0.49,1,363446,362997,449
33571501,27.0884,33.3768,441,54315,0.18053,0.45,1,363473,363032,441
33574421,35.0177,34.6754,443,54354,0.188106,0.41,1,363510,363067,443
33577341,31.0035,31.7351,442,54393,0.221621,0.37,1,363540,363098,442
33580261,24.6007,26.347,440,54432,0.260324,0.29,1,363563,363123,440
33583181,28.9201,30.8694,438,54471,0.284065,0.29,1,363593,363155,438
33586101,29.784,31.7739,436,54510,0.320813,0.27,1,363623,363187,436
33589021,30.7568,32.7548,434,54549,0.360163,0.21,1,363654,363220,434
33591941,14.1514,17.751,430,54588,0.336033,0.19,1,363664,363234,430
33594861,31.6303,31.5502,431,54627,0.395206,0.15,1,363700,363269,431
33597781,30.3261,31.11,430,54666,0.391041,0.17,1,363730,363300,430
33600701,20.4652,20.622,430,54704,0.422208,0.17,1,363748,363318,430
33603621,12.093,4.1244,440,54742,0.428442,0.19,1,363758,363318,440
33606541,4.01861,10.4249,430,54780,0.429688,0.23,1,363760,363330,430
33609461,23.2037,3.68498,456,54818,0.429938,0.19,1,363788,363332,456
33612381,31.8407,23.137,462,54856,0.461988,0.19,1,363822,363360,462
33615301,17.5681,30.2274,444,54894,0.484398,0.21,1,363836,363392,444
33618221,9.91363,18.0455,437,54932,0.48888,0.19,1,363844,363407,437
33621141,27.5827,9.2091,462,54970,0.489776,0.23,1,363876,363414,462
33624061,26.3165,27.4418,456,55008,0.489955,0.17,1,363902,363446,456
33626981,35.6633,27.0884,467,55046,0.489991,0.19,1,363940,363473,467
33629901,31.9327,35.0177,461,55084,0.505998,0.23,1,363971,363510,461
33632821,26.3865,31.0035,456,55122,0.4932,0.27,1,363996,363540,456
33635741,29.2773,24.6007,463,55160,0.52264,0.29,1,364026,363563,463
33638661,31.4555,28.9201,465,55198,0.528528,0.33,1,364058,363593,465
33641581,32.6911,29.784,468,55236,0.545706,0.37,1,364091,363623,468
33644501,15.3382,30.7568,448,55274,0.581141,0.33,1,364102,363654,448
33647421,32.6676,14.1514,475,55312,0.540228,0.41,1,364139,363664,475
33650341,32.9335,31.6303,472,55350,0.548046,0.39,1,364172,363700,472
33653261,20.9867,30.3261,460,55388,0.549609,0.43,1,364190,363730,460
33656181,12.1973,20.4652,452,55426,0.549922,0.43,1,364200,363748,452
33659101,4.03947,12.093,444,55464,0.549984,0.43,1,364202,363758,444
33662021,24.8079,4.01861,472,55502,0.581997,0.43,1,364232,363760,472
33664941,32.9616,23.2037,479,55540,0.636399,0.47,1,364267,363788,479
33667861,17.7923,31.8407,459,55578,0.61528,0.49,1,364281,363822,459
33670781,9.95846,17.5681,453,55616,0.611056,0.49,1,364289,363836,453
33673701,27.5917,9.91363,477,55654,0.610211,0.49,1,364321,363844,477
33676621,26.3183,27.5827,471,55692,0.610042,0.49,1,364347,363876,471
33679541,35.6637,26.3165,483,55730,0.610008,0.49,1,364385,363902,483
33682461,32.7327,35.6633,477,55768,0.610002,0.51,1,364417,363940,477
33685381,27.3465,31.9327,472,55806,0.626,0.49,1,364443,363971,472
33688301,29.4693,26.3865,477,55844,0.6452,0.53,1,364473,363996,477
33691221,31.4939,29.2773,479,55882,0.66504,0.53,1,364505,364026,479
33694141,34.2988,31.4555,482,55920,0.685008,0.55,1,364540,364058,482
33697061,14.8598,32.6911,459,55958,0.689002,0.59,1,364550,364091,459
33699981,31.772,15.3382,484,55996,0.6898,0.53,1,364586,364102,484
33702901,33.5544,32.6676,481,56034,0.73796,0.55,1,364620,364139,481
33705821,21.1109,32.9335,466,56072,0.763592,0.55,2,364638,364172,466
33708741,12.2222,20.9867,458,56110,0.768718,0.55,2,364648,364190,458
33711661,4.04443,12.1973,450,56147,0.769744,0.55,2,364650,364200,450
33714581,2.40889,4.03947,450,56184,0.769949,0.59,2,364652,364202,450
33717501,26.8818,24.8079,453,56221,0.83399,0.65,2,364685,364232,453
33720421,32.5764,32.9616,452,56258,0.878798,0.61,2,364719,364267,452
33723341,17.7153,17.7923,452,56295,0.85576,0.61,2,364733,364281,452
33726261,9.94305,9.95846,452,56332,0.883152,0.61,2,364741,364289,452
33729181,27.5886,27.5917,452,56369,0.87263,0.61,2,364773,364321,452
33732101,26.3177,26.3183,452,56406,0.886526,0.61,2,364799,364347,452
33735021,35.6635,35.6637,452,56443,0.905305,0.61,2,364837,364385,452
33737941,32.7327,32.7327,452,56480,0.909061,0.63,2,364869,364417,452
33740861,28.9465,27.3465,454,56517,0.909812,0.65,2,364897,364443,454
33743781,29.7893,29.4693,454,56554,0.941962,0.67,2,364927,364473,454
33746701,33.1579,31.4939,456,56591,0.932392,0.69,2,364961,364505,456
33749621,34.6316,34.2988,456,56628,0.914479,0.69,2,364996,364540,456
33752541,14.9263,14.8598,456,56665,0.910896,0.69,2,365006,364550,456
34119001,53,33,494,30990,0.39,1,1,369635,369141,494
34121921,36.2,31.4,495,31058,0.31,1,1,369667,369172,495
34124841,44.84,50.28,487,31126,0.182,1,1,369714,369227,487
34127761,42.568,38.856,493,31194,0.0364,1,1,369756,369263,493
34130681,38.9136,46.9712,482,31262,0.01528,1,1,369794,369312,482
34133601,39.7827,41.3942,482,31330,0.027056,1,1,369834,369352,482
34136521,42.3565,8.27885,525,31398,0.0134112,1,1,369877,369352,525
34139441,52.4713,42.4558,529,31465,0.0586822,0.9,1,369932,369403,529
34142361,56.8943,55.6912,528,31532,0.0117364,0.77,1,369990,369462,528
34145281,45.7789,70.3382,497,31599,0.0583473,0.55,1,370033,369536,497
34148201,43.5558,50.8676,494,31666,0.0996695,0.39,1,370076,369582,494
34151121,28.7112,52.5735,466,31733,0.0919339,0.29,1,370101,369635,466
34154041,38.5422,36.1147,475,31800,0.0743868,0.15,1,370142,369667,475
34156961,36.5084,44.8229,464,31867,0.0548774,0,1,370178,369714,464
34159881,39.3017,42.5646,462,31933,0.0109755,0.01,1,370218,369756,462
34162801,39.0603,38.9129,463,31999,0.0421951,0.03,1,370257,369794,463
34165721,41.4121,39.7826,465,32065,0.080439,0.01,1,370299,369834,465
34168641,53.0824,42.3565,478,32131,0.0720878,0.07,1,370355,369877,478
34171561,56.2165,52.4713,480,32197,0.0544176,0,1,370412,369932,480
34174481,46.4433,56.8943,466,32263,0.0508835,0.07,1,370456,369990,466
34177401,45.2887,45.7789,468,32329,0.0181767,0.11,1,370501,370033,468
34180321,28.2577,43.5558,449,32394,0.0596353,0.09,1,370525,370076,449
34183241,38.4515,28.7112,465,32459,0.0679271,0.07,1,370566,370101,465
34186161,34.0903,38.5422,457,32524,0.133585,0.05,1,370599,370142,457
34189081,39.6181,36.5084,462,32589,0.0267171,0,1,370640,370178,462
34192001,39.1236,39.3017,461,32654,0.0133434,0.05,1,370679,370218,461
34194921,41.4247,39.0603,464,32719,0.0586687,0.09,1,370721,370257,464
34197841,9.88494,41.4121,424,32784,0.0677337,0.07,1,370723,370299,424
34200761,47.577,53.0824,425,32849,0.0215467,0.05,1,370780,370355,425
34203681,54.3154,56.2165,424,32913,0.0763094,0.05,1,370836,370412,424
34206601,46.0631,46.4433,424,32977,0.0552619,0.01,1,370880,370456,424
34209521,45.2126,45.2887,424,33041,0.0670524,0.07,1,370925,370501,424
34212441,27.4425,28.2577,423,33105,0.0854105,0.07,1,370948,370525,423
34215361,39.8885,38.4515,425,33169,0.0890821,0.15,1,370991,370566,425
34218281,36.7777,34.0903,428,33233,0.105816,0,1,371027,370599,428
34221201,35.3555,39.6181,422,33297,0.0931633,0.01,1,371062,370640,422
34224121,38.2711,39.1236,422,33361,0.0586327,0.07,1,371101,370679,422
34227041,42.0542,41.4247,423,33424,0.0357265,0.07,1,371144,370721,423
34229961,10.0108,9.88494,423,33487,0.0311453,0.01,1,371146,370723,423
34232881,48.4022,47.577,424,33550,0.0302291,0.09,1,371204,370780,424
34235801,56.0804,54.3154,426,33613,0.0780458,0.05,1,371262,370836,426
34238721,44.8161,46.0631,424,33676,0.0876092,0.07,1,371304,370880,424
34241641,45.7632,45.2126,425,33739,0.0895218,0.09,1,371350,370925,425
34244561,27.5526,27.4425,425,33802,0.121904,0.09,1,371373,370948,425
34247481,39.1105,39.8885,424,33865,0.208381,0.11,1,371415,370991,424
34250401,39.0221,36.7777,427,33927,0.225676,0.09,1,371454,371027,427
34253321,33.4044,35.3555,424,33989,0.213135,0.05,1,371486,371062,424
34256241,36.2809,38.2711,422,34051,0.242627,0.03,1,371523,371101,422
34259161,42.4562,42.0542,423,34113,0.216525,0.03,1,371567,371144,423
34262081,10.0912,10.0108,423,34175,0.211305,0.03,1,371569,371146,423
34265001,48.4182,48.4022,423,34237,0.226261,0.03,1,371627,371204,423
34267921,56.0837,9.68043,481,34299,0.261252,0.09,1,371685,371204,481
34270841,44.8167,48.3361,465,34361,0.28425,0.09,1,371727,371262,465
34273761,47.3633,43.2672,471,34423,0.30485,0.09,1,371775,371304,471
34276681,30.2727,45.4534,451,34484,0.27697,0.13,1,371801,371350,451
34279601,41.2545,27.4907,472,34545,0.319394,0.23,1,371845,371373,472
34282521,39.4509,39.0981,469,34606,0.311879,0.23,1,371884,371415,469
34285441,35.0902,39.0196,464,34667,0.310376,0.21,1,371918,371454,464
34288361,35.818,33.4039,468,34728,0.278075,0.25,1,371954,371486,468
34291281,42.3636,36.2808,475,34789,0.319615,0.21,1,371998,371523,475
34294201,10.0727,42.4562,433,34850,0.327923,0.21,1,372000,371567,433
34297121,49.2145,10.0912,490,34911,0.345585,0.23,1,372059,371569,490
34300041,57.8429,48.4182,492,34972,0.365117,0.27,1,372119,371627,492
34302961,45.9686,56.0837,477,35032,0.353023,0.29,1,372162,371685,477
34305881,48.3937,44.8167,484,35092,0.382605,0.31,1,372211,371727,484
34308801,30.4787,47.3633,462,35152,0.388521,0.27,1,372237,371775,462
34311721,42.0957,30.2727,481,35212,0.389704,0.33,1,372282,371801,481
34314641,38.8191,41.2545,475,35272,0.437941,0.31,1,372320,371845,475
34317561,33.3638,39.4509,468,35332,0.479588,0.31,1,372352,371884,468
34320481,35.4728,35.0902,470,35392,0.503918,0.27,1,372388,371918,470
34323401,44.6946,35.818,481,35452,0.540784,0.33,1,372435,371954,481
34326321,10.5389,42.3636,439,35512,0.548157,0.33,1,372437,371998,439
34329241,50.1078,10.0727,497,35572,0.613631,0.35,1,372497,372000,497
34332161,58.8216,49.2145,499,35631,0.642726,0.37,1,372558,372059,499
34335081,45.3643,57.8429,481,35690,0.664545,0.35,1,372600,372119,481
34338001,10.6729,45.9686,440,35749,0.668909,0.39,1,372602,372162,440
34340921,42.1346,48.3937,441,35808,0.701782,0.39,1,372652,372211,441
34343841,29.2269,30.4787,441,35867,0.740356,0.39,1,372678,372237,441
34346761,42.6454,42.0957,442,35926,0.764071,0.45,2,372724,372282,442
34349681,41.3291,38.8191,445,35985,0.720814,0.49,1,372765,372320,445
34352601,34.6658,33.3638,446,36044,0.728163,0.51,1,372798,372352,446
34355521,36.5332,35.4728,447,36103,0.777633,0.55,2,372835,372388,447
34358441,48.1066,44.6946,451,36162,0.835527,0.55,2,372886,372435,451
34361361,11.2213,10.5389,451,36220,0.847105,0.63,2,372888,372437,451
34364281,51.8443,50.1078,453,36278,0.785421,0.65,2,372950,372497,453
34367201,60.7689,58.8216,455,36336,0.789084,0.67,2,373013,372558,455
34370121,46.5538,45.3643,456,36394,0.773817,0.67,2,373056,372600,456
34373041,10.9108,10.6729,456,36452,0.770763,0.71,2,373058,372602,456
34375961,42.9821,42.1346,457,36510,0.786153,0.75,2,373109,372652,457
34378881,29.3964,29.2269,457,36568,0.821231,0.77,2,373135,372678,457
34381801,43.4793,42.6454,458,36626,0.860246,0.71,2,373182,372724,458
34384721,40.6959,41.3291,457,36684,0.836049,0.73,2,373222,372765,457
34387641,35.3392,34.6658,458,36742,0.83121,0.79,2,373256,372798,458
34390561,37.4678,36.5332,459,36800,0.910242,0.85,2,373294,372835,459
34545321,31,40,496,39727,0.81,1,2,375331,374835,496
34548241,53.4,67.2,481,39780,0.65,1,1,375390,374909,481
34551161,46.68,43.84,488,39833,0.57,1,1,375435,374947,488
34554081,37.336,31.168,495,39886,0.506,1,1,375470,374975,495
34557001,37.0672,28.6336,504,39939,0.4292,1,1,375507,375003,504
34559921,29.0134,32.1267,498,39992,0.33384,1,1,375534,375036,498
34562841,29.0027,35.2253,491,40045,0.282768,1,1,375563,375072,491
34565761,29.0005,29.4451,492,40098,0.208554,1,1,375592,375100,492
34568681,28.2001,5.88901,520,40151,0.161711,1,1,375620,375100,520
34571601,22.44,24.3778,512,40204,0.200342,1,1,375641,375129,512
34574521,24.488,32.8756,502,40257,0.160068,1,1,375666,375164,502
34577441,58.4976,29.7751,540,40309,0.104014,0.93,1,375733,375193,540
34580361,38.0995,61.955,503,40361,0.0768027,0.9,1,375766,375263,503
34583281,26.8199,41.991,490,40413,0.103361,0.81,1,375790,375300,490
34586201,45.364,33.1982,509,40465,0.0766721,0.61,1,375840,375331,509
34589121,45.8728,53.8396,496,40517,0.0713344,0.55,1,375886,375390,496
34592041,29.9746,46.7679,477,40569,0.0862669,0.49,1,375912,375435,477
34594961,31.5949,37.3536,474,40621,0.0892534,0.41,1,375944,375470,474
34597881,29.519,37.0707,466,40673,0.137851,0.31,1,375973,375507,466
34600801,25.9038,29.0141,464,40725,0.13157,0.27,1,375998,375534,464
34603721,23.5808,29.0028,458,40777,0.146314,0.19,1,376021,375563,458
34606641,23.9162,29.0006,453,40829,0.117263,0.15,1,376045,375592,453
34609561,23.9832,28.2001,449,40881,0.207453,0.21,1,376069,375620,449
34612481,24.7966,22.44,453,40933,0.209491,0.15,1,376094,375641,453
34615401,55.3593,24.488,491,40985,0.161898,0.09,1,376157,375666,491
34618321,38.2719,58.4976,458,41037,0.16838,0.07,1,376191,375733,458
34621241,27.6544,38.0995,450,41088,0.201676,0.11,1,376216,375766,450
34624161,45.5309,26.8199,476,41139,0.224335,0.07,1,376266,375790,476
34627081,45.9062,45.364,472,41190,0.260867,0.07,1,376312,375840,472
34630001,28.3812,45.8728,450,41241,0.284173,0.09,1,376336,375886,450
34632921,32.0762,29.9746,457,41292,0.352835,0.09,1,376369,375912,457
34635841,28.8152,31.5949,453,41343,0.382567,0.15,1,376397,375944,453
34638761,27.363,29.519,451,41394,0.404513,0.13,1,376424,375973,451
34641681,27.0726,25.9038,453,41445,0.360903,0.15,1,376451,375998,453
34644601,23.8145,23.5808,453,41496,0.352181,0.11,1,376474,376021,453
34647521,6.3629,23.9162,431,41547,0.350436,0.23,1,376476,376045,431
34650441,20.4726,23.9832,431,41598,0.414087,0.21,1,376500,376069,431
34653361,26.4945,24.7966,434,41649,0.442817,0.15,1,376528,376094,434
34656281,53.2989,55.3593,431,41700,0.416563,0.17,1,376588,376157,431
34659201,37.0598,38.2719,430,41751,0.411313,0.21,1,376621,376191,430
34662121,29.012,27.6544,432,41802,0.474263,0.23,1,376648,376216,432
34665041,47.4024,45.5309,434,41852,0.454852,0.27,1,376700,376266,434
34667961,47.8805,45.9062,436,41902,0.482971,0.29,1,376748,376312,436
34670881,28.7761,28.3812,436,41952,0.488594,0.37,1,376772,376336,436
34673801,35.3552,32.0762,440,42002,0.553719,0.39,1,376809,376369,440
34676721,30.271,28.8152,441,42052,0.550744,0.41,1,376838,376397,441
34679641,26.8542,27.363,440,42102,0.518149,0.35,1,376864,376424,440
34682561,26.9708,27.0726,440,42152,0.52763,0.35,1,376891,376451,440
34685481,24.5942,23.8145,441,42202,0.561526,0.35,1,376915,376474,441
34688401,6.51883,6.3629,441,42252,0.536305,0.43,1,376917,376476,441
34691321,20.5038,20.4726,441,42302,0.531261,0.45,1,376941,376500,441
34694241,27.3008,26.4945,442,42352,0.594252,0.41,1,376970,376528,442
34697161,54.2601,53.2989,443,42402,0.59085,0.41,1,377031,376588,443
34700081,37.252,37.0598,443,42452,0.60617,0.49,1,377064,376621,443
34703001,29.8504,29.012,444,42502,0.609234,0.45,1,377092,376648,444
34705921,47.5701,47.4024,444,42552,0.625847,0.49,1,377144,376700,444
34708841,49.514,47.8805,446,42602,0.741169,0.49,1,377194,376748,446
34711761,29.1028,28.7761,446,42652,0.764234,0.57,2,377218,376772,446
34714681,37.0206,35.3552,448,42701,0.768847,0.55,2,377257,376809,448
34717601,29.8041,30.271,447,42750,0.785769,0.51,2,377285,376838,447
34720521,26.7608,26.8542,447,42799,0.789154,0.53,2,377311,376864,447
34723441,27.7522,26.9708,448,42848,0.789831,0.57,2,377339,376891,448
34726361,24.7504,24.5942,448,42897,0.837966,0.53,2,377363,376915,448
34729281,6.55009,6.51883,448,42946,0.815593,0.53,2,377365,376917,448
34732201,21.31,20.5038,449,42995,0.827119,0.53,2,377390,376941,449
34735121,27.462,4.10075,478,43044,0.813424,0.61,2,377419,376941,478
34738041,55.0924,24.0202,511,43093,0.842685,0.59,2,377481,376970,511
34740961,38.2185,53.604,484,43142,0.848537,0.61,2,377515,377031,484
34743881,30.0437,37.1208,479,43191,0.865707,0.61,2,377543,377064,479
34746801,48.4087,29.8242,504,43240,0.869141,0.63,2,377596,377092,504
34749721,53.6817,47.5648,507,43289,0.901828,0.77,2,377651,377144,507
34752641,31.5363,49.513,483,43338,0.924366,0.77,2,377677,377194,483
34755561,37.5073,29.1026,498,43387,0.928873,0.77,2,377716,377218,498
34758481,30.7015,37.0205,488,43436,0.913775,0.79,2,377745,377257,488
34761401,26.9403,29.8041,486,43485,0.910755,0.79,2,377771,377285,486
34764321,28.5881,26.7608,489,43534,0.910151,0.79,2,377800,377311,489
34767241,24.9176,27.7522,485,43582,0.94203,0.85,2,377824,377339,485
34770161,6.58352,24.7504,463,43630,0.948406,0.81,2,377826,377363,463
34965801,31,39,535,46757,0.73,1,1,380033,379498,535
34968721,34.2,36.6,534,46802,0.618,1,1,380068,379534,534
34971641,37.24,40.92,530,46847,0.4516,1,1,380106,379576,530
34974561,33.048,44.984,516,46892,0.35432,1,1,380138,379622,516
34977481,34.6096,37.7968,515,46937,0.238864,1,1,380173,379658,515
34980401,35.7219,37.9594,513,46982,0.0877728,1,1,380209,379696,513
34983321,36.7444,32.3919,519,47027,0.0175546,1,1,380246,379727,519
34986241,32.9489,37.6784,512,47072,0.0115109,1,1,380278,379766,512
34989161,26.5898,32.3357,506,47117,0.0423022,1,1,380303,379797,506
34992081,14.918,24.8671,495,47162,0.0324604,1,1,380315,379820,495
34995001,28.5836,19.3734,509,47207,0.0304921,0.96,1,380347,379838,509
34997921,32.9167,34.2747,505,47252,0.00609842,0.9,1,380381,379876,505
35000841,24.1833,36.4549,490,47297,0.0252197,1,1,380403,379913,490
35003761,24.0367,25.691,491,47342,0.00504394,0.81,1,380427,379936,491
35006681,32.8073,27.5382,498,47387,0.0250088,0.77,1,380462,379964,498
35009601,8.16147,35.9076,462,47431,0.0610018,0.73,1,380464,380002,462
35012521,20.8323,31.9815,455,47475,0.0522004,0.59,1,380488,380033,455
35015441,24.1665,34.3963,445,47519,0.0344401,0.41,1,380513,380068,445
35018361,31.2333,37.2793,440,47563,0.014888,0.33,1,380546,380106,440
35021281,26.2467,33.0559,433,47607,0.0589776,0.21,1,380571,380138,433
35024201,28.4493,34.6112,427,47651,0.0517955,0.05,1,380600,380173,427
35027121,32.0899,35.7222,424,47695,0.0343591,0,1,380633,380209,424
35030041,35.218,36.7444,423,47739,0.0308718,0.01,1,380669,380246,423
35032961,32.6436,32.9489,423,47783,0.0141744,0.05,1,380701,380278,423
35035881,26.5287,26.5898,423,47827,0.0588349,0.03,1,380726,380303,423
35038801,14.9057,14.918,423,47871,0.099767,0.03,1,380738,380315,423
35041721,27.7811,28.5836,422,47915,0.0599534,0,1,380769,380347,422
35044641,33.5562,32.9167,423,47959,0.0359907,0.03,1,380804,380381,423
35047561,23.5112,24.1833,422,48003,0.0311981,0,1,380825,380403,422
35050481,24.7022,24.0367,423,48047,0.0302396,0.03,1,380850,380427,423
35053401,32.9404,32.8073,423,48091,0.00604793,0.07,1,380885,380462,423
35056321,8.18809,8.16147,423,48135,0.00920959,0.05,1,380887,380464,423
35059241,20.0376,20.8323,422,48179,0.0578419,0.03,1,380910,380488,422
35062161,24.0075,24.1665,422,48223,0.0835684,0.01,1,380935,380513,422
35065081,31.2015,31.2333,422,48267,0.0567137,0.07,1,380968,380546,422
35068001,26.2403,26.2467,422,48311,0.0673427,0.05,1,380993,380571,422
35070921,28.4481,28.4493,422,48355,0.0374685,0.03,1,381022,380600,422
35073841,32.0896,32.0899,422,48399,0.127494,0.03,1,381055,380633,422
35076761,35.2179,35.218,422,48443,0.0334987,0.01,1,381091,380669,422
35079681,32.6436,32.6436,422,48487,0.0626998,0.07,1,381123,380701,422
35082601,28.9287,26.5287,425,48530,0.0685399,0.11,1,381151,380726,425
35085521,13.7857,14.9057,423,48573,0.053708,0.05,1,381161,380738,423
35088441,28.3571,27.7811,424,48616,0.0347416,0.03,1,381193,380769,424
35091361,32.0714,33.5562,422,48659,0.0469483,0.03,1,381226,380804,422
35094281,23.2143,23.5112,422,48702,0.0493897,0.03,1,381247,380825,422
35097201,24.6429,24.7022,422,48745,0.0338779,0,1,381272,380850,422
35100121,33.7286,32.9404,423,48788,0.0307756,0.01,1,381308,380885,423
35103041,8.34571,8.18809,423,48831,0.0301551,0.07,1,381310,380887,423
35105961,19.2691,20.0376,422,48874,0.046031,0.07,1,381332,380910,422
35108881,24.6538,4.00752,448,48917,0.0332062,0.09,1,381358,380910,448
35111801,29.7308,20.8015,454,48960,0.0626412,0.05,1,381389,380935,454
35114721,28.3462,30.5603,449,49003,0.0525282,0.07,1,381417,380968,449
35117641,27.2692,26.1121,451,49046,0.0345057,0.03,1,381444,380993,451
35120561,33.4538,28.4224,457,49089,0.0789011,0.15,1,381479,381022,457
35123481,33.8908,32.0845,458,49132,0.10378,0.01,1,381513,381055,458
35126401,31.5782,35.2169,453,49175,0.060756,0.07,1,381544,381091,453
35129321,30.3156,32.6434,451,49218,0.0201512,0.07,1,381574,381123,451
35132241,14.8631,28.9287,434,49261,0.0600302,0.05,1,381585,381151,434
35135161,26.9726,13.7857,454,49304,0.036006,0.03,1,381615,381161,454
35138081,31.7945,28.3571,455,49347,0.0152012,0.05,1,381648,381193,455
35141001,22.3589,32.0714,442,49390,0.0590402,0.05,1,381668,381226,442
35143921,24.4718,23.2143,446,49433,0.019808,0.03,1,381693,381247,446
35146841,33.6944,24.6429,457,49476,0.0279616,0.03,1,381729,381272,457
35149761,8.33887,33.7286,423,49519,0.0295923,0.03,1,381731,381308,423
35152681,19.2678,8.34571,443,49562,0.0299185,0.05,1,381753,381310,443
35155601,25.4536,19.2691,448,49605,0.0299837,0.03,1,381780,381332,448
35158521,30.6907,24.6538,454,49647,0.0459967,0.07,1,381812,381358,454
35161441,28.5381,29.7308,451,49689,0.0491993,0.05,1,381840,381389,451
35164361,26.5076,28.3462,449,49731,0.0658399,0.03,1,381866,381417,449
35167281,35.7015,27.2692,460,49773,0.085168,0.09,1,381904,381444,460
35170201,31.9403,33.4538,456,49815,0.0890336,0.11,1,381935,381479,456
35173121,31.9881,33.8908,454,49857,0.105807,0.05,1,381967,381513,454
35176041,30.3976,31.5782,453,49899,0.125161,0.01,1,381997,381544,453
35178961,15.6795,30.3156,435,49941,0.161032,0.07,1,382009,381574,435
35181881,25.5359,14.8631,452,49983,0.168206,0.03,1,382037,381585,452
35184801,32.3072,26.9726,456,50025,0.137641,0.01,1,382071,381615,456
35187721,20.8614,31.7945,441,50067,0.163528,0.07,1,382089,381648,441
35190641,24.1723,22.3589,446,50109,0.120706,0.01,1,382114,381668,446
35193561,34.4345,24.4718,458,50151,0.112141,0.03,1,382151,381693,458
35196481,8.48689,33.6944,424,50193,0.110428,0.03,1,382153,381729,424
35199401,19.2974,8.33887,444,50235,0.0620856,0.03,1,382175,381731,444
35202321,25.4595,19.2678,449,50277,0.0364171,0.03,1,382202,381753,449
35205241,6.69189,25.4536,424,50319,0.0312834,0.05,1,382204,381780,424
35208161,26.9384,30.6907,424,50361,0.0782567,0.05,1,382236,381812,424
35211081,28.5877,28.5381,425,50403,0.0716513,0.07,1,382265,381840,425
35214001,26.5175,26.5076,425,50445,0.0703303,0.09,1,382291,381866,425
35216921,36.5035,35.7015,426,50487,0.070066,0.09,1,382330,381904,426
35219841,32.1007,31.9403,426,50529,0.0540132,0.11,1,382361,381935,426
35222761,32.8201,31.9881,427,50571,0.0508026,0.13,1,382394,381967,427
35225681,32.964,30.3976,430,50613,0.0661605,0.17,1,382427,381997,430
35228601,16.1928,15.6795,430,50655,0.0692321,0.17,1,382439,382009,430
35231521,24.0386,25.5359,428,50697,0.0378464,0.13,1,382465,382037,428
35234441,32.8077,32.3072,429,50739,0.0475693,0.17,1,382500,382071,429
35237361,21.7615,20.8614,430,50781,0.0335139,0.11,1,382519,382089,430
35240281,22.7523,24.1723,428,50822,0.0627028,0.11,1,382542,382114,428
35243201,32.5505,34.4345,426,50863,0.0685406,0.11,1,382577,382151,426
35246121,8.11009,8.48689,426,50904,0.0697081,0.05,1,382579,382153,426
35249041,17.622,19.2974,424,50945,0.101942,0.03,1,382599,382175,424
35251961,24.3244,25.4595,423,50986,0.0763883,0.03,1,382625,382202,423
35254881,6.46488,6.69189,423,51027,0.103278,0.09,1,382627,382204,423
35257801,27.693,26.9384,424,51068,0.0926555,0.07,1,382660,382236,424
35260721,29.5386,28.5877,425,51109,0.0745311,0.07,1,382690,382265,425
35263641,26.7077,26.5175,425,51150,0.0709062,0.07,1,382716,382291,425
35266561,36.5415,36.5035,425,51191,0.118181,0.05,1,382755,382330,425
35269481,32.1083,32.1007,425,51232,0.127636,0.05,1,382786,382361,425
35272401,32.0217,32.8201,424,51273,0.177527,0.07,1,382818,382394,424
35275321,32.0043,32.964,423,51314,0.203505,0.07,1,382850,382427,423
35278241,16.0009,16.1928,423,51355,0.192701,0.03,1,382862,382439,423
35281161,23.2002,24.0386,422,51396,0.20654,0.05,1,382887,382465,422
35284081,32.64,32.8077,422,51437,0.273308,0.03,1,382922,382500,422
35287001,22.528,21.7615,423,51478,0.270662,0.07,1,382942,382519,423
35289921,22.9056,22.7523,423,51519,0.302132,0.07,1,382965,382542,423
35292841,34.1811,32.5505,425,51560,0.308426,0.07,1,383002,382577,425
35295761,8.43622,8.11009,425,51601,0.309685,0.11,1,383004,382579,425
35298681,17.6872,17.622,425,51642,0.357937,0.07,1,383024,382599,425
35301601,24.3374,24.3244,425,51683,0.383587,0.11,1,383050,382625,425
35304521,6.46749,6.46488,425,51724,0.356717,0.09,1,383052,382627,425
35307441,26.8935,27.693,424,51765,0.351344,0.09,1,383084,382660,424
35310361,29.3787,5.53859,454,51806,0.366269,0.07,1,383114,382660,454
35313281,26.6757,25.1077,450,51847,0.369254,0.07,1,383140,382690,450
35316201,37.3351,25.8215,464,51888,0.401851,0.13,1,383180,382716,464
35319121,33.867,36.3643,458,51929,0.39237,0.13,1,383213,382755,458
35322041,33.1734,32.0729,460,51970,0.422474,0.19,1,383246,382786,460
35324961,33.8347,32.0146,462,52011,0.428495,0.21,1,383280,382818,462
35327881,16.3669,32.0029,442,52051,0.429699,0.19,1,383292,382850,442
35330801,23.2734,16.0006,455,52091,0.44594,0.21,1,383317,382862,455
35333721,35.8547,23.2001,469,52131,0.481188,0.29,1,383356,382887,469
35336641,23.1709,32.64,454,52171,0.536238,0.27,1,383376,382922,454
35339561,23.8342,22.528,458,52211,0.547248,0.31,1,383400,382942,458
35342481,35.9668,22.9056,474,52251,0.597449,0.31,1,383439,382965,474
35345401,8.79337,34.1811,439,52291,0.57549,0.31,1,383441,383002,439
35348321,17.7587,8.43622,457,52331,0.571098,0.37,1,383461,383004,457
35351241,25.1517,17.6872,464,52371,0.55422,0.39,1,383488,383024,464
35354161,6.63035,24.3374,440,52411,0.550844,0.35,1,383490,383050,440
35357081,26.9261,6.46749,470,52451,0.550169,0.35,1,383522,383052,470
35360001,30.1852,26.8935,469,52491,0.566034,0.37,1,383553,383084,469
35362921,27.637,29.3787,466,52531,0.585207,0.37,1,383580,383114,466
35365841,38.3274,26.6757,481,52571,0.589041,0.41,1,383621,383140,481
35368761,34.0655,37.3351,474,52611,0.573808,0.39,1,383654,383180,474
35371681,34.0131,33.867,475,52651,0.570762,0.43,1,383688,383213,475
35374601,34.0026,33.1734,476,52691,0.602152,0.43,1,383722,383246,476
35377521,16.4005,33.8347,454,52731,0.60843,0.43,1,383734,383280,454
35380441,24.0801,16.3669,468,52771,0.609686,0.45,1,383760,383292,468
35383361,40.016,23.2734,487,52811,0.625937,0.49,1,383804,383317,487
35386281,24.0032,35.8547,468,52851,0.661187,0.55,1,383824,383356,468
35389201,24.0006,23.1709,472,52891,0.684238,0.55,1,383848,383376,472
35392121,36.8001,23.8342,488,52931,0.720847,0.61,1,383888,383400,488
35395041,8.96003,35.9668,451,52971,0.744169,0.57,1,383890,383439,451
35397961,17.792,8.79337,469,53011,0.748834,0.57,1,383910,383441,469
35400881,24.3584,17.7587,475,53051,0.749767,0.55,1,383936,383461,475
35403801,6.47168,25.1517,450,53091,0.749953,0.55,1,383938,383488,450
35406721,26.8943,6.63035,480,53131,0.781991,0.55,2,383970,383490,480
35409641,30.9789,26.9261,480,53171,0.804398,0.57,2,384002,383522,480
35412561,28.5958,30.1852,477,53211,0.80888,0.59,2,384030,383553,477
35415481,7.31915,27.637,452,53251,0.809776,0.59,2,384032,383580,452
35418401,33.4638,38.3274,451,53291,0.809955,0.57,2,384072,383621,451
35421321,32.2928,34.0655,450,53330,0.825991,0.57,2,384104,383654,450
35424241,33.6586,34.0131,450,53369,0.829198,0.61,2,384138,383688,450
35427161,35.5317,34.0026,452,53408,0.82984,0.61,2,384174,383722,452
35430081,16.7063,16.4005,452,53447,0.861968,0.61,2,384186,383734,452
35433001,24.1413,24.0801,452,53486,0.836394,0.63,2,384212,383760,452
35435921,41.6283,40.016,454,53525,0.831279,0.67,2,384258,383804,454
35438841,25.1257,24.0032,455,53564,0.782256,0.69,2,384279,383824,455
35441761,25.0251,24.0006,456,53603,0.804451,0.73,2,384304,383848,456
35444681,39.405,36.8001,459,53642,0.80889,0.75,2,384347,383888,459
35447601,9.481,8.96003,459,53681,0.841778,0.75,2,384349,383890,459
35450521,17.8962,17.792,459,53720,0.864356,0.75,2,384369,383910,459
35453441,25.1792,24.3584,460,53759,0.852871,0.75,2,384396,383936,460
35456361,6.63585,6.47168,460,53798,0.850574,0.79,2,384398,383938,460
35459281,27.7272,26.8943,461,53837,0.914115,0.81,2,384431,383970,461
35462201,31.9454,30.9789,462,53876,0.878823,0.81,2,384464,384002,462
35465121,28.7891,28.5958,462,53915,0.903765,0.81,2,384492,384030,462
35468041,7.35782,7.31915,462,53954,0.876753,0.81,2,384494,384032,462
35470961,33.4716,33.4638,462,53993,0.903351,0.83,2,384534,384072,462
35473881,33.0943,32.2928,463,54032,0.90867,0.83,2,384567,384104,463
35476801,33.8189,33.6586,463,54071,0.909734,0.83,2,384601,384138,463
35479721,35.5638,35.5317,463,54110,0.925947,0.87,2,384637,384174,463
35482641,16.7128,16.7063,463,54149,0.897189,0.83,2,384649,384186,463
35485561,24.1426,24.1413,463,54188,0.939438,0.83,2,384675,384212,463
35488481,40.0285,41.6283,461,54227,0.947888,0.77,2,384719,384258,461
35491401,24.0057,25.1257,460,54266,0.917578,0.81,2,384739,384279,460
35678281,53,61,469,26280,0.35,1,1,386560,386091,469
35681201,49,32.2,492,26361,0.142,1,1,386608,386116,492
35684121,72.2,48.84,517,26441,0.1644,1,1,386686,386169,517
35687041,67.24,71.368,506,26521,0.05688,1,1,386752,386246,506
35689961,57.448,72.6736,488,26601,0.051376,0.97,1,386807,386319,488
35692881,36.2896,41.7347,485,26681,0.0502752,0.91,1,386838,386353,485
35695801,27.2579,35.5469,476,26760,0.034055,0.79,1,386863,386387,476
35698721,35.0516,30.3094,484,26839,0.078811,0.69,1,386900,386416,484
35701641,45.4103,51.6619,475,26918,0.0877622,0.37,1,386948,386473,475
35704561,46.6821,63.9324,455,26997,0.0895524,0.09,1,386995,386540,455
35707481,41.3364,67.1865,427,27075,0.12191,0.17,1,387035,386608,427
35710401,66.6673,75.8373,422,27153,0.0643821,0.03,1,387108,386686,422
35713321,66.9335,67.9675,423,27231,0.100876,0.05,1,387175,386752,423
35716241,57.3867,57.5935,423,27309,0.0601753,0.05,1,387230,386807,423
35719161,36.2773,36.3187,423,27387,0.0680351,0.03,1,387261,386838,423
35722081,28.0555,27.2637,424,27464,0.037607,0.09,1,387287,386863,424
35725001,36.8111,35.0527,426,27541,0.0635214,0.09,1,387326,386900,426
35727921,46.5622,45.4106,427,27618,0.132704,0.09,1,387375,386948,427
35730841,47.7124,46.6821,428,27695,0.114541,0.13,1,387423,386995,428
35733761,42.3425,41.3364,429,27771,0.142908,0.05,1,387464,387035,429
35736681,61.2685,66.6673,422,27847,0.116582,0.11,1,387530,387108,422
35739601,68.2537,66.9335,425,27923,0.0313163,0.05,1,387600,387175,425
35742521,55.2507,57.3867,422,27999,0.0462633,0.07,1,387652,387230,422
35745441,36.6501,36.2773,423,28075,0.0332527,0.03,1,387684,387261,423
35748361,28.13,28.0555,423,28150,0.0466505,0.07,1,387710,387287,423
35751281,38.426,36.8111,425,28225,0.11333,0.15,1,387751,387326,425
35754201,48.4852,46.5622,427,28300,0.158666,0.11,1,387802,387375,427
35757121,48.097,47.7124,427,28375,0.199733,0.11,1,387850,387423,427
35760041,43.2194,9.54249,469,28450,0.175947,0.15,1,387892,387423,469
35762961,59.8439,34.7085,492,28524,0.187189,0.11,1,387956,387464,492
35765881,63.9688,59.7417,491,28598,0.189438,0.01,1,388021,387530,491
35768801,55.1938,67.9483,474,28672,0.221888,0.05,1,388074,387600,474
35771721,37.4388,55.1897,455,28746,0.212378,0.03,1,388107,387652,455
35774641,28.2878,36.6379,449,28820,0.210476,0.05,1,388133,387684,449
35777561,40.8576,28.1276,467,28893,0.258095,0.13,1,388177,387710,467
35780481,50.5715,38.4255,479,28966,0.235619,0.17,1,388230,387751,479
35783401,49.3143,48.4851,477,29039,0.247124,0.21,1,388279,387802,477
35786321,43.4629,48.097,471,29112,0.249425,0.17,1,388321,387850,471
35789241,60.6926,43.2194,494,29185,0.233885,0.19,1,388386,387892,494
35792161,64.1385,59.8439,495,29258,0.230777,0.19,1,388451,387956,495
35795081,56.8277,63.9688,485,29330,0.246155,0.23,1,388506,388021,485
35798001,36.9655,55.1938,464,29402,0.281231,0.21,1,388538,388074,464
35800921,28.1931,37.4388,457,29474,0.304246,0.21,1,388564,388107,457
35803841,41.6386,28.2878,476,29546,0.340849,0.27,1,388609,388133,476
35806761,49.1277,40.8576,483,29618,0.36417,0.23,1,388660,388177,483
35809681,51.4255,50.5715,482,29689,0.448834,0.25,1,388712,388230,482
35812601,43.8851,49.3143,475,29760,0.481767,0.25,1,388754,388279,475
35815521,59.977,43.4629,497,29831,0.536353,0.23,1,388818,388321,497
35818441,13.5954,60.6926,434,29902,0.547271,0.23,1,388820,388386,434
35821361,53.9191,64.1385,433,29973,0.581454,0.25,1,388884,388451,433
35824281,55.5838,56.8277,434,30044,0.604291,0.29,1,388940,388506,434
35827201,38.3168,36.9655,436,30114,0.608858,0.31,1,388974,388538,436
35830121,30.0634,28.1931,438,30184,0.593772,0.35,1,389002,388564,438
35833041,42.8127,41.6386,439,30254,0.622754,0.37,1,389048,388609,439
35835961,50.9625,49.1277,441,30324,0.676551,0.47,1,389101,388660,441
35838881,55.7925,51.4255,446,30394,0.71931,0.49,1,389158,388712,446
35841801,44.7585,43.8851,446,30464,0.727862,0.55,1,389200,388754,446
35844721,62.5517,59.977,449,30533,0.793572,0.55,2,389267,388818,449
35847641,14.1103,13.5954,449,30602,0.806714,0.59,2,389269,388820,449
35850561,54.0221,53.9191,449,30671,0.825343,0.61,2,389333,388884,449
35853481,56.4044,55.5838,450,30740,0.845069,0.61,2,389390,388940,450
35856401,38.4809,38.3168,450,30809,0.849014,0.59,2,389424,388974,450
35859321,31.6962,30.0634,452,30878,0.849803,0.63,2,389454,389002,452
35862241,43.9392,42.8127,453,30947,0.849961,0.69,2,389501,389048,453
35865161,53.5878,50.9625,456,31015,0.833992,0.73,2,389557,389101,456
35868081,57.9176,55.7925,458,31083,0.862798,0.73,2,389616,389158,458
35871001,45.1835,44.7585,458,31151,0.88456,0.81,2,389658,389200,458
35873921,65.8367,62.5517,462,31219,0.920912,0.81,2,389729,389267,462
35876841,14.7673,14.1103,462,31287,0.928182,0.81,2,389731,389269,462
35879761,54.1535,2.82207,526,31355,0.945636,0.83,2,389795,389269,526
35999481,35,30,490,34010,0.87,1,2,391676,391186,490
36002401,31,30.8,489,34072,0.774,1,2,391706,391217,489
36005321,51,53.36,486,34134,0.7068,1,1,391762,391276,486
36008241,38.2,35.472,490,34196,0.69336,1,1,391797,391307,490
36011161,37.24,31.8944,496,34258,0.594672,1,1,391834,391338,496
36014081,30.648,6.37888,525,34320,0.542934,1,1,391863,391338,525
36017001,31.7296,14.0758,541,34382,0.436587,1,1,391895,391354,541
36019921,27.9459,42.8152,518,34443,0.303317,1,1,391922,391404,518
36022841,56.7892,39.763,543,34504,0.196663,1,1,391986,391443,543
36025761,48.1578,71.1526,510,34565,0.127333,0.96,1,392032,391522,510
36028681,69.6316,43.0305,549,34626,0.0494665,0.81,1,392107,391558,549
36031601,37.1263,75.0061,495,34687,0.0498933,0.87,1,392136,391641,495
36034521,30.6253,43.0012,489,34748,0.0659787,0.75,1,392165,391676,489
36037441,47.7251,32.6002,511,34809,0.0851957,0.69,1,392217,391706,511
36040361,35.145,51.32,487,34870,0.105039,0.69,1,392249,391762,487
36043281,29.429,38.264,480,34931,0.0770078,0.57,1,392277,391797,480
36046201,25.8858,37.2528,468,34992,0.0234016,0.53,1,392302,391834,468
36049121,28.3772,30.6506,468,35052,0.0606803,0.41,1,392331,391863,468
36052041,24.0754,31.7301,459,35112,0.0201361,0.27,1,392354,391895,459
36054961,52.8151,27.946,492,35172,0.0760272,0.17,1,392414,391922,492
36057881,45.763,56.7892,472,35232,0.119205,0.11,1,392458,391986,472
36060801,65.9526,48.1578,497,35292,0.143841,0.03,1,392529,392032,497
36063721,36.3905,69.6316,451,35352,0.132768,0.05,1,392558,392107,451
36066641,30.4781,37.1263,451,35412,0.0825536,0.07,1,392587,392136,451
36069561,48.4956,30.6253,475,35472,0.0725107,0.09,1,392640,392165,475
36072481,34.4991,47.7251,454,35532,0.118502,0.11,1,392671,392217,454
36075401,29.2998,35.145,450,35591,0.1277,0.07,1,392699,392249,450
36078321,25.86,29.429,447,35650,0.16154,0.01,1,392724,392277,447
36081241,6.77199,25.8858,424,35709,0.136308,0.07,1,392726,392302,424
36084161,23.7544,28.3772,423,35768,0.163262,0.01,1,392754,392331,423
36087081,23.9509,24.0754,424,35827,0.168652,0.09,1,392778,392354,424
36090001,55.9902,52.8151,428,35886,0.16973,0.13,1,392842,392414,428
36092921,47.998,45.763,430,35945,0.137946,0.15,1,392888,392458,430
36095841,65.5996,65.9526,429,36004,0.179589,0.13,1,392958,392529,429
36098761,33.9199,36.3905,426,36063,0.171918,0.07,1,392984,392558,426
36101681,29.984,30.4781,426,36122,0.154384,0.07,1,393013,392587,426
36104601,49.9968,48.4956,428,36181,0.230877,0.13,1,393068,392640,428
36107521,34.7994,34.4991,428,36239,0.230175,0.13,1,393099,392671,428
36110441,29.3599,29.2998,428,36297,0.230035,0.17,1,393127,392699,428
36113361,25.872,25.86,428,36355,0.294007,0.13,1,393152,392724,428
36116281,6.77439,6.77199,428,36413,0.274801,0.17,1,393154,392726,428
36119201,23.7549,23.7544,428,36471,0.28696,0.17,1,393182,392754,428
36122121,23.951,23.9509,428,36529,0.337392,0.17,1,393206,392778,428
36125041,55.9902,55.9902,428,36587,0.347478,0.13,1,393270,392842,428
36127961,47.998,47.998,428,36645,0.365496,0.19,1,393316,392888,428
36130881,66.3996,65.5996,429,36703,0.401099,0.17,1,393387,392958,429
36133801,34.8799,33.9199,430,36761,0.42422,0.15,1,393414,392984,430
36136721,29.376,29.984,429,36818,0.396844,0.25,1,393442,393013,429
36139641,52.2752,49.9968,432,36875,0.423369,0.23,1,393500,393068,432
36142561,36.055,34.7994,433,36932,0.428674,0.23,1,393532,393099,433
36145481,29.611,29.3599,433,36989,0.429735,0.31,1,393560,393127,433
36148401,28.3222,25.872,436,37046,0.477947,0.27,1,393588,393152,436
36151321,7.26444,6.77439,436,37103,0.487589,0.29,1,393590,393154,436
36154241,23.8529,23.7549,436,37160,0.505518,0.29,1,393618,393182,436
36157161,25.5706,4.75098,462,37217,0.509104,0.35,1,393644,393182,462
36160081,56.3141,20.1502,502,37274,0.541821,0.35,1,393708,393206,502
36163001,49.6628,55.23,486,37331,0.564364,0.37,1,393756,393270,486
36165921,67.5326,47.846,512,37388,0.568873,0.41,1,393828,393316,512
36168841,34.3065,66.3692,467,37445,0.569775,0.43,1,393854,393387,467
36171761,29.2613,34.8738,468,37501,0.569955,0.39,1,393882,393414,468
36174681,52.2523,29.3748,498,37557,0.585991,0.43,1,393940,393442,498
36177601,37.6505,52.275,474,37613,0.573198,0.43,1,393974,393500,474
36180521,30.7301,36.055,471,37669,0.58664,0.43,1,394003,393532,471
36183441,30.146,29.611,473,37725,0.589328,0.49,1,394033,393560,473
36186361,7.6292,28.3222,447,37781,0.589866,0.49,1,394035,393588,447
36189281,24.7258,7.26444,474,37837,0.589973,0.51,1,394064,393590,474
36192201,25.7452,23.8529,472,37893,0.589995,0.51,1,394090,393618,472
36195121,57.949,25.5706,512,37949,0.605999,0.55,1,394156,393644,512
36198041,50.7898,56.3141,497,38005,0.6092,0.57,1,394205,393708,497
36200961,67.758,49.6628,521,38061,0.64184,0.57,1,394277,393756,521
36203881,34.3516,67.5326,475,38117,0.648368,0.57,1,394303,393828,475
36206801,29.2703,34.3065,477,38172,0.649674,0.57,1,394331,393854,477
36209721,53.0541,29.2613,508,38227,0.697935,0.59,1,394390,393882,508
36212641,37.8108,52.2523,484,38282,0.755587,0.57,2,394424,393940,484
36215561,30.7622,37.6505,479,38337,0.815117,0.59,2,394453,393974,479
36218481,30.1524,30.7301,480,38392,0.843023,0.59,2,394483,394003,480
36221401,7.63049,30.146,452,38447,0.848605,0.59,2,394485,394033,452
36224321,24.7261,7.6292,479,38502,0.833721,0.59,2,394514,394035,479
36227241,25.7452,24.7258,476,38557,0.846744,0.59,2,394540,394064,476
36230161,58.749,25.7452,517,38612,0.849349,0.61,2,394607,394090,517
36233081,13.3498,57.949,453,38667,0.84987,0.61,2,394609,394156,453
36236001,41.07,50.7898,452,38722,0.881974,0.65,2,394657,394205,452
36238921,67.414,67.758,454,38777,0.936395,0.65,2,394731,394277,454
36241841,34.2828,34.3516,454,38831,0.915279,0.65,2,394757,394303,454
36244761,29.2566,29.2703,454,38885,0.943056,0.71,2,394785,394331,454
36247681,56.2513,53.0541,458,38939,0.948611,0.77,2,394848,394390,458
36396601,31,28,524,41613,0.85,1,2,396696,396172,524
36399521,25.4,28,520,41664,0.866,1,2,396720,396200,520
36402441,40.28,56,501,41715,0.8852,1,2,396764,396263,501
36405361,37.656,38.4,504,41766,0.79304,1,2,396801,396297,504
36408281,27.5312,31.68,499,41817,0.678608,1,1,396826,396327,499
36411201,35.9062,38.336,497,41867,0.607722,1,1,396864,396367,497
36414121,35.1812,29.2672,505,41917,0.577544,1,1,396899,396394,505
36417041,31.0362,33.0534,501,41967,0.539509,1,1,396929,396428,501
36419961,24.6072,29.8107,495,42017,0.467902,1,1,396952,396457,495
36422881,43.3215,41.9621,498,42067,0.35758,1,1,397000,396502,498
36425801,36.6643,35.5924,499,42117,0.383516,1,1,397035,396536,499
36428721,26.5329,30.3185,494,42167,0.356703,0.91,1,397059,396565,494
36431641,38.1066,55.6637,473,42217,0.383341,0.85,1,397100,396627,473
36434561,34.0213,41.5327,468,42267,0.388668,0.85,1,397133,396665,468
36437481,28.4043,33.1065,464,42317,0.373734,0.87,1,397160,396696,464
36440401,20.8809,25.8213,459,42367,0.434747,0.89,1,397179,396720,459
36443321,40.1762,40.3643,460,42417,0.446949,0.77,1,397224,396764,460
36446241,37.6352,37.6729,460,42467,0.46539,0.65,1,397261,396801,460
36449161,22.727,27.5346,454,42517,0.453078,0.59,1,397280,396826,454
36452081,34.1454,35.9069,453,42567,0.418616,0.57,1,397317,396864,453
36455001,32.4291,35.1814,450,42617,0.475723,0.53,1,397349,396899,450
36457921,29.6858,31.0363,449,42667,0.439145,0.45,1,397378,396929,449
36460841,19.5372,24.6073,443,42716,0.447829,0.33,1,397395,396952,443
36463761,36.7074,43.3215,436,42765,0.513566,0.39,1,397436,397000,436
36466681,37.7415,36.6643,439,42814,0.558713,0.35,1,397474,397035,439
36469601,28.3483,26.5329,441,42863,0.583743,0.39,1,397500,397059,441
36472521,38.4697,38.1066,441,42912,0.588749,0.39,1,397541,397100,441
36475441,34.0939,34.0213,441,42961,0.62175,0.37,1,397574,397133,441
36478361,29.2188,28.4043,442,43010,0.62835,0.37,1,397602,397160,442
36481281,21.0438,5.68085,461,43059,0.61367,0.45,1,397621,397160,461
36484201,39.4088,16.3362,486,43108,0.578734,0.45,1,397665,397179,486
36487121,39.8817,39.2672,481,43157,0.587747,0.47,1,397705,397224,481
36490041,23.1763,37.4534,463,43206,0.573549,0.45,1,397724,397261,463
36492961,31.8353,22.6907,478,43255,0.60271,0.41,1,397758,397280,478
36495881,33.5671,34.1381,475,43304,0.608542,0.49,1,397792,397317,475
36498801,27.5134,32.4276,469,43353,0.625708,0.43,1,397818,397349,469
36501721,21.5027,29.6855,460,43402,0.629142,0.45,1,397838,397378,460
36504641,37.9005,19.5371,485,43451,0.629828,0.53,1,397880,397395,485
36507561,38.7801,36.7074,483,43500,0.629966,0.57,1,397919,397436,483
36510481,29.356,37.7415,472,43549,0.629993,0.59,1,397946,397474,472
36513401,40.2712,28.3483,489,43597,0.661999,0.59,1,397989,397500,489
36516321,36.0542,38.4697,483,43645,0.6524,0.63,1,398024,397541,483
36519241,29.6108,34.0939,478,43693,0.66648,0.63,1,398052,397574,478
36522161,20.3222,29.2188,468,43741,0.685296,0.61,1,398070,397602,468
36525081,39.2644,21.0438,493,43789,0.689059,0.57,1,398114,397621,493
36528001,40.6529,39.4088,490,43837,0.689812,0.59,1,398155,397665,490
36530921,24.1306,39.8817,470,43885,0.705962,0.57,1,398175,397705,470
36533841,32.0261,23.1763,485,43933,0.709192,0.61,1,398209,397724,485
36536761,33.6052,31.8353,485,43981,0.725838,0.61,1,398243,397758,485
36539681,28.321,33.5671,478,44029,0.745168,0.63,1,398270,397792,478
36542601,21.6642,27.5134,472,44077,0.749034,0.63,1,398290,397818,472
36545521,37.9328,21.5027,494,44125,0.781807,0.63,2,398332,397838,494
36548441,39.5866,37.9005,492,44173,0.804361,0.63,2,398372,397880,492
36551361,28.7173,38.7801,479,44221,0.872872,0.63,2,398398,397919,479
36554281,41.7435,29.356,497,44269,0.902574,0.67,2,398443,397946,497
36557201,35.5487,40.2712,488,44317,0.924515,0.65,2,398477,397989,488
36817081,107,123,492,22093,0.69,0.65,1,401402,400910,492
36820001,74.2,80.6,488,22189,0.706,0.63,1,401468,400980,488
36822921,61.24,65.72,484,22285,0.7252,0.71,1,401526,401042,484
36825841,53.848,54.744,484,22380,0.76104,0.67,2,401578,401094,484
36828761,39.5696,62.9488,455,22475,0.768208,0.65,2,401614,401159,455
36831681,36.7139,29.3898,470,22569,0.769642,0.67,2,401650,401180,470
36834601,87.3428,34.678,534,22663,0.785928,0.69,2,401750,401216,534
36837521,104.669,70.1356,564,22757,0.821186,0.69,2,401859,401295,564
36840441,72.9337,99.6271,522,22850,0.860237,0.71,2,401924,401402,522
36843361,62.5867,72.7254,516,22943,0.884047,0.73,2,401984,401468,516
36846281,54.9173,60.9451,511,23035,0.872809,0.77,2,402037,401526,511
36849201,39.7835,53.789,495,23127,0.902562,0.77,2,402073,401578,495
36852121,36.7567,39.5578,495,23219,0.908512,0.77,2,402109,401614,495
36855041,88.1513,36.7116,560,23310,0.893703,0.79,2,402210,401650,560
36957241,76,33,541,26307,0.57,1,1,404357,403816,541
36960161,46.4,61.8,511,26388,0.474,1,1,404396,403885,511
36963081,72.48,49.16,544,26468,0.3108,1,1,404475,403931,544
36966001,44.096,54.632,525,26548,0.23016,1,1,404512,403987,525
36968921,77.6192,38.1264,577,26628,0.214032,1,1,404598,404021,577
36971841,43.5238,89.2253,510,26708,0.162806,1,1,404633,404123,510
36974761,71.9048,47.4451,552,26787,0.120561,0.85,1,404712,404160,552
36977681,40.781,77.489,500,26866,0.0961123,0.85,1,404745,404245,500
36980601,9.75619,44.2978,466,26945,0.0912225,0.57,1,404747,404281,466
36983521,49.9512,69.6596,450,27024,0.138244,0.45,1,404807,404357,450
36986441,34.7902,45.1319,442,27102,0.147649,0.27,1,404838,404396,442
36989361,63.758,72.2264,434,27180,0.16553,0.21,1,404909,404475,434
36992281,42.3516,44.0453,434,27258,0.185106,0.21,1,404946,404512,434
36995201,75.6703,77.6091,432,27336,0.253021,0.15,1,405030,404598,432
36998121,41.5341,43.5218,430,27413,0.362604,0.11,1,405063,404633,430
37001041,69.1068,71.9044,427,27490,0.352521,0.09,1,405139,404712,427
37003961,39.4214,40.7809,426,27567,0.350504,0.09,1,405171,404745,426
37006881,9.48427,9.75617,426,27644,0.350101,0.15,1,405173,404747,426
37009801,50.6969,49.9512,427,27721,0.38202,0.15,1,405234,404807,427
37012721,34.9394,34.7902,427,27797,0.388404,0.17,1,405265,404838,427
37015641,64.5879,63.758,428,27873,0.469681,0.19,1,405337,404909,428
37018561,43.3176,42.3516,429,27949,0.453936,0.27,1,405375,404946,429
37021481,80.6635,75.6703,435,28025,0.514787,0.39,1,405465,405030,435
37024401,45.7327,41.5341,439,28101,0.510957,0.35,1,405502,405063,439
37027321,69.9465,69.1068,439,28176,0.526191,0.35,1,405578,405139,439
37030241,39.5893,39.4214,439,28251,0.545238,0.35,1,405610,405171,439
37033161,9.51786,9.48427,439,28326,0.549048,0.39,1,405612,405173,439
37036081,52.3036,50.6969,441,28401,0.51781,0.39,1,405675,405234,441
37039001,34.4607,10.1394,471,28476,0.511562,0.39,1,405705,405234,471
37041921,66.8921,26.8279,515,28550,0.542312,0.49,1,405780,405265,515
37044841,44.5784,62.9656,482,28624,0.564462,0.45,1,405819,405337,482
37047761,81.7157,42.9931,535,28698,0.648893,0.53,1,405910,405375,535
37050681,45.9431,80.5986,482,28772,0.665779,0.51,1,405947,405465,482
37053601,69.9886,45.7197,521,28846,0.733156,0.53,1,406023,405502,521
37056521,40.3977,69.9439,478,28919,0.730631,0.55,1,406056,405578,478
37059441,9.67954,39.5888,448,28992,0.730126,0.55,1,406058,405610,448
37062361,52.3359,9.51776,509,29065,0.714025,0.51,1,406121,405612,509
37065281,34.4672,52.3036,476,29138,0.726805,0.51,1,406151,405675,476
37068201,68.4934,34.4607,523,29211,0.761361,0.55,2,406228,405705,523
37071121,48.0987,66.8921,491,29283,0.768272,0.57,2,406271,405780,491
37074041,84.8197,44.5784,546,29355,0.753654,0.67,2,406365,405819,546
37076961,45.7639,81.7157,491,29427,0.766731,0.67,2,406401,405910,491
37079881,73.1528,45.9431,534,29499,0.817346,0.75,2,406481,405947,534
37082801,40.2306,69.9886,490,29571,0.827469,0.73,2,406513,406023,490
37085721,9.64611,40.3977,459,29643,0.829494,0.73,2,406515,406056,459
37088641,52.3292,9.67954,520,29714,0.845899,0.71,2,406578,406058,520
37091561,34.4658,52.3359,487,29785,0.86518,0.73,2,406608,406121,487
37094481,8.49317,34.4672,459,29856,0.869036,0.77,2,406610,406151,459
37097401,64.0986,68.4934,460,29927,0.933807,0.77,2,406688,406228,460
37100321,48.0197,48.0987,461,29998,0.914761,0.75,2,406732,406271,461
37103241,84.0039,84.8197,460,30069,0.926952,0.77,2,406825,406365,460
37298881,62,42,526,34465,0.63,1,1,409897,409371,526
37301801,38,42.8,515,34526,0.662,1,1,409929,409414,515
37304721,30,41.36,502,34587,0.6204,1,1,409957,409455,502
37307641,38.8,29.872,516,34648,0.51608,1,1,409998,409482,516
37310561,38.96,33.9744,520,34709,0.575216,1,1,410037,409517,520
37313481,45.392,51.5949,511,34770,0.507043,1,1,410084,409573,511
37316401,57.0784,35.919,539,34831,0.461409,1,1,410144,409605,539
37319321,36.2157,60.7838,503,34892,0.404282,1,1,410175,409672,503
37322241,32.0431,38.5568,501,34953,0.456856,0.98,1,410206,409705,501
37325161,50.4086,33.3114,524,35013,0.451371,0.85,1,410261,409737,524
37328081,38.8817,55.4623,499,35073,0.482274,0.73,1,410297,409798,499
37331001,50.9763,40.6925,516,35133,0.536455,0.63,1,410351,409835,516
37333921,34.9953,57.7385,485,35193,0.499291,0.67,1,410382,409897,485
37336841,29.3991,37.1477,481,35253,0.491858,0.61,1,410410,409929,481
37339761,30.6798,29.8295,484,35313,0.506372,0.49,1,410441,409957,484
37342681,37.336,38.7659,482,35373,0.525274,0.59,1,410480,409998,482
37345601,45.8672,38.9532,491,35433,0.513055,0.49,1,410528,410037,491
37348521,56.3734,45.3906,503,35493,0.542611,0.45,1,410587,410084,503
37351441,33.6747,57.0781,471,35553,0.548522,0.39,1,410615,410144,471
37354361,34.7349,36.2156,475,35612,0.581704,0.47,1,410650,410175,475
37357281,50.947,32.0431,499,35671,0.636341,0.45,1,410705,410206,499
37360201,11.7894,50.4086,446,35730,0.615268,0.49,1,410707,410261,446
37363121,31.1579,38.8817,446,35789,0.643054,0.55,1,410743,410297,446
37366041,50.2316,50.9763,447,35848,0.616611,0.49,1,410798,410351,447
37368961,35.6463,34.9953,448,35907,0.611322,0.49,1,410830,410382,448
37371881,27.9293,29.3991,446,35966,0.610264,0.51,1,410856,410410,446
37374801,31.1859,30.6798,447,36025,0.642053,0.53,1,410888,410441,447
37377721,36.6372,37.336,446,36084,0.680411,0.51,1,410926,410480,446
37380641,48.1274,45.8672,449,36143,0.752082,0.55,2,410977,410528,449
37383561,56.8255,56.3734,449,36201,0.814416,0.55,2,411036,410587,449
37386481,34.5651,33.6747,450,36259,0.842883,0.59,2,411065,410615,450
37389401,35.713,34.7349,451,36317,0.912577,0.65,2,411101,410650,451
37392321,51.9426,50.947,452,36375,0.894515,0.61,2,411157,410705,452
37395241,11.9885,11.7894,452,36433,0.922903,0.65,2,411159,410707,452
37398161,31.1977,31.1579,452,36491,0.896581,0.61,2,411195,410743,452
37401081,50.2395,50.2316,452,36549,0.891316,0.61,2,411250,410798,452
37404001,35.6479,35.6463,452,36607,0.922263,0.61,2,411282,410830,452
37751481,46,78,512,20281,0.65,1,1,416221,415709,512
37754401,75.6,46.8,556,20386,0.426,1,1,416304,415748,556
37757321,119.12,79.76,598,20490,0.1572,1,1,416434,415836,598
37760241,91.824,115.152,559,20594,0.11944,1,1,416519,415960,559
37763161,57.5648,96.6304,516,20697,0.111888,0.86,1,416568,416052,516
37766081,62.713,60.1261,529,20799,0.110378,0.79,1,416632,416103,529
37769001,46.1426,69.6252,499,20901,0.110076,0.65,1,416674,416175,499
37771921,69.2285,50.725,528,21002,0.126015,0.37,1,416749,416221,528
37774841,15.4457,76.545,447,21103,0.129203,0.09,1,416751,416304,447
37777761,89.4891,119.309,425,21204,0.161841,0.11,1,416859,416434,425
37780681,85.8978,91.8618,425,21304,0.232368,0.11,1,416944,416519,425
37783601,57.9796,57.5724,427,21404,0.294474,0.11,1,416995,416568,427
37786521,61.1959,62.7145,425,21503,0.322895,0.11,1,417057,416632,425
37789441,48.2392,46.1429,428,21602,0.360579,0.13,1,417102,416674,428
37792361,69.6478,69.2286,428,21700,0.400116,0.13,1,417177,416749,428
37795281,15.5296,15.4457,428,21798,0.440023,0.17,1,417179,416751,428
37798201,91.1059,89.4891,430,21895,0.432005,0.25,1,417289,416859,430
37801121,87.8212,85.8978,432,21992,0.494401,0.31,1,417376,416944,432
37804041,60.7642,57.9796,435,22088,0.53888,0.33,1,417430,416995,435
37806961,64.1528,61.1959,438,22184,0.499776,0.37,1,417495,417057,438
37809881,50.4306,48.2392,440,22280,0.539955,0.41,1,417542,417102,440
37812801,71.6861,69.6478,442,22375,0.563991,0.45,1,417619,417177,442
37815721,15.9372,15.5296,442,22470,0.536798,0.43,1,417621,417179,442
37818641,91.9874,91.1059,443,22564,0.57936,0.43,1,417732,417289,443
37821561,90.3975,18.2212,533,22658,0.587872,0.51,1,417822,417289,533
37824481,61.2795,73.2442,500,22752,0.621574,0.55,1,417876,417376,500
37827401,63.4559,57.8488,510,22845,0.676315,0.49,1,417940,417430,510
37830321,51.0912,63.5698,493,22938,0.735263,0.55,1,417988,417495,493
37833241,72.6182,50.314,524,23030,0.747053,0.57,1,418066,417542,524
37836161,16.1236,71.6628,449,23122,0.74941,0.53,1,418068,417619,449
37839081,92.8247,15.9326,559,23214,0.765882,0.59,2,418180,417621,559
37842001,92.9649,91.9865,541,23305,0.769176,0.59,2,418273,417732,541
37844921,63.393,90.3973,507,23396,0.785835,0.63,2,418329,417822,507
37847841,65.4786,61.2795,519,23487,0.837167,0.69,2,418395,417876,519
37850761,53.8957,63.4559,506,23577,0.895433,0.75,2,418446,417940,506
37853681,73.1791,51.0912,536,23667,0.923087,0.75,2,418524,417988,536
37856601,16.2358,72.6182,460,23757,0.928617,0.75,2,418526,418066,460
37859521,93.6472,16.1236,571,23846,0.913724,0.77,2,418639,418068,571
37862441,93.1294,92.8247,552,23935,0.926745,0.77,2,418732,418180,552
37865361,20.2259,92.9649,461,24024,0.929349,0.79,2,418734,418273,461
38020121,38,40,502,28321,0.57,1,1,421773,421271,502
38023041,33.2,35.2,500,28396,0.506,1,1,421805,421305,500
38025961,40.24,7.04,542,28471,0.4932,1,1,421847,421305,542
38028881,51.248,54.208,530,28545,0.42664,1,1,421901,421371,530
38031801,65.4496,58.8416,539,28619,0.301328,1,1,421970,421431,539
38034721,84.2899,61.3683,566,28693,0.244266,0.96,1,422059,421493,566
38037641,55.258,89.0737,518,28767,0.184853,1,1,422107,421589,518
38040561,40.6516,57.0147,506,28841,0.188971,0.92,1,422144,421638,506
38043481,46.5303,45.0029,512,28914,0.157794,0.73,1,422192,421680,512
38046401,34.9061,53.0006,489,28987,0.151559,0.57,1,422224,421735,489
38049321,30.9812,41.0001,481,29060,0.118312,0.49,1,422254,421773,481
38052241,32.5962,33.8,482,29133,0.0956624,0.49,1,422287,421805,482
38055161,52.1193,40.36,497,29206,0.107132,0.41,1,422344,421847,497
38058081,60.0239,51.272,505,29278,0.157427,0.27,1,422406,421901,505
38061001,80.8048,65.4544,522,29350,0.231485,0.23,1,422492,421970,522
38063921,52.961,84.2909,479,29422,0.214297,0.17,1,422538,422059,479
38066841,37.7922,55.2582,465,29494,0.242859,0.19,1,422572,422107,465
38069761,45.9584,40.6516,476,29566,0.248572,0.15,1,422620,422144,476
38072681,34.7917,46.5303,460,29638,0.265714,0.15,1,422652,422192,460
38075601,29.3583,34.9061,456,29709,0.269143,0.11,1,422680,422224,456
38078521,33.0717,30.9812,460,29780,0.285829,0.09,1,422714,422254,460
38081441,8.21433,32.5962,429,29851,0.289166,0.11,1,422716,422287,429
38084361,47.2429,52.1193,429,29922,0.289833,0.17,1,422773,422344,429
38087281,61.4486,60.0239,432,29993,0.337967,0.25,1,422838,422406,432
38090201,81.0897,80.8048,432,30064,0.395593,0.21,1,422924,422492,432
38093121,54.6179,52.961,434,30134,0.455119,0.25,1,422972,422538,434
38096041,37.3236,37.7922,433,30204,0.483024,0.25,1,423005,422572,433
38098961,47.4647,45.9584,435,30274,0.536605,0.27,1,423055,422620,435
38101881,35.0929,34.7917,435,30344,0.547321,0.27,1,423087,422652,435
38104801,29.4186,29.3583,435,30414,0.533464,0.29,1,423115,422680,435
38107721,33.8837,33.0717,436,30484,0.546693,0.29,1,423150,422714,436
38110641,8.37674,8.21433,436,30553,0.549339,0.29,1,423152,422716,436
38113561,48.0754,47.2429,437,30622,0.549868,0.35,1,423210,422773,437
38116481,63.2151,61.4486,439,30691,0.581974,0.41,1,423277,422838,439
38119401,83.043,81.0897,441,30760,0.636395,0.47,1,423365,422924,441
38122321,56.6086,54.6179,443,30829,0.631279,0.49,1,423415,422972,443
38125241,40.1217,37.3236,446,30898,0.662256,0.55,1,423451,423005,446
38128161,48.8243,47.4647,447,30966,0.668451,0.55,1,423502,423055,447
38131081,36.1649,35.0929,448,31034,0.65369,0.53,1,423535,423087,448
38134001,29.633,29.4186,448,31102,0.666738,0.55,1,423563,423115,448
38136921,34.7266,33.8837,449,31170,0.717348,0.55,1,423599,423150,449
38139841,8.54532,8.37674,449,31238,0.72747,0.55,1,423601,423152,449
38142761,48.1091,48.0754,449,31306,0.745494,0.55,1,423659,423210,449
38145681,64.0218,9.61507,517,31374,0.749099,0.59,1,423727,423210,517
38148601,85.6044,55.523,541,31441,0.76582,0.65,2,423818,423277,541
38151521,56.3209,81.5046,502,31508,0.801164,0.63,2,423867,423365,502
38154441,40.0642,56.3009,488,31575,0.824233,0.67,2,423903,423415,488
38157361,48.8128,40.0602,503,31642,0.844847,0.67,2,423954,423451,503
38160281,36.9626,48.812,486,31709,0.848969,0.65,2,423988,423502,486
38163201,30.5925,36.1624,482,31776,0.865794,0.67,2,424017,423535,482
38166121,35.7185,29.6325,491,31843,0.885159,0.73,2,424054,423563,491
38169041,8.7437,34.7265,457,31909,0.889032,0.73,2,424056,423599,457
38171961,48.9487,8.5453,514,31975,0.889806,0.75,2,424115,423601,514
38174881,66.5897,48.1091,527,32041,0.905961,0.75,2,424186,423659,527
38177801,86.9179,64.0218,551,32107,0.877192,0.77,2,424278,423727,551
38180721,58.1836,85.6044,511,32173,0.935438,0.81,2,424329,423818,511
38309201,47,34,514,34948,0.77,1,2,426251,425737,514
38312121,23.8,33.2,499,35008,0.754,1,2,426269,425770,499
38315041,33.56,21.84,516,35068,0.7668,1,2,426305,425789,516
38317961,53.912,43.568,526,35128,0.67336,1,1,426364,425838,526
38320881,29.9824,50.3136,498,35188,0.670672,1,1,426388,425890,498
38323801,34.7965,32.4627,506,35248,0.654134,1,1,426424,425918,506
38326721,34.1593,35.2925,504,35308,0.554827,1,1,426458,425954,504
38329641,37.2319,35.0585,507,35368,0.566965,1,1,426496,425989,507
38332561,39.4464,35.0117,512,35428,0.537393,1,1,426536,426024,512
38335481,87.0893,39.0023,571,35488,0.595479,0.85,1,426635,426064,571
38338401,41.4179,92.6005,495,35548,0.575096,0.81,1,426665,426170,495
38341321,42.6836,45.7201,504,35607,0.603019,0.77,1,426708,426204,504
38344241,22.1367,46.744,474,35666,0.624604,0.75,1,426725,426251,474
38347161,6.02734,23.7488,458,35725,0.628921,0.77,1,426727,426269,458
38350081,28.4055,33.5498,456,35784,0.645784,0.65,1,426761,426305,456
38353001,50.4811,53.91,453,35843,0.681157,0.67,1,426817,426364,453
38355921,29.2962,29.982,453,35902,0.704231,0.65,1,426841,426388,453
38358841,33.8592,34.7964,452,35961,0.724846,0.53,1,426876,426424,452
38361761,30.7718,34.1593,448,36020,0.712969,0.57,1,426906,426458,448
38364681,36.5544,37.2319,448,36079,0.806594,0.53,2,426944,426496,448
38367601,40.1109,39.4464,449,36138,0.825319,0.61,2,426985,426536,449
38370521,89.6222,87.0893,452,36196,0.845064,0.57,2,427087,426635,452
38373441,41.1244,41.4179,451,36254,0.865013,0.61,2,427116,426665,451
38376361,45.0249,42.6836,454,36312,0.869003,0.63,2,427162,426708,454
38379281,21.805,22.1367,453,36370,0.901801,0.63,2,427178,426725,453
38382201,5.961,6.02734,453,36428,0.90836,0.65,2,427180,426727,453
38385121,29.1922,28.4055,454,36486,0.893672,0.69,2,427215,426761,454
38388041,51.4384,50.4811,455,36544,0.922734,0.71,2,427272,426817,455
38390961,32.6877,29.2962,459,36602,0.896547,0.73,2,427300,426841,459
38557401,36,58,483,39757,0.57,1,1,429546,429063,483
38560321,32.8,31.6,490,39810,0.57,1,1,429578,429088,490
38563241,48.16,34.32,507,39863,0.442,1,1,429630,429123,507
38566161,38.432,30.064,514,39916,0.2404,1,1,429666,429152,514
38569081,31.6864,30.0128,514,39969,0.26408,1,1,429696,429182,514
38572001,29.5373,29.2026,514,40022,0.284816,1,1,429725,429211,514
38614341,383.507,443.441,439,17520,0.0649632,0.29,1,430197,429758,439
38617261,128.701,121.488,463,18366,0.0369926,0.17,1,430262,429799,463
38620181,126.54,121.098,468,18482,0.0313985,0.05,1,430388,429920,468
38623101,108.508,82.6195,499,18597,0.0462797,0.05,1,430492,429993,499
38626021,69.7016,101.324,453,18711,0.0332559,0.05,1,430552,430099,453
38628941,54.7403,69.8648,442,18824,0.0306512,0.03,1,430603,430161,442
38631861,23.7481,37.973,428,18937,0.0781302,0.03,1,430619,430191,428
38634781,57.5496,64.3946,423,19049,0.119626,0.03,1,430685,430262,423
38637701,111.51,113.679,422,19160,0.143925,0.05,1,430810,430388,422
38640621,107.102,105.936,424,19271,0.068785,0.03,1,430916,430492,424
38643541,67.8204,69.1872,422,19381,0.037757,0.03,1,430974,430552,422
38646461,55.9641,54.6374,424,19490,0.0315514,0.09,1,431027,430603,424
38649381,25.5928,23.7275,426,19599,0.0463103,0.09,1,431045,430619,426
38652301,57.1186,4.7455,491,19707,0.113262,0.13,1,431110,430619,491
38655221,112.224,53.7491,551,19815,0.190652,0.15,1,431236,430685,551
38658141,103.245,110.75,527,19922,0.20613,0.05,1,431337,430810,527
38661061,67.0489,106.95,479,20028,0.161226,0.03,1,431395,430916,479
38663981,55.8098,67.79,474,20134,0.104245,0.03,1,431448,430974,474
38666901,27.162,55.958,441,20239,0.060849,0.05,1,431468,431027,441
38669821,60.6324,25.5916,492,20344,0.11617,0.13,1,431537,431045,492
38672741,116.126,57.1183,557,20448,0.207234,0.21,1,431667,431110,557
38675661,104.025,112.224,532,20552,0.225447,0.21,1,431768,431236,532
38678581,64.8051,103.245,486,20655,0.213089,0.15,1,431823,431337,486
38681501,51.361,67.0489,476,20758,0.226618,0.09,1,431871,431395,476
38684421,27.0722,55.8098,444,20860,0.229324,0.05,1,431892,431448,444
38687341,63.8144,27.162,497,20962,0.213865,0.13,1,431965,431468,497
38690261,14.3629,60.6324,430,21063,0.178773,0.23,1,431967,431537,430
38693181,109.273,116.126,433,21164,0.187755,0.23,1,432100,431667,433
38696101,102.655,104.025,433,21264,0.253551,0.21,1,432201,431768,433
38699021,63.7309,64.8051,432,21364,0.29871,0.23,1,432255,431823,432
38701941,52.7462,51.361,434,21463,0.339742,0.23,1,432305,431871,434
38704861,28.1492,27.0722,435,21562,0.347948,0.21,1,432327,431892,435
38707781,60.0298,63.8144,430,21660,0.41359,0.17,1,432395,431965,430
38710701,13.606,14.3629,430,21758,0.426718,0.19,1,432397,431967,430
38713621,110.721,109.273,432,21855,0.525344,0.27,1,432532,432100,432
38716541,104.544,102.655,434,21952,0.561069,0.31,1,432635,432201,434
38719461,64.9088,63.7309,435,22049,0.600214,0.35,1,432690,432255,435
38722381,56.1818,52.7462,439,22145,0.656043,0.35,1,432744,432305,439
38725301,28.8364,28.1492,439,22241,0.667209,0.43,1,432766,432327,439
38728221,61.7673,60.0298,441,22336,0.733442,0.43,1,432836,432395,441
38731141,13.9535,13.606,441,22431,0.746688,0.55,1,432838,432397,441
38734061,115.591,110.721,447,22526,0.829338,0.55,2,432979,432532,447
38736981,107.118,22.1442,552,22620,0.877868,0.57,2,433084,432532,552
38739901,67.0236,86.8288,506,22714,0.919574,0.61,2,433141,432635,506
38742821,59.0047,61.3658,508,22807,0.943915,0.67,2,433198,432690,508
38745741,29.4009,55.4732,476,22900,0.948783,0.67,2,433220,432744,476
38748661,63.4802,28.6946,526,22993,0.933757,0.75,2,433292,432766,526
38751581,14.296,61.7389,458,23085,0.930751,0.75,2,433294,432836,458
38850861,59,120,526,26024,0.43,1,1,435519,434993,526
38853781,47.8,69.6,514,26105,0.43,1,1,435564,435050,514
38856701,44.76,47.52,516,26186,0.27,0.95,1,435608,435092,516
38859621,29.752,39.104,505,26267,0.158,1,1,435634,435129,505
38862541,28.3504,31.0208,504,26348,0.1196,1,1,435662,435158,504
38865461,38.4701,35.0042,509,26428,0.04792,1,1,435703,435194,509
38868381,87.694,35.0008,574,26508,0.033584,0.95,1,435803,435229,574
38871301,103.139,90.2002,577,26588,0.0307168,0.55,1,435910,435333,577
38874221,61.4278,119.64,501,26668,0.0621434,0.43,1,435961,435460,501
38877141,45.8856,71.128,484,26747,0.0844287,0.43,1,436003,435519,484
38880061,37.9771,50.2256,475,26826,0.0568857,0.23,1,436039,435564,475
38882981,25.9954,45.2451,454,26905,0.0353771,0.13,1,436062,435608,454
38885901,6.79908,29.849,430,26984,0.0310754,0.11,1,436064,435634,430
38888821,21.3598,28.3698,427,27062,0.0782151,0.03,1,436089,435662,427
38891741,33.072,38.474,422,27140,0.039643,0.03,1,436125,435703,422
38894661,87.4144,87.6948,423,27218,0.111929,0.03,1,436226,435803,423
38897581,103.083,103.139,423,27296,0.0783857,0.07,1,436333,435910,423
38900501,62.2166,61.4278,424,27374,0.0876771,0.09,1,436385,435961,424
38903421,47.6433,45.8856,426,27451,0.105535,0.05,1,436429,436003,426
38906341,36.7287,37.9771,424,27528,0.109107,0.03,1,436463,436039,424
38909261,24.9457,25.9954,423,27605,0.125821,0.03,1,436485,436062,423
38912181,6.58915,6.79908,423,27682,0.129164,0.09,1,436487,436064,423
38915101,20.5178,21.3598,422,27759,0.161833,0.03,1,436511,436089,422
38918021,32.9036,33.072,422,27835,0.184367,0.13,1,436547,436125,422
38920941,90.5807,87.4144,426,27911,0.0448733,0.07,1,436652,436226,426
38923861,103.716,103.083,426,27987,0.0649747,0.09,1,436759,436333,426
38926781,60.7432,62.2166,424,28063,0.0369949,0.11,1,436809,436385,424
38929701,48.1486,47.6433,425,28138,0.031399,0.11,1,436854,436429,425
38932621,36.8297,36.7287,425,28213,0.0782798,0.13,1,436888,436463,425
38935541,25.7659,24.9457,426,28288,0.071656,0.13,1,436911,436485,426
38938461,6.75319,6.58915,426,28363,0.118331,0.13,1,436913,436487,426
38941381,21.3506,1.31783,451,28438,0.111666,0.17,1,436938,436487,451
38944301,35.4701,19.4636,466,28512,0.126333,0.19,1,436977,436511,466
38947221,83.894,32.6927,526,28586,0.0812666,0.01,1,437073,436547,526
38950141,103.179,90.5385,529,28660,0.0402533,0.07,1,437181,436652,529
38953061,61.4358,103.708,473,28734,0.0320507,0.03,1,437232,436759,473
38955981,47.4872,60.7415,467,28808,0.0624101,0.03,1,437276,436809,467
38958901,37.4974,48.1483,457,28881,0.084482,0.09,1,437311,436854,457
38961821,27.4995,36.8297,448,28954,0.0728964,0.07,1,437336,436888,448
38964741,7.0999,25.7659,427,29027,0.102579,0.13,1,437338,436911,427
38967661,22.22,6.75319,451,29100,0.108516,0.11,1,437364,436913,451
38970581,36.444,21.3506,466,29173,0.157703,0.13,1,437404,436938,466
38973501,81.6888,35.4701,520,29246,0.183541,0.07,1,437497,436977,520
38976421,101.138,83.894,530,29318,0.172708,0.03,1,437603,437073,530
38979341,61.8276,103.179,474,29390,0.250542,0.03,1,437655,437181,474
38982261,49.9655,61.4358,470,29462,0.250108,0.07,1,437702,437232,470
38985181,37.1931,47.4872,460,29534,0.266022,0.09,1,437736,437276,460
38988101,28.2386,37.4974,451,29606,0.269204,0.07,1,437762,437311,451
38991021,7.24772,27.4995,428,29677,0.269841,0.11,1,437764,437336,428
38993941,23.8495,7.0999,454,29748,0.285968,0.11,1,437792,437338,454
38996861,37.5699,22.22,469,29819,0.257194,0.17,1,437833,437364,469
38999781,9.11398,36.444,431,29890,0.251439,0.19,1,437835,437404,431
39002701,76.2228,81.6888,431,29961,0.282288,0.17,1,437928,437497,431
39005621,100.045,101.138,431,30032,0.320458,0.27,1,438034,437603,431
39008541,64.8089,61.8276,435,30102,0.376092,0.25,1,438090,437655,435
39011461,49.7618,49.9655,434,30172,0.435218,0.27,1,438136,437702,434
39014381,37.9524,37.1931,435,30242,0.463044,0.27,1,438171,437736,435
39017301,28.3905,28.2386,435,30312,0.452609,0.27,1,438197,437762,435
39020221,7.27809,7.24772,435,30382,0.450522,0.29,1,438199,437764,435
39023141,23.0556,23.8495,434,30452,0.498104,0.25,1,438226,437792,434
39026061,37.4111,37.5699,434,30521,0.507621,0.25,1,438267,437833,434
39028981,9.08222,9.11398,434,30590,0.509524,0.29,1,438269,437835,434
39031901,77.0164,76.2228,435,30659,0.557905,0.33,1,438363,437928,435
39034821,102.603,100.045,438,30728,0.567581,0.39,1,438472,438034,438
39037741,66.1207,64.8089,439,30797,0.585516,0.45,1,438529,438090,439
39040661,52.4241,49.7618,442,30866,0.653103,0.47,1,438578,438136,442
39043581,40.0848,37.9524,444,30935,0.650621,0.45,1,438615,438171,444
39046501,28.817,28.3905,444,31003,0.650124,0.45,1,438641,438197,444
39049421,7.36339,7.27809,444,31071,0.650025,0.51,1,438643,438199,444
39052341,23.8727,23.0556,445,31139,0.650005,0.51,1,438671,438226,445
39055261,38.3745,37.4111,446,31207,0.666001,0.51,1,438713,438267,446
39058181,9.27491,9.08222,446,31275,0.6692,0.57,1,438715,438269,446
39061101,78.655,77.0164,448,31343,0.76584,0.57,2,438811,438363,448
39064021,103.731,15.4033,558,31411,0.817168,0.57,2,438921,438363,558
39066941,67.1462,90.2807,507,31478,0.795434,0.59,2,438979,438472,507
39069861,54.2292,63.6561,501,31545,0.807087,0.67,2,439030,438529,501
39072781,39.6458,51.9312,488,31612,0.841417,0.65,2,439066,438578,488
39075701,28.7292,39.9862,477,31679,0.848283,0.65,2,439092,438615,477
39078621,7.34583,28.7972,453,31746,0.849657,0.65,2,439094,438641,453
39081541,23.8692,7.35945,479,31813,0.849931,0.65,2,439122,438643,479
39084461,40.7738,23.8719,496,31880,0.865986,0.67,2,439167,438671,496
39087381,9.75477,38.3744,456,31946,0.869197,0.67,2,439169,438713,456
39090301,83.551,9.27488,556,32012,0.901839,0.79,2,439271,438715,556
39093221,106.31,78.655,572,32078,0.924368,0.83,2,439383,438811,572
39221701,46,126,511,34861,0.61,1,1,441327,440816,511
39224621,34.8,48.4,514,34922,0.53,1,1,441359,440845,514
39227541,34.96,33.68,519,34983,0.434,1,1,441394,440875,519
39230461,37.392,47.536,506,35043,0.3028,1,1,441432,440926,506
39233381,31.4784,34.3072,505,35103,0.24456,1,1,441462,440957,505
39236301,21.4957,28.4614,497,35163,0.200912,1,1,441481,440984,497
39239221,25.8991,26.4923,498,35223,0.0801824,1,1,441508,441010,498
39242141,34.7798,28.4985,506,35283,0.0160365,1,1,441545,441039,506
39245061,29.356,32.0997,501,35343,0.0592073,1,1,441573,441072,501
39247981,44.2712,30.4199,519,35403,0.0198415,0.85,1,441621,441102,519
39250901,98.4542,48.484,578,35463,0.0439683,0.65,1,441733,441155,578
39253821,50.8908,110.497,491,35523,0.0327937,0.61,1,441772,441281,491
39256741,32.5782,58.8994,473,35583,0.0785587,0.51,1,441800,441327,473
39259661,31.3156,37.3799,472,35642,0.0717117,0.41,1,441831,441359,472
39262581,7.86313,35.476,439,35701,0.0703423,0.27,1,441833,441394,439
39265501,25.5726,37.4952,431,35760,0.0540685,0.23,1,441863,441432,431
39268421,28.3145,31.499,430,35819,0.130814,0.19,1,441892,441462,430
39271341,18.4629,21.4998,427,35878,0.130163,0.05,1,441908,441481,427
39274261,22.0926,25.9,423,35937,0.114033,0,1,441931,441508,423
39277181,34.8185,34.78,424,35996,0.126807,0.07,1,441969,441545,424
39280101,30.1637,29.356,425,36055,0.0653613,0.01,1,441998,441573,425
39283021,42.8327,44.2712,423,36114,0.0530723,0.05,1,442044,441621,423
39285941,99.7666,98.4542,425,36173,0.0986145,0.03,1,442158,441733,425
39288861,52.7533,50.8908,427,36231,0.139723,0.09,1,442199,441772,427
39291781,30.5507,32.5782,424,36289,0.195945,0.07,1,442224,441800,424
39294701,32.5101,31.3156,426,36347,0.207189,0.07,1,442257,441831,426
39297621,8.10203,7.86313,426,36405,0.209438,0.05,1,442259,441833,426
39300541,24.0204,25.5726,424,36463,0.209888,0.15,1,442287,441863,424
39303461,31.2041,28.3145,428,36521,0.241978,0.13,1,442320,441892,428
39306381,17.4408,18.4629,426,36579,0.248396,0.11,1,442334,441908,426
39309301,24.2882,22.0926,429,36637,0.281679,0.13,1,442360,441931,429
39312221,31.2576,34.8185,424,36695,0.272336,0.05,1,442393,441969,424
39315141,29.4515,30.1637,424,36753,0.302467,0.05,1,442422,441998,424
39318061,41.0903,42.8327,422,36810,0.356493,0.11,1,442466,442044,422
39320981,102.618,99.7666,426,36867,0.351299,0.15,1,442584,442158,426
39323901,57.3236,52.7533,431,36924,0.33426,0.21,1,442630,442199,431
39326821,30.6647,30.5507,430,36981,0.394852,0.21,1,442654,442224,430
39329741,34.1329,32.5101,432,37038,0.40697,0.21,1,442689,442257,432
39332661,8.42659,8.10203,432,37095,0.409394,0.21,1,442691,442259,432
39335581,24.0853,24.0204,432,37152,0.457879,0.21,1,442719,442287,432
39338501,32.0171,4.80408,466,37209,0.451576,0.25,1,442753,442287,466
39341421,17.6034,27.3608,447,37266,0.466315,0.25,1,442767,442320,447
39344341,24.3207,16.6722,459,37323,0.469263,0.29,1,442793,442334,459
39347261,32.0641,24.1344,467,37380,0.469853,0.27,1,442827,442360,467
39350181,31.2128,31.2269,465,37437,0.453971,0.31,1,442858,442393,465
39353101,42.2426,29.4454,481,37493,0.482794,0.37,1,442903,442422,481
39356021,102.049,41.0891,554,37549,0.504559,0.35,1,443020,442466,554
39358941,58.8097,102.618,484,37605,0.524912,0.33,1,443068,442584,484
39361861,31.7619,57.3236,463,37661,0.544982,0.41,1,443093,442630,463
39364781,35.9524,30.6647,476,37717,0.596996,0.41,1,443130,442654,476
39367701,8.79048,34.1329,443,37773,0.607399,0.41,1,443132,442689,443
39370621,24.9581,8.42659,470,37829,0.59348,0.47,1,443161,442691,470
39373541,33.7916,24.0853,478,37885,0.574696,0.45,1,443197,442719,478
39376461,17.9583,32.0171,458,37941,0.570939,0.47,1,443211,442753,458
39379381,24.3917,17.6034,470,37997,0.586188,0.47,1,443237,442767,470
39382301,32.0783,24.3207,478,38053,0.605238,0.47,1,443271,442793,478
39385221,30.4157,32.0641,474,38109,0.609048,0.45,1,443301,442827,474
39388141,43.6831,31.2128,490,38164,0.593809,0.49,1,443348,442858,490
39391061,103.137,42.2426,563,38219,0.622762,0.51,1,443466,442903,563
39393981,59.8273,102.049,495,38274,0.660552,0.53,1,443515,443020,495
39396901,33.5655,58.8097,474,38329,0.65211,0.55,1,443542,443068,474
39399821,37.9131,31.7619,488,38384,0.682422,0.61,1,443581,443093,488
39402741,9.18262,35.9524,453,38439,0.688484,0.61,1,443583,443130,453
39405661,24.2365,8.79048,479,38494,0.689697,0.59,1,443611,443132,479
39408581,32.8473,24.9581,485,38549,0.721939,0.57,1,443646,443161,485
39411501,17.7695,33.7916,463,38604,0.728388,0.57,1,443660,443197,463
39414421,5.15389,17.9583,451,38659,0.729678,0.59,1,443662,443211,451
39417341,22.6308,24.3917,452,38714,0.745935,0.61,1,443689,443237,452
39420261,31.7262,32.0783,452,38769,0.765187,0.61,2,443723,443271,452
39423181,30.3452,30.4157,452,38823,0.769037,0.59,2,443753,443301,452
39426101,42.869,43.6831,451,38877,0.769808,0.63,2,443799,443348,451
39429021,104.574,103.137,453,38931,0.833961,0.67,2,443919,443466,453
39431941,61.7148,59.8273,455,38985,0.878792,0.65,2,443970,443515,455
39434861,33.143,33.5655,454,39039,0.887758,0.69,2,443996,443542,454
39788181,101,87,524,20647,0.39,1,1,448344,447820,524
39791101,69.8,83,504,20750,0.342,0.92,1,448406,447902,504
39794021,68.36,67,509,20852,0.1724,1,1,448474,447965,509
39796941,83.272,77.4,516,20954,0.12248,0.91,1,448561,448045,516
39799861,41.4544,67.48,482,21055,0.112496,0.77,1,448592,448110,482
39802781,37.0909,45.496,478,21156,0.142499,0.55,1,448628,448150,478
39805701,56.2182,83.4992,446,21256,0.1965,0.39,1,448689,448243,446
39808621,86.4436,97.4998,439,21356,0.2393,0.33,1,448783,448344,439
39811541,61.2887,69.1,432,21455,0.26386,0.13,1,448838,448406,432
39814461,62.6577,68.22,427,21554,0.316772,0.11,1,448901,448474,427
39817381,81.3316,83.244,426,21652,0.311354,0.11,1,448987,448561,426
39820301,43.4663,41.4488,429,21750,0.358271,0.15,1,449021,448592,429
39823221,34.2933,37.0898,425,21848,0.383654,0.21,1,449053,448628,425
39826141,59.6587,56.218,430,21945,0.404731,0.25,1,449119,448689,430
39829061,90.3317,86.4436,434,22042,0.456946,0.27,1,449217,448783,434
39831981,62.8663,61.2887,435,22138,0.435389,0.33,1,449273,448838,435
39834901,63.7733,62.6577,436,22234,0.431078,0.31,1,449337,448901,436
39837821,83.1547,81.3316,438,22329,0.430216,0.37,1,449425,448987,438
39840741,43.8309,43.4663,438,22424,0.446043,0.39,1,449459,449021,438
39843661,35.9662,34.2933,440,22519,0.449209,0.39,1,449493,449053,440
39846581,60.7932,6.85865,507,22613,0.465842,0.41,1,449560,449053,507
39849501,91.3587,54.1717,540,22707,0.565168,0.47,1,449659,449119,540
39852421,61.4717,89.2343,496,22800,0.617034,0.43,1,449713,449217,496
39855341,63.4943,62.6469,504,22893,0.643407,0.43,1,449777,449273,504
39858261,83.0989,63.7294,528,22986,0.648681,0.43,1,449865,449337,528
39861181,44.6198,83.1459,475,23078,0.681736,0.45,1,449900,449425,475
39864101,36.124,43.8292,475,23170,0.688347,0.45,1,449934,449459,475
39867021,63.2248,35.9658,511,23261,0.737669,0.47,1,450004,449493,511
39869941,96.645,60.7932,549,23352,0.763534,0.59,2,450109,449560,549
39872861,64.929,91.3586,507,23443,0.832707,0.63,2,450166,449659,507
39875781,64.1858,61.4717,517,23533,0.846541,0.65,2,450230,449713,517
39878701,83.2372,63.4943,541,23623,0.849308,0.65,2,450318,449777,541
39881621,46.2474,83.0989,490,23713,0.881862,0.69,2,450355,449865,490
39884541,36.4495,44.6198,489,23802,0.904372,0.69,2,450389,449900,489
39887461,65.6899,36.124,528,23891,0.908875,0.75,2,450462,449934,528
39989661,53,29,516,26819,0.79,1,2,452536,452020,516
39992581,42.6,31.4,524,26898,0.79,1,2,452576,452052,524
39995501,33.32,58.28,490,26977,0.726,0.97,1,452607,452117,490
39998421,80.264,88.456,486,27056,0.8252,1,2,452699,452213,486
40001341,38.4528,47.2912,477,27134,0.81304,0.96,2,452727,452250,477
40004261,30.8906,35.0582,474,27212,0.874608,0.92,2,452756,452282,474
40007181,48.5781,52.6116,470,27290,0.902922,0.89,2,452809,452339,470
40010101,91.3156,99.3223,461,27368,0.892584,0.79,2,452911,452450,461
40013021,43.8631,46.2645,460,27445,0.890517,0.79,2,452943,452483,460
40015941,51.9726,51.6529,461,27522,0.922103,0.79,2,452997,452536,461
40018861,39.1945,42.3306,457,27599,0.896421,0.71,2,453033,452576,457
40021781,34.2389,33.2661,459,27676,0.859284,0.85,2,453066,452607,459
40024701,82.8478,80.2532,462,27753,0.915857,0.81,2,453161,452699,462
40161941,75,82,476,31136,0.79,1,2,455531,455055,476
40164861,51,56.4,471,31204,0.71,1,1,455576,455105,471
40167781,38.2,38.48,472,31272,0.71,0.94,1,455611,455139,472
40170701,38.04,38.096,472,31340,0.71,0.94,1,455649,455177,472
40173621,32.408,7.6192,503,31408,0.726,0.96,1,455680,455177,503
40176541,60.0816,27.9238,537,31475,0.7612,0.89,2,455747,455210,537
40179461,49.6163,62.3848,513,31542,0.83224,0.93,2,455794,455281,513
40182381,35.5233,51.677,496,31609,0.814448,0.97,2,455826,455330,496
40185301,33.5047,36.7354,496,31676,0.82689,0.85,2,455859,455363,496
40188221,52.3009,36.1471,517,31743,0.877378,0.89,2,455916,455399,517
40191141,67.2602,52.8294,531,31810,0.887476,0.79,2,455987,455456,531
40194061,48.652,70.5659,500,31877,0.921495,0.69,2,456031,455531,500
40442261,50,35,503,37094,0.69,1,1,459653,459150,503
40445181,40.4,39,501,37151,0.642,1,1,459691,459190,501
40448101,33.68,7.8,533,37208,0.5684,1,1,459723,459190,533
40451021,37.936,27.16,540,37265,0.45768,1,1,459762,459222,540
40453941,39.5872,43.832,532,37322,0.483536,1,1,459802,459270,532
40456861,55.9174,48.7664,542,37379,0.408707,1,1,459862,459320,542
40459781,34.3835,60.1533,508,37436,0.377741,1,1,459891,459383,508
40462701,45.2767,49.6307,509,37492,0.339548,1,1,459939,459430,509
40465621,27.4553,37.9261,497,37548,0.34791,0.85,1,459962,459465,497
40468541,41.4911,29.1852,515,37604,0.269582,0.99,1,460007,459492,515
40471461,33.8982,43.437,500,37660,0.269916,0.91,1,460039,459539,500
40474381,21.9796,38.2874,482,37716,0.253983,0.73,1,460058,459576,482
40477301,43.5959,29.2575,504,37772,0.218797,0.69,1,460107,459603,504
40480221,34.3192,45.8515,486,37828,0.259759,0.63,1,460139,459653,486
40483141,29.2638,39.5703,476,37884,0.219952,0.55,1,460167,459691,476
40486061,37.0528,33.5141,483,37940,0.24399,0.43,1,460206,459723,483
40488981,40.2106,37.9028,485,37996,0.200798,0.49,1,460247,459762,485
40491901,50.4421,39.5806,498,38052,0.24016,0.39,1,460300,459802,498
40494821,31.6884,55.9161,465,38108,0.232032,0.37,1,460327,459862,465
40497741,47.1377,34.3832,487,38163,0.262406,0.33,1,460378,459891,487
40500661,25.4275,45.2766,459,38218,0.284481,0.35,1,460398,459939,459
40503581,40.2855,27.4553,480,38273,0.304896,0.25,1,460442,459962,480
40506501,32.8571,41.4911,466,38328,0.292979,0.27,1,460473,460007,466
40509421,20.1714,33.8982,451,38383,0.322596,0.25,1,460490,460039,451
40512341,44.0343,21.9796,482,38438,0.328519,0.21,1,460540,460058,482
40515261,33.6069,43.5959,464,38493,0.329704,0.27,1,460571,460107,464
40518181,28.3214,34.3192,459,38548,0.345941,0.21,1,460598,460139,459
40521101,36.8643,29.2638,470,38603,0.349188,0.25,1,460637,460167,470
40524021,8.97285,37.0528,433,38658,0.349838,0.19,1,460639,460206,433
40526941,32.9946,40.2106,431,38713,0.397968,0.25,1,460678,460247,431
40529861,51.3989,50.4421,434,38768,0.359594,0.23,1,460734,460300,434
40532781,31.0798,31.6884,433,38822,0.351919,0.27,1,460760,460327,433
40535701,48.616,47.1377,435,38876,0.366384,0.29,1,460813,460378,435
40538621,27.3232,25.4275,437,38930,0.353277,0.31,1,460835,460398,437
40541541,40.6646,40.2855,437,38984,0.350655,0.29,1,460879,460442,437
40544461,32.9329,32.8571,437,39038,0.350131,0.33,1,460910,460473,437
40547381,20.9866,20.1714,438,39092,0.350026,0.33,1,460928,460490,438
40550301,44.9973,44.0343,439,39146,0.334005,0.33,1,460979,460540,439
40553221,32.9995,33.6069,438,39200,0.330801,0.35,1,461009,460571,438
40556141,28.9999,28.3214,439,39254,0.36216,0.35,1,461037,460598,439
40559061,37,36.8643,439,39308,0.352432,0.35,1,461076,460637,439
40561981,9,8.97285,439,39362,0.350486,0.41,1,461078,460639,439
40564901,33.8,32.9946,440,39416,0.350097,0.35,1,461118,460678,440
40567821,50.76,51.3989,439,39470,0.430019,0.35,1,461173,460734,439
40570741,30.952,31.0798,439,39524,0.462004,0.37,1,461199,460760,439
40573661,48.5904,48.616,439,39577,0.468401,0.35,1,461252,460813,439
40576581,25.7181,27.3232,437,39630,0.51768,0.35,1,461272,460835,437
40579501,41.1436,40.6646,438,39683,0.559536,0.35,1,461317,460879,438
40582421,32.2287,32.9329,437,39736,0.615907,0.35,1,461347,460910,437
40585341,20.8457,20.9866,437,39789,0.627181,0.33,1,461365,460928,437
40588261,44.1691,44.9973,436,39842,0.661436,0.33,1,461415,460979,436
40591181,33.6338,32.9995,437,39895,0.652287,0.37,1,461446,461009,437
40594101,29.9268,28.9999,438,39948,0.666457,0.35,1,461475,461037,438
40597021,36.3854,37,437,40001,0.637291,0.35,1,461513,461076,437
40599941,8.87707,9,437,40054,0.631458,0.35,1,461515,461078,437
40602861,33.7754,33.8,437,40107,0.646292,0.35,1,461555,461118,437
40605781,53.9551,6.76,496,40160,0.665258,0.45,1,461614,461118,496
40608701,32.391,45.352,468,40213,0.733052,0.47,1,461641,461173,468
40611621,51.2782,29.8704,498,40266,0.76261,0.47,2,461697,461199,498
40614541,26.2556,48.3741,465,40318,0.800522,0.53,2,461717,461252,465
40617461,44.4511,25.6748,494,40370,0.824104,0.57,2,461766,461272,494
40620381,33.6902,41.135,480,40422,0.860821,0.63,2,461797,461317,480
40623301,21.138,32.227,468,40474,0.884164,0.63,2,461815,461347,468
40626221,45.8276,20.8454,502,40526,0.920833,0.67,2,461867,461365,502
40629141,33.1655,44.1691,482,40578,0.928167,0.65,2,461897,461415,482
40632061,30.6331,33.6338,481,40630,0.929633,0.67,2,461927,461446,481
40830621,48,40,524,44022,0.67,1,1,464281,463757,524
40833541,40.8,50.4,510,44070,0.606,1,1,464320,463810,510
40836461,41.76,37.28,518,44118,0.5132,1,1,464362,463844,518
40839381,36.352,37.856,515,44166,0.46264,1,1,464397,463882,515
40842301,36.0704,32.3712,520,44214,0.500528,1,1,464433,463913,520
40845221,24.8141,28.0742,515,44262,0.492106,1,1,464455,463940,515
40848141,36.1628,28.0148,526,44310,0.490421,0.98,1,464494,463968,526
40851061,23.2326,42.403,500,44358,0.458084,1,1,464514,464014,500
40853981,28.6465,32.4806,500,44406,0.435617,1,1,464544,464044,500
40856901,34.5293,32.8961,503,44454,0.431123,0.94,1,464580,464077,503
40859821,14.9059,31.3792,482,44501,0.398225,0.86,1,464590,464108,482
40862741,26.1812,29.4758,482,44548,0.311645,0.92,1,464619,464137,482
40865661,19.6362,29.0952,471,44595,0.374329,0.72,1,464637,464166,471
40868581,25.5272,33.819,463,44642,0.354866,0.79,1,464664,464201,463
40871501,28.3054,32.3638,460,44689,0.350973,0.67,1,464693,464233,460
40874421,38.4611,44.8728,453,44736,0.254195,0.59,1,464734,464281,453
40877341,35.6922,40.1746,449,44783,0.218839,0.49,1,464769,464320,449
40880261,39.1384,41.6349,447,44830,0.211768,0.45,1,464809,464362,447
40883181,36.6277,36.327,448,44877,0.130354,0.51,1,464845,464397,448
40886101,36.9255,36.0654,449,44924,0.146071,0.49,1,464882,464433,449
40889021,22.5851,24.8131,446,44971,0.101214,0.49,1,464901,464455,446
40891941,34.917,36.1626,445,45018,0.108243,0.45,1,464939,464494,445
40894861,20.5834,23.2325,442,45065,0.109649,0.43,1,464956,464514,442
40897781,29.7167,28.6465,444,45112,0.10993,0.43,1,464988,464544,444
40900701,32.3433,34.5293,441,45159,0.0939859,0.39,1,465021,464580,441
40903621,15.2687,14.9059,442,45206,0.106797,0.29,1,465032,464590,442
40906541,24.6537,26.1812,440,45253,0.0613594,0.39,1,465059,464619,440
40909461,16.9307,19.6362,437,45300,0.0842719,0.35,1,465074,464637,437
40912381,26.5861,25.5272,439,45347,0.152854,0.35,1,465103,464664,439
40915301,27.7172,28.3054,438,45394,0.134571,0.23,1,465131,464693,438
40918221,33.5434,38.4611,432,45440,0.162914,0.21,1,465166,464734,432
40921141,33.1087,35.6922,430,45486,0.168583,0.21,1,465199,464769,430
40924061,37.8217,39.1384,429,45532,0.201717,0.11,1,465238,464809,429
40926981,34.7643,36.6277,427,45578,0.224343,0.15,1,465272,464845,427
40929901,35.7529,36.9255,426,45624,0.292869,0.09,1,465308,464882,426
40932821,22.3506,22.5851,426,45670,0.322574,0.11,1,465327,464901,426
40935741,34.0701,34.917,425,45716,0.344515,0.11,1,465364,464939,425
40938661,20.414,20.5834,425,45762,0.332903,0.11,1,465381,464956,425
40941581,31.2828,29.7167,427,45808,0.314581,0.09,1,465415,464988,427
40944501,31.8566,32.3433,426,45854,0.326916,0.11,1,465447,465021,426
40947421,14.3713,15.2687,425,45900,0.329383,0.05,1,465457,465032,425
40950341,23.6743,24.6537,424,45946,0.329877,0.05,1,465483,465059,424
40953261,17.5349,4.93075,440,45992,0.345975,0.09,1,465499,465059,440
40956181,28.307,12.9861,456,46038,0.381195,0.17,1,465530,465074,456
40959101,28.8614,25.7972,456,46084,0.420239,0.13,1,465559,465103,456
40962021,32.9723,27.5594,462,46130,0.444048,0.17,1,465593,465131,462
40964941,34.5945,33.5119,462,46176,0.46481,0.17,1,465628,465166,462
40967861,38.9189,33.1024,469,46222,0.500962,0.21,1,465668,465199,469
40970781,37.3838,37.8205,467,46268,0.524192,0.23,1,465705,465238,467
40973701,38.6768,34.7641,472,46314,0.544838,0.31,1,465744,465272,472
40976621,22.1354,35.7528,454,46360,0.580968,0.33,1,465762,465308,454
40979541,34.8271,22.3506,473,46405,0.604194,0.35,1,465800,465327,473
40982461,19.7654,34.0701,452,46450,0.608839,0.33,1,465816,465364,452
40985381,31.9531,20.414,470,46495,0.625768,0.31,1,465851,465381,470
40988301,32.7906,31.2828,469,46540,0.661154,0.33,1,465884,465415,469
40991221,14.5581,31.8566,447,46585,0.668231,0.33,1,465894,465447,447
40994141,24.5116,14.3713,464,46630,0.653646,0.33,1,465921,465457,464
40997061,17.7023,23.6743,454,46675,0.682729,0.35,1,465937,465483,454
40999981,30.7405,17.5349,472,46720,0.672546,0.39,1,465971,465499,472
41002901,30.1481,28.307,471,46765,0.702509,0.43,1,466001,465530,471
41005821,34.0296,28.8614,477,46810,0.692502,0.45,1,466036,465559,477
41008741,35.6059,32.9723,479,46855,0.7225,0.47,1,466072,465593,479
41011661,40.7212,34.5945,486,46900,0.7285,0.51,1,466114,465628,486
41014581,38.5442,38.9189,484,46945,0.7297,0.53,1,466152,465668,484
41017501,41.3088,37.3838,489,46990,0.76194,0.55,2,466194,465705,489
41020421,22.6618,38.6768,468,47035,0.768388,0.59,2,466212,465744,468
41023341,35.7324,22.1354,489,47080,0.769678,0.61,2,466251,465762,489
41026261,19.9465,34.8271,467,47125,0.769936,0.61,2,466267,465800,467
41029181,32.7893,19.7654,487,47170,0.785987,0.63,2,466303,465816,487
41032101,34.5579,31.9531,487,47215,0.821197,0.67,2,466338,465851,487
41035021,14.9116,32.7906,464,47260,0.82824,0.67,2,466348,465884,464
41037941,25.3823,14.5581,482,47305,0.845648,0.65,2,466376,465894,482
41040861,17.8765,24.5116,471,47350,0.86513,0.69,2,466392,465921,471
41043781,5.17529,17.7023,457,47395,0.869026,0.67,2,466394,465937,457
41046701,28.2351,30.7405,457,47439,0.885805,0.71,2,466428,465971,457
41049621,29.647,30.1481,457,47483,0.921161,0.69,2,466458,466001,457
41052541,33.9294,34.0296,457,47527,0.928232,0.73,2,466493,466036,457
41055461,36.3859,35.6059,458,47571,0.897646,0.73,2,466530,466072,458
41058381,40.8772,40.7212,458,47615,0.939529,0.73,2,466572,466114,458
41061301,38.5754,38.5442,458,47659,0.915906,0.77,2,466610,466152,458
41064221,42.9151,41.3088,460,47703,0.847181,0.77,2,466654,466194,460
41067141,23.783,22.6618,461,47747,0.849436,0.77,2,466673,466212,461
41070061,35.1566,35.7324,460,47791,0.849887,0.77,2,466711,466251,460
41072981,20.6313,19.9465,461,47835,0.865977,0.79,2,466728,466267,461
41075901,32.9263,32.7893,461,47879,0.901196,0.83,2,466764,466303,461
41078821,36.1853,34.5579,463,47923,0.860239,0.83,2,466801,466338,463
41081741,15.2371,14.9116,463,47967,0.852048,0.85,2,466811,466348,463
41084661,27.0474,25.3823,465,48011,0.88241,0.87,2,466841,466376,465
41087581,19.0095,17.8765,466,48055,0.872482,0.87,2,466858,466392,466
41090501,5.4019,5.17529,466,48099,0.870496,0.89,2,466860,466394,466
41093421,28.2804,28.2351,466,48143,0.870099,0.93,2,466894,466428,466
41096341,29.6561,29.647,466,48187,0.88602,0.93,2,466924,466458,466
41099261,34.7312,33.9294,467,48231,0.889204,0.89,2,466960,466493,467
41102181,35.7462,36.3859,466,48275,0.857841,0.95,2,466996,466530,466
41105101,41.5492,40.8772,467,48319,0.915568,0.91,2,467039,466572,467
41108021,37.1099,38.5754,465,48363,0.895114,0.83,2,467075,466610,465
41110941,41.022,42.9151,463,48407,0.939023,0.85,2,467117,466654,463
41113861,23.4044,23.783,463,48451,0.931805,0.85,2,467136,466673,463
41287601,97,57,513,23451,0.35,1,1,469036,468523,513
41290521,62.6,65.8,499,23541,0.334,0.85,1,469090,468591,499
41293441,73.32,77.96,494,23631,0.2828,0.89,1,469166,468672,494
41296361,76.264,65.192,509,23721,0.36856,0.85,1,469243,468734,509
41299281,37.6528,66.6384,470,23810,0.385712,0.75,1,469271,468801,470
41302201,33.9306,37.3277,473,23899,0.421142,0.69,1,469304,468831,473
41305121,29.9861,36.2655,466,23988,0.444228,0.53,1,469333,468867,466
41308041,52.3972,52.8531,467,24076,0.448846,0.35,1,469391,468924,467
41310961,76.0794,100.171,437,24164,0.529769,0.33,1,469473,469036,437
41313881,58.4159,63.2341,437,24252,0.561954,0.27,1,469527,469090,437
41316801,73.2832,73.4468,438,24339,0.600391,0.39,1,469604,469166,438
41319721,78.6566,76.2894,441,24426,0.688078,0.39,1,469684,469243,441
41322641,38.1313,37.6579,441,24513,0.673616,0.43,1,469712,469271,441
41325561,35.6263,33.9316,443,24599,0.702723,0.45,1,469747,469304,443
41328481,29.5253,29.9863,442,24685,0.740545,0.45,1,469775,469333,442
41331401,54.705,52.3973,445,24771,0.780109,0.55,2,469836,469391,445
41334321,78.141,76.0795,447,24857,0.836022,0.57,2,469920,469473,447
41337241,59.6282,58.4159,448,24942,0.879204,0.61,2,469975,469527,448
41340161,76.7256,73.2832,452,25027,0.871841,0.71,2,470056,469604,452
41343081,81.7451,78.6566,455,25112,0.886368,0.67,2,470139,469684,455
41465721,66,0,569,28439,0.57,1,1,472440,471871,569
41468641,72.4,65.6,561,28513,0.442,1,1,472514,471953,561
41471561,48.88,83.52,516,28587,0.3204,1,1,472557,472041,516
41474481,30.576,42.304,510,28661,0.23208,1,1,472583,472073,510
41477401,32.5152,39.6608,504,28735,0.118416,1,1,472616,472112,504
41480321,64.103,35.9322,541,28809,0.0236832,1,1,472688,472147,541
41483241,76.0206,62.3864,551,28882,0.0767366,1,1,472767,472216,551
41486161,47.2041,74.8773,513,28955,0.0713473,0.87,1,472807,472294,513
41489081,29.4408,53.3755,490,29028,0.0542695,0.85,1,472832,472342,490
41492001,54.6882,36.2751,519,29101,0.0188539,0.57,1,472893,472374,519
41494921,62.1376,60.055,517,29174,0.0437708,0.41,1,472957,472440,517
41497841,41.2275,71.211,479,29247,0.0647542,0.29,1,472993,472514,479
41500761,22.6455,48.6422,454,29319,0.0689508,0.21,1,473011,472557,454
41503681,27.7291,30.5284,457,29391,0.13379,0.09,1,473040,472583,457
41506601,63.1458,32.5057,496,29463,0.026758,0,1,473112,472616,496
41509521,76.6292,64.1011,504,29535,0.0613516,0.09,1,473192,472688,504
41512441,44.9258,76.0202,462,29607,0.0842703,0.07,1,473229,472767,462
41515361,29.7852,47.204,448,29678,0.0888541,0.05,1,473255,472807,448
41518281,54.757,29.4408,484,29749,0.0737708,0.01,1,473316,472832,484
41521201,62.1514,54.6882,487,29820,0.0867542,0.05,1,473380,472893,487
41524121,14.0303,62.1376,425,29891,0.0893508,0.07,1,473382,472957,425
41527041,31.6061,41.2275,425,29962,0.15387,0.07,1,473418,472993,425
41529961,20.7212,22.6455,425,30033,0.166774,0.15,1,473436,473011,425
41532881,30.5442,27.7291,429,30103,0.169355,0,1,473469,473040,429
41535801,59.7089,63.1458,424,30173,0.185871,0.07,1,473536,473112,424
41538721,75.9418,76.6292,424,30243,0.205174,0.09,1,473616,473192,424
41541641,46.3884,44.9258,426,30313,0.241035,0.09,1,473655,473229,426
41544561,30.0777,29.7852,426,30383,0.248207,0.07,1,473681,473255,426
41547481,52.4155,54.757,423,30453,0.249641,0.09,1,473739,473316,423
41550401,64.0831,62.1514,426,30522,0.281928,0.09,1,473806,473380,426
41553321,14.4166,14.0303,426,30591,0.320386,0.17,1,473808,473382,426
41556241,33.2833,31.6061,428,30660,0.344077,0.17,1,473846,473418,428
41559161,21.0567,20.7212,428,30729,0.348815,0.17,1,473864,473436,428
41562081,30.6113,30.5442,428,30798,0.365763,0.19,1,473897,473469,428
41565001,61.3223,59.7089,430,30867,0.385153,0.21,1,473966,473536,430
41567921,76.2645,75.9418,430,30936,0.405031,0.25,1,474046,473616,430
41570841,48.0529,46.3884,432,31004,0.441006,0.25,1,474087,473655,432
41573761,31.2106,30.0777,433,31072,0.448201,0.25,1,474114,473681,433
41576681,54.2421,52.4155,435,31140,0.49764,0.29,1,474174,473739,435
41579601,66.8484,64.0831,438,31208,0.507528,0.33,1,474244,473806,438
41582521,14.9697,14.4166,438,31276,0.509506,0.33,1,474246,473808,438
41585441,33.3939,2.88332,476,31344,0.541901,0.35,1,474284,473808,476
41588361,21.0788,30.9767,456,31412,0.56438,0.35,1,474302,473846,456
41591281,29.8158,20.5953,470,31479,0.584876,0.37,1,474334,473864,470
41594201,61.9632,30.5191,507,31546,0.588975,0.39,1,474404,473897,507
41597121,79.5926,61.3038,522,31613,0.573795,0.41,1,474488,473966,522
41600041,47.9185,76.2608,482,31680,0.602759,0.45,1,474528,474046,482
41602961,32.7837,48.0522,470,31747,0.592552,0.45,1,474557,474087,470
41605881,56.9567,31.2104,506,31814,0.57451,0.51,1,474620,474114,506
41608801,67.3913,54.2421,516,31881,0.634902,0.51,1,474690,474174,516
41611721,15.0783,66.8484,448,31947,0.64698,0.51,1,474692,474244,448
41614641,35.8157,14.9697,487,32013,0.649396,0.55,1,474733,474246,487
41617561,21.5631,33.3939,467,32079,0.649879,0.57,1,474751,474284,467
41620481,30.7126,21.0788,482,32145,0.649976,0.59,1,474784,474302,482
41623401,62.9425,29.8158,521,32211,0.665995,0.59,1,474855,474334,521
41626321,79.7885,61.9632,535,32277,0.733199,0.57,1,474939,474404,535
41629241,47.9577,79.5926,491,32343,0.76264,0.61,2,474979,474488,491
41632161,31.9915,47.9185,479,32408,0.768528,0.59,2,475007,474528,479
41635081,56.7983,32.7837,513,32473,0.785706,0.57,2,475070,474557,513
41638001,70.5597,56.9567,524,32538,0.821141,0.65,2,475144,474620,524
41640921,15.7119,67.3913,456,32603,0.796228,0.65,2,475146,474690,456
41643841,35.1424,15.0783,494,32668,0.791246,0.65,2,475186,474692,494
41646761,21.4285,35.8157,471,32733,0.790249,0.65,2,475204,474733,471
41649681,5.8857,21.5631,455,32798,0.79005,0.65,2,475206,474751,455
41652601,26.7771,30.7126,454,32862,0.87001,0.67,2,475238,474784,454
41655521,62.9554,62.9425,455,32926,0.870002,0.75,2,475310,474855,455
41658441,82.9911,79.7885,459,32990,0.902,0.77,2,475398,474939,459
41830721,37,35,502,36580,0.27,1,1,477889,477387,502
41833641,26.6,34.2,492,36638,0.254,1,1,477913,477421,492
41836561,73.32,78.84,487,36696,0.0588,1,1,477998,477511,487
41839481,39.464,45.368,481,36754,0.01976,1,1,478029,477548,481
41842401,55.8928,45.8736,495,36811,0.011952,1,1,478089,477594,495
41845321,34.3786,38.7747,487,36868,0.0263904,0.94,1,478118,477631,487
41848241,26.8757,34.9549,478,36925,0.0292781,0.83,1,478143,477665,478
41851161,18.9751,25.391,472,36982,0.0458556,0.94,1,478160,477688,472
41854081,16.595,21.8782,467,37039,0.0331711,0.95,1,478176,477709,467
41857001,28.919,33.9756,462,37096,0.0146342,0.81,1,478208,477746,462
41859921,28.1838,36.3951,453,37153,0.0429268,0.81,1,478236,477783,453
41862841,50.4368,7.27903,509,37210,0.0325854,0.37,1,478292,477783,509
41865761,34.8874,56.6558,471,37267,0.0305171,0.27,1,478323,477852,471
41868681,20.5775,40.9312,451,37324,0.0621034,0.25,1,478340,477889,451
41871601,67.3155,27.3862,506,37381,0.0124207,0.01,1,478419,477913,506
41874521,38.2631,73.4772,452,37438,0.0264841,0.01,1,478450,477998,452
41877441,56.4526,39.4954,482,37494,0.00529683,0.01,1,478511,478029,482
41880361,33.6905,55.8991,450,37550,0.0570594,0.03,1,478539,478089,450
41883281,28.3381,34.3798,448,37606,0.0514119,0.03,1,478566,478118,448
41886201,18.4676,26.876,439,37662,0.0342824,0.05,1,478582,478143,439
41889121,15.6935,18.9752,437,37718,0.0628565,0.03,1,478597,478160,437
41892041,28.7387,16.595,453,37774,0.100571,0.01,1,478629,478176,453
41894961,28.1477,28.919,449,37830,0.0921143,0.05,1,478657,478208,449
41897881,52.8295,28.1838,480,37886,0.0424229,0.03,1,478716,478236,480
41900801,35.3659,50.4368,455,37942,0.0484846,0.03,1,478747,478292,455
41903721,19.8732,34.8874,440,37998,0.0656969,0.07,1,478763,478323,440
41906641,67.1746,20.5775,502,38054,0.0131394,0,1,478842,478340,502
41909561,36.6349,67.3155,452,38110,0.00262788,0.03,1,478871,478419,452
41912481,57.727,38.2631,484,38165,0.0245256,0,1,478934,478450,484
41915401,33.1454,56.4526,450,38220,0.0609051,0.07,1,478961,478511,450
41918321,28.2291,33.6905,449,38275,0.020181,0.05,1,478988,478539,449
41921241,20.8458,28.3381,441,38330,0.0120362,0.03,1,479007,478566,441
41924161,16.1692,18.4676,440,38385,0.0424072,0.07,1,479022,478582,440
41927081,30.4338,15.6935,459,38440,0.0164814,0.11,1,479056,478597,459
41930001,26.8868,28.7387,453,38495,0.0272963,0.09,1,479082,478629,453
41932921,50.1774,28.1477,481,38550,0.0614593,0.03,1,479138,478657,481
41935841,35.6355,52.8295,454,38605,0.100292,0.05,1,479170,478716,454
41938761,8.72709,35.3659,425,38660,0.108058,0.07,1,479172,478747,425
41941681,12.9454,19.8732,423,38715,0.109612,0,1,479186,478763,423
41944601,65.7891,67.1746,423,38770,0.0219223,0,1,479265,478842,423
41947521,35.5578,36.6349,422,38824,0.0283845,0.03,1,479293,478871,422
41950441,59.1116,57.727,424,38878,0.0136769,0.07,1,479358,478934,424
41953361,34.2223,33.1454,425,38932,0.0107354,0.01,1,479386,478961,425
41956281,26.8445,28.2291,423,38986,0.0421471,0.01,1,479411,478988,423
41959201,20.5689,20.8458,423,39040,0.0324294,0.05,1,479430,479007,423
41962121,15.3138,16.1692,422,39094,0.0464859,0.01,1,479444,479022,422
41965041,30.2628,30.4338,422,39148,0.0492972,0.03,1,479478,479056,422
41967961,29.2526,26.8868,425,39202,0.0178594,0.07,1,479507,479082,425
41970881,50.6505,50.1774,425,39256,0.139572,0.11,1,479563,479138,425
41973801,37.3301,35.6355,427,39310,0.211914,0.11,1,479597,479170,427
41976721,9.06602,8.72709,427,39364,0.226383,0.11,1,479599,479172,427
41979641,13.0132,12.9454,427,39418,0.197277,0,1,479613,479186,427
41982561,61.8026,65.7891,422,39472,0.111455,0.03,1,479687,479265,422
41985481,34.7605,35.5578,422,39526,0.126291,0.01,1,479715,479293,422
41988401,58.9521,59.1116,422,39579,0.0332582,0.01,1,479780,479358,422
41991321,34.9904,34.2223,423,39632,0.0306516,0.05,1,479809,479386,423
41994241,26.1981,26.8445,422,39685,0.0461303,0.03,1,479833,479411,422
41997161,20.4396,20.5689,422,39738,0.0332261,0.05,1,479852,479430,422
42000081,15.2879,15.3138,422,39791,0.0146452,0.05,1,479866,479444,422
42003001,30.2576,30.2628,422,39844,0.026929,0.01,1,479900,479478,422
42005921,30.0515,29.2526,423,39897,0.0293858,0.17,1,479930,479507,423
42008841,55.6103,50.6505,429,39950,0.125877,0.23,1,479992,479563,429
42011761,39.9221,37.3301,431,40003,0.161175,0.23,1,480028,479597,431
42014681,9.58441,9.06602,431,40056,0.200235,0.19,1,480030,479599,431
42017601,13.1169,13.0132,431,40109,0.208047,0.19,1,480044,479613,431
42020521,56.2234,2.60264,498,40162,0.225609,0.09,1,480111,479613,498
42023441,31.2447,59.7205,449,40215,0.261122,0.13,1,480136,479687,449
42026361,58.2489,34.3441,486,40268,0.204224,0.01,1,480201,479715,486
42029281,34.8498,58.8688,450,40320,0.176845,0.03,1,480230,479780,450
42032201,26.17,34.9738,445,40372,0.155369,0.05,1,480254,479809,445
42035121,20.434,26.1948,440,40424,0.135074,0.03,1,480273,479833,440
42038041,15.2868,20.439,435,40476,0.131015,0.01,1,480287,479852,435
42040961,30.2574,15.2878,455,40528,0.098203,0.03,1,480321,479866,455
42043881,30.0515,30.2576,451,40580,0.0756406,0.03,1,480351,479900,451
42046801,61.2103,30.0515,490,40632,0.103128,0.15,1,480420,479930,490
42049721,41.8421,55.6103,465,40684,0.108626,0.17,1,480457,479992,465
42052641,9.96841,39.9221,431,40736,0.109725,0.21,1,480459,480028,431
42055561,13.9937,9.58441,444,40788,0.125945,0.21,1,480474,480030,444
42058481,59.5987,13.1169,501,40840,0.129189,0.23,1,480545,480044,501
42061401,34.3197,56.2234,462,40892,0.193838,0.27,1,480573,480111,462
42064321,51.6639,31.2447,493,40944,0.190768,0.19,1,480629,480136,493
42067241,33.5328,58.2489,457,40996,0.206154,0.17,1,480658,480201,457
42070161,25.9066,34.8498,452,41047,0.209231,0.15,1,480682,480230,452
42073081,19.5813,26.17,446,41098,0.209846,0.13,1,480700,480254,446
42076001,15.1163,20.434,441,41149,0.209969,0.13,1,480714,480273,441
42078921,27.0233,15.2868,457,41200,0.209994,0.09,1,480744,480287,457
42081841,28.6047,30.2574,452,41251,0.225999,0.07,1,480773,480321,452
42084761,64.9209,30.0515,496,41302,0.1972,0.11,1,480847,480351,496
42087681,41.7842,61.2103,463,41353,0.19144,0.11,1,480883,480420,463
42090601,9.95684,41.8421,428,41404,0.190288,0.11,1,480885,480457,428
42093521,14.7914,9.96841,442,41455,0.190058,0.13,1,480901,480459,442
42096441,60.5583,13.9937,499,41506,0.254012,0.13,1,480973,480474,499
42099361,13.7117,59.5987,430,41557,0.234802,0.21,1,480975,480545,430
42102281,25.1423,34.3197,430,41608,0.27896,0.19,1,481003,480573,430
42105201,50.6285,51.6639,431,41659,0.303792,0.21,1,481060,480629,431
42108121,34.1257,33.5328,432,41710,0.324758,0.21,1,481090,480658,432
42111041,26.0251,25.9066,432,41761,0.312952,0.21,1,481114,480682,432
42113961,19.605,19.5813,432,41812,0.34259,0.21,1,481132,480700,432
42116881,15.121,15.1163,432,41862,0.348518,0.21,1,481146,480714,432
42119801,27.0242,27.0233,432,41912,0.317704,0.23,1,481176,480744,432
42122721,29.4048,28.6047,433,41962,0.311541,0.19,1,481206,480773,433
42125641,63.481,64.9209,431,42012,0.326308,0.19,1,481278,480847,431
42128561,41.4962,41.7842,431,42062,0.329262,0.19,1,481314,480883,431
42131481,9.89924,9.95684,431,42112,0.329852,0.19,1,481316,480885,431
42134401,15.5798,14.7914,432,42162,0.31397,0.27,1,481333,480901,432
42137321,61.516,60.5583,433,42212,0.390794,0.23,1,481406,480973,433
42140241,13.9032,13.7117,433,42262,0.406159,0.29,1,481408,480975,433
42143161,26.7806,25.1423,435,42312,0.409232,0.31,1,481438,481003,435
42146081,51.7561,50.6285,436,42362,0.473846,0.33,1,481496,481060,436
42149001,35.1512,34.1257,437,42412,0.486769,0.31,1,481527,481090,437
42151921,26.2302,26.0251,437,42462,0.489354,0.35,1,481551,481114,437
42154841,19.646,19.605,437,42512,0.489871,0.35,1,481569,481132,437
42157761,15.1292,15.121,437,42562,0.457974,0.31,1,481583,481146,437
42160681,27.0258,27.0242,437,42612,0.483595,0.31,1,481613,481176,437
42163601,29.4052,29.4048,437,42662,0.504719,0.33,1,481643,481206,437
42166521,62.681,63.481,436,42711,0.492944,0.33,1,481714,481278,436
42169441,41.3362,41.4962,436,42760,0.506589,0.33,1,481750,481314,436
42172361,9.86724,9.89924,436,42809,0.509318,0.31,1,481752,481316,436
42175281,16.3734,15.5798,437,42858,0.509864,0.41,1,481770,481333,437
42178201,64.0747,61.516,440,42907,0.573973,0.41,1,481846,481406,440
42181121,14.4149,13.9032,440,42956,0.618795,0.41,1,481848,481408,440
42184041,28.483,26.7806,442,43005,0.643759,0.41,1,481880,481438,442
42186961,52.8966,5.35613,501,43054,0.664752,0.49,1,481939,481438,501
42189881,35.3793,47.4712,474,43103,0.71695,0.49,1,481970,481496,474
42192801,26.2759,34.2942,467,43152,0.74339,0.49,1,481994,481527,467
42195721,19.6552,26.0588,461,43201,0.748678,0.49,1,482012,481551,461
42198641,15.131,19.6118,457,43250,0.749736,0.45,1,482026,481569,457
42201561,27.8262,15.1224,474,43299,0.781947,0.49,2,482057,481583,474
42204481,29.5652,27.0245,474,43348,0.788389,0.51,2,482087,481613,474
42207401,62.713,29.4049,515,43397,0.789678,0.49,2,482158,481643,515
42210321,41.3426,62.681,480,43446,0.821936,0.51,2,482194,481714,480
42213241,9.86852,41.3362,446,43495,0.828387,0.51,2,482196,481750,446
42216161,17.9737,9.86724,464,43544,0.845677,0.51,2,482216,481752,464
42219081,67.5947,16.3734,526,43592,0.913135,0.59,2,482296,481770,526
42222001,15.1189,64.0747,452,43640,0.926627,0.63,2,482298,481846,452
42224921,29.4238,14.4149,483,43688,0.913325,0.65,2,482331,481848,483
42227841,56.2848,28.483,514,43736,0.910665,0.67,2,482394,481880,514
42230761,38.457,52.8966,489,43784,0.878133,0.73,2,482428,481939,489
42233681,26.8914,35.3793,482,43832,0.919627,0.75,2,482452,481970,482
42236601,19.7783,26.2759,476,43880,0.927925,0.75,2,482470,481994,476
42239521,15.1557,19.6552,472,43928,0.945585,0.75,2,482484,482012,472
42455601,37,27,527,47352,0.75,1,2,484919,484392,527
42458521,36.2,26.2,537,47397,0.766,1,2,484955,484418,537
42461441,31.24,33.24,532,47441,0.7212,1,1,484985,484453,532
42511081,402.248,461.848,458,21900,0.18424,0.63,1,485480,485022,458
42514001,125.25,138.77,456,21997,0.124848,0.49,1,485536,485080,456
42516921,85.0499,70.9539,477,22093,0.0489696,0.17,1,485611,485134,477
42519841,66.61,78.1908,459,22189,0.0977939,0.01,1,485673,485214,459
42522761,65.322,73.2382,452,22285,0.0755588,0.03,1,485738,485286,452
42525681,61.8644,64.2476,451,22380,0.119112,0.03,1,485799,485348,451
42528601,62.7729,84.8495,424,22475,0.0638224,0.05,1,485862,485438,424
42531521,28.5546,26.5699,432,22569,0.0687645,0.05,1,485882,485450,432
42534441,68.1109,29.314,480,22663,0.0697529,0.11,1,485960,485480,480
42537361,74.4222,50.6628,500,22757,0.117951,0.03,1,486036,485536,500
42540281,63.6844,70.1326,486,22850,0.17559,0.11,1,486097,485611,486
42543201,64.7369,63.6265,489,22943,0.171118,0.07,1,486162,485673,489
42546121,64.1474,64.7253,488,23035,0.170224,0.13,1,486226,485738,488
42549041,60.8295,61.7451,487,23127,0.138045,0.05,1,486286,485799,487
42551961,28.9659,62.749,445,23219,0.179609,0.07,1,486307,485862,445
42554881,67.3932,28.5498,502,23310,0.139922,0.07,1,486384,485882,502
42557801,76.6786,68.11,503,23401,0.179984,0.13,1,486463,485960,503
42560721,66.5357,74.422,491,23492,0.203997,0.19,1,486527,486036,491
42563641,65.3071,63.6844,495,23582,0.192799,0.17,1,486592,486097,495
42566561,65.0614,64.7369,495,23672,0.23856,0.17,1,486657,486162,495
42569481,59.4123,64.1474,489,23762,0.215712,0.13,1,486715,486226,489
42572401,29.4825,60.8295,451,23851,0.227142,0.19,1,486737,486286,451
42575321,65.0965,28.9659,504,23940,0.245428,0.13,1,486811,486307,504
42578241,14.6193,67.3932,429,24029,0.249086,0.19,1,486813,486384,429
42581161,67.7239,76.6786,431,24117,0.377817,0.21,1,486894,486463,431
42584081,65.5448,66.5357,432,24205,0.435563,0.19,1,486959,486527,432
42587001,65.909,65.3071,433,24293,0.431113,0.25,1,487025,486592,433
42589921,64.3818,65.0614,432,24380,0.414223,0.21,1,487089,486657,432
42592841,59.2764,59.4123,432,24467,0.442845,0.23,1,487147,486715,432
42595761,30.2553,29.4825,433,24554,0.464569,0.25,1,487170,486737,433
42598681,66.8511,65.0965,435,24640,0.484914,0.25,1,487246,486811,435
42601601,14.9702,14.6193,435,24726,0.488983,0.41,1,487248,486813,435
42604521,72.594,67.7239,441,24812,0.505797,0.45,1,487335,486894,441
42607441,67.3188,65.5448,442,24897,0.477159,0.43,1,487401,486959,442
42610361,67.0638,65.909,443,24982,0.535432,0.41,1,487468,487025,443
42613281,63.8128,64.3818,442,25067,0.531086,0.45,1,487531,487089,442
42616201,60.7625,59.2764,444,25152,0.578217,0.47,1,487591,487147,444
42619121,32.1525,30.2553,446,25236,0.587643,0.49,1,487616,487170,446
42622041,65.6305,66.8511,444,25320,0.637529,0.49,1,487690,487246,444
42624961,14.7261,14.9702,444,25404,0.647506,0.51,1,487692,487248,444
42627881,73.3452,72.594,445,25487,0.665501,0.51,1,487780,487335,445
42630801,66.669,14.5188,510,25570,0.7331,0.47,1,487845,487335,510
42633721,68.5338,55.7038,513,25653,0.77862,0.55,2,487914,487401,513
42636641,63.3068,64.7408,508,25736,0.819724,0.53,2,487976,487468,508
42639561,63.0614,63.3482,508,25818,0.859945,0.59,2,488039,487531,508
42642481,34.2123,60.6696,475,25900,0.883989,0.59,2,488066,487591,475
42645401,66.8425,32.1339,525,25982,0.920798,0.65,2,488141,487616,525
42648321,14.9685,65.6268,453,26064,0.92816,0.65,2,488143,487690,453
42759281,29,63,514,28992,0.84,1,2,490244,489730,514
42762201,32.2,40.6,512,29065,0.8,1,2,490277,489765,512
42765121,60.84,41.72,538,29138,0.808,1,2,490345,489807,538
42768041,41.768,49.944,523,29211,0.7616,1,2,490382,489859,523
42770961,59.5536,63.5888,520,29283,0.72032,1,1,490446,489926,520
42773881,55.1107,39.9178,540,29355,0.680064,1,1,490500,489960,540
42776801,39.0221,67.1836,501,29427,0.752013,1,2,490535,490034,501
42779721,63.0044,38.2367,539,29499,0.734403,0.96,1,490604,490065,539
42782641,73.4009,65.2473,543,29571,0.714881,0.89,1,490680,490137,543
42785561,33.8802,75.4495,489,29643,0.726976,0.84,1,490704,490215,489
42788481,32.376,38.2899,492,29714,0.697395,0.79,1,490736,490244,492
42791401,62.4752,34.058,529,29785,0.787479,0.81,2,490806,490277,529
42794321,14.095,61.2116,463,29856,0.805496,0.75,2,490808,490345,463
42797241,26.019,41.8423,455,29927,0.841099,0.71,2,490837,490382,455
42800161,60.4038,59.5685,460,29998,0.89622,0.67,2,490906,490446,460
42803081,54.4808,55.1137,459,30069,0.923244,0.77,2,490959,490500,459
42806001,38.0962,39.0227,458,30139,0.928649,0.73,2,490993,490535,458
42808921,62.8192,63.0045,458,30209,0.88173,0.71,2,491062,490604,458
42914041,42,27,513,32635,0.71,1,1,492750,492237,513
42916961,36.4,30.2,517,32700,0.63,1,1,492785,492268,517
42919881,59.28,42.84,536,32765,0.598,1,1,492850,492314,536
42922801,38.256,47.768,520,32830,0.5916,1,1,492883,492363,520
42925721,32.4512,41.5536,511,32894,0.54232,1,1,492914,492403,511
42928641,25.6902,54.7107,477,32958,0.532464,1,1,492938,492461,477
42931561,80.3381,84.5421,479,33022,0.466493,0.98,1,493032,492553,479
42934481,35.2676,40.9084,473,33086,0.421299,1,1,493056,492583,473
42937401,20.6535,28.1817,465,33150,0.47626,0.85,1,493073,492608,465
42940321,52.1307,52.0363,467,33214,0.407252,0.79,1,493133,492666,467
42943241,37.6261,44.0073,459,33278,0.36145,0.71,1,493167,492708,459
42946161,38.7252,42.4015,456,33342,0.35229,0.61,1,493206,492750,456
42949081,31.745,36.4803,451,33405,0.318458,0.59,1,493236,492785,451
42952001,59.149,59.2961,452,33468,0.231692,0.59,1,493302,492850,452
42954921,36.6298,38.2592,450,33531,0.230338,0.53,1,493333,492883,450
42957841,32.126,32.4518,450,33594,0.278068,0.53,1,493364,492914,450
42960761,24.0252,25.6904,448,33657,0.271614,0.45,1,493386,492938,448
42963681,75.205,80.3381,442,33720,0.366323,0.41,1,493474,493032,442
42966601,34.241,35.2676,442,33783,0.417265,0.49,1,493498,493056,442
42969521,19.6482,20.6535,441,33846,0.411453,0.39,1,493514,493073,441
42972441,49.5296,52.1307,438,33908,0.426291,0.35,1,493571,493133,438
42975361,35.5059,37.6261,436,33970,0.429258,0.35,1,493603,493167,436
42978281,39.1012,38.7252,437,34032,0.429852,0.31,1,493643,493206,437
42981201,29.4202,31.745,434,34094,0.44597,0.21,1,493670,493236,434
42984121,55.484,59.149,430,34156,0.497194,0.23,1,493732,493302,430
42987041,37.4968,36.6298,432,34218,0.507439,0.23,1,493765,493333,432
42989961,33.8994,7.32596,465,34280,0.573488,0.29,1,493798,493333,465
42992881,24.3799,26.2652,456,34342,0.570698,0.27,1,493820,493364,456
42995801,78.476,22.853,526,34404,0.58614,0.39,1,493912,493386,526
42998721,37.2952,74.9706,465,34465,0.573228,0.43,1,493939,493474,465
43001641,18.659,34.1941,455,34526,0.602646,0.41,1,493953,493498,455
43004561,51.7318,19.6388,499,34587,0.640529,0.43,1,494013,493514,499
43007481,34.3464,49.5278,472,34648,0.648106,0.43,1,494043,493571,472
43010401,40.4693,35.5056,482,34709,0.665621,0.43,1,494085,493603,482
43013321,28.8939,39.1011,468,34770,0.669124,0.45,1,494111,493643,468
43016241,57.7788,29.4202,506,34831,0.685825,0.51,1,494176,493670,506
43019161,37.9558,55.484,477,34892,0.705165,0.51,1,494209,493732,477
43022081,37.9911,37.4968,482,34953,0.709033,0.59,1,494247,493765,482
43025001,25.9982,33.8994,472,35013,0.693807,0.57,1,494270,493798,472
43027921,78.7996,24.3799,542,35073,0.834761,0.59,2,494362,493820,542
43030841,38.1599,78.476,478,35133,0.862952,0.57,2,494390,493912,478
43033761,18.832,37.2952,465,35193,0.86859,0.61,2,494404,493939,465
43036681,53.3664,18.659,513,35253,0.853718,0.65,2,494466,493953,513
43039601,34.6733,51.7318,483,35313,0.850744,0.65,2,494496,494013,483
43042521,41.3347,34.3464,496,35373,0.834149,0.67,2,494539,494043,496
43045441,29.0669,40.4693,480,35433,0.83083,0.67,2,494565,494085,480
43048361,58.6134,28.8939,520,35493,0.846166,0.69,2,494631,494111,520
43051281,39.7227,57.7788,490,35553,0.833233,0.71,2,494666,494176,490
43054201,37.5445,37.9558,494,35612,0.830647,0.71,2,494703,494209,494
43057121,26.7089,37.9911,480,35671,0.846129,0.69,2,494727,494247,480
43060041,6.94178,25.9982,459,35730,0.849226,0.87,2,494729,494270,459
43208961,31,28,512,38630,0.81,1,2,496790,496278,512
43211881,31,29.6,513,38685,0.762,1,2,496821,496308,513
43214801,29.4,40.32,499,38740,0.7204,1,1,496850,496351,499
43217721,26.68,35.264,491,38795,0.74408,1,1,496876,496385,491
43220641,32.536,43.8528,479,38849,0.716816,1,1,496910,496431,479
43223561,36.1072,35.9706,482,38903,0.663363,1,1,496947,496465,482
43226481,41.6214,37.5941,487,38957,0.508673,1,1,496990,496503,487
43229401,45.9243,52.3188,478,39011,0.493735,1,1,497037,496559,478
43232321,37.1849,39.2638,477,39065,0.362747,1,1,497072,496595,477
43235241,29.037,30.2528,476,39119,0.288549,1,1,497099,496623,476
43238161,19.4074,22.8506,472,39173,0.24171,0.87,1,497116,496644,472
43241081,62.2815,62.1701,473,39227,0.152342,0.89,1,497189,496716,473
43244001,38.8563,46.834,463,39281,0.102468,0.81,1,497222,496759,463
43246921,31.7713,34.1668,462,39335,0.0284937,0.75,1,497252,496790,462
43249841,31.9543,31.6334,463,39389,0.0616987,0.71,1,497284,496821,463
43252761,27.1909,29.5267,460,39443,0.11634,0.75,1,497310,496850,460
43255681,23.8382,26.7053,457,39497,0.143268,0.71,1,497333,496876,457
43258601,31.1676,32.5411,456,39550,0.100654,0.65,1,497366,496910,456
43261521,31.8335,36.1082,451,39603,0.124131,0.47,1,497398,496947,451
43264441,36.7667,41.6216,446,39656,0.128826,0.49,1,497436,496990,446
43267361,39.3533,45.9243,439,39709,0.161765,0.33,1,497476,497037,439
43270281,33.4707,37.1849,436,39762,0.184353,0.27,1,497508,497072,436
43273201,25.8941,29.037,433,39815,0.156871,0.23,1,497532,497099,433
43276121,17.1788,19.4074,431,39868,0.167374,0.13,1,497547,497116,431
43279041,58.6358,62.2815,427,39921,0.169475,0.09,1,497616,497189,427
43281961,35.7272,38.8563,424,39974,0.169895,0.01,1,497646,497222,424
43284881,29.5454,31.7713,422,40027,0.185979,0.07,1,497674,497252,422
43287801,33.1091,31.9543,424,40080,0.189196,0.07,1,497708,497284,424
43290721,27.4218,6.39085,450,40133,0.205839,0.13,1,497734,497284,450
43293641,23.8844,22.0782,447,40186,0.257168,0.15,1,497757,497310,447
43296561,32.7769,22.8156,459,40239,0.267434,0.09,1,497792,497333,459
43299481,32.1554,30.9631,458,40291,0.221487,0.13,1,497824,497366,458
43302401,36.8311,31.7926,464,40343,0.244297,0.13,1,497862,497398,464
43305321,42.5662,36.7585,470,40395,0.296859,0.17,1,497906,497436,470
43308241,30.9132,39.3517,458,40447,0.323372,0.19,1,497934,497476,458
43311161,28.5826,33.4703,454,40499,0.328674,0.15,1,497962,497508,454
43314081,16.9165,25.8941,444,40551,0.329735,0.17,1,497976,497532,444
43317001,58.5833,17.1788,498,40603,0.345947,0.17,1,498045,497547,498
43319921,35.7167,58.6358,459,40655,0.365189,0.17,1,498075,497616,459
43322841,30.3433,35.7272,458,40707,0.385038,0.19,1,498104,497646,458
43325761,31.6687,29.5454,462,40759,0.405008,0.19,1,498136,497674,462
43328681,31.1337,33.1091,459,40811,0.409001,0.21,1,498167,497708,459
43331601,24.6267,27.4218,456,40863,0.4418,0.27,1,498190,497734,456
43334521,32.1253,23.8844,467,40915,0.43236,0.27,1,498224,497757,467
43337441,32.8251,32.7769,465,40967,0.446472,0.21,1,498257,497792,465
43340361,36.965,32.1554,471,41019,0.465294,0.25,1,498295,497824,471
43343281,45.793,36.8311,481,41070,0.517059,0.31,1,498343,497862,481
43346201,31.5586,42.5662,465,41121,0.559412,0.33,1,498371,497906,465
43349121,28.7117,30.9132,465,41172,0.567882,0.33,1,498399,497934,465
43352041,16.9423,28.5826,451,41223,0.569577,0.33,1,498413,497962,451
43354961,59.3885,16.9165,507,41274,0.569915,0.35,1,498483,497976,507
43357881,36.6777,58.5833,469,41325,0.553983,0.37,1,498514,498045,469
43360801,32.1355,35.7167,470,41376,0.534797,0.39,1,498545,498075,470
43363721,32.0271,30.3433,473,41427,0.546959,0.41,1,498577,498104,473
43366641,31.2054,31.6687,472,41478,0.549392,0.41,1,498608,498136,472
43369561,24.6411,31.1337,464,41529,0.533878,0.45,1,498631,498167,464
43372481,6.52822,24.6267,443,41580,0.530776,0.43,1,498633,498190,443
43375401,28.5056,32.1253,443,41631,0.562155,0.45,1,498667,498224,443
43378321,32.9011,32.8251,444,41682,0.616431,0.47,1,498701,498257,444
43381241,37.7802,36.965,445,41733,0.643286,0.53,1,498740,498295,445
43384161,48.356,45.793,448,41784,0.680657,0.57,1,498791,498343,448
43387081,33.6712,31.5586,450,41835,0.688132,0.57,1,498821,498371,450
43390001,29.1342,28.7117,450,41885,0.705626,0.57,1,498849,498399,450
43392921,17.0268,16.9423,450,41935,0.757125,0.57,2,498863,498413,450
43395841,59.4054,59.3885,450,41985,0.751425,0.55,2,498933,498483,450
43398761,35.8811,36.6777,449,42035,0.750285,0.53,2,498963,498514,449
43401681,31.1762,32.1355,448,42085,0.782057,0.55,2,498993,498545,448
43404601,33.4352,32.0271,450,42135,0.756411,0.55,2,499027,498577,450
43407521,30.687,31.2054,449,42185,0.767282,0.53,2,499057,498608,449
43410441,24.5374,24.6411,449,42235,0.753456,0.53,2,499080,498631,449
43413361,6.50748,6.52822,449,42285,0.750691,0.57,2,499082,498633,449
43416281,30.1015,28.5056,451,42335,0.766138,0.63,2,499118,498667,451
43419201,34.8203,32.9011,453,42385,0.801228,0.65,2,499154,498701,453
43422121,38.9641,37.7802,454,42435,0.840245,0.69,2,499194,498740,454
43425041,48.5928,48.356,454,42485,0.864049,0.69,2,499245,498791,454
43427961,35.3186,33.6712,456,42535,0.83681,0.71,2,499277,498821,456
43430881,31.0637,29.1342,458,42585,0.879362,0.77,2,499307,498849,458
43433801,17.4127,17.0268,458,42635,0.855872,0.75,2,499321,498863,458
43436721,60.2825,59.4054,459,42684,0.899175,0.75,2,499392,498933,459
43439641,36.0565,35.8811,459,42733,0.875835,0.79,2,499422,498963,459
43442561,31.2113,31.1762,459,42782,0.903167,0.75,2,499452,498993,459
43445481,32.6423,33.4352,458,42831,0.892633,0.77,2,499485,499027,458
43448401,30.5285,30.687,458,42880,0.922527,0.75,2,499515,499057,458
43451321,23.7057,24.5374,457,42929,0.896505,0.75,2,499537,499080,457
43454241,6.34114,6.50748,457,42978,0.891301,0.77,2,499539,499082,457
43457161,32.4682,30.1015,460,43027,0.95426,0.77,2,499578,499118,460
43684921,89,83,484,21370,0.01,0.53,1,502259,501775,484
43687841,75.4,71,488,21469,0.058,0.27,1,502331,501843,488
43690761,68.68,80.6,472,21568,0.0996,0.23,1,502398,501926,472
43693681,64.136,68.92,469,21666,0.12392,0.03,1,502461,501992,469
43696601,39.2272,76.984,423,21764,0.176784,0.05,1,502494,502071,423
43699521,38.2454,31.3968,441,21861,0.0913568,0.01,1,502532,502091,441
43702441,55.6491,69.4794,422,21958,0.122271,0.01,1,502592,502170,422
43705361,83.1298,85.0959,423,22055,0.128454,0.07,1,502682,502259,423
43708281,75.826,74.6192,425,22151,0.193691,0.11,1,502756,502331,425
43711201,70.3652,68.5238,427,22247,0.238738,0.13,1,502825,502398,427
43714121,66.873,64.1048,430,22342,0.215748,0.19,1,502891,502461,430
43717041,37.3746,39.221,427,22437,0.21115,0.07,1,502921,502494,427
43719961,37.8749,38.2442,427,22532,0.25823,0.07,1,502959,502532,427
43722881,55.575,7.64884,487,22626,0.203646,0.13,1,503019,502532,487
43725801,82.315,49.5298,516,22720,0.240729,0.13,1,503108,502592,516
43728721,79.663,81.906,505,22813,0.280146,0.21,1,503187,502682,505
43731641,71.1326,75.5812,500,22906,0.272029,0.25,1,503256,502756,500
43734561,67.0265,70.3162,497,22999,0.270406,0.21,1,503322,502825,497
43737481,37.4053,66.8632,461,23091,0.270081,0.21,1,503352,502891,461
43740401,38.6811,37.3726,470,23183,0.270016,0.27,1,503391,502921,470
43743321,54.9362,37.8745,491,23274,0.302003,0.19,1,503450,502959,491
43746241,83.7872,55.5749,522,23365,0.372401,0.25,1,503541,503019,522
43749161,81.5575,82.315,514,23456,0.43448,0.29,1,503622,503108,514
43752081,70.7115,79.663,503,23546,0.462896,0.27,1,503690,503187,503
43755001,66.9423,71.1326,500,23636,0.500579,0.27,1,503756,503256,500
43757921,37.3885,67.0265,464,23726,0.524116,0.27,1,503786,503322,464
43760841,38.6777,37.4053,473,23815,0.560823,0.27,1,503825,503352,473
43763761,56.5355,38.6811,495,23904,0.584165,0.31,1,503886,503391,495
43766681,12.9071,54.9362,438,23993,0.588833,0.39,1,503888,503450,438
43769601,77.7814,83.7872,441,24081,0.685767,0.45,1,503982,503541,441
43772521,82.7563,81.5575,444,24169,0.689153,0.47,1,504066,503622,444
43775441,72.5513,70.7115,446,24257,0.737831,0.51,1,504136,503690,446
43778361,68.1103,66.9423,447,24344,0.763566,0.53,2,504203,503756,447
43781281,39.2221,37.3885,449,24431,0.768713,0.57,2,504235,503786,449
43784201,39.8444,38.6777,450,24518,0.769743,0.59,2,504275,503825,450
43787121,57.5689,56.5355,451,24604,0.801949,0.59,2,504337,503886,451
43790041,13.1138,12.9071,451,24690,0.80839,0.71,2,504339,503888,451
43792961,81.0228,77.7814,455,24776,0.841678,0.69,2,504437,503982,455
43795881,82.6046,82.7563,454,24862,0.848336,0.75,2,504520,504066,454
43915601,49,64,493,28143,0.71,1,1,506811,506318,493
43918521,66.6,85.6,473,28218,0.566,1,1,506882,506409,473
43921441,97.32,89.12,488,28293,0.3932,1,1,506987,506499,488
43924361,45.864,48.224,483,28368,0.34264,1,1,507020,506537,483
43927281,40.3728,9.6448,522,28443,0.332528,0.94,1,507059,506537,522
43930201,28.0746,37.129,503,28517,0.378506,1,1,507084,506581,503
43933121,36.8149,33.0258,510,28591,0.307701,0.97,1,507123,506613,510
43936041,64.963,37.0052,544,28665,0.32554,0.89,1,507195,506651,544
43938961,38.5926,69.801,498,28739,0.265108,0.89,1,507227,506729,498
43941881,39.7185,40.3602,505,28813,0.253022,0.71,1,507267,506762,505
43944801,56.7437,47.272,517,28886,0.266604,0.53,1,507328,506811,517
43947721,88.9487,66.2544,543,28959,0.317321,0.35,1,507425,506882,543
43950641,42.5897,97.2509,469,29032,0.359464,0.33,1,507456,506987,469
43953561,42.118,45.8502,478,29105,0.351893,0.33,1,507498,507020,478
43956481,27.6236,40.37,463,29178,0.366379,0.39,1,507522,507059,463
43959401,35.1247,28.074,475,29251,0.417276,0.29,1,507559,507084,475
43962321,64.6249,36.8148,508,29323,0.411455,0.33,1,507631,507123,508
43965241,36.125,64.963,465,29395,0.442291,0.25,1,507660,507195,465
43968161,39.225,38.5926,473,29467,0.464458,0.25,1,507700,507227,473
43971081,55.845,39.7185,493,29539,0.516892,0.27,1,507760,507267,493
43974001,91.169,56.7437,532,29611,0.543378,0.33,1,507860,507328,532
43976921,43.0338,88.9487,466,29682,0.596676,0.37,1,507891,507425,466
43979841,44.6068,42.5897,480,29753,0.607335,0.35,1,507936,507456,480
43982761,28.9214,42.118,463,29824,0.625467,0.37,1,507961,507498,463
43985681,7.38427,27.6236,441,29895,0.645093,0.43,1,507963,507522,441
43988601,31.8769,35.1247,442,29966,0.665019,0.41,1,508001,507559,442
43991521,64.7754,64.6249,443,30037,0.669004,0.45,1,508074,507631,443
43994441,36.9551,36.125,444,30107,0.701801,0.47,1,508104,507660,444
43997361,40.191,39.225,445,30177,0.69236,0.53,1,508145,507700,445
44000281,58.4382,55.845,448,30247,0.706472,0.55,1,508208,507760,448
44003201,92.4876,91.169,449,30317,0.725294,0.61,1,508309,507860,449
44006121,45.6975,43.0338,452,30387,0.745059,0.61,1,508343,507891,452
44009041,45.1395,44.6068,452,30457,0.701012,0.63,1,508388,507936,452
44011961,30.6279,28.9214,454,30526,0.740202,0.65,1,508415,507961,454
44014881,7.72558,7.38427,454,30595,0.74804,0.67,1,508417,507963,454
44017801,31.1451,31.8769,453,30664,0.749608,0.67,1,508454,508001,453
44020721,67.029,64.7754,456,30733,0.749922,0.71,1,508530,508074,456
44023641,38.2058,36.9551,457,30802,0.749984,0.69,1,508561,508104,457
44026561,39.6412,40.191,456,30871,0.813997,0.71,2,508601,508145,456
44029481,59.1282,58.4382,457,30940,0.874799,0.73,2,508665,508208,457
44032401,93.4256,92.4876,458,31008,0.90296,0.75,2,508767,508309,458
44035321,45.0851,45.6975,457,31076,0.908592,0.69,2,508800,508343,457
44038241,44.217,45.1395,456,31144,0.909718,0.75,2,508844,508388,456
44041161,31.2434,30.6279,457,31212,0.941944,0.75,2,508872,508415,457
44044081,7.84868,7.72558,457,31280,0.948389,0.75,2,508874,508417,457
44047001,31.9697,1.54512,495,31348,0.949678,0.75,2,508912,508417,495
44049921,67.1939,29.909,534,31415,0.949936,0.75,2,508988,508454,534
44157961,46,39,496,33816,0.45,1,1,510718,510222,496
44160881,40.4,35.8,500,33879,0.354,1,1,510757,510257,500
44163801,29.68,31.96,496,33941,0.2708,0.99,1,510784,510288,496
44166721,21.136,28.792,487,34003,0.19016,1,1,510803,510316,487
44169641,32.2272,29.7584,492,34065,0.094032,1,1,510838,510346,492
44172561,56.8454,61.9517,485,34127,0.0188064,0.93,1,510901,510416,485
44175481,44.1691,35.5903,497,34189,0.00376128,1,1,510942,510445,497
44178401,32.0338,30.3181,497,34251,0.0247523,1,1,510971,510474,497
44181321,19.2068,6.06361,513,34313,0.0929504,1,1,510987,510474,513
44184241,42.2414,25.2127,531,34375,0.0425901,0.94,1,511035,510504,531
44187161,80.4483,51.4425,563,34437,0.064518,0.65,1,511125,510562,563
44190081,45.6897,98.2885,490,34498,0.100904,0.45,1,511162,510672,490
44193001,33.9379,56.4577,475,34559,0.0441807,0.33,1,511193,510718,475
44195921,25.9876,42.4915,460,34620,0.00883614,0.25,1,511217,510757,460
44198841,14.7975,30.0983,445,34681,0.0417672,0.17,1,511229,510784,445
44201761,28.5595,21.2197,458,34742,0.0643534,0.07,1,511261,510803,458
44204681,54.5119,32.2439,484,34803,0.0208707,0,1,511322,510838,484
44207601,47.7024,56.8488,467,34864,0.0601741,0,1,511368,510901,467
44210521,33.5405,44.1698,456,34925,0.0520348,0.03,1,511398,510942,456
44213441,14.7081,32.034,437,34986,0.050407,0.11,1,511408,510971,437
44216361,42.1416,19.2068,470,35046,0.0340814,0.03,1,511457,510987,470
44219281,80.4283,42.2414,512,35106,0.0788163,0.07,1,511547,511035,512
44222201,48.0857,80.4483,462,35166,0.0877633,0.11,1,511587,511125,462
44225121,32.0171,45.6897,453,35226,0.0895526,0.03,1,511615,511162,453
44228041,26.4034,33.9379,447,35286,0.105911,0,1,511640,511193,447
44230961,16.4807,25.9876,437,35346,0.109182,0.05,1,511654,511217,437
44233881,25.6961,14.7975,453,35406,0.141836,0.07,1,511682,511229,453
44236801,53.9392,28.5595,482,35466,0.0843673,0.01,1,511743,511261,482
44239721,48.3878,54.5119,468,35526,0.0568735,0.07,1,511790,511322,468
44242641,34.4776,47.7024,453,35586,0.0353747,0.05,1,511821,511368,453
44245561,14.8955,33.5405,433,35645,0.0470749,0.05,1,511831,511398,433
44248481,4.5791,14.7081,425,35704,0.049415,0.03,1,511833,511408,425
44251401,39.3158,42.1416,424,35763,0.049883,0.09,1,511881,511457,424
44254321,81.4632,80.4283,426,35822,0.0819766,0.09,1,511973,511547,426
44257241,48.2926,48.0857,426,35881,0.104395,0.09,1,512013,511587,426
44260161,32.8585,32.0171,427,35940,0.124879,0.11,1,512042,511615,427
44263081,26.5717,26.4034,427,35999,0.144976,0.11,1,512067,511640,427
44266001,16.5143,16.4807,427,36058,0.148995,0.15,1,512081,511654,427
44268921,25.7029,25.6961,427,36117,0.197799,0.07,1,512109,511682,427
44271841,50.7406,53.9392,423,36176,0.22356,0.05,1,512166,511743,423
44274761,48.5481,48.3878,424,36234,0.180712,0.03,1,512214,511790,424
44277681,34.5096,34.4776,424,36292,0.156142,0.05,1,512245,511821,424
44280601,14.9019,14.8955,424,36350,0.119228,0.05,1,512255,511831,424
44283521,4.58038,4.5791,424,36408,0.111846,0.05,1,512257,511833,424
44286441,37.7161,39.3158,422,36466,0.110369,0.09,1,512303,511881,422
44289361,84.3432,81.4632,426,36524,0.158074,0.11,1,512399,511973,426
44292281,49.6686,48.2926,427,36582,0.199615,0.13,1,512440,512013,427
44295201,33.9337,32.8585,428,36640,0.207923,0.15,1,512470,512042,428
44298121,27.5867,26.5717,429,36698,0.209585,0.15,1,512496,512067,429
44301041,16.7173,16.5143,429,36756,0.193917,0.21,1,512510,512081,429
44303961,26.5435,25.7029,430,36813,0.206783,0.23,1,512539,512109,430
44306881,51.7087,50.7406,431,36870,0.241357,0.17,1,512597,512166,431
44309801,48.7417,48.5481,431,36927,0.232271,0.15,1,512645,512214,431
44312721,31.3483,34.5096,427,36984,0.262454,0.11,1,512672,512245,427
44315641,14.2697,14.9019,427,37041,0.236491,0.11,1,512682,512255,427
44318561,4.45393,4.58038,427,37098,0.263298,0.11,1,512684,512257,427
44321481,37.6908,37.7161,427,37155,0.23666,0.11,1,512730,512303,427
44324401,85.9382,7.54321,525,37212,0.263332,0.17,1,512828,512303,525
44327321,49.9876,78.3086,470,37269,0.284666,0.21,1,512869,512399,470
44330241,33.9975,48.4617,459,37326,0.304933,0.21,1,512899,512440,459
44333161,28.3995,33.6923,456,37383,0.356987,0.21,1,512926,512470,456
44336081,18.4799,27.5385,446,37440,0.335397,0.19,1,512942,512496,446
44339001,26.096,16.7077,460,37496,0.299079,0.21,1,512970,512510,460
44341921,51.6192,26.5415,489,37552,0.291816,0.25,1,513028,512539,489
44344841,49.5238,51.7083,480,37608,0.322363,0.23,1,513077,512597,480
44347761,31.5048,48.7417,459,37664,0.312473,0.27,1,513104,512645,459
44350681,14.301,31.3483,442,37720,0.310495,0.23,1,513114,512672,442
44353601,4.46019,14.2697,434,37776,0.310099,0.27,1,513116,512682,434
44356521,37.692,4.45393,478,37832,0.34202,0.23,1,513162,512684,478
44359441,87.5384,37.6908,532,37888,0.396404,0.27,1,513262,512730,532
44362361,51.1077,85.9382,476,37944,0.471281,0.29,1,513304,512828,476
44365281,35.0215,49.9876,466,38000,0.486256,0.31,1,513335,512869,466
44368201,29.4043,33.9975,464,38056,0.521251,0.37,1,513363,512899,464
44371121,17.0809,28.3995,451,38112,0.52825,0.33,1,513377,512926,451
44374041,25.8162,18.4799,463,38167,0.52965,0.29,1,513405,512942,463
44376961,52.3632,26.096,494,38222,0.54593,0.29,1,513464,512970,494
44379881,50.4726,51.6192,486,38277,0.613186,0.33,1,513514,513028,486
44382801,30.8945,49.5238,463,38332,0.642637,0.31,1,513540,513077,463
44385721,14.1789,31.5048,446,38387,0.648527,0.31,1,513550,513104,446
44388641,4.43578,14.301,438,38442,0.649706,0.31,1,513552,513114,438
44391561,39.2872,4.46019,484,38497,0.665941,0.35,1,513600,513116,484
44394481,90.2574,37.692,541,38552,0.653188,0.41,1,513703,513162,541
44397401,54.8515,87.5384,487,38607,0.666638,0.49,1,513749,513262,487
44400321,12.5703,51.1077,447,38662,0.669328,0.49,1,513751,513304,447
44403241,26.5141,35.0215,446,38717,0.717866,0.53,1,513781,513335,446
44406161,29.3028,29.4043,448,38772,0.695573,0.53,1,513811,513363,448
44409081,17.0606,17.0809,448,38826,0.723115,0.53,1,513825,513377,448
44412001,25.8121,25.8162,448,38880,0.760623,0.55,2,513853,513405,448
44414921,54.7624,52.3632,451,38934,0.768125,0.63,2,513915,513464,451
44417841,52.5525,50.4726,453,38988,0.865625,0.65,2,513967,513514,453
44420761,32.1105,30.8945,454,39042,0.837125,0.65,2,513994,513540,454
44423681,14.4221,14.1789,454,39096,0.831425,0.65,2,514004,513550,454
44426601,4.48442,4.43578,454,39150,0.830285,0.67,2,514006,513552,454
44429521,40.0969,39.2872,455,39204,0.846057,0.65,2,514055,513600,455
44432441,89.6194,90.2574,454,39258,0.881211,0.67,2,514157,513703,454
44435361,55.5239,54.8515,455,39312,0.904242,0.67,2,514204,513749,455
44438281,12.7048,12.5703,455,39366,0.956848,0.73,2,514206,513751,455
44793061,77,71,508,20750,0.71,1,1,518607,518099,508
44795981,84.2,87,503,20852,0.662,1,1,518693,518190,503
44798901,76.84,56.6,529,20954,0.6364,0.9,1,518768,518239,529
44801821,34.568,68.12,482,21055,0.56728,0.9,1,518792,518310,482
44804741,31.7136,36.824,484,21156,0.521456,0.85,1,518823,518339,484
44807661,45.5427,57.7648,470,21256,0.624291,0.71,1,518872,518402,470
44810581,105.909,113.953,463,21356,0.596858,0.71,1,518993,518530,463
44813501,79.5817,84.3906,459,21455,0.591372,0.65,1,519066,518607,459
44816421,79.9163,85.6781,453,21554,0.638274,0.63,1,519146,518693,453
44819341,74.3833,77.1356,451,21652,0.679655,0.55,1,519219,518768,451
44822261,32.4767,34.6271,449,21750,0.671931,0.51,1,519241,518792,449
44825181,32.0953,31.7254,450,21848,0.670386,0.65,1,519273,518823,450
44828101,47.2191,45.5451,452,21945,0.718077,0.59,1,519324,518872,452
44831021,103.844,105.909,449,22042,0.823615,0.59,2,519442,518993,449
44833941,80.7688,79.5818,451,22138,0.844723,0.65,2,519517,519066,451
44836861,80.9538,79.9164,452,22234,0.912945,0.69,2,519598,519146,452
44839781,76.1907,74.3833,454,22329,0.910589,0.67,2,519673,519219,454
44842701,33.6381,32.4767,455,22424,0.894118,0.67,2,519696,519241,455
44845621,31.5276,32.0953,454,22519,0.890824,0.67,2,519727,519273,454
44848541,49.5055,6.41907,508,22613,0.858165,0.73,2,519781,519273,508
44953661,38,69,513,25771,0.55,1,1,522082,521569,513
44956581,34.8,52.2,499,25853,0.502,1,1,522116,521617,499
44959501,43.76,36.04,513,25935,0.4924,1,1,522162,521649,513
44962421,102.352,38.408,591,26017,0.45848,0.87,1,522279,521688,591
44965341,47.6704,104.482,504,26098,0.467696,0.85,1,522313,521809,504
44968261,43.9341,52.8963,507,26179,0.453539,0.89,1,522356,521849,507
44971181,65.5868,48.1793,531,26260,0.450708,0.73,1,522427,521896,531
44974101,67.5174,68.8359,525,26341,0.514142,0.63,1,522495,521970,525
44977021,39.9035,72.9672,484,26421,0.510828,0.55,1,522528,522044,484
44979941,32.7807,44.9934,477,26501,0.574166,0.49,1,522559,522082,477
44982861,44.9561,36.1987,491,26581,0.554833,0.49,1,522607,522116,491
44985781,99.3912,44.0397,558,26661,0.566967,0.45,1,522720,522162,558
44988701,50.2782,102.408,479,26740,0.537393,0.47,1,522758,522279,479
44991621,42.8556,47.6816,486,26819,0.563479,0.45,1,522799,522313,486
44994541,66.9711,43.9363,516,26898,0.584696,0.45,1,522872,522356,516
44997461,14.9942,65.5873,447,26977,0.588939,0.53,1,522874,522427,447
45000381,58.1988,67.5175,448,27056,0.669788,0.51,1,522943,522495,448
45003301,38.0398,39.9035,448,27134,0.669958,0.59,1,522976,522528,448
45006221,34.808,32.7807,451,27212,0.701991,0.55,1,523010,522559,451
45009141,45.3616,44.9561,451,27290,0.724398,0.57,1,523058,522607,451
45012061,98.6723,99.3912,450,27368,0.77688,0.53,2,523170,522720,450
45014981,50.1345,50.2782,450,27445,0.755376,0.57,2,523208,522758,450
45017901,42.8269,42.8556,450,27522,0.767075,0.59,2,523249,522799,450
45020821,69.3654,66.9711,453,27599,0.833415,0.59,2,523325,522872,453
45023741,15.4731,14.9942,453,27676,0.846683,0.69,2,523327,522874,453
45026661,59.0946,58.1988,454,27753,0.881337,0.67,2,523397,522943,454
45029581,39.0189,38.0398,455,27829,0.920267,0.71,2,523431,522976,455
45032501,35.0038,34.808,455,27905,0.928053,0.73,2,523465,523010,455
45044181,44,41,462,28207,0.87,0.85,2,523711,523249,462
45143461,35,24,503,30656,0.85,1,2,525389,524886,503
45146381,35.8,48.8,484,30725,0.818,1,2,525425,524941,484
45149301,85.56,95.36,475,30794,0.6516,0.94,1,525523,525048,475
45152221,56.312,50.272,485,30863,0.58632,1,1,525572,525087,485
45155141,48.0624,43.6544,489,30932,0.509264,0.88,1,525618,525129,489
45158061,71.2125,76.7309,481,31000,0.365853,1,1,525695,525214,481
45160981,44.6425,42.5462,485,31068,0.337171,1,1,525733,525248,485
45163901,29.7285,42.1092,469,31136,0.363434,0.86,1,525759,525290,469
45166821,32.3457,36.4218,467,31204,0.416687,0.88,1,525792,525325,467
45169741,26.4691,30.4844,463,31272,0.395337,0.85,1,525817,525354,463
45172661,31.6938,34.0969,461,31340,0.455067,0.85,1,525850,525389,461
45175581,34.3388,6.81937,496,31408,0.419013,0.81,1,525885,525389,496
45178501,75.6678,30.1639,546,31475,0.491803,0.61,1,525971,525425,546
45181421,53.5336,84.4328,496,31542,0.474361,0.57,1,526019,525523,496
45184341,43.5067,56.0866,488,31609,0.534872,0.49,1,526060,525572,488
45187261,66.3013,48.0173,514,31676,0.546974,0.33,1,526132,525618,514
45190181,45.2603,71.2035,477,31743,0.581395,0.33,1,526172,525695,477
45193101,31.4521,44.6407,467,31810,0.588279,0.37,1,526200,525733,467
45196021,31.0904,29.7281,472,31877,0.605656,0.43,1,526231,525759,472
45198941,28.6181,32.3456,467,31943,0.625131,0.39,1,526259,525792,467
45201861,32.1236,26.4691,475,32009,0.613026,0.47,1,526292,525817,475
45204781,35.2247,31.6938,478,32075,0.610605,0.41,1,526328,525850,478
45207701,78.2449,34.3388,532,32141,0.722121,0.51,1,526417,525885,532
45210621,54.049,75.6678,494,32207,0.744424,0.47,1,526465,525971,494
45213541,44.4098,53.5336,488,32273,0.796885,0.55,2,526507,526019,488
45216461,67.282,43.5067,520,32339,0.791377,0.55,2,526580,526060,520
45219381,47.0564,66.3013,490,32404,0.822275,0.59,2,526622,526132,490
45222301,31.8113,45.2603,478,32469,0.844455,0.59,2,526650,526172,478
45225221,32.7623,31.4521,483,32534,0.816891,0.61,2,526683,526200,483
45228141,28.9525,31.0904,480,32599,0.811378,0.63,2,526711,526231,480
45231061,31.3905,28.6181,484,32664,0.810276,0.61,2,526743,526259,484
45233981,35.0781,32.1236,487,32729,0.810055,0.61,2,526779,526292,487
45236901,8.61562,35.2247,453,32794,0.826011,0.75,2,526781,526328,453
45239821,77.7231,78.2449,459,32858,0.861202,0.75,2,526876,526417,459
45242741,53.9446,54.049,459,32922,0.86824,0.81,2,526924,526465,459
45245661,45.1889,44.4098,460,32986,0.869648,0.79,2,526967,526507,460
45248581,68.2378,67.282,461,33050,0.93393,0.83,2,527041,526580,461
45388741,37,27,507,35994,0.69,1,1,529074,528567,507
45391661,29,34.2,498,36053,0.658,1,1,529101,528603,498
45394581,26.6,29.24,496,36112,0.5716,1,1,529127,528631,496
45397501,30.92,37.848,488,36171,0.47432,1,1,529159,528671,488
45400421,35.784,33.1696,493,36229,0.294864,0.97,1,529196,528703,493
45403341,61.5568,57.8339,497,36287,0.0989728,1,1,529264,528767,497
45406261,40.3114,40.3668,496,36345,0.107795,1,1,529299,528803,496
45409181,24.8623,35.2734,483,36403,0.0455589,1,1,529320,528837,483
45412101,28.1725,31.8547,481,36461,0.0331118,1,1,529349,528868,481
45415021,57.6345,59.9709,479,36519,0.0786224,0.93,1,529414,528935,479
45417941,31.5269,40.7942,468,36577,0.0557245,0.77,1,529439,528971,468
45420861,49.5054,60.9588,456,36635,0.0111449,0.69,1,529493,529037,456
45423781,36.3011,41.7918,452,36693,0.026229,0.65,1,529526,529074,452
45426701,28.0602,29.9584,451,36751,0.0132458,0.55,1,529552,529101,451
45429621,22.412,26.7917,446,36809,0.0426492,0.45,1,529573,529127,446
45432541,26.8824,30.9583,442,36866,0.0325298,0.25,1,529601,529159,442
45435461,30.1765,35.7917,436,36923,0.110506,0.05,1,529632,529196,436
45438381,49.2353,61.5583,422,36980,0.0941012,0.11,1,529686,529264,422
45441301,37.8471,40.3117,422,37037,0.0428202,0.03,1,529721,529299,422
45444221,25.1694,24.8623,423,37094,0.016564,0.03,1,529743,529320,423
45447141,27.4339,28.1725,422,37151,0.0913128,0.03,1,529771,529349,422
45450061,59.0868,5.63449,489,37208,0.0582626,0.09,1,529838,529349,489
45452981,29.4174,53.1269,446,37265,0.0996525,0.05,1,529860,529414,446
45455901,49.0835,30.6254,475,37322,0.0439305,0,1,529914,529439,475
45458821,36.2167,49.3251,454,37379,0.0327861,0.03,1,529947,529493,454
45461741,28.0433,36.265,447,37436,0.0625572,0.01,1,529973,529526,447
45464661,23.2087,28.053,443,37492,0.0525114,0.05,1,529995,529552,443
45467581,26.2417,22.4106,449,37548,0.0345023,0.03,1,530022,529573,449
45470501,33.2483,26.8821,456,37604,0.0629005,0.13,1,530057,529601,456
45473421,46.6497,30.1764,475,37660,0.0525801,0.09,1,530107,529632,475
45476341,37.3299,49.2353,456,37716,0.018516,0.03,1,530142,529686,456
45479261,25.866,37.8471,444,37772,0.0437032,0.01,1,530165,529721,444
45482181,29.1732,25.1694,452,37828,0.0487406,0.11,1,530195,529743,452
45485101,60.2346,27.4339,492,37884,0.0497481,0.05,1,530263,529771,492
45488021,31.2469,59.0868,449,37940,0.0819496,0.11,1,530287,529838,449
45490941,44.6494,29.4174,475,37996,0.10439,0.03,1,530335,529860,475
45493861,36.1299,49.0835,455,38052,0.108878,0.03,1,530369,529914,455
45496781,28.026,36.2167,448,38108,0.125776,0.07,1,530395,529947,448
45499701,24.0052,28.0433,445,38163,0.129155,0.05,1,530418,529973,445
45502621,24.801,23.2087,448,38218,0.161831,0.03,1,530443,529995,448
45505541,36.1602,26.2417,460,38273,0.152366,0.07,1,530482,530022,460
45508461,44.032,33.2483,471,38328,0.150473,0.05,1,530528,530057,471
45511381,37.6064,46.6497,457,38383,0.150095,0.01,1,530564,530107,457
45514301,25.1213,37.3299,444,38438,0.0860189,0.05,1,530586,530142,444
45517221,30.6243,25.866,453,38493,0.0572038,0.05,1,530618,530165,453
45520141,60.5249,29.1732,491,38548,0.0194408,0.05,1,530686,530195,491
45523061,32.905,60.2346,449,38603,0.0438881,0.09,1,530712,530263,449
45525981,8.18099,31.2469,427,38658,0.0487776,0.11,1,530714,530287,427
45528901,40.0362,44.6494,427,38713,0.0657555,0.11,1,530762,530335,427
45531821,36.0072,36.1299,428,38768,0.0851511,0.13,1,530797,530369,428
45534741,28.0014,28.026,428,38822,0.12103,0.13,1,530823,530395,428
45537661,24.0003,24.0052,428,38876,0.160206,0.17,1,530846,530418,428
45540581,24.8001,24.801,428,38930,0.152041,0.15,1,530871,530443,428
45543501,36.96,36.1602,429,38984,0.134408,0.15,1,530911,530482,429
45546421,42.592,44.032,427,39038,0.194882,0.15,1,530955,530528,427
45549341,35.7184,37.6064,425,39092,0.206976,0.07,1,530989,530564,425
45552261,25.5437,25.1213,426,39146,0.193395,0.05,1,531012,530586,426
45555181,29.9087,30.6243,425,39200,0.206679,0.01,1,531043,530618,425
45558101,58.7817,60.5249,423,39254,0.145336,0.05,1,531109,530686,423
45561021,33.3563,32.905,424,39308,0.0850672,0.05,1,531136,530712,424
45563941,8.27127,8.18099,424,39362,0.0730134,0.07,1,531138,530714,424
45566861,40.8543,40.0362,425,39416,0.102603,0.09,1,531187,530762,425
45569781,37.7709,36.0072,427,39470,0.108521,0.13,1,531224,530797,427
45572701,29.9542,28.0014,429,39524,0.109704,0.17,1,531252,530823,429
45575621,23.5908,24.0003,428,39577,0.0939408,0.15,1,531274,530846,428
45578541,23.9182,24.8001,427,39630,0.0907882,0.13,1,531298,530871,427
45581461,37.5836,36.96,428,39683,0.0741576,0.21,1,531339,530911,428
45584381,44.3167,42.592,430,39736,0.118832,0.21,1,531385,530955,430
45587301,36.0633,35.7184,430,39789,0.111766,0.19,1,531419,530989,430
45590221,26.4127,25.5437,431,39842,0.110353,0.21,1,531443,531012,431
45593141,30.8825,29.9087,432,39895,0.126071,0.13,1,531475,531043,432
45596061,54.1765,58.7817,426,39948,0.209214,0.07,1,531535,531109,426
45598981,31.6353,33.3563,425,40001,0.241843,0.07,1,531561,531136,425
45601901,7.92706,8.27127,425,40054,0.216369,0.11,1,531563,531138,425
45604821,40.7854,40.8543,425,40107,0.275274,0.11,1,531612,531187,425
45607741,38.5571,8.17085,463,40160,0.271055,0.11,1,531650,531187,463
45610661,29.3114,31.2342,453,40213,0.318211,0.11,1,531677,531224,453
45613581,23.4623,28.6468,447,40266,0.295642,0.09,1,531699,531252,447
45616501,23.8925,23.3294,449,40318,0.291128,0.09,1,531723,531274,449
45619421,36.7785,23.8659,465,40370,0.306226,0.07,1,531763,531298,465
45622341,44.9557,37.5732,471,40422,0.357245,0.13,1,531810,531339,471
45625261,36.9911,44.3146,460,40474,0.415449,0.11,1,531845,531385,460
45628181,27.3982,36.0629,451,40526,0.41109,0.11,1,531870,531419,451
45631101,31.0796,26.4126,459,40578,0.426218,0.13,1,531902,531443,459
45634021,57.4159,30.8825,491,40630,0.413244,0.23,1,531966,531475,491
45636941,32.2832,54.1765,457,40682,0.442649,0.25,1,531992,531535,457
45639861,8.05664,31.6353,433,40734,0.44853,0.21,1,531994,531561,433
45642781,42.4113,7.92706,482,40786,0.449706,0.29,1,532045,531563,482
45645701,39.6823,40.7854,472,40838,0.465941,0.27,1,532084,531612,472
45648621,30.3365,38.5571,462,40890,0.533188,0.33,1,532112,531650,462
45651541,23.6673,29.3114,457,40942,0.546638,0.29,1,532134,531677,457
45654461,23.9335,23.4623,459,40994,0.565328,0.29,1,532158,531699,459
45657381,37.5867,23.8925,476,41045,0.553065,0.31,1,532199,531723,476
45660301,48.3173,36.7785,487,41096,0.550613,0.37,1,532250,531763,487
45663221,39.2635,44.9557,477,41147,0.614123,0.43,1,532287,531810,477
45666141,27.0527,36.9911,466,41198,0.626825,0.41,1,532311,531845,466
45669061,31.8105,27.3982,474,41249,0.645365,0.43,1,532344,531870,474
45671981,58.3621,31.0796,507,41300,0.633073,0.41,1,532409,531902,507
45674901,33.2724,57.4159,470,41351,0.662615,0.45,1,532436,531966,470
45677821,8.25448,32.2832,446,41402,0.700523,0.45,1,532438,531992,446
45680741,41.6509,8.05664,494,41453,0.676105,0.45,1,532488,531994,494
45683661,41.1302,42.4113,484,41504,0.719221,0.47,1,532529,532045,484
45686581,9.82604,39.6823,447,41555,0.695844,0.55,1,532531,532084,447
45689501,25.9652,30.3365,449,41606,0.691169,0.55,1,532561,532112,449
45692421,23.593,23.6673,450,41657,0.722234,0.57,1,532584,532134,450
45695341,23.9186,23.9335,450,41708,0.776447,0.55,2,532608,532158,450
45698261,36.7837,37.5867,449,41759,0.755289,0.55,2,532648,532199,449
45701181,49.7567,48.3173,451,41810,0.767058,0.63,2,532701,532250,451
45704101,41.1513,39.2635,453,41860,0.801412,0.63,2,532740,532287,453
45707021,27.4303,27.0527,453,41910,0.808282,0.65,2,532764,532311,453
45709941,32.6861,31.8105,454,41960,0.809657,0.63,2,532798,532344,454
45712861,58.5372,58.3621,454,42010,0.841931,0.67,2,532863,532409,454
45715781,34.1074,33.2724,455,42060,0.848386,0.71,2,532891,532436,455
45718701,8.42149,8.25448,455,42110,0.849677,0.67,2,532893,532438,455
45721621,41.6843,41.6509,455,42160,0.897936,0.73,2,532943,532488,455
45724541,41.9369,41.1302,456,42210,0.875587,0.69,2,532985,532529,456
45727461,9.98737,9.82604,456,42260,0.903117,0.69,2,532987,532531,456
45730381,25.9975,25.9652,456,42310,0.892624,0.73,2,533017,532561,456
45733301,25.9995,23.593,459,42360,0.906525,0.79,2,533043,532584,459
45736221,24.3999,23.9186,459,42410,0.877305,0.75,2,533067,532608,459
45739141,36.88,36.7837,459,42460,0.903461,0.77,2,533107,532648,459
45742061,49.776,49.7567,459,42510,0.924692,0.81,2,533160,532701,459
45744981,41.9552,41.1513,460,42560,0.864938,0.81,2,533200,532740,460
45747901,27.591,27.4303,460,42610,0.852988,0.81,2,533224,532764,460
45750821,34.3182,32.6861,462,42660,0.850598,0.85,2,533260,532798,462
45753741,58.8636,58.5372,462,42709,0.914119,0.85,2,533325,532863,462
45756661,35.7727,34.1074,464,42758,0.942824,0.85,2,533355,532891,464
45759581,8.75455,8.42149,464,42807,0.916565,0.91,2,533357,532893,464
45899741,32,26,506,45112,0.77,1,2,534957,534451,506
45902661,36,25.2,518,45159,0.722,1,1,534994,534476,518
45905581,26.4,21.04,522,45206,0.6324,1,1,535018,534496,522
45908501,16.48,31.408,502,45253,0.61448,1,1,535032,534530,502
45911421,37.696,47.8816,493,45300,0.546896,1,1,535075,534582,493
45914341,31.5392,40.7763,484,45347,0.469379,1,1,535105,534621,484
45917261,39.9078,36.1553,491,45394,0.437876,1,1,535147,534656,491
45920181,34.3816,28.0311,498,45440,0.399575,1,1,535180,534682,498
45923101,36.4763,52.8062,476,45486,0.359915,0.97,1,535217,534741,476
45926021,38.4953,36.9612,482,45532,0.351983,0.94,1,535256,534774,482
45928941,25.2991,28.1922,478,45578,0.382397,1,1,535278,534800,478
45931861,31.4598,32.8385,477,45624,0.324479,1,1,535311,534834,477
45934781,33.492,39.3677,470,45670,0.312896,0.9,1,535345,534875,470
45937701,25.0984,28.6735,467,45716,0.374579,0.78,1,535368,534901,467
45940621,19.4197,24.9347,461,45762,0.322916,0.77,1,535386,534925,461
45943541,27.0839,30.5869,458,45808,0.344583,0.71,1,535415,534957,458
45946461,33.4168,35.7174,456,45854,0.412917,0.61,1,535450,534994,456
45949381,21.8834,26.3435,451,45900,0.410583,0.61,1,535469,535018,451
45952301,14.7767,16.4687,450,45946,0.442117,0.61,1,535482,535032,450
45955221,35.7553,3.29374,491,45992,0.400423,0.53,1,535523,535032,491
45958141,27.9511,35.0587,474,46038,0.456085,0.45,1,535549,535075,474
45961061,35.9902,31.0117,482,46084,0.451217,0.43,1,535587,535105,482
45963981,36.798,39.8024,477,46130,0.466243,0.39,1,535624,535147,477
45966901,33.7596,34.3605,477,46176,0.469249,0.35,1,535657,535180,477
45969821,35.5519,36.4721,476,46222,0.48585,0.35,1,535693,535217,476
45972741,25.5104,38.4944,460,46268,0.50517,0.39,1,535716,535256,460
45975661,31.5021,25.2989,471,46314,0.541034,0.31,1,535749,535278,471
45978581,32.7004,31.4598,471,46360,0.532207,0.31,1,535782,535311,471
45981501,24.9401,33.492,460,46405,0.530441,0.39,1,535805,535345,460
45984421,18.588,25.0984,454,46450,0.578088,0.31,1,535822,535368,454
45987341,29.3176,19.4197,468,46495,0.619618,0.35,1,535854,535386,468
45990261,36.2635,27.0839,477,46540,0.627924,0.43,1,535892,535415,477
45993181,22.4527,33.4168,461,46585,0.677585,0.41,1,535911,535450,461
45996101,15.6905,21.8834,456,46630,0.655517,0.45,1,535925,535469,456
45999021,35.1381,14.7767,483,46675,0.651103,0.39,1,535965,535482,483
46001941,29.4276,35.7553,470,46720,0.682221,0.47,1,535993,535523,470
46004861,35.4855,27.9511,481,46765,0.720444,0.45,1,536030,535549,481
46007781,37.4971,35.9902,481,46810,0.728089,0.47,1,536068,535587,481
46010701,33.8994,36.798,477,46855,0.729618,0.47,1,536101,535624,477
46013621,37.9799,33.7596,483,46900,0.713924,0.49,1,536140,535657,483
46016541,25.196,35.5519,469,46945,0.726785,0.51,1,536162,535693,469
46019461,33.0392,25.5104,481,46990,0.761357,0.55,2,536197,535716,481
46022381,32.2078,31.5021,480,47035,0.768271,0.53,2,536229,535749,480
46025301,26.4416,32.7004,472,47080,0.753654,0.53,2,536254,535782,472
46028221,21.2883,24.9401,469,47125,0.766731,0.59,2,536274,535805,469
46031141,29.8577,18.588,484,47170,0.817346,0.63,2,536306,535822,484
46034061,36.3715,29.3176,490,47215,0.843469,0.63,2,536344,535854,490
46036981,23.2743,36.2635,472,47260,0.832694,0.69,2,536364,535892,472
46039901,15.8549,22.4527,467,47305,0.830539,0.65,2,536378,535911,467
46042821,35.971,15.6905,494,47350,0.814108,0.65,2,536419,535925,494
46045741,8.79419,35.1381,456,47395,0.810822,0.69,2,536421,535965,456
46048661,24.9588,29.4276,457,47439,0.826164,0.73,2,536450,535993,457
46051581,35.3918,35.4855,458,47483,0.845233,0.73,2,536488,536030,458
46054501,38.2784,37.4971,459,47527,0.849047,0.73,2,536527,536068,459
46057421,33.2557,33.8994,458,47571,0.849809,0.71,2,536559,536101,458
46060341,37.0511,37.9799,457,47615,0.897962,0.73,2,536597,536140,457
46063261,25.8102,25.196,458,47659,0.891592,0.77,2,536620,536162,458
46066181,34.762,33.0392,460,47703,0.906318,0.77,2,536657,536197,460
46069101,32.5524,32.2078,460,47747,0.925264,0.75,2,536689,536229,460
46072021,26.5105,26.4416,460,47791,0.929053,0.77,2,536714,536254,460
46074941,22.9021,21.2883,462,47835,0.897811,0.83,2,536736,536274,462
46077861,30.9804,29.8577,463,47879,0.923562,0.85,2,536769,536306,463
46080781,38.1961,36.3715,465,47923,0.928712,0.83,2,536809,536344,465
46270581,32,37,507,50704,0.69,1,1,538727,538220,507
46273501,24.8,33.8,497,50746,0.706,1,1,538750,538253,497
46276421,36.16,33.16,503,50788,0.6932,1,1,538789,538286,503
46279341,36.032,29.832,510,50829,0.62664,1,1,538825,538315,510
46282261,30.4064,29.9664,509,50870,0.581328,1,1,538854,538345,509
46285181,22.0813,29.1933,500,50911,0.556266,1,1,538874,538374,500
46288101,26.0163,24.2387,504,50952,0.567253,1,1,538901,538397,504
46291021,29.2033,16.0477,520,50993,0.521451,1,1,538931,538411,520
46293941,26.6407,27.2095,516,51034,0.54429,1,1,538957,538441,516
46296861,19.7281,27.8419,506,51075,0.484858,1,1,538975,538469,506
46299781,7.94563,29.5684,481,51116,0.536972,1,1,538980,538499,481
46302701,22.3891,29.1137,478,51157,0.483394,1,1,539006,538528,478
46305621,40.4778,36.2227,485,51198,0.520679,1,1,539051,538566,485
46308541,25.6956,32.0445,476,51239,0.464136,1,1,539073,538597,476
46311461,10.7391,16.8089,470,51280,0.500827,0.72,1,539080,538610,470
46314381,37.3478,42.5618,465,51321,0.460165,0.77,1,539124,538659,465
46317301,33.0696,37.3124,461,51362,0.484033,0.69,1,539156,538695,461
46320221,30.6139,33.0625,459,51403,0.456807,0.71,1,539186,538727,459
46323141,19.7228,25.0125,453,51444,0.499361,0.69,1,539203,538750,453
46326061,34.3446,36.2025,452,51485,0.507872,0.61,1,539241,538789,452
46328981,33.2689,36.0405,449,51526,0.557574,0.57,1,539274,538825,449
46331901,29.0538,30.4081,448,51567,0.503515,0.55,1,539302,538854,448
46334821,18.6108,22.0816,444,51608,0.508703,0.57,1,539318,538874,444
46337741,28.5222,26.0163,448,51649,0.589741,0.51,1,539349,538901,448
46340661,28.9044,29.2033,447,51690,0.621948,0.55,1,539378,538931,447
46343581,24.9809,26.6407,445,51731,0.62839,0.47,1,539402,538957,445
46346501,20.1962,19.7281,446,51772,0.613678,0.47,1,539421,538975,446
46349421,7.23924,3.94563,450,51813,0.610736,0.55,1,539425,538975,450
46352341,21.4478,4.78913,470,51854,0.610147,0.47,1,539450,538980,470
46355261,42.6896,21.7578,492,51895,0.626029,0.53,1,539498,539006,492
46358181,22.9379,40.3516,465,51936,0.645206,0.45,1,539516,539051,465
46361101,9.38758,25.6703,449,51977,0.649041,0.51,1,539522,539073,449
46364021,37.8775,10.7341,487,52018,0.681808,0.45,1,539567,539080,487
46366941,33.1755,37.3468,475,52058,0.688362,0.49,1,539599,539124,475
46369861,30.6351,33.0694,473,52098,0.689672,0.45,1,539629,539156,473
46372781,18.927,30.6139,459,52138,0.689934,0.51,1,539645,539186,459
46375701,35.7854,19.7228,482,52178,0.721987,0.51,1,539685,539203,482
46378621,35.9571,34.3446,480,52218,0.744397,0.57,1,539721,539241,480
46381541,28.7914,33.2689,474,52258,0.79688,0.49,2,539748,539274,474
46384461,18.5583,29.0538,462,52298,0.823376,0.51,2,539764,539302,462
46387381,30.9117,18.6108,480,52338,0.828675,0.61,2,539798,539318,480
46390301,30.1823,28.5222,479,52378,0.845735,0.63,2,539828,539349,479
46393221,25.2365,28.9044,474,52418,0.865147,0.63,2,539852,539378,474
46396141,19.4473,24.9809,468,52458,0.885029,0.61,2,539870,539402,468
46399061,7.08946,20.1962,453,52498,0.889006,0.61,2,539874,539421,453
46401981,23.0179,7.23924,476,52538,0.873801,0.61,2,539901,539425,476
46404901,44.6036,21.4478,501,52578,0.88676,0.63,2,539951,539450,501
46407821,23.3207,42.6896,471,52618,0.905352,0.65,2,539969,539498,471
46410741,9.46414,22.9379,459,52658,0.90907,0.65,2,539975,539516,459
46413661,39.4928,9.38758,500,52698,0.941814,0.69,2,540022,539522,500
46416581,33.4986,37.8775,487,52738,0.948363,0.69,2,540054,539567,487
46419501,30.6997,33.1755,485,52778,0.949673,0.69,2,540084,539599,485
46422421,18.9399,30.6351,471,52818,0.949934,0.69,2,540100,539629,471
46425341,37.388,18.927,497,52858,0.949987,0.73,2,540142,539645,497
46428261,37.0776,35.7854,494,52898,0.933997,0.75,2,540179,539685,494
46622441,80,37,516,25633,0.69,1,1,542069,541553,516
46625361,52.8,65,490,25716,0.658,1,1,542115,541625,490
46628281,72.96,68.2,499,25798,0.5876,1,1,542193,541694,499
46631201,72.992,69.64,502,25880,0.44552,1,1,542266,541764,502
46634121,71.3984,65.928,508,25962,0.433104,1,1,542337,541829,508
46637041,28.6797,48.3856,482,26044,0.382621,0.9,1,542355,541873,482
46639961,24.1359,34.4771,474,26125,0.388524,0.93,1,542378,541904,474
46642881,40.8272,39.6954,478,26206,0.373705,0.79,1,542423,541945,478
46645801,86.5654,43.1391,532,26287,0.418741,0.69,1,542521,541989,532
46648721,52.5131,72.6278,496,26368,0.395748,0.65,1,542565,542069,496
46651641,67.3026,51.3256,521,26448,0.42315,0.57,1,542636,542115,521
46654561,69.4605,72.6651,513,26528,0.47663,0.41,1,542706,542193,513
46657481,69.8921,72.933,510,26608,0.503326,0.43,1,542776,542266,510
46660401,28.3784,71.3866,457,26688,0.540665,0.37,1,542794,542337,457
46663321,24.8757,28.6773,463,26767,0.548133,0.39,1,542818,542355,463
46666241,40.1751,24.1355,484,26846,0.565627,0.37,1,542862,542378,484
46669161,9.63503,40.8271,441,26925,0.569125,0.43,1,542864,542423,441
46672081,81.927,86.5654,443,27004,0.585825,0.39,1,542964,542521,443
46675001,51.5854,52.5131,443,27082,0.573165,0.43,1,543008,542565,443
46677921,67.1171,67.3026,443,27160,0.570633,0.49,1,543079,542636,443
46680841,71.8234,69.4605,446,27238,0.634127,0.51,1,543152,542706,446
46683761,72.7647,69.8921,449,27316,0.646825,0.55,1,543225,542776,449
46686681,28.9529,28.3784,449,27394,0.649365,0.55,1,543243,542794,449
46689601,25.7906,24.8757,450,27471,0.697873,0.57,1,543268,542818,450
46692521,41.1581,40.1751,451,27548,0.691575,0.57,1,543313,542862,451
46695441,9.83162,9.63503,451,27625,0.690315,0.59,1,543315,542864,451
46698361,80.3663,81.927,449,27702,0.690063,0.57,1,543413,542964,449
46701281,52.0733,51.5854,450,27778,0.706013,0.57,1,543458,543008,450
46704201,67.2147,67.1171,450,27854,0.741203,0.65,1,543529,543079,450
46707121,73.4429,71.8234,452,27930,0.78024,0.65,2,543604,543152,452
46710041,74.6886,72.7647,454,28006,0.836048,0.65,2,543679,543225,454
46712961,29.3377,28.9529,454,28082,0.89521,0.71,2,543697,543243,454
46715881,26.6675,25.7906,455,28157,0.939042,0.69,2,543723,543268,455
46718801,40.5335,41.1581,454,28232,0.947808,0.69,2,543767,543313,454
46721721,9.7067,9.83162,454,28307,0.949562,0.69,2,543769,543315,454
46826841,36,32,494,30885,0.57,1,1,545645,545151,494
46829761,32,32,493,30954,0.57,1,1,545676,545183,493
46832681,27.2,25.6,495,31022,0.474,1,1,545702,545207,495
46835601,56.64,64.32,485,31090,0.3268,1,1,545766,545281,485
46838521,65.728,59.264,495,31158,0.16936,1,1,545834,545339,495
46841441,49.9456,63.0528,477,31226,0.121872,0.97,1,545880,545403,477
46844361,41.9891,47.8106,473,31294,0.0963744,0.97,1,545920,545447,473
46847281,37.1978,9.56211,509,31362,0.0752749,0.97,1,545956,545447,509
46850201,71.4396,37.9124,544,31429,0.071055,0.71,1,546036,545492,544
46853121,37.4879,74.7825,489,31496,0.070211,0.71,1,546065,545576,489
46856041,30.6976,41.3565,485,31563,0.0700422,0.57,1,546094,545609,485
46858961,29.3395,37.0713,478,31630,0.0540084,0.57,1,546123,545645,478
46861881,24.2679,32.2143,470,31697,0.0188017,0.45,1,546146,545676,470
46864801,50.4536,27.2429,501,31764,0.0277603,0.29,1,546203,545702,501
46867721,58.8907,56.6486,498,31831,0.0455521,0.13,1,546264,545766,498
46870641,42.9781,65.7297,469,31897,0.11311,0.11,1,546303,545834,469
46873561,42.9956,49.9459,466,31963,0.142622,0.09,1,546346,545880,466
46876481,36.5991,41.9892,461,32029,0.132524,0.07,1,546381,545920,461
46879401,69.7198,37.1978,503,32095,0.162505,0.07,1,546459,545956,503
46882321,36.344,71.4396,451,32161,0.136501,0.07,1,546487,546036,451
46885241,32.0688,37.4879,453,32227,0.1313,0.07,1,546518,546065,453
46888161,28.0138,30.6976,451,32293,0.16226,0.05,1,546545,546094,451
46891081,24.0028,29.3395,445,32359,0.168452,0.01,1,546568,546123,445
46894001,52.0006,24.2679,481,32424,0.21769,0.03,1,546627,546146,481
46896921,60.0001,50.4536,486,32489,0.275538,0.05,1,546689,546203,486
46899841,44.8,58.8907,466,32554,0.271108,0.13,1,546730,546264,466
46902761,44.16,42.9781,471,32619,0.286222,0.15,1,546774,546303,471
46905681,37.632,42.9956,464,32684,0.321244,0.13,1,546810,546346,464
46908601,69.1264,36.5991,506,32749,0.328249,0.17,1,546887,546381,506
46911521,15.4253,69.7198,430,32814,0.36165,0.13,1,546889,546459,430
46914441,23.8851,36.344,428,32878,0.36833,0.13,1,546915,546487,428
46917361,31.177,32.0688,430,32942,0.353666,0.17,1,546948,546518,430
46920281,27.8354,28.0138,430,33006,0.318733,0.17,1,546975,546545,430
46923201,25.5671,24.0028,432,33070,0.295747,0.23,1,547000,546568,432
46926121,53.9134,52.0006,434,33134,0.323149,0.29,1,547061,546627,434
46929041,61.9827,60.0001,436,33198,0.40863,0.27,1,547125,546689,436
46931961,44.3965,44.8,435,33262,0.441726,0.29,1,547165,546730,435
46934881,46.4793,44.16,438,33326,0.400345,0.33,1,547212,546774,438
46937801,38.0959,37.632,438,33389,0.424069,0.33,1,547248,546810,438
46940721,69.2192,69.1264,438,33452,0.444814,0.37,1,547325,546887,438
46943641,15.4438,15.4253,438,33515,0.480963,0.37,1,547327,546889,438
46946561,23.8888,23.8851,438,33578,0.456193,0.35,1,547353,546915,438
46949481,30.3778,31.177,437,33641,0.499239,0.31,1,547385,546948,437
46952401,27.6756,27.8354,437,33704,0.523848,0.29,1,547412,546975,437
46955321,24.7351,25.5671,436,33767,0.54477,0.33,1,547436,547000,436
46958241,55.347,53.9134,438,33830,0.596954,0.43,1,547499,547061,438
46961161,64.6694,61.9827,441,33893,0.623391,0.45,1,547566,547125,441
46964081,45.7339,44.3965,442,33955,0.612678,0.39,1,547607,547165,442
46967001,45.9468,46.4793,441,34017,0.642536,0.43,1,547653,547212,441
46969921,39.5894,38.0959,443,34079,0.680507,0.45,1,547691,547248,443
46972841,70.3179,69.2192,444,34141,0.752101,0.49,2,547769,547325,444
46975761,15.6636,15.4438,444,34203,0.73442,0.45,1,547771,547327,444
46978681,23.9327,23.8888,444,34265,0.730884,0.45,1,547797,547353,444
46981601,30.3865,4.77775,476,34327,0.730177,0.51,1,547829,547353,476
46984521,28.4773,26.5556,472,34389,0.730035,0.53,1,547857,547385,472
46987441,25.6955,26.9111,470,34450,0.762007,0.55,2,547882,547412,470
46990361,60.3391,24.5822,515,34511,0.832401,0.61,2,547951,547436,515
46993281,64.0678,55.3164,517,34572,0.83048,0.63,2,548016,547499,517
46996201,46.4136,64.6633,492,34633,0.846096,0.61,2,548058,547566,492
46999121,46.0827,45.7327,497,34694,0.865219,0.65,2,548104,547607,497
47002041,41.2165,45.9465,491,34755,0.885044,0.69,2,548144,547653,491
47145121,23,75,501,37619,0.84,1,2,550147,549646,501
47148041,24.6,28.6,509,37675,0.832,1,2,550172,549663,509
47150961,32.92,34.52,508,37731,0.7824,1,2,550207,549699,508
47153881,28.184,33.304,502,37787,0.72448,1,1,550234,549732,502
47156801,35.2368,25.8608,515,37843,0.632896,1,1,550271,549756,515
47159721,32.6474,28.3722,518,37899,0.598579,1,1,550303,549785,518
47162641,32.1295,27.2744,523,37955,0.447716,1,1,550335,549812,523
47165561,37.6259,27.0549,535,38011,0.321543,1,1,550374,549839,535
47168481,44.3252,59.011,514,38067,0.120309,1,1,550420,549906,514
47171401,50.465,47.0022,522,38122,0.0320617,1,1,550472,549950,522
47174321,47.693,45.4004,524,38177,0.00641234,0.88,1,550519,549995,524
47177241,67.9386,47.4801,549,38232,0.0252825,0.88,1,550592,550043,549
47180161,29.5877,74.296,488,38287,0.0290565,0.84,1,550612,550124,488
47183081,24.3175,33.2592,488,38342,0.0058113,0.83,1,550635,550147,488
47186001,28.0635,26.6518,492,38397,0.0251623,0.77,1,550664,550172,492
47188921,22.4127,33.3304,478,38452,0.0130325,0.71,1,550685,550207,478
47191841,33.2825,28.2661,487,38507,0.0266065,0.61,1,550721,550234,487
47194761,29.8565,35.2532,479,38562,0.0613213,0.59,1,550750,550271,479
47197681,27.5713,32.6506,474,38617,0.0522643,0.41,1,550777,550303,474
47200601,7.11426,32.1301,444,38672,0.0824528,0.29,1,550779,550335,444
47203521,25.4229,37.626,435,38727,0.0564906,0.07,1,550809,550374,435
47206441,31.4846,44.3252,422,38782,0.0992981,0.01,1,550842,550420,422
47209361,47.8969,50.465,422,38836,0.0278596,0,1,550894,550472,422
47212281,47.9794,47.693,423,38890,0.0295719,0.03,1,550942,550519,423
47215201,68.7959,67.9386,424,38944,0.0299144,0.03,1,551016,550592,424
47218121,28.9592,29.5877,423,38998,0.0299829,0,1,551035,550612,423
47221041,24.9918,24.3175,424,39052,0.0139966,0.03,1,551059,550635,424
47223961,27.3984,28.0635,423,39106,0.0267993,0.01,1,551087,550664,423
47226881,23.0797,22.4127,424,39160,0.0293599,0.03,1,551109,550685,424
47229801,33.4159,33.2825,424,39214,0.013872,0.07,1,551145,550721,424
47232721,29.8832,29.8565,424,39268,0.0427744,0.05,1,551174,550750,424
47235641,29.1766,27.5713,426,39322,0.0645549,0.09,1,551203,550777,426
47238561,7.43533,7.11426,426,39376,0.100911,0.05,1,551205,550779,426
47241481,23.0871,25.4229,423,39430,0.124182,0.11,1,551232,550809,423
47244401,32.6174,31.4846,425,39484,0.128836,0.01,1,551267,550842,425
47247321,45.7235,47.8969,422,39537,0.0657673,0.03,1,551316,550894,422
47250241,47.5447,47.9794,422,39590,0.0371535,0.03,1,551364,550942,422
47253161,68.7089,68.7959,422,39643,0.0314307,0.03,1,551438,551016,422
47256081,28.9418,28.9592,422,39696,0.0302861,0.01,1,551457,551035,422
47259001,26.5884,24.9918,424,39749,0.0460572,0.03,1,551483,551059,424
47261921,26.1177,27.3984,422,39802,0.0492114,0.03,1,551509,551087,422
47264841,22.8235,23.0797,422,39855,0.0178423,0.01,1,551531,551109,422
47267761,33.3647,33.4159,422,39908,0.00356846,0.05,1,551567,551145,422
47270681,32.2729,29.8832,425,39961,0.0247137,0.07,1,551599,551174,425
47273601,29.6546,29.1766,425,40014,0.0929427,0.11,1,551628,551203,425
47276521,7.53092,7.43533,425,40067,0.106589,0.11,1,551630,551205,425
47279441,24.7062,1.48707,454,40120,0.109318,0.13,1,551659,551205,454
47282361,32.9412,21.8974,462,40173,0.141864,0.13,1,551694,551232,462
47285281,40.9882,32.3795,470,40226,0.164373,0.05,1,551737,551267,470
47288201,46.5977,45.6759,469,40278,0.0568745,0.03,1,551785,551316,469
47291121,68.5195,47.5352,495,40330,0.0353749,0.03,1,551859,551364,495
47294041,28.9039,68.707,440,40382,0.015075,0.03,1,551878,551438,440
47296961,26.5808,28.9414,447,40434,0.027015,0.05,1,551904,551457,447
47299881,26.1162,26.5883,447,40486,0.061403,0.05,1,551930,551483,447
47302801,22.8232,26.1177,443,40538,0.0842806,0.01,1,551952,551509,443
47305721,33.3646,22.8235,457,40590,0.0248561,0,1,551988,551531,457
47308641,33.0729,33.3647,454,40642,0.0449712,0.03,1,552021,551567,454
47311561,31.4146,32.2729,453,40694,0.0809942,0.11,1,552052,551599,453
47314481,7.88292,29.6546,426,40746,0.0881989,0.11,1,552054,551628,426
47317401,27.1766,7.53092,456,40798,0.0896398,0.11,1,552086,551630,456
47320321,34.2353,24.7062,463,40850,0.121928,0.15,1,552122,551659,463
47323241,37.2471,32.9412,466,40902,0.176386,0.17,1,552160,551694,466
47326161,44.2494,40.9882,469,40954,0.155277,0.03,1,552206,551737,469
47329081,68.0499,46.5977,495,41006,0.119055,0.03,1,552280,551785,495
47332001,28.81,68.5195,440,41057,0.0798111,0.01,1,552299,551859,440
47334921,26.562,28.9039,447,41108,0.0399622,0.03,1,552325,551878,447
47337841,29.3124,26.5808,451,41159,0.0159924,0.07,1,552355,551904,451
47340761,20.2625,26.1162,443,41210,0.0271985,0.09,1,552373,551930,443
47343681,32.8525,22.8232,457,41261,0.0294397,0.01,1,552409,551952,457
47346601,35.3705,33.3646,457,41312,0.0138879,0.05,1,552445,551988,457
47349521,32.6741,33.0729,456,41363,0.0427776,0.09,1,552477,552021,456
47352441,8.13482,31.4146,427,41414,0.0485555,0.09,1,552479,552052,427
47355361,27.227,7.88292,457,41465,0.0817111,0.09,1,552511,552054,457
47358281,36.6454,27.1766,464,41516,0.0723422,0.13,1,552550,552086,464
47361201,8.92908,34.2353,430,41567,0.0384684,0.19,1,552552,552122,430
47364121,32.9858,37.2471,431,41618,0.0156937,0.15,1,552591,552160,431
47367041,40.1972,44.2494,427,41669,0.0591387,0.11,1,552633,552206,427
47369961,66.4394,68.0499,426,41720,0.0358277,0.07,1,552706,552280,426
47372881,27.6879,28.81,425,41771,0.0471656,0.03,1,552724,552299,425
47375801,24.7376,26.562,423,41822,0.0174331,0.01,1,552748,552325,423
47378721,28.9475,29.3124,423,41872,0.0274866,0.03,1,552778,552355,423
47381641,21.7895,20.2625,425,41922,0.0134973,0.03,1,552798,552373,425
47384561,30.7579,32.8525,422,41972,0.0106995,0.01,1,552831,552409,422
47387481,36.5516,35.3705,424,42022,0.0101399,0.05,1,552869,552445,424
47390401,32.9103,32.6741,424,42072,0.026028,0.05,1,552901,552477,424
47393321,8.18206,8.13482,424,42122,0.0612056,0.09,1,552903,552479,424
47396241,28.8364,27.227,426,42172,0.0522411,0.07,1,552937,552511,426
47399161,34.5673,36.6454,423,42222,0.0504482,0.03,1,552973,552550,423
47402081,8.51346,8.92908,423,42272,0.0180896,0.01,1,552975,552552,423
47405001,32.1027,32.9858,422,42322,0.0276179,0.07,1,553013,552591,422
47407921,40.8205,40.1972,423,42372,0.125524,0.03,1,553056,552633,423
47410841,65.7641,66.4394,422,42422,0.145105,0.05,1,553128,552706,422
47413761,27.5528,27.6879,422,42472,0.165021,0.01,1,553146,552724,422
47416681,24.7106,24.7376,422,42522,0.185004,0.03,1,553170,552748,422
47419601,28.9421,28.9475,422,42572,0.157001,0.01,1,553200,552778,422
47422521,21.7884,21.7895,422,42622,0.1354,0.01,1,553220,552798,422
47425441,30.7577,30.7579,422,42672,0.11508,0.01,1,553253,552831,422
47428361,36.5515,36.5516,422,42721,0.095016,0.03,1,553291,552869,422
47431281,34.5103,32.9103,424,42770,0.0910032,0.07,1,553325,552901,424
47434201,8.50206,8.18206,424,42819,0.0902006,0.05,1,553327,552903,424
47437121,27.3004,28.8364,422,42868,0.0900401,0.05,1,553359,552937,422
47440041,34.2601,34.5673,422,42917,0.074008,0.01,1,553395,552973,422
47442961,8.45202,8.51346,422,42966,0.102802,0.03,1,553397,552975,422
47445881,32.8904,32.1027,423,43015,0.14056,0.03,1,553436,553013,423
47448801,44.9781,6.42054,471,43064,0.196112,0.15,1,553484,553013,471
47451721,64.9956,35.6841,498,43113,0.207222,0.15,1,553554,553056,498
47454641,28.1991,64.7368,445,43162,0.225444,0.17,1,553573,553128,445
47457561,25.6398,27.3474,452,43211,0.261089,0.19,1,553598,553146,452
47460481,27.528,24.6695,456,43260,0.268218,0.15,1,553626,553170,456
47463401,21.5056,28.9339,446,43309,0.301644,0.13,1,553646,553200,446
47466321,29.9011,21.7868,458,43358,0.308329,0.11,1,553678,553220,458
47469241,36.3802,30.7574,463,43407,0.341666,0.09,1,553716,553253,463
47472161,32.876,36.5515,457,43456,0.348333,0.09,1,553748,553291,457
47475081,8.17521,34.5103,425,43505,0.349667,0.09,1,553750,553325,425
47478001,27.235,8.50206,455,43553,0.365933,0.09,1,553782,553327,455
47480921,35.047,27.3004,460,43601,0.433187,0.07,1,553819,553359,460
47483841,8.6094,34.2601,426,43649,0.446637,0.11,1,553821,553395,426
47486761,34.5219,8.45202,465,43697,0.481327,0.15,1,553862,553397,465
47489681,49.3044,32.8904,479,43745,0.504265,0.21,1,553915,553436,479
47492601,65.8609,44.9781,501,43793,0.524853,0.21,1,553985,553484,501
47495521,29.1722,64.9956,451,43841,0.544971,0.23,1,554005,553554,451
47498441,27.4344,28.1991,459,43889,0.596994,0.27,1,554032,553573,459
47501361,27.8869,25.6398,462,43937,0.607399,0.27,1,554060,553598,462
47504281,23.1774,27.528,456,43985,0.60948,0.31,1,554082,553626,456
47507201,31.8355,21.5056,470,44033,0.641896,0.31,1,554116,553646,470
47510121,36.7671,29.9011,476,44081,0.664379,0.35,1,554154,553678,476
47513041,32.9534,36.3802,470,44129,0.684876,0.35,1,554186,553716,470
47515961,8.19068,32.876,440,44177,0.688975,0.35,1,554188,553748,440
47518881,28.8381,8.17521,472,44225,0.705795,0.37,1,554222,553750,472
47521801,37.7676,27.235,480,44273,0.741159,0.45,1,554262,553782,480
47524721,9.15352,35.047,445,44321,0.748232,0.45,1,554264,553819,445
47527641,36.2307,8.6094,486,44369,0.749646,0.49,1,554307,553821,486
47530561,51.2461,34.5219,500,44417,0.749929,0.51,1,554362,553862,500
47533481,66.2492,49.3044,517,44464,0.733986,0.53,1,554432,553915,517
47536401,14.8498,65.8609,449,44511,0.730797,0.55,1,554434,553985,449
47539321,19.77,29.1722,450,44558,0.746159,0.61,1,554455,554005,450
47542241,27.154,27.4344,452,44605,0.701232,0.61,1,554484,554032,452
47545161,27.8308,27.8869,452,44652,0.692246,0.61,1,554512,554060,452
47548081,23.1662,23.1774,452,44699,0.690449,0.65,1,554534,554082,452
47551001,33.4332,31.8355,454,44746,0.70609,0.67,1,554570,554116,454
47553921,38.6866,36.7671,456,44793,0.677218,0.69,1,554610,554154,456
47556841,34.1373,32.9534,457,44840,0.655444,0.69,1,554643,554186,457
47559761,8.42747,8.19068,457,44887,0.651089,0.71,1,554645,554188,457
47562681,30.4855,28.8381,459,44934,0.618218,0.75,1,554681,554222,459
47565601,38.0971,37.7676,459,44981,0.675644,0.75,1,554721,554262,459
47568521,9.21942,9.15352,459,45028,0.655129,0.75,1,554723,554264,459
47571441,36.2439,36.2307,459,45075,0.635026,0.75,1,554766,554307,459
47574361,49.6488,51.2461,457,45122,0.679005,0.73,1,554819,554362,457
47577281,66.7298,66.2492,458,45169,0.719801,0.73,1,554890,554432,458
47580201,14.946,14.8498,458,45216,0.75996,0.75,2,554892,554434,458
47583121,18.9892,19.77,457,45263,0.783992,0.69,2,554912,554455,457
47586041,26.1978,27.154,456,45310,0.788798,0.69,2,554940,554484,456
47588961,27.6396,27.8308,456,45357,0.78976,0.69,2,554968,554512,456
47591881,23.9279,23.1662,457,45403,0.789952,0.71,2,554991,554534,457
47594801,31.9856,33.4332,455,45449,0.80599,0.67,2,555025,554570,455
47597721,36.7971,38.6866,453,45495,0.793198,0.65,2,555063,554610,453
47600641,32.9594,34.1373,452,45541,0.82264,0.65,2,555095,554643,452
47603561,8.19188,8.42747,452,45587,0.860528,0.61,2,555097,554645,452
47606481,30.4384,30.4855,452,45633,0.852106,0.69,2,555133,554681,452
47609401,39.6877,38.0971,454,45679,0.850421,0.65,2,555175,554721,454
47612321,9.53754,9.21942,454,45725,0.882084,0.63,2,555177,554723,454
47615241,36.3075,36.2439,454,45771,0.872417,0.69,2,555220,554766,454
47618161,49.6615,49.6488,454,45817,0.870483,0.73,2,555273,554819,454
47764161,29,19,522,48064,0.85,1,2,556864,556342,522
47767081,15.4,24.6,508,48108,0.77,1,2,556876,556368,508
47770001,27.08,26.52,511,48152,0.786,1,2,556906,556395,511
47772921,31.016,25.304,518,48196,0.7572,1,2,556938,556420,518
47775841,25.4032,21.8608,521,48240,0.67144,1,1,556962,556441,521
47778761,15.4806,33.1722,498,48284,0.654288,1,1,556975,556477,498
47781681,19.0961,32.2344,486,48328,0.602858,1,1,556995,556509,486
47784601,31.8192,29.6469,492,48372,0.496572,1,1,557030,556538,492
47787521,28.7638,29.9294,490,48416,0.427314,1,1,557058,556568,490
47790441,31.3528,29.9859,492,48460,0.413463,1,1,557090,556598,492
47793361,30.2706,33.9972,487,48503,0.330693,1,1,557120,556633,487
47796281,29.2541,25.1994,493,48546,0.298139,1,1,557149,556656,493
47799201,34.6508,39.4399,486,48589,0.291628,1,1,557185,556699,486
47802121,63.7302,71.888,477,48632,0.258326,0.91,1,557256,556779,477
47805041,26.346,35.9776,467,48675,0.187665,0.79,1,557273,556806,467
47807961,28.4692,30.3955,467,48718,0.141533,0.85,1,557302,556835,467
47810881,21.6938,29.2791,458,48761,0.100307,0.75,1,557322,556864,458
47813801,14.7388,15.4558,459,48804,0.108061,0.79,1,557335,556876,459
47816721,27.7478,27.0912,460,48847,0.109612,0.79,1,557366,556906,460
47819641,27.1496,5.41823,487,48890,0.109922,0.75,1,557393,556906,487
47822561,22.2299,26.6836,476,48933,0.157984,0.65,1,557414,556938,476
47825481,14.046,24.5367,464,48976,0.167597,0.65,1,557426,556962,464
47828401,16.4092,15.3073,468,49019,0.185519,0.59,1,557443,556975,468
47831321,28.0818,19.0615,479,49062,0.141104,0.47,1,557474,556995,479
47834241,22.4164,31.8123,465,49105,0.148221,0.41,1,557495,557030,465
47837161,26.8833,28.7625,465,49148,0.149644,0.41,1,557523,557058,465
47840081,29.3767,31.3525,463,49191,0.197929,0.31,1,557553,557090,463
47843001,29.0753,30.2705,462,49234,0.223586,0.29,1,557582,557120,462
47845921,38.6151,29.2541,474,49277,0.260717,0.29,1,557623,557149,474
47848841,57.323,34.6508,500,49320,0.348143,0.25,1,557685,557185,500
47851761,24.2646,63.7302,445,49363,0.397629,0.17,1,557701,557256,445
47854681,25.6529,26.346,454,49406,0.391526,0.13,1,557727,557273,454
47857601,22.7306,28.4692,447,49449,0.406305,0.09,1,557749,557302,447
47860521,14.1461,21.6938,439,49492,0.409261,0.11,1,557761,557322,439
47863441,27.6292,14.7388,457,49535,0.409852,0.11,1,557792,557335,457
47866361,28.7258,27.7478,455,49578,0.42597,0.11,1,557821,557366,455
47869281,23.3452,27.1496,450,49620,0.429194,0.17,1,557843,557393,450
47872201,14.269,22.2299,441,49662,0.445839,0.17,1,557855,557414,441
47875121,15.6538,14.046,445,49704,0.465168,0.19,1,557871,557426,445
47878041,27.1308,16.4092,458,49746,0.485034,0.13,1,557901,557443,458
47880961,24.6262,28.0818,451,49788,0.489007,0.15,1,557925,557474,451
47883881,25.7252,22.4164,456,49830,0.489801,0.15,1,557951,557495,456
47886801,31.545,26.8833,461,49872,0.52196,0.21,1,557984,557523,461
47889721,30.309,29.3767,461,49914,0.544392,0.23,1,558014,557553,461
47892641,40.4618,29.0753,475,49956,0.548878,0.27,1,558057,557582,475
47895561,61.6924,38.6151,501,49998,0.597776,0.37,1,558124,557623,501
47898481,25.1385,57.323,455,50040,0.607555,0.41,1,558140,557685,455
47901401,27.4277,24.2646,467,50082,0.609511,0.39,1,558168,557701,467
47904321,23.0855,25.6529,463,50124,0.609902,0.41,1,558190,557727,463
47907241,14.2171,22.7306,453,50166,0.60998,0.41,1,558202,557749,453
47910161,26.0434,14.1461,470,50208,0.593996,0.41,1,558231,557761,470
47913081,30.8087,27.6292,471,50250,0.558799,0.43,1,558263,557792,471
47916001,23.7617,28.7258,464,50292,0.55176,0.43,1,558285,557821,464
47918921,6.35235,23.3452,444,50334,0.550352,0.45,1,558287,557843,444
47921841,11.6705,14.269,445,50376,0.59807,0.47,1,558300,557855,445
47924761,15.1341,15.6538,445,50418,0.607614,0.49,1,558316,557871,445
47927681,27.8268,27.1308,446,50460,0.593523,0.49,1,558347,557901,446
47930601,24.7654,24.6262,446,50502,0.590705,0.49,1,558371,557925,446
47933521,25.7531,25.7252,446,50544,0.590141,0.53,1,558397,557951,446
47936441,33.9506,31.545,449,50586,0.558028,0.55,1,558433,557984,449
47939361,30.7901,30.309,449,50628,0.551606,0.55,1,558463,558014,449
47942281,41.358,40.4618,450,50670,0.534321,0.61,1,558507,558057,450
47945201,63.4716,61.6924,452,50712,0.514864,0.61,1,558576,558124,452
47948121,25.4943,25.1385,452,50754,0.478973,0.61,1,558592,558140,452
47951041,27.4989,27.4277,452,50795,0.519795,0.61,1,558620,558168,452
47953961,23.0998,23.0855,452,50836,0.511959,0.61,1,558642,558190,452
47956881,14.22,14.2171,452,50877,0.542392,0.59,1,558654,558202,452
47959801,25.244,26.0434,451,50918,0.516478,0.55,1,558682,558231,451
47962721,29.0488,30.8087,449,50959,0.591296,0.55,1,558712,558263,449
47965641,24.2098,23.7617,450,51000,0.606259,0.55,1,558735,558285,450
47968561,6.44195,6.35235,450,51041,0.609252,0.61,1,558737,558287,450
47971481,11.6884,11.6705,450,51082,0.62585,0.61,1,558750,558300,450
47974401,15.1377,15.1341,450,51123,0.67717,0.59,1,558766,558316,450
47977321,27.0275,27.8268,449,51164,0.703434,0.59,1,558796,558347,449
47980241,24.6055,24.7654,449,51205,0.724687,0.59,1,558820,558371,449
47983161,25.7211,25.7531,449,51246,0.760937,0.55,2,558846,558397,449
47986081,32.3442,33.9506,447,51287,0.768187,0.55,2,558880,558433,447
47989001,30.4688,30.7901,447,51328,0.769638,0.53,2,558910,558463,447
47991921,40.4938,41.358,446,51369,0.769928,0.51,2,558953,558507,446
47994841,62.4988,63.4716,445,51410,0.753986,0.47,2,559021,558576,445
47997761,26.0998,25.4943,446,51451,0.766797,0.53,2,559038,558592,446
48000681,27.6199,27.4989,446,51492,0.785359,0.51,2,559066,558620,446
48003601,23.924,23.0998,447,51533,0.853072,0.55,2,559089,558642,447
48006521,14.3848,14.22,447,51574,0.834614,0.51,2,559101,558654,447
48009441,26.077,25.244,448,51615,0.846923,0.61,2,559130,558682,448
48012361,31.6154,29.0488,451,51656,0.865385,0.61,2,559163,558712,451
48015281,25.5231,24.2098,452,51697,0.869077,0.61,2,559187,558735,452
48018201,6.70462,6.44195,452,51738,0.837815,0.63,2,559189,558737,452
48021121,12.5409,11.6884,453,51779,0.831563,0.63,2,559203,558750,453
48024041,15.3082,2.33768,469,51820,0.830313,0.69,2,559219,558750,469
48026961,28.6616,13.2675,485,51861,0.830063,0.71,2,559251,558766,485
48029881,25.7323,26.6535,480,51902,0.878013,0.73,2,559276,558796,480
48032801,26.7465,24.5307,483,51943,0.935602,0.77,2,559303,558820,483
48035721,32.5493,25.7061,491,51984,0.94712,0.77,2,559337,558846,491
48235741,81,52,501,24905,0.55,0.89,1,561273,560772,501
48238661,97.8,68.8,530,24990,0.614,0.81,1,561375,560845,530
48241581,65.16,90.56,491,25075,0.6268,0.65,1,561432,560941,491
48244501,65.032,70.912,490,25160,0.66136,0.57,1,561497,561007,490
48247421,45.0064,62.1824,470,25244,0.700272,0.65,1,561537,561067,470
48250341,65.0013,51.6365,491,25328,0.740054,0.53,1,561607,561116,491
48253261,25.0003,47.1273,460,25412,0.764011,0.53,2,561622,561162,460
48256181,11.4001,21.4255,453,25495,0.768802,0.55,2,561630,561177,453
48259101,75.08,16.2851,529,25578,0.81776,0.55,2,561721,561192,529
48262021,99.016,68.057,553,25661,0.907552,0.63,2,561826,561273,553
48264941,67.0032,95.2114,510,25744,0.90951,0.63,2,561885,561375,510
48299981,16,72,487,26716,0.93,1,2,562552,562065,487
48302901,10.4,27.2,480,26795,0.914,1,2,562561,562081,480
48393421,48,105,507,29146,0.81,1,2,564240,563733,507
48396341,66.4,48.2,544,29219,0.794,1,2,564311,563767,544
48399261,53.28,76.84,510,29291,0.6948,1,1,564361,563851,510
48402181,61.856,42.568,540,29363,0.57896,1,1,564425,563885,540
48405101,43.5712,66.1136,507,29435,0.555792,1,1,564464,563957,507
48408021,36.7142,41.2227,507,29507,0.551158,1,1,564499,563992,507
48410941,42.5428,35.4445,517,29579,0.486232,0.96,1,564543,564026,517
48413861,34.9086,46.2889,501,29651,0.457246,0.93,1,564576,564075,501
48416781,70.1817,36.4578,546,29722,0.467449,0.75,1,564655,564109,546
48419701,50.0363,73.6916,508,29793,0.54949,0.81,1,564700,564192,508
48422621,11.6073,53.1383,462,29864,0.565898,0.79,1,564702,564240,462
48425541,57.5215,67.4277,460,29935,0.63318,0.67,1,564771,564311,460
48428461,46.7043,53.4855,454,30006,0.614636,0.55,1,564815,564361,454
48431381,56.5409,61.8971,449,30077,0.642927,0.55,1,564874,564425,449
48434301,40.9082,43.5794,447,30147,0.680585,0.55,1,564911,564464,447
48437221,36.1816,36.7159,447,30217,0.704117,0.47,1,564946,564499,447
48440141,40.8363,42.5432,445,30287,0.692823,0.45,1,564988,564543,445
48443061,35.3673,34.9086,446,30357,0.722565,0.47,1,565022,564576,446
48445981,69.4735,70.1817,445,30427,0.760513,0.57,2,565100,564655,445
48448901,52.2947,50.0363,448,30497,0.784103,0.57,2,565148,564700,448
48451821,12.0589,11.6073,448,30566,0.788821,0.65,2,565150,564702,448
48454741,59.2118,57.5215,450,30635,0.837764,0.61,2,565221,564771,450
48457661,49.4424,46.7043,453,30704,0.847553,0.65,2,565268,564815,453
48460581,56.2885,56.5409,452,30773,0.881511,0.69,2,565326,564874,452
48463501,42.4577,40.9082,454,30842,0.920302,0.71,2,565365,564911,454
48466421,37.2915,36.1816,455,30911,0.91206,0.69,2,565401,564946,455
48594901,35,42,482,33791,0.83,1,2,567392,566910,482
48597821,69.4,70,483,33854,0.766,1,2,567470,566987,483
48600741,42.68,47.6,477,33916,0.7692,1,2,567506,567029,477
48603661,31.736,35.12,474,33978,0.76984,1,2,567535,567061,474
48606581,43.1472,45.424,472,34040,0.689968,1,1,567581,567109,472
48609501,45.4294,41.8848,477,34102,0.673994,0.96,1,567627,567150,477
48612421,30.6859,29.977,477,34164,0.750799,1,2,567654,567177,477
48615341,33.3372,41.1954,467,34226,0.78216,1,2,567688,567221,467
48618261,42.6674,8.23908,512,34288,0.788432,0.99,2,567733,567221,512
48621181,42.9335,37.6478,510,34350,0.853686,0.87,2,567776,567266,510
48624101,38.1867,45.1296,500,34412,0.834737,0.77,2,567813,567313,500
48627021,35.6373,44.2259,491,34473,0.846947,0.83,2,567848,567357,491
48629941,69.5275,36.8452,534,34534,0.865389,0.75,2,567926,567392,534
48632861,41.9055,69.769,491,34595,0.885078,0.77,2,567961,567470,491
48635781,33.9811,42.7538,487,34656,0.889016,0.77,2,567993,567506,487
48638701,40.3962,31.7508,500,34717,0.889803,0.67,2,568035,567535,500
48641621,46.4792,43.1502,502,34778,0.921961,0.67,2,568083,567581,502
48644541,30.0958,45.43,482,34839,0.896392,0.77,2,568109,567627,482
48647461,37.2192,30.686,494,34900,0.907278,0.79,2,568148,567654,494
48650381,43.4438,33.3372,505,34961,0.925456,0.79,2,568193,567688,505
48653301,44.6888,42.6674,505,35021,0.913091,0.87,2,568238,567733,505
48656221,38.5378,42.9335,499,35081,0.942618,0.83,2,568275,567776,499
48805141,36,58,520,38032,0.59,1,1,570331,569811,520
48808061,34.4,46.8,510,38088,0.542,1,1,570365,569855,510
48810981,42.08,36.56,520,38143,0.3724,1,1,570409,569889,520
48813901,37.216,47.312,506,38198,0.24248,1,1,570445,569939,506
48816821,40.2432,35.0624,515,38253,0.152496,1,1,570486,569971,515
48819741,32.0486,34.2125,511,38308,0.134499,1,1,570516,570005,511
48822661,42.4097,36.4425,519,38363,0.0828998,1,1,570561,570042,519
48825581,39.6819,45.6885,510,38418,0.07258,1,1,570600,570090,510
48828501,47.9364,39.5377,522,38473,0.054516,1,1,570650,570128,522
48831421,33.5873,48.7075,501,38528,0.0509032,1,1,570680,570179,501
48834341,32.3175,36.1415,500,38583,0.0341806,0.91,1,570712,570212,500
48837261,8.06349,36.0283,466,38638,0.0308361,0.73,1,570714,570248,466
48840181,29.6127,44.8057,454,38693,0.0461672,0.59,1,570749,570295,454
48843101,29.1225,37.7611,447,38748,0.0332334,0.53,1,570778,570331,447
48846021,29.8245,34.7522,443,38803,0.0306467,0.33,1,570808,570365,443
48848941,37.1649,42.1504,438,38857,0.0621293,0.21,1,570847,570409,438
48851861,31.433,37.2301,432,38911,0.0844259,0.13,1,570877,570445,432
48854781,34.2866,40.246,426,38965,0.104885,0.13,1,570912,570486,426
48857701,27.6573,32.0492,422,39019,0.092977,0.07,1,570938,570516,422
48860621,43.1315,42.4098,424,39073,0.0425954,0.07,1,570985,570561,424
48863541,42.2263,39.682,427,39127,0.0645191,0.05,1,571027,570600,427
48866461,44.4453,47.9364,422,39181,0.0689038,0.05,1,571072,570650,422
48869381,34.4891,33.5873,424,39235,0.0137808,0.03,1,571104,570680,424
48872301,31.6978,32.3175,423,39289,0.138756,0.03,1,571135,570712,423
48875221,7.93956,8.06349,423,39343,0.163751,0.05,1,571137,570714,423
48878141,29.5879,29.6127,423,39397,0.18475,0.03,1,571172,570749,423
48881061,29.1176,29.1225,423,39451,0.15695,0.03,1,571201,570778,423
48883981,29.0235,29.8245,422,39505,0.18339,0.07,1,571230,570808,422
48886901,38.6047,37.1649,424,39558,0.108678,0.09,1,571271,570847,424
48889821,32.5209,31.433,425,39611,0.141736,0.11,1,571302,570877,425
48892741,34.5042,34.2866,425,39664,0.164347,0.09,1,571337,570912,425
48895661,28.5008,27.6573,426,39717,0.168869,0.03,1,571364,570938,426
48898581,42.5002,43.1315,425,39770,0.0417739,0.07,1,571410,570985,425
48901501,40.5,42.2263,423,39823,0.0323548,0.07,1,571450,571027,423
48904421,44.1,44.4453,423,39876,0.046471,0,1,571495,571072,423
48907341,34.42,34.4891,423,39929,0.0332942,0.17,1,571527,571104,423
48910261,36.484,31.6978,429,39982,0.0306588,0.17,1,571564,571135,429
48913181,8.8968,7.93956,429,40035,0.0301318,0.19,1,571566,571137,429
48916101,29.7794,29.5879,429,40088,0.0460264,0.19,1,571601,571172,429
48919021,28.3559,5.91758,457,40141,0.0332053,0.15,1,571629,571172,457
48921941,28.8712,24.3835,457,40194,0.0626411,0.19,1,571658,571201,457
48924861,35.3742,28.0767,465,40247,0.100528,0.09,1,571695,571230,465
48927781,33.4748,38.4153,457,40299,0.124106,0.15,1,571728,571271,457
48930701,36.295,32.4831,463,40351,0.160821,0.17,1,571765,571302,463
48933621,28.059,34.4966,454,40403,0.152164,0.17,1,571791,571337,454
48936541,38.4118,28.4993,468,40455,0.166433,0.01,1,571832,571364,468
48939461,39.6824,42.4999,462,40507,0.121287,0.03,1,571872,571410,462
48942381,44.7365,40.5,468,40559,0.144257,0.05,1,571918,571450,468
48945301,32.9473,44.1,453,40611,0.116851,0.03,1,571948,571495,453
48948221,36.9895,34.42,459,40663,0.0793703,0.03,1,571986,571527,459
48951141,8.99789,36.484,424,40715,0.0718741,0.03,1,571988,571564,424
48954061,28.9996,8.8968,456,40767,0.102375,0.05,1,572022,571566,456
48956981,28.9999,29.7794,450,40819,0.108475,0.03,1,572051,571601,450
48959901,31.4,28.3559,454,40871,0.093695,0.07,1,572083,571629,454
48962821,36.68,28.8712,463,40923,0.154739,0.11,1,572121,571658,463
48965741,34.536,35.3742,460,40975,0.182948,0.13,1,572155,571695,460
48968661,37.3072,33.4748,465,41027,0.17259,0.17,1,572193,571728,465
48971581,28.2614,36.295,454,41078,0.202518,0.15,1,572219,571765,454
48974501,37.6523,28.059,468,41129,0.224504,0.17,1,572259,571791,468
48977421,38.7305,38.4118,466,41180,0.260901,0.11,1,572298,571832,466
48980341,46.1461,39.6824,474,41231,0.26818,0.15,1,572346,571872,474
48983261,30.0292,44.7365,454,41282,0.285636,0.11,1,572372,571918,454
48986181,36.4058,32.9473,462,41333,0.289127,0.07,1,572410,571948,462
48989101,8.88117,36.9895,426,41384,0.289825,0.07,1,572412,571986,426
48992021,31.3762,8.99789,461,41435,0.241965,0.11,1,572449,571988,461
48994941,28.6752,28.9996,455,41486,0.264393,0.11,1,572477,572022,455
48997861,32.935,28.9999,460,41537,0.284879,0.09,1,572511,572051,460
49000781,8.18701,31.4,430,41588,0.288976,0.17,1,572513,572083,430
49003701,32.8374,36.68,431,41639,0.353795,0.19,1,572552,572121,431
49006621,33.7675,34.536,431,41690,0.366759,0.17,1,572586,572155,431
49009541,37.9535,37.3072,432,41741,0.385352,0.21,1,572625,572193,432
49012461,29.1907,28.2614,433,41792,0.37307,0.23,1,572652,572219,433
49015381,38.6381,37.6523,434,41843,0.386614,0.27,1,572693,572259,434
49018301,39.7276,38.7305,435,41893,0.421323,0.27,1,572733,572298,435
49021221,46.3455,46.1461,435,41943,0.412265,0.29,1,572781,572346,435
49024141,30.8691,30.0292,436,41993,0.442453,0.29,1,572808,572372,436
49027061,36.5738,36.4058,436,42043,0.496491,0.29,1,572846,572410,436
49029981,8.91476,8.88117,436,42093,0.507298,0.23,1,572848,572412,436
49032901,30.583,31.3762,435,42143,0.47746,0.27,1,572884,572449,435
49035821,28.5166,28.6752,435,42193,0.519492,0.29,1,572912,572477,435
49038741,33.7033,32.935,436,42243,0.527898,0.29,1,572947,572511,436
49041661,8.34066,8.18701,436,42293,0.52958,0.37,1,572949,572513,436
49044581,34.4681,32.8374,438,42343,0.545916,0.37,1,572990,572552,438
49047501,34.0936,33.7675,438,42393,0.613183,0.39,1,573024,572586,438
49050421,38.8187,37.9535,439,42443,0.642637,0.37,1,573064,572625,439
49053341,28.5637,29.1907,438,42493,0.648527,0.39,1,573090,572652,438
49056261,40.9127,38.6381,441,42543,0.633705,0.43,1,573134,572693,441
49059181,40.1825,39.7276,441,42593,0.662741,0.41,1,573174,572733,441
49062101,48.0365,46.3455,443,42643,0.668548,0.45,1,573224,572781,443
49065021,32.0073,30.8691,444,42692,0.66971,0.51,1,573252,572808,444
49067941,37.6015,36.5738,445,42741,0.669942,0.51,1,573291,572846,445
49070861,9.12029,8.91476,445,42790,0.669988,0.47,1,573293,572848,445
49073781,30.6241,30.583,445,42839,0.669998,0.53,1,573329,572884,445
49076701,30.1248,28.5166,447,42888,0.67,0.53,1,573359,572912,447
49079621,33.225,33.7033,446,42937,0.702,0.53,1,573393,572947,446
49082541,8.24499,8.34066,446,42986,0.6764,0.53,1,573395,572949,446
49085461,36.049,1.66813,489,43035,0.68728,0.55,1,573438,572949,489
49088381,36.0098,33.1336,484,43084,0.753456,0.63,2,573474,572990,484
49091301,40.002,33.8267,491,43133,0.750691,0.65,2,573515,573024,491
49094221,29.6004,38.7653,478,43182,0.734138,0.65,1,573542,573064,478
49097141,41.1201,28.5531,496,43231,0.778828,0.63,2,573586,573090,496
49100061,41.024,40.9106,493,43280,0.787766,0.67,2,573627,573134,493
49102981,47.4048,40.1821,502,43329,0.805553,0.67,2,573676,573174,502
49105901,31.881,48.0364,480,43378,0.809111,0.67,2,573704,573224,480
49108821,39.1762,32.0073,493,43427,0.825822,0.67,2,573745,573252,493
49111741,9.43524,37.6015,456,43476,0.829164,0.67,2,573747,573291,456
49114661,30.687,9.12029,490,43525,0.845833,0.67,2,573783,573293,490
49117581,30.1374,30.6241,484,43573,0.849167,0.67,2,573813,573329,484
49120501,33.2275,30.1248,488,43621,0.849833,0.71,2,573847,573359,488
49123421,8.2455,33.225,456,43669,0.849967,0.67,2,573849,573393,456
49126341,37.6491,8.24499,499,43717,0.865993,0.69,2,573894,573395,499
49129261,38.7298,36.049,495,43765,0.901199,0.77,2,573933,573438,495
49132181,39.746,36.0098,499,43813,0.94024,0.75,2,573973,573474,499
49351181,119,72,534,21370,0.93,1,2,576528,575994,534
49354101,74.2,91.2,501,21469,0.93,0.87,2,576591,576090,501
49453381,42,44,484,24604,0.43,1,1,578774,578290,484
49456301,36.4,36.8,484,24690,0.174,1,1,578809,578325,484
49459221,88.08,84.96,488,24776,0.0508,0.91,1,578910,578422,488
49462141,67.216,74.592,478,24862,0.01016,1,1,578972,578494,478
49465061,63.0432,67.7184,474,24947,0.010032,0.99,1,579034,578560,474
49467981,76.6086,83.9437,466,25032,0.0100064,0.83,1,579114,578648,466
49470901,36.9217,47.1887,455,25117,0.0260013,0.65,1,579141,578686,455
49473821,40.1843,46.2377,450,25201,0.0292003,0.43,1,579182,578732,450
49476741,29.6369,42.8476,435,25285,0.0778401,0.11,1,579209,578774,435
49479661,26.7274,36.5695,426,25369,0.071568,0.02,1,579235,578809,426
49482581,83.7455,88.1139,423,25453,0.0703136,0.02,1,579333,578910,423
49485501,64.7491,17.6228,483,25536,0.0140627,0,1,579393,578910,483
49488421,62.5498,53.1246,483,25619,0.00281254,0.01,1,579455,578972,483
49491341,76.51,60.2249,501,25702,0.0245625,0.01,1,579535,579034,501
49494261,36.902,76.045,448,25784,0.0129125,0.03,1,579562,579114,448
49497181,40.1804,36.809,462,25866,0.0265825,0.03,1,579603,579141,462
49500101,32.0361,40.1618,451,25948,0.0453165,0.09,1,579633,579182,451
49503021,24.8072,29.6324,447,26030,0.0650633,0.07,1,579656,579209,447
49505941,84.1614,26.7265,520,26111,0.0370127,0.07,1,579755,579235,520
49508861,65.6323,83.7453,483,26192,0.0314025,0,1,579816,579333,483
49511781,61.1265,64.7491,483,26273,0.0142805,0,1,579876,579393,483
49514701,76.2253,62.5498,501,26354,0.0268561,0.03,1,579956,579455,501
49517621,36.8451,76.51,448,26434,0.0453712,0.01,1,579983,579535,448
49520541,43.369,36.902,466,26514,0.0810742,0.03,1,580028,579562,466
49523461,32.6738,40.1804,455,26594,0.136215,0.05,1,580058,579603,455
49526381,24.9348,32.0361,448,26674,0.147243,0.07,1,580081,579633,448
49529301,84.187,24.8072,524,26753,0.0374486,0.03,1,580180,579656,524
49532221,64.0374,84.1614,484,26832,0.0154897,0.03,1,580239,579755,484
49535141,59.2075,65.6323,481,26911,0.0270979,0.01,1,580297,579816,481
49538061,13.4415,61.1265,423,26990,0.00541959,0.03,1,580299,579876,423
49540981,65.8883,76.2253,422,27068,0.00908392,0.05,1,580378,579956,422
49543901,36.3777,36.8451,424,27146,0.0258168,0.09,1,580407,579983,424
49546821,45.6755,43.369,427,27224,0.0451634,0.15,1,580455,580028,427
49549741,35.5351,32.6738,430,27302,0.0330327,0.15,1,580488,580058,430
49552661,26.307,24.9348,431,27380,0.0786065,0.01,1,580512,580081,431
49555581,79.6614,84.187,425,27457,0.0397213,0.01,1,580605,580180,425
49558501,61.5323,64.0374,423,27534,0.0159443,0.03,1,580662,580239,423
49561421,57.9065,59.2075,422,27611,0.0111889,0,1,580719,580297,422
49564341,13.1813,13.4415,422,27688,0.00223777,0.01,1,580721,580299,422
49567261,65.8363,65.8883,422,27764,0.0404476,0.03,1,580800,580378,422
49570181,36.3673,36.3777,422,27840,0.0160895,0.05,1,580829,580407,422
49573101,45.6735,45.6755,422,27916,0.0272179,0.03,1,580877,580455,422
49576021,35.5347,35.5351,422,27992,0.0454436,0.09,1,580910,580488,422
49578941,28.7069,26.307,425,28068,0.0490887,0.03,1,580937,580512,425
49581861,77.7414,79.6614,422,28143,0.0338177,0.01,1,581027,580605,422
49584781,61.1483,61.5323,422,28218,0.0467636,0.01,1,581084,580662,422
49587701,57.8297,57.9065,422,28293,0.00935271,0,1,581141,580719,422
49590621,13.1659,13.1813,422,28368,0.00187054,0,1,581143,580721,422
49593541,65.0332,2.63626,500,28443,0.0563741,0.05,1,581221,580721,500
49596461,36.2066,63.7273,450,28517,0.0192748,0.01,1,581250,580800,450
49599381,46.4413,35.9455,470,28591,0.059855,0.03,1,581299,580829,470
49602301,35.6883,45.5891,455,28665,0.051971,0.05,1,581332,580877,455
49605221,27.9377,35.5178,448,28739,0.0503942,0.05,1,581358,580910,448
49608141,78.3875,28.7036,512,28813,0.0340788,0.03,1,581449,580937,512
49611061,60.4775,77.7407,478,28886,0.0948158,0.05,1,581505,581027,478
49613981,57.6955,61.1481,478,28959,0.0269632,0,1,581562,581084,478
49616901,13.1391,57.8296,423,29032,0.00539263,0,1,581564,581141,423
49619821,65.8278,13.1659,500,29105,0.0410785,0.07,1,581643,581143,500
49622741,36.3656,65.0332,451,29178,0.0802157,0.01,1,581672,581221,451
49625661,48.0731,36.2066,473,29251,0.0880431,0.07,1,581723,581250,473
49628581,35.2146,46.4413,456,29323,0.0896086,0.05,1,581755,581299,456
49631501,27.8429,35.6883,449,29395,0.105922,0.05,1,581781,581332,449
49634421,78.3686,27.9377,514,29467,0.0771843,0.03,1,581872,581358,514
49637341,61.2737,78.3875,480,29539,0.151437,0.11,1,581929,581449,480
49640261,55.4547,60.4775,478,29611,0.102287,0.01,1,581983,581505,478
49643181,12.6909,57.6955,423,29682,0.0604575,0,1,581985,581562,423
49646101,68.1382,13.1391,503,29753,0.0520915,0.05,1,582067,581564,503
49649021,36.0276,65.8278,452,29824,0.0504183,0.09,1,582095,581643,452
49651941,8.80553,36.3656,425,29895,0.0500837,0.09,1,582097,581672,425
49654861,43.3611,48.0731,426,29966,0.0660167,0.09,1,582149,581723,426
49657781,35.0722,35.2146,427,30037,0.0852033,0.11,1,582182,581755,427
49660701,27.8144,27.8429,427,30107,0.0890407,0.07,1,582208,581781,427
49663621,75.9629,78.3686,424,30177,0.0738081,0.17,1,582296,581872,424
49666541,65.5926,61.2737,430,30247,0.0707616,0.09,1,582359,581929,430
49669461,49.9185,55.4547,422,30317,0.118152,0.05,1,582405,581983,422
49672381,11.5837,12.6909,422,30387,0.12763,0.05,1,582407,581985,422
49675301,69.5167,68.1382,424,30457,0.0815261,0.05,1,582491,582067,424
49678221,36.3033,36.0276,424,30526,0.0723052,0.05,1,582519,582095,424
49681141,8.86067,8.80553,424,30595,0.070461,0.07,1,582521,582097,424
49684061,44.1721,43.3611,425,30664,0.0540922,0.09,1,582574,582149,425
49686981,34.4344,35.0722,424,30733,0.0988184,0.09,1,582606,582182,424
49689901,27.6869,27.8144,424,30802,0.139764,0.07,1,582632,582208,424
49692821,75.1374,75.9629,423,30871,0.0999527,0.07,1,582719,582296,423
49695741,65.4275,65.5926,423,30940,0.123991,0.13,1,582782,582359,423
49698661,50.6855,49.9185,424,31008,0.112798,0.13,1,582829,582405,424
49701581,11.7371,11.5837,424,31076,0.14256,0.07,1,582831,582407,424
49704501,68.7474,69.5167,423,31144,0.148512,0.07,1,582914,582491,423
49707421,36.1495,36.3033,423,31212,0.181702,0.07,1,582942,582519,423
49710341,8.8299,8.86067,423,31280,0.18834,0.07,1,582944,582521,423
49713261,44.166,1.77213,476,31348,0.141668,0.05,1,582997,582521,476
49716181,36.0332,42.7544,457,31415,0.164334,0.11,1,583031,582574,457
49719101,28.8066,34.1509,452,31482,0.184867,0.15,1,583058,582606,452
49722021,74.5613,27.6302,512,31549,0.204973,0.09,1,583144,582632,512
49724941,65.3123,75.126,488,31616,0.208995,0.13,1,583207,582719,488
49727861,51.4625,65.4252,473,31683,0.225799,0.11,1,583255,582782,473
49730781,11.8925,50.685,428,31750,0.22916,0.15,1,583257,582829,428
49733701,70.3785,11.737,511,31817,0.309832,0.15,1,583342,582831,511
49736621,36.4757,68.7474,456,31883,0.325966,0.19,1,583370,582914,456
49739541,8.89514,36.1495,430,31949,0.329193,0.19,1,583372,582942,430
49742461,43.379,8.8299,480,32015,0.361839,0.13,1,583424,582944,480
49745381,37.4758,44.166,463,32081,0.368368,0.17,1,583460,582997,463
49748301,29.8952,36.0332,457,32147,0.433674,0.19,1,583488,583031,457
49751221,75.579,28.8066,517,32213,0.478735,0.21,1,583575,583058,517
49754141,65.5158,74.5613,494,32279,0.503747,0.21,1,583638,583144,494
49757061,52.3032,65.3123,480,32345,0.524749,0.23,1,583687,583207,480
49759981,12.0606,51.4625,434,32410,0.52895,0.23,1,583689,583255,434
49762901,74.4121,11.8925,522,32475,0.62579,0.33,1,583779,583257,522
49765821,37.2824,70.3785,465,32540,0.661158,0.33,1,583807,583342,465
49768741,9.05648,36.4757,439,32605,0.668232,0.33,1,583809,583370,439
49771661,45.0113,8.89514,491,32670,0.701646,0.37,1,583863,583372,491
49774581,37.8023,43.379,475,32735,0.724329,0.37,1,583899,583424,475
49777501,9.16045,37.4758,441,32800,0.728866,0.45,1,583901,583460,441
49780421,26.6321,29.8952,444,32864,0.745773,0.49,1,583932,583488,444
49783341,76.5264,75.579,446,32928,0.717155,0.51,1,584021,583575,446
49786261,67.3053,65.5158,448,32992,0.727431,0.53,1,584086,583638,448
49789181,52.6611,52.3032,448,33056,0.729486,0.53,1,584135,583687,448
49792101,12.1322,12.0606,448,33120,0.761897,0.65,2,584137,583689,448
49795021,80.0264,74.4121,455,33184,0.736379,0.67,1,584234,583779,455
49797941,38.4053,37.2824,455,33248,0.747276,0.67,1,584262,583807,455
49800861,9.28106,9.05648,455,33312,0.749455,0.71,1,584264,583809,455
49803781,46.6562,45.0113,457,33375,0.765891,0.73,2,584320,583863,457
49806701,38.9312,37.8023,458,33438,0.817178,0.73,2,584357,583899,458
49809621,9.38625,9.16045,458,33501,0.827436,0.75,2,584359,583901,458
49812541,25.8772,26.6321,457,33564,0.845487,0.71,2,584389,583932,457
49815461,76.3755,76.5264,457,33627,0.849097,0.73,2,584478,584021,457
49818381,68.8751,67.3053,459,33690,0.865819,0.73,2,584545,584086,459
49821301,52.175,52.6611,458,33753,0.869164,0.77,2,584593,584135,458
49824221,12.035,12.1322,458,33816,0.901833,0.73,2,584595,584137,458
49827141,79.207,80.0264,457,33879,0.924367,0.75,2,584691,584234,457
49830061,39.0414,38.4053,458,33941,0.912873,0.75,2,584720,584262,458
49832981,9.40828,9.28106,458,34003,0.910575,0.77,2,584722,584264,458
49835901,48.2817,46.6562,460,34065,0.926115,0.83,2,584780,584320,460
49838821,40.0563,38.9312,461,34127,0.945223,0.83,2,584818,584357,461
49841741,9.61127,9.38625,461,34189,0.949045,0.85,2,584820,584359,461
49844661,26.7223,25.8772,462,34251,0.901809,0.85,2,584851,584389,462
49964381,34,33,484,36698,0.85,1,2,586624,586140,484
49967301,30.8,28.2,487,36756,0.754,1,2,586654,586167,487
49970221,33.36,32.84,487,36813,0.6228,1,1,586688,586201,487
49973141,33.872,40.968,478,36870,0.53256,1,1,586722,586244,478
49976061,41.9744,30.5936,494,36927,0.354512,1,1,586766,586272,494
49978981,37.1949,34.1187,495,36984,0.190902,1,1,586802,586307,495
49981901,40.239,52.4237,479,37041,0.11018,0.93,1,586843,586364,479
49984821,53.6478,40.0847,499,37098,0.0940361,1,1,586900,586401,499
49987741,37.1296,40.8169,491,37155,0.0428072,1,1,586933,586442,491
49990661,34.6259,8.16339,525,37212,0.0165614,1,1,586967,586442,525
49993581,30.9252,39.2327,508,37269,0.0113123,0.96,1,586997,586489,508
49996501,54.985,33.4465,537,37326,0.00226246,0.92,1,587058,586521,537
49999421,33.397,61.8893,496,37383,0.0564525,0.85,1,587086,586590,496
50002341,25.8794,39.5779,486,37440,0.0192905,0.73,1,587110,586624,486
50005261,25.9759,31.9156,482,37496,0.0278581,0.59,1,587136,586654,482
50008181,28.3952,33.5831,477,37552,0.0615716,0.51,1,587165,586688,477
50011101,33.679,33.9166,478,37608,0.116314,0.31,1,587200,586722,478
50014021,31.5358,41.9833,465,37664,0.0792629,0.15,1,587231,586766,465
50016941,32.7072,37.1967,462,37720,0.119853,0.09,1,587264,586802,462
50019861,53.7414,40.2393,480,37776,0.0799705,0.09,1,587323,586843,480
50022781,35.5483,53.6479,454,37832,0.0559941,0.03,1,587354,586900,454
50025701,35.1097,37.1296,456,37888,0.0671988,0.01,1,587389,586933,456
50028621,31.0219,34.6259,452,37944,0.0534398,0.01,1,587419,586967,452
50031541,55.0044,30.9252,483,38000,0.010688,0,1,587480,586997,483
50034461,34.2009,54.985,451,38056,0.0741376,0.07,1,587509,587058,451
50037381,25.2402,33.397,446,38112,0.0868275,0.01,1,587532,587086,446
50040301,25.048,25.8794,447,38167,0.0413655,0.03,1,587557,587110,447
50043221,30.6096,25.9759,453,38222,0.0322731,0.07,1,587589,587136,453
50046141,36.5219,28.3952,462,38277,0.0784546,0.13,1,587627,587165,462
50049061,29.7044,33.679,455,38332,0.103691,0.07,1,587655,587200,455
50051981,34.7409,31.5358,460,38387,0.108738,0.13,1,587691,587231,460
50054901,54.9482,32.7072,487,38442,0.0937476,0.07,1,587751,587264,487
50057821,31.7896,53.7414,454,38497,0.0907495,0.05,1,587777,587323,454
50060741,35.1579,35.5483,459,38552,0.0421499,0.07,1,587813,587354,459
50063661,29.4316,35.1097,452,38607,0.03243,0.05,1,587841,587389,452
50066581,7.48632,31.0219,424,38662,0.030486,0,1,587843,587419,424
50069501,49.4973,55.0044,423,38717,0.0300972,0.09,1,587903,587480,423
50072421,35.4995,34.2009,426,38772,0.0300194,0.09,1,587935,587509,426
50075341,23.8999,25.2402,424,38826,0.0460039,0.03,1,587956,587532,424
50078261,23.98,25.048,423,38880,0.0812008,0.03,1,587980,587557,423
50081181,31.196,30.6096,424,38934,0.0402402,0.09,1,588013,587589,424
50084101,38.2392,36.5219,426,38988,0.032048,0.11,1,588053,587627,426
50087021,30.8478,29.7044,427,39042,0.0624096,0.11,1,588082,587655,427
50089941,35.7696,34.7409,428,39096,0.0684819,0.09,1,588119,587691,428
50092861,53.5539,54.9482,426,39150,0.0376964,0.09,1,588177,587751,426
50095781,31.5108,31.7896,426,39204,0.0795393,0.03,1,588203,587777,426
50098701,32.7022,35.1579,423,39258,0.0559079,0.03,1,588236,587813,423
50101621,28.9404,29.4316,423,39312,0.0351816,0.03,1,588264,587841,423
50104541,7.38809,7.48632,423,39366,0.0630363,0.03,1,588266,587843,423
50107461,48.6776,49.4973,422,39420,0.0206073,0.03,1,588325,587903,422
50110381,36.1355,35.4995,423,39474,0.0601215,0.05,1,588358,587935,423
50113301,24.8271,23.8999,424,39528,0.0360243,0.09,1,588380,587956,424
50116221,24.1654,23.98,424,39581,0.0312049,0.03,1,588404,587980,424
50119141,30.4331,31.196,423,39634,0.030241,0.03,1,588436,588013,423
50122061,38.0866,38.2392,423,39687,0.0940482,0.07,1,588476,588053,423
50124981,30.8173,30.8478,423,39740,0.10681,0.07,1,588505,588082,423
50127901,35.7635,35.7696,423,39793,0.141362,0.03,1,588542,588119,423
50130821,53.5527,53.5539,423,39846,0.212272,0.09,1,588600,588177,423
50133741,32.3105,31.5108,424,39899,0.210454,0.05,1,588627,588203,424
50136661,31.2621,32.7022,422,39952,0.162091,0.03,1,588658,588236,422
50139581,29.4524,28.9404,423,40005,0.136418,0.07,1,588687,588264,423
50142501,7.49048,7.38809,423,40058,0.0992836,0.07,1,588689,588266,423
50145421,47.0981,1.47762,480,40111,0.0758567,0.01,1,588746,588266,480
50148341,36.6196,47.4955,455,40164,0.0551713,0.07,1,588780,588325,455
50151261,24.9239,35.8991,444,40217,0.0510343,0.03,1,588802,588358,444
50154181,24.1848,24.7798,446,40270,0.0662069,0.03,1,588826,588380,446
50157101,30.437,24.156,454,40322,0.0852414,0.03,1,588858,588404,454
50160021,39.6874,30.4312,464,40374,0.0570483,0.11,1,588900,588436,464
50162941,31.1375,38.0862,453,40426,0.0354097,0.11,1,588929,588476,453
50165861,38.2275,30.8172,464,40478,0.0790819,0.15,1,588969,588505,464
50168781,56.4455,35.7634,488,40530,0.0718164,0.23,1,589030,588542,488
50171701,32.0891,53.5527,456,40582,0.0863633,0.21,1,589056,588600,456
50174621,28.8178,32.3105,457,40634,0.0892727,0.15,1,589084,588627,457
50177541,28.1636,31.2621,454,40686,0.105855,0.13,1,589112,588658,454
50180461,7.23271,29.4524,427,40738,0.109171,0.09,1,589114,588687,427
50183381,44.6465,7.49048,479,40790,0.157834,0.07,1,589168,588689,479
50186301,36.9293,47.0981,457,40842,0.167567,0.05,1,589203,588746,457
50189221,24.9859,36.6196,445,40894,0.185513,0.05,1,589225,588780,445
50192141,24.9972,24.9239,448,40946,0.205103,0.07,1,589250,588802,448
50195061,31.3994,24.1848,457,40998,0.225021,0.09,1,589283,588826,457
50197981,38.2799,30.437,465,41049,0.261004,0.05,1,589323,588858,465
50200901,30.056,39.6874,451,41100,0.268201,0.03,1,589351,588900,451
50203821,38.8112,31.1375,463,41151,0.26964,0.09,1,589392,588929,463
50206741,58.1622,38.2275,486,41202,0.301928,0.07,1,589455,588969,486
50209661,32.4324,56.4455,451,41253,0.372386,0.09,1,589481,589030,451
50212581,29.6865,32.0891,454,41304,0.402477,0.09,1,589510,589056,454
50215501,28.3373,28.8178,454,41355,0.440495,0.11,1,589538,589084,454
50218421,7.26746,28.1636,428,41406,0.448099,0.11,1,589540,589112,428
50221341,47.8535,7.23271,484,41457,0.44962,0.17,1,589598,589114,484
50224261,36.7707,44.6465,464,41508,0.481924,0.17,1,589632,589168,464
50227181,8.95414,36.9293,431,41559,0.488385,0.19,1,589634,589203,431
50230101,19.3908,24.9859,431,41610,0.521677,0.21,1,589656,589225,431
50233021,24.6782,24.9972,432,41661,0.544335,0.23,1,589682,589250,432
50235941,32.9356,31.3994,434,41712,0.548867,0.27,1,589717,589283,434
50238861,39.3871,38.2799,435,41763,0.533773,0.27,1,589758,589323,435
50241781,30.2774,30.056,435,41814,0.562755,0.27,1,589786,589351,435
50244701,39.6555,38.8112,436,41864,0.568551,0.31,1,589828,589392,436
50247621,60.7311,58.1622,439,41914,0.56971,0.39,1,589894,589455,439
50250541,34.5462,32.4324,441,41964,0.585942,0.41,1,589922,589481,441
50253461,32.5092,29.6865,444,42014,0.605188,0.45,1,589954,589510,444
50256381,28.9018,28.3373,444,42064,0.609038,0.45,1,589982,589538,444
50259301,7.38037,7.26746,444,42114,0.641808,0.45,1,589984,589540,444
50262221,49.4761,47.8535,446,42164,0.648362,0.49,1,590044,589598,446
50265141,37.0952,36.7707,446,42214,0.649672,0.49,1,590078,589632,446
50268061,9.01904,8.95414,446,42264,0.649934,0.53,1,590080,589634,446
50270981,19.4038,19.3908,446,42314,0.617987,0.55,1,590102,589656,446
50273901,25.4808,24.6782,447,42364,0.627597,0.55,1,590129,589682,447
50276821,33.0962,32.9356,447,42414,0.613519,0.53,1,590164,589717,447
50279741,40.2192,39.3871,448,42464,0.658704,0.57,1,590206,589758,448
50282661,30.4438,30.2774,448,42514,0.667741,0.57,1,590234,589786,448
50285581,39.6888,39.6555,448,42564,0.669548,0.57,1,590276,589828,448
50288501,63.1378,60.7311,451,42614,0.71791,0.59,1,590345,589894,451
50291421,34.2276,34.5462,450,42664,0.711582,0.61,1,590372,589922,450
50294341,34.0455,32.5092,452,42713,0.726316,0.61,1,590406,589954,452
50297261,29.2091,28.9018,452,42762,0.777263,0.65,2,590434,589982,452
50300181,7.44182,7.38037,452,42811,0.755453,0.65,2,590436,589984,452
50303101,49.4884,49.4761,452,42860,0.799091,0.65,2,590496,590044,452
50306021,37.0977,37.0952,452,42909,0.823818,0.65,2,590530,590078,452
50308941,9.01953,9.01904,452,42958,0.828764,0.61,2,590532,590080,452
50311861,19.4039,19.4038,452,43007,0.797753,0.61,2,590554,590102,452
50314781,25.4808,3.88076,479,43056,0.823551,0.63,2,590581,590102,479
50317701,32.2962,22.3762,486,43105,0.82871,0.61,2,590615,590129,486
50320621,40.8592,32.4752,494,43154,0.813742,0.67,2,590658,590164,494
50323541,30.5718,40.095,480,43203,0.826748,0.67,2,590686,590206,480
50326461,39.7144,30.419,494,43252,0.84535,0.67,2,590728,590234,494
50329381,65.5429,39.6838,524,43301,0.81707,0.73,2,590800,590276,524
50332301,35.5086,63.1368,483,43350,0.811414,0.71,2,590828,590345,483
50335221,35.1017,34.2274,491,43399,0.810283,0.73,2,590863,590372,491
50338141,31.0203,34.0455,487,43448,0.858057,0.79,2,590893,590406,487
50341061,7.80407,29.2091,461,43497,0.835611,0.75,2,590895,590434,461
50343981,49.5608,7.44182,519,43546,0.863122,0.81,2,590955,590436,519
50346901,37.9122,49.4884,494,43594,0.884624,0.83,2,590990,590496,494
50349821,9.18243,37.0977,462,43642,0.888925,0.83,2,590992,590530,462
50352741,20.2365,9.01953,483,43690,0.905785,0.79,2,591015,590532,483
50355661,26.4473,19.4039,489,43738,0.909157,0.83,2,591043,590554,489
50542541,66,87,497,21370,0.13,1,1,593257,592760,497
50545461,74,71,506,21469,0.21,0.69,1,593333,592827,506
50548381,74,91.8,483,21568,0.258,0.61,1,593407,592924,483
50551301,79.6,66.36,504,21666,0.3156,0.41,1,593488,592984,504
50554221,36.72,77.272,450,21764,0.39112,0.41,1,593514,593064,450
50557141,26.544,29.0544,457,21861,0.342224,0.29,1,593538,593081,457
50560061,74.9088,93.8109,434,21958,0.412445,0.13,1,593625,593191,434
50562981,66.9818,71.5622,433,22055,0.426489,0.23,1,593690,593257,433
50565901,72.5964,75.1124,431,22151,0.477298,0.27,1,593764,593333,431
50568821,79.3193,74.2225,438,22247,0.50346,0.33,1,593845,593407,438
50571741,82.2639,79.6445,440,22342,0.556692,0.41,1,593928,593488,440
50574661,37.2528,36.7289,440,22437,0.567338,0.33,1,593954,593514,440
50577581,26.6506,26.5458,440,22532,0.585468,0.33,1,593978,593538,440
50580501,75.7301,5.30916,528,22626,0.621094,0.43,1,594066,593538,528
50583421,66.346,70.6618,505,22720,0.596219,0.43,1,594130,593625,505
50586341,74.8692,66.1324,517,22813,0.639244,0.49,1,594207,593690,517
50589261,82.9738,72.4265,528,22906,0.663849,0.51,1,594292,593764,528
50592181,84.5948,79.2853,532,22999,0.74877,0.57,1,594377,593845,532
50595101,37.719,82.2571,475,23091,0.797754,0.57,2,594403,593928,475
50598021,27.5438,37.2514,474,23183,0.791551,0.59,2,594428,593954,474
50600941,75.9088,26.6503,538,23274,0.80631,0.63,2,594516,593978,538
50603861,66.3818,75.7301,514,23365,0.841262,0.59,2,594580,594066,514
50606781,77.2763,66.346,530,23456,0.832252,0.65,2,594660,594130,530
50609701,84.2553,74.8692,539,23546,0.846451,0.67,2,594746,594207,539
50612621,89.6511,82.9738,545,23636,0.83329,0.77,2,594837,594292,545
50615541,39.5302,84.5948,487,23726,0.846658,0.81,2,594864,594377,487
50618461,27.106,37.719,485,23815,0.849332,0.79,2,594888,594403,485
50621381,77.4212,27.5438,550,23904,0.897866,0.81,2,594978,594428,550
50624301,17.0842,75.9088,464,23993,0.907573,0.85,2,594980,594516,464
50627221,54.6168,66.3818,464,24081,0.941515,0.83,2,595044,594580,464
50711901,31,37,512,26514,0.85,1,2,596788,596276,512
50714821,75,29,571,26594,0.722,1,1,596874,596303,571
50717741,36.6,85.8,498,26674,0.7444,1,1,596901,596403,498
50720661,43.32,39.56,515,26753,0.70088,1,1,596946,596431,515
50723581,58.264,36.712,541,26832,0.772176,1,2,597008,596467,541
50726501,89.2528,64.9424,566,26911,0.706435,0.97,1,597105,596539,566
50729421,19.4506,90.5885,471,26990,0.693287,0.89,1,597107,596636,471
50732341,67.8901,85.3177,467,27068,0.738657,0.83,1,597187,596720,467
50735261,40.778,46.6635,464,27146,0.747731,0.85,1,597221,596757,464
50738181,30.5556,34.1327,461,27224,0.749546,0.69,1,597249,596788,461
50741101,74.1111,75.6265,460,27302,0.829909,0.75,2,597334,596874,460
50744021,33.2222,36.7253,456,27380,0.877982,0.69,2,597357,596901,456
50746941,41.8444,43.3451,455,27457,0.887596,0.79,2,597401,596946,455
50749861,61.1689,58.269,459,27534,0.921519,0.69,2,597467,597008,459
50892941,50,26,508,31076,0.59,1,1,599984,599476,508
50895861,54.8,72.4,480,31144,0.51,1,1,600040,599560,480
50898781,53.36,41.68,499,31212,0.382,1,1,600093,599594,499
50901701,35.472,37.936,493,31280,0.2924,1,1,600124,599631,493
50904621,35.8944,7.5872,529,31348,0.24248,1,1,600160,599631,529
50907541,26.3789,25.5174,523,31415,0.248496,1,1,600184,599661,523
50910461,40.4758,36.3035,528,31482,0.169699,0.99,1,600228,599700,528
50913381,36.8952,45.6607,516,31549,0.0739398,1,1,600264,599748,516
50916301,54.579,46.7321,528,31616,0.102788,0.85,1,600323,599795,528
50919221,69.3158,54.9464,544,31683,0.124558,0.83,1,600396,599852,544
50922141,44.2632,76.5893,500,31750,0.160912,0.59,1,600434,599934,500
50925061,48.8526,55.3179,500,31817,0.168182,0.49,1,600484,599984,500
50927981,46.5705,55.8636,490,31883,0.233636,0.35,1,600530,600040,490
50930901,30.1141,53.5727,463,31949,0.214727,0.27,1,600556,600093,463
50933821,32.4228,35.5145,465,32015,0.242945,0.23,1,600589,600124,465
50936741,25.6846,35.9029,453,32081,0.248589,0.25,1,600613,600160,453
50939661,39.5369,26.3806,472,32147,0.297718,0.15,1,600656,600184,472
50942581,34.3074,40.4761,461,32213,0.323544,0.05,1,600689,600228,461
50945501,53.2615,36.8952,483,32279,0.328709,0.11,1,600747,600264,483
50948421,72.2523,54.579,501,32345,0.361742,0.13,1,600824,600323,501
50951341,47.2505,69.3158,469,32410,0.384348,0.17,1,600865,600396,469
50954261,47.8501,44.2632,479,32475,0.35687,0.17,1,600913,600434,479
50957181,47.97,48.8526,477,32540,0.351374,0.25,1,600961,600484,477
50960101,31.994,46.5705,459,32605,0.350275,0.21,1,600989,600530,459
50963021,34.3988,30.1141,468,32670,0.334055,0.25,1,601024,600556,468
50965941,24.4798,32.4228,457,32735,0.330811,0.25,1,601046,600589,457
50968861,6.49595,25.6846,435,32800,0.330162,0.31,1,601048,600613,435
50971781,37.2992,39.5369,437,32864,0.378032,0.33,1,601093,600656,437
50974701,34.6598,34.3074,438,32928,0.403607,0.33,1,601127,600689,438
50977621,54.932,53.2615,440,32992,0.376721,0.37,1,601187,600747,440
50980541,74.1864,72.2523,442,33056,0.387344,0.39,1,601266,600824,442
50983461,46.8373,47.2505,441,33120,0.421469,0.35,1,601306,600865,441
50986381,46.1675,47.8501,439,33184,0.476294,0.35,1,601352,600913,439
50989301,47.6335,47.97,439,33248,0.455259,0.35,1,601400,600961,439
50992221,31.9267,31.994,439,33312,0.483052,0.33,1,601428,600989,439
50995141,33.5853,34.3988,438,33375,0.48861,0.33,1,601462,601024,438
50998061,24.3171,24.4798,438,33438,0.521722,0.33,1,601484,601046,438
51000981,6.46341,6.49595,438,33501,0.528344,0.39,1,601486,601048,438
51003901,38.0927,37.2992,439,33564,0.577669,0.41,1,601532,601093,439
51006821,35.6185,34.6598,440,33627,0.587534,0.37,1,601567,601127,440
51009741,53.5237,54.932,438,33690,0.573507,0.39,1,601625,601187,438
51012661,74.7047,74.1864,439,33753,0.602701,0.43,1,601705,601266,439
51015581,48.5409,46.8373,441,33816,0.65654,0.49,1,601747,601306,441
51018501,48.9082,46.1675,444,33879,0.715308,0.45,1,601796,601352,444
51021421,48.1816,47.6335,444,33941,0.759062,0.49,2,601844,601400,444
51024341,32.0363,31.9267,444,34003,0.767812,0.49,2,601872,601428,444
51027261,35.2073,33.5853,446,34065,0.769562,0.53,2,601908,601462,446
51030181,24.6415,24.3171,446,34127,0.737913,0.53,1,601930,601484,446
51033101,6.52829,6.46341,446,34189,0.731582,0.59,1,601932,601486,446
51036021,40.5057,38.0927,449,34251,0.746317,0.59,1,601981,601532,449
51038941,35.3011,7.61854,483,34313,0.749263,0.59,1,602015,601532,483
51041861,54.2602,29.5237,507,34375,0.765853,0.57,2,602074,601567,507
51044781,76.452,52.3047,531,34437,0.78517,0.61,2,602156,601625,531
51047701,50.4904,74.4609,495,34498,0.805034,0.67,2,602200,601705,495
51050621,52.4981,48.4922,506,34559,0.905007,0.73,2,602253,601747,506
51202461,33,27,516,37608,0.63,1,1,604350,603834,516
51205381,30.6,25.4,521,37664,0.566,1,1,604380,603859,521
51208301,17.32,32.28,501,37720,0.5692,1,1,604394,603893,501
51211221,29.064,22.456,513,37776,0.36184,1,1,604426,603913,513
51214141,36.2128,32.4912,516,37832,0.288368,1,1,604464,603948,516
51217061,63.2426,36.8982,548,37888,0.241674,0.94,1,604534,603986,548
51219981,41.4485,60.9796,517,37944,0.136335,1,1,604570,604053,517
51222901,67.4897,40.9959,555,38000,0.0992669,0.89,1,604644,604089,555
51225821,31.8979,71.3992,499,38056,0.123853,1,1,604667,604168,499
51228741,41.5796,41.4798,509,38112,0.0967707,1,1,604711,604202,509
51231661,41.1159,38.696,512,38167,0.0913541,0.86,1,604752,604240,512
51234581,29.0232,45.3392,491,38222,0.170271,0.81,1,604778,604287,491
51237501,24.2046,33.0678,484,38277,0.154054,0.63,1,604801,604317,484
51240421,28.0409,33.0136,480,38332,0.150811,0.55,1,604830,604350,480
51243341,14.4082,30.6027,461,38387,0.182162,0.57,1,604841,604380,461
51246261,22.0816,17.3205,471,38442,0.172432,0.31,1,604865,604394,471
51249181,35.6163,29.0641,478,38497,0.138486,0.27,1,604904,604426,478
51252101,55.1233,36.2128,500,38552,0.131697,0.23,1,604964,604464,500
51255021,39.0247,63.2426,465,38607,0.194339,0.11,1,604999,604534,465
51257941,9.40493,41.4485,431,38662,0.174868,0.09,1,605001,604570,431
51260861,57.881,67.4897,427,38717,0.154974,0.13,1,605071,604644,427
51263781,25.9762,31.8979,422,38772,0.118995,0.09,1,605089,604667,422
51266701,45.9952,41.5796,429,38826,0.111799,0.09,1,605140,604711,429
51269621,40.399,41.1159,427,38880,0.12636,0.19,1,605179,604752,427
51272541,32.8798,29.0232,432,38934,0.097272,0.15,1,605210,604778,432
51275461,23.376,24.2046,430,38988,0.123454,0.15,1,605231,604801,430
51278381,27.8752,28.0409,430,39042,0.128691,0.19,1,605260,604830,430
51281301,14.375,14.4082,430,39096,0.145738,0.17,1,605271,604841,430
51284221,23.675,22.0816,432,39150,0.149148,0.13,1,605297,604865,432
51287141,32.735,35.6163,428,39204,0.16583,0.13,1,605332,604904,428
51290061,54.547,55.1233,428,39258,0.217166,0.21,1,605392,604964,428
51292981,42.1094,39.0247,432,39312,0.211433,0.17,1,605431,604999,432
51295901,10.0219,9.40493,432,39366,0.242287,0.15,1,605433,605001,432
51298821,54.0044,57.881,427,39420,0.264457,0.11,1,605498,605071,427
51301741,26.8009,25.9762,429,39474,0.268891,0.11,1,605518,605089,429
51304661,44.5602,45.9952,427,39528,0.269778,0.13,1,605567,605140,427
51307581,37.712,40.399,424,39581,0.285956,0.09,1,605603,605179,424
51310501,33.9424,32.8798,426,39634,0.305191,0.13,1,605636,605210,426
51313421,24.3885,23.376,427,39687,0.325038,0.13,1,605658,605231,427
51316341,28.8777,27.8752,428,39740,0.393008,0.15,1,605688,605260,428
51319261,13.7755,14.375,427,39793,0.374602,0.15,1,605698,605271,427
51322181,23.5551,23.675,427,39846,0.41892,0.17,1,605724,605297,427
51325101,33.511,32.735,428,39899,0.443784,0.23,1,605760,605332,428
51328021,57.1022,54.547,431,39952,0.464757,0.21,1,605823,605392,431
51330941,43.4204,42.1094,432,40005,0.468951,0.25,1,605863,605431,432
51333861,10.2841,10.0219,432,40058,0.46979,0.25,1,605865,605433,432
51336781,54.0568,2.00438,497,40111,0.453958,0.27,1,605930,605433,497
51339701,26.8114,52.4009,452,40164,0.466792,0.27,1,605950,605498,452
51342621,44.5623,26.4802,481,40217,0.501358,0.27,1,605999,605518,481
51345541,38.5125,44.496,469,40270,0.524272,0.29,1,606036,605567,469
51348461,35.7025,37.6992,468,40322,0.560854,0.31,1,606071,605603,468
51351381,27.1405,33.9398,460,40374,0.552171,0.33,1,606096,605636,460
51354301,30.2281,24.388,469,40426,0.614434,0.41,1,606127,605658,469
51357221,14.0456,28.8776,449,40478,0.642887,0.37,1,606137,605688,449
51360141,24.4091,13.7755,466,40530,0.664577,0.43,1,606164,605698,466
51363061,34.4818,23.5551,477,40582,0.668916,0.45,1,606201,605724,477
51365981,58.0964,33.511,505,40634,0.669783,0.47,1,606265,605760,505
51368901,43.6193,57.1022,482,40686,0.701957,0.47,1,606305,605823,482
51371821,10.3239,43.4204,444,40738,0.724391,0.47,1,606307,605863,444
51374741,54.8648,10.2841,508,40790,0.728878,0.45,1,606373,605865,508
51377661,27.773,54.0568,464,40842,0.761776,0.47,2,606394,605930,464
51380581,46.3546,26.8114,495,40894,0.784355,0.51,2,606445,605950,495
51383501,39.6709,44.5623,484,40946,0.788871,0.53,2,606483,605999,484
51386421,37.5342,38.5125,484,40998,0.805774,0.57,2,606520,606036,484
51389341,28.3068,35.7025,475,41049,0.825155,0.55,2,606546,606071,475
51392261,32.8614,27.1405,484,41100,0.797031,0.63,2,606580,606096,484
51395181,14.5723,30.2281,463,41151,0.807406,0.65,2,606590,606127,463
51398101,26.1145,14.0456,482,41202,0.825481,0.67,2,606619,606137,482
51401021,34.0229,24.4091,491,41253,0.893096,0.67,2,606655,606164,491
51403941,58.0046,34.4818,518,41304,0.922619,0.67,2,606719,606201,518
51406861,46.0009,58.0964,497,41355,0.928524,0.71,2,606762,606265,497
51409781,10.8002,43.6193,459,41406,0.929705,0.73,2,606764,606305,459
51412701,55.76,10.3239,524,41457,0.913941,0.73,2,606831,606307,524
51415621,28.752,54.8648,480,41508,0.910788,0.77,2,606853,606373,480
51418541,7.3504,27.773,461,41559,0.910158,0.79,2,606855,606394,461
51421461,42.2701,46.3546,461,41610,0.910032,0.79,2,606906,606445,461
51424381,38.854,39.6709,461,41661,0.910006,0.81,2,606944,606483,461
51427301,38.1708,37.5342,462,41712,0.910001,0.83,2,606982,606520,462
51430221,29.2342,28.3068,463,41763,0.894,0.79,2,607009,606546,463
51433141,32.2468,32.8614,462,41814,0.9228,0.81,2,607042,606580,462
51436061,14.4494,14.5723,462,41864,0.89656,0.83,2,607052,606590,462
51438981,28.4899,26.1145,465,41914,0.875312,0.91,2,607084,606619,465
51441901,36.898,34.0229,468,41964,0.919062,0.93,2,607123,606655,468
51444821,59.3796,58.0046,469,42014,0.927813,0.93,2,607188,606719,469
51447741,45.4759,46.0009,468,42064,0.929563,0.93,2,607230,606762,468
51596661,31,27,515,44551,0.77,1,2,608933,608418,515
51599581,11.8,35,485,44598,0.738,1,1,608940,608455,485
51602501,27.16,26.2,492,44645,0.7156,1,1,608971,608479,492
51605421,31.032,26.84,497,44692,0.67912,1,1,609003,608506,497
51608341,23.8064,33.368,484,44739,0.671824,1,1,609025,608541,484
51611261,54.3613,60.2736,479,44786,0.526365,1,1,609087,608608,479
51614181,41.2723,38.4547,484,44833,0.449273,1,1,609125,608641,484
51617101,42.6545,36.4909,491,44880,0.417855,1,1,609168,608677,491
51620021,39.7309,47.2982,480,44927,0.363571,1,1,609207,608727,480
51622941,31.1462,32.6596,480,44974,0.384714,0.86,1,609236,608756,480
51625861,28.6292,32.9319,475,45021,0.356943,0.98,1,609264,608789,475
51628781,20.1258,26.5864,468,45068,0.351389,0.95,1,609282,608814,468
51631701,23.2252,27.7173,464,45115,0.350278,0.91,1,609306,608842,464
51634621,28.645,32.7435,460,45162,0.334056,0.93,1,609336,608876,460
51637541,27.329,27.3487,461,45209,0.346811,0.77,1,609363,608902,461
51640461,26.2658,30.2697,456,45256,0.349362,0.73,1,609389,608933,456
51643381,13.2532,11.6539,459,45303,0.317872,0.71,1,609399,608940,459
51646301,25.8506,27.1308,457,45350,0.391574,0.67,1,609428,608971,457
51649221,26.7701,31.0262,452,45397,0.390315,0.67,1,609455,609003,452
51652141,24.554,23.8052,454,45443,0.406063,0.49,1,609479,609025,454
51655061,48.9108,54.361,447,45489,0.457213,0.43,1,609534,609087,447
51657981,38.5822,41.2722,445,45535,0.403443,0.41,1,609570,609125,445
51660901,41.3164,42.6544,444,45581,0.488688,0.35,1,609612,609168,444
51663821,35.4633,39.7309,439,45627,0.505738,0.39,1,609646,609207,439
51666741,28.6927,31.1462,437,45673,0.525148,0.35,1,609673,609236,437
51669661,28.1385,28.6292,437,45719,0.561029,0.35,1,609701,609264,437
51672581,20.0277,20.1258,437,45765,0.536206,0.35,1,609719,609282,437
51675501,23.2055,23.2252,437,45811,0.563241,0.33,1,609743,609306,437
51678421,29.4411,28.645,438,45857,0.568648,0.35,1,609774,609336,438
51681341,27.4882,27.329,438,45903,0.55373,0.35,1,609801,609363,438
51684261,25.4976,26.2658,437,45949,0.566746,0.35,1,609826,609389,437
51687181,13.0995,5.25316,447,45995,0.537349,0.31,1,609836,609389,447
51690101,29.0199,9.05063,470,46041,0.54747,0.41,1,609869,609399,470
51693021,25.804,25.0101,466,46087,0.565494,0.39,1,609894,609428,466
51695941,25.9608,26.602,465,46133,0.585099,0.41,1,609920,609455,465
51698861,49.9922,24.5204,497,46179,0.58902,0.47,1,609976,609479,497
51701781,37.9984,48.9041,477,46225,0.605804,0.39,1,610011,609534,477
51704701,43.5997,38.5808,486,46271,0.625161,0.51,1,610056,609570,486
51707621,37.5199,41.3162,480,46317,0.677032,0.51,1,610092,609612,480
51710541,29.104,35.4632,473,46363,0.687406,0.53,1,610119,609646,473
51713461,29.0208,28.6926,475,46408,0.721481,0.57,1,610148,609673,475
51716381,20.2042,28.1385,465,46453,0.744296,0.53,1,610166,609701,465
51719301,24.0408,20.0277,472,46498,0.732859,0.57,1,610191,609719,472
51722221,28.8082,23.2055,478,46543,0.762572,0.57,2,610221,609743,478
51725141,26.5616,29.4411,473,46588,0.784514,0.55,2,610247,609774,473
51728061,26.1123,27.4882,472,46633,0.804903,0.57,2,610273,609801,472
51730981,13.2225,25.4976,457,46678,0.808981,0.53,2,610283,609826,457
51733901,29.8445,13.0995,481,46723,0.841796,0.55,2,610317,609836,481
51736821,26.7689,29.0199,474,46768,0.848359,0.57,2,610343,609869,474
51739741,26.9538,25.804,476,46813,0.849672,0.59,2,610370,609894,476
51742661,50.1908,25.9608,506,46858,0.865934,0.59,2,610426,609920,506
51745581,38.8382,49.9922,486,46903,0.869187,0.61,2,610462,609976,486
51748501,44.5676,37.9984,497,46948,0.869837,0.63,2,610508,610011,497
51751421,40.9135,43.5997,492,46993,0.933967,0.69,2,610548,610056,492
51993781,45,33,498,50581,0.81,1,2,613004,612506,498
51996701,35.4,29,503,50623,0.73,1,1,613037,612534,503
51999621,31.08,33.8,498,50665,0.666,1,1,613067,612569,498
52002541,26.216,34.76,488,50707,0.6852,1,1,613092,612604,488
52005461,30.8432,26.952,495,50749,0.64104,1,1,613124,612629,495
52008381,32.5686,26.1904,502,50791,0.680208,1,1,613157,612655,502
52011301,23.3137,35.6381,485,50832,0.672042,0.96,1,613178,612693,485
52014221,30.2627,34.3276,483,50873,0.606408,1,1,613210,612727,483
52017141,26.0525,18.8655,493,50914,0.625282,1,1,613235,612742,493
52020061,18.8105,18.9731,491,50955,0.597056,1,1,613252,612761,491
52022981,9.3621,25.3946,471,50996,0.575411,0.98,1,613259,612788,471
52025901,35.4724,32.2789,479,51037,0.571082,1,1,613301,612822,479
52028821,27.8945,25.6558,481,51078,0.602216,1,1,613327,612846,481
52031741,15.9789,15.5312,481,51119,0.640443,0.92,1,613340,612859,481
52034661,23.9958,33.5062,469,51160,0.616089,0.91,1,613366,612897,469
52037581,28.7992,35.5012,463,51201,0.595218,0.83,1,613396,612933,463
52040501,26.5598,27.9003,463,51242,0.623044,0.81,1,613422,612959,463
52043421,36.512,41.58,457,51283,0.628609,0.71,1,613461,613004,457
52046341,32.1024,34.716,455,51324,0.613722,0.65,1,613492,613037,455
52049261,31.2205,30.9432,456,51365,0.626744,0.69,1,613523,613067,456
52052181,24.6441,26.1886,454,51406,0.661349,0.63,1,613546,613092,454
52055101,32.1288,30.8377,456,51447,0.63627,0.69,1,613580,613124,456
52058021,31.2258,32.5675,454,51488,0.663254,0.67,1,613611,613157,454
52060941,22.2452,23.3135,453,51529,0.700651,0.59,1,613631,613178,453
52063861,29.249,30.2627,452,51570,0.70813,0.63,1,613662,613210,452
52066781,29.0498,26.0525,456,51611,0.693626,0.59,1,613691,613235,456
52069701,15.41,18.8105,451,51652,0.658725,0.57,1,613703,613252,451
52072621,8.68199,9.3621,451,51693,0.667745,0.57,1,613710,613259,451
52075541,33.7364,35.4724,449,51734,0.669549,0.61,1,613750,613301,449
52078461,29.9473,27.8945,452,51775,0.71791,0.61,1,613779,613327,452
52081381,13.9895,5.5789,462,51816,0.695582,0.65,1,613789,613327,462
52084301,23.5979,11.5158,475,51857,0.691116,0.61,1,613815,613340,475
52087221,27.9196,23.1032,478,51898,0.722223,0.59,1,613844,613366,478
52090141,27.9839,28.6206,476,51939,0.744445,0.63,1,613872,613396,476
52093061,38.3968,26.5241,491,51980,0.764889,0.63,2,613913,613422,491
52095981,33.2794,36.5048,484,52021,0.768978,0.61,2,613945,613461,484
52098901,30.6559,32.101,483,52061,0.785796,0.63,2,613975,613492,483
52101821,26.1312,31.2202,477,52101,0.773159,0.67,2,614000,613523,477
52104741,29.2262,24.644,484,52141,0.770632,0.63,2,614030,613546,484
52107661,35.4452,32.1288,487,52181,0.818126,0.67,2,614067,613580,487
52110581,23.089,31.2258,476,52221,0.875625,0.71,2,614087,613611,476
52113501,29.4178,22.2452,487,52261,0.887125,0.71,2,614118,613631,487
52116421,26.6836,29.249,482,52301,0.889425,0.69,2,614144,613662,482
52119341,14.9367,29.0498,465,52341,0.905885,0.65,2,614156,613691,465
52122261,9.38734,15.41,461,52381,0.909177,0.67,2,614164,613703,461
52389441,285,137,603,11862,0.03,0,1,617995,617392,603
52392361,123.4,195.4,476,12041,0.03,0.01,1,618078,617602,476
52395281,40.68,83.88,440,12218,0.014,0.05,1,618098,617658,440
52398201,35.336,45.576,438,12392,0.0268,0.03,1,618132,617694,438
52401121,235.067,249.915,422,12564,0.01336,0.03,1,618417,617995,422
52404041,114.213,116.383,423,12733,0.010672,0.01,1,618501,618078,423
52406961,38.0427,39.2766,422,12900,0.0101344,0.03,1,618520,618098,422
52409881,34.8085,35.0553,422,13065,0.0740269,0.01,1,618554,618132,422
52412801,234.962,235.011,422,13228,0.0228054,0.01,1,618839,618417,422
52415721,114.192,114.202,422,13389,0.0445611,0.01,1,618923,618501,422
52418641,38.0385,38.0404,422,13548,0.0169122,0.09,1,618942,618520,422
52421561,36.4077,34.8081,424,13705,0.0273824,0.09,1,618978,618554,424
52423021,168.082,6.96162,625,13860,0.00547649,0.01,1,619179,618554,625
52425941,99.2163,229.392,422,14013,0.0090953,0.05,1,619261,618839,422
52428861,87.0433,113.078,422,14165,0.0258191,0.01,1,619345,618923,422
52431781,32.6087,37.8157,422,14315,0.00516381,0.03,1,619364,618942,422
52434701,36.1217,36.3631,423,14463,0.00903276,0,1,619401,618978,423
52437621,232.024,168.073,503,14610,0.00980655,0.01,1,619682,619179,503
52440541,113.605,99.2145,505,14755,0.00996131,0.03,1,619766,619261,505
52443461,37.921,87.0429,440,14899,0.00999226,0,1,619785,619345,440
52446381,37.9842,32.6086,459,15042,0.0419985,0.01,1,619823,619364,459
52449301,9.19684,36.1217,424,15183,0.0483997,0.01,1,619825,619401,424
52452221,225.039,232.024,422,15323,0.12968,0.01,1,620104,619682,422
52455141,113.008,113.605,423,15462,0.049936,0.01,1,620189,619766,423
52458061,37.0016,37.921,422,15599,0.0499872,0.05,1,620207,619785,422
52460981,39.4003,37.9842,424,15735,0.0179974,0.05,1,620247,619823,424
52463901,9.48006,9.19684,424,15870,0.0115995,0.15,1,620249,619825,424
52466821,225.896,225.039,425,16004,0.15432,0.03,1,620529,620104,425
52469741,110.779,113.008,422,16137,0.054864,0.05,1,620611,620189,422
52472661,36.5558,37.0016,422,16269,0.0189728,0.01,1,620629,620207,422
52475581,39.3112,39.4003,422,16400,0.0117946,0.01,1,620669,620247,422
52478501,9.46223,9.48006,422,16529,0.0103589,0.19,1,620671,620249,422
52481421,233.092,225.896,431,16657,0.106072,0.19,1,620960,620529,431
52484341,104.218,45.1792,503,16784,0.125214,0.03,1,621032,620529,503
52487261,35.2437,74.6358,439,16911,0.0970429,0.01,1,621050,620611,439
52490181,39.0487,29.3272,461,17037,0.0434086,0.01,1,621090,620629,461
52493101,9.40975,37.8654,423,17162,0.0326817,0.01,1,621092,620669,423
52494561,162.682,9.17309,622,17286,0.0945363,0.13,1,621293,620671,622
52497481,108.536,233.035,428,17409,0.106907,0.13,1,621388,620960,428
52500401,77.7073,104.207,426,17531,0.157381,0.09,1,621458,621032,426
52503321,29.1415,35.2414,425,17652,0.199476,0.03,1,621475,621050,425
52506241,36.2283,39.0483,423,17772,0.271895,0.03,1,621513,621090,423
52509161,8.84566,9.40965,423,17891,0.286379,0.11,1,621515,621092,423
52512081,239.369,162.682,519,18010,0.305276,0.11,1,621812,621293,519
52515001,49.4738,108.536,426,18128,0.325055,0.17,1,621814,621388,426
52517921,69.0948,77.7073,430,18245,0.361011,0.21,1,621888,621458,430
52520841,29.019,29.1415,432,18361,0.416202,0.29,1,621907,621475,432
52523761,37.8038,36.2283,434,18477,0.42724,0.29,1,621947,621513,434
52526681,9.16076,8.84566,434,18592,0.429448,0.31,1,621949,621515,434
52529601,242.632,239.369,438,18706,0.54189,0.33,1,622250,621812,438
52532521,50.1264,49.4738,438,18819,0.564378,0.37,1,622252,621814,438
52535441,70.8253,69.0948,440,18932,0.600876,0.43,1,622328,621888,440
52538361,30.1651,29.019,441,19044,0.624175,0.43,1,622348,621907,441
52541281,39.633,37.8038,443,19155,0.644835,0.43,1,622390,621947,443
52544201,9.5266,9.16076,443,19266,0.648967,0.57,1,622392,621949,443
52547121,248.305,242.632,450,19376,0.713793,0.57,1,622700,622250,450
52550041,51.2611,50.1264,450,19486,0.726759,0.61,1,622702,622252,450
52552961,71.8522,70.8253,451,19595,0.777352,0.61,2,622779,622328,451
52555881,31.1704,14.1651,472,19703,0.77147,0.63,2,622800,622328,472
52558801,40.6341,18.833,495,19811,0.770294,0.65,2,622843,622348,495
52561721,9.72682,37.3666,455,19918,0.770059,0.65,2,622845,622390,455
52563181,162.745,9.07332,654,20025,0.786012,0.73,2,623046,622392,654
52566101,122.949,248.215,459,20131,0.821202,0.73,2,623159,622700,459
52569021,26.1898,51.2429,459,20236,0.828241,0.79,2,623161,622702,459
52571941,68.438,71.8486,461,20341,0.829648,0.77,2,623240,622779,461
52574861,29.6876,31.1697,460,20445,0.84593,0.77,2,623260,622800,460
52577781,40.3375,40.6339,460,20549,0.913186,0.77,2,623303,622843,460
52580701,9.6675,9.72679,460,20652,0.926637,0.79,2,623305,622845,460
52672681,39,47,528,23717,0.33,1,1,625620,625092,528
52675601,44.6,55.8,516,23806,0.298,1,1,625666,625150,516
52678521,37.72,40.76,515,23895,0.1476,1,1,625702,625187,515
52681441,37.944,37.752,516,23984,0.05352,1,1,625740,625224,516
52684361,35.5888,37.1504,514,24072,0.034704,1,1,625775,625261,514
52687281,27.1178,32.2301,508,24160,0.0789408,0.87,1,625800,625292,508
52690201,136.624,170.446,467,24248,0.0557882,0.57,1,625964,625497,467
52693121,80.9247,101.289,450,24335,0.0351576,0.33,1,626031,625581,450
52696041,41.7849,51.4578,443,24422,0.0310315,0.29,1,626063,625620,443
52698961,39.557,47.0916,436,24509,0.0462063,0.11,1,626102,625666,436
52701881,27.1114,38.2183,424,24595,0.0172413,0.03,1,626126,625702,424
52704801,35.8223,38.0437,424,24681,0.0274483,0.03,1,626164,625740,424
52707721,35.1645,35.6087,424,24767,0.0614896,0.09,1,626199,625775,424
52710641,25.4329,27.1217,422,24853,0.0362979,0.05,1,626222,625800,422
52713561,136.287,136.624,422,24938,0.0632596,0.03,1,626386,625964,422
52716481,80.8573,80.9249,422,25023,0.0526519,0.03,1,626453,626031,422
52719401,41.7715,41.785,422,25108,0.0345304,0.05,1,626485,626063,422
52722321,41.1543,39.557,424,25192,0.0309061,0.01,1,626526,626102,424
52725241,25.8309,27.1114,422,25276,0.0141812,0.03,1,626548,626126,422
52728161,36.3662,35.8223,423,25360,0.106836,0.07,1,626587,626164,423
52731081,34.4732,35.1645,422,25444,0.0613673,0.07,1,626621,626199,422
52734001,24.4946,7.03289,444,25527,0.0362734,0.03,1,626643,626199,444
52736921,136.899,19.8066,586,25610,0.0312547,0.07,1,626808,626222,586
52739841,80.1798,135.161,488,25693,0.0782509,0.05,1,626874,626386,488
52742761,41.636,80.6323,453,25775,0.0236502,0.03,1,626906,626453,453
52745681,41.9272,41.7265,463,25857,0.02873,0.03,1,626948,626485,463
52748601,25.1854,41.1453,443,25939,0.029746,0.01,1,626969,626526,443
52751521,37.8371,25.8291,462,26021,0.0619492,0.13,1,627010,626548,462
52754441,33.1674,36.3658,455,26102,0.0683898,0.05,1,627042,626587,455
52757361,25.0335,34.4732,444,26183,0.053678,0.03,1,627065,626621,444
52760281,137.807,24.4946,588,26264,0.0987356,0.03,1,627231,626643,588
52763201,81.9613,136.899,491,26345,0.235747,0.09,1,627299,626808,491
52766121,39.5923,80.1798,454,26425,0.247149,0.01,1,627328,626874,454
52769041,41.5185,41.636,464,26505,0.24943,0.03,1,627370,626906,464
52771961,24.3037,41.9272,442,26585,0.249886,0.03,1,627390,626948,442
52774881,40.0607,25.1854,465,26665,0.185977,0.07,1,627434,626969,465
52777801,33.6121,37.8371,456,26744,0.189195,0.07,1,627466,627010,456
52780721,24.3224,33.1674,446,26823,0.189839,0.05,1,627488,627042,446
52783641,141.664,25.0335,594,26902,0.205968,0.11,1,627659,627065,594
52786561,29.9329,137.807,430,26981,0.209194,0.27,1,627661,627231,430
52789481,64.3866,81.9613,435,27060,0.257839,0.25,1,627734,627299,435
52792401,35.2773,39.5923,434,27138,0.315568,0.25,1,627762,627328,434
52795321,40.6555,41.5185,434,27216,0.343114,0.25,1,627804,627370,434
52798241,22.5311,24.3037,432,27294,0.348623,0.17,1,627822,627390,432
52801161,38.1062,40.0607,430,27372,0.349725,0.19,1,627864,627434,430
52804081,34.0212,33.6121,431,27449,0.333945,0.19,1,627897,627466,431
52807001,24.4042,24.3224,431,27526,0.330789,0.21,1,627919,627488,431
52809921,143.281,141.664,433,27603,0.378158,0.21,1,628092,627659,433
52812841,30.2562,29.9329,433,27680,0.387632,0.27,1,628094,627661,433
52815761,66.0512,64.3866,435,27757,0.405526,0.33,1,628169,627734,435
52818681,36.4102,35.2773,436,27833,0.457105,0.35,1,628198,627762,436
52821601,41.6821,40.6555,437,27909,0.435421,0.35,1,628241,627804,437
52824521,22.7364,22.5311,437,27985,0.431084,0.35,1,628259,627822,437
52827441,38.1473,38.1062,437,28061,0.462217,0.33,1,628301,627864,437
52830361,33.2295,34.0212,436,28136,0.468443,0.33,1,628333,627897,436
52833281,24.2459,24.4042,436,28211,0.437689,0.39,1,628355,627919,436
52836201,145.649,143.281,439,28286,0.543538,0.39,1,628531,628092,439
52839121,30.7298,30.2562,439,28361,0.564708,0.39,1,628533,628094,439
52842041,68.546,6.05123,517,28436,0.584942,0.41,1,628611,628094,517
52844961,36.9092,61.2102,471,28510,0.572988,0.47,1,628640,628169,471
52847881,41.7818,35.442,485,28584,0.618598,0.43,1,628683,628198,485
52850801,22.7564,41.4884,460,28658,0.62772,0.43,1,628701,628241,460
52853721,38.1513,22.6977,484,28732,0.629544,0.47,1,628743,628259,484
52856641,33.2303,38.1395,474,28806,0.645909,0.47,1,628775,628301,474
52859561,24.2461,33.2279,464,28879,0.649182,0.43,1,628797,628333,464
52862481,149.649,24.2456,623,28952,0.713836,0.57,1,628978,628355,623
52865401,31.5298,145.649,449,29025,0.726767,0.57,1,628980,628531,449
52868321,69.506,30.7298,526,29098,0.761353,0.59,2,629059,628533,526
52871241,38.7012,68.546,479,29171,0.768271,0.57,2,629090,628611,479
52874161,43.7402,36.9092,495,29244,0.881654,0.63,2,629135,628640,495
52877081,23.148,41.7818,470,29316,0.920331,0.63,2,629153,628683,470
52880001,39.0296,22.7564,495,29388,0.928066,0.63,2,629196,628701,495
53145721,42,35,518,35343,0.71,1,1,633430,632912,518
53148641,24.4,31.8,507,35403,0.63,1,1,633450,632943,507
53151561,24.08,21.56,512,35463,0.502,1,1,633474,632962,512
53154481,33.616,22.712,525,35523,0.4764,1,1,633510,632985,525
53157401,27.5232,34.9424,513,35583,0.43928,1,1,633536,633023,513
53160321,34.3046,34.9885,514,35642,0.319856,1,1,633572,633058,514
53163241,33.2609,34.1977,513,35701,0.167971,1,1,633605,633092,513
53166161,31.4522,34.0395,510,35760,0.137594,1,1,633636,633126,510
53169081,72.6904,90.0079,489,35819,0.0995189,1,1,633719,633230,489
53172001,39.3381,49.2016,481,35878,0.107904,0.93,1,633750,633269,481
53174921,63.0676,76.2403,467,35937,0.0615808,0.77,1,633819,633352,467
53177841,36.6135,44.0481,461,35996,0.132316,0.71,1,633849,633388,461
53180761,35.3227,42.4096,454,36055,0.0984632,0.61,1,633884,633430,454
53183681,20.6645,24.4819,451,36114,0.107693,0.47,1,633901,633450,451
53186601,16.1329,24.0964,442,36173,0.0615385,0.47,1,633916,633474,442
53189521,30.4266,33.6193,440,36231,0.116308,0.43,1,633950,633510,440
53192441,26.8853,27.5239,440,36289,0.0952615,0.29,1,633976,633536,440
53195361,28.5771,34.3048,433,36347,0.107052,0.13,1,634005,633572,433
53198281,24.9154,33.261,424,36405,0.10941,0.13,1,634029,633605,424
53201201,29.7831,31.4522,424,36463,0.141882,0.09,1,634060,633636,424
53204121,77.1566,72.6904,430,36521,0.0523764,0.11,1,634149,633719,430
53207041,41.0313,39.3381,431,36579,0.0984753,0.05,1,634181,633750,431
53209961,57.8063,63.0676,424,36637,0.107695,0.15,1,634243,633819,424
53212881,37.9613,36.6135,427,36695,0.093539,0.09,1,634276,633849,427
53215801,34.7923,35.3227,426,36753,0.122708,0.11,1,634310,633884,426
53218721,18.1584,20.6645,423,36810,0.0965416,0.05,1,634324,633901,423
53221641,18.0317,16.1329,426,36867,0.139308,0.13,1,634342,633916,426
53224561,29.2063,30.4266,424,36924,0.163862,0.09,1,634374,633950,424
53227481,26.6413,26.8853,424,36981,0.168772,0.11,1,634400,633976,424
53230401,30.9283,28.5771,427,37038,0.185754,0.11,1,634432,634005,427
53233321,24.5857,24.9154,426,37095,0.173151,0.15,1,634455,634029,426
53236241,32.9171,29.7831,430,37152,0.17063,0.15,1,634490,634060,430
53239161,71.3834,5.95662,511,37209,0.074126,0.03,1,634571,634060,511
53242081,39.8767,72.3913,454,37266,0.0868252,0.11,1,634603,634149,454
53245001,60.7753,40.0783,488,37323,0.169365,0.11,1,634669,634181,488
53247921,37.7551,57.6157,458,37380,0.201873,0.09,1,634701,634243,458
53250841,34.751,37.9231,459,37437,0.208375,0.13,1,634735,634276,459
53253761,18.1502,34.7846,439,37493,0.209675,0.09,1,634749,634310,439
53256681,19.63,18.1569,445,37549,0.241935,0.15,1,634769,634324,445
53259601,29.526,18.0314,459,37605,0.232387,0.17,1,634801,634342,459
53262521,26.7052,29.2063,453,37661,0.230477,0.17,1,634827,634374,453
53265441,31.741,26.6413,460,37717,0.262095,0.19,1,634860,634400,460
53268361,23.9482,30.9283,450,37773,0.268419,0.17,1,634882,634432,450
53271281,32.7896,24.5856,462,37829,0.285684,0.17,1,634917,634455,462
53274201,68.1579,32.9171,504,37885,0.321137,0.05,1,634994,634490,504
53277121,40.8316,71.3834,457,37941,0.344227,0.09,1,635028,634571,457
53280041,64.9663,39.8767,496,37997,0.380845,0.19,1,635099,634603,496
53282961,39.3933,60.7753,463,38053,0.436169,0.21,1,635132,634669,463
53285881,35.0787,37.7551,465,38109,0.447234,0.21,1,635166,634701,465
53288801,18.2157,34.751,445,38164,0.449447,0.21,1,635180,634735,445
53291721,19.6431,18.1502,451,38219,0.449889,0.25,1,635200,634749,451
53294641,30.3286,19.63,464,38274,0.465978,0.23,1,635233,634769,464
53297561,26.8657,29.526,458,38329,0.485196,0.23,1,635259,634801,458
53300481,33.3731,26.7052,467,38384,0.473039,0.27,1,635294,634827,467
53303401,24.2746,31.741,456,38439,0.470608,0.27,1,635316,634860,456
53306321,33.6549,23.9482,470,38494,0.502122,0.29,1,635352,634882,470
53309241,70.731,32.7896,515,38549,0.588424,0.33,1,635432,634917,515
53312161,41.3462,68.1579,472,38604,0.605685,0.35,1,635466,634994,472
53315081,9.86924,40.8316,440,38659,0.609137,0.39,1,635468,635028,440
53318001,61.1738,64.9663,443,38714,0.593827,0.45,1,635542,635099,443
53320921,39.4348,39.3933,444,38769,0.574766,0.45,1,635576,635132,444
53323841,35.087,35.0787,444,38823,0.602953,0.45,1,635610,635166,444
53326761,18.2174,18.2157,444,38877,0.624591,0.45,1,635624,635180,444
53329681,19.6435,19.6431,444,38931,0.596918,0.47,1,635644,635200,444
53332601,31.9287,30.3286,446,38985,0.639384,0.49,1,635679,635233,446
53335521,27.1857,26.8657,446,39039,0.647877,0.47,1,635705,635259,446
53338441,32.6371,33.3731,445,39093,0.649575,0.47,1,635739,635294,445
53341361,24.9274,24.2746,446,39147,0.649915,0.51,1,635762,635316,446
53344281,34.5855,33.6549,447,39201,0.681983,0.61,1,635799,635352,447
53347201,74.9171,70.731,452,39255,0.688397,0.61,1,635884,635432,452
53350121,42.1834,41.3462,452,39309,0.737679,0.61,1,635918,635466,452
53353041,10.0367,9.86924,452,39363,0.747536,0.59,1,635920,635468,452
53355961,58.8073,61.1738,449,39417,0.701507,0.57,1,635991,635542,449
53358881,39.7615,39.4348,450,39471,0.740301,0.61,1,636026,635576,450
53361801,35.1523,35.087,450,39525,0.81206,0.63,2,636060,635610,450
53364721,19.0305,18.2174,451,39578,0.826412,0.59,2,636075,635624,451
53367641,20.6061,19.6435,452,39631,0.845282,0.65,2,636096,635644,452
53370561,32.1212,31.9287,452,39684,0.833057,0.65,2,636131,635679,452
53373481,27.2242,27.1857,452,39737,0.830611,0.65,2,636157,635705,452
53376401,33.4448,32.6371,453,39790,0.830122,0.65,2,636192,635739,453
53379321,25.889,24.9274,454,39843,0.830024,0.69,2,636216,635762,454
53382241,34.7778,34.5855,454,39896,0.894005,0.69,2,636253,635799,454
53385161,76.5556,74.9171,456,39949,0.874801,0.75,2,636340,635884,456
53388081,43.3111,42.1834,457,40002,0.85496,0.75,2,636375,635918,457
53391001,10.2622,10.0367,457,40055,0.850992,0.69,2,636377,635920,457
53393921,58.8524,58.8073,457,40108,0.850198,0.69,2,636448,635991,457
53396841,41.3705,11.7615,494,40161,0.89804,0.75,2,636485,635991,494
53399761,37.0741,30.3523,495,40214,0.907608,0.83,2,636521,636026,495
53402681,20.2148,33.2705,477,40267,0.941522,0.83,2,636537,636060,477
53548681,29,28,494,42808,0.71,1,1,638319,637825,494
53551601,33,43.2,481,42857,0.614,1,1,638353,637872,481
53554521,34.6,37.44,480,42906,0.5628,1,1,638388,637908,480
53557441,37.32,33.888,485,42955,0.36056,1,1,638426,637941,485
53560361,29.864,27.5776,487,43004,0.208112,1,1,638454,637967,487
53563281,25.9728,5.51552,512,43053,0.0976224,1,1,638479,637967,512
53566201,23.5946,17.1031,515,43102,0.0595245,0.99,1,638502,637987,515
53569121,24.7189,27.4206,510,43151,0.0359049,1,1,638527,638017,510
53572041,33.7438,23.0841,524,43200,0.031181,1,1,638563,638039,524
53574961,29.1488,27.8168,523,43249,0.0062362,1,1,638591,638068,523
53577881,21.0298,34.3634,506,43298,0.0252472,0.94,1,638610,638104,506
53580801,23.406,28.4727,503,43347,0.0290494,0.99,1,638634,638131,503
53583721,71.8812,27.2945,560,43396,0.0778099,0.87,1,638718,638158,560
53586641,38.3762,82.2589,494,43445,0.039562,0.75,1,638748,638254,494
53589561,27.6752,45.2518,483,43494,0.0159124,0.71,1,638773,638290,483
53592481,25.535,32.2504,479,43543,0.0271825,0.59,1,638798,638319,479
53595401,29.907,33.6501,476,43591,0.125436,0.55,1,638829,638353,476
53598321,27.5814,34.73,468,43639,0.113087,0.31,1,638856,638388,468
53601241,27.1163,37.346,457,43687,0.0626175,0.17,1,638883,638426,457
53604161,25.4233,29.8692,454,43735,0.100523,0.07,1,638908,638454,454
53607081,17.8847,25.9738,445,43783,0.124105,0.05,1,638924,638479,445
53610001,23.5769,23.5948,447,43831,0.128821,0.03,1,638949,638502,447
53612921,34.3154,24.719,459,43879,0.145764,0.03,1,638986,638527,459
53615841,28.4631,33.7438,450,43927,0.0691528,0,1,639013,638563,450
53618761,20.0926,29.1488,440,43975,0.0218306,0.03,1,639031,638591,440
53621681,23.2185,21.0298,445,44023,0.0443661,0.03,1,639055,638610,445
53624601,75.0437,23.406,509,44071,0.0328732,0.09,1,639143,638634,509
53627521,36.6087,71.8812,452,44119,0.0465746,0.03,1,639170,638718,452
53630441,28.9217,38.3762,449,44167,0.0333149,0.01,1,639197,638748,449
53633361,24.9844,27.6752,448,44215,0.046663,0.03,1,639221,638773,448
53636281,32.9969,25.535,458,44263,0.0333326,0.15,1,639256,638798,458
53639201,25.7994,29.907,451,44311,0.0626665,0.11,1,639280,638829,451
53642121,27.5599,27.5814,452,44359,0.0685333,0.05,1,639308,638856,452
53645041,26.312,27.1163,451,44407,0.0697067,0.11,1,639334,638883,451
53647961,20.4624,25.4233,445,44455,0.117941,0.13,1,639353,638908,445
53650881,5.69248,17.8847,431,44502,0.127588,0.13,1,639355,638924,431
53653801,19.5385,23.5769,429,44549,0.145518,0.15,1,639378,638949,429
53656721,30.3077,34.3154,425,44596,0.165104,0.05,1,639411,638986,425
53659641,28.4615,28.4631,426,44643,0.169021,0.01,1,639439,639013,426
53662561,16.8923,20.0926,422,44690,0.185804,0.05,1,639453,639031,422
53665481,24.1785,23.2185,424,44737,0.125161,0.03,1,639479,639055,424
53668401,74.4357,75.0437,423,44784,0.0970322,0.05,1,639566,639143,423
53671321,35.6871,36.6087,422,44831,0.0914064,0.03,1,639592,639170,422
53674241,29.5374,28.9217,423,44878,0.0902813,0.05,1,639620,639197,423
53677161,25.9075,24.9844,424,44925,0.122056,0.03,1,639645,639221,424
53680081,33.1815,32.9969,424,44972,0.112411,0.07,1,639680,639256,424
53683001,26.6363,25.7994,425,45019,0.0944823,0.07,1,639705,639280,425
53685921,27.7273,27.5599,425,45066,0.0588965,0.07,1,639733,639308,425
53688841,27.9455,26.312,427,45113,0.0677793,0.13,1,639761,639334,427
53691761,21.5891,20.4624,428,45160,0.117556,0.13,1,639781,639353,428
53694681,5.91782,5.69248,428,45207,0.0955112,0.15,1,639783,639355,428
53697601,20.3836,19.5385,429,45254,0.0911022,0.17,1,639807,639378,429
53700521,31.2767,30.3077,430,45301,0.17022,0.17,1,639841,639411,430
53703441,27.0553,28.4615,428,45348,0.202044,0.19,1,639867,639439,428
53706361,15.8111,16.8923,427,45395,0.192409,0.11,1,639880,639453,427
53709281,22.3622,24.1785,425,45441,0.206482,0.09,1,639904,639479,425
53712201,73.2724,74.4357,424,45487,0.289296,0.09,1,639990,639566,424
53715121,35.4545,35.6871,424,45533,0.305859,0.09,1,640016,639592,424
53718041,29.4909,29.5374,424,45579,0.325172,0.13,1,640044,639620,424
53720961,27.4982,25.9075,426,45625,0.345034,0.11,1,640071,639645,426
53723881,32.6996,33.1815,425,45671,0.381007,0.09,1,640105,639680,425
53726801,25.7399,26.6363,424,45717,0.388201,0.05,1,640129,639705,424
53729721,28.348,27.7273,425,45763,0.38964,0.07,1,640158,639733,425
53732641,28.8696,27.9455,426,45809,0.421928,0.13,1,640187,639761,426
53735561,21.7739,21.5891,426,45855,0.396386,0.09,1,640207,639781,426
53738481,5.95478,5.91782,426,45901,0.391277,0.09,1,640209,639783,426
53741401,21.191,20.3836,427,45947,0.422255,0.09,1,640234,639807,427
53744321,33.0382,4.07671,463,45993,0.396451,0.19,1,640270,639807,463
53747241,27.4076,28.0153,455,46039,0.35929,0.21,1,640296,639841,455
53750161,17.4815,26.4031,444,46085,0.335858,0.19,1,640311,639867,444
53753081,22.6963,15.6806,455,46131,0.363172,0.21,1,640335,639880,455
53756001,75.7393,22.3361,520,46177,0.416634,0.31,1,640424,639904,520
53758921,35.9479,73.2672,460,46223,0.427327,0.31,1,640450,639990,460
53761841,30.3896,35.4534,463,46269,0.445465,0.33,1,640479,640016,463
53764761,28.4779,29.4907,463,46315,0.449093,0.35,1,640507,640044,463
53767681,34.4956,27.4981,472,46361,0.449819,0.39,1,640543,640071,472
53770601,26.0991,32.6996,462,46406,0.449964,0.39,1,640567,640105,462
53773521,30.0198,25.7399,469,46451,0.433993,0.39,1,640598,640129,469
53776441,29.204,28.348,469,46496,0.446799,0.43,1,640627,640158,469
53779361,22.6408,28.8696,461,46541,0.43336,0.39,1,640648,640187,461
53782281,6.12816,21.7739,443,46586,0.462672,0.39,1,640650,640207,443
53785201,20.4256,5.95478,465,46631,0.468534,0.43,1,640674,640209,465
53788121,31.2851,21.191,474,46676,0.501707,0.39,1,640708,640234,474
53791041,27.057,33.0382,464,46721,0.540341,0.35,1,640734,640270,464
53793961,18.2114,27.4076,454,46766,0.548068,0.33,1,640750,640296,454
53796881,23.6423,17.4815,464,46811,0.533614,0.37,1,640775,640311,464
53799801,77.5285,22.6963,531,46856,0.594723,0.43,1,640866,640335,531
53802721,36.3057,75.7393,468,46901,0.606945,0.43,1,640892,640424,468
53805641,31.2611,35.9479,472,46946,0.609389,0.45,1,640922,640450,472
53808561,29.4522,30.3896,472,46991,0.593878,0.45,1,640951,640479,472
53811481,33.8904,28.4779,479,47036,0.638776,0.45,1,640986,640507,479
53814401,25.9781,34.4956,467,47081,0.647755,0.45,1,641010,640543,467
53817321,29.1956,26.0991,473,47126,0.649551,0.43,1,641040,640567,473
53820241,29.8391,30.0198,472,47171,0.68191,0.45,1,641070,640598,472
53823161,23.5678,29.204,465,47216,0.688382,0.43,1,641092,640627,465
53826081,6.31356,22.6408,446,47261,0.705676,0.47,1,641094,640648,446
53829001,21.2627,6.12816,469,47306,0.709135,0.47,1,641119,640650,469
53831921,32.2525,20.4256,480,47351,0.741827,0.51,1,641154,640674,480
53834841,8.05051,31.2851,448,47396,0.748365,0.55,1,641156,640708,448
53837761,23.2101,27.057,449,47440,0.797673,0.55,2,641183,640734,449
53840681,17.442,18.2114,449,47484,0.775535,0.53,2,641199,640750,449
53843601,22.6884,23.6423,448,47528,0.803107,0.61,2,641223,640775,448
53846521,80.5377,77.5285,452,47572,0.808621,0.61,2,641318,640866,452
53849441,36.9075,36.3057,452,47616,0.809724,0.61,2,641344,640892,452
53852361,31.3815,31.2611,452,47660,0.793945,0.59,2,641374,640922,452
53855281,29.4763,29.4522,452,47704,0.806789,0.65,2,641403,640951,452
53858201,35.4953,33.8904,454,47748,0.809358,0.65,2,641440,640986,454
53861121,26.2991,25.9781,454,47792,0.841872,0.65,2,641464,641010,454
53864041,29.2598,29.1956,454,47836,0.816374,0.69,2,641494,641040,454
53866961,31.452,29.8391,456,47880,0.859275,0.69,2,641526,641070,456
53869881,24.6904,23.5678,457,47924,0.883855,0.71,2,641549,641092,457
53872801,6.53808,6.31356,457,47968,0.920771,0.71,2,641551,641094,457
53875721,21.3076,21.2627,457,48012,0.880154,0.75,2,641576,641119,457
53878641,33.8615,32.2525,459,48056,0.888031,0.75,2,641613,641154,459
53881561,8.3723,8.05051,459,48100,0.889606,0.81,2,641615,641156,459
53884481,24.0745,23.2101,460,48144,0.905921,0.77,2,641643,641183,460
53887401,17.6149,17.442,460,48188,0.941184,0.81,2,641659,641199,460
53890321,22.723,22.6884,460,48232,0.948237,0.81,2,641683,641223,460
54087421,80,67,525,23541,0.07,0.99,1,643843,643318,525
54090341,56.8,70.2,505,23631,0.07,0.91,1,643894,643389,505
54093261,64.16,72.44,498,23721,0.054,0.71,1,643960,643462,498
54096181,44.032,61.688,478,23810,0.0508,0.51,1,643999,643521,478
54099101,52.8064,63.5376,469,23899,0.05016,0.21,1,644054,643585,469
54102021,38.5613,54.3075,452,23988,0.146032,0.21,1,644089,643637,452
54104941,32.5123,41.2615,445,24076,0.165206,0.05,1,644120,643675,445
54107861,58.5025,78.6523,422,24164,0.0570413,0.07,1,644185,643763,422
54110781,79.7005,79.7305,427,24252,0.0834083,0.07,1,644270,643843,427
54113701,53.5401,56.7461,423,24339,0.0886817,0.05,1,644317,643894,423
54116621,65.908,64.1492,426,24426,0.137736,0.05,1,644386,643960,426
54119541,44.3816,44.0298,426,24513,0.115547,0.05,1,644425,643999,426
54122461,54.4763,52.806,428,24599,0.175109,0.17,1,644482,644054,428
54125381,41.2953,38.5612,431,24685,0.155022,0.17,1,644520,644089,431
54128301,33.0591,32.5122,431,24771,0.167004,0.03,1,644551,644120,431
54131221,51.4118,58.5024,422,24857,0.185401,0.09,1,644607,644185,422
54134141,83.0824,79.7005,428,24942,0.0370802,0.09,1,644698,644270,428
54137061,53.4165,53.5401,427,25027,0.047416,0.15,1,644744,644317,427
54139981,66.6833,65.908,428,25112,0.0814832,0.11,1,644814,644386,428
54142901,43.7367,44.3816,427,25196,0.120297,0.19,1,644852,644425,427
54145821,55.9473,54.4763,429,25280,0.0960593,0.15,1,644911,644482,429
54148741,39.9895,41.2953,427,25364,0.123212,0.17,1,644947,644520,427
54151661,35.1979,33.0591,430,25448,0.0966424,0.17,1,644981,644551,430
54154581,48.6396,6.61181,482,25531,0.0913285,0.19,1,645033,644551,482
54157501,78.5279,46.1224,512,25614,0.0902657,0,1,645119,644607,512
54160421,52.5056,82.0245,467,25697,0.0900531,0.05,1,645165,644698,467
54163341,69.7011,53.2049,495,25779,0.202011,0.09,1,645239,644744,495
54166261,44.3402,66.641,463,25861,0.224402,0.13,1,645277,644814,463
54169181,56.068,43.7282,484,25943,0.24488,0.09,1,645336,644852,484
54172101,40.0136,55.9456,461,26025,0.248976,0.13,1,645372,644911,461
54175021,34.4027,39.9891,458,26106,0.249795,0.09,1,645405,644947,458
54177941,50.0805,35.1978,478,26187,0.281959,0.09,1,645459,644981,478
54180861,78.0161,48.6396,511,26268,0.320392,0.09,1,645544,645033,511
54183781,52.4032,78.5279,471,26349,0.392078,0.09,1,645590,645119,471
54186701,75.2806,52.5056,506,26429,0.470416,0.23,1,645671,645165,506
54189621,46.2561,69.7011,471,26509,0.486083,0.23,1,645710,645239,471
54192541,56.4512,44.3402,492,26589,0.473217,0.25,1,645769,645277,492
54195461,40.0902,56.068,469,26669,0.486643,0.25,1,645805,645336,469
54198381,36.018,40.0136,468,26748,0.505329,0.25,1,645840,645372,468
54201301,50.4036,34.4027,489,26827,0.525066,0.29,1,645894,645405,489
54204221,80.4807,50.0805,523,26906,0.609013,0.33,1,645982,645459,523
54207141,17.6961,78.0161,440,26985,0.625803,0.41,1,645984,645544,440
54210061,41.9392,52.4032,442,27063,0.597161,0.49,1,646032,645590,442
54212981,76.3878,75.2806,446,27141,0.575432,0.49,1,646117,645671,446
54215901,46.4776,46.2561,446,27219,0.587086,0.47,1,646156,645710,446
54218821,55.6955,56.4512,445,27297,0.653417,0.49,1,646214,645769,445
54221741,40.7391,40.0902,446,27375,0.714683,0.51,1,646251,645805,446
54224661,36.9478,36.018,447,27452,0.710937,0.53,1,646287,645840,447
54227581,52.1896,50.4036,449,27529,0.726187,0.63,1,646343,645894,449
54230501,84.0379,80.4807,453,27606,0.697237,0.63,1,646435,645982,453
54233421,18.4076,17.6961,453,27683,0.739447,0.59,1,646437,645984,453
54236341,40.4815,41.9392,451,27760,0.747889,0.57,1,646483,646032,451
54239261,75.2963,76.3878,450,27836,0.781578,0.59,2,646567,646117,450
54242181,47.0593,46.4776,451,27912,0.804316,0.67,2,646607,646156,451
54245101,57.4119,55.6955,453,27988,0.776863,0.73,2,646667,646214,453
54248021,43.4824,40.7391,456,28064,0.819373,0.71,2,646707,646251,456
54250941,38.2965,36.9478,457,28139,0.843875,0.73,2,646744,646287,457
54253861,51.6593,52.1896,456,28214,0.848775,0.69,2,646799,646343,456
54256781,84.7319,84.0379,457,28289,0.865755,0.75,2,646892,646435,457
54259701,18.5464,18.4076,457,28364,0.837151,0.75,2,646894,646437,457
54262621,41.3093,3.68152,504,28439,0.83143,0.75,2,646941,646437,504
54265541,77.8619,37.5363,545,28513,0.894286,0.79,2,647028,646483,545
54268461,45.9724,74.7073,499,28587,0.922857,0.81,2,647066,646567,499
54271381,55.5945,46.9415,517,28661,0.928571,0.77,2,647124,646607,517
54426141,98,56,566,32343,0.73,1,1,649746,649180,566
54429061,48.4,90.4,503,32408,0.714,1,1,649782,649279,503
54431981,51.28,48.48,517,32473,0.6628,1,1,649834,649317,517
54434901,61.456,42.496,540,32538,0.71656,1,1,649898,649358,540
54437821,40.2912,66.8992,502,32603,0.711312,0.93,1,649933,649431,502
54440741,38.4582,41.3798,505,32668,0.710262,0.91,1,649971,649466,505
54443661,28.4916,38.676,493,32733,0.758053,0.94,2,649997,649504,493
54446581,7.29833,27.7352,470,32798,0.767611,0.93,2,649999,649529,470
54449501,22.2597,27.147,469,32862,0.785522,0.89,2,650025,649556,469
54452421,36.4519,37.4294,469,32926,0.805104,0.87,2,650065,649596,469
54455341,46.4904,49.0859,466,32990,0.825021,0.73,2,650114,649648,466
54458261,78.8981,88.2172,455,33054,0.845004,0.71,2,650201,649746,455
54461181,44.5796,46.4434,455,33118,0.881001,0.65,2,650237,649782,455
54464101,50.5159,50.8887,455,33182,0.8722,0.73,2,650289,649834,455
54467021,63.7032,61.3777,458,33246,0.91844,0.71,2,650356,649898,458
54469941,39.9406,40.2755,457,33310,0.927688,0.71,2,650390,649933,457
54472861,39.9881,38.4551,459,33373,0.945538,0.77,2,650430,649971,459
54475781,29.5976,28.491,460,33436,0.901108,0.77,2,650457,649997,460
54478701,7.51952,7.2982,460,33499,0.892222,0.79,2,650459,649999,460
54481621,21.5039,22.2596,459,33562,0.922444,0.81,2,650484,650025,459
54636381,36,54,485,36754,0.71,1,1,652788,652303,485
54639301,33.6,36.4,486,36811,0.678,1,1,652821,652335,486
54642221,36.32,26.48,499,36868,0.6076,1,1,652858,652359,499
54645141,35.264,28.496,505,36925,0.60952,1,1,652893,652388,505
54648061,31.0528,33.6992,500,36982,0.529904,1,1,652923,652423,500
54650981,23.8106,33.1398,489,37039,0.561981,0.97,1,652945,652456,489
54653901,23.9621,29.828,484,37096,0.552396,1,1,652969,652485,484
54656821,38.3924,34.7656,490,37153,0.518479,1,1,653011,652521,490
54659741,38.8785,6.95312,529,37210,0.543696,1,1,653050,652521,529
54662661,48.5757,46.9906,523,37267,0.484739,0.97,1,653101,652578,523
54665581,34.5151,49.3981,504,37324,0.456948,0.87,1,653132,652628,504
54668501,67.703,39.4796,543,37381,0.46739,0.75,1,653208,652665,543
54671421,40.7406,77.4959,490,37438,0.533478,0.71,1,653242,652752,490
54674341,32.1481,44.2992,484,37494,0.530696,0.67,1,653272,652788,484
54677261,36.8296,35.2598,489,37550,0.562139,0.59,1,653310,652821,489
54680181,36.1659,36.652,488,37606,0.584428,0.61,1,653346,652858,488
54683101,27.2332,35.3304,478,37662,0.620886,0.51,1,653371,652893,478
54686021,22.2466,31.0661,469,37718,0.612177,0.57,1,653392,652923,469
54688941,22.8493,23.8132,470,37774,0.594435,0.55,1,653415,652945,470
54691861,40.5699,23.9626,491,37830,0.606887,0.51,1,653460,652969,491
54694781,35.314,38.3925,483,37886,0.673377,0.55,1,653494,653011,483
54697701,47.8628,38.8785,495,37942,0.686675,0.47,1,653545,653050,495
54700621,35.1726,48.5757,476,37998,0.737335,0.45,1,653577,653101,476
54703541,68.6345,34.5151,522,38054,0.747467,0.47,1,653654,653132,522
54706461,41.7269,67.703,481,38110,0.733493,0.55,1,653689,653208,481
54709381,30.7454,40.7406,475,38165,0.762699,0.53,2,653717,653242,475
54712301,39.7491,32.1481,487,38220,0.76854,0.57,2,653759,653272,487
54715221,38.3498,36.8296,487,38275,0.737708,0.59,1,653797,653310,487
54718141,28.47,36.1659,477,38330,0.795542,0.63,2,653823,653346,477
54721061,20.094,27.2332,470,38385,0.807108,0.61,2,653841,653371,470
54723981,23.2188,22.2466,473,38440,0.809422,0.59,2,653865,653392,473
54726901,43.0438,22.8493,498,38495,0.825884,0.61,2,653913,653415,498
54729821,37.4088,40.5699,489,38550,0.829177,0.69,2,653949,653460,489
54732741,49.0818,35.314,507,38605,0.813835,0.69,2,654001,653494,507
54735661,11.4163,47.8628,458,38660,0.842767,0.75,2,654003,653545,458
54738581,28.6833,35.1726,459,38715,0.880553,0.75,2,654036,653577,459
54741501,67.3367,68.6345,459,38770,0.872111,0.73,2,654113,653654,459
54744421,42.2673,41.7269,460,38824,0.918422,0.77,2,654149,653689,460
54747341,30.8535,30.7454,460,38878,0.895684,0.77,2,654177,653717,460
54750261,39.7707,39.7491,460,38932,0.939137,0.73,2,654219,653759,460
54954661,35,26,506,42562,0.85,1,2,656753,656247,506
54957581,35,33.2,506,42612,0.802,1,2,656788,656282,506
54960501,25.4,35.44,493,42662,0.7284,0.99,1,656811,656318,493
54963421,36.28,28.688,505,42711,0.68168,1,1,656850,656345,505
54966341,38.456,36.1376,506,42760,0.592336,1,1,656889,656383,506
54969261,31.6912,38.4275,497,42809,0.542467,1,1,656919,656422,497
54972181,21.5382,30.0855,488,42858,0.548493,1,1,656938,656450,488
54975101,49.1076,54.8171,483,42907,0.549699,1,1,656994,656511,483
54978021,36.2215,40.5634,479,42956,0.59794,0.88,1,657027,656548,479
54980941,28.8443,33.7127,474,43005,0.607588,0.88,1,657054,656580,474
54983861,32.1689,6.74254,507,43054,0.577518,0.96,1,657087,656580,507
54986781,37.6338,30.9485,509,43103,0.587503,0.97,1,657126,656617,509
54989701,29.1268,38.1897,496,43152,0.541501,0.92,1,657153,656657,496
54992621,28.2254,31.6379,494,43201,0.5803,0.81,1,657181,656687,494
54995541,30.4451,31.1276,494,43250,0.60406,0.85,1,657212,656718,494
54998461,33.289,34.2255,493,43299,0.576812,0.79,1,657246,656753,493
55001381,23.4578,34.8451,479,43348,0.603362,0.71,1,657267,656788,479
55004301,32.6916,25.369,491,43397,0.608672,0.67,1,657302,656811,491
55007221,36.9383,36.2738,490,43446,0.625735,0.57,1,657340,656850,490
55010141,31.3877,38.4548,481,43495,0.677147,0.53,1,657370,656889,481
55013061,19.8775,31.691,468,43544,0.687429,0.55,1,657387,656919,468
55015981,49.5755,21.5382,506,43592,0.721486,0.55,1,657444,656938,506
55018901,37.1151,49.1076,484,43640,0.760297,0.61,2,657478,656994,484
55021821,27.423,36.2215,476,43688,0.800059,0.61,2,657503,657027,476
55024741,31.8846,28.8443,482,43736,0.824012,0.57,2,657536,657054,482
55027661,38.3769,32.1689,489,43784,0.844802,0.59,2,657576,657087,489
55030581,28.4754,37.6338,476,43832,0.86496,0.53,2,657602,657126,476
55033501,28.8951,29.1268,478,43880,0.868992,0.59,2,657631,657153,478
55036421,29.779,28.2254,480,43928,0.869798,0.61,2,657661,657181,480
55039341,34.7558,30.4451,485,43976,0.88596,0.57,2,657697,657212,485
55042261,22.9512,33.289,471,44024,0.889192,0.61,2,657717,657246,471
55045181,34.1902,23.4578,487,44072,0.873838,0.61,2,657754,657267,487
55048101,37.238,32.6916,490,44120,0.886768,0.63,2,657792,657302,490
55051021,32.2476,36.9383,483,44168,0.921354,0.69,2,657823,657340,483
55053941,22.4495,31.3877,473,44216,0.944271,0.69,2,657843,657370,473
55056861,50.8899,19.8775,514,44264,0.932854,0.73,2,657901,657387,514
55059781,39.778,49.5755,494,44312,0.946571,0.77,2,657938,657444,494
55062701,28.7556,37.1151,486,44360,0.949314,0.81,2,657964,657478,486
55364921,103,107,502,22817,0.13,1,1,661315,660813,502
55367841,92.6,80.6,518,22910,0.034,1,1,661405,660887,518
55370761,78.52,84.92,507,23003,0.0468,0.8,1,661480,660973,507
55373681,38.904,64.184,477,23095,0.03336,0.73,1,661509,661032,477
55376601,62.1808,77.6368,464,23187,0.046672,0.57,1,661577,661113,464
55379521,27.6362,37.9274,455,23278,0.0493344,0.59,1,661596,661141,455
55382441,49.5272,22.7855,491,23369,0.0338669,0.37,1,661651,661160,491
55385361,85.9054,46.1571,534,23460,0.110773,0.13,1,661746,661212,534
55388281,81.1811,91.6314,511,23550,0.0461547,0.01,1,661826,661315,511
55391201,77.8362,90.3263,498,23640,0.0972309,0.05,1,661903,661405,498
55394121,39.5672,78.0653,453,23730,0.107446,0.03,1,661933,661480,453
55397041,60.7134,38.8131,490,23819,0.0934892,0.05,1,661999,661509,490
55399961,28.1427,62.1626,442,23908,0.0906979,0.05,1,662019,661577,442
55402881,7.22854,27.6325,425,23997,0.0901396,0.03,1,662021,661596,425
55405801,44.6457,49.5265,424,24085,0.106028,0.13,1,662075,661651,424
55408721,86.5291,85.9053,426,24173,0.125206,0.03,1,662172,661746,426
55411641,78.9058,81.1811,423,24261,0.113041,0.11,1,662249,661826,423
55414561,80.5812,77.8362,427,24348,0.0946082,0.11,1,662330,661903,427
55417481,38.5162,39.5672,425,24435,0.138922,0.09,1,662358,661933,425
55420401,61.3032,60.7134,426,24522,0.179784,0.09,1,662425,661999,426
55423321,28.2606,28.1427,426,24608,0.203957,0.09,1,662445,662019,426
55426241,7.25213,7.22854,426,24694,0.208791,0.11,1,662447,662021,426
55429161,43.8504,44.6457,425,24780,0.241758,0.13,1,662500,662075,425
55432081,88.7701,86.5291,428,24866,0.264352,0.11,1,662600,662172,428
55435001,78.554,78.9058,427,24951,0.31687,0.09,1,662676,662249,427
55437921,80.5108,80.5812,427,25036,0.343374,0.15,1,662757,662330,427
55440841,38.5022,38.5162,427,25121,0.348675,0.19,1,662785,662358,427
55443761,63.7004,61.3032,430,25205,0.349735,0.21,1,662855,662425,430
55446681,28.7401,28.2606,430,25289,0.381947,0.21,1,662875,662445,430
55449601,7.34802,7.25213,430,25373,0.404389,0.25,1,662877,662447,430
55452521,46.2696,43.8504,433,25457,0.408878,0.25,1,662933,662500,433
55455441,90.8539,8.77008,535,25540,0.425776,0.27,1,663035,662500,535
55458361,78.9708,81.754,511,25623,0.461155,0.33,1,663111,662600,511
55461281,81.3942,77.1508,517,25706,0.468231,0.35,1,663193,662676,517
55464201,38.6788,80.2302,464,25788,0.469646,0.35,1,663221,662757,464
55467121,65.3358,38.446,508,25870,0.533929,0.35,1,663293,662785,508
55470041,29.8672,63.6892,459,25952,0.546786,0.39,1,663314,662855,459
55472961,7.57343,28.7378,441,26034,0.581357,0.41,1,663316,662875,441
55475881,47.9147,7.34757,497,26115,0.636271,0.41,1,663374,662877,497
55478801,91.9829,46.2695,544,26196,0.679254,0.43,1,663477,662933,544
55481721,80.7966,90.8539,520,26277,0.703851,0.47,1,663555,663035,520
55484641,81.7593,78.9708,526,26358,0.74077,0.47,1,663637,663111,526
55487561,38.7519,81.3942,472,26438,0.764154,0.47,2,663665,663193,472
55490481,69.3504,38.6788,521,26518,0.784831,0.55,2,663742,663221,521
55493401,31.4701,65.3358,471,26598,0.788966,0.55,2,663764,663293,471
55496321,7.89401,29.8672,452,26678,0.789793,0.59,2,663766,663314,452
55499241,51.1788,7.57343,512,26757,0.853959,0.65,2,663828,663316,512
55502161,93.4358,47.9147,558,26836,0.834792,0.69,2,663932,663374,558
55505081,82.6872,91.9829,535,26915,0.814958,0.71,2,664012,663477,535
55508001,18.1374,80.7966,459,26994,0.826992,0.75,2,664014,663555,459
55510921,69.2275,81.7593,459,27072,0.877398,0.77,2,664096,663637,459
55513841,37.0455,38.7519,460,27150,0.93548,0.79,2,664125,663665,460
55516761,69.8091,69.3504,461,27228,0.883096,0.79,2,664203,663742,461
55519681,31.5618,31.4701,461,27306,0.872619,0.79,2,664225,663764,461
55522601,7.91236,7.89401,461,27384,0.870524,0.87,2,664227,663766,461
55525521,52.7825,51.1788,463,27461,0.886105,0.83,2,664291,663828,463
55762041,49,41,493,33124,0.27,1,1,668308,667815,493
55764961,68.2,66.6,493,33188,0.11,0.99,1,668381,667888,493
55767881,47.24,42.92,498,33252,0.022,1,1,668423,667925,498
55770801,35.048,34.184,498,33316,0.0044,1,1,668455,667957,498
55773721,31.0096,32.4368,496,33379,0.00888,1,1,668485,667989,496
55776641,17.4019,26.4874,485,33442,0.073776,1,1,668499,668014,485
55779561,25.0804,31.6975,479,33505,0.0227552,1,1,668526,668047,479
55782481,34.6161,32.7395,483,33568,0.00455104,1,1,668563,668080,483
55785401,30.9232,35.3479,477,33631,0.0249102,0.89,1,668593,668116,477
55788321,26.1846,38.2696,463,33694,0.044982,0.51,1,668618,668155,463
55791241,76.4369,90.8539,448,33757,0.0329964,0.27,1,668707,668259,448
55794161,43.2874,57.3708,434,33820,0.00659928,0.07,1,668742,668308,434
55797081,58.2575,69.8742,423,33883,0.0253199,0,1,668804,668381,423
55800001,45.2515,47.5748,423,33945,0.013064,0,1,668846,668423,423
55802921,35.4503,35.115,424,34007,0.00261279,0.01,1,668879,668455,424
55805841,31.0901,31.023,424,34069,0.000522559,0.09,1,668909,668485,424
55808761,18.218,17.4046,425,34131,0.0561045,0.01,1,668924,668499,425
55811681,23.6436,25.0809,423,34193,0.0992209,0,1,668949,668526,423
55814601,35.1287,34.6162,424,34255,0.0198442,0,1,668987,668563,424
55817521,29.4257,6.92324,452,34317,0.0759688,0.03,1,669015,668563,452
55820441,25.0851,25.3846,446,34379,0.0871938,0.05,1,669039,668593,446
55823361,76.217,25.0769,510,34441,0.0254388,0.03,1,669128,668618,510
55826281,43.2434,76.2154,456,34502,0.0130878,0,1,669163,668707,456
55829201,59.8487,43.2431,485,34563,0.106618,0.03,1,669227,668742,485
55832121,44.7697,58.2486,464,34624,0.0453235,0.01,1,669268,668804,464
55835041,34.5539,45.2497,454,34685,0.0090647,0,1,669300,668846,454
55837961,30.9108,35.4499,451,34746,0.00181294,0,1,669330,668879,451
55840881,19.7822,31.09,438,34807,0.00836259,0.07,1,669347,668909,438
55843801,25.5564,18.218,450,34868,0.0416725,0.11,1,669374,668924,450
55846721,32.3113,23.6436,459,34929,0.0483345,0,1,669408,668949,459
55849641,32.0623,35.1287,453,34990,0.0496669,0.09,1,669440,668987,453
55852561,26.4125,29.4257,450,35050,0.0819334,0.09,1,669465,669015,450
55855481,74.0825,25.0851,512,35110,0.0723867,0.01,1,669551,669039,512
55858401,42.0165,76.217,457,35170,0.0384773,0.01,1,669585,669128,457
55861321,62.0033,43.2434,489,35230,0.0476955,0.13,1,669652,669163,489
55864241,43.6007,59.8487,464,35290,0.0335391,0.03,1,669691,669227,464
55867161,32.7201,44.7697,453,35350,0.00670782,0,1,669721,669268,453
55870081,31.344,34.5539,452,35410,0.00134156,0,1,669752,669300,452
55873001,19.0688,30.9108,438,35470,0.0242683,0.01,1,669768,669330,438
55875921,27.8138,19.7822,451,35530,0.0128537,0.05,1,669798,669347,451
55878841,31.1628,25.5564,456,35589,0.0105707,0.05,1,669830,669374,456
55881761,33.4326,32.3113,456,35648,0.0421141,0.05,1,669864,669408,456
55884681,8.28651,32.0623,426,35707,0.0644228,0.09,1,669866,669440,426
55887601,23.2573,26.4125,428,35766,0.116885,0.07,1,669893,669465,428
55890521,71.0515,74.0825,425,35825,0.191377,0.03,1,669976,669551,425
55893441,39.8103,42.0165,423,35884,0.222275,0.05,1,670008,669585,423
55896361,62.3621,62.0033,424,35943,0.164455,0.03,1,670076,669652,424
55899281,42.8724,43.6007,423,36002,0.200891,0,1,670114,669691,423
55902201,32.5745,32.7201,423,36061,0.176178,0,1,670144,669721,423
55905121,31.3149,31.344,423,36120,0.0752356,0.03,1,670175,669752,423
55908041,19.063,19.0688,423,36179,0.0710471,0.01,1,670191,669768,423
55910961,28.6126,27.8138,424,36237,0.0222094,0.01,1,670222,669798,424
55913881,30.5225,31.1628,423,36295,0.0444419,0.05,1,670253,669830,423
55916801,35.7045,33.4326,426,36353,0.0488884,0.07,1,670290,669864,426
55919721,8.7409,8.28651,426,36411,0.0497777,0.13,1,670292,669866,426
55922641,24.9482,23.2573,428,36469,0.0499555,0.21,1,670321,669893,428
55925561,72.9896,71.0515,430,36527,0.129991,0.23,1,670406,669976,430
55928481,40.9979,39.8103,431,36585,0.129998,0.15,1,670439,670008,431
55931401,60.9996,62.3621,429,36643,0.114,0.21,1,670505,670076,429
55934321,44.1999,42.8724,431,36701,0.1108,0.17,1,670545,670114,431
55937241,32.04,32.5745,430,36759,0.14216,0.05,1,670574,670144,430
55940161,24.808,31.3149,422,36816,0.132432,0.07,1,670597,670175,422
55943081,18.5616,19.063,423,36873,0.146486,0.01,1,670614,670191,423
55946001,27.7123,28.6126,422,36930,0.181297,0.05,1,670644,670222,422
55948921,30.3425,30.5225,422,36987,0.204259,0.05,1,670675,670253,422
55951841,35.6685,35.7045,422,37044,0.128852,0.05,1,670712,670290,422
55954761,8.7337,8.7409,422,37101,0.14577,0.05,1,670714,670292,422
55957681,27.3467,24.9482,425,37158,0.149154,0.05,1,670746,670321,425
55960601,74.2694,4.98964,511,37215,0.133831,0.15,1,670832,670321,511
55963521,41.2539,68.9979,459,37272,0.114766,0.13,1,670865,670406,459
55966441,61.0508,40.1996,492,37329,0.110953,0.11,1,670931,670439,492
55969361,44.2102,60.8399,466,37386,0.126191,0.11,1,670971,670505,466
55972281,33.642,44.168,457,37443,0.161238,0.15,1,671002,670545,457
55975201,24.3284,32.0336,450,37499,0.168248,0.13,1,671024,670574,450
55978121,19.2657,24.8067,445,37555,0.18565,0.15,1,671042,670597,445
55981041,27.8531,18.5613,458,37611,0.23713,0.19,1,671072,670614,458
55983961,31.1706,27.7123,460,37667,0.263426,0.21,1,671104,670644,460
55986881,33.4341,30.3425,463,37723,0.300685,0.11,1,671138,670675,463
55989801,8.28682,35.6685,428,37779,0.308137,0.15,1,671140,670712,428
55992721,27.2574,8.7337,458,37835,0.325627,0.15,1,671172,670714,458
55995641,75.0515,27.3467,513,37891,0.377125,0.13,1,671259,670746,513
55998561,40.6103,74.2694,459,37947,0.387425,0.11,1,671291,670832,459
56001481,61.7221,41.2539,493,38003,0.437485,0.11,1,671358,670865,493
56004401,45.1444,61.0508,468,38059,0.431497,0.13,1,671399,670931,468
56007321,34.6289,44.2102,460,38115,0.462299,0.17,1,671431,670971,460
56010241,24.5258,33.642,451,38170,0.46846,0.17,1,671453,671002,451
56013161,20.9052,24.3284,449,38225,0.469692,0.19,1,671473,671024,449
56016081,29.781,19.2657,463,38280,0.485938,0.25,1,671505,671042,463
56019001,33.1562,27.8531,467,38335,0.457188,0.27,1,671539,671072,467
56021921,34.6312,31.1706,470,38390,0.435438,0.31,1,671574,671104,470
56024841,8.52625,33.4341,438,38445,0.431088,0.31,1,671576,671138,438
56027761,28.1052,8.28682,469,38500,0.446218,0.33,1,671609,671140,469
56030681,77.621,27.2574,527,38555,0.481244,0.39,1,671699,671172,527
56033601,41.1242,75.0515,472,38610,0.504249,0.39,1,671731,671259,472
56036521,9.82484,40.6103,442,38665,0.50885,0.45,1,671733,671291,442
56039441,57.165,61.7221,444,38720,0.58977,0.43,1,671802,671358,444
56042361,45.033,45.1444,445,38775,0.605954,0.47,1,671844,671399,445
56045281,34.6066,34.6289,445,38829,0.625191,0.47,1,671876,671431,445
56048201,24.5213,24.5258,445,38883,0.613038,0.47,1,671898,671453,445
56051121,22.5043,20.9052,447,38937,0.610608,0.49,1,671920,671473,447
56054041,29.3009,29.781,446,38991,0.610121,0.45,1,671951,671505,446
56056961,31.4602,33.1562,444,39045,0.674024,0.43,1,671983,671539,444
56059881,33.492,34.6312,443,39099,0.702805,0.43,1,672017,671574,443
56062801,8.29841,8.52625,443,39153,0.676561,0.45,1,672019,671576,443
56065721,28.8597,28.1052,444,39207,0.719312,0.49,1,672053,671609,444
56068641,79.3719,77.621,446,39261,0.775862,0.51,2,672145,671699,446
56071561,42.2744,41.1242,447,39315,0.819173,0.51,2,672178,671731,447
56074481,10.0549,9.82484,447,39369,0.795834,0.61,2,672180,671733,447
56077401,59.611,57.165,450,39423,0.855167,0.61,2,672252,671802,450
56080321,46.3222,45.033,451,39477,0.883033,0.63,2,672295,671844,451
56083241,34.8644,34.6066,451,39530,0.904607,0.61,2,672327,671876,451
56086161,25.3729,24.5213,452,39583,0.860921,0.61,2,672350,671898,452
56089081,22.6746,22.5043,452,39636,0.852184,0.61,2,672372,671920,452
56092001,30.1349,29.3009,453,39689,0.850437,0.69,2,672404,671951,453
56094921,33.227,31.4602,455,39742,0.866087,0.71,2,672438,671983,455
56097841,33.8454,33.492,455,39795,0.869217,0.67,2,672472,672017,455
56100761,8.36908,8.29841,455,39848,0.901843,0.73,2,672474,672019,455
56103681,31.2738,28.8597,458,39901,0.924369,0.79,2,672511,672053,458
56106601,82.2548,79.3719,461,39954,0.944874,0.83,2,672606,672145,461
56109521,42.851,42.2744,461,40007,0.900975,0.79,2,672639,672178,461
56112441,10.1702,10.0549,461,40060,0.892195,0.79,2,672641,672180,461
56115361,62.034,2.01098,536,40113,0.922439,0.87,2,672716,672180,536
56118281,46.0068,58.0022,506,40166,0.928488,0.89,2,672758,672252,506
56121201,35.6014,46.0004,496,40219,0.913698,0.91,2,672791,672295,496
56124121,24.7203,34.8001,486,40271,0.91074,0.85,2,672813,672327,486
56127041,22.5441,25.36,485,40323,0.926148,0.85,2,672835,672350,485
56129961,28.5088,22.672,493,40375,0.92923,0.85,2,672865,672372,493
56132881,35.3018,30.1344,498,40427,0.945846,0.87,2,672902,672404,498
56270121,31,24,504,42812,0.63,1,1,674590,674086,504
56273041,33.4,42.4,491,42861,0.614,1,1,674624,674133,491
56275961,55.48,53.28,496,42910,0.4828,1,1,674685,674189,496
56278881,39.096,32.256,504,42959,0.42456,1,1,674720,674216,504
56281801,29.4192,32.0512,499,43008,0.380912,1,1,674747,674248,499
56284721,15.4838,6.41024,511,43057,0.356182,1,1,674759,674248,511
56287641,19.0968,22.882,504,43106,0.335236,1,1,674779,674275,504
56290561,25.4194,21.3764,510,43155,0.299047,1,1,674806,674296,510
56293481,31.4839,23.4753,519,43204,0.259809,1,1,674839,674320,519
56296401,20.6968,28.6951,507,43253,0.251962,1,1,674857,674350,507
56299321,23.3394,28.939,502,43302,0.250392,0.84,1,674881,674379,502
56302241,19.8679,26.5878,495,43351,0.266078,1,1,674900,674405,495
56305161,67.1736,25.3176,549,43400,0.253216,0.89,1,674979,674430,549
56308081,42.2347,73.8635,499,43449,0.250643,0.77,1,675015,674516,499
56311001,33.2469,49.1727,487,43498,0.298129,0.63,1,675046,674559,487
56313921,29.8494,34.6345,485,43547,0.291626,0.61,1,675075,674590,485
56316841,48.3699,34.1269,504,43595,0.338325,0.45,1,675128,674624,504
56319761,36.874,55.6254,477,43643,0.395665,0.41,1,675162,674685,477
56322681,25.7748,39.1251,465,43691,0.359133,0.37,1,675185,674720,465
56325601,17.155,29.425,453,43739,0.367827,0.35,1,675200,674747,453
56328521,16.231,15.485,457,43787,0.369565,0.33,1,675216,674759,457
56331441,23.2462,19.097,462,43835,0.417913,0.29,1,675241,674779,462
56334361,31.0492,25.4194,468,43883,0.411583,0.25,1,675274,674806,468
56337281,19.8098,31.4839,452,43931,0.426317,0.25,1,675291,674839,452
56340201,23.162,20.6968,458,43979,0.397263,0.25,1,675315,674857,458
56343121,18.2324,23.3394,451,44027,0.407453,0.27,1,675332,674881,451
56346041,69.2465,19.8679,514,44075,0.425491,0.25,1,675414,674900,514
56348961,41.8493,67.1736,470,44123,0.413098,0.25,1,675449,674979,470
56351881,33.9699,42.2347,466,44171,0.50662,0.31,1,675481,675015,466
56354801,31.594,33.2469,466,44219,0.477324,0.29,1,675512,675046,466
56357721,51.9188,29.8494,494,44267,0.455465,0.35,1,675569,675075,494
56360641,35.9838,48.3699,473,44315,0.451093,0.41,1,675601,675128,473
56363561,26.3968,36.874,463,44363,0.466219,0.35,1,675625,675162,463
56366481,16.4793,25.7748,454,44411,0.469244,0.37,1,675639,675185,454
56369401,16.0959,17.155,455,44458,0.469849,0.37,1,675655,675200,455
56372321,4.81917,16.231,441,44505,0.46997,0.43,1,675657,675216,441
56375241,20.9638,23.2462,441,44552,0.501994,0.41,1,675682,675241,441
56378161,29.7928,31.0492,440,44599,0.556399,0.43,1,675714,675274,440
56381081,20.3586,19.8098,441,44646,0.56728,0.39,1,675732,675291,441
56384001,24.8717,23.162,443,44693,0.569456,0.41,1,675758,675315,443
56386921,17.7743,18.2324,442,44740,0.537891,0.43,1,675774,675332,442
56389841,69.9549,69.2465,443,44787,0.627578,0.41,1,675857,675414,443
56392761,43.591,41.8493,445,44834,0.661516,0.53,1,675894,675449,445
56395681,35.1182,33.9699,446,44881,0.700303,0.47,1,675927,675481,446
56398601,31.0236,31.594,445,44928,0.708061,0.45,1,675957,675512,445
56401521,51.0047,51.9188,444,44975,0.709612,0.45,1,676013,675569,444
56404441,36.6009,35.9838,445,45022,0.757922,0.47,2,676046,675601,445
56407361,26.5202,26.3968,445,45069,0.783585,0.47,2,676070,675625,445
56410281,16.504,16.4793,445,45116,0.804717,0.47,2,676084,675639,445
56413201,16.1008,16.0959,445,45163,0.808943,0.47,2,676100,675655,445
56416121,4.82016,4.81917,445,45210,0.809789,0.51,2,676102,675657,445
56419041,22.564,20.9638,447,45257,0.793958,0.57,2,676129,675682,447
56421961,30.9128,29.7928,448,45304,0.870792,0.57,2,676162,675714,448
56424881,20.5826,20.3586,448,45351,0.854158,0.57,2,676180,675732,448
56427801,24.9165,24.8717,448,45398,0.882832,0.53,2,676206,675758,448
56430721,17.7833,17.7743,448,45444,0.856566,0.65,2,676222,675774,448
56433641,73.1567,69.9549,452,45490,0.851313,0.67,2,676309,675857,452
56436561,45.0313,43.591,453,45536,0.898263,0.71,2,676347,675894,453
56439481,37.0063,35.1182,455,45582,0.907653,0.71,2,676382,675927,455
56442401,33.0013,31.0236,457,45628,0.909531,0.71,2,676414,675957,457
56705201,38,53,452,22630,0.03,0.53,1,679319,678867,452
56708121,59.6,43.4,476,22724,0.014,0.23,1,679384,678908,476
56711041,68.72,69.48,471,22817,0.0268,0.03,1,679455,678984,471
56713961,59.344,76.296,450,22910,0.00536,0.03,1,679512,679062,450
56716881,58.2688,72.8592,436,23003,0.025072,0.07,1,679570,679134,436
56719801,34.8538,36.1718,438,23095,0.0290144,0.03,1,679599,679161,438
56722721,22.9708,30.4344,429,23187,0.0458029,0.01,1,679619,679190,429
56725641,70.9942,57.2869,448,23278,0.0331606,0.03,1,679702,679254,448
56728561,96.5988,63.4574,486,23369,0.158632,0.01,1,679805,679319,486
56731481,77.7198,64.6915,494,23460,0.103726,0.03,1,679878,679384,494
56734401,60.344,69.7383,479,23550,0.0207453,0,1,679934,679455,479
56737321,57.6688,59.5477,479,23640,0.00414906,0.03,1,679991,679512,479
56740241,35.5338,58.3095,451,23730,0.0248298,0.03,1,680021,679570,451
56743161,23.9068,34.8619,443,23819,0.028966,0.05,1,680042,679599,443
56746081,69.5814,22.9724,504,23908,0.0777932,0.03,1,680123,679619,504
56749001,15.5163,70.9945,423,23997,0.0555586,0.19,1,680125,679702,423
56751921,90.3033,96.5989,429,24085,0.0671117,0.09,1,680234,679805,429
56754841,75.6607,77.7198,428,24173,0.101422,0,1,680306,679878,428
56757761,55.9321,60.344,423,24261,0.0202845,0,1,680357,679934,423
56760681,55.9864,57.6688,422,24348,0.00405689,0.03,1,680413,679991,422
56763601,35.1973,35.5338,422,24435,0.0248114,0.03,1,680443,680021,422
56766521,24.6395,23.9068,423,24522,0.0129623,0.09,1,680465,680042,423
56769441,69.7279,69.5814,423,24608,0.0425925,0.05,1,680546,680123,423
56772361,15.5456,15.5163,423,24694,0.0485185,0.07,1,680548,680125,423
56775281,92.7091,90.3033,426,24780,0.0337037,0.11,1,680660,680234,426
56778201,77.7418,75.6607,428,24866,0.0627407,0,1,680734,680306,428
56781121,51.5484,55.9321,422,24951,0.0365481,0,1,680779,680357,422
56784041,55.1097,55.9864,422,25036,0.0473096,0.03,1,680835,680413,422
56786961,35.0219,35.1973,422,25121,0.0334619,0.01,1,680865,680443,422
56789881,24.6044,24.6395,422,25205,0.00669239,0.05,1,680887,680465,422
56792801,69.7209,69.7279,422,25289,0.00933848,0.05,1,680968,680546,422
56795721,15.5442,15.5456,422,25373,0.0098677,0.03,1,680970,680548,422
56798641,92.7088,92.7091,422,25457,0.0259735,0.03,1,681082,680660,422
56801561,77.7418,18.5418,496,25540,0.0291947,0.07,1,681156,680660,496
56804481,50.7484,62.9084,466,25623,0.0138389,0.03,1,681200,680734,466
56807401,54.9497,48.5817,477,25706,0.0107678,0.05,1,681256,680779,477
56810321,34.9899,54.5163,451,25788,0.0261536,0.03,1,681286,680835,451
56813241,24.598,34.9033,443,25870,0.0132307,0,1,681308,680865,443
56816161,69.7196,24.5807,502,25952,0.0106461,0.01,1,681389,680887,502
56819081,15.5439,69.7161,423,26034,0.0261292,0.01,1,681391,680968,423
56822001,92.7088,15.5432,533,26115,0.0612258,0.03,1,681503,680970,533
56824921,78.5418,92.7086,496,26196,0.0682452,0.03,1,681578,681082,496
56827841,51.7084,77.7417,467,26277,0.085649,0.01,1,681623,681156,467
56830761,53.5417,50.7483,477,26358,0.12113,0.01,1,681677,681200,477
56833681,35.5083,54.9497,452,26438,0.048226,0.03,1,681708,681256,452
56836601,23.9017,34.9899,443,26518,0.0336452,0.01,1,681729,681286,443
56839521,70.3803,24.598,503,26598,0.014729,0.01,1,681811,681308,503
56842441,15.6761,69.7196,424,26678,0.0109458,0.03,1,681813,681389,424
56845361,92.7352,15.5439,534,26757,0.0421892,0.07,1,681925,681391,534
56848281,80.147,92.7088,499,26836,0.0484378,0.07,1,682002,681503,499
56851201,53.6294,78.5418,471,26915,0.0496876,0.09,1,682049,681578,471
56854121,12.3259,51.7084,428,26994,0.0499375,0.13,1,682051,681623,428
56857041,42.4652,53.5417,424,27072,0.0979875,0.03,1,682101,681677,424
56859961,32.493,35.5083,423,27150,0.139598,0.03,1,682131,681708,423
56862881,22.4986,23.9017,422,27228,0.16392,0.01,1,682151,681729,422
56865801,70.8997,70.3803,423,27306,0.168784,0.01,1,682234,681811,423
56868721,15.7799,15.6761,423,27384,0.169757,0.05,1,682236,681813,423
56871641,93.556,92.7352,424,27461,0.0579514,0.05,1,682349,681925,424
56874561,80.3112,80.147,424,27538,0.0355903,0.05,1,682426,682002,424
56877481,53.6622,53.6294,424,27615,0.0631181,0.05,1,682473,682049,424
56880401,12.3324,12.3259,424,27692,0.0366236,0.11,1,682475,682051,424
56883321,45.6665,42.4652,428,27768,0.0633247,0.15,1,682529,682101,428
56886241,33.9333,32.493,429,27844,0.0686649,0.17,1,682560,682131,429
56889161,21.9867,22.4986,428,27920,0.085733,0.17,1,682579,682151,428
56892081,70.7973,70.8997,428,27996,0.0891466,0.17,1,682662,682234,428
56895001,15.7595,15.7799,428,28072,0.0898293,0.03,1,682664,682236,428
56897921,90.3519,93.556,424,28147,0.137966,0.03,1,682773,682349,424
56900841,78.8704,80.3112,423,28222,0.179593,0.07,1,682849,682426,423
56903761,53.3741,53.6622,423,28297,0.203919,0.03,1,682896,682473,423
56906681,12.2748,12.3324,423,28372,0.208784,0.03,1,682898,682475,423
56909601,44.855,2.46649,476,28447,0.161757,0.07,1,682951,682475,476
56912521,33.771,43.6933,453,28521,0.152351,0.07,1,682982,682529,453
56915441,23.5542,33.5387,443,28595,0.16647,0.09,1,683003,682560,443
56918361,71.9108,21.9077,508,28669,0.201294,0.09,1,683087,682579,508
56921281,15.9822,70.7815,427,28743,0.224259,0.09,1,683089,682662,427
56924201,91.1964,15.7563,535,28817,0.244852,0.15,1,683199,682664,535
56927121,80.6393,90.3513,504,28890,0.29697,0.19,1,683277,682773,504
56930041,54.5279,78.8703,476,28963,0.307394,0.21,1,683325,682849,476
56932961,12.5056,53.3741,431,29036,0.309479,0.21,1,683327,682896,431
56935881,44.1011,12.2748,481,29109,0.325896,0.15,1,683379,682898,481
56938801,33.6202,44.855,459,29182,0.345179,0.15,1,683410,682951,459
56941721,22.724,33.771,448,29255,0.365036,0.17,1,683430,682982,448
56944641,75.7448,23.5542,516,29327,0.449007,0.21,1,683519,683003,516
56947561,16.749,71.9108,434,29399,0.465801,0.23,1,683521,683087,434
56950481,92.1498,15.9822,543,29471,0.53316,0.25,1,683632,683089,543
56953401,83.23,91.1964,514,29543,0.562632,0.31,1,683713,683199,514
56956321,55.046,80.6393,484,29615,0.584526,0.31,1,683761,683277,484
56959241,12.6092,54.5279,438,29686,0.588905,0.31,1,683763,683325,438
56962161,44.9218,12.5056,489,29757,0.589781,0.33,1,683816,683327,489
56965081,34.5844,44.1011,469,29828,0.605956,0.35,1,683848,683379,469
56968001,8.51687,33.6202,440,29899,0.609191,0.37,1,683850,683410,440
56970921,17.7034,22.724,440,29970,0.609838,0.47,1,683870,683430,440
56973841,78.7407,75.7448,445,30041,0.689968,0.47,1,683964,683519,445
56976761,17.3481,16.749,445,30111,0.705993,0.55,1,683966,683521,445
56979681,95.4696,92.1498,449,30181,0.805199,0.57,2,684081,683632,449
56982601,85.4939,83.23,451,30251,0.84104,0.59,2,684164,683713,451
56985521,55.4988,55.046,451,30321,0.864208,0.59,2,684212,683761,451
56988441,12.6998,12.6092,451,30391,0.836842,0.59,2,684214,683763,451
56991361,44.94,44.9218,451,30461,0.831368,0.61,2,684267,683816,451
56994281,35.388,34.5844,452,30530,0.846274,0.61,2,684300,683848,452
56997201,8.6776,8.51687,452,30599,0.817255,0.61,2,684302,683850,452
57000121,17.7355,17.7034,452,30668,0.859451,0.71,2,684322,683870,452
57003041,81.1471,78.7407,455,30737,0.83589,0.71,2,684419,683964,455
57005961,17.8294,17.3481,455,30806,0.799178,0.83,2,684421,683966,455
57008881,101.966,95.4696,463,30875,0.871836,0.85,2,684544,684081,463
57011801,85.9932,85.4939,462,30944,0.934367,0.87,2,684626,684164,462
57014721,56.3986,55.4988,463,31012,0.930873,0.83,2,684675,684212,463
57017641,12.8797,12.6998,463,31080,0.930175,0.83,2,684677,684214,463
57035161,2,97,462,31486,0.95,0.79,2,684881,684419,462
57143201,27,29,491,33883,0.75,1,2,686639,686148,491
57146121,35,36.2,490,33945,0.654,1,1,686676,686186,490
57149041,31,30.44,491,34007,0.5708,0.95,1,686706,686215,491
57151961,33.4,29.288,496,34069,0.50616,1,1,686740,686244,496
57154881,45.88,56.2576,482,34131,0.349232,1,1,686789,686307,482
57157801,34.776,36.0515,483,34193,0.301846,1,1,686821,686338,483
57160721,38.1552,29.6103,494,34255,0.164369,1,1,686860,686366,494
57163641,58.831,5.92206,558,34317,0.104874,1,1,686924,686366,558
57166561,76.5662,64.3844,560,34379,0.0769748,0.99,1,687005,686445,560
57169481,40.9132,88.0769,498,34441,0.055395,0.88,1,687037,686539,498
57172401,33.7826,47.2154,493,34502,0.051079,0.81,1,687069,686576,493
57175321,24.3565,38.2431,479,34563,0.0342158,0.75,1,687091,686612,479
57178241,32.8713,29.2486,487,34624,0.0308432,0.63,1,687126,686639,487
57181161,26.5743,35.4497,475,34685,0.0621686,0.55,1,687151,686676,475
57184081,28.5149,31.0899,474,34746,0.0524337,0.49,1,687180,686706,474
57187001,42.503,33.418,486,34807,0.0664867,0.31,1,687226,686740,486
57189921,30.9006,45.8836,465,34868,0.0372973,0.29,1,687254,686789,465
57192841,32.5801,34.7767,466,34929,0.0474595,0.13,1,687287,686821,466
57195761,56.116,38.1553,489,34990,0.0814919,0.09,1,687349,686860,489
57198681,75.2232,58.8311,505,35050,0.0562984,0.07,1,687429,686924,505
57201601,39.0446,76.5662,454,35110,0.0352597,0.05,1,687459,687005,454
57204521,34.2089,40.9132,455,35170,0.0790519,0.05,1,687492,687037,455
57207441,22.8418,33.7826,443,35230,0.0718104,0.03,1,687512,687069,443
57210361,33.3684,24.3565,457,35290,0.102362,0.03,1,687548,687091,457
57213281,26.6737,32.8713,447,35350,0.124472,0.07,1,687573,687126,447
57216201,27.7347,26.5743,450,35410,0.128894,0.05,1,687601,687151,450
57219121,44.7469,28.5149,470,35470,0.129779,0.07,1,687650,687180,470
57222041,31.3494,42.503,452,35530,0.129956,0.03,1,687678,687226,452
57224961,31.8699,30.9006,456,35589,0.129991,0.05,1,687710,687254,456
57227881,57.574,32.5801,487,35648,0.129998,0.09,1,687774,687287,487
57230801,13.1148,56.116,427,35707,0.13,0.05,1,687776,687349,427
57233721,64.223,75.2232,424,35766,0.146,0.03,1,687853,687429,424
57236641,40.8446,39.0446,429,35825,0.2292,0.09,1,687888,687459,429
57239561,30.5689,34.2089,424,35884,0.21384,0.07,1,687916,687492,424
57242481,26.1138,22.8418,429,35943,0.226768,0.11,1,687941,687512,429
57245401,33.2228,33.3684,428,36002,0.325354,0.13,1,687976,687548,428
57248321,26.6446,26.6737,428,36061,0.345071,0.13,1,688001,687573,428
57251241,27.7289,27.7347,428,36120,0.349014,0.13,1,688029,687601,428
57254161,44.7458,44.7469,428,36179,0.397803,0.13,1,688078,687650,428
57257081,31.3492,31.3494,428,36237,0.407561,0.13,1,688106,687678,428
57260001,31.8698,31.8699,428,36295,0.377512,0.13,1,688138,687710,428
57262921,57.574,57.574,428,36353,0.403502,0.13,1,688202,687774,428
57265841,13.1148,13.1148,428,36411,0.4087,0.15,1,688204,687776,428
57268761,65.023,64.223,429,36469,0.40974,0.25,1,688282,687853,429
57271681,43.4046,40.8446,432,36527,0.393948,0.21,1,688320,687888,432
57274601,31.0809,30.5689,432,36585,0.40679,0.23,1,688348,687916,432
57277521,29.4162,26.1138,436,36643,0.409358,0.35,1,688377,687941,436
57280441,37.0832,33.2228,440,36701,0.441872,0.35,1,688416,687976,440
57283361,26.6166,26.6446,439,36759,0.512374,0.35,1,688440,688001,439
57286281,27.7233,27.7289,439,36816,0.590475,0.41,1,688468,688029,439
57289201,45.5447,44.7458,440,36873,0.622095,0.41,1,688518,688078,440
57292121,31.5089,31.3492,440,36930,0.628419,0.37,1,688546,688106,440
57295041,31.9018,31.8698,440,36987,0.629684,0.41,1,688578,688138,440
57297961,57.5804,57.574,440,37044,0.597937,0.41,1,688642,688202,440
57300881,13.1161,13.1148,440,37101,0.623587,0.41,1,688644,688204,440
57303801,65.0232,65.023,440,37158,0.644717,0.41,1,688722,688282,440
57306721,43.4046,13.0046,478,37215,0.648943,0.39,1,688760,688282,478
57309641,31.8809,33.0009,469,37272,0.649789,0.41,1,688789,688320,469
57312561,29.5762,29.0002,470,37329,0.633958,0.41,1,688818,688348,470
57315481,38.7152,29,482,37386,0.646792,0.45,1,688859,688377,482
57318401,30.143,37,471,37443,0.649358,0.53,1,688887,688416,471
57321321,30.0286,26.6,477,37499,0.585872,0.61,1,688917,688440,477
57324241,46.8057,27.72,500,37555,0.605174,0.63,1,688968,688468,500
57327161,31.7611,45.544,478,37611,0.609035,0.63,1,688996,688518,478
57330081,31.9522,31.5088,482,37667,0.609807,0.63,1,689028,688546,482
57333001,57.5904,31.9018,514,37723,0.609961,0.59,1,689092,688578,514
57335921,13.1181,57.5804,452,37779,0.609992,0.63,1,689094,688642,452
57338841,65.8236,13.1161,529,37835,0.609998,0.65,1,689173,688644,529
57341761,45.9647,65.0232,492,37891,0.626,0.65,1,689214,688722,492
57344681,31.5929,43.4046,482,37947,0.6292,0.65,1,689242,688760,482
57347601,28.7186,31.8809,481,38003,0.64584,0.63,1,689270,688789,481
57350521,39.3437,29.5762,494,38059,0.697168,0.65,1,689312,688818,494
57353441,28.6687,38.7152,479,38115,0.723434,0.65,1,689338,688859,479
57356361,28.1337,30.143,479,38170,0.760687,0.57,2,689366,688887,479
57359281,48.0268,30.0286,502,38225,0.816137,0.61,2,689419,688917,502
57362201,32.0053,46.8057,479,38280,0.843227,0.61,2,689447,688968,479
57365121,32.0011,31.7611,483,38335,0.880646,0.61,2,689479,688996,483
57368041,57.6002,31.9522,515,38390,0.888129,0.61,2,689543,689028,515
57370961,13.12,57.5904,453,38445,0.889626,0.61,2,689545,689092,453
57373881,65.824,13.1181,530,38500,0.873925,0.61,2,689624,689094,530
57376801,46.7648,65.8236,493,38555,0.886785,0.63,2,689666,689173,493
57379721,31.753,45.9647,480,38610,0.905357,0.63,2,689694,689214,480
57382641,7.95059,31.5929,454,38665,0.909071,0.65,2,689696,689242,454
57503821,30,30,532,40895,0.77,1,2,691240,690708,532
57547621,398.8,457.2,459,18980,0.178,0.63,1,691731,691272,459
57550541,170.96,164.24,482,19092,0.0436,0.39,1,691845,691363,482
57553461,110.992,118.448,471,19203,0.11272,0.11,1,691941,691470,471
57556381,92.5984,102.89,460,19314,0.078544,0.05,1,692029,691569,460
57559301,50.5197,69.3779,439,19424,0.0397088,0.05,1,692069,691630,439
57562221,53.3039,48.2756,450,19533,0.0319418,0.05,1,692123,691673,450
57565141,22.6608,32.8551,436,19642,0.0143884,0.03,1,692138,691702,436
57568061,107.732,29.771,536,19750,0.106878,0.01,1,692267,691731,536
57570981,100.746,97.1542,521,19857,0.205376,0.13,1,692366,691845,521
57573901,89.7493,96.2308,512,19964,0.273075,0.07,1,692453,691941,512
57576821,48.3499,89.6462,462,20070,0.302615,0.03,1,692491,692029,462
57579741,52.87,49.9292,476,20176,0.180523,0.03,1,692545,692069,476
57582661,22.574,53.1858,437,20281,0.172105,0.01,1,692560,692123,437
57585581,111.715,22.6372,556,20386,0.106421,0.13,1,692694,692138,556
57588501,105.543,107.727,531,20490,0.0772842,0.23,1,692798,692267,531
57591421,93.1086,100.745,522,20594,0.0714568,0.29,1,692888,692366,522
57594341,48.2217,89.7491,472,20697,0.102291,0.31,1,692925,692453,472
57597261,48.0443,48.3498,482,20799,0.108458,0.15,1,692973,692491,482
57600181,20.8089,52.87,442,20901,0.109692,0.17,1,692987,692545,442
57603101,109.762,22.574,559,21002,0.109938,0.09,1,693119,692560,559
57606021,23.5524,111.715,427,21103,0.109988,0.07,1,693121,692694,427
57608941,86.3105,105.543,425,21204,0.205998,0.07,1,693223,692798,425
57611861,89.2621,93.1086,425,21304,0.3052,0.11,1,693313,692888,425
57614781,49.0524,48.2217,427,21404,0.34104,0.11,1,693352,692925,427
57617701,48.2105,48.0443,427,21503,0.348208,0.11,1,693400,692973,427
57620621,20.8421,20.8089,427,21602,0.333642,0.11,1,693414,692987,427
57623541,110.568,109.762,428,21700,0.378728,0.11,1,693547,693119,428
57626461,23.7137,23.5524,428,21798,0.387746,0.23,1,693549,693121,428
57629381,91.1427,86.3105,434,21895,0.485549,0.33,1,693657,693223,434
57632301,92.6285,89.2621,437,21992,0.56911,0.35,1,693750,693313,437
57635221,49.7257,49.0524,437,22088,0.569822,0.35,1,693789,693352,437
57638141,49.1451,48.2105,438,22184,0.585964,0.33,1,693838,693400,438
57641061,21.029,20.8421,438,22280,0.589193,0.39,1,693852,693414,438
57643981,113.006,110.568,441,22375,0.605839,0.39,1,693988,693547,441
57646901,24.2012,23.7137,441,22470,0.577168,0.51,1,693990,693549,441
57649821,96.8402,91.1427,448,22564,0.635434,0.51,1,694105,693657,448
57652741,95.368,18.2285,543,22658,0.711087,0.59,1,694200,693657,543
57655661,49.4736,78.0457,488,22752,0.758217,0.57,2,694238,693750,488
57658581,49.8947,46.8091,499,22845,0.783643,0.59,2,694288,693789,499
57661501,21.1789,48.5618,464,22938,0.804729,0.59,2,694302,693838,464
57664421,112.236,20.9124,585,23030,0.872946,0.61,2,694437,693852,585
57667341,24.0472,112.982,451,23122,0.886589,0.57,2,694439,693988,451
57670261,100.009,24.1965,568,23214,0.873318,0.65,2,694558,693990,568
57673181,99.2019,96.8393,552,23305,0.870664,0.73,2,694657,694105,552
57676101,51.8404,95.3679,497,23396,0.854133,0.77,2,694697,694200,497
57679021,51.9681,49.4736,511,23487,0.882827,0.79,2,694749,694238,511
57681941,22.3936,49.8947,476,23577,0.872565,0.81,2,694764,694288,476
57684861,115.679,21.1789,601,23667,0.902513,0.89,2,694903,694302,601
57687781,24.7357,112.236,468,23757,0.940503,0.89,2,694905,694437,468
57769541,35,25,510,26140,0.75,1,2,696611,696101,510
57772461,43,27.4,527,26221,0.702,1,1,696656,696129,527
57775381,26.2,37.48,509,26302,0.6924,1,1,696678,696169,509
57778301,102.04,32.296,599,26383,0.59448,1,1,696799,696200,599
57781221,43.608,108.859,500,26463,0.542896,1,1,696828,696328,500
57784141,86.3216,38.5718,576,26543,0.532579,1,1,696925,696349,576
57787061,84.4643,94.1144,552,26623,0.578516,0.89,1,697009,696457,552
57789981,35.2929,93.2229,482,26703,0.635703,0.77,1,697032,696550,482
57792901,34.2586,39.4446,490,26782,0.615141,0.75,1,697066,696576,490
57795821,42.0517,35.8889,499,26861,0.579028,0.69,1,697110,696611,499
57798741,10.0103,43.1778,456,26940,0.571806,0.69,1,697112,696656,456
57801661,15.6021,26.2356,451,27019,0.602361,0.57,1,697129,696678,451
57804581,100.72,102.047,452,27097,0.688472,0.53,1,697251,696799,452
57807501,42.5441,43.6094,451,27175,0.737694,0.53,1,697279,696828,451
57810421,88.5088,86.3219,454,27253,0.779539,0.59,2,697379,696925,454
57813341,84.1018,84.4644,453,27331,0.787908,0.65,2,697462,697009,453
57816261,32.8204,35.2929,450,27408,0.821582,0.61,2,697482,697032,450
57819181,35.3641,34.2586,452,27485,0.812316,0.57,2,697518,697066,452
57822101,39.8728,42.0517,449,27562,0.826463,0.57,2,697559,697110,449
57825021,9.57456,10.0103,449,27639,0.829293,0.61,2,697561,697112,449
57827941,18.7149,15.6021,453,27716,0.877859,0.71,2,697582,697129,453
58181261,33,38,502,35784,0.77,1,2,703300,702798,502
58184181,29,34.8,496,35843,0.674,0.97,1,703328,702832,496
58187101,37,32.56,503,35902,0.6388,1,1,703367,702864,503
58190021,35.4,35.312,502,35961,0.61576,1,1,703402,702900,502
58192941,28.68,35.8624,493,36020,0.467152,1,1,703429,702936,493
58195861,58.536,55.1725,499,36079,0.34143,1,1,703495,702996,499
58198781,60.5072,71.0345,485,36138,0.204286,1,1,703556,703071,485
58201701,52.9014,50.2069,491,36196,0.176857,1,1,703607,703116,491
58204621,34.5803,40.4414,483,36254,0.0433714,0.97,1,703637,703154,483
58207541,22.9161,34.4883,470,36312,0.0326743,0.75,1,703657,703187,470
58210461,30.1832,40.4977,460,36370,0.0465349,0.79,1,703689,703229,460
58213381,35.6366,38.4995,459,36428,0.065307,0.77,1,703726,703267,459
58216301,29.5273,34.0999,454,36486,0.101061,0.65,1,703754,703300,454
58219221,28.3055,29.22,454,36544,0.140212,0.63,1,703782,703328,454
58222141,36.0611,37.044,453,36602,0.148042,0.61,1,703820,703367,453
58225061,31.2122,35.4088,448,36660,0.117608,0.43,1,703850,703402,448
58227981,23.8424,28.6818,443,36718,0.0795217,0.31,1,703872,703429,443
58230901,51.9685,58.5364,436,36776,0.135904,0.17,1,703931,703495,436
58233821,51.9937,60.5073,427,36833,0.147181,0.17,1,703983,703556,427
58236741,53.5987,52.9015,430,36890,0.213436,0.01,1,704037,703607,430
58239661,29.9197,34.5803,424,36947,0.242687,0.03,1,704061,703637,424
58242581,22.784,22.9161,425,37004,0.248537,0.05,1,704082,703657,425
58245501,27.7568,30.1832,422,37061,0.233707,0.07,1,704111,703689,422
58248421,38.3514,35.6366,426,37118,0.278741,0.11,1,704152,703726,426
58251341,30.0703,29.5273,426,37175,0.319748,0.11,1,704180,703754,426
58254261,30.0141,5.90547,456,37232,0.34395,0.15,1,704210,703754,456
58257181,34.8028,23.5811,464,37289,0.34879,0.15,1,704246,703782,464
58260101,30.9606,35.1162,456,37346,0.365758,0.11,1,704276,703820,456
58263021,22.1921,31.0232,446,37403,0.401152,0.07,1,704296,703850,446
58265941,54.8384,23.8046,487,37459,0.44023,0.15,1,704359,703872,487
58268861,52.5677,51.9609,480,37515,0.464046,0.15,1,704411,703931,480
58271781,56.1135,51.9922,485,37571,0.484809,0.23,1,704468,703983,485
58274701,30.4227,53.5984,455,37627,0.520962,0.25,1,704492,704037,455
58277621,24.4845,29.9197,454,37683,0.512192,0.25,1,704515,704061,454
58280541,28.0969,22.7839,462,37739,0.494438,0.23,1,704544,704082,462
58283461,40.0194,27.7568,476,37795,0.474888,0.29,1,704587,704111,476
58286381,32.8039,38.3514,466,37851,0.454978,0.33,1,704618,704152,466
58289301,30.5608,30.0703,468,37907,0.482995,0.35,1,704648,704180,468
58292221,34.9122,30.0141,474,37963,0.536599,0.35,1,704684,704210,474
58295141,31.7824,34.8028,469,38019,0.53132,0.37,1,704715,704246,469
58298061,24.7565,30.9606,462,38075,0.578264,0.41,1,704738,704276,462
58300981,56.1513,22.1921,506,38130,0.587653,0.45,1,704802,704296,506
58303901,53.6303,54.8384,496,38185,0.589531,0.47,1,704855,704359,496
58306821,58.7261,52.5677,504,38240,0.589906,0.49,1,704915,704411,504
58309741,30.9452,56.1135,471,38295,0.589981,0.53,1,704939,704468,471
58312661,23.789,30.4227,469,38350,0.589996,0.51,1,704961,704492,469
58315581,27.1578,24.4845,474,38405,0.589999,0.49,1,704989,704515,474
58318501,39.0316,28.0969,487,38460,0.606,0.47,1,705031,704544,487
58321421,31.8063,40.0194,474,38515,0.6252,0.45,1,705061,704587,474
58324341,31.9613,32.8039,475,38570,0.62904,0.49,1,705093,704618,475
58327261,7.99225,30.5608,447,38625,0.629808,0.55,1,705095,704648,447
58330181,31.9984,34.9122,449,38680,0.661962,0.53,1,705133,704684,449
58333101,30.3997,31.7824,448,38735,0.684392,0.59,1,705163,704715,448
58336021,26.8799,24.7565,451,38790,0.672879,0.59,1,705189,704738,451
58338941,56.576,56.1513,451,38844,0.734576,0.59,1,705253,704802,451
58341861,54.5152,53.6303,452,38898,0.730915,0.59,1,705307,704855,452
58344781,58.103,58.7261,451,38952,0.762183,0.59,2,705366,704915,451
58347701,30.8206,30.9452,451,39006,0.768437,0.59,2,705390,704939,451
58350621,23.7641,23.789,451,39060,0.769687,0.59,2,705412,704961,451
58353541,27.1528,27.1578,451,39114,0.769938,0.61,2,705440,704989,451
58356461,40.6306,39.0316,453,39168,0.737988,0.63,1,705484,705031,453
58359381,32.1261,31.8063,453,39222,0.779597,0.63,2,705514,705061,453
58362301,32.8252,31.9613,454,39276,0.787919,0.63,2,705547,705093,454
58365221,8.16504,7.99225,454,39330,0.789584,0.67,2,705549,705095,454
58368141,31.233,31.9984,453,39384,0.837917,0.69,2,705586,705133,453
58371061,31.0466,30.3997,454,39438,0.863583,0.67,2,705617,705163,454
58373981,27.8093,26.8799,455,39492,0.868717,0.75,2,705644,705189,455
58376901,59.1619,56.576,458,39545,0.917743,0.73,2,705711,705253,458
58379821,53.4324,54.5152,456,39598,0.927549,0.77,2,705763,705307,456
58382741,59.4865,58.103,458,39651,0.91351,0.77,2,705824,705366,458
58385661,31.0973,30.8206,458,39704,0.958702,0.77,2,705848,705390,458
58574001,79,121,499,19203,0.11,0.73,1,708275,707776,499
58576921,64.6,75.4,496,19314,0.158,0.51,1,708336,707840,496
58579841,69.72,78.28,488,19424,0.1836,0.13,1,708407,707919,488
58582761,55.544,90.056,447,19533,0.15672,0.09,1,708459,708012,447
58585681,35.1088,46.8112,441,19642,0.167344,0.03,1,708489,708048,441
58588601,112.622,33.3622,543,19750,0.0734688,0.09,1,708621,708078,543
58591521,88.1243,101.072,507,19857,0.150694,0.11,1,708703,708196,507
58594441,67.2249,83.4145,490,19964,0.182139,0.17,1,708765,708275,490
58597361,71.045,65.4829,501,20070,0.220428,0.19,1,708837,708336,501
58600281,55.009,69.8966,481,20176,0.244086,0.15,1,708888,708407,481
58603201,35.0018,55.5793,459,20281,0.216817,0.17,1,708918,708459,459
58606121,110.2,35.1159,558,20386,0.211363,0.05,1,709047,708489,558
58609041,90.0401,112.623,511,20490,0.210273,0.17,1,709132,708621,511
58611961,68.408,88.1246,492,20594,0.242055,0.19,1,709195,708703,492
58614881,72.8816,67.2249,504,20697,0.248411,0.23,1,709269,708765,504
58617801,54.5763,71.045,482,20799,0.265682,0.25,1,709319,708837,482
58620721,34.9153,55.009,461,20901,0.269136,0.21,1,709349,708888,461
58623641,108.583,35.0018,558,21002,0.301827,0.21,1,709476,708918,558
58626561,23.3166,110.2,431,21103,0.308365,0.21,1,709478,709047,431
58629481,73.4633,90.0401,432,21204,0.373673,0.25,1,709564,709132,432
58632401,66.6927,68.408,434,21304,0.434735,0.25,1,709629,709195,434
58635321,73.3385,72.8816,435,21404,0.446947,0.27,1,709704,709269,435
58638241,54.6677,54.5763,435,21503,0.433389,0.27,1,709754,709319,435
58641161,35.7335,34.9153,436,21602,0.462678,0.31,1,709785,709349,436
58644081,109.547,108.583,437,21700,0.500536,0.31,1,709913,709476,437
58647001,23.5093,23.3166,437,21798,0.508107,0.39,1,709915,709478,437
58649921,75.1019,73.4633,439,21895,0.573621,0.45,1,710003,709564,439
58652841,69.4204,66.6927,442,21992,0.682724,0.45,1,710071,709629,442
58655761,74.6841,73.3385,443,22088,0.720545,0.43,1,710147,709704,443
58658681,54.9368,54.6677,443,22184,0.744109,0.47,1,710197,709754,443
58661601,37.3874,35.7335,445,22280,0.796822,0.51,2,710230,709785,445
58664521,112.277,109.547,448,22375,0.775364,0.51,2,710361,709913,448
58667441,24.0555,23.5093,448,22470,0.771073,0.59,2,710363,709915,448
58670361,76.0111,75.1019,449,22564,0.754215,0.59,2,710452,710003,449
58673281,74.4022,15.0204,523,22658,0.782843,0.71,2,710526,710003,523
58676201,77.2804,57.4041,533,22752,0.836569,0.73,2,710604,710071,533
58679121,56.2561,72.2808,508,22845,0.847314,0.75,2,710655,710147,508
58682041,38.4512,54.4562,492,22938,0.849463,0.81,2,710689,710197,492
58684961,110.89,37.2912,588,23030,0.881893,0.77,2,710818,710230,588
58687881,23.778,112.258,459,23122,0.888379,0.77,2,710820,710361,459
58690801,76.7556,24.0516,547,23214,0.905676,0.75,2,710910,710363,547
58693721,76.1511,76.0103,534,23305,0.909135,0.79,2,710986,710452,534
58775481,114,32,603,25731,0.81,1,2,712712,712109,603
58778401,50.8,121.6,494,25813,0.778,1,2,712747,712253,494
58781321,72.56,45.12,546,25895,0.6756,1,1,712825,712279,546
58784241,56.912,62.624,532,25977,0.68712,1,1,712878,712346,532
58787161,40.1824,62.1248,506,26059,0.593424,1,1,712914,712408,506
58790081,54.4365,32.425,539,26140,0.606685,1,1,712972,712433,539
58793001,61.2873,65.685,528,26221,0.545337,0.88,1,713035,712507,528
58795921,36.2575,59.537,500,26302,0.581067,0.88,1,713065,712565,500
58798841,92.0515,38.3074,573,26383,0.620213,0.81,1,713171,712598,573
58801761,45.6103,98.8615,493,26463,0.660043,0.77,1,713205,712712,493
58804681,68.3221,47.7723,532,26543,0.700009,0.65,1,713279,712747,532
58807601,53.6644,71.9545,504,26623,0.676002,0.69,1,713329,712825,504
58810521,36.3329,56.7909,483,26703,0.7032,0.57,1,713361,712878,483
58813441,58.4666,40.1582,511,26782,0.70864,0.61,1,713425,712914,511
58816361,58.0933,54.4316,511,26861,0.741728,0.53,1,713483,712972,511
58819281,13.2187,61.2863,450,26940,0.748346,0.59,1,713485,713035,450
58822201,27.4437,36.2573,451,27019,0.813669,0.63,2,713516,713065,451
58825121,91.8887,92.0515,453,27097,0.842734,0.67,2,713624,713171,453
58828041,46.3777,45.6103,454,27175,0.896547,0.71,2,713659,713205,454
58830961,69.2755,68.3221,455,27253,0.907309,0.67,2,713734,713279,455
59014921,32,32,509,31776,0.83,1,2,716875,716366,509
59017841,59.2,28.8,547,31843,0.718,1,1,716941,716394,547
59020761,46.24,63.36,518,31909,0.6956,0.97,1,716984,716466,518
59023681,38.048,42.272,517,31975,0.62712,1,1,717020,716503,517
59026601,29.2096,33.2544,513,32041,0.597424,1,1,717047,716534,513
59029521,55.4419,38.6509,535,32107,0.527485,1,1,717109,716574,535
59032441,36.6884,56.5302,506,32173,0.513497,1,1,717141,716635,506
59035361,52.9377,37.706,530,32239,0.462699,1,1,717198,716668,530
59038281,66.5875,49.9412,547,32305,0.40454,0.92,1,717268,716721,547
59041201,44.5175,69.9882,511,32370,0.392908,0.93,1,717307,716796,511
59044121,32.9035,51.5976,494,32435,0.406582,0.83,1,717337,716843,494
59047041,54.5807,35.9195,522,32500,0.425316,0.69,1,717397,716875,522
59049961,42.1161,59.9839,495,32565,0.477063,0.69,1,717436,716941,495
59052881,35.6232,46.3968,486,32630,0.487413,0.61,1,717470,716984,486
59055801,28.7246,38.0794,477,32695,0.441483,0.59,1,717497,717020,477
59058721,50.5449,29.2159,506,32760,0.480297,0.51,1,717553,717047,506
59061641,11.709,55.4432,446,32825,0.488059,0.51,1,717555,717109,446
59064561,28.7418,36.6886,447,32889,0.489612,0.45,1,717588,717141,447
59067481,48.9484,52.9377,444,32953,0.601922,0.39,1,717642,717198,444
59070401,66.5897,66.5875,445,33017,0.608384,0.39,1,717713,717268,445
59073321,42.9179,44.5175,443,33081,0.593677,0.41,1,717750,717307,443
59076241,32.5836,32.9035,443,33145,0.606735,0.43,1,717780,717337,443
59079161,52.9167,54.5807,441,33209,0.673347,0.49,1,717838,717397,441
59082081,45.7833,42.1161,446,33273,0.718669,0.49,1,717882,717436,446
59085001,34.7567,35.6232,444,33337,0.727734,0.43,1,717914,717470,444
59087921,28.5513,28.7246,444,33400,0.745547,0.49,1,717941,717497,444
59090841,52.1103,50.5449,446,33463,0.749109,0.49,1,717999,717553,446
59093761,12.0221,11.709,446,33526,0.749822,0.49,1,718001,717555,446
59096681,28.8044,28.7418,446,33589,0.765964,0.63,2,718034,717588,446
59099601,52.9609,48.9484,451,33652,0.849193,0.61,2,718093,717642,451
59102521,68.1922,66.5897,452,33715,0.833839,0.59,2,718165,717713,452
59105441,43.2384,42.9179,452,33778,0.846768,0.61,2,718202,717750,452
59108361,33.4477,32.5836,453,33841,0.897354,0.69,2,718233,717780,453
59111281,53.8895,52.9167,454,33903,0.859471,0.73,2,718292,717838,454
59114201,47.5779,45.7833,456,33965,0.819894,0.73,2,718338,717882,456
59117121,35.9156,34.7567,457,34027,0.827979,0.75,2,718371,717914,457
59120041,28.7831,28.5513,457,34089,0.813596,0.75,2,718398,717941,457
59122961,52.1566,52.1103,457,34151,0.826719,0.75,2,718456,717999,457
59125881,12.0313,12.0221,457,34213,0.829344,0.75,2,718458,718001,457
59128801,30.4063,2.40441,492,34275,0.813869,0.77,2,718493,718001,492
59131721,55.6813,26.8809,521,34337,0.842774,0.87,2,718555,718034,521
59134641,68.7363,52.5762,534,34399,0.880555,0.83,2,718627,718093,534
59137561,44.9473,68.1152,501,34460,0.904111,0.85,2,718666,718165,501
59140481,33.7895,43.223,495,34521,0.940822,0.91,2,718697,718202,495
59268961,33,32,498,37118,0.87,1,2,720505,720007,498
59271881,50.6,53.6,494,37175,0.742,1,1,720560,720066,494
59274801,35.72,10.72,526,37232,0.7004,1,1,720592,720066,526
59277721,31.944,28.544,524,37289,0.72408,1,1,720623,720099,524
59280641,39.9888,36.9088,527,37346,0.712816,1,1,720665,720138,527
59283561,47.1978,47.3818,526,37403,0.790563,1,2,720714,720188,526
59286481,37.4396,53.4764,506,37459,0.742113,1,1,720749,720243,506
59289401,32.2879,40.2953,500,37515,0.764423,1,2,720780,720280,500
59292321,44.0576,31.2591,518,37571,0.720885,1,1,720827,720309,518
59295241,39.2115,45.4518,507,37627,0.776177,0.97,2,720865,720358,507
59298161,30.2423,43.4904,492,37683,0.851235,0.83,2,720893,720401,492
59301081,38.8485,33.4981,502,37739,0.866247,0.89,2,720934,720432,502
59304001,32.5697,38.6996,493,37795,0.901249,0.87,2,720965,720472,493
59306921,50.5139,34.1399,515,37851,0.89225,0.71,2,721020,720505,515
59309841,33.3028,50.828,489,37907,0.87445,0.69,2,721049,720560,489
59312761,32.2606,35.7656,489,37963,0.90289,0.73,2,721081,720592,489
59502561,42,35,516,41422,0.85,1,2,723515,722999,516
59505481,37.2,35,517,41473,0.786,0.98,2,723551,723034,517
59508401,29.84,36.6,508,41524,0.6292,1,1,723579,723071,508
59511321,32.368,25.72,518,41575,0.62984,1,1,723612,723094,518
59514241,16.8736,35.544,493,41626,0.725968,1,1,723625,723132,493
59517161,22.5747,31.9088,486,41677,0.649194,1,1,723649,723163,486
59520081,37.3149,37.5818,488,41728,0.601839,1,1,723690,723202,488
59523001,37.063,37.9164,487,41779,0.608368,1,1,723727,723240,487
59525921,26.6126,34.7833,477,41830,0.673674,1,1,723751,723274,477
59528841,41.3225,46.1567,473,41880,0.670735,0.99,1,723796,723323,473
59531761,35.4645,38.8313,470,41930,0.638147,1,1,723830,723360,470
59534681,35.0929,34.1663,472,41980,0.583629,0.91,1,723865,723393,472
59537601,43.8186,42.0333,474,42030,0.556726,0.77,1,723911,723437,474
59540521,30.3637,37.2067,465,42080,0.583345,0.85,1,723938,723473,465
59543441,36.4727,41.0413,461,42130,0.588669,0.77,1,723976,723515,461
59546361,34.4945,37.0083,459,42180,0.573734,0.59,1,724010,723551,459
59549281,29.2989,29.8017,459,42230,0.570747,0.63,1,724038,723579,459
59552201,31.4598,32.3603,458,42280,0.570149,0.75,1,724070,723612,458
59555121,15.092,16.8721,456,42330,0.58603,0.63,1,724081,723625,456
59558041,20.6184,22.5744,454,42380,0.669206,0.59,1,724103,723649,454
59560961,34.5237,37.3149,451,42430,0.621841,0.61,1,724141,723690,451
59563881,35.7047,37.063,450,42480,0.644368,0.69,1,724177,723727,450
59566801,29.5409,26.6126,454,42530,0.680874,0.67,1,724205,723751,454
59569721,38.7082,41.3225,450,42580,0.672175,0.63,1,724246,723796,450
59572641,34.9416,35.4645,450,42630,0.638435,0.57,1,724280,723830,450
59575561,31.7883,35.0929,446,42680,0.679687,0.55,1,724311,723865,446
59578481,44.7577,43.8186,448,42729,0.687937,0.59,1,724359,723911,448
59581401,31.3515,30.3637,449,42778,0.705587,0.59,1,724387,723938,449
59584321,37.4703,36.4727,450,42827,0.709118,0.57,1,724426,723976,450
59587241,34.6941,34.4945,450,42876,0.709823,0.57,1,724460,724010,450
59590161,29.3388,29.2989,450,42925,0.709965,0.57,1,724488,724038,450
59593081,31.4678,31.4598,450,42974,0.709993,0.59,1,724520,724070,450
59596001,15.8936,15.092,451,43023,0.693999,0.59,1,724532,724081,451
59598921,22.3787,3.01839,475,43072,0.6908,0.69,1,724556,724081,475
59601841,33.2757,18.2037,489,43121,0.69016,0.61,1,724592,724103,489
59604761,37.0551,34.0407,489,43170,0.706032,0.65,1,724630,724141,489
59607681,28.211,35.6081,479,43219,0.709206,0.69,1,724656,724177,479
59610601,39.2422,29.5216,493,43268,0.725841,0.67,1,724698,724205,493
59613521,35.8484,38.7043,487,43317,0.793168,0.63,2,724733,724246,487
59616441,33.5697,34.9409,486,43366,0.838634,0.69,2,724766,724280,486
59619361,45.9139,31.7882,504,43415,0.863727,0.69,2,724815,724311,504
59622281,30.7828,44.7576,483,43464,0.916745,0.71,2,724842,724359,483
59940561,42,35,496,48468,0.73,1,1,728308,727812,496
59943481,37.2,34.2,498,48511,0.682,1,1,728344,727846,498
59946401,32.24,36.44,492,48554,0.6404,1,1,728375,727883,492
59949321,24.848,28.888,488,48597,0.64808,1,1,728398,727910,488
59952241,39.3696,42.5776,485,48640,0.633616,1,1,728441,727956,485
59955161,36.6739,38.9155,483,48683,0.598723,0.99,1,728477,727994,483
59958081,28.1348,31.7831,479,48726,0.559745,0.92,1,728503,728024,479
59961001,30.427,18.3566,495,48769,0.455949,1,1,728534,728039,495
59963921,34.8854,14.8713,517,48812,0.41919,1,1,728570,728053,517
59966841,21.3771,32.5743,498,48855,0.507838,1,1,728588,728090,498
59969761,15.4754,6.51485,512,48898,0.429568,0.99,1,728602,728090,512
59972681,23.0951,30.103,501,48941,0.381914,0.87,1,728627,728126,501
59975601,10.219,26.0206,483,48984,0.372383,0.95,1,728634,728151,483
59978521,33.2438,13.2041,512,49027,0.322477,0.97,1,728673,728161,512
59981441,33.0488,37.0408,502,49070,0.296495,0.89,1,728706,728204,502
59984361,22.6098,36.2082,486,49113,0.243299,0.84,1,728726,728240,486
59987281,41.3219,28.0416,506,49156,0.18466,0.73,1,728772,728266,506
59990201,33.8644,39.2083,496,49199,0.204932,0.67,1,728804,728308,496
59993121,26.7729,36.6417,485,49242,0.224986,0.63,1,728829,728344,485
59996041,21.3546,32.1283,474,49285,0.228997,0.65,1,728849,728375,474
59998961,38.6709,24.8257,494,49328,0.245799,0.63,1,728892,728398,494
60001881,34.9342,39.3651,485,49371,0.31316,0.59,1,728926,728441,485
60004801,25.3868,36.673,472,49414,0.310632,0.55,1,728949,728477,472
60007721,29.0774,28.1346,476,49457,0.326126,0.43,1,728979,728503,476
60010641,33.0155,30.4269,479,49500,0.361225,0.41,1,729013,728534,479
60013561,19.4031,34.8854,459,49543,0.368245,0.53,1,729029,728570,459
60016481,13.4806,21.3771,453,49586,0.337649,0.41,1,729041,728588,453
60019401,21.0961,15.4754,462,49628,0.39553,0.37,1,729064,728602,462
60022321,9.81922,23.0951,444,49670,0.423106,0.37,1,729071,728627,444
60025241,31.5638,10.219,474,49712,0.444621,0.31,1,729108,728634,474
60028161,30.3128,33.2438,465,49754,0.432924,0.29,1,729138,728673,465
60031081,20.4626,33.0488,450,49796,0.462585,0.23,1,729156,728706,450
60034001,41.6925,22.6098,477,49838,0.452517,0.17,1,729203,728726,477
60036921,34.7385,41.3219,464,49880,0.498503,0.21,1,729236,728772,464
60039841,26.9477,33.8644,457,49922,0.507701,0.23,1,729261,728804,457
60042761,19.7895,26.7729,450,49964,0.50954,0.23,1,729279,728829,450
60045681,42.3579,21.3546,478,50006,0.509908,0.25,1,729327,728849,478
60048601,37.2716,38.6709,471,50048,0.557982,0.33,1,729363,728892,471
60051521,25.0543,34.9342,459,50090,0.567596,0.31,1,729385,728926,459
60054441,33.0109,25.3868,471,50132,0.585519,0.33,1,729420,728949,471
60057361,32.2022,29.0774,473,50174,0.605104,0.37,1,729452,728979,473
60060281,17.6404,33.0155,453,50216,0.609021,0.37,1,729466,729013,453
60063201,13.9281,19.4031,450,50258,0.625804,0.33,1,729479,729029,450
60066121,23.5856,13.4806,464,50300,0.597161,0.41,1,729505,729041,464
60069041,6.31712,21.0961,443,50342,0.591432,0.43,1,729507,729064,443
60071961,6.06342,9.81922,442,50384,0.590286,0.45,1,729513,729071,442
60074881,33.2127,31.5638,445,50426,0.622057,0.43,1,729553,729108,445
60077801,30.6425,30.3128,445,50468,0.628411,0.47,1,729583,729138,445
60080721,18.9285,20.4626,443,50510,0.661682,0.45,1,729599,729156,443
60083641,42.1857,41.6925,444,50552,0.668337,0.51,1,729647,729203,444
60086561,35.6371,34.7385,445,50594,0.637667,0.51,1,729681,729236,445
60089481,28.7274,26.9477,447,50636,0.631533,0.51,1,729708,729261,447
60092401,20.1455,19.7895,447,50678,0.646307,0.51,1,729726,729279,447
60095321,44.0291,42.3579,449,50720,0.649261,0.57,1,729776,729327,449
60098241,38.4058,37.2716,450,50762,0.665852,0.57,1,729813,729363,450
60101161,25.2812,25.0543,450,50803,0.66917,0.59,1,729835,729385,450
60104081,34.6562,33.0109,452,50844,0.717834,0.61,1,729872,729420,452
60107001,32.5312,32.2022,452,50885,0.743567,0.61,1,729904,729452,452
60109921,17.7062,17.6404,452,50926,0.748713,0.63,1,729918,729466,452
60112841,13.1412,13.9281,451,50967,0.749743,0.59,1,729930,729479,451
60115761,23.4283,23.5856,451,51008,0.749949,0.59,1,729956,729505,451
60118681,6.28565,6.31712,451,51049,0.74999,0.59,1,729958,729507,451
60121601,6.05713,6.06342,451,51090,0.717998,0.63,1,729964,729513,451
60124521,34.8114,33.2127,453,51131,0.7436,0.63,1,730006,729553,453
60127441,30.9623,30.6425,453,51172,0.78072,0.67,2,730036,729583,453
60130361,18.9925,18.9285,453,51213,0.820144,0.67,2,730052,729599,453
60133281,42.1985,42.1857,453,51254,0.828029,0.63,2,730100,729647,453
60136201,35.6397,35.6371,453,51295,0.797606,0.63,2,730134,729681,453
60139121,28.7279,28.7274,453,51336,0.775521,0.65,2,730161,729708,453
60142041,20.9456,20.1455,454,51377,0.835104,0.65,2,730180,729726,454
60144961,43.3891,44.0291,453,51418,0.863021,0.67,2,730229,729776,453
60147881,39.0778,38.4058,454,51459,0.900604,0.67,2,730267,729813,454
60150801,27.0156,25.2812,456,51500,0.892121,0.73,2,730291,729835,456
60153721,35.0031,34.6562,456,51541,0.906424,0.75,2,730328,729872,456
60156641,33.4006,32.5312,457,51582,0.909285,0.75,2,730361,729904,457
60159561,17.8801,17.7062,457,51623,0.925857,0.75,2,730375,729918,457
60162481,13.176,13.1412,457,51664,0.929171,0.75,2,730387,729930,457
60182921,48,16,508,51951,0.93,0.83,2,730560,730052,508
60185841,36.8,41.6,494,51992,0.93,0.79,2,730594,730100,494
60188761,28.16,35.52,486,52032,0.93,0.77,2,730620,730134,486
60346441,73,67,520,24990,0.11,0.79,1,732226,731706,520
60349361,59.4,86.2,485,25075,0.126,0.79,1,732282,731797,485
60352281,55.88,57.24,490,25160,0.1612,0.57,1,732337,731847,490
60355201,33.576,61.048,456,25244,0.20024,0.45,1,732365,731909,456
60358121,78.7152,45.0096,505,25328,0.224048,0.29,1,732455,731950,505
60361041,25.343,73.0019,437,25412,0.22881,0.25,1,732467,732030,437
60363961,12.2686,18.6004,441,25495,0.213762,0.21,1,732476,732035,441
60366881,88.0537,19.7201,528,25578,0.194752,0.19,1,732583,732055,528
60369801,72.0107,82.344,498,25661,0.17495,0.11,1,732651,732153,498
60372721,60.0022,74.8688,482,25744,0.23499,0.13,1,732708,732226,482
60375641,58.4004,59.7738,484,25826,0.342998,0.17,1,732766,732282,484
60378561,34.0801,55.9548,457,25908,0.3486,0.21,1,732794,732337,457
60381481,79.616,33.5909,520,25990,0.42972,0.23,1,732885,732365,520
60384401,25.5232,78.7182,442,26072,0.461944,0.23,1,732897,732455,442
60387321,13.1046,25.3436,440,26153,0.468389,0.21,1,732907,732467,440
60390241,87.4209,12.2687,537,26234,0.485678,0.19,1,733013,732476,537
60393161,71.0842,88.0537,497,26315,0.489136,0.17,1,733080,732583,497
60396081,61.4168,72.0107,488,26396,0.473827,0.25,1,733139,732651,488
60399001,63.4834,60.0022,495,26476,0.502765,0.37,1,733203,732708,495
60401921,35.8967,58.4004,466,26556,0.524553,0.35,1,733232,732766,466
60404841,84.7793,34.0801,535,26636,0.592911,0.45,1,733329,732794,535
60407761,26.5559,79.616,456,26716,0.606582,0.47,1,733341,732885,456
60410681,13.3112,25.5232,454,26795,0.609316,0.47,1,733351,732897,454
60413601,88.2622,13.1046,551,26874,0.641863,0.49,1,733458,732907,551
60416521,19.2524,87.4209,447,26953,0.648373,0.49,1,733460,733013,447
60419441,56.6505,71.0842,446,27032,0.681674,0.47,1,733526,733080,446
60422361,57.7301,61.4168,445,27110,0.672335,0.51,1,733584,733139,445
60425281,65.146,63.4834,448,27188,0.670467,0.53,1,733651,733203,448
60428201,36.2292,35.8967,448,27266,0.702093,0.61,1,733680,733232,448
60431121,88.0458,84.7793,452,27344,0.708419,0.61,1,733781,733329,452
60434041,27.2092,26.5559,452,27421,0.709684,0.61,1,733793,733341,452
60436961,13.4418,13.3112,452,27498,0.725937,0.65,1,733803,733351,452
60439881,89.8884,88.2622,454,27575,0.793187,0.65,2,733912,733458,454
60442801,19.5777,19.2524,454,27652,0.806638,0.69,2,733914,733460,454
60445721,56.7155,56.6505,454,27729,0.809328,0.67,2,733980,733526,454
60448641,58.5431,57.7301,455,27805,0.841865,0.67,2,734039,733584,455
60451561,66.1086,65.146,456,27881,0.880373,0.71,2,734107,733651,456
60454481,37.2217,36.2292,457,27957,0.888075,0.71,2,734137,733680,457
60562521,38,61,481,30635,0.89,1,2,736001,735520,481
60565441,35.6,37.8,484,30704,0.858,0.98,2,736036,735552,484
60568361,79.92,86.76,476,30773,0.8836,1,2,736127,735651,476
60571281,41.584,46.152,472,30842,0.88872,1,2,736159,735687,472
60574201,30.7168,30.0304,474,30911,0.921744,0.97,2,736187,735713,474
60693921,43,38,489,33602,0.85,1,2,738070,737581,489
60696841,29.4,34,482,33665,0.77,1,2,738096,737614,482
60699761,73.88,70,488,33728,0.754,1,2,738181,737693,488
60702681,38.776,42.8,482,33791,0.8148,1,2,738211,737729,482
60705601,30.9552,31.76,482,33854,0.77896,0.94,2,738240,737758,482
60708521,58.191,66.352,472,33916,0.723792,0.93,1,738305,737833,472
60711441,39.6382,41.2704,472,33978,0.696758,0.84,1,738340,737868,472
60714361,32.7276,37.0541,467,34040,0.723352,0.99,1,738371,737904,467
60717281,40.1455,36.2108,473,34102,0.72867,0.89,1,738413,737940,473
60720201,32.8291,35.2422,469,34164,0.713734,0.89,1,738444,737975,469
60723121,44.1658,48.6484,464,34226,0.758747,0.89,2,738491,738027,464
60726041,44.8332,9.72969,509,34288,0.799749,0.85,2,738536,738027,509
60728961,26.5666,36.3459,488,34350,0.82395,0.75,2,738558,738070,488
60731881,66.9133,28.0692,539,34412,0.82879,0.75,2,738635,738096,539
60734801,39.7827,73.6138,487,34473,0.813758,0.83,2,738668,738181,487
60737721,32.7565,38.7228,488,34534,0.858752,0.77,2,738699,738211,488
60740641,56.1513,30.9446,521,34595,0.89975,0.71,2,738761,738240,521
60743561,36.8303,58.1889,488,34656,0.87595,0.69,2,738793,738305,488
60746481,35.3661,39.6378,488,34717,0.91919,0.73,2,738828,738340,488
60749401,39.8732,32.7276,498,34778,0.927838,0.73,2,738869,738371,498
60980081,40,32,507,39289,0.71,1,1,742030,741523,507
60983001,29.6,35.2,498,39343,0.662,1,1,742057,741559,498
60985921,28.32,31.84,495,39397,0.6044,1,1,742085,741590,495
60988841,33.664,31.168,499,39451,0.52888,1,1,742120,741621,499
60991761,31.5328,31.8336,498,39505,0.465776,1,1,742151,741653,498
60994681,35.1066,42.3667,489,39558,0.389155,1,1,742187,741698,489
60997601,55.8213,62.8733,482,39611,0.229831,1,1,742248,741766,482
61000521,38.3643,42.1747,479,39664,0.181966,0.92,1,742282,741803,479
61003441,35.6729,34.8349,481,39717,0.204393,1,1,742317,741836,481
61006361,41.5346,50.167,470,39770,0.0968786,1,1,742360,741890,470
61009281,33.9069,39.6334,465,39823,0.107376,0.95,1,742392,741927,465
61012201,27.5814,30.3267,463,39876,0.141475,0.73,1,742418,741955,463
61015121,34.3163,34.0653,464,39929,0.084295,0.71,1,742454,741990,464
61018041,36.4633,38.8131,461,39982,0.040859,0.65,1,742491,742030,461
61020961,18.4927,29.3626,448,40035,0.0641718,0.59,1,742505,742057,448
61023881,22.8985,28.2725,444,40088,0.0368344,0.59,1,742529,742085,444
61026801,30.9797,5.6545,477,40141,0.0313669,0.51,1,742562,742085,477
61029721,28.5959,29.1309,470,40194,0.0302734,0.45,1,742590,742120,470
61032641,31.3192,30.6262,471,40247,0.0780547,0.37,1,742622,742151,471
61035561,53.4638,34.9252,494,40299,0.0716109,0.19,1,742681,742187,494
61038481,36.2928,55.785,465,40351,0.0863222,0.17,1,742713,742248,465
61041401,32.8586,38.357,463,40403,0.0892644,0.21,1,742745,742282,463
61044321,39.3717,35.6714,469,40455,0.121853,0.07,1,742786,742317,469
61047241,31.8743,41.5343,456,40507,0.160371,0.11,1,742816,742360,456
61050161,27.9749,33.9069,451,40559,0.184074,0.15,1,742843,742392,451
61053081,31.995,27.5814,458,40611,0.156815,0.07,1,742876,742418,458
61056001,35.999,34.3163,459,40663,0.199363,0.03,1,742913,742454,459
61058921,18.3998,36.4633,436,40715,0.207873,0.07,1,742927,742491,436
61061841,22.88,18.4927,446,40767,0.209575,0.03,1,742951,742505,446
61064761,30.976,22.8985,455,40819,0.225915,0.03,1,742984,742529,455
61067681,29.3952,30.9797,451,40871,0.245183,0.03,1,743013,742562,451
61070601,33.079,28.5959,457,40923,0.233037,0.09,1,743047,742590,457
61073521,52.2158,31.3192,482,40975,0.246607,0.07,1,743104,742622,482
61076441,37.6432,53.4638,457,41027,0.217321,0.09,1,743138,742681,457
61079361,34.7286,36.2928,459,41078,0.195464,0.09,1,743172,742713,459
61082281,39.7457,32.8586,468,41129,0.207093,0.13,1,743213,742745,468
61085201,33.5491,39.3717,459,41180,0.209419,0.17,1,743245,742786,459
61088121,27.5098,31.8743,455,41231,0.241884,0.19,1,743271,742816,455
61091041,31.902,27.9749,461,41282,0.232377,0.15,1,743304,742843,461
61093961,38.3804,31.995,468,41333,0.278475,0.21,1,743344,742876,468
61096881,18.8761,35.999,445,41384,0.303695,0.21,1,743358,742913,445
61099801,24.5752,18.3998,457,41435,0.308739,0.21,1,743384,742927,457
61102721,31.315,22.88,466,41486,0.357748,0.23,1,743417,742951,466
61105641,29.463,30.976,462,41537,0.35155,0.25,1,743446,742984,462
61108561,7.4926,29.3952,435,41588,0.35031,0.23,1,743448,743013,435
61111481,27.0985,33.079,433,41639,0.382062,0.25,1,743480,743047,433
61114401,50.2197,52.2158,432,41690,0.372412,0.21,1,743536,743104,432
61117321,37.2439,37.6432,432,41741,0.386482,0.19,1,743570,743138,432
61120241,33.8488,34.7286,431,41792,0.437296,0.21,1,743603,743172,431
61123161,40.3698,39.7457,432,41843,0.511459,0.21,1,743645,743213,432
61126081,33.674,33.5491,432,41893,0.510292,0.25,1,743677,743245,432
61129001,29.1348,27.5098,434,41943,0.494058,0.23,1,743705,743271,434
61131921,32.227,31.902,434,41993,0.506812,0.29,1,743738,743304,434
61134841,40.0454,38.3804,436,42043,0.509362,0.31,1,743780,743344,436
61137761,20.0091,18.8761,437,42093,0.525872,0.31,1,743795,743358,437
61140681,25.6018,24.5752,438,42143,0.545174,0.37,1,743822,743384,438
61143601,33.1204,31.315,440,42193,0.549035,0.35,1,743857,743417,440
61146521,29.0241,29.463,439,42243,0.549807,0.35,1,743885,743446,439
61149441,7.40481,7.4926,439,42293,0.549961,0.39,1,743887,743448,439
61152361,27.081,27.0985,439,42343,0.565992,0.37,1,743919,743480,439
61155281,51.0162,50.2197,440,42393,0.569198,0.39,1,743976,743536,440
61158201,39.0032,37.2439,442,42443,0.60184,0.45,1,744012,743570,442
61161121,35.8006,33.8488,444,42493,0.640368,0.53,1,744047,743603,444
61164041,43.1601,40.3698,447,42543,0.648074,0.51,1,744092,743645,447
61166961,35.032,33.674,448,42593,0.665615,0.49,1,744125,743677,448
61169881,27.8064,29.1348,446,42643,0.701123,0.51,1,744151,743705,446
61172801,31.1613,32.227,445,42692,0.692225,0.51,1,744183,743738,445
61175721,39.8323,40.0454,445,42741,0.706445,0.53,1,744225,743780,445
61178641,21.5665,20.0091,447,42790,0.725289,0.55,1,744242,743795,447
61181561,25.9133,25.6018,447,42839,0.761058,0.55,2,744269,743822,447
61184481,33.1827,33.1204,447,42888,0.720212,0.55,1,744304,743857,447
61187401,29.0365,29.0241,447,42937,0.712042,0.55,1,744332,743885,447
61190321,7.40731,7.40481,447,42986,0.710408,0.55,1,744334,743887,447
61193241,27.0815,1.48096,479,43035,0.710082,0.57,1,744366,743887,479
61196161,52.6163,25.8962,506,43084,0.742016,0.57,1,744425,743919,506
61199081,40.9233,50.7792,487,43133,0.748403,0.61,1,744463,743976,487
61202001,37.7847,38.9558,488,43182,0.797681,0.65,2,744500,744012,488
61204921,43.5569,35.7912,498,43231,0.807536,0.65,2,744545,744047,498
61207841,35.9114,43.1582,487,43280,0.809507,0.67,2,744579,744092,487
61210761,27.9823,35.0316,480,43329,0.809901,0.71,2,744605,744125,480
61213681,31.9965,27.8063,487,43378,0.84198,0.69,2,744638,744151,487
61216601,40.7993,31.1613,498,43427,0.896396,0.71,2,744681,744183,498
61219521,20.9599,39.8323,472,43476,0.923279,0.73,2,744697,744225,472
61222441,27.392,21.5665,484,43525,0.912656,0.77,2,744726,744242,484
61225361,32.6784,25.9133,491,43573,0.942531,0.71,2,744760,744269,491
61228281,28.9357,33.1827,484,43621,0.948506,0.71,2,744788,744304,484
61231201,7.38714,29.0365,458,43669,0.949701,0.71,2,744790,744332,458
61234121,27.0774,7.40731,488,43717,0.94994,0.71,2,744822,744334,488
61383041,30,35,503,46113,0.81,1,2,746495,745992,503
61385961,38.8,31.8,513,46159,0.714,1,1,746536,746023,513
61388881,41.36,35.96,518,46205,0.6148,1,1,746578,746060,518
61391801,30.672,43.992,500,46251,0.57896,1,1,746606,746106,500
61394721,27.7344,23.9984,508,46297,0.475792,1,1,746633,746125,508
61397641,31.9469,27.1997,513,46343,0.423158,1,1,746666,746153,513
61400561,27.9894,33.4399,505,46388,0.300632,1,1,746693,746188,505
61403481,34.3979,36.288,504,46433,0.228126,1,1,746729,746225,504
61406401,20.4796,20.0576,505,46478,0.213625,1,1,746746,746241,505
61409321,37.6959,21.6115,525,46523,0.0827251,1,1,746788,746263,525
61412241,32.3392,41.9223,509,46568,0.040545,1,1,746819,746310,509
61415161,29.6678,39.5845,499,46613,0.080109,0.99,1,746848,746349,499
61418081,24.3336,30.3169,494,46658,0.0160218,1,1,746871,746377,494
61421001,28.0667,26.0634,498,46703,0.0112044,0.91,1,746900,746402,498
61423921,27.2133,28.4127,496,46748,0.00224087,0.85,1,746927,746431,496
61426841,30.2427,32.8825,493,46793,0.0404482,0.81,1,746958,746465,493
61429761,33.2485,30.5765,497,46838,0.0800896,0.69,1,746992,746495,497
61432681,33.8497,38.9153,490,46883,0.0160179,0.59,1,747026,746536,490
61435601,29.9699,41.3831,477,46928,0.0272036,0.57,1,747055,746578,477
61438521,21.994,30.6766,469,46973,0.0294407,0.45,1,747075,746606,469
61441441,29.9988,27.7353,474,47018,0.0298881,0.41,1,747107,746633,474
61444361,21.9998,31.9471,461,47063,0.0299776,0.27,1,747127,746666,461
61447281,28.4,27.9894,464,47108,0.0459955,0.21,1,747157,746693,464
61450201,20.08,34.3979,446,47153,0.0491991,0.21,1,747175,746729,446
61453121,34.416,20.4796,467,47198,0.0978398,0.05,1,747213,746746,467
61456041,30.8832,37.6959,455,47243,0.043568,0.03,1,747243,746788,455
61458961,29.3766,32.3392,453,47288,0.0647136,0.09,1,747272,746819,453
61461881,21.8753,29.6678,444,47333,0.0529427,0,1,747292,746848,444
61464801,28.3751,24.3336,451,47378,0.0105885,0.01,1,747322,746871,451
61467721,7.27501,28.0667,424,47422,0.0421177,0,1,747324,746900,424
61470641,21.455,27.2133,422,47466,0.0804235,0.05,1,747349,746927,422
61473561,30.691,30.2427,424,47510,0.0880847,0.09,1,747382,746958,424
61476481,31.7382,33.2485,422,47554,0.0896169,0,1,747414,746992,422
61479401,34.3476,33.8497,423,47598,0.0259234,0.03,1,747449,747026,423
61482321,30.0695,29.9699,423,47642,0.0611847,0.03,1,747478,747055,423
61485241,22.0139,21.994,423,47686,0.100237,0.03,1,747498,747075,423
61488161,30.0028,29.9988,423,47730,0.0760474,0.03,1,747530,747107,423
61491081,23.6006,21.9998,425,47774,0.0392095,0.05,1,747552,747127,425
61494001,29.5201,28.4,426,47818,0.0638419,0.05,1,747583,747157,426
61496921,18.704,20.08,424,47862,0.0847684,0.11,1,747599,747175,424
61499841,36.5408,34.416,427,47906,0.120954,0.03,1,747640,747213,427
61502761,28.9082,30.8832,424,47950,0.0961907,0.07,1,747667,747243,424
61505681,28.1816,29.3766,423,47994,0.139238,0.05,1,747695,747272,423
61508601,20.8363,21.8753,422,48038,0.0998476,0,1,747714,747292,422
61511521,29.7673,28.3751,424,48082,0.0599695,0.05,1,747746,747322,424
61514441,7.55345,7.27501,424,48126,0.0519939,0.09,1,747748,747324,424
61517361,21.5107,21.455,424,48170,0.0503988,0.09,1,747773,747349,424
61520281,30.7021,30.691,424,48214,0.0180798,0.09,1,747806,747382,424
61523201,30.1404,31.7382,422,48258,0.043616,0.01,1,747836,747414,422
61526121,34.0281,34.3476,422,48302,0.0647232,0.07,1,747871,747449,422
61529041,30.8056,30.0695,423,48346,0.100945,0.11,1,747901,747478,423
61531961,23.7611,22.0139,425,48390,0.124189,0.07,1,747923,747498,425
61534881,28.7522,30.0028,423,48434,0.192838,0.03,1,747953,747530,423
61537801,24.1504,23.6006,424,48478,0.190568,0.07,1,747976,747552,424
61540721,29.6301,29.5201,424,48521,0.174114,0.09,1,748007,747583,424
61543641,19.526,18.704,425,48564,0.186823,0.13,1,748024,747599,425
61546561,37.5052,36.5408,426,48607,0.189365,0.09,1,748066,747640,426
61549481,29.101,28.9082,426,48650,0.253873,0.15,1,748093,747667,426
61552401,29.0202,28.1816,427,48693,0.250775,0.09,1,748122,747695,427
61555321,20.204,20.8363,426,48736,0.250155,0.05,1,748140,747714,426
61558241,27.2408,29.7673,423,48779,0.282031,0.05,1,748169,747746,423
61561161,7.04816,7.55345,423,48822,0.288406,0.05,1,748171,747748,423
61564081,20.6096,21.5107,422,48865,0.257681,0.05,1,748195,747773,422
61567001,29.7219,4.30214,454,48908,0.235536,0.01,1,748227,747773,454
61569921,29.9444,27.2604,451,48951,0.247107,0.05,1,748257,747806,451
61572841,34.7889,29.4521,457,48994,0.185421,0.07,1,748293,747836,457
61575761,32.5578,33.8904,454,49037,0.205084,0.11,1,748325,747871,454
61578681,28.1116,30.7781,451,49080,0.193017,0.13,1,748352,747901,451
61581601,29.6223,23.7556,459,49123,0.254603,0.21,1,748382,747923,459
61584521,23.5245,28.7511,451,49166,0.282921,0.19,1,748404,747953,451
61587441,30.3049,24.1502,460,49209,0.288584,0.17,1,748436,747976,460
61590361,20.461,29.63,447,49252,0.289717,0.19,1,748454,748007,447
61593281,37.6922,19.526,472,49295,0.305943,0.19,1,748496,748024,472
61596201,30.7384,37.5052,459,49338,0.373189,0.27,1,748525,748066,459
61599121,30.1477,29.101,462,49381,0.386638,0.25,1,748555,748093,462
61602041,20.4295,29.0202,451,49424,0.389328,0.25,1,748573,748122,451
61604961,27.2859,20.204,462,49467,0.373866,0.29,1,748602,748140,462
61607881,7.05718,27.2408,435,49510,0.370773,0.29,1,748604,748169,435
61610801,20.6114,7.04816,457,49553,0.370155,0.25,1,748628,748171,457
61613721,29.7223,20.6096,465,49596,0.418031,0.23,1,748660,748195,465
61616641,29.9445,29.7219,463,49638,0.427606,0.25,1,748690,748227,463
61619561,31.5889,29.9444,465,49680,0.461521,0.17,1,748722,748257,465
61622481,33.5178,34.7889,463,49722,0.436304,0.21,1,748756,748293,463
61625401,29.1036,32.5578,459,49764,0.431261,0.19,1,748784,748325,459
61628321,32.2207,28.1116,465,49806,0.398252,0.27,1,748817,748352,465
61631241,24.0441,29.6223,457,49848,0.40765,0.29,1,748839,748382,457
61634161,30.4088,23.5245,467,49890,0.40953,0.29,1,748871,748404,467
61637081,20.4818,30.3049,453,49932,0.425906,0.29,1,748889,748436,453
61640001,40.0964,20.461,480,49974,0.413181,0.31,1,748934,748454,480
61642921,32.8193,37.6922,469,50016,0.394636,0.39,1,748965,748496,469
61645841,30.5639,30.7384,470,50058,0.390927,0.39,1,748995,748525,470
61648761,20.5128,30.1477,458,50100,0.406185,0.39,1,749013,748555,458
61651681,26.5026,20.4295,468,50142,0.409237,0.37,1,749041,748573,468
61654601,6.90051,27.2859,441,50184,0.409847,0.37,1,749043,748602,441
61657521,21.3801,7.05718,464,50226,0.441969,0.37,1,749068,748604,464
61660441,31.476,20.6114,474,50268,0.432394,0.43,1,749102,748628,474
61663361,30.2952,29.7223,472,50310,0.446479,0.43,1,749132,748660,472
61666281,7.65904,29.9445,444,50352,0.449296,0.47,1,749134,748690,444
61669201,27.9318,31.5889,445,50394,0.481859,0.43,1,749167,748722,445
61672121,31.1864,33.5178,443,50436,0.520372,0.43,1,749199,748756,443
61675041,28.6373,29.1036,443,50478,0.496074,0.39,1,749227,748784,443
61677961,31.3275,32.2207,442,50520,0.491215,0.41,1,749259,748817,442
61680881,23.8655,24.0441,442,50562,0.506243,0.41,1,749281,748839,442
61683801,31.1731,30.4088,443,50604,0.541249,0.43,1,749314,748871,443
61686721,20.6346,20.4818,443,50646,0.56425,0.41,1,749332,748889,443
61689641,39.3269,40.0964,442,50688,0.60085,0.39,1,749376,748934,442
61692561,31.8654,32.8193,441,50730,0.60817,0.39,1,749406,748965,441
61695481,30.3731,30.5639,441,50772,0.657634,0.41,1,749436,748995,441
61698401,21.2746,20.5128,442,50813,0.651527,0.41,1,749455,749013,442
61701321,27.4549,26.5026,443,50854,0.666305,0.41,1,749484,749041,443
61704241,7.09098,6.90051,443,50895,0.669261,0.45,1,749486,749043,443
61707161,21.4182,21.3801,443,50936,0.653852,0.43,1,749511,749068,443
61710081,31.4836,31.476,443,50977,0.69877,0.45,1,749545,749102,443
61713001,31.0967,30.2952,444,51018,0.707754,0.45,1,749576,749132,444
61715921,7.81935,7.65904,444,51059,0.709551,0.49,1,749578,749134,444
61718841,29.5639,27.9318,446,51100,0.70991,0.53,1,749613,749167,446
61721761,31.5128,31.1864,446,51141,0.725982,0.49,1,749645,749199,446
61724681,28.7026,28.6373,446,51182,0.729196,0.49,1,749673,749227,446
61727601,31.3405,31.3275,446,51223,0.729839,0.51,1,749705,749259,446
61730521,24.6681,23.8655,447,51264,0.729968,0.55,1,749728,749281,447
61733441,31.3336,31.1731,447,51305,0.793994,0.57,2,749761,749314,447
61736361,22.2667,20.6346,449,51346,0.806799,0.61,2,749781,749332,449
61739281,41.2533,39.3269,451,51387,0.85736,0.61,2,749827,749376,451
61742201,33.8507,31.8654,453,51428,0.899472,0.67,2,749859,749406,453
61745121,30.7701,30.3731,453,51469,0.907894,0.65,2,749889,749436,453
61748041,22.154,21.2746,454,51510,0.893579,0.67,2,749909,749455,454
61750961,26.8308,27.4549,453,51551,0.890716,0.67,2,749937,749484,453
61753881,6.96616,7.09098,453,51592,0.922143,0.65,2,749939,749486,453
61756801,22.1932,21.4182,454,51633,0.896429,0.71,2,749965,749511,454
61759721,32.4386,31.4836,455,51674,0.923286,0.71,2,750000,749545,455
62013761,78,86,463,24820,0.37,0.53,1,752764,752301,463
62019601,156.4,169.2,449,24820,0.242,0.47,1,752940,752491,449
62042961,48.88,55.44,444,25550,0.2004,0.47,1,752962,752518,444
62045881,31.376,19.888,460,25633,0.14408,0.39,1,752989,752529,460
62048801,31.0752,34.3776,453,25716,0.164816,0.35,1,753020,752567,453
62051721,31.815,33.2755,452,25798,0.136963,0.37,1,753052,752600,452
62054641,55.163,56.2551,451,25880,0.131393,0.35,1,753113,752662,451
62057561,61.4326,30.451,490,25962,0.130279,0.37,1,753176,752686,490
62060481,55.4865,68.4902,466,26044,0.162056,0.19,1,753230,752764,466
62063401,68.6973,67.298,471,26125,0.200411,0.13,1,753302,752831,471
62066321,68.1395,74.2596,463,26206,0.256082,0.19,1,753370,752907,463
62069241,51.2279,58.8519,455,26287,0.267216,0.13,1,753417,752962,455
62072161,34.2456,33.3704,458,26368,0.301443,0.17,1,753447,752989,458
62075081,32.4491,31.4741,459,26448,0.276289,0.13,1,753479,753020,459
62078001,56.0898,31.8948,489,26528,0.319258,0.13,1,753541,753052,489
62080921,62.418,55.179,492,26608,0.375852,0.13,1,753605,753113,492
62083841,55.6836,61.4358,483,26688,0.40317,0.17,1,753659,753176,483
62086761,70.3367,55.4872,503,26767,0.456634,0.21,1,753733,753230,503
62089681,70.8673,68.6974,502,26846,0.515327,0.27,1,753804,753302,502
62092601,15.7735,68.1395,436,26925,0.527065,0.27,1,753806,753370,436
62095521,41.5547,51.2279,437,27004,0.545413,0.31,1,753854,753417,437
62098441,32.3109,34.2456,437,27082,0.549083,0.27,1,753884,753447,437
62101361,31.2622,32.4491,436,27160,0.565817,0.33,1,753915,753479,436
62104281,57.4524,56.0898,438,27238,0.617163,0.39,1,753979,753541,438
62107201,65.0905,62.418,441,27316,0.627433,0.41,1,754046,753605,441
62110121,57.0181,55.6836,442,27394,0.661487,0.47,1,754101,753659,442
62113041,73.0036,70.3367,445,27471,0.684297,0.53,1,754178,753733,445
62115961,73.8007,70.8673,448,27548,0.688859,0.53,1,754252,753804,448
62118881,16.3601,15.7735,448,27625,0.721772,0.55,1,754254,753806,448
62121801,42.472,41.5547,449,27702,0.744354,0.55,1,754303,753854,449
62124721,32.4944,32.3109,449,27778,0.780871,0.57,2,754333,753884,449
62127641,32.0989,31.2622,450,27854,0.756174,0.63,2,754365,753915,450
62130561,58.4198,57.4524,451,27930,0.799235,0.63,2,754430,753979,451
62133481,67.684,65.0905,454,28006,0.823847,0.67,2,754500,754046,454
62136401,56.7368,57.0181,453,28082,0.892769,0.69,2,754554,754101,453
62139321,74.5474,73.0036,455,28157,0.922554,0.69,2,754633,754178,455
62142241,74.9095,73.8007,456,28232,0.944511,0.73,2,754708,754252,456
62145161,16.5819,16.3601,456,28307,0.916902,0.75,2,754710,754254,456
62148081,43.3164,42.472,457,28382,0.91138,0.75,2,754760,754303,457
62151001,33.4633,8.49441,488,28457,0.894276,0.79,2,754791,754303,488
62153921,32.2927,25.6989,490,28531,0.906855,0.75,2,754823,754333,490
62156841,59.2585,30.7398,524,28605,0.893371,0.81,2,754889,754365,524
62159761,70.2517,58.148,532,28679,0.906674,0.83,2,754962,754430,532
62267801,38,34,504,31294,0.73,1,1,756784,756280,504
62270721,38,6.8,542,31362,0.698,1,1,756822,756280,542
62273641,54,35.76,557,31429,0.5956,1,1,756880,756323,557
62276561,50.8,63.952,536,31496,0.67112,1,1,756930,756394,536
62279481,70.16,68.7904,541,31563,0.494224,1,1,757005,756464,541
62282401,74.832,70.5581,546,31630,0.314845,0.96,1,757081,756535,546
62285321,36.5664,63.7116,511,31697,0.278969,0.97,1,757108,756597,511
62288241,40.1133,39.1423,519,31764,0.191794,1,1,757149,756630,519
62291161,37.6227,48.6285,505,31831,0.0943588,0.86,1,757186,756681,505
62294081,29.1245,38.5257,496,31897,0.0908718,0.88,1,757213,756717,496
62297001,31.4249,30.9051,499,31963,0.0581743,0.73,1,757245,756746,499
62299921,31.885,36.581,493,32029,0.0356349,0.69,1,757277,756784,493
62302841,51.977,37.7162,512,32095,0.047127,0.57,1,757334,756822,512
62305761,47.1954,53.9432,500,32161,0.0654254,0.69,1,757380,756880,500
62308681,63.8391,50.7886,518,32227,0.0690851,0.45,1,757448,756930,518
62311601,65.5678,70.1577,509,32293,0.117817,0.27,1,757514,757005,509
62314521,35.5136,74.8315,461,32359,0.143563,0.27,1,757542,757081,461
62317441,33.5027,36.5663,467,32424,0.148713,0.17,1,757575,757108,467
62320361,35.5005,40.1133,462,32489,0.197743,0.07,1,757611,757149,462
62323281,26.3001,37.6227,449,32554,0.175549,0.09,1,757635,757186,449
62326201,31.66,29.1245,455,32619,0.17111,0.05,1,757668,757213,455
62329121,30.332,31.4249,453,32684,0.170222,0.03,1,757698,757245,453
62332041,51.6664,31.885,478,32749,0.106044,0.05,1,757755,757277,478
62334961,11.9333,51.977,423,32814,0.0932089,0.07,1,757757,757334,423
62337881,40.7867,47.1954,425,32878,0.122642,0.07,1,757805,757380,425
62340801,62.5573,63.8391,425,32942,0.192528,0.13,1,757873,757448,425
62343721,67.7115,65.5678,428,33006,0.174506,0.15,1,757942,757514,428
62346641,36.7423,35.5136,429,33070,0.218901,0.15,1,757971,757542,429
62349561,35.3485,33.5027,431,33134,0.21178,0.21,1,758006,757575,431
62352481,35.0697,35.5005,430,33198,0.226356,0.17,1,758041,757611,430
62355401,28.6139,26.3001,433,33262,0.245271,0.17,1,758068,757635,433
62358321,29.7228,31.66,430,33326,0.281054,0.17,1,758098,757668,430
62361241,30.7446,30.332,431,33389,0.288211,0.09,1,758129,757698,431
62364161,47.7489,51.6664,426,33452,0.289642,0.09,1,758181,757755,426
62367081,11.1498,11.9333,426,33515,0.321928,0.13,1,758183,757757,426
62370001,41.43,40.7867,427,33578,0.312386,0.21,1,758232,757805,427
62372921,65.886,62.5573,431,33641,0.358477,0.17,1,758304,757873,431
62375841,67.5772,67.7115,430,33704,0.399695,0.23,1,758372,757942,430
62378761,39.1154,36.7423,433,33767,0.487939,0.21,1,758404,757971,433
62381681,35.0231,35.3485,432,33830,0.473588,0.23,1,758438,758006,432
62384601,35.8046,35.0697,433,33893,0.502718,0.25,1,758474,758041,433
62387521,29.5609,28.6139,434,33955,0.540543,0.29,1,758502,758068,434
62390441,30.7122,29.7228,435,34017,0.580109,0.29,1,758533,758098,435
62393361,31.7424,30.7446,436,34079,0.588022,0.29,1,758565,758129,436
62396281,47.9485,47.7489,436,34141,0.605604,0.33,1,758617,758181,436
62399201,11.1897,11.1498,436,34203,0.577121,0.31,1,758619,758183,436
62402121,42.2379,41.43,437,34265,0.571424,0.31,1,758669,758232,437
62405041,66.0476,8.28599,509,34327,0.570285,0.37,1,758741,758232,509
62407961,70.8095,59.2572,509,34389,0.586057,0.41,1,758813,758304,509
62410881,42.1619,66.2514,476,34450,0.589211,0.51,1,758848,758372,476
62413801,35.6324,38.8503,478,34511,0.589842,0.47,1,758882,758404,478
62416721,38.3265,34.9701,483,34572,0.573968,0.51,1,758921,758438,483
62419641,30.8653,35.794,476,34633,0.602794,0.55,1,758950,758474,476
62422561,30.9731,29.5588,479,34694,0.592559,0.59,1,758981,758502,479
62425481,31.7946,30.7118,480,34755,0.590512,0.59,1,759013,758533,480
62428401,48.7589,31.7424,501,34816,0.574102,0.61,1,759066,758565,501
62431321,11.3518,47.9485,451,34877,0.570821,0.57,1,759068,758617,451
62434241,42.2704,11.1897,499,34938,0.586164,0.57,1,759118,758619,499
62437161,66.0541,42.2379,521,34999,0.589233,0.57,1,759190,758669,521
62440081,70.0108,66.0476,520,35059,0.653847,0.59,1,759261,758741,520
62443001,43.6022,70.8095,485,35119,0.682769,0.59,1,759298,758813,485
62445921,35.9204,42.1619,484,35179,0.736554,0.59,1,759332,758848,484
62448841,38.3841,35.6324,489,35239,0.779311,0.57,2,759371,758882,489
62451761,31.6768,38.3265,480,35299,0.771862,0.61,2,759401,758921,480
62454681,30.3354,30.8653,481,35359,0.786372,0.59,2,759431,758950,481
62457601,31.6671,30.9731,482,35419,0.789275,0.59,2,759463,758981,482
62460521,47.9334,31.7946,502,35479,0.837855,0.57,2,759515,759013,502
62463441,11.1867,48.7589,451,35539,0.847571,0.57,2,759517,759066,451
62466361,43.0373,11.3518,500,35598,0.865514,0.59,2,759568,759068,500
62469281,66.2075,42.2704,522,35657,0.885103,0.59,2,759640,759118,522
62472201,14.8415,66.0541,452,35716,0.889021,0.67,2,759642,759190,452
62475121,63.7683,70.0108,457,35775,0.937804,0.69,2,759718,759261,457
62478041,41.5537,43.6022,456,35834,0.915561,0.75,2,759754,759298,456
62729161,70,38,544,40590,0.67,1,1,763077,762533,544
62732081,39.6,51.6,521,40642,0.622,1,1,763109,762588,521
62735001,36.72,46.32,512,40694,0.5644,1,1,763145,762633,512
62737921,36.144,35.664,515,40746,0.50488,1,1,763181,762666,515
62740841,24.0288,30.3328,507,40798,0.412976,0.97,1,763202,762695,507
62743761,17.6058,23.6666,501,40850,0.378595,0.95,1,763218,762717,501
62746681,31.5212,23.1333,513,40902,0.339719,1,1,763253,762740,513
62749601,48.7042,33.4267,530,40954,0.267944,0.9,1,763306,762776,530
62752521,22.5408,50.6853,491,41006,0.237589,0.94,1,763322,762831,491
62755441,34.1082,26.9371,507,41057,0.247518,1,1,763359,762852,507
62758361,34.0216,36.5874,502,41108,0.249504,0.99,1,763393,762891,502
62761281,41.2043,36.1175,509,41159,0.169901,0.89,1,763436,762927,509
62764201,36.2409,41.6235,501,41210,0.18598,0.87,1,763471,762970,501
62767121,53.6482,37.9247,522,41261,0.173196,0.67,1,763529,763007,522
62770041,33.1296,63.5849,480,41312,0.186639,0.61,1,763557,763077,480
62772961,34.6259,38.317,483,41363,0.221328,0.55,1,763592,763109,483
62775881,32.5252,36.4634,479,41414,0.196266,0.49,1,763624,763145,479
62778801,17.705,36.0927,457,41465,0.223253,0.39,1,763638,763181,457
62781721,17.941,24.0185,454,41516,0.228651,0.37,1,763656,763202,454
62784641,5.1882,17.6037,440,41567,0.22973,0.33,1,763658,763218,440
62787561,25.0376,31.5207,435,41618,0.261946,0.25,1,763688,763253,435
62790481,45.0075,48.7041,432,41669,0.252389,0.23,1,763738,763306,432
62793401,22.6015,22.5408,433,41720,0.298478,0.25,1,763755,763322,433
62796321,33.3203,34.1082,432,41771,0.339696,0.25,1,763791,763359,432
62799241,33.8641,34.0216,432,41822,0.315939,0.15,1,763825,763393,432
62802161,38.7728,41.2043,429,41872,0.343188,0.19,1,763865,763436,429
62805081,36.5546,36.2409,430,41922,0.364638,0.17,1,763901,763471,430
62808001,52.1109,53.6482,428,41972,0.416928,0.19,1,763957,763529,428
62810921,34.4222,33.1296,430,42022,0.443386,0.23,1,763987,763557,430
62813841,35.6844,34.6259,431,42072,0.448677,0.19,1,764023,763592,431
62816761,34.3369,32.5252,433,42122,0.449735,0.23,1,764057,763624,433
62819681,18.0674,17.705,433,42172,0.449947,0.23,1,764071,763638,433
62822601,18.0135,17.941,433,42222,0.449989,0.23,1,764089,763656,433
62825521,5.20269,5.1882,433,42272,0.449998,0.27,1,764091,763658,433
62828441,26.6405,25.0376,435,42322,0.45,0.25,1,764123,763688,435
62831361,44.5281,45.0075,434,42372,0.482,0.31,1,764172,763738,434
62834281,24.9056,22.6015,437,42422,0.4884,0.35,1,764192,763755,437
62837201,33.7811,33.3203,437,42472,0.48968,0.31,1,764228,763791,437
62840121,34.7562,33.8641,438,42522,0.553936,0.35,1,764263,763825,438
62843041,39.7512,38.7728,439,42572,0.566787,0.37,1,764304,763865,439
62845961,37.5502,36.5546,440,42622,0.569357,0.43,1,764341,763901,440
62848881,53.1101,52.1109,441,42672,0.569872,0.45,1,764398,763957,441
62851801,37.022,34.4222,444,42721,0.633974,0.45,1,764431,763987,444
62854721,36.2044,35.6844,444,42770,0.630795,0.45,1,764467,764023,444
62857641,34.4409,34.3369,444,42819,0.678159,0.45,1,764501,764057,444
62860561,18.0882,18.0674,444,42868,0.687632,0.45,1,764515,764071,444
62863481,18.0176,18.0135,444,42917,0.705526,0.45,1,764533,764089,444
62866401,5.20353,5.20269,444,42966,0.677105,0.45,1,764535,764091,444
62869321,26.6407,26.6405,444,43015,0.703421,0.45,1,764567,764123,444
62872241,45.3281,5.32811,494,43064,0.692684,0.49,1,764617,764123,494
62875161,25.0656,40.2656,465,43113,0.690537,0.49,1,764637,764172,465
62878081,35.4131,24.0531,483,43162,0.706107,0.49,1,764675,764192,483
62881001,36.6826,33.6106,484,43211,0.661221,0.57,1,764712,764228,484
62883921,40.1365,34.7221,490,43260,0.636244,0.57,1,764753,764263,490
62886841,37.6273,39.7444,486,43309,0.679249,0.57,1,764790,764304,486
62889761,53.1255,37.5489,506,43358,0.70385,0.57,1,764847,764341,506
62892681,38.6251,53.1098,484,43407,0.74077,0.65,1,764882,764398,484
62895601,38.125,37.022,489,43456,0.764154,0.63,2,764920,764431,489
62898521,34.825,36.2044,487,43505,0.752831,0.69,2,764954,764467,487
62901441,18.965,34.4409,468,43553,0.766566,0.69,2,764969,764501,468
62904361,18.193,18.0882,472,43601,0.737313,0.71,1,764987,764515,472
62907281,5.2386,18.0176,456,43649,0.731463,0.67,1,764989,764533,456
62910201,26.6477,5.20353,486,43697,0.730292,0.71,1,765021,764535,486
62913121,46.1295,26.6407,505,43745,0.746059,0.69,1,765072,764567,505
62916041,26.0259,45.3281,476,43793,0.765212,0.69,2,765093,764617,476
62918961,34.0052,25.0656,492,43841,0.801042,0.71,2,765129,764637,492
62921881,35.601,35.4131,490,43889,0.824208,0.65,2,765165,764675,490
62924801,39.9202,36.6826,494,43937,0.876842,0.63,2,765206,764712,494
62927721,39.184,40.1365,492,43985,0.887368,0.69,2,765245,764753,492
62930641,54.2368,37.6273,513,44033,0.905474,0.71,2,765303,764790,513
62933561,40.4474,53.1255,493,44081,0.893095,0.75,2,765340,764847,493
63117521,25,36,503,46999,0.89,1,2,767339,766836,503
63498581,74,97,541,26268,0.69,1,1,772286,771745,541
63501501,80.4,73.8,555,26349,0.514,1,1,772368,771813,555
63504421,46.48,71.56,522,26429,0.4308,1,1,772406,771884,522
63507341,68.496,64.712,533,26509,0.35016,0.94,1,772480,771947,533
63510261,47.2992,53.7424,524,26589,0.302032,1,1,772522,771998,524
63513181,39.8598,57.1485,504,26669,0.260406,1,1,772560,772056,504
63516101,38.372,38.6297,508,26748,0.252081,0.95,1,772598,772090,508
63519021,68.4744,38.9259,545,26827,0.170416,0.76,1,772674,772129,545
63521941,66.4949,74.1852,528,26906,0.138083,0.69,1,772740,772212,528
63524861,14.899,74.037,456,26985,0.131617,0.47,1,772742,772286,456
63527781,59.7798,80.4074,445,27063,0.178323,0.41,1,772813,772368,445
63530701,39.956,46.4815,442,27141,0.187665,0.33,1,772848,772406,442
63533621,63.9912,68.4963,438,27219,0.173533,0.29,1,772918,772480,438
63536541,43.1982,47.2993,434,27297,0.218707,0.25,1,772956,772522,434
63539461,39.0396,39.8599,434,27375,0.243741,0.25,1,772994,772560,434
63542381,38.2079,38.372,434,27452,0.264748,0.15,1,773032,772598,434
63545301,66.0416,68.4744,431,27529,0.26895,0.13,1,773105,772674,431
63548221,63.6083,66.4949,428,27606,0.30179,0.13,1,773168,772740,428
63551141,14.3217,14.899,428,27683,0.340358,0.19,1,773170,772742,428
63554061,58.8643,59.7798,427,27760,0.412072,0.19,1,773240,772813,427
63556981,41.3729,39.956,429,27836,0.426414,0.17,1,773277,772848,429
63559901,64.2746,63.9912,429,27912,0.413283,0.23,1,773347,772918,429
63562821,44.8549,43.1982,431,27988,0.410657,0.25,1,773387,772956,431
63565741,40.171,39.0396,432,28064,0.426131,0.27,1,773426,772994,432
63568661,40.0342,38.2079,434,28139,0.493226,0.27,1,773466,773032,434
63571581,65.6068,66.0416,433,28214,0.554645,0.31,1,773538,773105,433
63574501,66.7214,63.6083,437,28289,0.550929,0.35,1,773605,773168,437
63577421,14.9443,14.3217,437,28364,0.550186,0.35,1,773607,773170,437
63580341,62.1889,2.86433,511,28439,0.534037,0.43,1,773681,773170,511
63583261,41.2378,56.5729,477,28513,0.562807,0.43,1,773717,773240,477
63586181,63.4476,40.9146,509,28587,0.616562,0.41,1,773786,773277,509
63589101,44.6895,64.1829,479,28661,0.627312,0.41,1,773826,773347,479
63592021,43.3379,44.8366,482,28735,0.629462,0.43,1,773869,773387,482
63594941,43.0676,40.1673,486,28809,0.661892,0.51,1,773912,773426,486
63597861,67.0135,40.0335,519,28882,0.700378,0.57,1,773985,773466,519
63600781,66.2027,65.6067,513,28955,0.724076,0.55,1,774051,773538,513
63603701,14.8405,66.7213,448,29028,0.728815,0.55,1,774053,773605,448
63606621,64.5681,14.9443,523,29101,0.745763,0.53,1,774130,773607,523
63609541,42.5136,62.1889,486,29174,0.765153,0.57,2,774167,773681,486
63612461,65.3027,41.2378,521,29247,0.817031,0.63,2,774238,773717,521
63615381,45.0605,63.4476,492,29319,0.827406,0.63,2,774278,773786,492
63618301,43.4121,44.6895,495,29391,0.845481,0.63,2,774321,773826,495
63621221,44.6824,43.3379,497,29463,0.897096,0.67,2,774366,773869,497
63624141,68.9365,43.0676,529,29535,0.891419,0.71,2,774441,773912,529
63627061,67.3873,67.0135,523,29607,0.874284,0.73,2,774508,773985,523
63629981,15.0775,66.2027,459,29678,0.870857,0.73,2,774510,774051,459
63632901,66.2155,14.8405,536,29749,0.902171,0.75,2,774589,774053,536
63635821,44.4431,64.5681,498,29820,0.908434,0.77,2,774628,774130,498
63638741,10.4886,42.5136,463,29891,0.909687,0.83,2,774630,774167,463
63641661,58.8977,65.3027,463,29962,0.941937,0.83,2,774701,774238,463
63749701,61,29,540,32473,0.51,1,1,776480,775940,540
63752621,42.6,53.8,518,32538,0.51,1,1,776518,776000,518
63755541,38.12,41.16,517,32603,0.462,1,1,776555,776038,517
63758461,35.624,35.432,518,32668,0.3084,1,1,776590,776072,518
63761381,30.3248,34.2864,513,32733,0.21368,1,1,776619,776106,513
63764301,30.865,38.8573,504,32798,0.146736,1,1,776650,776146,504
63767221,31.773,50.1715,483,32862,0.101347,0.97,1,776682,776199,483
63770141,59.1546,52.4343,496,32926,0.0442694,1,1,776748,776252,496
63773061,45.4309,63.2869,472,32990,0.0968539,0.87,1,776790,776318,472
63775981,54.6862,67.8574,460,33054,0.0913708,0.77,1,776847,776387,460
63778901,32.5372,39.1715,455,33118,0.106274,0.51,1,776874,776419,455
63781821,49.7074,56.6343,448,33182,0.109255,0.51,1,776928,776480,448
63784741,37.1415,41.7269,444,33246,0.125851,0.45,1,776962,776518,444
63787661,33.0283,37.9454,439,33310,0.12917,0.27,1,776994,776555,439
63790581,28.2057,35.5891,431,33373,0.145834,0.19,1,777021,776590,431
63793501,28.0411,30.3178,430,33436,0.165167,0.13,1,777049,776619,430
63796421,28.8082,30.8636,428,33499,0.201033,0.09,1,777078,776650,428
63799341,28.1616,31.7727,424,33562,0.208207,0.03,1,777106,776682,424
63802261,59.2323,59.1545,425,33625,0.257641,0.11,1,777173,776748,425
63805181,45.4465,45.4309,425,33688,0.299528,0.09,1,777215,776790,425
63808101,53.8893,54.6862,424,33751,0.275906,0.11,1,777271,776847,424
63811021,34.7779,32.5372,427,33814,0.303181,0.11,1,777301,776874,427
63813941,50.1556,49.7074,427,33877,0.340636,0.13,1,777355,776928,427
63816861,36.4311,37.1415,426,33939,0.364127,0.13,1,777388,776962,426
63819781,34.4862,33.0283,428,34001,0.368825,0.15,1,777422,776994,428
63822701,27.6972,28.2057,427,34063,0.401765,0.17,1,777448,777021,427
63825621,31.9394,28.0411,432,34125,0.440353,0.21,1,777481,777049,432
63828541,29.5879,28.8082,432,34187,0.400071,0.21,1,777510,777078,432
63831461,28.3176,28.1616,432,34249,0.408014,0.21,1,777538,777106,432
63834381,60.8635,5.63233,501,34311,0.457603,0.27,1,777607,777106,501
63837301,45.7727,54.7265,476,34373,0.467521,0.31,1,777649,777173,476
63840221,54.7545,44.5453,491,34435,0.517504,0.27,1,777706,777215,491
63843141,35.7509,53.7091,466,34496,0.511501,0.31,1,777737,777271,466
63846061,51.9502,34.7418,492,34557,0.5103,0.35,1,777793,777301,492
63848981,37.59,50.1484,472,34618,0.51006,0.37,1,777827,777355,472
63851901,34.718,36.4297,473,34679,0.526012,0.37,1,777861,777388,473
63854821,27.7436,34.4859,465,34740,0.545202,0.41,1,777887,777422,465
63857741,33.5487,27.6972,474,34801,0.565041,0.45,1,777922,777448,474
63860661,29.9097,31.9394,470,34862,0.553008,0.39,1,777951,777481,470
63863581,29.1819,29.5879,470,34923,0.566602,0.41,1,777980,777510,470
63866501,62.6364,28.3176,513,34984,0.53732,0.47,1,778051,777538,513
63869421,46.1273,60.8635,486,35044,0.547464,0.47,1,778093,777607,486
63872341,55.6255,45.7727,502,35104,0.565493,0.53,1,778151,777649,502
63875261,36.7251,54.7545,477,35164,0.585099,0.51,1,778183,777706,477
63878181,52.145,35.7509,502,35224,0.60502,0.51,1,778239,777737,502
63881101,37.629,51.9502,480,35284,0.657004,0.51,1,778273,777793,480
63884021,35.5258,37.59,481,35344,0.667401,0.53,1,778308,777827,481
63886941,28.7052,34.718,474,35404,0.65348,0.55,1,778335,777861,474
63889861,34.541,27.7436,484,35464,0.650696,0.57,1,778371,777887,484
63892781,29.3082,33.5487,477,35524,0.650139,0.55,1,778399,777922,477
63895701,28.2616,29.9097,476,35584,0.650028,0.57,1,778427,777951,476
63898621,62.4523,29.1819,518,35643,0.698005,0.53,1,778498,777980,518
63901541,14.0905,62.6364,449,35702,0.707601,0.55,1,778500,778051,449
63904461,37.2181,46.1273,450,35761,0.72552,0.57,1,778543,778093,450
63907381,54.6436,55.6255,451,35820,0.761104,0.59,2,778602,778151,451
63910301,36.5287,36.7251,451,35879,0.816221,0.61,2,778634,778183,451
63913221,52.9057,52.145,452,35938,0.827244,0.67,2,778691,778239,452
63916141,40.9811,37.629,456,35997,0.829449,0.67,2,778729,778273,456
63919061,35.3962,35.5258,455,36056,0.86189,0.65,2,778763,778308,455
63921981,27.8792,28.7052,454,36115,0.836378,0.65,2,778789,778335,454
63924901,34.3759,34.541,454,36174,0.895276,0.65,2,778825,778371,454
63927821,29.2752,29.3082,454,36232,0.923055,0.65,2,778853,778399,454
63930741,28.255,28.2616,454,36290,0.912611,0.71,2,778881,778427,454
64082581,39,23,500,39202,0.61,1,1,780925,780425,500
64085501,35.8,40.6,490,39256,0.562,1,1,780960,780470,490
64088421,31.96,37.72,484,39310,0.4244,1,1,780991,780507,484
64091341,38.392,31.544,494,39364,0.33288,1,1,781031,780537,494
64094261,36.4784,48.7088,477,39418,0.314576,1,1,781067,780590,477
64097181,40.0957,37.7418,483,39472,0.214915,1,1,781108,780625,483
64100101,40.0191,32.3484,492,39526,0.146983,1,1,781148,780656,492
64103021,32.8038,34.4697,488,39579,0.133397,1,1,781179,780691,488
64105941,26.5608,36.4939,476,39632,0.0986793,1,1,781204,780728,476
64108861,27.7122,31.2988,474,39685,0.139736,0.94,1,781232,780758,474
64111781,20.7424,24.6598,470,39738,0.179947,0.83,1,781251,780781,470
64114701,46.5485,55.332,460,39791,0.171989,0.65,1,781304,780844,460
64117621,38.1097,44.6664,454,39844,0.170398,0.61,1,781340,780886,454
64120541,36.4219,40.1333,451,39897,0.20208,0.55,1,781376,780925,451
64123461,32.8844,36.0267,448,39950,0.176416,0.39,1,781408,780960,448
64126381,28.1769,32.0053,444,40003,0.203283,0.31,1,781435,780991,444
64129301,32.0354,38.4011,437,40056,0.208657,0.31,1,781468,781031,437
64132221,32.0071,36.4802,433,40109,0.177731,0.31,1,781500,781067,433
64135141,36.8014,7.29604,471,40162,0.267546,0.19,1,781538,781067,471
64138061,36.1603,34.2592,466,40215,0.301509,0.13,1,781574,781108,466
64140981,28.0321,38.8518,452,40268,0.308302,0.13,1,781600,781148,452
64143901,28.8064,32.5704,450,40320,0.29366,0.09,1,781629,781179,450
64146821,30.5613,26.5141,456,40372,0.290732,0.15,1,781660,781204,456
64149741,22.1123,27.7028,448,40424,0.274146,0.19,1,781680,781232,448
64152661,46.8225,20.7406,482,40476,0.318829,0.17,1,781733,781251,482
64155581,36.5645,46.5481,463,40528,0.343766,0.17,1,781767,781304,463
64158501,39.3129,38.1096,467,40580,0.348753,0.21,1,781807,781340,467
64161421,31.0626,36.4219,460,40632,0.333751,0.17,1,781836,781376,460
64164341,28.6125,32.8844,456,40684,0.34675,0.21,1,781864,781408,456
64167261,33.7225,28.1769,464,40736,0.36535,0.21,1,781899,781435,464
64170181,33.1445,32.0354,464,40788,0.40107,0.17,1,781932,781468,464
64173101,40.2289,32.0071,474,40840,0.312214,0.29,1,781974,781500,474
64176021,36.8458,36.8014,472,40892,0.326443,0.31,1,782010,781538,472
64178941,28.1692,36.1603,462,40944,0.329289,0.31,1,782036,781574,462
64181861,26.4338,28.0321,462,40996,0.329858,0.29,1,782062,781600,462
64184781,32.4868,28.8064,467,41047,0.329972,0.29,1,782096,781629,467
64187701,23.2974,30.5613,457,41098,0.361994,0.27,1,782117,781660,457
64190621,47.0595,22.1123,490,41149,0.384399,0.33,1,782170,781680,490
64193541,37.4119,46.8225,472,41200,0.38888,0.35,1,782205,781733,472
64196461,39.4824,36.5645,478,41251,0.389776,0.35,1,782245,781767,478
64199381,30.2965,39.3129,466,41302,0.389955,0.33,1,782273,781807,466
64202301,29.2593,31.0626,466,41353,0.373991,0.35,1,782302,781836,466
64205221,35.4519,28.6125,475,41404,0.386798,0.37,1,782339,781864,475
64208141,32.6904,33.7225,472,41455,0.40536,0.41,1,782371,781899,472
64211061,36.9381,33.1445,477,41506,0.425072,0.29,1,782409,781932,477
64213981,8.98761,40.2289,437,41557,0.429014,0.33,1,782411,781974,437
64216901,31.3975,36.8458,438,41608,0.461803,0.33,1,782448,782010,438
64219821,27.0795,28.1692,438,41659,0.484361,0.33,1,782474,782036,438
64222741,26.2159,26.4338,438,41710,0.504872,0.33,1,782500,782062,438
64225661,34.0432,32.4868,440,41761,0.508974,0.37,1,782536,782096,440
64228581,23.6086,23.2974,440,41812,0.525795,0.39,1,782557,782117,440
64231501,47.9217,47.0595,441,41862,0.577159,0.39,1,782611,782170,441
64234421,37.5843,37.4119,441,41912,0.603432,0.39,1,782646,782205,441
64237341,39.5169,39.4824,441,41962,0.672686,0.39,1,782686,782245,441
64240261,30.3034,30.2965,441,42012,0.686537,0.37,1,782714,782273,441
64243181,28.4607,29.2593,440,42062,0.689307,0.39,1,782742,782302,440
64246101,36.0921,35.4519,441,42112,0.689862,0.41,1,782780,782339,441
64249021,33.6184,32.6904,442,42162,0.641972,0.43,1,782813,782371,442
64251941,37.9237,36.9381,443,42212,0.712394,0.43,1,782852,782409,443
64254861,9.18474,8.98761,443,42262,0.694479,0.47,1,782854,782411,443
64257781,32.2369,31.3975,444,42312,0.722896,0.49,1,782892,782448,444
64260701,27.2474,27.0795,444,42362,0.744579,0.51,1,782918,782474,444
64263621,28.6495,26.2159,447,42412,0.796916,0.51,2,782947,782500,447
64266541,34.5299,34.0432,447,42462,0.807383,0.53,2,782983,782536,447
64269461,23.706,23.6086,447,42512,0.825477,0.59,2,783004,782557,447
64272381,49.5412,47.9217,449,42562,0.861095,0.61,2,783060,782611,449
64275301,39.5082,37.5843,451,42612,0.884219,0.69,2,783097,782646,451
64278221,42.3016,39.5169,454,42662,0.920844,0.69,2,783140,782686,454
64281141,30.8603,30.3034,454,42711,0.928169,0.69,2,783168,782714,454
64476781,34,7,535,45902,0.77,1,2,785383,784848,535
64478241,31.6,31,529,45948,0.754,1,2,785414,784885,529
64526421,393.52,450.2,458,20440,0.1748,0.63,1,785898,785440,458
64529341,141.104,131.64,484,21270,0.04296,0.25,1,785976,785492,484
64532261,95.4208,110.328,463,21370,0.064592,0.01,1,786060,785597,463
64535181,72.6842,84.4656,452,21469,0.0369184,0.11,1,786127,785675,452
64538101,60.9368,71.2931,442,21568,0.0153837,0.05,1,786185,785743,442
64541021,76.9874,49.4586,479,21666,0.0750767,0.05,1,786266,785787,479
64543941,40.1975,79.4917,423,21764,0.0710153,0.03,1,786297,785874,423
64546861,25.6395,23.8983,435,21861,0.0382031,0.01,1,786319,785884,435
64549781,70.7279,78.3797,425,21958,0.0636406,0.07,1,786401,785976,425
64552701,80.5456,82.8759,424,22055,0.0527281,0.03,1,786484,786060,424
64555621,69.7091,70.1752,424,22151,0.0665456,0.01,1,786551,786127,424
64558541,60.3418,60.435,424,22247,0.0693091,0.09,1,786609,786185,424
64561461,76.8684,76.887,424,22342,0.0538618,0.07,1,786690,786266,424
64564381,40.1737,40.1774,424,22437,0.0507724,0.03,1,786721,786297,424
64567301,25.6347,25.6355,424,22532,0.0661545,0.03,1,786743,786319,424
64570221,69.1269,5.1271,504,22626,0.0692309,0.07,1,786823,786319,504
64573141,79.4254,66.6254,504,22720,0.133846,0.05,1,786905,786401,504
64576061,70.2851,79.7251,489,22813,0.162769,0.07,1,786973,786484,489
64578981,60.457,69.545,480,22906,0.136554,0.07,1,787031,786551,480
64581901,76.0914,60.309,502,22999,0.0513108,0.05,1,787111,786609,502
64584821,42.4183,76.8618,455,23091,0.0502622,0.05,1,787145,786690,455
64587741,23.6837,40.1724,443,23183,0.0340524,0.07,1,787164,786721,443
64590661,71.1367,25.6345,504,23274,0.0628105,0.07,1,787247,786743,504
64593581,83.0273,69.1269,510,23365,0.164562,0.15,1,787333,786823,510
64596501,71.8055,79.4254,497,23456,0.200912,0.17,1,787402,786905,497
64599421,59.1611,70.2851,485,23546,0.224182,0.13,1,787458,786973,485
64602341,72.6322,60.457,503,23636,0.212837,0.03,1,787534,787031,503
64605261,41.7264,76.0914,457,23726,0.242567,0.05,1,787568,787111,457
64608181,22.7453,42.4183,441,23815,0.248513,0.03,1,787586,787145,441
64611101,72.5491,23.6837,507,23904,0.233703,0.07,1,787671,787164,507
64614021,16.1098,71.1367,426,23993,0.230741,0.19,1,787673,787247,426
64616941,76.022,83.0273,431,24081,0.230148,0.21,1,787764,787333,431
64619861,71.2044,71.8055,432,24169,0.23003,0.23,1,787834,787402,432
64622781,59.8409,59.1611,433,24257,0.246006,0.21,1,787891,787458,433
64625701,73.5682,72.6322,434,24344,0.297201,0.25,1,787968,787534,434
64628621,41.9136,41.7264,434,24431,0.33944,0.25,1,788002,787568,434
64631541,23.5827,22.7453,435,24518,0.331888,0.23,1,788021,787586,435
64634461,71.1165,72.5491,433,24604,0.346378,0.23,1,788104,787671,433
64637381,15.8233,16.1098,433,24690,0.349275,0.23,1,788106,787673,433
64640301,75.1647,76.022,432,24776,0.365855,0.23,1,788196,787764,432
64643221,71.8329,71.2044,433,24862,0.417171,0.25,1,788267,787834,433
64646141,59.1666,59.8409,432,24947,0.443434,0.31,1,788323,787891,432
64649061,77.4333,73.5682,437,25032,0.432687,0.35,1,788405,787968,437
64651981,42.6867,41.9136,437,25117,0.462537,0.33,1,788439,788002,437
64654901,22.9373,23.5827,436,25201,0.500507,0.35,1,788457,788021,436
64657821,74.1875,71.1165,440,25285,0.524101,0.35,1,788544,788104,440
64660741,16.4375,15.8233,440,25369,0.52882,0.37,1,788546,788106,440
64663661,75.2875,75.1647,440,25453,0.497764,0.37,1,788636,788196,440
64666581,72.6575,15.0329,512,25536,0.539553,0.43,1,788708,788196,512
64669501,60.1315,59.8066,498,25619,0.563911,0.45,1,788765,788267,498
64672421,78.4263,56.7613,525,25702,0.632782,0.43,1,788848,788323,525
64675341,43.6853,76.9523,478,25784,0.662556,0.47,1,788883,788405,478
64678261,23.1371,42.5905,462,25866,0.668511,0.51,1,788901,788439,462
64681181,75.0274,22.9181,532,25948,0.701702,0.53,1,788989,788457,532
64684101,16.6055,74.1836,447,26030,0.70834,0.53,1,788991,788544,447
64687021,76.9211,16.4367,537,26111,0.741668,0.49,1,789083,788546,537
64689941,73.7842,75.2873,520,26192,0.796334,0.55,2,789156,788636,520
64692861,62.7568,72.6575,508,26273,0.839267,0.57,2,789216,788708,508
64695781,80.5514,60.1315,536,26354,0.879853,0.65,2,789301,788765,536
64698701,44.9103,78.4263,489,26434,0.919971,0.67,2,789337,788848,489
64701621,24.1821,43.6853,473,26514,0.911994,0.67,2,789356,788883,473
65049101,33,26,515,34742,0.89,1,2,795129,794614,515
65052021,33.8,34.8,512,34803,0.81,1,2,795163,794651,512
65054941,35.56,36.56,511,34864,0.778,1,2,795199,794688,511
65057861,22.312,32.112,499,34925,0.7396,1,1,795218,794719,499
65060781,26.0624,27.2224,500,34986,0.73192,1,1,795245,794745,500
65063701,90.8125,31.0445,575,35046,0.650384,1,1,795352,794777,575
65066621,45.3625,90.2089,504,35106,0.586077,1,1,795386,794882,504
65069541,62.6725,45.2418,537,35166,0.509215,0.99,1,795453,794916,537
65072461,40.5345,65.0484,502,35226,0.477843,1,1,795488,794986,502
65075381,45.7069,41.8097,513,35286,0.407569,0.71,1,795535,795022,513
65078301,26.7414,49.9619,483,35346,0.377514,0.79,1,795557,795074,483
65081221,30.1483,27.5924,492,35406,0.339503,0.89,1,795588,795096,492
65084141,30.8297,31.9185,490,35466,0.331901,0.79,1,795619,795129,490
65087061,36.5659,33.5837,494,35526,0.26638,0.77,1,795657,795163,494
65089981,21.7132,35.5167,476,35586,0.269276,0.73,1,795675,795199,476
65092901,28.3426,22.3033,487,35645,0.269855,0.73,1,795705,795218,487
65095821,7.26853,26.0607,462,35704,0.269971,0.63,1,795707,795245,462
65098741,75.8537,90.8121,448,35763,0.317994,0.57,1,795800,795352,448
65101661,43.9707,45.3624,450,35822,0.295599,0.49,1,795836,795386,450
65104581,60.7941,62.6725,448,35881,0.25912,0.47,1,795901,795453,448
65107501,37.7588,40.5345,445,35940,0.299824,0.39,1,795933,795488,445
65110421,42.7518,45.7069,442,35999,0.339965,0.37,1,795977,795535,442
65113341,25.3504,26.7414,441,36058,0.331993,0.33,1,795998,795557,441
65116261,29.0701,30.1483,440,36117,0.346399,0.33,1,796028,795588,440
65119181,29.014,30.8297,438,36176,0.33328,0.25,1,796057,795619,438
65122101,33.8028,36.5659,435,36234,0.362656,0.27,1,796092,795657,435
65125021,21.1606,21.7132,435,36292,0.416531,0.27,1,796110,795675,435
65127941,27.4321,28.3426,434,36350,0.411306,0.27,1,796139,795705,434
65130861,7.08642,7.26853,434,36408,0.410261,0.33,1,796141,795707,434
65133781,77.4173,75.8537,436,36466,0.426052,0.29,1,796236,795800,436
65136701,44.2835,43.9707,436,36524,0.46121,0.25,1,796272,795836,436
65139621,60.8567,60.7941,436,36582,0.484242,0.31,1,796337,795901,436
65142541,38.5713,37.7588,437,36640,0.504848,0.35,1,796370,795933,437
65145461,42.9143,42.7518,437,36698,0.50897,0.33,1,796414,795977,437
65148381,25.3829,25.3504,437,36756,0.493794,0.35,1,796435,795998,437
65151301,30.6766,29.0701,439,36813,0.490759,0.33,1,796467,796028,439
65154221,28.5353,29.014,438,36870,0.554152,0.37,1,796495,796057,438
65157141,36.1071,33.8028,441,36927,0.53483,0.43,1,796533,796092,441
65160061,21.6214,21.1606,441,36984,0.530966,0.41,1,796551,796110,441
65162981,29.1243,27.4321,443,37041,0.530193,0.41,1,796582,796139,443
65165901,7.42486,7.08642,443,37098,0.530039,0.43,1,796584,796141,443
65168821,76.685,77.4173,442,37155,0.578008,0.43,1,796678,796236,442
65171741,44.137,15.4835,478,37212,0.555602,0.47,1,796714,796236,478
65174661,60.0274,31.8967,506,37269,0.59912,0.49,1,796778,796272,506
65177581,40.8055,58.3793,477,37326,0.639824,0.51,1,796814,796337,477
65180501,43.3611,38.0759,488,37383,0.695965,0.51,1,796858,796370,488
65183421,26.2722,42.8152,466,37440,0.707193,0.49,1,796880,796414,466
65186341,32.4544,25.363,479,37496,0.725439,0.49,1,796914,796435,479
65189261,28.8909,30.6726,475,37552,0.697088,0.57,1,796942,796467,475
65192181,34.5782,28.5345,483,37608,0.707418,0.53,1,796978,796495,483
65195101,21.3156,36.1069,463,37664,0.709484,0.53,1,796996,796533,463
65198021,30.6631,21.6214,478,37720,0.725897,0.53,1,797029,796551,478
65200941,7.73262,29.1243,449,37776,0.729179,0.53,1,797031,796582,449
65203861,77.5465,7.42486,542,37832,0.793836,0.59,2,797126,796584,542
65206781,44.3093,76.685,484,37888,0.822767,0.55,2,797162,796678,484
65209701,62.4619,44.137,515,37944,0.860553,0.61,2,797229,796714,515
65212621,42.8924,60.0274,489,38000,0.916111,0.65,2,797267,796778,489
65373221,35,27,517,40946,0.83,1,2,799280,798763,517
65376141,26.2,31.8,508,40998,0.702,1,1,799304,798796,508
65379061,32.44,29.56,513,41049,0.5484,1,1,799338,798825,513
65381981,32.888,37.912,506,41100,0.46968,1,1,799371,798865,506
65384901,32.9776,25.9824,516,41151,0.373936,1,1,799404,798888,516
65387821,26.5955,28.3965,512,41202,0.322787,1,1,799429,798917,512
65390741,45.3191,32.0793,529,41253,0.200557,1,1,799479,798950,529
65393661,55.4638,56.0159,525,41304,0.128111,0.86,1,799537,799012,525
65396581,51.8928,48.0032,530,41355,0.0656223,0.97,1,799588,799058,530
65399501,31.9786,60.0006,494,41406,0.0371245,0.85,1,799615,799121,494
65402421,32.7957,36.0001,497,41457,0.0154249,0.91,1,799648,799151,497
65405341,26.5591,32.8,490,41508,0.043085,0.89,1,799673,799183,490
65408261,6.91183,28.96,464,41559,0.032617,0.87,1,799675,799211,464
65411181,26.1824,32.992,461,41610,0.0625234,0.83,1,799706,799245,461
65414101,30.0365,34.5984,457,41661,0.0525047,0.67,1,799737,799280,457
65417021,22.0073,26.1197,453,41712,0.0665009,0.51,1,799757,799304,453
65419941,24.4015,32.4239,444,41763,0.0373002,0.45,1,799782,799338,444
65422861,28.8803,32.8848,441,41814,0.04746,0.35,1,799812,799371,441
65425781,28.9761,32.977,437,41864,0.033492,0.31,1,799841,799404,437
65428701,24.9952,26.5954,436,41914,0.0626984,0.17,1,799865,799429,436
65431621,40.999,45.3191,431,41964,0.0525397,0.11,1,799910,799479,431
65434541,51.3998,55.4638,427,42014,0.114508,0.05,1,799964,799537,427
65437461,48.68,51.8928,424,42064,0.142902,0.03,1,800012,799588,424
65440381,29.736,31.9786,422,42114,0.10058,0.01,1,800037,799615,422
65443301,33.9472,32.7957,424,42164,0.0921161,0.05,1,800072,799648,424
65446221,28.3894,26.5591,426,42214,0.0744232,0.03,1,800099,799673,426
65449141,7.27789,6.91183,426,42264,0.0708846,0.07,1,800101,799675,426
65452061,23.8556,26.1824,423,42314,0.0861769,0.05,1,800129,799706,423
65454981,31.1711,30.0365,425,42364,0.0892354,0.07,1,800162,799737,425
65457901,19.8342,22.0073,422,42414,0.105847,0.03,1,800179,799757,422
65460821,23.9668,24.4015,422,42464,0.109169,0.05,1,800204,799782,422
65463741,30.3934,28.8803,424,42514,0.141834,0.03,1,800236,799812,424
65466661,27.6787,28.9761,422,42564,0.132367,0.07,1,800263,799841,422
65469581,27.1357,24.9952,425,42614,0.0824734,0.05,1,800290,799865,425
65472501,42.2271,40.999,426,42664,0.0884947,0.13,1,800336,799910,426
65475421,53.2454,51.3998,428,42713,0.153699,0.15,1,800392,799964,428
65478341,49.8491,48.68,429,42762,0.18274,0.09,1,800441,800012,429
65481261,27.5698,29.736,426,42811,0.188548,0.09,1,800463,800037,426
65484181,33.514,33.9472,426,42860,0.18971,0.07,1,800498,800072,426
65487101,27.5028,28.3894,425,42909,0.205942,0.07,1,800524,800099,425
65490021,7.10056,7.27789,425,42958,0.177188,0.09,1,800526,800101,425
65492941,24.6201,23.8556,426,43007,0.187438,0.09,1,800555,800129,426
65495861,30.524,4.77112,458,43056,0.173488,0.09,1,800587,800129,458
65498781,21.3048,27.3542,444,43105,0.186697,0.11,1,800606,800162,444
65501701,21.861,19.0708,449,43154,0.237339,0.11,1,800628,800179,449
65504621,31.5722,23.8142,458,43203,0.279468,0.15,1,800662,800204,458
65507541,27.1144,30.3628,452,43252,0.287894,0.13,1,800688,800236,452
65510461,26.2229,27.6726,451,43301,0.305579,0.07,1,800714,800263,451
65513381,42.8446,27.1345,471,43350,0.325116,0.09,1,800761,800290,471
65516301,54.9689,42.2269,483,43399,0.313023,0.17,1,800819,800336,483
65519221,50.9938,53.2454,477,43448,0.358605,0.19,1,800869,800392,477
65522141,28.5988,49.8491,451,43497,0.383721,0.19,1,800892,800441,451
65525061,32.9198,27.5698,463,43546,0.356744,0.19,1,800926,800463,463
65527981,28.184,33.514,455,43594,0.367349,0.21,1,800953,800498,455
65530901,7.23679,27.5028,431,43642,0.36947,0.17,1,800955,800524,431
65533821,24.6474,7.10056,458,43690,0.353894,0.19,1,800984,800526,458
65536741,32.1295,24.6201,463,43738,0.382779,0.17,1,801018,800555,463
65539661,22.4259,30.524,451,43786,0.388556,0.19,1,801038,800587,451
65542581,22.8852,21.3048,455,43834,0.453711,0.25,1,801061,800606,455
65545501,33.377,21.861,469,43882,0.498742,0.29,1,801097,800628,469
65548421,28.2754,31.5722,462,43930,0.539748,0.29,1,801124,800662,462
65551341,26.4551,27.1144,462,43978,0.54795,0.31,1,801150,800688,462
65554261,43.691,26.2229,484,44026,0.56559,0.33,1,801198,800714,484
65557181,54.3382,42.8446,494,44074,0.585118,0.31,1,801255,800761,494
65560101,53.2676,54.9689,489,44122,0.573024,0.37,1,801308,800819,489
65563021,28.2535,50.9938,461,44170,0.570605,0.39,1,801330,800869,461
65565941,32.8507,28.5988,472,44218,0.570121,0.35,1,801364,800892,472
65568861,28.9701,32.9198,466,44266,0.602024,0.37,1,801392,800926,466
65571781,7.39403,28.184,441,44314,0.608405,0.37,1,801394,800953,441
65574701,25.4788,7.23679,469,44362,0.609681,0.35,1,801424,800955,469
65577621,32.2958,24.6474,474,44410,0.641936,0.39,1,801458,800984,474
65580541,22.4592,32.1295,460,44457,0.664387,0.39,1,801478,801018,460
65583461,6.09183,22.4259,442,44504,0.668877,0.47,1,801480,801038,442
65586381,22.8184,22.8852,446,44551,0.733775,0.51,1,801507,801061,446
65589301,34.1637,33.377,447,44598,0.698755,0.55,1,801544,801097,447
65592221,30.0327,28.2754,449,44645,0.691751,0.55,1,801573,801124,449
65595141,26.8065,26.4551,449,44692,0.73835,0.57,1,801599,801150,449
65598061,44.5613,43.691,450,44739,0.74767,0.59,1,801648,801198,450
65600981,55.3123,54.3382,451,44786,0.717534,0.57,1,801706,801255,451
65603901,52.6625,53.2676,450,44833,0.743507,0.57,1,801758,801308,450
65606821,28.1325,28.2535,450,44880,0.748701,0.57,1,801780,801330,450
65609741,32.8265,32.8507,450,44927,0.74974,0.61,1,801814,801364,450
65612661,30.5653,28.9701,452,44974,0.781948,0.61,2,801844,801392,452
65615581,7.71306,7.39403,452,45021,0.82039,0.61,2,801846,801394,452
65618501,26.3426,25.4788,453,45068,0.812078,0.65,2,801877,801424,453
65621421,34.0685,32.2958,455,45115,0.810416,0.67,2,801913,801458,455
65624341,22.8137,22.4592,455,45162,0.842083,0.67,2,801933,801478,455
65627261,6.16274,6.09183,455,45209,0.848417,0.75,2,801935,801480,455
65630181,24.4325,22.8184,457,45256,0.801683,0.69,2,801964,801507,457
65633101,34.4865,34.1637,457,45303,0.840337,0.69,2,802001,801544,457
65636021,29.2973,30.0327,456,45350,0.832067,0.75,2,802029,801573,456
65638941,27.4595,26.8065,457,45397,0.814413,0.75,2,802056,801599,457
65641861,44.6919,44.5613,457,45443,0.858883,0.71,2,802105,801648,457
65644781,56.1384,55.3123,458,45489,0.915776,0.75,2,802164,801706,458
65647701,53.6277,52.6625,459,45535,0.911155,0.75,2,802217,801758,459
65650621,28.3255,28.1325,459,45581,0.910231,0.75,2,802239,801780,459
65653541,32.8651,32.8265,459,45627,0.910046,0.79,2,802273,801814,459
65656461,32.173,30.5653,461,45673,0.910009,0.83,2,802305,801844,461
65659381,8.0346,7.71306,461,45719,0.878002,0.81,2,802307,801846,461
65662301,26.4069,26.3426,461,45765,0.9196,0.81,2,802338,801877,461
65825821,49,62,488,48278,0.73,1,1,804073,803585,488
65828741,50.6,56.4,484,48322,0.698,1,1,804124,803640,484
65831661,48.52,33.68,504,48366,0.5796,1,1,804172,803668,504
65834581,38.504,31.536,509,48410,0.45992,1,1,804208,803699,509
65837501,33.3008,32.7072,508,48454,0.387984,1,1,804240,803732,508
65840421,18.6602,30.5414,493,48497,0.389597,1,1,804255,803762,493
65843341,31.732,32.5083,495,48540,0.389919,1,1,804290,803795,495
65846261,28.7464,24.1017,501,48583,0.325984,1,1,804318,803817,501
65849181,16.9493,23.2203,492,48626,0.329197,1,1,804332,803840,492
65852101,21.7899,25.4441,489,48669,0.393839,0.87,1,804355,803866,489
65855021,22.758,32.2888,478,48712,0.326768,0.98,1,804378,803900,478
65857941,14.9516,20.0578,474,48755,0.329354,0.98,1,804391,803917,474
65860861,12.5903,12.8116,475,48798,0.361871,1,1,804403,803928,475
65863781,32.1181,36.9623,469,48841,0.352374,1,1,804440,803971,469
65866701,28.8236,7.39246,497,48884,0.334475,0.93,1,804468,803971,497
65869621,20.9647,27.0785,484,48927,0.330895,0.82,1,804487,804003,484
65872541,40.1929,22.2157,508,48970,0.346179,0.73,1,804532,804024,508
65875461,43.2386,43.6431,503,49013,0.397236,0.69,1,804576,804073,503
65878381,43.8477,49.5286,496,49056,0.407447,0.55,1,804620,804124,496
65881301,33.5695,48.3057,479,49099,0.393489,0.43,1,804651,804172,479
65884221,29.9139,38.4611,472,49142,0.438698,0.37,1,804680,804208,472
65887141,17.1828,33.2922,454,49185,0.49574,0.39,1,804694,804240,454
65890061,27.4366,18.6584,469,49228,0.539148,0.39,1,804724,804255,469
65892981,29.4873,31.7317,464,49271,0.54783,0.31,1,804754,804290,464
65895901,17.0975,28.7463,450,49314,0.565566,0.33,1,804768,804318,450
65898821,21.0195,16.9493,458,49357,0.537113,0.41,1,804790,804332,458
65901741,25.0039,21.7899,461,49400,0.547423,0.31,1,804816,804355,461
65904661,14.6008,22.758,450,49443,0.549484,0.33,1,804828,804378,450
65907581,12.5202,14.9516,449,49486,0.549897,0.37,1,804840,804391,449
65910501,31.304,12.5903,473,49529,0.581979,0.35,1,804876,804403,473
65913421,30.2608,32.1181,466,49572,0.588396,0.33,1,804906,804440,466
65916341,18.8522,28.8236,454,49615,0.589679,0.33,1,804922,804468,454
65919261,41.3704,20.9647,482,49657,0.605936,0.35,1,804969,804487,482
65922181,48.2741,40.1929,487,49699,0.657187,0.41,1,805019,804532,487
65925101,44.8548,43.2386,487,49741,0.699437,0.41,1,805063,804576,487
65928021,34.571,43.8477,475,49783,0.723888,0.39,1,805095,804620,475
65930941,31.7142,33.5695,475,49825,0.712777,0.45,1,805126,804651,475
65933861,19.1428,29.9139,462,49867,0.710555,0.51,1,805142,804680,462
65936781,27.8286,17.1828,478,49909,0.678111,0.55,1,805172,804694,478
65939701,29.5657,27.4366,478,49951,0.671622,0.55,1,805202,804724,478
65942621,16.3131,29.4873,461,49993,0.686324,0.57,1,805215,804754,461
65945541,20.8626,17.0975,469,50035,0.689265,0.53,1,805237,804768,469
65948461,25.7725,21.0195,474,50077,0.689853,0.55,1,805264,804790,474
65951381,14.7545,25.0039,460,50119,0.689971,0.55,1,805276,804816,460
65954301,13.3509,14.6008,461,50161,0.673994,0.55,1,805289,804828,461
65957221,32.2702,12.5202,486,50203,0.702799,0.59,1,805326,804840,486
65960141,30.454,31.304,480,50245,0.70856,0.59,1,805356,804876,480
65963061,18.8908,30.2608,466,50287,0.725712,0.59,1,805372,804906,466
65965981,5.37816,18.8522,452,50329,0.729142,0.61,1,805374,804922,452
65968901,40.2756,41.3704,454,50371,0.761828,0.67,2,805423,804969,454
65971821,48.8551,48.2741,455,50413,0.784366,0.71,2,805474,805019,455
65974741,46.571,44.8548,457,50455,0.788873,0.73,2,805520,805063,457
65977661,35.7142,34.571,458,50497,0.805775,0.71,2,805553,805095,458
65980581,31.1428,31.7142,457,50539,0.825155,0.71,2,805583,805126,457
65983501,17.4286,19.1428,455,50581,0.797031,0.67,2,805597,805142,455
65986421,27.4857,27.8286,455,50623,0.823406,0.67,2,805627,805172,455
65989341,29.4971,29.5657,455,50665,0.876681,0.69,2,805657,805202,455
65992261,17.0994,16.3131,456,50707,0.855336,0.69,2,805671,805215,456
65995181,21.0199,20.8626,456,50749,0.851067,0.69,2,805693,805237,456
65998101,25.804,25.7725,456,50791,0.914213,0.69,2,805720,805264,456
66001021,14.7608,14.7545,456,50832,0.926843,0.67,2,805732,805276,456
66003941,12.5522,13.3509,455,50873,0.897369,0.71,2,805744,805289,455
66202501,30,26,512,53613,0.89,1,2,807690,807178,512
66205421,27.6,13.2,529,53652,0.858,1,2,807717,807188,529
66208341,28.72,13.04,545,53691,0.8036,1,2,807746,807201,545
66211261,16.144,25.008,530,53730,0.74472,1,1,807759,807229,530
66222941,412.829,479.402,449,24820,0.204944,0.23,1,808271,807822,449
66227321,174.566,202.28,431,24820,0.112989,0.09,1,808386,807955,431
66269661,60.5131,74.0561,421,24820,0.0785978,0.01,1,808418,807997,421
66272581,61.7026,37.2112,455,24905,0.0157196,0.05,1,808480,808025,455
66275501,51.5405,50.6422,450,24990,0.0591439,0.07,1,808529,808079,450
66278421,49.5081,50.1284,449,25075,0.0518288,0.09,1,808578,808129,449
66281341,48.3016,68.4257,424,25160,0.0663658,0.05,1,808626,808202,424
66284261,20.0603,23.2851,425,25244,0.0532731,0.11,1,808639,808214,425
66287181,35.2121,23.057,441,25328,0.0666546,0.07,1,808678,808237,441
66290101,63.0424,31.8114,477,25412,0.0693309,0.09,1,808748,808271,477
66293021,63.0085,70.3623,460,25495,0.133866,0.07,1,808811,808351,460
66295941,86.2017,67.6725,485,25578,0.0987732,0,1,808903,808418,485
66298861,57.2403,63.1345,473,25661,0.139755,0.07,1,808953,808480,473
66301781,49.8481,51.8269,472,25744,0.147951,0.05,1,809001,808529,472
66304701,47.5696,49.5654,470,25826,0.13359,0.07,1,809048,808578,470
66307621,19.9139,48.3131,435,25908,0.146718,0.05,1,809061,808626,435
66310541,36.7828,20.0626,463,25990,0.133344,0.07,1,809102,808639,463
66313461,65.7566,35.2125,497,26072,0.114669,0.07,1,809175,808678,497
66316381,64.3513,63.0425,491,26153,0.126934,0.15,1,809239,808748,491
66319301,84.0703,63.0085,517,26234,0.161387,0.09,1,809328,808811,517
66322221,59.2141,86.2017,478,26315,0.200277,0.15,1,809381,808903,478
66325141,50.2428,57.2403,476,26396,0.224055,0.15,1,809429,808953,476
66328061,46.8486,49.8481,474,26476,0.260811,0.13,1,809475,809001,474
66330981,18.9697,47.5696,439,26556,0.268162,0.15,1,809487,809048,439
66333901,37.3939,19.9139,468,26636,0.269632,0.13,1,809529,809061,468
66336821,65.0788,36.7828,499,26716,0.301926,0.11,1,809601,809102,499
66339741,65.0158,65.7566,491,26795,0.372385,0.13,1,809666,809175,491
66342661,86.6031,64.3513,519,26874,0.450477,0.17,1,809758,809239,519
66345581,18.9206,84.0703,432,26953,0.466095,0.21,1,809760,809328,432
66348501,46.9841,59.2141,433,27032,0.469219,0.23,1,809814,809381,433
66351421,47.7968,50.2428,433,27110,0.485844,0.27,1,809862,809429,433
66354341,47.9594,46.8486,435,27188,0.521169,0.27,1,809910,809475,435
66357261,19.1919,18.9697,435,27266,0.496234,0.27,1,809922,809487,435
66360181,37.4384,37.3939,435,27344,0.491247,0.31,1,809964,809529,435
66363101,66.6877,65.0788,437,27421,0.490249,0.39,1,810038,809601,437
66366021,69.3375,65.0158,442,27498,0.52205,0.47,1,810108,809666,442
66368941,89.8675,86.6031,445,27575,0.57641,0.47,1,810203,809758,445
66371861,19.5735,18.9206,445,27652,0.555282,0.47,1,810205,809760,445
66374781,45.5147,46.9841,443,27729,0.583056,0.49,1,810257,809814,443
66377701,49.1029,47.7968,445,27805,0.620611,0.53,1,810307,809862,445
66380621,49.0206,47.9594,446,27881,0.676122,0.49,1,810356,809910,446
66383541,19.4041,19.1919,446,27957,0.687224,0.49,1,810368,809922,446
66386461,37.4808,37.4384,446,28033,0.673445,0.49,1,810410,809964,446
66389381,66.6962,66.6877,446,28109,0.734689,0.53,1,810484,810038,446
66392301,70.9392,69.3375,448,28184,0.778938,0.59,2,810556,810108,448
66395221,90.9878,89.8675,449,28259,0.819788,0.55,2,810652,810203,449
66398141,19.7976,19.5735,449,28334,0.795958,0.59,2,810654,810205,449
66401061,45.5595,45.5147,449,28409,0.823192,0.59,2,810706,810257,449
66403981,51.5119,9.10294,502,28484,0.844638,0.63,2,810759,810257,502
66406901,50.3024,41.8206,502,28558,0.912928,0.69,2,810809,810307,502
66409821,19.6605,47.5641,465,28632,0.926586,0.69,2,810821,810356,465
66412741,38.3321,19.1128,496,28706,0.913317,0.67,2,810864,810368,496
66424421,2,96,462,29000,0.89,0.79,2,811114,810652,462
66427341,43.6,20.8,514,29073,0.938,0.83,2,811168,810654,514
66532461,59,89,540,31588,0.67,1,1,812913,812373,540
66535381,87,74.6,563,31655,0.558,1,1,813007,812444,563
66538301,40.6,94.12,493,31722,0.5516,1,1,813036,812543,493
66541221,44.12,41.224,510,31789,0.47032,0.96,1,813081,812571,510
66544141,49.624,34.6448,528,31856,0.438064,0.99,1,813132,812604,528
66547061,41.9248,55.729,507,31922,0.399613,1,1,813172,812665,507
66549981,29.185,39.1458,498,31988,0.423923,0.93,1,813198,812700,498
66552901,17.037,30.2292,484,32054,0.428785,0.97,1,813212,812728,484
66555821,16.2074,19.6458,483,32120,0.445757,0.89,1,813228,812745,483
66558741,72.8415,18.3292,552,32186,0.465151,0.77,1,813315,812763,552
66561661,55.3683,76.4658,512,32252,0.53303,0.67,1,813366,812854,512
66564581,79.8737,62.4932,539,32318,0.530606,0.53,1,813452,812913,539
66567501,39.1747,87.6986,474,32383,0.514121,0.55,1,813481,813007,474
66570421,42.2349,40.7397,488,32448,0.574824,0.45,1,813524,813036,488
66573341,48.447,44.1479,493,32513,0.634965,0.43,1,813574,813081,493
66576261,40.0894,49.6296,480,32578,0.646993,0.39,1,813612,813132,480
66579181,30.4179,41.9259,468,32643,0.665399,0.43,1,813640,813172,468
66582101,17.2836,29.1852,456,32708,0.68508,0.43,1,813654,813198,456
66585021,5.05671,17.037,444,32773,0.689016,0.45,1,813656,813212,444
66587941,12.2113,16.2074,442,32838,0.721803,0.47,1,813670,813228,442
66590861,76.0423,72.8415,447,32902,0.712361,0.55,1,813762,813315,447
66593781,56.0085,55.3683,447,32966,0.742472,0.53,1,813813,813366,447
66596701,80.8017,79.8737,448,33030,0.780494,0.51,2,813900,813452,448
66599621,40.9603,39.1747,450,33094,0.772099,0.59,2,813931,813481,450
66602541,43.3921,42.2349,451,33158,0.78642,0.65,2,813975,813524,451
66605461,51.0784,48.447,454,33222,0.837284,0.65,2,814028,813574,454
66608381,40.6157,40.0894,454,33286,0.847457,0.67,2,814066,813612,454
66611301,31.3231,30.4179,455,33350,0.817491,0.69,2,814095,813640,455
66614221,18.2646,17.2836,456,33413,0.827498,0.69,2,814110,813654,456
66617141,5.25293,5.05671,456,33476,0.8615,0.73,2,814112,813656,456
66620061,12.2506,12.2113,456,33539,0.8363,0.71,2,814126,813670,456
66789421,16,51,499,37017,0.87,1,2,816602,816103,499
66792341,65.6,80.6,489,37074,0.742,1,1,816680,816191,489
66795261,40.32,44.12,488,37131,0.7004,1,1,816714,816226,488
66798181,44.064,46.424,486,37188,0.66008,1,1,816759,816273,486
66801101,37.6128,9.2848,522,37245,0.604016,1,1,816795,816273,522
66804021,30.7226,34.657,510,37302,0.576803,1,1,816824,816314,510
66806941,42.9445,36.5314,519,37359,0.523361,1,1,816870,816351,519
66809861,52.5889,48.9063,522,37416,0.432672,1,1,816925,816403,522
66812781,44.9178,45.7813,520,37472,0.494534,0.91,1,816968,816448,520
66815701,28.1836,47.5563,496,37528,0.490907,1,1,816992,816496,496
66818621,32.8367,30.3113,504,37584,0.506181,0.95,1,817026,816522,504
66821541,26.5673,34.8623,493,37640,0.477236,0.88,1,817051,816558,493
66824461,15.7135,29.3724,478,37696,0.455447,0.87,1,817064,816586,478
66827381,59.1427,18.6745,532,37752,0.467089,0.71,1,817134,816602,532
66830301,35.8285,66.1349,484,37808,0.437418,0.69,1,817164,816680,484
66833221,44.7657,40.427,497,37864,0.543484,0.65,1,817211,816714,497
66836141,36.9531,44.0854,487,37920,0.564697,0.59,1,817246,816759,487
66839061,26.5906,37.6171,475,37976,0.584939,0.57,1,817270,816795,475
66841981,42.1181,30.7234,492,38032,0.620988,0.51,1,817316,816824,492
66844901,51.6236,42.9447,500,38088,0.628198,0.41,1,817370,816870,500
66847821,44.7247,52.5889,488,38143,0.66164,0.51,1,817413,816925,488
66850741,28.9449,44.9178,470,38198,0.652328,0.49,1,817438,816968,470
66853661,31.389,28.1836,478,38253,0.666466,0.51,1,817470,816992,478
66856581,26.2778,32.8367,469,38308,0.685293,0.47,1,817495,817026,469
66859501,14.8556,26.5673,456,38363,0.705059,0.45,1,817507,817051,456
66862421,59.7711,15.7135,514,38418,0.709012,0.47,1,817578,817064,514
66865341,35.1542,59.1427,473,38473,0.725802,0.43,1,817607,817134,473
66868261,49.4308,35.8285,496,38528,0.77716,0.57,2,817660,817164,496
66871181,37.8862,44.7657,484,38583,0.787432,0.57,2,817695,817211,484
66874101,9.17723,36.9531,451,38638,0.789486,0.59,2,817697,817246,451
66877021,21.0354,26.5906,451,38693,0.821897,0.63,2,817721,817270,451
66879941,42.6071,42.1181,453,38748,0.844379,0.63,2,817769,817316,453
66882861,51.7214,51.6236,453,38803,0.896876,0.67,2,817823,817370,453
66885781,46.3443,44.7247,455,38857,0.891375,0.65,2,817868,817413,455
66888701,28.4689,28.9449,454,38911,0.874275,0.67,2,817892,817438,454
66891621,32.0938,31.389,455,38965,0.870855,0.69,2,817925,817470,455
66894541,28.0188,26.2778,457,39019,0.886171,0.71,2,817952,817495,457
66897461,15.2038,14.8556,457,39073,0.921234,0.71,2,817964,817507,457
67058061,32,28,492,41943,0.69,1,1,819969,819477,492
67060981,61.6,52,503,41993,0.562,1,1,820038,819535,503
67063901,41.92,36.8,507,42043,0.5044,1,1,820075,819568,507
67066821,33.984,30.56,510,42093,0.42888,1,1,820107,819597,510
67069741,22.7968,28.512,502,42143,0.429776,1,1,820127,819625,502
67072661,34.9594,32.9024,506,42193,0.269955,1,1,820165,819659,506
67075581,34.9919,40.9805,498,42243,0.269991,1,1,820200,819702,498
67078501,31.7984,35.3961,495,42293,0.221998,0.98,1,820231,819736,495
67081421,25.5597,31.8792,488,42343,0.2924,1,1,820255,819767,488
67084341,25.1119,25.5758,489,42393,0.30648,1,1,820280,819791,489
67087261,28.2224,33.9152,482,42443,0.245296,1,1,820309,819827,482
67090181,28.0445,36.383,473,42493,0.265059,0.91,1,820337,819864,473
67093101,25.6089,30.4766,469,42543,0.285012,0.79,1,820362,819893,469
67096021,33.9218,41.2953,461,42593,0.273002,0.69,1,820398,819937,461
67098941,29.1844,33.8591,457,42643,0.2546,0.53,1,820426,819969,457
67101861,49.0369,61.9718,442,42692,0.29892,0.49,1,820480,820038,442
67104781,37.0074,41.9944,439,42741,0.307784,0.41,1,820514,820075,439
67107701,33.0015,33.9989,439,42790,0.341557,0.43,1,820546,820107,439
67110621,18.6003,22.7998,434,42839,0.364311,0.23,1,820561,820127,434
67113541,34.9201,34.96,435,42888,0.320862,0.27,1,820600,820165,435
67116461,33.384,34.992,433,42937,0.312172,0.21,1,820633,820200,433
67119381,31.4768,31.7984,433,42986,0.342434,0.21,1,820664,820231,433
67122301,26.2954,6.35968,458,43035,0.332487,0.31,1,820689,820231,458
67125221,26.8591,20.4719,461,43084,0.314497,0.31,1,820716,820255,461
67128141,26.9718,24.0944,463,43133,0.342899,0.23,1,820743,820280,463
67131061,27.7944,28.0189,462,43182,0.34858,0.27,1,820771,820309,462
67133981,23.9589,28.0038,457,43231,0.381716,0.29,1,820794,820337,457
67136901,35.1918,25.6008,470,43280,0.388343,0.27,1,820832,820362,470
67139821,28.6384,33.9202,461,43329,0.405669,0.25,1,820859,820398,461
67142741,49.7277,29.184,488,43378,0.393134,0.31,1,820914,820426,488
67145661,38.7455,49.0368,470,43427,0.406627,0.31,1,820950,820480,470
67148581,34.9491,37.0074,470,43476,0.409325,0.35,1,820984,820514,470
67151501,19.7898,33.0015,454,43525,0.409865,0.37,1,821000,820546,454
67154421,31.958,18.6003,474,43573,0.441973,0.31,1,821035,820561,474
67157341,33.5916,34.9201,469,43621,0.448395,0.31,1,821069,820600,469
67160261,31.5183,33.384,467,43669,0.481679,0.35,1,821100,820633,467
67163181,25.5037,31.4768,460,43717,0.488336,0.33,1,821124,820664,460
67166101,27.5007,26.2954,463,43765,0.521667,0.31,1,821152,820689,463
67169021,28.7001,26.8591,465,43813,0.592333,0.35,1,821181,820716,465
67171941,28.94,26.9718,467,43861,0.638467,0.35,1,821210,820743,467
67174861,23.388,27.7944,461,43909,0.647693,0.39,1,821232,820771,461
67177781,36.6776,23.9589,478,43957,0.665539,0.39,1,821272,820794,478
67180701,29.7355,35.1918,468,44005,0.701108,0.41,1,821300,820832,468
67183621,49.1471,28.6384,495,44053,0.724222,0.39,1,821354,820859,495
67186541,39.4294,49.7277,477,44101,0.728844,0.41,1,821391,820914,477
67189461,35.0859,38.7455,475,44149,0.729769,0.41,1,821425,820950,475
67192381,19.8172,34.9491,457,44197,0.745954,0.41,1,821441,820984,457
67195301,33.5634,19.7898,478,44245,0.733191,0.45,1,821478,821000,478
67198221,33.9127,31.958,477,44293,0.762638,0.45,2,821512,821035,477
67201141,33.1825,33.5916,476,44341,0.784528,0.49,2,821545,821069,476
67204061,26.6365,31.5183,470,44389,0.804906,0.49,2,821570,821100,470
67206981,28.5273,25.5037,475,44437,0.792981,0.53,2,821599,821124,475
67209901,7.30546,27.5007,449,44484,0.790596,0.61,2,821601,821152,449
67212821,27.8611,28.7001,453,44531,0.822119,0.65,2,821634,821181,453
67215741,29.5722,28.94,454,44578,0.828424,0.65,2,821664,821210,454
67218661,23.5144,23.388,454,44625,0.845685,0.67,2,821686,821232,454
67221581,37.5029,36.6776,455,44672,0.881137,0.71,2,821727,821272,455
67224501,31.5006,29.7355,457,44719,0.904227,0.73,2,821757,821300,457
67227421,51.1001,49.1471,459,44766,0.924846,0.73,2,821813,821354,459
67431821,36,29,497,47950,0.63,1,1,824004,823507,497
67434741,35.2,21,513,47994,0.518,1,1,824039,823526,513
67437661,29.44,25.8,514,48038,0.5276,1,1,824067,823553,514
67440581,32.288,20.36,528,48082,0.41752,1,1,824100,823572,528
67490221,398.458,472.072,433,21900,0.155504,0.21,1,824590,824157,433
67493141,126.892,128.014,450,21997,0.119101,0.05,1,824649,824199,450
67496061,101.378,94.4029,459,22093,0.0318202,0.05,1,824744,824285,459
67498981,61.8757,63.6806,455,22189,0.030364,0.03,1,824796,824341,455
67501901,53.9751,59.1361,449,22285,0.0140728,0.03,1,824848,824399,449
67504821,58.795,60.6272,448,22380,0.0268146,0.09,1,824908,824460,448
67507741,57.359,76.9254,424,22475,0.0293629,0.05,1,824965,824541,424
67510661,36.2718,24.9851,443,22569,0.0298726,0.09,1,824996,824553,443
67513581,68.8544,34.597,483,22663,0.0779745,0.11,1,825073,824590,483
67516501,88.1709,54.1194,517,22757,0.151595,0.01,1,825166,824649,517
67519421,59.2342,86.8239,474,22850,0.134319,0.03,1,825218,824744,474
67522341,54.2468,58.9648,475,22943,0.0828638,0.01,1,825271,824796,475
67525261,58.0494,53.393,482,23035,0.0405728,0.03,1,825330,824848,482
67528181,57.2099,58.6786,479,23127,0.0481146,0.03,1,825387,824908,479
67531101,37.842,57.3357,455,23219,0.0496229,0.03,1,825420,824965,455
67534021,69.9684,36.2671,502,23310,0.0339246,0.09,1,825498,824996,502
67536941,89.9937,68.8534,520,23401,0.0787849,0.17,1,825593,825073,520
67539861,60.3987,88.1707,480,23492,0.135757,0.13,1,825646,825166,480
67542781,51.2797,59.2341,477,23582,0.147151,0.07,1,825695,825218,477
67545701,55.856,54.2468,481,23672,0.13343,0.03,1,825752,825271,481
67548621,57.5712,58.0494,480,23762,0.0666861,0.05,1,825810,825330,480
67551541,37.9142,57.2099,456,23851,0.101337,0.05,1,825843,825387,456
67554461,69.1828,37.842,500,23940,0.0922674,0.03,1,825920,825420,500
67557381,15.4366,69.9684,424,24029,0.0904535,0.09,1,825922,825498,424
67560301,81.4873,89.9937,427,24117,0.170091,0.15,1,826020,825593,427
67563221,58.6975,60.3987,427,24205,0.186018,0.15,1,826073,825646,427
67566141,52.5395,51.2797,429,24293,0.189204,0.13,1,826124,825695,429
67569061,55.3079,55.856,428,24380,0.253841,0.05,1,826180,825752,428
67571981,54.2616,57.5712,424,24467,0.266768,0.11,1,826234,825810,424
67574901,39.6523,37.9142,427,24554,0.317354,0.09,1,826270,825843,427
67577821,68.7305,69.1828,426,24640,0.311471,0.09,1,826346,825920,426
67580741,15.3461,15.4366,426,24726,0.342294,0.19,1,826348,825922,426
67583661,83.8692,81.4873,429,24812,0.300459,0.19,1,826449,826020,429
67586581,59.1738,58.6975,429,24897,0.308092,0.19,1,826502,826073,429
67589501,54.2348,52.5395,431,24982,0.389618,0.27,1,826555,826124,431
67592421,57.247,55.3079,433,25067,0.405924,0.27,1,826613,826180,433
67595341,54.6494,54.2616,433,25152,0.441185,0.33,1,826667,826234,433
67598261,42.1299,39.6523,436,25236,0.448237,0.31,1,826706,826270,436
67601181,70.026,68.7305,437,25320,0.481647,0.35,1,826783,826346,437
67604101,15.6052,15.3461,437,25404,0.488329,0.29,1,826785,826348,437
67607021,82.321,83.8692,435,25487,0.505666,0.29,1,826884,826449,435
67609941,59.6642,16.7738,489,25570,0.541133,0.31,1,826938,826449,489
67612861,58.3328,45.7548,494,25653,0.612227,0.41,1,826996,826502,494
67615781,58.8666,51.551,500,25736,0.642445,0.41,1,827055,826555,500
67618701,55.7733,56.7102,497,25818,0.712489,0.45,1,827110,826613,497
67621621,42.3547,54.542,482,25900,0.710498,0.45,1,827149,826667,482
67624541,70.0709,42.1084,520,25982,0.7261,0.49,1,827226,826706,520
67627461,15.6142,70.0217,445,26064,0.72922,0.49,1,827228,826783,445
67630381,84.7228,15.6043,545,26145,0.729844,0.51,1,827330,826785,545
67633301,61.7446,82.3209,502,26226,0.777969,0.55,2,827386,826884,502
67636221,62.7489,59.6642,511,26307,0.755594,0.63,2,827449,826938,511
67639141,61.3498,58.3328,514,26388,0.767119,0.65,2,827510,826996,514
67642061,57.87,58.8666,512,26468,0.785424,0.73,2,827567,827055,512
67644981,41.974,55.7733,495,26548,0.789085,0.71,2,827605,827110,495
67647901,70.7948,42.3547,534,26628,0.837817,0.73,2,827683,827149,534
67650821,15.759,70.0709,459,26708,0.847563,0.73,2,827685,827226,459
67653741,84.7518,15.6142,559,26787,0.865513,0.73,2,827787,827228,559
67656661,64.1504,84.7228,516,26866,0.901103,0.79,2,827846,827330,516
67659581,14.4301,61.7446,462,26945,0.908221,0.75,2,827848,827386,462
67773461,29,52,489,29856,0.77,1,2,829870,829381,489
67776381,53,54.4,493,29927,0.594,1,1,829929,829436,493
67779301,37.8,47.68,481,29998,0.4628,1,1,829963,829482,481
67782221,79.56,82.336,480,30069,0.19656,1,1,830053,829573,480
67785141,45.512,42.8672,484,30139,0.079312,1,1,830090,829606,484
67788061,62.7024,60.5734,486,30209,0.0558624,0.98,1,830157,829671,486
67790981,63.7405,64.9147,484,30279,0.0191725,0.97,1,830221,829737,484
67793901,31.9481,40.1829,474,30349,0.0278345,0.91,1,830245,829771,474
67796821,25.5896,33.6366,466,30419,0.0055669,0.83,1,830269,829803,466
67799741,31.5179,37.1273,461,30489,0.00911338,0.77,1,830302,829841,461
67802661,27.9036,30.6255,459,30558,0.00982268,0.55,1,830329,829870,459
67805581,42.3807,53.3251,446,30627,0.00996454,0.43,1,830375,829929,446
67808501,31.6761,37.865,441,30696,0.0579929,0.13,1,830404,829963,441
67811421,69.5352,79.573,430,30765,0.0515986,0.05,1,830483,830053,430
67814341,37.107,45.5146,422,30834,0.0983197,0.05,1,830512,830090,422
67817261,63.4214,62.7029,425,30903,0.0276639,0.01,1,830582,830157,425
67820181,62.2843,63.7406,423,30971,0.00553279,0.03,1,830644,830221,423
67823101,31.6569,31.9481,423,31039,0.0251066,0,1,830668,830245,423
67826021,24.7314,25.5896,422,31107,0.0290213,0.01,1,830691,830269,422
67828941,31.3463,31.5179,422,31175,0.0458043,0.01,1,830724,830302,422
67831861,27.8693,27.9036,422,31243,0.0331609,0.01,1,830751,830329,422
67834781,42.3738,42.3807,422,31311,0.0466322,0.01,1,830797,830375,422
67837701,33.2748,8.47614,453,31379,0.0653264,0.07,1,830828,830375,453
67840621,67.455,24.8952,500,31446,0.0530653,0.05,1,830904,830404,500
67843541,37.491,68.179,451,31513,0.0826131,0.11,1,830934,830483,451
67846461,62.6982,36.8358,491,31580,0.0565226,0.01,1,831003,830512,491
67849381,64.5396,63.3672,486,31647,0.0513045,0,1,831068,830582,486
67852301,29.7079,62.2734,445,31714,0.0342609,0.03,1,831089,830644,445
67855221,24.3416,31.6547,444,31781,0.0148522,0.03,1,831112,830668,444
67858141,31.2683,24.7309,454,31848,0.0269704,0.05,1,831145,830691,454
67861061,27.8537,31.3462,448,31914,0.0293941,0.03,1,831172,830724,448
67863981,42.3707,27.8692,467,31980,0.0138788,0.05,1,831218,830751,467
67866901,38.0741,42.3738,458,32046,0.0747758,0.07,1,831255,830797,458
67869821,66.8148,33.2748,501,32112,0.0709551,0.05,1,831329,830828,501
67872741,37.363,67.455,455,32178,0.086191,0.09,1,831359,830904,455
67875661,60.2726,37.491,491,32244,0.0172382,0.05,1,831425,830934,491
67878581,63.2545,62.6982,486,32310,0.0114476,0.05,1,831489,831003,486
67881501,30.2509,64.5396,443,32375,0.0422895,0.03,1,831511,831068,443
67884421,24.4502,29.7079,445,32440,0.0324579,0.01,1,831534,831089,445
67887341,30.49,24.3416,454,32505,0.0464916,0.03,1,831566,831112,454
67890261,28.498,31.2683,449,32570,0.0172983,0.03,1,831594,831145,449
67893181,42.4996,27.8537,468,32635,0.0114597,0.01,1,831640,831172,468
67896101,38.8999,42.3707,460,32700,0.0262919,0.09,1,831678,831218,460
67899021,67.78,38.0741,498,32765,0.0932584,0.07,1,831753,831255,498
67901941,15.156,66.8148,426,32830,0.106652,0.09,1,831755,831329,426
67904861,27.0312,37.363,426,32894,0.17333,0,1,831785,831359,426
67907781,56.6062,60.2726,424,32958,0.138666,0.01,1,831849,831425,424
67910701,61.7212,63.2545,423,33022,0.115733,0.05,1,831912,831489,423
67913621,30.7442,30.2509,424,33086,0.0951466,0.03,1,831935,831511,424
67916541,23.7488,24.4502,423,33150,0.107029,0.05,1,831957,831534,423
67919461,29.5498,30.49,422,33214,0.0934059,0.01,1,831988,831566,422
67922381,29.11,28.498,423,33278,0.0426812,0.01,1,832017,831594,423
67925301,42.622,42.4996,423,33342,0.0485362,0.03,1,832063,831640,423
67928221,38.9244,38.8999,423,33405,0.0177072,0.11,1,832101,831678,423
67931141,70.9849,67.78,427,33468,0.0595414,0.11,1,832180,831753,427
67934061,15.797,15.156,427,33531,0.0679083,0.19,1,832182,831755,427
67936981,28.7594,27.0312,429,33594,0.101582,0.13,1,832214,831785,429
67939901,54.5519,56.6062,426,33657,0.140316,0.11,1,832275,831849,426
67942821,60.5104,61.7212,425,33720,0.132063,0.09,1,832337,831912,425
67945741,30.5021,30.7442,425,33783,0.146413,0.11,1,832360,831935,425
67948661,23.7004,23.7488,425,33846,0.149283,0.09,1,832382,831957,425
67951581,28.7401,29.5498,424,33908,0.117857,0.03,1,832412,831988,424
67954501,27.348,29.11,422,33970,0.143571,0.05,1,832439,832017,422
67957421,42.2696,42.622,422,34032,0.116714,0.01,1,832485,832063,422
67960341,38.8539,38.9244,422,34094,0.0793428,0.07,1,832523,832101,422
67963261,73.3708,70.9849,425,34156,0.135869,0.07,1,832605,832180,425
67966181,16.2742,15.797,425,34218,0.147174,0.07,1,832607,832182,425
67969101,29.6548,3.15939,458,34280,0.133435,0.11,1,832640,832182,458
67972021,56.331,26.2319,489,34342,0.146687,0.15,1,832703,832214,489
67974941,60.0662,54.0464,489,34404,0.181337,0.13,1,832764,832275,489
67977861,29.6132,60.4093,449,34465,0.204267,0.15,1,832786,832337,449
67980781,23.5226,30.4819,448,34526,0.224854,0.15,1,832808,832360,448
67983701,28.7045,23.6964,456,34587,0.244971,0.11,1,832838,832382,456
67986621,27.3409,28.7393,453,34648,0.264994,0.15,1,832865,832412,453
67989541,40.6682,27.3479,470,34709,0.284999,0.11,1,832909,832439,470
67992461,36.9336,42.2696,460,34770,0.321,0.07,1,832945,832485,460
67995381,76.1867,38.8539,508,34831,0.3282,0.15,1,833031,832523,508
67998301,16.8373,73.3708,428,34892,0.32964,0.15,1,833033,832605,428
68001221,31.3675,16.2742,461,34953,0.361928,0.13,1,833068,832607,461
68004141,56.6735,29.6548,491,35013,0.352386,0.15,1,833131,832640,491
68007061,61.7347,56.331,491,35073,0.414477,0.19,1,833194,832703,491
68009981,30.7469,60.0662,453,35133,0.410895,0.21,1,833217,832764,453
68012901,25.3494,29.6132,455,35193,0.410179,0.23,1,833241,832786,455
68015821,29.8699,23.5226,464,35253,0.426036,0.25,1,833272,832808,464
68018741,27.574,28.7045,461,35313,0.445207,0.27,1,833299,832838,461
68021661,41.5148,27.3409,479,35373,0.481041,0.29,1,833344,832865,479
68024581,38.703,40.6682,473,35433,0.488208,0.33,1,833382,832909,473
68027501,76.5406,36.9336,523,35493,0.457642,0.33,1,833468,832945,523
68030421,16.9081,76.1867,439,35553,0.451528,0.33,1,833470,833031,439
68033341,32.9816,16.8373,474,35612,0.450306,0.37,1,833507,833033,474
68036261,56.1963,31.3675,501,35671,0.450061,0.35,1,833569,833068,501
68039181,12.8393,56.6735,440,35730,0.450012,0.43,1,833571,833131,440
68042101,55.3679,61.7347,443,35789,0.514002,0.41,1,833637,833194,443
68045021,28.6736,30.7469,442,35848,0.558801,0.41,1,833659,833217,442
68047941,24.9347,25.3494,442,35907,0.58376,0.43,1,833683,833241,442
68050861,30.5869,29.8699,443,35966,0.588752,0.45,1,833715,833272,443
68053781,28.5174,27.574,444,36025,0.60575,0.49,1,833743,833299,444
68056701,43.3035,41.5148,446,36084,0.62515,0.49,1,833790,833344,446
68059621,39.0607,38.703,446,36143,0.66103,0.45,1,833828,833382,446
68062541,75.0121,76.5406,444,36201,0.684206,0.45,1,833912,833468,444
68065461,16.6024,16.9081,444,36259,0.688841,0.45,1,833914,833470,444
68068381,32.9205,32.9816,444,36317,0.705768,0.45,1,833951,833507,444
68071301,56.9841,56.1963,445,36375,0.757154,0.45,2,834014,833569,445
68074221,12.9968,12.8393,445,36433,0.767431,0.53,2,834016,833571,445
68077141,57.7994,55.3679,448,36491,0.785486,0.57,2,834085,833637,448
68080061,29.1599,28.6736,448,36549,0.837097,0.59,2,834107,833659,448
68082981,25.832,24.9347,449,36607,0.895419,0.59,2,834132,833683,449
68085901,31.5664,30.5869,450,36665,0.891084,0.61,2,834165,833715,450
68088821,29.5133,28.5174,451,36723,0.906217,0.63,2,834194,833743,451
68091741,45.9027,43.3035,454,36781,0.877243,0.67,2,834244,833790,454
68094661,40.3805,39.0607,455,36838,0.871449,0.69,2,834283,833828,455
68097581,76.0761,75.0121,456,36895,0.85429,0.69,2,834368,833912,456
68100501,16.8152,16.6024,456,36952,0.850858,0.71,2,834370,833914,456
68103421,34.563,32.9205,458,37009,0.834172,0.77,2,834409,833951,458
68106341,57.3126,56.9841,458,37066,0.862834,0.77,2,834472,834014,458
68109261,13.0625,12.9968,458,37123,0.900567,0.79,2,834474,834016,458
68112181,61.0125,57.7994,462,37180,0.908113,0.79,2,834547,834085,462
68115101,30.6025,11.5599,485,37237,0.941623,0.85,2,834570,834085,485
68252341,49,59,499,39815,0.57,1,1,836384,835885,499
68255261,33.8,33.4,502,39868,0.506,1,1,836414,835912,502
68258181,32.36,49.08,481,39921,0.3972,1,1,836446,835965,481
68261101,37.672,35.416,488,39974,0.34344,1,1,836485,835997,488
68264021,37.9344,27.0832,501,40027,0.188688,1,1,836523,836022,501
68266941,30.7869,25.4166,505,40080,0.109738,1,1,836552,836047,505
68269861,25.3574,5.08333,529,40133,0.141948,1,1,836576,836047,529
68272781,21.8715,25.8167,519,40186,0.10039,1,1,836597,836078,519
68275701,21.1743,29.9633,509,40239,0.108078,1,1,836618,836109,509
68278621,37.8349,35.5927,514,40291,0.0456156,1,1,836660,836146,514
68281541,67.567,41.5185,546,40343,0.0651231,0.98,1,836735,836189,546
68284461,35.9134,72.3037,494,40395,0.101025,0.93,1,836763,836269,494
68287381,29.5827,41.6607,488,40447,0.108205,0.87,1,836791,836303,488
68290301,39.5165,33.9321,498,40499,0.141641,0.57,1,836833,836335,498
68293221,28.7033,45.9864,475,40551,0.132328,0.49,1,836859,836384,475
68296141,26.5407,33.1973,471,40603,0.178466,0.37,1,836885,836414,471
68299061,32.5081,32.2395,473,40655,0.171693,0.33,1,836919,836446,473
68301981,32.1016,37.6479,466,40707,0.186339,0.15,1,836951,836485,466
68304901,29.6203,37.9296,457,40759,0.173268,0.09,1,836980,836523,457
68307821,21.9241,30.7859,448,40811,0.170654,0.15,1,837000,836552,448
68310741,21.9848,25.3572,446,40863,0.218131,0.09,1,837022,836576,446
68313661,18.797,21.8714,443,40915,0.243626,0.11,1,837040,836597,443
68316581,39.7594,21.1743,467,40967,0.232725,0.03,1,837085,836618,467
68319501,66.3519,37.8349,498,41019,0.198545,0.07,1,837158,836660,498
68322421,38.0704,67.567,454,41070,0.207709,0.11,1,837189,836735,454
68325341,30.0141,35.9134,454,41121,0.177542,0.11,1,837217,836763,454
68328261,40.4028,29.5827,469,41172,0.187508,0.15,1,837260,836791,469
68331181,28.8806,39.5165,453,41223,0.221502,0.13,1,837286,836833,453
68334101,28.1761,28.7033,455,41274,0.2763,0.19,1,837314,836859,455
68337021,35.2352,26.5407,466,41325,0.23926,0.17,1,837351,836885,466
68339941,31.047,32.5081,462,41376,0.199852,0.19,1,837381,836919,462
68342861,30.2094,32.1016,460,41427,0.19197,0.17,1,837411,836951,460
68345781,22.0419,29.6203,451,41478,0.190394,0.17,1,837431,836980,451
68348701,22.8084,21.9241,454,41529,0.174079,0.23,1,837454,837000,454
68351621,6.16167,21.9848,434,41580,0.170816,0.25,1,837456,837022,434
68354541,14.0323,18.797,432,41631,0.186163,0.23,1,837472,837040,432
68357461,39.6065,39.7594,433,41682,0.269233,0.19,1,837518,837085,433
68360381,63.1213,66.3519,429,41733,0.301847,0.21,1,837587,837158,429
68363301,38.2243,38.0704,430,41784,0.324369,0.17,1,837619,837189,430
68366221,30.0449,30.0141,430,41835,0.360874,0.19,1,837647,837217,430
68369141,42.809,40.4028,433,41885,0.416175,0.23,1,837693,837260,433
68372061,29.3618,28.8806,433,41935,0.443235,0.29,1,837719,837286,433
68374981,29.0724,28.1761,434,41985,0.496647,0.23,1,837748,837314,434
68377901,33.0145,35.2352,431,42035,0.507329,0.19,1,837782,837351,431
68380821,30.6029,31.047,431,42085,0.509466,0.19,1,837812,837381,431
68383741,30.1206,30.2094,431,42135,0.541893,0.19,1,837842,837411,431
68386661,22.0241,22.0419,431,42185,0.516379,0.17,1,837862,837431,431
68389581,22.8048,22.8084,431,42235,0.527276,0.17,1,837885,837454,431
68392501,6.16096,6.16167,431,42285,0.529455,0.19,1,837887,837456,431
68395421,14.0322,14.0323,431,42335,0.497891,0.29,1,837903,837472,431
68398341,42.0064,39.6065,434,42385,0.571578,0.31,1,837952,837518,434
68401261,66.0013,63.1213,437,42435,0.586316,0.33,1,838024,837587,437
68404181,39.6003,38.2243,438,42485,0.637263,0.37,1,838057,837619,438
68407101,32.7201,30.0449,441,42535,0.599453,0.43,1,838088,837647,441
68410021,45.744,42.809,444,42585,0.575891,0.45,1,838137,837693,444
68412941,29.9488,29.3618,444,42635,0.571178,0.51,1,838163,837719,444
68415861,29.9898,29.0724,445,42684,0.538236,0.51,1,838193,837748,445
68418781,33.198,33.0145,445,42733,0.563647,0.51,1,838227,837782,445
68421701,30.6396,30.6029,445,42782,0.568729,0.55,1,838257,837812,445
68424621,31.7279,30.1206,447,42831,0.569746,0.51,1,838289,837842,447
68427541,22.3456,22.0241,447,42880,0.601949,0.53,1,838309,837862,447
68430461,22.0691,22.8048,446,42929,0.60839,0.53,1,838331,837885,446
68433381,6.01382,6.16096,446,42978,0.609678,0.49,1,838333,837887,446
68436301,14.0028,14.0322,446,43027,0.609936,0.49,1,838349,837903,446
68439221,43.6006,2.80644,497,43076,0.625987,0.59,1,838400,837903,497
68442141,67.9201,39.7613,522,43125,0.661197,0.59,1,838474,837952,522
68445061,40.784,65.5523,484,43174,0.700239,0.65,1,838508,838024,484
68447981,32.1568,39.5105,481,43223,0.708048,0.59,1,838538,838057,481
68450901,43.2314,32.7021,496,43272,0.77361,0.57,2,838584,838088,496
68453821,29.4463,45.7404,473,43321,0.786722,0.57,2,838610,838137,473
68456741,29.8893,29.9481,477,43370,0.805344,0.53,2,838640,838163,477
68459661,33.1779,29.9896,481,43419,0.825069,0.57,2,838674,838193,481
68462581,30.6356,33.1979,477,43468,0.845014,0.57,2,838704,838227,477
68465501,33.3271,30.6396,481,43517,0.865003,0.57,2,838738,838257,481
68468421,22.6654,31.7279,469,43565,0.869001,0.61,2,838758,838289,469
68471341,22.1331,22.3456,471,43613,0.8858,0.61,2,838780,838309,471
68474261,6.02662,22.0691,451,43661,0.88916,0.61,2,838782,838331,451
68477181,14.0053,6.01382,465,43709,0.889832,0.61,2,838798,838333,465
68480101,46.0011,14.0028,503,43757,0.905966,0.63,2,838852,838349,503
68483021,71.6002,43.6006,530,43805,0.909193,0.67,2,838930,838400,530
68485941,41.52,67.9201,490,43853,0.925839,0.71,2,838964,838474,490
68488861,32.304,40.784,486,43901,0.945168,0.71,2,838994,838508,486
68491781,46.4608,32.1568,506,43949,0.949033,0.79,2,839044,838538,506
68659681,84,92,498,21370,0.07,0.91,1,840979,840481,498
68662601,66.4,68.8,497,21469,0.054,0.79,1,841041,840544,497
68665521,76.48,87.36,484,21568,0.0828,0.71,1,841120,840636,484
68668441,65.696,66.272,486,21666,0.07256,0.45,1,841183,840697,486
68671361,29.1392,55.6544,453,21764,0.070512,0.41,1,841203,840750,453
68674281,16.2278,28.7309,444,21861,0.0541024,0.15,1,841216,840772,444
68677201,90.4456,104.146,430,21958,0.0988205,0.07,1,841325,840895,430
68680121,82.0891,88.0292,426,22055,0.107764,0.05,1,841405,840979,426
68683041,64.4178,67.2058,424,22151,0.141553,0.09,1,841465,841041,424
68685961,77.6836,76.6412,426,22247,0.212311,0.07,1,841546,841120,426
68688881,65.1367,65.7282,425,22342,0.306462,0.07,1,841608,841183,425
68691801,29.0273,29.1456,425,22437,0.309292,0.05,1,841628,841203,425
68694721,15.4055,16.2291,424,22532,0.341858,0.05,1,841640,841216,424
68697641,91.8811,3.24583,535,22626,0.316372,0.11,1,841751,841216,535
68700561,83.1762,87.8492,507,22720,0.375274,0.11,1,841832,841325,507
68703481,66.2352,81.5698,489,22813,0.387055,0.15,1,841894,841405,489
68706401,81.247,64.314,514,22906,0.405411,0.23,1,841979,841465,514
68709321,68.2494,77.6628,498,22999,0.409082,0.33,1,842044,841546,498
68712241,29.6499,65.1326,456,23091,0.409816,0.31,1,842064,841608,456
68715161,15.53,29.0265,448,23183,0.409963,0.35,1,842076,841628,448
68718081,91.906,15.4053,547,23274,0.425993,0.31,1,842187,841640,547
68721001,84.7812,91.8811,519,23365,0.461199,0.39,1,842270,841751,519
68723921,69.7562,83.1762,504,23456,0.48424,0.39,1,842336,841832,504
68726841,81.1513,66.2352,526,23546,0.536848,0.41,1,842420,841894,526
68729761,68.2302,81.247,506,23636,0.57937,0.41,1,842485,841979,506
68732681,29.646,68.2494,461,23726,0.587874,0.41,1,842505,842044,461
68735601,15.5292,29.6499,453,23815,0.589575,0.41,1,842517,842064,453
68738521,92.7058,15.53,553,23904,0.637915,0.43,1,842629,842076,553
68741441,20.1412,91.906,444,23993,0.647583,0.47,1,842631,842187,444
68744361,71.2282,84.7812,445,24081,0.665517,0.49,1,842715,842270,445
68747281,67.8456,69.7562,446,24169,0.701103,0.55,1,842782,842336,446
68750201,83.1691,81.1513,449,24257,0.772221,0.59,2,842869,842420,449
68753121,70.2338,68.2302,451,24344,0.802444,0.59,2,842936,842485,451
68756041,30.0468,29.646,451,24431,0.840489,0.59,2,842956,842505,451
68758961,15.6094,15.5292,451,24518,0.816098,0.65,2,842968,842517,451
68761881,95.1219,92.7058,454,24604,0.82722,0.65,2,843083,842629,454
68764801,20.6244,20.1412,454,24690,0.861444,0.67,2,843085,842631,454
68767721,72.1249,71.2282,455,24776,0.868289,0.71,2,843170,842715,455
68770641,68.025,67.8456,455,24862,0.853658,0.79,2,843237,842782,455
68773561,86.405,83.1691,459,24947,0.882732,0.81,2,843328,842869,459
68878681,38,26,501,27840,0.81,1,2,845343,844842,501
68881601,32.4,32.4,498,27916,0.65,1,1,845374,844876,498
68884521,65.68,85.68,473,27992,0.442,1,1,845448,844975,473
68887441,57.936,45.136,494,28068,0.2724,1,1,845504,845010,494
68890361,49.1872,54.6272,484,28143,0.19048,1,1,845551,845067,484
68893281,48.2374,54.1254,478,28218,0.038096,0.96,1,845599,845121,478
68896201,90.4475,94.8251,474,28293,0.0316192,0.79,1,845700,845226,474
68899121,34.0895,39.765,468,28368,0.0463238,0.79,1,845720,845252,468
68902041,41.2179,7.953,511,28443,0.0492648,0.85,1,845763,845252,511
68904961,35.4436,43.9906,492,28517,0.017853,0.81,1,845797,845305,492
68907881,27.8887,39.1981,480,28591,0.0435706,0.61,1,845823,845343,480
68910801,57.5777,32.6396,514,28665,0.0647141,0.39,1,845888,845374,514
68913721,47.5155,65.7279,485,28739,0.0369428,0.23,1,845933,845448,485
68916641,47.1031,57.9456,476,28813,0.0793886,0.17,1,845980,845504,476
68919561,41.4206,49.1891,469,28886,0.0558777,0,1,846020,845551,469
68922481,89.0841,48.2378,522,28959,0.0671755,0.03,1,846121,845599,522
68925401,33.8168,90.4476,441,29032,0.101435,0.05,1,846141,845700,441
68928321,41.9634,34.0895,465,29105,0.060287,0.05,1,846185,845720,465
68931241,36.3927,41.2179,457,29178,0.0520574,0.01,1,846220,845763,457
68934161,28.0785,35.4436,449,29251,0.0344115,0.05,1,846246,845797,449
68937081,57.6157,27.8887,488,29323,0.0308823,0.07,1,846311,845823,488
68940001,45.9231,57.5777,466,29395,0.0461765,0.03,1,846354,845888,466
68942921,49.9846,47.5155,472,29467,0.0492353,0.09,1,846405,845933,472
68945841,38.7969,47.1031,461,29539,0.0978471,0.05,1,846441,845980,461
68948761,90.9594,41.4206,525,29611,0.0275694,0.07,1,846545,846020,525
68951681,34.1919,89.0841,444,29682,0.0455139,0.11,1,846565,846121,444
68954601,41.2384,33.8168,467,29753,0.0491028,0.05,1,846608,846141,467
68957521,34.6477,41.9634,456,29824,0.0658206,0.05,1,846641,846185,456
68960441,8.52953,36.3927,423,29895,0.0691641,0.03,1,846643,846220,423
68963361,23.3059,28.0785,424,29966,0.0858328,0.03,1,846670,846246,424
68966281,59.0612,57.6157,427,30037,0.0571666,0.05,1,846738,846311,427
68969201,43.8122,45.9231,424,30107,0.0354333,0.05,1,846778,846354,424
68972121,50.3624,49.9846,425,30177,0.0630867,0.11,1,846830,846405,425
68975041,40.4725,38.7969,427,30247,0.100617,0.01,1,846868,846441,427
68977961,88.0945,90.9594,423,30317,0.0441235,0.05,1,846968,846545,423
68980881,34.4189,34.1919,424,30387,0.0168247,0.05,1,846989,846565,424
68983801,41.2838,41.2384,424,30457,0.0433649,0.07,1,847032,846608,424
68986721,35.4568,34.6477,425,30526,0.048673,0.07,1,847066,846641,425
68989641,8.69135,8.52953,425,30595,0.0497346,0.09,1,847068,846643,425
68992561,22.5383,23.3059,424,30664,0.0819469,0.05,1,847094,846670,424
68995481,57.3077,59.0612,422,30733,0.104389,0.03,1,847160,846738,422
68998401,44.2615,43.8122,423,30802,0.172878,0.07,1,847201,846778,423
69001321,50.4523,50.3624,423,30871,0.202576,0.11,1,847253,846830,423
69004241,43.6905,40.4725,427,30940,0.240515,0.03,1,847295,846868,427
69007161,84.7381,88.0945,422,31008,0.280103,0.01,1,847390,846968,422
69010081,33.7476,34.4189,422,31076,0.240021,0.05,1,847411,846989,422
69013001,41.1495,41.2838,422,31144,0.280004,0.05,1,847454,847032,422
69015921,35.4299,35.4568,422,31212,0.256001,0.05,1,847488,847066,422
69018841,8.68598,8.69135,422,31280,0.2512,0.05,1,847490,847068,422
69021761,24.1372,1.73827,450,31348,0.25024,0.09,1,847518,847068,450
69024681,59.2274,21.1477,492,31415,0.314048,0.11,1,847586,847094,492
69027601,46.2455,57.0295,469,31482,0.35881,0.19,1,847629,847160,469
69030521,52.4491,44.2059,482,31549,0.351762,0.21,1,847683,847201,482
69033441,47.2898,50.4412,476,31616,0.350352,0.25,1,847729,847253,476
69036361,84.658,43.6882,528,31683,0.38207,0.29,1,847823,847295,528
69039281,33.7316,84.7376,454,31750,0.404414,0.23,1,847844,847390,454
69042201,41.1463,33.7475,476,31817,0.392883,0.29,1,847887,847411,476
69045121,35.4293,41.1495,467,31883,0.390577,0.25,1,847921,847454,467
69048041,8.68585,35.4299,435,31949,0.390115,0.25,1,847923,847488,435
69050961,25.7372,8.68598,463,32015,0.390023,0.25,1,847953,847490,463
69053881,61.1474,24.1372,505,32081,0.438005,0.33,1,848023,847518,505
69056801,48.2295,59.2274,482,32147,0.479601,0.37,1,848068,847586,482
69059721,52.0459,46.2455,492,32213,0.50392,0.35,1,848121,847629,492
69062641,48.0092,52.4491,485,32279,0.540784,0.35,1,848168,847683,485
69065561,85.6018,47.2898,534,32345,0.580157,0.39,1,848263,847729,534
69068481,33.1204,84.658,460,32410,0.588031,0.41,1,848283,847823,460
69071401,41.8241,33.7316,483,32475,0.589606,0.39,1,848327,847844,483
69074321,35.5648,41.1463,474,32540,0.605921,0.39,1,848361,847887,474
69077241,8.71296,35.4293,442,32605,0.609184,0.39,1,848363,847921,442
69080161,25.7426,8.68585,470,32670,0.625837,0.39,1,848393,847923,470
69083081,64.3485,25.7372,514,32735,0.661167,0.45,1,848467,847953,514
69086001,14.4697,61.1474,446,32800,0.636234,0.49,1,848469,848023,446
69088921,38.8939,48.2295,446,32864,0.615247,0.51,1,848514,848068,446
69091841,50.9788,52.0459,447,32928,0.659049,0.55,1,848568,848121,447
69094761,47.7958,48.0092,447,32992,0.69981,0.59,1,848615,848168,447
69097681,88.7592,85.6018,451,33056,0.707962,0.59,1,848714,848263,451
69100601,33.7518,33.1204,451,33120,0.709592,0.59,1,848734,848283,451
69103521,41.9504,41.8241,451,33184,0.725919,0.61,1,848778,848327,451
69106441,37.1901,35.5648,453,33248,0.729184,0.61,1,848814,848361,453
69109361,9.03801,8.71296,453,33312,0.729837,0.63,1,848816,848363,453
69112281,25.8076,25.7426,453,33375,0.761967,0.67,2,848846,848393,453
69115201,64.3615,64.3485,453,33438,0.704393,0.63,1,848920,848467,453
69118121,14.4723,14.4697,453,33501,0.724879,0.61,1,848922,848469,453
69121041,38.8945,38.8939,453,33564,0.728976,0.67,1,848967,848514,453
69123961,50.9789,50.9788,453,33627,0.793795,0.71,2,849021,848568,453
69126881,49.3958,47.7958,455,33690,0.790759,0.71,2,849070,848615,455
69299161,88,0,591,37212,0.57,1,1,851569,850978,591
69302081,43.2,80.8,522,37269,0.522,1,1,851601,851079,522
69305001,38.24,48.96,518,37326,0.4644,1,1,851638,851120,518
69307921,40.448,39.392,522,37383,0.32488,1,1,851679,851157,522
69310841,29.6896,35.8784,514,37440,0.184976,1,1,851706,851192,514
69313761,35.5379,30.3757,522,37496,0.124995,1,1,851743,851221,522
69316681,39.9076,35.6751,526,37552,0.176999,1,1,851784,851258,526
69319601,28.7815,39.135,512,37608,0.2034,0.95,1,851810,851298,512
69322521,24.9563,34.227,503,37664,0.20868,1,1,851834,851331,503
69325441,35.3913,34.8454,506,37720,0.193736,1,1,851872,851366,506
69328361,29.4783,36.5691,497,37776,0.190747,0.81,1,851900,851403,497
69331281,38.6956,33.7138,505,37832,0.206149,0.75,1,851941,851436,505
69334201,67.7391,42.7428,535,37888,0.22523,0.57,1,852016,851481,535
69337121,34.3478,78.9486,473,37944,0.229046,0.51,1,852042,851569,473
69340041,36.4696,41.3897,478,38000,0.293809,0.45,1,852079,851601,478
69342961,33.6939,37.8779,474,38056,0.242762,0.29,1,852112,851638,474
69345881,24.3388,40.3756,455,38112,0.280552,0.15,1,852134,851679,455
69348801,34.4678,29.6751,465,38167,0.30411,0.11,1,852171,851706,465
69351721,42.0936,35.535,472,38222,0.324822,0.19,1,852215,851743,472
69354641,27.6187,39.907,455,38277,0.344964,0.21,1,852239,851784,455
69357561,23.1237,28.7814,451,38332,0.348993,0.21,1,852261,851810,451
69360481,37.4247,24.9563,468,38387,0.333799,0.19,1,852302,851834,468
69363401,30.6849,35.3913,459,38442,0.36276,0.19,1,852331,851872,459
69366321,38.937,29.4783,472,38497,0.352552,0.21,1,852372,851900,472
69369241,67.7874,38.6956,506,38552,0.38251,0.23,1,852447,851941,506
69372161,36.7575,67.7391,460,38607,0.404502,0.23,1,852476,852016,460
69375081,8.9515,34.3478,436,38662,0.4089,0.31,1,852478,852042,436
69378001,28.9903,36.4696,433,38717,0.42578,0.23,1,852512,852079,433
69380921,36.1981,33.6939,438,38772,0.429156,0.29,1,852550,852112,438
69383841,24.0396,24.3388,437,38826,0.461831,0.31,1,852571,852134,437
69386761,34.4079,34.4678,437,38880,0.516366,0.33,1,852608,852171,437
69389681,43.6816,42.0936,439,38934,0.543273,0.35,1,852654,852215,439
69392601,27.9363,27.6187,439,38988,0.532655,0.35,1,852678,852239,439
69395521,23.1873,23.1237,439,39042,0.562531,0.33,1,852700,852261,439
69398441,37.4375,37.4247,439,39096,0.552506,0.37,1,852741,852302,439
69401361,31.4875,30.6849,440,39150,0.518501,0.35,1,852771,852331,440
69404281,38.2975,38.937,439,39204,0.5597,0.39,1,852811,852372,439
69407201,69.2595,67.7874,441,39258,0.58394,0.41,1,852888,852447,441
69410121,37.8519,36.7575,442,39312,0.556788,0.41,1,852918,852476,442
69413041,9.17038,8.9515,442,39366,0.551358,0.43,1,852920,852478,442
69415961,29.8341,28.9903,443,39420,0.582272,0.43,1,852955,852512,443
69418881,36.3668,36.1981,443,39474,0.588454,0.47,1,852993,852550,443
69421801,24.0734,24.0396,443,39528,0.637691,0.53,1,853014,852571,443
69424721,37.6147,34.4079,447,39581,0.695538,0.55,1,853055,852608,447
69427641,44.3229,43.6816,447,39634,0.723108,0.53,1,853101,852654,447
69430561,28.8646,27.9363,448,39687,0.760622,0.57,2,853126,852678,448
69433481,23.3729,23.1873,448,39740,0.736124,0.55,1,853148,852700,448
69436401,36.6746,37.4375,447,39793,0.795225,0.51,2,853188,852741,447
69439321,32.1349,31.4875,448,39846,0.791045,0.57,2,853219,852771,448
69442241,38.427,38.2975,448,39899,0.838209,0.59,2,853259,852811,448
69445161,70.0854,69.2595,449,39952,0.831642,0.55,2,853337,852888,449
69448081,36.4171,37.8519,447,40005,0.830328,0.55,2,853365,852918,447
69451001,8.88342,9.17038,447,40058,0.830066,0.55,2,853367,852920,447
69453921,32.1767,1.83408,485,40111,0.862013,0.59,2,853405,852920,485
69456841,36.8353,28.3668,488,40164,0.868403,0.59,2,853443,852955,488
69459761,25.7671,36.0734,473,40217,0.85368,0.65,2,853466,852993,473
69462681,39.5534,24.0147,495,40270,0.850736,0.71,2,853509,853014,495
69465601,45.5107,37.6029,501,40322,0.882147,0.73,2,853556,853055,501
69468521,30.7021,44.3206,482,40374,0.872429,0.77,2,853583,853101,482
69471441,23.7404,28.8641,479,40426,0.870486,0.73,2,853605,853126,479
69474361,38.3481,23.3728,499,40478,0.886097,0.81,2,853647,853148,499
69477281,33.2696,36.6746,491,40530,0.905219,0.79,2,853679,853188,491
69480201,39.4539,32.1349,501,40582,0.925044,0.85,2,853720,853219,501
69483121,71.0908,38.427,540,40634,0.913009,0.83,2,853799,853259,540
69486041,36.6182,70.0854,490,40686,0.910602,0.83,2,853827,853337,490
69488961,8.92363,36.4171,464,40738,0.92612,0.83,2,853829,853365,464
69833521,39,22,529,46453,0.85,1,2,857833,857304,529
69836441,34.2,34,525,46498,0.802,1,2,857866,857341,525
69839361,28.44,30,523,46543,0.7284,1,1,857893,857370,523
69842281,29.688,26.8,527,46588,0.77768,1,2,857923,857396,527
69890461,409.138,465.36,456,20440,0.195536,0.61,1,858427,857971,456
69893381,129.828,140.272,457,21270,0.0791072,0.31,1,858487,858030,457
69896301,97.9655,65.6544,500,21370,0.0398214,0.09,1,858577,858077,500
69899221,62.7931,90.7309,457,21469,0.127964,0.01,1,858631,858174,457
69902141,79.7586,86.1462,456,21568,0.0495929,0.07,1,858715,858259,456
69905061,84.7517,69.2292,477,21666,0.0179186,0.01,1,858801,858324,477
69907981,37.7503,58.6458,447,21764,0.0435837,0.03,1,858827,858380,447
69910901,25.9501,41.3292,433,21861,0.128717,0.05,1,858850,858417,433
69913821,52.39,64.2658,422,21958,0.0977433,0.03,1,858909,858487,422
69916741,84.878,84.8532,425,22055,0.0915487,0.15,1,859002,858577,425
69919661,63.3756,60.1706,429,22151,0.17031,0.03,1,859060,858631,429
69922581,74.2751,79.2341,422,22247,0.170062,0.01,1,859137,858715,422
69925501,84.455,84.6468,423,22342,0.0340124,0.05,1,859224,858801,423
69928421,38.491,37.7294,424,22437,0.0468025,0.15,1,859251,858827,424
69931341,29.2982,25.9459,428,22532,0.0653605,0.15,1,859278,858850,428
69934261,49.8596,5.18917,483,22626,0.0690721,0.09,1,859333,858850,483
69937181,85.9719,48.2378,519,22720,0.101814,0.09,1,859428,858909,519
69940101,65.1944,84.0476,486,22813,0.108363,0.19,1,859488,859002,486
69943021,72.2389,63.2095,502,22906,0.125673,0.17,1,859562,859060,502
69945941,80.8478,74.2419,508,22999,0.0651345,0,1,859645,859137,508
69948861,37.7696,84.4484,448,23091,0.0210269,0.05,1,859672,859224,448
69951781,31.5539,38.4897,451,23183,0.0282054,0.07,1,859702,859251,451
69954701,51.9108,29.2979,481,23274,0.0936411,0.07,1,859759,859278,481
69957621,86.3822,49.8596,521,23365,0.154728,0.11,1,859854,859333,521
69960541,65.2764,85.9719,486,23456,0.182946,0.11,1,859914,859428,486
69963461,73.0553,65.1944,501,23546,0.300589,0.13,1,859989,859488,501
69966381,76.2111,72.2389,504,23636,0.356118,0.05,1,860066,859562,504
69969301,37.6422,80.8478,449,23726,0.351224,0.01,1,860094,859645,449
69972221,31.5284,37.7696,452,23815,0.350245,0.03,1,860124,859672,452
69975141,55.1057,31.5539,483,23904,0.350049,0.11,1,860185,859702,483
69978061,12.6211,51.9108,428,23993,0.35001,0.17,1,860187,859759,428
69980981,80.1242,86.3822,430,24081,0.382002,0.19,1,860284,859854,430
69983901,64.8248,65.2764,431,24169,0.3884,0.33,1,860345,859914,431
69986821,79.365,73.0553,439,24257,0.45368,0.37,1,860428,859989,439
69989741,78.273,76.2111,440,24344,0.482736,0.35,1,860506,860066,440
69992661,37.2546,37.6422,439,24431,0.472547,0.35,1,860533,860094,439
69995581,31.4509,31.5284,439,24518,0.518509,0.35,1,860563,860124,439
69998501,55.0902,55.1057,439,24604,0.527702,0.35,1,860624,860185,439
70001421,12.618,12.6211,439,24690,0.52954,0.39,1,860626,860187,439
70004341,80.1236,80.1242,439,24776,0.481908,0.39,1,860723,860284,439
70007261,65.6247,64.8248,440,24862,0.552382,0.47,1,860785,860345,440
70010181,81.9249,79.365,443,24947,0.662476,0.49,1,860871,860428,443
70013101,79.585,78.273,444,25032,0.684495,0.47,1,860950,860506,444
70016021,39.117,37.2546,446,25117,0.720899,0.53,1,860979,860533,446
70018941,31.8234,31.4509,446,25201,0.72818,0.53,1,861009,860563,446
70021861,55.1647,55.0902,446,25285,0.729636,0.53,1,861070,860624,446
70024781,12.6329,12.618,446,25369,0.729927,0.47,1,861072,860626,446
70027701,79.3266,80.1236,445,25453,0.713985,0.47,1,861168,860723,445
70030621,69.4653,16.0247,512,25536,0.726797,0.57,1,861235,860723,512
70033541,87.4931,52.8049,542,25619,0.713359,0.69,1,861327,860785,542
70036461,80.6986,79.361,535,25702,0.726672,0.69,1,861406,860871,535
70039381,38.5397,79.0722,484,25784,0.761334,0.73,2,861434,860950,484
70042301,31.7079,39.0144,485,25866,0.768267,0.73,2,861464,860979,485
70045221,55.1416,31.8029,516,25948,0.769653,0.73,2,861525,861009,516
70048141,12.6283,55.1606,457,26030,0.769931,0.73,2,861527,861070,457
70051061,80.1257,12.6321,552,26111,0.801986,0.71,2,861624,861072,552
70053981,72.8251,79.3264,527,26192,0.840397,0.73,2,861695,861168,527
70056901,86.565,69.4653,550,26273,0.896079,0.71,2,861785,861235,550
70281741,49,48,515,31883,0.53,1,1,865745,865230,515
70284661,33,36,511,31949,0.434,1,1,865774,865263,511
70287581,36.2,32,517,32015,0.4148,1,1,865811,865294,517
70290501,34.44,28,524,32081,0.33096,1,1,865845,865321,524
70293421,32.488,34.4,520,32147,0.250192,1,1,865877,865357,520
70296341,33.6976,34.88,519,32213,0.234038,1,1,865911,865392,519
70299261,87.5395,42.176,576,32279,0.0868077,0.93,1,866012,865436,576
70302181,51.9079,88.4352,519,32345,0.0253615,1,1,866055,865536,519
70305101,63.1816,56.887,536,32410,0.0130723,0.83,1,866121,865585,536
70308021,37.4363,69.7774,494,32475,0.0426145,0.67,1,866152,865658,494
70310941,41.0873,44.3555,498,32540,0.0325229,0.53,1,866194,865696,498
70313861,25.0175,48.0711,470,32605,0.0305046,0.41,1,866215,865745,470
70316781,33.0035,32.8142,476,32670,0.0141009,0.41,1,866250,865774,476
70319701,30.6007,36.1628,469,32735,0.0428202,0.31,1,866280,865811,469
70322621,7.72014,34.4326,437,32800,0.080564,0.23,1,866282,865845,437
70325541,26.344,32.4865,436,32864,0.0561128,0.23,1,866313,865877,436
70328461,30.0688,33.6973,433,32928,0.0672226,0.05,1,866344,865911,433
70331381,78.0138,87.5395,422,32992,0.101445,0.01,1,866434,866012,422
70334301,50.8028,51.9079,423,33056,0.0762889,0.01,1,866478,866055,423
70337221,62.1605,63.1816,422,33120,0.0152578,0.05,1,866543,866121,422
70340141,38.8321,37.4363,424,33184,0.0590516,0.03,1,866576,866152,424
70343061,40.5664,41.0873,423,33248,0.0358103,0.03,1,866617,866194,423
70345981,25.7133,25.0175,424,33312,0.0471621,0.01,1,866639,866215,424
70348901,32.3427,33.0035,423,33375,0.0654324,0.05,1,866673,866250,423
70351821,31.2685,30.6007,424,33438,0.0690865,0.09,1,866704,866280,424
70354741,7.85371,7.72014,424,33501,0.101817,0.05,1,866706,866282,424
70357661,24.7707,26.344,422,33564,0.0603635,0.07,1,866735,866313,422
70360581,30.5541,30.0688,423,33627,0.0680727,0.11,1,866767,866344,423
70363501,78.1108,78.0138,423,33690,0.181615,0.07,1,866857,866434,423
70366421,50.8222,50.8028,423,33753,0.156323,0,1,866901,866478,423
70369341,61.3644,62.1605,422,33816,0.0712646,0.07,1,866965,866543,422
70372261,42.6729,38.8321,427,33879,0.0702529,0.03,1,867003,866576,427
70375181,37.3346,40.5664,422,33941,0.102051,0.05,1,867039,866617,422
70378101,25.0669,25.7133,422,34003,0.0764101,0.07,1,867061,866639,422
70381021,33.0134,32.3427,423,34065,0.087282,0.07,1,867096,866673,423
70383941,33.0027,31.2685,425,34127,0.0574564,0.11,1,867129,866704,425
70386861,8.20053,7.85371,425,34189,0.0514913,0.05,1,867131,866706,425
70389781,24.0401,24.7707,424,34251,0.0182983,0.05,1,867159,866735,424
70392701,30.408,4.95415,456,34313,0.0276597,0.07,1,867191,866735,456
70395621,82.8816,26.5908,520,34375,0.0455319,0.21,1,867287,866767,520
70398541,50.1763,77.3182,472,34437,0.0651064,0.15,1,867329,866857,472
70401461,57.2353,50.6636,487,34498,0.101021,0.05,1,867388,866901,487
70404381,41.8471,61.3327,461,34559,0.0762043,0.07,1,867426,866965,461
70407301,36.3694,42.6665,458,34620,0.0872408,0.11,1,867461,867003,458
70410221,24.8739,37.3333,444,34681,0.0894482,0.07,1,867483,867039,444
70413141,32.1748,25.0667,456,34742,0.10589,0.09,1,867517,867061,456
70416061,32.835,33.0133,454,34803,0.109178,0.05,1,867550,867096,454
70418981,8.16699,33.0027,423,34864,0.109836,0.05,1,867552,867129,423
70421901,24.0334,8.20053,449,34925,0.109967,0.01,1,867580,867131,449
70424821,31.2067,24.0401,454,34986,0.109993,0.03,1,867613,867159,454
70427741,83.8413,30.408,519,35046,0.189999,0.05,1,867710,867191,519
70430661,51.9683,82.8816,467,35106,0.27,0.07,1,867754,867287,467
70433581,58.3937,50.1763,485,35166,0.302,0.11,1,867814,867329,485
70436501,40.4787,57.2353,462,35226,0.3244,0.07,1,867850,867388,462
70439421,36.8957,41.8471,460,35286,0.32888,0.09,1,867886,867426,460
70442341,24.9791,36.3694,447,35346,0.329776,0.09,1,867908,867461,447
70445261,32.9958,24.8739,460,35406,0.313955,0.11,1,867943,867483,460
70448181,32.9992,32.1748,459,35466,0.294791,0.11,1,867976,867517,459
70451101,8.19983,32.835,428,35526,0.290958,0.11,1,867978,867550,428
70454021,24.84,8.16699,455,35586,0.322192,0.11,1,868007,867552,455
70456941,30.568,24.0334,459,35645,0.344438,0.11,1,868039,867580,459
70459861,7.7136,31.2067,428,35704,0.348888,0.21,1,868041,867613,428
70462781,82.3427,83.8413,432,35763,0.381778,0.29,1,868142,867710,432
70465701,54.8685,51.9683,436,35822,0.372355,0.31,1,868190,867754,436
70468621,59.7737,58.3937,437,35881,0.402471,0.33,1,868251,867814,437
70471541,41.5547,40.4787,438,35940,0.424494,0.33,1,868288,867850,438
70474461,37.1109,36.8957,438,35999,0.428899,0.33,1,868324,867886,438
70477381,25.0222,24.9791,438,36058,0.42978,0.31,1,868346,867908,438
70480301,32.2044,32.9958,437,36117,0.461956,0.29,1,868380,867943,437
70483221,32.0409,32.9992,436,36176,0.436391,0.29,1,868412,867976,436
70486141,8.00818,8.19983,436,36234,0.463278,0.33,1,868414,867978,436
70489061,26.4016,24.84,438,36292,0.468656,0.35,1,868445,868007,438
70491981,32.4803,30.568,440,36350,0.517731,0.35,1,868479,868039,440
70494901,8.09607,7.7136,440,36408,0.527546,0.39,1,868481,868041,440
70497821,81.6192,82.3427,439,36466,0.593509,0.37,1,868581,868142,439
70500741,55.5238,54.8685,440,36524,0.606702,0.41,1,868630,868190,440
70503661,61.5048,59.7737,442,36582,0.68934,0.43,1,868693,868251,442
70506581,41.101,41.5547,441,36640,0.753868,0.43,2,868729,868288,441
70509501,37.0202,37.1109,441,36698,0.766774,0.43,2,868765,868324,441
70512421,25.004,25.0222,441,36756,0.737355,0.47,1,868787,868346,441
70515341,33.8008,32.2044,443,36813,0.763471,0.43,2,868823,868380,443
70518261,32.3602,32.0409,443,36870,0.768694,0.47,2,868855,868412,443
70521181,8.07203,8.00818,443,36927,0.737739,0.47,1,868857,868414,443
70524101,28.0144,26.4016,445,36984,0.795548,0.53,2,868890,868445,445
70527021,35.2029,32.4803,448,37041,0.80711,0.53,2,868927,868479,448
70529941,8.64058,8.09607,448,37098,0.809422,0.61,2,868929,868481,448
70532861,83.3281,81.6192,450,37155,0.825884,0.61,2,869031,868581,450
70535781,58.2656,16.3238,502,37212,0.829177,0.61,2,869083,868581,502
70538701,64.4531,42.4648,519,37269,0.797835,0.71,2,869149,868630,519
70541621,42.4906,58.893,493,37326,0.839567,0.77,2,869186,868693,493
70544541,37.2981,40.5786,493,37383,0.847913,0.77,2,869222,868729,493
70547461,25.0596,36.9157,479,37440,0.849583,0.73,2,869244,868765,479
70550381,33.8119,24.9831,493,37496,0.849917,0.77,2,869280,868787,493
70553301,32.3624,33.7966,489,37552,0.849983,0.77,2,869312,868823,489
70556221,8.07248,32.3593,459,37608,0.849997,0.73,2,869314,868855,459
70559141,29.6145,8.07186,492,37664,0.849999,0.81,2,869349,868857,492
70562061,36.3229,28.0144,497,37720,0.866,0.81,2,869387,868890,497
70564981,8.86458,35.2029,462,37776,0.8852,0.81,2,869389,868927,462
70567901,84.9729,8.64057,564,37832,0.88904,0.83,2,869493,868929,564
70570821,58.5946,83.3281,514,37888,0.905808,0.83,2,869545,869031,514
70713901,20,32,520,40530,0.63,1,1,871328,870808,520
70716821,49.6,22.4,557,40582,0.438,1,1,871385,870828,557
70719741,55.52,78.08,522,40634,0.2876,1,1,871442,870920,522
70722661,72.704,52.416,553,40686,0.17752,1,1,871519,870966,553
70725581,35.3408,68.8832,506,40738,0.075504,1,1,871545,871039,506
70728501,30.2682,37.7766,505,40790,0.0391008,1,1,871574,871069,505
70731421,30.0536,33.1553,503,40842,0.00782016,1,1,871604,871101,503
70734341,29.2107,25.8311,508,40894,0.073564,1,1,871633,871125,508
70737261,33.0421,29.1662,512,40946,0.0707128,0.92,1,871667,871155,512
70740181,25.0084,35.4332,498,40998,0.0701426,1,1,871690,871192,498
70743101,20.2017,27.8866,491,41049,0.0860285,0.89,1,871709,871218,491
70746021,26.4403,25.5773,494,41100,0.0412057,0.78,1,871737,871243,494
70748941,25.2881,33.9155,483,41151,0.0322411,0.73,1,871762,871279,483
70751861,17.0576,29.9831,469,41202,0.0144482,0.63,1,871777,871308,469
70754781,42.6115,21.9966,498,41253,0.00288965,0.39,1,871826,871328,498
70757701,46.9223,49.9993,489,41304,0.000577929,0.25,1,871874,871385,489
70760621,62.9845,55.5999,499,41355,0.0561156,0.15,1,871941,871442,499
70763541,33.3969,72.72,448,41406,0.0512231,0.05,1,871967,871519,448
70766461,30.6794,35.344,452,41457,0.0342446,0.03,1,871997,871545,452
70769381,28.5359,30.2688,451,41508,0.0148489,0,1,872025,871574,451
70772301,7.30717,30.0538,423,41559,0.00296978,0.09,1,872027,871604,423
70775221,24.6614,29.2108,423,41610,0.024594,0.07,1,872056,871633,423
70778141,32.9323,33.0422,424,41661,0.0289188,0.07,1,872091,871667,424
70781061,26.5865,25.0084,426,41712,0.0297838,0.09,1,872116,871690,426
70783981,18.9173,20.2017,424,41763,0.0779568,0.03,1,872133,871709,424
70786901,25.3835,26.4403,423,41814,0.0155913,0.03,1,872160,871737,423
70789821,25.0767,25.2881,423,41864,0.0591183,0.01,1,872185,871762,423
70792741,17.8153,17.0576,424,41914,0.0198237,0,1,872201,871777,424
70795661,41.9631,42.6115,423,41964,0.0119647,0,1,872249,871826,423
70798581,47.5926,46.9223,424,42014,0.0583929,0.07,1,872298,871874,424
70801501,62.3185,62.9845,423,42064,0.0996786,0.05,1,872364,871941,423
70804421,34.0637,33.3969,424,42114,0.0919357,0.03,1,872391,871967,424
70807341,30.8127,30.6794,424,42164,0.0583871,0.01,1,872421,871997,424
70810261,26.9625,28.5359,422,42214,0.0676774,0,1,872447,872025,422
70813181,6.99251,7.30717,422,42264,0.0375355,0.03,1,872449,872027,422
70816101,26.1985,24.6614,424,42314,0.0315071,0.03,1,872480,872056,424
70819021,31.6397,32.9323,422,42364,0.0623014,0.03,1,872513,872091,422
70821941,28.7279,26.5865,425,42414,0.0524603,0.09,1,872541,872116,425
70824861,16.9456,18.9173,422,42464,0.114492,0,1,872555,872133,422
70827781,24.9891,25.3835,422,42514,0.126898,0.07,1,872582,872160,422
70830701,24.9978,25.0767,422,42564,0.12938,0.01,1,872607,872185,422
70833621,17.7996,17.8153,422,42614,0.0978759,0.01,1,872623,872201,422
70836541,41.9599,41.9631,422,42664,0.0595752,0.07,1,872671,872249,422
70839461,48.392,47.5926,423,42713,0.035915,0.11,1,872721,872298,423
70842381,64.0784,62.3185,425,42762,0.079183,0.09,1,872789,872364,425
70845301,32.0157,34.0637,422,42811,0.0878366,0.05,1,872813,872391,422
70848221,32.0031,30.8127,424,42860,0.0575673,0.07,1,872845,872421,424
70851141,25.6006,26.9625,422,42909,0.0995135,0.03,1,872869,872447,422
70854061,6.72013,6.99251,422,42958,0.107903,0.03,1,872871,872449,422
70856981,26.144,26.1985,422,43007,0.109581,0.03,1,872902,872480,422
70859901,31.6288,5.2397,455,43056,0.0939161,0.07,1,872935,872480,455
70862821,30.3258,27.4479,452,43105,0.0587832,0.05,1,872965,872513,452
70865741,18.8652,27.8896,440,43154,0.0677566,0.13,1,872981,872541,440
70868661,25.373,16.7779,453,43203,0.149551,0.13,1,873008,872555,453
70871581,24.2746,24.9556,450,43252,0.14991,0.13,1,873032,872582,450
70874501,16.0549,24.9911,439,43301,0.149982,0.09,1,873046,872607,439
70877421,40.011,17.7982,469,43350,0.149996,0.05,1,873092,872623,469
70880341,48.8022,41.9596,472,43399,0.0539993,0.03,1,873143,872671,472
70883261,66.5604,48.3919,493,43448,0.0507999,0.09,1,873214,872721,493
70886181,30.9121,64.0784,447,43497,0.05016,0.09,1,873236,872789,447
70889101,31.7824,32.0157,455,43546,0.082032,0.05,1,873268,872813,455
70892021,26.3565,32.0031,448,43594,0.0724064,0.11,1,873293,872845,448
70894941,6.8713,25.6006,426,43642,0.0704813,0.11,1,873295,872869,426
70897861,26.1743,6.72013,455,43690,0.0700963,0.11,1,873326,872871,455
70900781,32.4349,26.144,458,43738,0.0700193,0.09,1,873360,872902,458
70903701,29.687,31.6288,454,43786,0.102004,0.05,1,873389,872935,454
70906621,20.3374,30.3258,442,43834,0.140401,0.07,1,873407,872965,442
70909541,26.4675,18.8652,454,43882,0.18008,0.17,1,873435,872981,454
70912461,25.2935,25.373,452,43930,0.188016,0.15,1,873460,873008,452
70915381,16.2587,24.2746,442,43978,0.189603,0.15,1,873474,873032,442
70918301,40.0517,16.0549,474,44026,0.205921,0.15,1,873520,873046,474
70921221,44.0103,40.011,473,44074,0.177184,0.03,1,873565,873092,473
70924141,66.4021,48.8022,494,44122,0.187437,0.05,1,873637,873143,494
70927061,32.4804,66.5604,447,44170,0.189487,0.05,1,873661,873214,447
70929981,32.0961,30.9121,457,44218,0.157897,0.09,1,873693,873236,457
70932901,25.6192,31.7824,449,44266,0.151579,0.07,1,873717,873268,449
70935821,6.72384,26.3565,426,44314,0.150316,0.07,1,873719,873293,426
70938741,26.1448,6.8713,455,44362,0.150063,0.07,1,873750,873295,455
70941661,32.429,26.1743,458,44410,0.150013,0.07,1,873784,873326,458
70944581,31.2858,32.4349,455,44457,0.150003,0.11,1,873815,873360,455
70947501,7.85716,29.687,428,44504,0.150001,0.15,1,873817,873389,428
70950421,16.7714,20.3374,429,44551,0.166,0.19,1,873836,873407,429
70953341,28.1543,26.4675,432,44598,0.2012,0.19,1,873867,873435,432
70956261,24.8309,25.2935,431,44645,0.20824,0.19,1,873891,873460,431
70959181,16.9662,16.2587,432,44692,0.225648,0.21,1,873906,873474,432
70962101,40.9932,40.0517,433,44739,0.26113,0.17,1,873953,873520,433
70965021,41.7986,44.0103,430,44786,0.300226,0.19,1,873995,873565,430
70967941,66.7597,66.4021,431,44833,0.340045,0.19,1,874068,873637,431
70970861,30.9519,32.4804,429,44880,0.348009,0.15,1,874090,873661,429
70973781,31.7904,32.0961,429,44927,0.365602,0.15,1,874122,873693,429
70976701,26.3581,25.6192,430,44974,0.35312,0.15,1,874147,873717,430
70979621,6.87162,6.72384,430,45021,0.350624,0.15,1,874149,873719,430
70982541,25.3743,26.1448,429,45068,0.350125,0.15,1,874179,873750,429
70985461,33.0749,32.429,430,45115,0.398025,0.15,1,874214,873784,430
70988381,30.615,31.2858,429,45162,0.455605,0.15,1,874244,873815,429
70991301,7.72299,7.85716,429,45209,0.435121,0.17,1,874246,873817,429
70994221,17.5446,16.7714,430,45256,0.431024,0.21,1,874266,873836,430
70997141,29.9089,28.1543,432,45303,0.446205,0.21,1,874299,873867,432
71000061,25.1818,24.8309,432,45350,0.481241,0.23,1,874323,873891,432
71002981,17.8364,16.9662,433,45397,0.488248,0.27,1,874339,873906,433
71005901,42.7673,40.9932,435,45443,0.48965,0.31,1,874388,873953,435
71008821,43.7535,41.7986,437,45489,0.53793,0.35,1,874432,873995,437
71011741,67.1507,66.7597,437,45535,0.595586,0.35,1,874505,874068,437
71014661,31.0301,30.9519,437,45581,0.607117,0.37,1,874527,874090,437
71017581,32.606,31.7904,438,45627,0.593423,0.35,1,874560,874122,438
71020501,27.3212,26.3581,439,45673,0.590685,0.35,1,874586,874147,439
71023421,7.06424,6.87162,439,45719,0.590137,0.35,1,874588,874149,439
71026341,25.4128,25.3743,439,45765,0.638027,0.41,1,874618,874179,439
71029261,35.4826,33.0749,442,45811,0.647605,0.47,1,874656,874214,442
71032181,31.8965,30.615,443,45857,0.665521,0.43,1,874687,874244,443
71035101,7.9793,7.72299,443,45903,0.701104,0.43,1,874689,874246,443
71038021,17.5959,17.5446,443,45949,0.724221,0.43,1,874709,874266,443
71040941,29.9192,3.50892,476,45995,0.696844,0.45,1,874742,874266,476
71043861,26.7838,27.1018,469,46041,0.723369,0.49,1,874768,874299,469
71046781,18.9568,24.6204,462,46087,0.712674,0.49,1,874785,874323,462
71049701,42.1914,17.7241,494,46133,0.710535,0.49,1,874833,874339,494
71052621,46.0383,42.7448,492,46179,0.726107,0.55,1,874880,874388,492
71055541,68.4077,43.749,522,46225,0.761221,0.61,2,874954,874432,522
71058461,31.2815,67.1498,471,46271,0.784244,0.61,2,874976,874505,471
71061381,33.4563,31.03,483,46317,0.804849,0.59,2,875010,874527,483
71064301,28.2913,32.606,477,46363,0.79297,0.59,2,875037,874560,477
71067221,7.25825,27.3212,453,46408,0.790594,0.59,2,875039,874586,453
71070141,25.4517,7.06424,481,46453,0.806119,0.65,2,875069,874588,481
71073061,37.0903,25.4128,491,46498,0.825224,0.65,2,875109,874618,491
71075981,33.0181,35.4826,485,46543,0.845045,0.67,2,875141,874656,485
71078901,8.20361,31.8965,456,46588,0.849009,0.71,2,875143,874687,456
71081821,18.4407,7.9793,475,46633,0.833802,0.73,2,875164,874689,475
71084741,30.8881,17.5959,489,46678,0.86276,0.69,2,875198,874709,489
71087661,27.7776,29.9192,483,46723,0.884552,0.73,2,875225,874742,483
71090581,18.3555,26.7838,473,46768,0.88891,0.71,2,875241,874768,473
71093501,42.0711,18.9568,504,46813,0.921782,0.71,2,875289,874785,504
71096421,47.6142,42.1914,505,46858,0.912356,0.73,2,875338,874833,505
71327101,67,32,477,22724,0.05,0.37,1,877852,877375,477
71330021,61.4,58.4,472,22817,0.13,0.31,1,877912,877440,472
71332941,48.28,62.08,454,22910,0.13,0.19,1,877957,877503,454
71335861,52.856,53.216,457,23003,0.146,0.11,1,878011,877554,457
71338781,24.1712,49.8432,425,23095,0.1972,0.09,1,878028,877603,425
71341701,26.4342,20.3686,439,23187,0.17544,0.09,1,878055,877616,439
71344621,94.0869,64.0737,475,23278,0.251088,0.09,1,878166,877691,475
71347541,106.817,88.0147,491,23369,0.330218,0.05,1,878276,877785,491
71350461,72.5635,71.203,488,23460,0.378044,0.15,1,878340,877852,488
71353381,49.7127,62.2406,472,23550,0.403609,0.13,1,878384,877912,472
71356301,53.9425,48.4481,482,23640,0.424722,0.15,1,878439,877957,482
71359221,23.5885,52.8896,444,23730,0.428944,0.21,1,878455,878011,444
71362141,27.9177,24.1779,456,23819,0.445789,0.17,1,878484,878028,456
71365061,98.3835,26.4356,545,23908,0.561158,0.27,1,878600,878055,545
71367981,21.2767,94.0871,436,23997,0.584232,0.35,1,878602,878166,436
71370901,94.6553,106.817,439,24085,0.620846,0.39,1,878715,878276,439
71373821,72.5311,72.5635,442,24173,0.660169,0.41,1,878782,878340,442
71376741,49.7062,49.7127,442,24261,0.684034,0.43,1,878826,878384,442
71379661,54.7412,53.9425,443,24348,0.672807,0.43,1,878882,878439,443
71382581,23.7482,23.5885,443,24435,0.670561,0.45,1,878898,878455,443
71385501,28.7496,27.9177,444,24522,0.670112,0.59,1,878928,878484,444
71388421,104.15,98.3835,451,24608,0.718022,0.59,1,879051,878600,451
71391341,22.43,21.2767,451,24694,0.727605,0.63,1,879053,878602,451
71394261,96.486,94.6553,453,24780,0.793521,0.67,2,879168,878715,453
71397181,72.8972,72.5311,453,24866,0.886704,0.69,2,879235,878782,453
71400101,50.5794,49.7062,454,24951,0.921341,0.67,2,879280,878826,454
71403021,55.7159,54.7412,455,25036,0.880268,0.67,2,879337,878882,455
71405941,23.9432,23.7482,455,25121,0.888054,0.67,2,879353,878898,455
71408861,29.5886,28.7496,456,25205,0.905611,0.73,2,879384,878928,456
71411781,105.118,104.15,457,25289,0.845122,0.73,2,879508,879051,457
71414701,22.6235,22.43,457,25373,0.833024,0.81,2,879510,879053,457
71417621,100.525,96.486,462,25457,0.830605,0.81,2,879630,879168,462
71420541,75.3049,19.2972,531,25540,0.814121,0.91,2,879699,879168,531
71423461,51.861,57.4594,510,25623,0.826824,0.93,2,879745,879235,510
71426381,55.1722,47.4919,521,25706,0.861365,0.87,2,879801,879280,521
71429301,24.6344,55.0984,481,25788,0.884273,0.89,2,879818,879337,481
71432221,28.9269,23.8197,495,25870,0.888855,0.91,2,879848,879353,495
71522741,42,55,479,28297,0.91,1,2,881644,881165,479
71525661,38,37.4,483,28372,0.894,1,2,881681,881198,483
71528581,30,7.48,511,28447,0.8268,1,2,881709,881198,511
71531501,22,27.096,499,28521,0.81336,1,2,881729,881230,499
71534421,35.6,26.2192,512,28595,0.794672,1,2,881768,881256,512
71537341,91.12,36.4438,578,28669,0.742934,0.91,1,881873,881295,578
71540261,43.824,90.4888,506,28743,0.764587,1,2,881905,881399,506
71543181,72.7648,46.8978,550,28817,0.688917,0.87,1,881985,881435,550
71546101,79.353,75.7796,548,28890,0.689783,0.89,1,882066,881518,548
71549021,51.0706,82.3559,508,28963,0.721957,0.91,1,882110,881602,508
71551941,37.4141,50.0712,500,29036,0.728391,0.89,1,882144,881644,500
71554861,28.2828,39.6142,489,29109,0.745678,0.81,1,882170,881681,489
71557781,23.2566,30.3228,483,29182,0.749136,0.81,1,882192,881709,483
71560701,38.2513,22.0646,505,29255,0.749827,0.79,1,882234,881729,505
71563621,84.4503,35.6129,562,29327,0.813965,0.73,2,882330,881768,562
71566541,44.0901,91.1226,491,29399,0.874793,0.77,2,882364,881873,491
71569461,70.418,43.8245,536,29471,0.902959,0.67,2,882441,881905,536
71727141,42,36,490,33124,0.65,1,1,885013,884523,490
71730061,36.4,33.6,492,33188,0.506,1,1,885048,884556,492
71732981,30.48,27.52,495,33252,0.3012,1,1,885077,884582,495
71735901,27.696,26.304,496,33316,0.13224,1,1,885104,884608,496
71738821,39.1392,35.6608,500,33379,0.050448,1,1,885146,884646,500
71741741,35.0278,47.9322,483,33442,0.0340896,1,1,885180,884697,483
71744661,31.8056,29.5864,489,33505,0.0148179,1,1,885211,884722,489
71747581,45.5611,37.1173,499,33568,0.0269636,1,1,885260,884761,499
71750501,53.1122,66.6235,480,33631,0.0133927,0.84,1,885315,884835,480
71753421,54.6224,56.5247,481,33694,0.0266785,0.81,1,885370,884889,481
71756341,60.5245,76.9049,461,33757,0.0293357,0.65,1,885432,884971,461
71759261,35.3049,48.981,448,33820,0.0298671,0.47,1,885461,885013,448
71762181,28.661,37.7962,440,33883,0.0459734,0.25,1,885488,885048,440
71765101,23.3322,30.7592,433,33945,0.0811947,0.09,1,885510,885077,433
71768021,20.6664,27.7518,426,34007,0.0722389,0.03,1,885530,885104,426
71770941,34.5333,39.1504,422,34069,0.0224478,0.03,1,885568,885146,422
71773861,34.1067,35.0301,422,34131,0.0124896,0.01,1,885602,885180,422
71776781,31.6213,31.806,422,34193,0.0104979,0.03,1,885633,885211,422
71779701,47.9243,45.5612,425,34255,0.0260996,0.03,1,885685,885260,425
71782621,51.1849,9.11224,477,34317,0.0612199,0.01,1,885737,885260,477
71785541,54.237,45.8224,477,34379,0.012244,0.03,1,885792,885315,477
71788461,59.6474,53.1645,483,34441,0.0424488,0.03,1,885853,885370,483
71791381,35.1295,60.2329,450,34502,0.0324898,0.03,1,885882,885432,450
71794301,30.2259,35.2466,450,34563,0.014498,0.05,1,885911,885461,450
71797221,24.4452,28.6493,446,34624,0.0268996,0.09,1,885934,885488,446
71800141,19.289,23.3299,442,34685,0.0613799,0.07,1,885952,885510,442
71803061,33.4578,20.666,459,34746,0.036276,0.01,1,885989,885530,459
71805981,33.8916,34.5332,455,34807,0.0472552,0.01,1,886023,885568,455
71808901,31.5783,34.1066,452,34868,0.049451,0.01,1,886054,885602,452
71811821,47.9157,31.6213,473,34929,0.0338902,0.03,1,886106,885633,473
71814741,52.7831,47.9243,475,34990,0.014778,0.07,1,886160,885685,475
71817661,53.7566,51.1849,477,35050,0.0269556,0,1,886214,885737,477
71820581,58.7513,54.237,482,35110,0.0613911,0.05,1,886274,885792,482
71823501,34.9503,59.6474,450,35170,0.0842782,0.03,1,886303,885853,450
71826421,30.9901,35.1295,451,35230,0.0248556,0.01,1,886333,885882,451
71829341,26.198,30.2259,447,35290,0.0289711,0.03,1,886358,885911,447
71832261,19.6396,24.4452,442,35350,0.0297942,0.07,1,886376,885934,442
71835181,31.1279,19.289,458,35410,0.00595884,0.03,1,886410,885952,458
71838101,34.2256,33.4578,456,35470,0.00919177,0.05,1,886445,885989,456
71841021,32.4451,33.8916,454,35530,0.0418384,0.05,1,886477,886023,454
71843941,47.289,31.5783,474,35589,0.0323677,0.03,1,886528,886054,474
71846861,51.8578,47.9157,475,35648,0.0304735,0.01,1,886581,886106,475
71849781,11.9716,52.7831,423,35707,0.0300947,0.03,1,886583,886160,423
71852701,45.5943,53.7566,423,35766,0.0140189,0.07,1,886637,886214,423
71855621,58.7189,58.7513,425,35825,0.0428038,0.09,1,886699,886274,425
71858541,34.1438,34.9503,424,35884,0.0325608,0.01,1,886727,886303,424
71861461,30.0288,30.9901,423,35943,0.0465121,0.03,1,886756,886333,423
71864381,26.0058,26.198,423,36002,0.0173024,0.03,1,886781,886358,423
71867301,20.4011,19.6396,424,36061,0.0274605,0,1,886800,886376,424
71870221,29.6802,31.1279,422,36120,0.0294921,0.01,1,886832,886410,422
71873141,34.736,34.2256,423,36179,0.0298984,0.05,1,886868,886445,423
71876061,34.1472,32.4451,425,36237,0.0459797,0.03,1,886902,886477,425
71878981,46.0294,47.289,423,36295,0.0491959,0.03,1,886951,886528,423
71881901,50.8059,51.8578,422,36353,0.0338392,0.03,1,887003,886581,422
71884821,11.7612,11.9716,422,36411,0.0307678,0.01,1,887005,886583,422
71887741,46.3522,45.5943,423,36469,0.0301536,0.05,1,887060,886637,423
71890661,58.0704,58.7189,422,36527,0.0780307,0.03,1,887121,886699,422
71893581,34.8141,34.1438,423,36585,0.103606,0.05,1,887150,886727,423
71896501,29.3628,30.0288,422,36643,0.156721,0.01,1,887178,886756,422
71899421,25.8726,26.0058,422,36701,0.135344,0.03,1,887203,886781,422
71902341,20.3745,20.4011,422,36759,0.147069,0.03,1,887222,886800,422
71905261,29.6749,29.6802,422,36816,0.117414,0.03,1,887254,886832,422
71908181,34.735,34.736,422,36873,0.0634828,0.05,1,887290,886868,422
71911101,34.147,34.1472,422,36930,0.0526965,0.05,1,887324,886902,422
71914021,46.0294,46.0294,422,36987,0.0505393,0.03,1,887373,886951,422
71916941,50.8059,50.8059,422,37044,0.0181079,0.03,1,887425,887003,422
71919861,11.7612,11.7612,422,37101,0.0116216,0.03,1,887427,887005,422
71922781,47.1522,46.3522,423,37158,0.0583243,0.03,1,887483,887060,423
71925701,60.6304,9.27045,487,37215,0.0996649,0.09,1,887547,887060,487
71928621,35.3261,50.6541,455,37272,0.155933,0.11,1,887576,887121,455
71931541,30.2652,33.3308,455,37329,0.151187,0.17,1,887605,887150,455
71934461,26.053,29.0662,452,37386,0.134237,0.13,1,887630,887178,452
71937381,19.6106,25.8132,445,37443,0.130847,0.15,1,887648,887203,445
71940301,26.3221,20.3626,454,37499,0.130169,0.11,1,887676,887222,454
71943221,34.8644,29.6725,459,37555,0.0660339,0.05,1,887713,887254,459
71946141,32.5729,34.7345,455,37611,0.0212068,0.05,1,887745,887290,455
71949061,45.7146,34.1469,470,37667,0.0282414,0.05,1,887794,887324,470
71951981,50.7429,46.0294,473,37723,0.0296483,0.01,1,887846,887373,473
71954901,11.7486,50.8059,423,37779,0.0299297,0.01,1,887848,887425,423
71957821,47.9497,11.7612,478,37835,0.0299859,0.07,1,887905,887427,478
71960741,65.5899,47.1522,492,37891,0.0619972,0.11,1,887975,887483,492
71963661,37.118,60.6304,458,37947,0.0843994,0.17,1,888005,887547,458
71966581,29.8236,35.3261,457,38003,0.13688,0.15,1,888033,887576,457
71969501,25.1647,30.2652,452,38059,0.163376,0.13,1,888057,887605,452
71972421,19.4329,26.053,445,38115,0.168675,0.13,1,888075,887630,445
71975341,26.2866,19.6106,455,38170,0.185735,0.13,1,888103,887648,455
71978261,33.2573,26.3221,462,38225,0.237147,0.05,1,888138,887676,462
71981181,29.8515,34.8644,454,38280,0.279429,0.01,1,888167,887713,454
71984101,45.1703,32.5729,471,38335,0.223886,0.03,1,888216,887745,471
71987021,49.8341,45.7146,473,38390,0.132777,0.03,1,888267,887794,473
71989941,11.5668,50.7429,423,38445,0.114555,0.03,1,888269,887846,423
71992861,48.7134,11.7486,479,38500,0.0789111,0.03,1,888327,887848,479
71995781,68.1427,47.9497,495,38555,0.119782,0.07,1,888400,887905,495
71998701,39.2285,65.5899,457,38610,0.175956,0.09,1,888432,887975,457
72001621,9.44571,37.118,429,38665,0.187191,0.15,1,888434,888005,429
72004541,25.0891,29.8236,430,38720,0.173438,0.17,1,888463,888033,430
72007461,24.2178,25.1647,430,38775,0.138688,0.17,1,888487,888057,430
72010381,19.2436,19.4329,430,38829,0.163738,0.19,1,888505,888075,430
72013301,27.8487,26.2866,432,38883,0.168747,0.25,1,888535,888103,432
72016221,36.7697,33.2573,436,38937,0.15375,0.29,1,888574,888138,436
72019141,30.5539,29.8515,436,38991,0.10275,0.21,1,888603,888167,436
72022061,42.1108,45.1703,432,39045,0.09255,0.11,1,888648,888216,432
72024981,45.2222,49.8341,427,39099,0.09051,0.11,1,888694,888267,427
72027901,10.6444,11.5668,427,39153,0.122102,0.07,1,888696,888269,427
72030821,47.7289,48.7134,426,39207,0.12842,0.13,1,888753,888327,426
72033741,71.1458,68.1427,430,39261,0.0976841,0.19,1,888830,888400,430
72036661,39.0292,39.2285,429,39315,0.123537,0.19,1,888861,888432,429
72039581,9.40583,9.44571,429,39369,0.176707,0.17,1,888863,888434,429
72042501,24.2812,25.0891,428,39423,0.203341,0.13,1,888891,888463,428
72045421,24.0562,24.2178,428,39477,0.192668,0.17,1,888915,888487,428
72048341,19.2112,19.2436,428,39530,0.190534,0.17,1,888933,888505,428
72051261,27.8422,27.8487,428,39583,0.222107,0.15,1,888963,888535,428
72054181,35.9684,36.7697,427,39636,0.260421,0.09,1,889001,888574,427
72057101,29.5937,30.5539,426,39689,0.284084,0.09,1,889029,888603,426
72060021,41.9187,42.1108,426,39742,0.352817,0.09,1,889074,888648,426
72062941,45.1837,45.2222,426,39795,0.398563,0.13,1,889120,888694,426
72065861,10.6367,10.6444,426,39848,0.407713,0.13,1,889122,888696,426
72068781,47.7274,47.7289,426,39901,0.393543,0.09,1,889179,888753,426
72071701,71.1455,71.1458,426,39954,0.374709,0.13,1,889256,888830,426
72074621,41.4291,39.0292,429,40007,0.386942,0.19,1,889290,888861,429
72077541,9.88582,9.40583,429,40060,0.389388,0.19,1,889292,888863,429
72080461,24.3772,1.88117,457,40113,0.373878,0.21,1,889320,888863,457
72083381,24.8754,22.7762,454,40166,0.386776,0.19,1,889345,888891,454
72086301,20.1751,23.7552,449,40219,0.405355,0.19,1,889364,888915,449
72089221,28.835,19.151,462,40271,0.425071,0.23,1,889395,888933,462
72092141,36.167,27.8302,470,40323,0.445014,0.27,1,889433,888963,470
72095061,30.4334,35.966,461,40375,0.433003,0.29,1,889462,889001,461
72097981,45.2867,29.5932,482,40427,0.446601,0.37,1,889511,889029,482
72100901,47.4573,41.9186,485,40479,0.48132,0.41,1,889559,889074,485
72103821,11.0915,45.1837,441,40531,0.488264,0.41,1,889561,889120,441
72106741,47.0183,10.6367,495,40583,0.505653,0.39,1,889617,889122,495
72109661,71.8037,47.7274,516,40635,0.557131,0.37,1,889695,889179,516
72112581,40.7607,71.1455,472,40687,0.551426,0.39,1,889728,889256,472
72115501,9.75215,41.4291,440,40739,0.550285,0.39,1,889730,889290,440
72118421,25.1504,9.88582,467,40791,0.534057,0.37,1,889759,889292,467
72121341,25.8301,24.3772,465,40843,0.530811,0.39,1,889785,889320,465
72124261,21.166,24.8754,460,40895,0.594162,0.41,1,889805,889345,460
72127181,30.6332,20.1751,474,40947,0.654832,0.43,1,889838,889364,474
72130101,36.5266,28.835,481,40999,0.666966,0.45,1,889876,889395,481
72133021,29.7053,36.167,471,41050,0.669393,0.43,1,889904,889433,471
72135941,45.9411,30.4334,492,41101,0.685879,0.45,1,889954,889462,492
72138861,49.1882,45.2867,493,41152,0.769176,0.49,2,890004,889511,493
72141781,11.4376,47.4573,447,41203,0.785835,0.49,2,890006,889559,447
72144701,47.8875,11.0915,502,41254,0.821167,0.51,2,890063,889561,502
72147621,74.3775,47.0183,527,41305,0.876233,0.57,2,890144,889617,527
72150541,40.4755,71.8037,481,41356,0.887247,0.55,2,890176,889695,481
72153461,9.6951,40.7607,450,41407,0.889449,0.55,2,890178,889728,450
72156381,24.339,9.75215,476,41458,0.90589,0.53,2,890206,889730,476
72159301,27.2678,25.1504,475,41509,0.909178,0.53,2,890234,889759,475
72162221,7.05356,25.8301,451,41560,0.909836,0.61,2,890236,889785,451
72182661,2,2,462,41915,0.91,0.83,2,890468,890006,462
72185581,46.8,46,463,41965,0.894,0.89,2,890526,890063,463
72188501,76.56,74,466,42015,0.8908,0.89,2,890610,890144,466
72191421,41.712,40.4,467,42065,0.90616,0.89,2,890643,890176,467
72194341,9.9424,9.68,467,42115,0.909232,0.91,2,890645,890178,467
72197261,24.3885,24.336,467,42165,0.941846,0.91,2,890673,890206,467
72200181,28.8777,27.2672,469,42215,0.916369,0.91,2,890703,890234,469
72203101,7.37554,7.05344,469,42265,0.911274,0.97,2,890705,890236,469
72369541,27,10,519,45022,0.81,1,2,892659,892140,519
72372461,15.8,14.8,516,45069,0.874,1,2,892672,892156,516
72375381,19.16,22.96,511,45116,0.8068,1,2,892692,892181,511
72378301,27.032,29.392,509,45163,0.72936,1,1,892721,892212,509
72381221,27.8064,26.6784,511,45210,0.633872,1,1,892749,892238,511
72384141,27.1613,22.1357,517,45257,0.598774,1,1,892776,892259,517
72387061,23.8323,43.6271,491,45304,0.623755,1,1,892799,892308,491
72389981,40.7665,48.7254,486,45351,0.484751,1,1,892844,892358,486
72392901,35.3533,34.5451,489,45398,0.34495,1,1,892878,892389,489
72395821,35.8707,34.109,491,45444,0.33299,1,1,892914,892423,491
72398741,66.3741,76.4218,478,45490,0.282598,0.86,1,892988,892510,478
72401661,37.2748,43.2844,473,45536,0.27252,0.99,1,893018,892545,473
72404581,30.655,33.4569,471,45582,0.238504,0.91,1,893047,892576,471
72407501,27.731,32.2914,466,45628,0.215701,0.87,1,893074,892608,466
72410421,23.9462,25.6583,465,45674,0.19514,0.81,1,893097,892632,465
72413341,24.7892,26.7317,463,45720,0.159028,0.89,1,893122,892659,463
72416261,14.5578,15.7463,462,45766,0.167806,0.79,1,893134,892672,462
72419181,17.3116,19.1493,460,45812,0.121561,0.71,1,893152,892692,460
72422101,25.8623,27.0299,459,45858,0.128312,0.61,1,893180,892721,459
72425021,24.3725,27.806,455,45904,0.145662,0.59,1,893204,892749,455
72427941,24.0745,27.1612,452,45950,0.133133,0.59,1,893228,892776,452
72430861,20.0149,5.43224,471,45996,0.114627,0.63,1,893247,892776,471
72433781,33.603,19.4864,485,46042,0.110925,0.45,1,893284,892799,485
72436701,32.3206,39.8973,472,46088,0.0781851,0.31,1,893316,892844,472
72439621,33.6641,35.1795,472,46134,0.119637,0.33,1,893350,892878,472
72442541,63.5328,35.8359,507,46180,0.111927,0.27,1,893421,892914,507
72445461,36.7066,66.3672,463,46226,0.142385,0.27,1,893451,892988,463
72448381,28.9413,37.2734,460,46272,0.116477,0.23,1,893478,893018,460
72451301,25.7883,30.6547,456,46318,0.159295,0.21,1,893503,893047,456
72454221,22.7577,27.7309,451,46364,0.135859,0.19,1,893525,893074,451
72457141,23.7515,23.9462,452,46409,0.163172,0.15,1,893549,893097,452
72460061,13.5503,24.7892,438,46454,0.184634,0.17,1,893560,893122,438
72462981,15.5101,14.5578,442,46499,0.140927,0.11,1,893576,893134,442
72465901,27.902,17.3116,455,46544,0.148185,0.13,1,893607,893152,455
72468821,24.7804,25.8623,451,46589,0.165637,0.15,1,893631,893180,451
72471741,22.5561,24.3725,449,46634,0.233127,0.13,1,893653,893204,449
72474661,20.5112,24.0745,445,46679,0.262625,0.11,1,893673,893228,445
72477581,32.1022,20.0149,461,46724,0.316525,0.11,1,893708,893247,461
72480501,30.4204,33.603,454,46769,0.327305,0.07,1,893738,893284,454
72483421,37.2841,32.3206,461,46814,0.345461,0.13,1,893777,893316,461
72486341,65.0568,33.6641,499,46859,0.365092,0.11,1,893849,893350,499
72489261,35.4114,63.5328,456,46904,0.385018,0.15,1,893877,893421,456
72492181,28.6823,36.7066,453,46949,0.405004,0.11,1,893904,893451,453
72495101,28.1365,28.9413,454,46994,0.425001,0.17,1,893932,893478,454
72498021,21.6273,25.7883,449,47039,0.429,0.13,1,893952,893503,449
72500941,25.1255,22.7577,453,47084,0.4618,0.17,1,893978,893525,453
72503861,12.2251,23.7515,438,47129,0.46836,0.19,1,893987,893549,438
72506781,15.245,13.5503,443,47174,0.501672,0.13,1,894003,893560,443
72509701,29.449,15.5101,460,47219,0.492334,0.15,1,894036,893576,460
72512621,28.2898,27.902,457,47264,0.538467,0.17,1,894064,893607,457
72515541,23.258,24.7804,455,47309,0.547693,0.25,1,894086,893631,455
72518461,21.4516,22.5561,454,47354,0.533539,0.27,1,894107,893653,454
72521381,5.89032,20.5112,436,47399,0.530708,0.33,1,894109,893673,436
72524301,30.7781,32.1022,438,47443,0.562142,0.33,1,894146,893708,438
72527221,30.1556,30.4204,438,47487,0.568428,0.35,1,894176,893738,438
72530141,38.0311,37.2841,439,47531,0.585686,0.37,1,894216,893777,439
72533061,66.8062,65.0568,441,47575,0.605137,0.39,1,894290,893849,441
72535981,35.7612,35.4114,441,47619,0.609027,0.41,1,894318,893877,441
72538901,29.5522,28.6823,442,47663,0.577805,0.43,1,894346,893904,442
72541821,29.1104,28.1365,443,47707,0.619561,0.43,1,894375,893932,443
72544741,22.6221,21.6273,444,47751,0.611912,0.47,1,894396,893952,444
72547661,26.9244,25.1255,446,47795,0.610382,0.47,1,894424,893978,446
72550581,13.3849,12.2251,447,47839,0.610076,0.51,1,894434,893987,447
72553501,15.477,15.245,447,47883,0.610015,0.49,1,894450,894003,447
72556421,30.2954,29.449,448,47927,0.626003,0.55,1,894484,894036,448
72559341,28.4591,28.2898,448,47971,0.629201,0.55,1,894512,894064,448
72562261,24.0918,23.258,449,48015,0.61384,0.53,1,894535,894086,449
72565181,20.8184,21.4516,448,48059,0.610768,0.53,1,894555,894107,448
72568101,5.76367,5.89032,448,48103,0.610154,0.57,1,894557,894109,448
72571021,32.3527,30.7781,450,48147,0.626031,0.57,1,894596,894146,450
72573941,30.4705,30.1556,450,48191,0.693206,0.59,1,894626,894176,450
72576861,38.8941,38.0311,451,48235,0.722641,0.61,1,894667,894216,451
72579781,66.1788,66.8062,450,48279,0.744528,0.61,1,894740,894290,450
72582701,35.6358,35.7612,450,48323,0.732906,0.57,1,894768,894318,450
72585621,29.5272,29.5522,450,48367,0.746581,0.63,1,894796,894346,450
72588541,29.9054,29.1104,451,48411,0.781316,0.61,2,894826,894375,451
72591461,21.9811,22.6221,450,48455,0.788263,0.61,2,894846,894396,450
72594381,28.3962,26.9244,452,48498,0.805653,0.61,2,894876,894424,452
72597301,13.6792,13.3849,452,48541,0.793131,0.61,2,894886,894434,452
72600221,15.5358,15.477,452,48584,0.790626,0.63,2,894902,894450,452
72603141,31.1072,30.2954,453,48627,0.838125,0.63,2,894937,894484,453
72606061,27.0214,28.4591,451,48670,0.815625,0.61,2,894963,894512,451
72608981,23.8043,24.0918,451,48713,0.843125,0.61,2,894986,894535,451
72611901,21.5609,20.8184,452,48756,0.832625,0.61,2,895007,894555,452
72614821,5.91217,5.76367,452,48799,0.830525,0.63,2,895009,894557,452
72617741,33.1824,32.3527,453,48842,0.830105,0.63,2,895049,894596,453
72620661,33.0365,6.47055,486,48885,0.798021,0.71,2,895082,894596,486
72623581,40.2073,25.2941,498,48928,0.855604,0.73,2,895124,894626,498
72626501,65.6415,37.8588,529,48971,0.899121,0.75,2,895196,894667,529
72629421,37.1283,65.9718,486,49014,0.907824,0.73,2,895226,894740,486
72632341,29.8257,35.5944,486,49057,0.941565,0.75,2,895254,894768,486
72635261,29.9651,29.5189,488,49100,0.948313,0.79,2,895284,894796,488
72646941,16,10,476,49272,0.91,0.79,2,895362,894886,476
72649861,32,14.8,496,49315,0.91,0.85,2,895398,894902,496
72652781,27.2,30.96,487,49358,0.91,0.81,2,895424,894937,487
72655701,23.84,26.992,484,49401,0.942,0.85,2,895447,894963,484
73017781,68,55,520,24990,0.11,0.87,1,899056,898536,520
73020701,61.6,77.4,497,25075,0.11,0.83,1,899116,898619,497
73023621,59.52,63.48,496,25160,0.062,0.73,1,899175,898679,496
73026541,59.904,70.296,484,25244,0.0364,0.65,1,899235,898751,484
73029461,55.1808,65.2592,474,25328,0.07928,0.45,1,899289,898815,474
73032381,25.4362,45.8518,451,25412,0.071856,0.35,1,899307,898856,451
73035301,37.0872,35.5704,458,25495,0.0703712,0.37,1,899347,898889,458
73038221,65.8174,35.1141,496,25578,0.0700742,0.23,1,899420,898924,496
73041141,62.7635,58.2228,494,25661,0.0860149,0.11,1,899482,898988,494
73044061,59.7527,66.0446,485,25744,0.073203,0.11,1,899541,899056,485
73046981,56.7505,61.2089,481,25826,0.166641,0.05,1,899597,899116,481
73049901,58.5501,59.4418,481,25908,0.153328,0.03,1,899656,899175,481
73052821,56.51,59.8884,477,25990,0.214666,0.09,1,899712,899235,477
73055741,26.502,55.1777,442,26072,0.210933,0.07,1,899731,899289,442
73058661,37.3004,25.4355,464,26153,0.210187,0.07,1,899771,899307,464
73061581,65.8601,37.0871,497,26234,0.226037,0.07,1,899844,899347,497
73064501,63.572,65.8174,487,26315,0.277207,0.09,1,899907,899420,487
73067421,61.5144,62.7635,486,26396,0.287441,0.07,1,899968,899482,486
73070341,59.5029,59.7527,486,26476,0.337488,0.19,1,900027,899541,486
73073261,61.5006,56.7505,492,26556,0.363498,0.15,1,900089,899597,492
73076181,56.3001,58.5501,488,26636,0.400699,0.23,1,900144,899656,488
73079101,25.66,56.51,450,26716,0.40814,0.21,1,900162,899712,450
73082021,37.132,26.502,471,26795,0.409628,0.21,1,900202,899731,471
73084941,66.6264,37.3004,505,26874,0.425926,0.23,1,900276,899771,505
73087861,14.9253,65.8601,434,26953,0.429185,0.29,1,900278,899844,434
73090781,55.7851,63.572,437,27032,0.477837,0.29,1,900344,899907,437
73093701,59.157,61.5144,436,27110,0.455567,0.35,1,900404,899968,436
73096621,61.4314,59.5029,439,27188,0.467113,0.37,1,900466,900027,439
73099541,62.6863,61.5006,440,27266,0.517423,0.41,1,900529,900089,440
73102461,58.1373,56.3001,442,27344,0.575485,0.41,1,900586,900144,442
73105381,26.0275,25.66,442,27421,0.587097,0.41,1,900604,900162,442
73108301,37.2055,37.132,442,27498,0.621419,0.43,1,900644,900202,442
73111221,67.4411,66.6264,443,27575,0.644284,0.43,1,900719,900276,443
73114141,15.0882,14.9253,443,27652,0.648857,0.49,1,900721,900278,443
73117061,56.6176,55.7851,444,27729,0.681771,0.45,1,900788,900344,444
73119981,59.3235,59.157,444,27805,0.704354,0.47,1,900848,900404,444
73122901,62.2647,61.4314,445,27881,0.708871,0.53,1,900911,900466,445
73125821,65.2529,62.6863,448,27957,0.741774,0.59,1,900977,900529,448
73128741,59.4506,58.1373,449,28033,0.796355,0.59,2,901035,900586,449
73131661,26.2901,26.0275,449,28109,0.823271,0.63,2,901053,900604,449
73134581,38.858,37.2055,451,28184,0.764654,0.65,2,901095,900644,451
73137501,68.5716,67.4411,452,28259,0.800931,0.65,2,901171,900719,452
73140421,15.3143,15.0882,452,28334,0.776186,0.69,2,901173,900721,452
73143341,58.2629,56.6176,454,28409,0.771237,0.69,2,901242,900788,454
73146261,59.6526,11.3235,514,28484,0.786247,0.71,2,901302,900788,514
73149181,63.1305,50.2647,518,28558,0.789249,0.71,2,901366,900848,518
73152101,66.2261,60.4529,522,28632,0.85385,0.75,2,901433,900911,522
73155021,62.8452,64.8906,518,28706,0.86677,0.81,2,901495,900977,518
73157941,26.969,59.3781,478,28780,0.917354,0.83,2,901513,901035,478
73286421,45,49,519,31856,0.89,1,2,903653,903134,519
73289341,54.6,52.2,523,31922,0.698,1,1,903710,903187,523
73292261,42.12,48.04,515,31988,0.5316,1,1,903749,903234,515
73295181,61.224,44.808,537,32054,0.24232,1,1,903815,903278,537
73298101,41.0448,51.3616,520,32120,0.056464,1,1,903851,903331,520
73301021,41.009,54.2723,506,32186,0.0672928,1,1,903892,903386,506
73303941,46.6018,36.4545,522,32252,0.0134586,1,1,903940,903418,522
73306861,50.9204,44.8909,527,32318,0.0426917,1,1,903992,903465,527
73309781,53.3841,55.3782,523,32383,0.0485383,0.82,1,904046,903523,523
73312701,34.6768,51.8756,502,32448,0.00970767,0.96,1,904076,903574,502
73315621,34.1354,37.5751,502,32513,0.0259415,0.89,1,904110,903608,502
73318541,48.4271,43.515,509,32578,0.0451883,0.65,1,904162,903653,509
73321461,34.4854,54.303,483,32643,0.0170377,0.49,1,904193,903710,483
73324381,48.4971,42.0606,496,32708,0.0434075,0.17,1,904245,903749,496
73327301,11.2994,61.2121,432,32773,0.0166815,0.01,1,904247,903815,432
73330221,25.4599,41.0424,425,32838,0.0593363,0.07,1,904276,903851,425
73333141,35.492,41.0085,422,32902,0.0198673,0,1,904314,903892,422
73336061,46.2984,46.6017,423,32966,0.00397345,0.05,1,904363,903940,423
73338981,50.8597,50.9203,423,33030,0.0407947,0.05,1,904415,903992,423
73341901,53.3719,53.3841,423,33094,0.0481589,0,1,904469,904046,423
73344821,33.8744,34.6768,422,33158,0.00963179,0.03,1,904498,904076,422
73347741,33.9749,34.1354,422,33222,0.00192636,0.05,1,904532,904110,422
73350661,50.795,48.4271,425,33286,0.0243853,0.01,1,904587,904162,425
73353581,33.359,34.4854,423,33350,0.0288771,0.05,1,904616,904193,423
73356501,47.4718,48.4971,422,33413,0.0457754,0.01,1,904667,904245,422
73359421,11.0944,11.2994,422,33476,0.0491551,0.07,1,904669,904247,422
73362341,26.2189,25.4599,423,33539,0.113831,0.01,1,904699,904276,423
73365261,34.8438,35.492,422,33602,0.0627662,0,1,904736,904314,422
73368181,46.1688,46.2984,422,33665,0.0125532,0.05,1,904785,904363,422
73371101,50.8338,50.8597,422,33728,0.0265106,0.05,1,904837,904415,422
73374021,54.9667,53.3719,424,33791,0.0773021,0,1,904893,904469,424
73376941,32.5933,33.8744,422,33854,0.11946,0,1,904920,904498,422
73379861,34.5187,33.9749,423,33916,0.0638921,0.03,1,904955,904532,423
73382781,51.7037,50.795,424,33978,0.0367784,0.03,1,905011,904587,424
73385701,31.9407,33.359,422,34040,0.0313557,0.05,1,905038,904616,422
73388621,48.7882,47.4718,424,34102,0.0782711,0.05,1,905091,904667,424
73391541,11.3576,11.0944,424,34164,0.119654,0.13,1,905093,904669,424
73394461,27.8715,26.2189,426,34226,0.111931,0.13,1,905125,904699,426
73397381,31.1743,5.24377,458,34288,0.0943862,0.05,1,905157,904699,458
73400301,45.4349,30.6488,470,34350,0.0188772,0,1,905206,904736,470
73403221,50.687,45.3298,473,34412,0.0437754,0.03,1,905258,904785,473
73406141,58.9374,50.666,482,34473,0.0647551,0.09,1,905319,904837,482
73409061,31.7875,54.9332,451,34534,0.084951,0.13,1,905344,904893,451
73411981,31.9575,32.5866,456,34595,0.10499,0.05,1,905376,904920,456
73414901,51.1915,34.5173,477,34656,0.060998,0.03,1,905432,904955,477
73417821,31.8383,51.7035,448,34717,0.0361996,0.03,1,905459,905011,448
73420741,51.9677,31.9407,478,34778,0.0632399,0.09,1,905516,905038,478
73423661,11.9935,48.7881,427,34839,0.068648,0.13,1,905518,905091,427
73426581,29.5987,11.3576,459,34900,0.0697296,0.11,1,905552,905093,459
73429501,28.3197,27.8715,455,34961,0.0859459,0.09,1,905580,905125,455
73432421,43.264,31.1743,470,35021,0.0171892,0,1,905627,905157,470
73435341,51.0528,45.4349,474,35081,0.0274378,0.05,1,905680,905206,474
73438261,62.2106,50.687,487,35141,0.0134876,0.07,1,905745,905258,487
73441181,31.6421,58.9374,450,35201,0.0266975,0.09,1,905769,905319,450
73444101,33.5284,31.7875,459,35261,0.0613395,0.11,1,905803,905344,459
73447021,48.3057,31.9575,479,35321,0.100268,0.05,1,905855,905376,479
73449941,30.4611,51.1915,449,35381,0.108054,0.03,1,905881,905432,449
73452861,54.0922,31.8383,482,35441,0.157611,0.07,1,905941,905459,482
73455781,12.4184,51.9677,427,35501,0.135522,0.07,1,905943,905516,427
73458701,29.6837,11.9935,459,35561,0.163104,0.07,1,905977,905518,459
73461621,28.3367,29.5987,453,35620,0.200621,0.09,1,906005,905552,453
73464541,40.0673,28.3197,468,35679,0.0641242,0,1,906048,905580,468
73467461,9.61347,43.264,423,35738,0.0128248,0.03,1,906050,905627,423
73470381,43.5227,51.0528,422,35797,0.026565,0.01,1,906102,905680,422
73473301,61.5045,62.2106,423,35856,0.029313,0.03,1,906168,905745,423
73476221,31.5009,31.6421,423,35915,0.0618626,0.07,1,906192,905769,423
73479141,35.9002,33.5284,426,35974,0.0683725,0.11,1,906229,905803,426
73482061,49.58,48.3057,427,36033,0.117675,0.11,1,906282,905855,427
73484981,30.716,30.4611,427,36092,0.143535,0.17,1,906308,905881,427
73487901,56.5432,54.0922,430,36151,0.148707,0.13,1,906371,905941,430
73490821,12.9086,12.4184,430,36209,0.149741,0.17,1,906373,905943,430
73493741,30.5817,29.6837,431,36267,0.181948,0.21,1,906408,905977,431
73496661,29.3163,28.3367,432,36325,0.20439,0.03,1,906437,906005,432
73499581,32.2633,40.0673,422,36383,0.192878,0,1,906470,906048,422
73502501,8.05265,9.61347,422,36441,0.158576,0.03,1,906472,906050,422
73505421,43.2105,43.5227,422,36499,0.0557151,0.03,1,906524,906102,422
73508341,61.4421,61.5045,422,36557,0.035143,0.07,1,906590,906168,422
73511261,32.2884,31.5009,423,36615,0.0150286,0.07,1,906615,906192,423
73514181,37.6577,35.9002,425,36673,0.0910057,0.13,1,906654,906229,425
73517101,50.7315,49.58,426,36731,0.106201,0.15,1,906708,906282,426
73520021,31.7463,30.716,427,36789,0.0932402,0.15,1,906735,906308,427
73522941,58.3493,56.5432,429,36846,0.170648,0.15,1,906800,906371,429
73525861,13.2699,12.9086,429,36903,0.15413,0.19,1,906802,906373,429
73528781,30.654,30.5817,429,36960,0.166826,0.21,1,906837,906408,429
73531701,30.1308,29.3163,430,37017,0.201365,0.19,1,906867,906437,430
73534621,28.4262,32.2633,425,37074,0.176273,0.15,1,906895,906470,425
73537541,7.28523,8.05265,425,37131,0.203255,0.03,1,906897,906472,425
73540461,40.657,43.2105,422,37188,0.208651,0.03,1,906946,906524,422
73543381,60.1314,8.64211,487,37245,0.19373,0.03,1,907011,906524,487
73546301,32.0263,54.5284,446,37302,0.174746,0.01,1,907036,906590,446
73549221,40.0053,30.9057,463,37359,0.186949,0.11,1,907078,906615,463
73552141,52.8011,37.3811,480,37416,0.20539,0.11,1,907134,906654,480
73555061,32.1602,50.6762,453,37472,0.193078,0.09,1,907161,906708,453
73557981,60.032,31.7352,493,37528,0.254616,0.19,1,907228,906735,493
73560901,13.6064,58.347,430,37584,0.266923,0.15,1,907230,906800,430
73563821,29.9213,13.2694,462,37640,0.269385,0.17,1,907264,906802,462
73566741,31.5843,30.6539,459,37696,0.301877,0.21,1,907296,906837,459
73569661,28.7169,30.1308,457,37752,0.356375,0.17,1,907324,906867,457
73572581,7.34337,28.4262,431,37808,0.367275,0.21,1,907326,906895,431
73575501,40.6687,7.28523,478,37864,0.385455,0.21,1,907375,906897,478
73578421,60.9337,40.657,495,37920,0.357091,0.19,1,907441,906946,495
73581341,32.1867,60.1314,455,37976,0.351418,0.17,1,907466,907011,455
73584261,40.8374,32.0263,473,38032,0.366284,0.19,1,907509,907036,473
73587181,52.9675,40.0053,487,38088,0.337257,0.21,1,907565,907078,487
73590101,32.9935,52.8011,459,38143,0.331451,0.19,1,907593,907134,459
73593021,61.7987,32.1602,501,38198,0.34629,0.27,1,907662,907161,501
73595941,13.9597,60.032,436,38253,0.349258,0.27,1,907664,907228,436
73598861,29.9919,13.6064,468,38308,0.365852,0.27,1,907698,907230,468
73601781,33.9984,29.9213,469,38363,0.35317,0.31,1,907733,907264,469
73604701,30.7997,31.5843,467,38418,0.398634,0.37,1,907763,907296,467
73607621,7.75994,28.7169,441,38473,0.407727,0.37,1,907765,907324,441
73610541,41.552,7.34337,489,38528,0.457545,0.39,1,907815,907326,489
73613461,59.5104,40.6687,504,38583,0.467509,0.35,1,907879,907375,504
73616381,13.5021,60.9337,440,38638,0.469502,0.35,1,907881,907441,440
73619301,21.9004,32.1867,439,38693,0.5179,0.37,1,907905,907466,439
73622221,39.5801,40.8374,440,38748,0.51158,0.33,1,907949,907509,440
73625141,51.116,52.9675,438,38803,0.574316,0.33,1,908003,907565,438
73628061,34.2232,32.9935,440,38857,0.634863,0.35,1,908033,907593,440
73630981,61.2446,61.7987,439,38911,0.614973,0.35,1,908101,907662,439
73633901,13.8489,13.9597,439,38965,0.626994,0.37,1,908103,907664,439
73636821,30.7698,29.9919,440,39019,0.677399,0.35,1,908138,907698,440
73639741,34.954,33.9984,441,39073,0.68748,0.41,1,908174,907733,441
73642661,32.5908,30.7997,443,39127,0.721496,0.41,1,908206,907763,443
73645581,8.11816,7.75994,443,39181,0.728299,0.47,1,908208,907765,443
73648501,43.2236,41.552,445,39235,0.71366,0.47,1,908260,907815,445
73651421,59.8447,59.5104,445,39289,0.710732,0.47,1,908324,907879,445
73654341,13.5689,13.5021,445,39343,0.742146,0.53,1,908326,907881,445
73657261,23.5138,21.9004,447,39397,0.716429,0.51,1,908352,907905,447
73660181,39.9028,39.5801,447,39451,0.727286,0.59,1,908396,907949,447
73663101,53.5806,51.116,450,39505,0.777457,0.65,2,908453,908003,450
73666021,36.3161,34.2232,452,39558,0.787491,0.61,2,908485,908033,452
73668941,62.4632,61.2446,453,39611,0.821498,0.63,2,908554,908101,453
73671861,14.0926,13.8489,453,39664,0.7963,0.69,2,908556,908103,453
73674781,31.6185,30.7698,454,39717,0.83926,0.69,2,908592,908138,454
73677701,35.1237,34.954,454,39770,0.831852,0.73,2,908628,908174,454
73680621,34.2247,32.5908,456,39823,0.87837,0.73,2,908662,908206,456
73683541,8.44495,8.11816,456,39876,0.919674,0.71,2,908664,908208,456
73686461,44.089,43.2236,457,39929,0.927935,0.71,2,908717,908260,457
73689381,60.0178,59.8447,457,39982,0.913587,0.75,2,908781,908324,457
73692301,13.6036,13.5689,457,40035,0.910717,0.71,2,908783,908326,457
73695221,23.5207,23.5138,457,40088,0.910143,0.71,2,908809,908352,457
73698141,39.9041,4.70276,501,40141,0.926029,0.73,2,908853,908352,501
73861661,32,27,488,42986,0.59,1,1,910851,910363,488
73864581,29.6,5.4,517,43035,0.478,1,1,910880,910363,517
73867501,37.92,28.28,523,43084,0.2476,1,1,910920,910397,523
73870421,45.984,52.056,513,43133,0.10552,1,1,910968,910455,513
73873341,38.7968,37.6112,516,43182,0.061104,1,1,911005,910489,516
73876261,29.3594,31.5222,513,43231,0.0202208,1,1,911032,910519,513
73879181,31.4719,27.1044,519,43280,0.0440442,1,1,911064,910545,519
73882101,26.2944,26.2209,518,43329,0.0168088,1,1,911089,910571,518
73885021,30.0589,35.6442,511,43378,0.0593618,1,1,911120,910609,511
73887941,30.8118,31.9288,511,43427,0.0998724,1,1,911151,910640,511
73890861,25.3624,37.5858,496,43476,0.0759745,1,1,911175,910679,496
73893781,29.0725,26.7172,502,43525,0.0231949,1,1,911205,910703,502
73896701,25.0145,28.5434,497,43573,0.060639,0.82,1,911229,910732,497
73899621,41.0029,28.9087,513,43621,0.0681278,0.71,1,911274,910761,513
73902541,23.4006,52.1817,474,43669,0.0536256,0.59,1,911293,910819,474
73905461,25.4801,36.0363,468,43717,0.0507251,0.45,1,911319,910851,468
73908381,31.496,30.4073,472,43765,0.050145,0.19,1,911352,910880,472
73911301,37.4992,38.0815,471,43813,0.050029,0.07,1,911391,910920,471
73914221,35.4998,46.0163,458,43861,0.0660058,0.05,1,911426,910968,458
73917141,28.7,38.8033,448,43909,0.0532012,0.01,1,911453,911005,448
73920061,31.34,29.3607,453,43957,0.0666402,0.05,1,911485,911032,453
73922981,27.068,31.4721,447,44005,0.037328,0.01,1,911511,911064,447
73925901,31.0136,26.2944,454,44053,0.0314656,0.07,1,911543,911089,454
73928821,35.8027,30.0589,460,44101,0.0302931,0.11,1,911580,911120,460
73931741,23.9605,30.8118,450,44149,0.0620586,0.07,1,911601,911151,450
73934661,25.5921,25.3624,452,44197,0.0844117,0.01,1,911627,911175,452
73937581,25.1184,29.0725,447,44245,0.136882,0.07,1,911652,911205,447
73940501,41.8237,25.0145,469,44293,0.0993765,0.07,1,911698,911229,469
73943421,21.9647,41.0029,441,44341,0.155875,0.05,1,911715,911274,441
73946341,25.1929,23.4006,448,44389,0.167175,0.05,1,911741,911293,448
73949261,30.6386,25.4801,454,44437,0.185435,0.05,1,911773,911319,454
73952181,7.72772,31.496,423,44484,0.189087,0.05,1,911775,911352,423
73955101,35.1455,37.4992,426,44531,0.205817,0.07,1,911817,911391,426
73958021,32.6291,35.4998,423,44578,0.161163,0.05,1,911849,911426,423
73960941,28.1258,28.7,423,44625,0.136233,0.07,1,911876,911453,423
73963861,30.4252,31.34,422,44672,0.115247,0.03,1,911907,911485,422
73966781,26.885,27.068,422,44719,0.0470493,0.03,1,911933,911511,422
73969701,31.777,31.0136,423,44766,0.0494099,0.03,1,911966,911543,423
73972621,35.1554,35.8027,422,44813,0.017882,0.07,1,912002,911580,422
73975541,25.4311,23.9605,424,44860,0.0275764,0.09,1,912025,911601,424
73978461,26.6862,25.5921,425,44907,0.0615153,0.15,1,912052,911627,425
73981381,28.5372,25.1184,429,44954,0.0683031,0.09,1,912081,911652,429
73984301,42.5074,41.8237,429,45001,0.0856606,0.17,1,912127,911698,429
73987221,22.9015,21.9647,430,45048,0.0891321,0.17,1,912145,911715,430
73990141,25.3803,25.1929,430,45095,0.121826,0.19,1,912171,911741,430
73993061,29.8761,30.6386,429,45142,0.144365,0.19,1,912202,911773,429
73995981,7.57521,7.72772,429,45189,0.148873,0.21,1,912204,911775,429
73998901,35.915,35.1455,430,45236,0.133775,0.15,1,912247,911817,430
74001821,33.583,32.6291,431,45283,0.162755,0.13,1,912280,911849,431
74004741,23.5166,28.1258,425,45330,0.184551,0.11,1,912301,911876,425
74007661,29.5033,30.4252,425,45377,0.17291,0.03,1,912332,911907,425
74010581,24.3007,26.885,422,45423,0.122582,0.05,1,912355,911933,422
74013501,31.2601,31.777,422,45469,0.0645164,0.01,1,912388,911966,422
74016421,35.052,35.1554,422,45515,0.0209033,0.03,1,912424,912002,422
74019341,26.2104,25.4311,423,45561,0.0441807,0.07,1,912448,912025,423
74022261,29.2421,26.6862,426,45607,0.0648361,0.07,1,912478,912052,426
74025181,28.2484,28.5372,425,45653,0.0689672,0.09,1,912506,912081,425
74028101,41.6497,42.5074,424,45699,0.117793,0.09,1,912551,912127,424
74031021,24.3299,22.9015,426,45745,0.0955587,0.13,1,912571,912145,426
74033941,27.266,25.3803,428,45791,0.139112,0.15,1,912599,912171,428
74036861,31.0532,29.8761,429,45837,0.195822,0.15,1,912631,912202,429
74039781,7.81064,7.57521,429,45883,0.175164,0.13,1,912633,912204,429
74042701,35.1621,35.915,428,45929,0.187033,0.13,1,912675,912247,428
74045621,34.2324,7.18301,462,45975,0.189407,0.17,1,912709,912247,462
74048541,22.8465,27.8366,449,46021,0.189881,0.19,1,912729,912280,449
74051461,28.5693,22.3673,458,46067,0.221976,0.17,1,912759,912301,458
74054381,21.7139,29.2735,447,46113,0.244395,0.11,1,912779,912332,447
74057301,28.3428,24.2547,454,46159,0.200879,0.05,1,912809,912355,454
74060221,34.4686,31.2509,457,46205,0.160176,0.01,1,912845,912388,457
74063141,26.0937,35.0502,445,46251,0.104035,0.05,1,912869,912424,445
74066061,31.6187,26.21,454,46297,0.076807,0.07,1,912902,912448,454
74068981,28.7237,29.242,452,46343,0.0873614,0.07,1,912930,912478,452
74071901,42.5447,28.2484,470,46388,0.121472,0.13,1,912976,912506,470
74074821,22.9089,41.6497,443,46433,0.144294,0.09,1,912994,912551,443
74077741,30.1818,24.3299,455,46478,0.148859,0.15,1,913026,912571,455
74080661,33.2364,27.266,461,46523,0.149772,0.21,1,913060,912599,461
74083581,8.24727,31.0532,431,46568,0.165954,0.17,1,913062,912631,431
74086501,36.0495,7.81064,472,46613,0.217191,0.19,1,913105,912633,472
74089421,34.4099,35.1621,464,46658,0.227438,0.19,1,913139,912675,464
74092341,22.882,34.2324,450,46703,0.229488,0.19,1,913159,912709,450
74095261,30.9764,22.8465,463,46748,0.245898,0.23,1,913192,912729,463
74098181,22.9953,28.5693,454,46793,0.26518,0.25,1,913213,912759,454
74101101,25.3991,21.7139,460,46838,0.269036,0.19,1,913239,912779,460
74104021,29.8798,28.3428,461,46883,0.285807,0.15,1,913270,912809,461
74106941,25.176,34.4686,449,46928,0.289161,0.09,1,913294,912845,449
74109861,30.6352,26.0937,457,46973,0.289832,0.07,1,913326,912869,457
74112781,30.127,31.6187,454,47018,0.321966,0.09,1,913356,912902,454
74115701,43.6254,28.7237,473,47063,0.296393,0.13,1,913403,912930,473
74118621,23.9251,42.5447,446,47108,0.275279,0.15,1,913422,912976,446
74121541,30.385,22.9089,460,47153,0.271056,0.15,1,913454,912994,460
74124461,34.077,30.1818,463,47198,0.286211,0.15,1,913489,913026,463
74127381,8.4154,33.2364,431,47243,0.289242,0.17,1,913491,913060,431
74130301,38.4831,8.24727,475,47288,0.321848,0.23,1,913537,913062,475
74133221,34.8966,36.0495,466,47333,0.32837,0.23,1,913571,913105,466
74136141,22.9793,34.4099,452,47378,0.329674,0.23,1,913591,913139,452
74139061,6.19586,22.882,434,47422,0.329935,0.25,1,913593,913159,434
74141981,29.2392,30.9764,436,47466,0.393987,0.27,1,913628,913192,436
74144901,21.8478,22.9953,435,47510,0.374797,0.27,1,913648,913213,435
74147821,25.1696,25.3991,435,47554,0.43496,0.29,1,913674,913239,435
74150741,30.6339,29.8798,436,47598,0.478992,0.29,1,913706,913270,436
74153661,25.3268,25.176,436,47642,0.487798,0.29,1,913730,913294,436
74156581,30.6654,30.6352,436,47686,0.48956,0.33,1,913762,913326,436
74159501,30.1331,30.127,436,47730,0.489912,0.29,1,913792,913356,436
74162421,43.6266,43.6254,436,47774,0.505982,0.27,1,913839,913403,436
74165341,23.1253,23.9251,435,47818,0.541196,0.27,1,913857,913422,435
74168261,30.2251,30.385,435,47862,0.532239,0.29,1,913889,913454,435
74171181,36.445,34.077,438,47906,0.594448,0.29,1,913927,913489,438
74174101,8.889,8.4154,438,47950,0.60689,0.33,1,913929,913491,438
74177021,38.5778,38.4831,438,47994,0.561378,0.33,1,913975,913537,438
74179941,34.9156,34.8966,438,48038,0.616276,0.33,1,914009,913571,438
74182861,22.9831,22.9793,438,48082,0.627255,0.33,1,914029,913591,438
74185781,6.19662,6.19586,438,48126,0.629451,0.41,1,914031,913593,438
74188701,30.8393,29.2392,440,48170,0.62989,0.37,1,914068,913628,440
74191621,22.9679,21.8478,441,48214,0.629978,0.45,1,914089,913648,441
74194541,26.1936,25.1696,442,48258,0.645996,0.49,1,914116,913674,442
74197461,32.4387,30.6339,444,48302,0.649199,0.49,1,914150,913706,444
74200381,25.6877,25.3268,444,48346,0.68184,0.49,1,914174,913730,444
74203301,30.7375,30.6654,444,48390,0.656368,0.49,1,914206,913762,444
74206221,31.7475,30.1331,446,48434,0.619274,0.51,1,914238,913792,446
74209141,44.7495,43.6266,447,48478,0.643855,0.55,1,914286,913839,447
74212061,24.1499,23.1253,448,48521,0.632771,0.53,1,914305,913857,448
74214981,30.43,30.2251,448,48564,0.678554,0.61,1,914337,913889,448
74217901,38.086,36.445,450,48607,0.687711,0.61,1,914377,913927,450
74220821,9.2172,8.889,450,48650,0.689542,0.55,1,914379,913929,450
74223741,38.6434,38.5778,450,48693,0.721908,0.63,1,914425,913975,450
74226661,35.7287,34.9156,451,48736,0.744382,0.63,1,914460,914009,451
74229581,23.1457,22.9831,451,48779,0.764876,0.63,2,914480,914029,451
74232501,6.22915,6.19662,451,48822,0.800975,0.63,2,914482,914031,451
74235421,30.8458,30.8393,451,48865,0.760195,0.63,2,914519,914068,451
74238341,22.1692,6.16786,471,48908,0.752039,0.63,2,914539,914068,471
74241261,26.8338,18.0336,478,48951,0.766408,0.65,2,914567,914089,478
74244181,34.1668,25.2067,487,48994,0.785282,0.65,2,914603,914116,487
74247101,26.0334,32.2413,477,49037,0.821056,0.69,2,914627,914150,477
74250021,30.8067,25.6483,485,49080,0.844211,0.65,2,914659,914174,485
74252941,30.1613,30.7297,483,49123,0.848842,0.61,2,914689,914206,483
74255861,44.4323,31.7459,499,49166,0.865768,0.65,2,914737,914238,499
74258781,25.6865,44.7492,472,49209,0.869154,0.63,2,914758,914286,472
74261701,30.7373,24.1498,485,49252,0.869831,0.69,2,914790,914305,485
74264621,39.7475,30.43,495,49295,0.901966,0.69,2,914832,914337,495
74267541,9.54949,38.086,457,49338,0.908393,0.69,2,914834,914377,457
74270461,40.3099,9.2172,503,49381,0.925679,0.73,2,914882,914379,503
74498221,67,44,491,24178,0.09,0.61,1,917231,916740,491
74501141,58.2,61.6,481,24266,0.122,0.37,1,917287,916806,481
74504061,59.64,72.32,466,24353,0.0484,0.25,1,917347,916881,466
74506981,54.328,61.664,460,24440,0.04968,0.23,1,917400,916940,460
74509901,34.0656,55.5328,435,24527,0.081936,0.03,1,917429,916994,435
74512821,28.4131,31.1066,437,24613,0.0723872,0.07,1,917456,917019,437
74515741,58.4826,25.4213,479,24699,0.0224774,0.05,1,917522,917043,479
74518661,65.2965,72.2843,462,24785,0.0924955,0.09,1,917589,917127,462
74521581,67.4593,97.6569,426,24871,0.186499,0.13,1,917657,917231,426
74524501,59.8919,64.3314,428,24956,0.2213,0.03,1,917715,917287,428
74527421,57.5784,60.8663,425,25041,0.26026,0.05,1,917772,917347,425
74530341,53.9157,54.5733,425,25126,0.348052,0.09,1,917825,917400,425
74533261,34.7831,34.1147,426,25210,0.33361,0.07,1,917855,917429,426
74536181,27.7566,28.4229,425,25294,0.346722,0.01,1,917881,917456,425
74539101,56.7513,58.4846,423,25378,0.381344,0.11,1,917945,917522,423
74542021,68.9503,65.2969,428,25461,0.228269,0.11,1,918017,917589,428
74544941,70.5901,13.0594,499,25544,0.181654,0.21,1,918088,917589,499
74547861,62.118,57.0119,491,25627,0.140331,0.23,1,918148,917657,491
74550781,58.8236,57.8024,491,25710,0.148066,0.27,1,918206,917715,491
74553701,56.5647,57.1605,490,25792,0.181613,0.37,1,918262,917772,490
74556621,35.3129,53.8321,467,25874,0.220323,0.33,1,918292,917825,467
74559541,28.6626,34.7664,464,25956,0.260065,0.35,1,918319,917855,464
74562461,56.9325,27.7533,502,26038,0.316013,0.39,1,918383,917881,502
74565381,62.5865,56.7507,502,26119,0.343203,0.19,1,918447,917945,502
74568301,68.5173,68.9501,500,26200,0.412641,0.17,1,918517,918017,500
74571221,60.1035,70.59,487,26281,0.490528,0.13,1,918575,918088,487
74574141,59.2207,62.118,486,26362,0.490106,0.15,1,918634,918148,486
74577061,58.2441,58.8236,486,26442,0.538021,0.19,1,918692,918206,486
74579981,37.2488,56.5647,462,26522,0.531604,0.23,1,918724,918262,462
74582901,30.6498,35.3129,461,26602,0.514321,0.27,1,918753,918292,461
74585821,59.73,28.6626,501,26682,0.542864,0.33,1,918820,918319,501
74588741,63.946,56.9325,502,26761,0.596573,0.35,1,918885,918383,502
74591661,71.9892,62.5865,512,26840,0.607315,0.43,1,918959,918447,512
74594581,15.9978,68.5173,444,26919,0.609463,0.51,1,918961,918517,444
74597501,51.9996,60.1035,447,26998,0.657893,0.49,1,919022,918575,447
74600421,57.5999,59.2207,447,27076,0.651579,0.55,1,919081,918634,447
74603341,59.52,58.2441,449,27154,0.650316,0.53,1,919141,918692,449
74606261,36.704,37.2488,448,27232,0.634063,0.51,1,919172,918724,448
74609181,29.7408,30.6498,447,27310,0.630813,0.55,1,919200,918753,447
74612101,61.1482,59.73,449,27388,0.630163,0.61,1,919269,918820,449
74615021,66.6296,63.946,452,27465,0.678033,0.61,1,919337,918885,452
74617941,72.5259,71.9892,452,27542,0.703606,0.61,1,919411,918959,452
74620861,16.1052,15.9978,452,27619,0.740721,0.67,1,919413,918961,452
74623781,52.821,51.9996,453,27696,0.748144,0.65,1,919475,919022,453
74626701,58.5642,57.5999,454,27772,0.781629,0.65,2,919535,919081,454
74629621,59.7128,59.52,454,27848,0.836326,0.63,2,919595,919141,454
74632541,35.9426,36.704,453,27924,0.847265,0.63,2,919625,919172,453
74635461,30.3885,29.7408,454,28000,0.881453,0.63,2,919654,919200,454
74638381,60.4777,61.1482,453,28076,0.920291,0.69,2,919722,919269,453
74737661,72,66,487,30534,0.59,1,1,921483,920996,487
74740581,41.6,32.4,497,30603,0.51,1,1,921517,921020,497
74743501,26.72,29.68,491,30672,0.494,1,1,921540,921049,491
74746421,15.744,22.736,483,30741,0.5068,1,1,921553,921070,483
74749341,57.5488,60.5472,481,30810,0.39736,1,1,921621,921140,481
74752261,66.7098,72.9094,474,30879,0.311472,0.93,1,921690,921216,474
74755181,66.942,74.5819,466,30948,0.230294,0.91,1,921757,921291,466
74758101,30.9884,32.5164,466,31016,0.182059,0.87,1,921779,921313,466
74761021,47.7977,48.1033,466,31084,0.172412,0.77,1,921831,921365,466
74763941,39.1595,46.4207,457,31152,0.138482,0.59,1,921868,921411,457
74766861,59.8319,66.8841,450,31220,0.0836965,0.49,1,921933,921483,450
74769781,37.5664,40.5768,448,31288,0.0567393,0.49,1,921965,921517,448
74772701,23.5133,8.11536,468,31356,0.0113479,0.49,1,921985,921517,468
74775621,11.9027,20.0231,454,31423,0.0262696,0.51,1,921994,921540,454
74778541,54.3805,14.4046,506,31490,0.0292539,0.37,1,922059,921553,506
74781461,62.0761,57.2809,502,31557,0.0618508,0.29,1,922123,921621,502
74784381,62.8152,66.6562,496,31624,0.14837,0.21,1,922186,921690,496
74787301,29.363,66.9312,450,31691,0.149674,0.17,1,922207,921757,450
74790221,47.4726,30.9862,480,31758,0.245935,0.17,1,922259,921779,480
74793141,38.2945,47.7973,464,31825,0.233187,0.13,1,922295,921831,464
74796061,58.0589,39.1595,490,31891,0.262637,0.07,1,922358,921868,490
74798981,34.0118,59.8319,453,31957,0.300527,0.05,1,922386,921933,453
74801901,24.4024,37.5664,443,32023,0.244105,0,1,922408,921965,443
74804821,10.4805,23.5133,430,32089,0.248821,0.03,1,922415,921985,430
74807741,54.8961,11.9027,487,32155,0.281764,0.03,1,922481,921994,487
74810661,66.1792,54.3805,491,32221,0.256353,0.07,1,922550,922059,491
74813581,65.2358,62.0761,492,32287,0.267271,0.17,1,922615,922123,492
74816501,29.0472,62.8152,449,32353,0.269454,0.15,1,922635,922186,449
74819421,50.6094,29.363,484,32418,0.301891,0.27,1,922691,922207,484
74822341,38.9219,47.4726,468,32483,0.308378,0.23,1,922727,922259,468
74825261,59.7844,38.2945,497,32548,0.325676,0.27,1,922792,922295,497
74828181,35.9569,58.0589,464,32613,0.345135,0.31,1,922822,922358,464
74831101,21.5914,34.0118,454,32678,0.349027,0.23,1,922840,922386,454
74834021,9.11827,24.4024,438,32743,0.349805,0.25,1,922846,922408,438
74836941,3.42365,10.4805,433,32808,0.349961,0.29,1,922848,922415,433
74839861,55.8847,54.8961,436,32872,0.397992,0.25,1,922917,922481,436
74842781,64.7769,66.1792,434,32936,0.423598,0.27,1,922984,922550,434
74845701,65.7554,65.2358,435,33000,0.41272,0.27,1,923050,922615,435
74848621,29.1511,29.0472,435,33064,0.442544,0.31,1,923070,922635,435
74851541,52.2302,50.6094,437,33128,0.400509,0.31,1,923128,922691,437
74854461,39.246,38.9219,437,33192,0.472102,0.33,1,923164,922727,437
74857381,61.4492,59.7844,439,33256,0.47042,0.35,1,923231,922792,439
74860301,36.2898,35.9569,439,33320,0.502084,0.35,1,923261,922822,439
74863221,21.658,21.5914,439,33383,0.508417,0.35,1,923279,922840,439
74866141,9.13159,9.11827,439,33446,0.525683,0.35,1,923285,922846,439
74869061,3.42632,3.42365,439,33509,0.529137,0.41,1,923287,922848,439
74871981,56.6853,55.8847,440,33572,0.561827,0.43,1,923357,922917,440
74874901,65.7371,64.7769,441,33635,0.632365,0.41,1,923425,922984,441
74877821,66.7474,65.7554,442,33698,0.646473,0.45,1,923492,923050,442
74880741,30.1495,29.1511,443,33761,0.681295,0.39,1,923513,923070,443
74883661,52.4299,52.2302,443,33824,0.736259,0.49,1,923571,923128,443
74886581,40.086,39.246,444,33887,0.747252,0.47,1,923608,923164,444
74889501,62.4172,61.4492,445,33949,0.76545,0.51,2,923676,923231,445
74892421,38.0834,36.2898,447,34011,0.73709,0.51,1,923708,923261,447
74895341,22.8167,21.658,448,34073,0.747418,0.53,1,923727,923279,448
74898261,9.36334,9.13159,448,34135,0.749484,0.53,1,923733,923285,448
74901181,3.47267,3.42632,448,34197,0.781897,0.57,2,923735,923287,448
74904101,56.6945,56.6853,448,34259,0.772379,0.57,2,923805,923357,448
74907021,69.7389,11.3371,521,34321,0.722476,0.65,1,923878,923357,521
74909941,68.3478,56.6674,521,34383,0.744495,0.65,1,923946,923425,521
74912861,31.2696,64.9335,476,34444,0.716899,0.69,1,923968,923492,476
74915781,53.4539,29.7867,514,34505,0.72738,0.75,1,924027,923513,514
74918701,41.8908,52.3573,495,34566,0.793476,0.75,2,924066,923571,495
74921621,63.5782,40.0715,527,34627,0.870695,0.77,2,924135,923608,527
74924541,36.7156,62.4143,489,34688,0.886139,0.73,2,924165,923676,489
74927461,23.3431,38.0829,477,34749,0.889228,0.75,2,924185,923708,477
74930381,9.46863,22.8166,464,34810,0.889846,0.75,2,924191,923727,464
74933301,3.49372,9.36331,460,34871,0.889969,0.79,2,924193,923733,460
74936221,57.4987,3.47266,529,34932,0.921994,0.77,2,924264,923735,529
74939141,67.4997,56.6945,529,34993,0.944399,0.71,2,924334,923805,529
75111421,49,38,534,38393,0.79,1,2,926725,926191,534
75114341,36.2,54.8,508,38448,0.902,1,2,926758,926250,508
75117261,32.04,36.56,507,38503,0.8764,1,2,926789,926282,507
75120181,24.808,32.912,498,38558,0.83928,0.9,2,926812,926314,498
75123101,35.3616,28.9824,508,38613,0.863856,0.95,2,926850,926342,508
75126021,18.2723,36.1965,484,38668,0.900771,0.99,2,926864,926380,484
75128941,26.0545,41.6393,469,38723,0.876154,0.91,2,926892,926423,469
75131861,62.8109,71.5279,462,38778,0.903231,0.93,2,926964,926502,462
75134781,49.3622,48.7056,465,38832,0.940646,0.89,2,927010,926545,465
75137701,45.0724,43.3411,467,38886,0.932129,0.87,2,927054,926587,467
75140621,22.6145,23.8682,465,38940,0.914426,0.87,2,927071,926606,465
75309981,34,49,485,41968,0.85,1,2,929170,928685,485
75312901,36.4,35.4,490,42018,0.722,1,1,929207,928717,490
75315821,34.48,31.08,494,42068,0.5684,1,1,929241,928747,494
75318741,33.296,28.616,499,42118,0.39368,1,1,929274,928775,499
75321661,33.8592,15.3232,521,42168,0.262736,1,1,929308,928787,521
75324581,24.3718,29.4646,510,42218,0.236547,1,1,929330,928820,510
75327501,28.8744,29.8929,510,42268,0.103309,1,1,929360,928850,510
75330421,34.5749,59.5786,479,42318,0.0446619,1,1,929396,928917,479
75333341,39.715,44.7157,479,42368,0.0329324,1,1,929437,928958,479
75336261,31.143,35.3431,475,42418,0.00658648,0.99,1,929466,928991,475
75339181,40.6286,43.0686,473,42468,0.0253173,1,1,929509,929036,473
75342101,43.3257,39.0137,479,42518,0.0930635,0.88,1,929553,929074,479
75345021,21.4651,34.2027,462,42568,0.0746127,0.9,1,929569,929107,462
75347941,25.893,30.0405,460,42618,0.0389225,0.85,1,929596,929136,460
75350861,30.7786,33.2081,458,42668,0.0477845,0.69,1,929628,929170,458
75353781,31.7557,36.2416,453,42717,0.0655569,0.53,1,929660,929207,453
75356701,28.7511,34.4483,447,42766,0.0691114,0.35,1,929688,929241,447
75359621,27.3502,33.2897,441,42815,0.0698223,0.23,1,929715,929274,441
75362541,25.47,33.8579,432,42864,0.0699645,0.23,1,929740,929308,432
75365461,19.494,24.3716,428,42913,0.0699929,0.07,1,929758,929330,428
75368381,23.0988,28.8743,422,42962,0.101999,0.03,1,929782,929360,422
75371301,33.4198,34.5749,422,43011,0.0603997,0.03,1,929818,929396,422
75374221,38.684,6.91497,462,43060,0.0360799,0.03,1,929858,929396,462
75377141,30.9368,34.183,450,43109,0.00721599,0,1,929887,929437,450
75380061,40.5874,30.0366,464,43158,0.0414432,0.03,1,929930,929466,464
75382981,44.9175,40.4073,467,43207,0.0322886,0.11,1,929976,929509,467
75385901,20.9835,43.2815,438,43256,0.0784577,0.07,1,929991,929553,438
75388821,24.9967,21.4563,448,43305,0.0236915,0.03,1,930017,929569,448
75391741,31.3993,25.8913,454,43354,0.0127383,0.05,1,930050,929596,454
75394661,33.4799,30.7783,456,43403,0.0585477,0.07,1,930084,929628,456
75397581,26.696,31.7557,449,43452,0.0677095,0.07,1,930109,929660,449
75400501,28.5392,28.7511,450,43501,0.0375419,0.07,1,930138,929688,450
75403421,24.9078,27.3502,447,43550,0.111508,0.07,1,930162,929715,447
75406341,20.9816,25.47,442,43598,0.126302,0.07,1,930182,929740,442
75409261,20.9963,19.494,445,43646,0.0812603,0.11,1,930203,929758,445
75412181,32.9993,23.0988,457,43694,0.0402521,0.05,1,930239,929782,457
75415101,38.5999,33.4198,461,43742,0.0480504,0.03,1,930279,929818,461
75418021,30.92,38.684,450,43790,0.0176101,0,1,930308,929858,450
75420941,40.584,30.9368,464,43838,0.027522,0.05,1,930351,929887,464
75423861,47.3168,40.5874,470,43886,0.0455044,0.03,1,930400,929930,470
75426781,20.6634,44.9175,438,43934,0.0651009,0.09,1,930414,929976,438
75429701,24.9327,20.9835,449,43982,0.0850202,0.01,1,930440,929991,449
75432621,29.7865,24.9967,454,44030,0.137004,0.01,1,930471,930017,454
75435541,35.5573,31.3993,458,44078,0.0994008,0.07,1,930508,930050,458
75438461,27.1115,33.4799,449,44126,0.0758802,0.07,1,930533,930084,449
75441381,31.0223,26.696,456,44174,0.071176,0.03,1,930565,930109,456
75444301,25.4045,28.5392,451,44222,0.0542352,0.13,1,930589,930138,451
75447221,19.4809,24.9078,445,44270,0.066847,0.13,1,930607,930162,445
75450141,18.2962,20.9816,443,44318,0.0693694,0.07,1,930625,930182,443
75453061,32.4592,20.9963,458,44366,0.0538739,0.03,1,930661,930203,458
75455981,37.6918,32.9993,461,44414,0.0507748,0.05,1,930700,930239,461
75458901,30.7384,38.5999,450,44461,0.018155,0.01,1,930729,930279,450
75461821,7.74767,30.92,423,44508,0.00363099,0.03,1,930731,930308,423
75464741,36.7495,40.584,424,44555,0.0247262,0.05,1,930775,930351,424
75467661,46.5499,47.3168,424,44602,0.0289452,0.07,1,930824,930400,424
75470581,21.31,20.6634,425,44649,0.00578905,0.09,1,930839,930414,425
75473501,26.662,24.9327,427,44696,0.0731578,0.15,1,930867,930440,427
75476421,31.7324,29.7865,429,44743,0.0706316,0.09,1,930900,930471,429
75479341,33.5465,35.5573,426,44790,0.0381263,0.07,1,930934,930508,426
75482261,25.9093,27.1115,425,44837,0.0796253,0.07,1,930958,930533,425
75485181,29.1819,31.0223,423,44884,0.103925,0.05,1,930988,930565,423
75488101,26.6364,25.4045,425,44931,0.092785,0.07,1,931014,930589,425
75491021,19.7273,19.4809,425,44978,0.090557,0.07,1,931032,930607,425
75493941,18.3455,18.2962,425,45025,0.122111,0.05,1,931050,930625,425
75496861,30.8691,32.4592,423,45072,0.0644223,0.05,1,931084,930661,423
75499781,36.5738,37.6918,422,45119,0.0208845,0.01,1,931122,930700,422
75502701,31.3148,30.7384,423,45166,0.00417689,0,1,931152,930729,423
75505621,7.86295,7.74767,423,45213,0.0248354,0.03,1,931154,930731,423
75508541,36.7726,36.7495,423,45260,0.0449671,0.03,1,931198,930775,423
75511461,45.7545,46.5499,422,45307,0.0169934,0,1,931246,930824,422
75514381,21.1509,21.31,422,45354,0.0433987,0.09,1,931261,930839,422
75517301,28.2302,26.662,424,45400,0.0646797,0.07,1,931291,930867,424
75520221,31.246,31.7324,423,45446,0.100936,0.03,1,931323,930900,423
75523141,34.2492,33.5465,424,45492,0.0921872,0.09,1,931358,930934,424
75526061,26.0498,25.9093,424,45538,0.0904374,0.11,1,931382,930958,424
75528981,30.01,29.1819,425,45584,0.106087,0.09,1,931413,930988,425
75531901,26.802,26.6364,425,45630,0.157218,0.09,1,931439,931014,425
75534821,20.5604,19.7273,426,45676,0.215443,0.13,1,931458,931032,426
75537741,18.5121,18.3455,426,45722,0.211089,0.05,1,931476,931050,426
75540661,29.3024,30.8691,424,45768,0.242218,0.01,1,931508,931084,424
75543581,34.6605,36.5738,422,45814,0.216444,0,1,931544,931122,422
75546501,30.9321,31.3148,422,45860,0.0992887,0.03,1,931574,931152,422
75549421,7.78642,7.86295,422,45906,0.0758577,0.03,1,931576,931154,422
75552341,35.9573,1.57259,465,45952,0.0871716,0.05,1,931619,931154,465
75555261,46.3915,35.5145,470,45998,0.0254343,0.01,1,931668,931198,470
75558181,20.4783,45.5029,436,46044,0.0130869,0.05,1,931682,931246,436
75561101,28.8957,21.1006,452,46090,0.0426174,0.07,1,931713,931261,452
75564021,32.9791,28.2201,456,46136,0.0485235,0.11,1,931747,931291,456
75566941,33.7958,31.244,458,46182,0.0497047,0.09,1,931781,931323,458
75569861,26.7592,34.2488,448,46228,0.0339409,0.09,1,931806,931358,448
75572781,31.7518,26.0498,457,46274,0.0787882,0.11,1,931839,931382,457
75575701,29.5504,30.01,455,46320,0.103758,0.17,1,931868,931413,455
75578621,22.7101,26.802,450,46366,0.156752,0.23,1,931889,931439,450
75581541,18.942,20.5604,449,46411,0.22335,0.21,1,931907,931458,449
75584461,29.3884,18.5121,463,46456,0.26067,0.25,1,931939,931476,463
75587381,33.8777,29.3024,466,46501,0.252134,0.21,1,931974,931508,466
75590301,25.1755,34.6605,453,46546,0.266427,0.07,1,931997,931544,453
75593221,6.63511,30.9321,425,46591,0.301285,0.07,1,931999,931574,425
75596141,37.327,7.78642,468,46636,0.292257,0.09,1,932044,931576,468
75599061,43.4654,35.9573,470,46681,0.274451,0.01,1,932089,931619,470
75601981,20.6931,46.3915,436,46726,0.23889,0.01,1,932104,931668,436
75604901,29.7386,20.4783,454,46771,0.263778,0.05,1,932136,931682,454
75607821,33.1477,28.8957,457,46816,0.268756,0.05,1,932170,931713,457
75610741,33.8295,32.9791,457,46861,0.285751,0.05,1,932204,931747,457
75613661,27.5659,33.7958,449,46906,0.30515,0.03,1,932230,931781,449
75616581,32.7132,26.7592,458,46951,0.34103,0.09,1,932264,931806,458
75619501,31.3426,31.7518,456,46996,0.364206,0.11,1,932295,931839,456
75622421,27.0685,29.5504,453,47041,0.368841,0.17,1,932321,931868,453
75625341,20.6137,22.7101,451,47086,0.369768,0.24,1,932340,931889,451
75628261,30.5227,18.942,466,47131,0.369954,0.27,1,932373,931907,466
75631181,34.9045,29.3884,470,47176,0.385991,0.25,1,932409,931939,470
75634101,26.1809,33.8777,459,47221,0.389198,0.27,1,932433,931974,459
75637021,6.83618,25.1755,438,47266,0.38984,0.31,1,932435,931997,438
75639941,36.5672,6.63511,480,47311,0.421968,0.29,1,932479,931999,480
75642861,40.9134,37.327,477,47356,0.476394,0.27,1,932521,932044,477
75645781,9.78269,43.4654,434,47401,0.487279,0.23,1,932523,932089,434
75648701,13.1565,20.6931,433,47445,0.489456,0.27,1,932537,932104,433
75651621,29.8313,29.7386,435,47489,0.553891,0.27,1,932571,932136,435
75654541,33.1663,33.1477,435,47533,0.566778,0.29,1,932605,932170,435
75657461,34.6333,33.8295,436,47577,0.521356,0.31,1,932640,932204,436
75660381,28.5267,27.5659,437,47621,0.528271,0.35,1,932667,932230,437
75663301,34.5053,32.7132,439,47665,0.529654,0.37,1,932703,932264,439
75666221,32.5011,31.3426,440,47709,0.497931,0.37,1,932735,932295,440
75669141,28.1002,27.0685,441,47753,0.539586,0.37,1,932762,932321,441
75672061,20.02,20.6137,440,47797,0.563917,0.37,1,932780,932340,440
75674981,31.204,30.5227,441,47841,0.552783,0.39,1,932814,932373,441
75677901,35.0408,34.9045,441,47885,0.518557,0.39,1,932850,932409,441
75680821,26.2082,26.1809,441,47929,0.527711,0.39,1,932874,932433,441
75683741,6.84163,6.83618,441,47973,0.561542,0.43,1,932876,932435,441
75686661,38.9683,36.5672,444,48017,0.536308,0.49,1,932923,932479,444
75689581,42.9937,40.9134,446,48061,0.563262,0.49,1,932967,932521,446
75692501,10.1987,9.78269,446,48105,0.552652,0.49,1,932969,932523,446
75695421,13.2397,13.1565,446,48149,0.58253,0.57,1,932983,932537,446
75698341,31.448,29.8313,448,48193,0.572506,0.57,1,933019,932571,448
75701261,33.4896,33.1663,448,48237,0.570501,0.51,1,933053,932605,448
75704181,33.8979,34.6333,447,48281,0.5861,0.53,1,933087,932640,447
75707101,29.1796,28.5267,448,48325,0.58922,0.53,1,933115,932667,448
75710021,33.0359,34.5053,446,48369,0.573844,0.49,1,933149,932703,446
75712941,33.0072,32.5011,447,48413,0.602769,0.55,1,933182,932735,447
75715861,28.2014,28.1002,447,48457,0.608554,0.57,1,933209,932762,447
75718781,20.8403,20.02,448,48500,0.625711,0.55,1,933228,932780,448
75721701,30.5681,31.204,447,48543,0.645142,0.51,1,933261,932814,447
75724621,34.9136,35.0408,447,48586,0.649028,0.53,1,933297,932850,447
75727541,26.9827,26.2082,448,48629,0.697806,0.57,1,933322,932874,448
75730461,6.99654,6.84163,448,48672,0.675561,0.53,1,933324,932876,448
75733381,38.9993,38.9683,448,48715,0.703112,0.57,1,933371,932923,448
75736301,43.7999,42.9937,449,48758,0.788622,0.55,2,933416,932967,449
75739221,10.36,10.1987,449,48801,0.805725,0.59,2,933418,932969,449
75742141,13.272,13.2397,449,48844,0.809145,0.59,2,933432,932983,449
75745061,29.8544,2.64795,483,48887,0.793829,0.57,2,933466,932983,483
75747981,33.1709,29.3296,481,48930,0.806766,0.57,2,933500,933019,481
75750901,34.6342,33.0659,482,48973,0.825353,0.59,2,933535,933053,482
75753821,29.3268,33.8132,476,49016,0.845071,0.59,2,933563,933087,476
75756741,33.8654,29.1626,483,49059,0.833014,0.57,2,933598,933115,483
75759661,33.1731,33.0325,482,49102,0.846603,0.61,2,933631,933149,482
75762581,28.2346,33.0065,476,49145,0.849321,0.61,2,933658,933182,476
75765501,21.6469,28.2013,469,49188,0.849864,0.63,2,933678,933209,469
75768421,31.5294,20.8403,484,49231,0.865973,0.65,2,933712,933228,484
75997641,43,55,478,24266,0.47,0.65,1,936026,935548,478
76000561,52.6,63,468,24353,0.454,0.51,1,936081,935613,468
76003481,75.32,52.6,499,24440,0.4988,0.45,1,936162,935663,499
76006401,70.264,81.72,479,24527,0.50776,0.47,1,936231,935752,479
76009321,77.2528,65.144,497,24613,0.509552,0.41,1,936310,935813,497
76012241,25.0506,57.8288,453,24699,0.50991,0.45,1,936322,935869,453
76015161,24.2101,27.5658,457,24785,0.525982,0.45,1,936346,935889,457
76018081,69.642,80.7132,444,24871,0.609196,0.47,1,936427,935983,444
76021001,49.1284,50.5426,445,24956,0.625839,0.45,1,936471,936026,445
76023921,53.8257,54.1085,445,25041,0.693168,0.51,1,936526,936081,445
76026841,77.1651,75.6217,447,25126,0.706634,0.51,1,936609,936162,447
76029761,70.633,70.3243,447,25210,0.693327,0.51,1,936678,936231,447
76032681,77.3266,77.2649,447,25294,0.770665,0.51,2,936757,936310,447
76035601,25.0653,25.053,447,25378,0.786133,0.53,2,936769,936322,447
76038521,25.0131,24.2106,448,25461,0.741227,0.53,1,936794,936346,448
76041441,71.4026,4.84212,531,25544,0.732245,0.63,1,936877,936346,531
76044361,51.8805,65.7684,497,25627,0.714449,0.63,1,936924,936427,497
76047281,55.1761,48.3537,509,25710,0.67889,0.71,1,936980,936471,509
76050201,79.0352,53.6707,539,25792,0.719778,0.71,1,937065,936526,539
76053121,71.007,77.1341,525,25874,0.711956,0.69,1,937134,936609,525
76056041,79.0014,70.6268,537,25956,0.774391,0.79,2,937215,936678,537
76058961,25.4003,77.3254,470,26038,0.786878,0.79,2,937227,936757,470
76061881,24.2801,25.0651,482,26119,0.789376,0.73,2,937251,936769,482
76064801,71.256,25.013,540,26200,0.837875,0.73,2,937334,936794,540
76067721,49.4512,71.4026,501,26281,0.879575,0.71,2,937378,936877,501
76161161,28,85,500,28747,0.75,1,2,939136,938636,500
76164081,26.4,33,506,28821,0.718,1,1,939162,938656,506
76167001,56.48,30.6,540,28894,0.6476,1,1,939226,938686,540
76169921,35.296,59.72,503,28967,0.58552,0.95,1,939256,938753,503
76172841,31.8592,35.944,504,29040,0.621104,1,1,939287,938783,504
76175761,35.9718,37.5888,503,29113,0.548221,1,1,939324,938821,503
76178681,75.9944,34.7178,555,29186,0.469644,1,1,939410,938855,555
76181601,80.7989,78.1436,548,29259,0.469929,0.83,1,939492,938944,548
76184521,79.3598,83.6287,542,29331,0.437986,0.81,1,939571,939029,542
76187441,35.072,79.9257,487,29403,0.447597,0.75,1,939595,939108,487
76190361,25.4144,38.3851,482,29475,0.465519,0.71,1,939618,939136,482
76193281,53.8829,28.477,517,29547,0.565104,0.63,1,939679,939162,517
76196201,33.1766,56.8954,481,29619,0.553021,0.57,1,939707,939226,481
76199121,31.4353,35.3791,482,29690,0.582604,0.63,1,939738,939256,482
76202041,32.6871,31.8758,484,29761,0.604521,0.53,1,939771,939287,484
76204961,72.1374,35.9752,529,29832,0.624904,0.45,1,939853,939324,529
76207881,16.0275,75.995,445,29903,0.596981,0.47,1,939855,939410,445
76210801,68.8055,80.799,445,29974,0.671396,0.43,1,939937,939492,445
76213721,76.1611,79.3598,444,30045,0.734279,0.45,1,940015,939571,444
76216641,35.2322,35.072,445,30115,0.762856,0.47,2,940040,939595,445
76219561,26.2464,25.4144,446,30185,0.768571,0.59,2,940064,939618,446
76222481,56.4493,53.8829,449,30255,0.705714,0.55,1,940128,939679,449
76225401,33.6899,33.1766,449,30325,0.693143,0.59,1,940156,939707,449
76228321,33.138,31.4353,451,30395,0.690629,0.61,1,940189,939738,451
76231241,32.2276,32.6871,450,30465,0.738126,0.63,1,940221,939771,450
76234161,75.2455,72.1374,454,30534,0.715625,0.59,1,940307,939853,454
76237081,16.6491,16.0275,454,30603,0.711125,0.69,1,940309,939855,454
76240001,70.5298,68.8055,456,30672,0.774225,0.75,2,940393,939937,456
76242921,78.906,76.1611,459,30741,0.802845,0.77,2,940474,940015,459
76245841,34.9812,35.2322,458,30810,0.856569,0.77,2,940498,940040,458
76248761,26.1962,26.2464,458,30879,0.867314,0.69,2,940522,940064,458
76251681,54.8392,56.4493,456,30948,0.885463,0.69,2,940584,940128,456
76254601,34.1679,33.6899,457,31016,0.921093,0.69,2,940613,940156,457
76257521,33.2336,33.138,457,31084,0.912219,0.75,2,940646,940189,457
76260441,32.2467,32.2276,457,31152,0.926444,0.71,2,940678,940221,457
76263361,73.6493,75.2455,455,31220,0.945289,0.71,2,940762,940307,455
76266281,16.3299,16.6491,455,31288,0.949058,0.71,2,940764,940309,455
76269201,74.466,3.32982,544,31356,0.917812,0.79,2,940853,940309,544
76272121,81.2932,67.866,543,31423,0.863562,0.81,2,940936,940393,543
76275041,35.4586,78.3732,486,31490,0.852712,0.87,2,940960,940474,486
76277961,26.2917,34.8746,486,31557,0.850542,0.87,2,940984,940498,486
76280881,58.0583,26.1749,528,31624,0.898109,0.89,2,941050,940522,528
76283801,34.0117,54.835,494,31691,0.907622,0.93,2,941078,940584,494
76286721,32.4023,34.167,497,31758,0.925524,0.91,2,941110,940613,497
76391841,43,36,489,34073,0.59,1,1,942749,942260,489
76394761,78.2,84,480,34135,0.446,1,1,942836,942356,480
76397681,44.44,40,487,34197,0.3372,1,1,942872,942385,487
76400601,25.688,23.2,489,34259,0.33144,1,1,942893,942404,489
76403521,27.5376,4.64,517,34321,0.298288,1,1,942921,942404,517
76406441,28.7075,19.328,523,34383,0.195658,1,1,942950,942427,523
76409361,35.3415,43.0656,511,34444,0.191132,0.97,1,942987,942476,511
76412281,30.2683,40.6131,500,34505,0.190226,0.87,1,943016,942516,500
76415201,34.8537,32.1226,506,34566,0.158045,0.99,1,943052,942546,506
76418121,70.1707,40.8245,542,34627,0.135609,0.75,1,943131,942589,542
76421041,36.4341,73.7649,488,34688,0.0991218,0.65,1,943159,942671,488
76423961,39.2868,42.753,493,34749,0.155824,0.59,1,943199,942706,493
76426881,68.6574,42.9506,526,34810,0.183165,0.41,1,943275,942749,526
76429801,42.5315,78.1901,475,34871,0.172633,0.31,1,943311,942836,475
76432721,21.3063,44.438,455,34932,0.138527,0.33,1,943327,942872,455
76435641,27.4613,25.6876,463,34993,0.115705,0.29,1,943356,942893,463
76438561,26.2923,27.5375,461,35053,0.143141,0.17,1,943382,942921,461
76441481,33.2585,28.7075,467,35113,0.180628,0.19,1,943417,942950,467
76444401,27.4517,35.3415,456,35173,0.172126,0.19,1,943443,942987,456
76447321,34.2903,30.2683,463,35233,0.202425,0.15,1,943479,943016,463
76450241,70.0581,34.8537,506,35293,0.224485,0.13,1,943558,943052,506
76453161,35.6116,70.1707,454,35353,0.260897,0.09,1,943585,943131,454
76456081,41.5223,36.4341,469,35413,0.284179,0.17,1,943628,943159,469
76459001,69.9045,39.2868,506,35473,0.320836,0.19,1,943705,943199,506
76461921,41.9809,68.6574,465,35533,0.328167,0.17,1,943740,943275,465
76464841,19.5962,42.5315,443,35592,0.329633,0.13,1,943754,943311,443
76467761,26.3192,21.3063,455,35651,0.329927,0.11,1,943782,943327,455
76470681,6.86385,27.4613,428,35710,0.329985,0.15,1,943784,943356,428
76473601,22.1728,26.2923,428,35769,0.361997,0.19,1,943810,943382,428
76476521,34.8346,33.2585,431,35828,0.368399,0.17,1,943848,943417,431
76479441,26.9669,27.4517,430,35887,0.35368,0.21,1,943873,943443,430
76482361,34.9934,34.2903,431,35946,0.366736,0.23,1,943910,943479,431
76485281,72.5987,70.0581,434,36005,0.369347,0.27,1,943992,943558,434
76488201,36.9197,35.6116,435,36064,0.353869,0.29,1,944020,943585,435
76491121,42.5839,41.5223,436,36123,0.366774,0.33,1,944064,943628,436
76494041,72.5168,69.9045,439,36182,0.385355,0.33,1,944144,943705,439
76496961,41.7034,41.9809,438,36240,0.437071,0.33,1,944178,943740,438
76499881,19.5407,19.5962,438,36298,0.447414,0.33,1,944192,943754,438
76502801,26.3081,26.3192,438,36356,0.449483,0.33,1,944220,943782,438
76505721,6.86163,6.86385,438,36414,0.417897,0.37,1,944222,943784,438
76508641,23.7723,22.1728,440,36472,0.411579,0.37,1,944250,943810,440
76511561,35.1545,34.8346,440,36530,0.458316,0.35,1,944288,943848,440
76514481,26.2309,26.9669,439,36588,0.515663,0.37,1,944312,943873,439
76517401,35.6462,34.9934,440,36646,0.527133,0.37,1,944350,943910,440
76520321,71.1292,72.5987,438,36704,0.529427,0.35,1,944430,943992,438
76523241,37.4258,36.9197,439,36762,0.545885,0.37,1,944459,944020,439
76526161,43.4852,42.5839,440,36819,0.613177,0.39,1,944504,944064,440
76529081,73.497,72.5168,441,36876,0.578635,0.45,1,944585,944144,441
76532001,42.6994,41.7034,442,36933,0.619727,0.45,1,944620,944178,442
76534921,19.7399,19.5407,442,36990,0.627945,0.45,1,944634,944192,442
76537841,26.348,26.3081,442,37047,0.629589,0.41,1,944662,944220,442
76540761,6.86959,6.86163,442,37104,0.597918,0.41,1,944664,944222,442
76543681,23.7739,23.7723,442,37161,0.591584,0.41,1,944692,944250,442
76546601,36.7548,4.75446,482,37218,0.558317,0.47,1,944732,944250,482
76549521,27.351,31.3509,469,37275,0.535663,0.53,1,944757,944288,469
76552441,37.4702,25.4702,485,37332,0.579133,0.53,1,944797,944312,485
76555361,71.494,35.494,527,37389,0.603827,0.53,1,944877,944350,527
76558281,38.2988,71.0988,477,37446,0.608765,0.55,1,944907,944430,477
76561201,45.2598,37.4198,495,37502,0.673753,0.63,1,944954,944459,495
76564121,73.852,43.484,531,37558,0.734751,0.57,1,945035,944504,531
76567041,42.7704,73.4968,485,37614,0.74695,0.63,1,945070,944585,485
76569961,19.7541,42.6994,464,37670,0.76539,0.63,2,945084,944620,464
76572881,26.3508,19.7399,478,37726,0.785078,0.63,2,945112,944634,478
76575801,6.87016,26.348,452,37782,0.789016,0.59,2,945114,944662,452
76578721,23.774,6.86959,478,37838,0.789803,0.59,2,945142,944664,478
76581641,35.1548,23.7739,488,37894,0.789961,0.55,2,945180,944692,488
76584561,26.231,36.7548,472,37950,0.789992,0.53,2,945204,944732,472
76587481,39.6462,27.351,490,38006,0.853998,0.59,2,945247,944757,490
76945181,86,63,491,19818,0.79,0.91,2,949737,949246,491
76948101,112.4,81.4,524,19925,0.87,0.85,2,949856,949332,524
76951021,87.28,96.28,505,20031,0.87,0.83,2,949937,949432,505
76953941,86.256,92.856,499,20137,0.886,0.79,2,950023,949524,499
76956861,62.8512,68.1712,494,20242,0.8892,0.81,2,950080,949586,494
76959781,26.9702,48.8342,468,20347,0.88984,0.75,2,950098,949630,468
76962701,84.5941,26.5668,546,20451,0.921968,0.79,2,950197,949651,546
76965621,114.519,74.1134,582,20555,0.928394,0.89,2,950319,949737,582
77053221,91,91,573,23453,0.09,1,1,952403,951830,573
77056141,46.2,90.2,518,23543,0.09,1,1,952438,951920,518
77059061,42.84,55.64,513,23633,0.018,1,1,952480,951967,513
77061981,42.168,42.328,516,23723,0.0116,1,1,952522,952006,516
77064901,44.4336,38.0656,524,23812,0.04232,1,1,952567,952043,524
77067821,80.8867,50.0131,561,23901,0.032464,0.69,1,952657,952096,561
77070741,17.7773,95.6026,456,23990,0.0304928,0.27,1,952659,952203,456
77073661,74.7555,106.321,436,24078,0.0620986,0.09,1,952748,952312,436
77076581,77.3511,94.0641,423,24166,0.0524197,0.09,1,952826,952403,423
77079501,44.2702,46.8128,424,24254,0.0664839,0,1,952862,952438,424
77082421,44.854,42.9626,427,24341,0.0532968,0.01,1,952907,952480,427
77085341,39.3708,42.1925,423,24428,0.0106594,0.05,1,952945,952522,423
77088261,43.8742,44.4385,423,24515,0.106132,0.03,1,952990,952567,423
77091181,80.7748,80.8877,423,24601,0.125226,0.03,1,953080,952657,423
77094101,17.755,17.7775,423,24687,0.0970453,0.07,1,953082,952659,423
77097021,77.151,74.7555,426,24773,0.139409,0.05,1,953174,952748,426
77099941,76.2302,77.3511,424,24859,0.195882,0.07,1,953250,952826,424
77102861,42.446,44.2702,422,24944,0.223176,0.05,1,953284,952862,422
77105781,44.4892,44.854,422,25029,0.212635,0,1,953329,952907,422
77108701,39.2978,39.3708,422,25114,0.162527,0.13,1,953367,952945,422
77111621,48.6596,43.8742,428,25198,0.0885054,0.13,1,953418,952990,428
77114541,80.9319,80.7748,427,25282,0.169701,0.09,1,953507,953080,427
77117461,17.7864,17.755,427,25366,0.18594,0.15,1,953509,953082,427
77120381,78.7573,77.151,429,25450,0.189188,0.15,1,953603,953174,429
77123301,78.1515,15.4302,507,25533,0.269838,0.21,1,953681,953174,507
77126221,40.4303,63.886,462,25616,0.269968,0.23,1,953712,953250,462
77129141,44.8861,39.9772,474,25699,0.269993,0.21,1,953758,953284,474
77132061,35.3772,43.9954,462,25781,0.285999,0.15,1,953791,953329,462
77134981,49.4754,39.1991,477,25863,0.2732,0.07,1,953844,953367,477
77137901,82.6951,48.6398,517,25945,0.25464,0.19,1,953935,953418,517
77140821,18.139,80.928,430,26027,0.250928,0.19,1,953937,953507,430
77143741,82.0278,17.7856,526,26108,0.266186,0.19,1,954035,953509,526
77146661,81.2056,78.7571,513,26189,0.317237,0.29,1,954116,953603,513
77149581,40.2411,78.1514,465,26270,0.327447,0.27,1,954146,953681,465
77152501,44.8482,40.4303,480,26351,0.345489,0.27,1,954192,953712,480
77155421,36.1696,44.8861,468,26431,0.397098,0.29,1,954226,953758,468
77158341,47.2339,35.3772,485,26511,0.43942,0.27,1,954276,953791,485
77161261,83.0468,49.4754,524,26591,0.479884,0.25,1,954368,953844,524
77164181,18.2094,82.6951,435,26671,0.487977,0.25,1,954370,953935,435
77167101,82.8419,18.139,532,26750,0.505595,0.27,1,954469,953937,532
77170021,83.7684,82.0278,518,26829,0.557119,0.33,1,954553,954035,518
77172941,40.7537,81.2056,467,26908,0.599424,0.33,1,954583,954116,467
77175861,9.75073,40.2411,439,26987,0.607885,0.35,1,954585,954146,439
77178781,39.5501,44.8482,440,27065,0.625577,0.41,1,954632,954192,440
77181701,36.71,36.1696,442,27143,0.629115,0.45,1,954668,954226,442
77184621,48.942,47.2339,444,27221,0.629823,0.49,1,954720,954276,444
77187541,84.9884,83.0468,446,27299,0.677965,0.49,1,954814,954368,446
77190461,18.5977,18.2094,446,27377,0.655593,0.51,1,954816,954370,446
77193381,83.7195,82.8419,447,27454,0.699119,0.57,1,954916,954469,447
77196301,86.3439,83.7684,450,27531,0.691824,0.61,1,955003,954553,450
77199221,42.8688,40.7537,452,27608,0.722365,0.61,1,955035,954583,452
77202141,10.1738,9.75073,452,27685,0.728473,0.63,1,955037,954585,452
77205061,38.8348,39.5501,451,27761,0.793695,0.63,2,955083,954632,451
77207981,38.1669,36.71,453,27837,0.790739,0.63,2,955121,954668,453
77210901,47.6334,48.942,451,27913,0.806148,0.69,2,955171,954720,451
77213821,87.1267,84.9884,454,27989,0.87323,0.65,2,955268,954814,454
77216741,19.0253,18.5977,454,28065,0.886646,0.71,2,955270,954816,454
77359821,69,38,539,31547,0.65,1,1,957755,957216,539
77362741,89.8,61.2,567,31614,0.25,1,1,957850,957283,567
77365661,42.76,77.84,516,31681,0.17,1,1,957881,957365,516
77368581,35.752,41.168,518,31748,0.058,1,1,957915,957397,518
77371501,31.1504,33.0336,517,31815,0.0516,1,1,957945,957428,517
77374421,31.8301,34.6067,514,31881,0.05032,1,1,957977,957463,514
77377341,32.766,36.5213,510,31947,0.050064,1,1,958010,957500,510
77380261,31.3532,34.5043,507,32013,0.0500128,1,1,958041,957534,507
77383181,65.4706,34.9009,546,32079,0.0820026,0.95,1,958115,957569,546
77386101,37.8941,69.3802,499,32145,0.0724005,0.81,1,958146,957647,499
77389021,53.1788,45.076,517,32211,0.10248,0.65,1,958203,957686,517
77391941,72.2358,64.2152,525,32277,0.140496,0.15,1,958280,957755,525
77394861,36.8472,88.843,458,32343,0.132099,0.15,1,958308,957850,458
77397781,34.5694,42.5686,461,32408,0.0664198,0.03,1,958342,957881,461
77400701,28.5139,35.7137,454,32473,0.101284,0.05,1,958369,957915,454
77403621,29.7028,31.1427,454,32538,0.0922568,0.05,1,958399,957945,454
77406541,36.3406,31.8285,460,32603,0.0424514,0.05,1,958437,957977,460
77409461,29.6681,32.7657,455,32668,0.0324903,0.05,1,958465,958010,455
77412381,65.9336,31.3531,499,32733,0.0784981,0.09,1,958540,958041,499
77415301,14.7867,65.4706,427,32798,0.0876996,0.07,1,958542,958115,427
77418221,24.5573,37.8941,423,32862,0.13754,0.11,1,958569,958146,423
77421141,55.3115,53.1788,429,32926,0.131508,0.15,1,958632,958203,429
77424061,73.4623,72.2358,430,32990,0.130302,0.13,1,958710,958280,430
77426981,33.8925,36.8472,426,33054,0.16206,0.05,1,958734,958308,426
77429901,33.9785,34.5694,426,33118,0.152412,0.11,1,958768,958342,426
77432821,29.9957,28.5139,428,33182,0.166482,0.09,1,958797,958369,428
77435741,26.7991,29.7028,424,33246,0.201297,0.03,1,958823,958399,424
77438661,36.5598,36.3406,425,33310,0.160259,0.03,1,958862,958437,425
77441581,28.912,29.6681,424,33373,0.136052,0.09,1,958889,958465,424
77444501,67.3824,65.9336,426,33436,0.21121,0.09,1,958966,958540,426
77447421,15.0765,14.7867,426,33499,0.226242,0.15,1,958968,958542,426
77450341,25.4153,24.5573,427,33562,0.229248,0.13,1,958996,958569,427
77453261,54.6831,55.3115,426,33625,0.21385,0.13,1,959058,958632,426
77456181,74.9366,73.4623,428,33688,0.25877,0.17,1,959138,958710,428
77459101,34.1873,33.8925,428,33751,0.331754,0.15,1,959162,958734,428
77462021,34.8375,33.9785,429,33814,0.362351,0.17,1,959197,958768,429
77464941,30.9675,29.9957,430,33877,0.33647,0.21,1,959227,958797,430
77467861,26.9935,26.7991,430,33939,0.363294,0.15,1,959253,958823,430
77470781,34.1987,36.5598,427,34001,0.384659,0.13,1,959289,958862,427
77473701,27.6397,28.912,426,34063,0.388932,0.23,1,959315,958889,426
77476621,71.1279,67.3824,431,34125,0.501786,0.23,1,959397,958966,431
77479541,15.8256,15.0765,431,34187,0.492357,0.23,1,959399,958968,431
77482461,25.5651,25.4153,431,34249,0.522471,0.23,1,959427,958996,431
77485381,54.713,5.08306,493,34311,0.560494,0.21,1,959489,958996,493
77488301,77.3426,50.6166,514,34373,0.600099,0.27,1,959572,959058,514
77491221,36.2685,74.1233,460,34435,0.57602,0.35,1,959598,959138,460
77494141,36.0537,34.0247,472,34496,0.587204,0.37,1,959634,959162,472
77497061,31.2107,34.8049,467,34557,0.589441,0.33,1,959664,959197,467
77499981,27.0421,30.961,463,34618,0.589888,0.37,1,959690,959227,463
77502901,35.0084,26.9922,474,34679,0.605978,0.39,1,959727,959253,474
77505821,28.6017,34.1984,465,34740,0.625196,0.39,1,959754,959289,465
77508741,76.9203,27.6397,528,34801,0.565039,0.53,1,959843,959315,528
77511661,16.9841,71.1279,448,34862,0.553008,0.49,1,959845,959397,448
77514581,26.5968,15.8256,475,34923,0.582602,0.53,1,959874,959399,475
77517501,56.5194,25.5651,511,34984,0.55652,0.57,1,959938,959427,511
77520421,79.3039,54.713,534,35044,0.599304,0.61,1,960023,959489,534
77523341,35.0608,77.3426,475,35104,0.623861,0.57,1,960047,959572,475
77526261,36.6122,36.2685,486,35164,0.628772,0.59,1,960084,959598,486
77529181,31.3224,36.0537,480,35224,0.645754,0.59,1,960114,959634,480
77532101,27.0645,31.2107,476,35284,0.649151,0.59,1,960140,959664,476
77535021,35.8129,27.0421,488,35344,0.66583,0.61,1,960178,959690,488
77537941,27.9626,35.0084,477,35404,0.669166,0.63,1,960204,959727,477
77540861,77.5925,28.6017,540,35464,0.653833,0.55,1,960294,959754,540
77543781,17.1185,76.9203,453,35524,0.650767,0.55,1,960296,959843,453
77546701,25.8237,16.9841,479,35584,0.666153,0.59,1,960324,959845,479
77549621,54.7647,26.5968,512,35643,0.749231,0.55,1,960386,959874,512
77552541,12.5529,56.5194,450,35702,0.765846,0.61,2,960388,959938,450
77555461,72.9106,79.3039,453,35761,0.833169,0.63,2,960476,960023,453
77558381,33.7821,35.0608,453,35820,0.846634,0.63,2,960500,960047,453
77561301,36.3564,36.6122,453,35879,0.833327,0.65,2,960537,960084,453
77564221,32.0713,31.3224,454,35938,0.878665,0.65,2,960568,960114,454
77567141,28.0143,27.0645,455,35997,0.871733,0.67,2,960595,960140,455
77570061,36.0029,35.8129,455,36056,0.918347,0.67,2,960633,960178,455
77572981,28.0006,27.9626,455,36115,0.895669,0.65,2,960659,960204,455
77575901,77.6001,77.5925,455,36174,0.891134,0.65,2,960749,960294,455
77578821,17.12,17.1185,455,36232,0.890227,0.67,2,960751,960296,455
77581741,25.824,25.8237,455,36290,0.890045,0.77,2,960779,960324,455
77584661,59.5648,54.7647,461,36348,0.922009,0.77,2,960847,960386,461
77587581,13.513,12.5529,461,36406,0.928402,0.85,2,960849,960388,461
77718981,56,80,473,38932,0.91,1,2,962626,962153,473
77730661,31,32,480,39148,0.95,1,2,962771,962291,480
77733581,67.8,68.8,479,39202,0.934,1,2,962848,962369,479
77838701,40,35,515,41098,0.83,1,2,964113,963598,515
77841621,36,39.8,509,41149,0.798,1,2,964148,963639,509
77844541,33.6,39.96,502,41200,0.7596,1,2,964181,963679,502
77847461,69.92,28.792,555,41251,0.59192,1,1,964260,963705,555
77850381,38.784,68.9584,507,41302,0.526384,1,1,964291,963784,507
77853301,38.1568,44.9917,506,41353,0.529277,1,1,964329,963823,506
77856221,32.4314,36.1983,503,41404,0.449855,1,1,964360,963857,503
77859141,28.8863,29.6397,503,41455,0.497971,1,1,964388,963885,503
77862061,30.5773,28.3279,506,41506,0.475594,1,1,964419,963913,506
77864981,12.5155,33.6656,479,41557,0.471119,1,1,964427,963948,479
77867901,28.1031,34.7331,476,41608,0.582224,1,1,964459,963983,476
77870821,22.4206,26.9466,472,41659,0.524445,0.96,1,964480,964008,472
77873741,29.2841,30.1893,472,41710,0.496889,0.89,1,964511,964039,472
77876661,29.0568,33.2379,467,41761,0.555378,0.83,1,964540,964073,467
77879581,35.4114,38.6476,464,41812,0.583076,0.79,1,964577,964113,464
77882501,36.6823,35.7295,466,41862,0.604615,0.75,1,964614,964148,466
77885421,29.7365,33.5459,461,41912,0.608923,0.55,1,964642,964181,461
77888341,64.3473,69.9092,455,41962,0.609785,0.51,1,964715,964260,455
77891261,36.0695,38.7818,453,42012,0.593957,0.53,1,964744,964291,453
77894181,29.6139,38.1564,443,42062,0.590791,0.43,1,964772,964329,443
77897101,33.1228,32.4313,446,42112,0.590158,0.51,1,964806,964360,446
77900021,30.6246,28.8863,448,42162,0.606032,0.47,1,964836,964388,448
77902941,28.5249,30.5773,445,42212,0.641206,0.47,1,964864,964419,445
77905861,10.505,12.5155,443,42262,0.616241,0.61,1,964870,964427,443
77908781,30.101,28.1031,446,42312,0.643248,0.51,1,964905,964459,446
77911701,22.8202,22.4206,446,42362,0.64865,0.49,1,964926,964480,446
77914621,30.164,29.2841,447,42412,0.69773,0.57,1,964958,964511,447
77917541,31.6328,29.0568,450,42462,0.739546,0.59,1,964990,964540,450
77920461,35.1266,35.4114,449,42512,0.731909,0.61,1,965026,964577,449
77923381,39.0253,36.6823,452,42562,0.762382,0.61,2,965066,964614,452
77926301,28.6051,29.7365,450,42612,0.784476,0.61,2,965092,964642,450
77929221,64.121,64.3473,450,42662,0.820895,0.59,2,965165,964715,450
77932141,35.2242,36.0695,449,42711,0.828179,0.59,2,965193,964744,449
77935061,31.0448,29.6139,451,42760,0.829636,0.59,2,965223,964772,451
77937981,34.209,33.1228,452,42809,0.861927,0.61,2,965258,964806,452
77940901,30.8418,30.6246,452,42858,0.852385,0.65,2,965288,964836,452
77943821,28.5684,28.5249,452,42907,0.866477,0.61,2,965316,964864,452
77946741,10.5137,10.505,452,42956,0.901295,0.65,2,965322,964870,452
78447521,67,69,504,23541,0.09,0.77,1,970814,970310,504
78450441,60.6,69.8,493,23631,0.058,0.65,1,970873,970380,493
78453361,46.52,68.36,468,23721,0.0516,0.57,1,970916,970448,468
78456281,56.504,55.272,475,23810,0.13032,0.41,1,970975,970500,475
78459201,71.3008,71.8544,474,23899,0.146064,0.13,1,971050,970576,474
78462121,44.6602,67.9709,445,23988,0.117213,0.07,1,971088,970643,445
78465041,28.132,42.3942,433,24076,0.111443,0.09,1,971112,970679,433
78467961,52.0264,62.8788,423,24164,0.110289,0.09,1,971170,970747,423
78470881,65.6053,66.1758,425,24252,0.0460577,0.05,1,971239,970814,425
78473801,59.5211,60.4352,424,24339,0.0332115,0.05,1,971297,970873,424
78476721,47.1042,46.487,425,24426,0.0786423,0.15,1,971341,970916,425
78479641,58.2208,56.4974,427,24513,0.119728,0.15,1,971402,970975,427
78482561,73.2442,71.2995,429,24599,0.175946,0.11,1,971479,971050,429
78485481,43.4488,44.6599,427,24685,0.235189,0.11,1,971515,971088,427
78488401,27.8898,28.132,427,24771,0.215038,0.11,1,971539,971112,427
78491321,49.578,52.0264,424,24857,0.243008,0.03,1,971594,971170,424
78494241,64.3156,65.6053,423,24942,0.280602,0.03,1,971662,971239,423
78497161,59.2631,59.5211,423,25027,0.28812,0.09,1,971720,971297,423
78500081,49.4526,47.1042,426,25112,0.337624,0.13,1,971767,971341,426
78503001,60.2905,58.2208,428,25196,0.363525,0.19,1,971830,971402,428
78505921,76.0581,73.2442,431,25280,0.384705,0.25,1,971910,971479,431
78508841,44.8116,43.4488,432,25364,0.388941,0.21,1,971947,971515,432
78511761,28.1623,27.8898,432,25448,0.389788,0.21,1,971971,971539,432
78514681,50.4325,5.57795,488,25531,0.389958,0.25,1,972027,971539,488
78517601,64.4865,45.1156,501,25614,0.389992,0.29,1,972095,971594,501
78520521,60.8973,63.4231,493,25697,0.453998,0.29,1,972155,971662,493
78523441,52.1795,59.0846,485,25779,0.4988,0.35,1,972205,971720,485
78526361,61.6359,49.4169,502,25861,0.50776,0.37,1,972269,971767,502
78529281,75.5272,60.2834,518,25943,0.557552,0.39,1,972348,971830,518
78532201,46.3054,76.0567,477,26025,0.56751,0.39,1,972387,971910,477
78535121,28.4611,44.8113,464,26106,0.585502,0.39,1,972411,971947,464
78538041,50.4922,28.1623,496,26187,0.6051,0.39,1,972467,971971,496
78540961,65.2984,50.4325,509,26268,0.59302,0.39,1,972536,972027,509
78543881,63.4597,64.4865,504,26349,0.622604,0.47,1,972599,972095,504
78546801,54.2919,60.8973,496,26429,0.628521,0.51,1,972651,972155,496
78549721,62.0584,52.1795,510,26509,0.629704,0.51,1,972715,972205,510
78552641,78.8117,61.6359,529,26589,0.725941,0.57,1,972798,972269,529
78555561,46.9623,75.5272,489,26669,0.729188,0.57,1,972837,972348,489
78558481,28.5925,46.3054,474,26748,0.729838,0.59,1,972861,972387,474
78561401,51.3185,28.4611,507,26827,0.761968,0.61,2,972918,972411,507
78564321,64.6637,50.4922,519,26906,0.768394,0.59,2,972986,972467,519
78567241,14.5327,65.2984,452,26985,0.769679,0.63,2,972988,972536,452
78570161,54.1065,63.4597,453,27063,0.801936,0.63,2,973052,972599,453
78573081,52.4213,54.2919,453,27141,0.776387,0.63,2,973104,972651,453
78576001,61.6843,62.0584,453,27219,0.819277,0.75,2,973168,972715,453
78578921,83.5369,78.8117,459,27297,0.891856,0.73,2,973257,972798,459
78719081,70,49,494,30798,0.23,1,1,975683,975189,494
78722001,46.8,47.4,488,30867,0.23,1,1,975724,975236,488
78724921,41.36,40.68,489,30936,0.15,1,1,975764,975275,489
78727841,71.472,76.136,483,31004,0.134,1,1,975843,975360,483
78730761,39.0944,42.4272,480,31072,0.0988,0.91,1,975874,975394,480
78733681,32.6189,34.0854,479,31140,0.05976,1,1,975905,975426,479
78736601,49.7238,47.6171,482,31208,0.051952,0.97,1,975959,975477,482
78739521,25.1448,37.5234,466,31276,0.0503904,0.97,1,975978,975512,466
78742441,27.429,7.50468,494,31344,0.0180781,0.89,1,976006,975512,494
78745361,48.6858,26.3009,517,31412,0.0916156,0.61,1,976060,975543,517
78748281,53.7372,61.2602,502,31479,0.0903231,0.23,1,976115,975613,502
78751201,42.7474,68.252,472,31546,0.0740646,0.23,1,976155,975683,472
78754121,38.1495,46.4504,468,31613,0.0708129,0.13,1,976192,975724,468
78757041,65.2299,41.2901,500,31680,0.0541626,0.13,1,976264,975764,500
78759961,39.446,71.458,454,31747,0.0988325,0.09,1,976297,975843,454
78762881,31.8892,39.0916,453,31814,0.0437665,0.05,1,976327,975874,453
78765801,52.7778,32.6183,480,31881,0.0167533,0.05,1,976385,975905,480
78768721,23.3556,49.7237,442,31947,0.0593507,0.05,1,976401,975959,442
78771641,27.0711,25.1447,451,32013,0.0838701,0.01,1,976429,975978,451
78774561,51.0142,27.4289,480,32079,0.040774,0.11,1,976486,976006,480
78777481,52.6028,48.6858,479,32145,0.0641548,0.09,1,976539,976060,479
78780401,42.5206,53.7372,464,32211,0.068831,0.07,1,976579,976115,464
78783321,37.3041,42.7474,460,32277,0.0537662,0.07,1,976615,976155,460
78786241,66.6608,38.1495,497,32343,0.0667532,0.05,1,976689,976192,497
78789161,37.3322,65.2299,455,32408,0.0853506,0.11,1,976719,976264,455
78792081,31.4664,39.446,452,32473,0.0410701,0.03,1,976749,976297,452
78795001,54.2933,31.8892,482,32538,0.048214,0.01,1,976809,976327,482
78797921,23.6587,52.7778,440,32603,0.0816428,0.07,1,976825,976385,440
78800841,26.3317,23.3556,451,32668,0.104329,0.09,1,976852,976401,451
78803761,50.0663,27.0711,479,32733,0.124866,0.03,1,976908,976429,479
78806681,11.6133,51.0142,424,32798,0.128973,0.07,1,976910,976486,424
78809601,45.5227,52.6028,425,32862,0.161795,0.07,1,976964,976539,425
78812521,41.1045,42.5206,425,32926,0.184359,0.05,1,977004,976579,425
78815441,36.2209,37.3041,424,32990,0.140872,0.07,1,977039,976615,424
78818361,67.2442,66.6608,425,33054,0.196174,0.09,1,977114,976689,425
78821281,39.0488,37.3322,427,33118,0.191235,0.03,1,977146,976719,427
78824201,28.6098,31.4664,423,33182,0.190247,0.05,1,977172,976749,423
78827121,56.122,54.2933,426,33246,0.190049,0.09,1,977235,976809,426
78830041,24.8244,23.6587,427,33310,0.17401,0.11,1,977252,976825,427
78832961,26.5649,26.3317,427,33373,0.234802,0.13,1,977279,976852,427
78835881,50.913,50.0663,428,33436,0.29496,0.13,1,977336,976908,428
78838801,11.7826,11.6133,428,33499,0.306992,0.17,1,977338,976910,428
78841721,45.5565,45.5227,428,33562,0.309398,0.19,1,977392,976964,428
78844641,41.9113,41.1045,429,33625,0.30988,0.13,1,977433,977004,429
78847561,35.5823,36.2209,428,33688,0.341976,0.21,1,977467,977039,428
78850481,68.7165,67.2442,430,33751,0.364395,0.19,1,977544,977114,430
78853401,38.5433,39.0488,429,33814,0.400879,0.19,1,977575,977146,429
78856321,28.5087,28.6098,429,33877,0.408176,0.19,1,977601,977172,429
78859241,56.1017,56.122,429,33939,0.505635,0.17,1,977664,977235,429
78862161,25.6203,24.8244,430,34001,0.525127,0.25,1,977682,977252,430
78865081,28.3241,26.5649,432,34063,0.481025,0.31,1,977711,977279,432
78868001,53.6648,50.913,435,34125,0.536205,0.31,1,977771,977336,435
78870921,12.333,11.7826,435,34187,0.563241,0.31,1,977773,977338,435
78873841,45.6666,45.5565,435,34249,0.552648,0.31,1,977827,977392,435
78876761,42.7333,9.1113,477,34311,0.55053,0.31,1,977869,977392,477
78879681,35.7467,34.6223,470,34373,0.566106,0.35,1,977903,977433,470
78882601,71.9493,34.1245,517,34435,0.585221,0.37,1,977984,977467,517
78885521,39.9899,68.4249,472,34496,0.589044,0.41,1,978016,977544,472
78888441,28.798,38.485,467,34557,0.605809,0.41,1,978042,977575,467
78891361,59.3596,28.497,508,34618,0.689162,0.53,1,978109,977601,508
78894281,26.2719,56.0994,463,34679,0.705832,0.53,1,978127,977664,463
78897201,28.4544,25.6199,474,34740,0.693166,0.47,1,978156,977682,474
78900121,55.2909,28.324,507,34801,0.674633,0.55,1,978218,977711,507
78903041,12.6582,53.6648,449,34862,0.702927,0.57,1,978220,977771,449
78905961,46.5316,12.333,502,34923,0.724585,0.55,1,978275,977773,502
78908881,42.9063,45.6666,490,34984,0.728917,0.55,1,978317,977827,490
78911801,36.5813,42.7333,483,35044,0.729783,0.57,1,978352,977869,483
78914721,72.9163,35.7467,531,35104,0.697957,0.59,1,978434,977903,531
78917641,40.1832,71.9493,482,35164,0.707591,0.59,1,978466,977984,482
78920561,30.4366,39.9899,478,35224,0.709518,0.61,1,978494,978016,478
78923481,62.8873,28.798,523,35284,0.757904,0.71,2,978565,978042,523
78926401,26.9775,59.3596,474,35344,0.783581,0.71,2,978583,978109,474
78929321,27.7955,26.2719,484,35404,0.788716,0.69,2,978611,978127,484
78932241,56.7591,28.4544,519,35464,0.789743,0.67,2,978675,978156,519
78935161,12.9518,55.2909,459,35524,0.789949,0.71,2,978677,978218,459
78938081,46.5904,12.6582,512,35584,0.85399,0.73,2,978732,978220,512
78941001,42.9181,46.5316,499,35643,0.866798,0.73,2,978774,978275,499
78943921,10.1836,42.9063,459,35702,0.88536,0.73,2,978776,978317,459
78946841,29.2367,36.5813,458,35761,0.889072,0.69,2,978810,978352,458
78949761,69.8473,72.9163,456,35820,0.921814,0.71,2,978890,978434,456
78952681,40.3695,40.1832,457,35879,0.896363,0.71,2,978923,978466,457
78955601,31.2739,30.4366,458,35938,0.923273,0.77,2,978952,978494,458
78958521,65.4548,62.8873,461,35997,0.960654,0.79,2,979026,978565,461
79078241,40,20,526,38330,0.91,1,2,980626,980100,526
79081161,39.2,37.6,523,38385,0.846,1,2,980665,980142,523
79084081,34.24,45.12,509,38440,0.8492,1,2,980698,980189,509
79087001,32.448,34.624,509,38495,0.83384,1,2,980730,980221,509
79089921,44.8896,30.9248,527,38550,0.750768,1,2,980778,980251,527
79092841,37.7779,47.785,511,38605,0.734154,1,1,980814,980303,511
79095761,29.9556,31.157,512,38660,0.682831,1,1,980842,980330,512
79098681,19.5911,31.8314,497,38715,0.720566,0.95,1,980859,980362,497
79101601,42.3182,63.1663,474,38770,0.680113,1,1,980907,980433,474
79104521,39.6636,38.2333,481,38824,0.656023,1,1,980946,980465,481
79107441,27.1327,33.2467,473,38878,0.619205,0.9,1,980970,980497,473
79110361,42.2265,48.2493,467,38932,0.675841,0.89,1,981016,980549,467
79113281,38.0453,39.2499,467,38986,0.639168,0.91,1,981053,980586,467
79116201,38.0091,39.85,465,39040,0.679834,0.83,1,981091,980626,465
79119121,36.4018,39.17,462,39094,0.655967,0.85,1,981127,980665,462
79122041,35.2804,34.234,464,39148,0.667193,0.83,1,981162,980698,464
79124961,33.4561,32.4468,465,39202,0.685439,0.73,1,981195,980730,465
79127881,39.4912,44.8894,458,39256,0.673088,0.73,1,981236,980778,458
79130801,36.6982,37.7779,458,39310,0.718618,0.67,1,981272,980814,458
79133721,29.7396,29.9556,458,39364,0.695723,0.73,1,981300,980842,458
79136641,17.9479,19.5911,456,39418,0.707145,0.67,1,981315,980859,456
79139561,39.5896,42.3182,453,39472,0.725429,0.65,1,981360,980907,453
79142481,38.3179,39.6636,452,39526,0.793086,0.61,2,981398,980946,452
79145401,27.6636,27.1327,453,39579,0.774617,0.69,2,981423,980970,453
79148321,43.1327,42.2265,454,39632,0.802923,0.63,2,981470,981016,454
79151241,35.8265,38.0453,451,39685,0.808585,0.69,2,981504,981053,451
79154161,38.3653,38.0091,452,39738,0.889717,0.65,2,981543,981091,452
79326441,45,46,502,42760,0.83,1,2,983655,983153,502
79329361,37.8,40.4,499,42809,0.798,1,2,983691,983192,499
79332281,29.96,33.68,495,42858,0.7276,1,1,983719,983224,495
79335201,27.592,29.936,493,42907,0.64952,1,1,983746,983253,493
79338121,28.7184,25.1872,498,42956,0.569904,1,1,983775,983277,498
79341041,34.5437,25.0374,509,43005,0.521981,1,1,983811,983302,509
79343961,29.3087,5.00749,537,43054,0.480396,1,1,983839,983302,537
79346881,13.8617,27.4015,514,43103,0.520079,1,1,983849,983335,514
79349801,31.5724,29.4803,520,43152,0.464016,0.99,1,983885,983365,520
79352721,31.1145,37.8961,511,43201,0.436803,1,1,983916,983405,511
79355641,37.4229,41.9792,507,43250,0.335361,1,1,983955,983448,507
79358561,56.2846,34.7958,535,43299,0.395072,0.96,1,984016,983481,535
79361481,38.4569,58.9592,504,43348,0.391014,0.95,1,984050,983546,504
79364401,26.8914,39.7918,493,43397,0.406203,0.88,1,984074,983581,493
79367321,38.9783,31.1584,506,43446,0.457241,0.83,1,984116,983610,506
79370241,34.9957,42.2317,495,43495,0.435448,0.79,1,984150,983655,495
79373161,27.7991,37.2463,485,43544,0.47909,0.71,1,984176,983691,485
79376081,23.1598,29.8493,479,43592,0.487818,0.63,1,984198,983719,479
79379001,27.032,27.5699,480,43640,0.457564,0.55,1,984226,983746,480
79381921,31.0064,28.714,483,43688,0.531513,0.51,1,984258,983775,483
79384841,28.6013,34.5428,475,43736,0.482303,0.47,1,984286,983811,475
79387761,12.9203,29.3086,456,43784,0.488461,0.53,1,984295,983839,456
79390681,28.1841,13.8617,478,43832,0.521692,0.45,1,984327,983849,478
79393601,32.0368,31.5723,475,43880,0.512338,0.43,1,984360,983885,475
79396521,34.4074,31.1145,479,43928,0.526468,0.31,1,984395,983916,479
79399441,55.6815,37.4229,501,43976,0.497294,0.41,1,984456,983955,501
79402361,38.3363,56.2846,474,44024,0.523459,0.39,1,984490,984016,474
79405281,28.4673,38.4569,466,44072,0.544692,0.41,1,984516,984050,466
79408201,39.2935,26.8914,484,44120,0.548938,0.47,1,984558,984074,484
79411121,37.4587,38.9783,479,44168,0.549788,0.43,1,984595,984116,479
79414041,28.2917,34.9957,471,44216,0.565958,0.49,1,984621,984150,471
79416961,23.2583,27.7991,467,44264,0.585191,0.49,1,984643,984176,467
79419881,25.4517,23.1598,471,44312,0.589038,0.45,1,984669,984198,471
79422801,33.0903,27.032,478,44360,0.621808,0.55,1,984704,984226,478
79425721,27.4181,31.0064,472,44408,0.628362,0.47,1,984730,984258,472
79428641,13.4836,28.6013,454,44456,0.645672,0.49,1,984740,984286,454
79431561,4.29672,12.9203,447,44503,0.649134,0.53,1,984742,984295,447
79434481,27.2593,28.1841,448,44550,0.681827,0.51,1,984775,984327,448
79437401,31.0519,32.0368,447,44597,0.736365,0.53,1,984807,984360,447
79440321,35.0104,34.4074,448,44644,0.747273,0.49,1,984843,984395,448
79443241,55.8021,55.6815,448,44691,0.701455,0.53,1,984904,984456,448
79446161,36.7604,38.3363,446,44738,0.708291,0.55,1,984936,984490,446
79449081,29.7521,28.4673,448,44785,0.725658,0.55,1,984964,984516,448
79452001,41.1504,39.2935,450,44832,0.761132,0.55,2,985008,984558,450
79454921,37.0301,37.4587,449,44879,0.768226,0.57,2,985044,984595,449
79457841,29.806,28.2917,451,44926,0.737645,0.59,1,985072,984621,451
79460761,23.5612,23.2583,451,44973,0.763529,0.59,2,985094,984643,451
79463681,26.3122,25.4517,452,45020,0.768706,0.63,2,985121,984669,452
79466601,34.0624,33.0903,453,45067,0.753741,0.63,2,985157,984704,453
79469521,28.4125,27.4181,454,45114,0.766748,0.65,2,985184,984730,454
79472441,14.4825,13.4836,455,45161,0.78535,0.65,2,985195,984740,455
79475361,4.4965,4.29672,455,45208,0.78907,0.69,2,985197,984742,455
79478281,28.0993,27.2593,456,45255,0.789814,0.75,2,985231,984775,456
79481201,32.0199,31.0519,457,45302,0.837963,0.75,2,985264,984807,457
79484121,35.204,35.0104,457,45349,0.831593,0.69,2,985300,984843,457
79487041,55.0408,55.8021,456,45396,0.862319,0.71,2,985360,984904,456
79489961,37.4082,36.7604,457,45442,0.900464,0.73,2,985393,984936,457
79492881,31.4816,29.7521,459,45488,0.908093,0.77,2,985423,984964,459
79495801,40.6963,41.1504,458,45534,0.941619,0.77,2,985466,985008,458
79498721,36.9393,37.0301,458,45580,0.964324,0.73,2,985502,985044,458
79716261,102,86,510,22093,0,1,1,987925,987415,510
79719181,64.4,73.2,495,22189,0.024,0.63,1,987980,987485,495
79722101,64.08,78.64,479,22285,0.0608,0.37,1,988044,987565,479
79725021,51.216,70.928,458,22380,0.03616,0,1,988092,987634,458
79727941,54.2432,69.3856,444,22475,0.031232,0,1,988147,987703,444
79730861,40.4486,45.8771,441,22569,0.0302464,0.01,1,988184,987743,441
79733781,56.8897,36.3754,468,22663,0.0140493,0.01,1,988245,987777,468
79736701,93.7779,44.0751,525,22757,0.0268099,0,1,988348,987823,525
79739621,61.9556,90.415,477,22850,0.061362,0.03,1,988402,987925,477
79742541,65.1911,62.083,488,22943,0.0682724,0.07,1,988468,987980,488
79745461,50.6382,63.6166,471,23035,0.0856545,0.03,1,988515,988044,471
79748381,53.3276,51.1233,477,23127,0.0411309,0.03,1,988569,988092,477
79751301,40.2655,54.2247,459,23219,0.0322262,0.03,1,988606,988147,459
79754221,56.8531,40.4449,483,23310,0.0144452,0.01,1,988667,988184,483
79757141,92.9706,56.889,524,23401,0.058889,0.03,1,988769,988245,524
79760061,64.1941,93.7778,478,23492,0.0357778,0.07,1,988826,988348,478
79762981,68.0388,61.9556,493,23582,0.0471556,0.07,1,988895,988402,493
79765901,49.6078,65.1911,472,23672,0.0494311,0.09,1,988940,988468,472
79768821,51.5216,50.6382,477,23762,0.0658862,0.03,1,988992,988515,477
79771741,39.1043,53.3276,459,23851,0.0211772,0.03,1,989028,988569,459
79774661,55.8209,40.2655,482,23940,0.0282355,0.01,1,989088,988606,482
79777581,12.7642,56.8531,423,24029,0.0296471,0.07,1,989090,988667,423
79780501,84.1528,92.9706,423,24117,0.0459294,0.03,1,989192,988769,423
79783421,63.2306,64.1941,424,24205,0.0651859,0.05,1,989250,988826,424
79786341,66.2461,68.0388,422,24293,0.0690372,0.05,1,989317,988895,422
79789261,50.8492,49.6078,424,24380,0.0538074,0.07,1,989364,988940,424
79792181,52.5698,51.5216,425,24467,0.0667615,0.01,1,989417,988992,425
79795101,37.714,39.1043,423,24554,0.0373523,0.03,1,989451,989028,423
79798021,54.7428,55.8209,422,24640,0.0154705,0.03,1,989510,989088,422
79800941,12.5486,12.7642,422,24726,0.0270941,0.05,1,989512,989090,422
79803861,84.1097,84.1528,422,24812,0.0134188,0.07,1,989614,989192,422
79806781,65.6219,63.2306,425,24897,0.0266838,0.07,1,989675,989250,425
79809701,65.1244,66.2461,423,24982,0.0773368,0.05,1,989740,989317,423
79812621,50.6249,50.8492,423,25067,0.119467,0.07,1,989787,989364,423
79815541,54.125,52.5698,425,25152,0.159893,0.03,1,989842,989417,425
79818461,36.425,37.714,423,25236,0.119979,0.01,1,989874,989451,423
79821381,53.685,54.7428,422,25320,0.0639957,0.03,1,989932,989510,422
79824301,12.337,12.5486,422,25404,0.0527992,0.01,1,989934,989512,422
79827221,84.0674,84.1097,422,25487,0.0185598,0.01,1,990036,989614,422
79830141,65.6135,16.8219,483,25570,0.059712,0.03,1,990097,989614,483
79833061,67.5227,52.1644,490,25653,0.115942,0.09,1,990165,989675,490
79835981,52.7045,62.4329,474,25736,0.143188,0.13,1,990214,989740,474
79838901,56.1409,50.0866,484,25818,0.148638,0.17,1,990271,989787,484
79841821,32.8282,54.0173,456,25900,0.149728,0.11,1,990298,989842,456
79844741,50.5656,36.4035,479,25982,0.0859455,0.05,1,990353,989874,479
79847661,11.7131,53.6807,423,26064,0.0731891,0.05,1,990355,989932,423
79850581,83.9426,12.3361,523,26145,0.0386378,0.01,1,990457,989934,523
79853501,68.7885,84.0672,486,26226,0.0477276,0.07,1,990522,990036,486
79856421,69.7577,65.6134,495,26307,0.113546,0.13,1,990592,990097,495
79859341,53.9515,67.5227,477,26388,0.126709,0.15,1,990642,990165,477
79862261,56.3903,52.7045,485,26468,0.129342,0.15,1,990699,990214,485
79865181,32.8781,56.1409,455,26548,0.113868,0.15,1,990726,990271,455
79868101,47.3756,32.8282,479,26628,0.0947737,0.07,1,990777,990298,479
79871021,11.0751,50.5656,426,26708,0.0909547,0.07,1,990779,990353,426
79873941,82.215,11.7131,524,26787,0.138191,0.03,1,990879,990355,524
79876861,69.243,83.9426,488,26866,0.115638,0.05,1,990945,990457,488
79879781,15.4486,68.7885,425,26945,0.111128,0.13,1,990947,990522,425
79882701,61.4897,69.7577,428,27024,0.174226,0.13,1,991020,990592,428
79885621,53.0979,53.9515,429,27102,0.170845,0.13,1,991071,990642,429
79888541,55.4196,56.3903,428,27180,0.138169,0.11,1,991127,990699,428
79891461,31.8839,32.8781,427,27258,0.131634,0.09,1,991153,990726,427
79894381,47.1768,47.3756,427,27336,0.194327,0.09,1,991204,990777,427
79897301,11.0354,11.0751,427,27413,0.206865,0.15,1,991206,990779,427
79900221,83.8071,82.215,429,27490,0.289373,0.11,1,991308,990879,429
79903141,67.9614,69.243,427,27567,0.353875,0.11,1,991372,990945,427
79906061,15.1923,15.4486,427,27644,0.366775,0.19,1,991374,990947,427
79908981,63.0385,61.4897,429,27721,0.369355,0.17,1,991449,991020,429
79911901,52.6077,53.0979,428,27797,0.433871,0.13,1,991499,991071,428
79914821,55.3215,55.4196,428,27873,0.430774,0.13,1,991555,991127,428
79917741,31.8643,31.8839,428,27949,0.446155,0.21,1,991581,991153,428
79920661,50.3729,47.1768,432,28025,0.529231,0.21,1,991636,991204,432
79923581,11.6746,11.0354,432,28101,0.513846,0.31,1,991638,991206,432
79926501,88.7349,83.8071,438,28176,0.590769,0.37,1,991746,991308,438
79929421,70.547,67.9614,440,28251,0.574154,0.37,1,991812,991372,440
79932341,15.7094,15.1923,440,28326,0.570831,0.37,1,991814,991374,440
79935261,63.1419,63.0385,440,28401,0.554166,0.37,1,991889,991449,440
79938181,53.4284,12.6077,491,28476,0.566833,0.45,1,991940,991449,491
79941101,56.2857,42.5215,498,28550,0.585367,0.43,1,991997,991499,498
79944021,32.8571,53.3043,469,28624,0.621073,0.45,1,992024,991555,469
79946941,52.9714,31.4609,501,28698,0.660215,0.55,1,992082,991581,501
79949861,12.1943,50.2922,448,28772,0.668043,0.51,1,992084,991636,448
79952781,91.2389,11.6584,557,28846,0.653609,0.61,1,992195,991638,557
79955701,69.4478,88.7317,513,28919,0.682722,0.57,1,992259,991746,513
79958621,15.4896,70.5463,449,28992,0.688544,0.57,1,992261,991812,449
79961541,64.6979,15.7093,524,29065,0.737709,0.55,1,992338,991814,524
79964461,53.7396,63.1419,500,29138,0.763542,0.57,2,992389,991889,500
79967381,57.9479,53.4284,508,29211,0.832708,0.59,2,992448,991940,508
79970301,33.9896,56.2857,479,29283,0.846542,0.63,2,992476,991997,479
79973221,54.7979,32.8571,512,29355,0.833308,0.67,2,992536,992024,512
79976141,12.5596,52.9714,456,29427,0.830662,0.67,2,992538,992082,456
79979061,90.5119,12.1943,564,29499,0.830132,0.65,2,992648,992084,564
79981981,70.9024,91.2389,519,29571,0.846026,0.69,2,992714,992195,519
79984901,15.7805,69.4478,457,29643,0.849205,0.69,2,992716,992259,457
79987821,65.5561,15.4896,533,29714,0.881841,0.75,2,992794,992261,533
79990741,56.3112,64.6979,510,29785,0.920368,0.77,2,992848,992338,510
79993661,12.8622,53.7396,461,29856,0.928074,0.85,2,992850,992389,461
80110461,27,62,505,32570,0.67,1,1,994771,994266,505
80113381,31.8,34,511,32635,0.606,1,1,994804,994293,511
80116301,31.96,32.4,511,32700,0.5452,1,1,994836,994325,511
80119221,51.192,33.68,533,32765,0.45304,1,1,994892,994359,533
80122141,25.4384,57.136,489,32830,0.482608,0.97,1,994911,994422,489
80125061,31.4877,40.2272,486,32894,0.472522,1,1,994944,994458,486
80127981,68.6975,71.2454,485,32958,0.390504,1,1,995022,994537,485
80130901,48.1395,58.2491,473,33022,0.358101,1,1,995065,994592,473
80133821,29.6279,37.2498,466,33086,0.28762,0.87,1,995090,994624,466
80136741,49.1256,48.25,469,33150,0.241524,0.75,1,995144,994675,469
80139661,53.0251,64.85,454,33214,0.312305,0.67,1,995198,994744,454
80142581,31.405,34.57,453,33278,0.326461,0.59,1,995224,994771,453
80145501,31.881,33.314,452,33342,0.409292,0.53,1,995256,994804,452
80148421,29.5762,32.2628,449,33405,0.409858,0.43,1,995285,994836,449
80151341,49.9152,51.2526,448,33468,0.457972,0.49,1,995340,994892,448
80154261,20.383,25.4505,442,33531,0.451594,0.47,1,995353,994911,442
80157181,29.6766,31.4901,441,33594,0.482319,0.37,1,995385,994944,441
80160101,65.9353,68.698,438,33657,0.488464,0.35,1,995460,995022,438
80163021,44.3871,48.1396,434,33720,0.489693,0.27,1,995499,995065,434
80165941,28.0774,29.6279,433,33783,0.521939,0.23,1,995523,995090,433
80168861,48.8155,49.1256,433,33846,0.560388,0.33,1,995577,995144,433
80171781,56.1631,53.0251,437,33908,0.584078,0.33,1,995635,995198,437
80174701,35.2326,31.405,441,33970,0.572816,0.43,1,995665,995224,441
80177621,32.6465,31.881,441,34032,0.618563,0.41,1,995697,995256,441
80180541,29.7293,29.5762,441,34094,0.611713,0.47,1,995726,995285,441
80183461,51.5459,49.9152,443,34156,0.626343,0.45,1,995783,995340,443
80186381,19.9092,20.383,442,34218,0.661269,0.45,1,995795,995353,442
80189301,30.3818,4.07661,475,34280,0.652254,0.49,1,995828,995353,475
80192221,64.4764,26.4153,516,34342,0.666451,0.49,1,995901,995385,516
80195141,48.8953,65.2831,486,34404,0.68529,0.49,1,995946,995460,486
80198061,27.3791,44.2566,469,34465,0.721058,0.53,1,995968,995499,469
80200981,48.6758,28.0513,499,34526,0.744212,0.57,1,996022,995523,499
80203901,60.9352,48.8103,509,34587,0.780842,0.59,2,996086,995577,509
80206821,34.587,56.1621,479,34648,0.756168,0.57,2,996114,995635,479
80209741,33.3174,35.2324,482,34709,0.767234,0.63,2,996147,995665,482
80212661,31.4635,32.6465,481,34770,0.769447,0.61,2,996178,995697,481
80215581,51.8927,29.7293,509,34831,0.817889,0.63,2,996235,995726,509
80218501,19.9785,51.5459,464,34892,0.827578,0.67,2,996247,995783,464
80221421,31.1957,19.9092,486,34953,0.845516,0.65,2,996281,995795,486
80224341,65.4391,30.3818,527,35013,0.865103,0.67,2,996355,995828,527
80227261,50.6878,64.4764,501,35073,0.885021,0.69,2,996402,995901,501
80230181,28.5376,48.8953,479,35133,0.905004,0.73,2,996425,995946,479
80233101,49.7075,27.3791,512,35193,0.909001,0.75,2,996480,995968,512
80236021,61.1415,48.6758,522,35253,0.8778,0.79,2,996544,996022,522
80238941,34.6283,60.9352,486,35313,0.87156,0.75,2,996572,996086,486
80241861,34.9257,34.587,493,35373,0.838312,0.77,2,996607,996114,493
80244781,33.3851,33.3174,493,35433,0.847662,0.77,2,996640,996147,493
80247701,52.277,31.4635,519,35493,0.881532,0.83,2,996697,996178,519
80250621,20.0554,51.8927,474,35553,0.904306,0.83,2,996709,996235,474
80253541,32.0111,19.9785,497,35612,0.940861,0.85,2,996744,996247,497
80256461,66.4022,31.1957,538,35671,0.932172,0.87,2,996819,996281,538
80259381,14.8804,65.4391,466,35730,0.930434,0.89,2,996821,996355,466
80262301,40.5761,50.6878,466,35789,0.914087,0.91,2,996868,996402,466
80265221,27.3152,28.5376,467,35848,0.942817,0.91,2,996892,996425,467
80402461,35,36,509,38520,0.81,1,2,998785,998276,509
80405381,33.4,35.2,507,38575,0.762,1,2,998818,998311,507
80408301,30.68,29.44,509,38630,0.7364,1,1,998848,998339,509
80411221,34.936,27.488,518,38685,0.66728,1,1,998884,998366,518
80414141,24.5872,36.6976,501,38740,0.685456,1,1,998906,998405,501
80417061,37.7174,55.3395,482,38795,0.625091,1,1,998947,998465,482
80419981,40.3435,42.2679,484,38849,0.581018,1,1,998988,998504,484
80422901,27.2687,33.2536,477,38903,0.540204,1,1,999012,998535,477
80425821,50.2537,55.4507,472,38957,0.388041,1,1,999068,998596,472
80428741,37.2507,39.8901,470,39011,0.357608,0.79,1,999102,998632,470
80431661,37.8501,39.978,468,39065,0.303522,0.91,1,999140,998672,468
80434581,44.37,41.5956,472,39119,0.308704,0.87,1,999186,998714,472
80437501,34.474,37.1191,468,39173,0.309741,0.81,1,999218,998750,468
80440421,31.6948,35.4238,464,39227,0.309948,0.75,1,999249,998785,464
80443341,26.339,33.4848,456,39281,0.30999,0.73,1,999274,998818,456
80446261,30.0678,30.697,457,39335,0.341998,0.65,1,999305,998848,457
80449181,30.8136,34.9394,452,39389,0.3004,0.69,1,999336,998884,452
80452101,24.5627,24.5879,453,39443,0.29208,0.61,1,999359,998906,453
80455021,36.9125,37.7176,452,39497,0.306416,0.57,1,999399,998947,452
80457941,36.9825,40.3435,448,39550,0.261283,0.53,1,999436,998988,448
80460861,27.3965,27.2687,449,39603,0.268257,0.35,1,999461,999012,449
80463781,41.4793,50.2537,438,39656,0.285651,0.35,1,999506,999068,438
80466701,35.4959,37.2507,438,39709,0.32113,0.29,1,999540,999102,438
80469621,35.0992,37.8501,435,39762,0.360226,0.31,1,999575,999140,435
80472541,45.4198,44.37,437,39815,0.400045,0.31,1,999623,999186,437
80475461,35.484,34.474,438,39868,0.440009,0.31,1,999656,999218,438
80478381,30.2968,31.6948,436,39921,0.464002,0.31,1,999685,999249,436
80481301,25.2594,26.339,435,39974,0.4368,0.35,1,999709,999274,435
80484221,31.4519,30.0678,437,40027,0.41536,0.29,1,999742,999305,437
80487141,28.6904,30.8136,434,40080,0.443072,0.29,1,999770,999336,434
80490061,25.7381,6.16271,459,40133,0.448614,0.29,1,999795,999336,459
80492981,35.5476,19.6325,474,40186,0.465723,0.31,1,999833,999359,474
80495901,35.9095,35.9265,470,40239,0.485145,0.25,1,999869,999399,470
80498821,27.9819,36.7853,459,40291,0.505029,0.27,1,999895,999436,459
80501741,42.3964,27.3571,480,40343,0.509006,0.29,1,999941,999461,480
80504661,38.0793,41.4714,472,40395,0.541801,0.33,1,999978,999506,472
80507581,34.8159,35.4943,472,40447,0.54836,0.37,1,1000012,999540,472
80510501,48.5632,35.0989,489,40499,0.549672,0.41,1,1000064,999575,489
80513421,37.7126,45.4198,476,40551,0.533934,0.45,1,1000099,999623,476
80516341,29.9425,35.484,471,40603,0.586787,0.47,1,1000127,999656,471
80519261,25.1885,30.2968,466,40655,0.589357,0.43,1,1000151,999685,466
80522181,30.6377,25.2594,474,40707,0.589871,0.41,1,1000183,999709,474
80525101,29.3275,31.4519,470,40759,0.637974,0.45,1,1000212,999742,470
80528021,26.6655,28.6904,468,40811,0.647595,0.45,1,1000238,999770,468
80530941,37.3331,25.7381,483,40863,0.665519,0.47,1,1000278,999795,483
80533861,37.0666,35.5476,482,40915,0.701104,0.49,1,1000315,999833,482
80536781,28.2133,35.9095,472,40967,0.708221,0.51,1,1000341,999869,472
80539701,43.2427,27.9819,493,41019,0.725644,0.51,1,1000388,999895,493
80542621,37.4485,42.3964,483,41070,0.713129,0.55,1,1000424,999941,483
80545541,36.2897,38.0793,482,41121,0.678626,0.55,1,1000460,999978,482
80548461,48.8579,34.8159,500,41172,0.671725,0.55,1,1000512,1000012,500
80551381,39.3716,48.5632,485,41223,0.670345,0.53,1,1000549,1000064,485
80554301,30.2743,37.7126,478,41274,0.718069,0.6,1,1000577,1000099,478
80557221,25.2549,29.9425,474,41325,0.743614,0.59,1,1000601,1000127,474
80560141,30.651,25.1885,482,41376,0.748723,0.59,1,1000633,1000151,482
80563061,31.7302,30.6377,482,41427,0.781745,0.65,2,1000665,1000183,482
80565981,27.146,29.3275,479,41478,0.788349,0.65,2,1000691,1000212,479
80568901,38.2292,26.6655,494,41529,0.78967,0.67,2,1000732,1000238,494
80571821,9.24584,37.3331,456,41580,0.789934,0.71,2,1000734,1000278,456
80574741,32.2492,37.0666,457,41631,0.805987,0.71,2,1000772,1000315,457
80577661,27.2498,28.2133,457,41682,0.841197,0.73,2,1000798,1000341,457
80580581,42.25,43.2427,456,41733,0.848239,0.71,2,1000844,1000388,456
80583501,38.05,37.4485,457,41784,0.833648,0.67,2,1000881,1000424,457
80586421,34.81,36.2897,455,41835,0.83073,0.67,2,1000915,1000460,455
80589341,48.562,48.8579,455,41885,0.830146,0.67,2,1000967,1000512,455
80592261,40.1124,39.3716,456,41935,0.942029,0.73,2,1001005,1000549,456
80732421,30,32,502,44285,0.65,1,1,1002611,1002109,502
80735341,45.2,34.4,516,44333,0.538,1,1,1002660,1002144,516
80738261,32.24,35.68,509,44381,0.4836,1,1,1002689,1002180,509
80741181,32.048,23.936,520,44429,0.45672,1,1,1002721,1002201,520
80744101,34.4096,19.1872,537,44476,0.339344,1,1,1002756,1002219,537
80747021,18.0819,32.6374,515,44523,0.283869,1,1,1002770,1002255,515
80749941,18.8164,36.1275,497,44570,0.288774,1,1,1002789,1002292,497
80752861,28.5633,33.6255,495,44617,0.257755,1,1,1002820,1002325,495
80755781,28.1127,46.7251,473,44664,0.219551,1,1,1002848,1002375,473
80758701,43.2225,39.745,482,44711,0.11591,1,1,1002895,1002413,482
80761621,38.2445,37.549,482,44758,0.079182,1,1,1002932,1002450,482
80764541,30.0489,29.1098,483,44805,0.0398364,1,1,1002960,1002477,483
80767461,21.2098,33.022,468,44852,0.0799673,0.81,1,1002979,1002511,468
80770381,31.442,37.0044,464,44899,0.119993,0.73,1,1003013,1002549,464
80773301,26.2884,33.0009,457,44946,0.127999,0.65,1,1003038,1002581,457
80776221,24.4577,30.6002,451,44993,0.0815997,0.51,1,1003062,1002611,451
80779141,40.8915,45.32,447,45040,0.13632,0.47,1,1003107,1002660,447
80782061,31.3783,32.264,447,45087,0.195264,0.45,1,1003136,1002689,447
80784981,28.6757,32.0528,443,45134,0.143053,0.31,1,1003164,1002721,443
80787901,27.3351,34.4106,435,45181,0.228611,0.27,1,1003191,1002756,435
80790821,16.667,18.0821,435,45228,0.213722,0.29,1,1003205,1002770,435
80793741,16.1334,18.8164,432,45275,0.226744,0.25,1,1003221,1002789,432
80796661,26.4267,28.5633,430,45322,0.229349,0.21,1,1003250,1002820,430
80799581,28.4853,28.1127,431,45369,0.21387,0.09,1,1003279,1002848,431
80802501,39.2971,43.2225,426,45415,0.226774,0.07,1,1003321,1002895,426
80805421,39.8594,38.2445,429,45461,0.261355,0.03,1,1003361,1002932,429
80808341,31.9719,30.0489,431,45507,0.268271,0.09,1,1003391,1002960,431
80811261,16.7944,21.2098,425,45553,0.285654,0.13,1,1003404,1002979,425
80814181,32.1589,31.442,427,45599,0.337131,0.13,1,1003440,1003013,427
80817101,26.4318,26.2884,427,45645,0.331426,0.07,1,1003465,1003038,427
80820021,23.6864,24.4577,426,45691,0.346285,0.15,1,1003488,1003062,426
80822941,44.7373,40.8915,431,45737,0.365257,0.21,1,1003538,1003107,431
80825861,29.7475,31.3783,428,45783,0.417051,0.13,1,1003564,1003136,428
80828781,28.3495,28.6757,428,45829,0.39541,0.25,1,1003592,1003164,428
80831701,28.8699,27.3351,430,45875,0.423082,0.21,1,1003621,1003191,430
80834621,16.974,16.667,430,45921,0.396616,0.21,1,1003635,1003205,430
80837541,16.9948,3.3334,447,45967,0.391323,0.23,1,1003652,1003205,447
80840461,25.799,13.4667,459,46013,0.406265,0.23,1,1003680,1003221,459
80843381,27.5598,25.8933,458,46059,0.409253,0.21,1,1003708,1003250,458
80846301,40.712,28.3787,473,46105,0.425851,0.23,1,1003752,1003279,473
80849221,40.9424,39.2757,472,46151,0.46117,0.27,1,1003793,1003321,472
80852141,33.7885,39.8551,464,46197,0.468234,0.27,1,1003825,1003361,464
80855061,17.9577,31.971,448,46243,0.469647,0.29,1,1003839,1003391,448
80857981,33.1915,16.7942,472,46289,0.485929,0.35,1,1003876,1003404,472
80860901,27.4383,32.1588,462,46335,0.505186,0.33,1,1003902,1003440,462
80863821,23.0877,26.4318,459,46381,0.509037,0.35,1,1003924,1003465,459
80866741,47.0175,23.6864,489,46426,0.525807,0.37,1,1003977,1003488,489
80869661,31.0035,44.7373,466,46471,0.545161,0.43,1,1004004,1003538,466
80872581,28.6007,29.7475,468,46516,0.565032,0.39,1,1004032,1003564,468
80875501,28.9201,28.3495,469,46561,0.553006,0.43,1,1004061,1003592,469
80878421,16.984,28.8699,454,46606,0.566601,0.39,1,1004075,1003621,454
80881341,17.7968,16.974,458,46651,0.53732,0.39,1,1004093,1003635,458
80884261,25.9594,16.9948,469,46696,0.563464,0.41,1,1004121,1003652,469
80887181,27.5919,25.799,469,46741,0.584693,0.41,1,1004149,1003680,469
80890101,42.3184,27.5598,487,46786,0.604939,0.43,1,1004195,1003708,487
80893021,42.0637,40.712,485,46831,0.640988,0.47,1,1004237,1003752,485
80895941,34.0127,40.9424,476,46876,0.680198,0.47,1,1004269,1003793,476
80898861,18.0025,33.7885,458,46921,0.704039,0.47,1,1004283,1003825,458
80901781,34.0005,17.9577,482,46966,0.676808,0.49,1,1004321,1003839,482
80904701,28.4001,33.1915,472,47011,0.655362,0.51,1,1004348,1003876,472
80907621,23.28,27.4383,468,47056,0.651072,0.51,1,1004370,1003902,468
80910541,47.856,23.0877,500,47101,0.634214,0.53,1,1004424,1003924,500
80913461,32.7712,47.0175,476,47146,0.614843,0.55,1,1004453,1003977,476
80916381,28.9542,31.0035,477,47191,0.610969,0.57,1,1004481,1004004,477
80919301,28.9908,28.6007,478,47236,0.610194,0.55,1,1004510,1004032,478
80922221,16.9982,28.9201,463,47281,0.642039,0.57,1,1004524,1004061,463
80925141,17.7996,16.984,467,47326,0.648408,0.53,1,1004542,1004075,467
80928061,25.9599,17.7968,477,47371,0.665682,0.57,1,1004570,1004093,477
80930981,6.79198,25.9594,451,47415,0.669136,0.59,1,1004572,1004121,451
80933901,24.5584,27.5919,452,47459,0.685827,0.61,1,1004601,1004149,452
80936821,43.3117,42.3184,454,47503,0.705165,0.65,1,1004649,1004195,454
80939741,42.2623,42.0637,454,47547,0.789033,0.69,2,1004691,1004237,454
80942661,36.4525,34.0127,457,47591,0.789807,0.71,2,1004726,1004269,457
80945581,18.4905,18.0025,457,47635,0.789961,0.67,2,1004740,1004283,457
80948501,32.4981,34.0005,455,47679,0.805992,0.65,2,1004776,1004321,455
80951421,27.2996,28.4001,454,47723,0.809198,0.65,2,1004802,1004348,454
80954341,23.0599,23.28,454,47767,0.79384,0.63,2,1004824,1004370,454
80957261,47.012,47.856,453,47811,0.854768,0.61,2,1004877,1004424,453
80960181,31.8024,32.7712,452,47855,0.882954,0.61,2,1004905,1004453,452
80963101,28.7605,28.9542,452,47899,0.904591,0.61,2,1004933,1004481,452
80966021,30.5521,28.9908,454,47943,0.924918,0.65,2,1004964,1004510,454
80968941,17.3104,16.9982,454,47987,0.928984,0.65,2,1004978,1004524,454
80971861,18.6621,17.7996,455,48031,0.929797,0.67,2,1004997,1004542,455
81250721,98,61,564,25779,0.61,1,1,1008734,1008170,564
81253641,81.2,85,550,25861,0.514,1,1,1008811,1008261,550
81256561,58.64,71.4,535,25943,0.4468,1,1,1008864,1008329,535
81259481,46.128,71.88,506,26025,0.35336,1,1,1008907,1008401,506
81262401,38.8256,39.176,512,26106,0.318672,0.87,1,1008944,1008432,512
81265321,42.1651,36.6352,519,26187,0.263734,1,1,1008987,1008468,519
81268241,50.033,47.327,521,26268,0.300747,0.93,1,1009039,1008518,521
81271161,57.2066,52.6654,526,26349,0.308149,0.79,1,1009098,1008572,526
81274081,81.0413,61.7331,549,26429,0.30963,0.61,1,1009185,1008636,549
81277001,72.2083,90.7466,521,26509,0.245926,0.49,1,1009255,1008734,521
81279921,53.6417,79.7493,493,26589,0.297185,0.43,1,1009304,1008811,493
81282841,42.7283,58.3499,480,26669,0.275437,0.33,1,1009344,1008864,480
81285761,36.5457,46.07,472,26748,0.303087,0.31,1,1009379,1008907,472
81288681,41.7091,38.814,478,26827,0.340617,0.25,1,1009422,1008944,478
81291601,50.7418,42.1628,488,26906,0.348123,0.31,1,1009475,1008987,488
81294521,11.7484,50.0326,438,26985,0.381625,0.31,1,1009477,1009039,438
81297441,47.9497,57.2065,436,27063,0.388325,0.31,1,1009534,1009098,436
81300361,79.9899,81.0413,437,27141,0.485665,0.23,1,1009622,1009185,437
81303281,70.398,72.2083,435,27219,0.521133,0.31,1,1009690,1009255,435
81306201,54.8796,53.6417,437,27297,0.496227,0.27,1,1009741,1009304,437
81309121,43.7759,42.7283,438,27375,0.507245,0.31,1,1009782,1009344,438
81312041,36.7552,36.5457,438,27452,0.557449,0.35,1,1009817,1009379,438
81314961,42.551,41.7091,439,27529,0.56749,0.35,1,1009861,1009422,439
81317881,52.5102,50.7418,441,27606,0.553498,0.39,1,1009916,1009475,441
81320801,12.102,11.7484,441,27683,0.5827,0.39,1,1009918,1009477,441
81323721,48.0204,47.9497,441,27760,0.63654,0.51,1,1009975,1009534,441
81326641,83.2041,79.9899,445,27836,0.663308,0.53,1,1010067,1009622,445
81329561,71.8408,70.398,446,27912,0.620662,0.49,1,1010136,1009690,446
81332481,55.1682,54.8796,446,27988,0.660132,0.51,1,1010187,1009741,446
81335401,44.6336,43.7759,447,28064,0.636026,0.57,1,1010229,1009782,447
81338321,39.3267,36.7552,450,28139,0.663205,0.57,1,1010267,1009817,450
81341241,43.0653,42.551,450,28214,0.652641,0.55,1,1010311,1009861,450
81344161,51.8131,52.5102,449,28289,0.682528,0.59,1,1010365,1009916,449
81347081,11.9626,12.102,449,28364,0.720506,0.59,1,1010367,1009918,449
81350001,49.5925,2.42041,508,28439,0.680101,0.65,1,1010426,1009918,508
81352921,84.3185,46.0841,544,28513,0.75202,0.67,2,1010519,1009975,544
81355841,71.2637,82.8168,520,28587,0.798404,0.61,2,1010587,1010067,520
81358761,55.8527,71.7634,503,28661,0.839681,0.67,2,1010639,1010136,503
81361681,44.7705,55.1527,494,28735,0.847936,0.63,2,1010681,1010187,494
81364601,40.1541,44.6305,491,28809,0.881587,0.67,2,1010720,1010229,491
81367521,43.2308,39.3261,497,28882,0.872317,0.65,2,1010764,1010267,497
81370441,53.4462,43.0652,509,28955,0.870463,0.69,2,1010820,1010311,509
81373361,12.2892,51.813,457,29028,0.870093,0.73,2,1010822,1010365,457
81376281,48.8578,11.9626,513,29101,0.886019,0.67,2,1010880,1010367,513
81487241,29,52,498,31747,0.77,1,2,1012740,1012242,498
81490161,35.4,31.2,509,31814,0.642,1,1,1012777,1012268,509
81493081,83.08,35.04,568,31881,0.4404,1,1,1012872,1012304,568
81496001,55.816,87.808,516,31947,0.32008,0.96,1,1012921,1012405,516
81498921,35.9632,48.7616,508,32013,0.248016,1,1,1012952,1012444,508
81501841,53.5926,37.7523,531,32079,0.281603,1,1,1013010,1012479,531
81504761,36.3185,53.1505,506,32145,0.336321,0.84,1,1013042,1012536,506
81507681,33.6637,42.6301,499,32211,0.315264,0.95,1,1013075,1012576,499
81510601,50.7327,35.726,520,32277,0.359053,0.81,1,1013130,1012610,520
81513521,36.5465,57.5452,490,32343,0.351811,0.77,1,1013163,1012673,490
81516441,29.7093,41.909,480,32408,0.398362,0.77,1,1013191,1012711,480
81519361,33.9419,31.5818,486,32473,0.391672,0.61,1,1013226,1012740,486
81522281,73.1884,35.9164,532,32538,0.390334,0.39,1,1013309,1012777,532
81525201,52.2377,83.1833,484,32603,0.390067,0.29,1,1013356,1012872,484
81528121,32.8475,55.8367,463,32668,0.438013,0.23,1,1013384,1012921,463
81531041,56.9695,35.9673,495,32733,0.447603,0.29,1,1013447,1012952,495
81533961,12.9939,53.5935,439,32798,0.449521,0.35,1,1013449,1013010,439
81536881,27.3988,36.3187,438,32862,0.497904,0.31,1,1013480,1013042,438
81539801,32.6798,33.6637,439,32926,0.539581,0.37,1,1013514,1013075,439
81542721,49.736,50.7327,438,32990,0.547916,0.35,1,1013568,1013130,438
81545641,37.1472,36.5465,439,33054,0.565583,0.41,1,1013602,1013163,439
81548561,30.6294,29.7093,440,33118,0.601117,0.39,1,1013631,1013191,440
81551481,34.9259,33.9419,441,33182,0.608223,0.39,1,1013667,1013226,441
81554401,72.5852,73.1884,440,33246,0.625645,0.39,1,1013749,1013309,440
81557321,53.717,52.2377,442,33310,0.645129,0.45,1,1013798,1013356,442
81560241,33.1434,32.8475,442,33373,0.633026,0.45,1,1013826,1013384,442
81563161,59.4287,56.9695,445,33436,0.694605,0.45,1,1013892,1013447,445
81566081,13.4857,12.9939,445,33499,0.706921,0.51,1,1013894,1013449,445
81569001,29.8971,27.3988,448,33562,0.693384,0.55,1,1013928,1013480,448
81571921,33.9794,32.6798,449,33625,0.690677,0.55,1,1013963,1013514,449
81574841,49.9959,49.736,449,33688,0.706135,0.57,1,1014017,1013568,449
81577761,37.9992,37.1472,450,33751,0.725227,0.61,1,1014052,1013602,450
81580681,32.3998,30.6294,452,33814,0.713045,0.61,1,1014083,1013631,452
81583601,35.28,34.9259,452,33877,0.742609,0.63,1,1014119,1013667,452
81586521,73.456,72.5852,453,33939,0.780522,0.65,2,1014202,1013749,453
81589441,53.0912,53.717,452,34001,0.804104,0.63,2,1014250,1013798,452
81592361,33.8182,33.1434,453,34063,0.808821,0.71,2,1014279,1013826,453
81595281,61.1636,59.4287,455,34125,0.809764,0.71,2,1014347,1013892,455
81598201,13.8327,13.4857,455,34187,0.809953,0.69,2,1014349,1013894,455
81601121,29.1665,29.8971,454,34249,0.793991,0.69,2,1014382,1013928,454
81604041,34.6333,5.97943,490,34311,0.758798,0.69,2,1014418,1013928,490
81606961,50.9267,29.1959,510,34373,0.79976,0.71,2,1014473,1013963,510
81609881,37.3853,49.0392,490,34435,0.823952,0.73,2,1014507,1014017,490
81612801,33.0771,37.8078,487,34496,0.86079,0.71,2,1014539,1014052,487
81615721,35.4154,32.3616,492,34557,0.884158,0.75,2,1014575,1014083,492
81618641,75.0831,35.2723,541,34618,0.872832,0.79,2,1014660,1014119,541
81621561,55.0166,73.4545,508,34679,0.918566,0.81,2,1014710,1014202,508
81624481,33.4033,53.0909,488,34740,0.895713,0.81,2,1014738,1014250,488
81627401,61.0807,33.8182,527,34801,0.907143,0.81,2,1014806,1014279,527
81630321,13.8161,61.1636,461,34862,0.909429,0.81,2,1014808,1014347,461
81633241,28.3632,13.8327,491,34923,0.909886,0.79,2,1014840,1014349,491
81636161,36.0726,29.1665,496,34984,0.925977,0.75,2,1014878,1014382,496
81789461,85,109,507,17042,0.03,0.31,1,1017176,1016669,507
81792381,70.6,109.8,464,17167,0.03,0.01,1,1017243,1016779,464
81795301,78.92,77.96,475,17291,0.03,0.01,1,1017324,1016849,475
81798221,41.384,71.592,437,17414,0.03,0.09,1,1017356,1016919,437
81801141,134.677,41.5184,561,17536,0.094,0.05,1,1017514,1016953,561
81804061,94.1354,118.704,507,17657,0.0748,0.03,1,1017598,1017091,507
81806981,73.2271,91.7407,490,17777,0.05496,0.03,1,1017666,1017176,490
81809901,78.6454,71.9481,503,17896,0.034992,0.03,1,1017746,1017243,503
81812821,41.3291,79.1896,454,18015,0.0149984,0.03,1,1017778,1017324,454
81815741,9.86582,41.4379,424,18133,0.00299968,0.11,1,1017780,1017356,424
81818661,129.173,134.688,425,18250,0.00859994,0.07,1,1017939,1017514,425
81821581,93.0346,94.1375,425,18366,0.07372,0.05,1,1018023,1017598,425
81824501,70.6069,73.2275,422,18482,0.070744,0.03,1,1018088,1017666,422
81827421,78.9214,78.6455,423,18597,0.0141488,0.01,1,1018169,1017746,423
81830341,42.1843,41.3291,424,18711,0.00282976,0,1,1018202,1017778,424
81833261,10.0369,9.86582,424,18824,0.040566,0.01,1,1018204,1017780,424
81836181,127.607,129.173,422,18937,0.0321132,0.09,1,1018361,1017939,422
81839101,95.1215,93.0346,425,19049,0.0784226,0.07,1,1018448,1018023,425
81842021,71.0243,70.6069,425,19160,0.0876845,0,1,1018513,1018088,425
81844941,76.6049,78.9214,422,19271,0.0175369,0,1,1018591,1018169,422
81847861,41.721,42.1843,422,19381,0.00350738,0.05,1,1018624,1018202,422
81850781,9.94419,10.0369,422,19490,0.0407015,0.03,1,1018626,1018204,422
81853701,128.389,127.607,423,19599,0.12814,0.03,1,1018784,1018361,423
81856621,95.2778,25.5215,510,19707,0.177628,0.09,1,1018871,1018361,510
81859541,72.6556,74.7043,490,19815,0.203526,0.09,1,1018938,1018448,490
81862461,73.7311,66.9409,499,19922,0.208705,0,1,1019012,1018513,499
81865381,41.1462,75.7882,454,20028,0.041741,0,1,1019045,1018591,454
81868301,9.82924,41.5576,423,20134,0.0163482,0.05,1,1019047,1018624,423
81871221,133.166,9.91153,585,20239,0.0912696,0.15,1,1019211,1018626,585
81874141,98.6332,128.382,517,20344,0.138254,0.19,1,1019301,1018784,517
81877061,74.9266,95.2765,499,20448,0.195651,0.21,1,1019370,1018871,499
81879981,68.5853,72.6553,499,20552,0.23913,0.21,1,1019437,1018938,499
81882901,37.7171,73.7311,455,20655,0.215826,0,1,1019467,1019012,455
81885821,9.14341,41.1462,424,20758,0.179165,0.01,1,1019469,1019045,424
81888741,136.229,9.82924,590,20860,0.059833,0.11,1,1019637,1019047,590
81891661,100.846,133.166,518,20962,0.0839666,0.15,1,1019729,1019211,518
81894581,21.7691,98.6332,430,21063,0.0887933,0.21,1,1019731,1019301,430
81897501,61.1538,74.9266,432,21164,0.121759,0.25,1,1019802,1019370,432
81900421,67.4308,68.5853,434,21264,0.176352,0.21,1,1019871,1019437,434
81903341,34.2862,37.7171,430,21364,0.15527,0.17,1,1019897,1019467,430
81906261,8.45723,9.14341,430,21463,0.183054,0.03,1,1019899,1019469,430
81909181,130.491,136.229,423,21562,0.172611,0.09,1,1020060,1019637,423
81912101,102.098,100.846,426,21660,0.202522,0.09,1,1020155,1019729,426
81915021,22.0197,21.7691,426,21758,0.176504,0.13,1,1020157,1019731,426
81917941,62.8039,61.1538,428,21855,0.235301,0.19,1,1020230,1019802,428
81920861,68.5608,67.4308,429,21952,0.21506,0.15,1,1020300,1019871,429
81923781,35.3122,34.2862,430,22049,0.227012,0.19,1,1020327,1019897,430
81926701,8.66243,8.45723,430,22145,0.245402,0.17,1,1020329,1019899,430
81929621,128.932,130.491,428,22241,0.20108,0.21,1,1020488,1020060,428
81932541,104.186,102.098,431,22336,0.304216,0.17,1,1020586,1020155,431
81935461,22.4373,22.0197,431,22431,0.324843,0.25,1,1020588,1020157,431
81938381,63.6875,62.8039,432,22526,0.408969,0.25,1,1020662,1020230,432
81941301,67.9375,12.5608,501,22620,0.393794,0.21,1,1020731,1020230,501
81944221,36.7875,58.5122,460,22714,0.406759,0.23,1,1020760,1020300,460
81947141,8.9575,33.3024,435,22807,0.409352,0.25,1,1020762,1020327,435
81950061,126.592,8.26049,589,22900,0.48987,0.19,1,1020918,1020329,589
81952981,110.118,128.852,536,22993,0.553974,0.33,1,1021024,1020488,536
81955901,23.6237,104.17,440,23085,0.566795,0.33,1,1021026,1020586,440
81958821,65.5247,22.4341,514,23177,0.601359,0.43,1,1021102,1020588,514
81961741,68.3049,63.6868,509,23268,0.624272,0.39,1,1021171,1020662,509
81964661,37.661,67.9374,470,23359,0.628854,0.41,1,1021201,1020731,470
81967581,9.1322,36.7875,443,23450,0.629771,0.41,1,1021203,1020760,443
81970501,130.626,8.95749,602,23540,0.725954,0.51,1,1021364,1020762,602
81973421,113.325,126.592,555,23630,0.745191,0.57,1,1021473,1020918,555
81976341,24.2651,110.118,451,23720,0.749038,0.57,1,1021475,1021024,451
81979261,67.253,23.6237,527,23809,0.781808,0.61,2,1021553,1021026,527
81982181,69.4506,65.5247,521,23898,0.820362,0.63,2,1021623,1021102,521
81985101,37.8901,68.3049,482,23987,0.828072,0.63,2,1021653,1021171,482
81988021,9.17802,37.661,454,24075,0.829614,0.63,2,1021655,1021201,454
81990941,3.4356,9.1322,454,24163,0.829923,0.75,2,1021657,1021203,454
81993861,133.487,130.626,459,24251,0.925985,0.75,2,1021823,1021364,459
81996781,113.897,113.325,459,24338,0.929197,0.75,2,1021932,1021473,459
81999701,24.3795,24.2651,459,24425,0.929839,0.79,2,1021934,1021475,459
82098981,49,72,481,27218,0.69,1,1,1023910,1023429,481
82101901,79.4,81.6,484,27296,0.37,1,1,1023997,1023513,484
82104821,40.68,41.12,484,27374,0.258,1,1,1024028,1023544,484
82107741,31.336,32.224,483,27451,0.1876,0.94,1,1024057,1023574,483
82110661,23.0672,22.4448,484,27528,0.07752,1,1,1024078,1023594,484
82113581,93.4134,100.489,475,27605,0.039504,1,1,1024189,1023714,475
82116501,41.8827,44.0978,474,27682,0.0639008,0.86,1,1024218,1023744,474
82119421,67.5765,76.8196,463,27759,0.0207802,0.75,1,1024292,1023829,463
82122341,35.1153,40.9639,458,27835,0.012156,0.69,1,1024319,1023861,458
82125261,45.4231,47.3928,457,27911,0.0744312,0.29,1,1024367,1023910,457
82128181,62.6846,79.0786,437,27987,0.0708862,0.23,1,1024434,1023997,437
82131101,33.3369,40.6157,432,28063,0.0861773,0.17,1,1024460,1024028,432
82134021,25.8674,31.3231,427,28138,0.137235,0.05,1,1024484,1024057,427
82136941,19.5735,23.0646,424,28213,0.0514471,0.03,1,1024502,1024078,424
82139861,91.1147,93.4129,422,28288,0.0502894,0.07,1,1024611,1024189,422
82142781,42.2229,41.8826,423,28363,0.0340579,0.07,1,1024641,1024218,423
82145701,66.0446,8.37652,495,28438,0.00681158,0.01,1,1024713,1024218,495
82148621,34.8089,60.8753,448,28512,0.00936232,0.01,1,1024740,1024292,448
82151541,47.7618,33.7751,472,28586,0.0418725,0.09,1,1024791,1024319,472
82154461,63.1524,45.155,491,28660,0.0643745,0.07,1,1024858,1024367,491
82157381,32.6305,62.631,449,28734,0.0528749,0.09,1,1024883,1024434,449
82160301,26.5261,33.3262,448,28808,0.082575,0.15,1,1024908,1024460,448
82163221,18.9052,25.8652,441,28881,0.072515,0.03,1,1024925,1024484,441
82166141,90.181,19.573,531,28954,0.054503,0.05,1,1025033,1024502,531
82169061,41.2362,91.1146,451,29027,0.0509006,0.03,1,1025062,1024611,451
82171981,66.6472,42.2229,494,29100,0.0101801,0,1,1025135,1024641,494
82174901,34.1294,66.0446,448,29173,0.042036,0.01,1,1025161,1024713,448
82177821,50.8259,34.8089,476,29246,0.112407,0.05,1,1025216,1024740,476
82180741,62.9652,47.7618,491,29318,0.142481,0.07,1,1025282,1024791,491
82183661,31.793,63.1524,448,29390,0.164496,0.05,1,1025306,1024858,448
82186581,27.9586,32.6305,450,29462,0.184899,0.09,1,1025333,1024883,450
82189501,19.9917,26.5261,443,29534,0.18898,0.07,1,1025351,1024908,443
82192421,87.9983,18.9052,531,29606,0.205796,0.05,1,1025456,1024925,531
82195341,39.9997,90.181,451,29677,0.145159,0.05,1,1025484,1025033,451
82198261,65.5999,41.2362,494,29748,0.0530318,0,1,1025556,1025062,494
82201181,33.92,66.6472,447,29819,0.0346064,0.05,1,1025582,1025135,447
82204101,8.384,34.1294,423,29890,0.0309213,0.13,1,1025584,1025161,423
82207021,49.6768,50.8259,428,29961,0.0461843,0.15,1,1025644,1025216,428
82209941,63.5354,62.9652,429,30032,0.0972368,0.17,1,1025711,1025282,429
82212861,32.7071,31.793,430,30102,0.171447,0.19,1,1025736,1025306,430
82215781,28.9414,27.9586,431,30172,0.186289,0.19,1,1025764,1025333,431
82218701,20.9883,19.9917,432,30242,0.205258,0.21,1,1025783,1025351,432
82221621,88.1977,87.9983,432,30312,0.193052,0.13,1,1025888,1025456,432
82224541,36.8395,39.9997,428,30382,0.20661,0.03,1,1025912,1025484,428
82227461,60.1679,65.5999,422,30452,0.209322,0.03,1,1025978,1025556,422
82230381,33.6336,33.92,423,30521,0.129864,0.03,1,1026005,1025582,423
82233301,8.32672,8.384,423,30590,0.145973,0.05,1,1026007,1025584,423
82236221,50.4653,49.6768,424,30659,0.0691946,0.11,1,1026068,1025644,424
82239141,66.8931,63.5354,428,30728,0.101839,0.19,1,1026139,1025711,428
82242061,34.1786,32.7071,429,30797,0.0763678,0.19,1,1026165,1025736,429
82244981,30.8357,28.9414,431,30866,0.119274,0.21,1,1026195,1025764,431
82247901,20.5671,20.9883,430,30935,0.0958547,0.19,1,1026213,1025783,430
82250821,89.7134,88.1977,432,31003,0.171171,0.21,1,1026320,1025888,432
82253741,37.1427,36.8395,432,31071,0.234234,0.21,1,1026344,1025912,432
82256661,57.0285,60.1679,428,31139,0.262847,0.11,1,1026406,1025978,428
82259581,32.2057,33.6336,427,31207,0.236569,0.15,1,1026432,1026005,427
82262501,8.04114,8.32672,427,31275,0.263314,0.05,1,1026434,1026007,427
82265421,48.8082,50.4653,425,31343,0.268663,0.05,1,1026493,1026068,425
82268341,65.7616,10.0931,495,31411,0.253733,0.11,1,1026563,1026068,495
82271261,33.9523,58.8186,450,31478,0.266746,0.07,1,1026589,1026139,450
82274181,31.5905,32.5637,455,31545,0.317349,0.13,1,1026620,1026165,455
82277101,20.7181,30.5127,443,31612,0.32747,0.09,1,1026638,1026195,443
82280021,93.7436,20.5025,537,31679,0.329494,0.19,1,1026750,1026213,537
82282941,39.5487,89.7005,456,31746,0.377899,0.25,1,1026776,1026320,456
82285861,57.5097,37.1401,494,31813,0.37158,0.27,1,1026838,1026344,494
82288781,32.3019,57.028,458,31880,0.370316,0.23,1,1026864,1026406,458
82291701,8.06039,32.2056,434,31946,0.370063,0.27,1,1026866,1026432,434
82294621,48.8121,8.04112,491,32012,0.386013,0.27,1,1026925,1026434,491
82297541,67.3624,48.8082,504,32078,0.437203,0.25,1,1026997,1026493,504
82300461,34.2725,65.7616,460,32144,0.49544,0.27,1,1027023,1026563,460
82303381,34.0545,33.9523,468,32210,0.555088,0.33,1,1027057,1026589,468
82306301,21.2109,31.5905,455,32276,0.567018,0.33,1,1027075,1026620,455
82309221,94.6422,20.7181,550,32342,0.585404,0.33,1,1027188,1026638,550
82312141,40.5284,93.7436,465,32407,0.605081,0.39,1,1027215,1026750,465
82315061,57.7057,39.5487,501,32472,0.673016,0.37,1,1027277,1026776,501
82317981,32.3411,57.5097,465,32537,0.686603,0.37,1,1027303,1026838,465
82320901,8.06823,32.3019,441,32602,0.689321,0.37,1,1027305,1026864,441
82323821,49.6136,8.06039,499,32667,0.689864,0.39,1,1027365,1026866,499
82326741,69.9227,48.8121,515,32732,0.721973,0.45,1,1027440,1026925,515
82329661,15.5845,67.3624,445,32797,0.728395,0.51,1,1027442,1026997,445
82332581,25.5169,34.2725,447,32861,0.777679,0.57,2,1027470,1027023,447
82335501,34.7034,34.0545,450,32925,0.771536,0.57,2,1027507,1027057,450
82338421,21.3407,21.2109,450,32989,0.818307,0.59,2,1027525,1027075,450
82341341,97.0681,94.6422,453,33053,0.843661,0.61,2,1027641,1027188,453
82344261,41.0136,40.5284,453,33117,0.832732,0.69,2,1027668,1027215,453
82347181,60.2027,57.7057,456,33181,0.894547,0.69,2,1027733,1027277,456
82350101,32.8405,32.3411,456,33245,0.906909,0.69,2,1027759,1027303,456
82353021,8.16811,8.06823,456,33309,0.941382,0.69,2,1027761,1027305,456
82355941,49.6336,49.6136,456,33372,0.916276,0.73,2,1027821,1027365,456
82358861,71.5267,69.9227,458,33435,0.927255,0.73,2,1027898,1027440,458
82361781,15.9053,15.5845,458,33498,0.897451,0.79,2,1027900,1027442,458
82364701,26.3811,25.5169,459,33561,0.89149,0.77,2,1027929,1027470,459
82367621,35.6762,34.7034,460,33624,0.906298,0.83,2,1027967,1027507,460
82370541,22.3352,21.3407,461,33687,0.87726,0.85,2,1027986,1027525,461
82373461,98.067,97.0681,462,33750,0.903452,0.83,2,1028103,1027641,462
82376381,42.8134,41.0136,464,33813,0.90869,0.91,2,1028132,1027668,464
82541361,120,90,478,16192,0.09,0.19,1,1030569,1030091,478
82544281,77.6,83.6,463,16323,0.122,0.05,1,1030636,1030173,463
82547201,113.92,125.52,450,16453,0.0484,0.01,1,1030759,1030309,450
82550121,50.784,62.704,438,16582,0.04968,0.03,1,1030794,1030356,438
82553041,24.5568,26.1408,439,16710,0.049936,0.05,1,1030812,1030373,439
82555961,151.311,66.0282,546,16837,0.0339872,0.09,1,1030995,1030449,546
82558881,83.8623,109.206,493,16963,0.110797,0.13,1,1031062,1030569,493
82561801,111.172,75.4411,544,17088,0.158159,0.03,1,1031180,1030636,544
82564721,51.0345,113.488,457,17212,0.135632,0.05,1,1031216,1030759,457
82567641,25.4069,50.6976,441,17335,0.115126,0.05,1,1031235,1030794,441
82570561,150.681,24.5395,605,17457,0.0470253,0.03,1,1031417,1030812,605
82573481,87.7363,151.308,494,17579,0.0494051,0.13,1,1031489,1030995,494
82576401,113.547,83.8616,547,17700,0.113881,0.17,1,1031609,1031062,547
82579321,48.3094,111.172,461,17820,0.126776,0.13,1,1031641,1031180,461
82582241,25.6619,51.0345,445,17939,0.129355,0.11,1,1031661,1031216,445
82585161,147.532,25.4069,604,18057,0.129871,0.03,1,1031839,1031235,604
82588081,31.1065,150.681,424,18175,0.129974,0.05,1,1031841,1031417,424
82591001,63.8213,87.7363,424,18292,0.129995,0.13,1,1031913,1031489,424
82593921,111.964,113.547,428,18408,0.241999,0.13,1,1032037,1031609,428
82596841,47.9929,48.3094,428,18523,0.2484,0.13,1,1032069,1031641,428
82599761,25.5986,25.6619,428,18638,0.24968,0.13,1,1032089,1031661,428
82602681,147.52,147.532,428,18752,0.345936,0.13,1,1032267,1031839,428
82605601,31.1039,31.1065,428,18865,0.333187,0.13,1,1032269,1031841,428
82608521,63.8208,63.8213,428,18977,0.378637,0.27,1,1032341,1031913,428
82611441,115.964,111.964,433,19089,0.419728,0.25,1,1032470,1032037,433
82614361,49.5928,47.9929,434,19200,0.475946,0.25,1,1032503,1032069,434
82617281,25.9186,25.5986,434,19311,0.455189,0.37,1,1032523,1032089,434
82620201,150.784,147.52,438,19421,0.499038,0.33,1,1032705,1032267,438
82623121,31.7567,31.1039,438,19530,0.539808,0.39,1,1032707,1032269,438
82626041,64.7513,63.8208,439,19639,0.595962,0.39,1,1032780,1032341,439
82628961,119.35,12.7642,572,19747,0.591192,0.43,1,1032913,1032341,572
82631881,50.2701,105.753,476,19854,0.654239,0.49,1,1032946,1032470,476
82634801,26.054,47.5506,463,19961,0.682848,0.45,1,1032966,1032503,463
82637721,153.211,25.5101,628,20067,0.78457,0.51,2,1033151,1032523,628
82640641,32.2422,150.702,448,20173,0.804914,0.55,2,1033153,1032705,448
82643561,67.2484,31.7404,522,20278,0.776983,0.61,2,1033229,1032707,522
82646481,123.05,64.7481,586,20383,0.771397,0.59,2,1033366,1032780,586
82649401,52.6099,119.35,488,20487,0.850279,0.67,2,1033401,1032913,488
82652321,27.322,50.2699,476,20591,0.866056,0.69,2,1033422,1032946,476
82655241,157.464,26.054,646,20694,0.869211,0.81,2,1033612,1032966,646
82658161,33.0929,153.211,463,20797,0.869842,0.81,2,1033614,1033151,463
82661081,65.8186,32.2422,535,20899,0.869968,0.77,2,1033688,1033153,535
82664001,122.764,67.2484,596,21000,0.917994,0.77,2,1033825,1033229,596
82666921,26.1527,123.05,461,21101,0.927599,0.87,2,1033827,1033366,461
82669841,35.6305,52.6099,464,21202,0.94552,0.87,2,1033865,1033401,464
82745761,135,57,601,23665,0.47,1,1,1035706,1035105,601
82748681,55.8,121.8,499,23755,0.39,1,1,1035742,1035243,499
82751601,43.96,47.56,511,23844,0.374,1,1,1035783,1035272,511
82754521,19.192,30.312,498,23933,0.3228,1,1,1035796,1035298,498
82757441,16.6384,21.2624,495,24022,0.32856,0.99,1,1035812,1035317,495
82760361,114.528,135.452,470,24110,0.249712,0.93,1,1035951,1035481,470
82763281,59.7055,65.4905,468,24198,0.249942,0.77,1,1035997,1035529,468
82766201,34.3411,46.6981,454,24286,0.249988,0.47,1,1036025,1035571,454
82769121,106.068,117.34,443,24373,0.281998,0.37,1,1036149,1035706,443
82772041,47.6136,52.2679,440,24460,0.3204,0.37,1,1036182,1035742,440
82774961,40.7227,43.2536,438,24547,0.34408,0.31,1,1036221,1035783,438
82777881,18.5445,19.0507,438,24633,0.332816,0.33,1,1036234,1035796,438
82780801,14.9089,16.6101,436,24719,0.330563,0.23,1,1036248,1035812,436
82783721,111.782,114.522,433,24805,0.394113,0.25,1,1036384,1035951,433
82786641,58.3564,59.7044,432,24890,0.406823,0.25,1,1036429,1035997,432
82789561,34.8713,34.3409,433,24975,0.457364,0.29,1,1036458,1036025,433
82792481,108.574,106.068,436,25060,0.515473,0.33,1,1036585,1036149,436
82795401,48.1148,47.6136,436,25145,0.511095,0.35,1,1036618,1036182,436
82798321,41.623,40.7227,437,25229,0.542219,0.33,1,1036658,1036221,437
82801241,17.9246,18.5445,436,25313,0.548444,0.33,1,1036670,1036234,436
82804161,14.7849,14.9089,436,25397,0.549689,0.41,1,1036684,1036248,436
82807081,114.957,111.782,440,25480,0.597938,0.41,1,1036824,1036384,440
82810001,59.7914,22.3564,486,25563,0.623588,0.41,1,1036870,1036384,486
82812921,35.9583,40.4713,471,25646,0.644717,0.47,1,1036900,1036429,471
82815841,111.192,31.2943,572,25729,0.728943,0.53,1,1037030,1036458,572
82818761,47.8383,107.859,477,25811,0.745789,0.51,1,1037062,1036585,477
82821681,43.1677,47.9718,486,25893,0.765158,0.55,2,1037104,1036618,486
82824601,18.2335,41.5944,458,25975,0.769032,0.55,2,1037116,1036658,458
82827521,15.6467,17.9189,461,26057,0.753806,0.55,2,1037131,1036670,461
82830441,118.329,14.7838,591,26138,0.830761,0.61,2,1037275,1036684,591
82833361,62.0659,114.957,499,26219,0.894152,0.63,2,1037323,1036824,499
82836281,37.2132,59.7913,484,26300,0.92283,0.65,2,1037354,1036870,484
82839201,114.643,35.9583,588,26381,0.912566,0.75,2,1037488,1036900,588
82842121,48.5285,111.192,490,26461,0.910513,0.75,2,1037520,1037030,490
82845041,44.1057,47.8383,501,26541,0.894103,0.77,2,1037563,1037062,501
82847961,18.4211,43.1677,471,26621,0.890821,0.77,2,1037575,1037104,471
82850881,16.4842,18.2335,475,26701,0.890164,0.75,2,1037591,1037116,475
82853801,120.897,15.6467,607,26780,0.906033,0.85,2,1037738,1037131,607
82856721,64.9794,118.329,514,26859,0.893207,0.91,2,1037789,1037275,514
82859641,14.5959,62.0659,468,26938,0.906641,0.93,2,1037791,1037323,468
82862561,27.7192,37.2132,468,27017,0.941328,0.91,2,1037822,1037354,468
82967681,30,29,511,29707,0.57,1,1,1039747,1039236,511
82970601,71.6,33,559,29778,0.33,1,1,1039829,1039270,559
82973521,35.12,81.8,491,29849,0.218,1,1,1039855,1039364,491
82976441,51.824,54.76,499,29920,0.0676,1,1,1039911,1039412,499
82979361,35.9648,39.752,495,29991,0.05352,1,1,1039943,1039448,495
82982281,28.793,37.5504,485,30062,0.034704,1,1,1039970,1039485,485
82985201,28.1586,34.7101,479,30132,0.0149408,0.95,1,1039998,1039519,479
82988121,96.0317,106.942,467,30202,0.0589882,0.75,1,1040111,1039644,467
82991041,44.0063,50.1884,462,30272,0.0357976,0.69,1,1040142,1039680,462
82993961,36.0013,39.6377,459,30342,0.0151595,0.57,1,1040176,1039717,459
82996881,22.4003,31.9275,448,30412,0.0590319,0.27,1,1040195,1039747,448
82999801,59.6801,71.9855,435,30482,0.0678064,0.19,1,1040264,1039829,435
83002721,27.936,35.1971,429,30551,0.0695613,0.03,1,1040284,1039855,429
83005641,44.7872,51.8394,422,30620,0.0539123,0.05,1,1040333,1039911,422
83008561,34.5574,35.9679,422,30689,0.0187824,0.03,1,1040365,1039943,422
83011481,29.3115,28.7936,423,30758,0.0117565,0.01,1,1040393,1039970,423
83014401,28.2623,28.1587,423,30827,0.0103513,0.07,1,1040421,1039998,423
83017321,95.2525,96.0317,422,30896,0.0420703,0.03,1,1040533,1040111,422
83020241,43.8505,44.0063,422,30964,0.0324141,0.01,1,1040564,1040142,422
83023161,35.9701,36.0013,422,31032,0.0464828,0.07,1,1040598,1040176,422
83026081,22.394,22.4003,422,31100,0.0332966,0.07,1,1040617,1040195,422
83029001,61.2788,59.6801,424,31168,0.0786593,0.07,1,1040688,1040264,424
83031921,26.6558,27.936,422,31236,0.151732,0.05,1,1040706,1040284,422
83034841,44.5312,44.7872,422,31304,0.134346,0.05,1,1040755,1040333,422
83037761,34.5062,8.95744,454,31372,0.0988693,0.01,1,1040787,1040333,454
83040681,28.5012,27.3915,449,31439,0.0437739,0.01,1,1040814,1040365,449
83043601,28.1002,27.8783,449,31506,0.0487548,0.01,1,1040842,1040393,449
83046521,95.22,27.9757,533,31573,0.033751,0.05,1,1040954,1040421,533
83049441,43.844,95.1951,452,31640,0.0307502,0.03,1,1040985,1040533,452
83052361,35.9688,43.839,455,31707,0.03015,0.05,1,1041019,1040564,455
83055281,22.3938,35.9678,440,31774,0.00603001,0.03,1,1041038,1040598,440
83058201,64.4788,22.3936,496,31841,0.089206,0.09,1,1041113,1040617,496
83061121,28.8957,61.2787,445,31907,0.0738412,0.17,1,1041133,1040688,445
83064041,44.9792,26.6557,476,31973,0.0547682,0.13,1,1041182,1040706,476
83066961,33.7958,44.5311,458,32039,0.0829537,0.09,1,1041213,1040755,458
83069881,24.3592,34.5062,448,32105,0.0885907,0.03,1,1041235,1040787,448
83072801,28.0718,28.5012,450,32171,0.0257181,0.05,1,1041264,1040814,450
83075721,95.2144,28.1002,534,32237,0.0291436,0.03,1,1041376,1040842,534
83078641,44.6429,95.22,454,32303,0.0458287,0.03,1,1041408,1040954,454
83081561,35.3286,43.844,456,32368,0.0331657,0.03,1,1041441,1040985,456
83084481,22.2657,35.9688,441,32433,0.0306331,0,1,1041460,1041019,441
83087401,67.6531,22.3938,501,32498,0.0461266,0.11,1,1041539,1041038,501
83090321,27.9306,64.4788,444,32563,0.0492253,0.07,1,1041557,1041113,444
83093241,44.7861,28.8957,473,32628,0.113845,0.05,1,1041606,1041133,473
83096161,34.5572,44.9792,456,32693,0.142769,0.09,1,1041638,1041182,456
83099081,22.9114,33.7958,445,32758,0.148554,0.09,1,1041658,1041213,445
83102001,6.18229,24.3592,425,32823,0.149711,0.01,1,1041660,1041235,425
83104921,22.0365,28.0718,422,32887,0.149942,0.03,1,1041686,1041264,422
83107841,94.8073,95.2144,423,32951,0.0699884,0.05,1,1041799,1041376,423
83110761,45.3615,44.6429,424,33015,0.0699977,0.03,1,1041832,1041408,424
83113681,34.6723,35.3286,423,33079,0.0699995,0.03,1,1041864,1041441,423
83116601,21.3345,22.2657,422,33143,0.0699999,0.05,1,1041882,1041460,422
83119521,69.0669,67.6531,424,33207,0.038,0.05,1,1041963,1041539,424
83122441,28.2134,27.9306,424,33271,0.0476,0.13,1,1041981,1041557,424
83125361,48.0427,44.7861,428,33335,0.04952,0.15,1,1042034,1041606,428
83128281,36.0085,34.5572,429,33398,0.081904,0.15,1,1042067,1041638,429
83131201,23.2017,22.9114,429,33461,0.0723808,0.15,1,1042087,1041658,429
83134121,6.24034,6.18229,429,33524,0.0704762,0.15,1,1042089,1041660,429
83137041,18.8481,22.0365,425,33587,0.118095,0.05,1,1042111,1041686,425
83139961,91.7696,94.8073,422,33650,0.191619,0.07,1,1042221,1041799,422
83142881,45.5539,45.3615,423,33713,0.206324,0.07,1,1042255,1041832,423
83145801,35.5108,34.6723,424,33776,0.225265,0.07,1,1042288,1041864,424
83148721,21.5022,21.3345,424,33839,0.229053,0.03,1,1042306,1041882,424
83151641,67.5004,69.0669,422,33901,0.181811,0.05,1,1042385,1041963,422
83154561,27.9001,28.2134,422,33963,0.140362,0.05,1,1042403,1041981,422
83157481,47.98,48.0427,422,34025,0.196072,0.09,1,1042456,1042034,422
83160401,38.396,36.0085,425,34087,0.175214,0.07,1,1042492,1042067,425
83163321,23.6792,23.2017,425,34149,0.235043,0.07,1,1042512,1042087,425
83166241,6.33584,6.24034,425,34211,0.247009,0.07,1,1042514,1042089,425
83169161,19.6672,1.24807,448,34273,0.201402,0.13,1,1042537,1042089,448
83172081,94.3334,17.8496,539,34335,0.28828,0.21,1,1042650,1042111,539
83175001,47.6667,91.5699,465,34397,0.321656,0.21,1,1042686,1042221,465
83177921,35.1333,45.514,463,34458,0.360331,0.23,1,1042718,1042255,463
83180841,23.0267,35.5028,450,34519,0.384066,0.23,1,1042738,1042288,450
83183761,63.8053,21.5006,506,34580,0.404813,0.17,1,1042812,1042306,506
83186681,27.1611,67.5001,445,34641,0.424963,0.13,1,1042830,1042385,445
83189601,49.4322,27.9,482,34702,0.460993,0.21,1,1042885,1042403,482
83192521,38.6864,47.98,465,34763,0.468199,0.17,1,1042921,1042456,465
83195441,25.3373,38.396,451,34824,0.46964,0.25,1,1042943,1042492,451
83198361,6.66746,23.6792,433,34885,0.469928,0.25,1,1042945,1042512,433
83201281,18.9335,6.33584,453,34946,0.485986,0.19,1,1042967,1042514,453
83204201,99.7867,19.6672,550,35006,0.473197,0.31,1,1043087,1042537,550
83207121,48.7573,94.3334,473,35066,0.518639,0.33,1,1043123,1042650,473
83210041,36.9515,47.6667,471,35126,0.511728,0.37,1,1043157,1042686,471
83212961,24.1903,35.1333,460,35186,0.510346,0.39,1,1043178,1042718,460
83215881,65.6381,23.0267,516,35246,0.478069,0.41,1,1043254,1042738,516
83218801,27.5276,63.8053,460,35306,0.503614,0.43,1,1043272,1042812,460
83221721,51.1055,27.1611,499,35366,0.492723,0.47,1,1043329,1042830,499
83224641,39.0211,49.4322,480,35426,0.506545,0.47,1,1043365,1042885,480
83227561,25.4042,38.6864,466,35486,0.509309,0.47,1,1043387,1042921,466
83230481,6.68084,25.3373,446,35546,0.509862,0.47,1,1043389,1042943,446
83233401,20.5362,6.66746,468,35605,0.525972,0.49,1,1043413,1042945,468
83236321,98.5072,18.9335,564,35664,0.561194,0.47,1,1043531,1042967,564
83239241,21.3014,99.7867,446,35723,0.568239,0.53,1,1043533,1043087,446
83242161,34.6603,48.7573,448,35782,0.617648,0.51,1,1043571,1043123,448
83245081,34.1321,36.9515,448,35841,0.59553,0.51,1,1043605,1043157,448
83248001,22.8264,24.1903,447,35900,0.607106,0.47,1,1043625,1043178,447
83250921,65.3653,65.6381,447,35959,0.625421,0.51,1,1043701,1043254,447
83253841,27.4731,27.5276,447,36018,0.661084,0.49,1,1043719,1043272,447
83256761,50.2946,51.1055,446,36077,0.716217,0.51,1,1043775,1043329,446
83259681,39.6589,39.0211,447,36136,0.711243,0.51,1,1043812,1043365,447
83262601,25.5318,25.4042,447,36194,0.694249,0.51,1,1043834,1043387,447
83265521,6.70636,6.68084,447,36252,0.69085,0.53,1,1043836,1043389,447
83268441,21.3413,20.5362,448,36310,0.70617,0.57,1,1043861,1043413,448
83271361,100.268,98.5072,450,36368,0.741234,0.57,1,1043981,1043531,450
83274281,21.6536,21.3014,450,36426,0.748247,0.63,1,1043983,1043533,450
83277201,35.5307,34.6603,451,36484,0.749649,0.59,1,1044022,1043571,451
83280121,32.7061,34.1321,449,36542,0.81393,0.61,2,1044054,1043605,449
83283041,23.3412,22.8264,450,36600,0.842786,0.63,2,1044075,1043625,450
83285961,67.8682,65.3653,453,36658,0.864557,0.67,2,1044154,1043701,453
83288881,28.7736,27.4731,454,36716,0.916911,0.73,2,1044173,1043719,454
83461161,24,36,488,39967,0.85,1,2,1046441,1045953,488
83464081,26.4,32,484,40020,0.85,1,2,1046468,1045984,484
83467001,32.48,29.6,489,40073,0.882,1,2,1046502,1046013,489
83469921,34.496,5.92,524,40126,0.8724,1,2,1046537,1046013,524
83472841,30.0992,33.984,512,40179,0.83848,1,2,1046566,1046054,512
83475761,50.0198,33.9968,533,40232,0.847696,1,2,1046621,1046088,533
83478681,42.004,61.9994,504,40284,0.865539,1,2,1046661,1046157,504
83481601,25.2008,37.1999,494,40336,0.917108,0.96,2,1046682,1046188,494
83484521,22.6402,24.24,495,40388,0.927422,1,2,1046704,1046209,495
83487441,25.328,22.448,499,40440,0.945484,1,2,1046730,1046231,499
83671401,30,25,512,43607,0.89,1,2,1048954,1048442,512
83674321,22.8,25,508,43655,0.874,1,2,1048975,1048467,508
83677241,38.16,30.6,518,43703,0.7428,1,1,1049017,1048499,518
83680161,28.432,36.52,506,43751,0.60456,1,1,1049043,1048537,506
83683081,32.8864,36.904,503,43799,0.528912,1,1,1049077,1048574,503
83686001,37.7773,27.3808,517,43847,0.481782,1,1,1049116,1048599,517
83688921,31.5555,33.4762,512,43895,0.360356,1,1,1049146,1048634,512
83691841,36.7111,32.2952,518,43943,0.320071,1,1,1049184,1048666,518
83694761,57.7422,52.059,524,43991,0.200014,1,1,1049247,1048723,524
83697681,36.3484,39.2118,519,44039,0.144003,1,1,1049278,1048759,519
83700601,27.2697,39.8424,504,44087,0.0528006,1,1,1049303,1048799,504
83703521,32.6539,27.1685,514,44135,0.0665601,1,1,1049337,1048823,514
83706441,27.3308,33.4337,505,44183,0.053312,0.93,1,1049363,1048858,505
83709361,25.4662,33.8867,496,44231,0.0346624,0.91,1,1049388,1048892,496
83712281,29.0932,32.3773,494,44279,0.0309325,0.89,1,1049418,1048924,494
83715201,21.0186,30.4755,483,44327,0.0141865,0.87,1,1049437,1048954,483
83718121,33.8037,22.8951,499,44375,0.0268373,0.71,1,1049474,1048975,499
83721041,25.1607,38.179,480,44423,0.0453675,0.57,1,1049497,1049017,480
83723961,29.8321,28.4358,485,44470,0.0650735,0.51,1,1049528,1049043,485
83726881,7.56643,32.8872,453,44517,0.0690147,0.47,1,1049530,1049077,453
83729801,23.1133,37.7774,441,44564,0.117803,0.33,1,1049557,1049116,441
83732721,23.0227,31.5555,434,44611,0.143561,0.31,1,1049580,1049146,434
83735641,34.2045,36.7111,433,44658,0.132712,0.17,1,1049617,1049184,433
83738561,53.2409,57.7422,428,44705,0.146542,0.13,1,1049675,1049247,428
83741481,34.6482,36.3484,427,44752,0.117308,0.03,1,1049705,1049278,427
83744401,24.5296,27.2697,424,44799,0.127462,0.07,1,1049727,1049303,424
83747321,32.9059,32.6539,425,44846,0.0974923,0.05,1,1049762,1049337,425
83750241,26.5812,27.3308,424,44893,0.187498,0.03,1,1049787,1049363,424
83753161,24.5162,25.4662,423,44940,0.1735,0.03,1,1049811,1049388,423
83756081,28.9032,29.0932,423,44987,0.1707,0.01,1,1049841,1049418,423
83759001,20.9806,21.0186,423,45034,0.18614,0.03,1,1049860,1049437,423
83761921,34.5961,33.8037,424,45081,0.157228,0.05,1,1049898,1049474,424
83764841,26.1192,25.1607,425,45128,0.199446,0.07,1,1049922,1049497,425
83767761,32.4238,29.8321,428,45175,0.223889,0.07,1,1049956,1049528,428
83770681,8.08477,7.56643,428,45222,0.228778,0.13,1,1049958,1049530,428
83773601,23.217,23.1133,428,45269,0.245756,0.15,1,1049985,1049557,428
83776521,23.8434,23.0227,429,45316,0.265151,0.13,1,1050009,1049580,429
83779441,31.9687,34.2045,426,45363,0.33303,0.15,1,1050043,1049617,426
83782361,54.3937,53.2409,428,45409,0.394606,0.11,1,1050103,1049675,428
83785281,34.0787,34.6482,427,45455,0.390921,0.13,1,1050132,1049705,427
83788201,25.2157,24.5296,428,45501,0.374184,0.09,1,1050155,1049727,428
83791121,34.6431,32.9059,430,45547,0.386837,0.21,1,1050192,1049762,430
83794041,26.9286,26.5812,430,45593,0.421367,0.17,1,1050217,1049787,430
83796961,24.5857,24.5162,430,45639,0.428273,0.17,1,1050241,1049811,430
83799881,28.9171,28.9032,430,45685,0.429655,0.19,1,1050271,1049841,430
83802801,20.1834,20.9806,429,45731,0.461931,0.15,1,1050289,1049860,429
83805721,34.4367,34.5961,429,45777,0.436386,0.21,1,1050327,1049898,429
83808641,28.4873,26.1192,432,45823,0.463277,0.23,1,1050354,1049922,432
83811561,32.0975,32.4238,431,45869,0.500655,0.23,1,1050387,1049956,431
83814481,8.01949,8.08477,431,45915,0.476131,0.23,1,1050389,1049958,431
83817401,25.6039,1.61695,461,45961,0.439226,0.25,1,1050419,1049958,461
83820321,24.3208,21.9234,458,46007,0.431845,0.27,1,1050443,1049985,458
83823241,34.4642,23.5847,471,46053,0.494369,0.35,1,1050480,1050009,471
83826161,56.4928,31.9169,499,46099,0.522874,0.41,1,1050542,1050043,499
83829081,35.2986,54.3834,469,46145,0.544575,0.39,1,1050572,1050103,469
83832001,24.6597,34.0767,462,46191,0.548915,0.37,1,1050594,1050132,462
83834921,36.1319,25.2153,478,46237,0.533783,0.39,1,1050633,1050155,478
83837841,28.0264,34.6431,467,46283,0.578757,0.43,1,1050659,1050192,467
83840761,24.8053,26.9286,466,46329,0.603751,0.43,1,1050683,1050217,466
83843681,28.9611,24.5857,472,46375,0.62475,0.43,1,1050713,1050241,472
83846601,20.1922,28.9171,460,46420,0.62895,0.47,1,1050731,1050271,460
83849521,35.2384,20.1834,481,46465,0.66179,0.43,1,1050770,1050289,481
83852441,30.2477,34.4367,472,46510,0.620358,0.47,1,1050799,1050327,472
83855361,31.6495,28.4873,477,46555,0.628072,0.51,1,1050831,1050354,477
83858281,7.92991,32.0975,446,46600,0.629614,0.47,1,1050833,1050387,446
83861201,23.986,8.01949,472,46645,0.629923,0.43,1,1050861,1050389,472
83864121,24.7972,25.6039,467,46690,0.661985,0.43,1,1050886,1050419,467
83867041,35.3594,24.3208,481,46735,0.684397,0.51,1,1050924,1050443,481
83869961,59.0719,34.4642,509,46780,0.704879,0.53,1,1050989,1050480,509
83872881,36.6144,56.4928,478,46825,0.708976,0.55,1,1051020,1050542,478
83875801,24.9229,35.2986,470,46870,0.709795,0.55,1,1051042,1050572,470
83878721,36.9846,24.6597,488,46915,0.741959,0.53,1,1051082,1050594,488
83881641,28.9969,36.1319,476,46960,0.732392,0.59,1,1051109,1050633,476
83884561,26.5994,28.0264,476,47005,0.714478,0.61,1,1051135,1050659,476
83887481,29.3199,24.8053,482,47050,0.710896,0.63,1,1051165,1050683,482
83890401,20.264,28.9611,470,47095,0.710179,0.63,1,1051183,1050713,470
83893321,35.2528,20.1922,491,47140,0.726036,0.67,1,1051222,1050731,491
83896241,29.4506,35.2384,480,47185,0.729207,0.61,1,1051250,1050770,480
83899161,32.2901,30.2477,484,47230,0.713841,0.63,1,1051283,1050799,484
83902081,8.05802,31.6495,454,47275,0.710768,0.63,1,1051285,1050831,454
83905001,24.0116,7.92991,480,47320,0.710154,0.63,1,1051313,1050833,480
83907921,26.4023,23.986,479,47365,0.742031,0.67,1,1051340,1050861,479
83910841,6.88046,24.7972,456,47410,0.748406,0.69,1,1051342,1050886,456
83913761,31.7761,35.3594,456,47454,0.765681,0.71,2,1051380,1050924,456
83916681,59.1552,59.0719,457,47498,0.833136,0.71,2,1051446,1050989,457
83919601,36.631,36.6144,457,47542,0.846627,0.71,2,1051477,1051020,457
83922521,24.9262,24.9229,457,47586,0.849325,0.75,2,1051499,1051042,457
83925441,38.5852,36.9846,459,47630,0.897865,0.73,2,1051541,1051082,459
83928361,28.517,28.9969,458,47674,0.907573,0.71,2,1051567,1051109,458
83931281,25.7034,26.5994,457,47718,0.893515,0.71,2,1051592,1051135,457
83934201,29.1407,29.3199,457,47762,0.922703,0.71,2,1051622,1051165,457
83937121,20.2281,20.264,457,47806,0.944541,0.73,2,1051640,1051183,457
83940041,36.0456,35.2528,458,47850,0.916908,0.73,2,1051680,1051222,458
83942961,29.6091,29.4506,458,47894,0.943382,0.71,2,1051708,1051250,458
83945881,31.5218,32.2901,457,47938,0.932676,0.71,2,1051740,1051283,457
84148821,489,553,465,23360,0.03,0.83,1,1053763,1053298,465
84151741,174.6,173,483,23451,0.078,0.61,1,1053859,1053376,483
84154661,84.52,80.2,488,23541,0.1036,0.47,1,1053921,1053433,488
84157581,60.104,72.84,471,23631,0.15672,0.37,1,1053975,1053504,471
84160501,60.0208,52.968,483,23721,0.135344,0.15,1,1054035,1053552,483
84163421,57.6042,75.3936,459,23810,0.163069,0.05,1,1054092,1053633,459
84166341,41.9208,59.0787,442,23899,0.200614,0.07,1,1054130,1053688,442
84169261,32.3842,51.0157,423,23988,0.208123,0.03,1,1054160,1053737,423
84172181,26.4768,15.0031,442,24076,0.193625,0.09,1,1054185,1053743,442
84175101,83.6954,95.8006,424,24164,0.206725,0.11,1,1054283,1053859,424
84178021,68.7391,68.7601,427,24252,0.257345,0.17,1,1054348,1053921,427
84180941,57.7478,56.952,428,24339,0.251469,0.13,1,1054403,1053975,428
84183861,61.9496,59.3904,431,24426,0.298294,0.17,1,1054466,1054035,431
84186781,58.7899,57.4781,432,24513,0.323659,0.21,1,1054524,1054092,432
84189701,42.158,41.8956,432,24599,0.328732,0.21,1,1054562,1054130,432
84192621,32.4316,32.3791,432,24685,0.329746,0.19,1,1054592,1054160,432
84195541,25.6863,26.4758,431,24771,0.377949,0.21,1,1054616,1054185,431
84198461,85.1373,83.6952,433,24857,0.38759,0.27,1,1054716,1054283,433
84201381,70.6275,68.739,435,24942,0.421518,0.25,1,1054783,1054348,435
84204301,58.1255,57.7478,435,25027,0.428304,0.31,1,1054838,1054403,435
84207221,63.6251,61.9496,437,25112,0.429661,0.33,1,1054903,1054466,437
84210141,59.925,58.7899,438,25196,0.477932,0.33,1,1054962,1054524,438
84213061,42.385,42.158,438,25280,0.487586,0.33,1,1055000,1054562,438
84215981,32.477,32.4316,438,25364,0.489517,0.39,1,1055030,1054592,438
84218901,26.4954,25.6863,439,25448,0.489903,0.39,1,1055055,1054616,439
84221821,84.4991,5.13726,538,25531,0.457981,0.39,1,1055154,1054616,538
84224741,72.0998,81.0275,507,25614,0.547596,0.43,1,1055223,1054716,507
84227661,58.42,69.8055,495,25697,0.597519,0.43,1,1055278,1054783,495
84230581,65.284,57.9611,507,25779,0.655504,0.43,1,1055345,1054838,507
84233501,61.0568,63.5922,502,25861,0.683101,0.49,1,1055405,1054903,502
84236421,42.6114,59.9184,481,25943,0.70462,0.49,1,1055443,1054962,481
84239341,33.3223,42.3837,474,26025,0.724924,0.49,1,1055474,1055000,474
84242261,25.8645,32.4767,468,26106,0.696985,0.49,1,1055498,1055030,468
84245181,85.1729,26.4953,543,26187,0.723397,0.45,1,1055598,1055055,543
84248101,76.2346,84.4991,518,26268,0.776679,0.57,2,1055672,1055154,518
84251021,60.8469,72.0998,506,26349,0.803336,0.61,2,1055729,1055223,506
84253941,68.1694,58.42,521,26429,0.840667,0.67,2,1055799,1055278,521
84256861,62.4339,65.284,515,26509,0.864133,0.69,2,1055860,1055345,515
84259781,43.6868,61.0568,494,26589,0.900827,0.71,2,1055899,1055405,494
84262701,32.7374,42.6114,486,26669,0.908165,0.73,2,1055929,1055443,486
84265621,25.7475,33.3223,479,26748,0.909633,0.69,2,1055953,1055474,479
84268541,86.7495,25.8645,557,26827,0.925927,0.73,2,1056055,1055498,557
84271461,78.9499,85.1729,534,26906,0.945185,0.79,2,1056132,1055598,534
84274381,17.39,76.2346,462,26985,0.949037,0.81,2,1056134,1055672,462
84385341,49,33,526,29820,0.57,1,1,1058142,1057616,526
84388261,37,57,497,29891,0.474,1,1,1058176,1057679,497
84391181,54.6,56.2,500,29962,0.2308,1,1,1058235,1057735,500
84394101,39.72,58.44,477,30033,0.07016,1,1,1058271,1057794,477
84397021,42.344,35.688,490,30103,0.070032,1,1,1058314,1057824,490
84399941,46.0688,35.9376,501,30173,0.0140064,1,1,1058361,1057860,501
84402861,48.4138,63.9875,479,30243,0.0428013,1,1,1058410,1057931,479
84405781,76.8828,84.7975,473,30313,0.0645603,0.94,1,1058494,1058021,473
84408701,35.3766,43.3595,465,30383,0.0369121,0.72,1,1058519,1058054,465
84411621,29.4753,39.8719,454,30453,0.00738241,0.57,1,1058547,1058093,454
84414541,39.4951,47.1744,447,30522,0.0734765,0.45,1,1058589,1058142,447
84417461,31.899,36.6349,443,30591,0.0226953,0.17,1,1058619,1058176,443
84420381,42.3798,54.527,429,30660,0.0125391,0.03,1,1058664,1058235,429
84423301,34.076,39.7054,425,30729,0.0745078,0.07,1,1058696,1058271,425
84426221,38.8152,42.3411,422,30798,0.0869016,0,1,1058736,1058314,422
84429141,45.363,46.0682,422,30867,0.0253803,0.05,1,1058783,1058361,422
84432061,49.0726,48.4136,423,30936,0.0610761,0.07,1,1058833,1058410,423
84434981,78.6145,76.8827,425,31004,0.0362152,0.03,1,1058919,1058494,425
84437901,33.3229,35.3765,422,31072,0.031243,0,1,1058941,1058519,422
84440821,29.0646,29.4753,422,31140,0.0302486,0.09,1,1058969,1058547,422
84443741,40.2129,39.4951,423,31208,0.0620497,0.01,1,1059012,1058589,423
84446661,32.0426,31.899,423,31276,0.0524099,0.01,1,1059042,1058619,423
84449581,41.6085,6.3798,467,31344,0.050482,0.01,1,1059086,1058619,467
84452501,33.1217,37.276,453,31412,0.0500964,0.09,1,1059117,1058664,453
84455421,38.6243,33.0552,461,31479,0.0500193,0.09,1,1059157,1058696,461
84458341,45.3249,38.611,468,31546,0.0500039,0.01,1,1059204,1058736,468
84461261,49.865,45.3222,472,31613,0.0340008,0.07,1,1059255,1058783,472
84464181,77.973,49.0644,507,31680,0.0148002,0.03,1,1059340,1058833,507
84467101,33.9946,78.6129,444,31747,0.05896,0.03,1,1059363,1058919,444
84470021,28.3989,33.3226,449,31814,0.051792,0.03,1,1059390,1058941,449
84472941,40.8798,29.0645,465,31881,0.0343584,0.07,1,1059434,1058969,465
84475861,31.376,40.2129,451,31947,0.0308717,0.05,1,1059463,1059012,451
84478781,41.4752,32.0426,465,32013,0.0461743,0.05,1,1059507,1059042,465
84481701,35.495,41.6085,455,32079,0.0652349,0.05,1,1059541,1059086,455
84484621,38.299,33.1217,463,32145,0.053047,0.05,1,1059580,1059117,463
84487541,43.6598,38.6243,468,32211,0.0666094,0.05,1,1059625,1059157,468
84490461,50.332,45.3249,473,32277,0.0533219,0.03,1,1059677,1059204,473
84493381,78.8664,49.865,508,32343,0.0346644,0.01,1,1059763,1059255,508
84496301,34.9733,77.973,447,32408,0.0469329,0.07,1,1059787,1059340,447
84499221,26.9947,33.9946,449,32473,0.00938657,0.05,1,1059812,1059363,449
84502141,40.5989,28.3989,466,32538,0.0258773,0.03,1,1059856,1059390,466
84505061,31.3198,40.8798,451,32603,0.0291755,0.03,1,1059885,1059434,451
84507981,43.064,31.376,468,32668,0.00583509,0.05,1,1059931,1059463,468
84510901,36.6128,41.4752,459,32733,0.041167,0.07,1,1059966,1059507,459
84513821,8.92256,35.495,427,32798,0.0162334,0.05,1,1059968,1059541,427
84516741,31.3845,38.299,425,32862,0.0752467,0.07,1,1060005,1059580,425
84519661,39.8769,43.6598,422,32926,0.0870493,0.05,1,1060047,1059625,422
84522581,51.1754,50.332,424,32990,0.0734099,0.03,1,1060101,1059677,424
84525501,79.0351,78.8664,424,33054,0.054682,0.05,1,1060187,1059763,424
84528421,35.007,34.9733,424,33118,0.0349364,0,1,1060211,1059787,424
84531341,25.4014,26.9947,422,33182,0.0149873,0.03,1,1060234,1059812,422
84534261,41.8803,40.5989,424,33246,0.0589975,0.03,1,1060280,1059856,424
84537181,30.7761,31.3198,423,33310,0.0677995,0,1,1060308,1059885,423
84540101,42.9552,43.064,423,33373,0.0215599,0.05,1,1060354,1059931,423
84543021,37.391,36.6128,424,33436,0.044312,0.01,1,1060390,1059966,424
84545941,9.07821,8.92256,424,33499,0.0168624,0.09,1,1060392,1059968,424
84548861,33.0156,31.3845,426,33562,0.0593725,0.09,1,1060431,1060005,426
84551781,41.0031,39.8769,427,33625,0.0838745,0.07,1,1060474,1060047,427
84554701,49.8006,51.1754,425,33688,0.104775,0.05,1,1060526,1060101,425
84557621,77.1601,79.0351,423,33751,0.140955,0.03,1,1060610,1060187,423
84560541,34.632,35.007,423,33814,0.116191,0.01,1,1060634,1060211,423
84563461,24.5264,25.4014,422,33877,0.159238,0.07,1,1060656,1060234,422
84566381,42.5053,41.8803,423,33939,0.103848,0.07,1,1060703,1060280,423
84569301,30.9011,30.7761,423,34001,0.0927695,0.01,1,1060731,1060308,423
84572221,42.1802,42.9552,422,34063,0.0745539,0.05,1,1060776,1060354,422
84575141,37.236,37.391,422,34125,0.0869108,0.01,1,1060812,1060390,422
84578061,9.04721,9.07821,422,34187,0.0573822,0.07,1,1060814,1060392,422
84580981,33.8094,33.0156,423,34249,0.0514764,0.07,1,1060854,1060431,423
84583901,42.7619,6.60313,468,34311,0.0342953,0.09,1,1060899,1060431,468
84586821,51.7524,35.7206,479,34373,0.0948591,0.11,1,1060953,1060474,479
84589741,76.7505,48.7441,510,34435,0.186972,0.15,1,1061036,1060526,510
84592661,34.5501,76.9488,450,34496,0.205394,0.11,1,1061060,1060610,450
84595581,23.71,34.5898,447,34557,0.225079,0.17,1,1061081,1060634,447
84598501,42.342,24.518,472,34618,0.245016,0.09,1,1061128,1060656,472
84601421,30.8684,42.5036,453,34679,0.249003,0.09,1,1061156,1060703,453
84604341,39.7737,30.9007,467,34740,0.265801,0.07,1,1061198,1060731,467
84607261,37.5547,42.1801,459,34801,0.28516,0.09,1,1061235,1060776,459
84610181,9.11095,37.236,425,34862,0.289032,0.05,1,1061237,1060812,425
84613101,32.2222,9.04721,461,34923,0.289806,0.05,1,1061275,1060814,461
84616021,43.2444,33.8094,467,34984,0.257961,0.03,1,1061321,1060854,467
84618941,55.8489,42.7619,481,35044,0.299592,0.11,1,1061380,1060899,481
84621861,80.7698,51.7524,514,35104,0.403918,0.21,1,1061467,1060953,514
84624781,35.354,76.7505,455,35164,0.424784,0.21,1,1061491,1061036,455
84627701,24.6708,34.5501,453,35224,0.444957,0.23,1,1061513,1061060,453
84630621,43.3342,23.71,480,35284,0.464991,0.25,1,1061561,1061081,480
84633541,31.8668,42.342,462,35344,0.484998,0.25,1,1061590,1061128,462
84636461,39.9734,30.8684,476,35404,0.489,0.27,1,1061632,1061156,476
84639381,38.3947,39.7737,472,35464,0.4898,0.29,1,1061670,1061198,472
84642301,9.27893,37.5547,437,35524,0.48996,0.29,1,1061672,1061235,437
84645221,32.2558,9.11095,473,35584,0.505992,0.29,1,1061710,1061237,473
84648141,41.6512,32.2222,479,35643,0.525198,0.25,1,1061754,1061275,479
84651061,9.93023,43.2444,435,35702,0.52904,0.31,1,1061756,1061321,435
84653981,51.586,55.8489,438,35761,0.529808,0.43,1,1061818,1061380,438
84656901,83.9172,80.7698,443,35820,0.577962,0.43,1,1061910,1061467,443
84659821,36.7834,35.354,444,35879,0.619592,0.45,1,1061935,1061491,444
84662741,24.9567,24.6708,444,35938,0.659919,0.47,1,1061957,1061513,444
84665661,44.1913,43.3342,445,35997,0.619984,0.49,1,1062006,1061561,445
84668581,32.8383,31.8668,446,36056,0.643997,0.49,1,1062036,1061590,446
84671501,40.1677,39.9734,446,36115,0.680799,0.49,1,1062078,1061632,446
84674421,39.2335,38.3947,447,36174,0.68816,0.49,1,1062117,1061670,447
84677341,9.44671,9.27893,447,36232,0.689632,0.51,1,1062119,1061672,447
84680261,32.2893,32.2558,447,36290,0.721926,0.53,1,1062157,1061710,447
84683181,42.4579,41.6512,448,36348,0.712385,0.53,1,1062202,1061754,448
84686101,10.0916,9.93023,448,36406,0.710477,0.53,1,1062204,1061756,448
84689021,50.0183,51.586,446,36464,0.710095,0.59,1,1062264,1061818,446
84691941,87.6037,83.9172,451,36522,0.742019,0.63,1,1062361,1061910,451
84694861,39.1207,36.7834,453,36580,0.780404,0.67,2,1062388,1061935,453
84697781,25.4241,24.9567,453,36638,0.756081,0.61,2,1062410,1061957,453
84700701,43.4848,44.1913,452,36696,0.767216,0.65,2,1062458,1062006,452
84703621,32.697,32.8383,452,36754,0.785443,0.69,2,1062488,1062036,452
84706541,41.7394,40.1677,454,36811,0.837089,0.69,2,1062532,1062078,454
84709461,41.1479,39.2335,456,36868,0.799418,0.69,2,1062573,1062117,456
84712381,9.82958,9.44671,456,36925,0.791884,0.73,2,1062575,1062119,456
84715301,32.3659,32.2893,456,36982,0.838377,0.71,2,1062613,1062157,456
84718221,41.6732,42.4579,455,37039,0.815675,0.71,2,1062657,1062202,455
84721141,9.93464,10.0916,455,37096,0.811135,0.71,2,1062659,1062204,455
84724061,49.9869,50.0183,455,37153,0.842227,0.71,2,1062719,1062264,455
84726981,89.9974,10.0037,555,37210,0.880445,0.75,2,1062819,1062264,555
84729901,39.5995,79.6007,485,37267,0.872089,0.79,2,1062846,1062361,485
84732821,25.5199,37.5201,480,37324,0.902418,0.75,2,1062868,1062388,480
84735741,44.304,25.104,507,37381,0.924484,0.77,2,1062917,1062410,507
84878821,38,28,506,40056,0.53,1,1,1064804,1064298,506
84881741,37.2,34.4,507,40109,0.434,1,1,1064841,1064334,507
84884661,38.64,6.88,546,40162,0.3348,1,1,1064880,1064334,546
84887581,32.528,28.576,543,40215,0.34696,1,1,1064911,1064368,543
84889041,19.3056,33.7152,524,40268,0.301392,1,1,1064927,1064403,524
84931381,374.261,453.143,429,17520,0.164278,0.09,1,1065390,1064961,429
84934301,151.652,144.229,458,18366,0.0888557,0.03,1,1065486,1065028,458
84937221,131.93,96.0457,501,18482,0.0257711,0.03,1,1065613,1065112,501
84940141,75.1861,104.809,455,18597,0.0451542,0.05,1,1065674,1065219,455
84943061,71.8372,73.7618,460,18711,0.0490308,0.05,1,1065745,1065285,460
84945981,44.7674,73.1524,425,18824,0.0178062,0.13,1,1065783,1065358,425
84948901,35.3535,29.8305,439,18937,0.0435612,0.07,1,1065816,1065377,439
84951821,80.6707,93.1661,422,19049,0.0807123,0.01,1,1065908,1065486,422
84954741,118.534,120.233,423,19160,0.104142,0.05,1,1066036,1065613,423
84957661,71.7068,72.8466,422,19271,0.0768285,0.05,1,1066096,1065674,422
84960581,72.7414,71.3693,424,19381,0.0393657,0.01,1,1066169,1065745,424
84963501,44.9483,44.6739,424,19490,0.0638731,0.05,1,1066207,1065783,424
84966421,36.1897,35.3348,425,19599,0.0367746,0.05,1,1066241,1065816,425
84969341,79.2379,7.06695,515,19707,0.0473549,0.09,1,1066331,1065816,515
84972261,119.048,75.0134,552,19815,0.049471,0.11,1,1066460,1065908,552
84975181,70.2095,117.403,482,19922,0.0658942,0.07,1,1066518,1066036,482
84978101,73.2419,71.4805,496,20028,0.0531788,0.03,1,1066592,1066096,496
84981021,44.2484,72.6961,460,20134,0.0346358,0.07,1,1066629,1066169,460
84983941,36.0497,44.9392,456,20239,0.0469272,0.03,1,1066663,1066207,456
84986861,80.0099,36.1878,513,20344,0.0973854,0.05,1,1066754,1066241,513
84989781,120.002,79.2376,553,20448,0.0754771,0.05,1,1066884,1066331,553
84992701,70.4004,119.048,482,20552,0.119095,0.07,1,1066942,1066460,482
84995621,72.4801,70.2095,497,20655,0.127819,0.05,1,1067015,1066518,497
84998541,44.096,73.2419,460,20758,0.129564,0.03,1,1067052,1066592,460
85001461,36.0192,44.2484,457,20860,0.161913,0.05,1,1067086,1066629,457
85004381,82.4038,36.0497,517,20962,0.232383,0.11,1,1067180,1066663,517
85007301,18.0808,80.0099,428,21063,0.246477,0.07,1,1067182,1066754,428
85010221,106.016,120.002,426,21164,0.345295,0.13,1,1067310,1066884,426
85013141,70.0032,70.4004,429,21264,0.365059,0.13,1,1067371,1066942,429
85016061,71.6006,72.4801,428,21364,0.385012,0.13,1,1067443,1067015,428
85018981,45.5201,44.096,430,21463,0.405002,0.17,1,1067482,1067052,430
85021901,37.104,36.0192,431,21562,0.441,0.25,1,1067517,1067086,431
85024821,85.0208,82.4038,434,21660,0.4642,0.25,1,1067614,1067180,434
85027741,18.6042,18.0808,434,21758,0.46884,0.37,1,1067616,1067182,434
85030661,109.321,106.016,438,21855,0.533768,0.37,1,1067748,1067310,438
85033581,72.2642,70.0032,440,21952,0.594754,0.39,1,1067811,1067371,440
85036501,72.8528,71.6006,441,22049,0.654951,0.41,1,1067884,1067443,441
85039421,46.5706,45.5201,442,22145,0.69899,0.45,1,1067924,1067482,442
85042341,37.3141,37.104,442,22241,0.675798,0.47,1,1067959,1067517,442
85045261,87.4628,85.0208,445,22336,0.67116,0.47,1,1068059,1067614,445
85048181,19.0926,18.6042,445,22431,0.670232,0.55,1,1068061,1067616,445
85051101,111.019,109.321,447,22526,0.734046,0.55,1,1068195,1067748,447
85054021,75.8037,21.8642,514,22620,0.730809,0.61,1,1068262,1067748,514
85056941,75.9607,54.7728,527,22714,0.762162,0.67,2,1068338,1067811,527
85059861,47.1921,69.3546,494,22807,0.768432,0.71,2,1068378,1067884,494
85062781,37.4384,45.8709,489,22900,0.753686,0.67,2,1068413,1067924,489
85065701,87.4877,37.1742,554,22993,0.766737,0.67,2,1068513,1067959,554
85068621,19.0975,87.4348,456,23085,0.769347,0.67,2,1068515,1068059,456
85071541,112.62,19.087,590,23177,0.80187,0.75,2,1068651,1068061,590
85074461,76.9239,111.017,524,23268,0.824374,0.73,2,1068719,1068195,524
85077381,77.7848,75.8035,535,23359,0.844875,0.77,2,1068797,1068262,535
85080301,47.557,75.9607,499,23450,0.880975,0.77,2,1068837,1068338,499
85083221,36.7114,47.1921,493,23540,0.920195,0.75,2,1068871,1068378,493
85173741,33,30,516,26186,0.77,1,2,1070763,1070247,516
85176661,35.4,33.2,518,26267,0.77,1,2,1070799,1070281,518
85179581,51.88,33.04,541,26348,0.818,1,2,1070855,1070314,541
85182501,51.176,67.408,516,26428,0.8276,1,2,1070906,1070390,516
85185421,103.035,39.8816,599,26508,0.73352,0.95,1,1071022,1070423,599
85188341,60.607,111.176,520,26588,0.762704,1,2,1071072,1070552,520
85191261,84.1214,60.6353,562,26668,0.720541,0.79,1,1071162,1070600,562
85194181,42.4243,90.5271,496,26747,0.712108,0.85,1,1071194,1070698,496
85197101,32.4849,43.7054,494,26826,0.694422,0.77,1,1071224,1070730,494
85200021,32.897,35.1411,494,26905,0.722884,0.77,1,1071257,1070763,494
85202941,8.17939,35.8282,460,26984,0.696577,0.83,1,1071259,1070799,460
85205861,49.6359,51.9656,464,27062,0.739315,0.83,1,1071319,1070855,464
85208781,47.5272,51.1931,460,27140,0.699863,0.71,1,1071366,1070906,460
85211701,98.3054,103.039,455,27218,0.723973,0.77,1,1071477,1071022,455
85214621,60.4611,60.6077,456,27296,0.776794,0.71,2,1071528,1071072,456
85217541,84.8922,84.1215,457,27374,0.835359,0.71,2,1071619,1071162,457
85220461,41.7784,42.4243,456,27451,0.847072,0.69,2,1071650,1071194,456
85223381,33.1557,32.4849,457,27528,0.833414,0.73,2,1071681,1071224,457
85226301,32.2311,32.897,456,27605,0.862683,0.69,2,1071713,1071257,456
85229221,8.04623,8.17939,456,27682,0.836537,0.75,2,1071715,1071259,456
85232141,52.0092,49.6359,459,27759,0.895307,0.69,2,1071778,1071319,459
85235061,44.8019,47.5272,455,27835,0.939061,0.73,2,1071821,1071366,455
85346021,35,23,492,30590,0.81,1,2,1073745,1073253,492
85348941,95,83.8,503,30659,0.506,1,1,1073855,1073352,503
85351861,47.8,60.76,484,30728,0.3652,1,1,1073891,1073407,484
85354781,88.76,92.152,483,30797,0.16104,1,1,1073990,1073507,483
85357701,48.152,47.2304,485,30866,0.056208,0.74,1,1074028,1073543,485
85360621,34.4304,35.8461,483,30935,0.0192416,0.98,1,1074059,1073576,483
85363541,22.8861,27.1692,478,31003,0.0438483,1,1,1074079,1073601,478
85366461,13.3772,18.2338,473,31071,0.0807697,0.87,1,1074090,1073617,473
85369381,38.6754,43.6468,468,31139,0.0561539,0.91,1,1074135,1073667,468
85372301,38.1351,43.1294,463,31207,0.0512308,0.81,1,1074173,1073710,463
85375221,33.227,36.6259,460,31275,0.0662462,0.43,1,1074205,1073745,460
85378141,76.2454,95.3252,437,31343,0.117249,0.43,1,1074292,1073855,437
85381061,40.0491,19.065,468,31411,0.11145,0.33,1,1074323,1073855,468
85383981,78.4098,32.613,520,31478,0.07829,0.11,1,1074411,1073891,520
85386901,46.882,85.7226,460,31545,0.023658,0.03,1,1074450,1073990,460
85389821,33.3764,47.5445,452,31612,0.0287316,0.01,1,1074480,1074028,452
85392741,25.0753,34.3089,444,31679,0.0297463,0.05,1,1074503,1074059,444
85395661,13.8151,22.8618,435,31746,0.0299493,0.09,1,1074514,1074079,435
85398581,37.163,13.3724,467,31813,0.0619899,0.05,1,1074557,1074090,467
85401501,37.0326,38.6745,459,31880,0.020398,0.05,1,1074594,1074135,459
85404421,36.2065,38.1349,457,31946,0.0440796,0.07,1,1074630,1074173,457
85407341,76.8413,33.227,512,32012,0.0968159,0.13,1,1074717,1074205,512
85410261,39.3683,76.2454,455,32078,0.107363,0.11,1,1074747,1074292,455
85413181,76.6737,40.0491,510,32144,0.173473,0.07,1,1074833,1074323,510
85416101,46.5347,78.4098,461,32210,0.170695,0.01,1,1074872,1074411,461
85419021,32.5069,46.882,451,32276,0.0581389,0.03,1,1074901,1074450,451
85421941,24.9014,33.3764,444,32342,0.0356278,0.03,1,1074924,1074480,444
85424861,14.5803,25.0753,433,32407,0.0151256,0.03,1,1074936,1074503,433
85427781,37.3161,13.8151,465,32472,0.0430251,0.07,1,1074979,1074514,465
85430701,37.0632,37.163,459,32537,0.064605,0.01,1,1075016,1074557,459
85433621,35.4126,37.0326,457,32602,0.068921,0.05,1,1075051,1074594,457
85436541,80.6825,36.2065,513,32667,0.0697842,0.11,1,1075143,1074630,513
85439461,40.1365,76.8413,456,32732,0.0859568,0.11,1,1075173,1074717,456
85442381,9.6273,39.3683,428,32797,0.0891914,0.19,1,1075175,1074747,428
85445301,73.1255,76.6737,431,32861,0.0898383,0.17,1,1075264,1074833,431
85448221,43.4251,46.5347,428,32925,0.0899677,0.03,1,1075300,1074872,428
85451141,28.685,32.5069,424,32989,0.121994,0.03,1,1075325,1074901,424
85454061,22.537,24.9014,422,33053,0.144399,0.01,1,1075346,1074924,422
85456981,14.1074,14.5803,422,33117,0.11688,0.05,1,1075358,1074936,422
85459901,38.8215,37.3161,424,33181,0.0473759,0.07,1,1075403,1074979,424
85462821,38.9643,37.0632,426,33245,0.0814752,0.07,1,1075442,1075016,426
85465741,34.9929,35.4126,425,33309,0.072295,0.07,1,1075476,1075051,425
85468661,81.3986,80.6825,426,33372,0.102459,0.09,1,1075569,1075143,426
85471581,40.2797,40.1365,426,33435,0.124492,0.09,1,1075599,1075173,426
85474501,9.65594,9.6273,426,33498,0.0968984,0.09,1,1075601,1075175,426
85477421,73.1312,73.1255,426,33561,0.12338,0.09,1,1075690,1075264,426
85480341,43.4262,43.4251,426,33624,0.160676,0.13,1,1075726,1075300,426
85483261,30.2852,28.685,428,33687,0.152135,0.15,1,1075753,1075325,428
85486181,20.457,22.537,425,33750,0.182427,0.11,1,1075771,1075346,425
85489101,13.6914,14.1074,425,33813,0.156485,0.03,1,1075783,1075358,425
85492021,37.1383,38.8215,423,33876,0.183297,0.09,1,1075826,1075403,423
85494941,40.2277,38.9643,425,33938,0.220659,0.07,1,1075867,1075442,425
85497861,35.2455,34.9929,425,34000,0.212132,0.11,1,1075901,1075476,425
85500781,82.2491,81.3986,426,34062,0.274426,0.13,1,1075995,1075569,426
85503701,40.4498,40.2797,426,34124,0.302885,0.09,1,1076025,1075599,426
85506621,9.68996,9.65594,426,34186,0.308577,0.13,1,1076027,1075601,426
85509541,75.538,73.1312,429,34248,0.389715,0.13,1,1076119,1075690,429
85512461,43.9076,14.6262,465,34310,0.389943,0.17,1,1076155,1075690,465
85515381,29.5815,31.7252,455,34372,0.389989,0.15,1,1076181,1075726,455
85518301,20.3163,27.945,446,34434,0.389998,0.19,1,1076199,1075753,446
85521221,13.6633,19.989,440,34495,0.406,0.15,1,1076211,1075771,440
85524141,37.9327,13.5978,472,34556,0.4092,0.19,1,1076255,1075783,472
85527061,41.9865,37.1196,472,34617,0.39384,0.23,1,1076298,1075826,472
85529981,35.5973,40.2239,465,34678,0.358768,0.21,1,1076332,1075867,465
85532901,86.3195,35.2448,530,34739,0.335754,0.29,1,1076431,1075901,530
85535821,41.2639,82.249,466,34800,0.363151,0.31,1,1076461,1075995,466
85538741,9.85278,40.4498,438,34861,0.38463,0.31,1,1076463,1076025,438
85541661,77.9706,9.68996,531,34922,0.420926,0.41,1,1076558,1076027,531
85544581,45.1941,75.538,476,34983,0.444185,0.39,1,1076595,1076119,476
85547501,29.8388,43.9076,466,35043,0.496837,0.39,1,1076621,1076155,466
85550421,21.1678,29.5815,459,35103,0.491367,0.39,1,1076640,1076181,459
85553341,13.8336,20.3163,453,35163,0.522273,0.41,1,1076652,1076199,453
85556261,37.9667,13.6633,485,35223,0.528455,0.41,1,1076696,1076211,485
85559181,39.5933,37.9327,481,35283,0.545691,0.39,1,1076736,1076255,481
85562101,35.9187,41.9865,473,35343,0.581138,0.35,1,1076771,1076298,473
85565021,86.3837,35.5973,538,35403,0.668228,0.33,1,1076870,1076332,538
85567941,42.0767,86.3195,470,35463,0.685646,0.37,1,1076901,1076431,470
85570861,10.0153,41.2639,442,35523,0.689129,0.39,1,1076903,1076461,442
85573781,79.6031,9.85278,537,35583,0.721826,0.43,1,1077000,1076463,537
85576701,47.1206,77.9706,481,35642,0.744365,0.45,1,1077039,1076558,481
85579621,11.0241,45.1941,446,35701,0.748873,0.51,1,1077041,1076595,446
85582541,23.8048,29.8388,447,35760,0.797775,0.49,2,1077068,1076621,447
85585461,20.761,21.1678,448,35819,0.775555,0.53,2,1077088,1076640,448
85588381,13.7522,13.8336,448,35878,0.803111,0.53,2,1077100,1076652,448
85591301,38.7504,37.9667,449,35937,0.808622,0.55,2,1077145,1076696,449
85594221,39.7501,39.5933,449,35996,0.777724,0.59,2,1077185,1076736,449
85597141,37.55,35.9187,451,36055,0.787545,0.69,2,1077222,1076771,451
85600061,91.51,86.3837,457,36114,0.901509,0.69,2,1077327,1076870,457
85602981,42.302,42.0767,456,36173,0.924302,0.69,2,1077357,1076901,456
85605901,10.0604,10.0153,456,36231,0.89686,0.73,2,1077359,1076903,456
85608821,81.2121,79.6031,458,36289,0.891372,0.75,2,1077458,1077000,458
85611741,48.2424,47.1206,459,36347,0.890274,0.75,2,1077498,1077039,459
85614661,11.2485,11.0241,459,36405,0.890055,0.81,2,1077500,1077041,459
85617581,24.6497,23.8048,460,36463,0.906011,0.77,2,1077528,1077068,460
85769421,13,25,510,39363,0.87,1,2,1079524,1079014,510
85772341,24.2,33,502,39417,0.79,1,2,1079551,1079049,502
85775261,34.44,30.6,509,39471,0.79,1,2,1079588,1079079,509
85778181,32.488,38.92,500,39525,0.726,1,1,1079620,1079120,500
85781101,72.8976,91.784,478,39578,0.6652,1,1,1079703,1079225,478
85784021,53.7795,47.1568,491,39631,0.57304,1,1,1079752,1079261,491
85786941,41.1559,32.6314,500,39684,0.506608,1,1,1079790,1079290,500
85789861,44.2312,57.7263,481,39737,0.493322,1,1,1079835,1079354,481
85792781,30.4462,36.3453,477,39790,0.426664,0.84,1,1079862,1079385,477
85795701,30.8892,29.6691,480,39843,0.365333,0.96,1,1079893,1079413,480
85798621,30.1778,35.5338,473,39896,0.241067,0.91,1,1079923,1079450,473
85801541,28.4356,34.3068,467,39949,0.232213,0.9,1,1079951,1079484,467
85804461,24.8871,28.4614,464,40002,0.182443,0.87,1,1079975,1079511,464
85807381,14.5774,16.0923,463,40055,0.140489,0.77,1,1079987,1079524,463
85810301,21.3155,24.8185,459,40108,0.148098,0.77,1,1080010,1079551,459
85813221,33.0631,4.96369,495,40161,0.18162,0.79,1,1080046,1079551,495
85816141,29.0126,30.5927,486,40214,0.124324,0.71,1,1080074,1079588,486
85819061,69.0025,31.7185,533,40267,0.0808648,0.65,1,1080153,1079620,533
85821981,49.0005,72.7437,494,40319,0.056173,0.55,1,1080197,1079703,494
85824901,37.0001,53.7487,479,40371,0.0512346,0.49,1,1080231,1079752,479
85827821,42.6,41.1497,485,40423,0.0182469,0.49,1,1080275,1079790,485
85830741,27.72,44.2299,464,40475,0.0116494,0.41,1,1080299,1079835,464
85833661,27.144,30.446,464,40527,0.00232988,0.35,1,1080326,1079862,464
85836581,27.8288,30.8892,461,40579,0.088466,0.21,1,1080354,1079893,461
85839501,26.3658,30.1778,457,40631,0.0736932,0.23,1,1080380,1079923,457
85842421,22.8732,28.4356,451,40683,0.0707386,0.17,1,1080402,1079951,451
85845341,13.3746,24.8871,438,40735,0.0861477,0.13,1,1080413,1079975,438
85848261,22.6749,14.5774,451,40787,0.0892295,0.15,1,1080438,1079987,451
85851181,32.535,21.3155,463,40839,0.121846,0.19,1,1080473,1080010,463
85854101,25.707,33.0631,451,40891,0.160369,0.11,1,1080497,1080046,451
85857021,68.3414,29.0126,502,40943,0.168074,0.07,1,1080576,1080074,502
85859941,48.8683,69.0025,467,40995,0.233615,0.05,1,1080620,1080153,467
85862861,36.9737,49.0005,457,41046,0.278723,0.05,1,1080654,1080197,457
85865781,42.5947,37.0001,467,41097,0.255745,0.01,1,1080698,1080231,467
85868701,26.9189,42.6,446,41148,0.267149,0.01,1,1080721,1080275,446
85871621,28.5838,27.72,451,41199,0.25343,0,1,1080750,1080299,451
85874541,29.7168,27.144,454,41250,0.266686,0.11,1,1080780,1080326,454
85877461,25.1434,27.8288,450,41301,0.285337,0.07,1,1080804,1080354,450
85880381,22.6287,26.3658,446,41352,0.305067,0.07,1,1080826,1080380,446
85883301,12.5257,22.8732,434,41403,0.309013,0.09,1,1080836,1080402,434
85886221,25.7051,13.3746,452,41454,0.309803,0.09,1,1080865,1080413,452
85889141,33.941,22.6749,463,41505,0.293961,0.13,1,1080901,1080438,463
85892061,8.38821,32.535,430,41556,0.306792,0.17,1,1080903,1080473,430
85894981,20.8776,25.707,430,41607,0.341358,0.17,1,1080927,1080497,430
85897901,69.7755,68.3414,433,41658,0.348272,0.25,1,1081009,1080576,433
85900821,49.9551,48.8683,434,41709,0.333654,0.29,1,1081054,1080620,434
85903741,38.791,36.9737,436,41760,0.298731,0.25,1,1081090,1080654,436
85906661,42.1582,42.5947,435,41811,0.307746,0.27,1,1081133,1080698,435
85909581,26.8316,26.9189,435,41861,0.325549,0.25,1,1081156,1080721,435
85912501,27.7663,28.5838,434,41911,0.32911,0.27,1,1081184,1080750,434
85915421,30.3533,29.7168,435,41961,0.377822,0.29,1,1081215,1080780,435
85918341,26.8707,25.1434,437,42011,0.387564,0.31,1,1081241,1080804,437
85921261,22.9741,22.6287,437,42061,0.437513,0.31,1,1081263,1080826,437
85924181,12.5948,12.5257,437,42111,0.415503,0.31,1,1081273,1080836,437
85927101,25.719,25.7051,437,42161,0.427101,0.29,1,1081302,1080865,437
85930021,33.9438,33.941,437,42211,0.42942,0.31,1,1081338,1080901,437
85932941,8.38876,8.38821,437,42261,0.429884,0.35,1,1081340,1080903,437
85935861,20.8778,20.8776,437,42311,0.429977,0.35,1,1081364,1080927,437
85938781,69.7755,69.7755,437,42361,0.445995,0.33,1,1081446,1081009,437
85941701,50.7551,49.9551,438,42411,0.465199,0.29,1,1081492,1081054,438
85944621,37.351,38.791,436,42461,0.48504,0.31,1,1081526,1081090,436
85947541,42.6702,42.1582,437,42511,0.489008,0.33,1,1081570,1081133,437
85950461,27.734,26.8316,438,42561,0.537802,0.33,1,1081594,1081156,438
85953381,27.9468,27.7663,438,42611,0.57956,0.39,1,1081622,1081184,438
85956301,31.1894,30.3533,439,42661,0.587912,0.39,1,1081654,1081215,439
85959221,28.6379,26.8707,441,42710,0.589582,0.45,1,1081682,1081241,441
85962141,24.1276,22.9741,442,42759,0.605917,0.41,1,1081705,1081263,442
85965061,12.8255,12.5948,442,42808,0.609183,0.43,1,1081715,1081273,442
85967981,26.5651,25.719,443,42857,0.641837,0.43,1,1081745,1081302,443
85970901,32.513,33.9438,441,42906,0.648367,0.43,1,1081779,1081338,441
85973821,8.1026,8.38876,441,42955,0.649673,0.43,1,1081781,1081340,441
85976741,20.8205,20.8778,441,43004,0.649935,0.43,1,1081805,1081364,441
85979661,70.5641,4.17555,524,43053,0.713987,0.45,1,1081888,1081364,524
85982581,51.7128,66.4351,489,43102,0.758797,0.47,2,1081935,1081446,489
85985501,37.5426,50.087,477,43151,0.76776,0.49,2,1081969,1081492,477
85988421,45.1085,37.2174,490,43200,0.801552,0.49,2,1082016,1081526,490
85991341,29.0217,42.6435,471,43249,0.82431,0.55,2,1082041,1081570,471
85994261,29.0043,27.7287,476,43298,0.780862,0.59,2,1082070,1081594,476
85997181,31.4009,27.9457,480,43347,0.772172,0.59,2,1082102,1081622,480
86000101,30.2802,31.1891,478,43396,0.770434,0.59,2,1082132,1081654,478
86003021,25.256,28.6378,474,43445,0.770087,0.61,2,1082156,1081682,474
86005941,13.0512,24.1276,461,43494,0.738017,0.61,1,1082166,1081705,461
86008861,26.6102,12.8255,481,43543,0.731603,0.65,1,1082196,1081715,481
86011781,32.522,26.5651,485,43591,0.746321,0.65,1,1082230,1081745,485
86014701,8.10441,32.513,453,43639,0.749264,0.65,1,1082232,1081779,453
86017621,21.6209,8.1026,476,43687,0.733853,0.65,1,1082257,1081781,476
86020541,74.7242,20.8205,540,43735,0.794771,0.73,2,1082345,1081805,540
86023461,54.1448,70.5641,506,43783,0.838954,0.77,2,1082394,1081888,506
86026381,38.829,51.7128,494,43831,0.895791,0.77,2,1082429,1081935,494
86029301,46.1658,37.5426,508,43879,0.923158,0.81,2,1082477,1081969,508
86032221,28.4332,45.1085,485,43927,0.928632,0.83,2,1082501,1082016,485
86035141,28.0866,29.0217,488,43975,0.929726,0.77,2,1082529,1082041,488
86198661,38,45,508,46586,0.83,1,2,1084318,1083810,508
86201581,26,28.2,507,46631,0.814,1,2,1084341,1083834,507
86204501,28.4,24.04,513,46676,0.7628,1,2,1084370,1083857,513
86207421,32.08,32.808,511,46721,0.76856,1,2,1084403,1083892,511
86210341,29.616,29.7616,511,46766,0.737712,1,1,1084432,1083921,511
86213261,41.1232,31.5523,523,46811,0.651542,0.93,1,1084476,1083953,523
86216181,21.0246,36.7105,501,46856,0.602308,1,1,1084492,1083991,501
86219101,28.2049,28.1421,505,46901,0.592462,1,1,1084522,1084017,505
86222021,24.041,26.4284,502,46946,0.558492,1,1,1084545,1084043,502
86224941,32.8082,26.8857,510,46991,0.503698,0.96,1,1084580,1084070,510
86227861,24.1616,28.5771,503,47036,0.47674,1,1,1084602,1084099,503
86230781,27.2323,28.1154,503,47081,0.455348,1,1,1084630,1084127,503
86233701,32.6465,27.2231,510,47126,0.41907,1,1,1084664,1084154,510
86236621,49.7293,34.2446,528,47171,0.443814,0.95,1,1084718,1084190,528
86239541,29.9459,54.0489,494,47216,0.464763,0.91,1,1084743,1084249,494
86242461,32.3892,35.6098,496,47261,0.452953,0.83,1,1084776,1084280,496
86245381,27.2778,37.522,484,47306,0.386591,0.81,1,1084802,1084318,484
86248301,24.6556,25.9044,485,47351,0.373318,0.75,1,1084826,1084341,485
86251221,6.53111,28.3809,458,47396,0.370664,0.77,1,1084828,1084370,458
86254141,27.7062,32.0762,458,47440,0.354133,0.73,1,1084861,1084403,458
86257061,27.9412,29.6152,457,47484,0.414827,0.63,1,1084889,1084432,457
86259981,37.5882,41.123,453,47528,0.394965,0.59,1,1084929,1084476,453
86262901,17.9176,21.0246,450,47572,0.390993,0.59,1,1084942,1084492,450
86265821,27.5835,28.2049,450,47616,0.422199,0.55,1,1084972,1084522,450
86268741,22.3167,24.041,448,47660,0.38044,0.49,1,1084993,1084545,448
86271661,30.8633,32.8082,446,47704,0.356088,0.47,1,1085026,1084580,446
86274581,22.9727,24.1616,445,47748,0.383218,0.45,1,1085047,1084602,445
86277501,23.7945,27.2323,441,47792,0.388644,0.41,1,1085071,1084630,441
86280421,32.7589,32.6465,442,47836,0.405729,0.45,1,1085106,1084664,442
86283341,52.1518,49.7293,445,47880,0.473146,0.47,1,1085163,1084718,445
86286261,31.2304,29.9459,446,47924,0.502629,0.45,1,1085189,1084743,446
86289181,30.2461,32.3892,443,47968,0.508526,0.37,1,1085219,1084776,443
86292101,25.2492,27.2778,441,48012,0.509705,0.37,1,1085243,1084802,441
86295021,23.4498,24.6556,440,48056,0.525941,0.37,1,1085266,1084826,440
86297941,6.28997,6.53111,440,48100,0.529188,0.35,1,1085268,1084828,440
86300861,25.258,27.7062,437,48144,0.545838,0.43,1,1085298,1084861,437
86303781,29.0516,27.9412,439,48188,0.549168,0.39,1,1085328,1084889,439
86306701,38.6103,37.5882,440,48232,0.565834,0.39,1,1085369,1084929,440
86309621,17.3221,17.9176,439,48276,0.537167,0.43,1,1085381,1084942,439
86312541,29.0644,27.5835,441,48320,0.531433,0.37,1,1085413,1084972,441
86315461,20.2129,22.3167,438,48364,0.578287,0.35,1,1085431,1084993,438
86318381,29.6426,30.8633,437,48408,0.587657,0.39,1,1085463,1085026,437
86321301,25.9285,22.9727,441,48452,0.605531,0.39,1,1085488,1085047,441
86324221,22.7857,23.7945,439,48495,0.625106,0.41,1,1085510,1085071,439
86327141,35.7571,32.7589,443,48538,0.613021,0.49,1,1085549,1085106,443
86330061,55.1514,52.1518,446,48581,0.674604,0.51,1,1085609,1085163,446
86332981,31.0303,31.2304,445,48624,0.686921,0.51,1,1085634,1085189,445
86335901,31.8061,30.2461,447,48667,0.705384,0.51,1,1085666,1085219,447
86338821,23.9612,25.2492,445,48710,0.725077,0.53,1,1085688,1085243,445
86341741,23.9922,23.4498,446,48753,0.729015,0.53,1,1085712,1085266,446
86344661,6.39845,6.28997,446,48796,0.729803,0.55,1,1085714,1085268,446
86347581,26.0797,25.258,447,48839,0.713961,0.55,1,1085745,1085298,447
86350501,30.0159,5.0516,478,48882,0.758792,0.55,2,1085776,1085298,478
86353421,38.0032,25.0103,488,48925,0.767758,0.57,2,1085816,1085328,488
86356341,17.2006,37.8021,459,48968,0.785552,0.53,2,1085828,1085369,459
86359261,29.8401,17.1604,480,49011,0.78911,0.53,2,1085861,1085381,480
86362181,20.368,29.0321,466,49054,0.821822,0.59,2,1085879,1085413,466
86365101,29.6736,20.2064,480,49097,0.844364,0.59,2,1085911,1085431,480
86368021,26.7347,29.6413,474,49140,0.848873,0.61,2,1085937,1085463,474
86370941,23.7469,25.9283,472,49183,0.833775,0.63,2,1085960,1085488,472
86373861,35.9494,22.7857,489,49226,0.814755,0.61,2,1085999,1085510,489
86376781,57.5899,35.7571,513,49269,0.810951,0.69,2,1086062,1085549,513
86379701,32.318,55.1514,479,49312,0.82619,0.69,2,1086088,1085609,479
86382621,32.8636,31.0303,487,49355,0.829238,0.71,2,1086121,1085634,487
86385541,24.1727,31.8061,477,49398,0.829848,0.73,2,1086143,1085666,477
86388461,24.0345,23.9612,479,49441,0.82997,0.73,2,1086167,1085688,479
86391381,6.40691,23.9922,457,49484,0.829994,0.73,2,1086169,1085712,457
86394301,26.8814,6.39845,487,49527,0.829999,0.71,2,1086201,1085714,487
86397221,32.5763,26.0797,490,49570,0.83,0.77,2,1086235,1085745,490
86400141,39.3153,30.0159,500,49613,0.83,0.77,2,1086276,1085776,500
86403061,17.4631,38.0032,472,49655,0.862,0.79,2,1086288,1085816,472
86405981,31.4926,17.2006,495,49697,0.8844,0.79,2,1086323,1085828,495
86408901,20.6985,29.8401,480,49739,0.88888,0.83,2,1086341,1085861,480
86411821,30.5397,20.368,495,49781,0.921776,0.85,2,1086374,1085879,495
86414741,26.9079,29.6736,489,49823,0.928355,0.85,2,1086400,1085911,489
86417661,22.9816,26.7347,485,49865,0.929671,0.83,2,1086422,1085937,485
86420581,34.9963,23.7469,500,49907,0.929934,0.81,2,1086460,1085960,500
86617681,81,62,535,24266,0.35,0.96,1,1088509,1087974,535
86620601,61.8,85.2,501,24353,0.302,0.93,1,1088566,1088065,501
86623521,73.96,73.04,508,24440,0.2764,0.93,1,1088643,1088135,508
86626441,50.792,61.008,495,24527,0.30328,0.75,1,1088688,1088193,495
86629361,65.3584,64.2016,499,24613,0.164656,0.67,1,1088757,1088258,499
86632281,39.4717,65.6403,466,24699,0.216931,0.59,1,1088790,1088324,466
86635201,34.2943,41.9281,463,24785,0.227386,0.57,1,1088823,1088360,463
86638121,48.4589,62.7856,447,24871,0.245477,0.35,1,1088875,1088428,447
86641041,68.0918,77.3571,439,24956,0.249095,0.29,1,1088948,1088509,439
86643961,54.4184,61.0714,433,25041,0.281819,0.27,1,1088999,1088566,433
86646881,74.0837,73.8143,435,25126,0.368364,0.31,1,1089078,1088643,435
86649801,51.6167,50.7629,436,25210,0.385673,0.13,1,1089124,1088688,436
86652721,61.5233,65.3526,431,25294,0.389135,0.23,1,1089188,1088757,431
86655641,39.5047,39.4705,432,25378,0.389827,0.23,1,1089222,1088790,432
86658561,33.5009,34.2941,431,25461,0.389965,0.23,1,1089254,1088823,431
86661481,49.1002,6.85882,484,25544,0.373993,0.25,1,1089307,1088823,484
86664401,69.02,42.9718,506,25627,0.418799,0.25,1,1089381,1088875,506
86667321,54.604,66.9944,484,25710,0.44376,0.29,1,1089432,1088948,484
86670241,78.1208,54.1989,517,25792,0.480752,0.39,1,1089516,1088999,517
86673161,52.4242,74.0398,484,25874,0.52015,0.39,1,1089562,1089078,484
86676081,63.2848,51.608,504,25956,0.54403,0.39,1,1089628,1089124,504
86679001,40.657,61.5216,475,26038,0.564806,0.39,1,1089663,1089188,475
86681921,32.9314,39.5043,472,26119,0.584961,0.39,1,1089694,1089222,472
86684841,49.7863,33.5009,494,26200,0.604992,0.37,1,1089748,1089254,494
86687761,69.9573,49.1002,516,26281,0.720998,0.43,1,1089823,1089307,516
86690681,56.3915,69.02,495,26362,0.7602,0.45,2,1089876,1089381,495
86693601,79.2783,54.604,529,26442,0.75204,0.49,2,1089961,1089432,529
86696521,55.0557,78.1208,494,26522,0.750408,0.53,2,1090010,1089516,494
86699441,63.8111,52.4242,514,26602,0.782082,0.55,2,1090076,1089562,514
86702361,41.5622,63.2848,484,26682,0.820416,0.57,2,1090112,1089628,484
86705281,33.9124,40.657,481,26761,0.828083,0.59,2,1090144,1089663,481
86708201,51.5825,32.9314,506,26840,0.861617,0.61,2,1090200,1089694,506
86711121,11.9165,49.7863,454,26919,0.836323,0.75,2,1090202,1089748,454
86714041,66.3833,69.9573,459,26998,0.863265,0.77,2,1090282,1089823,459
86716961,54.8767,56.3915,458,27076,0.884653,0.75,2,1090334,1089876,458
86719881,80.5753,79.2783,460,27154,0.920931,0.75,2,1090421,1089961,460
86722801,56.1151,55.0557,461,27232,0.912186,0.79,2,1090471,1090010,461
86830841,31,42,504,29974,0.75,1,2,1092379,1091875,504
86833761,58.2,66.8,496,30045,0.574,1,1,1092444,1091948,496
86836681,41.24,44.56,494,30115,0.5228,1,1,1092481,1091987,494
86839601,32.248,36.912,489,30185,0.49656,1,1,1092511,1092022,489
86842521,49.6496,51.3824,488,30255,0.427312,1,1,1092565,1092077,488
86845441,35.5299,32.6765,492,30325,0.381462,0.96,1,1092597,1092105,492
86848361,54.306,58.5353,486,30395,0.356292,1,1,1092656,1092170,486
86851281,38.0612,44.5071,479,30465,0.255258,0.83,1,1092690,1092211,479
86854201,77.2122,92.1014,462,30534,0.315052,0.79,1,1092777,1092315,462
86857121,40.2424,44.8203,460,30603,0.42301,0.75,1,1092808,1092348,460
86860041,28.0485,33.7641,454,30672,0.412602,0.53,1,1092833,1092379,454
86862961,51.2097,58.7528,446,30741,0.44252,0.51,1,1092890,1092444,446
86865881,39.0419,41.3506,445,30810,0.448504,0.49,1,1092926,1092481,445
86868801,30.2084,32.2701,443,30879,0.449701,0.41,1,1092954,1092511,443
86871721,45.2417,49.654,438,30948,0.49794,0.37,1,1093003,1092565,438
86874641,35.4483,35.5308,439,31016,0.507588,0.35,1,1093036,1092597,439
86877561,52.6897,54.3062,437,31084,0.541518,0.23,1,1093093,1092656,437
86880481,40.9379,38.0612,441,31152,0.580304,0.33,1,1093131,1092690,441
86883401,76.1876,77.2122,439,31220,0.556061,0.45,1,1093216,1092777,439
86886321,42.4375,40.2424,442,31288,0.583212,0.45,1,1093250,1092808,442
86889241,27.6875,8.04849,466,31356,0.588642,0.41,1,1093274,1092808,466
86892161,51.1375,21.6097,498,31423,0.589728,0.45,1,1093331,1092833,498
86895081,39.0275,49.9219,477,31490,0.605946,0.45,1,1093367,1092890,477
86898001,30.2055,38.7844,469,31557,0.609189,0.45,1,1093395,1092926,469
86900921,47.6411,30.1569,493,31624,0.593838,0.51,1,1093447,1092954,493
86903841,35.9282,45.2314,477,31691,0.606768,0.51,1,1093480,1093003,477
86906761,54.3856,35.4463,503,31758,0.641354,0.55,1,1093539,1093036,503
86909681,43.6771,52.6893,487,31825,0.664271,0.59,1,1093580,1093093,487
86912601,75.9354,40.9379,533,31891,0.700854,0.55,1,1093664,1093131,533
86915521,43.9871,76.1876,484,31957,0.724171,0.59,1,1093700,1093216,484
86918441,27.9974,42.4375,474,32023,0.776834,0.59,2,1093724,1093250,474
86921361,51.1995,27.6875,507,32089,0.819367,0.59,2,1093781,1093274,507
86924281,39.8399,51.1375,487,32155,0.843873,0.61,2,1093818,1093331,487
86927201,30.368,39.0275,479,32221,0.848775,0.61,2,1093846,1093367,479
86930121,46.8736,30.2055,502,32287,0.881755,0.59,2,1093897,1093395,502
86933041,37.3747,47.6411,485,32353,0.920351,0.61,2,1093932,1093447,485
86935961,55.4749,35.9282,512,32418,0.91207,0.65,2,1093992,1093480,512
86938881,46.295,54.3856,497,32483,0.942414,0.67,2,1094036,1093539,497
87070281,80,39,557,35293,0.67,1,1,1096006,1095449,557
87073201,56.8,75,524,35353,0.526,1,1,1096057,1095533,524
87076121,37.76,59.8,501,35413,0.4332,1,1,1096090,1095589,501
87079041,59.552,31.96,541,35473,0.38264,1,1,1096155,1095614,541
87081961,36.7104,47.992,520,35533,0.324528,1,1,1096186,1095666,520
87084881,33.7421,30.3984,527,35592,0.264906,1,1,1096219,1095692,527
87087801,23.5484,34.8797,512,35651,0.268981,1,1,1096240,1095728,512
87090721,19.1097,31.7759,499,35710,0.317796,1,1,1096258,1095759,499
87093641,17.4219,34.3552,481,35769,0.311559,1,1,1096275,1095794,481
87096561,28.2844,29.271,484,35828,0.294312,0.9,1,1096306,1095822,484
87099481,41.6569,53.8542,469,35887,0.290862,0.89,1,1096351,1095882,469
87102401,38.7314,45.9708,463,35946,0.338172,0.67,1,1096389,1095926,463
87105321,63.7463,73.1942,453,36005,0.379634,0.49,1,1096459,1096006,453
87108241,47.9493,55.4388,446,36064,0.371927,0.41,1,1096503,1096057,446
87111161,34.3899,37.4878,444,36123,0.354385,0.37,1,1096534,1096090,444
87114081,54.878,59.4976,439,36182,0.382877,0.31,1,1096594,1096155,439
87117001,34.9756,36.6995,438,36240,0.436575,0.25,1,1096624,1096186,438
87119921,31.7951,33.7399,436,36298,0.447315,0.27,1,1096655,1096219,436
87122841,27.159,23.548,441,36356,0.417463,0.33,1,1096681,1096240,441
87125761,17.4318,19.1096,438,36414,0.427493,0.31,1,1096696,1096258,438
87128681,13.0864,17.4219,433,36472,0.413498,0.29,1,1096708,1096275,433
87131601,29.0173,28.2844,435,36530,0.4587,0.29,1,1096741,1096306,435
87134521,41.0035,41.6569,434,36588,0.49974,0.35,1,1096785,1096351,434
87137441,41.0007,38.7314,437,36646,0.523948,0.39,1,1096826,1096389,437
87140361,65.8001,63.7463,439,36704,0.56079,0.37,1,1096898,1096459,439
87143281,47.56,47.9493,438,36762,0.520158,0.35,1,1096941,1096503,438
87146201,36.712,34.3899,441,36819,0.544032,0.39,1,1096975,1096534,441
87149121,53.7424,54.878,439,36876,0.564806,0.45,1,1097033,1096594,439
87152041,37.1485,34.9756,442,36933,0.600961,0.45,1,1097066,1096624,442
87154961,32.2297,31.7951,442,36990,0.640192,0.41,1,1097097,1096655,442
87157881,27.2459,27.159,442,37047,0.632038,0.43,1,1097123,1096681,442
87160801,17.4492,17.4318,442,37104,0.646408,0.41,1,1097138,1096696,442
87163721,13.0898,13.0864,442,37161,0.649282,0.41,1,1097150,1096708,442
87166641,31.418,2.61727,478,37218,0.649856,0.47,1,1097186,1096708,478
87169561,42.2836,26.9235,490,37275,0.681971,0.51,1,1097231,1096741,490
87172481,41.2567,40.5847,487,37332,0.672394,0.53,1,1097272,1096785,487
87175401,66.6513,40.9169,519,37389,0.670479,0.57,1,1097345,1096826,519
87178321,46.9303,65.7834,489,37446,0.670096,0.51,1,1097387,1096898,489
87181241,38.1861,47.5567,482,37502,0.686019,0.55,1,1097423,1096941,482
87184161,54.8372,36.7113,507,37558,0.705204,0.57,1,1097482,1096975,507
87187081,38.1674,53.7423,483,37614,0.677041,0.61,1,1097516,1097033,483
87190001,34.0335,37.1485,483,37670,0.703408,0.65,1,1097549,1097066,483
87192921,27.6067,32.2297,478,37726,0.756682,0.63,2,1097575,1097097,478
87195841,18.3213,27.2459,468,37782,0.767336,0.65,2,1097591,1097123,468
87198761,13.2643,17.4492,465,37838,0.785467,0.65,2,1097603,1097138,465
87201681,32.2529,13.0898,490,37894,0.773093,0.65,2,1097640,1097150,490
87204601,43.2506,31.418,500,37950,0.834619,0.69,2,1097686,1097186,500
87207521,40.6501,42.2836,495,38006,0.862924,0.67,2,1097726,1097231,495
87210441,66.53,41.2567,527,38062,0.900585,0.67,2,1097799,1097272,527
87213361,47.706,66.6513,497,38118,0.940117,0.67,2,1097842,1097345,497
87216281,39.1412,46.9303,492,38173,0.932023,0.69,2,1097879,1097387,492
87219201,55.0282,38.1861,515,38228,0.914405,0.71,2,1097938,1097423,515
87222121,38.2056,54.8372,490,38283,0.942881,0.67,2,1097972,1097482,490
87225041,35.6411,38.1674,491,38338,0.932576,0.71,2,1098007,1097516,491
87365201,36,66,506,40898,0.83,1,2,1099728,1099222,506
87368121,52.8,44.4,524,40950,0.734,1,1,1099785,1099261,524
87371041,38.56,44.08,515,41002,0.6668,1,1,1099820,1099305,515
87373961,54.912,52.016,520,41053,0.62136,1,1,1099879,1099359,520
87376881,42.1824,41.6032,520,41104,0.516272,1,1,1099918,1099398,520
87379801,31.6365,41.1206,508,41155,0.431254,1,1,1099947,1099439,508
87382721,27.1273,30.6241,506,41206,0.398251,1,1,1099973,1099467,506
87385641,27.0255,26.1248,508,41257,0.39165,0.98,1,1100000,1099492,508
87388561,23.0051,27.625,502,41308,0.37433,0.87,1,1100022,1099520,502
87391481,27.001,26.325,504,41359,0.354866,0.98,1,1100050,1099546,504
87394401,31.8002,32.465,503,41410,0.318973,0.97,1,1100083,1099580,503
87397321,27.96,31.293,499,41461,0.359795,0.95,1,1100110,1099611,499
87400241,41.592,28.6586,516,41512,0.383959,0.87,1,1100155,1099639,516
87403161,9.9184,48.1317,465,41563,0.388792,0.83,1,1100157,1099692,465
87406081,29.1837,38.4263,463,41614,0.389758,0.71,1,1100191,1099728,463
87409001,46.6367,53.2853,457,41665,0.405952,0.65,1,1100242,1099785,457
87411921,34.1273,38.6571,453,41716,0.47319,0.61,1,1100273,1099820,453
87414841,50.8255,54.9314,449,41767,0.486638,0.49,1,1100328,1099879,449
87417761,34.1651,42.1863,440,41818,0.505328,0.41,1,1100358,1099918,440
87420681,30.033,31.6373,440,41868,0.493066,0.39,1,1100387,1099947,440
87423601,26.0066,27.1275,439,41918,0.506613,0.39,1,1100412,1099973,439
87426521,27.6013,27.0255,440,41968,0.557323,0.37,1,1100440,1100000,440
87429441,23.9203,23.0051,441,42018,0.519465,0.35,1,1100463,1100022,441
87432361,23.9841,27.001,437,42068,0.479893,0.31,1,1100487,1100050,437
87435281,32.7968,31.8002,439,42118,0.519979,0.37,1,1100522,1100083,439
87438201,28.1594,27.96,439,42168,0.559996,0.39,1,1100549,1100110,439
87441121,43.2319,41.592,441,42218,0.583999,0.39,1,1100596,1100155,441
87444041,10.2464,9.9184,441,42268,0.5888,0.39,1,1100598,1100157,441
87446961,27.6493,29.1837,439,42318,0.60576,0.41,1,1100630,1100191,439
87449881,47.9299,46.6367,441,42368,0.625152,0.49,1,1100683,1100242,441
87452801,36.786,34.1273,444,42418,0.59703,0.49,1,1100717,1100273,444
87455721,52.1572,50.8255,445,42468,0.639406,0.51,1,1100773,1100328,445
87458641,34.4314,34.1651,445,42518,0.647881,0.49,1,1100803,1100358,445
87461561,30.8863,30.033,446,42568,0.649576,0.51,1,1100833,1100387,446
87464481,25.3773,26.0066,445,42618,0.649915,0.57,1,1100857,1100412,445
87467401,29.8755,27.6013,448,42668,0.665983,0.51,1,1100888,1100440,448
87470321,21.9751,23.9203,445,42717,0.669197,0.47,1,1100908,1100463,445
87473241,23.595,23.9841,445,42766,0.701839,0.53,1,1100932,1100487,445
87476161,33.519,32.7968,446,42815,0.724368,0.57,1,1100968,1100522,446
87479081,29.9038,28.1594,448,42864,0.728874,0.59,1,1100997,1100549,448
87482001,45.1808,43.2319,450,42913,0.761775,0.59,2,1101046,1100596,450
87484921,10.6362,10.2464,450,42962,0.768355,0.61,2,1101048,1100598,450
87487841,27.7272,27.6493,450,43011,0.753671,0.61,2,1101080,1100630,450
87490761,47.9454,5.52985,503,43060,0.782734,0.63,2,1101133,1100630,503
87493681,36.7891,43.506,484,43109,0.804547,0.59,2,1101167,1100683,484
87496601,52.9578,35.9012,507,43158,0.824909,0.65,2,1101224,1100717,507
87499521,34.5916,51.9802,481,43207,0.828982,0.65,2,1101254,1100773,481
87502441,30.9183,34.396,481,43256,0.845796,0.65,2,1101284,1100803,481
87505361,26.1837,30.8792,476,43305,0.881159,0.65,2,1101309,1100833,476
87508281,31.6367,25.3758,485,43354,0.840232,0.67,2,1101342,1100857,485
87511201,22.3273,29.8752,474,43403,0.832046,0.67,2,1101362,1100888,474
87514121,24.4655,21.975,479,43452,0.846409,0.71,2,1101387,1100908,479
87517041,33.6931,23.595,491,43501,0.849282,0.73,2,1101423,1100932,491
87519961,31.5386,33.519,486,43550,0.881856,0.73,2,1101454,1100968,486
87522881,45.5077,29.9038,506,43598,0.904371,0.77,2,1101503,1100997,506
87525801,10.7015,45.1808,459,43646,0.908874,0.77,2,1101505,1101046,459
87528721,29.3403,10.6362,491,43694,0.877775,0.75,2,1101539,1101048,491
87531641,49.0681,27.7272,513,43742,0.935555,0.79,2,1101593,1101080,513
87534561,37.8136,47.9454,495,43790,0.947111,0.81,2,1101628,1101133,495
87695161,59,28,535,46366,0.81,1,2,1103405,1102870,535
87698081,39,55.2,507,46411,0.682,1,1,1103439,1102932,507
87701001,29.4,37.44,501,46456,0.6404,1,1,1103466,1102965,501
87703921,35.48,25.088,516,46501,0.60008,1,1,1103503,1102987,516
87706841,24.696,33.0176,503,46546,0.608016,1,1,1103525,1103022,503
87709761,30.5392,33.0035,502,46591,0.561603,1,1,1103557,1103055,502
87712681,30.1078,30.6007,502,46636,0.504321,1,1,1103587,1103085,502
87715601,36.4216,31.7201,508,46681,0.556864,1,1,1103625,1103117,508
87718521,30.4843,34.344,502,46726,0.551373,0.99,1,1103654,1103152,502
87721441,25.2969,33.2688,493,46771,0.534275,1,1,1103678,1103185,493
87724361,34.6594,25.8538,506,46816,0.434855,1,1,1103715,1103209,506
87727281,26.1319,32.3708,496,46861,0.382971,1,1,1103739,1103243,496
87730201,15.6264,24.8741,486,46906,0.388594,1,1,1103752,1103266,486
87733121,31.1253,18.5748,504,46951,0.373719,0.94,1,1103787,1103283,504
87736041,27.0251,30.115,497,46996,0.402744,0.86,1,1103813,1103316,497
87738961,47.805,30.023,520,47041,0.392549,0.81,1,1103866,1103346,520
87741881,31.161,53.2046,488,47086,0.37451,0.65,1,1103893,1103405,488
87744801,27.8322,37.8409,481,47131,0.354902,0.63,1,1103920,1103439,481
87747721,33.5664,29.1682,489,47176,0.36698,0.59,1,1103955,1103466,489
87750641,21.9133,35.4336,471,47221,0.401396,0.61,1,1103974,1103503,471
87753561,30.7827,24.6867,482,47266,0.392279,0.55,1,1104007,1103525,482
87756481,29.3565,30.5373,479,47311,0.390456,0.49,1,1104036,1103557,479
87759401,34.6713,30.1075,485,47356,0.374091,0.57,1,1104072,1103587,485
87762321,8.53426,36.4215,449,47401,0.386818,0.55,1,1104074,1103625,449
87765241,23.3069,30.4843,447,47445,0.437364,0.53,1,1104101,1103654,447
87768161,22.2614,25.2969,445,47489,0.463473,0.41,1,1104123,1103678,445
87771081,29.2523,34.6594,439,47533,0.500695,0.37,1,1104154,1103715,439
87774001,26.6505,26.1319,441,47577,0.508139,0.39,1,1104180,1103739,441
87776921,14.1301,15.6264,439,47621,0.493628,0.37,1,1104191,1103752,439
87779841,33.226,31.1253,442,47665,0.554726,0.41,1,1104229,1103787,442
87782761,25.8452,27.0251,440,47709,0.582945,0.39,1,1104253,1103813,440
87785681,46.769,47.805,439,47753,0.556589,0.37,1,1104305,1103866,439
87788601,30.1538,31.161,438,47797,0.583318,0.35,1,1104331,1103893,438
87791521,30.0308,27.8322,441,47841,0.604664,0.37,1,1104361,1103920,441
87794441,33.2062,33.5664,440,47885,0.544933,0.41,1,1104395,1103955,440
87797361,23.4412,21.9133,442,47929,0.548987,0.39,1,1104416,1103974,442
87800281,31.0882,30.7827,442,47973,0.549797,0.39,1,1104449,1104007,442
87803201,28.6176,29.3565,441,48017,0.581959,0.37,1,1104477,1104036,441
87806121,34.5235,34.6713,441,48061,0.572392,0.39,1,1104513,1104072,441
87809041,8.50471,8.53426,441,48105,0.602478,0.45,1,1104515,1104074,441
87811961,25.7009,23.3069,444,48149,0.640496,0.47,1,1104545,1104101,444
87814881,21.9402,22.2614,443,48193,0.664099,0.51,1,1104566,1104123,443
87817801,30.788,29.2523,445,48237,0.68482,0.51,1,1104599,1104154,445
87820721,26.9576,26.6505,445,48281,0.688964,0.49,1,1104625,1104180,445
87823641,14.9915,14.1301,446,48325,0.657793,0.57,1,1104637,1104191,446
87826561,34.9983,33.226,448,48369,0.715559,0.59,1,1104677,1104229,448
87829481,26.9997,25.8452,449,48413,0.711112,0.55,1,1104702,1104253,449
87832401,46.9999,46.769,449,48457,0.742222,0.59,1,1104754,1104305,449
87835321,31,30.1538,450,48500,0.732444,0.61,1,1104781,1104331,450
87838241,28.6,30.0308,448,48543,0.730489,0.53,1,1104809,1104361,448
87841161,32.92,33.2062,448,48586,0.730098,0.55,1,1104843,1104395,448
87844081,22.584,23.4412,447,48629,0.73002,0.55,1,1104863,1104416,447
87847001,32.5168,31.0882,449,48672,0.746004,0.59,1,1104898,1104449,449
87849921,29.7034,28.6176,450,48715,0.797201,0.57,2,1104927,1104477,450
87852841,35.5407,34.5235,451,48758,0.87144,0.61,2,1104964,1104513,451
87855761,8.70813,8.50471,451,48801,0.886288,0.65,2,1104966,1104515,451
87858681,26.5416,25.7009,452,48844,0.873258,0.65,2,1104997,1104545,452
87861601,23.7083,5.14019,475,48887,0.902652,0.67,2,1105020,1104545,475
87864521,30.3417,17.828,486,48930,0.90853,0.69,2,1105052,1104566,486
87867441,26.8683,29.9656,479,48973,0.909706,0.69,2,1105078,1104599,479
87870361,15.7737,26.7931,466,49016,0.925941,0.65,2,1105091,1104625,466
87873281,35.9547,14.9586,495,49059,0.913188,0.73,2,1105132,1104637,495
87876201,27.9909,34.9917,481,49102,0.910638,0.71,2,1105158,1104677,481
87879121,47.1982,26.9983,508,49145,0.926128,0.75,2,1105210,1104702,508
88124401,493,585,458,23360,0.13,0.57,1,1107614,1107156,458
88127321,153,155.4,478,24178,0.098,0.33,1,1107682,1107204,478
88130241,73,84.68,464,24266,0.1236,0.03,1,1107735,1107271,464
88133161,60.2,67.336,458,24353,0.02472,0.03,1,1107792,1107334,458
88136081,60.84,62.2672,458,24440,0.060944,0.03,1,1107853,1107395,458
88139001,47.368,54.0534,450,24527,0.0681888,0.07,1,1107897,1107447,450
88141921,74.2736,59.6107,470,24613,0.0536378,0.01,1,1107978,1107508,470
88144841,34.8547,69.5221,423,24699,0.0507276,0.07,1,1108003,1107580,423
88147761,37.3709,29.9044,441,24785,0.0661455,0.09,1,1108041,1107600,441
88150681,57.8742,71.5809,422,24871,0.149229,0.13,1,1108104,1107682,422
88153601,57.1748,56.7162,426,24956,0.197846,0,1,1108161,1107735,426
88156521,53.835,56.9432,422,25041,0.207569,0.07,1,1108214,1107792,422
88159441,62.767,60.1886,426,25126,0.0975138,0.07,1,1108279,1107853,426
88162361,46.1534,47.2377,424,25210,0.0435028,0.05,1,1108321,1107897,424
88165281,72.4307,74.2475,422,25294,0.0487006,0.05,1,1108400,1107978,422
88168201,34.4861,34.8495,422,25378,0.0177401,0.07,1,1108425,1108003,422
88171121,40.4972,37.3699,426,25461,0.043548,0.07,1,1108467,1108041,426
88174041,60.8994,7.47398,492,25544,0.0327096,0.17,1,1108533,1108041,492
88176961,57.7799,51.8948,486,25627,0.0625419,0.21,1,1108590,1108104,486
88179881,54.756,55.979,483,25710,0.0845084,0.21,1,1108644,1108161,483
88182801,56.5512,53.5958,487,25792,0.0729017,0.07,1,1108701,1108214,487
88185721,44.9102,62.7192,464,25874,0.0865803,0.03,1,1108743,1108279,464
88188641,72.182,46.1438,501,25956,0.105316,0.05,1,1108822,1108321,501
88191561,33.6364,72.4288,446,26038,0.109063,0.01,1,1108846,1108400,446
88194481,41.9273,34.4858,465,26119,0.0938126,0.05,1,1108890,1108425,465
88197401,60.3855,40.4972,488,26200,0.106763,0.03,1,1108955,1108467,488
88200321,59.2771,60.8994,481,26281,0.157353,0.07,1,1109014,1108533,481
88203241,55.8554,57.7799,479,26362,0.167471,0.09,1,1109069,1108590,479
88206161,55.9711,54.756,481,26442,0.169494,0.07,1,1109125,1108644,481
88209081,46.3942,56.5512,468,26522,0.217899,0.09,1,1109169,1108701,468
88212001,74.0788,44.9102,507,26602,0.27558,0.11,1,1109250,1108743,507
88214921,30.8158,72.182,448,26682,0.287116,0.11,1,1109270,1108822,448
88217841,42.1632,33.6364,469,26761,0.305423,0.09,1,1109315,1108846,469
88220761,62.0326,41.9273,492,26840,0.357085,0.11,1,1109382,1108890,492
88223681,14.0065,60.3855,429,26919,0.367417,0.17,1,1109384,1108955,429
88226601,51.6013,59.2771,431,26998,0.385483,0.17,1,1109445,1109014,431
88229521,53.5203,55.8554,430,27076,0.405097,0.17,1,1109499,1109069,430
88232441,56.3041,55.9711,431,27154,0.409019,0.23,1,1109556,1109125,431
88235361,48.0608,46.3942,433,27232,0.377804,0.29,1,1109602,1109169,433
88238281,76.8122,74.0788,436,27310,0.435561,0.29,1,1109686,1109250,436
88241201,31.3624,30.8158,436,27388,0.447112,0.31,1,1109706,1109270,436
88244121,43.0725,42.1632,437,27465,0.465422,0.37,1,1109752,1109315,437
88247041,64.6145,62.0326,440,27542,0.485085,0.37,1,1109822,1109382,440
88249961,14.5229,14.0065,440,27619,0.521017,0.39,1,1109824,1109384,440
88252881,51.7046,51.6013,440,27696,0.544203,0.41,1,1109885,1109445,440
88255801,53.5409,53.5203,440,27772,0.628841,0.41,1,1109939,1109499,440
88258721,56.3082,56.3041,440,27848,0.629768,0.37,1,1109996,1109556,440
88261641,48.0616,48.0608,440,27924,0.645954,0.45,1,1110042,1109602,440
88264561,78.4123,76.8122,442,28000,0.665191,0.45,1,1110128,1109686,442
88267481,31.6825,31.3624,442,28076,0.669038,0.47,1,1110148,1109706,442
88270401,43.9365,43.0725,443,28151,0.685808,0.49,1,1110195,1109752,443
88273321,67.1873,64.6145,446,28226,0.689162,0.53,1,1110268,1109822,446
88276241,15.0375,14.5229,446,28301,0.705832,0.55,1,1110270,1109824,446
88279161,54.2075,51.7046,449,28376,0.693166,0.55,1,1110334,1109885,449
88282081,55.6415,10.3409,505,28451,0.738633,0.65,1,1110390,1109885,505
88285001,57.5283,45.2682,509,28525,0.747727,0.63,1,1110448,1109939,509
88287921,49.1057,54.6536,499,28599,0.781545,0.65,2,1110495,1109996,499
88290841,77.8211,47.7307,538,28673,0.804309,0.67,2,1110580,1110042,538
88293761,32.3642,78.3461,473,28747,0.792862,0.67,2,1110601,1110128,473
88296681,44.0728,31.6692,500,28821,0.806572,0.69,2,1110648,1110148,500
88299601,68.0146,43.9338,527,28894,0.825314,0.69,2,1110722,1110195,527
88302521,15.2029,67.1868,456,28967,0.829063,0.71,2,1110724,1110268,456
88305441,55.0406,15.0374,519,29040,0.845813,0.69,2,1110789,1110270,519
88308361,58.2081,54.2075,514,29113,0.897163,0.75,2,1110848,1110334,514
88311281,58.0416,55.6415,516,29186,0.923433,0.75,2,1110906,1110390,516
88428081,32,41,517,31957,0.81,1,2,1112845,1112328,517
88431001,24,33.8,507,32023,0.826,1,2,1112867,1112360,507
88433921,72.8,28.36,565,32089,0.5732,1,1,1112952,1112387,565
88436841,40.16,76.072,509,32155,0.41064,1,1,1112984,1112475,509
88439761,36.032,34.4144,520,32221,0.394128,1,1,1113019,1112499,520
88442681,61.6064,34.8829,553,32287,0.342826,1,1,1113087,1112534,553
88445601,37.1213,73.3766,501,32353,0.204565,1,1,1113118,1112617,501
88448521,41.0243,41.0753,510,32418,0.160913,1,1,1113160,1112650,510
88451441,52.2049,37.8151,528,32483,0.120183,0.91,1,1113215,1112687,528
88454361,59.241,55.563,529,32548,0.0480365,0.76,1,1113276,1112747,529
88457281,33.4482,63.9126,490,32613,0.0496073,0.81,1,1113303,1112813,490
88460201,23.4896,38.3825,479,32678,0.0819215,0.83,1,1113324,1112845,479
88463121,62.2979,25.2765,529,32743,0.0563843,0.51,1,1113396,1112867,529
88466041,14.0596,73.0553,446,32808,0.0672769,0.37,1,1113398,1112952,446
88468961,22.8119,40.2111,439,32872,0.0694554,0.39,1,1113423,1112984,439
88471881,29.3624,36.0422,435,32936,0.0378911,0.33,1,1113454,1113019,435
88474801,60.2725,61.6084,435,33000,0.111578,0.17,1,1113522,1113087,435
88477721,36.8545,37.1217,435,33064,0.0623156,0.15,1,1113553,1113118,435
88480641,35.3709,41.0243,428,33128,0.100463,0.11,1,1113588,1113160,428
88483561,49.4742,52.2049,426,33192,0.124093,0.03,1,1113641,1113215,426
88486481,57.0948,59.241,424,33256,0.160819,0.05,1,1113700,1113276,424
88489401,33.819,33.4482,425,33320,0.120164,0.09,1,1113728,1113303,425
88492321,23.5638,23.4896,425,33383,0.128033,0.05,1,1113749,1113324,425
88495241,62.3128,62.2979,425,33446,0.209607,0.07,1,1113821,1113396,425
88498161,14.0626,14.0596,425,33509,0.225921,0.07,1,1113823,1113398,425
88501081,21.2125,22.8119,423,33572,0.213184,0.03,1,1113846,1113423,423
88504001,29.0425,29.3624,423,33635,0.274637,0.13,1,1113877,1113454,423
88506921,63.4085,60.2725,427,33698,0.334927,0.05,1,1113949,1113522,427
88509841,35.0817,36.8545,424,33761,0.314985,0.11,1,1113977,1113553,424
88512761,37.4163,35.3709,427,33824,0.342997,0.13,1,1114015,1113588,427
88515681,50.6833,49.4742,428,33887,0.316599,0.17,1,1114069,1113641,428
88518601,57.3367,57.0948,428,33949,0.35932,0.11,1,1114128,1113700,428
88521521,33.0673,33.819,427,34011,0.351864,0.13,1,1114155,1113728,427
88524441,24.2135,23.5638,428,34073,0.350373,0.23,1,1114177,1113749,428
88527361,64.8427,62.3128,431,34135,0.382075,0.23,1,1114252,1113821,431
88530281,14.5685,14.0626,431,34197,0.436415,0.21,1,1114254,1113823,431
88533201,22.1137,21.2125,432,34259,0.447283,0.21,1,1114278,1113846,432
88536121,30.0227,4.2425,464,34321,0.417457,0.29,1,1114310,1113846,464
88539041,66.0045,25.6485,508,34383,0.475491,0.35,1,1114385,1113877,508
88541961,35.6009,62.7297,464,34444,0.519098,0.31,1,1114413,1113949,464
88544881,37.5202,34.9459,474,34505,0.52782,0.35,1,1114451,1113977,474
88547801,51.504,37.3892,491,34566,0.513564,0.31,1,1114506,1114015,491
88550721,59.1008,50.6778,498,34627,0.494713,0.37,1,1114567,1114069,498
88553641,32.6202,57.3356,465,34688,0.506943,0.35,1,1114593,1114128,465
88556561,24.124,33.0671,460,34749,0.509389,0.35,1,1114615,1114155,460
88559481,67.2248,24.2134,516,34810,0.493878,0.39,1,1114693,1114177,516
88562401,15.045,64.8427,443,34871,0.522776,0.45,1,1114695,1114252,443
88565321,22.209,14.5685,465,34932,0.576555,0.45,1,1114719,1114254,465
88568241,30.0418,22.1137,473,34993,0.587311,0.41,1,1114751,1114278,473
88571161,69.2084,30.0227,520,35053,0.621462,0.49,1,1114830,1114310,520
88574081,37.8417,66.0045,475,35113,0.644292,0.53,1,1114860,1114385,475
88577001,37.9683,35.6009,485,35173,0.680858,0.53,1,1114898,1114413,485
88579921,50.7937,37.5202,501,35233,0.688172,0.51,1,1114952,1114451,501
88582841,58.9587,51.504,507,35293,0.705634,0.49,1,1115013,1114506,507
88585761,32.5917,59.1008,472,35353,0.693127,0.51,1,1115039,1114567,472
88588681,24.1183,32.6202,468,35413,0.690625,0.51,1,1115061,1114593,468
88591601,68.8237,24.124,526,35473,0.690125,0.49,1,1115141,1114615,526
88594521,15.3647,67.2248,450,35533,0.690025,0.53,1,1115143,1114693,450
88597441,23.8729,15.045,474,35592,0.722005,0.59,1,1115169,1114695,474
88600361,30.3746,22.209,482,35651,0.760401,0.59,2,1115201,1114719,482
88603281,7.67492,30.0418,452,35710,0.76808,0.63,2,1115203,1114751,452
88606201,66.335,69.2084,454,35769,0.785616,0.65,2,1115284,1114830,454
88609121,38.067,37.8417,455,35828,0.805123,0.69,2,1115315,1114860,455
88612041,38.8134,37.9683,456,35887,0.809025,0.69,2,1115354,1114898,456
88614961,50.9627,50.7937,456,35946,0.841805,0.71,2,1115408,1114952,456
88617881,58.1925,58.9587,455,36005,0.864361,0.69,2,1115468,1115013,455
88620801,33.2385,32.5917,456,36064,0.884872,0.69,2,1115495,1115039,456
88623721,24.2477,24.1183,456,36123,0.888974,0.69,2,1115517,1115061,456
88626641,70.4495,68.8237,458,36182,0.873795,0.69,2,1115599,1115141,458
88629561,15.6899,15.3647,458,36240,0.902759,0.73,2,1115601,1115143,458
88632481,24.738,23.8729,459,36298,0.908552,0.77,2,1115628,1115169,459
88790161,44,57,494,39318,0.91,1,2,1117735,1117241,494
88793081,40,37,501,39372,0.894,1,2,1117774,1117273,501
88796001,32,35.4,496,39426,0.8108,1,2,1117804,1117308,496
88798921,46.4,54.28,487,39480,0.76216,1,2,1117854,1117367,487
88801841,38.08,40.456,486,39533,0.816432,1,2,1117890,1117404,486
88804761,34.016,30.4912,491,39586,0.795286,1,2,1117923,1117432,491
88807681,48.4032,58.0982,478,39639,0.807057,1,2,1117975,1117497,478
88810601,36.8806,37.2196,480,39692,0.825411,0.84,2,1118009,1117529,480
88813521,35.3761,35.4439,480,39745,0.845082,1,2,1118044,1117564,480
88816441,27.8752,23.0888,486,39798,0.881016,1,2,1118070,1117584,486
88819361,35.975,43.0178,476,39851,0.872203,0.93,2,1118108,1117632,476
88822281,33.595,36.6036,474,39904,0.838441,0.87,2,1118141,1117667,474
88825201,19.519,26.5207,466,39957,0.831688,0.91,2,1118157,1117691,466
88828121,39.1038,40.5041,466,40010,0.894338,0.89,2,1118201,1117735,466
88831041,36.6208,39.3008,463,40063,0.890868,0.89,2,1118237,1117774,463
88833961,28.9242,7.86017,490,40116,0.874174,0.79,2,1118264,1117774,490
88836881,43.3848,25.572,507,40169,0.870835,0.75,2,1118311,1117804,507
88839801,39.077,45.1144,495,40222,0.902167,0.83,2,1118349,1117854,495
88842721,35.8154,37.8229,494,40274,0.892433,0.79,2,1118384,1117890,494
88845641,49.5631,33.9646,514,40326,0.938487,0.81,2,1118437,1117923,514
88848561,35.5126,48.3929,494,40378,0.931697,0.83,2,1118469,1117975,494
88851481,36.7025,36.8786,497,40430,0.91434,0.85,2,1118506,1118009,497
89041281,36,29,511,43694,0.79,1,2,1120750,1120239,511
89044201,49.6,42.6,518,43742,0.726,1,1,1120803,1120285,518
89047121,38.72,39.72,515,43790,0.5692,1,1,1120839,1120324,515
89050041,34.944,32.744,518,43838,0.40984,1,1,1120873,1120355,518
89052961,30.9888,27.3488,522,43886,0.249968,1,1,1120903,1120381,522
89055881,38.1978,33.4698,527,43934,0.121994,1,1,1120943,1120416,527
89058801,33.2396,44.294,512,43982,0.0323987,1,1,1120975,1120463,512
89061721,29.0479,32.0588,511,44030,0.0144797,1,1,1121003,1120492,511
89064641,30.6096,32.8118,509,44078,0.0108959,1,1,1121034,1120525,509
89067561,33.3219,35.3624,507,44126,0.0261792,1,1,1121068,1120561,507
89070481,20.2644,28.6725,497,44174,0.0612358,1,1,1121085,1120588,497
89073401,31.2529,25.7345,506,44222,0.0202472,0.99,1,1121119,1120613,506
89076321,34.2506,35.5469,503,44270,0.0120494,0.91,1,1121154,1120651,503
89079241,25.2501,35.9094,490,44318,0.0104099,0.85,1,1121177,1120687,490
89082161,29.85,28.7819,494,44366,0.042082,0.79,1,1121208,1120714,494
89085081,43.57,34.5564,505,44414,0.0964164,0.71,1,1121255,1120750,505
89088001,31.914,49.3113,481,44461,0.0912833,0.53,1,1121284,1120803,481
89090921,7.9828,38.6623,447,44508,0.0742567,0.37,1,1121286,1120839,447
89093841,21.5966,34.9325,438,44555,0.150851,0.21,1,1121311,1120873,438
89096761,22.7193,30.9865,431,44602,0.13417,0.09,1,1121334,1120903,431
89099681,34.1439,38.1973,428,44649,0.146834,0.01,1,1121371,1120943,428
89102601,28.4288,33.2395,423,44696,0.0693668,0.01,1,1121398,1120975,423
89105521,28.0858,29.0479,423,44743,0.0138734,0.01,1,1121426,1121003,423
89108441,29.6172,30.6096,422,44790,0.0747747,0.03,1,1121456,1121034,422
89111361,35.5234,33.3219,425,44837,0.0389549,0.07,1,1121493,1121068,425
89114281,19.9047,20.2644,424,44884,0.063791,0.01,1,1121509,1121085,424
89117201,29.5809,31.2529,422,44931,0.0127582,0.01,1,1121541,1121119,422
89120121,35.5162,34.2506,424,44978,0.0265516,0.01,1,1121578,1121154,424
89123041,23.9032,25.2501,422,45025,0.0613103,0.05,1,1121599,1121177,422
89125961,31.1806,29.85,424,45072,0.0682621,0.11,1,1121632,1121208,424
89128881,43.8361,43.57,424,45119,0.0536524,0.09,1,1121679,1121255,424
89131801,33.5672,31.914,426,45166,0.0507305,0.07,1,1121710,1121284,426
89134721,8.31345,7.9828,426,45213,0.0501461,0.17,1,1121712,1121286,426
89137641,22.4627,21.5966,427,45260,0.0660292,0.13,1,1121738,1121311,427
89140561,23.6925,22.7193,428,45307,0.117206,0.15,1,1121762,1121334,428
89143481,35.1385,34.1439,429,45354,0.159441,0.05,1,1121800,1121371,429
89146401,23.0277,28.4288,422,45400,0.135888,0,1,1121820,1121398,422
89149321,27.0055,28.0858,422,45446,0.147178,0.09,1,1121848,1121426,422
89152241,29.4011,29.6172,422,45492,0.133436,0.03,1,1121878,1121456,422
89155161,36.2802,35.5234,423,45538,0.114687,0.07,1,1121916,1121493,423
89158081,20.056,19.9047,423,45584,0.142937,0,1,1121932,1121509,423
89161001,28.8112,29.5809,422,45630,0.116587,0.03,1,1121963,1121541,422
89163921,35.3622,35.5162,422,45676,0.0473175,0.07,1,1122000,1121578,422
89166841,23.8724,23.9032,422,45722,0.0334635,0.07,1,1122021,1121599,422
89169761,31.9745,31.1806,423,45768,0.0306927,0.05,1,1122055,1121632,423
89172681,43.1949,43.8361,422,45814,0.0301385,0.05,1,1122101,1121679,422
89175601,35.039,33.5672,424,45860,0.0460277,0.05,1,1122134,1121710,424
89178521,8.6078,8.31345,424,45906,0.0172055,0.05,1,1122136,1121712,424
89181441,22.5216,1.66269,450,45952,0.0434411,0.07,1,1122162,1121712,450
89184361,24.5043,21.1325,449,45998,0.0806882,0.13,1,1122187,1121738,449
89187281,36.9009,23.4265,465,46044,0.168138,0.17,1,1122227,1121762,465
89190201,23.3802,35.0853,447,46090,0.185628,0.13,1,1122247,1121800,447
89193121,24.676,23.0171,452,46136,0.205126,0.15,1,1122272,1121820,452
89196041,29.7352,27.0034,455,46182,0.225025,0.13,1,1122303,1121848,455
89198961,37.147,29.4007,464,46228,0.229005,0.11,1,1122342,1121878,464
89201881,20.2294,36.2801,442,46274,0.229801,0.15,1,1122358,1121916,442
89204801,25.6459,20.056,453,46320,0.24596,0.11,1,1122385,1121932,453
89207721,33.9292,28.8112,458,46366,0.249192,0.03,1,1122421,1121963,458
89210641,23.5858,35.3622,442,46411,0.233838,0.03,1,1122442,1122000,442
89213561,32.7172,23.8724,456,46456,0.198768,0.03,1,1122477,1122021,456
89216481,43.3434,31.9745,468,46501,0.191754,0.03,1,1122523,1122055,468
89219401,34.2687,43.1949,454,46546,0.190351,0.05,1,1122555,1122101,454
89222321,8.45374,35.039,423,46591,0.19007,0.01,1,1122557,1122134,423
89225241,24.8907,8.6078,450,46636,0.190014,0.05,1,1122586,1122136,450
89228161,25.7782,22.5216,450,46681,0.206003,0.09,1,1122612,1122162,450
89231081,41.1556,24.5043,470,46726,0.193201,0.19,1,1122657,1122187,470
89234001,24.2311,36.9009,450,46771,0.19064,0.19,1,1122677,1122227,450
89236921,25.6462,23.3802,456,46816,0.190128,0.21,1,1122703,1122247,456
89239841,31.5292,24.676,464,46861,0.190026,0.23,1,1122736,1122272,464
89242761,36.7058,29.7352,471,46906,0.206005,0.23,1,1122774,1122303,471
89245681,20.9412,37.147,449,46951,0.225201,0.23,1,1122791,1122342,449
89248601,25.7882,20.2294,460,46996,0.21304,0.25,1,1122818,1122358,460
89251521,32.3576,25.6459,467,47041,0.226608,0.25,1,1122852,1122385,467
89254441,22.4715,33.9292,451,47086,0.229322,0.23,1,1122872,1122421,451
89257361,32.4943,23.5858,465,47131,0.229864,0.19,1,1122907,1122442,465
89260281,43.2989,32.7172,476,47176,0.229973,0.19,1,1122953,1122477,476
89263201,34.2598,43.3434,462,47221,0.245995,0.19,1,1122985,1122523,462
89266121,8.45195,34.2687,432,47266,0.249199,0.19,1,1122987,1122555,432
89269041,24.8904,8.45374,459,47311,0.26584,0.19,1,1123016,1122557,459
89271961,26.5781,24.8907,457,47356,0.253168,0.21,1,1123043,1122586,457
89274881,6.91562,25.7782,433,47401,0.250634,0.19,1,1123045,1122612,433
89277801,35.7831,41.1556,431,47445,0.250127,0.19,1,1123088,1122657,431
89280721,23.1566,24.2311,431,47489,0.282025,0.19,1,1123108,1122677,431
89283641,25.4313,25.6462,431,47533,0.336405,0.19,1,1123134,1122703,431
89286561,32.2863,31.5292,432,47577,0.331281,0.21,1,1123168,1122736,432
89289481,36.8573,36.7058,432,47621,0.330256,0.23,1,1123206,1122774,432
89292401,21.7715,20.9412,433,47665,0.314051,0.21,1,1123224,1122791,433
89295321,25.1543,25.7882,432,47709,0.39081,0.23,1,1123250,1122818,432
89298241,33.0309,32.3576,433,47753,0.406162,0.23,1,1123285,1122852,433
89301161,22.6062,22.4715,433,47797,0.409232,0.23,1,1123305,1122872,433
89304081,32.5212,32.4943,433,47841,0.457846,0.23,1,1123340,1122907,433
89307001,43.3042,43.2989,433,47885,0.467569,0.25,1,1123386,1122953,433
89309921,35.0608,34.2598,434,47929,0.485514,0.25,1,1123419,1122985,434
89312841,8.61217,8.45195,434,47973,0.489103,0.27,1,1123421,1122987,434
89315761,25.7224,24.8904,435,48017,0.505821,0.25,1,1123451,1123016,435
89318681,26.7445,26.5781,435,48061,0.509164,0.25,1,1123478,1123043,435
89321601,6.9489,6.91562,435,48105,0.509833,0.25,1,1123480,1123045,435
89324521,35.7898,35.7831,435,48149,0.493967,0.29,1,1123523,1123088,435
89327441,23.958,23.1566,436,48193,0.522793,0.35,1,1123544,1123108,436
89330361,26.3916,25.4313,437,48237,0.544559,0.33,1,1123571,1123134,437
89333281,31.6783,32.2863,436,48281,0.596912,0.33,1,1123604,1123168,436
89336201,36.7357,36.8573,436,48325,0.575382,0.31,1,1123642,1123206,436
89339121,24.1471,21.7715,439,48369,0.635076,0.41,1,1123663,1123224,439
89342041,26.4294,25.1543,440,48413,0.663015,0.41,1,1123690,1123250,440
89344961,34.8859,33.0309,442,48457,0.668603,0.41,1,1123727,1123285,442
89347881,22.9772,22.6062,442,48500,0.669721,0.47,1,1123747,1123305,442
89350801,33.3954,32.5212,443,48543,0.701944,0.47,1,1123783,1123340,443
89353721,43.4791,43.3042,443,48586,0.708389,0.49,1,1123829,1123386,443
89356641,36.6958,35.0608,445,48629,0.741678,0.49,1,1123864,1123419,445
89359561,8.93916,8.61217,445,48672,0.748336,0.51,1,1123866,1123421,445
89362481,25.7878,25.7224,445,48715,0.749667,0.51,1,1123896,1123451,445
89365401,26.7576,26.7445,445,48758,0.733933,0.51,1,1123923,1123478,445
89368321,6.95151,6.9489,445,48801,0.730787,0.49,1,1123925,1123480,445
89371241,36.5903,35.7898,446,48844,0.762157,0.49,2,1123969,1123523,446
89374161,24.9181,7.15796,468,48887,0.736431,0.53,1,1123991,1123523,468
89377081,25.7836,18.2316,473,48930,0.763286,0.55,2,1124017,1123544,473
89380001,33.9567,25.2463,482,48973,0.816657,0.61,2,1124053,1123571,482
89382921,37.9913,31.4493,488,49016,0.811332,0.57,2,1124092,1123604,488
89385841,25.1983,36.6899,472,49059,0.858266,0.65,2,1124114,1123642,472
89388761,28.2397,24.138,480,49102,0.883653,0.67,2,1124143,1123663,480
89391681,36.0479,26.4276,491,49145,0.936731,0.67,2,1124181,1123690,491
89409201,30,2,488,49403,0.95,0.75,2,1124354,1123866,488
89412121,26.8,24.4,484,49446,0.95,0.73,2,1124380,1123896,484
89415041,6.96,26.48,459,49489,0.95,0.73,2,1124382,1123923,459
89636961,27,26,527,52623,0.71,1,1,1126573,1126046,527
89639881,25.4,32.4,518,52663,0.742,1,1,1126598,1126080,518
89642801,32.28,33.68,518,52703,0.7164,1,1,1126632,1126114,518
89645721,33.656,29.936,523,52743,0.66328,1,1,1126666,1126143,523
89648641,36.3312,37.9872,520,52783,0.572656,1,1,1126703,1126183,520
89651561,34.4662,34.7974,520,52823,0.522531,1,1,1126737,1126217,520
89654481,30.0932,26.9595,524,52863,0.464506,1,1,1126766,1126242,524
89657401,29.2187,19.7919,535,52903,0.388901,1,1,1126795,1126260,535
89660321,25.8437,33.5584,523,52943,0.26178,1,1,1126820,1126297,523
89663241,24.3687,29.9117,518,52983,0.188356,1,1,1126844,1126326,518
89666161,22.4737,22.7823,519,53023,0.173671,1,1,1126866,1126347,519
89669081,22.0947,18.1565,524,53063,0.154734,1,1,1126888,1126364,524
89672001,23.619,34.0313,510,53103,0.118947,0.92,1,1126912,1126402,510
89674921,20.7238,31.6063,499,53143,0.0957894,0.96,1,1126932,1126433,499
89677841,21.7448,23.9213,499,53183,0.139158,1,1,1126954,1126455,499
89680761,29.149,23.1842,507,53223,0.0998316,0.93,1,1126985,1126478,507
89683681,8.22979,32.6368,475,53263,0.0759663,0.82,1,1126988,1126513,475
89686601,20.846,32.9274,466,53303,0.0871933,0.71,1,1127012,1126546,466
89689521,23.3692,28.1855,463,53342,0.0894387,0.75,1,1127036,1126573,463
89692441,19.0738,25.6371,456,53381,0.0578877,0.71,1,1127054,1126598,456
89695361,29.4148,32.3274,454,53420,0.0515775,0.65,1,1127086,1126632,454
89698281,29.883,33.6655,450,53459,0.0183155,0.55,1,1127116,1126666,450
89701201,29.9766,36.3331,443,53498,0.0596631,0.51,1,1127146,1126703,443
89704121,32.3953,34.4666,442,53537,0.0519326,0.45,1,1127179,1126737,442
89707041,27.2791,30.0933,439,53576,0.130387,0.37,1,1127205,1126766,439
89709961,24.6558,29.2187,434,53615,0.114077,0.23,1,1127229,1126795,434
89712881,21.7312,25.8437,430,53654,0.0948155,0.17,1,1127250,1126820,430
89715801,22.7462,24.3687,429,53693,0.138963,0.17,1,1127273,1126844,429
89718721,19.7492,22.4737,426,53732,0.163793,0.15,1,1127292,1126866,426
89721641,21.5498,22.0948,426,53771,0.136759,0.11,1,1127314,1126888,426
89724561,23.51,23.619,426,53810,0.211352,0.09,1,1127338,1126912,426
89727481,21.502,20.7238,427,53849,0.21027,0.15,1,1127359,1126932,427
89730401,21.9004,21.7448,427,53888,0.242054,0.09,1,1127381,1126954,427
89733321,26.7801,29.149,424,53927,0.184411,0.07,1,1127409,1126985,424
89736241,8.55602,8.22979,425,53966,0.204882,0.09,1,1127413,1126988,425
89739161,18.5112,20.846,422,54005,0.224976,0.09,1,1127434,1127012,422
89742081,24.5022,23.3692,424,54044,0.244995,0.05,1,1127460,1127036,424
89745001,17.7004,19.0738,422,54083,0.216999,0.05,1,1127476,1127054,422
89747921,29.1401,29.4148,422,54122,0.2594,0.01,1,1127508,1127086,422
89750841,29.828,29.883,422,54161,0.20388,0.07,1,1127538,1127116,422
89753761,30.7656,29.9766,423,54200,0.224776,0.05,1,1127569,1127146,423
89756681,32.5531,32.3953,423,54239,0.212955,0.15,1,1127602,1127179,423
89759601,30.5106,27.2791,427,54278,0.226591,0.11,1,1127632,1127205,427
89762521,23.7021,24.6558,425,54317,0.325318,0.09,1,1127654,1127229,425
89765441,22.3404,21.7312,426,54356,0.329064,0.15,1,1127676,1127250,426
89768361,22.0681,22.7462,425,54395,0.361813,0.17,1,1127698,1127273,425
89771281,20.4136,19.7492,426,54434,0.336363,0.13,1,1127718,1127292,426
89774201,24.8827,21.5498,430,54473,0.347272,0.23,1,1127744,1127314,430
89777121,24.9765,23.51,431,54512,0.333454,0.21,1,1127769,1127338,431
89780041,22.5953,21.502,432,54551,0.362691,0.25,1,1127791,1127359,432
89782961,22.1191,21.9004,432,54590,0.336538,0.17,1,1127813,1127381,432
89785881,25.2238,26.7801,430,54629,0.347308,0.21,1,1127839,1127409,430
89788801,8.24476,8.55602,430,54668,0.349462,0.23,1,1127843,1127413,430
89791721,19.249,18.5112,431,54706,0.365892,0.23,1,1127865,1127434,431
89794641,24.6498,3.70224,457,54744,0.369178,0.25,1,1127891,1127434,457
89797561,17.73,21.5404,447,54782,0.369836,0.21,1,1127907,1127460,447
89800481,29.946,17.1081,464,54820,0.401967,0.27,1,1127940,1127476,464
89803401,26.7892,29.0216,458,54858,0.408393,0.19,1,1127966,1127508,458
89806321,30.1578,29.8043,459,54896,0.425679,0.23,1,1127997,1127538,459
89809241,33.2316,30.7609,462,54934,0.429136,0.21,1,1128031,1127569,462
89812161,33.8463,32.5522,463,54972,0.493827,0.23,1,1128065,1127602,463
89815081,27.5693,30.5104,459,55010,0.506765,0.35,1,1128091,1127632,459
89818001,23.1139,23.7021,459,55048,0.557353,0.33,1,1128113,1127654,459
89820921,22.2228,22.3404,459,55086,0.567471,0.37,1,1128135,1127676,459
89823841,20.4446,22.0681,457,55124,0.569494,0.33,1,1128155,1127698,457
89826761,24.0889,20.4136,462,55162,0.553899,0.35,1,1128180,1127718,462
89829681,25.6178,24.8827,462,55200,0.56678,0.33,1,1128206,1127744,462
89832601,22.7236,24.9765,459,55238,0.569356,0.37,1,1128228,1127769,459
89835521,22.9447,22.5953,460,55276,0.569871,0.33,1,1128251,1127791,460
89838441,25.3889,22.1191,464,55314,0.569974,0.35,1,1128277,1127813,464
89841361,8.27779,25.2238,442,55352,0.585995,0.35,1,1128281,1127839,442
89844281,20.0556,8.24476,461,55390,0.621199,0.37,1,1128304,1127843,461
89847201,24.8111,19.249,465,55428,0.62824,0.37,1,1128330,1127865,465
89850121,18.5622,24.6498,456,55466,0.613648,0.37,1,1128347,1127891,456
89853041,30.9124,17.73,474,55504,0.64273,0.41,1,1128381,1127907,474
89855961,26.9825,29.946,467,55542,0.664546,0.41,1,1128407,1127940,467
89858881,30.9965,26.7892,473,55580,0.684909,0.43,1,1128439,1127966,473
89861801,34.1993,30.1578,477,55618,0.704982,0.43,1,1128474,1127997,477
89864721,37.2399,33.2316,481,55656,0.644996,0.51,1,1128512,1128031,481
89867641,29.048,33.8463,474,55694,0.680999,0.51,1,1128539,1128065,474
89870561,24.2096,27.5693,471,55732,0.6882,0.57,1,1128562,1128091,471
89873481,22.4419,23.1139,471,55770,0.68964,0.57,1,1128584,1128113,471
89876401,20.4884,22.2228,469,55808,0.705928,0.57,1,1128604,1128135,469
89879321,23.2977,20.4446,473,55846,0.709186,0.55,1,1128628,1128155,473
89882241,26.2595,24.0889,475,55884,0.709837,0.57,1,1128655,1128180,475
89885161,22.8519,25.6178,471,55922,0.709967,0.57,1,1128677,1128206,471
89888081,22.9704,22.7236,472,55960,0.725994,0.57,1,1128700,1128228,472
89891001,26.9941,22.9447,477,55998,0.729199,0.57,1,1128728,1128251,477
89893921,8.59881,25.3889,455,56036,0.72984,0.59,1,1128732,1128277,455
89896841,20.9198,8.27779,475,56074,0.745968,0.63,1,1128756,1128281,475
89899761,24.984,20.0556,478,56112,0.765194,0.63,2,1128782,1128304,478
89902681,17.7968,24.8111,468,56149,0.769039,0.61,2,1128798,1128330,468
89905601,5.15936,18.5622,453,56186,0.769808,0.65,2,1128800,1128347,453
89908521,29.8319,30.9124,455,56223,0.769962,0.67,2,1128836,1128381,455
89911441,26.7664,26.9825,455,56260,0.785992,0.69,2,1128862,1128407,455
89914361,31.7533,30.9965,456,56297,0.773198,0.71,2,1128895,1128439,456
89917281,33.5507,34.1993,455,56334,0.77064,0.63,2,1128929,1128474,455
89920201,37.1101,37.2399,455,56371,0.738128,0.69,1,1128967,1128512,455
89923121,30.622,29.048,457,56408,0.779626,0.69,2,1128996,1128539,457
89926041,23.7244,24.2096,456,56445,0.787925,0.69,2,1129018,1128562,456
89928961,22.3449,22.4419,456,56482,0.821585,0.71,2,1129040,1128584,456
89931881,21.269,20.4884,457,56519,0.780317,0.71,2,1129061,1128604,457
89934801,23.4538,23.2977,457,56556,0.804063,0.71,2,1129085,1128628,457
89937721,26.2908,26.2595,457,56593,0.840813,0.71,2,1129112,1128655,457
89940641,22.8582,22.8519,457,56630,0.848163,0.73,2,1129134,1128677,457
89943561,23.7716,22.9704,458,56667,0.849633,0.73,2,1129158,1128700,458
89946481,27.1543,26.9941,458,56704,0.865926,0.73,2,1129186,1128728,458
89949401,8.63086,8.59881,458,56741,0.869185,0.75,2,1129190,1128732,458
89952321,21.7262,20.9198,459,56778,0.885837,0.77,2,1129215,1128756,459
89955241,25.9452,24.984,460,56815,0.889167,0.77,2,1129242,1128782,460
89958161,17.989,17.7968,460,56852,0.905833,0.77,2,1129258,1128798,460
89961081,5.19781,5.15936,460,56889,0.877167,0.77,2,1129260,1128800,460
89964001,28.2396,29.8319,458,56926,0.903433,0.79,2,1129294,1128836,458
90196141,53,48,476,27740,0.21,1,1,1131788,1131312,476
90200521,51.4,55.2,470,27740,0.226,0.89,1,1131839,1131369,470
90235561,35.08,35.84,470,27740,0.1812,0.89,1,1131870,1131400,470
90238481,51.816,19.168,511,27816,0.14024,0.79,1,1131926,1131415,511
90241401,56.7632,69.4336,487,27892,0.100048,0.49,1,1131984,1131497,487
90244321,42.5526,61.8867,466,27968,0.0760096,0.43,1,1132023,1131557,466
90247241,33.3105,40.3773,462,28044,0.0712019,0.47,1,1132054,1131592,462
90250161,27.4621,31.2755,459,28120,0.10224,0.47,1,1132080,1131621,459
90253081,26.2924,29.4551,456,28195,0.108448,0.41,1,1132106,1131650,456
90256001,32.4585,29.091,461,28270,0.12569,0.29,1,1132140,1131679,461
90258921,70.4917,50.6182,485,28345,0.129138,0.23,1,1132220,1131735,485
90261841,54.0983,69.3236,461,28420,0.0978276,0.17,1,1132270,1131809,461
90264761,78.0197,62.6647,484,28495,0.139566,0.13,1,1132354,1131870,484
90267681,59.6039,57.3329,483,28569,0.163913,0.09,1,1132409,1131926,483
90270601,42.3208,57.8666,463,28643,0.168783,0.07,1,1132447,1131984,463
90273521,34.0642,42.7733,456,28717,0.169757,0.07,1,1132479,1132023,456
90276441,28.4128,33.3547,452,28791,0.153951,0.11,1,1132506,1132054,452
90279361,27.2826,27.4709,453,28865,0.19879,0.11,1,1132533,1132080,453
90282281,32.6565,26.2942,461,28938,0.191758,0.13,1,1132567,1132106,461
90285201,70.5313,32.4588,507,29011,0.238352,0.13,1,1132647,1132140,507
90288121,54.1063,70.4918,477,29084,0.24767,0.09,1,1132697,1132220,477
90291041,78.0213,54.0984,511,29157,0.297534,0.15,1,1132781,1132270,511
90293961,61.2043,78.0197,484,29230,0.275507,0.17,1,1132838,1132354,484
90296881,42.6408,59.6039,467,29302,0.287101,0.17,1,1132876,1132409,467
90299801,32.5282,42.3208,459,29374,0.30542,0.17,1,1132906,1132447,459
90302721,29.7056,34.0642,456,29446,0.325084,0.15,1,1132935,1132479,456
90305641,27.5411,28.4128,456,29518,0.313017,0.21,1,1132962,1132506,456
90308561,33.5082,27.2826,464,29590,0.294603,0.19,1,1132997,1132533,464
90311481,73.1016,32.6565,513,29662,0.322921,0.25,1,1133080,1132567,513
90314401,54.6203,70.5313,483,29733,0.344584,0.25,1,1133130,1132647,483
90317321,78.9241,54.1063,518,29804,0.412917,0.31,1,1133215,1132697,518
90320241,17.3848,78.0213,436,29875,0.426583,0.27,1,1133217,1132781,436
90323161,49.077,61.2043,436,29946,0.461317,0.29,1,1133274,1132838,436
90326081,40.2154,42.6408,436,30017,0.500263,0.31,1,1133312,1132876,436
90329001,32.8431,32.5282,437,30088,0.524053,0.33,1,1133343,1132906,437
90331921,29.7686,29.7056,437,30158,0.544811,0.31,1,1133372,1132935,437
90334841,27.5537,27.5411,437,30228,0.532962,0.29,1,1133399,1132962,437
90337761,32.7107,33.5082,436,30298,0.530592,0.33,1,1133433,1132997,436
90340681,74.5421,73.1016,438,30368,0.594118,0.35,1,1133518,1133080,438
90343601,56.5084,54.6203,440,30438,0.670824,0.43,1,1133570,1133130,440
90346521,81.7017,78.9241,443,30508,0.686165,0.43,1,1133658,1133215,443
90349441,17.9403,17.3848,443,30577,0.689233,0.47,1,1133660,1133217,443
90352361,50.7881,49.077,445,30646,0.705847,0.51,1,1133719,1133274,445
90355281,42.1576,40.2154,447,30715,0.789169,0.53,2,1133759,1133312,447
90358201,34.0315,32.8431,448,30784,0.789834,0.55,2,1133791,1133343,448
90361121,30.8063,29.7686,449,30853,0.789967,0.53,2,1133821,1133372,449
90364041,26.9613,27.5537,448,30922,0.805993,0.53,2,1133847,1133399,448
90366961,33.3923,32.7107,449,30990,0.841199,0.61,2,1133882,1133433,449
90369881,77.0785,74.5421,452,31058,0.91224,0.69,2,1133970,1133518,452
90559681,168,129,480,15469,0.01,0.01,1,1136985,1136505,480
90562601,87.2,101.8,452,15606,0.058,0.03,1,1137052,1136600,452
90565521,69.44,77.96,445,15742,0.0676,0.05,1,1137117,1136672,445
90568441,55.488,73.992,424,15877,0.06952,0.01,1,1137169,1136745,424
90571361,68.6976,63.5984,435,16011,0.069904,0.01,1,1137241,1136806,435
90574281,146.54,155.92,422,16144,0.0219808,0.07,1,1137407,1136985,422
90577201,82.9079,84.7839,422,16276,0.0603962,0.07,1,1137474,1137052,422
90580121,68.5816,68.9568,422,16406,0.0520792,0.07,1,1137539,1137117,422
90583041,57.7163,55.3914,425,16535,0.0184158,0.07,1,1137594,1137169,425
90585961,69.1433,68.6783,425,16663,0.0276832,0.07,1,1137666,1137241,425
90588881,143.429,13.7357,587,16790,0.0295366,0.01,1,1137828,1137241,587
90591801,82.2857,135.547,488,16916,0.0299073,0.07,1,1137895,1137407,488
90594721,68.4571,80.7094,486,17042,0.0619815,0.05,1,1137960,1137474,486
90597641,58.4914,68.1419,477,17167,0.0363963,0.01,1,1138016,1137539,477
90600561,70.0983,57.6284,495,17291,0.0312793,0.03,1,1138089,1137594,495
90603481,142.02,69.1257,583,17414,0.0302559,0.03,1,1138249,1137666,583
90606401,82.8039,143.425,489,17536,0.0460512,0.03,1,1138317,1137828,489
90609321,70.9608,82.285,490,17657,0.0812102,0.07,1,1138385,1137895,490
90612241,56.5922,68.457,478,17777,0.088242,0.03,1,1138438,1137960,478
90615161,70.5184,58.4914,496,17896,0.137648,0.03,1,1138512,1138016,496
90618081,141.304,70.0983,582,18015,0.16353,0.03,1,1138671,1138089,582
90621001,29.8607,142.02,424,18133,0.168706,0.05,1,1138673,1138249,424
90623921,60.3721,82.8039,424,18250,0.105741,0.09,1,1138741,1138317,424
90626841,66.4744,70.9608,424,18366,0.0611482,0.09,1,1138809,1138385,424
90629761,57.2949,56.5922,426,18482,0.0682296,0.15,1,1138864,1138438,426
90632681,73.059,70.5184,429,18597,0.165646,0.17,1,1138941,1138512,429
90635601,142.612,141.304,430,18711,0.249129,0.17,1,1139101,1138671,430
90638521,30.1224,29.8607,430,18824,0.233826,0.09,1,1139103,1138673,430
90641441,55.6245,60.3721,424,18937,0.230765,0.05,1,1139165,1138741,424
90644361,65.5249,66.4744,424,19049,0.278153,0.07,1,1139233,1138809,424
90647281,56.305,57.2949,423,19160,0.319631,0.19,1,1139287,1138864,423
90650201,77.661,73.059,429,19271,0.375926,0.27,1,1139370,1138941,429
90653121,146.732,142.612,433,19381,0.387185,0.23,1,1139534,1139101,433
90656041,30.9464,30.1224,433,19490,0.421437,0.23,1,1139536,1139103,433
90658961,55.7893,55.6245,433,19599,0.428287,0.23,1,1139598,1139165,433
90661881,67.9579,11.1249,504,19707,0.445657,0.29,1,1139669,1139165,504
90664801,57.5916,56.625,491,19815,0.465132,0.33,1,1139724,1139233,491
90667721,78.7183,54.525,521,19922,0.485026,0.39,1,1139808,1139287,521
90670641,149.344,77.305,605,20028,0.537005,0.39,1,1139975,1139370,605
90673561,31.4687,146.661,443,20134,0.579401,0.43,1,1139977,1139534,443
90676481,56.6937,30.9322,504,20239,0.61988,0.43,1,1140040,1139536,504
90679401,68.9388,55.7864,514,20344,0.659976,0.45,1,1140112,1139598,514
90682321,58.5877,67.9573,499,20448,0.699995,0.47,1,1140168,1139669,499
90685241,79.7175,57.5915,529,20552,0.723999,0.49,1,1140253,1139724,529
90688161,153.544,78.7183,617,20655,0.7768,0.55,2,1140425,1139808,617
90691081,32.3087,149.344,452,20758,0.78736,0.59,2,1140427,1139975,452
90694001,58.4617,31.4687,515,20860,0.853472,0.63,2,1140492,1139977,515
90696921,71.6923,56.6937,527,20962,0.882694,0.67,2,1140567,1140040,527
90699841,15.9385,68.9388,457,21063,0.888539,0.71,2,1140569,1140112,457
90702761,48.7877,58.5877,458,21164,0.873708,0.73,2,1140626,1140168,458
90705681,78.5575,79.7175,459,21264,0.870741,0.79,2,1140712,1140253,459
90915921,32,28,498,27528,0.43,1,1,1145211,1144713,498
90918841,40,52.8,481,27605,0.318,1,1,1145253,1144772,481
90921761,42.4,39.36,488,27682,0.2956,1,1,1145296,1144808,488
90924681,24.48,29.472,481,27759,0.27512,1,1,1145316,1144835,481
90927601,28.896,29.0944,482,27835,0.191024,1,1,1145346,1144864,482
90930521,30.5792,35.4189,476,27911,0.158205,0.97,1,1145377,1144901,476
90933441,56.5158,62.2838,470,27987,0.167641,0.71,1,1145440,1144970,470
90936361,123.303,135.657,456,28063,0.0735282,0.49,1,1145580,1145124,456
90939281,57.4606,71.1314,442,28138,0.0227056,0.43,1,1145621,1145179,442
90942201,36.2921,39.8263,441,28213,0.0285411,0.29,1,1145652,1145211,441
90945121,37.6584,41.5653,437,28288,0.0297082,0.29,1,1145690,1145253,437
90948041,37.9317,42.7131,432,28363,0.0779416,0.29,1,1145728,1145296,432
90950961,24.3863,8.54261,453,28438,0.0715883,0.27,1,1145749,1145296,453
90953881,26.4773,17.7085,460,28512,0.0703177,0.17,1,1145776,1145316,460
90956801,33.2955,27.5417,465,28586,0.118064,0.15,1,1145811,1145346,465
90959721,50.6591,30.3083,489,28660,0.143613,0.17,1,1145866,1145377,489
90962641,118.132,56.4617,561,28734,0.164723,0.05,1,1146001,1145440,561
90965561,56.4264,123.292,462,28808,0.168945,0.01,1,1146042,1145580,462
90968481,36.8853,57.4585,453,28881,0.185789,0.03,1,1146074,1145621,453
90971401,36.9771,36.2917,459,28954,0.173158,0.03,1,1146111,1145652,459
90974321,39.3954,37.6583,461,29027,0.186632,0.09,1,1146151,1145690,461
90977241,27.8791,37.9317,448,29100,0.173326,0.07,1,1146176,1145728,448
90980161,26.3758,24.3863,453,29173,0.186665,0.07,1,1146202,1145749,453
90983081,32.4752,26.4773,460,29246,0.221333,0.13,1,1146236,1145776,460
90986001,52.895,33.2955,483,29318,0.276267,0.15,1,1146294,1145811,483
90988921,119.379,50.6591,564,29390,0.351253,0.17,1,1146430,1145866,564
90991841,56.6758,118.132,470,29462,0.382251,0.17,1,1146471,1146001,470
90994761,37.7352,56.4264,462,29534,0.37245,0.19,1,1146504,1146042,462
90997681,36.347,36.8853,466,29606,0.37049,0.17,1,1146540,1146074,466
91000601,40.0694,36.9771,470,29677,0.354098,0.19,1,1146581,1146111,470
91003521,27.2139,39.3954,454,29748,0.36682,0.17,1,1146605,1146151,454
91006441,27.8428,27.8791,457,29819,0.385364,0.19,1,1146633,1146176,457
91009361,7.16855,26.3758,433,29890,0.389073,0.23,1,1146635,1146202,433
91012281,28.6337,32.4752,433,29961,0.405815,0.29,1,1146669,1146236,433
91015201,54.5267,52.895,436,30032,0.409163,0.37,1,1146730,1146294,436
91018121,122.905,119.379,440,30102,0.473833,0.39,1,1146870,1146430,440
91021041,58.1811,56.6758,441,30172,0.518767,0.37,1,1146912,1146471,441
91023961,37.2362,37.7352,440,30242,0.559753,0.37,1,1146944,1146504,440
91026881,36.2472,36.347,440,30312,0.567951,0.35,1,1146980,1146540,440
91029801,40.0494,40.0694,440,30382,0.55359,0.37,1,1147021,1146581,440
91032721,27.2099,27.2139,440,30452,0.566718,0.39,1,1147045,1146605,440
91035641,28.642,27.8428,441,30521,0.585344,0.39,1,1147074,1146633,441
91038561,7.3284,7.16855,441,30590,0.557069,0.41,1,1147076,1146635,441
91041481,29.4657,28.6337,442,30659,0.615414,0.41,1,1147111,1146669,442
91044401,54.6931,54.5267,442,30728,0.659083,0.49,1,1147172,1146730,442
91047321,124.539,122.905,444,30797,0.683817,0.53,1,1147314,1146870,444
91050241,60.1077,58.1811,446,30866,0.656763,0.57,1,1147358,1146912,446
91053161,39.2215,37.2362,448,30935,0.651353,0.57,1,1147392,1146944,448
91056081,36.6443,36.2472,448,31003,0.66627,0.55,1,1147428,1146980,448
91059001,39.3289,40.0494,447,31071,0.669254,0.57,1,1147468,1147021,447
91061921,27.8658,27.2099,448,31139,0.701851,0.59,1,1147493,1147045,448
91064841,29.5732,28.642,449,31207,0.70837,0.55,1,1147523,1147074,449
91067761,7.51463,7.3284,449,31275,0.709674,0.63,1,1147525,1147076,449
91070681,31.9029,29.4657,452,31343,0.757935,0.63,2,1147563,1147111,452
91073601,55.1806,5.89314,513,31411,0.767587,0.67,2,1147624,1147111,513
91076521,127.036,49.9786,597,31478,0.801517,0.69,2,1147769,1147172,597
91079441,59.0072,123.596,497,31545,0.824304,0.65,2,1147811,1147314,497
91082361,39.8014,59.9191,488,31612,0.812861,0.65,2,1147846,1147358,488
91085281,36.7603,39.1838,490,31679,0.842572,0.67,2,1147882,1147392,490
91088201,39.3521,36.6368,494,31746,0.896514,0.67,2,1147922,1147428,494
91091121,29.4704,39.3274,481,31813,0.923303,0.71,2,1147949,1147468,481
91207921,35,45,508,34372,0.72,1,1,1149747,1149239,508
91210841,43,37.8,517,34434,0.632,1,1,1149792,1149275,517
91213761,32.6,42.76,503,34495,0.6304,1,1,1149822,1149319,503
91216681,35.32,34.952,506,34556,0.58208,1,1,1149858,1149352,506
91219601,39.864,34.1904,513,34617,0.476416,1,1,1149899,1149386,513
91222521,26.3728,32.4381,504,34678,0.343283,1,1,1149922,1149418,504
91225441,33.2746,32.0876,507,34739,0.316657,1,1,1149957,1149450,507
91228361,38.6549,31.2175,516,34800,0.375331,1,1,1149997,1149481,516
91231281,34.931,34.2435,515,34861,0.323066,1,1,1150031,1149516,515
91234201,100.586,38.8487,592,34922,0.312613,0.9,1,1150148,1149556,592
91237121,39.3172,107.77,491,34983,0.326523,0.79,1,1150172,1149681,491
91240041,36.6634,46.3539,496,35043,0.297305,0.72,1,1150208,1149712,496
91242961,36.1327,37.2708,497,35103,0.371461,0.61,1,1150244,1149747,497
91245881,31.2265,43.4542,482,35163,0.354292,0.63,1,1150274,1149792,482
91248801,32.6453,32.6908,485,35223,0.382858,0.57,1,1150307,1149822,485
91251721,32.1291,35.3382,481,35283,0.388572,0.45,1,1150339,1149858,481
91254641,23.2258,39.8676,461,35343,0.405714,0.31,1,1150360,1149899,461
91257561,33.4452,26.3735,474,35403,0.457143,0.31,1,1150396,1149922,474
91260481,37.889,33.2747,478,35463,0.419429,0.39,1,1150435,1149957,478
91263401,33.1778,38.6549,470,35523,0.427886,0.31,1,1150467,1149997,470
91266321,100.236,34.931,553,35583,0.477577,0.31,1,1150584,1150031,553
91269241,38.4471,100.586,459,35642,0.471515,0.33,1,1150607,1150148,459
91272161,9.28942,39.3172,437,35701,0.470303,0.29,1,1150609,1150172,437
91275081,29.8579,36.6634,436,35760,0.502061,0.39,1,1150644,1150208,436
91278001,37.1716,36.1327,439,35819,0.492412,0.35,1,1150683,1150244,439
91280921,31.4343,31.2265,439,35878,0.506482,0.39,1,1150713,1150274,439
91283841,34.2869,32.6453,441,35937,0.573296,0.39,1,1150748,1150307,441
91286761,32.4574,32.1291,441,35996,0.554659,0.41,1,1150780,1150339,441
91289681,24.0915,23.2258,442,36055,0.598932,0.47,1,1150802,1150360,442
91292601,34.4183,33.4452,443,36114,0.575786,0.41,1,1150839,1150396,443
91295521,38.0837,37.889,443,36173,0.603157,0.43,1,1150878,1150435,443
91298441,33.2167,33.1778,443,36231,0.592631,0.49,1,1150910,1150467,443
91301361,102.643,100.236,446,36289,0.654526,0.47,1,1151030,1150584,446
91304281,38.1287,38.4471,445,36347,0.698905,0.47,1,1151052,1150607,445
91307201,9.22573,9.28942,445,36405,0.675781,0.51,1,1151054,1150609,445
91310121,31.4451,29.8579,447,36463,0.735156,0.49,1,1151091,1150644,447
91313041,36.689,37.1716,446,36521,0.731031,0.51,1,1151129,1150683,446
91315961,32.9378,31.4343,448,36579,0.746206,0.59,1,1151161,1150713,448
91318881,35.3876,34.2869,449,36637,0.781241,0.55,2,1151197,1150748,449
91321801,32.6775,32.4574,449,36695,0.788248,0.61,2,1151229,1150780,449
91324721,24.9355,24.0915,450,36753,0.77365,0.57,2,1151252,1150802,450
91327641,34.5871,34.4183,450,36810,0.73873,0.61,1,1151289,1150839,450
91330561,38.1174,38.0837,450,36867,0.779746,0.59,2,1151328,1150878,450
91333481,34.0235,33.2167,451,36924,0.771949,0.67,2,1151361,1150910,451
91336401,106.005,102.643,455,36981,0.78639,0.71,2,1151485,1151030,455
91339321,38.8009,38.1287,455,37038,0.837278,0.67,2,1151507,1151052,455
91342241,9.36019,9.22573,455,37095,0.815456,0.75,2,1151509,1151054,455
91345161,33.072,31.4451,457,37152,0.859091,0.75,2,1151548,1151091,457
91348081,37.0144,6.28903,495,37209,0.851818,0.73,2,1151586,1151091,495
91351001,33.8029,31.6578,490,37266,0.834364,0.75,2,1151619,1151129,490
91353921,35.5606,31.9316,494,37323,0.846873,0.79,2,1151655,1151161,494
91356841,32.7121,35.1863,490,37380,0.849375,0.79,2,1151687,1151197,490
91359761,24.1424,32.6373,480,37437,0.865875,0.77,2,1151709,1151229,480
91362681,35.2285,24.9275,495,37493,0.869175,0.73,2,1151747,1151252,495
91365601,38.2457,34.5855,497,37549,0.901835,0.79,2,1151786,1151289,497
91368521,34.8491,38.1171,492,37605,0.924367,0.77,2,1151820,1151328,492
91507221,26,26,538,40214,0.85,1,2,1153659,1153121,538
91549561,392.4,454.8,460,17520,0.29,0.63,1,1154143,1153683,460
91552481,219.28,142.16,572,18366,0.21,0.25,1,1154319,1153747,572
91555401,102.256,178.032,458,18482,0.178,0.25,1,1154392,1153934,458
91558321,66.8512,83.6064,456,18597,0.1876,0.21,1,1154450,1153994,456
91561241,55.7702,59.9213,455,18711,0.18952,0.15,1,1154503,1154048,455
91564161,45.554,67.1843,429,18824,0.237904,0.15,1,1154546,1154117,429
91567081,30.7108,24.6369,442,18937,0.231581,0.19,1,1154573,1154131,442
91570001,149.342,155.327,433,19049,0.278316,0.17,1,1154752,1154319,433
91572921,85.0684,89.4655,429,19160,0.335663,0.19,1,1154821,1154392,429
91575841,66.6137,64.2931,433,19271,0.395133,0.19,1,1154883,1154450,433
91578761,55.7227,55.2586,433,19381,0.407027,0.25,1,1154936,1154503,433
91581681,44.7445,45.4517,432,19490,0.425405,0.23,1,1154978,1154546,432
91584601,31.3489,30.6903,433,19599,0.413081,0.23,1,1155006,1154573,433
91587521,151.07,6.13807,614,19707,0.442616,0.29,1,1155187,1154573,614
91590441,87.014,144.428,506,19815,0.480523,0.35,1,1155258,1154752,506
91593361,68.6028,84.0855,501,19922,0.520105,0.41,1,1155322,1154821,501
91596281,56.1206,66.4171,492,20028,0.528021,0.41,1,1155375,1154883,492
91599201,46.4241,55.6834,483,20134,0.561604,0.43,1,1155419,1154936,483
91602121,31.6848,44.7367,469,20239,0.600321,0.41,1,1155447,1154978,469
91605041,152.737,31.3473,624,20344,0.656064,0.45,1,1155630,1155006,624
91607961,88.9474,151.069,516,20448,0.715213,0.49,1,1155703,1155187,516
91610881,70.5895,87.0139,511,20552,0.759043,0.53,2,1155769,1155258,511
91613801,57.3179,68.6028,501,20655,0.799809,0.53,2,1155823,1155322,501
91616721,49.0636,56.1206,495,20758,0.839962,0.57,2,1155870,1155375,495
91619641,32.2127,46.4241,479,20860,0.863992,0.61,2,1155898,1155419,479
91721841,21,34,483,24163,0.81,1,2,1158219,1157736,483
91724761,42.6,41.2,488,24251,0.698,1,1,1158267,1157779,488
91727681,158.92,163.44,482,24338,0.5156,1,1,1158455,1157973,482
91730601,57.384,59.088,481,24425,0.47912,1,1,1158487,1158006,481
91733521,40.2768,43.8176,477,24512,0.423824,1,1,1158523,1158046,477
91736441,57.6554,67.9635,465,24598,0.396765,0.85,1,1158585,1158120,465
91739361,47.5311,51.1927,463,24684,0.391353,0.75,1,1158630,1158167,463
91742281,30.3062,35.0385,458,24770,0.390271,0.81,1,1158656,1158198,458
91745201,24.4612,23.8077,460,24856,0.422054,0.67,1,1158679,1158219,460
91748121,36.8922,43.1615,452,24941,0.428411,0.47,1,1158719,1158267,452
91751041,148.178,159.032,440,25026,0.477682,0.47,1,1158895,1158455,440
91753961,57.6357,57.4065,443,25111,0.519536,0.41,1,1158930,1158487,443
91756881,37.1271,40.2813,439,25195,0.543907,0.39,1,1158962,1158523,439
91759801,58.6254,57.6563,441,25279,0.580781,0.39,1,1159026,1158585,441
91762721,46.1251,47.5313,439,25363,0.572156,0.39,1,1159069,1158630,439
91765641,31.625,30.3063,441,25447,0.570431,0.39,1,1159097,1158656,441
91768561,23.925,6.06125,463,25530,0.570086,0.43,1,1159119,1158656,463
91771481,38.385,19.6122,482,25613,0.618017,0.43,1,1159161,1158679,482
91774401,149.277,35.9224,619,25696,0.691603,0.49,1,1159338,1158719,619
91777321,59.4554,147.984,480,25778,0.754321,0.53,2,1159375,1158895,480
91780241,38.2911,57.5969,478,25860,0.798864,0.55,2,1159408,1158930,478
91783161,60.4582,37.1194,512,25942,0.791773,0.59,2,1159474,1158962,512
91786081,47.2916,58.6239,492,26024,0.806355,0.57,2,1159518,1159026,492
91789001,31.8583,46.1248,477,26105,0.825271,0.57,2,1159546,1159069,477
91791921,25.5717,31.625,473,26186,0.829054,0.57,2,1159570,1159097,473
91794841,39.5143,23.925,494,26267,0.845811,0.63,2,1159613,1159119,494
91975881,38,47,483,30866,0.67,1,1,1162901,1162418,483
91978801,48.4,39,497,30935,0.59,1,1,1162952,1162455,497
91981721,34.48,30.2,500,31003,0.526,1,1,1162983,1162483,500
91984641,36.496,29.24,508,31071,0.5452,1,1,1163020,1162512,508
91987561,83.2992,99.448,486,31139,0.38904,1,1,1163115,1162629,486
91990481,63.8598,69.4896,483,31207,0.213808,1,1,1163174,1162691,483
91993401,52.772,49.8979,488,31275,0.0987616,1,1,1163224,1162736,488
91996321,32.9544,38.7796,480,31343,0.155752,1,1,1163252,1162772,480
91999241,32.1909,7.75592,512,31411,0.10315,0.82,1,1163284,1162772,512
92002161,37.6382,36.7512,507,31478,0.10863,0.79,1,1163323,1162816,507
92005081,32.3276,44.9502,491,31545,0.077726,0.67,1,1163354,1162863,491
92008001,41.6655,39.39,497,31612,0.103545,0.57,1,1163398,1162901,497
92010921,29.9331,48.678,473,31679,0.092709,0.51,1,1163425,1162952,473
92013841,36.3866,34.5356,480,31746,0.138542,0.55,1,1163463,1162983,480
92016761,79.2773,36.5071,533,31813,0.131708,0.35,1,1163553,1163020,533
92019681,52.6555,83.3014,484,31880,0.130342,0.17,1,1163599,1163115,484
92022601,49.7311,63.8603,474,31946,0.0980683,0.07,1,1163648,1163174,474
92025521,31.5462,52.7721,451,32012,0.155614,0.17,1,1163675,1163224,451
92028441,33.5092,32.9544,457,32078,0.199123,0.09,1,1163709,1163252,457
92031361,38.7018,32.1909,465,32144,0.271825,0.11,1,1163749,1163284,465
92034281,32.5404,37.6382,457,32210,0.286365,0.07,1,1163780,1163323,457
92037201,41.7081,32.3276,470,32276,0.289273,0.11,1,1163824,1163354,470
92040121,30.7416,41.6655,454,32342,0.321855,0.09,1,1163852,1163398,454
92043041,35.7483,29.9331,464,32407,0.360371,0.15,1,1163889,1163425,464
92045961,81.5497,36.3866,519,32472,0.368074,0.13,1,1163982,1163463,519
92048881,51.5099,79.2773,473,32537,0.401615,0.13,1,1164026,1163553,473
92051801,49.502,52.6555,476,32602,0.424323,0.09,1,1164075,1163599,476
92054721,35.5004,49.7311,459,32667,0.444865,0.17,1,1164107,1163648,459
92057641,33.5001,31.5462,465,32732,0.416973,0.21,1,1164140,1163675,465
92060561,8.30002,33.5092,433,32797,0.411395,0.29,1,1164142,1163709,433
92063481,36.86,38.7018,437,32861,0.410279,0.29,1,1164186,1163749,437
92066401,31.372,32.5404,436,32925,0.426056,0.29,1,1164216,1163780,436
92069321,43.0744,41.7081,438,32989,0.461211,0.33,1,1164262,1163824,438
92072241,29.4149,30.7416,436,33053,0.468242,0.37,1,1164288,1163852,436
92075161,38.683,35.7483,440,33117,0.501648,0.37,1,1164329,1163889,440
92078081,83.7366,81.5497,442,33181,0.55633,0.41,1,1164424,1163982,442
92081001,51.9473,51.5099,442,33245,0.615266,0.43,1,1164468,1164026,442
92083921,50.3895,49.502,443,33309,0.627053,0.45,1,1164518,1164075,443
92086841,35.6779,35.5004,443,33372,0.645411,0.41,1,1164550,1164107,443
92089761,32.7356,33.5001,442,33435,0.617082,0.41,1,1164582,1164140,442
92092681,8.14712,8.30002,442,33498,0.611416,0.41,1,1164584,1164142,442
92095601,36.8294,36.86,442,33561,0.642283,0.43,1,1164628,1164186,442
92098521,32.1659,31.372,443,33624,0.680457,0.47,1,1164659,1164216,443
92101441,43.2332,43.0744,443,33687,0.736091,0.47,1,1164705,1164262,443
92104361,29.4466,29.4149,443,33750,0.747218,0.51,1,1164731,1164288,443
92107281,40.2893,38.683,445,33813,0.733444,0.57,1,1164774,1164329,445
92110201,88.0579,83.7366,450,33876,0.746689,0.63,1,1164874,1164424,450
92113121,53.6116,51.9473,451,33938,0.797338,0.63,2,1164919,1164468,451
92116041,51.5223,50.3895,452,34000,0.839468,0.65,2,1164970,1164518,452
92118961,35.9045,35.6779,452,34062,0.815894,0.61,2,1165002,1164550,452
92121881,32.7809,32.7356,452,34124,0.827179,0.61,2,1165034,1164582,452
92124801,8.15618,8.14712,452,34186,0.861436,0.65,2,1165036,1164584,452
92127721,40.0312,36.8294,456,34248,0.868287,0.65,2,1165084,1164628,456
92130641,32.0062,7.36588,486,34310,0.869657,0.69,2,1165114,1164628,486
92133561,44.0013,26.2732,502,34372,0.901932,0.75,2,1165161,1164659,502
92136481,29.6003,42.0546,482,34434,0.908386,0.75,2,1165187,1164705,482
92139401,39.5201,29.2109,498,34495,0.925677,0.73,2,1165229,1164731,498
92142321,90.304,40.2422,558,34556,0.945135,0.75,2,1165332,1164774,558
92145241,56.4608,88.0484,506,34617,0.933027,0.81,2,1165380,1164874,506
92148161,52.0922,53.6097,512,34678,0.930605,0.85,2,1165431,1164919,512
92151081,36.0184,51.5219,493,34739,0.930121,0.81,2,1165463,1164970,493
92154001,33.6037,35.9044,494,34800,0.914024,0.83,2,1165496,1165002,494
92156921,8.32074,32.7809,464,34861,0.910805,0.87,2,1165498,1165034,464
92159841,41.6641,8.15618,512,34922,0.926161,0.87,2,1165548,1165036,512
92318981,62,75,479,17042,0.03,0.29,1,1167901,1167422,479
92321901,75.6,93.4,460,17167,0.078,0.15,1,1167980,1167520,460
92324821,52.72,57.88,458,17291,0.0396,0.05,1,1168027,1167569,458
92327741,36.144,50.776,441,17414,0.06392,0.03,1,1168059,1167618,441
92330661,168.829,79.7552,556,17536,0.052784,0.05,1,1168261,1167705,556
92333581,84.9658,123.151,486,17657,0.0345568,0.03,1,1168325,1167839,486
92336501,81.7932,74.2302,505,17777,0.142911,0.09,1,1168406,1167901,505
92339421,52.3586,78.046,471,17896,0.180582,0.03,1,1168451,1167980,471
92342341,36.0717,53.2092,456,18015,0.204116,0.07,1,1168483,1168027,456
92345261,8.81434,36.2418,426,18133,0.208823,0.05,1,1168485,1168059,426
92348181,162.563,168.848,425,18250,0.225765,0.03,1,1168686,1168261,425
92351101,82.1126,84.9697,423,18366,0.229153,0.17,1,1168748,1168325,423
92354021,86.8225,81.7939,430,18482,0.261831,0.19,1,1168836,1168406,430
92356941,54.1645,52.3588,431,18597,0.284366,0.21,1,1168882,1168451,431
92359861,37.2329,36.0718,432,18711,0.320873,0.21,1,1168915,1168483,432
92362781,9.04658,8.81435,432,18824,0.296175,0.23,1,1168917,1168485,432
92365701,161.809,162.563,431,18937,0.323235,0.23,1,1169117,1168686,431
92368621,81.9619,82.1126,431,19049,0.376647,0.27,1,1169179,1168748,431
92371541,90.7924,86.8225,436,19160,0.419329,0.29,1,1169272,1168836,436
92374461,54.9585,54.1645,436,19271,0.427866,0.33,1,1169318,1168882,436
92377381,37.3917,37.2329,436,19381,0.397573,0.29,1,1169351,1168915,436
92380301,9.07834,9.04658,436,19490,0.391515,0.33,1,1169353,1168917,436
92383221,163.416,161.809,438,19599,0.502303,0.33,1,1169555,1169117,438
92386141,84.6831,32.3619,503,19707,0.540461,0.39,1,1169620,1169117,503
92389061,90.5366,56.0724,533,19815,0.532092,0.43,1,1169712,1169179,533
92391981,54.9073,85.6145,486,19922,0.578418,0.43,1,1169758,1169272,486
92394901,37.3815,53.9229,473,20028,0.603684,0.39,1,1169791,1169318,473
92397821,9.07629,37.1846,442,20134,0.608737,0.39,1,1169793,1169351,442
92399281,162.615,9.03692,641,20239,0.689747,0.53,1,1169994,1169353,641
92402201,39.7231,163.407,448,20344,0.721949,0.55,1,1170003,1169555,448
92405121,60.7446,84.6815,449,20448,0.74439,0.53,1,1170069,1169620,449
92408041,84.9489,90.5363,448,20552,0.764878,0.59,2,1170160,1169712,448
92410961,56.1898,54.9073,451,20655,0.832976,0.61,2,1170209,1169758,451
92413881,38.438,37.3815,452,20758,0.878595,0.61,2,1170243,1169791,452
92416801,9.28759,9.07629,452,20860,0.903719,0.71,2,1170245,1169793,452
92530681,39,35,500,24512,0.29,1,1,1172934,1172434,500
92533601,59.8,63.8,494,24598,0.098,1,1,1172999,1172505,494
92536521,49.56,59.16,483,24684,0.0276,1,1,1173046,1172563,483
92539441,30.712,33.432,482,24770,0.07752,1,1,1173072,1172590,482
92542361,34.1424,33.8864,483,24856,0.039504,1,1,1173107,1172624,483
92545281,31.6285,34.7773,479,24941,0.0319008,0.63,1,1173138,1172659,479
92548201,130.326,154.955,449,25026,0.0303802,0.37,1,1173293,1172844,449
92551121,56.4651,71.7911,436,25111,0.014076,0.29,1,1173331,1172895,436
92554041,36.893,45.5582,429,25195,0.0428152,0.05,1,1173363,1172934,429
92556961,53.7786,61.1116,422,25279,0.032563,0.01,1,1173421,1172999,422
92559881,49.1557,49.8223,423,25363,0.0305126,0.09,1,1173469,1173046,423
92562801,29.8311,30.7645,422,25447,0.0301025,0.09,1,1173494,1173072,422
92565721,33.1662,6.15289,456,25530,0.0300205,0.03,1,1173528,1173072,456
92568641,31.4332,29.2306,452,25613,0.0300041,0.03,1,1173559,1173107,452
92571561,130.287,30.6461,576,25696,0.0460008,0.03,1,1173714,1173138,576
92574481,56.4573,130.129,459,25778,0.0172002,0.01,1,1173752,1173293,459
92577401,36.8915,56.4258,453,25860,0.05944,0.05,1,1173784,1173331,453
92580321,55.3783,36.8852,481,25942,0.011888,0.03,1,1173844,1173363,481
92583241,47.8757,53.777,469,26024,0.0263776,0.03,1,1173890,1173421,469
92586161,30.3751,49.1554,447,26105,0.0132755,0.03,1,1173916,1173469,447
92589081,32.475,29.8311,455,26186,0.106655,0.03,1,1173949,1173494,455
92592001,31.295,33.1662,452,26267,0.077331,0.03,1,1173980,1173528,452
92594921,131.859,31.4332,578,26348,0.0394662,0.05,1,1174137,1173559,578
92597841,55.1718,130.287,459,26428,0.0158932,0.01,1,1174173,1173714,459
92600761,38.2344,56.4573,455,26508,0.0431786,0.07,1,1174207,1173752,455
92603681,54.0469,36.8915,481,26588,0.0486357,0,1,1174265,1173784,481
92606601,47.6094,55.3783,467,26668,0.00972715,0.03,1,1174311,1173844,467
92609521,32.7219,47.8757,450,26747,0.0259454,0.01,1,1174340,1173890,450
92612441,34.5444,30.3751,459,26826,0.0611891,0.13,1,1174375,1173916,459
92615361,29.3089,32.475,454,26905,0.0682378,0.07,1,1174403,1173949,454
92618281,7.46177,31.295,425,26984,0.101648,0.03,1,1174405,1173980,425
92621201,125.492,131.859,423,27062,0.0443295,0.01,1,1174560,1174137,423
92624121,53.0985,55.1718,422,27140,0.0328659,0.05,1,1174595,1174173,422
92627041,39.4197,38.2344,424,27218,0.0465732,0.05,1,1174631,1174207,424
92629961,53.4839,54.0469,423,27296,0.0333146,0,1,1174688,1174265,423
92632881,47.4968,47.6094,423,27374,0.0306629,0.03,1,1174734,1174311,423
92635801,32.6994,32.7219,423,27451,0.0301326,0.07,1,1174763,1174340,423
92638721,36.1399,34.5444,425,27528,0.00602652,0.07,1,1174800,1174375,425
92641641,29.628,29.3089,425,27605,0.0252053,0.11,1,1174828,1174403,425
92644561,7.52559,7.46177,425,27682,0.0610411,0.03,1,1174830,1174405,425
92647481,123.905,125.492,423,27759,0.0522082,0.03,1,1174983,1174560,423
92650401,51.981,53.0985,422,27835,0.0504416,0.05,1,1175017,1174595,422
92653321,39.9962,39.4197,423,27911,0.0340883,0.03,1,1175054,1174631,423
92656241,52.7992,53.4839,422,27987,0.0308177,0.03,1,1175110,1174688,422
92659161,47.3598,47.4968,422,28063,0.0141635,0.03,1,1175156,1174734,422
92662081,32.672,32.6994,422,28138,0.0108327,0,1,1175185,1174763,422
92665001,36.1344,36.1399,422,28213,0.0421665,0.03,1,1175222,1174800,422
92667921,30.4269,29.628,423,28288,0.0804333,0.07,1,1175251,1174828,423
92670841,7.68538,7.52559,423,28363,0.0560867,0.07,1,1175253,1174830,423
92673761,122.337,1.50512,574,28438,0.0192173,0.05,1,1175404,1174830,574
92676681,51.6674,122.701,455,28512,0.0278435,0.05,1,1175438,1174983,455
92679601,39.9335,51.7402,458,28586,0.0135687,0.03,1,1175475,1175017,458
92682521,52.7867,39.948,477,28660,0.0747137,0.03,1,1175531,1175054,477
92685441,47.3573,52.7896,467,28734,0.0549427,0.01,1,1175577,1175110,467
92688361,32.6715,47.3579,450,28808,0.0349885,0.01,1,1175606,1175156,450
92691281,36.9343,32.6716,459,28881,0.0629977,0.05,1,1175644,1175185,459
92694201,32.1869,36.1343,453,28954,0.0845995,0.09,1,1175675,1175222,453
92697121,8.03737,30.4269,426,29027,0.0569199,0.05,1,1175677,1175251,426
92700041,120.807,7.68537,573,29100,0.115384,0.01,1,1175826,1175253,573
92702961,51.3615,122.337,456,29173,0.0950768,0.03,1,1175860,1175404,456
92705881,39.0723,51.6674,458,29246,0.107015,0.01,1,1175896,1175438,458
92708801,54.2145,39.9335,479,29318,0.125403,0.09,1,1175954,1175475,479
92711721,46.0429,52.7867,467,29390,0.161081,0.05,1,1175998,1175531,467
92714641,32.4086,47.3573,450,29462,0.120216,0.03,1,1176027,1175577,450
92717561,39.2817,32.6715,462,29534,0.0960432,0.07,1,1176068,1175606,462
92720481,33.4563,36.9343,456,29606,0.123209,0.09,1,1176100,1175644,456
92723401,8.29127,32.1869,427,29677,0.128642,0.05,1,1176102,1175675,427
92726321,122.458,8.03737,576,29748,0.161728,0.13,1,1176253,1175677,576
92729241,50.0917,120.807,459,29819,0.184346,0.09,1,1176285,1175826,459
92732161,11.6183,51.3615,427,29890,0.188869,0.11,1,1176287,1175860,427
92735081,31.1237,39.0723,427,29961,0.221774,0.13,1,1176323,1175896,427
92738001,53.4247,54.2145,428,30032,0.228355,0.17,1,1176382,1175954,428
92740921,47.4849,46.0429,430,30102,0.245671,0.11,1,1176428,1175998,430
92743841,30.297,32.4086,427,30172,0.313134,0.09,1,1176454,1176027,427
92746761,39.6594,39.2817,428,30242,0.326627,0.13,1,1176496,1176068,428
92749681,33.5319,33.4563,428,30312,0.297325,0.13,1,1176528,1176100,428
92752601,8.30638,8.29127,428,30382,0.291465,0.17,1,1176530,1176102,428
92755521,124.861,122.458,431,30452,0.290293,0.19,1,1176684,1176253,431
92758441,50.5723,50.0917,431,30521,0.290059,0.19,1,1176716,1176285,431
92761361,11.7145,11.6183,431,30590,0.322012,0.23,1,1176718,1176287,431
92764281,31.1429,31.1237,431,30659,0.328402,0.23,1,1176754,1176323,431
92767201,55.0286,53.4247,433,30728,0.34568,0.25,1,1176815,1176382,433
92770121,50.2057,47.4849,436,30797,0.317136,0.33,1,1176864,1176428,436
92773041,30.8411,30.297,436,30866,0.327427,0.33,1,1176890,1176454,436
92775961,38.1682,39.6594,434,30935,0.329485,0.29,1,1176930,1176496,434
92778881,33.2336,33.5319,434,31003,0.297897,0.29,1,1176962,1176528,434
92781801,8.24673,8.30638,434,31071,0.323579,0.29,1,1176964,1176530,434
92784721,126.449,124.861,436,31139,0.424716,0.29,1,1177120,1176684,436
92787641,50.8899,50.5723,436,31207,0.508943,0.33,1,1177152,1176716,436
92790561,11.778,11.7145,436,31275,0.525789,0.33,1,1177154,1176718,436
92793481,31.1556,31.1429,436,31343,0.529158,0.33,1,1177190,1176754,436
92796401,55.8311,6.22858,498,31411,0.561832,0.35,1,1177252,1176754,498
92799321,48.7662,50.0457,484,31478,0.584366,0.31,1,1177299,1176815,484
92802241,30.5532,49.2091,461,31545,0.588873,0.33,1,1177325,1176864,461
92805161,38.1106,30.6418,475,31612,0.605775,0.33,1,1177365,1176890,475
92808081,33.2221,38.1284,467,31679,0.625155,0.29,1,1177397,1176930,467
92811001,8.24443,33.2257,437,31746,0.629031,0.33,1,1177399,1176962,437
92813921,133.649,8.24513,600,31813,0.693806,0.45,1,1177564,1176964,600
92816841,53.1298,126.449,477,31880,0.674761,0.53,1,1177597,1177120,477
92819761,12.226,50.8898,447,31946,0.670952,0.53,1,1177599,1177152,447
92822681,31.2452,11.778,481,32012,0.670191,0.53,1,1177635,1177154,481
92825601,59.049,31.1556,511,32078,0.718038,0.57,1,1177701,1177190,511
92828521,48.6098,55.8311,495,32144,0.759608,0.59,2,1177747,1177252,495
92831441,32.922,48.7662,477,32210,0.783921,0.59,2,1177776,1177299,477
92834361,38.5844,30.5532,491,32276,0.836784,0.61,2,1177816,1177325,491
92837281,34.1169,38.1106,484,32342,0.863357,0.63,2,1177849,1177365,484
92840201,8.42338,33.2221,454,32407,0.868671,0.63,2,1177851,1177397,454
92843121,136.085,8.24443,620,32472,0.917734,0.71,2,1178019,1177399,620
92846041,52.8169,133.649,487,32537,0.927547,0.67,2,1178051,1177564,487
92848961,12.1634,53.1298,456,32602,0.929509,0.67,2,1178053,1177597,456
93041681,78,96,456,16323,0.11,0.07,1,1180990,1180534,456
93044601,78.8,78.4,461,16453,0.142,0.01,1,1181069,1180608,461
93047521,51.76,81.28,424,16582,0.0684,0.07,1,1181114,1180690,424
93050441,34.352,28.256,439,16710,0.10168,0.05,1,1181144,1180705,439
93053361,160.47,28.8512,602,16837,0.140336,0.07,1,1181336,1180734,602
93056281,96.8941,148.17,505,16963,0.180067,0.11,1,1181417,1180912,505
93059201,83.3788,92.034,507,17088,0.204013,0.15,1,1181497,1180990,507
93062121,48.6758,81.6068,468,17212,0.176803,0.05,1,1181537,1181069,468
93065041,34.5352,52.3214,454,17335,0.187361,0.11,1,1181568,1181114,454
93067961,163.707,34.4643,620,17457,0.317472,0.15,1,1181764,1181144,620
93070881,99.1414,160.493,511,17579,0.359494,0.19,1,1181847,1181336,511
93073801,84.6283,96.8986,511,17700,0.431899,0.21,1,1181928,1181417,511
93076721,47.3257,83.3797,469,17820,0.44638,0.17,1,1181966,1181497,469
93079641,35.0651,48.6759,461,17939,0.449276,0.19,1,1181998,1181537,461
93081101,167.813,34.5352,631,18057,0.545855,0.35,1,1182199,1181568,631
93084021,36.7626,163.707,439,18175,0.533171,0.35,1,1182203,1181764,439
93086941,73.7525,32.7414,522,18292,0.578634,0.37,1,1182286,1181764,522
93089861,82.7505,72.9483,524,18408,0.587727,0.45,1,1182371,1181847,524
93092781,46.9501,79.3897,481,18523,0.621545,0.45,1,1182409,1181928,481
93095701,35.79,46.2779,476,18638,0.644309,0.45,1,1182442,1181966,476
93097161,167.958,34.8556,645,18752,0.696862,0.57,1,1182643,1181998,645
93100081,40.7916,167.771,453,18865,0.691372,0.53,1,1182652,1182199,453
93103001,76.1583,36.7542,534,18977,0.690274,0.59,1,1182737,1182203,534
93105921,82.4317,73.7508,535,19089,0.722055,0.59,1,1182821,1182286,535
93108841,48.4863,82.7502,490,19200,0.776411,0.63,2,1182861,1182371,490
93111761,36.8973,46.95,486,19311,0.803282,0.65,2,1182895,1182409,486
93113221,168.179,35.79,654,19421,0.872656,0.71,2,1183096,1182442,654
93116141,41.6359,167.958,463,19530,0.918531,0.69,2,1183106,1182643,463
93119061,75.5272,40.7916,538,19639,0.927706,0.69,2,1183190,1182652,538
93121981,16.7054,76.1583,455,19747,0.929541,0.73,2,1183192,1182737,455
93216881,40,38,529,23028,0.05,1,1,1185576,1185047,529
93219801,46.4,63.6,507,23120,0.13,1,1,1185624,1185117,507
93222721,43.68,40.72,515,23212,0.114,1,1,1185667,1185152,515
93225641,36.736,32.944,519,23303,0.1748,1,1,1185702,1185183,519
93228561,33.7472,43.3888,506,23394,0.20296,1,1,1185735,1185229,506
93231481,141.949,37.4778,639,23485,0.208592,0.43,1,1185904,1185265,639
93234401,77.9899,165.896,503,23575,0.209718,0.19,1,1185966,1185463,503
93237321,42.798,91.5791,464,23665,0.273944,0.05,1,1186000,1185536,464
93240241,47.7596,50.3158,473,23755,0.238789,0.15,1,1186049,1185576,473
93243161,47.9519,48.4632,473,23844,0.231758,0.11,1,1186097,1185624,473
93246081,35.9904,44.0926,463,23933,0.230352,0.19,1,1186130,1185667,463
93249001,8.79808,36.8185,430,24022,0.24607,0.21,1,1186132,1185702,430
93251921,28.9596,33.7637,431,24110,0.297214,0.21,1,1186166,1185735,431
93254841,141.792,141.953,432,24198,0.339443,0.21,1,1186336,1185904,432
93257761,80.3584,77.9905,435,24286,0.379889,0.29,1,1186401,1185966,435
93260681,44.0717,42.7981,436,24373,0.403978,0.23,1,1186436,1186000,436
93263601,45.6143,47.7596,433,24460,0.376796,0.23,1,1186482,1186049,433
93266521,47.5229,47.9519,433,24547,0.371359,0.23,1,1186530,1186097,433
93269441,36.7046,35.9904,434,24633,0.402272,0.25,1,1186564,1186130,434
93272361,8.94091,8.79808,434,24719,0.376454,0.31,1,1186566,1186132,434
93275281,31.3882,28.9596,437,24805,0.403291,0.35,1,1186603,1186166,437
93278201,142.278,141.792,437,24890,0.456658,0.39,1,1186773,1186336,437
93281121,82.0555,80.3584,439,24975,0.483332,0.41,1,1186840,1186401,439
93284041,45.2111,44.0717,440,25060,0.552666,0.37,1,1186876,1186436,440
93286961,45.8422,45.6143,440,25145,0.598533,0.37,1,1186922,1186482,440
93289881,47.5684,47.5229,440,25229,0.607707,0.41,1,1186970,1186530,440
93292801,36.7137,36.7046,440,25313,0.641541,0.37,1,1187004,1186564,440
93295721,8.94274,8.94091,440,25397,0.616308,0.41,1,1187006,1186566,440
93298641,32.9885,31.3882,442,25480,0.611262,0.41,1,1187045,1186603,442
93301561,143.398,6.27764,613,25563,0.626252,0.47,1,1187216,1186603,613
93304481,84.6795,137.256,513,25646,0.67725,0.49,1,1187286,1186773,513
93307401,46.5359,81.0511,483,25729,0.68745,0.57,1,1187323,1186840,483
93310321,47.7072,45.0102,495,25811,0.70549,0.61,1,1187371,1186876,495
93313241,47.9414,45.802,497,25893,0.709098,0.61,1,1187419,1186922,497
93316161,38.3883,47.5604,485,25975,0.70982,0.65,1,1187455,1186970,485
93319081,9.27766,36.7121,453,26057,0.709964,0.61,1,1187457,1187004,453
93322001,33.8555,8.94242,491,26138,0.757993,0.61,2,1187497,1187006,491
93324921,145.171,32.9885,625,26219,0.783599,0.63,2,1187670,1187045,625
93327841,85.8342,143.398,525,26300,0.82072,0.69,2,1187741,1187216,525
93330761,47.5668,84.6795,493,26381,0.828144,0.69,2,1187779,1187286,493
93333681,47.9134,46.5359,504,26461,0.893629,0.71,2,1187827,1187323,504
93336601,47.9827,47.7072,504,26541,0.938726,0.71,2,1187875,1187371,504
93450481,37,26,520,29492,0.93,1,2,1189880,1189360,520
93453401,145.8,27.6,665,29564,0.77,1,2,1190053,1189388,665
93456321,44.36,148.72,505,29636,0.706,1,1,1190072,1189567,505
93459241,29.672,47.344,509,29707,0.7252,1,1,1190098,1189589,509
93462161,59.5344,44.6688,532,29778,0.68104,1,1,1190165,1189633,532
93465081,13.5069,52.1338,480,29849,0.640208,1,1,1190167,1189687,480
93468001,32.3014,43.2268,476,29920,0.648042,1,1,1190204,1189728,476
93470921,31.2603,35.0453,474,29991,0.665608,0.96,1,1190235,1189761,474
93473841,48.6521,49.4091,474,30062,0.605122,0.88,1,1190288,1189814,474
93476761,28.1304,33.0818,468,30132,0.577024,0.93,1,1190311,1189843,468
93479681,37.6261,36.2164,471,30202,0.587405,0.73,1,1190351,1189880,471
93482601,134.725,145.643,457,30272,0.605481,0.69,1,1190510,1190053,457
93485521,42.145,44.3287,457,30342,0.625096,0.73,1,1190529,1190072,457
93488441,27.629,29.6657,455,30412,0.661019,0.67,1,1190553,1190098,455
93491361,57.5258,59.5331,453,30482,0.684204,0.63,1,1190618,1190165,453
93494281,13.1052,13.5066,453,30551,0.688841,0.65,1,1190620,1190167,453
93497201,31.421,32.3013,452,30620,0.689768,0.67,1,1190656,1190204,452
93500121,30.2842,31.2603,451,30689,0.705954,0.59,1,1190686,1190235,451
93503041,46.8568,48.6521,449,30758,0.709191,0.57,1,1190737,1190288,449
93505961,26.9714,28.1304,448,30827,0.709838,0.59,1,1190759,1190311,448
93508881,39.7943,37.6261,451,30896,0.741968,0.61,1,1190802,1190351,451
93511801,134.359,134.725,450,30964,0.780394,0.63,2,1190960,1190510,450
93514721,44.4718,42.145,453,31032,0.836079,0.67,2,1190982,1190529,453
93517641,28.0944,27.629,453,31100,0.831216,0.69,2,1191006,1190553,453
93520561,58.4189,57.5258,454,31168,0.894243,0.69,2,1191072,1190618,454
93523481,13.2838,13.1052,454,31236,0.906849,0.69,2,1191074,1190620,454
93526401,31.4568,31.421,454,31304,0.87737,0.69,2,1191110,1190656,454
93529321,30.2914,6.28421,484,31372,0.871474,0.71,2,1191140,1190656,484
93532241,46.8583,25.2568,505,31439,0.902295,0.71,2,1191191,1190686,505
93535161,27.7717,45.8514,477,31506,0.892459,0.71,2,1191214,1190737,477
93640281,29,21,503,33839,0.87,1,2,1192920,1192417,503
93643201,50.6,58.6,491,33901,0.854,1,2,1192976,1192485,491
93646121,38.12,30.12,503,33963,0.8028,1,2,1193011,1192508,503
93649041,28.424,24.424,506,34025,0.69656,1,1,1193037,1192531,506
93651961,13.6848,26.4848,489,34087,0.723312,0.97,1,1193047,1192558,489
93654881,48.337,48.497,492,34149,0.664662,1,1,1193104,1192612,492
93657801,36.8674,32.8994,497,34211,0.620932,1,1,1193138,1192641,497
93660721,21.7735,6.57988,515,34273,0.660187,1,1,1193156,1192641,515
93663641,26.7547,23.716,515,34335,0.652037,1,1,1193184,1192669,515
93666561,116.551,34.3432,617,34397,0.506407,0.92,1,1193323,1192706,617
93669481,52.1102,126.869,503,34458,0.445281,0.95,1,1193359,1192856,503
93672401,32.822,53.3737,496,34519,0.417056,0.87,1,1193387,1192891,496
93675321,48.1644,33.8747,519,34580,0.411411,0.85,1,1193439,1192920,519
93678241,36.0329,51.5749,496,34641,0.458282,0.79,1,1193472,1192976,496
93681161,24.8066,38.315,483,34702,0.435656,0.67,1,1193494,1193011,483
93684081,12.9613,28.463,467,34763,0.463131,0.73,1,1193504,1193037,467
93687001,47.3923,13.6926,513,34824,0.516626,0.65,1,1193560,1193047,513
93689921,35.0785,48.3385,488,34885,0.495325,0.61,1,1193592,1193104,488
93692841,20.6157,36.8677,471,34946,0.475065,0.67,1,1193609,1193138,471
93695761,23.3231,21.7735,477,35006,0.471013,0.65,1,1193633,1193156,477
93698681,108.665,26.7547,579,35066,0.534203,0.47,1,1193763,1193184,579
93701601,52.1329,116.551,478,35126,0.594841,0.43,1,1193801,1193323,478
93704521,30.4266,52.1102,467,35186,0.590968,0.41,1,1193826,1193359,467
93707441,51.6853,32.822,496,35246,0.638194,0.41,1,1193883,1193387,496
93710361,36.7371,48.1644,477,35306,0.663639,0.47,1,1193916,1193439,477
93713281,24.9474,36.0329,466,35366,0.668728,0.43,1,1193938,1193472,466
93716201,13.7895,24.8066,455,35426,0.685746,0.47,1,1193949,1193494,455
93719121,49.1579,12.9613,503,35486,0.689149,0.53,1,1194007,1193504,503
93722041,33.8316,47.3923,477,35546,0.68983,0.49,1,1194037,1193560,477
93724961,19.5663,35.0785,461,35605,0.689966,0.47,1,1194053,1193592,461
93727881,23.1133,20.6157,468,35664,0.721993,0.47,1,1194077,1193609,468
93730801,6.22265,23.3231,446,35723,0.728399,0.55,1,1194079,1193633,446
93733721,109.245,108.665,451,35782,0.80968,0.61,2,1194214,1193763,451
93736641,53.0489,52.1329,452,35841,0.873936,0.59,2,1194253,1193801,452
93739561,31.4098,30.4266,453,35900,0.902787,0.65,2,1194279,1193826,453
93742481,53.482,51.6853,455,35959,0.892557,0.67,2,1194338,1193883,455
93745401,37.0964,36.7371,455,36018,0.906512,0.67,2,1194371,1193916,455
93748321,25.0193,24.9474,455,36077,0.893302,0.69,2,1194393,1193938,455
93751241,14.6039,13.7895,456,36136,0.92266,0.69,2,1194405,1193949,456
93754161,49.3208,49.1579,456,36194,0.912532,0.69,2,1194463,1194007,456
93757081,33.8642,33.8316,456,36252,0.942506,0.69,2,1194493,1194037,456
93760001,20.3728,19.5663,457,36310,0.932501,0.73,2,1194510,1194053,457
94060761,42,45,491,41878,0.61,1,1,1198420,1197929,491
94063681,37.2,34.6,495,41928,0.53,0.99,1,1198456,1197961,495
94066601,41.84,42.12,494,41978,0.354,1,1,1198499,1198005,494
94069521,39.568,53.224,477,42028,0.2548,1,1,1198538,1198061,477
94072441,36.7136,35.4448,482,42078,0.13896,1,1,1198574,1198092,482
94075361,46.5427,38.289,492,42128,0.051792,1,1,1198623,1198131,492
94078281,26.1085,31.6578,483,42178,0.0183584,1,1,1198644,1198161,483
94081201,29.2217,28.7316,485,42228,0.0116717,1,1,1198674,1198189,485
94084121,23.4443,28.9463,478,42278,0.0263343,0.94,1,1198696,1198218,478
94087041,27.8889,32.1893,474,42328,0.0452669,1,1,1198725,1198251,474
94089961,23.9778,25.6379,473,42378,0.0330534,1,1,1198748,1198275,473
94092881,32.7956,33.9276,472,42428,0.0306107,0.87,1,1198783,1198311,472
94095801,27.3591,34.7855,463,42478,0.0461221,0.81,1,1198809,1198346,463
94098721,25.4718,32.5571,456,42528,0.0492244,0.61,1,1198834,1198378,456
94101641,36.2944,40.1114,453,42578,0.0338449,0.51,1,1198873,1198420,453
94104561,32.0589,36.8223,448,42628,0.062769,0.31,1,1198904,1198456,448
94107481,32.0118,41.7645,437,42678,0.0525538,0.23,1,1198936,1198499,437
94110401,33.6024,39.5529,432,42727,0.0665108,0.11,1,1198970,1198538,432
94113321,29.9205,36.7106,425,42776,0.101302,0.03,1,1198999,1198574,425
94116241,43.5841,46.5421,423,42825,0.0442604,0.01,1,1199046,1198623,423
94119161,24.7168,26.1084,422,42874,0.0808521,0.01,1,1199066,1198644,422
94122081,28.9434,29.2217,422,42923,0.0241704,0.03,1,1199096,1198674,422
94125001,24.1887,23.4443,423,42972,0.0608341,0.05,1,1199119,1198696,423
94127921,27.2377,27.8889,422,43021,0.0201668,0.05,1,1199147,1198725,422
94130841,23.0475,5.57777,444,43070,0.0440334,0.03,1,1199169,1198725,444
94133761,32.6095,19.5156,456,43119,0.00880667,0.03,1,1199204,1198748,456
94136681,27.3219,31.9031,447,43168,0.00976133,0.05,1,1199230,1198783,447
94139601,25.4644,27.1806,446,43217,0.0579523,0.05,1,1199255,1198809,446
94142521,36.2929,25.4361,460,43266,0.0675905,0.03,1,1199294,1198834,460
94145441,34.4586,36.2872,455,43315,0.117518,0.07,1,1199328,1198873,455
94148361,30.0917,32.0574,453,43364,0.127504,0.05,1,1199357,1198904,453
94151281,36.4183,32.0115,459,43413,0.113501,0.07,1,1199395,1198936,459
94154201,29.6837,33.6023,453,43462,0.1267,0.11,1,1199423,1198970,453
94157121,42.7367,29.9205,470,43511,0.14534,0.03,1,1199469,1198999,470
94160041,23.7473,43.5841,442,43559,0.101068,0.09,1,1199488,1199046,442
94162961,27.9495,24.7168,451,43607,0.108214,0.01,1,1199517,1199066,451
94165881,24.7899,28.9434,445,43655,0.109643,0.07,1,1199541,1199096,445
94168801,26.558,24.1887,449,43703,0.0939285,0.01,1,1199568,1199119,449
94171721,24.5116,27.2377,445,43751,0.0267857,0.05,1,1199592,1199147,445
94174641,32.1023,23.0475,457,43799,0.0453571,0,1,1199626,1199169,457
94177561,28.0205,32.6095,449,43847,0.0330714,0.01,1,1199653,1199204,449
94180481,26.4041,27.3219,449,43895,0.0466143,0.07,1,1199679,1199230,449
94183401,37.2808,25.4644,464,43943,0.0813229,0.07,1,1199719,1199255,464
94186321,34.6562,36.2929,459,43991,0.104265,0.13,1,1199753,1199294,459
94189241,31.7312,34.4586,456,44039,0.108853,0.13,1,1199784,1199328,456
94192161,35.9462,30.0917,464,44087,0.0937706,0.11,1,1199821,1199357,464
94195081,30.3892,36.4183,455,44135,0.122754,0.13,1,1199850,1199395,455
94198001,42.0778,29.6837,472,44183,0.176551,0.15,1,1199895,1199423,472
94200921,22.8156,42.7367,444,44231,0.18731,0.09,1,1199913,1199469,444
94203841,28.5631,23.7473,455,44279,0.189462,0.11,1,1199943,1199488,455
94206761,24.9126,27.9495,450,44327,0.189892,0.11,1,1199967,1199517,450
94209681,22.5825,24.7899,448,44375,0.205978,0.09,1,1199989,1199541,448
94212601,25.3165,26.558,447,44423,0.193196,0.01,1,1200015,1199568,447
94215521,31.4633,24.5116,456,44470,0.238639,0.05,1,1200048,1199592,456
94218441,7.89266,32.1023,424,44517,0.215728,0.03,1,1200050,1199626,424
94221361,22.3785,28.0205,423,44564,0.227146,0.05,1,1200076,1199653,423
94224281,26.0757,26.4041,424,44611,0.181429,0.09,1,1200103,1199679,424
94227201,39.6151,37.2808,427,44658,0.204286,0.11,1,1200146,1199719,427
94230121,35.123,34.6562,427,44705,0.192857,0.11,1,1200180,1199753,427
94233041,31.8246,31.7312,427,44752,0.190571,0.09,1,1200211,1199784,427
94235961,35.9649,35.9462,427,44799,0.206114,0.13,1,1200248,1199821,427
94238881,31.193,30.3892,428,44846,0.273223,0.19,1,1200278,1199850,428
94241801,44.6386,42.0778,431,44893,0.238645,0.19,1,1200326,1199895,431
94244721,23.3277,22.8156,431,44940,0.279729,0.19,1,1200344,1199913,431
94247641,28.6655,28.5631,431,44987,0.271946,0.19,1,1200374,1199943,431
94250561,25.7331,24.9126,432,45034,0.302389,0.21,1,1200399,1199967,432
94253481,23.5466,22.5825,433,45081,0.324478,0.19,1,1200422,1199989,433
94256401,25.5093,25.3165,433,45128,0.328896,0.25,1,1200448,1200015,433
94259321,29.9019,31.4633,431,45175,0.313779,0.21,1,1200479,1200048,431
94262241,7.58037,7.89266,431,45222,0.310756,0.23,1,1200481,1200050,431
94265161,22.3161,22.3785,431,45269,0.326151,0.17,1,1200507,1200076,431
94268081,25.2632,26.0757,430,45316,0.36123,0.21,1,1200533,1200103,430
94271001,39.4526,39.6151,430,45363,0.336246,0.19,1,1200576,1200146,430
94273921,35.8905,35.123,431,45409,0.347249,0.19,1,1200611,1200180,431
94276841,31.9781,31.8246,431,45455,0.34945,0.21,1,1200642,1200211,431
94279761,37.5956,35.9649,433,45501,0.33389,0.29,1,1200681,1200248,433
94282681,32.3191,31.193,434,45547,0.314778,0.23,1,1200712,1200278,434
94285601,44.0638,44.6386,433,45593,0.342956,0.29,1,1200759,1200326,433
94288521,24.8128,23.3277,435,45639,0.396591,0.27,1,1200779,1200344,435
94291441,28.9626,28.6655,435,45685,0.423318,0.31,1,1200809,1200374,435
94294361,27.3925,25.7331,437,45731,0.412664,0.33,1,1200836,1200399,437
94297281,23.0785,23.5466,436,45777,0.410533,0.33,1,1200858,1200422,436
94300201,25.4157,25.5093,436,45823,0.426107,0.31,1,1200884,1200448,436
94303121,29.0831,29.9019,435,45869,0.445221,0.31,1,1200914,1200479,435
94306041,7.41663,7.58037,435,45915,0.417044,0.31,1,1200916,1200481,435
94308961,22.2833,1.51607,461,45961,0.411409,0.33,1,1200942,1200481,461
94311881,27.6567,21.1032,464,46007,0.442282,0.37,1,1200971,1200507,464
94314801,39.1313,25.0206,480,46053,0.416456,0.33,1,1201013,1200533,480
94317721,35.8263,39.4041,472,46099,0.443291,0.35,1,1201048,1200576,472
94320641,31.1653,35.8808,467,46145,0.480658,0.35,1,1201078,1200611,467
94323561,36.633,31.9762,474,46191,0.504132,0.33,1,1201116,1200642,474
94326481,32.9266,37.5952,467,46237,0.508826,0.31,1,1201148,1200681,467
94329401,45.7853,32.319,485,46283,0.557765,0.35,1,1201197,1200712,485
94332321,26.7571,44.0638,460,46329,0.567553,0.41,1,1201219,1200759,460
94335241,29.3514,24.8128,470,46375,0.585511,0.43,1,1201249,1200779,470
94338161,26.6703,28.9626,466,46420,0.621102,0.41,1,1201275,1200809,466
94341081,23.7341,27.3925,462,46465,0.66022,0.41,1,1201298,1200836,462
94344001,25.5468,23.0785,466,46510,0.636044,0.43,1,1201324,1200858,466
94346921,29.9094,25.4157,471,46555,0.647209,0.45,1,1201355,1200884,471
94349841,7.58187,29.0831,443,46600,0.649442,0.41,1,1201357,1200914,443
94352761,22.3164,7.41663,467,46645,0.649888,0.41,1,1201383,1200916,467
94355681,27.6633,22.2833,470,46690,0.665978,0.45,1,1201412,1200942,470
94358601,39.1327,27.6567,483,46735,0.685196,0.41,1,1201454,1200971,483
94361521,38.2265,39.1313,479,46780,0.753039,0.45,2,1201492,1201013,479
94364441,32.4453,35.8263,475,46825,0.782608,0.49,2,1201523,1201048,475
94367361,37.6891,31.1653,484,46870,0.820522,0.51,2,1201562,1201078,484
94370281,33.1378,36.633,478,46915,0.828104,0.51,2,1201594,1201116,478
94373201,48.2276,32.9266,498,46960,0.813621,0.57,2,1201646,1201148,498
94376121,28.0455,45.7853,472,47005,0.794724,0.57,2,1201669,1201197,472
94379041,30.4091,26.7571,481,47050,0.774945,0.59,2,1201700,1201219,481
94381961,27.6818,29.3514,478,47095,0.818989,0.63,2,1201727,1201249,478
94384881,23.9364,26.6703,475,47140,0.875798,0.67,2,1201750,1201275,475
94387801,25.5873,23.7341,478,47185,0.88716,0.63,2,1201776,1201298,478
94390721,30.7175,25.5468,484,47230,0.889432,0.65,2,1201808,1201324,484
94393641,7.74349,29.9094,455,47275,0.889886,0.65,2,1201810,1201355,455
94396561,22.3487,7.58187,479,47320,0.905977,0.65,2,1201836,1201357,479
94399481,28.4697,22.3164,483,47365,0.941195,0.67,2,1201866,1201383,483
94402401,7.29395,27.6633,456,47410,0.948239,0.69,2,1201868,1201412,456
94650601,67,71,496,23541,0.03,0.69,1,1204517,1204021,496
94653521,57.4,74.2,476,23631,0.062,0.49,1,1204572,1204096,476
94656441,62.68,65.24,477,23721,0.0844,0.31,1,1204636,1204159,477
94659361,55.736,69.848,460,23810,0.10488,0.25,1,1204690,1204230,460
94662281,65.5472,56.3696,475,23899,0.108976,0.19,1,1204758,1204283,475
94665201,34.7094,60.8739,440,23988,0.141795,0.07,1,1204785,1204345,440
94668121,11.7419,26.5748,428,24076,0.148359,0.03,1,1204791,1204363,428
94671041,67.1484,74.915,422,24164,0.197672,0.03,1,1204872,1204450,422
94673961,67.8297,68.583,423,24252,0.159534,0.07,1,1204940,1204517,423
94676881,57.5659,57.7166,423,24339,0.183907,0.09,1,1204995,1204572,423
94679801,63.5132,62.7433,424,24426,0.236781,0.11,1,1205060,1204636,424
94682721,59.1026,55.7487,428,24513,0.231356,0.11,1,1205118,1204690,428
94685641,66.2205,65.5497,428,24599,0.278271,0.15,1,1205186,1204758,428
94688561,35.6441,34.7099,429,24685,0.287654,0.15,1,1205214,1204785,429
94691481,11.9288,11.742,429,24771,0.289531,0.21,1,1205220,1204791,429
94694401,67.9858,67.1484,430,24857,0.353906,0.15,1,1205302,1204872,430
94697321,67.1972,67.8297,429,24942,0.382781,0.19,1,1205369,1204940,429
94700241,57.4394,57.5659,429,25027,0.420556,0.25,1,1205424,1204995,429
94703161,65.8879,63.5132,432,25112,0.460111,0.23,1,1205492,1205060,432
94706081,58.7776,59.1026,431,25196,0.468022,0.29,1,1205549,1205118,431
94709001,68.5555,66.2205,434,25280,0.453604,0.29,1,1205620,1205186,434
94711921,36.1111,35.6441,434,25364,0.466721,0.29,1,1205648,1205214,434
94714841,12.0222,11.9288,434,25448,0.469344,0.29,1,1205654,1205220,434
94717761,70.4044,2.38576,519,25531,0.517869,0.37,1,1205739,1205220,519
94720681,70.0809,66.0772,507,25614,0.527574,0.39,1,1205809,1205302,507
94723601,59.6162,66.8154,497,25697,0.545515,0.43,1,1205866,1205369,497
94726521,67.9232,57.3631,512,25779,0.565103,0.47,1,1205936,1205424,512
94729441,59.1846,65.8726,501,25861,0.601021,0.47,1,1205993,1205492,501
94732361,67.8369,58.7745,514,25943,0.640204,0.45,1,1206063,1205549,514
94735281,36.7674,68.5549,472,26025,0.664041,0.47,1,1206092,1205620,472
94738201,12.9535,36.111,451,26106,0.652808,0.47,1,1206099,1205648,451
94741121,72.1907,12.0222,532,26187,0.666562,0.53,1,1206186,1205654,532
94744041,70.4381,70.4044,517,26268,0.637312,0.53,1,1206256,1205739,517
94746961,60.4876,70.0809,505,26349,0.631462,0.55,1,1206314,1205809,505
94749881,69.6975,59.6162,520,26429,0.678292,0.57,1,1206386,1205866,520
94752801,60.3395,67.9232,508,26509,0.687658,0.61,1,1206444,1205936,508
94755721,69.6679,59.1846,523,26589,0.705532,0.65,1,1206516,1205993,523
94758641,37.9336,67.8369,483,26669,0.741106,0.67,1,1206546,1206063,483
94761561,12.3867,36.7674,460,26748,0.748221,0.65,1,1206552,1206092,460
94764481,72.8773,12.9535,541,26827,0.813644,0.67,2,1206640,1206099,541
94767401,68.9755,72.1907,522,26906,0.858729,0.63,2,1206708,1206186,522
94770321,15.3951,70.4381,454,26985,0.867746,0.63,2,1206710,1206256,454
94773241,48.679,60.4876,453,27063,0.917549,0.69,2,1206767,1206314,453
94776161,68.1358,69.6975,454,27141,0.92751,0.69,2,1206840,1206386,454
94863761,38,74,511,29391,0.51,1,1,1208428,1207917,511
94866681,29.2,40.4,506,29463,0.526,1,1,1208455,1207949,506
94869601,53.04,25.68,543,29535,0.3532,1,1,1208514,1207971,543
94872521,80.208,61.936,559,29607,0.22264,1,1,1208601,1208042,559
94875441,40.8416,81.1872,504,29678,0.148528,0.98,1,1208632,1208128,504
94878361,28.9683,35.4374,506,29749,0.101706,0.93,1,1208658,1208152,506
94881281,50.5937,31.8875,531,29820,0.0603411,1,1,1208714,1208183,531
94884201,11.7187,58.3775,468,29891,0.0840682,0.85,1,1208716,1208248,468
94887121,58.3437,70.0755,465,29962,0.152814,0.65,1,1208786,1208321,465
94890041,53.2688,69.2151,448,30033,0.230563,0.51,1,1208838,1208390,448
94892961,38.6537,44.243,445,30103,0.150113,0.53,1,1208873,1208428,445
94895881,27.7307,30.4486,443,30173,0.278023,0.31,1,1208898,1208455,443
94898801,47.9462,53.2897,437,30243,0.287605,0.19,1,1208951,1208514,437
94901721,72.7892,80.2579,429,30313,0.289521,0.13,1,1209030,1208601,429
94904641,37.7578,40.8516,427,30383,0.321904,0.09,1,1209059,1208632,427
94907561,27.5516,28.9703,426,30453,0.312381,0.05,1,1209084,1208658,426
94910481,52.7103,50.5941,429,30522,0.310476,0.09,1,1209143,1208714,429
94913401,12.1421,11.7188,429,30591,0.310095,0.17,1,1209145,1208716,429
94916321,57.6284,58.3438,428,30660,0.390019,0.25,1,1209214,1208786,428
94919241,56.3257,53.2688,432,30729,0.406004,0.13,1,1209270,1208838,432
94922161,38.4651,38.6538,431,30798,0.457201,0.31,1,1209304,1208873,431
94925081,29.293,27.7307,433,30867,0.49944,0.29,1,1209331,1208898,433
94928001,49.0586,47.9462,434,30936,0.523888,0.29,1,1209385,1208951,434
94930921,73.0117,72.7892,434,31004,0.512778,0.33,1,1209464,1209030,434
94933841,39.4023,37.7578,436,31072,0.478556,0.31,1,1209495,1209059,436
94936761,27.8805,27.5516,436,31140,0.487711,0.31,1,1209520,1209084,436
94939681,55.1761,52.7103,439,31208,0.537542,0.31,1,1209582,1209143,439
94942601,12.6352,12.1421,439,31276,0.515508,0.31,1,1209584,1209145,439
94945521,57.727,2.42841,508,31344,0.511102,0.41,1,1209653,1209145,508
94948441,57.9454,55.6857,497,31412,0.51022,0.41,1,1209711,1209214,497
94951361,41.1891,55.9371,478,31479,0.526044,0.47,1,1209748,1209270,478
94954281,32.2378,38.3874,474,31546,0.513209,0.51,1,1209778,1209304,474
94957201,49.6476,29.2775,501,31613,0.574642,0.53,1,1209832,1209331,501
94960121,70.7295,49.0555,523,31680,0.602928,0.51,1,1209908,1209385,523
94963041,38.9459,73.0111,475,31747,0.592586,0.47,1,1209939,1209464,475
94965961,29.3892,39.4022,471,31814,0.638517,0.49,1,1209966,1209495,471
94968881,55.4778,27.8804,508,31881,0.695703,0.55,1,1210028,1209520,508
94971801,12.6956,55.1761,448,31947,0.707141,0.51,1,1210030,1209582,448
94974721,57.7391,12.6352,515,32013,0.741428,0.51,1,1210099,1209584,515
94977641,58.7478,57.727,505,32079,0.812286,0.51,2,1210158,1209653,505
94980561,41.3496,57.9454,484,32145,0.794457,0.53,2,1210195,1209711,484
94983481,33.0699,41.1891,478,32211,0.774891,0.51,2,1210226,1209748,478
94986401,52.214,32.2378,505,32277,0.786978,0.59,2,1210283,1209778,505
94989321,71.2428,49.6476,527,32343,0.773396,0.61,2,1210359,1209832,527
94992241,39.0486,70.7295,482,32408,0.786679,0.59,2,1210390,1209908,482
94995161,31.8097,38.9459,481,32473,0.757336,0.65,2,1210420,1209939,481
94998081,57.5619,29.3892,518,32538,0.815467,0.71,2,1210484,1209966,518
95001001,13.1124,55.4778,458,32603,0.827093,0.71,2,1210486,1210028,458
95003921,59.4225,12.6956,527,32668,0.861419,0.75,2,1210557,1210030,527
95006841,60.6845,57.7391,519,32733,0.884284,0.83,2,1210618,1210099,519
95009761,13.7369,58.7478,462,32798,0.888857,0.79,2,1210620,1210158,462
95012681,31.5474,41.3496,461,32862,0.921771,0.77,2,1210656,1210195,461
95015601,30.3095,33.0699,460,32926,0.944354,0.79,2,1210686,1210226,460
95129481,32,69,491,35344,0.77,1,2,1212381,1211890,491
95132401,68,33,544,35404,0.69,1,1,1212458,1211914,544
95135321,40.8,55.4,517,35464,0.69,1,1,1212492,1211975,517
95138241,36.96,55.08,498,35524,0.674,1,1,1212528,1212030,498
95141161,30.592,29.416,504,35584,0.6068,0.92,1,1212557,1212053,504
95144081,22.9184,25.0832,501,35643,0.54536,1,1,1212578,1212077,501
95147001,29.3837,27.4166,504,35702,0.517072,1,1,1212609,1212105,504
95149921,19.4767,39.0833,479,35761,0.527414,1,1,1212626,1212147,479
95152841,67.8953,71.8167,479,35820,0.385483,1,1,1212706,1212227,479
95155761,39.1791,47.1633,470,35879,0.373097,0.84,1,1212738,1212268,470
95158681,31.0358,35.8327,466,35938,0.418619,0.83,1,1212767,1212301,466
95161601,44.6072,45.5665,466,35997,0.427724,0.77,1,1212815,1212349,466
95164521,28.1214,34.7133,458,36056,0.429545,0.67,1,1212839,1212381,458
95167441,68.0243,68.5427,459,36115,0.477909,0.69,1,1212917,1212458,459
95170361,39.2049,40.9085,457,36174,0.503582,0.67,1,1212949,1212492,457
95173281,32.641,36.9817,452,36232,0.492716,0.59,1,1212980,1212528,452
95176201,28.9282,30.5963,451,36290,0.474543,0.53,1,1213008,1212557,451
95179121,20.1856,22.9193,448,36348,0.502909,0.51,1,1213026,1212578,448
95182041,26.4371,29.3839,445,36406,0.508582,0.53,1,1213054,1212609,445
95184961,16.4874,19.4768,442,36464,0.477716,0.35,1,1213068,1212626,442
95187881,66.4975,67.8954,441,36522,0.535543,0.37,1,1213147,1212706,441
95190801,38.0995,39.1791,440,36580,0.579109,0.43,1,1213178,1212738,440
95193721,30.0199,31.0358,439,36638,0.635822,0.43,1,1213206,1212767,439
95196641,47.604,44.6072,443,36696,0.647164,0.43,1,1213258,1212815,443
95199561,28.7208,28.1214,443,36754,0.649433,0.49,1,1213282,1212839,443
95202481,71.3442,68.0243,447,36811,0.617887,0.51,1,1213364,1212917,447
95205401,38.2688,39.2049,445,36868,0.611577,0.49,1,1213394,1212949,445
95208321,33.2538,32.641,446,36925,0.674316,0.47,1,1213426,1212980,446
95211241,28.2508,28.9282,445,36982,0.638863,0.51,1,1213453,1213008,445
95214161,21.6502,20.1856,447,37039,0.647773,0.51,1,1213473,1213026,447
95217081,25.13,26.4371,445,37096,0.649554,0.47,1,1213499,1213054,445
95220001,18.626,16.4874,448,37153,0.665911,0.47,1,1213516,1213068,448
95222921,67.7252,3.29748,528,37210,0.621182,0.55,1,1213596,1213068,528
95225841,39.945,63.8595,482,37267,0.660236,0.59,1,1213629,1213147,482
95228761,31.189,37.5719,480,37324,0.684047,0.65,1,1213658,1213178,480
95231681,48.6378,29.9144,505,37381,0.688809,0.65,1,1213711,1213206,505
95234601,28.9276,47.5829,477,37438,0.689762,0.65,1,1213735,1213258,477
95237521,69.7855,28.7166,533,37494,0.721952,0.61,1,1213815,1213282,533
95240441,37.9571,71.3433,481,37550,0.76039,0.61,2,1213845,1213364,481
95243361,34.7914,38.2687,485,37606,0.816078,0.69,2,1213879,1213394,485
95246281,27.7583,33.2537,479,37662,0.827216,0.63,2,1213905,1213426,479
95249201,22.3517,28.2507,473,37718,0.829443,0.65,2,1213926,1213453,473
95252121,25.2703,21.6501,479,37774,0.829889,0.65,2,1213952,1213473,479
95255041,17.8541,25.13,469,37830,0.829978,0.67,2,1213968,1213499,469
95257961,68.3708,18.626,533,37886,0.845996,0.61,2,1214049,1213516,533
95260881,40.8742,67.7252,487,37942,0.865199,0.67,2,1214083,1213596,487
95263801,32.1748,39.945,484,37998,0.90104,0.69,2,1214113,1213629,484
95406881,33,32,513,40632,0.79,1,2,1215938,1215425,513
95409801,45.8,48.8,509,40684,0.694,1,1,1215987,1215478,509
95412721,32.36,38.56,502,40736,0.5788,1,1,1216016,1215514,502
95415641,34.472,31.712,507,40788,0.50776,1,1,1216051,1215544,507
95418561,26.0944,27.9424,504,40840,0.541552,1,1,1216075,1215571,504
95421481,30.0189,25.5885,510,40892,0.43631,1,1,1216106,1215596,510
95424401,61.2038,25.9177,553,40944,0.351262,1,1,1216175,1215622,553
95427321,40.2408,65.9835,512,40996,0.126252,0.94,1,1216210,1215698,512
95430241,29.6482,38.7967,507,41047,0.0252505,1,1,1216237,1215730,507
95433161,35.5296,35.7593,509,41098,0.0130501,1,1,1216274,1215765,509
95436081,23.9059,35.9519,494,41149,0.00261002,0.99,1,1216295,1215801,494
95439001,33.5812,26.3904,506,41200,0.008522,0.95,1,1216331,1215825,506
95441921,37.9162,34.0781,509,41251,0.0097044,0.87,1,1216370,1215861,509
95444841,29.9832,42.0156,493,41302,0.00994088,0.79,1,1216398,1215905,493
95447761,41.9966,34.8031,505,41353,0.00998818,0.67,1,1216443,1215938,505
95450681,27.5993,46.1606,480,41404,0.0259976,0.55,1,1216467,1215987,480
95453601,31.9199,32.4321,484,41455,0.0451995,0.49,1,1216500,1216016,484
95456521,21.584,34.4864,468,41506,0.0330399,0.55,1,1216519,1216051,468
95459441,5.91679,26.0973,446,41557,0.030608,0.41,1,1216521,1216075,446
95462361,22.7834,30.0195,442,41608,0.0461216,0.33,1,1216548,1216106,442
95465281,51.7567,61.2039,432,41659,0.0652243,0.07,1,1216607,1216175,432
95468201,32.7513,40.2408,425,41710,0.0370449,0,1,1216635,1216210,425
95471121,26.5503,29.6482,423,41761,0.031409,0.01,1,1216660,1216237,423
95474041,36.5101,35.5296,425,41812,0.0302818,0,1,1216699,1216274,425
95476961,22.502,23.9059,423,41862,0.0300564,0.01,1,1216718,1216295,423
95479881,32.5004,33.5812,422,41912,0.0140113,0.01,1,1216753,1216331,422
95482801,39.3001,37.9162,424,41962,0.0748023,0.01,1,1216794,1216370,424
95485721,29.46,29.9832,423,42012,0.11896,0.01,1,1216821,1216398,423
95488641,42.692,41.9966,424,42062,0.0317921,0.03,1,1216867,1216443,424
95491561,27.7384,27.5993,424,42112,0.0463584,0.05,1,1216891,1216467,424
95494481,31.9477,31.9199,424,42162,0.0172717,0.03,1,1216924,1216500,424
95497401,20.7895,21.584,423,42212,0.0434543,0.03,1,1216942,1216519,423
95500321,5.75791,5.91679,423,42262,0.0486909,0.05,1,1216944,1216521,423
95503241,24.3516,22.7834,425,42312,0.0497382,0.07,1,1216973,1216548,425
95506161,50.4703,51.7567,423,42362,0.0819476,0.03,1,1217030,1216607,423
95509081,32.4941,32.7513,423,42412,0.0563895,0.03,1,1217058,1216635,423
95512001,25.6988,26.5503,422,42462,0.0352779,0.03,1,1217082,1216660,422
95514921,36.3398,36.5101,422,42512,0.0310556,0.03,1,1217121,1216699,422
95517841,23.268,22.502,423,42562,0.0622111,0.01,1,1217141,1216718,423
95520761,31.8536,32.5004,422,42612,0.0204422,0.09,1,1217175,1216753,422
95523681,43.1707,39.3001,427,42662,0.0600884,0.13,1,1217221,1216794,427
95526601,28.6341,29.46,425,42711,0.0680177,0.01,1,1217246,1216821,425
95529521,40.9268,42.692,423,42760,0.0376035,0.05,1,1217290,1216867,423
95532441,26.5854,27.7384,422,42809,0.0155207,0.01,1,1217313,1216891,422
95535361,31.7171,31.9477,422,42858,0.0111041,0.05,1,1217346,1216924,422
95538281,22.3434,20.7895,424,42907,0.0422208,0.05,1,1217366,1216942,424
95541201,6.06868,5.75791,424,42956,0.0484442,0.05,1,1217368,1216944,424
95544121,22.8137,24.3516,422,43005,0.0496888,0.05,1,1217395,1216973,422
95547041,50.9627,4.87032,480,43054,0.0659378,0.09,1,1217453,1216973,480
95549961,30.9926,46.5741,449,43103,0.0851876,0.05,1,1217479,1217030,449
95552881,25.3985,31.7148,445,43152,0.0890375,0.03,1,1217503,1217058,445
95555801,36.2797,25.543,460,43201,0.105808,0.03,1,1217542,1217082,460
95558721,24.0559,36.3086,442,43250,0.0931615,0.07,1,1217563,1217121,442
95561641,31.2112,23.2617,455,43299,0.0266323,0.01,1,1217596,1217141,455
95564561,43.8422,31.8523,468,43348,0.0453265,0.07,1,1217643,1217175,468
95567481,28.7684,43.1705,447,43397,0.0650653,0.07,1,1217668,1217221,447
95570401,40.9537,28.6341,466,43446,0.0210131,0.03,1,1217712,1217246,466
95573321,25.7907,40.9268,444,43495,0.0282026,0.01,1,1217734,1217290,444
95576241,31.5581,26.5854,454,43544,0.0296405,0.01,1,1217767,1217313,454
95579161,22.3116,31.7171,441,43592,0.0299281,0.05,1,1217787,1217346,441
95582081,6.06233,22.3434,423,43640,0.0299856,0.05,1,1217789,1217366,423
95585001,22.8125,6.06868,448,43688,0.0299971,0.05,1,1217816,1217368,448
95587921,53.3625,22.8137,482,43736,0.0619994,0.07,1,1217877,1217395,482
95590841,32.2725,50.9627,451,43784,0.0683999,0.09,1,1217904,1217453,451
95593761,25.6545,30.9926,449,43832,0.11768,0.09,1,1217928,1217479,449
95596681,35.5309,25.3985,463,43880,0.175536,0.11,1,1217966,1217503,463
95599601,24.7062,36.2797,446,43928,0.187107,0.09,1,1217988,1217542,446
95602521,28.1412,24.0559,454,43976,0.173421,0.01,1,1218017,1217563,454
95605441,44.8282,31.2112,470,44024,0.122684,0.05,1,1218066,1217596,470
95608361,29.7657,43.8422,449,44072,0.144537,0.07,1,1218092,1217643,449
95611281,38.7531,28.7684,465,44120,0.164907,0.01,1,1218133,1217668,465
95614201,28.5506,40.9537,447,44168,0.136981,0.03,1,1218159,1217712,447
95617121,29.7101,25.7907,455,44216,0.131396,0.03,1,1218189,1217734,455
95620041,21.942,31.5581,442,44264,0.0982793,0.03,1,1218209,1217767,442
95622961,5.9884,22.3116,424,44312,0.0916559,0.03,1,1218211,1217787,424
95625881,22.7977,6.06233,449,44360,0.0903312,0.03,1,1218238,1217789,449
95628801,54.9595,22.8125,485,44408,0.0900662,0.07,1,1218301,1217816,485
95631721,34.1919,53.3625,453,44456,0.122013,0.07,1,1218330,1217877,453
95634641,8.43838,32.2725,428,44503,0.128403,0.13,1,1218332,1217904,428
95637561,20.8877,25.6545,428,44550,0.129681,0.19,1,1218356,1217928,428
95640481,36.9775,35.5309,431,44597,0.113936,0.19,1,1218397,1217966,431
95643401,24.9955,24.7062,431,44644,0.142787,0.17,1,1218419,1217988,431
95646321,26.5991,28.1412,429,44691,0.164557,0.11,1,1218446,1218017,429
95649241,42.9198,44.8282,427,44738,0.136911,0.15,1,1218493,1218066,427
95652161,30.984,29.7657,429,44785,0.131382,0.17,1,1218521,1218092,429
95655081,38.1968,38.7531,428,44832,0.130276,0.13,1,1218561,1218133,428
95658001,28.4394,28.5506,428,44879,0.130055,0.13,1,1218587,1218159,428
95660921,29.6879,29.7101,428,44926,0.178011,0.09,1,1218617,1218189,428
95663841,21.1376,21.942,427,44973,0.219602,0.09,1,1218636,1218209,427
95666761,5.82751,5.9884,427,45020,0.22792,0.09,1,1218638,1218211,427
95669681,21.9655,22.7977,426,45067,0.261584,0.09,1,1218664,1218238,426
95672601,55.5931,54.9595,427,45114,0.252317,0.13,1,1218728,1218301,427
95675521,35.1186,34.1919,428,45161,0.218463,0.13,1,1218758,1218330,428
95678441,8.62372,8.43838,428,45208,0.211693,0.13,1,1218760,1218332,428
95681361,20.9247,20.8877,428,45255,0.258339,0.11,1,1218784,1218356,428
95684281,36.1849,36.9775,427,45302,0.251668,0.15,1,1218824,1218397,427
95687201,25.637,24.9955,428,45349,0.298334,0.17,1,1218847,1218419,428
95690121,26.7274,26.5991,428,45396,0.291667,0.13,1,1218874,1218446,428
95693041,42.9455,42.9198,428,45442,0.290333,0.13,1,1218921,1218493,428
95695961,30.9891,30.984,428,45488,0.338067,0.13,1,1218949,1218521,428
95698881,38.1978,38.1968,428,45534,0.347613,0.13,1,1218989,1218561,428
95701801,29.2396,28.4394,429,45580,0.381523,0.19,1,1219016,1218587,429
95704721,32.2479,29.6879,432,45626,0.372305,0.23,1,1219049,1218617,432
95707641,22.4496,21.1376,433,45672,0.370461,0.23,1,1219069,1218636,433
95710561,6.08992,5.82751,433,45718,0.370092,0.27,1,1219071,1218638,433
95713481,22.018,21.9655,433,45764,0.370018,0.25,1,1219097,1218664,433
95716401,54.8036,55.5931,432,45810,0.370004,0.21,1,1219160,1218728,432
95719321,35.7607,35.1186,433,45856,0.386001,0.21,1,1219191,1218758,433
95722241,8.75214,8.62372,433,45902,0.3892,0.27,1,1219193,1218760,433
95725161,20.9504,20.9247,433,45948,0.42184,0.27,1,1219217,1218784,433
95728081,36.9901,4.18495,474,45994,0.380368,0.25,1,1219258,1218784,474
95731001,27.398,32.837,459,46040,0.388074,0.31,1,1219283,1218824,459
95733921,26.2796,24.9674,462,46086,0.405615,0.29,1,1219309,1218847,462
95736841,42.8559,26.5935,482,46132,0.425123,0.29,1,1219356,1218874,482
95739761,31.7712,42.9187,464,46178,0.461025,0.35,1,1219385,1218921,464
95742681,40.7542,30.9837,479,46224,0.500205,0.35,1,1219428,1218949,479
95745601,28.9508,38.1967,465,46270,0.508041,0.39,1,1219454,1218989,465
95748521,31.3902,29.2393,470,46316,0.509608,0.37,1,1219486,1219016,470
95751441,22.278,32.2479,457,46362,0.509922,0.37,1,1219506,1219049,457
95754361,6.05561,22.4496,439,46407,0.509984,0.37,1,1219508,1219069,439
95757281,22.8111,6.08991,464,46452,0.509997,0.37,1,1219535,1219071,464
95760201,55.7622,22.018,502,46497,0.557999,0.37,1,1219599,1219097,502
95763121,35.9524,54.8036,470,46542,0.5996,0.39,1,1219630,1219160,470
95766041,8.79049,35.7607,441,46587,0.60792,0.39,1,1219632,1219191,441
95768961,21.7581,8.75214,464,46632,0.625584,0.43,1,1219657,1219193,464
95771881,36.3516,20.9504,480,46677,0.629117,0.37,1,1219697,1219217,480
95774801,28.8703,36.9901,466,46722,0.645823,0.39,1,1219724,1219258,466
95777721,26.5741,27.398,467,46767,0.649165,0.41,1,1219750,1219283,467
95780641,43.7148,26.2796,489,46812,0.697833,0.43,1,1219798,1219309,489
95783561,34.343,42.8559,474,46857,0.739567,0.47,1,1219830,1219356,474
95786481,42.0686,31.7712,489,46902,0.779913,0.51,2,1219874,1219385,489
95789401,29.2137,40.7542,472,46947,0.803983,0.51,2,1219900,1219428,472
95792321,31.4427,28.9508,478,46992,0.808797,0.51,2,1219932,1219454,478
95795241,22.2885,31.3902,466,47037,0.825759,0.51,2,1219952,1219486,466
95798161,6.05771,22.278,448,47082,0.829152,0.51,2,1219954,1219506,448
95801081,22.8115,6.05561,473,47127,0.81383,0.51,2,1219981,1219508,473
95804001,58.9623,22.8111,514,47172,0.842766,0.57,2,1220049,1219535,514
95806921,37.3925,55.7622,482,47217,0.848553,0.61,2,1220081,1219599,482
95809841,9.07849,35.9524,453,47262,0.849711,0.61,2,1220083,1219630,453
95812761,22.6157,8.79049,477,47307,0.865942,0.63,2,1220109,1219632,477
95815681,37.3231,21.7581,493,47352,0.901188,0.63,2,1220150,1219657,493
95818601,9.06463,36.3516,455,47397,0.876238,0.65,2,1220152,1219697,455
95821521,22.6129,28.8703,454,47441,0.935247,0.65,2,1220178,1219724,454
95824441,25.3226,26.5741,454,47485,0.915049,0.71,2,1220204,1219750,454
95827361,45.8645,43.7148,457,47529,0.91101,0.75,2,1220255,1219798,457
95830281,36.3729,34.343,459,47573,0.926202,0.79,2,1220289,1219830,459
95833201,44.8746,42.0686,462,47617,0.94524,0.81,2,1220336,1219874,462
96069721,193,237,422,23360,0.03,0.07,1,1223110,1222688,422
96098921,96.2,105.8,421,23360,0.014,0.01,1,1223182,1222761,421
96101841,83.24,45.96,470,23451,0.0588,0.07,1,1223262,1222792,470
96104761,43.848,50.792,452,23541,0.09976,0,1,1223296,1222844,452
96107681,16.7696,34.9584,431,23631,0.107952,0.01,1,1223306,1222875,431
96110601,30.5539,30.9917,435,23721,0.0455904,0.01,1,1223340,1222905,435
96113521,62.1108,44.5983,457,23810,0.0491181,0.03,1,1223410,1222953,457
96116441,62.8222,58.5197,458,23899,0.0338236,0.05,1,1223473,1223015,458
96119361,58.9644,61.3039,454,23988,0.0947647,0.05,1,1223531,1223077,454
96122281,69.3929,66.6608,458,24076,0.0429529,0.07,1,1223603,1223145,458
96125201,81.0786,106.932,425,24164,0.0165906,0.11,1,1223687,1223262,425
96128121,45.0157,48.5864,427,24252,0.0593181,0.11,1,1223723,1223296,427
96131041,15.4031,17.7173,425,24339,0.0678636,0.03,1,1223731,1223306,425
96133961,30.2806,30.7435,425,24426,0.0535727,0.05,1,1223765,1223340,425
96136881,61.2561,62.1487,424,24513,0.0667145,0.03,1,1223834,1223410,424
96139801,61.8512,62.8297,423,24599,0.0373429,0.11,1,1223896,1223473,423
96142721,58.7702,58.9659,423,24685,0.0634686,0.03,1,1223954,1223531,423
96145641,68.554,69.3932,422,24771,0.0206937,0.01,1,1224025,1223603,422
96148561,80.9108,81.0786,422,24857,0.0121387,0.07,1,1224109,1223687,422
96151481,47.3822,45.0157,425,24942,0.0104277,0.07,1,1224148,1223723,425
96154401,15.8764,15.4031,425,25027,0.0100855,0.05,1,1224156,1223731,425
96157321,27.9753,30.2806,422,25112,0.0420171,0.07,1,1224187,1223765,422
96160241,61.5951,61.2561,423,25196,0.0644034,0.03,1,1224257,1223834,423
96163161,61.919,61.8512,423,25280,0.0848807,0.07,1,1224319,1223896,423
96166081,60.3838,58.7702,425,25364,0.0889761,0.01,1,1224379,1223954,425
96169001,66.4768,68.554,422,25448,0.0417952,0.01,1,1224447,1224025,422
96171921,79.6954,13.7108,505,25531,0.032359,0.01,1,1224530,1224025,505
96174841,47.1391,69.9422,460,25614,0.0304718,0.01,1,1224569,1224109,460
96177761,16.6278,45.1884,430,25697,0.0460944,0.01,1,1224578,1224148,430
96180681,27.3256,15.4377,452,25779,0.0652189,0.05,1,1224608,1224156,452
96183601,62.2651,27.8875,492,25861,0.0530438,0.07,1,1224679,1224187,492
96186521,62.853,61.5775,485,25943,0.0986088,0.09,1,1224742,1224257,485
96189441,63.7706,61.9155,487,26025,0.123722,0.09,1,1224806,1224319,487
96192361,62.3541,60.3831,489,26106,0.128744,0.03,1,1224868,1224379,489
96195281,79.6708,66.4766,505,26187,0.0497489,0.03,1,1224952,1224447,505
96198201,47.1342,79.6953,461,26268,0.0339498,0.03,1,1224991,1224530,461
96201121,17.4268,47.1391,432,26349,0.03079,0.05,1,1225001,1224569,432
96204041,28.2854,16.6278,454,26429,0.078158,0.07,1,1225032,1224578,454
96206961,63.2571,27.3256,496,26509,0.0876316,0.05,1,1225104,1224608,496
96209881,63.8514,62.2651,489,26589,0.153526,0.11,1,1225168,1224679,489
96212801,63.1703,62.853,489,26669,0.198705,0.13,1,1225231,1224742,489
96215721,62.2341,63.7706,487,26748,0.191741,0.13,1,1225293,1224806,487
96218641,77.2468,62.3541,506,26827,0.110348,0.03,1,1225374,1224868,506
96221561,46.6494,79.6708,461,26906,0.0620696,0.03,1,1225413,1224952,461
96224481,10.9299,47.1342,424,26985,0.0524139,0.03,1,1225415,1224991,424
96227401,10.986,17.4268,425,27063,0.0664828,0.09,1,1225426,1225001,425
96230321,27.7972,28.2854,426,27141,0.0532966,0.09,1,1225458,1225032,426
96233241,64.7594,63.2571,428,27219,0.0666593,0.17,1,1225532,1225104,428
96236161,65.7519,63.8514,430,27297,0.149332,0.21,1,1225598,1225168,430
96239081,65.1504,63.1703,432,27375,0.181866,0.19,1,1225663,1225231,432
96242001,63.4301,62.2341,433,27452,0.188373,0.09,1,1225726,1225293,433
96244921,71.886,77.2468,426,27529,0.221675,0.05,1,1225800,1225374,426
96247841,43.9772,46.6494,424,27606,0.228335,0.05,1,1225837,1225413,424
96250761,10.3954,10.9299,424,27683,0.229667,0.07,1,1225839,1225415,424
96253681,10.8791,10.986,424,27760,0.261933,0.05,1,1225850,1225426,424
96256601,27.7758,27.7972,424,27836,0.268387,0.07,1,1225882,1225458,424
96259521,67.1552,64.7594,427,27912,0.269677,0.17,1,1225959,1225532,427
96262441,68.631,65.7519,430,27988,0.253935,0.19,1,1226028,1225598,430
96265361,64.9262,65.1504,429,28064,0.250787,0.19,1,1226092,1225663,429
96268281,64.9852,63.4301,431,28139,0.282157,0.23,1,1226157,1225726,431
96271201,74.597,71.886,434,28214,0.336431,0.23,1,1226234,1225800,434
96274121,43.7194,43.9772,433,28289,0.395286,0.23,1,1226270,1225837,433
96277041,10.3439,10.3954,433,28364,0.375057,0.23,1,1226272,1225839,433
96279961,11.6688,2.07909,445,28439,0.371011,0.27,1,1226284,1225839,445
96282881,27.9338,9.21582,466,28513,0.402202,0.27,1,1226316,1225850,466
96285801,65.5868,27.4432,509,28587,0.45644,0.27,1,1226391,1225882,509
96288721,67.5174,67.0886,500,28661,0.499288,0.25,1,1226459,1225959,500
96291641,66.3035,68.6177,497,28735,0.507858,0.25,1,1226525,1226028,497
96294561,66.0607,64.9235,499,28809,0.509571,0.29,1,1226591,1226092,499
96297481,78.0121,64.9847,515,28882,0.509914,0.35,1,1226672,1226157,515
96300401,45.2024,74.5969,475,28955,0.525983,0.41,1,1226709,1226234,475
96303321,10.6405,43.7194,441,29028,0.529197,0.37,1,1226711,1226270,441
96306241,11.7281,10.3439,451,29101,0.529839,0.37,1,1226723,1226272,451
96309161,30.3456,11.6688,474,29174,0.577968,0.41,1,1226758,1226284,474
96312081,67.6691,27.9338,519,29247,0.603594,0.47,1,1226835,1226316,519
96315001,70.3338,65.5868,515,29319,0.672719,0.51,1,1226906,1226391,515
96317921,66.0668,67.5174,512,29391,0.702544,0.51,1,1226971,1226459,512
96320841,66.0134,66.3035,512,29463,0.740509,0.51,1,1227037,1226525,512
96323761,78.0027,66.0607,527,29535,0.780102,0.51,2,1227118,1226591,527
96326681,46.0005,78.0121,484,29607,0.77202,0.53,2,1227156,1226672,484
96329601,10.8001,45.2024,449,29678,0.770404,0.53,2,1227158,1226709,449
96332521,11.76,10.6405,459,29749,0.786081,0.53,2,1227170,1226711,459
96335441,31.952,11.7281,484,29820,0.805216,0.59,2,1227207,1226723,484
96338361,7.9904,30.3456,451,29891,0.809043,0.61,2,1227209,1226758,451
96341281,63.9981,67.6691,452,29962,0.841809,0.69,2,1227287,1226835,452
96344201,72.7996,70.3338,456,30033,0.864362,0.71,2,1227362,1226906,456
96475601,61,47,494,33054,0.55,1,1,1229531,1229037,494
96478521,33.8,25.4,501,33118,0.486,1,1,1229558,1229057,501
96481441,31.56,26.68,505,33182,0.4412,1,1,1229589,1229084,505
96484361,14.312,28.536,486,33246,0.35224,1,1,1229599,1229113,486
96487281,26.8624,23.3072,494,33310,0.270448,1,1,1229629,1229135,494
96490201,32.5725,29.4614,497,33373,0.20609,1,1,1229663,1229166,497
96493121,65.7145,67.4923,494,33436,0.0412179,1,1,1229737,1229243,494
96496041,39.5429,35.0985,500,33499,0.0642436,1,1,1229770,1229270,500
96498961,33.5086,47.8197,481,33562,0.0688487,0.87,1,1229802,1229321,481
96501881,59.5017,77.5639,462,33625,0.0697697,0.79,1,1229868,1229406,462
96504801,60.7003,66.7128,459,33688,0.0219539,0.55,1,1229929,1229470,459
96507721,52.1401,62.1426,448,33751,0.0603908,0.47,1,1229979,1229531,448
96510641,28.028,34.0285,443,33814,0.0680782,0.43,1,1230001,1229558,443
96513561,26.4056,31.6057,438,33877,0.117616,0.33,1,1230027,1229589,438
96516481,10.8811,14.3211,435,33939,0.111523,0.25,1,1230034,1229599,435
96519401,24.5762,26.8642,433,34001,0.142305,0.19,1,1230062,1229629,433
96522321,29.7152,32.5728,430,34063,0.100461,0,1,1230093,1229663,430
96525241,59.5431,65.7146,423,34125,0.0760922,0.07,1,1230160,1229737,423
96528161,40.7086,39.5429,426,34187,0.151218,0.07,1,1230196,1229770,426
96531081,32.9417,33.5086,425,34249,0.134244,0.07,1,1230227,1229802,425
96534001,58.5883,6.70172,490,34311,0.194849,0.07,1,1230292,1229802,490
96536921,58.1177,54.1403,482,34373,0.20697,0.01,1,1230350,1229868,482
96539841,54.0235,59.6281,474,34435,0.177394,0.07,1,1230403,1229929,474
96542761,30.8047,51.9256,449,34496,0.219479,0.07,1,1230428,1229979,449
96545681,25.3609,27.9851,451,34557,0.195896,0.13,1,1230452,1230001,451
96548601,11.4722,26.397,433,34618,0.191179,0.11,1,1230460,1230027,433
96551521,24.6944,10.8794,454,34679,0.190236,0.15,1,1230488,1230034,454
96554441,29.7389,24.5759,457,34740,0.206047,0.09,1,1230519,1230062,457
96557361,57.9478,29.7152,491,34801,0.177209,0.07,1,1230584,1230093,491
96560281,42.7896,59.543,463,34862,0.155442,0.17,1,1230623,1230160,463
96563201,33.3579,40.7086,458,34923,0.183088,0.13,1,1230654,1230196,458
96566121,61.8716,32.9417,496,34984,0.268618,0.21,1,1230723,1230227,496
96569041,58.7743,58.5883,489,35044,0.333724,0.21,1,1230781,1230292,489
96571961,54.1549,58.1177,484,35104,0.362745,0.17,1,1230834,1230350,484
96574881,30.031,54.0235,455,35164,0.416549,0.23,1,1230858,1230403,455
96577801,25.2062,30.8047,454,35224,0.44331,0.19,1,1230882,1230428,454
96580721,11.4412,25.3609,438,35284,0.448662,0.19,1,1230890,1230452,438
96583641,24.6882,11.4722,458,35344,0.465732,0.19,1,1230918,1230460,458
96586561,28.9376,24.6944,460,35404,0.469146,0.21,1,1230948,1230488,460
96589481,57.7875,29.7389,494,35464,0.501829,0.17,1,1231013,1230519,494
96592401,42.7575,57.9478,468,35524,0.508366,0.15,1,1231052,1230584,468
96595321,35.7515,42.7896,463,35584,0.525673,0.19,1,1231086,1230623,463
96598241,65.5503,33.3579,505,35643,0.529135,0.29,1,1231159,1230654,505
96601161,14.7101,61.8716,438,35702,0.497827,0.35,1,1231161,1230723,438
96604081,50.142,58.7743,439,35761,0.523565,0.37,1,1231220,1230781,439
96607001,54.8284,54.1549,442,35820,0.576713,0.43,1,1231276,1230834,442
96609921,31.7657,30.031,444,35879,0.587343,0.45,1,1231302,1230858,444
96612841,25.5531,25.2062,444,35938,0.621469,0.45,1,1231326,1230882,444
96615761,11.5106,11.4412,444,35997,0.628294,0.47,1,1231334,1230890,444
96618681,25.5021,24.6882,445,36056,0.645659,0.47,1,1231363,1230918,445
96621601,29.1004,28.9376,445,36115,0.649132,0.51,1,1231393,1230948,445
96624521,59.4201,57.7875,447,36174,0.681826,0.51,1,1231460,1231013,447
96627441,43.084,42.7575,447,36232,0.704365,0.53,1,1231499,1231052,447
96630361,36.6168,35.7515,448,36290,0.692873,0.53,1,1231534,1231086,448
96633281,64.9234,65.5503,447,36348,0.690575,0.49,1,1231606,1231159,447
96636201,14.5847,14.7101,447,36406,0.690115,0.53,1,1231608,1231161,447
96639121,50.9169,50.142,448,36464,0.754023,0.59,2,1231668,1231220,448
96642041,55.7834,54.8284,449,36522,0.798805,0.59,2,1231725,1231276,449
96644961,34.3567,31.7657,452,36580,0.839761,0.63,2,1231754,1231302,452
96647881,26.8713,25.5531,453,36638,0.831952,0.63,2,1231779,1231326,453
96650801,11.7743,11.5106,453,36696,0.83039,0.65,2,1231787,1231334,453
96653721,26.3549,25.5021,454,36754,0.814078,0.65,2,1231817,1231363,454
96656641,29.271,29.1004,454,36811,0.826816,0.69,2,1231847,1231393,454
96659561,61.0542,59.4201,456,36868,0.845363,0.71,2,1231916,1231460,456
96662481,44.2108,43.084,457,36925,0.865073,0.69,2,1231956,1231499,457
96665401,36.0422,36.6168,456,36982,0.853015,0.69,2,1231990,1231534,456
96668321,64.8084,64.9234,456,37039,0.898603,0.69,2,1232062,1231606,456
96671241,14.5617,14.5847,456,37096,0.875721,0.77,2,1232064,1231608,456
96882941,498,578,464,17520,0.63,0.85,1,1234799,1234335,464
96885861,216.4,189.2,518,18366,0.678,0.69,1,1234945,1234427,518
96888781,106.48,115.44,500,18482,0.7196,0.63,1,1235024,1234524,500
96891701,102.096,99.088,506,18597,0.75992,0.67,2,1235125,1234619,506
96894621,78.0192,91.8176,488,18711,0.767984,0.67,2,1235197,1234709,488
96897541,36.4038,65.5635,455,18824,0.801597,0.65,2,1235223,1234768,455
96900461,29.6808,22.7127,471,18937,0.776319,0.69,2,1235251,1234780,471
96903381,126.736,136.543,457,19049,0.883264,0.73,2,1235402,1234945,457
96906301,90.1472,90.5085,459,19160,0.920653,0.77,2,1235483,1235024,459
96990981,33,39,491,22145,0.49,1,1,1237611,1237120,491
96993901,25,32.6,483,22241,0.474,0.96,1,1237634,1237151,483
96996821,108.2,118.52,472,22336,0.4548,0.9,1,1237763,1237291,472
96999741,54.44,58.104,470,22431,0.38696,0.91,1,1237804,1237334,470
97002661,44.488,51.6208,462,22526,0.389392,0.91,1,1237846,1237384,462
97005581,89.6976,10.3242,563,22620,0.293878,0.71,1,1237947,1237384,563
97008501,80.3395,88.4648,533,22714,0.322776,0.55,1,1238025,1237492,533
97011421,40.0679,86.493,477,22807,0.328555,0.49,1,1238055,1237578,477
97014341,25.6136,43.6986,466,22900,0.361711,0.47,1,1238077,1237611,466
97017261,105.923,27.1397,569,22993,0.432342,0.45,1,1238203,1237634,569
97020181,52.3845,108.628,479,23085,0.398468,0.37,1,1238242,1237763,479
97023101,43.2769,54.5256,479,23177,0.407694,0.39,1,1238283,1237804,479
97026021,87.0554,44.5051,535,23268,0.489539,0.27,1,1238381,1237846,535
97028941,80.6111,89.701,513,23359,0.489908,0.33,1,1238460,1237947,513
97031861,43.3222,80.3402,469,23450,0.505982,0.33,1,1238494,1238025,469
97034781,27.8644,40.068,463,23540,0.525196,0.37,1,1238518,1238055,463
97037701,106.373,25.6136,567,23630,0.561039,0.45,1,1238644,1238077,567
97040621,53.2746,105.923,481,23720,0.600208,0.39,1,1238684,1238203,481
97043541,45.0549,52.3845,485,23809,0.624042,0.41,1,1238727,1238242,485
97046461,89.011,43.2769,544,23898,0.708808,0.51,1,1238827,1238283,544
97049381,80.2022,87.0554,524,23987,0.741762,0.49,1,1238905,1238381,524
97052301,17.6404,80.6111,447,24075,0.748352,0.51,1,1238907,1238460,447
97055221,30.7281,43.3222,447,24163,0.797671,0.53,2,1238941,1238494,447
97058141,24.5456,27.8644,446,24251,0.791534,0.57,2,1238964,1238518,446
97061061,108.909,106.373,450,24338,0.790307,0.61,2,1239094,1238644,450
97063981,55.3818,53.2746,452,24425,0.822061,0.63,2,1239136,1238684,452
97066901,46.2764,45.0549,453,24512,0.796412,0.73,2,1239180,1238727,453
97069821,93.2553,89.011,458,24598,0.823282,0.75,2,1239285,1238827,458
97072741,81.8511,80.2022,459,24684,0.908656,0.75,2,1239364,1238905,459
97075661,17.9702,17.6404,459,24770,0.925731,0.81,2,1239366,1238907,459
97201221,31,30,491,28213,0.47,1,1,1241818,1241327,491
97204141,40.6,34,499,28288,0.39,1,1,1241861,1241362,499
97207061,27.32,38.8,483,28363,0.358,1,1,1241885,1241402,483
97209981,54.264,7.76,544,28438,0.1916,1,1,1241946,1241402,544
97212901,43.6528,63.952,507,28512,0.14232,1,1,1241987,1241480,507
97215821,44.7306,40.7904,517,28586,0.084464,0.91,1,1242032,1241515,517
97218741,69.7461,43.3581,549,28660,0.136893,1,1,1242108,1241559,549
97221661,83.5492,73.4716,555,28734,0.115379,0.73,1,1242195,1241640,555
97224581,47.9098,94.6943,494,28808,0.0950757,0.63,1,1242234,1241740,494
97227501,29.582,56.5389,472,28881,0.0750151,0.47,1,1242259,1241787,472
97230421,39.5164,36.1078,483,28954,0.071003,0.37,1,1242301,1241818,483
97233341,23.1033,41.6216,459,29027,0.0862006,0.35,1,1242320,1241861,459
97236261,49.4207,27.5243,491,29100,0.10524,0.15,1,1242376,1241885,491
97239181,40.2841,54.3049,468,29173,0.077048,0.13,1,1242414,1241946,468
97242101,40.8568,43.661,468,29246,0.0714096,0.07,1,1242455,1241987,468
97245021,71.3714,44.7322,502,29318,0.102282,0.15,1,1242534,1242032,502
97247941,83.0743,69.7464,512,29390,0.188456,0.11,1,1242620,1242108,512
97250861,46.2149,83.5493,462,29462,0.237691,0.09,1,1242657,1242195,462
97253781,30.843,47.9099,450,29534,0.231538,0.07,1,1242684,1242234,450
97256701,38.9686,29.582,466,29606,0.262308,0.07,1,1242725,1242259,466
97259621,23.7937,39.5164,444,29677,0.268462,0.09,1,1242745,1242301,444
97262541,50.3587,23.1033,482,29748,0.285692,0.11,1,1242802,1242320,482
97265461,38.8717,49.4207,462,29819,0.305138,0.07,1,1242838,1242376,462
97268381,9.37435,40.2841,426,29890,0.309028,0.07,1,1242840,1242414,426
97271301,34.6749,40.8568,426,29961,0.325806,0.11,1,1242881,1242455,426
97274221,70.935,71.3714,427,30032,0.313161,0.21,1,1242961,1242534,427
97277141,85.387,83.0743,430,30102,0.358632,0.25,1,1243050,1242620,430
97280061,49.8774,46.2149,434,30172,0.335726,0.23,1,1243091,1242657,434
97282981,32.3755,30.843,435,30242,0.331145,0.27,1,1243119,1242684,435
97285901,39.2751,38.9686,435,30312,0.394229,0.27,1,1243160,1242725,435
97288821,23.855,23.7937,435,30382,0.406846,0.29,1,1243180,1242745,435
97291741,51.971,50.3587,437,30452,0.425369,0.31,1,1243239,1242802,437
97294661,39.1942,38.8717,437,30521,0.397074,0.31,1,1243275,1242838,437
97297581,9.43884,9.37435,437,30590,0.423415,0.33,1,1243277,1242840,437
97300501,34.6878,34.6749,437,30659,0.428683,0.31,1,1243318,1242881,437
97303421,70.9376,70.935,437,30728,0.493737,0.37,1,1243398,1242961,437
97306341,86.1875,85.387,438,30797,0.538747,0.33,1,1243488,1243050,438
97309261,50.0375,49.8774,438,30866,0.579749,0.33,1,1243529,1243091,438
97312181,32.4075,32.3755,438,30935,0.58795,0.41,1,1243557,1243119,438
97315101,40.8815,39.2751,440,31003,0.66959,0.41,1,1243600,1243160,440
97318021,24.1763,23.855,440,31071,0.669918,0.43,1,1243620,1243180,440
97320941,52.8353,51.971,441,31139,0.717984,0.39,1,1243680,1243239,441
97323861,39.3671,39.1942,441,31207,0.727597,0.43,1,1243716,1243275,441
97326781,9.47341,9.43884,441,31275,0.729519,0.43,1,1243718,1243277,441
97329701,36.2947,34.6878,443,31343,0.793904,0.43,2,1243761,1243318,443
97332621,73.6589,6.93755,526,31411,0.838781,0.51,2,1243844,1243318,526
97335541,88.3318,65.3875,538,31478,0.847756,0.55,2,1243936,1243398,538
97338461,52.0664,85.0775,491,31545,0.833551,0.59,2,1243979,1243488,491
97341381,32.8133,49.8155,478,31612,0.83071,0.59,2,1244007,1243529,478
97344301,43.3627,32.3631,496,31679,0.846142,0.69,2,1244053,1243557,496
97347221,26.2725,40.8726,475,31746,0.833228,0.67,2,1244075,1243600,475
97350141,54.0545,24.1745,516,31813,0.846646,0.73,2,1244136,1243620,516
97353061,40.4109,52.8349,493,31880,0.833329,0.73,2,1244173,1243680,493
97355981,9.68218,39.367,459,31946,0.830666,0.73,2,1244175,1243716,459
97358901,37.9364,9.4734,502,32012,0.862133,0.81,2,1244220,1243718,502
97361821,77.1873,36.2947,546,32078,0.852427,0.85,2,1244307,1243761,546
97364741,89.0375,73.6589,555,32144,0.898485,0.85,2,1244399,1243844,555
97367661,51.4075,88.3318,505,32210,0.907697,0.83,2,1244441,1243936,505
97370581,32.6815,52.0664,490,32276,0.925539,0.83,2,1244469,1243979,490
97499061,29,29,509,35043,0.39,1,1,1246373,1245864,509
97501981,33.8,34.6,508,35103,0.278,1,1,1246408,1245900,508
97504901,32.36,33.32,507,35163,0.0796,1,1,1246440,1245933,507
97507821,63.272,30.664,548,35223,0.07192,1,1,1246511,1245963,548
97510741,39.8544,66.9328,506,35283,0.014384,1,1,1246545,1246039,506
97513661,35.1709,37.3866,510,35343,0.0028768,1,1,1246579,1246069,510
97516581,31.8342,33.8773,508,35403,0.00857536,1,1,1246610,1246102,508
97519501,55.1668,31.5755,538,35463,0.0737151,1,1,1246671,1246133,538
97522421,32.6334,60.7151,497,35523,0.054743,0.93,1,1246698,1246201,497
97525341,60.1267,40.143,529,35583,0.0349486,0.73,1,1246765,1246236,529
97528261,28.0253,68.0286,474,35642,0.0149897,0.53,1,1246785,1246311,474
97531181,7.20507,40.0057,443,35701,0.00299794,0.39,1,1246787,1246344,443
97534101,19.841,31.2011,437,35760,0.000599589,0.25,1,1246810,1246373,437
97537021,24.7682,34.2402,428,35819,0.0241199,0.03,1,1246836,1246408,428
97539941,26.5536,32.448,423,35878,0.044824,0.07,1,1246863,1246440,423
97542861,61.3107,63.2896,422,35937,0.0329648,0,1,1246933,1246511,422
97545781,41.0621,39.8579,424,35996,0.030593,0,1,1246969,1246545,424
97548701,33.8124,35.1716,422,36055,0.00611859,0.01,1,1247001,1246579,422
97551621,31.5625,31.8343,422,36114,0.0252237,0.09,1,1247032,1246610,422
97554541,55.1125,55.1669,422,36173,0.0450447,0.05,1,1247093,1246671,422
97557461,34.2225,32.6334,424,36231,0.0170089,0.03,1,1247122,1246698,424
97560381,58.8445,60.1267,422,36289,0.0914018,0.01,1,1247187,1246765,422
97563301,28.5689,28.0253,423,36347,0.0262804,0,1,1247208,1246785,423
97566221,7.31378,7.20507,423,36405,0.0132561,0,1,1247210,1246787,423
97569141,20.6628,19.841,424,36463,0.0266512,0.03,1,1247234,1246810,424
97572061,23.3326,24.7682,422,36521,0.0773302,0.05,1,1247258,1246836,422
97574981,27.0665,26.5536,423,36579,0.071466,0.03,1,1247286,1246863,423
97577901,60.6133,61.3107,422,36637,0.0542932,0.03,1,1247355,1246933,422
97580821,40.9227,41.0621,422,36695,0.0348586,0,1,1247391,1246969,422
97583741,33.7845,33.8124,422,36753,0.00697173,0.03,1,1247423,1247001,422
97586661,31.5569,31.5625,422,36810,0.0253943,0.05,1,1247454,1247032,422
97589581,55.1114,55.1125,422,36867,0.0290789,0.01,1,1247515,1247093,422
97592501,34.2223,34.2225,422,36924,0.0138158,0.11,1,1247544,1247122,422
97595421,59.6445,58.8445,423,36981,0.0587632,0.01,1,1247610,1247187,423
97598341,27.9289,28.5689,422,37038,0.0837526,0.01,1,1247630,1247208,422
97601261,7.18578,7.31378,422,37095,0.0887505,0.03,1,1247632,1247210,422
97604181,21.4372,20.6628,423,37152,0.0417501,0.03,1,1247657,1247234,423
97607101,23.4874,4.13255,447,37209,0.03235,0.09,1,1247681,1247234,447
97610021,26.2975,20.0265,450,37266,0.01447,0.07,1,1247708,1247258,450
97612941,59.6595,26.4053,490,37323,0.026894,0.05,1,1247776,1247286,490
97615861,41.5319,60.4811,458,37380,0.0133788,0.03,1,1247813,1247355,458
97618781,33.1064,40.8962,453,37437,0.00267576,0,1,1247844,1247391,453
97621701,31.4213,33.7792,452,37493,0.0405351,0.03,1,1247875,1247423,452
97624621,55.8843,31.5558,483,37549,0.016107,0.03,1,1247937,1247454,483
97627541,33.5769,55.1112,450,37605,0.0272214,0.01,1,1247965,1247515,450
97630461,62.7154,34.2222,491,37661,0.0134443,0.07,1,1248035,1247544,491
97633381,25.3431,59.6444,441,37717,0.0426889,0.09,1,1248051,1247610,441
97636301,6.66861,27.9289,423,37773,0.0485378,0.09,1,1248053,1247630,423
97639221,21.3337,7.18578,446,37829,0.0497076,0.03,1,1248078,1247632,446
97642141,25.0667,21.4372,447,37885,0.0339415,0.03,1,1248104,1247657,447
97645061,25.8133,23.4874,449,37941,0.0947883,0.01,1,1248130,1247681,449
97647981,60.3627,26.2975,491,37997,0.0269577,0.03,1,1248199,1247708,491
97650901,40.0725,59.6595,458,38053,0.0613915,0.01,1,1248234,1247776,458
97653821,32.8145,41.5319,452,38109,0.0122783,0,1,1248265,1247813,452
97656741,31.3629,33.1064,452,38164,0.0424557,0.05,1,1248296,1247844,452
97659661,56.6726,31.4213,484,38219,0.0324911,0.01,1,1248359,1247875,484
97662581,33.7345,55.8843,450,38274,0.0464982,0.03,1,1248387,1247937,450
97665501,63.5469,33.5769,493,38329,0.0332996,0.01,1,1248458,1247965,493
97668421,25.5094,62.7154,439,38384,0.0466599,0.05,1,1248474,1248035,439
97671341,6.70188,25.3431,425,38439,0.049332,0.05,1,1248476,1248051,425
97674261,22.1404,6.66861,449,38494,0.0818664,0.05,1,1248502,1248053,449
97677181,26.8281,21.3337,452,38549,0.0563733,0.03,1,1248530,1248078,452
97680101,24.5656,25.0667,450,38604,0.0352747,0.11,1,1248554,1248104,450
97683021,6.51312,25.8133,426,38659,0.0310549,0.01,1,1248556,1248130,426
97685941,53.3026,60.3627,422,38714,0.014211,0.07,1,1248621,1248199,422
97688861,38.6605,40.0725,422,38769,0.0428422,0,1,1248656,1248234,422
97691781,32.5321,32.8145,422,38823,0.00856844,0.05,1,1248687,1248265,422
97694701,32.9064,31.3629,424,38877,0.00971369,0.03,1,1248720,1248296,424
97697621,56.9813,56.6726,424,38931,0.0419427,0.05,1,1248783,1248359,424
97700541,34.5963,33.7345,425,38985,0.0483885,0.03,1,1248812,1248387,425
97703461,62.9193,63.5469,424,39039,0.0656777,0.05,1,1248882,1248458,424
97706381,25.3838,25.5094,424,39093,0.0691355,0.05,1,1248898,1248474,424
97709301,6.67677,6.70188,424,39147,0.0698271,0.09,1,1248900,1248476,424
97712221,22.1354,22.1404,424,39201,0.0379654,0.05,1,1248926,1248502,424
97715141,26.0271,26.8281,423,39255,0.0475931,0.03,1,1248953,1248530,423
97718061,24.4054,24.5656,423,39309,0.0175186,0.03,1,1248977,1248554,423
97720981,6.48108,6.51312,423,39363,0.0435037,0.01,1,1248979,1248556,423
97723901,52.4962,53.3026,422,39417,0.0487007,0.05,1,1249043,1248621,422
97726821,38.4992,38.6605,422,39471,0.0177401,0,1,1249078,1248656,422
97729741,32.4998,32.5321,422,39525,0.00354803,0.01,1,1249109,1248687,422
97732661,32.9,32.9064,422,39578,0.0407096,0.05,1,1249142,1248720,422
97735581,57.78,56.9813,423,39631,0.0321419,0.05,1,1249206,1248783,423
97738501,33.956,34.5963,422,39684,0.0464284,0.07,1,1249234,1248812,422
97741421,63.5912,62.9193,423,39737,0.177286,0.07,1,1249305,1248882,423
97744341,25.5182,25.3838,423,39790,0.219457,0.07,1,1249321,1248898,423
97747261,6.70365,6.67677,423,39843,0.227891,0.03,1,1249323,1248900,423
97750181,22.1407,22.1354,423,39896,0.213578,0.05,1,1249349,1248926,423
97753101,25.2281,26.0271,422,39949,0.226716,0.01,1,1249375,1248953,422
97756021,24.2456,24.4054,422,40002,0.229343,0.05,1,1249399,1248977,422
97758941,6.44913,6.48108,422,40055,0.277869,0.05,1,1249401,1248979,422
97761861,53.2898,52.4962,423,40108,0.207574,0.05,1,1249466,1249043,423
97764781,37.058,10.4992,456,40161,0.177515,0.01,1,1249499,1249043,456
97767701,32.2116,30.0998,452,40214,0.107503,0,1,1249530,1249078,452
97770621,32.8423,30.82,454,40267,0.0455006,0.05,1,1249563,1249109,454
97773541,58.5685,32.564,486,40319,0.0491001,0.03,1,1249628,1249142,486
97776461,34.9137,57.7128,451,40371,0.04982,0.05,1,1249657,1249206,451
97779381,68.5827,33.9426,500,40423,0.049964,0.21,1,1249734,1249234,500
97782301,27.3165,63.5885,446,40475,0.0659928,0.23,1,1249751,1249305,446
97785221,7.06331,25.5177,432,40527,0.0691986,0.23,1,1249753,1249321,432
97788141,23.8127,6.70354,458,40579,0.0698397,0.21,1,1249781,1249323,458
97791061,25.5625,22.1407,458,40631,0.0699679,0.23,1,1249807,1249349,458
97793981,25.1125,25.2281,457,40683,0.0859936,0.23,1,1249832,1249375,457
97796901,6.6225,24.2456,435,40735,0.0891987,0.29,1,1249834,1249399,435
97799821,50.9245,6.44913,495,40787,0.10584,0.19,1,1249896,1249401,495
97802741,36.5849,53.2898,463,40839,0.141168,0.17,1,1249929,1249466,463
97805661,24.917,37.058,452,40891,0.180234,0.09,1,1249951,1249499,452
97808581,32.1834,32.2116,455,40943,0.124047,0.03,1,1249985,1249530,455
97811501,60.0367,32.8423,489,40995,0.0808093,0.05,1,1250052,1249563,489
97814421,34.4073,58.5685,452,41046,0.0721619,0.05,1,1250080,1249628,452
97817341,68.4815,34.9137,500,41097,0.102432,0.05,1,1250157,1249657,500
97820261,28.0963,68.5827,441,41148,0.124486,0.07,1,1250175,1249734,441
97823181,7.21926,27.3165,426,41199,0.144897,0.07,1,1250177,1249751,426
97826101,23.8439,7.06331,452,41250,0.148979,0.07,1,1250205,1249753,452
97829021,25.5688,23.8127,450,41301,0.181796,0.07,1,1250231,1249781,450
97831941,25.9138,25.5625,450,41352,0.188359,0.09,1,1250257,1249807,450
97834861,6.78275,25.1125,427,41403,0.189672,0.09,1,1250259,1249832,427
97837781,52.5566,6.6225,489,41454,0.221934,0.11,1,1250323,1249834,489
97840701,37.7113,50.9245,461,41505,0.228387,0.15,1,1250357,1249896,461
97843621,9.14226,36.5849,430,41556,0.229677,0.19,1,1250359,1249929,430
97846541,20.2285,24.917,431,41607,0.245935,0.11,1,1250382,1249951,431
97849461,28.0457,32.1834,427,41658,0.217187,0.07,1,1250412,1249985,427
97852381,57.6091,60.0367,425,41709,0.275437,0.07,1,1250477,1250052,425
97855301,33.9218,34.4073,425,41760,0.287088,0.11,1,1250505,1250080,425
97858221,69.9844,68.4815,427,41811,0.321418,0.13,1,1250584,1250157,427
97861141,29.9969,28.0963,429,41861,0.328283,0.15,1,1250604,1250175,429
97864061,7.59937,7.21926,429,41911,0.329657,0.15,1,1250606,1250177,429
97866981,23.9199,23.8439,429,41961,0.345931,0.19,1,1250634,1250205,429
97869901,27.184,25.5688,431,42011,0.365186,0.19,1,1250662,1250231,431
97872821,27.8368,25.9138,433,42061,0.337037,0.19,1,1250690,1250257,433
97875741,7.16736,6.78275,433,42111,0.331407,0.23,1,1250692,1250259,433
97878661,52.6335,52.5566,433,42161,0.362282,0.23,1,1250756,1250323,433
97881581,37.7267,37.7113,433,42211,0.336456,0.23,1,1250790,1250357,433
97884501,9.14534,9.14226,433,42261,0.331291,0.25,1,1250792,1250359,433
97887421,19.4291,20.2285,432,42311,0.378258,0.21,1,1250814,1250382,432
97890341,28.6858,28.0457,433,42361,0.387652,0.29,1,1250845,1250412,433
97893261,58.5372,57.6091,434,42411,0.43753,0.29,1,1250911,1250477,434
97896181,34.9074,33.9218,435,42461,0.431506,0.33,1,1250940,1250505,435
97899101,70.9815,69.9844,436,42511,0.446301,0.33,1,1251020,1250584,436
97902021,30.9963,29.9969,437,42561,0.43326,0.33,1,1251041,1250604,437
97904941,7.79926,7.59937,437,42611,0.430652,0.35,1,1251043,1250606,437
97907861,23.9599,23.9199,437,42661,0.49413,0.37,1,1251071,1250634,437
97910781,27.992,27.184,438,42710,0.506826,0.33,1,1251100,1250662,438
97913701,26.3984,27.8368,436,42759,0.573365,0.33,1,1251126,1250690,436
97916621,6.87968,7.16736,436,42808,0.586673,0.37,1,1251128,1250692,436
97919541,54.1759,52.6335,438,42857,0.669335,0.33,1,1251194,1250756,438
97922461,38.0352,37.7267,438,42906,0.669867,0.33,1,1251228,1250790,438
97925381,9.20704,9.14534,438,42955,0.701973,0.39,1,1251230,1250792,438
97928301,20.2414,19.4291,439,43004,0.692395,0.39,1,1251253,1250814,439
97931221,28.0483,3.88581,469,43053,0.690479,0.39,1,1251283,1250814,469
97934141,60.8097,25.5772,507,43102,0.690096,0.45,1,1251352,1250845,507
97937061,34.5619,57.9154,469,43151,0.690019,0.43,1,1251380,1250911,469
97939981,71.7124,34.7831,521,43200,0.690004,0.45,1,1251461,1250940,521
97942901,32.7425,70.9566,464,43249,0.706001,0.43,1,1251484,1251020,464
97945821,8.14849,30.9913,445,43298,0.6772,0.43,1,1251486,1251041,445
97948741,24.8297,7.79826,472,43347,0.67144,0.51,1,1251515,1251043,472
97951661,30.5659,23.9597,476,43396,0.686288,0.51,1,1251547,1251071,476
97954581,29.3132,27.9919,476,43445,0.705258,0.59,1,1251576,1251100,476
97957501,7.46264,26.3984,452,43494,0.709051,0.59,1,1251578,1251126,452
97960421,57.4925,6.87968,520,43543,0.69381,0.69,1,1251648,1251128,520
97963341,38.6985,54.1759,488,43591,0.722762,0.67,1,1251682,1251194,488
97966261,9.3397,38.0352,456,43639,0.728552,0.71,1,1251684,1251228,456
97969181,21.0679,9.20704,478,43687,0.72971,0.69,1,1251708,1251230,478
97972101,28.2136,20.2414,485,43735,0.745942,0.69,1,1251738,1251253,485
97975021,60.8427,28.0483,524,43783,0.813188,0.69,2,1251807,1251283,524
97977941,34.5685,60.8097,483,43831,0.842638,0.69,2,1251835,1251352,483
97980861,71.7137,34.5619,536,43879,0.880528,0.69,2,1251916,1251380,536
97983781,32.7427,71.7124,478,43927,0.872105,0.71,2,1251939,1251461,478
97986701,8.14855,32.7425,457,43975,0.870421,0.67,2,1251941,1251484,457
97989621,24.0297,8.14849,483,44023,0.886084,0.67,2,1251969,1251486,483
97992541,31.2059,24.8297,487,44071,0.921217,0.69,2,1252002,1251515,487
97995461,30.2412,30.5659,485,44119,0.928243,0.71,2,1252032,1251547,485
97998381,7.64824,29.3132,458,44167,0.929649,0.71,2,1252034,1251576,458
98001301,58.3296,7.46264,527,44215,0.94593,0.69,2,1252105,1251578,527
98223221,69,84,477,22093,0.05,0.37,1,1254590,1254113,477
98226141,68.2,73.6,474,22189,0.114,0.03,1,1254658,1254184,474
98229061,54.44,86.72,435,22285,0.0628,0.01,1,1254709,1254274,435
98231981,62.888,54.944,453,22380,0.01256,0,1,1254774,1254321,453
98234901,53.3776,75.7888,423,22475,0.042512,0.03,1,1254825,1254402,423
98237821,29.0755,26.3578,432,22569,0.0805024,0.03,1,1254848,1254416,432
98240741,81.8151,22.8716,505,22663,0.0561005,0.07,1,1254943,1254438,505
98243661,74.763,70.9743,495,22757,0.0192201,0.05,1,1255016,1254521,495
98246581,69.3526,69.3949,494,22850,0.091844,0.13,1,1255084,1254590,494
98249501,51.4705,68.279,473,22943,0.122369,0.05,1,1255131,1254658,473
98252421,61.4941,54.4558,486,23035,0.0244738,0,1,1255195,1254709,486
98255341,53.0988,62.8912,472,23127,0.0128948,0.05,1,1255246,1254774,472
98258261,30.6198,53.3782,446,23219,0.0585789,0.09,1,1255271,1254825,446
98261181,83.724,29.0756,520,23310,0.0357158,0.05,1,1255368,1254848,520
98264101,72.7448,81.8151,495,23401,0.0951432,0.01,1,1255438,1254943,495
98267021,73.749,74.763,496,23492,0.0750286,0.11,1,1255512,1255016,496
98269941,49.9498,69.3526,472,23582,0.0710057,0.13,1,1255556,1255084,472
98272861,57.99,51.4705,485,23672,0.0142011,0,1,1255616,1255131,485
98275781,52.398,61.4941,472,23762,0.0268402,0.01,1,1255667,1255195,472
98278701,32.8796,53.0988,449,23851,0.061368,0.07,1,1255695,1255246,449
98281621,84.1759,30.6198,521,23940,0.0842736,0.03,1,1255792,1255271,521
98284541,18.4352,83.724,426,24029,0.0888547,0.11,1,1255794,1255368,426
98287461,58.887,72.7448,425,24117,0.121771,0.07,1,1255863,1255438,425
98290381,70.9774,73.749,425,24205,0.0963542,0.07,1,1255937,1255512,425
98293301,49.3955,49.9498,425,24293,0.107271,0,1,1255981,1255556,425
98296221,55.4791,57.99,422,24380,0.141454,0.03,1,1256038,1255616,422
98299141,52.6958,52.398,423,24467,0.100291,0.07,1,1256090,1255667,423
98302061,34.5392,32.8796,425,24554,0.0600582,0.09,1,1256120,1255695,425
98304981,85.3078,84.1759,426,24640,0.0840116,0.09,1,1256218,1255792,426
98307901,18.6616,18.4352,426,24726,0.120802,0.13,1,1256220,1255794,426
98310821,58.9323,58.887,426,24812,0.12816,0.09,1,1256289,1255863,426
98313741,70.9865,70.9774,426,24897,0.145632,0.11,1,1256363,1255937,426
98316661,50.9973,49.3955,428,24982,0.197126,0.15,1,1256409,1255981,428
98319581,55.7995,55.4791,428,25067,0.223425,0.09,1,1256466,1256038,428
98322501,47.9599,52.6958,422,25152,0.228685,0.05,1,1256512,1256090,422
98325421,33.592,34.5392,422,25236,0.197737,0.09,1,1256542,1256120,422
98328341,88.3184,85.3078,426,25320,0.143547,0.13,1,1256644,1256218,426
98331261,19.2637,18.6616,426,25404,0.180709,0.13,1,1256646,1256220,426
98334181,60.6527,58.9323,428,25487,0.172142,0.13,1,1256717,1256289,428
98337101,72.1305,11.7865,503,25570,0.282428,0.15,1,1256792,1256289,503
98340021,51.2261,61.5573,475,25653,0.320486,0.21,1,1256838,1256363,475
98342941,56.6452,49.1115,487,25736,0.376097,0.23,1,1256896,1256409,487
98345861,48.129,55.4223,476,25818,0.403219,0.23,1,1256942,1256466,476
98348781,32.0258,47.8845,458,25900,0.424644,0.19,1,1256970,1256512,458
98351701,88.0052,33.5769,530,25982,0.460929,0.13,1,1257072,1256542,530
98354621,19.201,88.3154,430,26064,0.468186,0.19,1,1257074,1256644,430
98357541,61.4402,19.2631,500,26145,0.469637,0.17,1,1257146,1256646,500
98360461,77.888,60.6526,511,26226,0.469927,0.31,1,1257228,1256717,511
98363381,53.9776,72.1305,484,26307,0.533985,0.33,1,1257276,1256792,484
98366301,58.7955,51.2261,498,26388,0.530797,0.39,1,1257336,1256838,498
98369221,49.3591,56.6452,487,26468,0.514159,0.41,1,1257383,1256896,487
98372141,33.0718,48.129,470,26548,0.526832,0.43,1,1257412,1256942,470
98375061,90.6144,32.0258,547,26628,0.529366,0.47,1,1257517,1256970,547
98377981,19.7229,88.0052,447,26708,0.529873,0.47,1,1257519,1257072,447
98380901,60.7446,19.201,516,26787,0.577975,0.47,1,1257590,1257074,516
98383821,77.7489,61.4402,526,26866,0.683595,0.47,1,1257672,1257146,526
98386741,17.1498,77.888,446,26945,0.704719,0.55,1,1257674,1257228,446
98389661,42.63,53.9776,447,27024,0.708944,0.53,1,1257723,1257276,447
98392581,57.326,58.7955,448,27102,0.725789,0.51,1,1257784,1257336,448
98395501,48.2652,49.3591,447,27180,0.745158,0.53,1,1257830,1257383,447
98398421,33.653,33.0718,448,27258,0.781032,0.53,2,1257860,1257412,448
98401341,92.3306,90.6144,450,27336,0.788206,0.53,2,1257967,1257517,450
98404261,20.0661,19.7229,450,27413,0.821641,0.59,2,1257969,1257519,450
98407181,62.4132,60.7446,452,27490,0.844328,0.71,2,1258042,1257590,452
98410101,82.0826,77.7489,457,27567,0.880866,0.71,2,1258129,1257672,457
98413021,18.0165,17.1498,457,27644,0.920173,0.71,2,1258131,1257674,457
98415941,42.8033,42.63,457,27721,0.880035,0.73,2,1258180,1257723,457
98418861,58.9607,57.326,459,27797,0.920007,0.75,2,1258243,1257784,459
98541501,27,31,479,30834,0.53,1,1,1260367,1259888,479
98544421,40.6,33.4,489,30903,0.45,1,1,1260411,1259922,489
98547341,69.72,81.08,473,30971,0.274,1,1,1260488,1260015,473
98550261,40.344,39.416,477,31039,0.2548,1,1,1260521,1260044,477
98553181,29.6688,31.0832,475,31107,0.17096,1,1,1260548,1260073,475
98556101,47.5338,47.0166,476,31175,0.154192,0.97,1,1260600,1260124,476
98559021,38.3068,39.8033,474,31243,0.134838,0.97,1,1260636,1260162,474
98561941,30.8614,34.3607,470,31311,0.178968,0.97,1,1260665,1260195,470
98564861,35.7723,6.87213,507,31379,0.139794,0.89,1,1260702,1260195,507
98567781,79.9545,38.1744,552,31446,0.211959,0.59,1,1260793,1260241,552
98570701,30.3909,86.8349,471,31513,0.258392,0.53,1,1260811,1260340,471
98573621,40.4782,38.967,487,31580,0.283678,0.43,1,1260854,1260367,487
98576541,62.4956,42.9934,511,31647,0.256736,0.23,1,1260922,1260411,511
98579461,35.6991,70.1987,463,31714,0.235347,0.25,1,1260951,1260488,463
98582381,27.9398,40.4397,456,31781,0.247069,0.15,1,1260977,1260521,456
98585301,44.788,29.6879,478,31848,0.265414,0.15,1,1261026,1260548,478
98588221,36.9576,47.5376,461,31914,0.269083,0.13,1,1261061,1260600,461
98591141,32.9915,38.3075,457,31980,0.285817,0.19,1,1261093,1260636,457
98594061,36.9983,30.8615,466,32046,0.289163,0.13,1,1261131,1260665,466
98596981,82.5997,35.7723,523,32112,0.401833,0.23,1,1261225,1260702,523
98599901,30.9199,79.9545,450,32178,0.440367,0.27,1,1261243,1260793,450
98602821,42.184,30.3909,477,32244,0.464073,0.29,1,1261288,1260811,477
98605741,62.0368,40.4782,501,32310,0.420815,0.25,1,1261355,1260854,501
98608661,37.2074,62.4956,464,32375,0.396163,0.23,1,1261386,1260922,464
98611581,26.6415,35.6991,459,32440,0.391233,0.25,1,1261410,1260951,459
98614501,43.7283,27.9398,481,32505,0.406246,0.27,1,1261458,1260977,481
98617421,38.3457,44.788,469,32570,0.457249,0.27,1,1261495,1261026,469
98620341,34.0691,36.9576,467,32635,0.49945,0.29,1,1261528,1261061,467
98623261,37.2138,32.9915,473,32700,0.52389,0.29,1,1261566,1261093,473
98626181,88.2428,36.9983,536,32765,0.528778,0.43,1,1261667,1261131,536
98629101,19.2486,82.5997,444,32830,0.529756,0.45,1,1261669,1261225,444
98632021,18.2497,30.9199,444,32894,0.529951,0.47,1,1261687,1261243,444
98634941,38.8499,42.184,443,32958,0.54599,0.41,1,1261731,1261288,443
98637861,60.57,62.0368,442,33022,0.597198,0.39,1,1261797,1261355,442
98640781,36.114,37.2074,441,33086,0.57544,0.39,1,1261827,1261386,441
98643701,27.2228,26.6415,442,33150,0.587088,0.41,1,1261852,1261410,442
98646621,43.8446,43.7283,442,33214,0.573418,0.47,1,1261900,1261458,442
98649541,41.5689,38.3457,446,33278,0.586684,0.51,1,1261941,1261495,446
98652461,35.5138,34.0691,447,33342,0.605337,0.53,1,1261975,1261528,447
98655381,38.3028,37.2138,448,33405,0.609067,0.53,1,1262014,1261566,448
98658301,88.4606,88.2428,448,33468,0.673813,0.53,1,1262115,1261667,448
98661221,19.2921,19.2486,448,33531,0.718763,0.53,1,1262117,1261669,448
98664141,18.2584,18.2497,448,33594,0.743753,0.55,1,1262135,1261687,448
98667061,39.6517,38.8499,449,33657,0.732751,0.61,1,1262180,1261731,449
98669981,61.5303,60.57,450,33720,0.76255,0.57,2,1262247,1261797,450
98672901,36.3061,36.114,450,33783,0.80051,0.59,2,1262277,1261827,450
98675821,26.4612,27.2228,449,33846,0.808102,0.57,2,1262301,1261852,449
98678741,44.4922,43.8446,450,33908,0.80962,0.59,2,1262350,1261900,450
98681661,43.2984,41.5689,452,33970,0.841924,0.61,2,1262393,1261941,452
98684581,35.8597,35.5138,452,34032,0.864385,0.61,2,1262427,1261975,452
98687501,38.3719,38.3028,452,34094,0.852877,0.69,2,1262466,1262014,452
98894821,87,35,569,38245,0.83,1,2,1265417,1264848,569
98897741,51.8,91.8,506,38300,0.894,1,2,1265460,1264954,506
98900661,43.16,47.96,510,38355,0.8748,1,2,1265501,1264991,510
98903581,26.232,39.192,495,38410,0.88696,1,2,1265523,1265028,495
98906501,35.6464,28.6384,507,38465,0.841392,1,2,1265561,1265054,507
99083161,80,107,473,18482,0.01,0.41,1,1267875,1267402,473
99086081,69.6,72.6,476,18597,0.058,0.09,1,1267942,1267466,476
99089001,61.92,71.32,465,18711,0.0516,0.15,1,1268002,1267537,465
99091921,54.784,75.064,442,18824,0.03432,0.07,1,1268055,1267613,442
99094841,22.9568,33.4128,434,18937,0.046864,0.01,1,1268070,1267636,434
99097761,123.791,133.883,424,19049,0.0653728,0.01,1,1268219,1267795,424
99100681,87.9583,90.7765,423,19160,0.0370746,0.07,1,1268298,1267875,423
99103601,72.7917,71.7553,425,19271,0.0954149,0.05,1,1268367,1267942,425
99106521,60.9583,62.3511,423,19381,0.075083,0.03,1,1268425,1268002,423
99109441,54.5917,54.8702,423,19490,0.0550166,0.05,1,1268478,1268055,423
99112361,22.9183,22.974,423,19599,0.0670033,0.05,1,1268493,1268070,423
99115281,122.984,4.59481,571,19707,0.0854007,0.07,1,1268641,1268070,571
99118201,86.9967,120.119,500,19815,0.0250801,0.03,1,1268719,1268219,500
99121121,74.9993,87.2238,493,19922,0.093016,0.11,1,1268791,1268298,493
99124041,60.5999,72.6448,481,20028,0.0906032,0.07,1,1268848,1268367,481
99126961,54.52,60.929,476,20134,0.0421206,0.05,1,1268901,1268425,476
99129881,21.304,54.5858,436,20239,0.0484241,0.07,1,1268914,1268478,436
99132801,125.861,22.9172,573,20344,0.129685,0.09,1,1269066,1268493,573
99135721,85.1722,122.983,500,20448,0.161937,0.01,1,1269141,1268641,500
99138641,77.8344,86.9967,498,20552,0.200387,0.11,1,1269217,1268719,498
99141561,60.3669,74.9993,482,20655,0.208077,0.09,1,1269273,1268791,482
99144481,52.0734,60.5999,475,20758,0.241615,0.03,1,1269323,1268848,475
99147401,20.0147,54.52,434,20860,0.264323,0.05,1,1269335,1268901,434
99150321,131.203,21.304,580,20962,0.300865,0.15,1,1269494,1268914,580
99153241,27.8406,125.861,430,21063,0.308173,0.17,1,1269496,1269066,430
99156161,65.5681,85.1722,430,21164,0.373635,0.21,1,1269571,1269141,430
99159081,75.5136,77.8344,432,21264,0.370727,0.21,1,1269649,1269217,432
99162001,60.7027,60.3669,433,21364,0.434145,0.25,1,1269706,1269273,433
99164921,53.7405,52.0734,435,21463,0.462829,0.27,1,1269758,1269323,435
99167841,18.7481,20.0147,433,21562,0.468566,0.31,1,1269768,1269335,433
99170761,134.15,131.203,437,21660,0.549713,0.31,1,1269931,1269494,437
99173681,28.4299,27.8406,437,21758,0.565943,0.39,1,1269933,1269496,437
99176601,67.286,65.5681,439,21855,0.553189,0.37,1,1270010,1269571,439
99179521,76.6572,75.5136,440,21952,0.566638,0.45,1,1270089,1269649,440
99182441,62.5314,60.7027,442,22049,0.553328,0.47,1,1270148,1269706,442
99185361,56.5063,53.7405,445,22145,0.550665,0.47,1,1270203,1269758,445
99188281,19.3013,18.7481,445,22241,0.550133,0.57,1,1270213,1269768,445
99191201,136.66,134.15,448,22336,0.630027,0.57,1,1270379,1269931,448
99194121,28.932,28.4299,448,22431,0.646005,0.55,1,1270381,1269933,448
99197041,66.5864,67.286,447,22526,0.681201,0.55,1,1270457,1270010,447
99199961,76.5173,13.4572,526,22620,0.70424,0.57,1,1270536,1270010,526
99202881,61.7035,65.8914,505,22714,0.708848,0.55,1,1270594,1270089,505
99205801,57.9407,60.3783,503,22807,0.78977,0.55,2,1270651,1270148,503
99208721,20.3881,56.0757,459,22900,0.821954,0.55,2,1270662,1270203,459
99211641,140.878,19.2151,620,22993,0.748391,0.65,1,1270833,1270213,620
99214561,29.7755,136.643,456,23085,0.733678,0.65,1,1270835,1270379,456
99217481,68.3551,28.9286,532,23177,0.826736,0.69,2,1270913,1270381,532
99220401,76.871,66.5857,535,23268,0.893347,0.71,2,1270992,1270457,535
99223321,62.5742,76.5171,515,23359,0.906669,0.71,2,1271051,1270536,515
99389761,38,34,507,28063,0.41,1,1,1274412,1273905,507
99392681,34.8,49.2,488,28138,0.41,1,1,1274446,1273958,488
99395601,38.96,38.64,492,28213,0.314,1,1,1274486,1273994,492
99398521,38.192,48.528,479,28288,0.2788,1,1,1274524,1274045,479
99401441,50.8384,39.3056,496,28363,0.19176,1,1,1274578,1274082,496
99404361,54.9677,7.86112,552,28438,0.158352,1,1,1274634,1274082,552
99407281,35.7935,62.3722,507,28512,0.15167,0.98,1,1274665,1274158,507
99410201,52.7587,41.2744,528,28586,0.214334,0.73,1,1274722,1274194,528
99413121,87.3517,65.8549,552,28660,0.178867,0.47,1,1274818,1274266,552
99416041,46.2703,99.571,480,28734,0.203773,0.41,1,1274854,1274374,480
99418961,31.6541,50.3142,470,28808,0.208755,0.41,1,1274882,1274412,470
99421881,33.5308,37.2628,470,28881,0.225751,0.29,1,1274916,1274446,470
99424801,36.3062,39.4526,467,28954,0.26115,0.27,1,1274953,1274486,467
99427721,49.6612,38.2905,482,29027,0.28423,0.17,1,1275006,1274524,482
99430641,53.9322,50.8581,483,29100,0.320846,0.15,1,1275061,1274578,483
99433561,35.5864,54.9716,458,29173,0.296169,0.15,1,1275092,1274634,458
99436481,55.1173,35.7943,487,29246,0.371234,0.23,1,1275152,1274665,487
99439401,87.8235,52.7589,526,29318,0.418247,0.17,1,1275248,1274722,526
99442321,47.1647,87.3518,467,29390,0.443649,0.21,1,1275285,1274818,467
99445241,31.8329,46.2704,459,29462,0.41673,0.21,1,1275313,1274854,459
99448161,35.1666,31.6541,467,29534,0.475346,0.23,1,1275349,1274882,467
99451081,39.8333,33.5308,474,29606,0.487069,0.27,1,1275390,1274916,474
99454001,49.5667,36.3062,489,29677,0.569414,0.29,1,1275442,1274953,489
99456921,54.7133,49.6612,492,29748,0.585883,0.33,1,1275498,1275006,492
99459841,36.5427,53.9322,469,29819,0.557177,0.29,1,1275530,1275061,469
99462761,8.90853,35.5864,440,29890,0.551435,0.39,1,1275532,1275092,440
99465681,51.3817,55.1173,442,29961,0.646287,0.43,1,1275594,1275152,442
99468601,89.4763,87.8235,445,30032,0.713257,0.45,1,1275693,1275248,445
99471521,46.6953,47.1647,444,30102,0.726651,0.41,1,1275729,1275285,444
99474441,30.9391,31.8329,443,30172,0.74533,0.49,1,1275756,1275313,443
99477361,35.7878,35.1666,444,30242,0.733066,0.49,1,1275793,1275349,444
99480281,43.1576,39.8333,448,30312,0.746613,0.59,1,1275838,1275390,448
99483201,52.6315,49.5667,451,30382,0.749323,0.59,1,1275893,1275442,451
99486121,55.3263,54.7133,451,30452,0.813865,0.55,2,1275949,1275498,451
99489041,36.6653,36.5427,451,30521,0.826773,0.55,2,1275981,1275530,451
99491961,8.93305,8.90853,451,30590,0.797355,0.67,2,1275983,1275532,451
99494881,55.3866,51.3817,456,30659,0.807471,0.73,2,1276050,1275594,456
99497801,91.8773,89.4763,458,30728,0.841494,0.73,2,1276151,1275693,458
99500721,47.1755,46.6953,458,30797,0.848299,0.75,2,1276187,1275729,458
99503641,30.2351,30.9391,457,30866,0.84966,0.73,2,1276213,1275756,457
99506561,34.847,35.7878,456,30935,0.833932,0.75,2,1276249,1275793,456
99509481,46.1694,43.1576,460,31003,0.862786,0.75,2,1276298,1275838,460
99512401,53.2339,52.6315,460,31071,0.868557,0.83,2,1276353,1275893,460
99515321,56.2468,55.3263,461,31139,0.869711,0.83,2,1276410,1275949,461
99518241,36.8494,36.6653,461,31207,0.869942,0.79,2,1276442,1275981,461
99521161,8.96987,8.93305,461,31275,0.869988,0.81,2,1276444,1275983,461
99524081,52.994,55.3866,458,31343,0.837998,0.81,2,1276508,1276050,458
99527001,93.7988,11.0773,562,31411,0.8796,0.85,2,1276612,1276050,562
99529921,47.5598,83.0155,497,31478,0.88792,0.85,2,1276648,1276151,497
99532841,30.312,45.4031,487,31545,0.889584,0.85,2,1276674,1276187,487
99535761,35.6624,29.8806,498,31612,0.905917,0.83,2,1276711,1276213,498
99652561,35,40,486,34186,0.71,1,1,1278550,1278064,486
99655481,37.4,33.6,492,34248,0.614,1,1,1278588,1278096,492
99658401,37.88,6.72,530,34310,0.5788,1,1,1278626,1278096,530
99661321,33.176,26.144,531,34372,0.53976,1,1,1278658,1278127,531
99664241,26.6352,31.6288,523,34434,0.467952,1,1,1278683,1278160,523
99667161,42.927,30.3258,540,34495,0.38959,1,1,1278730,1278190,540
99670081,58.1854,65.2652,528,34556,0.277918,1,1,1278792,1278264,528
99673001,46.0371,50.653,524,34617,0.223584,0.92,1,1278835,1278311,524
99675921,34.8074,50.9306,505,34678,0.228717,1,1,1278867,1278362,505
99678841,35.7615,39.7861,504,34739,0.229743,0.91,1,1278903,1278399,504
99681761,65.5523,36.7572,541,34800,0.181949,0.73,1,1278976,1278435,541
99684681,36.3105,71.3514,490,34861,0.18839,0.71,1,1279005,1278515,490
99687601,32.8621,42.2703,487,34922,0.205678,0.59,1,1279037,1278550,487
99690521,36.1724,38.8541,486,34983,0.257136,0.57,1,1279074,1278588,486
99693441,30.4345,38.1708,477,35043,0.299427,0.53,1,1279103,1278626,477
99696361,24.4869,33.2342,468,35103,0.307885,0.45,1,1279126,1278658,468
99699281,39.2974,26.6468,486,35163,0.309577,0.37,1,1279169,1278683,486
99702201,51.8595,42.9294,494,35223,0.293915,0.25,1,1279224,1278730,494
99705121,43.1719,58.1859,473,35283,0.306783,0.21,1,1279265,1278792,473
99708041,35.0344,46.0372,463,35343,0.293357,0.23,1,1279298,1278835,463
99710961,36.6069,34.8074,468,35403,0.354671,0.23,1,1279335,1278867,468
99713881,62.5214,35.7615,501,35463,0.366934,0.17,1,1279404,1278903,501
99716801,36.5043,65.5523,458,35523,0.417387,0.19,1,1279434,1278976,458
99719721,34.5009,36.3105,463,35583,0.427477,0.21,1,1279468,1279005,463
99722641,38.9002,32.8621,471,35642,0.525495,0.27,1,1279508,1279037,471
99725561,9.38003,36.1724,436,35701,0.545099,0.31,1,1279510,1279074,436
99728481,26.676,30.4345,438,35760,0.58102,0.31,1,1279541,1279103,438
99731401,21.3352,24.4869,435,35819,0.556204,0.31,1,1279561,1279126,435
99734321,40.267,39.2974,437,35878,0.615241,0.29,1,1279606,1279169,437
99737241,52.0534,51.8595,437,35937,0.627048,0.31,1,1279661,1279224,437
99740161,43.2107,43.1719,437,35996,0.58141,0.29,1,1279702,1279265,437
99743081,35.8421,35.0344,438,36055,0.604282,0.37,1,1279736,1279298,438
99746001,39.1684,36.6069,441,36114,0.608856,0.37,1,1279776,1279335,441
99748921,64.6337,62.5214,443,36173,0.641771,0.43,1,1279847,1279404,443
99751841,36.9267,36.5043,443,36231,0.680354,0.43,1,1279877,1279434,443
99754761,36.1853,34.5009,445,36289,0.688071,0.55,1,1279913,1279468,445
99757681,42.4371,38.9002,449,36347,0.689614,0.55,1,1279957,1279508,449
99760601,10.0874,9.38003,449,36405,0.657923,0.59,1,1279959,1279510,449
99763521,26.8175,26.676,449,36463,0.635585,0.55,1,1279990,1279541,449
99766441,21.3635,21.3352,449,36521,0.647117,0.63,1,1280010,1279561,449
99769361,42.6727,40.267,452,36579,0.697423,0.63,1,1280058,1279606,452
99772281,51.7345,52.0534,451,36637,0.755485,0.57,2,1280112,1279661,451
99775201,42.3469,43.2107,450,36695,0.767097,0.61,2,1280152,1279702,450
99778121,37.2694,35.8421,452,36753,0.737419,0.61,1,1280188,1279736,452
99781041,39.4539,39.1684,452,36810,0.747484,0.65,1,1280228,1279776,452
99783961,66.2908,64.6337,454,36867,0.765497,0.69,2,1280301,1279847,454
99786881,38.0582,36.9267,455,36924,0.785099,0.69,2,1280332,1279877,455
99789801,35.6116,36.1853,454,36981,0.80502,0.69,2,1280367,1279913,454
99792721,42.3223,42.4371,454,37038,0.777004,0.65,2,1280411,1279957,454
99795641,10.0645,10.0874,454,37095,0.739401,0.63,1,1280413,1279959,454
99798561,26.0129,26.8175,453,37152,0.76388,0.63,2,1280443,1279990,453
99801481,21.2026,5.3635,473,37209,0.768776,0.65,2,1280463,1279990,473
99804401,45.0405,17.0727,504,37266,0.833755,0.71,2,1280514,1280010,504
99807321,53.0081,41.8145,511,37323,0.846751,0.77,2,1280569,1280058,511
99810241,42.6016,51.5629,497,37380,0.86535,0.77,2,1280609,1280112,497
99813161,37.3203,42.3126,493,37437,0.86907,0.73,2,1280645,1280152,493
99816081,40.2641,37.2625,498,37493,0.885814,0.75,2,1280686,1280188,498
99819001,67.2528,39.4525,532,37549,0.921163,0.77,2,1280760,1280228,532
99973761,37,38,504,40423,0.77,1,2,1282733,1282229,504
99976681,53,38,523,40475,0.514,1,1,1282790,1282267,523
99979601,38.6,38.8,519,40527,0.4628,1,1,1282825,1282306,519
99982521,30.12,32.56,516,40579,0.40456,1,1,1282853,1282337,516
99985441,25.224,28.112,513,40631,0.264912,1,1,1282877,1282364,513
99988361,33.0448,31.2224,516,40683,0.140982,1,1,1282912,1282396,516
99991281,31.409,37.4445,508,40735,0.0361965,1,1,1282943,1282435,508
99994201,28.6818,33.0889,504,40787,0.0072393,1,1,1282971,1282467,504
99997121,35.3364,29.8178,512,40839,0.0574479,1,1,1283008,1282496,512
100000041,23.8673,34.7636,497,40891,0.0834896,1,1,1283029,1282532,497
100002961,31.9735,30.1527,502,40943,0.0246979,1,1,1283063,1282561,502
100005881,61.5947,30.8305,540,40995,0.0289396,0.93,1,1283132,1282592,540
100008801,34.7189,62.1661,498,41046,0.0137879,0.85,1,1283160,1282662,498
100011721,30.9438,39.6332,494,41097,0.0427576,0.77,1,1283190,1282696,494
100014641,38.1888,37.5266,497,41148,0.0485515,0.45,1,1283230,1282733,497
100017561,34.0378,53.1053,473,41199,0.0657103,0.45,1,1283263,1282790,473
100020481,23.6076,38.6211,459,41250,0.0691421,0.39,1,1283284,1282825,459
100023401,23.1215,30.1242,454,41301,0.0698284,0.23,1,1283307,1282853,454
100026321,31.8243,25.2248,464,41352,0.0699657,0.11,1,1283341,1282877,464
100029241,27.1649,33.045,455,41403,0.0859931,0.01,1,1283367,1282912,455
100032161,28.633,31.409,453,41454,0.0171986,0,1,1283396,1282943,453
100035081,32.1266,28.6818,458,41505,0.0434397,0.07,1,1283429,1282971,458
100038001,8.02532,35.3364,423,41556,0.0486879,0.09,1,1283431,1283008,423
100040921,21.6051,23.8673,427,41607,0.113738,0.01,1,1283456,1283029,427
100043841,27.521,31.9735,422,41658,0.190748,0.03,1,1283485,1283063,422
100046761,60.7042,61.5947,422,41709,0.0781495,0.01,1,1283554,1283132,422
100049681,35.3408,34.7189,423,41760,0.10363,0.05,1,1283583,1283160,423
100052601,31.0682,30.9438,423,41811,0.076726,0.05,1,1283613,1283190,423
100055521,38.2136,38.1888,423,41861,0.0873452,0.07,1,1283653,1283230,423
100058441,35.6427,34.0378,425,41911,0.121469,0.07,1,1283688,1283263,425
100061361,24.7285,23.6076,426,41961,0.0962938,0.07,1,1283710,1283284,426
100064281,22.5457,23.1215,425,42011,0.107259,0.07,1,1283732,1283307,425
100067201,32.5091,31.8243,426,42061,0.141452,0.09,1,1283767,1283341,426
100070121,24.9018,27.1649,423,42111,0.16429,0,1,1283790,1283367,423
100073041,28.9804,28.633,424,42161,0.104858,0.05,1,1283820,1283396,424
100075961,32.1961,32.1266,424,42211,0.0449716,0.05,1,1283853,1283429,424
100078881,8.03921,8.02532,424,42261,0.0329943,0.13,1,1283855,1283431,424
100081801,25.6078,21.6051,429,42311,0.0305989,0.21,1,1283885,1283456,429
100084721,27.5216,27.521,428,42361,0.0781198,0.05,1,1283913,1283485,428
100087641,57.5043,60.7042,424,42411,0.071624,0.11,1,1283978,1283554,424
100090561,35.5009,35.3408,425,42461,0.150325,0.07,1,1284008,1283583,425
100093481,31.1002,31.0682,425,42511,0.182065,0.09,1,1284038,1283613,425
100096401,37.42,38.2136,424,42561,0.172413,0.13,1,1284077,1283653,424
100099321,37.084,35.6427,426,42611,0.186483,0.09,1,1284114,1283688,426
100102241,25.8168,24.7285,427,42661,0.189297,0.11,1,1284137,1283710,427
100105161,22.7634,22.5457,427,42710,0.189859,0.15,1,1284159,1283732,427
100108081,34.1527,32.5091,429,42759,0.189972,0.17,1,1284196,1283767,429
100111001,24.4305,24.9018,428,42808,0.221994,0.09,1,1284218,1283790,428
100113921,25.6861,28.9804,424,42857,0.196399,0.03,1,1284244,1283820,424
100116841,30.7372,32.1961,423,42906,0.20728,0.03,1,1284276,1283853,423
100119761,7.74744,8.03921,423,42955,0.209456,0.03,1,1284278,1283855,423
100122681,24.7495,25.6078,422,43004,0.225891,0.03,1,1284307,1283885,422
100125601,28.1499,5.12157,451,43053,0.149178,0.09,1,1284336,1283885,451
100128521,60.03,23.4243,491,43102,0.165836,0.07,1,1284404,1283913,491
100131441,36.806,56.6849,457,43151,0.201167,0.17,1,1284435,1283978,457
100134361,32.1612,35.337,458,43200,0.208233,0.19,1,1284466,1284008,458
100137281,36.8322,31.0674,466,43249,0.225647,0.17,1,1284504,1284038,466
100140201,38.5664,37.4135,466,43298,0.229129,0.19,1,1284543,1284077,466
100143121,26.9133,37.0827,453,43347,0.261826,0.19,1,1284567,1284114,453
100146041,23.7827,25.8165,453,43396,0.252365,0.19,1,1284590,1284137,453
100148961,33.5565,22.7633,467,43445,0.282473,0.19,1,1284626,1284159,467
100151881,24.3113,34.1527,452,43494,0.288495,0.23,1,1284648,1284196,452
100154801,25.6623,24.4305,456,43543,0.305699,0.19,1,1284674,1284218,456
100157721,31.5325,25.6861,463,43591,0.29314,0.21,1,1284707,1284244,463
100160641,7.90649,30.7372,433,43639,0.290628,0.21,1,1284709,1284276,433
100163561,23.9813,7.74744,459,43687,0.290126,0.23,1,1284737,1284278,459
100166481,25.5963,24.7495,456,43735,0.290025,0.13,1,1284763,1284307,456
100169401,62.7193,28.1499,499,43783,0.370005,0.17,1,1284835,1284336,499
100172321,37.3439,60.03,462,43831,0.418001,0.21,1,1284866,1284404,462
100175241,32.2688,36.806,462,43879,0.4116,0.21,1,1284897,1284435,462
100178161,38.4538,32.1612,471,43927,0.41032,0.23,1,1284937,1284466,471
100181081,39.6908,36.8322,473,43975,0.410064,0.23,1,1284977,1284504,473
100184001,27.1382,38.5664,458,44023,0.442013,0.27,1,1285001,1284543,458
100186921,23.0276,26.9133,456,44071,0.448403,0.25,1,1285023,1284567,456
100189841,35.0055,23.7827,471,44119,0.417681,0.29,1,1285061,1284590,471
100192761,24.6011,33.5565,457,44167,0.443536,0.29,1,1285083,1284626,457
100195681,26.5202,24.3113,462,44215,0.464707,0.31,1,1285110,1284648,462
100198601,30.904,25.6623,468,44263,0.468941,0.29,1,1285142,1284674,468
100201521,7.78081,31.5325,437,44311,0.469788,0.29,1,1285144,1284707,437
100204441,23.9562,7.90649,463,44359,0.469958,0.29,1,1285172,1284709,463
100207361,25.5912,23.9813,461,44407,0.469992,0.29,1,1285198,1284737,461
100210281,66.7182,25.5963,512,44455,0.549998,0.39,1,1285275,1284763,512
100213201,14.9436,62.7193,442,44502,0.566,0.43,1,1285277,1284835,442
100216121,28.5887,37.3439,443,44549,0.5852,0.41,1,1285309,1284866,443
100219041,29.7177,32.2688,442,44596,0.60504,0.41,1,1285339,1284897,442
100221961,37.9435,38.4538,442,44643,0.641008,0.41,1,1285379,1284937,442
100224881,39.5887,39.6908,442,44690,0.712202,0.45,1,1285419,1284977,442
100227801,28.7177,27.1382,444,44737,0.75844,0.45,2,1285445,1285001,444
100230721,23.3435,23.0276,444,44784,0.767688,0.41,2,1285467,1285023,444
100233641,33.4687,35.0055,442,44831,0.785538,0.45,2,1285503,1285061,442
100236561,25.8937,24.6011,444,44878,0.757108,0.47,2,1285527,1285083,444
100239481,27.5787,26.5202,445,44925,0.783421,0.47,2,1285555,1285110,445
100242401,31.1157,30.904,445,44972,0.772684,0.47,2,1285587,1285142,445
100245321,7.82315,7.78081,445,45019,0.770537,0.47,2,1285589,1285144,445
100248241,23.9646,23.9562,445,45066,0.818107,0.47,2,1285617,1285172,445
100251161,25.5929,25.5912,445,45113,0.843621,0.57,2,1285643,1285198,445
100254081,70.7186,66.7182,450,45160,0.832724,0.57,2,1285725,1285275,450
100257001,15.7437,14.9436,450,45207,0.830545,0.59,2,1285727,1285277,450
100259921,30.3487,28.5887,452,45254,0.846109,0.61,2,1285761,1285309,452
100262841,30.0697,29.7177,452,45301,0.881222,0.65,2,1285791,1285339,452
100265761,39.614,37.9435,454,45348,0.856244,0.73,2,1285833,1285379,454
100268681,41.5228,39.5887,456,45395,0.883249,0.77,2,1285875,1285419,456
100271601,30.7046,28.7177,458,45441,0.87265,0.77,2,1285903,1285445,458
100274521,24.5409,23.3435,459,45487,0.88653,0.79,2,1285926,1285467,459
100277441,33.7082,33.4687,459,45533,0.905306,0.75,2,1285962,1285503,459
100280361,25.9416,25.8937,459,45579,0.941061,0.79,2,1285986,1285527,459
100283281,27.5883,27.5787,459,45625,0.916212,0.77,2,1286014,1285555,459
100286201,31.9177,31.1157,460,45671,0.927242,0.77,2,1286047,1285587,460
100289121,7.98353,7.82315,460,45717,0.929448,0.83,2,1286049,1285589,460
100497901,38,42,543,48925,0.91,1,2,1288320,1287777,543
100549001,405.2,473.2,459,21900,0.19,0.73,1,1288817,1288358,459
100551921,141.84,140.24,478,22724,0.046,0.53,1,1288893,1288415,478
100554841,74.768,86.448,463,22817,0.0172,0.39,1,1288951,1288488,463
100557761,53.3536,51.6896,468,22910,0.09144,0.21,1,1288999,1288531,468
100560681,60.2707,72.7379,452,23003,0.090288,0.19,1,1289061,1288609,452
100563601,52.8541,57.7476,449,23095,0.106058,0.01,1,1289112,1288663,449
100566521,81.7708,79.5495,453,23187,0.0612115,0.03,1,1289201,1288748,453
100569441,34.7542,41.5099,444,23278,0.0522423,0.01,1,1289224,1288780,444
100572361,78.9508,37.902,497,23369,0.0344485,0.01,1,1289314,1288817,497
100575281,62.1902,68.3804,479,23460,0.0788897,0.01,1,1289372,1288893,479
100578201,54.838,60.0761,474,23550,0.103778,0.11,1,1289425,1288951,474
100581121,58.1676,50.4152,485,23640,0.140756,0.09,1,1289484,1288999,485
100584041,54.8335,59.683,477,23730,0.180151,0.11,1,1289538,1289061,477
100586961,79.7667,52.7366,512,23819,0.15603,0.05,1,1289624,1289112,512
100589881,34.3533,81.7473,446,23908,0.151206,0.05,1,1289647,1289201,446
100592801,8.47067,34.7495,425,23997,0.150241,0.03,1,1289649,1289224,425
100595721,72.8941,78.9499,424,24085,0.246048,0.09,1,1289738,1289314,424
100598641,62.5788,62.19,426,24173,0.26521,0.11,1,1289798,1289372,426
100601561,56.5158,54.838,428,24261,0.317042,0.15,1,1289853,1289425,428
100604481,59.3032,58.1676,429,24348,0.295408,0.19,1,1289913,1289484,429
100607401,56.6606,54.8335,431,24435,0.371082,0.15,1,1289969,1289538,431
100610321,78.5321,79.7667,429,24522,0.354216,0.15,1,1290053,1289624,429
100613241,34.1064,34.3533,429,24608,0.334843,0.15,1,1290076,1289647,429
100616161,8.42128,8.47067,429,24694,0.330969,0.27,1,1290078,1289649,429
100619081,76.0843,72.8941,433,24780,0.362194,0.27,1,1290171,1289738,433
100622001,64.8169,62.5788,435,24866,0.464439,0.33,1,1290233,1289798,435
100624921,59.3634,56.5158,438,24951,0.468888,0.29,1,1290291,1289853,438
100627841,58.2727,59.3032,436,25036,0.517778,0.39,1,1290349,1289913,436
100630761,58.8545,56.6606,439,25121,0.575556,0.35,1,1290408,1289969,439
100633681,78.9709,78.5321,439,25205,0.619111,0.33,1,1290492,1290053,439
100636601,33.3942,34.1064,438,25289,0.627822,0.33,1,1290514,1290076,438
100639521,8.27884,8.42128,438,25373,0.629564,0.37,1,1290516,1290078,438
100642441,76.0558,76.0843,438,25457,0.629913,0.37,1,1290609,1290171,438
100645361,68.8112,15.2169,505,25540,0.533983,0.49,1,1290676,1290171,505
100648281,60.9622,52.6434,502,25623,0.530797,0.47,1,1290735,1290233,502
100651201,59.3924,56.9287,503,25706,0.530159,0.53,1,1290794,1290291,503
100654121,61.4785,57.7857,507,25788,0.594032,0.59,1,1290856,1290349,507
100657041,81.0957,58.7571,534,25870,0.574806,0.63,1,1290942,1290408,534
100659961,33.8191,78.9514,472,25952,0.570961,0.63,1,1290964,1290492,472
100662881,8.36383,33.3903,452,26034,0.570192,0.63,1,1290966,1290514,452
100665801,76.8728,8.27806,544,26115,0.570038,0.63,1,1291060,1290516,544
100668721,64.9746,76.0556,513,26196,0.602008,0.51,1,1291122,1290609,513
100671641,60.9949,68.8111,506,26277,0.624402,0.53,1,1291182,1290676,506
100674561,59.399,60.9622,506,26358,0.77288,0.53,2,1291241,1290735,506
100677481,64.6798,59.3924,513,26438,0.834576,0.61,2,1291307,1290794,513
100680401,80.136,61.4785,535,26518,0.878915,0.57,2,1291391,1290856,535
100683321,33.6272,81.0957,471,26598,0.919783,0.57,2,1291413,1290942,471
100686241,8.32544,33.8191,451,26678,0.927957,0.57,2,1291415,1290964,451
100689161,78.4651,8.36383,545,26757,0.929591,0.57,2,1291511,1290966,545
100811801,38,77,508,29899,0.69,0.93,1,1293712,1293204,508
100814721,58.8,85.8,484,29970,0.802,1,2,1293776,1293292,484
100817641,40.56,37.16,495,30041,0.7764,1,2,1293812,1293317,495
100820561,37.712,37.832,494,30111,0.77128,0.85,2,1293849,1293355,494
100823481,49.9424,65.1664,475,30181,0.850256,1,2,1293902,1293427,475
100826401,35.5885,41.8333,471,30251,0.786051,0.84,2,1293934,1293463,471
100829321,74.3177,75.5667,471,30321,0.83721,0.97,2,1294018,1293547,471
100832241,40.4635,43.1133,468,30391,0.879442,0.91,2,1294050,1293582,468
100835161,30.4927,33.4227,465,30461,0.887888,0.73,2,1294078,1293613,465
100838081,50.8985,55.4845,460,30530,0.857578,0.69,2,1294134,1293674,460
100841001,38.9797,41.4969,458,30599,0.851516,0.83,2,1294170,1293712,458
101001601,40,32,506,34193,0.39,1,1,1296731,1296225,506
101004521,36,24.8,518,34255,0.294,1,1,1296766,1296248,518
101007441,35.2,4.96,553,34317,0.1948,1,1,1296801,1296248,553
101010361,28.64,31.392,542,34379,0.07896,1,1,1296828,1296286,542
101013281,45.728,45.4784,543,34441,0.023792,1,1,1296878,1296335,543
101016201,51.5456,64.2957,527,34502,0.0047584,1,1,1296931,1296404,527
101019121,41.5091,51.2591,518,34563,0.0249517,1,1,1296970,1296452,518
101022041,36.3018,43.0518,512,34624,0.0129903,1,1,1297005,1296493,512
101024961,28.0604,39.8104,499,34685,0.0265981,1,1,1297031,1296532,499
101027881,52.8121,31.9621,528,34746,0.0293196,0.89,1,1297090,1296562,528
101030801,44.9624,59.9924,504,34807,0.0618639,0.55,1,1297133,1296629,504
101033721,36.9925,61.5985,477,34868,0.0523728,0.39,1,1297168,1296691,477
101036641,32.1985,44.3197,468,34929,0.0184746,0.27,1,1297199,1296731,468
101039561,31.2397,36.8639,464,34990,0.0276949,0.17,1,1297230,1296766,464
101042481,23.0479,35.3728,450,35050,0.093539,0.05,1,1297251,1296801,450
101045401,44.6096,28.6746,473,35110,0.0907078,0.01,1,1297301,1296828,473
101048321,49.7219,45.7349,474,35170,0.0181416,0,1,1297352,1296878,474
101051241,42.7444,51.547,462,35230,0.0116283,0.03,1,1297393,1296931,462
101054161,35.7489,41.5094,457,35290,0.00232566,0.01,1,1297427,1296970,457
101057081,27.1498,36.3019,447,35350,0.000465132,0.03,1,1297452,1297005,447
101060001,52.63,28.0604,480,35410,0.024093,0.03,1,1297511,1297031,480
101062921,45.726,52.8121,465,35470,0.0768186,0.07,1,1297555,1297090,465
101065841,37.1452,44.9624,457,35530,0.0873637,0.05,1,1297590,1297133,457
101068761,33.029,36.9925,454,35589,0.0414727,0.01,1,1297622,1297168,454
101071681,32.2058,32.1985,455,35648,0.0482945,0.03,1,1297654,1297199,455
101074601,8.04116,31.2397,426,35707,0.0496589,0.11,1,1297656,1297230,426
101077521,17.6082,23.0479,425,35766,0.145932,0.09,1,1297676,1297251,425
101080441,44.3216,44.6096,426,35825,0.181186,0,1,1297727,1297301,426
101083361,48.0643,49.7219,424,35884,0.0602373,0.01,1,1297776,1297352,424
101086281,41.6129,42.7444,423,35943,0.0360475,0,1,1297816,1297393,423
101089201,35.5226,35.7489,423,36002,0.0312095,0,1,1297850,1297427,423
101092121,26.3045,27.1498,422,36061,0.0302419,0.03,1,1297874,1297452,422
101095041,54.8609,52.63,425,36120,0.0300484,0.09,1,1297936,1297511,425
101097961,46.1722,45.726,425,36179,0.0620097,0.09,1,1297980,1297555,425
101100881,36.4344,37.1452,424,36237,0.0684019,0.03,1,1298014,1297590,424
101103801,33.6869,33.029,425,36295,0.0536804,0.05,1,1298047,1297622,425
101106721,33.1374,32.2058,426,36353,0.0507361,0.05,1,1298080,1297654,426
101109641,8.22747,8.04116,426,36411,0.0501472,0.17,1,1298082,1297656,426
101112561,19.2455,17.6082,428,36469,0.0820294,0.19,1,1298104,1297676,428
101115481,46.2491,44.3216,430,36527,0.120406,0.03,1,1298157,1297727,430
101118401,42.8498,48.0643,423,36585,0.144081,0.03,1,1298199,1297776,423
101121321,39.77,41.6129,422,36643,0.0528162,0.03,1,1298238,1297816,422
101124241,35.154,35.5226,422,36701,0.0185632,0.03,1,1298272,1297850,422
101127161,26.2308,26.3045,422,36759,0.0277127,0.03,1,1298296,1297874,422
101130081,54.8462,54.8609,422,36816,0.0135425,0.07,1,1298358,1297936,422
101133001,48.5692,46.1722,425,36873,0.0267085,0.07,1,1298405,1297980,425
101135921,36.9138,36.4344,425,36930,0.0453417,0.05,1,1298439,1298014,425
101138841,33.7828,33.6869,425,36987,0.0650683,0.05,1,1298472,1298047,425
101141761,33.1566,33.1374,425,37044,0.0690137,0.05,1,1298505,1298080,425
101144681,8.23131,8.22747,425,37101,0.0698027,0.09,1,1298507,1298082,425
101147601,20.0463,19.2455,426,37158,0.0219605,0.09,1,1298530,1298104,426
101150521,47.2093,3.8491,480,37215,0.0443921,0.13,1,1298584,1298104,480
101153441,42.2418,43.1698,468,37272,0.0488784,0.15,1,1298625,1298157,468
101156361,35.6484,42.234,460,37329,0.0977757,0.03,1,1298659,1298199,460
101159281,34.3297,39.6468,455,37386,0.0595551,0.01,1,1298693,1298238,455
101162201,26.0659,35.1294,445,37443,0.035911,0.03,1,1298717,1298272,445
101165121,54.8132,26.2259,483,37499,0.0311822,0.01,1,1298779,1298296,483
101168041,50.1626,54.8452,470,37555,0.0142364,0.03,1,1298828,1298358,470
101170961,37.2325,48.569,457,37611,0.0268473,0.05,1,1298862,1298405,457
101173881,33.0465,36.9138,455,37667,0.0453695,0.07,1,1298894,1298439,455
101176801,33.0093,33.7828,455,37723,0.0330739,0.07,1,1298927,1298472,455
101179721,8.20186,33.1566,424,37779,0.0306148,0.07,1,1298929,1298505,424
101182641,19.2404,8.23131,444,37835,0.030123,0.01,1,1298951,1298507,444
101185561,48.6481,20.0463,477,37891,0.0460246,0.05,1,1299007,1298530,477
101188481,42.5296,47.2093,464,37947,0.0652049,0.05,1,1299048,1298584,464
101191401,36.5059,42.2418,458,38003,0.085041,0.11,1,1299083,1298625,458
101194321,32.1012,35.6484,455,38059,0.137008,0.05,1,1299114,1298659,455
101197241,26.4202,34.3297,446,38115,0.179402,0.03,1,1299139,1298693,446
101200161,54.884,26.0659,484,38170,0.17188,0.03,1,1299201,1298717,484
101203081,50.1768,54.8132,471,38225,0.154376,0.01,1,1299250,1298779,471
101206001,37.2354,50.1626,456,38280,0.118875,0.03,1,1299284,1298828,456
101208921,33.8471,37.2325,455,38335,0.127775,0.05,1,1299317,1298862,455
101211841,32.3694,33.0465,455,38390,0.129555,0.03,1,1299349,1298894,455
101214761,8.07388,33.0093,424,38445,0.129911,0.03,1,1299351,1298927,424
101217681,19.2148,8.20186,444,38500,0.129982,0.03,1,1299373,1298929,444
101220601,50.243,19.2404,480,38555,0.145996,0.05,1,1299431,1298951,480
101223521,42.8486,48.6481,465,38610,0.165199,0.07,1,1299472,1299007,465
101226441,10.1697,42.5296,426,38665,0.16904,0.09,1,1299474,1299048,426
101229361,30.8339,36.5059,427,38720,0.217808,0.15,1,1299510,1299083,427
101232281,32.5668,32.1012,429,38775,0.291562,0.19,1,1299543,1299114,429
101235201,28.1134,26.4202,431,38829,0.338312,0.17,1,1299570,1299139,431
101238121,52.8227,54.884,428,38883,0.379662,0.15,1,1299629,1299201,428
101241041,48.9645,50.1768,427,38937,0.387933,0.11,1,1299677,1299250,427
101243961,37.7929,37.2354,428,38991,0.373587,0.13,1,1299712,1299284,428
101246881,33.9586,33.8471,428,39045,0.386717,0.13,1,1299745,1299317,428
101249801,32.3917,32.3694,428,39099,0.389343,0.13,1,1299777,1299349,428
101252721,8.07834,8.07388,428,39153,0.389869,0.13,1,1299779,1299351,428
101255641,19.2157,19.2148,428,39207,0.389974,0.15,1,1299801,1299373,428
101258561,51.0431,50.243,429,39261,0.453995,0.17,1,1299860,1299431,429
101261481,43.8086,42.8486,430,39315,0.466799,0.17,1,1299902,1299472,430
101264401,10.3617,10.1697,430,39369,0.43736,0.23,1,1299904,1299474,430
101267321,34.0723,30.8339,434,39423,0.479472,0.31,1,1299944,1299510,434
101270241,36.4145,32.5668,438,39477,0.487894,0.35,1,1299981,1299543,438
101273161,29.6829,28.1134,439,39530,0.569579,0.39,1,1300009,1299570,439
101276081,53.1366,52.8227,439,39583,0.569916,0.39,1,1300068,1299629,439
101279001,49.0273,48.9645,439,39636,0.553983,0.37,1,1300116,1299677,439
101281921,38.6055,37.7929,440,39689,0.582797,0.39,1,1300152,1299712,440
101284841,34.9211,33.9586,441,39742,0.620559,0.39,1,1300186,1299745,441
101287761,32.5842,32.3917,441,39795,0.660112,0.39,1,1300218,1299777,441
101290681,8.11684,8.07834,441,39848,0.636022,0.39,1,1300220,1299779,441
101293601,19.2234,19.2157,441,39901,0.631204,0.47,1,1300242,1299801,441
101296521,52.6447,51.0431,443,39954,0.646241,0.47,1,1300303,1299860,443
101299441,44.9289,43.8086,444,40007,0.665248,0.43,1,1300346,1299902,444
101302361,10.5858,10.3617,444,40060,0.66905,0.43,1,1300348,1299904,444
101305281,34.9172,2.07234,485,40113,0.63781,0.49,1,1300389,1299904,485
101308201,37.3834,32.4145,483,40166,0.631562,0.49,1,1300427,1299944,483
101311121,31.4767,36.0829,476,40219,0.614312,0.59,1,1300457,1299981,476
101314041,52.6953,29.6166,506,40271,0.626862,0.57,1,1300515,1300009,506
101316961,50.5391,53.1233,497,40323,0.629373,0.55,1,1300565,1300068,497
101319881,40.5078,49.0247,487,40375,0.693875,0.59,1,1300603,1300116,487
101322801,36.1016,38.6049,486,40427,0.658775,0.63,1,1300638,1300152,486
101325721,32.8203,34.921,484,40479,0.651755,0.67,1,1300670,1300186,484
101328641,8.16406,32.5842,454,40531,0.650351,0.63,1,1300672,1300218,454
101331561,19.2328,8.11684,474,40583,0.65007,0.63,1,1300694,1300220,474
101334481,53.4466,19.2234,514,40635,0.650014,0.65,1,1300756,1300242,514
101337401,44.2893,52.6447,495,40687,0.666003,0.67,1,1300798,1300303,495
101340321,10.4579,44.9289,454,40739,0.669201,0.67,1,1300800,1300346,454
101343241,35.6916,10.5858,494,40791,0.63784,0.63,1,1300842,1300348,494
101346161,37.5383,34.9172,491,40843,0.631568,0.63,1,1300880,1300389,491
101349081,29.9077,37.3834,481,40895,0.678314,0.61,1,1300908,1300427,481
101352001,53.9815,31.4767,511,40947,0.719663,0.63,1,1300968,1300457,511
101354921,51.5963,52.6953,504,40999,0.807933,0.63,2,1301019,1300515,504
101357841,40.7193,50.5391,492,41050,0.825587,0.71,2,1301057,1300565,492
101360761,35.3439,40.5078,488,41101,0.877117,0.65,2,1301091,1300603,488
101363681,32.6688,36.1016,485,41152,0.887423,0.65,2,1301123,1300638,485
101366601,8.13375,32.8203,455,41203,0.889485,0.65,2,1301125,1300670,455
101369521,19.2268,8.16406,475,41254,0.905897,0.65,2,1301147,1300672,475
101372441,53.4454,19.2328,515,41305,0.909179,0.65,2,1301209,1300694,515
101375361,45.0891,53.4466,496,41356,0.893836,0.67,2,1301252,1300756,496
101378281,10.6178,44.2893,456,41407,0.890767,0.67,2,1301254,1300798,456
101381201,34.1236,10.4579,494,41458,0.890154,0.63,2,1301294,1300800,494
101384121,38.0247,35.6916,491,41509,0.922031,0.63,2,1301333,1300842,491
101387041,9.20494,37.5383,455,41560,0.928406,0.69,2,1301335,1300880,455
101655681,23,0,521,45996,0.65,1,1,1304462,1303941,521
101658601,32.6,32,516,46042,0.618,1,1,1304497,1303981,516
101661521,35.32,36.8,514,46088,0.4996,1,1,1304533,1304019,514
101664441,37.464,38.56,513,46134,0.39592,1,1,1304571,1304058,513
101667361,37.0928,38.112,512,46180,0.311184,1,1,1304608,1304096,512
101670281,31.4186,29.2224,515,46226,0.166237,1,1,1304638,1304123,515
101673201,33.4837,31.4445,517,46272,0.0412474,1,1,1304672,1304155,517
101676121,33.0967,34.2889,515,46318,0.0802495,1,1,1304705,1304190,515
101679041,25.8193,30.8578,509,46364,0.0160499,1,1,1304729,1304220,509
101681961,25.1639,30.1716,504,46409,0.02721,1,1,1304754,1304250,504
101684881,25.8328,27.6343,503,46454,0.013442,0.96,1,1304780,1304277,503
101687801,23.5666,27.9269,498,46499,0.0026884,1,1,1304803,1304305,498
101690721,31.9133,26.3854,506,46544,0.0245377,0.94,1,1304837,1304331,506
101693641,31.1827,37.2771,497,46589,0.0129075,0.89,1,1304868,1304371,497
101696561,28.6365,34.6554,491,46634,0.0105815,0.81,1,1304896,1304405,491
101699481,21.7273,34.1311,477,46679,0.0021163,0.65,1,1304916,1304439,477
101702401,28.3455,25.2262,484,46724,0.0564233,0.61,1,1304946,1304462,484
101705321,28.0691,33.0452,477,46769,0.0192847,0.47,1,1304974,1304497,477
101708241,30.4138,35.409,472,46814,0.0278569,0.37,1,1305005,1304533,472
101711161,31.6828,37.4818,466,46859,0.0615714,0.29,1,1305037,1304571,466
101714081,26.3366,37.0964,454,46904,0.0363143,0.13,1,1305062,1304608,454
101717001,31.6673,31.4193,457,46949,0.0632629,0.01,1,1305095,1304638,457
101719921,31.9335,33.4839,455,46994,0.0366526,0.09,1,1305127,1304672,455
101722841,26.3867,33.0968,447,47039,0.0313305,0,1,1305152,1304705,447
101725761,23.6773,25.8194,446,47084,0.0302661,0.03,1,1305175,1304729,446
101728681,25.5355,25.1639,447,47129,0.0300532,0.01,1,1305201,1304754,447
101731601,23.5071,25.8328,444,47174,0.00601064,0,1,1305224,1304780,444
101734521,33.5014,23.5666,457,47219,0.0572021,0.03,1,1305260,1304803,457
101737441,30.7003,31.9133,453,47264,0.0194404,0.01,1,1305290,1304837,453
101740361,28.5401,31.1827,450,47309,0.0438881,0.01,1,1305318,1304868,450
101743281,22.508,28.6365,443,47354,0.00877762,0,1,1305339,1304896,443
101746201,6.1016,21.7273,425,47399,0.0257555,0.07,1,1305341,1304916,425
101749121,24.4203,28.3455,424,47443,0.0771511,0.01,1,1305370,1304946,424
101752041,26.4841,28.0691,423,47487,0.10343,0.03,1,1305397,1304974,423
101754961,30.0968,30.4138,423,47531,0.092686,0.07,1,1305428,1305005,423
101757881,31.6194,31.6828,423,47575,0.0585372,0.03,1,1305460,1305037,423
101760801,28.7239,26.3366,426,47619,0.0677074,0.07,1,1305488,1305062,426
101763721,30.5448,31.6673,424,47663,0.117541,0.03,1,1305519,1305095,424
101766641,30.909,31.9335,423,47707,0.0235083,0.03,1,1305550,1305127,423
101769561,26.1818,26.3867,423,47751,0.0287017,0.03,1,1305575,1305152,423
101772481,22.8364,23.6773,422,47795,0.0137403,0.03,1,1305597,1305175,422
101775401,25.3673,25.5355,422,47839,0.0107481,0,1,1305623,1305201,422
101778321,23.4735,23.5071,422,47883,0.00214961,0.07,1,1305646,1305224,422
101781241,33.4947,33.5014,422,47927,0.0244299,0.01,1,1305682,1305260,422
101784161,31.4989,30.7003,423,47971,0.00488598,0.05,1,1305713,1305290,423
101787081,28.6998,28.5401,423,48015,0.0249772,0,1,1305741,1305318,423
101790001,22.54,22.508,423,48059,0.0289954,0.03,1,1305762,1305339,423
101792921,6.10799,6.1016,423,48103,0.0297991,0.09,1,1305764,1305341,423
101795841,25.2216,24.4203,424,48147,0.0619598,0.11,1,1305794,1305370,424
101798761,25.8443,26.4841,423,48191,0.116392,0.09,1,1305820,1305397,423
101801681,32.3689,30.0968,426,48235,0.0952784,0.05,1,1305854,1305428,426
101804601,30.4738,31.6194,424,48279,0.0910557,0.07,1,1305884,1305460,424
101807521,31.6948,28.7239,428,48323,0.138211,0.13,1,1305916,1305488,428
101810441,28.739,30.5448,425,48367,0.147642,0,1,1305944,1305519,425
101813361,28.9478,30.909,423,48411,0.101528,0.03,1,1305973,1305550,423
101816281,24.9896,26.1818,422,48455,0.0603057,0.01,1,1305997,1305575,422
101819201,22.5979,22.8364,422,48498,0.0200611,0.01,1,1306019,1305597,422
101822121,26.1196,25.3673,423,48541,0.0280122,0,1,1306046,1305623,423
101825041,23.6239,23.4735,423,48584,0.0296024,0.03,1,1306069,1305646,423
101827961,32.7248,33.4947,422,48627,0.0299205,0,1,1306104,1305682,422
101830881,31.345,31.4989,422,48670,0.0059841,0.03,1,1306135,1305713,422
101833801,28.669,28.6998,422,48713,0.0251968,0.03,1,1306163,1305741,422
101836721,22.5338,22.54,422,48756,0.0130394,0.03,1,1306184,1305762,422
101839641,6.10676,6.10799,422,48799,0.0266079,0.07,1,1306186,1305764,422
101842561,26.0214,25.2216,423,48842,0.0453216,0.07,1,1306217,1305794,423
101845481,27.6043,5.04432,451,48885,0.0490643,0.13,1,1306245,1305794,451
101848401,32.7209,21.8089,459,48928,0.0498129,0.09,1,1306279,1305820,459
101851321,30.5442,31.5618,455,48971,0.0659626,0.09,1,1306309,1305854,455
101854241,32.5088,30.3124,458,49014,0.0691925,0.15,1,1306342,1305884,458
101857161,28.9018,31.6625,454,49057,0.101838,0.15,1,1306370,1305916,454
101860081,26.5804,28.7325,452,49100,0.172368,0.09,1,1306396,1305944,452
101863001,23.7161,28.9465,446,49143,0.170474,0.05,1,1306419,1305973,446
101865921,21.5432,24.9893,443,49186,0.186095,0.01,1,1306440,1305997,443
101868841,26.7086,22.5979,449,49229,0.125219,0.03,1,1306468,1306019,449
101871761,23.7417,26.1196,445,49272,0.0970438,0.03,1,1306491,1306046,445
101874681,31.9483,23.6239,456,49315,0.0274088,0.03,1,1306525,1306069,456
101877601,31.1897,32.7248,452,49358,0.0134818,0,1,1306556,1306104,452
101880521,28.6379,31.345,449,49401,0.0106964,0.03,1,1306584,1306135,449
101883441,22.5276,28.669,442,49444,0.0261393,0.01,1,1306605,1306163,442
101886361,6.10552,22.5338,423,49487,0.00522785,0.03,1,1306607,1306184,423
101889281,27.6211,6.10676,454,49530,0.0410456,0.05,1,1306640,1306186,454
101892201,27.9242,26.0214,451,49573,0.0482091,0.05,1,1306668,1306217,451
101895121,32.7848,27.6043,457,49615,0.0496418,0.05,1,1306702,1306245,457
101898041,31.357,32.7209,454,49657,0.0499284,0.07,1,1306733,1306279,454
101900961,33.4714,30.5442,458,49699,0.0179857,0.07,1,1306767,1306309,458
101903881,31.4943,32.5088,456,49741,0.0275971,0.11,1,1306798,1306342,456
101906801,28.6989,28.9018,456,49783,0.0615194,0.19,1,1306826,1306370,456
101909721,24.9398,26.5804,454,49825,0.0843039,0.17,1,1306850,1306396,454
101912641,18.588,23.7161,448,49867,0.104861,0.19,1,1306867,1306419,448
101915561,25.3176,21.5432,454,49909,0.108972,0.11,1,1306894,1306440,454
101918481,19.4635,26.7086,444,49951,0.109794,0.09,1,1306912,1306468,444
101921401,31.0927,23.7417,455,49993,0.109959,0.01,1,1306946,1306491,455
101924321,31.8185,31.9483,453,50035,0.0779918,0.01,1,1306978,1306525,453
101927241,27.9637,31.1897,449,50077,0.0395984,0.01,1,1307005,1306556,449
101930161,22.3927,28.6379,442,50119,0.00791967,0.03,1,1307026,1306584,442
101933081,6.07855,22.5276,423,50161,0.00958393,0,1,1307028,1306605,423
101936001,29.2157,6.10552,456,50203,0.00991679,0.05,1,1307063,1306607,456
101938921,28.2431,27.6211,451,50245,0.0259834,0.05,1,1307091,1306640,451
101941841,32.8486,27.9242,457,50287,0.0451967,0.05,1,1307125,1306668,457
101944761,8.16973,32.7848,425,50329,0.0490393,0.05,1,1307127,1306702,425
101947681,25.6339,31.357,424,50371,0.0818079,0.01,1,1307157,1306733,424
101950601,30.7268,33.4714,422,50413,0.104362,0.03,1,1307189,1306767,422
101953521,33.3454,31.4943,425,50455,0.0928723,0.07,1,1307223,1306798,425
101956441,29.8691,28.6989,426,50497,0.106574,0.09,1,1307252,1306826,426
101959361,25.1738,24.9398,426,50539,0.141315,0.11,1,1307276,1306850,426
101962281,18.6348,18.588,426,50581,0.148263,0.11,1,1307293,1306867,426
101965201,26.127,25.3176,427,50623,0.197653,0.11,1,1307321,1306894,427
101968121,20.4254,19.4635,428,50665,0.207531,0.11,1,1307340,1306912,428
101971041,30.4851,31.0927,427,50707,0.241506,0.07,1,1307373,1306946,427
101973961,28.497,31.8185,423,50749,0.216301,0.03,1,1307401,1306978,423
101976881,28.0994,27.9637,424,50791,0.21126,0,1,1307429,1307005,424
101979801,21.6199,22.3927,423,50832,0.162252,0.01,1,1307449,1307026,423
101982721,5.92398,6.07855,423,50873,0.15245,0.01,1,1307451,1307028,423
101985641,29.1848,29.2157,423,50914,0.10249,0.03,1,1307486,1307063,423
101988561,29.037,28.2431,424,50955,0.092498,0.05,1,1307515,1307091,424
101991481,33.0074,32.8486,424,50996,0.0904996,0.05,1,1307549,1307125,424
101994401,8.20148,8.16973,424,51037,0.0900999,0.09,1,1307551,1307127,424
101997321,25.6403,25.6339,424,51078,0.10602,0.11,1,1307581,1307157,424
102000241,32.3281,30.7268,426,51119,0.157204,0.09,1,1307615,1307189,426
102003161,32.8656,33.3454,425,51160,0.183441,0.11,1,1307648,1307223,425
102006081,31.3731,29.8691,427,51201,0.204688,0.15,1,1307679,1307252,427
102009001,25.4746,25.1738,427,51242,0.208938,0.15,1,1307703,1307276,427
102011921,19.4949,18.6348,428,51283,0.193788,0.21,1,1307721,1307293,428
102014841,28.699,26.127,431,51324,0.222757,0.21,1,1307752,1307321,431
102017761,20.1398,20.4254,430,51365,0.260552,0.25,1,1307770,1307340,430
102020681,32.028,30.4851,432,51406,0.25211,0.21,1,1307805,1307373,432
102023601,28.8056,28.497,432,51447,0.282422,0.21,1,1307833,1307401,432
102026521,27.3611,28.0994,431,51488,0.288484,0.15,1,1307860,1307429,431
102029441,18.2722,21.6199,427,51529,0.289697,0.15,1,1307876,1307449,427
102032361,5.25444,5.92398,427,51570,0.257939,0.09,1,1307878,1307451,427
102035281,26.6509,29.1848,424,51611,0.267588,0.09,1,1307910,1307486,424
102038201,30.1302,29.037,426,51652,0.285518,0.09,1,1307941,1307515,426
102041121,33.226,33.0074,426,51693,0.289104,0.09,1,1307975,1307549,426
102044041,8.24521,8.20148,426,51734,0.321821,0.11,1,1307977,1307551,426
102046961,26.449,25.6403,427,51775,0.328364,0.11,1,1308008,1307581,427
102049881,34.0898,5.12806,463,51816,0.345673,0.17,1,1308044,1307581,463
102052801,32.418,28.2256,461,51857,0.365135,0.19,1,1308076,1307615,461
102055721,32.0836,32.0451,460,51898,0.385027,0.21,1,1308108,1307648,460
102058641,25.6167,31.209,453,51939,0.405005,0.21,1,1308132,1307679,453
102061561,20.3233,25.4418,448,51980,0.393001,0.19,1,1308151,1307703,448
102064481,30.4647,19.4884,463,52021,0.4386,0.23,1,1308184,1307721,463
102067401,20.4929,28.6977,450,52061,0.47972,0.27,1,1308202,1307752,450
102070321,32.8986,20.1395,468,52101,0.503944,0.25,1,1308238,1307770,468
102073241,28.9797,32.0279,461,52141,0.508789,0.29,1,1308266,1307805,461
102076161,27.3959,28.8056,460,52181,0.573758,0.29,1,1308293,1307833,460
102079081,18.2792,27.3611,449,52221,0.586752,0.29,1,1308309,1307860,449
102082001,5.25584,18.2722,435,52261,0.58935,0.25,1,1308311,1307876,435
102084921,27.4512,5.25444,466,52301,0.57387,0.27,1,1308344,1307878,466
102087841,31.0902,26.6509,466,52341,0.586774,0.29,1,1308376,1307910,466
102090761,34.218,30.1302,470,52381,0.621355,0.29,1,1308411,1307941,470
102093681,8.44361,33.226,438,52421,0.628271,0.33,1,1308413,1307975,438
102096601,27.2887,8.24521,468,52461,0.597654,0.33,1,1308445,1307977,468
102099521,35.8577,26.449,475,52501,0.607531,0.35,1,1308483,1308008,475
102102441,32.7715,34.0898,471,52541,0.609506,0.37,1,1308515,1308044,471
102105361,32.9543,32.418,472,52581,0.609901,0.39,1,1308548,1308076,472
102108281,26.5909,32.0836,465,52621,0.59398,0.41,1,1308573,1308108,465
102111201,20.5182,25.6167,460,52661,0.574796,0.39,1,1308592,1308132,460
102114121,32.9036,20.3233,477,52701,0.570959,0.45,1,1308628,1308151,477
102117041,21.7807,30.4647,463,52741,0.570192,0.49,1,1308647,1308184,463
102119961,33.9561,20.4929,482,52781,0.618038,0.51,1,1308684,1308202,482
102122881,30.7912,32.8986,476,52821,0.627608,0.51,1,1308714,1308238,476
102125801,29.3582,28.9797,477,52861,0.613522,0.59,1,1308743,1308266,477
102128721,18.6716,27.3959,466,52901,0.610704,0.59,1,1308759,1308293,466
102131641,5.33433,18.2792,452,52941,0.626141,0.59,1,1308761,1308309,452
102134561,26.6669,5.25584,482,52981,0.645228,0.57,1,1308793,1308311,482
102137481,32.5334,27.4512,483,53021,0.649046,0.59,1,1308827,1308344,483
102140401,33.7067,31.0902,485,53061,0.649809,0.63,1,1308861,1308376,485
102143321,8.34133,34.218,452,53101,0.649962,0.63,1,1308863,1308411,452
102146241,27.2683,8.44361,482,53141,0.649992,0.59,1,1308895,1308413,482
102149161,36.6537,27.2887,489,53181,0.649998,0.61,1,1308934,1308445,489
102152081,32.9307,35.8577,483,53221,0.65,0.61,1,1308966,1308483,483
102155001,8.18615,32.7715,453,53261,0.65,0.61,1,1308968,1308515,453
102157921,27.2372,32.9543,452,53301,0.666,0.59,1,1309000,1308548,452
102160841,24.6474,26.5909,451,53340,0.7012,0.57,1,1309024,1308573,451
102163761,19.3295,20.5182,450,53379,0.70824,0.57,1,1309042,1308592,450
102166681,31.0659,32.9036,448,53418,0.741648,0.57,1,1309076,1308628,448
102169601,23.0132,21.7807,450,53457,0.70033,0.63,1,1309097,1308647,450
102172521,36.6026,33.9561,453,53496,0.740066,0.63,1,1309137,1308684,453
102175441,31.3205,30.7912,453,53535,0.748013,0.61,1,1309167,1308714,453
102178361,28.6641,29.3582,452,53574,0.829603,0.61,2,1309195,1308743,452
102181281,19.3328,18.6716,453,53613,0.845921,0.63,2,1309212,1308759,453
102184201,5.46656,5.33433,453,53652,0.849184,0.65,2,1309214,1308761,453
102187121,27.4933,26.6669,454,53691,0.865837,0.65,2,1309247,1308793,454
102190041,32.6987,32.5334,454,53730,0.837167,0.65,2,1309281,1308827,454
102192961,33.7397,33.7067,454,53769,0.847433,0.65,2,1309315,1308861,454
102195881,8.34795,8.34133,454,53808,0.849487,0.65,2,1309317,1308863,454
102198801,27.2696,27.2683,454,53847,0.881897,0.65,2,1309349,1308895,454
102201721,36.6539,36.6537,454,53886,0.872379,0.65,2,1309388,1308934,454
102204641,32.9308,32.9307,454,53925,0.886476,0.65,2,1309420,1308966,454
102207561,8.18616,8.18615,454,53964,0.889295,0.67,2,1309422,1308968,454
102210481,28.0372,27.2372,455,54003,0.937859,0.71,2,1309455,1309000,455
102442621,46,20,483,26361,0.43,0.57,1,1311720,1311237,483
102445541,50.8,54.4,472,26441,0.462,0.57,1,1311772,1311300,472
102448461,50.16,39.68,486,26521,0.5004,0.41,1,1311822,1311336,486
102451381,34.032,54.336,458,26601,0.47608,0.47,1,1311852,1311394,458
102454301,18.0064,32.4672,445,26681,0.503216,0.37,1,1311866,1311421,445
102457221,61.2013,23.2934,496,26760,0.524643,0.39,1,1311938,1311442,496
102460141,61.0403,73.4587,471,26839,0.608929,0.39,1,1311999,1311528,471
102463061,59.4081,65.0917,467,26918,0.625786,0.41,1,1312058,1311591,467
102465981,58.2816,57.0183,470,26997,0.677157,0.43,1,1312116,1311646,470
102468901,50.0563,70.6037,444,27075,0.703431,0.47,1,1312164,1311720,444
102471821,52.4113,55.7207,445,27153,0.740686,0.51,1,1312217,1311772,445
102474741,50.4823,51.1441,445,27231,0.748137,0.47,1,1312267,1311822,445
102477661,35.6965,34.2288,447,27309,0.749627,0.51,1,1312299,1311852,447
102480581,18.3393,18.0458,447,27387,0.749925,0.53,1,1312313,1311866,447
102483501,62.8679,61.2092,449,27464,0.749985,0.63,1,1312387,1311938,449
102486421,65.3736,61.0418,454,27541,0.733997,0.63,1,1312453,1311999,454
102489341,59.4747,59.4084,453,27618,0.698799,0.69,1,1312511,1312058,453
102492261,60.6949,58.2817,456,27695,0.72376,0.71,1,1312572,1312116,456
102495181,51.339,50.0563,457,27771,0.728752,0.75,1,1312621,1312164,457
102498101,53.4678,52.4113,458,27847,0.71375,0.75,1,1312675,1312217,458
102501021,51.4936,50.4823,459,27923,0.77475,0.75,2,1312726,1312267,459
102503941,35.8987,35.6965,459,27999,0.78695,0.75,2,1312758,1312299,459
102506861,18.3797,18.3393,459,28075,0.78939,0.75,2,1312772,1312313,459
102509781,63.6759,62.8679,460,28150,0.805878,0.73,2,1312847,1312387,460
102512701,62.3352,65.3736,456,28225,0.793176,0.69,2,1312909,1312453,456
102515621,58.867,59.4747,456,28300,0.822635,0.73,2,1312967,1312511,456
102632421,57,42,495,31151,0.51,1,1,1314991,1314496,495
102635341,48.2,58.8,478,31219,0.478,0.98,1,1315037,1314559,478
102638261,41.64,38.16,485,31287,0.3276,0.98,1,1315077,1314592,485
102641181,31.528,7.632,514,31355,0.23352,1,1,1315106,1314592,514
102644101,30.3056,30.3264,508,31422,0.118704,1,1,1315136,1314628,508
102647021,34.0611,31.6653,511,31489,0.111741,1,1,1315171,1314660,511
102649941,43.6122,31.1331,526,31556,0.126348,1,1,1315217,1314691,526
102652861,54.3224,47.8266,531,31623,0.0652696,1,1,1315274,1314743,531
102655781,67.6645,58.3653,541,31690,0.0370539,0.67,1,1315345,1314804,541
102658701,47.9329,79.6731,499,31757,0.0474108,0.63,1,1315388,1314889,499
102661621,50.3866,51.9346,505,31824,0.0814822,0.51,1,1315439,1314934,505
102664541,40.4773,55.9869,486,31890,0.120296,0.47,1,1315477,1314991,486
102667461,34.4955,47.9974,473,31956,0.112059,0.29,1,1315510,1315037,473
102670381,28.4991,41.5995,460,32022,0.126412,0.21,1,1315537,1315077,460
102673301,28.0998,31.5199,459,32088,0.161282,0.09,1,1315565,1315106,459
102676221,29.62,30.304,459,32154,0.152256,0.11,1,1315595,1315136,459
102679141,41.124,34.0608,468,32220,0.198451,0.13,1,1315639,1315171,468
102682061,54.6248,43.6122,480,32286,0.17569,0.05,1,1315697,1315217,480
102684981,68.525,54.3224,495,32352,0.203138,0.03,1,1315769,1315274,495
102687901,48.105,67.6645,467,32417,0.208628,0.05,1,1315812,1315345,467
102690821,49.621,47.9329,474,32482,0.257726,0.09,1,1315862,1315388,474
102693741,45.1242,50.3866,467,32547,0.315545,0.13,1,1315906,1315439,467
102696661,34.6248,40.4773,461,32612,0.343109,0.11,1,1315938,1315477,461
102699581,27.725,34.4955,454,32677,0.348622,0.13,1,1315964,1315510,454
102702501,27.945,28.4991,455,32742,0.349724,0.17,1,1315992,1315537,455
102705421,7.189,28.0998,429,32807,0.349945,0.15,1,1315994,1315565,429
102708341,27.8378,29.62,432,32871,0.397989,0.21,1,1316027,1315595,432
102711261,40.7676,41.124,432,32935,0.423598,0.17,1,1316071,1315639,432
102714181,54.5535,54.6248,432,32999,0.46072,0.21,1,1316129,1315697,432
102717101,69.3107,68.525,433,33063,0.516144,0.21,1,1316202,1315769,433
102720021,49.0621,48.105,434,33127,0.527229,0.27,1,1316246,1315812,434
102722941,50.6124,49.621,435,33191,0.529446,0.33,1,1316297,1315862,435
102725861,47.7225,45.1242,438,33255,0.545889,0.35,1,1316344,1315906,438
102728781,35.9445,34.6248,439,33319,0.533178,0.35,1,1316377,1315938,439
102731701,27.9889,27.725,439,33382,0.498636,0.35,1,1316403,1315964,439
102734621,28.7978,27.945,440,33445,0.507727,0.35,1,1316432,1315992,440
102737541,7.35956,7.189,440,33508,0.509545,0.41,1,1316434,1315994,440
102740461,30.2719,27.8378,443,33571,0.477909,0.43,1,1316470,1316027,443
102743381,41.2544,40.7676,443,33634,0.519582,0.47,1,1316514,1316071,443
102746301,56.2509,54.5535,445,33697,0.495916,0.53,1,1316574,1316129,445
102749221,70.4502,69.3107,446,33760,0.587183,0.53,1,1316648,1316202,446
102752141,50.89,49.0621,448,33823,0.621437,0.53,1,1316694,1316246,448
102755061,50.978,50.6124,448,33886,0.628287,0.55,1,1316745,1316297,448
102757981,46.9956,47.7225,447,33948,0.661658,0.53,1,1316791,1316344,447
102760901,34.9991,35.9445,446,34010,0.668332,0.49,1,1316823,1316377,446
102763821,27.7998,27.9889,446,34072,0.701666,0.51,1,1316849,1316403,446
102766741,27.96,28.7978,445,34134,0.692333,0.51,1,1316877,1316432,445
102769661,7.19199,7.35956,445,34196,0.722467,0.47,1,1316879,1316434,445
102772581,30.2384,30.2719,445,34258,0.712493,0.47,1,1316915,1316470,445
102775501,41.2477,6.05438,489,34320,0.726499,0.53,1,1316959,1316470,489
102778421,57.8495,36.4109,507,34382,0.7773,0.49,2,1317021,1316514,507
102781341,73.1699,55.2822,524,34443,0.73946,0.61,1,1317098,1316574,524
102784261,53.034,70.2564,498,34504,0.731892,0.63,1,1317146,1316648,498
102787181,51.4068,50.8513,503,34565,0.778378,0.63,2,1317197,1316694,503
102790101,47.8814,50.9703,499,34626,0.819676,0.67,2,1317244,1316745,499
102793021,35.9763,46.994,486,34687,0.843935,0.67,2,1317277,1316791,486
102795941,28.7953,34.9988,481,34748,0.864787,0.71,2,1317304,1316823,481
102798861,28.1591,27.7998,483,34809,0.868957,0.69,2,1317332,1316849,483
102801781,7.23181,27.96,457,34870,0.869791,0.73,2,1317334,1316877,457
102804701,31.8464,7.19199,493,34931,0.869958,0.71,2,1317372,1316879,493
102807621,42.3693,30.2384,502,34992,0.885992,0.73,2,1317417,1316915,502
102810541,58.0739,41.2477,520,35052,0.937198,0.79,2,1317479,1316959,520
102927341,60,51,526,37388,0.71,1,1,1319140,1318614,526
102930261,39.2,51.8,508,37445,0.678,1,1,1319174,1318666,508
102933181,30.24,38.36,501,37501,0.6876,1,1,1319202,1318701,501
102936101,36.448,30.872,510,37557,0.62552,1,1,1319240,1318730,510
102939021,28.0896,27.7744,509,37613,0.597104,1,1,1319266,1318757,509
102941941,29.6179,22.3549,518,37669,0.623421,1,1,1319296,1318778,518
102944861,25.1236,18.871,524,37725,0.612684,1,1,1319320,1318796,524
102947781,26.6247,41.3742,504,37781,0.530537,0.99,1,1319347,1318843,504
102950701,37.3249,29.8748,517,37837,0.642107,1,1,1319387,1318870,517
102953621,53.865,45.175,526,37893,0.632421,0.92,1,1319445,1318919,526
102956541,60.373,53.035,533,37949,0.598484,0.95,1,1319507,1318974,533
102959461,43.2746,61.007,509,38005,0.639697,0.87,1,1319546,1319037,509
102962381,47.0549,46.6014,514,38061,0.647939,0.71,1,1319594,1319080,514
102965301,35.811,57.3203,487,38117,0.665588,0.67,1,1319627,1319140,487
102968221,27.9622,38.6641,479,38172,0.621118,0.69,1,1319653,1319174,479
102971141,35.1924,30.1328,488,38227,0.692223,0.61,1,1319690,1319202,488
102974061,29.4385,36.4266,478,38282,0.706445,0.59,1,1319718,1319240,478
102976981,31.4877,28.0853,484,38337,0.741289,0.63,1,1319750,1319266,484
102979901,21.4975,29.6171,473,38392,0.780258,0.61,2,1319769,1319296,473
102982821,25.0995,25.1234,475,38447,0.820052,0.51,2,1319795,1319320,475
102985741,35.4199,26.6247,486,38502,0.82801,0.67,2,1319833,1319347,486
102988661,58.284,37.3249,510,38557,0.877602,0.63,2,1319897,1319387,510
102991581,61.2568,53.865,514,38612,0.91952,0.59,2,1319959,1319445,514
102994501,13.8514,60.373,454,38667,0.927904,0.65,2,1319961,1319507,454
103143421,61,65,538,41358,0.77,1,2,1321838,1321300,538
103146341,33.8,65,500,41409,0.69,1,1,1321865,1321365,500
103149261,30.76,29,510,41460,0.658,1,1,1321895,1321385,510
103152181,35.752,29.8,517,41511,0.6356,1,1,1321932,1321415,517
103155101,27.9504,38.76,502,41562,0.56712,1,1,1321958,1321456,502
103158021,29.5901,41.352,490,41613,0.569424,1,1,1321988,1321498,490
103160941,35.518,27.4704,503,41664,0.569885,1,1,1322025,1321522,503
103163861,28.7036,33.4941,495,41715,0.569977,1,1,1322052,1321557,495
103166781,19.3407,35.4988,476,41766,0.585995,0.99,1,1322069,1321593,476
103169701,31.8681,34.2998,477,41817,0.605199,0.99,1,1322104,1321627,477
103172621,25.5736,26.86,476,41867,0.64104,0.97,1,1322128,1321652,476
103175541,29.1147,33.372,471,41917,0.648208,0.87,1,1322158,1321687,471
103178461,33.8229,35.4744,470,41967,0.681642,0.85,1,1322193,1321723,470
103181381,43.5646,50.2949,462,42017,0.656328,0.77,1,1322239,1321777,462
103184301,52.7129,58.859,456,42067,0.619266,0.67,1,1322294,1321838,456
103187221,31.3426,33.3718,455,42117,0.579853,0.65,1,1322320,1321865,455
103190141,29.4685,30.6744,454,42167,0.555971,0.63,1,1322349,1321895,454
103193061,37.0937,35.7349,456,42217,0.567194,0.55,1,1322388,1321932,456
103195981,27.4187,27.947,455,42267,0.569439,0.57,1,1322413,1321958,455
103198901,27.0837,29.5894,452,42317,0.553888,0.57,1,1322440,1321988,452
103201821,33.4167,35.5179,450,42367,0.582778,0.57,1,1322475,1322025,450
103204741,28.2833,28.7036,450,42417,0.604555,0.59,1,1322502,1322052,450
103207661,19.2567,19.3407,450,42467,0.592911,0.61,1,1322519,1322069,450
103210581,31.8513,31.8681,450,42517,0.574582,0.65,1,1322554,1322104,450
103213501,26.3703,25.5736,451,42567,0.618916,0.65,1,1322579,1322128,451
103216421,31.6741,29.1147,454,42617,0.643783,0.69,1,1322612,1322158,454
103219341,32.7348,33.8229,452,42667,0.696757,0.65,1,1322645,1322193,452
103222261,43.347,43.5646,452,42716,0.739351,0.61,1,1322691,1322239,452
103225181,51.0694,52.7129,450,42765,0.76387,0.57,2,1322744,1322294,450
103228101,31.0139,31.3426,450,42814,0.784774,0.55,2,1322770,1322320,450
103231021,28.6028,29.4685,449,42863,0.772955,0.57,2,1322798,1322349,449
103233941,36.1206,37.0937,448,42912,0.802591,0.57,2,1322836,1322388,448
103236861,27.2241,27.4187,448,42961,0.856518,0.55,2,1322861,1322413,448
103239781,27.8448,27.0837,449,43010,0.867304,0.55,2,1322889,1322440,449
103242701,32.769,5.41675,483,43059,0.869461,0.59,2,1322923,1322440,483
103245621,28.9538,29.0833,476,43108,0.885892,0.61,2,1322951,1322475,476
103248541,18.5908,27.4167,465,43157,0.889178,0.59,2,1322967,1322502,465
103251461,33.3182,19.0833,485,43206,0.905836,0.57,2,1323004,1322519,485
103254381,26.6636,31.8167,475,43255,0.893167,0.63,2,1323029,1322554,475
103257301,32.5327,26.3633,484,43304,0.890633,0.65,2,1323063,1322579,484
103260221,35.3065,31.6727,487,43353,0.858127,0.71,2,1323099,1322612,487
103263141,45.4613,32.7345,502,43402,0.899625,0.75,2,1323147,1322645,502
103266061,52.2923,43.3469,510,43451,0.923925,0.77,2,1323201,1322691,510
103540541,39,30,515,23274,0.83,1,2,1327030,1326515,515
103543461,96.6,39.6,584,23365,0.798,1,2,1327141,1326557,584
103546381,99.32,112.72,553,23456,0.6956,1,1,1327241,1326688,553
103549301,81.464,85.744,551,23546,0.67512,0.91,1,1327318,1326767,551
103552221,76.2928,77.1488,551,23636,0.751024,1,2,1327393,1326842,551
103555141,50.4586,81.0298,513,23726,0.734205,0.8,1,1327437,1326924,513
103558061,24.4917,53.806,484,23815,0.762841,0.9,2,1327455,1326971,484
103560981,32.0983,26.7612,498,23904,0.752568,0.83,2,1327489,1326991,498
103563901,8.01967,36.5522,461,23993,0.750514,0.79,2,1327491,1327030,461
103566821,87.2039,96.1105,457,24081,0.862103,0.67,2,1327598,1327141,457
103569741,97.4408,99.2221,457,24169,0.932421,0.67,2,1327698,1327241,457
103572661,79.4882,81.4444,455,24257,0.914484,0.77,2,1327773,1327318,455
103575581,76.6976,76.2889,456,24344,0.942897,0.73,2,1327849,1327393,456
103706981,37,35,501,27992,0.63,1,1,1330387,1329886,501
103709901,32.2,33.4,499,28068,0.566,1,1,1330418,1329919,499
103712821,40.04,38.68,501,28143,0.4252,0.93,1,1330460,1329959,501
103715741,92.008,82.136,513,28218,0.08504,1,1,1330565,1330052,513
103718661,74.4016,96.4272,483,28293,0.041008,1,1,1330635,1330152,483
103721581,58.8803,56.0854,492,28368,0.0082016,1,1,1330690,1330198,492
103724501,35.7761,11.2171,522,28443,0.0256403,1,1,1330720,1330198,522
103727421,51.1552,35.0434,536,28517,0.0611281,0.86,1,1330775,1330239,536
103730341,37.431,61.4087,502,28591,0.0122256,0.79,1,1330809,1330307,502
103733261,32.2862,46.6817,490,28665,0.0264451,0.63,1,1330840,1330350,490
103736181,27.2572,38.9363,479,28739,0.013289,0.55,1,1330866,1330387,479
103739101,32.6514,32.5873,482,28813,0.0746578,0.39,1,1330900,1330418,482
103742021,76.1303,40.1175,527,28886,0.0389316,0,1,1330987,1330460,527
103744941,70.4261,92.0235,491,28959,0.0477863,0.03,1,1331056,1330565,491
103747861,58.8852,74.4047,477,29032,0.00955726,0,1,1331112,1330635,477
103750781,34.977,58.8809,451,29105,0.0419115,0.03,1,1331141,1330690,451
103753701,51.7954,35.7762,477,29178,0.0163823,0.07,1,1331197,1330720,477
103756621,36.7591,51.1552,455,29251,0.0272765,0,1,1331230,1330775,455
103759541,34.5518,37.431,455,29323,0.0294553,0.03,1,1331264,1330809,455
103762461,26.1104,32.2862,448,29395,0.0618911,0.01,1,1331288,1330840,448
103765381,34.8221,27.2572,459,29467,0.0683782,0.09,1,1331325,1330866,459
103768301,73.3644,32.6514,508,29539,0.101676,0.03,1,1331408,1330900,508
103771221,69.8729,76.1303,490,29611,0.0443351,0.05,1,1331477,1330987,490
103774141,60.3746,70.4261,479,29682,0.032867,0,1,1331535,1331056,479
103777061,33.6749,58.8852,450,29753,0.0465734,0.05,1,1331562,1331112,450
103779981,52.335,34.977,478,29824,0.0173147,0.01,1,1331619,1331141,478
103782901,12.067,51.7954,424,29895,0.0114629,0.03,1,1331621,1331197,424
103785821,28.0134,36.7591,423,29966,0.0742926,0.03,1,1331653,1331230,423
103788741,32.8027,34.5518,423,30037,0.0228585,0.07,1,1331687,1331264,423
103791661,27.3605,26.1104,425,30107,0.0445717,0.07,1,1331713,1331288,425
103794581,35.0721,34.8221,425,30177,0.0489143,0.11,1,1331750,1331325,425
103797501,75.0144,73.3644,427,30247,0.0497829,0.03,1,1331835,1331408,427
103800421,66.2029,69.8729,422,30317,0.0179566,0.03,1,1331899,1331477,422
103803341,60.4406,60.3746,423,30387,0.00359131,0.05,1,1331958,1331535,423
103806261,35.2881,33.6749,425,30457,0.0727183,0.01,1,1331987,1331562,425
103809181,51.0576,52.335,423,30526,0.0385437,0.01,1,1332042,1331619,423
103812101,11.8115,12.067,423,30595,0.0317087,0.09,1,1332044,1331621,423
103815021,28.7623,28.0134,424,30664,0.0143417,0.01,1,1332077,1331653,424
103817941,31.3525,32.8027,422,30733,0.0108683,0.05,1,1332109,1331687,422
103820861,27.0705,27.3605,422,30802,0.0101737,0.05,1,1332135,1331713,422
103823781,35.0141,35.0721,422,30871,0.0100347,0.05,1,1332172,1331750,422
103826701,75.0028,75.0144,422,30940,0.0740069,0.01,1,1332257,1331835,422
103829621,66.2006,66.2029,422,31008,0.0548014,0,1,1332321,1331899,422
103832541,61.2401,60.4406,423,31076,0.0349603,0.09,1,1332381,1331958,423
103835461,36.248,35.2881,424,31144,0.0469921,0.03,1,1332411,1331987,424
103838381,49.6496,51.0576,422,31212,0.0653984,0.03,1,1332464,1332042,422
103841301,11.5299,11.8115,422,31280,0.0690797,0.03,1,1332466,1332044,422
103844221,27.906,2.3623,454,31348,0.0378159,0.01,1,1332498,1332044,454
103847141,31.1812,26.8725,453,31415,0.0475632,0.01,1,1332530,1332077,453
103850061,27.0362,30.9745,447,31482,0.0495126,0.01,1,1332556,1332109,447
103852981,35.0072,26.9949,458,31549,0.0659025,0.01,1,1332593,1332135,458
103855901,76.6014,34.999,508,31616,0.149181,0.09,1,1332680,1332172,508
103858821,64.9203,74.9998,485,31683,0.149836,0.05,1,1332742,1332257,485
103861741,61.7841,66.2,482,31750,0.149967,0.03,1,1332803,1332321,482
103864661,35.5568,61.24,451,31817,0.133993,0.05,1,1332832,1332381,451
103867581,50.3114,36.248,475,31883,0.114799,0.07,1,1332886,1332411,475
103870501,11.6623,49.6496,424,31949,0.11096,0.07,1,1332888,1332464,424
103873421,27.9325,11.5299,454,32015,0.126192,0.03,1,1332920,1332466,454
103876341,31.9865,27.906,455,32081,0.161238,0.05,1,1332953,1332498,455
103879261,27.1973,31.1812,449,32147,0.184248,0.05,1,1332979,1332530,449
103882181,35.8395,27.0362,461,32213,0.18885,0.07,1,1333017,1332556,461
103885101,80.7679,35.0072,516,32279,0.22177,0.17,1,1333109,1332593,516
103888021,64.9536,76.6014,490,32345,0.276354,0.15,1,1333170,1332680,490
103890941,61.7907,64.9203,489,32410,0.303271,0.15,1,1333231,1332742,489
103893861,34.7581,61.7841,456,32475,0.340654,0.13,1,1333259,1332803,456
103896781,50.1516,35.5568,481,32540,0.396131,0.11,1,1333313,1332832,481
103899701,11.6303,50.3114,429,32605,0.407226,0.11,1,1333315,1332886,429
103902621,28.7261,11.6623,460,32670,0.457445,0.13,1,1333348,1332888,460
103905541,32.9452,27.9325,462,32735,0.499489,0.17,1,1333382,1332920,462
103908461,8.18904,31.9865,431,32800,0.507898,0.19,1,1333384,1332953,431
103911381,22.4378,27.1973,431,32864,0.55758,0.19,1,1333410,1332979,431
103914301,34.8876,35.8395,431,32928,0.567516,0.23,1,1333448,1333017,431
103917221,82.9775,80.7679,434,32992,0.553503,0.29,1,1333543,1333109,434
103920141,66.9955,64.9536,436,33056,0.550701,0.31,1,1333606,1333170,436
103923061,64.5991,61.7907,439,33120,0.51814,0.35,1,1333670,1333231,439
103925981,35.3198,34.7581,439,33184,0.495628,0.41,1,1333698,1333259,439
103928901,54.264,50.1516,444,33248,0.539126,0.41,1,1333757,1333313,444
103931821,12.4528,11.6303,444,33312,0.515825,0.47,1,1333759,1333315,444
103934741,30.4906,28.7261,446,33375,0.527165,0.51,1,1333794,1333348,446
103937661,34.0981,32.9452,447,33438,0.577433,0.51,1,1333829,1333382,447
103940581,8.41962,8.18904,447,33501,0.587487,0.57,1,1333831,1333384,447
103943501,23.2839,22.4378,448,33564,0.589497,0.57,1,1333858,1333410,448
103946421,35.0568,34.8876,448,33627,0.605899,0.55,1,1333896,1333448,448
103949341,82.2114,82.9775,447,33690,0.64118,0.55,1,1333990,1333543,447
103952261,66.8423,66.9955,447,33753,0.664236,0.51,1,1334053,1333606,447
103955181,62.9685,64.5991,445,33816,0.684847,0.49,1,1334115,1333670,445
103958101,35.7937,35.3198,446,33879,0.672969,0.55,1,1334144,1333698,446
103961021,55.1587,54.264,447,33941,0.686594,0.51,1,1334204,1333757,447
103963941,12.6317,12.4528,447,34003,0.657319,0.53,1,1334206,1333759,447
103966861,32.1263,30.4906,449,34065,0.699464,0.59,1,1334243,1333794,449
103969781,36.8253,34.0981,452,34127,0.691893,0.59,1,1334281,1333829,452
103972701,8.96505,8.41962,452,34189,0.706379,0.59,1,1334283,1333831,452
103975621,22.593,23.2839,451,34251,0.725276,0.59,1,1334309,1333858,451
103978541,34.9186,4.65678,489,34313,0.729055,0.61,1,1334347,1333858,489
103981461,82.1837,31.3314,545,34375,0.745811,0.65,1,1334441,1333896,545
103984381,67.6367,81.4663,515,34437,0.797162,0.67,2,1334505,1333990,515
103987301,63.9273,66.6933,515,34498,0.855432,0.69,2,1334568,1334053,515
103990221,35.1855,62.9387,481,34559,0.867086,0.67,2,1334596,1334115,481
103993141,55.8371,35.7877,513,34620,0.901417,0.69,2,1334657,1334144,513
103996061,12.7674,55.1575,455,34681,0.908283,0.65,2,1334659,1334204,455
103998981,32.9535,12.6315,491,34742,0.909657,0.71,2,1334697,1334206,491
104001901,37.7907,32.1263,493,34803,0.925931,0.69,2,1334736,1334243,493
104004821,9.15814,36.8253,457,34864,0.929186,0.71,2,1334738,1334281,457
104007741,24.2316,8.96505,483,34925,0.897837,0.73,2,1334766,1334283,483
104010661,35.2463,22.593,495,34986,0.907567,0.73,2,1334804,1334309,495
104308501,27,31,520,40686,0.81,1,2,1338836,1338316,520
104311421,45.4,54.2,510,40738,0.634,1,1,1338886,1338376,510
104314341,44.28,41.24,516,40790,0.5188,1,1,1338930,1338414,516
104317261,36.856,33.848,519,40842,0.46376,1,1,1338965,1338446,519
104320181,36.9712,30.7696,526,40894,0.404752,1,1,1339002,1338476,526
104323101,35.3942,36.5539,523,40946,0.32895,1,1,1339037,1338514,523
104326021,33.4788,38.5108,517,40998,0.21779,1,1,1339070,1338553,517
104328941,35.4958,42.1022,510,41049,0.211558,1,1,1339106,1338596,510
104331861,42.2992,36.4204,519,41100,0.146312,1,1,1339150,1338631,519
104334781,29.2598,35.2841,510,41151,0.149262,0.97,1,1339176,1338666,510
104337701,33.052,35.8568,508,41202,0.181852,1,1,1339210,1338702,508
104340621,31.4104,37.5714,501,41253,0.18837,0.91,1,1339241,1338740,501
104343541,28.6821,34.7143,495,41304,0.173674,0.77,1,1339269,1338774,495
104346461,21.7364,34.9429,480,41355,0.154735,0.81,1,1339289,1338809,480
104349381,39.5473,28.5886,497,41406,0.182947,0.59,1,1339333,1338836,497
104352301,36.7095,45.7177,483,41457,0.220589,0.49,1,1339369,1338886,483
104355221,33.7419,44.3435,472,41508,0.260118,0.45,1,1339402,1338930,472
104358141,8.34838,36.8687,439,41559,0.268024,0.39,1,1339404,1338965,439
104361061,28.0697,36.9737,435,41610,0.317605,0.31,1,1339437,1339002,435
104363981,33.6139,35.3947,435,41661,0.327521,0.19,1,1339472,1339037,435
104366901,26.7228,33.4789,427,41712,0.329504,0.21,1,1339497,1339070,427
104369821,35.7446,35.4958,429,41763,0.281901,0.13,1,1339535,1339106,429
104372741,43.1489,42.2992,430,41814,0.32038,0.15,1,1339580,1339150,430
104375661,30.2298,29.2598,431,41864,0.312076,0.19,1,1339607,1339176,431
104378581,32.446,33.052,430,41914,0.310415,0.19,1,1339640,1339210,430
104381501,31.2892,31.4104,430,41964,0.326083,0.17,1,1339671,1339241,430
104384421,27.8578,28.6821,429,42014,0.313217,0.15,1,1339698,1339269,429
104387341,22.3716,21.7364,430,42064,0.326643,0.19,1,1339719,1339289,430
104390261,41.2743,39.5473,432,42114,0.313329,0.23,1,1339765,1339333,432
104393181,39.4549,36.7095,435,42164,0.310666,0.27,1,1339804,1339369,435
104396101,35.091,33.7419,436,42214,0.390133,0.27,1,1339838,1339402,436
104399021,8.61819,8.34838,436,42264,0.406027,0.33,1,1339840,1339404,436
104401941,29.7236,28.0697,438,42314,0.377205,0.33,1,1339875,1339437,438
104404861,32.3447,33.6139,436,42364,0.403441,0.33,1,1339908,1339472,436
104407781,28.0689,26.7228,438,42414,0.424688,0.27,1,1339935,1339497,438
104410701,33.6138,35.7446,435,42464,0.412938,0.33,1,1339970,1339535,435
104413621,43.5228,43.1489,436,42514,0.442587,0.31,1,1340016,1339580,436
104416541,29.5046,30.2298,435,42564,0.464518,0.31,1,1340042,1339607,435
104419461,33.9009,32.446,437,42614,0.452903,0.33,1,1340077,1339640,437
104422381,30.7802,31.2892,436,42664,0.466581,0.31,1,1340107,1339671,436
104425301,28.556,27.8578,437,42713,0.517316,0.33,1,1340135,1339698,437
104428221,21.7112,22.3716,436,42762,0.495463,0.31,1,1340155,1339719,436
104431141,41.9422,41.2743,437,42811,0.507093,0.31,1,1340202,1339765,437
104434061,41.9885,39.4549,440,42860,0.525419,0.41,1,1340244,1339804,440
104436981,35.5977,35.091,440,42909,0.545084,0.41,1,1340278,1339838,440
104439901,8.71954,8.61819,440,42958,0.549017,0.37,1,1340280,1339840,440
104442821,29.7439,29.7236,440,43007,0.549803,0.37,1,1340315,1339875,440
104445741,33.1488,5.94473,474,43056,0.565961,0.41,1,1340349,1339875,474
104448661,27.4298,27.5889,467,43105,0.569192,0.43,1,1340375,1339908,467
104451581,34.286,27.1178,476,43154,0.585838,0.41,1,1340411,1339935,476
104454501,43.6572,33.4236,487,43203,0.589168,0.45,1,1340457,1339970,487
104457421,31.1314,43.4847,469,43252,0.621834,0.47,1,1340485,1340016,469
104460341,34.2263,29.4969,478,43301,0.644367,0.45,1,1340520,1340042,478
104463261,32.4453,33.8994,475,43350,0.664873,0.47,1,1340552,1340077,475
104466181,28.8891,30.7799,473,43399,0.700975,0.53,1,1340580,1340107,473
104469101,21.7778,28.556,465,43448,0.708195,0.49,1,1340600,1340135,465
104472021,42.7556,21.7112,493,43497,0.709639,0.51,1,1340648,1340155,493
104474941,42.1511,41.9422,488,43546,0.725928,0.53,1,1340690,1340202,488
104477861,38.0302,41.9884,483,43594,0.761186,0.55,2,1340727,1340244,483
104480781,9.20604,35.5977,451,43642,0.768237,0.55,2,1340729,1340278,451
104483701,29.8412,8.71954,484,43690,0.753647,0.55,2,1340764,1340280,484
104486621,33.1682,29.7439,483,43738,0.78273,0.57,2,1340798,1340315,483
104489541,27.4336,33.1488,475,43786,0.788546,0.57,2,1340824,1340349,475
104492461,35.0867,27.4298,486,43834,0.789709,0.59,2,1340861,1340375,486
104495381,43.8173,34.286,496,43882,0.789942,0.59,2,1340907,1340411,496
104498301,32.7635,43.6572,480,43930,0.805988,0.63,2,1340937,1340457,480
104501221,35.3527,31.1314,488,43978,0.809198,0.65,2,1340973,1340485,488
104504141,35.0705,34.2263,488,44026,0.84184,0.67,2,1341008,1340520,488
104507061,29.4141,32.4453,484,44074,0.848368,0.71,2,1341036,1340552,484
104509981,21.8828,28.8891,476,44122,0.849674,0.71,2,1341056,1340580,476
104512901,43.5766,21.7778,505,44170,0.897935,0.71,2,1341105,1340600,505
104515821,42.3153,42.7556,499,44218,0.891587,0.73,2,1341147,1340648,499
104518741,38.0631,42.1511,494,44266,0.906317,0.77,2,1341184,1340690,494
104521661,9.21261,38.0302,459,44314,0.909264,0.77,2,1341186,1340727,459
104777161,47,27,474,21997,0.07,0.31,1,1344105,1343631,474
104780081,60.6,62.2,467,22093,0.086,0.03,1,1344169,1343702,467
104783001,67.32,82.04,449,22189,0.0892,0.01,1,1344238,1343789,449
104785921,47.864,70.808,424,22285,0.12184,0.03,1,1344281,1343857,424
104788841,45.5728,38.1616,439,22380,0.048368,0.09,1,1344326,1343887,439
104791761,29.1146,31.6323,434,22475,0.0336736,0.01,1,1344351,1343917,434
104794681,65.8229,54.3265,449,22569,0.0627347,0.01,1,1344426,1343977,449
104797601,95.5646,75.6653,471,22663,0.0845469,0.07,1,1344529,1344058,471
104800521,71.1129,52.7331,489,22757,0.136909,0.09,1,1344594,1344105,489
104803441,67.8226,61.7466,492,22850,0.179382,0.09,1,1344661,1344169,492
104806361,49.5645,67.5493,468,22943,0.171876,0.13,1,1344706,1344238,468
104809281,44.3129,47.9099,468,23035,0.154375,0.03,1,1344749,1344281,468
104812201,28.0626,45.582,447,23127,0.102875,0.03,1,1344773,1344326,447
104815121,67.2125,29.1164,499,23219,0.060575,0.07,1,1344850,1344351,499
104818041,96.6425,65.8233,528,23310,0.036115,0.09,1,1344954,1344426,528
104820961,73.7285,95.5647,493,23401,0.079223,0.15,1,1345022,1344529,493
104823881,69.9457,71.1129,497,23492,0.0878446,0.19,1,1345091,1344594,497
104826801,49.1891,67.8226,474,23582,0.137569,0.17,1,1345135,1344661,474
104829721,41.8378,49.5645,469,23672,0.163514,0.15,1,1345175,1344706,469
104832641,25.1676,44.3129,447,23762,0.200703,0.09,1,1345196,1344749,447
104835561,66.6335,28.0626,500,23851,0.208141,0.05,1,1345273,1344773,500
104838481,95.7267,67.2125,526,23940,0.177628,0.03,1,1345376,1344850,526
104841401,20.7453,96.6425,424,24029,0.171526,0.09,1,1345378,1344954,424
104844321,60.1491,73.7285,426,24117,0.202305,0.09,1,1345448,1345022,426
104847241,67.2298,69.9457,426,24205,0.208461,0.15,1,1345517,1345091,426
104850161,51.846,49.1891,430,24293,0.225692,0.17,1,1345565,1345135,430
104853081,43.1692,41.8378,431,24380,0.245138,0.21,1,1345606,1345175,431
104856001,26.2338,25.1676,432,24467,0.217028,0.21,1,1345628,1345196,432
104858921,67.6468,66.6335,433,24554,0.259406,0.17,1,1345706,1345273,433
104861841,93.5294,95.7267,430,24640,0.267881,0.17,1,1345806,1345376,430
104864761,20.3059,20.7453,430,24726,0.269576,0.21,1,1345808,1345378,430
104867681,61.6612,60.1491,432,24812,0.301915,0.21,1,1345880,1345448,432
104870601,67.5322,67.2298,432,24897,0.372383,0.23,1,1345949,1345517,432
104873521,52.7064,51.846,433,24982,0.386477,0.25,1,1345998,1345565,433
104876441,42.5413,43.1692,432,25067,0.437295,0.21,1,1346038,1345606,432
104879361,26.1083,26.2338,432,25152,0.463459,0.27,1,1346060,1345628,432
104882281,70.0217,67.6468,435,25236,0.516692,0.27,1,1346141,1345706,435
104885201,94.0043,93.5294,435,25320,0.559338,0.27,1,1346241,1345806,435
104888121,20.4009,20.3059,435,25404,0.599868,0.31,1,1346243,1345808,435
104891041,62.4802,61.6612,436,25487,0.591974,0.31,1,1346316,1345880,436
104893961,69.296,12.3322,507,25570,0.606395,0.39,1,1346387,1345880,507
104896881,55.4592,57.6664,490,25653,0.641279,0.39,1,1346439,1345949,490
104899801,45.4918,50.7333,484,25736,0.664256,0.45,1,1346482,1345998,484
104902721,26.6984,42.1467,466,25818,0.668851,0.47,1,1346504,1346038,466
104905641,70.9397,26.0293,526,25900,0.68577,0.53,1,1346586,1346060,526
104908561,97.3879,70.0059,549,25982,0.673154,0.57,1,1346690,1346141,549
104911481,21.0776,94.0012,451,26064,0.670631,0.61,1,1346692,1346241,451
104914401,61.8155,20.4002,521,26145,0.670126,0.59,1,1346764,1346243,521
104917321,72.3631,62.48,523,26226,0.686025,0.61,1,1346839,1346316,523
104920241,58.4726,69.296,507,26307,0.737205,0.65,1,1346894,1346387,507
104923161,45.2945,55.4592,497,26388,0.763441,0.67,2,1346936,1346439,497
104926081,26.6589,45.4918,476,26468,0.768688,0.67,2,1346958,1346482,476
104929001,71.7318,26.6984,537,26548,0.817738,0.69,2,1347041,1346504,537
104931921,96.7464,70.9397,558,26628,0.875548,0.67,2,1347144,1346586,558
104934841,20.9493,97.3879,456,26708,0.88711,0.67,2,1347146,1346690,456
105042881,45,30,520,29499,0.53,1,1,1349100,1348580,520
105045801,89,46.8,569,29571,0.306,1,1,1349200,1348631,569
105048721,33.8,78.96,502,29643,0.1332,1,1,1349220,1348718,502
105051641,28.36,36.592,503,29714,0.03464,1,1,1349247,1348744,503
105054561,33.672,33.7184,505,29785,0.030928,1,1,1349282,1348777,505
105057481,26.7344,32.3437,498,29856,0.0061856,1,1,1349307,1348809,498
105060401,15.7469,28.0687,484,29927,0.00923712,1,1,1349320,1348836,484
105063321,59.1494,67.2137,477,29998,0.00184742,0.79,1,1349390,1348913,477
105066241,87.0299,99.8428,463,30069,0.0403695,0.73,1,1349484,1349021,463
105069161,39.006,47.1685,456,30139,0.0640739,0.53,1,1349511,1349055,456
105072081,39.8012,45.4337,451,30209,0.0688148,0.25,1,1349551,1349100,451
105075001,70.3602,89.0867,429,30279,0.117763,0.09,1,1349629,1349200,429
105077921,26.072,33.8173,424,30349,0.111553,0.01,1,1349644,1349220,424
105080841,26.0144,28.3635,423,30419,0.0223105,0.03,1,1349670,1349247,423
105083761,33.2029,33.6727,423,30489,0.0044621,0,1,1349705,1349282,423
105086681,25.8406,26.7345,422,30558,0.0248924,0.01,1,1349729,1349307,422
105089601,16.3681,15.7469,423,30627,0.0289785,0,1,1349743,1349320,423
105092521,60.8736,59.1494,425,30696,0.0057957,0.05,1,1349815,1349390,425
105095441,85.7747,87.0299,423,30765,0.0251591,0.07,1,1349907,1349484,423
105098361,37.9549,39.006,422,30834,0.0610318,0.07,1,1349933,1349511,422
105101281,39.591,39.8012,422,30903,0.0842064,0.13,1,1349973,1349551,422
105104201,72.7182,70.3602,425,30971,0.0728413,0.11,1,1350054,1349629,425
105107121,28.1436,26.072,427,31039,0.0385683,0,1,1350071,1349644,427
105110041,22.4287,26.0144,422,31107,0.0797137,0,1,1350092,1349670,422
105112961,34.8857,33.2029,425,31175,0.0239427,0.03,1,1350130,1349705,425
105115881,26.1771,25.8406,425,31243,0.00478855,0.03,1,1350154,1349729,425
105118801,14.0354,16.3681,422,31311,0.0249577,0.03,1,1350165,1349743,422
105121721,59.6071,3.27362,493,31379,0.0129915,0,1,1350236,1349743,493
105124641,85.5214,58.2547,513,31446,0.0105983,0.03,1,1350328,1349815,513
105127561,40.3043,85.2509,450,31513,0.0421197,0.07,1,1350357,1349907,450
105130481,39.2609,37.8502,463,31580,0.0484239,0.09,1,1350396,1349933,463
105133401,72.6522,39.57,504,31647,0.0336848,0.07,1,1350477,1349973,504
105136321,28.1304,72.714,440,31714,0.014737,0.03,1,1350494,1350054,440
105139241,20.8261,28.1428,442,31781,0.0429474,0.09,1,1350513,1350071,442
105142161,34.5652,22.4286,459,31848,0.0165895,0.01,1,1350551,1350092,459
105145081,26.113,34.8857,445,31914,0.0113179,0,1,1350575,1350130,445
105148001,14.0226,26.1771,432,31980,0.0422636,0.03,1,1350586,1350154,432
105150921,59.6045,14.0354,492,32046,0.0324527,0.01,1,1350657,1350165,492
105153841,86.3209,59.6071,514,32112,0.0784905,0.01,1,1350750,1350236,514
105156761,41.2642,85.5214,452,32178,0.0716981,0.05,1,1350780,1350328,452
105159681,39.4528,40.3043,462,32244,0.0543396,0.05,1,1350819,1350357,462
105162601,71.8906,39.2609,503,32310,0.0988679,0.03,1,1350899,1350396,503
105165521,27.9781,72.6522,439,32375,0.123774,0.01,1,1350916,1350477,439
105168441,21.5956,28.1304,442,32440,0.0967547,0.05,1,1350936,1350494,442
105171361,33.9191,20.8261,460,32505,0.0593509,0.01,1,1350973,1350513,460
105174281,25.9838,34.5652,446,32570,0.0518702,0.01,1,1350997,1350551,446
105177201,13.1968,26.113,432,32635,0.034374,0.05,1,1351007,1350575,432
105180121,59.4394,14.0226,492,32700,0.0628748,0.03,1,1351078,1350586,492
105183041,87.8879,59.6045,516,32765,0.068575,0.09,1,1351173,1350657,516
105185961,19.1776,86.3209,425,32830,0.069715,0.07,1,1351175,1350750,425
105188881,27.8355,41.2642,425,32894,0.101943,0.05,1,1351205,1350780,425
105191801,35.9671,39.4528,424,32958,0.140389,0.11,1,1351243,1350819,424
105194721,73.5934,71.8906,427,33022,0.196078,0.13,1,1351326,1350899,427
105197641,27.5187,27.9781,426,33086,0.207216,0.09,1,1351342,1350916,426
105200561,22.3037,21.5956,427,33150,0.193443,0.05,1,1351363,1350936,427
105203481,31.6607,33.9191,424,33214,0.206689,0.05,1,1351397,1350973,424
105206401,24.7321,25.9838,423,33278,0.161338,0.03,1,1351420,1350997,423
105209321,12.9464,13.1968,423,33342,0.120268,0.07,1,1351430,1351007,423
105212241,58.5893,59.4394,422,33405,0.0480535,0.07,1,1351500,1351078,422
105215161,90.1179,87.8879,425,33468,0.0336107,0.07,1,1351598,1351173,425
105218081,19.6236,19.1776,425,33531,0.0307221,0.11,1,1351600,1351175,425
105221001,27.9247,27.8355,425,33594,0.0461444,0.15,1,1351630,1351205,425
105223921,37.5849,35.9671,427,33657,0.0972289,0.21,1,1351670,1351243,427
105226841,76.317,73.5934,430,33720,0.139446,0.21,1,1351756,1351326,430
105229761,28.0634,27.5187,430,33783,0.163889,0.19,1,1351772,1351342,430
105232681,21.6127,22.3037,429,33846,0.232778,0.21,1,1351792,1351363,429
105235601,30.7225,31.6607,428,33908,0.230556,0.15,1,1351825,1351397,428
105238521,23.7445,24.7321,427,33970,0.262111,0.11,1,1351847,1351420,427
105241441,11.1489,12.9464,425,34032,0.284422,0.03,1,1351855,1351430,425
105244361,55.8298,58.5893,422,34094,0.224884,0.03,1,1351922,1351500,422
105247281,90.366,90.1179,423,34156,0.100977,0.03,1,1352021,1351598,423
105250201,19.6732,19.6236,423,34218,0.0761954,0.03,1,1352023,1351600,423
105253121,27.9346,3.92471,453,34280,0.0712391,0.05,1,1352053,1351600,453
105256041,39.9869,24.7849,466,34342,0.0862478,0.11,1,1352096,1351630,466
105258961,78.3974,36.957,514,34404,0.18525,0.15,1,1352184,1351670,514
105261881,30.8795,76.1914,447,34465,0.18905,0.17,1,1352203,1351756,447
105264801,22.1759,28.0383,451,34526,0.18981,0.25,1,1352223,1351772,451
105267721,31.6352,21.6077,465,34587,0.189962,0.23,1,1352257,1351792,465
105270641,24.727,30.7215,455,34648,0.173992,0.27,1,1352280,1351825,455
105273561,11.3454,23.7443,441,34709,0.170798,0.29,1,1352288,1351847,441
105276481,52.6691,11.1489,496,34770,0.20216,0.21,1,1352351,1351855,496
105279401,85.7338,55.8298,523,34831,0.256432,0.07,1,1352445,1351922,523
105282321,18.7468,90.366,426,34892,0.267286,0.07,1,1352447,1352021,426
105285241,27.7494,19.6732,454,34953,0.269457,0.07,1,1352477,1352023,454
105288161,42.3499,27.9346,470,35013,0.285891,0.09,1,1352523,1352053,470
105291081,82.07,39.9869,519,35073,0.289178,0.21,1,1352615,1352096,519
105294001,30.814,78.3974,449,35133,0.289836,0.19,1,1352633,1352184,449
105296921,22.1628,30.8795,450,35193,0.289967,0.19,1,1352653,1352203,450
105299841,31.6326,22.1759,464,35253,0.305993,0.19,1,1352687,1352223,464
105302761,23.9265,31.6352,452,35313,0.309199,0.17,1,1352709,1352257,452
105305681,11.1853,24.727,437,35373,0.30984,0.17,1,1352717,1352280,437
105308601,54.2371,11.3454,494,35433,0.341968,0.21,1,1352782,1352288,494
105311521,88.4474,52.6691,528,35493,0.428394,0.27,1,1352879,1352351,528
105314441,19.2895,85.7338,436,35553,0.445679,0.27,1,1352881,1352445,436
105317361,27.8579,18.7468,464,35612,0.465136,0.27,1,1352911,1352447,464
105320281,43.1716,27.7494,481,35671,0.485027,0.29,1,1352958,1352477,481
105323201,10.2343,42.3499,437,35730,0.489005,0.29,1,1352960,1352523,437
105326121,74.8469,82.07,436,35789,0.553801,0.29,1,1353051,1352615,436
105329041,29.3694,30.814,436,35848,0.56676,0.29,1,1353069,1352633,436
105331961,22.6739,22.1628,437,35907,0.553352,0.31,1,1353090,1352653,437
105334881,31.7348,31.6326,437,35966,0.58267,0.31,1,1353124,1352687,437
105337801,24.747,23.9265,438,36025,0.620534,0.31,1,1353147,1352709,438
105340721,11.3494,11.1853,438,36084,0.628107,0.35,1,1353155,1352717,438
105343641,55.8699,54.2371,440,36143,0.613621,0.45,1,1353222,1352782,440
105346561,92.774,88.4474,445,36201,0.642724,0.45,1,1353324,1352879,445
105349481,20.1548,19.2895,445,36259,0.648545,0.47,1,1353326,1352881,445
105352401,28.031,27.8579,445,36317,0.617709,0.49,1,1353356,1352911,445
105355321,44.0062,43.1716,446,36375,0.611542,0.49,1,1353404,1352958,446
105358241,10.4012,10.2343,446,36433,0.610308,0.57,1,1353406,1352960,446
105361161,76.4802,74.8469,448,36491,0.658062,0.57,1,1353499,1353051,448
105364081,29.696,29.3694,448,36549,0.651612,0.55,1,1353517,1353069,448
105367001,23.5392,22.6739,449,36607,0.682322,0.59,1,1353539,1353090,449
105369921,33.5078,31.7348,451,36665,0.704464,0.63,1,1353575,1353124,451
105372841,25.1016,24.747,451,36723,0.756893,0.63,2,1353598,1353147,451
105375761,11.4203,11.3494,451,36781,0.767379,0.61,2,1353606,1353155,451
105378681,56.6841,55.8699,452,36838,0.753476,0.65,2,1353674,1353222,452
105381601,92.9368,92.774,452,36895,0.798695,0.65,2,1353776,1353324,452
105384521,20.1874,20.1548,452,36952,0.807739,0.61,2,1353778,1353326,452
105387441,28.0375,28.031,452,37009,0.825548,0.61,2,1353808,1353356,452
105390361,44.8075,44.0062,453,37066,0.89311,0.61,2,1353857,1353404,453
105393281,10.5615,10.4012,453,37123,0.906622,0.67,2,1353859,1353406,453
105396201,76.5123,76.4802,453,37180,0.909324,0.67,2,1353952,1353499,453
105399121,29.7025,15.296,471,37237,0.909865,0.65,2,1353970,1353499,471
105402041,23.5405,17.4592,475,37294,0.925973,0.69,2,1353992,1353517,475
105404961,35.9081,21.0918,492,37351,0.929195,0.71,2,1354031,1353539,492
105545121,44,25,492,39974,0.57,0.99,1,1355886,1355394,492
105548041,32,25,496,40027,0.554,1,1,1355915,1355419,496
105550961,34.4,23.4,508,40080,0.4548,1,1,1355950,1355442,508
105553881,32.48,4.68,540,40133,0.35496,1,1,1355982,1355442,540
105556801,16.896,21.736,527,40186,0.270992,1,1,1355995,1355468,527
105559721,16.9792,25.1472,518,40239,0.238198,1,1,1356012,1355494,518
105562641,30.5958,29.0294,522,40291,0.18364,1,1,1356046,1355524,522
105565561,87.7192,41.8059,579,40343,0.140728,0.98,1,1356148,1355569,579
105568481,38.3438,91.5612,501,40395,0.132146,1,1,1356174,1355673,501
105571401,32.4688,43.1122,501,40447,0.0824291,1,1,1356205,1355704,501
105574321,24.0938,31.0224,495,40499,0.120486,0.95,1,1356227,1355732,495
105577241,28.0188,26.2045,499,40551,0.208097,0.87,1,1356256,1355757,499
105580161,38.4037,30.8409,508,40603,0.145619,0.85,1,1356297,1355789,508
105583081,38.0807,48.5682,493,40655,0.165124,0.57,1,1356335,1355842,493
105586001,25.2161,44.9136,471,40707,0.137025,0.55,1,1356357,1355886,471
105588921,28.2432,32.1827,471,40759,0.163405,0.43,1,1356386,1355915,471
105591841,28.0486,34.4365,464,40811,0.200681,0.33,1,1356414,1355950,464
105594761,17.6097,32.4873,447,40863,0.160136,0.25,1,1356429,1355982,447
105597681,17.1219,16.8975,451,40915,0.216027,0.23,1,1356446,1355995,451
105600601,29.8244,16.9795,467,40967,0.275205,0.17,1,1356479,1356012,467
105603521,82.7649,30.5959,529,41019,0.239041,0.13,1,1356575,1356046,529
105606441,35.753,87.7192,451,41070,0.231808,0.13,1,1356599,1356148,451
105609361,33.5506,38.3438,458,41121,0.230362,0.07,1,1356632,1356174,458
105612281,25.9101,32.4688,451,41172,0.246072,0.13,1,1356656,1356205,451
105615201,27.582,24.0938,457,41223,0.265214,0.23,1,1356684,1356227,457
105618121,39.1164,28.0188,470,41274,0.285043,0.13,1,1356726,1356256,470
105621041,38.2233,38.4037,467,41325,0.321009,0.17,1,1356764,1356297,467
105623961,25.2447,38.0807,451,41376,0.344202,0.13,1,1356786,1356335,451
105626881,29.8489,25.2161,460,41427,0.36484,0.17,1,1356817,1356357,460
105629801,26.7698,28.2432,457,41478,0.368968,0.21,1,1356843,1356386,457
105632721,17.354,28.0486,444,41529,0.353794,0.15,1,1356858,1356414,444
105635641,5.07079,17.6097,431,41580,0.382759,0.23,1,1356860,1356429,431
105638561,16.2142,17.1219,433,41631,0.372552,0.29,1,1356879,1356446,433
105641481,32.0428,29.8244,436,41682,0.33851,0.23,1,1356915,1356479,436
105644401,80.8086,82.7649,433,41733,0.411702,0.23,1,1357008,1356575,433
105647321,35.3617,35.753,433,41784,0.42634,0.23,1,1357032,1356599,433
105650241,34.2723,33.5506,434,41835,0.493268,0.25,1,1357066,1356632,434
105653161,26.0545,25.9101,434,41885,0.490654,0.27,1,1357090,1356656,434
105656081,28.4109,27.582,435,41935,0.490131,0.29,1,1357119,1356684,435
105659001,40.0822,39.1164,436,41985,0.474026,0.33,1,1357162,1356726,436
105661921,40.0164,38.2233,438,42035,0.502805,0.35,1,1357202,1356764,438
105664841,26.4033,25.2447,439,42085,0.492561,0.37,1,1357225,1356786,439
105667761,30.8807,29.8489,440,42135,0.474512,0.37,1,1357257,1356817,440
105670681,26.9761,26.7698,440,42185,0.502902,0.35,1,1357283,1356843,440
105673601,16.5952,17.354,439,42235,0.50858,0.39,1,1357297,1356858,439
105676521,4.91905,5.07079,439,42285,0.509716,0.37,1,1357299,1356860,439
105679441,15.3838,16.2142,438,42335,0.509943,0.33,1,1357317,1356879,438
105682361,31.8768,32.0428,438,42385,0.509989,0.43,1,1357353,1356915,438
105685281,84.7754,80.8086,443,42435,0.557998,0.43,1,1357451,1357008,443
105688201,36.9551,35.3617,444,42485,0.5676,0.51,1,1357476,1357032,444
105691121,36.191,34.2723,446,42535,0.60152,0.49,1,1357512,1357066,446
105694041,26.4382,26.0545,446,42585,0.640304,0.49,1,1357536,1357090,446
105696961,28.4876,28.4109,446,42635,0.632061,0.47,1,1357565,1357119,446
105699881,39.2975,40.0822,445,42684,0.678412,0.51,1,1357607,1357162,445
105702801,39.8595,40.0164,445,42733,0.735682,0.49,1,1357647,1357202,445
105705721,25.5719,26.4033,444,42782,0.779136,0.47,2,1357669,1357225,444
105708641,31.5144,30.8807,445,42831,0.787827,0.51,2,1357702,1357257,445
105711561,27.1029,26.9761,445,42880,0.805565,0.51,2,1357728,1357283,445
105714481,16.6206,16.5952,445,42929,0.809113,0.51,2,1357742,1357297,445
105717401,4.92411,4.91905,445,42978,0.777823,0.51,2,1357744,1357299,445
105720321,15.3848,15.3838,445,43027,0.803565,0.51,2,1357762,1357317,445
105723241,32.677,3.07676,482,43076,0.792713,0.51,2,1357799,1357317,482
105726161,85.7354,29.4154,545,43125,0.854543,0.57,2,1357898,1357353,545
105729081,38.7471,84.2831,474,43174,0.866908,0.57,2,1357925,1357451,474
105732001,38.1494,36.8566,487,43223,0.869382,0.61,2,1357963,1357476,487
105734921,26.8299,36.1713,475,43272,0.869876,0.65,2,1357987,1357512,475
105737841,30.166,26.4343,482,43321,0.869975,0.63,2,1358018,1357536,482
105740761,39.6332,28.4869,495,43370,0.901995,0.69,2,1358060,1357565,495
105743681,43.9266,39.2974,498,43419,0.924399,0.75,2,1358105,1357607,498
105746601,26.3853,39.8595,480,43468,0.94488,0.79,2,1358127,1357647,480
105990421,58,79,477,21370,0.53,0.65,1,1360912,1360435,477
105993341,70.8,71,482,21469,0.546,0.55,1,1360986,1360504,482
105996261,76.56,84.6,472,21568,0.5652,0.49,1,1361064,1360592,472
105999181,86.512,64.12,502,21666,0.58504,0.47,1,1361153,1360651,502
106002101,41.3024,69.624,461,21764,0.621008,0.45,1,1361183,1360722,461
106005021,31.4605,41.1248,456,21861,0.580202,0.49,1,1361212,1360756,456
106007941,76.6921,86.625,446,21958,0.63604,0.53,1,1361300,1360854,446
106010861,63.3384,63.725,448,22055,0.647208,0.55,1,1361360,1360912,448
106013781,71.0677,71.945,447,22151,0.665442,0.57,1,1361433,1360986,447
106016701,79.8135,76.789,451,22247,0.717088,0.59,1,1361515,1361064,451
106019621,87.1627,86.5578,451,22342,0.727418,0.63,1,1361604,1361153,451
106022541,41.4325,41.3116,451,22437,0.793484,0.57,2,1361634,1361183,451
106025461,30.6865,31.4623,450,22532,0.806697,0.57,2,1361662,1361212,450
106028381,77.3373,6.29246,539,22626,0.825339,0.65,2,1361751,1361212,539
106031301,63.4675,71.6585,511,22720,0.829068,0.65,2,1361811,1361300,511
106034221,71.8935,62.3317,525,22813,0.861814,0.67,2,1361885,1361360,525
106037141,83.9787,70.8663,539,22906,0.916363,0.73,2,1361972,1361433,539
106145181,37,40,516,26111,0.83,1,2,1364207,1363691,516
106148101,33,36,513,26192,0.846,1,2,1364239,1363726,513
106151021,93,45.6,573,26273,0.8172,1,2,1364347,1363774,573
106153941,94.6,94.72,561,26354,0.87544,0.9,2,1364442,1363881,561
106156861,48.52,96.544,501,26434,0.839088,1,2,1364479,1363978,501
106159781,35.304,49.7088,495,26514,0.831818,0.97,2,1364511,1364016,495
106162701,59.8608,36.3418,528,26594,0.830364,0.83,2,1364577,1364049,528
106165621,54.3722,61.6684,513,26674,0.878073,0.83,2,1364630,1364117,513
106168541,42.0744,54.7337,499,26753,0.935615,0.83,2,1364669,1364170,499
106305781,28,38,488,30247,0.73,1,1,1367091,1366603,488
106308701,64.8,71.6,482,30317,0.538,1,1,1367165,1366683,482
106311621,40.96,43.12,481,30387,0.4516,1,1,1367200,1366719,481
106314541,72.192,71.024,483,30457,0.43432,1,1,1367280,1366797,483
106317461,40.8384,43.8048,479,30526,0.398864,0.93,1,1367313,1366834,479
106320381,29.7677,31.161,478,30595,0.295773,1,1,1367340,1366862,478
106323301,41.1535,39.8322,480,30664,0.275155,1,1,1367384,1366904,480
106326221,37.8307,39.9664,477,30733,0.207031,0.89,1,1367421,1366944,477
106329141,62.7661,75.9933,461,30802,0.177406,0.77,1,1367490,1367029,461
106332061,38.1532,42.3987,459,30871,0.155481,0.73,1,1367522,1367063,459
106334981,26.8306,30.8797,455,30940,0.199096,0.49,1,1367546,1367091,455
106337901,57.3661,65.3759,446,31008,0.223819,0.43,1,1367611,1367165,446
106340821,37.0732,41.0752,443,31076,0.196764,0.43,1,1367643,1367200,443
106343741,68.2146,72.215,439,31144,0.207353,0.39,1,1367719,1367280,439
106346661,39.2429,40.843,438,31212,0.241471,0.27,1,1367751,1367313,438
106349581,25.4486,29.7686,433,31280,0.264294,0.27,1,1367773,1367340,433
106352501,40.2897,5.95372,477,31348,0.220859,0.27,1,1367817,1367340,477
106355421,33.6579,36.3907,465,31415,0.260172,0.19,1,1367849,1367384,465
106358341,61.9316,36.8781,497,31482,0.252034,0.17,1,1367918,1367421,497
106361261,37.9863,62.5756,460,31549,0.314407,0.15,1,1367950,1367490,460
106364181,27.5973,38.1151,453,31616,0.310881,0.21,1,1367975,1367522,453
106367101,58.3195,26.823,495,31683,0.358176,0.23,1,1368041,1367546,495
106370021,36.4639,57.3646,461,31750,0.431635,0.19,1,1368072,1367611,461
106372941,69.6928,37.0729,507,31817,0.478327,0.21,1,1368150,1367643,507
106375861,40.3386,68.2146,464,31883,0.551665,0.25,1,1368183,1367719,464
106378781,25.6677,39.2429,454,31949,0.566333,0.27,1,1368205,1367751,454
106381701,41.9335,25.4486,478,32015,0.569267,0.21,1,1368251,1367773,478
106384621,33.9867,40.2897,466,32081,0.569853,0.27,1,1368283,1367817,466
106387541,63.5973,33.6579,505,32147,0.585971,0.25,1,1368354,1367849,505
106390461,39.1195,61.9316,469,32213,0.573194,0.33,1,1368387,1367918,469
106393381,27.0239,37.9863,461,32279,0.570639,0.31,1,1368411,1367950,461
106396301,62.2048,27.5973,507,32345,0.570128,0.37,1,1368482,1367975,507
106399221,37.241,58.3195,472,32410,0.522026,0.45,1,1368513,1368041,472
106402141,73.8482,36.4639,524,32475,0.528405,0.49,1,1368596,1368072,524
106405061,43.5696,69.6928,482,32540,0.561681,0.57,1,1368632,1368150,482
106407981,26.3139,40.3386,471,32605,0.600336,0.57,1,1368654,1368183,471
106410901,42.0628,25.6677,495,32670,0.608067,0.57,1,1368700,1368205,495
106413821,34.0126,41.9335,481,32735,0.609613,0.57,1,1368732,1368251,481
106416741,8.40251,33.9867,451,32800,0.609923,0.59,1,1368734,1368283,451
106419661,58.4805,63.5973,451,32864,0.641985,0.57,1,1368805,1368354,451
106422581,37.2961,39.1195,450,32928,0.664397,0.57,1,1368837,1368387,450
106425501,26.6592,27.0239,450,32992,0.668879,0.57,1,1368861,1368411,450
106428421,60.5318,62.2048,448,33056,0.717776,0.51,1,1368930,1368482,448
106431341,36.1064,37.241,447,33120,0.711555,0.53,1,1368960,1368513,447
106434261,73.6213,73.8482,447,33184,0.774311,0.57,2,1369043,1368596,447
106437181,45.9243,43.5696,450,33248,0.786862,0.61,2,1369082,1368632,450
106440101,28.3849,26.3139,452,33312,0.805372,0.61,2,1369106,1368654,452
106443021,42.477,42.0628,452,33375,0.809074,0.61,2,1369152,1368700,452
106445941,34.8954,34.0126,453,33438,0.841815,0.61,2,1369185,1368732,453
106448861,8.57908,8.40251,453,33501,0.848363,0.65,2,1369187,1368734,453
106451781,60.1158,58.4805,455,33564,0.849673,0.67,2,1369260,1368805,455
106454701,37.6232,37.2961,455,33627,0.897935,0.67,2,1369292,1368837,455
106457621,26.7246,26.6592,455,33690,0.875587,0.73,2,1369316,1368861,455
106460541,61.3449,60.5318,456,33753,0.935117,0.71,2,1369386,1368930,456
107029941,36,33,511,44314,0.75,1,2,1376745,1376234,511
107032861,30.4,27.4,514,44362,0.702,1,1,1376774,1376260,514
107035781,39.68,35.88,518,44410,0.6284,1,1,1376816,1376298,518
107038701,22.336,32.776,504,44457,0.61368,1,1,1376834,1376330,504
107041621,34.8672,32.1552,510,44504,0.594736,1,1,1376872,1376362,510
107044541,27.7734,32.831,503,44551,0.526947,1,1,1376898,1376395,503
107047461,15.9547,36.1662,479,44598,0.465389,1,1,1376911,1376432,479
107050381,28.7909,34.4332,477,44645,0.421078,1,1,1376943,1376466,477
107053301,32.9582,27.6866,485,44692,0.364216,1,1,1376977,1376492,485
107056221,31.3916,36.7373,477,44739,0.320843,0.96,1,1377008,1376531,477
107059141,37.4783,42.5475,472,44786,0.312169,0.93,1,1377047,1376575,472
107062061,29.0957,32.5095,469,44833,0.294434,0.95,1,1377074,1376605,469
107064981,36.2191,36.9019,469,44880,0.258887,0.83,1,1377112,1376643,469
107067901,32.8438,39.3804,461,44927,0.251777,0.79,1,1377144,1376683,461
107070821,27.3688,28.6761,461,44974,0.250355,0.75,1,1377170,1376709,461
107073741,32.6738,34.5352,459,45021,0.314071,0.69,1,1377204,1376745,459
107076661,25.7348,30.107,454,45068,0.294814,0.61,1,1377228,1376774,454
107079581,37.1469,39.6214,452,45115,0.338963,0.61,1,1377268,1376816,452
107082501,21.0294,22.3243,451,45162,0.379793,0.59,1,1377285,1376834,451
107085421,34.6059,34.8649,451,45209,0.371958,0.51,1,1377323,1376872,451
107088341,22.9212,27.773,445,45256,0.370392,0.45,1,1377343,1376898,445
107091261,11.7842,15.9546,441,45303,0.386078,0.41,1,1377352,1376911,441
107094181,27.1568,28.7909,440,45350,0.389216,0.35,1,1377383,1376943,440
107097101,30.2314,32.9582,437,45397,0.421843,0.31,1,1377414,1376977,437
107100021,30.8463,31.3916,437,45443,0.444369,0.31,1,1377445,1377008,437
107102941,35.7693,37.4783,435,45489,0.448874,0.29,1,1377482,1377047,435
107105861,28.7539,29.0957,435,45535,0.433775,0.25,1,1377509,1377074,435
107108781,35.3508,36.2191,434,45581,0.446755,0.25,1,1377546,1377112,434
107111701,31.8702,32.8438,433,45627,0.513351,0.25,1,1377577,1377144,433
107114621,27.174,27.3688,433,45673,0.52667,0.33,1,1377603,1377170,433
107117541,35.0348,32.6738,436,45719,0.545334,0.29,1,1377640,1377204,436
107120461,26.207,25.7348,436,45765,0.565067,0.35,1,1377664,1377228,436
107123381,39.6414,37.1469,439,45811,0.585013,0.39,1,1377707,1377268,439
107126301,22.3283,21.0294,440,45857,0.557003,0.37,1,1377725,1377285,440
107129221,34.8657,34.6059,440,45903,0.551401,0.37,1,1377763,1377323,440
107132141,22.9731,22.9212,440,45949,0.58228,0.37,1,1377783,1377343,440
107135061,10.9946,4.58423,448,45995,0.556456,0.39,1,1377791,1377343,448
107137981,27.7989,8.11685,471,46041,0.567291,0.39,1,1377823,1377352,471
107140901,31.9598,26.4234,473,46087,0.601458,0.43,1,1377856,1377383,473
107143821,30.392,30.0847,472,46133,0.608292,0.45,1,1377886,1377414,472
107146741,37.2784,30.8169,480,46179,0.593658,0.45,1,1377925,1377445,480
107149661,26.6557,35.7634,467,46225,0.590732,0.43,1,1377949,1377482,467
107152581,37.3311,28.7527,480,46271,0.638146,0.45,1,1377989,1377509,480
107155501,33.8662,35.3505,476,46317,0.631629,0.53,1,1378022,1377546,476
107158421,27.5732,31.8701,471,46363,0.646326,0.53,1,1378048,1377577,471
107161341,37.5146,27.174,485,46408,0.633265,0.55,1,1378088,1377603,485
107164261,27.5029,35.0348,473,46453,0.614653,0.57,1,1378113,1377640,473
107167181,39.1006,26.207,491,46498,0.626931,0.59,1,1378155,1377664,491
107170101,22.2201,39.6414,466,46543,0.661386,0.55,1,1378173,1377707,466
107173021,34.844,22.3283,486,46588,0.700277,0.55,1,1378211,1377725,486
107175941,22.9688,34.8657,468,46633,0.708055,0.59,1,1378231,1377763,468
107178861,10.9938,22.9731,456,46678,0.725611,0.55,1,1378239,1377783,456
107181781,28.5988,10.9946,481,46723,0.761122,0.57,2,1378272,1377791,481
107184701,33.7197,27.7989,484,46768,0.768224,0.61,2,1378307,1377823,484
107187621,30.7439,31.9598,481,46813,0.769645,0.61,2,1378337,1377856,481
107190541,36.5488,30.392,489,46858,0.769929,0.59,2,1378375,1377886,489
107193461,26.5098,37.2784,474,46903,0.785986,0.59,2,1378399,1377925,474
107196381,39.702,26.6557,493,46948,0.773197,0.65,2,1378442,1377949,493
107199301,33.5404,37.3311,485,46993,0.770639,0.63,2,1378474,1377989,485
107202221,28.3081,33.8662,479,47038,0.754128,0.65,2,1378501,1378022,479
107205141,36.8616,27.5732,492,47083,0.734826,0.63,1,1378540,1378048,492
107208061,26.5723,37.5146,476,47128,0.730965,0.61,1,1378564,1378088,476
107210981,41.3145,27.5029,496,47173,0.794193,0.63,2,1378609,1378113,496
107213901,22.6629,39.1006,472,47218,0.838839,0.67,2,1378627,1378155,472
107216821,36.5326,22.2201,494,47263,0.815768,0.71,2,1378667,1378173,494
107219741,24.1065,34.844,477,47308,0.811154,0.71,2,1378688,1378211,477
107222661,11.2213,22.9688,465,47353,0.842231,0.73,2,1378696,1378231,465
107225581,3.84426,10.9938,459,47398,0.848446,0.77,2,1378698,1378239,459
107228501,27.9689,28.5988,460,47442,0.897689,0.77,2,1378732,1378272,460
107231421,33.5938,33.7197,460,47486,0.891538,0.77,2,1378767,1378307,460
107234341,30.7188,30.7439,460,47530,0.890308,0.77,2,1378797,1378337,460
107237261,36.5437,36.5488,460,47574,0.906062,0.79,2,1378835,1378375,460
107240181,27.3087,26.5098,461,47618,0.925212,0.77,2,1378860,1378399,461
107243101,39.0618,39.702,460,47662,0.897042,0.77,2,1378902,1378442,460
107246021,33.4124,33.5404,460,47706,0.907409,0.75,2,1378934,1378474,460
107248941,27.4825,28.3081,459,47750,0.941482,0.73,2,1378960,1378501,459
107251861,35.8965,36.8616,458,47794,0.948296,0.73,2,1378998,1378540,458
107254781,26.3793,26.5723,458,47838,0.917659,0.81,2,1379022,1378564,458
107425601,82,77,515,22817,0.73,0.91,1,1380887,1380372,515
107428521,53.2,70.6,492,22910,0.682,0.87,1,1380933,1380441,492
107431441,85.04,82.12,500,23003,0.6884,0.83,1,1381026,1380526,500
107434361,62.608,68.424,492,23095,0.73768,0.69,1,1381083,1380591,492
107437281,57.3216,84.0848,460,23187,0.795536,0.63,2,1381139,1380679,460
107440201,39.4643,31.217,477,23278,0.839107,0.65,2,1381174,1380697,477
107443121,74.2929,37.4434,521,23369,0.911821,0.59,2,1381257,1380736,521
107446041,81.2586,62.6887,535,23460,0.942364,0.73,2,1381340,1380805,535
107609561,45,59,480,28072,0.57,1,1,1384570,1384090,480
107612481,47.4,39,494,28147,0.378,1,1,1384618,1384124,494
107615401,62.28,73.4,478,28222,0.3396,0.98,1,1384684,1384206,478
107618321,65.256,47.48,503,28297,0.13992,1,1,1384750,1384247,503
107621241,43.4512,39.896,503,28372,0.131984,1,1,1384788,1384285,503
107624161,53.4902,7.9792,559,28447,0.0503968,0.84,1,1384844,1384285,559
107627081,34.698,65.5958,509,28521,0.0340794,1,1,1384874,1384365,509
107630001,66.9396,42.7192,547,28595,0.0308159,0.84,1,1384949,1384402,547
107632921,39.7879,76.5438,495,28669,0.0941632,0.77,1,1384982,1384487,495
107635841,35.1576,45.7088,491,28743,0.0908326,0.57,1,1385016,1384525,491
107638761,41.4315,45.1418,489,28817,0.0581665,0.33,1,1385059,1384570,489
107641681,52.2863,47.4284,496,28890,0.0676333,0.33,1,1385114,1384618,496
107644601,56.0573,62.2857,487,28963,0.0375267,0.09,1,1385171,1384684,487
107647521,41.6115,65.2571,459,29036,0.0475053,0.13,1,1385209,1384750,459
107650441,53.9223,43.4514,478,29109,0.0175011,0.03,1,1385266,1384788,478
107653361,36.3845,53.4903,454,29182,0.0435002,0.03,1,1385298,1384844,454
107656281,65.6769,34.6981,497,29255,0.0327,0.03,1,1385371,1384874,497
107659201,41.1354,66.9396,457,29327,0.03054,0.11,1,1385406,1384949,457
107662121,33.8271,39.7879,456,29399,0.110108,0.09,1,1385438,1384982,456
107665041,41.9654,35.1576,466,29471,0.0460216,0.05,1,1385482,1385016,466
107667961,53.9931,41.4315,480,29543,0.0492043,0.07,1,1385539,1385059,480
107670881,53.1986,52.2863,478,29615,0.0818409,0.03,1,1385592,1385114,478
107673801,41.0397,56.0573,459,29686,0.0723682,0.05,1,1385630,1385171,459
107676721,54.6079,41.6115,479,29757,0.102474,0.01,1,1385688,1385209,479
107679641,38.1216,53.9223,456,29828,0.0444947,0.05,1,1385722,1385266,456
107682561,9.22432,36.3845,426,29899,0.0328989,0.03,1,1385724,1385298,426
107685481,57.8449,65.6769,423,29970,0.0145798,0.03,1,1385794,1385371,423
107688401,41.169,41.1354,425,30041,0.026916,0.13,1,1385831,1385406,425
107691321,34.6338,33.8271,426,30111,0.0293832,0.03,1,1385864,1385438,426
107694241,39.7268,41.9654,423,30181,0.0458766,0.05,1,1385905,1385482,423
107697161,58.3454,53.9931,429,30251,0.0491753,0.09,1,1385968,1385539,429
107700081,50.8691,53.1986,425,30321,0.0498351,0.07,1,1386017,1385592,425
107703001,39.7738,41.0397,424,30391,0.033967,0.11,1,1386054,1385630,424
107705921,53.5548,54.6079,423,30461,0.0147934,0.03,1,1386111,1385688,423
107708841,39.511,38.1216,425,30530,0.0429587,0.03,1,1386147,1385722,425
107711761,9.50219,9.22432,425,30599,0.0485917,0.01,1,1386149,1385724,425
107714681,56.3004,57.8449,423,30668,0.0497183,0.03,1,1386217,1385794,423
107717601,40.8601,41.169,423,30737,0.0179437,0.03,1,1386254,1385831,423
107720521,35.372,34.6338,424,30806,0.0755887,0.05,1,1386288,1385864,424
107723441,39.8744,39.7268,424,30875,0.103118,0.05,1,1386329,1385905,424
107726361,56.7749,58.3454,422,30944,0.0766236,0.05,1,1386390,1385968,422
107729281,50.555,50.8691,422,31012,0.0873247,0.03,1,1386439,1386017,422
107732201,39.711,39.7738,422,31080,0.105465,0.01,1,1386476,1386054,422
107735121,54.3422,53.5548,423,31148,0.109093,0.05,1,1386534,1386111,423
107738041,40.4684,39.511,424,31216,0.125819,0.05,1,1386571,1386147,424
107740961,9.69369,9.50219,424,31284,0.129164,0.05,1,1386573,1386149,424
107743881,53.9387,1.90044,489,31352,0.0818327,0.05,1,1386638,1386149,489
107746801,40.3877,54.7801,458,31419,0.0403665,0.01,1,1386675,1386217,458
107749721,36.8776,40.556,457,31486,0.0160733,0.09,1,1386711,1386254,457
107752641,41.7755,35.3112,466,31553,0.0592147,0.11,1,1386754,1386288,466
107755561,56.3551,39.8622,485,31620,0.0998429,0.07,1,1386814,1386329,485
107758481,51.271,56.7724,474,31687,0.155969,0.09,1,1386864,1386390,474
107761401,39.8542,50.5545,462,31754,0.199194,0.11,1,1386901,1386439,462
107764321,53.5708,39.7109,482,31821,0.239839,0.11,1,1386958,1386476,482
107767241,41.1142,54.3422,462,31887,0.279968,0.13,1,1386996,1386534,462
107770161,9.82283,40.4684,427,31953,0.287994,0.13,1,1386998,1386571,427
107773081,50.7646,9.69369,486,32019,0.305599,0.07,1,1387059,1386573,486
107776001,40.5529,53.9387,459,32085,0.29312,0.03,1,1387097,1386638,459
107778921,36.1106,40.3877,457,32151,0.290624,0.01,1,1387132,1386675,457
107781841,45.6221,36.8776,469,32217,0.290125,0.07,1,1387180,1386711,469
107784761,57.1244,41.7755,486,32283,0.306025,0.11,1,1387240,1386754,486
107787681,53.8249,56.3551,479,32349,0.341205,0.17,1,1387293,1386814,479
107790601,41.965,51.271,468,32414,0.364241,0.21,1,1387332,1386864,468
107793521,55.593,39.8542,490,32479,0.448848,0.25,1,1387391,1386901,490
107796441,43.1186,53.5708,473,32544,0.46577,0.29,1,1387431,1386958,473
107799361,10.2237,41.1142,437,32609,0.469154,0.29,1,1387433,1386996,437
107802281,51.6447,9.82283,497,32674,0.533831,0.31,1,1387495,1386998,497
107805201,39.9289,50.7646,473,32739,0.562766,0.29,1,1387532,1387059,473
107808121,9.58579,40.5529,437,32804,0.568553,0.29,1,1387534,1387097,437
107811041,29.1172,36.1106,436,32868,0.569711,0.29,1,1387568,1387132,436
107813961,43.4234,45.6221,435,32932,0.601942,0.31,1,1387615,1387180,435
107816881,59.0847,57.1244,438,32996,0.640388,0.35,1,1387678,1387240,438
107819801,55.0169,53.8249,439,33060,0.680078,0.37,1,1387732,1387293,439
107822721,43.0034,41.965,440,33124,0.688016,0.47,1,1387772,1387332,440
107825641,59.8007,55.593,445,33188,0.657603,0.47,1,1387836,1387391,445
107828561,43.9601,43.1186,445,33252,0.651521,0.47,1,1387876,1387431,445
107831481,10.392,10.2237,445,33316,0.650304,0.55,1,1387878,1387433,445
107834401,54.8784,51.6447,449,33379,0.666061,0.57,1,1387944,1387495,449
107837321,41.3757,39.9289,450,33442,0.653212,0.57,1,1387982,1387532,450
107840241,9.87514,9.58579,450,33505,0.650642,0.57,1,1387984,1387534,450
107843161,29.175,29.1172,450,33568,0.650128,0.61,1,1388018,1387568,450
107846081,43.435,43.4234,450,33631,0.698026,0.65,1,1388065,1387615,450
107849001,62.287,59.0847,454,33694,0.707605,0.69,1,1388132,1387678,454
107851921,57.2574,55.0169,456,33757,0.757521,0.69,2,1388188,1387732,456
107854841,43.4515,43.0034,456,33820,0.799504,0.65,2,1388228,1387772,456
107857761,58.2903,59.8007,454,33883,0.743901,0.65,1,1388290,1387836,454
107860681,43.6581,43.9601,454,33945,0.78078,0.65,2,1388330,1387876,454
107863601,10.3316,10.392,454,34007,0.788156,0.67,2,1388332,1387878,454
107866521,54.0663,54.8784,453,34069,0.805631,0.65,2,1388397,1387944,453
107869441,42.0133,41.3757,454,34131,0.809126,0.65,2,1388436,1387982,454
107872361,10.0027,9.87514,454,34193,0.809825,0.65,2,1388438,1387984,454
107875281,29.2005,29.175,454,34255,0.841965,0.65,2,1388472,1388018,454
107878201,43.4401,5.83501,501,34317,0.800393,0.71,2,1388519,1388018,501
107881121,65.488,38.767,525,34379,0.776079,0.71,2,1388590,1388065,525
107884041,58.6976,61.3534,515,34441,0.771216,0.77,2,1388647,1388132,515
107886961,43.7395,57.0707,499,34502,0.802243,0.81,2,1388687,1388188,499
107889881,56.7479,43.4141,519,34563,0.808449,0.73,2,1388747,1388228,519
107892801,44.1496,58.2828,498,34624,0.84169,0.79,2,1388788,1388290,498
107895721,10.4299,43.6566,460,34685,0.848338,0.79,2,1388790,1388330,460
107898641,54.886,10.3313,524,34746,0.913668,0.81,2,1388856,1388332,524
108024201,43,70,516,37272,0.57,1,1,1390593,1390077,516
108027121,46.2,40.4,530,37329,0.586,1,1,1390640,1390110,530
108030041,50.04,61.68,514,37386,0.5572,1,1,1390691,1390177,514
108032961,37.208,41.936,511,37443,0.47144,0.99,1,1390725,1390214,511
108035881,29.0416,31.5872,509,37499,0.454288,1,1,1390752,1390243,509
108038801,58.6083,35.1174,539,37555,0.434858,1,1,1390818,1390279,539
108041721,37.3217,56.6235,509,37611,0.430972,0.92,1,1390850,1390341,509
108044641,32.2643,39.3247,505,37667,0.414194,0.97,1,1390881,1390376,505
108047561,33.6529,35.0649,505,37723,0.474839,1,1,1390915,1390410,505
108050481,26.7306,34.213,496,37779,0.454968,0.89,1,1390940,1390444,496
108053401,26.9461,30.8426,493,37835,0.482994,0.88,1,1390967,1390474,493
108056321,35.7892,28.5685,503,37891,0.488599,0.71,1,1391005,1390502,503
108059241,36.7578,44.1137,492,37947,0.50572,0.57,1,1391042,1390550,492
108062161,46.5516,43.2227,498,38003,0.541144,0.59,1,1391091,1390593,498
108065081,46.9103,46.2446,498,38059,0.612229,0.55,1,1391138,1390640,498
108068001,33.3821,50.0489,477,38115,0.610446,0.45,1,1391168,1390691,477
108070921,25.8764,37.2098,467,38170,0.642089,0.45,1,1391192,1390725,467
108073841,57.9753,29.042,506,38225,0.648418,0.43,1,1391258,1390752,506
108076761,37.9951,58.6084,473,38280,0.697684,0.43,1,1391291,1390818,473
108079681,32.399,37.3217,472,38335,0.755537,0.41,2,1391322,1390850,472
108082601,36.8798,32.2643,479,38390,0.783107,0.49,2,1391360,1390881,479
108085521,27.376,33.6529,470,38445,0.788621,0.45,2,1391385,1390915,470
108088441,28.6752,26.7306,474,38500,0.821724,0.49,2,1391414,1390940,474
108091361,34.535,26.9461,483,38555,0.844345,0.49,2,1391450,1390967,483
108094281,37.307,35.7892,483,38610,0.848869,0.51,2,1391488,1391005,483
108097201,9.0614,36.7578,448,38665,0.849774,0.55,2,1391490,1391042,448
108100121,43.4123,46.5516,451,38720,0.881955,0.63,2,1391542,1391091,451
108103041,46.2825,46.9103,451,38775,0.936391,0.61,2,1391589,1391138,451
108105961,35.6565,33.3821,454,38829,0.931278,0.65,2,1391622,1391168,454
108108881,26.3313,25.8764,454,38883,0.930256,0.65,2,1391646,1391192,454
108132241,38,38,464,39315,0.95,0.85,2,1391952,1391488,464
108135161,9.2,9.2,464,39369,0.918,0.89,2,1391954,1391490,464
108138081,45.04,43.44,466,39423,0.9276,0.95,2,1392008,1391542,466
108307441,54,59,490,42415,0.59,1,1,1394096,1393606,490
108310361,38.8,45.4,483,42465,0.526,1,1,1394131,1393648,483
108313281,52.56,36.28,505,42515,0.3852,1,1,1394187,1393682,505
108316201,37.712,32.856,507,42565,0.30904,1,1,1394221,1393714,507
108319121,31.5424,32.9712,504,42615,0.229808,1,1,1394251,1393747,504
108322041,27.9085,32.9942,498,42665,0.133962,1,1,1394278,1393780,498
108324961,31.1817,30.5988,500,42714,0.0827923,1,1,1394310,1393810,500
108327881,31.8363,38.1198,492,42763,0.0565585,1,1,1394342,1393850,492
108330801,30.3673,37.224,485,42812,0.0113117,1,1,1394372,1393887,485
108333721,33.2735,36.2448,483,42861,0.0422623,1,1,1394406,1393923,483
108336641,26.6547,31.249,478,42910,0.0484525,0.93,1,1394431,1393953,478
108339561,26.9309,35.0498,469,42959,0.113691,0.91,1,1394458,1393989,469
108342481,23.7862,27.01,467,43008,0.0787381,0.91,1,1394481,1394014,467
108345401,21.5572,5.40199,488,43057,0.0717476,0.85,1,1394502,1394014,488
108348321,37.9114,23.4804,502,43106,0.0703495,0.59,1,1394544,1394042,502
108351241,32.3823,47.8961,479,43155,0.0540699,0.51,1,1394575,1394096,479
108354161,46.4765,37.5792,494,43204,0.034814,0.35,1,1394625,1394131,494
108357081,30.8953,52.3158,465,43253,0.142963,0.29,1,1394652,1394187,465
108360001,26.1791,37.6632,456,43302,0.164593,0.21,1,1394677,1394221,456
108362921,23.6358,31.5326,449,43351,0.152919,0.11,1,1394700,1394251,449
108365841,30.3272,27.9065,454,43400,0.166584,0.07,1,1394732,1394278,454
108368761,31.6654,31.1813,454,43449,0.0893167,0.05,1,1394764,1394310,454
108371681,31.1331,31.8363,453,43498,0.0578633,0,1,1394795,1394342,453
108374601,33.4266,30.3673,457,43547,0.0835727,0.05,1,1394829,1394372,457
108377521,26.6853,33.2735,448,43595,0.0407145,0.05,1,1394854,1394406,448
108380441,28.5371,26.6547,452,43643,0.0481429,0.13,1,1394883,1394431,452
108383361,21.7074,26.9309,445,43691,0.0496286,0.07,1,1394903,1394458,445
108386281,22.7415,23.7862,445,43739,0.0499257,0.07,1,1394926,1394481,445
108389201,38.1483,21.5572,466,43787,0.0659851,0.07,1,1394968,1394502,466
108392121,33.2297,37.9114,456,43835,0.085197,0.05,1,1395000,1394544,456
108395041,45.8459,32.3823,474,43883,0.105039,0.03,1,1395049,1394575,474
108397961,33.1692,46.4765,454,43931,0.141008,0.17,1,1395079,1394625,454
108400881,26.6338,30.8953,452,43979,0.132202,0.17,1,1395104,1394652,452
108403801,24.5268,26.1791,451,44027,0.13044,0.15,1,1395128,1394677,451
108406721,26.5054,23.6358,455,44075,0.162088,0.17,1,1395155,1394700,455
108409641,30.1011,30.3272,454,44123,0.168418,0.07,1,1395186,1394732,454
108412561,30.8202,31.6654,453,44171,0.153684,0.05,1,1395217,1394764,453
108415481,32.564,31.1331,455,44219,0.198737,0.09,1,1395250,1394795,455
108418401,27.3128,33.4266,447,44267,0.175747,0.03,1,1395276,1394829,447
108421321,29.4626,26.6853,452,44315,0.187149,0.05,1,1395306,1394854,452
108424241,22.6925,28.5371,444,44363,0.18943,0.05,1,1395327,1394883,444
108427161,22.9385,21.7074,447,44411,0.189886,0.05,1,1395350,1394903,447
108430081,38.1877,22.7415,466,44458,0.237977,0.07,1,1395392,1394926,466
108433001,9.23754,38.1483,426,44505,0.247595,0.09,1,1395394,1394968,426
108435921,27.4475,33.2297,426,44552,0.265519,0.11,1,1395426,1395000,426
108438841,45.4895,45.8459,427,44599,0.269104,0.15,1,1395476,1395049,427
108441761,34.6979,33.1692,429,44646,0.317821,0.13,1,1395508,1395079,429
108444681,26.1396,26.6338,428,44693,0.343564,0.13,1,1395532,1395104,428
108447601,25.2279,24.5268,429,44740,0.364713,0.17,1,1395557,1395128,429
108450521,28.2456,26.5054,431,44787,0.384943,0.17,1,1395586,1395155,431
108453441,29.6491,30.1011,430,44834,0.356989,0.15,1,1395616,1395186,430
108456361,31.5298,30.8202,431,44881,0.367398,0.21,1,1395648,1395217,431
108459281,33.506,32.564,432,44928,0.41748,0.17,1,1395682,1395250,432
108462201,25.9012,27.3128,430,44975,0.443496,0.19,1,1395706,1395276,430
108465121,29.9802,29.4626,431,45022,0.400699,0.19,1,1395737,1395306,431
108468041,23.596,22.6925,432,45069,0.39214,0.19,1,1395759,1395327,432
108470961,23.9192,22.9385,433,45116,0.390428,0.25,1,1395783,1395350,433
108473881,39.1838,38.1877,434,45163,0.406086,0.25,1,1395826,1395392,434
108476801,9.43677,9.23754,434,45210,0.441217,0.27,1,1395828,1395394,434
108479721,28.2874,27.4475,435,45257,0.448243,0.27,1,1395861,1395426,435
108482641,46.4575,45.4895,436,45304,0.481649,0.33,1,1395912,1395476,436
108485561,34.8915,34.6979,436,45351,0.48833,0.35,1,1395944,1395508,436
108488481,26.9783,26.1396,437,45398,0.457666,0.37,1,1395969,1395532,437
108491401,27.7957,25.2279,440,45444,0.499533,0.39,1,1395997,1395557,440
108494321,27.9591,28.2456,439,45490,0.523907,0.35,1,1396025,1395586,439
108497241,30.3918,29.6491,440,45536,0.512781,0.37,1,1396056,1395616,440
108500161,32.4784,31.5298,441,45582,0.494556,0.43,1,1396089,1395648,441
108503081,33.6957,33.506,441,45628,0.458911,0.45,1,1396123,1395682,441
108506001,26.7391,25.9012,442,45674,0.451782,0.39,1,1396148,1395706,442
108508921,29.3478,29.9802,441,45720,0.482356,0.39,1,1396178,1395737,441
108511841,23.4696,23.596,441,45766,0.488471,0.39,1,1396200,1395759,441
108514761,23.8939,23.9192,441,45812,0.505694,0.41,1,1396224,1395783,441
108517681,40.7788,39.1838,443,45858,0.477139,0.45,1,1396269,1395826,443
108520601,9.75576,9.43677,443,45904,0.471428,0.45,1,1396271,1395828,443
108523521,29.1512,28.2874,444,45950,0.518286,0.45,1,1396305,1395861,444
108526441,45.8302,5.65747,494,45996,0.495657,0.49,1,1396355,1395861,494
108529361,35.566,41.9315,476,46042,0.491131,0.49,1,1396388,1395912,476
108532281,27.1132,33.9863,469,46088,0.506226,0.45,1,1396413,1395944,469
108535201,28.6226,26.7973,473,46134,0.493245,0.51,1,1396442,1395969,473
108538121,28.1245,27.7595,473,46180,0.506649,0.53,1,1396470,1395997,473
108541041,29.6249,27.9519,475,46226,0.55733,0.51,1,1396500,1396025,475
108543961,31.525,30.3904,476,46272,0.567466,0.49,1,1396532,1396056,476
108546881,33.505,32.4781,477,46318,0.569493,0.45,1,1396566,1396089,477
108549801,26.701,33.6956,468,46364,0.585899,0.45,1,1396591,1396123,468
108552721,29.3402,26.7391,473,46409,0.60518,0.49,1,1396621,1396148,473
108555641,23.468,29.3478,465,46454,0.625036,0.49,1,1396643,1396178,465
108558561,24.6936,23.4696,468,46499,0.645007,0.51,1,1396668,1396200,468
108561481,41.7387,23.8939,490,46544,0.633001,0.47,1,1396714,1396224,490
108564401,9.94774,40.7788,447,46589,0.6626,0.47,1,1396716,1396269,447
108567321,29.1895,9.75576,479,46634,0.68452,0.53,1,1396750,1396271,479
108570241,46.6379,29.1512,496,46679,0.720904,0.49,1,1396801,1396305,496
108573161,36.5276,45.8302,480,46724,0.744181,0.49,1,1396835,1396355,480
108576081,26.5055,35.566,471,46769,0.748836,0.51,1,1396859,1396388,471
108579001,27.7011,27.1132,474,46814,0.765767,0.49,2,1396887,1396413,474
108581921,30.3402,28.6226,476,46859,0.753153,0.51,2,1396918,1396442,476
108584841,30.868,28.1245,479,46904,0.798631,0.57,2,1396949,1396470,479
108587761,31.7736,29.6249,481,46949,0.839726,0.57,2,1396981,1396500,481
108590681,33.5547,31.525,483,46994,0.847945,0.57,2,1397015,1396532,483
108593601,28.3109,33.505,476,47039,0.881589,0.59,2,1397042,1396566,476
108596521,30.4622,26.701,482,47084,0.904318,0.61,2,1397073,1396591,482
108599441,23.6924,29.3402,474,47129,0.908864,0.63,2,1397095,1396621,474
108602361,26.3385,23.468,479,47174,0.893773,0.65,2,1397122,1396643,479
108605281,42.0677,24.6936,500,47219,0.938755,0.63,2,1397168,1396668,500
108608201,10.0135,41.7387,456,47264,0.947751,0.67,2,1397170,1396714,456
108830121,75,46,514,23541,0.77,0.95,2,1399541,1399027,514
108833041,54.2,55.6,505,23631,0.834,0.95,2,1399590,1399085,505
108835961,87.64,67.92,530,23721,0.8468,0.87,2,1399686,1399156,530
108838881,58.328,90.384,485,23810,0.92936,0.85,2,1399737,1399252,485
108841801,59.6656,55.6768,498,23899,0.945872,0.85,2,1399797,1399299,498
108844721,24.7331,47.1354,469,23988,0.917174,0.69,2,1399813,1399344,469
108847641,32.1466,34.2271,472,24076,0.943435,0.87,2,1399847,1399375,472
108961521,76,75,488,27297,0.69,1,1,1402172,1401684,488
108964441,45.6,44.6,489,27375,0.626,0.99,1,1402210,1401721,489
108967361,37.12,30.52,497,27452,0.5652,1,1,1402245,1401748,497
108970281,41.024,54.904,478,27529,0.58504,1,1,1402287,1401809,478
108973201,80.2048,80.5808,481,27606,0.413008,1,1,1402377,1401896,481
108976121,41.641,41.7162,481,27683,0.410602,0.99,1,1402409,1401928,481
108979041,29.1282,34.7432,474,27760,0.39412,0.79,1,1402435,1401961,474
108981961,64.2256,76.5486,460,27836,0.390824,0.77,1,1402508,1402048,460
108984881,48.8451,53.7097,457,27912,0.422165,0.69,1,1402553,1402096,457
108987801,68.169,71.5419,454,27988,0.460433,0.61,1,1402626,1402172,454
108990721,44.0338,44.7084,454,28064,0.468087,0.55,1,1402664,1402210,454
108993641,36.0068,36.9417,453,28139,0.485617,0.59,1,1402698,1402245,453
108996561,37.6014,40.9883,449,28214,0.505123,0.37,1,1402736,1402287,449
108999481,69.9203,80.1977,437,28289,0.525025,0.41,1,1402814,1402377,437
109002401,41.9841,41.6395,440,28364,0.513005,0.41,1,1402849,1402409,440
109005321,27.5968,8.32791,464,28439,0.526601,0.39,1,1402873,1402409,464
109008241,65.5194,22.4656,513,28513,0.59332,0.39,1,1402948,1402435,513
109011161,49.1039,62.8931,485,28587,0.638664,0.43,1,1402993,1402508,485
109014081,69.8208,48.5786,515,28661,0.679733,0.47,1,1403068,1402553,515
109017001,45.1642,68.1157,481,28735,0.687947,0.47,1,1403107,1402626,481
109019921,36.2328,44.0231,477,28809,0.721589,0.49,1,1403141,1402664,477
109022841,39.2466,36.0046,483,28882,0.744318,0.51,1,1403181,1402698,483
109025761,70.2493,37.6009,523,28955,0.796864,0.53,2,1403259,1402736,523
109028681,42.8499,69.9202,481,29028,0.807373,0.51,2,1403295,1402814,481
109031601,29.37,41.984,472,29101,0.825475,0.53,2,1403321,1402849,472
109034521,68.274,27.5968,526,29174,0.877095,0.61,2,1403399,1402873,526
109037441,51.2548,65.5194,498,29247,0.919419,0.65,2,1403446,1402948,498
109171761,35,84,518,32408,0.81,1,2,1405659,1405141,518
109174681,27.8,50.4,502,32473,0.746,1,1,1405685,1405183,502
109177601,67.96,31.68,553,32538,0.7172,1,1,1405763,1405210,553
109180521,35.992,67.936,504,32603,0.66344,1,1,1405791,1405287,504
109183441,22.3984,31.1872,501,32668,0.684688,0.94,1,1405810,1405309,501
109186361,62.0797,28.6374,545,32733,0.640938,1,1,1405882,1405337,545
109189281,28.4159,65.7275,490,32798,0.616188,1,1,1405902,1405412,490
109192201,22.4832,41.1455,476,32862,0.595237,0.96,1,1405923,1405447,476
109195121,31.6966,39.4291,471,32926,0.671048,0.95,1,1405957,1405486,471
109198041,35.9393,41.4858,466,32990,0.67021,0.79,1,1405994,1405528,466
109200961,79.1879,85.0972,460,33054,0.702042,0.81,1,1406084,1405624,460
109203881,45.4376,45.0194,462,33118,0.676408,0.73,1,1406121,1405659,462
109206801,27.4875,29.8039,459,33182,0.687282,0.71,1,1406144,1405685,459
109209721,66.2975,68.3608,457,33246,0.721456,0.65,1,1406220,1405763,457
109212641,36.4595,36.0722,458,33310,0.728291,0.69,1,1406249,1405791,458
109215561,18.4919,22.4144,453,33373,0.729658,0.63,1,1406263,1405810,453
109218481,61.2984,62.0829,453,33436,0.665932,0.61,1,1406335,1405882,453
109221401,28.2597,28.4166,453,33499,0.701186,0.59,1,1406355,1405902,453
109224321,23.2519,22.4833,454,33562,0.708237,0.69,1,1406377,1405923,454
109227241,32.6504,31.6967,455,33625,0.677647,0.67,1,1406412,1405957,455
109230161,35.3301,35.9393,454,33688,0.735529,0.71,1,1406448,1405994,454
109233081,79.866,79.1879,455,33751,0.763106,0.67,2,1406539,1406084,455
109236001,44.7732,45.4376,454,33814,0.800621,0.69,2,1406575,1406121,454
109238921,28.1546,27.4875,455,33877,0.824124,0.73,2,1406599,1406144,455
109241841,66.4309,66.2975,455,33939,0.844825,0.73,2,1406675,1406220,455
109244761,37.2862,36.4595,456,34001,0.848965,0.73,2,1406705,1406249,456
109247681,17.0572,18.4919,454,34063,0.817793,0.65,2,1406717,1406263,454
109250601,61.8114,61.2984,455,34125,0.843559,0.71,2,1406790,1406335,455
109253521,28.3623,28.2597,455,34187,0.848712,0.71,2,1406810,1406355,455
109256441,24.8725,23.2519,457,34249,0.817742,0.71,2,1406834,1406377,457
109259361,30.5745,4.65039,489,34311,0.843548,0.67,2,1406866,1406377,489
109262281,36.5149,28.9301,492,34373,0.89671,0.75,2,1406904,1406412,492
109384921,60,63,482,36868,0.87,1,2,1408702,1408220,482
109387841,48,43,489,36925,0.726,1,1,1408747,1408258,489
109390761,32,28.6,492,36982,0.6652,1,1,1408775,1408283,492
109393681,32,16.12,511,37039,0.58904,1,1,1408807,1408296,511
109396601,29.6,14.424,526,37096,0.461808,1,1,1408836,1408310,526
109399521,19.52,42.8848,493,37153,0.436362,1,1,1408853,1408360,493
109402441,44.704,8.57696,544,37210,0.319272,1,1,1408904,1408360,544
109405361,49.7408,68.1154,512,37267,0.263854,1,1,1408955,1408443,512
109408281,42.7482,40.0231,520,37324,0.188771,1,1,1408996,1408476,520
109411201,42.9496,47.2046,514,37381,0.173754,1,1,1409039,1408525,514
109414121,39.7899,44.6409,509,37438,0.154751,0.88,1,1409078,1408569,509
109417041,32.758,43.3282,497,37494,0.15095,0.94,1,1409109,1408612,497
109419961,49.7516,32.6656,521,37550,0.15019,0.87,1,1409163,1408642,521
109422881,39.5503,54.5331,498,37606,0.134038,0.69,1,1409200,1408702,498
109425801,29.5101,46.9066,480,37662,0.0988076,0.65,1,1409227,1408747,480
109428721,29.102,31.7813,481,37718,0.155762,0.57,1,1409256,1408775,481
109431641,24.2204,31.9563,472,37774,0.183152,0.43,1,1409279,1408807,472
109434561,14.4441,29.5913,455,37830,0.15663,0.43,1,1409291,1408836,455
109437481,41.2888,19.5183,486,37886,0.199326,0.29,1,1409339,1408853,486
109440401,45.8578,44.7036,482,37942,0.191865,0.25,1,1409386,1408904,482
109443321,41.1716,49.7407,471,37998,0.254373,0.17,1,1409426,1408955,471
109446241,39.4343,42.7481,469,38054,0.218875,0.17,1,1409465,1408996,469
109449161,39.8869,42.9496,466,38110,0.243775,0.15,1,1409505,1409039,466
109452081,32.7774,39.7899,458,38165,0.280755,0.15,1,1409536,1409078,458
109455001,49.7555,32.758,481,38220,0.304151,0.15,1,1409590,1409109,481
109457921,39.5511,49.7516,464,38275,0.32483,0.13,1,1409627,1409163,464
109460841,30.3102,39.5503,455,38330,0.392966,0.09,1,1409655,1409200,455
109463761,30.062,29.5101,458,38385,0.406593,0.17,1,1409685,1409227,458
109466681,23.6124,29.102,451,38440,0.409319,0.19,1,1409707,1409256,451
109469601,14.3225,24.2204,440,38495,0.409864,0.15,1,1409719,1409279,440
109472521,43.6645,14.4441,479,38550,0.425973,0.21,1,1409770,1409291,479
109475441,45.5329,41.2888,477,38605,0.461195,0.19,1,1409816,1409339,477
109478361,10.7066,45.8578,432,38660,0.468239,0.27,1,1409818,1409386,432
109481281,36.5413,41.1716,435,38715,0.469648,0.21,1,1409861,1409426,435
109484201,38.5083,39.4343,435,38770,0.51793,0.25,1,1409900,1409465,435
109487121,38.9017,39.8869,434,38824,0.527586,0.29,1,1409939,1409505,434
109490041,35.7803,32.7774,438,38878,0.545517,0.31,1,1409974,1409536,438
109492961,51.1561,49.7555,439,38932,0.533103,0.33,1,1410029,1409590,439
109495881,39.8312,39.5511,439,38986,0.562621,0.41,1,1410066,1409627,439
109498801,32.7662,30.3102,442,39040,0.552524,0.41,1,1410097,1409655,442
109501721,30.5532,30.062,442,39094,0.598505,0.41,1,1410127,1409685,442
109504641,23.7106,23.6124,442,39148,0.575701,0.41,1,1410149,1409707,442
109507561,14.3421,14.3225,442,39202,0.58714,0.43,1,1410161,1409719,442
109510481,44.4684,43.6645,443,39256,0.589428,0.47,1,1410213,1409770,443
109513401,48.0937,45.5329,446,39310,0.621886,0.47,1,1410262,1409816,446
109516321,11.2187,10.7066,446,39364,0.628377,0.47,1,1410264,1409818,446
109519241,35.8437,36.5413,445,39418,0.597675,0.53,1,1410306,1409861,445
109522161,40.7688,38.5083,448,39472,0.623535,0.53,1,1410348,1409900,448
109525081,40.1537,38.9017,449,39526,0.628707,0.55,1,1410388,1409939,449
109528001,36.0307,35.7803,449,39579,0.645741,0.53,1,1410423,1409974,449
109530921,51.2061,51.1561,449,39632,0.681148,0.57,1,1410478,1410029,449
109533841,40.6412,39.8312,450,39685,0.70423,0.55,1,1410516,1410066,450
109536761,32.1282,32.7662,449,39738,0.724846,0.61,1,1410546,1410097,449
109539681,31.2256,30.5532,450,39791,0.712969,0.57,1,1410577,1410127,450
109542601,24.6451,23.7106,451,39844,0.710594,0.59,1,1410600,1410149,451
109545521,14.529,14.3421,451,39897,0.710119,0.59,1,1410612,1410161,451
109548441,44.5058,44.4684,451,39950,0.710024,0.63,1,1410664,1410213,451
109551361,48.1012,48.0937,451,40003,0.662005,0.63,1,1410713,1410262,451
109554281,11.2202,11.2187,451,40056,0.684401,0.59,1,1410715,1410264,451
109557201,35.844,35.8437,451,40109,0.70488,0.59,1,1410757,1410306,451
109560121,39.9688,7.16875,492,40162,0.708976,0.63,1,1410798,1410306,492
109563041,41.5938,35.0338,492,40215,0.725795,0.63,1,1410840,1410348,492
109565961,35.5188,39.0068,486,40268,0.761159,0.65,2,1410874,1410388,486
109568881,52.7038,35.8013,508,40320,0.800232,0.69,2,1410931,1410423,508
109571801,42.5407,51.1603,493,40372,0.872046,0.71,2,1410971,1410478,493
109574721,32.5081,40.6321,485,40424,0.854409,0.73,2,1411001,1410516,485
109577641,30.5016,32.1264,485,40476,0.850882,0.71,2,1411031,1410546,485
109580561,24.5003,31.2253,477,40528,0.866176,0.71,2,1411054,1410577,477
109583481,14.5001,24.6451,466,40580,0.869235,0.71,2,1411066,1410600,466
109586401,44.5,14.529,506,40632,0.885847,0.71,2,1411118,1410612,506
109589321,48.1,44.5058,503,40684,0.889169,0.65,2,1411167,1410664,503
109592241,11.22,48.1012,456,40736,0.921834,0.69,2,1411169,1410713,456
109595161,36.644,11.2202,497,40788,0.928367,0.71,2,1411212,1410715,497
109755761,33,31,518,43544,0.51,1,1,1413156,1412638,518
109758681,32.2,31.8,518,43592,0.398,1,1,1413188,1412670,518
109761601,22.44,29.56,509,43640,0.3276,0.99,1,1413208,1412699,509
109764521,35.688,27.512,521,43688,0.23352,1,1,1413247,1412726,521
109767441,35.1376,31.9024,523,43736,0.166704,1,1,1413282,1412759,523
109770361,37.4275,34.3805,526,43784,0.0893408,1,1,1413320,1412794,526
109773281,30.6855,40.4761,513,43832,0.0178682,1,1,1413349,1412836,513
109776201,33.3371,36.0952,512,43880,0.00357363,1,1,1413383,1412871,512
109779121,37.0674,36.819,513,43928,0.0247147,0.93,1,1413421,1412908,513
109782041,25.0135,34.5638,501,43976,0.0609429,1,1,1413443,1412942,501
109784961,33.0027,26.9128,511,44024,0.0361886,1,1,1413478,1412967,511
109787881,29.8005,31.7826,507,44072,0.0952377,0.99,1,1413507,1413000,507
109790801,37.1601,35.9565,509,44120,0.0430475,0.75,1,1413546,1413037,509
109793721,29.032,48.7913,484,44168,0.0806095,0.63,1,1413573,1413089,484
109796641,25.0064,36.9583,474,44216,0.0721219,0.51,1,1413597,1413123,474
109799561,27.4013,33.7917,469,44264,0.134424,0.37,1,1413625,1413156,469
109802481,20.6803,32.3583,456,44312,0.130885,0.31,1,1413644,1413188,456
109805401,31.3361,22.4717,470,44360,0.178177,0.21,1,1413678,1413208,470
109808321,32.6672,35.6943,464,44408,0.139635,0.15,1,1413711,1413247,464
109811241,32.1334,35.1389,461,44456,0.147927,0.07,1,1413743,1413282,461
109814161,8.02669,37.4278,425,44503,0.197585,0,1,1413745,1413320,425
109817081,28.0053,30.6856,429,44550,0.0955171,0,1,1413778,1413349,429
109820001,29.6011,33.3371,425,44597,0.0271034,0.03,1,1413808,1413383,425
109822921,35.5202,37.0674,424,44644,0.0454207,0.07,1,1413845,1413421,424
109825841,23.104,25.0135,422,44691,0.00908414,0.03,1,1413865,1413443,422
109828761,35.8208,33.0027,426,44738,0.00181683,0.11,1,1413904,1413478,426
109831681,31.1642,29.8005,427,44785,0.0243634,0.03,1,1413934,1413507,427
109834601,35.0328,37.1601,424,44832,0.0448727,0.09,1,1413970,1413546,424
109837521,31.0066,29.032,427,44879,0.0809745,0.07,1,1414000,1413573,427
109840441,23.8013,25.0064,425,44926,0.120195,0.15,1,1414022,1413597,425
109843361,27.1603,27.4013,425,44973,0.128039,0.13,1,1414050,1413625,425
109846281,21.4321,20.6803,426,45020,0.145608,0.19,1,1414070,1413644,426
109849201,33.8864,31.3361,429,45067,0.149122,0.13,1,1414107,1413678,429
109852121,33.1773,32.6672,429,45114,0.165824,0.15,1,1414140,1413711,429
109855041,34.6355,32.1334,432,45161,0.153165,0.21,1,1414175,1413743,432
109857961,8.52709,8.02669,432,45208,0.182633,0.07,1,1414177,1413745,432
109860881,20.9054,28.0053,423,45255,0.156527,0.01,1,1414201,1413778,423
109863801,28.1811,29.6011,423,45302,0.167305,0.05,1,1414231,1413808,423
109866721,34.4362,35.5202,422,45349,0.137461,0,1,1414267,1413845,422
109869641,22.8872,23.104,422,45396,0.131492,0,1,1414287,1413865,422
109872561,36.5774,35.8208,423,45442,0.114298,0.03,1,1414327,1413904,423
109875481,32.1155,31.1642,424,45488,0.11086,0.05,1,1414358,1413934,424
109878401,35.2231,35.0328,424,45534,0.158172,0.09,1,1414394,1413970,424
109881321,32.6446,31.0066,426,45580,0.183634,0.13,1,1414426,1414000,426
109884241,24.1289,23.8013,426,45626,0.252727,0.13,1,1414448,1414022,426
109887161,28.0258,27.1603,427,45672,0.266545,0.15,1,1414477,1414050,427
109890081,21.6052,21.4321,427,45718,0.237309,0.15,1,1414497,1414070,427
109893001,35.521,33.8864,429,45764,0.215462,0.17,1,1414536,1414107,429
109895921,32.7042,33.1773,428,45810,0.243092,0.15,1,1414568,1414140,428
109898841,35.3408,34.6355,429,45856,0.216618,0.19,1,1414604,1414175,429
109901761,8.66817,8.52709,429,45902,0.243324,0.15,1,1414606,1414177,429
109904681,20.9336,20.9054,429,45948,0.264665,0.15,1,1414630,1414201,429
109907601,26.5867,4.18108,457,45994,0.236933,0.17,1,1414658,1414201,457
109910521,34.1173,24.8362,463,46040,0.231387,0.13,1,1414694,1414231,463
109913441,21.2235,33.7672,445,46086,0.262277,0.13,1,1414712,1414267,445
109916361,35.4447,22.7534,464,46132,0.300455,0.11,1,1414751,1414287,464
109919281,34.2889,36.5507,458,46178,0.340091,0.11,1,1414785,1414327,458
109922201,36.4578,32.1101,464,46224,0.380018,0.17,1,1414822,1414358,464
109925121,35.2916,35.222,463,46270,0.388004,0.19,1,1414857,1414394,463
109928041,26.2583,32.6444,455,46316,0.357601,0.27,1,1414881,1414426,455
109930961,27.6517,24.1289,461,46362,0.38352,0.27,1,1414909,1414448,461
109933881,21.5303,28.0258,452,46407,0.388704,0.23,1,1414929,1414477,452
109936801,34.7061,21.6052,470,46452,0.389741,0.21,1,1414967,1414497,470
109939721,32.5412,35.521,463,46497,0.405948,0.25,1,1414999,1414536,463
109942641,36.1082,32.7042,468,46542,0.40919,0.21,1,1415036,1414568,468
109945561,8.82165,35.3408,434,46587,0.409838,0.25,1,1415038,1414604,434
109948481,20.9643,8.66817,456,46632,0.441968,0.27,1,1415062,1414606,456
109951401,26.5929,20.9336,460,46677,0.448394,0.23,1,1415090,1414630,460
109954321,35.7186,26.5867,470,46722,0.465679,0.23,1,1415128,1414658,470
109957241,21.5437,34.1173,452,46767,0.437136,0.27,1,1415146,1414694,452
109960161,37.1087,21.2235,475,46812,0.447427,0.31,1,1415187,1414712,475
109963081,36.2217,35.4447,472,46857,0.465485,0.35,1,1415223,1414751,472
109966001,37.6443,34.2889,476,46902,0.453097,0.39,1,1415261,1414785,476
109968921,36.3289,36.4578,475,46947,0.498619,0.39,1,1415297,1414822,475
109971841,26.4658,35.2916,464,46992,0.507724,0.35,1,1415321,1414857,464
109974761,27.6932,26.2583,468,47037,0.509545,0.39,1,1415349,1414881,468
109977681,21.5386,27.6517,460,47082,0.541909,0.39,1,1415369,1414909,460
109980601,34.7077,21.5303,478,47127,0.580382,0.39,1,1415407,1414929,478
109983521,33.3415,34.7061,473,47172,0.636076,0.41,1,1415440,1414967,473
109986441,37.8683,32.5412,480,47217,0.663215,0.41,1,1415479,1414999,480
109989361,9.17366,36.1082,445,47262,0.668643,0.41,1,1415481,1415036,445
109992281,21.0347,8.82165,467,47307,0.669729,0.45,1,1415505,1415038,467
109995201,26.6069,20.9643,471,47352,0.685946,0.45,1,1415533,1415062,471
109998121,6.92139,26.5929,445,47397,0.689189,0.47,1,1415535,1415090,445
110001041,30.1843,35.7186,443,47441,0.721838,0.43,1,1415571,1415128,443
110003961,20.4369,21.5437,443,47485,0.696368,0.45,1,1415589,1415146,443
110006881,37.6874,37.1087,444,47529,0.707273,0.47,1,1415631,1415187,444
110009801,37.9375,36.2217,446,47573,0.725455,0.45,1,1415669,1415223,446
110012721,37.9875,37.6443,446,47617,0.761091,0.51,2,1415707,1415261,446
110015641,37.1975,36.3289,447,47661,0.752218,0.51,2,1415744,1415297,447
110018561,26.6395,26.4658,447,47705,0.750444,0.51,2,1415768,1415321,447
110021481,27.7279,27.6932,447,47749,0.782089,0.55,2,1415796,1415349,447
110024401,23.9456,21.5386,450,47793,0.740418,0.59,1,1415819,1415369,450
110027321,37.5891,34.7077,453,47837,0.796084,0.65,2,1415860,1415407,453
110030241,34.7178,33.3415,454,47881,0.839217,0.67,2,1415894,1415440,454
110033161,38.9436,37.8683,455,47925,0.863843,0.67,2,1415934,1415479,455
110036081,9.38871,9.17366,455,47969,0.836769,0.67,2,1415936,1415481,455
110039001,21.8777,21.0347,456,48013,0.863354,0.69,2,1415961,1415505,456
110041921,26.7755,26.6069,456,48057,0.836671,0.69,2,1415989,1415533,456
110044841,6.95511,6.92139,456,48101,0.831334,0.73,2,1415991,1415535,456
110047761,30.191,30.1843,456,48145,0.862267,0.69,2,1416027,1415571,456
110050681,20.4382,20.4369,456,48189,0.884453,0.71,2,1416045,1415589,456
110053601,38.4876,37.6874,457,48233,0.872891,0.73,2,1416088,1415631,457
110056521,37.2975,37.9375,456,48277,0.886578,0.77,2,1416125,1415669,456
110059441,39.4595,37.9875,458,48321,0.873316,0.75,2,1416165,1415707,458
110062361,37.4919,37.1975,458,48365,0.902663,0.75,2,1416202,1415744,458
110065281,27.4984,26.6395,459,48409,0.924533,0.79,2,1416227,1415768,459
110068201,27.8997,27.7279,459,48453,0.912907,0.73,2,1416255,1415796,459
110071121,23.1799,23.9456,458,48496,0.942581,0.81,2,1416277,1415819,458
110294501,65,51,512,23541,0.11,0.87,1,1418612,1418100,512
110297421,73,78.2,502,23631,0.046,0.79,1,1418687,1418185,502
110300341,81,75.64,510,23721,0.0812,0.69,1,1418770,1418260,510
110303261,63.4,79.128,489,23810,0.08824,0.57,1,1418829,1418340,489
110306181,59.08,68.6256,481,23899,0.073648,0.51,1,1418887,1418406,481
110309101,40.616,57.7251,462,23988,0.0707296,0.43,1,1418923,1418461,462
110312021,28.9232,41.145,451,24076,0.0861459,0.23,1,1418949,1418498,451
110314941,29.7846,47.429,432,24164,0.0732292,0.11,1,1418979,1418547,432
110317861,51.5569,61.4858,424,24252,0.102646,0.03,1,1419036,1418612,424
110320781,71.1114,72.2972,425,24339,0.0205292,0.09,1,1419112,1418687,425
110323701,80.6223,80.8594,425,24426,0.0441058,0.09,1,1419195,1418770,425
110326621,64.1245,63.3719,426,24513,0.112821,0.07,1,1419255,1418829,426
110329541,58.4249,59.0744,425,24599,0.0945642,0.07,1,1419312,1418887,425
110332461,38.885,40.6149,423,24685,0.154913,0.09,1,1419346,1418923,423
110335381,31.777,28.923,427,24771,0.182983,0.07,1,1419376,1418949,427
110338301,28.7554,29.7846,425,24857,0.204597,0.11,1,1419404,1418979,425
110341221,52.9511,51.5569,427,24942,0.224919,0,1,1419463,1419036,427
110344141,67.3902,71.1114,422,25027,0.180984,0.05,1,1419534,1419112,422
110347061,79.878,80.6223,422,25112,0.124197,0.13,1,1419617,1419195,422
110349981,67.1756,64.1245,426,25196,0.144839,0.09,1,1419681,1419255,426
110352901,59.0351,58.4249,426,25280,0.100968,0.17,1,1419738,1419312,426
110355821,41.407,38.885,429,25364,0.172194,0.19,1,1419775,1419346,429
110358741,33.8814,31.777,431,25448,0.186439,0.19,1,1419807,1419376,431
110361661,29.1763,6.3554,459,25531,0.189288,0.21,1,1419835,1419376,459
110364581,53.8353,23.6711,491,25614,0.221858,0.23,1,1419895,1419404,491
110367501,63.567,51.9342,498,25697,0.260372,0.17,1,1419961,1419463,498
110370421,78.3134,67.1868,509,25779,0.268074,0.11,1,1420043,1419534,509
110373341,66.8627,79.8374,490,25861,0.285615,0.15,1,1420107,1419617,490
110376261,58.9725,67.1675,483,25943,0.321123,0.09,1,1420164,1419681,483
110379181,44.5945,59.0335,467,26025,0.360225,0.19,1,1420205,1419738,467
110382101,34.5189,41.4067,462,26106,0.384045,0.19,1,1420237,1419775,462
110385021,29.3038,33.8813,458,26187,0.436809,0.19,1,1420265,1419807,458
110387941,55.4608,29.1763,492,26268,0.447362,0.23,1,1420327,1419835,492
110390861,65.4922,53.8353,500,26349,0.465472,0.27,1,1420395,1419895,500
110393781,78.6984,63.567,516,26429,0.469095,0.27,1,1420477,1419961,516
110396701,67.7397,78.3134,499,26509,0.533819,0.29,1,1420542,1420043,499
110399621,60.7479,66.8627,494,26589,0.562764,0.33,1,1420601,1420107,494
110402541,46.5496,58.9725,480,26669,0.568553,0.37,1,1420644,1420164,480
110405461,38.1099,44.5945,475,26748,0.585711,0.39,1,1420680,1420205,475
110408381,30.022,34.5189,471,26827,0.573142,0.45,1,1420708,1420237,471
110411301,55.6044,29.3038,505,26906,0.602628,0.45,1,1420770,1420265,505
110414221,12.7209,55.4608,445,26985,0.608526,0.47,1,1420772,1420327,445
110417141,56.9442,65.4922,445,27063,0.673705,0.47,1,1420840,1420395,445
110420061,76.9888,78.6984,445,27141,0.718741,0.55,1,1420922,1420477,445
110422981,70.5978,67.7397,449,27219,0.727748,0.57,1,1420991,1420542,449
110425901,62.1196,60.7479,450,27297,0.72955,0.57,1,1421051,1420601,450
110428821,46.8239,46.5496,450,27375,0.74591,0.59,1,1421094,1420644,450
110431741,37.3648,38.1099,449,27452,0.749182,0.57,1,1421129,1420680,449
110434661,30.673,30.022,450,27529,0.733836,0.61,1,1421158,1420708,450
110437581,57.3346,55.6044,452,27606,0.794767,0.61,2,1421222,1420770,452
110440501,13.0669,12.7209,452,27683,0.806953,0.69,2,1421224,1420772,452
110443421,58.6134,56.9442,454,27760,0.905391,0.73,2,1421294,1420840,454
110446341,78.9227,76.9888,456,27836,0.893078,0.73,2,1421378,1420922,456
110449261,70.9845,70.5978,456,27912,0.922616,0.73,2,1421447,1420991,456
110452181,62.1969,62.1196,456,27988,0.944523,0.75,2,1421507,1421051,456
110455101,47.6394,46.8239,457,28064,0.916905,0.75,2,1421551,1421094,457
110458021,37.5279,37.3648,457,28139,0.911381,0.73,2,1421586,1421129,457
110554381,84,83,487,30522,0.85,1,2,1423271,1422784,487
110557301,44,39,493,30591,0.802,1,2,1423305,1422812,493
110560221,48.8,50.2,490,30660,0.6804,1,1,1423355,1422865,490
110563141,48.96,57.24,480,30729,0.62408,1,1,1423404,1422924,480
110566061,62.592,53.048,494,30798,0.436816,1,1,1423470,1422976,494
110568981,35.7184,34.6096,493,30867,0.383363,1,1,1423499,1423006,493
110571901,25.5437,35.7219,480,30936,0.356673,1,1,1423522,1423042,480
110574821,61.1087,63.9444,479,31004,0.159335,0.94,1,1423592,1423113,479
110577741,24.2217,32.7889,469,31072,0.103867,0.93,1,1423607,1423138,469
110580661,40.8443,45.7578,465,31140,0.0207734,0.85,1,1423652,1423187,465
110583581,73.7689,76.3516,463,31208,0.0601547,0.79,1,1423734,1423271,463
110586501,37.1538,42.4703,457,31276,0.0680309,0.79,1,1423762,1423305,457
110589421,49.0308,8.49406,509,31344,0.0536062,0.65,1,1423814,1423305,509
110592341,40.2062,41.6988,497,31412,0.0187212,0.61,1,1423852,1423355,497
110595261,53.6412,47.5398,505,31479,0.0757442,0.39,1,1423909,1423404,505
110598181,33.1282,62.308,467,31546,0.0391489,0.37,1,1423937,1423470,467
110601101,20.2256,35.6616,455,31613,0.0798298,0.35,1,1423954,1423499,455
110604021,52.8451,25.5323,493,31680,0.071966,0.11,1,1424015,1423522,493
110606941,24.169,61.1065,440,31747,0.0543932,0.09,1,1424032,1423592,440
110609861,37.6338,24.2213,466,31814,0.0348786,0,1,1424073,1423607,466
110612781,73.1268,40.8443,503,31881,0.00697573,0.07,1,1424155,1423652,503
110615701,37.0254,73.7688,449,31947,0.0893952,0.07,1,1424183,1423734,449
110618621,49.0051,37.1538,473,32013,0.041879,0.05,1,1424235,1423762,473
110621541,41.801,49.0308,461,32079,0.0323758,0.01,1,1424275,1423814,461
110624461,53.9602,40.2062,480,32145,0.0624752,0.09,1,1424332,1423852,480
110627381,33.992,53.6412,452,32211,0.052495,0.03,1,1424361,1423909,452
110630301,19.5984,33.1282,440,32277,0.066499,0.09,1,1424377,1423937,440
110633221,51.9197,20.2256,483,32343,0.0852998,0.07,1,1424437,1423954,483
110636141,24.7839,52.8451,440,32408,0.08906,0.05,1,1424455,1424015,440
110639061,36.1568,24.169,462,32473,0.121812,0.03,1,1424494,1424032,462
110641981,77.6314,37.6338,509,32538,0.0643624,0,1,1424582,1424073,509
110644901,35.5263,73.1268,452,32603,0.0848725,0.11,1,1424607,1424155,452
110647821,47.1053,37.0254,474,32668,0.104975,0.03,1,1424657,1424183,474
110650741,40.6211,49.0051,461,32733,0.0929949,0.03,1,1424696,1424235,461
110653661,9.72421,41.801,423,32798,0.090599,0.07,1,1424698,1424275,423
110656581,49.1448,53.9602,425,32862,0.12212,0.05,1,1424757,1424332,425
110659501,32.229,33.992,424,32926,0.160424,0.07,1,1424785,1424361,424
110662421,20.8458,19.5984,426,32990,0.136085,0.09,1,1424803,1424377,426
110665341,52.1692,51.9197,426,33054,0.179217,0.09,1,1424863,1424437,426
110668261,24.8338,24.7839,426,33118,0.187843,0.13,1,1424881,1424455,426
110671181,34.5668,36.1568,424,33182,0.173569,0.05,1,1424918,1424494,424
110674101,77.3134,77.6314,424,33246,0.106714,0.09,1,1425006,1424582,424
110677021,37.0627,35.5263,426,33310,0.141343,0.11,1,1425033,1424607,426
110679941,48.2125,47.1053,427,33373,0.228269,0.09,1,1425084,1424657,427
110682861,40.0425,40.6211,426,33436,0.277654,0.09,1,1425122,1424696,426
110685781,9.6085,9.72421,426,33499,0.255531,0.13,1,1425124,1424698,426
110688701,50.7217,49.1448,428,33562,0.299106,0.17,1,1425185,1424757,428
110691621,32.5443,32.229,428,33625,0.307821,0.13,1,1425213,1424785,428
110694541,21.7089,20.8458,429,33688,0.325564,0.19,1,1425232,1424803,429
110697461,52.3418,52.1692,429,33751,0.377113,0.19,1,1425292,1424863,429
110700381,24.8684,24.8338,429,33814,0.355423,0.17,1,1425310,1424881,429
110703301,33.7737,34.5668,428,33877,0.399085,0.09,1,1425346,1424918,428
110706221,75.5547,77.3134,426,33939,0.391817,0.15,1,1425432,1425006,426
110709141,39.1109,37.0627,429,34001,0.438363,0.25,1,1425462,1425033,429
110712061,51.8222,48.2125,433,34063,0.383673,0.29,1,1425517,1425084,433
110714981,41.5644,40.0425,434,34125,0.436735,0.25,1,1425556,1425122,434
110717901,9.91289,9.6085,434,34187,0.415347,0.31,1,1425558,1425124,434
110720821,51.5826,50.7217,435,34249,0.443069,0.31,1,1425620,1425185,435
110723741,33.5165,10.1443,464,34311,0.448614,0.31,1,1425649,1425185,464
110726661,22.7033,24.4289,456,34373,0.465723,0.33,1,1425669,1425213,456
110729581,53.3407,20.0858,498,34435,0.453145,0.39,1,1425730,1425232,498
110732501,25.8681,52.0172,457,34496,0.434629,0.35,1,1425749,1425292,457
110735421,34.7736,24.8034,476,34557,0.478926,0.41,1,1425786,1425310,476
110738341,75.7547,33.7607,526,34618,0.519785,0.39,1,1425872,1425346,526
110741261,38.3509,75.5521,469,34679,0.543957,0.45,1,1425901,1425432,469
110744181,51.6702,39.1104,494,34740,0.548791,0.37,1,1425956,1425462,494
110747101,43.134,51.8221,480,34801,0.629758,0.45,1,1425997,1425517,480
110750021,10.2268,41.5644,443,34862,0.645952,0.41,1,1425999,1425556,443
110752941,52.4454,9.91288,504,34923,0.64919,0.45,1,1426062,1425558,504
110755861,35.2891,51.5826,473,34984,0.681838,0.45,1,1426093,1425620,473
110758781,23.0578,33.5165,464,35044,0.704368,0.47,1,1426113,1425649,464
110761701,52.6116,22.7033,504,35104,0.708874,0.45,1,1426173,1425669,504
110764621,26.5223,53.3407,463,35164,0.725775,0.43,1,1426193,1425730,463
110767541,37.3045,25.8681,484,35224,0.745155,0.49,1,1426233,1425749,484
110770461,76.2609,34.7736,533,35284,0.765031,0.53,2,1426319,1425786,533
110773381,39.2522,75.7547,477,35344,0.769006,0.55,2,1426349,1425872,477
110776301,53.4504,38.3509,505,35404,0.769801,0.55,2,1426406,1425901,505
110779221,45.8901,51.6702,494,35464,0.80196,0.65,2,1426450,1425956,494
110782141,10.778,43.134,455,35524,0.824392,0.65,2,1426452,1425997,455
110785061,52.5556,10.2268,516,35584,0.828878,0.65,2,1426515,1425999,516
110787981,36.9111,52.4454,486,35643,0.845776,0.69,2,1426548,1426062,486
110790901,8.98222,35.2891,457,35702,0.849155,0.71,2,1426550,1426093,457
110793821,17.7964,23.0578,457,35761,0.881831,0.71,2,1426570,1426113,457
110796741,51.5593,52.6116,457,35820,0.904366,0.73,2,1426630,1426173,457
110799661,27.1119,26.5223,458,35879,0.892873,0.75,2,1426651,1426193,458
110802581,38.2224,37.3045,459,35938,0.890575,0.77,2,1426692,1426233,459
110805501,77.2445,76.2609,460,35997,0.906115,0.77,2,1426779,1426319,460
110808421,39.4489,39.2522,460,36056,0.941223,0.77,2,1426809,1426349,460
110811341,55.0898,53.4504,462,36115,0.932245,0.81,2,1426868,1426406,462
110814261,47.818,45.8901,464,36174,0.914449,0.83,2,1426914,1426450,464
110817181,11.1636,10.778,464,36232,0.91089,0.83,2,1426916,1426452,464
111120861,36,32,501,41862,0.75,1,2,1430845,1430344,501
111123781,34.4,32.8,502,41912,0.702,1,1,1430879,1430377,502
111126701,35.68,43.36,492,41962,0.6764,1,1,1430915,1430423,492
111129621,29.536,28.672,495,42012,0.59128,1,1,1430943,1430448,495
111132541,26.7072,35.3344,484,42062,0.462256,1,1,1430969,1430485,484
111135461,38.1414,31.8669,494,42112,0.436451,1,1,1431010,1430516,494
111138381,33.2283,31.9734,494,42162,0.36729,1,1,1431042,1430548,494
111141301,34.6457,37.5947,490,42212,0.305458,0.94,1,1431077,1430587,490
111144221,32.5291,36.3189,486,42262,0.213092,1,1,1431109,1430623,486
111147141,16.1058,24.0638,477,42312,0.178618,1,1,1431121,1430644,477
111150061,42.4212,43.2128,478,42362,0.171724,0.98,1,1431170,1430692,478
111152981,28.4842,33.4426,472,42412,0.154345,0.86,1,1431195,1430723,472
111155901,40.0968,45.0885,467,42462,0.0548689,0.77,1,1431238,1430771,467
111158821,35.2194,39.4177,463,42512,0.0669738,0.75,1,1431272,1430809,463
111161741,31.0439,36.6835,457,42562,0.0693948,0.69,1,1431302,1430845,457
111164661,33.4088,34.5367,457,42612,0.053879,0.67,1,1431336,1430879,457
111167581,33.0818,35.7073,454,42662,0.0667758,0.57,1,1431369,1430915,454
111170501,22.6164,29.5415,446,42711,0.0533552,0.43,1,1431389,1430943,446
111173421,23.7233,26.7083,444,42760,0.050671,0.43,1,1431413,1430969,444
111176341,37.5447,38.1417,444,42809,0.0501342,0.35,1,1431454,1431010,444
111179261,26.7089,33.2283,436,42858,0.0660268,0.29,1,1431478,1431042,436
111182181,31.7418,34.6457,434,42907,0.117205,0.19,1,1431511,1431077,434
111185101,28.7484,32.5291,430,42956,0.111441,0.17,1,1431539,1431109,430
111188021,15.3497,16.1058,430,43005,0.126288,0.17,1,1431551,1431121,430
111190941,43.0699,3.22117,480,43054,0.129258,0.17,1,1431601,1431121,480
111193861,23.014,39.8442,449,43103,0.177852,0.15,1,1431619,1431170,449
111196781,36.6028,27.9688,464,43152,0.18757,0.03,1,1431659,1431195,464
111199701,36.1206,39.9938,457,43201,0.189514,0.07,1,1431695,1431238,457
111202621,29.6241,35.1988,451,43250,0.205903,0.07,1,1431723,1431272,451
111205541,35.5248,31.0398,458,43299,0.113181,0.05,1,1431760,1431302,458
111208461,31.905,33.408,455,43348,0.110636,0.07,1,1431791,1431336,455
111211381,21.581,33.0816,441,43397,0.110127,0.05,1,1431810,1431369,441
111214301,25.1162,22.6163,447,43446,0.126025,0.05,1,1431836,1431389,447
111217221,38.6232,23.7233,465,43495,0.113205,0.05,1,1431878,1431413,465
111220141,28.5246,37.5447,450,43544,0.158641,0.07,1,1431904,1431454,450
111223061,31.3049,26.7089,458,43592,0.183728,0.13,1,1431936,1431478,458
111225981,28.661,31.7418,453,43640,0.220746,0.11,1,1431964,1431511,453
111228901,16.9322,28.7484,439,43688,0.196149,0.13,1,1431978,1431539,439
111231821,44.9864,15.3497,479,43736,0.23923,0.13,1,1432030,1431551,479
111234741,22.5973,43.0699,446,43784,0.247846,0.19,1,1432047,1431601,446
111237661,34.9195,23.014,466,43832,0.265569,0.19,1,1432085,1431619,466
111240581,38.9839,36.6028,466,43880,0.285114,0.19,1,1432125,1431659,466
111243501,27.7968,36.1206,455,43928,0.273023,0.21,1,1432150,1431695,455
111246421,35.1594,29.6241,464,43976,0.254605,0.09,1,1432187,1431723,464
111249341,31.8319,35.5248,458,44024,0.234921,0.11,1,1432218,1431760,458
111252261,20.7664,31.905,445,44072,0.278984,0.11,1,1432236,1431791,445
111255181,25.7533,21.581,453,44120,0.303797,0.13,1,1432263,1431810,453
111258101,40.3507,25.1162,471,44168,0.308759,0.11,1,1432307,1431836,471
111261021,29.6701,38.6232,456,44216,0.325752,0.17,1,1432334,1431878,456
111263941,31.534,28.5246,462,44264,0.32915,0.19,1,1432366,1431904,462
111266861,28.7068,31.3049,458,44312,0.34583,0.23,1,1432394,1431936,458
111269781,17.7414,28.661,445,44360,0.365166,0.19,1,1432409,1431964,445
111272701,47.5483,16.9322,486,44408,0.385033,0.25,1,1432464,1431978,486
111275621,22.3097,44.9864,450,44456,0.389007,0.25,1,1432480,1432030,450
111278541,6.06193,22.5973,435,44503,0.389801,0.27,1,1432482,1432047,435
111281461,31.6124,34.9195,435,44550,0.42196,0.29,1,1432520,1432085,435
111284381,39.1225,38.9839,436,44597,0.412392,0.27,1,1432561,1432125,436
111287301,27.0245,27.7968,435,44644,0.426478,0.25,1,1432585,1432150,435
111290221,34.2049,35.1594,434,44691,0.429296,0.23,1,1432621,1432187,434
111293141,32.441,31.8319,435,44738,0.445859,0.29,1,1432653,1432218,435
111296061,21.6882,20.7664,436,44785,0.433172,0.31,1,1432672,1432236,436
111298981,26.7376,25.7533,437,44832,0.446634,0.31,1,1432700,1432263,437
111301901,41.3475,40.3507,438,44879,0.433327,0.33,1,1432745,1432307,438
111304821,29.8695,29.6701,438,44926,0.462665,0.33,1,1432772,1432334,438
111307741,32.3739,31.534,439,44973,0.468533,0.35,1,1432805,1432366,439
111310661,28.8748,28.7068,439,45020,0.501707,0.37,1,1432833,1432394,439
111313581,18.575,17.7414,440,45067,0.524341,0.39,1,1432849,1432409,440
111316501,48.515,47.5483,441,45114,0.576868,0.39,1,1432905,1432464,441
111319421,22.503,22.3097,441,45161,0.555374,0.39,1,1432921,1432480,441
111322341,6.1006,6.06193,441,45208,0.551075,0.43,1,1432923,1432482,441
111325261,31.6201,31.6124,441,45255,0.598215,0.41,1,1432961,1432520,441
111328181,38.324,39.1225,440,45302,0.639643,0.43,1,1433001,1432561,440
111331101,27.6648,27.0245,441,45349,0.663929,0.43,1,1433026,1432585,441
111334021,34.333,34.2049,441,45396,0.684786,0.45,1,1433062,1432621,441
111336941,33.2666,32.441,442,45442,0.672957,0.43,1,1433095,1432653,442
111339861,21.0533,21.6882,441,45488,0.702591,0.45,1,1433113,1432672,441
111342781,27.4107,26.7376,442,45534,0.708518,0.43,1,1433142,1432700,442
111345701,40.6821,41.3475,441,45580,0.709704,0.47,1,1433186,1432745,441
111348621,31.3364,29.8695,443,45626,0.725941,0.47,1,1433215,1432772,443
111351541,35.8673,32.3739,447,45672,0.713188,0.51,1,1433252,1432805,447
111354461,30.3735,28.8748,448,45718,0.726638,0.53,1,1433281,1432833,448
111357381,18.8747,18.575,448,45764,0.729328,0.59,1,1433297,1432849,448
111360301,49.3749,48.515,449,45810,0.793866,0.55,2,1433354,1432905,449
111363221,23.475,22.503,450,45856,0.806773,0.55,2,1433371,1432921,450
111366141,6.295,6.1006,450,45902,0.809355,0.61,2,1433373,1432923,450
111369061,31.659,31.6201,450,45948,0.777871,0.61,2,1433411,1432961,450
111371981,39.1318,6.32402,491,45994,0.787574,0.65,2,1433452,1432961,491
111374901,28.6264,33.2648,477,46040,0.805515,0.67,2,1433478,1433001,477
111377821,35.3253,26.653,489,46086,0.825103,0.69,2,1433515,1433026,489
111380741,34.2651,34.1306,487,46132,0.829021,0.67,2,1433549,1433062,487
111383661,21.253,33.2261,472,46178,0.829804,0.71,2,1433567,1433095,472
111386581,27.4506,21.0452,483,46224,0.845961,0.71,2,1433596,1433113,483
111389501,40.6901,27.409,498,46270,0.881192,0.71,2,1433640,1433142,498
111392421,32.138,40.6818,484,46316,0.904238,0.73,2,1433670,1433186,484
111395341,35.2276,31.3364,491,46362,0.908848,0.71,2,1433706,1433215,491
111398261,32.6455,35.8673,486,46407,0.90977,0.73,2,1433738,1433252,486
111401181,19.3291,30.3735,473,46452,0.925954,0.73,2,1433754,1433281,473
111404101,51.0658,18.8747,516,46497,0.929191,0.81,2,1433813,1433297,516
111624561,79,80,495,22817,0.07,0.47,1,1436189,1435694,495
111627481,62.2,86.4,465,22910,0.07,0.33,1,1436247,1435782,465
111630401,66.84,69.28,468,23003,0.15,0.25,1,1436315,1435847,468
111633321,52.568,68.256,449,23095,0.198,0.11,1,1436364,1435915,449
111636241,49.7136,62.4512,437,23187,0.2236,0.05,1,1436413,1435976,437
111639161,36.3427,34.8902,442,23278,0.24472,0.03,1,1436446,1436004,442
111642081,77.6685,26.978,505,23369,0.264944,0.07,1,1436534,1436029,505
111645001,78.7337,70.1956,503,23460,0.268989,0.07,1,1436613,1436110,503
111647921,63.7467,77.2391,484,23550,0.301798,0.07,1,1436673,1436189,484
111650841,70.3493,61.8478,498,23640,0.32436,0.17,1,1436745,1436247,498
111653761,54.8699,66.7696,481,23730,0.376872,0.21,1,1436796,1436315,481
111656681,50.174,52.5539,481,23819,0.371374,0.23,1,1436845,1436364,481
111659601,35.6348,49.7108,464,23908,0.386275,0.25,1,1436877,1436413,464
111662521,8.72696,36.3422,433,23997,0.389255,0.27,1,1436879,1436446,433
111665441,73.7454,77.6684,435,24085,0.405851,0.27,1,1436969,1436534,435
111668361,78.7491,78.7337,436,24173,0.45717,0.31,1,1437049,1436613,436
111671281,62.9498,63.7467,435,24261,0.483434,0.33,1,1437108,1436673,435
111674201,72.59,70.3493,438,24348,0.456687,0.39,1,1437183,1436745,438
111677121,56.118,54.8699,439,24435,0.435337,0.37,1,1437235,1436796,439
111680041,51.2236,50.174,440,24522,0.511067,0.39,1,1437285,1436845,440
111682961,36.6447,35.6348,441,24608,0.526213,0.39,1,1437318,1436877,441
111685881,8.92894,8.72696,441,24694,0.561243,0.41,1,1437320,1436879,441
111688801,74.5858,73.7454,442,24780,0.552249,0.47,1,1437411,1436969,442
111691721,79.7172,78.7491,443,24866,0.64645,0.49,1,1437492,1437049,443
111694641,63.9434,62.9498,444,24951,0.68129,0.45,1,1437552,1437108,444
111697561,71.1887,72.59,442,25036,0.704258,0.43,1,1437625,1437183,442
111700481,58.2377,56.118,445,25121,0.708852,0.53,1,1437680,1437235,445
111703401,52.4475,51.2236,446,25205,0.78977,0.53,2,1437731,1437285,446
111706321,38.4895,36.6447,448,25289,0.837954,0.57,2,1437766,1437318,448
111709241,9.2979,8.92894,448,25373,0.879591,0.55,2,1437768,1437320,448
111712161,76.2596,74.5858,450,25457,0.887918,0.55,2,1437861,1437411,450
111715081,81.6519,14.9172,533,25540,0.889584,0.67,2,1437944,1437411,533
111718001,66.7304,67.7834,515,25623,0.873917,0.69,2,1438007,1437492,515
111720921,70.9461,61.5567,527,25706,0.870783,0.71,2,1438079,1437552,527
111723841,61.3892,70.7113,513,25788,0.870157,0.71,2,1438138,1437625,513
111726761,55.4778,58.1423,512,25870,0.918031,0.81,2,1438192,1437680,512
111837721,64,28,554,28817,0.85,1,2,1440249,1439695,554
111840641,58.4,59.2,544,28890,0.77,1,2,1440306,1439762,544
111843561,76.48,84.64,534,28963,0.738,1,1,1440387,1439853,534
111846481,38.496,54.528,516,29036,0.6996,1,1,1440416,1439900,516
111849401,34.0992,38.9056,514,29109,0.62792,1,1,1440449,1439935,514
111852321,62.0198,31.7811,553,29182,0.645584,1,1,1440518,1439965,553
111855241,38.804,70.3562,506,29255,0.665117,1,1,1440551,1440045,506
111858161,60.5608,39.6712,540,29327,0.685023,0.84,1,1440617,1440077,540
111861081,39.3122,66.3342,501,29399,0.705005,0.95,1,1440651,1440150,501
111864001,52.6624,41.2668,522,29471,0.709001,0.85,1,1440707,1440185,522
111866921,52.9325,59.4534,511,29543,0.7098,0.75,1,1440760,1440249,511
111869841,75.3865,57.4907,535,29615,0.80596,0.73,2,1440841,1440306,535
111872761,39.8773,76.2981,485,29686,0.777192,0.69,2,1440872,1440387,485
111875681,33.5755,38.4596,488,29757,0.771438,0.61,2,1440904,1440416,488
111878601,60.3151,34.0919,522,29828,0.818288,0.65,2,1440971,1440449,522
111881521,13.663,62.0184,455,29899,0.827658,0.67,2,1440973,1440518,455
111884441,30.7326,38.8037,457,29970,0.845531,0.69,2,1441008,1440551,457
111887361,59.7465,60.5607,458,30041,0.833106,0.71,2,1441075,1440617,458
111890281,38.3493,39.3121,457,30111,0.830621,0.71,2,1441108,1440651,457
111893201,50.8699,52.6624,455,30181,0.830124,0.71,2,1441162,1440707,455
111896121,55.774,52.9325,459,30251,0.894025,0.83,2,1441219,1440760,459
111899041,77.5548,75.3865,461,30321,0.906805,0.77,2,1441302,1440841,461
111901961,41.111,39.8773,462,30391,0.909361,0.77,2,1441334,1440872,462
111904881,33.8222,33.5755,462,30461,0.909872,0.83,2,1441366,1440904,462
111907801,61.1644,60.3151,463,30530,0.941974,0.83,2,1441434,1440971,463
111910721,13.8329,13.663,463,30599,0.916395,0.85,2,1441436,1440973,463
112045041,33,40,496,33631,0.37,1,1,1443561,1443065,496
112047961,41,40.8,498,33694,0.226,1,1,1443604,1443106,498
112050881,78.6,85.76,489,33757,0.0452,1,1,1443692,1443203,489
112053801,45.32,44.352,492,33820,0.06504,1,1,1443729,1443237,492
112056721,37.064,35.2704,494,33883,0.085008,1,1,1443764,1443270,494
112059641,52.2128,53.4541,492,33945,0.0410016,1,1,1443820,1443328,492
112062561,46.4426,51.4908,486,34007,0.0322003,1,1,1443865,1443379,486
112065481,26.8885,39.0982,472,34069,0.0464401,0.85,1,1443887,1443415,472
112068401,30.1777,36.6196,467,34131,0.033288,0.66,1,1443918,1443451,467
112071321,26.8355,40.1239,452,34193,0.0626576,0.53,1,1443944,1443492,452
112074241,25.3671,36.8248,441,34255,0.0205315,0.53,1,1443969,1443528,441
112077161,25.0734,7.36496,466,34317,0.0121063,0.37,1,1443994,1443528,466
112080081,33.8147,27.873,469,34379,0.0584213,0.19,1,1444030,1443561,469
112083001,73.1629,39.9746,509,34441,0.0116843,0,1,1444113,1443604,509
112085921,44.2326,78.3949,458,34502,0.0423369,0.07,1,1444150,1443692,458
112088841,36.8465,45.279,456,34563,0.0964674,0.09,1,1444185,1443729,456
112091761,52.1693,37.0558,477,34624,0.0912935,0.03,1,1444241,1443764,477
112094681,48.0339,52.2112,468,34685,0.0582587,0.03,1,1444288,1443820,468
112097601,25.6068,46.4422,443,34746,0.0196517,0.05,1,1444308,1443865,443
112100521,29.9214,26.8884,452,34807,0.0599303,0.03,1,1444339,1443887,452
112103441,26.7843,30.1777,447,34868,0.0519861,0.07,1,1444365,1443918,447
112106361,25.3569,26.8355,446,34929,0.0663972,0.01,1,1444390,1443944,446
112109281,26.6714,25.3671,448,34990,0.0372794,0.01,1,1444417,1443969,448
112112201,34.9343,25.0734,460,35050,0.0634559,0.07,1,1444454,1443994,460
112115121,70.9869,33.8147,504,35110,0.0126912,0,1,1444534,1444030,504
112118041,43.7974,73.1629,458,35170,0.0265382,0.05,1,1444571,1444113,458
112120961,39.1595,44.2326,459,35230,0.0293076,0.11,1,1444609,1444150,459
112123881,55.8319,36.8465,484,35290,0.0298615,0.09,1,1444669,1444185,484
112126801,44.7664,52.1693,470,35350,0.0459723,0.05,1,1444711,1444241,470
112129721,25.7533,48.0339,444,35410,0.0331945,0.01,1,1444732,1444288,444
112132641,29.9507,25.6068,455,35470,0.0466389,0.07,1,1444763,1444308,455
112135561,25.9901,29.9214,449,35530,0.0493278,0.05,1,1444788,1444339,449
112138481,25.998,26.7843,449,35589,0.0658656,0.07,1,1444814,1444365,449
112141401,25.1996,25.3569,449,35648,0.0691731,0.03,1,1444839,1444390,449
112144321,6.63992,26.6714,424,35707,0.0698346,0.07,1,1444841,1444417,424
112147241,31.728,34.9343,425,35766,0.101967,0,1,1444879,1444454,425
112150161,68.7456,70.9869,423,35825,0.0203934,0.03,1,1444957,1444534,423
112153081,42.5491,43.7974,422,35884,0.0280787,0.03,1,1444993,1444571,422
112156001,39.7098,39.1595,423,35943,0.00561573,0.03,1,1445032,1444609,423
112158921,55.942,55.8319,423,36002,0.0251231,0.05,1,1445092,1444669,423
112161841,45.5884,44.7664,424,36061,0.0770246,0.03,1,1445135,1444711,424
112164761,25.1177,25.7533,423,36120,0.0554049,0.05,1,1445155,1444732,423
112167681,31.4235,29.9507,425,36179,0.099081,0.05,1,1445188,1444763,425
112170601,25.4847,25.9901,424,36237,0.107816,0.07,1,1445212,1444788,424
112173521,27.4969,25.998,426,36295,0.125563,0.07,1,1445240,1444814,426
112176441,24.6994,25.1996,425,36353,0.161113,0.07,1,1445264,1444839,425
112179361,6.53988,6.63992,425,36411,0.168223,0.11,1,1445266,1444841,425
112182281,31.708,31.728,425,36469,0.185644,0,1,1445304,1444879,425
112185201,66.3416,68.7456,422,36527,0.157129,0.03,1,1445379,1444957,422
112188121,42.0683,42.5491,422,36585,0.103426,0,1,1445415,1444993,422
112191041,39.6137,39.7098,422,36643,0.0446852,0.03,1,1445454,1445032,422
112193961,56.7227,55.942,423,36701,0.064937,0.09,1,1445515,1445092,423
112196881,46.5445,45.5884,424,36759,0.0849874,0.05,1,1445559,1445135,424
112199801,25.3089,25.1177,424,36816,0.0889975,0.11,1,1445579,1445155,424
112202721,32.2618,31.4235,425,36873,0.0737995,0.11,1,1445613,1445188,425
112205641,25.6524,25.4847,425,36930,0.10276,0.13,1,1445637,1445212,425
112208561,29.9305,27.4969,428,36987,0.124552,0.17,1,1445668,1445240,428
112211481,25.1861,24.6994,428,37044,0.12891,0.17,1,1445692,1445264,428
112214401,6.63722,6.53988,428,37101,0.129782,0.19,1,1445694,1445266,428
112217321,32.5274,31.708,429,37158,0.0979564,0.19,1,1445733,1445304,429
112220241,64.1055,6.34159,501,37215,0.123591,0.15,1,1445805,1445304,501
112223161,37.6211,61.2683,457,37272,0.160718,0.09,1,1445836,1445379,457
112226081,38.7242,41.0537,460,37329,0.152144,0.03,1,1445875,1445415,460
112229001,57.3448,39.4107,483,37386,0.102429,0.07,1,1445937,1445454,483
112231921,47.469,56.6821,467,37443,0.156486,0.09,1,1445982,1445515,467
112234841,26.2938,46.5364,444,37499,0.183297,0.09,1,1446003,1445559,444
112237761,32.4588,25.3073,458,37555,0.220659,0.07,1,1446037,1445579,458
112240681,25.6918,32.2615,448,37611,0.244132,0.11,1,1446061,1445613,448
112243601,30.7384,25.6523,456,37667,0.248826,0.13,1,1446093,1445637,456
112246521,25.3477,29.9305,449,37723,0.265765,0.13,1,1446117,1445668,449
112249441,6.66953,25.1861,427,37779,0.269153,0.13,1,1446119,1445692,427
112252361,32.5339,6.63722,464,37835,0.301831,0.09,1,1446158,1445694,464
112255281,65.7068,32.5274,499,37891,0.324366,0.13,1,1446232,1445733,499
112258201,39.5414,64.1055,460,37947,0.312873,0.17,1,1446265,1445805,460
112261121,37.5083,37.6211,466,38003,0.310575,0.15,1,1446302,1445836,466
112264041,57.1017,38.7242,489,38059,0.326115,0.09,1,1446364,1445875,489
112266961,49.0203,57.3448,474,38115,0.361223,0.17,1,1446411,1445937,474
112269881,28.2041,47.469,452,38170,0.352245,0.19,1,1446434,1445982,452
112272801,33.6408,26.2938,466,38225,0.382449,0.23,1,1446469,1446003,466
112275721,26.7282,32.4588,457,38280,0.38849,0.25,1,1446494,1446037,457
112278641,30.9456,25.6918,465,38335,0.389698,0.25,1,1446526,1446061,465
112281561,26.9891,30.7384,459,38390,0.35794,0.27,1,1446552,1446093,459
112284481,7.79783,25.3477,438,38445,0.367588,0.27,1,1446555,1446117,438
112287401,33.5596,6.66953,476,38500,0.401518,0.31,1,1446595,1446119,476
112290321,65.9119,32.5339,511,38555,0.424304,0.33,1,1446669,1446158,511
112293241,38.7824,65.7068,469,38610,0.428861,0.31,1,1446701,1446232,469
112296161,9.35648,39.5414,438,38665,0.429772,0.31,1,1446703,1446265,438
112299081,31.4713,37.5083,438,38720,0.461954,0.33,1,1446740,1446302,438
112302001,57.4943,57.1017,440,38775,0.484391,0.37,1,1446804,1446364,440
112304921,49.0989,49.0203,440,38829,0.472878,0.35,1,1446851,1446411,440
112307841,27.4198,28.2041,439,38883,0.502576,0.39,1,1446873,1446434,439
112310761,35.884,33.6408,442,38937,0.492515,0.39,1,1446911,1446469,442
112313681,26.3768,26.7282,441,38991,0.506503,0.39,1,1446935,1446494,441
112316601,30.8754,30.9456,441,39045,0.525301,0.35,1,1446967,1446526,441
112319521,26.9751,26.9891,441,39099,0.52906,0.37,1,1446993,1446552,441
112322441,6.99501,7.79783,440,39153,0.497812,0.41,1,1446995,1446555,440
112325361,33.399,33.5596,440,39207,0.523562,0.43,1,1447035,1446595,440
112328281,68.2798,65.9119,443,39261,0.544712,0.43,1,1447112,1446669,443
112331201,40.056,38.7824,444,39315,0.596942,0.43,1,1447145,1446701,444
112334121,9.61119,9.35648,444,39369,0.607388,0.47,1,1447147,1446703,444
112337041,30.7222,31.4713,443,39423,0.673478,0.49,1,1447183,1446740,443
112339961,58.1444,57.4943,444,39477,0.638696,0.47,1,1447248,1446804,444
112342881,50.0289,49.0989,445,39530,0.679739,0.51,1,1447296,1446851,445
112345801,27.6058,27.4198,445,39583,0.703948,0.49,1,1447318,1446873,445
112348721,35.9212,35.884,445,39636,0.70879,0.51,1,1447356,1446911,445
112351641,26.3842,26.3768,445,39689,0.741758,0.53,1,1447380,1446935,445
112354561,31.6768,30.8754,446,39742,0.764352,0.53,2,1447413,1446967,446
112357481,27.1354,26.9751,446,39795,0.76887,0.49,2,1447439,1446993,446
112360401,7.02707,6.99501,446,39848,0.769774,0.53,2,1447441,1446995,446
112363321,33.4054,33.399,446,39901,0.737955,0.55,1,1447481,1447035,446
112366241,71.4811,68.2798,450,39954,0.747591,0.61,1,1447562,1447112,450
112369161,42.2962,40.056,452,40007,0.765518,0.61,2,1447597,1447145,452
112372081,10.0592,9.61119,452,40060,0.769104,0.61,2,1447599,1447147,452
112375001,31.6118,1.92224,489,40113,0.785821,0.69,2,1447636,1447147,489
112377921,57.5224,29.1844,517,40166,0.821164,0.63,2,1447700,1447183,517
112380841,51.5045,57.8369,502,40219,0.860233,0.69,2,1447750,1447248,502
112383761,27.9009,49.9674,476,40271,0.884047,0.71,2,1447772,1447296,476
112386681,37.5802,27.5935,494,40323,0.888809,0.71,2,1447812,1447318,494
112389601,27.516,35.9187,481,40375,0.937762,0.75,2,1447837,1447356,481
112550201,30,33,513,43155,0.94,1,2,1449757,1449244,513
112553121,32.4,33.8,512,43204,0.868,1,2,1449790,1449278,512
112556041,32.88,33.16,512,43253,0.7896,1,2,1449823,1449311,512
112558961,25.776,24.232,514,43302,0.74192,1,1,1449847,1449333,514
112561881,33.1552,28.0464,520,43351,0.636384,1,1,1449882,1449362,520
112564801,50.631,30.4093,544,43400,0.487277,1,1,1449937,1449393,544
112567721,38.1262,57.2819,515,43449,0.441455,1,1,1449972,1449457,515
112570641,37.2252,39.4564,517,43498,0.368291,1,1,1450009,1449492,517
112573561,29.845,35.0913,511,43547,0.337658,1,1,1450037,1449526,511
112576481,32.369,31.8183,513,43595,0.347532,0.9,1,1450070,1449557,513
112579401,31.2738,35.1637,508,43643,0.333506,0.99,1,1450101,1449593,508
112582321,31.8548,36.6327,503,43691,0.282701,1,1,1450133,1449630,503
112585241,35.171,34.5265,505,43739,0.20854,0.91,1,1450169,1449664,505
112588161,28.6342,34.9053,497,43787,0.193708,0.87,1,1450196,1449699,497
112591081,24.9268,29.3811,493,43835,0.174742,0.94,1,1450220,1449727,493
112594001,30.5854,29.8762,495,43883,0.154948,0.85,1,1450252,1449757,495
112596921,28.5171,32.3752,490,43931,0.15099,0.77,1,1450280,1449790,490
112599841,21.7034,32.875,477,43979,0.166198,0.73,1,1450300,1449823,477
112602761,27.5407,25.775,482,44027,0.15324,0.61,1,1450329,1449847,482
112605681,47.1081,33.155,499,44075,0.118648,0.45,1,1450381,1449882,499
112608601,35.0216,50.631,476,44123,0.14373,0.43,1,1450413,1449937,476
112611521,34.2043,38.1262,475,44171,0.0847459,0.35,1,1450447,1449972,475
112614441,29.2409,37.2252,466,44219,0.136949,0.33,1,1450475,1450009,466
112617361,32.2482,29.845,471,44267,0.0993898,0.35,1,1450508,1450037,471
112620281,28.0496,32.369,465,44315,0.107878,0.33,1,1450535,1450070,465
112623201,27.2099,31.2738,461,44363,0.0935756,0.27,1,1450562,1450101,461
112626121,35.842,31.8548,467,44411,0.122715,0.19,1,1450600,1450133,467
112629041,26.3684,35.171,455,44458,0.160543,0.19,1,1450624,1450169,455
112631961,6.87368,28.6342,430,44505,0.168109,0.17,1,1450626,1450196,430
112634881,19.7747,24.9268,429,44552,0.185622,0.15,1,1450649,1450220,429
112637801,28.7549,30.5854,428,44599,0.173124,0.15,1,1450680,1450252,428
112640721,28.951,28.5171,429,44646,0.218625,0.17,1,1450709,1450280,429
112643641,20.9902,21.7034,428,44693,0.211725,0.15,1,1450728,1450300,428
112646561,28.198,27.5407,429,44740,0.210345,0.11,1,1450758,1450329,429
112649481,45.6396,47.1081,427,44787,0.258069,0.15,1,1450808,1450381,427
112652401,34.7279,35.0216,427,44834,0.283614,0.07,1,1450840,1450413,427
112655321,32.5456,34.2043,425,44881,0.288723,0.15,1,1450872,1450447,425
112658241,30.5091,29.2409,427,44928,0.305745,0.09,1,1450902,1450475,427
112661161,33.3018,32.2482,428,44975,0.309149,0.11,1,1450936,1450508,428
112664081,27.4604,28.0496,427,45022,0.29383,0.09,1,1450962,1450535,427
112667001,27.8921,27.2099,428,45069,0.306766,0.13,1,1450990,1450562,428
112669921,35.9784,35.842,428,45116,0.357353,0.17,1,1451028,1450600,428
112672841,27.9957,26.3684,430,45163,0.383471,0.17,1,1451054,1450624,430
112675761,7.19914,6.87368,430,45210,0.388694,0.19,1,1451056,1450626,430
112678681,19.0398,19.7747,429,45257,0.357739,0.17,1,1451078,1450649,429
112681601,30.208,28.7549,431,45304,0.415548,0.23,1,1451111,1450680,431
112684521,29.2416,28.951,431,45351,0.44311,0.21,1,1451140,1450709,431
112687441,21.0483,20.9902,431,45398,0.432622,0.21,1,1451159,1450728,431
112690361,29.0097,28.198,432,45444,0.462524,0.27,1,1451190,1450758,432
112693281,47.4019,45.6396,434,45490,0.516505,0.29,1,1451242,1450808,434
112696201,35.0804,34.7279,434,45536,0.527301,0.29,1,1451274,1450840,434
112699121,32.6161,32.5456,434,45582,0.52946,0.31,1,1451306,1450872,434
112702041,31.3232,30.5091,435,45628,0.545892,0.31,1,1451337,1450902,435
112704961,34.2646,33.3018,436,45674,0.565178,0.29,1,1451372,1450936,436
112707881,28.4529,27.4604,437,45720,0.553036,0.31,1,1451399,1450962,437
112710801,28.0906,27.8921,437,45766,0.550607,0.37,1,1451427,1450990,437
112713721,36.8181,35.9784,438,45812,0.534121,0.39,1,1451466,1451028,438
112716641,28.9636,27.9957,439,45858,0.578824,0.39,1,1451493,1451054,439
112719561,7.39272,7.19914,439,45904,0.555765,0.35,1,1451495,1451056,439
112722481,19.0785,19.0398,439,45950,0.583153,0.35,1,1451517,1451078,439
112725401,32.6157,3.80797,475,45996,0.572631,0.43,1,1451553,1451078,475
112728321,28.9231,27.1616,470,46042,0.618526,0.45,1,1451581,1451111,470
112731241,21.7846,28.6323,461,46088,0.627705,0.43,1,1451601,1451140,461
112734161,30.7569,20.9265,475,46134,0.693541,0.47,1,1451634,1451159,475
112737081,50.1514,28.9853,499,46180,0.786708,0.53,2,1451689,1451190,499
112740001,35.6303,47.3971,479,46226,0.821342,0.53,2,1451721,1451242,479
112742921,32.7261,35.0794,479,46272,0.828268,0.53,2,1451753,1451274,479
112745841,32.1452,32.6159,479,46318,0.829654,0.55,2,1451785,1451306,479
112748761,33.629,31.3232,482,46364,0.829931,0.57,2,1451819,1451337,482
112751681,27.5258,34.2646,473,46409,0.829986,0.55,2,1451845,1451372,473
112754601,27.9052,28.4529,474,46454,0.845997,0.55,2,1451873,1451399,474
112757521,37.581,28.0906,486,46499,0.865199,0.53,2,1451913,1451427,486
112760441,29.9162,36.8181,475,46544,0.88504,0.59,2,1451941,1451466,475
112763361,7.58324,28.9636,450,46589,0.889008,0.55,2,1451943,1451493,450
112766281,19.1166,7.39272,470,46634,0.889802,0.59,2,1451965,1451495,470
112769201,34.2233,19.0785,486,46679,0.87396,0.57,2,1452003,1451517,486
112772121,30.8447,32.6157,480,46724,0.886792,0.63,2,1452033,1451553,480
112775041,22.9689,28.9231,473,46769,0.873358,0.63,2,1452054,1451581,473
112777961,34.9938,21.7846,491,46814,0.886672,0.71,2,1452092,1451601,491
112780881,53.3988,30.7569,516,46859,0.921334,0.81,2,1452150,1451634,516
112783801,37.0798,50.1514,494,46904,0.928267,0.83,2,1452183,1451689,494
112786721,33.016,35.6303,494,46949,0.929653,0.83,2,1452215,1451721,494
112810081,22,2,487,47309,0.93,0.89,2,1452430,1451943,487
112813001,34,18,502,47354,0.914,0.87,2,1452467,1451965,502
112815921,8.4,34,466,47399,0.9108,0.89,2,1452469,1452003,466
112818841,25.68,30.8,466,47443,0.94216,0.87,2,1452499,1452033,466
112821761,21.136,22.96,465,47487,0.948432,0.89,2,1452519,1452054,465
113014481,77,89,491,22817,0.01,0.83,1,1454632,1454141,491
113017401,60.2,67.4,485,22910,0.026,0.41,1,1454688,1454203,485
113020321,68.84,83.08,469,23003,0.0612,0.31,1,1454759,1454290,469
113023241,52.968,57.416,467,23095,0.05224,0.07,1,1454808,1454341,467
113026161,49.7936,75.4832,436,23187,0.050448,0.05,1,1454857,1454421,436
113029081,18.7587,31.0966,427,23278,0.0500896,0.01,1,1454868,1454441,427
113032001,91.7517,19.8193,520,23369,0.0500179,0.03,1,1454978,1454458,520
113034921,79.1503,81.5639,499,23460,0.0500036,0.01,1,1455054,1454555,499
113037841,62.2301,77.9128,480,23550,0.0980007,0.03,1,1455112,1454632,480
113040761,70.046,60.3826,496,23640,0.1236,0.07,1,1455184,1454688,496
113043681,52.4092,68.8765,473,23730,0.12872,0.05,1,1455232,1454759,473
113046601,48.0818,52.9753,471,23819,0.193744,0.05,1,1455279,1454808,471
113049521,17.6164,49.7951,432,23908,0.174749,0.05,1,1455289,1454857,432
113052441,5.12327,18.759,423,23997,0.17095,0.05,1,1455291,1454868,423
113055361,90.6247,91.7518,425,24085,0.0741899,0.05,1,1455403,1454978,425
113058281,78.1249,79.1504,424,24173,0.118838,0.11,1,1455478,1455054,424
113061201,65.225,62.2301,428,24261,0.0797676,0.13,1,1455540,1455112,428
113064121,70.645,70.046,428,24348,0.119954,0.13,1,1455612,1455184,428
113067041,54.929,52.4092,431,24435,0.143991,0.21,1,1455663,1455232,431
113069961,47.7858,48.0818,430,24522,0.148798,0.17,1,1455709,1455279,430
113072881,17.5572,17.6164,430,24608,0.18176,0.17,1,1455719,1455289,430
113075801,5.11143,5.12327,430,24694,0.220352,0.05,1,1455721,1455291,430
113078721,84.2223,90.6247,422,24780,0.24407,0.13,1,1455825,1455403,422
113081641,81.6445,78.1249,428,24866,0.216814,0.07,1,1455906,1455478,428
113084561,63.5289,65.225,425,24951,0.259363,0.13,1,1455965,1455540,425
113087481,71.1058,70.645,426,25036,0.315873,0.15,1,1456038,1455612,426
113090401,57.4212,54.929,429,25121,0.327174,0.15,1,1456092,1455663,429
113093321,49.8842,47.7858,431,25205,0.361435,0.19,1,1456140,1455709,431
113096241,17.9768,17.5572,431,25289,0.368287,0.23,1,1456150,1455719,431
113099161,5.19537,5.11143,431,25373,0.401657,0.25,1,1456152,1455721,431
113102081,85.0391,84.2223,432,25457,0.408331,0.25,1,1456257,1455825,432
113105001,80.2078,16.8445,511,25540,0.393666,0.21,1,1456336,1455825,511
113107921,64.8416,68.1689,491,25623,0.422733,0.27,1,1456397,1455906,491
113110841,75.3683,60.8338,510,25706,0.444547,0.33,1,1456475,1455965,510
113113761,59.0737,70.5668,492,25788,0.480909,0.33,1,1456530,1456038,492
113116681,51.0147,57.3134,487,25870,0.472182,0.37,1,1456579,1456092,487
113119601,18.2029,49.8627,449,25952,0.470436,0.37,1,1456589,1456140,449
113122521,5.24059,17.9725,441,26034,0.470087,0.41,1,1456591,1456150,441
113125441,85.0481,5.19451,544,26115,0.470017,0.41,1,1456696,1456152,544
113128361,81.0096,85.0389,519,26196,0.502003,0.39,1,1456776,1456257,519
113131281,66.6019,80.2078,503,26277,0.540401,0.43,1,1456839,1456336,503
113134201,78.1204,64.8416,523,26358,0.61208,0.45,1,1456920,1456397,523
113137121,59.6241,75.3683,500,26438,0.626416,0.49,1,1456975,1456475,500
113140041,50.3248,59.0737,493,26518,0.629283,0.47,1,1457023,1456530,493
113142961,18.065,51.0147,454,26598,0.645857,0.47,1,1457033,1456579,454
113145881,5.21299,18.2029,446,26678,0.649171,0.47,1,1457035,1456589,446
113148801,85.0426,5.24059,549,26757,0.665834,0.47,1,1457140,1456591,549
113151721,82.6085,85.0481,526,26836,0.717167,0.51,1,1457222,1456696,526
113154641,68.5217,81.0096,511,26915,0.727433,0.55,1,1457287,1456776,511
113157561,15.3043,66.6019,450,26994,0.729487,0.63,1,1457289,1456839,450
113160481,70.2609,78.1204,453,27072,0.841897,0.63,2,1457373,1456920,453
113163401,58.0522,59.6241,453,27150,0.896379,0.63,2,1457428,1456975,453
113166321,50.8104,50.3248,454,27228,0.907276,0.65,2,1457477,1457023,454
113169241,18.1621,18.065,454,27306,0.909455,0.65,2,1457487,1457033,454
113172161,5.23242,5.21299,454,27384,0.941891,0.67,2,1457489,1457035,454
113297721,38,39,494,30530,0.77,1,2,1459794,1459300,494
113300641,34,35,493,30599,0.626,0.99,1,1459827,1459334,493
113303561,34,34.2,493,30668,0.6132,1,1,1459861,1459368,493
113306481,31.6,30.04,495,30737,0.56264,1,1,1459892,1459397,495
113309401,30.32,34.808,489,30806,0.584528,1,1,1459922,1459433,489
113312321,62.864,66.9616,485,30875,0.364906,0.98,1,1459993,1459508,485
113315241,57.3728,57.3923,486,30944,0.416981,0.99,1,1460049,1459563,486
113318161,64.2746,77.8785,469,31012,0.459396,0.95,1,1460115,1459646,469
113321081,37.6549,42.7757,466,31080,0.499879,0.77,1,1460146,1459680,466
113324001,62.731,69.3551,459,31148,0.507976,0.77,1,1460215,1459756,459
113326921,42.1462,44.271,458,31216,0.525595,0.59,1,1460252,1459794,458
113329841,30.8292,35.2542,453,31284,0.497119,0.59,1,1460280,1459827,453
113332761,34.1658,7.05084,488,31352,0.507424,0.61,1,1460315,1459827,488
113335681,24.4332,28.6102,476,31419,0.509485,0.55,1,1460337,1459861,476
113338601,29.6866,30.522,476,31486,0.493897,0.59,1,1460368,1459892,476
113341521,56.3373,30.1044,509,31553,0.506779,0.31,1,1460431,1459922,509
113344441,60.8675,62.8209,500,31620,0.541356,0.43,1,1460493,1459993,500
113347361,64.1735,57.3642,509,31687,0.612271,0.47,1,1460558,1460049,509
113350281,40.0347,64.2728,477,31754,0.594454,0.51,1,1460592,1460115,477
113353201,61.6069,37.6546,513,31821,0.590891,0.51,1,1460659,1460146,513
113356121,42.7214,62.7309,482,31887,0.590178,0.53,1,1460697,1460215,482
113359041,29.3443,42.1462,471,31953,0.590036,0.49,1,1460723,1460252,471
113361961,37.8689,30.8292,483,32019,0.606007,0.51,1,1460763,1460280,483
113364881,23.5738,34.1658,468,32085,0.609201,0.51,1,1460783,1460315,468
113367801,30.3148,24.4332,478,32151,0.65784,0.49,1,1460815,1460337,478
113370721,55.663,29.6866,509,32217,0.683568,0.51,1,1460877,1460368,509
113373641,64.7326,56.3373,513,32283,0.672714,0.55,1,1460944,1460431,513
113376561,65.7465,60.8675,517,32349,0.718543,0.63,1,1461010,1460493,517
113379481,38.7493,64.1735,484,32414,0.743709,0.59,1,1461042,1460558,484
113382401,61.3499,40.0347,517,32479,0.796742,0.59,2,1461109,1460592,517
113385321,42.67,61.6069,488,32544,0.823348,0.59,2,1461147,1460659,488
113388241,30.134,42.7214,477,32609,0.84467,0.59,2,1461174,1460697,477
113391161,38.0268,29.3443,491,32674,0.848934,0.61,2,1461214,1460723,491
113394081,23.6054,37.8689,471,32739,0.849787,0.61,2,1461234,1460763,471
113397001,6.32107,23.5738,453,32804,0.865957,0.67,2,1461236,1460783,453
113399921,28.4642,30.3148,455,32868,0.917191,0.69,2,1461270,1460815,455
113531321,37,20,535,35648,0.91,1,2,1463244,1462709,535
113534241,28.2,28,531,35707,0.894,0.91,2,1463270,1462739,531
113537161,43.24,67.2,501,35766,0.8268,1,2,1463317,1462816,501
113540081,36.648,63.04,474,35825,0.81336,0.97,2,1463352,1462878,474
113543001,54.5296,51.008,485,35884,0.842672,1,2,1463411,1462926,485
113545921,54.9059,55.8016,483,35943,0.848534,0.99,2,1463466,1462983,483
113548841,46.1812,48.7603,480,36002,0.849707,0.99,2,1463510,1463030,480
113551761,49.2362,44.9521,486,36061,0.737941,1,1,1463560,1463074,486
113554681,33.0472,37.7904,479,36120,0.811588,1,2,1463589,1463110,479
113557601,27.4095,34.7581,471,36179,0.826318,0.91,2,1463615,1463144,471
113560521,27.0819,30.9516,468,36237,0.845264,0.91,2,1463642,1463174,468
113563441,29.4164,32.5903,465,36295,0.849053,0.91,2,1463672,1463207,465
113566361,35.4833,36.1181,465,36353,0.849811,0.89,2,1463709,1463244,465
113569281,27.8967,28.0236,465,36411,0.849962,0.81,2,1463735,1463270,465
113572201,40.7793,43.2047,462,36469,0.881993,0.81,2,1463779,1463317,462
113773681,44,38,520,40271,0.9,1,2,1466449,1465929,520
113776601,36,46,506,40323,0.86,1,2,1466483,1465977,506
113779521,48,38.8,520,40375,0.804,1,2,1466534,1466014,520
113782441,24.8,37.36,502,40427,0.8088,1,2,1466553,1466051,502
113785361,32.16,28.272,510,40479,0.72976,1,1,1466587,1466077,510
113788281,45.632,36.8544,520,40531,0.761952,1,2,1466636,1466116,520
113791201,31.5264,38.5709,509,40583,0.67239,1,1,1466664,1466155,509
113794121,32.7053,33.3142,510,40635,0.702478,1,1,1466697,1466187,510
113797041,40.1411,31.4628,521,40687,0.660496,1,1,1466739,1466218,521
113799961,40.0282,43.0926,515,40739,0.604099,1,1,1466779,1466264,515
113802881,25.6056,45.4185,491,40791,0.62482,1,1,1466801,1466310,491
113805801,33.9211,27.4837,504,40843,0.596964,0.87,1,1466837,1466333,504
113808721,35.5842,35.0967,503,40895,0.607393,0.87,1,1466873,1466370,503
113811641,42.3168,35.0193,512,40947,0.609479,0.9,1,1466917,1466405,512
113814561,33.2634,42.2039,499,40999,0.593896,0.85,1,1466948,1466449,499
113817481,44.2527,35.6408,512,41050,0.606779,0.79,1,1466995,1466483,512
113820401,23.2505,47.9282,479,41101,0.641356,0.81,1,1467013,1466534,479
113823321,27.8501,24.7856,489,41152,0.680271,0.71,1,1467042,1466553,489
113826241,45.57,32.1571,505,41203,0.624054,0.77,1,1467092,1466587,505
113829161,31.514,45.6314,484,41254,0.612811,0.65,1,1467120,1466636,484
113832081,32.7028,31.5263,489,41305,0.658562,0.71,1,1467153,1466664,489
113835001,37.7406,32.7053,495,41356,0.715712,0.65,1,1467192,1466697,495
113837921,40.3481,40.1411,494,41407,0.727143,0.59,1,1467233,1466739,494
113840841,20.8696,40.0282,470,41458,0.729428,0.63,1,1467249,1466779,470
113843761,33.7739,25.6056,485,41509,0.745886,0.59,1,1467286,1466801,485
113846681,8.35478,33.9211,451,41560,0.765177,0.61,2,1467288,1466837,451
113849601,31.271,35.5842,452,41611,0.801035,0.61,2,1467325,1466873,452
113852521,39.8542,42.3168,450,41662,0.776207,0.59,2,1467367,1466917,450
113855441,33.5708,33.2634,451,41713,0.819241,0.61,2,1467399,1466948,451
113858361,46.7142,44.2527,454,41764,0.875848,0.65,2,1467449,1466995,454
113861281,23.7428,23.2505,454,41815,0.85517,0.69,2,1467467,1467013,454
113864201,29.5486,27.8501,456,41865,0.867034,0.61,2,1467498,1467042,456
113867121,44.3097,45.57,454,41915,0.901407,0.61,2,1467546,1467092,454
113870041,30.4619,31.514,453,41965,0.892281,0.67,2,1467573,1467120,453
113872961,35.6924,32.7028,457,42015,0.922456,0.73,2,1467610,1467153,457
113875881,39.1385,37.7406,458,42065,0.928491,0.73,2,1467650,1467192,458
114021881,2,29,487,44505,0.97,1,2,1469288,1468801,487
114261321,9,36,483,48235,0.85,0.94,2,1471878,1471395,483
114264241,21.8,27.2,483,48279,0.834,1,2,1471903,1471420,483
114267161,43.56,49.44,477,48323,0.8628,1,2,1471952,1471475,477
114270081,39.112,37.888,480,48367,0.80456,1,2,1471990,1471510,480
114273001,40.6224,40.3776,480,48411,0.840912,1,2,1472031,1471551,480
114275921,36.9245,39.2755,477,48455,0.816182,1,2,1472067,1471590,477
114278841,34.5849,37.4551,474,48498,0.811237,0.99,2,1472101,1471627,474
114281761,26.117,28.291,472,48541,0.842247,0.99,2,1472125,1471653,472
114284681,42.0234,44.8582,469,48584,0.864449,0.96,2,1472171,1471702,469
114287601,38.8047,39.3716,469,48627,0.93289,1,2,1472209,1471740,469
114290521,26.1609,29.4743,465,48670,0.930578,0.87,2,1472232,1471767,465
114293441,20.4322,21.0949,465,48713,0.946116,0.93,2,1472251,1471786,465
114296361,8.08644,8.21897,465,48756,0.933223,0.95,2,1472256,1471791,465
114562081,65,54,474,24090,0.17,0.96,1,1475062,1474588,474
114565001,57.8,37.2,497,24178,0.122,0.71,1,1475118,1474621,497
114567921,70.76,65.04,499,24266,0.0804,0.39,1,1475192,1474693,499
114570841,56.552,86.608,460,24353,0.04008,0.15,1,1475245,1474785,460
114573761,51.3104,71.7216,442,24440,0.016016,0.03,1,1475295,1474853,442
114576681,41.4621,44.7443,443,24527,0.0272032,0.13,1,1475334,1474891,443
114579601,22.6924,33.7489,430,24613,0.0134406,0.01,1,1475352,1474922,430
114582521,41.3385,32.3498,444,24699,0.0426881,0.07,1,1475398,1474954,444
114585441,83.4677,40.87,495,24785,0.0485376,0.11,1,1475492,1474997,495
114588361,59.8935,104.974,428,24871,0.145708,0.07,1,1475546,1475118,428
114591281,67.1787,80.1948,423,24956,0.197142,0.03,1,1475615,1475192,423
114594201,55.8357,58.439,423,25041,0.175428,0.01,1,1475668,1475245,423
114597121,51.1671,51.6878,423,25126,0.123086,0.03,1,1475718,1475295,423
114600041,42.2334,41.5376,424,25210,0.0486171,0.01,1,1475758,1475334,424
114602961,22.0467,22.7075,423,25294,0.0337234,0.05,1,1475775,1475352,423
114605881,41.2093,41.3415,423,25378,0.0467447,0.05,1,1475821,1475398,423
114608801,84.2419,83.4683,424,25461,0.113349,0.05,1,1475916,1475492,424
114611721,62.4484,16.6937,481,25544,0.11067,0.17,1,1475973,1475492,481
114614641,70.0897,46.5387,499,25627,0.142134,0.21,1,1476045,1475546,499
114617561,54.0179,64.5077,480,25710,0.180427,0.17,1,1476095,1475615,480
114620481,50.0036,55.3016,476,25792,0.236085,0.11,1,1476144,1475668,476
114623401,38.0007,51.0603,461,25874,0.199217,0.03,1,1476179,1475718,461
114626321,21.2001,42.2121,438,25956,0.191843,0.03,1,1476196,1475758,438
114629241,42.64,22.0424,469,26038,0.0623687,0.05,1,1476244,1475775,469
114632161,86.128,41.2085,520,26119,0.0364737,0.13,1,1476341,1475821,520
114635081,63.6256,84.2417,483,26200,0.0792947,0.11,1,1476399,1475916,483
114638001,73.5251,62.4483,502,26281,0.167859,0.15,1,1476475,1475973,502
114640921,54.705,70.0897,480,26362,0.201572,0.19,1,1476525,1476045,480
114643841,52.541,54.0179,482,26442,0.208314,0.25,1,1476577,1476095,482
114646761,36.1082,50.0036,465,26522,0.225663,0.19,1,1476609,1476144,465
114649681,20.8216,38.0007,447,26602,0.245133,0.19,1,1476626,1476179,447
114652601,36.1643,21.2001,470,26682,0.217027,0.03,1,1476666,1476196,470
114655521,84.8329,42.64,519,26761,0.195405,0.03,1,1476763,1476244,519
114658441,65.7666,86.128,483,26840,0.175081,0.09,1,1476824,1476341,483
114661361,14.7533,63.6256,427,26919,0.171016,0.19,1,1476826,1476399,427
114664281,66.9507,73.5251,431,26998,0.186203,0.21,1,1476906,1476475,431
114667201,54.1901,54.705,432,27076,0.253241,0.21,1,1476957,1476525,432
114670121,53.238,52.541,433,27154,0.266648,0.23,1,1477010,1476577,433
114673041,36.2476,36.1082,433,27232,0.26933,0.25,1,1477042,1476609,433
114675961,21.6495,20.8216,434,27310,0.269866,0.21,1,1477060,1476626,434
114678881,34.7299,36.1643,432,27388,0.285973,0.19,1,1477098,1476666,432
114681801,83.746,84.8329,431,27465,0.289195,0.17,1,1477194,1476763,431
114684721,64.7492,65.7666,430,27542,0.305839,0.17,1,1477254,1476824,430
114687641,14.5498,14.7533,430,27619,0.309168,0.19,1,1477256,1476826,430
114690561,67.71,66.9507,431,27696,0.389834,0.27,1,1477337,1476906,431
114693481,55.942,54.1901,433,27772,0.485967,0.27,1,1477390,1476957,433
114696401,53.5884,53.238,433,27848,0.473193,0.27,1,1477443,1477010,433
114699321,36.3177,36.2476,433,27924,0.518639,0.27,1,1477475,1477042,433
114702241,22.4635,21.6495,434,28000,0.527728,0.29,1,1477494,1477060,434
114705161,34.8927,34.7299,434,28076,0.529546,0.29,1,1477532,1477098,434
114708081,85.3785,83.746,436,28151,0.545909,0.31,1,1477630,1477194,436
114711001,65.8757,64.7492,437,28226,0.581182,0.31,1,1477691,1477254,437
114713921,14.7751,14.5498,437,28301,0.588236,0.41,1,1477693,1477256,437
114716841,71.755,67.71,442,28376,0.589647,0.41,1,1477779,1477337,442
114719761,58.351,13.542,497,28451,0.605929,0.51,1,1477834,1477337,497
114722681,54.8702,45.1084,498,28525,0.641186,0.47,1,1477888,1477390,498
114725601,37.374,51.4217,478,28599,0.664237,0.53,1,1477921,1477443,478
114728521,23.4748,35.8843,466,28673,0.700847,0.53,1,1477941,1477475,466
114731441,35.095,22.3769,485,28747,0.724169,0.53,1,1477979,1477494,485
114734361,86.219,34.8754,546,28821,0.744834,0.55,1,1478078,1477532,546
114737281,66.0438,85.3751,509,28894,0.780967,0.59,2,1478139,1477630,509
114740201,14.8088,65.875,450,28967,0.788193,0.59,2,1478141,1477691,450
114743121,71.7618,14.775,534,29040,0.821639,0.59,2,1478227,1477693,534
114746041,60.7524,71.755,506,29113,0.812328,0.61,2,1478285,1477779,506
114748961,58.5505,58.351,509,29186,0.858465,0.65,2,1478343,1477834,509
114751881,38.9101,54.8702,489,29259,0.915693,0.67,2,1478377,1477888,489
114754801,24.582,37.374,477,29331,0.911139,0.71,2,1478398,1477921,477
114883281,117,175,519,14175,0.41,1,1,1480748,1480229,519
114886201,86.6,99,518,14325,0.298,1,1,1480827,1480309,518
114889121,67.72,69.4,519,14473,0.1796,0.96,1,1480890,1480371,519
114892041,170.344,74.68,639,14620,0.09192,0.69,1,1481086,1480447,639
114894961,111.669,162.136,552,14765,0.106384,0.41,1,1481183,1480631,552
114897881,83.1338,126.027,511,14909,0.157277,0.27,1,1481259,1480748,511
114900801,63.8268,88.4054,491,15051,0.199455,0.15,1,1481318,1480827,491
114903721,14.3653,68.0811,430,15192,0.207891,0.07,1,1481320,1480890,430
114906641,157.273,170.416,427,15332,0.305578,0.11,1,1481513,1481086,427
114909561,109.055,111.683,427,15471,0.405116,0.17,1,1481610,1481183,427
114912481,85.0109,83.1366,430,15608,0.409023,0.21,1,1481689,1481259,430
114915401,65.8022,63.8273,432,15744,0.441805,0.21,1,1481750,1481318,432
114918321,14.7604,14.3655,432,15879,0.448361,0.33,1,1481752,1481320,432
114921241,162.152,157.273,438,16013,0.561672,0.43,1,1481951,1481513,438
114924161,112.43,109.055,441,16146,0.616334,0.41,1,1482051,1481610,441
114927081,84.8861,85.0109,440,16278,0.675267,0.45,1,1482129,1481689,440
114930001,68.9772,65.8022,444,16408,0.687053,0.45,1,1482194,1481750,444
114932921,15.3954,14.7604,444,16537,0.689411,0.59,1,1482196,1481752,444
114935841,167.879,162.152,451,16665,0.721882,0.59,1,1482402,1481951,451
114938761,114.376,32.4304,552,16792,0.712376,0.63,1,1482503,1481951,552
114941681,86.0752,86.4861,531,16918,0.694475,0.69,1,1482582,1482051,531
114944601,71.615,79.6972,521,17043,0.738895,0.69,1,1482650,1482129,521
114947521,15.923,67.9394,458,17168,0.747779,0.69,1,1482652,1482194,458
114948981,163.985,15.1879,657,17292,0.797556,0.73,2,1482853,1482196,657
114951901,36.7969,167.838,456,17415,0.823511,0.71,2,1482858,1482402,456
114954821,88.9594,114.368,457,17537,0.892702,0.69,2,1482960,1482503,457
114957741,80.1919,86.0735,456,17658,0.90654,0.75,2,1483038,1482582,456
115027821,64,84,537,20345,0.59,1,1,1484927,1484390,537
115030741,84,79.2,548,20449,0.446,0.97,1,1485016,1484468,548
115033661,37.6,66.24,511,20553,0.4332,1,1,1485042,1484531,511
115036581,141.12,39.648,645,20656,0.22264,0.92,1,1485209,1484564,645
115039501,65.824,147.13,518,20759,0.132528,0.91,1,1485256,1484738,518
115042421,61.1648,72.6259,524,20861,0.146506,0.77,1,1485316,1484792,524
115045341,64.233,71.3252,518,20963,0.165301,0.59,1,1485381,1484863,518
115048261,14.4466,65.465,456,21064,0.13706,0.41,1,1485383,1484927,456
115051181,59.6893,84.293,438,21165,0.211412,0.43,1,1485454,1485016,438
115054101,32.7379,37.6586,438,21265,0.226282,0.17,1,1485480,1485042,438
115057021,131.348,141.132,427,21365,0.261256,0.11,1,1485636,1485209,427
115059941,59.8695,65.8263,422,21464,0.300251,0.15,1,1485678,1485256,422
115062861,63.9739,61.1653,427,21563,0.38805,0.17,1,1485743,1485316,427
115065781,67.9948,64.2331,431,21661,0.43761,0.13,1,1485812,1485381,431
115068701,15.199,14.4466,431,21759,0.447522,0.23,1,1485814,1485383,431
115071621,59.8398,59.6893,431,21856,0.465504,0.23,1,1485885,1485454,431
115074541,34.368,32.7379,433,21953,0.485101,0.27,1,1485913,1485480,433
115077461,134.074,131.348,436,22050,0.53702,0.31,1,1486072,1485636,436
115080381,61.2147,59.8695,437,22146,0.547404,0.41,1,1486115,1485678,437
115083301,66.6429,63.9739,440,22242,0.581481,0.45,1,1486183,1485743,440
115086221,72.5286,67.9948,445,22337,0.620296,0.45,1,1486257,1485812,445
115089141,16.1057,15.199,445,22432,0.628059,0.47,1,1486259,1485814,445
115092061,60.0211,59.8398,445,22527,0.613612,0.47,1,1486330,1485885,445
115094981,34.4042,11.968,473,22621,0.594722,0.49,1,1486358,1485885,473
115097901,134.881,24.7936,605,22715,0.622944,0.55,1,1486518,1485913,605
115100821,62.9762,132.159,491,22808,0.644589,0.55,1,1486563,1486072,491
115103741,68.5952,60.8317,518,22901,0.680918,0.59,1,1486633,1486115,518
115106661,72.919,66.5663,524,22994,0.688184,0.63,1,1486707,1486183,524
115109581,16.1838,72.5133,452,23086,0.689637,0.63,1,1486709,1486257,452
115112501,59.2368,16.1027,520,23178,0.721927,0.61,1,1486779,1486259,520
115115421,35.0474,60.0205,478,23269,0.728385,0.59,1,1486808,1486330,478
115118341,136.609,34.4041,612,23360,0.777677,0.63,2,1486970,1486358,612
115121261,64.1219,134.881,498,23451,0.787535,0.65,2,1487016,1486518,498
115124181,70.4244,62.9762,525,23541,0.805507,0.69,2,1487088,1486563,525
115127101,73.2849,68.5952,529,23631,0.825101,0.69,2,1487162,1486633,529
115130021,16.257,72.919,457,23721,0.82902,0.69,2,1487164,1486707,457
115132941,61.6514,16.1838,528,23810,0.909804,0.73,2,1487237,1486709,528
115316901,47,111,527,28882,0.83,1,2,1490805,1490278,527
115319821,74.2,70.2,548,28955,0.606,1,1,1490886,1490338,548
115322741,29.24,66.04,501,29028,0.5132,1,1,1490904,1490403,501
115325661,33.048,40.408,501,29101,0.43064,1,1,1490938,1490437,501
115328581,45.8096,35.2816,516,29174,0.334128,1,1,1490987,1490471,516
115331501,41.1619,35.0563,521,29247,0.154826,1,1,1491027,1490506,521
115334421,56.2324,52.6113,524,29319,0.0549651,1,1,1491087,1490563,524
115337341,39.2465,47.3223,513,29391,0.018993,0.94,1,1491122,1490609,513
115340261,85.4493,42.2644,569,29463,0.0597986,0.75,1,1491219,1490650,569
115343181,52.2899,94.8529,505,29535,0.11596,0.83,1,1491263,1490758,505
115346101,64.858,56.5706,526,29607,0.159192,0.55,1,1491331,1490805,526
115349021,27.3716,76.1141,463,29678,0.167838,0.49,1,1491349,1490886,463
115351941,27.8743,29.6228,473,29749,0.137568,0.41,1,1491377,1490904,473
115354861,36.7749,33.1246,478,29820,0.211514,0.31,1,1491416,1490938,478
115357781,8.95497,45.8249,431,29891,0.226303,0.11,1,1491418,1490987,431
115360701,32.191,41.165,429,29962,0.197261,0.03,1,1491456,1491027,429
115363621,48.8382,56.233,422,30033,0.191452,0.01,1,1491509,1491087,422
115366541,39.3676,39.2466,424,30103,0.15829,0.07,1,1491546,1491122,424
115369461,85.4735,85.4493,424,30173,0.167658,0.13,1,1491643,1491219,424
115372381,55.4947,52.2899,428,30243,0.169532,0.17,1,1491691,1491263,428
115375301,67.0989,64.858,430,30313,0.233906,0.17,1,1491761,1491331,430
115378221,27.8198,27.3716,430,30383,0.214781,0.13,1,1491779,1491349,430
115381141,26.364,27.8743,428,30453,0.242956,0.23,1,1491805,1491377,428
115384061,38.8728,36.7749,431,30522,0.216591,0.23,1,1491847,1491416,431
115386981,9.37456,8.95497,431,30591,0.243318,0.19,1,1491849,1491418,431
115389901,32.2749,32.191,431,30660,0.232664,0.19,1,1491887,1491456,431
115392821,47.255,48.8382,429,30729,0.278533,0.15,1,1491938,1491509,429
115395741,39.851,39.3676,430,30798,0.303707,0.17,1,1491976,1491546,430
115398661,83.9702,85.4735,428,30867,0.292741,0.17,1,1492071,1491643,428
115401581,56.794,55.4947,430,30936,0.322548,0.25,1,1492121,1491691,430
115404501,68.9588,67.0989,432,31004,0.31251,0.21,1,1492193,1491761,432
115407421,28.1918,27.8198,432,31072,0.310502,0.25,1,1492211,1491779,432
115410341,26.4384,26.364,432,31140,0.3421,0.21,1,1492237,1491805,432
115413261,38.8877,38.8728,432,31208,0.33242,0.25,1,1492279,1491847,432
115416181,9.37753,9.37456,432,31276,0.330484,0.25,1,1492281,1491849,432
115419101,32.2755,1.87491,470,31344,0.346097,0.23,1,1492319,1491849,470
115422021,48.8551,30.775,485,31412,0.333219,0.29,1,1492372,1491887,485
115424941,40.971,46.955,473,31479,0.330644,0.31,1,1492411,1491938,473
115427861,84.1942,39.791,530,31546,0.442129,0.29,1,1492506,1491976,530
115430781,56.8388,83.9582,485,31613,0.464426,0.33,1,1492556,1492071,485
115433701,69.7678,56.7916,508,31680,0.516885,0.31,1,1492629,1492121,508
115436621,28.3536,68.9583,454,31747,0.527377,0.31,1,1492647,1492193,454
115439541,26.4707,28.1917,462,31814,0.561475,0.35,1,1492673,1492211,462
115442461,39.6941,26.4383,479,31881,0.584295,0.33,1,1492716,1492237,479
115445381,9.53883,38.8877,439,31947,0.588859,0.33,1,1492718,1492279,439
115448301,33.1078,9.37753,476,32013,0.573772,0.35,1,1492757,1492281,476
115451221,48.2216,32.2755,490,32079,0.570754,0.33,1,1492809,1492319,490
115454141,42.4443,48.8551,478,32145,0.570151,0.33,1,1492850,1492372,478
115457061,88.4889,40.971,539,32211,0.60203,0.47,1,1492950,1492411,539
115459981,57.6978,84.1942,494,32277,0.624406,0.47,1,1493000,1492506,494
115462901,72.3396,56.8388,520,32343,0.708881,0.53,1,1493076,1492556,520
115465821,29.6679,69.7678,466,32408,0.757776,0.53,2,1493095,1492629,466
115468741,27.5336,28.3536,475,32473,0.751555,0.57,2,1493122,1492647,475
115471661,40.7067,26.4707,493,32538,0.766311,0.59,2,1493166,1492673,493
115474581,9.74134,39.6941,452,32603,0.769262,0.59,2,1493168,1492716,452
115477501,32.3483,9.53883,488,32668,0.785852,0.57,2,1493206,1492718,488
115480421,48.0697,33.1078,501,32733,0.805171,0.57,2,1493258,1492757,501
115483341,11.2139,48.2216,451,32798,0.809034,0.57,2,1493260,1492809,451
115486261,34.2428,42.4443,450,32862,0.809807,0.61,2,1493300,1492850,450
115489181,88.4486,88.4889,452,32926,0.857961,0.63,2,1493402,1492950,452
115492101,58.4897,57.6978,453,32990,0.835592,0.73,2,1493453,1493000,453
115495021,76.4979,72.3396,458,33054,0.911118,0.77,2,1493534,1493076,458
115497941,32.0996,29.6679,460,33118,0.926224,0.75,2,1493555,1493095,460
115641021,28,24,507,36115,0.81,1,2,1495595,1495088,507
115643941,24.8,32,497,36174,0.714,1,1,1495619,1495122,497
115646861,29.76,32.8,495,36232,0.6948,1,1,1495650,1495155,495
115649781,33.152,34.56,494,36290,0.69096,1,1,1495684,1495190,494
115652701,82.6304,85.312,491,36348,0.562192,1,1,1495779,1495288,491
115655621,39.7261,47.4624,482,36406,0.552438,1,1,1495808,1495326,482
115658541,29.5452,35.0925,477,36464,0.518488,1,1,1495835,1495358,477
115661461,62.709,67.0185,473,36522,0.527698,0.97,1,1495906,1495433,473
115664381,37.3418,39.8037,471,36580,0.545539,0.91,1,1495937,1495466,471
115667301,25.8684,29.5607,467,36638,0.501108,0.83,1,1495960,1495493,467
115670221,34.7737,37.1121,465,36696,0.444222,0.85,1,1495997,1495532,465
115673141,31.7547,35.4224,461,36754,0.448844,0.81,1,1496028,1495567,461
115676061,27.1509,29.4845,459,36811,0.417769,0.69,1,1496054,1495595,459
115678981,27.0302,25.0969,462,36868,0.395554,0.69,1,1496081,1495619,462
115681901,26.206,29.8194,457,36925,0.407111,0.69,1,1496107,1495650,457
115684821,28.4412,33.1639,452,36982,0.393422,0.53,1,1496136,1495684,452
115687741,80.0882,82.6328,450,37039,0.438684,0.55,1,1496229,1495779,450
115690661,36.8176,39.7266,447,37096,0.463737,0.51,1,1496255,1495808,447
115693581,28.9635,29.5453,447,37153,0.452747,0.51,1,1496282,1495835,447
115696501,61.7927,5.90906,517,37210,0.466549,0.53,1,1496352,1495835,517
115699421,35.5585,57.9818,475,37267,0.48531,0.55,1,1496381,1495906,475
115702341,25.5117,36.3964,467,37324,0.505062,0.49,1,1496404,1495937,467
115705261,34.7023,25.6793,481,37381,0.509012,0.43,1,1496441,1495960,481
115708181,30.9405,34.7359,474,37438,0.525802,0.45,1,1496471,1495997,474
115711101,24.5881,31.7472,466,37494,0.51316,0.41,1,1496494,1496028,466
115714021,24.9176,27.1494,465,37550,0.526632,0.39,1,1496519,1496054,465
115716941,25.7835,27.0299,464,37606,0.593326,0.41,1,1496545,1496081,464
115719861,29.1567,26.206,468,37662,0.606665,0.39,1,1496575,1496107,468
115722781,83.4313,28.4412,536,37718,0.625333,0.45,1,1496672,1496136,536
115725701,38.2863,80.0882,470,37774,0.613067,0.47,1,1496699,1496229,470
115728621,28.4573,36.8176,470,37830,0.610613,0.45,1,1496725,1496255,470
115731541,62.4914,28.9635,514,37886,0.642123,0.47,1,1496796,1496282,514
115734461,36.4983,61.7927,474,37942,0.664425,0.49,1,1496826,1496352,474
115737381,24.8997,35.5585,467,37998,0.684885,0.51,1,1496848,1496381,467
115740301,36.9799,25.5117,484,38054,0.688977,0.51,1,1496888,1496404,484
115743221,31.396,34.7023,477,38110,0.689795,0.53,1,1496918,1496441,477
115746141,25.4792,30.9405,471,38165,0.689959,0.51,1,1496942,1496471,471
115749061,24.2958,24.5881,472,38220,0.689992,0.53,1,1496966,1496494,472
115751981,27.2592,24.9176,475,38275,0.689998,0.61,1,1496994,1496519,475
115754901,31.0518,25.7835,481,38330,0.754,0.61,2,1497026,1496545,481
115757821,84.6104,29.1567,549,38385,0.8148,0.63,2,1497124,1496575,549
115760741,37.7221,83.4313,478,38440,0.84296,0.61,2,1497150,1496672,478
115763661,28.3444,38.2863,477,38495,0.864592,0.61,2,1497176,1496699,477
115766581,64.0689,28.4573,524,38550,0.916918,0.65,2,1497249,1496725,524
115769501,37.6138,62.4914,484,38605,0.943384,0.67,2,1497280,1496796,484
115772421,9.12276,36.4983,456,38660,0.948677,0.69,2,1497282,1496826,456
115984121,87,115,478,19203,0.31,0.47,1,1500006,1499528,478
115987041,120.6,91,522,19314,0.278,0.43,1,1500135,1499613,522
115989961,70.52,106.2,470,19424,0.3036,0.37,1,1500193,1499723,470
115992881,50.904,61.24,466,19533,0.29272,0.39,1,1500239,1499773,466
115995801,23.7808,41.848,446,19642,0.290544,0.29,1,1500256,1499810,446
115998721,83.1562,27.5696,520,19750,0.306109,0.27,1,1500354,1499834,520
116001641,86.2312,73.5139,522,19857,0.389222,0.31,1,1500441,1499919,522
116004561,121.246,84.3028,565,19964,0.421844,0.27,1,1500571,1500006,565
116007481,70.6492,120.061,494,20070,0.428369,0.31,1,1500629,1500135,494
116010401,50.9298,70.4121,482,20176,0.461674,0.29,1,1500675,1500193,482
116013321,22.986,50.8824,452,20281,0.452335,0.29,1,1500691,1500239,452
116016241,86.1972,23.7765,537,20386,0.450467,0.31,1,1500793,1500256,537
116019161,88.4394,83.1553,528,20490,0.546093,0.41,1,1500882,1500354,528
116022081,122.488,86.2311,572,20594,0.661219,0.43,1,1501013,1500441,572
116025001,70.8976,121.246,500,20697,0.700244,0.43,1,1501071,1500571,500
116027921,51.7795,70.6492,489,20799,0.708049,0.47,1,1501118,1500629,489
116030841,23.1559,50.9298,459,20901,0.70961,0.45,1,1501134,1500675,459
116033761,87.8312,22.986,547,21002,0.741922,0.45,1,1501238,1500691,547
116036681,19.1662,86.1972,447,21103,0.764384,0.57,2,1501240,1500793,447
116039601,77.4332,88.4394,450,21204,0.800877,0.69,2,1501332,1500882,450
116042521,125.887,122.488,457,21304,0.840175,0.71,2,1501470,1501013,457
116045441,71.5773,70.8976,457,21404,0.880035,0.71,2,1501528,1501071,457
116048361,51.9155,51.7795,457,21503,0.920007,0.71,2,1501575,1501118,457
116051281,23.1831,23.1559,457,21602,0.928001,0.75,2,1501591,1501134,457
116156401,40,38,487,24892,0.47,1,1,1503960,1503473,487
116159321,35.2,32.4,490,24977,0.39,1,1,1503994,1503504,490
116162241,70.24,74.48,484,25062,0.182,1,1,1504073,1503589,484
116165161,46.848,46.896,485,25147,0.0604,1,1,1504114,1503629,485
116168081,73.3696,66.9792,493,25231,0.05208,1,1,1504194,1503701,493
116171001,100.274,116.596,471,25315,0.034416,0.8,1,1504301,1503830,471
116173921,50.4548,61.7192,461,25399,0.0148832,0.67,1,1504339,1503878,461
116176841,38.091,45.9438,454,25482,0.0269766,0.67,1,1504374,1503920,454
116179761,32.4182,9.18877,485,25565,0.0453953,0.47,1,1504405,1503920,485
116182681,28.0836,33.8378,472,25648,0.0330791,0.37,1,1504432,1503960,472
116185601,55.2167,33.9676,500,25731,0.0146158,0.13,1,1504494,1503994,500
116188521,43.8433,69.9935,462,25813,0.0109232,0.03,1,1504535,1504073,462
116191441,74.3687,46.7987,503,25895,0.0421846,0.05,1,1504617,1504114,503
116194361,98.8737,73.3597,528,25977,0.0644369,0.03,1,1504722,1504194,528
116197281,50.1747,100.272,459,26059,0.0528874,0.01,1,1504760,1504301,459
116200201,39.6349,50.4544,458,26140,0.0505775,0.03,1,1504797,1504339,458
116203121,31.127,38.0909,452,26221,0.114115,0.05,1,1504826,1504374,452
116206041,31.0254,32.4182,452,26302,0.0308231,0.03,1,1504857,1504405,452
116208961,52.6051,28.0836,483,26383,0.126165,0.01,1,1504915,1504432,483
116211881,43.321,55.2167,462,26463,0.0332329,0.01,1,1504956,1504494,462
116214801,74.2642,43.8433,503,26543,0.0306466,0.05,1,1505038,1504535,503
116217721,98.8528,74.3687,526,26623,0.0781293,0.07,1,1505143,1504617,526
116220641,51.7706,98.8737,461,26703,0.0396259,0.05,1,1505183,1504722,461
116223561,41.5541,50.1747,462,26782,0.0319252,0.05,1,1505222,1504760,462
116226481,31.5108,39.6349,454,26861,0.046385,0.13,1,1505251,1504797,454
116229401,7.90216,31.127,427,26940,0.049277,0.01,1,1505253,1504826,427
116232321,23.9804,31.0254,424,27019,0.0178554,0.15,1,1505281,1504857,424
116235241,56.7961,52.6051,431,27097,0.0435711,0.01,1,1505346,1504915,431
116238161,37.7592,43.321,423,27175,0.128714,0.03,1,1505379,1504956,423
116241081,73.1518,74.2642,423,27253,0.0337428,0.09,1,1505461,1505038,423
116244001,100.23,98.8528,425,27331,0.0467486,0.03,1,1505568,1505143,425
116246921,50.4461,51.7706,423,27408,0.0493497,0.03,1,1505606,1505183,423
116249841,41.2892,41.5541,423,27485,0.0178699,0.05,1,1505645,1505222,423
116252761,32.2578,31.5108,424,27562,0.059574,0.05,1,1505675,1505251,424
116255681,8.05157,7.90216,424,27639,0.0679148,0.01,1,1505677,1505253,424
116258601,22.4103,23.9804,422,27716,0.013583,0.05,1,1505703,1505281,422
116261521,59.6821,56.7961,426,27792,0.0107166,0.15,1,1505772,1505346,426
116264441,40.7364,37.7592,429,27868,0.00214332,0.01,1,1505808,1505379,429
116267361,68.1473,73.1518,422,27944,0.0244287,0.05,1,1505883,1505461,422
116270281,100.829,100.23,424,28020,0.0768857,0.05,1,1505992,1505568,424
116273201,50.5659,50.4461,424,28096,0.0713771,0.01,1,1506030,1505606,424
116276121,40.5132,41.2892,423,28171,0.0382754,0.07,1,1506068,1505645,423
116279041,32.1026,32.2578,423,28246,0.0156551,0.07,1,1506098,1505675,423
116281961,8.02053,8.05157,423,28321,0.043131,0,1,1506100,1505677,423
116284881,21.6041,22.4103,422,28396,0.0486262,0,1,1506125,1505703,422
116287801,58.7208,4.48206,490,28471,0.0337252,0.01,1,1506193,1505703,490
116290721,41.3442,56.0964,458,28545,0.00674505,0,1,1506230,1505772,458
116293641,68.2688,40.0193,497,28619,0.025349,0.03,1,1506305,1505808,497
116296561,101.654,68.0039,532,28693,0.0770698,0.09,1,1506415,1505883,532
116299481,51.5308,100.801,462,28767,0.103414,0.07,1,1506454,1505992,462
116302401,38.3061,50.5602,459,28841,0.0766828,0.03,1,1506489,1506030,459
116305321,31.6612,40.512,451,28914,0.0393366,0.01,1,1506519,1506068,451
116308241,7.93225,32.1024,423,28987,0.0318673,0.05,1,1506521,1506098,423
116311161,21.5864,8.02048,446,29060,0.0463735,0.05,1,1506546,1506100,446
116314081,58.7173,21.6041,489,29133,0.0492747,0.03,1,1506614,1506125,489
116317001,42.1435,58.7208,459,29206,0.0498549,0,1,1506652,1506193,459
116319921,67.6287,41.3442,496,29278,0.065971,0.03,1,1506726,1506230,496
116322841,105.526,68.2688,536,29350,0.0691942,0.09,1,1506841,1506305,536
116325761,52.3051,101.654,465,29422,0.0538388,0.11,1,1506880,1506415,465
116328681,35.261,51.5308,457,29494,0.0667678,0.07,1,1506911,1506454,457
116331601,31.0522,38.3061,452,29566,0.0693536,0.03,1,1506941,1506489,452
116334521,7.81044,31.6612,424,29638,0.0698707,0.03,1,1506943,1506519,424
116337441,22.3621,7.93225,448,29709,0.101974,0.05,1,1506969,1506521,448
116340361,57.2724,21.5864,489,29780,0.108395,0.05,1,1507035,1506546,489
116343281,13.0545,58.7173,423,29851,0.109679,0.05,1,1507037,1506614,423
116346201,32.2109,42.1435,422,29922,0.125936,0.07,1,1507074,1506652,422
116349121,69.6422,67.6287,427,29993,0.145187,0.07,1,1507153,1506726,427
116352041,104.328,105.526,425,30064,0.165037,0.05,1,1507266,1506841,425
116354961,51.2657,52.3051,424,30134,0.169007,0.07,1,1507304,1506880,424
116357881,35.8531,35.261,425,30204,0.185801,0.07,1,1507336,1506911,425
116360801,31.1706,31.0522,425,30274,0.26916,0.07,1,1507366,1506941,425
116363721,7.83413,7.81044,425,30344,0.285832,0.11,1,1507368,1506943,425
116366641,23.9668,22.3621,427,30414,0.257166,0.11,1,1507396,1506969,427
116369561,57.5934,57.2724,427,30484,0.251433,0.11,1,1507462,1507035,427
116372481,13.1187,13.0545,427,30553,0.250287,0.13,1,1507464,1507037,427
116375401,31.4237,32.2109,426,30622,0.250057,0.15,1,1507500,1507074,426
116378321,72.6847,69.6422,430,30691,0.234011,0.17,1,1507583,1507153,430
116381241,104.937,104.328,430,30760,0.230802,0.17,1,1507696,1507266,430
116384161,52.1874,51.2657,431,30829,0.21416,0.19,1,1507735,1507304,431
116387081,36.8375,35.8531,432,30898,0.242832,0.29,1,1507768,1507336,432
116390001,32.9675,31.1706,434,30966,0.248566,0.29,1,1507800,1507366,434
116392921,8.1935,7.83413,434,31034,0.281713,0.25,1,1507802,1507368,434
116395841,24.0387,23.9668,434,31102,0.304343,0.25,1,1507830,1507396,434
116398761,57.6077,57.5934,434,31170,0.308869,0.25,1,1507896,1507462,434
116401681,13.1215,13.1187,434,31238,0.309774,0.25,1,1507898,1507464,434
116404601,32.2243,31.4237,435,31306,0.293955,0.25,1,1507935,1507500,435
116407521,68.8449,6.28475,513,31374,0.274791,0.23,1,1508013,1507500,513
116410441,104.169,67.657,543,31441,0.302958,0.23,1,1508126,1507583,543
116413361,53.6338,103.931,471,31508,0.324592,0.21,1,1508167,1507696,471
116416281,37.9268,51.9863,466,31575,0.360918,0.25,1,1508201,1507735,466
116419201,33.1854,36.7973,465,31642,0.400184,0.25,1,1508233,1507768,465
116422121,8.23707,32.9595,435,31709,0.408037,0.29,1,1508235,1507800,435
116425041,24.8474,8.19189,462,31776,0.393607,0.31,1,1508264,1507802,462
116427961,57.7695,24.0384,500,31843,0.438721,0.31,1,1508330,1507830,500
116430881,13.1539,57.6077,436,31909,0.447744,0.31,1,1508332,1507896,436
116433801,31.4308,13.1215,470,31975,0.449549,0.29,1,1508368,1507898,470
116436721,69.4862,32.2243,512,32041,0.46591,0.27,1,1508447,1507935,512
116439641,105.897,68.8449,549,32107,0.565182,0.31,1,1508562,1508013,549
116442561,54.7794,104.169,478,32173,0.633036,0.33,1,1508604,1508126,478
116445481,39.7559,53.6338,473,32239,0.678607,0.37,1,1508640,1508167,473
116448401,35.1512,37.9268,473,32305,0.719721,0.41,1,1508674,1508201,473
116451321,8.63024,33.1854,443,32370,0.727944,0.41,1,1508676,1508233,443
116454241,24.126,8.23707,469,32435,0.729589,0.39,1,1508704,1508235,469
116457161,60.0252,24.8474,509,32500,0.713918,0.45,1,1508773,1508264,509
116460081,13.605,57.7695,445,32565,0.710784,0.45,1,1508775,1508330,445
116463001,31.521,13.1539,479,32630,0.726157,0.45,1,1508811,1508332,479
116465921,70.3042,31.4308,523,32695,0.745231,0.47,1,1508891,1508368,523
116468841,110.861,69.4862,565,32760,0.829046,0.59,2,1509012,1508447,565
116471761,23.7722,105.897,452,32825,0.861809,0.65,2,1509014,1508562,452
116474681,40.7544,54.7794,455,32889,0.916362,0.69,2,1509059,1508604,455
116477601,37.7509,39.7559,456,32953,0.911272,0.73,2,1509096,1508640,456
116638201,35,32,493,36312,0.73,1,1,1511441,1510948,493
116641121,35,31.2,497,36370,0.666,1,1,1511476,1510979,497
116644041,36.6,27.84,507,36428,0.6052,1,1,1511513,1511006,507
116646961,32.12,30.368,507,36486,0.54504,1,1,1511544,1511037,507
116649881,20.824,32.4736,492,36544,0.517008,1,1,1511562,1511070,492
116652801,31.3648,28.0947,499,36602,0.415402,1,1,1511596,1511097,499
116655721,31.873,34.4189,495,36660,0.39508,1,1,1511628,1511133,495
116658641,27.9746,31.6838,491,36718,0.343016,0.93,1,1511655,1511164,491
116661561,24.7949,31.1368,484,36776,0.300603,1,1,1511679,1511195,484
116664481,44.159,50.2274,478,36833,0.292121,0.89,1,1511728,1511250,478
116667401,100.032,108.445,469,36890,0.178424,0.79,1,1511842,1511373,469
116670321,43.2064,48.0891,465,36947,0.155685,0.73,1,1511871,1511406,465
116673241,31.0413,37.6178,458,37004,0.103137,0.65,1,1511899,1511441,458
116676161,27.0083,35.5236,449,37061,0.108627,0.59,1,1511925,1511476,449
116679081,33.4017,36.7047,447,37118,0.125725,0.53,1,1511960,1511513,447
116682001,29.8803,32.1409,445,37175,0.113145,0.53,1,1511989,1511544,445
116684921,18.7761,6.42819,461,37232,0.078629,0.51,1,1512005,1511544,461
116687841,30.9552,15.6856,477,37289,0.103726,0.39,1,1512039,1511562,477
116690761,28.591,30.3371,471,37346,0.156745,0.39,1,1512067,1511596,471
116693681,27.3182,31.6674,466,37403,0.183349,0.33,1,1512094,1511628,466
116696601,21.4636,27.9335,459,37459,0.14067,0.29,1,1512114,1511655,459
116699521,41.8927,24.7867,482,37515,0.164134,0.29,1,1512161,1511679,482
116702441,94.7785,44.1573,541,37571,0.248827,0.15,1,1512269,1511728,541
116705361,41.3557,100.031,455,37627,0.233765,0.15,1,1512297,1511842,455
116708281,29.8711,43.2063,453,37683,0.246753,0.09,1,1512324,1511871,453
116711201,26.7742,31.0413,451,37739,0.249351,0.11,1,1512350,1511899,451
116714121,34.9548,27.0083,462,37795,0.28187,0.13,1,1512387,1511925,462
116717041,27.791,33.4017,453,37851,0.288374,0.11,1,1512413,1511960,453
116719961,19.1582,29.8803,441,37907,0.273675,0.07,1,1512430,1511989,441
116722881,32.6316,18.7761,461,37963,0.350735,0.11,1,1512466,1512005,461
116725801,28.9263,30.9552,455,38019,0.382147,0.17,1,1512494,1512039,455
116728721,28.9853,28.591,456,38075,0.404429,0.19,1,1512523,1512067,456
116731641,18.5971,27.3182,445,38130,0.408886,0.13,1,1512539,1512094,445
116734561,42.9194,21.4636,474,38185,0.457777,0.17,1,1512588,1512114,474
116737481,98.9839,41.8927,540,38240,0.499555,0.27,1,1512701,1512161,540
116740401,42.1968,94.7785,460,38295,0.523911,0.23,1,1512729,1512269,460
116743321,30.8394,41.3557,460,38350,0.528782,0.25,1,1512757,1512297,460
116746241,26.9679,29.8711,459,38405,0.529756,0.25,1,1512783,1512324,459
116749161,36.5936,26.7742,472,38460,0.513951,0.29,1,1512822,1512350,472
116752081,28.1187,34.9548,461,38515,0.52679,0.29,1,1512848,1512387,461
116755001,20.0237,27.791,453,38570,0.529358,0.27,1,1512866,1512413,453
116757921,5.60475,19.1582,438,38625,0.529872,0.37,1,1512868,1512430,438
116760841,32.321,32.6316,441,38680,0.561974,0.39,1,1512907,1512466,441
116763761,28.8642,28.9263,441,38735,0.584395,0.41,1,1512935,1512494,441
116766681,29.7728,28.9853,442,38790,0.620879,0.41,1,1512965,1512523,442
116769601,18.7546,18.5971,442,38844,0.628176,0.47,1,1512981,1512539,442
116772521,46.1509,42.9194,446,38898,0.645635,0.51,1,1513034,1512588,446
116775441,100.43,98.9839,447,38952,0.697127,0.53,1,1513148,1512701,447
116778361,43.286,42.1968,448,39006,0.707425,0.53,1,1513177,1512729,448
116781281,31.0572,30.8394,448,39060,0.709485,0.53,1,1513205,1512757,448
116784201,27.0114,26.9679,448,39114,0.741897,0.51,1,1513231,1512783,448
116787121,35.8023,36.5936,447,39168,0.748379,0.53,1,1513269,1512822,447
116790041,28.7605,28.1187,448,39222,0.701676,0.53,1,1513296,1512848,448
116792961,20.1521,20.0237,448,39276,0.692335,0.53,1,1513314,1512866,448
116795881,5.63042,5.60475,448,39330,0.690467,0.57,1,1513316,1512868,448
116798801,33.9261,32.321,450,39384,0.690093,0.59,1,1513357,1512907,450
116801721,29.9852,28.8642,451,39438,0.722019,0.63,1,1513386,1512935,451
116804641,29.997,29.7728,451,39492,0.712404,0.63,1,1513416,1512965,451
116807561,20.3994,18.7546,453,39545,0.710481,0.65,1,1513434,1512981,453
116810481,45.6799,46.1509,452,39598,0.710096,0.71,1,1513486,1513034,452
116813401,104.336,100.43,457,39651,0.758019,0.71,2,1513605,1513148,457
116816321,44.0672,43.286,457,39704,0.831604,0.71,2,1513634,1513177,457
116819241,31.2134,31.0572,457,39757,0.814321,0.75,2,1513662,1513205,457
116822161,27.0427,27.0114,457,39810,0.826864,0.75,2,1513688,1513231,457
116825081,35.8085,35.8023,457,39863,0.845373,0.69,2,1513726,1513269,457
116828001,27.9617,28.7605,456,39916,0.881075,0.69,2,1513752,1513296,456
116830921,19.9923,20.1521,456,39969,0.888215,0.69,2,1513770,1513314,456
116833841,5.59847,5.63042,456,40022,0.889643,0.69,2,1513772,1513316,456
116836761,33.9197,33.9261,456,40075,0.937929,0.69,2,1513813,1513357,456
116839681,29.9839,6.78522,485,40128,0.931586,0.73,2,1513842,1513357,485
116842601,29.9968,24.557,486,40181,0.898317,0.71,2,1513872,1513386,486
116845521,18.7994,28.9114,472,40234,0.891663,0.71,2,1513888,1513416,472
116848441,46.1599,20.1823,507,40286,0.938333,0.71,2,1513941,1513434,507
116851361,108.432,45.6365,579,40338,0.947667,0.77,2,1514065,1513486,579
117003201,9,17,499,42974,0.67,1,1,1515820,1515321,499
117006121,33,28.2,507,43023,0.67,1,1,1515859,1515352,507
117009041,33,5.64,540,43072,0.638,1,1,1515892,1515352,540
117011961,71.4,27.528,588,43121,0.4076,1,1,1515973,1515385,588
117014881,40.68,101.506,501,43170,0.29752,1,1,1516006,1515505,501
117017801,45.736,45.9011,516,43219,0.211504,1,1,1516053,1515537,516
117020721,33.9472,35.5802,514,43268,0.194301,1,1,1516084,1515570,514
117023641,31.5894,35.916,509,43317,0.23886,1,1,1516115,1515606,509
117026561,33.5179,36.7832,506,43366,0.231772,1,1,1516149,1515643,506
117029481,25.9036,32.9566,498,43415,0.230354,0.94,1,1516173,1515675,498
117032401,16.3807,27.3913,486,43464,0.246071,0.94,1,1516187,1515701,486
117035321,27.2761,19.8783,498,43513,0.297214,0.89,1,1516217,1515719,498
117038241,23.8552,32.7757,485,43561,0.227443,0.87,1,1516240,1515755,485
117041161,25.571,28.9551,483,43609,0.261489,0.81,1,1516266,1515783,483
117044081,12.3142,28.191,464,43657,0.284298,0.67,1,1516275,1515811,464
117047001,30.4628,12.8382,490,43705,0.30486,0.67,1,1516310,1515820,490
117049921,27.6926,33.7676,478,43753,0.292972,0.63,1,1516337,1515859,478
117052841,63.9385,33.1535,518,43801,0.338594,0.35,1,1516410,1515892,518
117055761,36.7877,71.4307,467,43849,0.347719,0.27,1,1516440,1515973,467
117058681,42.5575,40.6861,478,43897,0.365544,0.19,1,1516484,1516006,478
117061601,31.7115,45.7372,460,43945,0.385109,0.19,1,1516513,1516053,460
117064521,31.1423,33.9474,460,43993,0.421022,0.25,1,1516544,1516084,460
117067441,35.0285,31.5895,465,44041,0.412204,0.23,1,1516580,1516115,465
117070361,27.8057,33.5179,457,44089,0.410441,0.23,1,1516606,1516149,457
117073281,17.5611,25.9036,448,44137,0.394088,0.25,1,1516621,1516173,448
117076201,25.9122,16.3807,462,44185,0.454818,0.31,1,1516649,1516187,462
117079121,25.1824,27.2761,457,44233,0.482964,0.21,1,1516674,1516217,457
117082041,25.8365,23.8552,460,44281,0.456593,0.27,1,1516700,1516240,460
117084961,11.5673,25.571,442,44329,0.451319,0.29,1,1516708,1516266,442
117087881,31.1135,12.3142,469,44377,0.466264,0.31,1,1516744,1516275,469
117090801,27.8227,30.4628,461,44425,0.469253,0.29,1,1516771,1516310,461
117093721,7.16454,27.6926,436,44472,0.501851,0.35,1,1516773,1516337,436
117096641,62.2329,63.9385,439,44519,0.47637,0.35,1,1516849,1516410,439
117099561,36.4466,36.7877,439,44566,0.535274,0.37,1,1516879,1516440,439
117102481,43.2893,42.5575,440,44613,0.579055,0.39,1,1516924,1516484,440
117105401,32.6579,31.7115,441,44660,0.603811,0.43,1,1516954,1516513,441
117108321,31.3316,31.1423,441,44707,0.592762,0.41,1,1516985,1516544,441
117111241,37.4663,35.0285,444,44754,0.574552,0.41,1,1517024,1516580,444
117114161,26.6933,27.8057,442,44801,0.65091,0.39,1,1517048,1516606,442
117117081,19.7387,17.5611,445,44848,0.634182,0.47,1,1517066,1516621,445
117120001,26.3477,25.9122,445,44895,0.646836,0.49,1,1517094,1516649,445
117122921,24.4695,25.1824,444,44942,0.697367,0.45,1,1517118,1516674,444
117125841,25.6939,25.8365,444,44989,0.707473,0.45,1,1517144,1516700,444
117128761,11.5388,11.5673,444,45036,0.677495,0.47,1,1517152,1516708,444
117131681,31.9078,31.1135,445,45083,0.655499,0.47,1,1517189,1516744,445
117134601,27.9816,27.8227,445,45130,0.6351,0.51,1,1517216,1516771,445
117137521,7.19631,7.16454,445,45177,0.63102,0.47,1,1517218,1516773,445
117140441,62.2393,62.2329,445,45224,0.678204,0.55,1,1517294,1516849,445
117143361,38.8479,36.4466,448,45271,0.655641,0.59,1,1517327,1516879,448
117146281,44.5696,43.2893,449,45318,0.683128,0.61,1,1517373,1516924,449
117149201,35.3139,32.6579,452,45365,0.688626,0.59,1,1517406,1516954,452
117152121,31.0628,31.3316,451,45411,0.657725,0.57,1,1517436,1516985,451
117155041,37.4126,37.4663,451,45457,0.699545,0.67,1,1517475,1517024,451
117157961,28.2825,26.6933,453,45503,0.707909,0.63,1,1517501,1517048,453
117160881,20.0565,19.7387,453,45549,0.725582,0.65,1,1517519,1517066,453
117163801,27.2113,26.3477,454,45595,0.745116,0.71,1,1517548,1517094,454
117166721,25.4423,24.4695,455,45641,0.749023,0.71,1,1517573,1517118,455
117169641,25.8885,25.6939,455,45687,0.797805,0.67,2,1517599,1517144,455
117172561,11.5777,11.5388,455,45733,0.807561,0.65,2,1517607,1517152,455
117175481,31.1155,31.9078,454,45779,0.809512,0.63,2,1517643,1517189,454
117178401,27.0231,27.9816,453,45825,0.825902,0.63,2,1517669,1517216,453
117181321,7.00462,7.19631,453,45871,0.79718,0.69,2,1517671,1517218,453
117184241,63.0009,62.2393,454,45917,0.871436,0.69,2,1517748,1517294,454
117187161,38.2002,12.4479,486,45963,0.854287,0.65,2,1517780,1517294,486
117190081,44.44,28.8896,499,46009,0.850857,0.69,2,1517826,1517327,499
117193001,35.288,42.5779,486,46055,0.850172,0.69,2,1517859,1517373,486
117195921,31.0576,34.9156,483,46101,0.882034,0.65,2,1517889,1517406,483
117198841,38.2115,30.9831,493,46147,0.904407,0.71,2,1517929,1517436,493
117201761,28.4423,37.3966,480,46193,0.908881,0.71,2,1517955,1517475,480
117204681,20.8885,28.2793,473,46239,0.925776,0.73,2,1517974,1517501,473
117207601,28.1777,20.0559,485,46285,0.961155,0.75,2,1518004,1517519,485
117210521,27.2355,27.2112,483,46331,0.952231,0.75,2,1518031,1517548,483
117403241,19,36,521,49242,0.83,1,2,1520062,1519541,521
117406161,27,32.8,518,49285,0.798,1,2,1520091,1519573,518
117409081,34.2,13.76,545,49328,0.7756,1,2,1520127,1519582,545
117412001,25.24,28.352,536,49371,0.69112,1,1,1520150,1519614,536
117414921,29.848,33.6704,532,49414,0.626224,1,1,1520181,1519649,532
117417841,33.1696,49.1341,513,49457,0.581245,1,1,1520215,1519702,513
117420761,38.6339,37.8268,518,49500,0.572249,1,1,1520255,1519737,518
117423681,23.7268,35.5654,503,49543,0.49045,1,1,1520275,1519772,503
117426601,16.7454,26.3131,494,49586,0.50609,1,1,1520290,1519796,494
117429521,19.3491,14.8626,502,49628,0.461218,1,1,1520310,1519808,502
117432441,29.4698,24.5725,507,49670,0.388244,1,1,1520342,1519835,507
117435361,28.294,32.1145,501,49712,0.405649,0.96,1,1520370,1519869,501
117438281,36.8588,30.4229,510,49754,0.40913,0.97,1,1520409,1519899,510
117441201,31.3718,40.4846,497,49796,0.361826,0.97,1,1520439,1519942,497
117444121,34.2744,33.6969,500,49838,0.352365,0.89,1,1520474,1519974,500
117447041,30.0549,37.1394,491,49880,0.350473,0.85,1,1520503,1520012,491
117449961,20.411,32.2279,478,49922,0.398095,0.83,1,1520521,1520043,478
117452881,24.0822,21.6456,484,49964,0.343619,0.79,1,1520546,1520062,484
117455801,32.0164,27.5291,489,50006,0.252724,0.77,1,1520580,1520091,489
117458721,25.6033,34.3058,477,50048,0.266545,0.67,1,1520604,1520127,477
117461641,26.7207,25.2612,481,50090,0.253309,0.61,1,1520631,1520150,481
117464561,28.5441,29.8522,479,50132,0.250662,0.57,1,1520660,1520181,479
117467481,36.1088,33.1704,483,50174,0.298132,0.57,1,1520698,1520215,483
117470401,24.8218,38.6341,465,50216,0.291626,0.47,1,1520720,1520255,465
117473321,16.1644,23.7268,459,50258,0.386325,0.51,1,1520734,1520275,459
117476241,18.4329,16.7454,463,50300,0.389265,0.45,1,1520753,1520290,463
117479161,5.28657,19.3491,445,50342,0.389853,0.37,1,1520755,1520310,445
117482081,25.0573,29.4698,443,50384,0.421971,0.41,1,1520785,1520342,443
117485001,26.6115,28.294,442,50426,0.412394,0.41,1,1520812,1520370,442
117487921,35.7223,36.8588,441,50468,0.410479,0.35,1,1520850,1520409,441
117490841,30.3445,31.3718,440,50510,0.410096,0.35,1,1520879,1520439,440
117493761,31.6689,34.2744,437,50552,0.410019,0.35,1,1520911,1520474,437
117496681,31.1338,30.0549,439,50594,0.458004,0.41,1,1520942,1520503,439
117499601,20.6268,20.411,439,50636,0.483601,0.33,1,1520960,1520521,439
117502521,22.5254,24.0822,437,50678,0.47272,0.23,1,1520983,1520546,437
117505441,28.5051,32.0164,433,50720,0.518544,0.27,1,1521013,1520580,433
117508361,25.701,25.6033,434,50762,0.511709,0.25,1,1521038,1520604,434
117511281,26.7402,26.7207,434,50803,0.526342,0.25,1,1521065,1520631,434
117514201,28.548,28.5441,434,50844,0.561268,0.31,1,1521094,1520660,434
117517121,40.1096,36.1088,439,50885,0.552254,0.29,1,1521137,1520698,439
117520041,28.0219,24.8218,442,50926,0.534451,0.41,1,1521162,1520720,442
117522961,16.8044,16.1644,442,50967,0.53089,0.39,1,1521176,1520734,442
117525881,17.7609,18.4329,441,51008,0.530178,0.39,1,1521194,1520753,441
117528801,5.15218,5.28657,441,51049,0.530036,0.43,1,1521196,1520755,441
117531721,25.0304,25.0573,441,51090,0.530007,0.41,1,1521226,1520785,441
117534641,25.8061,26.6115,440,51131,0.546001,0.41,1,1521252,1520812,440
117537561,35.5612,35.7223,440,51172,0.5652,0.41,1,1521290,1520850,440
117540481,30.3122,30.3445,440,51213,0.55304,0.41,1,1521319,1520879,440
117543401,33.2624,31.6689,442,51254,0.550608,0.47,1,1521353,1520911,442
117546321,32.2525,31.1338,443,51295,0.582122,0.49,1,1521385,1520942,443
117549241,21.6505,20.6268,444,51336,0.604424,0.47,1,1521404,1520960,444
117552161,23.5301,22.5254,445,51377,0.608885,0.53,1,1521428,1520983,445
117555081,29.506,28.5051,446,51418,0.593777,0.51,1,1521459,1521013,446
117558001,25.9012,25.701,446,51459,0.574755,0.53,1,1521484,1521038,446
117560921,29.1802,26.7402,449,51500,0.602951,0.57,1,1521514,1521065,449
117563841,28.236,28.548,448,51541,0.67259,0.55,1,1521542,1521094,448
117566761,40.8472,40.1096,449,51582,0.702518,0.53,1,1521586,1521137,449
117569681,25.7694,28.0219,446,51623,0.756504,0.53,2,1521608,1521162,446
117572601,16.3539,16.8044,446,51664,0.735301,0.53,1,1521622,1521176,446
117575521,17.6708,17.7609,446,51705,0.77906,0.53,2,1521640,1521194,446
117578441,5.13416,5.15218,446,51746,0.787812,0.53,2,1521642,1521196,446
117581361,25.0268,25.0304,446,51787,0.805562,0.53,2,1521672,1521226,446
117584281,25.8054,5.00609,472,51828,0.809112,0.55,2,1521698,1521226,472
117587201,36.3611,21.8012,485,51869,0.825823,0.57,2,1521737,1521252,485
117590121,29.6722,34.7602,475,51910,0.829165,0.55,2,1521765,1521290,475
117593041,33.9344,30.152,481,51951,0.845833,0.55,2,1521800,1521319,481
117595961,33.1869,33.2304,480,51992,0.849167,0.59,2,1521833,1521353,480
117598881,22.6374,32.2461,468,52032,0.849833,0.61,2,1521853,1521385,468
117601801,23.7275,21.6492,473,52072,0.849967,0.61,2,1521877,1521404,473
117604721,28.7455,23.5298,479,52112,0.849993,0.59,2,1521907,1521428,479
117607641,26.5491,29.506,474,52152,0.865999,0.57,2,1521933,1521459,474
117610561,32.5098,25.9012,483,52192,0.9012,0.61,2,1521967,1521484,483
117613481,29.702,29.1802,482,52232,0.86024,0.69,2,1521996,1521514,482
117616401,43.5404,28.236,501,52272,0.852048,0.71,2,1522043,1521542,501
117619321,26.3081,40.8472,479,52312,0.85041,0.77,2,1522065,1521586,479
117622241,17.2616,25.7694,472,52352,0.850082,0.73,2,1522080,1521608,472
117625161,17.8523,16.3539,476,52392,0.882016,0.79,2,1522098,1521622,476
117628081,5.17046,17.6708,460,52432,0.888403,0.79,2,1522100,1521640,460
117631001,25.8341,5.13416,489,52472,0.905681,0.81,2,1522131,1521642,489
117633921,27.5668,25.0268,487,52512,0.941136,0.81,2,1522159,1521672,487
117898181,52,37,475,25550,0.03,0.92,1,1524778,1524303,475
117901101,57.6,29,507,25633,0.062,0.89,1,1524837,1524330,507
117904021,53.12,60.2,491,25716,0.0524,0.59,1,1524889,1524398,491
117906941,54.624,70.44,473,25798,0.05048,0.21,1,1524944,1524471,473
117909861,56.5248,65.288,466,25880,0.034096,0.09,1,1525001,1524535,466
117912781,37.705,60.2576,440,25962,0.0468192,0.07,1,1525034,1524594,440
117915701,29.941,36.8515,437,26044,0.0653638,0.01,1,1525062,1524625,437
117918621,32.3882,24.9703,448,26125,0.0370728,0.07,1,1525095,1524647,448
117921541,48.0776,50.5941,443,26206,0.0314146,0.03,1,1525147,1524704,443
117924461,100.016,69.3188,482,26287,0.0302829,0.07,1,1525260,1524778,482
117927381,61.6031,61.0638,475,26368,0.0620566,0.05,1,1525312,1524837,475
117930301,56.3206,53.8128,478,26448,0.100411,0.05,1,1525367,1524889,478
117933221,56.0641,54.7626,479,26528,0.0760823,0.03,1,1525423,1524944,479
117936141,38.4128,56.5525,456,26608,0.0392165,0.05,1,1525457,1525001,456
117939061,29.2826,37.7105,450,26688,0.0478433,0.07,1,1525484,1525034,450
117941981,33.8565,29.9421,457,26767,0.0335687,0.03,1,1525519,1525062,457
117944901,46.7713,32.3884,474,26846,0.0787137,0.03,1,1525569,1525095,474
117947821,10.9543,48.0777,424,26925,0.0877427,0.03,1,1525571,1525147,424
117950741,91.7909,100.016,423,27004,0.0255485,0.07,1,1525683,1525260,423
117953661,61.5582,61.6031,425,27082,0.0611097,0.11,1,1525737,1525312,425
117956581,57.9116,56.3206,427,27160,0.0842219,0.07,1,1525794,1525367,427
117959501,54.7823,56.0641,425,27238,0.136844,0.03,1,1525848,1525423,425
117962421,36.5565,38.4128,423,27316,0.0993689,0.05,1,1525880,1525457,423
117965341,30.5113,29.2826,425,27394,0.123874,0.03,1,1525909,1525484,425
117968261,32.5023,33.8565,423,27471,0.0647748,0.09,1,1525942,1525519,423
117971181,48.9005,46.7713,426,27548,0.0529549,0.09,1,1525995,1525569,426
117974101,11.3801,10.9543,426,27625,0.050591,0.01,1,1525997,1525571,426
117977021,88.676,91.7909,422,27702,0.0501182,0.07,1,1526105,1525683,422
117979941,63.3352,61.5582,425,27778,0.0820236,0.09,1,1526162,1525737,425
117982861,59.067,57.9116,426,27854,0.0884047,0.15,1,1526220,1525794,426
117985781,55.8134,54.7823,427,27930,0.0576809,0.09,1,1526275,1525848,427
117988701,35.9627,36.5565,426,28006,0.0995362,0.13,1,1526306,1525880,426
117991621,30.3925,30.5113,426,28082,0.0919072,0.05,1,1526335,1525909,426
117994541,29.2785,32.5023,422,28157,0.0263814,0.05,1,1526364,1525942,422
117997461,49.0557,48.9005,423,28232,0.0452763,0.05,1,1526418,1525995,423
118000381,11.4111,11.3801,423,28307,0.0490553,0.05,1,1526420,1525997,423
118003301,87.8822,88.676,422,28382,0.0818111,0.05,1,1526527,1526105,422
118006221,63.9764,17.7352,480,28457,0.104362,0.09,1,1526585,1526105,480
118009141,59.1953,49.147,481,28531,0.108872,0.09,1,1526643,1526162,481
118012061,55.8391,56.2294,478,28605,0.109774,0.05,1,1526698,1526220,478
118014981,36.7678,55.2459,455,28679,0.109955,0.11,1,1526730,1526275,455
118017901,30.5536,35.8492,453,28753,0.125991,0.09,1,1526759,1526306,453
118020821,26.9107,30.3698,450,28827,0.113198,0.01,1,1526785,1526335,450
118023741,48.5821,29.274,475,28900,0.17464,0.05,1,1526839,1526364,475
118026661,11.3164,49.0548,423,28973,0.186928,0.05,1,1526841,1526418,423
118029581,90.2633,11.411,531,29046,0.237386,0.09,1,1526951,1526420,531
118032501,66.0527,87.8822,484,29119,0.263477,0.11,1,1527011,1526527,484
118035421,59.6105,63.9764,484,29192,0.268695,0.11,1,1527069,1526585,484
118038341,55.9221,59.1953,481,29265,0.301739,0.11,1,1527124,1526643,481
118041261,36.7844,55.8391,458,29337,0.308348,0.11,1,1527156,1526698,458
118044181,30.5569,36.7678,455,29409,0.29367,0.13,1,1527185,1526730,455
118047101,27.7114,30.5536,453,29481,0.338734,0.11,1,1527212,1526759,453
118050021,51.9423,26.9107,485,29553,0.379747,0.19,1,1527270,1526785,485
118052941,11.9885,48.5821,433,29625,0.355949,0.19,1,1527272,1526839,433
118055861,93.5977,11.3164,545,29696,0.46319,0.25,1,1527386,1526841,545
118058781,65.9195,90.2633,494,29767,0.532638,0.27,1,1527445,1526951,494
118061701,59.5839,66.0527,492,29838,0.546528,0.27,1,1527503,1527011,492
118064621,13.5168,59.6105,436,29909,0.549305,0.31,1,1527505,1527069,436
118067541,47.5034,55.9221,437,29980,0.629861,0.31,1,1527561,1527124,437
118070461,35.1007,36.7844,437,30051,0.613972,0.29,1,1527593,1527156,437
118073381,31.0201,30.5569,438,30121,0.642794,0.35,1,1527623,1527185,438
118076301,27.004,27.7114,437,30191,0.648559,0.39,1,1527649,1527212,437
118079221,53.4008,51.9423,439,30261,0.713712,0.35,1,1527709,1527270,439
118082141,12.2802,11.9885,439,30331,0.726742,0.49,1,1527711,1527272,439
118085061,99.256,93.5977,446,30401,0.681349,0.55,1,1527832,1527386,446
118087981,69.4512,65.9195,449,30471,0.70427,0.55,1,1527894,1527445,449
118090901,61.8902,59.5839,451,30540,0.676854,0.55,1,1527954,1527503,451
118093821,13.978,13.5168,451,30609,0.719371,0.65,1,1527956,1527505,451
118096741,48.3956,47.5034,452,30678,0.727874,0.61,1,1528013,1527561,452
118099661,35.2791,35.1007,452,30747,0.761575,0.65,2,1528045,1527593,452
118102581,31.0558,31.0201,452,30816,0.736315,0.65,1,1528075,1527623,452
118105501,27.8112,27.004,453,30885,0.747263,0.73,1,1528102,1527649,453
118108421,55.9622,53.4008,456,30954,0.733453,0.73,1,1528165,1527709,456
118111341,12.7924,12.2802,456,31022,0.76269,0.67,2,1528167,1527711,456
118114261,99.3585,99.256,456,31090,0.816538,0.71,2,1528288,1527832,456
118117181,68.6717,69.4512,455,31158,0.827308,0.67,2,1528349,1527894,455
118120101,64.1343,61.8902,458,31226,0.829462,0.73,2,1528412,1527954,458
118123021,14.4269,13.978,458,31294,0.829892,0.73,2,1528414,1527956,458
118125941,47.6854,2.79561,514,31362,0.861978,0.73,2,1528470,1527956,514
118128861,35.1371,46.1591,489,31429,0.884396,0.77,2,1528502,1528013,489
118131781,31.0274,34.8318,487,31496,0.888879,0.73,2,1528532,1528045,487
118134701,27.0055,30.9664,483,31563,0.889776,0.75,2,1528558,1528075,483
118137621,56.6011,27.7933,520,31630,0.873955,0.73,2,1528622,1528102,520
118140541,12.9202,55.9587,459,31697,0.870791,0.77,2,1528624,1528165,459
118143461,101.784,12.7917,581,31764,0.934158,0.83,2,1528748,1528167,581
118251501,41,31,498,34141,0.67,1,1,1530430,1529932,498
118254421,32.2,26.2,503,34203,0.574,1,1,1530460,1529957,503
118257341,28.84,18.84,514,34265,0.5228,1,1,1530488,1529974,514
118260261,26.568,3.768,540,34327,0.44856,1,1,1530514,1529974,540
118263181,22.9136,23.1536,534,34389,0.353712,1,1,1530536,1530002,534
118266101,22.9827,39.8307,513,34450,0.302742,1,1,1530559,1530046,513
118269021,90.1965,31.9661,590,34511,0.0685485,1,1,1530666,1530076,590
118271941,54.0393,93.5932,526,34572,0.0377097,1,1,1530711,1530185,526
118274861,68.4079,68.3186,536,34633,0.0155419,0.83,1,1530783,1530247,536
118277781,32.8816,66.4637,494,34694,0.0431084,0.93,1,1530807,1530313,494
118280701,40.9763,34.8927,510,34755,0.0486217,0.83,1,1530850,1530340,510
118283621,33.7953,46.1785,493,34816,0.0337243,0.67,1,1530882,1530389,493
118286541,26.7591,42.0357,477,34877,0.0467449,0.55,1,1530907,1530430,477
118289461,24.5518,32.4071,471,34938,0.049349,0.51,1,1530931,1530460,471
118292381,23.3104,28.8814,466,34999,0.0338698,0.43,1,1530954,1530488,466
118295301,19.0621,26.5763,458,35059,0.030774,0.33,1,1530972,1530514,458
118298221,18.2124,22.9153,454,35119,0.0621548,0.29,1,1530990,1530536,454
118301141,82.0425,22.9831,529,35179,0.012431,0.01,1,1531088,1530559,529
118304061,53.2085,90.1966,468,35239,0.0104862,0.03,1,1531134,1530666,468
118306981,67.4417,54.0393,494,35299,0.0100972,0.01,1,1531205,1530711,494
118309901,33.4883,68.4079,447,35359,0.0260194,0.05,1,1531230,1530783,447
118312821,39.4977,32.8816,464,35419,0.109204,0.05,1,1531271,1530807,464
118315741,34.2995,40.9763,454,35479,0.125841,0.03,1,1531304,1530850,454
118318661,27.6599,33.7953,448,35539,0.129168,0.05,1,1531330,1530882,448
118321581,24.732,26.7591,447,35598,0.145834,0.05,1,1531354,1530907,447
118324501,22.5464,24.5518,445,35657,0.149167,0.03,1,1531376,1530931,445
118327421,6.10928,23.3104,424,35716,0.149833,0.03,1,1531378,1530954,424
118330341,16.4219,19.0621,425,35775,0.133967,0.07,1,1531397,1530972,425
118333261,17.6844,18.2124,425,35834,0.130793,0,1,1531415,1530990,425
118336181,80.3369,82.0425,423,35893,0.0661587,0.01,1,1531511,1531088,423
118339101,52.0674,53.2085,422,35952,0.0372317,0.01,1,1531556,1531134,422
118342021,68.0135,67.4417,423,36011,0.00744635,0.03,1,1531628,1531205,423
118344941,35.2027,33.4883,425,36070,0.0414893,0.13,1,1531655,1531230,425
118347861,42.2405,39.4977,428,36129,0.0162979,0.13,1,1531699,1531271,428
118350781,34.8481,34.2995,428,36187,0.0112596,0.13,1,1531732,1531304,428
118353701,28.5696,27.6599,429,36245,0.0262519,0.15,1,1531759,1531330,429
118356621,24.9139,24.732,429,36303,0.0132504,0.15,1,1531783,1531354,429
118359541,22.5828,22.5464,429,36361,0.0106501,0.15,1,1531805,1531376,429
118362461,6.11656,6.10928,429,36419,0.04213,0.13,1,1531807,1531378,429
118365381,15.6233,16.4219,428,36477,0.016426,0.13,1,1531825,1531397,428
118368301,17.5247,17.6844,428,36535,0.0592852,0.05,1,1531843,1531415,428
118371221,75.5049,80.3369,422,36593,0.067857,0.03,1,1531933,1531511,422
118374141,51.901,52.0674,423,36651,0.0855714,0,1,1531979,1531556,423
118377061,67.1802,68.0135,422,36709,0.0411143,0.05,1,1532050,1531628,422
118379981,35.036,35.2027,422,36767,0.0162229,0.01,1,1532077,1531655,422
118382901,43.0072,42.2405,423,36824,0.0272446,0.01,1,1532122,1531699,423
118385821,34.2014,34.8481,422,36881,0.0614489,0.03,1,1532154,1531732,422
118388741,28.4403,28.5696,422,36938,0.0682898,0.01,1,1532181,1531759,422
118391661,24.8881,24.9139,422,36995,0.085658,0.01,1,1532205,1531783,422
118394581,22.5776,22.5828,422,37052,0.0731316,0.05,1,1532227,1531805,422
118397501,6.11552,6.11656,422,37109,0.0706263,0.01,1,1532229,1531807,422
118400421,15.6231,15.6233,422,37166,0.118125,0.01,1,1532247,1531825,422
118403341,17.5246,3.12466,440,37223,0.0956251,0.07,1,1532265,1531825,440
118406261,75.5049,15.0249,512,37280,0.139125,0.07,1,1532355,1531843,512
118409181,52.701,75.005,469,37337,0.147825,0.09,1,1532402,1531933,469
118412101,65.7402,51.801,492,37394,0.101565,0.03,1,1532471,1531979,492
118415021,35.548,67.1602,449,37451,0.076313,0.01,1,1532499,1532050,449
118417941,42.3096,35.032,466,37507,0.119263,0.03,1,1532543,1532077,466
118420861,34.8619,43.0064,454,37563,0.111853,0.07,1,1532576,1532122,454
118423781,28.5724,34.2013,449,37619,0.158371,0.07,1,1532603,1532154,449
118426701,25.7145,28.4403,447,37675,0.151674,0.09,1,1532628,1532181,447
118429621,24.3429,24.8881,447,37731,0.198335,0.07,1,1532652,1532205,447
118432541,6.46858,22.5776,427,37787,0.175667,0.07,1,1532654,1532227,427
118435461,15.6937,6.11552,443,37843,0.203133,0.13,1,1532672,1532229,443
118438381,17.5387,15.6231,443,37899,0.208627,0.09,1,1532690,1532247,443
118441301,78.7078,17.5246,519,37955,0.241725,0.15,1,1532784,1532265,519
118444221,52.5415,75.5049,475,38011,0.264345,0.15,1,1532830,1532355,475
118447141,63.3083,52.701,494,38067,0.300869,0.09,1,1532896,1532402,494
118450061,35.8617,65.7402,454,38122,0.324174,0.07,1,1532925,1532471,454
118452981,41.5723,35.548,469,38177,0.344835,0.13,1,1532968,1532499,469
118455901,36.3145,42.3096,460,38232,0.380967,0.11,1,1533003,1532543,460
118458821,30.4629,34.8619,456,38287,0.404193,0.17,1,1533032,1532576,456
118461741,26.0926,28.5724,454,38342,0.440839,0.15,1,1533057,1532603,454
118464661,26.0185,25.7145,455,38397,0.464168,0.21,1,1533083,1532628,455
118467581,6.8037,24.3429,433,38452,0.468834,0.17,1,1533085,1532652,433
118470501,15.7607,6.46858,449,38507,0.469767,0.21,1,1533103,1532654,449
118473421,17.5521,15.6937,449,38562,0.501953,0.21,1,1533121,1532672,449
118476341,80.3104,17.5387,527,38617,0.508391,0.25,1,1533217,1532690,527
118479261,17.6621,78.7078,435,38672,0.509678,0.27,1,1533219,1532784,435
118482181,41.1324,52.5415,436,38727,0.525936,0.31,1,1533266,1532830,436
118485101,61.8265,63.3083,437,38782,0.577187,0.33,1,1533333,1532896,437
118488021,36.3653,35.8617,438,38836,0.603437,0.35,1,1533363,1532925,438
118490941,42.4731,41.5723,439,38890,0.608687,0.39,1,1533407,1532968,439
118493861,38.0946,36.3145,441,38944,0.609737,0.41,1,1533444,1533003,441
118496781,31.6189,30.4629,442,38998,0.641948,0.45,1,1533474,1533032,442
118499701,27.9238,26.0926,444,39052,0.632389,0.47,1,1533501,1533057,444
118502621,27.1848,26.0185,445,39106,0.662478,0.47,1,1533528,1533083,445
118505541,7.03695,6.8037,445,39160,0.668496,0.47,1,1533530,1533085,445
118508461,15.8074,15.7607,445,39214,0.637699,0.51,1,1533548,1533103,445
118511381,19.1615,17.5521,447,39268,0.63154,0.51,1,1533568,1533121,447
118514301,80.6323,80.3104,447,39322,0.614308,0.51,1,1533664,1533217,447
118517221,17.7265,17.6621,447,39376,0.658862,0.53,1,1533666,1533219,447
118520141,41.1453,41.1324,447,39430,0.667772,0.59,1,1533713,1533266,447
118523061,63.4291,61.8265,449,39484,0.685555,0.61,1,1533782,1533333,449
118525981,37.4858,36.3653,450,39537,0.689111,0.61,1,1533813,1533363,450
118528901,44.2972,42.4731,452,39590,0.705822,0.61,1,1533859,1533407,452
118531821,38.4594,38.0946,452,39643,0.741164,0.65,1,1533896,1533444,452
118534741,33.2919,31.6189,454,39696,0.748233,0.63,1,1533928,1533474,454
118537661,28.2584,27.9238,454,39749,0.733647,0.67,1,1533955,1533501,454
118540581,26.4517,27.1848,453,39802,0.698729,0.67,1,1533981,1533528,453
118543501,6.89033,7.03695,453,39855,0.723746,0.63,1,1533983,1533530,453
118546421,15.7781,15.8074,453,39908,0.728749,0.63,1,1534001,1533548,453
118549341,17.5556,19.1615,451,39961,0.74575,0.61,1,1534019,1533568,451
118552261,81.9111,80.6323,453,40014,0.79715,0.67,2,1534117,1533664,453
118555181,17.9822,17.7265,453,40067,0.77543,0.67,2,1534119,1533666,453
118558101,42.7964,3.54529,502,40120,0.819086,0.67,2,1534168,1533666,502
118561021,63.7593,38.3091,524,40173,0.827817,0.69,2,1534237,1533713,524
118563941,37.5519,62.8618,486,40226,0.845563,0.69,2,1534268,1533782,486
118566861,45.1104,37.3724,502,40278,0.833113,0.71,2,1534315,1533813,502
118569781,40.2221,44.2745,495,40330,0.830623,0.75,2,1534354,1533859,495
118572701,32.0444,38.4549,488,40382,0.830124,0.75,2,1534384,1533896,488
118575621,27.2089,33.291,482,40434,0.846025,0.73,2,1534410,1533928,482
118578541,26.2418,28.2582,481,40486,0.865205,0.69,2,1534436,1533955,481
118581461,6.84836,26.4516,457,40538,0.869041,0.73,2,1534438,1533981,457
118584381,15.7697,6.89033,473,40590,0.885808,0.73,2,1534456,1533983,473
118587301,18.3539,15.7781,474,40642,0.905162,0.75,2,1534475,1534001,474
118724541,36,32,491,43015,0.85,1,2,1536197,1535706,491
118727461,33.6,6.4,524,43064,0.866,1,2,1536230,1535706,524
118730381,25.12,23.68,519,43113,0.7732,1,2,1536253,1535734,519
118733301,29.824,39.136,507,43162,0.73864,1,1,1536284,1535777,507
118736221,21.1648,30.2272,498,43211,0.715728,1,1,1536303,1535805,498
118739141,24.233,30.0454,493,43260,0.695146,1,1,1536328,1535835,493
118742061,40.8466,30.8091,507,43309,0.627029,1,1,1536373,1535866,507
118744981,32.9693,30.1618,508,43358,0.645406,0.97,1,1536404,1535896,508
118747901,27.3939,30.0324,504,43407,0.713081,1,1,1536430,1535926,504
118750821,44.6788,33.2065,519,43456,0.678616,0.95,1,1536479,1535960,519
118753741,32.1358,44.2413,501,43505,0.671723,0.97,1,1536508,1536007,501
118756661,32.0272,32.8483,503,43553,0.686345,1,1,1536540,1536037,503
118759581,52.0054,35.3697,524,43601,0.705269,0.95,1,1536597,1536073,524
118762501,32.8011,55.8739,491,43649,0.725054,0.89,1,1536625,1536134,491
118765421,34.5602,32.7748,499,43697,0.697011,0.85,1,1536660,1536161,499
118768341,30.912,35.355,493,43745,0.739402,0.87,1,1536690,1536197,493
118771261,22.1824,33.471,480,43793,0.73188,0.75,1,1536710,1536230,480
118774181,27.6365,25.0942,486,43841,0.746376,0.73,1,1536739,1536253,486
118777101,26.3273,29.8188,481,43889,0.765275,0.71,2,1536765,1536284,481
118780021,23.6655,21.1638,485,43937,0.753055,0.69,2,1536788,1536303,485
118782941,36.7331,24.2328,500,43985,0.814611,0.61,2,1536828,1536328,500
118785861,29.7466,40.8466,483,44033,0.794922,0.65,2,1536856,1536373,483
118788781,29.9493,32.9693,482,44081,0.822984,0.73,2,1536886,1536404,482
118791701,43.5899,27.3939,503,44129,0.796597,0.67,2,1536933,1536430,503
118794621,34.318,44.6788,486,44177,0.839319,0.67,2,1536965,1536479,486
118797541,31.6636,32.1358,488,44225,0.847864,0.69,2,1536996,1536508,488
118800461,52.7327,32.0272,514,44273,0.881573,0.71,2,1537054,1536540,514
118996101,24,18,531,47359,0.75,1,2,1539169,1538638,531
119045741,404.8,467.6,451,21900,0.206,0.47,1,1539669,1539218,451
119048661,125.76,133.52,457,21997,0.1292,0.33,1,1539725,1539268,457
119051581,75.552,73.104,462,22093,0.06584,0.13,1,1539788,1539326,462
119054501,83.1104,85.8208,458,22189,0.053168,0.05,1,1539873,1539415,458
119057421,76.6221,78.7642,456,22285,0.0346336,0.05,1,1539948,1539492,456
119060341,56.1244,63.7528,447,22380,0.0469267,0.05,1,1539999,1539552,447
119063261,46.4249,67.9506,422,22475,0.0493853,0.03,1,1540043,1539621,422
119066181,37.285,30.3901,436,22569,0.00987707,0.07,1,1540078,1539642,436
119069101,64.257,27.678,480,22663,0.0419754,0.11,1,1540149,1539669,480
119072021,62.4514,50.3356,486,22757,0.0963951,0.05,1,1540211,1539725,486
119074941,80.4903,60.4671,508,22850,0.123279,0.05,1,1540296,1539788,508
119077861,75.2981,80.0934,497,22943,0.0486558,0.03,1,1540370,1539873,497
119080781,55.0596,76.0187,472,23035,0.0497312,0.05,1,1540420,1539948,472
119083701,46.2119,56.0037,465,23127,0.0339462,0.05,1,1540464,1539999,465
119086621,38.0424,46.4007,457,23219,0.0307892,0,1,1540500,1540043,457
119089541,66.8085,37.2801,496,23310,0.0461579,0.05,1,1540574,1540078,496
119092461,63.7617,64.256,488,23401,0.0812316,0.11,1,1540637,1540149,488
119095381,81.5523,62.4512,512,23492,0.104246,0.13,1,1540723,1540211,512
119098301,73.1105,80.4902,498,23582,0.140849,0.03,1,1540794,1540296,498
119101221,54.6221,75.298,474,23672,0.19617,0.05,1,1540844,1540370,474
119104141,45.3244,55.0596,467,23762,0.159234,0.03,1,1540887,1540420,467
119107061,37.0649,46.2119,458,23851,0.167847,0.03,1,1540922,1540464,458
119109981,67.413,38.0424,497,23940,0.153569,0.05,1,1540997,1540500,497
119112901,15.0826,66.8085,425,24029,0.150714,0.09,1,1540999,1540574,425
119115821,54.2165,63.7617,426,24117,0.214143,0.11,1,1541063,1540637,426
119118741,81.2433,81.5523,428,24205,0.258829,0.15,1,1541151,1540723,428
119121661,75.4487,73.1105,431,24293,0.331766,0.21,1,1541225,1540794,431
119124581,55.8897,54.6221,432,24380,0.298353,0.15,1,1541276,1540844,432
119127501,44.7779,45.3244,431,24467,0.291671,0.17,1,1541318,1540887,431
119130421,34.5556,37.0649,428,24554,0.322334,0.15,1,1541350,1540922,428
119133341,68.5111,67.413,430,24640,0.360467,0.15,1,1541427,1540997,430
119136261,15.3022,15.0826,430,24726,0.368093,0.23,1,1541429,1540999,430
119139181,56.6604,54.2165,433,24812,0.385619,0.27,1,1541496,1541063,433
119142101,83.3321,81.2433,435,24897,0.421124,0.35,1,1541586,1541151,435
119145021,77.4664,75.4487,437,24982,0.492225,0.29,1,1541662,1541225,437
119147941,55.4933,55.8897,436,25067,0.474445,0.29,1,1541712,1541276,436
119150861,45.4987,44.7779,437,25152,0.502889,0.33,1,1541755,1541318,437
119153781,35.4997,34.5556,438,25236,0.492578,0.37,1,1541788,1541350,438
119156701,68.6999,68.5111,438,25320,0.538516,0.37,1,1541865,1541427,438
119159621,15.34,15.3022,438,25404,0.547703,0.39,1,1541867,1541429,438
119162541,57.468,56.6604,439,25487,0.565541,0.39,1,1541935,1541496,439
119165461,86.6936,11.3321,533,25570,0.537108,0.43,1,1542029,1541496,533
119168381,78.9387,74.2664,520,25653,0.563422,0.51,1,1542106,1541586,520
119171301,56.5877,75.6533,495,25736,0.584684,0.47,1,1542157,1541662,495
119174221,44.9176,55.1307,487,25818,0.588937,0.51,1,1542199,1541712,487
119177141,36.1835,45.4261,478,25900,0.653787,0.49,1,1542233,1541755,478
119180061,69.6367,35.4852,523,25982,0.714757,0.55,1,1542311,1541788,523
119182981,15.5273,68.697,448,26064,0.726952,0.55,1,1542313,1541865,448
119185901,58.3055,15.3394,515,26145,0.71339,0.57,1,1542382,1541867,515
119188821,86.8611,57.4679,541,26226,0.742678,0.53,1,1542476,1541935,541
119191741,80.5722,86.6936,526,26307,0.780536,0.57,2,1542555,1542029,526
119194661,57.7144,78.9387,501,26388,0.804107,0.59,2,1542607,1542106,501
119197581,45.1429,56.5877,492,26468,0.824821,0.59,2,1542649,1542157,492
119200501,40.2286,44.9175,489,26548,0.876964,0.67,2,1542688,1542199,489
119203421,72.0457,36.1835,535,26628,0.919393,0.73,2,1542768,1542233,535
119206341,16.0091,69.6367,459,26708,0.927879,0.73,2,1542770,1542311,459
119209261,57.6018,15.5273,525,26787,0.945576,0.71,2,1542838,1542313,525
119451621,38,43,522,32700,0.57,1,1,1546984,1546462,522
119454541,81.2,31.8,585,32765,0.362,1,1,1547076,1546491,585
119457461,46.64,87.16,522,32830,0.2724,1,1,1547114,1546592,522
119460381,34.128,47.032,516,32894,0.28648,1,1,1547145,1546629,516
119463301,19.6256,35.8064,499,32958,0.241296,0.97,1,1547161,1546662,499
119466221,39.1251,49.5613,490,33022,0.168259,1,1,1547205,1546715,490
119469141,35.825,39.5123,488,33086,0.137652,0.94,1,1547240,1546752,488
119472061,59.165,68.7024,477,33150,0.0995304,0.99,1,1547305,1546828,477
119474981,32.633,42.5405,467,33214,0.107906,0.85,1,1547331,1546864,467
119477901,30.5266,38.9081,459,33278,0.0775812,0.61,1,1547361,1546902,459
119480821,34.1053,42.9816,450,33342,0.135516,0.57,1,1547396,1546946,450
119483741,34.8211,38.9963,447,33405,0.131103,0.31,1,1547431,1546984,447
119486661,71.7642,81.3993,436,33468,0.0982207,0.25,1,1547512,1547076,436
119489581,44.7528,46.6799,436,33531,0.139644,0.29,1,1547550,1547114,436
119492501,32.9506,34.136,435,33594,0.131929,0.23,1,1547580,1547145,435
119495421,19.3901,19.6272,435,33657,0.178386,0.15,1,1547596,1547161,435
119498341,32.678,39.1254,427,33720,0.219677,0.13,1,1547632,1547205,427
119501261,33.7356,35.8251,426,33783,0.195935,0.09,1,1547666,1547240,426
119504181,56.3471,59.165,423,33846,0.207187,0.11,1,1547728,1547305,423
119507101,35.2694,32.633,427,33908,0.257437,0.07,1,1547758,1547331,427
119510021,31.8539,30.5266,428,33970,0.267487,0.15,1,1547789,1547361,428
119512941,31.9708,34.1053,425,34032,0.269497,0.13,1,1547821,1547396,425
119515861,35.1942,34.8211,426,34094,0.269899,0.09,1,1547857,1547431,426
119518781,71.8388,71.7642,426,34156,0.26998,0.15,1,1547938,1547512,426
119521701,45.5678,44.7528,427,34218,0.269996,0.15,1,1547977,1547550,427
119524621,32.3136,8.95057,456,34280,0.301999,0.13,1,1548006,1547550,456
119527541,23.2627,25.7901,447,34342,0.2924,0.19,1,1548027,1547580,447
119530461,34.2525,17.958,468,34404,0.24248,0.23,1,1548064,1547596,468
119533381,32.4505,32.3916,464,34465,0.248496,0.19,1,1548096,1547632,464
119536301,55.2901,33.6783,491,34526,0.265699,0.21,1,1548157,1547666,491
119539221,38.258,56.3357,463,34587,0.30114,0.27,1,1548191,1547728,463
119542141,31.6516,35.2671,463,34648,0.308228,0.27,1,1548221,1547758,463
119545061,31.9303,31.8534,464,34709,0.309646,0.27,1,1548253,1547789,464
119547981,35.1861,31.9707,468,34770,0.325929,0.27,1,1548289,1547821,468
119550901,74.2372,35.1941,516,34831,0.345186,0.27,1,1548373,1547857,516
119553821,45.2474,71.8388,473,34892,0.349037,0.27,1,1548411,1547938,473
119556741,32.2495,45.5678,463,34953,0.381807,0.31,1,1548440,1547977,463
119559661,22.4499,32.3136,454,35013,0.388361,0.29,1,1548460,1548006,454
119562581,33.29,23.2627,469,35073,0.405672,0.23,1,1548496,1548027,469
119565501,33.858,34.2525,466,35133,0.473134,0.25,1,1548530,1548064,466
119568421,55.5716,32.4505,495,35193,0.486627,0.27,1,1548591,1548096,495
119571341,39.9143,55.2901,470,35253,0.473325,0.31,1,1548627,1548157,470
119574261,31.9829,38.258,466,35313,0.470665,0.31,1,1548657,1548191,466
119577181,31.9966,31.6516,468,35373,0.486133,0.31,1,1548689,1548221,468
119580101,37.5993,31.9303,475,35433,0.521227,0.33,1,1548728,1548253,475
119583021,73.9199,35.1861,522,35493,0.544245,0.35,1,1548811,1548289,522
119585941,45.184,74.2372,476,35553,0.564849,0.35,1,1548849,1548373,476
119588861,33.8368,45.2474,469,35612,0.60097,0.39,1,1548880,1548411,469
119591781,22.7674,32.2495,460,35671,0.624194,0.39,1,1548900,1548440,460
119594701,6.15347,22.4499,442,35730,0.628839,0.41,1,1548902,1548460,442
119597621,30.0307,33.29,442,35789,0.661768,0.49,1,1548938,1548496,442
119600541,37.2061,33.858,447,35848,0.700354,0.49,1,1548977,1548530,447
119603461,55.4412,55.5716,446,35907,0.756071,0.47,2,1549037,1548591,446
119606381,39.0882,39.9143,445,35966,0.751214,0.47,2,1549072,1548627,445
119609301,32.6176,31.9829,446,36025,0.782243,0.49,2,1549103,1548657,446
119612221,32.9235,31.9966,447,36084,0.772449,0.53,2,1549136,1548689,447
119615141,40.1847,37.5993,450,36143,0.77049,0.55,2,1549178,1548728,450
119618061,73.6369,73.9199,449,36201,0.866098,0.57,2,1549260,1548811,449
119620981,46.7274,45.184,451,36259,0.91722,0.61,2,1549300,1548849,451
119623901,35.7455,33.8368,453,36317,0.943444,0.63,2,1549333,1548880,453
119626821,23.1491,22.7674,453,36375,0.916689,0.63,2,1549353,1548900,453
119810781,31,11,508,39868,0.65,1,1,1551770,1551262,508
119813701,17.4,35,481,39921,0.698,1,1,1551784,1551303,481
119816621,28.28,30.2,483,39974,0.6276,1,1,1551815,1551332,483
119819541,32.856,29.24,488,40027,0.61352,1,1,1551849,1551361,488
119822461,44.1712,50.648,479,40080,0.594704,1,1,1551896,1551417,479
119825381,31.2342,10.1296,507,40133,0.606941,1,1,1551924,1551417,507
119828301,35.8468,27.6259,512,40186,0.545388,1,1,1551961,1551449,512
119831221,30.3694,35.9252,503,40239,0.421078,1,1,1551990,1551487,503
119834141,37.2739,31.985,511,40291,0.476216,1,1,1552029,1551518,511
119837061,64.2548,37.597,543,40343,0.423243,0.93,1,1552100,1551557,543
119839981,40.051,69.1194,500,40395,0.428649,0.89,1,1552134,1551634,500
119842901,40.8102,45.8239,501,40447,0.47773,0.75,1,1552175,1551674,501
119845821,25.762,41.9648,482,40499,0.455546,0.75,1,1552197,1551715,482
119848741,28.3524,27.593,487,40551,0.467109,0.65,1,1552226,1551739,487
119851661,16.0705,30.3186,469,40603,0.453422,0.71,1,1552239,1551770,469
119854581,27.2141,17.2637,485,40655,0.514684,0.61,1,1552269,1551784,485
119857501,30.2428,28.2527,485,40707,0.478937,0.61,1,1552300,1551815,485
119860421,44.4486,32.8505,499,40759,0.487787,0.59,1,1552348,1551849,499
119863341,29.6897,44.1701,478,40811,0.537557,0.61,1,1552374,1551896,478
119866261,31.5379,31.234,482,40863,0.547511,0.53,1,1552406,1551924,482
119869181,28.7076,35.8468,473,40915,0.565502,0.39,1,1552434,1551961,473
119872101,36.1415,30.3694,482,40967,0.5851,0.49,1,1552472,1551990,482
119875021,64.8283,37.2739,515,41019,0.58902,0.41,1,1552544,1552029,515
119877941,38.5657,64.2548,476,41070,0.637804,0.43,1,1552576,1552100,476
119880861,42.9131,40.051,486,41121,0.647561,0.49,1,1552620,1552134,486
119883781,24.5826,40.8102,465,41172,0.649512,0.45,1,1552640,1552175,465
119886701,28.9165,25.762,473,41223,0.697902,0.47,1,1552670,1552197,473
119889621,16.1833,28.3524,457,41274,0.691581,0.45,1,1552683,1552226,457
119892541,28.0367,16.0705,475,41325,0.706316,0.53,1,1552714,1552239,475
119895461,29.6073,27.2141,475,41376,0.709263,0.47,1,1552744,1552269,475
119898381,45.1215,30.2428,493,41427,0.709853,0.49,1,1552793,1552300,493
119901301,32.2243,44.4486,474,41478,0.725971,0.55,1,1552822,1552348,474
119904221,32.0449,29.6897,480,41529,0.761194,0.55,2,1552854,1552374,480
119907141,8.00897,31.5379,450,41580,0.768239,0.57,2,1552856,1552406,450
119910061,24.0018,28.7076,450,41631,0.801648,0.59,2,1552884,1552434,450
119912981,36.8004,36.1415,452,41682,0.80833,0.59,2,1552924,1552472,452
119915901,66.5601,64.8283,454,41733,0.857666,0.65,2,1552998,1552544,454
119918821,38.912,38.5657,454,41784,0.867533,0.65,2,1553030,1552576,454
119921741,42.9824,42.9131,454,41835,0.901507,0.65,2,1553074,1552620,454
119924661,26.1965,24.5826,456,41885,0.940301,0.71,2,1553096,1552640,456
120140741,31,36,505,45461,0.85,1,2,1555585,1555080,505
120143661,39,33.6,513,45507,0.69,1,1,1555626,1555113,513
120146581,35,29.12,519,45553,0.546,1,1,1555660,1555141,519
120149501,35.8,37.824,515,45599,0.3892,1,1,1555696,1555181,515
120150961,33.56,33.9648,515,45645,0.26184,1,1,1555729,1555214,515
120199141,376.312,445.993,428,20440,0.076368,0,1,1556191,1555763,428
120202061,136.062,138.799,442,21270,0.0392736,0,1,1556267,1555825,442
120204981,96.0125,78.9597,464,21370,0.0158547,0.07,1,1556353,1555889,464
120207901,72.8025,68.5919,465,21469,0.107171,0,1,1556420,1555955,465
120210821,51.3605,66.5184,445,21568,0.0614342,0.01,1,1556466,1556021,445
120213741,81.4721,58.9037,477,21666,0.0202868,0.03,1,1556555,1556078,477
120216661,37.8944,75.7807,424,21764,0.0440574,0.03,1,1556582,1556158,424
120219581,31.5789,27.1561,439,21861,0.0648115,0.03,1,1556612,1556173,439
120222501,67.9158,80.6312,422,21958,0.0369623,0.01,1,1556689,1556267,422
120225421,82.3832,84.9262,422,22055,0.0153925,0.13,1,1556775,1556353,422
120228341,74.8766,70.5853,428,22151,0.0750785,0.05,1,1556848,1556420,428
120231261,48.5753,50.917,424,22247,0.0710157,0.01,1,1556890,1556466,424
120234181,80.1151,81.3834,423,22342,0.0222031,0.05,1,1556978,1556555,423
120237101,36.823,37.8767,422,22437,0.0604406,0.07,1,1557004,1556582,422
120240021,32.1646,31.5753,423,22532,0.0840881,0.07,1,1557035,1556612,423
120242941,66.4329,6.31507,498,22626,0.0168176,0.03,1,1557110,1556612,498
120245861,82.0866,62.863,507,22720,0.0273635,0.01,1,1557196,1556689,507
120248781,76.4173,81.3726,496,22813,0.0134727,0.09,1,1557271,1556775,496
120251701,49.6835,74.6745,466,22906,0.0266945,0.07,1,1557314,1556848,466
120254621,78.7367,48.5349,510,22999,0.0133389,0.01,1,1557400,1556890,510
120257541,36.5473,80.107,448,23091,0.0266678,0.07,1,1557426,1556978,448
120260461,34.5095,36.8214,456,23183,0.0293336,0.09,1,1557460,1557004,456
120263381,63.7019,32.1643,496,23274,0.0138667,0,1,1557531,1557035,496
120266301,82.3404,66.4329,508,23365,0.0107733,0.03,1,1557618,1557110,508
120269221,76.4681,82.0866,497,23456,0.0101547,0.01,1,1557693,1557196,497
120272141,49.6936,76.4173,465,23546,0.0260309,0.03,1,1557736,1557271,465
120275061,78.7387,49.6835,508,23636,0.0132062,0.01,1,1557822,1557314,508
120277981,36.5477,78.7367,448,23726,0.0266412,0.03,1,1557848,1557400,448
120280901,34.5095,36.5473,456,23815,0.0453282,0.03,1,1557882,1557426,456
120283821,62.9019,34.5095,492,23904,0.0330657,0.01,1,1557952,1557460,492
120286741,14.1804,63.7019,423,23993,0.0306131,0.01,1,1557954,1557531,423
120289661,73.2361,82.3404,424,24081,0.0621226,0.01,1,1558042,1557618,424
120292581,73.8472,76.4681,423,24169,0.0524245,0.03,1,1558116,1557693,423
120295501,49.1694,49.6936,423,24257,0.0504849,0.01,1,1558159,1557736,423
120298421,77.8339,78.7387,422,24344,0.034097,0.03,1,1558244,1557822,422
120301341,37.9668,36.5477,424,24431,0.0468194,0.05,1,1558272,1557848,424
120304261,35.5934,34.5095,425,24518,0.0653639,0.03,1,1558307,1557882,425
120307181,60.7187,62.9019,422,24604,0.0850728,0.03,1,1558374,1557952,422
120310101,13.7437,14.1804,422,24690,0.0890146,0.07,1,1558376,1557954,422
120313021,73.9488,73.2361,423,24776,0.0898029,0.05,1,1558465,1558042,423
120315941,73.1898,73.8472,422,24862,0.153961,0.05,1,1558538,1558116,422
120318861,49.038,49.1694,422,24947,0.150792,0.03,1,1558581,1558159,422
120321781,77.8076,77.8339,422,25032,0.182158,0.05,1,1558666,1558244,422
120324701,39.5615,37.9668,424,25117,0.156432,0.07,1,1558696,1558272,424
120327621,36.7123,35.5934,425,25201,0.167286,0.09,1,1558732,1558307,425
120330541,58.5425,60.7187,422,25285,0.201457,0.09,1,1558796,1558374,422
120333461,13.3085,13.7437,422,25369,0.208291,0.09,1,1558798,1558376,422
120336381,75.4617,73.9488,424,25453,0.177658,0.09,1,1558889,1558465,424
120339301,75.8923,14.7897,500,25536,0.251532,0.17,1,1558965,1558465,500
120342221,50.3785,61.358,471,25619,0.314306,0.15,1,1559009,1558538,471
120345141,78.0757,46.6716,513,25702,0.310861,0.19,1,1559094,1558581,513
120348061,40.4151,77.3343,459,25784,0.310172,0.15,1,1559125,1558666,459
120350981,36.883,39.4669,465,25866,0.310034,0.17,1,1559161,1558696,465
120353901,56.9766,36.6934,491,25948,0.278007,0.21,1,1559223,1558732,491
120356821,12.9953,58.5387,429,26030,0.271601,0.21,1,1559225,1558796,429
120359741,75.3991,13.3077,518,26111,0.30232,0.17,1,1559316,1558798,518
120362661,81.4798,75.4615,510,26192,0.308464,0.27,1,1559399,1558889,510
120365581,53.896,75.8923,481,26273,0.357693,0.33,1,1559446,1558965,481
120368501,77.9792,50.3785,521,26354,0.399539,0.31,1,1559530,1559009,521
120371421,40.3958,78.0757,467,26434,0.407908,0.31,1,1559561,1559094,467
120374341,36.8792,40.4151,472,26514,0.409582,0.31,1,1559597,1559125,472
120377261,55.3758,36.883,496,26594,0.409916,0.27,1,1559657,1559161,496
120380181,12.6752,56.9766,436,26674,0.409983,0.27,1,1559659,1559223,436
120383101,76.935,12.9953,527,26753,0.441997,0.31,1,1559752,1559225,527
120386021,81.787,75.3991,519,26832,0.480399,0.31,1,1559835,1559316,519
120388941,57.1574,81.4798,487,26911,0.52008,0.37,1,1559886,1559399,487
120391861,13.0315,53.896,442,26990,0.496016,0.41,1,1559888,1559446,442
120394781,69.8063,77.9792,442,27068,0.539203,0.41,1,1559972,1559530,442
120397701,38.7613,40.3958,442,27146,0.595841,0.41,1,1560003,1559561,442
120400621,36.5523,36.8792,442,27224,0.607168,0.41,1,1560039,1559597,442
120403541,55.3105,55.3758,442,27302,0.625434,0.41,1,1560099,1559657,442
120406461,12.6621,12.6752,442,27380,0.629087,0.45,1,1560101,1559659,442
120409381,78.5324,76.935,444,27457,0.645817,0.49,1,1560196,1559752,444
120412301,84.5065,81.787,447,27534,0.633164,0.53,1,1560282,1559835,447
120415221,57.7013,57.1574,447,27611,0.678633,0.49,1,1560333,1559886,447
120418141,13.1403,13.0315,447,27688,0.687726,0.55,1,1560335,1559888,447
120421061,71.4281,69.8063,449,27764,0.769545,0.61,2,1560421,1559972,449
120423981,39.8856,38.7613,450,27840,0.753909,0.61,2,1560453,1560003,450
120426901,36.7771,36.5523,450,27916,0.750782,0.63,2,1560489,1560039,450
120429821,56.1554,55.3105,451,27992,0.814156,0.63,2,1560550,1560099,451
120432741,12.8311,12.6621,451,28068,0.826831,0.65,2,1560552,1560101,451
120435661,79.3662,78.5324,452,28143,0.861366,0.63,2,1560648,1560196,452
120438581,85.4732,84.5065,453,28218,0.932273,0.69,2,1560735,1560282,453
120549541,86,90,483,30940,0.71,1,1,1562637,1562154,483
120552461,63.6,63.6,484,31008,0.662,1,1,1562695,1562211,484
120555381,36.72,31.92,490,31076,0.5724,1,1,1562725,1562235,490
120558301,56.144,59.184,485,31144,0.36248,1,1,1562786,1562301,485
120561221,41.6288,46.2368,480,31212,0.256496,1,1,1562824,1562344,480
120564141,29.9258,30.0474,481,31280,0.171299,1,1,1562851,1562370,481
120567061,24.3852,6.00947,504,31348,0.13826,1,1,1562874,1562370,504
120569981,44.877,27.6019,521,31415,0.027652,1,1,1562924,1562403,521
120572901,37.7754,44.7204,508,31482,0.0935304,0.88,1,1562960,1562452,508
120575821,54.7551,31.3441,539,31549,0.0427061,0.9,1,1563019,1562480,539
120578741,70.151,63.0688,542,31616,0.0325412,0.71,1,1563093,1562551,542
120581661,57.2302,81.4138,510,31683,0.0305082,0.65,1,1563147,1562637,510
120584581,34.646,62.6828,481,31750,0.0301016,0.55,1,1563176,1562695,481
120587501,45.3292,36.5365,499,31817,0.0620203,0.31,1,1563224,1562725,499
120590421,35.4658,56.1073,471,31883,0.0124041,0.23,1,1563257,1562786,471
120593341,23.8932,41.6215,454,31949,0.0424808,0.15,1,1563278,1562824,454
120596261,19.9786,29.9243,446,32015,0.0804962,0.13,1,1563297,1562851,446
120599181,48.7957,24.3849,479,32081,0.104099,0,1,1563353,1562874,479
120602101,35.3591,44.877,461,32147,0.12482,0.11,1,1563385,1562924,461
120605021,51.8718,37.7754,481,32213,0.080964,0.03,1,1563441,1562960,481
120607941,69.5744,54.7551,496,32279,0.0241928,0.03,1,1563515,1563019,496
120610861,57.1149,70.151,476,32345,0.0288386,0.03,1,1563569,1563093,476
120613781,34.623,57.2302,451,32410,0.0457677,0.03,1,1563598,1563147,451
120616701,46.9246,34.646,472,32475,0.0811535,0.07,1,1563648,1563176,472
120619621,34.1849,45.3292,455,32540,0.0722307,0,1,1563679,1563224,455
120622541,25.237,35.4658,445,32605,0.0544461,0.05,1,1563702,1563257,445
120625461,19.4474,23.8932,442,32670,0.0508892,0.09,1,1563720,1563278,442
120628381,51.0895,19.9786,482,32735,0.0661778,0.11,1,1563779,1563297,482
120631301,11.8179,48.7957,428,32800,0.0692356,0.13,1,1563781,1563353,428
120634221,28.7636,35.3591,429,32864,0.133847,0.07,1,1563814,1563385,429
120637141,45.7527,51.8718,423,32928,0.178769,0.01,1,1563864,1563441,423
120640061,67.5505,69.5744,422,32992,0.0757539,0.03,1,1563937,1563515,422
120642981,57.5101,57.1149,423,33056,0.0551508,0.05,1,1563992,1563569,423
120645901,35.502,34.623,424,33120,0.0190302,0.09,1,1564022,1563598,424
120648821,48.7004,46.9246,426,33184,0.059806,0.07,1,1564074,1563648,426
120651741,32.1401,34.1849,423,33248,0.0999612,0.05,1,1564102,1563679,423
120654661,25.628,25.237,424,33312,0.0919922,0.05,1,1564126,1563702,424
120657581,19.5256,19.4474,424,33375,0.122398,0.07,1,1564144,1563720,424
120660501,53.5051,51.0895,427,33438,0.0964797,0.07,1,1564206,1563779,427
120663421,12.301,11.8179,427,33501,0.123296,0.15,1,1564208,1563781,427
120666341,28.8602,28.7636,427,33564,0.128659,0.19,1,1564241,1563814,427
120669261,47.372,45.7527,429,33627,0.145732,0.05,1,1564293,1563864,429
120672181,62.2744,67.5505,422,33690,0.181146,0.05,1,1564359,1563937,422
120675101,56.4549,57.5101,422,33753,0.0922293,0.01,1,1564414,1563992,422
120678021,35.291,35.502,422,33816,0.106446,0.07,1,1564444,1564022,422
120680941,51.0582,48.7004,425,33879,0.0292892,0.11,1,1564499,1564074,425
120683861,32.6116,32.1401,425,33941,0.0138578,0.09,1,1564527,1564102,425
120686781,26.5223,25.628,426,34003,0.0427716,0.13,1,1564552,1564126,426
120689701,19.7045,19.5256,426,34065,0.0485543,0.09,1,1564570,1564144,426
120692621,53.5409,53.5051,426,34127,0.0337109,0.13,1,1564632,1564206,426
120695541,12.3082,12.301,426,34189,0.0307422,0.13,1,1564634,1564208,426
120698461,28.8616,28.8602,426,34251,0.110148,0.13,1,1564667,1564241,426
120701381,49.7723,5.77204,481,34313,0.17403,0.15,1,1564722,1564241,481
120704301,64.3545,42.7544,497,34375,0.202806,0.19,1,1564790,1564293,497
120707221,51.2709,61.3509,479,34437,0.224561,0.07,1,1564838,1564359,479
120710141,34.2542,56.2702,454,34498,0.244912,0.11,1,1564868,1564414,454
120713061,48.4508,35.254,476,34559,0.264982,0.01,1,1564920,1564444,476
120715981,32.8902,51.0508,450,34620,0.252996,0.01,1,1564949,1564499,450
120718901,25.778,32.6102,446,34681,0.250599,0.05,1,1564973,1564527,446
120721821,19.5556,26.522,439,34742,0.25012,0.05,1,1564991,1564552,439
120724741,54.3111,19.7044,484,34803,0.234024,0.03,1,1565054,1564570,484
120727661,12.4622,53.5409,424,34864,0.230805,0.03,1,1565056,1564632,424
120730581,32.8924,12.3082,460,34925,0.230161,0.13,1,1565094,1564634,460
120733501,52.9785,28.8616,485,34986,0.294032,0.19,1,1565152,1564667,485
120736421,65.7957,49.7723,499,35046,0.370806,0.21,1,1565221,1564722,499
120739341,53.1591,64.3545,481,35106,0.402161,0.23,1,1565271,1564790,481
120742261,34.6318,51.2709,463,35166,0.408432,0.25,1,1565301,1564838,463
120745181,49.3264,34.2542,486,35226,0.441686,0.27,1,1565354,1564868,486
120748101,32.2653,48.4508,462,35286,0.448337,0.25,1,1565382,1564920,462
120751021,25.6531,32.8902,457,35346,0.449667,0.25,1,1565406,1564949,457
120753941,19.5306,25.778,451,35406,0.465934,0.25,1,1565424,1564973,451
120756861,53.5061,19.5556,495,35466,0.469187,0.23,1,1565486,1564991,495
120759781,12.3012,54.3111,434,35526,0.469837,0.23,1,1565488,1565054,434
120762701,34.4602,12.4622,472,35586,0.485967,0.23,1,1565528,1565056,472
120765621,55.692,32.8924,495,35645,0.537193,0.31,1,1565589,1565094,495
120768541,12.7384,52.9785,439,35704,0.515439,0.39,1,1565591,1565152,439
120771461,60.1477,65.7957,442,35763,0.575088,0.41,1,1565663,1565221,442
120774381,52.0295,53.1591,442,35822,0.635018,0.41,1,1565713,1565271,442
120777301,35.2059,34.6318,443,35881,0.631004,0.45,1,1565744,1565301,443
120780221,50.2412,49.3264,444,35940,0.646201,0.45,1,1565798,1565354,444
120783141,32.4482,32.2653,444,35999,0.68124,0.45,1,1565826,1565382,444
120786061,26.4896,25.6531,445,36058,0.672248,0.47,1,1565851,1565406,445
120788981,19.6979,19.5306,445,36117,0.70245,0.47,1,1565869,1565424,445
120791901,53.5396,53.5061,445,36176,0.70849,0.47,1,1565931,1565486,445
120794821,12.3079,12.3012,445,36234,0.709698,0.49,1,1565933,1565488,445
120797741,35.2616,34.4602,446,36292,0.70994,0.55,1,1565974,1565528,446
120800661,57.4523,55.692,448,36350,0.741988,0.51,1,1566037,1565589,448
120803581,13.0905,12.7384,448,36408,0.748398,0.59,1,1566039,1565591,448
120806501,62.6181,60.1477,451,36466,0.78168,0.65,2,1566114,1565663,451
120809421,53.3236,52.0295,452,36524,0.820336,0.63,2,1566165,1565713,452
120812341,36.2647,35.2059,453,36582,0.812067,0.65,2,1566197,1565744,453
120815261,51.2529,50.2412,454,36640,0.842413,0.69,2,1566252,1565798,454
120818181,32.6506,32.4482,454,36698,0.848483,0.67,2,1566280,1565826,454
120821101,27.3301,26.4896,455,36756,0.849697,0.71,2,1566306,1565851,455
120824021,19.866,19.6979,455,36813,0.881939,0.71,2,1566324,1565869,455
120826941,53.5732,53.5396,455,36870,0.872388,0.71,2,1566386,1565931,455
120829861,12.3146,12.3079,455,36927,0.870477,0.71,2,1566388,1565933,455
120832781,36.8629,35.2616,457,36984,0.886096,0.75,2,1566431,1565974,457
120835701,59.3726,57.4523,459,37041,0.889219,0.75,2,1566496,1566037,459
120838621,13.4745,13.0905,459,37098,0.857844,0.79,2,1566498,1566039,459
120996301,50,36,502,40058,0.63,1,1,1568628,1568126,502
120999221,39.6,7.2,539,40111,0.614,1,1,1568665,1568126,539
121002141,28.72,39.04,518,40164,0.5788,1,1,1568691,1568173,518
121005061,28.944,31.808,517,40217,0.52376,1,1,1568720,1568203,517
121007981,29.7888,34.3616,512,40270,0.480752,1,1,1568750,1568238,512
121010901,32.3578,30.8723,515,40322,0.50415,1,1,1568783,1568268,515
121013821,27.2716,25.3745,517,40374,0.38083,1,1,1568809,1568292,517
121016741,29.4543,29.0749,517,40426,0.148166,1,1,1568839,1568322,517
121019661,32.2909,32.215,517,40478,0.0536332,1,1,1568872,1568355,517
121022581,27.2582,37.643,504,40530,0.0107266,1,1,1568898,1568394,504
121025501,51.0516,30.7286,532,40582,0.0421453,1,1,1568955,1568423,532
121028421,54.2103,49.3457,533,40634,0.0164291,0.94,1,1569010,1568477,533
121031341,35.6421,60.2691,501,40686,0.0432858,0.87,1,1569041,1568540,501
121034261,38.3284,42.4538,502,40738,0.0646572,0.63,1,1569080,1568578,502
121037181,33.2657,48.4908,484,40790,0.0369314,0.61,1,1569112,1568628,484
121040101,29.0531,39.2982,475,40842,0.0473863,0.57,1,1569140,1568665,475
121043021,24.2106,28.6596,472,40894,0.0174773,0.51,1,1569163,1568691,472
121045941,26.4421,28.9319,470,40946,0.0434955,0.47,1,1569190,1568720,470
121048861,30.0884,29.7864,471,40998,0.0326991,0.51,1,1569221,1568750,471
121051781,23.6177,32.3573,460,41049,0.0625398,0.35,1,1569243,1568783,460
121054701,23.1235,27.2715,457,41100,0.068508,0.09,1,1569266,1568809,457
121057621,27.0247,29.4543,455,41151,0.0537016,0.03,1,1569294,1568839,455
121060541,26.2049,32.2909,448,41202,0.0347403,0,1,1569320,1568872,448
121063461,50.841,27.2582,479,41253,0.0469481,0.05,1,1569377,1568898,479
121066381,56.5682,51.0516,480,41304,0.0333896,0.01,1,1569435,1568955,480
121069301,34.5136,54.2103,454,41355,0.0306779,0.05,1,1569464,1569010,454
121072221,37.3027,35.6421,461,41406,0.0301356,0.07,1,1569502,1569041,461
121075141,32.2605,38.3284,453,41457,0.00602712,0.03,1,1569533,1569080,453
121078061,28.8521,33.2657,449,41508,0.00920542,0.05,1,1569561,1569112,449
121080981,7.37042,29.0531,423,41559,0.00984108,0.01,1,1569563,1569140,423
121083901,19.8741,24.2106,423,41610,0.0579682,0.05,1,1569586,1569163,423
121086821,26.3748,26.4421,424,41661,0.0675936,0.03,1,1569614,1569190,424
121089741,28.475,30.0884,422,41712,0.0535187,0.07,1,1569643,1569221,422
121092661,28.095,23.6177,428,41763,0.0507037,0.07,1,1569671,1569243,428
121095581,20.819,23.1235,424,41814,0.0661407,0.05,1,1569690,1569266,424
121098501,25.7638,27.0247,423,41864,0.0692281,0.03,1,1569717,1569294,423
121101421,25.1528,26.2049,422,41914,0.0698456,0.05,1,1569742,1569320,422
121104341,50.6306,50.841,422,41964,0.0219691,0.03,1,1569799,1569377,422
121107261,58.9261,56.5682,425,42014,0.0123938,0.03,1,1569860,1569435,425
121110181,34.1852,34.5136,424,42064,0.0264788,0.03,1,1569888,1569464,424
121113101,36.437,37.3027,423,42114,0.0612958,0,1,1569925,1569502,423
121116021,32.0874,32.2605,423,42164,0.0362592,0.01,1,1569956,1569533,423
121118941,28.8175,28.8521,423,42214,0.0632518,0.01,1,1569984,1569561,423
121121861,7.3635,7.37042,423,42264,0.0686504,0.07,1,1569986,1569563,423
121124781,19.8727,19.8741,423,42314,0.0697301,0.07,1,1570009,1569586,423
121127701,26.3745,26.3748,423,42364,0.069946,0.05,1,1570037,1569614,423
121130621,27.6749,28.475,422,42414,0.101989,0.05,1,1570065,1569643,422
121133541,29.535,28.095,424,42464,0.0443978,0.07,1,1570095,1569671,424
121136461,20.307,20.819,423,42514,0.0648796,0.07,1,1570113,1569690,423
121139381,28.0614,25.7638,426,42564,0.100976,0.07,1,1570143,1569717,426
121142301,22.4123,25.1528,422,42614,0.140195,0.01,1,1570164,1569742,422
121145221,50.0825,50.6306,422,42664,0.036039,0.01,1,1570221,1569799,422
121148141,58.8165,58.9261,422,42713,0.0152078,0.03,1,1570282,1569860,422
121151061,34.1633,34.1852,422,42762,0.0270416,0.07,1,1570310,1569888,422
121153981,37.2327,36.437,423,42811,0.0454083,0.03,1,1570348,1569925,423
121156901,31.4465,32.0874,422,42860,0.0330817,0.07,1,1570378,1569956,422
121159821,28.6893,28.8175,422,42909,0.0466163,0.07,1,1570406,1569984,422
121162741,7.33786,7.3635,422,42958,0.0493233,0.07,1,1570408,1569986,422
121165661,20.6676,19.8727,423,43007,0.0658647,0.07,1,1570432,1570009,423
121168581,27.3335,3.97454,452,43056,0.0531729,0.07,1,1570461,1570009,452
121171501,27.8667,23.1949,452,43105,0.0506346,0.11,1,1570489,1570037,452
121174421,28.7733,27.039,453,43154,0.0341269,0.03,1,1570518,1570065,453
121177341,20.9547,29.4078,442,43203,0.0148254,0.07,1,1570537,1570095,442
121180261,29.7909,20.2816,456,43252,0.0749651,0.11,1,1570569,1570113,456
121183181,21.1582,28.0563,445,43301,0.118993,0.15,1,1570588,1570143,445
121186101,48.2316,22.4113,479,43350,0.0477986,0.01,1,1570643,1570164,479
121189021,57.6463,50.0823,482,43399,0.0335597,0.01,1,1570703,1570221,482
121191941,33.9293,58.8164,449,43448,0.00671194,0.03,1,1570731,1570282,449
121194861,37.9859,34.1633,460,43497,0.0413424,0.05,1,1570770,1570310,460
121197781,30.7972,37.2327,451,43546,0.0802685,0.03,1,1570799,1570348,451
121200701,28.5594,31.4465,449,43594,0.104054,0.05,1,1570827,1570378,449
121203621,7.31189,28.6893,423,43642,0.108811,0.05,1,1570829,1570406,423
121206541,21.4624,7.33786,446,43690,0.0617621,0.07,1,1570854,1570408,446
121209461,28.2925,20.6676,452,43738,0.0683524,0.05,1,1570884,1570432,452
121212381,28.0585,27.3335,451,43786,0.0696705,0.05,1,1570912,1570461,451
121215301,28.0117,27.8667,451,43834,0.101934,0.03,1,1570940,1570489,451
121218221,22.4023,28.7733,443,43882,0.0923868,0.01,1,1570961,1570518,443
121221141,30.8805,20.9547,457,43930,0.0744774,0.09,1,1570994,1570537,457
121224061,22.9761,29.7909,446,43978,0.0548955,0.13,1,1571015,1570569,446
121226981,44.5952,21.1582,477,44026,0.0509791,0.03,1,1571065,1570588,477
121229901,56.919,48.2316,482,44074,0.0501958,0.03,1,1571125,1570643,482
121232821,33.7838,57.6463,450,44122,0.0820392,0,1,1571153,1570703,450
121235741,40.3568,33.9293,464,44170,0.0884078,0.05,1,1571195,1570731,464
121238661,31.2714,37.9859,454,44218,0.105682,0.09,1,1571224,1570770,454
121241581,27.8543,30.7972,452,44266,0.141136,0.11,1,1571251,1570799,452
121244501,7.17085,28.5594,426,44314,0.148227,0.11,1,1571253,1570827,426
121247421,20.6342,7.31189,448,44362,0.165645,0.05,1,1571277,1570829,448
121250341,28.9268,21.4624,454,44410,0.169129,0.07,1,1571308,1570854,454
121253261,28.9854,28.2925,453,44457,0.169826,0.07,1,1571337,1570884,453
121256181,7.39707,28.0585,427,44504,0.169965,0.11,1,1571339,1570912,427
121259101,23.8794,28.0117,427,44551,0.201993,0.09,1,1571367,1570940,427
121262021,20.7759,22.4023,426,44598,0.176399,0.07,1,1571387,1570961,426
121264941,29.7552,30.8805,425,44645,0.18728,0.05,1,1571419,1570994,425
121267861,21.951,22.9761,424,44692,0.237456,0.05,1,1571439,1571015,424
121270781,45.1902,44.5952,425,44739,0.231491,0.05,1,1571490,1571065,425
121273701,56.238,56.919,424,44786,0.214298,0.09,1,1571549,1571125,424
121276621,35.2476,33.7838,426,44833,0.25886,0.09,1,1571579,1571153,426
121279541,40.6495,40.3568,426,44880,0.331772,0.11,1,1571621,1571195,426
121282461,32.1299,31.2714,427,44927,0.346354,0.15,1,1571651,1571224,427
121285381,29.626,27.8543,429,44974,0.381271,0.15,1,1571680,1571251,429
121288301,7.5252,7.17085,429,45021,0.388254,0.17,1,1571682,1571253,429
121291221,22.305,20.6342,431,45068,0.357651,0.17,1,1571708,1571277,431
121294141,28.461,28.9268,430,45115,0.35153,0.17,1,1571738,1571308,430
121297061,28.8922,28.9854,430,45162,0.430306,0.17,1,1571767,1571337,430
121299981,7.37844,7.39707,430,45209,0.446061,0.21,1,1571769,1571339,430
121302901,23.8757,23.8794,430,45256,0.433212,0.17,1,1571797,1571367,430
121305821,20.7751,20.7759,430,45303,0.446642,0.19,1,1571817,1571387,430
121308741,31.355,29.7552,432,45350,0.481329,0.25,1,1571851,1571419,432
121311661,22.271,21.951,432,45397,0.456266,0.23,1,1571871,1571439,432
121314581,46.0542,45.1902,433,45443,0.483253,0.21,1,1571923,1571490,433
121317501,55.6108,56.238,432,45489,0.472651,0.27,1,1571981,1571549,432
121320421,38.3222,35.2476,436,45535,0.50253,0.35,1,1572015,1571579,436
121323341,42.0644,40.6495,437,45581,0.508506,0.35,1,1572058,1571621,437
121326261,34.0129,32.1299,439,45627,0.525701,0.39,1,1572090,1571651,439
121329181,30.0026,29.626,439,45673,0.56114,0.39,1,1572119,1571680,439
121332101,7.60052,7.5252,439,45719,0.568228,0.35,1,1572121,1571682,439
121335021,22.3201,22.305,439,45765,0.537646,0.35,1,1572147,1571708,439
121337941,28.464,28.461,439,45811,0.531529,0.45,1,1572177,1571738,439
121340861,31.2928,28.8922,442,45857,0.578306,0.45,1,1572209,1571767,442
121343781,7.85856,7.37844,442,45903,0.555661,0.43,1,1572211,1571769,442
121346701,24.7717,23.8757,443,45949,0.583132,0.43,1,1572240,1571797,443
121349621,20.9543,4.77514,463,45995,0.604626,0.45,1,1572260,1571797,463
121352541,31.3909,16.955,477,46041,0.624925,0.49,1,1572294,1571817,477
121355461,22.2782,30.591,463,46087,0.644985,0.45,1,1572314,1571851,463
121358381,46.0556,22.1182,495,46133,0.648997,0.49,1,1572366,1571871,495
121361301,56.4111,46.0236,502,46179,0.665799,0.47,1,1572425,1571923,502
121364221,38.4822,55.6047,478,46225,0.68516,0.51,1,1572459,1571981,478
121367141,42.0964,38.3209,487,46271,0.705032,0.51,1,1572502,1572015,487
121370061,37.2193,42.0642,480,46317,0.693006,0.53,1,1572538,1572058,480
121372981,29.8439,34.0128,476,46363,0.706601,0.57,1,1572566,1572090,476
121375901,7.56877,30.0026,449,46408,0.70932,0.57,1,1572568,1572119,449
121378821,22.3138,7.60051,473,46453,0.709864,0.53,1,1572594,1572121,473
121381741,28.4628,22.3201,477,46498,0.741973,0.53,1,1572624,1572147,477
121384661,32.0925,28.464,480,46543,0.764395,0.59,2,1572657,1572177,480
121387581,8.01851,31.2928,450,46588,0.768879,0.55,2,1572659,1572209,450
121390501,27.2037,7.85856,480,46633,0.785776,0.59,2,1572691,1572211,480
121393421,21.4407,24.7717,471,46678,0.773155,0.61,2,1572711,1572240,471
121396341,33.0881,20.9543,487,46723,0.802631,0.63,2,1572747,1572260,487
121399261,22.6176,31.3909,473,46768,0.808526,0.65,2,1572767,1572294,473
121402181,46.1235,22.2782,505,46813,0.825705,0.65,2,1572819,1572314,505
121405101,57.2247,46.0556,513,46858,0.829141,0.67,2,1572879,1572366,513
121408021,39.4449,56.4111,489,46903,0.829828,0.69,2,1572914,1572425,489
121410941,43.089,38.4822,499,46948,0.829966,0.71,2,1572958,1572459,499
121413861,37.4178,42.0964,492,46993,0.861993,0.69,2,1572994,1572502,492
121416781,29.8836,37.2193,484,47038,0.852399,0.71,2,1573022,1572538,484
121419701,7.57671,29.8439,458,47083,0.85048,0.71,2,1573024,1572566,458
121422621,22.3153,7.56877,482,47128,0.866096,0.71,2,1573050,1572568,482
121425541,30.0631,22.3138,488,47173,0.869219,0.75,2,1573082,1572594,488
121428461,33.2126,28.4628,492,47218,0.885844,0.77,2,1573116,1572624,492
121431381,8.24252,32.0925,461,47263,0.889169,0.77,2,1573118,1572657,461
121434301,27.2485,8.01851,491,47308,0.905834,0.79,2,1573150,1572659,491
121437221,21.4497,27.2037,479,47353,0.909167,0.77,2,1573170,1572691,479
121440141,5.88994,21.4407,461,47398,0.909833,0.81,2,1573172,1572711,461
121657681,68,43,448,22724,0.17,0.13,1,1575815,1575367,448
121660601,68,46.2,469,22817,0.17,0.17,1,1575883,1575414,469
121663521,48.8,56.44,454,22910,0.186,0.13,1,1575927,1575473,454
121666441,66.56,44.888,483,23003,0.2212,0.25,1,1575998,1575515,483
121669361,33.312,64.9776,438,23095,0.24424,0.19,1,1576023,1575585,438
121672281,57.8624,27.3955,484,23187,0.248848,0.23,1,1576087,1575603,484
121675201,82.7725,62.2791,502,23278,0.26577,0.17,1,1576176,1575674,502
121678121,69.3545,70.8558,495,23369,0.333154,0.17,1,1576242,1575747,495
121681041,70.6709,68.5712,498,23460,0.394631,0.17,1,1576313,1575815,498
121683961,49.3342,68.1142,474,23550,0.390926,0.19,1,1576357,1575883,474
121686881,68.2668,48.8228,503,23640,0.406185,0.23,1,1576430,1575927,503
121689801,32.8534,66.5646,456,23730,0.425237,0.25,1,1576454,1575998,456
121692721,59.3707,33.3129,497,23819,0.445047,0.25,1,1576520,1576023,497
121695641,83.8741,57.8626,523,23908,0.497009,0.27,1,1576610,1576087,523
121698561,18.3748,82.7725,436,23997,0.507402,0.35,1,1576612,1576176,436
121701481,58.875,69.3545,439,24085,0.52548,0.41,1,1576681,1576242,439
121704401,69.375,70.6709,440,24173,0.577096,0.39,1,1576753,1576313,440
121707321,49.875,49.3342,441,24261,0.603419,0.41,1,1576798,1576357,441
121710241,69.975,68.2668,443,24348,0.592684,0.43,1,1576873,1576430,443
121713161,33.195,32.8534,443,24435,0.558537,0.45,1,1576897,1576454,443
121716081,61.839,59.3707,446,24522,0.583707,0.51,1,1576966,1576520,446
121719001,85.1678,83.8741,447,24608,0.620741,0.51,1,1577057,1576610,447
121721921,18.6336,18.3748,447,24694,0.628148,0.53,1,1577059,1576612,447
121724841,59.7267,58.875,448,24780,0.70963,0.59,1,1577129,1576681,448
121727761,71.1453,69.375,450,24866,0.725926,0.61,1,1577203,1576753,450
121730681,50.2291,49.875,450,24951,0.761185,0.59,2,1577248,1576798,450
121733601,69.2458,69.975,449,25036,0.768237,0.55,2,1577322,1576873,449
121736521,33.8492,33.195,450,25121,0.785647,0.59,2,1577347,1576897,450
121739441,62.7698,61.839,451,25205,0.789129,0.63,2,1577417,1576966,451
121742361,87.754,85.1678,454,25289,0.837826,0.63,2,1577511,1577057,454
121745281,19.1508,18.6336,454,25373,0.847565,0.73,2,1577513,1577059,454
121748201,61.4302,59.7267,456,25457,0.897513,0.73,2,1577585,1577129,456
121751121,70.686,11.9453,529,25540,0.907503,0.73,2,1577658,1577129,529
121754041,51.7372,61.5891,502,25623,0.893501,0.77,2,1577705,1577203,502
121865001,64,33,534,28595,0.91,1,2,1579790,1579256,534
121999321,38,40,517,31821,0.51,1,1,1582091,1581574,517
122002241,39.6,40,517,31887,0.382,1,1,1582131,1581614,517
122005161,38.32,36,520,31953,0.2284,1,1,1582169,1581649,520
122008081,38.864,36.8,522,32019,0.04568,1,1,1582208,1581686,522
122011001,69.3728,36.96,562,32085,0.009136,1,1,1582285,1581723,562
122013921,42.6746,72.192,517,32151,0.0418272,1,1,1582321,1581804,517
122016841,42.9349,44.0384,523,32217,0.0483654,1,1,1582364,1581841,523
122019761,50.987,44.0077,532,32283,0.0496731,1,1,1582417,1581885,532
122022681,60.5974,61.6015,529,32349,0.0499346,0.69,1,1582480,1581951,529
122025601,30.5195,72.3203,477,32414,0.0979869,0.55,1,1582503,1582026,477
122028521,31.7039,36.0641,482,32479,0.0435974,0.51,1,1582535,1582053,482
122031441,31.9408,37.6128,476,32544,0.0647195,0.35,1,1582567,1582091,476
122034361,29.5882,39.5226,465,32609,0.0529439,0.19,1,1582596,1582131,465
122037281,33.9176,38.3045,462,32674,0.0505888,0,1,1582631,1582169,462
122040201,66.7835,38.8609,498,32739,0.0101178,0,1,1582706,1582208,498
122043121,14.9567,69.3722,423,32804,0.00202355,0.05,1,1582708,1582285,423
122046041,31.7913,42.6744,423,32868,0.0404047,0.05,1,1582744,1582321,423
122048961,43.1583,42.9349,426,32932,0.0960809,0.05,1,1582790,1582364,426
122051881,50.2317,50.987,425,32996,0.123216,0.05,1,1582842,1582417,425
122054801,62.0463,60.5974,427,33060,0.176643,0.11,1,1582907,1582480,427
122057721,29.2093,30.5195,425,33124,0.187329,0.03,1,1582928,1582503,425
122060641,31.4419,31.7039,425,33188,0.189466,0.07,1,1582960,1582535,425
122063561,33.4884,31.9408,427,33252,0.189893,0.05,1,1582994,1582567,427
122066481,28.2977,29.5882,425,33316,0.221979,0.05,1,1583021,1582596,425
122069401,32.8595,33.9176,424,33379,0.212396,0,1,1583055,1582631,424
122072321,64.9719,66.7835,422,33442,0.178479,0,1,1583128,1582706,422
122075241,14.5944,14.9567,422,33505,0.139696,0.05,1,1583130,1582708,422
122078161,34.9189,31.7913,426,33568,0.0359392,0.11,1,1583170,1582744,426
122081081,44.5838,43.1583,427,33631,0.0791878,0.13,1,1583217,1582790,427
122084001,49.7168,50.2317,426,33694,0.0718376,0.19,1,1583268,1582842,426
122086921,64.3434,62.0463,429,33757,0.0863675,0.19,1,1583336,1582907,429
122089841,31.2687,29.2093,431,33820,0.0412735,0.19,1,1583359,1582928,431
122092761,31.8537,31.4419,431,33883,0.0962547,0.19,1,1583391,1582960,431
122095681,33.5707,33.4884,431,33945,0.0752509,0.23,1,1583425,1582994,431
122098601,28.3141,28.2977,431,34007,0.0870502,0.21,1,1583452,1583021,431
122101521,34.4628,32.8595,433,34069,0.08941,0.17,1,1583488,1583055,433
122104441,59.6926,64.9719,426,34131,0.137882,0.13,1,1583554,1583128,426
122107361,13.5385,14.5944,426,34193,0.115576,0.01,1,1583556,1583130,426
122110281,32.3077,34.9189,423,34255,0.127115,0.01,1,1583593,1583170,423
122113201,45.6615,6.98377,472,34317,0.113423,0.09,1,1583642,1583170,472
122116121,49.1323,38.9968,475,34379,0.142685,0.07,1,1583692,1583217,475
122119041,63.4265,48.5994,491,34441,0.212537,0.09,1,1583759,1583268,491
122121961,30.2853,64.1199,445,34502,0.242507,0.03,1,1583781,1583336,445
122124881,33.2571,31.224,456,34563,0.248501,0.11,1,1583815,1583359,456
122127801,33.8514,31.8448,458,34624,0.2817,0.07,1,1583849,1583391,458
122130721,29.1703,33.569,452,34685,0.30434,0.09,1,1583877,1583425,452
122133641,35.4341,28.3138,462,34746,0.324868,0.09,1,1583914,1583452,462
122136561,59.8868,34.4628,492,34807,0.360974,0.15,1,1583980,1583488,492
122139481,13.5774,59.6926,428,34868,0.368195,0.11,1,1583982,1583554,428
122142401,31.5155,13.5385,462,34929,0.369639,0.13,1,1584018,1583556,462
122145321,46.3031,32.3077,475,34990,0.369928,0.11,1,1584068,1583593,475
122148241,52.4606,45.6615,480,35050,0.417986,0.15,1,1584122,1583642,480
122151161,66.4921,49.1323,500,35110,0.443597,0.23,1,1584192,1583692,500
122154081,30.8984,63.4265,455,35170,0.480719,0.25,1,1584214,1583759,455
122157001,33.3797,30.2853,467,35230,0.488144,0.25,1,1584248,1583781,467
122159921,35.4759,33.2571,469,35290,0.553629,0.29,1,1584284,1583815,469
122162841,30.2952,33.8514,464,35350,0.550726,0.31,1,1584313,1583849,464
122165761,36.459,29.1703,474,35410,0.550145,0.33,1,1584351,1583877,474
122168681,61.6918,35.4341,505,35470,0.518029,0.37,1,1584419,1583914,505
122171601,13.9384,59.8868,441,35530,0.511606,0.37,1,1584421,1583980,441
122174521,31.5877,13.5774,475,35589,0.526321,0.37,1,1584457,1583982,475
122177441,47.9175,31.5155,491,35648,0.529264,0.37,1,1584509,1584018,491
122180361,11.1835,46.3031,443,35707,0.529853,0.43,1,1584511,1584068,443
122183281,45.4367,52.4606,443,35766,0.561971,0.45,1,1584565,1584122,443
122186201,67.4873,66.4921,446,35825,0.600394,0.49,1,1584638,1584192,446
122189121,31.0975,30.8984,446,35884,0.624079,0.49,1,1584660,1584214,446
122192041,33.4195,33.3797,446,35943,0.628816,0.57,1,1584694,1584248,446
122194961,38.6839,35.4759,450,36002,0.645763,0.55,1,1584734,1584284,450
122197881,30.1368,30.2952,449,36061,0.681153,0.55,1,1584762,1584313,449
122200801,36.4274,36.459,449,36120,0.688231,0.51,1,1584800,1584351,449
122203721,60.0855,61.6918,447,36179,0.737646,0.51,1,1584866,1584419,447
122206641,13.6171,13.9384,447,36237,0.715529,0.53,1,1584868,1584421,447
122209561,32.3234,31.5877,448,36295,0.711106,0.53,1,1584905,1584457,448
122212481,48.0647,47.9175,448,36353,0.742221,0.53,1,1584957,1584509,448
122215401,11.2129,11.1835,448,36411,0.796444,0.57,2,1584959,1584511,448
122218321,45.4426,45.4367,448,36469,0.823289,0.61,2,1585013,1584565,448
122221241,70.6885,67.4873,452,36527,0.844658,0.63,2,1585090,1584638,452
122224161,32.5377,31.0975,453,36585,0.832932,0.63,2,1585113,1584660,453
122227081,34.5075,33.4195,454,36643,0.878586,0.65,2,1585148,1584694,454
122230001,39.7015,38.6839,455,36701,0.871717,0.69,2,1585189,1584734,455
122232921,31.1403,30.1368,456,36759,0.870343,0.69,2,1585218,1584762,456
122235841,36.6281,36.4274,456,36816,0.918069,0.75,2,1585256,1584800,456
122238761,60.9256,60.0855,457,36873,0.911614,0.71,2,1585323,1584866,457
122241681,13.7851,13.6171,457,36930,0.878323,0.71,2,1585325,1584868,457
122244601,32.357,32.3234,457,36987,0.887665,0.75,2,1585362,1584905,457
122247521,50.4714,48.0647,460,37044,0.937533,0.81,2,1585417,1584957,460
122250441,11.6943,11.2129,460,37101,0.947507,0.83,2,1585419,1584959,460
122405201,34,34,482,40007,0.75,1,2,1587490,1587008,482
122408121,32.4,29.2,486,40060,0.718,1,1,1587522,1587036,486
122411041,24.08,5.84,508,40113,0.6316,1,1,1587544,1587036,508
122413961,22.416,21.168,505,40166,0.59832,1,1,1587566,1587061,505
122416881,34.8832,29.0336,512,40219,0.527664,1,1,1587604,1587092,512
122419801,33.3766,37.0067,506,40271,0.497533,1,1,1587637,1587131,506
122422721,54.6753,34.6013,532,40323,0.411507,1,1,1587697,1587165,532
122425641,47.7351,59.7203,512,40375,0.346301,1,1,1587743,1587231,512
122428561,43.147,41.5441,517,40427,0.23726,0.98,1,1587785,1587268,517
122431481,35.8294,45.1088,505,40479,0.199452,1,1,1587819,1587314,505
122434401,29.5659,37.8218,497,40531,0.15989,1,1,1587847,1587350,497
122437321,21.1132,30.7644,487,40583,0.151978,0.88,1,1587866,1587379,487
122440241,45.8226,21.3529,520,40635,0.0863956,0.79,1,1587918,1587398,520
122443161,33.9645,50.6706,493,40687,0.0892791,0.75,1,1587949,1587456,493
122446081,25.1929,37.3341,482,40739,0.0738558,0.71,1,1587972,1587490,482
122449001,23.4386,33.0668,473,40791,0.0707712,0.61,1,1587995,1587522,473
122451921,21.4877,24.2134,472,40843,0.0701542,0.59,1,1588016,1587544,472
122454841,33.0975,22.4427,486,40895,0.134031,0.51,1,1588052,1587566,486
122457761,29.0195,34.8885,476,40947,0.114806,0.49,1,1588080,1587604,476
122460681,52.2039,33.3777,501,40999,0.142961,0.39,1,1588138,1587637,501
122463601,41.6408,54.6755,480,41050,0.148592,0.33,1,1588177,1587697,480
122466521,38.7282,47.7351,472,41101,0.181718,0.21,1,1588215,1587743,472
122469441,32.5456,43.147,461,41152,0.236344,0.19,1,1588246,1587785,461
122472361,27.3091,35.8294,453,41203,0.199269,0.15,1,1588272,1587819,453
122475281,19.8618,29.5659,443,41254,0.255854,0.15,1,1588290,1587847,443
122478201,47.1724,21.1132,478,41305,0.267171,0.07,1,1588344,1587866,478
122481121,33.4345,45.8226,456,41356,0.237434,0.09,1,1588374,1587918,456
122484041,23.4869,33.9645,446,41407,0.263487,0.07,1,1588395,1587949,446
122486961,23.8974,25.1929,447,41458,0.268697,0.07,1,1588419,1587972,447
122489881,22.3795,23.4386,446,41509,0.285739,0.07,1,1588441,1587995,446
122492801,6.07589,21.4877,427,41560,0.257148,0.15,1,1588443,1588016,427
122495721,31.6152,33.0975,429,41611,0.28343,0.11,1,1588481,1588052,429
122498641,28.723,29.0195,429,41662,0.320686,0.15,1,1588509,1588080,429
122501561,52.1446,52.2039,429,41713,0.328137,0.15,1,1588567,1588138,429
122504481,41.6289,41.6408,429,41764,0.393627,0.19,1,1588606,1588177,429
122507401,41.9258,38.7282,433,41815,0.422725,0.25,1,1588648,1588215,433
122510321,30.7852,32.5456,430,41865,0.460545,0.19,1,1588676,1588246,430
122513241,30.957,27.3091,435,41915,0.468109,0.27,1,1588707,1588272,435
122516161,18.9914,19.8618,433,41965,0.437622,0.27,1,1588723,1588290,433
122519081,48.5983,47.1724,435,42015,0.479524,0.23,1,1588779,1588344,435
122522001,32.9197,33.4345,434,42065,0.503905,0.27,1,1588808,1588374,434
122524921,24.1839,23.4869,435,42115,0.508781,0.27,1,1588830,1588395,435
122527841,24.0368,23.8974,435,42165,0.509756,0.29,1,1588854,1588419,435
122530761,23.2074,22.3795,436,42215,0.493951,0.25,1,1588877,1588441,436
122533681,6.24147,6.07589,436,42265,0.49079,0.29,1,1588879,1588443,436
122536601,31.6483,31.6152,436,42315,0.538158,0.33,1,1588917,1588481,436
122539521,28.7297,28.723,436,42365,0.563632,0.33,1,1588945,1588509,436
122542441,53.7459,52.1446,438,42415,0.568726,0.41,1,1589005,1588567,438
122545361,43.5492,41.6289,440,42465,0.601745,0.43,1,1589046,1588606,440
122548281,43.1098,41.9258,441,42515,0.640349,0.47,1,1589089,1588648,441
122551201,33.422,30.7852,444,42565,0.61607,0.47,1,1589120,1588676,444
122554121,30.6844,30.957,443,42615,0.643214,0.43,1,1589150,1588707,443
122557041,18.9369,18.9914,443,42665,0.616643,0.49,1,1589166,1588723,443
122559961,50.9874,48.5983,446,42714,0.627329,0.51,1,1589225,1588779,446
122562881,32.5975,32.9197,445,42763,0.645466,0.51,1,1589253,1588808,445
122565801,24.1195,24.1839,445,42812,0.649093,0.51,1,1589275,1588830,445
122568721,24.0239,24.0368,445,42861,0.617819,0.49,1,1589299,1588854,445
122571641,24.0048,23.2074,446,42910,0.659564,0.49,1,1589323,1588877,446
122574561,6.40096,6.24147,446,42959,0.635913,0.55,1,1589325,1588879,446
122577481,34.0802,31.6483,449,43008,0.679183,0.55,1,1589366,1588917,449
122580401,29.216,6.32966,477,43057,0.655836,0.57,1,1589394,1588917,477
122583321,52.2432,23.6659,507,43106,0.667167,0.57,1,1589452,1588945,507
122586241,44.8486,52.7332,490,43155,0.669433,0.61,1,1589495,1589005,490
122589161,44.9697,43.3466,494,43204,0.685887,0.65,1,1589540,1589046,494
122592081,33.7939,43.0693,482,43253,0.721177,0.61,1,1589571,1589089,482
122595001,30.7588,33.4139,481,43302,0.744235,0.65,1,1589601,1589120,481
122597921,18.9518,30.6828,467,43351,0.748847,0.61,1,1589617,1589150,467
122600841,50.9904,18.9366,510,43400,0.797769,0.63,2,1589676,1589166,510
122603761,32.5981,50.9873,479,43449,0.823554,0.65,2,1589704,1589225,479
122606681,24.1196,32.5975,473,43498,0.828711,0.65,2,1589726,1589253,473
122609601,24.0239,24.1195,475,43547,0.829742,0.61,2,1589750,1589275,475
122612521,24.8048,24.0239,476,43595,0.845948,0.67,2,1589775,1589299,476
122615441,6.56096,24.0048,454,43643,0.84919,0.63,2,1589777,1589323,454
122618361,34.9122,6.40096,494,43691,0.881838,0.69,2,1589819,1589325,494
122621281,30.1824,34.0802,482,43739,0.872368,0.65,2,1589848,1589366,482
122624201,52.4365,29.216,512,43787,0.918473,0.67,2,1589906,1589394,512
123161481,77,89,456,23360,0.03,0.47,1,1596038,1595582,456
123170241,65.8,81.8,439,23360,0.014,0.15,1,1596101,1595662,439
123202361,42.76,55.56,427,23360,0.0908,0.11,1,1596138,1595711,427
123205281,71.752,41.512,468,24178,0.02616,0.01,1,1596217,1595749,468
123208201,92.7504,77.1024,480,24266,0.029232,0.05,1,1596315,1595835,480
123211121,36.9501,61.8205,445,24353,0.0458464,0.01,1,1596338,1595893,445
123214041,22.59,32.3641,439,24440,0.0331693,0.07,1,1596357,1595918,439
123216961,25.318,29.6728,436,24527,0.0306339,0.03,1,1596383,1595947,436
123219881,67.4636,62.7346,443,24613,0.00612677,0.03,1,1596461,1596018,443
123222801,64.6927,47.7469,463,24699,0.00922535,0.09,1,1596525,1596062,463
123225721,40.9385,55.1494,441,24785,0.0578451,0.01,1,1596560,1596119,441
123228641,72.1877,89.4299,423,24871,0.035569,0.03,1,1596640,1596217,423
123231561,94.4375,96.286,425,24956,0.0311138,0.05,1,1596740,1596315,425
123234481,34.8875,37.6572,422,25041,0.0142228,0.03,1,1596760,1596338,422
123237401,24.5775,22.7314,425,25126,0.0108446,0.03,1,1596782,1596357,425
123240321,25.7155,25.3463,425,25210,0.0421689,0,1,1596808,1596383,425
123243241,65.9431,67.4693,423,25294,0.0324338,0.01,1,1596884,1596461,423
123246161,64.3886,64.6939,423,25378,0.110487,0.07,1,1596948,1596525,423
123249081,42.4777,40.9388,425,25461,0.126097,0.07,1,1596985,1596560,425
123252001,69.2955,8.18775,501,25544,0.0492195,0.03,1,1597061,1596560,501
123254921,93.8591,65.6376,521,25627,0.0338439,0.03,1,1597161,1596640,521
123257841,34.7718,93.1275,441,25710,0.0307688,0.01,1,1597181,1596740,441
123260761,24.5544,34.6255,443,25792,0.0141538,0.01,1,1597203,1596760,443
123263681,26.5109,24.5251,448,25874,0.0428308,0.05,1,1597230,1596782,448
123266601,65.3022,25.705,497,25956,0.00856615,0.03,1,1597305,1596808,497
123269521,68.2604,65.941,490,26038,0.0577132,0.13,1,1597374,1596884,490
123272441,44.0521,64.3882,464,26119,0.131543,0.13,1,1597412,1596948,464
123275361,65.6104,42.4776,498,26200,0.162309,0.03,1,1597483,1596985,498
123278281,93.1221,69.2955,522,26281,0.0564617,0.03,1,1597583,1597061,522
123281201,34.6244,93.8591,442,26362,0.0352923,0.03,1,1597603,1597161,442
123284121,24.5249,34.7718,444,26442,0.0150585,0.01,1,1597625,1597181,444
123287041,27.305,24.5544,450,26522,0.0270117,0.05,1,1597653,1597203,450
123289961,64.661,26.5109,497,26602,0.0614023,0,1,1597727,1597230,497
123292881,71.3322,65.3022,495,26682,0.0522805,0.07,1,1597800,1597305,495
123295801,46.2664,68.2604,466,26761,0.0824561,0.15,1,1597840,1597374,466
123298721,65.2533,44.0521,498,26840,0.0884912,0.17,1,1597910,1597412,498
123301641,14.6507,65.6104,429,26919,0.0896982,0.03,1,1597912,1597483,429
123304561,77.3301,93.1221,422,26998,0.0579396,0.03,1,1598005,1597583,422
123307481,32.266,34.6244,423,27076,0.0515879,0.01,1,1598026,1597603,423
123310401,23.2532,24.5249,422,27154,0.0663176,0.03,1,1598047,1597625,422
123313321,27.8506,27.305,423,27232,0.0212635,0.07,1,1598076,1597653,423
123316241,64.7701,64.661,423,27310,0.0762527,0.05,1,1598150,1597727,423
123319161,72.954,71.3322,425,27388,0.0232505,0.09,1,1598225,1597800,425
123322081,47.3908,46.2664,426,27465,0.0766501,0.09,1,1598266,1597840,426
123325001,65.4782,65.2533,426,27542,0.11933,0.09,1,1598336,1597910,426
123327921,14.6956,14.6507,426,27619,0.159866,0.05,1,1598338,1597912,426
123330841,74.9391,77.3301,423,27696,0.255973,0.05,1,1598428,1598005,423
123333761,30.9878,32.266,422,27772,0.283195,0.07,1,1598448,1598026,422
123336681,23.7976,23.2532,423,27848,0.256639,0.01,1,1598470,1598047,423
123339601,27.1595,27.8506,422,27924,0.283328,0.09,1,1598498,1598076,422
123342521,66.2319,64.7701,424,28000,0.304666,0.01,1,1598574,1598150,424
123345441,72.4464,72.954,423,28076,0.324933,0.09,1,1598648,1598225,423
123348361,48.0893,47.3908,424,28151,0.296987,0.13,1,1598690,1598266,424
123351281,68.8179,65.4782,428,28226,0.323397,0.17,1,1598764,1598336,428
123354201,15.3636,14.6956,428,28301,0.328679,0.28,1,1598766,1598338,428
123357121,80.6727,74.9391,435,28376,0.329736,0.28,1,1598863,1598428,435
123360041,32.1345,14.9878,455,28451,0.345947,0.29,1,1598883,1598428,455
123362961,22.4269,18.9976,455,28525,0.349189,0.25,1,1598903,1598448,455
123365881,26.8854,21.3995,461,28599,0.365838,0.29,1,1598931,1598470,461
123368801,68.5771,26.6799,512,28673,0.401168,0.31,1,1599010,1598498,512
123371721,70.5154,66.136,507,28747,0.440233,0.33,1,1599081,1598574,507
123374641,49.3031,72.4272,477,28821,0.448047,0.29,1,1599125,1598648,477
123377561,70.6606,48.0854,511,28894,0.497609,0.33,1,1599201,1598690,511
123380481,15.7321,68.8171,439,28967,0.507522,0.33,1,1599203,1598764,439
123383401,81.5464,15.3634,535,29040,0.541504,0.33,1,1599301,1598766,535
123386321,32.3093,80.6727,458,29113,0.564301,0.35,1,1599321,1598863,458
123389241,23.2619,32.1345,459,29186,0.61686,0.35,1,1599342,1598883,459
123392161,27.0524,22.4269,467,29259,0.611372,0.37,1,1599370,1598903,467
123395081,70.2105,26.8854,520,29331,0.594274,0.41,1,1599451,1598931,520
123398001,72.4421,68.5771,514,29403,0.606855,0.45,1,1599524,1599010,514
123400921,49.6884,70.5154,487,29475,0.609371,0.45,1,1599568,1599081,487
123403841,73.9377,49.3031,523,29547,0.689874,0.51,1,1599648,1599125,523
123406761,16.3875,70.6606,449,29619,0.673975,0.51,1,1599650,1599201,449
123409681,83.2775,15.7321,547,29690,0.718795,0.55,1,1599750,1599203,547
123412601,34.2555,81.5464,471,29761,0.727759,0.57,1,1599772,1599301,471
123415521,22.8511,32.3093,471,29832,0.745552,0.63,1,1599792,1599321,471
123418441,6.17022,23.2619,452,29903,0.74911,0.61,1,1599794,1599342,452
123421361,23.634,27.0524,452,29974,0.749822,0.59,1,1599822,1599370,452
123424281,68.7268,70.2105,451,30045,0.813964,0.61,2,1599902,1599451,451
123427201,72.9454,72.4421,452,30115,0.842793,0.61,2,1599976,1599524,452
123430121,49.7891,49.6884,452,30185,0.880559,0.71,2,1600020,1599568,452
123433041,77.1578,73.9377,456,30255,0.840112,0.67,2,1600104,1599648,456
123435961,17.0316,16.3875,456,30325,0.832022,0.73,2,1600106,1599650,456
123438881,85.0063,83.2775,458,30395,0.910405,0.73,2,1600208,1599750,458
123441801,35.4013,34.2555,459,30465,0.910081,0.75,2,1600231,1599772,459
123444721,23.0803,22.8511,459,30534,0.910016,0.75,2,1600251,1599792,459
123447641,6.21605,6.17022,459,30603,0.910003,0.75,2,1600253,1599794,459
123590721,60,82,481,33824,0.35,1,1,1602593,1602112,481
123593641,51.2,42.8,497,33887,0.174,1,1,1602642,1602145,497
123596561,38.24,30.16,505,33949,0.0428,1,1,1602677,1602172,505
123599481,34.048,34.032,503,34011,0.03256,1,1,1602710,1602207,503
123602401,27.6096,34.0064,495,34073,0.014512,0.99,1,1602736,1602241,495
123605321,33.5219,29.2013,502,34135,0.0429024,1,1,1602771,1602269,502
123608241,33.1044,30.6403,504,34197,0.0485805,1,1,1602804,1602300,504
123611161,33.8209,48.5281,485,34259,0.0177161,1,1,1602838,1602353,485
123614081,34.7642,9.70561,520,34321,0.0435432,1,1,1602873,1602353,520
123617001,55.7528,37.1411,537,34383,0.0327086,0.89,1,1602934,1602397,537
123619921,49.5506,68.2282,509,34444,0.0785417,0.59,1,1602982,1602473,509
123622841,45.1101,61.6456,493,34505,0.0557083,0.35,1,1603026,1602533,493
123625761,41.822,60.3291,474,34566,0.0351417,0.13,1,1603067,1602593,474
123628681,35.5644,51.2658,459,34627,0.0470283,0.01,1,1603101,1602642,459
123631601,33.5129,38.2532,457,34688,0.0494057,0.03,1,1603134,1602677,457
123634521,27.5026,34.0506,450,34749,0.0658811,0.01,1,1603160,1602710,450
123637441,31.1005,27.6101,456,34810,0.0371762,0.05,1,1603192,1602736,456
123640361,32.6201,33.522,454,34871,0.0474352,0.05,1,1603225,1602771,454
123643281,33.724,33.1044,455,34932,0.0334871,0.01,1,1603259,1602804,455
123646201,36.3448,33.8209,458,34993,0.0626974,0.05,1,1603296,1602838,458
123649121,56.069,34.7642,484,35053,0.0205395,0.03,1,1603357,1602873,484
123652041,49.6138,55.7528,471,35113,0.0281079,0.09,1,1603405,1602934,471
123654961,45.1228,49.5506,467,35173,0.0296216,0.05,1,1603449,1602982,467
123657881,40.2246,45.1101,462,35233,0.0139243,0.03,1,1603488,1603026,462
123660801,37.6449,41.822,458,35293,0.00278486,0.05,1,1603525,1603067,458
123663721,31.529,35.5644,454,35353,0.056557,0.05,1,1603555,1603101,454
123666641,27.9058,33.5129,448,35413,0.0833114,0.07,1,1603582,1603134,448
123669561,30.3812,27.5026,453,35473,0.0566623,0.03,1,1603613,1603160,453
123672481,33.2762,31.1005,455,35533,0.0513325,0.05,1,1603647,1603192,455
123675401,33.8552,32.6201,456,35592,0.0342665,0.03,1,1603681,1603225,456
123678321,37.171,33.724,460,35651,0.0788533,0.07,1,1603719,1603259,460
123681241,9.03421,36.3448,425,35710,0.0877707,0.01,1,1603721,1603296,425
123684161,49.0068,56.069,423,35769,0.0895541,0.03,1,1603780,1603357,423
123687081,48.2014,49.6138,423,35828,0.153911,0.03,1,1603828,1603405,423
123690001,44.8403,45.1228,423,35887,0.214782,0.01,1,1603872,1603449,423
123692921,40.1681,40.2246,423,35946,0.210956,0,1,1603911,1603488,423
123695841,37.6336,37.6449,423,36005,0.162191,0.07,1,1603948,1603525,423
123698761,33.1267,31.529,425,36064,0.0884383,0.09,1,1603980,1603555,425
123701681,29.0253,27.9058,426,36123,0.105688,0.05,1,1604008,1603582,426
123704601,27.4051,30.3812,422,36182,0.109138,0.05,1,1604035,1603613,422
123707521,34.281,33.2762,424,36240,0.0458275,0.03,1,1604071,1603647,424
123710441,33.2562,33.8552,423,36298,0.0491655,0.09,1,1604104,1603681,423
123713361,37.8512,37.171,424,36356,0.0498331,0.09,1,1604143,1603719,424
123716281,9.17025,9.03421,424,36414,0.0179666,0.09,1,1604145,1603721,424
123719201,50.634,49.0068,426,36472,0.0435933,0.17,1,1604206,1603780,426
123722121,51.7268,48.2014,430,36530,0.144719,0.23,1,1604258,1603828,430
123725041,46.3454,44.8403,431,36588,0.180944,0.21,1,1604303,1603872,431
123727961,39.6691,40.1681,430,36646,0.188189,0.15,1,1604341,1603911,430
123730881,35.1338,37.6336,427,36704,0.189638,0.07,1,1604375,1603948,427
123733801,31.0268,33.1267,425,36762,0.189928,0.11,1,1604405,1603980,425
123736721,28.6054,29.0253,425,36819,0.157986,0.11,1,1604433,1604008,425
123739641,27.3211,27.4051,425,36876,0.199597,0.03,1,1604460,1604035,425
123742561,34.2642,34.281,425,36933,0.175919,0.05,1,1604496,1604071,425
123745481,30.8528,33.2562,422,36990,0.187184,0.05,1,1604526,1604104,422
123748401,37.3706,37.8512,422,37047,0.141437,0.01,1,1604565,1604143,422
123751321,9.07411,9.17025,422,37104,0.132287,0.05,1,1604567,1604145,422
123754241,52.2148,50.634,424,37161,0.114457,0.05,1,1604630,1604206,424
123757161,54.443,10.1268,479,37218,0.110891,0.17,1,1604685,1604206,479
123760081,47.6886,43.6254,473,37275,0.174178,0.19,1,1604731,1604258,473
123763001,39.9377,44.7251,466,37332,0.218836,0.19,1,1604769,1604303,466
123765921,35.1875,39.345,462,37389,0.227767,0.19,1,1604803,1604341,462
123768841,31.0375,35.069,458,37446,0.229553,0.19,1,1604833,1604375,458
123771761,29.4075,31.0138,457,37502,0.213911,0.15,1,1604862,1604405,457
123774681,27.4815,28.6028,456,37558,0.258782,0.21,1,1604889,1604433,456
123777601,34.2963,27.3206,465,37614,0.267756,0.17,1,1604925,1604460,465
123780521,31.6593,34.2641,460,37670,0.301551,0.19,1,1604956,1604496,460
123783441,35.1319,30.8528,466,37726,0.30831,0.13,1,1604992,1604526,466
123786361,8.62637,37.3706,429,37782,0.309662,0.13,1,1604994,1604565,429
123789281,49.7253,9.07411,487,37838,0.341932,0.11,1,1605054,1604567,487
123792201,55.5451,52.2148,481,37894,0.364386,0.11,1,1605111,1604630,481
123795121,51.909,54.443,477,37950,0.320877,0.19,1,1605162,1604685,477
123798041,41.5818,47.6886,470,38006,0.392175,0.23,1,1605201,1604731,470
123800961,35.5164,39.9377,466,38062,0.422435,0.23,1,1605235,1604769,466
123803881,31.1033,35.1875,462,38118,0.428487,0.23,1,1605265,1604803,462
123806801,30.2207,31.0375,462,38173,0.429697,0.21,1,1605295,1604833,462
123809721,28.4441,29.4075,461,38228,0.42994,0.27,1,1605323,1604862,461
123812641,34.4888,27.4815,470,38283,0.445988,0.27,1,1605359,1604889,470
123815561,33.2978,34.2963,467,38338,0.513198,0.31,1,1605392,1604925,467
123818481,35.4596,31.6593,472,38393,0.52664,0.31,1,1605428,1604956,472
123821401,8.69191,35.1319,438,38448,0.529328,0.31,1,1605430,1604992,438
123824321,51.3384,8.62637,498,38503,0.545866,0.35,1,1605492,1604994,498
123827241,57.4677,49.7253,497,38558,0.549173,0.37,1,1605551,1605054,497
123830161,50.6935,55.5451,489,38613,0.549835,0.31,1,1605600,1605111,489
123833081,11.7387,51.909,440,38668,0.549967,0.41,1,1605602,1605162,440
123836001,35.9477,41.5818,443,38723,0.613993,0.43,1,1605644,1605201,443
123838921,34.3895,35.5164,443,38778,0.690799,0.43,1,1605678,1605235,443
123841841,30.8779,31.1033,443,38832,0.69016,0.43,1,1605708,1605265,443
123844761,30.1756,30.2207,443,38886,0.690032,0.43,1,1605738,1605295,443
123847681,28.4351,28.4441,443,38940,0.722006,0.45,1,1605766,1605323,443
123850601,36.087,34.4888,445,38994,0.696401,0.53,1,1605804,1605359,445
123853521,36.0174,33.2978,448,39048,0.67528,0.53,1,1605840,1605392,448
123856441,36.0035,35.4596,448,39102,0.671056,0.53,1,1605876,1605428,448
123859361,8.8007,8.69191,448,39156,0.638211,0.55,1,1605878,1605430,448
123862281,52.1601,51.3384,449,39210,0.695642,0.55,1,1605941,1605492,449
123865201,57.632,57.4677,449,39264,0.691128,0.55,1,1606000,1605551,449
123868121,51.5264,50.6935,450,39318,0.722226,0.55,1,1606050,1605600,450
123871041,11.9053,11.7387,450,39372,0.728445,0.63,1,1606052,1605602,450
123873961,39.1811,35.9477,454,39426,0.745689,0.71,1,1606098,1605644,454
123876881,35.8362,34.3895,455,39480,0.797138,0.69,2,1606133,1605678,455
123879801,31.9672,30.8779,456,39533,0.839428,0.69,2,1606164,1605708,456
123882721,30.3934,30.1756,456,39586,0.847885,0.73,2,1606194,1605738,456
123885641,28.4787,28.4351,456,39639,0.849577,0.69,2,1606222,1605766,456
123888561,34.4957,36.087,454,39692,0.817915,0.67,2,1606258,1605804,454
123891481,34.8991,36.0174,453,39745,0.795583,0.67,2,1606293,1605840,453
123894401,35.7798,36.0035,453,39798,0.807117,0.63,2,1606329,1605876,453
123897321,8.75597,8.8007,453,39851,0.809423,0.71,2,1606331,1605878,453
123900241,53.7512,52.1601,455,39904,0.857885,0.69,2,1606396,1605941,455
123903161,57.1502,57.632,454,39957,0.899577,0.73,2,1606454,1606000,454
123906081,53.03,51.5264,456,40010,0.939915,0.73,2,1606506,1606050,456
123909001,12.206,11.9053,456,40063,0.947983,0.73,2,1606508,1606052,456
123911921,40.8412,2.38106,504,40116,0.933597,0.75,2,1606556,1606052,504
123914841,37.7682,37.2762,495,40169,0.914719,0.81,2,1606593,1606098,495
123917761,33.1536,35.4552,492,40222,0.942944,0.85,2,1606625,1606133,492
124090041,94,86,508,19925,0.05,0.55,1,1608812,1608304,508
124092961,86.8,94,497,20031,0.098,0.25,1,1608897,1608400,497
124095881,68.56,97.2,463,20137,0.1556,0.13,1,1608961,1608498,463
124098801,73.712,71.44,473,20242,0.16712,0.05,1,1609036,1608563,473
124101721,35.5424,63.088,438,20347,0.137424,0.09,1,1609062,1608624,438
124104641,71.1085,33.4176,492,20451,0.211485,0.05,1,1609142,1608650,492
124107561,90.2217,61.0835,519,20555,0.226297,0.05,1,1609237,1608718,519
124110481,86.8443,87.4167,511,20658,0.309259,0.11,1,1609323,1608812,511
124113401,69.3689,85.4833,491,20761,0.325852,0.17,1,1609388,1608897,491
124116321,75.4738,68.2967,504,20863,0.32917,0.17,1,1609465,1608961,504
124119241,37.4948,73.6593,457,20965,0.329834,0.13,1,1609493,1609036,457
124122161,9.09895,35.5319,433,21066,0.329967,0.23,1,1609495,1609062,433
124125081,65.8198,71.1064,433,21167,0.425993,0.23,1,1609575,1609142,433
124128001,89.164,90.2213,433,21267,0.445199,0.33,1,1609670,1609237,433
124130921,90.6328,86.8443,438,21367,0.48104,0.33,1,1609761,1609323,438
124133841,70.1266,69.3689,438,21466,0.456208,0.33,1,1609826,1609388,438
124136761,75.6253,75.4738,438,21565,0.499242,0.33,1,1609903,1609465,438
124139681,37.5251,37.4948,438,21663,0.491848,0.33,1,1609931,1609493,438
124142601,9.10501,9.09895,438,21761,0.49037,0.45,1,1609933,1609495,438
124145521,69.021,65.8198,442,21858,0.506074,0.45,1,1610017,1609575,442
124148441,91.4042,89.164,444,21955,0.605215,0.49,1,1610114,1609670,444
124151361,91.0808,90.6328,444,22052,0.593043,0.45,1,1610205,1609761,444
124154281,70.2162,70.1266,444,22148,0.622609,0.51,1,1610270,1609826,444
124157201,76.4432,75.6253,445,22244,0.660522,0.49,1,1610348,1609903,445
124160121,38.4886,37.5251,446,22339,0.700104,0.49,1,1610377,1609931,446
124163041,9.29773,9.10501,446,22434,0.708021,0.51,1,1610379,1609933,446
124165961,69.8595,69.021,447,22529,0.725604,0.51,1,1610464,1610017,447
124168881,94.7719,13.8042,548,22623,0.809121,0.63,2,1610565,1610017,548
124171801,91.7544,80.3608,542,22717,0.777824,0.59,2,1610656,1610114,542
124174721,71.1509,88.8722,517,22810,0.819565,0.63,2,1610722,1610205,517
124177641,76.6302,69.7744,530,22903,0.843913,0.67,2,1610800,1610270,530
124180561,40.126,76.3549,483,22996,0.864783,0.71,2,1610831,1610348,483
124183481,9.62521,38.471,456,23088,0.868956,0.71,2,1610833,1610377,456
124186401,72.325,9.2942,542,23180,0.885791,0.73,2,1610921,1610379,542
124282761,39,114,512,26027,0.73,1,1,1612973,1612461,512
124285681,66.2,54,546,26108,0.65,1,1,1613046,1612500,546
124288601,39.64,68.4,507,26189,0.602,1,1,1613079,1612572,507
124291521,78.328,40.88,561,26270,0.5124,1,1,1613167,1612606,561
124294441,46.0656,83.376,505,26351,0.51048,1,1,1613205,1612700,505
124297361,32.4131,47.8752,495,26431,0.526096,0.99,1,1613234,1612739,495
124300281,43.2826,30.375,515,26511,0.481219,0.97,1,1613280,1612765,515
124303201,94.2565,46.075,572,26591,0.472244,0.71,1,1613387,1612815,572
124306121,46.8513,104.415,488,26671,0.486449,0.73,1,1613422,1612934,488
124309041,67.7703,52.083,522,26750,0.48929,0.63,1,1613495,1612973,522
124311961,39.9541,68.8166,482,26829,0.569858,0.59,1,1613528,1613046,482
124314881,75.9908,40.1633,534,26908,0.585972,0.49,1,1613613,1613079,534
124317801,16.7982,78.4327,448,26987,0.589194,0.51,1,1613615,1613167,448
124320721,33.7596,46.0865,448,27065,0.637839,0.53,1,1613653,1613205,448
124323641,29.9519,32.4173,448,27143,0.615568,0.47,1,1613682,1613234,448
124326561,40.3904,43.2835,445,27221,0.595114,0.47,1,1613725,1613280,445
124329481,95.2781,94.2567,447,27299,0.607023,0.49,1,1613834,1613387,447
124332401,46.2556,46.8513,446,27377,0.609405,0.49,1,1613868,1613422,446
124335321,69.2511,67.7703,448,27454,0.641881,0.59,1,1613943,1613495,448
124338241,42.6502,39.9541,451,27531,0.616376,0.59,1,1613979,1613528,451
124341161,77.33,75.9908,452,27608,0.659275,0.59,1,1614065,1613613,452
124344081,17.066,16.7982,452,27685,0.667855,0.65,1,1614067,1613615,452
124347001,33.8132,33.7596,452,27761,0.701571,0.61,1,1614105,1613653,452
124349921,29.9626,29.9519,452,27837,0.740314,0.59,1,1614134,1613682,452
124352841,39.5925,40.3904,451,27913,0.764063,0.61,2,1614176,1613725,451
124355761,94.3185,95.2781,450,27989,0.768813,0.61,2,1614284,1613834,450
124358681,46.0637,46.2556,450,28065,0.769763,0.65,2,1614318,1613868,450
124361601,70.8127,69.2511,452,28140,0.865953,0.61,2,1614395,1613943,452
124364521,43.7625,42.6502,453,28215,0.91719,0.67,2,1614432,1613979,453
124529501,123,140,532,14175,0.03,0.17,1,1617423,1616891,532
124532421,95,140,480,14325,0.014,0.05,1,1617511,1617031,480
124535341,44.6,87.2,438,14473,0.0028,0.01,1,1617543,1617105,438
124538261,152.12,45.44,582,14620,0.00856,0.05,1,1617722,1617140,582
124541181,128.024,137.088,544,14765,0.041712,0.03,1,1617844,1617300,544
124544101,99.2048,125.818,513,14909,0.0323424,0.01,1,1617936,1617423,513
124547021,43.041,95.5635,454,15051,0.00646848,0,1,1617965,1617511,454
124549941,10.2082,44.7127,424,15192,0.0252937,0.01,1,1617967,1617543,424
124552861,145.242,152.143,424,15332,0.0610587,0.05,1,1618146,1617722,424
124555781,126.648,128.029,424,15471,0.0682117,0.03,1,1618268,1617844,424
124558701,98.1297,99.2057,423,15608,0.0536423,0,1,1618359,1617936,423
124561621,42.8259,43.0411,423,15744,0.0107285,0.03,1,1618388,1617965,423
124564541,10.1652,10.2082,423,15879,0.0101457,0.07,1,1618390,1617967,423
124567461,146.033,145.242,424,16013,0.0420291,0.07,1,1618570,1618146,424
124570381,126.007,126.648,423,16146,0.0324058,0.05,1,1618691,1618268,423
124573301,97.2013,98.1297,422,16278,0.0304812,0,1,1618781,1618359,422
124576221,42.6403,42.8259,422,16408,0.00609623,0.01,1,1618810,1618388,422
124579141,10.1281,10.1652,422,16537,0.0412192,0.05,1,1618812,1618390,422
124582061,146.026,146.033,422,16665,0.0162438,0.05,1,1618992,1618570,422
124584981,126.005,29.2066,543,16792,0.0272488,0.03,1,1619113,1618570,543
124587901,97.201,102.641,512,16918,0.0454498,0.03,1,1619203,1618691,512
124590821,41.8402,92.5283,450,17043,0.00908995,0,1,1619231,1618781,450
124593741,9.96804,41.7057,423,17168,0.00981799,0.05,1,1619233,1618810,423
124596661,145.994,9.94113,601,17292,0.0259636,0.01,1,1619413,1618812,601
124599581,126.799,145.988,543,17415,0.0451927,0.03,1,1619535,1618992,543
124602501,98.9597,125.998,514,17537,0.113039,0.05,1,1619627,1619113,514
124605421,39.7919,97.1995,449,17658,0.0786077,0,1,1619652,1619203,449
124608341,9.55839,41.8399,423,17778,0.0717215,0.01,1,1619654,1619231,423
124611261,147.512,9.96798,603,17897,0.0543443,0.03,1,1619836,1619233,603
124614181,127.102,145.994,545,18016,0.0508689,0.05,1,1619958,1619413,545
124617101,27.0205,126.799,425,18134,0.0501738,0.13,1,1619960,1619535,425
124620021,81.4041,98.9597,428,18251,0.178035,0.07,1,1620055,1619627,428
124622941,32.2808,39.7919,423,18367,0.219607,0.07,1,1620075,1619652,423
124625861,8.05616,9.55839,423,18483,0.195921,0.05,1,1620077,1619654,423
124628781,147.211,147.512,423,18598,0.159184,0.05,1,1620259,1619836,423
124631701,128.642,127.102,425,18712,0.0718369,0.05,1,1620383,1619958,425
124634621,27.3284,27.0205,425,18825,0.0543674,0.21,1,1620385,1619960,425
124637541,86.2657,81.4041,431,18938,0.114873,0.23,1,1620486,1620055,431
124640461,33.2531,32.2808,431,19050,0.110975,0.19,1,1620506,1620075,431
124643381,8.25063,8.05616,431,19161,0.110195,0.15,1,1620508,1620077,431
124646301,144.05,147.211,427,19272,0.094039,0.05,1,1620686,1620259,427
124649221,124.81,128.642,423,19382,0.154808,0.05,1,1620806,1620383,423
124652141,26.562,27.3284,423,19491,0.166962,0.13,1,1620808,1620385,423
124655061,88.5124,86.2657,426,19600,0.137392,0.13,1,1620912,1620486,426
124657981,33.7025,17.2531,446,19708,0.179478,0.11,1,1620932,1620486,446
124660901,8.3405,19.4506,428,19816,0.187896,0.11,1,1620934,1620506,428
124663821,143.268,5.49013,603,19923,0.269579,0.09,1,1621111,1620508,603
124666741,127.854,143.498,549,20029,0.349916,0.17,1,1621235,1620686,549
124669661,27.1707,124.7,431,20135,0.365983,0.17,1,1621237,1620806,431
124672581,88.6341,26.5399,533,20240,0.401197,0.13,1,1621341,1620808,533
124675501,34.5268,88.508,450,20345,0.392239,0.19,1,1621362,1620912,450
124678421,8.50537,33.7016,432,20449,0.390448,0.19,1,1621364,1620932,432
124681341,147.301,8.34032,612,20553,0.50209,0.29,1,1621546,1620934,612
124684261,131.86,143.268,563,20656,0.508418,0.37,1,1621674,1621111,563
124687181,27.972,127.854,441,20759,0.509684,0.37,1,1621676,1621235,441
124690101,88.7944,27.1707,543,20861,0.525937,0.41,1,1621780,1621237,543
124693021,35.3589,88.6341,461,20963,0.529187,0.39,1,1621802,1621341,461
124695941,8.67178,34.5268,442,21064,0.529837,0.39,1,1621804,1621362,442
124698861,3.33436,8.50537,442,21165,0.529967,0.53,1,1621806,1621364,442
124701781,151.067,147.301,448,21265,0.737993,0.51,1,1621994,1621546,448
124704701,131.813,131.86,447,21365,0.763599,0.51,2,1622121,1621674,447
124707621,27.9627,27.972,447,21464,0.80072,0.53,2,1622123,1621676,447
124710541,89.5925,88.7944,448,21563,0.872144,0.53,2,1622228,1621780,448
124713461,36.3185,35.3589,449,21661,0.870429,0.53,2,1622251,1621802,449
124716381,8.8637,8.67178,449,21759,0.870086,0.53,2,1622253,1621804,449
124719301,3.37274,3.33436,449,21856,0.870017,0.79,2,1622255,1621806,449
124722221,159.075,151.067,459,21953,0.870003,0.77,2,1622453,1621994,459
124725141,134.215,131.813,460,22050,0.870001,0.81,2,1622581,1622121,460
124728061,28.443,27.9627,460,22146,0.902,0.89,2,1622583,1622123,460
124818581,92,93,490,24942,0.65,1,1,1624611,1624121,490
124821501,38.4,45.8,481,25027,0.65,1,1,1624636,1624155,481
124824421,27.68,27.56,483,25112,0.602,1,1,1624661,1624178,483
124827341,28.736,18.312,496,25196,0.5924,1,1,1624690,1624194,496
124830261,108.147,122.062,476,25280,0.33448,1,1,1624818,1624342,476
124833181,48.8294,54.0125,473,25364,0.298896,0.87,1,1624852,1624379,473
124836101,83.3659,88.4025,468,25448,0.259779,0.87,1,1624944,1624476,468
124839021,44.6732,17.6805,503,25531,0.187956,0.79,1,1624979,1624476,503
124841941,73.7346,37.9361,541,25614,0.205591,0.65,1,1625060,1624519,541
124844861,37.1469,81.1872,477,25697,0.225118,0.65,1,1625088,1624611,477
124847781,25.0294,36.2374,474,25779,0.213024,0.59,1,1625110,1624636,474
124850701,29.0059,27.2475,479,25861,0.258605,0.59,1,1625140,1624661,479
124853621,95.4012,28.6495,562,25943,0.267721,0.27,1,1625252,1624690,562
124856541,45.4802,108.13,467,26025,0.253544,0.29,1,1625285,1624818,467
124859461,81.096,48.826,523,26106,0.378709,0.25,1,1625375,1624852,523
124862381,45.0192,83.3652,467,26187,0.403742,0.17,1,1625411,1624944,467
124865301,73.0038,44.673,512,26268,0.408748,0.21,1,1625491,1624979,512
124868221,38.6008,73.7346,461,26349,0.42575,0.23,1,1625521,1625060,461
124871141,23.7202,37.1469,453,26429,0.39715,0.21,1,1625541,1625088,453
124874061,29.544,25.0294,462,26509,0.40743,0.27,1,1625572,1625110,462
124876981,97.1088,29.0059,546,26589,0.393486,0.27,1,1625686,1625140,546
124879901,48.2218,95.4012,470,26669,0.390697,0.25,1,1625722,1625252,470
124882821,83.2444,45.4802,529,26748,0.470139,0.41,1,1625814,1625285,529
124885741,47.0489,81.096,477,26827,0.486028,0.41,1,1625852,1625375,477
124888661,73.4098,45.0192,521,26906,0.537206,0.41,1,1625932,1625411,521
124891581,16.282,73.0038,443,26985,0.547441,0.43,1,1625934,1625491,443
124894501,25.6564,38.6008,441,27063,0.581488,0.39,1,1625962,1625521,441
124897421,21.1313,23.7202,441,27141,0.588298,0.41,1,1625982,1625541,441
124900341,29.8263,29.544,442,27219,0.60566,0.39,1,1626014,1625572,442
124903261,96.3653,97.1088,441,27297,0.673132,0.39,1,1626127,1625686,441
124906181,48.0731,48.2218,441,27375,0.654626,0.49,1,1626163,1625722,441
124909101,88.0146,83.2444,447,27452,0.746925,0.49,1,1626261,1625814,447
124912021,47.2029,47.0489,446,27529,0.797385,0.55,2,1626298,1625852,446
124914941,75.8406,73.4098,449,27606,0.823477,0.55,2,1626381,1625932,449
124917861,16.7681,16.282,449,27683,0.796695,0.59,2,1626383,1625934,449
124920781,25.7536,25.6564,449,27760,0.807339,0.59,2,1626411,1625962,449
124923701,21.1507,21.1313,449,27836,0.841468,0.61,2,1626431,1625982,449
124926621,30.6301,29.8263,450,27912,0.832294,0.69,2,1626464,1626014,450
124929541,99.726,96.3653,454,27988,0.862459,0.65,2,1626581,1626127,454
124932461,49.5452,48.0731,455,28064,0.884492,0.77,2,1626618,1626163,455
124935381,92.309,88.0146,460,28139,0.888898,0.81,2,1626721,1626261,460
124938301,48.0618,47.2029,460,28214,0.90578,0.83,2,1626758,1626298,460
125101821,243,151,561,14023,0.05,0.43,1,1629679,1629118,561
125104741,107,148.6,486,14175,0.082,0.27,1,1629752,1629266,486
125107661,59,82.52,467,14325,0.0884,0.11,1,1629799,1629332,467
125110581,47,55.704,462,14473,0.05768,0.07,1,1629843,1629381,462
125112041,183,55.1408,624,14620,0.051536,0.05,1,1630060,1629436,624
125114961,71,205.428,424,14765,0.0663072,0.09,1,1630103,1629679,424
125117881,74.2,99.4856,426,14909,0.101261,0.09,1,1630178,1629752,426
125120801,52.44,57.4971,426,15051,0.124252,0.05,1,1630225,1629799,426
125123721,44.088,46.6994,424,15192,0.11285,0.05,1,1630267,1629843,424
125125181,169.618,9.33988,625,15332,0.19057,0.05,1,1630468,1629843,625
125128101,81.1235,175.468,467,15471,0.238114,0.07,1,1630527,1630060,467
125131021,76.2247,69.4936,499,15608,0.295623,0.11,1,1630602,1630103,499
125133941,53.6449,73.8987,472,15744,0.307125,0.13,1,1630650,1630178,472
125136861,45.129,52.3797,468,15879,0.325425,0.11,1,1630693,1630225,468
125138321,169.826,44.076,627,16013,0.489085,0.21,1,1630894,1630267,627
125141241,88.3652,169.615,494,16146,0.585817,0.25,1,1630962,1630468,494
125144161,78.473,81.123,511,16278,0.621163,0.31,1,1631038,1630527,511
125147081,54.0946,76.2246,484,16408,0.628233,0.31,1,1631086,1630602,484
125150001,46.0189,53.6449,480,16537,0.629647,0.33,1,1631130,1630650,480
125151461,170.004,45.129,638,16665,0.645929,0.53,1,1631331,1630693,638
125154381,42.8008,169.826,448,16792,0.681186,0.61,1,1631342,1630894,448
125157301,66.1602,88.3652,452,16918,0.672237,0.63,1,1631414,1630962,452
125160221,74.832,78.473,453,17043,0.702447,0.63,1,1631491,1631038,453
125163141,53.3664,54.0946,453,17168,0.72449,0.63,1,1631539,1631086,453
125166061,45.8733,46.0189,453,17292,0.744898,0.65,1,1631583,1631130,453
125168981,178.775,170.004,464,17415,0.71698,0.69,1,1631795,1631331,464
125171901,92.5549,42.8008,524,17537,0.775396,0.67,2,1631866,1631342,524
125174821,81.711,66.1602,531,17658,0.803079,0.71,2,1631945,1631414,531
125177741,55.5422,74.832,503,17778,0.824616,0.73,2,1631994,1631491,503
125180661,47.9084,53.3664,501,17897,0.828923,0.75,2,1632040,1631539,501
125182121,170.382,45.8733,658,18016,0.893785,0.71,2,1632241,1631583,658
125185041,43.6763,178.775,458,18134,0.922757,0.71,2,1632253,1631795,458
125187961,67.9353,35.7549,532,18251,0.928551,0.79,2,1632327,1631795,532
125247821,55,48,522,20553,0.69,1,1,1633918,1633396,522
125250741,166.2,44.8,672,20656,0.514,1,1,1634112,1633440,672
125253661,58.04,168.96,503,20759,0.5268,1,1,1634143,1633640,503
125256581,63.608,57.792,538,20861,0.52936,1,1,1634208,1633670,538
125259501,78.3216,68.3584,549,20963,0.593872,0.81,1,1634290,1633741,549
125262421,17.2643,86.4717,460,21064,0.638774,0.75,1,1634292,1633832,460
125265341,26.6529,42.0943,458,21165,0.631755,0.69,1,1634321,1633863,458
125268261,51.7306,52.4189,461,21265,0.646351,0.47,1,1634379,1633918,461
125271181,155.946,165.684,449,21365,0.79327,0.53,2,1634561,1634112,449
125274101,55.9892,57.9368,449,21464,0.838654,0.53,2,1634592,1634143,449
125277021,62.3978,63.5873,448,21563,0.831731,0.61,2,1634656,1634208,448
125279941,81.2796,78.3175,452,21661,0.878346,0.65,2,1634742,1634290,452
125282861,17.8559,17.2635,452,21759,0.919669,0.63,2,1634744,1634292,452
125285781,25.9712,26.6527,451,21856,0.943934,0.65,2,1634772,1634321,451
125504781,50,35,491,28214,0.61,1,1,1639383,1638892,491
125507701,48.4,44.6,492,28289,0.418,1,1,1639431,1638939,492
125510621,39.28,39.32,491,28364,0.2996,1,1,1639468,1638977,491
125513541,32.656,7.864,522,28439,0.27592,1,1,1639499,1638977,522
125516461,41.7312,27.1728,534,28513,0.239184,1,1,1639543,1639009,534
125519381,37.1462,59.8346,502,28587,0.247837,1,1,1639579,1639077,502
125522301,57.8292,42.3669,527,28661,0.201567,0.74,1,1639642,1639115,527
125525221,40.3659,50.0734,511,28735,0.224313,0.83,1,1639678,1639167,511
125528141,96.0732,42.0147,581,28809,0.244863,0.65,1,1639788,1639207,581
125531061,54.4146,109.203,499,28882,0.216973,0.61,1,1639832,1639333,499
125533981,41.2829,61.8406,487,28955,0.211395,0.37,1,1639870,1639383,487
125536901,34.6566,50.7681,472,29028,0.258279,0.27,1,1639903,1639431,472
125539821,30.1313,39.7536,464,29101,0.251656,0.27,1,1639932,1639468,464
125542741,37.2263,32.7507,472,29174,0.250331,0.23,1,1639971,1639499,472
125545661,37.8453,41.7501,466,29247,0.266066,0.25,1,1640009,1639543,466
125548581,58.7691,37.15,494,29319,0.253213,0.19,1,1640073,1639579,494
125551501,41.3538,57.83,468,29391,0.202643,0.23,1,1640110,1639642,468
125554421,96.2708,40.366,542,29463,0.208529,0.25,1,1640220,1639678,542
125557341,55.2542,96.0732,477,29535,0.209706,0.21,1,1640265,1639788,477
125560261,41.4508,54.4146,471,29607,0.209941,0.21,1,1640303,1639832,471
125563181,35.4902,41.2829,467,29678,0.241988,0.27,1,1640337,1639870,467
125566101,29.498,34.6566,462,29749,0.264398,0.25,1,1640365,1639903,462
125569021,37.0996,30.1313,472,29820,0.28488,0.25,1,1640404,1639932,472
125571941,9.01992,37.2263,435,29891,0.288976,0.27,1,1640406,1639971,435
125574861,30.604,37.8453,433,29962,0.321795,0.25,1,1640442,1640009,433
125577781,56.5208,58.7691,432,30033,0.344359,0.19,1,1640505,1640073,432
125580701,40.1042,41.3538,431,30103,0.396872,0.21,1,1640541,1640110,431
125583621,95.2208,96.2708,430,30173,0.471374,0.21,1,1640650,1640220,430
125586541,56.6442,55.2542,432,30243,0.566275,0.21,1,1640697,1640265,432
125589461,41.7288,41.4508,432,30313,0.553255,0.25,1,1640735,1640303,432
125592381,37.1458,35.4902,434,30383,0.598651,0.27,1,1640771,1640337,434
125595301,30.6292,29.498,435,30453,0.62373,0.29,1,1640800,1640365,435
125598221,38.1258,37.0996,436,30522,0.628746,0.29,1,1640840,1640404,436
125601141,9.22517,9.01992,436,30591,0.629749,0.33,1,1640842,1640406,436
125604061,30.645,30.604,436,30660,0.67795,0.35,1,1640878,1640442,436
125606981,58.929,56.5208,439,30729,0.71959,0.41,1,1640944,1640505,439
125609901,42.9858,40.1042,442,30798,0.775918,0.49,2,1640983,1640541,442
125612821,99.7972,95.2208,447,30867,0.835184,0.59,2,1641097,1640650,447
125615741,59.1594,56.6442,449,30936,0.879037,0.55,2,1641146,1640697,449
125618661,42.2319,41.7288,449,31004,0.903807,0.61,2,1641184,1640735,449
125621581,38.0464,37.1458,450,31072,0.892762,0.63,2,1641221,1640771,450
125624501,33.2093,30.6292,453,31140,0.890552,0.63,2,1641253,1640800,453
125627421,39.4419,38.1258,454,31208,0.92211,0.63,2,1641294,1640840,454
125630341,9.48837,9.22517,454,31276,0.928422,0.63,2,1641296,1640842,454
125633261,31.4977,1.84503,491,31344,0.881684,0.69,2,1641333,1640842,491
125636181,60.6995,29.169,523,31412,0.904337,0.73,2,1641401,1640878,523
125639101,45.7399,58.6338,499,31479,0.924867,0.79,2,1641443,1640944,499
125776341,33,39,510,34496,0.65,1,1,1643580,1643070,510
125779261,34.6,46.2,497,34557,0.554,1,1,1643615,1643118,497
125782181,46.92,31.64,519,34618,0.4388,1,1,1643665,1643146,519
125785101,29.384,36.728,506,34679,0.28776,1,1,1643690,1643184,506
125788021,35.4768,31.3456,513,34740,0.129552,1,1,1643727,1643214,513
125790941,60.6954,30.2691,550,34801,0.0819104,0.95,1,1643794,1643244,550
125793861,32.9391,58.0538,511,34862,0.0243821,1,1,1643820,1643309,511
125796781,33.7878,37.2108,513,34923,0.0128764,1,1,1643854,1643341,513
125799701,69.1576,37.0422,554,34984,0.0105753,0.97,1,1643932,1643378,554
125802621,40.2315,75.4084,502,35044,0.0581151,0.83,1,1643965,1643463,502
125805541,36.8463,47.8817,497,35104,0.051623,0.81,1,1644001,1643504,497
125808461,29.7693,43.9763,482,35164,0.0503246,0.65,1,1644029,1643547,482
125811381,29.1539,35.1953,478,35224,0.0180649,0.53,1,1644058,1643580,478
125814301,43.4308,35.0391,490,35284,0.059613,0.41,1,1644105,1643615,490
125817221,18.2862,47.0078,452,35344,0.0519226,0.25,1,1644117,1643665,452
125820141,30.0572,29.4016,460,35404,0.0503845,0.09,1,1644150,1643690,460
125823061,58.8114,35.4803,489,35464,0.0500769,0.07,1,1644216,1643727,489
125825981,31.7623,60.6961,447,35524,0.0180154,0.01,1,1644241,1643794,447
125828901,34.3525,32.9392,456,35584,0.0436031,0.01,1,1644276,1643820,456
125831821,69.2705,33.7878,500,35643,0.0487206,0.01,1,1644354,1643854,500
125834741,15.4541,69.1576,424,35702,0.0497441,0.07,1,1644356,1643932,424
125837661,29.4908,40.2315,424,35761,0.0979488,0.05,1,1644389,1643965,424
125840581,33.0982,36.8463,422,35820,0.0195898,0.05,1,1644423,1644001,422
125843501,30.6196,29.7693,424,35879,0.0599179,0.01,1,1644453,1644029,424
125846421,28.5239,29.1539,423,35938,0.0679836,0.07,1,1644481,1644058,423
125849341,44.1048,43.4308,424,35997,0.101597,0.05,1,1644529,1644105,424
125852261,19.221,18.2862,425,36056,0.124319,0.05,1,1644542,1644117,425
125855181,27.8442,30.0572,422,36115,0.144864,0.05,1,1644572,1644150,422
125858101,58.3688,58.8114,422,36174,0.164973,0.01,1,1644638,1644216,422
125861021,33.2738,31.7623,424,36232,0.0729946,0.05,1,1644665,1644241,424
125863941,33.8548,34.3525,423,36290,0.0545989,0.05,1,1644699,1644276,423
125866861,71.571,69.2705,426,36348,0.0509198,0.05,1,1644780,1644354,426
125869781,15.9142,15.4541,426,36406,0.018184,0.11,1,1644782,1644356,426
125872701,28.7828,29.4908,425,36464,0.0436368,0,1,1644814,1644389,425
125875621,30.5566,33.0982,422,36522,0.0487274,0.07,1,1644845,1644423,422
125878541,30.9113,30.6196,423,36580,0.0657455,0.07,1,1644876,1644453,423
125881461,28.5823,28.5239,423,36638,0.101149,0.11,1,1644904,1644481,423
125884381,47.3165,44.1048,427,36696,0.0922298,0.13,1,1644956,1644529,427
125887301,19.0633,19.221,426,36754,0.090446,0.15,1,1644968,1644542,426
125890221,28.6127,27.8442,427,36811,0.106089,0.17,1,1644999,1644572,427
125893141,57.7225,58.3688,426,36868,0.157218,0.05,1,1645064,1644638,426
125896061,29.9445,33.2738,422,36925,0.183444,0.05,1,1645087,1644665,422
125898981,33.9889,33.8548,423,36982,0.188689,0.05,1,1645122,1644699,423
125901901,71.5978,71.571,423,37039,0.173738,0.01,1,1645203,1644780,423
125904821,15.9196,15.9142,423,37096,0.170748,0.05,1,1645205,1644782,423
125907741,29.5839,28.7828,424,37153,0.12215,0.05,1,1645238,1644814,424
125910661,29.9168,5.75657,454,37210,0.11243,0.05,1,1645268,1644814,454
125913581,31.5834,25.9513,455,37267,0.110486,0.07,1,1645300,1644845,455
125916501,28.7167,29.9903,452,37324,0.110097,0.11,1,1645328,1644876,452
125919421,48.1433,28.3981,477,37381,0.126019,0.09,1,1645381,1644904,477
125922341,19.2287,47.2796,437,37438,0.145204,0.09,1,1645393,1644956,437
125925261,30.2457,19.0559,458,37494,0.149041,0.11,1,1645426,1644968,458
125928181,59.6491,28.6112,494,37550,0.197808,0.17,1,1645493,1644999,494
125931101,29.5298,57.7222,451,37606,0.207562,0.19,1,1645515,1645064,451
125934021,35.506,29.9444,465,37662,0.193512,0.19,1,1645552,1645087,465
125936941,69.5012,33.9889,508,37718,0.190702,0.17,1,1645630,1645122,508
125939861,15.5002,71.5978,429,37774,0.190141,0.17,1,1645632,1645203,429
125942781,28.7,15.9196,459,37830,0.206028,0.11,1,1645664,1645205,459
125945701,29.74,29.5839,456,37886,0.209206,0.11,1,1645694,1645238,456
125948621,31.548,29.9168,458,37942,0.209841,0.11,1,1645726,1645268,458
125951541,29.5096,31.5834,455,37998,0.257968,0.11,1,1645755,1645300,455
125954461,49.1019,28.7167,481,38054,0.203594,0.13,1,1645809,1645328,481
125957381,19.4204,48.1433,440,38110,0.192719,0.15,1,1645821,1645381,440
125960301,30.2841,19.2287,461,38165,0.174544,0.15,1,1645854,1645393,461
125963221,62.0568,30.2457,498,38220,0.218909,0.21,1,1645924,1645426,498
125966141,30.0114,59.6491,453,38275,0.227782,0.21,1,1645946,1645493,453
125969061,36.4023,29.5298,469,38330,0.229556,0.19,1,1645984,1645515,469
125971981,68.0805,35.506,508,38385,0.229911,0.19,1,1646060,1645552,508
125974901,15.2161,69.5012,432,38440,0.229982,0.19,1,1646062,1645630,432
125977821,29.4432,15.5002,463,38495,0.245996,0.21,1,1646095,1645632,463
125980741,29.8886,28.7,461,38550,0.265199,0.21,1,1646125,1645664,461
125983661,32.3777,29.74,464,38605,0.30104,0.21,1,1646158,1645694,464
125986581,8.07555,31.548,434,38660,0.276208,0.27,1,1646160,1645726,434
125989501,24.0151,29.5096,433,38715,0.303242,0.19,1,1646188,1645755,433
125992421,46.403,49.1019,431,38770,0.356648,0.19,1,1646240,1645809,431
125995341,18.8806,19.4204,431,38824,0.36733,0.17,1,1646252,1645821,431
125998261,29.3761,30.2841,430,38878,0.401466,0.23,1,1646284,1645854,430
126001181,64.2752,62.0568,433,38932,0.504293,0.23,1,1646357,1645924,433
126004101,30.455,30.0114,433,38986,0.524859,0.23,1,1646379,1645946,433
126007021,34.891,36.4023,431,39040,0.560972,0.23,1,1646415,1645984,431
126009941,69.3782,68.0805,433,39094,0.632194,0.23,1,1646493,1646060,433
126012861,15.4756,15.2161,433,39148,0.614439,0.25,1,1646495,1646062,433
126015781,30.2951,29.4432,434,39202,0.626888,0.27,1,1646529,1646095,434
126018701,31.659,29.8886,436,39256,0.677378,0.31,1,1646561,1646125,436
126021621,33.5318,32.3777,437,39310,0.687476,0.27,1,1646595,1646158,437
126024541,8.30636,8.07555,437,39364,0.689495,0.31,1,1646597,1646160,437
126027461,24.0613,24.0151,437,39418,0.705899,0.37,1,1646625,1646188,437
126030381,47.2123,46.403,438,39472,0.77318,0.37,2,1646678,1646240,438
126033301,19.0425,18.8806,438,39526,0.754636,0.41,2,1646690,1646252,438
126036221,31.0085,29.3761,440,39579,0.750927,0.53,2,1646724,1646284,440
126039141,69.4017,64.2752,446,39632,0.814185,0.53,2,1646803,1646357,446
126042061,32.2803,30.455,447,39685,0.842837,0.57,2,1646826,1646379,447
126044981,36.0561,34.891,448,39738,0.864567,0.65,2,1646863,1646415,448
126047901,72.8112,69.3782,452,39791,0.884914,0.61,2,1646945,1646493,452
126050821,16.1622,15.4756,452,39844,0.888983,0.63,2,1646947,1646495,452
126053741,31.2324,30.2951,453,39897,0.905797,0.69,2,1646982,1646529,453
126080021,23,79,484,40372,0.91,0.85,2,1647287,1646803,484
126082941,35,34.2,499,40424,0.926,0.87,2,1647325,1646826,499
126284421,69,148,449,19925,0.05,0.03,1,1649830,1649381,449
126287341,81,80,470,20031,0.018,0.01,1,1649914,1649444,470
126290261,55.4,70.4,451,20137,0.0116,0.03,1,1649963,1649512,451
126293181,69.48,62.88,463,20242,0.02632,0.01,1,1650036,1649573,463
126296101,24.296,46.176,434,20347,0.029264,0,1,1650049,1649615,434
126299021,111.259,30.8352,540,20451,0.0298528,0.01,1,1650182,1649642,540
126301941,77.4518,101.367,490,20555,0.0619706,0.05,1,1650251,1649761,490
126304861,83.4904,75.4734,506,20658,0.0523941,0.01,1,1650336,1649830,506
126307781,55.0981,82.2947,470,20761,0.0184788,0.01,1,1650384,1649914,470
126310701,69.4196,55.6589,494,20863,0.0436958,0.03,1,1650457,1649963,494
126313621,25.8839,69.5318,436,20965,0.0487392,0.03,1,1650472,1650036,436
126316541,6.77678,24.3064,425,21066,0.0497478,0.03,1,1650474,1650049,425
126319461,106.955,111.261,424,21167,0.0339496,0.07,1,1650606,1650182,424
126322381,74.9911,77.4523,422,21267,0.0947899,0.05,1,1650673,1650251,422
126325301,84.5982,83.4904,424,21367,0.026958,0.01,1,1650760,1650336,424
126328221,54.5196,55.0981,423,21466,0.0053916,0.05,1,1650807,1650384,423
126331141,69.3039,69.4196,423,21565,0.0570783,0.05,1,1650880,1650457,423
126334061,26.6608,25.8839,424,21663,0.0194157,0.05,1,1650896,1650472,424
126336981,6.93216,6.77678,424,21761,0.0118831,0.03,1,1650898,1650474,424
126339901,106.986,106.955,424,21858,0.0263766,0.11,1,1651030,1650606,424
126342821,77.3973,74.9911,427,21955,0.0452753,0.01,1,1651100,1650673,427
126345741,81.0795,84.5982,422,22052,0.0330551,0,1,1651182,1650760,422
126348661,54.6159,54.5196,423,22148,0.00661101,0.07,1,1651230,1650807,423
126351581,68.5232,69.3039,422,22244,0.0413222,0.01,1,1651302,1650880,422
126354501,26.5046,26.6608,422,22339,0.0162644,0.01,1,1651318,1650896,422
126357421,6.90093,6.93216,422,22434,0.0432529,0.03,1,1651320,1650898,422
126360341,106.98,106.986,422,22529,0.0486506,0.03,1,1651452,1651030,422
126363261,78.196,21.3973,493,22623,0.0497301,0.05,1,1651523,1651030,493
126366181,80.4392,60.2795,504,22717,0.065946,0.03,1,1651604,1651100,504
126369101,53.6878,77.6559,469,22810,0.0531892,0,1,1651651,1651182,469
126372021,68.3376,53.9312,493,22903,0.0506378,0.05,1,1651723,1651230,493
126374941,26.4675,68.3862,437,22996,0.0501276,0.01,1,1651739,1651302,437
126377861,6.8935,26.4772,423,23088,0.0500255,0.05,1,1651741,1651318,423
126380781,106.979,6.89545,553,23180,0.0820051,0.05,1,1651873,1651320,553
126383701,79.7957,106.979,494,23271,0.072401,0.05,1,1651946,1651452,494
126386621,81.5591,78.1958,505,23362,0.10248,0.07,1,1652028,1651523,505
126389541,51.5118,80.4392,468,23453,0.140496,0.05,1,1652072,1651604,468
126392461,69.5024,53.6878,495,23543,0.132099,0.05,1,1652146,1651651,495
126395381,26.7005,68.3376,439,23633,0.14642,0.05,1,1652162,1651723,439
126398301,6.94009,26.4675,425,23723,0.149284,0.05,1,1652164,1651739,425
126401221,108.588,6.8935,557,23812,0.213857,0.09,1,1652298,1651741,557
126404141,79.3176,106.979,497,23901,0.242771,0.07,1,1652370,1651873,497
126407061,17.4635,79.7957,426,23990,0.248554,0.11,1,1652372,1651946,426
126409981,69.8927,81.5591,427,24078,0.297711,0.15,1,1652455,1652028,427
126412901,50.7785,51.5118,429,24166,0.339542,0.13,1,1652501,1652072,429
126415821,69.3557,69.5024,429,24254,0.395908,0.15,1,1652575,1652146,429
126418741,26.6711,26.7005,429,24341,0.375182,0.15,1,1652591,1652162,429
126421661,6.93423,6.94009,429,24428,0.371036,0.23,1,1652593,1652164,429
126424581,111.787,108.588,433,24515,0.434207,0.25,1,1652731,1652298,433
126427501,80.7574,79.3176,434,24601,0.462841,0.25,1,1652804,1652370,434
126430421,17.7515,17.4635,434,24687,0.468568,0.31,1,1652806,1652372,434
126433341,72.3503,69.8927,437,24773,0.437714,0.35,1,1652892,1652455,437
126436261,53.6701,50.7785,440,24859,0.463543,0.41,1,1652941,1652501,440
126439181,69.934,69.3557,440,24944,0.516709,0.37,1,1653015,1652575,440
126442101,27.5868,26.6711,441,25029,0.511342,0.37,1,1653032,1652591,441
126445021,7.11736,6.93423,441,25114,0.510268,0.45,1,1653034,1652593,441
126447941,114.223,111.787,444,25198,0.558054,0.47,1,1653175,1652731,444
126450861,82.0447,80.7574,445,25282,0.535611,0.47,1,1653249,1652804,445
126453781,18.0089,17.7515,445,25366,0.531122,0.43,1,1653251,1652806,445
126456701,70.8018,72.3503,443,25450,0.546224,0.43,1,1653335,1652892,443
126459621,52.5604,14.4701,491,25533,0.533245,0.47,1,1653383,1652892,491
126462541,72.1121,42.094,519,25616,0.530649,0.53,1,1653460,1652941,519
126465461,27.2224,67.6188,461,25699,0.53013,0.51,1,1653476,1653015,461
126468381,7.04448,27.1238,446,25781,0.530026,0.51,1,1653478,1653032,446
126471301,116.609,7.02475,588,25863,0.610005,0.57,1,1653622,1653034,588
126474221,80.9218,114.205,519,25945,0.642001,0.53,1,1653694,1653175,519
126477141,17.7844,82.041,447,26027,0.6484,0.53,1,1653696,1653249,447
126480061,72.3569,18.0082,531,26108,0.72968,0.55,1,1653782,1653251,531
126482981,53.6714,70.8016,496,26189,0.761936,0.53,2,1653831,1653335,496
126485901,71.5343,52.5603,524,26270,0.784387,0.53,2,1653907,1653383,524
126488821,27.1069,72.1121,463,26351,0.804877,0.53,2,1653923,1653460,463
126491741,7.02137,27.2224,449,26431,0.808976,0.53,2,1653925,1653476,449
126643581,34,26,493,30314,0.87,1,2,1656742,1656249,493
126655261,39,35,478,30592,0.89,1,2,1656895,1656417,478
126658181,51,50.2,478,30661,0.906,0.96,2,1656949,1656471,478
126678621,48,52,465,31141,0.95,0.83,2,1657293,1656828,465
126681541,32,32.8,465,31209,0.966,0.89,2,1657321,1656856,465
126783741,30,30,488,33499,0.71,1,1,1658916,1658428,488
126786661,33.2,24.4,499,33562,0.598,1,1,1658950,1658451,499
126789581,35.44,38.48,493,33625,0.5116,1,1,1658986,1658493,493
126792501,79.888,87.696,484,33688,0.25432,1,1,1659077,1658593,484
126795421,51.1776,50.3392,487,33751,0.202864,1,1,1659121,1658634,487
126798341,43.0355,37.2678,494,33814,0.208573,1,1,1659162,1658668,494
126801261,33.4071,45.8536,477,33877,0.129715,1,1,1659193,1658716,477
126804181,34.6814,37.9707,476,33939,0.0819429,1,1,1659228,1658752,476
126807101,33.3363,36.3941,473,34001,0.0723886,0.9,1,1659261,1658788,473
126810021,47.4673,56.8788,462,34063,0.0544777,0.83,1,1659312,1658850,462
126812941,33.4935,40.1758,456,34125,0.0508955,0.71,1,1659342,1658886,456
126815861,31.4987,32.0352,457,34187,0.0501791,0.57,1,1659373,1658916,457
126818781,26.2997,33.607,448,34249,0.0500358,0.57,1,1659398,1658950,448
126821701,30.8599,6.72141,480,34311,0.0660072,0.49,1,1659430,1658950,480
126824621,70.972,30.1443,525,34373,0.101201,0.19,1,1659511,1658986,525
126827541,46.9944,78.8289,475,34435,0.10824,0.19,1,1659552,1659077,475
126830461,36.5989,50.9658,465,34496,0.0936481,0.21,1,1659586,1659121,465
126833381,34.5198,42.9932,458,34557,0.13873,0.11,1,1659620,1659162,458
126836301,31.704,33.3986,458,34618,0.163746,0.07,1,1659651,1659193,458
126839221,32.7408,34.6797,456,34679,0.168749,0.07,1,1659684,1659228,456
126842141,46.5482,33.3359,473,34740,0.15375,0.05,1,1659734,1659261,473
126845061,33.3096,47.4672,452,34801,0.21475,0.05,1,1659764,1659312,452
126847981,32.2619,33.4934,454,34862,0.24295,0.05,1,1659796,1659342,454
126850901,26.4524,31.4987,448,34923,0.23259,0.05,1,1659821,1659373,448
126853821,30.8905,26.2997,455,34984,0.262518,0.07,1,1659853,1659398,455
126856741,73.3781,30.8599,507,35044,0.284504,0.11,1,1659937,1659430,507
126859661,46.6756,70.972,466,35104,0.304901,0.11,1,1659977,1659511,466
126862581,38.1351,46.9944,461,35164,0.34098,0.09,1,1660013,1659552,461
126865501,34.027,36.5989,460,35224,0.380196,0.15,1,1660046,1659586,460
126868421,34.0054,34.5198,460,35284,0.388039,0.17,1,1660080,1659620,460
126871341,31.6011,31.704,460,35344,0.405608,0.17,1,1660111,1659651,460
126874261,49.5202,32.7408,481,35404,0.425122,0.15,1,1660165,1659684,481
126877181,35.504,46.5482,463,35464,0.477024,0.23,1,1660197,1659734,463
126880101,32.7008,33.3096,465,35524,0.519405,0.25,1,1660229,1659764,465
126883021,25.7402,32.2619,457,35584,0.527881,0.23,1,1660253,1659796,457
126885941,32.348,26.4524,466,35643,0.529576,0.27,1,1660287,1659821,466
126888861,8.06961,30.8905,436,35702,0.529915,0.29,1,1660289,1659853,436
126891781,68.8139,73.3781,436,35761,0.625983,0.31,1,1660373,1659937,436
126894701,48.1628,46.6756,439,35820,0.629197,0.35,1,1660416,1659977,439
126897621,39.2326,38.1351,440,35879,0.613839,0.39,1,1660453,1660013,440
126900541,35.0465,34.027,441,35938,0.626768,0.39,1,1660487,1660046,441
126903461,34.2093,34.0054,441,35997,0.693354,0.41,1,1660521,1660080,441
126906381,32.4419,31.6011,442,36056,0.674671,0.43,1,1660553,1660111,442
126909301,52.8884,49.5202,446,36115,0.702934,0.49,1,1660611,1660165,446
126912221,37.7777,35.504,448,36174,0.740587,0.53,1,1660645,1660197,448
126915141,33.1555,32.7008,448,36232,0.716117,0.53,1,1660677,1660229,448
126918061,25.8311,25.7402,448,36290,0.759223,0.53,2,1660701,1660253,448
126920981,32.3662,32.348,448,36348,0.783845,0.53,2,1660735,1660287,448
126923901,8.07324,8.06961,448,36406,0.756769,0.65,2,1660737,1660289,448
126926821,72.0147,68.8139,452,36464,0.783354,0.63,2,1660825,1660373,452
126929741,48.0029,48.1628,451,36522,0.772671,0.61,2,1660867,1660416,451
126932661,39.2006,39.2326,451,36580,0.786534,0.63,2,1660904,1660453,451
126935581,36.6401,35.0465,453,36638,0.757307,0.71,2,1660940,1660487,453
126938501,36.128,34.2093,455,36696,0.799461,0.67,2,1660976,1660521,455
126941421,32.8256,32.4419,455,36754,0.775892,0.71,2,1661008,1660553,455
126944341,52.9651,52.8884,455,36811,0.803178,0.75,2,1661066,1660611,455
126947261,39.393,37.7777,457,36868,0.760636,0.71,2,1661102,1660645,457
126950181,34.2786,33.1555,458,36925,0.768127,0.77,2,1661135,1660677,458
126953101,26.0557,25.8311,458,36982,0.737625,0.79,1,1661159,1660701,458
126956021,33.2111,32.3662,459,37039,0.731525,0.75,1,1661194,1660735,459
126958941,8.24223,8.07324,459,37096,0.730305,0.79,1,1661196,1660737,459
126961861,72.0484,72.0147,459,37153,0.794061,0.79,2,1661284,1660825,459
126964781,48.0097,14.4029,501,37210,0.806812,0.77,2,1661326,1660825,501
126967701,38.4019,36.4806,495,37267,0.825362,0.79,2,1661362,1660867,495
126970621,37.2804,36.8961,495,37324,0.845073,0.75,2,1661399,1660904,495
126973541,36.2561,36.1792,495,37381,0.817015,0.81,2,1661435,1660940,495
126976461,32.8512,36.0358,491,37438,0.827403,0.77,2,1661467,1660976,491
126979381,52.9702,32.8072,517,37494,0.877481,0.81,2,1661525,1661008,517
126982301,38.594,52.9614,494,37550,0.919496,0.75,2,1661560,1661066,494
126985221,33.3188,39.3923,490,37606,0.927899,0.77,2,1661592,1661102,490
126988141,25.8638,34.2785,481,37662,0.92958,0.73,2,1661616,1661135,481
127110781,47,44,487,39950,0.65,1,1,1663232,1662745,487
127113701,39,36,490,40003,0.586,1,1,1663269,1662779,490
127116621,31.8,26.4,496,40056,0.5252,0.93,1,1663299,1662803,496
127119541,33.56,28.48,501,40109,0.46504,0.93,1,1663333,1662832,501
127122461,33.912,5.696,535,40162,0.453008,1,1,1663367,1662832,535
127125381,29.1824,25.9392,532,40215,0.482602,1,1,1663395,1662863,532
127128301,30.6365,26.7878,536,40268,0.34452,0.92,1,1663426,1662890,536
127131221,37.3273,49.3576,520,40320,0.332904,1,1,1663465,1662945,520
127134141,45.8655,57.0715,509,40372,0.298581,1,1,1663513,1663004,509
127137061,30.7731,38.6143,502,40424,0.291716,0.9,1,1663540,1663038,502
127139981,22.1546,31.7229,492,40476,0.274343,0.99,1,1663560,1663068,492
127142901,27.6309,26.3446,496,40528,0.286869,0.89,1,1663589,1663093,496
127145821,47.1262,31.6689,515,40580,0.289374,0.79,1,1663641,1663126,515
127148741,43.8252,53.5338,499,40632,0.353875,0.65,1,1663684,1663185,499
127151661,35.965,48.3068,486,40684,0.350775,0.57,1,1663718,1663232,486
127154581,26.393,39.2614,473,40736,0.382155,0.51,1,1663742,1663269,473
127157501,34.0786,31.8523,479,40788,0.356431,0.45,1,1663778,1663299,479
127160421,33.2157,33.5705,478,40840,0.399286,0.45,1,1663811,1663333,478
127163341,25.8431,33.9141,468,40892,0.359857,0.49,1,1663835,1663367,468
127166261,25.9686,29.1828,466,40944,0.399971,0.31,1,1663861,1663395,466
127169181,37.1937,30.6366,475,40996,0.391994,0.33,1,1663901,1663426,475
127172101,44.2387,37.3273,482,41047,0.486399,0.29,1,1663947,1663465,482
127175021,30.4477,45.8655,461,41098,0.48928,0.29,1,1663974,1663513,461
127177941,22.0895,30.7731,454,41149,0.505856,0.27,1,1663994,1663540,454
127180861,29.2179,22.1546,465,41200,0.541171,0.29,1,1664025,1663560,465
127183781,48.2436,27.6309,489,41251,0.564234,0.29,1,1664078,1663589,489
127186701,44.0487,47.1262,480,41302,0.584847,0.37,1,1664121,1663641,480
127189621,38.4097,43.8252,474,41353,0.604969,0.35,1,1664158,1663684,474
127192541,26.8819,35.965,464,41404,0.656994,0.39,1,1664182,1663718,464
127195461,32.5764,26.393,474,41455,0.683399,0.35,1,1664216,1663742,474
127198381,35.3153,34.0786,474,41506,0.70468,0.41,1,1664252,1663778,474
127201301,8.66306,33.2157,443,41557,0.708936,0.35,1,1664254,1663811,443
127204221,18.5326,25.8431,440,41608,0.757787,0.41,2,1664275,1663835,440
127207141,26.1065,25.9686,442,41659,0.799558,0.39,2,1664303,1663861,442
127210061,38.0213,37.1937,443,41710,0.807912,0.51,2,1664344,1663901,443
127212981,47.6043,44.2387,447,41761,0.777582,0.49,2,1664394,1663947,447
127215901,31.1209,30.4477,447,41812,0.787516,0.51,2,1664421,1663974,447
127218821,22.2242,22.0895,447,41862,0.757503,0.55,2,1664441,1663994,447
127221741,30.8448,29.2179,449,41912,0.799501,0.57,2,1664474,1664025,449
127224661,49.369,48.2436,450,41962,0.7919,0.59,2,1664528,1664078,450
127227581,45.0738,44.0487,451,42012,0.80638,0.61,2,1664572,1664121,451
127230501,39.4148,38.4097,452,42062,0.777276,0.67,2,1664610,1664158,452
127233421,30.283,26.8819,456,42112,0.787455,0.69,2,1664638,1664182,456
127236341,34.0566,32.5764,457,42162,0.773491,0.71,2,1664673,1664216,457
127239261,36.4113,35.3153,458,42212,0.786698,0.71,2,1664710,1664252,458
127242181,8.88226,8.66306,458,42262,0.78934,0.77,2,1664712,1664254,458
127245101,20.1765,18.5326,460,42312,0.773868,0.81,2,1664735,1664275,460
127248021,26.4353,26.1065,460,42362,0.834774,0.81,2,1664763,1664303,460
127250941,39.6871,38.0213,462,42412,0.798955,0.77,2,1664806,1664344,462
127253861,46.3374,47.6043,460,42462,0.839791,0.79,2,1664854,1664394,460
127256781,30.0675,31.1209,459,42512,0.863958,0.75,2,1664880,1664421,459
127259701,23.6135,22.2242,461,42562,0.884792,0.81,2,1664902,1664441,461
127262621,31.1227,30.8448,461,42612,0.872958,0.79,2,1664935,1664474,461
127265541,49.4245,49.369,461,42662,0.854592,0.81,2,1664989,1664528,461
127268461,45.8849,45.0738,462,42711,0.850918,0.77,2,1665034,1664572,462
127271381,37.977,39.4148,460,42760,0.882184,0.79,2,1665070,1664610,460
127274301,29.1954,30.283,459,42809,0.840437,0.77,2,1665097,1664638,459
127277221,34.6391,34.0566,460,42858,0.912087,0.79,2,1665133,1664673,460
127280141,37.3278,36.4113,461,42907,0.942417,0.79,2,1665171,1664710,461
127283061,9.06556,8.88226,461,42956,0.948484,0.77,2,1665173,1664712,461
127285981,20.2131,20.1765,461,43005,0.949697,0.77,2,1665196,1664735,461
127288901,26.4426,4.03529,489,43054,0.933939,0.85,2,1665224,1664735,489
127291821,38.8885,23.2071,503,43103,0.946788,0.79,2,1665266,1664763,503
127294741,47.7777,39.0414,510,43152,0.949358,0.85,2,1665316,1664806,510
127437821,37,48,494,45488,0.65,1,1,1666950,1666456,494
127440741,32.2,40.8,486,45534,0.602,0.99,1,1666981,1666495,486
127443661,41.64,35.36,496,45580,0.5764,1,1,1667025,1666529,496
127446581,34.728,27.072,504,45626,0.61928,1,1,1667058,1666554,504
127449501,30.9456,46.2144,483,45672,0.579856,0.95,1,1667088,1666605,483
127452421,30.9891,33.2429,484,45718,0.587971,0.99,1,1667119,1666635,484
127455341,30.1978,31.4486,483,45764,0.573594,1,1,1667149,1666666,483
127458261,30.0396,17.4897,499,45810,0.586719,1,1,1667179,1666680,499
127461181,14.8079,7.49794,505,45856,0.573344,0.99,1,1667190,1666685,505
127464101,17.3616,41.4996,473,45902,0.522669,0.83,1,1667208,1666735,473
127467021,25.8723,32.2999,471,45948,0.496534,0.83,1,1667236,1666765,471
127469941,27.5745,6.45998,499,45994,0.427307,1,1,1667264,1666765,499
127472861,31.9149,27.692,499,46040,0.445461,0.96,1,1667297,1666798,499
127475781,31.183,33.5384,495,46086,0.481092,0.83,1,1667328,1666833,495
127478701,39.8366,35.5077,501,46132,0.504218,0.71,1,1667370,1666869,501
127481621,35.1673,42.3015,491,46178,0.492844,0.65,1,1667404,1666913,491
127484541,31.8335,38.0603,485,46224,0.522569,0.59,1,1667435,1666950,485
127487461,37.5667,32.4121,493,46270,0.528514,0.57,1,1667474,1666981,493
127490381,34.7133,41.6824,483,46316,0.561703,0.63,1,1667508,1667025,483
127493301,30.1427,34.7365,479,46362,0.584341,0.57,1,1667537,1667058,479
127496221,31.6285,30.9473,481,46407,0.588868,0.59,1,1667569,1667088,481
127499141,26.3257,30.9895,475,46452,0.621774,0.57,1,1667594,1667119,475
127502061,31.6651,30.1979,478,46497,0.644355,0.59,1,1667627,1667149,478
127504981,11.933,30.0396,455,46542,0.648871,0.57,1,1667634,1667179,455
127507901,16.7866,14.8079,462,46587,0.681774,0.51,1,1667652,1667190,462
127510821,25.7573,17.3616,472,46632,0.672355,0.49,1,1667680,1667208,472
127513741,26.7515,25.8723,471,46677,0.686471,0.41,1,1667707,1667236,471
127516661,32.5503,27.5745,477,46722,0.705294,0.45,1,1667741,1667264,477
127519581,30.5101,31.9149,474,46767,0.725059,0.49,1,1667771,1667297,474
127522501,42.102,31.183,488,46812,0.745012,0.51,1,1667816,1667328,488
127525421,34.8204,39.8366,479,46857,0.765002,0.49,2,1667849,1667370,479
127528341,33.3641,35.1673,478,46902,0.753,0.53,2,1667882,1667404,478
127531261,37.8728,31.8335,486,46947,0.7826,0.53,2,1667921,1667435,486
127534181,36.3746,37.5667,483,46992,0.82052,0.57,2,1667957,1667474,483
127537101,31.2749,34.7133,479,47037,0.828104,0.59,2,1667987,1667508,479
127540021,31.855,30.1427,482,47082,0.829621,0.59,2,1668019,1667537,482
127542941,27.971,31.6285,477,47127,0.845924,0.63,2,1668046,1667569,477
127545861,33.5942,26.3257,487,47172,0.897185,0.65,2,1668081,1667594,487
127548781,13.1188,31.6651,462,47217,0.907437,0.65,2,1668089,1667627,462
127551701,17.0238,11.933,473,47262,0.925487,0.69,2,1668107,1667634,473
127554621,25.0048,16.7866,482,47307,0.913098,0.67,2,1668134,1667652,482
127557541,25.801,25.7573,480,47352,0.910619,0.69,2,1668160,1667680,480
127560461,6.76019,26.7515,455,47397,0.910124,0.71,2,1668162,1667707,455
127805741,88,56,507,23451,0.23,0.98,1,1670850,1670343,507
127808661,62.4,64.8,496,23541,0.118,0.95,1,1670906,1670410,496
127811581,74.88,76.16,495,23631,0.0476,0.87,1,1670984,1670489,495
127814501,57.376,57.632,495,23721,0.06552,0.65,1,1671037,1670542,495
127817421,40.2752,59.5264,471,23810,0.101104,0.61,1,1671073,1670602,471
127820341,28.055,39.9053,461,23899,0.0922208,0.65,1,1671098,1670637,461
127823261,34.411,21.5811,480,23988,0.106444,0.49,1,1671134,1670654,480
127826181,59.6822,57.1162,480,24076,0.141289,0.23,1,1671200,1670720,480
127829101,79.9364,115.423,435,24164,0.116258,0.09,1,1671285,1670850,435
127832021,52.7873,67.8846,425,24252,0.111252,0.03,1,1671331,1670906,425
127834941,72.1575,75.9769,424,24339,0.17425,0.07,1,1671408,1670984,424
127837861,56.0315,57.5954,423,24426,0.20285,0.11,1,1671460,1671037,423
127840781,43.2063,40.3191,427,24513,0.24057,0.09,1,1671500,1671073,427
127843701,26.2413,28.0638,424,24599,0.248114,0.11,1,1671522,1671098,424
127846621,36.4483,34.4128,427,24685,0.313623,0.15,1,1671561,1671134,427
127849541,61.6897,59.6826,429,24771,0.358725,0.11,1,1671629,1671200,429
127852461,78.7379,79.9365,427,24857,0.415745,0.11,1,1671712,1671285,427
127855381,53.3476,52.7873,428,24942,0.427149,0.19,1,1671759,1671331,428
127858301,73.0695,72.1575,429,25027,0.42943,0.21,1,1671837,1671408,429
127861221,58.6139,56.0315,432,25112,0.445886,0.25,1,1671892,1671460,432
127864141,45.3228,43.2063,434,25196,0.465177,0.25,1,1671934,1671500,434
127867061,27.4646,26.2413,435,25280,0.501035,0.33,1,1671957,1671522,435
127869981,37.4929,36.4483,436,25364,0.540207,0.37,1,1671997,1671561,436
127872901,63.4986,61.6897,438,25448,0.596041,0.37,1,1672067,1671629,438
127875821,80.6997,12.3379,523,25531,0.655208,0.43,1,1672152,1671629,523
127878741,55.3399,68.8676,489,25614,0.699042,0.43,1,1672201,1671712,489
127881661,71.868,51.3735,518,25697,0.739808,0.43,1,1672277,1671759,518
127884581,59.9736,72.6747,497,25779,0.795962,0.45,2,1672334,1671837,497
127887501,47.1947,58.5349,486,25861,0.775192,0.47,2,1672378,1671892,486
127890421,29.4389,45.307,469,25943,0.755038,0.51,2,1672403,1671934,469
127893341,37.8878,27.4614,486,26025,0.767008,0.55,2,1672443,1671957,486
127896261,67.5776,37.4923,521,26106,0.785402,0.61,2,1672518,1671997,521
127899181,84.7155,63.4985,540,26187,0.77308,0.67,2,1672607,1672067,540
127902101,57.7431,80.6997,506,26268,0.786616,0.71,2,1672658,1672152,506
127905021,73.1486,55.3399,534,26349,0.821323,0.75,2,1672735,1672201,534
127907941,61.0297,71.868,516,26429,0.828265,0.81,2,1672793,1672277,516
127910861,47.4059,59.9736,503,26509,0.829653,0.77,2,1672837,1672334,503
127913781,28.6812,47.1947,483,26589,0.845931,0.75,2,1672861,1672378,483
127916701,38.5362,29.4389,499,26669,0.865186,0.77,2,1672902,1672403,499
127919621,68.5072,37.8878,535,26748,0.869037,0.79,2,1672978,1672443,535
128074381,35,31,489,30660,0.85,1,2,1675709,1675220,489
128077301,29.4,26.2,492,30729,0.866,1,2,1675737,1675245,492
128080221,29.08,34.84,484,30798,0.7572,1,2,1675766,1675282,484
128083141,40.216,43.768,481,30867,0.87944,1,2,1675809,1675328,481
128086061,78.4432,82.3536,477,30936,0.855888,1,2,1675897,1675420,477
128088981,75.6886,81.2707,471,31004,0.931178,1,2,1675972,1675501,471
128091901,36.7377,40.2541,468,31072,0.930236,0.82,2,1675999,1675531,468
128436461,35,39,509,38275,0.53,1,1,1681058,1680549,509
128439381,41.4,37.4,515,38330,0.514,1,1,1681101,1680586,515
128442301,33.88,33.08,515,38385,0.3988,1,1,1681133,1680618,515
128445221,34.776,32.216,518,38440,0.26376,1,1,1681168,1680650,518
128448141,34.9552,32.0432,521,38495,0.220752,1,1,1681203,1680682,521
128451061,37.391,36.8086,521,38550,0.13215,0.96,1,1681241,1680720,521
128453981,29.0782,37.7617,510,38605,0.13043,1,1,1681268,1680758,510
128456901,32.2156,36.3523,507,38660,0.098086,1,1,1681301,1680794,507
128459821,25.6431,34.4705,497,38715,0.0756172,0.91,1,1681325,1680828,497
128462741,25.9286,47.6941,472,38770,0.0551234,0.97,1,1681351,1680879,472
128465661,30.7857,40.7388,465,38824,0.0190247,0.69,1,1681383,1680918,465
128468581,57.3571,65.7478,457,38878,0.00380494,0.61,1,1681447,1680990,457
128471501,32.2714,39.5496,450,38932,0.024761,0.53,1,1681473,1681023,450
128474421,32.0543,35.9099,447,38986,0.0449522,0.51,1,1681505,1681058,447
128477341,38.4109,41.582,444,39040,0.0649904,0.37,1,1681545,1681101,444
128480261,29.2822,33.9164,439,39094,0.0529981,0.23,1,1681572,1681133,439
128483181,28.2564,34.7833,432,39148,0.0825996,0.21,1,1681600,1681168,432
128486101,32.8513,34.9567,431,39202,0.0405199,0.11,1,1681634,1681203,431
128489021,34.5703,37.3913,428,39256,0.032104,0.13,1,1681669,1681241,428
128491941,25.3141,29.0783,424,39310,0.110421,0.09,1,1681692,1681268,424
128494861,29.8628,32.2157,422,39364,0.0780842,0.07,1,1681723,1681301,422
128497781,25.9726,25.6431,423,39418,0.0876168,0.05,1,1681748,1681325,423
128500701,25.1945,25.9286,422,39472,0.121523,0.01,1,1681773,1681351,422
128503621,30.6389,30.7857,422,39526,0.0963047,0,1,1681805,1681383,422
128506541,57.3278,57.3571,422,39579,0.0592609,0.03,1,1681869,1681447,422
128509461,33.0656,32.2714,423,39632,0.0518522,0.05,1,1681896,1681473,423
128512381,33.0131,32.0543,424,39685,0.0503704,0.07,1,1681929,1681505,424
128515301,38.6026,38.4109,424,39738,0.0660741,0.05,1,1681969,1681545,424
128518221,27.7205,29.2822,422,39791,0.0532148,0.09,1,1681994,1681572,422
128521141,29.5441,28.2564,424,39844,0.066643,0.03,1,1682024,1681600,424
128524061,32.3088,32.8513,423,39897,0.0853286,0.03,1,1682057,1681634,423
128526981,34.4618,34.5703,423,39950,0.105066,0.13,1,1682092,1681669,423
128529901,27.6924,25.3141,426,40003,0.0770131,0.07,1,1682118,1681692,426
128532821,27.9385,29.8628,423,40056,0.0714026,0.09,1,1682146,1681723,423
128535741,27.9877,25.9726,426,40109,0.118281,0.09,1,1682174,1681748,426
128538661,21.5975,5.19451,446,40162,0.0956561,0.13,1,1682194,1681748,446
128541581,30.7195,21.0389,454,40215,0.107131,0.09,1,1682227,1681773,454
128544501,57.3439,29.8078,486,40268,0.173426,0.05,1,1682291,1681805,486
128547421,32.2688,57.1616,448,40320,0.154685,0.05,1,1682317,1681869,448
128550341,32.8538,33.0323,454,40372,0.134937,0.05,1,1682350,1681896,454
128553261,39.3707,33.0065,462,40424,0.130987,0.07,1,1682391,1681929,462
128556181,27.0742,38.6013,446,40476,0.146197,0.05,1,1682415,1681969,446
128559101,30.2148,27.7203,452,40528,0.16524,0.07,1,1682446,1681994,452
128562021,34.843,29.5441,458,40580,0.185048,0.09,1,1682482,1682024,458
128564941,34.1686,32.3088,459,40632,0.20501,0.11,1,1682516,1682057,459
128567861,27.6337,34.4618,450,40684,0.241002,0.07,1,1682542,1682092,450
128570781,27.9267,27.6924,452,40736,0.2482,0.07,1,1682570,1682118,452
128573701,28.7853,27.9385,453,40788,0.26564,0.13,1,1682599,1682146,453
128576621,21.7571,27.9877,445,40840,0.269128,0.09,1,1682619,1682174,445
128579541,31.5514,21.5975,459,40892,0.285826,0.11,1,1682653,1682194,459
128582461,59.1103,30.7195,492,40944,0.305165,0.19,1,1682719,1682227,492
128585381,32.6221,57.3439,454,40996,0.325033,0.15,1,1682745,1682291,454
128588301,32.9244,32.2688,461,41047,0.361007,0.13,1,1682778,1682317,461
128591221,38.5849,32.8538,468,41098,0.384201,0.13,1,1682818,1682350,468
128594141,27.717,39.3707,452,41149,0.42084,0.15,1,1682843,1682391,452
128597061,31.1434,27.0742,460,41200,0.428168,0.17,1,1682875,1682415,460
128599981,36.6287,30.2148,467,41251,0.461634,0.19,1,1682913,1682446,467
128602901,34.5257,34.843,465,41302,0.468327,0.21,1,1682947,1682482,465
128605821,29.3051,34.1686,459,41353,0.469665,0.25,1,1682975,1682516,459
128608741,28.261,27.6337,461,41404,0.485933,0.25,1,1683003,1682542,461
128611661,29.6522,27.9267,463,41455,0.489187,0.27,1,1683033,1682570,463
128614581,21.9304,28.7853,454,41506,0.489837,0.27,1,1683053,1682599,454
128617501,5.98609,21.7571,436,41557,0.489967,0.29,1,1683055,1682619,436
128620421,28.3972,31.5514,436,41608,0.537993,0.31,1,1683089,1682653,436
128623341,59.2794,59.1103,437,41659,0.515599,0.33,1,1683156,1682719,437
128626261,33.4559,32.6221,438,41710,0.55912,0.37,1,1683183,1682745,438
128629181,33.8912,32.9244,439,41761,0.535824,0.39,1,1683217,1682778,439
128632101,40.3782,38.5849,441,41812,0.531165,0.43,1,1683259,1682818,441
128635021,29.6756,27.717,443,41862,0.562233,0.43,1,1683286,1682843,443
128637941,32.3351,31.1434,444,41912,0.600447,0.47,1,1683319,1682875,444
128640861,37.667,36.6287,445,41962,0.576089,0.47,1,1683358,1682913,445
128643781,34.7334,34.5257,445,42012,0.635218,0.47,1,1683392,1682947,445
128646701,30.1467,29.3051,446,42062,0.631044,0.49,1,1683421,1682975,446
128649621,28.4293,28.261,446,42112,0.630209,0.49,1,1683449,1683003,446
128652541,29.6859,29.6522,446,42162,0.678042,0.49,1,1683479,1683033,446
128655461,22.7372,21.9304,447,42212,0.687608,0.49,1,1683500,1683053,447
128658381,6.14743,5.98609,447,42262,0.689522,0.55,1,1683502,1683055,447
128661301,28.4295,28.3972,447,42312,0.657904,0.51,1,1683536,1683089,447
128664221,59.2859,59.2794,447,42362,0.683581,0.57,1,1683603,1683156,447
128667141,34.2572,33.4559,448,42412,0.704716,0.53,1,1683631,1683183,448
128670061,32.4514,33.8912,446,42462,0.692943,0.53,1,1683663,1683217,446
128672981,42.4903,40.3782,449,42512,0.706589,0.57,1,1683708,1683259,449
128675901,30.8981,29.6756,450,42562,0.757318,0.61,2,1683736,1683286,450
128678821,32.5796,32.3351,450,42612,0.831464,0.57,2,1683769,1683319,450
128681741,38.5159,37.667,451,42662,0.830293,0.65,2,1683809,1683358,451
128684661,35.7032,34.7334,452,42711,0.862058,0.63,2,1683844,1683392,452
128687581,31.1406,30.1467,453,42760,0.836412,0.63,2,1683874,1683421,453
128690501,28.6281,28.4293,453,42809,0.863282,0.69,2,1683902,1683449,453
128693421,31.3256,29.6859,455,42858,0.900657,0.69,2,1683934,1683479,455
128696341,22.2651,22.7372,454,42907,0.876131,0.69,2,1683954,1683500,454
128699261,6.05302,6.14743,454,42956,0.871226,0.65,2,1683956,1683502,454
128702181,28.4106,28.4295,454,43005,0.870245,0.65,2,1683990,1683536,454
128705101,58.4821,5.6859,520,43054,0.886049,0.69,2,1684056,1683536,520
128708021,34.8964,54.7372,482,43103,0.88921,0.71,2,1684085,1683603,482
128710941,33.3793,33.3474,487,43152,0.905842,0.69,2,1684118,1683631,487
128713861,43.4759,32.2695,501,43201,0.909168,0.71,2,1684164,1683663,501
128716781,33.4952,42.4539,487,43250,0.893834,0.77,2,1684195,1683708,487
128719701,35.499,30.8908,495,43299,0.922767,0.85,2,1684231,1683736,495
128722621,37.4998,32.5782,500,43348,0.928553,0.83,2,1684269,1683769,500
128883221,30,35,509,45948,0.86,1,2,1686069,1685560,509
128886141,21.2,7,528,45994,0.852,1,2,1686088,1685560,528
128889061,21.84,25.4,520,46040,0.7384,1,1,1686110,1685590,520
128891981,31.568,25.88,528,46086,0.68368,1,1,1686144,1685616,528
128894901,32.7136,52.376,502,46132,0.608736,1,1,1686177,1685675,502
128897821,36.1427,33.6752,510,46178,0.593747,1,1,1686214,1685704,510
128900741,36.8285,32.335,515,46224,0.574749,1,1,1686251,1685736,515
128903661,51.3657,48.067,518,46270,0.49095,1,1,1686306,1685788,518
128906581,32.6731,40.0134,508,46316,0.47419,1,1,1686334,1685826,508
128909501,26.5346,32.0027,503,46362,0.470838,1,1,1686359,1685856,503
128912421,27.7069,25.6005,507,46407,0.470168,1,1,1686387,1685880,507
128915341,31.9414,30.7201,508,46452,0.454033,0.97,1,1686420,1685912,508
128918261,28.7883,34.144,501,46497,0.370807,1,1,1686448,1685947,501
128921181,21.7577,29.2288,493,46542,0.386161,0.93,1,1686468,1685975,493
128924101,36.3515,24.2458,510,46587,0.389232,0.93,1,1686508,1685998,510
128927021,26.4703,37.6492,493,46632,0.421846,0.86,1,1686532,1686039,493
128929941,16.4941,31.5298,477,46677,0.396369,0.85,1,1686546,1686069,477
128932861,23.2988,21.506,483,46722,0.391274,0.71,1,1686571,1686088,483
128935781,30.2598,21.9012,493,46767,0.422255,0.67,1,1686603,1686110,493
128938701,29.252,31.5802,488,46812,0.460451,0.59,1,1686632,1686144,488
128941621,29.0504,32.716,484,46857,0.43609,0.59,1,1686661,1686177,484
128944541,34.6101,36.1432,483,46902,0.479218,0.57,1,1686697,1686214,483
128947461,50.922,36.8286,501,46947,0.471844,0.47,1,1686752,1686251,501
128950381,28.5844,51.3657,469,46992,0.454369,0.47,1,1686775,1686306,469
128953301,28.1169,32.6731,469,47037,0.482874,0.47,1,1686803,1686334,469
128956221,25.6234,26.5346,469,47082,0.536575,0.47,1,1686828,1686359,469
128959141,30.7247,27.7069,473,47127,0.563315,0.45,1,1686860,1686387,473
128962061,28.5449,31.9414,468,47172,0.584663,0.35,1,1686888,1686420,468
128964981,20.909,28.7883,459,47217,0.620933,0.39,1,1686907,1686448,459
128967901,36.9818,21.7577,480,47262,0.612186,0.39,1,1686948,1686468,480
128970821,26.5964,36.3515,464,47307,0.610437,0.43,1,1686972,1686508,464
128973741,14.9193,26.4703,452,47352,0.610087,0.39,1,1686984,1686532,452
128976661,4.58385,16.4941,440,47397,0.610017,0.39,1,1686986,1686546,440
128979581,23.3168,23.2988,443,47441,0.626004,0.43,1,1687014,1686571,443
128982501,31.8634,30.2598,445,47485,0.693201,0.47,1,1687048,1686603,445
128985421,27.9727,29.252,443,47529,0.69064,0.43,1,1687075,1686632,443
128988341,31.1945,29.0504,446,47573,0.690128,0.49,1,1687107,1686661,446
128991261,35.0389,34.6101,446,47617,0.674026,0.47,1,1687143,1686697,446
128994181,50.2078,50.922,445,47661,0.702805,0.45,1,1687197,1686752,445
128997101,28.4416,28.5844,445,47705,0.708561,0.49,1,1687220,1686775,445
129000021,29.6883,28.1169,447,47749,0.709712,0.55,1,1687250,1686803,447
129002941,27.5377,25.6234,449,47793,0.741942,0.57,1,1687277,1686828,449
129005861,32.7075,30.7247,451,47837,0.764389,0.59,2,1687311,1686860,451
129008781,28.9415,28.5449,451,47881,0.768878,0.63,2,1687339,1686888,451
129011701,20.9883,20.909,451,47925,0.753776,0.61,2,1687358,1686907,451
129014621,37.7977,36.9818,452,47969,0.750755,0.61,2,1687400,1686948,452
129017541,26.7595,26.5964,452,48013,0.750151,0.61,2,1687424,1686972,452
129020461,14.9519,14.9193,452,48057,0.76603,0.61,2,1687436,1686984,452
129023381,4.59038,4.58385,452,48101,0.769206,0.63,2,1687438,1686986,452
129026301,25.7181,23.3168,455,48145,0.753841,0.71,2,1687469,1687014,455
129029221,32.3436,31.8634,455,48189,0.750768,0.69,2,1687503,1687048,455
129032141,27.2687,27.9727,454,48233,0.750154,0.69,2,1687529,1687075,454
129035061,31.0537,31.1945,454,48277,0.798031,0.67,2,1687561,1687107,454
129037981,35.8107,35.0389,455,48321,0.839606,0.71,2,1687598,1687143,455
129040901,51.1621,50.2078,456,48365,0.831921,0.71,2,1687653,1687197,456
129043821,29.4324,28.4416,457,48409,0.862384,0.71,2,1687677,1687220,457
129046741,29.8865,29.6883,457,48453,0.884477,0.75,2,1687707,1687250,457
129049661,27.5773,27.5377,457,48496,0.856895,0.77,2,1687734,1687277,457
129052581,33.5155,32.7075,458,48539,0.915379,0.77,2,1687769,1687311,458
129281801,100,69,527,23541,0.61,1,1,1690177,1689650,527
129284721,58.4,70.6,504,23631,0.546,1,1,1690225,1689721,504
129287641,67.68,68.52,506,23721,0.4852,1,1,1690295,1689789,506
129290561,67.936,68.104,506,23810,0.47304,1,1,1690363,1689857,506
129293481,63.1872,64.0208,505,23899,0.422608,0.87,1,1690425,1689920,505
129296401,41.4374,60.8042,481,23988,0.428522,0.85,1,1690461,1689980,481
129299321,29.8875,39.3608,474,24076,0.397704,0.69,1,1690488,1690014,474
129302241,43.5775,58.2722,458,24164,0.455541,0.61,1,1690535,1690077,458
129305161,80.7155,91.6544,448,24252,0.515108,0.53,1,1690625,1690177,448
129308081,55.3431,56.7309,449,24339,0.527022,0.47,1,1690674,1690225,449
129311001,63.0686,67.3462,444,24426,0.577404,0.47,1,1690739,1690295,444
129313921,68.6137,67.8692,446,24513,0.635481,0.41,1,1690809,1690363,446
129316841,60.1227,63.1738,442,24599,0.631096,0.43,1,1690867,1690425,442
129319761,40.8245,41.4348,442,24685,0.678219,0.39,1,1690903,1690461,442
129322681,28.9649,29.887,441,24771,0.687644,0.47,1,1690929,1690488,441
129325601,46.593,43.5774,445,24857,0.657529,0.53,1,1690980,1690535,445
129328521,82.1186,80.7155,446,24942,0.715506,0.53,1,1691071,1690625,446
129331441,57.2237,55.3431,448,25027,0.679101,0.59,1,1691122,1690674,448
129334361,64.2447,63.0686,449,25112,0.68782,0.65,1,1691188,1690739,449
129337281,72.0489,68.6137,453,25196,0.753564,0.63,2,1691262,1690809,453
129340201,60.8098,60.1227,453,25280,0.750713,0.69,2,1691320,1690867,453
129343121,41.762,40.8245,454,25364,0.798143,0.69,2,1691357,1690903,454
129346041,29.1524,28.9649,454,25448,0.807629,0.69,2,1691383,1690929,454
129348961,46.6305,5.79298,505,25531,0.761526,0.65,2,1691434,1690929,505
129351881,82.9261,41.9586,546,25614,0.800305,0.73,2,1691526,1690980,546
129354801,57.3852,81.1917,506,25697,0.840061,0.67,2,1691577,1691071,506
129357721,64.277,57.0383,521,25779,0.864012,0.69,2,1691643,1691122,521
129530001,27,36,492,30243,0.59,1,1,1694781,1694289,492
129532921,55.8,70.4,476,30313,0.414,1,1,1694844,1694368,476
129535841,49.56,43.68,487,30383,0.2988,1,1,1694892,1694405,487
129538761,61.912,53.536,496,30453,0.05976,1,1,1694957,1694461,496
129541681,41.9824,38.7072,498,30522,0.019952,1,1,1694994,1694496,498
129544601,33.9965,34.9414,496,30591,0.0759904,1,1,1695026,1694530,496
129547521,43.5993,54.1883,483,30660,0.0871981,1,1,1695072,1694589,483
129550441,35.1199,46.0377,472,30729,0.0734396,0.73,1,1695105,1694633,472
129553361,61.424,75.6075,457,30798,0.0866879,0.61,1,1695173,1694716,457
129556281,37.0848,45.5215,450,30867,0.121338,0.59,1,1695204,1694754,450
129559201,29.017,30.7043,450,30936,0.0802675,0.37,1,1695231,1694781,450
129562121,43.4034,56.5409,434,31004,0.0880535,0.27,1,1695278,1694844,434
129565041,45.4807,49.7082,432,31072,0.0736107,0,1,1695324,1694892,432
129567961,56.2961,61.9416,426,31140,0.0227221,0.01,1,1695383,1694957,426
129570881,40.0592,41.9883,425,31208,0.00454443,0.09,1,1695419,1694994,425
129573801,32.0118,33.9977,423,31276,0.0569089,0.09,1,1695449,1695026,423
129576721,43.2024,6.79953,469,31344,0.0833818,0.09,1,1695495,1695026,469
129579641,35.0405,38.1599,456,31412,0.104676,0.07,1,1695528,1695072,456
129582561,62.2081,34.032,492,31479,0.0769353,0.09,1,1695597,1695105,492
129585481,38.0416,61.2064,456,31546,0.135387,0.13,1,1695629,1695173,456
129588401,26.8083,37.0413,449,31613,0.147077,0.07,1,1695653,1695204,449
129591321,44.5617,29.0083,471,31680,0.197415,0.09,1,1695702,1695231,471
129594241,43.3123,43.4017,467,31747,0.207483,0.07,1,1695745,1695278,467
129597161,56.6625,45.4803,481,31814,0.177497,0.01,1,1695805,1695324,481
129600081,39.3325,56.2961,457,31881,0.155499,0,1,1695840,1695383,457
129603001,32.6665,40.0592,452,31947,0.1351,0.07,1,1695871,1695419,452
129605921,45.7333,32.0118,471,32013,0.14702,0.09,1,1695920,1695449,471
129608841,34.7467,43.2024,457,32079,0.149404,0.11,1,1695952,1695495,457
129611761,62.9493,35.0405,494,32145,0.181881,0.07,1,1696022,1695528,494
129614681,42.1899,62.2081,462,32211,0.220376,0.15,1,1696059,1695597,462
129617601,26.038,38.0416,452,32277,0.228075,0.15,1,1696081,1695629,452
129620521,46.8076,26.8083,480,32343,0.245615,0.21,1,1696133,1695653,480
129623441,44.5615,44.5617,475,32408,0.265123,0.21,1,1696177,1695702,475
129626361,54.5123,43.3123,489,32473,0.365025,0.17,1,1696234,1695745,489
129629281,36.5025,56.6625,461,32538,0.385005,0.15,1,1696266,1695805,461
129632201,32.9005,39.3325,458,32603,0.389001,0.13,1,1696298,1695840,458
129635121,46.5801,32.6665,477,32668,0.3578,0.15,1,1696348,1695871,477
129638041,34.916,45.7333,460,32733,0.35156,0.15,1,1696380,1695920,460
129640961,8.5832,34.7467,430,32798,0.350312,0.19,1,1696382,1695952,430
129643881,60.9166,62.9493,434,32862,0.414062,0.23,1,1696456,1696022,434
129646801,40.9833,42.1899,433,32926,0.426812,0.23,1,1696492,1696059,433
129649721,25.7967,26.038,433,32990,0.429363,0.25,1,1696514,1696081,433
129652641,48.3593,46.8076,435,33054,0.445872,0.27,1,1696568,1696133,435
129655561,46.4719,44.5615,437,33118,0.449174,0.39,1,1696614,1696177,437
129658481,58.0944,54.5123,441,33182,0.513835,0.39,1,1696675,1696234,441
129661401,37.2189,36.5025,441,33246,0.526767,0.39,1,1696707,1696266,441
129664321,33.0438,32.9005,441,33310,0.529353,0.35,1,1696739,1696298,441
129667241,45.0088,46.5801,439,33373,0.529871,0.35,1,1696787,1696348,439
129670161,34.6018,34.916,439,33436,0.545974,0.35,1,1696819,1696380,439
129673081,8.52035,8.5832,439,33499,0.549195,0.43,1,1696821,1696382,439
129676001,63.3041,60.9166,442,33562,0.581839,0.43,1,1696898,1696456,442
129678921,42.2608,40.9833,443,33625,0.572368,0.43,1,1696935,1696492,443
129681841,26.0522,25.7967,443,33688,0.570474,0.45,1,1696957,1696514,443
129684761,48.4104,48.3593,443,33751,0.618095,0.45,1,1697011,1696568,443
129687681,47.2821,46.4719,444,33814,0.643619,0.53,1,1697058,1696614,444
129690601,59.8564,58.0944,446,33877,0.584724,0.53,1,1697121,1696675,446
129693521,37.5713,37.2189,446,33939,0.620945,0.53,1,1697153,1696707,446
129696441,33.1143,33.0438,446,34001,0.644189,0.53,1,1697185,1696739,446
129699361,46.6229,45.0088,448,34063,0.616838,0.55,1,1697235,1696787,448
129702281,35.7246,34.6018,449,34125,0.627368,0.55,1,1697268,1696819,449
129705201,8.74491,8.52035,449,34187,0.629474,0.59,1,1697270,1696821,449
129708121,63.349,63.3041,449,34249,0.645895,0.59,1,1697347,1696898,449
129711041,42.2698,12.6608,486,34311,0.633179,0.57,1,1697384,1696898,486
129713961,26.054,32.1322,471,34373,0.630636,0.57,1,1697406,1696935,471
129716881,49.2108,24.0264,504,34435,0.678127,0.63,1,1697461,1696957,504
129719801,48.2422,48.0053,498,34496,0.719625,0.65,1,1697509,1697011,498
129722721,58.4484,47.2011,512,34557,0.759925,0.57,2,1697570,1697058,512
129725641,38.0897,59.8402,482,34618,0.799985,0.63,2,1697603,1697121,482
129728561,34.0179,37.568,483,34679,0.855997,0.65,2,1697636,1697153,483
129731481,45.2036,33.1136,499,34740,0.867199,0.61,2,1697684,1697185,499
129734401,36.2407,46.6227,483,34801,0.88544,0.63,2,1697718,1697235,483
129737321,8.84814,35.7245,452,34862,0.889088,0.63,2,1697720,1697268,452
129740241,64.1696,8.74491,528,34923,0.921818,0.65,2,1697798,1697270,528
129889161,31,31,510,37886,0.75,1,2,1699847,1699337,510
129892081,38.2,33.4,516,37942,0.702,1,1,1699887,1699371,516
129895001,38.04,32.28,522,37998,0.6284,1,1,1699925,1699403,522
129897921,58.008,52.856,527,38054,0.51768,1,1,1699988,1699461,527
129900841,34.0016,40.1712,518,38110,0.431536,1,1,1700016,1699498,518
129903761,35.6003,41.6342,512,38165,0.430307,1,1,1700052,1699540,512
129906681,51.9201,39.5268,529,38220,0.334061,1,1,1700108,1699579,529
129909601,35.184,45.5054,513,38275,0.234812,1,1,1700139,1699626,513
129912521,31.0368,41.9011,502,38330,0.182962,1,1,1700169,1699667,502
129915441,40.6074,33.9802,513,38385,0.236592,0.92,1,1700212,1699699,513
129918361,37.7215,41.196,507,38440,0.167318,0.87,1,1700249,1699742,507
129921281,34.7443,38.6392,503,38495,0.185464,0.83,1,1700283,1699780,503
129924201,27.7489,36.5278,493,38550,0.157093,0.75,1,1700309,1699816,493
129927121,31.9498,32.1056,495,38605,0.151419,0.69,1,1700342,1699847,495
129930041,7.98995,38.4211,457,38660,0.150284,0.61,1,1700344,1699887,457
129932961,27.198,38.0842,451,38715,0.150057,0.49,1,1700376,1699925,451
129935881,50.2396,58.0168,444,38770,0.182011,0.41,1,1700432,1699988,444
129938801,26.8479,34.0034,437,38824,0.188402,0.43,1,1700453,1700016,437
129941721,34.1696,35.6007,437,38878,0.23768,0.31,1,1700489,1700052,437
129944641,51.6339,51.9201,437,38932,0.231536,0.21,1,1700545,1700108,437
129947561,34.3268,35.184,436,38986,0.246307,0.17,1,1700575,1700139,436
129950481,28.4654,31.0368,433,39040,0.265261,0.25,1,1700602,1700169,433
129953401,40.0931,40.6074,433,39094,0.269052,0.15,1,1700645,1700212,433
129956321,34.4186,37.7215,429,39148,0.28581,0.19,1,1700678,1700249,429
129959241,35.6837,34.7443,431,39202,0.289162,0.15,1,1700714,1700283,431
129962161,26.3367,27.7489,429,39256,0.305832,0.15,1,1700738,1700309,429
129965081,32.4673,31.9498,430,39310,0.309166,0.15,1,1700772,1700342,430
129968001,8.09347,7.98995,430,39364,0.309833,0.15,1,1700774,1700344,430
129970921,24.8187,27.198,427,39418,0.341967,0.19,1,1700803,1700376,427
129973841,52.1637,50.2396,430,39472,0.348393,0.19,1,1700862,1700432,430
129976761,26.4327,26.8479,429,39526,0.349679,0.25,1,1700882,1700453,429
129979681,36.4865,34.1696,432,39579,0.365936,0.23,1,1700921,1700489,432
129982601,52.8973,51.6339,433,39632,0.385187,0.25,1,1700978,1700545,433
129985521,35.3795,34.3268,434,39685,0.373037,0.27,1,1701009,1700575,434
129988441,27.8759,28.4654,433,39738,0.386607,0.27,1,1701035,1700602,433
129991361,39.9752,40.0931,433,39791,0.389322,0.29,1,1701078,1700645,433
129994281,35.195,34.4186,434,39844,0.389864,0.29,1,1701112,1700678,434
129997201,36.639,35.6837,435,39897,0.421973,0.31,1,1701149,1700714,435
130000121,27.3278,26.3367,436,39950,0.412395,0.31,1,1701174,1700738,436
130003041,33.4656,32.4673,437,40003,0.426479,0.31,1,1701209,1700772,437
130005961,8.29311,8.09347,437,40056,0.429296,0.35,1,1701211,1700774,437
130008881,24.8586,24.8187,437,40109,0.413859,0.35,1,1701240,1700803,437
130011801,51.3717,4.96374,495,40162,0.426772,0.35,1,1701298,1700803,495
130014721,26.2743,48.1927,456,40215,0.429354,0.35,1,1701318,1700862,456
130017641,38.8549,25.6385,478,40268,0.461871,0.37,1,1701360,1700882,478
130020561,52.571,36.3277,495,40320,0.484374,0.39,1,1701416,1700921,495
130023481,34.5142,52.8655,468,40372,0.504875,0.37,1,1701446,1700978,468
130026401,29.3028,35.3731,465,40424,0.572975,0.39,1,1701474,1701009,465
130029321,41.0606,27.8746,483,40476,0.618595,0.39,1,1701518,1701035,483
130032241,35.4121,39.9749,474,40528,0.627719,0.39,1,1701552,1701078,474
130035161,36.6824,35.195,477,40580,0.661544,0.43,1,1701589,1701112,477
130038081,26.5365,36.639,464,40632,0.668309,0.41,1,1701613,1701149,464
130041001,34.1073,27.3278,475,40684,0.669662,0.43,1,1701649,1701174,475
130043921,8.42146,33.4656,442,40736,0.669932,0.43,1,1701651,1701209,442
130046841,25.6843,8.29311,470,40788,0.685986,0.41,1,1701681,1701211,470
130049761,52.3369,24.8586,500,40840,0.721197,0.43,1,1701740,1701240,500
130052681,26.4674,51.3717,462,40892,0.744239,0.43,1,1701760,1701298,462
130055601,40.4935,26.2743,486,40944,0.780848,0.47,2,1701804,1701318,486
130058521,53.6987,38.8549,501,40996,0.78817,0.49,2,1701861,1701360,501
130061441,36.3397,52.571,477,41047,0.757634,0.51,2,1701893,1701416,477
130064361,32.0679,34.5142,478,41098,0.799527,0.59,2,1701924,1701446,478
130067281,43.2136,29.3028,496,41149,0.887905,0.63,2,1701970,1701474,496
130070201,35.8427,41.0606,486,41200,0.905581,0.63,2,1702004,1701518,486
130073121,38.3685,35.4121,491,41251,0.893116,0.67,2,1702043,1701552,491
130076041,26.8737,36.6824,478,41302,0.890623,0.67,2,1702067,1701589,478
130078961,34.1747,26.5365,490,41353,0.906125,0.67,2,1702103,1701613,490
130081881,8.43495,34.1073,456,41404,0.909225,0.67,2,1702105,1701649,456
130084801,26.487,8.42146,485,41455,0.925845,0.69,2,1702136,1701651,485
130087721,54.0974,25.6843,516,41506,0.913169,0.73,2,1702197,1701681,516
130090641,12.4195,52.3369,459,41557,0.910634,0.75,2,1702199,1701740,459
130093561,18.4839,26.4674,459,41608,0.942127,0.79,2,1702219,1701760,459
130265841,32,68,507,44503,0.73,1,1,1704245,1703738,507
130268761,33.6,37.6,511,44550,0.666,1,1,1704279,1703768,511
130271681,31.52,31.52,512,44597,0.5732,1,1,1704310,1703798,512
130274601,30.304,52.704,484,44644,0.42664,1,1,1704340,1703856,484
130277521,40.4608,36.9408,494,44691,0.285328,1,1,1704383,1703889,494
130280441,28.0922,36.1882,483,44738,0.161066,1,1,1704408,1703925,483
130283361,38.4184,33.6376,491,44785,0.0562131,1,1,1704449,1703958,491
130286281,35.6837,32.3275,494,44832,0.0352426,1,1,1704484,1703990,494
130289201,34.3367,32.0655,496,44879,0.0790485,1,1,1704518,1704022,496
130292121,24.4673,32.8131,485,44926,0.10381,1,1,1704540,1704055,485
130295041,26.4935,27.3626,486,44973,0.0607619,1,1,1704567,1704081,486
130297961,22.8987,24.6725,484,45020,0.0361524,1,1,1704589,1704105,484
130300881,12.5797,16.1345,480,45067,0.0152305,0.93,1,1704599,1704119,480
130303801,25.7159,32.8269,472,45114,0.0590461,0.85,1,1704628,1704156,472
130306721,41.9432,52.1654,461,45161,0.0358092,0.73,1,1704674,1704213,461
130309641,29.1886,36.0331,455,45208,0.0631618,0.65,1,1704700,1704245,455
130312561,29.8377,34.4066,451,45255,0.0686324,0.55,1,1704730,1704279,451
130315481,28.3675,31.6813,448,45302,0.0697265,0.39,1,1704758,1704310,448
130318401,24.8735,30.3363,442,45349,0.101945,0.25,1,1704782,1704340,442
130321321,33.7747,40.4673,435,45396,0.0923891,0.13,1,1704818,1704383,435
130324241,22.7549,28.0935,430,45442,0.0904778,0.03,1,1704838,1704408,430
130327161,32.551,38.4187,424,45488,0.0420956,0.03,1,1704873,1704449,424
130330081,34.5102,35.6837,424,45534,0.0964191,0.09,1,1704908,1704484,424
130333001,35.702,34.3367,426,45580,0.0592838,0.11,1,1704944,1704518,426
130335921,23.9404,24.4673,425,45626,0.0358568,0.05,1,1704965,1704540,425
130338841,24.7881,26.4935,423,45672,0.0791714,0.03,1,1704990,1704567,423
130341761,21.7576,22.8987,422,45718,0.0878343,0.01,1,1705011,1704589,422
130344681,13.9515,12.5797,424,45764,0.0255669,0.07,1,1705023,1704599,424
130347601,25.1903,25.7159,423,45810,0.0611134,0.03,1,1705051,1704628,423
130350521,41.0381,41.9432,422,45856,0.0362227,0.07,1,1705096,1704674,422
130353441,29.8076,29.1886,423,45902,0.0632445,0.07,1,1705123,1704700,423
130356361,29.9615,29.8377,423,45948,0.0366489,0.07,1,1705153,1704730,423
130359281,29.1923,5.96755,452,45994,0.0793298,0.07,1,1705182,1704730,452
130362201,26.6385,23.5935,450,46040,0.103866,0.11,1,1705208,1704758,450
130365121,31.7277,23.9187,459,46086,0.140773,0.09,1,1705241,1704782,459
130368041,22.3455,33.5837,443,46132,0.164155,0.09,1,1705261,1704818,443
130370961,30.8691,22.7167,456,46178,0.168831,0.03,1,1705294,1704838,456
130373881,35.7738,32.5433,458,46224,0.105766,0.11,1,1705331,1704873,458
130376801,35.9548,34.5087,459,46270,0.0611532,0.05,1,1705367,1704908,459
130379721,22.391,35.7017,442,46316,0.116231,0.03,1,1705386,1704944,442
130382641,26.0782,23.9403,448,46362,0.111246,0.09,1,1705413,1704965,448
130385561,20.4156,24.7881,442,46407,0.126249,0.09,1,1705432,1704990,442
130388481,14.4831,21.7576,434,46452,0.11325,0.01,1,1705445,1705011,434
130391401,25.2966,13.9515,450,46497,0.15865,0.07,1,1705473,1705023,450
130394321,40.2593,25.1903,466,46542,0.18373,0.03,1,1705517,1705051,466
130397241,32.0519,41.0381,451,46587,0.124746,0.07,1,1705547,1705096,451
130400161,28.8104,29.8076,452,46632,0.144949,0.03,1,1705575,1705123,452
130403081,31.3621,29.9615,454,46677,0.16499,0.09,1,1705607,1705153,454
130406001,26.2724,29.1923,450,46722,0.200998,0.11,1,1705632,1705182,450
130408921,35.6545,26.6385,462,46767,0.1762,0.15,1,1705670,1705208,462
130411841,21.5309,31.7277,447,46812,0.17124,0.17,1,1705688,1705241,447
130414761,31.5062,22.3455,461,46857,0.170248,0.17,1,1705722,1705261,461
130417681,31.9012,30.8691,460,46902,0.17005,0.09,1,1705754,1705294,460
130420601,36.7802,35.7738,461,46947,0.18601,0.05,1,1705792,1705331,461
130423521,22.556,35.9548,444,46992,0.221202,0.13,1,1705811,1705367,444
130426441,26.9112,22.391,453,47037,0.22824,0.11,1,1705839,1705386,453
130429361,21.3822,26.0782,446,47082,0.229648,0.13,1,1705859,1705413,446
130432281,15.4764,20.4156,441,47127,0.22993,0.11,1,1705873,1705432,441
130435201,27.0953,14.4831,458,47172,0.245986,0.17,1,1705903,1705445,458
130438121,37.4191,25.2966,470,47217,0.313197,0.19,1,1705943,1705473,470
130441041,31.4838,40.2593,456,47262,0.326639,0.11,1,1705973,1705517,456
130443961,31.0968,32.0519,457,47307,0.313328,0.15,1,1706004,1705547,457
130446881,33.4194,28.8104,463,47352,0.310666,0.17,1,1706038,1705575,463
130449801,8.28387,31.3621,433,47397,0.310133,0.21,1,1706040,1705607,433
130452721,20.8568,26.2724,432,47441,0.310027,0.17,1,1706064,1705632,432
130455641,32.9714,35.6545,430,47485,0.342005,0.17,1,1706100,1705670,430
130458561,20.9943,21.5309,430,47529,0.316401,0.17,1,1706118,1705688,430
130461481,31.3989,31.5062,430,47573,0.32728,0.17,1,1706152,1705722,430
130464401,31.8798,31.9012,430,47617,0.345456,0.19,1,1706184,1705754,430
130467321,37.576,36.7802,431,47661,0.445091,0.23,1,1706223,1705792,431
130470241,24.3152,22.556,433,47705,0.449018,0.23,1,1706244,1705811,433
130473161,27.263,26.9112,433,47749,0.481804,0.23,1,1706272,1705839,433
130476081,21.4526,21.3822,433,47793,0.488361,0.23,1,1706292,1705859,433
130479001,15.4905,15.4764,433,47837,0.489672,0.25,1,1706306,1705873,433
130481921,30.2981,27.0953,437,47881,0.489934,0.33,1,1706340,1705903,437
130484841,38.8596,37.4191,438,47925,0.473987,0.33,1,1706381,1705943,438
130487761,31.7719,31.4838,438,47969,0.502797,0.31,1,1706411,1705973,438
130490681,30.3544,31.0968,437,48013,0.524559,0.31,1,1706441,1706004,437
130493601,33.2709,33.4194,437,48057,0.496912,0.31,1,1706475,1706038,437
130496521,8.25418,8.28387,437,48101,0.523382,0.31,1,1706477,1706040,437
130499441,20.8508,20.8568,437,48145,0.560677,0.35,1,1706501,1706064,437
130502361,32.9702,32.9714,437,48189,0.616135,0.31,1,1706537,1706100,437
130505281,20.994,20.9943,437,48233,0.595227,0.33,1,1706555,1706118,437
130508201,32.1988,31.3989,438,48277,0.639045,0.35,1,1706590,1706152,438
130511121,34.4398,31.8798,441,48321,0.631809,0.47,1,1706625,1706184,441
130514041,39.688,37.576,443,48365,0.678362,0.45,1,1706666,1706223,443
130516961,25.5376,24.3152,444,48409,0.687672,0.49,1,1706688,1706244,444
130519881,28.3075,27.263,445,48453,0.689534,0.49,1,1706717,1706272,445
130522801,22.4615,21.4526,446,48496,0.673907,0.49,1,1706738,1706292,446
130525721,15.6923,15.4905,446,48539,0.670781,0.49,1,1706752,1706306,446
130528641,28.7385,30.2981,444,48582,0.654156,0.47,1,1706784,1706340,444
130531561,39.3477,38.8596,445,48625,0.682831,0.51,1,1706826,1706381,445
130534481,32.6695,31.7719,446,48668,0.704566,0.53,1,1706857,1706411,446
130537401,30.5339,30.3544,446,48711,0.724913,0.49,1,1706887,1706441,446
130540321,34.1068,33.2709,447,48754,0.712983,0.53,1,1706922,1706475,447
130543241,8.42136,8.25418,447,48797,0.710597,0.57,1,1706924,1706477,447
130546161,22.4843,20.8508,449,48840,0.678119,0.57,1,1706950,1706501,449
130549081,34.0969,4.17017,486,48883,0.687624,0.63,1,1706987,1706501,486
130552001,21.2194,29.634,468,48926,0.689525,0.59,1,1707005,1706537,468
130554921,33.0439,20.3268,486,48969,0.689905,0.65,1,1707041,1706555,486
130557841,35.4088,32.0654,487,49012,0.689981,0.63,1,1707077,1706590,487
130560761,40.6818,34.4131,494,49055,0.753996,0.69,2,1707119,1706625,494
130563681,25.7364,39.6826,475,49098,0.766799,0.69,2,1707141,1706666,475
130566601,28.3473,25.5365,482,49141,0.75336,0.69,2,1707170,1706688,482
130569521,21.6695,28.3073,473,49184,0.750672,0.67,2,1707190,1706717,473
130572441,16.3339,22.4615,467,49227,0.782134,0.67,2,1707205,1706738,467
130575361,28.8668,15.6923,485,49270,0.772427,0.65,2,1707237,1706752,485
130578281,40.9734,28.7385,497,49313,0.834485,0.69,2,1707281,1706784,497
130581201,32.1947,39.3477,485,49356,0.862897,0.71,2,1707311,1706826,485
130584121,31.2389,32.6695,485,49399,0.884579,0.73,2,1707342,1706857,485
130587041,33.4478,30.5339,489,49442,0.904916,0.71,2,1707376,1706887,489
130589961,8.28956,34.1068,456,49485,0.908983,0.71,2,1707378,1706922,456
130592881,22.4579,8.42136,480,49528,0.941797,0.67,2,1707404,1706924,480
130813341,83,48,505,24178,0.69,0.89,1,1709734,1709229,505
130816261,69.4,68,498,24266,0.738,0.81,1,1709800,1709302,498
130819181,56.28,64,488,24353,0.7636,0.73,2,1709853,1709365,488
130822101,63.256,66.4,486,24440,0.81672,0.69,2,1709918,1709432,486
130825021,31.8512,54.88,458,24527,0.827344,0.65,2,1709942,1709484,458
130827941,21.5702,14.976,472,24613,0.781469,0.73,2,1709961,1709489,472
130830861,63.514,52.5952,484,24699,0.804294,0.67,2,1710035,1709551,484
130833781,68.7028,56.119,497,24785,0.808859,0.69,2,1710105,1709608,497
130836701,83.3406,112.024,458,24871,0.889772,0.75,2,1710192,1709734,458
130938901,26,43,492,27696,0.53,1,1,1712172,1711680,492
130941821,48.4,55,488,27772,0.45,1,1,1712226,1711738,488
130944741,76.08,71.8,495,27848,0.37,1,1,1712309,1711814,495
130947661,40.016,43.16,490,27924,0.258,1,1,1712340,1711850,490
130950581,31.2032,29.432,493,28000,0.1716,1,1,1712369,1711876,493
130953501,26.2406,33.8864,483,28076,0.17032,1,1,1712394,1711911,483
130956421,76.4481,80.3773,480,28151,0.170064,0.71,1,1712483,1712003,480
130959341,81.6896,99.2755,459,28226,0.186013,0.55,1,1712566,1712107,459
130962261,42.7379,51.0551,453,28301,0.205203,0.53,1,1712599,1712146,453
130965181,22.9476,31.011,445,28376,0.209041,0.53,1,1712617,1712172,445
130968101,46.1895,6.2022,497,28451,0.177808,0.43,1,1712669,1712172,497
130971021,70.0379,44.4404,519,28525,0.219562,0.35,1,1712745,1712226,519
130973941,40.4076,75.2881,469,28599,0.243912,0.23,1,1712778,1712309,469
130976861,27.2815,39.8576,462,28673,0.264782,0.15,1,1712802,1712340,462
130979781,25.4563,31.1715,458,28747,0.284956,0.17,1,1712827,1712369,458
130982701,70.6913,26.2343,515,28821,0.256991,0.17,1,1712909,1712394,515
130985621,82.1383,76.4469,511,28894,0.315398,0.19,1,1712994,1712483,511
130988541,43.6276,81.6894,462,28967,0.32708,0.21,1,1713028,1712566,462
130991461,23.1255,42.7379,447,29040,0.329416,0.21,1,1713046,1712599,447
130994381,47.8251,22.9476,483,29113,0.377883,0.17,1,1713100,1712617,483
130997301,71.165,46.1895,508,29186,0.371577,0.23,1,1713177,1712669,508
131000221,43.833,70.0379,469,29259,0.402315,0.25,1,1713214,1712745,469
131003141,26.3666,40.4076,458,29331,0.440463,0.27,1,1713236,1712778,458
131006061,26.0733,27.2815,460,29403,0.448093,0.29,1,1713262,1712802,460
131008981,70.0147,25.4563,516,29475,0.433619,0.25,1,1713343,1712827,516
131011901,84.4029,70.6913,522,29547,0.462724,0.33,1,1713431,1712909,522
131014821,44.0806,82.1383,471,29619,0.516545,0.33,1,1713465,1712994,471
131017741,24.0161,43.6276,456,29690,0.511309,0.33,1,1713484,1713028,456
131020661,49.6032,23.1255,494,29761,0.478262,0.39,1,1713540,1713046,494
131023581,70.7206,47.8251,516,29832,0.471652,0.37,1,1713616,1713100,516
131026501,15.7441,71.165,441,29903,0.470331,0.41,1,1713618,1713177,441
131029421,33.5488,43.833,442,29974,0.534066,0.45,1,1713656,1713214,442
131032341,25.9098,26.3666,444,30045,0.546813,0.45,1,1713680,1713236,444
131035261,25.982,26.0733,444,30115,0.565363,0.43,1,1713706,1713262,444
131038181,69.1964,70.0147,443,30185,0.569073,0.47,1,1713786,1713343,443
131041101,86.6393,84.4029,446,30255,0.601815,0.53,1,1713877,1713431,446
131044021,46.1279,44.0806,448,30325,0.656363,0.51,1,1713913,1713465,448
131046941,23.6256,24.0161,447,30395,0.667273,0.47,1,1713931,1713484,447
131049861,47.9251,49.6032,445,30465,0.685454,0.47,1,1713985,1713540,445
131052781,70.385,70.7206,445,30534,0.657091,0.47,1,1714061,1713616,445
131055701,15.677,15.7441,445,30603,0.699418,0.55,1,1714063,1713618,445
131058621,35.1354,33.5488,447,30672,0.755884,0.55,2,1714103,1713656,447
131061541,26.2271,25.9098,447,30741,0.783177,0.57,2,1714127,1713680,447
131064461,26.8454,25.982,448,30810,0.772635,0.57,2,1714154,1713706,448
131067381,70.9691,69.1964,450,30879,0.834527,0.61,2,1714236,1713786,450
131070301,86.9938,86.6393,450,30948,0.894905,0.67,2,1714327,1713877,450
131239661,39,91,501,34688,0.77,1,2,1716940,1716439,501
131242581,47,47,514,34749,0.658,1,1,1716989,1716475,514
131245501,39,31.8,523,34810,0.5076,1,1,1717026,1716503,523
131248421,37.4,26.36,535,34871,0.36552,1,1,1717063,1716528,535
131251341,30.68,31.672,531,34932,0.241104,1,1,1717092,1716561,531
131254261,31.736,35.9344,526,34993,0.104221,1,1,1717124,1716598,526
131257181,31.9472,31.9869,527,35053,0.0608442,1,1,1717156,1716629,527
131260101,63.9894,44.7974,551,35113,0.0681688,1,1,1717228,1716677,551
131263021,33.5979,71.3595,499,35173,0.0136338,1,1,1717254,1716755,499
131265941,45.9196,39.8719,516,35233,0.00272675,0.97,1,1717303,1716787,516
131268861,61.9839,38.3744,544,35293,0.00854535,0.95,1,1717369,1716825,544
131271781,36.3968,68.4749,498,35353,0.0257091,0.77,1,1717399,1716901,498
131274701,37.6794,44.895,497,35413,0.00514181,0.63,1,1717437,1716940,497
131277621,33.1359,48.179,480,35473,0.00102836,0.47,1,1717469,1716989,480
131280541,29.0272,39.2358,471,35533,0.000205673,0.33,1,1717497,1717026,471
131283461,24.2054,37.4472,457,35592,0.0560411,0.21,1,1717520,1717063,457
131286381,25.6411,30.6894,454,35651,0.0112082,0.07,1,1717546,1717092,454
131289301,6.72822,31.7379,424,35710,0.0102416,0.05,1,1717548,1717124,424
131292221,25.3456,31.9476,422,35769,0.0260483,0.07,1,1717578,1717156,422
131295141,63.4691,63.9895,423,35828,0.0292097,0,1,1717651,1717228,423
131298061,33.4938,33.5979,423,35887,0.0298419,0,1,1717677,1717254,423
131300981,45.0988,45.9196,422,35946,0.00596839,0.01,1,1717725,1717303,422
131303901,61.8198,61.9839,422,36005,0.0731937,0.03,1,1717791,1717369,422
131306821,36.3639,36.3968,422,36064,0.0146387,0,1,1717821,1717399,422
131309741,38.4728,37.6794,423,36123,0.0269277,0,1,1717860,1717437,423
131312661,33.2946,33.1359,423,36182,0.0293855,0,1,1717892,1717469,423
131315581,29.8589,29.0272,424,36240,0.0458771,0.07,1,1717921,1717497,424
131318501,24.3718,24.2054,424,36298,0.0491754,0,1,1717944,1717520,424
131321421,25.6744,25.6411,424,36356,0.0338351,0.01,1,1717970,1717546,424
131324341,6.73487,6.72822,424,36414,0.030767,0.03,1,1717972,1717548,424
131327261,23.747,25.3456,422,36472,0.0781534,0.03,1,1718000,1717578,422
131330181,63.9494,63.4691,423,36530,0.0716307,0.03,1,1718074,1717651,423
131333101,33.5899,33.4938,423,36588,0.0543261,0,1,1718100,1717677,423
131336021,44.318,45.0988,422,36646,0.0108652,0.09,1,1718147,1717725,422
131338941,61.6636,61.8198,422,36704,0.042173,0,1,1718213,1717791,422
131341861,37.9327,36.3639,424,36762,0.00843461,0.03,1,1718245,1717821,424
131344781,37.1865,38.4728,422,36819,0.00968692,0.03,1,1718282,1717860,422
131347701,34.6373,33.2946,424,36876,0.0259374,0.05,1,1718316,1717892,424
131350621,30.9275,29.8589,425,36933,0.0291875,0.05,1,1718346,1717921,425
131353541,23.7855,24.3718,424,36990,0.0618375,0.03,1,1718368,1717944,424
131356461,23.9571,25.6744,422,37047,0.0843675,0.03,1,1718392,1717970,422
131359381,6.39142,6.73487,422,37104,0.0888735,0.09,1,1718394,1717972,422
131362301,26.0783,23.747,425,37161,0.0577747,0.09,1,1718425,1718000,425
131365221,62.8157,4.74939,497,37218,0.0675549,0.07,1,1718497,1718000,497
131368141,33.3631,60.1499,449,37275,0.069511,0.05,1,1718523,1718074,449
131371061,42.6726,32.83,468,37332,0.0139022,0,1,1718568,1718100,468
131373981,61.3345,44.166,487,37389,0.0427804,0.05,1,1718634,1718147,487
131376901,37.8669,61.6332,453,37446,0.00855609,0,1,1718666,1718213,453
131379821,37.9734,37.9266,459,37502,0.00171122,0.01,1,1718704,1718245,459
131382741,34.7947,37.1853,456,37558,0.0243422,0.03,1,1718738,1718282,456
131385661,30.9589,34.6371,452,37614,0.0288684,0.03,1,1718768,1718316,452
131388581,24.5918,30.9274,445,37670,0.0457737,0.07,1,1718791,1718346,445
131391501,22.5184,23.7855,445,37726,0.0491547,0.09,1,1718813,1718368,445
131394421,6.10367,23.9571,423,37782,0.0498309,0.09,1,1718815,1718392,423
131397341,27.6207,6.39142,454,37838,0.0499662,0.05,1,1718848,1718394,454
131400261,63.9241,26.0783,496,37894,0.0339932,0.07,1,1718921,1718425,496
131403181,33.5848,62.8157,450,37950,0.0307986,0.07,1,1718947,1718497,450
131406101,40.317,33.3631,466,38006,0.0141597,0,1,1718989,1718523,466
131409021,62.4634,42.6726,489,38062,0.0748319,0.05,1,1719057,1718568,489
131411941,36.4927,61.3345,453,38118,0.0549664,0,1,1719087,1718634,453
131414861,39.2985,37.8669,461,38173,0.0189933,0,1,1719127,1718666,461
131417781,34.2597,37.9734,456,38228,0.0277987,0.03,1,1719160,1718704,456
131420701,30.8519,34.7947,452,38283,0.0455597,0.03,1,1719190,1718738,452
131423621,23.7704,30.9589,444,38338,0.065112,0.05,1,1719212,1718768,444
131426541,23.9541,24.5918,445,38393,0.0370224,0.05,1,1719236,1718791,445
131429461,6.39082,22.5184,425,38448,0.0314045,0.05,1,1719238,1718813,425
131432381,27.6782,6.10367,456,38503,0.0302809,0.05,1,1719271,1718815,456
131435301,63.1356,27.6207,495,38558,0.0300562,0.03,1,1719343,1718848,495
131438221,34.2271,63.9241,449,38613,0.0620112,0.03,1,1719370,1718921,449
131441141,8.44542,33.5848,425,38668,0.0684022,0.01,1,1719372,1718947,425
131444061,32.8891,40.317,422,38723,0.0536804,0.09,1,1719411,1718989,422
131446981,64.1778,62.4634,426,38778,0.0187361,0.05,1,1719483,1719057,426
131449901,34.4356,36.4927,423,38832,0.0277472,0.01,1,1719510,1719087,423
131452821,38.8871,39.2985,423,38886,0.0455494,0.03,1,1719550,1719127,423
131455741,34.1774,34.2597,423,38940,0.0331099,0.05,1,1719583,1719160,423
131458661,31.6355,30.8519,424,38994,0.046622,0.07,1,1719614,1719190,424
131461581,24.7271,23.7704,425,39048,0.0173244,0.03,1,1719637,1719212,425
131464501,22.5454,23.9541,423,39102,0.0114649,0.03,1,1719659,1719236,423
131467421,6.10908,6.39082,423,39156,0.010293,0.03,1,1719661,1719238,423
131470341,27.6218,27.6782,423,39210,0.0580586,0.03,1,1719694,1719271,423
131473261,63.1244,63.1356,423,39264,0.0516117,0.07,1,1719766,1719343,423
131476181,34.2249,34.2271,423,39318,0.0343223,0.07,1,1719793,1719370,423
131479101,8.44497,8.44542,423,39372,0.0628645,0.05,1,1719795,1719372,423
131482021,32.089,32.8891,422,39426,0.0685729,0.01,1,1719833,1719411,422
131484941,64.0178,64.1778,422,39480,0.0697146,0.03,1,1719905,1719483,422
131487861,36.0036,34.4356,424,39533,0.101943,0.05,1,1719934,1719510,424
131490781,37.6007,38.8871,422,39586,0.0283886,0.03,1,1719972,1719550,422
131493701,34.7201,34.1774,423,39639,0.0136777,0.05,1,1720006,1719583,423
131496621,31.744,31.6355,423,39692,0.0267355,0.01,1,1720037,1719614,423
131499541,23.9488,24.7271,422,39745,0.0453471,0.01,1,1720059,1719637,422
131502461,22.3898,22.5454,422,39798,0.0490694,0.01,1,1720081,1719659,422
131505381,6.07795,6.10908,422,39851,0.0178139,0.07,1,1720083,1719661,422
131508301,28.4156,27.6218,423,39904,0.0755628,0.05,1,1720117,1719694,423
131511221,62.4831,63.1244,422,39957,0.0551126,0.03,1,1720188,1719766,422
131514141,34.8966,34.2249,423,40010,0.0510225,0.07,1,1720216,1719793,423
131517061,8.57932,8.44497,423,40063,0.0502045,0.07,1,1720218,1719795,423
131519981,31.3159,1.68899,460,40116,0.0500409,0.07,1,1720255,1719795,460
131522901,64.6632,30.7378,495,40169,0.0820082,0.07,1,1720328,1719833,495
131525821,37.7326,63.7476,454,40222,0.136402,0.11,1,1720359,1719905,454
131528741,34.7465,35.9495,459,40274,0.11528,0.01,1,1720393,1719934,459
131531661,34.1493,37.5899,455,40326,0.111056,0.01,1,1720427,1719972,455
131534581,31.6299,34.718,452,40378,0.0782112,0.03,1,1720458,1720006,452
131537501,23.926,31.7436,443,40430,0.0876422,0.05,1,1720480,1720037,443
131540421,23.1852,23.9487,444,40482,0.105528,0.05,1,1720503,1720059,444
131543341,6.23704,22.3897,424,40534,0.109106,0.01,1,1720505,1720081,424
131546261,29.2474,6.07795,457,40586,0.141821,0.09,1,1720540,1720083,457
131549181,61.0495,28.4156,492,40638,0.0843642,0.05,1,1720609,1720117,492
131552101,36.2099,62.4831,451,40690,0.0408728,0.05,1,1720639,1720188,451
131555021,8.84198,34.8966,425,40742,0.0321746,0.05,1,1720641,1720216,425
131557941,29.7684,8.57932,458,40794,0.0304349,0.05,1,1720676,1720218,458
131560861,67.5537,31.3159,498,40846,0.078087,0.09,1,1720753,1720255,498
131563781,39.1107,64.6632,457,40898,0.119617,0.15,1,1720785,1720328,457
131566701,35.0221,37.7326,460,40950,0.143923,0.11,1,1720819,1720359,460
131569621,33.4044,34.7465,459,41002,0.164785,0.11,1,1720852,1720393,459
131572541,31.4809,34.1493,456,41053,0.200957,0.07,1,1720883,1720427,456
131575461,23.8962,31.6299,447,41104,0.240191,0.09,1,1720905,1720458,447
131578381,23.9792,23.926,449,41155,0.248038,0.11,1,1720929,1720480,449
131581301,6.39585,23.1852,428,41206,0.249608,0.11,1,1720931,1720503,428
131584221,30.8792,6.23704,463,41257,0.265922,0.15,1,1720968,1720505,463
131587141,58.1758,29.2474,493,41308,0.285184,0.07,1,1721033,1720540,493
131590061,34.0352,61.0495,452,41359,0.289037,0.03,1,1721061,1720609,452
131592981,8.40703,36.2099,424,41410,0.289807,0.03,1,1721063,1720639,424
131595901,29.6814,8.84198,457,41461,0.289961,0.03,1,1721098,1720641,457
131598821,70.7363,29.7684,503,41512,0.257992,0.09,1,1721179,1720676,503
131601741,15.7473,67.5537,428,41563,0.251598,0.13,1,1721181,1720753,428
131604661,28.7495,39.1107,428,41614,0.26632,0.15,1,1721213,1720785,428
131607581,33.7499,35.0221,429,41665,0.269264,0.17,1,1721248,1720819,429
131610501,35.55,33.4044,432,41716,0.237853,0.21,1,1721284,1720852,432
131613421,33.51,31.4809,434,41767,0.247571,0.25,1,1721317,1720883,434
131616341,24.302,23.8962,434,41818,0.249514,0.25,1,1721339,1720905,434
131619261,24.0604,23.9792,434,41868,0.281903,0.25,1,1721363,1720929,434
131622181,6.41208,6.39585,434,41918,0.288381,0.27,1,1721365,1720931,434
131625101,33.2824,30.8792,437,41968,0.305676,0.29,1,1721405,1720968,437
131628021,57.8565,58.1758,436,42018,0.325135,0.29,1,1721469,1721033,436
131630941,33.9713,34.0352,436,42068,0.297027,0.29,1,1721497,1721061,436
131633861,8.39426,8.40703,436,42118,0.339405,0.29,1,1721499,1721063,436
131636781,29.6789,29.6814,436,42168,0.331881,0.25,1,1721534,1721098,436
131639701,69.1358,70.7363,434,42218,0.378376,0.25,1,1721613,1721179,434
131642621,15.4272,15.7473,434,42268,0.387675,0.27,1,1721615,1721181,434
131645541,30.2854,28.7495,436,42318,0.421535,0.27,1,1721649,1721213,436
131648461,33.2571,33.7499,435,42368,0.428307,0.23,1,1721683,1721248,435
131651381,33.8514,35.55,433,42418,0.445661,0.25,1,1721717,1721284,433
131654301,33.9703,33.51,434,42468,0.449132,0.25,1,1721751,1721317,434
131657221,25.1941,24.302,435,42518,0.497826,0.29,1,1721774,1721339,435
131660141,25.0388,24.0604,436,42568,0.459565,0.29,1,1721799,1721363,436
131663061,6.60776,6.41208,436,42618,0.483913,0.31,1,1721801,1721365,436
131665981,32.5216,33.2824,435,42668,0.504783,0.33,1,1721840,1721405,435
131668901,58.5043,57.8565,436,42717,0.524957,0.29,1,1721905,1721469,436
131671821,34.9009,33.9713,437,42766,0.512991,0.35,1,1721934,1721497,437
131674741,9.38017,8.39426,438,42815,0.526598,0.33,1,1721937,1721499,438
131677661,29.876,29.6789,438,42864,0.56132,0.39,1,1721972,1721534,438
131680581,69.9752,69.1358,439,42913,0.584264,0.39,1,1722052,1721613,439
131683501,15.595,15.4272,439,42962,0.588853,0.43,1,1722054,1721615,439
131686421,31.919,30.2854,441,43011,0.605771,0.43,1,1722090,1721649,441
131689341,34.3838,6.05709,476,43060,0.593154,0.43,1,1722125,1721649,476
131692261,34.8768,28.4114,477,43109,0.622631,0.45,1,1722160,1721683,477
131695181,34.1754,32.8823,477,43158,0.628526,0.45,1,1722194,1721717,477
131698101,26.0351,33.7765,467,43207,0.661705,0.51,1,1722218,1721751,467
131701021,24.407,25.1553,468,43256,0.668341,0.45,1,1722242,1721774,468
131703941,6.4814,25.0311,445,43305,0.669668,0.49,1,1722244,1721799,445
131706861,33.2963,6.60621,483,43354,0.701934,0.51,1,1722284,1721801,483
131709781,59.4593,32.5212,510,43403,0.740387,0.53,1,1722350,1721840,510
131712701,36.6919,58.5042,476,43452,0.732077,0.51,1,1722381,1721905,476
131715621,8.93837,34.9008,449,43501,0.730416,0.53,1,1722383,1721934,449
131718541,30.5877,9.38017,482,43550,0.762083,0.57,2,1722419,1721937,482
131721461,70.9175,29.876,528,43598,0.784417,0.59,2,1722500,1721972,528
131724381,15.7835,69.9752,450,43646,0.788883,0.59,2,1722502,1722052,450
131727301,32.7567,15.595,485,43694,0.773777,0.61,2,1722539,1722054,485
131730221,35.3513,31.919,485,43742,0.786755,0.59,2,1722575,1722090,485
131733141,36.6703,34.3838,487,43790,0.853351,0.63,2,1722612,1722125,487
131736061,34.5341,34.8768,486,43838,0.88267,0.63,2,1722646,1722160,486
131738981,27.7068,34.1754,478,43886,0.888534,0.67,2,1722672,1722194,478
131741901,24.7414,26.0351,478,43934,0.889707,0.67,2,1722696,1722218,478
131744821,6.54827,24.407,456,43982,0.889941,0.67,2,1722698,1722242,456
131925861,36,24,523,46861,0.91,1,2,1724688,1724165,523
131928781,40,53.6,503,46906,0.894,1,2,1724729,1724226,503
131940461,40,72,514,47086,0.87,1,2,1724898,1724384,514
131943381,32.8,38.4,515,47131,0.854,1,2,1724929,1724414,515
131946301,32.96,29.28,521,47176,0.8188,1,2,1724962,1724441,521
131949221,28.192,29.056,519,47221,0.79576,1,2,1724989,1724470,519
131952141,26.4384,34.6112,509,47266,0.775152,0.96,2,1725015,1724506,509
131955061,18.8877,30.1222,497,47311,0.78703,0.99,2,1725032,1724535,497
131957981,26.1775,23.6244,503,47356,0.741406,1,1,1725060,1724557,503
131960901,25.2355,31.1249,495,47401,0.716281,1,1,1725085,1724590,495
131963821,13.0471,28.625,477,47445,0.823256,0.94,2,1725095,1724618,477
131966741,21.8094,28.125,473,47489,0.844651,0.93,2,1725119,1724646,473
131969661,9.16188,10.425,473,47533,0.81693,0.91,2,1725125,1724652,473
131972581,25.8324,30.885,467,47577,0.843386,0.89,2,1725155,1724688,467
131975501,36.3665,38.977,465,47621,0.880677,0.93,2,1725194,1724729,465
131978421,42.4733,42.9954,465,47665,0.856135,0.84,2,1725238,1724773,465
131981341,31.6947,32.5991,464,47709,0.771227,0.85,2,1725267,1724803,464
131984261,47.9389,50.5198,461,47753,0.850245,0.87,2,1725319,1724858,461
131987181,43.9878,42.104,464,47797,0.866049,0.85,2,1725362,1724898,464
131990101,32.7976,33.2208,463,47841,0.86921,0.81,2,1725392,1724929,463
131993021,33.7595,33.0442,464,47885,0.853842,0.79,2,1725426,1724962,464
131995941,26.7519,28.2088,462,47929,0.866768,0.77,2,1725451,1724989,462
131998861,24.5504,26.4418,460,47973,0.869354,0.79,2,1725475,1725015,460
132001781,17.7101,18.8884,459,48017,0.869871,0.73,2,1725491,1725032,459
132543441,193,237,426,24820,0.03,0.05,1,1730902,1730476,426
132546361,82.6,71.4,451,25633,0.006,0,1,1730957,1730506,451
132549281,60.52,71.08,435,25716,0.0092,0.01,1,1731012,1730577,435
132552201,40.104,39.816,438,25798,0.00184,0.03,1,1731047,1730609,438
132555121,33.6208,31.9632,440,25880,0.056368,0.01,1,1731079,1730639,440
132558041,48.3242,34.3926,457,25962,0.0352736,0.03,1,1731131,1730674,457
132560961,60.0648,53.2785,462,26044,0.0150547,0.03,1,1731194,1730732,462
132563881,48.813,61.0557,445,26125,0.0270109,0.01,1,1731240,1730795,445
132566801,60.1626,46.6111,465,26206,0.0934022,0.03,1,1731303,1730838,465
132569721,72.8325,60.5222,477,26287,0.0186804,0,1,1731379,1730902,477
132572641,59.3665,56.1044,478,26368,0.0117361,0.01,1,1731435,1730957,478
132575561,39.8733,55.2209,458,26448,0.00234722,0,1,1731470,1731012,458
132578481,32.7747,39.0442,454,26528,0.0404694,0.07,1,1731501,1731047,454
132581401,48.1549,33.4088,474,26608,0.0160939,0.03,1,1731553,1731079,474
132584321,60.031,48.2818,485,26688,0.0112188,0.01,1,1731616,1731131,485
132587241,51.2062,60.0564,471,26767,0.0422438,0.03,1,1731665,1731194,471
132590161,59.8412,48.8113,487,26846,0.0484487,0.11,1,1731727,1731240,487
132593081,13.5682,60.1623,426,26925,0.0496898,0,1,1731729,1731303,426
132596001,61.1137,72.8324,423,27004,0.0339379,0.01,1,1731802,1731379,423
132598921,57.8227,59.3665,424,27082,0.00678759,0,1,1731859,1731435,424
132601841,39.5645,39.8733,424,27160,0.0253575,0.05,1,1731894,1731470,424
132604761,33.5129,32.7747,425,27238,0.0450715,0.01,1,1731926,1731501,425
132607681,46.7026,48.1549,423,27316,0.0090143,0.01,1,1731976,1731553,423
132610601,59.7405,60.031,423,27394,0.0258029,0.05,1,1732039,1731616,423
132613521,50.3481,51.2062,422,27471,0.0291606,0.05,1,1732087,1731665,422
132616441,61.2696,59.8412,424,27548,0.0138321,0.05,1,1732151,1731727,424
132619361,13.8539,13.5682,424,27625,0.0587664,0.03,1,1732153,1731729,424
132622281,59.5708,61.1137,422,27702,0.0517533,0,1,1732224,1731802,422
132625201,57.5142,57.8227,422,27778,0.0103507,0.03,1,1732281,1731859,422
132628121,39.5028,39.5645,422,27854,0.0260701,0.05,1,1732316,1731894,422
132631041,33.5006,33.5129,422,27930,0.077214,0,1,1732348,1731926,422
132633961,46.7001,46.7026,422,28006,0.0714428,0.03,1,1732398,1731976,422
132636881,59.74,59.7405,422,28082,0.0382886,0.03,1,1732461,1732039,422
132639801,50.348,50.3481,422,28157,0.0316577,0.01,1,1732509,1732087,422
132642721,62.0696,61.2696,423,28232,0.0783315,0.07,1,1732574,1732151,423
132645641,14.0139,13.8539,423,28307,0.0876663,0.05,1,1732576,1732153,423
132648561,58.8028,59.5708,422,28382,0.0895333,0.05,1,1732646,1732224,422
132651481,56.5606,11.9142,478,28457,0.0179067,0,1,1732702,1732224,478
132654401,39.3121,47.9828,456,28531,0.0115813,0.03,1,1732737,1732281,456
132657321,35.0624,37.5966,455,28605,0.0583163,0.09,1,1732771,1732316,455
132660241,45.4125,33.1193,471,28679,0.131663,0.07,1,1732819,1732348,471
132663161,59.4825,46.6239,484,28753,0.0343326,0.03,1,1732882,1732398,484
132666081,50.2965,59.7248,469,28827,0.0468665,0.03,1,1732930,1732461,469
132669001,63.6593,50.345,488,28900,0.0493733,0.09,1,1732997,1732509,488
132671921,14.3319,62.069,425,28973,0.0498747,0.09,1,1732999,1732574,425
132674841,60.4664,14.0138,495,29046,0.0499749,0.09,1,1733071,1732576,495
132677761,53.6933,58.8028,477,29119,0.049995,0,1,1733123,1732646,477
132680681,38.7387,56.5606,456,29192,0.017999,0.01,1,1733158,1732702,456
132683601,37.3477,39.3121,458,29265,0.0275998,0.07,1,1733195,1732737,458
132686521,47.4695,35.0624,474,29337,0.06152,0.15,1,1733245,1732771,474
132689441,56.6939,45.4125,485,29409,0.100304,0.01,1,1733304,1732819,485
132692361,51.3388,59.4825,472,29481,0.140061,0.05,1,1733354,1732882,472
132695281,63.0678,50.2965,490,29553,0.164012,0.05,1,1733420,1732930,490
132698201,14.2136,63.6593,425,29625,0.168802,0.05,1,1733422,1732997,425
132701121,60.4427,14.3319,495,29696,0.21776,0.05,1,1733494,1732999,495
132704041,52.8885,60.4664,474,29767,0.211552,0.05,1,1733545,1733071,474
132706961,38.5777,53.6933,457,29838,0.16231,0.01,1,1733580,1733123,457
132709881,9.31554,38.7387,424,29909,0.120462,0.03,1,1733582,1733158,424
132712801,30.6631,37.3477,423,29980,0.0800924,0.07,1,1733618,1733195,423
132715721,48.5326,47.4695,426,30051,0.0400185,0.11,1,1733671,1733245,426
132718641,58.5065,56.6939,428,30121,0.0800037,0.15,1,1733732,1733304,428
132721561,52.5013,51.3388,429,30191,0.0720007,0.17,1,1733783,1733354,429
132724481,64.1003,63.0678,430,30261,0.0704001,0.17,1,1733850,1733420,430
132727401,14.4201,14.2136,430,30331,0.10208,0.23,1,1733852,1733422,430
132730321,62.884,60.4427,433,30401,0.140416,0.21,1,1733927,1733494,433
132733241,49.3768,52.8885,428,30471,0.116083,0.15,1,1733973,1733545,428
132736161,35.4754,38.5777,425,30540,0.159217,0.11,1,1734005,1733580,425
132739081,8.69507,9.31554,425,30609,0.167843,0.07,1,1734007,1733582,425
132742001,28.939,30.6631,423,30678,0.233569,0.03,1,1734041,1733618,423
132744921,47.3878,48.5326,422,30747,0.230714,0.09,1,1734093,1733671,422
132747841,59.8776,58.5065,424,30816,0.262143,0.07,1,1734156,1733732,424
132750761,51.9755,52.5013,423,30885,0.316429,0.07,1,1734206,1733783,423
132753681,65.5951,64.1003,425,30954,0.327286,0.11,1,1734275,1733850,425
132756601,14.719,14.4201,425,31022,0.361457,0.15,1,1734277,1733852,425
132759521,64.5438,62.884,427,31090,0.432291,0.11,1,1734354,1733927,427
132762441,49.7088,49.3768,427,31158,0.430458,0.17,1,1734400,1733973,427
132765361,37.9418,35.4754,430,31226,0.446092,0.17,1,1734435,1734005,430
132768281,9.18835,8.69507,430,31294,0.449218,0.17,1,1734437,1734007,430
132771201,29.8377,1.73901,465,31362,0.433844,0.25,1,1734472,1734007,465
132774121,46.7675,27.5478,482,31429,0.446769,0.23,1,1734523,1734041,482
132777041,61.3535,47.1096,495,31496,0.465354,0.27,1,1734588,1734093,495
132779961,54.6707,59.8219,485,31563,0.469071,0.33,1,1734641,1734156,485
132782881,67.7341,51.9644,506,31630,0.485814,0.33,1,1734712,1734206,506
132785801,15.1468,65.5929,439,31697,0.489163,0.37,1,1734714,1734275,439
132788721,67.8294,14.7186,518,31764,0.537833,0.45,1,1734795,1734277,518
132791641,51.1659,64.5437,488,31831,0.531567,0.43,1,1734842,1734354,488
132794561,39.0332,49.7087,478,31897,0.530313,0.45,1,1734878,1734400,478
132797481,9.40663,37.9417,445,31963,0.530063,0.45,1,1734880,1734435,445
132800401,29.0813,9.18835,477,32029,0.546013,0.43,1,1734914,1734437,477
132803321,47.4163,29.8377,494,32095,0.597202,0.45,1,1734966,1734472,494
132806241,62.2833,46.7675,509,32161,0.655441,0.47,1,1735032,1734523,509
132809161,54.8567,61.3535,497,32227,0.667088,0.47,1,1735085,1734588,497
132812081,68.5713,54.6707,516,32293,0.733418,0.49,1,1735157,1734641,516
132815001,15.3143,67.7341,447,32359,0.746683,0.49,1,1735159,1734712,447
132817921,70.2629,15.1468,529,32424,0.765337,0.55,2,1735243,1734714,529
132820841,50.8526,67.8294,494,32489,0.817067,0.53,2,1735289,1734795,494
132823761,38.9705,51.1659,483,32554,0.843413,0.53,2,1735325,1734842,483
132826681,9.3941,39.0332,449,32619,0.848683,0.53,2,1735327,1734878,449
132829601,30.6788,9.40663,483,32684,0.817737,0.55,2,1735363,1734880,483
132832521,49.3358,29.0813,503,32749,0.811547,0.61,2,1735417,1734914,503
132835441,11.4672,47.4163,453,32814,0.81031,0.67,2,1735419,1734966,453
132838361,56.6934,62.2833,455,32878,0.842062,0.67,2,1735487,1735032,455
132841281,53.7387,54.8567,455,32942,0.848412,0.75,2,1735540,1735085,455
132844201,71.5477,68.5713,459,33006,0.817683,0.75,2,1735616,1735157,459
132847121,15.9095,15.3143,459,33070,0.843536,0.77,2,1735618,1735159,459
132850041,71.9819,70.2629,461,33134,0.832707,0.83,2,1735704,1735243,461
132852961,52.7964,50.8526,463,33198,0.846541,0.85,2,1735752,1735289,463
132855881,40.1593,38.9705,464,33262,0.881308,0.85,2,1735789,1735325,464
132858801,9.63185,9.3941,464,33326,0.888262,0.81,2,1735791,1735327,464
132861721,29.1264,30.6788,462,33389,0.921652,0.81,2,1735825,1735363,462
132864641,49.0253,49.3358,462,33452,0.89633,0.81,2,1735879,1735417,462
132867561,11.4051,11.4672,462,33515,0.923266,0.85,2,1735881,1735419,462
132990201,38,32,498,36070,0.83,1,2,1737721,1737223,498
132993121,28.4,29.6,495,36129,0.798,1,2,1737747,1737252,495
132996041,44.08,42.72,497,36187,0.5836,1,1,1737795,1737298,497
132998961,36.016,35.744,497,36245,0.44472,1,1,1737829,1737332,497
133001881,32.8032,37.5488,491,36303,0.368944,1,1,1737861,1737370,491
133004801,40.1606,41.9098,490,36361,0.129789,1,1,1737903,1737413,490
133007721,37.6321,33.982,495,36419,0.0499578,1,1,1737940,1737445,495
133010641,50.7264,58.7964,484,36477,0.0179916,1,1,1737994,1737510,484
133013561,41.3453,35.7593,493,36535,0.0435983,1,1,1738033,1737540,493
133016481,40.2691,53.5519,475,36593,0.0327197,0.86,1,1738073,1737598,475
133019401,37.6538,44.3104,470,36651,0.0145439,0.85,1,1738110,1737640,470
133022321,37.9308,43.2621,465,36709,0.0269088,0.83,1,1738148,1737683,465
133025241,33.9862,39.0524,460,36767,0.0293818,0.79,1,1738181,1737721,460
133028161,23.5972,28.6105,455,36824,0.0298764,0.53,1,1738202,1737747,455
133031081,36.7194,44.1221,447,36881,0.0139753,0.41,1,1738242,1737795,447
133034001,28.9439,36.0244,440,36938,0.058795,0.35,1,1738269,1737829,440
133036921,28.1888,32.8049,436,36995,0.099759,0.07,1,1738297,1737861,436
133039841,31.2378,40.161,426,37052,0.107952,0.03,1,1738329,1737903,426
133042761,35.8476,37.6322,426,37109,0.0295904,0.01,1,1738366,1737940,426
133045681,47.1695,50.7264,422,37166,0.0459181,0.01,1,1738416,1737994,422
133048601,41.4339,10.1453,462,37223,0.0491836,0.05,1,1738456,1737994,462
133051521,38.6868,33.2291,461,37280,0.0338367,0.03,1,1738494,1738033,461
133054441,37.3374,38.6458,458,37337,0.0467673,0.01,1,1738531,1738073,458
133057361,37.8675,37.3292,459,37394,0.0493535,0.03,1,1738569,1738110,459
133060281,33.9735,37.8658,454,37451,0.0178707,0.03,1,1738602,1738148,454
133063201,24.3947,33.9732,443,37507,0.0435741,0.03,1,1738624,1738181,443
133066121,37.6789,23.5946,463,37563,0.0167148,0.01,1,1738665,1738202,463
133069041,29.1358,36.7189,450,37619,0.027343,0.07,1,1738692,1738242,450
133071961,29.0272,28.9438,452,37675,0.0614686,0.11,1,1738721,1738269,452
133074881,31.4054,28.1888,456,37731,0.0682937,0.11,1,1738753,1738297,456
133077801,33.4811,31.2378,458,37787,0.0696587,0.01,1,1738787,1738329,458
133080721,47.4962,35.8476,472,37843,0.0139317,0.05,1,1738838,1738366,472
133083641,42.2992,47.1695,463,37899,0.0267864,0.05,1,1738879,1738416,463
133086561,38.0598,41.4339,460,37955,0.0293573,0.03,1,1738916,1738456,460
133089481,36.412,38.6868,458,38011,0.0458715,0.05,1,1738952,1738494,458
133092401,40.0824,37.3374,462,38067,0.0651743,0.05,1,1738993,1738531,462
133095321,33.6165,37.8675,456,38122,0.0690349,0.01,1,1739025,1738569,456
133098241,24.3233,33.9735,445,38177,0.069807,0.05,1,1739047,1738602,445
133101161,37.6647,24.3947,464,38232,0.0699614,0.01,1,1739088,1738624,464
133104081,29.9329,37.6789,451,38287,0.0699923,0.03,1,1739116,1738665,451
133107001,29.1866,29.1358,453,38342,0.101998,0.07,1,1739145,1738692,453
133109921,31.4373,29.0272,456,38397,0.1244,0.07,1,1739177,1738721,456
133112841,33.4875,31.4054,458,38452,0.0648799,0.07,1,1739211,1738753,458
133115761,45.8975,33.4811,473,38507,0.036976,0,1,1739260,1738787,473
133118681,41.9795,47.4962,463,38562,0.0473952,0.03,1,1739301,1738838,463
133121601,37.9959,42.2992,459,38617,0.049479,0.03,1,1739338,1738879,459
133124521,9.19918,38.0598,424,38672,0.0498958,0.05,1,1739340,1738916,424
133127441,29.0398,36.412,422,38727,0.0819792,0.07,1,1739374,1738952,422
133130361,39.408,40.0824,423,38782,0.0563958,0.07,1,1739416,1738993,423
133133281,35.0816,33.6165,425,38836,0.0672792,0.07,1,1739450,1739025,425
133136201,24.6163,24.3233,425,38890,0.0694558,0.07,1,1739472,1739047,425
133139121,37.7233,37.6647,425,38944,0.0378912,0.07,1,1739513,1739088,425
133142041,31.5447,29.9329,427,38998,0.0795782,0.11,1,1739543,1739116,427
133144961,29.5089,29.1866,427,39052,0.103916,0.13,1,1739572,1739145,427
133147881,32.3018,31.4373,428,39106,0.0927831,0.05,1,1739605,1739177,428
133150801,30.4604,33.4875,424,39160,0.0905566,0.03,1,1739635,1739211,424
133153721,44.4921,45.8975,423,39214,0.0581113,0.05,1,1739683,1739260,423
133156641,43.2984,41.9795,425,39268,0.0356223,0.05,1,1739726,1739301,425
133159561,37.4597,37.9959,424,39322,0.0151245,0.05,1,1739762,1739338,424
133162481,9.09194,9.19918,424,39376,0.0110249,0.09,1,1739764,1739340,424
133165401,29.0184,29.0398,424,39430,0.058205,0.05,1,1739798,1739374,424
133168321,37.8037,39.408,422,39484,0.019641,0.07,1,1739838,1739416,422
133171241,35.5607,35.0816,423,39537,0.0599282,0.07,1,1739873,1739450,423
133174161,25.5121,24.6163,424,39590,0.0999856,0.03,1,1739896,1739472,424
133177081,37.1024,37.7233,423,39643,0.139997,0.09,1,1739936,1739513,423
133180001,32.2205,31.5447,424,39696,0.115999,0.11,1,1739967,1739543,424
133182921,30.4441,29.5089,425,39749,0.1432,0.09,1,1739997,1739572,425
133185841,31.6888,32.3018,424,39802,0.18064,0.09,1,1740029,1739605,424
133188761,31.9378,30.4604,426,39855,0.172128,0.05,1,1740061,1739635,426
133191681,41.5876,44.4921,422,39908,0.186426,0.03,1,1740105,1739683,422
133194601,42.7175,43.2984,422,39961,0.221285,0.01,1,1740148,1739726,422
133197521,37.3435,37.4597,422,40014,0.228257,0.01,1,1740184,1739762,422
133200441,9.0687,9.09194,422,40067,0.229651,0.01,1,1740186,1739764,422
133203361,29.8137,1.81839,457,40120,0.21393,0.07,1,1740221,1739764,457
133206281,36.3627,27.5637,461,40173,0.210786,0.01,1,1740259,1739798,461
133209201,37.6725,37.5127,459,40226,0.210157,0.07,1,1740297,1739838,459
133212121,27.5345,35.5025,449,40278,0.242031,0.11,1,1740322,1739873,449
133215041,37.5069,25.5005,466,40330,0.264406,0.15,1,1740362,1739896,466
133217961,32.3014,37.1001,457,40382,0.284881,0.11,1,1740393,1739936,457
133220881,30.4603,32.22,456,40434,0.304976,0.15,1,1740423,1739967,456
133223801,33.2921,30.444,460,40486,0.324995,0.19,1,1740457,1739997,460
133226721,33.0584,31.6888,461,40538,0.344999,0.17,1,1740490,1740029,461
133229641,42.6117,31.9378,474,40590,0.333,0.19,1,1740535,1740061,474
133232561,43.7223,41.5876,474,40642,0.3626,0.23,1,1740579,1740105,474
133235481,38.3445,42.7175,468,40694,0.38452,0.23,1,1740616,1740148,468
133238401,9.26889,37.3435,434,40746,0.388904,0.23,1,1740618,1740184,434
133241321,29.0538,9.0687,466,40798,0.405781,0.21,1,1740652,1740186,466
133244241,36.2108,29.8137,469,40850,0.409156,0.21,1,1740690,1740221,469
133247161,38.4422,36.3627,470,40902,0.457831,0.21,1,1740729,1740259,470
133250081,28.4884,37.6725,458,40954,0.467566,0.25,1,1740755,1740297,458
133253001,38.4977,27.5345,474,41006,0.485513,0.27,1,1740796,1740322,474
133255921,34.0995,37.5069,467,41057,0.473103,0.29,1,1740829,1740362,467
133258841,30.8199,32.3014,466,41108,0.502621,0.31,1,1740859,1740393,466
133261761,34.164,30.4603,471,41159,0.524524,0.33,1,1740894,1740423,471
133264681,34.0328,33.2921,471,41210,0.560905,0.35,1,1740928,1740457,471
133267601,42.0066,33.0584,482,41261,0.600181,0.33,1,1740972,1740490,482
133270521,46.8013,42.6117,485,41312,0.624036,0.37,1,1741020,1740535,485
133273441,38.1603,43.7223,477,41363,0.644807,0.39,1,1741056,1740579,477
133276361,9.23205,38.3445,442,41414,0.664961,0.39,1,1741058,1740616,442
133279281,29.8464,9.26889,475,41465,0.652992,0.41,1,1741093,1740618,475
133282201,36.3693,29.0538,479,41516,0.650598,0.41,1,1741131,1740652,479
133285121,8.87386,36.2108,443,41567,0.65012,0.47,1,1741133,1740690,443
133288041,34.5748,38.4422,445,41618,0.666024,0.47,1,1741174,1740729,445
133290961,27.715,28.4884,445,41669,0.717205,0.49,1,1741200,1740755,445
133293881,39.143,38.4977,446,41720,0.663441,0.47,1,1741242,1740796,446
133296801,33.4286,34.0995,445,41771,0.684688,0.51,1,1741274,1740829,445
133299721,32.2857,30.8199,447,41822,0.688938,0.53,1,1741306,1740859,447
133302641,36.0571,34.164,449,41872,0.689788,0.57,1,1741343,1740894,449
133305561,35.2114,34.0328,450,41922,0.689957,0.61,1,1741378,1740928,450
133308481,43.8423,42.0066,452,41972,0.737992,0.63,1,1741424,1740972,452
133311401,48.7685,46.8013,454,42022,0.731598,0.65,1,1741474,1741020,454
133314321,39.3537,38.1603,455,42072,0.71432,0.67,1,1741511,1741056,455
133317241,9.47074,9.23205,455,42122,0.710864,0.65,1,1741513,1741058,455
133320161,29.0941,29.8464,454,42172,0.758173,0.65,2,1741547,1741093,454
133323081,36.2188,36.3693,454,42222,0.735635,0.65,1,1741585,1741131,454
133326001,8.84377,8.87386,454,42272,0.731127,0.67,1,1741587,1741133,454
133328921,36.1688,34.5748,456,42322,0.746225,0.73,1,1741630,1741174,456
133331841,28.0338,27.715,456,42372,0.733245,0.65,1,1741656,1741200,456
133334761,37.6067,39.143,454,42422,0.810649,0.69,2,1741696,1741242,454
133337681,33.1213,33.4286,454,42472,0.84213,0.69,2,1741728,1741274,454
133340601,33.0243,32.2857,455,42522,0.832426,0.69,2,1741761,1741306,455
133343521,36.2049,36.0571,455,42572,0.878485,0.69,2,1741798,1741343,455
133346441,36.041,35.2114,456,42622,0.855697,0.75,2,1741834,1741378,456
133349361,44.8082,43.8423,457,42672,0.883139,0.73,2,1741881,1741424,457
133561061,22,10,448,20544,0.27,0.21,1,1744544,1744096,448
133563981,26.8,14.8,460,20647,0.286,0.21,1,1744572,1744112,460
133566901,64.56,52.56,472,20750,0.3372,0.21,1,1744646,1744174,472
133569821,84.112,67.312,490,20852,0.33144,0.15,1,1744735,1744245,490
133572741,84.8224,87.8624,482,20954,0.362288,0.23,1,1744820,1744338,482
133575661,66.5645,83.1725,462,21055,0.384458,0.25,1,1744882,1744420,462
133578581,73.3129,79.8345,458,21156,0.404892,0.27,1,1744957,1744499,458
133581501,32.2626,51.9669,435,21256,0.408978,0.29,1,1744979,1744544,435
133584421,28.0525,32.7934,434,21356,0.457796,0.35,1,1745006,1744572,434
133587341,67.2105,65.7587,437,21455,0.531559,0.33,1,1745083,1744646,437
133590261,85.4421,84.3517,438,21554,0.562312,0.37,1,1745173,1744735,438
133593181,86.6884,84.8703,440,21652,0.568462,0.39,1,1745260,1744820,440
133596101,68.5377,66.5741,442,21750,0.585692,0.41,1,1745324,1744882,442
133599021,73.7075,73.3148,442,21848,0.621139,0.41,1,1745399,1744957,442
133601941,33.9415,32.263,444,21945,0.644228,0.47,1,1745423,1744979,444
133604861,27.5883,28.0526,443,22042,0.616845,0.55,1,1745449,1745006,443
133607781,70.3177,67.2105,447,22138,0.627369,0.57,1,1745530,1745083,447
133610701,86.8635,85.4421,448,22234,0.661474,0.57,1,1745621,1745173,448
133613621,86.9727,86.6884,448,22329,0.732295,0.59,1,1745708,1745260,448
133616541,70.9945,68.5377,451,22424,0.778459,0.63,2,1745775,1745324,451
133619461,75.7989,73.7075,453,22519,0.819692,0.63,2,1745852,1745399,453
133622381,32.7598,14.7415,475,22613,0.859938,0.65,2,1745874,1745399,475
133625301,27.352,22.1483,477,22707,0.867988,0.61,2,1745900,1745423,477
133628221,71.0704,25.2297,533,22800,0.885598,0.63,2,1745982,1745449,533
133631141,88.6141,69.8459,545,22893,0.92112,0.67,2,1746075,1745530,545
133634061,90.5228,86.7692,545,22986,0.912224,0.75,2,1746166,1745621,545
133636981,73.3046,86.9538,527,23078,0.942445,0.79,2,1746235,1745708,527
133835541,36,108,509,28654,0.77,1,2,1750197,1749688,509
133838461,41.6,51.2,515,28728,0.722,1,1,1750240,1749725,515
133841381,30.72,34.24,513,28802,0.6964,0.96,1,1750268,1749755,513
133844301,34.144,29.248,520,28876,0.61128,1,1,1750303,1749783,520
133847221,69.2288,21.0496,579,28949,0.498256,0.96,1,1750381,1749802,579
133850141,33.0458,83.4099,504,29022,0.459651,1,1,1750405,1749901,504
133853061,66.6092,41.482,548,29095,0.41993,0.89,1,1750480,1749932,548
133855981,38.9218,72.2964,500,29168,0.427986,0.84,1,1750512,1750012,500
133858901,94.9844,44.8593,571,29241,0.477597,0.77,1,1750621,1750050,571
133861821,45.3969,97.7719,493,29313,0.535519,0.77,1,1750654,1750161,493
133864741,41.0794,48.3544,497,29385,0.515104,0.71,1,1750694,1750197,497
133867661,29.0159,44.0709,480,29457,0.495021,0.69,1,1750720,1750240,480
133870581,32.2032,31.2142,485,29529,0.523004,0.59,1,1750753,1750268,485
133873501,67.2406,34.2428,526,29601,0.496601,0.47,1,1750829,1750303,526
133876421,30.2481,69.2486,469,29673,0.53932,0.45,1,1750850,1750381,469
133879341,63.6496,33.0497,517,29744,0.531864,0.41,1,1750922,1750405,517
133882261,38.3299,66.6099,474,29815,0.530373,0.43,1,1750954,1750480,474
133885181,9.26598,38.922,444,29886,0.530075,0.49,1,1750956,1750512,444
133888101,92.2532,94.9844,448,29957,0.610015,0.55,1,1751069,1750621,448
133891021,45.6506,45.3969,449,30028,0.626003,0.51,1,1751103,1750654,449
133893941,39.5301,41.0794,447,30098,0.677201,0.49,1,1751141,1750694,447
133896861,28.706,29.0159,447,30168,0.70344,0.53,1,1751167,1750720,447
133899781,32.9412,32.2032,448,30238,0.676688,0.49,1,1751201,1750753,448
133902701,66.5882,67.2406,447,30308,0.751338,0.55,2,1751276,1750829,447
133905621,31.7176,30.2481,449,30378,0.814268,0.53,2,1751299,1750850,449
133908541,63.1435,63.6496,448,30448,0.810853,0.53,2,1751370,1750922,448
133911461,38.2287,38.3299,448,30518,0.810171,0.53,2,1751402,1750954,448
133914381,9.24574,9.26598,448,30587,0.810034,0.63,2,1751404,1750956,448
133917301,96.2491,92.2532,453,30656,0.826007,0.63,2,1751522,1751069,453
133920221,47.2498,45.6506,454,30725,0.909201,0.69,2,1751557,1751103,454
133923141,39.85,39.5301,454,30794,0.92584,0.71,2,1751595,1751141,454
133926061,29.57,28.706,455,30863,0.945168,0.67,2,1751622,1751167,455
133928981,33.914,32.9412,456,30932,0.949034,0.77,2,1751657,1751201,456
134054541,60,63,493,33748,0.73,1,1,1753644,1753151,493
134057461,36,39.8,489,33811,0.666,1,1,1753674,1753185,489
134060381,48.8,57.56,479,33874,0.6372,1,1,1753726,1753247,479
134063301,56.16,47.512,492,33936,0.53544,1,1,1753784,1753292,492
134066221,41.632,35.1024,498,33998,0.435088,1,1,1753822,1753324,498
134069141,63.5264,81.4205,474,34060,0.367018,0.95,1,1753891,1753417,474
134072061,53.5053,50.6841,482,34122,0.289404,0.95,1,1753942,1753460,482
134074981,27.5011,35.7368,471,34184,0.305881,1,1,1753963,1753492,471
134077901,15.9002,22.3474,465,34246,0.277176,1,1,1753976,1753511,465
134080821,31.98,4.46947,501,34308,0.223435,0.91,1,1754012,1753511,501
134083741,33.596,28.8939,500,34370,0.212687,0.93,1,1754046,1753546,500
134086661,53.1192,36.1788,520,34432,0.162537,0.73,1,1754104,1753584,520
134089581,31.4238,55.2358,486,34493,0.104507,0.65,1,1754130,1753644,486
134092501,39.0848,35.0472,497,34554,0.108902,0.63,1,1754171,1753674,497
134095421,54.217,48.6094,503,34615,0.12578,0.51,1,1754229,1753726,503
134098341,36.4434,56.1219,477,34676,0.177156,0.41,1,1754261,1753784,477
134101261,60.0887,41.6244,505,34737,0.171431,0.35,1,1754327,1753822,505
134104181,52.0177,63.5249,486,34798,0.154286,0.27,1,1754377,1753891,486
134107101,26.4035,53.505,455,34859,0.182857,0.31,1,1754397,1753942,455
134110021,14.0807,27.501,445,34920,0.204571,0.27,1,1754408,1753963,445
134112941,31.6161,15.9002,468,34981,0.208914,0.21,1,1754444,1753976,468
134115861,31.9232,31.98,464,35041,0.225783,0.21,1,1754476,1754012,464
134118781,49.5846,33.596,484,35101,0.261157,0.15,1,1754530,1754046,484
134121701,29.9169,53.1192,451,35161,0.300231,0.09,1,1754555,1754104,451
134124621,39.5834,31.4238,467,35221,0.324046,0.11,1,1754597,1754130,467
134127541,55.1167,39.0848,485,35281,0.296809,0.13,1,1754656,1754171,485
134130461,39.0233,54.217,462,35341,0.307362,0.19,1,1754691,1754229,462
134133381,59.8047,36.4434,495,35401,0.325472,0.17,1,1754756,1754261,495
134136301,52.7609,60.0887,480,35461,0.313094,0.15,1,1754807,1754327,480
134139221,26.5522,52.0177,450,35521,0.326619,0.19,1,1754827,1754377,450
134142141,14.9104,26.4035,442,35581,0.329324,0.21,1,1754839,1754397,442
134145061,31.7821,14.0807,467,35640,0.345865,0.21,1,1754875,1754408,467
134147981,7.95642,31.6161,433,35699,0.349173,0.23,1,1754877,1754444,433
134150901,29.5913,31.9232,436,35758,0.365835,0.27,1,1754912,1754476,436
134153821,49.9183,49.5846,437,35817,0.353167,0.31,1,1754967,1754530,437
134156741,29.9837,29.9169,437,35876,0.398633,0.33,1,1754992,1754555,437
134159661,40.3967,39.5834,438,35935,0.375727,0.29,1,1755035,1754597,438
134162581,55.2793,55.1167,438,35994,0.387145,0.31,1,1755094,1754656,438
134165501,39.8559,39.0233,439,36053,0.453429,0.33,1,1755130,1754691,439
134168421,59.1712,59.8047,438,36112,0.514686,0.31,1,1755194,1754756,438
134171341,52.6342,52.7609,438,36171,0.526937,0.33,1,1755245,1754807,438
134174261,26.5268,26.5522,438,36229,0.529387,0.33,1,1755265,1754827,438
134177181,14.9054,14.9104,438,36287,0.561877,0.35,1,1755277,1754839,438
134180101,32.5811,31.7821,439,36345,0.520375,0.35,1,1755314,1754875,439
134183021,8.11621,7.95642,439,36403,0.512075,0.37,1,1755316,1754877,439
134185941,30.4232,29.5913,440,36461,0.526415,0.35,1,1755352,1754912,440
134188861,49.2846,49.9183,439,36519,0.609283,0.41,1,1755406,1754967,439
134191781,31.4569,29.9837,441,36577,0.625857,0.37,1,1755433,1754992,441
134194701,39.8914,40.3967,440,36635,0.597171,0.39,1,1755475,1755035,440
134197621,54.3783,55.2793,439,36693,0.591434,0.47,1,1755533,1755094,439
134200541,44.4757,39.8559,445,36751,0.718287,0.53,1,1755575,1755130,445
134203461,60.8951,59.1712,446,36809,0.759657,0.53,2,1755640,1755194,446
134206381,54.579,52.6342,448,36866,0.799931,0.53,2,1755693,1755245,448
134209301,26.9158,26.5268,448,36923,0.823986,0.57,2,1755713,1755265,448
134212221,14.9832,14.9054,448,36980,0.876797,0.51,2,1755725,1755277,448
134215141,31.7966,32.5811,447,37037,0.887359,0.51,2,1755761,1755314,447
134218061,7.95933,8.11621,447,37094,0.889472,0.53,2,1755763,1755316,447
134220981,31.1919,30.4232,448,37151,0.889894,0.53,2,1755800,1755352,448
134223901,51.0384,6.08465,504,37208,0.889979,0.63,2,1755856,1755352,504
134226821,31.8077,44.4169,477,37265,0.873996,0.63,2,1755883,1755406,477
134229741,39.9615,30.4834,492,37322,0.886799,0.59,2,1755925,1755433,492
134232661,55.1923,39.6967,509,37379,0.87336,0.59,2,1755984,1755475,509
134235581,48.6385,54.3393,498,37436,0.886672,0.75,2,1756031,1755533,498
134457501,117,149,483,18482,0.07,0.37,1,1759021,1758538,483
134460421,89,100.2,477,18597,0.118,0.11,1,1759103,1758626,477
134463341,62.6,83.24,454,18711,0.0956,0.05,1,1759159,1758705,454
134466261,60.52,75.848,440,18824,0.07512,0.09,1,1759219,1758779,440
134469181,23.304,33.5696,431,18937,0.103024,0.07,1,1759233,1758802,431
134472101,80.6608,88.3139,424,19049,0.0766048,0.07,1,1759328,1758904,424
134475021,112.932,111.263,428,19160,0.071321,0.13,1,1759449,1759021,428
134477941,86.5864,87.8526,426,19271,0.182264,0.09,1,1759529,1759103,426
134480861,62.1173,62.3705,426,19381,0.204453,0.07,1,1759585,1759159,426
134483781,59.6235,60.4741,425,19490,0.304891,0.11,1,1759644,1759219,425
134486701,23.1247,23.2948,425,19599,0.340978,0.11,1,1759658,1759233,425
134489621,77.4249,4.65896,516,19707,0.332196,0.07,1,1759749,1759233,516
134492541,115.485,76.9318,546,19815,0.314439,0.07,1,1759874,1759328,546
134495461,90.297,112.186,509,19922,0.294888,0.21,1,1759958,1759449,509
134498381,62.8594,86.4373,485,20028,0.306978,0.21,1,1760014,1759529,485
134501301,64.5719,62.0875,494,20134,0.357396,0.33,1,1760079,1759585,494
134504221,24.9144,59.6175,450,20239,0.383479,0.35,1,1760094,1759644,450
134507141,76.9829,23.1235,526,20344,0.372696,0.33,1,1760184,1759658,526
134510061,116.197,77.4247,561,20448,0.418539,0.31,1,1760310,1759749,561
134512981,90.4393,115.485,520,20552,0.427708,0.29,1,1760394,1759874,520
134515901,62.8879,90.297,492,20655,0.461542,0.31,1,1760450,1759958,492
134518821,66.9776,62.8594,504,20758,0.468308,0.37,1,1760518,1760014,504
134521741,26.1955,64.5719,455,20860,0.469662,0.39,1,1760534,1760079,455
134524661,76.4391,24.9144,529,20962,0.501932,0.37,1,1760623,1760094,529
134527581,16.8878,76.9829,441,21063,0.508386,0.43,1,1760625,1760184,441
134530501,105.778,116.197,443,21164,0.541677,0.43,1,1760753,1760310,443
134533421,88.3555,90.4393,443,21264,0.564335,0.47,1,1760837,1760394,443
134536341,64.0711,62.8879,445,21364,0.616867,0.47,1,1760895,1760450,445
134539261,67.2142,66.9776,445,21463,0.643373,0.47,1,1760963,1760518,445
134542181,26.2428,26.1955,445,21562,0.616675,0.51,1,1760979,1760534,445
134545101,78.0486,76.4391,447,21660,0.659335,0.51,1,1761070,1760623,447
134548021,17.2097,16.8878,447,21758,0.699867,0.55,1,1761072,1760625,447
134550941,107.442,105.778,449,21855,0.771973,0.57,2,1761202,1760753,449
134553861,89.4884,88.3555,450,21952,0.818395,0.63,2,1761287,1760837,450
134556781,66.6977,64.0711,453,22049,0.875679,0.65,2,1761348,1760895,453
134559701,66.9395,67.2142,452,22145,0.919136,0.61,2,1761415,1760963,452
134562621,26.1879,26.2428,452,22241,0.943827,0.67,2,1761431,1760979,452
134658981,85,95,476,25195,0.85,1,2,1763559,1763083,476
134661901,109,103.8,485,25279,0.786,1,2,1763674,1763189,485
134664821,62.6,63.16,483,25363,0.7572,0.9,2,1763725,1763242,483
134667741,37.32,31.032,491,25447,0.79944,0.9,2,1763756,1763265,491
134670661,35.464,6.2064,526,25530,0.791888,1,2,1763791,1763265,526
134673581,35.8928,42.0413,511,25613,0.758378,0.96,2,1763827,1763316,511
134676501,63.9786,35.6083,548,25696,0.783676,0.87,2,1763898,1763350,548
134679421,45.5957,73.5217,506,25778,0.788735,0.89,2,1763939,1763433,506
134682341,69.9191,47.5043,541,25860,0.821747,0.85,2,1764015,1763474,541
134685261,103.584,77.5009,568,25942,0.844349,0.77,2,1764127,1763559,568
134688181,67.9168,107.5,512,26024,0.84887,0.75,2,1764186,1763674,512
134691101,35.1834,62.3,488,26105,0.833774,0.81,2,1764213,1763725,488
134694021,34.2367,37.26,491,26186,0.830755,0.79,2,1764247,1763756,491
134696941,38.8473,35.452,496,26267,0.830151,0.75,2,1764287,1763791,496
134699861,66.1695,35.8904,533,26348,0.84603,0.79,2,1764360,1763827,533
134702781,45.2339,63.9781,502,26428,0.881206,0.79,2,1764400,1763898,502
134705701,70.6468,45.5956,538,26508,0.904241,0.83,2,1764477,1763939,538
134708621,102.929,69.9191,573,26588,0.924848,0.85,2,1764588,1764015,573
134711541,67.7859,103.584,520,26668,0.92897,0.85,2,1764647,1764127,520
134819581,56,43,518,29462,0.67,1,1,1766582,1766064,518
134822501,40.8,37.4,519,29534,0.638,1,1,1766619,1766100,519
134825421,40.16,46.68,510,29606,0.4876,1,1,1766659,1766149,510
134828341,41.632,37.336,517,29677,0.32952,1,1,1766701,1766184,517
134831261,33.1264,33.8672,515,29748,0.281904,1,1,1766732,1766217,515
134834181,35.4253,33.1734,518,29819,0.224381,1,1,1766768,1766250,518
134837101,23.0851,36.2347,501,29890,0.148876,1,1,1766788,1766287,501
134840021,54.217,73.6469,480,29961,0.0857752,0.93,1,1766850,1766370,480
134842941,93.2434,109.929,464,30032,0.057155,0.89,1,1766953,1766489,464
134845861,46.6487,51.5859,462,30102,0.035431,0.67,1,1766988,1766526,462
134848781,45.3297,55.1172,451,30172,0.0310862,0.63,1,1767033,1766582,451
134851701,35.4659,40.6234,447,30242,0.0142172,0.45,1,1767066,1766619,447
134854621,32.6932,40.1247,439,30312,0.0748435,0.29,1,1767098,1766659,439
134857541,36.9386,41.6249,435,30382,0.0869687,0.27,1,1767136,1766701,435
134860461,33.7877,33.125,437,30452,0.0733937,0.21,1,1767169,1766732,437
134863381,31.5575,35.425,432,30521,0.118679,0.13,1,1767200,1766768,432
134866301,21.5115,23.085,431,30590,0.175736,0.07,1,1767219,1766788,431
134869221,48.3023,54.217,424,30659,0.219147,0.05,1,1767274,1766850,424
134872141,92.0605,93.2434,424,30728,0.0998294,0.03,1,1767377,1766953,424
134875061,46.4121,46.6487,424,30797,0.123966,0.03,1,1767412,1766988,424
134877981,43.6824,45.3297,422,30866,0.0807932,0.01,1,1767455,1767033,422
134880901,35.9365,35.4659,423,30935,0.0561586,0.09,1,1767489,1767066,423
134883821,35.1873,32.6932,426,31003,0.0512317,0.09,1,1767524,1767098,426
134886741,37.4375,36.9386,426,31071,0.0982463,0.07,1,1767562,1767136,426
134889661,33.0875,33.7877,425,31139,0.107649,0.13,1,1767594,1767169,425
134892581,35.4175,31.5575,430,31207,0.12553,0.19,1,1767630,1767200,430
134895501,21.4835,21.5115,429,31275,0.177106,0.23,1,1767648,1767219,429
134898421,51.4967,48.3023,433,31343,0.235421,0.23,1,1767707,1767274,433
134901341,85.4993,9.66046,527,31411,0.247084,0.07,1,1767801,1767274,527
134904261,44.2999,84.3321,458,31478,0.249417,0.13,1,1767835,1767377,458
134907181,42.46,44.8664,465,31545,0.281883,0.07,1,1767877,1767412,465
134910101,36.492,43.3733,457,31612,0.304377,0.05,1,1767912,1767455,457
134913021,37.6984,35.8747,461,31679,0.324875,0.05,1,1767950,1767489,461
134915941,37.9397,35.1749,464,31746,0.344975,0.11,1,1767988,1767524,464
134918861,33.9879,37.435,459,31813,0.348995,0.11,1,1768021,1767562,459
134921781,36.3976,33.087,464,31880,0.365799,0.13,1,1768058,1767594,464
134924701,21.6795,35.4174,446,31946,0.33716,0.19,1,1768076,1767630,446
134927621,55.5359,21.4835,492,32012,0.267432,0.25,1,1768140,1767648,492
134930541,86.3072,51.4967,527,32078,0.317486,0.25,1,1768234,1767707,527
134933461,44.4614,85.4993,467,32144,0.359497,0.25,1,1768268,1767801,467
134936381,44.0923,44.2999,477,32210,0.335899,0.29,1,1768312,1767835,477
134939301,37.6185,42.46,471,32276,0.33118,0.31,1,1768348,1767877,471
134942221,39.5237,36.492,476,32342,0.314236,0.33,1,1768388,1767912,476
134945141,38.3047,37.6984,476,32407,0.342847,0.35,1,1768426,1767950,476
134948061,34.0609,37.9397,471,32472,0.364569,0.35,1,1768459,1767988,471
134950981,35.6122,33.9879,474,32537,0.368914,0.37,1,1768495,1768021,474
134953901,21.5224,36.3976,455,32602,0.369783,0.33,1,1768513,1768058,455
134956821,52.3045,21.6795,497,32667,0.401957,0.25,1,1768573,1768076,497
134959741,88.8609,55.5359,531,32732,0.424391,0.33,1,1768671,1768140,531
134962661,19.3722,86.3072,439,32797,0.428878,0.37,1,1768673,1768234,439
134965581,31.8744,44.4614,440,32861,0.493776,0.33,1,1768708,1768268,440
134968501,39.9749,44.0923,438,32925,0.506755,0.33,1,1768750,1768312,438
134971421,36.795,37.6185,438,32989,0.525351,0.31,1,1768786,1768348,438
134974341,38.559,39.5237,437,33053,0.51307,0.35,1,1768825,1768388,437
134977261,39.7118,38.3047,439,33117,0.510614,0.37,1,1768865,1768426,439
134980181,35.1424,34.0609,440,33181,0.542123,0.37,1,1768899,1768459,440
134983101,35.8285,35.6122,440,33245,0.564425,0.37,1,1768935,1768495,440
134986021,21.5657,21.5224,440,33309,0.568885,0.41,1,1768953,1768513,440
134988941,54.7131,52.3045,443,33372,0.585777,0.43,1,1769016,1768573,443
134991861,90.1426,88.8609,444,33435,0.669155,0.43,1,1769115,1768671,444
134994781,19.6285,19.3722,444,33498,0.685831,0.51,1,1769117,1768673,444
134997701,32.7257,31.8744,445,33561,0.689166,0.51,1,1769153,1768708,445
135000621,40.1451,39.9749,445,33624,0.785833,0.53,2,1769195,1768750,445
135003541,37.629,36.795,446,33687,0.821167,0.51,2,1769232,1768786,446
135006461,37.9258,38.559,445,33750,0.844233,0.51,2,1769270,1768825,445
135009381,40.3852,39.7118,446,33813,0.848847,0.55,2,1769311,1768865,446
135012301,36.077,35.1424,447,33876,0.865769,0.57,2,1769346,1768899,447
135015221,36.8154,35.8285,448,33938,0.885154,0.57,2,1769383,1768935,448
135018141,21.7631,21.5657,448,34000,0.921031,0.59,2,1769401,1768953,448
135021061,57.9526,54.7131,452,34062,0.928206,0.69,2,1769468,1769016,452
135190421,45,39,521,37493,0.93,1,2,1771844,1771323,521
135193341,94.6,43.8,583,37549,0.706,1,1,1771951,1771368,583
135196261,54.92,93.56,522,37605,0.4852,1,1,1771996,1771474,522
135199181,39.784,53.912,514,37661,0.31304,1,1,1772032,1771518,514
135202101,31.9568,37.1824,511,37717,0.214608,1,1,1772062,1771551,511
135205021,40.7914,34.6365,520,37773,0.178922,1,1,1772105,1771585,520
135207941,31.3583,36.5273,512,37829,0.0437843,1,1,1772134,1771622,512
135210861,19.8717,30.5055,500,37885,0.00875686,1,1,1772151,1771651,500
135213781,24.7743,10.9011,520,37941,0.0417514,1,1,1772177,1771657,520
135216701,20.1549,24.5802,511,37997,0.0163503,1,1,1772196,1771685,511
135219621,35.231,32.916,515,38053,0.0592701,0.96,1,1772235,1771720,515
135222541,31.0462,42.5832,500,38109,0.067854,0.9,1,1772265,1771765,500
135225461,39.8092,35.7166,508,38164,0.0215708,0.93,1,1772307,1771799,508
135228381,82.3618,43.1433,556,38219,0.0923142,0.65,1,1772400,1771844,556
135231301,42.8724,94.2287,482,38274,0.0424628,0.43,1,1772433,1771951,482
135234221,32.5745,54.8457,467,38329,0.128493,0.27,1,1772463,1771996,467
135237141,27.3149,39.7691,457,38384,0.0816985,0.19,1,1772489,1772032,457
135240061,39.063,31.9538,469,38439,0.0723397,0.17,1,1772531,1772062,469
135242981,27.0126,40.7908,450,38494,0.0544679,0.01,1,1772555,1772105,450
135245901,20.6025,31.3582,440,38549,0.0108936,0,1,1772574,1772134,440
135248821,24.9205,19.8716,449,38604,0.0581787,0.05,1,1772600,1772151,449
135251741,6.5841,24.7743,425,38659,0.0356357,0.01,1,1772602,1772177,425
135254661,14.9168,20.1549,423,38714,0.0471271,0.07,1,1772619,1772196,423
135257581,35.7834,35.231,425,38769,0.0494254,0.07,1,1772660,1772235,425
135260501,29.5567,31.0462,423,38823,0.0498851,0.01,1,1772688,1772265,423
135263421,39.5113,39.8092,423,38877,0.017977,0.11,1,1772730,1772307,423
135266341,83.1023,82.3618,424,38931,0.0595954,0.03,1,1772824,1772400,424
135269261,43.0205,42.8724,424,38985,0.0519191,0.15,1,1772857,1772433,424
135272181,35.0041,32.5745,427,39039,0.114384,0.07,1,1772890,1772463,427
135275101,24.6008,27.3149,423,39093,0.126877,0.07,1,1772912,1772489,423
135278021,40.1202,39.063,425,39147,0.129375,0.05,1,1772956,1772531,425
135280941,24.824,27.0126,422,39201,0.161875,0,1,1772977,1772555,422
135283861,22.5648,20.6025,425,39255,0.104375,0.07,1,1772999,1772574,425
135286781,23.713,24.9205,423,39309,0.076875,0.03,1,1773023,1772600,423
135289701,6.34259,6.5841,423,39363,0.071375,0.05,1,1773025,1772602,423
135292621,14.0685,14.9168,422,39417,0.054275,0.05,1,1773041,1772619,422
135295541,35.6137,35.7834,422,39471,0.034855,0.05,1,1773082,1772660,422
135298461,29.5227,29.5567,422,39525,0.094971,0.01,1,1773110,1772688,422
135301381,39.5045,39.5113,422,39578,0.138994,0.07,1,1773152,1772730,422
135304301,85.5009,83.1023,425,39631,0.0517988,0.05,1,1773249,1772824,425
135307221,42.7002,43.0205,424,39684,0.0503598,0.13,1,1773281,1772857,424
135310141,36.54,35.0041,426,39737,0.114072,0.13,1,1773316,1772890,426
135313061,24.908,24.6008,426,39790,0.126814,0.13,1,1773338,1772912,426
135315981,41.7816,40.1202,428,39843,0.129363,0.17,1,1773384,1772956,428
135318901,26.7563,24.824,430,39896,0.145873,0.09,1,1773407,1772977,430
135321821,18.1513,22.5648,424,39949,0.197175,0.07,1,1773423,1772999,424
135324741,21.2303,23.713,422,40002,0.223435,0.07,1,1773445,1773023,422
135327661,5.84605,6.34259,422,40055,0.228687,0.05,1,1773447,1773025,422
135330581,13.9692,14.0685,422,40108,0.197737,0.05,1,1773463,1773041,422
135333501,35.5938,2.8137,463,40161,0.175547,0.03,1,1773504,1773041,463
135336421,31.9188,33.3627,453,40214,0.171109,0.11,1,1773535,1773082,453
135339341,40.7838,29.0725,468,40267,0.202222,0.15,1,1773578,1773110,468
135342261,83.3568,39.4145,520,40319,0.208444,0.03,1,1773672,1773152,520
135345181,42.2714,85.4829,455,40371,0.193689,0.05,1,1773704,1773249,455
135348101,38.8543,42.6966,461,40423,0.190738,0.13,1,1773742,1773281,461
135351021,26.1709,36.5393,449,40475,0.190148,0.13,1,1773765,1773316,449
135353941,42.0342,24.9079,473,40527,0.19003,0.13,1,1773811,1773338,473
135356861,28.4068,41.7816,452,40579,0.206006,0.15,1,1773836,1773384,452
135359781,18.4814,26.7563,445,40631,0.193201,0.21,1,1773852,1773407,445
135362701,22.0963,18.1513,452,40683,0.17464,0.23,1,1773875,1773423,452
135365621,6.01925,21.2303,432,40735,0.170928,0.23,1,1773877,1773445,432
135368541,14.0039,5.84605,446,40787,0.170186,0.19,1,1773893,1773447,446
135371461,35.6008,13.9692,471,40839,0.154037,0.17,1,1773934,1773463,471
135374381,31.9202,35.5938,461,40891,0.166807,0.17,1,1773965,1773504,461
135377301,41.584,31.9188,474,40943,0.169362,0.21,1,1774009,1773535,474
135380221,81.9168,40.7838,523,40995,0.265872,0.21,1,1774101,1773578,523
135383141,42.7834,83.3568,462,41046,0.301174,0.19,1,1774134,1773672,462
135386061,38.9567,42.2714,468,41097,0.308235,0.19,1,1774172,1773704,468
135388981,26.1913,38.8543,453,41148,0.293647,0.19,1,1774195,1773742,453
135391901,42.0383,26.1709,476,41199,0.354729,0.19,1,1774241,1773765,476
135394821,27.6077,42.0342,454,41250,0.382946,0.21,1,1774265,1773811,454
135397741,19.1215,28.4068,446,41301,0.372589,0.19,1,1774282,1773836,446
135400661,21.4243,18.4814,452,41352,0.370518,0.17,1,1774304,1773852,452
135403581,5.88486,22.0963,431,41403,0.370104,0.17,1,1774306,1773875,431
135406501,13.977,6.01925,445,41454,0.370021,0.17,1,1774322,1773877,445
135409421,34.7954,14.0039,469,41505,0.386004,0.15,1,1774362,1773893,469
135412341,8.55908,35.6008,430,41556,0.389201,0.17,1,1774364,1773934,430
135415261,26.5118,31.9202,430,41607,0.42184,0.17,1,1774395,1773965,430
135418181,41.3024,41.584,431,41658,0.428368,0.29,1,1774440,1774009,431
135421101,85.8605,81.9168,436,41709,0.429674,0.31,1,1774537,1774101,436
135424021,44.3721,42.7834,437,41760,0.461935,0.31,1,1774571,1774134,437
135426941,39.2744,38.9567,437,41811,0.468387,0.29,1,1774609,1774172,437
135429861,25.4549,26.1913,436,41861,0.469677,0.37,1,1774631,1774195,436
135432781,45.091,42.0383,440,41911,0.501935,0.39,1,1774681,1774241,440
135435701,29.0182,27.6077,441,41961,0.524387,0.37,1,1774706,1774265,441
135438621,18.6036,19.1215,440,42011,0.560877,0.37,1,1774722,1774282,440
135441541,21.3207,21.4243,440,42061,0.568175,0.37,1,1774744,1774304,440
135444461,5.86415,5.88486,440,42111,0.569635,0.37,1,1774746,1774306,440
135447381,13.9728,13.977,440,42161,0.569927,0.39,1,1774762,1774322,440
135450301,35.5946,34.7954,441,42211,0.585985,0.39,1,1774803,1774362,441
135453221,8.71891,8.55908,441,42261,0.605197,0.43,1,1774805,1774364,441
135456141,26.5438,26.5118,441,42311,0.625039,0.43,1,1774836,1774395,441
135459061,42.1088,41.3024,442,42361,0.645008,0.43,1,1774882,1774440,442
135461981,86.8218,85.8605,443,42411,0.745002,0.47,1,1774980,1774537,443
135464901,44.5644,44.3721,443,42461,0.765,0.47,2,1775014,1774571,443
135467821,39.3129,39.2744,443,42511,0.817,0.47,2,1775052,1774609,443
135470741,25.4626,25.4549,443,42561,0.7954,0.51,2,1775074,1774631,443
135473661,48.2925,45.091,447,42611,0.82308,0.53,2,1775128,1774681,447
135476581,30.4585,29.0182,448,42661,0.844616,0.57,2,1775154,1774706,448
135479501,18.8917,18.6036,448,42710,0.880923,0.57,2,1775170,1774722,448
135482421,21.3783,21.3207,448,42759,0.920185,0.57,2,1775192,1774744,448
135485341,5.87567,5.86415,448,42808,0.928037,0.57,2,1775194,1774746,448
135488261,13.9751,13.9728,448,42857,0.897607,0.59,2,1775210,1774762,448
135491181,37.195,35.5946,450,42906,0.923522,0.61,2,1775253,1774803,450
135494101,9.03901,8.71891,450,42955,0.928704,0.63,2,1775255,1774805,450
135520381,17,26,480,43396,0.91,0.89,2,1775634,1775154,480
135523301,21.8,18,487,43445,0.926,0.93,2,1775657,1775170,487
135526221,5.96,21.2,467,43494,0.9292,0.93,2,1775659,1775192,467
135529141,13.992,5.84,481,43543,0.92984,0.89,2,1775675,1775194,481
135532061,38.7984,13.968,510,43591,0.945968,0.93,2,1775720,1775210,510
135534981,9.35968,37.1936,469,43639,0.949194,0.93,2,1775722,1775253,469
135537901,28.2719,9.03872,500,43687,0.933839,0.95,2,1775755,1775255,500
135540821,44.8544,27.4077,517,43735,0.946768,0.97,2,1775804,1775287,517
135543741,92.9709,43.8816,574,43783,0.933354,1,2,1775909,1775335,574
135720401,65,50,483,21270,0.07,0.63,1,1778071,1777588,483
135723321,61.8,43.6,502,21370,0.07,0.39,1,1778132,1777630,502
135726241,36.36,71.92,453,21469,0.118,0.29,1,1778162,1777709,453
135729161,27.272,39.184,447,21568,0.1596,0.07,1,1778187,1777740,447
135732081,95.0544,95.0368,450,21666,0.18392,0.13,1,1778299,1777849,450
135735001,64.6109,57.4074,459,21764,0.172784,0.07,1,1778356,1777897,459
135737921,71.3222,73.0815,455,21861,0.170557,0.07,1,1778429,1777974,455
135740841,67.8644,92.2163,425,21958,0.250111,0.07,1,1778496,1778071,425
135743761,62.3729,67.2433,425,22055,0.250022,0.13,1,1778557,1778132,425
135746681,38.0746,37.4487,427,22151,0.250004,0.17,1,1778589,1778162,427
135749601,28.4149,27.4897,428,22247,0.282001,0.19,1,1778615,1778187,428
135752521,97.683,95.0979,431,22342,0.3204,0.17,1,1778730,1778299,431
135755441,62.7366,64.6196,428,22437,0.31208,0.17,1,1778784,1778356,428
135758361,72.5473,71.3239,430,22532,0.342416,0.17,1,1778859,1778429,430
135761281,69.7095,14.2648,499,22626,0.428483,0.27,1,1778928,1778429,499
135764201,61.9419,56.453,492,22720,0.445697,0.25,1,1778988,1778496,492
135767121,39.5884,60.0906,465,22813,0.465139,0.25,1,1779022,1778557,465
135770041,28.7177,37.6181,459,22906,0.469028,0.29,1,1779048,1778589,459
135772961,99.3435,28.3236,550,22999,0.565806,0.33,1,1779165,1778615,550
135775881,63.8687,97.6647,490,23091,0.633161,0.31,1,1779220,1778730,490
135778801,74.3737,62.7329,513,23183,0.678632,0.35,1,1779297,1778784,513
135781721,74.0747,72.5466,512,23274,0.735726,0.45,1,1779371,1778859,512
135784641,63.6149,69.7093,504,23365,0.747145,0.45,1,1779432,1778928,504
135787561,39.923,61.9419,478,23456,0.781429,0.47,2,1779466,1778988,478
135790481,29.5846,39.5884,471,23546,0.772286,0.47,2,1779493,1779022,471
135793401,103.517,28.7177,567,23636,0.786457,0.59,2,1779615,1779048,567
135796321,67.1034,99.3435,508,23726,0.773291,0.65,2,1779673,1779165,508
135799241,76.6207,63.8687,532,23815,0.754658,0.69,2,1779752,1779220,532
135802161,76.9241,74.3737,532,23904,0.766932,0.75,2,1779829,1779297,532
135805081,16.9848,74.0747,460,23993,0.769386,0.75,2,1779831,1779371,460
135808001,52.997,63.6149,461,24081,0.849877,0.79,2,1779893,1779432,461
135810921,37.7994,39.923,461,24169,0.865975,0.77,2,1779927,1779466,461
135813841,28.3599,29.5846,460,24257,0.853195,0.79,2,1779953,1779493,460
135816761,104.072,103.517,461,24344,0.930639,0.77,2,1780076,1779615,461
135819681,66.4144,67.1034,460,24431,0.946128,0.75,2,1780133,1779673,460
135924801,35,33,484,27380,0.85,1,2,1782218,1781734,484
135927721,43,30.6,499,27457,0.754,1,2,1782263,1781764,499
135930641,34.2,46.92,480,27534,0.7028,1,1,1782295,1781815,480
135933561,37.24,39.784,480,27611,0.72456,1,1,1782333,1781853,480
135936481,49.048,38.3568,494,27688,0.648912,1,1,1782385,1781891,494
135939401,54.6096,65.2714,478,27764,0.569782,1,1,1782441,1781963,478
135942321,73.3219,81.8543,470,27840,0.537956,0.91,1,1782519,1782049,470
135945241,58.6644,52.3709,480,27916,0.515591,0.92,1,1782574,1782094,480
135948161,70.1329,81.6742,464,27992,0.527118,0.85,1,1782647,1782183,464
135951081,37.2266,44.3348,458,28068,0.497424,0.73,1,1782676,1782218,458
135954001,43.4453,44.867,458,28143,0.491485,0.69,1,1782721,1782263,458
135956921,34.2891,34.5734,458,28218,0.506297,0.73,1,1782753,1782295,458
135959841,34.0578,37.3147,454,28293,0.493259,0.63,1,1782787,1782333,454
135962761,46.8116,49.0629,452,28368,0.538652,0.63,1,1782837,1782385,452
135965681,50.1623,9.81259,503,28443,0.56373,0.55,1,1782888,1782385,503
135968601,69.2325,46.7625,521,28517,0.600746,0.53,1,1782962,1782441,521
135971521,60.2465,71.7525,501,28591,0.640149,0.51,1,1783020,1782519,501
135974441,68.8493,58.3505,517,28665,0.76003,0.53,2,1783091,1782574,517
135977361,39.3699,70.0701,476,28739,0.752006,0.49,2,1783123,1782647,476
135980281,41.474,37.214,489,28813,0.750401,0.49,2,1783165,1782676,489
135983201,33.8948,43.4428,476,28886,0.79808,0.51,2,1783197,1782721,476
135986121,35.579,34.2886,480,28959,0.855616,0.49,2,1783233,1782753,480
135989041,47.1158,34.0577,496,29032,0.883123,0.55,2,1783283,1782787,496
135991961,51.8232,46.8115,499,29105,0.904625,0.57,2,1783336,1782837,499
135994881,71.9646,50.1623,525,29178,0.924925,0.61,2,1783413,1782888,525
135997801,63.1929,69.2325,512,29251,0.928985,0.65,2,1783474,1782962,512
136000721,72.6386,60.2465,529,29323,0.929797,0.79,2,1783549,1783020,529
136003641,41.7277,68.8493,492,29395,0.929959,0.75,2,1783583,1783091,492
136006561,42.7455,39.3699,503,29467,0.929992,0.75,2,1783626,1783123,503
136009481,34.1491,41.474,493,29539,0.929998,0.81,2,1783658,1783165,493
136012401,38.0298,33.8948,500,29611,0.914,0.87,2,1783697,1783197,500
136015321,48.406,35.579,515,29682,0.9428,0.89,2,1783748,1783233,515
136263521,44,46,517,35226,0.57,1,1,1787596,1787079,517
136266441,49.6,43.6,525,35286,0.506,1,1,1787647,1787122,525
136269361,39.52,45.52,516,35346,0.4612,1,1,1787684,1787168,516
136272281,67.904,55.504,533,35406,0.32424,1,1,1787759,1787226,533
136275201,44.7808,47.1008,527,35466,0.216848,1,1,1787798,1787271,527
136278121,47.3562,60.6202,511,35526,0.17937,1,1,1787846,1787335,511
136281041,40.6712,39.324,516,35586,0.139874,0.98,1,1787885,1787369,516
136283961,35.3342,42.2648,507,35645,0.131975,1,1,1787919,1787412,507
136286881,8.66685,38.053,472,35704,0.146395,1,1,1787921,1787449,472
136289801,25.7334,34.0106,469,35763,0.165279,0.85,1,1787951,1787482,469
136292721,29.1467,36.4021,462,35822,0.137056,0.75,1,1787981,1787519,462
136295641,25.8293,33.6804,454,35881,0.147411,0.57,1,1788006,1787552,454
136298561,39.5659,41.9361,453,35940,0.117482,0.49,1,1788049,1787596,453
136301481,43.1132,49.1872,446,35999,0.111496,0.45,1,1788093,1787647,446
136304401,34.2226,39.4374,441,36058,0.126299,0.29,1,1788125,1787684,441
136307321,60.4445,67.8875,433,36117,0.14526,0.19,1,1788192,1787759,433
136310241,42.4889,44.7775,432,36176,0.133052,0.17,1,1788230,1787798,432
136313161,43.6978,47.3555,428,36234,0.14661,0.13,1,1788274,1787846,428
136316081,41.5396,40.6711,430,36292,0.197322,0.13,1,1788315,1787885,430
136319001,35.5079,35.3342,430,36350,0.191464,0.15,1,1788349,1787919,430
136321921,8.70158,8.66684,430,36408,0.190293,0.17,1,1788351,1787921,430
136324841,26.5403,25.7334,431,36466,0.174059,0.13,1,1788382,1787951,431
136327761,26.9081,29.1467,428,36524,0.170812,0.15,1,1788409,1787981,428
136330681,25.3816,25.8293,428,36582,0.202162,0.11,1,1788434,1788006,428
136333601,38.6763,39.5659,427,36640,0.208432,0.11,1,1788476,1788049,427
136336521,40.5353,43.1132,424,36698,0.193686,0.13,1,1788517,1788093,424
136339441,36.9071,34.2226,428,36756,0.190737,0.15,1,1788553,1788125,428
136342361,60.1814,60.4445,427,36813,0.254147,0.13,1,1788619,1788192,427
136345281,41.6363,42.4889,426,36870,0.282829,0.15,1,1788656,1788230,426
136348201,44.3273,43.6978,427,36927,0.304566,0.21,1,1788701,1788274,427
136351121,45.6654,41.5396,432,36984,0.292913,0.19,1,1788747,1788315,432
136354041,33.9331,35.5079,429,37041,0.322583,0.19,1,1788778,1788349,429
136356961,8.38662,8.70158,429,37098,0.328517,0.17,1,1788780,1788351,429
136359881,27.2773,26.5403,430,37155,0.297703,0.17,1,1788812,1788382,430
136362801,27.0555,5.30806,457,37212,0.339541,0.17,1,1788839,1788382,457
136365721,24.6111,22.6616,454,37269,0.347908,0.21,1,1788863,1788409,454
136368641,38.5222,24.5323,471,37326,0.365582,0.21,1,1788905,1788434,471
136371561,39.7044,38.5065,469,37383,0.385116,0.19,1,1788945,1788476,469
136374481,36.7409,40.5013,464,37440,0.389023,0.19,1,1788981,1788517,464
136377401,63.3482,36.9003,498,37496,0.437805,0.27,1,1789051,1788553,498
136380321,43.0696,60.1801,470,37552,0.463561,0.29,1,1789089,1788619,470
136383241,45.4139,41.636,479,37608,0.468712,0.31,1,1789135,1788656,479
136386161,45.0828,44.3272,479,37664,0.485742,0.29,1,1789180,1788701,479
136389081,35.4166,45.6654,466,37720,0.521149,0.33,1,1789213,1788747,466
136392001,8.68331,33.9331,437,37776,0.52823,0.33,1,1789215,1788778,437
136394921,28.1367,8.38662,468,37832,0.545646,0.29,1,1789248,1788780,468
136397841,28.8273,27.2773,465,37888,0.581129,0.35,1,1789277,1788812,465
136400761,24.9655,27.0555,462,37944,0.588226,0.35,1,1789301,1788839,462
136403681,39.3931,24.6111,481,38000,0.637645,0.37,1,1789344,1788863,481
136406601,40.6786,38.5222,480,38056,0.663529,0.39,1,1789385,1788905,480
136409521,36.9357,39.7044,476,38112,0.668706,0.39,1,1789421,1788945,476
136412441,65.7871,36.7409,513,38167,0.701741,0.45,1,1789494,1788981,513
136415361,44.3574,63.3482,482,38222,0.708348,0.47,1,1789533,1789051,482
136418281,45.6715,43.0696,490,38277,0.72567,0.47,1,1789579,1789089,490
136421201,45.9343,45.4139,490,38332,0.745134,0.49,1,1789625,1789135,490
136424121,37.1869,45.0828,480,38387,0.733027,0.53,1,1789660,1789180,480
136427041,9.03737,35.4166,449,38442,0.730605,0.53,1,1789662,1789213,449
136429961,29.8075,8.68331,482,38497,0.730121,0.55,1,1789697,1789215,482
136432881,29.9615,28.1367,479,38552,0.794024,0.59,2,1789727,1789248,479
136435801,25.1923,28.8273,474,38607,0.822805,0.59,2,1789751,1789277,474
136438721,6.63846,24.9655,452,38662,0.828561,0.65,2,1789753,1789301,452
136441641,37.3277,39.3931,454,38717,0.829712,0.67,2,1789798,1789344,454
136444561,41.0655,40.6786,455,38772,0.861942,0.67,2,1789840,1789385,455
136447481,37.0131,36.9357,455,38826,0.884389,0.71,2,1789876,1789421,455
136450401,67.4026,65.7871,457,38880,0.856878,0.71,2,1789951,1789494,457
136453321,44.6805,44.3574,457,38934,0.851376,0.73,2,1789990,1789533,457
136456241,46.5361,45.6715,458,38988,0.914275,0.75,2,1790037,1789579,458
136459161,46.9072,45.9343,459,39042,0.942855,0.73,2,1790084,1789625,459
136462081,36.5814,37.1869,458,39096,0.932571,0.73,2,1790118,1789660,458
136465001,8.91629,9.03737,458,39150,0.930514,0.73,2,1790120,1789662,458
136622681,35,28,507,41964,0.81,1,2,1792092,1791585,507
136625601,30.2,24,513,42014,0.778,1,2,1792121,1791608,513
136628521,16.44,24,502,42064,0.8516,1,2,1792134,1791632,502
136631441,28.088,31.2,500,42114,0.72232,1,1,1792165,1791665,500
136634361,36.8176,29.44,510,42164,0.632464,1,1,1792204,1791694,510
136637281,32.9635,33.088,508,42214,0.550493,1,1,1792236,1791728,508
136640201,24.1927,32.2176,498,42264,0.438099,1,1,1792258,1791760,498
136643121,36.8385,35.2435,502,42314,0.43162,1,1,1792298,1791796,502
136646041,34.5677,45.4487,488,42364,0.494324,1,1,1792332,1791844,488
136648961,38.9135,38.6897,491,42414,0.442865,1,1,1792372,1791881,491
136651881,43.7827,53.338,479,42464,0.432573,1,1,1792417,1791938,479
136654801,32.7565,39.4676,473,42514,0.398515,0.89,1,1792447,1791974,473
136657721,34.5513,36.6935,472,42564,0.343703,0.91,1,1792482,1792010,472
136660641,38.1103,44.9387,464,42614,0.332741,0.81,1,1792521,1792057,464
136663561,31.6221,36.9877,459,42664,0.314548,0.77,1,1792551,1792092,459
136666481,31.9244,30.5975,462,42713,0.32691,0.87,1,1792583,1792121,462
136669401,13.5849,16.5195,458,42762,0.329382,0.69,1,1792592,1792134,458
136672321,26.717,28.1039,457,42811,0.313876,0.61,1,1792622,1792165,457
136675241,34.1434,36.8208,454,42860,0.342775,0.53,1,1792658,1792204,454
136678161,26.0287,32.9642,446,42909,0.268555,0.41,1,1792682,1792236,446
136681081,20.4057,24.1928,443,42958,0.253711,0.43,1,1792701,1792258,443
136684001,38.4811,36.8386,446,43007,0.234742,0.43,1,1792744,1792298,446
136686921,38.0962,7.36771,484,43056,0.246948,0.51,1,1792782,1792298,484
136689841,34.8192,28.6735,484,43105,0.24939,0.43,1,1792816,1792332,484
136692761,38.9638,37.7347,484,43154,0.297878,0.43,1,1792856,1792372,484
136695681,30.9928,43.5469,468,43203,0.291576,0.39,1,1792885,1792417,468
136698601,31.7986,32.7094,470,43252,0.306315,0.33,1,1792917,1792447,470
136701521,39.9597,34.5419,477,43301,0.325263,0.33,1,1792959,1792482,477
136704441,28.7919,38.1084,464,43350,0.361053,0.31,1,1792985,1792521,464
136707361,32.9584,31.6217,468,43399,0.304211,0.33,1,1793019,1792551,468
136710281,12.1917,31.9243,443,43448,0.340842,0.33,1,1793026,1792583,443
136713201,27.2383,13.5849,465,43497,0.364168,0.31,1,1793057,1792592,465
136716121,34.2477,26.717,471,43546,0.368834,0.35,1,1793093,1792622,471
136719041,22.8495,34.1434,455,43594,0.385767,0.25,1,1793113,1792658,455
136721961,19.7699,26.0287,450,43642,0.421153,0.25,1,1793132,1792682,450
136724881,40.754,20.4057,477,43690,0.428231,0.23,1,1793178,1792701,477
136727801,39.3508,38.4811,473,43738,0.429646,0.25,1,1793217,1792744,473
136730721,33.4702,38.0962,467,43786,0.477929,0.25,1,1793249,1792782,467
136733641,41.094,34.8192,476,43834,0.519586,0.31,1,1793292,1792816,476
136736561,30.6188,38.9638,464,43882,0.527917,0.29,1,1793320,1792856,464
136739481,33.3238,30.9928,469,43930,0.497583,0.31,1,1793354,1792885,469
136742401,40.2648,31.7986,479,43978,0.523517,0.33,1,1793396,1792917,479
136745321,30.4529,39.9597,465,44026,0.528703,0.37,1,1793424,1792959,465
136748241,31.6906,28.7919,471,44074,0.545741,0.29,1,1793456,1792985,471
136751161,12.7381,32.9584,445,44122,0.565148,0.35,1,1793464,1793019,445
136754081,26.5476,12.1917,468,44170,0.56903,0.37,1,1793494,1793026,468
136757001,35.7095,27.2383,475,44218,0.537806,0.37,1,1793532,1793057,475
136759921,24.7419,34.2477,461,44266,0.547561,0.39,1,1793554,1793093,461
136762841,19.3484,22.8495,459,44314,0.581512,0.43,1,1793572,1793113,459
136765761,42.2697,19.7699,488,44362,0.604302,0.43,1,1793620,1793132,488
136768681,41.2539,40.754,483,44410,0.656861,0.43,1,1793661,1793178,483
136771601,34.6508,39.3508,477,44457,0.651372,0.49,1,1793694,1793217,477
136774521,8.53016,33.4702,447,44504,0.650274,0.53,1,1793696,1793249,447
136777441,36.906,41.094,448,44551,0.666055,0.53,1,1793740,1793292,448
136780361,29.7812,30.6188,448,44598,0.669211,0.49,1,1793768,1793320,448
136783281,33.1562,33.3238,448,44645,0.685842,0.53,1,1793802,1793354,448
136786201,40.2313,40.2648,448,44692,0.721168,0.53,1,1793844,1793396,448
136789121,30.4462,30.4529,448,44739,0.776234,0.55,2,1793872,1793424,448
136792041,33.2893,31.6906,450,44786,0.755247,0.57,2,1793906,1793456,450
136794961,13.0578,12.7381,450,44833,0.719049,0.57,1,1793914,1793464,450
136797881,26.6116,26.5476,450,44880,0.71181,0.53,1,1793944,1793494,450
136800801,34.1223,35.7095,448,44927,0.710362,0.55,1,1793980,1793532,448
136803721,26.8245,24.7419,451,44974,0.790072,0.59,2,1794005,1793554,451
136806641,19.7649,19.3484,451,45021,0.806014,0.61,2,1794023,1793572,451
136809561,43.953,42.2697,453,45068,0.841203,0.67,2,1794073,1793620,453
136812481,43.1906,41.2539,455,45115,0.832241,0.65,2,1794116,1793661,455
136815401,34.2381,34.6508,454,45162,0.878448,0.65,2,1794148,1793694,454
136818321,8.44762,8.53016,454,45209,0.88769,0.67,2,1794150,1793696,454
136821241,37.6895,36.906,455,45256,0.905538,0.67,2,1794195,1793740,455
136824161,30.7379,29.7812,456,45303,0.941108,0.69,2,1794224,1793768,456
136827081,33.3476,33.1562,456,45350,0.916222,0.73,2,1794258,1793802,456
136838761,8,8,457,45535,0.95,0.71,2,1794371,1793914,457
136841681,25.6,25.6,457,45581,0.95,0.71,2,1794401,1793944,457
137285521,43,20,487,24178,0.23,1,1,1799309,1798822,487
137288441,28.6,25.6,485,24266,0.166,0.94,1,1799334,1798849,485
137291361,30.52,29.92,485,24353,0.2012,0.91,1,1799365,1798880,485
137294281,72.504,47.584,516,24440,0.24024,0.65,1,1799448,1798932,516
137297201,48.1008,71.1168,481,24527,0.184048,0.39,1,1799490,1799009,481
137300121,59.2202,82.2234,458,24613,0.23681,0.27,1,1799552,1799094,458
137303041,73.444,59.6447,481,24699,0.279362,0.19,1,1799629,1799148,481
137305961,66.6888,75.9289,466,24785,0.303872,0.23,1,1799694,1799228,466
137308881,46.9378,79.9858,427,24871,0.324774,0.15,1,1799736,1799309,427
137311801,31.7876,35.9972,430,24956,0.360955,0.21,1,1799764,1799334,430
137314721,34.3575,31.9994,434,25041,0.352191,0.25,1,1799799,1799365,434
137317641,73.2715,72.7999,434,25126,0.398438,0.17,1,1799882,1799448,434
137320561,46.6543,48.16,432,25210,0.407688,0.25,1,1799922,1799490,432
137323481,61.3309,59.232,435,25294,0.361538,0.29,1,1799987,1799552,435
137326401,73.0662,73.4464,434,25378,0.416308,0.31,1,1800063,1799629,434
137329321,67.4132,66.6893,435,25461,0.395261,0.31,1,1800129,1799694,435
137332241,47.8826,13.3379,478,25544,0.391052,0.33,1,1800172,1799694,478
137335161,32.7765,36.2676,465,25627,0.43821,0.37,1,1800201,1799736,465
137338081,34.5553,29.6535,472,25710,0.463642,0.35,1,1800236,1799764,472
137341001,74.9111,33.9307,522,25792,0.516728,0.41,1,1800321,1799799,522
137343921,46.9822,73.1861,479,25874,0.543346,0.41,1,1800361,1799882,479
137346841,60.5964,46.6372,503,25956,0.564669,0.35,1,1800425,1799922,503
137349761,74.5193,61.3274,516,26038,0.600934,0.43,1,1800503,1799987,516
137352681,67.7039,73.0655,506,26119,0.624187,0.39,1,1800569,1800063,506
137355601,49.5408,67.4131,485,26200,0.660837,0.39,1,1800614,1800129,485
137358521,33.9082,47.8826,472,26281,0.684168,0.45,1,1800644,1800172,472
137361441,33.9816,32.7765,477,26362,0.704833,0.47,1,1800678,1800201,477
137364361,78.7963,34.5553,532,26442,0.788967,0.53,2,1800768,1800236,532
137367281,48.5593,74.9111,488,26522,0.837793,0.55,2,1800809,1800321,488
137370201,62.5119,46.9822,514,26602,0.847559,0.57,2,1800875,1800361,514
137373121,75.7024,60.5964,529,26682,0.881512,0.61,2,1800954,1800425,529
137376041,68.7405,74.5193,518,26761,0.904302,0.63,2,1801021,1800503,518
137378961,51.3481,67.7039,499,26840,0.92486,0.67,2,1801068,1800569,499
137381881,11.8696,49.5408,456,26919,0.928972,0.69,2,1801070,1800614,456
137384801,26.3739,33.9082,456,26998,0.929794,0.71,2,1801100,1800644,456
137387721,33.2748,33.9816,457,27076,0.929959,0.81,2,1801135,1800678,457
137513281,67,51,499,30255,0.73,1,1,1803455,1802956,499
137516201,37.4,39,493,30325,0.618,1,1,1803485,1802992,493
137519121,29.08,34.2,487,30395,0.5476,1,1,1803512,1803025,487
137522041,36.216,34.84,490,30465,0.50152,1,1,1803550,1803060,490
137524961,45.6432,54.168,479,30534,0.380304,0.95,1,1803598,1803119,479
137527881,41.1286,39.6336,483,30603,0.244061,0.92,1,1803638,1803155,483
137530801,41.8257,36.7267,489,30672,0.136812,1,1,1803680,1803191,489
137533721,44.3651,58.5453,470,30741,0.0513624,0.95,1,1803725,1803255,470
137536641,61.673,68.5091,465,30810,0.0342725,0.91,1,1803791,1803326,465
137539561,57.1346,63.3018,459,30879,0.0308545,0.73,1,1803847,1803388,459
137542481,63.4269,66.2604,457,30948,0.0621709,0.59,1,1803912,1803455,457
137545401,33.4854,37.2521,453,31016,0.0524342,0.53,1,1803938,1803485,453
137548321,21.0971,29.0504,444,31084,0.0344868,0.49,1,1803956,1803512,444
137551241,31.4194,36.2101,440,31152,0.0948974,0.35,1,1803990,1803550,440
137554161,45.4839,45.642,441,31220,0.0909795,0.21,1,1804039,1803598,441
137557081,34.6968,41.1284,433,31288,0.122196,0.21,1,1804071,1803638,433
137560001,35.7394,8.22568,469,31356,0.112439,0.11,1,1804107,1803638,469
137562921,39.1479,35.2451,467,31423,0.0944878,0.03,1,1804147,1803680,467
137565841,59.8296,43.049,487,31490,0.0908976,0.03,1,1804212,1803725,487
137568761,56.7659,61.4098,477,31557,0.12218,0.03,1,1804268,1803791,477
137571681,64.1532,57.082,487,31624,0.128436,0.07,1,1804334,1803847,487
137574601,34.4306,63.4164,449,31691,0.145687,0.05,1,1804361,1803912,449
137577521,19.6861,33.4833,439,31758,0.117137,0.03,1,1804377,1803938,439
137580441,33.5372,21.0967,458,31825,0.127427,0.11,1,1804414,1803956,458
137583361,46.7074,31.4193,474,31891,0.129486,0.09,1,1804464,1803990,474
137586281,34.9415,45.4839,457,31957,0.145897,0.13,1,1804496,1804039,457
137589201,38.1883,34.6968,464,32023,0.149179,0.11,1,1804535,1804071,464
137592121,36.4377,35.7394,464,32089,0.181836,0.09,1,1804571,1804107,464
137595041,60.0875,39.1479,490,32155,0.188367,0.09,1,1804637,1804147,490
137597961,58.4175,59.8296,483,32221,0.253673,0.13,1,1804695,1804212,483
137600881,64.4835,56.7659,493,32287,0.298735,0.13,1,1804761,1804268,493
137603801,35.2967,64.1532,455,32353,0.323747,0.15,1,1804789,1804334,455
137606721,18.2593,34.4306,442,32418,0.344749,0.11,1,1804803,1804361,442
137609641,34.0519,19.6861,464,32483,0.34895,0.13,1,1804841,1804377,464
137612561,47.6104,33.5372,478,32548,0.36579,0.13,1,1804892,1804414,478
137615481,35.1221,46.7074,460,32613,0.369158,0.15,1,1804924,1804464,460
137618401,38.2244,34.9415,467,32678,0.385832,0.15,1,1804963,1804496,467
137621321,36.4449,38.1883,464,32743,0.389166,0.19,1,1804999,1804535,464
137624241,8.88898,36.4377,430,32808,0.389833,0.19,1,1805001,1804571,430
137627161,55.3778,60.0875,431,32872,0.421967,0.27,1,1805068,1804637,431
137630081,60.6756,58.4175,435,32936,0.444393,0.31,1,1805130,1804695,435
137633001,66.5351,64.4835,437,33000,0.480879,0.33,1,1805198,1804761,437
137635921,37.307,35.2967,439,33064,0.472176,0.35,1,1805228,1804789,439
137638841,18.6614,18.2593,439,33128,0.502435,0.35,1,1805242,1804803,439
137641761,35.7323,34.0519,441,33192,0.524487,0.37,1,1805282,1804841,441
137644681,47.1465,47.6104,440,33256,0.528897,0.37,1,1805332,1804892,440
137647601,35.0293,35.1221,440,33320,0.545779,0.39,1,1805364,1804924,440
137650521,39.0059,38.2244,441,33383,0.565156,0.39,1,1805404,1804963,441
137653441,36.6012,36.4449,441,33446,0.537031,0.39,1,1805440,1804999,441
137656361,8.92023,8.88898,441,33509,0.563406,0.43,1,1805442,1805001,441
137659281,56.984,55.3778,443,33572,0.552681,0.45,1,1805511,1805068,443
137662201,60.1968,60.6756,442,33635,0.550536,0.49,1,1805572,1805130,442
137665121,68.0394,66.5351,444,33698,0.550107,0.47,1,1805642,1805198,444
137668041,38.4079,37.307,445,33761,0.582021,0.51,1,1805673,1805228,445
137670961,18.8816,18.6614,445,33824,0.620404,0.53,1,1805687,1805242,445
137673881,36.5763,35.7323,446,33887,0.628081,0.53,1,1805728,1805282,446
137676801,47.3153,47.1465,446,33949,0.677616,0.55,1,1805778,1805332,446
137679721,35.8631,35.0293,447,34011,0.687523,0.57,1,1805811,1805364,447
137682641,39.9726,39.0059,448,34073,0.689505,0.53,1,1805852,1805404,448
137685561,36.7945,36.6012,448,34135,0.721901,0.57,1,1805888,1805440,448
137688481,8.9589,8.92023,448,34197,0.69638,0.55,1,1805890,1805442,448
137691401,56.1918,56.984,447,34259,0.723276,0.55,1,1805958,1805511,447
137694321,59.2384,11.3968,507,34321,0.712655,0.55,1,1806018,1805511,507
137697241,69.4477,51.0794,518,34383,0.742531,0.55,1,1806090,1805572,518
137700161,40.2895,66.2159,481,34444,0.828506,0.59,2,1806123,1805642,481
137703081,19.2579,38.0432,464,34505,0.845701,0.63,2,1806137,1805673,464
137706001,38.2516,18.8086,493,34566,0.84914,0.63,2,1806180,1805687,493
137708921,48.4503,36.5617,503,34627,0.865828,0.69,2,1806231,1805728,503
137711841,38.4901,47.3123,489,34688,0.869166,0.69,2,1806267,1805778,489
137714761,39.698,35.8625,496,34749,0.917833,0.69,2,1806307,1805811,496
137866601,50,60,514,37782,0.93,1,2,1808424,1807910,514
137869521,41.2,39.2,519,37838,0.85,1,2,1808463,1807944,519
137872441,35.44,50.24,500,37894,0.818,1,2,1808497,1807997,500
137875361,47.088,34.848,519,37950,0.7956,1,2,1808547,1808028,519
137878281,23.8176,34.9696,502,38006,0.80712,0.96,2,1808565,1808063,502
137881201,31.9635,24.5939,514,38062,0.633424,1,1,1808599,1808085,514
137884121,34.3927,37.7188,508,38118,0.646685,1,1,1808634,1808126,508
137887041,58.8785,35.5438,538,38173,0.729337,1,1,1808699,1808161,538
137889961,36.5757,58.3088,505,38228,0.713867,1,1,1808730,1808225,505
137892881,41.7151,42.0617,510,38283,0.790773,1,2,1808773,1808263,510
137895801,33.943,38.8123,504,38338,0.790155,0.96,2,1808805,1808301,504
137898721,34.7886,35.7625,504,38393,0.790031,0.93,2,1808840,1808336,504
137901641,47.7577,37.5525,517,38448,0.774006,0.93,2,1808891,1808374,517
137904561,38.3515,47.5105,503,38503,0.802801,0.83,2,1808927,1808424,503
137907481,31.6703,40.7021,494,38558,0.77656,0.81,2,1808957,1808463,494
137910401,46.3341,35.3404,510,38613,0.803312,0.79,2,1809007,1808497,510
137913321,10.8668,47.0681,462,38668,0.808662,0.81,2,1809009,1808547,462
137916241,14.9734,23.8136,460,38723,0.809732,0.59,2,1809025,1808565,460
137919161,27.7947,31.9627,457,38778,0.841946,0.65,2,1809056,1808599,457
137922081,32.7589,34.3925,456,38832,0.832389,0.75,2,1809090,1808634,456
137925001,58.5518,58.8785,456,38886,0.830478,0.71,2,1809155,1808699,456
137927921,35.7104,36.5757,455,38940,0.862096,0.81,2,1809185,1808730,455
137930841,45.5421,41.7151,460,38994,0.900419,0.79,2,1809233,1808773,460
137933761,33.9084,33.943,459,39048,0.924084,0.79,2,1809264,1808805,459
137936681,36.3817,34.7886,461,39102,0.944817,0.77,2,1809301,1808840,461
137948361,52,50,462,39318,0.93,0.81,2,1809469,1809007,462
138126481,40,68,492,42468,0.73,1,1,1811629,1811137,492
138129401,36.8,44.8,489,42518,0.666,1,1,1811665,1811176,489
138132321,37.76,32.96,497,42568,0.4612,1,1,1811703,1811206,497
138135241,38.752,48.192,484,42618,0.30824,1,1,1811742,1811258,484
138138161,35.7504,39.2384,482,42668,0.197648,0.99,1,1811777,1811295,482
138141081,57.5501,40.6477,504,42717,0.0795296,1,1,1811840,1811336,504
138144001,41.91,44.1295,497,42766,0.0879059,1,1,1811878,1811381,497
138146921,29.982,38.4259,487,42815,0.0415812,1,1,1811905,1811418,487
138149841,26.7964,31.6852,483,42864,0.0323162,1,1,1811931,1811448,483
138152761,30.9593,21.537,496,42913,0.0304632,1,1,1811963,1811467,496
138155681,30.1919,41.9074,479,42962,0.0300926,0.94,1,1811993,1811514,479
138158601,24.4384,32.3815,472,43011,0.0460185,0.94,1,1812016,1811544,472
138161521,14.4877,6.4763,484,43060,0.0332037,0.82,1,1812028,1811544,484
138164441,20.4975,14.8953,489,43109,0.0306407,0.85,1,1812050,1811561,489
138167361,29.6995,25.3791,493,43158,0.0621281,0.73,1,1812082,1811589,493
138170281,29.9399,37.0758,483,43207,0.0524256,0.65,1,1812112,1811629,483
138173201,29.988,36.2152,477,43256,0.0344851,0.41,1,1812142,1811665,477
138176121,31.5976,37.643,471,43305,0.062897,0.27,1,1812174,1811703,471
138179041,28.7195,38.7286,460,43354,0.100579,0.17,1,1812202,1811742,460
138181961,53.7439,35.7457,485,43403,0.0201159,0.05,1,1812262,1811777,485
138184881,43.5488,57.5491,463,43452,0.0280232,0.09,1,1812303,1811840,463
138187801,29.5098,41.9098,451,43501,0.00560463,0.03,1,1812329,1811878,451
138190721,24.302,29.982,447,43550,0.00112093,0.03,1,1812352,1811905,447
138193641,32.0604,26.7964,455,43598,0.0402242,0.03,1,1812386,1811931,455
138196561,30.4121,30.9593,453,43646,0.0480448,0.03,1,1812416,1811963,453
138199481,23.6824,30.1919,445,43694,0.049609,0.05,1,1812438,1811993,445
138202401,13.5365,24.4384,433,43742,0.0499218,0.03,1,1812449,1812016,433
138205321,21.9073,14.4877,445,43790,0.0339844,0.03,1,1812473,1812028,445
138208241,29.1815,20.4975,454,43838,0.0467969,0.07,1,1812504,1812050,454
138211161,31.4363,29.6995,454,43886,0.0973594,0.05,1,1812536,1812082,454
138214081,30.2873,29.9399,454,43934,0.0914719,0.03,1,1812566,1812112,454
138217001,31.6575,29.988,456,43982,0.106294,0.07,1,1812598,1812142,456
138219921,28.7315,31.5976,452,44030,0.141259,0.11,1,1812626,1812174,452
138222841,52.9463,28.7195,483,44078,0.100252,0,1,1812685,1812202,483
138225761,43.3893,53.7439,464,44126,0.0920504,0.03,1,1812726,1812262,464
138228681,31.0779,43.5488,451,44174,0.0184101,0,1,1812754,1812303,451
138231601,23.0156,29.5098,446,44222,0.011682,0,1,1812775,1812329,446
138234521,30.2031,24.302,455,44270,0.0263364,0.05,1,1812807,1812352,455
138237441,31.6406,32.0604,453,44318,0.0292673,0.05,1,1812839,1812386,453
138240361,23.1281,30.4121,444,44366,0.0458535,0.05,1,1812860,1812416,444
138243281,15.0256,23.6824,435,44414,0.0491707,0.05,1,1812873,1812438,435
138246201,19.8051,13.5365,445,44461,0.0338341,0.03,1,1812894,1812449,445
138249121,5.56102,21.9073,423,44508,0.0627668,0.05,1,1812896,1812473,423
138252041,26.7122,29.1815,424,44555,0.0365534,0.11,1,1812928,1812504,424
138254961,34.1424,31.4363,428,44602,0.111311,0.09,1,1812964,1812536,428
138257881,29.2285,30.2873,426,44649,0.126262,0.11,1,1812992,1812566,426
138260801,33.0457,31.6575,428,44696,0.129252,0.15,1,1813026,1812598,428
138263721,29.8091,28.7315,429,44743,0.14585,0.09,1,1813055,1812626,429
138266641,53.1618,52.9463,429,44790,0.11717,0.09,1,1813114,1812685,429
138269561,41.0324,43.3893,426,44837,0.159434,0,1,1813152,1812726,426
138272481,28.2065,31.0779,423,44884,0.0878868,0.01,1,1813177,1812754,423
138275401,22.4413,23.0156,423,44931,0.121577,0.03,1,1813198,1812775,423
138278321,29.2883,30.2031,422,44978,0.112315,0.03,1,1813229,1812807,422
138281241,32.2577,31.6406,423,45025,0.110463,0.05,1,1813262,1812839,423
138284161,23.2515,23.1281,423,45072,0.0940926,0.05,1,1813283,1812860,423
138287081,15.8503,15.0256,424,45119,0.0588185,0.03,1,1813297,1812873,424
138290001,19.1701,19.8051,423,45166,0.0837637,0.07,1,1813317,1812894,423
138292921,5.43401,5.56102,423,45213,0.0887527,0.03,1,1813319,1812896,423
138295841,26.6868,26.7122,423,45260,0.105751,0.13,1,1813351,1812928,423
138298761,38.1374,34.1424,428,45307,0.0611501,0.13,1,1813392,1812964,428
138301681,30.0275,29.2285,428,45354,0.10023,0.13,1,1813420,1812992,428
138304601,33.2055,33.0457,428,45400,0.076046,0.15,1,1813454,1813026,428
138307521,29.0411,29.8091,427,45446,0.151209,0.11,1,1813482,1813055,427
138310441,53.0082,53.1618,427,45492,0.182242,0.17,1,1813541,1813114,427
138313361,41.8016,41.0324,428,45538,0.220448,0.07,1,1813580,1813152,428
138316281,25.9603,28.2065,425,45584,0.24409,0.13,1,1813602,1813177,425
138319201,22.7921,22.4413,426,45630,0.248818,0.11,1,1813624,1813198,426
138322121,30.1584,29.2883,427,45676,0.265764,0.11,1,1813656,1813229,427
138325041,30.8317,32.2577,425,45722,0.333153,0.09,1,1813687,1813262,425
138327961,22.1663,23.2515,424,45768,0.330631,0.05,1,1813707,1813283,424
138330881,15.6333,15.8503,424,45814,0.330126,0.09,1,1813721,1813297,424
138333801,19.1267,19.1701,424,45860,0.362025,0.09,1,1813741,1813317,424
138336721,5.42533,5.43401,424,45906,0.336405,0.09,1,1813743,1813319,424
138339641,26.6851,1.0868,456,45952,0.331281,0.11,1,1813775,1813319,456
138342561,38.137,25.8174,465,45998,0.314256,0.05,1,1813816,1813351,465
138345481,30.0274,37.9635,452,46044,0.310851,0.11,1,1813844,1813392,452
138348401,34.0055,29.9927,459,46090,0.32617,0.07,1,1813879,1813420,459
138351321,30.8011,33.1985,455,46136,0.297234,0.17,1,1813909,1813454,455
138354241,54.1602,29.0397,487,46182,0.339447,0.19,1,1813969,1813482,487
138357161,44.432,53.0079,470,46228,0.363889,0.23,1,1814011,1813541,470
138360081,26.4864,41.8016,453,46274,0.368778,0.25,1,1814033,1813580,453
138363001,24.4973,25.9603,455,46320,0.369756,0.25,1,1814057,1813602,455
138365921,31.2995,22.7921,466,46366,0.385951,0.27,1,1814090,1813624,466
138368841,33.4599,30.1584,468,46411,0.40519,0.35,1,1814124,1813656,468
138371761,22.692,30.8317,457,46456,0.409038,0.33,1,1814144,1813687,457
138374681,15.7384,22.1663,451,46501,0.409808,0.33,1,1814158,1813707,451
138377601,19.1477,15.6333,457,46546,0.409962,0.37,1,1814178,1813721,457
138380521,5.42954,19.1267,439,46591,0.409992,0.33,1,1814180,1813741,439
138383441,26.6859,5.42533,469,46636,0.425998,0.33,1,1814212,1813743,469
138386361,37.3372,26.6851,477,46681,0.4292,0.31,1,1814252,1813775,477
138389281,30.6674,38.137,465,46726,0.46184,0.31,1,1814281,1813816,465
138392201,34.1335,30.0274,472,46771,0.452368,0.33,1,1814316,1813844,472
138395121,29.2267,34.0055,465,46816,0.450474,0.29,1,1814344,1813879,465
138398041,56.2453,30.8011,498,46861,0.498095,0.35,1,1814407,1813909,498
138400961,45.6491,54.1602,481,46906,0.539619,0.37,1,1814450,1813969,481
138403881,26.7298,44.432,461,46951,0.563924,0.37,1,1814472,1814011,461
138406801,24.546,26.4864,463,46996,0.600785,0.37,1,1814496,1814033,463
138409721,32.9092,24.4973,474,47041,0.608157,0.39,1,1814531,1814057,474
138412641,33.7818,31.2995,475,47086,0.609631,0.41,1,1814565,1814090,475
138415561,22.7564,33.4599,461,47131,0.625926,0.41,1,1814585,1814124,461
138418481,15.7513,22.692,455,47176,0.645185,0.41,1,1814599,1814144,455
138421401,19.9503,15.7384,462,47221,0.633037,0.41,1,1814620,1814158,462
138424321,5.59005,19.1477,444,47266,0.662607,0.41,1,1814622,1814178,444
138427241,26.718,5.42954,474,47311,0.636522,0.43,1,1814654,1814180,474
138430161,37.3436,26.6859,482,47356,0.631304,0.43,1,1814694,1814212,482
138433081,9.06872,37.3372,444,47401,0.630261,0.47,1,1814696,1814252,444
138436001,25.8137,30.6674,445,47445,0.630052,0.45,1,1814726,1814281,445
138438921,32.3627,34.1335,444,47489,0.67801,0.45,1,1814760,1814316,444
138441841,28.8725,29.2267,444,47533,0.687602,0.51,1,1814788,1814344,444
138444761,58.5745,56.2453,447,47577,0.68952,0.55,1,1814854,1814407,447
138447681,47.7149,45.6491,449,47621,0.673904,0.57,1,1814899,1814450,449
138450601,28.743,26.7298,451,47665,0.718781,0.61,1,1814923,1814472,451
138453521,26.5486,24.546,453,47709,0.759756,0.61,2,1814949,1814496,453
138456441,33.3097,32.9092,453,47753,0.783951,0.61,2,1814984,1814531,453
138459361,33.0619,33.7818,452,47797,0.77279,0.63,2,1815017,1814565,452
138462281,24.2124,22.7564,454,47841,0.786558,0.65,2,1815039,1814585,454
138465201,16.0425,15.7513,454,47885,0.789312,0.63,2,1815053,1814599,454
138468121,19.2085,19.9503,453,47929,0.821862,0.67,2,1815073,1814620,453
138471041,5.4417,5.59005,453,47973,0.828372,0.63,2,1815075,1814622,453
138473961,26.6883,26.718,453,48017,0.829675,0.63,2,1815107,1814654,453
138476881,37.3377,37.3436,453,48061,0.813935,0.63,2,1815147,1814694,453
138479801,9.06753,9.06872,453,48105,0.842787,0.63,2,1815149,1814696,453
138482721,25.8135,25.8137,453,48149,0.832557,0.69,2,1815179,1814726,453
138485641,33.1627,32.3627,454,48193,0.830511,0.69,2,1815214,1814760,454
138488561,29.0325,28.8725,454,48237,0.878102,0.69,2,1815242,1814788,454
138491481,60.2065,58.5745,456,48281,0.90362,0.67,2,1815310,1814854,456
138494401,47.2413,47.7149,455,48325,0.908724,0.73,2,1815354,1814899,455
138497321,31.0483,28.743,458,48369,0.877745,0.77,2,1815381,1814923,458
138500241,28.6097,26.5486,460,48413,0.919549,0.79,2,1815409,1814949,460
138929481,136,131,474,24820,0.29,0.91,1,1819812,1819338,474
138932401,80.8,55,505,24905,0.226,0.87,1,1819879,1819374,505
138935321,73.76,68.6,505,24990,0.2132,0.71,1,1819951,1819446,505
138938241,45.952,68.12,476,25075,0.17864,0.65,1,1819990,1819514,476
138941161,33.9904,42.424,471,25160,0.123728,0.59,1,1820021,1819550,471
138944081,31.5981,37.2848,466,25244,0.128746,0.51,1,1820052,1819586,466
138947001,31.1196,35.457,462,25328,0.177749,0.39,1,1820083,1819621,462
138949921,73.4239,51.0914,491,25412,0.15555,0.39,1,1820167,1819676,491
138952841,52.2848,69.4183,464,25495,0.18311,0.29,1,1820214,1819750,464
138955761,85.657,63.4837,496,25578,0.204622,0.21,1,1820308,1819812,496
138958681,76.3314,66.2967,503,25661,0.224924,0.21,1,1820382,1819879,503
138961601,44.8663,70.8593,468,25744,0.260985,0.17,1,1820419,1819951,468
138964521,32.1733,45.3719,458,25826,0.332197,0.11,1,1820448,1819990,458
138967441,32.0347,33.8744,459,25908,0.346439,0.13,1,1820480,1820021,459
138970361,31.2069,31.5749,459,25990,0.333288,0.19,1,1820511,1820052,459
138973281,73.4414,31.115,512,26072,0.362658,0.15,1,1820595,1820083,512
138976201,53.8883,73.423,477,26153,0.368532,0.19,1,1820644,1820167,477
138979121,86.7777,52.2846,525,26234,0.353706,0.21,1,1820739,1820214,525
138982041,77.3555,85.6569,506,26315,0.382741,0.23,1,1820814,1820308,506
138984961,46.6711,76.3314,471,26396,0.420548,0.27,1,1820853,1820382,471
138987881,34.1342,44.8663,465,26476,0.47611,0.35,1,1820884,1820419,465
138990801,32.4268,32.1733,468,26556,0.503222,0.35,1,1820916,1820448,468
138993721,32.8854,32.0347,469,26636,0.492644,0.33,1,1820949,1820480,469
138996641,74.5771,31.2069,523,26716,0.570529,0.37,1,1821034,1820511,523
138999561,54.1154,73.4414,488,26795,0.602106,0.37,1,1821083,1820595,488
139002481,86.0231,53.8883,533,26874,0.656421,0.35,1,1821177,1820644,533
139005401,18.8046,86.7777,440,26953,0.667284,0.39,1,1821179,1820739,440
139008321,64.5609,77.3555,441,27032,0.669457,0.43,1,1821255,1820814,441
139011241,45.7122,46.6711,443,27110,0.701891,0.49,1,1821296,1820853,443
139014161,37.1424,34.1342,447,27188,0.692378,0.51,1,1821331,1820884,447
139017081,33.0285,32.4268,447,27266,0.738476,0.49,1,1821363,1820916,447
139020001,32.2057,32.8854,446,27344,0.763695,0.59,2,1821395,1820949,446
139022921,78.4411,74.5771,451,27421,0.864739,0.61,2,1821485,1821034,451
139025841,55.6882,54.1154,452,27498,0.900948,0.67,2,1821535,1821083,452
139171841,37,48,485,31115,0.57,1,1,1824095,1823610,485
139174761,35.4,37.6,485,31183,0.458,1,1,1824130,1823645,485
139177681,39.88,33.92,493,31251,0.4196,1,1,1824171,1823678,493
139180601,34.376,35.584,490,31319,0.31592,1,1,1824204,1823714,490
139183521,26.8752,7.1168,515,31387,0.263184,1,1,1824229,1823714,515
139186441,27.775,28.6234,509,31454,0.172637,1,1,1824257,1823748,509
139189361,64.755,32.1247,550,31521,0.0745274,1,1,1824331,1823781,550
139192281,61.751,68.8249,533,31588,0.0229055,1,1,1824392,1823859,533
139195201,80.3502,68.165,550,31655,0.108581,0.71,1,1824477,1823927,550
139198121,40.87,89.633,486,31722,0.125716,0.63,1,1824508,1824022,486
139201041,34.574,46.7266,483,31789,0.129143,0.57,1,1824541,1824058,483
139203961,30.9148,38.9453,476,31856,0.145829,0.43,1,1824571,1824095,476
139206881,34.983,35.7891,477,31922,0.149166,0.41,1,1824607,1824130,477
139209801,29.3966,39.9578,464,31988,0.117833,0.29,1,1824635,1824171,464
139212721,25.0793,34.3916,455,32054,0.0795666,0.25,1,1824659,1824204,455
139215641,23.4159,26.8783,453,32120,0.151913,0.15,1,1824682,1824229,453
139218561,60.6832,27.7757,495,32186,0.118383,0.05,1,1824752,1824257,495
139221481,63.3366,64.7551,485,32252,0.0316765,0.01,1,1824816,1824331,485
139224401,81.4673,61.751,510,32318,0.126335,0.13,1,1824902,1824392,510
139227321,42.6935,80.3502,458,32383,0.161267,0.13,1,1824935,1824477,458
139230241,34.9387,40.87,460,32448,0.184253,0.13,1,1824968,1824508,460
139233161,31.7877,34.574,458,32513,0.204851,0.15,1,1824999,1824541,458
139236081,35.1575,30.9148,464,32578,0.20897,0.15,1,1825035,1824571,464
139239001,26.2315,34.983,452,32643,0.209794,0.11,1,1825059,1824607,452
139241921,26.0463,29.3966,450,32708,0.209959,0.07,1,1825085,1824635,450
139244841,6.80926,25.0793,428,32773,0.225992,0.17,1,1825087,1824659,428
139247761,21.3619,23.4159,430,32838,0.261198,0.11,1,1825112,1824682,430
139250681,56.2724,60.6832,425,32902,0.30024,0.01,1,1825177,1824752,425
139253601,60.8545,63.3366,423,32966,0.196048,0.15,1,1825239,1824816,423
139256521,85.7709,81.4673,429,33030,0.22321,0.17,1,1825331,1824902,429
139259441,44.3542,42.6935,430,33094,0.244642,0.19,1,1825365,1824935,430
139262361,36.0708,34.9387,431,33158,0.296928,0.21,1,1825399,1824968,431
139265281,32.8142,31.7877,432,33222,0.291386,0.21,1,1825431,1824999,432
139268201,35.3628,35.1575,432,33286,0.338277,0.21,1,1825467,1825035,432
139271121,26.2726,26.2315,432,33350,0.347655,0.21,1,1825491,1825059,432
139274041,27.6545,26.0463,434,33413,0.349531,0.23,1,1825519,1825085,434
139276961,7.1309,6.80926,434,33476,0.349906,0.27,1,1825521,1825087,434
139279881,22.2262,21.3619,435,33539,0.397981,0.31,1,1825547,1825112,435
139282801,56.4452,56.2724,435,33602,0.439596,0.17,1,1825612,1825177,435
139285721,55.289,60.8545,428,33665,0.399919,0.23,1,1825667,1825239,428
139288641,87.0578,85.7709,431,33728,0.359984,0.25,1,1825762,1825331,431
139291561,46.2116,44.3542,433,33791,0.399997,0.31,1,1825798,1825365,433
139294481,38.0423,36.0708,435,33854,0.423999,0.29,1,1825834,1825399,435
139297401,34.0085,32.8142,436,33916,0.4448,0.35,1,1825867,1825431,436
139300321,36.4017,35.3628,437,33978,0.40096,0.35,1,1825904,1825467,437
139303241,26.4803,26.2726,437,34040,0.392192,0.35,1,1825928,1825491,437
139306161,29.2961,27.6545,439,34102,0.422438,0.35,1,1825958,1825519,439
139309081,7.45921,7.1309,439,34164,0.428488,0.41,1,1825960,1825521,439
139312001,23.0918,22.2262,440,34226,0.413698,0.41,1,1825987,1825547,440
139314921,57.4184,4.44524,506,34288,0.42674,0.45,1,1826053,1825547,506
139317841,54.6837,52.889,495,34350,0.429348,0.39,1,1826107,1825612,495
139320761,85.3367,54.5778,533,34412,0.46187,0.35,1,1826200,1825667,533
139323681,48.2673,86.9156,477,34473,0.500374,0.41,1,1826239,1825762,477
139326601,39.2535,46.1831,478,34534,0.588075,0.43,1,1826276,1825798,478
139329521,33.4507,38.0366,474,34595,0.605615,0.45,1,1826308,1825834,474
139332441,35.4901,34.0073,477,34656,0.673123,0.39,1,1826344,1825867,477
139335361,26.298,36.4015,464,34717,0.686625,0.39,1,1826368,1825904,464
139338281,29.2596,26.4803,470,34778,0.705325,0.43,1,1826398,1825928,470
139341201,7.45192,29.2961,442,34839,0.709065,0.43,1,1826400,1825958,442
139344121,23.0904,7.45921,467,34900,0.693813,0.41,1,1826427,1825960,467
139347041,59.0181,23.0918,508,34961,0.674763,0.43,1,1826495,1825987,508
139349961,55.0036,57.4184,496,35021,0.686953,0.43,1,1826549,1826053,496
139352881,87.8007,54.6837,538,35081,0.75339,0.47,2,1826645,1826107,538
139355801,50.3601,85.3367,486,35141,0.782678,0.51,2,1826686,1826200,486
139358721,42.872,48.2673,488,35201,0.804536,0.61,2,1826727,1826239,488
139361641,34.1744,39.2535,483,35261,0.824907,0.61,2,1826759,1826276,483
139364561,38.8349,33.4507,491,35321,0.812981,0.69,2,1826799,1826308,491
139367481,27.767,35.4901,480,35381,0.826596,0.69,2,1826824,1826344,480
139370401,29.5534,26.298,486,35441,0.829319,0.71,2,1826854,1826368,486
139373321,7.51068,29.2596,458,35501,0.829864,0.71,2,1826856,1826398,458
139376241,22.3021,7.45192,482,35561,0.829973,0.69,2,1826882,1826400,482
139379161,58.0604,23.0904,522,35620,0.861995,0.67,2,1826949,1826427,522
139382081,55.6121,59.0181,509,35679,0.900399,0.69,2,1827004,1826495,509
139385001,12.7224,55.0036,457,35738,0.90808,0.77,2,1827006,1826549,457
139387921,81.7445,87.8007,460,35797,0.941616,0.79,2,1827105,1826645,460
139545601,28,22,501,38857,0.67,1,1,1829212,1828711,501
139548521,26.4,28.4,497,38911,0.718,1,1,1829238,1828741,497
139551441,34.08,37.68,493,38965,0.6476,1,1,1829274,1828781,493
139554361,28.416,26.736,496,39019,0.60152,1,1,1829301,1828805,496
139557281,33.6832,29.3472,501,39073,0.544304,1,1,1829336,1828835,501
139560201,39.5366,52.2694,484,39127,0.548861,0.98,1,1829377,1828893,484
139563121,35.9073,36.8539,486,39181,0.501772,1,1,1829412,1828926,486
139566041,53.5815,61.7708,476,39235,0.460354,0.98,1,1829470,1828994,476
139568961,44.3163,49.9542,471,39289,0.356071,0.91,1,1829512,1829041,471
139571881,30.4633,33.9908,468,39343,0.335214,0.86,1,1829539,1829071,468
139574801,31.6927,36.3982,463,39397,0.331043,0.88,1,1829571,1829108,463
139577721,28.7385,30.4796,462,39451,0.298209,0.75,1,1829599,1829137,462
139580641,39.3477,43.6959,457,39505,0.243642,0.67,1,1829641,1829184,457
139583561,29.4695,31.1392,456,39558,0.232728,0.73,1,1829668,1829212,456
139586481,23.4939,27.0278,452,39611,0.230546,0.63,1,1829690,1829238,452
139589401,32.6988,34.2056,451,39664,0.166109,0.59,1,1829725,1829274,451
139592321,31.3398,28.4411,455,39717,0.137222,0.53,1,1829756,1829301,455
139595241,31.868,33.6882,452,39770,0.147444,0.55,1,1829788,1829336,452
139598161,35.1736,39.5376,447,39823,0.197489,0.49,1,1829824,1829377,447
139601081,35.0347,35.9075,447,39876,0.159498,0.45,1,1829859,1829412,447
139604001,48.6069,53.5815,441,39929,0.1999,0.33,1,1829911,1829470,441
139606921,40.1214,44.3163,437,39982,0.25598,0.33,1,1829949,1829512,437
139609841,28.8243,30.4633,436,40035,0.203196,0.33,1,1829975,1829539,436
139612761,30.5649,31.6927,435,40088,0.256639,0.33,1,1830006,1829571,435
139615681,27.713,6.33853,462,40141,0.187328,0.29,1,1830033,1829571,462
139618601,38.3426,23.6677,475,40194,0.189466,0.23,1,1830074,1829599,475
139621521,26.8685,38.3335,457,40247,0.189893,0.23,1,1830098,1829641,457
139624441,20.5737,29.2667,449,40299,0.205979,0.23,1,1830117,1829668,449
139627361,32.1147,23.4533,462,40351,0.225196,0.15,1,1830152,1829690,462
139630281,30.4229,32.6907,457,40403,0.197039,0.13,1,1830182,1829725,457
139633201,33.2846,31.3381,460,40455,0.239408,0.15,1,1830216,1829756,460
139636121,36.2569,31.8676,465,40507,0.263882,0.21,1,1830253,1829788,465
139639041,36.8514,35.1735,466,40559,0.300776,0.15,1,1830290,1829824,466
139641961,48.1703,35.0347,482,40611,0.372155,0.21,1,1830341,1829859,482
139644881,40.0341,48.6069,468,40663,0.370431,0.27,1,1830379,1829911,468
139647801,29.6068,40.1214,457,40715,0.370086,0.19,1,1830406,1829949,457
139650721,29.9214,28.8243,461,40767,0.370017,0.27,1,1830436,1829975,461
139653641,26.7843,30.5649,456,40819,0.370003,0.17,1,1830462,1830006,456
139656561,40.5569,27.713,473,40871,0.386001,0.19,1,1830506,1830033,473
139659481,25.7114,38.3426,454,40923,0.4372,0.19,1,1830528,1830074,454
139662401,21.1423,26.8685,450,40975,0.44744,0.21,1,1830548,1830098,450
139665321,33.0285,20.5737,467,41027,0.465488,0.23,1,1830584,1830117,467
139668241,31.4057,32.1147,463,41078,0.517098,0.19,1,1830615,1830152,463
139671161,33.4811,30.4229,467,41129,0.54342,0.25,1,1830649,1830182,467
139674081,37.8962,33.2846,472,41180,0.548684,0.27,1,1830688,1830216,472
139677001,39.5792,36.2569,475,41231,0.517737,0.31,1,1830728,1830253,475
139679921,48.7158,36.8514,489,41282,0.559547,0.39,1,1830779,1830290,489
139682841,41.7432,48.1703,478,41333,0.61591,0.37,1,1830819,1830341,478
139685761,29.1486,40.0341,466,41384,0.595182,0.37,1,1830845,1830379,466
139688681,29.8297,29.6068,469,41435,0.591036,0.37,1,1830875,1830406,469
139691601,27.5659,29.9214,466,41486,0.574207,0.37,1,1830902,1830436,466
139694521,41.5132,26.7843,485,41537,0.586841,0.39,1,1830947,1830462,485
139697441,9.90264,40.5569,443,41588,0.589368,0.45,1,1830949,1830506,443
139700361,20.3805,25.7114,444,41639,0.653874,0.45,1,1830972,1830528,444
139703281,20.8761,21.1423,445,41690,0.650775,0.47,1,1830993,1830548,445
139706201,34.5752,33.0285,447,41741,0.650155,0.53,1,1831031,1830584,447
139709121,32.515,31.4057,448,41792,0.650031,0.55,1,1831063,1830615,448
139712041,34.503,33.4811,449,41843,0.650006,0.55,1,1831098,1830649,449
139714961,38.1006,37.8962,449,41893,0.682001,0.51,1,1831137,1830688,449
139717881,39.6201,39.5792,449,41943,0.6884,0.57,1,1831177,1830728,449
139720801,49.524,48.7158,450,41993,0.70568,0.63,1,1831229,1830779,450
139723721,42.7048,41.7432,451,42043,0.741136,0.59,1,1831270,1830819,451
139726641,29.341,29.1486,451,42093,0.796227,0.59,2,1831296,1830845,451
139729561,29.8682,29.8297,451,42143,0.823245,0.57,2,1831326,1830875,451
139732481,28.3736,27.5659,452,42193,0.812649,0.59,2,1831354,1830902,452
139735401,42.4747,41.5132,453,42243,0.81053,0.59,2,1831400,1830947,453
139738321,10.0949,9.90264,453,42293,0.810106,0.67,2,1831402,1830949,453
139741241,20.419,20.3805,453,42343,0.858021,0.65,2,1831425,1830972,453
139744161,21.6838,20.8761,454,42393,0.867604,0.65,2,1831447,1830993,454
139747081,34.7368,34.5752,454,42443,0.917521,0.65,2,1831485,1831031,454
139750001,33.3474,32.515,455,42493,0.943504,0.65,2,1831518,1831063,455
139752921,33.8695,34.503,454,42543,0.916701,0.69,2,1831552,1831098,454
139755841,39.5739,38.1006,456,42593,0.92734,0.69,2,1831593,1831137,456
139758761,39.1148,39.6201,455,42643,0.929468,0.71,2,1831632,1831177,455
139961701,492,555,457,20440,0.05,0.49,1,1833919,1833462,457
139964621,178.4,163,492,20544,0.066,0.21,1,1834019,1833527,492
139967541,96.48,120.6,458,20647,0.0852,0.09,1,1834095,1833637,458
139970461,60.096,78.52,441,20750,0.12104,0.03,1,1834146,1833705,441
139973381,80.8192,77.304,450,20852,0.024208,0.03,1,1834232,1833782,450
139976301,64.1638,65.0608,448,20954,0.0128416,0.05,1,1834292,1833844,448
139979221,28.0328,48.2122,423,21055,0.0745683,0.03,1,1834311,1833888,423
139982141,29.6066,24.0424,435,21156,0.0549137,0.07,1,1834341,1833906,435
139985061,86.7213,95.2085,423,21256,0.0829827,0.09,1,1834442,1834019,423
139987981,80.5443,79.8417,426,21356,0.0725965,0.13,1,1834521,1834095,426
139990901,56.9089,56.7683,426,21455,0.134519,0,1,1834572,1834146,426
139993821,76.9818,80.1537,422,21554,0.130904,0.01,1,1834654,1834232,422
139996741,65.7964,64.0307,425,21652,0.130181,0.09,1,1834717,1834292,425
139999661,29.1593,28.0061,426,21750,0.130036,0.05,1,1834737,1834311,426
140002581,27.4319,29.6012,423,21848,0.114007,0.09,1,1834764,1834341,423
140005501,87.8864,86.7202,425,21945,0.158801,0.07,1,1834867,1834442,425
140008421,79.1773,80.544,423,22042,0.21576,0.15,1,1834944,1834521,423
140011341,59.8355,56.9088,427,22138,0.195152,0.13,1,1834999,1834572,427
140014261,76.7671,76.9818,426,22234,0.20703,0.13,1,1835080,1834654,426
140017181,65.7534,65.7964,426,22329,0.241406,0.13,1,1835143,1834717,426
140020101,29.1507,29.1593,426,22424,0.296281,0.11,1,1835163,1834737,426
140023021,26.6301,27.4319,425,22519,0.291256,0.11,1,1835189,1834764,425
140025941,90.926,5.48637,532,22613,0.338251,0.17,1,1835296,1834764,532
140028861,80.5852,83.4973,507,22707,0.37965,0.23,1,1835374,1834867,507
140031781,60.117,78.2995,485,22800,0.38793,0.19,1,1835429,1834944,485
140034701,77.6234,59.6599,512,22893,0.389586,0.21,1,1835511,1834999,512
140037621,67.5247,76.732,496,22986,0.421917,0.25,1,1835576,1835080,496
140040541,30.3049,65.7464,454,23078,0.412383,0.31,1,1835597,1835143,454
140043461,27.661,29.1493,461,23170,0.442477,0.29,1,1835624,1835163,461
140046381,93.5322,26.6299,545,23261,0.480495,0.35,1,1835734,1835189,545
140049301,83.5064,90.926,519,23352,0.440099,0.39,1,1835815,1835296,519
140052221,59.9013,80.5852,495,23443,0.46402,0.39,1,1835869,1835374,495
140055141,77.5803,60.117,522,23533,0.468804,0.39,1,1835951,1835429,522
140058061,69.1161,77.6234,507,23623,0.517761,0.43,1,1836018,1835511,507
140060981,30.6232,67.5247,463,23713,0.511552,0.41,1,1836039,1835576,463
140063901,28.5246,30.3049,470,23802,0.57431,0.45,1,1836067,1835597,470
140066821,95.3049,27.661,555,23891,0.650862,0.49,1,1836179,1835624,555
140069741,81.461,93.5322,523,23980,0.682172,0.43,1,1836257,1835734,523
140072661,17.8922,83.5064,444,24068,0.688434,0.47,1,1836259,1835815,444
140075581,47.5784,59.9013,445,24156,0.737687,0.47,1,1836314,1835869,445
140078501,75.1157,77.5803,445,24244,0.795537,0.53,2,1836396,1835951,445
140081421,71.0231,69.1161,448,24331,0.839107,0.51,2,1836466,1836018,448
140084341,31.8046,30.6232,449,24418,0.847821,0.59,2,1836488,1836039,449
140087261,31.1609,28.5246,452,24505,0.849564,0.67,2,1836519,1836067,452
140090181,98.2322,95.3049,455,24591,0.897913,0.69,2,1836634,1836179,455
140093101,82.8464,81.461,456,24677,0.939583,0.69,2,1836713,1836257,456
140096021,18.1693,17.8922,456,24763,0.915917,0.75,2,1836715,1836259,456
140098941,48.4339,47.5784,457,24849,0.927183,0.81,2,1836771,1836314,457
140198221,73,95,482,27599,0.67,1,1,1838756,1838274,482
140201141,41.8,47,481,27676,0.59,1,1,1838790,1838309,481
140204061,59.56,47,498,27753,0.462,1,1,1838854,1838356,498
140206981,36.712,31.8,501,27829,0.3404,1,1,1838885,1838384,501
140209901,27.3424,25.56,502,27905,0.28408,1,1,1838910,1838408,502
140212821,85.4685,101.912,481,27981,0.056816,1,1,1839010,1838529,481
140215741,83.4937,86.7824,481,28057,0.0833632,0.91,1,1839093,1838612,481
140218661,35.8987,46.1565,469,28132,0.120673,0.84,1,1839117,1838648,469
140221581,31.9797,37.2313,465,28207,0.0801345,0.67,1,1839148,1838683,465
140224501,55.996,65.8463,454,28282,0.0400269,0.57,1,1839210,1838756,454
140227421,36.7992,40.3693,452,28357,0.0800054,0.57,1,1839242,1838790,452
140230341,49.7598,8.07385,505,28432,0.0720011,0.43,1,1839295,1838790,505
140233261,30.752,52.8148,467,28506,0.0864002,0.31,1,1839321,1838854,467
140236181,22.1504,35.363,456,28580,0.05728,0.27,1,1839341,1838885,456
140239101,79.6301,27.0726,525,28654,0.035456,0,1,1839435,1838910,525
140242021,82.326,85.4145,508,28728,0.0470912,0.09,1,1839518,1839010,508
140244941,34.8652,83.4829,448,28802,0.0814182,0.13,1,1839541,1839093,448
140247861,31.773,35.8966,455,28876,0.0882837,0.07,1,1839572,1839117,455
140250781,54.3546,31.9793,484,28949,0.105657,0.03,1,1839632,1839148,484
140253701,38.0709,55.9959,456,29022,0.109131,0.09,1,1839666,1839210,456
140256621,50.0142,36.7992,477,29095,0.125826,0.07,1,1839719,1839242,477
140259541,30.0028,49.7598,449,29168,0.113165,0.09,1,1839744,1839295,449
140262461,22.8006,30.752,444,29241,0.142633,0.05,1,1839765,1839321,444
140265381,78.1601,22.1504,516,29313,0.116527,0.03,1,1839857,1839341,516
140268301,82.832,79.6301,506,29385,0.0633053,0.05,1,1839941,1839435,506
140271221,36.5664,82.326,448,29457,0.0846611,0.09,1,1839966,1839518,448
140274141,32.1133,34.8652,456,29529,0.120932,0.09,1,1839997,1839541,456
140277061,55.2227,31.773,486,29601,0.176186,0.11,1,1840058,1839572,486
140279981,38.2445,54.3546,460,29673,0.203237,0.11,1,1840092,1839632,460
140282901,50.8489,38.0709,480,29744,0.224647,0.13,1,1840146,1839666,480
140285821,29.3698,50.0142,451,29815,0.228929,0.11,1,1840170,1839719,451
140288741,7.47396,30.0028,428,29886,0.229786,0.15,1,1840172,1839744,428
140291661,17.4948,22.8006,427,29957,0.293957,0.11,1,1840192,1839765,427
140294581,75.499,78.1601,425,30028,0.354791,0.05,1,1840282,1839857,425
140297501,82.2998,82.832,425,30098,0.254958,0.09,1,1840366,1839941,425
140300421,38.06,36.5664,427,30168,0.218992,0.13,1,1840393,1839966,427
140303341,33.212,32.1133,428,30238,0.227798,0.19,1,1840425,1839997,428
140306261,58.6424,55.2227,432,30308,0.26156,0.21,1,1840490,1840058,432
140309181,38.9285,38.2445,432,30378,0.284312,0.23,1,1840524,1840092,432
140312101,51.7857,50.8489,433,30448,0.288862,0.23,1,1840579,1840146,433
140315021,29.5571,29.3698,433,30518,0.289772,0.23,1,1840603,1840170,433
140317941,7.51143,7.47396,433,30587,0.289955,0.31,1,1840605,1840172,433
140320861,19.1023,17.4948,435,30656,0.289991,0.37,1,1840627,1840192,435
140323781,78.2205,75.499,438,30725,0.321998,0.23,1,1840720,1840282,438
140326701,77.2441,82.2998,431,30794,0.3764,0.21,1,1840797,1840366,431
140329621,37.8488,38.06,432,30863,0.37128,0.23,1,1840825,1840393,432
140332541,33.9698,33.212,433,30932,0.386256,0.27,1,1840858,1840425,433
140335461,58.794,58.6424,433,31000,0.421251,0.29,1,1840923,1840490,433
140338381,40.5588,38.9285,435,31068,0.46025,0.29,1,1840959,1840524,435
140341301,51.3118,51.7857,434,31136,0.45205,0.29,1,1841013,1840579,434
140344221,29.4624,29.5571,434,31204,0.48241,0.29,1,1841037,1840603,434
140347141,7.49247,7.51143,434,31272,0.456482,0.29,1,1841039,1840605,434
140350061,20.6985,19.1023,436,31340,0.451296,0.29,1,1841063,1840627,436
140352981,79.3397,3.82046,530,31408,0.546259,0.33,1,1841157,1840627,530
140355901,78.2679,75.1641,515,31475,0.581252,0.39,1,1841235,1840720,515
140358821,40.4536,76.6328,469,31542,0.58825,0.37,1,1841266,1840797,469
140361741,33.6907,37.7266,473,31609,0.58965,0.39,1,1841298,1840825,473
140364661,60.3381,33.9453,507,31676,0.58993,0.43,1,1841365,1840858,507
140367581,40.8676,58.7891,478,31743,0.621986,0.47,1,1841401,1840923,478
140370501,52.1735,40.5578,497,31810,0.660397,0.45,1,1841456,1840959,497
140373421,29.6347,51.3116,467,31877,0.668079,0.49,1,1841480,1841013,467
140376341,7.52694,29.4623,445,31943,0.669616,0.45,1,1841482,1841037,445
140379261,20.7054,7.49246,467,32009,0.669923,0.45,1,1841506,1841039,467
140382181,84.1411,20.6985,543,32075,0.653985,0.57,1,1841606,1841063,543
140385101,80.0282,79.3397,528,32141,0.650797,0.59,1,1841685,1841157,528
140388021,40.8056,78.2679,481,32207,0.666159,0.59,1,1841716,1841235,481
140390941,33.7611,40.4536,482,32273,0.669232,0.59,1,1841748,1841266,482
140393861,60.3522,33.6907,517,32339,0.733846,0.59,1,1841815,1841298,517
140396781,42.4704,60.3381,488,32404,0.746769,0.63,1,1841853,1841365,488
140399701,54.0941,40.8676,509,32469,0.797354,0.67,2,1841910,1841401,509
140402621,30.0188,52.1735,478,32534,0.823471,0.67,2,1841934,1841456,478
140405541,7.60376,29.6347,456,32599,0.828694,0.67,2,1841936,1841480,456
140408461,21.5208,7.52694,479,32664,0.845739,0.67,2,1841961,1841482,479
140411381,82.7042,20.7054,553,32729,0.881148,0.65,2,1842059,1841506,553
140414301,18.1408,84.1411,455,32794,0.88823,0.65,2,1842061,1841606,455
140703381,19,31,507,38658,0.63,1,1,1846151,1845644,507
140706301,41.4,58.2,489,38713,0.534,1,1,1846198,1845709,489
140709221,49.08,53.24,488,38768,0.4348,1,1,1846249,1845761,488
140712141,46.616,35.448,503,38822,0.28696,1,1,1846295,1845792,503
140715061,39.7232,35.8896,505,38876,0.193392,1,1,1846333,1845828,505
140717981,27.9446,36.7779,493,38930,0.190678,0.84,1,1846358,1845865,493
140720901,31.9889,44.9556,479,38984,0.142136,1,1,1846391,1845912,479
140723821,38.3978,39.3911,481,39038,0.0364271,0.91,1,1846431,1845950,481
140726741,27.6796,35.8782,471,39092,0.0792854,0.99,1,1846456,1845985,471
140729661,41.5359,47.9756,465,39146,0.0398571,0.99,1,1846501,1846036,465
140732581,36.3072,35.1951,468,39200,0.0959714,0.87,1,1846536,1846068,468
140735501,32.0614,35.839,463,39254,0.139194,0.71,1,1846567,1846104,463
140738421,25.6123,29.5678,459,39308,0.0838389,0.63,1,1846591,1846132,459
140741341,14.7225,21.1136,452,39362,0.0727678,0.51,1,1846603,1846151,452
140744261,37.3445,41.8227,448,39416,0.0865536,0.41,1,1846646,1846198,448
140747181,40.2689,49.1645,438,39470,0.121311,0.25,1,1846687,1846249,438
140750101,42.4538,46.6329,435,39524,0.144262,0.17,1,1846730,1846295,435
140753021,37.2908,39.7266,433,39577,0.116852,0.19,1,1846766,1846333,433
140755941,25.8582,27.9453,431,39630,0.19137,0.13,1,1846789,1846358,431
140758861,27.5716,31.9891,426,39683,0.158274,0.01,1,1846817,1846391,426
140761781,37.5143,38.3978,426,39736,0.199655,0.09,1,1846857,1846431,426
140764701,25.9029,27.6796,424,39789,0.191931,0.03,1,1846880,1846456,424
140767621,39.5806,41.5359,422,39842,0.174386,0.11,1,1846923,1846501,422
140770541,39.9161,36.3072,427,39895,0.170877,0.15,1,1846963,1846536,427
140773461,32.7832,32.0614,427,39948,0.186175,0.07,1,1846994,1846567,427
140776381,24.1566,25.6123,425,40001,0.205235,0.07,1,1847016,1846591,425
140779301,12.8313,14.7225,423,40054,0.209047,0.09,1,1847026,1846603,423
140782221,39.3663,37.3445,426,40107,0.241809,0.09,1,1847072,1846646,426
140785141,39.8733,7.4689,466,40160,0.296362,0.13,1,1847112,1846646,466
140788061,43.1747,34.2938,469,40213,0.307272,0.15,1,1847156,1846687,469
140790981,37.4349,41.2588,462,40266,0.309454,0.11,1,1847192,1846730,462
140793901,28.287,37.0518,452,40318,0.325891,0.21,1,1847218,1846766,452
140796821,27.2574,25.8103,456,40370,0.329178,0.15,1,1847245,1846789,456
140799741,39.8515,27.5621,471,40422,0.329836,0.21,1,1847288,1846817,471
140802661,25.5703,37.5124,453,40474,0.329967,0.19,1,1847310,1846857,453
140805581,35.5141,25.9025,468,40526,0.329993,0.17,1,1847348,1846880,468
140808501,43.9028,39.5805,471,40578,0.297999,0.17,1,1847394,1846923,471
140811421,33.5806,39.9161,462,40630,0.2916,0.19,1,1847425,1846963,462
140814341,24.3161,32.7832,453,40682,0.30632,0.21,1,1847447,1846994,453
140817261,12.8632,24.1566,441,40734,0.309264,0.21,1,1847457,1847016,441
140820181,41.7726,12.8313,480,40786,0.325853,0.25,1,1847506,1847026,480
140823101,41.9545,39.3663,476,40838,0.329171,0.31,1,1847548,1847072,476
140826021,43.5909,39.8733,480,40890,0.361834,0.31,1,1847592,1847112,480
140828941,37.5182,43.1747,472,40942,0.368367,0.31,1,1847628,1847156,472
140831861,29.1036,37.4349,463,40994,0.353673,0.33,1,1847655,1847192,463
140834781,27.4207,28.287,464,41045,0.334735,0.33,1,1847682,1847218,464
140837701,39.8841,27.2574,480,41096,0.330947,0.33,1,1847725,1847245,480
140840621,25.5768,39.8515,459,41147,0.330189,0.33,1,1847747,1847288,459
140843541,35.5154,25.5703,475,41198,0.330038,0.33,1,1847785,1847310,475
140846461,42.3031,35.5141,481,41249,0.346008,0.29,1,1847829,1847348,481
140849381,34.0606,43.9028,467,41300,0.429202,0.29,1,1847861,1847394,467
140852301,24.4121,33.5806,458,41351,0.41384,0.31,1,1847883,1847425,458
140855221,12.8824,24.3161,446,41402,0.410768,0.31,1,1847893,1847447,446
140858141,42.5765,12.8632,486,41453,0.474154,0.33,1,1847943,1847457,486
140861061,42.1153,41.7726,479,41504,0.502831,0.33,1,1847985,1847506,479
140863981,10.0231,41.9545,439,41555,0.508566,0.37,1,1847987,1847548,439
140866901,38.0046,43.5909,440,41606,0.541713,0.37,1,1848032,1847592,440
140869821,36.4009,37.5182,440,41657,0.596343,0.35,1,1848068,1847628,440
140872741,28.0802,29.1036,439,41708,0.575269,0.33,1,1848094,1847655,439
140875661,27.216,27.4207,439,41759,0.587054,0.33,1,1848121,1847682,439
140878581,39.0432,39.8841,438,41810,0.637411,0.33,1,1848163,1847725,438
140881501,25.4086,25.5768,438,41860,0.663482,0.33,1,1848185,1847747,438
140884421,35.4817,35.5154,438,41910,0.668696,0.35,1,1848223,1847785,438
140887341,43.0963,42.3031,439,41960,0.701739,0.45,1,1848268,1847829,439
140890261,36.6193,34.0606,442,42010,0.724348,0.41,1,1848303,1847861,442
140893181,24.9239,24.4121,442,42060,0.69687,0.41,1,1848325,1847883,442
140896101,12.9848,12.8824,442,42110,0.691374,0.49,1,1848335,1847893,442
140899021,45.797,42.5765,446,42160,0.770275,0.51,2,1848389,1847943,446
140901941,44.3594,42.1153,448,42210,0.786055,0.51,2,1848433,1847985,448
140904861,10.4719,10.0231,448,42260,0.789211,0.55,2,1848435,1847987,448
140907781,38.8944,38.0046,449,42310,0.837842,0.61,2,1848481,1848032,449
140910701,37.3789,36.4009,450,42360,0.879568,0.57,2,1848518,1848068,450
140913621,28.2758,28.0802,450,42410,0.887914,0.59,2,1848544,1848094,450
140916541,28.0552,27.216,451,42460,0.857583,0.65,2,1848572,1848121,451
140919461,40.011,39.0432,452,42510,0.883517,0.67,2,1848615,1848163,452
140922381,26.4022,25.4086,453,42560,0.904703,0.67,2,1848638,1848185,453
140925301,35.6804,35.4817,453,42610,0.908941,0.71,2,1848676,1848223,453
140928221,44.7361,43.0963,455,42660,0.925788,0.73,2,1848723,1848268,455
140931141,37.7472,36.6193,456,42709,0.929158,0.69,2,1848759,1848303,456
140934061,25.1494,24.9239,456,42758,0.929832,0.69,2,1848781,1848325,456
141132621,26,0,536,45992,0.71,1,1,1851023,1850487,536
141134081,29.2,27.2,532,46038,0.63,1,1,1851053,1850521,532
141182261,389.04,459.84,443,20440,0.182,0.25,1,1851532,1851089,443
141185181,152.208,151.968,461,21270,0.0444,0.03,1,1851625,1851164,461
141188101,97.6416,100.794,457,21370,0.01688,0.05,1,1851709,1851252,457
141191021,64.3283,61.7587,461,21469,0.043376,0.07,1,1851765,1851304,461
141193941,58.4657,64.3517,453,21568,0.0326752,0.03,1,1851822,1851369,453
141196861,71.6931,59.2703,470,21666,0.046535,0.05,1,1851897,1851427,470
141199781,37.5386,69.4541,427,21764,0.049307,0.11,1,1851926,1851499,427
141202701,32.3077,29.8908,438,21861,0.0498614,0.01,1,1851957,1851519,438
141205621,79.2615,90.7782,423,21958,0.113972,0.01,1,1852048,1851625,423
141208541,83.0523,85.3556,423,22055,0.110794,0.05,1,1852132,1851709,423
141211461,63.0105,61.8711,425,22151,0.0461589,0.03,1,1852190,1851765,425
141214381,56.6021,57.9742,423,22247,0.0492318,0.05,1,1852245,1851822,423
141217301,71.3204,71.5948,423,22342,0.113846,0.05,1,1852320,1851897,423
141220221,38.2641,37.519,424,22437,0.0627693,0.05,1,1852350,1851926,424
141223141,33.2528,32.3038,425,22532,0.100554,0.05,1,1852382,1851957,425
141226061,81.8506,6.46076,519,22626,0.156111,0.13,1,1852476,1851957,519
141228981,80.3701,74.0922,508,22720,0.199222,0.11,1,1852556,1852048,508
141231901,60.874,82.0184,480,22813,0.207844,0.03,1,1852612,1852132,480
141234821,55.3748,62.8037,476,22906,0.225569,0.05,1,1852666,1852190,476
141237741,74.275,56.5607,500,22999,0.213114,0.13,1,1852745,1852245,500
141240661,37.255,71.3121,453,23091,0.210623,0.05,1,1852773,1852320,453
141243581,33.851,38.2624,456,23183,0.210125,0.11,1,1852806,1852350,456
141246501,85.9702,33.2525,523,23274,0.306025,0.17,1,1852905,1852382,523
141249421,82.794,81.8505,511,23365,0.341205,0.21,1,1852987,1852476,511
141252341,61.3588,80.3701,487,23456,0.396241,0.21,1,1853043,1852556,487
141255261,56.2718,60.874,486,23546,0.407248,0.23,1,1853098,1852612,486
141258181,73.6544,55.3748,510,23636,0.44145,0.21,1,1853176,1852666,510
141261101,37.1309,74.275,459,23726,0.46429,0.21,1,1853204,1852745,459
141264021,33.8262,37.255,464,23815,0.468858,0.21,1,1853237,1852773,464
141266941,90.7652,33.851,536,23904,0.453772,0.33,1,1853342,1852806,536
141269861,19.753,85.9702,439,23993,0.450754,0.35,1,1853344,1852905,439
141272781,70.3506,82.794,440,24081,0.498151,0.41,1,1853427,1852987,440
141275701,60.4701,61.3588,442,24169,0.47563,0.41,1,1853485,1853043,442
141278621,56.094,56.2718,442,24257,0.423126,0.45,1,1853540,1853098,442
141281541,75.2188,73.6544,444,24344,0.428625,0.47,1,1853620,1853176,444
141284461,39.0438,37.1309,446,24431,0.461725,0.47,1,1853650,1853204,446
141287381,34.2088,33.8262,446,24518,0.484345,0.45,1,1853683,1853237,446
141290301,90.0418,90.7652,445,24604,0.568869,0.45,1,1853787,1853342,445
141293221,19.6083,19.753,445,24690,0.585774,0.51,1,1853789,1853344,445
141296141,70.3217,70.3506,445,24776,0.653155,0.47,1,1853872,1853427,445
141299061,58.8643,60.4701,443,24862,0.682631,0.41,1,1853928,1853485,443
141301981,54.9729,56.094,442,24947,0.736526,0.43,1,1853982,1853540,442
141304901,76.5946,75.2188,444,25032,0.763305,0.47,2,1854064,1853620,444
141307821,40.1189,39.0438,445,25117,0.720661,0.49,1,1854095,1853650,445
141310741,35.2238,34.2088,446,25201,0.712132,0.59,1,1854129,1853683,446
141313661,94.2448,90.0418,451,25285,0.790426,0.59,2,1854238,1853787,451
141316581,20.449,19.6083,451,25369,0.806085,0.67,2,1854240,1853789,451
141319501,72.0898,70.3217,453,25453,0.921217,0.67,2,1854325,1853872,453
141322421,60.018,14.0643,510,25536,0.896243,0.69,2,1854382,1853872,510
141450901,66,81,524,28959,0.83,1,2,1856825,1856301,524
141453821,43.6,47.4,523,29032,0.83,1,2,1856863,1856340,523
141456741,35.12,39.88,518,29105,0.766,1,2,1856896,1856378,518
141459661,38.224,38.376,519,29178,0.6412,1,1,1856935,1856416,519
141462581,35.6448,41.2752,512,29251,0.52024,1,1,1856970,1856458,512
141465501,104.729,41.855,592,29323,0.320048,1,1,1857092,1856500,592
141468421,47.3458,104.371,505,29395,0.16801,1,1,1857125,1856620,505
141471341,50.2692,50.4742,519,29467,0.0576019,0.9,1,1857176,1856657,519
141474261,46.8538,49.2948,516,29539,0.0355204,0.91,1,1857222,1856706,516
141477181,58.1708,52.259,524,29611,0.0471041,0.83,1,1857283,1856759,524
141480101,43.6342,63.2518,498,29682,0.0174208,0.83,1,1857323,1856825,498
141483021,32.7268,43.0504,490,29753,0.0114842,0.75,1,1857353,1856863,490
141485941,31.3454,35.0101,488,29824,0.0422968,0.61,1,1857384,1856896,488
141488861,7.86907,38.202,451,29895,0.0484594,0.49,1,1857386,1856935,451
141491781,20.7738,35.6404,440,29966,0.0976919,0.27,1,1857410,1856970,440
141494701,97.7548,104.728,435,30037,0.0275384,0.13,1,1857527,1857092,435
141497621,41.151,47.3456,429,30107,0.0935077,0.03,1,1857554,1857125,429
141500541,43.4302,50.2691,422,30177,0.0267015,0.03,1,1857598,1857176,422
141503461,47.086,46.8538,424,30247,0.0293403,0.05,1,1857646,1857222,424
141506381,57.4172,58.1708,423,30317,0.109868,0.01,1,1857706,1857283,423
141509301,42.6834,43.6342,422,30387,0.0619736,0.01,1,1857745,1857323,422
141512221,33.3367,32.7268,423,30457,0.0683947,0.05,1,1857776,1857353,423
141515141,33.0673,31.3454,425,30526,0.101679,0.05,1,1857809,1857384,425
141518061,8.21347,7.86907,425,30595,0.108336,0.11,1,1857811,1857386,425
141520981,20.8427,20.7738,425,30664,0.125667,0.01,1,1857835,1857410,425
141523901,95.3685,97.7548,422,30733,0.0971334,0.11,1,1857949,1857527,422
141526821,43.0737,41.151,425,30802,0.139427,0.01,1,1857979,1857554,425
141529741,41.4147,43.4302,422,30871,0.131885,0.03,1,1858020,1857598,422
141532661,47.4829,47.086,423,30940,0.0343771,0.13,1,1858069,1857646,423
141535581,59.8966,57.4172,426,31008,0.0468754,0.05,1,1858132,1857706,426
141538501,39.9793,42.6834,422,31076,0.0493751,0.07,1,1858167,1857745,422
141541421,32.7959,33.3367,422,31144,0.097875,0.11,1,1858198,1857776,422
141544341,36.9592,33.0673,427,31212,0.107575,0.11,1,1858236,1857809,427
141547261,8.99183,8.21347,427,31280,0.109515,0.11,1,1858238,1857811,427
141550181,19.3984,1.64269,449,31348,0.125903,0.13,1,1858260,1857811,449
141553101,95.0797,19.5285,539,31415,0.225181,0.09,1,1858374,1857835,539
141556021,43.8159,95.1057,456,31482,0.277036,0.15,1,1858405,1857949,456
141558941,40.7632,43.0211,466,31549,0.287407,0.13,1,1858445,1857979,466
141561861,44.1526,41.4042,470,31616,0.305481,0.01,1,1858490,1858020,470
141564781,59.2305,47.4808,484,31683,0.261096,0.05,1,1858553,1858069,484
141567701,41.4461,59.8962,458,31750,0.236219,0.05,1,1858590,1858132,458
141570621,33.8892,39.9792,455,31817,0.215244,0.11,1,1858622,1858167,455
141573541,38.7778,32.7958,464,31883,0.243049,0.11,1,1858662,1858198,464
141576461,9.35557,36.9592,428,31949,0.24861,0.11,1,1858664,1858236,428
141579381,21.0711,8.99183,450,32015,0.217722,0.13,1,1858688,1858238,450
141582301,100.214,19.3984,548,32081,0.275544,0.25,1,1858808,1858260,548
141585221,45.6428,95.0797,466,32147,0.287109,0.29,1,1858840,1858374,466
141588141,41.1286,43.8159,475,32213,0.321422,0.29,1,1858880,1858405,475
141591061,43.4257,40.7632,479,32279,0.328284,0.31,1,1858924,1858445,479
141593981,58.2851,44.1526,496,32345,0.345657,0.25,1,1858986,1858490,496
141596901,41.257,59.2305,470,32410,0.333131,0.23,1,1859023,1858553,470
141599821,33.0514,41.4461,464,32475,0.378626,0.21,1,1859054,1858590,464
141602741,39.4103,33.8892,473,32540,0.403725,0.25,1,1859095,1858622,473
141605661,9.48206,38.7778,435,32605,0.408745,0.25,1,1859097,1858662,435
141608581,19.4964,9.35557,455,32670,0.409749,0.21,1,1859119,1858664,455
141611501,101.499,21.0711,553,32735,0.40995,0.29,1,1859241,1858688,553
141614421,21.8999,100.214,435,32800,0.42599,0.29,1,1859243,1858808,435
141617341,31.58,45.6428,437,32864,0.461198,0.33,1,1859277,1858840,437
141620261,39.116,41.1286,438,32928,0.42024,0.33,1,1859318,1858880,438
141623181,43.0232,43.4257,438,32992,0.476048,0.35,1,1859362,1858924,438
141626101,59.0046,58.2851,439,33056,0.45521,0.33,1,1859425,1858986,439
141629021,43.0009,41.257,441,33120,0.467042,0.39,1,1859464,1859023,441
141631941,35.0002,33.0514,443,33184,0.517408,0.41,1,1859497,1859054,443
141634861,39,39.4103,442,33248,0.527482,0.41,1,1859537,1859095,442
141637781,9.40001,9.48206,442,33312,0.529496,0.41,1,1859539,1859097,442
141640701,20.28,19.4964,443,33375,0.545899,0.41,1,1859562,1859119,443
141643621,101.656,101.499,443,33438,0.61318,0.43,1,1859684,1859241,443
141646541,21.9312,21.8999,443,33501,0.594636,0.47,1,1859686,1859243,443
141649461,31.5862,31.58,443,33564,0.622927,0.41,1,1859720,1859277,443
141652381,39.1172,39.116,443,33627,0.644585,0.49,1,1859761,1859318,443
141655301,43.8234,43.0232,444,33690,0.696917,0.45,1,1859806,1859362,444
141658221,59.1647,59.0046,444,33753,0.723383,0.47,1,1859869,1859425,444
141661141,43.8329,43.0009,445,33816,0.744677,0.53,1,1859909,1859464,445
141664061,36.7666,35.0002,447,33879,0.764935,0.53,2,1859944,1859497,447
141666981,40.1533,39,448,33941,0.736987,0.53,1,1859985,1859537,448
141669901,9.63066,9.40001,448,34003,0.731397,0.55,1,1859987,1859539,448
141672821,21.1261,20.28,449,34065,0.746279,0.63,1,1860011,1859562,449
141675741,103.425,101.656,451,34127,0.861256,0.59,2,1860135,1859684,451
141678661,22.285,21.9312,451,34189,0.852251,0.63,2,1860137,1859686,451
141681581,31.657,31.5862,451,34251,0.86645,0.63,2,1860171,1859720,451
141684501,41.5314,6.31725,495,34313,0.88529,0.65,2,1860215,1859720,495
141839261,27,41,514,37440,0.67,1,1,1862386,1861872,514
141842181,35.8,25.8,530,37496,0.606,1,1,1862424,1861894,530
141845101,79.16,23.56,597,37552,0.4652,1,1,1862514,1861917,597
141848021,44.632,100.712,513,37608,0.40504,1,1,1862550,1862037,513
141850941,30.5264,47.3424,506,37664,0.361008,1,1,1862577,1862071,506
141853861,27.7053,33.4685,503,37720,0.432202,1,1,1862604,1862101,503
141856781,21.5411,26.6937,498,37776,0.38244,0.96,1,1862624,1862126,498
141859701,35.5082,24.5387,513,37832,0.404488,1,1,1862663,1862150,513
141862621,43.9016,40.1077,515,37888,0.360898,0.98,1,1862709,1862194,515
141865541,27.1803,43.2215,494,37944,0.38418,0.8,1,1862732,1862238,494
141868461,28.6361,31.0443,495,38000,0.388836,0.71,1,1862761,1862266,495
141871381,47.3272,33.4089,513,38056,0.373767,0.71,1,1862813,1862300,513
141874301,29.4654,53.8818,479,38112,0.354753,0.67,1,1862838,1862359,479
141877221,33.8931,32.3764,487,38167,0.366951,0.59,1,1862873,1862386,487
141880141,72.3786,36.8753,531,38222,0.36939,0.43,1,1862955,1862424,531
141883061,43.2757,79.3751,477,38277,0.369878,0.39,1,1862991,1862514,477
141885981,30.2551,44.675,468,38332,0.417976,0.35,1,1863018,1862550,468
141888901,26.851,30.535,467,38387,0.395595,0.45,1,1863044,1862577,467
141891821,19.7702,27.707,458,38442,0.327119,0.37,1,1863062,1862604,458
141894741,35.154,21.5414,477,38497,0.361424,0.41,1,1863101,1862624,477
141897661,45.4308,35.5083,486,38552,0.368285,0.35,1,1863149,1862663,486
141900581,27.4862,43.9017,463,38607,0.353657,0.39,1,1863172,1862709,463
141903501,7.09723,27.1803,442,38662,0.366731,0.39,1,1863174,1862732,442
141906421,23.8194,28.6361,441,38717,0.433346,0.37,1,1863202,1862761,441
141909341,45.5639,47.3272,440,38772,0.446669,0.35,1,1863253,1862813,440
141912261,29.9128,29.4654,441,38826,0.465334,0.37,1,1863279,1862838,441
141915181,31.5826,33.8931,438,38880,0.469067,0.37,1,1863311,1862873,438
141918101,71.9165,72.3786,438,38934,0.501813,0.37,1,1863393,1862955,438
141921021,44.7833,43.2757,440,38988,0.476363,0.43,1,1863431,1862991,440
141923941,31.3567,30.2551,441,39042,0.567273,0.39,1,1863459,1863018,441
141926861,25.4713,26.851,439,39096,0.585455,0.31,1,1863483,1863044,439
141929781,20.2943,19.7702,440,39150,0.573091,0.37,1,1863502,1863062,440
141932701,35.2589,35.154,440,39204,0.586618,0.37,1,1863541,1863101,440
141935621,45.4518,45.4308,440,39258,0.621324,0.35,1,1863589,1863149,440
141938541,27.4904,27.4862,440,39312,0.644265,0.37,1,1863612,1863172,440
141941461,7.09807,7.09723,440,39366,0.648853,0.45,1,1863614,1863174,440
141944381,25.4196,23.8194,442,39420,0.665771,0.45,1,1863644,1863202,442
141947301,46.6839,45.5639,443,39474,0.733154,0.47,1,1863696,1863253,443
141950221,30.1368,29.9128,443,39528,0.778631,0.47,2,1863722,1863279,443
141953141,31.6274,31.5826,443,39581,0.755726,0.51,2,1863754,1863311,443
141956061,73.5255,71.9165,445,39634,0.783145,0.47,2,1863838,1863393,445
141958981,46.7051,44.7833,447,39687,0.788629,0.59,2,1863878,1863431,447
141961901,33.341,31.3567,449,39740,0.789726,0.59,2,1863908,1863459,449
141964821,25.8682,25.4713,449,39793,0.789945,0.57,2,1863932,1863483,449
141967741,21.9736,20.2943,451,39846,0.805989,0.59,2,1863953,1863502,451
141970661,35.5947,35.2589,451,39899,0.857198,0.63,2,1863992,1863541,451
141973581,47.1189,45.4518,453,39952,0.91544,0.65,2,1864042,1863589,453
141976501,27.0238,27.4904,452,40005,0.927088,0.65,2,1864064,1863612,452
141979421,7.00476,7.09807,452,40058,0.897418,0.65,2,1864066,1863614,452
141982341,27.001,1.41961,484,40111,0.907484,0.67,2,1864098,1863614,484
142195501,34,33,514,43786,0.43,1,1,1866689,1866175,514
142198421,50,42.6,523,43834,0.286,1,1,1866743,1866220,523
142201341,38,38.12,521,43882,0.2252,1,1,1866778,1866257,521
142204261,30,35.624,514,43930,0.10104,1,1,1866806,1866292,514
142207181,39.6,33.5248,523,43978,0.020208,1,1,1866848,1866325,523
142210101,28.72,34.705,514,44026,0.0440416,1,1,1866874,1866360,514
142213021,33.744,37.341,511,44074,0.0488083,1,1,1866909,1866398,511
142215941,27.5488,31.4682,507,44122,0.0497617,1,1,1866935,1866428,507
142218861,29.5098,31.8936,505,44170,0.00995233,0.85,1,1866965,1866460,505
142221781,29.902,31.9787,503,44218,0.0419905,1,1,1866995,1866492,503
142224701,32.3804,35.9957,499,44266,0.0803981,1,1,1867028,1866529,499
142227621,26.4761,33.5991,491,44314,0.0400796,0.97,1,1867053,1866562,491
142230541,22.8952,30.7198,483,44362,0.0480159,0.69,1,1867075,1866592,483
142233461,27.779,30.144,482,44410,0.0176032,0.51,1,1867104,1866622,482
142236381,27.9558,32.4288,477,44457,0.0915206,0.43,1,1867132,1866655,477
142239301,7.19116,33.6858,445,44504,0.122304,0.25,1,1867134,1866689,445
142242221,39.0382,49.9372,438,44551,0.160461,0.21,1,1867181,1866743,438
142245141,30.2076,37.9874,431,44598,0.0880922,0.07,1,1867209,1866778,431
142248061,26.8415,29.9975,429,44645,0.137618,0,1,1867235,1866806,429
142250981,33.3683,39.5995,422,44692,0.0835237,0.05,1,1867270,1866848,422
142253901,27.4737,28.7199,422,44739,0.0567047,0.05,1,1867296,1866874,422
142256821,33.4947,33.744,422,44786,0.0353409,0.05,1,1867331,1866909,422
142259741,28.2989,27.5488,423,44833,0.0630682,0,1,1867358,1866935,423
142262661,28.8598,29.5098,422,44880,0.0206136,0.05,1,1867387,1866965,422
142265581,29.772,29.902,422,44927,0.0281227,0.09,1,1867417,1866995,422
142268501,32.3544,32.3804,422,44974,0.0456245,0.03,1,1867450,1867028,422
142271421,27.2709,26.4761,423,45021,0.0491249,0.05,1,1867476,1867053,423
142274341,24.6542,22.8952,425,45068,0.065825,0.01,1,1867500,1867075,425
142277261,26.5308,27.779,423,45115,0.101165,0.11,1,1867527,1867104,423
142280181,31.7062,27.9558,428,45162,0.092233,0.13,1,1867560,1867132,428
142283101,7.94123,7.19116,428,45209,0.0584466,0.17,1,1867562,1867134,428
142286021,39.9882,39.0382,429,45256,0.0676893,0.07,1,1867610,1867181,429
142288941,26.3976,30.2076,424,45303,0.117538,0.15,1,1867633,1867209,424
142291861,30.0795,26.8415,429,45350,0.143508,0.07,1,1867664,1867235,429
142294781,28.4159,33.3683,422,45397,0.148702,0.05,1,1867692,1867270,422
142297701,26.4832,27.4737,422,45443,0.11774,0.03,1,1867718,1867296,422
142300621,33.2966,33.4947,422,45489,0.111548,0.07,1,1867753,1867331,422
142303541,30.6593,28.2989,425,45535,0.0623096,0.01,1,1867783,1867358,425
142306461,26.9319,28.8598,422,45581,0.0844619,0.03,1,1867809,1867387,422
142309381,29.3864,29.772,422,45627,0.0408924,0.05,1,1867839,1867417,422
142312301,33.8773,32.3544,424,45673,0.0641785,0.05,1,1867874,1867450,424
142315221,28.3755,27.2709,425,45719,0.0528357,0.07,1,1867901,1867476,425
142318141,24.8751,24.6542,425,45765,0.0345671,0.11,1,1867925,1867500,425
142321061,26.575,26.5308,425,45811,0.0629134,0.09,1,1867952,1867527,425
142323981,30.915,31.7062,424,45857,0.116583,0.05,1,1867984,1867560,424
142326901,7.783,7.94123,424,45903,0.127317,0.07,1,1867986,1867562,424
142329821,41.5566,39.9882,426,45949,0.113463,0.07,1,1868036,1867610,426
142332741,25.9113,7.99765,448,45995,0.110693,0.13,1,1868058,1867610,448
142335661,30.7823,19.9995,457,46041,0.110139,0.15,1,1868090,1867633,457
142338581,28.5565,28.7999,454,46087,0.142028,0.15,1,1868118,1867664,454
142341501,25.7113,28.16,451,46133,0.164406,0.11,1,1868143,1867692,451
142344421,29.9423,26.432,456,46179,0.200881,0.11,1,1868174,1867718,456
142347341,31.5885,33.2864,453,46225,0.224176,0.05,1,1868206,1867753,453
142350261,25.5177,30.6573,447,46271,0.228835,0.09,1,1868230,1867783,447
142353181,29.1035,26.9315,451,46317,0.213767,0.03,1,1868260,1867809,451
142356101,34.6207,29.3863,457,46363,0.178753,0.07,1,1868296,1867839,457
142359021,28.5241,33.8773,449,46408,0.155751,0.05,1,1868323,1867874,449
142361941,24.9048,28.3755,446,46453,0.16715,0.03,1,1868347,1867901,446
142364861,28.981,24.8751,452,46498,0.15343,0.07,1,1868377,1867925,452
142367781,31.3962,26.575,457,46543,0.166686,0.13,1,1868409,1867952,457
142370701,7.87924,30.915,427,46588,0.169337,0.13,1,1868411,1867984,427
142373621,42.3758,7.783,476,46633,0.185867,0.11,1,1868462,1867986,476
142376541,26.0752,41.5566,448,46678,0.205173,0.11,1,1868484,1868036,448
142379461,32.415,25.9113,460,46723,0.241035,0.11,1,1868518,1868058,460
142382381,28.883,30.7823,456,46768,0.264207,0.15,1,1868546,1868090,456
142385301,28.1766,28.5565,456,46813,0.236841,0.17,1,1868574,1868118,456
142388221,31.2353,25.7113,463,46858,0.199368,0.21,1,1868606,1868143,463
142391141,31.8471,29.9423,464,46903,0.191874,0.23,1,1868638,1868174,464
142394061,25.5694,31.5885,456,46948,0.206375,0.23,1,1868662,1868206,456
142396981,26.7139,25.5177,459,46993,0.193275,0.21,1,1868689,1868230,459
142399901,34.1428,29.1035,465,47038,0.190655,0.17,1,1868725,1868260,465
142402821,28.4286,34.6207,456,47083,0.222131,0.15,1,1868752,1868296,456
142405741,24.8857,28.5241,453,47128,0.196426,0.17,1,1868776,1868323,453
142408661,28.1771,24.9048,458,47173,0.175285,0.15,1,1868805,1868347,458
142411581,32.0354,28.981,461,47218,0.187057,0.17,1,1868838,1868377,461
142414501,8.00709,31.3962,431,47263,0.189411,0.17,1,1868840,1868409,431
142417421,44.0014,7.87924,482,47308,0.221882,0.19,1,1868893,1868411,482
142420341,26.4003,42.3758,453,47353,0.228376,0.21,1,1868915,1868462,453
142423261,6.88006,26.0752,433,47398,0.229675,0.25,1,1868917,1868484,433
142426181,30.176,32.415,435,47442,0.277935,0.27,1,1868953,1868518,435
142429101,28.4352,28.883,435,47486,0.255587,0.23,1,1868981,1868546,435
142432021,26.487,28.1766,433,47530,0.299117,0.19,1,1869007,1868574,433
142434941,29.2974,31.2353,431,47574,0.323823,0.19,1,1869037,1868606,431
142437861,31.4595,31.8471,431,47618,0.360765,0.21,1,1869069,1868638,431
142440781,26.2919,25.5694,432,47662,0.368153,0.19,1,1869094,1868662,432
142443701,26.0584,26.7139,431,47706,0.385631,0.19,1,1869120,1868689,431
142446621,34.0117,34.1428,431,47750,0.389126,0.23,1,1869156,1868725,431
142449541,28.4023,28.4286,431,47794,0.405825,0.19,1,1869183,1868752,431
142452461,24.8805,24.8857,431,47838,0.393165,0.17,1,1869207,1868776,431
142455381,27.3761,28.1771,430,47882,0.422633,0.19,1,1869235,1868805,430
142458301,32.6752,32.0354,431,47926,0.396527,0.19,1,1869269,1868838,431
142461221,8.13504,8.00709,431,47970,0.391305,0.23,1,1869271,1868840,431
142464141,45.627,44.0014,433,48014,0.470261,0.23,1,1869326,1868893,433
142467061,26.7254,26.4003,433,48058,0.486052,0.23,1,1869348,1868915,433
142469981,6.94508,6.88006,433,48102,0.48921,0.29,1,1869350,1868917,433
142472901,30.989,30.176,434,48146,0.537842,0.25,1,1869387,1868953,434
142475821,28.5978,28.4352,434,48190,0.531568,0.31,1,1869415,1868981,434
142478741,28.1196,26.487,436,48234,0.546314,0.33,1,1869443,1869007,436
142481661,30.4239,29.2974,437,48278,0.581263,0.37,1,1869474,1869037,437
142484581,32.4848,31.4595,438,48322,0.604253,0.37,1,1869507,1869069,438
142487501,26.497,26.2919,438,48366,0.656851,0.39,1,1869532,1869094,438
142490421,26.8994,26.0584,439,48410,0.65137,0.39,1,1869559,1869120,439
142493341,34.1799,34.0117,439,48454,0.698274,0.41,1,1869595,1869156,439
142496261,30.036,28.4023,441,48497,0.707655,0.39,1,1869624,1869183,441
142499181,25.2072,24.8805,441,48540,0.709531,0.43,1,1869648,1869207,441
142502101,27.4414,27.3761,441,48583,0.709906,0.39,1,1869676,1869235,441
142505021,32.6883,32.6752,441,48626,0.741981,0.39,1,1869710,1869269,441
142507941,8.13766,8.13504,441,48669,0.748396,0.49,1,1869712,1869271,441
142510861,48.0275,45.627,444,48712,0.797679,0.49,2,1869770,1869326,444
142513781,27.2055,26.7254,444,48755,0.823536,0.49,2,1869792,1869348,444
142516701,7.0411,6.94508,444,48798,0.796707,0.55,2,1869794,1869350,444
142519621,33.4082,30.989,447,48841,0.823341,0.55,2,1869834,1869387,447
142522541,29.0816,6.1978,475,48884,0.828668,0.53,2,1869862,1869387,475
142525461,29.0163,23.6396,476,48927,0.813734,0.55,2,1869891,1869415,476
142528381,32.2033,27.1279,481,48970,0.826747,0.59,2,1869924,1869443,481
142531301,33.6407,30.2256,484,49013,0.861349,0.61,2,1869958,1869474,484
142534221,27.5281,32.4451,477,49056,0.88427,0.67,2,1869984,1869507,477
142537141,27.9056,26.489,480,49099,0.920854,0.65,2,1870012,1869532,480
142540061,35.1811,26.8978,490,49142,0.944171,0.71,2,1870049,1869559,490
142542981,31.8362,34.1796,485,49185,0.948834,0.71,2,1870080,1869595,485
142773661,30,23,530,52461,0.85,1,2,1872328,1871798,530
142776581,15.6,26.2,515,52501,0.85,1,2,1872340,1871825,515
142779501,28.72,27.64,519,52541,0.786,1,2,1872372,1871853,519
142782421,34.544,29.528,525,52581,0.7412,1,1,1872408,1871883,525
142785341,29.3088,29.9056,523,52621,0.70024,1,1,1872436,1871913,523
142788261,25.0618,34.7811,511,52661,0.660048,1,1,1872460,1871949,511
142791181,32.2124,34.9562,510,52701,0.58801,1,1,1872494,1871984,510
142794101,27.2425,27.7912,510,52741,0.621602,1,1,1872520,1872010,510
142797021,33.4485,30.3582,514,52781,0.51632,1,1,1872555,1872041,514
142799941,29.8897,34.0716,508,52821,0.463264,1,1,1872584,1872076,508
142802861,24.3779,29.2143,503,52861,0.436653,1,1,1872607,1872104,503
142805781,29.6756,25.8429,509,52901,0.335331,1,1,1872638,1872129,509
142808701,26.7351,28.3686,506,52941,0.251066,1,1,1872664,1872158,506
142811621,26.147,31.2737,500,52981,0.202213,1,1,1872690,1872190,500
142814541,17.2294,26.2547,490,53021,0.192443,1,1,1872705,1872215,490
142817461,24.2459,19.6509,498,53061,0.0944885,0.9,1,1872731,1872233,498
142820381,29.6492,27.1302,500,53101,0.0588977,0.84,1,1872762,1872262,500
142823301,27.5298,34.226,491,53141,0.0357795,0.85,1,1872789,1872298,491
142826221,15.106,30.8452,473,53181,0.0311559,0.85,1,1872801,1872328,473
142829141,25.4212,15.769,489,53221,0.0302312,0.77,1,1872829,1872340,489
142832061,6.68424,28.7538,459,53261,0.0300462,0.73,1,1872831,1872372,459
142834981,29.3368,34.5508,458,53301,0.0300092,0.69,1,1872866,1872408,458
142837901,25.8674,29.3102,455,53340,0.0140019,0.65,1,1872891,1872436,455
142840821,26.7735,25.062,458,53379,0.0428004,0.57,1,1872918,1872460,458
142843741,26.9547,32.2124,451,53418,0.0485601,0.63,1,1872945,1872494,451
142846661,23.7909,27.2425,448,53457,0.049712,0.49,1,1872968,1872520,448
142849581,28.7582,33.4485,443,53496,0.0659424,0.45,1,1872998,1872555,443
142852501,24.9516,29.8897,438,53535,0.0531885,0.43,1,1873022,1872584,438
142855421,23.3903,24.3779,438,53574,0.0346377,0.31,1,1873045,1872607,438
142858341,25.4781,29.6756,433,53613,0.0149275,0.23,1,1873071,1872638,433
142861261,25.0956,26.7351,432,53652,0.0749855,0.19,1,1873096,1872664,432
142864181,25.8191,26.147,432,53691,0.118997,0.19,1,1873122,1872690,432
142867101,13.9638,17.2294,428,53730,0.111799,0.07,1,1873133,1872705,428
142870021,22.7928,24.2459,427,53769,0.11036,0.05,1,1873158,1872731,427
142872941,26.1586,29.6492,423,53808,0.126072,0.03,1,1873185,1872762,423
142875861,26.8317,27.5298,423,53847,0.113214,0.03,1,1873212,1872789,423
142878781,14.1663,15.106,422,53886,0.142643,0.03,1,1873223,1872801,422
142881701,26.8333,25.4212,424,53925,0.132529,0.03,1,1873253,1872829,424
142884621,6.96665,6.68424,424,53964,0.130506,0.03,1,1873255,1872831,424
142887541,28.5933,29.3368,423,54003,0.130101,0.01,1,1873289,1872866,423
142890461,24.9187,25.8674,422,54042,0.19402,0.05,1,1873313,1872891,422
142893381,28.1837,26.7735,424,54081,0.126804,0.05,1,1873342,1872918,424
142896301,25.6367,26.9547,422,54120,0.193361,0.05,1,1873367,1872945,422
142899221,23.5273,23.7909,422,54159,0.142672,0.07,1,1873390,1872968,422
142902141,29.5055,28.7582,423,54198,0.180534,0.05,1,1873421,1872998,423
142905061,24.3011,24.9516,422,54237,0.188107,0.03,1,1873444,1873022,422
142907981,23.2602,23.3903,422,54276,0.173621,0.01,1,1873467,1873045,422
142910901,25.452,25.4781,422,54315,0.154724,0.09,1,1873493,1873071,422
142913821,27.4904,25.0956,425,54354,0.150945,0.13,1,1873521,1873096,425
142916741,27.0981,25.8191,426,54393,0.150189,0.11,1,1873548,1873122,426
142919661,14.2196,13.9638,426,54432,0.166038,0.11,1,1873559,1873133,426
142922581,25.2439,22.7928,429,54471,0.185208,0.13,1,1873587,1873158,429
142925501,25.8488,26.1586,428,54510,0.237042,0.11,1,1873613,1873185,428
142928421,26.7698,26.8317,428,54549,0.231408,0.15,1,1873640,1873212,428
142931341,14.954,14.1663,429,54588,0.246282,0.13,1,1873652,1873223,429
142934261,26.1908,26.8333,428,54627,0.265256,0.13,1,1873681,1873253,428
142937181,6.83816,6.96665,428,54666,0.269051,0.13,1,1873683,1873255,428
142940101,28.5676,28.5933,428,54704,0.28581,0.13,1,1873717,1873289,428
142943021,24.1135,5.71867,451,54742,0.289162,0.21,1,1873740,1873289,451
142945941,27.2227,20.3437,455,54780,0.305832,0.11,1,1873768,1873313,455
142948861,28.6445,27.2687,455,54818,0.293166,0.21,1,1873797,1873342,455
142951781,20.1289,25.4537,448,54856,0.306633,0.13,1,1873815,1873367,448
142954701,30.4258,23.4907,458,54894,0.309327,0.19,1,1873848,1873390,458
142957621,25.2852,29.4982,451,54932,0.341865,0.19,1,1873872,1873421,451
142960541,22.657,24.2996,450,54970,0.348373,0.17,1,1873894,1873444,450
142963461,24.5314,23.2599,452,55008,0.349675,0.15,1,1873919,1873467,452
142966381,28.9063,25.452,456,55046,0.349935,0.15,1,1873949,1873493,456
142969301,27.3813,27.4904,455,55084,0.333987,0.15,1,1873976,1873521,455
142972221,15.0763,27.0981,440,55122,0.346797,0.17,1,1873988,1873548,440
142975141,27.0153,14.2196,459,55160,0.381359,0.19,1,1874018,1873559,459
142978061,26.2031,25.2439,457,55198,0.404272,0.25,1,1874044,1873587,457
142980981,28.4406,25.8488,460,55236,0.408854,0.23,1,1874073,1873613,460
142983901,15.2881,26.7698,445,55274,0.409771,0.25,1,1874085,1873640,445
142986821,27.8576,14.954,464,55312,0.393954,0.27,1,1874116,1873652,464
142989741,7.17152,26.1908,437,55350,0.390791,0.27,1,1874118,1873681,437
142992661,29.4343,6.83816,470,55388,0.438158,0.29,1,1874153,1873683,470
142995581,23.4869,28.5676,458,55426,0.415632,0.29,1,1874175,1873717,458
142998501,27.8974,24.1135,464,55464,0.395126,0.31,1,1874204,1873740,464
143001421,28.7795,27.2227,465,55502,0.391025,0.29,1,1874233,1873768,465
143004341,20.1559,28.6445,454,55540,0.390205,0.31,1,1874251,1873797,454
143007261,32.0312,20.1289,471,55578,0.406041,0.31,1,1874286,1873815,471
143010181,25.6062,30.4258,462,55616,0.425208,0.35,1,1874310,1873848,462
143013101,22.7212,25.2852,460,55654,0.429042,0.35,1,1874332,1873872,460
143016021,24.5442,22.657,463,55692,0.413808,0.35,1,1874357,1873894,463
143018941,28.9088,24.5314,468,55730,0.410762,0.35,1,1874387,1873919,468
143021861,27.3818,28.9063,465,55768,0.426152,0.33,1,1874414,1873949,465
143024781,15.0764,27.3813,450,55806,0.39723,0.35,1,1874426,1873976,450
143027701,28.6153,15.0763,470,55844,0.423446,0.39,1,1874458,1873988,470
143030621,27.3231,27.0153,467,55882,0.412689,0.41,1,1874485,1874018,467
143033541,28.6646,26.2031,470,55920,0.442538,0.41,1,1874514,1874044,470
143036461,15.3329,28.4406,453,55958,0.448508,0.41,1,1874526,1874073,453
143039381,27.0666,15.2881,471,55996,0.465702,0.39,1,1874556,1874085,471
143042301,7.01332,27.8576,442,56034,0.46914,0.39,1,1874558,1874116,442
143045221,30.2027,7.17152,476,56072,0.437828,0.45,1,1874594,1874118,476
143048141,23.6405,29.4343,463,56110,0.447566,0.41,1,1874616,1874153,463
143051061,27.1281,23.4869,469,56147,0.449513,0.39,1,1874644,1874175,469
143053981,7.02562,27.8974,442,56184,0.449903,0.39,1,1874646,1874204,442
143056901,23.8051,28.7795,441,56221,0.497981,0.39,1,1874674,1874233,441
143059821,19.961,20.1559,442,56258,0.507596,0.41,1,1874693,1874251,442
143062741,32.7922,32.0312,443,56295,0.573519,0.43,1,1874729,1874286,443
143065661,25.7584,25.6062,443,56332,0.586704,0.43,1,1874753,1874310,443
143068581,22.7517,22.7212,443,56369,0.557341,0.41,1,1874775,1874332,443
143071501,23.7503,24.5442,442,56406,0.583468,0.41,1,1874799,1874357,442
143074421,28.7501,28.9088,442,56443,0.588694,0.43,1,1874829,1874387,442
143077341,26.55,27.3818,441,56480,0.605739,0.39,1,1874855,1874414,441
143080261,14.91,15.0764,441,56517,0.609148,0.43,1,1874867,1874426,441
143083181,30.182,28.6153,443,56554,0.64183,0.41,1,1874901,1874458,443
143086101,27.6364,27.3231,443,56591,0.632366,0.45,1,1874928,1874485,443
143089021,29.5273,28.6646,444,56628,0.662473,0.45,1,1874958,1874514,444
143091941,15.5055,15.3329,444,56665,0.668495,0.47,1,1874970,1874526,444
143094861,27.9011,27.0666,445,56702,0.669699,0.47,1,1875001,1874556,445
143097781,7.18022,7.01332,445,56739,0.66994,0.43,1,1875003,1874558,445
143100701,29.436,30.2027,444,56776,0.653988,0.45,1,1875038,1874594,444
143103621,23.4872,23.6405,444,56813,0.666798,0.45,1,1875060,1874616,444
143106541,27.0974,27.1281,444,56850,0.66936,0.45,1,1875088,1874644,444
143109461,7.01949,7.02562,444,56887,0.669872,0.51,1,1875090,1874646,444
143112381,25.4039,23.8051,446,56924,0.733974,0.51,1,1875120,1874674,446
143115301,21.8808,19.961,448,56961,0.778795,0.59,2,1875141,1874693,448
143118221,33.9762,32.7922,449,56998,0.835759,0.59,2,1875178,1874729,449
143121141,25.9952,25.7584,449,57035,0.879152,0.55,2,1875202,1874753,449
143124061,22.799,22.7517,449,57072,0.85583,0.59,2,1875224,1874775,449
143126981,23.7598,23.7503,449,57109,0.883166,0.59,2,1875248,1874799,449
143129901,28.752,28.7501,449,57146,0.856633,0.61,2,1875278,1874829,449
143132821,27.3504,26.55,450,57183,0.867327,0.61,2,1875305,1874855,450
143135741,15.0701,14.91,450,57220,0.901465,0.65,2,1875317,1874867,450
143138661,31.814,30.182,452,57257,0.908293,0.63,2,1875353,1874901,452
143435041,83,58,522,28766,0.69,1,1,1878025,1877503,522
143437961,39,62,487,28840,0.658,1,1,1878053,1877566,487
143440881,53.4,34.8,516,28913,0.6676,0.91,1,1878110,1877594,516
143443801,54.68,65.36,498,28986,0.54152,0.96,1,1878165,1877667,498
143446721,70.136,82.672,485,29059,0.580304,0.94,1,1878239,1877754,485
143449641,35.6272,39.7344,483,29132,0.540061,0.97,1,1878266,1877783,483
143452561,35.9254,27.1469,495,29205,0.532012,0.97,1,1878302,1877807,495
143455481,66.3851,27.8294,541,29277,0.530402,0.85,1,1878376,1877835,541
143458401,33.277,67.1659,489,29349,0.53008,0.85,1,1878401,1877912,489
143461321,71.4554,37.4332,540,29421,0.530016,0.69,1,1878482,1877942,540
143464241,33.4911,73.8866,481,29493,0.530003,0.65,1,1878506,1878025,481
143467161,52.2982,37.1773,510,29565,0.514001,0.67,1,1878563,1878053,510
143470081,53.6596,53.0355,507,29637,0.5748,0.51,1,1878617,1878110,507
143473001,65.1319,54.6071,520,29708,0.58696,0.59,1,1878685,1878165,520
143475921,34.6264,70.1214,473,29779,0.605392,0.53,1,1878712,1878239,473
143478841,8.52528,35.6243,448,29850,0.641078,0.53,1,1878714,1878266,448
143481761,30.5051,35.9249,448,29921,0.696216,0.53,1,1878750,1878302,448
143484681,65.301,66.385,448,29992,0.691243,0.53,1,1878824,1878376,448
143487601,33.0602,33.277,448,30063,0.674249,0.53,1,1878849,1878401,448
143490521,71.412,71.4554,448,30133,0.70285,0.53,1,1878930,1878482,448
143493441,33.4824,33.4911,448,30203,0.72457,0.51,1,1878954,1878506,448
143496361,49.8965,52.2982,445,30273,0.728914,0.59,1,1879008,1878563,445
143499281,57.9793,53.6596,451,30343,0.777783,0.59,2,1879068,1878617,451
143502201,67.5959,65.1319,453,30413,0.851557,0.61,2,1879138,1878685,453
143505121,35.1192,34.6264,453,30483,0.866311,0.65,2,1879165,1878712,453
143508041,8.62383,8.52528,453,30552,0.869262,0.71,2,1879167,1878714,453
143510961,32.1248,30.5051,455,30621,0.885853,0.69,2,1879205,1878750,455
143686161,97,49,573,34520,0.55,1,1,1882006,1881433,573
143689081,56.2,93,515,34581,0.454,1,1,1882052,1881537,515
143692001,39.24,49,512,34642,0.3548,1,1,1882087,1881575,512
143694921,36.648,33.8,518,34703,0.20696,1,1,1882123,1881605,518
143697841,36.9296,37.16,517,34764,0.145392,1,1,1882160,1881643,517
143700761,36.9859,39.432,514,34825,0.0690784,1,1,1882197,1881683,514
143703681,36.1972,35.8864,515,34886,0.0218157,0.99,1,1882233,1881718,515
143706601,36.0394,36.7773,514,34947,0.0923631,1,1,1882269,1881755,514
143709521,42.4079,39.3555,518,35007,0.0424726,1,1,1882313,1881795,518
143712441,30.0816,44.6711,499,35067,0.0164945,0.84,1,1882340,1881841,499
143715361,34.8163,32.1342,506,35127,0.0112989,0.82,1,1882376,1881870,506
143718281,66.9633,37.6268,542,35187,0.0262598,0.55,1,1882451,1881909,542
143721201,46.9927,85.1254,487,35247,0.029252,0.43,1,1882493,1882006,487
143724121,31.7985,53.8251,469,35307,0.0778504,0.33,1,1882521,1882052,469
143727041,27.9597,38.765,461,35367,0.0395701,0.17,1,1882548,1882087,461
143729961,34.3919,36.553,461,35427,0.127914,0.13,1,1882584,1882123,461
143732881,34.8784,36.9106,459,35487,0.0495828,0.05,1,1882619,1882160,459
143735801,34.9757,36.9821,457,35547,0.0659166,0.01,1,1882654,1882197,457
143738721,36.5951,36.1964,458,35606,0.0851833,0.11,1,1882691,1882233,458
143741641,41.719,36.0393,465,35665,0.0410367,0.03,1,1882734,1882269,465
143744561,9.94381,42.4079,423,35724,0.00820733,0.01,1,1882736,1882313,423
143747481,23.5888,30.0816,423,35783,0.00964147,0.01,1,1882763,1882340,423
143750401,33.5178,34.8163,423,35842,0.105928,0.03,1,1882799,1882376,423
143753321,66.7036,66.9633,423,35901,0.0611857,0.03,1,1882874,1882451,423
143756241,46.9407,46.9927,423,35960,0.0522371,0.09,1,1882916,1882493,423
143759161,31.7881,31.7985,423,36019,0.0344474,0.03,1,1882944,1882521,423
143762081,27.9576,27.9597,423,36078,0.0308895,0.15,1,1882971,1882548,423
143765001,39.1915,34.3919,429,36137,0.0461779,0.03,1,1883013,1882584,429
143767921,31.0383,34.8784,423,36195,0.0652356,0.07,1,1883042,1882619,423
143770841,33.4077,34.9757,422,36253,0.0370471,0.09,1,1883076,1882654,422
143773761,37.0815,36.5951,423,36311,0.0314094,0.03,1,1883114,1882691,423
143776681,41.0163,41.719,422,36369,0.0142819,0,1,1883156,1882734,422
143779601,9.80326,9.94381,422,36427,0.0268564,0.01,1,1883158,1882736,422
143782521,25.1607,23.5888,424,36485,0.0133713,0.13,1,1883187,1882763,424
143785441,35.4321,33.5178,426,36543,0.0746743,0.05,1,1883225,1882799,426
143788361,66.2864,66.7036,425,36601,0.0709348,0.05,1,1883299,1882874,425
143791281,44.4573,46.9407,422,36659,0.070187,0.03,1,1883338,1882916,422
143794201,31.2915,31.7881,422,36717,0.0380374,0.03,1,1883366,1882944,422
143797121,27.8583,27.9576,422,36775,0.0316075,0.05,1,1883393,1882971,422
143800041,40.7717,39.1915,424,36832,0.0303215,0.07,1,1883437,1883013,424
143802961,30.5543,31.0383,423,36889,0.0780643,0.03,1,1883465,1883042,423
143805881,33.3109,33.4077,423,36946,0.0236129,0.03,1,1883499,1883076,423
143808801,37.8622,37.0815,424,37003,0.0287226,0.01,1,1883538,1883114,424
143811721,39.5724,41.0163,422,37060,0.0137445,0.03,1,1883578,1883156,422
143814641,9.51449,9.80326,422,37117,0.0107489,0.01,1,1883580,1883158,422
143817561,25.1029,25.1607,422,37174,0.0101498,0.01,1,1883609,1883187,422
143820481,37.8206,5.03213,463,37231,0.05803,0.09,1,1883650,1883187,463
143823401,64.3641,31.4064,496,37288,0.067606,0.07,1,1883721,1883225,496
143826321,44.0728,65.4813,461,37345,0.0535212,0.07,1,1883760,1883299,461
143829241,30.4146,44.2963,449,37402,0.0987042,0.03,1,1883787,1883338,449
143832161,27.6829,31.2593,448,37458,0.0277408,0.03,1,1883814,1883366,448
143835081,42.3366,27.8519,467,37514,0.0455482,0.03,1,1883860,1883393,467
143838001,33.2673,40.7704,454,37570,0.0171096,0.09,1,1883891,1883437,454
143840921,30.6535,30.5541,456,37626,0.00342193,0.01,1,1883921,1883465,456
143843841,36.5307,33.3108,460,37682,0.000684385,0.03,1,1883959,1883499,460
143846761,39.3061,37.8622,461,37738,0.0401369,0.01,1,1883999,1883538,461
143849681,9.46123,39.5724,423,37794,0.0480274,0.01,1,1884001,1883578,423
143852601,25.0922,9.51449,450,37850,0.0336055,0.01,1,1884030,1883580,450
143855521,40.2184,25.1029,465,37906,0.0307211,0.07,1,1884074,1883609,465
143858441,64.8437,37.8206,495,37962,0.0301442,0.07,1,1884145,1883650,495
143861361,43.3687,64.3641,462,38018,0.0620288,0.05,1,1884183,1883721,462
143864281,31.0737,44.0728,451,38074,0.0684058,0.11,1,1884211,1883760,451
143867201,26.2147,30.4146,449,38129,0.0856812,0.01,1,1884236,1883787,449
143870121,42.0429,27.6829,468,38184,0.0571362,0.05,1,1884282,1883814,468
143873041,32.4086,42.3366,452,38239,0.0354272,0.01,1,1884312,1883860,452
143875961,31.2817,33.2673,452,38294,0.00708545,0,1,1884343,1883891,452
143878881,35.8563,30.6535,459,38349,0.0414171,0,1,1884380,1883921,459
143881801,39.9713,36.5307,462,38404,0.0642834,0.05,1,1884421,1883959,462
143884721,9.59425,39.3061,424,38459,0.0368567,0.05,1,1884423,1883999,424
143887641,25.1189,9.46123,451,38514,0.0313713,0.03,1,1884452,1884001,451
143890561,40.2238,25.0922,466,38569,0.0462743,0.03,1,1884496,1884030,466
143893481,9.64475,40.2184,424,38624,0.0492548,0.03,1,1884498,1884074,424
143896401,58.7289,64.8437,424,38679,0.081851,0.07,1,1884569,1884145,424
143899321,42.9458,43.3687,425,38734,0.10437,0.07,1,1884608,1884183,425
143902241,30.9892,31.0737,425,38789,0.076874,0.09,1,1884636,1884211,425
143905161,23.7978,26.2147,422,38843,0.103375,0.05,1,1884658,1884236,422
143908081,41.5596,42.0429,422,38897,0.076675,0.03,1,1884704,1884282,422
143911001,33.1119,32.4086,423,38951,0.103335,0,1,1884735,1884312,423
143913921,33.8224,31.2817,426,39005,0.076667,0.05,1,1884769,1884343,426
143916841,34.7645,35.8563,424,39059,0.135333,0.07,1,1884804,1884380,424
143919761,39.7529,39.9713,424,39113,0.163067,0.03,1,1884845,1884421,424
143922681,9.55058,9.59425,424,39167,0.168613,0.03,1,1884847,1884423,424
143925601,24.3101,25.1189,423,39221,0.217723,0.05,1,1884875,1884452,423
143928521,40.862,40.2238,424,39275,0.147545,0.05,1,1884920,1884496,424
143931441,9.7724,9.64475,424,39329,0.165509,0.09,1,1884922,1884498,424
143934361,58.7545,58.7289,424,39383,0.201102,0.11,1,1884993,1884569,424
143937281,43.7509,42.9458,425,39437,0.25622,0.07,1,1885033,1884608,425
143940201,31.1502,30.9892,425,39491,0.283244,0.11,1,1885061,1884636,425
143943121,23.83,23.7978,425,39544,0.288649,0.07,1,1885083,1884658,425
143946041,41.566,41.5596,425,39597,0.30573,0.11,1,1885129,1884704,425
143948961,33.1132,33.1119,425,39650,0.325146,0.07,1,1885160,1884735,425
143951881,33.8226,33.8224,425,39703,0.361029,0.15,1,1885194,1884769,425
143954801,36.3645,34.7645,427,39756,0.416206,0.17,1,1885231,1884804,427
143957721,42.4729,39.7529,430,39809,0.491241,0.17,1,1885275,1884845,430
143960641,10.0946,9.55058,430,39862,0.474248,0.23,1,1885277,1884847,430
143963561,23.6189,24.3101,429,39915,0.47085,0.13,1,1885304,1884875,429
143966481,39.9238,40.862,428,39968,0.48617,0.17,1,1885348,1884920,428
143969401,9.58476,9.7724,428,40021,0.489234,0.21,1,1885350,1884922,428
143972321,60.317,58.7545,430,40074,0.505847,0.21,1,1885423,1884993,430
143975241,48.0634,11.7509,475,40127,0.461169,0.27,1,1885468,1884993,475
143978161,32.0127,34.3502,463,40180,0.484234,0.29,1,1885496,1885033,463
143981081,24.0025,29.27,457,40233,0.488847,0.29,1,1885518,1885061,457
143984001,42.4005,23.454,482,40285,0.505769,0.31,1,1885565,1885083,482
143986921,34.0801,41.4908,468,40337,0.509154,0.33,1,1885597,1885129,468
143989841,34.816,33.0982,472,40389,0.557831,0.37,1,1885632,1885160,472
143992761,38.9632,33.8196,478,40441,0.535566,0.43,1,1885672,1885194,478
143995681,46.1926,36.3639,489,40493,0.467113,0.51,1,1885720,1885231,489
143998601,10.8385,42.4728,447,40545,0.453423,0.47,1,1885722,1885275,447
144001521,23.7677,10.0946,472,40597,0.466685,0.47,1,1885749,1885277,472
144004441,39.9535,23.6189,489,40649,0.501337,0.49,1,1885793,1885304,489
144007361,9.59071,39.9238,447,40701,0.508267,0.49,1,1885795,1885348,447
144010281,59.5181,9.58476,517,40753,0.525653,0.51,1,1885867,1885350,517
144013201,48.7036,60.317,490,40805,0.521131,0.45,1,1885913,1885423,490
144016121,32.1407,48.0634,473,40857,0.512226,0.49,1,1885941,1885468,473
144019041,24.0281,32.0127,467,40909,0.542445,0.49,1,1885963,1885496,467
144021961,43.2056,24.0025,493,40961,0.580489,0.51,1,1886011,1885518,493
144024881,34.2411,42.4005,478,41013,0.604098,0.51,1,1886043,1885565,478
144027801,35.6482,34.0801,482,41064,0.57682,0.57,1,1886079,1885597,482
144030721,39.1296,34.816,487,41115,0.603364,0.53,1,1886119,1885632,487
144033641,43.8259,38.9632,492,41166,0.592673,0.45,1,1886164,1885672,492
144036561,10.3652,46.1926,446,41217,0.622535,0.45,1,1886166,1885720,446
144039481,25.273,10.8385,473,41268,0.596507,0.47,1,1886195,1885722,473
144042401,40.2546,23.7677,490,41319,0.623301,0.51,1,1886239,1885749,490
144045321,9.65092,39.9535,448,41370,0.64466,0.51,1,1886241,1885793,448
144048241,60.3302,9.59071,519,41421,0.712932,0.53,1,1886314,1885795,519
144051161,48.066,59.5181,492,41472,0.726586,0.52,1,1886359,1885867,492
144054081,32.0132,48.7036,474,41523,0.745317,0.51,1,1886387,1885913,474
144057001,8.00264,32.1407,448,41574,0.749063,0.55,1,1886389,1885941,448
144059921,20.0005,24.0281,449,41625,0.765813,0.59,2,1886412,1885963,449
144062841,44.8001,43.2056,452,41676,0.753163,0.61,2,1886463,1886011,452
144065761,34.56,34.2411,452,41727,0.782633,0.57,2,1886495,1886043,452
144068681,34.112,35.6482,450,41778,0.756526,0.61,2,1886529,1886079,450
144071601,40.4224,39.1296,452,41829,0.831305,0.59,2,1886571,1886119,452
144074521,43.2845,43.8259,451,41879,0.862261,0.63,2,1886615,1886164,451
144077441,10.2569,10.3652,451,41929,0.868452,0.59,2,1886617,1886166,451
144080361,25.2514,25.273,451,41979,0.85369,0.63,2,1886646,1886195,451
144083281,44.2503,40.2546,456,42029,0.930738,0.65,2,1886695,1886239,456
144086201,10.4501,9.65092,456,42079,0.914148,0.73,2,1886697,1886241,456
144395721,97,23,496,21270,0.03,0.03,1,1890552,1890056,496
144398641,72.2,92.6,452,21370,0.03,0.01,1,1890618,1890166,452
144401561,73.64,62.52,471,21469,0.046,0.01,1,1890692,1890221,471
144404481,57.928,75.704,446,21568,0.0652,0.01,1,1890746,1890300,446
144407401,69.9856,81.5408,436,21666,0.06904,0.03,1,1890819,1890383,436
144410321,31.5971,39.5082,429,21764,0.117808,0.07,1,1890841,1890412,429
144413241,37.5194,42.3016,425,21861,0.127562,0.03,1,1890880,1890455,425
144416161,83.5039,86.0603,423,21958,0.113512,0.03,1,1890975,1890552,423
144419081,68.7008,70.0121,422,22055,0.126702,0.05,1,1891040,1890618,422
144422001,73.7402,73.2024,423,22151,0.0493405,0.07,1,1891115,1890692,423
144424921,60.348,57.8405,426,22247,0.0498681,0.07,1,1891172,1890746,426
144427841,69.6696,69.9681,425,22342,0.0979736,0.13,1,1891244,1890819,425
144430761,32.3339,31.5936,426,22437,0.123595,0.13,1,1891267,1890841,426
144433681,39.2668,37.5187,428,22532,0.128719,0.13,1,1891308,1890880,428
144436601,82.2534,7.50374,521,22626,0.129744,0.11,1,1891401,1890880,521
144439521,67.6507,77.5007,490,22720,0.113949,0.13,1,1891465,1890975,490
144442441,70.3301,67.5001,496,22813,0.0947898,0.03,1,1891536,1891040,496
144445361,61.266,73.5,480,22906,0.090958,0.05,1,1891595,1891115,480
144448281,72.2532,60.3,498,22999,0.138192,0.11,1,1891670,1891172,498
144451201,34.4506,69.66,451,23091,0.131638,0.13,1,1891695,1891244,451
144454121,38.8901,32.332,468,23183,0.162328,0.13,1,1891735,1891267,468
144457041,82.978,39.2664,521,23274,0.200466,0.13,1,1891829,1891308,521
144459961,66.1956,82.2533,490,23365,0.240093,0.11,1,1891891,1891401,490
144462881,69.2391,67.6507,496,23456,0.264019,0.09,1,1891961,1891465,496
144465801,61.0478,70.3301,484,23546,0.284804,0.09,1,1892020,1891536,484
144468721,74.6096,61.266,503,23636,0.288961,0.15,1,1892098,1891595,503
144471641,35.7219,72.2532,454,23726,0.305792,0.13,1,1892124,1891670,454
144474561,39.1444,34.4506,469,23815,0.325158,0.17,1,1892164,1891695,469
144477481,83.0289,38.8901,523,23904,0.345032,0.21,1,1892258,1891735,523
144480401,18.2058,82.978,431,23993,0.349006,0.25,1,1892260,1891829,431
144483321,55.6412,66.1956,434,24081,0.397801,0.27,1,1892325,1891891,434
144486241,67.9282,69.2391,435,24169,0.45556,0.29,1,1892396,1891961,435
144489161,62.3856,61.0478,437,24257,0.467112,0.29,1,1892457,1892020,437
144492081,74.8771,74.6096,437,24344,0.517422,0.31,1,1892535,1892098,437
144495001,35.7754,35.7219,437,24431,0.575485,0.33,1,1892561,1892124,437
144497921,39.9551,39.1444,438,24518,0.555097,0.35,1,1892602,1892164,438
144500841,83.991,83.0289,439,24604,0.599019,0.35,1,1892697,1892258,439
144503761,18.3982,18.2058,439,24690,0.623804,0.41,1,1892699,1892260,439
144506681,57.2796,55.6412,441,24776,0.708761,0.47,1,1892766,1892325,441
144509601,69.8559,67.9282,443,24862,0.773752,0.47,2,1892839,1892396,443
144512521,64.3712,62.3856,445,24947,0.81875,0.53,2,1892902,1892457,445
144515441,77.6742,74.8771,448,25032,0.81175,0.59,2,1892983,1892535,448
144518361,37.1348,35.7754,449,25117,0.85835,0.55,2,1893010,1892561,449
144521281,40.227,39.9551,449,25201,0.81967,0.61,2,1893051,1892602,449
144524201,88.0454,83.991,454,25285,0.875934,0.63,2,1893151,1892697,454
144527121,19.2091,18.3982,454,25369,0.887187,0.73,2,1893153,1892699,454
144530041,61.4418,57.2796,459,25453,0.905437,0.73,2,1893225,1892766,459
144532961,69.8884,11.4559,531,25536,0.893088,0.79,2,1893297,1892766,531
144535881,65.9777,60.6912,523,25619,0.890618,0.83,2,1893362,1892839,523
144538801,78.7955,62.5382,542,25702,0.874123,0.81,2,1893444,1892902,542
144541721,38.1591,77.3076,489,25784,0.886825,0.87,2,1893472,1892983,489
144544641,40.4318,37.0615,503,25866,0.905365,0.81,2,1893513,1893010,503
144646841,61,31,527,28591,0.51,0.99,1,1895427,1894900,527
144649761,98.6,36.6,597,28665,0.126,1,1,1895535,1894938,597
144652681,46.12,93.72,522,28739,0.0812,1,1,1895568,1895046,522
144655601,35.624,44.344,523,28813,0.02424,1,1,1895601,1895078,523
144658521,63.9248,39.2688,556,28886,0.012848,0.95,1,1895672,1895116,556
144661441,65.585,67.0538,548,28959,0.13857,1,1,1895738,1895190,548
144664361,25.117,72.6108,489,29032,0.131714,1,1,1895753,1895264,489
144667281,35.4234,26.5221,512,29105,0.0823428,0.85,1,1895791,1895279,512
144670201,29.4847,48.5044,486,29178,0.136469,0.77,1,1895819,1895333,486
144673121,46.6969,36.1009,504,29251,0.115294,0.51,1,1895870,1895366,504
144676041,78.1394,56.0202,529,29323,0.143059,0.03,1,1895956,1895427,529
144678961,42.8279,97.604,455,29395,0.0846118,0.07,1,1895990,1895535,455
144681881,36.5656,45.9208,457,29467,0.0249223,0.01,1,1896025,1895568,457
144684801,63.3131,35.5842,494,29539,0.0289845,0.01,1,1896095,1895601,494
144687721,68.6626,63.9168,493,29611,0.0137969,0.17,1,1896165,1895672,493
144690641,25.7325,65.5834,442,29682,0.0107594,0.13,1,1896180,1895738,442
144693561,36.3465,25.1167,466,29753,0.0261519,0.07,1,1896219,1895753,466
144696481,29.6693,35.4233,456,29824,0.0612304,0.15,1,1896247,1895791,456
144699401,7.53386,29.4847,430,29895,0.0682461,0.11,1,1896249,1895819,430
144702321,42.3068,46.6969,430,29966,0.101649,0.15,1,1896300,1895870,430
144705241,71.6614,78.1394,423,30037,0.14033,0.07,1,1896379,1895956,423
144708161,41.5323,42.8279,423,30107,0.148066,0.01,1,1896413,1895990,423
144711081,36.3065,36.5656,423,30177,0.117613,0.03,1,1896448,1896025,423
144714001,63.2613,63.3131,423,30247,0.0955226,0.01,1,1896518,1896095,423
144716921,67.8523,68.6626,422,30317,0.0271045,0.01,1,1896587,1896165,422
144719841,26.3705,25.7325,423,30387,0.0774209,0.03,1,1896603,1896180,423
144722761,38.0741,36.3465,425,30457,0.103484,0.07,1,1896644,1896219,425
144725681,30.8148,29.6693,426,30526,0.124697,0.07,1,1896673,1896247,426
144728601,7.76296,7.53386,426,30595,0.144939,0.11,1,1896675,1896249,426
144731521,43.1526,42.3068,427,30664,0.132988,0.15,1,1896727,1896300,427
144734441,73.4305,71.6614,429,30733,0.178598,0.15,1,1896808,1896379,429
144737361,41.8861,41.5323,429,30802,0.18772,0.11,1,1896842,1896413,429
144740281,33.1772,36.3065,425,30871,0.221544,0.09,1,1896873,1896448,425
144743201,61.8354,63.2613,424,30940,0.196309,0.01,1,1896942,1896518,424
144746121,66.7671,67.8523,423,31008,0.191262,0.09,1,1897010,1896587,423
144749041,28.5534,26.3705,426,31076,0.222252,0.11,1,1897029,1896603,426
144751961,39.3107,38.0741,427,31144,0.22845,0.13,1,1897071,1896644,427
144754881,31.0621,30.8148,427,31212,0.26169,0.15,1,1897100,1896673,427
144757801,7.81243,7.76296,427,31280,0.268338,0.15,1,1897102,1896675,427
144760721,44.7625,1.55259,481,31348,0.301668,0.13,1,1897156,1896675,481
144763641,74.5525,41.9105,511,31415,0.308334,0.19,1,1897238,1896727,511
144766561,42.1105,73.1821,464,31482,0.309667,0.19,1,1897272,1896808,464
144769481,35.6221,41.8364,464,31549,0.277933,0.23,1,1897306,1896842,464
144772401,60.7244,33.1673,500,31616,0.271587,0.19,1,1897373,1896873,500
144775321,65.7449,61.8335,498,31683,0.302317,0.19,1,1897440,1896942,498
144778241,29.949,66.7667,451,31750,0.308463,0.23,1,1897461,1897010,451
144781161,40.3898,28.5533,475,31817,0.357693,0.23,1,1897504,1897029,475
144784081,32.878,39.3107,464,31883,0.319539,0.27,1,1897535,1897071,464
144787001,8.17559,31.0621,437,31949,0.311908,0.27,1,1897537,1897100,437
144789921,44.0351,7.81243,488,32015,0.358382,0.31,1,1897590,1897102,488
144792841,76.007,44.7625,518,32081,0.383676,0.31,1,1897674,1897156,518
144795761,42.4014,74.5525,470,32147,0.404735,0.31,1,1897708,1897238,470
144798681,34.0803,42.1105,468,32213,0.424947,0.27,1,1897740,1897272,468
144801601,60.4161,35.6221,501,32279,0.428989,0.27,1,1897807,1897306,501
144804521,68.0832,60.7244,504,32345,0.461798,0.31,1,1897877,1897373,504
144807441,29.6166,65.7449,457,32410,0.43636,0.31,1,1897897,1897440,457
144810361,41.1233,29.949,480,32475,0.447272,0.37,1,1897941,1897461,480
144813281,34.6247,40.3898,470,32540,0.449454,0.31,1,1897974,1897504,470
144816201,8.52493,32.878,441,32605,0.449891,0.31,1,1897976,1897535,441
144819121,44.105,8.17559,492,32670,0.481978,0.37,1,1898029,1897537,492
144822041,76.821,44.0351,524,32735,0.568396,0.39,1,1898114,1897590,524
144824961,16.9642,76.007,442,32800,0.585679,0.41,1,1898116,1897674,442
144827881,31.3928,42.4014,443,32864,0.605136,0.43,1,1898151,1897708,443
144830801,31.8786,34.0803,443,32928,0.641027,0.43,1,1898183,1897740,443
144833721,59.9757,60.4161,443,32992,0.664205,0.47,1,1898250,1897807,443
144836641,67.9951,68.0832,443,33056,0.716841,0.43,1,1898320,1897877,443
144839561,29.599,29.6166,443,33120,0.727368,0.45,1,1898340,1897897,443
144842481,41.9198,41.1233,444,33184,0.697474,0.45,1,1898385,1897941,444
144845401,34.784,34.6247,444,33248,0.755495,0.45,2,1898418,1897974,444
144848321,8.55679,8.52493,444,33312,0.735099,0.49,1,1898420,1897976,444
144851241,45.7114,44.105,446,33375,0.73102,0.59,1,1898475,1898029,446
144854161,81.1423,76.821,451,33438,0.810204,0.59,2,1898565,1898114,451
144857081,17.8285,16.9642,451,33501,0.826041,0.61,2,1898567,1898116,451
144860001,32.3657,31.3928,452,33564,0.845208,0.65,2,1898603,1898151,452
144862921,32.0731,31.8786,452,33627,0.865042,0.67,2,1898635,1898183,452
144865841,60.8146,59.9757,453,33690,0.885008,0.73,2,1898703,1898250,453
145011841,30,29,488,36698,0.87,1,2,1900789,1900301,488
145023521,37,30,497,36927,0.75,1,2,1900973,1900476,497
145026441,35.4,36.4,494,36984,0.766,1,2,1901008,1900514,494
145029361,27.88,34.48,486,37041,0.8172,1,2,1901034,1900548,486
145032281,39.176,34.096,494,37098,0.71544,1,1,1901076,1900582,494
145035201,34.2352,34.0192,493,37155,0.727088,1,1,1901109,1900616,493
145038121,38.847,6.80384,533,37212,0.761418,0.96,2,1901149,1900616,533
145041041,39.7694,44.5608,519,37269,0.800283,0.94,2,1901189,1900670,519
145043961,39.9539,46.5122,512,37326,0.776057,0.92,2,1901229,1900717,512
145046881,31.1908,42.9024,499,37383,0.755211,0.87,2,1901258,1900759,499
145049801,31.0382,32.5805,500,37440,0.783042,0.98,2,1901289,1900789,500
145052721,31.0076,32.1161,499,37496,0.772609,0.85,2,1901320,1900821,499
145055641,66.2015,36.0232,537,37552,0.770522,0.77,2,1901395,1900858,537
145058561,38.8403,69.6046,491,37608,0.770104,0.75,2,1901427,1900936,491
145061481,36.5681,43.5209,490,37664,0.786021,0.77,2,1901463,1900973,490
145064401,29.7136,36.7042,483,37720,0.821204,0.83,2,1901491,1901008,483
145067321,39.5427,28.1408,499,37776,0.892241,0.69,2,1901533,1901034,499
145070241,35.9085,39.2282,492,37832,0.890448,0.73,2,1901568,1901076,492
145073161,39.1817,34.2456,499,37888,0.89009,0.77,2,1901608,1901109,499
145076081,39.8363,38.8491,499,37944,0.890018,0.81,2,1901648,1901149,499
145079001,39.9673,39.7698,499,38000,0.906004,0.77,2,1901688,1901189,499
145081921,31.1935,39.954,488,38056,0.925201,0.75,2,1901717,1901229,488
145084841,31.8387,31.1908,491,38112,0.91304,0.79,2,1901749,1901258,491
145087761,30.3677,31.0382,490,38167,0.942608,0.77,2,1901779,1901289,490
145090681,66.0735,31.0076,534,38222,0.932522,0.77,2,1901854,1901320,534
145093601,38.8147,66.2015,491,38277,0.930504,0.77,2,1901886,1901395,491
145096521,39.7629,38.8403,499,38332,0.914101,0.79,2,1901926,1901427,499
145230841,39,43,509,40790,0.79,1,2,1903621,1903112,509
145233761,35,29.4,517,40842,0.678,1,1,1903655,1903138,517
145236681,27.8,26.68,517,40894,0.6556,1,1,1903681,1903164,517
145239601,21.56,14.936,525,40946,0.61912,1,1,1903701,1903176,525
145242521,43.512,35.7872,533,40998,0.595824,1,1,1903750,1903217,533
145245441,34.3024,57.5574,502,41049,0.575165,1,1,1903782,1903280,502
145248361,49.2605,40.3115,519,41100,0.475033,1,1,1903835,1903316,519
145251281,28.2521,37.6623,505,41151,0.455007,1,1,1903858,1903353,505
145254201,35.2504,35.5325,507,41202,0.339001,1,1,1903895,1903388,507
145257121,35.0501,35.1065,507,41253,0.2678,0.91,1,1903930,1903423,507
145260041,31.01,32.6213,505,41304,0.22156,1,1,1903960,1903455,505
145262961,40.602,34.5243,513,41355,0.196312,0.95,1,1904003,1903490,513
145265881,44.9204,42.9049,514,41406,0.0952624,0.81,1,1904049,1903535,514
145268801,33.7841,46.181,498,41457,0.0910525,0.79,1,1904080,1903582,498
145271721,28.3568,40.4362,486,41508,0.106211,0.65,1,1904107,1903621,486
145274641,7.27136,35.2872,454,41559,0.125242,0.65,1,1904109,1903655,454
145277561,20.6543,27.8574,452,41610,0.161048,0.61,1,1904133,1903681,452
145280481,21.7309,21.5715,454,41661,0.13621,0.59,1,1904155,1903701,454
145283401,36.3462,43.5143,445,41712,0.147242,0.57,1,1904195,1903750,445
145286321,33.6692,34.3029,446,41763,0.181448,0.45,1,1904228,1903782,446
145289241,45.9338,49.2606,442,41814,0.18829,0.45,1,1904277,1903835,442
145292161,28.3868,28.2521,443,41864,0.189658,0.31,1,1904301,1903858,443
145295081,26.4774,35.2504,432,41914,0.157932,0.25,1,1904327,1903895,432
145298001,34.0955,35.0501,433,41964,0.199586,0.21,1,1904363,1903930,433
145300921,28.4191,31.01,430,42014,0.191917,0.19,1,1904390,1903960,430
145303841,39.2838,40.602,429,42064,0.238383,0.07,1,1904432,1904003,429
145306761,41.4568,44.9204,425,42114,0.231677,0.09,1,1904474,1904049,425
145309681,35.4914,33.7841,428,42164,0.262335,0.11,1,1904508,1904080,428
145312601,28.6983,28.3568,428,42214,0.284467,0.13,1,1904535,1904107,428
145315521,7.33965,7.27136,428,42264,0.288893,0.17,1,1904537,1904109,428
145318441,19.0679,20.6543,426,42314,0.337779,0.13,1,1904559,1904133,426
145321361,23.0136,21.7309,428,42364,0.363556,0.15,1,1904583,1904155,428
145324281,37.4027,36.3462,429,42414,0.352711,0.19,1,1904624,1904195,429
145327201,33.0805,33.6692,428,42464,0.398542,0.19,1,1904656,1904228,428
145330121,48.2161,45.9338,431,42514,0.423708,0.19,1,1904708,1904277,431
145333041,27.2432,28.3868,429,42564,0.460742,0.15,1,1904730,1904301,429
145335961,27.0486,26.4774,430,42614,0.452148,0.21,1,1904757,1904327,430
145338881,35.8097,34.0955,432,42664,0.49843,0.19,1,1904795,1904363,432
145341801,28.7619,28.4191,432,42713,0.491686,0.25,1,1904822,1904390,432
145344721,39.3524,39.2838,432,42762,0.458337,0.23,1,1904864,1904432,432
145347641,42.2705,41.4568,433,42811,0.499667,0.27,1,1904907,1904474,433
145350561,37.2541,35.4914,435,42860,0.475933,0.29,1,1904943,1904508,435
145353481,30.6508,28.6983,437,42909,0.551187,0.29,1,1904972,1904535,437
145356401,7.73016,7.33965,437,42958,0.566237,0.35,1,1904974,1904537,437
145359321,19.146,19.0679,437,43007,0.585247,0.35,1,1904996,1904559,437
145362241,23.0292,3.81359,461,43056,0.58905,0.37,1,1905020,1904559,461
145365161,38.2058,19.9627,479,43105,0.62181,0.35,1,1905062,1904583,479
145368081,34.0412,36.7925,471,43154,0.644362,0.41,1,1905095,1904624,471
145371001,50.0082,32.9585,493,43203,0.632872,0.43,1,1905149,1904656,493
145373921,28.4016,48.1917,464,43252,0.614574,0.47,1,1905172,1904708,464
145376841,28.0803,27.2383,470,43301,0.610915,0.45,1,1905200,1904730,470
145379761,36.8161,27.0477,482,43350,0.642183,0.51,1,1905239,1904757,482
145382681,28.1632,35.8095,470,43399,0.648437,0.49,1,1905265,1904795,470
145385601,39.2326,28.7619,485,43448,0.649687,0.45,1,1905307,1904822,485
145388521,43.0465,39.3524,487,43497,0.665937,0.51,1,1905351,1904864,487
145391441,39.0093,42.2705,482,43546,0.717188,0.47,1,1905389,1904907,482
145394361,33.4019,37.2541,478,43594,0.727437,0.57,1,1905421,1904943,478
145397281,8.28037,30.6508,451,43642,0.729488,0.57,1,1905423,1904972,451
145400201,20.0561,7.73016,472,43690,0.761898,0.59,2,1905446,1904974,472
145403121,23.2112,19.146,474,43738,0.76838,0.59,2,1905470,1904996,474
145406041,39.8422,23.0292,494,43786,0.737676,0.63,1,1905514,1905020,494
145408961,35.1684,38.2058,486,43834,0.747535,0.65,1,1905548,1905062,486
145411881,49.4337,34.0412,506,43882,0.749507,0.63,1,1905601,1905095,506
145414801,27.4867,50.0082,474,43930,0.749901,0.61,1,1905623,1905149,474
145417721,27.8973,28.4016,479,43978,0.76598,0.61,2,1905651,1905172,479
145420641,38.3795,28.0803,492,44026,0.785196,0.65,2,1905692,1905200,492
145423561,28.4759,36.8161,479,44074,0.789039,0.65,2,1905718,1905239,479
145426481,39.2952,28.1632,495,44122,0.805808,0.65,2,1905760,1905265,495
145429401,46.259,39.2326,501,44170,0.809162,0.67,2,1905808,1905307,501
145432321,39.6518,43.0465,495,44218,0.809832,0.73,2,1905846,1905351,495
145435241,34.3304,39.0093,490,44266,0.825966,0.73,2,1905879,1905389,490
145438161,8.46607,33.4019,460,44314,0.829193,0.73,2,1905881,1905421,460
145441081,20.8932,8.28037,482,44362,0.797839,0.77,2,1905905,1905423,482
145444001,23.3786,20.0561,483,44410,0.823568,0.77,2,1905929,1905446,483
145446921,38.2757,23.2112,501,44457,0.860713,0.73,2,1905971,1905470,501
145449841,9.25515,39.8422,459,44504,0.884143,0.75,2,1905973,1905514,459
145452761,29.051,35.1684,459,44551,0.920829,0.75,2,1906007,1905548,459
145660081,61,44,485,22093,0.05,0.77,1,1908563,1908078,485
145663001,83.4,87.2,476,22189,0.034,0.51,1,1908652,1908176,476
145665921,73.48,75.84,474,22285,0.0468,0.29,1,1908723,1908249,474
145668841,58.696,71.968,458,22380,0.04936,0.11,1,1908778,1908320,458
145671761,62.1392,69.5936,452,22475,0.081872,0.03,1,1908841,1908389,452
145674681,61.2278,72.3187,440,22569,0.120374,0.07,1,1908902,1908462,440
145677601,29.8456,41.6637,428,22663,0.144075,0.09,1,1908924,1908496,428
145680521,55.5691,13.1327,484,22757,0.100815,0.05,1,1908986,1908502,484
145683441,82.3138,51.4265,512,22850,0.156163,0.03,1,1909075,1908563,512
145686361,72.4628,81.4853,493,22943,0.135233,0.05,1,1909145,1908652,493
145689281,60.8926,73.0971,480,23035,0.131047,0.05,1,1909203,1908723,480
145692201,60.9785,58.6194,486,23127,0.162209,0.09,1,1909264,1908778,486
145695121,64.1957,62.1239,488,23219,0.0884419,0.13,1,1909329,1908841,488
145698041,32.8391,61.2248,452,23310,0.121688,0.15,1,1909354,1908902,452
145700961,52.9678,29.845,488,23401,0.192338,0.09,1,1909412,1908924,488
145703881,82.5936,55.569,516,23492,0.174468,0.17,1,1909502,1908986,516
145706801,72.5187,82.3138,497,23582,0.186894,0.13,1,1909572,1909075,497
145709721,60.9037,72.4628,485,23672,0.221379,0.13,1,1909630,1909145,485
145712641,62.5807,60.8926,490,23762,0.228276,0.17,1,1909693,1909203,490
145715561,61.3161,60.9785,490,23851,0.245655,0.07,1,1909754,1909264,490
145718481,33.8632,64.1957,452,23940,0.265131,0.13,1,1909781,1909329,452
145721401,8.37265,32.8391,429,24029,0.269026,0.21,1,1909783,1909354,429
145724321,48.8745,52.9678,430,24117,0.365805,0.17,1,1909842,1909412,430
145727241,81.7749,82.5936,430,24205,0.401161,0.19,1,1909932,1909502,430
145730161,73.155,72.5187,431,24293,0.504232,0.23,1,1910003,1909572,431
145733081,62.631,60.9037,433,24380,0.492846,0.23,1,1910063,1909630,433
145736001,62.9262,62.5807,433,24467,0.474569,0.25,1,1910126,1909693,433
145738921,62.1852,61.3161,434,24554,0.518914,0.27,1,1910188,1909754,434
145741841,34.837,33.8632,435,24640,0.527783,0.27,1,1910216,1909781,435
145744761,8.56741,8.37265,435,24726,0.497557,0.39,1,1910218,1909783,435
145747681,52.1135,48.8745,439,24812,0.491511,0.41,1,1910281,1909842,439
145750601,85.6227,81.7749,443,24897,0.538302,0.53,1,1910375,1909932,443
145753521,76.3245,73.155,446,24982,0.59566,0.49,1,1910449,1910003,446
145756441,63.2649,62.631,446,25067,0.575132,0.47,1,1910509,1910063,446
145759361,62.253,62.9262,445,25152,0.635026,0.53,1,1910571,1910126,445
145762281,62.8506,62.1852,446,25236,0.631005,0.53,1,1910634,1910188,446
145765201,34.9701,34.837,446,25320,0.662201,0.49,1,1910662,1910216,446
145768121,8.59402,8.56741,446,25404,0.66844,0.49,1,1910664,1910218,446
145771041,52.1188,52.1135,446,25487,0.653688,0.49,1,1910727,1910281,446
145773961,87.2238,10.4227,542,25570,0.714738,0.55,1,1910823,1910281,542
145776881,77.4448,77.2845,523,25653,0.774948,0.61,2,1910898,1910375,523
145779801,64.2889,74.6569,510,25736,0.81899,0.57,2,1910959,1910449,510
145782721,63.2578,62.9314,513,25818,0.827798,0.65,2,1911022,1910509,513
145785641,63.8516,62.1863,515,25900,0.82956,0.63,2,1911086,1910571,515
145788561,35.1703,62.8373,480,25982,0.829912,0.67,2,1911114,1910634,480
145791481,8.63406,34.9675,454,26064,0.829982,0.67,2,1911116,1910662,454
145794401,54.5268,8.59349,518,26145,0.877997,0.65,2,1911182,1910664,518
145797321,89.3054,52.1187,553,26226,0.903599,0.73,2,1911280,1910727,553
145884921,71,61,538,28550,0.91,1,2,1912909,1912371,538
145887841,67,64.2,539,28624,0.83,1,2,1912975,1912436,539
145890761,40.6,68.04,504,28698,0.862,1,2,1913009,1912505,504
145893681,30.52,34.408,506,28772,0.8364,1,2,1913037,1912531,506
145896601,40.504,26.0816,525,28846,0.81528,1,2,1913080,1912555,525
145899521,96.1008,41.2163,590,28919,0.843056,1,2,1913190,1912600,590
145902441,42.4202,104.243,499,28992,0.848611,0.99,2,1913219,1912720,499
145905361,42.084,44.0487,512,29065,0.897722,0.93,2,1913261,1912749,512
145908281,44.4168,43.2097,514,29138,0.907544,0.89,2,1913306,1912792,514
145911201,62.4834,45.4419,535,29211,0.941509,0.91,2,1913373,1912838,535
146019241,35,37,514,31781,0.91,1,2,1915158,1914644,514
146022161,43.8,42.6,516,31848,0.926,1,2,1915204,1914688,516
146025081,44.76,44.52,516,31914,0.9132,0.8,2,1915249,1914733,516
146264521,33,33,485,36952,0.71,1,1,1918766,1918281,485
146267441,25.8,24.2,487,37009,0.71,1,1,1918790,1918303,487
146270361,25.96,25.64,487,37066,0.646,1,1,1918816,1918329,487
146273281,35.592,37.128,485,37123,0.6172,1,1,1918854,1918369,485
146276201,34.3184,36.2256,483,37180,0.56344,1,1,1918888,1918405,483
146279121,54.0637,7.24512,542,37237,0.376688,0.97,1,1918947,1918405,542
146282041,41.2127,51.849,517,37294,0.275338,1,1,1918985,1918468,517
146284961,37.0425,41.5698,514,37351,0.191068,1,1,1919021,1918507,514
146287881,38.6085,37.914,516,37408,0.0782135,1,1,1919060,1918544,516
146290801,37.3217,43.5828,508,37464,0.0236427,1,1,1919097,1918589,508
146293721,53.0643,42.3166,523,37520,0.0447285,0.87,1,1919154,1918631,523
146296641,41.8129,56.4633,502,37576,0.0329457,0.81,1,1919193,1918691,502
146299561,29.9626,44.8927,487,37632,0.0945891,0.71,1,1919220,1918733,487
146302481,21.1925,35.3785,473,37688,0.106918,0.71,1,1919239,1918766,473
146305401,25.8385,26.2757,476,37744,0.109384,0.63,1,1919266,1918790,476
146308321,32.3677,26.0551,484,37800,0.141877,0.61,1,1919300,1918816,484
146311241,31.2735,35.611,477,37856,0.148375,0.55,1,1919331,1918854,477
146314161,46.2547,34.3222,493,37912,0.197675,0.33,1,1919381,1918888,493
146317081,35.6509,54.0644,467,37968,0.175535,0.25,1,1919414,1918947,467
146320001,32.7302,41.2129,461,38024,0.171107,0.17,1,1919446,1918985,461
146322921,36.946,37.0426,463,38080,0.202221,0.05,1,1919484,1919021,463
146325841,35.3892,38.6085,459,38135,0.224444,0.01,1,1919519,1919060,459
146328761,53.4778,37.3217,480,38190,0.212889,0.05,1,1919577,1919097,480
146331681,43.4956,53.0643,464,38245,0.194578,0.03,1,1919618,1919154,464
146334601,31.8991,41.8129,454,38300,0.174916,0.11,1,1919647,1919193,454
146337521,21.5798,29.9626,446,38355,0.202983,0.11,1,1919666,1919220,446
146340441,25.916,21.1925,454,38410,0.240597,0.11,1,1919693,1919239,454
146343361,33.9832,25.8385,463,38465,0.264119,0.15,1,1919729,1919266,463
146346281,29.1966,32.3677,457,38520,0.268824,0.15,1,1919757,1919300,457
146349201,48.2393,31.2735,479,38575,0.301765,0.21,1,1919810,1919331,479
146352121,11.2479,46.2547,431,38630,0.308353,0.17,1,1919812,1919381,431
146355041,29.4496,35.6509,432,38685,0.341671,0.17,1,1919846,1919414,432
146357961,31.4899,32.7302,432,38740,0.364334,0.21,1,1919878,1919446,432
146360881,36.698,36.946,432,38795,0.368867,0.23,1,1919916,1919484,432
146363801,36.1396,35.3892,433,38849,0.401773,0.21,1,1919952,1919519,433
146366721,54.4279,53.4778,434,38903,0.424355,0.19,1,1920011,1919577,434
146369641,41.2856,43.4956,431,38957,0.444871,0.17,1,1920049,1919618,431
146372561,33.0571,31.8991,433,39011,0.464974,0.21,1,1920080,1919647,433
146375481,22.6114,21.5798,434,39065,0.484995,0.25,1,1920100,1919666,434
146378401,26.9223,25.916,435,39119,0.456999,0.27,1,1920128,1919693,435
146381321,34.1845,33.9832,435,39173,0.4834,0.27,1,1920164,1919729,435
146384241,29.2369,29.1966,435,39227,0.53668,0.31,1,1920192,1919757,435
146387161,51.4474,48.2393,439,39281,0.547336,0.31,1,1920249,1919810,439
146390081,11.8895,11.2479,439,39335,0.517467,0.35,1,1920251,1919812,439
146393001,30.3779,29.4496,440,39389,0.511493,0.37,1,1920286,1919846,440
146395921,31.6756,31.4899,440,39443,0.526299,0.37,1,1920318,1919878,440
146398841,37.5351,36.698,441,39497,0.54526,0.41,1,1920357,1919916,441
146401761,37.107,36.1396,442,39550,0.501052,0.43,1,1920394,1919952,442
146404681,55.4214,54.4279,443,39603,0.49221,0.45,1,1920454,1920011,443
146407601,42.2843,41.2856,444,39656,0.474442,0.47,1,1920493,1920049,444
146410521,33.2569,33.0571,444,39709,0.470888,0.49,1,1920524,1920080,444
146413441,22.6514,22.6114,444,39762,0.470178,0.45,1,1920544,1920100,444
146416361,26.9303,26.9223,444,39815,0.486036,0.49,1,1920572,1920128,444
146419281,35.7861,34.1845,446,39868,0.505207,0.55,1,1920610,1920164,446
146422201,30.3572,29.2369,447,39921,0.509041,0.55,1,1920639,1920192,447
146425121,50.0714,51.4474,445,39974,0.557808,0.51,1,1920694,1920249,445
146428041,11.6143,11.8895,445,40027,0.567562,0.51,1,1920696,1920251,445
146430961,31.9229,30.3779,447,40080,0.569512,0.51,1,1920733,1920286,447
146433881,31.9846,6.07558,479,40133,0.553902,0.53,1,1920765,1920286,479
146436801,36.7969,26.8151,485,40186,0.55078,0.55,1,1920803,1920318,485
146439721,36.1594,36.563,482,40239,0.582156,0.49,1,1920839,1920357,482
146442641,53.6319,36.9126,503,40291,0.588431,0.49,1,1920897,1920394,503
146445561,41.1264,55.3825,481,40343,0.605686,0.47,1,1920935,1920454,481
146448481,34.6253,42.2765,475,40395,0.625137,0.47,1,1920968,1920493,475
146451401,23.7251,33.2553,465,40447,0.629027,0.47,1,1920989,1920524,465
146454321,27.145,22.6511,473,40499,0.661806,0.49,1,1921017,1920544,473
146457241,35.029,26.9302,482,40551,0.700361,0.51,1,1921054,1920572,482
146460161,31.8058,35.786,475,40603,0.740072,0.51,1,1921085,1920610,475
146463081,51.1612,30.3572,502,40655,0.780014,0.57,2,1921141,1920639,502
146466001,11.8322,50.0714,449,40707,0.788003,0.57,2,1921143,1920694,449
146468921,31.9664,11.6143,484,40759,0.805601,0.57,2,1921180,1920696,484
146471841,32.7933,31.9229,480,40811,0.84112,0.55,2,1921213,1920733,480
146474761,36.9587,31.9846,486,40863,0.880224,0.55,2,1921251,1920765,486
146477681,37.7917,36.7969,486,40915,0.904045,0.59,2,1921289,1920803,486
146480601,53.9583,36.1594,508,40967,0.908809,0.59,2,1921347,1920839,508
146483521,41.9917,53.6319,489,41019,0.925762,0.61,2,1921386,1920897,489
146486441,35.5983,41.1264,485,41070,0.929152,0.63,2,1921420,1920935,485
146743401,114,108,491,20647,0.07,0.47,1,1924520,1924029,491
146746321,67.6,76,479,20750,0.07,0.35,1,1924576,1924097,479
146749241,71.12,84,465,20852,0.118,0.25,1,1924648,1924183,465
146752161,69.424,64.8,474,20954,0.1436,0.15,1,1924717,1924243,474
146755081,23.4848,56.16,432,21055,0.14872,0.07,1,1924729,1924297,432
146758001,22.297,24.032,438,21156,0.165744,0.05,1,1924751,1924313,438
146760921,67.6594,79.2064,424,21256,0.201149,0.07,1,1924830,1924406,424
146763841,106.332,107.041,426,21356,0.14423,0.07,1,1924946,1924520,426
146766761,66.0664,66.2083,426,21455,0.180846,0.13,1,1925002,1924576,426
146769681,70.8133,70.8417,426,21554,0.268169,0.15,1,1925074,1924648,426
146772601,70.1627,69.3683,427,21652,0.285634,0.15,1,1925144,1924717,427
146775521,25.2325,23.4737,429,21750,0.289127,0.17,1,1925158,1924729,429
146778441,23.4465,22.2947,430,21848,0.289825,0.21,1,1925181,1924751,430
146781361,67.8893,67.6589,430,21945,0.321965,0.13,1,1925260,1924830,430
146784281,104.778,106.332,428,22042,0.376393,0.19,1,1925374,1924946,428
146787201,68.1556,66.0664,431,22138,0.371279,0.29,1,1925433,1925002,431
146790121,73.6311,70.8133,434,22234,0.418256,0.29,1,1925508,1925074,434
146793041,70.7262,70.1627,434,22329,0.443651,0.29,1,1925578,1925144,434
146795961,25.3452,25.2325,434,22424,0.44873,0.29,1,1925592,1925158,434
146798881,25.069,23.4465,436,22519,0.465746,0.29,1,1925617,1925181,436
146801801,68.2138,4.6893,515,22613,0.469149,0.33,1,1925696,1925181,515
146804721,106.443,64.1379,552,22707,0.56583,0.39,1,1925812,1925260,552
146807641,69.2886,104.028,498,22800,0.553166,0.37,1,1925872,1925374,498
146810561,77.0577,68.0055,518,22893,0.598633,0.43,1,1925951,1925433,518
146813481,71.4115,73.6011,513,22986,0.623727,0.45,1,1926021,1925508,513
146816401,25.4823,70.7202,457,23078,0.628745,0.45,1,1926035,1925578,457
146819321,24.2965,25.344,467,23170,0.629749,0.47,1,1926059,1925592,467
146822241,72.0593,25.0688,526,23261,0.67795,0.47,1,1926143,1925617,526
146825161,109.612,68.2138,566,23352,0.71959,0.59,1,1926262,1925696,566
146828081,69.1224,106.443,509,23443,0.759918,0.55,2,1926321,1925812,509
146831001,79.4245,69.2885,531,23533,0.735984,0.61,1,1926403,1925872,531
146833921,71.8849,77.0577,522,23623,0.747197,0.63,1,1926473,1925951,522
146836841,25.577,71.4115,466,23713,0.749439,0.63,1,1926487,1926021,466
146839761,24.3154,25.4823,476,23802,0.749888,0.63,1,1926511,1926035,476
146842681,74.4631,24.2965,539,23891,0.781978,0.69,2,1926598,1926059,539
146845601,111.693,72.0593,576,23980,0.852395,0.73,2,1926719,1926143,576
146848521,23.9385,109.612,459,24068,0.866479,0.77,2,1926721,1926262,459
146851441,51.1877,69.1224,458,24156,0.869296,0.73,2,1926779,1926321,458
146944881,43,30,514,26819,0.73,1,1,1928669,1928155,514
146947801,55.8,34,538,26898,0.618,1,1,1928728,1928190,538
146950721,36.76,70.8,490,26977,0.5796,1,1,1928760,1928270,490
146953641,75.352,83.76,488,27056,0.52392,1,1,1928845,1928357,488
146956561,39.8704,43.152,486,27134,0.464784,1,1,1928876,1928390,486
146959481,19.9741,30.2304,474,27212,0.404957,1,1,1928891,1928417,474
146962401,53.5948,54.0461,476,27290,0.472991,0.77,1,1928953,1928477,476
146965321,89.119,102.809,459,27368,0.342598,0.69,1,1929051,1928592,459
146968241,43.4238,47.7618,457,27445,0.33252,0.73,1,1929083,1928626,457
146971161,42.2848,43.9524,456,27522,0.314504,0.59,1,1929125,1928669,456
146974081,49.257,55.9905,448,27599,0.310901,0.57,1,1929176,1928728,448
146977001,33.0514,36.7981,445,27676,0.35818,0.51,1,1929205,1928760,445
146979921,72.2103,75.3596,442,27753,0.351636,0.45,1,1929287,1928845,442
146982841,39.2421,39.8719,442,27829,0.414327,0.39,1,1929318,1928876,442
146985761,18.2484,19.9744,440,27905,0.426865,0.49,1,1929331,1928891,440
146988681,53.2497,53.5949,440,27981,0.509373,0.31,1,1929393,1928953,440
146991601,86.6499,89.119,437,28057,0.509875,0.33,1,1929488,1929051,437
146994521,42.13,43.4238,436,28132,0.493975,0.31,1,1929519,1929083,436
146997441,43.626,42.2848,438,28207,0.522795,0.31,1,1929563,1929125,438
147000361,48.7252,49.257,437,28282,0.576559,0.37,1,1929613,1929176,437
147003281,35.345,33.0514,440,28357,0.555312,0.37,1,1929645,1929205,440
147006201,73.469,6.61028,523,28432,0.551062,0.35,1,1929728,1929205,523
147009121,39.4938,66.9221,472,28506,0.534212,0.43,1,1929759,1929287,472
147012041,17.4988,38.1844,453,28580,0.530843,0.43,1,1929771,1929318,453
147014961,57.0998,18.0369,507,28654,0.562168,0.53,1,1929838,1929331,507
147017881,88.22,53.2074,541,28728,0.632434,0.51,1,1929934,1929393,541
147020801,44.044,86.6415,479,28802,0.630487,0.49,1,1929967,1929488,479
147023721,43.2088,42.1283,491,28876,0.694097,0.53,1,1930010,1929519,491
147026641,49.4418,43.6257,498,28949,0.75482,0.59,2,1930061,1929563,498
147029561,35.4884,48.7251,480,29022,0.782964,0.55,2,1930093,1929613,480
147032481,73.4977,35.345,531,29095,0.788593,0.55,2,1930176,1929645,531
147035401,38.6995,73.469,478,29168,0.789719,0.53,2,1930206,1929728,478
147038321,18.1399,39.4938,460,29241,0.789944,0.53,2,1930219,1929759,460
147041241,58.028,17.4988,516,29313,0.805989,0.57,2,1930287,1929771,516
147044161,91.6056,57.0998,549,29385,0.809198,0.65,2,1930387,1929838,549
147047081,45.5211,88.22,487,29457,0.80984,0.63,2,1930421,1929934,487
147050001,45.9042,44.044,500,29529,0.809968,0.71,2,1930467,1929967,500
147052921,51.5808,43.2088,510,29601,0.841994,0.77,2,1930520,1930010,510
147055841,36.7162,49.4418,492,29673,0.864399,0.79,2,1930553,1930061,492
147058761,73.7432,35.4884,543,29744,0.90088,0.79,2,1930636,1930093,543
147061681,38.7486,73.4977,490,29815,0.908176,0.79,2,1930666,1930176,490
147064601,9.34973,38.6995,462,29886,0.909635,0.79,2,1930668,1930206,462
147067521,13.0699,18.1399,463,29957,0.909927,0.81,2,1930682,1930219,463
147187241,35,18,525,32729,0.79,1,2,1932661,1932136,525
147190161,35,29.2,528,32794,0.758,1,2,1932696,1932168,528
147193081,57.4,94.64,480,32858,0.7196,1,1,1932759,1932279,480
147196001,41.08,47.728,481,32922,0.64792,1,1,1932796,1932315,481
147198921,54.616,51.1456,487,32986,0.553584,1,1,1932854,1932367,487
147201841,39.7232,37.4291,489,33050,0.502717,1,1,1932890,1932401,489
147204761,35.9446,37.8858,486,33114,0.476543,1,1,1932925,1932439,486
147207681,63.1889,65.1772,484,33178,0.391309,0.98,1,1932995,1932511,484
147210601,33.4378,44.2354,471,33242,0.374262,0.92,1,1933021,1932550,471
147213521,40.2876,45.6471,467,33306,0.322852,0.87,1,1933063,1932596,467
147216441,32.8575,33.1294,468,33370,0.32857,0.79,1,1933094,1932626,468
147219361,29.7715,34.6259,462,33433,0.281714,0.75,1,1933123,1932661,462
147222281,32.3543,34.9252,460,33496,0.272343,0.71,1,1933156,1932696,460
147225201,52.8709,57.385,455,33559,0.238469,0.63,1,1933214,1932759,455
147228121,37.7742,41.077,452,33622,0.231694,0.53,1,1933248,1932796,452
147231041,48.3548,54.6154,445,33685,0.230339,0.49,1,1933299,1932854,445
147233961,39.271,39.7231,446,33748,0.294068,0.47,1,1933336,1932890,446
147236881,33.4542,35.9446,443,33811,0.290814,0.37,1,1933368,1932925,443
147239801,58.6908,63.1889,438,33874,0.306163,0.37,1,1933433,1932995,438
147242721,34.1382,33.4378,440,33936,0.389233,0.31,1,1933461,1933021,440
147245641,37.2276,40.2876,436,33998,0.373847,0.33,1,1933499,1933063,436
147248561,30.6455,32.8575,434,34060,0.370769,0.27,1,1933528,1933094,434
147251481,29.3291,29.7715,434,34122,0.418154,0.27,1,1933557,1933123,434
147254401,31.4658,32.3543,433,34184,0.395631,0.23,1,1933589,1933156,433
147257321,51.8932,52.8709,432,34246,0.407126,0.23,1,1933646,1933214,432
147260241,34.3786,10.5742,462,34308,0.425425,0.23,1,1933676,1933214,462
147263161,50.0757,29.3148,482,34370,0.429085,0.23,1,1933730,1933248,482
147266081,42.0151,46.663,471,34432,0.429817,0.31,1,1933770,1933299,471
147269001,36.403,38.9326,469,34493,0.397963,0.29,1,1933805,1933336,469
147271921,58.4806,33.3865,501,34554,0.423593,0.31,1,1933869,1933368,501
147274841,36.4961,58.6773,467,34615,0.412719,0.41,1,1933900,1933433,467
147277761,37.6992,34.1355,477,34676,0.426544,0.37,1,1933938,1933461,477
147280681,30.7398,37.2271,468,34737,0.445309,0.37,1,1933967,1933499,468
147283601,30.148,30.6454,469,34798,0.497062,0.43,1,1933997,1933528,469
147286521,31.6296,29.3291,472,34859,0.523412,0.39,1,1934029,1933557,472
147289441,52.7259,31.4658,498,34920,0.560682,0.41,1,1934087,1933589,498
147292361,35.3452,51.8932,472,34981,0.584136,0.43,1,1934118,1933646,472
147295281,50.269,34.3786,496,35041,0.604827,0.43,1,1934172,1933676,496
147298201,42.0538,50.0757,482,35101,0.608965,0.43,1,1934212,1933730,482
147301121,35.6108,42.0151,476,35161,0.577793,0.39,1,1934246,1933770,476
147304041,59.1222,36.403,506,35221,0.603559,0.43,1,1934311,1933805,506
147306961,35.8244,58.4806,472,35281,0.624712,0.41,1,1934341,1933869,472
147309881,38.3649,36.4961,480,35341,0.644942,0.43,1,1934380,1933900,480
147312801,31.673,37.6992,472,35401,0.664988,0.45,1,1934410,1933938,472
147315721,32.7346,30.7398,476,35461,0.668998,0.51,1,1934443,1933967,476
147318641,32.9469,30.148,479,35521,0.7018,0.53,1,1934476,1933997,479
147321561,54.5894,31.6296,507,35581,0.72436,0.57,1,1934536,1934029,507
147324481,36.5179,52.7259,481,35640,0.728872,0.59,1,1934568,1934087,481
147327401,8.90357,35.3452,452,35699,0.729774,0.61,1,1934570,1934118,452
147330321,44.9807,50.269,452,35758,0.761955,0.61,2,1934624,1934172,452
147333241,40.9961,42.0538,452,35817,0.800391,0.57,2,1934664,1934212,452
147336161,34.5992,35.6108,451,35876,0.792078,0.61,2,1934697,1934246,451
147339081,59.7198,59.1222,452,35935,0.902416,0.63,2,1934763,1934311,452
147342001,36.744,35.8244,453,35994,0.908483,0.65,2,1934794,1934341,453
147344921,39.3488,38.3649,454,36053,0.909697,0.67,2,1934834,1934380,454
147356601,61,60,458,36287,0.95,0.73,2,1934994,1934536,458
147534721,34,33,491,39683,0.83,1,2,1937331,1936840,491
147537641,37.2,45.8,480,39736,0.654,1,1,1937369,1936889,480
147540561,40.24,35.56,488,39789,0.4268,1,1,1937410,1936922,488
147543481,51.248,50.312,488,39842,0.26936,1,1,1937464,1936976,488
147546401,43.0496,42.0624,489,39895,0.141872,1,1,1937505,1937016,489
147549321,35.0099,37.2125,486,39948,0.0523744,1,1,1937538,1937052,486
147552241,31.802,27.4425,492,40001,0.0664749,1,1,1937569,1937077,492
147555161,32.7604,36.6885,486,40054,0.013295,0.95,1,1937602,1937116,486
147558081,40.1521,36.1377,492,40107,0.026659,0.95,1,1937644,1937152,492
147561001,32.8304,7.22754,523,40160,0.0293318,1,1,1937675,1937152,523
147563921,25.7661,31.0455,510,40213,0.0138664,1,1,1937699,1937189,510
147566841,32.3532,33.4091,510,40266,0.00277327,0.86,1,1937733,1937223,510
147569761,28.8706,36.2818,501,40318,0.0405547,0.88,1,1937761,1937260,501
147572681,28.1741,36.8564,492,40370,0.0321109,0.83,1,1937789,1937297,492
147575601,29.6348,34.5713,488,40422,0.0144222,0.61,1,1937819,1937331,488
147578521,33.127,37.3143,484,40474,0.0108844,0.37,1,1937853,1937369,484
147581441,36.2254,40.2628,480,40526,0.0261769,0.23,1,1937890,1937410,480
147584361,37.6451,51.2526,464,40578,0.0612354,0.11,1,1937928,1937464,464
147587281,32.329,43.0505,454,40630,0.0202471,0.03,1,1937959,1937505,454
147590201,33.6658,35.0101,455,40682,0.0120494,0.07,1,1937993,1937538,455
147593121,33.1332,31.802,457,40734,0.0104099,0,1,1938026,1937569,457
147596041,39.4266,32.7604,465,40786,0.042082,0.03,1,1938067,1937602,465
147598961,31.0853,40.1521,452,40838,0.0484164,0.03,1,1938096,1937644,452
147601881,25.4171,32.8304,445,40890,0.0496833,0.01,1,1938120,1937675,445
147604801,33.0834,25.7661,456,40942,0.0499367,0,1,1938155,1937699,456
147607721,29.0167,32.3532,450,40994,0.0339873,0.05,1,1938183,1937733,450
147610641,27.4033,28.8706,449,41045,0.0627975,0.03,1,1938210,1937761,449
147613561,30.2807,28.1741,452,41096,0.0525595,0.01,1,1938241,1937789,452
147616481,34.0561,29.6348,457,41147,0.0345119,0.01,1,1938276,1937819,457
147619401,36.4112,33.127,460,41198,0.0469024,0.03,1,1938313,1937853,460
147622321,38.4822,36.2254,462,41249,0.0333805,0.07,1,1938352,1937890,462
147625241,31.6964,37.6451,454,41300,0.0306761,0.01,1,1938382,1937928,454
147628161,32.7393,32.329,456,41351,0.0781352,0.01,1,1938415,1937959,456
147631081,32.1479,33.6658,454,41402,0.023627,0.01,1,1938447,1937993,454
147634001,39.2296,33.1332,462,41453,0.0287254,0.05,1,1938488,1938026,462
147636921,31.0459,39.4266,450,41504,0.0297451,0.05,1,1938517,1938067,450
147639841,7.80918,31.0853,423,41555,0.029949,0.05,1,1938519,1938096,423
147642761,25.5618,25.4171,429,41606,0.0459898,0.05,1,1938549,1938120,429
147645681,27.5124,33.0834,422,41657,0.081198,0.03,1,1938577,1938155,422
147648601,28.7025,29.0167,423,41708,0.0242396,0.07,1,1938606,1938183,423
147651521,28.1405,27.4033,424,41759,0.0288479,0.05,1,1938634,1938210,424
147654441,31.2281,30.2807,425,41810,0.0457696,0.03,1,1938666,1938241,425
147657361,32.6456,34.0561,423,41860,0.0971539,0.05,1,1938699,1938276,423
147660281,36.1291,36.4112,423,41910,0.107431,0.03,1,1938736,1938313,423
147663201,38.4258,38.4822,423,41960,0.0774861,0.03,1,1938775,1938352,423
147666121,30.8852,31.6964,422,42010,0.0554972,0.09,1,1938804,1938382,422
147669041,32.577,32.7393,422,42060,0.0510994,0.01,1,1938837,1938415,422
147671961,32.1154,32.1479,422,42110,0.0182199,0.03,1,1938869,1938447,422
147674881,40.8231,39.2296,424,42160,0.027644,0.03,1,1938912,1938488,424
147677801,30.5646,31.0459,423,42210,0.0615288,0.03,1,1938940,1938517,423
147680721,7.71292,7.80918,423,42260,0.0843058,0.05,1,1938942,1938519,423
147683641,26.3426,25.5618,424,42310,0.0408612,0.09,1,1938973,1938549,424
147686561,27.6685,27.5124,424,42360,0.0481722,0.01,1,1939001,1938577,424
147689481,27.1337,28.7025,422,42410,0.0816344,0.03,1,1939028,1938606,422
147692401,28.6267,28.1405,423,42460,0.0403269,0.05,1,1939057,1938634,423
147695321,32.1253,31.2281,424,42510,0.0800654,0.11,1,1939090,1938666,424
147698241,33.6251,32.6456,425,42560,0.104013,0.11,1,1939124,1938699,425
147701161,36.325,36.1291,425,42610,0.0768026,0.07,1,1939161,1938736,425
147704081,36.865,38.4258,423,42660,0.119361,0.05,1,1939198,1938775,423
147707001,29.773,30.8852,422,42709,0.0958721,0.05,1,1939226,1938804,422
147709921,32.3546,32.577,422,42758,0.0271744,0.01,1,1939259,1938837,422
147712841,32.0709,32.1154,422,42807,0.0134349,0.03,1,1939291,1938869,422
147715761,41.6142,40.8231,423,42856,0.026687,0.07,1,1939335,1938912,423
147718681,31.5228,30.5646,424,42905,0.0613374,0.09,1,1939364,1938940,424
147721601,7.90457,7.71292,424,42954,0.0682675,0.03,1,1939366,1938942,424
147724521,25.5809,26.3426,423,43003,0.0696535,0.03,1,1939396,1938973,423
147727441,27.5162,5.26852,451,43052,0.0699307,0.05,1,1939424,1938973,451
147730361,27.1032,23.4537,450,43101,0.0539861,0.09,1,1939451,1939001,450
147733281,29.4206,26.2907,453,43150,0.0507972,0.03,1,1939481,1939028,453
147736201,33.0841,28.4581,458,43199,0.0341594,0.09,1,1939515,1939057,458
147739121,33.8168,32.0916,459,43248,0.0468319,0.11,1,1939549,1939090,459
147742041,35.5634,33.6183,461,43297,0.0653664,0.07,1,1939585,1939124,461
147744961,37.5127,36.3237,462,43346,0.0850733,0.13,1,1939623,1939161,462
147747881,29.9025,36.8647,453,43395,0.105015,0.09,1,1939651,1939198,453
147750801,29.1805,29.7729,454,43444,0.109003,0.01,1,1939680,1939226,454
147753721,31.4361,32.3546,453,43493,0.0938006,0.01,1,1939712,1939259,453
147756641,43.0872,32.0709,467,43542,0.0267601,0.03,1,1939758,1939291,467
147759561,32.6174,41.6142,453,43590,0.029352,0.07,1,1939788,1939335,453
147762481,8.12349,31.5228,426,43638,0.0298704,0.07,1,1939790,1939364,426
147765401,25.6247,7.90457,454,43686,0.0459741,0.07,1,1939820,1939366,454
147768321,27.5249,25.5809,452,43734,0.0651948,0.07,1,1939848,1939396,452
147771241,26.305,27.5162,450,43782,0.101039,0.05,1,1939874,1939424,450
147774161,27.661,27.1032,451,43830,0.124208,0.05,1,1939902,1939451,451
147777081,33.5322,29.4206,456,43878,0.112842,0.03,1,1939937,1939481,456
147780001,34.7064,33.0841,457,43926,0.0945683,0.05,1,1939972,1939515,457
147782921,36.5413,33.8168,460,43974,0.122914,0.07,1,1940009,1939549,460
147785841,38.5083,35.5634,463,44022,0.176583,0.09,1,1940048,1939585,463
147788761,31.7017,37.5127,455,44070,0.203317,0.11,1,1940078,1939623,455
147791681,28.7403,29.9025,455,44118,0.224663,0.11,1,1940106,1939651,455
147794601,28.9481,29.1805,455,44166,0.244933,0.09,1,1940135,1939680,455
147797521,40.9896,31.4361,467,44214,0.216987,0.01,1,1940179,1939712,467
147800441,32.9979,43.0872,452,44262,0.259397,0.03,1,1940210,1939758,452
147803361,8.19958,32.6174,424,44310,0.267879,0.03,1,1940212,1939788,424
147806281,26.4399,8.12349,453,44358,0.253576,0.05,1,1940243,1939790,453
147809201,29.288,25.6247,453,44406,0.250715,0.07,1,1940273,1939820,453
147812121,27.4576,27.5249,452,44454,0.250143,0.11,1,1940300,1939848,452
147815041,7.09152,26.305,428,44501,0.250029,0.13,1,1940302,1939874,428
147817961,23.8183,27.661,428,44548,0.282006,0.11,1,1940330,1939902,428
147820881,31.9637,33.5322,427,44595,0.256401,0.09,1,1940364,1939937,427
147823801,33.5927,34.7064,426,44642,0.25128,0.13,1,1940398,1939972,426
147826721,39.5185,36.5413,430,44689,0.314256,0.19,1,1940439,1940009,430
147829641,40.7037,38.5083,432,44736,0.358851,0.21,1,1940480,1940048,432
147832561,32.9407,31.7017,433,44783,0.36777,0.23,1,1940511,1940078,433
147835481,28.9881,28.7403,433,44830,0.417554,0.25,1,1940539,1940106,433
147838401,29.7976,28.9481,434,44877,0.427511,0.21,1,1940569,1940135,434
147841321,40.3595,40.9896,433,44924,0.445502,0.27,1,1940612,1940179,433
147844241,34.4719,32.9979,435,44971,0.4651,0.27,1,1940645,1940210,435
147847161,8.49438,8.19958,435,45018,0.46902,0.25,1,1940647,1940212,435
147850081,25.6989,26.4399,434,45065,0.437804,0.25,1,1940677,1940243,434
147853001,29.1398,29.288,434,45112,0.447561,0.25,1,1940707,1940273,434
147855921,27.428,27.4576,434,45159,0.513512,0.25,1,1940734,1940300,434
147858841,7.08559,7.09152,434,45206,0.494702,0.29,1,1940736,1940302,434
147861761,23.8171,23.8183,434,45253,0.50694,0.25,1,1940764,1940330,434
147864681,31.9634,31.9637,434,45300,0.541388,0.25,1,1940798,1940364,434
147867601,33.5927,33.5927,434,45347,0.596278,0.33,1,1940832,1940398,434
147870521,42.7185,39.5185,438,45394,0.607256,0.37,1,1940877,1940439,438
147873441,41.3437,40.7037,438,45440,0.657451,0.37,1,1940918,1940480,438
147876361,35.4687,32.9407,441,45486,0.63549,0.43,1,1940952,1940511,441
147879281,30.2937,28.9881,442,45532,0.631098,0.43,1,1940981,1940539,442
147882201,30.8588,29.7976,443,45578,0.61422,0.45,1,1941012,1940569,443
147885121,41.3718,40.3595,444,45624,0.610844,0.47,1,1941056,1940612,444
147888041,33.8743,34.4719,443,45670,0.642169,0.47,1,1941088,1940645,443
147890961,8.37487,8.49438,443,45716,0.648434,0.43,1,1941090,1940647,443
147893881,25.675,25.6989,443,45762,0.617687,0.45,1,1941120,1940677,443
147896801,29.935,29.1398,444,45808,0.611537,0.53,1,1941151,1940707,444
147899721,29.987,27.428,447,45854,0.674307,0.49,1,1941181,1940734,447
147902641,7.5974,7.08559,447,45900,0.686862,0.51,1,1941183,1940736,447
147905561,23.9195,23.8171,447,45946,0.657372,0.51,1,1941211,1940764,447
147908481,32.7839,4.76342,482,45992,0.683474,0.55,1,1941246,1940764,482
147911401,34.5568,28.1527,483,46038,0.704695,0.61,1,1941281,1940798,483
147914321,43.7114,32.8305,495,46084,0.676939,0.61,1,1941327,1940832,495
147917241,43.1423,42.5661,493,46130,0.655388,0.67,1,1941370,1940877,493
147920161,35.0285,41.3132,485,46176,0.651078,0.63,1,1941403,1940918,485
147923081,31.0057,35.4626,481,46222,0.666216,0.63,1,1941433,1940952,481
147926001,30.2011,30.2925,482,46268,0.685243,0.61,1,1941463,1940981,482
147928921,41.2402,30.8585,495,46314,0.721049,0.61,1,1941507,1941012,495
147931841,33.848,41.3717,483,46360,0.72821,0.65,1,1941539,1941056,483
147934761,8.36961,33.8743,453,46405,0.729642,0.65,1,1941541,1941088,453
147937681,26.4739,8.37487,482,46450,0.761928,0.61,2,1941572,1941090,482
147940601,30.0948,25.675,483,46495,0.784386,0.61,2,1941603,1941120,483
147943521,30.819,29.935,483,46540,0.788877,0.69,2,1941634,1941151,483
147946441,7.76379,29.987,455,46585,0.789775,0.69,2,1941636,1941181,455
147949361,23.9528,7.5974,481,46630,0.789955,0.65,2,1941664,1941183,481
147952281,34.3906,23.9195,490,46675,0.805991,0.69,2,1941701,1941211,490
147955201,35.6781,32.7839,491,46720,0.841198,0.71,2,1941737,1941246,491
147958121,42.3356,34.5568,500,46765,0.86424,0.67,2,1941781,1941281,500
147961041,42.0671,43.7114,496,46810,0.868848,0.65,2,1941823,1941327,496
147963961,34.8134,43.1423,486,46855,0.85377,0.65,2,1941856,1941370,486
147966881,31.7627,35.0285,484,46900,0.882754,0.67,2,1941887,1941403,484
147969801,31.1525,31.0057,485,46945,0.904551,0.69,2,1941918,1941433,485
148142081,37,27,529,49526,0.87,1,2,1943686,1943157,529
148145001,32.2,24.6,536,49569,0.822,1,2,1943717,1943181,536
148147921,20.84,30.52,522,49612,0.7644,1,2,1943735,1943213,522
148150841,18.568,34.904,504,49654,0.81688,1,2,1943753,1943249,504
148153761,29.3136,28.5808,509,49696,0.843376,1,2,1943785,1943276,509
148156681,28.2627,28.9162,508,49738,0.800675,1,2,1943813,1943305,508
148159601,53.6525,28.1832,540,49780,0.776135,0.93,2,1943873,1943333,540
148162521,36.3305,56.0366,509,49822,0.771227,1,2,1943905,1943396,509
148165441,28.8661,35.2073,506,49864,0.834245,1,2,1943932,1943426,506
148168361,28.9732,33.4415,502,49906,0.782849,1,2,1943961,1943459,502
148171281,24.1946,26.6883,500,49948,0.75657,0.98,2,1943984,1943484,500
148174201,24.8389,28.5377,496,49990,0.735314,0.99,1,1944009,1943513,496
148177121,30.5678,24.9075,504,50032,0.763063,1,2,1944041,1943537,504
148180041,26.1136,30.5815,497,50074,0.784613,1,2,1944066,1943569,497
148182961,23.6227,26.1163,495,50116,0.804923,0.9,2,1944089,1943594,495
148185881,24.7245,28.4233,491,50158,0.792984,0.87,2,1944114,1943623,491
148188801,32.1449,26.4847,499,50200,0.806597,0.87,2,1944148,1943649,499
148191721,31.229,34.8969,493,50242,0.825319,0.81,2,1944179,1943686,493
148194641,19.0458,31.7794,478,50284,0.861064,0.75,2,1944195,1943717,478
148197561,5.40916,20.7559,462,50326,0.868213,0.83,2,1944197,1943735,462
148200481,15.4818,18.5512,462,50368,0.837642,0.85,2,1944215,1943753,462
148203401,28.6964,29.3102,462,50410,0.799528,0.79,2,1944247,1943785,462
148206321,25.7393,28.262,459,50452,0.823906,0.77,2,1944272,1943813,459
148209241,53.9479,53.6524,460,50494,0.876781,0.77,2,1944333,1943873,460
148212161,36.3896,36.3305,460,50536,0.887356,0.85,2,1944365,1943905,460
148215081,28.8779,28.8661,460,50578,0.889471,0.77,2,1944392,1943932,460
148469121,84,56,527,24990,0.21,0.9,1,1946926,1946399,527
148472041,57.6,75.2,498,25075,0.114,0.93,1,1946977,1946479,498
148474961,69.92,67.84,505,25160,0.1108,0.73,1,1947050,1946545,505
148477881,42.784,62.368,480,25244,0.14216,0.57,1,1947086,1946606,480
148480801,58.1568,63.6736,478,25328,0.180432,0.41,1,1947148,1946670,478
148483721,35.6314,59.1347,450,25412,0.156086,0.31,1,1947178,1946728,450
148486641,32.7263,35.0269,453,25495,0.199217,0.31,1,1947210,1946757,453
148489561,57.7453,29.4054,489,25578,0.191843,0.25,1,1947274,1946785,489
148492481,78.7491,51.4811,516,25661,0.254369,0.21,1,1947358,1946842,516
148495401,51.7498,77.4962,477,25744,0.250874,0.09,1,1947403,1946926,477
148498321,68.75,56.2992,499,25826,0.266175,0.11,1,1947476,1946977,499
148501241,44.15,69.6598,464,25908,0.301235,0.15,1,1947514,1947050,464
148504161,58.43,42.732,490,25990,0.356247,0.19,1,1947576,1947086,490
148507081,37.286,58.1464,460,26072,0.383249,0.15,1,1947608,1947148,460
148510001,32.2572,35.6293,461,26153,0.37265,0.21,1,1947639,1947178,461
148512921,60.8514,32.7259,497,26234,0.33853,0.19,1,1947707,1947210,497
148515841,80.1703,57.7452,518,26315,0.411706,0.27,1,1947792,1947274,518
148518761,51.2341,78.749,478,26396,0.426341,0.25,1,1947836,1947358,478
148521681,70.2468,51.7498,508,26476,0.525268,0.27,1,1947911,1947403,508
148524601,45.2494,68.75,474,26556,0.529054,0.31,1,1947950,1947476,474
148527521,61.0499,44.15,501,26636,0.561811,0.37,1,1948015,1947514,501
148530441,38.61,58.43,472,26716,0.568362,0.39,1,1948048,1947576,472
148533361,31.722,37.286,470,26795,0.585672,0.37,1,1948078,1947608,470
148536281,60.7444,32.2572,507,26874,0.605134,0.33,1,1948146,1947639,507
148539201,13.7489,60.8514,441,26953,0.609027,0.43,1,1948148,1947707,441
148542121,72.3498,80.1703,443,27032,0.625805,0.43,1,1948235,1947792,443
148545041,49.67,51.2341,443,27110,0.629161,0.55,1,1948279,1947836,443
148547961,73.134,70.2468,447,27188,0.677832,0.53,1,1948358,1947911,447
148550881,47.4268,45.2494,449,27266,0.735566,0.57,1,1948399,1947950,449
148553801,63.0854,61.0499,451,27344,0.795113,0.57,2,1948466,1948015,451
148556721,38.2171,38.61,450,27421,0.807023,0.59,2,1948498,1948048,450
148559641,32.4434,31.722,451,27498,0.761405,0.61,2,1948529,1948078,451
148562561,61.6887,60.7444,452,27575,0.800281,0.61,2,1948598,1948146,452
148565481,13.9377,13.7489,452,27652,0.776056,0.63,2,1948600,1948148,452
148568401,71.5876,72.3498,451,27729,0.787211,0.63,2,1948686,1948235,451
148571321,49.5175,49.67,451,27805,0.821442,0.69,2,1948730,1948279,451
148574241,77.9035,73.134,457,27881,0.892288,0.75,2,1948815,1948358,457
148685201,65,70,482,30635,0.79,1,2,1950708,1950226,482
148688121,54.6,50.8,488,30704,0.742,1,1,1950760,1950272,488
148691041,64.52,66.96,484,30773,0.6364,1,1,1950827,1950343,484
148693961,37.704,40.592,481,30842,0.64728,1,1,1950858,1950377,481
148696881,34.7408,36.9184,479,30911,0.553456,1,1,1950892,1950413,479
148699801,64.5482,61.7837,483,30979,0.598691,1,1,1950964,1950481,483
148702721,27.3096,30.7567,478,31047,0.591738,0.99,1,1950982,1950504,478
148705641,51.8619,58.1513,471,31115,0.638348,0.84,1,1951040,1950569,471
148708561,39.9724,44.4303,467,31183,0.64767,0.83,1,1951077,1950610,467
148711481,31.9945,35.2861,464,31251,0.633534,0.79,1,1951107,1950643,464
148714401,53.5989,59.0572,458,31319,0.662707,0.79,1,1951166,1950708,458
148717321,48.3198,11.8114,505,31387,0.668541,0.73,1,1951213,1950708,505
148720241,62.464,43.9623,519,31454,0.685708,0.61,1,1951279,1950760,519
148723161,36.4928,62.3925,482,31521,0.705142,0.65,1,1951309,1950827,482
148726081,32.8986,37.2785,483,31588,0.725028,0.53,1,1951341,1950858,483
148729001,64.9797,34.6557,522,31655,0.761006,0.61,2,1951414,1950892,522
148731921,25.7959,64.5311,466,31722,0.736201,0.59,1,1951430,1950964,466
148734841,53.1592,27.3062,508,31789,0.71524,0.65,1,1951490,1950982,508
148737761,41.0318,51.8612,488,31856,0.743048,0.65,1,1951528,1951040,488
148740681,31.4064,39.9722,480,31922,0.73261,0.63,1,1951557,1951077,480
148743601,55.8813,31.9944,512,31988,0.746522,0.67,1,1951619,1951107,512
148746521,50.3763,53.5989,502,32054,0.765304,0.67,2,1951668,1951166,502
148749441,61.2753,48.3198,519,32120,0.801061,0.69,2,1951732,1951213,519
148752361,37.0551,62.464,484,32186,0.824212,0.71,2,1951763,1951279,484
148755281,35.411,36.4928,489,32252,0.860842,0.73,2,1951798,1951309,489
148758201,65.4822,32.8986,530,32318,0.916169,0.77,2,1951871,1951341,530
148761121,26.6964,64.9797,474,32383,0.943234,0.73,2,1951888,1951414,474
148764041,53.3393,25.7959,518,32448,0.948647,0.71,2,1951948,1951430,518
148912961,37,35,516,35620,0.67,1,1,1954150,1953634,516
148915881,41,32.6,526,35679,0.558,1,1,1954192,1953666,526
148918801,38.6,39.32,523,35738,0.4556,1,1,1954230,1953707,523
148921721,33.32,35.864,520,35797,0.38712,1,1,1954262,1953742,520
148924641,26.664,41.5728,502,35856,0.293424,1,1,1954287,1953785,502
148927561,40.5328,53.9146,489,35915,0.258685,1,1,1954331,1953842,489
148930481,34.5066,39.5829,486,35974,0.235737,0.89,1,1954364,1953878,486
148933401,50.9013,55.1166,482,36033,0.167147,1,1,1954419,1953937,482
148936321,36.5803,36.6233,483,36092,0.153429,1,1,1954452,1953969,483
148939241,35.3161,44.9247,471,36151,0.182686,0.89,1,1954487,1954016,471
148942161,46.2632,54.5849,463,36209,0.156537,0.81,1,1954536,1954073,463
148945081,36.4526,42.917,457,36267,0.183307,0.67,1,1954570,1954113,457
148948001,31.2905,38.1834,450,36325,0.156661,0.53,1,1954600,1954150,450
148950921,37.4581,41.2367,447,36383,0.199332,0.43,1,1954639,1954192,447
148953841,36.2916,38.6473,445,36441,0.223866,0.37,1,1954675,1954230,445
148956761,25.6583,33.3295,436,36499,0.228773,0.27,1,1954698,1954262,436
148959681,24.3317,26.6659,435,36557,0.277755,0.25,1,1954722,1954287,435
148962601,37.6663,40.5332,432,36615,0.287551,0.23,1,1954763,1954331,432
148965521,33.1333,34.5066,431,36673,0.25751,0.15,1,1954795,1954364,431
148968441,48.2267,50.9013,428,36731,0.283502,0.15,1,1954847,1954419,428
148971361,36.0453,36.5803,428,36789,0.2727,0.19,1,1954880,1954452,428
148974281,36.0091,35.3161,429,36846,0.33454,0.15,1,1954916,1954487,429
148977201,44.8018,46.2632,427,36903,0.314908,0.19,1,1954963,1954536,427
148980121,37.7604,36.4526,429,36960,0.342982,0.15,1,1954999,1954570,429
148983041,28.3521,31.2905,425,37017,0.348596,0.21,1,1955025,1954600,425
148985961,42.4704,37.4581,432,37074,0.381719,0.23,1,1955071,1954639,432
148988881,37.2941,36.2916,432,37131,0.420344,0.23,1,1955107,1954675,432
148991801,26.6588,25.6583,433,37188,0.460069,0.23,1,1955131,1954698,433
148994721,24.5318,5.13166,457,37245,0.436014,0.29,1,1955155,1954698,457
148997641,39.3064,20.2263,476,37302,0.431203,0.29,1,1955198,1954722,476
149000561,32.6613,36.8453,466,37359,0.430241,0.25,1,1955229,1954763,466
149003481,48.9323,32.9691,487,37416,0.494048,0.29,1,1955282,1954795,487
149006401,35.3865,48.1938,467,37472,0.50681,0.27,1,1955314,1954847,467
149009321,37.4773,36.0388,472,37528,0.509362,0.35,1,1955352,1954880,472
149012241,45.0955,36.0078,483,37584,0.525872,0.31,1,1955399,1954916,483
149015161,37.8191,44.8016,472,37640,0.545174,0.35,1,1955435,1954963,472
149018081,28.3638,37.7603,462,37696,0.549035,0.35,1,1955461,1954999,462
149021001,45.6728,28.3521,486,37752,0.565807,0.39,1,1955511,1955025,486
149023921,39.5346,42.4704,478,37808,0.585161,0.43,1,1955549,1955071,478
149026841,27.1069,37.2941,466,37864,0.589032,0.47,1,1955573,1955107,466
149029761,24.6214,26.6588,466,37920,0.605806,0.43,1,1955597,1955131,466
149032681,39.3243,24.5318,485,37976,0.609161,0.43,1,1955640,1955155,485
149035601,34.2649,39.3064,475,38032,0.625832,0.43,1,1955673,1955198,475
149038521,50.853,32.6613,499,38088,0.677166,0.51,1,1955728,1955229,499
149041441,35.7706,48.9323,478,38143,0.703433,0.51,1,1955760,1955282,478
149044361,37.5541,35.3865,484,38198,0.740687,0.51,1,1955798,1955314,484
149047281,45.9108,37.4773,494,38253,0.764137,0.53,2,1955846,1955352,494
149050201,38.7822,45.0955,484,38308,0.800828,0.55,2,1955883,1955399,484
149053121,28.5564,37.8191,474,38363,0.824166,0.55,2,1955909,1955435,474
149056041,44.9113,28.3638,497,38418,0.844833,0.57,2,1955958,1955461,497
149058961,41.7823,45.6728,488,38473,0.800967,0.59,2,1955999,1955511,488
149061881,28.3565,39.5346,475,38528,0.792193,0.59,2,1956024,1955549,475
149064801,24.8713,27.1069,475,38583,0.790439,0.61,2,1956048,1955573,475
149067721,6.57426,24.6214,453,38638,0.790088,0.61,2,1956050,1955597,453
149070641,34.9149,39.3243,452,38693,0.838018,0.63,2,1956092,1955640,452
149073561,34.183,34.2649,453,38748,0.815604,0.69,2,1956126,1955673,453
149076481,53.2366,50.853,456,38803,0.827121,0.71,2,1956184,1955728,456
149079401,37.0473,35.7706,457,38857,0.877424,0.75,2,1956217,1955760,457
149082321,39.4095,37.5541,459,38911,0.903485,0.77,2,1956257,1955798,459
149085241,47.0819,45.9108,460,38965,0.924697,0.81,2,1956306,1955846,460
149088161,41.4164,38.7822,463,39019,0.912939,0.83,2,1956346,1955883,463
149091081,29.0833,28.5564,463,39073,0.910588,0.85,2,1956372,1955909,463
149094001,45.8167,44.9113,464,39127,0.942118,0.79,2,1956422,1955958,464
149289641,40,51,494,42593,0.81,1,2,1958832,1958338,494
149292561,45.6,41.4,502,42643,0.73,1,1,1958879,1958377,502
149295481,37.12,29.88,510,42692,0.682,1,1,1958914,1958404,510
149298401,37.024,25.176,523,42741,0.5764,1,1,1958951,1958428,523
149301321,33.0048,34.6352,518,42790,0.47528,1,1,1958983,1958465,518
149302781,28.201,33.327,512,42839,0.423056,1,1,1959010,1958498,512
149348041,377.64,444.265,430,18980,0.124611,0.03,1,1959475,1959045,430
149350961,138.728,132.053,455,19818,0.0969222,0.05,1,1959554,1959099,455
149353881,89.3456,95.2106,446,19925,0.0193844,0.01,1,1959631,1959185,446
149356801,84.2691,73.4421,461,20031,0.00387689,0.01,1,1959714,1959253,461
149359721,76.0538,77.0884,457,20137,0.0407754,0.01,1,1959788,1959331,457
149362641,80.8108,70.6177,470,20242,0.0801551,0.03,1,1959870,1959400,470
149365561,32.1622,53.3235,441,20347,0.040031,0.05,1,1959890,1959449,441
149368481,74.4324,31.4647,500,20451,0.0640062,0.09,1,1959975,1959475,500
149371401,76.4865,69.4929,498,20555,0.0128012,0,1,1960052,1959554,498
149374321,81.6973,75.4986,504,20658,0.00256025,0,1,1960135,1959631,504
149377241,78.7395,81.4997,499,20761,0.0245121,0.05,1,1960213,1959714,499
149380161,82.1479,75.4999,508,20863,0.0449024,0.09,1,1960296,1959788,508
149383081,30.8296,80.7,444,20965,0.0649805,0.03,1,1960314,1959870,444
149386001,7.76592,32.14,426,21066,0.0689961,0.07,1,1960316,1959890,426
149388921,68.7532,74.428,425,21167,0.0857992,0,1,1960400,1959975,425
149391841,73.7506,76.4856,423,21267,0.0251598,0,1,1960475,1960052,423
149394761,80.3501,81.6971,422,21367,0.00503197,0.03,1,1960557,1960135,422
149397681,79.27,78.7394,423,21466,0.0410064,0.05,1,1960636,1960213,423
149400601,83.854,82.1479,425,21565,0.0322013,0.07,1,1960721,1960296,425
149403521,31.9708,30.8296,426,21663,0.0304403,0.07,1,1960740,1960314,426
149406441,7.99416,7.76591,426,21761,0.0300881,0.09,1,1960742,1960316,426
149409361,68.7988,68.7532,426,21858,0.110018,0.01,1,1960826,1960400,426
149412281,70.5598,73.7506,422,21955,0.0300035,0,1,1960897,1960475,422
149415201,79.712,80.3501,422,22052,0.0060007,0.05,1,1960979,1960557,422
149418121,79.1424,79.27,422,22148,0.0412001,0.03,1,1961058,1960636,422
149421041,83.8285,83.854,422,22244,0.03224,0.03,1,1961143,1960721,422
149423961,31.9657,31.9708,422,22339,0.030448,0.03,1,1961162,1960740,422
149426881,7.99314,7.99416,422,22434,0.0300896,0.13,1,1961164,1960742,422
149429801,73.5986,68.7988,428,22529,0.0780179,0.13,1,1961254,1960826,428
149432721,65.9197,13.7598,492,22623,0.103604,0.01,1,1961318,1960826,492
149435641,78.7839,59.552,503,22717,0.0767207,0,1,1961400,1960897,503
149438561,78.9568,77.5104,500,22810,0.0393441,0.05,1,1961479,1960979,500
149441481,83.7914,78.7021,506,22903,0.0158688,0.03,1,1961564,1961058,506
149444401,31.9583,83.7404,440,22996,0.0431738,0.03,1,1961583,1961143,440
149447321,7.99165,31.9481,423,23088,0.0166348,0.03,1,1961585,1961162,423
149450241,76.7983,7.98962,515,23180,0.0753269,0.09,1,1961679,1961164,515
149453161,66.5597,73.5979,489,23271,0.183065,0.11,1,1961743,1961254,489
149456081,75.7119,65.9196,503,23362,0.172613,0.07,1,1961821,1961318,503
149459001,79.9424,78.7839,502,23453,0.0345226,0.03,1,1961902,1961400,502
149461921,82.3885,78.9568,506,23543,0.0309045,0.01,1,1961985,1961479,506
149464841,31.6777,83.7914,440,23633,0.0301809,0.05,1,1962004,1961564,440
149467761,7.93554,31.9583,423,23723,0.0300362,0.01,1,1962006,1961583,423
149470681,79.9871,7.99165,519,23812,0.0620072,0.09,1,1962104,1961585,519
149473601,71.9974,76.7983,495,23901,0.0684014,0.21,1,1962174,1961679,495
149476521,15.9995,66.5597,433,23990,0.0696803,0.17,1,1962176,1961743,433
149479441,63.1999,75.7119,430,24078,0.117936,0,1,1962251,1961821,430
149482361,71.84,79.9424,423,24166,0.0955872,0.03,1,1962325,1961902,423
149485281,80.768,82.3885,423,24254,0.0751174,0.03,1,1962408,1961985,423
149488201,31.3536,31.6777,423,24341,0.0390235,0.03,1,1962427,1962004,423
149491121,7.87072,7.93554,423,24428,0.0638047,0.07,1,1962429,1962006,423
149494041,81.5741,79.9871,425,24515,0.0687609,0.07,1,1962529,1962104,425
149496961,73.1148,71.9974,426,24601,0.0377522,0.07,1,1962600,1962174,426
149499881,16.223,15.9995,426,24687,0.0315504,0.13,1,1962602,1962176,426
149502801,64.8446,63.1999,428,24773,0.12631,0.09,1,1962679,1962251,428
149505721,68.9689,71.84,424,24859,0.241262,0.07,1,1962749,1962325,424
149508641,79.3938,80.768,423,24944,0.264252,0.03,1,1962831,1962408,423
149511561,31.0788,31.3536,423,25029,0.28485,0.07,1,1962850,1962427,423
149514481,7.81575,7.87072,423,25114,0.32097,0.07,1,1962852,1962429,423
149517401,82.3632,81.5741,424,25198,0.280194,0.03,1,1962953,1962529,424
149520321,71.6726,73.1148,422,25282,0.272039,0.03,1,1963022,1962600,422
149523241,15.9345,16.223,422,25366,0.270408,0.15,1,1963024,1962602,422
149526161,68.7869,64.8446,427,25450,0.302082,0.15,1,1963106,1962679,427
149529081,73.7574,12.9689,502,25533,0.340416,0.27,1,1963181,1962679,502
149532001,81.9515,58.5938,516,25616,0.396083,0.27,1,1963265,1962749,516
149534921,32.3903,77.3188,454,25699,0.407217,0.29,1,1963285,1962831,454
149537841,8.07806,30.6637,437,25781,0.409443,0.33,1,1963287,1962850,437
149540761,80.0156,7.73275,533,25863,0.441889,0.27,1,1963385,1962852,533
149543681,71.2031,82.3466,501,25945,0.480378,0.27,1,1963454,1962953,501
149546601,15.8406,71.6693,434,26027,0.488076,0.27,1,1963456,1963022,434
149549521,70.3681,15.9339,516,26108,0.521615,0.31,1,1963540,1963024,516
149552441,77.2736,68.7868,513,26189,0.576323,0.35,1,1963619,1963106,513
149555361,85.0547,73.7574,525,26270,0.651265,0.41,1,1963706,1963181,525
149558281,33.0109,81.9515,461,26351,0.682253,0.41,1,1963726,1963265,461
149561201,8.20219,32.3903,443,26431,0.688451,0.41,1,1963728,1963285,443
149564121,81.6404,8.07806,541,26511,0.68969,0.45,1,1963828,1963287,541
149567041,73.1281,80.0156,514,26591,0.705938,0.49,1,1963899,1963385,514
149569961,16.2256,71.2031,447,26671,0.709188,0.49,1,1963901,1963454,447
149572881,72.0451,15.8406,531,26750,0.693838,0.53,1,1963987,1963456,531
149575801,80.809,70.3681,530,26829,0.754768,0.59,2,1964070,1963540,530
149578721,88.1618,77.2736,541,26908,0.782954,0.67,2,1964160,1963619,541
149581641,19.2324,85.0547,456,26987,0.788591,0.69,2,1964162,1963706,456
149584561,19.8465,33.0109,456,27065,0.789718,0.69,2,1964182,1963726,456
149587481,5.56929,8.20219,456,27143,0.821944,0.69,2,1964184,1963728,456
149590401,81.1139,81.6404,456,27221,0.828389,0.71,2,1964284,1963828,456
149593321,73.8228,73.1281,457,27299,0.829678,0.71,2,1964356,1963899,457
149596241,16.3646,16.2256,457,27377,0.829936,0.69,2,1964358,1963901,457
149599161,71.2729,72.0451,456,27454,0.845987,0.77,2,1964443,1963987,456
149602081,82.2546,80.809,458,27531,0.897197,0.79,2,1964528,1964070,458
149732021,125,207,500,13462,0.03,0.43,1,1967020,1966520,500
149734941,80.2,127.8,461,13620,0.062,0.39,1,1967089,1966628,461
149737861,39.24,52.76,456,13776,0.0844,0.23,1,1967118,1966662,456
149740781,167.048,60.152,593,13930,0.07288,0.01,1,1967317,1966724,593
149743701,133.41,148.83,547,14083,0.038576,0.03,1,1967442,1966895,547
149746621,84.2819,129.766,494,14234,0.0957152,0.07,1,1967514,1967020,494
149749541,40.0564,81.1532,454,14383,0.155143,0.09,1,1967543,1967089,454
149752461,168.011,39.4306,625,14531,0.199029,0.07,1,1967743,1967118,625
149755381,130.402,167.086,547,14677,0.255806,0.03,1,1967864,1967317,547
149758301,89.2805,133.417,501,14822,0.203161,0.11,1,1967943,1967442,501
149761221,41.0561,84.2834,458,14965,0.208632,0.17,1,1967972,1967514,458
149762681,169.011,40.0567,630,15107,0.257726,0.21,1,1968173,1967543,630
149765601,35.4022,168.011,432,15248,0.267545,0.21,1,1968175,1967743,432
149768521,103.88,33.6023,553,15387,0.269509,0.27,1,1968296,1967743,553
149771441,82.3761,103.52,509,15525,0.317902,0.19,1,1968373,1967864,509
149774361,41.2752,83.9041,461,15662,0.34358,0.21,1,1968404,1967943,461
149775821,169.055,39.9808,633,15798,0.444716,0.27,1,1968605,1967972,633
149778741,36.211,168.796,435,15932,0.448943,0.27,1,1968608,1968173,435
149781661,104.842,35.3592,555,16065,0.529789,0.27,1,1968730,1968175,555
149784581,84.9684,103.872,514,16197,0.545958,0.33,1,1968810,1968296,514
149787501,41.7937,82.3744,468,16328,0.549192,0.35,1,1968841,1968373,468
149788961,169.159,41.2749,638,16458,0.693838,0.47,1,1969042,1968404,638
149791881,41.8317,169.055,447,16587,0.722768,0.45,1,1969052,1968605,447
149794801,9.96635,36.211,446,16715,0.744554,0.55,1,1969054,1968608,446
149797721,101.993,104.842,449,16842,0.828911,0.55,2,1969179,1968730,449
149800641,84.3987,84.9684,449,16968,0.845782,0.55,2,1969259,1968810,449
149803561,43.2797,41.7937,451,17093,0.833156,0.73,2,1969292,1968841,451
149806481,183.056,169.159,468,17217,0.878631,0.73,2,1969510,1969042,468
149809401,38.2112,41.8317,460,17340,0.887726,0.75,2,1969512,1969052,460
149879481,111,21,596,20177,0.69,1,1,1971547,1970951,596
149882401,76.6,104.2,539,20282,0.642,1,1,1971615,1971076,539
149885321,40.12,74.44,503,20387,0.5684,1,1,1971646,1971143,503
149888241,163.224,37.288,669,20491,0.29768,0.96,1,1971840,1971171,669
149891161,56.6448,169.058,497,20595,0.275536,0.78,1,1971870,1971373,497
149894081,32.929,58.6115,493,20698,0.223107,0.81,1,1971897,1971404,493
149897001,88.1858,37.3223,563,20800,0.196621,0.69,1,1971999,1971436,563
149899921,72.8372,96.2645,521,20902,0.0793243,0.63,1,1972068,1971547,521
149902841,33.7674,73.6529,477,21003,0.0718649,0.55,1,1972092,1971615,477
149905761,8.35349,39.5306,448,21104,0.070373,0.23,1,1972094,1971646,448
149908681,144.871,163.106,433,21205,0.0700746,0.27,1,1972273,1971840,433
149911601,52.9741,56.6212,433,21305,0.102015,0.21,1,1972303,1971870,433
149914521,29.7948,32.9242,430,21405,0.124403,0.19,1,1972327,1971897,430
149917441,85.959,88.1848,428,21504,0.160881,0.05,1,1972427,1971999,428
149920361,69.1918,72.837,424,21603,0.232176,0.07,1,1972492,1972068,424
149923281,32.2384,33.7674,423,21701,0.230435,0.07,1,1972515,1972092,423
149926201,8.04767,8.35348,423,21799,0.262087,0.07,1,1972517,1972094,423
149929121,146.41,144.871,425,21896,0.268417,0.11,1,1972698,1972273,425
149932041,53.2819,52.9741,425,21993,0.301683,0.13,1,1972728,1972303,425
149934961,31.4564,29.7948,427,22089,0.324337,0.17,1,1972754,1972327,427
149937881,88.6913,85.959,430,22185,0.392867,0.25,1,1972857,1972427,430
149940801,72.9383,69.1918,434,22281,0.470573,0.23,1,1972926,1972492,434
149943721,32.1877,32.2384,433,22376,0.486115,0.27,1,1972948,1972515,433
149946641,8.03753,8.04767,433,22471,0.489223,0.27,1,1972950,1972517,433
149949561,148.008,146.41,435,22565,0.569845,0.27,1,1973133,1972698,435
149952481,54.4015,29.2819,466,22659,0.537969,0.31,1,1973164,1972698,466
149955401,32.4803,29.8564,463,22753,0.515594,0.33,1,1973191,1972728,463
149958321,92.8961,26.7713,545,22846,0.607119,0.41,1,1973299,1972754,545
149961241,74.5792,87.7543,512,22939,0.641424,0.49,1,1973369,1972857,512
149964161,32.5158,72.7509,465,23031,0.664285,0.49,1,1973391,1972926,465
149967081,8.10317,32.1502,445,23123,0.668857,0.49,1,1973393,1972948,445
149970001,152.021,8.03003,631,23215,0.749771,0.59,1,1973581,1972950,631
149972921,54.4041,148.006,478,23306,0.765954,0.53,2,1973611,1973133,478
149975841,32.4808,54.4012,474,23397,0.769191,0.51,2,1973638,1973164,474
149978761,96.8962,32.4802,560,23488,0.817838,0.63,2,1973751,1973191,560
149981681,76.9792,92.896,524,23578,0.843568,0.65,2,1973823,1973299,524
149984601,32.9958,74.5792,476,23668,0.864713,0.67,2,1973845,1973369,476
149987521,8.19917,32.5158,456,23758,0.868943,0.67,2,1973847,1973391,456
149990441,156.04,8.10317,647,23847,0.837789,0.77,2,1974040,1973393,647
149993361,55.208,152.021,489,23936,0.831558,0.77,2,1974070,1973581,489
149996281,12.6416,54.4041,461,24025,0.846312,0.77,2,1974072,1973611,461
149999201,23.3283,32.4808,460,24113,0.881262,0.83,2,1974098,1973638,460
150002121,97.4657,96.8962,463,24201,0.904252,0.85,2,1974214,1973751,463
150098481,27,76,494,26941,0.87,1,2,1976113,1975619,494
150101401,59.8,81.6,479,27020,0.758,1,2,1976181,1975702,479
150104321,40.76,42.72,482,27098,0.7996,1,2,1976217,1975735,482
150107241,39.352,31.744,492,27176,0.61592,1,1,1976256,1975764,492
150110161,130.27,127.949,493,27254,0.259184,1,1,1976409,1975916,493
150113081,51.6541,51.1898,493,27332,0.123837,1,1,1976441,1975948,493
150116001,31.1308,38.238,484,27409,0.0967674,0.88,1,1976467,1975983,484
150118921,30.2262,40.4476,473,27486,0.0593535,0.85,1,1976497,1976024,473
150121841,50.8452,57.6895,467,27563,0.0358707,0.87,1,1976553,1976086,467
150124761,26.169,33.1379,460,27640,0.0791741,0.73,1,1976573,1976113,460
150127681,56.4338,61.0276,456,27717,0.0398348,0.81,1,1976637,1976181,456
150130601,38.4868,41.0055,454,27793,0.047967,0.57,1,1976671,1976217,454
150133521,34.8974,39.4011,449,27869,0.0175934,0.17,1,1976705,1976256,449
150136441,111.779,130.28,427,27945,0.0915187,0.09,1,1976836,1976409,427
150139361,46.3559,51.656,425,28021,0.138304,0.09,1,1976866,1976441,425
150142281,30.8712,31.1312,426,28097,0.163661,0.05,1,1976893,1976467,426
150145201,29.3742,30.2262,425,28172,0.152732,0.03,1,1976922,1976497,425
150148121,48.2748,50.8452,422,28247,0.102546,0.09,1,1976975,1976553,422
150151041,25.655,26.169,422,28322,0.108509,0.03,1,1976995,1976573,422
150153961,56.331,56.4338,422,28397,0.0937019,0.03,1,1977059,1976637,422
150156881,38.4662,11.2868,456,28472,0.0587404,0.05,1,1977093,1976637,456
150159801,34.0932,29.4574,455,28546,0.0677481,0.01,1,1977126,1976671,455
150162721,114.019,33.0915,555,28620,0.0855496,0.11,1,1977260,1976705,555
150165641,48.4037,111.418,456,28694,0.12111,0.15,1,1977292,1976836,456
150168561,32.0807,46.2837,454,28768,0.128222,0.17,1,1977320,1976866,454
150171481,30.4161,30.8567,457,28842,0.145644,0.15,1,1977350,1976893,457
150174401,46.0832,29.3713,478,28915,0.165129,0.09,1,1977400,1976922,478
150177321,27.6166,48.2743,448,28988,0.169026,0.11,1,1977423,1976975,448
150180241,52.7233,25.6549,487,29061,0.217805,0.09,1,1977482,1976995,487
150183161,38.5447,56.331,458,29134,0.211561,0.05,1,1977517,1977059,458
150186081,32.5089,38.4662,455,29207,0.210312,0.07,1,1977548,1977093,455
150189001,116.102,34.0932,559,29279,0.274062,0.09,1,1977685,1977126,559
150191921,50.4204,114.019,459,29351,0.286812,0.13,1,1977719,1977260,459
150194841,33.2841,48.4037,456,29423,0.289363,0.13,1,1977748,1977292,456
150197761,30.6568,32.0807,458,29495,0.305873,0.15,1,1977778,1977320,458
150200681,46.9314,30.4161,479,29567,0.293175,0.17,1,1977829,1977350,479
150203601,27.7863,46.0832,452,29639,0.274635,0.17,1,1977852,1977400,452
150206521,55.1573,27.6166,491,29710,0.254927,0.23,1,1977914,1977423,491
150209441,38.2315,52.7233,466,29781,0.266985,0.21,1,1977948,1977482,466
150212361,9.24629,38.5447,433,29852,0.269397,0.21,1,1977950,1977517,433
150215281,25.8493,32.5089,432,29923,0.301879,0.29,1,1977980,1977548,432
150218201,117.97,116.102,436,29994,0.356376,0.29,1,1978121,1977685,436
150221121,51.594,50.4204,437,30065,0.367275,0.29,1,1978156,1977719,437
150224041,33.5188,33.2841,437,30135,0.401455,0.31,1,1978185,1977748,437
150226961,30.7038,30.6568,437,30205,0.408291,0.29,1,1978215,1977778,437
150229881,46.1408,46.9314,436,30275,0.425658,0.27,1,1978265,1977829,436
150232801,26.8282,27.7863,435,30345,0.429132,0.25,1,1978287,1977852,435
150235721,54.1656,55.1573,434,30415,0.429826,0.27,1,1978348,1977914,434
150238641,38.8331,38.2315,435,30485,0.477965,0.27,1,1978383,1977948,435
150241561,9.36662,9.24629,435,30554,0.503593,0.31,1,1978385,1977950,435
150244481,25.8733,25.8493,435,30623,0.508719,0.37,1,1978415,1977980,435
150247401,120.375,117.97,438,30692,0.605744,0.37,1,1978559,1978121,438
150250321,53.6749,51.594,440,30761,0.625149,0.41,1,1978596,1978156,440
150253241,33.935,33.5188,440,30830,0.64503,0.41,1,1978625,1978185,440
150256161,30.787,30.7038,440,30899,0.665006,0.43,1,1978655,1978215,440
150259081,46.9574,46.1408,441,30967,0.685001,0.43,1,1978706,1978265,441
150262001,27.7915,26.8282,442,31035,0.705,0.43,1,1978729,1978287,442
150264921,55.1583,54.1656,443,31103,0.757,0.49,2,1978791,1978348,443
150267841,40.6317,38.8331,445,31171,0.7834,0.51,2,1978828,1978383,445
150270761,9.72633,9.36662,445,31239,0.78868,0.51,2,1978830,1978385,445
150273681,25.9453,25.8733,445,31307,0.789736,0.51,2,1978860,1978415,445
150276601,125.189,5.17466,595,31375,0.821947,0.63,2,1979010,1978415,595
150279521,55.4378,116.235,489,31442,0.828389,0.63,2,1979048,1978559,489
150282441,34.2876,52.847,481,31509,0.845678,0.65,2,1979077,1978596,481
150285361,30.8575,33.7694,482,31576,0.817136,0.67,2,1979107,1978625,482
150288281,49.3715,30.7539,506,31643,0.859427,0.69,2,1979161,1978655,506
150291201,29.0743,46.9508,479,31710,0.883885,0.71,2,1979185,1978706,479
150445961,31,33,529,35069,0.73,1,1,1981555,1981026,529
150448881,35.8,37.8,527,35129,0.65,1,1,1981592,1981065,527
150451801,43.16,29.16,545,35189,0.586,1,1,1981637,1981092,545
150454721,40.632,52.232,527,35249,0.4292,1,1,1981677,1981150,527
150457641,36.1264,51.2464,511,35309,0.34984,1,1,1981712,1981201,511
150460561,35.2253,31.0493,520,35369,0.253968,1,1,1981747,1981227,520
150463481,107.845,35.8099,609,35429,0.170794,1,1,1981873,1981264,609
150466401,43.969,106.362,513,35489,0.186159,0.9,1,1981901,1981388,513
150469321,32.7938,51.6724,505,35549,0.125232,0.99,1,1981931,1981426,505
150472241,32.9588,39.9345,501,35608,0.161046,0.91,1,1981964,1981463,501
150475161,20.1918,35.1869,484,35667,0.136209,0.81,1,1981981,1981497,484
150478081,5.63835,28.6374,459,35726,0.131242,0.73,1,1981983,1981524,459
150481001,24.3277,30.5275,457,35785,0.178248,0.63,1,1982012,1981555,457
150483921,31.2655,35.7055,453,35844,0.18765,0.57,1,1982045,1981592,453
150486841,39.0531,43.1411,449,35903,0.22153,0.39,1,1982086,1981637,449
150489761,38.2106,40.6282,447,35962,0.260306,0.33,1,1982124,1981677,447
150492681,30.8421,36.1256,441,36021,0.236061,0.23,1,1982153,1981712,441
150495601,29.3684,35.2251,435,36080,0.231212,0.15,1,1982182,1981747,435
150498521,101.874,107.845,429,36139,0.278242,0.19,1,1982302,1981873,429
150501441,42.7747,43.969,429,36197,0.287648,0.11,1,1982330,1981901,429
150504361,30.9549,32.7938,427,36255,0.33753,0.17,1,1982358,1981931,427
150507281,34.191,32.9588,429,36313,0.331506,0.13,1,1982393,1981964,429
150510201,18.8382,20.1918,427,36371,0.314301,0.13,1,1982408,1981981,427
150513121,5.36764,5.63835,427,36429,0.31086,0.19,1,1982410,1981983,427
150516041,29.0735,24.3277,433,36487,0.294172,0.19,1,1982445,1982012,433
150518961,29.0147,31.2655,429,36545,0.354834,0.23,1,1982474,1982045,429
150521881,41.8029,39.0531,433,36603,0.414967,0.27,1,1982519,1982086,433
150524801,37.9606,38.2106,432,36661,0.442993,0.23,1,1982556,1982124,432
150527721,30.7921,30.8421,432,36719,0.432599,0.23,1,1982585,1982153,432
150530641,29.3584,29.3684,432,36777,0.47852,0.29,1,1982614,1982182,432
150533561,105.072,101.874,436,36834,0.583704,0.29,1,1982738,1982302,436
150536481,43.4143,42.7747,436,36891,0.572741,0.35,1,1982766,1982330,436
150539401,31.8829,30.9549,437,36948,0.602548,0.33,1,1982795,1982358,437
150542321,33.5766,34.191,436,37005,0.60851,0.31,1,1982829,1982393,436
150545241,19.5153,18.8382,437,37062,0.625702,0.31,1,1982845,1982408,437
150548161,5.50306,5.36764,437,37119,0.62914,0.29,1,1982847,1982410,437
150551081,28.3006,29.0735,436,37176,0.629828,0.29,1,1982881,1982445,436
150554001,32.8601,5.81471,470,37233,0.629966,0.37,1,1982915,1982445,470
150556921,41.772,24.3629,485,37290,0.597993,0.43,1,1982959,1982474,485
150559841,38.7544,40.8726,478,37347,0.607599,0.45,1,1982997,1982519,478
150562761,32.5509,37.7745,472,37404,0.59352,0.43,1,1983028,1982556,472
150565681,29.7102,30.7549,472,37460,0.606704,0.49,1,1983057,1982585,472
150568601,109.942,29.351,573,37516,0.657341,0.61,1,1983187,1982614,573
150571521,44.3884,105.07,477,37572,0.699468,0.57,1,1983215,1982738,477
150574441,33.6777,43.414,480,37628,0.691894,0.61,1,1983246,1982766,480
150577361,34.7355,31.8828,486,37684,0.690379,0.61,1,1983281,1982795,486
150580281,19.7471,33.5766,468,37740,0.722076,0.63,1,1983297,1982829,468
150583201,5.54942,19.5153,454,37796,0.728415,0.63,1,1983299,1982845,454
150586121,28.3099,5.50306,486,37852,0.729683,0.63,1,1983333,1982847,486
150589041,31.262,28.3006,484,37908,0.729937,0.63,1,1983365,1982881,484
150591961,41.4524,32.8601,494,37964,0.777987,0.59,2,1983409,1982915,494
150594881,39.4905,41.772,489,38020,0.787597,0.61,2,1983448,1982959,489
150597801,31.8981,38.7544,481,38076,0.805519,0.59,2,1983478,1982997,481
150600721,30.3796,32.5509,480,38131,0.809104,0.61,2,1983508,1983028,480
150603641,113.276,29.7102,585,38186,0.825821,0.67,2,1983642,1983057,585
150606561,45.8552,109.942,484,38241,0.845164,0.71,2,1983671,1983187,484
150609481,33.171,44.3884,486,38296,0.849033,0.69,2,1983701,1983215,486
150612401,36.2342,33.6777,492,38351,0.849807,0.69,2,1983738,1983246,492
150615321,20.0468,34.7355,473,38406,0.865961,0.73,2,1983754,1983281,473
150618241,5.60937,19.7471,459,38461,0.869192,0.73,2,1983756,1983297,459
150621161,28.3219,5.54942,491,38516,0.901838,0.73,2,1983790,1983299,491
150624081,31.2644,28.3099,489,38571,0.924368,0.73,2,1983822,1983333,489
150627001,7.85287,31.262,459,38626,0.928874,0.79,2,1983824,1983365,459
150789061,67,178,474,18482,0.31,0.45,1,1986042,1985568,474
150791981,73.4,86.8,485,18597,0.358,0.31,1,1986117,1985632,485
150794901,56.28,81.36,457,18711,0.3836,0.21,1,1986169,1985712,457
150797821,42.456,57.072,445,18824,0.37272,0.25,1,1986208,1985763,445
150800741,34.8912,33.0144,451,18937,0.402544,0.27,1,1986241,1985790,451
150803661,142.178,154.603,435,19049,0.520509,0.31,1,1986410,1985975,435
150806581,83.6356,84.5206,437,19160,0.576102,0.37,1,1986479,1986042,437
150809501,79.1271,76.9041,440,19271,0.65122,0.39,1,1986557,1986117,440
150812421,58.2254,56.9808,441,19381,0.682244,0.37,1,1986610,1986169,441
150815341,42.0451,42.5962,440,19490,0.640449,0.41,1,1986648,1986208,440
150818261,36.409,34.9192,442,19599,0.66409,0.41,1,1986683,1986241,442
150821181,145.682,6.98385,615,19707,0.700818,0.55,1,1986856,1986241,615
150824101,87.5364,136.597,519,19815,0.708164,0.59,1,1986929,1986410,519
150827021,81.5073,82.5194,530,19922,0.725633,0.67,1,1987009,1986479,530
150829941,57.9015,78.9039,504,20028,0.745127,0.69,1,1987061,1986557,504
150832861,42.7803,58.1808,490,20134,0.781025,0.63,2,1987100,1986610,490
150835781,38.1561,42.0362,489,20239,0.836205,0.67,2,1987137,1986648,489
150838701,147.631,36.4072,629,20344,0.911241,0.71,2,1987312,1986683,629
150923381,35,33,516,23177,0.59,1,1,1989286,1988770,516
150926301,66.2,41.8,546,23268,0.302,1,1,1989360,1988814,546
150929221,55.64,65.16,528,23359,0.0844,1,1,1989413,1988885,528
150932141,50.328,61.832,516,23450,0.02488,0.99,1,1989462,1988946,516
150935061,37.2656,37.9664,518,23540,0.028976,1,1,1989496,1988978,518
150937981,145.853,53.9933,633,23630,0.0937952,0.9,1,1989669,1989036,633
150940901,55.5706,150.799,491,23720,0.122759,0.69,1,1989702,1989211,491
150943821,34.3141,62.1597,480,23809,0.0805518,0.59,1,1989731,1989251,480
150946741,54.0628,40.4319,504,23898,0.10411,0.23,1,1989790,1989286,504
150949661,46.0126,67.2864,474,23987,0.140822,0.03,1,1989834,1989360,474
150952581,10.8025,55.8573,423,24075,0.148164,0.01,1,1989836,1989413,423
150955501,42.9605,50.3715,425,24163,0.0696329,0.03,1,1989887,1989462,425
150958421,34.1921,37.2743,423,24251,0.0219266,0.11,1,1989919,1989496,423
150961341,146.838,145.855,425,24338,0.0603853,0.13,1,1990094,1989669,425
150964261,58.1677,55.571,428,24425,0.0360771,0.07,1,1990130,1989702,428
150967181,32.4335,34.3142,425,24512,0.0632154,0.11,1,1990156,1989731,425
150970101,53.6867,54.0628,425,24598,0.0846431,0.15,1,1990215,1989790,425
150973021,49.1373,46.0126,429,24684,0.120929,0.15,1,1990263,1989834,429
150975941,11.4275,10.8025,429,24770,0.160186,0.05,1,1990265,1989836,429
150978861,39.0855,42.9605,424,24856,0.136037,0.01,1,1990311,1989887,424
150981781,31.8171,34.1921,422,24941,0.0672074,0.07,1,1990341,1989919,422
150984701,146.363,146.838,422,25026,0.0534415,0.03,1,1990516,1990094,422
150987621,58.8727,58.1677,423,25111,0.0186883,0.07,1,1990553,1990130,423
150990541,33.3745,32.4335,424,25195,0.0277377,0.09,1,1990580,1990156,424
150993461,56.2749,53.6867,427,25279,0.0615475,0.13,1,1990642,1990215,427
150996381,50.455,49.1373,428,25363,0.10031,0.17,1,1990691,1990263,428
150999301,11.691,11.4275,428,25447,0.0760619,0.17,1,1990693,1990265,428
151002221,38.3382,2.28549,473,25530,0.0712124,0.13,1,1990738,1990265,473
151005141,26.8676,37.2571,451,25613,0.0702425,0.05,1,1990762,1990311,451
151008061,145.374,31.4514,596,25696,0.0700485,0.05,1,1990937,1990341,596
151010981,58.6747,146.29,458,25778,0.0540097,0.01,1,1990974,1990516,458
151013901,33.3349,58.8581,448,25860,0.0508019,0.03,1,1991001,1990553,448
151016821,57.067,33.3716,484,25942,0.14616,0.07,1,1991064,1990580,484
151019741,52.2134,56.2743,473,26024,0.165232,0.11,1,1991115,1990642,473
151022661,12.0427,50.4549,426,26105,0.169046,0.07,1,1991117,1990691,426
151025581,38.4085,11.691,469,26186,0.153809,0.07,1,1991162,1990693,469
151028501,24.4817,38.3382,445,26267,0.166762,0.07,1,1991183,1990738,445
151031421,147.296,26.8676,599,26348,0.121352,0.07,1,1991361,1990762,599
151034341,58.2593,145.374,460,26428,0.14427,0.05,1,1991397,1990937,460
151037261,35.6519,58.6747,453,26508,0.164854,0.05,1,1991427,1990974,453
151040181,60.7304,33.3349,493,26588,0.200971,0.17,1,1991494,1991001,493
151043101,52.1461,57.067,480,26668,0.224194,0.17,1,1991544,1991064,480
151046021,12.0292,52.2134,431,26747,0.228839,0.17,1,1991546,1991115,431
151048941,38.4058,12.0427,474,26826,0.261768,0.15,1,1991591,1991117,474
151051861,24.4812,38.4085,450,26905,0.284354,0.17,1,1991612,1991162,450
151054781,6.49623,24.4817,431,26984,0.288871,0.11,1,1991614,1991183,431
151057701,141.299,147.296,428,27062,0.289774,0.15,1,1991789,1991361,428
151060621,58.6598,58.2593,430,27140,0.289955,0.17,1,1991827,1991397,430
151063541,35.732,35.6519,430,27218,0.305991,0.21,1,1991857,1991427,430
151066461,62.3464,60.7304,432,27296,0.293198,0.23,1,1991926,1991494,432
151069381,54.0693,52.1461,434,27374,0.37064,0.23,1,1991978,1991544,434
151072301,12.4139,12.0292,434,27451,0.386128,0.27,1,1991980,1991546,434
151075221,39.2828,38.4058,435,27528,0.389226,0.29,1,1992026,1991591,435
151078141,25.4566,24.4812,436,27605,0.421845,0.29,1,1992048,1991612,436
151081061,6.69131,6.49623,436,27682,0.396369,0.29,1,1992050,1991614,436
151083981,139.738,141.299,434,27759,0.551274,0.29,1,1992223,1991789,434
151086901,59.9477,58.6598,436,27835,0.598255,0.31,1,1992263,1991827,436
151089821,36.7895,35.732,437,27911,0.671651,0.29,1,1992294,1991857,437
151092741,61.7579,62.3464,436,27987,0.65433,0.39,1,1992362,1991926,436
151095661,57.9516,54.0693,441,28063,0.650866,0.39,1,1992419,1991978,441
151098581,13.1903,12.4139,441,28138,0.682173,0.39,1,1992421,1991980,441
151101501,39.4381,39.2828,441,28213,0.656435,0.43,1,1992467,1992026,441
151104421,26.2876,25.4566,442,28288,0.699287,0.39,1,1992490,1992048,442
151107341,6.85752,6.69131,442,28363,0.707857,0.39,1,1992492,1992050,442
151110261,144.572,1.33826,621,28438,0.661572,0.59,1,1992671,1992050,621
151113181,64.1143,138.668,492,28512,0.668314,0.61,1,1992715,1992223,492
151116101,38.4229,59.7335,484,28586,0.669663,0.69,1,1992747,1992263,484
151119021,62.0846,36.7467,521,28660,0.685933,0.65,1,1992815,1992294,521
151121941,58.0169,61.7493,510,28734,0.721187,0.65,1,1992872,1992362,510
151124861,13.2034,57.9499,455,28808,0.728237,0.69,1,1992874,1992419,455
151127781,41.0407,13.19,501,28881,0.761647,0.65,2,1992922,1992421,501
151130701,25.8081,39.438,477,28954,0.76833,0.71,2,1992944,1992467,477
151133621,6.76163,26.2876,456,29027,0.769666,0.71,2,1992946,1992490,456
151136541,144.552,6.85752,633,29100,0.849933,0.65,2,1993125,1992492,633
151139461,64.1105,144.572,498,29173,0.865987,0.67,2,1993169,1992671,498
151142381,38.4221,64.1143,486,29246,0.917197,0.67,2,1993201,1992715,486
151145301,62.8844,38.4229,523,29318,0.92744,0.69,2,1993270,1992747,523
151148221,59.7769,62.0846,514,29390,0.929488,0.73,2,1993329,1992815,514
151151141,13.5554,58.0169,459,29462,0.929898,0.73,2,1993331,1992872,459
151253341,61,176,521,31880,0.49,1,1,1995069,1994548,521
151256261,29,65.6,504,31946,0.426,1,1,1995090,1994586,504
151259181,32.2,33.12,512,32012,0.3172,1,1,1995123,1994611,512
151262101,44.04,24.224,537,32078,0.23144,1,1,1995170,1994633,537
151265021,46.408,51.2448,526,32144,0.086288,1,1,1995217,1994691,526
151267941,34.8816,51.849,506,32210,0.121258,1,1,1995249,1994743,506
151270861,30.9763,31.1698,510,32276,0.0482515,1,1,1995279,1994769,510
151273781,28.5953,32.634,505,32342,0.0336503,1,1,1995307,1994802,505
151276701,19.3191,28.9268,494,32407,0.0307301,0.91,1,1995324,1994830,494
151279621,109.464,21.7854,606,32472,0.094146,0.51,1,1995456,1994850,606
151282541,64.2928,130.757,501,32537,0.202829,0.49,1,1995509,1995008,501
151285461,27.2586,74.9514,458,32602,0.160566,0.41,1,1995527,1995069,458
151288381,31.8517,31.7903,470,32667,0.168113,0.29,1,1995560,1995090,470
151291301,38.3703,32.7581,477,32732,0.169623,0.21,1,1995600,1995123,477
151294221,9.27407,44.1516,432,32797,0.137925,0.05,1,1995602,1995170,432
151297141,31.4548,46.4303,422,32861,0.195585,0.13,1,1995639,1995217,422
151300061,33.491,34.8861,424,32925,0.223117,0.03,1,1995673,1995249,424
151302981,29.8982,30.9772,423,32989,0.180623,0.03,1,1995702,1995279,423
151305901,28.3796,28.5954,423,33053,0.0921247,0.03,1,1995730,1995307,423
151308821,20.0759,19.3191,424,33117,0.106425,0.11,1,1995748,1995324,424
151311741,112.015,109.464,427,33181,0.141285,0.23,1,1995883,1995456,427
151314661,66.403,64.2928,429,33245,0.196257,0.15,1,1995938,1995509,429
151317581,27.6806,27.2586,429,33309,0.207251,0.17,1,1995956,1995527,429
151320501,31.1361,31.8517,428,33372,0.22545,0.17,1,1995988,1995560,428
151323421,38.2272,38.3703,428,33435,0.24509,0.13,1,1996028,1995600,428
151326341,9.24544,9.27407,428,33498,0.265018,0.21,1,1996030,1995602,428
151329261,33.0491,31.4548,430,33561,0.269004,0.23,1,1996069,1995639,430
151332181,33.0098,33.491,429,33624,0.301801,0.17,1,1996102,1995673,429
151335101,29.002,29.8982,428,33687,0.30836,0.07,1,1996130,1995702,428
151338021,25.8004,28.3796,425,33750,0.325672,0.11,1,1996155,1995730,425
151340941,19.5601,20.0759,425,33813,0.329134,0.15,1,1996173,1995748,425
151343861,114.312,112.015,428,33876,0.409827,0.21,1,1996311,1995883,428
151346781,68.4624,66.403,430,33938,0.377965,0.21,1,1996368,1995938,430
151349701,28.0925,27.6806,430,34000,0.387593,0.23,1,1996386,1995956,430
151352621,32.0185,31.1361,431,34062,0.373519,0.25,1,1996419,1995988,431
151355541,40.0037,38.2272,433,34124,0.418704,0.27,1,1996461,1996028,433
151358461,9.60074,9.24544,433,34186,0.427741,0.27,1,1996463,1996030,433
151361381,34.7201,33.0491,435,34248,0.445548,0.27,1,1996504,1996069,435
151364301,32.544,6.60982,467,34310,0.43311,0.31,1,1996536,1996069,467
151367221,28.9088,27.722,462,34372,0.430622,0.31,1,1996564,1996102,462
151370141,26.5818,27.9444,460,34434,0.430124,0.33,1,1996590,1996130,460
151373061,19.7164,25.5889,453,34495,0.446025,0.33,1,1996608,1996155,453
151375981,118.343,19.5178,578,34556,0.497205,0.43,1,1996751,1996173,578
151378901,69.2687,114.304,497,34617,0.539441,0.37,1,1996808,1996311,497
151381821,28.2537,68.4607,458,34678,0.547888,0.39,1,1996826,1996368,458
151384741,32.0507,28.0921,473,34739,0.533578,0.37,1,1996859,1996386,473
151387661,41.6101,32.0184,484,34800,0.578716,0.43,1,1996903,1996419,484
151390581,9.92203,40.0037,444,34861,0.587743,0.43,1,1996905,1996461,444
151393501,33.9844,9.60074,482,34922,0.621549,0.45,1,1996945,1996463,482
151396421,33.1969,34.7201,474,34983,0.62831,0.43,1,1996978,1996504,474
151399341,29.0394,32.544,470,35043,0.645662,0.43,1,1997006,1996536,470
151402261,26.6079,28.9088,468,35103,0.649132,0.43,1,1997032,1996564,468
151405181,20.5216,26.5818,461,35163,0.665826,0.45,1,1997051,1996590,461
151408101,121.704,19.7164,590,35223,0.701165,0.51,1,1997198,1996608,590
151411021,70.7409,118.343,505,35283,0.740233,0.55,1,1997256,1996751,505
151413941,28.5482,69.2687,466,35343,0.748047,0.55,1,1997274,1996808,466
151416861,32.9096,28.2537,482,35403,0.765609,0.53,2,1997308,1996826,482
151419781,42.5819,32.0507,494,35463,0.817122,0.59,2,1997353,1996859,494
151422701,10.1164,41.6101,452,35523,0.827424,0.59,2,1997355,1996903,452
151425621,36.4233,9.92203,493,35583,0.781485,0.63,2,1997398,1996905,493
151428541,32.8847,33.9844,485,35642,0.804297,0.63,2,1997430,1996945,485
151431461,8.17693,33.1969,454,35701,0.808859,0.65,2,1997432,1996978,454
151434381,24.0354,29.0394,454,35760,0.841772,0.65,2,1997460,1997006,454
151437301,25.6071,26.6079,454,35819,0.816354,0.67,2,1997486,1997032,454
151440221,21.1214,20.5216,455,35878,0.859271,0.71,2,1997506,1997051,455
151443141,125.024,121.704,459,35937,0.867854,0.75,2,1997657,1997198,459
151446061,71.4049,70.7409,459,35996,0.933571,0.75,2,1997715,1997256,459
151448981,28.681,28.5482,459,36055,0.962714,0.77,2,1997733,1997274,459
151621261,33,29,496,39363,0.85,1,2,1999963,1999467,496
151624181,39.4,53,478,39417,0.818,1,2,2000004,1999526,478
151627101,85.48,86.6,480,39471,0.6036,1,1,2000101,1999621,480
151630021,43.496,44.52,479,39525,0.54472,1,1,2000134,1999655,479
151632941,38.2992,33.704,485,39578,0.580944,1,1,2000171,1999686,485
151635861,36.4598,38.7408,481,39631,0.540189,1,1,2000207,1999726,481
151638781,35.292,38.9482,477,39684,0.484038,1,1,2000242,1999765,477
151641701,35.0584,33.3896,480,39737,0.472808,0.96,1,2000277,1999797,480
151644621,17.4117,21.0779,475,39790,0.518562,1,1,2000290,1999815,475
151647541,18.6823,19.4156,475,39843,0.511712,1,1,2000309,1999834,475
151650461,27.7365,32.6831,469,39896,0.494342,0.87,1,2000339,1999870,469
151653381,32.7473,35.3366,467,39949,0.522869,0.95,1,2000373,1999906,467
151656301,25.7495,26.2673,467,40002,0.512574,0.85,1,2000397,1999930,467
151659221,29.1499,31.6535,464,40055,0.510515,0.81,1,2000427,1999963,464
151662141,35.43,39.1307,460,40108,0.462103,0.81,1,2000464,2000004,460
151665061,77.486,7.82614,548,40161,0.532421,0.55,1,2000552,2000004,548
151667981,39.4972,79.1652,481,40214,0.482484,0.53,1,2000582,2000101,481
151670901,34.2994,42.233,481,40267,0.520497,0.59,1,2000615,2000134,481
151673821,36.4599,38.0466,481,40319,0.480099,0.53,1,2000652,2000171,481
151676741,33.692,36.4093,478,40371,0.48802,0.47,1,2000685,2000207,478
151679661,35.5384,35.2819,479,40423,0.537604,0.47,1,2000721,2000242,479
151682581,18.3077,35.0564,458,40475,0.563521,0.53,1,2000735,2000277,458
151685501,18.0615,17.4113,463,40527,0.568704,0.51,1,2000753,2000290,463
151688421,26.8123,18.6823,473,40579,0.601741,0.49,1,2000782,2000309,473
151691341,34.9625,27.7365,480,40631,0.624348,0.53,1,2000819,2000339,480
151694261,26.1925,32.7473,470,40683,0.64487,0.51,1,2000843,2000373,470
151697181,27.6385,25.7495,474,40735,0.648974,0.51,1,2000871,2000397,474
151700101,34.3277,29.1499,480,40787,0.665795,0.45,1,2000907,2000427,480
151703021,79.6655,35.43,534,40839,0.669159,0.55,1,2000998,2000464,534
151705941,38.3331,77.486,474,40891,0.685832,0.47,1,2001026,2000552,474
151708861,36.4666,39.4972,480,40943,0.705166,0.53,1,2001062,2000582,480
151711781,34.4933,34.2994,481,40995,0.725033,0.47,1,2001096,2000615,481
151714701,32.4987,36.4599,476,41046,0.745007,0.49,1,2001128,2000652,476
151717621,40.0997,33.692,485,41097,0.781001,0.55,2,2001170,2000685,485
151720541,19.2199,35.5384,463,41148,0.7562,0.57,2,2001184,2000721,463
151723461,18.244,18.3077,467,41199,0.76724,0.57,2,2001202,2000735,467
151726381,28.4488,18.0615,480,41250,0.753448,0.61,2,2001233,2000753,480
151729301,36.0898,26.8123,489,41301,0.78269,0.63,2,2001271,2000782,489
151732221,27.218,34.9625,477,41352,0.820538,0.65,2,2001296,2000819,477
151735141,27.8436,26.1925,481,41403,0.844108,0.65,2,2001324,2000843,481
151738061,35.1687,27.6385,490,41454,0.864821,0.67,2,2001361,2000871,490
151740981,79.8337,34.3277,545,41505,0.852964,0.67,2,2001452,2000907,545
151743901,17.5667,79.6655,456,41556,0.850593,0.69,2,2001454,2000998,456
151746821,26.7134,38.3331,457,41607,0.866119,0.71,2,2001483,2001026,457
151749741,34.9427,36.4666,458,41658,0.901224,0.73,2,2001520,2001062,458
151752661,34.1885,34.4933,458,41709,0.908245,0.75,2,2001554,2001096,458
151755581,33.2377,32.4987,459,41760,0.893649,0.79,2,2001587,2001128,459
151758501,40.2475,40.0997,459,41811,0.93873,0.75,2,2001629,2001170,459
151761421,20.0495,19.2199,460,41861,0.947746,0.77,2,2001644,2001184,460
151922021,26,41,495,44549,0.87,1,2,2003498,2003003,495
151924941,29.2,33.8,493,44596,0.854,0.91,2,2003528,2003035,493
151927861,17.84,30.76,478,44643,0.8508,1,2,2003543,2003065,478
151930781,21.968,22.152,481,44690,0.86616,0.98,2,2003566,2003085,481
151933701,29.1936,25.2304,486,44737,0.821232,1,2,2003597,2003111,486
151936621,33.0387,31.4461,487,44784,0.764246,0.91,2,2003631,2003144,487
151939541,29.0077,33.4892,481,44831,0.816849,0.91,2,2003659,2003178,481
151942461,35.4015,40.2978,476,44878,0.79537,0.98,2,2003696,2003220,476
151945381,39.8803,37.6596,480,44925,0.887074,0.99,2,2003737,2003257,480
151957061,21,21,467,45113,0.93,0.91,2,2003889,2003422,467
151959981,20.2,20.2,467,45160,0.946,0.85,2,2003909,2003442,467
152265121,44,43,493,25236,0.75,1,2,2008412,2007919,493
152268041,56.8,59,490,25320,0.718,1,1,2008472,2007982,490
152270961,37.76,41.4,486,25404,0.6796,1,1,2008505,2008019,486
152273881,80.352,90.68,474,25487,0.55992,1,1,2008596,2008122,474
152276801,65.6704,18.136,536,25570,0.583984,0.96,1,2008658,2008122,536
152279721,56.3341,52.4272,529,25653,0.524797,1,1,2008712,2008183,529
152282641,73.6668,57.6854,548,25736,0.496959,0.81,1,2008790,2008242,548
152285561,43.5334,81.1371,497,25818,0.491392,0.83,1,2008826,2008329,497
152288481,40.7067,47.4274,498,25900,0.490278,0.75,1,2008866,2008368,498
152291401,58.5413,44.6855,517,25982,0.490056,0.71,1,2008929,2008412,517
152294321,38.1083,56.9371,490,26064,0.506011,0.67,1,2008962,2008472,490
152297241,75.6217,37.7874,542,26145,0.573202,0.53,1,2009047,2008505,542
152300161,61.5243,80.3575,509,26226,0.63464,0.59,1,2009105,2008596,509
152303081,54.7049,65.6715,500,26307,0.694928,0.51,1,2009158,2008658,500
152306001,71.741,56.3343,522,26388,0.722986,0.49,1,2009234,2008712,522
152308921,43.9482,73.6669,481,26468,0.712597,0.49,1,2009271,2008790,481
152311841,41.5896,43.5334,486,26548,0.726519,0.49,1,2009312,2008826,486
152314761,57.9179,40.7067,508,26628,0.745304,0.49,1,2009374,2008866,508
152317681,38.7836,58.5413,479,26708,0.765061,0.51,2,2009408,2008929,479
152320601,79.7567,38.1083,536,26787,0.817012,0.59,2,2009498,2008962,536
152323521,63.9513,75.6217,511,26866,0.827402,0.65,2,2009558,2009047,511
152326441,14.3903,61.5243,455,26945,0.829481,0.71,2,2009560,2009105,455
152329361,46.8781,54.7049,457,27024,0.845896,0.73,2,2009615,2009158,457
152332281,70.9756,71.741,458,27102,0.849179,0.71,2,2009692,2009234,458
152335201,42.9951,43.9482,457,27180,0.865836,0.73,2,2009728,2009271,457
152338121,42.999,41.5896,459,27258,0.885167,0.75,2,2009771,2009312,459
152460761,51,39,500,30349,0.63,1,1,2011963,2011463,500
152463681,40.6,39,499,30419,0.55,1,1,2012001,2011502,499
152466601,48.12,55,490,30489,0.454,1,1,2012051,2011561,490
152469521,36.824,30.2,500,30558,0.3548,1,1,2012085,2011585,500
152472441,36.9648,39.64,495,30627,0.25496,1,1,2012122,2011627,495
152475361,30.593,35.928,489,30696,0.234992,1,1,2012151,2011662,489
152478281,70.1186,74.3856,485,30765,0.198998,1,1,2012231,2011746,485
152481201,32.4237,41.2771,475,30834,0.1598,0.93,1,2012254,2011779,475
152484121,70.4847,84.2554,460,30903,0.0719599,0.87,1,2012334,2011874,460
152487041,42.8969,47.2511,458,30971,0.054392,0.63,1,2012370,2011912,458
152489961,44.5794,50.2502,452,31039,0.0348784,0.53,1,2012415,2011963,452
152492881,35.3159,40.45,447,31107,0.0469757,0.43,1,2012448,2012001,447
152495801,41.4632,48.09,440,31175,0.0813951,0.33,1,2012491,2012051,440
152498721,33.0926,36.818,437,31243,0.072279,0.23,1,2012522,2012085,437
152501641,33.0185,36.9636,433,31311,0.0864558,0.23,1,2012555,2012122,433
152504561,27.4037,7.39272,459,31379,0.0572912,0.23,1,2012581,2012122,459
152507481,67.8807,24.6785,508,31446,0.0834582,0.19,1,2012659,2012151,508
152510401,30.3761,68.9357,449,31513,0.0726916,0.15,1,2012680,2012231,449
152513321,66.0752,32.1871,501,31580,0.134538,0.05,1,2012755,2012254,501
152516241,43.615,70.4374,459,31647,0.130908,0.05,1,2012793,2012334,459
152519161,43.123,42.8875,466,31714,0.130182,0.03,1,2012836,2012370,466
152522081,36.6246,44.5775,456,31781,0.0660363,0.05,1,2012871,2012415,456
152525001,40.1249,35.3155,464,31848,0.0532073,0.09,1,2012912,2012448,464
152527921,33.625,41.4631,453,31914,0.0506415,0.07,1,2012944,2012491,453
152530841,33.125,33.0926,455,31980,0.0821283,0.09,1,2012977,2012522,455
152533761,28.225,33.0185,449,32046,0.0724257,0.05,1,2013004,2012555,449
152536681,68.045,27.4037,501,32112,0.150485,0.09,1,2013082,2012581,501
152539601,31.209,67.8807,445,32178,0.182097,0.07,1,2013104,2012659,445
152542521,67.8418,30.3761,501,32244,0.204419,0.15,1,2013181,2012680,501
152545441,44.7684,66.0752,465,32310,0.192884,0.13,1,2013220,2012755,465
152548361,41.7537,43.615,468,32375,0.222577,0.13,1,2013261,2012793,468
152551281,34.7507,43.123,458,32440,0.212515,0.05,1,2013294,2012836,458
152554201,41.3501,36.6246,466,32505,0.242503,0.05,1,2013337,2012871,466
152557121,32.27,40.1249,455,32570,0.248501,0.05,1,2013367,2012912,455
152560041,34.454,33.625,458,32635,0.2657,0.09,1,2013402,2012944,458
152562961,28.4908,33.125,452,32700,0.25314,0.07,1,2013429,2012977,452
152565881,71.2982,28.225,507,32765,0.282628,0.17,1,2013511,2013004,507
152568801,15.8596,68.045,431,32830,0.288526,0.19,1,2013513,2013082,431
152571721,20.7719,31.209,431,32894,0.305705,0.21,1,2013535,2013104,431
152574641,66.5544,67.8418,432,32958,0.309141,0.19,1,2013613,2013181,432
152577561,43.7109,44.7684,431,33022,0.309828,0.23,1,2013651,2013220,431
152580481,43.1422,41.7537,433,33086,0.357966,0.21,1,2013694,2013261,433
152583401,35.0284,34.7507,433,33150,0.383593,0.25,1,2013727,2013294,433
152586321,42.2057,41.3501,434,33214,0.468719,0.25,1,2013771,2013337,434
152589241,32.4411,32.27,434,33278,0.469744,0.27,1,2013801,2013367,434
152592161,35.2882,34.454,435,33342,0.469949,0.25,1,2013837,2013402,435
152595081,29.4576,28.4908,436,33405,0.50199,0.29,1,2013865,2013429,436
152598001,72.2915,71.2982,437,33468,0.556398,0.29,1,2013948,2013511,437
152600921,16.0583,15.8596,437,33531,0.56728,0.31,1,2013950,2013513,437
152603841,20.8117,20.7719,437,33594,0.553456,0.31,1,2013972,2013535,437
152606761,66.5623,66.5544,437,33657,0.598691,0.31,1,2014050,2013613,437
152609681,43.7125,43.7109,437,33720,0.575738,0.37,1,2014088,2013651,437
152612601,45.5425,43.1422,440,33783,0.571148,0.39,1,2014134,2013694,440
152615521,37.1085,35.0284,442,33846,0.61823,0.49,1,2014169,2013727,442
152618441,44.2217,42.2057,444,33908,0.691646,0.47,1,2014215,2013771,444
152621361,33.6443,32.4411,445,33970,0.690329,0.47,1,2014246,2013801,445
152624281,36.3289,35.2882,446,34032,0.674066,0.51,1,2014283,2013837,446
152627201,30.4658,29.4576,447,34094,0.686813,0.57,1,2014312,2013865,447
152630121,73.2932,72.2915,448,34156,0.705363,0.57,1,2014396,2013948,448
152633041,16.2586,16.0583,448,34218,0.677073,0.57,1,2014398,2013950,448
152635961,21.6517,3.21166,471,34280,0.703414,0.55,1,2014421,2013950,471
152638881,66.7303,18.2423,527,34342,0.724683,0.61,1,2014499,2013972,527
152641801,43.7461,66.0485,487,34404,0.728937,0.57,1,2014537,2014050,487
152644721,46.3492,43.6097,496,34465,0.761787,0.57,2,2014584,2014088,496
152647641,38.8698,45.5219,487,34526,0.768357,0.63,2,2014621,2014134,487
152650561,46.174,37.1044,500,34587,0.785671,0.71,2,2014669,2014169,500
152653481,33.2348,44.2209,484,34648,0.805134,0.69,2,2014699,2014215,484
152656401,37.047,33.6442,491,34709,0.825027,0.67,2,2014737,2014246,491
152659321,29.8094,36.3288,482,34770,0.845005,0.69,2,2014765,2014283,482
152662241,73.9619,30.4658,538,34831,0.897001,0.71,2,2014850,2014312,538
152665161,16.3924,73.2932,456,34892,0.9074,0.67,2,2014852,2014396,456
152814081,42,32,512,37856,0.67,1,1,2016946,2016434,512
152817001,30,28,512,37912,0.526,1,1,2016973,2016461,512
152819921,34.8,24,525,37968,0.4492,1,1,2017009,2016484,525
152822841,34.16,30.4,527,38024,0.41784,1,1,2017043,2016516,527
152825761,26.832,36.48,514,38080,0.315568,1,1,2017068,2016554,514
152828681,30.1664,39.296,505,38135,0.231114,1,1,2017099,2016594,505
152831601,32.4333,31.8592,508,38190,0.0702227,1,1,2017132,2016624,508
152834521,80.8867,32.7718,568,38245,0.0380445,1,1,2017225,2016657,568
152837441,44.9773,88.1544,502,38300,0.0796089,1,1,2017261,2016759,502
152840361,34.5955,44.8309,500,38355,0.0159218,0.86,1,2017293,2016793,500
152843281,36.5191,34.5662,505,38410,0.0591844,0.85,1,2017330,2016825,505
152846201,35.3038,40.5132,498,38465,0.0198369,0.75,1,2017365,2016867,498
152849121,30.2608,37.7026,490,38520,0.0759674,0.67,1,2017394,2016904,490
152852041,28.4522,41.1405,476,38575,0.0551935,0.49,1,2017422,2016946,476
152854961,7.29043,29.8281,451,38630,0.0510387,0.43,1,2017424,2016973,451
152857881,25.4581,34.7656,445,38685,0.0502077,0.41,1,2017454,2017009,445
152860801,28.2916,34.1531,440,38740,0.0980416,0.29,1,2017483,2017043,440
152863721,14.4583,26.8306,426,38795,0.0596083,0.21,1,2017494,2017068,426
152866641,33.2917,30.1661,433,38849,0.0999217,0.03,1,2017532,2017099,433
152869561,28.2583,32.4332,427,38903,0.0919843,0.03,1,2017559,2017132,427
152872481,76.8517,80.8866,423,38957,0.106397,0.09,1,2017648,2017225,423
152875401,46.5703,44.9773,426,39011,0.109279,0,1,2017687,2017261,426
152878321,31.7141,34.5955,422,39065,0.0778559,0.07,1,2017715,2017293,422
152881241,36.7428,36.5191,423,39119,0.0875712,0.01,1,2017753,2017330,423
152884161,36.9486,35.3038,425,39173,0.121514,0.09,1,2017790,2017365,425
152887081,30.5897,30.2608,425,39227,0.0963029,0.05,1,2017819,2017394,425
152890001,26.1179,28.4522,422,39281,0.0912606,0.05,1,2017844,2017422,422
152892921,6.82359,7.29043,422,39335,0.0902521,0.05,1,2017846,2017424,422
152895841,26.1647,25.4581,423,39389,0.12205,0.11,1,2017877,2017454,423
152898761,28.4329,28.2916,423,39443,0.19241,0.05,1,2017906,2017483,423
152901681,16.0866,14.4583,425,39497,0.190482,0.11,1,2017919,2017494,425
152904601,32.0173,33.2917,423,39550,0.206096,0.09,1,2017955,2017532,423
152907521,28.8035,28.2583,424,39603,0.209219,0.11,1,2017983,2017559,424
152910441,76.1607,76.8517,423,39656,0.177844,0.11,1,2018071,2017648,423
152913361,48.0321,46.5703,425,39709,0.203569,0.07,1,2018112,2017687,425
152916281,32.0064,31.7141,425,39762,0.224714,0.09,1,2018140,2017715,425
152919201,36.8013,36.7428,425,39815,0.228943,0.13,1,2018178,2017753,425
152922121,38.5603,36.9486,427,39868,0.245789,0.09,1,2018217,2017790,427
152925041,30.9121,30.5897,427,39921,0.265158,0.09,1,2018246,2017819,427
152927961,25.3824,26.1179,426,39974,0.301032,0.09,1,2018270,2017844,426
152930881,6.67648,6.82359,426,40027,0.308206,0.13,1,2018272,2017846,426
152933801,27.7353,26.1647,428,40080,0.293641,0.13,1,2018305,2017877,428
152936721,29.5471,5.23294,458,40133,0.322728,0.21,1,2018335,2017877,458
152939641,15.5094,24.2466,441,40186,0.328546,0.19,1,2018347,2017906,441
152942561,32.7019,15.2493,465,40239,0.345709,0.21,1,2018384,2017919,465
152945481,28.9404,31.8499,457,40291,0.365142,0.21,1,2018412,2017955,457
152948401,76.1881,28.77,517,40343,0.433028,0.17,1,2018500,2017983,517
152951321,48.0376,76.154,470,40395,0.462606,0.21,1,2018541,2018071,470
152954241,32.8075,48.0308,458,40447,0.468521,0.23,1,2018570,2018112,458
152957161,36.9615,32.0062,468,40499,0.469704,0.23,1,2018608,2018140,468
152960081,40.9923,36.8012,472,40551,0.533941,0.25,1,2018650,2018178,472
152963001,32.1985,38.5602,463,40603,0.546788,0.27,1,2018680,2018217,463
152965921,25.6397,30.912,458,40655,0.581358,0.31,1,2018704,2018246,458
152968841,6.72794,25.3824,436,40707,0.588271,0.31,1,2018706,2018270,436
152971761,30.1456,6.67648,470,40759,0.589654,0.29,1,2018742,2018272,470
152974681,30.0291,27.7353,467,40811,0.589931,0.33,1,2018772,2018305,467
152977601,15.6058,29.5471,449,40863,0.605986,0.33,1,2018784,2018335,449
152980521,34.3212,15.5094,476,40915,0.625197,0.35,1,2018823,2018347,476
152983441,29.2642,32.7019,467,40967,0.629039,0.37,1,2018851,2018384,467
152986361,79.4528,28.9404,531,41019,0.693808,0.45,1,2018943,2018412,531
152989281,49.4906,76.1881,485,41070,0.706762,0.47,1,2018985,2018500,485
152992201,33.0981,48.0376,473,41121,0.741352,0.47,1,2019014,2018541,473
152995121,37.8196,32.8075,483,41172,0.74827,0.47,1,2019053,2018570,483
152998041,43.5639,36.9615,490,41223,0.781654,0.55,2,2019098,2018608,490
153000961,33.5128,40.9923,479,41274,0.772331,0.55,2,2019129,2018650,479
153003881,26.7026,32.1985,474,41325,0.754466,0.59,2,2019154,2018680,474
153006801,6.94051,25.6397,452,41376,0.750893,0.59,2,2019156,2018704,452
153009721,30.1881,6.72794,486,41427,0.750179,0.59,2,2019192,2018706,486
153012641,30.8376,30.1456,481,41478,0.734036,0.59,1,2019223,2018742,481
153015561,16.5675,30.0291,464,41529,0.730807,0.61,1,2019236,2018772,464
153018481,4.9135,15.6058,454,41580,0.730161,0.63,1,2019238,2018784,454
153021401,31.3827,34.3212,453,41631,0.730032,0.63,1,2019276,2018823,453
153024321,29.4765,29.2642,454,41682,0.746006,0.71,1,2019305,2018851,454
153027241,81.8953,79.4528,457,41733,0.749201,0.71,1,2019400,2018943,457
153030161,50.7791,49.4906,458,41784,0.76584,0.75,2,2019443,2018985,458
153033081,34.1558,33.0981,459,41835,0.737168,0.75,1,2019473,2019014,459
153036001,38.0312,37.8196,459,41885,0.763434,0.79,2,2019512,2019053,459
153038921,45.2062,43.5639,461,41935,0.800687,0.77,2,2019559,2019098,461
153041841,33.0412,33.5128,460,41985,0.840137,0.75,2,2019589,2019129,460
153044761,25.8082,26.7026,459,42035,0.816027,0.75,2,2019613,2019154,459
153047681,6.76165,6.94051,459,42085,0.811206,0.75,2,2019615,2019156,459
153050601,30.1523,30.1881,459,42135,0.842241,0.73,2,2019651,2019192,459
153053521,30.8305,30.8376,459,42185,0.864448,0.73,2,2019682,2019223,459
153056441,15.7661,16.5675,458,42235,0.88489,0.73,2,2019694,2019236,458
153059361,4.75322,4.9135,458,42285,0.856978,0.73,2,2019696,2019238,458
153062281,31.3506,31.3827,458,42335,0.899396,0.75,2,2019734,2019276,458
153065201,29.4701,29.4765,458,42385,0.923879,0.75,2,2019763,2019305,458
153271061,60,33,478,20544,0.11,0.27,1,2022327,2021849,478
153273981,70.4,64.2,479,20647,0.142,0.07,1,2022400,2021921,479
153276901,85.28,87.24,475,20750,0.1004,0.05,1,2022489,2022014,475
153279821,35.456,63.048,441,20852,0.07608,0.13,1,2022512,2022071,441
153282741,35.8912,37.4096,446,20954,0.071216,0.09,1,2022548,2022102,446
153285661,47.1782,35.4819,461,21055,0.118243,0.07,1,2022598,2022137,461
153288581,83.8356,53.4964,496,21156,0.207649,0.11,1,2022691,2022195,496
153291501,65.5671,116.299,425,21256,0.22553,0.15,1,2022752,2022327,425
153294421,74.7134,81.6599,429,21356,0.213106,0.09,1,2022829,2022400,429
153297341,83.7427,87.532,426,21455,0.242621,0.07,1,2022915,2022489,426
153300261,34.3485,35.9064,425,21554,0.264524,0.07,1,2022937,2022512,425
153303181,35.6697,35.9813,425,21652,0.284905,0.13,1,2022973,2022548,425
153306101,50.3339,47.1963,429,21750,0.240981,0.23,1,2023027,2022598,429
153309021,87.6668,83.8393,433,21848,0.184196,0.23,1,2023124,2022691,433
153311941,66.3334,65.5678,433,21945,0.172839,0.21,1,2023185,2022752,433
153314861,74.0667,74.7136,432,22042,0.202568,0.25,1,2023261,2022829,432
153317781,85.2133,83.7427,434,22138,0.240514,0.27,1,2023349,2022915,434
153320701,36.2427,34.3485,436,22234,0.216103,0.29,1,2023373,2022937,436
153323621,36.0485,35.6697,436,22329,0.211221,0.23,1,2023409,2022973,436
153326541,46.4097,50.3339,431,22424,0.242244,0.17,1,2023458,2023027,431
153329461,86.0819,87.6668,430,22519,0.344449,0.17,1,2023554,2023124,430
153332381,65.2164,17.5334,490,22613,0.38089,0.17,1,2023614,2023124,490
153335301,75.4433,52.3067,507,22707,0.388178,0.21,1,2023692,2023185,507
153338221,85.4887,71.2613,519,22800,0.421636,0.25,1,2023780,2023261,519
153341141,34.6977,84.6523,453,22893,0.428327,0.21,1,2023802,2023349,453
153344061,35.7395,36.1305,465,22986,0.445665,0.21,1,2023838,2023373,465
153346981,47.9479,36.0261,480,23078,0.449133,0.25,1,2023889,2023409,480
153349901,91.1896,46.4052,533,23170,0.529827,0.37,1,2023991,2023458,533
153352821,68.6379,86.081,500,23261,0.593965,0.39,1,2024054,2023554,500
153355741,76.1276,65.2162,518,23352,0.622793,0.39,1,2024132,2023614,518
153358661,87.2255,75.4432,530,23443,0.676559,0.43,1,2024222,2023692,530
153361581,35.8451,85.4886,465,23533,0.703312,0.43,1,2024245,2023780,465
153364501,35.969,34.6977,479,23623,0.724662,0.45,1,2024281,2023802,479
153367421,48.7938,35.7395,495,23713,0.760932,0.45,2,2024333,2023838,495
153370341,94.5588,47.9479,550,23802,0.832187,0.55,2,2024439,2023889,550
153373261,71.7118,91.1896,514,23891,0.894437,0.61,2,2024505,2023991,514
153376181,77.5424,68.6379,530,23980,0.938887,0.63,2,2024584,2024054,530
153379101,17.1085,76.1276,454,24068,0.947778,0.69,2,2024586,2024132,454
153501741,52,67,477,27522,0.61,1,1,2027042,2026565,477
153504661,52,42.2,493,27599,0.434,1,1,2027094,2026601,493
153507581,36.8,28.44,501,27676,0.2708,1,1,2027127,2026626,501
153510501,36.96,30.488,507,27753,0.15816,1,1,2027164,2026657,507
153513421,31.392,34.8976,501,27829,0.055632,1,1,2027194,2026693,501
153516341,90.2784,96.5795,494,27905,0.0351264,1,1,2027299,2026805,494
153519261,53.2557,65.7159,480,27981,0.0310253,0.85,1,2027343,2026863,480
153522181,63.4511,76.3432,467,28057,0.0462051,0.73,1,2027409,2026942,467
153525101,41.4902,53.6686,455,28132,0.00924101,0.61,1,2027445,2026990,455
153528021,43.498,52.3337,447,28207,0.0578482,0.39,1,2027489,2027042,447
153530941,43.8996,52.0667,439,28282,0.0355696,0.23,1,2027533,2027094,439
153533861,27.1799,36.8133,429,28357,0.0471139,0.23,1,2027556,2027127,429
153536781,31.036,7.36267,461,28432,0.0654228,0.13,1,2027588,2027127,461
153539701,27.8072,31.0725,451,28506,0.0530846,0.03,1,2027615,2027164,451
153542621,90.3614,30.2145,527,28580,0.0506169,0.03,1,2027721,2027194,527
153545541,53.2723,90.0429,466,28654,0.0341234,0.03,1,2027765,2027299,466
153548461,62.6545,53.2086,487,28728,0.0148247,0.05,1,2027830,2027343,487
153551381,41.3309,63.4417,457,28802,0.0109649,0,1,2027866,2027409,457
153554301,45.0662,41.4883,467,28876,0.090193,0.07,1,2027912,2027445,467
153557221,42.6132,43.4977,465,28949,0.0740386,0.03,1,2027954,2027489,465
153560141,26.9226,43.8995,444,29022,0.0868077,0.05,1,2027977,2027533,444
153563061,32.5845,27.1799,455,29095,0.0733615,0.07,1,2028011,2027556,455
153565981,27.3169,31.036,449,29168,0.102672,0.05,1,2028037,2027588,449
153568901,90.2634,27.8072,528,29241,0.0205345,0.05,1,2028143,2027615,528
153571821,53.2527,90.3614,466,29313,0.0281069,0.03,1,2028187,2027721,466
153574741,62.6505,53.2723,487,29385,0.00562138,0.01,1,2028252,2027765,487
153577661,40.5301,62.6545,457,29457,0.0251243,0.01,1,2028287,2027830,457
153580581,48.106,41.3309,471,29529,0.0930249,0.11,1,2028337,2027866,471
153583501,42.4212,45.0662,466,29601,0.138605,0.07,1,2028378,2027912,466
153586421,27.6842,42.6132,448,29673,0.163721,0.09,1,2028402,2027954,448
153589341,33.5368,26.9226,460,29744,0.168744,0.07,1,2028437,2027977,460
153592261,27.5074,32.5845,452,29815,0.185749,0.11,1,2028463,2028011,452
153595181,7.10147,27.3169,428,29886,0.18915,0,1,2028465,2028037,428
153598101,83.0203,90.2634,424,29957,0.0778299,0.03,1,2028567,2028143,424
153601021,51.0041,53.2527,423,30028,0.023566,0,1,2028610,2028187,423
153603941,62.2008,62.6505,423,30098,0.0127132,0.03,1,2028675,2028252,423
153606861,39.6402,40.5301,422,30168,0.0105426,0.11,1,2028709,2028287,422
153609781,51.128,48.106,426,30238,0.0421085,0.15,1,2028763,2028337,426
153612701,45.4256,42.4212,429,30308,0.0964217,0.17,1,2028807,2028378,429
153615621,29.8851,27.6842,431,30378,0.0752843,0.17,1,2028833,2028402,431
153618541,33.977,33.5368,431,30448,0.0710569,0.19,1,2028868,2028437,431
153621461,27.5954,27.5074,431,30518,0.0382114,0.19,1,2028894,2028463,431
153624381,7.11908,7.10147,431,30587,0.0316423,0.05,1,2028896,2028465,431
153627301,77.4238,83.0203,424,30656,0.0143285,0.01,1,2028991,2028567,424
153630221,48.2848,51.0041,422,30725,0.0428657,0.01,1,2029032,2028610,422
153633141,61.657,62.2008,422,30794,0.0325731,0.01,1,2029097,2028675,422
153636061,39.5314,39.6402,422,30863,0.0305146,0.05,1,2029131,2028709,422
153638981,52.7063,51.128,424,30932,0.0461029,0.11,1,2029187,2028763,424
153641901,46.5413,45.4256,425,31000,0.0812206,0.07,1,2029232,2028807,425
153644821,28.5083,29.8851,423,31068,0.0882441,0.07,1,2029256,2028833,423
153647741,33.7016,33.977,423,31136,0.105649,0.03,1,2029291,2028868,423
153650661,28.3403,27.5954,424,31204,0.12513,0.03,1,2029318,2028894,424
153653581,7.26807,7.11908,424,31272,0.129026,0.01,1,2029320,2028896,424
153656501,75.8536,77.4238,422,31340,0.177805,0.01,1,2029413,2028991,422
153659421,47.1707,15.4848,462,31408,0.203561,0.05,1,2029453,2028991,462
153662341,61.4341,35.897,486,31475,0.176712,0.03,1,2029518,2029032,486
153665261,39.4868,59.1794,455,31542,0.107342,0.03,1,2029552,2029097,455
153668181,53.4974,39.0359,478,31609,0.0454685,0.05,1,2029609,2029131,478
153671101,47.4995,52.6072,468,31676,0.0650937,0.09,1,2029655,2029187,468
153674021,29.4999,46.5214,448,31743,0.0530187,0.09,1,2029680,2029232,448
153676941,35.5,28.5043,461,31810,0.0826038,0.11,1,2029717,2029256,461
153679861,27.9,33.7009,452,31877,0.104521,0.13,1,2029743,2029291,452
153682781,7.18,28.3402,427,31943,0.108904,0.13,1,2029745,2029318,427
153685701,79.036,7.26803,522,32009,0.173781,0.19,1,2029842,2029320,522
153688621,50.2072,75.8536,472,32075,0.218756,0.21,1,2029885,2029413,472
153691541,59.6414,47.1707,494,32141,0.291751,0.17,1,2029947,2029453,494
153694461,35.9283,61.4341,459,32207,0.32235,0.09,1,2029977,2029518,459
153697381,50.3857,39.4868,479,32273,0.34447,0.03,1,2030031,2029552,479
153700301,48.4771,53.4974,470,32339,0.348894,0.07,1,2030079,2029609,470
153703221,28.8954,47.4995,448,32404,0.349779,0.05,1,2030103,2029655,448
153706141,36.9791,29.4999,462,32469,0.381956,0.09,1,2030142,2029680,462
153709061,28.9958,35.5,452,32534,0.404391,0.11,1,2030169,2029717,452
153711981,7.39916,27.9,428,32599,0.408878,0.11,1,2030171,2029743,428
153714901,82.2798,7.18,527,32664,0.489776,0.19,1,2030272,2029745,527
153717821,54.056,79.036,477,32729,0.521955,0.23,1,2030319,2029842,477
153720741,12.4112,50.2072,436,32794,0.528391,0.31,1,2030321,2029885,436
153723661,53.6822,59.6414,438,32858,0.545678,0.33,1,2030385,2029947,438
153726581,34.7364,35.9283,438,32922,0.549136,0.35,1,2030415,2029977,438
153729501,50.9473,50.3857,439,32986,0.549827,0.35,1,2030470,2030031,439
153732421,48.5895,48.4771,439,33050,0.533965,0.35,1,2030518,2030079,439
153735341,30.5179,28.8954,441,33114,0.530793,0.39,1,2030544,2030103,441
153738261,37.3036,36.9791,441,33178,0.514159,0.41,1,2030583,2030142,441
153741181,29.8607,28.9958,442,33242,0.510832,0.41,1,2030611,2030169,442
153744101,7.57214,7.39916,442,33306,0.510166,0.51,1,2030613,2030171,442
153747021,87.1144,82.2798,448,33370,0.574033,0.53,1,2030720,2030272,448
153749941,55.0229,54.056,448,33433,0.538807,0.53,1,2030767,2030319,448
153752861,12.6046,12.4112,448,33496,0.531761,0.55,1,2030769,2030321,448
153755781,52.9209,53.6822,447,33559,0.514352,0.55,1,2030832,2030385,447
153758701,34.5842,34.7364,447,33622,0.55887,0.55,1,2030862,2030415,447
153761621,50.9168,50.9473,447,33685,0.583774,0.53,1,2030917,2030470,447
153764541,49.3834,48.5895,448,33748,0.572755,0.53,1,2030966,2030518,448
153767461,30.6767,30.5179,448,33811,0.554551,0.51,1,2030992,2030544,448
153770381,36.5353,37.3036,447,33874,0.56691,0.51,1,2031030,2030583,447
153773301,29.7071,29.8607,447,33936,0.633382,0.51,1,2031058,2030611,447
153776221,7.54141,7.57214,447,33998,0.646676,0.59,1,2031060,2030613,447
153779141,88.7083,87.1144,449,34060,0.697335,0.53,1,2031169,2030720,449
153782061,54.5417,55.0229,448,34122,0.691467,0.53,1,2031215,2030767,448
153784981,12.5083,12.6046,448,34184,0.690293,0.51,1,2031217,2030769,448
153787901,52.1017,52.9209,447,34246,0.706059,0.51,1,2031279,2030832,447
153790821,35.2203,10.5842,478,34308,0.741212,0.57,1,2031310,2030832,478
153793741,51.0441,26.1168,503,34370,0.780242,0.59,2,2031365,2030862,503
153796661,49.4088,49.2234,497,34432,0.804048,0.57,2,2031414,2030917,497
153799581,30.6818,49.0447,474,34493,0.80881,0.55,2,2031440,2030966,474
153802501,38.1364,30.6089,488,34554,0.825762,0.57,2,2031480,2030992,488
153805421,30.8273,36.5218,479,34615,0.845152,0.65,2,2031509,2031030,479
153808341,7.76545,29.7044,453,34676,0.84903,0.65,2,2031511,2031058,453
153811261,91.9531,7.54087,564,34737,0.897806,0.71,2,2031624,2031060,564
153814181,55.1906,88.7082,501,34798,0.923561,0.69,2,2031670,2031169,501
153817101,12.6381,54.5416,457,34859,0.928712,0.69,2,2031672,2031215,457
153919301,37,33,488,36923,0.91,1,2,2033139,2032651,488
153922221,30.6,35.4,481,36980,0.83,1,2,2033168,2032687,481
153925141,32.52,32.68,482,37037,0.766,0.99,2,2033201,2032719,482
153928061,36.904,25.736,496,37094,0.6252,1,1,2033239,2032743,496
153930981,33.7808,37.9472,488,37151,0.66104,1,1,2033272,2032784,488
153933901,29.9562,7.58944,517,37208,0.572208,1,1,2033301,2032784,517
153936821,35.5912,37.5179,509,37265,0.490442,1,1,2033338,2032829,509
153939741,32.7182,33.9036,508,37322,0.522088,1,1,2033370,2032862,508
153942661,39.3436,39.5807,508,37379,0.528418,0.95,1,2033411,2032903,508
153945581,23.8687,33.5161,496,37436,0.497684,0.97,1,2033431,2032935,496
153948501,77.5737,25.1032,564,37492,0.459537,0.87,1,2033522,2032958,564
153951421,49.1148,83.4206,508,37548,0.467907,0.93,1,2033564,2033056,508
153954341,40.2229,53.4841,500,37604,0.421581,0.91,1,2033602,2033102,500
153957261,28.0446,40.2968,488,37660,0.412316,0.81,1,2033627,2033139,488
153960181,24.8089,31.2594,483,37716,0.410463,0.75,1,2033651,2033168,483
153963101,37.7618,32.6519,491,37772,0.442093,0.59,1,2033692,2033201,491
153966021,33.9524,36.9304,486,37828,0.416419,0.67,1,2033725,2033239,486
153968941,27.5905,33.7861,479,37884,0.411284,0.55,1,2033751,2033272,479
153971861,31.9181,29.9572,483,37940,0.362257,0.47,1,2033784,2033301,483
153974781,38.3836,35.5914,486,37996,0.416451,0.53,1,2033824,2033338,486
153977701,34.8767,32.7183,488,38052,0.44329,0.53,1,2033858,2033370,488
153980621,20.5753,39.3437,464,38108,0.448658,0.49,1,2033875,2033411,464
153983541,76.1151,23.8687,534,38163,0.481732,0.45,1,2033965,2033431,534
153986461,49.623,77.5737,486,38218,0.520346,0.47,1,2034008,2033522,486
153989381,37.9246,49.1148,479,38273,0.528069,0.41,1,2034043,2033564,479
153992301,28.3849,40.2229,467,38328,0.593614,0.41,1,2034069,2033602,467
153995221,24.877,28.0446,466,38383,0.574723,0.41,1,2034093,2033627,466
153998141,38.5754,24.8089,484,38438,0.602945,0.45,1,2034135,2033651,484
154001061,33.3151,37.7618,475,38493,0.640589,0.41,1,2034167,2033692,475
154003981,26.663,33.9524,467,38548,0.664118,0.41,1,2034192,2033725,467
154006901,30.9326,27.5905,473,38603,0.668824,0.35,1,2034224,2033751,473
154009821,7.78652,31.9181,442,38658,0.669765,0.43,1,2034226,2033784,442
154012741,34.3573,38.3836,443,38713,0.669953,0.45,1,2034267,2033824,443
154015661,35.6715,34.8767,445,38768,0.685991,0.45,1,2034303,2033858,445
154018581,19.9343,20.5753,444,38822,0.657198,0.49,1,2034319,2033875,444
154021501,78.3869,76.1151,447,38876,0.68344,0.53,1,2034412,2033965,447
154024421,50.8774,49.623,448,38930,0.720688,0.53,1,2034456,2034008,448
154027341,38.9755,37.9246,449,38984,0.712138,0.61,1,2034492,2034043,449
154030261,30.9951,28.3849,452,39038,0.694427,0.57,1,2034521,2034069,452
154033181,23.799,24.877,450,39092,0.690885,0.61,1,2034543,2034093,450
154036101,40.7598,38.5754,453,39146,0.722177,0.65,1,2034588,2034135,453
154039021,36.152,33.3151,456,39200,0.728435,0.67,1,2034623,2034167,456
154041941,26.4304,26.663,455,39254,0.745687,0.67,1,2034647,2034192,455
154044861,31.6861,30.9326,456,39308,0.765137,0.67,2,2034680,2034224,456
154047781,7.93722,7.78652,456,39362,0.769027,0.67,2,2034682,2034226,456
154050701,34.3874,34.3573,456,39416,0.769806,0.69,2,2034723,2034267,456
154053621,34.0775,35.6715,454,39470,0.785961,0.65,2,2034757,2034303,454
154056541,19.6155,19.9343,454,39524,0.789192,0.69,2,2034773,2034319,454
154059461,79.9231,78.3869,456,39577,0.805838,0.73,2,2034868,2034412,456
154062381,51.9846,50.8774,457,39630,0.841168,0.71,2,2034913,2034456,457
154065301,39.1969,38.9755,457,39683,0.848233,0.69,2,2034949,2034492,457
154068221,30.2394,30.9951,456,39736,0.833647,0.69,2,2034977,2034521,456
154071141,24.4479,23.799,457,39789,0.862729,0.73,2,2035000,2034543,457
154074061,40.8896,40.7598,457,39842,0.868546,0.73,2,2035045,2034588,457
154076981,37.7779,36.152,459,39895,0.901709,0.75,2,2035082,2034623,459
154079901,26.7556,26.4304,459,39948,0.892342,0.77,2,2035106,2034647,459
154082821,30.9511,31.6861,458,40001,0.938468,0.77,2,2035138,2034680,458
154085741,7.79022,7.93722,458,40054,0.947694,0.77,2,2035140,2034682,458
154088661,34.358,34.3874,458,40107,0.933539,0.77,2,2035181,2034723,458
154091581,34.0716,6.87749,492,40160,0.898708,0.79,2,2035215,2034723,492
154094501,19.6143,28.5755,474,40213,0.891742,0.79,2,2035231,2034757,474
154225901,50,31,498,42510,0.61,1,1,2036891,2036393,498
154228821,36.4,29.4,502,42560,0.562,1,1,2036924,2036422,502
154231741,30.48,40.28,488,42610,0.4884,1,1,2036953,2036465,488
154234661,36.496,36.056,491,42660,0.39368,1,1,2036991,2036500,491
154237581,31.2992,29.6112,493,42709,0.310736,1,1,2037021,2036528,493
154240501,28.6598,29.9222,491,42758,0.262147,1,1,2037049,2036558,491
154243421,23.332,23.5844,491,42807,0.156429,1,1,2037071,2036580,491
154246341,24.6664,30.3169,484,42856,0.135286,1,1,2037096,2036612,484
154249261,32.1333,30.0634,488,42905,0.0350572,1,1,2037130,2036642,488
154252181,27.2267,29.2127,485,42954,0.0790114,1,1,2037156,2036671,485
154255101,22.2453,29.0425,477,43003,0.0398023,1,1,2037177,2036700,477
154258021,49.2491,5.80851,533,43052,0.0479605,1,1,2037233,2036700,533
154260941,38.6498,52.3617,505,43101,0.0335921,0.89,1,2037269,2036764,505
154263861,35.73,42.4723,500,43150,0.0627184,0.82,1,2037304,2036804,500
154266781,39.146,38.0945,503,43199,0.0365437,0.61,1,2037344,2036841,503
154269701,30.2292,47.6189,481,43248,0.0473087,0.55,1,2037372,2036891,481
154272621,23.6458,35.9238,470,43297,0.0814618,0.47,1,2037394,2036924,470
154275541,31.1292,30.3848,474,43346,0.0882924,0.37,1,2037427,2036953,474
154278461,31.0258,36.477,467,43395,0.0576585,0.29,1,2037458,2036991,467
154281381,23.0052,31.2954,458,43444,0.0675317,0.25,1,2037479,2037021,458
154284301,17.401,28.6591,446,43493,0.0695063,0.13,1,2037495,2037049,446
154287221,21.8802,23.3318,447,43542,0.117901,0.13,1,2037518,2037071,447
154290141,31.576,24.6664,456,43590,0.12758,0.01,1,2037552,2037096,456
154293061,27.9152,32.1333,449,43638,0.0495161,0.09,1,2037579,2037130,449
154295981,21.583,27.2267,443,43686,0.0179032,0.03,1,2037599,2037156,443
154298901,49.1166,22.2453,478,43734,0.0595806,0.05,1,2037655,2037177,478
154301821,38.6233,49.2491,458,43782,0.0679161,0.03,1,2037691,2037233,458
154304741,36.5247,38.6498,458,43830,0.0855832,0.07,1,2037727,2037269,458
154307661,40.1049,35.73,464,43878,0.121117,0.03,1,2037768,2037304,464
154310581,29.621,39.146,451,43926,0.160223,0.05,1,2037795,2037344,451
154313501,24.3242,30.2292,446,43974,0.184045,0.09,1,2037818,2037372,446
154316421,31.2648,23.6458,457,44022,0.156809,0.09,1,2037851,2037394,457
154319341,31.853,31.1292,456,44070,0.215362,0.05,1,2037883,2037427,456
154322261,22.3706,31.0258,445,44118,0.227072,0.07,1,2037903,2037458,445
154325181,18.0741,23.0052,441,44166,0.213414,0.07,1,2037920,2037479,441
154328101,24.4148,17.401,451,44214,0.210683,0.13,1,2037946,2037495,451
154331021,29.683,21.8802,459,44262,0.258137,0.13,1,2037977,2037518,459
154333941,25.1366,31.576,449,44310,0.283627,0.03,1,2038001,2037552,449
154336861,20.2273,27.9152,441,44358,0.272725,0.01,1,2038020,2037579,441
154339781,49.6455,21.583,478,44406,0.174545,0.07,1,2038077,2037599,478
154342701,41.1291,49.1166,461,44454,0.106909,0.07,1,2038116,2037655,461
154345621,9.82582,38.6233,427,44501,0.0933818,0.09,1,2038118,2037691,427
154348541,31.5652,36.5247,428,44548,0.138676,0.13,1,2038155,2037727,428
154351461,39.913,40.1049,429,44595,0.179735,0.17,1,2038197,2037768,429
154354381,30.3826,29.621,430,44642,0.155947,0.19,1,2038225,2037795,430
154357301,24.4765,24.3242,430,44689,0.167189,0.15,1,2038248,2037818,430
154360221,32.8953,31.2648,432,44736,0.153438,0.23,1,2038283,2037851,432
154363141,32.9791,31.853,433,44783,0.150688,0.23,1,2038316,2037883,433
154366061,22.5958,22.3706,433,44830,0.150138,0.21,1,2038336,2037903,433
154368981,18.9192,18.0741,434,44877,0.150027,0.21,1,2038354,2037920,434
154371901,24.5838,24.4148,434,44924,0.150006,0.27,1,2038380,2037946,434
154374821,31.3168,29.683,436,44971,0.214001,0.29,1,2038413,2037977,436
154377741,25.4634,25.1366,436,45018,0.1948,0.27,1,2038437,2038001,436
154380661,16.2927,20.2273,431,45065,0.19096,0.15,1,2038451,2038020,431
154383581,47.2585,49.6455,429,45112,0.206192,0.09,1,2038506,2038077,429
154386501,38.2517,41.1291,426,45159,0.241238,0.09,1,2038542,2038116,426
154389421,9.25034,9.82582,426,45206,0.248248,0.15,1,2038544,2038118,426
154392341,33.0501,31.5652,428,45253,0.26565,0.19,1,2038583,2038155,428
154395261,41.01,39.913,429,45300,0.28513,0.15,1,2038626,2038197,429
154398181,30.602,30.3826,429,45347,0.337026,0.17,1,2038654,2038225,429
154401101,23.7204,24.4765,428,45394,0.331405,0.15,1,2038676,2038248,428
154404021,33.5441,32.8953,429,45440,0.330281,0.15,1,2038712,2038283,429
154406941,33.1088,32.9791,429,45486,0.362056,0.15,1,2038745,2038316,429
154409861,22.6218,22.5958,429,45532,0.400411,0.15,1,2038765,2038336,429
154412781,18.9244,18.9192,429,45578,0.376082,0.15,1,2038783,2038354,429
154415701,24.5849,24.5838,429,45624,0.371216,0.23,1,2038809,2038380,429
154418621,32.917,31.3168,431,45670,0.370243,0.19,1,2038844,2038413,431
154421541,25.7834,25.4634,431,45716,0.402049,0.19,1,2038868,2038437,431
154424461,16.3567,16.2927,431,45762,0.39241,0.21,1,2038882,2038451,431
154427381,48.8713,47.2585,433,45808,0.406482,0.25,1,2038939,2038506,433
154430301,39.3743,38.2517,434,45854,0.377296,0.25,1,2038976,2038542,434
154433221,9.47485,9.25034,434,45900,0.371459,0.27,1,2038978,2038544,434
154436141,32.295,33.0501,433,45946,0.370292,0.27,1,2039016,2038583,433
154439061,41.659,6.61001,477,45992,0.370058,0.29,1,2039060,2038583,477
154441981,32.3318,35.722,464,46038,0.370012,0.35,1,2039090,2038626,464
154444901,24.8664,29.5444,459,46084,0.354002,0.33,1,2039113,2038654,459
154447821,34.5733,23.5089,474,46130,0.3828,0.33,1,2039150,2038676,474
154450741,34.1147,33.5018,472,46176,0.38856,0.37,1,2039184,2038712,472
154453661,22.8229,33.1004,459,46222,0.405712,0.41,1,2039204,2038745,459
154456581,18.9646,22.6201,457,46268,0.409142,0.37,1,2039222,2038765,457
154459501,24.5929,18.924,465,46314,0.409828,0.37,1,2039248,2038783,465
154462421,32.9186,24.5848,474,46360,0.425966,0.37,1,2039283,2038809,474
154465341,26.5837,32.917,464,46405,0.461193,0.41,1,2039308,2038844,464
154468261,16.5167,25.7834,454,46450,0.500239,0.39,1,2039322,2038868,454
154471181,48.9034,16.3567,497,46495,0.524048,0.41,1,2039379,2038882,497
154474101,38.5807,48.8713,476,46540,0.51281,0.37,1,2039415,2038939,476
154477021,9.31613,39.3743,441,46585,0.510562,0.37,1,2039417,2038976,441
154479941,32.2632,9.47485,477,46630,0.510112,0.37,1,2039455,2038978,477
154482861,41.6526,32.295,483,46675,0.542022,0.37,1,2039499,2039016,483
154485781,32.3305,41.659,469,46720,0.580405,0.37,1,2039529,2039060,469
154488701,24.0661,32.3318,461,46765,0.588081,0.35,1,2039551,2039090,461
154491621,34.4132,24.8664,475,46810,0.621616,0.39,1,2039588,2039113,475
154494541,36.4826,34.5733,475,46855,0.660323,0.39,1,2039625,2039150,475
154497461,23.2965,34.1147,461,46900,0.684065,0.41,1,2039645,2039184,461
154500381,19.0593,22.8229,459,46945,0.704813,0.41,1,2039663,2039204,459
154503301,24.6119,18.9646,467,46990,0.740963,0.41,1,2039689,2039222,467
154506221,33.7224,24.5929,477,47035,0.764193,0.43,2,2039725,2039248,477
154509141,29.1445,32.9186,470,47080,0.768839,0.47,2,2039753,2039283,470
154512061,17.8289,26.5837,460,47125,0.785768,0.51,2,2039768,2039308,460
154514981,49.1658,16.5167,503,47170,0.805154,0.53,2,2039825,2039322,503
154517901,38.6332,48.9034,482,47215,0.841031,0.51,2,2039861,2039379,482
154520821,9.32663,38.5807,448,47260,0.848206,0.51,2,2039863,2039415,448
154523741,33.0653,9.31613,485,47305,0.881641,0.51,2,2039902,2039417,485
154526661,43.4131,32.2632,493,47350,0.888328,0.55,2,2039948,2039455,493
154529581,10.2826,41.6526,451,47395,0.889666,0.59,2,2039950,2039499,451
154532501,26.0565,32.3305,451,47439,0.889933,0.59,2,2039980,2039529,451
154535421,23.6113,24.0661,452,47483,0.905987,0.63,2,2040003,2039551,452
154538341,35.1223,34.4132,453,47527,0.909197,0.67,2,2040041,2039588,453
154558781,15,15,462,47835,0.93,0.81,2,2040230,2039768,462
154806981,86,24,483,23451,0,0.09,1,2043107,2042624,483
154809901,66.8,72,461,23541,0.024,0.03,1,2043169,2042708,461
154812821,66.96,74.4,453,23631,0.0128,0.03,1,2043236,2042783,453
154815741,52.592,62.08,443,23721,0.02656,0.01,1,2043285,2042842,443
154818661,42.5184,53.216,432,23810,0.093312,0.05,1,2043325,2042893,432
154821581,27.7037,28.2432,434,23899,0.0186624,0.01,1,2043349,2042915,434
154824501,57.5407,32.8486,465,23988,0.0277325,0,1,2043414,2042949,465
154827421,36.3081,64.1697,424,24076,0.0135465,0,1,2043445,2043021,424
154830341,75.2616,81.6339,423,24164,0.0027093,0.03,1,2043530,2043107,423
154833261,64.6523,65.9268,423,24252,0.0245419,0.01,1,2043592,2043169,423
154836181,67.3305,66.7854,424,24339,0.0609084,0.03,1,2043660,2043236,424
154839101,52.6661,52.5571,424,24426,0.0361817,0.11,1,2043709,2043285,424
154842021,43.3332,42.5114,425,24513,0.0792363,0,1,2043750,2043325,425
154844941,27.8666,27.7023,425,24599,0.0238473,0.03,1,2043774,2043349,425
154847861,55.9733,57.5405,423,24685,0.0127695,0.01,1,2043837,2043414,423
154850781,35.9947,36.3081,423,24771,0.00255389,0,1,2043868,2043445,423
154853701,74.3989,75.2616,422,24857,0.0245108,0.03,1,2043952,2043530,422
154856621,64.4798,64.6523,422,24942,0.0609022,0.07,1,2044014,2043592,422
154859541,68.096,67.3305,423,25027,0.0201804,0.03,1,2044083,2043660,423
154862461,52.0192,52.6661,422,25112,0.0440361,0.09,1,2044131,2043709,422
154865381,44.8038,43.3332,424,25196,0.0328072,0.01,1,2044174,2043750,424
154868301,26.5608,27.8666,422,25280,0.0785614,0.01,1,2044196,2043774,422
154871221,55.7122,55.9733,422,25364,0.0237123,0,1,2044259,2043837,422
154874141,35.9424,35.9947,422,25448,0.0607425,0,1,2044290,2043868,422
154877061,73.5885,7.19893,505,25531,0.0361485,0.03,1,2044373,2043868,505
154879981,65.1177,68.6398,484,25614,0.0472297,0.07,1,2044436,2043952,484
154882901,67.4235,63.328,490,25697,0.0814459,0.01,1,2044504,2044014,490
154885821,51.8847,67.8656,469,25779,0.104289,0.05,1,2044552,2044083,469
154888741,45.5769,51.9731,465,25861,0.140858,0.03,1,2044596,2044131,465
154891661,25.9154,44.7946,443,25943,0.132172,0.09,1,2044617,2044174,443
154894581,56.3831,26.5589,485,26025,0.0664343,0.01,1,2044681,2044196,485
154897501,35.2766,55.7118,452,26106,0.101287,0.07,1,2044711,2044259,452
154900421,74.2553,35.9424,505,26187,0.0442574,0.03,1,2044795,2044290,505
154903341,66.0511,73.5885,486,26268,0.0648515,0.05,1,2044859,2044373,486
154906261,69.2102,65.1177,493,26349,0.10097,0.09,1,2044929,2044436,493
154909181,53.042,67.4235,474,26429,0.140194,0.11,1,2044978,2044504,474
154912101,47.4084,51.8847,472,26509,0.148039,0.15,1,2045024,2044552,472
154915021,26.2817,45.5769,449,26589,0.133608,0.13,1,2045045,2044596,449
154917941,53.2563,25.9154,488,26669,0.178722,0.05,1,2045105,2044617,488
154920861,34.6513,56.3831,454,26748,0.155744,0.11,1,2045135,2044681,454
154923781,72.5303,35.2766,506,26827,0.0551489,0.03,1,2045217,2044711,506
154926701,67.306,74.2553,488,26906,0.0350298,0.07,1,2045283,2044795,488
154929621,15.0612,66.0511,426,26985,0.031006,0.11,1,2045285,2044859,426
154932541,59.8122,69.2102,427,27063,0.110201,0.15,1,2045356,2044929,427
154935461,52.7624,53.042,429,27141,0.0940402,0.15,1,2045407,2044978,429
154938381,47.3525,47.4084,429,27219,0.170808,0.13,1,2045453,2045024,429
154941301,27.0705,26.2817,430,27297,0.170162,0.19,1,2045475,2045045,430
154944221,52.6141,53.2563,429,27375,0.234032,0.15,1,2045534,2045105,429
154947141,34.5228,34.6513,429,27452,0.214806,0.03,1,2045564,2045135,429
154950061,66.9046,72.5303,422,27529,0.114961,0.03,1,2045639,2045217,422
154952981,66.9809,67.306,423,27606,0.0309923,0.03,1,2045706,2045283,423
154955901,14.9962,15.0612,423,27683,0.0141985,0.13,1,2045708,2045285,423
154958821,62.1992,59.8122,426,27760,0.12284,0.09,1,2045782,2045356,426
154961741,54.0398,52.7624,427,27836,0.144568,0.19,1,2045834,2045407,427
154964661,50.008,47.3525,430,27912,0.132914,0.17,1,2045883,2045453,430
154967581,28.4016,27.0705,431,27988,0.146583,0.25,1,2045906,2045475,431
154970501,53.6803,52.6141,432,28064,0.117317,0.21,1,2045966,2045534,432
154973421,34.7361,34.5228,432,28139,0.111463,0.09,1,2045996,2045564,432
154976341,60.5472,66.9046,424,28214,0.190293,0.01,1,2046063,2045639,424
154979261,64.9094,66.9809,423,28289,0.206059,0.01,1,2046129,2045706,423
154982181,14.5819,14.9962,423,28364,0.209212,0.01,1,2046131,2045708,423
154985101,66.1164,2.99924,502,28439,0.241842,0.15,1,2046210,2045708,502
154988021,53.2233,59.7998,478,28513,0.264368,0.15,1,2046260,2045782,478
154990941,50.6447,53.56,476,28587,0.284874,0.13,1,2046310,2045834,476
154993861,27.7289,49.912,449,28661,0.320975,0.15,1,2046332,2045883,449
154996781,53.5458,28.3824,486,28735,0.344195,0.11,1,2046392,2045906,486
154999701,35.5092,53.6765,457,28809,0.348839,0.11,1,2046423,2045966,457
155002621,62.3018,34.7353,496,28882,0.381768,0.21,1,2046492,2045996,496
155005541,65.2604,60.5471,495,28955,0.436354,0.21,1,2046558,2046063,495
155008461,14.6521,64.9094,431,29028,0.447271,0.21,1,2046560,2046129,431
155011381,70.1304,14.5819,513,29101,0.481454,0.25,1,2046644,2046131,513
155014301,54.0261,66.1164,484,29174,0.488291,0.27,1,2046694,2046210,484
155017221,52.4052,53.2233,486,29247,0.553658,0.29,1,2046746,2046260,486
155020141,28.881,50.6447,459,29319,0.550732,0.33,1,2046769,2046310,459
155023061,54.5762,27.7289,498,29391,0.550146,0.35,1,2046830,2046332,498
155025981,35.7152,53.5458,469,29463,0.566029,0.35,1,2046861,2046392,469
155028901,63.943,35.5092,509,29535,0.601206,0.39,1,2046932,2046423,509
155031821,67.9886,62.3018,509,29607,0.624241,0.45,1,2047001,2046492,509
155034741,15.1977,65.2604,445,29678,0.628848,0.45,1,2047003,2046558,445
155037661,71.8395,14.6521,529,29749,0.67777,0.49,1,2047089,2046560,529
155040581,55.1679,70.1304,496,29820,0.687554,0.49,1,2047140,2046644,496
155043501,12.6336,54.0261,448,29891,0.689511,0.57,1,2047142,2046694,448
155046421,45.7267,52.4052,450,29962,0.721902,0.55,1,2047196,2046746,450
155049341,26.7453,28.881,449,30033,0.72838,0.55,1,2047218,2046769,449
155052261,54.1491,54.5762,449,30103,0.793676,0.57,2,2047279,2046830,449
155055181,36.4298,35.7152,450,30173,0.838735,0.61,2,2047311,2046861,450
155058101,65.686,63.943,452,30243,0.831747,0.63,2,2047384,2046932,452
155061021,69.1372,67.9886,453,30313,0.830349,0.63,2,2047454,2047001,453
155063941,15.4274,15.1977,453,30383,0.83007,0.69,2,2047456,2047003,453
155066861,74.2855,71.8395,456,30453,0.830014,0.69,2,2047545,2047089,456
155069781,55.6571,55.1679,456,30522,0.878003,0.69,2,2047596,2047140,456
155072701,12.7314,12.6336,456,30591,0.855601,0.73,2,2047598,2047142,456
155075621,47.3463,45.7267,458,30660,0.88312,0.73,2,2047654,2047196,458
155078541,27.8693,26.7453,459,30729,0.904624,0.81,2,2047677,2047218,459
155081461,55.1739,54.1491,460,30798,0.892925,0.85,2,2047739,2047279,460
155084381,38.2348,36.4298,462,30867,0.890585,0.83,2,2047773,2047311,462
155087301,66.847,65.686,463,30936,0.922117,0.83,2,2047847,2047384,463
155090221,69.3694,69.1372,463,31004,0.944423,0.83,2,2047917,2047454,463
155093141,15.4739,15.4274,463,31072,0.916885,0.83,2,2047919,2047456,463
155236221,30,35,490,34249,0.83,1,2,2050154,2049664,490
155239141,26.8,7,516,34311,0.798,1,2,2050180,2049664,516
155242061,41.36,23,534,34373,0.6956,1,1,2050225,2049691,534
155244981,72.272,56.6,549,34435,0.72312,0.81,1,2050305,2049756,549
155247901,36.0544,65.72,508,34496,0.744624,1,1,2050332,2049824,508
155250821,49.6109,37.144,531,34557,0.796925,1,2,2050385,2049854,531
155253741,59.5222,55.4288,533,34618,0.855385,1,2,2050447,2049914,533
155256661,37.5044,61.4858,502,34679,0.835077,0.97,2,2050479,2049977,502
155259581,32.3009,41.0972,497,34740,0.879015,0.95,2,2050510,2050013,497
155262501,28.0602,34.6194,491,34801,0.855803,0.89,2,2050537,2050046,491
155265421,44.812,30.1239,511,34862,0.899161,0.83,2,2050586,2050075,511
155268341,32.1624,45.2248,491,34923,0.859832,0.83,2,2050615,2050124,491
155271261,25.6325,33.045,485,34984,0.883966,0.79,2,2050639,2050154,485
155274181,39.5265,27.409,502,35044,0.888793,0.67,2,2050682,2050180,502
155428941,51,80,514,38110,0.75,0.97,2,2052853,2052339,514
155431861,36.6,44,512,38165,0.814,1,2,2052886,2052374,512
155434781,31.32,39.2,504,38220,0.7468,1,1,2052916,2052412,504
155437701,34.264,27.84,514,38275,0.71736,1,1,2052951,2052437,514
155440621,48.4528,36.768,527,38330,0.775472,1,2,2053003,2052476,527
155443541,25.6906,48.9536,495,38385,0.787094,1,2,2053023,2052528,495
155446461,33.1381,29.7907,505,38440,0.757419,0.99,2,2053058,2052553,505
155449381,29.0276,34.7581,497,38495,0.799484,0.94,2,2053086,2052589,497
155452301,31.4055,26.1516,505,38550,0.791897,0.9,2,2053118,2052613,505
155455221,33.4811,36.4303,500,38605,0.870379,0.97,2,2053152,2052652,500
155458141,8.29622,34.4861,468,38660,0.854076,0.77,2,2053154,2052686,468
155461061,44.0592,54.0972,462,38715,0.866815,0.81,2,2053207,2052745,462
155463981,52.0118,56.4194,459,38770,0.853363,0.75,2,2053261,2052802,459
155466901,52.8024,52.0839,461,38824,0.898673,0.83,2,2053314,2052853,461
155688821,29,18,501,42760,0.83,1,2,2056025,2055524,501
155691741,26.6,22.8,503,42809,0.814,1,2,2056051,2055548,503
155694661,22.92,39.76,481,42858,0.7468,1,1,2056073,2055592,481
155697581,31.784,35.152,481,42907,0.73336,1,1,2056107,2055626,481
155700501,27.9568,26.2304,484,42956,0.714672,1,1,2056134,2055650,484
155703421,31.9914,38.8461,475,43005,0.678934,1,1,2056167,2055692,475
155706341,32.7983,7.76922,508,43054,0.623787,1,1,2056200,2055692,508
155709261,32.9597,29.5538,506,43103,0.628757,1,1,2056233,2055727,506
155712181,31.3919,34.7108,501,43152,0.565751,0.95,1,2056264,2055763,501
155715101,54.2784,31.7422,530,43201,0.50515,0.92,1,2056324,2055794,530
155718021,35.6557,54.3484,501,43250,0.41303,1,1,2056355,2055854,501
155720941,36.7311,39.6697,502,43299,0.426606,0.99,1,2056392,2055890,502
155723861,30.5462,38.3339,493,43348,0.413321,0.93,1,2056421,2055928,493
155726781,31.7092,31.6668,495,43397,0.426664,0.83,1,2056453,2055958,495
155729701,33.5418,36.7334,491,43446,0.397333,0.83,1,2056487,2055996,491
155732621,25.1084,30.5467,485,43495,0.375467,0.81,1,2056510,2056025,485
155735541,21.0217,26.9093,479,43544,0.371093,0.73,1,2056530,2056051,479
155738461,29.0043,22.9819,488,43592,0.370219,0.73,1,2056561,2056073,488
155741381,29.8009,31.7964,484,43640,0.418044,0.71,1,2056591,2056107,484
155744301,30.7602,27.9593,488,43688,0.443609,0.67,1,2056622,2056134,488
155747221,30.952,31.9919,486,43736,0.464722,0.61,1,2056653,2056167,486
155750141,29.3904,32.7984,482,43784,0.452944,0.63,1,2056682,2056200,482
155753061,29.8781,32.9597,479,43832,0.498589,0.55,1,2056712,2056233,479
155755981,51.5756,31.3919,505,43880,0.539718,0.49,1,2056769,2056264,505
155758901,31.1151,54.2784,471,43928,0.515944,0.39,1,2056795,2056324,471
155761821,35.823,35.6557,477,43976,0.511189,0.43,1,2056832,2056355,477
155764741,30.3646,36.7311,469,44024,0.542238,0.41,1,2056861,2056392,469
155767661,31.6729,30.5462,472,44072,0.612448,0.43,1,2056893,2056421,472
155770581,33.5346,31.7092,474,44120,0.62649,0.39,1,2056927,2056453,474
155773501,24.3069,33.5418,462,44168,0.645298,0.37,1,2056949,2056487,462
155776421,20.8614,25.1084,459,44216,0.66506,0.37,1,2056969,2056510,459
155779341,28.9723,21.0217,470,44264,0.669012,0.37,1,2057000,2056530,470
155782261,33.7945,29.0043,474,44312,0.669802,0.43,1,2057035,2056561,474
155785181,32.3589,29.8009,476,44360,0.68596,0.45,1,2057067,2056591,476
155788101,30.4718,30.7602,475,44408,0.705192,0.47,1,2057097,2056622,475
155791021,30.0944,30.952,474,44456,0.709038,0.45,1,2057127,2056653,474
155793941,7.61887,29.3904,447,44503,0.709808,0.51,1,2057129,2056682,447
155796861,25.5238,29.8781,447,44550,0.725962,0.55,1,2057159,2056712,447
155799781,50.7048,51.5756,447,44597,0.745192,0.51,1,2057216,2056769,447
155802701,31.741,31.1151,448,44644,0.733038,0.51,1,2057243,2056795,448
155805621,37.5482,35.823,450,44691,0.762608,0.55,2,2057282,2056832,450
155808541,31.5096,30.3646,451,44738,0.832521,0.63,2,2057312,2056861,451
155811461,33.5019,31.6729,453,44785,0.846504,0.63,2,2057346,2056893,453
155814381,33.9004,33.5346,453,44832,0.881301,0.65,2,2057380,2056927,453
155817301,25.1801,24.3069,454,44879,0.87226,0.67,2,2057403,2056949,454
155820221,21.836,20.8614,455,44926,0.886452,0.67,2,2057424,2056969,455
155823141,29.1672,28.9723,455,44973,0.93729,0.67,2,2057455,2057000,455
155826061,33.8334,33.7945,455,45020,0.899458,0.69,2,2057490,2057035,455
155828981,33.9667,32.3589,457,45067,0.891892,0.71,2,2057524,2057067,457
155831901,30.7933,30.4718,457,45114,0.890378,0.71,2,2057554,2057097,457
155834821,30.1587,30.0944,457,45161,0.890076,0.71,2,2057584,2057127,457
155837741,7.63173,7.61887,457,45208,0.890015,0.73,2,2057586,2057129,457
155840661,26.3263,25.5238,458,45255,0.890003,0.75,2,2057617,2057159,458
155843581,50.0653,50.7048,457,45302,0.938001,0.73,2,2057673,2057216,457
155998341,26,22,495,47705,0.75,1,2,2059331,2058836,495
156001261,31.6,27.6,499,47749,0.67,1,1,2059364,2058865,499
156004181,34.32,31.92,501,47793,0.59,1,1,2059399,2058898,501
156007101,26.064,32.784,492,47837,0.574,1,1,2059423,2058931,492
156010021,33.2128,31.3568,496,47881,0.4588,1,1,2059458,2058962,496
156012941,33.0426,39.0714,488,47925,0.43576,1,1,2059491,2059003,488
156015861,27.4085,30.2143,486,47969,0.383152,1,1,2059517,2059031,486
156018781,32.6817,32.4429,487,48013,0.32463,1,1,2059551,2059064,487
156021701,21.7363,25.6886,482,48057,0.280926,1,1,2059570,2059088,482
156024621,31.5473,23.5377,493,48101,0.240185,1,1,2059604,2059111,493
156027541,27.1095,35.9075,480,48145,0.200037,0.98,1,2059630,2059150,480
156030461,26.2219,31.9815,475,48189,0.144007,0.95,1,2059656,2059181,475
156033381,21.2444,27.9963,468,48233,0.116801,0.87,1,2059676,2059208,468
156036301,26.6489,30.3993,465,48277,0.0473603,0.85,1,2059704,2059239,465
156039221,32.5298,34.8799,463,48321,0.0654721,0.87,1,2059738,2059275,463
156042141,28.106,30.976,460,48365,0.0530944,0.75,1,2059765,2059305,460
156045061,22.4212,26.9952,455,48409,0.0666189,0.65,1,2059786,2059331,455
156047981,29.2842,31.799,453,48453,0.0693238,0.57,1,2059817,2059364,453
156050901,28.2568,34.3598,446,48496,0.0858648,0.57,1,2059845,2059399,446
156053821,24.0514,26.072,445,48539,0.025173,0.43,1,2059868,2059423,445
156056741,31.2103,33.2144,443,48582,0.0930346,0.43,1,2059901,2059458,443
156059661,30.2421,33.0429,440,48625,0.0906069,0.37,1,2059931,2059491,440
156062581,24.4484,27.4086,437,48668,0.106121,0.31,1,2059954,2059517,437
156065501,30.4897,32.6817,435,48711,0.125224,0.27,1,2059986,2059551,435
156068421,19.6979,21.7363,433,48754,0.161045,0.23,1,2060003,2059570,433
156071341,29.5396,31.5473,431,48797,0.216209,0.19,1,2060035,2059604,431
156074261,25.1079,27.1095,429,48840,0.227242,0.19,1,2060059,2059630,429
156077181,24.2216,5.42189,453,48883,0.197448,0.13,1,2060083,2059630,453
156080101,19.2443,21.8844,445,48926,0.15949,0.11,1,2060101,2059656,445
156083021,23.8489,20.3769,450,48969,0.199898,0.03,1,2060126,2059676,450
156085941,32.7698,26.4754,457,49012,0.15998,0.07,1,2060161,2059704,457
156088861,27.354,32.4951,449,49055,0.231996,0.05,1,2060187,2059738,449
156091781,22.2708,28.099,443,49098,0.198399,0.07,1,2060208,2059765,443
156094701,30.0542,22.4198,454,49141,0.19168,0.07,1,2060240,2059786,454
156097621,26.8108,29.284,449,49184,0.158336,0.09,1,2060266,2059817,449
156100541,23.7622,28.2568,444,49227,0.135667,0.01,1,2060289,2059845,444
156103461,32.7524,24.0514,456,49270,0.115133,0.11,1,2060324,2059868,456
156106381,31.3505,31.2103,454,49313,0.127027,0.09,1,2060355,2059901,454
156109301,25.4701,30.2421,448,49356,0.145405,0.11,1,2060379,2059931,448
156112221,32.294,24.4484,459,49399,0.165081,0.13,1,2060413,2059954,459
156115141,21.6588,30.4897,446,49442,0.201016,0.17,1,2060432,2059986,446
156118061,30.7318,19.6979,462,49485,0.256203,0.23,1,2060465,2060003,462
156120981,26.9464,29.5396,456,49528,0.283241,0.23,1,2060491,2060035,456
156123901,22.9893,25.1079,454,49571,0.288648,0.19,1,2060513,2060059,454
156126821,18.9979,24.2216,448,49614,0.28973,0.15,1,2060531,2060083,448
156129741,24.5996,19.2443,456,49656,0.305946,0.21,1,2060557,2060101,456
156132661,32.1199,23.8489,465,49698,0.309189,0.15,1,2060591,2060126,465
156135581,28.024,32.7698,457,49740,0.293838,0.25,1,2060618,2060161,457
156138501,21.6048,27.354,451,49782,0.290768,0.19,1,2060638,2060187,451
156141421,28.321,22.2708,460,49824,0.306154,0.19,1,2060668,2060208,460
156144341,26.4642,30.0542,454,49866,0.309231,0.15,1,2060694,2060240,454
156147261,22.8928,26.8108,450,49908,0.341846,0.13,1,2060716,2060266,450
156150181,32.5786,23.7622,462,49950,0.364369,0.11,1,2060751,2060289,462
156153101,32.1157,32.7524,459,49992,0.400874,0.13,1,2060783,2060324,459
156156021,26.4231,31.3505,453,50034,0.392175,0.15,1,2060808,2060355,453
156158941,33.2846,25.4701,464,50076,0.422435,0.17,1,2060843,2060379,464
156161861,22.6569,32.294,450,50118,0.444487,0.21,1,2060863,2060413,450
156164781,34.1314,21.6588,468,50160,0.432897,0.27,1,2060900,2060432,468
156167701,27.6263,30.7318,461,50202,0.478579,0.29,1,2060926,2060465,461
156170621,23.1253,26.9464,457,50244,0.487716,0.29,1,2060948,2060491,457
156173541,19.0251,22.9893,453,50286,0.489543,0.29,1,2060966,2060513,453
156176461,5.40501,18.9979,437,50328,0.489909,0.31,1,2060968,2060531,437
156179381,21.881,24.5996,437,50370,0.489982,0.31,1,2060994,2060557,437
156182301,31.5762,32.1199,437,50412,0.489996,0.29,1,2061028,2060591,437
156185221,27.1152,28.024,436,50454,0.489999,0.29,1,2061054,2060618,436
156188141,21.423,21.6048,436,50496,0.522,0.31,1,2061074,2060638,436
156191061,29.0846,28.321,437,50538,0.5124,0.31,1,2061105,2060668,437
156193981,26.6169,26.4642,437,50580,0.52648,0.35,1,2061131,2060694,437
156196901,25.3234,22.8928,440,50622,0.545296,0.37,1,2061156,2060716,440
156199821,34.6647,32.5786,442,50664,0.565059,0.41,1,2061193,2060751,442
156202741,32.5329,32.1157,442,50706,0.617012,0.39,1,2061225,2060783,442
156205661,27.3066,26.4231,443,50748,0.643402,0.43,1,2061251,2060808,443
156208581,34.2613,33.2846,444,50790,0.648681,0.45,1,2061287,2060843,444
156211501,22.8523,22.6569,444,50831,0.649736,0.43,1,2061307,2060863,444
156214421,34.9705,34.1314,445,50872,0.617947,0.49,1,2061345,2060900,445
156217341,28.5941,27.6263,446,50913,0.643589,0.49,1,2061372,2060926,446
156220261,23.3188,23.1253,446,50954,0.632718,0.49,1,2061394,2060948,446
156223181,19.0638,19.0251,446,50995,0.646544,0.49,1,2061412,2060966,446
156226101,5.41275,5.40501,446,51036,0.681309,0.49,1,2061414,2060968,446
156229021,21.8826,21.881,446,51077,0.672262,0.49,1,2061440,2060994,446
156231941,31.5765,31.5762,446,51118,0.702452,0.49,1,2061474,2061028,446
156234861,27.1153,27.1152,446,51159,0.74049,0.53,1,2061500,2061054,446
156237781,21.4231,21.423,446,51200,0.748098,0.51,1,2061520,2061074,446
156240701,29.0846,29.0846,446,51241,0.74962,0.53,1,2061551,2061105,446
156243621,26.6169,26.6169,446,51282,0.781924,0.55,2,2061577,2061131,446
156246541,27.7234,25.3234,449,51323,0.756385,0.57,2,2061605,2061156,449
156249461,35.9447,34.6647,450,51364,0.799277,0.63,2,2061643,2061193,450
156252381,34.3889,32.5329,452,51405,0.823855,0.65,2,2061677,2061225,452
156255301,27.6778,27.3066,452,51446,0.796771,0.65,2,2061703,2061251,452
156258221,34.3356,34.2613,452,51487,0.839354,0.65,2,2061739,2061287,452
156261141,22.8671,22.8523,452,51528,0.815871,0.61,2,2061759,2061307,452
156264061,34.9734,34.9705,452,51569,0.827174,0.65,2,2061797,2061345,452
156266981,28.5947,28.5941,452,51610,0.861435,0.63,2,2061824,2061372,452
156269901,24.1189,23.3188,453,51651,0.884287,0.65,2,2061847,2061394,453
156272821,20.0238,19.0638,454,51692,0.920857,0.69,2,2061866,2061412,454
156275741,5.60476,5.41275,454,51733,0.944171,0.67,2,2061868,2061414,454
156278661,22.721,21.8826,455,51774,0.948834,0.67,2,2061895,2061440,455
156281581,32.5442,4.37651,490,51815,0.933767,0.71,2,2061930,2061440,490
156284501,27.3088,28.0753,482,51856,0.930753,0.75,2,2061956,2061474,482
156287421,22.2618,26.4151,477,51897,0.914151,0.75,2,2061977,2061500,477
156290341,30.0524,21.283,489,51938,0.94283,0.75,2,2062009,2061520,489
156307861,37,26,497,52180,0.93,0.85,2,2062200,2061703,497
156310781,24.2,34,482,52220,0.914,0.81,2,2062221,2061739,482
156313701,36.04,22.8,501,52260,0.9428,0.83,2,2062260,2061759,501
156316621,29.608,34.96,491,52300,0.93256,0.87,2,2062288,2061797,491
156319541,25.1216,28.592,488,52340,0.946512,0.89,2,2062312,2061824,488
156589641,40,38,468,27575,0.89,1,2,2065877,2065409,468
156592561,29.6,28.4,469,27652,0.906,1,2,2065904,2065435,469
156595481,53.92,42.48,483,27729,0.9412,1,2,2065964,2065481,483
156732721,50,52,488,31115,0.83,1,2,2068352,2067864,488
156735641,38,35.2,492,31183,0.782,1,2,2068387,2067895,492
156738561,32.4,37.44,485,31251,0.6924,1,1,2068418,2067933,485
156741481,64.08,65.088,485,31319,0.64248,1,1,2068490,2068005,485
156744401,38.416,13.0176,517,31387,0.472496,0.96,1,2068522,2068005,517
156747321,59.6832,33.0035,544,31454,0.470499,1,1,2068587,2068043,544
156750241,51.9366,64.2007,522,31521,0.3741,1,1,2068637,2068115,522
156753161,61.5873,48.8401,541,31588,0.40282,1,1,2068701,2068160,541
156756081,37.9175,64.168,505,31655,0.360564,0.92,1,2068733,2068228,505
156759001,34.7835,40.8336,504,31722,0.384113,0.85,1,2068767,2068263,504
156761921,42.9567,39.3667,510,31789,0.388823,0.83,1,2068812,2068302,510
156764841,35.7913,47.8733,494,31856,0.405764,0.77,1,2068846,2068352,494
156767761,27.1583,37.5747,484,31922,0.457153,0.67,1,2068871,2068387,484
156770681,59.0317,32.3149,520,31988,0.419431,0.63,1,2068938,2068418,520
156773601,32.6063,64.063,474,32054,0.443886,0.43,1,2068964,2068490,474
156776521,57.7213,38.4126,506,32120,0.432777,0.47,1,2069028,2068522,506
156779441,53.1443,59.6825,493,32186,0.494555,0.35,1,2069080,2068587,493
156782361,58.6289,51.9365,503,32252,0.506911,0.41,1,2069140,2068637,503
156785281,36.5258,61.5873,470,32318,0.541382,0.35,1,2069171,2068701,470
156788201,36.1052,37.9175,474,32383,0.548276,0.39,1,2069207,2068733,474
156791121,43.221,34.7835,485,32448,0.597655,0.39,1,2069252,2068767,485
156794041,36.6442,42.9567,475,32513,0.639531,0.41,1,2069287,2068812,475
156796961,28.1288,35.7913,467,32578,0.663906,0.47,1,2069313,2068846,467
156799881,60.0258,27.1583,510,32643,0.668781,0.41,1,2069381,2068871,510
156802801,33.6052,59.0317,470,32708,0.701756,0.45,1,2069408,2068938,470
156805721,8.32103,32.6063,446,32773,0.708351,0.43,1,2069410,2068964,446
156808641,52.0642,57.7213,445,32838,0.74167,0.51,1,2069473,2069028,445
156811561,55.2128,53.1443,449,32902,0.796334,0.51,2,2069529,2069080,449
156814481,57.4426,58.6289,447,32966,0.839267,0.55,2,2069587,2069140,447
156817401,37.8885,36.5258,449,33030,0.863853,0.55,2,2069620,2069171,449
156820321,36.3777,36.1052,449,33094,0.900771,0.61,2,2069656,2069207,449
156823241,45.6755,43.221,452,33158,0.908154,0.65,2,2069704,2069252,452
156826161,38.7351,36.6442,454,33222,0.925631,0.67,2,2069741,2069287,454
156829081,29.347,28.1288,455,33286,0.881126,0.67,2,2069768,2069313,455
156832001,60.2694,60.0258,455,33350,0.904225,0.71,2,2069836,2069381,455
156980921,41,34,491,36441,0.55,1,1,2071992,2071501,491
156983841,36.2,33.2,493,36499,0.502,1,1,2072027,2071534,493
156986761,28.04,26.64,494,36557,0.5244,1,1,2072053,2071559,494
156989681,42.408,42.128,494,36615,0.44888,1,1,2072099,2071605,494
156992601,34.0816,29.2256,500,36673,0.353776,1,1,2072131,2071631,500
156995521,30.0163,31.4451,497,36731,0.302755,1,1,2072160,2071663,497
156998441,61.2033,70.289,486,36789,0.116551,0.92,1,2072229,2071743,486
157001361,39.4407,42.8578,484,36846,0.0793102,0.87,1,2072263,2071779,484
157004281,33.4881,35.7716,482,36903,0.071862,0.99,1,2072295,2071813,482
157007201,15.4976,27.1543,468,36960,0.0383724,0.85,1,2072306,2071838,468
157010121,41.4995,47.8309,463,37017,0.111674,0.73,1,2072354,2071891,463
157013041,52.2999,57.5662,458,37074,0.0783349,0.55,1,2072409,2071951,458
157015961,37.66,44.3132,451,37131,0.103667,0.49,1,2072443,2071992,451
157018881,33.932,36.8626,449,37188,0.0767334,0.49,1,2072476,2072027,449
157021801,26.7864,7.37253,474,37245,0.0553467,0.53,1,2072501,2072027,474
157024721,34.1573,22.2745,484,37302,0.115069,0.43,1,2072537,2072053,484
157027641,30.8315,41.2549,468,37359,0.111014,0.33,1,2072567,2072099,468
157030561,26.1663,33.851,461,37416,0.142203,0.29,1,2072592,2072131,461
157033481,55.6333,29.9702,495,37472,0.148441,0.07,1,2072655,2072160,495
157036401,34.3267,61.194,455,37528,0.149688,0.07,1,2072684,2072229,455
157039321,32.4653,39.4388,453,37584,0.149938,0.07,1,2072716,2072263,453
157042241,18.4931,33.4878,436,37640,0.149988,0.03,1,2072731,2072295,436
157045161,41.2986,15.4976,472,37696,0.197998,0.13,1,2072778,2072306,472
157048081,50.6597,41.4995,477,37752,0.1756,0.07,1,2072831,2072354,477
157051001,40.5319,52.2999,460,37808,0.18712,0.11,1,2072869,2072409,460
157053921,31.3064,37.66,455,37864,0.173424,0.07,1,2072898,2072443,455
157056841,27.8613,33.932,449,37920,0.186685,0.05,1,2072925,2072476,449
157059761,35.1723,26.7864,461,37976,0.189337,0.13,1,2072962,2072501,461
157062681,31.8345,34.1573,456,38032,0.221867,0.11,1,2072993,2072537,456
157065601,27.9669,30.8315,453,38088,0.244373,0.15,1,2073020,2072567,453
157068521,55.1934,26.1663,490,38143,0.280875,0.15,1,2073082,2072592,490
157071441,33.4387,55.6333,455,38198,0.256175,0.15,1,2073110,2072655,455
157074361,33.0877,34.3267,459,38253,0.283235,0.15,1,2073143,2072684,459
157077281,17.8175,32.4653,441,38308,0.336647,0.15,1,2073157,2072716,441
157080201,43.5635,18.4931,476,38363,0.363329,0.21,1,2073207,2072731,476
157083121,51.9127,41.2986,483,38418,0.368666,0.17,1,2073261,2072778,483
157086041,40.7825,50.6597,468,38473,0.401733,0.19,1,2073299,2072831,468
157088961,30.5565,40.5319,458,38528,0.424347,0.17,1,2073327,2072869,458
157091881,28.5113,31.3064,457,38583,0.428869,0.19,1,2073355,2072898,457
157094801,7.30226,27.8613,432,38638,0.429774,0.19,1,2073357,2072925,432
157097721,30.2605,35.1723,431,38693,0.445955,0.23,1,2073393,2072962,431
157100641,32.4521,31.8345,433,38748,0.497191,0.25,1,2073426,2072993,433
157103561,28.8904,27.9669,434,38803,0.539438,0.29,1,2073454,2073020,434
157106481,55.3781,55.1934,434,38857,0.531888,0.25,1,2073516,2073082,434
157109401,34.2756,33.4387,435,38911,0.562378,0.29,1,2073545,2073110,435
157112321,36.4551,33.0877,439,38965,0.648475,0.35,1,2073582,2073143,439
157115241,18.491,17.8175,439,39019,0.633695,0.37,1,2073596,2073157,439
157118161,44.4982,43.5635,440,39073,0.614739,0.37,1,2073647,2073207,440
157121081,53.6996,51.9127,442,39127,0.626948,0.41,1,2073703,2073261,442
157124001,41.1399,40.7825,442,39181,0.67739,0.43,1,2073741,2073299,442
157126921,31.428,30.5565,443,39235,0.719478,0.43,1,2073770,2073327,443
157129841,28.6856,28.5113,443,39289,0.727896,0.43,1,2073798,2073355,443
157132761,7.33712,7.30226,443,39343,0.729579,0.45,1,2073800,2073357,443
157135681,31.8674,30.2605,445,39397,0.729916,0.51,1,2073838,2073393,445
157138601,34.3735,32.4521,447,39451,0.809983,0.55,2,2073873,2073426,447
157141521,29.2747,28.8904,447,39505,0.793997,0.53,2,2073901,2073454,447
157144441,56.2549,55.3781,448,39558,0.774799,0.57,2,2073964,2073516,448
157147361,36.851,34.2756,451,39611,0.77096,0.67,2,2073996,2073545,451
157150281,38.5702,36.4551,453,39664,0.802192,0.63,2,2074035,2073582,453
157153201,18.914,18.491,453,39717,0.792438,0.61,2,2074049,2073596,453
157156121,43.7828,44.4982,452,39770,0.822488,0.63,2,2074099,2073647,452
157159041,54.3566,53.6996,453,39823,0.860498,0.69,2,2074156,2073703,453
157161961,44.4713,41.1399,457,39876,0.836099,0.73,2,2074198,2073741,457
157164881,32.8943,31.428,458,39929,0.83122,0.73,2,2074228,2073770,458
157167801,28.9789,28.6856,458,39982,0.846244,0.73,2,2074256,2073798,458
157170721,7.39577,7.33712,458,40035,0.849249,0.73,2,2074258,2073800,458
157173641,31.8792,31.8674,458,40088,0.84985,0.73,2,2074296,2073838,458
157176561,35.9758,6.37348,495,40141,0.81797,0.83,2,2074333,2073838,495
157179481,29.5952,29.2747,488,40194,0.827594,0.79,2,2074361,2073873,488
157182401,55.519,28.2549,522,40247,0.845519,0.77,2,2074423,2073901,522
157185321,35.1038,56.051,489,40299,0.865104,0.77,2,2074453,2073964,489
157188241,40.6208,36.8102,499,40351,0.885021,0.81,2,2074495,2073996,499
157191161,19.3242,38.562,474,40403,0.857004,0.79,2,2074509,2074035,474
157194081,44.6648,18.9124,511,40455,0.899401,0.83,2,2074560,2074049,511
157197001,55.333,43.7825,519,40507,0.90788,0.87,2,2074618,2074099,519
157199921,43.0666,54.3565,502,40559,0.909576,0.83,2,2074658,2074156,502
157202841,32.6133,44.4713,490,40611,0.925915,0.83,2,2074688,2074198,490
157205761,29.7227,32.8943,489,40663,0.929183,0.85,2,2074717,2074228,489
157208681,7.54453,28.9789,463,40715,0.929837,0.85,2,2074719,2074256,463
157343001,26,0,527,43035,0.69,1,1,2076335,2075808,527
157345921,25.2,24.8,521,43084,0.642,1,1,2076360,2075839,521
157348841,32.24,34.56,518,43133,0.5684,1,1,2076394,2075876,518
157351761,31.248,39.712,508,43182,0.48968,1,1,2076425,2075917,508
157354681,39.8496,31.1424,521,43231,0.393936,1,1,2076467,2075946,521
157357601,49.5699,35.8285,536,43280,0.230787,1,1,2076519,2075983,536
157360521,53.114,62.3657,521,43329,0.0701574,0.98,1,2076573,2076052,521
157363441,35.4228,43.6731,513,43378,0.0380315,0.98,1,2076604,2076091,513
157366361,35.0846,35.9346,514,43427,0.0316063,1,1,2076639,2076125,514
157369281,26.2169,31.1869,508,43476,0.0623213,1,1,2076663,2076155,508
157372201,22.8434,30.2374,500,43525,0.0684642,1,1,2076685,2076185,500
157375121,25.3687,25.2475,502,43573,0.0216928,0.99,1,2076711,2076209,502
157378041,24.2737,28.2495,497,43621,0.0123386,0.9,1,2076735,2076238,497
157380961,30.4547,31.2499,497,43669,0.0584677,0.81,1,2076767,2076270,497
157383881,21.2909,37.45,477,43717,0.0676935,0.69,1,2076786,2076309,477
157386801,21.8582,28.29,473,43765,0.0855387,0.63,1,2076808,2076335,473
157389721,30.7716,25.658,481,43813,0.169108,0.55,1,2076841,2076360,481
157392641,28.5543,32.3316,475,43861,0.121822,0.47,1,2076869,2076394,475
157395561,32.1109,31.2663,477,43909,0.176364,0.37,1,2076902,2076425,477
157398481,44.0222,39.8533,482,43957,0.171273,0.19,1,2076949,2076467,482
157401401,44.8044,49.5707,475,44005,0.170255,0.03,1,2076994,2076519,475
157404321,34.5609,53.1141,453,44053,0.138051,0.03,1,2077026,2076573,453
157407241,34.1122,35.4228,456,44101,0.0996102,0.03,1,2077060,2076604,456
157410161,27.6224,35.0846,447,44149,0.075922,0.07,1,2077086,2076639,447
157413081,22.3245,26.2169,444,44197,0.0871844,0.07,1,2077107,2076663,444
157416001,24.4649,22.8434,447,44245,0.0734369,0.01,1,2077132,2076685,447
157418921,24.893,25.3687,446,44293,0.0386874,0.01,1,2077157,2076711,446
157421841,32.9786,24.2737,457,44341,0.0797375,0.07,1,2077192,2076735,457
157424761,20.1957,30.4547,442,44389,0.0399475,0.07,1,2077209,2076767,442
157427681,23.2391,21.2909,447,44437,0.0639895,0.09,1,2077233,2076786,447
157430601,6.24783,21.8582,427,44484,0.0687979,0.19,1,2077235,2076808,427
157433521,29.2496,30.7716,429,44531,0.11776,0.11,1,2077270,2076841,429
157436441,26.6499,28.5543,427,44578,0.159552,0.19,1,2077296,2076869,427
157439361,34.93,32.1109,431,44625,0.16791,0.17,1,2077333,2076902,431
157442281,45.386,44.0222,432,44672,0.217582,0.17,1,2077381,2076949,432
157445201,41.0772,44.8044,427,44719,0.211516,0.13,1,2077421,2076994,427
157448121,34.6154,34.5609,428,44766,0.258303,0.09,1,2077454,2077026,428
157451041,31.7231,34.1122,425,44813,0.267661,0.07,1,2077485,2077060,425
157453961,26.3446,27.6224,424,44860,0.253532,0.09,1,2077510,2077086,424
157456881,22.0689,22.3245,424,44907,0.266706,0.07,1,2077531,2077107,424
157459801,23.6138,24.4649,423,44954,0.269341,0.03,1,2077555,2077132,423
157462721,25.5228,24.893,424,45001,0.237868,0.09,1,2077581,2077157,424
157465641,33.1046,32.9786,424,45048,0.279574,0.03,1,2077616,2077192,424
157468561,21.0209,20.1957,425,45095,0.255915,0.07,1,2077634,2077209,425
157471481,23.4042,23.2391,425,45142,0.299183,0.07,1,2077658,2077233,425
157474401,6.28084,6.24783,425,45189,0.275837,0.13,1,2077660,2077235,425
157477321,30.8562,29.2496,427,45236,0.303167,0.17,1,2077697,2077270,427
157480241,27.7712,26.6499,428,45283,0.324633,0.17,1,2077724,2077296,428
157483161,36.7542,34.93,430,45330,0.312927,0.23,1,2077763,2077333,430
157486081,46.5508,45.386,431,45377,0.310585,0.21,1,2077812,2077381,431
157489001,42.1102,41.0772,432,45423,0.326117,0.27,1,2077853,2077421,432
157491921,35.622,34.6154,433,45469,0.297223,0.27,1,2077887,2077454,433
157494841,31.9244,31.7231,433,45515,0.307445,0.25,1,2077918,2077485,433
157497761,27.1849,26.3446,434,45561,0.325489,0.27,1,2077944,2077510,434
157500681,23.037,22.0689,435,45607,0.361098,0.27,1,2077966,2077531,435
157503601,23.8074,23.6138,435,45653,0.40022,0.23,1,2077990,2077555,435
157506521,23.9615,25.5228,433,45699,0.408044,0.29,1,2078014,2077581,433
157509441,33.5923,33.1046,434,45745,0.425609,0.25,1,2078050,2077616,434
157512361,21.9185,21.0209,435,45791,0.477122,0.31,1,2078069,2077634,435
157515281,23.5837,23.4042,435,45837,0.471424,0.27,1,2078093,2077658,435
157518201,6.31674,6.28084,435,45883,0.502285,0.31,1,2078095,2077660,435
157521121,30.8633,30.8562,435,45929,0.460457,0.31,1,2078132,2077697,435
157524041,27.7727,6.17123,462,45975,0.468091,0.33,1,2078159,2077697,462
157526961,38.3545,22.8342,476,46021,0.453618,0.31,1,2078200,2077724,476
157529881,46.0709,35.7668,485,46067,0.482724,0.31,1,2078248,2077763,485
157532801,41.2142,46.3534,476,46113,0.504545,0.33,1,2078288,2077812,476
157535721,35.4428,42.0707,469,46159,0.524909,0.29,1,2078322,2077853,469
157538641,32.6886,35.6141,467,46205,0.544982,0.31,1,2078354,2077887,467
157541561,28.1377,31.9228,463,46251,0.548996,0.33,1,2078381,2077918,463
157544481,24.0275,27.1846,460,46297,0.565799,0.37,1,2078404,2077944,460
157547401,24.8055,23.0369,463,46343,0.55316,0.41,1,2078429,2077966,463
157550321,24.9611,23.8074,464,46388,0.566632,0.41,1,2078454,2077990,464
157553241,35.3922,23.9615,478,46433,0.505326,0.43,1,2078492,2078014,478
157556161,23.0784,33.5923,462,46478,0.493065,0.49,1,2078512,2078050,462
157559081,24.6157,21.9185,468,46523,0.506613,0.47,1,2078537,2078069,468
157562001,6.52314,23.5837,446,46568,0.509323,0.51,1,2078539,2078093,446
157564921,30.1046,6.31674,480,46613,0.509865,0.45,1,2078575,2078095,480
157567841,28.4209,30.8633,471,46658,0.525973,0.47,1,2078603,2078132,471
157570761,37.6842,27.7727,484,46703,0.561195,0.45,1,2078643,2078159,484
157573681,47.5368,38.3545,493,46748,0.600239,0.49,1,2078693,2078200,493
157576601,43.1074,46.0709,487,46793,0.608048,0.51,1,2078735,2078248,487
157579521,36.6215,41.2142,482,46838,0.65761,0.53,1,2078770,2078288,482
157582441,32.9243,35.4428,480,46883,0.667522,0.55,1,2078802,2078322,480
157585361,28.1849,32.6886,475,46928,0.653504,0.55,1,2078829,2078354,475
157588281,23.237,28.1377,470,46973,0.650701,0.57,1,2078851,2078381,470
157591201,25.4474,24.0275,473,47018,0.65014,0.55,1,2078877,2078404,473
157594121,24.2895,24.8055,472,47063,0.650028,0.57,1,2078901,2078429,472
157597041,33.6579,24.9611,483,47108,0.682006,0.49,1,2078937,2078454,483
157599961,22.7316,35.3922,465,47153,0.688401,0.49,1,2078957,2078492,465
157602881,25.3463,23.0784,471,47198,0.70568,0.51,1,2078983,2078512,471
157605801,6.66926,24.6157,448,47243,0.709136,0.51,1,2078985,2078537,448
157608721,30.9339,6.52314,483,47288,0.773827,0.51,2,2079022,2078539,483
157611641,29.3868,30.1046,476,47333,0.770765,0.53,2,2079051,2078575,476
157614561,38.6774,28.4209,489,47378,0.818153,0.57,2,2079092,2078603,489
157617481,9.33547,37.6842,451,47422,0.827631,0.61,2,2079094,2078643,451
157620401,42.6671,47.5368,452,47466,0.909526,0.61,2,2079145,2078693,452
157623321,43.7334,43.1074,454,47510,0.941905,0.67,2,2079189,2078735,454
157903641,97,55,531,23541,0.31,0.92,1,2082136,2081605,531
157906561,53.8,75,494,23631,0.294,0.93,1,2082179,2081685,494
157909481,61.96,59,503,23721,0.3548,0.75,1,2082243,2081740,503
157912401,55.592,65.4,490,23810,0.38296,0.61,1,2082297,2081807,490
157915321,59.1184,61.08,490,23899,0.404592,0.35,1,2082357,2081867,490
157918241,41.4237,66.616,459,23988,0.488918,0.31,1,2082394,2081935,459
157921161,31.4847,42.1232,452,24076,0.489784,0.37,1,2082423,2081971,452
157924081,50.2969,62.8246,439,24164,0.473957,0.31,1,2082478,2082039,439
157927001,87.6594,90.1649,439,24252,0.454791,0.29,1,2082575,2082136,439
157929921,50.3319,52.433,437,24339,0.434958,0.37,1,2082616,2082179,437
157932841,63.6664,61.6866,440,24426,0.510992,0.39,1,2082683,2082243,440
157935761,57.5333,55.5373,442,24513,0.526198,0.41,1,2082739,2082297,442
157938681,59.5067,59.1075,442,24599,0.52924,0.51,1,2082799,2082357,442
157941601,43.9013,41.4215,445,24685,0.529848,0.49,1,2082839,2082394,445
157944521,31.1803,31.4843,444,24771,0.52997,0.47,1,2082867,2082423,444
157947441,49.4361,50.2969,443,24857,0.625994,0.45,1,2082921,2082478,443
157950361,86.6872,87.6594,442,24942,0.693199,0.43,1,2083017,2082575,442
157953281,50.1374,50.3319,442,25027,0.70664,0.53,1,2083058,2082616,442
157956201,66.8275,63.6664,446,25112,0.773328,0.53,2,2083129,2082683,446
157959121,59.7655,57.5333,448,25196,0.834666,0.53,2,2083187,2082739,448
157962041,59.9531,59.5067,448,25280,0.878933,0.53,2,2083247,2082799,448
157964961,43.9906,43.9013,448,25364,0.887787,0.53,2,2083287,2082839,448
157967881,31.1981,31.1803,448,25448,0.905557,0.53,2,2083315,2082867,448
157970801,51.8396,6.23605,505,25531,0.861111,0.65,2,2083372,2082867,505
157973721,89.5679,44.4472,550,25614,0.868222,0.71,2,2083471,2082921,550
157976641,50.7136,85.6894,495,25697,0.885644,0.71,2,2083512,2083017,495
157979561,71.7427,49.9379,531,25779,0.889129,0.79,2,2083589,2083058,531
157982481,63.1485,66.7876,521,25861,0.889826,0.85,2,2083650,2083129,521
157985401,62.2297,59.7575,525,25943,0.857965,0.89,2,2083712,2083187,525
157988321,44.4459,59.9515,505,26025,0.851593,0.89,2,2083752,2083247,505
157991241,32.0892,43.9903,494,26106,0.866319,0.91,2,2083781,2083287,494
157994161,49.6178,31.1981,520,26187,0.869264,0.85,2,2083835,2083315,520
157997081,89.9236,51.8396,563,26268,0.917853,0.87,2,2083935,2083372,563
158102201,31,100,521,29028,0.73,1,1,2085880,2085359,521
158105121,31.8,48,518,29101,0.65,1,1,2085912,2085394,518
158108041,43.96,26.4,544,29174,0.442,1,1,2085959,2085415,544
158110961,47.992,53.28,533,29247,0.4164,1,1,2086008,2085475,533
158113881,69.5984,68.256,536,29319,0.25128,1,1,2086083,2085547,536
158116801,48.3197,67.2512,512,29391,0.314256,1,1,2086126,2085614,512
158119721,43.2639,46.2502,513,29463,0.182851,1,1,2086168,2085655,513
158122641,43.8528,38.85,520,29535,0.0925702,0.87,1,2086212,2085692,520
158125561,84.7706,46.17,567,29607,0.026514,0.75,1,2086307,2085740,567
158128481,38.5541,96.434,485,29678,0.0133028,0.73,1,2086334,2085849,485
158131401,29.3108,44.0868,481,29749,0.0266606,0.63,1,2086361,2085880,481
158134321,39.4622,34.4174,491,29820,0.0293321,0.39,1,2086403,2085912,491
158137241,9.49243,44.4835,446,29891,0.0298664,0.41,1,2086405,2085959,446
158140161,37.8985,48.0967,442,29962,0.0139733,0.21,1,2086450,2086008,442
158143081,57.9797,69.6193,430,30033,0.0267947,0.33,1,2086513,2086083,430
158146001,49.9959,48.3239,435,30103,0.0613589,0.15,1,2086561,2086126,435
158148921,36.3992,43.2648,426,30173,0.0682718,0.07,1,2086594,2086168,426
158151841,39.2798,43.853,422,30243,0.0536544,0.01,1,2086634,2086212,422
158154761,83.856,84.7706,422,30313,0.0347309,0.01,1,2086729,2086307,422
158157681,39.1712,38.5541,423,30383,0.00694617,0.03,1,2086757,2086334,423
158160601,29.4342,29.3108,423,30453,0.0733892,0.03,1,2086784,2086361,423
158163521,39.4868,39.4622,423,30522,0.0386778,0.03,1,2086826,2086403,423
158166441,9.49737,9.49243,423,30591,0.0317356,0.01,1,2086828,2086405,423
158169361,37.8995,37.8985,423,30660,0.0623471,0.03,1,2086873,2086450,423
158172281,57.1799,57.9797,422,30729,0.0684694,0.07,1,2086935,2086513,422
158175201,50.636,49.9959,423,30798,0.0536939,0.07,1,2086984,2086561,423
158178121,35.7272,36.3992,422,30867,0.130739,0.05,1,2087016,2086594,422
158181041,40.7454,39.2798,424,30936,0.146148,0.03,1,2087058,2086634,424
158183961,82.5491,83.856,422,31004,0.0532296,0,1,2087151,2086729,422
158186881,40.5098,39.1712,424,31072,0.0106459,0.09,1,2087181,2086757,424
158189801,29.702,29.4342,424,31140,0.0421292,0.03,1,2087208,2086784,424
158192721,37.9404,39.4868,422,31208,0.0324258,0.03,1,2087248,2086826,422
158195641,9.18808,9.49737,422,31276,0.0304852,0.03,1,2087250,2086828,422
158198561,37.8376,1.89947,467,31344,0.030097,0.07,1,2087295,2086828,467
158201481,58.7675,36.3799,486,31412,0.0460194,0.07,1,2087359,2086873,486
158204401,53.3535,56.876,476,31479,0.0492039,0.05,1,2087411,2086935,476
158207321,37.0707,50.5752,460,31546,0.0658408,0.15,1,2087444,2086984,460
158210241,41.8141,35.715,471,31613,0.117168,0.15,1,2087487,2087016,471
158213161,76.3628,40.743,514,31680,0.0794336,0.03,1,2087572,2087058,514
158216081,39.2726,82.5486,451,31747,0.0158867,0,1,2087602,2087151,451
158219001,31.0545,40.5097,450,31814,0.0271773,0.05,1,2087631,2087181,450
158221921,36.6109,29.7019,461,31881,0.00543547,0.03,1,2087669,2087208,461
158224841,8.92218,37.9404,423,31947,0.00908709,0.03,1,2087671,2087248,423
158227761,38.5844,9.18808,467,32013,0.0258174,0.03,1,2087717,2087250,467
158230681,59.7169,37.8376,487,32079,0.0611635,0.05,1,2087782,2087295,487
158233601,55.1434,58.7675,477,32145,0.0842327,0.05,1,2087836,2087359,477
158236521,39.0287,53.3535,460,32211,0.0568465,0.07,1,2087871,2087411,460
158239441,42.2057,37.0707,470,32277,0.115369,0.13,1,2087914,2087444,470
158242361,74.0411,41.8141,509,32343,0.191074,0.07,1,2087996,2087487,509
158245281,36.4082,76.3628,451,32408,0.206215,0,1,2088023,2087572,451
158248201,31.2816,39.2726,451,32473,0.145243,0.03,1,2088053,2087602,451
158251121,35.8563,31.0545,459,32538,0.0850486,0,1,2088090,2087631,459
158254041,8.77127,36.6109,423,32603,0.0730097,0.01,1,2088092,2087669,423
158256961,39.3543,8.92218,468,32668,0.102602,0.03,1,2088139,2087671,468
158259881,61.4709,38.5844,489,32733,0.0605204,0.07,1,2088206,2087717,489
158262801,13.8942,59.7169,426,32798,0.0521041,0.09,1,2088208,2087782,426
158265721,44.3788,55.1434,424,32862,0.0824208,0.05,1,2088260,2087836,424
158268641,39.2758,39.0287,427,32926,0.0244842,0.13,1,2088298,2087871,427
158271561,43.0552,42.2057,428,32990,0.0768968,0.21,1,2088342,2087914,428
158274481,77.411,74.0411,432,33054,0.167379,0.21,1,2088428,2087996,432
158277401,35.4822,36.4082,430,33118,0.201476,0.13,1,2088453,2088023,430
158280321,29.4964,31.2816,428,33182,0.208295,0.07,1,2088481,2088053,428
158283241,33.0993,35.8563,425,33246,0.209659,0.07,1,2088515,2088090,425
158286161,8.21986,8.77127,425,33310,0.209932,0.11,1,2088517,2088092,425
158289081,40.844,39.3543,427,33373,0.209986,0.05,1,2088566,2088139,427
158292001,59.3688,61.4709,424,33436,0.257997,0.05,1,2088630,2088206,424
158294921,13.4738,13.8942,424,33499,0.235599,0.09,1,2088632,2088208,424
158297841,44.2948,44.3788,424,33562,0.27912,0.01,1,2088684,2088260,424
158300761,37.659,39.2758,422,33625,0.335824,0.09,1,2088720,2088298,422
158303681,44.3318,43.0552,424,33688,0.315165,0.19,1,2088766,2088342,424
158306601,81.6664,77.411,429,33751,0.423033,0.21,1,2088857,2088428,429
158309521,37.1333,35.4822,430,33814,0.476607,0.21,1,2088883,2088453,430
158312441,29.8267,29.4964,430,33877,0.487321,0.21,1,2088911,2088481,430
158315361,33.1653,33.0993,430,33939,0.489464,0.21,1,2088945,2088515,430
158318281,8.23307,8.21986,430,34001,0.521893,0.21,1,2088947,2088517,430
158321201,42.4466,40.844,432,34063,0.496379,0.27,1,2088998,2088566,432
158324121,60.4893,59.3688,433,34125,0.523276,0.23,1,2089063,2088630,433
158327041,13.6979,13.4738,433,34187,0.496655,0.29,1,2089065,2088632,433
158329961,45.1396,44.2948,434,34249,0.475331,0.29,1,2089118,2088684,434
158332881,39.4279,8.85895,472,34311,0.503066,0.35,1,2089156,2088684,472
158335801,44.6856,30.5718,482,34373,0.508613,0.31,1,2089202,2088720,482
158338721,87.3371,42.9144,534,34435,0.589723,0.45,1,2089300,2088766,534
158341641,39.8674,81.3829,471,34496,0.573945,0.49,1,2089328,2088857,471
158344561,30.3735,37.0766,473,34557,0.586789,0.49,1,2089356,2088883,473
158347481,33.2747,29.8153,479,34618,0.589358,0.49,1,2089390,2088911,479
158350401,8.25494,33.1631,447,34679,0.589872,0.53,1,2089392,2088945,447
158353321,43.251,8.23261,497,34740,0.557974,0.49,1,2089444,2088947,497
158356241,59.8502,42.4465,510,34801,0.567595,0.53,1,2089508,2088998,510
158359161,13.57,60.4893,447,34862,0.569519,0.49,1,2089510,2089063,447
158362081,44.314,13.6979,497,34923,0.569904,0.47,1,2089562,2089065,497
158365001,40.8628,45.1396,484,34984,0.569981,0.51,1,2089602,2089118,484
158367921,44.9726,39.4279,492,35044,0.617996,0.51,1,2089648,2089156,492
158370841,91.3945,44.6856,549,35104,0.691599,0.61,1,2089751,2089202,549
158373761,39.8789,87.3371,478,35164,0.70632,0.57,1,2089778,2089300,478
158376681,30.3758,39.8674,478,35224,0.709264,0.59,1,2089806,2089328,478
158379601,33.2752,30.3735,484,35284,0.741853,0.59,1,2089840,2089356,484
158382521,8.25503,33.2747,452,35344,0.748371,0.59,1,2089842,2089390,452
158385441,41.651,8.25494,500,35404,0.781674,0.55,2,2089892,2089392,500
158388361,60.3302,43.251,513,35464,0.836335,0.57,2,2089957,2089444,513
158391281,13.666,59.8502,451,35524,0.847267,0.57,2,2089959,2089508,451
158394201,44.3332,13.57,501,35584,0.849453,0.57,2,2090011,2089510,501
158397121,40.8666,44.314,489,35643,0.849891,0.57,2,2090051,2089562,489
158400041,9.77333,40.8628,451,35702,0.849978,0.63,2,2090053,2089602,451
158402961,41.1547,44.9726,454,35761,0.865996,0.71,2,2090102,2089648,454
158405881,93.8309,91.3945,458,35820,0.837199,0.71,2,2090209,2089751,458
158408801,39.5662,39.8789,457,35879,0.84744,0.71,2,2090235,2089778,457
158411721,30.3132,30.3758,457,35938,0.865488,0.75,2,2090263,2089806,457
158414641,36.4626,33.2752,461,35997,0.917098,0.75,2,2090301,2089840,461
158417561,8.89253,8.25503,461,36056,0.927419,0.79,2,2090303,2089842,461
158540201,21,35,496,38440,0.71,1,1,2091955,2091459,496
158543121,31.4,23.8,509,38495,0.63,1,1,2091989,2091480,509
158546041,79.08,34.36,563,38550,0.438,1,1,2092080,2091517,563
158548961,43.016,81.272,504,38605,0.3196,1,1,2092114,2091610,504
158551881,30.2032,41.8544,499,38660,0.23192,1,1,2092141,2091642,499
158554801,20.4406,30.7709,489,38715,0.198384,1,1,2092159,2091670,489
158557721,35.2881,38.9542,487,38770,0.0956768,1,1,2092198,2091711,487
158560641,31.8576,30.9908,489,38824,0.0591354,1,1,2092229,2091740,489
158563561,21.5715,31.7982,476,38878,0.0678271,1,1,2092248,2091772,476
158566481,53.9143,52.7596,480,38932,0.117565,0.98,1,2092310,2091830,480
158569401,38.7829,42.5519,475,38986,0.127513,0.84,1,2092345,2091870,475
158572321,26.1566,33.3104,467,39040,0.129503,0.72,1,2092368,2091901,467
158575241,26.0313,33.0621,460,39094,0.0979005,0.71,1,2092394,2091934,460
158578161,17.2063,23.4124,454,39148,0.10758,0.61,1,2092409,2091955,454
158581081,29.8413,31.8825,453,39202,0.141516,0.39,1,2092442,2091989,453
158584001,70.7683,79.1765,443,39256,0.132303,0.29,1,2092523,2092080,443
158586921,34.1536,43.0353,434,39310,0.162461,0.21,1,2092548,2092114,434
158589841,24.4307,30.2071,429,39364,0.136492,0.19,1,2092570,2092141,429
158592761,20.0861,20.4414,430,39418,0.147298,0.07,1,2092589,2092159,430
158595681,33.6172,35.2883,428,39472,0.21346,0.05,1,2092626,2092198,428
158598601,30.7234,31.8577,427,39526,0.258692,0.07,1,2092656,2092229,427
158601521,17.3447,21.5715,422,39579,0.299738,0.13,1,2092670,2092248,422
158604441,54.6689,53.9143,424,39632,0.259948,0.13,1,2092734,2092310,424
158607361,38.9338,38.7829,424,39685,0.29999,0.13,1,2092769,2092345,424
158610281,27.7868,26.1566,426,39738,0.339998,0.09,1,2092794,2092368,426
158613201,26.3574,26.0313,426,39791,0.38,0.11,1,2092820,2092394,426
158616121,18.8715,17.2063,428,39844,0.372,0.15,1,2092837,2092409,428
158619041,29.3743,29.8413,427,39897,0.3864,0.13,1,2092869,2092442,427
158621961,71.4749,70.7683,428,39950,0.35728,0.17,1,2092951,2092523,428
158624881,34.295,34.1536,428,40003,0.335456,0.13,1,2092976,2092548,428
158627801,22.859,24.4307,426,40056,0.363091,0.15,1,2092996,2092570,426
158630721,21.3718,20.0861,428,40109,0.352618,0.15,1,2093017,2092589,428
158633641,36.2744,4.01723,468,40162,0.302524,0.23,1,2093057,2092589,468
158636561,33.6549,30.4034,464,40215,0.340505,0.27,1,2093090,2092626,464
158639481,16.331,30.0807,446,40268,0.348101,0.31,1,2093102,2092656,446
158642401,55.2662,17.2161,497,40320,0.41362,0.25,1,2093167,2092670,497
158645321,42.2532,54.6432,472,40372,0.410724,0.31,1,2093206,2092734,472
158648241,29.2506,38.9286,463,40424,0.426145,0.35,1,2093232,2092769,463
158651161,26.6501,27.7857,464,40476,0.429229,0.39,1,2093258,2092794,464
158654081,18.13,26.3571,454,40528,0.429846,0.37,1,2093274,2092820,454
158657001,30.026,18.8714,470,40580,0.413969,0.39,1,2093307,2092837,470
158659921,71.6052,29.3743,520,40632,0.442794,0.35,1,2093389,2092869,520
158662841,33.521,71.4749,462,40684,0.448559,0.33,1,2093413,2092951,462
158665761,22.7042,34.295,457,40736,0.449712,0.37,1,2093433,2092976,457
158668681,20.5408,22.859,457,40788,0.465942,0.35,1,2093453,2092996,457
158671601,36.9082,21.3718,477,40840,0.453188,0.29,1,2093494,2093017,477
158674521,34.5816,36.2744,471,40892,0.498638,0.35,1,2093528,2093057,471
158677441,16.5163,33.6549,450,40944,0.507728,0.35,1,2093540,2093090,450
158680361,58.5033,16.331,507,40996,0.509546,0.43,1,2093609,2093102,507
158683281,42.9007,55.2662,481,41047,0.589909,0.41,1,2093648,2093167,481
158686201,29.3801,42.2532,468,41098,0.589982,0.43,1,2093674,2093206,468
158689121,26.676,29.2506,468,41149,0.605996,0.43,1,2093700,2093232,468
158692041,18.1352,26.6501,458,41200,0.609199,0.43,1,2093716,2093258,458
158694961,29.227,18.13,474,41251,0.62584,0.41,1,2093748,2093274,474
158697881,73.0454,30.026,525,41302,0.677168,0.45,1,2093832,2093307,525
158700801,33.8091,71.6052,467,41353,0.687434,0.45,1,2093856,2093389,467
158703721,23.5618,33.521,464,41404,0.705487,0.45,1,2093877,2093413,464
158706641,20.7124,22.7042,464,41455,0.709097,0.47,1,2093897,2093433,464
158709561,36.9425,20.5408,485,41506,0.725819,0.45,1,2093938,2093453,485
158712481,8.98849,36.9082,446,41557,0.697164,0.51,1,2093940,2093494,446
158715401,29.7977,34.5816,447,41608,0.707433,0.51,1,2093975,2093528,447
158718321,16.3595,16.5163,448,41659,0.725487,0.51,1,2093988,2093540,448
158721241,58.4719,58.5033,448,41710,0.713097,0.61,1,2094057,2093609,448
158724161,44.4944,42.9007,450,41761,0.694619,0.59,1,2094098,2093648,450
158727081,30.4989,29.3801,451,41812,0.674924,0.61,1,2094125,2093674,451
158730001,27.6998,26.676,452,41862,0.734985,0.61,1,2094152,2093700,452
158732921,19.14,18.1352,453,41912,0.730997,0.63,1,2094169,2093716,453
158735841,29.428,29.227,453,41962,0.730199,0.69,1,2094201,2093748,453
158738761,75.4856,73.0454,456,42012,0.79404,0.69,2,2094288,2093832,456
158741681,34.2971,33.8091,456,42062,0.806808,0.71,2,2094312,2093856,456
158744601,24.4594,23.5618,457,42112,0.777362,0.71,2,2094334,2093877,457
158747521,20.8919,20.7124,457,42162,0.819472,0.73,2,2094354,2093897,457
158750441,36.1784,36.9425,456,42212,0.795894,0.69,2,2094394,2093938,456
158753361,8.83567,8.98849,456,42262,0.823179,0.71,2,2094396,2093940,456
158756281,30.5671,29.7977,457,42312,0.860636,0.73,2,2094432,2093975,457
158759201,15.7134,16.3595,456,42362,0.852127,0.71,2,2094444,2093988,456
158762121,59.1427,58.4719,457,42412,0.866425,0.69,2,2094514,2094057,457
158765041,42.2285,44.4944,454,42462,0.901285,0.67,2,2094552,2094098,454
158767961,30.0457,30.4989,454,42512,0.892257,0.75,2,2094579,2094125,454
158972361,44,49,485,45856,0.53,1,1,2096898,2096413,485
158975281,36,37,485,45902,0.45,1,1,2096932,2096447,485
158978201,33.6,33.8,485,45948,0.354,1,1,2096965,2096480,485
158981121,29.12,6.76,513,45994,0.1588,1,1,2096993,2096480,513
158984041,21.024,23.752,504,46040,0.15176,1,1,2097012,2096508,504
158986961,33.0048,33.5504,504,46086,0.038352,1,1,2097048,2096544,504
158989881,33.001,35.5101,501,46132,0.0156704,1,1,2097081,2096580,501
158992801,57.8002,32.702,533,46178,0.0751341,1,1,2097145,2096612,533
158995721,37.16,52.1404,508,46224,0.0550268,1,1,2097177,2096669,508
158998641,35.432,38.4281,508,46270,0.0110054,1,1,2097212,2096704,508
159001561,35.8864,35.6856,509,46316,0.0422011,0.97,1,2097248,2096739,509
159004481,31.1773,34.3371,505,46362,0.0484402,0.9,1,2097278,2096773,505
159007401,20.6355,34.8674,488,46407,0.049688,0.95,1,2097296,2096808,488
159010321,12.1271,25.3735,475,46452,0.0499376,0.9,1,2097306,2096831,475
159013241,7.22542,17.0747,466,46497,0.0819875,0.83,1,2097312,2096846,466
159016161,30.2451,9.81494,494,46542,0.0563975,0.53,1,2097348,2096854,494
159019081,28.449,37.163,478,46587,0.0832795,0.43,1,2097376,2096898,478
159022001,24.0898,34.6326,467,46632,0.0726559,0.33,1,2097399,2096932,467
159024921,21.618,33.3265,455,46677,0.0865312,0.11,1,2097420,2096965,455
159027841,17.9236,29.0653,444,46722,0.0893062,0.15,1,2097437,2096993,444
159030761,30.7847,21.0131,459,46767,0.0738612,0.01,1,2097471,2097012,459
159033681,32.5569,33.0026,456,46812,0.0387722,0.01,1,2097504,2097048,456
159036601,57.7114,33.0005,487,46857,0.0477545,0.09,1,2097568,2097081,487
159039521,36.3423,57.8001,454,46902,0.0815509,0.05,1,2097599,2097145,454
159042441,39.2685,37.16,462,46947,0.0563102,0,1,2097639,2097177,462
159045361,35.8537,35.432,462,46992,0.083262,0.05,1,2097674,2097212,462
159048281,28.7707,35.8864,453,47037,0.0886524,0.05,1,2097701,2097248,453
159051201,20.1541,31.1773,441,47082,0.10573,0.05,1,2097719,2097278,441
159054121,12.8308,20.6355,434,47127,0.125146,0.05,1,2097730,2097296,434
159057041,6.56617,12.1271,429,47172,0.113029,0.09,1,2097735,2097306,429
159059961,30.1132,7.22542,459,47217,0.0466058,0.05,1,2097771,2097312,459
159062881,30.0226,30.2451,453,47262,0.0333212,0.09,1,2097801,2097348,453
159065801,25.2045,28.449,449,47307,0.0306642,0.07,1,2097825,2097376,449
159068721,21.0409,24.0898,446,47352,0.0301328,0.09,1,2097845,2097399,446
159071641,5.80818,21.618,427,47397,0.0300266,0.09,1,2097847,2097420,427
159074561,16.3616,17.9236,429,47441,0.0460053,0.07,1,2097866,2097437,429
159077481,25.6723,30.7847,423,47485,0.0492011,0.03,1,2097894,2097471,423
159080401,32.3345,32.5569,424,47529,0.00984021,0.05,1,2097928,2097504,424
159083321,56.8669,57.7114,423,47573,0.025968,0.09,1,2097991,2097568,423
159086241,37.7734,36.3423,425,47617,0.0451936,0.05,1,2098024,2097599,425
159089161,38.7547,39.2685,424,47661,0.00903872,0.09,1,2098063,2097639,424
159092081,36.5509,35.8537,425,47705,0.0258077,0.09,1,2098099,2097674,425
159095001,29.7102,28.7707,426,47749,0.0451615,0.11,1,2098127,2097701,426
159097921,21.142,20.1541,427,47793,0.0650323,0.13,1,2098146,2097719,427
159100841,12.2284,12.8308,426,47837,0.0370065,0.11,1,2098156,2097730,426
159103761,5.64568,6.56617,425,47881,0.0794013,0.03,1,2098160,2097735,425
159106681,28.3291,30.1132,423,47925,0.10388,0.03,1,2098194,2097771,423
159109601,29.6658,30.0226,423,47969,0.140776,0.03,1,2098224,2097801,423
159112521,25.1332,25.2045,423,48013,0.132155,0.03,1,2098248,2097825,423
159115441,21.0266,21.0409,423,48057,0.162431,0.03,1,2098268,2097845,423
159118361,5.80533,5.80818,423,48101,0.168486,0.05,1,2098270,2097847,423
159121281,17.1611,16.3616,424,48145,0.153697,0.05,1,2098290,2097866,424
159124201,24.2322,25.6723,422,48189,0.166739,0,1,2098316,2097894,422
159127121,32.0464,32.3345,422,48233,0.185348,0.03,1,2098350,2097928,422
159130041,56.8093,56.8669,422,48277,0.0610696,0.05,1,2098413,2097991,422
159132961,39.3619,37.7734,424,48321,0.0362139,0,1,2098448,2098024,424
159135881,37.4724,38.7547,422,48365,0.0792428,0.03,1,2098485,2098063,422
159138801,36.2945,36.5509,422,48409,0.0878486,0.05,1,2098521,2098099,422
159141721,29.6589,29.7102,422,48453,0.0895697,0.07,1,2098549,2098127,422
159144641,21.9318,21.142,423,48496,0.137914,0.03,1,2098569,2098146,423
159147561,13.1864,12.2284,424,48539,0.131583,0.09,1,2098580,2098156,424
159150481,5.83727,5.64568,424,48582,0.130317,0.11,1,2098584,2098160,424
159153401,29.1675,28.3291,425,48625,0.162063,0.15,1,2098619,2098194,425
159156321,31.4335,29.6658,427,48668,0.200413,0.13,1,2098651,2098224,427
159159241,26.2867,25.1332,428,48711,0.240083,0.17,1,2098676,2098248,428
159162161,22.0573,21.0266,429,48754,0.264017,0.17,1,2098697,2098268,429
159165081,6.01147,5.80533,429,48797,0.268803,0.15,1,2098699,2098270,429
159168001,17.2023,17.1611,429,48840,0.269761,0.15,1,2098719,2098290,429
159170921,25.0405,3.43221,456,48883,0.285952,0.17,1,2098746,2098290,456
159173841,29.0081,21.4864,460,48926,0.25719,0.19,1,2098776,2098316,460
159176761,52.2016,31.4973,484,48969,0.123438,0.03,1,2098834,2098350,484
159179681,39.2403,56.6995,457,49012,0.0646876,0.03,1,2098870,2098413,457
159182601,38.2481,39.3399,460,49055,0.0529375,0.09,1,2098908,2098448,460
159185521,37.2496,37.468,460,49098,0.0985875,0.09,1,2098945,2098485,460
159188441,30.6499,36.2936,453,49141,0.107718,0.09,1,2098974,2098521,453
159191361,22.93,29.6587,446,49184,0.0935435,0.15,1,2098995,2098549,446
159194281,14.186,21.9317,438,49227,0.0907087,0.13,1,2099007,2098569,438
159197201,6.0372,13.1863,431,49270,0.0901417,0.13,1,2099011,2098580,431
159200121,31.6074,5.83727,465,49313,0.0900284,0.17,1,2099049,2098584,465
159203041,33.5215,29.1675,464,49356,0.138006,0.21,1,2099083,2098619,464
159205961,27.5043,31.4335,458,49399,0.147601,0.25,1,2099109,2098651,458
159208881,23.1009,26.2867,455,49442,0.19752,0.27,1,2099131,2098676,455
159211801,6.22017,22.0573,436,49485,0.207504,0.27,1,2099133,2098697,436
159214721,17.244,6.01147,454,49528,0.241501,0.27,1,2099153,2098699,454
159217641,24.2488,17.2023,460,49571,0.2643,0.29,1,2099179,2098719,460
159220561,28.8498,25.0405,463,49614,0.26886,0.25,1,2099209,2098746,463
159223481,45.77,29.0081,483,49656,0.301772,0.09,1,2099259,2098776,483
159226401,36.354,52.2016,459,49698,0.308354,0.05,1,2099293,2098834,459
159229321,37.6708,39.2403,461,49740,0.309671,0.05,1,2099331,2098870,461
159232241,39.5342,38.2481,463,49782,0.277934,0.11,1,2099371,2098908,463
159235161,31.1068,37.2496,455,49824,0.271587,0.11,1,2099400,2098945,455
159238081,22.2214,30.6499,446,49866,0.270317,0.09,1,2099420,2098974,446
159241001,14.0443,22.93,437,49908,0.286063,0.09,1,2099432,2098995,437
159243921,6.00885,14.186,429,49950,0.289213,0.09,1,2099436,2099007,429
159246841,33.2018,6.0372,465,49992,0.305843,0.09,1,2099476,2099011,465
159249761,34.6404,31.6074,462,50034,0.373169,0.15,1,2099511,2099049,462
159252681,28.5281,33.5215,455,50076,0.450634,0.15,1,2099538,2099083,455
159255601,25.7056,27.5043,454,50118,0.450127,0.21,1,2099563,2099109,454
159258521,6.74112,23.1009,434,50160,0.418025,0.21,1,2099565,2099131,434
159261441,18.1482,6.22017,453,50202,0.395605,0.25,1,2099586,2099133,453
159264361,25.2296,17.244,460,50244,0.375121,0.27,1,2099613,2099153,460
159267281,29.0459,24.2488,464,50286,0.371024,0.27,1,2099643,2099179,464
159270201,7.40919,28.8498,436,50328,0.370205,0.31,1,2099645,2099209,436
159273121,42.2818,45.77,437,50370,0.418041,0.31,1,2099696,2099259,437
159276041,35.6564,36.354,437,50412,0.395608,0.31,1,2099730,2099293,437
159278961,37.5313,37.6708,437,50454,0.391122,0.27,1,2099768,2099331,437
159281881,38.7063,39.5342,436,50496,0.422224,0.27,1,2099807,2099371,436
159284801,30.1413,31.1068,435,50538,0.444445,0.27,1,2099835,2099400,435
159287721,22.8283,22.2214,436,50580,0.432889,0.29,1,2099856,2099420,436
159290641,14.1657,14.0443,436,50622,0.462578,0.29,1,2099868,2099432,436
159293561,6.03313,6.00885,436,50664,0.468516,0.31,1,2099872,2099436,436
159296481,35.6066,33.2018,439,50706,0.437703,0.39,1,2099915,2099476,439
159299401,38.3213,34.6404,443,50748,0.463541,0.47,1,2099954,2099511,443
159302321,29.2643,28.5281,443,50790,0.452708,0.45,1,2099981,2099538,443
159305241,25.0529,25.7056,442,50831,0.482542,0.41,1,2100005,2099563,442
159308161,6.61057,6.74112,442,50872,0.488508,0.39,1,2100007,2099565,442
159311081,17.3221,18.1482,441,50913,0.473702,0.37,1,2100027,2099586,441
159314001,24.2644,25.2296,440,50954,0.48674,0.37,1,2100053,2099613,440
159316921,28.8529,29.0459,440,50995,0.489348,0.37,1,2100083,2099643,440
159319841,7.37058,7.40919,440,51036,0.52187,0.43,1,2100085,2099645,440
159322761,43.0741,42.2818,441,51077,0.560374,0.39,1,2100137,2099696,441
159325681,35.8148,35.6564,441,51118,0.584075,0.39,1,2100171,2099730,441
159328601,37.563,37.5313,441,51159,0.620815,0.43,1,2100209,2099768,441
159331521,38.7126,38.7063,441,51200,0.660163,0.45,1,2100248,2099807,441
159334441,30.9425,30.1413,442,51241,0.652033,0.43,1,2100277,2099835,442
159337361,23.7885,22.8283,443,51282,0.682407,0.47,1,2100299,2099856,443
159340281,14.3577,14.1657,443,51323,0.704481,0.47,1,2100311,2099868,443
159343201,6.07154,6.03313,443,51364,0.708896,0.43,1,2100315,2099872,443
159346121,35.6143,35.6066,443,51405,0.741779,0.47,1,2100358,2099915,443
159349041,39.9229,38.3213,445,51446,0.700356,0.45,1,2100399,2099954,445
159351961,28.7846,29.2643,444,51487,0.708071,0.49,1,2100425,2099981,444
159354881,24.9569,25.0529,444,51528,0.725614,0.49,1,2100449,2100005,444
159357801,6.59138,6.61057,444,51569,0.761123,0.47,2,2100451,2100007,444
159360721,18.1183,17.3221,445,51610,0.736225,0.49,1,2100472,2100027,445
159363641,25.2237,24.2644,446,51651,0.811245,0.49,2,2100499,2100053,446
159366561,29.8447,28.8529,447,51692,0.810249,0.53,2,2100530,2100083,447
159369481,7.56895,7.37058,447,51733,0.82605,0.57,2,2100532,2100085,447
159372401,45.5138,43.0741,450,51774,0.84521,0.57,2,2100587,2100137,450
159375321,36.3028,8.61482,484,51815,0.849042,0.59,2,2100621,2100137,484
159378241,38.4606,28.923,489,51856,0.865808,0.63,2,2100660,2100171,489
159381161,39.6921,36.1846,491,51897,0.869162,0.67,2,2100700,2100209,491
159384081,31.9384,38.4369,482,51938,0.869832,0.65,2,2100730,2100248,482
159387001,24.7877,30.8874,476,51979,0.869966,0.69,2,2100753,2100277,476
159389921,14.5575,23.7775,466,52020,0.869993,0.71,2,2100765,2100299,466
159392841,6.11151,14.3555,458,52060,0.869999,0.71,2,2100769,2100311,458
159395761,37.2223,6.0711,499,52100,0.902,0.75,2,2100814,2100315,499
159398681,40.2445,35.6142,497,52140,0.9084,0.69,2,2100855,2100358,497
159401601,29.6489,39.9228,483,52180,0.92568,0.71,2,2100882,2100399,483
159404521,25.1298,28.7846,481,52220,0.897136,0.73,2,2100906,2100425,481
159407441,6.62596,24.9569,459,52260,0.891427,0.77,2,2100908,2100449,459
159410361,19.7252,6.59138,480,52300,0.906285,0.73,2,2100931,2100451,480
159413281,26.345,18.1183,487,52340,0.909257,0.83,2,2100959,2100472,487
159679001,82,98,449,24820,0.17,0.49,1,2103515,2103066,449
159681921,65.2,46,477,25633,0.09,0.31,1,2103576,2103099,477
159684841,48.24,58,460,25716,0.09,0.15,1,2103620,2103160,460
159687761,40.048,59.6,438,25798,0.09,0.01,1,2103658,2103220,438
159690681,57.6096,43.92,460,25880,0.026,0,1,2103720,2103260,460
159693601,48.3219,62.384,439,25962,0.0292,0,1,2103766,2103327,439
159696521,53.6644,65.2768,428,26044,0.07784,0.07,1,2103821,2103393,428
159699441,27.5329,20.2554,440,26125,0.087568,0.07,1,2103842,2103402,440
159702361,67.1066,28.8511,486,26206,0.0895136,0.17,1,2103919,2103433,486
159705281,78.2213,71.3702,485,26287,0.105903,0.07,1,2104000,2103515,485
159708201,51.6443,63.074,469,26368,0.173181,0.09,1,2104045,2103576,469
159711121,39.1289,47.8148,461,26448,0.218636,0.09,1,2104081,2103620,461
159714041,56.6258,39.963,484,26528,0.0997272,0.01,1,2104142,2103658,484
159716961,47.3252,57.5926,467,26608,0.0279454,0.03,1,2104187,2103720,467
159719881,55.065,48.3185,478,26688,0.0615891,0.09,1,2104244,2103766,478
159722801,29.413,53.6637,446,26767,0.100318,0.09,1,2104267,2103821,446
159725721,67.4826,27.5327,502,26846,0.140064,0.09,1,2104344,2103842,502
159728641,15.0965,67.1066,427,26925,0.148013,0.11,1,2104346,2103919,427
159731561,67.8193,78.2213,427,27004,0.181603,0.19,1,2104427,2104000,427
159734481,52.7639,51.6443,431,27082,0.236321,0.23,1,2104476,2104045,431
159737401,41.7528,39.1289,434,27160,0.279264,0.07,1,2104515,2104081,434
159740321,49.9506,56.6258,425,27238,0.287853,0.01,1,2104567,2104142,425
159743241,44.3901,47.3252,423,27316,0.241571,0.07,1,2104610,2104187,423
159746161,56.878,55.065,426,27394,0.200314,0.11,1,2104670,2104244,426
159749081,30.5756,29.413,427,27471,0.160063,0.15,1,2104694,2104267,427
159752001,69.3151,67.4826,429,27548,0.120013,0.15,1,2104773,2104344,429
159754921,15.463,15.0965,429,27625,0.144003,0.19,1,2104775,2104346,429
159757841,69.4926,67.8193,431,27702,0.1808,0.25,1,2104858,2104427,431
159760761,53.8985,52.7639,432,27778,0.26816,0.29,1,2104908,2104476,432
159763681,45.1797,41.7528,436,27854,0.253632,0.29,1,2104951,2104515,436
159766601,50.6359,49.9506,436,27930,0.330726,0.23,1,2105003,2104567,436
159769521,40.5272,44.3901,431,28006,0.378145,0.19,1,2105041,2104610,431
159772441,54.5054,56.878,429,28082,0.387629,0.15,1,2105099,2104670,429
159775361,30.1011,30.5756,429,28157,0.389526,0.11,1,2105123,2104694,429
159778281,68.4202,69.3151,428,28232,0.373905,0.15,1,2105201,2104773,428
159781201,15.284,15.463,428,28307,0.370781,0.19,1,2105203,2104775,428
159784121,71.8568,69.4926,431,28382,0.434156,0.19,1,2105289,2104858,431
159787041,56.7714,13.8985,484,28457,0.462831,0.29,1,2105342,2104858,484
159789961,44.9543,42.7797,476,28531,0.468566,0.25,1,2105384,2104908,476
159792881,54.5909,42.9559,490,28605,0.437713,0.35,1,2105441,2104951,490
159795801,41.3182,50.1912,476,28679,0.431543,0.39,1,2105479,2105003,476
159798721,54.6636,40.4382,496,28753,0.446309,0.39,1,2105537,2105041,496
159801641,30.1327,54.4876,462,28827,0.449262,0.39,1,2105561,2105099,462
159804561,67.6265,30.0975,515,28900,0.465852,0.37,1,2105638,2105123,515
159807481,15.1253,68.4195,439,28973,0.46917,0.37,1,2105640,2105201,439
159810401,75.0251,15.2839,527,29046,0.517834,0.45,1,2105730,2105203,527
159813321,59.805,71.8568,497,29119,0.511567,0.47,1,2105786,2105289,497
159816241,46.361,56.7714,487,29192,0.542313,0.47,1,2105829,2105342,487
159819161,52.4722,44.9543,499,29265,0.612463,0.43,1,2105883,2105384,499
159822081,40.8944,54.5909,480,29337,0.658493,0.43,1,2105921,2105441,480
159825001,55.3789,41.3182,501,29409,0.715699,0.45,1,2105980,2105479,501
159827921,30.2758,54.6636,467,29481,0.72714,0.45,1,2106004,2105537,467
159830841,68.4552,30.1327,521,29553,0.729428,0.47,1,2106082,2105561,521
159833761,15.291,67.6265,446,29625,0.729886,0.47,1,2106084,2105638,446
159836681,77.4582,15.1253,537,29696,0.809977,0.53,2,2106177,2105640,537
159839601,59.4916,75.0251,502,29767,0.841995,0.51,2,2106232,2105730,502
159842521,47.8983,59.805,491,29838,0.880399,0.55,2,2106277,2105786,491
159845441,11.1797,46.361,450,29909,0.88808,0.63,2,2106279,2105829,450
159848361,49.4359,52.4722,455,29980,0.921616,0.67,2,2106338,2105883,455
160000201,40,33,493,33452,0.83,1,2,2108756,2108263,493
160003121,37.6,21.8,511,33515,0.83,1,2,2108793,2108282,511
160006041,33.12,47.56,489,33578,0.702,1,1,2108825,2108336,489
160008961,41.824,38.312,497,33641,0.6284,1,1,2108869,2108372,497
160011881,63.5648,70.8624,487,33704,0.43768,0.98,1,2108938,2108451,487
160014801,43.113,41.3725,491,33767,0.383536,1,1,2108976,2108485,491
160017721,53.4226,61.8745,480,33830,0.308707,1,1,2109032,2108552,480
160020641,37.0845,38.7749,480,33893,0.309741,1,1,2109065,2108585,480
160023561,53.8169,63.755,468,33955,0.133948,0.88,1,2109123,2108655,468
160026481,38.7634,41.551,467,34017,0.0987897,0.85,1,2109158,2108691,467
160029401,23.7527,28.3102,462,34079,0.0597579,0.83,1,2109178,2108716,462
160032321,40.7505,37.662,467,34141,0.0359516,0.83,1,2109223,2108756,467
160035241,35.3501,37.1324,464,34203,0.0631903,0.67,1,2109257,2108793,464
160038161,27.87,33.0265,458,34265,0.0686381,0.67,1,2109283,2108825,458
160041081,35.974,6.6053,496,34327,0.0857276,0.61,1,2109321,2108825,496
160044001,54.3948,36.5211,511,34389,0.0571455,0.39,1,2109380,2108869,511
160046921,39.679,62.5042,478,34450,0.0194291,0.37,1,2109416,2108938,478
160049841,47.9358,42.9008,490,34511,0.0598858,0.29,1,2109466,2108976,490
160052761,32.7872,53.3802,463,34572,0.0519772,0.31,1,2109495,2109032,463
160055681,49.7574,37.076,484,34633,0.0663954,0.09,1,2109549,2109065,484
160058601,37.1515,53.8152,460,34694,0.101279,0.09,1,2109583,2109123,460
160061521,21.0303,38.763,442,34755,0.124256,0.05,1,2109600,2109158,442
160064441,39.4061,23.7526,466,34816,0.160851,0.03,1,2109644,2109178,466
160067361,36.6812,40.7505,457,34877,0.10417,0.07,1,2109680,2109223,457
160070281,27.3362,35.3501,448,34938,0.172834,0.07,1,2109705,2109257,448
160073201,36.6672,27.87,461,34999,0.186567,0.09,1,2109744,2109283,461
160076121,54.5335,35.974,482,35059,0.205313,0.05,1,2109803,2109321,482
160079041,38.9067,54.3948,458,35119,0.241063,0.01,1,2109838,2109380,458
160081961,49.3813,39.679,474,35179,0.280213,0.07,1,2109890,2109416,474
160084881,34.6763,47.9358,455,35239,0.304043,0.05,1,2109921,2109466,455
160087801,48.5353,32.7872,478,35299,0.308809,0.07,1,2109973,2109495,478
160090721,38.5071,49.7574,460,35359,0.325762,0.11,1,2110009,2109549,460
160093641,20.5014,37.1515,442,35419,0.329152,0.13,1,2110025,2109583,442
160096561,42.5003,21.0303,473,35479,0.36183,0.17,1,2110073,2109600,473
160099481,35.7001,39.4061,463,35539,0.384366,0.09,1,2110107,2109644,463
160102401,29.54,36.6812,455,35598,0.436873,0.19,1,2110135,2109680,455
160105321,37.108,27.3362,469,35657,0.431375,0.19,1,2110174,2109705,469
160108241,9.0216,36.6672,432,35716,0.430275,0.21,1,2110176,2109744,432
160111161,49.8043,54.5335,433,35775,0.494055,0.25,1,2110236,2109803,433
160114081,38.7609,38.9067,434,35834,0.538811,0.29,1,2110272,2109838,434
160117001,50.9522,49.3813,436,35893,0.547762,0.31,1,2110326,2109890,436
160119921,35.7904,34.6763,437,35952,0.517552,0.31,1,2110358,2109921,437
160122841,48.7581,48.5353,437,36011,0.52751,0.33,1,2110410,2109973,437
160125761,39.3516,38.5071,438,36070,0.545502,0.33,1,2110447,2110009,438
160128681,20.6703,20.5014,438,36129,0.5491,0.37,1,2110463,2110025,438
160131601,44.1341,42.5003,440,36187,0.51782,0.39,1,2110513,2110073,440
160134521,37.6268,35.7001,442,36245,0.511564,0.45,1,2110549,2110107,442
160137441,31.5254,29.54,444,36303,0.510313,0.43,1,2110579,2110135,444
160140361,36.7051,37.108,443,36361,0.526063,0.43,1,2110617,2110174,443
160143281,8.94101,9.0216,443,36419,0.529213,0.51,1,2110619,2110176,443
160146201,52.9882,49.8043,447,36477,0.545843,0.55,1,2110683,2110236,447
160149121,39.3976,38.7609,447,36535,0.661169,0.55,1,2110719,2110272,447
160152041,51.0795,50.9522,447,36593,0.700234,0.51,1,2110773,2110326,447
160154961,35.8159,35.7904,447,36651,0.692047,0.53,1,2110805,2110358,447
160157881,49.5632,48.7581,448,36709,0.690409,0.55,1,2110858,2110410,448
160160801,40.3126,39.3516,449,36767,0.690082,0.55,1,2110896,2110447,449
160163721,20.8625,20.6703,449,36824,0.722016,0.51,1,2110912,2110463,449
160166641,42.5725,44.1341,447,36881,0.728403,0.51,1,2110960,2110513,447
160169561,35.7145,37.6268,445,36938,0.745681,0.51,1,2110994,2110549,445
160172481,31.1429,31.5254,445,36995,0.797136,0.53,2,2111024,2110579,445
160175401,37.4286,36.7051,446,37052,0.791427,0.53,2,2111063,2110617,446
160178321,9.08572,8.94101,446,37109,0.790285,0.55,2,2111065,2110619,446
160181241,55.4171,52.9882,449,37166,0.774057,0.55,2,2111132,2110683,449
160184161,43.0834,10.5976,489,37223,0.786811,0.69,2,2111172,2110683,489
160187081,52.6167,30.9195,508,37280,0.805362,0.71,2,2111227,2110719,508
160190001,36.9233,49.3839,487,37337,0.825072,0.69,2,2111260,2110773,487
160192921,49.7847,35.4768,508,37394,0.861014,0.69,2,2111313,2110805,508
160195841,40.3569,49.4954,493,37451,0.868203,0.69,2,2111351,2110858,493
160198761,20.8714,40.2991,471,37507,0.869641,0.73,2,2111367,2110896,471
160201681,42.5743,20.8598,503,37563,0.869928,0.73,2,2111415,2110912,503
160204601,37.3149,42.572,491,37619,0.869986,0.75,2,2111451,2110960,491
160207521,33.063,35.7144,489,37675,0.901997,0.81,2,2111483,2110994,489
160210441,37.0126,31.1429,497,37731,0.908399,0.79,2,2111521,2111024,497
160213361,9.00252,37.4286,460,37787,0.90968,0.79,2,2111523,2111063,460
160216281,57.0005,9.08571,527,37843,0.893936,0.77,2,2111592,2111065,527
160219201,43.4001,55.4171,500,37899,0.906787,0.79,2,2111632,2111132,500
160674721,30,42,495,45771,0.83,1,2,2117150,2116655,495
160677641,30,31.6,496,45817,0.91,1,2,2117180,2116684,496
160701001,27,30,502,46185,0.79,1,2,2117409,2116907,502
160703921,30.2,21.2,514,46231,0.71,0.94,1,2117440,2116926,514
160706841,32.44,35.44,508,46277,0.758,1,2,2117473,2116965,508
160709761,39.288,36.688,512,46323,0.5916,0.94,1,2117514,2117002,512
160712681,39.8576,37.7376,514,46369,0.52632,0.89,1,2117554,2117040,514
160715601,35.9715,42.7475,505,46414,0.481264,0.91,1,2117589,2117084,505
160718521,31.1943,37.3495,499,46459,0.376253,0.83,1,2117619,2117120,499
160721441,27.0389,31.4699,495,46504,0.323251,0.93,1,2117645,2117150,495
160724361,36.6078,30.294,504,46549,0.21665,0.99,1,2117684,2117180,504
160727281,36.1216,36.4588,502,46594,0.14733,1,1,2117720,2117218,502
160730201,24.8243,33.6918,491,46639,0.053466,1,1,2117742,2117251,491
160733121,21.7649,26.7384,487,46684,0.0106932,0.96,1,2117763,2117276,487
160736041,19.553,19.7477,488,46729,0.0261386,0.95,1,2117782,2117294,488
160738961,30.3106,20.7495,500,46774,0.0452277,0.89,1,2117815,2117315,500
160741881,28.4621,33.7499,491,46819,0.0490455,0.84,1,2117843,2117352,491
160744801,24.8924,30.75,485,46864,0.0818091,0.79,1,2117867,2117382,485
160747721,28.1785,27.75,487,46909,0.0723618,0.69,1,2117896,2117409,487
160750641,31.2357,30.35,488,46954,0.0384724,0.77,1,2117928,2117440,488
160753561,31.8471,32.47,487,46999,0.0636945,0.55,1,2117960,2117473,487
160756481,35.9694,39.294,483,47044,0.0687389,0.51,1,2117997,2117514,483
160759401,31.9939,39.8588,474,47089,0.0537478,0.47,1,2118028,2117554,474
160762321,28.7988,35.9718,467,47134,0.0187496,0.35,1,2118056,2117589,467
160765241,22.5598,31.1944,458,47179,0.0437499,0.31,1,2118077,2117619,458
160768161,32.512,27.0389,467,47224,0.06475,0.19,1,2118112,2117645,467
160771081,32.9024,36.6078,461,47269,0.03695,0.13,1,2118145,2117684,461
160774001,21.7805,36.1216,444,47314,0.04739,0.03,1,2118164,2117720,444
160776921,21.1561,24.8243,443,47359,0.017478,0,1,2118185,2117742,443
160779841,5.83122,21.7649,424,47404,0.0114956,0.03,1,2118187,2117763,424
160782761,14.7662,19.553,422,47448,0.0422991,0.05,1,2118204,2117782,422
160785681,30.9532,30.3106,424,47492,0.0964598,0.05,1,2118239,2117815,424
160788601,27.7906,28.4621,423,47536,0.171292,0.09,1,2118266,2117843,423
160791521,27.1581,24.8924,426,47580,0.154258,0.07,1,2118293,2117867,426
160794441,27.8316,28.1785,425,47624,0.166852,0.03,1,2118321,2117896,425
160797361,31.1663,31.2357,425,47668,0.13737,0.07,1,2118353,2117928,425
160800281,30.2333,31.8471,423,47712,0.163474,0.07,1,2118383,2117960,423
160803201,38.8467,35.9694,427,47756,0.152695,0.05,1,2118424,2117997,427
160806121,30.1693,31.9939,424,47800,0.182539,0.01,1,2118452,2118028,424
160809041,29.2339,28.7988,425,47844,0.172508,0.05,1,2118481,2118056,425
160811961,20.2468,22.5598,422,47888,0.138502,0.07,1,2118499,2118077,422
160814881,36.8494,32.512,428,47932,0.1477,0.03,1,2118540,2118112,428
160817801,29.7699,32.9024,423,47976,0.11754,0.05,1,2118568,2118145,423
160820721,20.354,21.7805,422,48020,0.143508,0.01,1,2118586,2118164,422
160823641,21.6708,21.1561,423,48064,0.116702,0.01,1,2118608,2118185,423
160826561,5.93416,5.83122,423,48108,0.0793403,0.05,1,2118610,2118187,423
160829481,17.1868,14.7662,426,48152,0.0718681,0.11,1,2118630,2118204,426
160832401,33.0374,30.9532,428,48196,0.102374,0.19,1,2118667,2118239,428
160835321,27.4075,27.7906,427,48240,0.140475,0.15,1,2118693,2118266,427
160838241,27.0815,27.1581,427,48284,0.180095,0.17,1,2118720,2118293,427
160841161,28.6163,27.8316,428,48328,0.220019,0.13,1,2118749,2118321,428
160844081,32.1233,31.1663,429,48372,0.212004,0.17,1,2118782,2118353,429
160847001,31.2247,30.2333,430,48416,0.194401,0.15,1,2118813,2118383,430
160849921,38.2449,38.8467,429,48460,0.20688,0.19,1,2118853,2118424,429
160852841,30.049,30.1693,429,48503,0.209376,0.17,1,2118881,2118452,429
160855761,28.4098,29.2339,428,48546,0.193875,0.13,1,2118909,2118481,428
160858681,20.082,20.2468,428,48589,0.222775,0.15,1,2118927,2118499,428
160861601,36.0164,36.8494,427,48632,0.228555,0.11,1,2118967,2118540,427
160864521,29.6033,29.7699,427,48675,0.229711,0.15,1,2118995,2118568,427
160867441,20.3207,20.354,427,48718,0.261942,0.11,1,2119013,2118586,427
160870361,18.4641,21.6708,423,48761,0.268388,0.07,1,2119031,2118608,423
160873281,5.29283,5.93416,423,48804,0.269678,0.07,1,2119033,2118610,423
160876201,17.0586,17.1868,423,48847,0.237936,0.07,1,2119053,2118630,423
160879121,35.4117,3.43737,463,48890,0.231587,0.11,1,2119093,2118630,463
160882041,29.4823,30.2875,454,48933,0.262317,0.15,1,2119121,2118667,454
160884961,29.0965,26.8575,457,48976,0.300463,0.19,1,2119150,2118693,457
160887881,29.0193,26.9715,459,49019,0.372093,0.23,1,2119179,2118720,459
160890801,31.4039,28.5943,462,49062,0.402419,0.21,1,2119211,2118749,462
160893721,30.2808,32.1189,459,49105,0.424484,0.19,1,2119241,2118782,459
160896641,38.8562,31.2238,469,49148,0.444897,0.21,1,2119282,2118813,469
160899561,30.1712,38.2448,457,49191,0.464979,0.21,1,2119310,2118853,457
160902481,29.2342,30.0489,458,49234,0.484996,0.19,1,2119339,2118881,458
160905401,20.2468,28.4098,448,49277,0.488999,0.23,1,2119357,2118909,448
160908321,36.0494,20.082,470,49320,0.4898,0.23,1,2119397,2118927,470
160911241,31.2099,36.0164,460,49363,0.48996,0.23,1,2119427,2118967,460
160914161,20.642,29.6033,450,49406,0.489992,0.27,1,2119445,2118995,450
160917081,18.5284,20.3207,450,49449,0.489998,0.27,1,2119463,2119013,450
160920001,5.30568,18.4641,434,49492,0.49,0.27,1,2119465,2119031,434
160922921,17.0611,5.29283,452,49535,0.49,0.23,1,2119485,2119033,452
160925841,35.4122,17.0586,472,49578,0.49,0.23,1,2119525,2119053,472
160928761,31.0824,35.4117,462,49620,0.506,0.27,1,2119555,2119093,462
160931681,32.6165,29.4823,467,49662,0.5252,0.31,1,2119588,2119121,467
160934601,31.3233,29.0965,469,49704,0.54504,0.39,1,2119619,2119150,469
160937521,33.4647,29.0193,474,49746,0.565008,0.41,1,2119653,2119179,474
160940441,30.6929,31.4039,472,49788,0.553002,0.43,1,2119683,2119211,472
160943361,39.7386,30.2808,484,49830,0.5826,0.45,1,2119725,2119241,484
160946281,31.1477,38.8562,472,49872,0.65252,0.47,1,2119754,2119282,472
160949201,30.2295,30.1712,474,49914,0.666504,0.49,1,2119784,2119310,474
160952121,20.4459,29.2342,463,49956,0.669301,0.49,1,2119802,2119339,463
160955041,36.0892,20.2468,485,49998,0.68586,0.49,1,2119842,2119357,485
160957961,31.2178,36.0494,475,50040,0.705172,0.49,1,2119872,2119397,475
160960881,20.6436,31.2099,463,50082,0.709034,0.49,1,2119890,2119427,463
160963801,18.5287,20.642,463,50124,0.725807,0.49,1,2119908,2119445,463
160966721,5.30574,18.5284,447,50166,0.729161,0.49,1,2119910,2119463,447
160969641,17.0611,5.30568,465,50208,0.729832,0.49,1,2119930,2119465,465
160972561,35.4122,17.0611,485,50250,0.729966,0.49,1,2119970,2119485,485
160975481,32.6824,35.4122,477,50292,0.761993,0.51,2,2120002,2119525,477
160978401,8.13649,31.0824,449,50334,0.736399,0.53,1,2120004,2119555,449
160981321,27.2273,32.6165,448,50376,0.74728,0.55,1,2120036,2119588,448
160984241,31.8455,31.3233,450,50418,0.765456,0.57,2,2120069,2119619,450
160987161,31.9691,33.4647,448,50460,0.801091,0.55,2,2120101,2119653,448
160990081,31.1938,30.6929,449,50502,0.824218,0.59,2,2120132,2119683,449
160993001,41.4388,39.7386,451,50544,0.876844,0.67,2,2120176,2119725,451
161230981,71,54,511,24990,0.19,0.94,1,2122521,2122010,511
161233901,55,59.6,501,25075,0.254,0.73,1,2122572,2122071,501
161236821,65.4,67.12,500,25160,0.2668,0.53,1,2122640,2122140,500
161239741,64.28,80.624,480,25244,0.26936,0.51,1,2122704,2122224,480
161242661,70.456,63.3248,493,25328,0.205872,0.37,1,2122776,2122283,493
161245581,31.6912,67.865,446,25412,0.273174,0.35,1,2122798,2122352,446
161248501,27.1382,34.373,446,25495,0.286635,0.37,1,2122824,2122378,446
161251421,55.0277,18.8746,493,25578,0.241327,0.25,1,2122886,2122393,493
161254341,63.0055,49.3749,501,25661,0.280265,0.19,1,2122951,2122450,501
161257261,57.4011,66.675,486,25744,0.304053,0.27,1,2123007,2122521,486
161260181,65.0802,54.135,502,25826,0.388811,0.27,1,2123074,2122572,502
161263101,62.616,65.227,496,25908,0.453762,0.27,1,2123136,2122640,496
161266021,70.9232,64.2454,505,25990,0.498752,0.19,1,2123209,2122704,505
161268941,31.7846,70.4491,455,26072,0.50775,0.29,1,2123231,2122776,455
161271861,25.5569,31.6898,457,26153,0.52555,0.29,1,2123255,2122798,457
161274781,55.5114,27.138,494,26234,0.56111,0.23,1,2123318,2122824,494
161277701,65.5023,55.0276,500,26315,0.584222,0.29,1,2123386,2122886,500
161280621,60.3005,63.0055,494,26396,0.588844,0.31,1,2123445,2122951,494
161283541,68.0601,57.4011,508,26476,0.557769,0.41,1,2123515,2123007,508
161286461,65.612,65.0802,506,26556,0.583554,0.47,1,2123580,2123074,506
161289381,73.1224,62.616,519,26636,0.604711,0.51,1,2123655,2123136,519
161292301,33.0245,70.9232,469,26716,0.640942,0.51,1,2123678,2123209,469
161295221,25.8049,31.7846,471,26795,0.648188,0.53,1,2123702,2123231,471
161298141,57.161,25.5569,512,26874,0.665638,0.57,1,2123767,2123255,512
161301061,13.0322,55.5114,451,26953,0.669128,0.59,1,2123769,2123318,451
161303981,57.0064,65.5023,451,27032,0.749826,0.59,1,2123837,2123386,451
161306901,57.0013,60.3005,449,27110,0.749965,0.55,1,2123894,2123445,449
161309821,67.4003,68.0601,449,27188,0.797993,0.59,2,2123964,2123515,449
161312741,67.0801,65.612,451,27266,0.823599,0.61,2,2124031,2123580,451
161315661,75.016,73.1224,453,27344,0.90872,0.65,2,2124108,2123655,453
161318581,34.2032,33.0245,454,27421,0.893744,0.65,2,2124132,2123678,454
161321501,26.0406,25.8049,454,27498,0.922749,0.67,2,2124156,2123702,454
161324421,58.8081,57.161,456,27575,0.92855,0.67,2,2124223,2123767,456
161327341,13.3616,13.0322,456,27652,0.92971,0.77,2,2124225,2123769,456
161330261,58.6723,57.0064,458,27729,0.913942,0.75,2,2124295,2123837,458
161525901,53,42,520,32448,0.43,1,1,2127636,2127116,520
161528821,44.2,36.4,527,32513,0.27,1,1,2127678,2127151,527
161531741,40.04,60.08,500,32578,0.126,1,1,2127717,2127217,500
161534661,64.808,38.416,538,32643,0.0252,1,1,2127788,2127250,538
161537581,40.9616,62.0832,505,32708,0.00504,1,1,2127823,2127318,505
161540501,29.7923,37.2166,501,32773,0.025008,1,1,2127850,2127349,501
161543421,55.5585,70.6433,484,32838,0.0290016,1,1,2127912,2127428,484
161546341,39.9117,42.1287,485,32902,0.0138003,0.99,1,2127948,2127463,485
161549261,36.7823,50.8257,468,32966,0.0587601,0.78,1,2127984,2127516,468
161552181,26.5565,35.7651,460,33030,0.083752,0.65,1,2128008,2127548,460
161555101,28.5113,35.153,454,33094,0.0727504,0.43,1,2128037,2127583,454
161558021,37.7023,49.4306,441,33158,0.0385501,0.23,1,2128077,2127636,441
161560941,36.3405,43.4861,435,33222,0.07971,0.09,1,2128113,2127678,435
161563861,31.2681,39.8972,426,33286,0.039942,0,1,2128143,2127717,426
161566781,59.8536,64.7794,422,33350,0.0079884,0,1,2128210,2127788,422
161569701,39.9707,40.9559,422,33413,0.00159768,0.03,1,2128245,2127823,422
161572621,29.5941,29.7912,422,33476,0.0243195,0.03,1,2128272,2127850,422
161575541,56.3188,55.5582,423,33539,0.0288639,0.01,1,2128335,2127912,423
161578461,39.2638,39.9116,422,33602,0.0297728,0.07,1,2128370,2127948,422
161581381,39.8528,36.7823,426,33665,0.00595456,0.09,1,2128410,2127984,426
161584301,25.5706,26.5565,424,33728,0.00919091,0.07,1,2128432,2128008,424
161587221,28.3141,28.5113,424,33791,0.105838,0.03,1,2128461,2128037,424
161590141,36.0628,37.7023,422,33854,0.0931676,0.09,1,2128499,2128077,422
161593061,37.6126,36.3405,424,33916,0.0586335,0.03,1,2128537,2128113,424
161595981,29.9225,31.2681,422,33978,0.0517267,0,1,2128565,2128143,422
161598901,59.5845,59.8536,422,34040,0.0823453,0,1,2128632,2128210,422
161601821,39.9169,39.9707,422,34102,0.0164691,0.03,1,2128667,2128245,422
161604741,29.5834,29.5941,422,34164,0.0592938,0.03,1,2128694,2128272,422
161607661,56.3167,56.3188,422,34226,0.0518588,0.03,1,2128757,2128335,422
161610581,38.4633,11.2638,456,34288,0.0343718,0.03,1,2128791,2128335,456
161613501,39.6927,30.2528,461,34350,0.00687435,0,1,2128831,2128370,461
161616421,27.1385,38.0506,445,34412,0.0253749,0.01,1,2128855,2128410,445
161619341,30.2277,25.2101,454,34473,0.061075,0.13,1,2128886,2128432,454
161622261,36.4455,28.242,463,34534,0.084215,0.09,1,2128924,2128461,463
161625181,34.4891,36.0484,459,34595,0.088843,0.05,1,2128958,2128499,459
161628101,30.8978,37.6097,451,34656,0.105769,0.05,1,2128988,2128537,451
161631021,58.1796,29.9219,488,34717,0.0451537,0.09,1,2129053,2128565,488
161633941,39.6359,59.5844,456,34778,0.0650307,0,1,2129088,2128632,456
161636861,30.3272,39.9169,449,34839,0.0530061,0.07,1,2129116,2128667,449
161639781,55.6654,29.5834,484,34900,0.0506012,0.05,1,2129178,2128694,484
161642701,38.3331,56.3167,455,34961,0.0341202,0.03,1,2129212,2128757,455
161645621,40.4666,38.4633,462,35021,0.0308241,0,1,2129253,2128791,462
161648541,27.2933,39.6927,446,35081,0.0301648,0.03,1,2129277,2128831,446
161651461,31.8587,27.1385,455,35141,0.062033,0.07,1,2129310,2128855,455
161654381,37.5717,30.2277,463,35201,0.0684066,0.09,1,2129349,2128886,463
161657301,34.7143,36.4455,459,35261,0.0696813,0.09,1,2129383,2128924,459
161660221,31.7429,34.4891,456,35321,0.101936,0.11,1,2129414,2128958,456
161663141,54.3486,30.8978,486,35381,0.156387,0.03,1,2129474,2128988,486
161666061,38.8697,58.1796,456,35441,0.0872774,0.07,1,2129509,2129053,456
161668981,31.7739,39.6359,451,35501,0.0414555,0.05,1,2129539,2129088,451
161671901,55.9548,30.3272,485,35561,0.0482911,0.05,1,2129601,2129116,485
161674821,37.591,55.6654,456,35620,0.0656582,0.03,1,2129634,2129178,456
161677741,39.5182,38.3331,462,35679,0.0371316,0.03,1,2129674,2129212,462
161680661,9.50364,40.4666,423,35738,0.0314263,0.03,1,2129676,2129253,423
161683581,21.1007,27.2933,423,35797,0.0302853,0.07,1,2129700,2129277,423
161686501,33.0201,31.8587,426,35856,0.0460571,0.07,1,2129736,2129310,426
161689421,37.004,37.5717,425,35915,0.0492114,0.07,1,2129774,2129349,425
161692341,35.4008,34.7143,426,35974,0.0818423,0.11,1,2129809,2129383,426
161695261,33.4802,31.7429,428,36033,0.104368,0.17,1,2129842,2129414,428
161698181,56.296,54.3486,430,36092,0.0928737,0.07,1,2129904,2129474,430
161701101,33.6592,38.8697,423,36151,0.122575,0.03,1,2129932,2129509,423
161704021,31.5318,31.7739,424,36209,0.0805149,0.05,1,2129963,2129539,424
161706941,55.9064,55.9548,424,36267,0.088103,0.07,1,2130025,2129601,424
161709861,38.3813,37.591,425,36325,0.0896206,0.03,1,2130059,2129634,425
161712781,38.0763,39.5182,423,36383,0.0739241,0.03,1,2130097,2129674,423
161715701,9.21525,9.50364,423,36441,0.0707848,0.03,1,2130099,2129676,423
161718621,21.0431,21.1007,423,36499,0.070157,0.05,1,2130123,2129700,423
161721541,32.2086,33.0201,422,36557,0.118031,0.05,1,2130158,2129736,422
161724461,38.4417,37.004,424,36615,0.0956063,0.09,1,2130198,2129774,424
161727381,37.2883,35.4008,426,36673,0.155121,0.11,1,2130235,2129809,426
161730301,33.0577,33.4802,425,36731,0.167024,0.09,1,2130267,2129842,425
161733221,56.2115,56.296,425,36789,0.185405,0.13,1,2130329,2129904,425
161736141,34.4423,33.6592,426,36846,0.173081,0.07,1,2130358,2129932,426
161739061,29.2885,31.5318,423,36903,0.186616,0.09,1,2130386,2129963,423
161741981,56.2577,55.9064,424,36960,0.237323,0.09,1,2130449,2130025,424
161744901,38.4515,38.3813,424,37017,0.247465,0.07,1,2130483,2130059,424
161747821,37.2903,38.0763,423,37074,0.249493,0.07,1,2130520,2130097,423
161750741,9.05806,9.21525,423,37131,0.249899,0.07,1,2130522,2130099,423
161753661,21.8116,21.0431,424,37188,0.24998,0.07,1,2130547,2130123,424
161756581,33.1623,4.20861,460,37245,0.249996,0.13,1,2130583,2130123,460
161759501,38.6325,28.8417,465,37302,0.265999,0.09,1,2130623,2130158,465
161762421,38.9265,37.7683,464,37359,0.3172,0.17,1,2130662,2130198,464
161765341,34.1853,37.1537,460,37416,0.35944,0.17,1,2130695,2130235,460
161768261,56.4371,33.0307,490,37472,0.367888,0.19,1,2130757,2130267,490
161771181,33.6874,56.2061,456,37528,0.369578,0.17,1,2130785,2130329,456
161774101,30.7375,34.4412,457,37584,0.417916,0.19,1,2130815,2130358,457
161777021,58.1475,29.2882,494,37640,0.459583,0.25,1,2130880,2130386,494
161779941,39.6295,56.2577,466,37696,0.451917,0.25,1,2130915,2130449,466
161782861,36.7259,38.4515,468,37752,0.482383,0.25,1,2130951,2130483,468
161785781,8.94518,37.2903,433,37808,0.488477,0.25,1,2130953,2130520,433
161788701,23.389,9.05806,458,37864,0.521695,0.25,1,2130980,2130522,458
161791621,33.4778,21.8116,469,37920,0.528339,0.25,1,2131016,2130547,469
161794541,41.0956,33.1623,476,37976,0.545668,0.27,1,2131059,2130583,476
161797461,40.2191,38.6325,476,38032,0.549134,0.33,1,2131099,2130623,476
161800381,34.4438,38.9265,470,38088,0.533827,0.37,1,2131132,2130662,470
161803301,58.0888,34.1853,501,38143,0.578765,0.37,1,2131196,2130695,501
161806221,34.0178,56.4371,467,38198,0.587753,0.37,1,2131224,2130757,467
161809141,34.0036,33.6874,473,38253,0.637551,0.43,1,2131258,2130785,473
161812061,59.6007,30.7375,509,38308,0.66351,0.47,1,2131324,2130815,509
161814981,40.7201,58.1475,480,38363,0.684702,0.45,1,2131360,2130880,480
161817901,36.944,39.6295,481,38418,0.70494,0.49,1,2131396,2130915,481
161820821,8.98881,36.7259,447,38473,0.708988,0.49,1,2131398,2130951,447
161823741,24.9978,8.94518,474,38528,0.741798,0.53,1,2131427,2130953,474
161826661,33.7996,23.389,483,38583,0.76436,0.53,2,2131463,2130980,483
161829581,8.35991,33.4778,449,38638,0.768872,0.55,2,2131465,2131016,449
161832501,36.072,41.0956,449,38693,0.753774,0.55,2,2131508,2131059,449
161835421,39.2144,40.2191,449,38748,0.750755,0.53,2,2131548,2131099,449
161838341,33.4429,34.4438,448,38803,0.766151,0.59,2,2131580,2131132,448
161841261,60.2886,58.0888,451,38857,0.78523,0.59,2,2131647,2131196,451
161844181,35.2577,34.0178,452,38911,0.805046,0.65,2,2131676,2131224,452
161847101,35.8515,34.0036,454,38965,0.793009,0.67,2,2131712,2131258,454
161850021,61.5703,59.6007,456,39019,0.822602,0.69,2,2131780,2131324,456
161852941,41.1141,40.7201,456,39073,0.86052,0.71,2,2131816,2131360,456
161855861,37.8228,36.944,457,39127,0.820104,0.71,2,2131853,2131396,457
161858781,9.16456,8.98881,457,39181,0.812021,0.75,2,2131855,2131398,457
161861701,27.4329,24.9978,460,39235,0.810404,0.77,2,2131887,2131427,460
161864621,34.2866,33.7996,460,39289,0.858081,0.77,2,2131923,2131463,460
161867541,8.45732,8.35991,460,39343,0.867616,0.75,2,2131925,2131465,460
161870461,35.2915,36.072,459,39397,0.869523,0.75,2,2131967,2131508,459
161873381,39.8583,39.2144,460,39451,0.885905,0.77,2,2132008,2131548,460
161876301,33.5717,33.4429,460,39505,0.889181,0.79,2,2132040,2131580,460
161879221,61.1143,60.2886,461,39558,0.921836,0.81,2,2132108,2131647,461
161882141,34.6229,35.2577,460,39611,0.944367,0.79,2,2132136,2131676,460
161885061,36.5246,35.8515,461,39664,0.900873,0.83,2,2132173,2131712,461
162070481,66,86,503,19203,0.05,0.73,1,2134548,2134045,503
162073401,96.4,109.2,492,19314,0.05,0.19,1,2134652,2134160,492
162076321,68.08,101.04,454,19424,0.05,0.07,1,2134713,2134259,454
162079241,65.616,84.208,439,19533,0.01,0.09,1,2134778,2134339,439
162082161,25.9232,38.4416,428,19642,0.058,0.01,1,2134794,2134366,428
162085081,93.1846,17.2883,526,19750,0.0196,0.01,1,2134904,2134378,526
162088001,71.4369,86.6577,488,19857,0.05992,0.05,1,2134970,2134482,488
162090921,98.2874,70.1315,527,19964,0.099984,0.05,1,2135075,2134548,527
162093841,68.4575,97.2263,484,20070,0.123997,0.05,1,2135136,2134652,484
162096761,64.8915,68.2453,487,20176,0.0247994,0,1,2135200,2134713,487
162099681,24.9783,65.6491,437,20281,0.0129599,0.07,1,2135215,2134778,437
162102601,94.5957,25.9298,533,20386,0.026592,0.01,1,2135327,2134794,533
162105521,72.5191,93.186,490,20490,0.0773184,0.07,1,2135394,2134904,490
162108441,100.904,71.4372,532,20594,0.0874637,0.11,1,2135502,2134970,532
162111361,68.9808,98.2874,488,20697,0.0734927,0.13,1,2135563,2135075,488
162114281,60.9962,68.4575,486,20799,0.0146985,0,1,2135622,2135136,486
162117201,23.3992,64.8915,436,20901,0.0109397,0.01,1,2135636,2135200,436
162120121,95.0798,24.9783,534,21002,0.0261879,0.03,1,2135749,2135215,534
162123041,20.616,94.5957,424,21103,0.0292376,0.09,1,2135751,2135327,424
162125961,60.1232,72.5191,427,21204,0.0778475,0.09,1,2135821,2135394,427
162128881,96.8246,100.904,425,21304,0.13557,0.07,1,2135927,2135502,425
162131801,68.1649,68.9808,425,21404,0.195114,0,1,2135988,2135563,425
162134721,58.433,60.9962,422,21503,0.239023,0.01,1,2136044,2135622,422
162137641,23.6866,23.3992,423,21602,0.231805,0.03,1,2136059,2135636,423
162140561,95.1373,95.0798,423,21700,0.0463609,0.03,1,2136172,2135749,423
162143481,20.6275,20.616,423,21798,0.0172722,0.09,1,2136174,2135751,423
162146401,61.7255,60.1232,425,21895,0.0594544,0.15,1,2136246,2135821,425
162149321,100.345,96.8246,429,21992,0.115891,0.21,1,2136356,2135927,429
162152241,71.269,68.1649,432,22088,0.207178,0.25,1,2136420,2135988,432
162155161,59.0538,58.433,432,22184,0.273436,0.23,1,2136476,2136044,432
162158081,21.4108,23.6866,429,22280,0.254687,0,1,2136488,2136059,429
162161001,89.0822,95.1373,422,22375,0.202937,0.01,1,2136594,2136172,422
162163921,19.4164,20.6275,422,22470,0.192587,0.07,1,2136596,2136174,422
162166841,63.0833,61.7255,424,22564,0.206518,0.07,1,2136670,2136246,424
162169761,103.017,12.3451,537,22658,0.241304,0.13,1,2136783,2136246,537
162172681,74.2033,90.469,494,22752,0.248261,0.23,1,2136850,2136356,494
162175601,62.0407,69.2938,489,22845,0.281652,0.29,1,2136909,2136420,489
162178521,22.0081,58.6588,445,22938,0.28833,0.25,1,2136921,2136476,445
162181441,85.2016,21.3318,534,23030,0.353666,0.19,1,2137022,2136488,534
162184361,18.6403,89.0664,430,23122,0.366733,0.19,1,2137024,2136594,430
162187281,63.7281,19.4133,503,23214,0.385347,0.21,1,2137099,2136596,503
162190201,106.346,63.0827,546,23305,0.421069,0.25,1,2137216,2136670,546
162193121,74.8691,103.017,500,23396,0.460214,0.25,1,2137283,2136783,500
162196041,63.7738,74.2033,494,23487,0.452043,0.29,1,2137344,2136850,494
162198961,22.3548,62.0407,447,23577,0.466409,0.29,1,2137356,2136909,447
162201881,88.471,22.0081,540,23667,0.453282,0.37,1,2137461,2136921,540
162204801,19.2942,85.2016,441,23757,0.450656,0.37,1,2137463,2137022,441
162207721,64.6588,18.6403,515,23846,0.466131,0.39,1,2137539,2137024,515
162210641,108.132,63.7281,559,23935,0.469226,0.43,1,2137658,2137099,559
162213561,23.2264,106.346,444,24024,0.469845,0.47,1,2137660,2137216,444
162216481,59.0453,74.8691,445,24112,0.501969,0.45,1,2137728,2137283,445
162219401,60.6091,63.7738,445,24200,0.540394,0.47,1,2137789,2137344,445
162222321,21.7218,22.3548,445,24288,0.548079,0.45,1,2137801,2137356,445
162225241,87.5444,88.471,444,24375,0.645616,0.45,1,2137905,2137461,444
162228161,19.1089,19.2942,444,24462,0.633123,0.47,1,2137907,2137463,444
162231081,65.4218,64.6588,445,24549,0.678625,0.47,1,2137984,2137539,445
162234001,108.284,108.132,445,24635,0.671725,0.47,1,2138103,2137658,445
162236921,23.2569,23.2264,445,24721,0.670345,0.51,1,2138105,2137660,445
162239841,60.6514,59.0453,447,24807,0.702069,0.55,1,2138175,2137728,447
162242761,62.5303,60.6091,449,24892,0.756414,0.55,2,2138238,2137789,449
162245681,22.1061,21.7218,449,24977,0.735283,0.67,1,2138250,2137801,449
162248601,90.8212,87.5444,453,25062,0.875057,0.63,2,2138358,2137905,453
162251521,19.7642,19.1089,453,25147,0.871011,0.69,2,2138360,2137907,453
162391681,71,52,532,28914,0.73,1,1,2141083,2140551,532
162394601,37.4,43.2,520,28987,0.778,1,2,2141112,2140592,520
162397521,49.88,55.04,515,29060,0.6756,1,1,2141165,2140650,515
162400441,54.776,42.208,532,29133,0.47912,1,1,2141221,2140689,532
162403361,42.9552,55.6416,513,29206,0.455824,1,1,2141261,2140748,513
162406281,40.591,41.5283,515,29278,0.435165,0.94,1,2141301,2140786,515
162409201,81.7182,37.9057,570,29350,0.287033,1,1,2141393,2140823,570
162412121,58.7436,87.5811,523,29422,0.289407,0.92,1,2141446,2140923,523
162415041,34.1487,59.9162,498,29494,0.257881,0.9,1,2141474,2140976,498
162417961,63.6297,40.7832,533,29566,0.235576,0.73,1,2141545,2141012,533
162420881,33.5259,64.9566,488,29638,0.231115,0.79,1,2141571,2141083,488
162423801,41.9052,36.1913,503,29709,0.182223,0.65,1,2141615,2141112,503
162426721,51.581,49.6383,504,29780,0.204445,0.43,1,2141669,2141165,504
162429641,11.9162,54.7277,450,29851,0.176889,0.45,1,2141671,2141221,450
162432561,31.9832,42.9455,447,29922,0.171378,0.43,1,2141708,2141261,447
162435481,34.3966,40.5891,442,29993,0.218276,0.25,1,2141743,2141301,442
162438401,76.4793,81.7178,437,30064,0.211655,0.29,1,2141830,2141393,437
162441321,56.8959,58.7436,436,30134,0.226331,0.25,1,2141882,2141446,436
162444241,31.3792,34.1487,433,30204,0.245266,0.23,1,2141907,2141474,433
162447161,63.0758,63.6297,433,30274,0.249053,0.23,1,2141978,2141545,433
162450081,33.4152,33.5259,433,30344,0.217811,0.17,1,2142004,2141571,433
162453001,39.483,41.9052,430,30414,0.195562,0.21,1,2142045,2141615,430
162455921,51.8966,51.581,431,30484,0.207112,0.17,1,2142100,2141669,431
162458841,11.9793,11.9162,431,30553,0.209422,0.17,1,2142102,2141671,431
162461761,29.5959,31.9832,428,30622,0.241884,0.23,1,2142136,2141708,428
162464681,36.3192,34.3966,431,30691,0.280377,0.21,1,2142174,2141743,431
162467601,77.6638,76.4793,432,30760,0.336075,0.23,1,2142262,2141830,432
162470521,57.9328,56.8959,433,30829,0.363215,0.25,1,2142315,2141882,433
162473441,31.5866,31.3792,433,30898,0.400643,0.25,1,2142340,2141907,433
162476361,61.5173,63.0758,431,30966,0.424129,0.21,1,2142409,2141978,431
162479281,32.3035,33.4152,430,31034,0.460826,0.19,1,2142434,2142004,430
162482201,40.0607,39.483,431,31102,0.516165,0.21,1,2142476,2142045,431
162485121,52.8121,51.8966,432,31170,0.559233,0.21,1,2142532,2142100,432
162488041,12.1624,11.9793,432,31238,0.535847,0.25,1,2142534,2142102,432
162490961,29.6325,29.5959,432,31306,0.547169,0.25,1,2142568,2142136,432
162493881,37.1265,5.91917,471,31374,0.565434,0.29,1,2142607,2142136,471
162496801,80.2253,31.5838,524,31441,0.585087,0.35,1,2142698,2142174,524
162499721,60.8451,76.7168,492,31508,0.605017,0.37,1,2142754,2142262,492
162502641,33.769,57.7434,466,31575,0.625003,0.41,1,2142781,2142315,466
162505561,63.5538,31.5487,512,31642,0.613001,0.43,1,2142852,2142340,512
162508481,33.5108,61.5097,469,31709,0.6106,0.47,1,2142878,2142409,469
162511401,42.7022,32.3019,489,31776,0.67412,0.53,1,2142923,2142434,489
162514321,54.1404,40.0604,504,31843,0.686824,0.57,1,2142980,2142476,504
162517241,12.4281,52.8121,450,31909,0.689365,0.53,1,2142982,2142532,450
162520161,29.6856,12.1624,482,31975,0.689873,0.55,1,2143016,2142534,482
162523081,37.9371,29.6325,488,32041,0.689975,0.57,1,2143056,2142568,488
162526001,81.1874,37.1265,541,32107,0.705995,0.59,1,2143148,2142607,541
162528921,62.6375,80.2253,508,32173,0.741199,0.61,1,2143206,2142698,508
162531841,34.1275,60.8451,479,32239,0.70024,0.63,1,2143233,2142754,479
162534761,64.4255,33.769,524,32305,0.724048,0.61,1,2143305,2142781,524
162537681,33.6851,63.5538,479,32370,0.74481,0.61,1,2143331,2142852,479
162540601,45.137,33.5108,501,32435,0.716962,0.69,1,2143379,2142878,501
162543521,53.8274,42.7022,512,32500,0.727392,0.69,1,2143435,2142923,512
162546441,12.3655,54.1404,457,32565,0.729478,0.69,1,2143437,2142980,457
162549361,29.6731,12.4281,489,32630,0.745896,0.69,1,2143471,2142982,489
162552281,37.9346,29.6856,495,32695,0.765179,0.69,2,2143511,2143016,495
162555201,81.9869,37.9371,548,32760,0.769036,0.71,2,2143604,2143056,548
162558121,17.9974,81.1874,458,32825,0.769807,0.75,2,2143606,2143148,458
162561041,49.1995,62.6375,457,32889,0.833961,0.69,2,2143663,2143206,457
162563961,30.6399,34.1275,456,32953,0.846792,0.73,2,2143689,2143233,456
162566881,66.128,64.4255,459,33017,0.881359,0.75,2,2143764,2143305,459
162569801,32.4256,33.6851,457,33081,0.920272,0.71,2,2143788,2143331,457
162683681,87,26,577,35488,0.81,1,2,2145492,2144915,577
162686601,47,83.6,516,35548,0.874,1,2,2145529,2145013,516
162689521,31,36.72,518,35607,0.8228,1,2,2145556,2145038,518
162692441,23.8,28.144,514,35666,0.79656,1,2,2145578,2145064,514
162695361,14.36,31.2288,494,35725,0.855312,1,2,2145590,2145096,494
162698281,49.272,65.4458,478,35784,0.915062,1,2,2145648,2145170,478
162867641,28,44,466,39060,0.85,0.93,2,2147917,2147451,466
162870561,31.2,32.8,468,39114,0.834,0.99,2,2147949,2147481,468
162873481,35.04,33.76,470,39168,0.8308,0.97,2,2147985,2147515,470
162876401,30.208,31.552,468,39222,0.81416,0.99,2,2148014,2147546,468
162879321,30.0416,27.1104,472,39276,0.842832,1,2,2148044,2147572,472
162882241,32.4083,31.8221,472,39330,0.832566,0.97,2,2148077,2147605,472
162885161,29.6817,27.1644,475,39384,0.830513,0.99,2,2148106,2147631,475
162888081,21.1363,27.8329,466,39438,0.846103,0.98,2,2148125,2147659,466
162891001,32.2273,35.1666,464,39492,0.849221,0.99,2,2148160,2147696,464
162893921,35.2455,32.6333,468,39545,0.881844,0.99,2,2148196,2147728,468
162896841,40.6491,40.9267,467,39598,0.920369,0.89,2,2148238,2147771,467
163019481,38,37,486,41779,0.89,1,2,2149782,2149296,486
163022401,35.6,27.4,496,41830,0.89,1,2,2149817,2149321,496
163025321,26.32,31.08,488,41880,0.81,0.98,2,2149841,2149353,488
163028241,30.864,35.816,483,41930,0.762,1,2,2149873,2149390,483
163031161,30.9728,31.1632,484,41980,0.7044,1,1,2149904,2149420,484
163034081,29.3946,26.2326,488,42030,0.70888,1,1,2149933,2149445,488
163037001,25.8789,30.8465,481,42080,0.757776,0.95,2,2149958,2149477,481
163039921,27.5758,35.7693,472,42130,0.783555,1,2,2149986,2149514,472
163042841,27.1152,26.3539,475,42180,0.820711,1,2,2150013,2149538,475
163045761,25.423,22.8708,478,42230,0.844142,1,2,2150038,2149560,478
163048681,32.2846,34.1742,475,42280,0.880828,0.8,2,2150072,2149597,475
163051601,16.8569,22.8348,468,42330,0.872166,0.89,2,2150085,2149617,468
163054521,48.9714,49.367,469,42380,0.918433,0.89,2,2150142,2149673,469
163264761,17,35,496,45825,0.89,1,2,2152540,2152044,496
163267681,33.8,22.2,515,45871,0.778,1,2,2152578,2152063,515
163270601,34.76,53.24,489,45917,0.6916,1,1,2152613,2152124,489
163273521,42.952,10.648,534,45963,0.57832,1,1,2152658,2152124,534
163276441,36.5904,32.5296,531,46009,0.315664,1,1,2152693,2152162,531
163279361,38.5181,38.5059,530,46055,0.199133,1,1,2152732,2152202,530
163282281,35.7036,37.3012,528,46101,0.175827,1,1,2152767,2152239,528
163285201,30.3407,36.2602,521,46147,0.0591653,1,1,2152796,2152275,521
163288121,36.4681,28.052,533,46193,0.131833,1,1,2152834,2152301,533
163291041,24.8936,27.2104,528,46239,0.130367,1,1,2152856,2152328,528
163293961,24.1787,35.0421,515,46285,0.114073,0.94,1,2152880,2152365,515
163296881,24.8357,32.6084,508,46331,0.0308147,0.9,1,2152905,2152397,508
163299801,20.9671,32.1217,496,46377,0.0141629,1,1,2152925,2152429,496
163302721,34.5934,28.8243,506,46422,0.0268326,0.95,1,2152963,2152457,506
163305641,27.7187,36.1649,494,46467,0.0453665,0.92,1,2152989,2152495,494
163308561,18.3437,29.633,482,46512,0.0490733,0.89,1,2153005,2152523,482
163311481,25.2687,19.5266,492,46557,0.0338147,0.75,1,2153032,2152540,492
163314401,33.0537,34.3053,489,46602,0.0627629,0.67,1,2153067,2152578,489
163317321,33.8108,34.8611,488,46647,0.0525526,0.55,1,2153101,2152613,488
163320241,28.3622,42.9722,470,46692,0.0505105,0.25,1,2153128,2152658,470
163323161,33.6724,36.5944,470,46737,0.0661021,0.17,1,2153163,2152693,470
163326081,31.5345,38.5189,462,46782,0.0692204,0.17,1,2153194,2152732,462
163329001,24.7069,35.7038,450,46827,0.101844,0.03,1,2153217,2152767,450
163331921,36.9414,30.3408,461,46872,0.0603688,0.15,1,2153257,2152796,461
163334841,28.1883,36.4682,449,46917,0.0680738,0.13,1,2153283,2152834,449
163337761,20.8377,24.8936,446,46962,0.117615,0.11,1,2153302,2152856,446
163340681,24.1675,24.1787,447,47007,0.0635229,0.01,1,2153327,2152880,447
163343601,23.2335,24.8357,445,47052,0.0687046,0.01,1,2153350,2152905,445
163346521,32.6467,20.9671,460,47097,0.0537409,0.03,1,2153385,2152925,460
163349441,28.1293,34.5934,449,47142,0.0507482,0.05,1,2153412,2152963,449
163352361,19.2259,27.7187,440,47187,0.0661496,0.05,1,2153429,2152989,440
163355281,23.0452,18.3437,448,47232,0.0212299,0.03,1,2153453,2153005,448
163358201,36.609,25.2687,461,47277,0.028246,0.07,1,2153493,2153032,461
163361121,32.1218,33.0537,457,47322,0.0616492,0.05,1,2153524,2153067,457
163364041,27.2244,33.8108,449,47367,0.0683298,0.05,1,2153550,2153101,449
163366961,7.04487,28.3622,424,47412,0.069666,0.07,1,2153552,2153128,424
163369881,30.209,33.6724,425,47456,0.101933,0.07,1,2153588,2153163,425
163372801,31.6418,31.5345,426,47500,0.108387,0.11,1,2153620,2153194,426
163375721,21.5284,24.7069,422,47544,0.157677,0.05,1,2153639,2153217,422
163378641,37.9057,36.9414,424,47588,0.151535,0.07,1,2153681,2153257,424
163381561,29.1811,28.1883,425,47632,0.150307,0.13,1,2153708,2153283,425
163384481,24.2362,20.8377,429,47676,0.134061,0.05,1,2153731,2153302,429
163387401,20.8472,24.1675,424,47720,0.130812,0.07,1,2153751,2153327,424
163390321,23.3694,23.2335,425,47764,0.178162,0.05,1,2153775,2153350,425
163393241,32.6739,32.6467,425,47808,0.171632,0.05,1,2153810,2153385,425
163396161,27.3348,28.1293,424,47852,0.170327,0.07,1,2153836,2153412,424
163399081,19.067,19.2259,424,47896,0.154065,0.01,1,2153853,2153429,424
163402001,22.2134,23.0452,423,47940,0.166813,0.03,1,2153876,2153453,423
163404921,36.4427,36.609,423,47984,0.121363,0.07,1,2153916,2153493,423
163407841,33.6885,32.1218,425,48028,0.144273,0.07,1,2153949,2153524,425
163410761,25.9377,27.2244,423,48072,0.180854,0.07,1,2153973,2153550,423
163413681,6.78754,7.04487,423,48116,0.156171,0.11,1,2153975,2153552,423
163416601,31.7575,30.209,425,48160,0.183234,0.11,1,2154013,2153588,425
163419521,34.3515,31.6418,428,48204,0.236647,0.17,1,2154048,2153620,428
163422441,22.0703,21.5284,428,48248,0.263329,0.15,1,2154067,2153639,428
163425361,37.2141,37.9057,427,48292,0.284666,0.15,1,2154108,2153681,427
163428281,29.0428,29.1811,427,48336,0.272933,0.13,1,2154135,2153708,427
163431201,25.0086,24.2362,428,48380,0.270587,0.13,1,2154159,2153731,428
163434121,21.0017,20.8472,428,48424,0.334117,0.19,1,2154179,2153751,428
163437041,24.2003,23.3694,429,48468,0.378823,0.17,1,2154204,2153775,429
163439961,32.0401,32.6739,428,48511,0.403765,0.17,1,2154238,2153810,428
163442881,27.208,27.3348,428,48554,0.408753,0.15,1,2154264,2153836,428
163445801,19.8416,19.067,429,48597,0.409751,0.17,1,2154282,2153853,429
163448721,21.5683,22.2134,428,48640,0.40995,0.11,1,2154304,2153876,428
163451641,35.5137,36.4427,427,48683,0.42599,0.15,1,2154343,2153916,427
163454561,35.1027,33.6885,429,48726,0.413198,0.19,1,2154378,2153949,429
163457481,26.2205,25.9377,429,48769,0.41064,0.15,1,2154402,2153973,429
163460401,6.84411,6.78754,429,48812,0.410128,0.19,1,2154404,2153975,429
163463321,33.3688,31.7575,431,48855,0.426026,0.19,1,2154444,2154013,431
163466241,36.2738,6.3515,468,48898,0.461205,0.25,1,2154481,2154013,468
163469161,22.4548,29.2703,452,48941,0.500241,0.27,1,2154500,2154048,452
163472081,38.891,21.0541,476,48984,0.476048,0.29,1,2154543,2154067,476
163475001,28.5782,37.0108,461,49027,0.47121,0.27,1,2154569,2154108,461
163477921,24.9156,29.0022,458,49070,0.470242,0.27,1,2154593,2154135,458
163480841,22.5831,25.0004,456,49113,0.438048,0.35,1,2154615,2154159,456
163483761,26.1166,21.0001,463,49156,0.49561,0.39,1,2154642,2154179,463
163486681,33.2233,24.2,473,49199,0.523122,0.41,1,2154677,2154204,473
163489601,27.4447,32.04,465,49242,0.528624,0.41,1,2154703,2154238,465
163492521,19.8889,27.208,457,49285,0.545725,0.41,1,2154721,2154264,457
163495441,22.3778,19.8416,462,49328,0.533145,0.41,1,2154744,2154282,462
163498361,37.2756,21.5683,481,49371,0.546629,0.43,1,2154785,2154304,481
163501281,34.6551,35.5137,476,49414,0.565326,0.41,1,2154819,2154343,476
163504201,26.131,35.1027,465,49457,0.569065,0.41,1,2154843,2154378,465
163507121,6.8262,26.2205,443,49500,0.569813,0.41,1,2154845,2154402,443
163510041,34.1652,6.84411,482,49543,0.553963,0.43,1,2154886,2154404,482
163512961,38.833,33.3688,482,49586,0.550793,0.47,1,2154926,2154444,482
163515881,22.1666,36.2738,463,49628,0.550159,0.51,1,2154944,2154481,463
163518801,38.8333,22.4548,487,49670,0.550032,0.47,1,2154987,2154500,487
163521721,28.5667,38.891,470,49712,0.566006,0.47,1,2155013,2154543,470
163524641,24.9133,28.5782,468,49754,0.569201,0.47,1,2155037,2154569,468
163527561,21.7827,24.9156,465,49796,0.58584,0.43,1,2155058,2154593,465
163530481,28.3565,22.5831,473,49838,0.605168,0.51,1,2155088,2154615,473
163533401,34.4713,26.1166,482,49880,0.609034,0.53,1,2155124,2154642,482
163536321,27.6943,33.2233,473,49922,0.641807,0.53,1,2155150,2154677,473
163539241,20.7389,27.4447,466,49964,0.664361,0.55,1,2155169,2154703,466
163542161,21.7478,19.8889,470,50006,0.668872,0.53,1,2155191,2154721,470
163545081,37.9496,22.3778,489,50048,0.685774,0.55,1,2155233,2154744,489
163548001,35.5899,37.2756,483,50090,0.689155,0.57,1,2155268,2154785,483
163550921,26.318,34.6551,473,50132,0.689831,0.57,1,2155292,2154819,473
163553841,6.8636,26.131,451,50174,0.689966,0.57,1,2155294,2154843,451
163556761,33.3727,6.8262,489,50216,0.689993,0.55,1,2155334,2154845,489
163559681,38.6745,34.1652,488,50258,0.705999,0.55,1,2155374,2154886,488
163562601,22.1349,38.833,466,50300,0.7092,0.55,1,2155392,2154926,466
163565521,6.02698,22.1666,450,50342,0.70984,0.55,1,2155394,2154944,450
163568441,35.6054,38.8333,450,50384,0.741968,0.57,1,2155437,2154987,450
163571361,27.9211,28.5667,450,50426,0.780394,0.57,2,2155463,2155013,450
163574281,24.7842,24.9133,450,50468,0.804079,0.59,2,2155487,2155037,450
163577201,22.5568,21.7827,451,50510,0.776816,0.61,2,2155509,2155058,451
163580121,29.3114,28.3565,452,50552,0.803363,0.61,2,2155540,2155088,452
163583041,34.6623,34.4713,452,50594,0.840673,0.65,2,2155576,2155124,452
163585961,30.1325,27.6943,455,50636,0.912135,0.67,2,2155605,2155150,455
163588881,21.2265,20.7389,455,50678,0.910427,0.67,2,2155624,2155169,455
163591801,21.8453,21.7478,455,50720,0.910085,0.69,2,2155646,2155191,455
163594721,39.5691,37.9496,457,50762,0.878017,0.69,2,2155690,2155233,457
163597641,35.1138,35.5899,456,50803,0.887603,0.69,2,2155724,2155268,456
163600561,26.2228,26.318,456,50844,0.921521,0.69,2,2155748,2155292,456
163603481,6.84455,6.8636,456,50885,0.896304,0.69,2,2155750,2155294,456
163606401,33.3689,33.3727,456,50926,0.907261,0.71,2,2155790,2155334,456
163784521,35,32,501,53390,0.83,1,2,2157480,2156979,501
163787441,27.8,29.6,498,53429,0.814,1,2,2157506,2157008,498
163790361,15.96,28.32,483,53468,0.7948,1,2,2157519,2157036,483
163793281,35.192,23.264,501,53507,0.74296,1,1,2157559,2157058,501
163796201,37.4384,34.2528,502,53546,0.716592,1,1,2157597,2157095,502
163799121,30.6877,32.4506,499,53585,0.727318,1,1,2157626,2157127,499
163802041,25.3375,32.8901,490,53624,0.681464,0.97,1,2157650,2157160,490
163804961,31.4675,25.778,499,53663,0.688293,1,1,2157683,2157184,499
163807881,35.0935,28.3556,506,53702,0.705659,1,1,2157719,2157213,506
163810801,26.2187,33.6711,495,53741,0.629132,1,1,2157743,2157248,495
163813721,18.0437,29.9342,482,53780,0.645826,1,1,2157759,2157277,482
163816641,20.4087,22.7868,482,53819,0.585165,1,1,2157780,2157298,482
163819561,27.2818,26.1574,484,53858,0.621033,1,1,2157809,2157325,484
163822481,25.4563,30.0315,478,53897,0.660207,0.99,1,2157834,2157356,478
163825401,19.4913,25.2063,472,53936,0.668041,0.94,1,2157852,2157380,472
163828321,14.2983,17.8413,469,53975,0.653608,0.91,1,2157865,2157396,469
163831241,13.2597,14.7683,468,54014,0.666722,0.87,1,2157878,2157410,468
163834161,29.8519,30.9537,467,54053,0.701344,0.83,1,2157912,2157445,467
163837081,33.1704,34.1907,466,54092,0.708269,0.81,1,2157946,2157480,466
163840001,22.6341,27.6381,460,54131,0.741654,0.79,1,2157966,2157506,460
163842921,12.5268,15.9276,457,54170,0.732331,0.73,1,2157976,2157519,457
163845841,37.7054,35.1855,461,54209,0.746466,0.71,1,2158020,2157559,461
163848761,36.3411,37.4371,459,54248,0.781293,0.73,2,2158056,2157597,459
163851681,25.6682,30.6874,453,54287,0.804259,0.67,2,2158079,2157626,453
163854601,25.9336,25.3375,455,54326,0.840852,0.69,2,2158105,2157650,455
163857521,29.9867,31.4675,453,54365,0.86417,0.71,2,2158136,2157683,453
163860441,33.1973,35.0935,451,54404,0.836834,0.61,2,2158170,2157719,451
163863361,27.4395,26.2187,453,54443,0.831367,0.65,2,2158196,2157743,453
163866281,16.6879,18.0437,451,54482,0.878273,0.57,2,2158210,2157759,451
163869201,20.9376,20.4087,452,54521,0.887655,0.63,2,2158232,2157780,452
163872121,23.3875,27.2818,447,54560,0.905531,0.67,2,2158256,2157809,447
163875041,27.8775,25.4563,451,54599,0.941106,0.67,2,2158285,2157834,451
163877961,21.5755,19.4913,453,54638,0.948221,0.65,2,2158305,2157852,453
163880881,15.5151,14.2983,454,54677,0.917644,0.67,2,2158319,2157865,454
163883801,13.503,13.2597,454,54715,0.927529,0.67,2,2158332,2157878,454
163886721,31.5006,2.65193,490,54753,0.929506,0.71,2,2158368,2157878,490
163889641,33.5001,27.7304,490,54791,0.945901,0.71,2,2158402,2157912,490
163901321,38,44,496,54943,0.91,0.79,2,2158516,2158020,496
163904241,26.8,37.6,484,54981,0.926,0.81,2,2158540,2158056,484
163907161,26.16,25.92,487,55019,0.8972,0.85,2,2158566,2158079,487
163910081,30.832,25.984,493,55057,0.93944,0.87,2,2158598,2158105,493
