#Ack,ack_ewma(ms),send_ewma(ms),rtt_ratio,cwnd (Bytes),Last Router Ocupation Ack Arriaval(Packets),Last Router Ocupation Packet Sent(Packets),Network Situation,AckArrival(ms),TSInsideAck(ms),RTTAck(ms)
4381,2,0,423,16060,0,0,1,110843,110420,423
7301,2,0,425,17520,0,0,1,110845,110420,425
10221,2,0,427,18980,0.024,0,1,110847,110420,427
13141,2,0,429,20440,0.0048,0,1,110849,110420,429
14601,161.2,0,630,21900,0.00896,0,1,111050,110420,630
17521,202.64,336.8,422,23360,0.001792,0,1,111263,110841,422
20441,42.128,68.96,422,24820,0.0003584,0,1,111265,110843,422
23361,10.0256,13.792,424,26280,7.168e-05,0,1,111267,110843,424
26281,3.60512,4.3584,424,27740,0.0240143,0.03,1,111269,110845,424
29201,2.32102,2.47168,424,29200,0.00480287,0.03,1,111271,110847,424
32121,2.0642,0.494336,426,30660,0.000960573,0,1,111273,110847,426
35041,2.01284,1.69887,426,32120,0.0241921,0.01,1,111275,110849,426
37961,160.403,161.14,425,33580,0.0128384,0,1,111475,111050,425
40881,200.081,202.628,422,35040,0.00256768,0,1,111685,111263,422
43801,41.6161,40.5256,424,36500,0.000513537,0,1,111687,111263,424
46721,9.92322,9.70512,424,37960,0.000102707,0,1,111689,111265,424
49641,3.58464,3.54102,424,39420,0.00802054,0,1,111691,111267,424
52561,2.31693,0.708205,426,40880,0.00160411,0.03,1,111693,111267,426
55481,2.06339,1.74164,426,42340,0.000320822,0,1,111695,111269,426
58401,2.81268,1.94833,427,43800,0.0560642,0,1,111698,111271,427
61321,2.16254,0.389666,429,45260,0.0832128,0,1,111700,111271,429
64241,2.03251,1.67793,429,46720,0.104643,0.03,1,111702,111273,429
67161,2.0065,1.93559,429,48180,0.124929,0.03,1,111704,111275,429
70081,154.001,0.387117,621,49640,0.0489857,0.01,1,111896,111275,621
73001,32.4003,160.077,423,51100,0.0337971,0,1,111898,111475,423
75921,173.68,200.015,422,52560,0.00675943,0,1,112107,111685,422
78841,36.336,40.0031,424,54020,0.00135189,0,1,112109,111685,424
81761,8.8672,9.60062,424,55480,0.0242704,0,1,112111,111687,424
84681,3.37344,3.52012,424,56940,0.00485408,0,1,112113,111689,424
87601,2.27469,0.704025,426,58400,0.000970815,0.01,1,112115,111689,426
90521,2.05494,1.7408,426,59860,0.000194163,0,1,112117,111691,426
93441,2.01099,1.94816,426,61320,0.0240388,0,1,112119,111693,426
96361,2.0022,0.389632,428,62780,0.0448078,0,1,112121,111693,428
99281,2.00044,1.67793,428,64240,0.0649616,0.07,1,112123,111695,428
102201,2.00009,2.73559,427,65700,0.0849923,0.07,1,112125,111698,427
105121,2.00002,0.547117,429,67160,0.104998,0.09,1,112127,111698,429
108041,2,1.70942,429,68620,0.125,0.11,1,112129,111700,429
110961,2,1.94188,429,70080,0.145,0.11,1,112131,111702,429
113881,2,0.388377,431,71540,0.165,0.13,1,112133,111702,431
116801,2,1.67768,431,73000,0.185,0.03,1,112135,111704,431
119721,148.4,153.936,424,74460,0.301,0.03,1,112320,111896,424
122641,31.28,30.7871,426,75920,0.3242,0.03,1,112322,111896,426
125561,7.856,7.75742,426,77380,0.29684,0,1,112324,111898,426
128481,165.571,168.751,422,78840,0.059368,0,1,112529,112107,422
131401,34.7142,33.7503,424,80300,0.0118736,0,1,112531,112107,424
134321,8.54285,8.35006,424,81760,0.0263747,0.03,1,112533,112109,424
137241,3.30857,3.27001,424,83220,0.00527494,0.03,1,112535,112111,424
140161,2.26171,0.654002,426,84680,0.00105499,0,1,112537,112111,426
143081,2.05234,1.7308,426,86140,0.000210998,0,1,112539,112113,426
146001,2.01047,1.94616,426,87600,0.0240422,0,1,112541,112115,426
148921,2.00209,0.389232,428,89060,0.0448084,0,1,112543,112115,428
151841,2.00042,1.67785,428,90520,0.0649617,0.03,1,112545,112117,428
154761,2.00008,1.93557,428,91980,0.0849923,0.03,1,112547,112119,428
157681,2.00002,0.387114,430,93440,0.104998,0.05,1,112549,112119,430
160601,2,1.67742,430,94900,0.125,0.07,1,112551,112121,430
163521,2,1.93548,430,96360,0.145,0.07,1,112553,112123,430
166441,2,0.387097,432,97820,0.165,0.09,1,112555,112123,432
169361,2,1.67742,432,99280,0.185,0.11,1,112557,112125,432
172281,2,1.93548,432,100740,0.205,0.11,1,112559,112127,432
175201,2,0.387097,434,102200,0.225,0.13,1,112561,112127,434
178121,2,1.67742,434,103660,0.245,0.15,1,112563,112129,434
181041,2,1.93548,434,105120,0.265,0.15,1,112565,112131,434
183961,2,0.387097,436,106580,0.285,0.17,1,112567,112131,436
186881,2,1.67742,436,108040,0.305,0.19,1,112569,112133,436
189801,2,1.93548,436,109500,0.325,0.19,1,112571,112135,436
192721,147.6,0.387097,620,110960,0.425,0.33,1,112755,112135,620
195641,31.12,148.077,437,112420,0.445,0.33,1,112757,112320,437
198561,7.824,31.2155,437,113880,0.449,0.33,1,112759,112322,437
201481,3.1648,6.2431,439,115340,0.4498,0.29,1,112761,112322,439
204401,2.23296,2.84862,439,116800,0.44996,0,1,112763,112324,439
207321,150.847,164.57,422,118260,0.089992,0,1,112951,112529,422
210241,31.7693,32.9139,424,119720,0.0179984,0,1,112953,112529,424
213161,7.95386,8.18279,424,121180,0.0275997,0.03,1,112955,112531,424
216081,3.19077,3.23656,424,122640,0.00551994,0.03,1,112957,112533,424
219001,2.23815,0.647311,426,124100,0.00110399,0,1,112959,112533,426
221921,2.04763,1.72946,426,125560,0.000220797,0,1,112961,112535,426
224841,2.00953,1.94589,426,127020,0.0240442,0,1,112963,112537,426
227761,2.00191,0.389178,428,128480,0.0448088,0,1,112965,112537,428
230681,2.00038,1.67784,428,129940,0.0649618,0.03,1,112967,112539,428
233601,2.00008,1.93557,428,131400,0.0849923,0.03,1,112969,112541,428
236521,2.00002,0.387113,430,132860,0.0969985,0.05,1,112971,112541,430
239441,2,1.67742,430,134320,0.0673997,0.07,1,112973,112543,430
242361,2,1.93548,430,135780,0.13348,0.07,1,112975,112545,430
245281,2,0.387097,432,137240,0.106696,0.09,1,112977,112545,432
248201,2,1.67742,432,138700,0.0693392,0.11,1,112979,112547,432
251121,2,1.93548,432,140160,0.0298678,0.11,1,112981,112549,432
254041,2,0.387097,434,141620,0.149974,0.13,1,112983,112549,434
256961,2,1.67742,434,143080,0.141995,0.15,1,112985,112551,434
259881,2,1.93548,434,144540,0.108399,0.15,1,112987,112553,434
262801,2,0.387097,436,146000,0.0696798,0.17,1,112989,112553,436
265721,2,1.67742,436,147460,0.117936,0.19,1,112991,112555,436
268641,2,1.93548,436,148920,0.103587,0.19,1,112993,112557,436
271561,2,0.387097,438,150380,0.0687174,0.21,1,112995,112557,438
274481,2,1.67742,438,151840,0.133743,0.23,1,112997,112559,438
277401,2,1.93548,438,153300,0.138749,0.23,1,112999,112561,438
280321,2,0.387097,440,154760,0.10775,0.25,1,113001,112561,440
283241,2,1.67742,440,156220,0.0695499,0.27,1,113003,112563,440
286161,2,1.93548,440,157680,0.18191,0.27,1,113005,112565,440
289081,2,0.387097,442,159140,0.180382,0.29,1,113007,112565,442
292001,2,1.67742,442,160600,0.148076,0.31,1,113009,112567,442
294921,2,1.93548,442,162060,0.109615,0.31,1,113011,112569,442
297841,2,0.387097,444,163520,0.0699231,0.33,1,113013,112569,444
300761,2,1.67742,444,164980,0.0299846,0.45,1,113015,112571,444
303681,147.6,147.535,444,166440,0.253997,0.45,1,113199,112755,444
306601,31.12,29.5071,446,167900,0.298799,0.45,1,113201,112755,446
309521,7.824,7.50142,446,169360,0.30776,0.45,1,113203,112757,446
312441,3.1648,3.10028,446,170820,0.325552,0.45,1,113205,112759,446
315361,2.23296,0.620057,448,172280,0.32911,0.45,1,113207,112759,448
318281,2.04659,1.72401,448,173740,0.329822,0.45,1,113209,112761,448
321201,2.00932,1.9448,448,175200,0.297964,0.45,1,113211,112763,448
324121,129.202,0.38896,609,176660,0.0595929,0,1,113372,112763,609
327041,27.4404,150.478,423,178120,0.0119186,0,1,113374,112951,423
329961,7.08807,31.6956,423,179580,0.0263837,0,1,113376,112953,423
332881,3.01761,6.33911,425,181040,0.00527674,0.03,1,113378,112953,425
335801,2.20352,2.86782,425,182500,0.00105535,0,1,113380,112955,425
338721,2.0407,2.17356,425,183960,0.00021107,0,1,113382,112957,425
341641,2.00814,0.434713,427,185420,4.22139e-05,0,1,113384,112957,427
343201,1.20163,1.68694,426,186880,8.44279e-06,0.03,1,113385,112959,426
346121,1.84033,3.53739,424,188340,1.68856e-06,0.03,1,113387,112963,424
349041,1.96807,0.707478,426,189800,3.37711e-07,0.03,1,113389,112963,426
351961,1.99361,0.141496,428,191260,6.75423e-08,0.03,1,113391,112963,428
354021,1.99872,0.0282991,430,192720,1.35085e-08,0.08,1,113393,112963,430
356941,1.99974,7.20566,423,194180,0.176,0.08,1,113395,112972,423
359861,1.99995,1.44113,425,195640,0.1792,0.08,1,113397,112972,425
362781,1.99999,0.288226,427,197100,0.21984,0.08,1,113399,112972,427
365701,2,0.0576453,429,198560,0.195968,0.08,1,113401,112972,429
368581,2,0.0115291,431,200020,0.159194,0.06,1,113403,112972,431
371501,2,5.60231,426,201480,0.119839,0.06,1,113405,112979,426
374421,2,1.12046,428,202940,0.0719677,0.06,1,113407,112979,428
376901,2,0.224092,430,204400,0.182394,0.14,1,113409,112979,430
379821,2,4.84482,426,205860,0.180479,0.14,1,113411,112985,426
382741,2,0.968964,428,207320,0.148096,0.14,1,113413,112985,428
384801,2,0.193793,430,208780,0.109619,0.08,1,113415,112985,430
387721,2.8,7.23876,424,210240,0.0539238,0.08,1,113418,112994,424
390641,2.16,1.44775,426,211700,0.162785,0.08,1,113420,112994,426
393561,2.032,0.28955,428,213160,0.160557,0.08,1,113422,112994,428
396481,2.0064,0.0579101,430,214620,0.128111,0.08,1,113424,112994,430
399361,2.00128,0.011582,432,216080,0.0896223,0.21,1,113426,112994,432
402281,2.00026,8.80232,423,217540,0.169924,0.21,1,113428,113005,423
405201,2.00005,1.76046,425,219000,0.153985,0.21,1,113430,113005,425
408121,2.00001,0.352093,427,220460,0.126797,0.21,1,113432,113005,427
411041,2,0.0704185,429,221920,0.0893594,0.21,1,113434,113005,429
413921,2,0.0140837,431,223380,0.137872,0.06,1,113436,113005,431
416841,2,6.40282,425,224840,0.107574,0.06,1,113438,113013,425
419761,2,1.28056,427,226300,0.0695149,0.06,1,113440,113013,427
422681,2,0.256113,429,227760,0.029903,0.06,1,113442,113013,429
425361,2,0.0512225,431,229220,0.00598059,0.1,1,113444,113013,431
428281,6.8,6.41024,431,230680,0.0331961,0.1,1,113452,113021,431
431201,2.96,1.28205,433,232140,0.00663922,0.1,1,113454,113021,433
433061,146.992,0.25641,616,233600,0.217328,0.23,1,113637,113021,616
435981,31.7984,154.451,426,235060,0.275466,0.23,1,113640,113214,426
438901,7.95968,30.8903,428,236520,0.287093,0.23,1,113642,113214,428
441821,3.19194,6.17805,430,237980,0.289419,0.23,1,113644,113214,430
444741,2.23839,1.23561,432,239440,0.289884,0.23,1,113646,113214,432
447661,2.04768,0.247122,434,240900,0.289977,0.23,1,113648,113214,434
450581,2.00954,0.0494244,436,242360,0.257995,0.23,1,113650,113214,436
452821,123.602,0.00988488,590,243820,0.123599,0,1,113804,113214,590
455741,26.3204,135.202,423,245280,0.0647198,0,1,113806,113383,423
458661,6.86408,27.0404,425,246740,0.020944,0,1,113808,113383,425
461581,2.97282,5.40808,427,248200,0.00418879,0,1,113810,113383,427
464501,2.19456,1.08162,429,249660,0.000837758,0,1,113812,113383,429
467421,2.03891,0.216323,431,251120,0.000167552,0,1,113814,113383,431
469041,1.20778,0.0432646,432,252580,3.35103e-05,0,1,113815,113383,432
471961,1.84156,4.00865,429,254040,6.70207e-06,0,1,113817,113388,429
474881,1.96831,0.801731,431,255500,1.34041e-06,0,1,113819,113388,431
477781,1.99366,0.160346,433,256960,2.68083e-07,0.25,1,113821,113388,433
480701,1.99873,8.03207,425,258420,0.112,0.25,1,113823,113398,425
483621,1.99975,1.60641,427,259880,0.1024,0.25,1,113825,113398,427
486541,1.99995,0.321283,429,261340,0.06848,0.25,1,113827,113398,429
489461,1.99999,0.0642565,431,262800,0.029696,0.25,1,113829,113398,431
492341,2,0.0128513,433,264260,0.101939,0.21,1,113831,113398,433
495261,2,8.80257,424,265720,0.0843878,0.21,1,113833,113409,424
498181,2,1.76051,426,267180,0.0488776,0.21,1,113835,113409,426
501101,2,0.352103,428,268640,0.00977551,0.21,1,113837,113409,428
504021,2,0.0704206,430,270100,0.145955,0.21,1,113839,113409,430
506901,2,0.0140841,432,271560,0.141191,0.06,1,113841,113409,432
509821,2,6.40282,426,273020,0.108238,0.06,1,113843,113417,426
512741,2,1.28056,428,274480,0.141648,0.06,1,113845,113417,428
515661,2,0.256113,430,275940,0.11633,0.06,1,113847,113417,430
517301,1.2,0.0512225,431,277400,0.0952659,0.12,1,113848,113417,431
520221,1.84,5.61024,426,278860,0.0670532,0.12,1,113850,113424,426
523141,1.968,1.12205,428,280320,0.0294106,0.12,1,113852,113424,428
525621,2.7936,0.22441,431,281780,0.117882,0.08,1,113855,113424,431
528541,2.15872,8.04488,423,283240,0.103576,0.08,1,113857,113434,423
531461,2.03174,1.60898,425,284700,0.0687153,0.08,1,113859,113434,425
534381,2.00635,0.321795,427,286160,0.149743,0.08,1,113861,113434,427
537301,2.00127,0.064359,429,287620,0.141949,0.08,1,113863,113434,429
540181,7.60025,0.0128718,438,289080,0.17239,0.08,1,113872,113434,438
543101,3.92005,12.8026,425,290540,0.130478,0.08,1,113875,113450,425
546021,2.38401,2.56051,427,292000,0.0900956,0.08,1,113877,113450,427
548941,2.0768,0.512103,429,293460,0.0820191,0.08,1,113879,113450,429
551861,2.01536,0.102421,431,294920,0.0804038,0.08,1,113881,113450,431
554781,2.00307,0.0204841,433,296380,0.0880808,0.08,1,113883,113450,433
556401,1.20061,0.00409682,434,297840,0.0736162,0.28,1,113884,113450,434
559321,8.24012,8.80082,433,299300,0.0947232,0.28,1,113894,113461,433
561601,3.24802,1.76016,435,300760,0.0989446,0.29,1,113896,113461,435
564521,143.05,148.352,428,302220,0.203789,0.29,1,114074,113646,428
567441,30.2099,29.6704,430,303680,0.224758,0.29,1,114076,113646,430
570361,7.64198,5.93408,432,305140,0.260952,0.29,1,114078,113646,432
572001,2.3284,1.18682,433,306600,0.25219,0.21,1,114079,113646,433
574921,3.66568,5.03736,431,308060,0.250438,0.21,1,114083,113652,431
577841,2.33314,1.00747,433,309520,0.218088,0.21,1,114085,113652,433
580761,2.06663,0.201495,435,310980,0.179618,0.21,1,114087,113652,435
582821,117.213,0.0402989,581,312440,0.235923,0,1,114233,113652,581
585741,25.0427,128.008,423,313900,0.215185,0,1,114235,113812,423
588661,6.60853,25.6016,425,315360,0.179037,0,1,114237,113812,425
591581,2.92171,5.12032,427,316820,0.139807,0,1,114239,113812,427
593221,1.38434,1.02406,428,318280,0.115961,0,1,114240,113812,428
596141,1.87687,5.80481,423,319740,0.0791923,0,1,114242,113819,423
599061,1.97537,1.16096,425,321200,0.0398385,0,1,114244,113819,425
601981,1.99507,0.232192,427,322660,0.00796769,0,1,114246,113819,427
603621,2.79902,0.0464385,430,324120,0.00159354,0.04,1,114249,113819,430
606541,2.1598,7.20929,423,325580,0.000318708,0.04,1,114251,113828,423
609461,2.03196,1.44186,425,327040,6.37415e-05,0.04,1,114253,113828,425
612381,2.00639,0.288371,427,328500,0.160013,0.04,1,114255,113828,427
615301,2.00128,0.0576743,429,329960,0.160003,0.04,1,114257,113828,429
618181,2.00026,0.0115349,431,331420,0.128001,0.08,1,114259,113828,431
621101,2.00005,4.00231,428,332880,0.0896001,0.08,1,114261,113833,428
622961,1.20001,0.800461,429,334340,0.06592,0.12,1,114262,113833,429
625881,1.84,7.36009,422,335800,0.029184,0.12,1,114264,113842,422
628801,1.968,1.47202,424,337260,0.0058368,0.12,1,114266,113842,424
631721,1.9936,0.294404,426,338720,0.161167,0.12,1,114268,113842,426
634641,1.99872,0.0588807,428,340180,0.200233,0.12,1,114270,113842,428
637521,1.99974,0.0117761,430,341640,0.176047,0.08,1,114272,113842,430
640441,1.99995,5.60236,425,343100,0.139209,0.08,1,114274,113849,425
643361,1.99999,1.12047,427,344560,0.187842,0.08,1,114276,113849,427
646281,2,0.224094,429,346020,0.165568,0.08,1,114278,113849,429
647921,1.2,0.0448188,430,347480,0.153114,0.17,1,114279,113849,430
650841,3.44,9.60896,422,348940,0.0786227,0.17,1,114283,113861,422
653761,2.288,1.92179,424,350400,0.183725,0.17,1,114285,113861,424
656681,2.0576,0.384359,426,351860,0.180745,0.17,1,114287,113861,426
659601,2.01152,0.0768717,428,353320,0.148149,0.17,1,114289,113861,428
662481,2.0023,0.0153743,430,354780,0.10963,0.14,1,114291,113861,430
665401,6.80046,10.4031,425,356240,0.101926,0.14,1,114299,113874,425
668321,2.96009,2.08061,427,357700,0.0683852,0.14,1,114301,113874,427
670801,2.19202,0.416123,429,359160,0.061677,0.1,1,114303,113874,429
673721,2.0384,4.88322,425,360620,0.204335,0.1,1,114305,113880,425
676641,2.00768,0.976645,427,362080,0.200867,0.1,1,114307,113880,427
679121,2.00154,0.195329,429,363540,0.200173,0.12,1,114309,113880,429
682041,5.20031,5.63907,428,365000,0.160035,0.12,1,114315,113887,428
684961,2.64006,1.12781,430,366460,0.128007,0.12,1,114317,113887,430
687441,2.12801,0.225563,432,367920,0.0896014,0.17,1,114319,113887,432
690361,10.0256,12.8451,428,369380,0.0819203,0.17,1,114331,113903,428
692641,3.60512,2.56902,430,370840,0.168384,0.21,1,114333,113903,430
695561,141.521,146.114,424,372300,0.233677,0.21,1,114509,114085,424
698481,29.9042,29.2228,426,373760,0.246735,0.21,1,114511,114085,426
701401,7.58084,5.84455,428,375220,0.249347,0.21,1,114513,114085,428
704321,3.11617,1.16891,430,376680,0.249869,0.21,1,114515,114085,430
706581,4.62323,0.233782,435,378140,0.233974,0.13,1,114520,114085,435
709501,3.32465,4.84676,432,379600,0.182795,0.13,1,114523,114091,432
711361,1.46493,0.969351,433,381060,0.156559,0.03,1,114524,114091,433
714281,113.893,122.594,422,382520,0.215312,0.03,1,114666,114244,422
717201,24.3786,24.5188,424,383980,0.195062,0.03,1,114668,114244,424
720121,6.47572,4.90375,426,385440,0.159012,0.03,1,114670,114244,426
723041,2.89514,0.980751,428,386900,0.119802,0.03,1,114672,114244,428
725961,2.17903,0.19615,430,388360,0.0799605,0.03,1,114674,114244,430
728421,3.63581,0.03923,434,389820,0.0159921,0.16,1,114678,114244,434
731341,2.32716,10.4078,423,391280,0.00319842,0.16,1,114680,114257,423
734261,2.06543,2.08157,425,392740,0.000639684,0.16,1,114682,114257,425
737181,2.01309,0.416314,427,394200,0.000127937,0.16,1,114684,114257,427
740101,2.00262,0.0832628,429,395660,2.55874e-05,0.16,1,114686,114257,429
742561,2.00052,0.0166526,431,397120,0.128005,0.12,1,114688,114257,431
745481,2.0001,1.60333,431,398580,0.121601,0.12,1,114690,114259,431
747141,1.20002,0.320666,432,400040,0.10432,0.02,1,114691,114259,432
750061,1.84,4.06413,429,401500,0.068864,0.02,1,114693,114264,429
752981,1.968,0.812827,431,402960,0.0297728,0.02,1,114695,114264,431
755461,1.9936,0.162565,433,404420,0.00595456,0.15,1,114697,114264,433
758381,1.99872,7.23251,426,405880,0.145191,0.15,1,114699,114273,426
761301,1.99974,1.4465,428,407340,0.141038,0.15,1,114701,114273,428
764221,1.99995,0.2893,430,408800,0.108208,0.15,1,114703,114273,430
767141,1.99999,0.0578601,432,410260,0.189642,0.15,1,114705,114273,432
770021,2,0.011572,434,411720,0.173928,0.06,1,114707,114273,434
772941,2,8.00231,426,413180,0.130786,0.06,1,114709,114283,426
775861,2,1.60046,428,414640,0.0901571,0.06,1,114711,114283,428
778781,2,0.320093,430,416100,0.0500314,0.06,1,114713,114283,430
780421,2.8,0.0640185,433,417560,0.154006,0.21,1,114716,114283,433
783341,2.16,8.0128,425,419020,0.142801,0.21,1,114718,114293,425
786261,2.032,1.60256,427,420480,0.18056,0.21,1,114720,114293,427
789181,2.0064,0.320512,429,421940,0.156112,0.21,1,114722,114293,429
792101,2.00128,0.0641024,431,423400,0.119222,0.21,1,114724,114293,431
794981,5.20026,0.0128205,437,424860,0.183844,0.06,1,114730,114293,437
797901,2.64005,8.00256,429,426320,0.164769,0.06,1,114732,114303,429
800181,3.72801,1.60051,433,427780,0.0969538,0.14,1,114736,114303,433
803101,2.3456,7.5201,426,429240,0.0833907,0.14,1,114738,114312,426
806021,2.06912,1.50402,428,430700,0.0886782,0.14,1,114740,114312,428
808941,2.01382,0.300804,430,432160,0.145736,0.14,1,114742,114312,430
811621,5.20276,0.0601608,436,433620,0.0931471,0.21,1,114748,114312,436
814541,2.64055,8.01203,428,435080,0.170629,0.21,1,114750,114322,428
817461,2.12811,1.60241,430,436540,0.218126,0.21,1,114752,114322,430
819941,12.4256,0.320481,445,438000,0.139625,0.24,1,114767,114322,445
822861,4.88512,13.6641,431,439460,0.219925,0.24,1,114770,114339,431
825141,140.177,2.73282,605,440920,0.291985,0.23,1,114944,114339,605
828061,29.6354,145.347,426,442380,0.306397,0.23,1,114946,114520,426
830981,7.52708,29.0693,428,443840,0.309279,0.23,1,114948,114520,428
833901,3.10542,5.81386,430,445300,0.325856,0.23,1,114950,114520,430
836581,6.22108,1.16277,437,446760,0.281171,0.09,1,114957,114520,437
839501,3.64422,5.83255,433,448220,0.224234,0.09,1,114960,114527,433
842401,2.32884,1.16651,435,449680,0.180847,0.03,1,114962,114527,435
845321,109.266,119.433,422,451140,0.332169,0.03,1,115098,114676,422
848241,23.4532,23.8867,424,452600,0.330434,0.03,1,115100,114676,424
851161,6.29063,4.77733,426,454060,0.298087,0.03,1,115102,114676,426
854081,2.85813,0.955466,428,455520,0.259617,0.03,1,115104,114676,428
856961,2.17163,0.191093,430,456980,0.219923,0.16,1,115106,114676,430
859881,3.63433,9.63822,422,458440,0.147985,0.16,1,115110,114688,422
862801,2.32686,1.92764,424,459900,0.101597,0.16,1,115112,114688,424
865721,2.06537,0.385529,426,461360,0.0603194,0.16,1,115114,114688,426
868641,2.01307,0.0771057,428,462820,0.108064,0.16,1,115116,114688,428
870481,1.20261,0.0154211,429,464280,0.101613,0.04,1,115117,114688,429
873401,1.84052,4.80308,425,465740,0.0683226,0.04,1,115119,114694,425
876321,1.9681,0.960617,427,467200,0.0296645,0.04,1,115121,114694,427
879241,1.99362,0.192123,429,468660,0.0059329,0.04,1,115123,114694,429
880881,1.19872,0.0384247,430,470120,0.00118658,0.21,1,115124,114694,430
883801,2.63974,8.80769,422,471580,0.000237316,0.21,1,115127,114705,422
886721,2.12795,1.76154,424,473040,4.74632e-05,0.21,1,115129,114705,424
889641,2.02559,0.352307,426,474500,9.49264e-06,0.21,1,115131,114705,426
892561,2.00512,0.0704615,428,475960,0.208002,0.21,1,115133,114705,428
894401,1.20102,0.0140923,429,477420,0.2336,0.12,1,115134,114705,429
897321,1.8402,3.20282,427,478880,0.20672,0.12,1,115136,114709,427
900241,1.96804,0.640564,429,480340,0.169344,0.12,1,115138,114709,429
902101,2.79361,0.128113,432,481800,0.233869,0.21,1,115141,114709,432
905021,2.15872,8.02562,424,483260,0.214774,0.21,1,115143,114719,424
907941,2.03174,1.60512,426,484720,0.178955,0.21,1,115145,114719,426
910861,2.00635,0.321025,428,486180,0.147791,0.21,1,115147,114719,428
913781,2.00127,0.064205,430,487640,0.109558,0.21,1,115149,114719,430
915621,5.20025,0.012841,436,489100,0.213912,0.2,1,115155,114719,436
918541,2.64005,8.80257,427,490560,0.202782,0.2,1,115157,114730,427
921461,2.12801,1.76051,429,492020,0.168556,0.2,1,115159,114730,429
923941,3.6256,0.352103,433,493480,0.281711,0.12,1,115163,114730,433
926861,2.32512,7.27042,426,494940,0.304342,0.12,1,115165,114739,426
929781,2.06502,1.45408,428,496400,0.276868,0.12,1,115167,114739,428
932701,2.013,0.290817,430,497860,0.247374,0.12,1,115169,114739,430
935381,2.8026,0.0581634,433,499320,0.193475,0.18,1,115172,114739,433
937041,1.36052,1.61163,432,500780,0.198695,0.08,1,115173,114741,432
939121,5.0721,5.92233,431,502240,0.183739,0.2,1,115179,114748,431
942041,7.41442,9.98447,428,503700,0.284748,0.2,1,115187,114759,428
944961,3.08288,1.99689,430,505160,0.28095,0.2,1,115189,114759,430
947881,2.21658,0.399379,432,506620,0.28019,0.2,1,115191,114759,432
949941,8.44332,0.0798757,442,508080,0.208038,0.24,1,115201,114759,442
952021,12.8887,8.81598,445,509540,0.233608,0.2,1,115215,114770,445
953681,3.37773,12.9632,432,511000,0.222722,0.33,1,115216,114784,432
956601,133.476,136.993,430,512460,0.308544,0.33,1,115382,114952,430
959521,28.2951,27.3985,432,513920,0.325709,0.33,1,115384,114952,432
962441,7.25902,5.47971,434,515380,0.329142,0.33,1,115386,114952,434
964081,2.2518,1.09594,435,516840,0.313828,0.32,1,115387,114952,435
967001,10.0504,11.4192,433,518300,0.214766,0.32,1,115399,114966,433
969921,4.41007,2.28384,436,519760,0.298953,0.32,1,115402,114966,436
972841,2.48201,0.456767,438,521220,0.315791,0.32,1,115404,114966,438
974901,98.8964,0.0913535,561,522680,0.343158,0.25,1,115527,114966,561
977821,21.3793,110.418,425,524140,0.348632,0.25,1,115529,115104,425
980741,5.87586,22.0837,427,525600,0.349726,0.25,1,115531,115104,427
983221,9.97517,4.41673,438,527060,0.269945,0.02,1,115542,115104,438
986141,3.59503,14.4833,423,528520,0.221989,0.02,1,115544,115121,423
989061,2.31901,2.89667,425,529980,0.180398,0.02,1,115546,115121,425
991981,2.0638,0.579334,427,531440,0.22808,0.02,1,115548,115121,427
994901,2.01276,0.115867,429,532900,0.205616,0.02,1,115550,115121,429
997821,2.00255,0.0231733,431,534360,0.169123,0.02,1,115552,115121,431
1000741,2.00051,0.00463467,433,535820,0.129825,0.02,1,115554,115121,433
1003601,2.0001,0.000926934,435,537280,0.0899649,0,1,115556,115121,435
1006521,2.00002,5.60019,430,538740,0.049993,0,1,115558,115128,430
1009441,2,1.12004,432,540200,0.0099986,0,1,115560,115128,432
1012361,2,0.224007,434,541660,0.0979997,0,1,115562,115128,434
1014001,1.2,0.0448015,435,543120,0.0995999,0.25,1,115563,115128,435
1016921,3.44,10.409,426,544580,0.03592,0.25,1,115567,115141,426
1019841,2.288,2.08179,428,546040,0.135184,0.25,1,115569,115141,428
1022761,2.0576,0.416358,430,547500,0.123037,0.25,1,115571,115141,430
1025681,2.01152,0.0832717,432,548960,0.0886074,0.25,1,115573,115141,432
1028601,2.0023,0.0166543,434,550420,0.0817215,0.25,1,115575,115141,434
1030641,2.00046,0.00333087,436,551880,0.168344,0.31,1,115577,115141,436
1033561,3.60009,8.80067,429,553340,0.129669,0.31,1,115581,115152,429
1036481,2.32002,1.76013,431,554800,0.0899338,0.31,1,115583,115152,431
1039401,2.064,0.352027,433,556260,0.0499868,0.31,1,115585,115152,433
1042321,2.0128,0.0704053,435,557720,0.153997,0.31,1,115587,115152,435
1044161,1.20256,0.0140811,436,559180,0.158799,0.31,1,115588,115152,436
1047081,5.04051,8.80282,431,560640,0.0957599,0.31,1,115594,115163,431
1050001,2.6081,1.76056,433,562100,0.051152,0.31,1,115596,115163,433
1052481,2.12162,0.352113,435,563560,0.13823,0.27,1,115598,115163,435
1055401,3.62432,9.67042,427,565020,0.155646,0.27,1,115602,115175,427
1058321,2.32486,1.93408,429,566480,0.183129,0.27,1,115604,115175,429
1061241,2.06497,0.386817,431,567940,0.148626,0.27,1,115606,115175,431
1064161,2.01299,0.0773634,433,569400,0.109725,0.27,1,115608,115175,433
1067081,2.0026,0.0154727,435,570860,0.069945,0.27,1,115610,115175,435
1069541,8.40052,0.00309453,445,572320,0.109989,0.31,1,115620,115175,445
1071621,4.8801,8.00062,439,573780,0.0859978,0.3,1,115624,115185,439
1074541,2.57602,8.80012,432,575240,0.0731996,0.3,1,115626,115194,432
1077461,2.1152,1.76002,434,576700,0.0706399,0.3,1,115628,115194,434
1079941,10.823,0.352005,447,578160,0.062128,0.29,1,115641,115194,447
1082021,17.3646,11.2704,452,579620,0.148426,0.24,1,115660,115208,452
1084721,5.07292,17.4541,435,581080,0.165685,0.31,1,115662,115227,435
1087641,129.015,134.691,431,582540,0.281137,0.31,1,115822,115391,431
1090561,27.4029,26.9382,433,584000,0.304227,0.31,1,115824,115391,433
1093481,7.08058,5.38763,435,585460,0.308845,0.31,1,115826,115391,435
1095121,2.21612,1.07753,436,586920,0.293769,0.34,1,115827,115391,436
1097201,8.44322,8.21551,436,588380,0.194754,0.34,1,115837,115401,436
1100121,4.88864,6.4431,434,589840,0.142951,0.34,1,115841,115407,434
1103041,2.57773,1.28862,436,591300,0.13259,0.34,1,115843,115407,436
1104901,98.1155,0.257724,558,592760,0.290518,0.37,1,115965,115407,558
1107821,21.2231,103.252,431,594220,0.338104,0.37,1,115967,115536,431
1110741,5.84462,20.6503,433,595680,0.347621,0.37,1,115969,115536,433
1113221,2.76892,4.13006,435,597140,0.349524,0.2,1,115971,115536,435
1116141,2.15378,12.026,423,598600,0.349905,0.2,1,115973,115550,423
1119061,2.03076,2.4052,425,600060,0.349981,0.2,1,115975,115550,425
1121981,2.00615,0.48104,427,601520,0.317996,0.2,1,115977,115550,427
1123621,2.00123,0.0962081,429,602980,0.279599,0.04,1,115979,115550,429
1126541,2.00025,6.41924,423,604440,0.23992,0.04,1,115981,115558,423
1129461,2.00005,1.28385,425,605900,0.199984,0.04,1,115983,115558,425
1132381,2.00001,0.25677,427,607360,0.159997,0.04,1,115985,115558,427
1134641,2,0.0513539,429,608820,0.119999,0.06,1,115987,115558,429
1137561,3.6,5.61027,426,610280,0.232,0.06,1,115991,115565,426
1140481,2.32,1.12205,428,611740,0.2224,0.06,1,115993,115565,428
1143401,2.064,0.224411,430,613200,0.18848,0.06,1,115995,115565,430
1145041,1.2128,0.0448822,431,614660,0.165696,0.21,1,115996,115565,431
1147961,1.84256,8.80898,422,616120,0.129139,0.21,1,115998,115576,422
1150881,1.96851,1.7618,424,617580,0.289828,0.21,1,116000,115576,424
1153801,1.9937,0.352359,426,619040,0.289966,0.21,1,116002,115576,426
1156721,1.99874,0.0704718,428,620500,0.257993,0.21,1,116004,115576,428
1159601,1.99975,0.0140944,430,621960,0.283599,0.21,1,116006,115576,430
1162521,3.59995,8.00282,424,623420,0.22472,0.21,1,116010,115586,424
1165441,2.31999,1.60056,426,624880,0.180944,0.21,1,116012,115586,426
1168361,2.064,0.320113,428,626340,0.140189,0.21,1,116014,115586,428
1170001,1.2128,0.0640225,429,627800,0.116038,0.1,1,116015,115586,429
1172921,5.04256,5.6128,428,629260,0.239208,0.1,1,116021,115593,428
1175201,2.60851,1.12256,430,630720,0.239842,0.14,1,116023,115593,430
1178121,4.5217,10.6245,422,632180,0.279968,0.14,1,116028,115606,422
1181041,2.50434,2.1249,424,633640,0.287994,0.14,1,116030,115606,424
1183961,2.10087,0.42498,426,635100,0.257599,0.14,1,116032,115606,426
1186881,2.02017,0.0849961,428,636560,0.22752,0.14,1,116034,115606,428
1188721,1.20403,0.0169992,429,638020,0.237504,0.14,1,116035,115606,429
1191641,8.24081,10.4034,426,639480,0.295501,0.14,1,116045,115619,426
1194561,3.24816,2.08068,428,640940,0.2751,0.14,1,116047,115619,428
1197481,2.24963,0.416136,430,642400,0.27102,0.14,1,116049,115619,430
1199541,2.04993,0.0832272,432,643860,0.270204,0.1,1,116051,115619,432
1201621,4.40999,1.61665,435,645320,0.302041,0.21,1,116056,115621,435
1204541,3.282,8.32333,428,646780,0.260408,0.21,1,116059,115631,428
1207461,2.2564,1.66467,430,648240,0.228082,0.21,1,116061,115631,430
1209941,17.2513,0.332933,451,649700,0.317616,0.2,1,116082,115631,451
1212021,16.2503,16.8666,446,651160,0.311523,0.22,1,116098,115652,446
1214941,5.65005,16.9733,432,652620,0.294305,0.22,1,116101,115669,432
1217221,129.13,3.39466,592,654080,0.322861,0.25,1,116261,115669,592
1220141,28.226,131.879,431,655540,0.344572,0.25,1,116264,115833,431
1223061,7.2452,26.3758,433,657000,0.348914,0.25,1,116266,115833,433
1225981,3.04904,5.27516,435,658460,0.349783,0.25,1,116268,115833,435
1227621,4.60981,1.05503,440,659920,0.301957,0.15,1,116273,115833,440
1230321,2.52196,7.41101,433,661380,0.292391,0.27,1,116275,115842,433
1233241,12.5044,11.8822,435,662840,0.346478,0.27,1,116290,115855,435
1234901,92.9009,2.37644,548,664300,0.397296,0.31,1,116403,115855,548
1237821,20.1802,98.0753,428,665760,0.407459,0.31,1,116405,115977,428
1240741,5.63603,19.6151,430,667220,0.409492,0.31,1,116407,115977,430
1243661,2.72721,3.92301,432,668680,0.409898,0.31,1,116409,115977,432
1246581,2.14544,0.784602,434,670140,0.40998,0.31,1,116411,115977,434
1249501,2.02909,0.15692,436,671600,0.409996,0.31,1,116413,115977,436
1251541,3.60582,0.0313841,440,673060,0.345999,0.3,1,116417,115977,440
1254461,2.32116,9.60628,430,674520,0.3012,0.3,1,116419,115989,430
1257381,2.06423,1.92126,432,675980,0.26024,0.3,1,116421,115989,432
1260301,2.01285,0.384251,434,677440,0.220048,0.3,1,116423,115989,434
1263221,2.00257,0.0768502,436,678900,0.18001,0.3,1,116425,115989,436
1265681,2.00051,0.01537,438,680360,0.356002,0.18,1,116427,115989,438
1268601,2.0001,4.80307,434,681820,0.3592,0.18,1,116429,115995,434
1270881,2.00002,0.960615,436,683280,0.32784,0.31,1,116431,115995,436
1273801,2,8.19212,428,684740,0.289568,0.31,1,116433,116005,428
1276721,2,1.63842,430,686200,0.249914,0.31,1,116435,116005,430
1279641,2,0.327685,432,687660,0.209983,0.31,1,116437,116005,432
1282561,2,0.065537,434,689120,0.169997,0.31,1,116439,116005,434
1285481,2,0.0131074,436,690580,0.129999,0.31,1,116441,116005,436
1287521,2,0.00262148,438,692040,0.29,0.15,1,116443,116005,438
1290441,3.6,6.40052,434,693500,0.266,0.15,1,116447,116013,434
1293361,2.32,1.2801,436,694960,0.3172,0.15,1,116449,116013,436
1295841,2.064,0.256021,438,696420,0.29544,0.29,1,116451,116013,438
1298761,6.8128,12.0512,431,697880,0.315088,0.29,1,116459,116028,431
1301681,2.96256,2.41024,433,699340,0.295018,0.29,1,116461,116028,433
1304601,2.19251,0.482048,435,700800,0.259004,0.29,1,116463,116028,435
1306241,1.2385,0.0964096,436,702260,0.267801,0.22,1,116464,116028,436
1309161,1.8477,4.81928,432,703720,0.26956,0.22,1,116466,116034,432
1312081,1.96954,0.963856,434,705180,0.285912,0.22,1,116468,116034,434
1314561,1.99391,0.192771,436,706640,0.345182,0.33,1,116470,116034,436
1317481,6.79878,8.03855,434,708100,0.285036,0.33,1,116478,116044,434
1319761,2.95976,1.60771,436,709560,0.241007,0.33,1,116480,116044,436
1322681,5.39195,9.12154,431,711020,0.384201,0.33,1,116486,116055,431
1325601,2.67839,1.82431,433,712480,0.38084,0.33,1,116488,116055,433
1328521,2.13568,0.364862,435,713940,0.356168,0.33,1,116490,116055,435
1330161,1.22714,0.0729723,436,715400,0.335234,0.18,1,116491,116055,436
1333081,3.44543,6.41459,432,716860,0.339047,0.18,1,116495,116063,432
1336001,2.28909,1.28292,434,718320,0.307809,0.18,1,116497,116063,434
1338481,2.05782,0.256584,436,719780,0.269562,0.31,1,116499,116063,436
1340561,27.6116,26.4513,437,721240,0.357912,0.33,1,116533,116096,437
1343481,10.3223,10.8903,436,722700,0.375582,0.33,1,116539,116103,436
1345761,3.66446,2.17805,438,724160,0.379116,0.35,1,116541,116103,438
1348681,128.733,132.436,433,725620,0.419823,0.35,1,116701,116268,433
1351601,27.3466,26.4871,435,727080,0.427965,0.35,1,116703,116268,435
1354081,7.06932,5.29742,437,728540,0.461593,0.35,1,116705,116268,437
1356161,4.61386,2.65948,439,730000,0.468319,0.25,1,116709,116270,439
1359081,5.72277,6.1319,438,731460,0.373664,0.25,1,116715,116277,438
1361361,2.74455,1.22638,440,732920,0.410733,0.34,1,116717,116277,440
1363441,21.3489,21.8453,439,734380,0.442147,0.37,1,116743,116304,439
1366361,85.8698,93.1691,430,735840,0.416429,0.37,1,116845,116415,430
1369281,18.774,18.6338,432,737300,0.459286,0.37,1,116847,116415,432
1372201,5.35479,3.72676,434,738760,0.467857,0.37,1,116849,116415,434
1375121,2.67096,0.745352,436,740220,0.437571,0.37,1,116851,116415,436
1378041,2.13419,0.14907,438,741680,0.431514,0.37,1,116853,116415,438
1380081,2.02684,0.0298141,440,743140,0.430303,0.32,1,116855,116415,440
1383001,3.60537,12.806,428,744600,0.366061,0.32,1,116859,116431,428
1385921,2.32107,2.56119,430,746060,0.321212,0.32,1,116861,116431,430
1388841,2.06421,0.512238,432,747520,0.280242,0.32,1,116863,116431,432
1391761,2.01284,0.102448,434,748980,0.240048,0.32,1,116865,116431,434
1394681,2.00257,0.0204895,436,750440,0.20001,0.32,1,116867,116431,436
1397601,2.00051,0.00409791,438,751900,0.392002,0.32,1,116869,116431,438
1400261,2.0001,0.000819581,440,753360,0.3984,0.2,1,116871,116431,440
1403181,2.00002,4.80016,436,754820,0.36768,0.2,1,116873,116437,436
1406101,2,0.960033,438,756280,0.329536,0.2,1,116875,116437,438
1408581,2.8,0.192007,441,757740,0.281907,0.29,1,116878,116437,441
1411501,2.96,6.4384,436,759200,0.216381,0.29,1,116881,116445,436
1414421,2.192,1.28768,438,760660,0.355276,0.29,1,116883,116445,438
1417341,2.0384,0.257536,440,762120,0.351055,0.29,1,116885,116445,440
1420021,6.80768,0.0515072,448,763580,0.382211,0.32,1,116893,116445,448
1422941,2.96154,11.2103,436,765040,0.356442,0.32,1,116895,116459,436
1425861,2.19231,2.24206,438,766500,0.319288,0.32,1,116897,116459,438
1428341,2.03846,0.448412,440,767960,0.311858,0.27,1,116899,116459,440
1431261,2.00769,2.48968,439,769420,0.310372,0.27,1,116901,116462,439
1433541,2.80154,0.497936,442,770880,0.302074,0.33,1,116904,116462,442
1436461,2.96031,7.29959,436,772340,0.372415,0.33,1,116907,116471,436
1439381,2.19206,1.45992,438,773800,0.354483,0.33,1,116909,116471,438
1442301,2.03841,0.291983,440,775260,0.318897,0.33,1,116911,116471,440
1445221,2.00768,0.0583967,442,776720,0.279779,0.33,1,116913,116471,442
1447061,7.60154,0.0116793,451,778180,0.319956,0.35,1,116922,116471,451
1449981,3.12031,15.2023,434,779640,0.295991,0.35,1,116924,116490,434
1452901,2.22406,3.04047,436,781100,0.291198,0.35,1,116926,116490,436
1455821,2.04481,0.608093,438,782560,0.29824,0.35,1,116928,116490,438
1457461,2.80896,0.121619,441,784020,0.435648,0.37,1,116931,116490,441
1460381,2.16179,3.22432,439,785480,0.43113,0.37,1,116933,116494,439
1462661,10.8324,0.644865,452,786940,0.406226,0.31,1,116946,116494,452
1465581,4.56647,13.729,438,788400,0.433245,0.31,1,116949,116511,438
1468501,2.51329,2.74579,440,789860,0.438649,0.31,1,116951,116511,440
1470981,25.3027,0.549159,471,791320,0.42373,0.35,1,116982,116511,471
1473901,7.46053,28.9098,438,792780,0.436746,0.35,1,116985,116547,438
1476801,3.09211,5.78197,440,794240,0.447349,0.49,1,116987,116547,440
1479721,126.218,128.356,438,795700,0.44947,0.49,1,117144,116706,438
1482641,26.8437,25.6713,440,797160,0.449894,0.49,1,117146,116706,440
1485121,6.96874,5.13426,442,798620,0.449979,0.42,1,117148,116706,442
1488041,7.79375,9.82685,439,800080,0.385996,0.42,1,117156,116717,439
1490741,7.95875,1.96537,447,801540,0.341199,0.42,1,117164,116717,447
1492401,3.19175,5.19307,443,803000,0.38824,0.46,1,117166,116723,443
1494481,25.4384,26.6386,442,804460,0.445648,0.39,1,117197,116755,442
1497401,79.4877,86.9277,433,805920,0.51313,0.39,1,117290,116857,433
1500321,18.2975,17.3855,436,807380,0.542626,0.39,1,117293,116857,436
1503241,5.25951,3.47711,438,808840,0.548525,0.39,1,117295,116857,438
1506161,2.6519,0.695422,440,810300,0.549705,0.39,1,117297,116857,440
1509081,2.13038,0.139084,442,811760,0.517941,0.39,1,117299,116857,442
1511121,2.02608,0.0278169,444,813220,0.511588,0.4,1,117301,116857,444
1514041,2.00522,11.2056,432,814680,0.478318,0.4,1,117303,116871,432
1516961,2.00104,2.24111,434,816140,0.439664,0.4,1,117305,116871,434
1519881,2.00021,0.448222,436,817600,0.455933,0.4,1,117307,116871,436
1522801,2.00004,0.0896445,438,819060,0.427187,0.4,1,117309,116871,438
1525721,2.00001,0.0179289,440,820520,0.461437,0.4,1,117311,116871,440
1527761,2,0.00358578,442,821980,0.436287,0.2,1,117313,116871,442
1530681,3.6,8.00072,436,823440,0.367258,0.2,1,117317,116881,436
1533601,2.32,1.60014,438,824900,0.441451,0.2,1,117319,116881,438
1536521,2.064,0.320029,440,826360,0.42429,0.2,1,117321,116881,440
1539201,2.0128,0.0640057,442,827820,0.388858,0.35,1,117323,116881,442
1542121,6.80256,11.2128,436,829280,0.413772,0.35,1,117331,116895,436
1545041,2.96051,2.24256,438,830740,0.386754,0.35,1,117333,116895,438
1547961,2.1921,0.448512,440,832200,0.373351,0.35,1,117335,116895,440
1550641,2.03842,0.0897024,442,833660,0.37067,0.39,1,117337,116895,442
1553561,3.60768,9.61794,434,835120,0.338134,0.39,1,117341,116907,434
1556481,2.32154,1.92359,436,836580,0.291627,0.39,1,117343,116907,436
1559401,2.06431,0.384718,438,838040,0.402325,0.39,1,117345,116907,438
1562321,2.01286,0.0769435,440,839500,0.392465,0.39,1,117347,116907,440
1564161,1.20257,0.0153887,441,840960,0.374493,0.37,1,117348,116907,441
1567081,8.24051,10.4031,438,842420,0.354899,0.37,1,117358,116920,438
1570001,3.2481,2.08062,440,843880,0.47098,0.37,1,117360,116920,440
1572921,2.24962,0.416123,442,845340,0.494196,0.37,1,117362,116920,442
1575601,2.04992,0.0832246,444,846800,0.498839,0.47,1,117364,116920,444
1578521,3.60998,8.81665,437,848260,0.467768,0.47,1,117368,116931,437
1581441,2.322,1.76333,439,849720,0.485554,0.47,1,117370,116931,439
1584361,2.0644,0.352666,441,851180,0.449111,0.47,1,117372,116931,441
1586001,1.21288,0.0705331,442,852640,0.425822,0.33,1,117373,116931,442
1588921,5.04258,5.61411,441,854100,0.469164,0.33,1,117379,116938,441
1591201,2.60852,1.12282,443,855560,0.445833,0.44,1,117381,116938,443
1594121,8.5217,12.2246,438,857020,0.457167,0.44,1,117391,116953,438
1597041,3.30434,2.44491,440,858480,0.459433,0.44,1,117393,116953,440
1599521,2.26087,0.488983,442,859940,0.467887,0.47,1,117395,116953,442
1602441,26.0522,28.0978,439,861400,0.525577,0.47,1,117427,116988,439
1605361,6.81043,5.61956,441,862860,0.537115,0.47,1,117429,116988,441
1607841,2.96209,1.12391,443,864320,0.539423,0.39,1,117431,116988,443
1610761,129.392,133.825,437,865780,0.531885,0.39,1,117592,117155,437
1613681,27.4785,26.765,439,867240,0.530377,0.39,1,117594,117155,439
1616161,7.0957,5.35299,441,868700,0.530075,0.33,1,117596,117155,441
1618241,4.61914,3.4706,442,870160,0.530015,0.42,1,117600,117158,442
1621161,5.72383,6.29412,441,871620,0.466003,0.42,1,117606,117165,441
1622821,11.5448,1.25882,454,873080,0.493201,0.44,1,117619,117165,454
1624901,27.109,9.05176,474,874540,0.52264,0.52,1,117650,117176,474
1626981,75.0218,25.0104,532,876000,0.576528,0.55,1,117737,117205,532
1629901,16.6044,77.0021,444,877460,0.587306,0.55,1,117739,117295,444
1632181,4.92087,15.4004,446,878920,0.589461,0.51,1,117741,117295,446
1635101,2.58417,6.28008,444,880380,0.589892,0.51,1,117743,117299,444
1636961,1.31683,1.25602,445,881840,0.605978,0.46,1,117744,117299,445
1639881,1.86337,6.6512,439,883300,0.609196,0.46,1,117746,117307,439
1642801,1.97267,1.33024,441,884760,0.577839,0.46,1,117748,117307,441
1645721,1.99453,0.266048,443,886220,0.539568,0.46,1,117750,117307,443
1647361,1.19891,0.0532096,444,887680,0.515914,0.35,1,117751,117307,444
1650281,3.43978,8.01064,438,889140,0.447183,0.35,1,117755,117317,438
1653201,2.28796,1.60213,440,890600,0.537437,0.35,1,117757,117317,440
1656121,2.05759,0.320426,442,892060,0.523487,0.35,1,117759,117317,442
1658801,2.01152,0.0640851,444,893520,0.544697,0.38,1,117761,117317,444
1661721,6.8023,12.8128,436,894980,0.452939,0.38,1,117769,117333,436
1664641,2.96046,2.56256,438,896440,0.402588,0.38,1,117771,117333,438
1667561,2.19209,0.512513,440,897900,0.544518,0.38,1,117773,117333,440
1670481,2.03842,0.102503,442,899360,0.628904,0.38,1,117775,117333,442
1672321,1.20768,0.0205005,443,900820,0.629781,0.37,1,117776,117333,443
1675241,3.44154,4.8041,441,902280,0.597956,0.37,1,117780,117339,441
1678161,2.28831,0.96082,443,903740,0.559591,0.37,1,117782,117339,443
1681081,2.05766,0.192164,445,905200,0.575918,0.37,1,117784,117339,445
1683141,2.01153,0.0384328,447,906660,0.555184,0.52,1,117786,117339,447
1686061,2.00231,8.00769,439,908120,0.519037,0.52,1,117788,117349,439
1688981,2.00046,1.60154,441,909580,0.487807,0.52,1,117790,117349,441
1691901,2.00009,0.320307,443,911040,0.497561,0.52,1,117792,117349,443
1694821,2.00002,0.0640615,445,912500,0.587512,0.52,1,117794,117349,445
1696661,7.6,0.0128123,454,913960,0.613502,0.52,1,117803,117349,454
1698741,4.72,8.00256,448,915420,0.6107,0.47,1,117807,117359,448
1701661,2.544,8.00051,442,916880,0.60214,0.47,1,117809,117367,442
1704581,2.1088,1.6001,444,918340,0.640428,0.47,1,117811,117367,444
1706641,2.02176,0.32002,446,919800,0.648086,0.5,1,117813,117367,446
1709561,5.20435,8.864,441,921260,0.633617,0.5,1,117819,117378,441
1712481,2.64087,1.7728,443,922720,0.598723,0.5,1,117821,117378,443
1715401,2.12817,0.35456,445,924180,0.559745,0.5,1,117823,117378,445
1717041,1.22563,0.070912,446,925640,0.527949,0.46,1,117824,117378,446
1719961,8.24513,10.4142,443,927100,0.51359,0.46,1,117834,117391,443
1722241,3.24903,2.08284,445,928560,0.518718,0.49,1,117836,117391,445
1725161,3.84981,4.41657,444,930020,0.639744,0.49,1,117840,117396,444
1728081,2.36996,0.883313,446,931480,0.655949,0.49,1,117842,117396,446
1730561,2.07399,0.176663,448,932940,0.62719,0.53,1,117844,117396,448
1733481,27.6148,32.0353,442,934400,0.653438,0.53,1,117878,117436,442
1736401,7.12296,6.40707,444,935860,0.658688,0.53,1,117880,117436,444
1738881,3.02459,1.28141,446,937320,0.659737,0.45,1,117882,117436,446
1741801,131.805,136.256,440,938780,0.667948,0.45,1,118046,117606,440
1744721,27.961,27.2513,442,940240,0.66959,0.45,1,118048,117606,442
1747641,7.1922,5.45025,444,941700,0.669918,0.45,1,118050,117606,444
1749281,2.23844,1.09005,445,943160,0.685984,0.39,1,118051,117606,445
1751361,8.44769,7.41801,446,944620,0.593197,0.55,1,118061,117615,446
1753441,11.2895,10.2836,447,946080,0.630639,0.56,1,118073,117626,447
1755521,26.2579,25.2567,448,947540,0.662128,0.63,1,118103,117655,448
1758441,73.2516,77.0513,443,949000,0.716426,0.63,1,118188,117745,443
1761361,16.2503,15.4103,445,950460,0.727285,0.63,1,118190,117745,445
1764281,4.85006,3.08205,447,951920,0.697457,0.63,1,118192,117745,447
1767201,2.57001,0.616411,449,953380,0.691491,0.63,1,118194,117745,449
1769461,2.114,0.123282,451,954840,0.722298,0.55,1,118196,117745,451
1772381,2.0228,3.22466,449,956300,0.69646,0.55,1,118198,117749,449
1774661,3.60456,0.644931,453,957760,0.627292,0.55,1,118202,117749,453
1777581,2.32091,9.72899,443,959220,0.669458,0.55,1,118204,117761,443
1780501,2.06418,1.9458,445,960680,0.645892,0.55,1,118206,117761,445
1783421,2.01284,0.389159,447,962140,0.649178,0.55,1,118208,117761,447
1786341,2.00257,0.0778319,449,963600,0.617836,0.55,1,118210,117761,449
1788181,3.60051,0.0155664,453,965060,0.635567,0.53,1,118214,117761,453
1789841,3.1201,2.40311,453,966520,0.647113,0.6,1,118217,117764,453
1792761,3.82402,6.88062,449,967980,0.585423,0.6,1,118221,117772,449
1795041,2.3648,1.37612,451,969440,0.573085,0.55,1,118223,117772,451
1797961,4.47296,8.27522,446,970900,0.674617,0.55,1,118228,117782,446
1800881,2.49459,1.65504,448,972360,0.694923,0.55,1,118230,117782,448
1803801,2.09892,0.331009,450,973820,0.666985,0.55,1,118232,117782,450
1805441,1.21978,0.0662018,451,975280,0.645397,0.56,1,118233,117782,451
1808361,1.84396,2.41324,450,976740,0.681079,0.56,1,118235,117785,450
1811281,1.96879,0.482648,452,978200,0.688216,0.56,1,118237,117785,452
1813141,1.19376,0.0965296,453,979660,0.673643,0.52,1,118238,117785,453
1816061,1.83875,4.81931,449,981120,0.670729,0.52,1,118240,117791,449
1818981,1.96775,0.963861,451,982580,0.630146,0.52,1,118242,117791,451
1821461,1.99355,0.192772,453,984040,0.590029,0.61,1,118244,117791,453
1823541,5.19871,2.43855,456,985500,0.494006,0.6,1,118250,117794,456
1825201,1.83974,4.48771,452,986960,0.634801,0.62,1,118251,117799,452
1828121,6.76795,8.09754,451,988420,0.59896,0.62,1,118259,117808,451
1830821,6.15359,1.61951,457,989880,0.687792,0.65,1,118265,117808,457
1833741,2.83072,8.3239,449,991340,0.705558,0.65,1,118267,117818,449
1836661,2.16614,1.66478,451,992800,0.677112,0.65,1,118269,117818,451
1839141,4.43323,0.332956,456,994260,0.631422,0.54,1,118274,117818,456
1842061,3.28665,7.26659,450,995720,0.614284,0.54,1,118277,117827,450
1844981,2.25733,1.45332,452,997180,0.578857,0.54,1,118279,117827,452
1847901,2.05147,0.290664,454,998640,0.627771,0.54,1,118281,117827,454
1849541,10.0103,0.0581327,466,1000100,0.573554,0.56,1,118293,117827,466
1852461,4.40206,17.6116,447,1001560,0.578711,0.56,1,118296,117849,447
1855381,2.48041,3.52233,449,1003020,0.579742,0.56,1,118298,117849,449
1858301,2.09608,0.704465,451,1004480,0.579948,0.56,1,118300,117849,451
1861221,2.01922,0.140893,453,1005940,0.67599,0.56,1,118302,117849,453
1863061,22.0038,0.0281786,480,1007400,0.711198,0.66,1,118329,117849,480
1865141,10.8008,24.8056,457,1008860,0.72624,0.62,1,118337,117880,457
1868061,3.76015,11.3611,451,1010320,0.729248,0.62,1,118339,117888,451
1869921,1.55203,2.27223,452,1011780,0.71385,0.69,1,118340,117888,452
1872841,130.71,132.454,450,1013240,0.79077,0.69,2,118503,118053,450
1875761,27.7421,26.4909,452,1014700,0.806154,0.69,2,118505,118053,452
1878681,7.14842,5.29818,454,1016160,0.809231,0.69,2,118507,118053,454
1880321,2.22968,1.05964,455,1017620,0.793846,0.72,2,118508,118053,455
1882401,10.0459,9.81193,455,1019080,0.750769,0.65,2,118520,118065,455
1884481,16.4092,17.1624,454,1020540,0.758154,0.69,2,118538,118084,454
1886561,22.4818,21.0325,456,1022000,0.767631,0.71,2,118562,118106,456
1889481,70.0964,73.8065,451,1023460,0.801526,0.71,2,118644,118193,451
1892401,15.6193,14.7613,453,1024920,0.808305,0.71,2,118646,118193,453
1894881,4.72385,2.95226,455,1026380,0.777661,0.73,2,118648,118193,455
1897801,2.54477,2.99045,454,1027840,0.771532,0.73,2,118650,118196,454
1899461,2.90895,0.59809,457,1029300,0.786306,0.61,2,118653,118196,457
1902381,2.18179,4.91962,453,1030760,0.757261,0.61,2,118655,118202,453
1904661,2.03636,0.983924,455,1032220,0.719452,0.64,1,118657,118202,455
1907581,2.00727,3.39678,453,1033680,0.67989,0.64,1,118659,118206,453
1909861,6.00145,0.679357,460,1035140,0.711978,0.65,1,118666,118206,460
1912781,3.60029,8.93587,452,1036600,0.670396,0.65,1,118669,118217,452
1915701,2.32006,1.78717,454,1038060,0.630079,0.65,1,118671,118217,454
1918621,2.06401,0.357435,456,1039520,0.622016,0.65,1,118673,118217,456
1920261,2.8128,0.071487,459,1040980,0.724403,0.59,1,118676,118217,459
1923181,2.16256,5.6143,454,1042440,0.712881,0.59,1,118678,118224,454
1926081,2.03251,1.12286,456,1043900,0.710576,0.72,1,118680,118224,456
1928161,3.6065,4.22457,455,1045360,0.646115,0.67,1,118684,118229,455
1931081,2.3213,9.64491,446,1046820,0.633223,0.67,1,118686,118240,446
1934001,2.06426,1.92898,448,1048280,0.718645,0.67,1,118688,118240,448
1936921,2.01285,0.385797,450,1049740,0.703729,0.67,1,118690,118240,450
1939841,2.00257,0.0771593,452,1051200,0.700746,0.67,1,118692,118240,452
1942761,2.00051,0.0154319,454,1052660,0.668149,0.67,1,118694,118240,454
1945221,6.8001,0.00308637,462,1054120,0.64563,0.63,1,118702,118240,462
1948141,2.96002,10.4006,451,1055580,0.609126,0.63,1,118704,118253,451
1951061,2.192,2.08012,453,1057040,0.569825,0.63,1,118706,118253,453
1953981,2.0384,0.416025,455,1058500,0.713965,0.63,1,118708,118253,455
1956241,2.00768,0.0832049,457,1059960,0.742793,0.67,1,118710,118253,457
1959161,8.40154,12.8166,451,1061420,0.636559,0.67,1,118720,118269,451
1962081,3.28031,2.56333,453,1062880,0.615312,0.67,1,118722,118269,453
1964561,2.25606,0.512666,455,1064340,0.603062,0.65,1,118724,118269,455
1967481,3.65121,4.90253,453,1065800,0.688612,0.65,1,118728,118275,453
1969761,2.33024,0.980507,455,1067260,0.705723,0.62,1,118730,118275,455
1972681,10.066,12.1961,452,1068720,0.685144,0.62,1,118742,118290,452
1975601,3.61321,2.43922,454,1070180,0.681029,0.62,1,118744,118290,454
1978081,2.32264,0.487844,456,1071640,0.688206,0.6,1,118746,118290,456
1981001,5.26453,5.69757,455,1073100,0.697641,0.6,1,118752,118297,455
1983281,2.65291,1.13951,457,1074560,0.667528,0.68,1,118754,118297,457
1986201,3.73058,6.6279,453,1076020,0.605506,0.68,1,118758,118305,453
1989121,2.34612,1.32558,455,1077480,0.673101,0.68,1,118760,118305,455
1991601,2.06922,0.265116,457,1078940,0.68662,0.71,1,118762,118305,457
1994521,29.2138,31.253,454,1080400,0.737324,0.71,1,118798,118344,454
1997441,7.44277,6.2506,456,1081860,0.747465,0.71,1,118800,118344,456
2000361,3.08855,1.25012,458,1083320,0.749493,0.71,1,118802,118344,458
2002421,128.618,0.250024,618,1084780,0.765899,0.79,2,118962,118344,618
2005341,27.3235,131.25,456,1086240,0.76918,0.79,2,118964,118508,456
2008261,7.06471,26.25,458,1087700,0.769836,0.79,2,118966,118508,458
2010741,3.81294,5.25,461,1089160,0.785967,0.79,2,118969,118508,461
2012821,10.3626,2.65,471,1090620,0.749193,0.81,1,118981,118510,471
2014901,18.8725,10.13,480,1092080,0.741839,0.78,1,119002,118522,480
2016981,26.1745,18.826,487,1093540,0.764368,0.73,2,119030,118543,487
2019061,63.6349,26.9652,531,1095000,0.816874,0.79,2,119103,118572,531
2021981,14.327,68.593,454,1096460,0.827375,0.79,2,119105,118651,454
2024901,4.4654,13.7186,456,1097920,0.829475,0.79,2,119107,118651,456
2027821,2.49308,2.74372,458,1099380,0.829895,0.79,2,119109,118651,458
2029461,5.29862,0.548744,464,1100840,0.797979,0.76,2,119115,118651,464
2032381,3.45972,10.5097,454,1102300,0.799596,0.76,2,119118,118664,454
2035301,2.29194,2.10195,456,1103760,0.767919,0.76,2,119120,118664,456
2038221,2.05839,0.42039,458,1105220,0.761584,0.76,2,119122,118664,458
2039861,4.41168,0.084078,463,1106680,0.712317,0.75,1,119127,118664,463
2042781,2.48234,9.61682,453,1108140,0.774463,0.75,2,119129,118676,453
2045701,2.09647,1.92336,455,1109600,0.754893,0.75,2,119131,118676,455
2048621,2.01929,0.384673,457,1111060,0.718979,0.75,1,119133,118676,457
2050261,2.80386,0.0769345,460,1112520,0.783796,0.65,2,119136,118676,460
2053181,2.16077,7.21539,453,1113980,0.796759,0.65,2,119138,118685,453
2056101,2.03215,1.44308,455,1115440,0.767352,0.65,2,119140,118685,455
2059021,2.00643,0.288615,457,1116900,0.72947,0.65,1,119142,118685,457
2060661,2.00129,0.0577231,459,1118360,0.689894,0.77,1,119144,118685,459
2063581,2.80026,8.81154,451,1119820,0.785979,0.77,2,119147,118696,451
2066501,2.16005,1.76231,453,1121280,0.773196,0.77,2,119149,118696,453
2069421,2.03201,0.352462,455,1122740,0.794639,0.77,2,119151,118696,455
2072341,2.0064,0.0704923,457,1124200,0.766928,0.77,2,119153,118696,457
2075221,5.20128,0.0140985,463,1125660,0.705386,0.62,1,119159,118696,463
2077301,6.64026,5.60282,463,1127120,0.733077,0.71,1,119166,118703,463
2080221,3.72805,10.7206,454,1128580,0.810615,0.71,2,119169,118715,454
2083141,2.34561,2.14411,456,1130040,0.802123,0.71,2,119171,118715,456
2086061,2.06912,0.428823,458,1131500,0.800425,0.71,2,119173,118715,458
2088741,3.61382,0.0857645,462,1132960,0.768085,0.63,2,119177,118715,462
2091661,2.32276,6.41715,456,1134420,0.769617,0.63,2,119179,118723,456
2093941,3.66455,1.28343,460,1135880,0.793923,0.69,2,119183,118723,460
2096861,2.33291,6.65669,454,1137340,0.766785,0.69,2,119185,118731,454
2099781,2.06658,1.33134,456,1138800,0.761357,0.69,2,119187,118731,456
2102261,10.8133,0.266267,469,1140260,0.760271,0.73,2,119200,118731,469
2105181,4.56266,13.6533,455,1141720,0.744054,0.73,1,119203,118748,455
2108101,2.51253,2.73065,457,1143180,0.732811,0.73,1,119205,118748,457
2110581,5.30251,0.54613,463,1144640,0.802562,0.69,2,119211,118748,463
2113501,2.6605,11.3092,451,1146100,0.792512,0.69,2,119213,118762,451
2116421,2.1321,2.26185,453,1147560,0.758502,0.69,2,119215,118762,453
2119341,2.02642,0.452369,455,1149020,0.7197,0.69,1,119217,118762,455
2120981,7.60528,0.0904738,464,1150480,0.72794,0.57,1,119226,118762,464
2122641,2.32106,7.2181,456,1151940,0.713588,0.77,1,119227,118771,456
2125561,25.2642,28.6436,453,1153400,0.830718,0.77,2,119258,118805,453
2128481,6.65284,5.72872,455,1154860,0.854144,0.77,2,119260,118805,455
2130961,2.93057,1.14574,457,1156320,0.866829,0.81,2,119262,118805,457
2133881,128.586,130.629,454,1157780,0.853366,0.81,2,119422,118968,454
2136801,27.3172,26.1258,456,1159240,0.850673,0.81,2,119424,118968,456
2139281,7.06344,5.22517,458,1160700,0.850135,0.67,2,119426,118968,458
2141361,9.41269,8.24503,459,1162160,0.786027,0.75,2,119436,118977,459
2143441,11.4825,10.449,460,1163620,0.829205,0.74,2,119448,118988,460
2145521,21.4965,21.2898,460,1165080,0.853841,0.84,2,119472,119012,460
2147601,26.6993,25.058,462,1166540,0.866768,0.83,2,119500,119038,462
2150521,58.1399,60.2116,459,1168000,0.909354,0.83,2,119566,119107,459
2152801,13.228,12.0423,461,1169460,0.917871,0.8,2,119568,119107,461
2167381,2,0,461,1176760,0.92,0.74,2,119586,119125,461
2169861,5.2,0,467,1178220,0.912,0.8,2,119592,119125,467
2172781,2.64,8.8,458,1179680,0.8784,0.8,2,119594,119136,458
2175701,2.128,1.76,460,1181140,0.83968,0.8,2,119596,119136,460
2178621,2.0256,0.352,462,1182600,0.799936,0.8,2,119598,119136,462
2180261,1.20512,0.0704,463,1184060,0.911987,0.76,2,119599,119136,463
2183181,1.84102,3.21408,461,1185520,0.902397,0.76,2,119601,119140,461
2185461,3.5682,0.642816,465,1186980,0.86848,0.82,2,119605,119140,465
2188381,2.31364,8.12856,457,1188440,0.885696,0.82,2,119607,119150,457
2191301,2.06273,1.62571,459,1189900,0.857139,0.82,2,119609,119150,459
2194221,2.01255,0.325142,461,1191360,0.819428,0.82,2,119611,119150,461
2197141,2.00251,0.0650285,463,1192820,0.851886,0.82,2,119613,119150,463
2198981,3.6005,0.0130057,467,1194280,0.826377,0.7,2,119617,119150,467
2201901,3.1201,6.4026,462,1195740,0.773275,0.7,2,119620,119158,462
2204181,7.02402,1.28052,470,1197200,0.786655,0.8,2,119628,119158,470
2207101,3.0048,10.6561,459,1198660,0.789331,0.8,2,119630,119171,459
2210021,2.20096,2.13122,461,1200120,0.757866,0.8,2,119632,119171,461
2212501,3.64019,0.426244,465,1201580,0.887573,0.76,2,119636,119171,465
2215421,2.32804,4.88525,461,1203040,0.905515,0.76,2,119638,119177,461
2217701,3.66561,0.97705,465,1204500,0.885103,0.76,2,119642,119177,465
2220621,2.33312,6.59541,459,1205960,0.841021,0.76,2,119644,119185,459
2223541,2.06662,1.31908,461,1207420,0.832204,0.76,2,119646,119185,461
2226021,9.21333,0.263816,472,1208880,0.790441,0.78,2,119657,119185,472
2228941,4.24266,9.65276,463,1210340,0.894088,0.78,2,119660,119197,463
2230801,1.64853,1.93055,464,1211800,0.930818,0.84,2,119661,119197,464
2233721,5.12971,9.18611,459,1213260,0.906164,0.84,2,119667,119208,459
2236641,2.62594,1.83722,461,1214720,0.909233,0.84,2,119669,119208,461
2239121,2.12519,0.367444,463,1216180,0.877847,0.86,2,119671,119208,463
2242041,5.22504,8.87349,458,1217640,0.839569,0.86,2,119677,119219,458
2244961,2.64501,1.7747,460,1219100,0.903914,0.86,2,119679,119219,460
2247881,2.129,0.35494,462,1220560,0.884783,0.86,2,119681,119219,462
2249521,1.2258,0.0709879,463,1222020,0.856957,0.85,2,119682,119219,463
2252441,14.6452,13.6142,464,1223480,0.947391,0.85,2,119700,119236,464
2255141,23.729,2.72284,490,1224940,0.933478,0.81,2,119726,119236,490
2258061,6.34581,26.9446,459,1226400,0.938696,0.81,2,119728,119269,459
2260981,2.86916,5.38891,461,1227860,0.939739,0.81,2,119730,119269,461
2301321,4,8,465,1251220,1,0.83,2,120061,119596,465
2303601,2.4,1.6,467,1252680,0.984,0.9,2,120063,119596,467
2306521,2.08,4.32,464,1254140,0.9328,0.9,2,120065,119601,464
2309441,2.016,0.864,466,1255600,0.90656,0.9,2,120067,119601,466
2312341,3.6032,0.1728,470,1257060,0.981312,0.81,2,120071,119601,470
2315261,2.32064,8.03456,462,1258520,0.996262,0.81,2,120073,119611,462
2318181,2.06413,1.60691,464,1259980,0.975252,0.81,2,120075,119611,464
2321101,2.01283,0.321382,466,1261440,0.93905,0.81,2,120077,119611,466
2353341,2,0,468,1278960,0.94,0.91,2,120116,119648,468
2356021,11.6,0,482,1280420,0.932,0.92,2,120130,119648,482
2358941,3.92,16,464,1281880,0.9304,0.92,2,120132,119668,464
2361861,2.384,3.2,466,1283340,0.98608,0.92,2,120134,119668,466
2442561,2,0,467,1328600,0.86,0.99,2,120547,120080,467
2445481,2,0,469,1330060,0.804,0.99,2,120549,120080,469
2448401,2,0,471,1331520,0.8088,0.99,2,120551,120080,471
2451281,3.6,0,475,1332980,0.96176,0.88,2,120555,120080,475
2454201,3.92,5.6,472,1334440,0.960352,0.88,2,120559,120087,472
2868321,341,398,422,12280,0,0,1,122505,122083,422
2871241,132.2,105.2,470,61914,0.112,0,1,122585,122115,470
2874161,300.04,333.04,422,61948,0.0224,0,1,122927,122505,422
2877081,61.608,66.608,424,61982,0.00448,0,1,122929,122505,424
2880001,13.9216,13.3216,426,62016,0.024896,0,1,122931,122505,426
2882921,4.38432,2.66432,428,62050,0.0049792,0,1,122933,122505,428
2885841,2.47686,0.532864,430,62084,0.00099584,0,1,122935,122505,430
2888761,2.09537,0.106573,432,62118,0.000199168,0,1,122937,122505,432
2891681,2.01907,0.0213146,434,62152,0.00803983,0,1,122939,122505,434
2894601,2.00381,0.00426291,436,62186,0.00960797,0,1,122941,122505,436
2897521,2.00076,0.000852582,438,62220,0.00992159,0,1,122943,122505,438
2900441,2.00015,0.000170516,440,62254,0.00998432,0,1,122945,122505,440
2903361,2.00003,3.41033e-05,442,62288,0.00999686,0,1,122947,122505,442
2906281,2.00001,6.82065e-06,444,62322,0.00999937,0,1,122949,122505,444
2909201,2,1.36413e-06,446,62356,0.00999987,0,1,122951,122505,446
2912121,2,2.72826e-07,448,62390,0.00999997,0,1,122953,122505,448
2915041,2,5.45652e-08,450,62424,0.01,0,1,122955,122505,450
2917961,2,1.0913e-08,452,62458,0.01,0,1,122957,122505,452
2920881,2,2.18261e-09,454,62492,0.01,0,1,122959,122505,454
2923801,2,4.36522e-10,456,62526,0.01,0,1,122961,122505,456
2926721,2,8.73043e-11,458,62560,0.01,0,1,122963,122505,458
2929641,2,1.74609e-11,460,62594,0.01,0.14,1,122965,122505,460
2932561,34,64,422,62628,0.106,0,1,123007,122585,422
2935481,280.4,286.4,422,62662,0.1732,0,1,123349,122927,422
2938401,57.68,58.88,422,62696,0.15464,0.03,1,123351,122929,422
2941321,13.136,13.376,422,62729,0.150928,0,1,123353,122931,422
2944241,4.2272,4.2752,422,62762,0.118186,0,1,123355,122933,422
2947161,2.44544,2.45504,422,62795,0.0956371,0,1,123357,122935,422
2950081,2.08909,2.09101,422,62828,0.0591274,0.01,1,123359,122937,422
2953001,2.01782,2.0182,422,62861,0.0518255,0.01,1,123361,122939,422
2955921,2.00356,2.00364,422,62894,0.0503651,0.01,1,123363,122941,422
2958841,2.00071,2.00073,422,62927,0.050073,0.01,1,123365,122943,422
2961761,2.00014,2.00015,422,62960,0.0660146,0.01,1,123367,122945,422
2964681,2.00003,2.00003,422,62993,0.0692029,0.01,1,123369,122947,422
2967601,2.00001,2.00001,422,63026,0.0698406,0.01,1,123371,122949,422
2970521,2,2,422,63059,0.0699681,0.01,1,123373,122951,422
2973441,2,2,422,63092,0.0699936,0.01,1,123375,122953,422
2976361,2,2,422,63125,0.0699987,0.01,1,123377,122955,422
2979281,2,2,422,63158,0.0699997,0.01,1,123379,122957,422
2982201,2,2,422,63191,0.0699999,0.01,1,123381,122959,422
2985121,2,2,422,63224,0.07,0.01,1,123383,122961,422
2988041,2,2,422,63257,0.07,0.01,1,123385,122963,422
2990961,2,2,422,63290,0.07,0.13,1,123387,122965,422
2993881,38,34,427,63323,0.03,0.19,1,123434,123007,427
2996801,278.8,280.4,424,63356,0.182,0.15,1,123773,123349,424
2999721,57.36,57.68,424,63389,0.2124,0.15,1,123775,123351,424
3002641,13.072,13.136,424,63422,0.22648,0.11,1,123777,123353,424
3005561,4.2144,4.2272,424,63455,0.229296,0.11,1,123779,123355,424
3008481,2.44288,0.84544,426,63488,0.229859,0.09,1,123781,123355,426
3011401,2.08858,1.76909,426,63521,0.197972,0.05,1,123783,123357,426
3014321,2.01772,1.95382,426,63554,0.191594,0.05,1,123785,123359,426
3017241,2.00354,1.99076,426,63587,0.190319,0.05,1,123787,123361,426
3020161,2.00071,1.99815,426,63620,0.190064,0.05,1,123789,123363,426
3023081,2.00014,1.99963,426,63653,0.190013,0.07,1,123791,123365,426
3026001,2.00003,1.99993,426,63686,0.190003,0.07,1,123793,123367,426
3028921,2.00001,1.99999,426,63719,0.19,0.07,1,123795,123369,426
3031841,2,2,426,63752,0.19,0.07,1,123797,123371,426
3034761,2,2,426,63785,0.19,0.07,1,123799,123373,426
3037681,2,2,426,63818,0.19,0.07,1,123801,123375,426
3040601,2,2,426,63851,0.19,0.07,1,123803,123377,426
3043521,2,2,426,63884,0.19,0.07,1,123805,123379,426
3046441,2,2,426,63917,0.19,0.07,1,123807,123381,426
3049361,2,2,426,63950,0.19,0.07,1,123809,123383,426
3052281,2,2,426,63983,0.19,0.07,1,123811,123385,426
3055201,36.4,2,469,64016,0.046,0.02,1,123856,123387,469
3056661,168.88,38,624,64049,0.0572,0.22,1,124058,123434,624
3059581,150.576,278.8,431,64082,0.05144,0.22,1,124204,123773,431
3062501,31.7152,57.36,431,64115,0.122288,0.23,1,124206,123775,431
3065421,7.94304,13.072,431,64148,0.136458,0.23,1,124208,123777,431
3068341,3.18861,4.2144,431,64181,0.139292,0.23,1,124210,123779,431
3071261,2.23772,2.44288,431,64214,0.131858,0.19,1,124212,123781,431
3074181,2.04754,2.08858,431,64247,0.0983717,0.19,1,124214,123783,431
3077101,2.00951,2.01772,431,64280,0.0916743,0.19,1,124216,123785,431
3080021,2.0019,2.00354,431,64313,0.0903349,0.19,1,124218,123787,431
3082941,2.00038,2.00071,431,64346,0.090067,0.19,1,124220,123789,431
3085861,2.00008,2.00014,431,64379,0.0900134,0.19,1,124222,123791,431
3088781,2.00002,2.00003,431,64412,0.106003,0.19,1,124224,123793,431
3091701,2,2.00001,431,64445,0.109201,0.19,1,124226,123795,431
3094621,2,2,431,64478,0.10984,0.19,1,124228,123797,431
3097541,2,2,431,64511,0.109968,0.19,1,124230,123799,431
3100461,2,2,431,64544,0.109994,0.19,1,124232,123801,431
3103381,2,2,431,64577,0.109999,0.19,1,124234,123803,431
3106301,2,2,431,64610,0.11,0.19,1,124236,123805,431
3109221,2,2,431,64642,0.11,0.19,1,124238,123807,431
3112141,2,2,431,64674,0.11,0.19,1,124240,123809,431
3115061,2,2,431,64706,0.11,0.01,1,124242,123811,431
3117981,33.2,36.4,427,64738,0.11,0.06,1,124283,123856,427
3120901,283.44,168.88,571,64770,0.182,0.05,1,124629,124058,571
3123821,58.288,150.576,427,64802,0.1644,0.14,1,124631,124204,427
3126741,13.2576,31.7152,427,64834,0.15288,0.14,1,124633,124206,427
3129661,4.25152,7.94304,427,64866,0.206576,0.14,1,124635,124208,427
3132581,2.4503,3.18861,427,64898,0.217315,0.13,1,124637,124210,427
3135501,2.09006,2.23772,427,64930,0.219463,0.09,1,124639,124212,427
3138421,2.01801,2.04754,427,64962,0.219893,0.09,1,124641,124214,427
3141341,2.0036,2.00951,427,64994,0.219979,0.09,1,124643,124216,427
3144261,2.00072,2.0019,427,65026,0.219996,0.09,1,124645,124218,427
3147181,2.00014,2.00038,427,65058,0.227999,0.09,1,124647,124220,427
3150101,2.00003,2.00008,427,65090,0.2296,0.11,1,124649,124222,427
3153021,2.00001,2.00002,427,65122,0.22992,0.11,1,124651,124224,427
3155941,2,2,427,65154,0.229984,0.11,1,124653,124226,427
3158861,2,2,427,65186,0.229997,0.11,1,124655,124228,427
3161781,2,2,427,65218,0.229999,0.11,1,124657,124230,427
3164701,2,2,427,65250,0.23,0.11,1,124659,124232,427
3167621,2,2,427,65282,0.23,0.11,1,124661,124234,427
3170541,2,2,427,65314,0.23,0.11,1,124663,124236,427
3173461,2,2,427,65346,0.23,0.11,1,124665,124238,427
3176381,2,2,427,65378,0.23,0.11,1,124667,124240,427
3179301,2,2,427,65410,0.23,0.11,1,124669,124242,427
3182221,33.2,33.2,427,65442,0.246,0.2,1,124710,124283,427
3185141,288.24,283.44,433,65474,0.2572,0.16,1,125062,124629,433
3188061,59.248,58.288,433,65506,0.25944,0.15,1,125064,124631,433
3190981,13.4496,13.2576,433,65538,0.227888,0.22,1,125066,124633,433
3193901,4.28992,4.25152,433,65570,0.181578,0.22,1,125068,124635,433
3196821,2.45798,2.4503,433,65602,0.172316,0.22,1,125070,124637,433
3199741,2.0916,2.09006,433,65634,0.226463,0.22,1,125072,124639,433
3202661,2.01832,2.01801,433,65666,0.237293,0.22,1,125074,124641,433
3205581,2.00366,2.0036,433,65698,0.239459,0.22,1,125076,124643,433
3208501,2.00073,2.00072,433,65730,0.239892,0.23,1,125078,124645,433
3211421,2.00015,2.00014,433,65762,0.247978,0.23,1,125080,124647,433
3214341,2.00003,2.00003,433,65794,0.249596,0.23,1,125082,124649,433
3217261,2.00001,2.00001,433,65826,0.241919,0.23,1,125084,124651,433
3220181,2,2,433,65858,0.248384,0.23,1,125086,124653,433
3223101,2,2,433,65890,0.265677,0.23,1,125088,124655,433
3226021,2,2,433,65922,0.269135,0.23,1,125090,124657,433
3228941,2,2,433,65954,0.269827,0.23,1,125092,124659,433
3231861,2,2,433,65986,0.269965,0.23,1,125094,124661,433
3234781,2,2,433,66018,0.269993,0.23,1,125096,124663,433
3237701,2,2,433,66050,0.269999,0.23,1,125098,124665,433
3240621,2,2,433,66082,0.27,0.23,1,125100,124667,433
3243541,2,2,433,66114,0.27,0.25,1,125102,124669,433
3246461,27.6,33.2,426,66146,0.286,0.26,1,125136,124710,426
3249381,293.52,288.24,434,66178,0.2012,0.26,1,125496,125062,434
3252301,60.304,59.248,434,66210,0.18424,0.22,1,125498,125064,434
3255221,13.6608,13.4496,434,66242,0.180848,0.17,1,125500,125066,434
3258141,4.33216,4.28992,434,66274,0.15617,0.17,1,125502,125068,434
3261061,2.46643,2.45798,434,66306,0.151234,0.24,1,125504,125070,434
3263981,2.09329,2.0916,434,66338,0.102247,0.24,1,125506,125072,434
3266901,2.01866,2.01832,434,66370,0.0924494,0.24,1,125508,125074,434
3269821,2.00373,2.00366,434,66402,0.14649,0.24,1,125510,125076,434
3272741,2.00075,0.400733,436,66434,0.157298,0.24,1,125512,125076,436
3275661,2.00015,1.68015,436,66466,0.15946,0.25,1,125514,125078,436
3278581,2.00003,1.93603,436,66498,0.159892,0.25,1,125516,125080,436
3281501,2.00001,1.98721,436,66530,0.159978,0.24,1,125518,125082,436
3284421,2,1.99744,436,66562,0.167996,0.25,1,125520,125084,436
3287341,2,1.99949,436,66594,0.169599,0.27,1,125522,125086,436
3290261,2,1.9999,436,66626,0.16992,0.27,1,125524,125088,436
3293181,2,1.99998,436,66657,0.169984,0.27,1,125526,125090,436
3296101,2,2,436,66688,0.169997,0.27,1,125528,125092,436
3299021,2,2,436,66719,0.169999,0.27,1,125530,125094,436
3301941,2,2,436,66750,0.17,0.27,1,125532,125096,436
3304861,2,2,436,66781,0.17,0.27,1,125534,125098,436
3307781,2,2,436,66812,0.17,0.27,1,125536,125100,436
3310701,28.4,2,469,66843,0.154,0.29,1,125571,125102,469
3312161,166.48,27.6,636,66874,0.0548,0.18,1,125772,125136,636
3315081,153.296,293.52,426,66905,0.03496,0.18,1,125922,125496,426
3318001,32.2592,60.304,426,66936,0.150992,0.18,1,125924,125498,426
3320921,11.2518,13.6608,430,66967,0.174198,0.15,1,125930,125500,430
3323841,3.85037,4.33216,430,66998,0.14684,0.15,1,125932,125502,430
3326761,2.37007,2.46643,430,67029,0.157368,0.09,1,125934,125504,430
3329681,2.07401,2.09329,430,67060,0.159474,0.09,1,125936,125506,430
3332601,2.0148,2.01866,430,67091,0.127895,0.16,1,125938,125508,430
3335521,2.00296,2.00373,430,67122,0.0975789,0.16,1,125940,125510,430
3338441,2.00059,2.00075,430,67153,0.0915158,0.16,1,125942,125512,430
3341361,2.00012,2.00015,430,67184,0.146303,0.16,1,125944,125514,430
3344281,2.00002,2.00003,430,67215,0.157261,0.16,1,125946,125516,430
3347201,2,2.00001,430,67246,0.159452,0.17,1,125948,125518,430
3350121,2,2,430,67277,0.15989,0.17,1,125950,125520,430
3353041,2,2,430,67308,0.159978,0.17,1,125952,125522,430
3355961,2,2,430,67339,0.183996,0.17,1,125954,125524,430
3358881,2,2,430,67370,0.188799,0.17,1,125956,125526,430
3361801,2,2,430,67401,0.18976,0.17,1,125958,125528,430
3364721,2,2,430,67432,0.189952,0.17,1,125960,125530,430
3367641,2,2,430,67463,0.18999,0.17,1,125962,125532,430
3370561,2,2,430,67494,0.189998,0.17,1,125964,125534,430
3373481,2,2,430,67525,0.19,0.15,1,125966,125536,430
3376401,27.6,28.4,429,67556,0.238,0.03,1,126000,125571,429
3379321,285.52,166.48,578,67587,0.1916,0.03,1,126350,125772,578
3382241,59.504,153.296,431,67618,0.13432,0.18,1,126353,125922,431
3385161,13.5008,32.2592,431,67649,0.130864,0.18,1,126355,125924,431
3388081,4.30016,11.2518,427,67680,0.250173,0.14,1,126357,125930,427
3391001,5.66003,3.85037,431,67711,0.226035,0.16,1,126363,125932,431
3393921,2.73201,2.37007,431,67742,0.221207,0.16,1,126365,125934,431
3396841,2.1464,2.07401,431,67773,0.220241,0.12,1,126367,125936,431
3399761,2.02928,2.0148,431,67804,0.244048,0.09,1,126369,125938,431
3402681,2.00586,2.00296,431,67835,0.20881,0.09,1,126371,125940,431
3405601,2.00117,2.00059,431,67866,0.169762,0.16,1,126373,125942,431
3408521,2.00023,2.00012,431,67897,0.161952,0.16,1,126375,125944,431
3411441,2.00005,2.00002,431,67928,0.16039,0.16,1,126377,125946,431
3414361,2.00001,2,431,67959,0.216078,0.16,1,126379,125948,431
3417281,2,2,431,67990,0.227216,0.16,1,126381,125950,431
3420201,2,2,431,68021,0.237443,0.19,1,126383,125952,431
3423121,2,2,431,68052,0.239489,0.19,1,126385,125954,431
3426041,2,2,431,68083,0.239898,0.19,1,126387,125956,431
3428961,2,2,431,68114,0.23998,0.19,1,126389,125958,431
3431881,2,2,431,68145,0.239996,0.19,1,126391,125960,431
3434801,2,2,431,68176,0.247999,0.19,1,126393,125962,431
3437721,2,2,431,68207,0.2496,0.19,1,126395,125964,431
3440641,2,2,431,68238,0.24992,0.25,1,126397,125966,431
3443561,28.4,27.6,432,68269,0.265984,0.18,1,126432,126000,432
3446481,286.48,285.52,433,68300,0.213197,0.12,1,126783,126350,433
3449401,58.896,59.504,432,68331,0.202639,0.13,1,126785,126353,432
3452321,13.3792,13.5008,432,68362,0.168528,0.28,1,126787,126355,432
3455241,4.27584,4.30016,432,68393,0.225706,0.22,1,126789,126357,432
3458161,4.05517,5.66003,430,68424,0.229141,0.22,1,126793,126363,430
3461081,2.41103,2.73201,430,68455,0.229828,0.22,1,126795,126365,430
3464001,2.08221,2.1464,430,68486,0.229966,0.25,1,126797,126367,430
3466921,5.21644,2.02928,434,68517,0.205993,0.2,1,126803,126369,434
3469841,2.64329,2.00586,434,68548,0.201199,0.16,1,126805,126371,434
3472761,2.12866,2.00117,434,68579,0.20824,0.16,1,126807,126373,434
3475681,2.02573,2.00023,434,68610,0.209648,0.16,1,126809,126375,434
3478601,2.00515,2.00005,434,68641,0.17793,0.23,1,126811,126377,434
3481521,2.00103,2.00001,434,68672,0.139586,0.23,1,126813,126379,434
3484441,2.00021,2,434,68703,0.203917,0.24,1,126815,126381,434
3487361,2.00004,2,434,68734,0.216783,0.24,1,126817,126383,434
3490281,2.00001,2,434,68765,0.219357,0.24,1,126819,126385,434
3493201,2,2,434,68795,0.243871,0.24,1,126821,126387,434
3496121,2,2,434,68825,0.248774,0.24,1,126823,126389,434
3499041,2,2,434,68855,0.241755,0.25,1,126825,126391,434
3501961,2,2,434,68885,0.248351,0.25,1,126827,126393,434
3504881,2,2,434,68915,0.24967,0.25,1,126829,126395,434
3507801,2,2,434,68945,0.249934,0.27,1,126831,126397,434
3510721,29.2,28.4,435,68975,0.265987,0.2,1,126867,126432,435
3513641,285.84,286.48,434,69005,0.157197,0.2,1,127217,126783,434
3516561,58.768,58.896,434,69035,0.103439,0.16,1,127219,126785,434
3519481,13.3536,13.3792,434,69065,0.0606879,0.24,1,127221,126787,434
3522401,4.27072,4.27584,434,69095,0.140138,0.23,1,127223,126789,434
3525321,2.45414,4.05517,432,69125,0.156028,0.23,1,127225,126793,432
3528241,2.09083,2.41103,432,69155,0.127206,0.23,1,127227,126795,432
3531161,2.01817,2.08221,432,69185,0.121441,0.2,1,127229,126797,432
3534081,3.60363,5.21644,430,69215,0.136288,0.2,1,127233,126803,430
3537001,4.72073,2.64329,433,69245,0.163258,0.21,1,127238,126805,433
3539921,2.54415,2.12866,433,69275,0.168652,0.21,1,127240,126807,433
3542841,2.10883,2.02573,433,69305,0.13773,0.21,1,127242,126809,433
3545761,2.02177,0.405146,435,69335,0.131546,0.17,1,127244,126809,435
3548681,2.00435,1.68103,435,69365,0.0983092,0.13,1,127246,126811,435
3551601,2.00087,1.93621,435,69395,0.0596618,0.22,1,127248,126813,435
3554521,2.00017,1.98724,435,69425,0.0519324,0.22,1,127250,126815,435
3557441,2.00003,1.99745,435,69455,0.138386,0.22,1,127252,126817,435
3560361,2.00001,1.99949,435,69485,0.163677,0.25,1,127254,126819,435
3563281,2,1.9999,435,69515,0.168735,0.25,1,127256,126821,435
3566201,2,1.99998,435,69545,0.161747,0.24,1,127258,126823,435
3569121,2,2,435,69575,0.160349,0.25,1,127260,126825,435
3572041,2,2,435,69605,0.16807,0.25,1,127262,126827,435
3574961,2,2,435,69635,0.169614,0.25,1,127264,126829,435
3577881,30.8,2,471,69665,0.153923,0.27,1,127302,126831,471
3579341,166.96,29.2,636,69695,0.0787846,0.13,1,127503,126867,636
3582261,146.192,285.84,427,69725,0.135757,0.09,1,127644,127217,427
3585181,30.8384,58.768,427,69755,0.115151,0.05,1,127646,127219,427
3588101,9.36768,13.3536,429,69785,0.0470303,0.16,1,127650,127221,429
3591021,3.47354,4.27072,429,69815,0.153406,0.16,1,127652,127223,429
3593941,2.29471,2.45414,429,69845,0.142681,0.12,1,127654,127225,429
3596861,2.05894,2.09083,429,69875,0.140536,0.12,1,127656,127227,429
3599781,2.01179,2.01817,429,69905,0.140107,0.14,1,127658,127229,429
3602701,2.00236,3.60363,427,69935,0.108021,0.17,1,127660,127233,427
3605621,2.00047,4.72073,424,69965,0.0936043,0.17,1,127662,127238,424
3608541,3.60009,2.54415,426,69995,0.114721,0.13,1,127666,127240,426
3611461,5.52002,2.10883,430,70025,0.126944,0.13,1,127672,127242,430
3614381,2.704,2.02177,430,70055,0.129389,0.09,1,127674,127244,430
3617301,2.1408,2.00435,430,70085,0.0978778,0.05,1,127676,127246,430
3620221,2.02816,2.00087,430,70115,0.0915756,0.05,1,127678,127248,430
3623141,2.00563,2.00017,430,70145,0.114315,0.16,1,127680,127250,430
3626061,2.00113,2.00003,430,70175,0.126863,0.17,1,127682,127252,430
3628981,2.00023,2.00001,430,70205,0.129373,0.17,1,127684,127254,430
3631901,2.00005,2,430,70235,0.145875,0.16,1,127686,127256,430
3634821,2.00001,2,430,70265,0.157175,0.16,1,127688,127258,430
3637741,2,2,430,70295,0.151435,0.17,1,127690,127260,430
3640661,2,2,430,70325,0.150287,0.17,1,127692,127262,430
3643581,2,2,430,70355,0.150057,0.15,1,127694,127264,430
3646501,30,30.8,429,70385,0.166011,0.06,1,127731,127302,429
3649421,278,166.96,568,70415,0.145202,0.15,1,128071,127503,568
3652341,57.2,146.192,429,70445,0.11704,0.11,1,128073,127644,429
3655261,13.04,30.8384,429,70475,0.127408,0.03,1,128075,127646,429
3658181,5.008,9.36768,428,70505,0.0814816,0.18,1,128078,127650,428
3661101,3.4016,3.47354,429,70535,0.0242963,0.14,1,128081,127652,429
3664021,2.28032,2.29471,429,70565,0.0128593,0.14,1,128083,127654,429
3666941,2.05606,2.05894,429,70595,0.138572,0.14,1,128085,127656,429
3669861,2.01121,2.01179,429,70625,0.163714,0.1,1,128087,127658,429
3672781,2.00224,2.00236,429,70655,0.160743,0.09,1,128089,127660,429
3675701,2.00045,2.00047,429,70685,0.128149,0.12,1,128091,127662,429
3678621,6.80009,3.60009,433,70715,0.13763,0.13,1,128099,127666,433
3681541,2.96002,5.52002,429,70745,0.139526,0.13,1,128101,127672,429
3684461,2.192,2.704,429,70775,0.147905,0.09,1,128103,127674,429
3687381,2.0384,2.1408,429,70805,0.117581,0.09,1,128105,127676,429
3690301,2.00768,2.02816,429,70835,0.0795162,0.12,1,128107,127678,429
3693221,2.00154,2.00563,429,70865,0.0399032,0.13,1,128109,127680,429
3696141,2.00031,2.00113,429,70895,0.103981,0.13,1,128111,127682,429
3699061,2.00006,2.00023,429,70925,0.116796,0.15,1,128113,127684,429
3701981,2.00001,2.00005,429,70955,0.119359,0.16,1,128115,127686,429
3704901,2,2.00001,429,70985,0.119872,0.15,1,128117,127688,429
3707821,2,2,429,71015,0.127974,0.15,1,128119,127690,429
3710741,2,2,429,71045,0.129595,0.15,1,128121,127692,429
3713661,2,2,429,71075,0.129919,0.17,1,128123,127694,429
3716581,30,30,429,71104,0.161984,0.14,1,128160,127731,429
3719501,272.4,278,422,71133,0.0963968,0.11,1,128493,128071,422
3722421,57.68,57.2,424,71162,0.0992793,0.13,1,128497,128073,424
3725341,17.136,13.04,429,71191,0.163856,0.07,1,128504,128075,429
3728261,5.0272,5.008,428,71220,0.144771,0.01,1,128506,128078,428
3731181,2.60544,3.4016,427,71249,0.140954,0.01,1,128508,128081,427
3734101,3.72109,2.28032,429,71278,0.0841908,0.17,1,128512,128083,429
3737021,2.34422,2.05606,429,71307,0.0248382,0.17,1,128514,128085,429
3739941,2.06884,2.01121,429,71336,0.132968,0.16,1,128516,128087,429
3742861,2.01377,2.00224,429,71365,0.154594,0.12,1,128518,128089,429
3745781,2.00275,2.00045,429,71394,0.158919,0.14,1,128520,128091,429
3748701,2.00055,6.80009,423,71423,0.127784,0.14,1,128522,128099,423
3751621,6.00011,2.96002,428,71452,0.153557,0.15,1,128529,128101,428
3754541,2.80002,2.192,428,71481,0.158711,0.11,1,128531,128103,428
3757461,2.16,2.0384,428,71510,0.167742,0.07,1,128533,128105,428
3760381,2.032,2.00768,428,71539,0.137548,0.03,1,128535,128107,428
3763301,2.0064,2.00154,428,71568,0.0995097,0.12,1,128537,128109,428
3766221,2.00128,2.00031,428,71597,0.0599019,0.12,1,128539,128111,428
3769141,2.00026,2.00006,428,71626,0.0519804,0.12,1,128541,128113,428
3772061,2.00005,2.00001,428,71655,0.0503961,0.12,1,128543,128115,428
3774981,2.00001,2,428,71684,0.106079,0.13,1,128545,128117,428
3777901,2,2,428,71713,0.141216,0.13,1,128547,128119,428
3780821,2,2,428,71742,0.148243,0.13,1,128549,128121,428
3783741,2,2,428,71771,0.141649,0.17,1,128551,128123,428
3786661,31.6,30,430,71800,0.14833,0.08,1,128590,128160,430
3789581,271.92,272.4,429,71829,0.141666,0.1,1,128922,128493,429
3792501,55.984,57.68,427,71858,0.140333,0.18,1,128924,128497,427
3795421,12.7968,17.136,422,71887,0.140067,0.14,1,128926,128504,422
3798341,9.75936,5.0272,429,71916,0.132013,0.14,1,128935,128506,429
3801261,3.55187,2.60544,429,71945,0.130403,0.07,1,128937,128508,429
3804181,2.31037,3.72109,427,71974,0.138081,0.01,1,128939,128512,427
3807101,3.66207,2.34422,429,72003,0.131616,0.16,1,128943,128514,429
3810021,2.33241,2.06884,429,72032,0.0983232,0.16,1,128945,128516,429
3812941,2.06648,2.01377,429,72061,0.0996646,0.16,1,128947,128518,429
3815861,2.0133,2.00275,429,72090,0.0999329,0.12,1,128949,128520,429
3818781,2.00266,2.00055,429,72119,0.107987,0.16,1,128951,128522,429
3821701,2.00053,6.00011,424,72148,0.0775973,0.16,1,128953,128529,424
3824621,2.00011,2.80002,424,72177,0.143519,0.17,1,128955,128531,424
3827541,3.60002,2.16,426,72206,0.156704,0.13,1,128959,128533,426
3830461,3.92,2.032,428,72235,0.159341,0.13,1,128963,128535,428
3833381,2.384,0.4064,430,72264,0.167868,0.09,1,128965,128535,430
3836301,2.0768,1.68128,430,72293,0.169574,0.05,1,128967,128537,430
3839221,2.01536,1.93626,430,72322,0.137915,0.05,1,128969,128539,430
3842141,2.00307,1.98725,430,72351,0.131583,0.05,1,128971,128541,430
3845061,2.00061,1.99745,430,72380,0.0983166,0.12,1,128973,128543,430
3847981,2.00012,1.99949,430,72409,0.0916633,0.15,1,128975,128545,430
3850901,2.00002,1.9999,430,72438,0.0903327,0.15,1,128977,128547,430
3853821,2,1.99998,430,72467,0.146067,0.14,1,128979,128549,430
3856741,31.6,2,467,72496,0.197213,0.15,1,129018,128551,467
3858201,167.12,31.6,629,72525,0.223443,0.14,1,129219,128590,629
3861121,137.424,271.92,427,72554,0.172689,0.14,1,129349,128922,427
3864041,29.0848,55.984,427,72583,0.154538,0.14,1,129351,128924,427
3866961,7.41696,12.7968,427,72612,0.158908,0.13,1,129353,128926,427
3869881,8.68339,9.75936,427,72641,0.239782,0.13,1,129362,128935,427
3872801,3.33668,3.55187,427,72670,0.255956,0.14,1,129364,128937,427
3875721,2.26734,2.31037,427,72699,0.227191,0.13,1,129366,128939,427
3878641,2.05347,3.66207,425,72728,0.189438,0.09,1,129368,128943,425
3881561,6.01069,2.33241,430,72757,0.181888,0.1,1,129375,128945,430
3884481,2.80214,2.06648,430,72786,0.180378,0.1,1,129377,128947,430
3887401,2.16043,2.0133,430,72815,0.180076,0.11,1,129379,128949,430
3890321,2.03209,2.00266,430,72844,0.156015,0.07,1,129381,128951,430
3893241,2.00642,2.00053,430,72873,0.175203,0.16,1,129383,128953,430
3896161,2.00128,2.00011,430,72902,0.147041,0.16,1,129385,128955,430
3899081,2.00026,3.60002,428,72931,0.141408,0.16,1,129387,128959,428
3902001,2.00005,3.92,426,72960,0.140282,0.17,1,129389,128963,426
3904921,2.00001,2.384,426,72989,0.140056,0.17,1,129391,128965,426
3907841,2,2.0768,426,73018,0.148011,0.13,1,129393,128967,426
3910761,5.2,2.01536,430,73047,0.221602,0.13,1,129399,128969,430
3913681,2.64,2.00307,430,73076,0.23632,0.09,1,129401,128971,430
3916601,2.128,2.00061,430,73105,0.255264,0.09,1,129403,128973,430
3919521,2.0256,2.00012,430,73134,0.259053,0.09,1,129405,128975,430
3922441,2.00512,2.00002,430,73163,0.219811,0.16,1,129407,128977,430
3925361,2.00102,2,430,73192,0.179962,0.21,1,129409,128979,430
3928281,33.2002,31.6,432,73221,0.219992,0.23,1,129450,129018,432
3931201,269.84,167.12,560,73250,0.211999,0.16,1,129779,129219,560
3934121,57.168,137.424,434,73279,0.2184,0.15,1,129783,129349,434
3937041,13.0336,29.0848,434,73308,0.21968,0.16,1,129785,129351,434
3939961,7.40672,7.41696,438,73337,0.267936,0.26,1,129791,129353,438
3942881,3.08134,8.68339,431,73366,0.245587,0.26,1,129793,129362,431
3945801,2.21627,3.33668,431,73395,0.241117,0.22,1,129795,129364,431
3948721,2.04325,2.26734,431,73424,0.240223,0.18,1,129797,129366,431
3951641,5.20865,2.05347,435,73453,0.208045,0.18,1,129803,129368,435
3954561,2.64173,6.01069,430,73482,0.201609,0.18,1,129805,129375,430
3957481,2.12835,2.80214,430,73511,0.200322,0.18,1,129807,129377,430
3960401,2.02567,2.16043,430,73539,0.200064,0.15,1,129809,129379,430
3963321,2.00513,2.03209,430,73567,0.224013,0.18,1,129811,129381,430
3966241,5.20103,2.00642,434,73595,0.260803,0.14,1,129817,129383,434
3969161,2.64021,2.00128,434,73623,0.268161,0.14,1,129819,129385,434
3972081,2.12804,2.00026,434,73651,0.269632,0.14,1,129821,129387,434
3975001,2.02561,2.00005,434,73679,0.269926,0.14,1,129823,129389,434
3977921,2.00512,2.00001,434,73707,0.245985,0.15,1,129825,129391,434
3980841,2.00102,2,434,73735,0.217197,0.24,1,129827,129393,434
3983761,2.0002,5.2,430,73763,0.211439,0.24,1,129829,129399,430
3986681,5.20004,2.64,434,73791,0.210288,0.26,1,129835,129401,434
3989601,2.64001,2.128,434,73819,0.266058,0.26,1,129837,129403,434
3992521,2.128,2.0256,434,73847,0.277212,0.21,1,129839,129405,434
3995441,2.0256,2.00512,434,73875,0.279442,0.17,1,129841,129407,434
3998361,2.00512,2.00102,434,73903,0.247888,0.23,1,129843,129409,434
4001281,30.801,33.2002,431,73931,0.345578,0.21,1,129881,129450,431
4004201,272.56,269.84,435,73959,0.413116,0.22,1,130214,129779,435
4007121,56.112,57.168,433,73987,0.426623,0.22,1,130216,129783,433
4010041,12.8224,13.0336,433,74015,0.429325,0.28,1,130218,129785,433
4012961,6.56448,7.40672,432,74043,0.381865,0.24,1,130223,129791,432
4015881,2.9129,3.08134,432,74071,0.404373,0.24,1,130225,129793,432
4018801,2.18258,2.21627,432,74099,0.408875,0.24,1,130227,129795,432
4021721,2.03652,2.04325,432,74127,0.409775,0.2,1,130229,129797,432
4024641,5.2073,5.20865,432,74155,0.361955,0.2,1,130235,129803,432
4027561,4.24146,2.64173,434,74183,0.376391,0.2,1,130239,129805,434
4030481,4.04829,2.12835,436,74211,0.403278,0.2,1,130243,129807,436
4033401,2.40966,2.02567,436,74239,0.376656,0.23,1,130245,129809,436
4036321,2.08193,2.00513,436,74267,0.403331,0.27,1,130247,129811,436
4039241,2.01639,5.20103,432,74295,0.376666,0.27,1,130249,129817,432
4042161,2.00328,2.64021,432,74323,0.371333,0.27,1,130251,129819,432
4045081,2.00066,2.12804,432,74351,0.346267,0.27,1,130253,129821,432
4048001,2.00013,2.02561,432,74379,0.349253,0.24,1,130255,129823,432
4050921,3.60003,2.00512,434,74407,0.405851,0.21,1,130259,129825,434
4053841,3.92001,2.00102,436,74435,0.41717,0.21,1,130263,129827,436
4056761,2.384,2.0002,436,74463,0.419434,0.21,1,130265,129829,436
4059681,2.0768,5.20004,432,74491,0.419887,0.28,1,130267,129835,432
4062601,2.01536,2.64001,432,74519,0.371977,0.28,1,130269,129837,432
4065521,2.00307,2.128,432,74547,0.362395,0.28,1,130271,129839,432
4068441,2.00061,2.0256,432,74575,0.328479,0.24,1,130273,129841,432
4071361,2.00012,2.00512,432,74603,0.337696,0.37,1,130275,129843,432
4074281,36.4,30.801,439,74631,0.451539,0.43,1,130320,129881,439
4077201,275.28,272.56,441,74659,0.650308,0.43,1,130655,130214,441
4080121,56.656,56.112,441,74687,0.690062,0.43,1,130657,130216,441
4083041,12.9312,12.8224,441,74715,0.706012,0.37,1,130659,130218,441
4085961,5.78624,6.56448,440,74743,0.693202,0.41,1,130663,130223,440
4088881,4.35725,2.9129,442,74771,0.71464,0.41,1,130667,130225,442
4091801,2.47145,2.18258,442,74799,0.718928,0.41,1,130669,130227,442
4094721,2.09429,2.03652,442,74827,0.719786,0.35,1,130671,130229,442
4097641,5.21886,5.2073,442,74855,0.647957,0.38,1,130677,130235,442
4100561,2.64377,4.24146,440,74883,0.633591,0.41,1,130679,130239,440
4103481,2.12875,4.04829,438,74911,0.678718,0.37,1,130681,130243,438
4106401,2.02575,2.40966,438,74939,0.687744,0.41,1,130683,130245,438
4109321,5.20515,2.08193,442,74967,0.673549,0.37,1,130689,130247,442
4112241,2.64103,2.01639,442,74995,0.67071,0.37,1,130691,130249,442
4115161,2.12821,2.00328,442,75023,0.678142,0.34,1,130693,130251,442
4118081,2.02564,2.00066,442,75051,0.679628,0.35,1,130695,130253,442
4121001,2.00513,2.00013,442,75079,0.655926,0.42,1,130697,130255,442
4123921,2.00103,3.60003,440,75107,0.611185,0.42,1,130699,130259,440
4126841,2.00021,3.92001,438,75135,0.690237,0.42,1,130701,130263,438
4129761,2.00004,0.784001,440,75163,0.698047,0.42,1,130703,130263,440
4132681,2.00001,1.7568,440,75191,0.699609,0.42,1,130705,130265,440
4135601,2,1.95136,440,75219,0.699922,0.36,1,130707,130267,440
4138521,5.2,1.99027,444,75247,0.699984,0.36,1,130713,130269,444
4141441,2.64,1.99805,444,75275,0.699997,0.32,1,130715,130271,444
4144361,2.128,1.99961,444,75303,0.699999,0.34,1,130717,130273,444
4147281,36.4256,1.99992,487,75331,0.716,0.48,1,130762,130275,487
4148741,168.085,36.4,643,75359,0.8472,0.7,2,130963,130320,643
4151661,154.417,275.28,459,75387,0.85744,0.7,2,131114,130655,459
4154581,32.4834,56.656,459,75415,0.859488,0.71,2,131116,130657,459
4157501,8.09668,12.9312,459,75443,0.827898,0.69,2,131118,130659,459
4160421,3.21934,5.78624,457,75471,0.82958,0.72,2,131120,130663,457
4163341,2.24387,4.35725,455,75499,0.829916,0.72,2,131122,130667,455
4166261,3.64877,2.47145,457,75527,0.837983,0.72,2,131126,130669,457
4169181,3.12975,2.09429,458,75555,0.871597,0.63,2,131129,130671,458
4172101,4.62595,5.21886,457,75583,0.862319,0.63,2,131134,130677,457
4175021,2.52519,2.64377,457,75611,0.828464,0.69,2,131136,130679,457
4177941,2.10504,2.12875,457,75639,0.821693,0.69,2,131138,130681,457
4180861,2.02101,2.02575,457,75667,0.812339,0.67,2,131140,130683,457
4183781,3.6042,5.20515,455,75695,0.810468,0.67,2,131144,130689,455
4186701,4.72084,2.64103,458,75723,0.826093,0.68,2,131149,130691,458
4189621,2.54417,2.12821,458,75751,0.829219,0.68,2,131151,130693,458
4192541,2.10883,2.02564,458,75779,0.837844,0.65,2,131153,130695,458
4195461,2.02177,2.00513,458,75807,0.839569,0.6,2,131155,130697,458
4198381,2.00435,2.00103,458,75835,0.815914,0.71,2,131157,130699,458
4201301,2.00087,2.00021,458,75863,0.835183,0.7,2,131159,130701,458
4204221,2.00017,2.00004,458,75891,0.839037,0.7,2,131161,130703,458
4207141,2.00003,2.00001,458,75919,0.839807,0.7,2,131163,130705,458
4210061,2.00001,2,458,75947,0.839961,0.7,2,131165,130707,458
4212981,2,5.2,454,75975,0.831992,0.7,2,131167,130713,454
4215901,2,2.64,454,76003,0.830398,0.7,2,131169,130715,454
4218821,2,2.128,454,76031,0.83008,0.72,2,131171,130717,454
4221741,40.4,36.4256,459,76059,0.846016,0.88,2,131221,130762,459
4547321,32,27,428,37287,0.03,0.03,1,133602,133174,428
4550241,18.4,16.6,429,37344,0.014,0.05,1,133617,133188,429
4553161,18.08,15.32,432,37401,0.0028,0.01,1,133635,133203,432
4554621,170.016,18.264,621,37457,0.02456,0.09,1,133843,133222,621
4557541,69.2032,193.253,428,37513,0.508912,0.05,1,133887,133459,428
4560461,22.6406,48.2506,427,37569,0.525782,0.03,1,133898,133471,427
4563381,15.7281,21.6501,426,37625,0.465156,0.03,1,133912,133486,426
4566301,7.14563,10.73,423,37681,0.437031,0.01,1,133917,133494,423
4569221,4.62913,5.346,423,37737,0.399406,0.03,1,133921,133498,423
4572141,5.72583,5.8692,423,37793,0.391881,0.01,1,133927,133504,423
4575061,12.3452,5.17384,432,37849,0.294376,0.03,1,133941,133509,432
4577981,16.069,13.0348,434,37905,0.226875,0.03,1,133958,133524,434
4580901,29.6138,20.207,445,37961,0.085375,0.03,1,133991,133546,445
4583821,33.1228,48.8414,423,38017,0.025075,0.01,1,134025,133602,423
4586741,17.8246,21.7683,422,38073,0.013015,0,1,134039,133617,422
4589661,17.9649,18.7537,422,38128,0.002603,0.03,1,134057,133635,422
4592581,224.393,170.151,490,38183,0.0405206,0.63,1,134333,133843,490
4595501,51.2786,69.2301,454,38238,0.0481041,0.53,1,134341,133887,454
4598421,18.2557,22.646,453,38293,0.0496208,0.45,1,134351,133898,453
4601341,8.45114,15.7292,445,38348,0.0499242,0.43,1,134357,133912,445
4604261,3.29023,7.14584,442,38403,0.0499848,0.39,1,134359,133917,442
4607181,3.85805,4.62917,442,38458,0.049997,0.39,1,134363,133921,442
4610101,8.77161,5.72583,446,38513,0.0499994,0.27,1,134373,133927,446
4613021,14.5543,12.3452,448,38568,0.0819999,0.21,1,134389,133941,448
4615941,4.51086,16.069,433,38623,0.0964,0.05,1,134391,133958,433
4618861,18.5022,29.6138,422,38678,0.09128,0.01,1,134413,133991,422
4621781,30.9004,33.1228,422,38733,0.042256,0.01,1,134447,134025,422
4624701,18.1801,17.8246,423,38788,0.0084512,0,1,134462,134039,423
4627621,17.236,17.9649,422,38842,0.00169024,0.05,1,134479,134057,422
4630541,225.847,224.393,424,38896,0.056338,0.05,1,134757,134333,424
4633461,51.5694,51.2786,424,38950,0.0832676,0.05,1,134765,134341,424
4636381,18.3139,18.2557,424,39004,0.0566535,0.05,1,134775,134351,424
4639301,8.46278,8.45114,424,39058,0.0513307,0.05,1,134781,134357,424
4642221,3.29256,3.29023,424,39112,0.0502661,0.05,1,134783,134359,424
4645141,3.85851,3.85805,424,39166,0.0500532,0.05,1,134787,134363,424
4648061,8.7717,8.77161,424,39220,0.0500106,0.09,1,134797,134373,424
4650981,16.1543,14.5543,426,39274,0.0500021,0.1,1,134815,134389,426
4653901,4.83087,4.51086,426,39328,0.0500004,0.09,1,134817,134391,426
4656821,16.9662,18.5022,424,39382,0.0500001,0.03,1,134837,134413,424
4659741,28.9932,30.9004,422,39436,0.034,0,1,134869,134447,422
4662661,17.7986,18.1801,422,39490,0.0068,0,1,134884,134462,422
4665581,17.1597,17.236,422,39543,0.02536,0.07,1,134901,134479,422
4668501,227.432,225.847,424,39596,0.013072,0.09,1,135181,134757,424
4671421,51.8864,51.5694,424,39649,0.0266144,0.05,1,135189,134765,424
4674341,18.3773,18.3139,424,39702,0.0293229,0.05,1,135199,134775,424
4677261,8.47546,8.46278,424,39755,0.0618646,0.05,1,135205,134781,424
4680181,3.29509,3.29256,424,39808,0.0683729,0.05,1,135207,134783,424
4683101,3.85902,3.85851,424,39861,0.0696746,0.05,1,135211,134787,424
4686021,8.7718,8.7717,424,39914,0.0539349,0.05,1,135221,134797,424
4688941,16.1544,16.1543,424,39967,0.050787,0.05,1,135239,134815,424
4691861,4.83087,4.83087,424,40020,0.0981574,0.05,1,135241,134817,424
4694781,16.9662,16.9662,424,40073,0.107631,0.05,1,135261,134837,424
4697701,26.5932,3.39323,453,40126,0.0935263,0.03,1,135290,134837,453
4700621,17.3186,26.2786,436,40179,0.0267053,0,1,135305,134869,436
4703541,17.0637,17.2557,438,40232,0.0293411,0.03,1,135322,134884,438
4705001,164.213,17.0511,622,40284,0.0298682,0.01,1,135523,134901,622
4707921,97.6426,227.41,423,40336,0.0619736,0.03,1,135604,135181,423
4710841,25.9285,51.882,423,40388,0.0523947,0.03,1,135612,135189,423
4713761,13.1857,18.3764,423,40440,0.0504789,0.07,1,135622,135199,423
4716681,7.43714,8.47528,423,40492,0.0820958,0.07,1,135628,135205,423
4719601,3.08743,3.29506,423,40544,0.0884192,0.07,1,135630,135207,423
4722521,4.61749,3.85901,424,40596,0.0736838,0.05,1,135635,135211,424
4725441,8.9235,8.7718,424,40648,0.0707368,0.05,1,135645,135221,424
4728361,16.9847,16.1544,425,40700,0.102147,0.11,1,135664,135239,425
4731281,4.99694,4.83087,425,40752,0.108429,0.11,1,135666,135241,425
4734201,16.9994,16.9662,425,40804,0.109686,0.09,1,135686,135261,425
4737121,24.9999,26.5932,423,40856,0.0939372,0.01,1,135713,135290,423
4740041,16.2,17.3186,422,40908,0.0747874,0.03,1,135727,135305,422
4742961,16.84,17.0637,422,40960,0.0389575,0.03,1,135744,135322,422
4745881,229.768,164.213,504,41012,0.0637915,0.07,1,136027,135523,504
4748801,52.3536,97.6426,431,41063,0.0687583,0.05,1,136035,135604,431
4751721,18.4707,25.9285,433,41114,0.0697517,0.05,1,136045,135612,433
4754641,8.49414,13.1857,429,41165,0.0699503,0.09,1,136051,135622,429
4757561,3.29883,7.43714,425,41216,0.0699901,0.09,1,136053,135628,425
4760481,5.45977,3.08743,429,41267,0.069998,0.07,1,136059,135630,429
4763401,9.09195,4.61749,434,41318,0.0699996,0.07,1,136069,135635,434
4766321,17.0184,8.9235,443,41369,0.102,0.11,1,136088,135645,443
4769241,5.00368,16.9847,426,41420,0.1244,0.11,1,136090,135664,426
4772161,17.0007,4.99694,444,41471,0.12888,0.11,1,136110,135666,444
4775081,24.2001,16.9994,450,41522,0.129776,0.09,1,136136,135686,450
4778001,6.44003,24.9999,425,41573,0.129955,0.07,1,136138,135713,425
4780921,10.088,16.2,422,41624,0.145991,0.03,1,136149,135727,422
4783841,15.6176,16.84,422,41675,0.101198,0.07,1,136166,135744,422
4786761,231.924,229.768,425,41726,0.0762396,0.07,1,136452,136027,425
4789681,52.7847,52.3536,425,41777,0.103248,0.07,1,136460,136035,425
4792601,18.5569,18.4707,425,41828,0.0926496,0.07,1,136470,136045,425
4795521,8.51139,8.49414,425,41878,0.0905299,0.07,1,136476,136051,425
4798441,3.30228,3.29883,425,41928,0.090106,0.07,1,136478,136053,425
4801361,5.46046,5.45977,425,41978,0.0900212,0.07,1,136484,136059,425
4804281,11.4921,9.09195,428,42028,0.106004,0.11,1,136497,136069,428
4807201,17.4984,17.0184,428,42078,0.0612008,0.13,1,136516,136088,428
4810121,5.09968,5.00368,428,42128,0.0522402,0.13,1,136518,136090,428
4813041,17.0199,17.0007,428,42178,0.050448,0.13,1,136538,136110,428
4815961,24.204,24.2001,428,42228,0.0980896,0.13,1,136564,136136,428
4818881,6.4408,6.44003,428,42278,0.107618,0.15,1,136566,136138,428
4821801,9.28816,10.088,427,42328,0.109524,0.09,1,136576,136149,427
4824721,11.4576,15.6176,422,42378,0.125905,0.07,1,136588,136166,422
4827641,233.492,231.924,425,42428,0.0331809,0.11,1,136877,136452,425
4830561,53.8983,52.7847,426,42478,0.0306362,0.09,1,136886,136460,426
4833481,18.7797,18.5569,426,42528,0.0141272,0.09,1,136896,136470,426
4836401,8.55593,8.51139,426,42578,0.0428254,0.09,1,136902,136476,426
4839321,3.31119,3.30228,426,42628,0.0485651,0.09,1,136904,136478,426
4842241,5.46224,5.46046,426,42678,0.049713,0.11,1,136910,136484,426
4845161,9.09245,11.4921,423,42727,0.0179426,0.05,1,136920,136497,423
4848081,17.8185,17.4984,424,42776,0.0115885,0.05,1,136940,136516,424
4851001,5.1637,5.09968,424,42825,0.0423177,0.05,1,136942,136518,424
4853921,17.8327,17.0199,425,42874,0.0644635,0.11,1,136963,136538,425
4856841,25.9665,24.204,427,42923,0.116893,0.11,1,136991,136564,427
4859761,6.79331,6.4408,427,42972,0.127379,0.11,1,136993,136566,427
4862681,9.35866,9.28816,427,43021,0.0974757,0.11,1,137003,136576,427
4865601,9.87173,1.85763,437,43070,0.0914951,0.13,1,137013,136576,437
4867061,162.774,9.97153,626,43119,0.042299,0.01,1,137214,136588,626
4869981,100.555,233.194,422,43168,0.0644598,0.03,1,137299,136877,422
4872901,27.311,53.8389,422,43217,0.052892,0.01,1,137308,136886,422
4875821,13.4622,18.7678,422,43266,0.0185784,0.05,1,137318,136896,422
4878741,7.49244,8.55355,422,43315,0.0597157,0.05,1,137324,136902,422
4881661,3.09849,3.31071,422,43364,0.0679431,0.05,1,137326,136904,422
4884581,5.4197,5.46214,422,43413,0.0695886,0.01,1,137332,136910,422
4887501,9.08394,9.09243,422,43462,0.0379177,0.01,1,137342,136920,422
4890421,18.6168,17.8185,423,43511,0.0475835,0.05,1,137363,136940,423
4893341,5.32336,5.1637,423,43559,0.0495167,0.07,1,137365,136942,423
4896261,18.6647,17.8327,424,43607,0.0819033,0.13,1,137387,136963,424
4899181,27.7329,25.9665,426,43655,0.104381,0.13,1,137417,136991,426
4902101,7.14659,6.79331,426,43703,0.108876,0.09,1,137419,136993,426
4905021,9.42932,9.35866,426,43751,0.0777752,0.09,1,137429,137003,426
4907941,9.88586,9.87173,426,43799,0.087555,0.03,1,137439,137013,426
4910861,227.577,162.774,507,43847,0.073511,0.07,1,137721,137214,507
4913781,51.9154,100.555,430,43895,0.0867022,0.05,1,137729,137299,430
4916701,19.1831,27.311,432,43943,0.10534,0.01,1,137740,137308,432
4919621,8.63662,13.4622,428,43991,0.109068,0.07,1,137746,137318,428
4922541,3.32732,7.49244,424,44039,0.109814,0.07,1,137748,137324,424
4925461,5.46546,3.09849,428,44087,0.109963,0.07,1,137754,137326,428
4928381,9.09309,5.4197,432,44135,0.109993,0.03,1,137764,137332,432
4931301,19.4186,9.08394,444,44183,0.125999,0.05,1,137786,137342,444
4934221,5.48372,18.6168,425,44231,0.1292,0.05,1,137788,137363,425
4937141,18.6967,5.32336,445,44279,0.14584,0.09,1,137810,137365,445
4940061,28.5393,18.6647,454,44327,0.165168,0.11,1,137841,137387,454
4942981,7.30787,27.7329,426,44375,0.169034,0.11,1,137843,137417,426
4945901,10.2616,7.14659,435,44423,0.185807,0.07,1,137854,137419,435
4948821,10.0523,9.42932,435,44470,0.157161,0.09,1,137864,137429,435
4951741,3.61046,9.88586,427,44517,0.151432,0.07,1,137866,137439,427
4954661,225.522,227.577,426,44564,0.0702865,0.09,1,138147,137721,426
4957581,51.5044,51.9154,426,44611,0.0860573,0.11,1,138155,137729,426
4960501,19.9009,19.1831,427,44658,0.0572115,0.11,1,138167,137740,427
4963421,8.78018,8.63662,427,44705,0.0514423,0.11,1,138173,137746,427
4966341,3.35604,3.32732,427,44752,0.0502885,0.11,1,138175,137748,427
4969261,6.27121,5.46546,428,44799,0.0820577,0.11,1,138182,137754,428
4972181,9.25424,9.09309,428,44846,0.0564115,0.13,1,138192,137764,428
4975101,19.4508,19.4186,428,44893,0.0512823,0.13,1,138214,137786,428
4978021,5.49017,5.48372,428,44940,0.0502565,0.15,1,138216,137788,428
4980941,21.098,18.6967,431,44987,0.0740513,0.17,1,138241,137810,431
4983861,28.2196,28.5393,430,45034,0.0708103,0.17,1,138271,137841,430
4986781,7.24392,7.30787,430,45081,0.0701621,0.19,1,138273,137843,430
4989701,9.44878,10.2616,429,45128,0.0700324,0.15,1,138283,137854,429
4992621,9.88976,10.0523,429,45175,0.0700065,0.15,1,138293,137864,429
4995541,3.57795,3.61046,429,45222,0.0700013,0.05,1,138295,137866,429
4998461,221.516,225.522,424,45269,0.0220003,0.09,1,138571,138147,424
5001381,50.7031,51.5044,424,45316,0.0444001,0.05,1,138579,138155,424
5004301,20.5406,19.9009,425,45363,0.04888,0.05,1,138592,138167,425
5007221,8.90812,8.78018,425,45409,0.049776,0.05,1,138598,138173,425
5010141,3.38162,3.35604,425,45455,0.0499552,0.09,1,138600,138175,425
5013061,5.47633,6.27121,424,45501,0.049991,0.05,1,138606,138182,424
5015981,9.09526,9.25424,424,45547,0.0179982,0.05,1,138616,138192,424
5018901,20.2191,19.4508,425,45593,0.0275996,0.05,1,138639,138214,425
5021821,5.64381,5.49017,425,45639,0.0295199,0.08,1,138641,138216,425
5024741,21.1288,21.098,425,45685,0.029904,0.07,1,138666,138241,425
5027661,28.2258,28.2196,425,45731,0.0619808,0.07,1,138696,138271,425
5030581,7.24515,7.24392,425,45777,0.0683962,0.07,1,138698,138273,425
5033501,9.44903,9.44878,425,45823,0.0696792,0.07,1,138708,138283,425
5036421,9.88981,9.88976,425,45869,0.0699358,0.07,1,138718,138293,425
5039341,3.57796,3.57795,425,45915,0.101987,0.07,1,138720,138295,425
5040801,161.516,0.71559,626,45961,0.0283974,0.01,1,138921,138295,626
5043721,89.9031,220.943,422,46007,0.0136795,0.05,1,138993,138571,422
5046641,25.1806,50.5886,423,46053,0.0267359,0.05,1,139002,138579,423
5049561,14.6361,20.5177,422,46099,0.0453472,0.05,1,139014,138592,422
5052481,7.72722,8.90354,422,46145,0.0490694,0.05,1,139020,138598,422
5055401,3.14544,3.38071,422,46191,0.0498139,0.05,1,139022,138600,422
5058321,5.42909,5.47614,422,46237,0.0499628,0.01,1,139028,138606,422
5061241,9.08582,9.09523,422,46283,0.0179926,0.03,1,139038,138616,422
5064161,20.2172,20.219,422,46329,0.0435985,0.03,1,139061,138639,422
5067081,5.64343,5.64381,422,46375,0.0487197,0.03,1,139063,138641,422
5070001,21.1287,21.1288,422,46420,0.0337439,0.07,1,139088,138666,422
5072921,30.6257,28.2258,425,46465,0.0787488,0.07,1,139121,138696,425
5075841,7.72515,7.24515,425,46510,0.0877498,0.07,1,139123,138698,425
5078761,9.54503,9.44903,425,46555,0.0575499,0.07,1,139133,138708,425
5081681,9.90901,9.88981,425,46600,0.05151,0.11,1,139143,138718,425
5084601,3.5818,3.57796,425,46645,0.082302,0.01,1,139145,138720,425
5087521,215.916,161.516,493,46690,0.0404604,0.01,1,139414,138921,493
5090441,50.3833,89.9031,430,46735,0.0160921,0.03,1,139423,138993,430
5093361,19.6767,25.1806,433,46780,0.0272184,0.05,1,139435,139002,433
5096281,8.73533,14.6361,427,46825,0.0294437,0.05,1,139441,139014,427
5099201,3.34707,7.72722,423,46870,0.0298887,0.05,1,139443,139020,423
5102121,5.46941,3.14544,427,46915,0.0299777,0.05,1,139449,139022,427
5105041,9.89388,5.42909,432,46960,0.0619956,0.01,1,139460,139028,432
5107961,19.5788,9.08582,444,47005,0.0683991,0.05,1,139482,139038,444
5110881,5.51576,20.2172,423,47050,0.0696798,0.05,1,139484,139061,423
5113801,21.1032,5.64343,446,47095,0.053936,0.03,1,139509,139063,446
5116721,32.2206,21.1287,456,47140,0.0667872,0.09,1,139544,139088,456
5119641,8.04413,30.6257,425,47185,0.0693574,0.09,1,139546,139121,425
5122561,9.60883,7.72515,433,47230,0.0858715,0.05,1,139556,139123,433
5125481,9.92176,9.54503,433,47275,0.105174,0.05,1,139566,139133,433
5128401,3.58435,9.90901,425,47320,0.109035,0.09,1,139568,139143,425
5129861,161.517,3.5818,624,47365,0.029807,0.03,1,139769,139145,624
5132781,86.7034,215.916,423,47410,0.0779614,0.03,1,139837,139414,423
5135701,23.7407,43.1833,431,47454,0.0875923,0.01,1,139845,139414,431
5138621,14.3481,15.8367,434,47498,0.0575185,0.03,1,139857,139423,434
5141541,8.46963,12.7673,429,47542,0.0355037,0.03,1,139864,139435,429
5144461,3.29393,7.35347,425,47586,0.0311007,0.03,1,139866,139441,425
5147381,5.45879,3.07069,429,47630,0.0302201,0.03,1,139872,139443,429
5150301,10.6918,5.41414,435,47674,0.030044,0.07,1,139884,139449,435
5153221,19.7384,9.88283,446,47718,0.0300088,0.07,1,139906,139460,446
5156141,5.54767,19.5766,426,47762,0.0460018,0.07,1,139908,139482,426
5159061,20.3095,5.51531,448,47806,0.0652004,0.05,1,139932,139484,448
5161981,33.6619,21.1031,460,47850,0.0530401,0.07,1,139969,139509,460
5164901,8.33238,32.2206,427,47894,0.050608,0.07,1,139971,139544,427
5167821,10.4665,8.04412,436,47938,0.0661216,0.09,1,139982,139546,436
5170741,10.0933,9.60882,436,47982,0.0532243,0.11,1,139992,139556,436
5173661,3.61866,9.92176,428,48026,0.0506449,0.11,1,139994,139566,428
5176581,158.324,3.58435,623,48070,0.114129,0.09,1,140191,139568,623
5179501,87.6647,215.917,424,48114,0.126826,0.09,1,140261,139837,424
5182421,23.9329,49.5834,424,48158,0.161365,0.05,1,140269,139845,424
5185341,14.3866,19.5167,424,48202,0.152273,0.03,1,140281,139857,424
5188261,7.67732,9.50333,423,48246,0.150455,0.03,1,140287,139864,423
5191181,3.13546,3.50067,423,48290,0.150091,0.03,1,140289,139866,423
5194101,5.42709,5.50013,423,48334,0.150018,0.03,1,140295,139872,423
5197021,10.6854,10.7,423,48378,0.182004,0.03,1,140307,139884,423
5199941,20.5371,19.74,424,48422,0.172401,0.05,1,140330,139906,424
5202861,5.70742,5.548,424,48466,0.17048,0.07,1,140332,139908,424
5205781,21.1415,20.3096,425,48509,0.154096,0.05,1,140357,139932,425
5208701,33.0283,33.6619,424,48552,0.150819,0.05,1,140393,139969,424
5211621,8.20566,8.33238,424,48595,0.150164,0.07,1,140395,139971,424
5214541,10.4411,10.4665,424,48638,0.134033,0.05,1,140406,139982,424
5217461,10.0882,10.0933,424,48681,0.0988066,0.05,1,140416,139992,424
5220381,3.61765,3.61866,424,48724,0.123761,0.13,1,140418,139994,424
5223301,161.524,158.324,428,48767,0.400752,0.13,1,140619,140191,428
5226221,88.3047,87.6647,428,48810,0.44015,0.17,1,140689,140261,428
5229141,24.0609,23.9329,428,48853,0.44803,0.17,1,140697,140269,428
5232061,14.4122,4.78659,440,48896,0.449606,0.15,1,140709,140269,440
5234981,7.68244,10.5573,434,48939,0.449921,0.15,1,140715,140281,434
5237901,3.13649,6.91146,430,48982,0.449984,0.15,1,140717,140287,430
5240821,5.4273,2.98229,434,49025,0.449997,0.15,1,140723,140289,434
5243741,10.6855,5.39646,440,49068,0.449999,0.19,1,140735,140295,440
5246661,19.7371,10.6793,450,49111,0.45,0.17,1,140757,140307,450
5249581,5.54742,20.5359,429,49154,0.45,0.17,1,140759,140330,429
5252501,20.3095,5.70717,451,49197,0.45,0.15,1,140783,140332,451
5255421,32.8619,21.1414,462,49240,0.466,0.15,1,140819,140357,462
5258341,8.17238,33.0283,428,49283,0.4692,0.15,1,140821,140393,428
5261261,9.63448,8.20566,436,49326,0.46984,0.13,1,140831,140395,436
5264181,10.7269,10.4411,436,49369,0.485968,0.09,1,140842,140406,436
5267101,3.74538,10.0882,428,49412,0.489194,0.13,1,140844,140416,428
5268561,161.549,3.61765,627,49455,0.585839,0.47,1,141045,140418,627
5271481,45.9098,161.524,443,49498,0.653168,0.45,1,141062,140619,443
5274401,65.982,88.3047,444,49541,0.714634,0.45,1,141133,140689,444
5277321,19.5964,24.0609,444,49584,0.694927,0.45,1,141141,140697,444
5280241,13.5193,14.4122,444,49626,0.722985,0.45,1,141153,140709,444
5283161,7.50386,7.68244,444,49668,0.728597,0.45,1,141159,140715,444
5286081,3.10077,3.13649,444,49710,0.729719,0.45,1,141161,140717,444
5289001,5.42015,5.4273,444,49752,0.745944,0.45,1,141167,140723,444
5291921,10.684,10.6855,444,49794,0.733189,0.45,1,141179,140735,444
5294841,19.7368,19.7371,444,49836,0.762638,0.45,2,141201,140757,444
5297761,5.54736,5.54742,444,49878,0.736528,0.45,1,141203,140759,444
5300681,20.3095,20.3095,444,49920,0.763305,0.47,2,141227,140783,444
5303601,33.6619,32.8619,445,49962,0.752661,0.47,2,141264,140819,445
5306521,8.33238,8.17238,445,50004,0.750532,0.47,2,141266,140821,445
5309441,9.66648,9.63448,445,50046,0.750106,0.49,2,141276,140831,445
5312361,11.5333,10.7269,446,50088,0.782021,0.49,2,141288,140842,446
5315281,3.90666,3.74538,446,50130,0.756404,0.61,2,141290,140844,446
5318201,181.581,161.549,471,50172,0.887281,0.67,2,141516,141045,471
5559101,144,33,575,24990,0.05,0.01,1,143825,143250,575
5562021,117.6,205.8,437,25075,0.05,0.01,1,143936,143499,437
5564941,48.32,63.56,440,25160,0.05,0.01,1,143967,143527,440
5567861,30.464,40.712,431,25244,0.01,0,1,143993,143562,431
5570781,38.8928,25.7424,450,25328,0.002,0,1,144034,143584,450
5573701,18.9786,36.3485,425,25412,0.0244,0,1,144048,143623,425
5576621,12.5957,14.4697,427,25495,0.06088,0.03,1,144059,143632,427
5579541,36.9191,14.0939,456,25578,0.052176,0.05,1,144102,143646,456
5582461,122.584,30.8188,565,25661,0.0344352,0.05,1,144246,143681,565
5585381,114.117,121.364,533,25744,0.014887,0.05,1,144358,143825,533
5588301,47.6234,113.073,453,25826,0.0429774,0.05,1,144389,143936,453
5591221,31.9247,47.4146,450,25908,0.0165955,0,1,144417,143967,450
5594141,36.7849,30.2829,462,25990,0.0113191,0,1,144455,143993,462
5597061,20.157,38.8566,437,26072,0.00226382,0.03,1,144471,144034,437
5599981,12.8314,18.9713,434,26153,0.0404528,0.07,1,144482,144048,434
5602901,36.9663,12.5943,466,26234,0.0320906,0.05,1,144525,144059,466
5605821,120.993,36.9189,565,26315,0.00641811,0.03,1,144667,144102,565
5608741,115.399,122.584,535,26396,0.0252836,0.01,1,144781,144246,535
5611661,46.2797,114.117,452,26476,0.0290567,0.05,1,144810,144358,452
5614581,32.4559,47.6234,450,26556,0.0298113,0.01,1,144839,144389,450
5617501,36.8912,31.9247,460,26636,0.0459623,0.01,1,144877,144417,460
5620421,20.1782,36.7849,438,26716,0.0331925,0,1,144893,144455,438
5623341,12.8356,20.157,433,26795,0.0466385,0.05,1,144904,144471,433
5626261,36.1671,12.8314,464,26874,0.0333277,0.03,1,144946,144482,464
5629181,8.83343,36.9663,423,26953,0.0306655,0,1,144948,144525,423
5632101,114.567,120.993,422,27032,0.0301331,0.03,1,145089,144667,422
5635021,114.113,115.399,422,27110,0.0300266,0.03,1,145203,144781,422
5637941,46.0227,46.2797,422,27188,0.0140053,0.03,1,145232,144810,422
5640861,33.2045,32.4559,423,27266,0.0108011,0.05,1,145262,144839,423
5643781,37.0409,36.8912,423,27344,0.0101602,0.03,1,145300,144877,423
5646701,20.2082,20.1782,423,27421,0.010032,0.05,1,145316,144893,423
5649621,12.0416,12.8356,422,27498,0.0100064,0.03,1,145326,144904,422
5652541,36.0083,36.1671,422,27575,0.0260013,0.03,1,145368,144946,422
5655461,8.80167,8.83343,422,27652,0.0292003,0.03,1,145370,144948,422
5658381,114.56,114.567,422,27729,0.04584,0.03,1,145511,145089,422
5661301,114.112,114.113,422,27805,0.017168,0.01,1,145625,145203,422
5664221,46.0224,46.0227,422,27881,0.0114336,0.01,1,145654,145232,422
5667141,33.2045,33.2045,422,27957,0.0102867,0.01,1,145684,145262,422
5670061,37.0409,37.0409,422,28033,0.0100573,0.01,1,145722,145300,422
5672981,20.2082,20.2082,422,28109,0.0100115,0.01,1,145738,145316,422
5675901,12.0416,12.0416,422,28184,0.0100023,0.03,1,145748,145326,422
5678821,36.0083,36.0083,422,28259,0.0260005,0.03,1,145790,145368,422
5681741,8.80167,8.80167,422,28334,0.0292001,0.05,1,145792,145370,422
5684661,115.36,114.56,423,28409,0.02984,0.05,1,145934,145511,423
5687581,112.672,22.9121,535,28484,0.013968,0.01,1,146046,145511,535
5690501,45.7344,95.7824,450,28558,0.0427936,0.01,1,146075,145625,450
5693421,33.1469,42.3565,451,28632,0.0165587,0.01,1,146105,145654,451
5696341,37.0294,32.4713,459,28706,0.0273117,0.01,1,146143,145684,459
5699261,20.2059,36.8943,437,28780,0.0294623,0.01,1,146159,145722,437
5702181,12.0412,20.1789,431,28854,0.0138925,0.01,1,146169,145738,431
5705101,36.0082,12.0358,463,28927,0.00277849,0.03,1,146211,145748,463
5708021,8.80165,36.0072,423,29000,0.0085557,0.03,1,146213,145790,423
5710941,115.36,8.80143,563,29073,0.00971114,0.03,1,146355,145792,563
5713861,112.672,115.36,533,29146,0.0259422,0.01,1,146467,145934,533
5716781,45.7344,112.672,450,29219,0.0131884,0.05,1,146496,146046,450
5719701,33.1469,45.7344,451,29291,0.0106377,0.01,1,146526,146075,451
5722621,37.0294,33.1469,459,29363,0.00212754,0.03,1,146564,146105,459
5725541,20.2059,37.0294,437,29435,0.00842551,0.03,1,146580,146143,437
5728461,12.8412,20.2059,432,29507,0.0256851,0.01,1,146591,146159,432
5731381,35.3682,12.0412,463,29579,0.013137,0,1,146632,146169,463
5734301,8.67365,36.0082,423,29651,0.0266274,0.01,1,146634,146211,423
5737221,115.335,8.80165,563,29722,0.0133255,0.01,1,146776,146213,563
5740141,112.667,115.36,533,29793,0.0106651,0.03,1,146888,146355,533
5743061,24.1334,112.672,423,29864,0.010133,0.01,1,146890,146467,423
5745981,28.0267,45.7344,423,29935,0.0020266,0.01,1,146919,146496,423
5748901,28.8053,33.1469,422,30006,0.00840532,0,1,146948,146526,422
5751821,37.7611,37.0294,424,30077,0.0256811,0.01,1,146988,146564,424
5754741,18.7522,20.2059,422,30147,0.0451362,0.03,1,147002,146580,422
5757661,13.3504,12.8412,423,30217,0.0170272,0.01,1,147014,146591,423
5760581,35.4701,35.3682,423,30287,0.0274055,0.03,1,147055,146632,423
5763501,8.69402,8.67365,423,30357,0.0294811,0.01,1,147057,146634,423
5766421,114.539,115.335,422,30427,0.0458962,0.01,1,147198,146776,422
5769341,112.508,112.667,422,30497,0.0331792,0.01,1,147310,146888,422
5772261,24.1016,24.1334,422,30566,0.00663585,0,1,147312,146890,422
5775181,28.0203,28.0267,422,30635,0.0253272,0.01,1,147341,146919,422
5778101,28.8041,28.8053,422,30704,0.0290654,0.03,1,147370,146948,422
5781021,37.7608,37.7611,422,30773,0.0618131,0.05,1,147410,146988,422
5783941,18.7522,18.7522,422,30842,0.0523626,0.01,1,147424,147002,422
5786861,13.3504,13.3504,422,30911,0.0184725,0.03,1,147436,147014,422
5789781,35.4701,35.4701,422,30979,0.0436945,0.03,1,147477,147055,422
5792701,8.69402,8.69402,422,31047,0.0487389,0.05,1,147479,147057,422
5795621,114.539,114.539,422,31115,0.0177478,0.03,1,147620,147198,422
5798541,112.508,112.508,422,31183,0.0275496,0,1,147732,147310,422
5801461,24.1016,24.1016,422,31251,0.00550991,0.03,1,147734,147312,422
5804381,28.0203,28.0203,422,31319,0.00910198,0.03,1,147763,147341,422
5807301,28.0041,5.60406,450,31387,0.0258204,0.03,1,147791,147341,450
5810221,37.6008,24.3208,461,31454,0.0291641,0.07,1,147831,147370,461
5813141,18.7202,36.8642,435,31521,0.0138328,0.05,1,147845,147410,435
5816061,13.344,18.5728,433,31588,0.0267666,0.01,1,147857,147424,433
5818981,35.4688,13.3146,462,31655,0.0453533,0.05,1,147898,147436,462
5821901,8.69376,35.4629,423,31722,0.0490707,0.05,1,147900,147477,423
5824821,114.539,8.69258,562,31789,0.0338141,0.01,1,148041,147479,562
5827741,112.508,114.539,533,31856,0.0147628,0.03,1,148153,147620,533
5830661,24.1015,112.508,423,31922,0.0109526,0,1,148155,147732,423
5833581,28.0203,24.1015,450,31988,0.0261905,0.01,1,148184,147734,450
5836501,29.6041,28.0203,451,32054,0.0052381,0.03,1,148214,147763,451
5839421,36.3208,28.0041,461,32120,0.0250476,0.03,1,148252,147791,461
5842341,19.2642,37.6008,436,32186,0.0610095,0.01,1,148267,147831,436
5845261,13.4528,18.7202,434,32252,0.0202019,0.03,1,148279,147845,434
5848181,36.2906,13.344,464,32318,0.0280404,0.05,1,148321,147857,464
5851101,8.85811,35.4688,425,32383,0.0296081,0.05,1,148323,147898,425
5854021,112.972,8.69376,562,32448,0.0299216,0.03,1,148462,147900,562
5856941,112.194,114.539,533,32513,0.0299843,0.01,1,148574,148041,533
5859861,24.0389,112.508,423,32578,0.0299969,0.01,1,148576,148153,423
5862781,29.6078,24.1015,452,32643,0.0459994,0.03,1,148607,148155,452
5865701,28.3216,28.0203,451,32708,0.0171999,0,1,148635,148184,451
5868621,7.26431,29.6041,423,32773,0.00343997,0.03,1,148637,148214,423
5871541,31.8529,36.3208,423,32838,0.040688,0.07,1,148675,148252,423
5874461,17.5706,19.2642,422,32902,0.0161376,0.01,1,148689,148267,422
5877381,14.7141,13.4528,424,32966,0.0272275,0.03,1,148703,148279,424
5880301,35.7428,36.2906,423,33030,0.0614455,0.03,1,148744,148321,423
5883221,8.74856,8.85811,423,33094,0.0682891,0.03,1,148746,148323,423
5886141,112.15,112.972,422,33158,0.0216578,0.03,1,148884,148462,422
5889061,112.03,112.194,422,33222,0.0443316,0.03,1,148996,148574,422
5891981,24.006,24.0389,422,33286,0.0488663,0.05,1,148998,148576,422
5894901,31.2012,29.6078,424,33350,0.0177733,0.01,1,149031,148607,424
5897821,27.8402,28.3216,423,33413,0.0275547,0,1,149058,148635,423
5900741,7.16805,7.26431,423,33476,0.00551093,0.05,1,149060,148637,423
5903661,31.0336,31.8529,422,33539,0.0251022,0.01,1,149097,148675,422
5906581,17.4067,17.5706,422,33602,0.0610204,0.03,1,149111,148689,422
5909501,14.6813,14.7141,422,33665,0.0362041,0.07,1,149125,148703,422
5912421,36.5363,35.7428,423,33728,0.0632408,0.07,1,149167,148744,423
5915341,8.90725,8.74856,423,33791,0.0686482,0.01,1,149169,148746,423
5918261,111.381,112.15,422,33854,0.10173,0.05,1,149306,148884,422
5921181,111.876,112.03,422,33916,0.0603459,0.05,1,149418,148996,422
5924101,23.9753,24.006,422,33978,0.0520692,0.01,1,149420,148998,422
5927021,31.1951,31.2012,422,34040,0.0184138,0.03,1,149453,149031,422
5929941,27.839,27.8402,422,34102,0.0276828,0,1,149480,149058,422
5932861,7.1678,7.16805,422,34164,0.00553655,0.03,1,149482,149060,422
5935781,32.6336,31.0336,424,34226,0.0251073,0.03,1,149521,149097,424
5938701,16.1267,6.20672,436,34288,0.0130215,0.07,1,149533,149097,436
5941621,13.6253,12.4413,435,34350,0.0426043,0.03,1,149546,149111,435
5944541,38.7251,13.6883,466,34412,0.0485209,0.07,1,149591,149125,466
5947461,9.34501,36.3377,426,34473,0.0497042,0.07,1,149593,149167,426
5950381,111.469,8.86753,561,34534,0.0819408,0.11,1,149730,149169,561
5953301,109.494,111.374,533,34595,0.0403882,0.05,1,149839,149306,533
5956221,23.4988,111.875,423,34656,0.0320776,0.05,1,149841,149418,423
5959141,31.0998,23.9749,454,34717,0.0144155,0.01,1,149874,149420,454
5962061,27.82,31.195,448,34778,0.0268831,0.03,1,149901,149453,448
5964981,7.16399,27.839,423,34839,0.00537662,0,1,149903,149480,423
5967901,32.6328,7.1678,460,34900,0.00907532,0.03,1,149942,149482,460
5970821,16.9266,32.6336,434,34961,0.0418151,0.01,1,149955,149521,434
5973741,13.7853,16.1267,435,35021,0.00836301,0.05,1,149968,149533,435
5976661,39.5571,13.6253,468,35081,0.0256726,0.05,1,150014,149546,468
5979581,9.51141,38.7251,425,35141,0.0451345,0.05,1,150016,149591,425
5982501,113.102,9.34501,562,35201,0.0970269,0.09,1,150155,149593,562
5985421,106.62,111.469,530,35261,0.0594054,0.03,1,150260,149730,530
5988341,22.9241,109.494,423,35321,0.0198811,0.03,1,150262,149839,423
5991261,31.7848,23.4988,455,35381,0.0439762,0.01,1,150296,149841,455
5994181,27.957,31.0998,449,35441,0.0167952,0.03,1,150323,149874,449
5997101,7.19139,27.82,424,35501,0.00335905,0,1,150325,149901,424
6000021,32.6383,7.16399,461,35561,0.00867181,0.01,1,150364,149903,461
6002941,16.1277,32.6328,434,35620,0.0257344,0.05,1,150376,149942,434
6005861,13.6255,16.9266,434,35679,0.0291469,0,1,150389,149955,434
6008781,4.32511,13.7853,423,35738,0.0298294,0.03,1,150391,149968,423
6011701,39.265,39.5571,425,35797,0.157966,0.05,1,150439,150014,425
6014621,9.453,9.51141,425,35856,0.183593,0.11,1,150441,150016,425
6017541,114.691,113.102,427,35915,0.252719,0.05,1,150582,150155,427
6020461,102.938,106.62,422,35974,0.234544,0.01,1,150682,150260,422
6023381,22.1876,22.9241,422,36033,0.262909,0.05,1,150684,150262,422
6026301,31.6375,31.7848,422,36092,0.140582,0.01,1,150718,150296,422
6029221,28.7275,27.957,423,36151,0.0841163,0,1,150746,150323,423
6032141,7.3455,7.19139,423,36209,0.0728233,0.01,1,150748,150325,423
6035061,32.6691,32.6383,423,36267,0.0545647,0.03,1,150787,150364,423
6037981,16.9338,16.1277,424,36325,0.0509129,0.03,1,150800,150376,424
6040901,12.9868,13.6255,423,36383,0.0821826,0.03,1,150812,150389,423
6043821,4.19735,4.32511,423,36441,0.0564365,0.19,1,150814,150391,423
6046741,45.6395,39.265,431,36499,0.147287,0.19,1,150870,150439,431
6049661,10.7279,9.453,431,36557,0.133457,0.27,1,150872,150441,431
6052581,116.546,114.691,433,36615,0.242692,0.23,1,151015,150582,433
6055501,103.309,102.938,433,36673,0.328538,0.27,1,151115,150682,433
6058421,22.2618,22.1876,433,36731,0.377708,0.11,1,151117,150684,433
6061341,26.8524,31.6375,427,36789,0.355542,0.07,1,151145,150718,427
6064261,24.5705,28.7275,423,36846,0.351108,0.07,1,151169,150746,423
6067181,6.51409,7.3455,423,36903,0.350222,0.05,1,151171,150748,423
6070101,31.7028,32.6691,422,36960,0.350044,0.05,1,151209,150787,422
6073021,18.3406,16.9338,424,37017,0.334009,0.09,1,151224,150800,424
6075941,13.2681,12.9868,424,37074,0.330802,0.05,1,151236,150812,424
6078861,4.25362,4.19735,424,37131,0.33016,0.17,1,151238,150814,424
6081781,48.8507,45.6395,428,37188,0.426032,0.17,1,151298,150870,428
6084701,11.3701,9.12789,430,37245,0.445206,0.13,1,151300,150870,430
6087621,121.474,3.42558,577,37302,0.449041,0.27,1,151449,150872,577
6090541,107.495,115.085,538,37359,0.497808,0.35,1,151553,151015,538
6093461,23.099,103.017,440,37416,0.507562,0.39,1,151555,151115,440
6096381,27.0198,22.2034,466,37472,0.509512,0.35,1,151583,151117,466
6099301,24.604,26.8407,462,37528,0.509902,0.35,1,151607,151145,462
6102221,6.52079,24.5681,440,37584,0.50998,0.35,1,151609,151169,440
6105141,30.1042,6.51363,474,37640,0.509996,0.35,1,151645,151171,474
6108061,17.2208,31.7027,450,37696,0.509999,0.33,1,151659,151209,450
6110981,13.0442,18.3405,447,37752,0.51,0.33,1,151671,151224,447
6113901,4.20883,13.2681,437,37808,0.51,0.33,1,151673,151236,437
6116821,55.2418,4.25362,503,37864,0.654,0.45,1,151741,151238,503
6119741,12.6484,48.8507,445,37920,0.6828,0.45,1,151743,151298,445
6122661,121.73,11.3701,592,37976,0.76856,0.45,2,151892,151300,592
6125581,109.946,121.474,550,38032,0.801712,0.51,2,151999,151449,550
6128501,23.5892,107.495,448,38088,0.808342,0.51,2,152001,151553,448
6131421,27.1178,23.099,474,38143,0.809668,0.51,2,152029,151555,474
6134341,24.6236,27.0198,470,38198,0.809934,0.51,2,152053,151583,470
6137261,6.52471,24.604,448,38253,0.809987,0.51,2,152055,151607,448
6140181,30.1049,6.52079,482,38308,0.809997,0.51,2,152091,151609,482
6143101,17.221,30.1042,460,38363,0.809999,0.51,2,152105,151645,460
6146021,13.0442,17.2208,458,38418,0.81,0.51,2,152117,151659,458
6148941,4.20884,13.0442,448,38473,0.81,0.51,2,152119,151671,448
6256981,22,33,504,40455,0.69,1,1,153534,153030,504
6259901,25.2,24.2,508,40507,0.61,1,1,153560,153052,508
6262821,24.24,15.24,519,40559,0.498,1,1,153584,153065,519
6265741,29.648,19.848,529,40611,0.3156,1,1,153615,153086,529
6268661,32.3296,41.5696,515,40663,0.08712,1,1,153648,153133,515
6271581,24.0659,46.7139,489,40715,0.025424,1,1,153670,153181,489
6274501,94.4132,27.7428,578,40767,0.0130848,1,1,153782,153204,578
6277421,101.283,92.7486,572,40819,0.010617,0.97,1,153885,153313,572
6280341,33.0565,96.1497,491,40871,0.0101234,1,1,153901,153410,491
6283261,21.0113,36.0299,488,40923,0.0100247,1,1,153919,153431,488
6286181,17.0023,24.806,482,40975,0.00200494,0.97,1,153935,153453,482
6289101,16.2005,20.9612,478,41027,0.00840099,0.87,1,153951,153473,478
6292021,15.2401,19.3922,474,41078,0.0096802,0.77,1,153966,153492,474
6294941,16.648,19.8784,471,41129,0.025936,0.69,1,153983,153512,471
6297861,20.9296,21.5757,471,41180,0.00518721,0.59,1,154005,153534,471
6300781,20.9859,25.1151,466,41231,0.00103744,0.47,1,154026,153560,466
6303701,20.1972,24.223,462,41282,0.00820749,0.27,1,154046,153584,462
6306621,22.4394,29.6446,454,41333,0.0016415,0.03,1,154069,153615,454
6309541,22.0879,32.3289,443,41384,0.0003283,0.01,1,154091,153648,443
6312461,94.0176,24.0658,533,41435,0.0400657,0.01,1,154203,153670,533
6315381,101.204,94.4132,524,41486,0.00801313,0.01,1,154306,153782,524
6318301,33.0407,101.283,437,41537,0.0256026,0.01,1,154322,153885,437
6321221,8.20814,33.0565,423,41588,0.0291205,0.01,1,154324,153901,423
6324141,15.2416,21.0113,422,41639,0.0138241,0,1,154341,153919,422
6327061,15.8483,17.0023,422,41690,0.0267648,0.01,1,154357,153935,422
6329981,15.9697,16.2005,422,41741,0.013353,0.01,1,154373,153951,422
6332901,15.1939,15.2401,422,41792,0.00267059,0.03,1,154388,153966,422
6335821,16.6388,16.648,422,41843,0.0245341,0,1,154405,153983,422
6338741,21.7278,20.9296,423,41893,0.0129068,0,1,154428,154005,423
6341661,21.1456,20.9859,423,41943,0.0425814,0.01,1,154449,154026,423
6344581,20.2291,20.1972,423,41993,0.0485163,0,1,154469,154046,423
6347501,22.4458,22.4394,423,42043,0.0337033,0,1,154492,154069,423
6350421,21.2892,22.0879,422,42093,0.0307407,0.05,1,154513,154091,422
6353341,93.8578,94.0176,422,42143,0.0461481,0,1,154625,154203,422
6356261,103.572,101.204,425,42193,0.0332296,0.03,1,154731,154306,425
6359181,31.1143,33.0407,422,42243,0.0466459,0.03,1,154744,154322,422
6362101,7.82286,8.20814,422,42293,0.0493292,0.01,1,154746,154324,422
6365021,15.9646,15.2416,423,42343,0.00986584,0.03,1,154764,154341,423
6367941,15.1929,15.8483,422,42393,0.0419732,0.01,1,154779,154357,422
6370861,15.8386,15.9697,422,42443,0.0163946,0,1,154795,154373,422
6373781,15.9677,15.1939,423,42493,0.0272789,0.03,1,154811,154388,423
6376701,15.9935,16.6388,422,42543,0.0294558,0.01,1,154827,154405,422
6379621,22.3987,21.7278,423,42593,0.00589116,0.05,1,154851,154428,423
6382541,20.4797,21.1456,422,42643,0.0251782,0.05,1,154871,154449,422
6385461,20.0959,20.2291,422,42692,0.0290356,0.03,1,154891,154469,422
6388381,22.4192,22.4458,422,42741,0.0138071,0.03,1,154914,154492,422
6391301,22.0838,21.2892,423,42790,0.00276143,0.05,1,154936,154513,423
6394221,93.2168,93.8578,422,42839,0.0405523,0.03,1,155047,154625,422
6397141,103.443,103.572,422,42888,0.0321105,0.05,1,155153,154731,422
6400061,31.0887,31.1143,422,42937,0.0304221,0.05,1,155166,154744,422
6402981,7.81773,7.82286,422,42986,0.00608442,0.05,1,155168,154746,422
6405901,15.9635,1.56457,440,43035,0.00121688,0,1,155186,154746,440
6408821,14.3927,14.7129,436,43084,0.0242434,0.05,1,155200,154764,436
6411741,15.6785,14.9426,437,43133,0.0128487,0.01,1,155216,154779,437
6414661,16.7357,15.7885,438,43182,0.0105697,0.03,1,155233,154795,438
6417581,15.3471,15.9577,437,43231,0.074114,0.03,1,155248,154811,437
6420501,23.0694,15.9915,446,43280,0.0388228,0,1,155273,154827,446
6423421,19.8139,22.3983,441,43329,0.0477646,0.03,1,155292,154851,441
6426341,19.9628,20.4797,441,43378,0.0335529,0.03,1,155312,154871,441
6429261,22.3926,20.0959,444,43427,0.0147106,0.01,1,155335,154891,444
6432181,22.0785,22.4192,443,43476,0.0109421,0,1,155357,154914,443
6435101,93.2157,22.0838,532,43525,0.0261884,0.05,1,155468,154936,532
6438021,103.443,93.2168,527,43573,0.0132377,0.03,1,155574,155047,527
6440941,31.0886,103.443,434,43621,0.0266475,0.03,1,155587,155153,434
6443861,7.81773,31.0887,423,43669,0.00532951,0,1,155589,155166,423
6446781,16.7635,7.81773,440,43717,0.0010659,0,1,155608,155168,440
6449701,13.7527,15.9635,435,43765,0.0242132,0.03,1,155621,155186,435
6452621,16.3505,14.3927,438,43813,0.0288426,0.01,1,155638,155200,438
6455541,17.6701,15.6785,440,43861,0.0457685,0.01,1,155656,155216,440
6458461,14.734,16.7357,437,43909,0.0651537,0.09,1,155670,155233,437
6461381,22.1468,15.3471,446,43957,0.0530307,0.03,1,155694,155248,446
6464301,20.4294,23.0694,441,44005,0.0346061,0.05,1,155714,155273,441
6467221,20.8859,19.8139,443,44053,0.0149212,0.03,1,155735,155292,443
6470141,21.7772,19.9628,445,44101,0.00298425,0.01,1,155757,155312,445
6473061,21.1554,22.3926,443,44149,0.0245969,0.01,1,155778,155335,443
6475981,93.0311,22.0785,532,44197,0.0289194,0.03,1,155889,155357,532
6478901,103.406,93.2157,527,44245,0.0137839,0.01,1,155995,155468,527
6481821,31.8812,103.443,435,44293,0.0267568,0.03,1,156009,155574,435
6484741,7.97625,31.0886,424,44341,0.0293514,0,1,156011,155587,424
6487661,15.9953,7.81773,440,44389,0.00587027,0,1,156029,155589,440
6490581,14.399,16.7635,435,44437,0.0251741,0.03,1,156043,155608,435
6493501,4.47981,13.7527,424,44484,0.00503481,0.03,1,156045,155621,424
6496421,13.696,16.3505,423,44531,0.041007,0.05,1,156061,155638,423
6499341,18.7392,17.6701,425,44578,0.0642014,0.07,1,156081,155656,425
6502261,13.3478,14.734,423,44625,0.0688403,0.05,1,156093,155670,423
6505181,21.8696,22.1468,423,44672,0.069768,0.03,1,156117,155694,423
6508101,20.3739,20.4294,423,44719,0.0539536,0.01,1,156137,155714,423
6511021,20.0748,20.8859,422,44766,0.0187907,0,1,156157,155735,422
6513941,23.215,21.7772,424,44813,0.00375814,0.03,1,156181,155757,424
6516861,19.843,21.1554,422,44860,0.0407516,0.03,1,156200,155778,422
6519781,92.7686,93.0311,422,44907,0.0321503,0.01,1,156311,155889,422
6522701,104.154,103.406,423,44954,0.0304301,0.03,1,156418,155995,423
6525621,31.2307,31.8812,422,45001,0.046086,0.03,1,156431,156009,422
6528541,7.84615,7.97625,422,45048,0.0492172,0,1,156433,156011,422
6531461,16.7692,15.9953,423,45095,0.0178434,0.03,1,156452,156029,423
6534381,15.3538,14.399,424,45142,0.0275687,0,1,156467,156043,424
6537301,4.67077,4.47981,424,45189,0.00551374,0.05,1,156469,156045,424
6540221,12.1342,13.696,422,45236,0.00910275,0.07,1,156483,156061,422
6543141,19.2268,18.7392,423,45283,0.0578205,0.07,1,156504,156081,423
6546061,13.4454,13.3478,423,45330,0.0835641,0.07,1,156516,156093,423
6548981,21.8891,21.8696,423,45377,0.0887128,0.05,1,156540,156117,423
6551901,19.5778,20.3739,422,45423,0.105743,0.01,1,156559,156137,422
6554821,19.9156,20.0748,422,45469,0.141149,0,1,156579,156157,422
6557741,23.9831,23.215,423,45515,0.0282297,0.05,1,156604,156181,423
6560661,19.1966,19.843,422,45561,0.0456459,0.03,1,156622,156200,422
6563581,92.6393,92.7686,422,45607,0.0491292,0.03,1,156733,156311,422
6566501,104.928,104.154,423,45653,0.00982584,0.05,1,156841,156418,423
6569421,30.5856,31.2307,422,45699,0.00996517,0.05,1,156853,156431,422
6572341,7.71711,7.84615,422,45745,0.00999303,0.01,1,156855,156433,422
6575261,16.7434,16.7692,422,45791,0.00999861,0.03,1,156874,156452,422
6578181,15.3487,15.3538,422,45837,0.0259997,0,1,156889,156467,422
6581101,4.66974,4.67077,422,45883,0.00519994,0.01,1,156891,156469,422
6584021,12.1339,12.1342,422,45929,0.04104,0.01,1,156905,156483,422
6586941,20.0268,2.42683,444,45975,0.064208,0.07,1,156927,156483,444
6589861,14.4054,17.2854,436,46021,0.0208416,0.09,1,156940,156504,436
6592781,22.8811,13.0571,449,46067,0.0281683,0.09,1,156965,156516,449
6595701,20.5762,21.8114,445,46113,0.0296337,0.11,1,156985,156540,445
6598621,18.5152,19.5623,444,46159,0.0459267,0.15,1,157003,156559,444
6601541,21.303,19.9125,446,46205,0.00918535,0,1,157025,156579,446
6604461,18.6606,23.9825,439,46251,0.0258371,0.05,1,157043,156604,439
6607381,92.5321,19.1965,532,46297,0.0451674,0.05,1,157154,156622,532
6610301,104.906,92.6393,529,46343,0.0170335,0,1,157262,156733,529
6613221,30.5813,104.928,433,46388,0.0114067,0.01,1,157274,156841,433
6616141,7.71626,30.5856,423,46433,0.0102813,0.01,1,157276,156853,423
6619061,16.7433,7.71711,440,46478,0.0260563,0.01,1,157295,156855,440
6621981,15.3487,16.7434,436,46523,0.00521125,0.03,1,157310,156874,436
6624901,4.66973,15.3487,423,46568,0.00904225,0,1,157312,156889,423
6627821,13.7339,4.66974,437,46613,0.0418084,0.05,1,157328,156891,437
6630741,19.5468,12.1339,444,46658,0.0323617,0.07,1,157349,156905,444
6633661,14.3094,20.0268,435,46703,0.0464723,0.01,1,157362,156927,435
6636581,22.8619,14.4054,447,46748,0.0492945,0.03,1,157387,156940,447
6639501,20.5724,22.8811,442,46793,0.0818589,0.03,1,157407,156965,442
6642421,19.3145,20.5762,441,46838,0.0723718,0.05,1,157426,156985,441
6645341,20.6629,18.5152,444,46883,0.0704744,0,1,157447,157003,444
6648261,17.7326,21.303,439,46928,0.0220949,0.03,1,157464,157025,439
6651181,92.3465,18.6606,532,46973,0.012419,0.05,1,157575,157043,532
6654101,104.869,92.5321,529,47018,0.0264838,0.01,1,157683,157154,529
6657021,31.3739,104.906,434,47063,0.0292968,0.01,1,157696,157262,434
6659941,7.87477,30.5813,424,47108,0.0298594,0.01,1,157698,157274,424
6662861,15.975,7.71626,440,47153,0.0459719,0.03,1,157716,157276,440
6665781,15.995,16.7433,437,47198,0.00919437,0,1,157732,157295,437
6668701,4.799,15.3487,424,47243,0.0418389,0.01,1,157734,157310,424
6671621,14.5598,4.66973,439,47288,0.0803678,0.05,1,157751,157312,439
6674541,20.512,13.7339,445,47333,0.104074,0.03,1,157773,157328,445
6677461,13.7024,19.5468,436,47378,0.108815,0.05,1,157785,157349,436
6680381,4.34048,14.3094,425,47422,0.109763,0.05,1,157787,157362,425
6683301,20.8681,22.8619,425,47466,0.125953,0.09,1,157812,157387,425
6686221,20.9736,20.5724,426,47510,0.145191,0.07,1,157833,157407,426
6689141,18.5947,19.3145,425,47554,0.149038,0.07,1,157851,157426,425
6692061,18.9189,20.6629,423,47598,0.165808,0.01,1,157870,157447,423
6694981,16.5838,17.7326,422,47642,0.169162,0.01,1,157886,157464,422
6697901,92.9168,92.3465,423,47686,0.0418323,0.03,1,157998,157575,423
6700821,104.183,104.869,422,47730,0.0163665,0.03,1,158105,157683,422
6703741,31.2367,31.3739,422,47774,0.0272733,0.03,1,158118,157696,422
6706661,7.84733,7.87477,422,47818,0.0294547,0.05,1,158120,157698,422
6709581,15.9695,15.975,422,47862,0.0618909,0,1,158138,157716,422
6712501,15.9939,15.995,422,47906,0.0363782,0.05,1,158154,157732,422
6715421,4.79878,4.799,422,47950,0.00727564,0.09,1,158156,157734,422
6718341,17.7598,14.5598,426,47994,0.00945513,0.11,1,158177,157751,426
6721261,21.952,20.512,427,48038,0.025891,0.11,1,158200,157773,427
6724181,13.9904,13.7024,427,48082,0.0611782,0.11,1,158212,157785,427
6727101,4.39808,4.34048,427,48126,0.0362356,0.13,1,158214,157787,427
6730021,21.6796,20.8681,428,48170,0.0312471,0.15,1,158240,157812,428
6732941,21.9359,20.9736,429,48214,0.0462494,0.15,1,158262,157833,429
6735861,18.7872,18.5947,429,48258,0.0812499,0.17,1,158280,157851,429
6738781,19.7574,18.9189,430,48302,0.08825,0.17,1,158300,157870,430
6741701,15.1515,16.5838,428,48346,0.12165,0.01,1,158314,157886,428
6744621,87.8303,92.9168,422,48390,0.03233,0.01,1,158420,157998,422
6747541,103.166,104.183,422,48434,0.006466,0.03,1,158527,158105,422
6750461,31.0332,31.2367,422,48478,0.0252932,0.03,1,158540,158118,422
6753381,7.80664,7.84733,422,48521,0.0290586,0.07,1,158542,158120,422
6756301,15.9613,15.9695,422,48564,0.0298117,0.03,1,158560,158138,422
6759221,15.9923,15.9939,422,48607,0.0139623,0,1,158576,158154,422
6762141,4.79845,4.79878,422,48650,0.00279247,0.01,1,158578,158156,422
6765061,17.7597,17.7598,422,48693,0.00855849,0.03,1,158599,158177,422
6767981,22.7519,21.952,423,48736,0.0097117,0.07,1,158623,158200,423
6770901,14.1504,13.9904,423,48779,0.00994234,0.03,1,158635,158212,423
6773821,4.43008,4.39808,423,48822,0.00998847,0.03,1,158637,158214,423
6776741,21.686,21.6796,423,48865,0.0419977,0.03,1,158663,158240,423
6779661,22.7372,4.33592,446,48908,0.0483995,0.05,1,158686,158240,446
6782581,19.7474,18.4672,443,48951,0.0336799,0.09,1,158705,158262,443
6785501,19.9495,18.0934,445,48994,0.030736,0.09,1,158725,158280,445
6788421,15.1899,19.6187,439,49037,0.0301472,0.13,1,158739,158300,439
6791341,84.638,15.1237,527,49080,0.0460294,0.01,1,158841,158314,527
6794261,102.528,87.8248,528,49123,0.0172059,0,1,158948,158420,528
6797181,30.9055,103.165,434,49166,0.0274412,0.03,1,158961,158527,434
6800101,7.7811,31.033,423,49209,0.0294882,0.03,1,158963,158540,423
6803021,15.9562,7.8066,439,49252,0.0298976,0.03,1,158981,158542,439
6805941,15.9912,15.9613,437,49295,0.0299795,0.01,1,158997,158560,437
6808861,4.79825,15.9923,423,49338,0.00599591,0,1,158999,158576,423
6811781,17.7597,4.79845,442,49381,0.0251992,0.01,1,159020,158578,442
6814701,22.7519,17.7597,445,49424,0.0450398,0.01,1,159044,158599,445
6817621,14.1504,22.7519,433,49467,0.017008,0.01,1,159056,158623,433
6820541,4.43008,14.1504,423,49510,0.0274016,0.01,1,159058,158635,423
6823461,21.686,4.43008,447,49553,0.0614803,0.05,1,159084,158637,447
6826381,23.5372,21.686,445,49596,0.0682961,0.05,1,159108,158663,445
6829301,19.9074,22.7372,441,49638,0.0376592,0.03,1,159127,158686,441
6832221,19.9815,19.7474,442,49680,0.0475318,0.03,1,159147,158705,442
6835141,15.1963,19.9495,436,49722,0.0495064,0.03,1,159161,158725,436
6838061,84.6393,15.1899,524,49764,0.0179013,0.05,1,159263,158739,524
6840981,101.728,84.638,528,49806,0.0275803,0.01,1,159369,158841,528
6843901,30.7456,102.528,434,49848,0.0295161,0.03,1,159382,158948,434
6846821,7.74911,30.9055,423,49890,0.0299032,0.03,1,159384,158961,423
6849741,15.9498,7.7811,439,49932,0.0299806,0.03,1,159402,158963,439
6852661,16.79,15.9562,438,49974,0.0299961,0.03,1,159419,158981,438
6855581,4.95799,15.9912,424,50016,0.0299992,0,1,159421,158997,424
6858501,17.7916,4.79825,443,50058,0.0139998,0.03,1,159442,158999,443
6861421,21.9583,17.7597,445,50100,0.0268,0.05,1,159465,159020,445
6864341,14.7917,22.7519,434,50142,0.01336,0.01,1,159478,159044,434
6867261,4.55833,14.1504,424,50184,0.010672,0.03,1,159480,159056,424
6870181,23.3117,4.43008,450,50226,0.0421344,0.07,1,159508,159058,450
6873101,22.2623,21.686,446,50268,0.0484269,0.07,1,159530,159084,446
6876021,19.6525,23.5372,441,50310,0.0336854,0.03,1,159549,159108,441
6878941,5.53049,19.9074,424,50352,0.0307371,0.05,1,159551,159127,424
6881861,17.1061,19.9815,424,50394,0.0621474,0.05,1,159571,159147,424
6884781,15.4212,15.1963,425,50436,0.0524295,0.01,1,159586,159161,425
6887701,82.2842,84.6393,422,50478,0.0504859,0.03,1,159685,159263,422
6890621,101.257,101.728,422,50520,0.0180972,0.03,1,159791,159369,422
6893541,30.6514,30.7456,422,50562,0.0276194,0.03,1,159804,159382,422
6896461,7.73027,7.74911,422,50604,0.0295239,0.03,1,159806,159384,422
6899381,15.9461,15.9498,422,50646,0.0299048,0.03,1,159824,159402,422
6902301,16.7892,16.79,422,50688,0.013981,0.03,1,159841,159419,422
6905221,4.95784,4.95799,422,50730,0.0267962,0.01,1,159843,159421,422
6908141,17.7916,17.7916,422,50772,0.00535924,0.03,1,159864,159442,422
6911061,22.7583,21.9583,423,50813,0.0410718,0.01,1,159888,159465,423
6913981,14.1517,14.7917,422,50854,0.0482144,0.01,1,159900,159478,422
6916901,4.43033,4.55833,422,50895,0.0176429,0.05,1,159902,159480,422
6919821,24.8861,23.3117,424,50936,0.0115286,0.05,1,159932,159508,424
6922741,22.5772,22.2623,424,50977,0.0423057,0.03,1,159954,159530,424
6925661,18.9154,19.6525,423,51018,0.0484611,0.03,1,159972,159549,423
6928581,5.38309,5.53049,423,51059,0.0816922,0.07,1,159974,159551,423
6931501,17.0766,17.1061,423,51100,0.0883384,0.05,1,159994,159571,423
6934421,16.2153,15.4212,424,51141,0.129668,0.05,1,160010,159586,424
6937341,81.6431,82.2842,423,51182,0.0499335,0.01,1,160108,159685,423
6940261,100.329,101.257,422,51223,0.00998671,0.03,1,160213,159791,422
6943181,30.4657,30.6514,422,51264,0.0419973,0.03,1,160226,159804,422
6946101,7.69314,7.73027,422,51305,0.0483995,0.03,1,160228,159806,422
6949021,15.9386,15.9461,422,51346,0.0336799,0.01,1,160246,159824,422
6951941,16.7877,16.7892,422,51387,0.014736,0.03,1,160263,159841,422
6954861,4.95755,4.95784,422,51428,0.0269472,0,1,160265,159843,422
6957781,17.7915,17.7916,422,51469,0.00538944,0.05,1,160286,159864,422
6960701,22.7583,22.7583,422,51510,0.00907789,0.05,1,160310,159888,422
6963621,14.1517,14.1517,422,51551,0.00981558,0.01,1,160322,159900,422
6966541,4.43033,4.43033,422,51592,0.00996312,0.01,1,160324,159902,422
6969461,25.6861,24.8861,423,51633,0.0259926,0.05,1,160355,159932,423
6972381,23.5372,22.5772,424,51674,0.0451985,0.05,1,160378,159954,424
6975301,19.9074,18.9154,425,51715,0.0330397,0.09,1,160397,159972,425
6978221,5.58149,5.38309,425,51756,0.0306079,0.09,1,160399,159974,425
6981141,17.1163,1.07662,445,51797,0.0301216,0.09,1,160419,159974,445
6984061,16.2233,16.2153,441,51838,0.0300243,0.14,1,160435,159994,441
6986981,79.2447,16.0431,520,51879,0.126005,0.03,1,160530,160010,520
6989901,99.8489,81.6086,527,51920,0.033201,0,1,160635,160108,527
6992821,29.5698,100.322,434,51961,0.0146402,0.05,1,160647,160213,434
6995741,7.51396,30.4643,423,52002,0.010928,0.05,1,160649,160226,423
6998661,15.9028,7.69287,439,52042,0.0261856,0.03,1,160667,160228,439
7001581,16.7806,15.9386,438,52082,0.0292371,0.01,1,160684,160246,438
7004501,4.95611,16.7877,423,52122,0.0298474,0.03,1,160686,160263,423
7007421,17.7912,4.95754,442,52162,0.0139695,0,1,160707,160265,442
7010341,22.7582,17.7915,445,52202,0.0267939,0.01,1,160731,160286,445
7013261,14.1516,22.7583,433,52242,0.0293588,0.01,1,160743,160310,433
7016181,4.43033,14.1517,423,52282,0.0298718,0.01,1,160745,160322,423
7019101,25.6861,4.43033,452,52322,0.0459744,0.03,1,160776,160324,452
7022021,23.5372,25.6861,444,52362,0.0331949,0.05,1,160799,160355,444
7024941,19.9074,23.5372,440,52402,0.078639,0.03,1,160818,160378,440
7027861,5.58149,19.9074,423,52442,0.0557278,0.03,1,160820,160397,423
7030781,17.9163,5.58149,442,52482,0.0351456,0.03,1,160841,160399,442
7033701,24.3833,17.1163,448,52522,0.0790291,0.03,1,160867,160419,448
7036621,77.6767,16.2233,523,52562,0.151806,0.15,1,160958,160435,523
7039541,93.9353,79.2447,526,52602,0.118361,0.01,1,161056,160530,526
7042461,29.1871,99.8489,434,52642,0.159672,0.01,1,161069,160635,434
7045381,7.43741,29.5698,424,52682,0.167934,0.01,1,161071,160647,424
7048301,15.0875,7.51396,439,52722,0.153587,0.03,1,161088,160649,439
7051221,17.4175,15.9028,439,52762,0.118717,0.03,1,161106,160667,439
7054141,5.0835,16.7806,424,52802,0.111743,0.03,1,161108,160684,424
7057061,17.8167,4.95611,443,52842,0.0943487,0.01,1,161129,160686,443
7059981,22.7633,17.7912,446,52882,0.0908697,0.03,1,161153,160707,446
7062901,14.1527,22.7582,434,52922,0.090174,0.03,1,161165,160731,434
7065821,4.43053,14.1516,424,52962,0.0900348,0.03,1,161167,160743,424
7068741,25.6861,4.43033,453,53002,0.106007,0.05,1,161198,160745,453
7071661,24.3372,25.6861,446,53042,0.0772014,0.03,1,161222,160776,446
7074581,20.0674,23.5372,442,53082,0.0874403,0.09,1,161241,160799,442
7077501,5.61349,19.9074,425,53122,0.0894881,0.05,1,161243,160818,425
7080421,17.1227,5.58149,443,53162,0.0898976,0.03,1,161263,160820,443
7083341,28.2245,17.9163,453,53202,0.16998,0.09,1,161294,160841,453
7086261,7.24491,24.3833,429,53242,0.233996,0.17,1,161296,160867,429
7089181,75.049,77.6767,430,53282,0.342799,0.11,1,161388,160958,430
7092101,91.0098,93.9353,427,53322,0.39656,0.17,1,161483,161056,427
7095021,29.402,29.1871,428,53361,0.343312,0.17,1,161497,161069,428
7097941,7.48039,7.43741,428,53400,0.380662,0.15,1,161499,161071,428
7100861,14.2961,15.0875,427,53439,0.396132,0.11,1,161515,161088,427
7103781,15.6592,17.4175,425,53478,0.391227,0.11,1,161531,161106,425
7106701,4.73184,5.0835,425,53517,0.390245,0.09,1,161533,161108,425
7109621,17.7464,17.8167,425,53556,0.406049,0.09,1,161554,161129,425
7112541,23.5493,22.7633,426,53595,0.42521,0.09,1,161579,161153,426
7115461,14.3099,14.1527,426,53634,0.445042,0.09,1,161591,161165,426
7118381,4.46197,4.43053,426,53673,0.417008,0.11,1,161593,161167,426
7121301,24.8924,25.6861,425,53712,0.411402,0.07,1,161623,161198,425
7124221,24.1785,24.3372,425,53751,0.42628,0.09,1,161647,161222,425
7127141,20.8357,20.0674,426,53790,0.429256,0.09,1,161667,161241,426
7130061,5.76714,5.61349,426,53829,0.477851,0.09,1,161669,161243,426
7132981,17.1534,17.1227,426,53868,0.45557,0.19,1,161689,161263,426
7135901,34.6307,28.2245,434,53907,0.643114,0.25,1,161728,161294,434
7138821,8.52614,7.24491,434,53946,0.648623,0.37,1,161730,161296,434
7141741,78.5052,75.049,438,53985,0.665725,0.41,1,161826,161388,438
7144661,93.301,91.0098,440,54024,0.781145,0.33,2,161923,161483,440
7147581,30.6602,29.402,441,54063,0.836229,0.39,2,161938,161497,441
7150501,7.73204,7.48039,441,54102,0.815246,0.4,2,161940,161499,441
7153421,14.3464,14.2961,441,54141,0.811049,0.39,2,161956,161515,441
7156341,15.6693,15.6592,441,54180,0.84221,0.39,2,161972,161531,441
7159261,4.73386,4.73184,441,54219,0.816442,0.41,2,161974,161533,441
7162181,18.5468,17.7464,442,54258,0.811288,0.43,2,161996,161554,442
7165101,23.7094,23.5493,442,54297,0.842258,0.45,2,162021,161579,442
7168021,14.3419,14.3099,442,54336,0.848452,0.41,2,162033,161591,442
7170941,4.46837,4.46197,442,54375,0.84969,0.41,2,162035,161593,442
7173861,25.6937,24.8924,443,54414,0.865938,0.43,2,162066,161623,443
7176781,24.3387,24.1785,443,54453,0.869188,0.43,2,162090,161647,443
7179701,21.6677,20.8357,444,54492,0.885838,0.49,2,162111,161667,444
7182621,5.93355,5.76714,444,54531,0.905168,0.45,2,162113,161669,444
7185541,17.9867,17.1534,445,54570,0.893034,0.69,2,162134,161689,445
7382641,10,20,441,26280,0.03,0.49,1,164059,163618,441
7385561,48.4,7.2,495,26361,0.014,0,1,164117,163622,495
7388481,131.28,157.44,452,26441,0.0108,0.18,1,164269,163817,452
7391401,66.256,65.888,459,26521,0.05816,0.05,1,164319,163860,459
7394321,28.4512,52.3776,429,26601,0.083632,0.01,1,164338,163909,429
7397241,17.6902,28.0755,422,26681,0.0887264,0,1,164353,163931,422
7400161,22.738,16.0151,433,26760,0.0577453,0.01,1,164377,163944,433
7403081,48.5476,40.803,441,26839,0.0515491,0.03,1,164432,163991,441
7406001,40.9095,37.7606,443,26918,0.0503098,0.01,1,164471,164028,443
7408921,16.1819,30.7521,424,26997,0.050062,0.01,1,164481,164057,424
7411841,50.4364,54.1504,423,27075,0.0100124,0.01,1,164540,164117,423
7414761,134.087,132.43,426,27153,0.0260025,0.07,1,164695,164269,426
7417681,66.0175,66.486,425,27231,0.0772005,0.09,1,164744,164319,425
7420601,30.0035,28.4972,427,27309,0.0394401,0.09,1,164765,164338,427
7423521,17.2007,17.6994,426,27387,0.063888,0.05,1,164779,164353,426
7426441,21.0401,22.7399,424,27464,0.0367776,0.05,1,164801,164377,424
7429361,46.608,48.548,422,27541,0.0473555,0.05,1,164854,164432,422
7432281,42.1216,40.9096,424,27618,0.0174711,0.05,1,164895,164471,424
7435201,14.8243,16.1819,422,27695,0.0434942,0,1,164903,164481,422
7438121,50.1649,50.4364,422,27771,0.0326988,0.03,1,164962,164540,422
7441041,134.033,134.087,422,27847,0.0145398,0.09,1,165117,164695,422
7443961,66.0066,66.0175,422,27923,0.058908,0.03,1,165166,164744,422
7446881,30.8013,30.0035,423,27999,0.0357816,0.07,1,165188,164765,423
7449801,17.3603,17.2007,423,28075,0.0791563,0.03,1,165202,164779,423
7452721,21.0721,21.0401,423,28150,0.0878313,0.05,1,165224,164801,423
7455641,46.6144,46.608,423,28225,0.0735663,0.01,1,165277,164854,423
7458561,41.3229,42.1216,422,28300,0.0707133,0.05,1,165317,164895,422
7461481,14.6646,14.8243,422,28375,0.0381427,0.05,1,165325,164903,422
7464401,49.3329,2.96486,480,28450,0.0316285,0.03,1,165383,164903,480
7467321,133.867,47.793,576,28524,0.0303257,0.01,1,165538,164962,576
7470241,66.7733,133.559,471,28598,0.0300651,0.07,1,165588,165117,471
7473161,30.9547,65.9117,444,28672,0.046013,0.03,1,165610,165166,444
7476081,18.1909,30.7823,437,28746,0.0652026,0.09,1,165625,165188,437
7479001,22.0382,17.3565,446,28820,0.0690405,0.09,1,165648,165202,446
7481921,46.8076,21.0713,477,28893,0.117808,0.07,1,165701,165224,477
7484841,39.7615,46.6143,462,28966,0.143562,0.07,1,165739,165277,462
7487761,14.3523,41.3229,430,29039,0.164712,0.03,1,165747,165317,430
7490681,48.4705,14.6646,479,29112,0.0409425,0.03,1,165804,165325,479
7493601,133.694,49.3329,576,29185,0.0161885,0.03,1,165959,165383,576
7496521,68.3388,133.867,473,29258,0.0112377,0.03,1,166011,165538,473
7499441,31.2678,66.7733,445,29330,0.0262475,0.05,1,166033,165588,445
7502361,19.0536,30.9547,439,29402,0.0292495,0.07,1,166049,165610,439
7505281,23.8107,18.1909,449,29474,0.0458499,0.07,1,166074,165625,449
7508201,47.9621,22.0382,480,29546,0.06517,0.13,1,166128,165648,480
7511121,41.5924,46.8076,467,29618,0.053034,0.15,1,166168,165701,467
7514041,14.7185,39.7615,437,29689,0.0506068,0.17,1,166176,165739,437
7516961,42.1437,14.3523,478,29760,0.0181214,0.01,1,166225,165747,478
7519881,133.229,48.4705,577,29831,0.0116243,0.01,1,166381,165804,577
7522801,28.2457,133.694,424,29902,0.0103249,0.01,1,166383,165959,424
7525721,45.6491,68.3388,422,29973,0.026065,0.03,1,166433,166011,422
7528641,27.5298,31.2678,423,30044,0.013213,0.03,1,166456,166033,423
7531561,19.106,19.0536,424,30114,0.0266426,0.05,1,166473,166049,424
7534481,23.8212,23.8107,424,30184,0.0613285,0.07,1,166498,166074,424
7537401,48.7642,47.9621,425,30254,0.0682657,0.05,1,166553,166128,425
7540321,40.9528,41.5924,424,30324,0.0216531,0.05,1,166592,166168,424
7543241,14.5906,14.7185,424,30394,0.0443306,0.01,1,166600,166176,424
7546161,40.5181,42.1437,422,30464,0.0168661,0.01,1,166647,166225,422
7549081,132.904,133.229,422,30533,0.0273732,0.01,1,166803,166381,422
7552001,28.1807,28.2457,422,30602,0.0294746,0.03,1,166805,166383,422
7554921,46.4361,45.6491,423,30671,0.0778949,0.01,1,166856,166433,423
7557841,26.8872,27.5298,422,30740,0.087579,0.03,1,166878,166456,422
7560761,19.7774,19.106,423,30809,0.0895158,0.07,1,166896,166473,423
7563681,23.9555,23.8212,423,30878,0.121903,0.07,1,166921,166498,423
7566601,48.7911,48.7642,423,30947,0.112381,0.01,1,166976,166553,423
7569521,40.1582,40.9528,422,31015,0.142476,0.05,1,167014,166592,422
7572441,14.4316,14.5906,422,31083,0.116495,0.01,1,167022,166600,422
7575361,40.4863,40.5181,422,31151,0.191299,0.03,1,167069,166647,422
7578281,132.897,132.904,422,31219,0.0622598,0.03,1,167225,166803,422
7581201,28.1795,28.1807,422,31287,0.036452,0.03,1,167227,166805,422
7584121,47.2359,5.63614,474,31355,0.0472904,0.09,1,167279,166805,474
7587041,27.0472,41.9272,445,31422,0.0654581,0.09,1,167301,166856,445
7589961,20.6094,25.9854,442,31489,0.0530916,0.09,1,167320,166878,442
7592881,24.9219,19.5971,450,31556,0.0506183,0.13,1,167346,166896,450
7595801,49.7844,23.9194,481,31623,0.0821237,0.11,1,167402,166921,481
7598721,40.3569,48.7839,464,31690,0.0884247,0.15,1,167440,166976,464
7601641,14.4714,40.1568,434,31757,0.0896849,0.11,1,167448,167014,434
7604561,39.6943,14.4314,472,31824,0.137937,0.21,1,167494,167022,472
7607481,131.139,40.4863,579,31890,0.0355874,0.03,1,167648,167069,579
7610401,27.8278,132.897,425,31956,0.0151175,0.03,1,167650,167225,425
7613321,47.1656,28.1794,475,32022,0.0430235,0.05,1,167702,167227,475
7616241,27.8331,47.2359,446,32088,0.0486047,0.07,1,167725,167279,446
7619161,19.9666,27.0472,442,32154,0.0657209,0.05,1,167743,167301,442
7622081,24.7933,20.6094,449,32220,0.0691442,0.05,1,167769,167320,449
7625001,51.3587,24.9219,481,32286,0.0378288,0.09,1,167827,167346,481
7627921,40.6717,49.7844,463,32352,0.0475658,0.09,1,167865,167402,463
7630841,14.5343,40.3569,433,32417,0.0495132,0.09,1,167873,167440,433
7633761,42.1069,14.4714,474,32482,0.0499026,0.15,1,167922,167448,474
7636681,127.621,39.6943,577,32547,0.0499805,0.01,1,168071,167494,577
7639601,27.1243,131.139,425,32612,0.0499961,0.01,1,168073,167648,425
7642521,47.8249,27.8278,476,32677,0.0659992,0.05,1,168126,167650,476
7645441,27.165,47.1656,446,32742,0.0691998,0.05,1,168148,167702,446
7648361,7.03299,27.8331,425,32807,0.06984,0.07,1,168150,167725,425
7651281,15.8066,19.9666,425,32871,0.101968,0.07,1,168168,167743,425
7654201,23.9613,24.7933,425,32935,0.108394,0.03,1,168194,167769,425
7657121,49.5923,51.3587,423,32999,0.141679,0.05,1,168250,167827,423
7660041,41.1185,40.6717,424,33063,0.148336,0.05,1,168289,167865,424
7662961,14.6237,14.5343,424,33127,0.181667,0.05,1,168297,167873,424
7665881,42.1247,42.1069,424,33191,0.172333,0.05,1,168346,167922,424
7668801,127.625,127.621,424,33255,0.154467,0.05,1,168495,168071,424
7671721,27.125,27.1243,424,33319,0.118893,0.07,1,168497,168073,424
7674641,48.625,47.8249,425,33382,0.111779,0.07,1,168551,168126,425
7677561,27.325,27.165,425,33445,0.110356,0.07,1,168573,168148,425
7680481,7.065,7.03299,425,33508,0.110071,0.11,1,168575,168150,425
7683401,15.813,15.8066,425,33571,0.110014,0.11,1,168593,168168,425
7686321,23.9626,23.9613,425,33634,0.126003,0.15,1,168619,168194,425
7689241,51.1925,49.5923,427,33697,0.145201,0.15,1,168677,168250,427
7692161,43.0385,41.1185,429,33760,0.21304,0.19,1,168718,168289,429
7695081,15.0077,14.6237,429,33823,0.194608,0.17,1,168726,168297,429
7698001,41.4015,42.1247,428,33886,0.190922,0.15,1,168774,168346,428
7700921,126.68,127.625,427,33948,0.302184,0.11,1,168922,168495,427
7703841,26.9361,27.125,427,34010,0.324437,0.11,1,168924,168497,427
7706761,46.9872,48.625,425,34072,0.360887,0.11,1,168976,168551,425
7709681,26.9974,27.325,425,34134,0.384177,0.11,1,168998,168573,425
7712601,6.99949,7.065,425,34196,0.388835,0.11,1,169000,168575,425
7715521,15.7999,15.813,425,34258,0.357767,0.11,1,169018,168593,425
7718441,23.96,3.1626,451,34320,0.351553,0.13,1,169044,168593,451
7721361,53.592,21.4325,486,34382,0.382311,0.15,1,169105,168619,486
7724281,45.1184,50.6865,471,34443,0.388462,0.23,1,169148,168677,471
7727201,15.4237,42.9373,438,34504,0.405692,0.19,1,169156,168718,438
7730121,41.4847,14.9875,478,34565,0.409139,0.19,1,169204,168726,478
7733041,130.697,41.3975,583,34626,0.473828,0.33,1,169357,168774,583
7735961,27.7394,126.679,437,34687,0.486766,0.33,1,169359,168922,437
7738881,48.7479,26.9359,489,34748,0.521353,0.37,1,169413,168924,489
7741801,28.1496,46.9872,460,34809,0.544271,0.39,1,169436,168976,460
7744721,7.22991,26.9974,440,34870,0.548854,0.39,1,169438,168998,440
7747641,15.846,6.99949,456,34931,0.549771,0.35,1,169456,169000,456
7750561,23.9692,15.7999,464,34992,0.549954,0.35,1,169482,169018,464
7753481,55.1938,23.96,501,35052,0.565991,0.39,1,169545,169044,501
7756401,46.2388,53.592,484,35112,0.537198,0.39,1,169589,169105,484
7759321,15.6478,45.1184,449,35172,0.53144,0.41,1,169597,169148,449
7762241,41.5296,15.4237,489,35232,0.530288,0.41,1,169645,169156,489
7765161,133.906,41.4847,598,35292,0.562058,0.49,1,169802,169204,598
7768081,28.3812,130.697,447,35352,0.568412,0.49,1,169804,169357,447
7771001,50.4762,27.7394,501,35412,0.585682,0.53,1,169860,169359,501
7773921,29.2952,48.7479,471,35472,0.589136,0.55,1,169884,169413,471
7776841,7.45905,28.1496,450,35532,0.605827,0.55,1,169886,169436,450
7779761,15.8918,7.22991,466,35591,0.625165,0.55,1,169904,169438,466
7782681,23.9784,15.846,474,35650,0.629033,0.55,1,169930,169456,474
7785601,6.39567,23.9692,450,35709,0.629807,0.57,1,169932,169482,450
7788521,51.6791,55.1938,450,35768,0.645961,0.53,1,169995,169545,450
7791441,43.9358,46.2388,448,35827,0.641192,0.53,1,170037,169589,448
7794361,15.1872,15.6478,448,35886,0.664238,0.53,1,170045,169597,448
7797281,41.4374,41.5296,448,35945,0.684848,0.57,1,170093,169645,448
7800201,135.487,133.906,450,36004,0.72097,0.57,1,170252,169802,450
7803121,28.6975,28.3812,450,36063,0.696194,0.59,1,170254,169804,450
7806041,51.3395,50.4762,451,36122,0.691239,0.59,1,170311,169860,451
7808961,30.2679,29.2952,452,36181,0.706248,0.61,1,170336,169884,452
7811881,7.65358,7.45905,452,36239,0.709249,0.63,1,170338,169886,452
7814801,16.7307,15.8918,453,36297,0.69385,0.63,1,170357,169904,453
7817721,24.1461,23.9784,453,36355,0.69077,0.63,1,170383,169930,453
7820641,6.42923,6.39567,453,36413,0.690154,0.65,1,170385,169932,453
7823561,50.8858,51.6791,452,36471,0.690031,0.64,1,170447,169995,452
7826481,44.5772,43.9358,453,36529,0.906006,0.67,2,170490,170037,453
7829401,15.3154,15.1872,453,36587,0.941201,0.69,2,170498,170045,453
7963721,26,17,487,39155,0.85,1,2,172298,171811,487
7966641,23.6,21,488,39209,0.834,1,2,172321,171833,488
7969561,59.12,61.8,484,39263,0.7508,1,2,172389,171905,484
7972481,32.624,31.56,486,39317,0.73416,1,1,172415,171929,486
7975401,26.5248,26.312,486,39371,0.714832,1,1,172440,171954,486
7978321,22.905,22.0624,487,39425,0.726966,1,1,172462,171975,487
7981241,127.781,136.412,476,39479,0.425393,0.95,1,172616,172140,476
7984161,31.9562,38.4825,470,39532,0.333079,0.93,1,172624,172154,470
7987081,33.5912,35.6965,469,39585,0.314616,0.92,1,172658,172189,469
7990001,17.9182,20.7393,466,39638,0.326923,0.97,1,172672,172206,466
7992921,26.7837,28.9479,464,39691,0.281385,0.91,1,172701,172237,464
7995841,22.9567,22.5896,465,39744,0.272277,0.95,1,172723,172258,465
7998761,14.1913,15.7179,463,39797,0.286455,0.85,1,172735,172272,463
8001681,22.8383,23.9436,462,39850,0.289291,0.83,1,172760,172298,462
8004601,20.5677,23.1887,459,39903,0.273858,0.73,1,172780,172321,459
8007521,55.3135,59.0377,455,39956,0.238772,0.73,1,172844,172389,455
8010441,31.0627,32.6075,454,40009,0.199754,0.71,1,172869,172415,454
8013361,25.4125,26.5215,453,40062,0.175951,0.71,1,172893,172440,453
8016281,21.8825,5.3043,474,40115,0.18719,0.73,1,172914,172440,474
8019201,114.777,18.6609,590,40168,0.109438,0.35,1,173052,172462,590
8022121,29.3553,126.932,444,40221,0.0938876,0.31,1,173060,172616,444
8025041,32.2711,31.7864,469,40273,0.0587775,0.31,1,173093,172624,469
8027961,16.8542,33.5573,448,40325,0.0997555,0.33,1,173106,172658,448
8030881,24.9708,17.9115,461,40377,0.0919511,0.27,1,173133,172672,461
8033801,23.3942,26.7823,455,40429,0.13839,0.27,1,173156,172701,455
8036721,13.4788,22.9565,444,40481,0.131678,0.29,1,173167,172723,444
8039641,24.2958,14.1913,459,40533,0.146336,0.29,1,173194,172735,459
8042561,20.0592,22.8383,453,40585,0.133267,0.27,1,173213,172760,453
8045481,51.2118,20.5677,492,40637,0.114653,0.23,1,173272,172780,492
8048401,30.2424,55.3135,453,40689,0.126931,0.19,1,173297,172844,453
8051321,24.4485,31.0627,451,40741,0.145386,0.17,1,173320,172869,451
8054241,23.2897,25.4125,450,40793,0.213077,0.19,1,173343,172893,450
8057161,111.858,21.8825,563,40845,0.258615,0.09,1,173477,172914,563
8060081,29.5716,114.777,434,40897,0.251723,0.09,1,173486,173052,434
8063001,31.5143,29.3553,458,40949,0.282345,0.05,1,173518,173060,458
8065921,17.5029,32.2711,439,41001,0.288469,0.11,1,173532,173093,439
8068841,24.3006,16.8542,452,41052,0.305694,0.09,1,173558,173106,452
8071761,24.0601,24.9708,449,41103,0.309139,0.15,1,173582,173133,449
8074681,12.812,23.3942,436,41154,0.309828,0.13,1,173592,173156,436
8077601,26.5624,13.4788,455,41205,0.277966,0.15,1,173622,173167,455
8080521,19.7125,24.2958,446,41256,0.303593,0.13,1,173640,173194,446
8083441,51.9425,20.0592,487,41307,0.340719,0.11,1,173700,173213,487
8086361,31.1885,51.2118,454,41358,0.348144,0.13,1,173726,173272,454
8089281,26.2377,30.2424,454,41409,0.333629,0.15,1,173751,173297,454
8092201,24.4475,24.4485,455,41460,0.362726,0.23,1,173775,173320,455
8095121,113.69,23.2897,568,41511,0.368545,0.27,1,173911,173343,568
8098041,24.3379,111.858,436,41562,0.369709,0.25,1,173913,173477,436
8100961,13.6676,29.5716,438,41613,0.385942,0.29,1,173924,173486,438
8103881,26.7335,31.5143,436,41664,0.389188,0.29,1,173954,173518,436
8106801,16.5467,17.5029,436,41715,0.357838,0.31,1,173968,173532,436
8109721,24.9093,24.3006,437,41766,0.351568,0.31,1,173995,173558,437
8112641,24.1819,24.0601,437,41817,0.350313,0.31,1,174019,173582,437
8115561,12.8364,12.812,437,41867,0.350063,0.27,1,174029,173592,437
8118481,25.7673,26.5624,436,41917,0.366013,0.31,1,174058,173622,436
8121401,20.3535,19.7125,437,41967,0.401202,0.35,1,174077,173640,437
8124321,53.6707,51.9425,439,42017,0.40824,0.35,1,174139,173700,439
8127241,31.5341,31.1885,439,42067,0.409648,0.33,1,174165,173726,439
8130161,26.3068,26.2377,439,42117,0.39393,0.37,1,174190,173751,439
8133081,25.2614,24.4475,440,42167,0.342786,0.37,1,174215,173775,440
8136001,113.852,113.69,440,42217,0.380557,0.37,1,174351,173911,440
8138921,24.3705,24.3379,440,42267,0.388111,0.39,1,174353,173913,440
8141841,12.8741,13.6676,439,42317,0.357622,0.39,1,174363,173924,439
8144761,26.5748,26.7335,439,42367,0.399524,0.35,1,174393,173954,439
8147681,16.515,16.5467,439,42417,0.407905,0.35,1,174407,173968,439
8150601,24.903,24.9093,439,42467,0.425581,0.35,1,174434,173995,439
8153521,24.1806,24.1819,439,42517,0.445116,0.35,1,174458,174019,439
8156441,12.8361,12.8364,439,42567,0.417023,0.37,1,174468,174029,439
8159361,27.3672,25.7673,441,42617,0.443405,0.41,1,174499,174058,441
8162281,19.8734,20.3535,440,42667,0.480681,0.41,1,174517,174077,440
8165201,53.5747,53.6707,440,42716,0.536136,0.41,1,174579,174139,440
8168121,31.5149,31.5341,440,42765,0.531227,0.39,1,174605,174165,440
8171041,25.503,26.3068,439,42814,0.562245,0.33,1,174629,174190,439
8173961,24.3006,25.2614,438,42863,0.568449,0.39,1,174653,174215,438
8176881,114.46,113.852,439,42912,0.64969,0.39,1,174790,174351,439
8179801,24.492,24.3705,439,42961,0.633938,0.35,1,174792,174353,439
8182721,12.8984,12.8741,439,43010,0.630788,0.35,1,174802,174363,439
8185641,26.5797,2.57482,469,43059,0.630158,0.41,1,174832,174363,469
8188561,16.5159,24.515,453,43108,0.630032,0.41,1,174846,174393,453
8191481,25.7032,16.103,467,43157,0.646006,0.43,1,174874,174407,467
8194401,25.1406,24.8206,465,43206,0.665201,0.45,1,174899,174434,465
8197321,13.8281,24.1641,452,43255,0.70104,0.41,1,174910,174458,452
8200241,28.3656,12.8328,474,43304,0.708208,0.45,1,174942,174468,474
8203161,20.0731,27.3666,461,43353,0.725642,0.49,1,174960,174499,461
8206081,56.0146,19.8733,508,43402,0.745128,0.55,1,175025,174517,508
8209001,32.8029,53.5747,473,43451,0.765026,0.53,2,175052,174579,473
8211921,25.7606,31.5149,471,43500,0.769005,0.57,2,175076,174605,471
8214841,24.3521,25.503,471,43549,0.769801,0.57,2,175100,174629,471
8217761,118.47,24.3006,589,43597,0.81796,0.67,2,175242,174653,589
8220681,25.2941,114.46,454,43645,0.827592,0.63,2,175244,174790,454
8223601,13.0588,24.492,462,43693,0.845518,0.63,2,175254,174792,462
8226521,26.6118,12.8984,482,43741,0.849104,0.63,2,175284,174802,482
8229441,17.3224,26.5797,467,43789,0.833821,0.63,2,175299,174832,467
8232361,25.8645,16.5159,481,43837,0.878764,0.65,2,175327,174846,481
8235281,26.7729,25.7032,480,43885,0.887753,0.67,2,175354,174874,480
8238201,14.9546,25.1406,467,43933,0.889551,0.71,2,175366,174899,467
8241121,29.3909,13.8281,489,43981,0.88991,0.71,2,175399,174910,489
8244041,20.2782,28.3656,475,44029,0.889982,0.73,2,175417,174942,475
8246961,56.8556,20.0731,523,44077,0.873996,0.75,2,175483,174960,523
8249881,33.7711,56.0146,486,44125,0.886799,0.77,2,175511,175025,486
8252801,25.9542,32.8029,483,44173,0.90536,0.77,2,175535,175052,483
8255721,24.3908,25.7606,483,44221,0.909072,0.77,2,175559,175076,483
8460121,103,92,499,21370,0.35,1,1,177885,177386,499
8463041,148.6,63.2,603,21469,0.318,0.9,1,178045,177442,603
8465961,72.12,152.64,481,21568,0.3116,0.93,1,178098,177617,481
8468881,64.024,68.128,496,21666,0.29432,0.69,1,178160,177664,496
8471801,27.2048,54.4256,463,21764,0.322864,0.77,1,178178,177715,463
8474721,14.241,22.0851,460,21861,0.312573,0.61,1,178189,177729,460
8477641,34.8482,46.817,447,21958,0.358515,0.35,1,178229,177782,447
8480561,80.5696,91.7634,436,22055,0.367703,0.31,1,178321,177885,436
8483481,144.914,146.353,437,22151,0.449541,0.31,1,178482,178045,437
8486401,71.3828,71.6705,437,22247,0.513908,0.29,1,178535,178098,437
8489321,63.0766,63.9341,436,22342,0.574782,0.33,1,178596,178160,436
8492241,27.0153,27.1868,436,22437,0.602956,0.31,1,178614,178178,436
8495161,15.0031,14.2374,437,22532,0.608591,0.31,1,178626,178189,437
8498081,35.0006,2.84747,477,22626,0.577718,0.37,1,178666,178189,477
8501001,80.6001,32.5695,529,22720,0.571544,0.37,1,178758,178229,529
8503921,148.92,80.1139,603,22813,0.634309,0.47,1,178924,178321,603
8506841,74.584,144.823,498,22906,0.614862,0.53,1,178980,178482,498
8509761,66.9168,71.3646,510,22999,0.642972,0.59,1,179045,178535,510
8512681,27.7834,63.0729,467,23091,0.680595,0.61,1,179063,178596,467
8515601,15.1567,27.0146,461,23183,0.688119,0.61,1,179075,178614,461
8518521,35.0313,15.0029,489,23274,0.689624,0.57,1,179115,178626,489
8521441,80.6063,35.0006,541,23365,0.721925,0.57,1,179207,178666,541
8524361,152.121,80.6001,619,23456,0.776385,0.65,2,179377,178758,619
8527281,73.6242,148.92,507,23546,0.819277,0.61,2,179431,178924,507
8530201,69.9248,74.584,520,23636,0.827855,0.65,2,179500,178980,520
8533121,28.385,66.9168,473,23726,0.861571,0.69,2,179518,179045,473
8536041,15.277,27.7834,467,23815,0.884314,0.69,2,179530,179063,467
8538961,35.0554,15.1567,495,23904,0.920863,0.69,2,179570,179075,495
8541881,8.61108,35.0313,457,23993,0.928173,0.73,2,179572,179115,457
8544801,76.9222,80.6063,459,24081,0.929635,0.79,2,179666,179207,459
8547721,153.784,152.121,462,24169,0.897927,0.83,2,179839,179377,462
8550641,74.7569,73.6242,463,24257,0.891585,0.83,2,179894,179431,463
8553561,70.9514,69.9248,464,24344,0.922317,0.87,2,179964,179500,464
8556481,30.1903,28.385,466,24431,0.896463,0.89,2,179984,179518,466
8559401,16.4381,15.277,467,24518,0.875293,0.93,2,179997,179530,467
8562321,36.0876,35.0554,468,24604,0.927059,0.93,2,180038,179570,468
8565241,8.81752,8.61108,468,24690,0.937412,0.93,2,180040,179572,468
8568161,75.3635,76.9222,466,24776,0.947482,0.89,2,180132,179666,466
8647001,10,38,500,26990,0.63,1,1,181790,181290,500
8649921,41.2,70,471,27068,0.566,1,1,181839,181368,471
8652841,33.84,31.6,481,27146,0.5052,1,1,181871,181390,481
8655761,33.168,23.92,492,27224,0.47704,1,1,181904,181412,492
8658681,33.0336,34.384,488,27302,0.551408,1,1,181937,181449,488
8661601,25.0067,26.0768,487,27380,0.566282,1,1,181960,181473,487
8664521,58.6013,67.6154,476,27457,0.585256,0.75,1,182027,181551,476
8667441,121.32,139.123,456,27534,0.685051,0.59,1,182164,181708,456
8670361,79.4641,85.4246,453,27611,0.78501,0.63,2,182233,181780,453
8673281,21.4928,25.0849,450,27688,0.789002,0.55,2,182240,181790,450
8676201,41.0986,44.217,447,27764,0.8378,0.49,2,182286,181839,447
8679121,33.8197,34.4434,447,27840,0.84756,0.47,2,182318,181871,447
8682041,30.7639,33.2887,444,27916,0.865512,0.57,2,182348,181904,444
8684961,33.3528,33.0577,445,27992,0.869102,0.57,2,182382,181937,445
8752121,25,74,510,29682,0.49,1,1,183676,183166,510
8755041,26.6,26,523,29753,0.458,1,1,183703,183180,523
8757961,32.52,31.6,524,29824,0.4516,1,1,183737,183213,524
8760881,24.104,41.52,502,29895,0.46632,1,1,183759,183257,502
8763801,30.4208,30.704,506,29966,0.453264,1,1,183791,183285,506
8766721,27.6842,34.1408,498,30037,0.482653,1,1,183818,183320,498
8769641,21.5368,26.0282,494,30107,0.408531,1,1,183838,183344,494
8772561,55.5074,62.8056,486,30177,0.345706,0.85,1,183902,183416,486
8775481,107.901,125.361,466,30247,0.253141,0.55,1,184023,183557,466
8778401,83.1803,100.272,449,30317,0.0906282,0.49,1,184100,183651,449
8781321,36.6361,40.0544,449,30387,0.0741256,0.45,1,184125,183676,449
8784241,26.5272,29.6109,446,30457,0.0548251,0.45,1,184149,183703,446
8787161,30.1054,33.1222,443,30526,0.034965,0.47,1,184180,183737,443
8790081,23.6211,24.2244,443,30595,0.046993,0.45,1,184202,183759,443
8793001,30.3242,30.4449,443,30664,0.0493986,0.49,1,184234,183791,443
8795921,25.2648,27.689,440,30733,0.0338797,0.39,1,184258,183818,440
8798841,22.653,21.5378,442,30802,0.0467759,0.33,1,184280,183838,442
8801761,52.5306,55.5076,438,30871,0.0493552,0.23,1,184340,183902,438
8804681,101.706,107.902,431,30940,0.081871,0.05,1,184454,184023,431
8807601,77.1412,83.1803,425,31008,0.0883742,0.07,1,184525,184100,425
8810521,33.0282,36.6361,422,31076,0.121675,0.05,1,184547,184125,422
8813441,25.8056,26.5272,422,31144,0.064335,0.03,1,184571,184149,422
8816361,29.9611,30.1054,422,31212,0.036867,0.05,1,184602,184180,422
8819281,24.3922,23.6211,423,31280,0.0153734,0.05,1,184625,184202,423
8822201,29.6784,4.72422,454,31348,0.0270747,0.05,1,184656,184202,454
8825121,24.3357,26.5448,445,31415,0.0454149,0.03,1,184679,184234,445
8828041,22.4671,24.509,443,31482,0.065083,0.05,1,184701,184258,443
8830961,54.0934,22.5018,483,31549,0.0690166,0.05,1,184763,184280,483
8833881,103.619,52.5004,539,31616,0.0538033,0.09,1,184879,184340,539
8836801,77.5237,101.7,496,31683,0.0827607,0.09,1,184950,184454,496
8839721,33.1047,77.14,447,31750,0.0885521,0.13,1,184972,184525,447
8842641,22.6209,33.028,445,31817,0.0897104,0.05,1,184992,184547,445
8845561,29.3242,25.8056,452,31883,0.0899421,0.03,1,185023,184571,452
8848481,24.2648,29.9611,444,31949,0.0419884,0.01,1,185046,184602,444
8851401,30.453,24.3922,453,32015,0.0483977,0.03,1,185078,184625,453
8854321,25.2906,29.6784,446,32081,0.0816795,0.05,1,185102,184656,446
8857241,21.8581,24.3357,444,32147,0.120336,0.07,1,185123,184679,444
8860161,55.5716,22.4671,486,32213,0.0800672,0.07,1,185187,184701,486
8863081,103.114,54.0934,539,32279,0.168013,0.05,1,185302,184763,539
8866001,79.0229,103.619,496,32345,0.185603,0.09,1,185375,184879,496
8868921,33.4046,77.5237,447,32410,0.189121,0.09,1,185397,184950,447
8871841,22.6809,33.1047,445,32475,0.189824,0.09,1,185417,184972,445
8874761,27.7362,22.6209,454,32540,0.173965,0.09,1,185446,184992,454
8877681,22.3472,29.3242,444,32605,0.154793,0.03,1,185467,185023,444
8880601,32.4694,24.2648,456,32670,0.134959,0.05,1,185502,185046,456
8883521,26.4939,30.453,449,32735,0.114992,0.09,1,185527,185078,449
8886441,6.89878,25.2906,427,32800,0.110998,0.13,1,185529,185102,427
8889361,19.7798,21.8581,429,32864,0.1422,0.07,1,185552,185123,429
8892281,51.956,55.5716,425,32928,0.19644,0.19,1,185612,185187,425
8895201,107.191,103.114,431,32992,0.255288,0.19,1,185733,185302,431
8898121,79.8382,79.0229,431,33056,0.235058,0.19,1,185806,185375,431
8901041,33.5676,33.4046,431,33120,0.231012,0.19,1,185828,185397,431
8903961,22.7135,22.6809,431,33184,0.230202,0.17,1,185848,185417,431
8906881,26.9427,27.7362,430,33248,0.26204,0.15,1,185876,185446,430
8909801,21.3885,22.3472,429,33312,0.268408,0.13,1,185896,185467,429
8912721,29.8777,32.4694,426,33375,0.285682,0.11,1,185928,185502,426
8915641,26.7755,26.4939,427,33438,0.289136,0.11,1,185954,185527,427
8918561,6.95511,6.89878,427,33501,0.257827,0.15,1,185956,185529,427
8921481,21.391,19.7798,429,33564,0.299565,0.21,1,185981,185552,429
8924401,53.0782,51.956,430,33627,0.323913,0.27,1,186042,185612,430
8927321,109.816,107.191,433,33690,0.360783,0.23,1,186166,185733,433
8930241,80.3631,79.8382,433,33753,0.416157,0.23,1,186239,185806,433
8933161,33.6726,33.5676,433,33816,0.411231,0.23,1,186261,185828,433
8936081,22.7345,22.7135,433,33879,0.426246,0.27,1,186281,185848,433
8939001,26.9469,26.9427,433,33941,0.461249,0.27,1,186309,185876,433
8941921,22.1894,21.3885,434,34003,0.45225,0.29,1,186330,185896,434
8944841,30.0379,29.8777,434,34065,0.45045,0.29,1,186362,185928,434
8947761,26.8076,26.7755,434,34127,0.45009,0.25,1,186388,185954,434
8950681,6.96151,6.95511,434,34189,0.482018,0.31,1,186390,185956,434
8953601,22.9923,21.391,436,34251,0.472404,0.31,1,186417,185981,436
8956521,52.5985,4.2782,496,34313,0.454481,0.33,1,186477,185981,496
8959441,112.12,49.6556,562,34375,0.466896,0.37,1,186604,186042,562
8962361,82.4239,109.131,513,34437,0.469379,0.43,1,186679,186166,513
8965281,35.6848,80.2262,464,34498,0.517876,0.41,1,186703,186239,464
8968201,23.137,33.6452,462,34559,0.527575,0.43,1,186723,186261,462
8971121,27.0274,22.729,470,34620,0.529515,0.47,1,186751,186281,470
8974041,23.0055,26.9458,464,34681,0.529903,0.45,1,186773,186309,464
8976961,30.2011,22.1892,475,34742,0.529981,0.45,1,186805,186330,475
8979881,26.8402,30.0378,469,34803,0.545996,0.45,1,186831,186362,469
8982801,6.96804,26.8076,445,34864,0.549199,0.49,1,186833,186388,445
8985721,22.1936,6.96151,469,34925,0.54984,0.47,1,186859,186390,469
8988641,53.2387,22.9923,503,34986,0.597968,0.45,1,186920,186417,503
8991561,113.048,52.5985,571,35046,0.639594,0.47,1,187048,186477,571
8994481,83.4095,112.12,520,35106,0.695919,0.47,1,187124,186604,520
8997401,37.4819,82.4239,471,35166,0.739184,0.53,1,187150,186679,471
9000321,23.4964,35.6848,467,35226,0.747837,0.53,1,187170,186703,467
9003241,27.0993,23.137,475,35286,0.765567,0.53,2,187198,186723,475
9006161,23.0199,27.0274,469,35346,0.769113,0.53,2,187220,186751,469
9009081,31.004,23.0055,480,35406,0.753823,0.53,2,187253,186773,480
9012001,27.0008,30.2011,474,35466,0.750765,0.55,2,187279,186805,474
9014921,7.00016,26.8402,450,35526,0.750153,0.55,2,187281,186831,450
9017841,22.2,6.96804,474,35586,0.750031,0.55,2,187307,186833,474
9020761,55.64,22.1936,512,35645,0.750006,0.61,2,187371,186859,512
9023681,12.728,53.2387,453,35704,0.750001,0.65,2,187373,186920,453
9026601,105.746,113.048,454,35763,0.83,0.71,2,187502,187048,454
9029521,84.3491,83.4095,457,35822,0.862,0.75,2,187581,187124,457
9032441,39.2698,37.4819,459,35881,0.8684,0.75,2,187609,187150,459
9035361,24.654,23.4964,460,35940,0.88568,0.77,2,187630,187170,460
9038281,27.3308,27.0993,460,35999,0.905136,0.77,2,187658,187198,460
9041201,23.0662,23.0199,460,36058,0.909027,0.75,2,187680,187220,460
9044121,30.2132,31.004,459,36117,0.909805,0.75,2,187712,187253,459
9047041,26.8426,27.0008,459,36176,0.909961,0.75,2,187738,187279,459
9049961,6.96853,7.00016,459,36234,0.877992,0.75,2,187740,187281,459
9052881,22.1937,22.2,459,36292,0.903598,0.75,2,187766,187307,459
9055801,55.6387,55.64,459,36350,0.92472,0.75,2,187830,187371,459
9058721,12.7277,12.728,459,36408,0.896944,0.85,2,187832,187373,459
9061641,108.146,105.746,462,36466,0.939389,0.87,2,187964,187502,462
9210561,31,43,480,39312,0.77,1,2,189972,189492,480
9213481,28.6,25.4,487,39366,0.754,1,2,190000,189513,487
9216401,27.32,25.08,489,39420,0.7908,1,2,190027,189538,489
9219321,26.264,25.016,490,39474,0.74216,1,1,190053,189563,490
9222241,24.4528,24.2032,490,39528,0.764432,1,2,190077,189587,490
9225161,28.8906,20.0406,501,39581,0.736886,1,1,190107,189606,501
9228081,28.1781,30.4081,496,39634,0.683377,1,1,190135,189639,496
9231001,16.8356,29.2816,481,39687,0.656675,1,1,190149,189668,481
9233921,23.3671,22.6563,485,39740,0.683335,1,1,190174,189689,485
9236841,31.8734,34.9313,481,39793,0.624667,1,1,190208,189727,481
9239761,21.5747,27.7863,474,39846,0.660933,0.85,1,190227,189753,474
9242681,83.5149,91.9573,465,39899,0.540187,0.79,1,190326,189861,465
9245601,78.303,82.3914,462,39952,0.436037,0.77,1,190403,189941,462
9248521,36.4606,41.2783,457,40005,0.447207,0.75,1,190429,189972,457
9251441,26.4921,30.6557,453,40058,0.433442,0.75,1,190453,190000,453
9254361,26.8984,6.13113,480,40111,0.598688,0.8,1,190480,190000,480
9257281,27.7797,22.8262,481,40164,0.623738,0.73,1,190508,190027,481
9260201,26.3559,25.3652,481,40217,0.628748,0.77,1,190534,190053,481
9263121,27.6712,24.273,485,40270,0.661749,0.73,1,190562,190077,485
9266041,26.3342,28.8546,481,40322,0.62035,0.67,1,190588,190107,481
9268961,16.4668,28.1709,467,40374,0.64407,0.65,1,190602,190135,467
9271881,22.4934,16.8342,477,40426,0.648814,0.69,1,190626,190149,477
9274801,31.6987,23.3668,486,40478,0.665763,0.61,1,190660,190174,486
9277721,19.9397,31.8734,469,40530,0.685153,0.67,1,190677,190208,469
9280641,79.9879,21.5747,545,40582,0.689031,0.51,1,190772,190227,545
9283561,73.5976,83.5149,518,40634,0.737806,0.41,1,190844,190326,518
9286481,34.7195,78.303,466,40686,0.731561,0.45,1,190869,190403,466
9289401,34.1439,36.4606,474,40738,0.746312,0.43,1,190903,190429,474
9292321,30.0288,26.4921,479,40790,0.829262,0.64,2,190932,190453,479
9295241,26.0058,26.8984,477,40842,0.829853,0.63,2,190957,190480,477
9298161,26.8012,27.7797,476,40894,0.877971,0.63,2,190984,190508,476
9417881,27,19,479,42958,0.89,1,2,192402,191923,479
9420801,39.8,26.2,494,43007,0.778,1,2,192445,191951,494
9423721,32.76,5.24,525,43056,0.7076,1,1,192476,191951,525
9426641,29.752,21.048,529,43105,0.54952,1,1,192505,191976,529
9429561,27.5504,21.0096,535,43154,0.453904,1,1,192532,191997,535
9431021,26.3101,19.4019,542,43203,0.402781,1,1,192558,192016,542
9476281,381.262,461.48,440,18980,0.184556,0.31,1,193028,192588,440
9479201,188.252,151.496,506,19818,0.0769112,0.13,1,193168,192662,506
9482121,92.8505,121.499,461,19925,0.0553822,0.01,1,193237,192776,461
9485041,58.5701,73.8998,449,20031,0.0510764,0.03,1,193287,192838,449
9487961,61.314,63.58,450,20137,0.0662153,0.05,1,193349,192899,450
9490881,66.6628,53.516,467,20242,0.0372431,0.05,1,193417,192950,467
9493801,27.7326,46.7032,440,20347,0.0314486,0.13,1,193435,192995,440
9496721,130.347,35.7406,563,20451,0.0942897,0.05,1,193591,193028,563
9499641,82.8693,119.148,494,20555,0.106858,0.05,1,193662,193168,494
9502561,54.9739,79.0296,473,20658,0.0453716,0.05,1,193710,193237,473
9505481,62.1948,55.8059,487,20761,0.0330743,0.07,1,193774,193287,487
9508401,64.439,60.7612,490,20863,0.0306149,0.03,1,193839,193349,490
9511321,28.8878,66.5522,442,20965,0.030123,0.03,1,193859,193417,442
9514241,7.37756,27.7104,426,21066,0.0300246,0.11,1,193861,193435,426
9517161,127.876,130.342,428,21167,0.142005,0.11,1,194019,193591,428
9520081,81.5751,82.8684,427,21267,0.180401,0.03,1,194089,193662,427
9523001,51.515,54.9737,423,21367,0.15608,0.03,1,194133,193710,423
9525921,61.503,62.1947,423,21466,0.199216,0.03,1,194197,193774,423
9528841,63.5006,64.4389,422,21565,0.127843,0.03,1,194261,193839,422
9531761,29.5001,28.8878,423,21663,0.0655686,0.03,1,194282,193859,423
9534681,7.50002,7.37756,423,21761,0.0531137,0.17,1,194284,193861,423
9537601,133.5,127.876,430,21858,0.114623,0.19,1,194449,194019,430
9540521,83.5,81.5751,431,21955,0.174925,0.15,1,194520,194089,431
9543441,50.3,51.515,429,22052,0.218985,0.21,1,194562,194133,429
9546361,62.06,61.503,430,22148,0.243797,0.11,1,194627,194197,430
9549281,59.612,63.5006,425,22244,0.280759,0.05,1,194686,194261,425
9552201,27.9224,29.5001,424,22339,0.272152,0.05,1,194706,194282,424
9555121,7.18448,7.50002,424,22434,0.27043,0.13,1,194708,194284,424
9558041,135.037,133.5,426,22529,0.318086,0.13,1,194875,194449,426
9560961,87.0074,26.7,501,22623,0.327617,0.19,1,194950,194449,501
9563881,51.0015,62.14,472,22717,0.345523,0.23,1,194992,194520,472
9566801,63.0003,46.028,496,22810,0.349105,0.25,1,195058,194562,496
9569721,62.2001,61.2056,493,22903,0.365821,0.29,1,195120,194627,493
9572641,28.44,59.4411,454,22996,0.369164,0.27,1,195140,194686,454
9575561,7.288,27.8882,436,23088,0.369833,0.27,1,195142,194706,436
9578481,137.458,7.17764,604,23180,0.417967,0.33,1,195312,194708,604
9581401,87.4915,135.036,512,23271,0.459593,0.33,1,195387,194875,512
9584321,51.8983,87.0071,480,23362,0.515919,0.35,1,195430,194950,480
9587241,63.9797,51.0014,505,23453,0.511184,0.35,1,195497,194992,505
9590161,62.3959,63.0003,501,23543,0.526237,0.37,1,195559,195058,501
9593081,28.4792,62.2001,459,23633,0.529247,0.37,1,195579,195120,459
9596001,7.29584,28.44,441,23723,0.529849,0.37,1,195581,195140,441
9598921,139.859,7.288,612,23812,0.59397,0.43,1,195754,195142,612
9601841,90.3718,137.458,520,23901,0.622794,0.47,1,195832,195312,520
9604761,19.6744,87.4915,447,23990,0.628559,0.53,1,195834,195387,447
9607681,39.1349,51.8983,448,24078,0.661712,0.51,1,195878,195430,448
9610601,60.627,63.9797,447,24166,0.716342,0.53,1,195944,195497,447
9613521,62.5254,62.3959,448,24254,0.759269,0.53,2,196007,195559,448
9616441,28.5051,28.4792,448,24341,0.735854,0.53,1,196027,195579,448
9619361,7.30102,7.29584,448,24428,0.731171,0.61,1,196029,195581,448
9622281,143.06,139.859,452,24515,0.778234,0.63,2,196206,195754,452
9625201,91.812,90.3718,453,24601,0.771647,0.63,2,196285,195832,453
9628121,19.9624,19.6744,453,24687,0.802329,0.67,2,196287,195834,453
9631041,40.7925,39.1349,455,24773,0.840466,0.73,2,196333,195878,455
9633961,61.7585,60.627,456,24859,0.880093,0.77,2,196400,195944,456
9636881,64.3517,62.5254,458,24944,0.904019,0.73,2,196465,196007,458
9639801,28.8703,28.5051,458,25029,0.908804,0.73,2,196485,196027,458
9642721,7.37407,7.30102,458,25114,0.909761,0.79,2,196487,196029,458
9742001,31,7,522,27837,0.87,1,2,198436,197914,522
9744921,107,137.4,478,27913,0.598,1,1,198562,198084,478
9747841,97.4,99.48,483,27989,0.3196,1,1,198657,198174,483
9750761,40.28,35.896,489,28065,0.18392,1,1,198683,198194,489
9753681,22.456,27.9792,481,28140,0.076784,1,1,198701,198220,481
9756601,71.6912,65.5958,490,28215,0.0713568,1,1,198785,198295,490
9759521,52.7382,63.5192,475,28290,0.0542714,0.91,1,198833,198358,475
9762441,25.7476,31.1038,471,28365,0.0508543,0.91,1,198852,198381,471
9765361,23.5495,6.22077,494,28440,0.0661709,0.91,1,198875,198381,494
9768281,23.1099,20.4442,493,28514,0.0372342,0.87,1,198898,198405,493
9771201,90.222,28.8888,569,28588,0.0954468,0.53,1,199005,198436,569
9774121,82.8444,106.578,524,28662,0.107089,0.25,1,199086,198562,524
9777041,33.3689,97.3156,450,28736,0.0934179,0.15,1,199107,198657,450
9779961,20.2738,40.2631,441,28810,0.106684,0.05,1,199124,198683,441
9782881,70.4548,22.4526,506,28883,0.0453367,0.07,1,199207,198701,506
9785801,52.491,71.6905,470,28956,0.0650673,0.05,1,199255,198785,470
9788721,25.6982,52.7381,441,29029,0.0210135,0.05,1,199274,198833,441
9791641,23.5396,25.7476,445,29102,0.0602027,0.07,1,199297,198852,445
9794561,23.1079,23.5495,445,29175,0.0520405,0.03,1,199320,198875,445
9797481,93.4216,23.1099,533,29248,0.0664081,0.11,1,199431,198898,533
9800401,83.4843,90.222,507,29320,0.0852816,0.11,1,199512,199005,507
9803321,32.6969,82.8444,446,29392,0.0890563,0.09,1,199532,199086,446
9806241,20.9394,33.3689,443,29464,0.105811,0.11,1,199550,199107,443
9809161,68.1879,20.2738,506,29536,0.0931623,0.03,1,199630,199124,506
9812081,50.4376,70.4548,469,29608,0.0746325,0.07,1,199676,199207,469
9815001,28.4875,52.491,444,29679,0.0389265,0.01,1,199699,199255,444
9817921,23.2975,25.6982,447,29750,0.0637853,0.07,1,199721,199274,447
9820841,22.2595,23.5396,446,29821,0.0847571,0.05,1,199743,199297,446
9823761,6.0519,23.1079,425,29892,0.0889514,0.07,1,199745,199320,425
9826681,91.6104,93.4216,427,29963,0.12179,0.09,1,199858,199431,427
9829601,82.3221,83.4843,426,30034,0.128358,0.09,1,199938,199512,426
9832521,33.2644,32.6969,427,30104,0.129672,0.11,1,199959,199532,427
9835441,21.8529,20.9394,428,30174,0.113934,0.09,1,199978,199550,428
9838361,65.1706,68.1879,424,30244,0.142787,0.07,1,200054,199630,424
9841281,49.0341,50.4376,423,30314,0.196557,0.03,1,200099,199676,423
9844201,29.8068,28.4875,425,30384,0.159311,0.07,1,200124,199699,425
9847121,24.3614,23.2975,426,30454,0.167862,0.09,1,200147,199721,426
9850041,22.4723,22.2595,426,30523,0.137572,0.09,1,200169,199743,426
9852961,6.09445,6.0519,426,30592,0.147514,0.13,1,200171,199745,426
9855881,91.6189,91.6104,426,30661,0.245503,0.13,1,200284,199858,426
9858801,82.3238,82.3221,426,30730,0.281101,0.13,1,200364,199938,426
9861721,33.2648,33.2644,426,30799,0.33622,0.11,1,200385,199959,426
9864641,22.653,21.8529,427,30868,0.315244,0.15,1,200405,199978,427
9867561,65.3306,65.1706,427,30937,0.519049,0.21,1,200481,200054,427
9870481,51.4661,49.0341,430,31005,0.54381,0.15,1,200529,200099,430
9873401,29.4932,29.8068,429,31073,0.612762,0.17,1,200553,200124,429
9876321,23.4986,24.3614,428,31141,0.642552,0.13,1,200575,200147,428
9879241,23.8997,22.4723,430,31209,0.61651,0.15,1,200599,200169,430
9882161,6.37995,6.09445,430,31277,0.611302,0.15,1,200601,200171,430
9885081,94.876,1.21889,547,31345,0.62626,0.27,1,200718,200171,547
9888001,83.7752,90.6438,515,31413,0.677252,0.29,1,200799,200284,515
9890921,34.355,82.1288,457,31480,0.68745,0.35,1,200821,200364,457
9893841,22.871,33.2258,456,31547,0.70549,0.31,1,200841,200385,456
9896761,74.1742,22.6451,523,31614,0.757098,0.57,2,200928,200405,523
9899681,54.0348,65.329,496,31681,0.75142,0.55,2,200977,200481,496
9902601,31.607,51.4658,474,31748,0.750284,0.63,2,201003,200529,474
9905521,24.7214,29.4932,473,31815,0.782057,0.65,2,201026,200553,473
9908441,22.5443,23.4986,473,31881,0.788411,0.61,2,201048,200575,473
9911361,6.10886,23.8997,451,31947,0.789682,0.61,2,201050,200599,451
9914281,97.2218,6.37995,569,32013,0.901936,0.63,2,201170,200601,569
9917201,86.6444,94.876,536,32079,0.908387,0.69,2,201254,200718,536
9920121,34.9289,83.7752,477,32145,0.925677,0.69,2,201276,200799,477
9923041,23.7858,34.355,476,32211,0.913136,0.71,2,201297,200821,476
10019401,23,0,515,34311,0.63,1,1,202752,202237,515
10022321,53.4,20,551,34373,0.326,1,1,202813,202262,551
10025241,55.48,76,517,34435,0.1052,1,1,202869,202352,517
10028161,31.896,48,502,34496,0.02104,1,1,202895,202393,502
10031081,31.1792,30.4,507,34557,0.028208,1,1,202926,202419,507
10034001,41.4358,35.68,514,34618,0.0136416,1,1,202970,202456,514
10036921,32.2872,33.536,511,34679,0.00272832,1,1,203000,202489,511
10039841,79.2574,29.1072,574,34740,0.00854566,1,1,203091,202517,574
10042761,60.6515,76.2214,542,34801,0.0577091,1,1,203147,202605,542
10045681,25.7303,75.2443,484,34862,0.0515418,0.84,1,203164,202680,484
10048601,21.1461,35.8489,478,34923,0.0183084,0.71,1,203184,202706,478
10051521,20.2292,25.5698,475,34984,0.0276617,0.63,1,203204,202729,475
10054441,34.4458,23.514,490,35044,0.0455323,0.25,1,203242,202752,490
10057361,45.2892,53.5028,477,35104,0.0331065,0.05,1,203290,202813,477
10060281,30.6578,55.5006,448,35164,0.00662129,0,1,203317,202869,448
10063201,30.1316,31.9001,452,35224,0.0573243,0.03,1,203347,202895,452
10066121,41.2263,31.18,465,35284,0.0194649,0.01,1,203391,202926,465
10069041,32.2453,41.436,451,35344,0.011893,0,1,203421,202970,451
10071961,80.0491,32.2872,513,35404,0.00237859,0.01,1,203513,203000,513
10074881,63.2098,79.2574,481,35464,0.00847572,0.07,1,203572,203091,481
10077801,23.842,60.6515,439,35524,0.00169514,0.05,1,203586,203147,439
10080721,20.7684,25.7303,442,35584,0.040339,0.01,1,203606,203164,442
10083641,20.1537,21.1461,442,35643,0.0480678,0.03,1,203626,203184,442
10086561,5.63074,20.2292,424,35702,0.0496136,0.05,1,203628,203204,424
10089481,30.7261,34.4458,423,35761,0.0499227,0.03,1,203665,203242,423
10092401,44.5452,45.2892,423,35820,0.0179845,0,1,203713,203290,423
10095321,30.509,30.6578,423,35879,0.0275969,0.07,1,203740,203317,423
10098241,29.3018,30.1316,422,35938,0.0295194,0.01,1,203769,203347,422
10101161,41.8604,41.2263,423,35997,0.0299039,0.01,1,203814,203391,423
10104081,31.5721,32.2453,422,36056,0.0139808,0,1,203843,203421,422
10107001,79.9144,80.0491,422,36115,0.00279615,0.01,1,203935,203513,422
10109921,63.9829,63.2098,423,36174,0.0885592,0,1,203995,203572,423
10112841,23.9966,23.842,423,36232,0.0737118,0.05,1,204009,203586,423
10115761,21.5993,20.7684,424,36290,0.0387424,0.05,1,204030,203606,424
10118681,20.3199,20.1537,424,36348,0.0477485,0.05,1,204050,203626,424
10121601,5.66397,5.63074,424,36406,0.0495497,0.05,1,204052,203628,424
10124521,29.1328,30.7261,422,36464,0.0979099,0.01,1,204087,203665,422
10127441,44.2266,44.5452,422,36522,0.027582,0.03,1,204135,203713,422
10130361,30.4453,30.509,422,36580,0.0295164,0.03,1,204162,203740,422
10133281,29.2891,29.3018,422,36638,0.0299033,0.03,1,204191,203769,422
10136201,41.8578,41.8604,422,36696,0.0299807,0.01,1,204236,203814,422
10139121,31.5716,31.5721,422,36754,0.0139961,0,1,204265,203843,422
10142041,79.9143,79.9144,422,36811,0.00279923,0.11,1,204357,203935,422
10144961,66.3829,63.9829,425,36868,0.0885598,0.07,1,204420,203995,425
10147881,23.6766,23.9966,424,36925,0.089712,0.03,1,204433,204009,424
10150801,20.7353,21.5993,423,36982,0.0899424,0.05,1,204453,204030,423
10153721,21.7471,20.3199,425,37039,0.0579885,0.05,1,204475,204050,425
10156641,5.94941,5.66397,425,37096,0.0515977,0.11,1,204477,204052,425
10159561,30.7899,29.1328,427,37153,0.0663195,0.11,1,204514,204087,427
10162481,39.758,5.82656,469,37210,0.0372639,0.01,1,204556,204087,469
10165401,29.5516,39.5653,448,37267,0.0314528,0.03,1,204583,204135,448
10168321,29.1103,29.5131,450,37324,0.0302906,0.03,1,204612,204162,450
10171241,41.8221,29.1026,466,37381,0.00605811,0.03,1,204657,204191,466
10174161,31.5644,41.8205,450,37438,0.0252116,0.01,1,204686,204236,450
10177081,79.9129,31.5641,513,37494,0.0130423,0,1,204778,204265,513
10180001,68.7826,79.9128,487,37550,0.0426085,0.11,1,204844,204357,487
10182921,23.3565,66.3826,436,37606,0.0485217,0.09,1,204856,204420,436
10185841,20.6713,23.6765,443,37662,0.0657043,0.09,1,204876,204433,443
10188761,20.1343,20.7353,443,37718,0.101141,0.05,1,204896,204453,443
10191681,5.62685,21.7471,423,37774,0.108228,0.05,1,204898,204475,423
10194601,32.3254,5.94941,460,37830,0.125646,0.07,1,204937,204477,460
10197521,38.4651,30.7899,463,37886,0.161129,0.03,1,204977,204514,463
10200441,29.293,39.758,448,37942,0.0562258,0.03,1,205004,204556,448
10203361,29.0586,29.5516,450,37998,0.0672452,0.03,1,205033,204583,450
10206281,41.8117,29.1103,466,38054,0.013449,0,1,205078,204612,466
10209201,31.5623,41.8221,450,38110,0.0266898,0.03,1,205107,204657,450
10212121,79.9125,31.5644,513,38165,0.029338,0.01,1,205199,204686,513
10215041,70.3825,79.9129,489,38220,0.0298676,0.05,1,205267,204778,489
10217961,23.6765,68.7826,435,38275,0.0459735,0.05,1,205279,204844,435
10220881,22.3353,23.3565,445,38330,0.0491947,0.07,1,205301,204856,445
10223801,21.2671,20.6713,446,38385,0.0818389,0.11,1,205322,204876,446
10226721,5.85341,20.1343,428,38440,0.0883678,0.11,1,205324,204896,428
10229641,34.7707,5.62685,468,38495,0.0896736,0.13,1,205366,204898,468
10232561,34.1541,32.3254,463,38550,0.137935,0.17,1,205400,204937,463
10235481,26.8308,38.4651,448,38605,0.0515869,0.03,1,205425,204977,448
10238401,6.96617,29.293,423,38660,0.0343174,0.07,1,205427,205004,423
10241321,23.7932,29.0586,422,38715,0.0628635,0,1,205455,205033,422
10244241,41.5586,41.8117,423,38770,0.0205727,0.03,1,205501,205078,423
10247161,30.7117,31.5623,422,38824,0.0281145,0.03,1,205529,205107,422
10250081,79.7423,79.9125,422,38878,0.0296229,0.03,1,205621,205199,422
10253001,71.9485,70.3825,424,38932,0.0299246,0.05,1,205691,205267,424
10255921,23.9897,23.6765,424,38986,0.0459849,0.05,1,205703,205279,424
10258841,23.1979,22.3353,425,39040,0.033197,0.09,1,205726,205301,425
10261761,22.2396,21.2671,426,39094,0.0466394,0.09,1,205748,205322,426
10264681,6.04792,5.85341,426,39148,0.0653279,0.09,1,205750,205324,426
10267601,36.4096,34.7707,428,39202,0.0850656,0.15,1,205794,205366,428
10270521,35.2819,34.1541,429,39256,0.137013,0.03,1,205829,205400,429
10273441,22.2564,26.8308,423,39310,0.131403,0.03,1,205848,205425,423
10276361,6.05128,6.96617,423,39364,0.130281,0.07,1,205850,205427,423
10279281,25.2103,23.7932,425,39418,0.0980561,0.01,1,205880,205455,425
10282201,39.4421,41.5586,422,39472,0.0276112,0.03,1,205923,205501,422
10285121,30.2884,30.7117,422,39526,0.0455222,0.03,1,205951,205529,422
10288041,79.6577,79.7423,422,39579,0.0331044,0.03,1,206043,205621,422
10290961,71.9315,71.9485,422,39632,0.0306209,0.05,1,206113,205691,422
10293881,23.9863,23.9897,422,39685,0.0621242,0.03,1,206125,205703,422
10296801,23.9973,23.1979,423,39738,0.0364248,0.05,1,206149,205726,423
10299721,23.9995,22.2396,425,39791,0.031285,0.07,1,206173,205748,425
10302641,6.39989,6.04792,425,39844,0.00625699,0.09,1,206175,205750,425
10305561,38.88,36.4096,428,39897,0.0412514,0.15,1,206222,205794,428
10308481,34.976,35.2819,427,39950,0.0162503,0.13,1,206256,205829,427
10311401,19.7952,22.2564,424,40003,0.0432501,0.13,1,206272,205848,424
10314321,5.55904,6.05128,424,40056,0.04865,0.09,1,206274,205850,424
10317241,29.9118,25.2103,430,40109,0.04973,0.09,1,206310,205880,430
10320161,33.1824,5.04205,464,40162,0.065946,0.01,1,206344,205880,464
10323081,29.0365,35.4084,449,40215,0.0371892,0.05,1,206372,205923,449
10326001,79.4073,29.4817,513,40268,0.00743784,0.03,1,206464,205951,513
10328921,71.8815,79.4963,491,40320,0.0414876,0.03,1,206534,206043,491
10331841,24.7763,71.8993,434,40372,0.0322975,0.07,1,206547,206113,434
10334761,24.1553,23.9799,446,40424,0.0304595,0.03,1,206571,206125,446
10337681,24.0311,23.996,446,40476,0.0300919,0.03,1,206595,206149,446
10340601,6.40621,23.9992,424,40528,0.00601838,0,1,206597,206173,424
10343521,38.0812,6.39984,468,40580,0.0412037,0.05,1,206643,206175,468
10346441,34.8162,38.88,455,40632,0.0642407,0.01,1,206677,206222,455
10349361,20.5632,34.976,438,40684,0.100848,0.05,1,206694,206256,438
10352281,5.71265,19.7952,424,40736,0.0761696,0.05,1,206696,206272,424
10355201,29.9425,5.55904,458,40788,0.0712339,0.05,1,206732,206274,458
10358121,34.7885,29.9118,458,40840,0.0862468,0.07,1,206768,206310,458
10361041,26.9577,33.1824,449,40892,0.0252494,0.03,1,206793,206344,449
10363961,78.9915,29.0365,513,40944,0.0130499,0,1,206885,206372,513
10366881,71.7983,79.4073,491,40996,0.02661,0.05,1,206955,206464,491
10369801,25.5597,71.8815,435,41047,0.029322,0.03,1,206969,206534,435
10372721,24.3119,24.7763,446,41098,0.0298644,0.03,1,206993,206547,446
10375641,23.2624,24.1553,445,41149,0.0459729,0.03,1,207016,206571,445
10378561,6.25248,24.0311,423,41200,0.0171946,0,1,207018,206595,423
10381481,39.6505,6.40621,469,41251,0.0594389,0.05,1,207066,206597,469
10384401,36.7301,38.0812,459,41302,0.0838878,0.07,1,207102,206643,459
10387321,21.746,34.8162,443,41353,0.0887776,0.11,1,207120,206677,443
10390241,5.9492,20.5632,428,41404,0.0897555,0.07,1,207122,206694,428
10393161,29.9898,5.71265,462,41455,0.113951,0.07,1,207158,206696,462
10396081,33.998,29.9425,461,41506,0.15879,0.09,1,207193,206732,461
10399001,8.39959,34.7885,427,41557,0.167758,0.01,1,207195,206768,427
10401921,17.6799,26.9577,422,41608,0.201552,0.01,1,207215,206793,422
10404841,77.136,78.9915,422,41659,0.0963103,0.03,1,207307,206885,422
10407761,72.2272,71.7983,423,41710,0.0432621,0.03,1,207378,206955,423
10410681,25.6454,25.5597,423,41761,0.0326524,0.03,1,207392,206969,423
10413601,24.3291,24.3119,423,41812,0.0625305,0.05,1,207416,206993,423
10416521,22.4658,23.2624,422,41862,0.0365061,0.01,1,207438,207016,422
10419441,6.09316,6.25248,422,41912,0.0633012,0.07,1,207440,207018,422
10422361,42.0186,39.6505,425,41962,0.0206602,0.09,1,207491,207066,425
10425281,38.0037,36.7301,426,42012,0.044132,0.09,1,207528,207102,426
10428201,22.0007,21.746,426,42062,0.0968264,0.09,1,207546,207120,426
10431121,6.00015,5.9492,426,42112,0.0753653,0.12,1,207548,207122,426
10434041,32.4,29.9898,429,42162,0.0710731,0.17,1,207587,207158,429
10436961,35.28,33.998,430,42212,0.0862146,0.17,1,207623,207193,430
10439881,8.656,8.39959,430,42262,0.121243,0.21,1,207625,207195,430
10442801,18.5312,17.6799,431,42312,0.112249,0.07,1,207646,207215,431
10445721,70.1062,77.136,422,42362,0.0464497,0.03,1,207729,207307,422
10448641,71.6212,72.2272,423,42412,0.0812899,0.03,1,207801,207378,423
10451561,25.5242,25.6454,423,42462,0.088258,0.07,1,207815,207392,423
10454481,24.3049,24.3291,423,42512,0.0576516,0.03,1,207839,207416,423
10457401,22.461,22.4658,423,42562,0.0515303,0.07,1,207861,207438,423
10460321,6.09219,6.09316,423,42612,0.0503061,0.01,1,207863,207440,423
10463241,41.2184,42.0186,422,42662,0.0500612,0.05,1,207913,207491,422
10466161,40.2437,38.0037,425,42711,0.0500122,0.11,1,207953,207528,425
10469081,22.4487,22.0007,425,42760,0.0660024,0.07,1,207971,207546,425
10472001,6.08975,6.00015,425,42809,0.0372005,0.07,1,207973,207548,425
10474921,32.418,32.4,425,42858,0.0794401,0.09,1,208012,207587,425
10477841,36.0836,35.28,426,42907,0.071888,0.13,1,208049,207623,426
10480761,8.81672,8.656,426,42956,0.0703776,0.11,1,208051,207625,426
10483681,19.3633,18.5312,427,43005,0.0700755,0.11,1,208073,207646,427
10486601,65.4727,3.70624,504,43054,0.0380151,0.03,1,208150,207646,504
10489521,72.2945,67.1412,495,43103,0.047603,0.09,1,208224,207729,495
10492441,25.6589,71.0283,437,43152,0.0495206,0.09,1,208238,207801,437
10495361,24.3318,25.4056,447,43201,0.0499041,0.05,1,208262,207815,447
10498281,22.4664,24.2811,445,43250,0.0499808,0.05,1,208284,207839,445
10501201,6.09327,22.4562,425,43299,0.0499962,0.05,1,208286,207861,425
10504121,39.6187,6.09124,471,43348,0.0499992,0.05,1,208334,207863,471
10507041,39.9237,41.2182,461,43397,0.0179998,0.05,1,208374,207913,461
10509961,23.1847,40.2436,440,43446,0.0436,0.07,1,208393,207953,440
10512881,6.23695,22.4487,424,43495,0.04872,0.03,1,208395,207971,424
10515801,34.0474,6.08975,463,43544,0.081744,0.09,1,208436,207973,463
10518721,36.4095,32.4179,461,43592,0.0723488,0.07,1,208473,208012,461
10521641,8.8819,36.0836,426,43640,0.0704698,0.07,1,208475,208049,426
10524561,19.3764,8.81672,446,43688,0.102094,0.07,1,208497,208051,446
10527481,66.2753,19.3633,502,43736,0.0924188,0.03,1,208575,208073,502
10530401,70.8551,65.4727,497,43784,0.122484,0.05,1,208647,208150,497
10533321,25.371,72.2945,437,43832,0.176497,0.05,1,208661,208224,437
10536241,24.2742,25.6589,447,43880,0.203299,0.05,1,208685,208238,447
10539161,22.4548,24.3318,445,43928,0.20866,0.05,1,208707,208262,445
10542081,6.09097,22.4664,425,43976,0.209732,0.05,1,208709,208284,425
10545001,39.6182,6.09327,471,44024,0.209946,0.05,1,208757,208286,471
10547921,39.1236,39.6187,462,44072,0.225989,0.01,1,208796,208334,462
10550841,23.8247,39.9237,442,44120,0.197198,0.05,1,208816,208374,442
10553761,6.36495,23.1847,425,44168,0.19144,0.05,1,208818,208393,425
10556681,34.073,6.23695,464,44216,0.238288,0.09,1,208859,208395,464
10559601,38.0146,34.0474,462,44264,0.295658,0.07,1,208898,208436,462
10562521,9.20292,36.4095,427,44312,0.275132,0.07,1,208900,208473,427
10565441,20.2406,8.8819,448,44360,0.287026,0.11,1,208923,208475,448
10568361,66.4481,19.3764,504,44408,0.337405,0.09,1,209001,208497,504
10571281,73.2896,66.2753,501,44456,0.363481,0.13,1,209076,208575,501
10574201,16.2579,70.8551,431,44503,0.368696,0.19,1,209078,208647,431
10577121,14.4516,25.371,431,44550,0.401739,0.21,1,209092,208661,431
10580041,22.8903,24.2742,432,44597,0.472348,0.21,1,209117,208685,432
10582961,22.1781,22.4548,432,44644,0.47047,0.21,1,209139,208707,432
10585881,6.03561,6.09097,432,44691,0.502094,0.21,1,209141,208709,432
10588801,39.6071,39.6182,432,44738,0.476419,0.23,1,209189,208757,432
10591721,38.3214,39.1236,431,44785,0.503284,0.19,1,209227,208796,431
10594641,24.4643,23.8247,432,44832,0.492657,0.19,1,209248,208816,432
10597561,6.49286,6.36495,432,44879,0.490531,0.25,1,209250,208818,432
10600481,36.4986,34.073,435,44926,0.490106,0.31,1,209294,208859,435
10603401,38.4997,38.0146,435,44973,0.490021,0.27,1,209333,208898,435
10606321,9.29994,9.20292,435,45020,0.522004,0.29,1,209335,208900,435
10609241,21.86,20.2406,437,45067,0.512401,0.35,1,209360,208923,437
10612161,66.772,66.4481,437,45114,0.54248,0.37,1,209438,209001,437
10615081,77.3544,73.2896,442,45161,0.548496,0.37,1,209518,209076,442
10618001,17.0709,16.2579,442,45208,0.581699,0.41,1,209520,209078,442
10620921,15.4142,14.4516,443,45255,0.57234,0.49,1,209535,209092,443
10623841,24.6828,22.8903,445,45302,0.618468,0.47,1,209562,209117,445
10626761,22.5366,22.1781,445,45349,0.659694,0.51,1,209584,209139,445
10629681,6.10731,6.03561,445,45396,0.667939,0.47,1,209586,209141,445
10632601,39.6215,39.6071,445,45442,0.717588,0.51,1,209634,209189,445
10635521,38.3243,38.3214,445,45488,0.695518,0.49,1,209672,209227,445
10638441,25.2649,24.4643,446,45534,0.691104,0.49,1,209694,209248,446
10641361,6.65297,6.49286,446,45580,0.690221,0.49,1,209696,209250,446
10644281,36.5306,36.4986,446,45626,0.690044,0.49,1,209740,209294,446
10647201,38.5061,38.4997,446,45672,0.690009,0.53,1,209779,209333,446
10650121,9.30122,9.29994,446,45718,0.738002,0.51,1,209781,209335,446
10653041,21.0602,21.86,445,45764,0.7316,0.55,1,209805,209360,445
10655961,68.212,66.772,447,45810,0.71432,0.55,1,209885,209438,447
10658881,79.2424,77.3544,449,45856,0.726864,0.59,1,209967,209518,449
10661801,17.4485,17.0709,449,45902,0.761373,0.57,2,209969,209520,449
10664721,16.2897,15.4142,450,45948,0.736275,0.57,1,209985,209535,450
10667641,26.4579,3.08283,479,45994,0.771255,0.63,2,210014,209535,479
10670561,25.2916,22.2166,477,46040,0.778251,0.67,2,210039,209562,477
10673481,6.65832,22.0433,457,46086,0.74765,0.67,1,210041,209584,457
10676401,39.7317,6.00866,503,46132,0.74953,0.73,1,210089,209586,503
10679321,38.3463,39.6017,493,46178,0.749906,0.69,1,210127,209634,493
10682241,25.2693,38.3203,477,46224,0.749981,0.69,1,210149,209672,477
10685161,6.65385,25.2641,457,46270,0.749996,0.69,1,210151,209694,457
10688081,37.3308,6.65281,500,46316,0.733999,0.69,1,210196,209696,500
10691001,38.6662,36.5306,495,46362,0.7148,0.69,1,210235,209740,495
10693921,9.33323,38.5061,458,46407,0.71096,0.75,1,210237,209779,458
10696841,21.8666,9.30122,481,46452,0.726192,0.73,1,210262,209781,481
10699761,67.5733,21.0602,536,46497,0.761238,0.71,2,210341,209805,536
10702681,79.9147,68.212,539,46542,0.800248,0.73,2,210424,209885,539
10705601,17.5829,79.2424,459,46587,0.80805,0.77,2,210426,209967,459
10708521,17.1166,17.4485,474,46632,0.80961,0.73,2,210443,209969,474
10879341,123,128,452,21900,0.37,0.69,1,212692,212240,452
10915841,94.2,94.4,453,22630,0.45,0.65,1,212779,212326,453
10918761,65.24,48.48,474,22724,0.45,0.47,1,212837,212363,474
10921681,36.248,48.096,455,22817,0.434,0.41,1,212866,212411,455
10924601,70.4496,41.6192,494,22910,0.4628,0.31,1,212945,212451,494
10927521,34.8899,54.7238,462,23003,0.46856,0.35,1,212971,212509,462
10930441,25.378,31.7448,459,23095,0.469712,0.37,1,212994,212535,459
10933361,61.0756,33.549,495,23187,0.565942,0.41,1,213064,212569,495
10936281,65.8151,64.3098,490,23278,0.617189,0.47,1,213131,212641,490
10939201,132.363,123.262,501,23369,0.659438,0.45,1,213280,212779,501
10942121,48.8726,71.0524,471,23460,0.667888,0.43,1,213308,212837,471
10945041,72.9745,37.4105,521,23550,0.701578,0.47,1,213387,212866,521
10947961,36.9949,70.6821,470,23640,0.724315,0.47,1,213415,212945,470
10950881,25.799,34.9364,467,23730,0.744863,0.47,1,213438,212971,467
10953801,66.7598,25.3873,521,23819,0.796973,0.59,2,213515,212994,521
10956721,67.752,61.0775,519,23908,0.807395,0.63,2,213583,213064,519
10959641,15.1504,65.8155,454,23997,0.809479,0.67,2,213585,213131,454
10962561,123.03,132.363,455,24085,0.857896,0.67,2,213735,213280,455
10965481,47.006,48.8726,455,24173,0.899579,0.71,2,213763,213308,455
10968401,74.2012,72.9745,457,24261,0.891916,0.73,2,213844,213387,457
10971321,38.0402,36.9949,458,24348,0.874383,0.75,2,213873,213415,458
10974241,27.608,25.799,460,24435,0.886877,0.81,2,213898,213438,460
11088121,36,53,483,27615,0.95,1,2,216185,215702,483
11091041,31.2,34.6,483,27692,0.926,1,2,216215,215732,483
11093961,47.04,37.32,496,27768,0.9612,1,2,216266,215770,496
11096881,35.808,37.064,492,27844,0.92024,1,2,216299,215807,492
11219521,91,95,495,30875,0.77,1,2,218452,217957,495
11222441,79,87.8,485,30944,0.738,1,1,218528,218043,485
11225361,50.2,47.16,491,31012,0.5556,1,1,218571,218080,491
11228281,34.84,37.432,487,31080,0.43912,1,1,218602,218115,487
11231201,46.968,49.8864,484,31148,0.287824,0.99,1,218652,218168,484
11234121,46.9936,41.1773,492,31216,0.0655648,1,1,218699,218207,492
11237041,37.3987,43.4355,483,31284,0.037113,1,1,218734,218251,483
11239961,29.0797,8.68709,510,31352,0.0154226,1,1,218761,218251,510
11242881,30.6159,28.1374,508,31419,0.0270845,0.9,1,218792,218284,508
11245801,34.1232,33.6275,508,31486,0.0134169,0.87,1,218827,218319,508
11248721,74.8246,40.3255,551,31553,0.0106834,0.77,1,218912,218361,551
11251641,69.3649,80.8651,528,31620,0.0261367,0.73,1,218980,218452,528
11254561,43.473,76.973,489,31687,0.0932273,0.51,1,219017,218528,489
11257481,28.6946,49.7946,471,31754,0.0906455,0.41,1,219042,218571,471
11260401,38.5389,34.7589,481,31821,0.106129,0.25,1,219083,218602,481
11263321,40.5078,46.9518,472,31887,0.109226,0.01,1,219124,218652,472
11266241,33.7016,46.9904,457,31953,0.0938452,0.03,1,219156,218699,457
11269161,29.1403,37.3981,450,32019,0.074769,0.01,1,219184,218734,450
11272081,30.6281,29.0796,454,32085,0.0389538,0.03,1,219215,218761,454
11275001,33.3256,30.6159,457,32151,0.0157908,0.01,1,219249,218792,457
11277921,74.6651,34.1232,507,32217,0.0111582,0.01,1,219334,218827,507
11280841,70.133,74.8246,491,32283,0.0102316,0.03,1,219403,218912,491
11283761,46.0266,69.3649,463,32349,0.0420463,0.11,1,219443,218980,463
11286681,26.0053,43.473,447,32414,0.0804093,0.09,1,219464,219017,447
11289601,41.2011,28.6946,467,32479,0.136082,0.11,1,219509,219042,467
11292521,39.4402,38.5389,465,32544,0.163216,0.11,1,219548,219083,465
11295441,35.088,40.5078,458,32609,0.216643,0.09,1,219582,219124,458
11298361,25.4176,33.7016,449,32674,0.211329,0.07,1,219605,219156,449
11301281,29.8835,29.1403,452,32739,0.194266,0.03,1,219636,219184,452
11304201,7.5767,30.6281,423,32804,0.190853,0.01,1,219638,219215,423
11307121,29.5153,33.3256,424,32868,0.142171,0.01,1,219673,219249,424
11310041,73.9031,74.6651,424,32932,0.0364341,0.01,1,219758,219334,424
11312961,69.1806,70.133,423,32996,0.0312868,0.05,1,219826,219403,423
11315881,49.0361,46.0266,427,33060,0.0462574,0.09,1,219870,219443,427
11318801,26.6072,26.0053,427,33124,0.0332515,0.15,1,219891,219464,427
11321721,43.7214,41.2011,430,33188,0.11065,0.17,1,219939,219509,430
11324641,39.9443,39.4402,430,33252,0.11013,0.23,1,219978,219548,430
11327561,35.9889,35.088,431,33316,0.070026,0.21,1,220013,219582,431
11330481,24.7978,25.4176,430,33379,0.0860052,0.19,1,220035,219605,430
11333401,28.9596,29.8835,429,33442,0.057201,0.19,1,220065,219636,429
11336321,7.39191,7.5767,429,33505,0.0514402,0.13,1,220067,219638,429
11339241,27.0784,29.5153,426,33568,0.098288,0.01,1,220099,219673,426
11342161,70.2157,73.9031,422,33631,0.0916576,0.03,1,220180,219758,422
11345081,68.4431,69.1806,422,33694,0.0423315,0.05,1,220248,219826,422
11348001,48.8886,49.0361,422,33757,0.0644663,0.03,1,220292,219870,422
11350921,27.3777,26.6072,423,33820,0.0528933,0.13,1,220314,219891,423
11353841,46.2755,43.7214,426,33883,0.114579,0.11,1,220365,219939,426
11356761,39.6551,39.9443,425,33945,0.0949157,0.06,1,220403,219978,425
11359681,35.131,35.9889,424,34007,0.274983,0.09,1,220437,220013,424
11362601,24.6262,24.7978,424,34069,0.318997,0.05,1,220459,220035,424
11365521,29.7252,28.9596,425,34131,0.375799,0.05,1,220490,220065,425
11368441,7.54505,7.39191,425,34193,0.38716,0.11,1,220492,220067,425
11371361,27.909,27.0784,426,34255,0.373432,0.11,1,220525,220099,426
11374281,67.9818,5.41568,504,34317,0.434686,0.09,1,220603,220099,504
11377201,66.3964,65.8831,489,34379,0.414937,0.03,1,220669,220180,489
11380121,50.0793,67.5766,467,34441,0.442987,0.07,1,220715,220248,467
11383041,27.6159,48.7153,445,34502,0.416597,0.05,1,220737,220292,445
11385961,47.9232,27.3431,476,34563,0.443319,0.13,1,220790,220314,476
11388881,39.9846,46.2686,463,34624,0.464664,0.09,1,220828,220365,463
11391801,44.7969,39.6537,471,34685,0.532933,0.32,1,220874,220403,471
11394721,27.3594,35.1307,460,34746,0.530587,0.33,1,220897,220437,460
11397641,30.2719,24.6261,469,34807,0.578117,0.39,1,220928,220459,469
11400561,7.65438,29.7252,440,34868,0.587623,0.39,1,220930,220490,440
11403481,28.7309,7.54505,472,34929,0.589525,0.37,1,220964,220492,472
11406401,71.3462,27.909,521,34990,0.605905,0.45,1,221046,220525,521
11409321,65.4692,67.9818,507,35050,0.673181,0.41,1,221110,220603,507
11412241,49.8938,66.3964,487,35110,0.702636,0.45,1,221156,220669,487
11415161,27.5788,50.0793,463,35170,0.724527,0.41,1,221178,220715,463
11418081,49.5158,27.6159,496,35230,0.744905,0.45,1,221233,220737,496
11421001,42.7031,47.9232,484,35290,0.764981,0.47,2,221274,220790,484
11423921,46.9406,39.9846,494,35350,0.848996,0.55,2,221322,220828,494
11426841,28.5881,44.7969,472,35410,0.865799,0.53,2,221346,220874,472
11429761,31.3176,27.3594,481,35470,0.86916,0.59,2,221378,220897,481
11432681,7.86352,30.2719,452,35530,0.869832,0.59,2,221380,220928,452
11435601,28.7727,7.65438,484,35589,0.917966,0.59,2,221414,220930,484
11438521,72.1545,28.7309,533,35648,0.943593,0.61,2,221497,220964,533
11441441,16.0309,71.3462,453,35707,0.948719,0.69,2,221499,221046,453
11549481,33,29,529,37835,0.65,1,1,223012,222483,529
11552401,41,40.2,529,37891,0.49,1,1,223055,222526,529
11555321,33.8,34.44,528,37947,0.346,1,1,223087,222559,528
11558241,36.36,26.888,540,38003,0.2852,1,1,223124,222584,540
11561161,36.872,49.3776,522,38059,0.24104,1,1,223161,222639,522
11564081,38.5744,34.6755,530,38115,0.216208,1,1,223200,222670,530
11567001,27.7149,57.3351,492,38170,0.147242,1,1,223225,222733,492
11569921,61.543,30.667,538,38225,0.0374483,0.98,1,223295,222757,538
11572841,35.5086,51.7334,510,38280,0.0634897,1,1,223324,222814,510
11575761,26.3017,31.1467,508,38335,0.0846979,1,1,223348,222840,508
11578681,49.2603,34.2293,528,38390,0.0889396,0.81,1,223403,222875,528
11581601,33.0521,62.8459,487,38445,0.121788,0.71,1,223432,222945,487
11584521,29.0104,39.7692,481,38500,0.128358,0.65,1,223460,222979,481
11587441,33.8021,34.3538,483,38555,0.0816715,0.45,1,223495,223012,483
11590361,27.5604,41.2708,466,38610,0.136334,0.31,1,223521,223055,466
11593281,7.11208,33.8542,436,38665,0.147267,0.27,1,223523,223087,436
11596201,27.8224,36.3708,432,38720,0.133453,0.23,1,223556,223124,432
11599121,34.3645,36.8742,431,38775,0.146691,0.21,1,223592,223161,431
11602041,38.8729,38.5748,432,38829,0.261338,0.13,1,223632,223200,432
11604961,26.1746,27.715,430,38883,0.252268,0.01,1,223655,223225,430
11607881,54.8349,61.543,422,38937,0.170454,0.07,1,223717,223295,422
11610801,38.967,35.5086,428,38991,0.0900907,0.09,1,223752,223324,428
11613721,25.3934,26.3017,426,39045,0.0740181,0.09,1,223774,223348,426
11616641,50.6787,49.2603,428,39099,0.0228036,0.13,1,223831,223403,428
11619561,31.7357,33.0521,426,39153,0.0605607,0.13,1,223858,223432,426
11622481,30.3471,29.0104,428,39207,0.0361121,0.07,1,223888,223460,428
11625401,32.4694,33.8021,426,39261,0.0472224,0.15,1,223921,223495,426
11628321,28.0939,27.5604,427,39315,0.0654445,0.15,1,223948,223521,427
11631241,7.21878,7.11208,427,39369,0.0850889,0.13,1,223950,223523,427
11634161,27.0438,27.8224,426,39423,0.105018,0.15,1,223982,223556,426
11637081,35.8088,34.3645,428,39477,0.141004,0.29,1,224020,223592,428
11640001,44.7618,38.8729,435,39530,0.180201,0.25,1,224067,223632,435
11642921,24.9523,26.1746,432,39583,0.18804,0.15,1,224087,223655,432
11645841,48.9905,54.8349,425,39636,0.221608,0.07,1,224142,223717,425
11648761,36.9981,38.967,424,39689,0.156322,0.07,1,224176,223752,424
11651681,23.3996,25.3934,422,39742,0.167264,0.01,1,224196,223774,422
11654601,51.0799,50.6787,423,39795,0.0734529,0.07,1,224254,223831,423
11657521,31.816,31.7357,423,39848,0.0226906,0.03,1,224281,223858,423
11660441,30.3632,30.3471,423,39901,0.0285381,0.05,1,224311,223888,423
11663361,31.6726,32.4694,422,39954,0.0617076,0.07,1,224343,223921,422
11666281,29.5345,28.0939,424,40007,0.0683415,0.09,1,224372,223948,424
11669201,7.50691,7.21878,424,40060,0.0696683,0.09,1,224374,223950,424
11672121,27.1014,1.44376,456,40113,0.0859337,0.11,1,224406,223950,456
11675041,37.4203,25.8888,464,40166,0.0731867,0.15,1,224446,223982,464
11677961,46.6841,35.5777,475,40219,0.102637,0.19,1,224495,224020,475
11680881,25.3368,44.7156,448,40271,0.124527,0.19,1,224515,224067,448
11683801,51.4674,24.9431,486,40323,0.160905,0.23,1,224573,224087,486
11686721,34.2935,48.9886,461,40375,0.144181,0.14,1,224603,224142,461
11689641,19.6587,36.9977,443,40427,0.132836,0.17,1,224619,224176,443
11692561,48.7317,23.3995,479,40479,0.162567,0.05,1,224675,224196,479
11695481,31.3463,51.0799,448,40531,0.168513,0.01,1,224702,224254,448
11698401,31.0693,31.816,452,40583,0.153703,0.03,1,224733,224281,452
11701321,31.8139,30.3632,454,40635,0.166741,0.07,1,224765,224311,454
11704241,31.1628,31.6726,453,40687,0.153348,0.07,1,224796,224343,453
11707161,7.83255,29.5345,426,40739,0.15067,0.07,1,224798,224372,426
11710081,27.9665,7.50691,457,40791,0.182134,0.09,1,224831,224374,457
11713001,39.1933,27.1014,467,40843,0.188427,0.07,1,224873,224406,467
11715921,46.2387,37.4203,475,40895,0.221685,0.11,1,224921,224446,475
11718841,26.8477,46.6841,448,40947,0.244337,0.13,1,224943,224495,448
11721761,50.9695,25.3368,485,40999,0.264867,0.17,1,225000,224515,485
11724681,34.1939,51.4674,457,41050,0.268973,0.14,1,225030,224573,457
11727601,19.6388,34.2935,443,41101,0.269795,0.13,1,225046,224603,443
11730521,50.3278,19.6587,485,41152,0.301959,0.17,1,225104,224619,485
11733441,31.6656,48.7317,456,41203,0.292392,0.17,1,225131,224675,456
11736361,30.3331,31.3463,459,41254,0.290478,0.15,1,225161,224702,459
11739281,32.4666,31.0693,461,41305,0.306096,0.17,1,225194,224733,461
11742201,31.2933,31.8139,460,41356,0.309219,0.15,1,225225,224765,460
11745121,7.85866,31.1628,431,41407,0.309844,0.15,1,225227,224796,431
11748041,28.7717,7.83255,463,41458,0.309969,0.19,1,225261,224798,463
11750961,40.1543,27.9665,473,41509,0.357994,0.19,1,225304,224831,473
11753881,9.63087,39.1933,433,41560,0.335599,0.23,1,225306,224873,433
11756801,40.3262,46.2387,433,41611,0.41112,0.25,1,225354,224921,433
11759721,26.4652,26.8477,434,41662,0.410224,0.27,1,225377,224943,434
11762641,51.693,50.9695,435,41713,0.474045,0.27,1,225435,225000,435
11765561,34.3386,34.1939,435,41764,0.518809,0.27,1,225465,225030,435
11768481,19.6677,19.6388,435,41815,0.527762,0.31,1,225481,225046,435
11771401,51.9335,50.3278,437,41865,0.609552,0.29,1,225541,225104,437
11774321,31.1867,31.6656,436,41915,0.65791,0.29,1,225567,225131,436
11777241,30.2373,30.3331,436,41965,0.635582,0.31,1,225597,225161,436
11780161,34.0475,32.4666,438,42015,0.663116,0.31,1,225632,225194,438
11783081,30.8095,31.2933,437,42065,0.716623,0.31,1,225662,225225,437
11786001,7.7619,7.85866,437,42115,0.727325,0.31,1,225664,225227,437
11788921,28.7524,28.7717,437,42165,0.729465,0.37,1,225698,225261,437
11791841,42.5505,40.1543,440,42215,0.697893,0.33,1,225744,225304,440
11794761,10.1101,9.63087,440,42265,0.691579,0.43,1,225746,225306,440
11797681,41.222,40.3262,441,42315,0.738316,0.41,1,225795,225354,441
11800601,28.2444,26.4652,443,42365,0.763663,0.49,2,225820,225377,443
11803521,54.4489,51.693,446,42415,0.784733,0.53,2,225881,225435,446
11806441,34.8898,34.3386,446,42465,0.788947,0.53,2,225911,225465,446
11809361,19.778,19.6677,446,42515,0.821789,0.63,2,225927,225481,446
11812281,56.7556,51.9335,452,42565,0.860358,0.67,2,225993,225541,452
11815201,32.9511,31.1867,453,42615,0.900072,0.63,2,226020,225567,453
11818121,30.5902,30.2373,453,42665,0.908014,0.67,2,226050,225597,453
11829801,34,34,456,42861,0.93,0.69,2,226154,225698,456
12016681,32,16,510,45904,0.63,1,1,228287,227777,510
12019601,26.4,28.8,503,45950,0.582,1,1,228312,227809,503
12022521,16.48,5.76,517,45996,0.5724,1,1,228326,227809,517
12025441,29.696,27.552,517,46042,0.47448,1,1,228359,227842,517
12028361,34.7392,39.9104,510,46088,0.422896,1,1,228395,227885,510
12031281,40.5478,42.3821,509,46134,0.380579,1,1,228437,227928,509
12034201,31.3096,34.8764,505,46180,0.228116,1,1,228466,227961,505
12037121,32.6619,27.7753,512,46226,0.0856232,1,1,228499,227987,512
12040041,33.7324,33.5551,511,46272,0.0571246,1,1,228533,228022,511
12042961,35.5465,34.711,512,46318,0.0354249,1,1,228569,228057,512
12045881,19.9093,30.1422,499,46364,0.095085,1,1,228585,228086,499
12048801,24.7819,24.4284,502,46409,0.107017,1,1,228611,228109,502
12051721,27.3564,28.8857,500,46454,0.125403,0.99,1,228639,228139,500
12054641,23.8713,31.3771,491,46499,0.113081,0.89,1,228662,228171,491
12057561,41.5743,27.8754,510,46544,0.110616,0.67,1,228708,228198,510
12060481,33.1149,51.1751,484,46589,0.0621232,0.63,1,228739,228255,484
12063401,23.423,35.835,473,46634,0.0844246,0.57,1,228760,228287,473
12066321,15.8846,27.167,462,46679,0.136885,0.57,1,228774,228312,462
12069241,27.1769,16.6334,478,46724,0.131377,0.45,1,228804,228326,478
12072161,32.6354,29.7267,479,46769,0.114275,0.41,1,228838,228359,479
12075081,31.3271,34.7453,474,46814,0.0948551,0.37,1,228869,228395,474
12078001,25.4654,40.5491,456,46859,0.090971,0.19,1,228893,228437,456
12080921,28.2931,31.3098,456,46904,0.122194,0.05,1,228922,228466,456
12083841,32.0586,32.662,456,46949,0.144439,0.05,1,228955,228499,456
12086761,38.4117,33.7324,462,46994,0.180888,0.03,1,228995,228533,462
12089681,20.4823,35.5465,442,47039,0.188178,0.11,1,229011,228569,442
12092601,24.8965,19.9093,452,47084,0.173635,0.11,1,229037,228585,452
12095521,28.1793,24.7819,455,47129,0.218727,0.13,1,229066,228611,455
12098441,22.4359,27.3564,448,47174,0.243745,0.11,1,229087,228639,448
12101361,41.2872,23.8713,471,47219,0.216749,0.11,1,229133,228662,471
12104281,32.2574,41.5743,455,47264,0.22735,0.05,1,229163,228708,455
12107201,26.4515,33.1149,449,47309,0.24547,0.09,1,229188,228739,449
12110121,14.0903,23.423,439,47354,0.265094,0.15,1,229199,228760,439
12113041,4.41806,15.8846,427,47399,0.237019,0.13,1,229201,228774,427
12115961,24.0836,27.1769,426,47443,0.295404,0.11,1,229230,228804,426
12118881,32.0167,32.6354,426,47487,0.307081,0.09,1,229264,228838,426
12121801,32.0033,31.3271,427,47531,0.341416,0.09,1,229296,228869,427
12124721,24.0007,25.4654,425,47575,0.348283,0.13,1,229318,228893,425
12127641,30.4001,28.2931,428,47619,0.413657,0.15,1,229350,228922,428
12130561,31.68,32.0586,427,47663,0.362731,0.19,1,229382,228955,427
12133481,41.536,38.4117,431,47707,0.368546,0.19,1,229426,228995,431
12136401,21.9072,20.4823,432,47751,0.353709,0.17,1,229443,229011,432
12139321,23.5814,24.8965,430,47795,0.398742,0.23,1,229467,229037,430
12142241,30.3163,28.1793,433,47839,0.407748,0.25,1,229499,229066,433
12145161,22.0633,22.4359,432,47883,0.42555,0.21,1,229519,229087,432
12148081,41.2127,41.2872,432,47927,0.44511,0.23,1,229565,229133,432
12151001,33.0425,32.2574,433,47971,0.497022,0.25,1,229596,229163,433
12153921,27.4085,26.4515,434,48015,0.475404,0.27,1,229622,229188,434
12156841,13.4817,14.0903,433,48059,0.471081,0.23,1,229632,229199,433
12159761,4.29634,4.41806,433,48103,0.470216,0.31,1,229634,229201,433
12162681,24.0593,24.0836,433,48147,0.454043,0.31,1,229663,229230,433
12165601,33.6119,32.0167,435,48191,0.466809,0.35,1,229699,229264,435
12168521,33.9224,32.0033,437,48235,0.501362,0.35,1,229733,229296,437
12171441,25.9845,24.0007,439,48279,0.508272,0.43,1,229757,229318,439
12174361,32.3969,30.4001,441,48323,0.509654,0.35,1,229791,229350,441
12177281,30.4794,31.68,439,48367,0.573931,0.37,1,229821,229382,439
12180201,40.4959,41.536,438,48411,0.586786,0.35,1,229864,229426,438
12183121,23.2992,21.9072,440,48455,0.573357,0.41,1,229883,229443,440
12186041,23.8598,23.5814,440,48498,0.570671,0.41,1,229907,229467,440
12188961,32.772,30.3163,443,48541,0.618134,0.43,1,229942,229499,443
12191881,22.5544,22.0633,443,48584,0.643627,0.45,1,229962,229519,443
12194801,42.1109,41.2127,444,48627,0.712725,0.51,1,230009,229565,444
12197721,34.0222,33.0425,445,48670,0.726545,0.47,1,230041,229596,445
12200641,27.6044,27.4085,445,48713,0.729309,0.47,1,230067,229622,445
12203561,13.5209,13.4817,445,48756,0.729862,0.47,1,230077,229632,445
12206481,4.30418,4.29634,445,48799,0.729972,0.45,1,230079,229634,445
12209401,23.2608,24.0593,444,48842,0.729995,0.45,1,230107,229663,444
12212321,33.4522,4.81185,480,48885,0.745999,0.47,1,230143,229663,480
12215241,35.4904,29.7624,480,48928,0.7652,0.51,2,230179,229699,480
12218161,26.2981,33.1525,470,48971,0.81704,0.51,2,230203,229733,470
12221081,32.4596,25.8305,480,49014,0.827408,0.51,2,230237,229757,480
12224001,32.0919,32.3661,478,49057,0.797482,0.59,2,230269,229791,478
12226921,40.8184,30.4732,491,49100,0.807496,0.59,2,230312,229821,491
12229841,23.3637,40.4946,467,49143,0.793499,0.57,2,230331,229864,467
12232761,24.6727,23.2989,473,49186,0.8067,0.57,2,230356,229883,473
12235681,36.1345,23.8598,488,49229,0.84134,0.63,2,230395,229907,488
12238601,24.0269,32.772,474,49272,0.816268,0.65,2,230416,229942,474
12241521,43.2054,22.5544,502,49315,0.859254,0.73,2,230464,229962,502
12244441,34.2411,42.1109,487,49358,0.867851,0.73,2,230496,230009,487
12247361,29.2482,34.0222,483,49401,0.83757,0.73,2,230524,230041,483
12250281,13.8496,27.6044,467,49444,0.831514,0.73,2,230534,230067,467
12253201,4.36993,13.5209,459,49487,0.830303,0.73,2,230536,230077,459
12256121,23.274,4.30418,485,49530,0.830061,0.73,2,230564,230079,485
12259041,34.2548,23.2608,494,49573,0.846012,0.75,2,230601,230107,494
12261961,38.051,33.4522,497,49615,0.865202,0.77,2,230640,230143,497
12264881,27.6102,35.4904,486,49657,0.83704,0.83,2,230665,230179,486
12267801,32.722,26.2981,496,49699,0.831408,0.83,2,230699,230203,496
12270721,30.5444,32.4596,492,49741,0.830282,0.79,2,230729,230237,492
12273641,41.3089,32.0919,504,49783,0.846056,0.81,2,230773,230269,504
12276561,24.2618,40.8184,481,49825,0.881211,0.79,2,230793,230312,481
12279481,24.0524,23.3637,486,49867,0.888242,0.81,2,230817,230331,486
12282401,36.8105,24.6727,501,49909,0.905648,0.85,2,230857,230356,501
12285321,23.3621,36.1345,482,49951,0.87713,0.81,2,230877,230395,482
12288241,45.4724,24.0269,512,49993,0.919426,0.87,2,230928,230416,512
12469281,34,14,530,52541,0.87,1,2,232655,232125,530
12472201,26,30,520,52581,0.87,1,2,232679,232159,520
12475121,22,30.8,510,52621,0.806,1,2,232700,232190,510
12478041,33.2,28.56,518,52661,0.8252,1,2,232736,232218,518
12480961,29.84,25.712,522,52701,0.70104,1,1,232765,232243,522
12483881,27.568,30.7424,517,52741,0.596208,1,1,232792,232275,517
12486801,27.9136,28.5485,517,52781,0.559242,1,1,232820,232303,517
12489721,32.7827,39.3097,509,52821,0.487848,1,1,232854,232345,509
12492641,41.7565,34.2619,520,52861,0.42557,1,1,232898,232378,520
12495561,29.1513,36.4524,509,52901,0.413114,1,1,232924,232415,509
12498481,26.6303,33.6905,502,52941,0.378623,1,1,232950,232448,502
12501401,34.9261,29.9381,510,52981,0.387725,1,1,232987,232477,510
12504321,24.5852,33.1876,498,53021,0.421545,0.87,1,233009,232511,498
12507241,25.717,29.0375,496,53061,0.348309,1,1,233035,232539,496
12510161,10.7434,26.6075,477,53101,0.333662,1,1,233042,232565,477
12513081,15.7487,12.5215,485,53141,0.346732,0.92,1,233059,232574,485
12516001,23.9497,14.5043,496,53181,0.301346,0.87,1,233085,232589,496
12518921,29.5899,28.5009,495,53221,0.292269,0.87,1,233116,232621,495
12521841,7.51799,32.9002,463,53261,0.258454,0.87,1,233118,232655,463
12524761,20.7036,25.78,463,53301,0.235691,0.79,1,233142,232679,463
12527681,23.3407,21.956,466,53340,0.263138,0.83,1,233166,232700,466
12530601,31.8681,33.1912,464,53379,0.220628,0.67,1,233200,232736,464
12533521,22.3736,29.8382,455,53418,0.244126,0.57,1,233220,232765,455
12536441,25.2747,27.5676,454,53457,0.200825,0.55,1,233246,232792,454
12539361,25.0549,27.9135,451,53496,0.208165,0.47,1,233271,232820,451
12542281,30.611,32.7827,449,53535,0.257633,0.41,1,233303,232854,449
12545201,36.5222,41.7565,443,53574,0.267527,0.41,1,233341,232898,443
12548121,28.9044,29.1513,444,53613,0.269505,0.37,1,233368,232924,444
12551041,24.1809,26.6303,441,53652,0.285901,0.39,1,233391,232950,441
12553961,34.4362,34.9261,441,53691,0.35318,0.43,1,233428,232987,441
12556881,24.4872,24.5852,441,53730,0.334636,0.33,1,233450,233009,441
12559801,22.4974,25.717,437,53769,0.314927,0.33,1,233472,233035,437
12562721,12.4995,10.7434,440,53808,0.310985,0.35,1,233482,233042,440
12565641,16.0999,15.7487,440,53847,0.326197,0.29,1,233499,233059,440
12568561,20.82,23.9497,436,53886,0.329239,0.29,1,233521,233085,436
12571481,28.164,29.5899,435,53925,0.329848,0.25,1,233551,233116,435
12574401,7.2328,7.51799,435,53964,0.32997,0.23,1,233553,233118,435
12577321,18.2466,20.7036,432,54003,0.345994,0.27,1,233574,233142,432
12580241,24.4493,23.3407,434,54042,0.365199,0.21,1,233600,233166,434
12583161,30.4899,31.8681,432,54081,0.38504,0.25,1,233632,233200,432
12586081,22.098,22.3736,432,54120,0.373008,0.19,1,233652,233220,432
12589001,24.4196,25.2747,431,54159,0.386602,0.21,1,233677,233246,431
12591921,24.0839,25.0549,430,54198,0.35732,0.27,1,233701,233271,430
12594841,34.4168,30.611,435,54237,0.383464,0.27,1,233738,233303,435
12597761,35.6834,36.5222,433,54276,0.372693,0.27,1,233774,233341,433
12600681,30.3367,28.9044,435,54315,0.418539,0.29,1,233803,233368,435
12603601,23.6673,24.1809,434,54354,0.427708,0.37,1,233825,233391,434
12606521,37.5335,34.4362,438,54393,0.445542,0.33,1,233866,233428,438
12609441,24.3067,24.4872,437,54432,0.433108,0.31,1,233887,233450,437
12612361,22.4613,22.4974,437,54471,0.462622,0.31,1,233909,233472,437
12615281,12.4923,12.4995,437,54510,0.436524,0.33,1,233919,233482,437
12618201,16.8985,16.0999,438,54549,0.447305,0.33,1,233937,233499,438
12621121,19.3797,20.82,436,54588,0.497461,0.33,1,233957,233521,436
12624041,29.4759,28.164,438,54627,0.475492,0.33,1,233989,233551,438
12626961,7.49519,7.2328,438,54666,0.471098,0.35,1,233991,233553,438
12629881,17.499,18.2466,437,54704,0.51822,0.35,1,234011,233574,437
12632801,24.2998,3.64931,463,54742,0.527644,0.37,1,234037,233574,463
12635721,32.06,21.5299,471,54780,0.561529,0.39,1,234071,233600,471
12638641,22.412,29.906,459,54818,0.552306,0.37,1,234091,233632,459
12641561,23.6824,21.9812,463,54856,0.550461,0.39,1,234115,233652,463
12644481,23.9365,24.3962,462,54894,0.550092,0.35,1,234139,233677,462
12647401,34.3873,24.0792,475,54932,0.582018,0.39,1,234176,233701,475
12650321,37.2775,34.4158,476,54970,0.556404,0.37,1,234214,233738,476
12653241,30.6555,35.6832,469,55008,0.567281,0.43,1,234243,233774,469
12656161,24.5311,30.3366,463,55046,0.553456,0.43,1,234266,233803,463
12659081,37.7062,23.6673,482,55084,0.550691,0.45,1,234307,233825,482
12662001,25.1412,37.5335,463,55122,0.566138,0.43,1,234329,233866,463
12664921,22.6282,24.3067,464,55160,0.569228,0.47,1,234351,233887,464
12667841,13.3256,22.4613,453,55198,0.601846,0.43,1,234362,233909,453
12670761,17.8651,12.4923,462,55236,0.592369,0.45,1,234381,233919,462
12673681,19.573,16.8985,464,55274,0.606474,0.51,1,234401,233937,464
12676601,29.5146,19.3797,476,55312,0.609295,0.47,1,234433,233957,476
12679521,7.50292,29.4759,446,55350,0.609859,0.47,1,234435,233989,446
12682441,18.3006,7.49519,465,55388,0.625972,0.53,1,234456,233991,465
12685361,26.0601,17.499,473,55426,0.629194,0.53,1,234484,234011,473
12688281,32.412,24.2998,481,55464,0.629839,0.57,1,234518,234037,481
12691201,23.2824,32.06,468,55502,0.661968,0.55,1,234539,234071,468
12694121,23.8565,22.412,472,55540,0.668394,0.55,1,234563,234091,472
12697041,23.9713,23.6824,472,55578,0.685679,0.55,1,234587,234115,472
12699961,35.9943,23.9365,487,55616,0.721136,0.59,1,234626,234139,487
12702881,37.5989,34.3873,488,55654,0.728227,0.55,1,234664,234176,488
12705801,29.9198,37.2775,478,55692,0.745645,0.57,1,234692,234214,478
12708721,23.584,30.6555,471,55730,0.781129,0.55,2,234714,234243,471
12711641,38.3168,24.5311,490,55768,0.788226,0.55,2,234756,234266,490
12714561,25.2634,37.7062,471,55806,0.821645,0.57,2,234778,234307,471
12717481,23.4527,25.1412,472,55844,0.812329,0.57,2,234801,234329,472
12720401,14.2905,22.6282,462,55882,0.810466,0.61,2,234813,234351,462
12723321,17.2581,13.3256,469,55920,0.810093,0.59,2,234831,234362,469
12726241,20.2516,17.8651,471,55958,0.858019,0.61,2,234852,234381,471
12729161,29.6503,19.573,483,55996,0.899604,0.61,2,234884,234401,483
12732081,7.53006,29.5146,453,56034,0.907921,0.61,2,234886,234433,453
12735001,19.106,7.50292,473,56072,0.941584,0.63,2,234908,234435,473
12986121,74,60,522,27892,0.43,0.97,1,237177,236655,522
12989041,49.2,75.2,486,27968,0.398,1,1,237220,236734,486
12991961,43.44,55.04,478,28044,0.3916,0.91,1,237262,236784,478
12994881,68.688,53.408,500,28120,0.34232,0.87,1,237337,236837,500
12997801,42.5376,56.2816,479,28195,0.412464,0.75,1,237373,236894,479
13000721,64.5075,51.2563,499,28270,0.442493,0.63,1,237443,236944,499
13003641,32.1015,51.8513,471,28345,0.480499,0.57,1,237467,236996,471
13006561,28.0203,39.9703,461,28420,0.4721,0.59,1,237494,237033,461
13009481,48.8041,24.7941,494,28495,0.40642,0.49,1,237548,237054,494
13012401,66.5608,44.1588,516,28569,0.441284,0.43,1,237619,237103,516
13015321,44.5122,68.0318,481,28643,0.448257,0.39,1,237658,237177,481
13018241,43.3024,48.0064,481,28717,0.497651,0.39,1,237701,237220,481
13021161,68.6605,43.2013,514,28791,0.53953,0.33,1,237776,237262,514
13024081,46.5321,68.6403,480,28865,0.547906,0.43,1,237817,237337,480
13027001,64.5064,42.5281,513,28938,0.533581,0.45,1,237886,237373,513
13029921,32.1013,64.5056,467,29011,0.530716,0.49,1,237910,237443,467
13032841,27.2203,32.1011,469,29084,0.530143,0.47,1,237936,237467,469
13035761,47.0441,28.0202,494,29157,0.562029,0.39,1,237988,237494,494
13038681,68.6088,48.804,514,29230,0.648406,0.45,1,238062,237548,514
13041601,44.9218,66.5608,482,29302,0.649681,0.45,1,238101,237619,482
13044521,44.1844,44.5122,487,29374,0.649936,0.51,1,238145,237658,487
13047441,72.8369,43.3024,524,29446,0.633987,0.55,1,238225,237701,524
13050361,45.7674,68.6605,488,29518,0.662797,0.55,1,238264,237776,488
13053281,64.3535,46.5321,516,29590,0.684559,0.53,1,238333,237817,516
13056201,32.0707,64.5064,471,29662,0.688912,0.53,1,238357,237886,471
13059121,27.2141,32.1013,473,29733,0.689782,0.53,1,238383,237910,473
13062041,49.4428,27.2203,502,29804,0.753957,0.57,2,238438,237936,502
13064961,11.4886,47.0441,452,29875,0.766791,0.67,2,238440,237988,452
13067881,63.8977,68.6088,455,29946,0.753358,0.65,2,238517,238062,455
13070801,43.1795,44.9218,454,30017,0.750672,0.65,2,238555,238101,454
13073721,43.8359,44.1844,454,30088,0.782134,0.63,2,238599,238145,454
13076641,72.7672,72.8369,454,30158,0.836427,0.67,2,238679,238225,454
13079561,44.9534,45.7674,453,30228,0.911285,0.69,2,238717,238264,453
13243081,43,26,499,33927,0.73,1,1,241305,240806,499
13246001,39,48.4,483,33989,0.57,1,1,241343,240860,483
13248921,39.8,39.28,486,34051,0.602,1,1,241383,240897,486
13251841,38.36,31.856,494,34113,0.4964,1,1,241421,240927,494
13254761,34.072,19.9712,510,34175,0.44328,1,1,241454,240944,510
13257681,30.0144,42.3942,491,34237,0.400656,1,1,241483,240992,491
13260601,48.4029,8.47885,544,34299,0.376131,1,1,241536,240992,544
13263521,41.6806,55.2958,517,34361,0.339226,1,1,241576,241059,517
13266441,57.9361,50.2592,530,34423,0.331845,1,1,241638,241108,530
13269361,45.9872,62.0518,508,34484,0.234369,0.77,1,241681,241173,508
13272281,41.9974,50.0104,502,34545,0.246874,0.75,1,241722,241220,502
13275201,37.9995,43.6021,497,34606,0.297375,0.73,1,241759,241262,497
13278121,36.3999,43.1204,490,34667,0.355475,0.53,1,241795,241305,490
13281041,36.08,39.0241,488,34728,0.351095,0.61,1,241831,241343,488
13283961,33.616,39.8048,481,34789,0.350219,0.47,1,241864,241383,481
13286881,30.7232,38.361,473,34850,0.334044,0.43,1,241894,241421,473
13289801,30.9446,34.0722,471,34911,0.346809,0.39,1,241925,241454,471
13292721,42.9889,30.0144,488,34972,0.333362,0.37,1,241971,241483,488
13295641,42.1978,48.4029,477,35032,0.346672,0.33,1,242013,241536,477
13298561,57.2396,41.6806,498,35092,0.397334,0.33,1,242074,241576,498
13301481,42.6479,57.9361,475,35152,0.391467,0.21,1,242113,241638,475
13304401,42.9296,45.9872,475,35212,0.438293,0.25,1,242156,241681,475
13307321,40.5859,41.9974,474,35272,0.431659,0.31,1,242196,241722,474
13310241,36.9172,37.9995,473,35332,0.430332,0.37,1,242232,241759,473
13313161,36.9834,36.3999,474,35392,0.414066,0.35,1,242269,241795,474
13316081,32.1967,36.08,469,35452,0.442813,0.35,1,242300,241831,469
13319001,31.2393,33.616,467,35512,0.432563,0.33,1,242331,241864,467
13321921,30.2479,30.7232,467,35572,0.446513,0.35,1,242361,241894,467
13324841,44.4496,30.9446,484,35631,0.449302,0.33,1,242409,241925,484
13327761,42.4899,42.9889,480,35690,0.513861,0.35,1,242451,241971,480
13330681,10.098,42.1978,440,35749,0.526772,0.41,1,242453,242013,440
13333601,52.4196,57.2396,442,35808,0.529354,0.39,1,242516,242074,442
13336521,40.8839,42.6479,441,35867,0.561871,0.45,1,242554,242113,441
13339441,44.9768,42.9296,444,35926,0.536374,0.43,1,242600,242156,444
13342361,40.1954,40.5859,443,35985,0.611275,0.43,1,242639,242196,443
13345281,36.8391,36.9172,443,36044,0.610255,0.41,1,242675,242232,443
13348201,36.1678,36.9834,442,36103,0.674051,0.45,1,242711,242269,442
13351121,33.6336,32.1967,444,36162,0.67081,0.43,1,242744,242300,444
13354041,30.7267,31.2393,443,36220,0.734162,0.45,1,242774,242331,443
13356961,30.9453,30.2479,444,36278,0.762832,0.45,2,242805,242361,444
13359881,46.1891,44.4496,446,36336,0.752566,0.53,2,242855,242409,446
13362801,44.4378,42.4899,448,36394,0.846513,0.53,2,242899,242451,448
13365721,10.4876,10.098,448,36452,0.833303,0.53,2,242901,242453,448
13368641,52.4975,52.4196,448,36510,0.910661,0.57,2,242964,242516,448
13371561,40.8995,40.8839,448,36568,0.926132,0.53,2,243002,242554,448
13374481,45.7799,44.9768,449,36626,0.913226,0.63,2,243049,242600,449
13377401,41.956,40.1954,451,36684,0.910645,0.61,2,243090,242639,451
13380321,38.7912,36.8391,453,36742,0.926129,0.69,2,243128,242675,453
13578881,34,30,517,40465,0.67,1,1,245710,245193,517
13581801,48.4,45.2,520,40517,0.494,1,1,245762,245242,520
13584721,37.68,39.44,517,40569,0.3948,1,1,245797,245280,517
13587641,37.136,37.488,517,40621,0.24696,1,1,245834,245317,517
13590561,35.4272,34.6976,518,40673,0.137392,1,1,245869,245351,518
13593481,43.8854,38.9395,524,40725,0.0834784,1,1,245915,245391,524
13596401,37.5771,51.7879,505,40777,0.0406957,1,1,245951,245446,505
13599321,37.1154,33.5576,513,40829,0.0801391,1,1,245988,245475,513
13602241,27.4231,34.7115,503,40881,0.0160278,1,1,246013,245510,503
13605161,19.8846,26.9423,496,40933,0.0112056,1,1,246031,245535,496
13608081,27.9769,22.9885,504,40985,0.0742411,0.97,1,246061,245557,504
13611001,39.9954,31.7977,513,41037,0.0548482,0.87,1,246104,245591,513
13613921,29.5991,45.5595,491,41088,0.0189696,0.75,1,246131,245640,491
13616841,28.3198,37.9119,483,41139,0.0597939,0.67,1,246159,245676,483
13619761,44.064,34.7824,497,41190,0.0199588,0.45,1,246207,245710,497
13622681,30.4128,48.5565,472,41241,0.00399176,0.37,1,246234,245762,472
13625601,31.6826,37.7113,469,41292,0.0567984,0.21,1,246266,245797,469
13628521,31.1365,37.1423,463,41343,0.0353597,0.11,1,246297,245834,463
13631441,39.8273,35.4285,470,41394,0.0790719,0.07,1,246339,245869,470
13634361,35.1655,43.8857,458,41445,0.0398144,0.03,1,246373,245915,458
13637281,35.8331,37.5771,458,41496,0.0639629,0.09,1,246409,245951,458
13640201,8.76662,37.1154,423,41547,0.0687926,0,1,246411,245988,423
13643121,24.1533,27.4231,426,41598,0.0377585,0.01,1,246439,246013,426
13646041,16.8307,19.8846,423,41649,0.0475517,0.09,1,246454,246031,423
13648961,28.1661,27.9769,424,41700,0.0335103,0.05,1,246485,246061,424
13651881,40.0332,39.9954,424,41751,0.110702,0.01,1,246528,246104,424
13654801,28.0066,29.5991,422,41802,0.0781404,0.07,1,246553,246131,422
13657721,30.4013,28.3198,425,41852,0.103628,0.01,1,246584,246159,425
13660641,42.8803,44.064,423,41902,0.124726,0,1,246630,246207,423
13663561,30.1761,30.4128,423,41952,0.0649451,0.07,1,246657,246234,423
13666481,33.2352,31.6826,425,42002,0.020989,0.03,1,246691,246266,425
13669401,30.647,31.1365,424,42052,0.0281978,0.09,1,246721,246297,424
13672321,41.3294,39.8273,426,42102,0.0776396,0.03,1,246765,246339,426
13675241,34.6659,35.1655,425,42152,0.0875279,0.07,1,246798,246373,425
13678161,33.3332,35.8331,422,42202,0.121506,0.07,1,246831,246409,422
13681081,8.26663,8.76662,422,42252,0.128301,0.03,1,246833,246411,422
13684001,24.8533,24.1533,423,42302,0.0656602,0.05,1,246862,246439,423
13686921,16.1707,16.8307,422,42352,0.069132,0.03,1,246876,246454,422
13689841,28.8341,28.1661,423,42402,0.0218264,0.13,1,246908,246485,423
13692761,42.5668,40.0332,426,42452,0.0123653,0.07,1,246954,246528,426
13695681,30.1134,28.0066,428,42502,0.0264731,0.11,1,246981,246553,428
13698601,29.2227,30.4013,426,42552,0.0452946,0.13,1,247010,246584,426
13701521,42.6445,42.8803,426,42602,0.0650589,0.05,1,247056,246630,426
13704441,28.5289,30.1761,424,42652,0.0530118,0.01,1,247081,246657,424
13707361,31.3058,33.2352,422,42701,0.0826024,0.03,1,247113,246691,422
13710281,30.2612,30.647,422,42750,0.10452,0.09,1,247143,246721,422
13713201,43.6522,41.3294,425,42799,0.140904,0.09,1,247190,246765,425
13716121,36.7304,34.6659,427,42848,0.164181,0.13,1,247225,246798,427
13719041,32.9461,33.3332,426,42897,0.200836,0.13,1,247257,246831,426
13721961,8.18922,8.26663,426,42946,0.224167,0.05,1,247259,246833,426
13724881,21.6378,24.8533,422,42995,0.212833,0.05,1,247284,246862,422
13727801,15.5276,4.97067,436,43044,0.210567,0.07,1,247298,246862,436
13730721,27.9055,12.1941,453,43093,0.194113,0.01,1,247329,246876,453
13733641,42.3811,28.0388,467,43142,0.142823,0.01,1,247375,246908,467
13736561,30.8762,42.4078,449,43191,0.148565,0.03,1,247403,246954,449
13739481,28.5752,30.0816,450,43240,0.149713,0.05,1,247431,246981,450
13742401,43.3151,29.2163,468,43289,0.149943,0.07,1,247478,247010,468
13745321,29.463,42.6433,448,43338,0.149989,0.05,1,247504,247056,448
13748241,32.2926,28.5287,456,43387,0.197998,0.09,1,247537,247081,456
13751161,30.4585,31.3057,454,43436,0.2076,0.11,1,247567,247113,454
13754081,46.0917,30.2611,474,43485,0.17752,0.15,1,247617,247143,474
13757001,38.8183,43.6522,464,43534,0.219504,0.17,1,247654,247190,464
13759921,35.7637,36.7304,464,43582,0.179901,0.21,1,247689,247225,464
13762841,8.75273,32.9461,434,43630,0.17198,0.23,1,247691,247257,434
13765761,20.9505,8.18922,456,43678,0.170396,0.21,1,247715,247259,456
13768681,15.3901,21.6378,445,43726,0.170079,0.21,1,247729,247284,445
13771601,23.878,15.5276,457,43774,0.186016,0.19,1,247755,247298,457
13774521,43.1756,27.9055,474,43822,0.189203,0.13,1,247803,247329,474
13777441,31.0351,42.3811,456,43870,0.189841,0.15,1,247831,247375,456
13780361,28.607,30.8762,456,43918,0.189968,0.15,1,247859,247403,456
13783281,43.3214,28.5752,475,43966,0.205994,0.15,1,247906,247431,475
13786201,29.4643,43.3151,454,44014,0.209199,0.15,1,247932,247478,454
13789121,33.8929,29.463,463,44062,0.19384,0.21,1,247967,247504,463
13792041,31.5786,32.2926,461,44110,0.174768,0.21,1,247998,247537,461
13794961,47.1157,30.4585,482,44158,0.218954,0.17,1,248049,247567,482
13797881,39.0231,46.0917,469,44206,0.195791,0.23,1,248086,247617,469
13800801,33.4046,38.8183,464,44254,0.207158,0.17,1,248118,247654,464
13803721,8.28093,35.7637,431,44302,0.209432,0.17,1,248120,247689,431
13806641,20.8562,8.75273,453,44350,0.225886,0.17,1,248144,247691,453
13809561,15.3712,20.9505,443,44398,0.229177,0.17,1,248158,247715,443
13812481,25.4742,15.3901,457,44446,0.229835,0.19,1,248186,247729,457
13815401,6.69485,23.878,433,44493,0.229967,0.19,1,248188,247755,433
13818321,38.139,43.1756,431,44540,0.293993,0.19,1,248234,247803,431
13821241,30.0278,31.0351,431,44587,0.306799,0.19,1,248262,247831,431
13824161,28.4056,28.607,431,44634,0.30936,0.21,1,248290,247859,431
13827081,44.0811,43.3214,432,44681,0.357872,0.21,1,248338,247906,432
13830001,29.6162,29.4643,432,44728,0.367574,0.19,1,248364,247932,432
13832921,33.1232,33.8929,431,44775,0.337515,0.17,1,248398,247967,431
13835841,31.4246,31.5786,431,44822,0.395503,0.23,1,248429,247998,431
13838761,47.8849,47.1157,432,44869,0.439101,0.19,1,248481,248049,432
13841681,38.377,39.0231,431,44916,0.46382,0.21,1,248517,248086,431
13844601,34.0754,33.4046,432,44963,0.516764,0.21,1,248550,248118,432
13847521,8.41508,8.28093,432,45010,0.527353,0.23,1,248552,248120,432
13850441,21.683,20.8562,433,45057,0.561471,0.23,1,248577,248144,433
13853361,15.5366,15.3712,433,45104,0.568294,0.23,1,248591,248158,433
13856281,25.5073,25.4742,433,45151,0.569659,0.23,1,248619,248186,433
13859201,6.70146,6.69485,433,45198,0.569932,0.31,1,248621,248188,433
13862121,39.7403,38.139,435,45245,0.617986,0.31,1,248669,248234,435
13865041,31.1481,30.0278,436,45292,0.643597,0.31,1,248698,248262,436
13867961,29.4296,28.4056,437,45339,0.664719,0.37,1,248727,248290,437
13870881,45.0859,44.0811,438,45386,0.716944,0.37,1,248776,248338,438
13873801,29.8172,29.6162,438,45432,0.695389,0.33,1,248802,248364,438
13876721,33.9634,33.1232,439,45478,0.707078,0.41,1,248837,248398,439
13879641,33.9927,31.4246,442,45524,0.677416,0.45,1,248871,248429,442
13882561,48.3985,47.8849,442,45570,0.687483,0.47,1,248923,248481,442
13885481,40.0797,38.377,444,45616,0.737497,0.53,1,248961,248517,444
13888401,36.0159,34.0754,446,45662,0.763499,0.53,2,248996,248550,446
13891321,8.80319,8.41508,446,45708,0.8007,0.57,2,248998,248552,446
13894241,23.3606,21.683,448,45754,0.80814,0.57,2,249025,248577,448
13897161,15.8721,15.5366,448,45800,0.809628,0.57,2,249039,248591,448
13900081,26.3744,25.5073,449,45846,0.841926,0.57,2,249068,248619,449
13903001,6.87488,6.70146,449,45892,0.848385,0.63,2,249070,248621,449
13905921,41.375,39.7403,451,45938,0.817677,0.63,2,249120,248669,451
13908841,33.075,7.94806,482,45984,0.859535,0.65,2,249151,248669,482
13911761,30.615,24.7896,483,46030,0.883907,0.67,2,249181,248698,483
13923441,35,35,489,46214,0.93,0.67,2,249326,248837,489
14164341,60,35,468,22724,0.05,0.15,1,252041,251573,468
14167261,47.2,63,442,22817,0.05,0.05,1,252085,251643,442
14170181,34.24,38.2,441,22910,0.05,0.09,1,252116,251675,441
14173101,61.248,34.04,476,23003,0.066,0.03,1,252184,251708,476
14176021,77.8496,81.208,465,23095,0.0372,0.03,1,252266,251801,465
14178941,53.1699,64.2416,452,23187,0.06344,0,1,252313,251861,452
14181861,69.034,60.0483,466,23278,0.068688,0.09,1,252386,251920,466
14184781,77.0068,60.8097,484,23369,0.101738,0.05,1,252465,251981,484
14187701,51.4014,60.1619,469,23460,0.0603475,0.05,1,252510,252041,469
14190621,35.0803,47.2324,456,23550,0.0680695,0.05,1,252541,252085,456
14193541,59.0161,34.2465,490,23640,0.149614,0.07,1,252606,252116,490
14196461,77.4032,61.2493,504,23730,0.197923,0.03,1,252688,252184,504
14199381,55.4806,77.8499,472,23819,0.175585,0.07,1,252738,252266,472
14202301,67.8961,53.17,496,23908,0.171117,0.07,1,252809,252313,496
14205221,15.1792,69.034,425,23997,0.170223,0.11,1,252811,252386,425
14208141,67.8358,77.0068,427,24085,0.218045,0.05,1,252892,252465,427
14211061,47.1672,51.4014,424,24173,0.243609,0.07,1,252934,252510,424
14213981,35.0334,35.0803,425,24261,0.280722,0.17,1,252966,252541,425
14216901,63.0067,59.0161,430,24348,0.304144,0.21,1,253036,252606,430
14219821,79.8013,77.4032,432,24435,0.372829,0.17,1,253120,252688,432
14222741,54.3603,55.4806,430,24522,0.370566,0.17,1,253168,252738,430
14225661,69.2721,67.8961,432,24608,0.354113,0.17,1,253241,252809,432
14228581,15.4544,15.1792,432,24694,0.382823,0.23,1,253243,252811,432
14231501,68.6909,67.8358,433,24780,0.420565,0.25,1,253325,252892,433
14234421,48.9382,47.1672,435,24866,0.460113,0.29,1,253369,252934,435
14237341,36.1876,35.0334,436,24951,0.484023,0.31,1,253402,252966,436
14240261,62.4375,63.0067,435,25036,0.504804,0.39,1,253471,253036,435
14243181,82.8875,79.8013,439,25121,0.444961,0.37,1,253559,253120,439
14246101,55.7775,54.3603,440,25205,0.464992,0.35,1,253608,253168,440
14249021,68.7555,69.2721,439,25289,0.484998,0.39,1,253680,253241,439
14251941,15.3511,15.4544,439,25373,0.489,0.43,1,253682,253243,439
14254861,72.6702,68.6909,444,25457,0.4898,0.43,1,253769,253325,444
14257781,49.734,13.7382,488,25540,0.45796,0.47,1,253813,253325,488
14260701,37.1468,37.9476,478,25623,0.467592,0.49,1,253847,253369,478
14263621,62.6294,33.9895,514,25706,0.485518,0.51,1,253916,253402,514
14266541,80.5259,61.9979,530,25788,0.537104,0.43,1,254001,253471,530
14269461,55.3052,82.7996,491,25870,0.579421,0.47,1,254050,253559,491
14272381,69.461,55.7599,515,25952,0.651884,0.49,1,254123,253608,515
14275301,15.4922,68.752,445,26034,0.666377,0.49,1,254125,253680,445
14278221,72.6984,15.3504,530,26115,0.701275,0.49,1,254212,253682,530
14281141,49.7397,72.6701,487,26196,0.740255,0.45,1,254256,253769,487
14284061,37.9479,49.734,478,26277,0.764051,0.47,2,254291,253813,478
14286981,63.5896,37.1468,514,26358,0.78481,0.49,2,254361,253847,514
14289901,83.1179,62.6294,533,26438,0.836962,0.55,2,254449,253916,533
14292821,57.4236,80.5259,499,26518,0.895392,0.59,2,254500,254001,499
14415461,36,34,512,29686,0.55,1,1,256680,256168,512
14418381,30.4,25.2,518,29757,0.55,1,1,256709,256191,518
14421301,70.88,40.24,555,29828,0.438,1,1,256790,256235,555
14424221,35.776,85.648,485,29899,0.4156,1,1,256817,256332,485
14427141,62.3552,77.1296,479,29970,0.41112,1,1,256886,256407,479
14430061,50.071,53.8259,478,30041,0.378224,0.9,1,256933,256455,478
14432981,46.0142,53.1652,470,30111,0.403645,0.85,1,256978,256508,470
14435901,34.8028,45.033,459,30181,0.440729,0.73,1,257010,256551,459
14438821,54.1606,60.2066,454,30251,0.448146,0.57,1,257069,256615,454
14441741,31.6321,35.2413,451,30321,0.449629,0.55,1,257095,256644,451
14444661,32.7264,35.8483,448,30391,0.449926,0.55,1,257128,256680,448
14447581,30.5453,30.3697,449,30461,0.433985,0.41,1,257158,256709,449
14450501,65.3091,70.8739,442,30530,0.478797,0.41,1,257232,256790,442
14453421,33.8618,35.7748,441,30599,0.487759,0.41,1,257258,256817,441
14456341,62.7724,62.355,442,30668,0.585552,0.37,1,257328,256886,442
14459261,48.5545,50.071,440,30737,0.62111,0.41,1,257373,256933,440
14462181,49.7109,46.0142,445,30806,0.644222,0.45,1,257423,256978,445
14465101,33.1422,34.8028,442,30875,0.600844,0.45,1,257452,257010,442
14468021,54.6284,54.1606,443,30944,0.608169,0.45,1,257512,257069,443
14470941,32.5257,31.6321,444,31012,0.625634,0.45,1,257539,257095,444
14473861,32.1051,32.7264,443,31080,0.597127,0.43,1,257571,257128,443
14476781,30.421,30.5453,443,31148,0.591425,0.49,1,257601,257158,443
14479701,67.6842,65.3091,446,31216,0.590285,0.49,1,257678,257232,446
14482621,35.1368,33.8618,447,31284,0.606057,0.49,1,257705,257258,447
14485541,64.6274,6.77236,519,31352,0.577211,0.61,1,257777,257258,519
14488461,49.7255,57.3545,495,31419,0.587442,0.63,1,257823,257328,495
14491381,50.7451,47.4709,501,31486,0.589488,0.65,1,257874,257373,501
14494301,32.549,49.4942,479,31553,0.621898,0.59,1,257902,257423,479
14497221,53.7098,33.0988,509,31620,0.66038,0.61,1,257961,257452,509
14500141,33.142,54.6198,477,31687,0.668076,0.63,1,257989,257512,477
14503061,32.2284,32.524,482,31754,0.685615,0.59,1,258021,257539,482
14505981,30.4457,32.1048,480,31821,0.737123,0.59,1,258051,257571,480
14508901,67.6891,30.421,527,31887,0.763425,0.59,2,258128,257601,527
14511821,34.3378,67.6842,476,31953,0.768685,0.61,2,258154,257678,476
14514741,64.4676,35.1368,521,32019,0.849737,0.57,2,258226,257705,521
14517661,50.4935,64.6274,496,32085,0.881947,0.59,2,258273,257777,496
14520581,51.6987,49.7255,502,32151,0.90439,0.59,2,258325,257823,502
14523501,33.5397,50.7451,480,32217,0.924878,0.63,2,258354,257874,480
14692861,25,39,506,35825,0.65,1,1,260880,260374,506
14695781,31.4,35,505,35884,0.49,1,1,260913,260408,505
14698701,35.88,32.6,510,35943,0.346,1,1,260950,260440,510
14701621,35.176,32.12,513,36002,0.2692,1,1,260985,260472,513
14704541,55.0352,68.024,496,36061,0.09384,1,1,261045,260549,496
14707461,37.407,40.0048,496,36120,0.074768,1,1,261078,260582,496
14710381,69.0814,73.601,491,36179,0.0869536,1,1,261155,260664,491
14713301,38.6163,35.5202,496,36237,0.0173907,1,1,261186,260690,496
14716221,24.5233,38.304,478,36295,0.0754782,0.97,1,261207,260729,478
14719141,44.9047,54.0608,470,36353,0.0550956,0.85,1,261257,260787,470
14722061,24.1809,34.0122,460,36411,0.0110191,0.77,1,261276,260816,460
14724981,32.0362,38.0024,455,36469,0.0902038,0.65,1,261310,260855,455
14727901,21.6072,27.6005,449,36527,0.138041,0.45,1,261329,260880,449
14730821,25.9214,31.9201,443,36585,0.0996082,0.31,1,261356,260913,443
14733741,31.5843,35.984,439,36643,0.0279216,0.25,1,261389,260950,439
14736661,31.1169,35.1968,435,36701,0.0455843,0.05,1,261420,260985,435
14739581,45.4234,55.0394,424,36759,0.0331169,0.07,1,261469,261045,424
14742501,37.0847,37.4079,426,36816,0.0306234,0.09,1,261504,261078,426
14745421,67.4169,69.0816,424,36873,0.110125,0,1,261579,261155,424
14748341,39.8834,38.6163,426,36930,0.0460249,0.09,1,261612,261186,426
14751261,23.1767,24.5233,424,36987,0.033205,0.05,1,261631,261207,424
14754181,43.8353,44.9047,423,37044,0.046641,0,1,261680,261257,423
14757101,23.1671,24.1809,422,37101,0.0813282,0.11,1,261698,261276,422
14760021,35.8334,32.0362,427,37158,0.0562656,0.11,1,261737,261310,427
14762941,19.9667,6.40724,443,37215,0.0512531,0.15,1,261753,261310,443
14765861,27.1933,16.4814,453,37272,0.0342506,0.09,1,261782,261329,453
14768781,27.8387,24.8963,454,37329,0.0308501,0.01,1,261810,261356,454
14771701,32.7677,31.3793,455,37386,0.07817,0.05,1,261844,261389,455
14774621,44.9535,31.0759,472,37443,0.071634,0.03,1,261892,261420,472
14777541,35.3907,45.4152,456,37499,0.0383268,0.03,1,261925,261469,456
14780461,67.0781,37.083,496,37555,0.0316654,0.13,1,262000,261504,496
14783381,39.8156,67.4166,454,37611,0.0303331,0.03,1,262033,261579,454
14786301,23.1631,39.8833,440,37667,0.0460666,0.03,1,262052,261612,440
14789221,47.0326,23.1767,474,37723,0.0332133,0.05,1,262105,261631,474
14792141,20.6065,43.8353,439,37779,0.0306427,0.09,1,262119,261680,439
14795061,36.9213,23.1671,462,37835,0.0621285,0.05,1,262160,261698,462
14797981,20.1843,35.8334,439,37891,0.100426,0.05,1,262176,261737,439
14800901,28.0369,19.9667,453,37947,0.140085,0.03,1,262206,261753,453
14803821,25.6074,27.1933,449,38003,0.180017,0.03,1,262231,261782,449
14806741,35.5215,27.8387,459,38059,0.204003,0.09,1,262269,261810,459
14809661,43.1043,32.7677,470,38115,0.240801,0.07,1,262314,261844,470
14812581,34.2209,44.9535,454,38170,0.21616,0.03,1,262346,261892,454
14815501,67.6442,35.3907,497,38225,0.083232,0.03,1,262422,261925,497
14818421,39.1288,67.0781,454,38280,0.0166464,0.03,1,262454,262000,454
14821341,23.0258,39.8156,440,38335,0.0593293,0.05,1,262473,262033,440
14824261,47.8052,23.1631,475,38390,0.0678659,0.03,1,262527,262052,475
14827181,20.761,47.0326,436,38445,0.0695732,0.03,1,262541,262105,436
14830101,39.3522,20.6065,466,38500,0.0859146,0.07,1,262585,262119,466
14833021,22.2704,36.9213,443,38555,0.0891829,0.11,1,262603,262160,443
14835941,29.2541,20.1843,458,38610,0.105837,0.15,1,262634,262176,458
14838861,7.45082,28.0369,430,38665,0.109167,0.19,1,262636,262206,430
14841781,20.6902,25.6074,429,38720,0.109833,0.21,1,262660,262231,429
14844701,37.738,35.5215,433,38775,0.157967,0.25,1,262702,262269,433
14847621,44.3476,43.1043,434,38829,0.151593,0.21,1,262748,262314,434
14850541,31.2695,34.2209,430,38883,0.166319,0.05,1,262776,262346,430
14853461,62.2539,67.6442,424,38937,0.121264,0,1,262846,262422,424
14856381,37.2508,39.1288,423,38991,0.0642527,0.07,1,262877,262454,423
14859301,24.2502,23.0258,425,39045,0.0368505,0.07,1,262898,262473,425
14862221,48.05,47.8052,425,39099,0.0313701,0.07,1,262952,262527,425
14865141,20.81,20.761,425,39153,0.062274,0.09,1,262966,262541,425
14868061,40.162,39.3522,426,39207,0.100455,0.09,1,263011,262585,426
14870981,22.4324,22.2704,426,39261,0.076091,0.11,1,263029,262603,426
14873901,30.0865,29.2541,427,39315,0.151218,0.11,1,263061,262634,427
14876821,7.6173,7.45082,427,39369,0.166244,0.11,1,263063,262636,427
14879741,20.7235,20.6902,427,39423,0.153249,0.17,1,263087,262660,427
14882661,38.5447,37.738,428,39477,0.23065,0.15,1,263130,262702,428
14885581,45.3089,44.3476,429,39530,0.23013,0.17,1,263177,262748,429
14888501,32.2618,31.2695,430,39583,0.214026,0.11,1,263206,262776,430
14891421,60.0524,62.2539,427,39636,0.258805,0.05,1,263273,262846,427
14894341,32.8105,37.2508,422,39689,0.235761,0.03,1,263299,262877,422
14897261,24.1621,24.2502,423,39742,0.167152,0.03,1,263321,262898,423
14900181,48.0324,48.05,423,39795,0.20143,0.07,1,263375,262952,423
14903101,20.8065,20.81,423,39848,0.208286,0.11,1,263389,262966,423
14906021,41.7613,40.162,425,39901,0.209657,0.07,1,263436,263011,425
14908941,23.5523,22.4324,426,39954,0.193931,0.17,1,263455,263029,426
14911861,31.9105,30.0865,428,40007,0.142786,0.17,1,263489,263061,428
14914781,7.98209,7.6173,428,40060,0.164557,0.17,1,263491,263063,428
14917701,21.5964,1.52346,453,40113,0.168911,0.15,1,263516,263063,453
14920621,41.9193,19.5047,476,40166,0.153782,0.25,1,263563,263087,476
14923541,45.1839,38.3009,479,40219,0.166756,0.23,1,263609,263130,479
14926461,31.4368,45.2602,460,40271,0.169351,0.21,1,263637,263177,460
14929381,60.6874,32.252,499,40323,0.23387,0.27,1,263705,263206,499
14932301,31.3375,60.0504,456,40375,0.262774,0.23,1,263729,263273,456
14935221,22.2675,32.8101,450,40427,0.268555,0.15,1,263749,263299,450
14938141,48.4535,24.162,483,40479,0.301711,0.21,1,263804,263321,483
14941061,21.6907,48.0324,444,40531,0.292342,0.21,1,263819,263375,444
14943981,41.1381,20.8065,476,40583,0.322468,0.21,1,263865,263389,476
14946901,22.6276,41.7613,447,40635,0.328494,0.19,1,263883,263436,447
14949821,31.7255,23.5523,462,40687,0.297699,0.13,1,263917,263455,462
14952741,7.9451,31.9105,430,40739,0.29154,0.17,1,263919,263489,430
14955661,22.389,7.98209,454,40791,0.322308,0.17,1,263945,263491,454
14958581,41.2778,21.5964,475,40843,0.360462,0.15,1,263991,263516,475
14961501,45.8556,41.9193,475,40895,0.416092,0.17,1,264038,263563,475
14964421,32.3711,45.1839,458,40947,0.443218,0.17,1,264067,263609,458
14967341,64.0742,31.4368,502,40999,0.528644,0.25,1,264139,263637,502
14970261,32.0148,60.6874,458,41050,0.545729,0.27,1,264163,263705,458
14973181,22.403,31.3375,454,41101,0.549146,0.27,1,264183,263729,454
14976101,50.0806,22.2675,491,41152,0.565829,0.31,1,264240,263749,491
14979021,22.8161,48.4535,452,41203,0.569166,0.29,1,264256,263804,452
14981941,41.3632,21.6907,483,41254,0.585833,0.33,1,264302,263819,483
14984861,22.6726,41.1381,455,41305,0.605167,0.33,1,264320,263865,455
14987781,30.1345,22.6276,469,41356,0.609033,0.29,1,264352,263883,469
14990701,7.62691,31.7255,437,41407,0.609807,0.29,1,264354,263917,437
14993621,23.9254,7.9451,463,41458,0.641961,0.33,1,264382,263919,463
14996541,43.1851,22.389,485,41509,0.696392,0.37,1,264430,263945,485
14999461,10.237,41.2778,441,41560,0.707278,0.43,1,264432,263991,441
15002381,41.2474,45.8556,443,41611,0.725456,0.45,1,264481,264038,443
15005301,33.0495,32.3711,445,41662,0.729091,0.55,1,264512,264067,445
15008221,67.4099,64.0742,449,41713,0.713818,0.55,1,264588,264139,449
15011141,32.682,32.0148,449,41764,0.710764,0.55,1,264612,264163,449
15014061,22.5364,22.403,449,41815,0.742153,0.57,1,264632,264183,449
15016981,50.9073,50.0806,450,41865,0.764431,0.57,2,264690,264240,450
15019901,22.9815,22.8161,450,41915,0.784886,0.59,2,264706,264256,450
15022821,42.9963,41.3632,452,41965,0.788977,0.61,2,264754,264302,452
15025741,22.9993,22.6726,452,42015,0.757795,0.61,2,264772,264320,452
15028661,30.1999,30.1345,452,42065,0.783559,0.61,2,264804,264352,452
15031581,7.63997,7.62691,452,42115,0.788712,0.65,2,264806,264354,452
15034501,25.528,23.9254,454,42165,0.789742,0.71,2,264836,264382,454
15037421,45.9056,43.1851,457,42215,0.837948,0.71,2,264887,264430,457
15040341,10.7811,10.237,457,42265,0.84759,0.73,2,264889,264432,457
15043261,40.5562,41.2474,456,42315,0.833518,0.73,2,264937,264481,456
15046181,35.3112,33.0495,459,42365,0.926704,0.71,2,264971,264512,459
15233061,33,45,489,45444,0.76,1,2,267130,266641,489
15235981,29,29,492,45490,0.744,1,1,267158,266666,492
15238901,25.8,25,493,45536,0.6688,1,1,267183,266690,493
15241821,28.36,21.8,501,45582,0.54176,1,1,267212,266711,501
15244741,32.072,24.36,509,45628,0.468352,1,1,267245,266736,509
15247661,27.2144,36.872,495,45674,0.38967,1,1,267271,266776,495
15250581,27.8429,30.5744,494,45720,0.277934,1,1,267299,266805,494
15253501,35.9686,30.1149,502,45766,0.191587,1,1,267337,266835,502
15256421,31.9937,32.423,500,45812,0.142317,1,1,267368,266868,500
15259341,55.1987,67.2846,485,45858,0.0684635,1,1,267429,266944,485
15262261,39.0397,41.4569,485,45904,0.133693,1,1,267464,266979,485
15265181,24.608,32.2914,476,45950,0.0987385,1,1,267485,267009,476
15268101,22.5216,6.45828,498,45996,0.0597477,1,1,267507,267009,498
15271021,27.7043,22.0917,501,46042,0.0199495,0.92,1,267536,267035,501
15273941,30.3409,29.2183,501,46088,0.0439899,0.82,1,267567,267066,501
15276861,27.6682,30.6437,497,46134,0.080798,0.76,1,267594,267097,497
15279781,21.5336,32.5287,484,46180,0.0401596,0.74,1,267614,267130,484
15282701,17.9067,28.9057,473,46226,0.0960319,0.65,1,267631,267158,473
15285621,21.9813,25.7811,471,46272,0.139206,0.51,1,267654,267183,471
15288541,26.7963,28.3562,470,46318,0.115841,0.45,1,267682,267212,470
15291461,23.7593,32.0712,460,46364,0.143168,0.37,1,267705,267245,460
15294381,23.9519,27.2142,458,46409,0.148634,0.25,1,267729,267271,458
15297301,34.3904,27.8428,467,46454,0.149727,0.17,1,267766,267299,467
15300221,29.2781,35.9686,457,46499,0.181945,0.13,1,267794,267337,457
15303141,52.2556,31.9937,484,46544,0.172389,0.05,1,267852,267368,484
15306061,36.8511,55.1987,456,46589,0.0744778,0.15,1,267885,267429,456
15308981,25.7702,39.0397,444,46634,0.0868956,0.09,1,267908,267464,444
15311901,24.354,24.608,447,46679,0.0893791,0.05,1,267932,267485,447
15314821,26.4708,22.5216,452,46724,0.121876,0.01,1,267959,267507,452
15317741,31.6942,27.7043,456,46769,0.128375,0.05,1,267992,267536,456
15320661,26.3388,30.3409,450,46814,0.129675,0.09,1,268017,267567,450
15323581,22.8678,27.6682,445,46859,0.193935,0.03,1,268039,267594,445
15326501,18.9736,21.5336,443,46904,0.206787,0.11,1,268057,267614,443
15329421,22.1947,17.9067,449,46949,0.225357,0.15,1,268080,267631,449
15332341,28.4389,21.9813,456,46994,0.229071,0.11,1,268110,267654,456
15335261,23.2878,26.7963,450,47039,0.229814,0.15,1,268132,267682,450
15338181,24.6576,23.7593,452,47084,0.213963,0.15,1,268157,267705,452
15341101,34.5315,23.9519,465,47129,0.242793,0.15,1,268194,267729,465
15344021,29.3063,34.3904,456,47174,0.248559,0.19,1,268222,267766,456
15346941,48.2613,29.2781,481,47219,0.281712,0.17,1,268275,267794,481
15349861,38.4523,52.2556,459,47264,0.320342,0.05,1,268311,267852,459
15352781,25.2905,36.8511,448,47309,0.328068,0.09,1,268333,267885,448
15355701,25.0581,25.7702,450,47354,0.361614,0.09,1,268358,267908,450
15358621,6.61162,24.354,428,47399,0.368323,0.13,1,268360,267932,428
15361541,23.7223,26.4708,429,47443,0.417665,0.13,1,268388,267959,429
15364461,30.3445,31.6942,428,47487,0.427533,0.13,1,268420,267992,428
15367381,26.8689,26.3388,429,47531,0.461507,0.21,1,268446,268017,429
15370301,25.3738,22.8678,432,47575,0.452301,0.21,1,268471,268039,432
15373221,19.4748,18.9736,432,47619,0.48246,0.23,1,268489,268057,432
15376141,23.095,22.1947,433,47663,0.488492,0.23,1,268513,268080,433
15379061,28.619,28.4389,433,47707,0.521698,0.23,1,268543,268110,433
15381981,23.3238,23.2878,433,47751,0.52834,0.21,1,268565,268132,433
15384901,23.8648,24.6576,432,47795,0.497668,0.25,1,268589,268157,432
15387821,35.973,34.5315,434,47839,0.475534,0.25,1,268628,268194,434
15390741,29.5946,29.3063,434,47883,0.487107,0.29,1,268656,268222,434
15393661,49.9189,48.2613,436,47927,0.505421,0.33,1,268711,268275,436
15396581,40.3838,38.4523,438,47971,0.477084,0.33,1,268749,268311,438
15399501,26.4768,25.2905,439,48015,0.487417,0.37,1,268772,268333,439
15402421,27.6954,25.0581,442,48059,0.521483,0.37,1,268800,268358,442
15405341,7.13907,6.61162,442,48103,0.496297,0.43,1,268802,268360,442
15408261,24.6278,23.7223,443,48147,0.523259,0.43,1,268831,268388,443
15411181,31.3256,30.3445,444,48191,0.608652,0.47,1,268864,268420,444
15414101,27.8651,26.8689,445,48235,0.65773,0.45,1,268891,268446,445
15417021,25.573,25.3738,445,48279,0.715546,0.49,1,268916,268471,445
15419941,20.3146,19.4748,446,48323,0.679109,0.49,1,268935,268489,446
15422861,23.2629,23.095,446,48367,0.719822,0.53,1,268959,268513,446
15425781,28.6526,28.619,446,48411,0.743964,0.53,1,268989,268543,446
15428701,23.3305,23.3238,446,48455,0.732793,0.49,1,269011,268565,446
15431621,23.8661,23.8648,446,48498,0.730559,0.47,1,269035,268589,446
15434541,35.9732,35.973,446,48541,0.746112,0.49,1,269074,268628,446
15437461,29.5946,29.5946,446,48584,0.733222,0.51,1,269102,268656,446
15440381,49.1189,49.9189,445,48627,0.762645,0.47,2,269156,268711,445
15443301,40.2238,40.3838,445,48670,0.736529,0.49,1,269194,268749,445
15446221,27.2448,26.4768,446,48713,0.747306,0.53,1,269218,268772,446
15449141,27.849,27.6954,446,48756,0.781461,0.49,2,269246,268800,446
15452061,7.16979,7.13907,446,48799,0.756292,0.53,2,269248,268802,446
15454981,27.034,24.6278,449,48842,0.751258,0.53,2,269280,268831,449
15457901,34.2068,4.92556,485,48885,0.702252,0.63,1,269316,268831,485
15460821,30.8414,27.3851,482,48928,0.69245,0.67,1,269346,268864,482
15463741,26.1683,27.077,480,48971,0.69049,0.73,1,269371,268891,480
15466661,20.4337,25.4154,474,49014,0.722098,0.67,1,269390,268916,474
15469581,24.0867,20.2831,480,49057,0.72842,0.73,1,269415,268935,480
15472501,29.6173,23.2566,487,49100,0.745684,0.75,1,269446,268959,487
15475421,23.5235,28.6513,479,49143,0.781137,0.73,2,269468,268989,479
15478341,23.9047,23.3303,481,49186,0.788227,0.73,2,269492,269011,481
15481261,35.1809,23.8661,495,49229,0.789645,0.75,2,269530,269035,495
15484181,30.2362,35.9732,485,49272,0.805929,0.73,2,269559,269074,485
15487101,49.2472,29.5946,511,49315,0.825186,0.77,2,269613,269102,511
15490021,41.0494,49.1189,496,49358,0.845037,0.73,2,269652,269156,496
15492941,27.4099,40.2238,482,49401,0.849007,0.75,2,269676,269194,482
15495861,27.882,27.2448,486,49444,0.849801,0.79,2,269704,269218,486
15498781,7.1764,27.849,460,49487,0.84996,0.75,2,269706,269246,460
15501701,25.4353,7.16979,488,49530,0.849992,0.75,2,269736,269248,488
15504621,33.0871,27.034,491,49573,0.849998,0.69,2,269771,269280,491
15507541,30.6174,34.2068,485,49615,0.866,0.69,2,269801,269316,485
15510461,26.9235,30.8414,481,49657,0.9012,0.69,2,269827,269346,481
15513381,19.7847,26.1683,474,49699,0.87624,0.73,2,269845,269371,474
15516301,26.3569,20.4337,483,49741,0.855248,0.73,2,269873,269390,483
15519221,31.6714,24.0867,491,49783,0.93105,0.75,2,269906,269415,491
15728001,81,76,508,24266,0.29,0.73,1,272059,271551,508
15730921,57,78.4,480,24353,0.338,0.75,1,272110,271630,480
15733841,41.8,43.68,483,24440,0.3476,0.55,1,272148,271665,483
15736761,50.76,64.736,466,24527,0.33352,0.33,1,272201,271735,466
15739681,72.552,59.3472,486,24613,0.346704,0.27,1,272279,271793,486
15742601,39.3104,67.0694,448,24699,0.333341,0.25,1,272310,271862,448
15745521,29.4621,35.0139,448,24785,0.378668,0.37,1,272337,271889,448
15748441,65.8924,78.2028,434,24871,0.579734,0.29,1,272412,271978,434
15751361,79.5785,80.4406,436,24956,0.603947,0.35,1,272495,272059,436
15754281,57.5157,56.8881,437,25041,0.608789,0.35,1,272547,272110,437
15757201,43.5031,41.7776,439,25126,0.609758,0.33,1,272587,272148,439
15760121,51.1006,50.7555,439,25210,0.641952,0.35,1,272640,272201,439
15763041,74.2201,72.5511,441,25294,0.64839,0.33,1,272720,272279,441
15765961,40.444,39.3102,442,25378,0.681678,0.39,1,272752,272310,442
15768881,32.8888,29.462,446,25461,0.704336,0.39,1,272783,272337,446
15771801,71.3778,5.89241,527,25544,0.756867,0.63,2,272864,272337,527
15774721,79.8756,61.1785,534,25627,0.847373,0.61,2,272946,272412,534
15777641,57.5751,78.6357,503,25710,0.865475,0.61,2,272998,272495,503
15780561,44.315,57.3271,492,25792,0.853095,0.61,2,273039,272547,492
15783481,50.463,43.4654,504,25874,0.850619,0.65,2,273091,272587,504
15786401,75.6926,51.0931,533,25956,0.834124,0.65,2,273173,272640,533
15789321,40.7385,74.2186,485,26038,0.830825,0.69,2,273205,272720,485
15792241,33.7477,40.4437,485,26119,0.830165,0.71,2,273237,272752,485
15795161,76.3495,32.8887,541,26200,0.830033,0.77,2,273324,272783,541
15798081,84.0699,71.3778,546,26281,0.894007,0.87,2,273410,272864,546
15801001,58.414,79.8755,516,26362,0.906801,0.87,2,273462,272946,516
15803921,43.6828,57.5751,504,26442,0.90936,0.85,2,273502,272998,504
15806841,50.3366,44.315,515,26522,0.909872,0.85,2,273554,273039,515
15809761,74.8673,50.463,544,26602,0.941974,0.83,2,273635,273091,544
15923641,87,34,552,29547,0.83,1,2,275686,275134,552
15926561,46.2,72.4,506,29619,0.878,1,2,275722,275216,506
15929481,60.44,43.28,534,29690,0.7916,1,2,275786,275252,534
15932401,37.688,59.856,502,29761,0.77432,1,2,275818,275316,502
15935321,37.1376,36.7712,508,29832,0.818864,1,2,275855,275347,508
15938241,9.02752,37.7542,472,29903,0.795773,0.88,2,275857,275385,472
15941161,57.0055,62.7508,472,29974,0.775155,0.98,2,275926,275454,472
15944081,80.2011,85.3502,467,30045,0.851031,0.93,2,276012,275545,467
15947001,36.8402,35.47,470,30115,0.882206,0.85,2,276038,275568,470
15949921,29.768,31.894,467,30185,0.888441,0.83,2,276066,275599,467
15952841,73.9536,75.9788,465,30255,0.905688,0.89,2,276151,275686,465
16090081,24,34,494,33383,0.82,1,2,278306,277812,494
16093001,60.8,63.6,493,33446,0.748,1,1,278376,277883,493
16095921,39.36,41.52,491,33509,0.7336,1,1,278410,277919,491
16098841,28.672,30.704,489,33572,0.79472,0.92,2,278436,277947,489
16101761,20.9344,27.7408,481,33635,0.886944,1,2,278455,277974,481
16104681,49.7869,47.1482,486,33698,0.857389,1,2,278512,278026,486
16282801,55,65,526,37332,0.67,1,1,281051,280525,526
16285721,51,50.6,529,37389,0.542,1,1,281101,280572,529
16288641,61.4,61.32,529,37446,0.4044,1,1,281165,280636,529
16291561,35.48,50.664,510,37502,0.37688,1,1,281194,280684,510
16294481,33.496,38.9328,507,37558,0.243376,1,1,281227,280720,507
16297401,44.2992,37.3866,517,37614,0.184675,1,1,281274,280757,517
16300321,31.2598,41.8773,502,37670,0.156935,1,1,281302,280800,502
16303241,34.252,31.5755,508,37726,0.119387,1,1,281337,280829,508
16306161,35.6504,38.3151,504,37782,0.0958774,1,1,281373,280869,504
16309081,16.7301,32.463,485,37838,0.171175,0.98,1,281385,280900,485
16312001,26.546,19.2926,498,37894,0.170235,0.92,1,281414,280916,498
16314921,36.5092,31.0585,503,37950,0.138047,0.83,1,281453,280950,503
16317841,44.9018,43.0117,504,38006,0.147609,0.67,1,281500,280996,504
16320761,48.1804,52.6023,498,38062,0.117522,0.51,1,281549,281051,498
16323681,56.8361,50.5205,507,38118,0.0795044,0.37,1,281608,281101,507
16326601,29.7672,61.3041,466,38173,0.0879009,0.37,1,281631,281165,466
16329521,27.5534,35.4608,464,38228,0.0895802,0.21,1,281658,281194,464
16332441,43.1107,33.4922,478,38283,0.105916,0.17,1,281705,281227,478
16335361,30.2221,44.2984,458,38338,0.109183,0.15,1,281732,281274,458
16338281,32.4444,31.2597,463,38393,0.0938366,0.11,1,281765,281302,463
16341201,36.8889,34.2519,466,38448,0.122767,0.09,1,281803,281337,466
16344121,15.3778,35.6504,440,38503,0.0965535,0.19,1,281813,281373,440
16347041,24.6756,16.7301,455,38558,0.0753107,0.17,1,281840,281385,455
16349961,35.3351,26.546,464,38613,0.0550621,0.13,1,281878,281414,464
16352881,8.66702,36.5092,427,38668,0.0510124,0.15,1,281880,281453,427
16355801,40.9334,44.9018,429,38723,0.146202,0.11,1,281929,281500,429
16358721,45.7867,48.1804,427,38778,0.16524,0.07,1,281976,281549,427
16361641,54.7573,56.8361,425,38832,0.185048,0.09,1,282033,281608,425
16364561,30.1515,29.7672,426,38886,0.25301,0.09,1,282057,281631,426
16367481,27.6303,27.5534,426,38940,0.266602,0.11,1,282084,281658,426
16370401,44.7261,43.1107,428,38994,0.22132,0.11,1,282133,281705,428
16373321,29.7452,30.2221,427,39048,0.244264,0.09,1,282159,281732,427
16376241,31.549,32.4444,426,39102,0.280853,0.13,1,282191,281765,426
16379161,36.7098,36.8889,426,39156,0.288171,0.09,1,282229,281803,426
16382081,13.742,15.3778,424,39210,0.257634,0.07,1,282237,281813,424
16385001,23.5484,24.6756,423,39264,0.251527,0.05,1,282263,281840,423
16387921,35.9097,35.3351,424,39318,0.282305,0.05,1,282302,281878,424
16390841,8.78194,8.66702,424,39372,0.288461,0.17,1,282304,281880,424
16393761,44.1564,40.9334,428,39426,0.337692,0.17,1,282357,281929,428
16396681,46.4313,45.7867,428,39480,0.427538,0.19,1,282404,281976,428
16399601,56.4863,54.7573,430,39533,0.477508,0.27,1,282463,282033,430
16402521,31.2973,30.1515,431,39586,0.503502,0.27,1,282488,282057,431
16405441,29.4595,27.6303,433,39639,0.5567,0.21,1,282517,282084,433
16408361,45.8919,44.7261,434,39692,0.53534,0.25,1,282567,282133,434
16411281,29.9784,29.7452,434,39745,0.547068,0.29,1,282593,282159,434
16414201,31.5957,31.549,434,39798,0.517414,0.29,1,282625,282191,434
16417121,36.7191,36.7098,434,39851,0.527483,0.25,1,282663,282229,434
16420041,13.7438,13.742,434,39904,0.529497,0.25,1,282671,282237,434
16422961,23.5488,23.5484,434,39957,0.529899,0.29,1,282697,282263,434
16425881,35.9098,35.9097,434,40010,0.54598,0.29,1,282736,282302,434
16428801,8.78195,8.78194,434,40063,0.549196,0.29,1,282738,282304,434
16431721,46.5564,1.75639,490,40116,0.565839,0.35,1,282794,282304,490
16434641,50.9113,42.7513,489,40169,0.569168,0.45,1,282846,282357,489
16437561,59.7823,46.1503,504,40222,0.617834,0.49,1,282908,282404,504
16440481,32.7565,56.4301,471,40274,0.659567,0.51,1,282934,282463,471
16443401,30.5513,31.286,476,40326,0.683913,0.57,1,282964,282488,476
16446321,44.5103,29.4572,495,40378,0.688783,0.53,1,283012,282517,495
16449241,30.5021,45.8914,472,40430,0.737756,0.55,1,283039,282567,472
16452161,31.7004,29.9783,478,40482,0.763551,0.51,2,283071,282593,478
16455081,37.5401,31.5957,485,40534,0.78471,0.53,2,283110,282625,485
16458001,13.908,36.7191,455,40586,0.788942,0.53,2,283118,282663,455
16460921,23.5816,13.7438,473,40638,0.789788,0.53,2,283144,282671,473
16463841,36.7163,23.5488,487,40690,0.789958,0.55,2,283184,282697,487
16466761,8.94326,35.9098,450,40742,0.789992,0.55,2,283186,282736,450
16469681,47.3887,8.78195,505,40794,0.789998,0.57,2,283243,282738,505
16472601,51.8777,46.5564,502,40846,0.822,0.57,2,283296,282794,502
16475521,62.3755,50.9113,515,40898,0.8444,0.63,2,283361,282846,515
16478441,34.8751,59.7823,481,40950,0.83288,0.67,2,283389,282908,481
16481361,30.975,32.7565,485,41002,0.846576,0.69,2,283419,282934,485
16484281,45.395,30.5513,504,41053,0.865315,0.69,2,283468,282964,504
16487201,32.279,44.5103,485,41104,0.853063,0.75,2,283497,283012,485
16490121,32.8558,30.5021,491,41155,0.866613,0.77,2,283530,283039,491
16493041,38.5712,31.7004,499,41206,0.885323,0.79,2,283570,283071,499
16495961,14.1142,37.5401,468,41257,0.889065,0.79,2,283578,283110,468
16498881,23.6228,13.908,486,41308,0.889813,0.79,2,283604,283118,486
16501801,36.7246,23.5816,500,41359,0.889963,0.79,2,283644,283144,500
16504721,8.94491,36.7163,462,41410,0.889993,0.79,2,283646,283184,462
16507641,47.389,8.94326,517,41461,0.889999,0.79,2,283703,283186,517
16510561,55.0778,47.3887,517,41512,0.858,0.83,2,283760,283243,517
16513481,12.6156,51.8777,466,41563,0.8516,0.85,2,283762,283296,466
16516401,52.9231,62.3755,464,41614,0.91432,0.83,2,283825,283361,464
16519321,32.9846,34.8751,464,41665,0.926864,0.85,2,283853,283389,464
16685761,30,38,506,44461,0.77,1,2,285773,285267,506
16688681,28.4,34.8,500,44508,0.69,1,1,285801,285301,500
16691601,32.88,39.76,493,44555,0.722,1,1,285835,285342,493
16694521,29.776,33.552,490,44602,0.6164,1,1,285864,285374,490
16697441,42.7552,52.3104,479,44649,0.65928,0.97,1,285910,285431,479
16700361,31.751,28.8621,485,44696,0.539856,0.94,1,285939,285454,485
16703281,35.9502,36.9724,483,44743,0.515971,0.95,1,285976,285493,483
16706201,26.39,36.1945,471,44790,0.559194,0.98,1,286000,285529,471
16709121,28.478,29.6389,472,44837,0.551839,1,1,286029,285557,472
16712041,25.6956,29.1278,468,44884,0.518368,1,1,286054,285586,468
16714961,30.7391,31.4256,468,44931,0.479674,0.93,1,286086,285618,468
16717881,39.7478,39.8851,468,44978,0.439935,0.98,1,286128,285660,468
16720801,31.9496,31.977,468,45025,0.415987,0.85,1,286158,285690,468
16723721,23.9899,27.9954,463,45072,0.395197,0.81,1,286180,285717,463
16726641,27.198,26.3991,465,45119,0.407039,0.77,1,286208,285743,465
16729561,23.8396,29.2798,458,45166,0.425408,0.67,1,286231,285773,458
16732481,27.1679,28.256,458,45213,0.413082,0.73,1,286259,285801,458
16735401,31.0336,32.8512,456,45260,0.410616,0.59,1,286291,285835,456
16738321,28.6067,29.7702,455,45307,0.426123,0.67,1,286319,285864,455
16741241,39.3213,42.754,451,45354,0.493225,0.51,1,286361,285910,451
16744161,31.0643,31.7508,451,45400,0.538645,0.51,1,286390,285939,451
16747081,35.8129,35.9502,451,45446,0.563729,0.57,1,286427,285976,451
16750001,24.7626,26.39,449,45492,0.568746,0.55,1,286449,286000,449
16752921,27.3525,28.478,448,45538,0.569749,0.51,1,286477,286029,448
16755841,25.4705,25.6956,448,45584,0.58595,0.47,1,286502,286054,448
16758761,26.6941,30.7391,443,45630,0.60519,0.43,1,286529,286086,443
16761681,38.1388,39.7478,442,45676,0.593038,0.41,1,286570,286128,442
16764601,30.8278,31.9496,441,45722,0.622608,0.39,1,286599,286158,441
16767521,23.7656,23.9899,441,45768,0.628522,0.41,1,286621,286180,441
16770441,27.1531,27.198,441,45814,0.661704,0.43,1,286649,286208,441
16773361,23.8306,23.8396,441,45860,0.684341,0.41,1,286672,286231,441
16776281,26.3661,27.1679,440,45906,0.688868,0.41,1,286699,286259,440
16779201,31.6732,5.43358,473,45952,0.705774,0.41,1,286732,286259,473
16782121,28.7346,26.6867,469,45998,0.709155,0.43,1,286760,286291,469
16785041,41.7469,27.7373,486,46044,0.709831,0.51,1,286805,286319,486
16787961,33.1494,39.1475,475,46090,0.709966,0.55,1,286836,286361,475
16790881,37.0299,31.0295,484,46136,0.709993,0.57,1,286874,286390,484
16793801,25.006,35.8059,469,46182,0.709999,0.57,1,286896,286427,469
16796721,29.0012,24.7612,477,46228,0.726,0.57,1,286926,286449,477
16799641,26.6002,27.3522,475,46274,0.7932,0.59,2,286952,286477,475
16802561,27.72,25.4704,478,46320,0.80664,0.61,2,286980,286502,478
16805481,38.344,26.6941,492,46366,0.809328,0.59,2,287021,286529,492
16808401,30.8688,38.1388,480,46411,0.841866,0.63,2,287050,286570,480
16811321,24.5738,30.8278,474,46456,0.896373,0.63,2,287073,286599,474
16814241,28.9148,23.7656,482,46501,0.907275,0.67,2,287103,286621,482
16817161,23.383,27.1531,476,46546,0.909455,0.69,2,287125,286649,476
16820081,27.8766,23.8306,482,46591,0.893891,0.69,2,287154,286672,482
16823001,32.7753,26.3661,489,46636,0.922778,0.71,2,287188,286699,489
16825921,28.9551,31.6732,484,46681,0.928556,0.71,2,287216,286732,484
16849281,42,28,504,47041,0.95,0.81,2,287484,286980,504
16852201,33.2,38.4,494,47086,0.934,0.85,2,287515,287021,494
16855121,25.84,30.88,489,47131,0.9308,0.91,2,287539,287050,489
17072661,105,128,442,21900,0.09,0.31,1,289845,289403,442
17075581,71.4,59.2,463,22724,0.122,0.19,1,289908,289445,463
17078501,66.28,59.04,469,22817,0.1604,0,1,289973,289504,469
17081421,48.456,70.208,440,22910,0.05608,0.01,1,290017,289577,440
17084341,84.8912,62.0416,474,23003,0.019216,0.01,1,290111,289637,474
17087261,29.7782,54.0083,438,23095,0.0278432,0.03,1,290127,289689,438
17090181,35.5556,38.0017,441,23187,0.0455686,0.13,1,290164,289723,441
17093101,60.7111,54.8003,449,23278,0.0811137,0.09,1,290231,289782,449
17096021,93.7422,61.3601,488,23369,0.168223,0.13,1,290333,289845,488
17098941,73.9484,62.672,494,23460,0.249645,0.17,1,290402,289908,494
17101861,45.1897,64.5344,467,23550,0.265929,0.03,1,290440,289973,467
17104781,83.4379,48.1069,516,23640,0.205186,0.01,1,290533,290017,516
17107701,29.4876,84.8214,438,23730,0.177037,0.03,1,290549,290111,438
17110621,36.2975,29.7643,460,23819,0.139407,0.05,1,290587,290127,460
17113541,62.4595,35.5529,492,23908,0.147881,0.09,1,290656,290164,492
17116461,14.0919,60.7106,427,23997,0.149576,0.19,1,290658,290231,427
17119381,88.4184,93.7421,432,24085,0.197915,0.27,1,290765,290333,432
17122301,75.2837,73.9484,435,24173,0.271583,0.27,1,290837,290402,435
17125221,45.4567,45.1897,435,24261,0.254317,0.19,1,290875,290440,435
17128141,78.6913,83.4379,429,24348,0.346863,0.17,1,290962,290533,429
17131061,29.3383,29.4876,430,24435,0.349373,0.13,1,290979,290549,430
17133981,36.2677,36.2975,430,24522,0.381875,0.15,1,291017,290587,430
17136901,61.6535,62.4595,429,24608,0.388375,0.15,1,291085,290656,429
17139821,13.9307,14.0919,429,24694,0.389675,0.21,1,291087,290658,429
17142741,89.1861,88.4184,430,24780,0.453935,0.29,1,291195,290765,430
17145661,78.6372,75.2837,434,24866,0.418787,0.25,1,291271,290837,434
17148581,47.7274,45.4567,436,24951,0.411757,0.37,1,291311,290875,436
17151501,80.7455,78.6913,438,25036,0.410351,0.35,1,291400,290962,438
17154421,30.5491,29.3383,439,25121,0.44207,0.39,1,291418,290979,439
17157341,38.1098,36.2677,441,25205,0.416414,0.39,1,291458,291017,441
17160261,62.022,61.6535,441,25289,0.475283,0.39,1,291526,291085,441
17163181,14.0044,13.9307,441,25373,0.487057,0.47,1,291528,291087,441
17166101,92.4009,89.1861,445,25457,0.569411,0.47,1,291640,291195,445
17169021,76.0802,17.8372,517,25540,0.569882,0.41,1,291712,291195,517
17171941,47.216,64.3674,481,25623,0.585976,0.41,1,291752,291271,481
17174861,80.6432,44.8735,530,25706,0.669195,0.41,1,291841,291311,530
17177781,30.5286,80.1747,459,25788,0.685839,0.45,1,291859,291400,459
17180701,38.9057,30.4349,482,25870,0.721168,0.41,1,291900,291418,482
17183621,62.9811,38.087,511,25952,0.680234,0.49,1,291969,291458,511
17186541,14.1962,62.0174,445,26034,0.672047,0.49,1,291971,291526,445
17189461,96.4392,14.0035,560,26115,0.686409,0.59,1,292088,291528,560
17192381,77.6878,92.4007,521,26196,0.705282,0.57,1,292161,291640,521
17195301,48.3376,76.0801,490,26277,0.725056,0.59,1,292202,291712,490
17198221,84.8675,47.216,544,26358,0.809011,0.69,2,292296,291752,544
17201141,32.1735,80.6432,474,26438,0.809802,0.69,2,292315,291841,474
17204061,38.4347,30.5286,496,26518,0.84196,0.73,2,292355,291859,496
17206981,62.0869,38.9057,523,26598,0.864392,0.67,2,292423,291900,523
17209901,14.0174,62.9811,456,26678,0.868878,0.67,2,292425,291969,456
17212821,98.0035,14.1962,573,26757,0.885776,0.69,2,292544,291971,573
17323781,37,90,508,29615,0.75,1,2,294561,294053,508
17326701,45.8,44.4,523,29686,0.83,1,2,294609,294086,523
17329621,44.36,39.28,529,29757,0.686,1,1,294653,294124,529
17332541,44.072,60.656,507,29828,0.7532,1,2,294697,294190,507
17335461,22.4144,39.3312,490,29899,0.73464,0.96,1,294714,294224,490
17338381,21.2829,35.0662,477,29970,0.794928,1,2,294735,294258,477
17341301,34.6566,38.2132,476,30041,0.790986,1,2,294773,294297,476
17344221,28.5313,33.2426,471,30111,0.806197,0.87,2,294800,294329,471
17347141,75.3063,81.8485,464,30181,0.905239,0.85,2,294887,294423,464
17350061,96.6612,97.1697,465,30251,0.925048,0.75,2,294989,294524,465
17545701,32,29,516,34624,0.85,1,2,298006,297490,516
17548621,44.8,41,520,34685,0.77,0.99,2,298054,297534,520
17551541,37.76,37.8,519,34746,0.658,1,1,298090,297571,519
17554461,35.552,40.36,513,34807,0.6196,1,1,298125,297612,513
17557381,31.1104,38.472,505,34868,0.67592,1,1,298155,297650,505
17560301,27.8221,27.6944,507,34929,0.623184,1,1,298182,297675,507
17563221,26.3644,24.7389,509,34990,0.564637,1,1,298208,297699,509
17566141,90.0729,33.7478,579,35050,0.600927,0.94,1,298314,297735,579
17569061,41.2146,89.9496,504,35110,0.608185,1,1,298343,297839,504
17571981,63.4429,44.3899,540,35170,0.657637,0.82,1,298412,297872,540
17574901,35.0886,62.478,501,35230,0.651527,0.92,1,298440,297939,501
17577821,31.0177,40.4956,496,35290,0.666305,0.85,1,298470,297974,496
17580741,42.2035,33.6991,509,35350,0.701261,0.75,1,298515,298006,509
17583661,34.0407,45.1398,493,35410,0.692252,0.63,1,298547,298054,493
17586581,34.0081,37.828,491,35470,0.70645,0.61,1,298581,298090,491
17589501,29.2016,35.5656,484,35530,0.69329,0.69,1,298609,298125,484
17592421,23.4403,31.1131,476,35589,0.706658,0.61,1,298631,298155,476
17595341,29.4881,27.8226,480,35648,0.741332,0.55,1,298662,298182,480
17598261,7.49761,26.3645,456,35707,0.748266,0.61,1,298664,298208,456
17601181,83.8995,90.0729,453,35766,0.829653,0.61,2,298767,298314,453
17604101,39.9799,41.2146,453,35825,0.829931,0.67,2,298796,298343,453
17607021,64.796,63.4429,455,35884,0.861986,0.65,2,298867,298412,455
17609941,36.1592,35.0886,456,35943,0.916397,0.67,2,298896,298440,456
17612861,30.4318,31.0177,455,36002,0.943279,0.71,2,298925,298470,455
17782221,36,30,496,39261,0.73,1,1,301167,300671,496
17785141,48.8,59.6,481,39315,0.746,1,1,301219,300738,481
17788061,44.16,36.72,493,39369,0.7652,1,2,301262,300769,493
17790981,36.832,29.744,500,39423,0.73704,1,1,301297,300797,500
17793901,32.9664,22.7488,511,39477,0.731408,1,1,301329,300818,511
17796821,22.5933,41.3498,485,39530,0.762282,1,2,301349,300864,485
17799741,29.3187,33.87,484,39583,0.784456,1,2,301380,300896,484
17802661,45.0637,48.374,481,39636,0.724891,0.89,1,301429,300948,481
17805581,32.2127,37.6748,475,39689,0.696978,0.86,1,301458,300983,475
17808501,24.8425,31.535,468,39742,0.723396,0.83,1,301481,301013,468
17811421,23.3685,27.907,464,39795,0.744679,0.85,1,301504,301040,464
17814341,30.2737,32.7814,462,39848,0.732936,0.71,1,301536,301074,462
17817261,50.0547,52.1563,460,39901,0.746587,0.73,1,301591,301131,460
17820181,38.0109,39.2313,459,39954,0.749317,0.75,1,301626,301167,459
17823101,46.8022,49.4463,456,40007,0.749864,0.77,1,301675,301219,456
17826021,42.1604,44.2893,454,40060,0.765973,0.77,2,301716,301262,454
17828941,38.0321,8.85785,491,40113,0.769195,0.73,2,301753,301262,491
17831861,34.0064,29.7716,489,40166,0.801839,0.73,2,301786,301297,489
17834781,22.8013,31.5543,477,40219,0.808368,0.77,2,301806,301329,477
17837701,26.9603,22.3109,485,40271,0.825674,0.79,2,301834,301349,485
17840621,47.7921,29.2622,507,40323,0.877135,0.71,2,301887,301380,507
17843541,31.1584,45.0524,485,40375,0.887427,0.69,2,301914,301429,485
17846461,25.4317,32.2105,480,40427,0.889485,0.73,2,301938,301458,480
17849381,22.6863,24.8421,479,40479,0.905897,0.75,2,301960,301481,479
17852301,30.9373,23.3684,489,40531,0.893179,0.73,2,301993,301504,489
17855221,49.3875,30.2737,511,40583,0.890636,0.75,2,302047,301536,511
17858141,39.4775,50.0547,493,40635,0.874127,0.75,2,302084,301591,493
17861061,47.0955,38.0109,507,40687,0.870825,0.75,2,302133,301626,507
17863981,41.4191,46.8022,498,40739,0.886165,0.77,2,302173,301675,498
17866901,39.4838,42.1604,496,40791,0.921233,0.77,2,302212,301716,496
18052321,87,79,504,19925,0.83,0.85,2,304509,304005,504
18055241,116.6,87,539,20031,0.862,0.77,2,304633,304094,539
18058161,73.72,102.2,496,20137,0.9164,0.75,2,304696,304200,496
18061081,65.944,70.84,497,20242,0.92728,0.83,2,304760,304263,497
18148681,36,31,524,23180,0.77,1,2,306795,306271,524
18151601,64,39,554,23271,0.706,1,1,306866,306312,554
18154521,104,81.4,576,23362,0.7412,1,1,306980,306404,576
18157441,103.2,105.88,567,23453,0.74824,0.95,1,307083,306516,567
18160361,55.84,93.176,521,23543,0.797648,1,2,307127,306606,521
18163281,60.768,59.4352,532,23633,0.80753,0.83,2,307189,306657,532
18166201,39.3536,64.687,500,23723,0.857506,0.83,2,307223,306723,500
18169121,31.8707,41.7374,494,23812,0.851501,0.77,2,307253,306759,494
18172041,61.5741,37.1475,527,23901,0.9143,0.69,2,307322,306795,527
18294681,46,38,486,27377,0.75,1,2,309716,309230,486
18297601,66,73.2,475,27454,0.654,1,1,309787,309312,475
18300521,97.2,98.64,475,27531,0.5548,0.96,1,309892,309417,475
18303441,65.84,63.728,478,27608,0.47096,1,1,309950,309472,478
18306361,27.568,29.5456,475,27685,0.454192,0.86,1,309968,309493,475
18309281,41.5136,47.5091,468,27761,0.498838,0.97,1,310013,309545,468
18312201,41.1027,44.7018,465,27837,0.475768,0.79,1,310054,309589,465
18315121,42.6205,46.5404,461,27913,0.503154,0.71,1,310097,309636,461
18318041,34.9241,36.5081,460,27989,0.460631,0.75,1,310130,309670,460
18320961,39.7848,44.1016,455,28065,0.468126,0.63,1,310171,309716,455
18323881,65.557,65.6203,456,28140,0.485625,0.53,1,310243,309787,456
18326801,87.5114,97.1241,444,28215,0.489125,0.45,1,310336,309892,444
18329721,58.3023,65.8248,437,28290,0.473825,0.45,1,310387,309950,437
18332641,31.6605,27.565,444,28365,0.486765,0.45,1,310412,309968,444
18335561,42.3321,5.51299,489,28440,0.489353,0.51,1,310457,309968,489
18338481,42.0664,37.1026,486,28514,0.569871,0.47,1,310499,310013,486
18341401,42.0133,40.2205,487,28588,0.585974,0.51,1,310541,310054,487
18344321,34.0027,42.4441,476,28662,0.589195,0.45,1,310573,310097,476
18347241,40.4005,34.8888,485,28736,0.589839,0.47,1,310615,310130,485
18350161,64.8801,39.7778,515,28810,0.589968,0.49,1,310686,310171,515
18353081,88.976,65.5556,538,28883,0.653994,0.49,1,310781,310243,538
18356001,56.1952,87.5111,493,28956,0.666799,0.47,1,310829,310336,493
18358921,33.639,58.3022,470,29029,0.65336,0.49,1,310857,310387,470
18361841,42.7278,31.6604,490,29102,0.698672,0.49,1,310902,310412,490
18364761,46.1456,42.3321,492,29175,0.755734,0.59,2,310949,310457,492
18367681,42.8291,42.0664,492,29248,0.815147,0.59,2,310991,310499,492
18370601,34.1658,42.0133,482,29320,0.827029,0.59,2,311023,310541,482
18373521,40.4332,34.0027,492,29392,0.829406,0.59,2,311065,310573,492
18376441,64.8866,40.4005,521,29464,0.845881,0.59,2,311136,310615,521
18379361,92.1773,64.8801,549,29536,0.913176,0.67,2,311235,310686,549
18382281,56.8355,88.976,502,29608,0.942635,0.67,2,311283,310781,502
18510761,44,41,512,32603,0.83,1,2,313339,312827,512
18513681,26.4,30.6,506,32668,0.782,1,2,313361,312855,506
18516601,34.88,30.92,512,32733,0.7244,1,1,313398,312886,512
18519521,27.776,33.384,504,32798,0.74488,1,1,313424,312920,504
18522441,23.1552,33.0768,493,32862,0.796976,1,2,313446,312953,493
18525361,50.231,56.2154,488,32926,0.743395,0.97,1,313503,313015,488
18528281,80.4462,93.6431,473,32990,0.764679,0.9,2,313591,313118,473
18531201,52.8892,61.9286,465,33054,0.768936,0.97,2,313637,313172,465
18534121,30.5778,30.7857,467,33118,0.737787,0.81,1,313662,313195,467
18537041,50.9156,53.3571,464,33182,0.747557,0.85,1,313718,313254,464
18539961,42.1831,43.4714,463,33246,0.733512,0.83,1,313758,313295,463
18542881,42.8366,43.8943,462,33310,0.730702,0.77,1,313801,313339,462
18545801,22.1673,26.3789,457,33373,0.762141,0.71,2,313818,313361,457
18548721,34.0335,34.8758,457,33436,0.752428,0.75,2,313855,313398,457
18551641,28.4067,27.7752,458,33499,0.782486,0.81,2,313882,313424,458
18554561,23.2813,23.155,458,33562,0.820497,0.73,2,313904,313446,458
18557481,49.4563,50.231,457,33625,0.860099,0.77,2,313960,313503,457
18560401,81.8913,80.4462,459,33688,0.91602,0.77,2,314050,313591,459
18563321,53.1782,52.8892,459,33751,0.943204,0.73,2,314096,313637,459
18715161,23,21,506,36868,0.79,1,2,316238,315732,506
18718081,25.4,37.8,490,36925,0.726,1,1,316264,315774,490
18721001,36.28,35.56,494,36982,0.6812,1,1,316303,315809,494
18723921,30.456,36.712,486,37039,0.65624,1,1,316332,315846,486
18726841,30.8912,32.9424,485,37096,0.651248,1,1,316363,315878,485
18729761,67.7782,75.3885,476,37153,0.53825,1,1,316440,315964,476
18732681,42.3556,15.0777,512,37210,0.49965,1,1,316476,315964,512
18735601,30.8711,32.6155,503,37267,0.53993,1,1,316504,316001,503
18738521,54.9742,30.5231,534,37324,0.531986,1,1,316565,316031,534
18741441,35.7948,58.1046,500,37381,0.514397,0.97,1,316596,316096,500
18744361,41.559,38.8209,509,37438,0.558879,0.85,1,316639,316130,509
18747281,36.3118,48.5642,493,37494,0.519776,0.75,1,316674,316181,493
18750201,23.2624,36.9128,479,37550,0.543955,0.79,1,316694,316215,479
18753121,26.2525,25.7826,483,37606,0.548791,0.71,1,316721,316238,483
18756041,36.4505,25.9565,496,37662,0.565758,0.67,1,316760,316264,496
18758961,31.2901,36.3913,487,37718,0.617152,0.65,1,316790,316303,487
18761881,27.058,30.4783,484,37774,0.62743,0.65,1,316816,316332,484
18764801,61.4116,30.8957,523,37830,0.613486,0.51,1,316886,316363,523
18767721,42.6823,67.7791,484,37886,0.674697,0.49,1,316924,316440,484
18770641,30.1365,42.3558,475,37942,0.686939,0.55,1,316951,316476,475
18773561,54.8273,30.8712,508,37998,0.705388,0.53,1,317012,316504,508
18776481,36.5655,54.9742,479,38054,0.725078,0.51,1,317044,316565,479
18779401,40.9131,35.7948,490,38110,0.745016,0.57,1,317086,316596,490
18782321,36.9826,41.559,483,38165,0.749003,0.51,1,317122,316639,483
18785241,22.5965,36.3118,467,38220,0.733801,0.55,1,317141,316674,467
18788161,26.9193,23.2624,475,38275,0.76276,0.55,2,317169,316694,475
18791081,39.7839,26.2525,491,38330,0.832552,0.57,2,317212,316721,491
18794001,31.9568,36.4505,482,38385,0.89451,0.63,2,317242,316760,482
18796921,27.1914,31.2901,478,38440,0.906902,0.63,2,317268,316790,478
18799841,61.4383,27.058,522,38495,0.95738,0.61,2,317338,316816,522
18802761,43.4877,61.4116,491,38550,0.919476,0.69,2,317377,316886,491
18805681,30.2975,42.6823,480,38605,0.895895,0.69,2,317404,316924,480
18808601,7.65951,30.1365,455,38660,0.891179,0.71,2,317406,316951,455
18811521,51.9319,54.8273,457,38715,0.922236,0.73,2,317469,317012,457
18814441,37.5864,36.5655,459,38770,0.944447,0.75,2,317503,317044,459
18817361,41.1173,40.9131,459,38824,0.932889,0.75,2,317545,317086,459
18975041,36,24,503,41659,0.69,1,1,319494,318991,503
18977961,32.8,30.4,503,41710,0.642,1,1,319526,319023,503
18980881,15.36,27.68,487,41761,0.6644,1,1,319537,319050,487
18983801,45.472,41.536,495,41812,0.54088,1,1,319590,319095,495
18986721,36.2944,34.7072,496,41862,0.484176,1,1,319624,319128,496
18989641,30.4589,32.5414,493,41912,0.360835,1,1,319653,319160,493
18992561,51.6918,49.7083,496,41962,0.336167,1,1,319710,319214,496
18995481,36.7384,37.9417,494,42012,0.251233,1,1,319743,319249,494
18998401,26.5477,41.1883,476,42062,0.218247,0.85,1,319767,319291,476
19001321,27.7095,33.0377,473,42112,0.195649,1,1,319795,319322,473
19004241,27.1419,32.2075,468,42162,0.20713,0.97,1,319822,319354,468
19007161,27.0284,30.4415,465,42212,0.225426,0.81,1,319849,319384,465
19010081,23.0057,27.6883,460,42262,0.181085,0.77,1,319871,319411,460
19013001,41.4011,43.1377,459,42312,0.220217,0.69,1,319917,319458,459
19015921,33.8802,37.4275,455,42362,0.276043,0.63,1,319949,319494,455
19018841,31.576,33.0855,454,42412,0.303209,0.67,1,319980,319526,454
19021761,13.5152,15.4171,452,42462,0.308642,0.51,1,319989,319537,452
19024681,41.903,45.4834,448,42512,0.325728,0.47,1,320038,319590,448
19027601,33.1806,36.2967,445,42562,0.313146,0.33,1,320069,319624,445
19030521,28.2361,30.4593,443,42612,0.406629,0.33,1,320096,319653,443
19033441,44.8472,51.6919,435,42662,0.393326,0.23,1,320145,319710,435
19036361,36.9694,36.7384,437,42711,0.374665,0.21,1,320180,319743,437
19039281,21.7939,26.5477,431,42760,0.402933,0.19,1,320198,319767,431
19042201,26.7588,27.7095,431,42809,0.376587,0.21,1,320226,319795,431
19045121,26.1518,27.1419,430,42858,0.419317,0.23,1,320252,319822,430
19048041,26.0304,27.0284,429,42907,0.427863,0.17,1,320278,319849,429
19050961,24.4061,23.0057,431,42956,0.397573,0.23,1,320302,319871,431
19053881,41.6812,41.4011,431,43005,0.455515,0.23,1,320348,319917,431
19056801,37.1362,8.28023,467,43054,0.467103,0.29,1,320384,319917,467
19059721,32.2272,27.256,466,43103,0.485421,0.31,1,320415,319949,466
19062641,12.8454,30.2512,443,43152,0.489084,0.31,1,320423,319980,443
19065561,43.3691,13.2502,485,43201,0.505817,0.33,1,320474,319989,485
19068481,35.0738,41.85,469,43250,0.525163,0.31,1,320507,320038,469
19071401,29.4148,33.17,466,43299,0.497033,0.43,1,320535,320069,466
19074321,45.883,28.234,489,43348,0.539407,0.39,1,320585,320096,489
19077241,37.1766,44.8468,475,43397,0.531881,0.37,1,320620,320145,475
19080161,21.0353,36.9694,457,43446,0.594376,0.41,1,320637,320180,457
19083081,26.6071,21.7939,467,43495,0.622875,0.37,1,320665,320198,467
19086001,26.9214,26.7588,466,43544,0.644575,0.43,1,320692,320226,466
19088921,26.1843,26.1518,466,43592,0.648915,0.43,1,320718,320252,466
19091841,25.2369,26.0304,465,43640,0.633783,0.39,1,320743,320278,465
19094761,42.6474,24.4061,488,43688,0.646757,0.47,1,320790,320302,488
19097681,38.9295,41.6812,480,43736,0.681351,0.47,1,320828,320348,480
19100601,33.3859,37.1362,476,43784,0.72027,0.49,1,320860,320384,476
19103521,13.8772,32.2272,454,43832,0.712054,0.49,1,320869,320415,454
19106441,43.5754,12.8454,497,43880,0.726411,0.51,1,320920,320423,497
19109361,35.9151,43.3691,480,43928,0.745282,0.53,1,320954,320474,480
19112281,29.583,35.0738,475,43976,0.749056,0.49,1,320982,320507,475
19115201,46.7166,29.4148,498,44024,0.797811,0.55,2,321033,320535,498
19118121,38.9433,45.883,485,44072,0.791562,0.53,2,321070,320585,485
19121041,22.1887,37.1766,468,44120,0.822312,0.61,2,321088,320620,468
19123961,27.6377,21.0353,480,44168,0.860462,0.63,2,321117,320637,480
19126881,27.9275,26.6071,480,44216,0.868092,0.65,2,321145,320665,480
19129801,26.3855,26.9214,479,44264,0.917619,0.65,2,321171,320692,479
19132721,24.4771,26.1843,477,44312,0.927524,0.63,2,321195,320718,477
19147321,8,9,458,44550,0.93,0.73,2,321327,320869,458
19150241,42.4,42.6,458,44597,0.946,0.75,2,321378,320920,458
19385301,60,85,469,22093,0.05,0.49,1,324007,323538,469
19388221,51.2,58.6,466,22189,0.082,0.15,1,324056,323590,466
19391141,72.64,82.92,455,22285,0.0884,0.09,1,324134,323679,455
19394061,60.128,70.184,445,22380,0.01768,0.05,1,324191,323746,445
19396981,50.4256,66.0368,428,22475,0.059536,0.07,1,324239,323811,428
19399901,22.0851,19.6074,435,22569,0.0519072,0.05,1,324254,323819,435
19402821,98.017,23.1215,528,22663,0.0503814,0.05,1,324371,323843,528
19405741,66.8034,87.8243,483,22757,0.0980763,0.05,1,324430,323947,483
19408661,54.1607,65.5649,474,22850,0.139615,0.09,1,324481,324007,474
19411581,70.0321,52.313,499,22943,0.147923,0.09,1,324555,324056,499
19414501,59.6064,72.8626,478,23035,0.165585,0,1,324612,324134,478
19417421,51.1213,60.1725,470,23127,0.169117,0.07,1,324661,324191,470
19420341,21.4243,50.4345,436,23219,0.169823,0.05,1,324675,324239,436
19423261,101.885,22.0869,543,23310,0.185965,0.05,1,324797,324254,543
19426181,67.577,98.0174,485,23401,0.205193,0.11,1,324856,324371,485
19429101,55.9154,66.8035,479,23492,0.241039,0.15,1,324909,324430,479
19432021,71.1831,54.1607,503,23582,0.296208,0.15,1,324984,324481,503
19434941,59.8366,70.0321,486,23672,0.307242,0.17,1,325041,324555,486
19437861,51.1673,59.6064,478,23762,0.325448,0.17,1,325090,324612,478
19440781,19.8335,51.1213,441,23851,0.34509,0.17,1,325102,324661,441
19443701,103.967,21.4243,552,23940,0.381018,0.19,1,325227,324675,552
19446621,22.3933,101.885,432,24029,0.388204,0.21,1,325229,324797,432
19449541,51.6787,67.577,432,24117,0.437641,0.25,1,325288,324856,432
19452461,55.1357,55.9154,435,24205,0.479528,0.31,1,325344,324909,435
19455381,73.4271,71.1831,438,24293,0.487906,0.31,1,325422,324984,438
19458301,59.4854,59.8366,437,24380,0.505581,0.33,1,325478,325041,437
19461221,52.6971,51.1673,439,24467,0.525116,0.35,1,325529,325090,439
19464141,20.9394,19.8335,440,24554,0.513023,0.39,1,325542,325102,440
19467061,104.988,103.967,441,24640,0.526605,0.39,1,325668,325227,441
19469981,22.5976,22.3933,441,24726,0.529321,0.45,1,325670,325229,441
19472901,52.5195,51.6787,442,24812,0.593864,0.49,1,325730,325288,442
19475821,56.9039,55.1357,444,24897,0.590773,0.49,1,325788,325344,444
19478741,76.1808,73.4271,447,24982,0.670155,0.51,1,325869,325422,447
19481661,60.0362,59.4854,447,25067,0.702031,0.53,1,325925,325478,447
19484581,52.0072,52.6971,446,25152,0.708406,0.51,1,325975,325529,446
19487501,20.0014,20.9394,445,25236,0.677681,0.53,1,325987,325542,445
19490421,107.2,104.988,448,25320,0.719536,0.53,1,326116,325668,448
19493341,23.0401,22.5976,448,25404,0.727907,0.61,1,326118,325670,448
19496261,54.208,52.5195,450,25487,0.745581,0.61,1,326180,325730,450
19499181,58.0416,10.5039,509,25570,0.733116,0.59,1,326239,325730,509
19502101,78.8083,48.5008,535,25653,0.826623,0.69,2,326323,325788,535
19505021,60.5617,74.5002,510,25736,0.829325,0.71,2,326379,325869,510
19507941,52.1123,59.7,504,25818,0.845865,0.71,2,326429,325925,504
19510861,20.0225,51.94,466,25900,0.849173,0.67,2,326441,325975,466
19513781,108.004,19.988,584,25982,0.897835,0.73,2,326571,325987,584
19516701,23.2009,107.198,457,26064,0.907567,0.73,2,326573,326116,457
19519621,56.6402,23.0395,520,26145,0.925513,0.75,2,326638,326118,520
19618901,34,138,507,28772,0.49,1,1,328511,328004,507
19621821,30.8,50,509,28846,0.426,1,1,328541,328032,509
19624741,51.76,34.8,535,28919,0.1892,1,1,328598,328063,535
19627661,39.152,59.76,505,28992,0.09384,1,1,328634,328129,505
19630581,63.0304,39.952,539,29065,0.042768,0.85,1,328703,328164,539
19633501,44.6061,58.3904,516,29138,0.112554,1,1,328743,328227,516
19636421,47.3212,50.8781,515,29211,0.0465107,0.99,1,328791,328276,515
19639341,27.8642,45.3756,494,29283,0.0813021,0.87,1,328814,328320,494
19642261,93.5728,31.4751,576,29355,0.0882604,0.49,1,328924,328348,576
19645181,42.7146,109.495,477,29427,0.0896521,0.49,1,328954,328477,477
19648101,27.7429,49.099,467,29499,0.0899304,0.41,1,328978,328511,467
19651021,43.1486,33.8198,484,29571,0.137986,0.13,1,329025,328541,484
19653941,34.2297,52.364,459,29643,0.131597,0.07,1,329057,328598,459
19656861,61.2459,39.2728,491,29714,0.0503194,0.03,1,329125,328634,491
19659781,47.4492,63.0546,466,29785,0.0180639,0.13,1,329169,328703,466
19662701,11.0898,44.6109,428,29856,0.0116128,0.03,1,329171,328743,428
19665621,38.218,47.3222,425,29927,0.0583226,0.09,1,329216,328791,425
19668541,24.4436,27.8644,423,29998,0.0516645,0.09,1,329237,328814,423
19671461,95.2887,93.5729,426,30069,0.0983329,0.09,1,329350,328924,426
19674381,43.0577,42.7146,426,30139,0.107667,0.09,1,329380,328954,426
19677301,29.4115,27.7429,428,30209,0.109533,0.15,1,329406,328978,428
19680221,44.2823,43.1486,429,30279,0.0779067,0.13,1,329454,329025,429
19683141,35.2565,34.2297,430,30349,0.103581,0.03,1,329487,329057,430
19686061,55.8513,61.2459,423,30419,0.0927163,0.01,1,329548,329125,423
19688981,47.1703,47.4492,424,30489,0.0745433,0.01,1,329593,329169,424
19691901,11.0341,11.0898,424,30558,0.0709086,0.07,1,329595,329171,424
19694821,37.4068,38.218,423,30627,0.0701817,0.05,1,329639,329216,423
19697741,25.8814,24.4436,425,30696,0.0700363,0.11,1,329662,329237,425
19700661,95.5763,95.2887,425,30765,0.118007,0.11,1,329775,329350,425
19703581,44.7153,43.0577,427,30834,0.175601,0.11,1,329807,329380,427
19706501,28.1431,29.4115,425,30903,0.20312,0.07,1,329831,329406,425
19709421,42.4286,44.2823,423,30971,0.224624,0.11,1,329877,329454,423
19712341,36.4857,35.2565,425,31039,0.228925,0.09,1,329912,329487,425
19715261,56.8971,55.8513,426,31107,0.181785,0.07,1,329974,329548,426
19718181,44.9794,47.1703,423,31175,0.140357,0.07,1,330016,329593,423
19721101,10.5959,11.0341,423,31243,0.100071,0.07,1,330018,329595,423
19724021,37.3192,37.4068,423,31311,0.140014,0.07,1,330062,329639,423
19726941,26.6638,7.48136,447,31379,0.132003,0.07,1,330086,329639,447
19729861,98.9328,19.8963,541,31446,0.258401,0.13,1,330203,329662,541
19732781,45.3866,94.3793,460,31513,0.25168,0.19,1,330235,329775,460
19735701,29.0773,44.4759,453,31580,0.266336,0.21,1,330260,329807,453
19738621,43.4155,28.0952,476,31647,0.285267,0.23,1,330307,329831,476
19741541,36.6831,42.419,465,31714,0.305053,0.23,1,330342,329877,465
19744461,56.1366,36.4838,491,31781,0.341011,0.17,1,330403,329912,491
19747381,41.6273,56.8968,467,31848,0.348202,0.13,1,330441,329974,467
19750301,9.92546,44.9794,427,31914,0.34964,0.09,1,330443,330016,427
19753221,38.7851,10.5959,471,31980,0.333928,0.15,1,330489,330018,471
19756141,26.957,37.3192,451,32046,0.362786,0.13,1,330513,330062,451
19759061,103.791,26.6638,550,32112,0.416557,0.29,1,330636,330086,550
19761981,46.3583,98.9328,465,32178,0.443311,0.25,1,330668,330203,465
19764901,30.0717,45.3866,459,32244,0.480662,0.27,1,330694,330235,459
19767821,44.4143,29.0773,482,32310,0.488132,0.29,1,330742,330260,482
19770741,37.6829,43.4155,471,32375,0.489626,0.31,1,330778,330307,471
19773661,57.9366,36.6831,499,32440,0.553925,0.35,1,330841,330342,499
19776581,41.9873,56.1366,476,32505,0.582785,0.35,1,330879,330403,476
19779501,9.99746,41.6273,440,32570,0.588557,0.35,1,330881,330441,440
19782421,39.5995,9.92546,485,32635,0.605711,0.33,1,330928,330443,485
19785341,27.1199,38.7851,463,32700,0.625142,0.37,1,330952,330489,463
19788261,106.224,26.957,565,32765,0.629028,0.43,1,331078,330513,565
19791181,22.8448,103.791,444,32830,0.629806,0.45,1,331080,330636,444
19794101,30.969,46.3583,445,32894,0.677961,0.49,1,331113,330668,445
19797021,27.7938,30.0717,446,32958,0.703592,0.49,1,331140,330694,446
19799941,43.9588,44.4143,446,33022,0.772718,0.49,2,331188,330742,446
19802861,38.3918,37.6829,447,33086,0.770544,0.57,2,331225,330778,447
19805781,61.2784,57.9366,451,33150,0.722109,0.59,1,331292,330841,451
19808701,42.6557,41.9873,451,33214,0.728422,0.59,1,331330,330879,451
19811621,10.1311,9.99746,451,33278,0.729684,0.61,1,331332,330881,451
19814541,40.4262,39.5995,452,33342,0.697937,0.63,1,331380,330928,452
19817461,28.8852,27.1199,454,33405,0.723587,0.63,1,331406,330952,454
19820381,105.777,106.224,453,33468,0.744717,0.63,1,331531,331078,453
19823301,22.7554,22.8448,453,33531,0.780944,0.69,2,331533,331080,453
19826221,33.3511,30.969,456,33594,0.772189,0.71,2,331569,331113,456
19829141,29.0702,27.7938,457,33657,0.786438,0.79,2,331597,331140,457
19832061,45.814,43.9588,459,33720,0.885288,0.77,2,331647,331188,459
19834981,37.9628,38.3918,458,33783,0.905058,0.71,2,331683,331225,458
19837901,58.7926,61.2784,455,33846,0.893012,0.73,2,331747,331292,455
19840821,42.9585,42.6557,456,33908,0.922602,0.73,2,331786,331330,456
19843741,10.1917,10.1311,456,33970,0.89652,0.69,2,331788,331332,456
19846661,40.4383,40.4262,456,34032,0.939304,0.73,2,331836,331380,456
19975141,34,42,483,36665,0.67,1,1,333687,333204,483
19978061,39.6,33.2,493,36723,0.606,1,1,333728,333235,493
19980981,31.12,23.44,501,36781,0.5132,1,1,333757,333256,501
19983901,31.024,27.088,504,36838,0.51064,1,1,333788,333284,504
19986821,97.4048,109.418,488,36895,0.462128,0.98,1,333902,333414,488
19989741,37.881,50.6835,475,36952,0.388426,1,1,333925,333450,475
19992661,25.1762,28.5367,474,37009,0.373685,0.97,1,333947,333473,474
19995581,16.2352,15.3073,476,37066,0.386737,1,1,333961,333485,476
19998501,21.647,25.4615,471,37123,0.389347,0.87,1,333984,333513,471
20001421,29.9294,34.6923,466,37180,0.373869,0.87,1,334016,333550,466
20004341,36.3859,6.93846,504,37237,0.354774,0.87,1,334054,333550,504
20007261,54.4772,34.1877,522,37294,0.382955,0.69,1,334113,333591,522
20010181,31.6954,56.4375,486,37351,0.388591,0.67,1,334139,333653,486
20013101,39.9391,38.4875,494,37408,0.405718,0.59,1,334181,333687,494
20016021,28.7878,40.4975,479,37464,0.441144,0.49,1,334207,333728,479
20018941,29.7576,31.2995,480,37520,0.480229,0.51,1,334237,333757,480
20021861,86.7515,31.0599,550,37576,0.552046,0.45,1,334338,333788,550
20024781,36.5503,97.412,460,37632,0.566409,0.37,1,334362,333902,460
20027701,25.7101,37.8824,460,37688,0.585282,0.37,1,334385,333925,460
20030621,17.942,25.1765,454,37744,0.557056,0.39,1,334401,333947,454
20033541,20.3884,16.2353,461,37800,0.583411,0.39,1,334422,333961,461
20036461,30.4777,21.6471,471,37856,0.572682,0.37,1,334455,333984,471
20039381,35.6955,29.9294,476,37912,0.586536,0.35,1,334492,334016,476
20042301,55.1391,36.3859,498,37968,0.669307,0.39,1,334552,334054,498
20045221,33.4278,54.4772,467,38024,0.637861,0.39,1,334580,334113,467
20048141,41.0856,31.6954,484,38080,0.663572,0.41,1,334623,334139,484
20051061,29.8171,39.9391,469,38135,0.684714,0.45,1,334650,334181,469
20053981,30.7634,28.7878,474,38190,0.736943,0.49,1,334681,334207,474
20056901,90.9527,29.7576,550,38245,0.779389,0.57,2,334787,334237,550
20059821,37.3905,86.7515,473,38300,0.787878,0.57,2,334811,334338,473
20062741,25.0781,36.5503,471,38355,0.789576,0.59,2,334833,334362,471
20065661,18.6156,25.7101,465,38410,0.773915,0.55,2,334850,334385,465
20068581,21.3231,17.942,471,38465,0.802783,0.59,2,334872,334401,471
20071501,29.8646,20.3884,482,38520,0.808557,0.57,2,334904,334422,482
20074421,36.3729,30.4777,487,38575,0.825711,0.59,2,334942,334455,487
20077341,8.87458,35.6955,452,38630,0.829142,0.69,2,334944,334492,452
20080261,51.3749,55.1391,454,38685,0.845828,0.63,2,335006,334552,454
20083181,34.275,33.4278,456,38740,0.849166,0.67,2,335036,334580,456
20086101,40.455,41.0856,455,38795,0.897833,0.69,2,335078,334623,455
20089021,31.291,29.8171,457,38849,0.923567,0.75,2,335107,334650,457
20091941,31.0582,30.7634,457,38903,0.912713,0.79,2,335138,334681,457
20094861,94.2116,90.9527,461,38957,0.878543,0.79,2,335248,334787,461
20097781,38.0423,37.3905,461,39011,0.855709,0.79,2,335272,334811,461
20100701,25.2085,25.0781,461,39065,0.867142,0.77,2,335294,334833,461
20103621,19.4417,18.6156,462,39119,0.869428,0.81,2,335312,334850,462
20106541,21.4883,21.3231,462,39173,0.901886,0.81,2,335334,334872,462
20109461,30.6977,29.8646,463,39227,0.908377,0.83,2,335367,334904,463
20272981,19,29,513,42135,0.79,1,2,337394,336881,513
20275901,20.6,33,500,42185,0.774,1,2,337415,336915,500
20278821,34.52,43.4,492,42235,0.7708,1,2,337453,336961,492
20281741,38.104,27.88,507,42285,0.75416,1,2,337492,336985,507
20284661,30.0208,31.176,503,42335,0.702832,1,1,337520,337017,503
20287581,17.2042,33.4352,483,42385,0.724566,1,1,337534,337051,483
20290501,69.0408,69.087,487,42435,0.760913,0.88,2,337616,337129,487
20293421,44.2082,47.4174,483,42485,0.704183,1,1,337654,337171,483
20296341,41.6416,42.2835,483,42535,0.708836,0.96,1,337695,337212,483
20299261,33.1283,38.8567,476,42585,0.693767,0.88,1,337726,337250,476
20302181,20.2257,29.3713,466,42635,0.658753,0.95,1,337743,337277,466
20305101,25.6451,26.6743,467,42684,0.667751,0.93,1,337770,337303,467
20308021,33.929,35.7349,465,42733,0.62155,0.85,1,337806,337341,465
20310941,31.5858,34.347,462,42782,0.62831,0.79,1,337837,337375,462
20313861,19.1172,22.0694,459,42831,0.613662,0.77,1,337853,337394,459
20316781,18.2234,21.2139,456,42880,0.578732,0.77,1,337871,337415,456
20319701,34.8447,34.6428,457,42929,0.587746,0.75,1,337910,337453,457
20322621,39.7689,38.1286,459,42978,0.605549,0.69,1,337951,337492,459
20325541,27.9538,30.0257,456,43027,0.59311,0.69,1,337976,337520,456
20328461,16.7908,6.00514,470,43076,0.558622,0.73,1,337990,337520,470
20331381,69.7582,12.401,539,43125,0.567724,0.77,1,338073,337534,539
20334301,41.1516,68.0802,491,43174,0.585545,0.69,1,338107,337616,491
20337221,39.4303,44.016,492,43223,0.541109,0.71,1,338146,337654,492
20340141,33.4861,41.6032,483,43272,0.564222,0.69,1,338178,337695,483
20343061,21.8972,33.1206,471,43321,0.552844,0.65,1,338197,337726,471
20345981,23.5794,20.2241,478,43370,0.534569,0.67,1,338221,337743,478
20348901,33.5159,25.6448,487,43419,0.562914,0.61,1,338257,337770,487
20351821,29.9032,33.929,480,43468,0.568583,0.63,1,338286,337806,480
20354741,18.7806,31.5858,465,43517,0.569717,0.61,1,338302,337837,465
20357661,17.3561,19.1172,466,43565,0.553943,0.57,1,338319,337853,466
20360581,34.6712,18.2234,487,43613,0.614789,0.59,1,338358,337871,487
20363501,40.5342,34.8447,490,43661,0.658958,0.61,1,338400,337910,490
20366421,27.3068,39.7689,473,43709,0.667792,0.59,1,338424,337951,473
20369341,16.6614,27.9538,462,43757,0.685558,0.55,1,338438,337976,462
20372261,70.5323,16.7908,532,43805,0.705112,0.57,1,338522,337990,532
20375181,40.5065,69.7582,482,43853,0.741022,0.59,1,338555,338073,482
20378101,38.5013,41.1516,486,43901,0.764205,0.53,2,338593,338107,486
20381021,33.3003,39.4303,479,43949,0.784841,0.57,2,338625,338146,479
20383941,21.8601,33.4861,466,43997,0.804968,0.55,2,338644,338178,466
20386861,23.572,21.8972,471,44045,0.776994,0.53,2,338668,338197,471
20389781,35.1144,23.5794,485,44093,0.787399,0.57,2,338706,338221,485
20392701,30.2229,33.5159,478,44141,0.80548,0.57,2,338735,338257,478
20395621,18.8446,29.9032,465,44189,0.825096,0.57,2,338751,338286,465
20398541,18.9689,18.7806,468,44237,0.845019,0.55,2,338770,338302,468
20401461,35.7938,17.3561,491,44285,0.833004,0.63,2,338810,338319,491
20404381,42.3588,34.6712,496,44333,0.862601,0.67,2,338854,338358,496
20407301,28.4718,40.5342,479,44381,0.88452,0.67,2,338879,338400,479
20410221,17.6943,27.3068,470,44429,0.872904,0.69,2,338894,338424,470
20413141,5.13887,16.6614,458,44476,0.870581,0.71,2,338896,338438,458
20416061,67.4278,70.5323,457,44523,0.854116,0.75,2,338979,338522,457
20418981,41.4856,40.5065,459,44570,0.866823,0.77,2,339014,338555,459
20421901,40.2971,38.5013,461,44617,0.933365,0.79,2,339054,338593,461
20424821,33.6594,33.3003,461,44664,0.914673,0.81,2,339086,338625,461
20427741,21.1319,21.8601,460,44711,0.926935,0.77,2,339104,338644,460
20430661,23.4264,23.572,460,44758,0.929387,0.79,2,339128,338668,460
20433581,35.8853,35.1144,461,44805,0.945877,0.81,2,339167,338706,461
20436501,31.9771,30.2229,463,44852,0.933176,0.83,2,339198,338735,463
20439421,19.1954,18.8446,463,44899,0.898635,0.85,2,339214,338751,463
20442341,18.2391,18.9689,462,44946,0.939727,0.83,2,339232,338770,462
20445261,37.2478,35.7938,464,44993,0.915945,0.87,2,339274,338810,464
20448181,43.4496,42.3588,465,45040,0.911189,0.89,2,339319,338854,465
20451101,29.4899,28.4718,466,45087,0.926238,0.87,2,339345,338879,466
20597101,47,35,516,47371,0.71,1,1,340939,340423,516
20600021,32.6,31,515,47415,0.598,1,1,340968,340453,515
20602941,34.52,39,509,47459,0.4796,1,1,341003,340494,509
20605861,30.904,34.2,506,47503,0.39192,1,1,341033,340527,506
20608781,22.1808,29.24,498,47547,0.358384,1,1,341053,340555,498
20611701,33.2362,28.248,506,47591,0.319677,1,1,341089,340583,506
20614621,29.0472,29.6496,504,47635,0.247935,1,1,341117,340613,504
20617541,29.0094,25.9299,508,47679,0.249587,1,1,341146,340638,508
20620461,17.8019,26.786,496,47723,0.249917,1,1,341161,340665,496
20623381,21.1604,25.3572,493,47767,0.185983,1,1,341183,340690,493
20626301,29.8321,39.4714,482,47811,0.0931967,1,1,341215,340733,482
20629221,31.5664,35.0943,480,47855,0.122639,0.97,1,341247,340767,480
20632141,36.7133,33.4189,485,47899,0.0485279,1,1,341285,340800,485
20635061,23.3427,26.6838,480,47943,0.0497056,0.95,1,341305,340825,480
20637981,19.8685,30.9368,467,47987,0.0339411,0.91,1,341324,340857,467
20640901,28.7737,34.1874,463,48031,0.0307882,0.71,1,341355,340892,463
20643821,34.5547,44.4375,452,48075,0.0461576,0.57,1,341391,340939,452
20646741,28.5109,32.0875,450,48119,0.129232,0.45,1,341418,340968,450
20649661,28.1022,34.4175,443,48163,0.129846,0.37,1,341446,341003,443
20652581,26.4204,30.8835,439,48207,0.145969,0.35,1,341472,341033,439
20655501,20.4841,22.1767,438,48251,0.197194,0.31,1,341491,341053,438
20658421,31.2968,33.2353,436,48295,0.207439,0.23,1,341525,341089,436
20661341,26.2594,29.0471,433,48339,0.289488,0.25,1,341550,341117,433
20664261,27.6519,29.0094,432,48383,0.321898,0.25,1,341578,341146,432
20667181,15.1304,17.8019,429,48427,0.29638,0.17,1,341590,341161,429
20670101,18.2261,21.1604,426,48471,0.307276,0.07,1,341609,341183,426
20673021,26.0452,29.8321,422,48514,0.309455,0.13,1,341637,341215,422
20675941,30.809,31.5664,422,48557,0.325891,0.03,1,341669,341247,422
20678861,36.5618,36.7133,422,48600,0.297178,0.05,1,341707,341285,422
20681781,23.3124,23.3427,422,48643,0.291436,0.03,1,341727,341305,422
20684701,19.8625,19.8685,422,48686,0.274287,0.03,1,341746,341324,422
20687621,28.7725,28.7737,422,48729,0.254857,0.05,1,341777,341355,422
20690541,36.9545,34.5547,425,48772,0.250971,0.15,1,341816,341391,425
20693461,31.3909,28.5109,428,48815,0.282194,0.13,1,341846,341418,428
20696381,27.0782,28.1022,426,48858,0.336439,0.13,1,341872,341446,426
20699301,27.8156,5.62044,454,48901,0.315288,0.15,1,341900,341446,454
20702221,21.5631,21.9241,448,48944,0.311058,0.21,1,341920,341472,448
20705141,34.7126,19.5848,467,48987,0.374211,0.21,1,341958,341491,467
20708061,28.5425,31.117,460,49030,0.370842,0.31,1,341985,341525,460
20710981,28.1085,26.2234,463,49073,0.402168,0.33,1,342013,341550,463
20713901,15.2217,27.6447,447,49116,0.408434,0.29,1,342025,341578,447
20716821,17.4443,15.1289,453,49159,0.409687,0.31,1,342043,341590,453
20719741,25.8889,18.2258,462,49202,0.409937,0.31,1,342071,341609,462
20722661,31.5778,26.0452,467,49245,0.425987,0.33,1,342104,341637,467
20725581,35.1156,30.809,471,49288,0.429197,0.29,1,342140,341669,471
20728501,23.0231,36.5618,453,49331,0.42984,0.29,1,342160,341707,453
20731421,19.0046,23.3124,451,49374,0.429968,0.27,1,342178,341727,451
20734341,28.6009,19.8625,463,49417,0.413994,0.25,1,342209,341746,463
20737261,37.7202,28.7725,472,49460,0.458799,0.25,1,342249,341777,472
20740181,33.144,36.9545,465,49503,0.48376,0.29,1,342281,341816,465
20743101,28.2288,31.3909,462,49546,0.520752,0.35,1,342308,341846,462
20746021,28.0458,27.0782,464,49589,0.52815,0.31,1,342336,341872,464
20748941,21.6092,27.8156,456,49631,0.54563,0.31,1,342356,341900,456
20751861,36.3218,21.5631,476,49673,0.565126,0.39,1,342396,341920,476
20754781,29.6644,34.7126,466,49715,0.585025,0.37,1,342424,341958,466
20757701,29.9329,28.5425,469,49757,0.605005,0.41,1,342454,341985,469
20760621,15.5866,28.1085,453,49799,0.641001,0.41,1,342466,342013,453
20763541,17.5173,15.2217,459,49841,0.6482,0.41,1,342484,342025,459
20766461,25.9035,17.4443,469,49883,0.64964,0.41,1,342512,342043,469
20769381,32.3807,25.8889,475,49925,0.649928,0.43,1,342546,342071,475
20772301,35.2761,31.5778,478,49967,0.665986,0.43,1,342582,342104,478
20775221,23.0552,35.1156,462,50009,0.669197,0.43,1,342602,342140,462
20778141,19.011,23.0231,460,50051,0.66984,0.43,1,342620,342160,460
20781061,30.2022,19.0046,475,50093,0.685968,0.41,1,342653,342178,475
20783981,38.8404,28.6009,485,50135,0.705194,0.47,1,342694,342209,485
20786901,33.3681,37.7202,477,50177,0.709039,0.49,1,342726,342249,477
20789821,29.8736,33.144,474,50219,0.741808,0.53,1,342755,342281,474
20792741,29.1747,28.2288,476,50261,0.748362,0.53,1,342784,342308,476
20795661,21.8349,28.0458,468,50303,0.749672,0.55,1,342804,342336,468
20798581,5.96699,21.6092,450,50345,0.749934,0.57,1,342806,342356,450
20801501,33.1934,36.3218,450,50387,0.749987,0.59,1,342846,342396,450
20804421,29.8387,29.6644,451,50429,0.733997,0.61,1,342875,342424,451
20807341,32.3677,29.9329,454,50471,0.730799,0.65,1,342908,342454,454
20810261,16.0735,15.5866,454,50513,0.76216,0.65,2,342920,342466,454
20813181,17.6147,17.5173,454,50555,0.784432,0.65,2,342938,342484,454
20816101,25.9229,25.9035,454,50597,0.788886,0.65,2,342966,342512,454
20819021,32.3846,32.3807,454,50639,0.757777,0.67,2,343000,342546,454
20821941,36.0769,35.2761,455,50681,0.783555,0.67,2,343037,342582,455
20824861,23.2154,23.0552,455,50723,0.788711,0.67,2,343057,342602,455
20827781,19.0431,19.011,455,50765,0.789742,0.69,2,343075,342620,455
20830701,31.0086,30.2022,456,50806,0.773948,0.71,2,343109,342653,456
20833621,39.8017,38.8404,457,50847,0.77079,0.71,2,343151,342694,457
20836541,33.5603,33.3681,457,50888,0.786158,0.75,2,343183,342726,457
20839461,31.5121,29.8736,459,50929,0.821232,0.75,2,343214,342755,459
20842381,29.5024,29.1747,459,50970,0.796246,0.75,2,343243,342784,459
20845301,21.9005,21.8349,459,51011,0.791249,0.75,2,343263,342804,459
20848221,5.9801,5.96699,459,51052,0.79025,0.75,2,343265,342806,459
20851141,31.596,33.1934,457,51093,0.83805,0.73,2,343303,342846,457
20854061,28.7192,29.8387,456,51134,0.87961,0.73,2,343331,342875,456
20856981,33.7438,32.3677,458,51175,0.887922,0.77,2,343366,342908,458
20859901,16.3488,16.0735,458,51216,0.921584,0.79,2,343378,342920,458
21106641,70,60,511,24990,0.13,0.88,1,345855,345344,511
21109561,18.8,51.2,468,25075,0.162,0.89,1,345861,345393,468
21112481,70.96,53.44,498,25160,0.1844,0.57,1,345945,345447,498
21115401,61.392,73.088,479,25244,0.18888,0.35,1,346004,345525,479
21118321,74.6784,73.8176,483,25328,0.221776,0.15,1,346082,345599,483
21121241,41.3357,73.1635,443,25412,0.180355,0.11,1,346115,345672,443
21124161,35.4671,42.6327,442,25495,0.172071,0.11,1,346149,345707,442
21127081,53.4934,31.7265,471,25578,0.234414,0.05,1,346207,345736,471
21130001,72.2987,45.5453,499,25661,0.278883,0.13,1,346284,345785,499
21132921,17.6597,65.1091,433,25744,0.287777,0.17,1,346288,345855,433
21135841,73.9319,17.8218,515,25826,0.321555,0.19,1,346376,345861,515
21138761,61.1864,70.7644,489,25908,0.392311,0.19,1,346434,345945,489
21141681,76.2373,61.3529,510,25990,0.374462,0.23,1,346514,346004,510
21144601,40.8475,74.6706,464,26072,0.386892,0.17,1,346546,346082,464
21147521,36.1695,41.3341,466,26153,0.373378,0.17,1,346581,346115,466
21150441,54.4339,35.4668,491,26234,0.386676,0.25,1,346640,346149,491
21153361,74.0868,53.4934,512,26315,0.453335,0.29,1,346719,346207,512
21156281,18.0174,72.2987,439,26396,0.466667,0.29,1,346723,346284,439
21159201,76.4035,17.6597,526,26476,0.453333,0.33,1,346814,346288,526
21162121,64.0807,73.9319,499,26556,0.498667,0.41,1,346875,346376,499
21165041,75.2161,61.1864,519,26636,0.523733,0.37,1,346953,346434,519
21167961,41.4432,76.2373,472,26716,0.544747,0.39,1,346986,346514,472
21170881,35.4886,40.8475,474,26795,0.564949,0.37,1,347020,346546,474
21173801,55.0977,36.1695,499,26874,0.58499,0.39,1,347080,346581,499
21176721,12.6195,54.4339,442,26953,0.588998,0.47,1,347082,346640,442
21179641,68.9239,74.0868,446,27032,0.6218,0.47,1,347165,346719,446
21182561,16.9848,18.0174,446,27110,0.62836,0.45,1,347169,346723,446
21185481,74.597,76.4035,444,27188,0.677672,0.51,1,347258,346814,444
21188401,66.1194,64.0807,447,27266,0.735534,0.53,1,347322,346875,447
21191321,76.4239,75.2161,448,27344,0.763107,0.55,2,347401,346953,448
21194241,42.4848,41.4432,449,27421,0.784621,0.57,2,347435,346986,449
21197161,37.297,35.4886,451,27498,0.788924,0.59,2,347471,347020,451
21200081,55.4594,55.0977,451,27575,0.821785,0.59,2,347531,347080,451
21203001,12.6919,12.6195,451,27652,0.828357,0.63,2,347533,347082,451
21205921,70.5384,68.9239,453,27729,0.813671,0.63,2,347618,347165,453
21208841,17.3077,16.9848,453,27805,0.810734,0.69,2,347622,347169,453
21360681,37,89,502,31521,0.45,1,1,350281,349779,502
21363601,63.4,47.4,535,31588,0.306,1,1,350351,349816,535
21366521,38.28,55.88,509,31655,0.2612,1,1,350383,349874,509
21369441,46.856,46.376,514,31722,0.07624,1,1,350432,349918,514
21372361,31.7712,37.2752,507,31789,0.015248,0.98,1,350460,349953,507
21375281,19.9542,29.055,497,31856,0.0590496,1,1,350477,349980,497
21378201,31.9908,28.211,504,31922,0.0998099,1,1,350512,350008,504
21381121,39.1982,34.4422,509,31988,0.027962,1,1,350553,350044,509
21384041,63.8396,37.2884,541,32054,0.0455924,0.79,1,350623,350082,541
21386961,67.1679,67.4577,534,32120,0.0811185,0.63,1,350691,350157,534
21389881,40.6336,83.0915,481,32186,0.0882237,0.45,1,350725,350244,481
21392801,56.1267,46.2183,504,32252,0.0416447,0.27,1,350785,350281,504
21395721,36.0253,65.2437,465,32318,0.0643289,0.25,1,350816,350351,465
21398641,38.4051,38.6487,472,32383,0.0848658,0.03,1,350855,350383,472
21401561,29.281,46.9297,450,32448,0.0729732,0,1,350882,350432,450
21404481,19.4562,31.7859,439,32513,0.0385946,0.07,1,350899,350460,439
21407401,31.0912,19.9572,456,32578,0.0637189,0.11,1,350933,350477,456
21410321,39.8183,31.9914,463,32643,0.0127438,0.01,1,350975,350512,463
21413241,63.9636,39.1983,492,32708,0.0745488,0.05,1,351045,350553,492
21416161,14.3927,63.8397,424,32773,0.0549098,0.09,1,351047,350623,424
21419081,57.2785,67.1679,424,32838,0.0669819,0.09,1,351115,350691,424
21422001,37.8557,40.6336,423,32902,0.0533964,0.03,1,351148,350725,423
21424921,55.5711,56.1267,423,32966,0.146679,0.07,1,351208,350785,423
21427841,35.9142,36.0253,423,33030,0.117336,0.09,1,351239,350816,423
21430761,40.7828,38.4051,426,33094,0.0634672,0.07,1,351281,350855,426
21433681,27.3566,29.281,423,33158,0.100693,0.03,1,351305,350882,423
21436601,19.8713,19.4562,424,33222,0.0761387,0.07,1,351323,350899,424
21439521,30.3743,31.0912,423,33286,0.0232277,0,1,351356,350933,423
21442441,40.4749,39.8183,424,33350,0.0286455,0.09,1,351399,350975,424
21445361,64.095,63.9636,424,33413,0.0297291,0.05,1,351469,351045,424
21448281,14.419,14.3927,424,33476,0.0619458,0.07,1,351471,351047,424
21451201,56.4838,57.2785,423,33539,0.0203892,0.05,1,351538,351115,423
21454121,36.8968,37.8557,422,33602,0.0920778,0.17,1,351570,351148,422
21457041,60.1794,55.5711,428,33665,0.170416,0.11,1,351636,351208,428
21459961,34.4359,35.9142,425,33728,0.218083,0.05,1,351664,351239,425
21462881,39.6872,40.7828,424,33791,0.227617,0.11,1,351705,351281,424
21465801,27.9374,27.3566,425,33854,0.229523,0.07,1,351730,351305,425
21468721,18.3875,19.8713,423,33916,0.261905,0.01,1,351746,351323,423
21471641,30.0775,30.3743,423,33978,0.220381,0.03,1,351779,351356,423
21474561,39.6155,40.4749,422,34040,0.164076,0.03,1,351821,351399,422
21477481,64.7231,64.095,423,34102,0.0728152,0.07,1,351892,351469,423
21480401,14.5446,14.419,423,34164,0.0865631,0.01,1,351894,351471,423
21483321,55.7089,56.4838,422,34226,0.0733126,0.01,1,351960,351538,422
21486241,39.1418,11.2968,457,34288,0.102663,0.11,1,351995,351538,457
21489161,64.6284,27.8594,496,34350,0.124533,0.19,1,352066,351570,496
21492081,35.3257,58.3719,458,34412,0.128907,0.23,1,352094,351636,458
21495001,41.4651,34.0744,473,34473,0.161781,0.23,1,352137,351664,473
21497921,28.293,39.6149,457,34534,0.184356,0.23,1,352162,351705,457
21500841,18.4586,27.923,448,34595,0.204871,0.27,1,352178,351730,448
21503761,27.6917,18.3846,462,34656,0.208974,0.21,1,352208,351746,462
21506681,36.7383,30.0769,468,34717,0.241795,0.15,1,352247,351779,468
21509601,61.7477,39.6154,494,34778,0.264359,0.05,1,352315,351821,494
21512521,13.9495,64.7231,425,34839,0.268872,0.09,1,352317,351892,425
21515441,56.3899,14.5446,490,34900,0.269774,0.07,1,352384,351894,490
21518361,39.278,55.7089,459,34961,0.285955,0.11,1,352419,351960,459
21521281,67.0556,39.1418,498,35021,0.289191,0.13,1,352493,351995,498
21524201,35.8111,64.6284,455,35081,0.337838,0.13,1,352521,352066,455
21527121,43.1622,35.3257,472,35141,0.395568,0.17,1,352566,352094,472
21530041,30.2324,41.4651,456,35201,0.391114,0.19,1,352593,352137,456
21532961,18.8465,28.293,447,35261,0.390223,0.21,1,352609,352162,447
21535881,27.7693,18.4586,461,35321,0.422045,0.21,1,352639,352178,461
21538801,38.3539,27.6917,472,35381,0.412409,0.25,1,352680,352208,472
21541721,63.6708,36.7383,503,35441,0.458482,0.27,1,352750,352247,503
21544641,14.3342,61.7477,437,35501,0.435696,0.27,1,352752,352315,437
21547561,55.6668,13.9495,501,35561,0.463139,0.27,1,352818,352317,501
21550481,39.9334,56.3899,470,35620,0.484628,0.29,1,352854,352384,470
21553401,67.9867,39.278,510,35679,0.520926,0.29,1,352929,352419,510
21556321,15.1973,67.0556,438,35738,0.496185,0.35,1,352931,352493,438
21559241,27.0395,35.8111,440,35797,0.491237,0.41,1,352961,352521,440
21562161,43.0079,43.1622,442,35856,0.522247,0.39,1,353008,352566,442
21565081,29.4016,30.2324,441,35915,0.560449,0.39,1,353034,352593,441
21568001,18.6803,18.8465,441,35974,0.56809,0.43,1,353050,352609,441
21570921,29.3361,27.7693,443,36033,0.521618,0.41,1,353082,352639,443
21573841,37.8672,38.3539,442,36092,0.560324,0.47,1,353122,352680,442
21576761,65.9734,63.6708,445,36151,0.584065,0.43,1,353195,352750,445
21579681,14.7947,14.3342,445,36209,0.556813,0.47,1,353197,352752,445
21582601,55.7589,55.6668,445,36267,0.567363,0.49,1,353263,352818,445
21585521,41.5518,39.9334,447,36325,0.569473,0.53,1,353301,352854,447
21588441,67.5104,67.9867,446,36383,0.569895,0.49,1,353375,352929,446
21591361,15.1021,15.1973,446,36441,0.601979,0.49,1,353377,352931,446
21594281,27.0204,27.0395,446,36499,0.608396,0.53,1,353407,352961,446
21597201,44.6041,43.0079,448,36557,0.657679,0.57,1,353456,353008,448
21600121,29.7208,29.4016,448,36615,0.747536,0.57,1,353482,353034,448
21603041,18.7442,18.6803,448,36673,0.765507,0.51,2,353498,353050,448
21605961,28.5488,29.3361,447,36731,0.769102,0.57,2,353529,353082,447
21608881,39.3098,37.8672,449,36789,0.80182,0.59,2,353571,353122,449
21611801,67.062,65.9734,450,36846,0.840364,0.55,2,353645,353195,450
21614721,15.0124,14.7947,450,36903,0.864073,0.57,2,353647,353197,450
21617641,55.8025,55.7589,450,36960,0.852815,0.57,2,353713,353263,450
21620561,41.5605,41.5518,450,37017,0.850563,0.57,2,353751,353301,450
21623481,67.5121,67.5104,450,37074,0.866113,0.61,2,353825,353375,450
21626401,15.1024,15.1021,450,37131,0.901223,0.61,2,353827,353377,450
21629321,28.6205,27.0204,452,37188,0.924245,0.61,2,353859,353407,452
21632241,48.1241,5.40408,505,37245,0.928849,0.67,2,353912,353407,505
21635161,31.2248,40.2808,483,37302,0.91377,0.77,2,353939,353456,483
21638081,19.845,28.8562,474,37359,0.894754,0.77,2,353956,353482,474
21641001,29.569,18.5712,490,37416,0.922951,0.77,2,353988,353498,490
21862921,28,72,509,20860,0.67,1,1,357906,357397,509
21865841,104.8,49.6,589,20962,0.654,1,1,358030,357441,589
21868761,44.16,103.52,501,21063,0.6668,1,1,358059,357558,501
21871681,80.832,113.504,475,21164,0.71736,1,1,358149,357674,475
21874601,64.1664,74.7008,470,21264,0.791472,0.82,2,358209,357739,470
21877521,52.8333,57.3402,467,21364,0.806294,0.71,2,358259,357792,467
21880441,72.9667,80.268,459,21463,0.809259,0.67,2,358337,357878,459
21883361,36.1933,38.4536,458,21562,0.825852,0.65,2,358364,357906,458
21886281,104.839,106.891,456,21660,0.87717,0.67,2,358486,358030,456
21889201,41.7677,44.5781,453,21758,0.919434,0.73,2,358512,358059,453
22105281,97,98,482,28063,0.39,1,1,363044,362562,482
22108201,46.6,50,478,28138,0.438,1,1,363078,362600,478
22111121,32.52,34,477,28213,0.3996,1,1,363107,362630,477
22114041,34.504,33.2,479,28288,0.37592,0.99,1,363142,362663,479
22116961,38.9008,40.24,477,28363,0.307184,0.99,1,363182,362705,477
22119881,72.5802,8.048,558,28438,0.165437,0.95,1,363263,362705,558
22122801,40.916,77.6096,496,28512,0.185087,0.98,1,363296,362800,496
22125721,67.3832,41.9219,537,28586,0.157017,0.73,1,363370,362833,537
22128641,39.0766,73.1844,488,28660,0.183403,0.67,1,363402,362914,488
22131561,74.2153,41.0369,538,28734,0.204681,0.39,1,363485,362947,538
22134481,43.6431,85.8074,477,28808,0.208936,0.45,1,363521,363044,477
22137401,27.9286,44.3615,467,28881,0.209787,0.39,1,363545,363078,467
22140321,30.3857,32.0723,469,28954,0.257957,0.37,1,363576,363107,469
22143241,39.6771,34.4145,476,29027,0.299592,0.29,1,363618,363142,476
22146161,67.9354,38.8829,511,29100,0.371918,0.13,1,363693,363182,511
22149081,39.1871,72.5766,462,29173,0.402384,0.19,1,363725,363263,462
22152001,67.8374,40.9153,504,29246,0.456477,0.15,1,363800,363296,504
22154921,39.1675,67.3831,462,29318,0.483295,0.19,1,363832,363370,462
22157841,75.0335,39.0766,514,29390,0.488659,0.21,1,363916,363402,514
22160761,45.4067,74.2153,469,29462,0.489732,0.21,1,363954,363485,469
22163681,27.4813,43.6431,456,29534,0.505946,0.21,1,363977,363521,456
22166601,31.8963,27.9286,465,29606,0.525189,0.27,1,364010,363545,465
22169521,41.5793,30.3857,478,29677,0.529038,0.31,1,364054,363576,478
22172441,71.5159,39.6771,515,29748,0.529808,0.39,1,364133,363618,515
22175361,41.5032,67.9354,474,29819,0.561962,0.41,1,364167,363693,474
22178281,9.90063,39.1871,444,29890,0.568392,0.47,1,364169,363725,444
22181201,62.7801,67.8374,445,29961,0.601678,0.49,1,364245,363800,445
22184121,38.956,39.1675,446,30032,0.624336,0.49,1,364278,363832,446
22187041,74.9912,75.0335,446,30102,0.596867,0.49,1,364362,363916,446
22189961,44.5982,45.4067,445,30172,0.607373,0.51,1,364399,363954,445
22192881,28.9196,27.4813,447,30242,0.593475,0.53,1,364424,363977,447
22195801,32.9839,31.8963,448,30312,0.622695,0.53,1,364458,364010,448
22198721,41.7968,41.5793,448,30382,0.676539,0.53,1,364502,364054,448
22201641,71.5594,71.5159,448,30452,0.703308,0.57,1,364581,364133,448
22204561,41.5119,41.5032,448,30521,0.708662,0.57,1,364615,364167,448
22207481,9.90237,9.90063,448,30590,0.757732,0.61,2,364617,364169,448
22210401,65.9805,62.7801,452,30659,0.799546,0.63,2,364697,364245,452
22213321,38.7961,38.956,451,30728,0.839909,0.59,2,364729,364278,451
22216241,74.9592,74.9912,451,30797,0.927982,0.61,2,364813,364362,451
22219161,43.7918,44.5982,450,30866,0.913596,0.59,2,364849,364399,450
22222081,29.5584,28.9196,451,30935,0.910719,0.63,2,364875,364424,451
22225001,34.7117,32.9839,453,31003,0.910144,0.69,2,364911,364458,453
22227921,43.7423,41.7968,455,31071,0.926029,0.71,2,364957,364502,455
22540361,36,36,519,37661,0.63,1,1,369590,369071,519
22543281,40.8,44.8,514,37717,0.454,1,1,369632,369118,514
22546201,38.56,42.56,510,37773,0.2908,1,1,369670,369160,510
22549121,50.912,43.712,520,37829,0.17816,1,1,369724,369204,520
22552041,27.7824,41.5424,501,37885,0.123632,1,1,369746,369245,501
22554961,23.9565,30.7085,496,37941,0.0647264,1,1,369769,369273,496
22557881,31.9913,22.1417,510,37997,0.0529453,1,1,369803,369293,510
22560801,47.9983,32.4283,527,38053,0.0345891,0.98,1,369855,369328,527
22563721,37.5997,47.2857,511,38109,0.0149178,1,1,369890,369379,511
22566641,30.7199,40.6571,501,38164,0.0749836,0.96,1,369919,369418,501
22569561,55.744,35.3314,529,38219,0.0229967,0.76,1,369981,369452,529
22572481,33.5488,62.2663,488,38274,0.0285993,0.71,1,370009,369521,488
22575401,33.1098,38.8533,488,38329,0.0457199,0.63,1,370042,369554,488
22578321,29.822,36.5707,481,38384,0.065144,0.41,1,370071,369590,481
22581241,33.9644,40.9141,474,38439,0.0690288,0.25,1,370106,369632,474
22584161,44.3929,38.5828,483,38494,0.0858058,0.15,1,370153,369670,483
22587081,20.0786,50.9166,443,38549,0.0731611,0.11,1,370167,369724,443
22590001,23.2157,27.7833,445,38604,0.0146322,0.05,1,370191,369746,445
22592921,6.24314,23.9567,424,38659,0.0109264,0.05,1,370193,369769,424
22595841,32.4486,31.9913,429,38714,0.00218529,0.03,1,370232,369803,429
22598761,43.2897,47.9983,423,38769,0.0404371,0.01,1,370278,369855,423
22601681,38.2579,37.5997,425,38823,0.0480874,0.09,1,370315,369890,425
22604601,30.0516,30.7199,424,38877,0.0656175,0.01,1,370343,369919,424
22607521,54.0103,55.744,422,38931,0.0131235,0.03,1,370403,369981,422
22610441,34.0021,33.5488,423,38985,0.0106247,0.05,1,370432,370009,423
22613361,32.4004,33.1098,422,39039,0.0741249,0.07,1,370464,370042,422
22616281,33.6801,29.822,427,39093,0.038825,0.07,1,370498,370071,427
22619201,33.136,33.9644,425,39147,0.031765,0.09,1,370531,370106,425
22622121,44.2272,44.3929,425,39201,0.062353,0.07,1,370578,370153,425
22625041,18.4454,20.0786,423,39255,0.0524706,0,1,370590,370167,423
22627961,24.4891,23.2157,425,39309,0.0984941,0.01,1,370616,370191,425
22630881,6.49782,6.24314,425,39363,0.107699,0,1,370618,370193,425
22633801,30.0996,32.4486,422,39417,0.0455398,0.05,1,370654,370232,422
22636721,43.6199,43.2897,423,39471,0.033108,0.05,1,370701,370278,423
22639641,38.324,38.2579,423,39525,0.0466216,0.07,1,370738,370315,423
22642561,31.6648,30.0516,425,39578,0.0493243,0,1,370768,370343,425
22645481,52.733,54.0103,423,39631,0.0818649,0.01,1,370826,370403,423
22648401,32.9466,34.0021,422,39684,0.120373,0.09,1,370854,370432,422
22651321,33.7893,32.4004,424,39737,0.0960746,0.03,1,370888,370464,424
22654241,33.1579,33.6801,423,39790,0.107215,0.03,1,370921,370498,423
22657161,33.0316,33.136,423,39843,0.077443,0.07,1,370954,370531,423
22660081,45.0063,44.2272,424,39896,0.0714886,0.05,1,371002,370578,424
22663001,21.8013,18.4454,428,39949,0.118298,0.11,1,371018,370590,428
22665921,22.7603,24.4891,425,40002,0.11166,0.11,1,371041,370616,425
22668841,6.15205,6.49782,425,40055,0.142332,0.03,1,371043,370618,425
22671761,27.6304,30.0996,422,40108,0.0684664,0.03,1,371076,370654,422
22674681,43.1261,6.01991,469,40161,0.0376933,0.03,1,371123,370654,469
22677601,37.4252,38.804,458,40214,0.0475387,0.05,1,371159,370701,458
22680521,31.485,37.3608,451,40267,0.0495077,0.05,1,371189,370738,451
22683441,55.897,31.4722,483,40319,0.0659015,0.09,1,371251,370768,483
22686361,31.9794,52.6944,451,40371,0.0691803,0.13,1,371277,370826,451
22689281,33.5959,32.9389,457,40423,0.0698361,0.09,1,371311,370854,457
22692201,33.9192,33.7878,457,40475,0.0859672,0.11,1,371345,370888,457
22695121,33.1838,33.1576,457,40527,0.137193,0.07,1,371378,370921,457
22698041,45.0368,33.0315,472,40579,0.195439,0.07,1,371426,370954,472
22700961,22.6074,45.0063,441,40631,0.207088,0.13,1,371443,371002,441
22703881,23.7215,21.8013,449,40683,0.209418,0.11,1,371467,371018,449
22706801,6.34429,22.7603,428,40735,0.225883,0.15,1,371469,371041,428
22709721,23.6689,6.15205,454,40787,0.245177,0.05,1,371497,371043,454
22712641,43.9338,27.6304,470,40839,0.217035,0.03,1,371546,371076,470
22715561,37.5868,43.1261,459,40891,0.227407,0.05,1,371582,371123,459
22718481,31.5174,37.4252,453,40943,0.245481,0.05,1,371612,371159,453
22721401,56.7035,31.485,486,40995,0.265096,0.07,1,371675,371189,486
22724321,32.1407,55.897,450,41046,0.269019,0.07,1,371701,371251,450
22727241,33.6281,31.9794,458,41097,0.285804,0.07,1,371735,371277,458
22730161,35.5256,33.5959,460,41148,0.273161,0.09,1,371771,371311,460
22733081,35.9051,33.9192,462,41199,0.302632,0.15,1,371807,371345,462
22736001,47.981,33.1838,480,41250,0.308526,0.21,1,371858,371378,480
22738921,22.3962,45.0368,448,41301,0.309705,0.21,1,371874,371426,448
22741841,24.4792,22.6074,456,41352,0.293941,0.21,1,371899,371443,456
22744761,6.49585,23.7215,434,41403,0.290788,0.23,1,371901,371467,434
22747681,24.4992,6.34429,461,41454,0.274158,0.25,1,371930,371469,461
22750601,42.4998,23.6689,480,41505,0.286832,0.21,1,371977,371497,480
22753521,10.1,43.9338,433,41556,0.289366,0.23,1,371979,371546,433
22756441,31.62,37.5868,434,41607,0.321873,0.25,1,372016,371582,434
22759361,30.324,31.5174,434,41658,0.360375,0.27,1,372046,371612,434
22762281,57.2648,56.7035,435,41709,0.384075,0.27,1,372110,371675,435
22765201,32.253,32.1407,435,41760,0.388815,0.29,1,372136,371701,435
22768121,35.2506,33.6281,437,41811,0.357763,0.27,1,372172,371735,437
22771041,35.8501,35.5256,437,41861,0.367553,0.31,1,372208,371771,437
22773961,35.97,35.9051,437,41911,0.369511,0.31,1,372244,371807,437
22776881,47.994,47.981,437,41961,0.417902,0.31,1,372295,371858,437
22779801,22.3988,22.3962,437,42011,0.44358,0.29,1,372311,371874,437
22782721,23.6798,24.4792,436,42061,0.496716,0.29,1,372335,371899,436
22785641,6.33595,6.49585,436,42111,0.507343,0.27,1,372337,371901,436
22788561,23.6672,24.4992,435,42161,0.509469,0.29,1,372365,371930,435
22791481,43.9334,42.4998,437,42211,0.525894,0.29,1,372414,371977,437
22794401,10.3867,10.1,437,42261,0.529179,0.33,1,372416,371979,437
22797321,32.4773,31.62,438,42311,0.593836,0.37,1,372454,372016,438
22800241,30.4955,30.324,438,42361,0.638767,0.39,1,372484,372046,438
22803161,58.0991,57.2648,439,42411,0.631753,0.39,1,372549,372110,439
22806081,32.4198,32.253,439,42461,0.678351,0.35,1,372575,372136,439
22809001,36.084,35.2506,440,42511,0.68767,0.37,1,372612,372172,440
22811921,36.0168,35.8501,440,42561,0.705534,0.37,1,372648,372208,440
22814841,36.0034,35.97,440,42611,0.709107,0.43,1,372684,372244,440
22817761,48.8007,47.994,441,42661,0.757821,0.45,2,372736,372295,441
22820681,24.1601,22.3988,443,42710,0.735564,0.51,1,372754,372311,443
22823601,25.632,23.6798,445,42759,0.763113,0.51,2,372780,372335,445
22826521,6.72641,6.33595,445,42808,0.768623,0.51,2,372782,372337,445
22829441,24.5453,23.6672,446,42857,0.753725,0.53,2,372811,372365,446
22832361,45.7091,43.9334,448,42906,0.782745,0.53,2,372862,372414,448
22835281,10.7418,10.3867,448,42955,0.788549,0.61,2,372864,372416,448
22838201,34.9484,32.4773,451,43004,0.82171,0.61,2,372905,372454,451
22841121,30.9897,6.49547,481,43053,0.796342,0.65,2,372935,372454,481
22844041,58.9979,25.2991,517,43102,0.791268,0.63,2,373001,372484,517
22846961,33.3996,57.0598,479,43151,0.774254,0.69,2,373028,372549,479
22849881,38.6799,32.212,493,43200,0.786851,0.69,2,373068,372575,493
22852801,36.536,36.0424,492,43249,0.80537,0.71,2,373104,372612,492
22855721,36.1072,36.0085,492,43298,0.809074,0.71,2,373140,372648,492
22858641,49.6214,36.0017,509,43347,0.841815,0.77,2,373193,372684,509
22861561,22.7243,48.8003,473,43396,0.848363,0.73,2,373209,372736,473
22864481,26.9449,24.1601,483,43445,0.849673,0.77,2,373237,372754,483
22867401,6.98897,25.632,459,43494,0.849935,0.77,2,373239,372780,459
22870321,25.3978,6.7264,487,43543,0.865987,0.75,2,373269,372782,487
23079101,58,71,496,21370,0.11,0.99,1,375716,375220,496
23082021,62,65.4,495,21469,0.078,0.65,1,375779,375284,495
23084941,76.4,80.28,491,21568,0.0876,0.51,1,375859,375368,491
23087861,92.08,84.856,501,21666,0.10552,0.31,1,375955,375454,501
23090781,37.616,78.5712,448,21764,0.109104,0.25,1,375979,375531,448
23093701,28.3232,34.1142,451,21861,0.125821,0.13,1,376005,375554,451
23096621,71.2646,90.0229,429,21958,0.177164,0.11,1,376087,375658,429
23099541,58.2529,64.4046,426,22055,0.171433,0.07,1,376142,375716,426
23102461,62.0506,63.2809,426,22151,0.170287,0.09,1,376205,375779,426
23105381,76.4101,76.6562,426,22247,0.266057,0.11,1,376285,375859,426
23108301,92.882,92.1312,427,22342,0.365211,0.11,1,376382,375955,427
23111221,36.1764,37.6262,425,22437,0.369042,0.13,1,376404,375979,425
23114141,30.4353,28.3253,428,22532,0.385808,0.13,1,376433,376005,428
23117061,73.2871,5.66505,512,22626,0.405162,0.19,1,376517,376005,512
23119981,57.8574,66.733,484,22720,0.425032,0.17,1,376571,376087,484
23122901,62.7715,57.3466,493,22813,0.429006,0.17,1,376635,376142,493
23125821,78.9543,61.8693,513,22906,0.445801,0.29,1,376718,376205,513
23128741,98.1909,76.3739,536,22999,0.51316,0.39,1,376821,376285,536
23131661,37.2382,92.8748,461,23091,0.526632,0.37,1,376843,376382,461
23134581,29.8476,36.175,467,23183,0.529326,0.39,1,376871,376404,467
23137501,76.3695,30.435,526,23274,0.561865,0.41,1,376959,376433,526
23140421,58.4739,73.287,496,23365,0.584373,0.43,1,377013,376517,496
23143341,64.4948,57.8574,508,23456,0.620875,0.43,1,377079,376571,508
23146261,79.299,62.7715,527,23546,0.628175,0.45,1,377162,376635,527
23149181,100.66,78.9543,550,23636,0.757635,0.53,2,377268,376718,550
23152101,37.732,98.1909,469,23726,0.799527,0.53,2,377290,376821,469
23155021,29.9464,37.2382,475,23815,0.807905,0.53,2,377318,376843,475
23157941,77.9893,29.8476,537,23904,0.793581,0.57,2,377408,376871,537
23160861,17.1979,76.3695,451,23993,0.790716,0.59,2,377410,376959,451
23163781,46.6396,58.4739,451,24081,0.806143,0.63,2,377464,377013,451
23166701,63.7279,64.4948,453,24169,0.841229,0.63,2,377532,377079,453
23169621,80.7456,79.299,455,24257,0.864246,0.79,2,377617,377162,455
23172541,106.549,100.66,462,24344,0.916849,0.81,2,377730,377268,462
23175461,38.9098,37.732,462,24431,0.92737,0.81,2,377752,377290,462
23178381,30.182,29.9464,462,24518,0.929474,0.79,2,377780,377318,462
23292261,36,36,479,27688,0.83,1,2,380019,379540,479
23295181,87.2,91.2,474,27764,0.478,1,1,380119,379645,474
23298101,68.64,50.24,498,27840,0.1836,1,1,380183,379685,498
23301021,42.528,32.448,506,27916,0.07672,1,1,380219,379713,506
23303941,37.3056,44.8896,494,27992,0.039344,1,1,380255,379761,494
23306861,35.4611,36.1779,495,28068,0.0318688,1,1,380290,379795,495
23309781,41.4922,50.4356,484,28143,0.00637376,0.88,1,380333,379849,484
23312701,35.4984,39.6871,481,28218,0.0252748,0.81,1,380367,379886,481
23315621,68.6997,85.5374,461,28293,0.029055,0.83,1,380444,379983,461
23318541,40.1399,45.9075,458,28368,0.029811,0.83,1,380477,380019,458
23321461,73.628,9.1815,540,28443,0.0299622,0.39,1,380559,380019,540
23324381,53.1256,81.8363,488,28517,0.0299924,0.11,1,380607,380119,488
23327301,37.8251,67.5673,458,28591,0.0299985,0.05,1,380641,380183,458
23330221,38.765,42.3135,461,28665,0.0299997,0.03,1,380680,380219,461
23333141,34.153,37.2627,458,28739,0.0459999,0.03,1,380713,380255,458
23336061,40.4306,35.4525,465,28813,0.0172,0,1,380755,380290,465
23338981,35.2861,41.4905,456,28886,0.04344,0.03,1,380789,380333,456
23341901,67.8572,35.4981,498,28959,0.032688,0.03,1,380865,380367,498
23344821,40.7714,68.6996,455,29032,0.0305376,0.03,1,380899,380444,455
23347741,75.3543,40.1399,506,29105,0.0301075,0.03,1,380983,380477,506
23350661,51.8709,73.628,470,29178,0.0460215,0.03,1,381029,380559,470
23353581,37.5742,53.1256,456,29251,0.0972043,0.03,1,381063,380607,456
23356501,38.7148,37.8251,461,29323,0.0594409,0.03,1,381102,380641,461
23359421,35.743,38.765,457,29395,0.0198882,0.05,1,381137,380680,457
23362341,39.9486,34.153,465,29467,0.0599776,0.01,1,381178,380713,465
23365261,35.1897,40.4306,457,29539,0.0519955,0.05,1,381212,380755,457
23368181,68.6379,35.2861,500,29611,0.0343991,0.03,1,381289,380789,500
23371101,40.1276,67.8572,457,29682,0.0148798,0.03,1,381322,380865,457
23374021,76.0255,40.7714,508,29753,0.042976,0.03,1,381407,380899,508
23376941,53.6051,75.3543,472,29824,0.0485952,0.05,1,381455,380983,472
23379861,12.321,51.8709,428,29895,0.017719,0.11,1,381457,381029,428
23382781,28.8642,37.5742,427,29966,0.0915438,0.05,1,381490,381063,427
23385701,34.5728,38.7148,424,30037,0.0263088,0.01,1,381526,381102,424
23388621,34.1146,35.743,423,30107,0.0452618,0.07,1,381560,381137,423
23391541,38.8229,39.9486,422,30177,0.0650523,0.05,1,381600,381178,422
23394461,36.5646,35.1897,424,30247,0.0530105,0.03,1,381636,381212,424
23397381,68.1129,68.6379,423,30317,0.0186021,0.01,1,381712,381289,423
23400301,40.8226,40.1276,424,30387,0.0117204,0.05,1,381746,381322,424
23403221,76.1645,76.0255,424,30457,0.0583441,0.05,1,381831,381407,424
23406141,53.6329,53.6051,424,30526,0.0516688,0.01,1,381879,381455,424
23409061,12.3266,12.321,424,30595,0.0503338,0.11,1,381881,381457,424
23411981,30.4653,28.8642,426,30664,0.0820668,0.01,1,381916,381490,426
23414901,31.6931,34.5728,422,30733,0.0724133,0.05,1,381948,381526,422
23417821,33.5386,34.1146,422,30802,0.118483,0.07,1,381982,381560,422
23420741,38.7077,38.8229,422,30871,0.143697,0.05,1,382022,381600,422
23423661,36.5415,36.5646,422,30940,0.148739,0.01,1,382058,381636,422
23426581,68.1083,68.1129,422,31008,0.133748,0.01,1,382134,381712,422
23429501,40.8217,40.8226,422,31076,0.0827496,0.07,1,382168,381746,422
23432421,76.9643,76.1645,423,31144,0.0885499,0.05,1,382254,381831,423
23435341,54.5929,53.6329,424,31212,0.10571,0.05,1,382303,381879,424
23438261,12.5186,12.3266,424,31280,0.109142,0.05,1,382305,381881,424
23441181,30.5037,2.46532,459,31348,0.0778284,0.09,1,382340,381881,459
23444101,31.7007,28.4931,456,31415,0.0875657,0.07,1,382372,381916,456
23447021,35.1401,31.2986,460,31482,0.0895131,0.13,1,382408,381948,460
23449941,39.028,33.4597,466,31549,0.0579026,0.15,1,382448,381982,466
23452861,36.6056,38.6919,462,31616,0.0515805,0.15,1,382484,382022,462
23455781,67.3211,36.5384,501,31683,0.0503161,0.13,1,382559,382058,501
23458701,38.2642,68.1077,456,31750,0.0820632,0.07,1,382590,382134,456
23461621,77.2528,40.8215,509,31817,0.0884126,0.09,1,382677,382168,509
23464541,55.4506,76.9643,473,31883,0.0896825,0.11,1,382727,382254,473
23467461,12.6901,54.5929,426,31949,0.0899365,0.11,1,382729,382303,426
23470381,30.538,12.5186,459,32015,0.105987,0.07,1,382764,382305,459
23473301,32.5076,30.5037,457,32081,0.141197,0.09,1,382797,382340,457
23476221,35.3015,31.7007,461,32147,0.164239,0.09,1,382833,382372,461
23479141,37.4603,35.1401,463,32213,0.200848,0.05,1,382871,382408,463
23482061,36.2921,39.028,459,32279,0.22417,0.05,1,382907,382448,459
23484981,67.2584,36.6056,498,32345,0.292834,0.05,1,382982,382484,498
23487901,39.8517,67.3211,456,32410,0.338567,0.09,1,383015,382559,456
23490821,77.5703,38.2642,512,32475,0.347713,0.09,1,383102,382590,512
23493741,55.5141,77.2528,475,32540,0.381543,0.09,1,383152,382677,475
23496661,12.7028,55.4506,427,32605,0.388309,0.09,1,383154,382727,427
23499581,31.3406,12.6901,461,32670,0.405662,0.11,1,383190,382729,461
23502501,34.2681,30.538,461,32735,0.409132,0.15,1,383225,382764,461
23505421,8.45362,32.5076,430,32800,0.409826,0.17,1,383227,382797,430
23508341,31.2907,35.3015,431,32864,0.425965,0.21,1,383264,382833,431
23511261,37.4581,37.4603,432,32928,0.445193,0.23,1,383303,382871,432
23514181,37.8916,36.2921,434,32992,0.465039,0.31,1,383341,382907,434
23517101,69.9783,67.2584,437,33056,0.517008,0.35,1,383419,382982,437
23520021,41.9957,39.8517,439,33120,0.575402,0.35,1,383454,383015,439
23522941,78.7991,77.5703,440,33184,0.55508,0.39,1,383542,383102,440
23525861,56.5598,55.5141,441,33248,0.583016,0.39,1,383593,383152,441
23528781,12.912,12.7028,441,33312,0.588603,0.41,1,383595,383154,441
23531701,32.1824,31.3406,442,33375,0.605721,0.41,1,383632,383190,442
23534621,34.4365,34.2681,442,33438,0.561144,0.41,1,383667,383225,442
23537541,8.4873,8.45362,442,33501,0.584229,0.43,1,383669,383227,442
23540461,30.4975,31.2907,441,33564,0.588846,0.45,1,383705,383264,441
23543381,38.0995,37.4581,442,33627,0.621769,0.47,1,383745,383303,442
23546301,40.4199,37.8916,445,33690,0.612354,0.53,1,383786,383341,445
23549221,73.684,69.9783,449,33753,0.674471,0.59,1,383868,383419,449
23552141,42.7368,41.9957,449,33816,0.718894,0.55,1,383903,383454,449
23555061,78.9474,78.7991,449,33879,0.759779,0.59,2,383991,383542,449
23557981,58.1895,56.5598,451,33941,0.831956,0.59,2,384044,383593,451
23560901,13.2379,12.912,451,34003,0.846391,0.61,2,384046,383595,451
23563821,31.4476,32.1824,450,34065,0.817278,0.55,2,384082,383632,450
23566741,33.4895,34.4365,449,34127,0.859456,0.59,2,384116,383667,449
23569661,8.2979,8.4873,449,34189,0.867891,0.59,2,384118,383669,449
23572581,31.2596,30.4975,450,34251,0.853578,0.59,2,384155,383705,450
23575501,38.2519,6.09949,490,34313,0.850716,0.63,2,384195,383705,490
23578421,40.4504,33.2199,491,34375,0.882143,0.61,2,384236,383745,491
23581341,77.6901,39.444,537,34437,0.808429,0.69,2,384323,383786,537
23584261,45.138,73.4888,492,34498,0.825686,0.73,2,384360,383868,492
23587181,81.8276,42.6978,548,34559,0.909137,0.77,2,384451,383903,548
23590101,59.5655,78.9396,514,34620,0.893827,0.85,2,384505,383991,514
23593021,13.5131,58.1879,463,34681,0.890766,0.85,2,384507,384044,463
23595941,31.5026,13.2376,497,34742,0.890153,0.81,2,384543,384046,497
23598861,34.3005,31.4475,496,34803,0.890031,0.87,2,384578,384082,496
23601781,8.4601,33.4895,464,34864,0.890006,0.87,2,384580,384116,464
23604701,32.092,8.2979,500,34925,0.890001,0.85,2,384618,384118,500
23607621,38.4184,31.2596,503,34986,0.906,0.85,2,384658,384155,503
23610541,40.4837,38.2519,504,35046,0.9412,0.89,2,384699,384195,504
23730261,34,37,502,37440,0.77,1,2,386429,385927,502
23733181,33.2,35.4,500,37496,0.706,1,1,386462,385962,500
23736101,36.24,30.28,508,37552,0.5812,1,1,386499,385991,508
23739021,26.448,26.856,506,37608,0.39624,1,1,386523,386017,506
23741941,23.6896,22.9712,507,37664,0.343248,1,1,386546,386039,507
23744861,33.5379,31.7942,509,37720,0.23665,1,1,386582,386073,509
23747781,24.3076,25.5588,507,37776,0.18333,1,1,386604,386097,507
23750701,23.2615,29.1118,500,37832,0.060666,1,1,386627,386127,500
23753621,39.8523,25.0224,520,37888,0.0681332,1,1,386671,386151,520
23756541,48.7705,50.6045,514,37944,0.0536266,1,1,386722,386208,514
23759461,91.3541,42.1209,576,38000,0.0667253,0.93,1,386824,386248,576
23762381,42.2708,95.6242,497,38056,0.0693451,0.75,1,386854,386357,497
23765301,35.6542,49.5248,493,38112,0.069869,0.77,1,386888,386395,493
23768221,29.5308,37.105,487,38167,0.0859738,0.69,1,386916,386429,487
23771141,26.7062,33.821,480,38222,0.121195,0.55,1,386942,386462,480
23774061,22.1412,36.3642,464,38277,0.096239,0.35,1,386963,386499,464
23776981,20.4282,26.4728,460,38332,0.123248,0.33,1,386983,386523,460
23779901,26.4856,23.6946,465,38387,0.16065,0.21,1,387011,386546,465
23782821,17.2971,33.5389,444,38442,0.12013,0.17,1,387026,386582,444
23785741,21.8594,24.3078,445,38497,0.144026,0.03,1,387049,386604,445
23788661,45.9719,23.2616,474,38552,0.0848052,0.07,1,387101,386627,474
23791581,44.3944,39.8523,474,38607,0.040961,0.05,1,387145,386671,474
23794501,10.4789,48.7705,425,38662,0.00819221,0.07,1,387147,386722,425
23797421,82.8958,91.3541,424,38717,0.0256384,0.07,1,387248,386824,424
23800341,39.7792,42.2708,423,38772,0.0611277,0.07,1,387277,386854,423
23803261,37.5558,35.6542,426,38826,0.100226,0.09,1,387314,386888,426
23806181,31.5112,29.5308,428,38880,0.108045,0.13,1,387344,386916,428
23809101,26.3022,26.7062,427,38934,0.141609,0.09,1,387369,386942,427
23812021,22.8604,22.1412,428,38988,0.148322,0.13,1,387391,386963,428
23814941,18.9721,20.4282,426,39042,0.117664,0.17,1,387409,386983,426
23817861,29.3944,26.4856,430,39096,0.127533,0.11,1,387441,387011,430
23820781,17.0789,17.2971,429,39150,0.161507,0.15,1,387455,387026,429
23823701,18.6158,21.8594,425,39204,0.152301,0.07,1,387474,387049,425
23826621,43.7232,45.9719,423,39258,0.11846,0.03,1,387524,387101,423
23829541,43.9446,44.3944,423,39312,0.0796921,0,1,387568,387145,423
23832461,10.3889,10.4789,423,39366,0.0719384,0.03,1,387570,387147,423
23835381,83.6778,82.8958,424,39420,0.0383877,0.07,1,387672,387248,424
23838301,39.1356,39.7792,423,39474,0.0476775,0.11,1,387700,387277,423
23841221,39.0271,37.5558,425,39528,0.0655355,0.11,1,387739,387314,425
23844141,32.6054,31.5112,426,39581,0.117107,0.15,1,387770,387344,426
23847061,27.3211,26.3022,427,39634,0.159421,0.15,1,387796,387369,427
23849981,23.0642,22.8604,427,39687,0.151884,0.11,1,387818,387391,427
23852901,19.0128,18.9721,427,39740,0.166377,0.13,1,387836,387409,427
23855821,30.2026,29.3944,428,39793,0.153275,0.17,1,387869,387441,428
23858741,17.2405,17.0789,428,39846,0.150655,0.15,1,387883,387455,428
23861661,19.4481,18.6158,429,39899,0.182131,0.11,1,387903,387474,429
23864581,42.2896,43.7232,427,39952,0.172426,0.07,1,387951,387524,427
23867501,40.4579,43.9446,423,40005,0.218485,0.07,1,387991,387568,423
23870421,9.69158,10.3889,423,40058,0.227697,0.07,1,387993,387570,423
23873341,82.7383,2.07779,524,40111,0.261539,0.03,1,388094,387570,524
23876261,39.7477,82.0156,451,40164,0.220308,0.05,1,388123,387672,451
23879181,40.7495,38.8031,464,40217,0.196062,0.07,1,388164,387700,464
23882101,32.9499,38.9606,456,40270,0.239212,0.13,1,388195,387739,456
23885021,28.99,32.5921,453,40322,0.215842,0.17,1,388223,387770,453
23887941,24.998,27.3184,451,40374,0.179168,0.15,1,388247,387796,451
23890861,19.3996,23.0637,447,40426,0.235834,0.17,1,388265,387818,447
23893781,29.4799,19.0127,461,40478,0.247167,0.15,1,388297,387836,461
23896701,17.096,30.2025,442,40530,0.249433,0.15,1,388311,387869,442
23899621,19.4192,17.2405,448,40582,0.249887,0.19,1,388331,387883,448
23902541,43.0838,19.4481,477,40634,0.233977,0.17,1,388380,387903,477
23905461,41.4168,42.2896,470,40686,0.230795,0.23,1,388421,387951,470
23908381,9.88335,40.4579,432,40738,0.230159,0.23,1,388423,387991,432
23911301,84.3767,9.69158,533,40790,0.278032,0.27,1,388526,387993,533
23914221,39.2753,82.7383,460,40842,0.303606,0.21,1,388554,388094,460
23917141,42.2551,39.7477,474,40894,0.340721,0.19,1,388597,388123,474
23920061,33.251,40.7495,464,40946,0.364144,0.25,1,388628,388164,464
23922981,27.4502,32.9499,459,40998,0.368829,0.21,1,388654,388195,459
23925901,26.29,28.99,457,41049,0.401766,0.17,1,388680,388223,457
23928821,19.658,24.998,451,41100,0.424353,0.25,1,388698,388247,451
23931741,29.5316,19.3996,465,41151,0.476871,0.25,1,388730,388265,465
23934661,17.1063,29.4799,447,41202,0.487374,0.25,1,388744,388297,447
23937581,19.4213,17.096,453,41253,0.489475,0.25,1,388764,388311,453
23940501,42.2843,19.4192,481,41304,0.521895,0.23,1,388812,388331,481
23943421,41.2568,43.0838,473,41355,0.560379,0.23,1,388853,388380,473
23946341,9.85137,41.4168,434,41406,0.568076,0.23,1,388855,388421,434
23949261,86.7703,9.88335,538,41457,0.585615,0.29,1,388961,388423,538
23952181,40.5541,84.3767,464,41508,0.589123,0.31,1,388990,388526,464
23955101,9.71081,39.2753,438,41559,0.589825,0.35,1,388992,388554,438
23958021,37.1422,42.2551,439,41610,0.605965,0.37,1,389036,388597,439
23960941,33.0284,33.251,440,41661,0.657193,0.37,1,389068,388628,440
23963861,27.4057,27.4502,440,41712,0.651439,0.41,1,389094,388654,440
23966781,28.6811,26.29,443,41763,0.682288,0.43,1,389123,388680,443
23969701,21.7362,19.658,445,41814,0.720458,0.49,1,389143,388698,445
23972621,30.7472,29.5316,446,41864,0.728091,0.49,1,389176,388730,446
23975541,17.3494,17.1063,446,41914,0.761618,0.49,2,389190,388744,446
23978461,19.4699,19.4213,446,41964,0.736324,0.53,1,389210,388764,446
23981381,44.694,42.2843,449,42014,0.795265,0.57,2,389261,388812,449
23984301,42.5388,41.2568,450,42064,0.823053,0.57,2,389303,388853,450
23987221,10.1078,9.85137,450,42114,0.860611,0.59,2,389305,388855,450
23990141,87.6216,86.7703,451,42164,0.852122,0.59,2,389412,388961,451
23993061,40.7243,40.5541,451,42214,0.834424,0.59,2,389441,388990,451
23995981,9.74486,9.71081,451,42264,0.862885,0.61,2,389443,388992,451
23998901,38.749,37.1422,453,42314,0.836577,0.67,2,389489,389036,453
24001821,34.1498,33.0284,454,42364,0.847315,0.65,2,389522,389068,454
24004741,28.43,27.4057,455,42414,0.833463,0.69,2,389549,389094,455
24007661,29.686,28.6811,456,42464,0.830693,0.73,2,389579,389123,456
24010581,22.7372,21.7362,457,42514,0.846139,0.73,2,389600,389143,457
24013501,31.7474,30.7472,458,42564,0.865228,0.77,2,389634,389176,458
24016421,17.5495,17.3494,458,42614,0.901046,0.73,2,389648,389190,458
24019341,19.5099,19.4699,458,42664,0.892209,0.81,2,389668,389210,458
24197461,32,26,495,45581,0.79,1,2,391704,391209,495
24200381,68.8,78.8,481,45627,0.742,1,1,391782,391301,481
24203301,44.16,40.56,488,45673,0.6524,1,1,391820,391332,488
24206221,29.632,24.112,494,45719,0.52248,1,1,391846,391352,494
24209141,29.9264,25.6224,498,45765,0.448496,1,1,391876,391378,498
24212061,26.7853,32.3245,490,45811,0.353699,1,1,391902,391412,490
24214981,26.1571,28.0649,489,45857,0.28674,1,1,391928,391439,489
24217901,26.0314,26.413,489,45903,0.193348,1,1,391954,391465,489
24220821,19.6063,19.6826,489,45949,0.19067,1,1,391972,391483,489
24223741,27.9213,3.93652,519,45995,0.158134,1,1,392002,391483,519
24226661,15.9843,7.9873,523,46041,0.135627,1,1,392015,391492,523
24229581,25.5968,38.3975,505,46087,0.131125,0.93,1,392043,391538,505
24232501,27.5194,34.8795,499,46133,0.0502251,0.96,1,392071,391572,499
24235421,29.5039,30.9759,499,46179,0.050045,0.83,1,392101,391602,499
24238341,30.7008,34.1952,495,46225,0.050009,0.86,1,392132,391637,495
24241261,30.9402,34.839,491,46271,0.0100018,0.79,1,392163,391672,491
24244181,64.588,32.5678,532,46317,0.0580004,0.73,1,392236,391704,532
24247101,39.3176,68.9136,487,46363,0.0676001,0.63,1,392269,391782,487
24250021,30.2635,44.1827,477,46408,0.03752,0.49,1,392297,391820,477
24252941,25.2527,29.6365,475,46453,0.031504,0.43,1,392321,391846,475
24255861,21.8505,29.9273,466,46498,0.0463008,0.33,1,392342,391876,466
24258781,18.7701,26.7855,458,46543,0.00926016,0.27,1,392360,391902,458
24261701,22.954,26.1571,456,46588,0.073852,0.17,1,392384,391928,456
24264621,18.1908,26.0314,447,46633,0.10277,0.19,1,392401,391954,447
24267541,25.2382,19.6063,456,46678,0.140554,0.15,1,392428,391972,456
24270461,16.2476,27.9213,440,46723,0.132111,0.13,1,392442,392002,440
24273381,23.2495,15.9843,452,46768,0.178422,0.13,1,392467,392015,452
24276301,24.6499,25.5968,449,46813,0.171684,0.03,1,392492,392043,449
24279221,29.73,27.5194,452,46858,0.122337,0.05,1,392523,392071,452
24282141,29.946,29.5039,452,46903,0.144467,0.05,1,392553,392101,452
24285061,31.5892,30.7008,453,46948,0.0288935,0,1,392585,392132,453
24287981,67.1178,30.9402,498,46993,0.109779,0.07,1,392661,392163,498
24290901,37.4236,64.588,455,47038,0.125956,0.07,1,392691,392236,455
24293821,29.0847,39.3176,449,47083,0.161191,0.03,1,392718,392269,449
24296741,27.4169,30.2635,448,47128,0.152238,0.03,1,392745,392297,448
24299661,19.8834,25.2527,442,47173,0.150448,0.05,1,392763,392321,442
24302581,19.9767,21.8505,441,47218,0.15009,0,1,392783,392342,441
24305501,24.7953,18.7701,449,47263,0.150018,0.09,1,392809,392360,449
24308421,19.3591,22.954,443,47308,0.150004,0.11,1,392827,392384,443
24311341,25.4718,18.1908,453,47353,0.134001,0.15,1,392854,392401,453
24314261,6.69436,25.2382,428,47398,0.1308,0.13,1,392856,392428,428
24317181,12.5389,16.2476,428,47442,0.16216,0.19,1,392870,392442,428
24320101,24.9078,23.2495,431,47486,0.136432,0.17,1,392898,392467,431
24323021,22.5816,24.6499,428,47530,0.163286,0.11,1,392920,392492,428
24325941,30.1163,29.73,429,47574,0.152657,0.15,1,392952,392523,429
24328861,28.4233,29.946,427,47618,0.166531,0,1,392980,392553,427
24331781,30.4847,31.5892,426,47662,0.153306,0.13,1,393011,392585,426
24334701,68.4969,67.1178,428,47706,0.214661,0.13,1,393089,392661,428
24337621,37.6994,37.4236,428,47750,0.226932,0.17,1,393119,392691,428
24340541,29.1399,29.0847,428,47794,0.293386,0.15,1,393146,392718,428
24343461,28.228,27.4169,429,47838,0.290677,0.15,1,393174,392745,429
24346381,20.8456,19.8834,430,47882,0.322135,0.15,1,393193,392763,430
24349301,19.3691,19.9767,429,47926,0.344427,0.15,1,393212,392783,429
24352221,24.6738,24.7953,429,47970,0.380885,0.15,1,393238,392809,429
24355141,19.3348,19.3591,429,48014,0.356177,0.13,1,393256,392827,429
24358061,24.667,25.4718,428,48058,0.383235,0.13,1,393282,392854,428
24360981,6.53339,6.69436,428,48102,0.356647,0.17,1,393284,392856,428
24363901,12.5067,12.5389,428,48146,0.351329,0.13,1,393298,392870,428
24366821,24.9013,24.9078,428,48190,0.382266,0.17,1,393326,392898,428
24369741,22.5803,22.5816,428,48234,0.420453,0.15,1,393348,392920,428
24372661,30.9161,30.1163,429,48278,0.396091,0.17,1,393381,392952,429
24375581,29.3832,28.4233,430,48322,0.423218,0.15,1,393410,392980,430
24378501,29.8766,30.4847,429,48366,0.396644,0.23,1,393440,393011,429
24381421,71.5753,68.4969,433,48410,0.423329,0.23,1,393522,393089,433
24384341,38.3151,37.6994,433,48454,0.428666,0.31,1,393552,393119,433
24387261,30.863,29.1399,435,48497,0.461733,0.29,1,393581,393146,435
24390181,29.3726,28.228,436,48540,0.500347,0.33,1,393610,393174,436
24393101,22.6745,20.8456,438,48583,0.524069,0.35,1,393631,393193,438
24396021,20.5349,19.3691,439,48626,0.528814,0.39,1,393651,393212,439
24398941,24.907,24.6738,439,48669,0.545763,0.35,1,393677,393238,439
24401861,19.3814,19.3348,439,48712,0.565153,0.39,1,393695,393256,439
24404781,24.6763,24.667,439,48755,0.569031,0.35,1,393721,393282,439
24407701,6.53526,6.53339,439,48798,0.537806,0.35,1,393723,393284,439
24410621,12.5071,12.5067,439,48841,0.531561,0.35,1,393737,393298,439
24413541,25.7014,2.50134,468,48884,0.562312,0.39,1,393766,393298,468
24416461,22.7403,22.9003,462,48927,0.568462,0.43,1,393788,393326,462
24419381,31.7481,22.1801,474,48970,0.601692,0.39,1,393822,393348,474
24422301,28.7496,30.836,469,49013,0.576339,0.43,1,393850,393381,469
24425221,29.7499,29.3672,470,49056,0.571268,0.39,1,393880,393410,470
24428141,73.15,29.8734,524,49099,0.602254,0.43,1,393964,393440,524
24431061,39.43,71.5747,473,49142,0.624451,0.43,1,393995,393522,473
24433981,31.886,38.3149,473,49185,0.59689,0.47,1,394025,393552,473
24436901,31.1772,30.863,475,49228,0.591378,0.51,1,394056,393581,475
24439821,22.2354,29.3726,466,49271,0.590276,0.53,1,394076,393610,466
24442741,20.4471,22.6745,465,49314,0.590055,0.53,1,394096,393631,465
24445661,26.4894,20.5349,473,49357,0.574011,0.55,1,394124,393651,473
24448581,19.6979,24.907,465,49400,0.602802,0.57,1,394142,393677,465
24451501,24.7396,19.3814,473,49443,0.62456,0.57,1,394168,393695,473
24454421,6.54792,24.6763,449,49486,0.628912,0.53,1,394170,393721,449
24457341,13.3096,6.53526,462,49529,0.613782,0.53,1,394185,393723,462
24460261,26.6619,12.5071,478,49572,0.610756,0.57,1,394215,393737,478
24463181,22.9324,25.7014,471,49615,0.610151,0.57,1,394237,393766,471
24466101,31.7865,22.7403,483,49657,0.64203,0.61,1,394271,393788,483
24469021,28.7573,31.7481,477,49699,0.648406,0.57,1,394299,393822,477
24471941,29.7515,28.7496,479,49741,0.649681,0.57,1,394329,393850,479
24474861,73.1503,29.7499,533,49783,0.729936,0.61,1,394413,393880,533
24477781,40.2301,73.15,481,49825,0.793987,0.63,2,394445,393964,481
24480701,32.046,39.43,480,49867,0.822797,0.59,2,394475,393995,480
24483621,31.2092,31.886,481,49909,0.82856,0.59,2,394506,394025,481
24486541,22.2418,31.1772,470,49951,0.845712,0.59,2,394526,394056,470
24489461,20.4484,22.2354,470,49993,0.849142,0.59,2,394546,394076,470
24492381,27.2897,20.4471,479,50035,0.849828,0.57,2,394575,394096,479
24495301,19.8579,26.4894,469,50077,0.849966,0.61,2,394593,394124,469
24498221,25.5716,19.6979,478,50119,0.865993,0.63,2,394620,394142,478
24501141,6.71432,24.7396,454,50161,0.869199,0.63,2,394622,394168,454
24504061,12.5429,6.54792,466,50203,0.86984,0.61,2,394636,394170,466
24506981,26.5086,13.3096,481,50245,0.901968,0.61,2,394666,394185,481
24509901,22.9017,26.6619,473,50287,0.908394,0.61,2,394688,394215,473
24512821,6.18034,22.9324,453,50329,0.909679,0.65,2,394690,394237,453
24515741,29.2361,31.7865,454,50371,0.909936,0.65,2,394725,394271,454
24518661,28.2472,28.7573,454,50413,0.909987,0.65,2,394753,394299,454
24521581,29.6494,29.7515,454,50455,0.909997,0.75,2,394783,394329,454
24524501,77.1299,73.1503,459,50497,0.91,0.81,2,394872,394413,459
24723061,97,75,514,24266,0.59,1,1,396888,396374,514
24725981,86.6,82.2,514,24353,0.366,1,1,396972,396458,514
24728901,64.52,61.24,517,24440,0.3372,1,1,397031,396514,517
24731821,45.704,70.648,485,24527,0.39544,0.89,1,397072,396587,485
24734741,52.3408,31.7296,517,24613,0.407088,0.97,1,397126,396609,517
24737661,35.2682,61.5459,479,24699,0.393418,0.84,1,397157,396678,479
24740581,22.2536,33.9092,471,24785,0.422684,0.73,1,397176,396705,471
24743501,64.4507,75.5818,460,24871,0.460537,0.59,1,397251,396791,460
24746421,81.6901,92.7164,449,24956,0.452107,0.31,1,397337,396888,449
24749341,75.538,85.7433,439,25041,0.450421,0.33,1,397411,396972,439
24752261,60.7076,64.3487,437,25126,0.546084,0.41,1,397468,397031,437
24755181,47.3415,45.6697,440,25210,0.549217,0.41,1,397512,397072,440
24758101,54.2683,52.3339,442,25294,0.613843,0.39,1,397568,397126,442
24761021,34.8537,35.2668,441,25378,0.626769,0.43,1,397598,397157,441
24763941,23.7707,22.2534,443,25461,0.581354,0.43,1,397619,397176,443
24766861,65.5541,4.45067,519,25544,0.588271,0.47,1,397695,397176,519
24769781,81.1108,60.8901,529,25627,0.605654,0.45,1,397780,397251,529
24772701,75.4222,80.978,517,25710,0.625131,0.45,1,397854,397337,517
24775621,62.2844,75.3956,502,25792,0.613026,0.57,1,397913,397411,502
24778541,48.4569,60.6791,490,25874,0.626605,0.55,1,397958,397468,490
24781461,57.6914,47.3358,506,25956,0.645321,0.63,1,398018,397512,506
24784381,35.5383,54.2672,480,26038,0.665064,0.63,1,398048,397568,480
24787301,23.1077,34.8534,470,26119,0.669013,0.57,1,398068,397598,470
24790221,66.2215,23.7707,526,26200,0.685803,0.59,1,398145,397619,526
24793141,82.0443,65.5541,536,26281,0.721161,0.61,1,398231,397695,536
24796061,76.4089,81.1108,526,26362,0.760232,0.63,2,398306,397780,526
24798981,62.4818,75.4222,511,26442,0.784046,0.61,2,398365,397854,511
24801901,49.2964,62.2844,498,26522,0.884809,0.63,2,398411,397913,498
24804821,57.8593,48.4569,513,26602,0.920962,0.65,2,398471,397958,513
24942061,27,41,488,30115,0.71,1,1,400882,400394,488
24944981,49.4,44.2,498,30185,0.694,1,1,400937,400439,498
24947901,38.68,36.04,500,30255,0.6588,1,1,400973,400473,500
24950821,46.936,61.608,481,30325,0.69976,1,1,401022,400541,481
24953741,37.3872,42.7216,478,30395,0.691952,1,1,401057,400579,478
24956661,41.8774,47.7443,472,30465,0.70639,0.97,1,401100,400628,472
24959581,62.7755,67.1489,468,30534,0.661278,0.95,1,401168,400700,468
24962501,42.1551,43.8298,467,30603,0.620256,0.79,1,401205,400738,467
24965421,67.631,72.766,461,30672,0.612051,0.81,1,401279,400818,461
24968341,40.7262,44.1532,458,30741,0.70641,0.71,1,401313,400855,458
24971261,28.1452,30.4306,456,30810,0.677282,0.69,1,401338,400882,456
24974181,48.829,50.0861,455,30879,0.687456,0.65,1,401392,400937,455
24977101,38.5658,38.8172,455,30948,0.721491,0.71,1,401428,400973,455
24980021,46.9132,46.9634,455,31016,0.728298,0.69,1,401477,401022,455
24982941,36.5826,37.3927,454,31084,0.74566,0.71,1,401511,401057,454
24985861,44.1165,41.8785,457,31152,0.749132,0.65,1,401557,401100,457
24988781,60.8233,62.7757,454,31220,0.765826,0.61,2,401622,401168,454
24991701,40.9647,42.1551,453,31288,0.769165,0.61,2,401658,401205,453
24994621,67.3929,8.43103,527,31356,0.769833,0.61,2,401732,401205,527
24997541,40.6786,60.8862,487,31423,0.785967,0.73,2,401766,401279,487
25000461,28.9357,39.3772,479,31490,0.789193,0.67,2,401792,401313,479
25003381,49.7871,27.8754,509,31557,0.821839,0.69,2,401847,401338,509
25006301,40.3574,48.7751,493,31624,0.844368,0.73,2,401885,401392,493
25009221,45.6715,38.555,504,31691,0.864874,0.73,2,401932,401428,504
25012141,37.1343,46.911,490,31758,0.852975,0.75,2,401967,401477,490
25015061,45.8269,36.5822,504,31825,0.866595,0.75,2,402015,401511,504
25017981,61.9654,44.1164,524,31891,0.901319,0.77,2,402081,401557,524
25020901,41.1931,60.8233,495,31957,0.908264,0.77,2,402117,401622,495
25023821,67.4386,40.9647,533,32023,0.909653,0.77,2,402191,401658,533
25026741,41.4877,67.3929,494,32089,0.909931,0.79,2,402226,401732,494
25169821,25,39,520,35173,0.59,1,1,404348,403828,520
25172741,36.2,41.4,517,35233,0.462,1,1,404387,403870,517
25175661,78.44,37.08,570,35293,0.3244,1,1,404476,403906,570
25178581,45.288,77.016,520,35353,0.21688,1,1,404513,403993,520
25181501,71.4576,44.2032,562,35413,0.195376,1,1,404591,404029,562
25184421,30.2915,74.4406,500,35473,0.191075,1,1,404611,404111,500
25187341,40.4583,42.8881,508,35533,0.126215,1,1,404654,404146,508
25190261,36.8917,36.5776,509,35592,0.097243,0.81,1,404690,404181,509
25193181,32.9783,40.9155,499,35651,0.107449,0.97,1,404722,404223,499
25196101,8.19567,36.9831,465,35710,0.10949,0.93,1,404724,404259,465
25199021,27.2391,36.1966,461,35769,0.109898,0.71,1,404756,404295,461
25201941,24.6478,29.6393,457,35828,0.12598,0.59,1,404780,404323,457
25204861,20.1296,25.9279,451,35887,0.145196,0.43,1,404799,404348,451
25207781,30.4259,36.3856,445,35946,0.117039,0.29,1,404832,404387,445
25210701,69.2852,78.4771,435,36005,0.159408,0.19,1,404911,404476,435
25213621,43.457,45.2954,435,36064,0.151882,0.19,1,404948,404513,435
25216541,68.6914,71.4591,432,36123,0.246376,0.19,1,405023,404591,432
25219461,25.7383,30.2918,427,36182,0.265275,0.11,1,405038,404611,427
25222381,39.5477,40.4584,427,36240,0.333055,0.09,1,405081,404654,427
25225301,35.9095,36.8917,426,36298,0.362611,0.11,1,405116,404690,426
25228221,32.7819,32.9783,426,36356,0.368522,0.11,1,405148,404722,426
25231141,8.15638,8.19567,426,36414,0.369704,0.11,1,405150,404724,426
25234061,28.0313,27.2391,427,36472,0.353941,0.13,1,405183,404756,427
25236981,25.6063,24.6478,428,36530,0.414788,0.15,1,405208,404780,428
25239901,21.1213,20.1296,429,36588,0.394958,0.11,1,405228,404799,429
25242821,29.0243,30.4259,427,36646,0.422992,0.17,1,405259,404832,427
25245741,69.8048,69.2852,428,36704,0.476598,0.15,1,405339,404911,428
25248661,44.361,43.457,429,36762,0.45532,0.27,1,405377,404948,429
25251581,72.8722,68.6914,434,36819,0.515064,0.27,1,405457,405023,434
25254501,28.1744,25.7383,436,36876,0.511013,0.35,1,405474,405038,436
25257421,42.4349,39.5477,439,36933,0.526203,0.37,1,405520,405081,439
25260341,35.687,35.9095,438,36990,0.497241,0.37,1,405554,405116,438
25263261,32.7374,32.7819,438,37047,0.523448,0.37,1,405586,405148,438
25266181,8.14748,8.15638,438,37104,0.49669,0.35,1,405588,405150,438
25269101,28.8295,28.0313,439,37161,0.507338,0.35,1,405622,405183,439
25272021,26.5659,5.60625,465,37218,0.509468,0.43,1,405648,405183,465
25274941,21.3132,21.1213,460,37275,0.525894,0.39,1,405668,405208,460
25277861,29.0626,20.2242,471,37332,0.513179,0.43,1,405699,405228,471
25280781,72.2125,28.8449,523,37389,0.542636,0.49,1,405782,405259,523
25283701,45.6425,69.769,482,37446,0.612527,0.45,1,405821,405339,482
25286621,73.9285,44.3538,525,37502,0.658505,0.53,1,405902,405377,525
25289541,29.1857,72.8708,463,37558,0.683701,0.51,1,405920,405457,463
25292461,41.8371,28.1742,491,37614,0.68874,0.53,1,405965,405474,491
25295381,35.5674,42.4348,479,37670,0.721748,0.49,1,405999,405520,479
25298301,32.7135,35.687,477,37726,0.74435,0.53,1,406031,405554,477
25301221,8.1427,32.7374,447,37782,0.74887,0.49,1,406033,405586,447
25304141,29.6285,8.14748,480,37838,0.733774,0.51,1,406068,405588,480
25307061,26.7257,28.8295,472,37894,0.730755,0.51,1,406094,405622,472
25309981,22.1451,26.5659,467,37950,0.714151,0.53,1,406115,405648,467
25312901,28.429,21.3132,477,38006,0.72683,0.51,1,406145,405668,477
25315821,73.6858,29.0626,531,38062,0.761366,0.55,2,406230,405699,531
25318741,49.1372,72.2125,491,38118,0.768273,0.63,2,406273,405782,491
25321661,77.0274,45.6425,536,38173,0.753655,0.67,2,406357,405821,536
25324581,29.8055,73.9285,473,38228,0.766731,0.69,2,406375,405902,473
25327501,43.5611,29.1857,502,38283,0.753346,0.69,2,406422,405920,502
25330421,35.9122,41.8371,491,38338,0.798669,0.73,2,406456,405965,491
25333341,33.5824,35.5674,490,38393,0.823734,0.75,2,406489,405999,490
25336261,8.31649,32.7135,460,38448,0.828747,0.75,2,406491,406031,460
25339181,28.8633,8.1427,492,38503,0.829749,0.73,2,406525,406033,492
25342101,26.5727,29.6285,483,38558,0.82995,0.73,2,406551,406068,483
25345021,21.3145,26.7257,477,38613,0.82999,0.71,2,406571,406094,477
25347941,5.86291,22.1451,458,38668,0.829998,0.73,2,406573,406115,458
25350861,25.1726,28.429,458,38723,0.83,0.77,2,406603,406145,458
25353781,74.6345,73.6858,460,38778,0.894,0.77,2,406690,406230,460
25356701,50.1269,49.1372,461,38832,0.9068,0.75,2,406734,406273,461
25359621,75.6254,77.0274,459,38886,0.89336,0.77,2,406816,406357,459
25607821,38,50,509,43256,0.75,1,2,409833,409324,509
25610741,40.4,37.2,516,43305,0.75,1,1,409874,409358,516
25613661,37.68,30.64,524,43354,0.734,1,1,409911,409387,524
25616581,31.536,40.528,511,43403,0.6668,1,1,409941,409430,511
25619501,31.1072,33.7056,510,43452,0.60536,1,1,409972,409462,510
25622421,30.2214,29.9411,511,43501,0.545072,1,1,410002,409491,511
25625341,35.6443,30.7882,517,43550,0.549014,1,1,410039,409522,517
25628261,31.1289,30.1576,517,43598,0.533803,1,1,410069,409552,517
25631181,27.0258,35.6315,506,43646,0.498761,1,1,410095,409589,506
25634101,22.2052,30.3263,498,43694,0.491752,1,1,410116,409618,498
25637021,27.641,22.0653,507,43742,0.44235,1,1,410145,409638,507
25639941,31.1282,33.2131,503,43790,0.40047,1,1,410177,409674,503
25642861,43.8256,33.0426,517,43838,0.424094,0.88,1,410224,409707,517
25645781,33.5651,47.4085,497,43886,0.444819,0.81,1,410255,409758,497
25648701,37.113,39.0817,498,43934,0.448964,0.75,1,410293,409795,498
25651621,37.8226,38.2163,498,43982,0.481793,0.75,1,410331,409833,498
25654541,34.7645,40.4433,491,44030,0.504359,0.73,1,410365,409874,491
25657461,29.3529,37.6887,482,44078,0.540872,0.65,1,410393,409911,482
25660381,25.0706,31.5377,476,44126,0.516174,0.59,1,410417,409941,476
25663301,29.0141,31.1075,475,44174,0.511235,0.53,1,410447,409972,475
25666221,34.6028,30.2215,481,44222,0.510247,0.55,1,410483,410002,481
25669141,30.1206,35.6443,473,44270,0.510049,0.53,1,410512,410039,473
25672061,26.0241,31.1289,468,44318,0.55801,0.49,1,410537,410069,468
25674981,23.6048,27.0258,465,44366,0.535602,0.49,1,410560,410095,465
25677901,27.921,22.2052,473,44414,0.54712,0.43,1,410589,410116,473
25680821,27.9842,27.641,472,44461,0.549424,0.39,1,410617,410145,472
25683741,7.19684,31.1282,442,44508,0.549885,0.43,1,410619,410177,442
25686661,39.8394,43.8256,443,44555,0.565977,0.45,1,410667,410224,443
25689581,34.3679,33.5651,445,44602,0.617195,0.45,1,410700,410255,445
25692501,38.0736,37.113,446,44649,0.611439,0.49,1,410739,410293,446
25695421,38.8147,37.8226,447,44696,0.642288,0.51,1,410778,410331,447
25698341,34.9629,34.7645,447,44743,0.648458,0.55,1,410812,410365,447
25701261,27.7926,29.3529,445,44790,0.649691,0.51,1,410838,410393,445
25704181,24.7585,25.0706,445,44837,0.649938,0.51,1,410862,410417,445
25707101,30.5517,29.0141,447,44884,0.649988,0.51,1,410894,410447,447
25710021,34.9103,34.6028,447,44931,0.681998,0.51,1,410930,410483,447
25712941,30.1821,30.1206,447,44978,0.736399,0.57,1,410959,410512,447
25715861,25.2364,26.0241,446,45025,0.76328,0.53,2,410983,410537,446
25718781,26.6473,23.6048,450,45072,0.816656,0.55,2,411010,410560,450
25721701,27.7295,27.921,449,45119,0.859331,0.55,2,411038,410589,449
25724621,28.7459,27.9842,450,45166,0.851866,0.55,2,411067,410617,450
25727541,7.34918,7.19684,450,45213,0.850373,0.57,2,411069,410619,450
25730461,40.6698,39.8394,451,45260,0.898075,0.63,2,411118,410667,451
25733381,34.534,34.3679,451,45307,0.891615,0.61,2,411151,410700,451
25736301,38.9068,38.0736,452,45354,0.890323,0.65,2,411191,410739,452
25739221,38.9814,38.8147,452,45400,0.922065,0.65,2,411230,410778,452
25742141,34.9963,34.9629,452,45446,0.944413,0.65,2,411264,410812,452
25745061,27.7993,27.7926,452,45492,0.932883,0.65,2,411290,410838,452
25747981,24.7599,24.7585,452,45538,0.930577,0.65,2,411314,410862,452
25750901,31.352,30.5517,453,45584,0.946115,0.69,2,411347,410894,453
26256061,71,87,502,24266,0.11,0.87,1,416612,416110,502
26258981,48.6,71.8,477,24353,0.094,0.67,1,416655,416178,477
26261901,61.72,60.76,484,24440,0.0908,0.55,1,416720,416236,484
26264821,39.544,48.952,472,24527,0.10616,0.39,1,416754,416282,472
26267741,67.9088,61.7904,482,24613,0.141232,0.15,1,416829,416347,482
26270661,23.9818,68.3581,425,24699,0.132246,0.11,1,416842,416417,425
26273581,35.1964,28.0716,445,24785,0.162449,0.03,1,416880,416435,445
26276501,75.0393,90.4143,424,24871,0.23249,0.11,1,416965,416541,424
26279421,72.6079,74.8829,425,24956,0.278498,0.09,1,417037,416612,425
26282341,49.7216,49.3766,426,25041,0.3197,0.09,1,417081,416655,426
26285261,61.9443,61.8753,426,25126,0.37594,0.11,1,417146,416720,426
26288181,41.9889,39.5751,429,25210,0.435188,0.15,1,417183,416754,429
26291101,66.7978,67.915,427,25294,0.447038,0.13,1,417256,416829,427
26294021,25.3596,23.983,429,25378,0.465408,0.17,1,417271,416842,429
26296941,37.0719,35.1966,431,25461,0.501082,0.17,1,417311,416880,431
26299861,77.8144,7.03932,519,25544,0.492216,0.25,1,417399,416880,519
26302781,74.7629,69.4079,508,25627,0.522443,0.29,1,417473,416965,508
26305701,50.9526,71.4816,481,25710,0.512489,0.33,1,417518,417037,481
26308621,64.5905,49.4963,505,25792,0.526498,0.39,1,417586,417081,505
26311541,43.3181,61.8993,478,25874,0.5453,0.45,1,417624,417146,478
26314461,68.6636,41.9799,516,25956,0.56506,0.45,1,417699,417183,516
26317381,24.9327,66.796,457,26038,0.569012,0.47,1,417713,417256,457
26320301,40.1865,25.3592,486,26119,0.569802,0.51,1,417757,417271,486
26323221,77.6373,37.0718,533,26200,0.60196,0.49,1,417844,417311,533
26326141,76.3275,77.8144,521,26281,0.672392,0.53,1,417920,417399,521
26329061,50.4655,74.7629,491,26362,0.702478,0.51,1,417964,417473,491
26331981,65.2931,50.9526,515,26442,0.740496,0.53,1,418033,417518,515
26334901,44.2586,64.5905,486,26522,0.748099,0.55,1,418072,417586,486
26337821,69.6517,43.3181,524,26602,0.76562,0.57,2,418148,417624,524
26340741,25.1303,68.6636,463,26682,0.769124,0.57,2,418162,417699,463
26343661,41.0261,24.9327,494,26761,0.769825,0.57,2,418207,417713,494
26346581,78.6052,40.1865,538,26840,0.785965,0.61,2,418295,417757,538
26349501,17.321,77.6373,453,26919,0.789193,0.69,2,418297,417844,453
26352421,66.6642,76.3275,456,26998,0.853839,0.71,2,418376,417920,456
26355341,50.1328,50.4655,458,27076,0.882768,0.75,2,418422,417964,458
26358261,66.8266,65.2931,460,27154,0.888554,0.75,2,418493,418033,460
26361181,43.7653,44.2586,459,27232,0.937711,0.77,2,418531,418072,459
26364101,70.3531,69.6517,460,27310,0.931542,0.77,2,418608,418148,460
26367021,25.2706,25.1303,460,27388,0.930308,0.77,2,418622,418162,460
26369941,41.0541,41.0261,460,27465,0.914062,0.79,2,418667,418207,460
26372861,79.4108,78.6052,461,27542,0.926812,0.79,2,418756,418295,461
26550981,78,51,554,31891,0.47,1,1,421829,421275,554
26553901,42,63,521,31957,0.422,1,1,421862,421341,521
26556821,48.4,57.4,515,32023,0.4604,1,1,421912,421397,515
26559741,39.28,42.68,513,32089,0.35608,1,1,421949,421436,513
26562661,27.056,32.536,507,32155,0.303216,1,1,421973,421466,507
26565581,32.6112,33.7072,507,32221,0.244643,1,1,422007,421500,507
26568501,64.9222,33.1414,547,32287,0.232929,0.9,1,422080,421533,547
26571421,37.7844,65.0283,505,32353,0.214586,1,1,422111,421606,505
26574341,57.1569,41.0057,532,32418,0.194917,0.83,1,422173,421641,532
26577261,36.2314,67.4011,489,32483,0.158983,0.75,1,422204,421715,489
26580181,66.4463,42.2802,527,32548,0.0877967,0.47,1,422278,421751,527
26583101,35.6893,70.856,477,32613,0.121559,0.41,1,422306,421829,477
26586021,41.5379,40.5712,487,32678,0.128312,0.47,1,422349,421862,487
26588941,38.7076,48.1142,475,32743,0.113662,0.33,1,422387,421912,475
26591861,9.34151,39.2228,440,32808,0.110732,0.29,1,422389,421949,440
26594781,19.4683,27.0446,438,32872,0.174147,0.23,1,422411,421973,438
26597701,27.0937,32.6089,433,32936,0.170829,0.23,1,422440,422007,433
26600621,63.0187,64.9218,432,33000,0.202166,0.21,1,422512,422080,432
26603541,37.4037,37.7844,432,33064,0.192433,0.19,1,422543,422111,432
26606461,55.4807,57.1569,430,33128,0.238487,0.15,1,422603,422173,430
26609381,33.4961,36.2314,427,33192,0.279697,0.07,1,422631,422204,427
26612301,65.8992,66.4463,427,33256,0.303939,0.13,1,422705,422278,427
26615221,36.3798,35.6893,428,33320,0.324788,0.13,1,422734,422306,428
26618141,43.276,41.5379,430,33383,0.344958,0.11,1,422779,422349,430
26621061,36.6552,38.7076,427,33446,0.380992,0.11,1,422814,422387,427
26623981,8.93104,9.34151,427,33509,0.388198,0.19,1,422816,422389,427
26626901,22.5862,19.4683,431,33572,0.38964,0.17,1,422842,422411,431
26629821,25.3172,27.0937,428,33635,0.373928,0.21,1,422868,422440,428
26632741,62.6635,63.0187,428,33698,0.418786,0.19,1,422940,422512,428
26635661,41.3327,37.4037,433,33761,0.427757,0.25,1,422976,422543,433
26638581,56.2665,55.4807,433,33824,0.509551,0.29,1,423036,422603,433
26641501,34.4533,33.4961,434,33887,0.50991,0.31,1,423065,422631,434
26644421,66.8907,65.8992,435,33949,0.541982,0.33,1,423140,422705,435
26647341,38.1781,36.3798,437,34011,0.564396,0.35,1,423171,422734,437
26650261,44.4356,43.276,438,34073,0.568879,0.39,1,423217,422779,438
26653181,37.6871,36.6552,439,34135,0.585776,0.39,1,423253,422814,439
26656101,9.13742,8.93104,439,34197,0.589155,0.39,1,423255,422816,439
26659021,22.6275,22.5862,439,34259,0.589831,0.39,1,423281,422842,439
26661941,25.3255,4.51724,465,34321,0.589966,0.37,1,423307,422842,465
26664861,64.2651,21.7034,513,34383,0.637993,0.43,1,423381,422868,513
26667781,42.453,61.9407,478,34444,0.647599,0.43,1,423418,422940,478
26670701,60.4906,41.1881,507,34505,0.63352,0.53,1,423483,422976,507
26673621,34.4981,56.2376,475,34566,0.646704,0.51,1,423511,423036,475
26676541,68.4996,34.4475,523,34627,0.681341,0.55,1,423588,423065,523
26679461,37.6999,66.8895,478,34688,0.704268,0.57,1,423618,423140,478
26682381,46.74,38.1779,496,34749,0.740854,0.57,1,423667,423171,496
26685301,38.148,44.4356,486,34810,0.716171,0.59,1,423703,423217,486
26688221,9.2296,37.6871,452,34871,0.711234,0.59,1,423705,423253,452
26691141,22.6459,9.13742,476,34932,0.742247,0.59,1,423731,423255,476
26694061,26.9292,22.6275,478,34993,0.764449,0.59,2,423759,423281,478
26696981,65.3858,25.3255,527,35053,0.78489,0.65,2,423834,423307,527
26699901,42.6772,64.2651,490,35113,0.804978,0.65,2,423871,423381,490
26702821,60.5354,42.453,518,35173,0.824996,0.63,2,423936,423418,518
26705741,34.5071,60.4906,481,35233,0.844999,0.65,2,423964,423483,481
26708661,70.9014,34.4981,533,35293,0.881,0.69,2,424044,423511,533
26711581,38.9803,68.4996,487,35353,0.8882,0.71,2,424075,423588,487
26714501,46.1961,37.6999,505,35413,0.88964,0.75,2,424123,423618,505
26717421,39.6392,46.74,494,35473,0.889928,0.71,2,424161,423667,494
26720341,9.52784,38.148,460,35533,0.889986,0.71,2,424163,423703,460
26723261,23.5056,9.2296,485,35592,0.873997,0.75,2,424190,423705,485
26726181,27.1011,22.6459,487,35651,0.870799,0.77,2,424218,423731,487
26729101,7.02022,26.9292,461,35710,0.87016,0.79,2,424220,423759,461
26732021,61.404,65.3858,461,35769,0.918032,0.81,2,424295,423834,461
26734941,43.4808,42.6772,463,35828,0.927606,0.83,2,424334,423871,463
26869261,11,20,495,38448,0.89,1,2,426152,425657,495
26872181,18.2,8,510,38503,0.858,1,2,426172,425662,510
26875101,33.24,36,504,38558,0.8036,1,2,426209,425705,504
26878021,66.648,39.2,539,38613,0.71272,1,1,426284,425745,539
26880941,34.9296,59.04,502,38668,0.726544,1,1,426311,425809,502
26883861,24.5859,32.608,498,38723,0.713309,1,1,426333,425835,498
26886781,66.5172,79.3216,484,38778,0.630662,1,1,426410,425926,484
26889701,30.9034,44.6643,470,38832,0.646132,1,1,426432,425962,470
26892621,61.3807,63.3329,471,38886,0.569226,1,1,426501,426030,471
26895541,39.4761,39.0666,472,38940,0.553845,0.97,1,426535,426063,472
26898461,34.2952,37.4133,468,38994,0.582769,0.86,1,426568,426100,468
26901381,22.859,23.4827,468,39048,0.604554,0.85,1,426588,426120,468
26904301,18.9718,21.4965,465,39102,0.576911,0.89,1,426606,426141,465
26907221,11.7944,13.0993,464,39156,0.539382,0.85,1,426616,426152,464
26910141,19.9589,18.6199,466,39210,0.611876,0.79,1,426638,426172,466
26913061,30.3918,33.324,462,39264,0.594375,0.69,1,426671,426209,462
26915981,63.6784,66.6648,459,39318,0.622875,0.73,1,426743,426284,459
26918901,32.7357,34.933,457,39372,0.660575,0.71,1,426768,426311,457
26921821,19.3471,24.5866,451,39426,0.684115,0.61,1,426784,426333,451
26924741,65.4694,66.5173,451,39480,0.768823,0.65,2,426861,426410,451
26927661,29.8939,30.9035,450,39533,0.769765,0.55,2,426882,426432,450
26930581,58.7788,61.3807,447,39586,0.817953,0.55,2,426948,426501,447
26933501,39.7558,39.4761,448,39639,0.811591,0.59,2,426983,426535,448
26936421,35.1512,34.2952,449,39692,0.874318,0.61,2,427017,426568,449
26939341,23.8302,22.859,450,39745,0.838864,0.57,2,427038,426588,450
26942261,17.566,18.9718,448,39798,0.863773,0.53,2,427054,426606,448
26945181,12.3132,11.7944,449,39851,0.852755,0.63,2,427065,426616,449
26948101,21.6626,19.9589,451,39904,0.882551,0.59,2,427089,426638,451
26951021,30.7325,30.3918,451,39957,0.84051,0.63,2,427122,426671,451
26953941,64.5465,63.6784,452,40010,0.880102,0.67,2,427195,426743,452
26956861,35.3093,32.7357,455,40063,0.92002,0.67,2,427223,426768,455
26959781,19.0619,6.54713,470,40116,0.912004,0.69,2,427238,426768,470
26962701,68.6124,14.1094,535,40169,0.910401,0.79,2,427319,426784,535
27143741,26,23,522,43305,0.89,1,2,429486,428964,522
27146661,31.6,31,522,43354,0.65,1,1,429519,428997,522
27149581,34.32,30.2,527,43403,0.506,1,1,429554,429027,527
27152501,32.464,29.24,530,43452,0.4932,1,1,429586,429056,530
27155421,28.8928,40.248,515,43501,0.49064,1,1,429614,429099,515
27158341,34.5786,34.4496,518,43550,0.394128,1,1,429650,429132,518
27161261,50.1157,29.2899,544,43598,0.262826,1,1,429704,429160,544
27164181,34.0231,53.858,514,43646,0.268565,1,1,429734,429220,514
27167101,31.6046,39.5716,509,43694,0.333713,1,1,429765,429256,509
27170021,35.1209,34.3143,512,43742,0.298743,0.95,1,429801,429289,512
27172941,36.6242,35.6629,513,43790,0.243749,0.94,1,429838,429325,513
27175861,31.3248,39.9326,502,43838,0.23275,0.96,1,429868,429366,502
27178781,30.265,32.7865,501,43886,0.21455,0.91,1,429898,429397,501
27181701,30.053,32.1573,499,43934,0.16291,0.89,1,429928,429429,499
27184621,22.0106,31.2315,488,43982,0.168582,0.89,1,429948,429460,488
27187541,26.0021,27.0463,489,44030,0.105716,0.59,1,429975,429486,489
27190461,30.0004,31.8093,487,44078,0.0451433,0.47,1,430006,429519,487
27193381,28.4001,34.3619,480,44126,0.00902866,0.49,1,430034,429554,480
27196301,23.28,32.4724,470,44174,0.0258057,0.49,1,430056,429586,470
27199221,27.056,28.8945,470,44222,0.0131611,0.37,1,430084,429614,470
27202141,49.4112,34.5789,489,44270,0.0426322,0.23,1,430139,429650,489
27205061,34.6822,50.1158,466,44318,0.0645264,0.27,1,430170,429704,466
27207981,33.3364,34.0232,469,44366,0.0209053,0.35,1,430203,429734,469
27210901,33.0673,31.6046,471,44414,0.0281811,0.29,1,430236,429765,471
27213821,31.4135,35.1209,466,44461,0.0136362,0.23,1,430267,429801,466
27216741,7.88269,36.6242,431,44508,0.0427272,0.23,1,430269,429838,431
27219661,26.3765,31.3248,432,44555,0.0325455,0.21,1,430300,429868,432
27222581,27.6753,30.265,430,44602,0.0305091,0.15,1,430328,429898,430
27225501,27.9351,30.053,428,44649,0.0621018,0.17,1,430356,429928,428
27228421,22.387,22.0106,429,44696,0.0524204,0.09,1,430377,429948,429
27231341,23.6774,26.0021,426,44743,0.0664841,0.03,1,430401,429975,426
27234261,26.3355,30.0004,422,44790,0.0212968,0,1,430428,430006,422
27237181,28.4671,28.4001,423,44837,0.00425936,0.03,1,430457,430034,423
27240101,23.2934,23.28,423,44884,0.0248519,0.01,1,430479,430056,423
27243021,27.0587,27.056,423,44931,0.0609704,0.05,1,430507,430084,423
27245941,48.6117,49.4112,422,44978,0.0361941,0.07,1,430561,430139,422
27248861,34.5223,34.6822,422,45025,0.0312388,0.01,1,430592,430170,422
27251781,33.3045,33.3364,422,45072,0.0622478,0.03,1,430625,430203,422
27254701,33.8609,33.0673,423,45119,0.11645,0.01,1,430659,430236,423
27257621,30.7722,31.4135,422,45166,0.12729,0.05,1,430689,430267,422
27260541,7.75444,7.88269,422,45213,0.129458,0.03,1,430691,430269,422
27263461,27.1509,26.3765,423,45260,0.0818916,0.03,1,430723,430300,423
27266381,28.6302,27.6753,424,45307,0.0883783,0.07,1,430752,430328,424
27269301,28.126,27.9351,424,45354,0.121676,0.05,1,430780,430356,424
27272221,20.8252,22.387,422,45400,0.144335,0.07,1,430799,430377,422
27275141,24.165,23.6774,423,45446,0.116867,0.01,1,430824,430401,423
27278061,26.433,26.3355,423,45492,0.127373,0,1,430851,430428,423
27280981,27.6866,28.4671,422,45538,0.0654747,0.03,1,430879,430457,422
27283901,23.9373,23.2934,423,45584,0.0210949,0.07,1,430902,430479,423
27286821,28.7875,27.0587,425,45630,0.012219,0.03,1,430932,430507,425
27289741,46.5575,48.6117,422,45676,0.0104438,0.03,1,430983,430561,422
27292661,34.1115,34.5223,422,45722,0.0100888,0.07,1,431014,430592,422
27295581,37.2223,33.3045,427,45768,0.0580177,0.13,1,431052,430625,427
27298501,33.8445,33.8609,426,45814,0.115604,0.13,1,431085,430659,426
27301421,30.7689,30.7722,426,45860,0.143121,0.13,1,431115,430689,426
27304341,7.75378,7.75444,426,45906,0.116624,0.13,1,431117,430691,426
27307261,25.5508,1.55089,456,45952,0.111325,0.07,1,431147,430691,456
27310181,29.1102,25.9102,454,45998,0.110265,0.09,1,431177,430723,454
27313101,29.822,28.382,455,46044,0.126053,0.13,1,431207,430752,455
27316021,21.1644,28.0764,446,46090,0.193211,0.15,1,431226,430780,446
27318941,23.4329,20.8153,451,46136,0.206642,0.11,1,431250,430799,451
27321861,25.4866,24.1631,452,46182,0.241328,0.13,1,431276,430824,452
27324781,24.2973,26.4326,449,46228,0.264266,0.05,1,431300,430851,449
27327701,23.2595,27.6865,444,46274,0.220853,0.01,1,431323,430879,444
27330621,29.4519,23.9373,452,46320,0.196171,0.01,1,431354,430902,452
27333541,46.6904,28.7875,473,46366,0.159234,0.01,1,431405,430932,473
27336461,33.3381,46.5575,452,46411,0.0878468,0.01,1,431435,430983,452
27339381,37.8676,34.1115,460,46456,0.0735694,0.07,1,431474,431014,460
27342301,37.1735,37.2223,459,46501,0.0867139,0.13,1,431511,431052,459
27345221,31.4347,33.8445,456,46546,0.137343,0.15,1,431541,431085,456
27348141,7.88694,30.7689,428,46591,0.147469,0.11,1,431543,431115,428
27351061,25.5774,7.75378,456,46636,0.165494,0.11,1,431573,431117,456
27353981,29.1155,25.5508,456,46681,0.185099,0.11,1,431603,431147,456
27356901,32.2231,29.1102,459,46726,0.22102,0.13,1,431636,431177,459
27359821,23.2446,29.822,450,46771,0.228204,0.21,1,431657,431207,450
27362741,25.4489,21.1644,457,46816,0.229641,0.21,1,431683,431226,457
27365661,25.8898,23.4329,459,46861,0.245928,0.25,1,431709,431250,459
27368581,23.578,25.4866,456,46906,0.233186,0.27,1,431732,431276,456
27371501,22.3156,24.2973,454,46951,0.230637,0.21,1,431754,431300,454
27374421,28.4631,23.2595,461,46996,0.230127,0.19,1,431784,431323,461
27377341,43.2926,29.4519,477,47041,0.214025,0.15,1,431831,431354,477
27380261,31.0585,46.6904,454,47086,0.210805,0.07,1,431859,431405,454
27383181,37.4117,33.3381,463,47131,0.258161,0.07,1,431898,431435,463
27386101,38.6823,37.8676,463,47176,0.219632,0.09,1,431937,431474,463
27389021,34.1365,37.1735,459,47221,0.163926,0.15,1,431970,431511,459
27391941,8.42729,31.4347,431,47266,0.184785,0.15,1,431972,431541,431
27394861,26.4855,7.88694,460,47311,0.204957,0.17,1,432003,431543,460
27397781,29.2971,25.5774,460,47356,0.176991,0.19,1,432033,431573,460
27400701,7.45942,29.1155,432,47401,0.171398,0.23,1,432035,431603,432
27403621,29.4919,32.2231,434,47445,0.18628,0.23,1,432070,431636,434
27406541,21.8984,23.2446,433,47489,0.189256,0.23,1,432090,431657,433
27409461,25.1797,25.4489,433,47533,0.237851,0.25,1,432116,431683,433
27412381,26.6359,25.8898,434,47577,0.24757,0.23,1,432143,431709,434
27415301,22.9272,23.578,433,47621,0.265514,0.23,1,432165,431732,433
27418221,22.1854,22.3156,433,47665,0.269103,0.23,1,432187,431754,433
27421141,28.4371,28.4631,433,47709,0.285821,0.21,1,432217,431784,433
27424061,42.4874,43.2926,432,47753,0.305164,0.21,1,432263,431831,432
27426981,31.6975,31.0585,433,47797,0.325033,0.27,1,432292,431859,433
27429901,39.1395,37.4117,435,47841,0.377007,0.21,1,432333,431898,435
27432821,36.6279,38.6823,432,47885,0.403401,0.15,1,432369,431937,432
27435741,32.9256,34.1365,431,47929,0.42468,0.19,1,432401,431970,431
27438661,8.18512,8.42729,431,47973,0.428936,0.21,1,432403,431972,431
27441581,25.637,26.4855,430,48017,0.445787,0.17,1,432433,432003,430
27444501,29.1274,29.2971,430,48061,0.513157,0.17,1,432463,432033,430
27447421,7.42548,7.45942,430,48105,0.526632,0.19,1,432465,432035,430
27450341,29.4851,29.4919,430,48149,0.513326,0.19,1,432500,432070,430
27453261,22.697,21.8984,431,48193,0.526665,0.25,1,432521,432090,431
27456181,26.1394,25.1797,432,48237,0.577333,0.25,1,432548,432116,432
27459101,27.6279,26.6359,433,48281,0.587467,0.27,1,432576,432143,433
27462021,23.1256,22.9272,433,48325,0.557493,0.27,1,432598,432165,433
27464941,22.2251,22.1854,433,48369,0.551499,0.29,1,432620,432187,433
27467861,29.245,28.4371,434,48413,0.5823,0.31,1,432651,432217,434
27470781,45.049,42.4874,437,48457,0.60446,0.33,1,432700,432263,437
27473701,33.0098,31.6975,438,48500,0.688892,0.39,1,432730,432292,438
27476621,40.202,39.1395,439,48543,0.705778,0.41,1,432772,432333,439
27479541,37.6404,36.6279,440,48586,0.757156,0.43,2,432809,432369,440
27482461,33.9281,32.9256,441,48629,0.719431,0.43,1,432842,432401,441
27485381,8.38562,8.18512,441,48672,0.743886,0.45,1,432844,432403,441
27488301,28.0771,25.637,444,48715,0.764777,0.53,2,432877,432433,444
27491221,31.2154,29.1274,446,48758,0.800956,0.53,2,432909,432463,446
27494141,7.84308,7.42548,446,48801,0.808191,0.51,2,432911,432465,446
27497061,29.5686,29.4851,446,48844,0.825638,0.51,2,432946,432500,446
27499981,23.5137,5.89702,468,48887,0.829128,0.53,2,432968,432500,468
27502901,27.1027,17.9794,475,48930,0.829826,0.59,2,432996,432521,475
27505821,27.8205,25.1959,476,48973,0.845965,0.59,2,433024,432548,476
27508741,23.1641,27.4392,470,49016,0.849193,0.55,2,433046,432576,470
27511661,22.2328,23.0878,470,49059,0.881839,0.55,2,433068,432598,470
27514581,30.8466,22.2176,481,49102,0.920368,0.59,2,433101,432620,481
27532101,2,33,458,49360,0.93,0.75,2,433300,432842,458
27751101,86,98,451,23360,0.03,0.61,1,435912,435461,451
27773001,32.4,40.4,444,23360,0.014,0.43,1,435931,435487,444
27775921,26.48,18.48,456,24178,0.0108,0.43,1,435956,435500,456
27778841,32.496,16.496,474,24266,0.01016,0.23,1,435990,435516,474
27781761,72.8992,68.0992,476,24353,0.042032,0.01,1,436073,435597,476
27784681,80.9798,101.62,449,24440,0.0324064,0.07,1,436156,435707,449
27787601,60.996,59.524,456,24527,0.00648128,0.05,1,436212,435756,456
27790521,55.3992,67.9048,440,24613,0.00929626,0.05,1,436266,435826,440
27793441,65.4798,44.781,469,24699,0.0418593,0.03,1,436334,435865,469
27796361,29.096,52.9562,434,24785,0.0643718,0.01,1,436354,435920,434
27799281,27.4192,39.3912,425,24871,0.0528744,0.01,1,436381,435956,425
27802201,31.8838,35.0782,424,24956,0.0825749,0.05,1,436414,435990,424
27805121,72.7768,73.4157,424,25041,0.088515,0.03,1,436497,436073,424
27808041,80.1554,81.0831,423,25126,0.105703,0,1,436579,436156,423
27810961,61.6311,61.0166,424,25210,0.0611406,0.01,1,436636,436212,424
27813881,55.5262,55.4033,424,25294,0.0362281,0.05,1,436690,436266,424
27816801,67.9052,65.4807,427,25378,0.0632456,0.07,1,436761,436334,427
27819721,28.781,29.0961,426,25461,0.0526491,0.07,1,436780,436354,426
27822641,24.9562,5.81923,450,25544,0.0505298,0.05,1,436804,436354,450
27825561,32.9912,22.7638,458,25627,0.050106,0.09,1,436839,436381,458
27828481,73.7983,30.9528,509,25710,0.0820212,0.09,1,436923,436414,509
27831401,78.7596,72.5906,506,25792,0.136404,0.11,1,437003,436497,506
27834321,58.9519,80.1181,478,25874,0.0832808,0.05,1,437057,436579,478
27837241,54.9904,61.6236,475,25956,0.0726562,0.03,1,437111,436636,475
27840161,68.5981,55.5247,493,26038,0.0385312,0.07,1,437183,436690,493
27843081,29.7196,67.9049,442,26119,0.0317062,0.05,1,437203,436761,442
27846001,25.9439,28.781,448,26200,0.0623412,0.05,1,437228,436780,448
27848921,32.3888,24.9562,458,26281,0.0684682,0.05,1,437262,436804,458
27851841,75.2778,32.9912,509,26362,0.101694,0.09,1,437348,436839,509
27854761,82.2556,73.7983,509,26442,0.156339,0.15,1,437432,436923,509
27857681,55.6511,78.7596,478,26522,0.183268,0.07,1,437481,437003,478
27860601,52.7302,58.9519,476,26602,0.188654,0.07,1,437533,437057,476
27863521,68.146,54.9904,494,26682,0.189731,0.03,1,437605,437111,494
27866441,30.4292,68.5981,443,26761,0.189946,0.03,1,437626,437183,443
27869361,25.2858,29.7196,447,26840,0.237989,0.07,1,437650,437203,447
27872281,6.65717,25.9439,424,26919,0.247598,0.07,1,437652,437228,424
27875201,29.3314,32.3888,425,26998,0.26552,0.11,1,437687,437262,425
27878121,76.2663,75.2778,427,27076,0.285104,0.17,1,437775,437348,427
27881041,86.4533,82.2556,432,27154,0.273021,0.19,1,437864,437432,432
27883961,55.6907,55.6511,431,27232,0.286604,0.19,1,437912,437481,431
27886881,52.7381,52.7302,431,27310,0.305321,0.19,1,437964,437533,431
27889801,68.1476,68.146,431,27388,0.357064,0.19,1,438036,437605,431
27892721,32.8295,30.4292,434,27465,0.335413,0.25,1,438060,437626,434
27895641,25.7659,25.2858,434,27542,0.331083,0.25,1,438084,437650,434
27898561,6.75318,6.65717,434,27619,0.378217,0.27,1,438086,437652,434
27901481,28.5506,29.3314,433,27696,0.371643,0.29,1,438120,437687,433
27904401,77.7101,76.2663,435,27772,0.450329,0.27,1,438210,437775,435
27907321,85.142,86.4533,433,27848,0.530066,0.29,1,438297,437864,433
27910241,56.2284,55.6907,434,27924,0.578013,0.31,1,438346,437912,434
27913161,53.6457,52.7381,435,28000,0.555603,0.37,1,438399,437964,435
27916081,70.7291,68.1476,438,28076,0.567121,0.33,1,438474,438036,438
27919001,33.3458,32.8295,438,28151,0.569424,0.33,1,438498,438060,438
27921921,26.6692,25.7659,439,28226,0.617885,0.39,1,438523,438084,439
27924841,6.93383,6.75318,439,28301,0.595577,0.37,1,438525,438086,439
27927761,29.3868,28.5506,440,28376,0.607115,0.37,1,438560,438120,440
27930681,81.0774,5.71013,534,28451,0.625423,0.47,1,438654,438120,534
27933601,87.4155,73.142,533,28525,0.709085,0.55,1,438743,438210,533
27936521,58.2831,84.2284,497,28599,0.773817,0.59,2,438794,438297,497
27939441,54.0566,56.0457,501,28673,0.786763,0.55,2,438847,438346,501
27942361,71.6113,53.6091,524,28747,0.821353,0.57,2,438923,438399,524
27945281,35.1223,70.7218,475,28821,0.828271,0.57,2,438949,438474,475
27948201,26.2245,33.3444,475,28894,0.797654,0.63,2,438973,438498,475
27951121,6.84489,26.6689,452,28967,0.791531,0.59,2,438975,438523,452
27954041,30.169,6.93377,486,29040,0.790306,0.61,2,439011,438525,486
27956961,82.0338,29.3868,546,29113,0.838061,0.63,2,439106,438560,546
27959881,91.6068,81.0774,546,29186,0.863612,0.73,2,439200,438654,546
27962801,62.3214,87.4155,512,29259,0.884722,0.79,2,439255,438743,512
27965721,54.8643,58.2831,514,29331,0.936944,0.79,2,439308,438794,514
27968641,72.5729,54.0566,538,29403,0.931389,0.83,2,439385,438847,538
27971561,33.7146,71.6113,486,29475,0.946278,0.83,2,439409,438923,486
27974481,25.9429,35.1223,484,29547,0.949256,0.79,2,439433,438949,484
28082521,41,30,519,32089,0.79,1,2,441192,440673,519
28085441,73.8,46.8,550,32155,0.646,1,1,441274,440724,550
28088361,42.76,75.76,502,32221,0.5532,1,1,441309,440807,502
28091281,35.752,35.952,510,32287,0.53464,1,1,441343,440833,510
28094201,29.5504,31.1904,508,32353,0.434928,1,1,441371,440863,508
28097121,29.1101,31.0381,506,32418,0.382986,1,1,441400,440894,506
28100041,58.622,23.0076,551,32483,0.260597,1,1,441466,440915,551
28102961,89.3244,63.8015,574,32548,0.0761194,1,1,441563,440989,574
28105881,36.2649,92.7603,497,32613,0.0712239,0.87,1,441586,441089,497
28108801,30.453,40.9521,498,32678,0.0382448,0.85,1,441615,441117,498
28111721,34.0906,35.3904,499,32743,0.063649,0.79,1,441650,441151,499
28114641,8.41812,39.8781,460,32808,0.0687298,0.61,1,441652,441192,460
28117561,64.0836,73.5756,456,32872,0.069746,0.53,1,441730,441274,456
28120481,38.4167,42.7151,453,32936,0.0859492,0.53,1,441762,441309,453
28123401,27.6833,35.743,444,33000,0.12119,0.41,1,441787,441343,444
28126321,23.9367,29.5486,439,33064,0.064238,0.37,1,441810,441371,439
28129241,26.3873,29.1097,437,33128,0.0848476,0.23,1,441837,441400,437
28132161,52.4775,58.6219,430,33192,0.15297,0.03,1,441896,441466,430
28135081,84.0955,89.3244,425,33256,0.0545939,0.07,1,441988,441563,425
28138001,34.4191,36.2649,424,33320,0.0829188,0.03,1,442010,441586,424
28140921,28.4838,30.453,422,33383,0.0725838,0.07,1,442037,441615,422
28143841,37.6968,34.0906,427,33446,0.118517,0.07,1,442077,441650,427
28146761,9.13935,8.41812,427,33509,0.127703,0.07,1,442079,441652,427
28149681,61.8279,64.0836,424,33572,0.0975407,0.09,1,442154,441730,424
28152601,37.1656,38.4167,423,33635,0.171508,0.13,1,442185,441762,423
28155521,28.2331,27.6833,424,33698,0.218302,0.05,1,442211,441787,424
28158441,24.0466,23.9367,424,33761,0.17966,0.09,1,442234,441810,424
28161361,28.0093,26.3873,426,33824,0.203932,0.17,1,442263,441837,426
28164281,54.4019,52.4775,428,33887,0.272786,0.03,1,442324,441896,428
28167201,81.2804,84.0955,424,33949,0.302557,0.09,1,442412,441988,424
28170121,35.4561,34.4191,426,34011,0.308511,0.07,1,442436,442010,426
28173041,26.2912,28.4838,423,34073,0.309702,0.13,1,442460,442037,423
28175961,40.4582,37.6968,427,34135,0.32594,0.13,1,442504,442077,427
28178881,9.69165,9.13935,427,34197,0.329188,0.09,1,442506,442079,427
28181801,60.3383,61.8279,425,34259,0.329838,0.09,1,442579,442154,425
28184721,39.2677,12.3656,459,34321,0.329967,0.19,1,442613,442154,459
28187641,30.2535,27.2731,456,34383,0.361993,0.23,1,442641,442185,456
28190561,23.6507,26.2546,452,34444,0.384399,0.17,1,442663,442211,452
28193481,29.5301,23.6509,460,34505,0.42088,0.21,1,442694,442234,460
28196401,56.306,27.9302,494,34566,0.460176,0.29,1,442757,442263,494
28199321,84.0612,54.386,524,34627,0.452035,0.31,1,442848,442324,524
28202241,36.0122,81.2772,460,34688,0.450407,0.31,1,442872,442412,460
28205161,27.2024,35.4554,461,34749,0.434081,0.31,1,442897,442436,461
28208081,39.0405,26.2911,479,34810,0.494816,0.33,1,442939,442460,479
28211001,9.4081,40.4582,437,34871,0.506963,0.33,1,442941,442504,437
28213921,61.8816,9.69164,510,34932,0.509393,0.33,1,443016,442506,510
28216841,39.5763,60.3383,471,34993,0.525879,0.33,1,443050,442579,471
28219761,32.7153,39.2677,468,35053,0.513176,0.37,1,443081,442613,468
28222681,24.1431,30.2535,462,35113,0.558635,0.39,1,443103,442641,462
28225601,31.2286,23.6507,473,35173,0.599727,0.43,1,443136,442663,473
28228521,58.2457,29.5301,507,35233,0.575945,0.47,1,443201,442694,507
28231441,83.6491,56.306,534,35293,0.603189,0.45,1,443291,442757,534
28234361,35.9298,84.0612,467,35353,0.608638,0.45,1,443315,442848,467
28237281,28.786,36.0122,470,35413,0.593728,0.43,1,443342,442872,470
28240201,40.1572,27.2024,488,35473,0.574746,0.51,1,443385,442897,488
28243121,9.63144,39.0405,448,35533,0.570949,0.51,1,443387,442939,448
28246041,61.9263,9.4081,521,35592,0.61819,0.51,1,443462,442941,521
28248961,41.1853,61.8816,482,35651,0.675638,0.53,1,443498,443016,482
28251881,9.83705,39.5763,450,35710,0.655128,0.51,1,443500,443050,450
28254801,25.9674,32.7153,449,35769,0.651026,0.57,1,443530,443081,449
28257721,24.3935,24.1431,451,35828,0.650205,0.61,1,443554,443103,451
28260641,32.0787,31.2286,452,35887,0.698041,0.57,1,443588,443136,452
28263561,56.8157,58.2457,450,35946,0.739608,0.61,1,443651,443201,450
28266481,84.9631,83.6491,452,36005,0.779922,0.61,2,443743,443291,452
28269401,36.1926,35.9298,452,36064,0.803984,0.59,2,443767,443315,452
28272321,28.0385,28.786,451,36123,0.808797,0.57,2,443793,443342,451
28275241,39.2077,40.1572,450,36182,0.809759,0.57,2,443835,443385,450
28278161,9.44154,9.63144,450,36240,0.809952,0.63,2,443837,443387,450
28281081,64.2883,61.9263,453,36298,0.84199,0.69,2,443915,443462,453
28284001,42.4577,41.1853,454,36356,0.832398,0.65,2,443952,443498,454
28286921,10.0915,9.83705,454,36414,0.86248,0.65,2,443954,443500,454
28289841,26.0183,25.9674,454,36472,0.884496,0.65,2,443984,443530,454
28292761,25.2037,24.3935,455,36530,0.904899,0.71,2,444009,443554,455
28616881,28,32,494,42468,0.63,1,1,448200,447706,494
28619801,45.6,40,502,42518,0.55,1,1,448250,447748,502
28622721,37.92,39.2,499,42568,0.518,1,1,448286,447787,499
28625641,27.584,35.84,489,42618,0.5436,0.84,1,448311,447822,489
28628561,35.9168,30.368,498,42668,0.40472,1,1,448349,447851,498
28631481,33.5834,34.0736,496,42717,0.312944,1,1,448382,447886,496
28634401,30.7167,37.2147,488,42766,0.262589,0.88,1,448412,447924,488
28637321,22.9433,35.4429,474,42815,0.268518,0.9,1,448433,447959,474
28640241,14.9887,19.8886,471,42864,0.253704,1,1,448446,447975,471
28643161,28.5977,33.5777,466,42913,0.186741,1,1,448478,448012,466
28646081,35.3195,35.5155,467,42962,0.173348,0.87,1,448515,448048,467
28649001,34.2639,36.7031,464,43011,0.15467,0.87,1,448549,448085,464
28651921,43.6528,7.34062,510,43060,0.102934,0.83,1,448595,448085,510
28654841,37.5306,39.0681,499,43109,0.124587,0.73,1,448631,448132,499
28657761,23.5061,39.8136,479,43158,0.0969174,0.63,1,448651,448172,479
28660681,40.7012,30.3627,496,43207,0.139383,0.53,1,448696,448200,496
28663601,34.5402,46.0725,479,43256,0.163877,0.51,1,448729,448250,479
28666521,26.108,38.0145,467,43305,0.248775,0.55,1,448753,448286,467
28669441,33.2216,27.6029,477,43354,0.265755,0.37,1,448788,448311,477
28672361,32.2443,35.9206,471,43403,0.301151,0.29,1,448820,448349,471
28675281,28.0489,33.5841,465,43452,0.29223,0.25,1,448847,448382,465
28678201,20.8098,30.7168,454,43501,0.338446,0.27,1,448866,448412,454
28681121,11.362,22.9434,442,43550,0.331689,0.25,1,448875,448433,442
28684041,25.4724,14.9887,458,43598,0.314338,0.17,1,448904,448446,458
28686961,35.4945,28.5977,464,43646,0.310868,0.17,1,448942,448478,464
28689881,33.4989,35.3195,460,43694,0.294174,0.15,1,448975,448515,460
28692801,45.8998,34.2639,475,43742,0.338835,0.09,1,449024,448549,475
28695721,34.78,43.6528,461,43790,0.363767,0.13,1,449056,448595,461
28698641,23.756,37.5306,446,43838,0.400753,0.09,1,449077,448631,446
28701561,44.7512,23.5061,476,43886,0.408151,0.15,1,449127,448651,476
28704481,36.1502,40.7012,465,43934,0.42563,0.17,1,449161,448696,465
28707401,28.03,34.5402,458,43982,0.429126,0.27,1,449187,448729,458
28710321,33.606,26.108,469,44030,0.445825,0.27,1,449222,448753,469
28713241,33.9212,33.2216,468,44078,0.417165,0.31,1,449256,448788,468
28716161,27.5842,32.2443,462,44126,0.411433,0.29,1,449282,448820,462
28719081,21.5168,28.0489,455,44174,0.410287,0.35,1,449302,448847,455
28722001,10.7034,20.8098,444,44222,0.410057,0.33,1,449310,448866,444
28724921,26.1407,11.362,465,44270,0.410011,0.31,1,449340,448875,465
28727841,37.2281,25.4724,476,44318,0.426002,0.31,1,449380,448904,476
28730761,32.2456,35.4945,469,44366,0.4132,0.29,1,449411,448942,469
28733681,47.2491,33.4989,487,44414,0.42664,0.35,1,449462,448975,487
28736601,37.4498,45.8998,473,44461,0.445328,0.37,1,449497,449024,473
28739521,9.08996,34.78,443,44508,0.449066,0.41,1,449499,449056,443
28742441,17.818,23.756,442,44555,0.449813,0.41,1,449519,449077,442
28745361,43.5636,44.7512,442,44602,0.481963,0.43,1,449569,449127,442
28748281,36.7127,36.1502,443,44649,0.520393,0.43,1,449604,449161,443
28751201,28.1425,28.03,443,44696,0.576078,0.45,1,449630,449187,443
28754121,34.4285,33.606,444,44743,0.603216,0.41,1,449666,449222,444
28757041,32.4857,33.9212,442,44790,0.624643,0.41,1,449698,449256,442
28759961,27.2971,27.5842,442,44837,0.660929,0.41,1,449724,449282,442
28762881,21.4594,21.5168,442,44884,0.636186,0.41,1,449744,449302,442
28765801,10.6919,10.7034,442,44931,0.631237,0.41,1,449752,449310,442
28768721,26.1384,26.1407,442,44978,0.662247,0.43,1,449782,449340,442
28771641,38.0277,37.2281,443,45025,0.652449,0.41,1,449823,449380,443
28774561,32.4055,32.2456,443,45072,0.63449,0.43,1,449854,449411,443
28777481,47.2811,47.2491,443,45119,0.694898,0.45,1,449905,449462,443
28780401,36.6562,37.4498,442,45166,0.67498,0.45,1,449939,449497,442
28783321,8.93124,9.08996,442,45213,0.702996,0.45,1,449941,449499,442
28786241,17.7862,17.818,442,45260,0.724599,0.49,1,449961,449519,442
28789161,45.1573,43.5636,444,45307,0.76092,0.53,2,450013,449569,444
28792081,39.4314,36.7127,447,45354,0.752184,0.59,2,450051,449604,447
28795001,30.2863,28.1425,449,45400,0.798437,0.61,2,450079,449630,449
28797921,36.4573,34.4285,451,45446,0.775687,0.63,2,450117,449666,451
28800841,32.8915,32.4857,451,45492,0.819138,0.67,2,450149,449698,451
28803761,28.9783,27.2971,453,45538,0.859828,0.63,2,450177,449724,453
28806681,21.7957,21.4594,453,45584,0.867965,0.63,2,450197,449744,453
28809601,10.7591,10.6919,453,45630,0.837593,0.67,2,450205,449752,453
28812521,26.1518,26.1384,453,45676,0.831519,0.65,2,450235,449782,453
28815441,37.2304,38.0277,452,45722,0.830304,0.63,2,450275,449823,452
28818361,33.0461,32.4055,453,45768,0.862061,0.71,2,450307,449854,453
28821281,49.0092,47.2811,455,45814,0.916412,0.67,2,450360,449905,455
28824201,37.0018,36.6562,455,45860,0.895282,0.71,2,450394,449939,455
28827121,9.00037,8.93124,455,45906,0.923056,0.71,2,450396,449941,455
28830041,18.6001,1.78625,476,45952,0.880611,0.73,2,450417,449941,476
28832961,46.12,16.3572,509,45998,0.904122,0.77,2,450470,449961,509
28835881,40.424,44.8715,496,46044,0.940824,0.75,2,450509,450013,496
29019841,35,31,491,48844,0.89,1,2,452444,451953,491
29022761,33.4,6.2,524,48887,0.858,1,2,452477,451953,524
29025681,29.88,16.44,534,48930,0.8516,1,2,452506,451972,534
29028601,27.576,36.088,520,48973,0.78632,1,2,452533,452013,520
29031521,23.9152,34.4176,509,49016,0.757264,1,2,452556,452047,509
29034441,33.583,34.0835,511,49059,0.719453,1,1,452592,452081,511
29037361,31.5166,30.8167,512,49102,0.791891,1,2,452623,452111,512
29040281,31.9033,35.7633,507,49145,0.806378,0.94,2,452655,452148,507
29043201,22.3807,29.5527,499,49188,0.825276,1,2,452675,452176,499
29046121,17.2761,23.5105,493,49231,0.845055,1,2,452691,452198,493
29049041,34.6552,24.7021,507,49274,0.865011,1,2,452730,452223,507
29051961,42.131,34.5404,514,49317,0.853002,0.98,2,452774,452260,514
29054881,27.6262,41.3081,495,49360,0.8826,1,2,452798,452303,495
29057801,34.3252,29.8616,504,49403,0.85652,1,2,452834,452330,504
29060721,29.265,35.5723,495,49446,0.851304,0.91,2,452862,452367,495
29063641,16.253,31.1145,478,49489,0.866261,0.87,2,452875,452397,478
29066561,28.0506,15.8229,497,49532,0.901252,0.89,2,452906,452409,497
29069481,31.2101,31.1646,494,49575,0.87625,0.85,2,452938,452444,494
29072401,28.642,32.6329,489,49617,0.87125,0.85,2,452966,452477,489
29075321,26.5284,29.7266,486,49659,0.90225,0.77,2,452992,452506,486
29078241,22.1057,27.5453,480,49701,0.89245,0.75,2,453013,452533,480
29081161,31.6211,23.9091,491,49743,0.85849,0.71,2,453047,452556,491
29084081,35.9242,33.5818,492,49785,0.867698,0.81,2,453084,452592,492
29087001,32.7848,31.5164,493,49827,0.90154,0.81,2,453116,452623,493
29089921,24.157,31.9033,483,49869,0.940308,0.83,2,453138,452655,483
29092841,17.6314,22.3807,479,49911,0.916062,0.85,2,453154,452675,479
29358561,72,58,505,24990,0.83,0.83,2,455843,455338,505
29361481,40.8,54.8,484,25075,0.846,0.83,2,455876,455392,484
29364401,66.56,56.56,500,25160,0.8812,0.75,2,455949,455449,500
29367321,45.312,62.512,476,25244,0.88824,0.71,2,455989,455513,476
29568801,38,54,483,30497,0.61,1,1,459696,459213,483
29571721,50,36.4,504,30566,0.402,1,1,459749,459245,504
29574641,42,60.08,478,30635,0.4244,1,1,459789,459311,478
29577561,50,37.616,498,30704,0.42888,1,1,459841,459343,498
29580481,61.2,74.7232,478,30773,0.333776,1,1,459905,459427,478
29583401,37.84,42.9446,475,30842,0.298755,0.92,1,459937,459462,475
29586321,26.768,30.9889,471,30911,0.323751,0.95,1,459961,459490,471
29589241,49.3536,53.3978,467,30979,0.28075,0.87,1,460016,459549,467
29592161,33.0707,38.6796,461,31047,0.27215,0.71,1,460045,459584,461
29595081,58.6141,66.9359,452,31115,0.20643,0.61,1,460110,459658,452
29598001,37.3228,43.7872,446,31183,0.241286,0.35,1,460142,459696,446
29600921,47.4646,51.1574,443,31251,0.184257,0.43,1,460192,459749,443
29603841,42.2929,42.2315,444,31319,0.172851,0.43,1,460233,459789,444
29606761,46.8586,8.4463,492,31387,0.25057,0.43,1,460281,459789,492
29609681,58.1717,43.2893,501,31454,0.234114,0.31,1,460342,459841,501
29612601,37.2343,59.8579,469,31521,0.262823,0.29,1,460374,459905,469
29615521,25.0469,37.5716,459,31588,0.284565,0.33,1,460396,459937,459
29618441,48.2094,26.7143,489,31655,0.304913,0.27,1,460450,459961,489
29621361,32.8419,49.3429,463,31722,0.308983,0.27,1,460479,460016,463
29624281,56.9684,33.0686,497,31789,0.325797,0.19,1,460542,460045,497
29627201,36.1937,58.6137,463,31856,0.329159,0.25,1,460573,460110,463
29630121,47.2387,37.3227,481,31922,0.345832,0.17,1,460623,460142,481
29633041,41.4477,47.4645,471,31988,0.349166,0.17,1,460663,460192,471
29635961,49.8896,42.2929,482,32054,0.333833,0.27,1,460715,460233,482
29638881,57.9779,46.8586,494,32120,0.362767,0.23,1,460775,460281,494
29641801,37.9956,58.1717,466,32186,0.352553,0.27,1,460808,460342,466
29644721,26.7991,37.2343,458,32252,0.366511,0.29,1,460832,460374,458
29647641,48.5598,25.0469,490,32318,0.353302,0.31,1,460886,460396,490
29650561,32.912,48.2094,465,32383,0.33466,0.31,1,460915,460450,465
29653481,58.5824,32.8419,501,32448,0.314932,0.33,1,460980,460479,501
29656401,35.7165,56.9684,468,32513,0.310986,0.33,1,461010,460542,468
29659321,47.9433,36.1937,488,32578,0.326197,0.35,1,461061,460573,488
29662241,43.1887,47.2387,480,32643,0.329239,0.35,1,461103,460623,480
29665161,48.6377,41.4477,490,32708,0.377848,0.33,1,461153,460663,490
29668081,11.3275,49.8896,440,32773,0.38757,0.37,1,461155,460715,440
29671001,50.2655,57.9779,440,32838,0.453514,0.35,1,461215,460775,440
29673921,36.4531,37.9956,440,32902,0.466703,0.37,1,461248,460808,440
29676841,24.8906,26.7991,438,32966,0.517341,0.35,1,461270,460832,438
29679761,48.9781,48.5598,439,33030,0.591468,0.33,1,461325,460886,439
29682681,32.1956,32.912,438,33094,0.590294,0.31,1,461353,460915,438
29685601,57.6391,58.5824,437,33158,0.654059,0.31,1,461417,460980,437
29688521,36.3278,35.7165,438,33222,0.650812,0.33,1,461448,461010,438
29691441,48.0656,47.9433,438,33286,0.666162,0.33,1,461499,461061,438
29694361,43.2131,43.1887,438,33350,0.653233,0.39,1,461541,461103,438
29697281,51.8426,48.6377,442,33413,0.650647,0.39,1,461595,461153,442
29700201,11.9685,11.3275,442,33476,0.650129,0.47,1,461597,461155,442
29703121,51.1937,50.2655,443,33539,0.714026,0.47,1,461658,461215,443
29706041,38.2387,36.4531,445,33602,0.790805,0.53,2,461693,461248,445
29708961,26.0477,24.8906,446,33665,0.790161,0.61,2,461716,461270,446
29711881,53.2095,48.9781,451,33728,0.838032,0.59,2,461776,461325,451
29714801,33.0419,32.1956,451,33791,0.847606,0.67,2,461804,461353,451
29717721,59.4084,57.6391,453,33854,0.929521,0.65,2,461870,461417,453
29720641,35.8817,36.3278,452,33916,0.913904,0.67,2,461900,461448,452
29892921,38,34,526,37416,0.53,1,1,464327,463801,526
29895841,59.6,51.6,535,37472,0.418,1,1,464392,463857,535
29898761,41.52,58.32,512,37528,0.4436,1,1,464429,463917,512
29901681,39.504,43.664,511,37584,0.48072,1,1,464468,463957,511
29904601,36.7008,33.5328,516,37640,0.472144,0.96,1,464504,463988,516
29907521,33.7402,36.3066,512,37696,0.438429,1,1,464537,464025,512
29910441,37.948,39.2613,511,37752,0.431686,0.94,1,464576,464065,511
29913361,29.1896,37.4523,501,37808,0.414337,0.9,1,464603,464102,501
29916281,25.8379,30.6905,497,37864,0.362867,1,1,464628,464131,497
29919201,24.3676,30.9381,490,37920,0.336573,0.87,1,464652,464162,490
29922121,55.2735,31.7876,521,37976,0.299315,0.75,1,464715,464194,521
29925041,32.6547,55.9575,486,38032,0.227863,0.63,1,464742,464256,486
29927961,33.7309,37.5915,487,38088,0.197573,0.53,1,464776,464289,487
29930881,53.9462,37.9183,508,38143,0.175515,0.39,1,464835,464327,508
29933801,42.7892,59.5837,483,38198,0.155103,0.45,1,464875,464392,483
29936721,38.1578,41.5167,483,38253,0.119021,0.49,1,464912,464429,483
29939641,35.6316,39.5033,479,38308,0.111804,0.47,1,464947,464468,479
29942561,33.5263,36.7007,476,38363,0.110361,0.43,1,464980,464504,476
29945481,37.1053,33.7401,481,38418,0.110072,0.43,1,465018,464537,481
29948401,26.6211,37.948,466,38473,0.0780144,0.41,1,465042,464576,466
29951321,26.1242,29.1896,465,38528,0.0716029,0.35,1,465068,464603,465
29954241,22.0248,25.8379,461,38583,0.102321,0.33,1,465089,464628,461
29957161,6.00497,24.3676,439,38638,0.156464,0.29,1,465091,464652,439
29960081,47.601,55.2735,434,38693,0.183293,0.21,1,465149,464715,434
29963001,29.5202,32.6547,432,38748,0.172659,0.19,1,465174,464742,432
29965921,33.104,33.7309,432,38803,0.186532,0.17,1,465208,464776,432
29968841,49.8208,53.9462,427,38857,0.221306,0.15,1,465262,464835,427
29971761,43.5642,42.7892,429,38911,0.292261,0.11,1,465304,464875,429
29974681,36.7128,38.1578,427,38965,0.290452,0.11,1,465339,464912,427
29977601,34.5426,35.6316,426,39019,0.32209,0.11,1,465373,464947,426
29980521,34.1085,33.5263,427,39073,0.344418,0.11,1,465407,464980,427
29983441,37.2217,37.1053,427,39127,0.364884,0.07,1,465445,465018,427
29986361,25.0443,26.6211,425,39181,0.336977,0.07,1,465467,465042,425
29989281,26.6089,26.1242,426,39235,0.363395,0.11,1,465494,465068,426
29992201,23.7218,22.0248,428,39289,0.368679,0.17,1,465517,465089,428
29995121,6.34435,6.00497,428,39343,0.369736,0.19,1,465519,465091,428
29998041,48.4689,47.601,429,39397,0.433947,0.17,1,465578,465149,429
30000961,28.8938,29.5202,428,39451,0.462789,0.19,1,465602,465174,428
30003881,35.3788,33.104,431,39505,0.484558,0.23,1,465639,465208,431
30006801,51.8757,49.8208,433,39558,0.520912,0.31,1,465695,465262,433
30009721,46.3751,43.5642,436,39611,0.544182,0.29,1,465740,465304,436
30012641,37.275,36.7128,436,39664,0.564836,0.33,1,465775,465339,436
30015561,34.655,34.5426,436,39717,0.584967,0.35,1,465809,465373,436
30018481,34.931,34.1085,437,39770,0.636993,0.37,1,465844,465407,437
30021401,38.1862,37.2217,438,39823,0.647399,0.33,1,465883,465445,438
30024321,25.2372,25.0443,438,39876,0.68148,0.37,1,465905,465467,438
30027241,26.6474,26.6089,438,39929,0.704296,0.37,1,465932,465494,438
30030161,25.3295,23.7218,440,39982,0.676859,0.37,1,465957,465517,440
30033081,6.6659,6.34435,440,40035,0.671372,0.45,1,465959,465519,440
30036001,50.1332,48.4689,442,40088,0.686274,0.45,1,466020,465578,442
30038921,29.2266,9.69377,466,40141,0.705255,0.47,1,466044,465578,466
30041841,36.2453,21.1388,480,40194,0.725051,0.49,1,466082,465602,480
30044761,55.2491,33.8278,503,40247,0.71301,0.53,1,466142,465639,503
30047681,47.8498,51.5655,493,40299,0.758602,0.55,2,466188,465695,493
30050601,38.37,46.3131,484,40351,0.78372,0.57,2,466224,465740,484
30053521,35.674,37.2626,484,40403,0.772744,0.59,2,466259,465775,484
30056441,35.9348,34.6525,486,40455,0.786549,0.65,2,466295,465809,486
30059361,39.987,34.9305,492,40507,0.82131,0.65,2,466336,465844,492
30062281,25.5974,38.1861,475,40559,0.828262,0.69,2,466358,465883,475
30065201,27.5195,25.2372,481,40611,0.861652,0.71,2,466386,465905,481
30068121,25.5039,26.6474,479,40663,0.90033,0.67,2,466411,465932,479
30071041,6.70078,25.3295,456,40715,0.908066,0.67,2,466413,465957,456
30073961,50.9402,6.6659,516,40767,0.909613,0.69,2,466475,465959,516
30076881,30.188,50.1332,480,40819,0.925923,0.71,2,466500,466020,480
30079801,37.2376,29.2266,495,40871,0.913185,0.73,2,466539,466044,495
30082721,55.4475,36.2453,517,40923,0.894637,0.71,2,466599,466082,517
30085641,49.4895,55.2491,505,40975,0.858927,0.77,2,466647,466142,505
30088561,39.4979,47.8498,496,41027,0.851785,0.79,2,466684,466188,496
30091481,35.0996,38.37,494,41078,0.866357,0.77,2,466718,466224,494
30094401,36.6199,35.674,496,41129,0.885271,0.79,2,466755,466259,496
30097321,41.724,35.9348,503,41180,0.873054,0.83,2,466798,466295,503
30100241,25.9448,39.987,484,41231,0.886611,0.83,2,466820,466336,484
30103161,29.189,25.5974,492,41282,0.873322,0.87,2,466850,466358,492
30106081,27.4378,27.5195,491,41333,0.854664,0.91,2,466877,466386,491
30109001,7.08756,25.5039,468,41384,0.850933,0.91,2,466879,466411,468
30111921,51.0175,6.70078,528,41435,0.866186,0.91,2,466941,466413,528
30114841,31.0035,50.9402,492,41486,0.869237,0.93,2,466967,466475,492
30117761,36.6007,30.188,505,41537,0.869847,0.91,2,467005,466500,505
30120681,8.92014,37.2376,468,41588,0.869969,0.89,2,467007,466539,468
30123601,48.184,55.4475,466,41639,0.917994,0.85,2,467065,466599,466
30126521,46.4368,49.4895,464,41690,0.943599,0.85,2,467111,466647,464
30263761,44,34,512,44005,0.91,1,2,468718,468206,512
30266681,36,30.8,516,44053,0.798,1,2,468752,468236,516
30269601,31.2,34.96,510,44101,0.7596,1,2,468782,468272,510
30272521,35.04,29.392,518,44149,0.73592,1,1,468818,468300,518
30275441,33.408,33.8784,516,44197,0.763184,1,2,468851,468335,516
30278361,33.0816,36.3757,512,44245,0.688637,1,1,468884,468372,512
30281281,33.0163,30.4751,516,44293,0.673727,1,1,468917,468401,516
30284201,20.2033,33.295,499,44341,0.510746,1,1,468934,468435,499
30287121,28.8407,28.259,503,44389,0.494149,1,1,468965,468462,503
30290041,32.1681,19.2518,519,44437,0.42683,1,1,468998,468479,519
30292961,15.2336,37.4504,488,44484,0.365366,0.99,1,469009,468521,488
30295881,25.4467,35.4901,481,44531,0.369073,1,1,469037,468556,481
30298801,35.4893,42.298,475,44578,0.449815,0.92,1,469075,468600,475
30301721,34.2979,38.8596,471,44625,0.353963,0.89,1,469109,468638,471
30304641,34.8596,36.5719,470,44672,0.382793,0.91,1,469144,468674,470
30307561,38.1719,42.5144,465,44719,0.340558,0.77,1,469183,468718,465
30310481,34.0344,35.7029,464,44766,0.332112,0.75,1,469216,468752,464
30313401,27.6069,31.1406,460,44813,0.362422,0.73,1,469242,468782,460
30316321,34.3214,35.0281,460,44860,0.400484,0.77,1,469278,468818,460
30319241,30.8643,33.4056,457,44907,0.424097,0.67,1,469308,468851,457
30322161,27.7729,33.0811,451,44954,0.444819,0.67,1,469335,468884,451
30325081,27.9546,33.0162,446,45001,0.432964,0.47,1,469363,468917,446
30328001,23.9909,20.2032,452,45048,0.462593,0.49,1,469386,468934,452
30330921,27.9982,28.8406,450,45095,0.500519,0.41,1,469415,468965,450
30333841,22.3996,32.1681,438,45142,0.508104,0.35,1,469436,468998,438
30336761,12.4799,15.2336,437,45189,0.477621,0.37,1,469446,469009,437
30339681,25.696,25.4467,438,45236,0.503524,0.47,1,469475,469037,438
30342601,37.9392,35.4893,441,45283,0.572705,0.33,1,469516,469075,441
30345521,32.3878,34.2979,438,45330,0.570541,0.39,1,469547,469109,438
30348441,33.6776,34.8596,437,45377,0.570108,0.33,1,469581,469144,437
30351361,39.5355,38.1719,439,45423,0.634022,0.33,1,469622,469183,439
30354281,33.5071,34.0344,438,45469,0.662804,0.37,1,469654,469216,438
30357201,29.1014,27.6069,440,45515,0.700561,0.41,1,469682,469242,440
30360121,37.0203,34.3214,443,45561,0.692112,0.43,1,469721,469278,443
30363041,31.4041,30.8643,443,45607,0.738422,0.45,1,469751,469308,443
30365961,27.0808,27.7729,442,45653,0.715684,0.43,1,469777,469335,442
30368881,28.6162,27.9546,443,45699,0.727137,0.47,1,469806,469363,443
30371801,24.1232,23.9909,443,45745,0.761427,0.51,2,469829,469386,443
30374721,30.4246,27.9982,446,45791,0.816285,0.51,2,469861,469415,446
30377641,22.0849,22.3996,445,45837,0.827257,0.47,2,469881,469436,445
30380561,12.417,12.4799,445,45883,0.829451,0.51,2,469891,469446,445
30383481,27.2834,25.696,447,45929,0.84589,0.51,2,469922,469475,447
30386401,39.0567,5.1392,489,45975,0.849178,0.59,2,469964,469475,489
30389321,31.8113,33.8278,478,46021,0.865836,0.57,2,469994,469516,478
30392241,35.1623,31.5656,483,46067,0.885167,0.57,2,470030,469547,483
30395161,41.4325,33.5131,492,46113,0.905033,0.65,2,470073,469581,492
30398081,36.2865,39.5026,486,46159,0.893007,0.67,2,470108,469622,486
30401001,29.6573,33.5005,482,46205,0.906601,0.71,2,470136,469654,482
30403921,37.9315,29.1001,494,46251,0.94132,0.69,2,470176,469682,494
30406841,32.3863,37.02,486,46297,0.932264,0.75,2,470207,469721,486
30409761,27.2773,31.404,482,46343,0.930453,0.71,2,470233,469751,482
30617081,27,30,507,49467,0.92,1,2,472356,471849,507
30620001,31.8,34.8,504,49510,0.768,1,2,472389,471885,504
30622921,36.76,23.76,521,49553,0.7056,1,1,472427,471906,521
30625841,32.952,32.752,518,49596,0.62912,1,1,472459,471941,518
30628761,35.3904,31.3504,523,49638,0.533824,1,1,472495,471972,523
30631681,28.6781,31.8701,518,49680,0.466765,1,1,472522,472004,518
30634601,32.9356,35.174,516,49722,0.325353,1,1,472556,472040,516
30637521,27.3871,32.6348,510,49764,0.249071,1,1,472582,472072,510
30640441,31.8774,40.927,500,49806,0.137814,1,1,472615,472115,500
30643361,38.3755,34.5854,507,49848,0.0515628,1,1,472655,472148,507
30646281,27.6751,30.1171,503,49890,0.0503126,0.95,1,472680,472177,503
30649201,25.535,25.2234,504,49932,0.114063,1,1,472705,472201,504
30652121,33.107,29.8447,508,49974,0.0628125,1,1,472740,472232,508
30655041,29.8214,34.7689,501,50016,0.0525625,1,1,472769,472268,501
30657961,12.3643,29.3538,481,50058,0.0825125,0.86,1,472777,472296,481
30660881,18.4729,14.6708,490,50100,0.0885025,0.89,1,472797,472307,490
30663801,22.8946,20.5342,492,50142,0.0417005,0.92,1,472821,472329,492
30666721,25.3789,25.7068,491,50184,0.0643401,0.73,1,472847,472356,491
30669641,25.8758,31.5414,484,50226,0.052868,0.69,1,472873,472389,484
30672561,29.1752,36.7083,476,50268,0.0505736,0.61,1,472903,472427,476
30675481,30.635,32.9417,475,50310,0.0661147,0.51,1,472934,472459,475
30678401,7.72701,35.3883,441,50352,0.0692229,0.45,1,472936,472495,441
30681321,22.3454,28.6777,440,50394,0.0378446,0.29,1,472962,472522,440
30684241,28.4691,32.9355,436,50436,0.0475689,0.23,1,472992,472556,436
30687161,20.0938,27.3871,428,50478,0.0815138,0.11,1,473010,472582,428
30690081,27.2188,31.8774,424,50520,0.152303,0.03,1,473039,472615,424
30693001,35.8438,38.3755,422,50562,0.118461,0.05,1,473077,472655,422
30695921,27.1687,27.6751,422,50604,0.143692,0.13,1,473102,472680,422
30698841,28.6338,25.535,426,50646,0.0687384,0.05,1,473131,472705,426
30701761,33.7267,33.107,426,50688,0.0697477,0.05,1,473166,472740,426
30704681,29.9454,29.8214,426,50730,0.0539495,0.09,1,473195,472769,426
30707601,12.3891,12.3643,426,50772,0.0667899,0.09,1,473203,472777,426
30710521,17.6778,18.4729,425,50813,0.069358,0.03,1,473222,472797,425
30713441,21.1356,22.8946,423,50854,0.0698716,0.07,1,473244,472821,423
30716361,27.4271,25.3789,426,50895,0.0859743,0.05,1,473273,472847,426
30719281,23.0854,25.8758,422,50936,0.0891949,0.05,1,473295,472873,422
30722201,30.2171,29.1752,424,50977,0.057839,0.07,1,473327,472903,424
30725121,30.0434,30.635,423,51018,0.0675678,0.07,1,473357,472934,423
30728041,7.60868,7.72701,423,51059,0.0375136,0.03,1,473359,472936,423
30730961,23.1217,22.3454,424,51100,0.0795027,0.05,1,473386,472962,424
30733881,28.6243,28.4691,424,51141,0.103901,0.09,1,473416,472992,424
30736801,20.1249,20.0938,424,51182,0.15678,0.17,1,473434,473010,424
30739721,30.425,27.2188,428,51223,0.167356,0.11,1,473467,473039,428
30742641,36.485,35.8438,428,51264,0.169471,0.15,1,473505,473077,428
30745561,22.497,27.1687,422,51305,0.185894,0.05,1,473524,473102,422
30748481,27.6994,28.6338,422,51346,0.221179,0.07,1,473553,473131,422
30751401,33.5399,33.7267,422,51387,0.212236,0.05,1,473588,473166,422
30754321,30.708,29.9454,423,51428,0.210447,0.07,1,473618,473195,423
30757241,12.5416,12.3891,423,51469,0.178089,0.07,1,473626,473203,423
30760161,19.3083,17.6778,425,51510,0.219618,0.07,1,473647,473222,425
30763081,21.4617,21.1356,425,51551,0.243924,0.09,1,473669,473244,425
30766001,26.6923,27.4271,424,51592,0.232785,0.09,1,473697,473273,424
30768921,22.9385,23.0854,424,51633,0.246557,0.05,1,473719,473295,424
30771841,28.5877,30.2171,422,51674,0.265311,0.07,1,473749,473327,422
30774761,30.5175,30.0434,423,51715,0.285062,0.03,1,473780,473357,423
30777681,7.70351,7.60868,423,51756,0.321012,0.03,1,473782,473359,423
30780601,24.7407,1.52174,452,51797,0.344202,0.09,1,473811,473359,452
30783521,30.5481,21.9043,457,51838,0.364841,0.11,1,473843,473386,457
30786441,20.5096,28.3809,445,51879,0.368968,0.17,1,473861,473416,445
30789361,30.5019,20.0762,460,51920,0.353794,0.17,1,473894,473434,460
30792281,38.1004,30.4152,467,51961,0.366759,0.17,1,473934,473467,467
30795201,22.0201,36.483,447,52002,0.385352,0.19,1,473952,473505,447
30798121,29.204,22.4966,459,52042,0.38907,0.23,1,473983,473524,459
30801041,33.0408,27.6993,464,52082,0.421814,0.21,1,474017,473553,464
30803961,30.6082,33.5399,459,52122,0.428363,0.21,1,474047,473588,459
30806881,12.5216,30.708,437,52162,0.445673,0.17,1,474055,473618,437
30809801,20.9043,12.5416,452,52202,0.465135,0.23,1,474078,473626,452
30812721,21.7809,19.3083,453,52242,0.437027,0.25,1,474100,473647,453
30815641,28.3562,21.4617,461,52282,0.447405,0.23,1,474130,473669,461
30818561,23.2712,26.6923,455,52322,0.497481,0.25,1,474152,473697,455
30821481,29.4542,22.9385,464,52362,0.523496,0.27,1,474183,473719,464
30824401,31.4908,28.5877,466,52402,0.528699,0.29,1,474215,473749,466
30827321,7.89817,30.5175,437,52442,0.52974,0.33,1,474217,473780,437
30830241,27.9796,7.70351,468,52482,0.545948,0.35,1,474250,473782,468
30833161,31.1959,24.7407,471,52522,0.54919,0.37,1,474282,473811,471
30836081,20.6392,30.5481,457,52562,0.565838,0.37,1,474300,473843,457
30839001,29.7278,20.5096,471,52602,0.585168,0.35,1,474332,473861,471
30841921,39.5456,30.5019,480,52642,0.589033,0.37,1,474374,473894,480
30844841,22.3091,38.1004,458,52682,0.589807,0.39,1,474392,473934,458
30847761,29.2618,22.0201,471,52722,0.589961,0.39,1,474423,473952,471
30850681,34.6524,29.204,476,52762,0.557992,0.43,1,474459,473983,476
30853601,31.7305,33.0408,473,52802,0.599598,0.43,1,474490,474017,473
30856521,12.7461,30.6082,451,52842,0.60792,0.45,1,474498,474047,451
30859441,20.1492,12.5216,465,52882,0.609584,0.47,1,474520,474055,465
30862361,22.4298,20.9043,465,52922,0.593917,0.43,1,474543,474078,465
30865281,30.086,21.7809,475,52962,0.590783,0.45,1,474575,474100,475
30868201,24.4172,28.3562,468,53002,0.574157,0.51,1,474598,474130,468
30871121,30.4834,23.2712,478,53042,0.586831,0.53,1,474630,474152,478
30874041,31.6967,29.4542,479,53082,0.637366,0.53,1,474662,474183,479
30876961,7.93934,31.4908,449,53122,0.647473,0.53,1,474664,474215,449
30879881,27.1879,7.89817,479,53162,0.665495,0.55,1,474696,474217,479
30882801,32.6376,27.9796,480,53202,0.637099,0.55,1,474730,474250,480
30885721,8.12751,31.1959,450,53242,0.63142,0.57,1,474732,474282,450
30888641,16.0255,20.6392,450,53282,0.662284,0.59,1,474750,474300,450
30891561,29.6051,29.7278,451,53322,0.668457,0.59,1,474783,474332,451
30894481,39.521,39.5456,451,53361,0.637691,0.59,1,474825,474374,451
30897401,22.3042,22.3091,451,53400,0.663538,0.59,1,474843,474392,451
30900321,29.2608,29.2618,451,53439,0.684708,0.55,1,474874,474423,451
30903241,33.0522,34.6524,449,53478,0.704942,0.61,1,474908,474459,449
30906161,33.8104,31.7305,452,53517,0.756988,0.61,2,474942,474490,452
30909081,13.1621,12.7461,452,53556,0.767398,0.61,2,474950,474498,452
30912001,20.2324,20.1492,452,53595,0.75348,0.59,2,474972,474520,452
30914921,21.6465,22.4298,451,53634,0.750696,0.59,2,474994,474543,451
30917841,29.9293,30.086,451,53673,0.766139,0.57,2,475026,474575,451
30920761,23.5859,24.4172,450,53712,0.817228,0.59,2,475048,474598,450
30923681,32.7172,30.4834,453,53751,0.811446,0.65,2,475083,474630,453
30926601,32.9434,31.6967,454,53790,0.826289,0.65,2,475116,474662,454
30929521,8.18869,7.93934,454,53829,0.797258,0.67,2,475118,474664,454
30932441,28.0377,27.1879,455,53868,0.775452,0.63,2,475151,474696,455
30935361,31.2075,32.6376,453,53907,0.77109,0.63,2,475183,474730,453
30938281,7.84151,8.12751,453,53946,0.802218,0.67,2,475185,474732,453
30941201,15.9683,16.0255,453,53985,0.808444,0.67,2,475203,474750,453
30944121,29.5937,29.6051,453,54024,0.873689,0.63,2,475236,474783,453
30947041,39.5187,39.521,453,54063,0.902738,0.67,2,475278,474825,453
30949961,22.3037,22.3042,453,54102,0.876548,0.69,2,475296,474843,453
30952881,30.8607,29.2608,455,54141,0.90331,0.71,2,475329,474874,455
30955801,34.1721,33.0522,456,54180,0.892662,0.77,2,475364,474908,456
30958721,35.6344,33.8104,458,54219,0.938532,0.77,2,475400,474942,458
30961641,13.5269,13.1621,458,54258,0.915706,0.75,2,475408,474950,458
31249261,57,64,454,27088,0.03,0.53,1,478263,477809,454
31252181,29,27.2,458,27166,0.014,0.41,1,478285,477827,458
31255101,29.8,34.24,452,27244,0.0268,0.25,1,478315,477863,452
31258021,25.16,34.848,441,27322,0.04536,0.13,1,478339,477898,441
31260941,37.832,33.3696,449,27400,0.033072,0.05,1,478380,477931,449
31263861,68.3664,46.6739,475,27477,0.0066144,0.01,1,478456,477981,475
31266781,49.6733,73.3348,440,27554,0.0253229,0.03,1,478501,478061,440
31269701,73.9347,76.267,443,27631,0.0130646,0.03,1,478581,478138,443
31272621,51.5869,44.0534,453,27708,0.0906129,0.03,1,478627,478174,453
31275541,57.5174,80.0107,423,27784,0.106123,0.01,1,478686,478263,423
31278461,29.9035,33.6021,424,27860,0.0452245,0.03,1,478709,478285,424
31281381,29.1807,30.7204,423,27936,0.0650449,0.05,1,478738,478315,423
31284301,25.0361,25.3441,423,28012,0.053009,0.03,1,478762,478339,423
31287221,37.8072,37.8688,423,28088,0.0826018,0,1,478803,478380,423
31290141,68.3614,68.3738,423,28163,0.0245204,0.03,1,478879,478456,423
31293061,48.8723,49.6748,422,28238,0.0289041,0.01,1,478923,478501,422
31295981,76.1745,73.9349,425,28313,0.0297808,0.11,1,479006,478581,425
31298901,53.6349,51.587,427,28388,0.0139562,0.11,1,479054,478627,427
31301821,53.927,10.3174,481,28463,0.0587912,0.11,1,479108,478627,481
31304741,28.3854,49.2635,444,28537,0.0997582,0.03,1,479130,478686,444
31307661,29.6771,28.2527,451,28611,0.0759517,0.07,1,479160,478709,451
31310581,24.3354,28.8505,445,28685,0.11919,0.05,1,479183,478738,445
31313501,40.8671,24.9701,466,28759,0.0958381,0.09,1,479228,478762,466
31316421,65.7734,37.794,497,28833,0.0271676,0.01,1,479300,478803,497
31319341,48.3547,68.3588,465,28906,0.0454335,0.03,1,479344,478879,465
31322261,76.0709,48.8718,504,28979,0.0490867,0.03,1,479427,478923,504
31325181,53.6142,76.1744,469,29052,0.0338173,0.01,1,479475,479006,469
31328101,57.9228,53.6349,480,29125,0.0467635,0.07,1,479534,479054,480
31331021,27.5846,53.927,446,29198,0.0813527,0.11,1,479554,479108,446
31333941,31.1169,28.3854,456,29271,0.152271,0.07,1,479586,479130,456
31336861,25.4234,29.6771,450,29343,0.198454,0.13,1,479610,479160,450
31339781,39.4847,24.3354,470,29415,0.207691,0.09,1,479653,479183,470
31342701,62.2969,40.8671,493,29487,0.0815382,0.01,1,479721,479228,493
31345621,47.6594,65.7734,465,29559,0.0243076,0.05,1,479765,479300,465
31348541,76.7319,48.3547,505,29631,0.0128615,0.05,1,479849,479344,505
31351461,52.9464,76.0709,469,29702,0.0265723,0.03,1,479896,479427,469
31354381,60.9893,53.6142,484,29773,0.0613145,0.05,1,479959,479475,484
31357301,30.5979,57.9228,448,29844,0.100263,0.09,1,479982,479534,448
31360221,7.71957,27.5846,430,29915,0.108053,0.17,1,479984,479554,430
31363141,28.7439,31.1169,432,29986,0.157611,0.21,1,480018,479586,432
31366061,24.9488,25.4234,432,30057,0.167522,0.21,1,480042,479610,432
31368981,39.3898,39.4847,432,30127,0.169504,0.05,1,480085,479653,432
31371901,54.278,62.2969,422,30197,0.265901,0.01,1,480143,479721,422
31374821,46.8556,47.6594,423,30267,0.22118,0.01,1,480188,479765,423
31377741,75.7711,76.7319,422,30337,0.148236,0.03,1,480271,479849,422
31380661,52.7542,52.9464,422,30407,0.117647,0.07,1,480318,479896,422
31383581,64.1508,60.9893,426,30477,0.0795294,0.11,1,480385,479959,426
31386501,33.6302,30.5979,429,30546,0.0399059,0.11,1,480411,479982,429
31389421,8.32603,7.71957,429,30615,0.0479812,0.17,1,480413,479984,429
31392341,29.6652,28.7439,430,30684,0.0815962,0.17,1,480448,480018,430
31395261,25.933,24.9488,431,30753,0.104319,0.17,1,480473,480042,431
31398181,39.5866,39.3898,431,30822,0.124864,0.29,1,480516,480085,431
31401101,57.5173,54.278,435,30891,0.176973,0.21,1,480578,480143,435
31404021,43.5035,46.8556,430,30960,0.155395,0.13,1,480618,480188,430
31406941,73.5007,75.7711,428,31028,0.215079,0.11,1,480699,480271,428
31409861,49.9001,52.7542,425,31096,0.195016,0.07,1,480743,480318,425
31412781,61.98,64.1508,423,31164,0.271003,0.03,1,480808,480385,423
31415701,35.596,33.6302,426,31232,0.238201,0.05,1,480837,480411,426
31418621,8.7192,8.32603,426,31300,0.23164,0.05,1,480839,480413,426
31421541,28.9438,1.66521,460,31368,0.198328,0.09,1,480873,480413,460
31424461,26.5888,28.333,451,31435,0.191666,0.11,1,480899,480448,451
31427381,38.9178,25.6666,468,31502,0.222333,0.13,1,480941,480473,468
31430301,59.7836,39.5333,490,31569,0.260467,0.19,1,481006,480516,490
31433221,44.7567,57.5067,469,31636,0.284093,0.15,1,481047,480578,469
31436141,74.5513,43.5013,511,31703,0.320819,0.23,1,481129,480618,511
31439061,50.1103,73.5003,474,31770,0.328164,0.19,1,481173,480699,474
31441981,64.4221,49.9001,498,31837,0.313633,0.29,1,481241,480743,498
31444901,33.6844,61.98,459,31903,0.310727,0.23,1,481267,480808,459
31447821,8.33688,35.596,432,31969,0.310145,0.23,1,481269,480837,432
31450741,28.8674,8.7192,464,32035,0.310029,0.19,1,481303,480839,464
31453661,27.3735,28.9438,457,32101,0.294006,0.19,1,481330,480873,457
31456581,39.8747,26.5888,474,32167,0.354801,0.23,1,481373,480899,474
31459501,62.3749,38.9178,500,32233,0.41496,0.27,1,481441,480941,500
31462421,45.275,59.7836,476,32299,0.474992,0.29,1,481482,481006,476
31465341,76.255,44.7567,519,32364,0.470998,0.33,1,481566,481047,519
31468261,50.451,74.5513,481,32429,0.4702,0.33,1,481610,481129,481
31471181,63.6902,50.1103,504,32494,0.47004,0.31,1,481677,481173,504
31474101,33.538,64.4221,462,32559,0.470008,0.31,1,481703,481241,462
31477021,8.30761,33.6844,438,32624,0.470002,0.31,1,481705,481267,438
31479941,28.8615,8.33688,470,32689,0.486,0.31,1,481739,481269,470
31482861,27.3723,28.8674,463,32754,0.5052,0.29,1,481766,481303,463
31485781,7.07446,27.3735,438,32819,0.50904,0.37,1,481768,481330,438
31488701,38.2149,39.8747,441,32883,0.557808,0.43,1,481814,481373,441
31491621,64.443,62.3749,444,32947,0.615562,0.49,1,481885,481441,444
31494541,47.2886,45.275,446,33011,0.675112,0.47,1,481928,481482,446
31497461,75.8577,76.255,445,33075,0.719022,0.47,1,482011,481566,445
31500381,51.1715,50.451,446,33139,0.743804,0.47,1,482056,481610,446
31503301,63.0343,63.6902,445,33203,0.780761,0.47,2,482122,481677,445
31506221,33.4069,33.538,445,33267,0.788152,0.47,2,482148,481703,445
31509141,8.28137,8.30761,445,33331,0.78963,0.49,2,482150,481705,445
31512061,29.6563,28.8615,446,33394,0.805926,0.51,2,482185,481739,446
31514981,28.3313,27.3723,447,33457,0.825185,0.51,2,482213,481766,447
31517901,7.26625,7.07446,447,33520,0.861037,0.57,2,482215,481768,447
31520821,40.6533,38.2149,450,33583,0.868207,0.63,2,482264,481814,450
31523741,65.7307,64.443,451,33646,0.885641,0.69,2,482336,481885,451
31526661,49.9461,47.2886,454,33709,0.889128,0.73,2,482382,481928,454
31529581,79.5892,75.8577,458,33772,0.937826,0.75,2,482469,482011,458
31707701,64,34,526,37398,0.75,1,2,485003,484477,526
31710621,40.8,42,517,37454,0.718,1,1,485038,484521,517
31713541,33.76,38,512,37510,0.6476,1,1,485070,484558,512
31716461,37.952,36.4,515,37566,0.52152,1,1,485109,484594,515
31719381,23.5904,31.28,505,37622,0.448304,1,1,485129,484624,505
31722301,29.5181,20.656,518,37678,0.385661,1,1,485160,484642,518
31725221,29.9036,22.5312,525,37734,0.261132,1,1,485190,484665,525
31728141,38.7807,36.5062,526,37790,0.220226,1,1,485231,484705,526
31731061,30.1561,49.7012,501,37846,0.116045,1,1,485259,484758,501
31733981,48.4312,37.9402,519,37902,0.0952091,0.99,1,485312,484793,519
31736901,49.6862,45.9881,521,37958,0.0750418,0.87,1,485362,484841,521
31739821,38.7372,57.1976,497,38014,0.0390084,0.79,1,485398,484901,497
31742741,55.7474,41.8395,519,38070,0.0478017,0.75,1,485458,484939,519
31745661,38.3495,59.5679,489,38125,0.0815603,0.71,1,485492,485003,489
31748581,31.6699,39.9136,484,38180,0.104312,0.63,1,485522,485038,484
31751501,31.134,33.5827,483,38235,0.0928624,0.49,1,485553,485070,483
31754421,20.6268,37.9165,462,38290,0.0905725,0.43,1,485571,485109,462
31757341,26.5254,23.5833,470,38345,0.0261145,0.37,1,485599,485129,470
31760261,25.3051,29.5167,464,38400,0.0932229,0.23,1,485624,485160,464
31763181,36.261,29.9033,473,38455,0.0746446,0.21,1,485663,485190,473
31766101,28.8522,38.7807,459,38510,0.0869289,0.09,1,485690,485231,459
31769021,40.9704,30.1561,475,38565,0.0733858,0.09,1,485734,485259,475
31771941,48.1941,48.4312,472,38620,0.0706772,0.07,1,485784,485312,472
31774861,11.2388,49.6862,424,38675,0.0701354,0.03,1,485786,485362,424
31777781,29.4478,38.7372,422,38730,0.134027,0.05,1,485820,485398,422
31780701,53.8896,55.7474,422,38785,0.114805,0.09,1,485880,485458,422
31783621,41.1779,38.3495,426,38839,0.0629611,0.11,1,485918,485492,426
31786541,33.0356,31.6699,427,38893,0.0845922,0.09,1,485949,485522,427
31789461,30.6071,31.134,426,38947,0.0889184,0.09,1,485979,485553,426
31792381,20.5214,20.6268,426,39001,0.0897837,0.01,1,485997,485571,426
31795301,24.1043,26.5254,423,39055,0.0899567,0.11,1,486022,485599,423
31798221,28.0209,25.3051,427,39109,0.105991,0.07,1,486051,485624,427
31801141,36.8042,36.261,427,39163,0.157198,0.09,1,486090,485663,427
31804061,28.1608,28.8522,426,39217,0.19944,0.07,1,486116,485690,426
31806981,40.0322,40.9704,425,39271,0.159888,0.07,1,486159,485734,425
31809901,49.6064,48.1941,427,39325,0.135978,0.07,1,486211,485784,427
31812821,11.5213,11.2388,427,39379,0.131196,0.15,1,486213,485786,427
31815741,26.3043,29.4478,423,39433,0.178239,0.11,1,486243,485820,423
31818661,55.6609,53.8896,426,39487,0.171648,0.05,1,486306,485880,426
31821581,38.3322,41.1779,422,39540,0.20233,0.09,1,486340,485918,422
31824501,34.0664,33.0356,424,39593,0.160466,0.09,1,486373,485949,424
31827421,30.8133,30.6071,424,39646,0.136093,0.09,1,486403,485979,424
31830341,20.5627,20.5214,424,39699,0.179219,0.09,1,486421,485997,424
31833261,25.7125,24.1043,426,39752,0.171844,0.11,1,486448,486022,426
31836181,29.1425,28.0209,427,39805,0.202369,0.17,1,486478,486051,427
31839101,39.4285,36.8042,430,39858,0.224474,0.21,1,486520,486090,430
31842021,28.6857,28.1608,430,39911,0.196895,0.15,1,486546,486116,430
31844941,39.3371,40.0322,429,39964,0.223379,0.13,1,486588,486159,429
31847861,48.6674,49.6064,428,40017,0.276676,0.13,1,486639,486211,428
31850781,11.3335,11.5213,428,40070,0.287335,0.13,1,486641,486213,428
31853701,27.8667,2.30426,460,40123,0.225467,0.19,1,486673,486213,460
31856621,55.1733,24.4609,492,40176,0.229093,0.17,1,486735,486243,492
31859541,38.2347,55.2922,463,40229,0.229819,0.21,1,486769,486306,463
31862461,31.6469,38.2584,459,40281,0.245964,0.15,1,486799,486340,459
31865381,31.9294,34.0517,458,40333,0.265193,0.13,1,486831,486373,458
31868301,20.7859,30.8103,446,40385,0.317039,0.19,1,486849,486403,446
31871221,26.5572,20.5621,456,40437,0.375408,0.17,1,486877,486421,456
31874141,29.3114,25.7124,459,40489,0.403082,0.21,1,486907,486448,459
31877061,40.2623,29.1425,472,40541,0.424616,0.23,1,486950,486478,472
31879981,28.8525,39.4285,456,40593,0.428923,0.19,1,486976,486520,456
31882901,39.3705,28.6857,472,40645,0.429785,0.23,1,487018,486546,472
31885821,51.0741,39.3371,484,40697,0.429957,0.29,1,487072,486588,484
31888741,11.8148,48.6674,435,40749,0.429991,0.29,1,487074,486639,435
31891661,26.363,11.3335,463,40801,0.429998,0.21,1,487104,486641,463
31894581,55.6726,27.8667,494,40853,0.478,0.23,1,487167,486673,494
31897501,38.3345,55.1733,466,40905,0.5036,0.23,1,487201,486735,466
31900421,32.4669,38.2347,463,40957,0.49272,0.25,1,487232,486769,463
31903341,35.2934,31.6469,469,41009,0.458544,0.27,1,487268,486799,469
31906261,22.2587,31.9294,456,41060,0.435709,0.33,1,487287,486831,456
31909181,28.4517,20.7859,468,41111,0.495142,0.39,1,487317,486849,468
31912101,31.2903,26.5572,472,41162,0.491028,0.41,1,487349,486877,472
31915021,40.6581,29.3114,485,41213,0.490206,0.43,1,487392,486907,485
31917941,28.9316,40.2623,468,41264,0.490041,0.43,1,487418,486950,468
31920861,40.1863,28.8525,485,41315,0.490008,0.43,1,487461,486976,485
31923781,50.4373,39.3705,496,41366,0.506002,0.43,1,487514,487018,496
31926701,11.6875,51.0741,444,41417,0.5092,0.43,1,487516,487072,444
31929621,26.3375,11.8148,472,41468,0.50984,0.43,1,487546,487074,472
31932541,58.0675,26.363,508,41519,0.573968,0.49,1,487612,487104,508
31935461,13.2135,55.6726,447,41570,0.586794,0.51,1,487614,487167,447
31938381,29.8427,38.3345,447,41621,0.637359,0.49,1,487648,487201,447
31941301,29.9685,32.4669,446,41672,0.647472,0.45,1,487678,487232,446
31944221,33.1937,35.2934,444,41723,0.633494,0.43,1,487712,487268,444
31947141,22.6387,22.2587,445,41774,0.630699,0.51,1,487732,487287,445
31950061,30.1277,28.4517,447,41825,0.67814,0.49,1,487764,487317,447
31952981,30.8256,31.2903,446,41875,0.671628,0.49,1,487795,487349,446
31955901,40.5651,40.6581,446,41925,0.718326,0.49,1,487838,487392,446
31958821,29.713,28.9316,447,41975,0.759665,0.49,2,487865,487418,447
31961741,41.1426,40.1863,448,42025,0.767933,0.51,2,487909,487461,448
31964661,49.8285,50.4373,447,42075,0.785587,0.51,2,487961,487514,447
31967581,11.5657,11.6875,447,42125,0.789117,0.51,2,487963,487516,447
31970501,26.3131,26.3375,447,42175,0.821823,0.59,2,487993,487546,447
31973421,61.2626,58.0675,451,42225,0.892365,0.59,2,488063,487612,451
31976341,13.8525,13.2135,451,42275,0.906473,0.65,2,488065,487614,451
31979261,30.7705,29.8427,452,42325,0.925295,0.65,2,488100,487648,452
31982181,30.1541,29.9685,452,42375,0.945059,0.63,2,488130,487678,452
31996781,45,43,458,42625,0.95,0.77,2,488296,487838,458
32160301,29,19,496,45313,0.91,1,2,490144,489648,496
32163221,33.8,23.8,506,45360,0.854,1,2,490179,489673,506
32166141,25.96,35.16,492,45406,0.9148,1,2,490203,489711,492
32169061,31.592,30.232,496,45452,0.89496,1,2,490236,489740,496
32171981,35.1184,48.4464,479,45498,0.794992,1,2,490272,489793,479
32174901,54.2237,48.0893,490,45544,0.790998,1,2,490331,489841,490
32177821,38.8447,31.2179,498,45590,0.7422,1,1,490366,489868,498
32180741,37.3689,25.4436,511,45636,0.70044,1,1,490403,489892,511
32183661,37.0738,53.0887,488,45682,0.756088,0.92,2,490440,489952,488
32186581,33.0148,37.8177,486,45728,0.783218,1,2,490472,489986,486
32189501,36.203,33.9635,490,45774,0.740644,1,1,490509,490019,490
32192421,31.2406,33.1927,487,45820,0.764129,1,2,490539,490052,487
32195341,18.2481,28.2385,475,45866,0.720826,0.92,1,490554,490079,475
32198261,22.8496,27.2477,472,45912,0.728165,0.92,1,490578,490106,472
32201181,11.7699,5.44954,481,45958,0.745633,0.91,1,490587,490106,481
32204101,23.154,8.28991,498,46004,0.717127,0.91,1,490613,490115,498
32207021,30.2308,24.858,501,46050,0.679425,0.84,1,490645,490144,501
32209941,24.4462,32.9716,489,46096,0.703885,0.93,1,490668,490179,489
32212861,28.8892,25.7943,495,46142,0.724777,0.89,1,490698,490203,495
32215781,32.1778,31.5589,495,46188,0.712955,0.77,1,490731,490236,495
32218701,53.6356,35.1118,518,46234,0.790591,0.79,2,490790,490272,518
32221621,36.3271,54.2224,491,46280,0.822118,0.73,2,490822,490331,491
32224541,36.0654,38.8445,492,46326,0.844424,0.69,2,490858,490366,492
32227461,37.6131,37.3689,493,46372,0.880885,0.77,2,490896,490403,493
32230381,34.7226,37.0738,490,46417,0.904177,0.79,2,490930,490440,490
32233301,34.1445,33.0148,492,46462,0.908835,0.73,2,490964,490472,492
32236221,32.4289,36.203,487,46507,0.909767,0.77,2,490996,490509,487
32239141,18.4858,31.2406,472,46552,0.925953,0.71,2,491011,490539,472
32242061,22.8972,18.2481,481,46597,0.897191,0.73,2,491035,490554,481
32244981,12.5794,22.8496,467,46642,0.891438,0.75,2,491045,490578,467
32247901,20.1159,11.7699,480,46687,0.890288,0.71,2,491067,490587,480
32250821,31.2232,23.154,488,46732,0.938058,0.67,2,491101,490613,488
32408501,43,31,514,49108,0.71,1,1,492753,492239,514
32411421,36.6,31.8,517,49151,0.63,1,1,492788,492271,517
32414341,47.32,51.16,511,49194,0.55,1,1,492838,492327,511
32417261,43.064,35.032,522,49237,0.598,1,1,492880,492358,522
32420181,32.6128,41.4064,509,49280,0.5276,1,1,492910,492401,509
32423101,27.3226,32.2813,505,49323,0.56152,1,1,492936,492431,505
32426021,27.8645,23.2563,512,49366,0.520304,1,1,492964,492452,512
32428941,25.5729,30.2513,505,49409,0.512061,0.96,1,492989,492484,505
32431861,20.3146,26.0502,499,49452,0.542412,1,1,493008,492509,499
32434781,9.66292,13.21,496,49495,0.532482,1,1,493015,492519,496
32437701,26.7326,21.842,503,49538,0.450496,1,1,493046,492543,503
32440621,22.1465,30.7684,491,49581,0.434099,1,1,493067,492576,491
32443541,22.0293,22.1537,493,49623,0.38282,0.82,1,493089,492596,493
32446461,10.8059,25.2307,475,49665,0.372564,0.95,1,493097,492622,475
32449381,26.9612,12.2461,497,49707,0.402513,0.81,1,493128,492631,497
32452301,37.3922,28.8492,504,49749,0.344503,0.79,1,493168,492664,504
32455221,38.6784,42.5698,497,49791,0.3329,0.71,1,493207,492710,497
32458141,31.7357,42.914,484,49833,0.33058,0.61,1,493237,492753,484
32461061,46.3471,36.5828,499,49875,0.266116,0.53,1,493287,492788,499
32463981,42.0694,47.3166,490,49917,0.221223,0.61,1,493328,492838,490
32466901,29.2139,43.0633,474,49959,0.244245,0.51,1,493354,492880,474
32469821,27.4428,32.6127,471,50001,0.248849,0.57,1,493381,492910,471
32472741,27.0886,27.3225,472,50043,0.34577,0.51,1,493408,492936,472
32475661,26.2177,27.8645,470,50085,0.349154,0.51,1,493434,492964,470
32478581,19.6435,25.5729,463,50127,0.381831,0.55,1,493452,492989,463
32481501,9.52871,20.3146,451,50169,0.404366,0.53,1,493459,493008,451
32484421,24.3057,9.66292,472,50211,0.376873,0.43,1,493487,493015,472
32487341,22.4611,26.7326,463,50253,0.419375,0.43,1,493509,493046,463
32490261,19.6922,22.1465,461,50295,0.411875,0.37,1,493528,493067,461
32493181,5.53845,22.0293,441,50337,0.410375,0.37,1,493530,493089,441
32496101,6.70769,10.8059,440,50379,0.426075,0.41,1,493537,493097,440
32499021,25.3415,26.9612,439,50421,0.429215,0.33,1,493567,493128,439
32501941,35.4683,37.3922,437,50463,0.429843,0.33,1,493605,493168,437
32504861,39.0937,38.6784,438,50505,0.461969,0.33,1,493645,493207,438
32507781,29.4187,31.7357,435,50547,0.452394,0.25,1,493672,493237,435
32510701,44.2837,46.3471,433,50589,0.466479,0.21,1,493720,493287,433
32513621,41.6567,42.0694,433,50631,0.485296,0.25,1,493761,493328,433
32516541,31.5313,29.2139,436,50673,0.537059,0.25,1,493790,493354,436
32519461,27.9063,27.4428,436,50715,0.547412,0.37,1,493817,493381,436
32522381,28.7813,27.0886,438,50757,0.517482,0.35,1,493846,493408,438
32525301,28.9563,26.2177,441,50798,0.575496,0.39,1,493875,493434,441
32528221,20.1913,19.6435,441,50839,0.571099,0.41,1,493893,493452,441
32531141,8.83825,9.52871,440,50880,0.60222,0.37,1,493899,493459,440
32534061,25.7676,24.3057,442,50921,0.576444,0.43,1,493929,493487,442
32536981,21.9535,22.4611,441,50962,0.619289,0.41,1,493950,493509,441
32539901,20.3907,19.6922,442,51003,0.627858,0.41,1,493970,493528,442
32542821,5.67814,5.53845,442,51044,0.629572,0.43,1,493972,493530,442
32545741,5.93563,6.70769,441,51085,0.597914,0.43,1,493978,493537,441
32548661,26.7871,25.3415,443,51126,0.623583,0.43,1,494010,493567,443
32551581,34.1574,35.4683,441,51167,0.628717,0.47,1,494046,493605,441
32554501,40.4315,39.0937,443,51208,0.677743,0.45,1,494088,493645,443
32557421,28.8863,29.4187,442,51249,0.687549,0.47,1,494114,493672,442
32560341,46.5773,44.2837,445,51290,0.67351,0.49,1,494165,493720,445
32563261,42.1155,41.6567,445,51331,0.686702,0.55,1,494206,493761,445
32566181,34.8231,31.5313,449,51372,0.73734,0.55,1,494239,493790,449
32569101,28.5646,27.9063,449,51413,0.731468,0.51,1,494266,493817,449
32572021,27.3129,28.7813,447,51454,0.730294,0.59,1,494293,493846,447
32574941,31.0626,28.9563,450,51495,0.778059,0.57,2,494325,493875,450
32577861,20.6125,20.1913,450,51536,0.835612,0.61,2,494343,493893,450
32580781,8.9225,8.83825,450,51577,0.831122,0.57,2,494349,493899,450
32583701,25.7845,25.7676,450,51618,0.846224,0.63,2,494379,493929,450
32586621,22.7569,21.9535,451,51659,0.881245,0.63,2,494401,493950,451
32589541,20.5514,20.3907,451,51700,0.856249,0.63,2,494421,493970,451
32592461,5.71028,5.67814,451,51741,0.85125,0.59,2,494423,493972,451
32595381,5.94206,5.93563,451,51782,0.86625,0.59,2,494429,493978,451
32598301,27.5884,1.18713,484,51823,0.85325,0.63,2,494462,493978,484
32601221,34.3177,25.8374,488,51864,0.85065,0.63,2,494498,494010,488
32604141,41.2635,33.9675,495,51905,0.83413,0.69,2,494541,494046,495
32607061,29.0527,40.3935,479,51946,0.830826,0.69,2,494567,494088,479
32609981,47.4105,28.8787,505,51987,0.830165,0.67,2,494619,494114,505
32612901,43.0821,46.5757,496,52028,0.846033,0.69,2,494661,494165,496
32615821,35.8164,42.1151,489,52068,0.817207,0.75,2,494695,494206,489
32618741,27.9633,34.823,482,52108,0.843441,0.73,2,494721,494239,482
32621661,28.7927,28.5646,484,52148,0.864688,0.73,2,494750,494266,484
32624581,33.7585,27.3129,492,52188,0.932938,0.79,2,494785,494293,492
32840661,28,34,513,55091,0.83,1,2,496783,496270,513
32843581,31.2,27.6,519,55129,0.798,1,2,496815,496296,519
32846501,31.84,21.52,531,55167,0.7276,1,1,496847,496316,531
32849421,23.968,17.904,536,55205,0.72952,1,1,496869,496333,536
32850881,29.5936,33.1808,530,55243,0.665904,1,1,496900,496370,530
32866941,387.519,447.436,456,24820,0.237181,0.45,1,497377,496921,456
32912201,155.104,180.687,439,24820,0.183436,0.33,1,497474,497035,439
32915121,75.8207,64.1374,460,25633,0.156687,0.17,1,497530,497070,460
32918041,86.3642,62.4275,487,25716,0.151337,0.11,1,497619,497132,487
32920961,55.6728,82.0855,448,25798,0.182267,0.03,1,497667,497219,448
32923881,62.3346,62.0171,455,25880,0.220453,0.15,1,497731,497276,455
32926801,52.4669,53.2034,454,25962,0.244091,0.07,1,497781,497327,454
32929721,22.4934,34.6407,439,26044,0.232818,0.13,1,497796,497357,439
32932641,39.6987,22.9281,463,26125,0.246564,0.13,1,497840,497377,463
32935561,41.5397,43.7856,456,26206,0.265313,0.17,1,497882,497426,456
32938481,70.7079,47.1571,486,26287,0.317063,0.15,1,497960,497474,486
32941401,85.3416,54.2314,519,26368,0.343413,0.15,1,498049,497530,519
32944321,56.2683,82.0463,479,26448,0.380682,0.19,1,498098,497619,479
32947241,63.2537,54.8093,496,26528,0.388137,0.23,1,498163,497667,496
32950161,53.4507,62.1619,483,26608,0.421627,0.25,1,498214,497731,483
32953081,22.6901,52.4324,448,26688,0.412325,0.23,1,498229,497781,448
32956001,39.738,22.4865,477,26767,0.458465,0.25,1,498273,497796,477
32958921,42.3476,39.6973,476,26846,0.483693,0.27,1,498316,497840,476
32961841,10.0695,41.5395,436,26925,0.488739,0.33,1,498318,497882,436
32964761,66.0139,70.7079,438,27004,0.537748,0.35,1,498398,497960,438
32967681,85.2028,85.3416,439,27082,0.54755,0.39,1,498488,498049,439
32970601,58.6406,56.2683,442,27160,0.54951,0.39,1,498540,498098,442
32973521,63.7281,63.2537,442,27238,0.565902,0.43,1,498605,498163,442
32976441,54.3456,53.4507,443,27316,0.60118,0.41,1,498657,498214,443
32979361,23.6691,22.6901,444,27394,0.624236,0.47,1,498673,498229,444
32982281,40.7338,39.738,445,27471,0.644847,0.49,1,498718,498273,445
32985201,44.1468,42.3476,447,27548,0.680969,0.49,1,498763,498316,447
32988121,10.4294,10.0695,447,27625,0.688194,0.55,1,498765,498318,447
32991041,67.6859,66.0139,449,27702,0.689639,0.55,1,498847,498398,449
32993961,85.5372,85.2028,449,27778,0.769928,0.55,2,498937,498488,449
32996881,57.1074,58.6406,447,27854,0.785986,0.57,2,498987,498540,447
32999801,64.2215,63.7281,448,27930,0.773197,0.61,2,499053,498605,448
33002721,56.0443,54.3456,450,28006,0.754639,0.63,2,499107,498657,450
33005641,25.6089,23.6691,452,28082,0.782928,0.65,2,499125,498673,452
33008561,42.7218,40.7338,454,28157,0.836586,0.69,2,499172,498718,454
33011481,44.5444,44.1468,454,28232,0.863317,0.69,2,499217,498763,454
33014401,10.5089,10.4294,454,28307,0.868663,0.69,2,499219,498765,454
33017321,70.1018,67.6859,457,28382,0.901733,0.69,2,499304,498847,457
33020241,86.8204,13.5372,548,28457,0.892347,0.79,2,499395,498847,548
33023161,57.3641,74.7074,508,28531,0.890469,0.79,2,499445,498937,508
33026081,63.4728,54.9415,523,28605,0.906094,0.77,2,499510,498987,523
33029001,56.6946,63.7883,512,28679,0.925219,0.75,2,499565,499053,512
33031921,26.5389,55.9577,477,28753,0.929044,0.79,2,499584,499107,477
33160401,93,67,579,31831,0.57,1,1,501776,501197,579
33163321,69,91.8,544,31897,0.554,1,1,501839,501295,544
33166241,53,79.96,516,31963,0.4708,1,1,501888,501372,516
33169161,33,47.192,505,32029,0.35816,1,1,501916,501411,505
33172081,33.8,31.8384,511,32095,0.335632,1,1,501950,501439,511
33175001,37.96,38.3677,510,32161,0.235126,1,1,501989,501479,510
33177921,33.992,35.6735,508,32227,0.199025,0.87,1,502022,501514,508
33180841,34.7984,36.7347,506,32293,0.0478051,0.97,1,502057,501551,506
33183761,29.3597,35.3469,499,32359,0.049561,0.9,1,502085,501586,499
33186681,49.0719,31.8694,522,32424,0.0819122,0.81,1,502139,501617,522
33189601,78.6144,59.1739,542,32489,0.0563824,0.57,1,502225,501683,542
33192521,62.9229,86.2348,508,32554,0.0512765,0.55,1,502284,501776,508
33195441,48.5846,67.647,490,32619,0.0662553,0.45,1,502329,501839,490
33198361,26.5169,52.7294,462,32684,0.0852511,0.33,1,502350,501888,462
33201281,30.9034,32.9459,466,32749,0.0410502,0.33,1,502382,501916,466
33204201,7.78068,33.7892,434,32814,0.03221,0.21,1,502384,501950,434
33207121,29.5561,37.9578,430,32878,0.110442,0.19,1,502419,501989,430
33210041,29.9112,33.9916,427,32942,0.142088,0.01,1,502449,502022,427
33212961,29.9822,34.7983,422,33006,0.164418,0.05,1,502479,502057,422
33215881,30.7964,29.3597,425,33070,0.120884,0.09,1,502510,502085,425
33218801,49.3593,49.0719,425,33134,0.144177,0.05,1,502564,502139,425
33221721,76.2719,78.6144,422,33198,0.100835,0.05,1,502647,502225,422
33224641,64.8544,62.9229,425,33262,0.124167,0.07,1,502709,502284,425
33227561,48.9709,48.5846,425,33326,0.224833,0.09,1,502754,502329,425
33230481,27.3942,26.5169,426,33389,0.212967,0.03,1,502776,502350,426
33233401,30.2788,30.9034,425,33452,0.210593,0.03,1,502807,502382,425
33236321,7.65577,7.78068,425,33515,0.210119,0.13,1,502809,502384,425
33239241,31.9312,29.5561,428,33578,0.210024,0.15,1,502847,502419,428
33242161,30.3862,29.9112,428,33641,0.242005,0.17,1,502877,502449,428
33245081,30.0772,29.9822,428,33704,0.216401,0.11,1,502907,502479,428
33248001,28.4154,30.7964,425,33767,0.21128,0.15,1,502935,502510,425
33250921,51.2831,49.3593,428,33830,0.210256,0.09,1,502992,502564,428
33253841,75.8566,76.2719,427,33893,0.242051,0.13,1,503074,502647,427
33256761,63.9713,64.8544,426,33955,0.24841,0.25,1,503135,502709,426
33259681,53.5943,48.9709,432,34017,0.265682,0.21,1,503186,502754,432
33262601,28.3189,27.3942,432,34079,0.301136,0.21,1,503208,502776,432
33265521,30.4638,30.2788,432,34141,0.292227,0.21,1,503239,502807,432
33268441,7.69275,7.65577,432,34203,0.290445,0.21,1,503241,502809,432
33271361,31.9386,31.9312,432,34265,0.290089,0.21,1,503279,502847,432
33274281,29.5877,6.38623,461,34327,0.274018,0.25,1,503308,502847,461
33277201,29.9175,25.2772,461,34389,0.270804,0.21,1,503338,502877,461
33280121,28.3835,29.0554,459,34450,0.270161,0.21,1,503366,502907,459
33283041,49.6767,28.2111,486,34511,0.270032,0.21,1,503421,502935,486
33285961,78.7353,51.2422,515,34572,0.366006,0.25,1,503507,502992,515
33288881,64.5471,75.8484,494,34633,0.433201,0.25,1,503568,503074,494
33291801,54.5094,63.9697,485,34694,0.44664,0.27,1,503620,503135,485
33294721,28.5019,53.5939,456,34755,0.449328,0.31,1,503642,503186,456
33297641,29.7004,28.3188,464,34816,0.449866,0.29,1,503672,503208,464
33300561,7.54007,30.4638,435,34877,0.465973,0.29,1,503674,503239,435
33303481,31.908,7.69275,471,34938,0.485195,0.29,1,503712,503241,471
33306401,30.3816,31.9385,463,34999,0.489039,0.27,1,503742,503279,463
33309321,30.0763,29.5877,464,35059,0.505808,0.27,1,503772,503308,464
33312241,29.2153,29.9175,463,35119,0.557162,0.27,1,503801,503338,463
33315161,49.0431,28.3835,489,35179,0.567432,0.27,1,503855,503366,489
33318081,83.4086,49.6767,526,35239,0.649486,0.39,1,503947,503421,526
33321001,67.8817,78.7353,504,35299,0.649897,0.45,1,504011,503507,504
33323921,55.1763,64.5471,495,35359,0.665979,0.45,1,504063,503568,495
33326841,28.6353,54.5094,465,35419,0.685196,0.45,1,504085,503620,465
33329761,30.5271,28.5019,474,35479,0.721039,0.45,1,504116,503642,474
33332681,7.70541,29.7004,446,35539,0.728208,0.47,1,504118,503672,446
33335601,32.7411,7.54007,483,35598,0.761642,0.49,2,504157,503674,483
33338521,30.5482,31.908,475,35657,0.768328,0.49,2,504187,503712,475
33341441,7.70964,30.3816,447,35716,0.769666,0.51,2,504189,503742,447
33344361,26.3419,30.0763,448,35775,0.785933,0.57,2,504220,503772,448
33347281,30.0684,29.2153,450,35834,0.773187,0.57,2,504251,503801,450
33350201,49.2137,49.0431,450,35893,0.770637,0.67,2,504305,503855,450
33353121,88.2427,83.4086,456,35952,0.818127,0.65,2,504403,503947,456
33356041,67.2485,67.8817,454,36011,0.859625,0.67,2,504465,504011,454
33358961,55.8497,55.1763,455,36070,0.851925,0.69,2,504518,504063,455
33361881,30.3699,28.6353,457,36129,0.866385,0.73,2,504542,504085,457
33364801,32.474,30.5271,459,36187,0.933277,0.73,2,504575,504116,459
33367721,8.0948,7.70541,459,36245,0.946655,0.77,2,504577,504118,459
33572121,80,98,467,17761,0.27,0.37,1,507414,506947,467
33575041,75.2,74.8,472,17881,0.334,0.41,1,507488,507016,472
33577961,85.44,63.76,499,18000,0.3788,0.29,1,507576,507077,499
33580881,29.888,64.752,450,18118,0.38776,0.35,1,507592,507142,450
33583801,29.9776,37.7504,449,18235,0.389552,0.23,1,507622,507173,449
33586721,121.996,136.35,433,18351,0.48591,0.27,1,507767,507334,433
33589641,91.5991,91.27,437,18467,0.521182,0.35,1,507851,507414,437
33592561,79.1198,77.454,439,18582,0.576236,0.39,1,507927,507488,439
33595481,87.824,85.8908,441,18696,0.619247,0.39,1,508017,507576,441
33598401,30.3648,29.9782,441,18810,0.627849,0.39,1,508033,507592,441
33601321,30.073,29.9956,441,18923,0.66157,0.51,1,508063,507622,441
33604241,126.815,121.999,447,19035,0.732314,0.53,1,508214,507767,447
33607161,93.3629,91.5998,448,19146,0.730463,0.59,1,508299,507851,448
33610081,81.8726,79.12,451,19257,0.730093,0.63,1,508378,507927,451
33613001,89.9745,87.824,453,19367,0.778018,0.63,2,508470,508017,453
33615921,30.7949,30.3648,453,19477,0.787604,0.67,2,508486,508033,453
33618841,30.159,30.073,453,19586,0.789521,0.67,2,508516,508063,453
33621761,129.232,6.01459,607,19694,0.853904,0.75,2,508670,508063,607
33624681,94.6464,122.003,542,19802,0.882781,0.73,2,508756,508214,542
33627601,80.5293,92.4006,534,19909,0.888556,0.73,2,508833,508299,534
33703521,30,25,485,22515,0.67,1,1,510687,510202,485
33706441,38,5,525,22609,0.494,1,1,510727,510202,525
33709361,84.4,41.8,570,22703,0.1868,1,1,510823,510253,570
33712281,44.88,89.96,503,22796,0.10936,1,1,510858,510355,503
33715201,39.376,41.992,511,22889,0.021872,1,1,510896,510385,511
33718121,120.675,31.5984,623,22982,0.0043744,0.95,1,511037,510414,623
33721041,82.535,127.12,545,23074,0.0568749,0.79,1,511110,510565,545
33723961,38.907,99.0239,481,23166,0.051375,0.67,1,511138,510657,481
33726881,35.7814,43.8048,486,23258,0.098275,0.45,1,511173,510687,486
33729801,63.9563,40.761,517,23349,0.075655,0.11,1,511244,510727,517
33732721,40.7913,84.9522,456,23440,0.039131,0.09,1,511279,510823,456
33735641,38.5583,44.9904,459,23530,0.0158262,0,1,511317,510858,459
33738561,121.312,39.3981,563,23620,0.0271652,0,1,511459,510896,563
33741481,85.0623,120.68,498,23710,0.061433,0.07,1,511535,511037,498
33744401,38.6125,82.5359,452,23799,0.100287,0.05,1,511562,511110,452
33747321,34.1225,38.9072,457,23888,0.0920573,0.11,1,511595,511138,457
33750241,65.2245,35.7814,495,23977,0.106411,0.07,1,511668,511173,495
33753161,14.6449,63.9563,426,24065,0.109282,0.03,1,511670,511244,426
33756081,31.729,40.7913,427,24153,0.0778565,0.01,1,511706,511279,427
33759001,33.5458,38.5583,423,24241,0.0875713,0.03,1,511740,511317,423
33761921,121.109,121.312,424,24328,0.0575143,0.07,1,511883,511459,424
33764841,86.6218,85.0623,426,24415,0.0835029,0.11,1,511961,511535,426
33767761,39.7244,38.6125,427,24502,0.120701,0.09,1,511989,511562,427
33770681,33.5449,34.1225,426,24588,0.11214,0.11,1,512021,511595,426
33773601,65.909,65.2245,427,24674,0.174428,0.11,1,512095,511668,427
33776521,14.7818,14.6449,427,24760,0.154886,0.07,1,512097,511670,427
33779441,30.1564,31.729,425,24846,0.166977,0.09,1,512131,511706,425
33782361,32.4313,33.5458,424,24931,0.185395,0.05,1,512164,511740,424
33785281,119.286,121.109,422,25016,0.125079,0.09,1,512305,511883,422
33788201,89.4572,86.6218,426,25101,0.161016,0.13,1,512387,511961,426
33791121,41.0914,39.7244,427,25185,0.184203,0.11,1,512416,511989,427
33794041,33.8183,33.5449,427,25269,0.172841,0.19,1,512448,512021,427
33796961,67.5637,65.909,429,25353,0.250568,0.15,1,512524,512095,429
33799881,15.1127,14.7818,429,25437,0.266114,0.15,1,512526,512097,429
33802801,30.2225,2.95636,463,25520,0.237223,0.17,1,512560,512097,463
33805721,33.2445,27.7913,463,25603,0.231445,0.19,1,512594,512131,463
33808641,117.049,31.9583,568,25686,0.262289,0.11,1,512732,512164,568
33811561,90.6098,119.192,511,25768,0.268458,0.17,1,512816,512305,511
33814481,40.522,89.4383,457,25850,0.269692,0.19,1,512844,512387,457
33817401,34.5044,41.0877,461,25932,0.285938,0.17,1,512877,512416,461
33820321,70.1009,33.8175,508,26014,0.289188,0.27,1,512956,512448,508
33823241,15.6202,67.5635,434,26095,0.289838,0.27,1,512958,512524,434
33826161,30.324,15.1127,466,26176,0.289968,0.23,1,512992,512526,466
33829081,33.2648,30.2225,466,26257,0.289994,0.23,1,513026,512560,466
33832001,117.053,33.2445,570,26338,0.337999,0.27,1,513164,512594,570
33834921,92.2106,117.049,518,26418,0.3956,0.27,1,513250,512732,518
33837841,40.8421,90.6098,462,26498,0.40712,0.27,1,513278,512816,462
33840761,36.1684,40.522,469,26578,0.489424,0.29,1,513313,512844,469
33843681,69.6337,34.5044,514,26658,0.521885,0.29,1,513391,512877,514
33846601,15.5267,70.1009,437,26737,0.528377,0.29,1,513393,512956,437
33849521,30.3053,15.6202,469,26816,0.545675,0.29,1,513427,512958,469
33852441,33.2611,30.324,469,26895,0.565135,0.29,1,513461,512992,469
33855361,8.25221,33.2648,437,26974,0.569027,0.35,1,513463,513026,437
33858281,113.65,117.053,439,27053,0.633805,0.41,1,513603,513164,439
33861201,93.9301,92.2106,442,27131,0.662761,0.41,1,513692,513250,442
33864121,41.986,40.8421,443,27209,0.652552,0.51,1,513721,513278,443
33867041,38.7972,36.1684,446,27287,0.66651,0.53,1,513759,513313,446
33869961,71.7594,69.6337,448,27365,0.749302,0.53,1,513839,513391,448
33872881,15.9519,15.5267,448,27442,0.73386,0.55,1,513841,513393,448
33875801,31.1904,30.3053,449,27519,0.746772,0.57,1,513876,513427,449
33878721,34.2381,33.2611,450,27596,0.765354,0.57,2,513911,513461,450
33881641,8.44761,8.25221,450,27673,0.801071,0.65,2,513913,513463,450
33884561,116.89,113.65,454,27750,0.840214,0.67,2,514057,513603,454
33887481,93.7779,93.9301,453,27826,0.880043,0.65,2,514145,513692,453
33890401,41.1556,41.986,452,27902,0.936009,0.67,2,514173,513721,452
33893321,41.0311,38.7972,455,27978,0.931202,0.77,2,514214,513759,455
34156121,26,34,490,34120,0.75,1,2,518555,518065,490
34159041,22.8,23.6,491,34182,0.798,1,2,518577,518086,491
34161961,38.16,38.32,491,34244,0.7596,1,2,518619,518128,491
34164881,30.832,7.664,520,34306,0.70392,1,1,518648,518128,520
34167801,27.7664,30.3328,511,34368,0.628784,0.95,1,518675,518164,511
34170721,35.9533,34.8666,513,34430,0.629757,1,1,518713,518200,513
34173641,38.3907,41.3733,509,34491,0.597951,1,1,518752,518243,509
34176561,50.0781,38.6747,524,34552,0.57559,0.93,1,518805,518281,524
34179481,74.8156,50.9349,551,34613,0.603118,0.97,1,518886,518335,551
34182401,75.7631,80.587,539,34674,0.608624,0.79,1,518962,518423,539
34185321,37.5526,73.7174,495,34735,0.577725,0.69,1,518990,518495,495
34188241,26.7105,41.9435,485,34796,0.603545,0.75,1,519014,518529,485
34191161,18.1421,29.1887,475,34857,0.576709,0.81,1,519030,518555,475
34194081,40.4284,23.4377,499,34918,0.587342,0.75,1,519076,518577,499
34197001,28.8857,38.2875,483,34979,0.589468,0.69,1,519102,518619,483
34199921,24.9771,30.8575,478,35039,0.605894,0.61,1,519126,518648,478
34202841,32.1954,27.7715,485,35099,0.641179,0.63,1,519160,518675,485
34205761,40.0391,35.9543,489,35159,0.664236,0.59,1,519202,518713,489
34208681,49.6078,38.3909,502,35219,0.684847,0.57,1,519254,518752,502
34211601,76.3216,50.0782,532,35279,0.736969,0.61,1,519337,518805,532
34214521,74.4643,74.8156,525,35339,0.795394,0.61,2,519411,518886,525
34217441,37.2929,75.7631,477,35399,0.807079,0.57,2,519439,518962,477
34220361,28.2586,37.5526,475,35459,0.857416,0.61,2,519465,518990,475
34223281,16.8517,26.7105,465,35519,0.883483,0.57,2,519479,519014,465
34226201,40.9703,18.1421,496,35579,0.872697,0.59,2,519526,519030,496
34229121,28.9941,40.4284,476,35638,0.870539,0.59,2,519552,519076,476
34232041,25.7988,28.8857,475,35697,0.870108,0.61,2,519577,519102,475
34234961,6.75976,24.9771,453,35756,0.870022,0.65,2,519579,519126,453
34237881,29.352,32.1954,454,35815,0.918004,0.67,2,519614,519160,454
34240801,40.2704,40.0391,455,35874,0.911601,0.69,2,519657,519202,455
34243721,50.4541,49.6078,456,35933,0.86232,0.75,2,519710,519254,456
34246641,78.8908,76.3216,459,35992,0.868464,0.81,2,519796,519337,459
34249561,77.3782,74.4643,462,36051,0.901693,0.81,2,519873,519411,462
34404321,36,34,495,39036,0.89,1,2,521917,521422,495
34407241,28.8,33.2,489,39090,0.81,1,2,521944,521455,489
34410161,27.36,27.44,490,39144,0.73,1,1,521971,521481,490
34413081,22.272,23.888,488,39198,0.714,1,1,521992,521504,488
34416001,29.2544,27.9776,490,39252,0.6468,0.96,1,522023,521533,490
34418921,33.8509,35.1955,488,39306,0.61736,0.97,1,522058,521570,488
34421841,29.1702,27.8391,490,39360,0.499472,1,1,522086,521596,490
34424761,33.034,14.3678,513,39414,0.491894,1,1,522120,521607,513
34427681,31.4068,54.0736,480,39468,0.490379,0.99,1,522151,521671,480
34430601,89.4814,90.0147,485,39522,0.442076,0.88,1,522255,521770,485
34433521,42.6963,48.4029,478,39575,0.464415,0.88,1,522286,521808,478
34436441,29.3393,41.6806,464,39628,0.452883,0.91,1,522312,521848,464
34439361,36.2679,34.7361,469,39681,0.450577,0.89,1,522350,521881,469
34442281,34.4536,35.7472,467,39734,0.466115,0.79,1,522384,521917,467
34445201,24.4907,28.7494,462,39787,0.469223,0.71,1,522406,521944,462
34448121,24.0981,27.3499,459,39840,0.469845,0.71,1,522430,521971,459
34451041,20.8196,22.27,458,39893,0.485969,0.63,1,522450,521992,458
34453961,28.1639,29.254,457,39946,0.489194,0.61,1,522480,522023,457
34456881,26.4328,33.8508,448,39999,0.537839,0.47,1,522506,522058,448
34459801,28.4866,29.1702,449,40052,0.515568,0.49,1,522535,522086,449
34462721,30.4973,33.034,446,40105,0.591114,0.49,1,522566,522120,446
34465641,29.2995,6.60681,475,40158,0.526223,0.49,1,522595,522120,475
34468561,87.4599,26.1214,546,40211,0.545245,0.43,1,522697,522151,546
34471481,42.292,88.4243,473,40264,0.565049,0.47,1,522728,522255,473
34474401,30.8584,42.4849,470,40316,0.53701,0.45,1,522756,522286,470
34477321,34.1717,29.297,479,40368,0.563402,0.45,1,522791,522312,479
34480241,36.4343,36.2594,478,40420,0.58468,0.47,1,522828,522350,478
34483161,22.4869,34.4519,463,40472,0.588936,0.47,1,522847,522384,463
34486081,26.8974,24.4904,469,40524,0.573787,0.47,1,522875,522406,469
34489001,19.7795,24.0981,463,40576,0.634757,0.49,1,522893,522430,463
34491921,30.3559,20.8196,476,40628,0.646951,0.49,1,522926,522450,476
34494841,26.8712,28.1639,472,40680,0.66539,0.55,1,522952,522480,472
34497761,30.1742,26.4328,477,40732,0.685078,0.51,1,522983,522506,477
34500681,30.0348,28.4866,478,40784,0.689016,0.61,1,523013,522535,478
34503601,30.007,30.4973,477,40836,0.689803,0.51,1,523043,522566,477
34506521,87.6014,29.2995,550,40888,0.753961,0.55,2,523145,522595,550
34509441,43.1203,87.4599,480,40940,0.766792,0.57,2,523177,522697,480
34512361,31.0241,42.292,477,40992,0.769358,0.53,2,523205,522728,477
34515281,34.2048,30.8584,484,41044,0.785872,0.57,2,523240,522756,484
34518201,38.041,34.1717,488,41095,0.837174,0.59,2,523279,522791,488
34521121,22.0082,36.4343,469,41146,0.847435,0.59,2,523297,522828,469
34524041,29.2016,22.4869,481,41197,0.865487,0.57,2,523328,522847,481
34526961,21.0403,26.8974,472,41248,0.869097,0.65,2,523347,522875,472
34529881,29.8081,19.7795,486,41299,0.885819,0.65,2,523379,522893,486
34532801,27.5616,30.3559,480,41350,0.873164,0.67,2,523406,522926,480
34535721,31.1123,26.8712,486,41401,0.902633,0.69,2,523438,522952,486
34538641,30.2225,30.1742,485,41452,0.908527,0.69,2,523468,522983,485
34541561,30.0445,30.0348,485,41503,0.925705,0.69,2,523498,523013,485
34544481,7.6089,30.007,457,41554,0.929141,0.77,2,523500,523043,457
34547401,85.5218,87.6014,460,41605,0.913828,0.77,2,523605,523145,460
34550321,42.7044,43.1203,460,41656,0.878766,0.77,2,523637,523177,460
34553241,30.9409,31.0241,460,41707,0.903753,0.79,2,523665,523205,460
34556161,34.9882,34.2048,461,41758,0.876751,0.85,2,523701,523240,461
34559081,40.5976,38.041,464,41809,0.95135,0.85,2,523743,523279,464
34702161,23,36,502,44213,0.88,1,2,525358,524856,502
34705081,34.2,32.8,507,44261,0.808,1,2,525395,524888,507
34708001,34.84,29.76,513,44309,0.7776,1,2,525430,524917,513
34710921,50.168,32.352,534,44357,0.70752,1,1,525484,524950,534
34713841,39.6336,59.2704,505,44405,0.661504,1,1,525521,525016,505
34716761,37.5267,39.0541,508,44453,0.572301,1,1,525558,525050,508
34719681,9.10534,31.0108,481,44500,0.55446,1,1,525560,525079,481
34722601,41.8211,34.2022,496,44547,0.534892,1,1,525610,525114,496
34725521,34.7642,32.4404,497,44594,0.514978,1,1,525643,525146,497
34728441,25.3528,32.8881,487,44641,0.414996,0.95,1,525666,525179,487
34731361,25.0706,31.3776,481,44688,0.378999,0.96,1,525691,525210,481
34734281,34.6141,27.8755,491,44735,0.3718,1,1,525728,525237,491
34737201,23.7228,31.1751,480,44782,0.40236,0.97,1,525749,525269,480
34740121,26.3446,31.835,475,44829,0.456472,0.83,1,525776,525301,475
34743041,27.6689,33.567,469,44876,0.419294,0.88,1,525804,525335,469
34745961,17.5338,25.1134,461,44923,0.427859,0.79,1,525819,525358,461
34748881,33.1068,34.6227,461,44970,0.461572,0.77,1,525856,525395,461
34751801,33.8214,34.9245,460,45017,0.436314,0.69,1,525890,525430,460
34754721,44.3643,50.1849,453,45064,0.495263,0.65,1,525937,525484,453
34757641,35.2729,39.637,449,45111,0.523053,0.55,1,525970,525521,449
34760561,37.4546,37.5274,450,45158,0.496611,0.55,1,526008,525558,450
34763481,9.09091,9.10548,450,45205,0.491322,0.53,1,526010,525560,450
34766401,39.4182,41.8211,447,45252,0.522264,0.51,1,526057,525610,447
34769321,34.2836,34.7642,447,45299,0.496453,0.39,1,526090,525643,447
34772241,22.0567,25.3528,443,45346,0.507291,0.37,1,526109,525666,443
34775161,20.4113,25.0706,438,45393,0.509458,0.37,1,526129,525691,438
34778081,36.0823,34.6141,441,45439,0.541892,0.41,1,526169,525728,441
34781001,23.2165,23.7228,440,45485,0.596378,0.47,1,526189,525749,440
34783921,28.6433,26.3446,443,45531,0.623276,0.41,1,526219,525776,443
34786841,25.7287,27.6689,440,45577,0.644655,0.43,1,526244,525804,440
34789761,19.5457,17.5338,443,45623,0.616931,0.47,1,526262,525819,443
34792681,31.9091,33.1068,441,45669,0.627386,0.43,1,526297,525856,441
34795601,34.3818,33.8214,442,45715,0.613477,0.51,1,526332,525890,442
34798521,46.8764,44.3643,445,45761,0.674695,0.53,1,526382,525937,445
34801441,36.5753,35.2729,446,45807,0.750939,0.49,2,526416,525970,446
34804361,36.1151,37.4546,444,45853,0.766188,0.49,2,526452,526008,444
34807281,8.82301,9.09091,444,45899,0.769238,0.53,2,526454,526010,444
34810201,40.9646,39.4182,446,45945,0.769848,0.53,2,526503,526057,446
34813121,35.3929,7.88364,480,45991,0.769969,0.49,2,526537,526057,480
34816041,21.4786,27.9767,465,46037,0.769994,0.51,2,526555,526090,465
34818961,21.0957,20.7953,467,46083,0.785999,0.51,2,526576,526109,467
34821881,37.8191,20.1591,489,46129,0.7892,0.55,2,526618,526129,489
34824801,23.5638,36.0318,469,46175,0.83784,0.61,2,526638,526169,469
34827721,30.3128,23.2064,481,46221,0.831568,0.63,2,526670,526189,481
34830641,26.0626,28.6413,476,46267,0.814314,0.65,2,526695,526219,476
34833561,19.6125,25.7283,469,46313,0.810863,0.61,2,526713,526244,469
34836481,31.1225,19.5457,485,46359,0.810173,0.63,2,526747,526262,485
34839401,36.6245,31.9091,488,46404,0.826035,0.61,2,526785,526297,488
34842321,48.9249,34.3818,505,46449,0.861207,0.69,2,526837,526332,505
34845241,38.585,46.8764,491,46494,0.852241,0.77,2,526873,526382,491
34848161,36.517,36.5753,493,46539,0.850448,0.77,2,526909,526416,493
34851081,8.9034,36.1151,459,46584,0.85009,0.77,2,526911,526452,459
34854001,42.5807,8.82301,508,46629,0.882018,0.77,2,526962,526454,508
34856921,35.7161,40.9646,493,46674,0.888404,0.77,2,526996,526503,493
34859841,21.5432,35.3929,477,46719,0.889681,0.77,2,527014,526537,477
34862761,21.9086,21.4786,481,46764,0.921936,0.79,2,527036,526555,481
35052561,29,26,517,49611,0.85,1,2,529027,528510,517
35065701,409,460.4,452,23360,0.194,0.25,1,529531,529079,452
35071541,163.4,187.28,435,23360,0.1268,0,1,529633,529198,435
35108041,78.28,93.456,422,23360,0.06536,0.03,1,529690,529268,422
35110961,58.856,46.6912,441,23451,0.037072,0.03,1,529744,529303,441
35113881,80.5712,53.3382,472,23541,0.0474144,0.03,1,529830,529358,472
35116801,60.1142,76.2676,445,23631,0.0974829,0.03,1,529885,529440,445
35119721,31.2228,52.0535,423,23721,0.0914966,0.03,1,529909,529486,423
35122641,18.2446,12.0107,436,23810,0.0262993,0.05,1,529924,529488,436
35125561,26.8489,25.6021,436,23899,0.0292599,0.03,1,529953,529517,436
35128481,66.9698,52.3204,454,23988,0.00585197,0.11,1,530030,529576,454
35131401,78.194,56.0641,478,24076,0.0411704,0.03,1,530111,529633,478
35134321,61.2388,100.013,424,24164,0.0322341,0.05,1,530168,529744,424
35137241,82.6478,88.8026,426,24252,0.0464468,0.11,1,530256,529830,426
35140161,60.5296,61.7605,426,24339,0.0972894,0.09,1,530311,529885,426
35143081,28.1059,31.5521,422,24426,0.139458,0.01,1,530331,529909,422
35146001,18.4212,18.3104,423,24513,0.115892,0.03,1,530347,529924,423
35148921,26.8842,26.8621,423,24599,0.143178,0,1,530376,529953,423
35151841,66.9768,66.9724,423,24685,0.132636,0.05,1,530453,530030,423
35154761,77.3954,78.1945,422,24771,0.130527,0.03,1,530533,530111,422
35157681,61.0791,61.2389,422,24857,0.0981054,0.05,1,530590,530168,422
35160601,83.4158,82.6478,423,24942,0.0436211,0.11,1,530679,530256,423
35163521,63.8832,60.5296,427,25027,0.0967242,0.15,1,530738,530311,427
35166441,28.7766,28.1059,427,25112,0.107345,0.11,1,530758,530331,427
35169361,16.9553,18.4212,425,25196,0.077469,0.15,1,530772,530347,425
35172281,28.1911,26.8842,427,25280,0.135494,0.13,1,530803,530376,427
35175201,66.4382,66.9768,426,25364,0.115099,0.13,1,530879,530453,426
35178121,77.2876,77.3954,426,25448,0.15902,0.13,1,530959,530533,426
35181041,58.6575,15.4791,480,25531,0.199804,0.09,1,531013,530533,480
35183961,81.3315,48.6958,510,25614,0.127961,0.03,1,531100,530590,510
35186881,65.8663,80.9392,483,25697,0.0815922,0.11,1,531162,530679,483
35189801,29.1733,63.3878,444,25779,0.0883184,0.11,1,531182,530738,444
35192721,17.0347,28.6776,438,25861,0.0896637,0.07,1,531196,530758,438
35195641,29.8069,16.9355,457,25943,0.121933,0.15,1,531229,530772,457
35198561,66.7614,28.1871,502,26025,0.112387,0.11,1,531305,530803,502
35201481,79.7523,66.4374,509,26106,0.110477,0.17,1,531388,530879,509
35204401,60.7505,77.2875,485,26187,0.126095,0.21,1,531444,530959,485
35207321,77.7501,58.6575,513,26268,0.193219,0.11,1,531526,531013,513
35210241,64.35,81.3315,487,26349,0.206644,0.07,1,531587,531100,487
35213161,28.87,65.8663,445,26429,0.241329,0.09,1,531607,531162,445
35216081,17.774,29.1733,440,26509,0.248266,0.09,1,531622,531182,440
35219001,30.7548,17.0347,460,26589,0.265653,0.13,1,531656,531196,460
35221921,66.151,29.8069,502,26669,0.285131,0.11,1,531731,531229,502
35224841,79.6302,66.7614,509,26748,0.353026,0.11,1,531814,531305,509
35227761,62.326,79.7523,484,26827,0.430605,0.13,1,531872,531388,484
35230681,80.4652,60.7505,513,26906,0.430121,0.21,1,531957,531444,513
35233601,17.693,77.7501,433,26985,0.430024,0.21,1,531959,531526,433
35236521,53.1386,64.35,434,27063,0.478005,0.25,1,532021,531587,434
35239441,27.4277,28.87,435,27141,0.471601,0.25,1,532042,531607,435
35242361,16.6855,17.774,434,27219,0.47032,0.27,1,532056,531622,434
35245281,32.1371,30.7548,436,27297,0.486064,0.29,1,532092,531656,436
35248201,66.4274,66.151,436,27375,0.569213,0.37,1,532167,531731,436
35251121,83.6855,79.6302,441,27452,0.569843,0.45,1,532255,531814,441
35254041,63.9371,62.326,442,27529,0.633969,0.43,1,532314,531872,442
35256961,81.5874,80.4652,443,27606,0.614794,0.43,1,532400,531957,443
35259881,17.9175,17.693,443,27683,0.610959,0.49,1,532402,531959,443
35262801,53.9835,53.1386,444,27760,0.642192,0.47,1,532465,532021,444
35265721,26.7967,27.4277,443,27836,0.680438,0.47,1,532485,532042,443
35268641,16.5593,16.6855,443,27912,0.688088,0.49,1,532499,532056,443
35271561,35.3119,32.1371,447,27988,0.689618,0.59,1,532539,532092,447
35274481,68.6624,66.4274,449,28064,0.737924,0.57,1,532616,532167,449
35277401,84.9325,83.6855,450,28139,0.731585,0.65,1,532705,532255,450
35280321,65.7865,63.9371,452,28214,0.762317,0.61,2,532766,532314,452
35283241,81.9573,81.5874,452,28289,0.816463,0.61,2,532852,532400,452
35286161,17.9915,17.9175,452,28364,0.827293,0.61,2,532854,532402,452
35289081,54.7983,3.5835,516,28439,0.861459,0.65,2,532918,532402,516
35292001,26.9597,51.1167,473,28513,0.884292,0.69,2,532938,532465,473
35294921,17.3919,26.2233,468,28587,0.872858,0.69,2,532953,532485,468
35297841,36.2784,16.4447,495,28661,0.902572,0.69,2,532994,532499,495
35300761,71.2557,35.2889,535,28735,0.892514,0.75,2,533074,532539,535
35303681,85.4511,68.6578,547,28809,0.906503,0.73,2,533163,532616,547
35306601,66.6902,84.9316,520,28882,0.877301,0.77,2,533225,532705,520
35309521,84.538,65.7863,548,28955,0.90346,0.83,2,533314,532766,548
35312441,18.5076,81.9573,464,29028,0.908692,0.83,2,533316,532852,464
35411721,15,16,527,31412,0.79,1,2,534927,534400,527
35414641,41.4,25.6,547,31479,0.806,1,2,534975,534428,547
35417561,72.28,57.12,562,31546,0.6652,1,1,535055,534493,562
35420481,76.856,85.824,547,31613,0.47704,1,1,535133,534586,547
35423401,92.9712,66.7648,582,31680,0.391408,1,1,535230,534648,582
35426321,40.9942,95.753,507,31747,0.358282,1,1,535258,534751,507
35429241,35.3988,41.5506,513,31814,0.351656,0.94,1,535292,534779,513
35432161,32.6798,41.9101,503,31881,0.334331,1,1,535324,534821,503
35435081,30.536,37.182,497,31947,0.346866,0.93,1,535354,534857,497
35438001,20.5072,30.6364,486,32013,0.333373,0.93,1,535372,534886,486
35440921,16.1014,26.9273,475,32079,0.330675,0.79,1,535387,534912,475
35443841,40.8203,17.3855,507,32145,0.410135,0.81,1,535434,534927,507
35446761,65.7641,41.8771,531,32211,0.410027,0.63,1,535506,534975,531
35449681,66.7528,72.3754,518,32277,0.474005,0.43,1,535573,535055,518
35452601,90.1506,76.8751,536,32343,0.470801,0.37,1,535669,535133,536
35455521,40.4301,92.975,467,32408,0.51816,0.35,1,535697,535230,467
35458441,36.086,40.995,474,32473,0.511632,0.35,1,535732,535258,474
35461361,32.0172,35.399,471,32538,0.542326,0.33,1,535763,535292,471
35464281,29.6034,32.6798,468,32603,0.532465,0.35,1,535792,535324,468
35467201,20.3207,30.536,456,32668,0.578493,0.33,1,535810,535354,456
35470121,15.2641,20.5072,452,32733,0.587699,0.33,1,535824,535372,452
35473041,4.65283,16.1014,439,32798,0.60554,0.43,1,535826,535387,439
35475961,41.7306,40.8203,443,32862,0.609108,0.41,1,535877,535434,443
35478881,65.1461,65.7641,442,32926,0.625822,0.49,1,535948,535506,442
35481801,68.2292,66.7528,444,32990,0.725164,0.47,1,536017,535573,444
35484721,92.0458,90.1506,446,33054,0.729033,0.53,1,536115,535669,446
35487641,42.4092,40.4301,448,33118,0.729807,0.51,1,536145,535697,448
35490561,36.4818,36.086,448,33182,0.729961,0.55,1,536180,535732,448
35493481,32.8964,32.0172,449,33246,0.745992,0.53,1,536212,535763,449
35496401,29.7793,29.6034,449,33310,0.765198,0.59,2,536241,535792,449
35499321,21.9559,20.3207,451,33373,0.75304,0.59,2,536261,535810,451
35502241,17.1912,15.2641,453,33436,0.782608,0.61,2,536277,535824,453
35505161,5.03823,4.65283,453,33499,0.788522,0.61,2,536279,535826,453
35508081,41.0076,41.7306,452,33562,0.805704,0.63,2,536329,535877,452
35511001,65.8015,65.1461,453,33625,0.841141,0.75,2,536401,535948,453
35513921,71.5603,68.2292,457,33688,0.816228,0.73,2,536474,536017,457
35516841,91.9121,92.0458,456,33751,0.843246,0.73,2,536571,536115,456
35519761,43.1824,42.4092,457,33814,0.880649,0.73,2,536602,536145,457
35522681,38.2365,36.4818,459,33877,0.90413,0.75,2,536639,536180,459
35525601,33.2473,32.8964,459,33939,0.908826,0.77,2,536671,536212,459
35528521,29.0495,29.7793,458,34001,0.893765,0.75,2,536699,536241,458
35531441,22.6099,21.9559,459,34063,0.922753,0.79,2,536720,536261,459
35534361,18.922,17.1912,461,34125,0.896551,0.79,2,536738,536277,461
35537281,5.3844,5.03823,461,34187,0.89131,0.81,2,536740,536279,461
35680361,54,167,502,16323,0.49,1,1,539045,538543,502
35683281,74.8,88.6,513,16453,0.474,0.77,1,539125,538612,513
35686201,64.56,97.72,475,16582,0.4708,0.77,1,539187,538712,475
35689121,32.112,44.344,468,16710,0.47016,0.65,1,539211,538743,468
35690581,178.422,31.2688,655,16837,0.566032,0.51,1,539426,538771,655
35693501,42.8845,182.254,444,16963,0.569206,0.49,1,539435,538991,444
35696421,54.1769,79.6508,447,17088,0.617841,0.47,1,539492,539045,447
35699341,73.2354,79.9301,445,17212,0.659568,0.47,1,539570,539125,445
35702261,64.2471,65.586,445,17335,0.667914,0.47,1,539632,539187,445
35705181,32.0494,32.3172,445,17457,0.701583,0.59,1,539656,539211,445
35708101,189.61,178.463,459,17579,0.868317,0.57,2,539885,539426,459
35711021,85.922,42.8927,510,17700,0.885663,0.63,2,539945,539435,510
35713941,80.3844,54.1785,532,17820,0.937133,0.67,2,540024,539492,532
35716861,65.6769,73.2357,516,17939,0.947427,0.67,2,540086,539570,516
35791321,20,21,489,20797,0.71,1,1,542018,541529,489
35794241,24,21,493,20899,0.678,1,1,542043,541550,493
35797161,180,177,496,21000,0.4156,1,1,542262,541766,496
35800081,46.4,54.6,485,21101,0.41112,1,1,542275,541790,485
35803001,38.88,48.52,475,21202,0.426224,0.83,1,542312,541837,475
35805921,76.576,85.704,466,21302,0.429245,0.73,1,542398,541932,466
35808841,59.3152,69.9408,455,21402,0.397849,0.71,1,542453,541998,455
35811761,29.463,29.9882,457,21501,0.43957,0.67,1,542475,542018,457
35814681,22.6926,25.9976,453,21600,0.415914,0.35,1,542496,542043,453
35817601,170.139,180.4,441,21698,0.491183,0.41,1,542703,542262,441
35820521,44.4277,46.4799,441,21796,0.490237,0.43,1,542716,542275,441
35823441,39.2855,38.896,442,21893,0.522047,0.43,1,542754,542312,442
35826361,75.8571,76.5792,441,21990,0.576409,0.39,1,542839,542398,441
35829281,57.5714,59.3158,439,22086,0.587282,0.45,1,542892,542453,439
35832201,29.9143,29.4632,440,22182,0.605456,0.41,1,542915,542475,440
35835121,24.3829,22.6926,442,22278,0.561091,0.51,1,542938,542496,442
35838041,172.877,170.139,445,22373,0.600218,0.49,1,543148,542703,445
35840961,44.1753,44.4277,444,22468,0.608044,0.53,1,543160,542716,444
35843881,40.8351,39.2855,446,22562,0.641609,0.53,1,543200,542754,446
35846801,77.767,7.85711,533,22656,0.680322,0.59,1,543287,542754,533
35849721,59.5534,69.5714,503,22750,0.672064,0.59,1,543342,542839,503
35852641,29.5107,56.3143,472,22843,0.670413,0.61,1,543364,542892,472
35855561,23.5021,29.6629,471,22936,0.670083,0.55,1,543386,542915,471
35857021,165.5,24.3326,649,23028,0.766017,0.61,2,543587,542938,649
35859941,43.5001,172.867,452,23120,0.753203,0.61,2,543600,543148,452
35862861,19.1,44.1733,453,23212,0.798641,0.65,2,543613,543160,453
35865781,37.42,40.8347,455,23303,0.839728,0.69,2,543655,543200,455
35868701,77.884,77.7669,456,23394,0.895946,0.67,2,543743,543287,456
35871621,58.7768,59.5534,455,23485,0.939189,0.67,2,543797,543342,455
35956301,36,17,514,25975,0.87,1,2,545541,545027,514
35959221,28,35.4,500,26057,0.79,1,2,545567,545067,500
35962141,69.6,26.28,556,26138,0.63,1,1,545647,545091,556
35965061,50.72,72.456,518,26219,0.582,1,1,545693,545175,518
35967981,34.944,47.2912,508,26300,0.4764,1,1,545724,545216,508
35970901,36.5888,33.4582,515,26381,0.35928,1,1,545761,545246,515
35973821,152.918,32.2916,665,26461,0.127856,0.95,1,545943,545278,665
35976741,52.1836,164.858,494,26541,0.0975712,0.89,1,545970,545476,494
35979661,36.0367,56.1717,497,26621,0.0595142,0.87,1,546002,545505,497
35982581,23.2073,40.0343,481,26701,0.0359028,0.77,1,546022,545541,481
35985501,65.4415,28.8069,531,26780,0.0631806,0.59,1,546098,545567,531
35988421,44.2883,69.7614,490,26859,0.0366361,0.57,1,546137,545647,490
35991341,10.4577,50.7523,446,26938,0.0153272,0.45,1,546139,545693,446
35994261,25.2915,34.9505,444,27017,0.0270654,0.33,1,546168,545724,444
35997181,29.0583,36.5901,437,27095,0.0134131,0.07,1,546198,545761,437
36000101,142.612,152.918,426,27173,0.106683,0.09,1,546369,545943,426
36003021,49.3223,52.1836,425,27251,0.157337,0.05,1,546395,545970,425
36005941,33.8645,36.0367,423,27329,0.135467,0.03,1,546425,546002,423
36008861,22.7729,23.2073,423,27406,0.131093,0.07,1,546445,546022,423
36011781,66.9546,65.4415,425,27483,0.146219,0.03,1,546523,546098,425
36014701,42.9909,44.2883,423,27560,0.149244,0.01,1,546560,546137,423
36017621,10.1982,10.4577,423,27637,0.149849,0.03,1,546562,546139,423
36020541,25.2396,25.2915,423,27714,0.18197,0.01,1,546591,546168,423
36023461,29.8479,29.0583,424,27790,0.204394,0.13,1,546622,546198,424
36026381,145.97,142.612,428,27866,0.320879,0.17,1,546797,546369,428
36029301,49.9939,49.3223,428,27942,0.344176,0.13,1,546823,546395,428
36032221,33.9988,33.8645,428,28018,0.316835,0.13,1,546853,546425,428
36035141,22.7998,22.7729,428,28094,0.359367,0.15,1,546873,546445,428
36038061,67.76,66.9546,429,28169,0.351873,0.15,1,546952,546523,429
36040981,43.952,42.9909,430,28244,0.334375,0.15,1,546990,546560,430
36043901,10.3904,10.1982,430,28319,0.330875,0.19,1,546992,546562,430
36046821,26.0781,25.2396,431,28394,0.346175,0.19,1,547022,546591,431
36049741,30.0156,5.04793,462,28469,0.333235,0.21,1,547053,546591,462
36052661,150.003,25.8096,611,28543,0.410647,0.35,1,547233,546622,611
36055581,50.8006,145.162,462,28617,0.442129,0.35,1,547259,546797,462
36058501,34.1601,49.8324,466,28691,0.448426,0.31,1,547289,546823,466
36061421,23.632,33.9665,457,28765,0.465685,0.37,1,547310,546853,457
36064341,67.9264,22.7933,516,28839,0.501137,0.35,1,547389,546873,516
36067261,42.3853,67.7587,473,28912,0.508227,0.33,1,547425,546952,473
36070181,10.0771,43.9517,437,28985,0.525645,0.33,1,547427,546990,437
36073101,26.8154,10.3903,466,29058,0.545129,0.35,1,547458,546992,466
36076021,30.9631,26.0781,468,29131,0.581026,0.33,1,547490,547022,468
36078941,154.993,30.0156,623,29204,0.620205,0.43,1,547676,547053,623
36081861,51.7985,150.003,469,29276,0.660041,0.45,1,547702,547233,469
36084781,34.3597,50.8006,473,29348,0.684008,0.45,1,547732,547259,473
36087701,24.4719,34.1601,465,29420,0.720802,0.47,1,547754,547289,465
36090621,69.6944,23.632,525,29492,0.72816,0.51,1,547835,547310,525
36093541,43.5389,67.9264,483,29564,0.761632,0.51,2,547872,547389,483
36096461,10.3078,42.3853,449,29636,0.768326,0.53,2,547874,547425,449
36099381,28.4616,10.0771,480,29707,0.785665,0.55,2,547907,547427,480
36102301,32.0923,26.8154,482,29778,0.821133,0.59,2,547940,547458,482
36105221,8.01846,30.9631,452,29849,0.828227,0.63,2,547942,547490,452
36108141,152.804,154.993,455,29920,0.893645,0.67,2,548131,547676,455
36111061,51.3607,51.7985,455,29991,0.922729,0.69,2,548157,547702,455
36113981,35.8721,34.3597,457,30062,0.928546,0.73,2,548189,547732,457
36116901,26.3744,24.4719,459,30132,0.913709,0.73,2,548213,547754,459
36119821,69.2749,69.6944,458,30202,0.926742,0.77,2,548293,547835,458
36122741,45.055,43.5389,460,30272,0.929348,0.77,2,548332,547872,460
36239541,52,65,489,32951,0.83,1,2,550192,549703,489
36242461,34.4,46.6,477,33015,0.766,1,2,550222,549745,477
36245381,43.68,30.92,496,33079,0.6572,1,1,550268,549772,496
36248301,35.136,25.384,505,33143,0.55544,1,1,550301,549796,505
36251221,33.4272,27.4768,510,33207,0.455088,1,1,550334,549824,510
36254141,36.2854,28.6954,518,33271,0.307018,1,1,550371,549853,518
36257061,109.657,139.339,479,33335,0.0854035,1,1,550499,550020,479
36259981,52.3314,54.2678,484,33398,0.0250807,1,1,550537,550053,484
36262901,29.6663,37.2536,475,33461,0.0770161,0.88,1,550561,550086,475
36265821,25.1333,30.6507,470,33524,0.0554032,0.91,1,550585,550115,470
36268741,21.0267,26.1301,465,33587,0.0350806,0.83,1,550605,550140,465
36271661,42.6053,46.826,461,33650,0.0150161,0.75,1,550653,550192,461
36274581,27.7211,33.3652,455,33713,0.0430032,0.63,1,550677,550222,455
36277501,38.3442,43.473,450,33776,0.0486006,0.53,1,550718,550268,450
36280421,32.4688,35.0946,448,33839,0.0497201,0.43,1,550749,550301,448
36283341,28.0938,33.4189,442,33901,0.065944,0.27,1,550776,550334,442
36286261,30.4188,36.2838,436,33963,0.0531888,0.03,1,550807,550371,436
36289181,97.2838,109.657,422,34025,0.0186378,0.01,1,550921,550499,422
36292101,50.6568,52.3313,423,34087,0.0277276,0.09,1,550960,550537,423
36295021,29.3314,29.6663,423,34149,0.0455455,0.05,1,550984,550561,423
36297941,24.2663,25.1333,422,34211,0.0331091,0.05,1,551007,550585,422
36300861,20.0533,5.02665,441,34273,0.0146218,0.03,1,551026,550585,441
36303781,42.4107,17.0053,469,34335,0.0589244,0.01,1,551074,550605,469
36306701,27.6821,41.8011,445,34397,0.0357849,0.05,1,551098,550653,445
36309621,39.1364,27.5602,463,34458,0.031157,0.05,1,551140,550677,463
36312541,32.6273,38.312,453,34519,0.0302314,0.05,1,551171,550718,453
36315461,29.7255,32.4624,451,34580,0.0780463,0.07,1,551200,550749,451
36318381,29.1451,28.0925,453,34641,0.135609,0.05,1,551229,550776,453
36321301,96.229,30.4185,535,34702,0.0351218,0.01,1,551342,550807,535
36324221,50.4458,97.2837,460,34763,0.0470244,0.03,1,551381,550921,460
36327141,29.2892,50.6567,445,34824,0.0334049,0.05,1,551405,550960,445
36330061,24.2578,29.3313,444,34885,0.046681,0.03,1,551428,550984,444
36332981,20.0516,24.2663,440,34946,0.0173362,0.01,1,551447,551007,440
36335901,42.4103,20.0533,469,35006,0.0114672,0.07,1,551495,551026,469
36338821,27.6821,42.4107,445,35066,0.0102934,0.03,1,551519,551074,445
36341741,39.1364,27.6821,463,35126,0.0260587,0.03,1,551561,551098,463
36344661,35.8273,39.1364,456,35186,0.0452117,0.03,1,551596,551140,456
36347581,30.3655,32.6273,454,35246,0.0810423,0.09,1,551625,551171,454
36350501,31.6731,29.7255,457,35306,0.104208,0.15,1,551657,551200,457
36353421,91.9346,29.1451,535,35366,0.0288417,0.01,1,551764,551229,535
36356341,48.7869,96.229,460,35426,0.0457683,0.05,1,551802,551342,460
36359261,28.9574,50.4458,445,35486,0.00915367,0.03,1,551826,551381,445
36362181,24.9915,29.2892,445,35546,0.00983073,0.05,1,551850,551405,445
36365101,20.1983,24.2578,441,35605,0.00996615,0.01,1,551869,551428,441
36368021,42.4397,20.0516,470,35664,0.00199323,0.01,1,551917,551447,470
36370941,10.0879,42.4103,424,35723,0.00839865,0.01,1,551919,551495,424
36373861,19.6176,27.6821,422,35782,0.0896797,0.03,1,551941,551519,422
36376781,37.5235,39.1364,422,35841,0.0259359,0.05,1,551983,551561,422
36379701,37.1047,35.8273,424,35900,0.0291872,0.09,1,552020,551596,424
36382621,32.2209,30.3655,426,35959,0.0618374,0.11,1,552051,551625,426
36385541,33.6442,31.6731,428,36018,0.100367,0.01,1,552085,551657,428
36388461,87.5288,91.9346,422,36077,0.108074,0.05,1,552186,551764,422
36391381,49.5058,48.7869,424,36136,0.0776147,0,1,552226,551802,424
36394301,29.1012,28.9574,424,36194,0.0395229,0.01,1,552250,551826,424
36397221,23.4202,24.9915,422,36252,0.0479046,0.01,1,552272,551850,422
36400141,20.684,20.1983,423,36310,0.0815809,0,1,552292,551869,423
36403061,43.3368,42.4397,424,36368,0.0163162,0.01,1,552341,551917,424
36405981,10.2674,10.0879,424,36426,0.0112632,0.11,1,552343,551919,424
36408901,20.4535,19.6176,425,36484,0.0422526,0.01,1,552366,551941,425
36411821,35.2907,37.5235,422,36542,0.0164505,0.03,1,552405,551983,422
36414741,38.2581,37.1047,424,36600,0.0272901,0.07,1,552444,552020,424
36417661,33.2516,32.2209,425,36658,0.029458,0.11,1,552476,552051,425
36420581,33.8503,33.6442,425,36716,0.0618916,0.11,1,552510,552085,425
36423501,89.1701,87.5288,427,36774,0.0683783,0.07,1,552613,552186,427
36426421,48.234,49.5058,425,36831,0.0376757,0.03,1,552651,552226,425
36429341,27.2468,29.1012,423,36888,0.0315351,0.05,1,552673,552250,423
36432261,24.6494,23.4202,425,36945,0.046307,0.09,1,552697,552272,425
36435181,20.1299,20.684,424,37002,0.0172614,0,1,552716,552292,424
36438101,41.626,43.3368,422,37059,0.0274523,0.01,1,552763,552341,422
36441021,9.92519,10.2674,422,37116,0.0294905,0.05,1,552765,552343,422
36443941,21.185,20.4535,423,37173,0.0298981,0.05,1,552789,552366,423
36446861,33.837,4.09069,460,37230,0.0299796,0.01,1,552826,552366,460
36449781,38.7674,32.0181,461,37287,0.0299959,0.03,1,552866,552405,461
36452701,33.3535,37.6036,454,37344,0.0459992,0.03,1,552898,552444,454
36455621,35.4707,33.1207,458,37401,0.0331998,0.07,1,552934,552476,458
36458541,87.8941,33.8241,525,37457,0.11064,0.07,1,553035,552510,525
36461461,47.9788,89.1648,460,37513,0.158128,0.03,1,553073,552613,460
36464381,27.1958,48.233,444,37569,0.167626,0.03,1,553095,552651,444
36467301,23.8392,27.2466,445,37625,0.153525,0.05,1,553118,552673,445
36470221,19.9678,24.6493,440,37681,0.134705,0.01,1,553137,552697,440
36473141,41.5936,20.1299,468,37737,0.178941,0.03,1,553184,552716,468
36476061,9.91871,41.626,423,37793,0.187788,0.03,1,553186,552763,423
36478981,21.1837,9.92519,445,37849,0.125558,0.03,1,553210,552765,445
36481901,34.6367,21.185,459,37905,0.129112,0.03,1,553248,552789,459
36484821,38.9273,33.837,462,37961,0.113822,0.03,1,553288,552826,462
36487741,34.9855,38.7674,456,38017,0.110764,0.05,1,553322,552866,456
36490661,34.1971,33.3535,458,38073,0.0781529,0.03,1,553356,552898,458
36493581,91.6394,35.4707,528,38128,0.151631,0.13,1,553462,552934,528
36496501,50.3279,87.8941,467,38183,0.198326,0.17,1,553502,553035,467
36499421,27.6656,47.9788,451,38238,0.207665,0.17,1,553524,553073,451
36502341,23.1331,27.1958,451,38293,0.209533,0.15,1,553546,553095,451
36505261,19.8266,23.8392,447,38348,0.225907,0.13,1,553565,553118,447
36508181,41.5653,19.9678,475,38403,0.261181,0.19,1,553612,553137,475
36511101,9.91306,41.5936,430,38458,0.268236,0.19,1,553614,553184,430
36514021,20.3826,9.91871,451,38513,0.285647,0.11,1,553637,553186,451
36516941,32.8765,21.1837,463,38568,0.321129,0.13,1,553673,553210,463
36519861,8.1753,34.6367,427,38623,0.328226,0.11,1,553675,553248,427
36522781,33.6351,38.9273,427,38678,0.329645,0.11,1,553715,553288,427
36525701,32.327,34.9855,425,38733,0.329929,0.07,1,553747,553322,425
36528621,33.6654,34.1971,425,38788,0.345986,0.17,1,553781,553356,425
36531541,95.5331,91.6394,430,38842,0.445197,0.21,1,553892,553462,430
36534461,52.7066,50.3279,432,38896,0.497039,0.21,1,553934,553502,432
36537381,28.1413,27.6656,432,38950,0.507408,0.21,1,553956,553524,432
36540301,23.2283,23.1331,432,39004,0.509482,0.23,1,553978,553546,432
36543221,20.6457,19.8266,433,39058,0.525896,0.27,1,553998,553565,433
36546141,43.3291,41.5653,435,39112,0.577179,0.27,1,554047,553612,435
36549061,10.2658,9.91306,435,39166,0.587436,0.29,1,554049,553614,435
36551981,21.2532,20.3826,436,39220,0.621487,0.33,1,554073,553637,436
36554901,34.6506,32.8765,438,39274,0.628297,0.33,1,554111,553673,438
36557821,8.53013,8.1753,438,39328,0.629659,0.33,1,554113,553675,438
36560741,33.706,33.6351,438,39382,0.645932,0.33,1,554153,553715,438
36563661,32.3412,32.327,438,39436,0.665186,0.35,1,554185,553747,438
36566581,35.2682,33.6654,440,39490,0.717037,0.47,1,554221,553781,440
36569501,99.8537,95.5331,445,39543,0.759408,0.51,2,554337,553892,445
36572421,55.1707,52.7066,447,39596,0.703882,0.51,1,554381,553934,447
36575341,28.6341,28.1413,447,39649,0.692776,0.51,1,554403,553956,447
36578261,23.3268,23.2283,447,39702,0.738555,0.53,1,554425,553978,447
36581181,22.2654,20.6457,449,39755,0.747711,0.59,1,554447,553998,449
36584101,45.2531,43.3291,451,39808,0.733542,0.59,1,554498,554047,451
36587021,10.6506,10.2658,451,39861,0.730708,0.63,1,554500,554049,451
36589941,21.3301,21.2532,451,39914,0.730142,0.63,1,554524,554073,451
36592861,36.266,34.6506,453,39967,0.682028,0.63,1,554564,554111,453
36595781,8.8532,8.53013,453,40020,0.704406,0.65,1,554566,554113,453
36598701,34.5706,33.706,454,40073,0.692881,0.65,1,554607,554153,454
36601621,33.3141,6.7412,487,40126,0.674576,0.67,1,554640,554153,487
36604541,37.0628,26.9482,493,40179,0.638915,0.73,1,554678,554185,493
36607461,100.213,34.1896,573,40232,0.647783,0.77,1,554794,554221,573
36610381,53.6425,99.6379,499,40284,0.665557,0.69,1,554836,554337,499
36613301,28.3285,55.1276,477,40336,0.685111,0.69,1,554858,554381,477
36616221,24.0657,28.6255,478,40388,0.721022,0.75,1,554881,554403,478
36619141,22.4131,23.3251,478,40440,0.760204,0.75,2,554903,554425,478
36622061,44.4826,22.265,506,40492,0.768041,0.73,2,554953,554447,506
36624981,10.4965,45.253,457,40544,0.769608,0.73,2,554955,554498,457
36627901,21.2993,10.6506,479,40596,0.785922,0.73,2,554979,554500,479
36630821,35.4599,21.3301,494,40648,0.773184,0.67,2,555018,554524,494
36633741,8.69197,36.266,456,40700,0.770637,0.71,2,555020,554564,456
36636661,33.7384,8.8532,494,40752,0.802127,0.69,2,555060,554566,494
36639581,32.3477,34.5706,485,40804,0.840425,0.67,2,555092,554607,485
36642501,36.8695,33.3141,490,40856,0.864085,0.63,2,555130,554640,490
36645421,101.774,37.0628,570,40908,0.868817,0.65,2,555248,554678,570
36648341,53.9548,100.213,496,40960,0.885763,0.67,2,555290,554794,496
36651261,29.991,53.6425,478,41012,0.921153,0.69,2,555314,554836,478
36788501,30,27,511,43364,0.75,1,2,556904,556393,511
36791421,31.6,26.2,517,43413,0.766,1,2,556936,556419,517
36794341,24.72,22.04,519,43462,0.6732,1,1,556959,556440,519
36797261,16.944,23.608,510,43511,0.67064,1,1,556974,556464,510
36800181,26.5888,28.7216,509,43559,0.590128,1,1,557003,556494,509
36803101,28.5178,29.7443,508,43607,0.494026,1,1,557032,556524,508
36806021,28.9036,31.5489,505,43655,0.410805,1,1,557061,556556,505
36808941,72.1807,33.5098,554,43703,0.314161,1,1,557144,556590,554
36811861,41.6361,78.702,498,43751,0.262832,1,1,557178,556680,498
36814781,41.1272,42.9404,505,43799,0.188566,1,1,557219,556714,505
36817701,30.6254,35.7881,499,43847,0.157713,0.98,1,557247,556748,499
36820621,24.5251,31.1576,492,43895,0.183543,0.92,1,557270,556778,492
36823541,28.105,27.8315,494,43943,0.124709,0.77,1,557299,556805,494
36826461,32.021,28.7663,498,43991,0.128942,0.73,1,557332,556834,498
36829381,30.4042,37.7533,488,44039,0.113788,0.75,1,557362,556874,488
36832301,29.2808,31.5507,487,44087,0.126758,0.77,1,557391,556904,487
36835221,22.6562,31.9101,476,44135,0.161352,0.65,1,557412,556936,476
36838141,14.1312,24.782,465,44183,0.16827,0.67,1,557424,556959,465
36841061,24.4262,16.9564,477,44231,0.185654,0.57,1,557451,556974,477
36843981,24.8852,26.5913,473,44279,0.141131,0.47,1,557476,557003,473
36846901,24.1771,28.5183,468,44327,0.196226,0.39,1,557500,557032,468
36849821,68.8354,28.9037,519,44375,0.223245,0.29,1,557580,557061,519
36852741,41.7671,72.1807,471,44423,0.244649,0.25,1,557615,557144,471
36855661,38.7534,41.6361,475,44470,0.26493,0.17,1,557653,557178,475
36858581,9.35068,41.1272,436,44517,0.300986,0.15,1,557655,557219,436
36861501,23.4701,30.6254,435,44564,0.340197,0.19,1,557682,557247,435
36864421,19.094,24.5251,430,44611,0.380039,0.11,1,557700,557270,430
36867341,24.6188,28.105,427,44658,0.372008,0.13,1,557726,557299,427
36870261,32.1238,32.021,428,44705,0.418402,0.11,1,557760,557332,428
36873181,30.4248,30.4042,428,44752,0.41168,0.13,1,557790,557362,428
36876101,30.085,29.2808,429,44799,0.410336,0.17,1,557820,557391,429
36879021,23.617,22.6562,430,44846,0.410067,0.17,1,557842,557412,430
36881941,14.3234,14.1312,430,44893,0.458013,0.19,1,557854,557424,430
36884861,23.6647,24.4262,429,44940,0.451603,0.13,1,557880,557451,429
36887781,23.9329,24.8852,428,44987,0.466321,0.21,1,557904,557476,428
36890701,25.5866,24.1771,430,45034,0.501264,0.23,1,557930,557500,430
36893621,71.5173,68.8354,433,45081,0.524253,0.25,1,558013,557580,433
36896541,43.9035,41.7671,435,45128,0.560851,0.27,1,558050,557615,435
36899461,40.7807,38.7534,437,45175,0.58417,0.31,1,558090,557653,437
36902381,9.75614,9.35068,437,45222,0.556834,0.35,1,558092,557655,437
36905301,25.1512,23.4701,439,45269,0.583367,0.39,1,558121,557682,439
36908221,19.4302,19.094,439,45316,0.588673,0.37,1,558139,557700,439
36911141,26.286,24.6188,441,45363,0.621735,0.43,1,558167,557726,441
36914061,32.4572,32.1238,441,45409,0.628347,0.41,1,558201,557760,441
36916981,29.6914,30.4248,440,45455,0.581669,0.41,1,558230,557790,440
36919901,31.5383,30.085,442,45501,0.540334,0.41,1,558262,557820,442
36922821,23.9077,23.617,442,45547,0.532067,0.47,1,558284,557842,442
36925741,15.9815,14.3234,444,45593,0.578413,0.45,1,558298,557854,444
36928661,23.9963,23.6647,444,45639,0.571683,0.47,1,558324,557880,444
36931581,24.7993,23.9329,445,45685,0.586337,0.51,1,558349,557904,445
36934501,25.7599,25.5866,445,45731,0.557267,0.53,1,558375,557930,445
36937421,73.952,71.5173,448,45777,0.519453,0.57,1,558461,558013,448
36940341,44.3904,43.9035,448,45823,0.543891,0.59,1,558498,558050,448
36943261,41.6781,40.7807,449,45869,0.500778,0.55,1,558539,558090,449
36946181,9.93562,9.75614,449,45915,0.524156,0.55,1,558541,558092,449
36949101,25.9871,1.95123,479,45961,0.496831,0.59,1,558571,558092,479
36952021,19.5974,23.5902,468,46007,0.491366,0.59,1,558589,558121,468
36954941,26.3195,19.118,478,46053,0.506273,0.63,1,558617,558139,478
36957861,32.4639,26.2236,484,46099,0.525255,0.63,1,558651,558167,484
36960781,28.8928,32.4447,478,46145,0.529051,0.57,1,558679,558201,478
36963701,29.7786,29.6889,479,46191,0.57781,0.53,1,558709,558230,479
36966621,24.3557,31.5378,470,46237,0.619562,0.53,1,558732,558262,470
36969541,16.8711,23.9076,463,46283,0.611912,0.59,1,558747,558284,463
36972461,24.1742,15.9815,475,46329,0.658382,0.57,1,558773,558298,475
36975381,24.0348,23.9963,473,46375,0.683677,0.59,1,558797,558324,473
36978301,25.607,24.7993,474,46420,0.704735,0.55,1,558823,558349,474
36981221,72.3214,25.7599,532,46465,0.740947,0.51,1,558907,558375,532
36984141,44.0643,73.952,483,46510,0.748189,0.55,1,558944,558461,483
36987061,40.8129,44.3904,486,46555,0.765638,0.49,2,558984,558498,486
36989981,9.76257,41.6781,447,46600,0.769128,0.53,2,558986,558539,447
36992901,25.9525,9.93562,475,46645,0.769826,0.49,2,559016,558541,475
36995821,20.3905,25.9871,464,46690,0.785965,0.49,2,559035,558571,464
36998741,26.4781,19.5974,474,46735,0.773193,0.51,2,559063,558589,474
37001661,33.2956,26.3195,481,46780,0.834639,0.53,2,559098,558617,481
37004581,29.8591,32.4639,476,46825,0.862928,0.53,2,559127,558651,476
37007501,32.3718,28.8928,481,46870,0.884586,0.59,2,559160,558679,481
37010421,25.6744,29.7786,475,46915,0.856917,0.63,2,559184,558709,475
37013341,17.9349,24.3557,468,46960,0.851383,0.61,2,559200,558732,468
37016261,25.187,16.8711,480,47005,0.834277,0.67,2,559227,558747,480
37019181,25.8374,24.1742,480,47050,0.830855,0.69,2,559253,558773,480
37022101,27.5675,24.0348,484,47095,0.894171,0.71,2,559281,558797,484
37192921,47,22,493,22724,0.55,0.95,1,561180,560687,493
37195841,108.6,98,500,22817,0.566,0.83,1,561304,560804,500
37198761,79.32,84.4,491,22910,0.6012,0.79,1,561376,560885,491
37201681,67.064,58.48,503,23003,0.64024,0.65,1,561440,560937,503
37204601,43.0128,66.896,471,23095,0.664048,0.63,1,561477,561006,471
37207521,22.2026,36.5792,459,23187,0.68481,0.55,1,561494,561035,459
37210441,42.8405,43.3158,462,23278,0.688962,0.57,1,561542,561080,462
37213361,75.7681,51.0632,493,23369,0.753792,0.55,2,561626,561133,493
37216281,116.754,47.8126,573,23460,0.846758,0.57,2,561753,561180,573
37219201,83.3507,108.763,524,23550,0.881352,0.61,2,561828,561304,524
37222121,70.2701,79.3525,519,23640,0.93627,0.65,2,561895,561376,519
37338921,31,95,502,26994,0.75,1,2,564222,563720,502
37341841,26.2,50.2,488,27072,0.766,1,2,564247,563759,488
37344761,54.84,58.84,489,27150,0.7532,1,2,564309,563820,489
37347681,26.968,24.568,493,27228,0.70264,1,1,564329,563836,493
37350601,20.5936,31.3136,479,27306,0.708528,0.89,1,564348,563869,479
37353521,35.3187,32.6627,485,27384,0.661706,1,1,564387,563902,485
37356441,43.8637,52.1325,474,27461,0.588341,0.96,1,564433,563959,474
37359361,108.773,114.427,469,27538,0.477668,0.73,1,564558,564089,469
37362281,98.5546,104.485,463,27615,0.487534,0.75,1,564654,564191,463
37365201,41.3109,45.6971,459,27692,0.521507,0.77,1,564681,564222,459
37368121,33.8622,29.1394,466,27768,0.544301,0.75,1,564713,564247,466
37371041,51.5724,55.4279,460,27844,0.62886,0.69,1,564769,564309,460
37373961,24.7145,27.0856,458,27920,0.613772,0.71,1,564787,564329,458
37376881,18.5429,20.6171,456,27996,0.594754,0.65,1,564804,564348,456
37379801,30.9086,35.3234,451,28072,0.638951,0.57,1,564838,564387,451
37382721,40.5817,43.8647,448,28147,0.59979,0.45,1,564881,564433,448
37385641,104.916,108.773,444,28222,0.703958,0.49,1,565002,564558,444
37388561,97.7833,98.5546,444,28297,0.756792,0.53,2,565098,564654,444
37391481,42.7567,41.3109,446,28372,0.783358,0.53,2,565127,564681,446
37394401,34.9513,8.26218,479,28447,0.756672,0.55,2,565160,564681,479
37397321,53.3903,27.2524,505,28521,0.799334,0.65,2,565218,564713,505
37400241,25.0781,50.2505,467,28595,0.839867,0.61,2,565236,564769,467
37403161,19.4156,24.4501,467,28669,0.847973,0.59,2,565254,564787,467
37406081,31.8831,18.49,485,28743,0.865595,0.65,2,565289,564804,485
37409001,41.5766,30.898,495,28817,0.869119,0.59,2,565333,564838,495
37531641,28,108,505,31754,0.77,1,2,567504,566999,505
37534561,31.2,46.4,506,31821,0.754,1,2,567536,567030,506
37537481,51.84,34.88,531,31887,0.7188,1,1,567593,567062,531
37540401,39.968,56.576,506,31953,0.67976,1,1,567630,567124,506
37543321,28.7936,40.1152,496,32019,0.719952,1,1,567656,567160,496
37546241,13.7587,28.823,480,32085,0.72799,1,1,567666,567186,480
37549161,17.9517,13.7646,489,32151,0.793598,1,2,567685,567196,489
37552081,17.1903,20.3529,484,32217,0.79072,0.95,2,567702,567218,484
37555001,97.8381,18.4706,584,32283,0.838144,0.73,2,567820,567236,584
37557921,110.768,103.694,573,32349,0.863629,0.75,2,567934,567361,573
37560841,42.1535,112.739,483,32414,0.884726,0.77,2,567959,567476,483
37563761,37.2307,44.9478,491,32479,0.856945,0.75,2,567995,567504,491
37566681,48.2461,34.5896,510,32544,0.915389,0.71,2,568046,567536,510
37569601,44.0492,52.5179,496,32609,0.895078,0.67,2,568089,567593,496
37572521,28.0098,40.1036,483,32674,0.891016,0.73,2,568113,567630,483
37575441,14.402,28.8207,468,32739,0.906203,0.73,2,568124,567656,468
37578361,4.48039,13.7641,460,32804,0.877241,0.81,2,568126,567666,460
37581281,17.6961,17.9528,462,32868,0.887448,0.79,2,568147,567685,462
37584201,16.3392,17.1906,461,32932,0.88949,0.85,2,568163,567702,461
37727281,34,33,498,35943,0.41,1,1,570379,569881,498
37730201,38.8,45,490,36002,0.346,1,1,570419,569929,490
37733121,39.76,41.8,489,36061,0.2372,1,1,570459,569970,489
37736041,39.952,35.56,495,36120,0.13544,1,1,570499,570004,495
37738961,32.7904,30.312,497,36179,0.051088,1,1,570530,570033,497
37741881,20.9581,27.6624,488,36237,0.0502176,1,1,570548,570060,488
37744801,27.3916,22.3325,496,36295,0.0340435,1,1,570577,570081,496
37747721,30.2783,33.2665,491,36353,0.0628087,1,1,570608,570117,491
37750641,21.2557,33.8533,476,36411,0.0365617,1,1,570627,570151,476
37753561,25.0511,31.5707,471,36469,0.0633123,0.67,1,570653,570182,471
37756481,85.8102,103.914,450,36527,0.0526625,0.51,1,570754,570304,450
37759401,46.762,53.5828,446,36585,0.0505325,0.41,1,570791,570345,446
37762321,34.1524,37.9166,443,36643,0.0181065,0.33,1,570822,570379,443
37765241,36.4305,39.5833,440,36701,0.0596213,0.21,1,570859,570419,440
37768161,33.6861,39.9167,433,36759,0.0839243,0.11,1,570892,570459,433
37771081,32.3372,39.9833,425,36816,0.0727848,0.03,1,570924,570499,425
37774001,28.8674,32.7967,422,36873,0.118557,0.05,1,570952,570530,422
37776921,20.1735,20.9593,422,36930,0.0477114,0.03,1,570970,570548,422
37779841,27.2347,27.3919,422,36987,0.0975423,0.07,1,570999,570577,422
37782761,33.4469,30.2784,426,37044,0.0595085,0.03,1,571034,570608,426
37785681,18.6894,21.2557,422,37101,0.0519017,0.07,1,571049,570627,422
37788601,24.5379,25.0511,422,37158,0.0503803,0.07,1,571075,570653,422
37791521,86.5076,5.01023,524,37215,0.178076,0.05,1,571177,570653,524
37794441,46.9015,81.802,460,37272,0.171615,0.05,1,571214,570754,460
37797361,32.5803,45.9604,452,37329,0.170323,0.01,1,571243,570791,452
37800281,38.5161,33.9921,461,37386,0.122065,0.07,1,571283,570822,461
37803201,34.9032,36.3984,458,37443,0.128413,0.09,1,571317,570859,458
37806121,30.1806,33.6797,454,37499,0.161683,0.07,1,571346,570892,454
37809041,28.4361,32.3359,450,37555,0.136337,0.13,1,571374,570924,450
37811961,19.2872,28.8672,439,37611,0.147267,0.03,1,571391,570952,439
37814881,27.0574,20.1734,450,37667,0.0534535,0.11,1,571420,570970,450
37817801,34.2115,27.2347,457,37723,0.0346907,0.05,1,571456,570999,457
37820721,18.0423,33.4469,436,37779,0.0629381,0.05,1,571470,571034,436
37823641,24.4085,18.6894,447,37835,0.0685876,0.05,1,571496,571049,447
37826561,93.6817,24.5379,532,37891,0.0537175,0.21,1,571607,571075,532
37829481,48.3363,86.5076,467,37947,0.0667435,0.17,1,571644,571177,467
37832401,30.4673,46.9015,456,38003,0.0853487,0.17,1,571670,571214,456
37835321,37.2935,32.5803,466,38059,0.10507,0.11,1,571709,571243,466
37838241,35.4587,38.5161,461,38115,0.125014,0.13,1,571744,571283,461
37841161,31.8917,34.9032,458,38170,0.145003,0.17,1,571775,571317,458
37844081,27.1783,30.1806,455,38225,0.149001,0.13,1,571801,571346,455
37847001,15.0357,28.4361,439,38280,0.1498,0.15,1,571813,571374,439
37849921,26.2071,19.2872,451,38335,0.13396,0.03,1,571842,571391,451
37852841,35.6414,27.0574,460,38390,0.114792,0.03,1,571880,571420,460
37855761,18.3283,34.2115,438,38445,0.110958,0.07,1,571894,571456,438
37858681,24.4657,18.0423,450,38500,0.142192,0.07,1,571920,571470,450
37861601,91.2931,24.4085,532,38555,0.132438,0.05,1,572028,571496,532
37864521,49.4586,93.6817,460,38610,0.130488,0.07,1,572067,571607,460
37867441,11.4917,48.3363,425,38665,0.130098,0.09,1,572069,571644,425
37870361,23.8983,30.4673,426,38720,0.17802,0.11,1,572096,571670,426
37873281,36.7797,37.2935,427,38775,0.171604,0.13,1,572136,571709,427
37876201,36.9559,35.4587,429,38829,0.186321,0.15,1,572173,571744,429
37879121,32.1912,31.8917,429,38883,0.221264,0.15,1,572204,571775,429
37882041,27.2382,27.1783,429,38937,0.244253,0.15,1,572230,571801,429
37884961,15.0476,15.0357,429,38991,0.216851,0.13,1,572242,571813,429
37887881,25.4095,26.2071,428,39045,0.25937,0.11,1,572270,571842,428
37890801,34.6819,35.6414,427,39099,0.283874,0.11,1,572307,571880,427
37893721,19.7364,18.3283,429,39153,0.256775,0.15,1,572323,571894,429
37896641,24.7473,24.4657,429,39207,0.283355,0.13,1,572349,571920,429
37899561,90.5495,91.2931,428,39261,0.256671,0.13,1,572456,572028,428
37902481,47.7099,49.4586,426,39315,0.267334,0.13,1,572493,572067,426
37905401,11.142,11.4917,426,39369,0.269467,0.19,1,572495,572069,426
37908321,26.2284,23.8983,429,39423,0.285893,0.17,1,572525,572096,429
37911241,38.0457,36.7797,430,39477,0.321179,0.19,1,572566,572136,430
37914161,37.2091,36.9559,430,39530,0.344236,0.23,1,572603,572173,430
37917081,33.0418,32.1912,431,39583,0.348847,0.25,1,572635,572204,431
37920001,28.2084,27.2382,432,39636,0.333769,0.21,1,572662,572230,432
37922921,15.2417,15.0476,432,39689,0.378754,0.27,1,572674,572242,432
37925841,26.2483,25.4095,433,39742,0.387751,0.29,1,572703,572270,433
37928761,35.6497,34.6819,434,39795,0.42155,0.25,1,572741,572307,434
37931681,19.9299,19.7364,434,39848,0.42831,0.29,1,572757,572323,434
37934601,24.786,24.7473,434,39901,0.445662,0.25,1,572783,572349,434
37937521,90.5572,90.5495,434,39954,0.465132,0.27,1,572890,572456,434
37940441,48.5114,47.7099,435,40007,0.501026,0.27,1,572928,572493,435
37943361,11.3023,11.142,435,40060,0.508205,0.27,1,572930,572495,435
37946281,27.8605,2.2284,467,40113,0.525641,0.29,1,572962,572495,467
37949201,38.3721,24.4457,478,40166,0.561128,0.33,1,573003,572525,478
37952121,38.0744,37.6891,475,40219,0.600226,0.35,1,573041,572566,475
37955041,33.2149,37.1378,470,40271,0.624045,0.35,1,573073,572603,470
37957961,28.243,33.0276,465,40323,0.628809,0.33,1,573100,572635,465
37960881,16.0486,28.2055,451,40375,0.677762,0.39,1,573113,572662,451
37963801,27.2097,15.2411,469,40427,0.655552,0.39,1,573143,572674,469
37966721,35.8419,26.2482,478,40479,0.667111,0.43,1,573181,572703,478
37969641,20.7684,35.6496,457,40531,0.685422,0.43,1,573198,572741,457
37972561,25.7537,19.9299,468,40583,0.657084,0.45,1,573225,572757,468
37975481,93.1507,24.786,552,40635,0.699417,0.47,1,573335,572783,552
37978401,49.8301,90.5572,484,40687,0.691883,0.51,1,573374,572890,484
37981321,11.566,48.5114,448,40739,0.690377,0.51,1,573376,572928,448
37984241,30.3132,11.3023,481,40791,0.674075,0.53,1,573411,572930,481
37987161,39.6626,27.8605,491,40843,0.734815,0.57,1,573453,572962,491
37990081,39.9325,38.3721,490,40895,0.746963,0.61,1,573493,573003,490
37993001,33.5865,38.0744,484,40947,0.749393,0.63,1,573525,573041,484
37995921,29.9173,33.2149,481,40999,0.765878,0.63,2,573554,573073,481
37998841,15.5835,28.243,466,41050,0.769176,0.69,2,573566,573100,466
38001761,27.1167,16.0486,483,41101,0.785835,0.65,2,573596,573113,483
38004681,36.6233,27.2097,492,41152,0.789167,0.67,2,573635,573143,492
38007601,20.1247,35.8419,470,41203,0.789833,0.69,2,573651,573181,470
38010521,25.6249,20.7684,480,41254,0.805967,0.65,2,573678,573198,480
38013441,93.925,25.7537,564,41305,0.841193,0.71,2,573789,573225,564
38016361,50.785,93.1507,494,41356,0.848239,0.69,2,573829,573335,494
38019281,11.757,49.8301,457,41407,0.849648,0.69,2,573831,573374,457
38022201,29.5514,11.566,489,41458,0.865929,0.67,2,573865,573376,489
38025121,41.9103,30.3132,499,41509,0.869186,0.75,2,573910,573411,499
38028041,9.98206,39.6626,459,41560,0.917837,0.75,2,573912,573453,459
38235361,28,22,493,45022,0.83,1,2,576326,575833,493
38238281,24.8,35.6,478,45069,0.83,0.93,2,576350,575872,478
38241201,27.36,33.52,473,45116,0.894,0.94,2,576378,575905,473
38244121,28.672,28.304,475,45163,0.8588,0.98,2,576407,575932,475
38247041,23.3344,10.4608,491,45210,0.88376,1,2,576429,575938,491
38249961,20.6669,21.2922,487,45257,0.920752,0.9,2,576449,575962,487
38252881,22.5334,33.8584,473,45304,0.89615,0.95,2,576472,575999,473
38255801,26.1067,29.9717,471,45351,0.89123,1,2,576499,576028,471
38258721,21.2213,23.5943,469,45398,0.922246,1,2,576519,576050,469
38261641,33.0443,28.7189,475,45444,0.944449,0.88,2,576555,576080,475
38486481,95,100,469,21900,0.03,0.77,1,579093,578624,469
38489401,77.4,65.6,485,21997,0.03,0.59,1,579166,578681,485
38492321,47.48,62.72,463,22093,0.006,0.13,1,579206,578743,463
38495241,55.096,70.144,448,22189,0.0572,0.01,1,579263,578815,448
38498161,79.8192,62.0288,474,22285,0.03544,0,1,579349,578875,474
38501081,46.3638,66.0058,445,22380,0.015088,0.05,1,579387,578942,445
38504001,22.8728,32.4012,438,22475,0.0590176,0.01,1,579404,578966,438
38506921,66.1746,32.0802,483,22569,0.0358035,0.03,1,579481,578998,483
38509841,98.8349,82.416,495,22663,0.0311607,0.03,1,579588,579093,495
38512761,54.167,74.8832,465,22757,0.0462321,0,1,579631,579166,465
38515681,55.6334,46.9766,481,22850,0.0332464,0.07,1,579687,579206,481
38518601,79.1267,54.9953,509,22943,0.0626493,0.03,1,579772,579263,509
38521521,46.2253,79.7991,461,23035,0.0365299,0.01,1,579810,579349,461
38524441,22.0451,46.3598,439,23127,0.047306,0.07,1,579826,579387,439
38527361,65.209,22.872,498,23219,0.0654612,0.03,1,579902,579404,498
38530281,100.242,66.1744,530,23310,0.0850922,0.03,1,580011,579481,530
38533201,56.0484,98.8349,468,23401,0.121018,0.05,1,580056,579588,468
38536121,53.6097,54.167,478,23492,0.176204,0.03,1,580109,579631,478
38539041,80.3219,55.6334,509,23582,0.0912407,0.07,1,580196,579687,509
38541961,45.6644,79.1267,461,23672,0.0582481,0.03,1,580233,579772,461
38544881,21.9329,46.2253,439,23762,0.0356496,0.05,1,580249,579810,439
38547801,65.1866,22.0451,499,23851,0.0631299,0.07,1,580325,579826,499
38550721,100.237,65.209,532,23940,0.036626,0.09,1,580434,579902,532
38553641,21.6475,100.242,425,24029,0.0313252,0.13,1,580436,580011,425
38556561,44.3295,56.0484,430,24117,0.030265,0.19,1,580486,580056,430
38559481,52.0659,53.6097,431,24205,0.062053,0.07,1,580540,580109,431
38562401,75.2132,80.3219,425,24293,0.0524106,0.05,1,580621,580196,425
38565321,42.2426,45.6644,422,24380,0.0104821,0.03,1,580655,580233,422
38568241,22.0485,21.9329,423,24467,0.0100964,0.07,1,580672,580249,423
38571161,65.2097,65.1866,423,24554,0.0260193,0.03,1,580748,580325,423
38574081,100.242,100.237,423,24640,0.0132039,0.03,1,580857,580434,423
38577001,21.6484,21.6475,423,24726,0.0106408,0.03,1,580859,580436,423
38579921,43.5297,44.3295,422,24812,0.0421282,0.07,1,580908,580486,422
38582841,55.1059,52.0659,426,24897,0.0324256,0.05,1,580966,580540,426
38585761,72.6212,75.2132,422,24982,0.0784851,0,1,581043,580621,422
38588681,41.7242,42.2426,422,25067,0.023697,0.01,1,581077,580655,422
38591601,21.9448,22.0485,422,25152,0.0047394,0.03,1,581094,580672,422
38594521,65.989,65.2097,423,25236,0.000947881,0.01,1,581171,580748,423
38597441,99.5978,100.242,422,25320,0.0561896,0.01,1,581279,580857,422
38600361,21.5196,21.6484,422,25404,0.0672379,0.05,1,581281,580859,422
38603281,43.5039,43.5297,422,25487,0.0854476,0.05,1,581330,580908,422
38606201,54.3008,8.70594,479,25570,0.0890895,0.03,1,581387,580908,479
38609121,74.0602,48.1412,500,25653,0.0738179,0.09,1,581466,580966,500
38612041,40.412,71.2282,455,25736,0.118764,0.01,1,581498,581043,455
38614961,21.6824,41.4456,438,25818,0.0797527,0,1,581515,581077,438
38617881,66.7365,21.8891,499,25900,0.0399505,0,1,581593,581094,499
38620801,99.7473,65.9778,530,25982,0.0799901,0.07,1,581701,581171,530
38623721,21.5495,99.5956,424,26064,0.087998,0.07,1,581703,581279,424
38626641,44.3099,21.5191,472,26145,0.0895996,0.09,1,581753,581281,472
38629561,54.462,43.5038,480,26226,0.0899199,0.09,1,581810,581330,480
38632481,75.6924,54.3008,504,26307,0.041984,0.07,1,581891,581387,504
38635401,40.7385,74.0602,457,26388,0.144397,0.13,1,581923,581466,457
38638321,20.9477,40.412,441,26468,0.164879,0.07,1,581939,581498,441
38641241,65.7895,21.6824,501,26548,0.0329759,0.03,1,582016,581515,501
38644161,101.158,66.7365,533,26628,0.0785952,0.09,1,582126,581593,533
38647081,21.8316,99.7473,427,26708,0.087719,0.09,1,582128,581701,427
38650001,45.1663,21.5495,476,26787,0.0735438,0.09,1,582179,581703,476
38652921,53.8333,44.3099,482,26866,0.0707088,0.09,1,582235,581753,482
38655841,12.3667,54.462,427,26945,0.0701417,0.03,1,582237,581810,427
38658761,67.2733,75.6924,427,27024,0.0380283,0.17,1,582318,581891,427
38661681,41.4547,40.7385,430,27102,0.0636057,0.17,1,582353,581923,430
38664601,21.0909,20.9477,430,27180,0.0367211,0,1,582369,581939,430
38667521,61.0182,65.7895,424,27258,0.0153442,0.09,1,582440,582016,424
38670441,101.804,101.158,426,27336,0.0430688,0.09,1,582552,582126,426
38673361,21.9607,21.8316,426,27413,0.0486138,0.07,1,582554,582128,426
38676281,44.3921,45.1663,425,27490,0.0977228,0.07,1,582604,582179,425
38679201,53.6784,53.8333,425,27567,0.139545,0.07,1,582660,582235,425
38682121,12.3357,12.3667,425,27644,0.115909,0.03,1,582662,582237,425
38685041,66.4671,67.2733,424,27721,0.111182,0.07,1,582742,582318,424
38687961,40.4934,41.4547,423,27797,0.126236,0.03,1,582776,582353,423
38690881,20.8987,21.0909,423,27873,0.0972473,0.01,1,582792,582369,423
38693801,60.1797,61.0182,422,27949,0.139449,0.05,1,582862,582440,422
38696721,103.236,101.804,424,28025,0.14789,0.05,1,582976,582552,424
38699641,22.2472,21.9607,424,28101,0.149578,0.11,1,582978,582554,424
38702561,46.0494,44.3921,426,28176,0.149916,0.15,1,583030,582604,426
38705481,54.8099,53.6784,427,28251,0.213983,0.11,1,583087,582660,427
38708401,12.562,12.3357,427,28326,0.226797,0.11,1,583089,582662,427
38711321,64.9124,66.4671,425,28401,0.229359,0.11,1,583167,582742,425
38714241,40.1825,13.2934,459,28476,0.213872,0.13,1,583201,582742,459
38717161,20.8365,29.8587,441,28550,0.210774,0.09,1,583217,582776,441
38720081,59.3673,18.7717,494,28624,0.226155,0.15,1,583286,582792,494
38723001,104.673,59.7543,540,28698,0.325231,0.15,1,583402,582862,540
38725921,22.5347,103.151,428,28772,0.361046,0.15,1,583404,582976,428
38728841,47.7069,22.2302,480,28846,0.368209,0.15,1,583458,582978,480
38731761,56.7414,46.046,487,28919,0.465642,0.23,1,583517,583030,487
38734681,12.9483,54.8092,432,28992,0.485128,0.23,1,583519,583087,432
38737601,64.9897,12.5618,508,29065,0.489026,0.23,1,583597,583089,508
38740521,40.9979,64.9124,465,29138,0.505805,0.21,1,583632,583167,465
38743441,20.9996,40.1825,447,29211,0.525161,0.21,1,583648,583201,447
38746361,61.7999,20.8365,503,29283,0.561032,0.23,1,583720,583217,503
38749281,109.16,59.3673,555,29355,0.680206,0.35,1,583841,583286,555
38752201,23.432,104.673,441,29427,0.704041,0.37,1,583843,583402,441
38755121,47.8864,22.5347,493,29499,0.724808,0.37,1,583897,583404,493
38758041,61.5773,47.7069,504,29571,0.712962,0.49,1,583962,583458,504
38760961,13.9155,56.7414,447,29643,0.726592,0.49,1,583964,583517,447
38763881,65.1831,12.9483,523,29714,0.729318,0.49,1,584042,583519,523
38766801,41.8366,64.9897,481,29785,0.729864,0.51,1,584078,583597,481
38769721,9.96732,40.9979,448,29856,0.729973,0.53,1,584080,583632,448
38772641,14.7935,20.9996,448,29927,0.745995,0.57,1,584096,583648,448
38775561,62.9587,61.7999,451,29998,0.781199,0.71,2,584171,583720,451
38778481,114.192,109.16,457,30069,0.75624,0.71,2,584298,583841,457
38781401,24.4383,23.432,457,30139,0.767248,0.73,2,584300,583843,457
38784321,48.8877,47.8864,458,30209,0.81745,0.71,2,584355,583897,458
38787241,61.7775,61.5773,458,30279,0.85949,0.73,2,584420,583962,458
38790161,13.9555,13.9155,458,30349,0.835898,0.73,2,584422,583964,458
38793081,65.1911,65.1831,458,30419,0.84718,0.73,2,584500,584042,458
38796001,41.8382,41.8366,458,30489,0.881436,0.73,2,584536,584078,458
38798921,9.96764,9.96732,458,30558,0.856287,0.75,2,584538,584080,458
38801841,15.5935,14.7935,459,30627,0.835257,0.79,2,584555,584096,459
38804761,63.1187,62.9587,459,30696,0.895051,0.75,2,584630,584171,459
38807681,115.024,114.192,460,30765,0.92301,0.77,2,584758,584298,460
38810601,24.6047,24.4383,460,30834,0.928602,0.83,2,584760,584300,460
38813521,49.7209,48.8877,461,30903,0.94572,0.87,2,584816,584355,461
38816441,63.5442,61.7775,463,30971,0.933144,0.83,2,584883,584420,463
38819361,14.3088,13.9555,463,31039,0.930629,0.85,2,584885,584422,463
38930321,34,32,493,33531,0.63,1,1,586686,586193,493
38933241,34,28.8,499,33594,0.534,1,1,586720,586221,499
38936161,26,30.56,492,33657,0.4508,1,1,586744,586252,492
38939081,41.2,45.312,488,33720,0.22616,1,1,586789,586301,488
38942001,33.04,33.0624,489,33783,0.149232,1,1,586820,586331,489
38944921,47.408,49.8125,486,33846,0.0538464,1,1,586871,586385,486
38947841,41.4816,39.5625,489,33908,0.0667693,1,1,586911,586422,489
38950761,33.8963,29.5125,494,33970,0.0213539,1,1,586943,586449,494
38953681,23.5793,35.5025,478,34032,0.0282708,0.92,1,586964,586486,478
38956601,30.3159,33.5005,477,34094,0.0136542,0.75,1,586996,586519,477
38959521,96.4632,113.1,457,34156,0.0107308,0.63,1,587109,586652,457
38962441,39.2926,49.82,448,34218,0.0261462,0.63,1,587134,586686,448
38965361,31.0585,9.964,477,34280,0.0612292,0.51,1,587163,586686,477
38968281,22.2117,29.1928,463,34342,0.0522458,0.43,1,587183,586720,463
38971201,30.8423,25.0386,472,34404,0.114449,0.17,1,587216,586744,472
38974121,26.9685,41.0077,453,34465,0.0948898,0.13,1,587242,586789,453
38977041,45.3937,33.0015,472,34526,0.042978,0.03,1,587292,586820,472
38979961,41.0787,47.4003,461,34587,0.112596,0.07,1,587332,586871,461
38982881,33.8157,41.4801,453,34648,0.0625191,0.01,1,587364,586911,453
38985801,23.5632,33.896,442,34709,0.100504,0.03,1,587385,586943,442
38988721,30.3126,23.5792,453,34770,0.0601008,0.01,1,587417,586964,453
38991641,96.4625,30.3158,534,34831,0.0680202,0.01,1,587530,586996,534
38994561,39.2925,96.4632,446,34892,0.037604,0.03,1,587555,587109,446
38997481,33.4585,39.2926,453,34953,0.0315208,0.07,1,587587,587134,453
39000401,23.4917,31.0585,445,35013,0.0303042,0.05,1,587608,587163,445
39003321,31.0983,22.2117,458,35073,0.0780608,0.13,1,587641,587183,458
39006241,27.0197,30.8423,451,35133,0.103612,0.09,1,587667,587216,451
39009161,42.2039,26.9685,471,35193,0.0927224,0.03,1,587713,587242,471
39012081,43.6408,45.3937,465,35253,0.0905445,0.13,1,587757,587292,465
39015001,31.1282,41.0787,453,35313,0.0901089,0.05,1,587785,587332,453
39017921,25.4256,33.8157,445,35373,0.0420218,0.11,1,587809,587364,445
39020841,29.0851,23.5632,454,35433,0.0644044,0.05,1,587839,587385,454
39023761,97.017,30.3126,536,35493,0.0368809,0.07,1,587953,587417,536
39026681,38.6034,96.4625,447,35553,0.0633762,0.03,1,587977,587530,447
39029601,34.1207,39.2925,455,35612,0.0206752,0.03,1,588010,587555,455
39032521,25.2241,33.4585,446,35671,0.028135,0.03,1,588033,587587,446
39035441,6.64483,23.4917,427,35730,0.029627,0.09,1,588035,587608,427
39038361,27.729,31.0983,427,35789,0.0459254,0.11,1,588068,587641,427
39041281,26.3458,27.0197,427,35848,0.0331851,0.09,1,588094,587667,427
39044201,40.4692,42.2039,425,35907,0.046637,0.09,1,588138,587713,425
39047121,44.0938,43.6408,426,35966,0.0333274,0.09,1,588183,587757,426
39050041,28.0188,31.1282,422,36025,0.0466655,0.03,1,588207,587785,422
39052961,25.6038,25.4256,423,36084,0.0173331,0.07,1,588232,587809,423
39055881,29.1208,29.0851,423,36143,0.0274666,0.03,1,588262,587839,423
39058801,98.6242,97.017,425,36201,0.0294933,0.07,1,588378,587953,425
39061721,38.9248,38.6034,425,36259,0.0618987,0.01,1,588402,587977,425
39064641,33.385,34.1207,424,36317,0.0363797,0.03,1,588434,588010,424
39067561,24.277,25.2241,423,36375,0.0472759,0.03,1,588456,588033,423
39070481,6.4554,6.64483,423,36433,0.0494552,0.05,1,588458,588035,423
39073401,27.6911,27.729,423,36491,0.081891,0.03,1,588491,588068,423
39076321,26.3382,26.3458,423,36549,0.0723782,0.05,1,588517,588094,423
39079241,41.2676,40.4692,424,36607,0.150476,0.03,1,588562,588138,424
39082161,43.4535,44.0938,423,36665,0.214095,0.05,1,588606,588183,423
39085081,28.6907,28.0188,424,36723,0.210819,0.01,1,588631,588207,424
39088001,24.1381,25.6038,422,36781,0.130164,0.03,1,588654,588232,422
39090921,29.6276,29.1208,423,36838,0.0980328,0.03,1,588685,588262,423
39093841,98.7255,98.6242,423,36895,0.0436066,0.07,1,588801,588378,423
39096761,38.9451,38.9248,423,36952,0.0807213,0.03,1,588825,588402,423
39099681,33.389,33.385,423,37009,0.0721443,0.05,1,588857,588434,423
39102601,25.0778,24.277,424,37066,0.0864289,0.05,1,588880,588456,424
39105521,6.61556,6.4554,424,37123,0.0892858,0.09,1,588882,588458,424
39108441,27.7231,27.6911,424,37180,0.0738572,0.09,1,588915,588491,424
39111361,27.1446,5.53822,451,37237,0.0547714,0.07,1,588942,588491,451
39114281,43.8289,21.9076,473,37294,0.0669543,0.17,1,588990,588517,473
39117201,45.5658,40.3815,474,37351,0.0853909,0.23,1,589036,588562,474
39120121,28.3132,43.2763,454,37408,0.0890782,0.21,1,589060,588606,454
39123041,21.6626,28.6553,449,37464,0.0898156,0.11,1,589080,588631,449
39125961,28.3325,24.1311,456,37520,0.105963,0.09,1,589110,588654,456
39128881,96.0665,29.6262,538,37576,0.173193,0.03,1,589223,588685,538
39131801,39.2133,98.7252,447,37632,0.202639,0.09,1,589248,588801,447
39134721,34.2427,38.945,456,37688,0.224528,0.07,1,589281,588825,456
39137641,24.4485,33.389,446,37744,0.244906,0.09,1,589303,588857,446
39140561,6.48971,25.0778,425,37800,0.264981,0.09,1,589305,588880,425
39143481,26.8979,6.61556,455,37856,0.268996,0.07,1,589337,588882,455
39146401,27.7796,27.7231,450,37912,0.269799,0.05,1,589365,588915,450
39149321,43.1559,27.1446,470,37968,0.28596,0.07,1,589412,588942,470
39152241,47.8312,43.8289,471,38024,0.337192,0.09,1,589461,588990,471
39155161,28.7662,45.5658,449,38080,0.379438,0.09,1,589485,589036,449
39158081,21.7532,28.3132,445,38135,0.419888,0.09,1,589505,589060,445
39161001,29.1507,21.6626,456,38190,0.443978,0.11,1,589536,589080,456
39163921,99.4301,28.3325,543,38245,0.496796,0.19,1,589653,589110,543
39166841,40.686,96.0665,456,38300,0.523359,0.21,1,589679,589223,456
39169761,36.1372,39.2133,466,38355,0.560672,0.23,1,589714,589248,466
39172681,25.6274,34.2427,456,38410,0.552134,0.25,1,589737,589281,456
39175601,6.72549,24.4485,436,38465,0.550427,0.27,1,589739,589303,436
39178521,26.9451,6.48971,466,38520,0.550085,0.27,1,589771,589305,466
39181441,27.789,26.8979,462,38575,0.550017,0.27,1,589799,589337,462
39184361,7.1578,27.7796,436,38630,0.550003,0.29,1,589801,589365,436
39187281,39.0316,43.1559,436,38685,0.534001,0.35,1,589848,589412,436
39190201,49.4063,47.8312,439,38740,0.5788,0.39,1,589900,589461,439
39193121,31.4813,28.7662,442,38795,0.57176,0.43,1,589927,589485,442
39196041,23.0963,21.7532,443,38849,0.602352,0.45,1,589948,589505,443
39198961,30.2193,29.1507,444,38903,0.60847,0.51,1,589980,589536,444
39201881,102.044,99.4301,447,38957,0.609694,0.53,1,590100,589653,447
39204801,42.0088,40.686,448,39011,0.657939,0.57,1,590127,589679,448
39207721,36.4018,36.1372,448,39065,0.619588,0.55,1,590162,589714,448
39210641,26.4804,25.6274,449,39119,0.611918,0.55,1,590186,589737,449
39213561,6.89607,6.72549,449,39173,0.626384,0.55,1,590188,589739,449
39216481,26.9792,26.9451,449,39227,0.661277,0.55,1,590220,589771,449
39219401,27.7958,27.789,449,39281,0.668255,0.55,1,590248,589799,449
39222321,7.15917,7.1578,449,39335,0.669651,0.53,1,590250,589801,449
39225241,38.2318,39.0316,448,39389,0.65393,0.59,1,590296,589848,448
39228161,51.6464,49.4063,451,39443,0.714786,0.57,1,590351,589900,451
39231081,31.9293,31.4813,451,39497,0.710957,0.61,1,590378,589927,451
39234001,23.9859,23.0963,452,39550,0.726191,0.61,1,590400,589948,452
39236921,30.3972,30.2193,452,39603,0.745238,0.61,1,590432,589980,452
39239841,102.079,102.044,452,39656,0.781048,0.67,2,590552,590100,452
39242761,42.8159,42.0088,453,39709,0.836209,0.61,2,590580,590127,453
39245681,35.7632,36.4018,452,39762,0.815242,0.61,2,590614,590162,452
39248601,27.1526,26.4804,453,39815,0.827048,0.63,2,590639,590186,453
39251521,7.03053,6.89607,453,39868,0.82941,0.67,2,590641,590188,453
39254441,27.0061,26.9792,453,39921,0.845882,0.67,2,590673,590220,453
39257361,27.8012,27.7958,453,39974,0.865176,0.67,2,590701,590248,453
39260281,7.16024,7.15917,453,40027,0.869035,0.65,2,590703,590250,453
39263201,39.0321,38.2318,454,40080,0.885807,0.65,2,590750,590296,454
39266121,52.6064,7.64637,510,40133,0.825161,0.73,2,590806,590296,510
39269041,32.9213,45.5293,483,40186,0.813032,0.71,2,590834,590351,483
39271961,24.9843,30.7059,479,40239,0.794606,0.73,2,590857,590378,479
39274881,32.1969,23.7412,491,40291,0.838921,0.75,2,590891,590400,491
39277801,104.039,30.3482,581,40343,0.895784,0.79,2,591013,590432,581
39280721,43.2079,102.07,489,40395,0.907157,0.85,2,591041,590552,489
39476361,107,133,483,19925,0.33,0.33,1,593478,592995,483
39479281,78.2,77.8,490,20031,0.394,0.39,1,593549,593059,490
39482201,61.24,85.16,460,20137,0.4068,0.27,1,593606,593146,460
39485121,65.048,52.232,482,20242,0.42536,0.23,1,593672,593190,482
39488041,33.8096,59.2464,447,20347,0.397072,0.27,1,593698,593251,447
39490961,89.9619,30.2493,528,20451,0.471414,0.25,1,593802,593274,528
39493881,108.392,83.6499,544,20555,0.566283,0.33,1,593915,593371,544
39496801,81.6785,102.33,512,20658,0.585257,0.41,1,593990,593478,512
39499721,61.9357,77.266,498,20761,0.605051,0.41,1,594047,593549,498
39502641,65.9871,61.0532,508,20863,0.59301,0.43,1,594114,593606,508
39505561,33.9974,65.0106,468,20965,0.590602,0.39,1,594140,593672,468
39508481,8.39949,33.8021,444,21066,0.59012,0.49,1,594142,593698,444
39511401,86.4799,89.9604,446,21167,0.638024,0.59,1,594248,593802,446
39514321,111.696,108.392,451,21267,0.743605,0.59,1,594366,593915,451
39517241,83.1392,81.6784,452,21367,0.780721,0.61,2,594442,593990,452
39520161,62.2278,61.9357,452,21466,0.820144,0.59,2,594499,594047,452
39523081,65.2456,65.9871,451,21565,0.828029,0.59,2,594565,594114,451
39526001,33.8491,33.9974,451,21663,0.861606,0.59,2,594591,594140,451
39528921,8.36982,8.39949,451,21761,0.836321,0.65,2,594593,594142,451
39531841,88.874,86.4799,454,21858,0.831264,0.77,2,594702,594248,454
39534761,116.175,111.696,459,21955,0.862253,0.79,2,594825,594366,459
39537681,84.035,83.1392,459,22052,0.868451,0.83,2,594901,594442,459
39540601,64.007,62.2278,461,22148,0.88569,0.83,2,594960,594499,461
39543521,67.2014,65.2456,463,22244,0.937138,0.87,2,595028,594565,463
39546441,34.2403,33.8491,463,22339,0.915428,0.83,2,595054,594591,463
39549361,8.44806,8.36982,463,22434,0.943085,0.83,2,595056,594593,463
39625281,57,60,482,24773,0.79,0.97,2,596798,596316,482
39628201,67.4,56.8,496,24859,0.742,1,1,596868,596372,496
39631121,63.08,71.36,483,24944,0.6524,0.96,1,596930,596447,483
39634041,43.816,41.472,488,25029,0.69848,1,1,596969,596481,488
39636961,18.3632,26.6944,477,25114,0.675696,0.97,1,596981,596504,477
39639881,59.6726,62.9389,475,25198,0.719139,0.87,1,597051,596576,475
39642801,110.335,117.388,467,25282,0.743828,0.85,1,597174,596707,467
39645721,46.0669,50.6776,463,25366,0.732766,0.79,1,597204,596741,463
39648641,51.6134,55.7355,459,25450,0.778553,0.79,2,597257,596798,459
39651561,66.3227,11.1471,529,25533,0.803711,0.73,2,597327,596798,529
39654481,60.4645,58.2294,518,25616,0.888742,0.63,2,597386,596868,518
39800481,33,38,523,29464,0.35,1,1,600106,599583,523
39803401,34.6,41.2,516,29536,0.254,1,1,600141,599625,516
39806321,89.32,56.24,559,29608,0.2028,1,1,600244,599685,559
39809241,57.864,81.648,521,29679,0.12856,1,1,600294,599773,521
39812161,42.7728,53.9296,513,29750,0.081712,0.87,1,600333,599820,513
39815081,28.5546,43.5859,497,29821,0.120342,1,1,600358,599861,497
39818001,7.31091,31.9172,470,29892,0.0960685,0.91,1,600360,599890,470
39820921,23.0622,33.5834,463,29963,0.123214,0.63,1,600387,599924,463
39823841,55.0124,67.5167,450,30034,0.192643,0.41,1,600450,600000,450
39826761,63.0025,71.9033,442,30104,0.238529,0.35,1,600515,600073,442
39829681,34.2005,40.7807,436,30174,0.215706,0.23,1,600542,600106,436
39832601,34.0401,36.1561,435,30244,0.243141,0.19,1,600576,600141,435
39835521,82.008,89.6312,426,30314,0.328628,0.11,1,600670,600244,426
39838441,57.2016,57.9262,427,30384,0.297726,0.07,1,600721,600294,427
39841361,42.6403,42.7852,427,30454,0.339545,0.13,1,600760,600333,427
39844281,30.1281,28.557,429,30523,0.331909,0.09,1,600787,600358,429
39847201,7.62561,7.31141,429,30592,0.330382,0.13,1,600789,600360,429
39850121,21.5251,23.0623,427,30661,0.378076,0.21,1,600814,600387,427
39853041,57.105,55.0125,430,30730,0.403615,0.25,1,600880,600450,430
39855961,65.821,63.0025,433,30799,0.376723,0.21,1,600948,600515,433
39858881,33.1642,34.2005,431,30868,0.355345,0.25,1,600973,600542,431
39861801,35.4328,34.0401,433,30937,0.351069,0.35,1,601009,600576,433
39864721,87.0866,82.008,439,31005,0.350214,0.29,1,601109,600670,439
39867641,55.8173,57.2016,436,31073,0.398043,0.35,1,601157,600721,436
39870561,43.1635,42.6403,437,31141,0.343609,0.33,1,601197,600760,437
39873481,29.4327,30.1281,436,31209,0.364722,0.33,1,601223,600787,436
39876401,7.48654,7.62561,436,31277,0.336944,0.33,1,601225,600789,436
39879321,23.8973,1.52512,464,31345,0.347389,0.39,1,601253,600789,464
39882241,57.5795,20.305,505,31413,0.413478,0.41,1,601319,600814,505
39885161,64.3159,56.861,505,31480,0.458696,0.37,1,601385,600880,505
39888081,32.0632,65.7722,461,31547,0.467739,0.35,1,601409,600948,461
39891001,36.8126,33.1544,474,31614,0.469548,0.35,1,601447,600973,474
39893921,88.1625,35.4309,539,31681,0.54991,0.35,1,601548,601009,539
39896841,56.0325,87.0862,487,31748,0.565982,0.41,1,601596,601109,487
39899761,41.6065,55.8172,477,31815,0.585196,0.33,1,601634,601157,477
39902681,29.1213,43.1634,463,31881,0.589039,0.37,1,601660,601197,463
39905601,7.42426,29.4327,439,31947,0.589808,0.33,1,601662,601223,439
39908521,24.6849,7.48654,466,32013,0.589962,0.35,1,601691,601225,466
39911441,61.737,23.8973,509,32079,0.685992,0.43,1,601762,601253,509
39914361,65.9474,57.5795,510,32145,0.737198,0.47,1,601829,601319,510
39917281,32.3895,64.3159,468,32211,0.74744,0.47,1,601853,601385,468
39920201,38.4779,32.0632,484,32277,0.749488,0.47,1,601893,601409,484
39923121,90.8956,36.8126,550,32343,0.749898,0.57,1,601997,601447,550
39926041,57.3791,88.1625,498,32408,0.733979,0.57,1,602046,601548,498
39928961,41.8758,56.0325,488,32473,0.762796,0.59,2,602084,601596,488
39931881,29.1752,41.6065,476,32538,0.784559,0.59,2,602110,601634,476
39934801,7.43503,29.1213,452,32603,0.788912,0.59,2,602112,601660,452
39937721,25.487,7.42426,480,32668,0.789782,0.59,2,602142,601662,480
39940641,65.8974,24.6849,527,32733,0.837956,0.71,2,602218,601691,527
39943561,14.7795,61.737,458,32798,0.847591,0.75,2,602220,601762,458
40089561,64,54,493,35879,0.39,1,1,604418,603925,493
40092481,44,38.8,497,35938,0.374,1,1,604457,603960,497
40095401,33.6,37.36,491,35997,0.3548,1,1,604488,603997,491
40098321,32.32,33.072,491,36056,0.19096,0.98,1,604520,604029,491
40101241,33.664,27.4144,499,36115,0.174192,1,1,604554,604055,499
40104161,34.7328,45.4829,484,36174,0.138838,1,1,604589,604105,484
40107081,26.1466,30.6966,481,36232,0.163768,1,1,604613,604132,481
40110001,53.2293,50.9393,485,36290,0.0567535,1,1,604673,604188,485
40112921,25.8459,35.7879,472,36348,0.0993507,1,1,604692,604220,472
40115841,25.9692,31.9576,467,36406,0.15587,0.88,1,604718,604251,467
40118761,29.1938,31.9915,465,36464,0.119174,0.67,1,604748,604283,465
40121681,53.0388,63.1983,453,36522,0.175835,0.39,1,604807,604354,453
40124601,50.6078,63.8397,439,36580,0.203167,0.37,1,604857,604418,439
40127521,40.5215,43.9679,438,36638,0.160633,0.35,1,604895,604457,438
40130441,32.9043,33.5936,438,36696,0.168127,0.15,1,604926,604488,438
40133361,28.9809,32.3187,434,36754,0.169625,0.17,1,604954,604520,434
40136281,27.3962,33.6637,427,36811,0.137925,0.13,1,604981,604554,427
40139201,33.4792,34.7327,427,36868,0.179585,0.17,1,605016,604589,427
40142121,28.2958,26.1466,430,36925,0.139917,0.03,1,605043,604613,430
40145041,48.0592,53.2293,423,36982,0.163983,0.11,1,605096,604673,423
40147961,27.2118,25.8459,426,37039,0.152797,0.17,1,605118,604692,426
40150881,27.8424,25.9692,428,37096,0.150559,0.11,1,605146,604718,428
40153801,27.9685,29.1938,426,37153,0.150112,0.11,1,605174,604748,426
40156721,53.5937,5.83877,486,37210,0.150022,0.19,1,605234,604748,486
40159641,52.3187,48.3678,479,37267,0.134004,0.21,1,605286,604807,479
40162561,38.4637,49.6736,464,37324,0.146801,0.15,1,605321,604857,464
40165481,33.2927,40.3347,458,37381,0.14936,0.17,1,605353,604895,458
40168401,29.0585,32.8669,455,37438,0.181872,0.17,1,605381,604926,455
40171321,27.4117,28.9734,454,37494,0.220374,0.13,1,605408,604954,454
40174241,32.6823,27.3947,461,37550,0.228075,0.19,1,605442,604981,461
40177161,29.7365,33.4789,455,37606,0.277615,0.13,1,605471,605016,455
40180081,45.9473,28.2958,478,37662,0.255523,0.17,1,605521,605043,478
40183001,27.5895,48.0592,448,37718,0.251105,0.15,1,605544,605096,448
40185921,27.9179,27.2118,454,37774,0.250221,0.15,1,605572,605118,454
40188841,26.3836,27.8424,452,37830,0.266044,0.15,1,605598,605146,452
40191761,55.6767,27.9685,487,37886,0.349209,0.15,1,605661,605174,487
40194681,52.7353,53.5937,479,37942,0.381842,0.13,1,605713,605234,479
40197601,39.3471,52.3187,463,37998,0.404368,0.15,1,605749,605286,463
40200521,34.2694,38.4637,461,38054,0.408874,0.15,1,605782,605321,461
40203441,30.8539,33.2927,459,38110,0.409775,0.19,1,605812,605353,459
40206361,28.5708,29.0585,459,38165,0.441955,0.23,1,605840,605381,459
40209281,33.7142,27.4117,467,38220,0.432391,0.23,1,605875,605408,467
40212201,29.9428,32.6823,462,38275,0.446478,0.29,1,605904,605442,462
40215121,45.9886,29.7365,483,38330,0.465296,0.25,1,605954,605471,483
40218041,27.5977,45.9473,456,38385,0.485059,0.25,1,605977,605521,456
40220961,27.9195,27.5895,461,38440,0.505012,0.25,1,606005,605544,461
40223881,27.1839,27.9179,460,38495,0.525002,0.27,1,606032,605572,460
40226801,59.8368,26.3836,502,38550,0.577,0.37,1,606100,605598,502
40229721,54.3674,55.6767,492,38605,0.6354,0.39,1,606153,605661,492
40232641,12.4735,52.7353,442,38660,0.64708,0.41,1,606155,605713,442
40235561,32.0947,39.3471,443,38715,0.681416,0.41,1,606192,605749,443
40238481,32.0189,34.2694,442,38770,0.688283,0.41,1,606224,605782,442
40241401,32.0038,30.8539,444,38824,0.657657,0.45,1,606256,605812,444
40244321,28.8008,28.5708,444,38878,0.651531,0.43,1,606284,605840,444
40247241,32.9602,33.7142,443,38932,0.730306,0.45,1,606318,605875,443
40250161,30.592,29.9428,444,38986,0.714061,0.47,1,606348,605904,444
40253081,46.9184,45.9886,445,39040,0.742812,0.49,1,606399,605954,445
40256001,28.5837,27.5977,446,39094,0.812562,0.51,2,606423,605977,446
40258921,28.9167,27.9195,447,39148,0.778512,0.53,2,606452,606005,447
40261841,28.1833,27.1839,448,39202,0.803703,0.59,2,606480,606032,448
40264761,62.4367,59.8368,451,39256,0.840741,0.65,2,606551,606100,451
40267681,57.2873,54.3674,454,39310,0.848148,0.65,2,606607,606153,454
40270601,13.0575,12.4735,454,39364,0.84963,0.69,2,606609,606155,454
40273521,32.2115,32.0947,454,39418,0.913926,0.69,2,606646,606192,454
40276441,32.0423,32.0189,454,39472,0.942785,0.65,2,606678,606224,454
40279361,32.0085,32.0038,454,39526,0.916557,0.65,2,606710,606256,454
40282281,29.6017,28.8008,455,39579,0.943311,0.75,2,606739,606284,455
40285201,34.7203,32.9602,457,39632,0.948662,0.71,2,606775,606318,457
40288121,30.9441,30.592,457,39685,0.917732,0.75,2,606805,606348,457
40291041,49.3888,46.9184,460,39738,0.911546,0.83,2,606859,606399,460
40293961,29.8778,28.5837,461,39791,0.910309,0.77,2,606884,606423,461
40296881,28.3756,28.9167,460,39844,0.910062,0.81,2,606912,606452,460
40299801,28.0751,28.1833,460,39897,0.942012,0.85,2,606940,606480,460
40302721,64.015,62.4367,462,39950,0.900403,0.85,2,607013,606551,462
40305641,58.403,57.2873,463,40003,0.908081,0.85,2,607070,606607,463
40308561,13.2806,13.0575,463,40056,0.909616,0.93,2,607072,606609,463
40311481,34.6561,32.2115,466,40109,0.925923,0.93,2,607112,606646,466
40314401,32.5312,6.4423,498,40162,0.929185,0.95,2,607144,606646,498
40317321,32.1062,26.8885,498,40215,0.929837,0.91,2,607176,606678,498
40482301,84,80,502,19203,0.33,0.87,1,609289,608787,502
40485221,118.4,68.8,563,19314,0.378,0.67,1,609416,608853,563
40488141,74.88,123.36,490,19424,0.4196,0.45,1,609480,608990,490
40491061,62.976,96.672,460,19533,0.45992,0.35,1,609540,609080,460
40493981,42.1952,48.9344,460,19642,0.419984,0.47,1,609577,609117,460
40496901,61.239,32.9869,497,19750,0.475997,0.39,1,609643,609146,497
40499821,78.6478,53.7974,521,19857,0.535199,0.33,1,609726,609205,521
40502741,118.13,77.9595,565,19964,0.53104,0.39,1,609854,609289,565
40505661,78.0259,117.192,506,20070,0.578208,0.43,1,609922,609416,506
40508581,63.6052,74.6384,502,20176,0.587642,0.47,1,609982,609480,502
40511501,42.321,62.9277,479,20281,0.605528,0.41,1,610019,609540,479
40514421,65.2642,42.1855,513,20386,0.673106,0.49,1,610090,609577,513
40517341,80.2528,61.2371,531,20490,0.734621,0.55,1,610174,609643,531
40520261,117.651,78.6474,575,20594,0.826924,0.53,2,610301,609726,575
40523181,80.3301,118.129,518,20697,0.845385,0.59,2,610372,609854,518
40526101,64.066,78.0259,510,20799,0.865077,0.59,2,610432,609922,510
40529021,43.2132,63.6052,488,20901,0.869015,0.61,2,610470,609982,488
40531941,68.6426,42.321,526,21002,0.917803,0.69,2,610545,610019,526
40534861,15.3285,65.2642,457,21103,0.927561,0.75,2,610547,610090,457
40642901,79,76,480,24549,0.71,1,1,613024,612544,480
40645821,112.6,112,480,24635,0.726,1,1,613145,612665,480
40648741,51.32,52,479,24721,0.6652,0.95,1,613181,612702,479
40651661,36.664,34.4,482,24807,0.60504,0.93,1,613214,612732,482
40654581,53.7328,60.48,473,24892,0.609008,0.98,1,613272,612799,473
40657501,45.9466,38.496,484,24977,0.577802,0.82,1,613316,612832,484
40660421,60.3893,74.8992,464,25062,0.61956,0.83,1,613380,612916,464
40663341,34.4779,38.1798,463,25147,0.595912,0.71,1,613408,612945,463
40666261,66.0956,70.836,458,25231,0.639182,0.73,1,613482,613024,458
40669181,108.419,110.967,456,25315,0.631836,0.65,1,613601,613145,456
40672101,48.8838,50.9934,454,25399,0.726367,0.59,1,613635,613181,454
40675021,34.5768,36.5987,452,25482,0.713273,0.59,1,613666,613214,452
40677941,50.9154,7.31974,507,25565,0.694655,0.61,1,613721,613214,507
40680861,46.1831,47.8639,494,25648,0.706931,0.57,1,613766,613272,494
40683781,58.8366,44.7728,512,25731,0.709386,0.63,1,613828,613316,512
40686701,35.7673,60.1546,478,25813,0.741877,0.59,1,613858,613380,478
40689621,67.1535,34.4309,525,25895,0.764375,0.65,2,613933,613408,525
40692541,111.031,66.0862,573,25977,0.784875,0.63,2,614055,613482,573
40695461,51.0061,108.417,490,26059,0.868975,0.75,2,614091,613601,490
40698381,35.0012,48.8834,487,26140,0.885795,0.71,2,614122,613635,487
40701301,50.2002,34.5767,510,26221,0.905159,0.69,2,614176,613666,510
40870661,32,33,489,30553,0.87,1,2,617183,616694,489
40873581,36.8,31.4,496,30622,0.79,1,2,617221,616725,496
40876501,46.56,56.68,482,30691,0.678,1,1,617270,616788,482
40879421,105.312,105.736,484,30760,0.1436,1,1,617390,616906,484
40882341,58.6624,53.9472,490,30829,0.02872,1,1,617437,616947,490
40885261,46.9325,51.5894,483,30898,0.013744,1,1,617481,616998,483
40888181,28.5865,36.7179,474,30966,0.0427488,0.92,1,617505,617031,474
40891101,48.1173,39.3436,487,31034,0.00854976,0.95,1,617558,617071,487
40894021,37.6235,45.4687,475,31102,0.00170995,0.84,1,617593,617118,475
40896941,29.9247,35.4937,470,31170,0.00834199,0.87,1,617621,617151,470
40899861,27.5849,32.6987,465,31238,0.0096684,0.77,1,617648,617183,465
40902781,31.917,36.9397,460,31306,0.0579337,0.77,1,617681,617221,460
40905701,39.1834,7.38795,501,31374,0.0515867,0.65,1,617722,617221,501
40908621,79.0367,40.6776,541,31441,0.0183173,0.01,1,617811,617270,541
40911541,53.4073,104.136,468,31508,0.0276635,0,1,617858,617390,468
40914461,45.8815,58.4271,465,31575,0.00553269,0.01,1,617902,617437,465
40917381,28.3763,46.8854,445,31642,0.00110654,0.05,1,617926,617481,445
40920301,49.6753,28.5771,476,31709,0.00822131,0,1,617981,617505,476
40923221,36.3351,48.1154,456,31776,0.00164426,0,1,618014,617558,456
40926141,29.667,37.6231,449,31843,0.000328852,0.01,1,618042,617593,449
40929061,27.5334,29.9246,448,31909,0.0240658,0.01,1,618069,617621,448
40931981,32.7067,27.5849,455,31975,0.0128132,0.07,1,618103,617648,455
40934901,38.5413,31.917,462,32041,0.0265626,0.05,1,618143,617681,462
40937821,78.9083,39.1834,510,32107,0.125313,0.01,1,618232,617722,510
40940741,53.3817,79.0367,468,32173,0.0650625,0.03,1,618279,617811,468
40943661,47.4763,53.4073,467,32239,0.0130125,0,1,618325,617858,467
40946581,27.0953,45.8815,445,32305,0.0026025,0,1,618347,617902,445
40949501,50.2191,28.3763,477,32370,0.0085205,0.01,1,618403,617926,477
40952421,35.6438,49.6753,454,32435,0.0097041,0,1,618435,617981,454
40955341,29.5288,36.3351,449,32500,0.00194082,0,1,618463,618014,449
40958261,29.1058,29.667,450,32565,0.000388164,0.03,1,618492,618042,450
40961181,33.0212,27.5334,457,32630,7.76328e-05,0.01,1,618526,618069,457
40964101,38.6042,32.7067,463,32695,0.0560155,0.03,1,618566,618103,463
40967021,79.7208,38.5413,513,32760,0.115203,0.15,1,618656,618143,513
40969941,17.5442,78.9083,426,32825,0.127041,0.05,1,618658,618232,426
40972861,40.3088,53.3817,425,32889,0.145408,0,1,618704,618279,425
40975781,43.2618,47.4763,423,32953,0.0370816,0,1,618748,618325,423
40978701,26.2524,27.0953,423,33017,0.0314163,0.01,1,618770,618347,423
40981621,49.2505,50.2191,422,33081,0.0142833,0.01,1,618825,618403,422
40984541,36.2501,35.6438,423,33145,0.0268567,0,1,618858,618435,423
40987461,28.85,29.5288,422,33209,0.00537133,0,1,618885,618463,422
40990381,29.77,29.1058,423,33273,0.0250743,0,1,618915,618492,423
40993301,34.754,33.0212,425,33337,0.0290149,0.07,1,618951,618526,425
40996221,38.9508,38.6042,425,33400,0.013803,0.13,1,618991,618566,425
40999141,82.1902,79.7208,428,33463,0.0587606,0.13,1,619084,618656,428
41002061,18.038,17.5442,428,33526,0.0997521,0.15,1,619086,618658,428
41004981,39.6076,40.3088,427,33589,0.10795,0.01,1,619131,618704,427
41007901,39.1215,43.2618,422,33652,0.0295901,0.03,1,619170,618748,422
41010821,25.4243,26.2524,422,33715,0.029918,0.01,1,619192,618770,422
41013741,49.0849,49.2505,422,33778,0.0059836,0.03,1,619247,618825,422
41016661,36.217,36.2501,422,33841,0.00919672,0,1,619280,618858,422
41019581,28.8434,28.85,422,33903,0.00183934,0.03,1,619307,618885,422
41022501,29.7687,29.77,422,33965,0.0243679,0.03,1,619337,618915,422
41025421,34.7537,34.754,422,34027,0.0128736,0.01,1,619373,618951,422
41028341,39.7507,38.9508,423,34089,0.0585747,0.07,1,619414,618991,423
41031261,83.9501,82.1902,425,34151,0.131715,0.11,1,619509,619084,425
41034181,18.39,18.038,425,34213,0.114343,0.11,1,619511,619086,425
41037101,40.478,3.60761,471,34275,0.110869,0.11,1,619557,619086,471
41040021,35.2956,36.7215,460,34337,0.110174,0.01,1,619591,619131,460
41042941,24.6591,38.5443,443,34399,0.0460347,0.03,1,619613,619170,443
41045861,48.9318,25.3089,476,34460,0.0172069,0,1,619668,619192,476
41048781,36.1864,49.0618,454,34521,0.0274414,0.01,1,619701,619247,454
41051701,28.8373,36.2124,448,34582,0.0134883,0,1,619728,619280,448
41054621,29.7675,28.8425,451,34643,0.0266977,0.03,1,619758,619307,451
41057541,34.7535,29.7685,457,34704,0.0293395,0.01,1,619794,619337,457
41060461,40.5507,34.7537,463,34765,0.0618679,0.07,1,619836,619373,463
41063381,87.3101,39.7507,521,34826,0.100374,0.15,1,619935,619414,521
41066301,19.062,83.9501,428,34887,0.108075,0.11,1,619937,619509,428
41069221,40.6124,18.39,472,34948,0.125615,0.11,1,619983,619511,472
41072141,32.1225,40.478,456,35008,0.145123,0.11,1,620013,619557,456
41075061,24.8245,35.2956,445,35068,0.197025,0.03,1,620036,619591,445
41077981,47.3649,24.6591,476,35128,0.191405,0.01,1,620089,619613,476
41080901,36.673,48.9318,455,35188,0.078281,0.03,1,620123,619668,455
41083821,28.1346,36.1864,448,35248,0.0396562,0.01,1,620149,619701,448
41086741,29.6269,28.8373,451,35308,0.0319312,0.03,1,620179,619728,451
41089661,34.7254,29.7675,457,35368,0.0143862,0.03,1,620215,619758,457
41092581,43.7451,34.7535,467,35428,0.0428772,0.07,1,620261,619794,467
41095501,89.549,40.5507,526,35488,0.0645754,0.11,1,620362,619836,526
41098421,19.5098,87.3101,429,35548,0.0689151,0.11,1,620364,619935,429
41101341,40.702,19.062,473,35607,0.117783,0.13,1,620410,619937,473
41104261,34.5404,40.6124,460,35666,0.111557,0.15,1,620443,619983,460
41107181,8.50808,32.1225,432,35725,0.142311,0.21,1,620445,620013,432
41110101,20.1016,24.8245,432,35784,0.164462,0.19,1,620468,620036,432
41113021,44.8203,47.3649,430,35843,0.216892,0.05,1,620519,620089,430
41115941,30.5641,36.673,423,35902,0.227378,0.03,1,620546,620123,423
41118861,26.1128,28.1346,422,35961,0.229476,0.03,1,620571,620149,422
41121781,30.0226,29.6269,423,36020,0.0538951,0.01,1,620602,620179,423
41124701,34.0045,34.7254,422,36079,0.010779,0.05,1,620637,620215,422
41127621,43.6009,43.7451,422,36138,0.0101558,0.07,1,620683,620261,422
41130541,91.9202,89.549,425,36196,0.0260312,0.07,1,620787,620362,425
41133461,19.984,19.5098,425,36254,0.0772062,0.13,1,620789,620364,425
41136381,43.1968,40.702,428,36312,0.0874413,0.11,1,620838,620410,428
41139301,34.2394,34.5404,427,36370,0.105488,0.15,1,620870,620443,427
41142221,8.44787,8.50808,427,36428,0.125098,0.17,1,620872,620445,427
41145141,21.6896,20.1016,429,36486,0.14502,0.23,1,620897,620468,429
41148061,46.7379,44.8203,431,36544,0.165004,0.23,1,620950,620519,431
41150981,30.9476,30.5641,431,36602,0.169001,0.23,1,620977,620546,431
41153901,24.5895,26.1128,429,36660,0.1538,0.01,1,621000,620571,429
41156821,24.1179,30.0226,422,36718,0.11876,0,1,621024,620602,422
41159741,32.8236,34.0045,422,36776,0.095752,0.01,1,621059,620637,422
41162661,43.3647,43.6009,422,36833,0.0271504,0.03,1,621105,620683,422
41165581,93.4729,91.9202,424,36890,0.0294301,0.09,1,621211,620787,424
41168501,20.2946,19.984,424,36947,0.029886,0.09,1,621213,620789,424
41171421,44.8589,43.1968,426,37004,0.0779772,0.11,1,621264,620838,426
41174341,36.1718,34.2394,428,37061,0.0875954,0.13,1,621298,620870,428
41177261,8.83436,8.44787,428,37118,0.0575191,0.15,1,621300,620872,428
41180181,20.9669,21.6896,427,37175,0.0835038,0.15,1,621324,620897,427
41183101,46.5934,4.33791,480,37232,0.0887008,0.17,1,621377,620897,480
41186021,30.9187,43.2676,454,37289,0.12174,0.17,1,621404,620950,454
41188941,23.7837,30.2535,449,37346,0.144348,0.15,1,621426,620977,449
41191861,23.1567,24.4507,449,37403,0.18087,0.11,1,621449,621000,449
41194781,31.0313,24.0901,458,37459,0.220174,0.09,1,621482,621024,458
41197701,41.4063,32.818,467,37515,0.260035,0.01,1,621526,621059,467
41200621,93.0813,43.3636,527,37571,0.236007,0.03,1,621632,621105,527
41203541,20.2163,93.4727,423,37627,0.199201,0.03,1,621634,621211,423
41206461,46.4433,20.2945,474,37683,0.23984,0.09,1,621687,621213,474
41209381,37.2886,44.8589,458,37739,0.279968,0.09,1,621722,621264,458
41212301,9.05773,36.1718,426,37795,0.287994,0.05,1,621724,621298,426
41215221,21.8115,8.83436,449,37851,0.241599,0.09,1,621749,621300,449
41218141,46.7623,20.9669,478,37907,0.28032,0.09,1,621802,621324,478
41221061,32.5525,46.5934,454,37963,0.352064,0.13,1,621831,621377,454
41223981,25.7105,30.9187,451,38019,0.366413,0.15,1,621855,621404,451
41226901,24.3421,23.7837,453,38075,0.369283,0.19,1,621879,621426,453
41229821,32.8684,23.1567,465,38130,0.401857,0.23,1,621914,621449,465
41232741,43.3737,31.0313,478,38185,0.440371,0.27,1,621960,621482,478
41235661,91.8747,41.4063,538,38240,0.464074,0.23,1,622064,621526,538
41238581,19.9749,93.0813,434,38295,0.468815,0.19,1,622066,621632,434
41241501,47.195,20.2163,486,38350,0.485763,0.25,1,622120,621634,486
41244421,37.439,46.4433,468,38405,0.473153,0.29,1,622155,621687,468
41247341,9.0878,37.2886,435,38460,0.470631,0.29,1,622157,621722,435
41250261,21.8176,9.05773,458,38515,0.502126,0.23,1,622182,621724,458
41253181,49.1635,21.8115,489,38570,0.524425,0.29,1,622238,621749,489
41256101,11.4327,46.7623,438,38625,0.528885,0.37,1,622240,621802,438
41259021,27.0865,32.5525,440,38680,0.545777,0.37,1,622271,621831,440
41261941,24.6173,25.7105,440,38735,0.565155,0.37,1,622295,621855,440
41264861,24.9235,24.3421,441,38790,0.601031,0.41,1,622320,621879,441
41267781,33.7847,32.8684,442,38844,0.624206,0.45,1,622356,621914,442
41270701,45.1569,43.3737,444,38898,0.644841,0.47,1,622404,621960,444
41273621,93.0314,91.8747,445,38952,0.680968,0.47,1,622509,622064,445
41276541,20.2063,19.9749,445,39006,0.656194,0.49,1,622511,622066,445
41279461,48.0413,47.195,446,39060,0.635239,0.47,1,622566,622120,446
41282381,37.6083,37.439,446,39114,0.663048,0.47,1,622601,622155,446
41285301,9.12165,9.0878,446,39168,0.66861,0.51,1,622603,622157,446
41288221,22.6243,21.8176,447,39222,0.669722,0.53,1,622629,622182,447
41291141,51.7249,49.1635,450,39276,0.749944,0.53,1,622688,622238,450
41294061,11.945,11.4327,450,39330,0.765989,0.55,2,622690,622240,450
41296981,27.189,27.0865,450,39384,0.769198,0.57,2,622721,622271,450
41299901,25.4378,24.6173,451,39438,0.80184,0.61,2,622746,622295,451
41302821,24.2876,24.9235,450,39492,0.808368,0.63,2,622770,622320,450
41305741,36.0575,33.7847,453,39545,0.793674,0.65,2,622809,622356,453
41308661,47.2115,45.1569,455,39598,0.774735,0.69,2,622859,622404,455
41311581,92.6423,93.0314,454,39651,0.802947,0.65,2,622963,622509,454
41314501,20.1285,20.2063,454,39704,0.808589,0.63,2,622965,622511,454
41317421,48.0257,48.0413,454,39757,0.793718,0.67,2,623020,622566,454
41320341,38.4051,37.6083,455,39810,0.758744,0.67,2,623056,622601,455
41323261,9.28103,9.12165,455,39863,0.767749,0.67,2,623058,622603,455
41326181,24.2562,22.6243,457,39916,0.78555,0.77,2,623086,622629,457
41329101,52.8512,51.7249,458,39969,0.82111,0.77,2,623146,622688,458
41332021,12.1702,11.945,458,40022,0.828222,0.77,2,623148,622690,458
41334941,28.034,27.189,459,40075,0.829644,0.77,2,623180,622721,459
41337861,25.6068,5.4378,484,40128,0.813929,0.81,2,623205,622721,484
41340781,24.3214,21.0876,483,40181,0.810786,0.81,2,623229,622746,483
41343701,35.2643,23.4175,497,40234,0.826157,0.79,2,623267,622770,497
41346621,46.2529,35.8835,507,40286,0.893231,0.77,2,623316,622809,507
41553941,76,87,503,19925,0.01,0.75,1,625970,625467,503
41556861,57.6,75.8,483,20031,0.026,0.47,1,626023,625540,483
41559781,55.52,67.96,472,20137,0.0292,0.31,1,626078,625606,472
41562701,71.104,70.392,476,20242,0.02984,0.05,1,626153,625677,476
41565621,42.2208,72.4784,438,20347,0.029968,0.03,1,626188,625750,438
41568541,113.244,40.0957,537,20451,0.0299936,0.01,1,626319,625782,537
41571461,81.0488,97.6191,498,20555,0.0619987,0.01,1,626392,625894,498
41574381,58.6098,80.3238,475,20658,0.0203997,0.03,1,626445,625970,475
41577301,56.522,58.4648,478,20761,0.0440799,0.03,1,626501,626023,478
41580221,69.7044,55.693,496,20863,0.048816,0.03,1,626574,626078,496
41583141,42.7409,71.1386,457,20965,0.0337632,0.03,1,626610,626153,457
41586061,10.1482,42.2277,424,21066,0.0307526,0.03,1,626612,626188,424
41588981,106.03,113.246,423,21167,0.0621505,0.07,1,626742,626319,423
41591901,79.6059,81.0491,423,21267,0.0684301,0.01,1,626815,626392,423
41594821,59.1212,58.6098,424,21367,0.069686,0.05,1,626869,626445,424
41597741,56.6242,56.522,424,21466,0.0219372,0.05,1,626925,626501,424
41600661,72.1248,69.7044,427,21565,0.0443874,0.03,1,627001,626574,427
41603581,40.025,42.7409,423,21663,0.0488775,0.03,1,627033,626610,423
41606501,9.60499,10.1482,423,21761,0.0817755,0.07,1,627035,626612,423
41609421,105.121,106.03,422,21858,0.136355,0.07,1,627164,626742,422
41612341,80.2242,79.6059,423,21955,0.131271,0.07,1,627238,626815,423
41615261,60.8448,59.1212,425,22052,0.226254,0.01,1,627294,626869,425
41618181,54.569,56.6242,422,22148,0.229251,0.05,1,627347,626925,422
41621101,73.3138,72.1248,424,22244,0.16585,0.05,1,627425,627001,424
41624021,40.2628,40.025,424,22339,0.20117,0.09,1,627457,627033,424
41626941,9.65255,9.60499,424,22434,0.208234,0.15,1,627459,627035,424
41629861,107.531,105.121,427,22529,0.225647,0.15,1,627591,627164,427
41632781,82.3061,21.0242,503,22623,0.229129,0.13,1,627667,627164,503
41635701,64.4612,63.4048,489,22717,0.277826,0.25,1,627727,627238,489
41638621,54.4922,57.481,485,22810,0.303565,0.23,1,627779,627294,485
41641541,70.0984,53.8962,506,22903,0.324713,0.15,1,627853,627347,506
41644461,40.4197,73.1792,461,22996,0.312943,0.21,1,627886,627425,461
41647381,9.68394,40.2358,431,23088,0.310589,0.21,1,627888,627457,431
41650301,109.937,9.64717,564,23180,0.342118,0.23,1,628023,627459,564
41653221,84.3874,107.529,510,23271,0.364424,0.23,1,628101,627591,510
41656141,65.6775,82.3059,495,23362,0.416885,0.29,1,628162,627667,495
41659061,55.5355,64.4612,488,23453,0.443377,0.31,1,628215,627727,488
41661981,71.1071,54.4922,511,23543,0.448675,0.33,1,628290,627779,511
41664901,39.8214,70.0984,469,23633,0.449735,0.31,1,628322,627853,469
41667821,9.56428,40.4197,438,23723,0.449947,0.31,1,628324,627886,438
41670741,111.513,9.68394,573,23812,0.497989,0.35,1,628461,627888,573
41673661,86.3026,109.937,518,23901,0.523598,0.37,1,628541,628023,518
41676581,18.8605,84.3874,442,23990,0.52872,0.43,1,628543,628101,442
41679501,54.1721,65.6775,444,24078,0.561744,0.45,1,628606,628162,444
41682421,54.0344,55.5355,445,24166,0.584349,0.45,1,628660,628215,445
41685341,70.0069,71.1071,444,24254,0.60487,0.45,1,628734,628290,444
41688261,39.6014,39.8214,444,24341,0.624974,0.45,1,628766,628322,444
41691181,9.52027,9.56428,444,24428,0.660995,0.51,1,628768,628324,444
41694101,114.704,111.513,448,24515,0.652199,0.53,1,628909,628461,448
41697021,86.9408,86.3026,448,24601,0.73044,0.53,1,628989,628541,448
41699941,18.9882,18.8605,448,24687,0.746088,0.57,1,628991,628543,448
41702861,54.1976,54.1721,448,24773,0.733218,0.59,1,629054,628606,448
41705781,56.4395,54.0344,451,24859,0.826644,0.61,2,629111,628660,451
41942301,105,101,481,31005,0.41,1,1,633490,633009,481
41945221,48.2,48.2,480,31073,0.394,0.92,1,633524,633044,480
41948141,53.64,40.84,496,31141,0.2468,1,1,633579,633083,496
41951061,41.128,29.768,507,31209,0.10536,1,1,633617,633110,507
41953981,29.8256,37.9536,494,31277,0.045072,1,1,633644,633150,494
41956901,22.7651,7.59072,515,31345,0.0970144,0.98,1,633665,633150,515
41959821,50.153,27.9181,539,31413,0.0914029,1,1,633722,633183,539
41962741,54.8306,70.3836,514,31480,0.186281,1,1,633778,633264,514
41965661,39.7661,45.2767,511,31547,0.125256,0.96,1,633814,633303,511
41968581,31.9532,44.2553,497,31614,0.129051,0.79,1,633844,633347,497
41971501,76.7906,39.2511,547,31681,0.0658102,0.41,1,633932,633385,547
41974421,40.9581,91.8502,474,31748,0.0851621,0.39,1,633964,633490,474
41977341,49.7916,45.57,492,31815,0.121032,0.21,1,634016,633524,492
41980261,37.1583,53.114,471,31881,0.144206,0.07,1,634050,633579,471
41983181,25.8317,41.0228,456,31947,0.196841,0.03,1,634073,633617,456
41986101,18.7663,29.8046,446,32013,0.239368,0.11,1,634090,633644,446
41989021,55.7533,22.7609,490,32079,0.0718736,0.09,1,634155,633665,490
41991941,50.3507,50.1522,482,32145,0.0863747,0.21,1,634204,633722,482
41994861,37.2701,54.8304,460,32211,0.121275,0.11,1,634238,633778,460
41997781,33.854,39.7661,457,32277,0.112255,0.13,1,634271,633814,457
42000701,77.1708,31.9532,515,32343,0.142451,0.05,1,634359,633844,515
42003621,39.4342,76.7906,457,32408,0.14849,0.09,1,634389,633932,457
42006541,51.0868,40.9581,479,32473,0.165698,0.13,1,634443,633964,479
42009461,38.2174,49.7916,462,32538,0.16914,0.15,1,634478,634016,462
42012381,29.2435,37.1583,455,32603,0.137828,0.21,1,634505,634050,455
42015301,20.2487,25.8317,450,32668,0.131566,0.25,1,634523,634073,450
42018221,47.2497,18.7663,487,32733,0.0663131,0.03,1,634577,634090,487
42021141,11.0499,55.7533,424,32798,0.0532626,0.09,1,634579,634155,424
42024061,44.61,50.3507,428,32862,0.114653,0.13,1,634632,634204,428
42026981,36.122,37.2701,428,32926,0.190931,0.11,1,634666,634238,428
42029901,32.8244,33.854,427,32990,0.190186,0.15,1,634698,634271,427
42032821,78.5649,77.1708,429,33054,0.190037,0.15,1,634788,634359,429
42035741,39.713,39.4342,429,33118,0.238007,0.17,1,634818,634389,429
42038661,51.9426,51.0868,430,33182,0.247601,0.17,1,634873,634443,430
42041581,38.3885,38.2174,430,33246,0.26552,0.13,1,634908,634478,430
42044501,27.6777,29.2435,428,33310,0.285104,0.13,1,634933,634505,428
42047421,19.9355,20.2487,428,33373,0.289021,0.05,1,634951,634523,428
42050341,43.9871,47.2497,424,33436,0.305804,0.05,1,635001,634577,424
42053261,10.3974,11.0499,424,33499,0.357161,0.13,1,635003,634579,424
42056181,47.6795,44.61,428,33562,0.335432,0.21,1,635060,634632,428
42059101,38.3359,36.122,430,33625,0.395086,0.19,1,635096,634666,430
42062021,34.0672,32.8244,431,33688,0.455017,0.19,1,635129,634698,431
42064941,79.6134,78.5649,432,33751,0.451003,0.25,1,635220,634788,432
42067861,39.9227,39.713,432,33814,0.466201,0.25,1,635250,634818,432
42070781,53.5845,51.9426,434,33877,0.48524,0.27,1,635307,634873,434
42073701,39.5169,38.3885,435,33939,0.473048,0.29,1,635343,634908,435
42076621,27.9034,27.6777,435,34001,0.50261,0.29,1,635368,634933,435
42079541,20.7807,19.9355,436,34063,0.524522,0.31,1,635387,634951,436
42082461,45.7561,43.9871,438,34125,0.576904,0.37,1,635439,635001,438
42085381,10.7512,10.3974,438,34187,0.587381,0.33,1,635441,635003,438
42088301,47.7502,47.6795,438,34249,0.605476,0.33,1,635498,635060,438
42091221,40.75,9.5359,477,34311,0.609095,0.41,1,635537,635060,477
42094141,35.35,30.7072,475,34373,0.577819,0.47,1,635571,635096,475
42097061,80.67,32.5414,534,34435,0.619564,0.45,1,635663,635129,534
42099981,40.934,79.3083,474,34496,0.627913,0.47,1,635694,635220,474
42102901,52.9868,39.8617,500,34557,0.645583,0.49,1,635750,635250,500
42105821,40.9974,53.5723,481,34618,0.697116,0.47,1,635788,635307,481
42108741,28.9995,39.5145,471,34679,0.675423,0.51,1,635814,635343,471
42111661,22.5999,27.9029,467,34740,0.655085,0.53,1,635835,635368,467
42114581,47.72,20.7806,502,34801,0.683017,0.59,1,635889,635387,502
42117501,11.144,45.7561,452,34862,0.688603,0.59,1,635891,635439,452
42120421,48.6288,10.7512,508,34923,0.721721,0.61,1,635949,635441,508
42123341,39.3258,47.7502,488,34984,0.712344,0.61,1,635986,635498,488
42126261,35.8652,40.75,484,35044,0.758469,0.57,2,636021,635537,484
42129181,83.173,35.35,545,35104,0.831694,0.63,2,636116,635571,545
42132101,40.6346,80.67,483,35164,0.814339,0.63,2,636146,635663,483
42135021,53.7269,40.934,509,35224,0.842868,0.65,2,636203,635694,509
42137941,41.9454,52.9868,492,35284,0.880574,0.71,2,636242,635750,492
42140861,29.1891,40.9974,480,35344,0.888115,0.67,2,636268,635788,480
42143781,21.8378,28.9995,474,35404,0.889623,0.65,2,636288,635814,474
42146701,49.9676,22.5999,510,35464,0.857925,0.69,2,636345,635835,510
42149621,11.5935,47.72,458,35524,0.851585,0.69,2,636347,635889,458
42152541,49.5187,11.144,515,35584,0.850317,0.73,2,636406,635891,515
42155461,38.7037,48.6288,493,35643,0.850063,0.71,2,636442,635949,493
42158381,9.34075,39.3258,458,35702,0.850013,0.77,2,636444,635986,458
42161301,31.4681,35.8652,460,35761,0.850003,0.85,2,636481,636021,460
42295621,30,31,508,38385,0.69,1,1,638330,637822,508
42298541,35.6,35,509,38440,0.546,1,1,638367,637858,509
42301461,31.12,28.6,512,38495,0.4532,0.96,1,638397,637885,512
42304381,64.624,30.52,554,38550,0.19464,1,1,638470,637916,554
42307301,43.3248,69.304,513,38605,0.062928,1,1,638508,637995,513
42310221,33.465,41.0608,510,38660,0.0525856,1,1,638539,638029,510
42313141,33.893,53.8122,487,38715,0.0505171,1,1,638573,638086,487
42316061,29.1786,38.7624,480,38770,0.0341034,0.99,1,638601,638121,480
42318981,45.0357,40.5525,488,38824,0.00682068,1,1,638650,638162,488
42321901,21.8071,28.1105,479,38878,0.0413641,1,1,638666,638187,479
42324821,29.1614,36.0221,472,38932,0.0482728,0.84,1,638697,638225,472
42327741,34.6323,41.6044,465,38986,0.0656546,0.75,1,638733,638268,465
42330661,27.7265,33.9209,459,39040,0.0531309,0.69,1,638759,638300,459
42333581,26.3453,30.7842,455,39094,0.0666262,0.51,1,638785,638330,455
42336501,26.0691,35.7568,444,39148,0.0693252,0.43,1,638811,638367,444
42339421,23.6138,31.1514,437,39202,0.117865,0.13,1,638834,638397,437
42342341,53.5228,64.6303,425,39256,0.095573,0.03,1,638895,638470,425
42345261,39.5046,43.3261,423,39310,0.139115,0.05,1,638931,638508,423
42348181,32.7009,33.4652,423,39364,0.131823,0.05,1,638962,638539,423
42351101,32.9402,33.893,422,39418,0.0983646,0.03,1,638995,638573,422
42354021,28.988,29.1786,422,39472,0.0916729,0,1,639023,638601,422
42356941,48.1976,45.0357,426,39526,0.0583346,0.05,1,639076,638650,426
42359861,20.8395,21.8071,424,39579,0.0196669,0.05,1,639090,638666,424
42362781,29.7679,29.1614,425,39632,0.0439334,0.07,1,639122,638697,425
42365701,32.3536,34.6323,422,39685,0.0327867,0.05,1,639155,638733,422
42368621,27.2707,27.7265,422,39738,0.0305573,0.07,1,639181,638759,422
42371541,27.0541,26.3453,423,39791,0.0461115,0.07,1,639208,638785,423
42374461,27.8108,26.0691,425,39844,0.0652223,0.13,1,639236,638811,425
42377381,25.5622,23.6138,427,39897,0.0690445,0.09,1,639261,638834,427
42380301,53.1124,53.5228,426,39950,0.0858089,0.15,1,639321,638895,426
42383221,41.0225,39.5046,428,40003,0.121162,0.13,1,639359,638931,428
42386141,32.2045,32.7009,427,40056,0.160232,0.09,1,639389,638962,427
42389061,31.2409,32.9402,425,40109,0.184046,0.09,1,639420,638995,425
42391981,25.4482,6.58804,449,40162,0.156809,0.09,1,639444,638995,449
42394901,49.0896,23.7176,476,40215,0.0873618,0.05,1,639499,639023,476
42397821,21.0179,47.1435,437,40268,0.0734724,0.01,1,639513,639076,437
42400741,29.8036,20.6287,455,40320,0.0706945,0.05,1,639545,639090,455
42403661,31.5607,29.7257,455,40372,0.0701389,0.03,1,639577,639122,455
42406581,26.3121,32.3451,447,40424,0.0540278,0.03,1,639602,639155,447
42409501,27.6624,27.269,449,40476,0.0508056,0.05,1,639630,639181,449
42412421,27.9325,27.0538,450,40528,0.0981611,0.07,1,639658,639208,450
42415341,25.5865,27.8108,447,40580,0.0916322,0.07,1,639683,639236,447
42418261,53.9173,25.5622,483,40632,0.0903264,0.09,1,639744,639261,483
42421181,44.3835,53.1124,465,40684,0.106065,0.13,1,639786,639321,465
42424101,34.4767,41.0225,459,40736,0.141213,0.17,1,639818,639359,459
42427021,30.8953,32.2045,459,40788,0.180243,0.19,1,639848,639389,459
42429941,26.1791,31.2409,453,40840,0.204049,0.15,1,639873,639420,453
42432861,45.2358,25.4482,479,40892,0.24081,0.07,1,639923,639444,479
42435781,20.2472,49.0896,438,40944,0.264162,0.07,1,639937,639499,438
42438701,29.6494,21.0179,456,40996,0.284832,0.07,1,639969,639513,456
42441621,31.5299,29.8036,456,41047,0.288966,0.07,1,640001,639545,456
42444541,25.506,31.5607,448,41098,0.289793,0.05,1,640025,639577,448
42447461,29.9012,26.3121,454,41149,0.321959,0.05,1,640056,639602,454
42450381,28.3802,27.6624,454,41200,0.328392,0.11,1,640084,639630,454
42453301,24.876,27.9325,450,41251,0.361678,0.09,1,640108,639658,450
42456221,53.7752,25.5865,486,41302,0.400336,0.09,1,640169,639683,486
42459141,45.155,53.9173,468,41353,0.408067,0.11,1,640212,639744,468
42462061,37.031,44.3835,461,41404,0.409613,0.15,1,640247,639786,461
42464981,32.2062,34.4767,460,41455,0.361923,0.19,1,640278,639818,460
42467901,27.2412,30.8953,456,41506,0.352385,0.21,1,640304,639848,456
42470821,7.04825,26.1791,433,41557,0.350477,0.25,1,640306,639873,433
42473741,42.2096,45.2358,434,41608,0.414095,0.27,1,640357,639923,434
42476661,20.4419,20.2472,435,41659,0.442819,0.29,1,640372,639937,435
42479581,30.4884,29.6494,436,41710,0.400564,0.29,1,640405,639969,436
42482501,31.6977,31.5299,436,41761,0.440113,0.29,1,640437,640001,436
42485421,25.5395,25.506,436,41812,0.448023,0.33,1,640461,640025,436
42488341,31.5079,29.9012,438,41862,0.433605,0.33,1,640494,640056,438
42491261,30.3016,28.3802,440,41912,0.446721,0.37,1,640524,640084,440
42494181,25.2603,24.876,440,41962,0.433344,0.41,1,640548,640108,440
42497101,55.4521,53.7752,442,42012,0.446669,0.41,1,640611,640169,442
42500021,46.2904,45.155,443,42062,0.449334,0.41,1,640655,640212,443
42502941,34.8581,37.031,440,42112,0.465867,0.35,1,640687,640247,440
42505861,30.9716,32.2062,439,42162,0.485173,0.35,1,640717,640278,439
42508781,26.9943,27.2412,439,42212,0.521035,0.35,1,640743,640304,439
42511701,6.99886,7.04825,439,42262,0.560207,0.43,1,640745,640306,439
42514621,43.7998,42.2096,441,42312,0.552041,0.45,1,640798,640357,441
42517541,21.56,20.4419,442,42362,0.582408,0.39,1,640814,640372,442
42520461,29.912,30.4884,441,42412,0.588482,0.45,1,640846,640405,441
42523381,32.3824,31.6977,442,42462,0.621696,0.45,1,640879,640437,442
42526301,25.6765,25.5395,442,42512,0.628339,0.43,1,640903,640461,442
42529221,32.3353,31.5079,443,42562,0.597668,0.45,1,640937,640494,443
42532141,29.6671,30.3016,442,42612,0.623534,0.43,1,640966,640524,442
42535061,25.9334,25.2603,443,42662,0.628707,0.45,1,640991,640548,443
42537981,54.7867,55.4521,442,42711,0.661741,0.45,1,641053,640611,442
42540901,47.7573,46.2904,444,42760,0.684348,0.47,1,641099,640655,444
42543821,35.9515,34.8581,445,42809,0.68887,0.49,1,641132,640687,445
42546741,32.7903,30.9716,447,42858,0.737774,0.53,1,641164,640717,447
42549661,28.1581,26.9943,448,42907,0.795555,0.57,2,641191,640743,448
42552581,7.23161,6.99886,448,42956,0.775111,0.55,2,641193,640745,448
42555501,43.8463,43.7998,448,43005,0.787022,0.55,2,641246,640798,448
42558421,22.3693,8.75995,465,43054,0.773404,0.59,2,641263,640798,465
42561341,30.8739,14.552,482,43103,0.754681,0.59,2,641296,640814,482
42564261,32.5748,28.5104,483,43152,0.782936,0.63,2,641329,640846,483
42567181,25.715,32.1021,474,43201,0.804587,0.63,2,641353,640879,474
42570101,32.343,25.6204,484,43250,0.808917,0.59,2,641387,640903,484
42573021,29.6686,32.3241,479,43299,0.825783,0.63,2,641416,640937,479
42575941,27.5337,29.6648,477,43348,0.829157,0.63,2,641443,640966,477
42578861,56.7067,25.933,516,43397,0.829831,0.67,2,641507,640991,516
42581781,48.9414,54.7866,501,43446,0.893966,0.69,2,641554,641053,501
42584701,36.9883,47.7573,489,43495,0.874793,0.69,2,641588,641099,489
42587621,34.5977,35.9515,490,43544,0.870959,0.75,2,641622,641132,490
42590541,29.3195,32.7903,486,43592,0.886192,0.81,2,641650,641164,486
42593461,7.46391,28.1581,461,43640,0.905238,0.77,2,641652,641191,461
42596381,44.6928,7.23161,513,43688,0.925048,0.79,2,641706,641193,513
42599301,21.7386,43.8463,476,43736,0.92901,0.77,2,641722,641246,476
42794941,69,95,480,21370,0.07,0.41,1,644006,643526,480
42797861,49.8,70.2,461,21469,0.07,0.17,1,644051,643590,461
42800781,65.96,69.24,462,21568,0.134,0.03,1,644121,643659,462
42803701,79.592,63.448,483,21666,0.0348,0.05,1,644204,643721,483
42806621,40.7184,74.2896,437,21764,0.00696,0.07,1,644235,643798,437
42809541,27.3437,38.0579,432,21861,0.001392,0.05,1,644259,643827,432
42812461,86.2687,95.6116,423,21958,0.120278,0.07,1,644360,643937,423
42815381,76.4537,74.3223,428,22055,0.128056,0.07,1,644434,644006,428
42818301,48.8908,50.8645,425,22151,0.177611,0.15,1,644476,644051,425
42821221,71.3782,66.1729,432,22247,0.171522,0.01,1,644553,644121,432
42824141,74.2756,79.6346,424,22342,0.106304,0,1,644628,644204,424
42827061,38.0551,40.7269,422,22437,0.0452609,0,1,644657,644235,422
42829981,28.411,27.3454,424,22532,0.0490522,0,1,644683,644259,424
42832901,88.0822,5.46908,527,22626,0.0658104,0.15,1,644786,644259,527
42835821,77.6164,81.8938,501,22720,0.101162,0.13,1,644861,644360,501
42838741,49.9233,75.5788,470,22813,0.108232,0.19,1,644904,644434,470
42841661,73.1847,48.7158,507,22906,0.109646,0.17,1,644983,644476,507
42844581,69.0369,71.3432,498,22999,0.109929,0.09,1,645051,644553,498
42847501,35.4074,74.2686,450,23091,0.109986,0.03,1,645078,644628,450
42850421,27.8815,38.0537,447,23183,0.109997,0.05,1,645104,644657,447
42853341,90.3763,28.4107,527,23274,0.125999,0.07,1,645210,644683,527
42856261,79.6753,88.0822,501,23365,0.2252,0.11,1,645287,644786,501
42859181,50.3351,77.6164,469,23456,0.24504,0.11,1,645330,644861,469
42862101,71.667,49.9233,503,23546,0.281008,0.11,1,645407,644904,503
42865021,70.3334,73.1847,494,23636,0.304202,0.11,1,645477,644983,494
42867941,35.6667,69.0369,453,23726,0.32484,0.11,1,645504,645051,453
42870861,27.9333,35.4074,452,23815,0.328968,0.11,1,645530,645078,452
42873781,91.9867,27.8815,534,23904,0.393794,0.13,1,645638,645104,534
42876701,19.9973,90.3763,430,23993,0.422759,0.25,1,645640,645210,430
42879621,68.7995,79.6753,434,24081,0.492552,0.25,1,645721,645287,434
42882541,48.1599,50.3351,434,24169,0.49051,0.29,1,645764,645330,434
42885461,72.832,71.667,436,24257,0.490102,0.31,1,645843,645407,436
42888381,71.3664,70.3334,437,24344,0.55402,0.33,1,645914,645477,437
42891301,36.6733,35.6667,438,24431,0.614804,0.33,1,645942,645504,438
42894221,28.1347,27.9333,438,24518,0.626961,0.41,1,645968,645530,438
42897141,96.0269,91.9867,443,24604,0.613392,0.43,1,646081,645638,443
42900061,20.8054,19.9973,443,24690,0.578678,0.51,1,646083,645640,443
42902981,70.5611,68.7995,445,24776,0.587736,0.49,1,646166,645721,445
42905901,47.7122,48.1599,444,24862,0.653547,0.49,1,646208,645764,444
42908821,74.3424,72.832,446,24947,0.698709,0.57,1,646289,645843,446
42911741,74.8685,71.3664,450,25032,0.707742,0.63,1,646364,645914,450
42914661,38.1737,36.6733,451,25117,0.693548,0.63,1,646393,645942,451
42917581,28.4347,28.1347,451,25201,0.72271,0.61,1,646419,645968,451
42920501,95.2869,96.0269,450,25285,0.792542,0.57,2,646531,646081,450
42923421,20.6574,20.8054,450,25369,0.806508,0.59,2,646533,646083,450
42926341,71.3315,70.5611,451,25453,0.777302,0.59,2,646617,646166,451
42929261,48.6663,14.1122,494,25536,0.75546,0.67,2,646660,646166,494
42932181,77.7333,36.4224,537,25619,0.815092,0.71,2,646745,646208,537
42935101,75.5467,72.0845,531,25702,0.827018,0.71,2,646820,646289,531
42938021,37.5093,74.4169,484,25784,0.845404,0.69,2,646848,646364,484
42940941,28.3019,38.0834,481,25866,0.865081,0.73,2,646874,646393,481
42943861,98.4604,28.4167,571,25948,0.869016,0.81,2,646990,646419,571
42946781,21.2921,95.2833,461,26030,0.869803,0.81,2,646992,646531,461
42949701,71.4584,20.6567,543,26111,0.917961,0.77,2,647076,646533,543
42952621,47.8917,71.3313,501,26192,0.927592,0.75,2,647118,646617,501
43089861,34,63,506,29753,0.87,1,2,649661,649155,506
43092781,38,42.2,508,29824,0.806,1,2,649700,649192,508
43095701,9.2,38.04,473,29895,0.8252,1,2,649702,649229,473
43098621,40.24,38.008,483,29966,0.74904,1,1,649750,649267,483
43101541,63.248,63.6016,482,30037,0.717808,1,1,649819,649337,482
43104461,62.2496,71.9203,470,30107,0.679562,0.95,1,649881,649411,470
43107381,42.0499,35.9841,480,30177,0.751912,1,2,649918,649438,480
43110301,37.21,43.9968,470,30247,0.702382,0.91,1,649954,649484,470
43113221,71.442,72.7994,470,30317,0.756477,0.83,2,650034,649564,470
43116141,62.2884,64.9599,467,30387,0.783295,0.87,2,650094,649627,467
43119061,35.6577,40.192,462,30457,0.804659,0.79,2,650123,649661,462
43121981,36.7315,39.2384,460,30526,0.792932,0.83,2,650160,649700,460
43124901,8.94631,9.44768,460,30595,0.790586,0.73,2,650162,649702,460
43127821,36.1893,40.2895,455,30664,0.838117,0.71,2,650205,649750,455
43130741,58.4379,63.2579,450,30733,0.879623,0.67,2,650269,649819,450
43133661,65.2876,62.2516,455,30802,0.919925,0.77,2,650336,649881,455
43136581,41.8575,42.0503,454,30871,0.895985,0.69,2,650372,649918,454
43139501,38.7715,37.2101,456,30940,0.891197,0.77,2,650410,649954,456
43142421,75.7543,71.442,461,31008,0.922239,0.79,2,650495,650034,461
43294261,35,48,522,34375,0.73,1,1,652805,652283,522
43297181,68.6,35.2,567,34437,0.65,1,1,652882,652315,567
43300101,68.92,86.24,537,34498,0.554,1,1,652951,652414,537
43303021,50.584,64.448,524,34559,0.5508,1,1,652997,652473,524
43305941,41.3168,56.0896,509,34620,0.53416,1,1,653036,652527,509
43308861,29.8634,40.0179,500,34681,0.498832,1,1,653063,652563,500
43311781,20.3727,29.6036,491,34742,0.475766,1,1,653081,652590,491
43314701,32.8745,23.5207,505,34803,0.471153,1,1,653117,652612,505
43317621,35.3749,36.7041,501,34864,0.486231,0.95,1,653153,652652,501
43320541,38.275,35.3408,505,34925,0.473246,0.85,1,653192,652687,505
43323461,36.455,42.2682,497,34986,0.502649,0.73,1,653228,652731,497
43326381,33.691,39.6536,491,35046,0.50853,0.73,1,653261,652770,491
43329301,63.5382,35.9307,527,35106,0.557706,0.63,1,653332,652805,527
43332221,66.3076,68.7861,517,35166,0.583541,0.53,1,653399,652882,517
43335141,46.8615,68.9572,490,35226,0.604708,0.55,1,653441,652951,490
43338061,41.3723,50.5914,484,35286,0.656942,0.53,1,653481,652997,484
43340981,29.8745,41.3183,472,35346,0.683388,0.49,1,653508,653036,472
43343901,19.5749,29.8637,462,35406,0.688678,0.47,1,653525,653063,462
43346821,31.915,20.3727,479,35466,0.705736,0.47,1,653560,653081,479
43349741,38.383,32.8745,483,35526,0.725147,0.49,1,653600,653117,483
43352661,36.4766,35.3749,483,35586,0.745029,0.47,1,653636,653153,483
43355581,38.4953,38.275,483,35645,0.765006,0.51,2,653675,653192,483
43358501,9.29906,36.455,449,35704,0.737001,0.51,1,653677,653228,449
43361421,26.6598,33.691,447,35763,0.7794,0.57,2,653708,653261,447
43364341,63.732,63.5382,449,35822,0.77188,0.59,2,653781,653332,449
43367261,67.9464,66.3076,451,35881,0.818376,0.61,2,653850,653399,451
43370181,48.7893,46.8615,453,35940,0.811675,0.67,2,653894,653441,453
43373101,43.3579,41.3723,455,35999,0.810335,0.69,2,653936,653481,455
43376021,31.8716,29.8745,457,36058,0.826067,0.69,2,653965,653508,457
43378941,19.1743,19.5749,456,36117,0.845213,0.71,2,653981,653525,456
43381861,35.0349,31.915,460,36176,0.881043,0.73,2,654020,653560,460
43384781,37.407,38.383,458,36234,0.920209,0.75,2,654058,653600,458
43387701,37.0814,36.4766,459,36292,0.880042,0.77,2,654095,653636,459
43390621,37.8163,38.4953,458,36350,0.920008,0.73,2,654133,653675,458
43393541,9.16326,9.29906,458,36408,0.928002,0.79,2,654135,653677,458
43396461,27.4327,26.6598,459,36466,0.9296,0.77,2,654167,653708,459
43583341,33,38,484,40005,0.92,1,2,656682,656198,484
43586261,53,42,499,40058,0.88,1,2,656740,656241,499
43589181,41,8.4,537,40111,0.84,1,2,656778,656241,537
43592101,29.8,32.08,526,40164,0.768,1,2,656805,656279,526
43595021,29.96,35.216,520,40217,0.7056,1,1,656835,656315,520
43597941,37.192,37.4432,521,40270,0.58112,1,1,656874,656353,521
43600861,37.0384,35.4886,523,40322,0.572224,1,1,656911,656388,523
43603781,32.2077,37.4977,516,40374,0.570445,1,1,656942,656426,516
43606701,27.2415,29.8995,514,40426,0.570089,1,1,656968,656454,514
43609621,34.2483,36.3799,512,40478,0.586018,1,1,657004,656492,512
43612541,33.2497,40.876,503,40530,0.605204,1,1,657037,656534,503
43615461,41.8499,30.5752,519,40582,0.577041,0.89,1,657081,656562,519
43618381,38.77,44.515,509,40634,0.571408,0.91,1,657119,656610,509
43621301,32.554,40.103,501,40686,0.554282,0.92,1,657150,656649,501
43624221,49.7108,34.4206,522,40738,0.598856,0.87,1,657204,656682,522
43627141,37.1422,53.2841,498,40790,0.575771,0.83,1,657238,656740,498
43630061,26.6284,41.0568,484,40842,0.571154,0.75,1,657262,656778,484
43632981,23.7257,29.8114,480,40894,0.586231,0.69,1,657285,656805,480
43635901,32.7451,29.9623,485,40946,0.621246,0.55,1,657320,656835,485
43638821,36.949,37.1925,484,40998,0.628249,0.57,1,657358,656874,484
43641741,33.7898,37.0385,480,41049,0.67765,0.57,1,657391,656911,480
43644661,23.558,32.2077,470,41100,0.68753,0.57,1,657412,656942,470
43647581,35.1116,27.2415,482,41151,0.721506,0.59,1,657450,656968,482
43650501,36.6223,34.2483,483,41202,0.792301,0.61,2,657487,657004,483
43653421,43.3245,33.2497,495,41253,0.82246,0.57,2,657532,657037,495
43656341,37.4649,41.8499,487,41304,0.844492,0.57,2,657568,657081,487
43659261,31.493,38.77,479,41355,0.864898,0.55,2,657598,657119,479
43662181,51.8986,32.554,505,41406,0.86898,0.61,2,657655,657150,505
43665101,35.9797,49.7108,483,41457,0.885796,0.57,2,657687,657204,483
43668021,27.1959,37.1422,474,41508,0.873159,0.57,2,657712,657238,474
43670941,7.03919,26.6284,452,41559,0.902632,0.59,2,657714,657262,452
43673861,20.6078,23.7257,453,41610,0.908526,0.63,2,657738,657285,453
43676781,33.7216,32.7451,455,41661,0.893705,0.63,2,657775,657320,455
43679701,37.9443,36.949,456,41712,0.906741,0.69,2,657814,657358,456
43682621,34.7889,33.7898,457,41763,0.925348,0.69,2,657848,657391,457
43685541,24.5578,23.558,458,41814,0.92907,0.73,2,657870,657412,458
43688461,35.3116,35.1116,458,41864,0.913814,0.81,2,657908,657450,458
43965861,37,34,519,46408,0.71,1,1,661116,660597,519
43968781,37,36.4,519,46453,0.614,1,1,661153,660634,519
43971701,25.8,33.68,509,46498,0.5788,1,1,661176,660667,509
43974621,23.56,20.336,515,46543,0.53976,1,1,661199,660684,515
43977541,35.912,20.0672,534,46588,0.451952,1,1,661238,660704,534
43980461,28.7824,34.4134,523,46633,0.35439,1,1,661265,660742,523
43983381,16.1565,35.6827,500,46678,0.270878,1,1,661278,660778,500
43986301,14.4313,19.9365,498,46723,0.222176,0.87,1,661292,660794,498
43989221,20.4863,14.3873,507,46768,0.132435,1,1,661314,660807,507
43992141,35.2973,32.4775,509,46813,0.082487,1,1,661353,660844,509
43995061,40.6595,38.4955,511,46858,0.0164974,0.91,1,661395,660884,511
43997981,34.5319,38.0991,506,46903,0.0432995,1,1,661428,660922,506
44000901,34.9064,30.8198,512,46948,0.0326599,1,1,661463,660951,512
44003821,46.9813,38.164,522,46993,0.00653198,0.8,1,661513,660991,522
44006741,28.5963,55.6328,486,47038,0.0573064,0.81,1,661537,661051,486
44009661,30.5193,33.5266,489,47083,0.0514613,0.71,1,661568,661079,489
44012581,34.9039,36.3053,488,47128,0.0502923,0.59,1,661604,661116,488
44015501,21.3808,36.8611,469,47173,0.0820585,0.57,1,661622,661153,469
44018421,17.8762,25.7722,463,47218,0.0724117,0.53,1,661639,661176,463
44021341,32.3752,23.5544,476,47263,0.0864823,0.43,1,661675,661199,476
44024261,25.675,35.9109,461,47308,0.0892965,0.33,1,661699,661238,461
44027181,12.335,28.7822,443,47353,0.0418593,0.25,1,661708,661265,443
44030101,4.067,16.1564,432,47398,0.0643719,0.21,1,661710,661278,432
44033021,9.6134,14.4313,429,47442,0.100874,0.11,1,661721,661292,429
44035941,21.1227,20.4863,431,47486,0.108175,0.07,1,661745,661314,431
44038861,32.2245,35.2973,427,47530,0.125635,0,1,661780,661353,427
44041781,36.0449,40.6595,422,47574,0.097127,0.05,1,661817,661395,422
44044701,34.409,34.5319,423,47618,0.0434254,0.03,1,661851,661428,423
44047621,34.8818,34.9064,423,47662,0.0966851,0,1,661886,661463,423
44050541,49.3764,46.9813,426,47706,0.075337,0.07,1,661939,661513,426
44053461,29.8753,28.5963,427,47750,0.119067,0.05,1,661964,661537,427
44056381,27.5751,30.5193,423,47794,0.127813,0.05,1,661991,661568,423
44059301,35.915,34.9039,425,47838,0.0975627,0.09,1,662029,661604,425
44062221,22.383,21.3808,426,47882,0.123513,0.07,1,662048,661622,426
44065141,15.6766,17.8762,423,47926,0.0967025,0.09,1,662062,661639,423
44068061,34.3353,32.3752,426,47970,0.0753405,0.09,1,662101,661675,426
44070981,24.4671,25.675,424,48014,0.0710681,0.03,1,662123,661699,424
44073901,13.6934,12.335,426,48058,0.0862136,0.07,1,662134,661708,426
44076821,4.33868,4.067,426,48102,0.0892427,0.11,1,662136,661710,426
44079741,8.86774,9.6134,425,48146,0.0898485,0.11,1,662146,661721,425
44082661,20.9735,21.1227,425,48190,0.12197,0.13,1,662170,661745,425
44085581,35.3947,32.2245,429,48234,0.144394,0.09,1,662209,661780,429
44088501,31.0789,36.0449,422,48278,0.148879,0.03,1,662239,661817,422
44091421,35.0158,34.409,424,48322,0.117776,0.11,1,662275,661851,424
44094341,36.6032,34.8818,426,48366,0.111555,0.07,1,662312,661886,426
44097261,48.9206,49.3764,425,48410,0.110311,0.13,1,662364,661939,425
44100181,31.3841,29.8753,427,48454,0.142062,0.13,1,662391,661964,427
44103101,27.0768,27.5751,426,48497,0.148412,0.09,1,662417,661991,426
44106021,35.8154,35.915,426,48540,0.165682,0.13,1,662455,662029,426
44108941,22.3631,22.383,426,48583,0.185136,0.09,1,662474,662048,426
44111861,15.6726,15.6766,426,48626,0.221027,0.07,1,662488,662062,426
44114781,33.5345,34.3353,425,48669,0.244205,0.07,1,662526,662101,425
44117701,24.3069,24.4671,425,48712,0.296841,0.09,1,662548,662123,425
44120621,14.4614,13.6934,426,48755,0.275368,0.09,1,662560,662134,426
44123541,4.49228,4.33868,426,48798,0.271074,0.09,1,662562,662136,426
44126461,9.69846,8.86774,427,48841,0.286215,0.09,1,662573,662146,427
44129381,21.1397,1.77355,451,48884,0.289243,0.13,1,662597,662146,451
44132301,34.6279,19.5547,465,48927,0.305849,0.15,1,662635,662170,465
44135221,30.9256,35.1109,456,48970,0.30917,0.15,1,662665,662209,456
44138141,33.3851,31.0222,460,49013,0.309834,0.11,1,662699,662239,460
44141061,37.077,35.0044,462,49056,0.325967,0.11,1,662737,662275,462
44143981,49.8154,36.6009,478,49099,0.329193,0.11,1,662790,662312,478
44146901,31.5631,48.9202,453,49142,0.361839,0.15,1,662817,662364,453
44149821,28.7126,31.384,454,49185,0.352368,0.15,1,662845,662391,454
44152741,36.9425,27.0768,467,49228,0.382474,0.17,1,662884,662417,467
44155661,23.3885,35.8154,449,49271,0.388495,0.19,1,662904,662455,449
44158581,15.8777,22.3631,444,49314,0.389699,0.23,1,662918,662474,444
44161501,35.9755,15.6726,471,49357,0.40594,0.25,1,662959,662488,471
44164421,25.5951,33.5345,456,49400,0.425188,0.31,1,662982,662526,456
44167341,14.719,24.3069,446,49443,0.445038,0.27,1,662994,662548,446
44170261,4.5438,14.4614,436,49486,0.449008,0.27,1,662996,662560,436
44173181,10.5088,4.49228,446,49529,0.449801,0.29,1,663008,662562,446
44176101,22.1018,9.69846,460,49572,0.46596,0.29,1,663033,662573,460
44179021,34.8203,21.1397,474,49615,0.453192,0.31,1,663071,662597,474
44181941,30.9641,34.6279,466,49657,0.466638,0.31,1,663101,662635,466
44184861,33.3928,30.9256,470,49699,0.469328,0.31,1,663135,662665,470
44187781,38.6786,33.3851,476,49741,0.469866,0.33,1,663175,662699,476
44190701,49.3357,37.077,490,49783,0.469973,0.33,1,663227,662737,490
44193621,33.8671,49.8154,467,49825,0.469995,0.37,1,663257,662790,467
44196541,27.5734,31.5631,466,49867,0.517999,0.35,1,663283,662817,466
44199461,38.3147,28.7126,479,49909,0.5756,0.39,1,663324,662845,479
44202381,23.6629,36.9425,460,49951,0.60312,0.39,1,663344,662884,460
44205301,15.9326,23.3885,454,49993,0.624624,0.39,1,663358,662904,454
44208221,36.7865,15.8777,482,50035,0.660925,0.41,1,663400,662918,482
44211141,27.3573,35.9755,466,50077,0.668185,0.43,1,663425,662959,466
44214061,15.0715,25.5951,455,50119,0.669637,0.45,1,663437,662982,455
44216981,4.61429,14.719,445,50161,0.669927,0.45,1,663439,662994,445
44219901,10.5229,4.5438,455,50203,0.669986,0.45,1,663451,662996,455
44222821,21.3046,10.5088,467,50245,0.685997,0.47,1,663475,663008,467
44225741,35.4609,22.1018,481,50287,0.689199,0.45,1,663514,663033,481
44228661,8.69218,34.8203,445,50329,0.68984,0.47,1,663516,663071,445
44231581,25.7384,30.9641,445,50371,0.689968,0.47,1,663546,663101,445
44234501,32.3477,33.3928,445,50413,0.753994,0.47,2,663580,663135,445
44237421,38.4695,38.6786,445,50455,0.734799,0.47,1,663620,663175,445
44240341,49.2939,49.3357,445,50497,0.74696,0.47,1,663672,663227,445
44243261,36.2588,33.8671,448,50539,0.781392,0.53,2,663705,663257,448
44246181,28.8518,27.5734,449,50581,0.772278,0.59,2,663732,663283,449
44249101,40.1704,38.3147,451,50623,0.802456,0.61,2,663775,663324,451
44252021,25.6341,23.6629,453,50665,0.808491,0.63,2,663797,663344,453
44254941,17.1268,15.9326,454,50707,0.825698,0.67,2,663812,663358,454
44257861,38.6254,36.7865,456,50749,0.82914,0.67,2,663856,663400,456
44260781,26.9251,27.3573,455,50791,0.829828,0.67,2,663880,663425,455
44263701,14.985,15.0715,455,50832,0.861966,0.67,2,663892,663437,455
44266621,4.597,4.61429,455,50873,0.868393,0.67,2,663894,663439,455
44269541,10.5194,10.5229,455,50914,0.869679,0.69,2,663906,663451,455
44272461,22.1039,21.3046,456,50955,0.821936,0.69,2,663931,663475,456
44275381,35.6208,35.4609,456,50996,0.828387,0.69,2,663970,663514,456
44278301,8.72415,8.69218,456,51037,0.797677,0.69,2,663972,663516,456
44281221,25.7448,25.7384,456,51078,0.807535,0.77,2,664002,663546,456
44284141,33.949,32.3477,458,51119,0.889507,0.73,2,664038,663580,458
44287061,38.7898,38.4695,458,51160,0.921901,0.75,2,664078,663620,458
44289981,50.158,49.2939,459,51201,0.91238,0.79,2,664131,663672,459
44292901,36.4316,36.2588,459,51242,0.926476,0.77,2,664164,663705,459
44295821,30.4863,28.8518,461,51283,0.913295,0.81,2,664193,663732,461
44298741,40.4973,40.1704,461,51324,0.910659,0.81,2,664236,663775,461
44301661,26.4995,25.6341,462,51365,0.862132,0.83,2,664259,663797,462
44304581,18.0999,17.1268,463,51406,0.852426,0.83,2,664275,663812,463
44307501,38.82,38.6254,463,51447,0.914485,0.83,2,664319,663856,463
44494381,64,77,504,25244,0.91,1,2,666287,665783,504
44497301,72,63.4,518,25328,0.894,1,2,666361,665843,518
44599501,33,35,490,28109,0.25,1,1,668314,667824,490
44602421,29.8,32.6,487,28184,0.202,1,1,668343,667856,487
44605341,42.76,41.72,489,28259,0.0964,1,1,668389,667900,489
44608261,42.952,38.744,494,28334,0.05928,1,1,668432,667938,494
44611181,50.1904,57.3488,484,28409,0.011856,1,1,668484,668000,484
44614101,40.4381,11.4698,522,28484,0.0423712,1,1,668522,668000,522
44617021,60.0876,38.294,542,28558,0.0644742,1,1,668587,668045,542
44619941,56.8175,65.2588,526,28632,0.0128948,0.78,1,668643,668117,526
44622861,72.9635,64.2518,539,28706,0.026579,0.43,1,668720,668181,539
44625781,35.3927,92.8504,465,28780,0.0133158,0.25,1,668746,668281,465
44628701,27.8785,44.9701,458,28854,0.0586632,0.19,1,668772,668314,458
44631621,36.7757,32.194,468,28927,0.0677326,0.07,1,668811,668343,468
44634541,41.7551,43.2388,465,29000,0.0375465,0.05,1,668854,668389,465
44637461,49.951,43.0478,474,29073,0.0075093,0,1,668906,668432,474
44640381,40.3902,50.2096,460,29146,0.0735019,0.05,1,668944,668484,460
44643301,60.078,40.4419,487,29219,0.0867004,0.07,1,669009,668522,487
44646221,56.8156,60.0884,478,29291,0.0733401,0,1,669065,668587,478
44649141,72.9631,56.8177,499,29363,0.054668,0.03,1,669142,668643,499
44652061,36.1926,72.9635,449,29435,0.0349336,0.01,1,669169,668720,449
44654981,28.0385,35.3927,449,29507,0.0469867,0.07,1,669195,668746,449
44657901,35.2077,27.8785,460,29579,0.0973973,0.07,1,669232,668772,460
44660821,42.2415,36.7757,465,29651,0.0594795,0.03,1,669276,668811,465
44663741,50.0483,41.7551,474,29722,0.0118959,0,1,669328,668854,474
44666661,42.8097,49.951,463,29793,0.0263792,0.09,1,669369,668906,463
44669581,10.1619,40.3902,427,29864,0.0292758,0.09,1,669371,668944,427
44672501,53.2324,60.078,426,29935,0.0298552,0.07,1,669435,669009,426
44675421,53.0465,56.8156,423,30006,0.093971,0.05,1,669488,669065,423
44678341,73.0093,72.9631,424,30077,0.0587942,0.03,1,669566,669142,424
44681261,35.4019,36.1926,423,30147,0.0517588,0.05,1,669592,669169,423
44684181,31.0804,28.0385,427,30217,0.0343518,0.11,1,669622,669195,427
44687101,37.4161,35.2077,429,30287,0.0308704,0.05,1,669661,669232,429
44690021,39.4832,42.2415,425,30357,0.0301741,0,1,669701,669276,425
44692941,47.8966,50.0483,423,30427,0.00603481,0.03,1,669751,669328,423
44695861,42.3793,42.8097,423,30497,0.041207,0.03,1,669792,669369,423
44698781,10.0759,10.1619,423,30566,0.0162414,0.03,1,669794,669371,423
44701701,53.2152,53.2324,423,30635,0.0112483,0.11,1,669858,669435,423
44704621,56.243,53.0465,427,30704,0.10625,0.05,1,669915,669488,427
44707541,71.2486,73.0093,424,30773,0.15725,0.05,1,669990,669566,424
44710461,33.4497,35.4019,422,30842,0.18345,0.03,1,670014,669592,422
44713381,31.4899,31.0804,423,30911,0.17269,0.03,1,670045,669622,423
44716301,37.498,37.4161,423,30979,0.186538,0.03,1,670084,669661,423
44719221,39.4996,39.4832,423,31047,0.189308,0,1,670124,669701,423
44722141,47.0999,47.8966,422,31115,0.109862,0.05,1,670173,669751,422
44725061,42.22,42.3793,422,31183,0.0619723,0.01,1,670214,669792,422
44727981,10.044,10.0759,422,31251,0.0523945,0.01,1,670216,669794,422
44730901,54.0088,53.2152,423,31319,0.0344789,0.01,1,670281,669858,423
44733821,59.6018,10.643,484,31387,0.110896,0.13,1,670342,669858,484
44736741,74.3204,47.7286,505,31454,0.110179,0.17,1,670420,669915,505
44739661,34.0641,69.5457,454,31521,0.126036,0.19,1,670444,669990,454
44742581,30.8128,33.1091,460,31588,0.129207,0.17,1,670474,670014,460
44745501,36.5626,31.4218,467,31655,0.129841,0.19,1,670512,670045,467
44748421,41.7125,37.4844,471,31722,0.113968,0.19,1,670555,670084,471
44751341,39.5425,39.4969,470,31789,0.142794,0.09,1,670594,670124,470
44754261,40.7085,47.0994,462,31856,0.164559,0.05,1,670635,670173,462
44757181,9.7417,42.2199,423,31922,0.168912,0.05,1,670637,670214,423
44760101,54.7483,10.044,487,31988,0.137782,0.03,1,670703,670216,487
44763021,64.5497,54.0088,489,32054,0.115556,0.13,1,670770,670281,489
44765941,73.7099,59.6018,504,32120,0.127111,0.11,1,670846,670342,504
44768861,34.742,74.3204,451,32186,0.113422,0.13,1,670871,670420,451
44771781,30.9484,34.0641,457,32252,0.110684,0.13,1,670901,670444,457
44774701,36.5897,30.8128,465,32318,0.126137,0.13,1,670939,670474,465
44777621,40.9179,36.5626,469,32383,0.145227,0.11,1,670981,670512,469
44780541,40.9836,41.7125,467,32448,0.165045,0.15,1,671022,670555,467
44783461,41.7967,39.5425,470,32513,0.217009,0.17,1,671064,670594,470
44786381,9.95934,40.7085,431,32578,0.243402,0.17,1,671066,670635,431
44789301,53.1919,9.7417,493,32643,0.28068,0.13,1,671130,670637,493
44792221,61.8384,54.7483,491,32708,0.336136,0.11,1,671194,670703,491
44795141,13.9677,64.5497,426,32773,0.347227,0.13,1,671196,670770,426
44798061,65.1935,73.7099,428,32838,0.397445,0.11,1,671274,670846,428
44800981,32.2387,34.742,427,32902,0.407489,0.11,1,671298,670871,427
44803901,30.4477,30.9484,427,32966,0.425498,0.13,1,671328,670901,427
44806821,37.2895,36.5897,428,33030,0.4291,0.15,1,671367,670939,428
44809741,41.8579,40.9179,429,33094,0.47782,0.17,1,671410,670981,429
44812661,41.9716,40.9836,430,33158,0.455564,0.23,1,671452,671022,430
44815581,45.1943,41.7967,434,33222,0.483113,0.25,1,671498,671064,434
44818501,10.6389,9.95934,434,33286,0.456623,0.29,1,671500,671066,434
44821421,55.7278,53.1919,437,33350,0.451324,0.35,1,671567,671130,437
44824341,64.7456,61.8384,440,33413,0.434265,0.35,1,671634,671194,440
44827261,14.5491,13.9677,440,33476,0.430853,0.41,1,671636,671196,440
44830181,65.3098,65.1935,440,33539,0.462171,0.41,1,671714,671274,440
44833101,33.062,32.2387,441,33602,0.500434,0.43,1,671739,671298,441
44836021,30.6124,30.4477,441,33665,0.524087,0.43,1,671769,671328,441
44838941,38.9225,37.2895,443,33728,0.592817,0.49,1,671810,671367,443
44841861,42.9845,41.8579,444,33791,0.590563,0.45,1,671854,671410,444
44844781,42.1969,41.9716,444,33854,0.590113,0.49,1,671896,671452,444
44847701,46.0394,45.1943,445,33916,0.622023,0.45,1,671943,671498,445
44850621,10.8079,10.6389,445,33978,0.628404,0.45,1,671945,671500,445
44853541,53.3616,55.7278,442,34040,0.693681,0.43,1,672009,671567,442
44856461,65.0723,64.7456,443,34102,0.722736,0.43,1,672077,671634,443
44859381,14.6145,14.5491,443,34164,0.728547,0.47,1,672079,671636,443
44862301,66.9229,65.3098,445,34226,0.777709,0.47,2,672159,671714,445
44865221,34.1846,13.062,471,34288,0.803542,0.51,2,672185,671714,471
44868141,31.6369,22.6124,477,34350,0.856708,0.53,2,672216,671739,477
44871061,40.7274,28.5225,490,34412,0.883342,0.61,2,672259,671769,490
44873981,44.1455,38.5045,494,34473,0.872668,0.59,2,672304,671810,494
44876901,43.2291,42.9009,493,34534,0.870534,0.59,2,672347,671854,493
44879821,47.0458,42.1802,499,34595,0.870107,0.63,2,672395,671896,499
44882741,11.0092,46.036,454,34656,0.870021,0.63,2,672397,671943,454
44885661,55.0018,10.8072,518,34717,0.886004,0.71,2,672463,671945,518
44888581,67.8004,53.3614,525,34778,0.905201,0.73,2,672534,672009,525
44891501,15.1601,65.0723,459,34839,0.90904,0.73,2,672536,672077,459
44894421,70.232,14.6145,541,34900,0.941808,0.79,2,672620,672079,541
44897341,36.4464,66.9229,489,34961,0.916362,0.81,2,672648,672159,489
44900261,32.8893,34.1846,495,35021,0.895272,0.87,2,672680,672185,495
44903181,41.7779,31.6369,508,35081,0.923055,0.89,2,672724,672216,508
44906101,43.5556,40.7274,509,35141,0.928611,0.87,2,672768,672259,509
44909021,43.1111,44.1455,507,35201,0.913722,0.87,2,672811,672304,507
44911941,45.4222,43.2291,510,35261,0.926744,0.87,2,672857,672347,510
44914861,10.6844,47.0458,464,35321,0.929349,0.87,2,672859,672395,464
45037501,33,26,519,37752,0.73,1,1,674603,674084,519
45040421,29,24.4,523,37808,0.618,1,1,674631,674108,523
45043341,21,30.48,510,37864,0.5636,1,1,674650,674140,510
45046261,27.4,26.096,514,37920,0.55272,1,1,674679,674165,514
45049181,33.48,30.0192,518,37976,0.486544,1,1,674714,674196,518
45052101,44.296,30.8038,534,38032,0.425309,1,1,674761,674227,534
45055021,24.0592,46.1608,503,38088,0.365062,0.93,1,674780,674277,503
45057941,30.4118,25.2322,515,38143,0.273012,1,1,674812,674297,515
45060861,82.8824,51.4464,553,38198,0.270602,1,1,674908,674355,553
45063781,42.1765,75.8893,503,38253,0.25412,1,1,674940,674437,503
45066701,61.2353,41.5779,536,38308,0.282824,0.86,1,675006,674470,536
45069621,28.2471,66.7156,483,38363,0.288565,0.73,1,675026,674543,483
45072541,28.8494,34.9431,485,38418,0.305713,0.73,1,675055,674570,485
45075461,28.1699,33.3886,480,38473,0.325143,0.59,1,675083,674603,480
45078381,17.634,29.0777,467,38528,0.313029,0.55,1,675098,674631,467
45081301,20.3268,21.0155,469,38583,0.358606,0.55,1,675119,674650,469
45084221,5.66536,27.4031,442,38638,0.367721,0.47,1,675121,674679,442
45087141,29.1331,33.4806,442,38693,0.401544,0.41,1,675156,674714,442
45090061,44.2266,44.2961,443,38748,0.376309,0.35,1,675204,674761,443
45092981,20.8453,24.0592,439,38803,0.355262,0.25,1,675219,674780,439
45095901,26.5691,30.4118,435,38857,0.383052,0.27,1,675247,674812,435
45098821,78.9138,82.8824,431,38911,0.42061,0.25,1,675339,674908,431
45101741,43.7828,42.1765,434,38965,0.476122,0.29,1,675374,674940,434
45104661,62.3566,61.2353,435,39019,0.423224,0.29,1,675441,675006,435
45107581,30.0713,28.2471,437,39073,0.460645,0.31,1,675463,675026,437
45110501,27.6143,28.8494,435,39127,0.500129,0.33,1,675490,675055,435
45113421,30.3229,28.1699,438,39181,0.492026,0.31,1,675521,675083,438
45116341,18.0646,17.634,438,39235,0.474405,0.37,1,675536,675098,438
45119261,22.0129,20.3268,440,39289,0.454881,0.37,1,675559,675119,440
45122181,6.00258,5.66536,440,39343,0.482976,0.41,1,675561,675121,440
45125101,29.2005,29.1331,440,39397,0.440595,0.37,1,675596,675156,440
45128021,44.2401,44.2266,440,39451,0.480119,0.35,1,675644,675204,440
45130941,20.848,20.8453,440,39505,0.472024,0.39,1,675659,675219,440
45133861,25.7696,26.5691,439,39558,0.534405,0.43,1,675686,675247,439
45136781,80.3539,78.9138,441,39611,0.530881,0.49,1,675780,675339,441
45139701,46.4708,43.7828,444,39664,0.610176,0.41,1,675818,675374,444
45142621,61.2942,62.3566,442,39717,0.626035,0.47,1,675883,675441,442
45145541,32.2588,30.0713,445,39770,0.677207,0.51,1,675908,675463,445
45148461,28.0518,27.6143,445,39823,0.671441,0.49,1,675935,675490,445
45151381,29.6104,30.3229,444,39876,0.702288,0.47,1,675965,675521,444
45154301,17.1221,18.0646,443,39929,0.740458,0.45,1,675979,675536,443
45157221,22.6244,22.0129,444,39982,0.716092,0.49,1,676003,675559,444
45160141,6.12488,6.00258,444,40035,0.743218,0.43,1,676005,675561,444
45163061,28.425,29.2005,443,40088,0.732644,0.43,1,676039,675596,443
45165981,44.085,5.8401,491,40141,0.778529,0.49,2,676087,675596,491
45168901,21.617,39.568,459,40194,0.787706,0.47,2,676103,675644,459
45171821,27.5234,19.9136,473,40247,0.805541,0.55,2,676132,675659,473
45174741,82.3047,25.5827,542,40299,0.841108,0.53,2,676228,675686,542
45177661,48.4609,80.3165,488,40351,0.864222,0.63,2,676268,675780,488
45180581,64.0922,46.4633,518,40403,0.868844,0.63,2,676336,675818,518
45183501,32.8184,61.2927,478,40455,0.901769,0.69,2,676361,675883,478
45186421,29.7637,32.2585,482,40507,0.908354,0.67,2,676390,675908,482
45189341,30.7527,28.0517,486,40559,0.941671,0.71,2,676421,675935,486
45192261,17.3505,29.6103,470,40611,0.948334,0.75,2,676435,675965,470
45195181,22.6701,17.1221,480,40663,0.965667,0.71,2,676459,675979,480
45396661,31,21,525,44101,0.75,1,2,678871,678346,525
45399581,36.6,35.4,524,44149,0.558,1,1,678909,678385,524
45402501,36.12,37.48,522,44197,0.3916,1,1,678945,678423,522
45405421,36.024,27.496,533,44245,0.29432,1,1,678981,678448,533
45408341,35.2048,30.2992,537,44293,0.178864,1,1,679016,678479,537
45455061,379.041,470.86,421,20440,0.0597728,0.07,1,679481,679060,421
45457981,138.208,129.372,455,20544,0.0519546,0.01,1,679559,679104,455
45460901,116.442,107.474,464,20647,0.0183909,0.01,1,679670,679206,464
45463821,62.4883,74.2949,447,20750,0.0116782,0.05,1,679719,679272,447
45466741,60.4977,57.259,454,20852,0.0583356,0.03,1,679779,679325,454
45469661,77.6995,60.2518,475,20954,0.0676671,0.09,1,679861,679386,475
45472581,28.3399,54.4504,438,21055,0.101533,0.03,1,679877,679439,438
45475501,25.668,34.0901,434,21156,0.0923067,0.05,1,679902,679468,434
45478421,68.3336,79.618,422,21256,0.0264613,0.01,1,679981,679559,422
45481341,103.267,104.724,423,21356,0.0292923,0.01,1,680093,679670,423
45484261,59.8533,60.1447,423,21455,0.0138585,0.07,1,680142,679719,423
45487181,61.5707,60.0289,425,21554,0.0587717,0.07,1,680204,679779,425
45490101,79.5141,77.6058,427,21652,0.0997543,0.11,1,680288,679861,427
45493021,28.7028,28.3212,427,21750,0.139951,0.09,1,680304,679877,427
45495941,24.1406,25.6642,425,21848,0.16399,0.01,1,680327,679902,425
45498861,65.6281,68.3328,422,21945,0.056798,0.03,1,680403,679981,422
45501781,102.726,103.267,422,22042,0.0353596,0.01,1,680515,680093,422
45504701,59.7451,59.8533,422,22138,0.0470719,0.07,1,680564,680142,422
45507621,62.349,61.5707,423,22234,0.0494144,0.11,1,680627,680204,423
45510541,82.8698,79.5141,427,22329,0.0658829,0.15,1,680715,680288,427
45513461,30.174,28.7028,428,22424,0.0691766,0.17,1,680732,680304,428
45516381,26.0348,24.1406,430,22519,0.0858353,0.17,1,680757,680327,430
45519301,58.807,4.82811,497,22613,0.0571671,0.03,1,680824,680327,497
45522221,101.361,61.7656,533,22707,0.0354334,0.03,1,680936,680403,533
45525141,59.4723,101.953,470,22800,0.0310867,0.05,1,680985,680515,470
45528061,62.2945,59.5906,484,22893,0.0302173,0.05,1,681048,680564,484
45530981,84.4589,62.3181,511,22986,0.0620435,0.07,1,681138,680627,511
45533901,29.6918,82.8636,439,23078,0.0364087,0.07,1,681154,680715,439
45536821,29.1384,30.1727,451,23170,0.0632817,0.09,1,681183,680732,451
45539741,56.2277,26.0345,489,23261,0.0526563,0.05,1,681246,680757,489
45542661,100.046,58.8069,533,23352,0.0345313,0.03,1,681357,680824,533
45545581,60.8091,101.361,472,23443,0.0469063,0.03,1,681408,680936,472
45548501,61.7618,59.4723,485,23533,0.0333813,0.03,1,681470,680985,485
45551421,84.3524,62.2945,512,23623,0.0626763,0.07,1,681560,681048,512
45554341,29.6705,84.4589,438,23713,0.0685352,0.03,1,681576,681138,438
45557261,29.1341,29.6918,451,23802,0.0857071,0.07,1,681605,681154,451
45560181,55.4268,29.1384,484,23891,0.105141,0.05,1,681667,681183,484
45563101,100.685,56.2277,533,23980,0.0450283,0.03,1,681779,681246,533
45566021,21.7371,100.046,424,24068,0.0330057,0.05,1,681781,681357,424
45568941,45.1474,60.8091,424,24156,0.0146011,0.03,1,681832,681408,424
45571861,58.6295,61.7618,424,24244,0.0269202,0.07,1,681894,681470,424
45574781,84.5259,84.3524,425,24331,0.029384,0.07,1,681985,681560,425
45577701,29.7052,29.6705,425,24418,0.0618768,0.09,1,682001,681576,425
45580621,29.941,29.1341,426,24505,0.0523754,0.11,1,682031,681605,426
45583541,57.1882,55.4268,428,24591,0.0984751,0.03,1,682095,681667,428
45586461,97.0376,100.685,423,24677,0.155695,0.03,1,682202,681779,423
45589381,21.0075,21.7371,423,24763,0.135139,0.01,1,682204,681781,423
45592301,44.2015,45.1474,422,24849,0.131028,0.03,1,682254,681832,422
45595221,59.2403,58.6295,423,24934,0.0502056,0.03,1,682317,681894,423
45598141,84.6481,84.5259,423,25019,0.0660411,0.07,1,682408,681985,423
45601061,29.7296,29.7052,423,25104,0.0692082,0.05,1,682424,682001,423
45603981,30.7459,29.941,424,25188,0.0218416,0.11,1,682455,682031,424
45606901,60.5492,57.1882,428,25272,0.0443683,0.17,1,682523,682095,428
45609821,96.9098,97.0376,427,25356,0.0968737,0.13,1,682629,682202,427
45612741,20.982,21.0075,427,25440,0.107375,0.13,1,682631,682204,427
45615661,44.1964,4.20151,477,25523,0.125475,0.13,1,682681,682204,477
45618581,55.2393,40.8403,485,25606,0.145095,0.03,1,682739,682254,485
45621501,83.8479,58.5681,513,25689,0.133019,0.07,1,682830,682317,513
45624421,29.5696,84.5136,438,25771,0.162604,0.07,1,682846,682408,438
45627341,30.7139,29.7027,453,25853,0.184521,0.01,1,682877,682424,453
45630261,60.5428,30.7405,490,25935,0.156904,0.05,1,682945,682455,490
45633181,100.109,60.5481,532,26017,0.167381,0.11,1,683055,682523,532
45636101,21.6217,96.9096,428,26098,0.169476,0.11,1,683057,682629,428
45639021,45.1243,20.9819,477,26179,0.201895,0.13,1,683108,682631,477
45641941,56.2249,44.1964,486,26260,0.224379,0.15,1,683167,682681,486
45644861,84.045,55.2393,519,26341,0.260876,0.13,1,683258,682739,519
45647781,30.409,83.8479,445,26421,0.300175,0.17,1,683275,682830,445
45650701,31.6818,29.5696,461,26501,0.308035,0.19,1,683307,682846,461
45653621,59.1364,30.7139,496,26581,0.325607,0.15,1,683373,682877,496
45656541,100.627,60.5428,539,26661,0.393121,0.17,1,683484,682945,539
45659461,21.7255,100.109,431,26740,0.406624,0.17,1,683486,683055,431
45662381,46.7451,21.6217,482,26819,0.457325,0.21,1,683539,683057,482
45665301,57.349,45.1243,491,26898,0.499465,0.23,1,683599,683108,491
45668221,13.0698,56.2249,434,26977,0.507893,0.27,1,683601,683167,434
45671141,76.214,84.045,435,27056,0.525579,0.31,1,683693,683258,435
45674061,30.4428,30.409,437,27134,0.545116,0.31,1,683712,683275,437
45676981,31.6886,31.6818,437,27212,0.597023,0.33,1,683744,683307,437
45679901,59.9377,59.1364,438,27290,0.607405,0.41,1,683811,683373,438
45682821,104.788,100.627,443,27368,0.641481,0.41,1,683927,683484,443
45685741,22.5575,21.7255,443,27445,0.648296,0.47,1,683929,683486,443
45688661,49.3115,46.7451,446,27522,0.681659,0.51,1,683985,683539,446
45691581,59.4623,57.349,448,27599,0.784332,0.51,2,684047,683599,448
45694501,13.4925,13.0698,448,27676,0.804866,0.53,2,684049,683601,448
45697421,76.2985,76.214,448,27753,0.824973,0.55,2,684141,683693,448
45700341,32.0597,30.4428,450,27829,0.844995,0.61,2,684162,683712,450
45703261,32.0119,31.6886,450,27905,0.832999,0.61,2,684194,683744,450
45706181,60.0024,59.9377,450,27981,0.8626,0.65,2,684261,683811,450
45709101,107.2,104.788,453,28057,0.83652,0.65,2,684380,683927,453
45712021,23.0401,22.5575,453,28132,0.831304,0.69,2,684382,683929,453
45714941,51.808,49.3115,456,28207,0.830261,0.81,2,684441,683985,456
45717861,64.7616,59.4623,462,28282,0.862052,0.81,2,684509,684047,462
45720781,14.5523,13.4925,462,28357,0.86841,0.81,2,684511,684049,462
45723701,76.5105,2.69849,554,28432,0.917682,0.83,2,684603,684049,554
45726621,31.3021,74.1397,482,28506,0.927536,0.85,2,684623,684141,482
45729541,32.6604,31.6279,494,28580,0.913507,0.83,2,684656,684162,494
45843421,31,28,525,31340,0.73,1,1,686622,686097,525
45844881,31.8,5.6,557,31408,0.698,1,1,686654,686097,557
45878461,447.16,536.32,439,13140,0.1636,0.23,1,687205,686766,439
45881381,211.032,161.664,523,14023,0.10472,0.07,1,687357,686834,523
45884301,116.606,154.733,463,14175,0.076944,0,1,687450,686987,463
45887221,85.7213,86.9466,471,14325,0.151389,0.05,1,687528,687057,471
45890141,87.5443,58.1893,508,14473,0.118278,0.03,1,687616,687108,508
45893061,149.509,89.2379,576,14620,0.111656,0.09,1,687781,687205,576
45895981,103.502,139.448,516,14765,0.190331,0.07,1,687873,687357,516
45898901,87.1004,102.29,506,14909,0.286066,0.17,1,687956,687450,506
45901821,86.2201,82.8579,514,15051,0.353213,0.11,1,688042,687528,514
45904741,18.844,86.9716,428,15192,0.366643,0.11,1,688044,687616,428
45907661,136.569,149.394,429,15332,0.369329,0.21,1,688210,687781,429
45910581,104.114,103.479,433,15471,0.417866,0.31,1,688306,687873,433
45913501,92.0228,87.0958,439,15608,0.411573,0.37,1,688395,687956,439
45916421,88.0045,86.2192,440,15744,0.538315,0.37,1,688482,688042,440
45919341,19.2009,18.8438,440,15879,0.595663,0.37,1,688484,688044,440
45922261,136.64,136.569,440,16013,0.591133,0.43,1,688650,688210,440
45925181,104.928,104.114,441,16146,0.622227,0.41,1,688747,688306,441
45928101,93.7856,92.0228,443,16278,0.628445,0.57,1,688838,688395,443
45931021,93.9571,88.0045,450,16408,0.565689,0.61,1,688932,688482,450
45933941,20.3914,19.2009,450,16537,0.601138,0.59,1,688934,688484,450
45936861,137.678,136.64,451,16665,0.624228,0.59,1,689101,688650,451
45939781,105.936,27.328,549,16792,0.612845,0.63,1,689199,688650,549
45942701,93.1871,83.0656,542,16918,0.658569,0.63,1,689289,688747,542
45945621,92.2374,89.4131,543,17043,0.779714,0.55,2,689381,688838,543
45948541,20.0475,93.0826,451,17168,0.803943,0.61,2,689383,688932,451
45951461,138.41,20.2165,617,17292,0.872789,0.63,2,689551,688934,617
45954381,106.882,137.643,549,17415,0.870558,0.61,2,689650,689101,549
46009861,69,77,485,19600,0.92,1,2,691179,690694,485
46012781,89,15.4,579,19708,0.784,1,2,691273,690694,579
46015701,47.4,90.28,507,19816,0.7088,1,1,691310,690803,507
46018621,130.28,38.056,633,19923,0.45376,1,1,691461,690828,633
46021541,101.256,130.811,573,20029,0.194752,0.97,1,691555,690982,573
46024461,43.4512,104.562,504,20135,0.12695,0.92,1,691584,691080,504
46027381,57.4902,44.9124,535,20240,0.0493901,0.92,1,691645,691110,535
46030301,81.098,64.1825,553,20345,0.049878,0.75,1,691732,691179,553
46033221,44.2196,88.0365,494,20449,0.0499756,0.69,1,691767,691273,494
46036141,115.244,47.2073,590,20553,0.0659951,0.39,1,691900,691310,590
46039061,87.8488,130.241,520,20656,0.101199,0.13,1,691981,691461,520
46041981,38.3698,101.248,452,20759,0.0762398,0.11,1,692007,691555,452
46044901,55.674,43.4497,483,20861,0.039248,0.03,1,692067,691584,483
46047821,79.9348,57.4899,508,20963,0.0478496,0.05,1,692153,691645,508
46050741,17.587,81.098,423,21064,0.0495699,0.05,1,692155,691732,423
46053661,30.7174,44.2196,422,21165,0.017914,0.07,1,692189,691767,422
46056581,114.943,115.244,425,21265,0.123583,0.11,1,692325,691900,425
46059501,89.3887,87.8488,427,21365,0.240717,0.07,1,692408,691981,427
46062421,38.6777,38.3698,427,21464,0.264143,0.03,1,692434,692007,427
46065341,52.5355,55.674,423,21563,0.284829,0.05,1,692490,692067,423
46068261,78.5071,79.9348,422,21661,0.144966,0.05,1,692575,692153,422
46071181,17.3014,17.587,422,21759,0.116993,0.01,1,692577,692155,422
46074101,30.6603,30.7174,422,21856,0.111399,0.15,1,692611,692189,422
46077021,121.332,114.943,430,21953,0.11028,0.27,1,692755,692325,430
46079941,93.8664,89.3887,434,22050,0.0780559,0.27,1,692842,692408,434
46082861,40.3733,38.6777,435,22146,0.0876112,0.29,1,692869,692434,435
46085781,52.0747,52.5355,434,22242,0.121522,0.11,1,692924,692490,434
46088701,72.8149,78.5071,427,22337,0.0963044,0.11,1,693002,692575,427
46091621,16.163,17.3014,427,22432,0.123261,0.11,1,693004,692577,427
46094541,30.4326,30.6603,427,22527,0.160652,0.11,1,693038,692611,427
46097461,118.887,6.13206,568,22621,0.21613,0.11,1,693179,692611,568
46100381,91.7773,116.426,509,22715,0.259226,0.07,1,693264,692755,509
46103301,40.7555,92.8853,450,22808,0.283845,0.09,1,693292,692842,450
46106221,53.7511,40.1771,480,22901,0.320769,0.13,1,693349,692869,480
46109141,73.1502,52.0354,503,22994,0.344154,0.09,1,693427,692924,503
46112061,16.23,72.8071,427,23086,0.348831,0.13,1,693429,693002,427
46114981,32.046,16.1614,461,23178,0.349766,0.17,1,693465,693004,461
46117901,123.209,30.4323,573,23269,0.461953,0.23,1,693611,693038,573
46120821,94.2418,118.886,519,23360,0.564391,0.27,1,693698,693179,519
46123741,42.0484,91.7773,463,23451,0.568878,0.29,1,693727,693264,463
46126661,55.6097,40.7555,494,23541,0.585776,0.33,1,693786,693292,494
46129581,74.3219,53.7511,516,23631,0.605155,0.35,1,693865,693349,516
46132501,16.4644,73.1502,440,23721,0.609031,0.35,1,693867,693427,440
46135421,33.6929,16.23,476,23810,0.625806,0.35,1,693905,693429,476
46138341,127.539,32.046,591,23899,0.597161,0.49,1,694056,693465,591
46141261,27.1077,123.209,447,23988,0.591432,0.59,1,694058,693611,447
46144181,78.2215,94.2418,451,24076,0.702286,0.57,1,694149,693698,451
46147101,38.0443,42.0484,450,24164,0.708457,0.59,1,694177,693727,450
46150021,55.6089,55.6097,451,24252,0.725691,0.61,1,694237,693786,451
46152941,75.1218,74.3219,452,24339,0.793138,0.61,2,694317,693865,452
46155861,16.6244,16.4644,452,24426,0.806628,0.63,2,694319,693867,452
46158781,32.9249,33.6929,451,24513,0.841326,0.59,2,694356,693905,451
46161701,128.985,127.539,453,24599,0.896265,0.59,2,694509,694056,453
46164621,27.397,27.1077,453,24685,0.907253,0.73,2,694511,694058,453
46167541,81.4794,78.2215,457,24771,0.877451,0.71,2,694606,694149,457
46170461,38.6959,38.0443,457,24857,0.88749,0.73,2,694634,694177,457
46173381,57.3392,55.6089,459,24942,0.873498,0.81,2,694696,694237,459
46176301,77.8678,75.1218,462,25027,0.8547,0.81,2,694779,694317,462
46179221,17.1736,16.6244,462,25112,0.88294,0.85,2,694781,694319,462
46182141,34.6347,32.9249,464,25196,0.920588,0.91,2,694820,694356,464
46272661,37,25,494,27683,0.75,1,2,696618,696124,494
46275581,67.4,60.2,500,27760,0.638,1,1,696693,696193,500
46278501,41.48,35.24,506,27836,0.5836,1,1,696728,696222,506
46281421,25.896,29.448,500,27912,0.62072,1,1,696750,696250,500
46284341,95.5792,110.69,482,27988,0.596144,0.94,1,696863,696381,482
46287261,36.7158,43.7379,477,28064,0.527229,1,1,696885,696408,477
46290181,62.5432,71.1476,468,28139,0.545446,0.91,1,696954,696486,468
46293101,32.5086,36.6295,465,28214,0.565089,0.75,1,696979,696514,465
46296021,56.1017,60.9259,460,28289,0.553018,0.75,1,697041,696581,460
46298941,38.4203,41.7852,457,28364,0.582604,0.75,1,697075,696618,457
46301861,66.8841,8.35704,531,28439,0.620521,0.61,1,697149,696618,531
46304781,38.1768,61.6714,487,28513,0.628104,0.57,1,697180,696693,487
46307701,24.4354,40.3343,473,28587,0.613621,0.63,1,697201,696728,473
46310621,91.2871,25.6669,559,28661,0.738724,0.59,1,697309,696750,559
46313541,36.6574,95.5334,469,28735,0.747745,0.51,1,697332,696863,469
46316461,63.3315,36.7067,517,28809,0.765549,0.55,2,697402,696885,517
46319381,31.8663,62.5413,472,28882,0.78511,0.57,2,697426,696954,472
46322301,56.7733,32.5083,510,28955,0.821022,0.55,2,697489,696979,510
46325221,40.1547,56.1017,484,29028,0.828204,0.59,2,697525,697041,484
46328141,68.8309,38.4203,526,29101,0.909641,0.63,2,697601,697075,526
46701901,38,53,511,37267,0.81,1,2,703266,702755,511
46704821,70.8,41,552,37324,0.65,0.99,1,703345,702793,552
46707741,44.56,58.6,527,37381,0.57,1,1,703383,702856,527
46710661,36.112,41.32,524,37438,0.49,1,1,703417,702893,524
46713581,28.8224,37.064,515,37494,0.394,1,1,703444,702929,515
46716501,35.3645,31.4128,522,37550,0.2628,1,1,703481,702959,522
46719421,36.6729,46.2826,509,37606,0.20456,1,1,703518,703009,509
46722341,40.1346,42.0565,509,37662,0.192912,1,1,703559,703050,509
46725261,42.4269,28.4113,527,37718,0.126582,1,1,703602,703075,527
46728181,34.0854,49.6823,504,37774,0.0653165,1,1,703634,703130,504
46731101,32.4171,38.7365,500,37830,0.0850633,0.8,1,703666,703166,500
46734021,22.4834,30.9473,491,37886,0.0570127,0.76,1,703686,703195,491
46736941,34.0967,32.5895,495,37942,0.0834025,0.81,1,703723,703228,495
46739861,62.8193,36.9179,527,37998,0.152681,0.61,1,703793,703266,527
46742781,41.3639,70.5836,484,38054,0.134536,0.55,1,703829,703345,484
46745701,31.4728,44.5167,475,38110,0.146907,0.47,1,703858,703383,475
46748621,24.6946,36.1033,464,38165,0.101381,0.37,1,703881,703417,464
46751541,33.7389,28.8207,473,38220,0.124276,0.23,1,703917,703444,473
46754461,33.9478,35.3641,470,38275,0.144855,0.19,1,703951,703481,470
46757381,33.9896,36.6728,467,38330,0.148971,0.19,1,703985,703518,467
46760301,42.7979,40.1346,471,38385,0.197794,0.11,1,704030,703559,471
46763221,29.3596,42.4269,454,38440,0.191559,0.05,1,704056,703602,454
46766141,33.8719,34.0854,457,38495,0.254312,0.09,1,704091,703634,457
46769061,20.3744,32.4171,442,38550,0.250862,0.05,1,704108,703666,442
46771981,36.0749,22.4834,462,38605,0.282172,0.09,1,704148,703686,462
46774901,8.81497,34.0967,427,38660,0.288435,0.17,1,704150,703723,427
46777821,58.563,62.8193,428,38715,0.353687,0.13,1,704221,703793,428
46780741,40.5126,41.3639,428,38770,0.366737,0.15,1,704257,703829,428
46783661,30.5025,31.4728,427,38824,0.385347,0.09,1,704285,703858,427
46786581,23.7005,24.6946,426,38878,0.437069,0.13,1,704307,703881,426
46789501,35.9401,33.7389,429,38932,0.431414,0.15,1,704346,703917,429
46792421,35.988,33.9478,431,38986,0.446283,0.15,1,704382,703951,431
46795341,34.3976,33.9896,431,39040,0.481257,0.21,1,704416,703985,431
46798261,43.6795,42.7979,432,39094,0.488251,0.19,1,704462,704030,432
46801181,30.3359,29.3596,433,39148,0.50565,0.27,1,704489,704056,433
46804101,34.0672,33.8719,433,39202,0.49313,0.25,1,704524,704091,433
46807021,22.0134,20.3744,435,39256,0.506626,0.29,1,704543,704108,435
46809941,37.2027,36.0749,436,39310,0.461325,0.29,1,704584,704148,436
46812861,9.04054,8.81497,436,39364,0.452265,0.37,1,704586,704150,436
46815781,60.2081,58.563,438,39418,0.514453,0.37,1,704659,704221,438
46818701,40.8416,40.5126,438,39472,0.558891,0.39,1,704695,704257,438
46821621,32.9683,30.5025,441,39526,0.551778,0.45,1,704726,704285,441
46824541,24.9937,23.7005,442,39579,0.598356,0.43,1,704749,704307,442
46827461,36.9987,35.9401,443,39632,0.607671,0.45,1,704789,704346,443
46830381,36.9997,35.988,444,39685,0.593534,0.49,1,704826,704382,444
46833301,34.5999,34.3976,444,39738,0.590707,0.49,1,704860,704416,444
46836221,45.32,43.6795,446,39791,0.606141,0.51,1,704908,704462,446
46839141,31.464,30.3359,447,39844,0.609228,0.49,1,704936,704489,447
46842061,33.4928,34.0672,446,39897,0.609846,0.51,1,704970,704524,446
46844981,21.0986,22.0134,445,39950,0.577969,0.45,1,704988,704543,445
46847901,36.2197,37.2027,444,40003,0.619594,0.45,1,705028,704584,444
46850821,8.84394,9.04054,444,40056,0.627919,0.53,1,705030,704586,444
46853741,61.7688,60.2081,446,40109,0.645584,0.53,1,705105,704659,446
46856661,41.9538,12.0416,483,40162,0.649117,0.57,1,705142,704659,483
46859581,33.9908,31.2083,479,40215,0.665823,0.55,1,705174,704695,479
46862501,25.9982,31.0417,472,40268,0.685165,0.61,1,705198,704726,472
46865421,37.1996,24.6083,489,40320,0.721033,0.61,1,705238,704749,489
46868341,37.0399,36.9217,486,40372,0.760207,0.59,2,705275,704789,486
46871261,35.408,36.9843,484,40424,0.720041,0.59,1,705310,704826,484
46874181,44.6816,34.5969,497,40476,0.744008,0.61,1,705357,704860,497
46877101,31.3363,45.3194,477,40528,0.748802,0.61,1,705385,704908,477
46880021,33.4673,31.4639,483,40580,0.74976,0.61,1,705419,704936,483
46882941,21.0935,33.4928,467,40632,0.749952,0.57,1,705437,704970,467
46885861,37.8187,21.0986,491,40684,0.74999,0.63,1,705479,704988,491
46888781,9.16374,36.2197,453,40736,0.749998,0.63,1,705481,705028,453
46891701,63.4327,8.84394,528,40788,0.798,0.65,2,705558,705030,528
46894621,42.2865,61.7688,490,40840,0.8236,0.65,2,705595,705105,490
46897541,35.6573,41.9538,487,40892,0.90872,0.67,2,705629,705142,487
46900461,26.3315,33.9908,479,40944,0.909744,0.69,2,705653,705174,479
46903381,38.8663,25.9982,497,40996,0.909949,0.73,2,705695,705198,497
46906301,37.3733,37.1996,494,41047,0.90999,0.77,2,705732,705238,494
46909221,34.6747,37.0399,491,41098,0.909998,0.71,2,705766,705275,491
46912141,46.1349,35.408,505,41149,0.926,0.75,2,705815,705310,505
46915061,31.627,44.6816,486,41200,0.9292,0.75,2,705843,705357,486
47120921,68,91,475,20647,0.17,0.47,1,708340,707865,475
47123841,68,71.8,476,20750,0.17,0.13,1,708408,707932,476
47126761,72,88.76,456,20852,0.17,0.03,1,708481,708025,456
47129681,61.6,64.952,456,20954,0.074,0.11,1,708540,708084,456
47132601,49.92,64.1904,439,21055,0.0388,0.07,1,708587,708148,439
47135521,29.184,38.4381,431,21156,0.09576,0.13,1,708611,708180,431
47138441,77.0368,81.2876,428,21256,0.171152,0.17,1,708700,708272,428
47141361,73.0074,70.6575,432,21356,0.20223,0.17,1,708772,708340,432
47144281,69.0015,68.5315,432,21455,0.208446,0.17,1,708840,708408,432
47147201,70.6003,72.1063,430,21554,0.193689,0.05,1,708911,708481,430
47150121,56.5201,61.6213,424,21652,0.190738,0.03,1,708964,708540,424
47153041,48.104,49.9243,423,21750,0.158148,0.11,1,709010,708587,423
47155961,29.6208,29.1849,424,21848,0.15163,0.19,1,709035,708611,424
47158881,81.1242,77.037,429,21945,0.198326,0.21,1,709129,708700,429
47161801,74.6248,73.0074,430,22042,0.255665,0.21,1,709202,708772,430
47164721,70.925,69.0015,432,22138,0.235133,0.19,1,709272,708840,432
47167641,70.185,70.6003,431,22234,0.279027,0.19,1,709342,708911,431
47170561,57.237,56.5201,432,22329,0.303805,0.15,1,709396,708964,432
47173481,44.2474,48.104,427,22424,0.292761,0.15,1,709437,709010,427
47176401,30.4495,29.6208,429,22519,0.306552,0.15,1,709464,709035,429
47179321,82.0899,5.92416,524,22613,0.32531,0.21,1,709559,709035,524
47182241,76.418,76.3848,505,22707,0.409062,0.27,1,709634,709129,505
47185161,72.0836,73.677,503,22800,0.425812,0.23,1,709705,709202,503
47188081,70.4167,70.7354,503,22893,0.445162,0.29,1,709775,709272,503
47191001,58.0833,70.1471,488,22986,0.497032,0.31,1,709830,709342,488
47193921,45.2167,57.2294,476,23078,0.507406,0.29,1,709872,709396,476
47196841,31.4433,44.2459,463,23170,0.509481,0.31,1,709900,709437,463
47199761,84.6887,30.4492,534,23261,0.557896,0.33,1,709998,709464,534
47202681,79.3377,82.0898,517,23352,0.679579,0.43,1,710076,709559,517
47205601,73.4675,76.418,514,23443,0.735916,0.43,1,710148,709634,514
47208521,71.4935,72.0836,514,23533,0.779183,0.45,2,710219,709705,514
47211441,59.8987,70.4167,501,23623,0.771837,0.51,2,710276,709775,501
47214361,45.5797,58.0833,488,23713,0.786367,0.51,2,710318,709830,488
47217281,32.3159,45.2167,475,23802,0.773273,0.51,2,710347,709872,475
47220201,86.4632,31.4433,547,23891,0.770655,0.57,2,710447,709900,547
47223121,86.0926,84.6887,535,23980,0.802131,0.71,2,710533,709998,535
47226041,18.8185,79.3377,459,24068,0.776426,0.75,2,710535,710076,459
47228961,61.3637,73.4675,459,24156,0.819285,0.79,2,710607,710148,459
47231881,70.6727,71.4935,461,24244,0.827857,0.77,2,710680,710219,461
47234801,58.9345,59.8987,460,24331,0.845571,0.79,2,710736,710276,460
47237721,46.1869,45.5797,461,24418,0.881114,0.77,2,710779,710318,461
47240641,31.6374,32.3159,460,24505,0.904223,0.77,2,710807,710347,460
47243561,86.3275,86.4632,460,24591,0.924845,0.81,2,710907,710447,460
47246481,86.0655,86.0926,460,24677,0.944969,0.77,2,710993,710533,460
47249401,18.8131,18.8185,460,24763,0.948994,0.83,2,710995,710535,460
47331161,36,55,497,27056,0.89,1,2,712640,712143,497
47334081,26.4,36.6,489,27134,0.89,1,2,712664,712175,489
47337001,45.28,36.12,503,27212,0.826,1,2,712714,712211,503
47339921,82.656,90.424,491,27290,0.7012,1,1,712806,712315,491
47342841,62.9312,80.4848,471,27368,0.59624,1,1,712864,712393,471
47345761,46.1862,37.697,486,27445,0.575248,1,1,712906,712420,486
47348681,58.0372,53.9394,489,27522,0.60305,0.84,1,712967,712478,489
47351601,74.0075,85.1879,474,27599,0.56061,0.94,1,713045,712571,474
47354521,38.8015,43.4376,471,27676,0.584122,0.89,1,713075,712604,471
47357441,32.5603,37.4875,466,27753,0.604824,0.89,1,713106,712640,466
47360361,22.5121,26.6975,462,27829,0.640965,0.81,1,713126,712664,462
47363281,42.9024,45.3395,460,27905,0.616193,0.67,1,713174,712714,460
47366201,77.3805,82.6679,454,27981,0.659239,0.57,1,713260,712806,454
47369121,62.6761,62.9336,455,28057,0.699848,0.57,1,713319,712864,455
47372041,42.1352,46.1867,450,28132,0.72397,0.61,1,713356,712906,450
47374961,58.027,58.0373,451,28207,0.696794,0.55,1,713418,712967,451
47377881,73.2054,74.0075,450,28282,0.739359,0.59,1,713495,713045,450
47380801,39.4411,38.8015,451,28357,0.779872,0.59,2,713526,713075,451
47383721,32.6882,7.7603,482,28432,0.819974,0.61,2,713557,713075,482
47386641,22.5376,26.3521,471,28506,0.843995,0.65,2,713577,713106,471
47389561,42.9075,21.2704,499,28580,0.864799,0.61,2,713625,713126,499
47392481,78.1815,42.6541,538,28654,0.88496,0.67,2,713712,713174,538
47395401,64.4363,77.3308,513,28728,0.936992,0.71,2,713773,713260,513
47588121,38,41,495,33242,0.81,1,2,716926,716431,495
47591041,30,33,492,33306,0.746,0.93,1,716954,716462,492
47593961,42.8,36.2,501,33370,0.6852,1,1,717000,716499,501
47596881,35.76,50.44,481,33433,0.62504,1,1,717034,716553,481
47599801,39.152,37.288,487,33496,0.549008,1,1,717074,716587,487
47602721,50.2304,49.8576,487,33559,0.469802,1,1,717127,716640,487
47605641,37.2461,41.9715,481,33622,0.42196,1,1,717161,716680,481
47608561,51.4492,52.3943,481,33685,0.428392,1,1,717216,716735,481
47611481,63.0898,70.4789,472,33748,0.461678,0.89,1,717282,716810,472
47614401,39.818,44.4958,468,33811,0.436336,0.85,1,717316,716848,468
47617321,35.1636,40.8992,462,33874,0.415267,0.81,1,717350,716888,462
47620241,33.4327,38.5798,457,33936,0.459053,0.73,1,717383,716926,457
47623161,29.0865,30.116,457,33998,0.403811,0.67,1,717411,716954,457
47626081,41.8173,42.8232,456,34060,0.472762,0.61,1,717456,717000,456
47629001,31.5635,35.7646,451,34122,0.438552,0.53,1,717485,717034,451
47631921,36.7127,39.1529,449,34184,0.47971,0.45,1,717523,717074,449
47634841,44.1425,50.2306,442,34246,0.519942,0.45,1,717569,717127,442
47637761,36.8285,10.0461,477,34308,0.543988,0.41,1,717604,717127,477
47640681,47.3657,29.2092,493,34370,0.612798,0.43,1,717654,717161,493
47643601,62.2731,49.8418,504,34432,0.62656,0.47,1,717720,717216,504
47646521,42.0546,62.7684,475,34493,0.613312,0.43,1,717757,717282,475
47649441,35.6109,39.7537,475,34554,0.642662,0.41,1,717791,717316,475
47652361,32.7222,35.1507,473,34615,0.664532,0.47,1,717823,717350,473
47655281,30.5444,33.4301,470,34676,0.684906,0.39,1,717853,717383,470
47658201,42.9089,29.086,488,34737,0.704981,0.49,1,717899,717411,488
47661121,29.3818,41.8172,469,34798,0.724996,0.43,1,717925,717456,469
47664041,38.6764,31.5634,481,34859,0.728999,0.49,1,717966,717485,481
47666961,46.9353,36.7127,492,34920,0.7298,0.53,1,718015,717523,492
47669881,39.7871,44.1425,484,34981,0.74596,0.55,1,718053,717569,484
47672801,48.7574,36.8285,500,35041,0.829192,0.63,2,718104,717604,500
47675721,64.1515,47.3657,518,35101,0.845838,0.63,2,718172,717654,518
47678641,42.4303,62.2731,489,35161,0.881168,0.61,2,718209,717720,489
47681561,36.4861,42.0546,487,35221,0.888234,0.65,2,718244,717757,487
47684481,33.6972,35.6109,486,35281,0.873647,0.67,2,718277,717791,486
47687401,31.5394,32.7222,485,35341,0.854729,0.69,2,718308,717823,485
47690321,43.9079,30.5444,502,35401,0.834946,0.71,2,718355,717853,502
47693241,31.1816,42.9089,484,35461,0.830989,0.73,2,718383,717899,484
47696161,38.2363,29.3818,498,35521,0.830198,0.73,2,718423,717925,498
47699081,48.4473,38.6764,508,35581,0.83004,0.73,2,718474,717966,508
47702001,40.8895,46.9353,498,35640,0.814008,0.75,2,718513,718015,498
47704921,9.77789,39.7871,462,35699,0.810802,0.85,2,718515,718053,462
47707841,44.3556,48.7574,464,35758,0.84216,0.85,2,718568,718104,464
47710761,63.2711,64.1515,464,35817,0.864432,0.89,2,718636,718172,464
47713681,43.8542,42.4303,466,35876,0.884887,0.89,2,718675,718209,466
47850921,47,35,530,38548,0.79,1,2,720513,719983,530
47853841,54.2,64.6,514,38603,0.774,1,2,720569,720055,514
47856761,31.64,37.72,509,38658,0.6908,1,1,720595,720086,509
47859681,33.528,39.544,503,38713,0.70616,1,1,720629,720126,503
47862601,24.3056,31.9088,495,38768,0.693232,1,1,720651,720156,495
47865521,28.8611,34.3818,490,38822,0.706646,1,1,720681,720191,490
47868441,35.3722,45.2764,479,38876,0.725329,1,1,720718,720239,479
47871361,32.6744,37.0553,476,38930,0.713066,0.98,1,720750,720274,476
47874281,36.1349,40.2111,472,38984,0.742613,0.99,1,720787,720315,472
47877201,44.027,46.4422,470,39038,0.748523,0.99,1,720833,720363,470
47880121,32.8054,35.6884,467,39092,0.781705,0.91,2,720863,720396,467
47883041,28.9611,32.7377,463,39146,0.804341,0.85,2,720891,720428,463
47885961,36.9922,36.9475,464,39200,0.888868,0.79,2,720930,720466,464
47888881,42.5984,44.9895,461,39254,0.921774,0.77,2,720974,720513,461
47891801,50.9197,53.7979,458,39308,0.880355,0.67,2,721027,720569,458
47894721,31.7839,31.5596,459,39362,0.888071,0.71,2,721054,720595,459
47897641,33.5568,33.5119,459,39416,0.889614,0.69,2,721088,720629,459
48099121,25,31,486,42954,0.83,1,2,723547,723061,486
48102041,29.8,23,496,43003,0.638,1,1,723578,723082,496
48104961,32.36,4.6,529,43052,0.6156,1,1,723611,723082,529
48107881,23.272,28.12,516,43101,0.65912,1,1,723632,723116,516
48110801,28.6544,33.624,511,43150,0.667824,1,1,723662,723151,511
48113721,25.7309,29.9248,507,43199,0.653565,1,1,723687,723180,507
48116641,33.9462,33.985,508,43248,0.650713,1,1,723723,723215,508
48119561,35.5892,37.197,506,43297,0.634143,0.91,1,723759,723253,506
48122481,33.5178,33.8394,506,43346,0.630828,1,1,723792,723286,506
48125401,39.5036,33.9679,513,43395,0.614166,1,1,723833,723320,513
48128321,41.5007,41.9936,511,43444,0.514833,0.94,1,723875,723364,511
48131241,41.9001,43.5987,509,43493,0.574967,1,1,723917,723408,509
48134161,33.18,43.9197,496,43542,0.554993,0.91,1,723948,723452,496
48137081,33.836,36.7839,495,43590,0.598999,0.81,1,723982,723487,495
48140001,25.9672,35.3568,484,43638,0.5758,0.83,1,724006,723522,484
48142921,28.3934,27.0714,488,43686,0.55516,0.59,1,724035,723547,488
48145841,31.2787,30.2143,489,43734,0.583032,0.61,1,724067,723578,489
48148761,22.2557,32.4429,476,43782,0.588606,0.67,1,724087,723611,476
48151681,27.6511,23.2886,484,43830,0.653721,0.67,1,724116,723632,484
48154601,21.5302,28.6577,474,43878,0.634744,0.65,1,724136,723662,474
48157521,33.106,25.7315,485,43926,0.662949,0.65,1,724172,723687,485
48160441,36.2212,33.9463,486,43974,0.65259,0.63,1,724209,723723,486
48163361,34.4442,35.5893,484,44022,0.650518,0.63,1,724243,723759,484
48166281,38.8888,33.5179,491,44070,0.618104,0.61,1,724283,723792,491
48169201,39.7778,39.5036,490,44118,0.675621,0.49,1,724323,723833,490
48172121,43.1556,41.5007,492,44166,0.687124,0.59,1,724367,723875,492
48175041,32.6311,41.9001,480,44214,0.689425,0.55,1,724397,723917,480
48177961,33.7262,33.18,483,44262,0.689885,0.61,1,724431,723948,483
48180881,25.9452,33.836,473,44310,0.689977,0.57,1,724455,723982,473
48183801,29.189,25.9672,479,44358,0.689995,0.55,1,724485,724006,479
48186721,31.4378,28.3934,482,44406,0.689999,0.59,1,724517,724035,482
48189641,25.4876,31.2787,474,44454,0.706,0.59,1,724541,724067,474
48192561,6.69751,22.2557,456,44501,0.7092,0.67,1,724543,724087,456
48195481,22.1395,27.6511,453,44548,0.70984,0.63,1,724569,724116,453
48198401,20.4279,21.5302,453,44595,0.677968,0.67,1,724589,724136,453
48201321,34.4856,33.106,455,44642,0.719594,0.65,1,724627,724172,455
48204241,34.0971,36.2212,452,44689,0.727919,0.65,1,724661,724209,452
48207161,35.6194,34.4442,454,44736,0.745584,0.61,1,724697,724243,454
48210081,39.9239,38.8888,455,44783,0.781117,0.69,2,724738,724283,455
48213001,40.7848,39.7778,456,44830,0.852223,0.69,2,724779,724323,456
48215921,44.157,43.1556,457,44877,0.850445,0.69,2,724824,724367,457
48218841,32.0314,32.6311,456,44924,0.930089,0.69,2,724853,724397,456
48540041,37,42,513,49822,0.88,1,2,728238,727725,513
48542961,34.6,34,515,49864,0.816,1,2,728272,727757,515
48545881,34.12,33.2,516,49906,0.7472,1,1,728306,727790,516
48548801,34.824,32.24,519,49948,0.70144,1,1,728341,727822,519
48551721,32.5648,31.248,520,49990,0.644288,1,1,728373,727853,520
48554641,28.113,34.2496,512,50032,0.632858,1,1,728400,727888,512
48557561,34.4226,30.0499,519,50074,0.630572,1,1,728436,727917,519
48560481,30.8845,26.81,523,50116,0.630114,1,1,728466,727943,523
48563401,31.7769,34.162,519,50158,0.566023,1,1,728498,727979,519
48566321,19.9554,34.8324,501,50200,0.553205,0.89,1,728515,728014,501
48569241,7.99108,24.5665,484,50242,0.502641,0.94,1,728520,728036,484
48572161,27.9982,12.1133,508,50284,0.556528,1,1,728553,728045,508
48575081,31.1996,24.0227,513,50326,0.519306,1,1,728585,728072,513
48578001,11.8399,35.2045,482,50368,0.463861,0.95,1,728592,728110,482
48580921,21.568,32.6409,474,50410,0.452772,0.96,1,728616,728142,474
48583841,28.3136,28.9282,476,50452,0.386554,0.95,1,728646,728170,476
48586761,26.4627,30.5856,471,50494,0.341311,0.88,1,728672,728201,471
48589681,31.6925,35.7171,467,50536,0.284262,0.8,1,728705,728238,467
48592601,31.9385,34.3434,465,50578,0.224852,0.73,1,728737,728272,465
48595521,31.9877,34.0687,463,50620,0.19697,0.69,1,728769,728306,463
48598441,30.3975,34.8137,458,50662,0.207394,0.63,1,728799,728341,458
48601361,27.6795,32.5627,453,50704,0.257479,0.63,1,728826,728373,453
48604281,27.1359,28.1125,453,50746,0.235496,0.63,1,728853,728400,453
48607201,32.6272,34.4225,451,50788,0.263099,0.63,1,728887,728436,451
48610121,29.7254,30.8845,450,50829,0.34862,0.55,1,728916,728466,450
48613041,29.9451,31.7769,448,50870,0.301724,0.55,1,728946,728498,448
48615961,17.989,19.9554,446,50911,0.308345,0.49,1,728961,728515,446
48618881,6.7978,7.99108,445,50952,0.309669,0.57,1,728965,728520,445
48621801,26.9596,27.9982,444,50993,0.389934,0.51,1,728997,728553,444
48624721,30.1919,31.1996,443,51034,0.357987,0.45,1,729028,728585,443
48627641,10.8384,11.8399,442,51075,0.351597,0.45,1,729034,728592,442
48630561,18.9677,21.568,439,51116,0.350319,0.37,1,729055,728616,439
48633481,24.5935,28.3136,435,51157,0.398064,0.33,1,729081,728646,435
48636401,25.7187,26.4627,435,51198,0.423613,0.27,1,729107,728672,435
48639321,29.1437,31.6925,432,51239,0.444723,0.21,1,729137,728705,432
48642241,29.8287,31.9385,430,51280,0.448945,0.19,1,729167,728737,430
48645161,32.3657,31.9877,431,51321,0.465789,0.21,1,729200,728769,431
48648081,30.4731,30.3975,431,51362,0.453158,0.27,1,729230,728799,431
48651001,28.4946,27.6795,432,51403,0.482632,0.23,1,729258,728826,432
48653921,24.8989,27.1359,429,51444,0.488526,0.27,1,729282,728853,429
48656841,36.9798,32.6272,435,51485,0.521705,0.37,1,729322,728887,435
48659761,32.996,29.7254,438,51526,0.544341,0.29,1,729354,728916,438
48662681,28.9992,29.9451,436,51567,0.580868,0.31,1,729382,728946,436
48665601,17.7998,17.989,436,51608,0.572174,0.31,1,729397,728961,436
48668521,6.75997,6.7978,436,51649,0.570435,0.41,1,729401,728965,436
48671441,31.752,26.9596,442,51690,0.618087,0.35,1,729439,728997,442
48674361,27.1504,30.1919,437,51731,0.627617,0.35,1,729465,729028,437
48677281,10.2301,10.8384,437,51772,0.629524,0.35,1,729471,729034,437
48680201,21.246,2.16768,461,51813,0.597905,0.35,1,729495,729034,461
48683121,25.0492,17.2335,466,51854,0.623581,0.41,1,729521,729055,466
48686041,28.2098,24.2467,469,51895,0.612716,0.43,1,729550,729081,469
48688961,29.642,25.6493,473,51936,0.642543,0.45,1,729580,729107,473
48691881,28.3284,29.1299,471,51977,0.648509,0.45,1,729608,729137,471
48694801,32.8657,29.826,475,52018,0.649702,0.47,1,729642,729167,475
48697721,32.1731,32.3652,474,52058,0.64994,0.45,1,729674,729200,474
48700641,29.6346,30.473,473,52098,0.633988,0.49,1,729703,729230,473
48703561,25.1269,28.4946,469,52138,0.662798,0.49,1,729727,729258,469
48706481,37.8254,24.8989,486,52178,0.65256,0.53,1,729768,729282,486
48709401,34.7651,36.9798,480,52218,0.650512,0.55,1,729802,729322,480
48712321,29.353,32.996,476,52258,0.682102,0.59,1,729830,729354,476
48715241,18.6706,28.9992,464,52298,0.70442,0.57,1,729846,729382,464
48718161,6.93412,17.7998,453,52338,0.708884,0.57,1,729850,729397,453
48721081,32.5868,6.75997,488,52378,0.709777,0.63,1,729889,729401,488
48724001,27.3174,31.752,476,52418,0.725955,0.63,1,729915,729439,476
48726921,10.2635,27.1504,456,52458,0.729191,0.63,1,729921,729465,456
48729841,21.2527,10.2301,474,52498,0.729838,0.59,1,729945,729471,474
48732761,26.6505,21.246,478,52538,0.729968,0.63,1,729973,729495,478
48735681,29.3301,25.0492,482,52578,0.761994,0.61,2,730003,729521,482
48738601,29.866,28.2098,483,52618,0.800399,0.65,2,730033,729550,483
48741521,28.3732,29.642,481,52658,0.80808,0.65,2,730061,729580,481
48744441,32.8746,28.3284,487,52698,0.809616,0.65,2,730095,729608,487
48747361,32.1749,32.8657,485,52738,0.809923,0.65,2,730127,729642,485
48750281,29.635,32.1731,482,52778,0.793985,0.63,2,730156,729674,482
48753201,25.927,29.6346,478,52818,0.822797,0.67,2,730181,729703,478
48756121,37.9854,25.1269,495,52858,0.828559,0.65,2,730222,729727,495
48759041,33.9971,37.8254,487,52898,0.893712,0.65,2,730255,729768,487
48761961,31.5994,34.7651,484,52938,0.874742,0.69,2,730286,729802,484
48764881,19.9199,29.353,473,52978,0.918948,0.71,2,730303,729830,473
48767801,7.18398,18.6706,461,53018,0.89579,0.71,2,730307,729846,461
48770721,31.8368,6.93412,495,53058,0.907158,0.71,2,730345,729850,495
48773641,27.9674,32.5868,483,53098,0.941432,0.73,2,730372,729889,483
48776561,10.3935,27.3174,463,53138,0.948286,0.73,2,730378,729915,463
48797001,34,34,462,53415,0.95,0.81,2,730557,730095,462
48799921,32.4,32.4,462,53454,0.95,0.79,2,730589,730127,462
48802841,28.88,29.68,461,53493,0.95,0.83,2,730617,730156,461
48979501,27,18,444,25633,0.17,0.29,1,732460,732016,444
48982421,15.8,17.2,440,25716,0.218,0.25,1,732473,732033,440
48985341,71.96,50.64,467,25798,0.1956,0.19,1,732559,732092,467
48988261,60.792,73.328,446,25880,0.19112,0.13,1,732617,732171,446
48991181,60.1584,53.0656,458,25962,0.222224,0.09,1,732677,732219,458
48994101,59.2317,54.6131,462,26044,0.212445,0.15,1,732736,732274,462
48997021,51.8463,60.5226,450,26125,0.322489,0.19,1,732786,732336,450
48999941,39.1693,34.5045,458,26206,0.376498,0.21,1,732822,732364,458
49002861,63.0339,62.1009,458,26287,0.4353,0.17,1,732891,732433,458
49005781,22.2068,34.0202,443,26368,0.46306,0.23,1,732903,732460,443
49008701,73.2414,17.204,516,26448,0.484612,0.19,1,732989,732473,516
49011621,61.0483,72.2408,488,26528,0.504922,0.19,1,733047,732559,488
49014541,61.8097,60.8482,492,26608,0.476984,0.23,1,733109,732617,492
49017461,61.9619,60.1696,494,26688,0.503397,0.21,1,733171,732677,494
49020381,54.7924,59.2339,488,26767,0.508679,0.35,1,733224,732736,488
49023301,42.1585,51.8468,477,26846,0.557736,0.39,1,733263,732786,477
49026221,10.0317,39.1694,443,26925,0.567547,0.45,1,733265,732822,443
49029141,58.8063,63.0339,445,27004,0.617509,0.47,1,733336,732891,445
49032061,21.3613,22.2068,445,27082,0.595502,0.49,1,733348,732903,445
49034981,73.8723,73.2414,446,27160,0.6231,0.51,1,733435,732989,446
49037901,61.9745,61.0483,447,27238,0.64462,0.47,1,733494,733047,447
49040821,60.3949,61.8097,445,27316,0.664924,0.51,1,733554,733109,445
49043741,63.279,61.9619,447,27394,0.652985,0.51,1,733618,733171,447
49046661,55.8558,54.7924,448,27471,0.714597,0.57,1,733672,733224,448
49049581,43.9712,42.1585,450,27548,0.742919,0.57,1,733713,733263,450
49052501,10.3942,10.0317,450,27625,0.716584,0.63,1,733715,733265,450
49055421,59.6788,58.8063,451,27702,0.743317,0.59,1,733787,733336,451
49058341,21.5358,21.3613,451,27778,0.732663,0.63,1,733799,733348,451
49061261,75.5072,73.8723,453,27854,0.762533,0.65,2,733888,733435,453
49064181,63.1014,61.9745,454,27930,0.768507,0.67,2,733948,733494,454
49067101,61.4203,60.3949,455,28006,0.833701,0.65,2,734009,733554,455
49070021,62.6841,63.279,454,28082,0.83074,0.73,2,734072,733618,454
49072941,58.1368,55.8558,457,28157,0.878148,0.75,2,734129,733672,457
49075861,45.2274,43.9712,458,28232,0.88763,0.71,2,734171,733713,458
49078781,10.6455,10.3942,458,28307,0.889526,0.75,2,734173,733715,458
49081701,58.9291,59.6788,457,28382,0.921905,0.75,2,734244,733787,457
49084621,21.3858,11.9358,469,28457,0.928381,0.73,2,734256,733787,469
49180981,57,72,482,30816,0.85,1,2,735971,735489,482
49183901,61.8,63.2,484,30885,0.85,1,2,736034,735550,484
49186821,40.36,46.24,477,30954,0.866,1,2,736069,735592,477
49189741,40.872,36.448,484,31022,0.9012,0.96,2,736110,735626,484
49192661,36.1744,33.6896,486,31090,0.90824,1,2,736145,735659,486
49195581,28.0349,33.9379,478,31158,0.925648,1,2,736171,735693,478
49315301,45,39,487,33830,0.83,1,2,738058,737571,487
49318221,35.4,32.6,489,33893,0.814,1,2,738091,737602,489
49321141,57.48,55.32,491,33955,0.7628,1,2,738154,737663,491
49324061,37.096,36.664,491,34017,0.73656,1,1,738186,737695,491
49326981,29.0192,36.1328,482,34079,0.779312,1,2,738213,737731,482
49329901,60.2038,65.6266,477,34141,0.771862,0.96,2,738281,737804,477
49332821,42.4408,43.5253,477,34203,0.770372,0.98,2,738319,737842,477
49335741,43.6882,52.7051,466,34265,0.754074,0.98,2,738363,737897,466
49338661,49.5376,10.541,517,34327,0.718815,0.96,1,738414,737897,517
49341581,34.7075,39.7082,501,34389,0.727763,0.89,1,738445,737944,501
49344501,30.1415,35.1416,496,34450,0.745553,0.89,1,738474,737978,496
49347421,43.6283,35.0283,508,34511,0.765111,0.83,2,738521,738013,508
49350341,33.5257,43.0057,494,34572,0.817022,0.81,2,738552,738058,494
49353261,56.3051,35.0011,523,34633,0.843404,0.75,2,738614,738091,523
49356181,34.461,57.4002,489,34694,0.832681,0.73,2,738643,738154,489
49359101,30.0922,37.08,486,34755,0.814536,0.79,2,738672,738186,486
49362021,57.2184,29.016,523,34816,0.858907,0.77,2,738736,738213,523
49364941,43.4437,60.2032,495,34877,0.883781,0.77,2,738776,738281,495
49367861,43.8887,42.4406,501,34938,0.888756,0.75,2,738820,738319,501
49370781,49.5777,43.6881,508,34999,0.921751,0.71,2,738871,738363,508
49601461,40,19,521,39484,0.87,1,2,742007,741486,521
49604381,38.4,30.2,526,39537,0.79,1,2,742045,741519,526
49607301,20.48,34.84,506,39590,0.614,1,1,742061,741555,506
49610221,22.496,32.568,497,39643,0.6108,1,1,742084,741587,497
49613141,37.2992,52.9136,480,39696,0.48216,1,1,742125,741645,480
49616061,51.4598,49.7827,486,39749,0.424432,1,1,742180,741694,486
49618981,65.492,68.3565,482,39802,0.252886,1,1,742249,741767,482
49621901,40.2984,43.2713,479,39855,0.202577,0.95,1,742283,741804,479
49624821,36.0597,35.0543,481,39908,0.224515,1,1,742318,741837,481
49627741,36.8119,38.2109,479,39961,0.116903,1,1,742355,741876,479
49630661,33.7624,38.8422,473,40014,0.175381,0.88,1,742388,741915,473
49633581,25.1525,30.9684,467,40067,0.139076,0.88,1,742411,741944,467
49636501,19.4305,6.19369,485,40120,0.115815,0.82,1,742429,741944,485
49639421,33.4861,19.6387,499,40173,0.063163,0.87,1,742466,741967,499
49642341,31.4972,35.9277,490,40226,0.0686326,0.77,1,742497,742007,490
49645261,16.6994,37.5855,465,40278,0.0857265,0.57,1,742510,742045,465
49648181,16.1399,20.3171,465,40330,0.0251453,0.61,1,742526,742061,465
49651101,35.228,22.4634,482,40382,0.0610291,0.45,1,742566,742084,482
49654021,47.0456,37.2927,491,40434,0.0522058,0.41,1,742616,742125,491
49656941,63.0091,51.4585,503,40486,0.0664412,0.21,1,742683,742180,503
49659861,38.2018,65.4917,466,40538,0.0852882,0.19,1,742715,742249,466
49662781,33.2404,40.2983,464,40590,0.121058,0.23,1,742747,742283,464
49665701,34.6481,36.0597,464,40642,0.128212,0.09,1,742782,742318,464
49668621,32.5296,36.8119,459,40694,0.161642,0.19,1,742814,742355,459
49671541,25.7059,33.7624,450,40746,0.168328,0.13,1,742838,742388,450
49674461,17.9412,25.1525,443,40798,0.169666,0.11,1,742854,742411,443
49677381,30.7882,19.4305,459,40850,0.153933,0.05,1,742888,742429,459
49680301,32.5576,33.4861,455,40902,0.198787,0.07,1,742921,742466,455
49683221,16.1115,31.4972,436,40954,0.207757,0.09,1,742933,742497,436
49686141,16.0223,16.6994,439,41006,0.209551,0.01,1,742949,742510,439
49689061,34.4045,16.1399,462,41057,0.22591,0.07,1,742988,742526,462
49691981,49.2809,35.228,475,41108,0.229182,0.05,1,743041,742566,475
49694901,61.8562,47.0456,490,41159,0.213836,0.07,1,743106,742616,490
49697821,39.5712,63.0091,457,41210,0.210767,0.09,1,743140,742683,457
49700741,35.1142,38.2018,459,41261,0.194153,0.13,1,743174,742715,459
49703661,35.0228,33.2404,462,41312,0.206831,0.13,1,743209,742747,462
49706581,34.2046,34.6481,461,41363,0.209366,0.17,1,743243,742782,461
49709501,26.0409,32.5296,453,41414,0.241873,0.17,1,743267,742814,453
49712421,16.4082,25.7059,443,41465,0.248375,0.17,1,743281,742838,443
49715341,33.6816,17.9412,465,41516,0.265675,0.15,1,743319,742854,465
49718261,8.33633,30.7882,433,41567,0.269135,0.21,1,743321,742888,433
49721181,27.2673,32.5576,432,41618,0.301827,0.21,1,743353,742921,432
49724101,15.0535,16.1115,432,41669,0.324365,0.21,1,743365,742933,432
49727021,17.4107,16.0223,434,41720,0.296873,0.23,1,743383,742949,434
49729941,34.6821,34.4045,434,41771,0.339375,0.23,1,743422,742988,434
49732861,48.5364,49.2809,433,41822,0.347875,0.21,1,743474,743041,433
49735781,60.9073,61.8562,432,41872,0.365575,0.21,1,743538,743106,432
49738701,39.3815,39.5712,432,41922,0.385115,0.19,1,743572,743140,432
49741621,34.2763,35.1142,431,41972,0.437023,0.21,1,743605,743174,431
49744541,35.6553,35.0228,432,42022,0.511405,0.21,1,743641,743209,432
49747461,34.3311,34.2046,432,42072,0.542281,0.25,1,743675,743243,432
49750381,27.6662,26.0409,434,42122,0.500456,0.25,1,743701,743267,434
49753301,16.7332,16.4082,434,42172,0.492091,0.27,1,743715,743281,434
49756221,34.5466,33.6816,435,42222,0.506418,0.27,1,743754,743319,435
49759141,8.50933,8.33633,435,42272,0.477284,0.31,1,743756,743321,435
49762061,28.1019,27.2673,436,42322,0.487457,0.33,1,743789,743353,436
49764981,15.2204,15.0535,436,42372,0.505491,0.29,1,743801,743365,436
49767901,18.2441,17.4107,437,42422,0.541098,0.35,1,743820,743383,437
49770821,36.4488,34.6821,439,42472,0.51622,0.35,1,743861,743422,439
49773741,48.8898,48.5364,439,42522,0.559244,0.37,1,743913,743474,439
49776661,61.778,60.9073,440,42572,0.599849,0.39,1,743978,743538,440
49779581,41.1556,39.3815,442,42622,0.60797,0.45,1,744014,743572,442
49782501,36.2311,34.2763,444,42672,0.673594,0.53,1,744049,743605,444
49785421,38.4462,35.6553,447,42721,0.654719,0.55,1,744088,743641,447
49788341,35.6892,34.3311,448,42770,0.666944,0.49,1,744123,743675,448
49791261,26.3378,27.6662,446,42819,0.701389,0.49,1,744147,743701,446
49794181,16.4676,16.7332,446,42868,0.676278,0.51,1,744161,743715,446
49797101,33.6935,34.5466,445,42917,0.687256,0.47,1,744199,743754,445
49800021,8.3387,8.50933,445,42966,0.721451,0.49,1,744201,743756,445
49802941,28.8677,28.1019,446,43015,0.71229,0.49,1,744235,743789,446
49805861,15.3735,5.62037,458,43064,0.710458,0.51,1,744247,743789,458
49808781,18.2747,10.7241,465,43113,0.742092,0.55,1,744266,743801,465
49811701,36.4549,17.3448,487,43162,0.732418,0.51,1,744307,743820,487
49814621,49.691,36.269,499,43211,0.714484,0.57,1,744360,743861,499
49817541,63.5382,48.8538,514,43260,0.742897,0.61,1,744427,743913,514
49820461,43.1076,61.7708,487,43309,0.748579,0.61,1,744465,743978,487
49823381,38.2215,41.1542,488,43358,0.797716,0.69,2,744502,744014,488
49826301,38.8443,36.2308,492,43407,0.791543,0.65,2,744541,744049,492
49829221,36.5689,38.4462,489,43456,0.806309,0.67,2,744577,744088,489
49832141,26.5138,35.6892,478,43505,0.809262,0.71,2,744601,744123,478
49835061,16.5028,26.3378,468,43553,0.825852,0.67,2,744615,744147,468
49837981,34.5006,16.4676,493,43601,0.86117,0.69,2,744654,744161,493
49840901,8.50011,33.6935,457,43649,0.868234,0.73,2,744656,744199,457
49843821,29.7,8.3387,490,43697,0.917647,0.71,2,744691,744201,490
49846741,16.34,28.8677,469,43745,0.943529,0.71,2,744704,744235,469
49849661,19.268,15.3735,477,43793,0.916706,0.75,2,744724,744247,477
50030701,103,130,507,21370,0.03,0.87,1,746893,746386,507
50033621,70.2,86.8,493,21469,0.03,0.71,1,746955,746462,493
50036541,63.64,74.16,484,21568,0.006,0.61,1,747017,746533,484
50039461,68.728,66.032,490,21666,0.0252,0.29,1,747087,746597,490
50042381,31.3456,63.6064,449,21764,0.02904,0.41,1,747109,746660,449
50045301,27.8691,27.1213,458,21861,0.077808,0.09,1,747136,746678,458
50048221,69.5738,95.0243,426,21958,0.119562,0.03,1,747216,746790,426
50051141,93.1148,101.405,422,22055,0.0479123,0.03,1,747315,746893,422
50054061,69.023,69.881,423,22151,0.0495825,0,1,747378,746955,423
50056981,62.6046,63.5762,422,22247,0.0499165,0.03,1,747439,747017,422
50059901,69.3209,68.7152,423,22342,0.0979833,0.03,1,747510,747087,423
50062821,31.4642,31.343,423,22437,0.0755967,0.09,1,747532,747109,423
50065741,28.6928,27.8686,424,22532,0.0551193,0.09,1,747560,747136,424
50068661,70.5386,5.57372,505,22626,0.0990239,0.13,1,747641,747136,505
50071581,90.9077,65.1147,521,22720,0.0758048,0.03,1,747737,747216,521
50074501,69.3815,92.223,486,22813,0.039161,0.05,1,747801,747315,486
50077421,61.0763,68.8446,482,22906,0.0318322,0.05,1,747860,747378,482
50080341,69.8153,62.5689,493,22999,0.158366,0.11,1,747932,747439,493
50083261,31.5631,69.3138,444,23091,0.183673,0.07,1,747954,747510,444
50086181,29.5126,31.4628,451,23183,0.172735,0.05,1,747983,747532,451
50089101,73.1025,28.6926,507,23274,0.202547,0.11,1,748067,747560,507
50092021,88.2205,70.5385,518,23365,0.256509,0.07,1,748159,747641,518
50094941,68.8441,90.9077,486,23456,0.235302,0.03,1,748223,747737,486
50097861,61.7688,69.3815,482,23546,0.21506,0.03,1,748283,747801,482
50100781,75.5538,61.0763,502,23636,0.227012,0.19,1,748362,747860,502
50103701,32.7108,69.8153,452,23726,0.261402,0.19,1,748384,747932,452
50106621,28.9421,31.5631,458,23815,0.28428,0.17,1,748412,747954,458
50109541,74.5884,29.5126,515,23904,0.304856,0.21,1,748498,747983,515
50112461,16.5177,73.1025,433,23993,0.324971,0.27,1,748500,748067,433
50115381,79.3035,88.2205,436,24081,0.376994,0.23,1,748595,748159,436
50118301,64.6607,68.8441,433,24169,0.419399,0.21,1,748656,748223,433
50121221,58.5321,61.7688,430,24257,0.47588,0.23,1,748713,748283,430
50124141,78.1064,75.5538,434,24344,0.439176,0.27,1,748796,748362,434
50127061,34.8213,32.7108,436,24431,0.415835,0.29,1,748820,748384,436
50129981,29.3643,28.9421,436,24518,0.427167,0.31,1,748848,748412,436
50132901,77.0729,74.5884,439,24604,0.397433,0.33,1,748937,748498,439
50135821,17.0146,16.5177,439,24690,0.391487,0.39,1,748939,748500,439
50138741,79.4029,79.3035,439,24776,0.422297,0.43,1,749034,748595,439
50141661,66.2806,64.6607,441,24862,0.444459,0.49,1,749097,748656,441
50144581,61.2561,58.5321,444,24947,0.512892,0.43,1,749157,748713,444
50147501,76.2512,78.1064,441,25032,0.494578,0.41,1,749237,748796,441
50150421,34.4502,34.8213,441,25117,0.490916,0.43,1,749261,748820,441
50153341,29.29,29.3643,441,25201,0.506183,0.39,1,749289,748848,441
50156261,77.058,77.0729,441,25285,0.589237,0.39,1,749378,748937,441
50159181,17.0116,17.0146,441,25369,0.621847,0.43,1,749380,748939,441
50162101,79.4023,79.4029,441,25453,0.676369,0.43,1,749475,749034,441
50165021,66.2805,15.8806,504,25536,0.687274,0.45,1,749538,749034,504
50167941,64.4561,53.5761,505,25619,0.689455,0.53,1,749602,749097,505
50170861,76.8912,58.7152,525,25702,0.705891,0.49,1,749682,749157,525
50173781,34.5782,75.743,469,25784,0.709178,0.49,1,749706,749237,469
50176701,30.1156,34.3486,474,25866,0.741836,0.51,1,749735,749261,474
50179621,80.4231,29.2697,539,25948,0.828367,0.61,2,749828,749289,539
50182541,17.6846,77.0539,452,26030,0.877674,0.63,2,749830,749378,452
50185461,81.9369,17.0108,548,26111,0.903535,0.69,2,749928,749380,548
50188381,68.3874,79.4022,518,26192,0.924707,0.69,2,749993,749475,518
50316861,35,87,522,29539,0.69,1,1,752366,751844,522
50319781,75,53.4,562,29611,0.578,1,1,752451,751889,562
50322701,43.8,79.48,512,29682,0.5236,1,1,752487,751975,512
50325621,39.96,41.496,519,29753,0.48072,1,1,752526,752007,519
50328541,30.392,37.0992,511,29824,0.408144,1,1,752554,752043,511
50331461,31.6784,34.6198,509,29895,0.297629,1,1,752586,752077,509
50334381,31.9357,31.724,510,29966,0.307526,1,1,752618,752108,510
50337301,71.1871,97.5448,477,30037,0.325505,0.92,1,752699,752222,477
50340221,37.4374,49.109,469,30107,0.329101,0.87,1,752728,752259,469
50343141,57.8875,67.4218,460,30177,0.28182,0.69,1,752791,752331,460
50346061,35.5775,41.4844,455,30247,0.224364,0.55,1,752821,752366,455
50348981,72.7155,76.2969,452,30317,0.180873,0.51,1,752903,752451,452
50351901,41.7431,44.0594,450,30387,0.188175,0.47,1,752937,752487,450
50354821,33.9486,40.0119,443,30457,0.189635,0.39,1,752969,752526,443
50357741,25.9897,30.4024,439,30526,0.173927,0.27,1,752993,752554,439
50360661,29.9979,31.6805,438,30595,0.170785,0.31,1,753024,752586,438
50363581,31.5996,31.9361,438,30664,0.170157,0.33,1,753056,752618,438
50366501,69.5199,71.1872,436,30733,0.186031,0.33,1,753135,752699,436
50369421,38.704,37.4374,438,30802,0.173206,0.27,1,753166,752728,438
50372341,54.9408,57.8875,434,30871,0.186641,0.21,1,753225,752791,434
50375261,32.5882,35.5775,431,30940,0.205328,0.17,1,753252,752821,431
50378181,69.7176,72.7155,428,31008,0.241066,0.19,1,753331,752903,428
50381101,42.7435,41.7431,430,31076,0.248213,0.19,1,753367,752937,430
50384021,34.1487,33.9486,430,31144,0.297643,0.17,1,753399,752969,430
50386941,25.2297,25.9897,429,31212,0.291529,0.17,1,753422,752993,429
50389861,29.0459,29.9979,428,31280,0.322306,0.17,1,753452,753024,428
50392781,30.6092,5.99959,459,31348,0.296461,0.17,1,753483,753024,459
50395701,70.1218,26.7999,507,31415,0.323292,0.19,1,753563,753056,507
50398621,38.0244,68.56,458,31482,0.360658,0.17,1,753593,753135,458
50401541,55.6049,38.512,487,31549,0.400132,0.19,1,753653,753166,487
50404461,33.521,54.9024,456,31616,0.408026,0.21,1,753681,753225,456
50407381,71.5042,32.5805,510,31683,0.473605,0.25,1,753762,753252,510
50410301,44.7008,69.7161,469,31750,0.502721,0.25,1,753800,753331,469
50413221,35.3402,42.7432,466,31817,0.540544,0.31,1,753833,753367,466
50416141,26.268,34.1486,458,31883,0.564109,0.29,1,753857,753399,458
50419061,29.2536,25.2297,465,31949,0.568822,0.33,1,753887,753422,465
50421981,30.6507,29.0459,466,32015,0.585764,0.29,1,753918,753452,466
50424901,72.5301,30.6092,518,32081,0.589153,0.33,1,754001,753483,518
50427821,40.106,70.1218,470,32147,0.605831,0.37,1,754033,753563,470
50430741,56.8212,38.0244,501,32213,0.641166,0.41,1,754094,753593,501
50433661,33.7642,55.6049,469,32279,0.648233,0.41,1,754122,753653,469
50436581,74.7528,33.521,526,32345,0.697647,0.49,1,754207,753681,526
50439501,46.9506,71.5042,485,32410,0.707529,0.51,1,754247,753762,485
50442421,36.5901,44.7008,481,32475,0.741506,0.55,1,754281,753800,481
50445341,27.318,35.3402,473,32540,0.732301,0.57,1,754306,753833,473
50448261,29.4636,26.268,479,32605,0.76246,0.57,2,754336,753857,479
50451181,31.4927,29.2536,481,32670,0.768492,0.59,2,754368,753887,481
50454101,72.6985,30.6507,533,32735,0.785698,0.59,2,754451,753918,533
50457021,16.1397,72.5301,452,32800,0.78914,0.61,2,754453,754001,452
50459941,30.4279,40.106,454,32864,0.789828,0.65,2,754487,754033,454
50462861,54.8856,56.8212,454,32928,0.885966,0.65,2,754548,754094,454
50465781,33.3771,33.7642,454,32992,0.905193,0.71,2,754576,754122,454
50468701,77.0754,74.7528,457,33056,0.925039,0.71,2,754664,754207,457
50471621,47.4151,46.9506,457,33120,0.897008,0.75,2,754704,754247,457
50474541,38.283,36.5901,459,33184,0.875402,0.73,2,754740,754281,459
50477461,27.6566,27.318,459,33248,0.88708,0.77,2,754765,754306,459
50480381,30.3313,29.4636,460,33312,0.921416,0.77,2,754796,754336,460
50483301,31.6663,31.4927,460,33375,0.928283,0.79,2,754828,754368,460
50486221,73.5333,72.6985,461,33438,0.913657,0.79,2,754912,754451,461
50489141,16.3067,16.1397,461,33501,0.910731,0.79,2,754914,754453,461
50492061,31.2613,30.4279,462,33564,0.894146,0.91,2,754949,754487,462
50620541,37,28,492,36234,0.73,1,1,756837,756345,492
50623461,37.8,30.4,499,36292,0.666,1,1,756875,756376,499
50626381,34.76,40.48,490,36350,0.6372,1,1,756909,756419,490
50629301,33.352,27.296,499,36408,0.61544,1,1,756942,756443,499
50632221,27.4704,31.0592,493,36466,0.531088,1,1,756968,756475,493
50635141,60.6941,75.8118,475,36524,0.402218,0.99,1,757037,756562,475
50638061,51.3388,43.9624,488,36582,0.328444,0.96,1,757086,756598,488
50640981,39.0678,35.1925,491,36640,0.313689,1,1,757122,756631,491
50643901,32.6136,39.0385,482,36698,0.166738,0.89,1,757153,756671,482
50646821,28.1227,37.4077,472,36756,0.121348,0.92,1,757180,756708,472
50649741,25.6245,30.6815,468,36813,0.11227,0.81,1,757205,756737,468
50652661,50.7249,56.5363,462,36870,0.0784539,0.73,1,757262,756800,462
50655581,37.345,40.9073,459,36927,0.0556908,0.65,1,757296,756837,459
50658501,31.469,38.5815,451,36984,0.0831382,0.63,1,757326,756875,451
50661421,33.4938,34.9163,451,37041,0.0406276,0.61,1,757360,756909,451
50664341,32.2988,33.3833,450,37098,0.0641255,0.51,1,757392,756942,450
50667261,22.4598,27.4767,444,37155,0.100825,0.51,1,757412,756968,444
50670181,52.492,5.49533,504,37212,0.076165,0.37,1,757472,756968,504
50673101,47.2984,56.2991,481,37269,0.151233,0.31,1,757518,757037,481
50676021,37.4597,50.4598,467,37326,0.166247,0.31,1,757553,757086,467
50678941,31.4919,38.892,461,37383,0.185249,0.13,1,757583,757122,461
50681861,23.0984,32.5784,451,37440,0.18905,0.11,1,757604,757153,451
50684781,23.8197,28.1157,448,37496,0.15781,0.11,1,757628,757180,448
50687701,48.7639,25.6231,478,37552,0.183562,0.07,1,757683,757205,478
50690621,36.9528,50.7246,455,37608,0.172712,0.05,1,757717,757262,455
50693541,31.3906,37.3449,451,37664,0.138542,0.09,1,757747,757296,451
50696461,34.2781,31.469,456,37720,0.115708,0.03,1,757782,757326,456
50699381,34.0556,33.4938,456,37776,0.127142,0.07,1,757816,757360,456
50702301,21.2111,32.2988,442,37832,0.145428,0.11,1,757834,757392,442
50705221,55.4422,22.4598,486,37888,0.197086,0.07,1,757898,757412,486
50708141,48.6884,52.492,473,37944,0.191417,0.17,1,757945,757472,473
50711061,37.7377,47.2984,462,38000,0.238283,0.17,1,757980,757518,462
50713981,34.7475,37.4597,461,38056,0.247657,0.19,1,758014,757553,461
50716901,22.9495,31.4919,451,38112,0.249531,0.19,1,758034,757583,451
50719821,24.5899,23.0984,455,38167,0.233906,0.15,1,758059,757604,455
50722741,48.118,23.8197,485,38222,0.278781,0.19,1,758113,757628,485
50725661,34.4236,48.7639,461,38277,0.303756,0.17,1,758144,757683,461
50728581,29.2847,36.9528,455,38332,0.308751,0.13,1,758172,757717,455
50731501,34.6569,31.3906,461,38387,0.30975,0.11,1,758208,757747,461
50734421,35.7314,34.2781,462,38442,0.32595,0.13,1,758244,757782,462
50737341,21.5463,34.0556,446,38497,0.34519,0.15,1,758262,757816,446
50740261,57.9093,21.2111,495,38552,0.381038,0.21,1,758329,757834,495
50743181,48.3819,55.4422,477,38607,0.404208,0.19,1,758375,757898,477
50746101,11.2764,48.6884,432,38662,0.424842,0.25,1,758377,757945,432
50749021,31.8553,37.7377,434,38717,0.460968,0.25,1,758414,757980,434
50751941,33.5711,34.7475,434,38772,0.468194,0.25,1,758448,758014,434
50754861,22.7142,22.9495,434,38826,0.533639,0.23,1,758468,758034,434
50757781,25.3428,24.5899,435,38880,0.578728,0.29,1,758494,758059,435
50760701,49.0686,48.118,436,38934,0.555746,0.31,1,758549,758113,436
50763621,35.4137,34.4236,437,38988,0.583149,0.31,1,758581,758144,437
50766541,29.4827,29.2847,437,39042,0.60463,0.31,1,758609,758172,437
50769461,34.6965,34.6569,437,39096,0.576926,0.33,1,758645,758208,437
50772381,37.3393,35.7314,439,39150,0.571385,0.35,1,758683,758244,439
50775301,21.8679,21.5463,439,39204,0.538277,0.39,1,758701,758262,439
50778221,59.5736,57.9093,441,39258,0.531655,0.41,1,758770,758329,441
50781141,50.3147,48.3819,443,39312,0.562331,0.43,1,758818,758375,443
50784061,11.6629,11.2764,443,39366,0.536466,0.47,1,758820,758377,443
50786981,33.5326,31.8553,445,39420,0.595293,0.47,1,758859,758414,445
50789901,34.7065,33.5711,446,39474,0.591059,0.55,1,758894,758448,446
50792821,24.5413,22.7142,448,39528,0.590212,0.59,1,758916,758468,448
50795741,26.5083,25.3428,449,39581,0.590042,0.55,1,758943,758494,449
50798661,49.3017,49.0686,449,39634,0.606008,0.59,1,758998,758549,449
50801581,35.4603,35.4137,449,39687,0.577202,0.61,1,759030,758581,449
50804501,30.2921,29.4827,450,39740,0.55544,0.57,1,759059,758609,450
50807421,34.8584,34.6965,450,39793,0.599088,0.57,1,759095,758645,450
50810341,35.7717,37.3393,448,39846,0.607818,0.53,1,759131,758683,448
50813261,21.5543,21.8679,448,39899,0.609564,0.53,1,759149,758701,448
50816181,60.3109,59.5736,449,39952,0.625913,0.57,1,759219,758770,449
50819101,49.6622,50.3147,448,40005,0.645183,0.53,1,759266,758818,448
50822021,11.5324,11.6629,448,40058,0.665037,0.53,1,759268,758820,448
50824941,34.3065,2.33259,488,40111,0.685007,0.61,1,759308,758820,488
50827861,34.0613,31.6665,483,40164,0.737001,0.59,1,759342,758859,483
50830781,25.2123,34.3333,471,40217,0.7474,0.59,1,759365,758894,471
50833701,27.4425,24.4667,477,40270,0.74948,0.59,1,759393,758916,477
50836621,48.6885,26.4933,504,40322,0.781896,0.61,2,759447,758943,504
50839541,35.3377,49.2987,481,40374,0.804379,0.57,2,759479,758998,481
50842461,29.4675,35.4597,477,40426,0.840876,0.55,2,759507,759030,477
50845381,35.4935,30.2919,485,40478,0.864175,0.61,2,759544,759059,485
50848301,35.8987,34.8584,485,40530,0.868835,0.61,2,759580,759095,485
50851221,21.5797,35.7717,467,40582,0.869767,0.61,2,759598,759131,467
50854141,61.1159,21.5543,520,40634,0.901953,0.63,2,759669,759149,520
50857061,53.8232,60.3109,502,40686,0.924391,0.65,2,759721,759219,502
50859981,12.3646,49.6622,457,40738,0.928878,0.67,2,759723,759266,457
50862901,35.2729,11.5324,496,40790,0.913776,0.69,2,759764,759268,496
51140301,85,111,497,20647,0.57,1,1,763142,762645,497
51143221,75.4,72.6,507,20750,0.426,1,1,763215,762708,507
51146141,79.08,80.12,505,20852,0.2532,0.94,1,763295,762790,505
51149061,90.216,72.824,527,20954,0.23464,0.93,1,763388,762861,527
51151981,38.8432,73.7648,479,21055,0.166928,0.95,1,763414,762935,479
51154901,37.3686,37.153,488,21156,0.169386,0.75,1,763451,762963,488
51157821,56.2737,82.6306,455,21256,0.185877,0.57,1,763512,763057,455
51160741,72.8547,84.5261,447,21356,0.205175,0.39,1,763589,763142,447
51163661,67.3709,75.3052,440,21455,0.241035,0.21,1,763655,763215,440
51166581,71.8742,79.061,433,21554,0.280207,0.23,1,763728,763295,433
51169501,88.7748,90.2122,433,21652,0.304041,0.15,1,763821,763388,433
51172421,35.355,38.8424,429,21750,0.356808,0.17,1,763843,763414,429
51175341,37.471,37.3685,430,21848,0.383362,0.19,1,763881,763451,430
51178261,55.4942,56.2737,429,21945,0.388672,0.21,1,763941,763512,429
51181181,73.4988,72.8547,430,22042,0.469734,0.25,1,764019,763589,430
51184101,69.0998,67.3709,432,22138,0.485947,0.29,1,764087,763655,432
51187021,73.82,71.8742,434,22234,0.505189,0.31,1,764162,763728,434
51189941,92.364,88.7748,438,22329,0.557038,0.37,1,764259,763821,438
51192861,36.8728,35.355,439,22424,0.583408,0.39,1,764282,763843,439
51195781,37.7746,37.471,439,22519,0.572682,0.39,1,764320,763881,439
51198701,56.3549,7.4942,500,22613,0.586536,0.39,1,764381,763881,500
51201621,76.071,49.4988,521,22707,0.637307,0.49,1,764462,763941,521
51204541,69.6142,72.2998,511,22800,0.679461,0.49,1,764530,764019,511
51207461,75.5228,68.86,520,22893,0.703892,0.51,1,764607,764087,520
51210381,95.9046,73.772,546,22986,0.660778,0.57,1,764708,764162,546
51213301,36.7809,92.3544,471,23078,0.652156,0.59,1,764730,764259,471
51216221,38.5562,36.8709,487,23170,0.650431,0.57,1,764769,764282,487
51219141,57.3112,37.7742,511,23261,0.698086,0.59,1,764831,764320,511
51222061,79.4622,56.3548,535,23352,0.723617,0.65,1,764916,764381,535
51224981,71.0924,76.071,523,23443,0.728723,0.69,1,764985,764462,523
51227901,75.8185,69.6142,532,23533,0.713745,0.71,1,765062,764530,532
51230821,94.3637,75.5228,554,23623,0.806749,0.65,2,765161,764607,554
51233741,36.4727,95.9046,475,23713,0.82535,0.65,2,765183,764708,475
51236661,39.2945,36.7809,493,23802,0.86107,0.65,2,765223,764730,493
51239581,59.0589,38.5562,518,23891,0.884214,0.71,2,765287,764769,518
51341781,42,35,519,26819,0.91,1,2,767338,766819,519
51514061,31,29,474,31136,0.89,0.93,2,770380,769906,474
51636701,35,29,501,33874,0.65,1,1,772305,771804,501
51639621,49.4,57.8,489,33936,0.554,1,1,772358,771869,489
51642541,41.88,39.56,494,33998,0.4708,1,1,772398,771904,494
51645461,33.176,31.112,496,34060,0.35816,1,1,772429,771933,496
51648381,39.4352,47.0224,486,34122,0.319632,1,1,772470,771984,486
51651301,35.887,37.4045,486,34184,0.327926,0.99,1,772505,772019,486
51654221,30.3774,23.4809,495,34246,0.265585,0.99,1,772534,772039,495
51657141,34.0755,4.69618,530,34308,0.237117,1,1,772569,772039,530
51660061,38.0151,47.3392,511,34370,0.247423,0.85,1,772608,772097,511
51662981,62.003,43.0678,537,34432,0.169485,0.73,1,772676,772139,537
51665901,48.4006,68.6136,507,34493,0.121897,0.67,1,772721,772214,507
51668821,35.2801,58.5227,483,34554,0.144379,0.65,1,772753,772270,483
51671741,46.256,39.7045,497,34615,0.180876,0.53,1,772802,772305,497
51674661,38.8512,50.3409,481,34676,0.140175,0.45,1,772839,772358,481
51677581,29.3702,42.0682,468,34737,0.148035,0.33,1,772866,772398,468
51680501,38.674,33.2136,478,34798,0.165607,0.31,1,772907,772429,478
51683421,34.1348,39.4427,470,34859,0.217121,0.33,1,772940,772470,470
51686341,25.227,35.8885,458,34920,0.211424,0.25,1,772963,772505,458
51689261,35.4454,30.3777,467,34981,0.226285,0.23,1,773001,772534,467
51692181,37.4891,34.0755,470,35041,0.293257,0.25,1,773039,772569,470
51695101,61.0978,38.0151,498,35101,0.258651,0.15,1,773106,772608,498
51698021,46.6196,62.003,473,35161,0.31573,0.11,1,773149,772676,473
51700941,34.1239,48.4006,459,35221,0.311146,0.15,1,773180,772721,459
51703861,47.6248,35.2801,478,35281,0.358229,0.19,1,773231,772753,478
51706781,39.125,46.256,466,35341,0.399646,0.13,1,773268,772802,466
51709701,30.225,38.8512,457,35401,0.407929,0.15,1,773296,772839,457
51712621,37.245,29.3702,469,35461,0.441586,0.17,1,773335,772866,469
51715541,37.049,38.674,465,35521,0.400317,0.23,1,773372,772907,465
51718461,27.4098,34.1348,457,35581,0.376063,0.21,1,773397,772940,457
51721381,34.282,25.227,470,35640,0.451213,0.23,1,773433,772963,470
51724301,8.45639,35.4454,434,35699,0.466243,0.31,1,773435,773001,434
51727221,32.8913,37.4891,435,35758,0.501249,0.25,1,773474,773039,435
51730141,59.3783,61.0978,434,35817,0.55625,0.33,1,773540,773106,434
51733061,49.4757,46.6196,438,35876,0.55125,0.31,1,773587,773149,438
51735981,36.2951,34.1239,440,35935,0.50225,0.37,1,773620,773180,440
51738901,49.659,47.6248,442,35994,0.52445,0.41,1,773673,773231,442
51741821,39.5318,39.125,442,36053,0.57689,0.41,1,773710,773268,442
51744741,30.3064,30.225,442,36112,0.571378,0.45,1,773738,773296,442
51747661,37.2613,37.245,442,36171,0.602276,0.39,1,773777,773335,442
51750581,36.2523,37.049,441,36229,0.608455,0.37,1,773813,773372,441
51753501,28.8505,27.4098,443,36287,0.625691,0.47,1,773840,773397,443
51756421,36.1701,34.282,445,36345,0.645138,0.47,1,773878,773433,445
51759341,8.83402,8.45639,445,36403,0.649028,0.51,1,773880,773435,445
51762261,34.5668,32.8913,447,36461,0.649806,0.57,1,773921,773474,447
51765181,60.5134,59.3783,448,36519,0.681961,0.55,1,773988,773540,448
51768101,48.9027,49.4757,447,36577,0.720392,0.49,1,774034,773587,447
51771021,35.3805,36.2951,446,36635,0.712078,0.53,1,774066,773620,446
51773941,51.0761,49.659,448,36693,0.710416,0.59,1,774121,773673,448
51776861,40.6152,39.5318,449,36751,0.790083,0.57,2,774159,773710,449
51779781,32.123,30.3064,451,36809,0.822017,0.61,2,774189,773738,451
51782701,38.4246,37.2613,452,36866,0.796403,0.61,2,774229,773777,452
51785621,36.4849,36.2523,452,36923,0.839281,0.63,2,774265,773813,452
51788541,28.097,28.8505,451,36980,0.847856,0.65,2,774291,773840,451
51791461,36.8194,36.1701,452,37037,0.833571,0.65,2,774330,773878,452
51794381,8.96388,8.83402,452,37094,0.862714,0.65,2,774332,773880,452
51797301,36.1928,34.5668,454,37151,0.884543,0.65,2,774375,773921,454
51800221,61.6386,6.91336,522,37208,0.888909,0.69,2,774443,773921,522
51803141,49.1277,54.9827,501,37265,0.889782,0.73,2,774489,773988,501
51806061,36.2255,47.7965,488,37322,0.873956,0.71,2,774522,774034,488
51808981,52.0451,35.1593,512,37379,0.918791,0.71,2,774578,774066,512
51811901,42.409,51.0319,497,37436,0.911758,0.81,2,774618,774121,497
51814821,33.2818,40.6064,490,37492,0.926352,0.83,2,774649,774159,490
51829421,2,39,465,37772,0.95,0.87,2,774795,774330,465
51952061,31,30,498,40054,0.69,1,1,776430,775932,498
51954981,31,25.2,505,40107,0.61,1,1,776461,775956,505
51957901,32.6,5.04,538,40160,0.514,1,1,776494,775956,538
51960821,36.12,47.408,517,40213,0.4628,1,1,776531,776014,517
51963741,35.224,38.2816,516,40266,0.38856,1,1,776566,776050,516
51966661,31.0448,37.2563,509,40318,0.261712,0.99,1,776596,776087,509
51969581,31.809,29.8513,513,40370,0.172342,1,1,776628,776115,513
51972501,32.7618,38.7703,505,40422,0.154468,1,1,776661,776156,505
51975421,40.1524,30.9541,518,40474,0.0708937,1,1,776703,776185,518
51978341,30.4305,33.3908,512,40526,0.0701787,0.93,1,776731,776219,512
51981261,29.2861,31.4782,510,40578,0.0700357,1,1,776760,776250,510
51984181,50.6572,36.6956,528,40630,0.0700071,0.89,1,776816,776288,528
51987101,42.9314,57.7391,506,40682,0.0540014,0.81,1,776857,776351,506
51990021,31.7863,49.9478,487,40734,0.0988003,0.69,1,776886,776399,487
51992941,23.9573,34.7896,478,40786,0.0757601,0.59,1,776908,776430,478
51995861,29.5915,31.7579,478,40838,0.119152,0.49,1,776939,776461,478
51998781,31.5183,32.7516,477,40890,0.11183,0.45,1,776971,776494,477
52001701,31.1037,36.1503,471,40942,0.158366,0.37,1,777002,776531,471
52004621,26.2207,35.2301,461,40994,0.151673,0.23,1,777027,776566,461
52007541,30.0441,31.046,462,41045,0.214335,0.15,1,777058,776596,462
52010461,30.0088,31.8092,460,41096,0.210867,0.15,1,777088,776628,460
52013381,37.2018,32.7618,466,41147,0.274173,0.05,1,777127,776661,466
52016301,27.4404,40.1524,449,41198,0.270835,0.07,1,777152,776703,449
52019221,29.4881,30.4305,451,41249,0.286167,0.07,1,777182,776731,451
52022141,53.8976,29.2861,482,41300,0.289233,0.07,1,777242,776760,482
52025061,42.7795,50.6572,466,41351,0.305847,0.05,1,777282,776816,466
52027981,32.5559,42.9314,455,41402,0.325169,0.11,1,777312,776857,455
52030901,22.5112,31.7863,446,41453,0.345034,0.07,1,777332,776886,446
52033821,31.7022,23.9573,458,41504,0.365007,0.13,1,777366,776908,458
52036741,7.94045,29.5915,429,41555,0.369001,0.11,1,777368,776939,429
52039661,26.3881,31.5183,428,41606,0.3858,0.17,1,777399,776971,428
52042581,31.6776,31.1037,430,41657,0.37316,0.15,1,777432,777002,430
52045501,24.7355,26.2207,428,41708,0.386632,0.23,1,777455,777027,428
52048421,34.5471,30.0441,434,41759,0.421326,0.21,1,777492,777058,434
52051341,30.9094,30.0088,434,41810,0.412265,0.29,1,777522,777088,434
52054261,38.9819,37.2018,436,41860,0.458453,0.27,1,777563,777127,436
52057181,27.7964,27.4404,436,41910,0.483691,0.29,1,777588,777152,436
52060101,30.3593,29.4881,437,41960,0.472738,0.29,1,777619,777182,437
52063021,53.2719,53.8976,436,42010,0.518548,0.31,1,777678,777242,436
52065941,44.2544,42.7795,438,42060,0.49571,0.33,1,777720,777282,438
52068861,33.6509,32.5559,439,42110,0.507142,0.35,1,777751,777312,439
52071781,22.7302,22.5112,439,42160,0.477428,0.37,1,777771,777332,439
52074701,32.546,31.7022,440,42210,0.487486,0.37,1,777806,777366,440
52077621,8.10921,7.94045,440,42260,0.489497,0.39,1,777808,777368,440
52080541,27.2218,26.3881,441,42310,0.489899,0.37,1,777840,777399,441
52083461,31.0444,31.6776,440,42360,0.53798,0.39,1,777872,777432,440
52086381,25.4089,24.7355,441,42410,0.531596,0.43,1,777896,777455,441
52089301,34.6818,34.5471,441,42460,0.578319,0.41,1,777933,777492,441
52092221,31.7364,30.9094,442,42510,0.571664,0.47,1,777964,777522,442
52095141,41.5473,38.9819,445,42560,0.522333,0.49,1,778008,777563,445
52098061,27.5095,27.7964,444,42610,0.544467,0.47,1,778032,777588,444
52100981,29.5019,30.3593,443,42660,0.564893,0.53,1,778062,777619,443
52103901,55.5004,53.2719,446,42709,0.584979,0.49,1,778124,777678,446
52106821,44.7001,44.2544,446,42758,0.604996,0.51,1,778166,777720,446
52109741,32.94,33.6509,445,42807,0.608999,0.47,1,778196,777751,445
52112661,22.588,22.7302,445,42856,0.6258,0.49,1,778216,777771,445
52115581,33.3176,32.546,446,42905,0.59716,0.49,1,778252,777806,446
52118501,8.26352,8.10921,446,42954,0.591432,0.49,1,778254,777808,446
52121421,27.2527,27.2218,446,43003,0.654286,0.49,1,778286,777840,446
52124341,31.8505,5.44437,479,43052,0.682857,0.55,1,778319,777840,479
52127261,26.3701,26.6889,472,43101,0.640571,0.53,1,778344,777872,472
52130181,34.874,24.5378,485,43150,0.648114,0.59,1,778381,777896,485
52133101,30.9748,34.5076,478,43199,0.649623,0.57,1,778411,777933,478
52136021,40.595,31.7015,490,43248,0.665925,0.51,1,778454,777964,490
52138941,27.319,41.5403,470,43297,0.701185,0.55,1,778478,778008,470
52141861,30.2638,27.5081,477,43346,0.724237,0.57,1,778509,778032,477
52144781,56.4528,29.5016,510,43395,0.728847,0.59,1,778572,778062,510
52147701,45.6906,55.5003,491,43444,0.79377,0.61,2,778615,778124,491
52150621,33.9381,44.7001,480,43493,0.806754,0.61,2,778646,778166,480
52153541,22.7876,32.94,470,43542,0.809351,0.63,2,778666,778196,470
52156461,34.9575,22.588,488,43590,0.80987,0.59,2,778704,778216,488
52159381,8.5915,33.3176,454,43638,0.809974,0.59,2,778706,778252,454
52162301,28.9183,8.26352,486,43686,0.841995,0.67,2,778740,778254,486
52165221,31.3837,27.2527,486,43734,0.848399,0.69,2,778772,778286,486
52168141,25.4767,31.8505,477,43782,0.84968,0.63,2,778796,778319,477
52171061,35.4953,26.3701,490,43830,0.881936,0.65,2,778834,778344,490
52173981,31.0991,34.874,483,43878,0.904387,0.65,2,778864,778381,483
52176901,42.2198,30.9748,498,43926,0.940877,0.67,2,778909,778411,498
52179821,28.444,40.595,480,43974,0.932176,0.71,2,778934,778454,480
52182741,31.2888,27.319,488,44022,0.946435,0.73,2,778966,778478,488
52357941,27,29,516,46810,0.69,1,1,780882,780366,516
52360861,44.6,33,531,46855,0.626,1,1,780931,780400,531
52363781,52.12,60.2,518,46900,0.5012,1,1,780985,780467,518
52366701,36.824,45.64,509,46945,0.38024,1,1,781018,780509,509
52369621,32.9648,33.128,511,46990,0.276048,1,1,781050,780539,511
52372541,32.193,26.6256,518,47035,0.23921,1,1,781082,780564,518
52375461,32.8386,38.9251,509,47080,0.199842,1,1,781115,780606,509
52378381,29.7677,28.585,512,47125,0.127968,1,1,781144,780632,512
52381301,31.5535,27.317,517,47170,0.129594,1,1,781176,780659,517
52384221,23.9107,28.6634,510,47215,0.0979187,1,1,781198,780688,510
52387141,29.5821,35.3327,504,47260,0.123584,1,1,781229,780725,504
52390061,15.5164,31.8665,485,47305,0.160717,1,1,781241,780756,485
52392981,15.9033,19.1733,485,47350,0.184143,0.97,1,781257,780772,485
52395901,4.78066,19.0347,468,47395,0.188829,0.87,1,781259,780791,468
52398821,16.9561,24.6069,462,47439,0.173766,0.79,1,781279,780817,462
52401741,30.5912,35.3214,458,47483,0.186753,0.69,1,781313,780855,458
52404661,24.5182,28.6643,454,47527,0.173351,0.61,1,781336,780882,454
52407581,41.7036,44.9329,451,47571,0.20267,0.47,1,781382,780931,451
52410501,43.5407,52.1866,441,47615,0.192534,0.35,1,781426,780985,441
52413421,31.1081,36.8373,436,47659,0.190507,0.25,1,781454,781018,436
52416341,30.2216,32.9675,434,47703,0.206101,0.23,1,781484,781050,434
52419261,29.2443,32.1935,431,47747,0.20922,0.19,1,781513,781082,431
52422181,32.2489,32.8387,431,47791,0.273844,0.11,1,781546,781115,431
52425101,27.2498,29.7677,428,47835,0.302769,0.13,1,781572,781144,428
52428021,27.05,31.5535,423,47879,0.324554,0.09,1,781599,781176,423
52430941,27.01,23.9107,428,47923,0.280911,0.13,1,781626,781198,428
52433861,31.802,29.5821,430,47967,0.272182,0.17,1,781659,781229,430
52436781,16.7604,15.5164,431,48011,0.302436,0.19,1,781672,781241,431
52439701,15.3521,15.9033,430,48055,0.292487,0.19,1,781687,781257,430
52442621,4.67042,4.78066,430,48099,0.290497,0.17,1,781689,781259,430
52445541,15.3341,16.9561,428,48143,0.3061,0.19,1,781707,781279,428
52448461,32.6668,30.5912,431,48187,0.34122,0.17,1,781744,781313,431
52451381,22.5334,24.5182,428,48231,0.348244,0.21,1,781764,781336,428
52454301,44.5067,41.7036,432,48275,0.365649,0.19,1,781814,781382,432
52457221,43.3013,43.5407,431,48319,0.33713,0.19,1,781857,781426,431
52460141,31.8603,31.1081,432,48363,0.347426,0.21,1,781886,781454,432
52463061,28.7721,30.2216,430,48407,0.397485,0.21,1,781914,781484,430
52465981,32.1544,29.2443,434,48451,0.359497,0.29,1,781947,781513,434
52468901,33.6309,32.2489,435,48494,0.319899,0.31,1,781981,781546,435
52471821,29.1262,27.2498,437,48537,0.29598,0.33,1,782009,781572,437
52474741,26.6252,27.05,436,48580,0.339196,0.27,1,782035,781599,436
52477661,24.525,27.01,433,48623,0.347839,0.27,1,782059,781626,433
52480581,33.705,31.802,436,48666,0.349568,0.31,1,782095,781659,436
52483501,16.341,16.7604,435,48709,0.381914,0.29,1,782107,781672,435
52486421,16.8682,15.3521,437,48752,0.388383,0.29,1,782124,781687,437
52489341,4.97364,4.67042,437,48795,0.389677,0.31,1,782126,781689,437
52492261,15.3947,15.3341,437,48838,0.373935,0.31,1,782144,781707,437
52495181,31.8789,3.06682,473,48881,0.386787,0.35,1,782180,781707,473
52498101,23.1758,30.2134,457,48924,0.421357,0.35,1,782201,781744,457
52501021,44.6352,22.0427,487,48967,0.396271,0.37,1,782251,781764,487
52503941,43.327,44.4085,480,49010,0.375254,0.33,1,782294,781814,480
52506861,32.6654,43.2817,467,49053,0.371051,0.35,1,782324,781857,467
52509781,29.7331,31.8563,467,49096,0.38621,0.41,1,782353,781886,467
52512701,29.9466,28.7713,469,49139,0.405242,0.35,1,782383,781914,469
52515621,32.3893,32.1543,469,49182,0.441048,0.31,1,782416,781947,469
52518541,29.6779,33.6309,464,49225,0.44821,0.29,1,782445,781981,464
52521461,26.7356,29.1262,462,49268,0.465642,0.35,1,782471,782009,462
52524381,24.5471,26.6252,460,49311,0.517128,0.35,1,782495,782035,460
52527301,35.3094,24.525,474,49354,0.527426,0.35,1,782533,782059,474
52530221,17.4619,33.705,451,49397,0.513485,0.39,1,782546,782095,451
52533141,17.0924,16.341,456,49440,0.494697,0.39,1,782563,782107,456
52536061,5.01848,16.8682,441,49483,0.538939,0.39,1,782565,782124,441
52538981,15.4037,4.97364,457,49526,0.547788,0.37,1,782583,782126,457
52541901,33.4807,15.3947,477,49569,0.549558,0.39,1,782621,782144,477
52544821,22.6961,31.8789,461,49612,0.581912,0.43,1,782641,782180,461
52547741,44.5392,23.1758,490,49654,0.652382,0.39,1,782691,782201,490
52550661,42.5078,44.6352,482,49696,0.666476,0.37,1,782733,782251,482
52553581,32.5016,43.327,469,49738,0.669295,0.37,1,782763,782294,469
52556501,31.3003,32.6654,470,49780,0.653859,0.39,1,782794,782324,470
52559421,31.0601,29.7331,472,49822,0.666772,0.41,1,782825,782353,472
52562341,33.412,29.9466,476,49864,0.701354,0.45,1,782859,782383,476
52565261,30.6824,32.3893,473,49906,0.740271,0.45,1,782889,782416,473
52568181,26.9365,29.6779,470,49948,0.764054,0.47,2,782915,782445,470
52571101,26.9873,26.7356,471,49990,0.816811,0.53,2,782942,782471,471
52574021,35.7975,24.5471,485,50032,0.827362,0.53,2,782980,782495,485
52576941,16.7595,35.3094,459,50074,0.829472,0.51,2,782992,782533,459
52579861,18.5519,17.4619,465,50116,0.813895,0.49,2,783011,782546,465
52582781,5.31038,17.0924,450,50158,0.810779,0.55,2,783013,782563,450
52585701,15.4621,5.01848,466,50200,0.810156,0.55,2,783031,782565,466
52588621,35.0924,15.4037,488,50242,0.874031,0.55,2,783071,782583,488
52591541,23.0185,33.4807,470,50284,0.886806,0.59,2,783091,782621,470
52594461,6.2037,22.6961,452,50326,0.889361,0.67,2,783093,782641,452
52828061,34,35,490,53571,0.77,1,2,785390,784900,490
52830981,31.6,23.8,500,53610,0.786,1,2,785421,784921,500
52833901,30.32,19.16,512,53649,0.7572,1,2,785451,784939,512
52836821,24.464,11.032,526,53688,0.70344,1,1,785474,784948,526
52839741,25.6928,15.8064,535,53727,0.596688,1,1,785500,784965,535
52851421,395.539,470.361,439,24820,0.207338,0.09,1,785988,785549,439
52898141,155.108,183.672,422,24820,0.113468,0.01,1,786083,785661,422
52901061,87.0215,62.3344,460,24905,0.0226935,0.15,1,786153,785693,460
52903981,47.0043,56.4669,442,24990,0.0285387,0,1,786190,785748,442
52906901,75.0009,70.4934,450,25075,0.0457077,0.01,1,786272,785822,450
52909821,62.2002,60.4987,451,25160,0.0971415,0.01,1,786331,785880,451
52912741,42.04,50.4997,440,25244,0.0434283,0.03,1,786368,785928,440
52915661,22.808,25.2999,439,25328,0.0806857,0.01,1,786386,785947,439
52918581,25.3616,25.86,439,25412,0.0561371,0.05,1,786412,785973,439
52921501,69.8723,49.972,464,25495,0.0352274,0.09,1,786493,786029,464
52924421,79.5745,53.1944,492,25578,0.0470455,0,1,786575,786083,492
52927341,47.1149,66.6389,461,25661,0.0494091,0.03,1,786614,786153,461
52930261,75.823,42.9278,507,25744,0.0338818,0.05,1,786697,786190,507
52933181,61.5646,74.1856,483,25826,0.0147764,0.11,1,786755,786272,483
52936101,42.7129,62.0371,462,25908,0.0429553,0.03,1,786793,786331,462
52939021,22.9426,42.0074,443,25990,0.0645911,0.09,1,786811,786368,443
52941941,25.3885,22.8015,451,26072,0.0689182,0.05,1,786837,786386,451
52944861,67.4777,25.3603,503,26153,0.133784,0.03,1,786915,786412,503
52947781,78.2955,69.8721,503,26234,0.146757,0.05,1,786996,786493,503
52950701,48.4591,79.5744,462,26315,0.133351,0.05,1,787037,786575,462
52953621,75.2918,47.1149,505,26396,0.0666703,0.03,1,787119,786614,505
52956541,61.4584,75.823,480,26476,0.0213341,0.01,1,787177,786697,480
52959461,44.2917,61.5646,462,26556,0.0442668,0.05,1,787217,786755,462
52962381,23.2583,42.7129,442,26636,0.0488534,0.07,1,787235,786793,442
52965301,27.0517,22.9426,452,26716,0.0817707,0.07,1,787263,786811,452
52968221,69.4103,25.3885,506,26795,0.168354,0.15,1,787343,786837,506
52971141,78.6821,67.4777,509,26874,0.201671,0.15,1,787424,786915,509
52974061,17.3364,78.2955,430,26953,0.208334,0.13,1,787426,786996,430
52976981,34.6673,48.4591,428,27032,0.209667,0.05,1,787465,787037,428
52979901,69.3335,75.2918,424,27110,0.257933,0.01,1,787543,787119,424
52982821,60.2667,61.4584,424,27188,0.251587,0.05,1,787601,787177,424
52985741,44.0533,44.2917,424,27266,0.234317,0.05,1,787641,787217,424
52988661,24.0107,23.2583,425,27344,0.214863,0.09,1,787660,787235,425
52991581,28.0021,27.0517,426,27421,0.226973,0.19,1,787689,787263,426
52994501,73.6004,69.4103,431,27498,0.213395,0.21,1,787774,787343,431
52997421,80.3201,78.6821,432,27575,0.226679,0.21,1,787856,787424,432
53000341,17.664,17.3364,432,27652,0.229336,0.21,1,787858,787426,432
53003261,34.7328,34.6673,432,27729,0.245867,0.27,1,787897,787465,432
53006181,70.1466,69.3335,433,27805,0.329173,0.25,1,787976,787543,433
53009101,60.4293,60.2667,433,27881,0.313835,0.23,1,788034,787601,433
53012021,42.4859,44.0533,431,27957,0.326767,0.21,1,788072,787641,431
53014941,24.4972,24.0107,432,28033,0.329353,0.23,1,788092,787660,432
53017861,28.8994,28.0021,433,28109,0.393871,0.21,1,788122,787689,433
53020781,73.7799,73.6004,433,28184,0.406774,0.23,1,788207,787774,433
53023701,80.356,80.3201,433,28259,0.441355,0.23,1,788289,787856,433
53026621,17.6712,17.664,433,28334,0.448271,0.25,1,788291,787858,433
53029541,33.9342,34.7328,432,28409,0.465654,0.25,1,788329,787897,432
53032461,73.1868,6.94656,515,28484,0.469131,0.35,1,788412,787897,515
53035381,61.0374,64.5893,494,28558,0.485826,0.31,1,788470,787976,494
53038301,43.4075,59.3179,475,28632,0.521165,0.33,1,788509,788034,475
53041221,25.4815,42.2636,458,28706,0.528233,0.33,1,788530,788072,458
53044141,29.8963,24.4527,469,28780,0.513647,0.41,1,788561,788092,469
53047061,73.9793,28.8905,524,28854,0.526729,0.41,1,788646,788122,524
53049981,81.9959,73.7781,523,28927,0.561346,0.45,1,788730,788207,523
53052901,17.9992,80.3556,443,29000,0.568269,0.45,1,788732,788289,443
53055821,34.7998,17.6711,480,29073,0.601654,0.47,1,788771,788291,480
53058741,75.76,33.9342,528,29146,0.624331,0.47,1,788857,788329,528
53061661,61.552,73.1868,503,29219,0.676866,0.49,1,788915,788412,503
53064581,45.9104,61.0374,487,29291,0.687373,0.53,1,788957,788470,487
53067501,25.1821,43.4075,468,29363,0.705475,0.53,1,788977,788509,468
53070421,29.0364,25.4815,477,29435,0.709095,0.51,1,789007,788530,477
53073341,74.6073,29.8963,532,29507,0.741819,0.53,1,789093,788561,532
53076261,84.5215,73.9793,534,29579,0.796364,0.57,2,789180,788646,534
53079181,18.5043,81.9959,452,29651,0.839273,0.57,2,789182,788730,452
53082101,35.7009,17.9992,490,29722,0.847855,0.61,2,789222,788732,490
53085021,76.7402,34.7998,538,29793,0.897571,0.63,2,789309,788771,538
53087941,16.948,75.76,454,29864,0.907514,0.69,2,789311,788857,454
53090861,51.3896,61.552,456,29935,0.925503,0.69,2,789371,788915,456
53479221,35,70,504,38198,0.79,1,2,795142,794638,504
53482141,39.8,37.2,516,38253,0.79,1,2,795183,794667,516
53485061,22.36,35.44,499,38308,0.774,1,2,795201,794702,499
53487981,30.072,26.288,507,38363,0.7548,1,2,795233,794726,507
53490901,38.0144,33.2576,512,38418,0.76696,1,2,795273,794761,512
53493821,32.4029,37.0515,505,38473,0.705392,1,1,795304,794799,505
53496741,50.4806,33.0103,528,38528,0.597078,1,1,795359,794831,528
53499661,38.8961,53.0021,506,38583,0.559416,1,1,795395,794889,506
53502581,19.7792,39.4004,485,38638,0.487883,0.97,1,795410,794925,485
53505501,35.9558,49.4801,473,38693,0.537577,0.97,1,795450,794977,473
53508421,36.7912,39.496,473,38748,0.467515,0.91,1,795487,795014,473
53511341,30.5582,35.0992,468,38803,0.469503,0.83,1,795516,795048,468
53514261,48.5116,54.2198,462,38857,0.405901,0.79,1,795569,795107,462
53517181,34.5023,38.844,458,38911,0.37718,0.79,1,795600,795142,458
53520101,39.7005,40.5688,458,38965,0.291436,0.77,1,795641,795183,458
53523021,23.1401,22.5138,459,39019,0.258287,0.75,1,795660,795201,459
53525941,29.428,30.1028,458,39073,0.267657,0.77,1,795691,795233,458
53528861,39.4856,38.0206,460,39127,0.237531,0.69,1,795733,795273,460
53531781,29.4971,32.4041,456,39181,0.327506,0.57,1,795760,795304,456
53534701,44.2994,50.4808,449,39235,0.329501,0.55,1,795808,795359,449
53537621,35.2599,38.8962,446,39289,0.3139,0.47,1,795841,795395,446
53540541,21.452,19.7792,449,39343,0.27878,0.55,1,795859,795410,449
53543461,34.6904,35.9558,447,39397,0.287756,0.45,1,795897,795450,447
53546381,34.1381,36.7912,444,39451,0.337551,0.47,1,795931,795487,444
53549301,29.2276,30.5582,443,39505,0.34751,0.39,1,795959,795516,443
53552221,44.2455,48.5116,438,39558,0.333502,0.37,1,796007,795569,438
53555141,35.2491,34.5023,440,39611,0.3787,0.27,1,796040,795600,440
53558061,34.2498,39.7005,433,39664,0.35574,0.25,1,796074,795641,433
53560981,22.85,23.1401,434,39717,0.399148,0.27,1,796094,795660,434
53563901,28.57,29.428,433,39770,0.42383,0.23,1,796124,795691,433
53566821,40.114,39.4856,434,39823,0.428766,0.35,1,796167,795733,434
53569741,32.0228,29.4971,437,39876,0.445753,0.33,1,796197,795760,437
53572661,44.0046,44.2994,436,39929,0.449151,0.31,1,796244,795808,436
53575581,36.0009,35.2599,437,39982,0.43383,0.27,1,796278,795841,437
53578501,20.0002,21.452,435,40035,0.462766,0.29,1,796294,795859,435
53581421,33.6,34.6904,434,40088,0.484553,0.29,1,796331,795897,434
53584341,35.52,6.93808,470,40141,0.488911,0.35,1,796367,795897,470
53587261,29.504,28.5876,464,40194,0.489782,0.35,1,796395,795931,464
53590181,45.1008,28.1175,485,40247,0.505956,0.33,1,796444,795959,485
53593101,36.2202,44.0235,471,40299,0.541191,0.39,1,796478,796007,471
53596021,34.444,35.2047,472,40351,0.548238,0.35,1,796512,796040,472
53598941,24.4888,34.2409,460,40403,0.549648,0.41,1,796534,796074,460
53601861,28.8978,22.8482,470,40455,0.517929,0.43,1,796564,796094,470
53604781,40.9796,28.5696,484,40507,0.559586,0.43,1,796608,796124,484
53607701,32.1959,40.1139,471,40559,0.567917,0.45,1,796638,796167,471
53610621,44.8392,32.0228,489,40611,0.585583,0.45,1,796686,796197,489
53613541,36.1678,44.0046,476,40663,0.557117,0.43,1,796720,796244,476
53616461,20.0336,36.0009,458,40715,0.551423,0.47,1,796736,796278,458
53619381,34.4067,20.0002,480,40767,0.598285,0.49,1,796774,796294,480
53622301,37.2813,33.6,481,40819,0.639657,0.49,1,796812,796331,481
53625221,29.8563,35.52,473,40871,0.679931,0.49,1,796840,796367,473
53628141,45.9713,29.504,495,40923,0.703986,0.51,1,796890,796395,495
53631061,37.9943,45.1008,482,40975,0.692797,0.55,1,796926,796444,482
53633981,34.7989,36.2202,482,41027,0.690559,0.55,1,796960,796478,482
53636901,22.9598,34.444,468,41078,0.706112,0.55,1,796980,796512,468
53639821,28.592,24.4888,476,41129,0.709222,0.51,1,797010,796534,476
53642741,43.3184,28.8978,493,41180,0.741844,0.57,1,797057,796564,493
53645661,33.4637,40.9796,480,41231,0.748369,0.57,1,797088,796608,480
53648581,43.4927,32.1959,496,41282,0.797674,0.59,2,797134,796638,496
53651501,35.8985,44.8392,482,41333,0.823535,0.55,2,797168,796686,482
53654421,20.7797,36.1678,465,41384,0.860707,0.55,2,797185,796720,465
53657341,36.1559,20.0336,489,41435,0.868141,0.61,2,797225,796736,489
53660261,39.2312,34.4067,491,41486,0.917628,0.65,2,797265,796774,491
53663181,31.8462,37.2813,483,41537,0.943526,0.69,2,797295,796812,483
53835461,35,29,515,44437,0.79,1,2,799282,798767,515
53838381,27,31.4,508,44484,0.678,1,1,799307,798799,508
53841301,16.6,30.28,492,44531,0.6716,1,1,799321,798829,492
53844221,29.72,32.456,492,44578,0.52632,1,1,799354,798862,492
53847141,31.544,23.2912,503,44625,0.465264,1,1,799386,798883,503
53850061,30.3088,43.0582,485,44672,0.373053,1,1,799416,798931,485
53852981,45.2618,45.4116,488,44719,0.290611,1,1,799465,798977,488
53855901,37.8524,39.4823,486,44766,0.194122,0.85,1,799501,799015,486
53858821,29.9705,37.4965,477,44813,0.142824,0.98,1,799529,799052,477
53861741,29.1941,32.2993,475,44860,0.132565,0.99,1,799558,799083,475
53864661,27.4388,33.6599,468,44907,0.082513,0.86,1,799585,799117,468
53867581,35.0878,37.932,466,44954,0.0405026,0.85,1,799622,799156,466
53870501,31.8176,31.5864,467,45001,0.0161005,0.85,1,799653,799186,467
53873421,25.5635,27.9173,464,45048,0.0272201,0.83,1,799677,799213,464
53876341,29.9127,32.7835,461,45095,0.029444,0.79,1,799708,799247,461
53879261,30.7825,34.5567,457,45142,0.0618888,0.65,1,799739,799282,457
53882181,22.1565,26.9113,452,45189,0.0523778,0.67,1,799759,799307,452
53885101,13.2313,16.5823,449,45236,0.0344756,0.49,1,799770,799321,449
53888021,25.0463,29.7165,444,45283,0.0468951,0.45,1,799798,799354,444
53890941,29.8093,31.5433,443,45330,0.065379,0.35,1,799829,799386,443
53893861,24.3618,30.3087,436,45377,0.0370758,0.27,1,799852,799416,436
53896781,40.8724,45.2617,432,45423,0.0954152,0.17,1,799897,799465,432
53899701,36.1745,37.8523,431,45469,0.139083,0.13,1,799932,799501,431
53902621,26.4349,29.9705,427,45515,0.163817,0.13,1,799956,799529,427
53905541,26.087,29.1941,424,45561,0.136763,0.07,1,799982,799558,424
53908461,26.0174,27.4388,423,45607,0.179353,0.03,1,800008,799585,423
53911381,34.8035,35.0878,423,45653,0.107871,0.01,1,800045,799622,423
53914301,31.7607,31.8176,423,45699,0.0935741,0.03,1,800076,799653,423
53917221,27.9521,25.5635,426,45745,0.0747148,0.03,1,800103,799677,426
53920141,27.9904,29.9127,423,45791,0.118943,0.07,1,800131,799708,423
53923061,31.9981,30.7825,425,45837,0.0957886,0.05,1,800164,799739,425
53925981,19.9996,22.1565,422,45883,0.107158,0.03,1,800181,799759,422
53928901,12.7999,13.2313,422,45929,0.141432,0.03,1,800192,799770,422
53931821,25.76,2.64626,451,45975,0.116286,0.05,1,800221,799770,451
53934741,29.152,22.9293,453,46021,0.127257,0.07,1,800251,799798,453
53937661,25.0304,29.3859,446,46067,0.0974515,0.03,1,800275,799829,446
53940581,40.2061,24.2772,467,46113,0.0914903,0.11,1,800319,799852,467
53943501,37.6412,40.8554,459,46159,0.0902981,0.15,1,800356,799897,459
53946421,29.1282,36.1711,451,46205,0.10606,0.17,1,800383,799932,451
53949341,27.4256,26.4342,454,46251,0.157212,0.13,1,800410,799956,454
53952261,26.2851,26.0868,454,46297,0.167442,0.19,1,800436,799982,454
53955181,30.857,26.0174,460,46343,0.169488,0.09,1,800468,800008,460
53958101,32.5714,34.8035,456,46388,0.169898,0.09,1,800501,800045,456
53961021,27.3143,31.7607,451,46433,0.18598,0.07,1,800527,800076,451
53963941,29.4629,27.9521,454,46478,0.189196,0.13,1,800557,800103,454
53966861,31.4926,27.9904,458,46523,0.189839,0.09,1,800589,800131,458
53969781,21.4985,31.9981,444,46568,0.221968,0.11,1,800608,800164,444
53972701,12.2997,19.9996,437,46613,0.228394,0.15,1,800618,800181,437
53975621,26.4599,12.7999,456,46658,0.245679,0.11,1,800648,800192,456
53978541,29.292,25.76,457,46703,0.281136,0.13,1,800678,800221,457
53981461,23.4584,29.152,449,46748,0.304227,0.09,1,800700,800251,449
53984381,39.8917,25.0304,469,46793,0.308845,0.09,1,800744,800275,469
53987301,37.5783,40.2061,462,46838,0.325769,0.09,1,800781,800319,462
53990221,31.5157,37.6412,455,46883,0.345154,0.11,1,800811,800356,455
53993141,28.7031,29.1282,456,46928,0.317031,0.17,1,800839,800383,456
53996061,26.5406,27.4256,455,46973,0.343406,0.17,1,800865,800410,455
53998981,31.7081,26.2851,462,47018,0.348681,0.17,1,800898,800436,462
54001901,31.9416,30.857,462,47063,0.349736,0.17,1,800930,800468,462
54004821,27.9883,32.5714,456,47108,0.365947,0.19,1,800957,800501,456
54007741,28.7977,27.3143,459,47153,0.353189,0.19,1,800986,800527,459
54010661,32.9595,29.4629,463,47198,0.382638,0.19,1,801020,800557,463
54013581,22.5919,31.4926,451,47243,0.388528,0.23,1,801040,800589,451
54016501,13.3184,21.4985,443,47288,0.421706,0.23,1,801051,800608,443
54019421,28.2637,12.2997,465,47333,0.476341,0.25,1,801083,800618,465
54022341,29.6527,26.4599,465,47378,0.503268,0.29,1,801113,800648,465
54025261,7.53055,29.292,437,47422,0.508654,0.31,1,801115,800678,437
54028181,19.1061,23.4584,437,47466,0.557731,0.31,1,801137,800700,437
54031101,39.0212,39.8917,437,47510,0.567546,0.33,1,801181,800744,437
54034021,39.0042,37.5783,439,47554,0.569509,0.35,1,801220,800781,439
54036941,30.2008,31.5157,437,47598,0.601902,0.31,1,801248,800811,437
54039861,29.2402,28.7031,438,47642,0.59238,0.35,1,801277,800839,438
54042781,28.248,26.5406,440,47686,0.590476,0.35,1,801305,800865,440
54045701,31.2496,31.7081,439,47730,0.590095,0.35,1,801337,800898,439
54048621,31.8499,31.9416,439,47774,0.590019,0.37,1,801369,800930,439
54051541,28.77,27.9883,440,47818,0.590004,0.35,1,801397,800957,440
54054461,29.754,28.7977,441,47862,0.590001,0.39,1,801427,800986,441
54057381,33.1508,32.9595,441,47906,0.638,0.39,1,801461,801020,441
54060301,23.4302,22.5919,442,47950,0.6636,0.43,1,801482,801040,442
54063221,15.886,13.3184,445,47994,0.70072,0.49,1,801496,801051,445
54066141,30.3772,28.2637,447,48038,0.724144,0.51,1,801530,801083,447
54069061,30.8754,29.6527,448,48082,0.728829,0.51,1,801561,801113,448
54071981,7.77509,7.53055,448,48126,0.729766,0.57,1,801563,801115,448
54074901,19.155,19.1061,448,48170,0.697953,0.57,1,801585,801137,448
54077821,39.031,39.0212,448,48214,0.707591,0.57,1,801629,801181,448
54080741,40.6062,39.0042,450,48258,0.709518,0.61,1,801670,801220,450
54083661,30.5212,30.2008,450,48302,0.741904,0.59,1,801698,801248,450
54086581,30.1042,29.2402,451,48346,0.764381,0.59,2,801728,801277,451
54089501,26.8209,28.248,449,48390,0.784876,0.59,2,801754,801305,449
54092421,30.9642,31.2496,449,48434,0.788975,0.59,2,801786,801337,449
54095341,32.5928,31.8499,450,48478,0.773795,0.59,2,801819,801369,450
54098261,29.7186,28.77,451,48521,0.786759,0.59,2,801848,801397,451
54101181,30.7437,29.754,452,48564,0.805352,0.65,2,801879,801427,452
54104101,34.9487,33.1508,454,48607,0.84107,0.67,2,801915,801461,454
54107021,24.5897,23.4302,455,48650,0.816214,0.71,2,801937,801482,455
54109941,18.5179,15.886,458,48693,0.827243,0.73,2,801954,801496,458
54112861,29.3036,30.3772,456,48736,0.861449,0.73,2,801986,801530,456
54115781,30.6607,30.8754,456,48779,0.85229,0.73,2,802017,801561,456
54118701,7.73214,7.77509,456,48822,0.818458,0.69,2,802019,801563,456
54121621,19.1464,19.155,456,48865,0.827692,0.69,2,802041,801585,456
54124541,39.8293,3.831,501,48908,0.845538,0.71,2,802086,801585,501
54127461,39.9659,35.9662,497,48951,0.881108,0.71,2,802126,801629,497
54130381,30.3932,39.9932,484,48994,0.904222,0.75,2,802154,801670,484
54133301,31.6786,30.3986,488,49037,0.924844,0.77,2,802186,801698,488
54136221,27.1357,30.0797,484,49080,0.896969,0.79,2,802212,801728,484
54139141,31.0271,26.8159,490,49123,0.891394,0.79,2,802244,801754,490
54142061,33.4054,30.9632,492,49166,0.890279,0.77,2,802278,801786,492
54144981,30.6811,32.5926,489,49209,0.890056,0.79,2,802308,801819,489
54147901,30.9362,29.7185,491,49252,0.938011,0.81,2,802339,801848,491
54343541,80,54,525,24266,0.35,1,1,804372,803847,525
54346461,48.8,66,497,24353,0.334,0.97,1,804413,803916,497
54349381,80.96,64.4,522,24440,0.3148,0.73,1,804502,803980,522
54352301,64.992,86.48,491,24527,0.35896,0.63,1,804563,804072,491
54355221,54.5984,65.296,483,24613,0.383792,0.51,1,804615,804132,483
54358141,34.1197,56.2592,458,24699,0.404758,0.47,1,804644,804186,458
54361061,30.0239,37.6518,454,24785,0.392952,0.35,1,804673,804219,454
54363981,50.0048,65.9304,436,24871,0.51859,0.35,1,804728,804292,436
54366901,74.801,77.1861,437,24956,0.543718,0.33,1,804809,804372,437
54369821,48.5602,48.2372,438,25041,0.580744,0.31,1,804851,804413,438
54372741,81.712,80.8474,439,25126,0.636149,0.37,1,804941,804502,439
54375661,65.9424,64.9695,440,25210,0.66323,0.39,1,805003,804563,440
54378581,57.1885,54.5939,443,25294,0.716646,0.41,1,805058,804615,443
54381501,35.4377,34.1188,444,25378,0.695329,0.39,1,805088,804644,444
54384421,31.0875,30.0238,445,25461,0.739066,0.39,1,805118,804673,445
54387341,51.0175,6.00475,501,25544,0.683813,0.55,1,805174,804673,501
54390261,75.8035,45.201,528,25627,0.688763,0.55,1,805256,804728,528
54393181,49.5607,73.8402,490,25710,0.673753,0.59,1,805299,804809,490
54396101,84.3121,48.368,541,25792,0.766751,0.65,2,805392,804851,541
54399021,68.8624,81.6736,516,25874,0.80135,0.67,2,805457,804941,516
54401941,58.5725,65.9347,510,25956,0.80827,0.73,2,805513,805003,510
54404861,36.5145,57.1869,486,26038,0.825654,0.69,2,805544,805058,486
54407781,31.3029,35.4374,486,26119,0.813131,0.75,2,805574,805088,486
54410701,49.4606,31.0875,510,26200,0.810626,0.67,2,805628,805118,510
54413621,76.2921,51.0175,537,26281,0.890125,0.69,2,805711,805174,537
54416541,48.8584,75.8035,497,26362,0.906025,0.67,2,805753,805256,497
54527501,57,108,540,29259,0.65,1,1,807811,807271,540
54530421,53.8,81.6,518,29331,0.49,1,1,807864,807346,518
54533341,45.96,50.72,519,29403,0.378,1,1,807908,807389,519
54536261,38.792,51.744,504,29475,0.2436,1,1,807945,807441,504
54539181,50.1584,39.1488,521,29547,0.10472,1,1,807998,807477,521
54542101,32.4317,38.2298,511,29619,0.028944,1,1,808026,807515,511
54545021,53.6863,34.046,537,29690,0.0137888,1,1,808085,807548,537
54547941,34.7373,54.0092,508,29761,0.0267578,0.84,1,808115,807607,508
54550861,81.3475,42.0018,562,29832,0.0613516,0.73,1,808208,807646,562
54553781,17.8695,94.8004,456,29903,0.0362703,0.65,1,808210,807754,456
54556701,41.1739,64.5601,446,29974,0.0472541,0.45,1,808257,807811,446
54559621,42.6348,55.312,436,30045,0.0654508,0.35,1,808300,807864,436
54562541,44.527,46.2624,437,30115,0.0690902,0.21,1,808345,807908,437
54565461,35.3054,38.8525,433,30185,0.117818,0.07,1,808378,807945,433
54568381,40.6611,50.1705,422,30255,0.0795636,0.01,1,808420,807998,422
54571301,31.3322,32.4341,423,30325,0.0559127,0.01,1,808449,808026,423
54574221,52.6664,53.6868,422,30395,0.0831825,0.03,1,808507,808085,422
54577141,35.3333,34.7374,423,30465,0.0886365,0.07,1,808538,808115,423
54580061,82.2667,81.3475,424,30534,0.0417273,0.03,1,808632,808208,424
54582981,18.0533,17.8695,424,30603,0.0323455,0.05,1,808634,808210,424
54585901,40.4107,41.1739,423,30672,0.0624691,0.07,1,808680,808257,423
54588821,42.4821,42.6348,423,30741,0.116494,0.07,1,808723,808300,423
54591741,45.2964,44.527,424,30810,0.143299,0.13,1,808769,808345,424
54594661,37.0593,35.3054,426,30879,0.19666,0.07,1,808804,808378,426
54597581,39.4119,40.6611,424,30948,0.175332,0.05,1,808844,808420,424
54600501,29.4824,31.3322,422,31016,0.187066,0.09,1,808871,808449,422
54603421,54.6965,52.6664,425,31084,0.141413,0.09,1,808932,808507,425
54606341,34.9393,35.3333,424,31152,0.164283,0.03,1,808962,808538,424
54609261,81.3879,82.2667,423,31220,0.152857,0.03,1,809055,808632,423
54612181,17.8776,18.0533,423,31288,0.150571,0.03,1,809057,808634,423
54615101,41.1755,3.61067,470,31356,0.134114,0.07,1,809104,808634,470
54618021,43.4351,37.5221,468,31423,0.0988229,0.13,1,809148,808680,468
54620941,49.487,41.9044,476,31490,0.107765,0.15,1,809199,808723,476
54623861,35.4974,45.1809,462,31557,0.125553,0.21,1,809231,808769,462
54626781,39.0995,37.0362,467,31624,0.145111,0.17,1,809271,808804,467
54629701,28.6199,39.4072,453,31691,0.149022,0.19,1,809297,808844,453
54632621,55.324,29.4814,488,31758,0.181804,0.13,1,809359,808871,488
54635541,35.0648,54.6963,457,31825,0.220361,0.17,1,809389,808932,457
54638461,80.613,34.9393,519,31891,0.260072,0.15,1,809481,808962,519
54641381,17.7226,81.3879,428,31957,0.268014,0.15,1,809483,809055,428
54644301,41.9445,17.8776,474,32023,0.269603,0.13,1,809531,809057,474
54647221,41.9889,41.1755,469,32089,0.285921,0.09,1,809573,809104,469
54650141,49.9978,43.4351,477,32155,0.321184,0.11,1,809625,809148,477
54653061,36.3996,49.487,459,32221,0.376237,0.13,1,809658,809199,459
54655981,40.0799,35.4974,468,32287,0.419247,0.15,1,809699,809231,468
54658901,28.816,39.0995,454,32353,0.45985,0.15,1,809725,809271,454
54661821,56.9632,28.6199,492,32418,0.48397,0.19,1,809789,809297,492
54664741,36.9926,55.324,462,32483,0.456794,0.23,1,809821,809359,462
54667661,82.5985,35.0648,526,32548,0.499359,0.27,1,809915,809389,526
54670581,18.1197,80.613,436,32613,0.507872,0.27,1,809917,809481,436
54673501,42.0239,17.7226,482,32678,0.509574,0.27,1,809965,809483,482
54676421,42.8048,41.9445,477,32743,0.493915,0.29,1,810008,809531,477
54679341,10.161,41.9889,437,32808,0.490783,0.33,1,810010,809573,437
54682261,46.0322,49.9978,440,32872,0.538157,0.39,1,810065,809625,440
54685181,37.2064,36.3996,442,32936,0.531631,0.43,1,810100,809658,442
54688101,41.8413,40.0799,444,33000,0.546326,0.47,1,810143,809699,444
54691021,29.9683,28.816,445,33064,0.533265,0.49,1,810170,809725,445
54693941,57.9937,56.9632,446,33128,0.546653,0.45,1,810235,809789,446
54696861,35.5987,36.9926,444,33192,0.581331,0.51,1,810265,809821,444
54699781,84.7197,82.5985,447,33256,0.668266,0.51,1,810362,809915,447
54702701,18.5439,18.1197,447,33320,0.653653,0.51,1,810364,809917,447
54705621,42.1088,42.0239,447,33383,0.666731,0.49,1,810412,809965,447
54708541,42.0218,42.8048,446,33446,0.717346,0.49,1,810454,810008,446
54711461,10.0044,10.161,446,33509,0.727469,0.55,1,810456,810010,446
54714381,46.8009,46.0322,447,33572,0.713494,0.53,1,810512,810065,447
54717301,38.1602,37.2064,448,33635,0.790699,0.55,2,810548,810100,448
54720221,41.232,41.8413,447,33698,0.83814,0.53,2,810590,810143,447
54723141,31.4464,29.9683,449,33761,0.847628,0.55,2,810619,810170,449
54726061,58.2893,57.9937,449,33824,0.817526,0.59,2,810684,810235,449
54728981,36.4579,35.5987,450,33887,0.843505,0.69,2,810715,810265,450
54731901,88.0916,84.7197,454,33949,0.928701,0.65,2,810816,810362,454
54734821,19.2183,18.5439,454,34011,0.94574,0.67,2,810818,810364,454
54737741,43.0437,42.1088,455,34073,0.901148,0.73,2,810867,810412,455
54740661,43.0087,42.0218,456,34135,0.92423,0.73,2,810910,810454,456
54755261,29,42,490,34444,0.89,0.85,2,811080,810590,490
54758181,57.8,31.6,526,34505,0.922,0.81,2,811145,810619,526
54877901,25,22,483,36933,0.71,1,1,812841,812358,483
54880821,35.4,34,484,36990,0.742,1,1,812879,812395,484
54883741,44.68,37.2,493,37047,0.7164,1,1,812926,812433,493
54886661,29.736,33.04,487,37104,0.66328,1,1,812952,812465,487
54889581,22.7472,29.008,480,37161,0.652656,1,1,812973,812493,480
54892501,22.1494,5.8016,502,37218,0.586531,1,1,812995,812493,502
54895421,38.8299,23.5603,517,37275,0.557306,1,1,813038,812521,517
54898341,45.366,46.3121,512,37332,0.471461,0.98,1,813085,812573,512
54901261,87.4732,35.6624,577,37389,0.422292,1,1,813183,812606,577
54904181,44.6946,91.9325,505,37446,0.444458,0.93,1,813217,812712,505
54907101,34.5389,49.5865,498,37502,0.432892,0.91,1,813249,812751,498
54910021,28.5078,36.3173,492,37558,0.478578,0.83,1,813276,812784,492
54912941,23.3016,32.8635,482,37614,0.503716,0.71,1,813298,812816,482
54915861,35.0603,26.5727,495,37670,0.524743,0.75,1,813336,812841,495
54918781,40.6121,35.7145,499,37726,0.512949,0.71,1,813378,812879,499
54921701,27.3224,44.7429,476,37782,0.54259,0.65,1,813402,812926,476
54924621,23.0645,29.7486,472,37838,0.532518,0.65,1,813424,812952,472
54927541,19.0129,22.7497,469,37894,0.530504,0.57,1,813442,812973,469
54930461,36.6026,22.1499,488,37950,0.514101,0.55,1,813483,812995,488
54933381,43.3205,38.83,490,38006,0.57482,0.45,1,813528,813038,490
54936301,87.0641,45.366,541,38062,0.634964,0.41,1,813626,813085,541
54939221,43.8128,87.4732,476,38118,0.694993,0.45,1,813659,813183,476
54942141,33.5626,44.6946,473,38173,0.722999,0.43,1,813690,813217,473
54945061,31.5125,34.5389,472,38228,0.7126,0.49,1,813721,813249,472
54947981,23.9025,28.5078,467,38283,0.71052,0.51,1,813743,813276,467
54950901,35.1805,23.3016,483,38338,0.694104,0.53,1,813781,813298,483
54953821,41.4361,35.0603,488,38393,0.722821,0.51,1,813824,813336,488
54956741,27.4872,40.6121,470,38448,0.744564,0.55,1,813848,813378,470
54959661,23.8974,27.3224,469,38503,0.764913,0.53,2,813871,813402,469
54962581,19.1795,23.0645,465,38558,0.768983,0.53,2,813889,813424,465
54965501,38.2359,19.0129,490,38613,0.753797,0.51,2,813932,813442,490
54968421,9.24718,36.6026,451,38668,0.782759,0.59,2,813934,813483,451
54971341,37.8494,43.3205,451,38723,0.820552,0.65,2,813979,813528,451
54974261,89.1699,87.0641,455,38778,0.84411,0.71,2,814081,813626,455
54977181,45.834,43.8128,457,38832,0.864822,0.73,2,814116,813659,457
54980101,33.1668,33.5626,456,38886,0.868964,0.71,2,814146,813690,456
54983021,32.2334,31.5125,457,38940,0.901793,0.71,2,814178,813721,457
54985941,23.2467,23.9025,456,38994,0.940359,0.69,2,814199,813743,456
55184501,25,25,492,42518,0.79,1,2,816638,816146,492
55187421,43.4,44.2,491,42568,0.694,0.97,1,816686,816195,491
55190341,33.48,36.04,488,42618,0.6428,1,1,816717,816229,488
55193261,31.496,28.808,492,42668,0.61656,1,1,816748,816256,492
55196181,38.2992,41.7616,487,42717,0.531312,0.99,1,816788,816301,487
55199101,37.2598,38.7523,486,42766,0.546262,1,1,816825,816339,486
55202021,24.252,28.5505,481,42815,0.501252,1,1,816846,816365,481
55204941,29.6504,21.7101,492,42864,0.524251,1,1,816877,816385,492
55207861,43.5301,49.142,483,42913,0.44885,0.98,1,816924,816441,483
55210781,35.106,45.0284,472,42962,0.49777,1,1,816957,816485,472
55213701,32.6212,34.6057,472,43011,0.475554,1,1,816989,816517,472
55216621,30.5242,6.92114,502,43060,0.519111,0.97,1,817019,816517,502
55219541,28.5048,30.1842,494,43109,0.463822,0.89,1,817047,816553,494
55222461,28.101,30.0368,492,43158,0.468764,0.85,1,817075,816583,492
55225381,24.8202,30.0074,486,43207,0.453753,0.79,1,817099,816613,486
55228301,39.364,26.0015,504,43256,0.466751,0.67,1,817142,816638,504
55231221,30.2728,43.6003,484,43305,0.48535,0.63,1,817170,816686,484
55234141,30.0546,33.5201,483,43354,0.52107,0.61,1,817200,816717,483
55237061,35.6109,31.504,489,43403,0.496214,0.51,1,817237,816748,489
55239981,35.1222,38.3008,484,43452,0.539243,0.55,1,817272,816788,484
55242901,20.6244,37.2602,464,43501,0.595849,0.49,1,817289,816825,464
55245821,32.1249,24.252,478,43550,0.62317,0.53,1,817324,816846,478
55248741,41.625,29.6504,491,43598,0.628634,0.43,1,817368,816877,491
55251661,35.525,43.5301,478,43646,0.645727,0.51,1,817402,816924,478
55254581,31.905,35.106,476,43694,0.665145,0.47,1,817433,816957,476
55257501,31.181,32.6212,475,43742,0.653029,0.53,1,817464,816989,475
55260421,27.8362,30.5242,472,43790,0.650606,0.45,1,817491,817019,472
55263341,27.1672,28.5048,471,43838,0.714121,0.47,1,817518,817047,471
55266261,23.0334,28.101,465,43886,0.694824,0.45,1,817540,817075,465
55269181,41.4067,24.8202,487,43934,0.722965,0.47,1,817586,817099,487
55272101,29.8813,39.364,471,43982,0.728593,0.49,1,817613,817142,471
55275021,33.9763,30.2728,478,44030,0.777719,0.53,2,817648,817170,478
55277941,36.3953,30.0546,485,44078,0.771544,0.49,2,817685,817200,485
55280861,36.8791,35.6109,485,44126,0.802309,0.55,2,817722,817237,485
55283781,22.5758,35.1222,469,44174,0.824462,0.61,2,817741,817272,469
55286701,32.5152,20.6244,487,44222,0.876892,0.63,2,817776,817289,487
55289621,41.703,32.1249,496,44270,0.887379,0.63,2,817820,817324,496
55292541,36.3406,41.625,487,44318,0.873476,0.65,2,817855,817368,487
55295461,32.8681,35.525,485,44366,0.886695,0.67,2,817887,817402,485
55298381,31.3736,31.905,485,44414,0.889339,0.65,2,817918,817433,485
55301301,28.6747,31.181,482,44461,0.889868,0.65,2,817946,817464,482
55304221,7.33494,27.8362,457,44508,0.889974,0.73,2,817948,817491,457
55307141,22.267,27.1672,456,44555,0.889995,0.69,2,817974,817518,456
55310061,22.0534,23.0334,456,44602,0.921999,0.73,2,817996,817540,456
55312981,42.8107,41.4067,458,44649,0.9124,0.73,2,818044,817586,458
55315901,30.1621,29.8813,458,44696,0.92648,0.79,2,818071,817613,458
55318821,36.4324,33.9763,461,44743,0.929296,0.77,2,818109,817648,461
55491101,28,30,525,47445,0.67,1,1,819992,819467,525
55494021,20.8,30,514,47489,0.638,1,1,820011,819497,514
55496941,11.36,33.2,489,47533,0.6156,1,1,820020,819531,489
55499861,30.272,32.24,492,47577,0.46712,1,1,820055,819563,492
55502781,34.8544,36.048,491,47621,0.405424,1,1,820091,819600,491
55505701,38.9709,36.0096,495,47665,0.377085,1,1,820131,819636,495
55508621,38.9942,30.4019,505,47709,0.323417,1,1,820170,819665,505
55511541,34.1988,42.8804,492,47753,0.232683,1,1,820203,819711,492
55514461,31.6398,34.9761,490,47797,0.198537,0.94,1,820234,819744,490
55517381,30.328,30.9952,490,47841,0.239707,1,1,820264,819774,490
55520301,35.6656,39.799,485,47885,0.279941,1,1,820301,819816,485
55523221,23.9331,35.1598,472,47929,0.287988,0.92,1,820322,819850,472
55526141,27.1866,32.632,468,47973,0.289598,0.98,1,820350,819882,468
55529061,22.2373,24.9264,466,48017,0.25792,0.83,1,820371,819905,466
55531981,18.0475,26.5853,456,48061,0.283584,0.75,1,820388,819932,456
55534901,26.0095,30.9171,452,48105,0.304717,0.67,1,820416,819964,452
55537821,28.4019,28.5834,453,48149,0.276943,0.63,1,820445,819992,453
55540741,20.0804,20.9167,452,48193,0.319389,0.61,1,820463,820011,452
55543661,8.81608,11.3833,449,48237,0.327878,0.43,1,820469,820020,449
55546581,28.1632,30.2767,447,48281,0.313576,0.39,1,820502,820055,447
55549501,32.0326,34.8553,444,48325,0.326715,0.37,1,820535,820091,444
55552421,33.6065,38.9711,438,48369,0.393343,0.31,1,820569,820131,438
55555341,37.1213,38.9942,437,48413,0.326669,0.21,1,820607,820170,437
55558261,32.2243,34.1988,435,48457,0.329334,0.19,1,820638,820203,435
55561181,31.2449,31.6398,435,48500,0.329867,0.25,1,820669,820234,435
55564101,29.449,30.328,434,48543,0.313973,0.29,1,820698,820264,434
55567021,34.6898,35.6656,433,48586,0.342795,0.29,1,820734,820301,433
55569941,24.538,23.9331,434,48629,0.364559,0.29,1,820756,820322,434
55572861,28.9076,27.1866,436,48672,0.384912,0.25,1,820786,820350,436
55575781,20.1815,22.2373,433,48715,0.356982,0.29,1,820804,820371,433
55578701,19.2363,18.0475,435,48758,0.367396,0.31,1,820823,820388,435
55581621,25.4473,26.0095,434,48801,0.385479,0.27,1,820850,820416,434
55584541,29.0895,28.4019,435,48844,0.389096,0.27,1,820880,820445,435
55587461,20.2179,5.68038,453,48887,0.389819,0.33,1,820898,820445,453
55590381,8.84358,15.5361,441,48930,0.389964,0.33,1,820904,820463,441
55593301,28.9687,7.90722,469,48973,0.389993,0.31,1,820938,820469,469
55596221,32.9937,27.9814,470,49016,0.405999,0.33,1,820972,820502,470
55599141,33.7987,31.9963,471,49059,0.4092,0.41,1,821006,820535,471
55602061,36.3597,33.5993,474,49102,0.44184,0.31,1,821043,820569,474
55604981,33.6719,37.1199,469,49145,0.432368,0.33,1,821076,820607,469
55607901,29.1344,32.224,466,49188,0.478474,0.33,1,821104,820638,466
55610821,29.8269,31.2448,465,49231,0.503695,0.31,1,821134,820669,465
55613741,35.5654,29.449,473,49274,0.588739,0.35,1,821171,820698,473
55616661,24.7131,34.6898,459,49317,0.621748,0.37,1,821193,820734,459
55619581,29.7426,24.538,468,49360,0.64435,0.39,1,821224,820756,468
55622501,20.3485,28.9076,456,49403,0.64887,0.35,1,821242,820786,456
55625421,20.0697,20.1815,458,49446,0.649774,0.37,1,821262,820804,458
55628341,26.4139,19.2363,467,49489,0.665955,0.39,1,821290,820823,467
55631261,29.2828,25.4473,470,49532,0.701191,0.39,1,821320,820850,470
55634181,20.2566,29.0895,458,49575,0.708238,0.39,1,821338,820880,458
55637101,8.85131,20.2179,446,49617,0.709648,0.39,1,821344,820898,446
55640021,29.7703,8.84358,475,49659,0.72593,0.39,1,821379,820904,475
55642941,33.1541,28.9687,475,49701,0.729186,0.41,1,821413,820938,475
55645861,33.8308,32.9937,475,49743,0.745837,0.41,1,821447,820972,475
55648781,37.9662,33.7987,480,49785,0.749167,0.45,1,821486,821006,480
55651701,35.5932,36.3597,478,49827,0.749833,0.43,1,821521,821043,478
55654621,29.5186,33.6719,473,49869,0.781967,0.49,2,821549,821076,473
55657541,31.5037,29.1344,477,49911,0.820393,0.51,2,821581,821104,477
55660461,39.1007,29.8269,488,49953,0.828079,0.61,2,821622,821134,488
55663381,26.2201,35.5654,474,49995,0.845616,0.63,2,821645,821171,474
55666301,30.844,24.7131,484,50037,0.865123,0.65,2,821677,821193,484
55669221,20.5688,29.7426,471,50079,0.869025,0.65,2,821695,821224,471
55672141,20.9138,20.3485,474,50121,0.853805,0.65,2,821716,821242,474
55675061,28.1828,20.0697,484,50163,0.866761,0.67,2,821746,821262,484
55677981,29.6366,26.4139,486,50205,0.901352,0.71,2,821776,821290,486
55680901,21.1273,29.2828,475,50247,0.92427,0.71,2,821795,821320,475
55683821,9.02546,20.2566,463,50289,0.928854,0.71,2,821801,821338,463
55686741,3.40509,8.85131,459,50331,0.929771,0.73,2,821803,821344,459
55689661,27.881,29.7703,458,50373,0.929954,0.73,2,821837,821379,458
55692581,32.7762,33.1541,458,50415,0.929991,0.75,2,821871,821413,458
55695501,34.5552,33.8308,459,50457,0.913998,0.75,2,821906,821447,459
55698421,38.111,37.9662,459,50499,0.9108,0.75,2,821945,821486,459
55899901,31,37,472,24820,0.03,0.85,1,824340,823868,472
55904281,49.4,59.4,461,24820,0.006,0.75,1,824394,823933,461
55933481,44.28,50.28,456,24820,0.0252,0.55,1,824437,823981,456
55936401,76.056,50.056,490,24905,0.00504,0.47,1,824521,824031,490
55939321,34.4112,54.8112,458,24990,0.041008,0.31,1,824545,824087,458
55942241,30.8822,37.3622,455,25075,0.0162016,0.23,1,824575,824120,455
55945161,34.9764,38.6724,452,25160,0.0272403,0.29,1,824611,824159,452
55948081,14.9953,29.3345,435,25244,0.0454481,0.05,1,824621,824186,435
55951001,54.9991,48.2669,447,25328,0.0970896,0.03,1,824686,824239,447
55953921,70.9998,65.6534,452,25412,0.0754179,0.03,1,824761,824309,452
55956841,57.4,61.1307,446,25495,0.0230836,0.03,1,824815,824369,446
55959761,114.68,66.6261,507,25578,0.00461672,0,1,824944,824437,507
55962681,42.136,80.5252,447,25661,0.0409233,0.05,1,824968,824521,447
55965601,31.6272,35.305,452,25744,0.0161847,0.01,1,824997,824545,452
55968521,35.9254,31.061,459,25826,0.0272369,0.03,1,825034,824575,459
55971441,15.1851,35.0122,433,25908,0.0294474,0.05,1,825044,824611,433
55974361,54.237,15.0024,487,25990,0.125889,0.11,1,825108,824621,487
55977281,71.6474,55.0005,498,26072,0.129178,0.07,1,825184,824686,498
55980201,56.7295,71.0001,476,26153,0.129836,0.01,1,825237,824761,476
55983121,115.346,57.4,552,26234,0.0339671,0,1,825367,824815,552
55986041,42.2692,114.68,447,26315,0.0467934,0.05,1,825391,824944,447
55988961,33.2538,42.136,454,26396,0.0173587,0.01,1,825422,824968,454
55991881,33.8508,31.6272,459,26476,0.0434717,0.03,1,825456,824997,459
55994801,15.5702,35.9254,433,26556,0.0646943,0.03,1,825467,825034,433
55997721,59.114,15.1851,493,26636,0.0529389,0.15,1,825537,825044,493
56000641,72.6228,54.237,505,26716,0.0985878,0.13,1,825613,825108,505
56003561,55.3246,71.6474,480,26795,0.107718,0.13,1,825664,825184,480
56006481,111.065,56.7295,552,26874,0.0775435,0.01,1,825789,825237,552
56009401,23.813,115.346,424,26953,0.0715087,0.05,1,825791,825367,424
56012321,23.9626,42.2692,424,27032,0.0703017,0.01,1,825815,825391,424
56015241,29.5925,33.2538,424,27110,0.0860604,0.05,1,825846,825422,424
56018161,33.1185,33.8508,424,27188,0.121212,0.07,1,825880,825456,424
56021081,14.6237,15.5702,423,27266,0.0962424,0.05,1,825890,825467,423
56024001,61.3247,59.114,426,27344,0.0912485,0.11,1,825963,825537,426
56026921,73.8649,72.6228,427,27421,0.13825,0.11,1,826040,825613,427
56029841,56.373,55.3246,428,27498,0.17965,0.07,1,826092,825664,428
56032761,107.275,111.065,423,27575,0.21993,0.07,1,826212,825789,423
56035681,23.0549,23.813,423,27652,0.259986,0.07,1,826214,825791,423
56038601,24.611,23.9626,424,27729,0.251997,0.09,1,826239,825815,424
56041521,31.3222,29.5925,426,27805,0.282399,0.13,1,826272,825846,426
56044441,33.4644,33.1185,426,27881,0.30448,0.09,1,826306,825880,426
56047361,14.6929,14.6237,426,27957,0.308896,0.09,1,826316,825890,426
56050281,62.1386,61.3247,427,28033,0.309779,0.15,1,826390,825963,427
56053201,75.6277,73.8649,429,28109,0.325956,0.19,1,826469,826040,429
56056121,56.7255,56.373,429,28184,0.361191,0.23,1,826521,826092,429
56059041,110.545,107.275,433,28259,0.464238,0.27,1,826645,826212,433
56061961,23.709,23.0549,433,28334,0.484848,0.25,1,826647,826214,433
56064881,25.5418,24.611,434,28409,0.45697,0.25,1,826673,826239,434
56067801,32.3084,4.9222,468,28484,0.467394,0.29,1,826707,826239,468
56070721,34.4617,27.3844,470,28558,0.469479,0.31,1,826742,826272,470
56073641,14.8923,32.6769,446,28632,0.469896,0.31,1,826752,826306,446
56076561,60.5785,14.5354,508,28706,0.469979,0.31,1,826824,826316,508
56079481,76.1157,62.1071,514,28780,0.501996,0.33,1,826904,826390,514
56082401,58.4231,75.6214,489,28854,0.556399,0.37,1,826958,826469,489
56085321,115.685,56.7243,567,28927,0.66328,0.49,1,827088,826521,567
56088241,24.7369,110.545,445,29000,0.684656,0.49,1,827090,826645,445
56091161,25.7474,23.709,469,29073,0.720931,0.45,1,827116,826647,469
56094081,33.1495,25.5418,478,29146,0.712186,0.47,1,827151,826673,478
56097001,34.6299,32.3084,479,29219,0.710437,0.47,1,827186,826707,479
56099921,14.926,34.4617,454,29291,0.710087,0.47,1,827196,826742,454
56102841,60.5852,14.8923,516,29363,0.726017,0.47,1,827268,826752,516
56105761,77.717,60.5785,526,29435,0.729203,0.51,1,827350,826824,526
56108681,61.9434,76.1157,504,29507,0.761841,0.57,2,827408,826904,504
56111601,121.189,58.4231,586,29579,0.768368,0.69,2,827544,826958,586
56114521,25.8377,115.685,458,29651,0.769674,0.69,2,827546,827088,458
56117441,26.7675,24.7369,483,29722,0.785935,0.73,2,827573,827090,483
56120361,32.5535,25.7474,491,29793,0.789187,0.71,2,827607,827116,491
56123281,8.1107,33.1495,458,29864,0.789837,0.71,2,827609,827151,458
56126201,28.8221,34.6299,457,29935,0.821967,0.71,2,827643,827186,457
56129121,14.5644,14.926,458,30006,0.812393,0.73,2,827654,827196,458
56132041,60.5129,60.5852,458,30077,0.826479,0.73,2,827726,827268,458
56134961,77.7026,77.717,458,30147,0.861296,0.77,2,827808,827350,458
56266361,33,34,496,33158,0.45,1,1,829967,829471,496
56269281,30.6,30,497,33222,0.354,1,1,829997,829500,497
56272201,34.92,34.8,497,33286,0.2708,1,1,830033,829536,497
56275121,30.984,27.76,501,33350,0.19016,1,1,830063,829562,501
56278041,29.3968,31.152,498,33413,0.046032,0.96,1,830092,829594,498
56280961,29.8794,36.6304,490,33476,0.0172064,0.98,1,830122,829632,490
56283881,31.5759,32.1261,491,33539,0.0114413,1,1,830154,829663,491
56286801,32.7152,43.2252,478,33602,0.00228826,1,1,830187,829709,478
56289721,40.943,45.445,475,33665,0.00845765,0.59,1,830230,829755,475
56292641,103.389,123.489,451,33728,0.0256915,0.53,1,830349,829898,451
56295561,46.2777,53.4978,447,33791,0.0291383,0.45,1,830381,829934,447
56298481,30.8555,37.0996,441,33854,0.0778277,0.33,1,830408,829967,441
56301401,26.9711,31.4199,437,33916,0.0395655,0.25,1,830434,829997,437
56304321,27.7942,35.084,429,33978,0.0959131,0.17,1,830462,830033,429
56307241,27.1588,31.0168,426,34040,0.0191826,0.01,1,830489,830063,426
56310161,26.2318,29.4034,423,34102,0.0758365,0.01,1,830515,830092,423
56313081,30.8464,29.8807,425,34164,0.0391673,0.01,1,830547,830122,425
56316001,30.9693,31.5761,424,34226,0.0158335,0.01,1,830578,830154,424
56318921,30.1939,6.31523,454,34288,0.0431667,0,1,830608,830154,454
56321841,40.4388,27.663,464,34350,0.0646333,0.01,1,830651,830187,464
56324761,103.288,39.9326,540,34412,0.0209267,0.03,1,830770,830230,540
56327681,47.0576,103.187,454,34473,0.0441853,0.03,1,830803,830349,454
56330601,31.8115,46.2373,450,34534,0.0808371,0.09,1,830831,830381,450
56333521,26.3623,30.8475,448,34595,0.0721674,0.03,1,830856,830408,448
56336441,28.4725,26.9695,451,34656,0.0704335,0.11,1,830885,830434,451
56339361,27.2945,27.7939,450,34717,0.0860867,0,1,830912,830462,450
56342281,26.2589,27.1588,449,34778,0.0892173,0.09,1,830938,830489,449
56345201,29.2518,26.2318,453,34839,0.0578435,0.03,1,830968,830515,453
56348121,30.6504,30.8464,452,34900,0.0355687,0.01,1,830999,830547,452
56351041,30.1301,30.9693,451,34961,0.0311137,0.05,1,831029,830578,451
56353961,42.026,30.1939,466,35021,0.0142227,0.07,1,831074,830608,466
56356881,103.605,40.4388,542,35081,0.0268445,0.01,1,831193,830651,542
56359801,45.521,103.288,454,35141,0.0293689,0.05,1,831224,830770,454
56362721,35.5042,47.0576,454,35201,0.0458738,0.09,1,831257,830803,454
56365641,26.3008,31.8115,450,35261,0.0811748,0.07,1,831281,830831,450
56368561,27.6602,26.3623,453,35321,0.072235,0.07,1,831309,830856,453
56371481,27.932,28.4725,452,35381,0.070447,0.09,1,831337,830885,452
56374401,26.3864,27.2945,451,35441,0.0860894,0.09,1,831363,830912,451
56377321,26.8773,26.2589,452,35501,0.121218,0.05,1,831390,830938,452
56380241,31.7755,29.2518,455,35561,0.0482436,0.03,1,831423,830968,455
56383161,27.9551,30.6504,451,35620,0.0336487,0.03,1,831450,830999,451
56386081,42.391,30.1301,467,35679,0.0147297,0.01,1,831496,831029,467
56389001,10.0782,42.026,424,35738,0.0429459,0.03,1,831498,831074,424
56391921,96.4156,103.605,423,35797,0.00858919,0.03,1,831616,831193,423
56394841,43.2831,45.521,422,35856,0.00971784,0.05,1,831646,831224,422
56397761,36.6566,35.5042,424,35915,0.0419436,0.09,1,831681,831257,424
56400681,27.3313,26.3008,425,35974,0.0643887,0.07,1,831706,831281,425
56403601,27.8663,27.6602,425,36033,0.100878,0.07,1,831734,831309,425
56406521,28.7733,27.932,426,36092,0.108176,0.09,1,831763,831337,426
56409441,26.5547,26.3864,426,36151,0.173635,0.13,1,831789,831363,426
56412361,28.5109,26.8773,428,36209,0.154727,0.03,1,831818,831390,428
56415281,28.9022,31.7755,424,36267,0.134945,0.03,1,831847,831423,424
56418201,26.5804,27.9551,423,36325,0.146989,0.01,1,831873,831450,423
56421121,42.1161,42.391,423,36383,0.101398,0.05,1,831919,831496,423
56424041,10.0232,10.0782,423,36441,0.0922796,0,1,831921,831498,423
56426961,95.6046,96.4156,422,36499,0.0424559,0.01,1,832038,831616,422
56429881,43.1209,43.2831,422,36557,0.0644912,0.05,1,832068,831646,422
56432801,36.6242,36.6566,422,36615,0.0528982,0.07,1,832103,831681,422
56435721,29.7248,27.3313,425,36673,0.0825796,0.11,1,832131,831706,425
56438641,29.145,27.8663,426,36731,0.0885159,0.11,1,832160,831734,426
56441561,30.629,28.7733,428,36789,0.0897032,0.19,1,832191,831763,428
56444481,27.7258,26.5547,429,36846,0.137941,0.15,1,832218,831789,429
56447401,28.7452,28.5109,429,36903,0.147588,0.13,1,832247,831818,429
56450321,26.549,28.9022,426,36960,0.181518,0.15,1,832273,831847,426
56453241,27.7098,26.5804,428,37017,0.172304,0.09,1,832301,831873,428
56456161,39.142,42.1161,424,37074,0.170461,0.09,1,832343,831919,424
56459081,9.42839,10.0232,424,37131,0.138092,0.03,1,832345,831921,424
56462001,93.8857,95.6046,422,37188,0.131618,0.03,1,832460,832038,422
56464921,41.9771,19.1209,451,37245,0.0823237,0.07,1,832489,832038,451
56467841,36.3954,27.8242,456,37302,0.0564647,0.05,1,832524,832068,456
56470761,31.2791,33.5648,451,37359,0.0512929,0.09,1,832554,832103,451
56473681,29.4558,29.113,452,37416,0.0822586,0.09,1,832583,832131,452
56476601,31.4912,29.0226,455,37472,0.104452,0.09,1,832615,832160,455
56479521,29.4982,30.6045,453,37528,0.14089,0.15,1,832644,832191,453
56482441,30.6996,27.7209,457,37584,0.148178,0.15,1,832675,832218,457
56485361,26.9399,28.7442,454,37640,0.149636,0.19,1,832701,832247,454
56488281,26.988,26.5488,455,37696,0.165927,0.17,1,832728,832273,455
56491201,38.9976,27.7098,469,37752,0.185185,0.17,1,832770,832301,469
56494121,9.39952,39.142,429,37808,0.189037,0.13,1,832772,832343,429
56497041,92.2799,9.42839,540,37864,0.253807,0.13,1,832885,832345,540
56499961,40.856,93.8857,453,37920,0.282761,0.07,1,832913,832460,453
56502881,35.3712,41.9771,458,37976,0.320552,0.05,1,832947,832489,458
56505801,31.0742,36.3954,453,38032,0.32811,0.05,1,832977,832524,453
56508721,31.8148,31.2791,455,38088,0.313622,0.09,1,833009,832554,455
56511641,31.963,29.4558,458,38143,0.326724,0.11,1,833041,832583,458
56514561,31.1926,31.4912,457,38198,0.361345,0.15,1,833072,832615,457
56517481,31.0385,29.4982,459,38253,0.352269,0.15,1,833103,832644,459
56520401,27.0077,30.6996,454,38308,0.350454,0.15,1,833129,832675,454
56523321,28.6015,26.9399,457,38363,0.382091,0.17,1,833158,832701,457
56526241,40.1203,26.988,473,38418,0.404418,0.19,1,833201,832728,473
56529161,9.62406,38.9976,433,38473,0.440884,0.19,1,833203,832770,433
56532081,95.5248,9.39952,548,38528,0.448177,0.27,1,833320,832772,548
56535001,41.505,92.2799,463,38583,0.481635,0.29,1,833348,832885,463
56537921,9.90099,40.856,437,38638,0.488327,0.33,1,833350,832913,437
56540841,29.9802,35.3712,438,38693,0.505665,0.33,1,833385,832947,438
56543761,29.996,31.0742,438,38748,0.477133,0.31,1,833415,832977,438
56546681,30.7992,31.8148,437,38803,0.487427,0.33,1,833446,833009,437
56549601,32.5598,31.963,438,38857,0.473485,0.37,1,833479,833041,438
56552521,32.912,31.1926,440,38911,0.470697,0.35,1,833512,833072,440
56555441,30.5824,31.0385,439,38965,0.438139,0.35,1,833542,833103,439
56558361,26.9165,27.0077,439,39019,0.463628,0.39,1,833568,833129,439
56561281,31.7833,28.6015,443,39073,0.516726,0.41,1,833601,833158,443
56564201,39.9567,40.1203,442,39127,0.559345,0.45,1,833643,833201,442
56567121,9.59133,9.62406,442,39181,0.567869,0.45,1,833645,833203,442
56570041,98.7183,95.5248,446,39235,0.633574,0.49,1,833766,833320,446
56572961,42.1437,41.505,446,39289,0.678715,0.49,1,833794,833348,446
56575881,10.0287,9.90099,446,39343,0.687743,0.51,1,833796,833350,446
56578801,29.2057,29.9802,445,39397,0.705549,0.47,1,833830,833385,445
56581721,29.8411,29.996,445,39451,0.72511,0.49,1,833860,833415,445
56584641,29.9682,30.7992,444,39505,0.729022,0.47,1,833890,833446,444
56587561,31.5936,32.5598,443,39558,0.697804,0.47,1,833922,833479,443
56590481,32.7187,32.912,443,39611,0.755561,0.43,2,833955,833512,443
56593401,30.5437,30.5824,443,39664,0.751112,0.47,2,833985,833542,443
56596321,27.7087,26.9165,444,39717,0.766222,0.53,2,834012,833568,444
56599241,34.3418,31.7833,447,39770,0.785245,0.57,2,834048,833601,447
56602161,41.2684,39.9567,448,39823,0.837049,0.57,2,834091,833643,448
56605081,9.85367,9.59133,448,39876,0.81541,0.65,2,834093,833645,448
56608001,101.971,98.7183,452,39929,0.859082,0.69,2,834218,833766,452
56610921,45.1941,42.1437,455,39982,0.851816,0.69,2,834249,833794,455
56613841,10.6388,10.0287,455,40035,0.850363,0.71,2,834251,833796,455
56616761,29.3278,29.2057,455,40088,0.834073,0.71,2,834285,833830,455
56619681,29.8656,5.84115,485,40141,0.830815,0.73,2,834315,833830,485
56622601,29.9731,25.1682,485,40194,0.830163,0.73,2,834345,833860,485
56625521,31.5946,29.0336,487,40247,0.830033,0.69,2,834377,833890,487
56628441,34.3189,31.4067,490,40299,0.846006,0.77,2,834412,833922,490
56631361,31.6638,32.6813,488,40351,0.881201,0.75,2,834443,833955,488
56634281,27.1328,30.5363,484,40403,0.88824,0.77,2,834469,833985,484
56637201,35.0266,27.7073,494,40455,0.921648,0.79,2,834506,834012,494
56640121,44.6053,34.3415,505,40507,0.91233,0.85,2,834553,834048,505
56643041,10.5211,41.2683,464,40559,0.910466,0.81,2,834555,834091,464
56794881,111,138,440,18980,0.15,0.33,1,836870,836430,440
56825541,55,62.8,437,19710,0.166,0.31,1,836911,836474,437
56828461,122.2,36.56,546,19818,0.2012,0.05,1,837050,836504,546
56831381,72.44,126.512,457,19925,0.19224,0.03,1,837110,836653,457
56834301,30.488,68.5024,423,20031,0.222448,0.01,1,837130,836707,423
56837221,34.8976,31.3005,437,20137,0.16449,0.11,1,837166,836729,437
56840141,65.3795,30.2601,480,20242,0.200898,0.13,1,837239,836759,480
56843061,60.2759,51.652,482,20347,0.22418,0.17,1,837298,836816,482
56845981,158.455,86.3304,570,20451,0.212836,0.21,1,837481,836911,570
56848901,80.491,128.466,492,20555,0.290567,0.19,1,837542,837050,492
56851821,30.4982,73.6932,450,20658,0.322113,0.23,1,837560,837110,450
56854741,33.2996,30.7386,464,20761,0.328423,0.15,1,837594,837130,464
56857661,67.4599,34.9477,504,20863,0.409685,0.21,1,837670,837166,504
56860581,61.492,65.3895,491,20965,0.457937,0.23,1,837730,837239,491
56863501,13.8984,60.2779,434,21066,0.467587,0.21,1,837732,837298,434
56866421,147.58,158.456,432,21167,0.485517,0.31,1,837913,837481,432
56869341,82.3159,80.4911,437,21267,0.569103,0.33,1,837979,837542,437
56872261,31.6632,30.4982,438,21367,0.585821,0.33,1,837998,837560,438
56875181,34.3326,33.2996,439,21466,0.605164,0.43,1,838033,837594,439
56878101,70.8665,67.4599,443,21565,0.609033,0.47,1,838113,837670,443
56881021,63.7733,61.492,445,21663,0.577807,0.47,1,838175,837730,445
56883941,14.3547,13.8984,445,21761,0.539561,0.49,1,838177,837732,445
56886861,149.271,147.58,447,21858,0.579912,0.59,1,838360,837913,447
56889781,85.0542,82.3159,450,21955,0.603982,0.59,1,838429,837979,450
56892701,33.0108,31.6632,451,22052,0.656797,0.61,1,838449,837998,451
56895621,35.4022,34.3326,452,22148,0.715359,0.61,1,838485,838033,452
56898541,69.4804,70.8665,450,22244,0.711072,0.57,1,838563,838113,450
56901461,61.8961,63.7733,448,22339,0.758214,0.53,2,838623,838175,448
56904381,13.9792,14.3547,448,22434,0.767643,0.59,2,838625,838177,448
56907301,149.996,149.271,449,22529,0.881529,0.59,2,838809,838360,449
56910221,87.5992,29.8542,521,22623,0.936306,0.61,2,838881,838360,521
56913141,33.5198,61.1708,472,22717,0.915261,0.67,2,838901,838429,472
56916061,37.904,28.2342,491,22810,0.911052,0.73,2,838940,838449,491
56994901,155,173,477,25198,0.61,1,1,840706,840229,477
56997821,85.4,86.6,480,25282,0.45,1,1,840774,840294,480
57000741,40.28,36.52,485,25366,0.418,1,1,840803,840318,485
57003661,36.856,32.904,489,25450,0.3316,1,1,840839,840350,489
57006581,22.5712,6.5808,508,25533,0.26632,1,1,840858,840350,508
57009501,62.1142,27.7162,547,25616,0.125264,1,1,840930,840383,547
57012421,60.4228,63.9432,534,25699,0.113053,0.95,1,840990,840456,534
57015341,36.0846,63.9886,500,25781,0.0946106,0.97,1,841020,840520,500
57018261,115.217,37.5977,604,25863,0.0909221,0.61,1,841155,840551,604
57021181,70.2434,131.52,508,25945,0.0901844,0.41,1,841214,840706,508
57024101,37.2487,80.7039,469,26027,0.0580369,0.41,1,841243,840774,469
57027021,33.0497,39.3408,472,26108,0.0836074,0.31,1,841275,840803,472
57029941,18.6099,36.6682,451,26189,0.104721,0.25,1,841290,840839,451
57032861,58.122,22.5336,500,26270,0.0929443,0.09,1,841358,840858,500
57035781,58.0244,62.1067,486,26351,0.138589,0.11,1,841416,840930,486
57038701,32.4049,60.4213,452,26431,0.147718,0.09,1,841442,840990,452
57041621,116.881,36.0843,560,26511,0.245544,0.09,1,841580,841020,560
57044541,68.9762,115.217,482,26591,0.313109,0.09,1,841637,841155,482
57047461,38.5952,70.2434,454,26671,0.310622,0.05,1,841668,841214,454
57050381,33.319,37.2487,457,26750,0.310124,0.09,1,841700,841243,457
57053301,18.6638,33.0497,440,26829,0.326025,0.11,1,841715,841275,440
57056221,58.1328,18.6099,493,26908,0.329205,0.09,1,841783,841290,493
57059141,13.2266,58.122,427,26987,0.329841,0.15,1,841785,841358,427
57062061,52.2453,58.0244,431,27065,0.361968,0.15,1,841847,841416,431
57064981,30.4491,32.4049,430,27143,0.384394,0.27,1,841872,841442,430
57067901,121.29,116.881,436,27221,0.420879,0.33,1,842016,841580,436
57070821,71.458,68.9762,438,27299,0.428176,0.31,1,842075,841637,438
57073741,38.2916,38.5952,437,27377,0.429635,0.31,1,842105,841668,437
57076661,33.2583,33.319,437,27454,0.429927,0.33,1,842137,841700,437
57079581,17.8517,18.6638,436,27531,0.429985,0.33,1,842151,841715,436
57082501,59.5703,58.1328,438,27608,0.461997,0.33,1,842221,841783,438
57085421,13.5141,13.2266,438,27685,0.436399,0.37,1,842223,841785,438
57088341,52.3028,52.2453,438,27761,0.44728,0.39,1,842285,841847,438
57091261,32.0606,30.4491,440,27837,0.481456,0.43,1,842312,841872,440
57094181,122.412,121.29,441,27913,0.584291,0.43,1,842457,842016,441
57097101,71.6824,71.458,441,27989,0.604858,0.43,1,842516,842075,441
57100021,38.3365,38.2916,441,28065,0.624972,0.43,1,842546,842105,441
57102941,33.2673,33.2583,441,28140,0.660994,0.43,1,842578,842137,441
57105861,17.8535,17.8517,441,28215,0.636199,0.47,1,842592,842151,441
57108781,61.1707,59.5703,443,28290,0.66324,0.43,1,842664,842221,443
57111701,13.8341,13.5141,443,28365,0.668648,0.43,1,842666,842223,443
57114621,53.1668,2.70281,506,28440,0.66973,0.45,1,842729,842223,506
57117541,31.4334,50.1406,470,28514,0.685946,0.49,1,842755,842285,470
57120461,127.087,31.6281,594,28588,0.785189,0.61,2,842906,842312,594
57123381,72.6173,122.326,508,28662,0.821038,0.61,2,842965,842457,508
57126301,40.1235,71.6651,481,28736,0.828208,0.63,2,842997,842516,481
57129221,34.4247,38.333,484,28810,0.845641,0.67,2,843030,842546,484
57132141,18.0849,33.2666,466,28883,0.849128,0.63,2,843044,842578,466
57135061,63.617,17.8533,527,28956,0.833826,0.67,2,843119,842592,527
57137981,14.3234,61.1707,457,29029,0.830765,0.67,2,843121,842664,457
57140901,52.4647,13.8341,517,29102,0.862153,0.67,2,843183,842666,517
57143821,32.0929,53.1668,481,29175,0.852431,0.69,2,843210,842729,481
57146741,132.019,31.4334,612,29248,0.930486,0.81,2,843367,842755,612
57269381,48,79,507,32145,0.63,1,1,845367,844860,507
57272301,43.2,39.8,519,32211,0.518,1,1,845409,844890,519
57275221,36.64,45.56,507,32277,0.4316,1,1,845444,844937,507
57278141,61.728,32.312,546,32343,0.25432,1,1,845512,844966,546
57281061,35.5456,55.2624,514,32408,0.202864,1,1,845541,845027,514
57283981,31.9091,34.2525,516,32473,0.112573,1,1,845572,845056,516
57286901,23.9818,28.4505,511,32538,0.0465146,1,1,845594,845083,511
57289821,27.9964,31.2901,508,32603,0.0333029,1,1,845623,845115,508
57292741,87.9993,30.258,581,32668,0.0466606,0.74,1,845726,845145,581
57295661,59.1999,97.2516,519,32733,0.0493321,0.75,1,845778,845259,519
57298581,13.44,67.4503,461,32798,0.0178664,0.63,1,845780,845319,461
57301501,33.088,51.8901,451,32862,0.0435733,0.49,1,845818,845367,451
57304421,38.6176,43.978,449,32926,0.0327147,0.41,1,845858,845409,449
57307341,30.1235,36.7956,442,32990,0.0625429,0.21,1,845886,845444,442
57310261,53.2247,61.7591,433,33054,0.0205086,0.19,1,845945,845512,433
57313181,31.4449,35.5518,430,33118,0.0921017,0.09,1,845971,845541,430
57316101,26.289,31.9104,424,33182,0.0904203,0.03,1,845996,845572,424
57319021,21.2578,23.9821,422,33246,0.0580841,0.03,1,846016,845594,422
57321941,27.4516,27.9964,422,33310,0.0356168,0.05,1,846045,845623,422
57324861,88.6903,87.9993,423,33373,0.0631234,0.05,1,846149,845726,423
57327781,59.3381,59.1999,423,33436,0.0526247,0.01,1,846201,845778,423
57330701,13.4676,13.44,423,33499,0.0505249,0.05,1,846203,845780,423
57333621,33.0935,33.088,423,33562,0.050105,0.03,1,846241,845818,423
57336541,37.8187,38.6176,422,33625,0.034021,0.07,1,846280,845858,422
57339461,31.5637,30.1235,424,33688,0.0468042,0.01,1,846310,845886,424
57342381,52.7127,53.2247,423,33751,0.0493608,0.11,1,846368,845945,423
57345301,32.9425,31.4449,425,33814,0.0658722,0.09,1,846396,845971,425
57348221,25.7885,26.289,424,33877,0.0531744,0.05,1,846420,845996,424
57351141,21.1577,21.2578,424,33939,0.114635,0.03,1,846440,846016,424
57354061,25.8315,27.4516,422,34001,0.046927,0.07,1,846467,846045,422
57356981,89.1663,88.6903,423,34063,0.0333854,0.05,1,846572,846149,423
57359901,59.4333,59.3381,423,34125,0.0466771,0.05,1,846624,846201,423
57362821,13.4867,13.4676,423,34187,0.0493354,0.05,1,846626,846203,423
57365741,32.2973,33.0935,422,34249,0.0658671,0.05,1,846663,846241,422
57368661,36.8595,6.6187,460,34311,0.0531734,0.03,1,846701,846241,460
57371581,34.5719,32.5237,455,34373,0.0346347,0.05,1,846735,846280,455
57374501,50.9144,30.5047,480,34435,0.0629269,0.05,1,846790,846310,480
57377421,32.5829,52.501,450,34496,0.0685854,0.07,1,846818,846368,450
57380341,28.1166,32.9002,449,34557,0.0697171,0.05,1,846845,846396,449
57383261,21.6233,25.78,445,34618,0.117943,0.13,1,846865,846420,445
57386181,22.7247,21.156,448,34679,0.143589,0.03,1,846888,846440,448
57389101,90.1449,25.8312,528,34740,0.0687177,0.03,1,846995,846467,528
57392021,59.629,89.1662,475,34801,0.0377435,0.05,1,847047,846572,475
57394941,13.5258,59.4332,425,34862,0.0315487,0.05,1,847049,846624,425
57397861,33.1052,13.4866,461,34923,0.0463097,0.07,1,847087,846626,461
57400781,36.221,32.2973,461,34984,0.097262,0.05,1,847124,846663,461
57403701,33.6442,36.8595,456,35044,0.123452,0.03,1,847157,846701,456
57406621,52.3288,34.5719,479,35104,0.16069,0.07,1,847214,846735,479
57409541,32.8658,50.9144,452,35164,0.184138,0.07,1,847242,846790,452
57412461,30.5732,32.5829,454,35224,0.204828,0.07,1,847272,846818,454
57415381,22.1146,28.1166,447,35284,0.256966,0.13,1,847292,846845,447
57418301,22.0229,21.6233,449,35344,0.315393,0.15,1,847314,846865,449
57421221,86.0046,22.7247,528,35404,0.279079,0.05,1,847416,846888,528
57424141,59.6009,90.1449,474,35464,0.271816,0.03,1,847469,846995,474
57427061,13.5202,59.629,424,35524,0.270363,0.03,1,847471,847047,424
57429981,34.704,13.5258,462,35584,0.270073,0.05,1,847511,847049,462
57432901,38.1408,33.1052,463,35643,0.302015,0.11,1,847550,847087,463
57435821,9.22816,36.221,428,35702,0.308403,0.13,1,847552,847124,428
57438741,28.2456,33.6442,428,35761,0.309681,0.17,1,847585,847157,428
57441661,52.8491,52.3288,430,35820,0.357936,0.19,1,847644,847214,430
57444581,33.7698,32.8658,431,35879,0.383587,0.21,1,847673,847242,431
57447501,33.154,30.5732,434,35938,0.340717,0.27,1,847706,847272,434
57450421,24.2308,22.1146,436,35997,0.364143,0.33,1,847728,847292,436
57453341,24.0462,22.0229,438,36056,0.352829,0.27,1,847752,847314,438
57456261,84.0092,86.0046,435,36115,0.350566,0.27,1,847851,847416,435
57459181,59.2018,59.6009,435,36174,0.398113,0.27,1,847904,847469,435
57462101,13.4404,13.5202,435,36232,0.407623,0.27,1,847906,847471,435
57465021,34.6881,34.704,435,36290,0.377525,0.31,1,847946,847511,435
57467941,39.7376,38.1408,437,36348,0.403505,0.31,1,847987,847550,437
57470861,9.54752,9.22816,437,36406,0.440701,0.31,1,847989,847552,437
57473781,28.3095,28.2456,437,36464,0.46414,0.37,1,848022,847585,437
57476701,55.2619,52.8491,440,36522,0.484828,0.39,1,848084,847644,440
57479621,33.4524,33.7698,439,36580,0.504966,0.33,1,848112,847673,439
57482541,32.2905,33.154,438,36638,0.524993,0.37,1,848144,847706,438
57485461,24.8581,24.2308,439,36696,0.528999,0.35,1,848167,847728,439
57488381,24.9716,24.0462,440,36754,0.5298,0.35,1,848192,847752,440
57491301,83.3943,84.0092,439,36811,0.56196,0.41,1,848290,847851,439
57494221,59.8789,59.2018,440,36868,0.616392,0.41,1,848344,847904,440
57497141,13.5758,13.4404,440,36925,0.627278,0.37,1,848346,847906,440
57500061,34.7152,34.6881,440,36982,0.645456,0.41,1,848386,847946,440
57502981,41.343,39.7376,442,37039,0.617091,0.45,1,848429,847987,442
57505901,9.86861,9.54752,442,37096,0.643418,0.47,1,848431,847989,442
57508821,29.1737,28.3095,443,37153,0.664684,0.47,1,848465,848022,443
57511741,55.4347,5.6619,505,37210,0.652937,0.49,1,848527,848022,505
57514661,35.0869,50.7324,473,37267,0.650587,0.51,1,848557,848084,473
57517581,32.6174,32.5465,477,37324,0.650118,0.53,1,848589,848112,477
57520501,24.9235,32.1093,468,37381,0.682023,0.53,1,848612,848144,468
57523421,24.9847,24.8219,470,37438,0.672405,0.53,1,848637,848167,470
57526341,86.5969,24.9644,547,37494,0.718481,0.57,1,848739,848192,547
57529261,61.3194,83.3929,504,37550,0.727696,0.63,1,848794,848290,504
57532181,13.8639,59.8786,452,37606,0.729539,0.63,1,848796,848344,452
57535101,35.5728,13.5757,491,37662,0.745908,0.65,1,848837,848346,491
57538021,41.5146,34.7151,494,37718,0.733182,0.61,1,848880,848386,494
57540941,9.90291,41.343,453,37774,0.730636,0.65,1,848882,848429,453
57543861,29.9806,9.86861,486,37830,0.714127,0.67,1,848917,848431,486
57546781,56.3961,29.1737,515,37886,0.758825,0.65,2,848980,848465,515
57549701,35.2792,55.4347,483,37942,0.767765,0.65,2,849010,848527,483
57552621,32.6558,35.0869,485,37998,0.785553,0.65,2,849042,848557,485
57555541,26.5312,32.6174,478,38054,0.805111,0.69,2,849067,848589,478
57558461,24.5062,24.9235,479,38110,0.825022,0.67,2,849091,848612,479
57745341,26,21,511,41506,0.73,1,1,851480,850969,511
57748261,36.4,22.6,527,41557,0.698,1,1,851519,850992,527
57751181,32.88,29.32,528,41608,0.6276,1,1,851551,851023,528
57754101,45.776,69.064,498,41659,0.51752,1,1,851600,851102,498
57757021,38.7552,40.2128,502,41710,0.463504,1,1,851637,851135,502
57759941,29.351,37.6426,492,41761,0.372701,1,1,851664,851172,492
57762861,41.8702,37.1285,500,41812,0.21054,1,1,851709,851209,500
57765781,39.574,37.8257,501,41862,0.194108,1,1,851748,851247,501
57768701,28.7148,38.7651,488,41912,0.174822,0.95,1,851774,851286,488
57771621,29.743,35.753,483,41962,0.202964,1,1,851804,851321,483
57774541,33.9486,36.7506,481,42012,0.192593,1,1,851839,851358,481
57777461,29.9897,38.5501,471,42062,0.158519,0.84,1,851868,851397,471
57780381,27.5979,34.11,465,42112,0.199704,0.86,1,851895,851430,465
57783301,22.3196,26.022,462,42162,0.207941,0.73,1,851916,851454,462
57786221,23.6639,26.0044,460,42212,0.193588,0.69,1,851940,851480,460
57789141,31.9328,36.4009,455,42262,0.174718,0.61,1,851974,851519,455
57792061,30.3866,32.8802,453,42312,0.234944,0.49,1,852004,851551,453
57794981,35.6773,45.776,441,42362,0.214989,0.45,1,852041,851600,441
57797901,36.7355,38.7552,441,42412,0.274998,0.35,1,852078,851637,441
57800821,24.9471,29.351,436,42462,0.239,0.17,1,852100,851664,436
57803741,35.3894,41.8702,429,42512,0.2798,0.19,1,852138,851709,429
57806661,39.8779,39.574,431,42562,0.27196,0.17,1,852179,851748,431
57809581,28.7756,28.7148,431,42612,0.302392,0.21,1,852205,851774,431
57812501,28.9551,29.743,430,42662,0.356478,0.19,1,852234,851804,430
57815421,32.991,33.9486,429,42711,0.335296,0.15,1,852268,851839,429
57818341,31.3982,29.9897,431,42760,0.347059,0.21,1,852299,851868,431
57821261,27.0796,27.5979,430,42809,0.365412,0.21,1,852325,851895,430
57824181,22.2159,22.3196,430,42858,0.353082,0.19,1,852346,851916,430
57827101,24.4432,23.6639,431,42907,0.334616,0.17,1,852371,851940,431
57830021,29.6886,31.9328,428,42956,0.362923,0.25,1,852402,851974,428
57832941,33.1377,30.3866,432,43005,0.368585,0.25,1,852436,852004,432
57835861,37.0275,6.07731,470,43054,0.385717,0.21,1,852474,852004,470
57838781,35.4055,30.8155,468,43103,0.437143,0.29,1,852509,852041,468
57841701,25.4811,35.7631,454,43152,0.431429,0.23,1,852532,852078,454
57844621,38.6962,24.7526,474,43201,0.446286,0.29,1,852574,852100,474
57847541,40.5392,35.3505,477,43250,0.497257,0.27,1,852615,852138,477
57850461,29.7078,39.8701,463,43299,0.539451,0.31,1,852642,852179,463
57853381,29.1416,28.774,466,43348,0.54789,0.37,1,852671,852205,466
57856301,33.0283,28.9548,471,43397,0.549578,0.33,1,852705,852234,471
57859221,31.4057,32.991,468,43446,0.533916,0.35,1,852736,852268,468
57862141,27.0811,31.3982,463,43495,0.530783,0.37,1,852762,852299,463
57865061,23.0162,27.0796,459,43544,0.546157,0.35,1,852784,852325,459
57867981,23.8032,22.2159,462,43592,0.549231,0.33,1,852808,852346,462
57870901,31.1606,24.4432,470,43640,0.565846,0.37,1,852841,852371,470
57873821,33.4321,29.6886,473,43688,0.569169,0.37,1,852875,852402,473
57876741,38.6864,33.1377,479,43736,0.537834,0.39,1,852915,852436,479
57879661,37.3373,37.0275,478,43784,0.563567,0.45,1,852952,852474,478
57882581,25.0675,35.4055,465,43832,0.600713,0.43,1,852974,852509,465
57885501,39.4135,25.4811,485,43880,0.624143,0.45,1,853017,852532,485
57888421,43.8827,38.6962,488,43928,0.676829,0.51,1,853062,852574,488
57891341,31.1765,40.5392,475,43976,0.703366,0.55,1,853090,852615,475
57894261,29.4353,29.7078,477,44024,0.724673,0.55,1,853119,852642,477
57897181,33.0871,29.1416,482,44072,0.744935,0.55,1,853153,852671,482
57900101,30.6174,33.0283,478,44120,0.764987,0.53,2,853183,852705,478
57903021,26.9235,31.4057,473,44168,0.784997,0.53,2,853209,852736,473
57905941,23.7847,27.0811,470,44216,0.804999,0.55,2,853232,852762,470
57908861,23.9569,23.0162,472,44264,0.825,0.55,2,853256,852784,472
57911781,31.9914,23.8032,482,44312,0.829,0.57,2,853290,852808,482
57914701,33.5983,31.1606,483,44360,0.8458,0.57,2,853324,852841,483
57917621,37.1197,33.4321,487,44408,0.84916,0.53,2,853362,852875,487
57920541,39.4239,38.6864,487,44456,0.833832,0.57,2,853402,852915,487
57923461,9.48479,37.3373,452,44503,0.878766,0.61,2,853404,852952,452
57926381,19.497,25.0675,452,44550,0.887753,0.63,2,853426,852974,452
57929301,39.8994,39.4135,454,44597,0.873551,0.69,2,853471,853017,454
57932221,45.5799,43.8827,456,44644,0.87071,0.71,2,853518,853062,456
57935141,32.316,31.1765,457,44691,0.902142,0.73,2,853547,853090,457
57938061,31.2632,29.4353,459,44738,0.892428,0.75,2,853578,853119,459
57940981,33.4526,33.0871,459,44785,0.890486,0.77,2,853612,853153,459
57943901,32.2905,30.6174,461,44832,0.906097,0.79,2,853644,853183,461
57946821,27.2581,26.9235,461,44879,0.925219,0.81,2,853670,853209,461
57949741,25.4516,23.7847,463,44926,0.913044,0.83,2,853695,853232,463
57952661,24.2903,23.9569,463,44973,0.910609,0.83,2,853719,853256,463
57955581,32.0581,31.9914,463,45020,0.942122,0.85,2,853753,853290,463
57958501,34.4116,33.5983,464,45067,0.900424,0.85,2,853788,853324,464
57961421,37.2823,37.1197,464,45114,0.924085,0.83,2,853826,853362,464
58355621,59,68,505,23541,0.65,1,1,858025,857520,505
58358541,69.4,64.8,513,23631,0.41,0.94,1,858097,857584,513
58361461,71.48,65.76,519,23721,0.202,1,1,858169,857650,519
58364381,70.296,84.352,500,23810,0.0964,0.93,1,858239,857739,500
58367301,83.6592,76.8704,512,23899,0.07528,0.79,1,858326,857814,512
58370221,37.5318,70.5741,469,23988,0.039056,0.75,1,858352,857883,469
58373141,30.7064,39.7148,466,24076,0.0078112,0.75,1,858381,857915,466
58376061,38.1413,48.743,455,24164,0.0255622,0.65,1,858421,857966,455
58378981,50.0283,56.9486,449,24252,0.0131124,0.35,1,858474,858025,449
58381901,57.2057,68.9897,436,24339,0.0586225,0.15,1,858533,858097,436
58384821,62.6411,71.3979,428,24426,0.0677245,0.07,1,858597,858169,428
58387741,63.7282,70.2796,422,24513,0.165545,0.07,1,858661,858239,422
58390661,83.1456,83.6559,423,24599,0.089109,0.03,1,858749,858326,423
58393581,36.6291,37.5312,422,24685,0.0258218,0,1,858774,858352,422
58396501,31.3258,30.7062,423,24771,0.0291644,0.03,1,858804,858381,423
58399421,38.2652,38.1412,423,24857,0.0938329,0.01,1,858844,858421,423
58402341,49.253,50.0283,422,24942,0.106767,0.07,1,858896,858474,422
58405261,58.6506,57.2057,424,25027,0.0773533,0.07,1,858957,858533,424
58408181,63.7301,62.6411,425,25112,0.103471,0.19,1,859022,858597,425
58411101,65.546,63.7282,427,25196,0.124694,0.07,1,859088,858661,427
58414021,80.3092,83.1456,423,25280,0.112939,0.01,1,859172,858749,423
58416941,35.2618,36.6291,422,25364,0.126588,0.03,1,859196,858774,422
58419861,31.0524,31.3258,422,25448,0.0333176,0.03,1,859226,858804,422
58422781,42.2105,6.26516,467,25531,0.0466635,0.11,1,859271,858804,467
58425701,47.6421,33.253,476,25614,0.0813327,0.11,1,859320,858844,476
58428621,58.3284,48.2506,485,25697,0.120267,0.07,1,859381,858896,485
58431541,65.2657,58.4501,491,25779,0.112053,0.11,1,859448,858957,491
58434461,66.6531,63.69,493,25861,0.0944107,0.13,1,859515,859022,493
58437381,78.1306,65.538,508,25943,0.138882,0.11,1,859596,859088,508
58440301,32.4261,80.3076,445,26025,0.131776,0.13,1,859617,859172,445
58443221,30.4852,35.2615,451,26106,0.0663553,0.01,1,859647,859196,451
58446141,45.297,31.0523,470,26187,0.0372711,0.05,1,859696,859226,470
58449061,48.2594,42.2105,474,26268,0.0634542,0.09,1,859745,859271,474
58451981,60.0519,47.6421,488,26349,0.132691,0.13,1,859808,859320,488
58454901,64.8104,58.3284,493,26429,0.162538,0.11,1,859874,859381,493
58457821,65.7621,65.2657,492,26509,0.200508,0.09,1,859940,859448,492
58460741,80.3524,66.6531,509,26589,0.336102,0.15,1,860024,859515,509
58463661,32.0705,78.1306,448,26669,0.36322,0.13,1,860044,859596,448
58466581,25.6141,32.4261,451,26748,0.368644,0.05,1,860068,859617,451
58469501,45.1228,30.4852,471,26827,0.353729,0.03,1,860118,859647,471
58472421,49.8246,45.297,473,26906,0.350746,0.07,1,860169,859696,473
58475341,11.5649,48.2594,426,26985,0.350149,0.15,1,860171,859745,426
58478261,55.113,60.0519,429,27063,0.38203,0.17,1,860237,859808,429
58481181,64.6226,64.8104,430,27141,0.388406,0.21,1,860304,859874,430
58484101,68.1245,65.7621,433,27219,0.373681,0.37,1,860373,859940,433
58487021,86.4249,80.3524,440,27297,0.450736,0.37,1,860464,860024,440
58489941,33.285,32.0705,440,27375,0.466147,0.37,1,860484,860044,440
58492861,25.857,25.6141,440,27452,0.485229,0.35,1,860508,860068,440
58495781,44.3714,45.1228,439,27529,0.521046,0.35,1,860557,860118,439
58498701,49.6743,49.8246,439,27606,0.480209,0.35,1,860608,860169,439
58501621,11.5349,11.5649,439,27683,0.472042,0.39,1,860610,860171,439
58504541,55.107,55.113,439,27760,0.486408,0.39,1,860676,860237,439
58507461,65.4214,64.6226,440,27836,0.505282,0.37,1,860744,860304,440
58510381,68.2843,68.1245,440,27912,0.573056,0.47,1,860813,860373,440
58513301,88.8569,86.4249,443,27988,0.714611,0.47,1,860907,860464,443
58516221,33.7714,33.285,443,28064,0.710922,0.49,1,860927,860484,443
58519141,26.7543,25.857,444,28139,0.742184,0.53,1,860952,860508,444
58522061,46.1509,44.3714,446,28214,0.700437,0.47,1,861003,860557,446
58524981,49.2302,49.6743,445,28289,0.708087,0.47,1,861053,860608,445
58527901,11.446,11.5349,445,28364,0.709617,0.47,1,861055,860610,445
58530821,55.0892,2.30697,511,28439,0.725923,0.49,1,861121,860610,511
58533741,64.6178,53.2614,512,28513,0.713185,0.51,1,861188,860676,512
58536661,72.9236,65.0523,519,28587,0.790637,0.59,2,861263,860744,519
58539581,94.5847,68.2105,550,28661,0.758127,0.75,2,861363,860813,550
58542501,34.9169,88.8421,476,28735,0.751625,0.71,2,861383,860907,476
58545421,26.9834,33.7684,481,28809,0.766325,0.75,2,861408,860927,481
58548341,45.3967,26.7537,506,28882,0.769265,0.69,2,861458,860952,506
58551261,49.8793,46.1507,506,28955,0.769853,0.71,2,861509,861003,506
58554181,11.5759,49.2301,458,29028,0.769971,0.71,2,861511,861053,458
58557101,55.9152,11.446,523,29101,0.801994,0.73,2,861578,861055,523
58560021,63.983,55.0892,523,29174,0.808399,0.71,2,861644,861121,523
58562941,76.7966,64.6178,536,29247,0.85768,0.81,2,861724,861188,536
58565861,92.9593,72.9236,558,29319,0.931536,0.75,2,861821,861263,558
58814061,51,53,516,34923,0.55,1,1,865744,865228,516
58816981,33.4,37,512,34984,0.454,1,1,865773,865261,512
58819901,36.28,30.6,520,35044,0.4028,1,1,865810,865290,520
58822821,34.456,28.52,526,35104,0.34456,1,1,865844,865318,526
58825741,30.8912,32.904,522,35164,0.268912,1,1,865874,865352,522
58828661,22.9782,35.3808,507,35224,0.269782,1,1,865895,865388,507
58831581,22.1956,19.8762,513,35284,0.253956,1,1,865917,865404,513
58834501,30.8391,30.3752,513,35344,0.154791,1,1,865950,865437,513
58837421,59.7678,36.475,542,35404,0.0549583,1,1,866017,865475,542
58840341,88.7536,60.895,571,35464,0.0349917,0.88,1,866113,865542,571
58843261,45.7507,99.379,497,35524,0.0629983,0.73,1,866148,865651,497
58846181,44.3501,53.4758,499,35584,0.0365997,0.55,1,866192,865693,499
58849101,24.87,51.4952,468,35643,0.0153199,0.43,1,866212,865744,468
58852021,6.57401,33.499,441,35702,0.011064,0.39,1,866214,865773,441
58854941,29.3148,36.2998,439,35761,0.0102128,0.33,1,866249,865810,439
58857861,29.863,34.46,435,35820,0.0580426,0.25,1,866279,865844,435
58860781,31.5726,30.892,437,35879,0.0516085,0.27,1,866311,865874,437
58863701,19.9145,22.9784,433,35938,0.0663217,0.25,1,866328,865895,433
58866621,21.5829,22.1957,433,35997,0.0692643,0.13,1,866350,865917,433
58869541,29.1166,30.8391,431,36056,0.0858529,0.03,1,866381,865950,431
58872461,53.8233,59.7678,424,36115,0.0571706,0.03,1,866441,866017,424
58875381,85.9647,88.7536,422,36174,0.0674341,0.07,1,866535,866113,422
58878301,47.5929,45.7507,425,36232,0.0854868,0.03,1,866573,866148,425
58881221,43.1186,44.3501,423,36290,0.0730974,0.01,1,866615,866192,423
58884141,24.6237,24.87,423,36348,0.0546195,0.01,1,866635,866212,423
58887061,6.52474,6.57401,423,36406,0.0509239,0.01,1,866637,866214,423
58889981,28.5049,29.3148,422,36464,0.0661848,0.07,1,866671,866249,422
58892901,30.501,29.863,423,36522,0.053237,0.05,1,866702,866279,423
58895821,30.9002,31.5726,422,36580,0.0826474,0.07,1,866733,866311,422
58898741,20.58,19.9145,423,36638,0.104529,0.07,1,866751,866328,423
58901661,21.716,21.5829,423,36696,0.0769059,0.09,1,866773,866350,423
58904581,29.9432,29.1166,424,36754,0.0873812,0.05,1,866805,866381,424
58907501,53.9886,53.8233,424,36811,0.201476,0.07,1,866865,866441,424
58910421,84.3977,85.9647,422,36868,0.112295,0.09,1,866957,866535,422
58913341,50.4795,47.5929,426,36925,0.078459,0.07,1,866999,866573,426
58916261,40.4959,43.1186,422,36982,0.0876918,0.05,1,867037,866615,422
58919181,24.0992,24.6237,422,37039,0.0735384,0.05,1,867057,866635,422
58922101,6.41984,6.52474,422,37096,0.0707077,0.07,1,867059,866637,422
58925021,28.484,28.5049,422,37153,0.0701415,0.07,1,867093,866671,422
58927941,32.0968,5.70099,455,37210,0.0380283,0.05,1,867126,866671,455
58930861,30.4194,25.9402,454,37267,0.0316057,0.09,1,867156,866702,454
58933781,21.2839,29.988,442,37324,0.0303211,0.11,1,867175,866733,442
58936701,21.8568,20.3976,446,37381,0.0300642,0.07,1,867197,866751,446
58939621,32.3714,21.6795,459,37438,0.0300128,0.09,1,867232,866773,459
58942541,56.8743,29.9359,490,37494,0.0460026,0.23,1,867295,866805,490
58945461,79.3749,53.9872,515,37550,0.0972005,0.09,1,867380,866865,515
58948381,49.475,84.3974,465,37606,0.0754401,0.07,1,867422,866957,465
58951301,39.495,50.4795,460,37662,0.119088,0.09,1,867459,866999,460
58954221,23.899,40.4959,442,37718,0.0958176,0.07,1,867479,867037,442
58957141,6.3798,24.0992,424,37774,0.0911635,0.07,1,867481,867057,424
58960061,28.476,6.41984,456,37830,0.106233,0.07,1,867515,867059,456
58962981,32.0952,28.484,455,37886,0.109247,0.03,1,867548,867093,455
58965901,30.419,32.0968,452,37942,0.109849,0.03,1,867578,867126,452
58968821,21.2838,30.4194,441,37998,0.10997,0.03,1,867597,867156,441
58971741,21.8568,21.2839,444,38054,0.109994,0.03,1,867619,867175,444
58974661,33.9714,21.8568,459,38110,0.125999,0.03,1,867656,867197,459
58977581,56.3943,32.3714,486,38165,0.1932,0.05,1,867718,867232,486
58980501,81.6789,56.8743,511,38220,0.28664,0.11,1,867806,867295,511
58983421,48.3358,79.3749,466,38275,0.321328,0.07,1,867846,867380,466
58986341,40.0672,49.475,462,38330,0.328266,0.13,1,867884,867422,462
58989261,24.0134,39.495,445,38385,0.329653,0.09,1,867904,867459,445
58992181,6.40269,23.899,427,38440,0.329931,0.09,1,867906,867479,427
58995101,29.2805,6.3798,460,38495,0.313986,0.11,1,867941,867481,460
58998021,32.2561,28.476,459,38550,0.294797,0.11,1,867974,867515,459
59000941,30.4512,32.0952,456,38605,0.306959,0.11,1,868004,867548,456
59003861,7.69024,30.419,428,38660,0.309392,0.11,1,868006,867578,428
59006781,15.938,21.2838,427,38715,0.341878,0.11,1,868024,867597,427
59009701,21.5876,21.8568,428,38770,0.348376,0.13,1,868047,867619,428
59012621,33.9175,33.9714,428,38824,0.349675,0.21,1,868084,867656,428
59015541,59.5835,56.3943,432,38878,0.381935,0.31,1,868150,867718,432
59018461,86.3167,81.6789,437,38932,0.436387,0.33,1,868243,867806,437
59021381,50.0633,48.3358,438,38986,0.431277,0.33,1,868284,867846,438
59024301,40.4127,40.0672,438,39040,0.398255,0.33,1,868322,867884,438
59027221,24.0825,24.0134,438,39094,0.391651,0.33,1,868342,867904,438
59030141,6.41651,6.40269,438,39148,0.42233,0.31,1,868344,867906,438
59033061,28.4833,29.2805,437,39202,0.460466,0.29,1,868378,867941,437
59035981,31.2967,32.2561,436,39256,0.436093,0.31,1,868410,867974,436
59038901,31.0593,30.4512,437,39310,0.495219,0.31,1,868441,868004,437
59041821,7.81187,7.69024,437,39364,0.507044,0.35,1,868443,868006,437
59044741,15.9624,15.938,437,39418,0.509409,0.35,1,868461,868024,437
59047661,23.9925,21.5876,440,39472,0.525882,0.35,1,868487,868047,440
59050581,33.5985,33.9175,439,39526,0.561176,0.39,1,868523,868084,439
59053501,59.5197,59.5835,439,39579,0.600235,0.45,1,868589,868150,439
59056421,88.7039,86.3167,442,39632,0.720047,0.43,1,868685,868243,442
59059341,49.7408,50.0633,441,39685,0.760009,0.39,2,868725,868284,441
59062261,40.3482,40.4127,441,39738,0.736002,0.39,1,868763,868322,441
59065181,24.0696,24.0825,441,39791,0.7632,0.43,2,868783,868342,441
59068101,6.41393,6.41651,441,39844,0.76864,0.47,2,868785,868344,441
59071021,30.0828,28.4833,443,39897,0.769728,0.43,2,868821,868378,443
59073941,31.6166,31.2967,443,39950,0.737946,0.51,1,868853,868410,443
59076861,32.7233,31.0593,445,40003,0.795589,0.51,2,868886,868441,445
59079781,8.14466,7.81187,445,40056,0.775118,0.51,2,868888,868443,445
59082701,16.0289,15.9624,445,40109,0.771024,0.51,2,868906,868461,445
59085621,25.6058,3.19247,473,40162,0.786205,0.53,2,868934,868461,473
59088541,33.9212,21.4385,483,40215,0.805241,0.57,2,868970,868487,483
59091461,62.7842,33.0877,517,40268,0.841048,0.61,2,869040,868523,517
59094381,93.3568,59.4175,552,40320,0.80021,0.75,2,869141,868589,552
59097301,51.4714,88.6835,497,40372,0.840042,0.77,2,869182,868685,497
59100221,40.6943,49.7367,495,40424,0.848008,0.73,2,869220,868725,495
59103141,24.1389,40.3473,477,40476,0.849602,0.77,2,869240,868763,477
59106061,6.42777,24.0695,459,40528,0.84992,0.77,2,869242,868783,459
59108981,30.0856,6.41389,493,40580,0.849984,0.77,2,869278,868785,493
59111901,31.6171,30.0828,489,40632,0.849997,0.73,2,869310,868821,489
59114821,34.3234,31.6166,492,40684,0.849999,0.81,2,869345,868853,492
59117741,8.46468,32.7233,461,40736,0.85,0.77,2,869347,868886,461
59120661,16.0929,8.14466,477,40788,0.85,0.77,2,869365,868888,477
59123581,27.2186,16.0289,489,40840,0.85,0.79,2,869395,868906,489
59126501,34.2437,25.6058,497,40892,0.866,0.81,2,869431,868934,497
59129421,62.8487,33.9212,531,40944,0.8852,0.85,2,869501,868970,531
59132341,92.5697,62.7842,561,40996,0.95304,0.79,2,869601,869040,561
59307541,29,17,454,19818,0.03,0.35,1,871852,871398,454
59310461,18.6,24.2,444,19925,0.03,0.11,1,871868,871424,444
59313381,123.72,116.84,454,20031,0.03,0.09,1,872018,871564,454
59316301,97.544,104.968,443,20137,0.046,0.07,1,872109,871666,443
59319221,65.1088,52.9936,460,20242,0.0492,0,1,872166,871706,460
59322141,46.6218,60.9987,439,20347,0.03384,0.01,1,872208,871769,439
59325061,61.3244,55.3997,450,20451,0.030768,0.03,1,872273,871823,450
59327981,25.0649,34.2799,437,20555,0.0141536,0.03,1,872289,871852,437
59330901,125.813,19.656,572,20658,0.0588307,0.03,1,872440,871868,572
59333821,98.7626,123.931,514,20761,0.0517661,0.05,1,872532,872018,514
59336741,63.7525,97.5862,478,20863,0.114353,0.05,1,872587,872109,478
59339661,47.1505,65.1172,464,20965,0.0788706,0.03,1,872630,872166,464
59342581,11.0301,46.6235,424,21066,0.0717741,0.03,1,872632,872208,424
59345501,54.206,61.3247,424,21167,0.0143548,0.01,1,872697,872273,424
59348421,23.6412,25.0649,424,21267,0.010871,0.07,1,872713,872289,424
59351341,125.528,125.813,424,21367,0.0741742,0.05,1,872864,872440,424
59354261,100.306,98.7626,426,21466,0.0708348,0.13,1,872958,872532,426
59357181,65.6611,63.7525,428,21565,0.134167,0.07,1,873015,872587,428
59360101,45.1322,47.1505,425,21663,0.162833,0.07,1,873055,872630,425
59363021,10.6264,11.0301,425,21761,0.168567,0,1,873057,872632,425
59365941,51.7253,54.206,422,21858,0.105713,0.01,1,873119,872697,422
59368861,23.9451,23.6412,423,21955,0.0611427,0.09,1,873136,872713,423
59371781,127.989,125.528,426,22052,0.0522285,0.07,1,873290,872864,426
59374701,98.3978,100.306,423,22148,0.0664457,0.15,1,873381,872958,423
59377621,69.2796,65.6611,428,22244,0.181289,0.17,1,873443,873015,428
59380541,45.8559,45.1322,428,22339,0.220258,0.17,1,873483,873055,428
59383461,10.7712,10.6264,428,22434,0.228052,0.09,1,873485,873057,428
59386381,48.5542,51.7253,424,22529,0.21361,0.09,1,873543,873119,424
59389301,20.9108,10.3451,438,22623,0.210722,0.05,1,873557,873119,438
59392221,128.982,15.669,577,22717,0.162144,0.05,1,873713,873136,577
59395141,99.3964,126.334,515,22810,0.152429,0.07,1,873805,873290,515
59398061,73.4793,98.0668,491,22903,0.214486,0.21,1,873872,873381,491
59400981,47.4959,69.2134,470,22996,0.242897,0.23,1,873913,873443,470
59403901,11.0992,45.8427,432,23088,0.248579,0.23,1,873915,873483,432
59406821,49.4198,10.7685,489,23180,0.281716,0.21,1,873974,873485,489
59409741,19.484,48.5537,443,23271,0.288343,0.21,1,873986,873543,443
59412661,128.697,20.9107,585,23362,0.353669,0.15,1,874142,873557,585
59415581,98.5394,128.982,520,23453,0.430734,0.15,1,874233,873713,520
59418501,76.5079,99.3964,499,23543,0.462147,0.23,1,874304,873805,499
59421421,48.9016,73.4793,474,23633,0.516429,0.25,1,874346,873872,474
59424341,11.3803,47.4959,435,23723,0.527286,0.25,1,874348,873913,435
59427261,51.0761,11.0992,494,23812,0.513457,0.29,1,874409,873915,494
59430181,19.8152,49.4198,447,23901,0.526691,0.29,1,874421,873974,447
59433101,5.56304,19.484,437,23990,0.529338,0.37,1,874423,873986,437
59436021,128.313,128.697,440,24078,0.609868,0.45,1,874582,874142,440
59438941,101.663,98.5394,444,24166,0.689974,0.47,1,874677,874233,444
59441861,77.9325,76.5079,445,24254,0.689995,0.53,1,874749,874304,445
59444781,51.5865,48.9016,448,24341,0.721999,0.53,1,874794,874346,448
59447701,11.9173,11.3803,448,24428,0.7284,0.51,1,874796,874348,448
59450621,51.1835,51.0761,448,24515,0.71368,0.53,1,874857,874409,448
59453541,19.8367,19.8152,448,24601,0.742736,0.53,1,874869,874421,448
59456461,5.56734,5.56304,448,24687,0.748547,0.63,1,874871,874423,448
59459381,131.513,128.313,452,24773,0.797709,0.71,2,875034,874582,452
59462301,104.703,101.663,455,24859,0.823542,0.69,2,875132,874677,455
59465221,79.3405,77.9325,456,24944,0.844708,0.73,2,875205,874749,456
59468141,51.8681,51.5865,456,25029,0.896942,0.73,2,875250,874794,456
59471061,11.9736,11.9173,456,25114,0.907388,0.71,2,875252,874796,456
59473981,51.9947,51.1835,457,25198,0.941478,0.75,2,875314,874857,457
59476901,19.9989,19.8367,457,25282,0.948296,0.75,2,875326,874869,457
59479821,5.59979,5.56734,457,25366,0.949659,0.81,2,875328,874871,457
59576181,25,17,488,27989,0.83,1,2,877239,876751,488
59579101,33,29.8,490,28065,0.654,1,1,877274,876784,490
59582021,114.6,111.56,493,28140,0.4428,0.93,1,877409,876916,493
59584941,82.12,97.512,473,28215,0.35256,1,1,877483,877010,473
59587861,77.224,82.7024,470,28290,0.238512,0.87,1,877559,877089,470
59590781,38.6448,38.9405,471,28365,0.167702,0.87,1,877588,877117,471
59593701,27.729,7.7881,496,28440,0.0895405,0.97,1,877613,877117,496
59596621,28.7458,24.7576,496,28514,0.0739081,0.84,1,877642,877146,496
59599541,28.1492,31.3515,491,28588,0.0547816,0.83,1,877670,877179,491
59602461,24.8298,34.2703,480,28662,0.0669563,0.83,1,877694,877214,480
59605381,32.166,26.8541,489,28736,0.0533913,0.61,1,877728,877239,489
59608301,102.433,33.3708,574,28810,0.0506783,0.39,1,877848,877274,574
59611221,77.2866,114.674,510,28883,0.114136,0.33,1,877919,877409,510
59614141,69.8573,82.1348,504,28956,0.158827,0.21,1,877987,877483,504
59617061,35.5715,77.227,455,29029,0.135765,0.15,1,878014,877559,455
59619981,25.5143,38.6454,449,29102,0.147153,0.07,1,878037,877588,449
59622901,26.7029,27.7291,451,29175,0.149431,0.07,1,878064,877613,451
59625821,30.1406,28.7458,453,29248,0.181886,0.05,1,878095,877642,453
59628741,23.6281,28.1492,447,29320,0.236377,0.07,1,878117,877670,447
59631661,31.9256,24.8298,457,29392,0.279275,0.05,1,878151,877694,457
59634581,103.185,32.166,544,29464,0.303855,0.05,1,878272,877728,544
59637501,81.437,102.433,500,29536,0.388771,0.13,1,878348,877848,500
59640421,69.0874,77.2866,495,29608,0.405754,0.17,1,878414,877919,495
59643341,37.0175,69.8573,456,29679,0.425151,0.13,1,878443,877987,456
59646261,25.0035,35.5715,451,29750,0.42903,0.15,1,878465,878014,451
59649181,28.2007,25.5143,457,29821,0.445806,0.15,1,878494,878037,457
59652101,7.24014,26.7029,432,29892,0.449161,0.19,1,878496,878064,432
59655021,27.048,30.1406,433,29963,0.449832,0.25,1,878528,878095,433
59657941,24.6096,23.6281,435,30034,0.481966,0.29,1,878552,878117,435
59660861,32.9219,31.9256,436,30104,0.568393,0.31,1,878587,878151,436
59663781,105.784,103.185,439,30174,0.617679,0.41,1,878711,878272,439
59666701,84.3569,81.437,442,30244,0.627536,0.41,1,878790,878348,442
59669621,69.6714,69.0874,442,30314,0.645507,0.43,1,878856,878414,442
59672541,37.9343,37.0175,443,30384,0.665101,0.43,1,878886,878443,443
59675461,25.1869,25.0035,443,30454,0.66902,0.45,1,878908,878465,443
59678381,29.0374,28.2007,444,30523,0.685804,0.45,1,878938,878494,444
59681301,7.40747,7.24014,444,30592,0.689161,0.45,1,878940,878496,444
59684221,27.0815,27.048,444,30661,0.705832,0.49,1,878972,878528,444
59687141,27.0163,24.6096,447,30730,0.725166,0.59,1,878999,878552,447
59690061,35.0033,32.9219,449,30799,0.713033,0.63,1,879036,878587,449
59692981,109.401,105.784,453,30868,0.822607,0.63,2,879164,878711,453
59695901,85.0801,84.3569,453,30937,0.860521,0.65,2,879243,878790,453
59698821,70.616,69.6714,454,31005,0.916104,0.67,2,879310,878856,454
59701741,38.9232,37.9343,455,31073,0.911221,0.67,2,879341,878886,455
59704661,25.3846,25.1869,455,31141,0.894244,0.69,2,879363,878908,455
59707581,29.8769,29.0374,456,31209,0.874849,0.69,2,879394,878938,456
59710501,7.57539,7.40747,456,31277,0.90297,0.69,2,879396,878940,456
59713421,27.1151,1.48149,488,31345,0.876594,0.71,2,879428,878940,488
59716341,26.223,25.8963,482,31413,0.871319,0.73,2,879454,878972,482
59719261,34.8446,26.7793,492,31480,0.854264,0.71,2,879491,878999,492
59722181,114.169,34.9559,589,31547,0.802853,0.85,2,879625,879036,589
59725101,89.2338,109.391,544,31614,0.824571,0.87,2,879708,879164,544
59728021,71.4468,85.0782,532,31681,0.844914,0.93,2,879775,879243,532
59730941,39.0894,70.6156,496,31748,0.880983,0.91,2,879806,879310,496
59733861,25.4179,38.9231,487,31815,0.888197,0.89,2,879828,879341,487
59736781,29.0836,25.3846,495,31881,0.889639,0.87,2,879858,879363,495
59739701,7.41671,29.8769,466,31947,0.889928,0.91,2,879860,879394,466
59742621,27.0833,7.57538,496,32013,0.889986,0.87,2,879892,879396,496
59745541,26.2167,27.1151,490,32079,0.905997,0.87,2,879918,879428,490
59856501,71,43,534,34496,0.79,1,2,881724,881190,534
59859421,43.8,56.6,511,34557,0.774,1,2,881761,881250,511
59871101,5,14,499,34801,0.73,1,1,881847,881348,499
59874021,25.8,18,511,34862,0.746,0.93,1,881878,881367,511
59876941,28.36,33.2,503,34923,0.7972,1,2,881907,881404,503
59879861,56.072,34.64,531,34984,0.74344,0.96,1,881970,881439,531
59882781,104.014,57.328,584,35044,0.700688,0.89,1,882086,881502,584
59885701,48.8029,104.266,503,35104,0.740138,0.89,1,882121,881618,503
59888621,60.1606,48.8531,531,35164,0.748028,0.79,1,882184,881653,531
59891541,42.4321,66.5706,498,35224,0.749605,0.77,1,882222,881724,498
59894461,35.6864,42.9141,495,35284,0.765921,0.81,2,882256,881761,495
59897381,27.1373,35.7828,486,35344,0.785184,0.83,2,882281,881795,486
59900301,20.6275,27.9566,479,35404,0.789037,0.81,2,882300,881821,479
59903221,5.72549,22.3913,460,35464,0.789807,0.73,2,882302,881842,460
59906141,25.9451,8.47826,486,35524,0.805962,0.75,2,882333,881847,486
59909061,32.389,26.4957,489,35584,0.889192,0.81,2,882367,881878,489
59911981,52.0778,28.4991,517,35643,0.889838,0.73,2,882424,881907,517
59914901,12.0156,56.0998,456,35702,0.889968,0.69,2,882426,881970,456
60123681,62,43,481,17641,0.03,0.05,1,885478,884997,481
60126601,109.2,107.8,478,17761,0.014,0.01,1,885599,885121,478
60129521,46.64,78.36,438,17881,0.0268,0.05,1,885630,885192,438
60132441,26.928,40.472,429,18000,0.02936,0.01,1,885652,885223,429
60135361,46.1856,26.4944,457,18118,0.005872,0.01,1,885703,885246,457
60138281,117.237,77.2989,502,18235,0.0251744,0.03,1,885838,885336,502
60141201,74.6474,129.06,424,18351,0.0290349,0.01,1,885902,885478,424
60144121,110.929,122.612,423,18467,0.029807,0.03,1,886022,885599,423
60147041,46.9859,49.3224,423,18582,0.0619614,0.03,1,886053,885630,423
60149961,26.9972,27.4645,423,18696,0.0123923,0,1,886075,885652,423
60152881,46.1994,46.2929,423,18810,0.0104785,0.03,1,886126,885703,423
60155801,117.24,117.259,423,18923,0.00209569,0.03,1,886261,885838,423
60158721,73.848,74.6517,422,19035,0.0244191,0.03,1,886324,885902,422
60161641,110.77,110.93,422,19146,0.0288838,0.07,1,886444,886022,422
60164561,47.7539,46.9861,423,19257,0.0617768,0,1,886476,886053,423
60167481,26.3508,26.9972,422,19367,0.0363554,0.01,1,886497,886075,422
60170401,46.0702,46.1994,422,19477,0.0152711,0,1,886548,886126,422
60173321,118.014,117.24,423,19586,0.0270542,0,1,886684,886261,423
60176241,72.4028,23.448,484,19694,0.0614108,0.03,1,886745,886261,484
60179161,110.481,55.0896,541,19802,0.0202822,0.03,1,886865,886324,541
60182081,49.2961,107.018,455,19909,0.0280564,0.07,1,886899,886444,455
60185001,25.0592,47.0036,442,20016,0.0456113,0.03,1,886918,886476,442
60187921,45.8118,26.2007,472,20122,0.0491223,0.01,1,886969,886497,472
60190841,118.762,46.0401,558,20227,0.0818245,0.03,1,887106,886548,558
60193761,72.5525,118.008,483,20332,0.120365,0.07,1,887167,886684,483
60196681,109.71,72.4016,541,20436,0.048073,0.01,1,887286,886745,541
60199601,49.9421,110.48,456,20540,0.0176146,0.03,1,887321,886865,456
60202521,25.1884,49.2961,441,20643,0.0115229,0.05,1,887340,886899,441
60205441,45.8377,25.0592,473,20746,0.0103046,0.05,1,887391,886918,473
60208361,121.968,45.8118,563,20848,0.106061,0.09,1,887532,886969,563
60211281,74.7935,118.762,489,20950,0.141212,0.13,1,887595,887106,489
60214201,106.959,72.5525,543,21051,0.0522424,0.03,1,887710,887167,543
60217121,22.9917,109.71,426,21152,0.0344485,0.01,1,887712,887286,426
60220041,30.1983,49.9421,423,21252,0.0308897,0.01,1,887744,887321,423
60222961,20.4397,25.1884,422,21352,0.0141779,0.01,1,887762,887340,422
60225881,44.8879,45.8377,422,21451,0.0428356,0.13,1,887813,887391,422
60228801,126.578,121.968,428,21550,0.0805671,0.15,1,887960,887532,428
60231721,76.5155,74.7935,429,21648,0.152113,0.03,1,888024,887595,429
60234641,104.103,106.959,425,21746,0.214423,0.03,1,888135,887710,425
60237561,22.4206,22.9917,425,21844,0.226885,0.03,1,888137,887712,425
60240481,27.6841,30.1983,422,21941,0.293377,0.01,1,888166,887744,422
60243401,19.9368,20.4397,422,22038,0.306675,0.05,1,888184,887762,422
60246321,44.7874,44.8879,422,22134,0.245335,0.09,1,888235,887813,422
60249241,128.157,126.578,424,22230,0.185067,0.17,1,888384,887960,424
60252161,80.0315,76.5155,428,22325,0.189013,0.23,1,888452,888024,428
60255081,109.606,104.103,434,22420,0.173803,0.23,1,888569,888135,434
60258001,23.5213,22.4206,434,22515,0.170761,0.23,1,888571,888137,434
60260921,27.9043,4.48412,463,22609,0.122152,0.31,1,888600,888137,463
60263841,19.9809,24.0968,452,22703,0.11243,0.31,1,888618,888166,452
60266761,39.9962,19.2194,479,22796,0.110486,0.23,1,888663,888184,479
60269681,126.399,44.6439,576,22889,0.110097,0.17,1,888811,888235,576
60272601,80.4798,128.129,496,22982,0.174019,0.19,1,888880,888384,496
60275521,108.896,80.0258,544,23074,0.234804,0.17,1,888996,888452,544
60278441,23.3792,109.605,429,23166,0.246961,0.17,1,888998,888569,429
60281361,27.0758,23.521,455,23258,0.249392,0.11,1,889026,888571,455
60284281,19.8152,27.9042,444,23349,0.281878,0.11,1,889044,888600,444
60287201,39.963,19.9808,471,23440,0.336376,0.11,1,889089,888618,471
60290121,126.393,39.9962,574,23530,0.363275,0.11,1,889237,888663,574
60293041,83.6785,126.399,499,23620,0.352655,0.19,1,889310,888811,499
60295961,111.936,80.4798,549,23710,0.430531,0.25,1,889429,888880,549
60298881,23.9871,108.896,435,23799,0.446106,0.25,1,889431,888996,435
60301801,27.9974,23.3792,462,23888,0.433221,0.25,1,889460,888998,462
60304721,23.1995,27.0758,456,23977,0.430644,0.29,1,889482,889026,456
60307641,6.2399,19.8152,440,24065,0.430129,0.35,1,889484,889044,440
60310561,36.448,39.963,439,24153,0.430026,0.37,1,889528,889089,439
60313481,126.49,126.393,440,24241,0.542005,0.35,1,889677,889237,440
60316401,83.6979,83.6785,440,24328,0.548401,0.45,1,889750,889310,440
60319321,115.14,111.936,444,24415,0.62968,0.45,1,889873,889429,444
60322241,24.6279,23.9871,444,24502,0.645936,0.43,1,889875,889431,444
60325161,27.3256,27.9974,443,24588,0.681187,0.43,1,889903,889460,443
60328081,23.0651,23.1995,443,24674,0.688237,0.43,1,889925,889482,443
60331001,6.21302,6.2399,443,24760,0.657647,0.43,1,889927,889484,443
60333921,36.4426,36.448,443,24846,0.71553,0.57,1,889971,889528,443
60336841,130.489,126.49,448,24931,0.839106,0.55,2,890125,889677,448
60339761,83.6977,83.6979,447,25016,0.911821,0.65,2,890197,889750,447
60342681,120.74,115.14,454,25101,0.910364,0.65,2,890327,889873,454
60345601,25.7479,24.6279,454,25185,0.942073,0.69,2,890329,889875,454
60363121,75,154,537,25686,0.93,0.93,2,890662,890125,537
60471161,23,117,512,28577,0.73,1,1,892722,892210,512
60474081,27,48.2,509,28651,0.65,1,1,892750,892241,509
60477001,50.2,42.44,524,28725,0.554,1,1,892806,892282,524
60479921,38.04,38.088,522,28799,0.4548,1,1,892841,892319,522
60482841,34.808,30.8176,527,28873,0.37096,1,1,892875,892348,527
60485761,79.7616,25.3635,594,28946,0.322192,1,1,892966,892372,594
60488681,51.1523,109.073,508,29019,0.280438,0.93,1,893010,892502,508
60491601,35.0305,51.4145,502,29092,0.256088,0.96,1,893041,892539,502
60494521,101.406,35.8829,588,29165,0.139218,0.79,1,893159,892571,588
60497441,37.8812,109.577,482,29238,0.147844,0.73,1,893181,892699,482
60500361,26.7762,40.3153,483,29310,0.133569,0.63,1,893205,892722,483
60503281,42.9553,30.4631,502,29382,0.0987137,0.53,1,893252,892750,502
60506201,32.591,50.8926,476,29454,0.107743,0.43,1,893282,892806,476
60509121,31.3182,38.1785,472,29526,0.0935486,0.35,1,893313,892841,472
60512041,74.2636,34.8357,523,29598,0.12271,0.31,1,893398,892875,523
60514961,51.6527,79.7671,478,29670,0.160542,0.27,1,893444,892966,478
60517881,33.5305,51.1534,463,29741,0.136108,0.25,1,893473,893010,463
60520801,95.5061,35.0307,543,29812,0.0992217,0.11,1,893584,893041,543
60523721,20.7012,101.406,427,29883,0.123844,0.15,1,893586,893159,427
60526641,23.3402,37.8812,429,29954,0.160769,0.13,1,893610,893181,429
60529561,23.868,26.7762,429,30025,0.152154,0.09,1,893634,893205,429
60532481,39.9736,42.9553,426,30095,0.230431,0.11,1,893678,893252,426
60535401,31.1947,32.591,425,30165,0.294086,0.09,1,893707,893282,425
60538321,30.2389,31.3182,424,30235,0.338817,0.13,1,893737,893313,424
60541241,75.6478,74.2636,426,30305,0.347763,0.17,1,893824,893398,426
60544161,53.5296,51.6527,428,30375,0.397553,0.13,1,893872,893444,428
60547081,32.3059,33.5305,426,30445,0.423511,0.09,1,893899,893473,426
60550001,96.8612,95.5061,428,30515,0.476702,0.13,1,894012,893584,428
60552921,20.9722,20.7012,428,30584,0.51934,0.17,1,894014,893586,428
60555841,24.1944,23.3402,429,30653,0.511868,0.15,1,894039,893610,429
60558761,27.2389,23.868,433,30722,0.526374,0.25,1,894067,893634,433
60561681,42.2478,39.9736,435,30791,0.529275,0.31,1,894113,893678,435
60564601,33.2496,31.1947,437,30860,0.561855,0.35,1,894144,893707,437
60567521,30.6499,30.2389,437,30929,0.600371,0.35,1,894174,893737,437
60570441,77.33,75.6478,439,30997,0.592074,0.41,1,894263,893824,439
60573361,54.666,53.5296,440,31065,0.606415,0.43,1,894312,893872,440
60576281,33.3332,32.3059,441,31133,0.609283,0.49,1,894340,893899,441
60579201,101.067,96.8612,446,31201,0.609857,0.53,1,894458,894012,446
60582121,21.8133,20.9722,446,31269,0.609971,0.51,1,894460,894014,446
60585041,25.1627,24.1944,447,31337,0.625994,0.51,1,894486,894039,447
60587961,26.6325,4.83889,474,31405,0.613199,0.53,1,894513,894039,474
60590881,43.7265,23.3678,494,31472,0.61064,0.53,1,894561,894067,494
60593801,34.3453,41.4736,480,31539,0.642128,0.57,1,894593,894113,480
60596721,30.8691,33.0947,479,31606,0.712426,0.61,1,894623,894144,479
60599641,78.1738,30.6189,539,31673,0.726485,0.59,1,894713,894174,539
60602561,54.0348,77.3238,498,31740,0.745297,0.61,1,894761,894263,498
60605481,33.207,54.6648,477,31807,0.765059,0.61,2,894789,894312,477
60608401,102.641,33.333,569,31874,0.801012,0.61,2,894909,894340,569
60611321,22.1283,101.067,453,31940,0.808202,0.61,2,894911,894458,453
60614241,26.0257,21.8133,478,32006,0.82564,0.63,2,894938,894460,478
60617161,26.0051,25.1627,478,32072,0.829128,0.61,2,894964,894486,478
60620081,45.201,26.6325,501,32138,0.813826,0.61,2,895014,894513,501
60623001,34.6402,43.7265,485,32204,0.810765,0.65,2,895046,894561,485
60625921,34.128,34.3453,487,32270,0.794153,0.73,2,895080,894593,487
60628841,78.8256,30.8691,547,32336,0.870831,0.73,2,895170,894623,547
60631761,55.7651,78.1738,507,32401,0.902166,0.75,2,895220,894713,507
60634681,33.553,54.0348,487,32466,0.940433,0.77,2,895248,894761,487
60637601,104.311,33.207,581,32531,0.916087,0.81,2,895370,894789,581
60640521,22.4621,102.641,463,32596,0.911217,0.81,2,895372,894909,463
60643441,26.8924,22.1283,489,32661,0.910243,0.83,2,895400,894911,489
60646361,26.1785,26.0257,488,32726,0.910049,0.83,2,895426,894938,488
60649281,6.8357,26.0051,464,32791,0.91001,0.81,2,895428,894964,464
60874121,31,129,504,37434,0.65,1,1,898744,898240,504
60877041,37.4,49,514,37490,0.682,1,1,898783,898269,514
60879961,31.48,35.4,512,37546,0.6724,1,1,898813,898301,512
60882881,23.896,29.48,506,37602,0.55848,1,1,898835,898329,506
60885801,16.7792,18.696,505,37658,0.471696,1,1,898850,898345,505
60888721,28.1558,21.3392,514,37714,0.390339,1,1,898881,898367,514
60891641,33.6312,33.0678,513,37770,0.374068,1,1,898916,898403,513
60894561,26.7262,30.6136,508,37826,0.338814,1,1,898941,898433,508
60897481,38.1452,27.7227,522,37882,0.299763,0.95,1,898982,898460,522
60900401,38.829,43.1445,514,37938,0.179953,1,1,899021,898507,514
60903321,32.5658,43.8289,501,37994,0.139991,0.92,1,899052,898551,501
60906241,101.713,35.1658,587,38050,0.0679981,0.83,1,899171,898584,587
60909161,43.5426,110.233,487,38106,0.0535996,0.65,1,899200,898713,487
60912081,35.1085,46.8466,489,38161,0.0347199,0.69,1,899233,898744,489
60915001,29.4217,40.5693,478,38216,0.062944,0.67,1,899261,898783,478
60917921,19.4843,32.1139,465,38271,0.0685888,0.53,1,899278,898813,465
60920841,14.2969,24.0228,456,38326,0.0857178,0.45,1,899291,898835,456
60923761,25.2594,16.8046,469,38381,0.0731435,0.37,1,899319,898850,469
60926681,33.8519,28.1609,474,38436,0.0706287,0.37,1,899355,898881,474
60929601,24.3704,33.6322,461,38491,0.0701257,0.33,1,899377,898916,461
60932521,34.4741,26.7264,473,38546,0.0380251,0.29,1,899414,898941,473
60935441,34.0948,38.1453,466,38601,0.063605,0.15,1,899448,898982,466
60938361,8.41896,38.8291,429,38656,0.068721,0.13,1,899450,899021,429
60941281,24.8838,32.5658,427,38711,0.101744,0.05,1,899479,899052,427
60944201,96.9768,101.713,423,38766,0.156349,0.05,1,899594,899171,423
60947121,41.7954,43.5426,422,38820,0.21527,0.03,1,899622,899200,422
60950041,34.7591,35.1085,422,38874,0.179054,0.07,1,899655,899233,422
60952961,32.5518,29.4217,426,38928,0.219811,0.07,1,899687,899261,426
60955881,19.3104,19.4843,425,38982,0.243962,0.09,1,899703,899278,425
60958801,14.2621,14.2969,425,39036,0.232792,0.07,1,899716,899291,425
60961721,25.2524,25.2594,425,39090,0.198558,0.07,1,899744,899319,425
60964641,33.8505,33.8519,425,39144,0.191712,0.07,1,899780,899355,425
60967561,22.7701,24.3704,423,39198,0.254342,0.03,1,899800,899377,423
60970481,35.754,34.4741,425,39252,0.250868,0.07,1,899839,899414,425
60973401,35.1508,34.0948,426,39306,0.266174,0.07,1,899874,899448,426
60976321,8.63016,8.41896,426,39360,0.269235,0.11,1,899876,899450,426
60979241,24.126,24.8838,425,39414,0.301847,0.17,1,899904,899479,425
60982161,100.825,96.9768,430,39468,0.356369,0.23,1,900024,899594,430
60985081,43.365,41.7954,431,39522,0.351274,0.17,1,900053,899622,431
60988001,36.673,34.7591,433,39575,0.350255,0.23,1,900088,899655,433
60990921,32.1346,32.5518,432,39628,0.366051,0.25,1,900119,899687,432
60993841,19.2269,19.3104,432,39681,0.41721,0.23,1,900135,899703,432
60996761,13.4454,14.2621,431,39734,0.395442,0.19,1,900147,899716,431
60999681,25.0891,25.2524,431,39787,0.423088,0.19,1,900175,899744,431
61002601,33.8178,33.8505,431,39840,0.428618,0.27,1,900211,899780,431
61005521,24.3636,22.7701,433,39893,0.397724,0.25,1,900233,899800,433
61008441,35.2727,35.754,432,39946,0.407545,0.27,1,900271,899839,432
61011361,37.4545,35.1508,435,39999,0.441509,0.27,1,900309,899874,435
61014281,9.09091,8.63016,435,40052,0.448302,0.31,1,900311,899876,435
61017201,24.2182,24.126,435,40105,0.46566,0.31,1,900339,899904,435
61020121,102.444,4.82521,557,40158,0.485132,0.37,1,900461,899904,557
61023041,45.2887,96.965,468,40211,0.489026,0.35,1,900492,900024,468
61025961,36.2577,42.593,473,40264,0.537805,0.35,1,900526,900053,473
61028881,32.8515,36.5186,470,40316,0.547561,0.37,1,900558,900088,470
61031801,20.1703,32.1037,456,40368,0.533512,0.43,1,900575,900119,456
61034721,13.6341,19.2207,452,40420,0.562702,0.39,1,900587,900135,452
61037641,25.1268,13.4441,468,40472,0.568541,0.43,1,900615,900147,468
61040561,33.8254,25.0888,476,40524,0.601708,0.43,1,900651,900175,476
61043481,24.3651,33.8178,462,40576,0.608342,0.39,1,900673,900211,462
61046401,36.073,24.3636,479,40628,0.625668,0.41,1,900712,900233,479
61049321,40.0146,35.2727,482,40680,0.629134,0.45,1,900753,900271,482
61052241,9.60292,37.4545,446,40732,0.629827,0.45,1,900755,900309,446
61055161,24.3206,9.09091,472,40784,0.645965,0.47,1,900783,900311,472
61058081,103.264,24.2182,567,40836,0.665193,0.49,1,900906,900339,567
61061001,45.4528,102.444,476,40888,0.685039,0.49,1,900937,900461,476
61063921,38.6906,45.2887,482,40940,0.721008,0.55,1,900974,900492,482
61066841,33.3381,36.2577,480,40992,0.728202,0.55,1,901006,900526,480
61069761,21.0676,32.8515,466,41044,0.72964,0.53,1,901024,900558,466
61072681,13.8135,20.1703,461,41095,0.777928,0.57,2,901036,900575,461
61075601,25.9627,13.6341,478,41146,0.787586,0.57,2,901065,900587,478
61078521,34.7925,25.1268,487,41197,0.773517,0.61,2,901102,900615,487
61081441,24.5585,33.8254,473,41248,0.770703,0.61,2,901124,900651,473
61084361,36.9117,24.3651,491,41299,0.770141,0.63,2,901164,900673,491
61087281,40.9823,36.073,494,41350,0.754028,0.63,2,901206,900712,494
61090201,9.79647,40.0146,455,41401,0.750806,0.63,2,901208,900753,455
61093121,25.1593,9.60292,482,41452,0.782161,0.65,2,901237,900755,482
61096041,104.232,24.3206,578,41503,0.772432,0.67,2,901361,900783,578
61098961,22.4464,103.264,457,41554,0.770486,0.69,2,901363,900906,457
61101881,28.4893,45.4528,456,41605,0.818097,0.73,2,901393,900937,456
61104801,36.8979,38.6906,458,41656,0.843619,0.73,2,901432,900974,458
61107721,32.9796,33.3381,458,41707,0.896724,0.73,2,901464,901006,458
61110641,23.3959,21.0676,461,41758,0.891345,0.79,2,901485,901024,461
61113561,15.0792,13.8135,462,41809,0.890269,0.79,2,901498,901036,462
61116481,25.4158,25.9627,461,41859,0.906054,0.77,2,901526,901065,461
61335481,120,154,477,20647,0,0.23,1,904202,903725,477
61338401,67.2,89.2,458,20750,0.024,0,1,904256,903798,458
61341321,70.24,83.44,447,20852,0.0048,0.03,1,904327,903880,447
61344241,58.848,47.888,464,20954,0.00896,0,1,904383,903919,464
61347161,40.5696,56.7776,441,21055,0.009792,0.01,1,904419,903978,441
61350081,25.7139,37.7555,430,21156,0.0579584,0,1,904441,904011,430
61353001,56.3428,64.3511,423,21256,0.0355917,0,1,904505,904082,423
61355921,107.269,108.87,423,21356,0.0151183,0.03,1,904625,904202,423
61358841,65.4537,64.974,424,21455,0.0590237,0,1,904680,904256,424
61361761,69.0907,69.7948,423,21554,0.0358047,0.01,1,904750,904327,423
61364681,58.6181,58.759,423,21652,0.0311609,0.01,1,904806,904383,423
61367601,41.3236,40.5518,424,21750,0.0302322,0.07,1,904843,904419,424
61370521,25.0647,25.7104,423,21848,0.0620464,0.03,1,904864,904441,423
61373441,55.4129,56.3421,422,21945,0.0844093,0.01,1,904927,904505,422
61376361,107.883,107.268,423,22042,0.0168819,0.07,1,905048,904625,423
61379281,67.1765,65.4537,425,22138,0.0753764,0.03,1,905105,904680,425
61382201,67.0353,69.0907,422,22234,0.0390753,0.03,1,905172,904750,422
61385121,58.2071,58.6181,422,22329,0.0478151,0.03,1,905228,904806,422
61388041,41.2414,41.3236,422,22424,0.033563,0.07,1,905265,904843,422
61390961,26.6483,25.0647,424,22519,0.0307126,0.07,1,905288,904864,424
61393881,54.9297,5.01294,486,22613,0.0781425,0.09,1,905350,904864,486
61396801,106.986,51.4026,543,22707,0.0556285,0,1,905470,904927,543
61399721,70.1972,107.081,483,22800,0.0991257,0.09,1,905531,905048,483
61402641,63.6394,67.0161,488,22893,0.107825,0.03,1,905593,905105,488
61405561,57.5279,67.0032,477,22986,0.061565,0.05,1,905649,905172,477
61408481,41.1056,58.2006,458,23078,0.012313,0.03,1,905686,905228,458
61411401,26.6211,41.2401,444,23170,0.0424626,0.03,1,905709,905265,444
61414321,58.9242,26.648,488,23261,0.0484925,0.09,1,905776,905288,488
61417241,104.585,54.9296,542,23352,0.113699,0.05,1,905892,905350,542
61420161,71.317,106.986,485,23443,0.15874,0.11,1,905955,905470,485
61423081,61.4634,70.1972,483,23533,0.183748,0.11,1,906014,905531,483
61426001,57.8927,63.6394,478,23623,0.0447496,0.05,1,906071,905593,478
61428921,41.1785,57.5279,459,23713,0.0329499,0,1,906108,905649,459
61431841,25.8357,41.1056,444,23802,0.03059,0.05,1,906130,905686,444
61434761,58.7671,26.6211,488,23891,0.046118,0.05,1,906197,905709,488
61437681,108.553,58.9242,542,23980,0.0972236,0.13,1,906318,905776,542
61440601,23.3107,104.585,428,24068,0.139445,0.17,1,906320,905892,428
61443521,56.6621,71.317,430,24156,0.147889,0.19,1,906385,905955,430
61446441,59.3324,61.4634,431,24244,0.165578,0.01,1,906445,906014,431
61449361,50.2665,57.8927,422,24331,0.0731156,0.03,1,906493,906071,422
61452281,40.4533,41.1785,423,24418,0.0226231,0.03,1,906531,906108,423
61455201,25.6907,25.8357,423,24505,0.0445246,0.05,1,906553,906130,423
61458121,59.5381,58.7671,424,24591,0.0169049,0.11,1,906621,906197,424
61461041,112.708,108.553,429,24677,0.091381,0.15,1,906747,906318,429
61463961,24.1415,23.3107,429,24763,0.106276,0.15,1,906749,906320,429
61466881,56.8283,56.6621,429,24849,0.141255,0.17,1,906814,906385,429
61469801,60.1657,59.3324,430,24934,0.196251,0.05,1,906875,906445,430
61472721,45.6331,50.2665,424,25019,0.20725,0.01,1,906917,906493,424
61475641,39.5266,40.4533,424,25104,0.19345,0.05,1,906955,906531,424
61478561,25.5053,25.6907,424,25188,0.22269,0.01,1,906977,906553,424
61481481,57.9011,59.5381,422,25272,0.180538,0.11,1,907043,906621,422
61484401,116.38,112.708,427,25356,0.204108,0.11,1,907174,906747,427
61487321,24.876,24.1415,427,25440,0.208822,0.11,1,907176,906749,427
61490241,57.7752,4.8283,493,25523,0.257764,0.15,1,907242,906749,493
61493161,61.155,52.9657,490,25606,0.299553,0.21,1,907304,906814,490
61496081,45.831,59.3931,471,25689,0.355911,0.21,1,907346,906875,471
61499001,40.3662,45.4786,468,25771,0.383182,0.19,1,907385,906917,468
61501921,25.6732,39.4957,452,25853,0.356636,0.23,1,907407,906955,452
61504841,57.1346,25.4991,495,25935,0.351327,0.17,1,907472,906977,495
61507761,119.427,57.8998,564,26017,0.366265,0.21,1,907607,907043,564
61510681,25.4854,116.38,435,26098,0.369253,0.21,1,907609,907174,435
61513601,58.6971,24.876,500,26179,0.353851,0.27,1,907676,907176,500
61516521,64.5394,57.7752,500,26260,0.36677,0.31,1,907742,907242,500
61519441,47.3079,61.155,481,26341,0.417354,0.37,1,907785,907304,481
61522361,39.8616,45.831,477,26421,0.459471,0.39,1,907823,907346,477
61525281,25.5723,40.3662,460,26501,0.467894,0.35,1,907845,907385,460
61528201,57.1145,25.6732,503,26581,0.517579,0.35,1,907910,907407,503
61531121,120.223,57.1346,574,26661,0.607516,0.37,1,908046,907472,574
61534041,25.6446,119.427,441,26740,0.625503,0.37,1,908048,907607,441
61536961,58.7289,25.4854,506,26819,0.661101,0.35,1,908115,907609,506
61539881,66.1458,58.6971,507,26898,0.66822,0.37,1,908183,907676,507
61542801,14.8292,64.5394,443,26977,0.669644,0.43,1,908185,907742,443
61545721,37.3658,47.3079,443,27056,0.685929,0.47,1,908228,907785,443
61548641,39.4732,39.8616,445,27134,0.705186,0.47,1,908268,907823,445
61551561,25.4946,25.5723,445,27212,0.709037,0.53,1,908290,907845,445
61554481,59.4989,57.1145,448,27290,0.709807,0.63,1,908358,907910,448
61557401,124.7,120.223,453,27368,0.773961,0.63,2,908499,908046,453
61560321,26.54,25.6446,453,27445,0.818792,0.67,2,908501,908048,453
61563241,60.508,58.7289,455,27522,0.795758,0.67,2,908570,908115,455
61566161,67.3016,66.1458,456,27599,0.839152,0.67,2,908639,908183,456
61569081,15.0603,14.8292,456,27676,0.84783,0.69,2,908641,908185,456
61572001,38.2121,37.3658,457,27753,0.897566,0.71,2,908685,908228,457
61574921,39.6424,39.4732,457,27829,0.891513,0.71,2,908725,908268,457
61577841,25.5285,25.4946,457,27905,0.922303,0.71,2,908747,908290,457
61580761,60.3057,59.4989,458,27981,0.944461,0.79,2,908816,908358,458
61700481,37,50,484,30932,0.15,1,1,910947,910463,484
61703401,61,54,496,31000,0.038,1,1,911014,910518,496
61706321,36.2,31.6,500,31068,0.0156,1,1,911044,910544,500
61709241,30.44,33.52,495,31136,0.00312,1,1,911073,910578,495
61712161,31.688,36.304,490,31204,0.000624,0.98,1,911105,910615,490
61715081,35.9376,35.2608,492,31272,0.0081248,1,1,911142,910650,492
61718001,28.7875,29.4522,491,31340,0.089625,1,1,911169,910678,491
61720921,28.9575,5.89043,520,31408,0.025925,1,1,911198,910678,520
61723841,92.1915,36.3781,584,31475,0.045185,0.43,1,911306,910722,584
61726761,45.6383,118.476,479,31542,0.049037,0.23,1,911340,910861,479
61729681,36.3277,62.8951,464,31609,0.0658074,0.15,1,911374,910910,464
61732601,56.0655,42.179,488,31676,0.0531615,0.01,1,911435,910947,488
61735521,35.2131,62.0358,451,31743,0.0346323,0.01,1,911465,911014,451
61738441,31.0426,36.4072,451,31810,0.00692646,0,1,911495,911044,451
61741361,31.8085,30.4814,454,31877,0.00138529,0,1,911527,911073,454
61744281,39.9617,31.6963,464,31943,0.0242771,0.01,1,911569,911105,464
61747201,30.3923,35.9393,455,32009,0.0608554,0.11,1,911597,911142,455
61750121,24.4785,28.7879,451,32075,0.0681711,0.01,1,911620,911169,451
61753041,91.2957,28.9576,530,32141,0.165634,0.05,1,911728,911198,530
61755961,46.2591,92.1915,457,32207,0.185127,0.05,1,911763,911306,457
61758881,35.6518,45.6383,456,32273,0.189025,0.07,1,911796,911340,456
61761801,55.1304,36.3277,482,32339,0.189805,0.05,1,911856,911374,482
61764721,37.4261,56.0655,454,32404,0.109961,0.03,1,911889,911435,454
61767641,29.8852,35.2131,452,32469,0.0779922,0,1,911917,911465,452
61770561,31.577,31.0426,454,32534,0.0155984,0,1,911949,911495,454
61773481,39.1154,31.8085,463,32599,0.0111197,0.03,1,911990,911527,463
61776401,31.8231,39.9617,451,32664,0.0422239,0.07,1,912020,911569,451
61779321,25.5646,30.3923,447,32729,0.0484448,0.07,1,912044,911597,447
61782241,6.71292,24.4785,426,32794,0.049689,0.19,1,912046,911620,426
61785161,90.1426,91.2957,429,32858,0.129938,0.19,1,912157,911728,429
61788081,47.6285,46.2591,431,32922,0.145988,0.19,1,912194,911763,431
61791001,35.9257,35.6518,431,32986,0.165198,0.19,1,912227,911796,431
61793921,54.3851,55.1304,430,33050,0.16904,0.09,1,912286,911856,430
61796841,34.877,37.4261,427,33114,0.169808,0.07,1,912316,911889,427
61799761,26.1754,29.8852,423,33178,0.137962,0,1,912340,911917,423
61802681,30.8351,31.577,423,33242,0.0515923,0.01,1,912372,911949,423
61805601,38.167,39.1154,422,33306,0.0503185,0.05,1,912412,911990,422
61808521,33.2334,31.8231,424,33370,0.0500637,0.05,1,912444,912020,424
61811441,26.6467,25.5646,425,33433,0.0500127,0.05,1,912469,912044,425
61814361,6.92934,6.71292,425,33496,0.0500025,0.15,1,912471,912046,425
61817281,92.5859,90.1426,428,33559,0.0820005,0.15,1,912585,912157,428
61820201,48.9172,47.6285,429,33622,0.1844,0.17,1,912623,912194,429
61823121,35.3834,35.9257,428,33685,0.17288,0.17,1,912655,912227,428
61826041,55.8767,54.3851,430,33748,0.170576,0.17,1,912716,912286,430
61828961,33.5753,34.877,428,33811,0.170115,0.13,1,912744,912316,428
61831881,24.3151,26.1754,426,33874,0.250023,0.03,1,912766,912340,426
61834801,27.263,30.8351,422,33936,0.250005,0.05,1,912794,912372,422
61837721,37.4526,38.167,422,33998,0.186001,0.05,1,912834,912412,422
61840641,33.0905,33.2334,422,34060,0.1252,0.05,1,912866,912444,422
61843561,28.2181,26.6467,424,34122,0.06504,0.05,1,912893,912469,424
61846481,7.24362,6.92934,424,34184,0.053008,0.09,1,912895,912471,424
61849401,94.2487,92.5859,426,34246,0.114602,0.09,1,913011,912585,426
61852321,51.6497,18.5172,467,34308,0.14292,0.21,1,913052,912585,467
61855241,36.7299,34.1034,462,34370,0.180584,0.17,1,913085,912623,462
61858161,55.346,32.4207,490,34432,0.220117,0.17,1,913145,912655,490
61861081,34.2692,55.2841,458,34493,0.228023,0.17,1,913174,912716,458
61864001,26.0538,33.4568,454,34554,0.277605,0.27,1,913198,912744,454
61866921,25.2108,24.2914,457,34615,0.271521,0.25,1,913223,912766,457
61869841,35.4422,27.2583,467,34676,0.270304,0.17,1,913261,912794,467
61872761,30.2884,37.4517,456,34737,0.286061,0.11,1,913290,912834,456
61875681,26.8577,33.0903,450,34798,0.289212,0.05,1,913316,912866,450
61878601,6.97154,28.2181,425,34859,0.289842,0.05,1,913318,912893,425
61881521,97.3943,7.24361,543,34920,0.273968,0.13,1,913438,912895,543
61884441,53.8789,94.2487,470,34981,0.254794,0.15,1,913481,913011,470
61887361,39.5758,51.6497,465,35041,0.282959,0.19,1,913517,913052,465
61890281,55.9152,36.7299,492,35101,0.320592,0.23,1,913577,913085,492
61893201,35.183,55.346,462,35161,0.360118,0.23,1,913607,913145,462
61896121,27.8366,34.2692,459,35221,0.384024,0.29,1,913633,913174,459
61899041,24.7673,26.0538,459,35281,0.404805,0.27,1,913657,913198,459
61901961,35.3535,25.2108,472,35341,0.424961,0.27,1,913695,913223,472
61904881,31.0707,35.4422,464,35401,0.460992,0.29,1,913725,913261,464
61907801,27.0141,30.2884,461,35461,0.468198,0.29,1,913751,913290,461
61910721,7.00283,26.8577,437,35521,0.46964,0.29,1,913753,913316,437
61913641,96.6006,6.97154,554,35581,0.533928,0.27,1,913872,913318,554
61916561,54.5201,97.3943,478,35640,0.562786,0.25,1,913916,913438,478
61919481,12.504,53.8789,437,35699,0.568557,0.29,1,913918,913481,437
61922401,31.3008,39.5758,437,35758,0.585711,0.33,1,913954,913517,437
61925321,55.0602,55.9152,438,35817,0.621142,0.37,1,914015,913577,438
61928241,36.612,35.183,440,35876,0.596228,0.39,1,914047,913607,440
61931161,28.9224,27.8366,441,35935,0.591246,0.41,1,914074,913633,441
61934081,25.7845,24.7673,442,35994,0.590249,0.43,1,914099,913657,442
61937001,37.9569,35.3535,445,36053,0.63805,0.47,1,914140,913695,445
61939921,31.5914,31.0707,445,36112,0.67961,0.47,1,914170,913725,445
61942841,27.1183,27.0141,445,36171,0.655922,0.47,1,914196,913751,445
61945761,7.02365,7.00283,445,36229,0.683184,0.55,1,914198,913753,445
61948681,99.8047,96.6006,449,36287,0.656637,0.57,1,914321,913872,449
61951601,56.7609,54.5201,451,36345,0.683327,0.57,1,914367,913916,451
61954521,12.9522,12.504,451,36403,0.688665,0.59,1,914369,913918,451
61957441,30.5904,31.3008,450,36461,0.705733,0.63,1,914404,913954,450
61960361,55.7181,55.0602,451,36519,0.741147,0.59,1,914466,914015,451
61963281,37.5436,36.612,452,36577,0.780229,0.59,2,914499,914047,452
61966201,29.1087,28.9224,452,36635,0.772046,0.59,2,914526,914074,452
61969121,25.0217,25.7845,451,36693,0.786409,0.65,2,914550,914099,451
61972041,40.2043,37.9569,454,36751,0.757282,0.69,2,914594,914140,454
61974961,32.0409,31.5914,454,36809,0.815456,0.65,2,914624,914170,454
61977881,27.2082,27.1183,454,36866,0.811091,0.69,2,914650,914196,454
61980801,7.04163,7.02365,454,36923,0.826218,0.65,2,914652,914198,454
61983721,99.8083,99.8047,454,36980,0.845244,0.69,2,914775,914321,454
61986641,58.3617,56.7609,456,37037,0.865049,0.69,2,914823,914367,456
61989561,13.2723,12.9522,456,37094,0.86901,0.71,2,914825,914369,456
61992481,29.8545,30.5904,455,37151,0.901802,0.71,2,914859,914404,455
62138481,36,28,502,39895,0.65,1,1,916796,916294,502
62141401,36.8,48.8,485,39948,0.506,0.99,1,916833,916348,485
62144321,34.56,33.76,489,40001,0.4772,1,1,916867,916378,489
62147241,31.712,28.352,493,40054,0.42344,1,1,916898,916405,493
62150161,33.5424,23.2704,505,40107,0.364688,1,1,916932,916427,505
62153081,25.1085,4.65408,528,40160,0.320938,1,1,916955,916427,528
62156001,15.4217,22.5308,514,40213,0.280188,0.99,1,916968,916454,514
62158921,26.2843,34.1062,506,40266,0.224038,0.95,1,916997,916491,506
62161841,26.8569,30.0212,504,40318,0.132808,1,1,917024,916520,504
62164761,37.3714,33.2042,510,40370,0.0505615,1,1,917064,916554,510
62167681,81.0743,34.6408,567,40422,0.0821123,0.98,1,917156,916589,567
62170601,39.4149,84.5282,499,40474,0.0884225,0.91,1,917185,916686,499
62173521,32.683,45.7056,494,40526,0.105684,0.81,1,917216,916722,494
62176441,31.3366,39.5411,487,40578,0.125137,0.65,1,917247,916760,487
62179361,35.0673,36.7082,487,40630,0.129027,0.47,1,917283,916796,487
62182281,25.4135,36.9416,473,40682,0.113805,0.47,1,917306,916833,473
62185201,29.8827,34.5883,470,40734,0.110761,0.41,1,917337,916867,470
62188121,30.7765,31.7177,470,40786,0.142152,0.35,1,917368,916898,470
62191041,21.3553,33.5435,455,40838,0.10043,0.31,1,917387,916932,455
62193961,16.2711,25.1087,447,40890,0.0760861,0.27,1,917402,916955,447
62196881,22.4542,15.4217,458,40942,0.0712172,0.21,1,917426,916968,458
62199801,22.8908,26.2843,452,40994,0.118243,0.11,1,917449,916997,452
62202721,34.9782,26.8569,463,41045,0.0476487,0.03,1,917487,917024,463
62205641,82.9956,37.3714,518,41096,0.11353,0.09,1,917582,917064,518
62208561,39.7991,81.0743,455,41147,0.174706,0.09,1,917611,917156,455
62211481,32.7598,39.4149,457,41198,0.202941,0.11,1,917642,917185,457
62214401,30.552,32.683,456,41249,0.240588,0.13,1,917672,917216,456
62217321,36.5104,31.3366,463,41300,0.248118,0.13,1,917710,917247,463
62220241,25.7021,35.0673,450,41351,0.281624,0.11,1,917733,917283,450
62223161,25.9404,25.4135,453,41402,0.288325,0.11,1,917759,917306,453
62226081,33.1881,29.8827,457,41453,0.305665,0.15,1,917794,917337,457
62229001,19.4376,30.7765,442,41504,0.325133,0.09,1,917810,917368,442
62231921,5.48752,21.3553,425,41555,0.329027,0.07,1,917812,917387,425
62234841,13.0975,16.2711,425,41606,0.361805,0.07,1,917827,917402,425
62237761,21.8195,22.4542,425,41657,0.368361,0.13,1,917851,917426,425
62240681,23.5639,22.8908,426,41708,0.385672,0.03,1,917875,917449,426
62243601,34.3128,34.9782,425,41759,0.373134,0.13,1,917912,917487,425
62246521,86.0626,82.9956,429,41810,0.226627,0.19,1,918011,917582,429
62249441,43.6125,39.7991,433,41860,0.181325,0.21,1,918044,917611,433
62252361,33.5225,32.7598,433,41910,0.188265,0.25,1,918075,917642,433
62255281,31.5045,30.552,434,41960,0.173653,0.25,1,918106,917672,434
62258201,37.5009,36.5104,435,42010,0.154731,0.29,1,918145,917710,435
62261121,26.7002,25.7021,436,42060,0.118946,0.29,1,918169,917733,436
62264041,26.14,25.9404,436,42110,0.159789,0.31,1,918195,917759,436
62266961,34.828,33.1881,438,42160,0.151958,0.33,1,918232,917794,438
62269881,20.5656,19.4376,439,42210,0.166392,0.33,1,918249,917810,439
62272801,5.71312,5.48752,439,42260,0.169278,0.37,1,918251,917812,439
62275721,12.3426,13.0975,438,42310,0.201856,0.37,1,918265,917827,438
62278641,21.6685,21.8195,438,42360,0.208371,0.39,1,918289,917851,438
62281561,24.3337,23.5639,439,42410,0.241674,0.37,1,918314,917875,439
62284481,35.2667,34.3128,440,42460,0.280335,0.19,1,918352,917912,440
62287401,79.0533,86.0626,431,42510,0.320067,0.17,1,918442,918011,431
62290321,41.4107,43.6125,430,42560,0.360013,0.19,1,918474,918044,430
62293241,32.2821,33.5225,429,42610,0.416003,0.17,1,918504,918075,429
62296161,30.4564,31.5045,428,42660,0.459201,0.15,1,918534,918106,428
62299081,36.4913,37.5009,427,42709,0.51584,0.11,1,918572,918145,427
62302001,26.4983,26.7002,427,42758,0.495168,0.17,1,918596,918169,427
62304921,26.8997,26.14,428,42807,0.507034,0.15,1,918623,918195,428
62307841,35.7799,34.828,429,42856,0.541407,0.17,1,918661,918232,429
62310761,21.556,20.5656,430,42905,0.548281,0.17,1,918679,918249,430
62313681,5.9112,5.71312,430,42954,0.517656,0.21,1,918681,918251,430
62316601,12.3822,12.3426,430,43003,0.527531,0.21,1,918695,918265,430
62319521,22.4764,2.46852,455,43052,0.529506,0.21,1,918720,918265,455
62322441,26.0953,19.6937,458,43101,0.513901,0.25,1,918747,918289,458
62325361,37.2191,23.9387,473,43150,0.51078,0.29,1,918787,918314,473
62328281,81.0438,35.1877,527,43199,0.590156,0.33,1,918879,918352,527
62331201,44.2088,79.0375,472,43248,0.590031,0.37,1,918914,918442,472
62334121,32.8418,41.4075,470,43297,0.622006,0.43,1,918944,918474,470
62337041,32.9683,32.2815,473,43346,0.612401,0.47,1,918977,918504,473
62339961,38.5937,30.4563,483,43395,0.64248,0.53,1,919017,918534,483
62342881,26.9187,36.4913,469,43444,0.648496,0.49,1,919041,918572,469
62345801,26.1837,26.4983,471,43493,0.649699,0.51,1,919067,918596,471
62348721,37.2367,26.8997,484,43542,0.68194,0.55,1,919107,918623,484
62351641,22.6473,35.7799,465,43590,0.672388,0.55,1,919126,918661,465
62354561,6.12947,21.556,449,43638,0.670478,0.51,1,919128,918679,449
62357481,12.4259,5.9112,461,43686,0.670096,0.53,1,919142,918681,461
62360401,22.4852,12.3822,472,43734,0.654019,0.53,1,919167,918695,472
62363321,25.297,22.4764,473,43782,0.650804,0.51,1,919193,918720,473
62366241,37.8594,26.0953,487,43830,0.650161,0.51,1,919234,918747,487
62369161,84.3719,37.2191,543,43878,0.666032,0.61,1,919330,918787,543
62372081,45.6744,81.0438,487,43926,0.669206,0.59,1,919366,918879,487
62375001,33.1349,44.2088,482,43974,0.685841,0.63,1,919396,918914,482
62377921,33.827,32.8418,486,44022,0.721168,0.61,1,919430,918944,486
62380841,38.7654,32.9683,493,44070,0.760234,0.65,2,919470,918977,493
62383761,26.9531,38.5937,477,44118,0.784047,0.65,2,919494,919017,477
62386681,26.1906,26.9187,479,44166,0.788809,0.65,2,919520,919041,479
62389601,38.8381,26.1837,495,44214,0.837762,0.69,2,919562,919067,495
62392521,22.1676,37.2367,473,44262,0.863552,0.67,2,919580,919107,473
62395441,6.03352,22.6473,456,44310,0.86871,0.67,2,919582,919126,456
62398361,12.4067,6.12947,468,44358,0.869742,0.67,2,919596,919128,468
62401281,21.6813,12.4259,478,44406,0.869948,0.65,2,919620,919142,478
62404201,25.1363,22.4852,479,44454,0.88599,0.65,2,919646,919167,479
62407121,6.62725,25.297,455,44501,0.889198,0.65,2,919648,919193,455
62592541,86,101,491,21370,0.11,0.73,1,921855,921364,491
62595461,58.8,69.8,481,21469,0.094,0.61,1,921907,921426,481
62598381,66.16,74.76,473,21568,0.0268,0.51,1,921975,921502,473
62601301,54.032,52.552,477,21666,0.02936,0.41,1,922026,921549,477
62604221,29.2064,46.5104,455,21764,0.061872,0.35,1,922049,921594,455
62607141,57.8413,33.3021,490,21861,0.0843744,0.17,1,922114,921624,490
62610061,79.5683,122.66,430,21958,0.168875,0.11,1,922199,921769,430
62612981,82.3137,93.3321,427,22055,0.233775,0.09,1,922282,921855,427
62615901,56.4627,60.2664,425,22151,0.262755,0.01,1,922332,921907,425
62618821,63.2925,66.4533,422,22247,0.316551,0.03,1,922397,921975,422
62621741,55.8585,54.0907,425,22342,0.27931,0.07,1,922451,922026,425
62624661,27.9717,29.2181,423,22437,0.271862,0.09,1,922472,922049,423
62627581,59.9943,57.8436,426,22532,0.254372,0.09,1,922540,922114,426
62630501,81.5989,11.5687,513,22626,0.266874,0.19,1,922627,922114,513
62633421,85.1198,70.3137,514,22720,0.301375,0.25,1,922713,922199,514
62636341,58.624,80.4627,483,22813,0.308275,0.27,1,922765,922282,483
62639261,62.1248,56.0925,496,22906,0.341655,0.33,1,922828,922332,496
62642181,56.425,63.2185,486,22999,0.396331,0.27,1,922883,922397,486
62645101,29.685,55.8437,455,23091,0.391266,0.27,1,922906,922451,455
62648021,59.537,27.9687,501,23183,0.406253,0.25,1,922973,922472,501
62650941,82.3074,59.9937,521,23274,0.425251,0.27,1,923061,922540,521
62653861,86.8615,81.5987,522,23365,0.44505,0.31,1,923149,922627,522
62656781,60.5723,85.1198,490,23456,0.46501,0.31,1,923203,922713,490
62659701,62.5145,58.624,501,23546,0.517002,0.35,1,923266,922765,501
62662621,58.9029,62.1248,496,23636,0.5434,0.41,1,923324,922828,496
62665541,29.3806,56.425,463,23726,0.54868,0.39,1,923346,922883,463
62668461,60.2761,29.685,508,23815,0.597736,0.41,1,923414,922906,508
62671381,83.2552,59.537,530,23904,0.671547,0.43,1,923503,922973,530
62674301,18.251,82.3074,444,23993,0.686309,0.45,1,923505,923061,444
62677221,74.0502,86.8615,444,24081,0.705262,0.47,1,923593,923149,444
62680141,58.81,60.5723,445,24169,0.741052,0.53,1,923648,923203,445
62683061,64.562,62.5145,448,24257,0.764211,0.55,2,923714,923266,448
62685981,60.1124,58.9029,449,24344,0.784842,0.55,2,923773,923324,449
62688901,29.6225,29.3806,449,24431,0.804968,0.61,2,923795,923346,449
62691821,63.5245,60.2761,453,24518,0.744994,0.69,1,923867,923414,453
62694741,86.3049,83.2552,456,24604,0.732999,0.69,1,923959,923503,456
62697661,18.861,18.251,456,24690,0.7306,0.71,1,923961,923505,456
62700581,74.9722,74.0502,457,24776,0.74612,0.75,1,924050,923593,457
62703501,61.3944,58.81,460,24862,0.845224,0.77,2,924108,923648,460
62706421,63.4789,64.562,458,24947,0.897045,0.79,2,924172,923714,458
62840741,46,37,513,28591,0.81,0.95,2,926706,926193,513
62843661,70,33.8,556,28665,0.81,1,2,926782,926226,556
62846581,45.2,72.36,513,28739,0.842,0.89,2,926821,926308,513
62849501,57.04,47.272,532,28813,0.8804,0.95,2,926881,926349,532
62861181,46,34,510,29105,0.93,0.83,2,927086,926576,510
62864101,39.6,42.8,503,29178,0.946,0.83,2,927124,926621,503
62989661,36,45,506,32147,0.65,1,1,929190,928684,506
62992581,66.4,34.6,548,32213,0.474,1,1,929264,928716,548
62995501,99.68,67.72,580,32279,0.1028,1,1,929372,928792,580
62998421,46.336,98.344,507,32345,0.02056,1,1,929405,928898,507
63001341,40.4672,45.2688,514,32410,0.028112,1,1,929444,928930,514
63004261,36.8934,38.6538,513,32475,0.0136224,0.92,1,929480,928967,513
63007181,35.3787,38.9308,509,32540,0.0267245,0.98,1,929515,929006,509
63010101,35.0757,38.9862,505,32605,0.0933449,1,1,929550,929045,505
63013021,40.6151,38.1972,509,32670,0.042669,0.92,1,929592,929083,509
63015941,28.123,40.4394,493,32735,0.0165338,0.83,1,929617,929124,493
63018861,7.22461,32.0879,465,32800,0.0273068,0.65,1,929619,929154,465
63021781,23.0449,35.2176,456,32864,0.0454613,0.43,1,929646,929190,456
63024701,50.209,66.2435,439,32928,0.0330923,0.01,1,929703,929264,439
63027621,82.8418,99.6487,422,32992,0.0466185,0,1,929794,929372,422
63030541,43.7684,46.3297,423,33056,0.0173237,0.03,1,929828,929405,423
63033461,39.1537,40.4659,422,33120,0.0114647,0.01,1,929866,929444,422
63036381,37.4307,36.8932,423,33184,0.0102929,0.03,1,929903,929480,423
63039301,35.4861,35.3786,423,33248,0.0100586,0.11,1,929938,929515,423
63042221,35.0972,35.0757,423,33312,0.0420117,0.03,1,929973,929550,423
63045141,40.6194,40.6151,423,33375,0.0484023,0.01,1,930015,929592,423
63048061,28.1239,28.123,423,33438,0.0496805,0.03,1,930040,929617,423
63050981,7.22478,7.22461,423,33501,0.0179361,0.05,1,930042,929619,423
63053901,23.845,23.0449,424,33564,0.00358722,0.03,1,930070,929646,424
63056821,49.569,50.209,423,33627,0.0407174,0.05,1,930126,929703,423
63059741,82.7138,82.8418,423,33690,0.0321435,0.01,1,930217,929794,423
63062661,42.9428,43.7684,422,33753,0.0464287,0.01,1,930250,929828,422
63065581,38.9886,39.1537,422,33816,0.0172857,0.01,1,930288,929866,422
63068501,37.3977,37.4307,422,33879,0.0434571,0.01,1,930325,929903,422
63071421,35.4795,35.4861,422,33941,0.0646914,0.05,1,930360,929938,422
63074341,36.6959,35.0972,424,34003,0.0209383,0.05,1,930397,929973,424
63077261,39.3392,40.6194,422,34065,0.0921877,0.05,1,930437,930015,422
63080181,27.8678,28.1239,422,34127,0.154438,0.01,1,930462,930040,422
63083101,7.17357,7.22478,422,34189,0.134888,0,1,930464,930042,422
63086021,23.8347,23.845,422,34251,0.0989775,0,1,930492,930070,422
63088941,49.5669,4.76899,478,34313,0.0917955,0.05,1,930548,930070,478
63091861,81.9134,45.7538,512,34375,0.0583591,0.03,1,930638,930126,512
63094781,43.5827,81.9508,455,34437,0.0516718,0.05,1,930672,930217,455
63097701,38.3165,42.7902,459,34498,0.0343344,0.01,1,930709,930250,459
63100621,37.2633,38.958,458,34559,0.0468669,0.05,1,930746,930288,458
63103541,35.4527,37.3916,456,34620,0.0333734,0.07,1,930781,930325,456
63106461,37.4905,35.4783,459,34681,0.0146747,0.01,1,930819,930360,459
63109381,41.8981,36.6957,465,34742,0.0589349,0.11,1,930862,930397,465
63112301,29.9796,39.3391,452,34803,0.051787,0.17,1,930889,930437,452
63115221,7.59592,27.8678,429,34864,0.0503574,0.13,1,930891,930462,429
63118141,22.3192,7.17356,453,34925,0.0500715,0.09,1,930917,930464,453
63121061,47.6638,23.8347,479,34986,0.0660143,0.09,1,930971,930492,479
63123981,79.9328,49.5669,511,35046,0.101203,0.05,1,931059,930548,511
63126901,43.9866,81.9134,456,35106,0.0602406,0.05,1,931094,930638,456
63129821,37.5973,43.5827,458,35166,0.0360481,0.03,1,931130,930672,458
63132741,37.9195,38.3165,459,35226,0.0312096,0.05,1,931168,930709,459
63135661,35.5839,37.2633,457,35286,0.0302419,0.03,1,931203,930746,457
63138581,37.5168,35.4527,460,35346,0.0300484,0.01,1,931241,930781,460
63141501,43.5034,37.4905,467,35406,0.0460097,0.07,1,931286,930819,467
63144421,29.5007,41.8981,450,35466,0.0492019,0.05,1,931312,930862,450
63147341,7.50013,29.9796,425,35526,0.0658404,0.05,1,931314,930889,425
63150261,22.3,7.59592,449,35586,0.0851681,0.05,1,931340,930891,449
63153181,48.46,22.3192,478,35645,0.0890336,0.07,1,931395,930917,478
63156101,11.292,47.6638,426,35704,0.0898067,0.11,1,931397,930971,426
63159021,73.4584,79.9328,427,35763,0.185961,0.05,1,931486,931059,427
63161941,40.2917,43.9866,424,35822,0.205192,0.03,1,931518,931094,424
63164861,35.2583,37.5973,422,35881,0.225038,0.03,1,931552,931130,422
63167781,38.2517,37.9195,423,35940,0.0690077,0.03,1,931591,931168,423
63170701,35.6503,35.5839,423,35999,0.0698015,0.03,1,931626,931203,423
63173621,36.7301,37.5168,422,36058,0.0379603,0.05,1,931663,931241,422
63176541,44.946,43.5034,424,36117,0.0315921,0.05,1,931710,931286,424
63179461,31.3892,29.5007,426,36176,0.0303184,0.07,1,931738,931312,426
63182381,7.87784,7.50013,426,36234,0.0300637,0.09,1,931740,931314,426
63185301,22.3756,22.3,426,36292,0.0300127,0.09,1,931766,931340,426
63188221,49.2751,48.46,427,36350,0.0620025,0.09,1,931822,931395,427
63191141,11.455,11.292,427,36408,0.0684005,0.21,1,931824,931397,427
63194061,77.491,73.4584,432,36466,0.22968,0.21,1,931918,931486,432
63196981,41.0982,40.2917,432,36524,0.277936,0.23,1,931950,931518,432
63199901,33.0196,35.2583,429,36582,0.271587,0.03,1,931981,931552,429
63202821,33.8039,38.2517,424,36640,0.302317,0.07,1,932015,931591,424
63205741,35.5608,35.6503,425,36698,0.308463,0.03,1,932051,931626,425
63208661,34.3122,36.7301,422,36756,0.277693,0.03,1,932085,931663,422
63211581,45.2624,44.946,423,36813,0.287539,0.03,1,932133,931710,423
63214501,31.4525,31.3892,423,36870,0.257508,0.03,1,932161,931738,423
63217421,7.8905,7.87784,423,36927,0.251502,0.03,1,932163,931740,423
63220341,22.3781,22.3756,423,36984,0.2503,0.07,1,932189,931766,423
63223261,50.8756,49.2751,425,37041,0.28206,0.07,1,932247,931822,425
63226181,11.7751,11.455,425,37098,0.320412,0.27,1,932249,931824,425
63229101,83.955,77.491,433,37155,0.376082,0.27,1,932351,931918,433
63232021,42.391,15.4982,465,37212,0.387216,0.29,1,932383,931918,465
63234941,34.0782,28.6996,465,37269,0.389443,0.27,1,932415,931950,465
63237861,34.0156,30.5399,468,37326,0.389889,0.31,1,932449,931981,468
63240781,35.6031,33.308,470,37383,0.437978,0.31,1,932485,932015,470
63243701,32.7206,35.4616,466,37440,0.479596,0.27,1,932517,932051,466
63246621,45.7441,34.2923,481,37496,0.535919,0.29,1,932566,932085,481
63249541,31.5488,45.2585,461,37552,0.547184,0.25,1,932594,932133,461
63252461,7.90976,31.4517,435,37608,0.549437,0.25,1,932596,932161,435
63255381,23.182,7.89034,460,37664,0.565887,0.25,1,932623,932163,460
63258301,52.6364,22.3781,494,37720,0.569177,0.29,1,932683,932189,494
63261221,12.1273,50.8756,438,37776,0.537835,0.33,1,932685,932247,438
63264141,85.6255,11.7751,540,37832,0.547567,0.39,1,932789,932249,540
63267061,44.3251,83.955,472,37888,0.533513,0.39,1,932823,932351,472
63269981,34.465,42.391,472,37944,0.530703,0.39,1,932855,932383,472
63272901,34.093,34.0782,474,38000,0.54614,0.39,1,932889,932415,474
63275821,38.8186,34.0156,480,38056,0.533228,0.45,1,932929,932449,480
63278741,34.1637,35.6031,477,38112,0.546646,0.49,1,932962,932485,477
63281661,48.4327,32.7206,497,38167,0.549329,0.55,1,933014,932517,497
63284581,32.0865,45.7441,476,38222,0.549866,0.55,1,933042,932566,476
63287501,8.01731,31.5488,450,38277,0.549973,0.55,1,933044,932594,450
63290421,22.4035,7.90976,474,38332,0.549995,0.57,1,933070,932596,474
63293341,52.4807,23.182,507,38387,0.581999,0.57,1,933130,932623,507
63296261,12.0961,52.6364,449,38442,0.5884,0.53,1,933132,932683,449
63299181,87.2192,12.1273,553,38497,0.58968,0.55,1,933238,932685,553
63302101,43.0438,85.6255,481,38552,0.621936,0.53,1,933270,932789,481
63305021,34.2088,44.3251,479,38607,0.660387,0.53,1,933302,932823,479
63307941,8.44175,34.465,449,38662,0.668077,0.55,1,933304,932855,449
63310861,29.6884,34.093,450,38717,0.685615,0.53,1,933339,932889,450
63313781,36.3377,38.8186,448,38772,0.705123,0.55,1,933377,932929,448
63316701,35.2675,34.1637,450,38826,0.757025,0.55,2,933412,932962,450
63319621,47.8535,48.4327,449,38880,0.767405,0.55,2,933463,933014,449
63322541,31.9707,32.0865,449,38934,0.785481,0.55,2,933491,933042,449
63325461,7.99414,8.01731,449,38988,0.789096,0.55,2,933493,933044,449
63328381,22.3988,22.4035,449,39042,0.821819,0.59,2,933519,933070,449
63331301,54.0798,52.4807,451,39096,0.812364,0.59,2,933581,933130,451
63334221,12.416,12.0961,451,39150,0.842473,0.59,2,933583,933132,451
63337141,88.8832,87.2192,453,39204,0.832495,0.63,2,933691,933238,453
63340061,43.3766,43.0438,453,39258,0.894499,0.67,2,933723,933270,453
63488981,35,26,505,41914,0.85,1,2,935513,935008,505
63491901,67,70,499,41964,0.674,1,1,935588,935089,499
63494821,35.8,47.6,485,42014,0.6068,1,1,935616,935131,485
63497741,38.36,41.52,484,42064,0.59336,0.93,1,935655,935171,484
63500661,37.272,30.704,493,42114,0.510672,1,1,935692,935199,493
63503581,31.4544,30.9408,492,42164,0.478134,1,1,935722,935230,492
63506501,15.8909,28.5882,476,42214,0.471627,1,1,935734,935258,476
63509421,30.3782,33.7176,475,42264,0.406325,1,1,935768,935293,475
63512341,30.8756,30.7435,476,42314,0.473265,1,1,935799,935323,476
63515261,24.5751,30.1487,469,42364,0.454653,0.85,1,935822,935353,469
63518181,28.115,28.4297,470,42414,0.354931,0.93,1,935851,935381,470
63521101,24.823,28.0859,466,42464,0.398986,0.93,1,935875,935409,466
63524021,26.5646,26.4172,467,42514,0.423797,0.79,1,935902,935435,467
63526941,34.9129,39.6834,461,42564,0.444759,0.85,1,935939,935478,461
63529861,34.9826,35.9367,461,42614,0.432952,0.63,1,935974,935513,461
63532781,62.1965,67.1873,455,42664,0.51059,0.59,1,936043,935588,455
63535701,30.8393,35.8375,450,42713,0.478118,0.59,1,936066,935616,450
63538621,34.9679,38.3675,447,42762,0.487624,0.49,1,936102,935655,447
63541541,35.7936,37.2735,446,42811,0.473525,0.47,1,936138,935692,446
63544461,27.9587,31.4547,442,42860,0.502705,0.47,1,936164,935722,442
63547381,15.1917,15.8909,442,42909,0.508541,0.39,1,936176,935734,442
63550301,30.2383,30.3782,442,42958,0.525708,0.49,1,936210,935768,442
63553221,32.4477,30.8756,444,43007,0.545142,0.49,1,936243,935799,444
63556141,21.6895,6.17513,463,43056,0.517028,0.45,1,936262,935799,463
63559061,26.7379,19.635,468,43105,0.511406,0.33,1,936290,935822,468
63561981,26.1476,27.127,465,43154,0.510281,0.41,1,936316,935851,465
63564901,26.0295,24.6254,467,43203,0.510056,0.43,1,936342,935875,467
63567821,34.0059,26.5251,476,43252,0.542011,0.45,1,936378,935902,476
63570741,37.2012,34.905,477,43301,0.596402,0.43,1,936416,935939,477
63573661,63.4402,34.981,512,43350,0.67128,0.53,1,936486,935974,512
63576581,30.288,62.1962,465,43399,0.686256,0.47,1,936508,936043,465
63579501,37.2576,30.8392,481,43448,0.689251,0.49,1,936547,936066,481
63582421,35.4515,34.9678,480,43497,0.70585,0.47,1,936582,936102,480
63585341,29.4903,35.7936,472,43546,0.72517,0.51,1,936610,936138,472
63588261,13.8981,27.9587,456,43594,0.729034,0.51,1,936620,936164,456
63591181,30.7796,15.1917,479,43642,0.713807,0.53,1,936655,936176,479
63594101,33.3559,30.2383,479,43690,0.726761,0.55,1,936689,936210,479
63597021,21.8712,32.4477,465,43738,0.713352,0.51,1,936708,936243,465
63599941,26.7742,21.6895,474,43786,0.72667,0.51,1,936736,936262,474
63602861,26.1548,26.7379,472,43834,0.761334,0.51,2,936762,936290,472
63605781,26.831,26.1476,473,43882,0.784267,0.51,2,936789,936316,473
63608701,35.7662,26.0295,485,43930,0.724853,0.55,1,936827,936342,485
63611621,39.1532,34.0059,489,43978,0.728971,0.61,1,936867,936378,489
63614541,67.0306,37.2012,525,44026,0.665794,0.69,1,936941,936416,525
63617461,31.8061,63.4402,478,44074,0.669159,0.69,1,936964,936486,478
63620381,36.7612,30.288,494,44122,0.669832,0.69,1,937002,936508,494
63623301,36.1522,37.2576,491,44170,0.701966,0.71,1,937038,936547,491
63626221,30.4304,35.4515,485,44218,0.724393,0.73,1,937067,936582,485
63629141,14.0861,29.4903,467,44266,0.728879,0.73,1,937077,936610,467
63632061,30.0172,13.8981,491,44314,0.729776,0.71,1,937111,936620,491
63634981,34.0034,30.7796,491,44362,0.713955,0.73,1,937146,936655,491
63637901,22.0007,33.3559,476,44410,0.726791,0.71,1,937165,936689,476
63640821,26.8001,21.8712,485,44457,0.729358,0.73,1,937193,936708,485
63643741,6.96003,26.7742,459,44504,0.729872,0.77,1,937195,936736,459
63646661,22.992,26.1548,460,44551,0.793974,0.79,2,937222,936762,460
63649581,25.3984,26.831,459,44598,0.774795,0.71,2,937248,936789,459
63652501,33.8797,35.7662,457,44645,0.818959,0.73,2,937284,936827,457
63655421,39.5759,39.1532,458,44692,0.811792,0.65,2,937325,936867,458
63658341,63.9152,67.0306,454,44739,0.906358,0.67,2,937395,936941,454
63813101,27,34,501,47173,0.83,1,2,939059,938558,501
63816021,27.8,19.6,513,47218,0.814,1,2,939087,938574,513
63818941,25.56,27.12,509,47263,0.8428,1,2,939112,938603,509
63821861,16.312,27.824,495,47308,0.80056,1,2,939126,938631,495
63824781,13.6624,16.7648,494,47353,0.744112,0.98,1,939139,938645,494
63827701,24.3325,16.953,504,47398,0.748822,1,1,939166,938662,504
63830621,31.2665,28.9906,505,47442,0.701764,1,1,939199,938694,505
63833541,13.4533,29.7981,484,47486,0.676353,1,1,939208,938724,484
63836461,69.0907,71.5596,485,47530,0.623271,1,1,939291,938806,485
63839381,37.0181,42.3119,479,47574,0.580654,0.94,1,939320,938841,479
63842301,27.4036,34.0624,472,47618,0.556131,0.89,1,939345,938873,472
63845221,37.4807,41.2125,469,47662,0.487226,0.97,1,939385,938916,469
63848141,33.8961,35.4425,468,47706,0.473445,0.88,1,939418,938950,468
63851061,25.1792,30.2885,462,47750,0.454689,0.91,1,939441,938979,462
63853981,24.2358,28.4577,458,47794,0.482938,0.77,1,939465,939007,458
63856901,29.6472,25.6915,464,47838,0.472588,0.83,1,939496,939032,464
63859821,25.9294,26.7383,462,47882,0.454518,0.81,1,939521,939059,462
63862741,25.9859,27.7477,460,47926,0.466904,0.85,1,939547,939087,460
63865661,27.5972,25.5495,463,47970,0.437381,0.79,1,939575,939112,463
63868581,13.5194,16.3099,459,48014,0.431476,0.73,1,939585,939126,459
63871501,14.7039,13.662,461,48058,0.446295,0.75,1,939600,939139,461
63874421,21.3408,24.3324,457,48102,0.465259,0.69,1,939623,939166,457
63877341,28.2682,31.2665,454,48146,0.485052,0.67,1,939653,939199,454
63880261,10.4536,13.4533,451,48190,0.48901,0.61,1,939659,939208,451
63883181,69.2907,69.0907,452,48234,0.585802,0.57,1,939743,939291,452
63886101,34.6581,37.0181,449,48278,0.60516,0.55,1,939769,939320,449
63889021,23.7316,27.4036,445,48322,0.593032,0.47,1,939790,939345,445
63891941,35.9463,37.4807,444,48366,0.574606,0.47,1,939829,939385,444
63894861,32.7893,33.8961,443,48410,0.634921,0.45,1,939861,939418,443
63897781,24.9579,25.1792,443,48454,0.662984,0.49,1,939884,939441,443
63900701,25.7916,24.2358,445,48497,0.700597,0.47,1,939910,939465,445
63903621,28.3583,29.6472,443,48540,0.692119,0.45,1,939939,939496,443
63906541,26.4717,25.9294,444,48583,0.706424,0.47,1,939965,939521,444
63909461,25.2943,25.9859,443,48626,0.757285,0.43,2,939990,939547,443
63912381,27.4589,27.5972,443,48669,0.735457,0.43,1,940018,939575,443
63915301,14.2918,13.5194,444,48712,0.747091,0.45,1,940029,939585,444
63918221,14.8584,14.7039,444,48755,0.733418,0.47,1,940044,939600,444
63921141,22.1717,21.3408,445,48798,0.730684,0.49,1,940068,939623,445
63924061,29.2343,28.2682,446,48841,0.746137,0.49,1,940099,939653,446
63926981,10.6469,5.65363,452,48884,0.749227,0.49,1,940105,939653,452
63929901,71.7294,5.93073,533,48927,0.717845,0.61,1,940192,939659,533
63932821,35.1459,68.3861,475,48970,0.727569,0.61,1,940218,939743,475
63935741,24.6292,34.4772,471,49013,0.729514,0.59,1,940240,939769,471
63938661,35.3258,23.6954,488,49056,0.729903,0.57,1,940278,939790,488
63941581,35.8652,35.9391,485,49099,0.697981,0.65,1,940314,939829,485
63944501,26.373,32.7878,477,49142,0.723596,0.67,1,940338,939861,477
63947421,26.0746,24.9576,480,49185,0.728719,0.71,1,940364,939884,480
63950341,29.2149,25.7915,484,49228,0.761744,0.69,2,940394,939910,484
63953261,27.443,28.3583,482,49271,0.784349,0.71,2,940421,939939,482
63956181,26.2886,26.4717,482,49314,0.82087,0.77,2,940447,939965,482
63959101,27.6577,25.2943,485,49357,0.828174,0.73,2,940475,939990,485
63962021,15.1315,27.4589,469,49400,0.845635,0.75,2,940487,940018,469
63964941,14.2263,14.2918,472,49443,0.849127,0.73,2,940501,940029,472
63967861,22.0453,14.8584,481,49486,0.849825,0.73,2,940525,940044,481
63970781,28.4091,22.1717,487,49529,0.865965,0.75,2,940555,940068,487
63973701,10.4818,29.2343,462,49572,0.869193,0.75,2,940561,940099,462
63976621,72.4964,10.6469,544,49615,0.885839,0.71,2,940649,940105,544
63979541,35.2993,71.7294,483,49657,0.905168,0.73,2,940675,940192,483
63982461,24.6599,35.1459,479,49699,0.909034,0.73,2,940697,940218,479
63985381,35.332,24.6292,495,49741,0.925807,0.73,2,940735,940240,495
63988301,35.8664,35.3258,493,49783,0.929161,0.69,2,940771,940278,493
63991221,26.3733,35.8652,481,49825,0.913832,0.73,2,940795,940314,481
63994141,26.0747,26.373,483,49867,0.910766,0.73,2,940821,940338,483
63997061,32.4149,26.0746,491,49909,0.910153,0.77,2,940855,940364,491
63999981,28.083,29.2149,488,49951,0.894031,0.79,2,940882,940394,488
64002901,27.2166,27.443,488,49993,0.874806,0.83,2,940909,940421,488
64005821,28.6433,26.2886,491,50035,0.886961,0.83,2,940938,940447,491
64008741,15.3287,27.6577,475,50077,0.857392,0.85,2,940950,940475,475
64011661,14.2657,15.1315,477,50119,0.851478,0.85,2,940964,940487,477
64014581,22.0531,14.2263,487,50161,0.850296,0.85,2,940988,940501,487
64017501,30.0106,22.0453,495,50203,0.818059,0.87,2,941020,940525,495
64020421,10.8021,28.4091,471,50245,0.859612,0.87,2,941026,940555,471
64023341,72.5604,10.4818,553,50287,0.915922,0.89,2,941114,940561,553
64026261,16.1121,72.4964,467,50329,0.927184,0.91,2,941116,940649,467
64186861,31,22,506,52581,0.75,1,2,942669,942163,506
64189781,25.4,26,503,52621,0.766,1,2,942693,942190,503
64192701,35.48,26.8,514,52661,0.6732,1,1,942731,942217,514
64195621,23.096,32.56,500,52701,0.57464,1,1,942751,942251,500
64198541,27.0192,29.712,499,52741,0.586928,1,1,942779,942280,499
64201461,26.2038,27.5424,498,52781,0.557386,1,1,942805,942307,498
64204381,34.8408,23.1085,513,52821,0.439477,0.93,1,942842,942329,513
64207301,26.1682,31.8217,503,52861,0.351895,0.99,1,942866,942363,503
64210221,24.4336,27.9643,500,52901,0.382379,1,1,942890,942390,500
64213141,21.6867,20.7929,502,52941,0.308476,1,1,942911,942409,502
64216061,30.7373,26.5586,507,52981,0.229695,1,1,942944,942437,507
64218981,29.3475,29.3117,506,53021,0.229939,1,1,942973,942467,506
64221901,29.8695,29.8623,506,53061,0.197988,1,1,943003,942497,506
64224821,23.5739,37.1725,489,53101,0.159598,1,1,943025,942536,489
64227741,23.9148,25.8345,490,53141,0.11992,1,1,943049,942559,490
64230661,27.183,27.5669,490,53181,0.143984,0.79,1,943077,942587,490
64233581,22.2366,27.9134,483,53221,0.148797,0.8,1,943098,942615,483
64236501,6.04732,23.9827,462,53261,0.149759,0.75,1,943100,942638,462
64239421,25.2095,29.5965,461,53301,0.117952,0.77,1,943130,942669,461
64242341,18.6419,25.1193,454,53340,0.15959,0.65,1,943147,942693,454
64245261,32.5284,35.4239,452,53379,0.167918,0.55,1,943183,942731,452
64248181,21.7057,23.0848,451,53418,0.185584,0.59,1,943202,942751,451
64251101,22.7411,27.017,446,53457,0.173117,0.55,1,943225,942779,446
64254021,24.5482,26.2034,445,53496,0.122623,0.41,1,943250,942805,445
64256941,32.1096,34.8407,442,53535,0.160525,0.33,1,943284,942842,442
64259861,20.8219,26.1681,436,53574,0.136105,0.39,1,943302,942866,436
64262781,20.1644,24.4336,432,53613,0.179221,0.29,1,943322,942890,432
64265701,24.0329,21.6867,436,53652,0.107844,0.21,1,943347,942911,436
64268621,27.2066,30.7373,431,53691,0.141569,0.23,1,943375,942944,431
64271541,27.8413,29.3475,430,53730,0.148314,0.19,1,943403,942973,430
64274461,29.5683,29.8695,430,53769,0.181663,0.15,1,943433,943003,430
64277381,21.1137,23.5739,427,53808,0.188333,0.11,1,943452,943025,427
64280301,24.2227,23.9148,428,53847,0.173667,0.15,1,943477,943049,428
64283221,29.6445,27.183,431,53886,0.170733,0.15,1,943508,943077,431
64286141,21.1289,22.2366,429,53925,0.170147,0.15,1,943527,943098,429
64289061,5.82578,6.04732,429,53964,0.170029,0.11,1,943529,943100,429
64291981,23.5652,25.2095,427,54003,0.186006,0.17,1,943557,943130,427
64294901,17.513,18.6419,426,54042,0.253201,0.17,1,943573,943147,426
64297821,33.9026,32.5284,428,54081,0.26664,0.19,1,943611,943183,428
64300741,22.7805,21.7057,429,54120,0.269328,0.17,1,943631,943202,429
64303661,20.5561,22.7411,426,54159,0.285866,0.11,1,943651,943225,426
64306581,26.5112,24.5482,429,54198,0.289173,0.17,1,943679,943250,429
64309501,30.1022,32.1096,426,54237,0.337835,0.13,1,943710,943284,426
64312421,22.8204,20.8219,429,54276,0.347567,0.19,1,943731,943302,429
64315341,18.9641,20.1644,427,54315,0.349513,0.09,1,943749,943322,427
64318261,22.9928,24.0329,426,54354,0.317903,0.15,1,943773,943347,426
64321181,29.3986,27.2066,429,54393,0.359581,0.15,1,943804,943375,429
64324101,29.8797,27.8413,431,54432,0.367916,0.19,1,943834,943403,431
64327021,29.1759,29.5683,430,54471,0.385583,0.19,1,943863,943433,430
64329941,20.2352,21.1137,429,54510,0.357117,0.17,1,943881,943452,429
64332861,25.647,24.2227,431,54549,0.367423,0.17,1,943908,943477,431
64335781,29.1294,29.6445,430,54588,0.385485,0.17,1,943938,943508,430
64338701,21.8259,21.1289,431,54627,0.405097,0.17,1,943958,943527,431
64341621,5.96518,5.82578,431,54666,0.409019,0.19,1,943960,943529,431
64344541,24.393,23.5652,432,54704,0.393804,0.19,1,943989,943557,432
64347461,17.6786,4.71303,448,54742,0.374761,0.27,1,944005,943557,448
64350381,35.5357,13.7426,472,54780,0.386952,0.27,1,944045,943573,472
64353301,23.1071,33.1485,454,54818,0.38939,0.27,1,944065,943611,454
64356221,21.4214,22.6297,455,54856,0.373878,0.29,1,944086,943631,455
64359141,26.6843,20.5259,463,54894,0.370776,0.29,1,944114,943651,463
64362061,31.7369,26.5052,468,54932,0.370155,0.35,1,944147,943679,468
64364981,22.3474,30.101,457,54970,0.402031,0.35,1,944167,943710,457
64367901,18.8695,22.8202,454,55008,0.424406,0.35,1,944185,943731,454
64370821,22.9739,18.964,460,55046,0.428881,0.31,1,944209,943749,460
64373741,31.7948,22.9928,470,55084,0.429776,0.37,1,944243,943773,470
64376661,30.359,29.3986,469,55122,0.445955,0.37,1,944273,943804,469
64379581,28.4718,29.8797,467,55160,0.481191,0.39,1,944301,943834,467
64382501,20.0944,29.1759,456,55198,0.504238,0.35,1,944319,943863,456
64385421,26.4189,20.2352,466,55236,0.540848,0.37,1,944347,943881,466
64388341,30.8838,25.647,471,55274,0.580169,0.39,1,944379,943908,471
64391261,20.5768,29.1294,459,55312,0.556034,0.41,1,944397,943938,459
64394181,5.71535,21.8259,441,55350,0.551207,0.41,1,944399,943958,441
64397101,23.5431,5.96518,467,55388,0.550241,0.39,1,944427,943960,467
64400021,18.3086,24.393,455,55426,0.566048,0.37,1,944444,943989,455
64402941,36.4617,17.6786,480,55464,0.55321,0.39,1,944485,944005,480
64405861,23.2923,35.5357,460,55502,0.598642,0.39,1,944505,944045,460
64408781,20.6585,23.1071,460,55540,0.607728,0.37,1,944525,944065,460
64411701,27.3317,21.4214,468,55578,0.625546,0.37,1,944554,944086,468
64414621,32.6663,26.6843,474,55616,0.597109,0.37,1,944588,944114,474
64417541,23.3333,31.7369,462,55654,0.607422,0.41,1,944609,944147,462
64420461,19.0667,22.3474,460,55692,0.609484,0.43,1,944627,944167,460
64423381,23.0133,18.8695,466,55730,0.609897,0.43,1,944651,944185,466
64426301,31.8027,22.9739,476,55768,0.609979,0.43,1,944685,944209,476
64429221,31.9605,31.7948,474,55806,0.609996,0.45,1,944717,944243,474
64432141,30.3921,30.359,474,55844,0.577999,0.49,1,944747,944273,474
64435061,20.4784,28.4718,464,55882,0.5396,0.51,1,944765,944301,464
64437981,28.0957,20.0944,476,55920,0.57992,0.55,1,944795,944319,476
64440901,31.2191,26.4189,480,55958,0.587984,0.59,1,944827,944347,480
64443821,20.6438,30.8838,466,55996,0.589597,0.55,1,944845,944379,466
64446741,5.72877,20.5768,450,56034,0.589919,0.55,1,944847,944397,450
64449661,23.5458,5.71535,476,56072,0.605984,0.55,1,944875,944399,476
64452581,19.1092,23.5431,466,56110,0.609197,0.57,1,944893,944427,466
64455501,37.4218,18.3086,491,56147,0.625839,0.55,1,944935,944444,491
64458421,9.08437,36.4617,452,56184,0.629168,0.61,1,944937,944485,452
64461341,17.8169,23.2923,452,56221,0.693834,0.61,1,944957,944505,452
64464261,19.5634,20.6585,452,56258,0.690767,0.63,1,944977,944525,452
64467181,26.3127,27.3317,451,56295,0.690153,0.59,1,945005,944554,451
64470101,33.2625,32.6663,452,56332,0.722031,0.61,1,945040,944588,452
64473021,23.4525,23.3333,452,56369,0.760406,0.61,2,945061,944609,452
64475941,19.0905,19.0667,452,56406,0.784081,0.61,2,945079,944627,452
64478861,23.0181,23.0133,452,56443,0.788816,0.61,2,945103,944651,452
64481781,31.8036,31.8027,452,56480,0.805763,0.61,2,945137,944685,452
64484701,30.3607,31.9605,450,56517,0.777153,0.57,2,945167,944717,450
64487621,28.4721,30.3921,448,56554,0.77143,0.53,2,945195,944747,448
64490541,20.0944,20.4784,448,56591,0.802286,0.59,2,945213,944765,448
64493461,30.4189,28.0957,451,56628,0.872457,0.59,2,945246,944795,451
64496381,31.6838,31.2191,451,56665,0.870491,0.59,2,945278,944827,451
64499301,20.7368,20.6438,451,56702,0.886098,0.59,2,945296,944845,451
64502221,5.74735,5.72877,451,56739,0.88922,0.61,2,945298,944847,451
64854081,32,30,495,30228,0.83,0.98,2,949459,948964,495
64857001,70.4,68.4,497,30298,0.846,1,2,949539,949042,497
64859921,44.48,62.48,474,30368,0.8492,1,2,949577,949103,474
64862841,80.896,78.896,481,30438,0.80184,1,2,949667,949186,481
64865761,40.1792,45.3792,474,30508,0.792368,0.81,2,949697,949223,474
64868681,28.8358,33.0758,470,30577,0.822474,0.95,2,949723,949253,470
64871601,26.5672,26.6152,471,30646,0.796495,0.93,2,949749,949278,471
64874521,35.7134,39.723,466,30715,0.855299,0.93,2,949787,949321,466
64877441,36.7427,36.7446,467,30784,0.85106,0.91,2,949824,949357,467
64880361,59.3485,63.3489,462,30853,0.866212,0.83,2,949889,949427,462
64883281,38.2697,38.2698,463,30922,0.853242,0.85,2,949922,949459,463
64886201,69.2539,71.654,460,30990,0.834648,0.85,2,949999,949539,460
64889121,45.8508,44.7308,462,31058,0.87893,0.79,2,950039,949577,462
64892041,75.5702,80.9462,455,31126,0.919786,0.79,2,950122,949667,455
64894961,43.914,40.1892,461,31194,0.911957,0.83,2,950158,949697,461
64897881,29.5828,28.8378,461,31262,0.910391,0.79,2,950184,949723,461
64900801,26.7166,26.5676,461,31330,0.910078,0.79,2,950210,949749,461
64903721,38.1433,5.31351,502,31398,0.894016,0.87,2,950251,949749,502
64906641,36.4287,31.4627,500,31465,0.906803,0.85,2,950287,949787,500
64909561,60.0857,35.8925,529,31532,0.941361,0.87,2,950353,949824,529
65032201,37,19,517,34237,0.65,1,1,952232,951715,517
65035121,33.8,3.8,550,34299,0.586,1,1,952265,951715,550
65038041,39.56,48.76,531,34361,0.3492,1,1,952306,951775,531
65040961,39.912,44.152,528,34423,0.22184,1,1,952346,951818,528
65043881,67.9824,63.2304,535,34484,0.068368,1,1,952421,951886,535
65046801,69.5965,58.2461,548,34545,0.117674,1,1,952491,951943,548
65049721,61.1193,71.6492,532,34606,0.0475347,0.99,1,952550,952018,532
65052641,41.0239,60.7298,510,34667,0.0335069,1,1,952586,952076,510
65055561,29.8048,41.746,500,34728,0.0467014,0.96,1,952613,952113,500
65058481,13.161,33.9492,477,34789,0.0493403,0.84,1,952622,952145,477
65061401,23.4322,23.5898,482,34850,0.0498681,0.71,1,952648,952166,482
65064321,30.2864,27.918,485,34911,0.0339736,0.65,1,952680,952195,485
65067241,28.4573,35.1836,476,34972,0.0947947,0.57,1,952708,952232,476
65070161,31.2915,33.4367,475,35032,0.0589589,0.29,1,952740,952265,475
65073081,35.0583,39.4873,470,35092,0.0517918,0.19,1,952776,952306,470
65076001,59.8117,39.8975,496,35152,0.0503584,0.03,1,952842,952346,496
65078921,71.9623,67.9795,496,35212,0.0180717,0.13,1,952917,952421,496
65081841,59.9925,69.5959,483,35272,0.0916143,0.03,1,952974,952491,483
65084761,39.1985,61.1192,458,35332,0.138323,0.03,1,953008,952550,458
65087681,30.2397,41.0238,450,35392,0.131665,0.05,1,953036,952586,450
65090601,12.4479,29.8048,431,35452,0.162333,0.05,1,953044,952613,431
65093521,22.4896,13.161,447,35512,0.152467,0.05,1,953069,952622,447
65096441,31.6979,23.4322,455,35572,0.166493,0.03,1,953103,952648,455
65099361,29.5396,30.2864,452,35631,0.185299,0.11,1,953132,952680,452
65102281,31.5079,28.4573,456,35690,0.18906,0.05,1,953164,952708,456
65105201,7.90158,31.2915,426,35749,0.157812,0.05,1,953166,952740,426
65108121,28.7803,35.0583,424,35808,0.199562,0.05,1,953200,952776,424
65111041,57.7561,59.8117,423,35867,0.223912,0.01,1,953265,952842,423
65113961,71.5512,71.9623,423,35926,0.196782,0.11,1,953340,952917,423
65116881,63.9102,59.9925,428,35985,0.111356,0.15,1,953402,952974,428
65119801,39.182,39.1985,427,36044,0.126271,0.13,1,953435,953008,427
65122721,32.6364,30.2397,430,36103,0.145254,0.17,1,953466,953036,430
65125641,12.9273,12.4479,430,36162,0.197051,0.15,1,953474,953044,430
65128561,20.1855,22.4896,427,36220,0.17541,0.17,1,953496,953069,427
65131481,33.6371,31.6979,430,36278,0.171082,0.19,1,953533,953103,430
65134401,29.1274,29.5396,429,36336,0.186216,0.19,1,953561,953132,429
65137321,31.4255,31.5079,429,36394,0.221243,0.15,1,953593,953164,429
65140241,7.8851,7.90158,429,36452,0.196249,0.21,1,953595,953166,429
65143161,29.577,28.7803,430,36510,0.25525,0.23,1,953630,953200,430
65146081,58.7154,57.7561,431,36568,0.26705,0.19,1,953696,953265,431
65149001,70.1431,71.5512,429,36626,0.28541,0.09,1,953769,953340,429
65151921,59.6286,63.9102,424,36684,0.305082,0.13,1,953826,953402,424
65154841,41.5257,39.182,428,36742,0.229016,0.15,1,953863,953435,428
65157761,34.7051,32.6364,430,36800,0.229803,0.21,1,953896,953466,430
65160681,13.341,12.9273,430,36857,0.261961,0.17,1,953904,953474,430
65163601,20.2682,20.1855,430,36914,0.268392,0.17,1,953926,953496,430
65166521,33.6536,33.6371,430,36971,0.285678,0.19,1,953963,953533,430
65169441,29.9307,29.1274,431,37028,0.289136,0.23,1,953992,953561,431
65172361,31.5861,31.4255,431,37085,0.257827,0.19,1,954024,953593,431
65175281,7.91723,7.8851,431,37142,0.283565,0.19,1,954026,953595,431
65178201,30.3834,1.57702,467,37199,0.304713,0.27,1,954062,953595,467
65181121,60.4767,28.3154,500,37256,0.324943,0.27,1,954130,953630,500
65184041,69.6953,58.4631,506,37313,0.360989,0.29,1,954202,953696,506
65186961,60.3391,70.0926,491,37370,0.432198,0.31,1,954260,953769,491
65189881,39.2678,59.6185,468,37427,0.44644,0.21,1,954294,953826,468
65192801,35.0536,41.5237,465,37483,0.465288,0.23,1,954328,953863,465
65195721,13.4107,34.7047,440,37539,0.469058,0.27,1,954336,953896,440
65198641,20.2821,13.3409,454,37595,0.485812,0.27,1,954358,953904,454
65201561,34.4564,20.2682,470,37651,0.489162,0.29,1,954396,953926,470
65204481,30.0913,33.6536,462,37707,0.489832,0.29,1,954425,953963,462
65207401,31.6183,29.9307,465,37763,0.505966,0.25,1,954457,953992,465
65210321,7.92365,31.5861,435,37819,0.509193,0.29,1,954459,954024,435
65213241,32.7847,7.91723,472,37875,0.525839,0.31,1,954498,954026,472
65216161,61.7569,30.3834,505,37931,0.577168,0.33,1,954567,954062,505
65219081,73.1514,60.4767,513,37987,0.603434,0.37,1,954643,954130,513
65222001,62.6303,69.6953,501,38043,0.608687,0.45,1,954703,954202,501
65224921,39.7261,60.3391,477,38099,0.609737,0.45,1,954737,954260,477
65227841,35.9452,39.2678,478,38154,0.625947,0.47,1,954772,954294,478
65230761,14.389,35.0536,453,38209,0.629189,0.47,1,954781,954328,453
65233681,20.4778,13.4107,467,38264,0.661838,0.49,1,954803,954336,467
65236601,35.2956,20.2821,484,38319,0.684368,0.49,1,954842,954358,484
65239521,29.4591,34.4564,474,38374,0.704874,0.49,1,954870,954396,474
65242441,32.2918,30.0913,478,38429,0.692975,0.51,1,954903,954425,478
65245361,8.05836,31.6183,448,38484,0.690595,0.51,1,954905,954457,448
65248281,33.6117,7.92365,486,38539,0.690119,0.53,1,954945,954459,486
65251201,64.3223,32.7847,519,38594,0.722024,0.59,1,955017,954498,519
65254121,14.4645,61.7569,452,38649,0.728405,0.61,1,955019,954567,452
65257041,65.2929,73.1514,454,38704,0.761681,0.61,2,955097,954643,454
65259961,59.4586,62.6303,452,38759,0.816336,0.61,2,955155,954703,452
65262881,39.0917,39.7261,452,38813,0.827267,0.63,2,955189,954737,452
65265801,37.4183,35.9452,454,38867,0.877453,0.63,2,955226,954772,454
65268721,15.4837,14.389,455,38921,0.855491,0.67,2,955236,954781,455
65271641,20.6967,20.4778,455,38975,0.867098,0.69,2,955258,954803,455
65274561,36.9393,35.2956,457,39029,0.90142,0.71,2,955299,954842,457
65464361,32,27,505,42402,0.93,1,2,957656,957151,505
65467281,34.4,21.4,520,42452,0.818,1,2,957691,957171,520
65470201,25.28,33.08,507,42502,0.7636,1,2,957714,957207,507
65473121,22.656,32.216,497,42552,0.72072,1,1,957736,957239,497
65476041,26.9312,21.6432,506,42602,0.584144,1,1,957764,957258,506
65478961,34.1862,26.7286,514,42652,0.476829,1,1,957800,957286,514
65481881,24.4372,34.9457,499,42701,0.375366,1,1,957822,957323,499
65484801,44.0875,46.9891,498,42750,0.163073,1,1,957871,957373,498
65487721,36.8175,33.3978,503,42799,0.0326146,1,1,957906,957403,503
65490641,32.1635,47.4796,483,42848,0.0785229,1,1,957937,957454,483
65493561,63.2327,67.0959,482,42897,0.0237046,1,1,958008,957526,482
65496481,34.2465,40.6192,475,42946,0.0287409,0.93,1,958035,957560,475
65499401,34.0493,36.1238,474,42995,0.0617482,0.93,1,958069,957595,474
65502321,24.4099,7.22477,496,43044,0.0203496,0.96,1,958091,957595,496
65505241,29.682,24.645,498,43093,0.0600699,0.93,1,958122,957624,498
65508161,29.1364,30.529,495,43142,0.052014,0.79,1,958151,957656,495
65511081,19.4273,34.1058,477,43191,0.0344028,0.75,1,958168,957691,477
65514001,17.4855,25.2212,471,43240,0.0468806,0.71,1,958185,957714,471
65516921,21.8971,22.6442,472,43289,0.113376,0.55,1,958208,957736,472
65519841,29.1794,26.9288,475,43338,0.126675,0.45,1,958239,957764,475
65522761,17.8359,34.1858,454,43387,0.113335,0.35,1,958254,957800,454
65525681,39.5672,24.4372,477,43436,0.142667,0.11,1,958299,957822,477
65528601,31.1134,44.0874,457,43485,0.0685334,0,1,958328,957871,457
65531521,31.8227,36.8175,454,43534,0.133707,0.09,1,958360,957906,454
65534441,65.5645,32.1635,497,43582,0.0267413,0.01,1,958434,957937,497
65537361,33.1129,63.2327,451,43630,0.0613483,0.03,1,958459,958008,451
65540281,32.2226,34.2465,456,43678,0.0522697,0.07,1,958491,958035,456
65543201,25.6445,34.0493,446,43726,0.0504539,0.01,1,958515,958069,446
65546121,31.5289,24.4099,457,43774,0.0820908,0.07,1,958548,958091,457
65549041,27.1058,29.682,452,43822,0.120418,0.05,1,958574,958122,452
65551961,19.8212,29.1364,441,43870,0.128084,0.03,1,958592,958151,441
65554881,20.7642,19.4273,445,43918,0.113617,0.05,1,958613,958168,445
65557801,21.7528,17.4855,450,43966,0.110723,0.13,1,958635,958185,450
65560721,29.1506,21.8971,458,44014,0.126145,0.13,1,958666,958208,458
65563641,17.0301,29.1794,441,44062,0.129229,0.11,1,958680,958239,441
65566561,39.406,17.8359,471,44110,0.145846,0.15,1,958725,958254,471
65569481,27.0812,39.5672,450,44158,0.149169,0.05,1,958749,958299,450
65572401,36.6162,31.1134,460,44206,0.149834,0.15,1,958788,958328,460
65575321,62.5232,31.8227,497,44254,0.133967,0,1,958857,958360,497
65578241,32.5046,65.5645,448,44302,0.146793,0.07,1,958882,958434,448
65581161,32.9009,33.1129,456,44350,0.133359,0.05,1,958915,958459,456
65584081,24.9802,32.2226,447,44398,0.162672,0.05,1,958938,958491,447
65587001,33.796,25.6445,459,44446,0.216534,0.09,1,958974,958515,459
65589921,8.35921,31.5289,428,44493,0.195307,0.13,1,958976,958548,428
65592841,22.4718,27.1058,428,44540,0.223061,0.13,1,959002,958574,428
65595761,18.8944,19.8212,428,44587,0.244612,0.11,1,959020,958592,428
65598681,19.7789,20.7642,427,44634,0.216922,0.11,1,959040,958613,427
65601601,21.5558,21.7528,427,44681,0.243384,0.13,1,959062,958635,427
65604521,29.9112,29.1506,428,44728,0.296677,0.13,1,959094,958666,428
65607441,17.1822,17.0301,428,44775,0.307335,0.15,1,959108,958680,428
65610361,40.2364,39.406,429,44822,0.277467,0.15,1,959154,958725,429
65613281,27.2473,27.0812,429,44869,0.335493,0.15,1,959178,958749,429
65616201,38.2495,36.6162,431,44916,0.363099,0.13,1,959219,958788,431
65619121,60.4499,62.5232,428,44963,0.38462,0.15,1,959285,958857,428
65622041,31.29,32.5046,427,45010,0.388924,0.13,1,959309,958882,427
65624961,33.458,32.9009,428,45057,0.405785,0.17,1,959343,958915,428
65627881,26.6916,24.9802,430,45104,0.473157,0.23,1,959368,958938,430
65630801,34.9383,33.796,431,45151,0.534631,0.19,1,959405,958974,431
65633721,8.58766,8.35921,431,45198,0.514926,0.23,1,959407,958976,431
65636641,23.3175,22.4718,432,45245,0.542985,0.25,1,959434,959002,432
65639561,19.0635,18.8944,432,45292,0.564597,0.21,1,959452,959020,432
65642481,19.8127,19.7789,432,45339,0.536919,0.25,1,959472,959040,432
65645401,21.5625,21.5558,432,45386,0.579384,0.31,1,959494,959062,432
65648321,32.3125,29.9112,435,45432,0.619877,0.31,1,959529,959094,435
65651241,17.6625,17.1822,435,45478,0.627975,0.27,1,959543,959108,435
65654161,41.9325,40.2364,437,45524,0.597595,0.35,1,959591,959154,437
65657081,27.5865,27.2473,437,45570,0.591519,0.37,1,959615,959178,437
65660001,39.1173,38.2495,438,45616,0.574304,0.39,1,959657,959219,438
65662921,61.4235,60.4499,439,45662,0.618861,0.39,1,959724,959285,439
65665841,31.4847,31.29,439,45708,0.595772,0.41,1,959748,959309,439
65668761,35.8969,33.458,442,45754,0.575154,0.49,1,959785,959343,442
65671681,29.5794,26.6916,445,45800,0.571031,0.55,1,959813,959368,445
65674601,37.9159,34.9383,448,45846,0.602206,0.51,1,959853,959405,448
65677521,9.18317,8.58766,448,45892,0.608441,0.55,1,959855,959407,448
65680441,22.6366,23.3175,447,45938,0.577688,0.55,1,959881,959434,447
65683361,18.9273,4.66351,465,45984,0.571538,0.57,1,959899,959434,465
65686281,20.5855,15.3327,468,46030,0.586308,0.53,1,959920,959452,468
65689201,22.5171,19.0665,471,46076,0.541261,0.59,1,959943,959472,471
65692121,33.3034,21.4133,485,46122,0.580252,0.63,1,959979,959494,485
65695041,17.8607,32.2827,464,46168,0.58805,0.63,1,959993,959529,464
65697961,40.3721,17.6565,496,46214,0.62161,0.59,1,960039,959543,496
65700881,27.2744,41.9313,472,46260,0.628322,0.59,1,960063,959591,472
65703801,39.8549,27.5863,491,46306,0.645664,0.57,1,960106,959615,491
65706721,62.371,39.1173,517,46352,0.665133,0.63,1,960174,959657,517
65709641,31.6742,61.4235,474,46397,0.669027,0.59,1,960198,959724,474
65712561,35.1348,31.4847,486,46442,0.669805,0.57,1,960234,959748,486
65715481,27.827,35.8969,475,46487,0.669961,0.57,1,960260,959785,475
65718401,39.1654,29.5794,489,46532,0.653992,0.61,1,960302,959813,489
65721321,9.43308,37.9159,451,46577,0.666798,0.61,1,960304,959853,451
65724241,22.6866,9.18317,475,46622,0.66936,0.57,1,960330,959855,475
65727161,18.9373,22.6366,467,46667,0.685872,0.57,1,960348,959881,467
65730081,19.7875,18.9273,469,46712,0.705174,0.59,1,960368,959899,469
65733001,23.9575,20.5855,473,46757,0.741035,0.53,1,960393,959920,473
65735921,33.5915,22.5171,486,46802,0.812207,0.59,2,960429,959943,486
65738841,18.7183,33.3034,465,46847,0.826441,0.59,2,960444,959979,465
65741761,41.3437,17.8607,498,46892,0.829288,0.63,2,960491,959993,498
65744681,28.2687,40.3721,477,46937,0.813858,0.63,2,960516,960039,477
65747601,40.0537,27.2744,496,46982,0.858772,0.65,2,960559,960063,496
65750521,63.2107,39.8549,522,47027,0.899754,0.67,2,960628,960106,522
65753441,31.8421,62.371,478,47072,0.907951,0.67,2,960652,960174,478
65756361,35.1684,31.6742,490,47117,0.90959,0.67,2,960688,960198,490
65759281,28.6337,35.1348,481,47162,0.925918,0.67,2,960715,960234,481
65762201,38.5267,27.827,496,47207,0.881184,0.65,2,960756,960260,496
65765121,9.30535,39.1654,456,47252,0.872237,0.67,2,960758,960302,456
65768041,23.4611,9.43308,481,47297,0.886447,0.67,2,960785,960304,481
65770961,19.8922,22.6866,474,47342,0.873289,0.69,2,960804,960330,474
65773881,20.7784,18.9373,477,47387,0.886658,0.71,2,960825,960348,477
65776801,5.75569,19.7875,459,47431,0.921332,0.75,2,960827,960368,459
65779721,24.3511,23.9575,463,47475,0.944266,0.83,2,960856,960393,463
65952001,34,30,517,50025,0.91,1,2,962683,962166,517
65954921,22,32.4,503,50067,0.926,1,2,962702,962199,503
65957841,29.2,24.88,511,50109,0.9452,1,2,962733,962222,511
65960761,25.84,27.376,508,50151,0.90104,1,2,962758,962250,508
65963681,33.968,30.2752,513,50193,0.892208,0.95,2,962794,962281,513
65966601,12.3936,33.255,486,50235,0.874442,1,2,962801,962315,486
65969521,4.07872,12.251,481,50277,0.870888,0.98,2,962803,962322,481
65972441,2.41574,4.0502,481,50319,0.870178,1,2,962805,962324,481
65975361,18.0831,18.41,481,50361,0.934035,1,2,962827,962346,481
65978281,25.2166,25.282,481,50403,0.898807,1,2,962854,962373,481
66135961,95,84,524,24266,0.55,0.85,1,964541,964017,524
66138881,61.4,89.6,486,24353,0.566,0.81,1,964594,964108,486
66141801,56.28,52.32,498,24440,0.5852,0.71,1,964649,964151,498
66144721,42.456,67.264,466,24527,0.60504,0.55,1,964688,964222,466
66147641,72.4912,42.2528,510,24613,0.593008,0.47,1,964768,964258,510
66150561,28.0982,71.6506,448,24699,0.606602,0.49,1,964785,964337,448
66153481,15.2196,19.9301,453,24785,0.57732,0.43,1,964797,964344,453
66156401,82.2439,85.586,450,24871,0.651464,0.55,1,964896,964446,450
66159321,93.2488,93.1172,451,24956,0.730293,0.57,1,964992,964541,451
66162241,60.2498,61.0234,450,25041,0.778059,0.59,2,965044,964594,450
66165161,56.85,56.2047,451,25126,0.787612,0.61,2,965100,964649,451
66168081,44.17,42.4409,453,25210,0.805522,0.59,2,965141,964688,453
66171001,71.234,72.4882,451,25294,0.857104,0.61,2,965219,964768,451
66173921,27.0468,28.0976,450,25378,0.835421,0.57,2,965235,964785,450
66176841,15.0094,15.2195,450,25461,0.879084,0.57,2,965247,964797,450
66179761,83.8019,3.04391,551,25544,0.935817,0.67,2,965348,964797,551
66468841,34,19,535,32743,0.75,1,2,970440,969905,535
66471761,22.8,33.4,518,32808,0.638,1,1,970460,969942,518
66474681,52.56,77.88,489,32872,0.4396,1,1,970520,970031,489
66477601,36.912,43.576,487,32936,0.33592,1,1,970553,970066,487
66480521,40.9824,35.9152,495,33000,0.283184,1,1,970595,970100,495
66483441,39.3965,37.583,496,33064,0.144637,1,1,970634,970138,496
66486361,38.2793,33.9166,501,33128,0.116927,1,1,970672,970171,501
66489281,77.2559,82.7833,493,33192,0.0633855,1,1,970759,970266,493
66492201,34.6512,46.9567,479,33256,0.100677,0.85,1,970783,970304,479
66495121,48.5302,65.3913,461,33320,0.0921354,0.83,1,970835,970374,461
66498041,35.306,38.6783,461,33383,0.0904271,0.75,1,970867,970406,461
66500961,27.0612,34.9357,452,33446,0.0580854,0.61,1,970892,970440,452
66503881,20.6122,22.9871,451,33509,0.0676171,0.39,1,970911,970460,451
66506801,42.5224,52.5974,439,33572,0.117523,0.31,1,970959,970520,439
66509721,31.7045,36.9195,435,33635,0.159505,0.27,1,970988,970553,435
66512641,33.5409,40.9839,427,33698,0.167901,0.11,1,971022,970595,427
66515561,37.9082,39.3968,427,33761,0.16958,0.11,1,971061,970634,427
66518481,37.1816,38.2794,426,33824,0.121916,0.05,1,971098,970672,426
66521401,76.2363,77.2559,425,33887,0.112383,0.11,1,971184,970759,425
66524321,34.4473,34.6512,425,33949,0.110477,0.09,1,971208,970783,425
66527241,47.6895,48.5302,424,34011,0.0460953,0.09,1,971259,970835,424
66530161,33.5379,35.306,422,34073,0.0332191,0.05,1,971289,970867,422
66533081,29.9076,27.0612,426,34135,0.0786438,0.07,1,971318,970892,426
66536001,18.7815,20.6122,423,34197,0.0877288,0.13,1,971334,970911,423
66538921,44.5563,42.5224,426,34259,0.105546,0.13,1,971385,970959,426
66541841,32.9113,8.50449,456,34321,0.141109,0.17,1,971415,970959,456
66544761,32.1823,24.9009,459,34383,0.164222,0.17,1,971447,970988,459
66547681,40.8365,32.1802,468,34444,0.200844,0.17,1,971490,971022,468
66550601,35.3673,37.636,463,34505,0.224169,0.11,1,971524,971061,463
66553521,75.8735,37.1272,512,34566,0.276834,0.11,1,971610,971098,512
66556441,31.1747,76.2254,446,34627,0.287367,0.11,1,971630,971184,446
66559361,47.0349,34.4451,473,34688,0.273473,0.03,1,971681,971208,473
66562281,33.407,47.689,452,34749,0.302695,0.03,1,971711,971259,452
66565201,30.6814,33.5378,452,34810,0.324539,0.09,1,971741,971289,452
66568121,19.7363,29.9076,440,34871,0.328908,0.09,1,971758,971318,440
66571041,47.9473,18.7815,479,34932,0.409782,0.11,1,971813,971334,479
66573961,33.5895,44.5563,458,34993,0.393956,0.15,1,971843,971385,458
66576881,33.1179,32.9113,461,35053,0.390791,0.17,1,971876,971415,461
66579801,42.6236,32.1823,474,35113,0.374158,0.21,1,971921,971447,474
66582721,36.5247,40.8365,466,35173,0.402832,0.23,1,971956,971490,466
66585641,78.5049,35.3673,521,35233,0.392566,0.29,1,972045,971524,521
66588561,31.701,75.8735,455,35293,0.390513,0.29,1,972065,971610,455
66591481,46.3402,31.1747,485,35353,0.406103,0.27,1,972115,971630,485
66594401,34.868,47.0349,466,35413,0.457221,0.31,1,972147,971681,466
66597321,31.7736,33.407,467,35473,0.451444,0.33,1,972178,971711,467
66600241,21.5547,30.6814,456,35533,0.498289,0.33,1,972197,971741,456
66603161,49.1109,19.7363,495,35592,0.491658,0.43,1,972253,971758,495
66606081,33.8222,47.9473,470,35651,0.506332,0.39,1,972283,971813,470
66609001,8.36444,33.5895,442,35710,0.509266,0.39,1,972285,971843,442
66611921,27.2729,33.1179,441,35769,0.509853,0.37,1,972317,971876,441
66614841,40.6546,42.6236,440,35828,0.557971,0.41,1,972361,971921,440
66617761,37.7309,36.5247,442,35887,0.599594,0.39,1,972398,971956,442
66620681,77.9462,78.5049,441,35946,0.623919,0.39,1,972486,972045,441
66623601,31.5892,31.701,441,36005,0.628784,0.41,1,972506,972065,441
66626521,47.1178,46.3402,442,36064,0.629757,0.47,1,972557,972115,442
66629441,37.4236,34.868,445,36123,0.645951,0.45,1,972592,972147,445
66632361,33.0847,31.7736,446,36182,0.63319,0.51,1,972624,972178,446
66635281,22.6169,21.5547,447,36240,0.646638,0.49,1,972644,972197,447
66638201,48.5234,49.1109,446,36298,0.665328,0.51,1,972699,972253,446
66641121,34.5047,33.8222,447,36356,0.653066,0.51,1,972730,972283,447
66644041,8.50094,8.36444,447,36414,0.650613,0.51,1,972732,972285,447
66646961,28.9002,27.2729,449,36472,0.682123,0.57,1,972766,972317,449
66649881,41.78,40.6546,450,36530,0.752425,0.61,2,972811,972361,450
66652801,37.956,37.7309,450,36588,0.750485,0.63,2,972848,972398,450
66655721,78.7912,77.9462,451,36646,0.750097,0.63,2,972937,972486,451
66658641,31.7582,31.5892,451,36704,0.750019,0.63,2,972957,972506,451
66661561,47.1516,47.1178,451,36762,0.766004,0.65,2,973008,972557,451
66664481,38.2303,37.4236,452,36819,0.833201,0.63,2,973044,972592,452
66667401,32.4461,33.0847,451,36876,0.83064,0.65,2,973075,972624,451
66670321,23.2892,22.6169,452,36933,0.782128,0.67,2,973096,972644,452
66673241,49.4578,48.5234,453,36990,0.820426,0.65,2,973152,972699,453
66676161,33.8916,34.5047,452,37047,0.812085,0.65,2,973182,972730,452
66679081,8.37831,8.50094,452,37104,0.858417,0.69,2,973184,972732,452
66682001,32.0757,28.9002,456,37161,0.867683,0.69,2,973222,972766,456
66684921,43.2151,5.78004,502,37218,0.917537,0.77,2,973268,972766,502
66687841,37.443,37.156,493,37275,0.943507,0.75,2,973304,972811,493
66860121,20,28,515,40482,0.81,1,2,975567,975052,515
66863041,31.2,36,511,40534,0.682,1,1,975601,975090,511
66865961,30.24,28.8,514,40586,0.5604,1,1,975631,975117,514
66868881,33.248,34.56,512,40638,0.37608,1,1,975665,975153,512
66871801,30.6496,30.112,513,40690,0.291216,1,1,975695,975182,513
66874721,38.1299,41.2224,509,40742,0.242243,1,1,975735,975226,509
66877641,65.226,39.4445,542,40794,0.0724486,1,1,975807,975265,542
66880561,42.6452,55.8889,519,40846,0.10249,1,1,975844,975325,519
66883481,30.929,40.7778,510,40898,0.092498,1,1,975872,975362,510
66886401,44.5858,35.3556,524,40950,0.0584996,1,1,975920,975396,524
66889321,33.7172,47.0711,505,41002,0.0516999,1,1,975951,975446,505
66892241,33.9434,39.0142,502,41053,0.06634,0.83,1,975985,975483,502
66895161,26.7887,35.8028,492,41104,0.037268,0.81,1,976010,975518,492
66898081,17.3577,30.3606,478,41155,0.0474536,0.81,1,976025,975547,478
66901001,24.2715,22.0721,484,41206,0.0494907,0.65,1,976051,975567,484
66903921,25.6543,31.6144,476,41257,0.0498981,0.53,1,976077,975601,476
66906841,22.7309,30.3229,468,41308,0.0499796,0.33,1,976099,975631,468
66909761,26.9462,33.2646,462,41359,0.0659959,0.27,1,976127,975665,462
66912681,34.9892,30.6529,469,41410,0.0531992,0.23,1,976164,975695,469
66915601,58.1978,38.1306,493,41461,0.0346398,0.03,1,976228,975735,493
66918521,42.0396,65.2261,459,41512,0.046928,0.11,1,976266,975807,459
66921441,10.0079,42.6452,424,41563,0.0173856,0.09,1,976268,975844,424
66924361,22.8016,30.929,422,41614,0.107477,0.05,1,976294,975872,422
66927281,44.5603,44.5858,424,41665,0.0614954,0.05,1,976344,975920,424
66930201,35.3121,33.7172,426,41716,0.0522991,0.07,1,976377,975951,426
66933121,31.8624,33.9434,423,41767,0.0504598,0.03,1,976408,975985,423
66936041,27.1725,26.7887,424,41818,0.066092,0.05,1,976434,976010,424
66938961,18.2345,17.3577,425,41868,0.0692184,0.05,1,976450,976025,425
66941881,25.2469,24.2715,426,41918,0.0538437,0.05,1,976477,976051,426
66944801,24.2494,25.6543,424,41968,0.0667687,0.05,1,976501,976077,424
66947721,24.0499,22.7309,426,42018,0.0693537,0.07,1,976525,976099,426
66950641,27.21,26.9462,426,42068,0.0698707,0.05,1,976553,976127,426
66953561,34.242,34.9892,425,42118,0.0699741,0.03,1,976589,976164,425
66956481,55.6484,58.1978,422,42168,0.0539948,0.05,1,976650,976228,422
66959401,44.7297,42.0396,426,42218,0.050799,0.01,1,976692,976266,426
66962321,10.5459,10.0079,426,42268,0.0821598,0.13,1,976694,976268,426
66965241,19.7092,22.8016,422,42318,0.104432,0.05,1,976716,976294,422
66968161,45.5418,44.5603,424,42368,0.0608864,0.05,1,976768,976344,424
66971081,33.9084,35.3121,422,42418,0.0841773,0.05,1,976799,976377,422
66974001,33.1817,31.8624,424,42468,0.104835,0.07,1,976832,976408,424
66976921,26.6363,27.1725,423,42518,0.0929671,0.07,1,976857,976434,423
66979841,19.7273,18.2345,425,42568,0.122593,0.05,1,976875,976450,425
66982761,23.1455,25.2469,422,42618,0.144519,0.07,1,976899,976477,422
66985681,26.2291,24.2494,425,42668,0.132904,0.07,1,976926,976501,425
66988601,22.8458,24.0499,423,42717,0.130581,0.07,1,976948,976525,423
66991521,28.5692,27.21,425,42766,0.130116,0.07,1,976978,976553,425
66994441,33.7138,34.242,424,42815,0.162023,0.05,1,977013,976589,424
66997361,53.9428,55.6484,422,42864,0.168405,0.05,1,977072,976650,422
67000281,45.9886,44.7297,424,42913,0.169681,0.09,1,977116,976692,424
67003201,10.7977,10.5459,424,42962,0.169936,0.11,1,977118,976694,424
67006121,20.5595,19.7092,425,43011,0.169987,0.11,1,977141,976716,425
67009041,42.5119,3.94184,473,43060,0.169997,0.05,1,977189,976716,473
67011961,34.9024,42.3884,454,43109,0.169999,0.09,1,977222,976768,454
67014881,34.9805,33.2777,458,43158,0.186,0.11,1,977257,976799,458
67017801,26.9961,33.0555,450,43207,0.2212,0.09,1,977282,976832,450
67020721,20.5992,26.6111,444,43256,0.24424,0.13,1,977301,976857,444
67023641,23.3198,19.7222,450,43305,0.280848,0.15,1,977325,976875,450
67026561,27.064,23.1444,454,43354,0.28817,0.13,1,977353,976899,454
67029481,23.0128,26.2289,449,43403,0.289634,0.13,1,977375,976926,449
67032401,28.6026,22.8458,457,43452,0.305927,0.13,1,977405,976948,457
67035321,33.7205,28.5692,462,43501,0.325185,0.17,1,977440,976978,462
67038241,54.7441,33.7138,487,43550,0.329037,0.17,1,977500,977013,487
67041161,46.9488,53.9428,473,43598,0.377807,0.17,1,977545,977072,473
67044081,10.9898,45.9886,431,43646,0.387562,0.17,1,977547,977116,431
67047001,20.598,10.7977,452,43694,0.405512,0.17,1,977570,977118,452
67049921,42.5196,20.5595,477,43742,0.425102,0.17,1,977618,977141,477
67052841,34.9039,42.5119,462,43790,0.477021,0.17,1,977651,977189,462
67055761,35.7808,34.9024,465,43838,0.503404,0.19,1,977687,977222,465
67058681,28.7562,34.9805,457,43886,0.492681,0.23,1,977714,977257,457
67061601,22.5512,26.9961,453,43934,0.490536,0.25,1,977735,977282,453
67064521,24.5102,20.5992,459,43982,0.522107,0.29,1,977760,977301,459
67067441,27.302,23.3198,463,44030,0.544421,0.29,1,977788,977325,463
67070361,23.0604,27.064,457,44078,0.548884,0.29,1,977810,977353,457
67073281,29.4121,23.0128,466,44126,0.549777,0.31,1,977841,977375,466
67076201,34.6824,28.6026,472,44174,0.549955,0.33,1,977877,977405,472
67079121,56.5365,33.7205,499,44222,0.565991,0.33,1,977939,977440,499
67082041,48.9073,54.7441,486,44270,0.617198,0.39,1,977986,977500,486
67084961,11.3815,46.9488,443,44318,0.59544,0.39,1,977988,977545,443
67087881,21.4763,10.9898,465,44366,0.591088,0.41,1,978012,977547,465
67090801,43.4953,20.598,491,44414,0.638218,0.43,1,978061,977570,491
67093721,36.6991,42.5196,478,44461,0.679643,0.49,1,978096,977618,478
67096641,8.93981,34.9039,447,44508,0.687929,0.51,1,978098,977651,447
67099561,30.588,35.7808,447,44555,0.689586,0.49,1,978134,977687,447
67102481,27.7176,28.7562,447,44602,0.705917,0.49,1,978161,977714,447
67105401,21.5435,22.5512,446,44649,0.693183,0.53,1,978181,977735,446
67108321,25.9087,24.5102,448,44696,0.706637,0.55,1,978208,977760,448
67111241,28.3817,27.302,449,44743,0.709327,0.55,1,978237,977788,449
67114161,24.0763,23.0604,450,44790,0.741865,0.55,1,978260,977810,450
67117081,28.8153,29.4121,449,44837,0.748373,0.55,1,978290,977841,449
67120001,34.5631,34.6824,449,44884,0.717675,0.57,1,978326,977877,449
67122921,58.1126,56.5365,451,44931,0.727535,0.63,1,978390,977939,451
67125841,49.2225,48.9073,451,44978,0.681507,0.59,1,978437,977986,451
67128761,11.4445,11.3815,451,45025,0.704301,0.59,1,978439,977988,451
67131681,21.4889,21.4763,451,45072,0.72486,0.65,1,978463,978012,451
67134601,45.8978,43.4953,454,45119,0.760972,0.69,2,978515,978061,454
67137521,38.7796,36.6991,456,45166,0.752194,0.69,2,978552,978096,456
67140441,9.35591,8.93981,456,45213,0.718439,0.69,1,978554,978098,456
67143361,30.6712,30.588,456,45260,0.791688,0.71,2,978590,978134,456
67146281,26.9342,27.7176,455,45307,0.774338,0.69,2,978616,978161,455
67149201,22.1868,21.5435,456,45354,0.818868,0.71,2,978637,978181,456
67152121,25.2374,25.9087,455,45400,0.827774,0.71,2,978663,978208,455
67155041,29.8475,28.3817,457,45446,0.813555,0.75,2,978694,978237,457
67157961,24.3695,24.0763,457,45492,0.842711,0.75,2,978717,978260,457
67160881,28.8739,28.8153,457,45538,0.848542,0.71,2,978747,978290,457
67163801,35.3748,34.5631,458,45584,0.881708,0.73,2,978784,978326,458
67166721,56.675,58.1126,456,45630,0.888342,0.67,2,978846,978390,456
67169641,48.135,49.2225,455,45676,0.889668,0.71,2,978892,978437,455
67172561,11.227,11.4445,455,45722,0.921934,0.73,2,978894,978439,455
67175481,22.2454,21.4889,456,45768,0.928387,0.77,2,978919,978463,456
67341921,27,18,502,48325,0.83,1,2,980670,980168,502
67344841,32.6,34.8,497,48369,0.878,1,2,980704,980207,497
67347761,39.32,50.96,483,48413,0.8556,1,2,980745,980262,483
67350681,55.064,58.192,482,48457,0.78712,1,2,980804,980322,482
67353601,36.6128,34.8384,485,48500,0.757424,1,2,980836,980351,485
67356521,27.3226,27.7677,484,48543,0.719485,0.99,1,980861,980377,484
67359441,18.2645,24.7535,476,48586,0.695897,1,1,980877,980401,476
67362361,45.2529,39.3507,485,48629,0.707179,1,1,980929,980444,485
67365281,29.0506,34.2701,477,48672,0.629436,0.95,1,980954,980477,477
67368201,23.4101,27.654,473,48715,0.629887,0.94,1,980976,980503,473
67371121,14.282,19.1308,468,48758,0.645977,0.89,1,980988,980520,468
67374041,18.0564,23.0262,463,48801,0.681195,0.87,1,981007,980544,463
67376961,33.2113,32.6052,465,48844,0.624239,0.87,1,981044,980579,465
67379881,30.6423,6.52105,495,48887,0.628848,0.99,1,981074,980579,495
67382801,20.5285,26.9042,481,48930,0.66177,0.91,1,981092,980611,481
67385721,16.9057,18.1808,481,48973,0.636354,0.85,1,981108,980627,481
67388641,24.1811,16.4362,491,49016,0.663271,0.83,1,981134,980643,491
67391561,32.8362,24.8872,499,49059,0.684654,0.89,1,981169,980670,499
67394481,33.7672,32.1774,499,49102,0.688931,0.85,1,981203,980704,499
67397401,53.1535,39.2355,516,49145,0.721786,0.77,1,981261,980745,516
67400321,35.4307,55.0471,488,49188,0.728357,0.75,1,981292,980804,488
67403241,26.2861,36.6094,480,49231,0.697671,0.71,1,981316,980836,480
67406161,17.2572,27.3219,470,49274,0.739534,0.69,1,981331,980861,470
67409081,46.6514,18.2644,508,49317,0.779907,0.71,2,981385,980877,508
67412001,26.1303,45.2529,477,49360,0.739981,0.61,1,981406,980929,477
67414921,23.6261,29.0506,475,49403,0.811996,0.63,2,981429,980954,475
67417841,15.1252,23.4101,466,49446,0.810399,0.65,2,981442,980976,466
67420761,18.225,14.282,473,49489,0.82608,0.69,2,981461,980988,473
67423681,30.845,18.0564,488,49532,0.829216,0.61,2,981495,981007,488
67426601,31.769,33.2113,483,49575,0.845843,0.63,2,981527,981044,483
67429521,19.9538,30.6423,470,49617,0.913169,0.67,2,981544,981074,470
67690861,104,77,493,24178,0.49,0.71,1,984160,983667,493
67693781,76.8,64.2,502,24266,0.458,0.53,1,984230,983728,502
67696701,64.16,81.64,477,24353,0.4836,0.51,1,984291,983814,477
67699621,39.232,51.528,466,24440,0.50472,0.43,1,984324,983858,466
67702541,49.4464,44.7056,475,24527,0.508944,0.41,1,984376,983901,475
67705461,66.6893,60.9411,481,24613,0.493789,0.39,1,984447,983966,481
67708381,26.1379,46.5882,454,24699,0.538758,0.39,1,984463,984009,454
67711301,31.6276,35.7176,454,24785,0.499752,0.49,1,984496,984042,454
67714221,94.3255,101.544,446,24871,0.55595,0.45,1,984606,984160,446
67717141,73.2651,76.3087,444,24956,0.61519,0.49,1,984674,984230,444
67720061,63.453,64.0617,444,25041,0.659038,0.51,1,984735,984291,444
67722981,41.4906,39.2123,447,25126,0.715808,0.51,1,984771,984324,447
67725901,49.8981,49.4425,447,25210,0.711161,0.49,1,984823,984376,447
67728821,66.7796,66.6885,447,25294,0.726232,0.55,1,984894,984447,447
67731741,26.1559,26.1377,447,25378,0.729246,0.49,1,984910,984463,447
67734661,30.8312,31.6275,446,25461,0.745849,0.49,1,984942,984496,446
67737581,95.7662,6.32551,558,25544,0.73317,0.57,1,985054,984496,558
67740501,75.1532,89.2651,518,25627,0.746634,0.63,1,985124,984606,518
67743421,65.4306,72.253,513,25710,0.781327,0.67,2,985187,984674,513
67746341,44.2861,63.2506,491,25792,0.772265,0.73,2,985226,984735,491
67749261,51.2572,41.4501,508,25874,0.834453,0.71,2,985279,984771,508
67752181,66.2514,49.89,526,25956,0.846891,0.73,2,985349,984823,526
67755101,26.0503,66.778,471,26038,0.849378,0.73,2,985365,984894,471
67758021,32.4101,26.1556,489,26119,0.865876,0.75,2,985399,984910,489
67760941,96.082,30.8311,569,26200,0.933175,0.73,2,985511,984942,569
67877741,38,31,509,29259,0.39,1,1,987630,987121,509
67880661,71.6,35,553,29331,0.078,1,1,987710,987157,553
67883581,59.92,72.6,528,29403,0.0876,1,1,987767,987239,528
67886501,41.584,58.52,510,29475,0.04152,1,1,987804,987294,510
67889421,85.1168,34.904,577,29547,0.008304,0.86,1,987900,987323,577
67892341,40.2234,84.5808,509,29619,0.0416608,1,1,987929,987420,509
67895261,30.4447,44.9162,502,29690,0.0803322,0.99,1,987957,987455,502
67898181,50.8889,36.9832,523,29761,0.0560664,0.65,1,988013,987490,523
67901101,30.9778,64.9966,477,29832,0.0512133,0.55,1,988039,987562,477
67904021,7.79556,36.9993,449,29903,0.0822427,0.39,1,988041,987592,449
67906941,22.3591,37.7999,437,29974,0.0884485,0,1,988067,987630,437
67909861,58.0718,71.56,424,30045,0.0416897,0.09,1,988134,987710,424
67912781,55.6144,59.912,422,30115,0.0483379,0.03,1,988189,987767,422
67915701,40.7229,41.5824,422,30185,0.0176676,0,1,988226,987804,422
67918621,84.9446,85.1165,422,30255,0.00353352,0.05,1,988322,987900,422
67921541,42.5889,40.2233,425,30325,0.0087067,0.09,1,988354,987929,425
67924461,28.5178,30.4447,422,30395,0.0737413,0.05,1,988379,987957,422
67927381,50.5036,50.8889,422,30465,0.0547483,0.05,1,988435,988013,422
67930301,32.5007,30.9778,424,30534,0.0829497,0.09,1,988463,988039,424
67933221,8.10014,7.79556,424,30603,0.0565899,0.09,1,988465,988041,424
67936141,20.82,22.3591,422,30672,0.099318,0.03,1,988489,988067,422
67939061,59.364,58.0718,424,30741,0.0598636,0.05,1,988558,988134,424
67941981,54.2728,55.6144,422,30810,0.0199727,0.01,1,988611,988189,422
67944901,40.4546,40.7229,422,30879,0.00399454,0,1,988648,988226,422
67947821,84.8909,84.9446,422,30948,0.0247989,0.01,1,988744,988322,422
67950741,43.3782,42.5889,423,31016,0.0289598,0.09,1,988777,988354,423
67953661,27.8756,28.5178,422,31084,0.045792,0.05,1,988801,988379,422
67956581,50.3751,50.5036,422,31152,0.0811584,0.09,1,988857,988435,422
67959501,35.675,32.5007,426,31220,0.0242317,0.05,1,988889,988463,426
67962421,8.735,8.10014,426,31288,0.0448463,0.05,1,988891,988465,426
67965341,20.947,1.62003,450,31356,0.0329693,0.11,1,988915,988465,450
67968261,55.3894,19.524,490,31423,0.0145939,0.05,1,988979,988489,490
67971181,53.4779,59.1048,474,31490,0.0109188,0.01,1,989032,988558,474
67974101,40.2956,54.221,458,31557,0.0101838,0,1,989069,988611,458
67977021,84.8591,40.4442,517,31624,0.0260368,0.03,1,989165,988648,517
67979941,43.3718,84.8888,454,31691,0.0452073,0.03,1,989198,988744,454
67982861,27.8744,43.3778,445,31758,0.0490415,0.05,1,989222,988777,445
67985781,50.3749,27.8756,477,31825,0.0658083,0.09,1,989278,988801,477
67988701,35.675,50.3751,453,31891,0.0371617,0.01,1,989310,988857,453
67991621,8.73499,35.675,423,31957,0.0314323,0.05,1,989312,988889,423
67994541,21.747,8.735,446,32023,0.0302865,0.03,1,989337,988891,446
67997461,56.3494,20.947,487,32089,0.0300573,0.01,1,989402,988915,487
68000381,52.8699,55.3894,475,32155,0.0140115,0.01,1,989454,988979,475
68003301,39.374,53.4779,458,32221,0.0268023,0.01,1,989490,989032,458
68006221,84.6748,40.2956,517,32287,0.00536046,0.03,1,989586,989069,517
68009141,44.135,84.8591,455,32353,0.0410721,0.05,1,989620,989165,455
68012061,28.827,43.3718,447,32418,0.0482144,0.05,1,989645,989198,447
68014981,51.3654,27.8744,480,32483,0.0656429,0.07,1,989702,989222,480
68017901,35.0731,50.3749,455,32548,0.101129,0.03,1,989733,989278,455
68020821,8.61462,35.675,425,32613,0.108226,0.03,1,989735,989310,425
68023741,20.9229,8.73499,447,32678,0.109645,0.03,1,989759,989312,447
68026661,57.7846,21.747,489,32743,0.141929,0.03,1,989826,989337,489
68029581,13.1569,56.3494,426,32808,0.164386,0.01,1,989828,989402,426
68032501,43.4314,52.8699,425,32872,0.136877,0.03,1,989879,989454,425
68035421,35.0863,39.374,422,32936,0.0993754,0,1,989912,989490,422
68038341,83.8173,84.6748,422,33000,0.0198751,0.05,1,990008,989586,422
68041261,46.3635,44.135,425,33064,0.027975,0.05,1,990045,989620,425
68044181,28.4727,28.827,424,33128,0.061595,0.07,1,990069,989645,424
68047101,52.8945,51.3654,426,33192,0.100319,0.11,1,990128,989702,426
68050021,36.1789,35.0731,427,33256,0.108064,0.11,1,990160,989733,427
68052941,8.83578,8.61462,427,33320,0.109613,0.11,1,990162,989735,427
68055861,21.7672,20.9229,428,33383,0.125923,0.15,1,990187,989759,428
68058781,59.5534,57.7846,430,33446,0.161185,0.17,1,990256,989826,430
68061701,13.5107,13.1569,430,33509,0.168237,0.13,1,990258,989828,430
68064621,38.7021,43.4314,424,33572,0.137647,0.09,1,990303,989879,424
68067541,32.5404,35.0863,422,33635,0.163529,0,1,990334,989912,422
68070461,83.3081,83.8173,422,33698,0.0727059,0.03,1,990430,990008,422
68073381,47.0616,46.3635,423,33761,0.0545412,0.07,1,990468,990045,423
68076301,28.6123,28.4727,423,33824,0.0509082,0.11,1,990492,990069,423
68079221,55.3225,52.8945,426,33887,0.0821817,0.11,1,990554,990128,426
68082141,37.4645,36.1789,427,33949,0.104436,0.11,1,990587,990160,427
68085061,9.0929,8.83578,427,34011,0.108887,0.13,1,990589,990162,427
68087981,22.6186,21.7672,428,34073,0.109777,0.17,1,990615,990187,428
68090901,59.7237,59.5534,428,34135,0.141955,0.17,1,990684,990256,428
68093821,13.5447,13.5107,428,34197,0.148391,0.13,1,990686,990258,428
68096741,38.7089,38.7021,428,34259,0.101678,0.13,1,990731,990303,428
68099661,31.7418,7.74043,458,34321,0.0923356,0.17,1,990761,990303,458
68102581,78.3484,26.3481,517,34383,0.170467,0.05,1,990851,990334,517
68105501,46.0697,82.0696,459,34444,0.154093,0.05,1,990889,990430,459
68108421,28.4139,46.8139,445,34505,0.118819,0.05,1,990913,990468,445
68111341,59.2828,28.5628,488,34566,0.127764,0.09,1,990980,990492,488
68114261,38.2566,55.3126,459,34627,0.161553,0.11,1,991013,990554,459
68117181,9.25131,37.4625,428,34688,0.168311,0.11,1,991015,990587,428
68120101,22.6503,9.0925,452,34749,0.169662,0.11,1,991041,990589,452
68123021,59.7301,22.6185,495,34810,0.153932,0.15,1,991110,990615,495
68125941,13.546,59.7237,428,34871,0.150786,0.15,1,991112,990684,428
68128861,37.9092,13.5447,470,34932,0.150157,0.09,1,991156,990686,470
68131781,31.5818,38.7089,455,34993,0.166031,0.09,1,991186,990731,455
68134701,82.3164,31.7418,520,35053,0.265206,0.19,1,991281,990761,520
68137621,43.6633,78.3484,464,35113,0.333041,0.15,1,991315,990851,464
68140541,27.9327,46.0697,450,35173,0.362608,0.11,1,991339,990889,450
68143461,60.7865,28.4139,495,35233,0.368522,0.13,1,991408,990913,495
68146381,39.3573,59.2828,462,35293,0.385704,0.17,1,991442,990980,462
68149301,9.47146,38.2566,431,35353,0.389141,0.17,1,991444,991013,431
68152221,22.6943,9.25131,455,35413,0.421828,0.17,1,991470,991015,455
68155141,58.9389,22.6503,497,35473,0.428366,0.15,1,991538,991041,497
68158061,13.3878,59.7301,430,35533,0.429673,0.15,1,991540,991110,430
68160981,37.8776,13.546,472,35592,0.461935,0.15,1,991584,991112,472
68163901,32.3755,37.9092,459,35651,0.484387,0.17,1,991615,991156,459
68166821,8.0751,31.5818,431,35710,0.488877,0.29,1,991617,991186,431
68169741,82.415,82.3164,437,35769,0.537775,0.35,1,991718,991281,437
68172661,45.283,43.6633,439,35828,0.595555,0.37,1,991754,991315,439
68175581,29.0566,27.9327,440,35887,0.591111,0.37,1,991779,991339,440
68178501,61.0113,60.7865,440,35946,0.574222,0.39,1,991848,991408,440
68181421,40.2023,39.3573,441,36005,0.554844,0.39,1,991883,991442,441
68184341,9.64045,9.47146,441,36064,0.550969,0.43,1,991885,991444,441
68187261,24.3281,22.6943,443,36123,0.582194,0.43,1,991913,991470,443
68190181,60.0656,58.9389,444,36182,0.572439,0.43,1,991982,991538,444
68193101,13.6131,13.3878,444,36240,0.570488,0.47,1,991984,991540,444
68196021,38.7226,37.8776,445,36298,0.602098,0.49,1,992029,991584,445
68198941,33.3445,32.3755,446,36356,0.62442,0.49,1,992061,991615,446
68201861,8.2689,8.0751,446,36414,0.660884,0.55,1,992063,991617,446
68204781,84.8538,82.415,449,36472,0.620177,0.61,1,992167,991718,449
68207701,46.5708,45.283,450,36530,0.628035,0.59,1,992204,991754,450
68210621,28.5142,29.0566,449,36588,0.677607,0.57,1,992228,991779,449
68213541,60.1028,61.0113,448,36646,0.735521,0.55,1,992296,991848,448
68216461,41.6206,40.2023,450,36704,0.731104,0.55,1,992333,991883,450
68219381,9.92411,9.64045,450,36762,0.730221,0.59,1,992335,991885,450
68222301,23.5848,24.3281,449,36819,0.730044,0.57,1,992362,991913,449
68225221,60.717,60.0656,450,36876,0.810009,0.57,2,992432,991982,450
68228141,13.7434,13.6131,450,36933,0.826002,0.61,2,992434,991984,450
68231061,40.3487,38.7226,452,36990,0.8292,0.63,2,992481,992029,452
68233981,34.4697,33.3445,453,37047,0.86184,0.67,2,992514,992061,453
68236901,8.49395,8.2689,453,37104,0.836368,0.61,2,992516,992063,453
68239821,84.0988,84.8538,452,37161,0.847274,0.61,2,992619,992167,452
68242741,46.4198,16.9708,489,37218,0.833455,0.63,2,992656,992167,489
68245661,30.084,32.9942,478,37275,0.830691,0.69,2,992682,992204,478
68248581,62.0168,25.7988,524,37332,0.878138,0.75,2,992752,992228,524
68251501,41.2034,59.5598,492,37389,0.887628,0.73,2,992788,992296,492
68254421,9.84067,41.512,457,37446,0.889526,0.73,2,992790,992333,457
68257341,25.9681,9.90239,485,37502,0.889905,0.73,2,992820,992335,485
68403341,29,40,509,40222,0.73,1,1,994725,994216,509
68406261,27.4,31.2,507,40274,0.666,1,1,994752,994245,507
68409181,30.28,26.24,513,40326,0.6532,1,1,994783,994270,513
68412101,49.256,46.048,516,40378,0.57064,1,1,994837,994321,516
68415021,29.0512,41.2096,500,40430,0.554128,1,1,994861,994361,500
68417941,26.6102,29.0419,500,40482,0.518826,1,1,994887,994387,500
68420861,29.322,29.0084,501,40534,0.463765,1,1,994917,994416,501
68423781,64.2644,26.6017,548,40586,0.388753,1,1,994990,994442,548
68426701,48.0529,67.7203,514,40638,0.341751,1,1,995034,994520,514
68429621,36.8106,47.9441,505,40690,0.31635,1,1,995068,994563,505
68432541,27.3621,36.7888,496,40742,0.27927,0.99,1,995093,994597,496
68435461,27.0724,32.9578,491,40794,0.255854,0.95,1,995120,994629,491
68438381,35.0145,29.7916,499,40846,0.267171,0.89,1,995157,994658,499
68441301,26.2029,36.3583,485,40898,0.317434,0.73,1,995181,994696,485
68444221,26.0406,30.4717,482,40950,0.327487,0.65,1,995207,994725,482
68447141,30.8081,27.6943,487,41002,0.409497,0.65,1,995239,994752,487
68450061,43.7616,30.3389,503,41053,0.425899,0.55,1,995286,994783,503
68452981,24.7523,49.2678,469,41104,0.41318,0.55,1,995306,994837,469
68455901,23.3505,29.0536,468,41155,0.410636,0.51,1,995329,994861,468
68458821,30.2701,26.6107,474,41206,0.410127,0.45,1,995361,994887,474
68461741,62.854,29.3221,515,41257,0.458025,0.37,1,995432,994917,515
68464661,41.3708,64.2644,478,41308,0.419605,0.33,1,995468,994990,478
68467581,35.4742,48.0529,468,41359,0.491921,0.31,1,995502,995034,468
68470501,26.2948,36.8106,458,41410,0.538384,0.27,1,995526,995068,458
68473421,26.859,27.3621,460,41461,0.531677,0.25,1,995553,995093,460
68476341,36.5718,27.0724,472,41512,0.514335,0.27,1,995592,995120,472
68479261,8.91436,35.0145,437,41563,0.510867,0.33,1,995594,995157,437
68482181,21.7829,26.2029,438,41614,0.542173,0.33,1,995619,995181,438
68485101,25.9566,26.0406,439,41665,0.612435,0.43,1,995646,995207,439
68488021,33.9913,30.8081,443,41716,0.562487,0.43,1,995682,995239,443
68490941,43.5983,43.7616,442,41767,0.600497,0.41,1,995728,995286,442
68493861,25.5197,24.7523,443,41818,0.640099,0.41,1,995749,995306,443
68496781,24.3039,23.3505,444,41868,0.66402,0.41,1,995773,995329,444
68499701,31.2608,30.2701,445,41918,0.652804,0.47,1,995806,995361,445
68502621,63.0522,62.854,445,41968,0.634561,0.41,1,995877,995432,445
68505541,41.4104,41.3708,445,42018,0.662912,0.51,1,995913,995468,445
68508461,38.6821,35.4742,449,42068,0.668582,0.55,1,995951,995502,449
68511381,25.3364,26.2948,447,42118,0.733716,0.53,1,995973,995526,447
68514301,27.4673,26.859,448,42168,0.714743,0.51,1,996001,995553,448
68517221,38.2935,36.5718,450,42218,0.742949,0.51,1,996042,995592,450
68520141,9.25869,8.91436,450,42268,0.74859,0.55,1,996044,995594,450
68523061,21.0517,21.7829,449,42318,0.733718,0.63,1,996068,995619,449
68525981,27.4103,25.9566,451,42368,0.762744,0.55,2,996097,995646,451
68528901,33.4821,33.9913,450,42418,0.768549,0.61,2,996132,995682,450
68531821,45.8964,43.5983,453,42468,0.78571,0.65,2,996181,995728,453
68534741,25.1793,25.5197,452,42518,0.805142,0.67,2,996201,995749,452
68537661,25.0359,24.3039,453,42568,0.841028,0.65,2,996226,995773,453
68540581,30.6072,31.2608,452,42618,0.848206,0.63,2,996258,995806,452
68543501,63.7214,63.0522,453,42668,0.881641,0.67,2,996330,995877,453
68546421,43.1443,41.4104,455,42717,0.904328,0.67,2,996368,995913,455
68549341,39.8289,38.6821,456,42766,0.908866,0.75,2,996407,995951,456
68552261,26.3658,25.3364,457,42815,0.925773,0.71,2,996430,995973,457
68555181,27.6732,27.4673,457,42864,0.945155,0.75,2,996458,996001,457
68558101,38.3346,38.2935,457,42913,0.933031,0.75,2,996499,996042,457
68561021,9.26693,9.25869,457,42962,0.930606,0.73,2,996501,996044,457
68563941,21.8534,21.0517,458,43011,0.914121,0.73,2,996526,996068,458
68566861,26.7707,4.21035,486,43060,0.878824,0.77,2,996554,996068,486
68569781,33.3541,24.0421,492,43109,0.871765,0.77,2,996589,996097,492
68572701,49.0708,32.8084,510,43158,0.854353,0.79,2,996642,996132,510
68575621,25.8142,45.7617,481,43207,0.850871,0.81,2,996662,996181,481
68578541,25.1628,25.1523,486,43256,0.882174,0.85,2,996687,996201,486
68581461,30.6326,25.0305,493,43305,0.904435,0.85,2,996719,996226,493
68584381,65.3265,30.6061,535,43354,0.924887,0.89,2,996793,996258,535
68587301,44.2653,63.7212,502,43403,0.944977,0.91,2,996832,996330,502
68590221,40.0531,43.1442,503,43452,0.932995,0.91,2,996871,996368,503
68593141,27.2106,39.8288,488,43501,0.930599,0.93,2,996895,996407,488
68596061,28.6421,26.3658,494,43550,0.94612,0.95,2,996924,996430,494
68797541,81,111,494,21370,0.29,0.71,1,999275,998781,494
68800461,65.8,76.6,488,21469,0.306,0.65,1,999337,998849,488
68803381,74.76,76.12,489,21568,0.2932,0.57,1,999414,998925,489
68806301,73.352,72.024,491,21666,0.27464,0.37,1,999487,998996,491
68809221,26.6704,68.0048,439,21764,0.286928,0.45,1,999502,999063,439
68812141,34.1341,30.401,454,21861,0.321386,0.31,1,999538,999084,454
68815061,81.2268,94.0802,437,21958,0.392277,0.29,1,999631,999194,437
68817981,80.2454,83.616,436,22055,0.454455,0.31,1,999711,999275,436
68820901,65.6491,66.3232,436,22151,0.434891,0.29,1,999773,999337,436
68823821,73.1298,74.8646,434,22247,0.462978,0.27,1,999848,999414,434
68826741,73.826,73.3729,435,22342,0.516596,0.29,1,999922,999487,435
68829661,27.5652,26.6746,436,22437,0.495319,0.33,1,999938,999502,436
68832581,35.913,34.1349,438,22532,0.539064,0.33,1,999976,999538,438
68835501,83.9826,6.82698,534,22626,0.547813,0.41,1,1000072,999538,534
68838421,81.5965,75.7654,522,22720,0.581563,0.47,1,1000153,999631,522
68841341,65.1193,79.1531,503,22813,0.636312,0.43,1,1000214,999711,503
68844261,75.4239,65.4306,519,22906,0.679262,0.47,1,1000292,999773,519
68847181,75.0848,73.0861,519,22999,0.703852,0.53,1,1000367,999848,519
68850101,28.617,73.8172,462,23091,0.72477,0.49,1,1000384,999922,462
68853021,36.1234,27.5634,484,23183,0.712954,0.55,1,1000422,999938,484
68855941,85.6247,35.9127,544,23274,0.678591,0.55,1,1000520,999976,544
68858861,83.5249,83.9825,531,23365,0.735718,0.59,1,1000603,1000072,531
68861781,67.905,81.5965,514,23456,0.779144,0.65,2,1000667,1000153,514
68864701,77.581,65.1193,533,23546,0.819829,0.69,2,1000747,1000214,533
68867621,76.3162,75.4239,531,23636,0.859966,0.71,2,1000823,1000292,531
68870541,28.0632,75.0848,472,23726,0.867993,0.73,2,1000839,1000367,472
68873461,36.8126,28.617,494,23815,0.853599,0.71,2,1000878,1000384,494
68876381,84.1625,36.1234,552,23904,0.88272,0.67,2,1000974,1000422,552
68879301,18.4325,85.6247,456,23993,0.904544,0.75,2,1000976,1000520,456
68961061,72,74,543,26354,0.51,1,1,1002698,1002155,543
68963981,38.4,80.4,491,26434,0.462,1,1,1002728,1002237,491
68966901,50.08,35.28,520,26514,0.3244,1,1,1002781,1002261,520
68969821,71.616,35.056,562,26594,0.21688,1,1,1002858,1002296,562
68972741,46.3232,81.4112,509,26674,0.131376,0.89,1,1002898,1002389,509
68975661,54.8646,43.4822,532,26753,0.114275,1,1,1002955,1002423,532
68978581,58.1729,60.6964,526,26832,0.126855,0.78,1,1003014,1002488,526
68981501,57.2346,62.5393,520,26911,0.113371,0.57,1,1003071,1002551,520
68984421,13.0469,72.5079,447,26990,0.110674,0.51,1,1003073,1002626,447
68987341,56.2094,72.1016,442,27068,0.190135,0.45,1,1003140,1002698,442
68990261,33.6419,38.4203,440,27146,0.142027,0.29,1,1003168,1002728,440
68993181,45.1284,50.0841,435,27224,0.196405,0.19,1,1003216,1002781,435
68996101,64.2257,71.6168,427,27302,0.207281,0.11,1,1003285,1002858,427
68999021,44.8451,46.3234,427,27380,0.225456,0.11,1,1003325,1002898,427
69001941,56.169,54.8647,429,27457,0.245091,0.13,1,1003384,1002955,429
69004861,57.6338,58.1729,428,27534,0.329018,0.11,1,1003442,1003014,428
69007781,56.3268,57.2346,427,27611,0.313804,0.11,1,1003498,1003071,427
69010701,12.8654,13.0469,427,27688,0.310761,0.21,1,1003500,1003073,427
69013621,56.9731,56.2094,428,27764,0.406152,0.13,1,1003568,1003140,428
69016541,34.5946,33.6419,429,27840,0.40923,0.21,1,1003597,1003168,429
69019461,46.1189,45.1284,430,27916,0.409846,0.21,1,1003646,1003216,430
69022381,64.4238,64.2257,430,27992,0.425969,0.23,1,1003715,1003285,430
69025301,46.4848,44.8451,432,28068,0.445194,0.25,1,1003757,1003325,432
69028221,58.097,56.169,434,28143,0.449039,0.35,1,1003818,1003384,434
69031141,60.4194,57.6338,437,28218,0.465808,0.31,1,1003879,1003442,437
69034061,56.8839,56.3268,437,28293,0.517162,0.31,1,1003935,1003498,437
69036981,12.9768,12.8654,437,28368,0.527432,0.31,1,1003937,1003500,437
69039901,59.3954,2.57307,508,28443,0.545486,0.43,1,1004008,1003500,508
69042821,34.2791,54.9146,468,28517,0.565097,0.41,1,1004036,1003568,468
69045741,46.8558,34.1829,489,28591,0.585019,0.41,1,1004086,1003597,489
69048661,64.5712,46.0366,509,28665,0.589004,0.43,1,1004155,1003646,509
69051581,48.1142,64.4073,484,28739,0.605801,0.45,1,1004199,1003715,484
69054501,59.2228,46.4815,504,28813,0.67316,0.45,1,1004261,1003757,504
69057421,61.4446,58.0963,505,28886,0.670632,0.47,1,1004323,1003818,505
69060341,57.8889,60.4193,501,28959,0.654126,0.53,1,1004380,1003879,501
69063261,13.1778,56.8838,447,29032,0.650825,0.53,1,1004382,1003935,447
69066181,62.6356,12.9768,520,29105,0.650165,0.55,1,1004457,1003937,520
69069101,34.9271,59.3954,477,29178,0.618033,0.57,1,1004485,1004008,477
69072021,46.1854,34.2791,498,29251,0.643607,0.59,1,1004534,1004036,498
69074941,66.8371,46.8558,520,29323,0.680721,0.59,1,1004606,1004086,520
69077861,50.1674,64.5712,497,29395,0.736144,0.61,1,1004652,1004155,497
69080781,61.2335,48.1142,517,29467,0.779229,0.69,2,1004716,1004199,517
69083701,61.0467,59.2228,516,29539,0.787846,0.67,2,1004777,1004261,516
69086621,57.8093,61.4446,511,29611,0.789569,0.65,2,1004834,1004323,511
69089541,13.1619,57.8889,456,29682,0.789914,0.65,2,1004836,1004380,456
69092461,60.2324,13.1778,526,29753,0.869983,0.65,2,1004908,1004382,526
69095381,34.4465,62.6356,479,29824,0.885997,0.61,2,1004936,1004457,479
69098301,8.48929,34.9271,453,29895,0.889199,0.65,2,1004938,1004485,453
69101221,41.6979,46.1854,454,29966,0.88984,0.69,2,1004988,1004534,454
69334821,31,43,508,35166,0.81,1,2,1008642,1008134,508
69337741,61.4,31.8,548,35226,0.682,1,1,1008711,1008163,548
69340661,40.28,61.56,514,35286,0.6244,1,1,1008746,1008232,514
69343581,32.856,39.512,511,35346,0.54888,1,1,1008777,1008266,511
69346501,24.1712,26.3024,510,35406,0.549776,1,1,1008799,1008289,510
69349421,45.6342,26.0605,535,35466,0.437955,1,1,1008850,1008315,535
69352341,33.9268,52.4121,507,35526,0.351591,1,1,1008881,1008374,507
69355261,37.1854,41.6824,506,35586,0.334318,1,1,1008919,1008413,506
69358181,41.0371,32.3365,518,35645,0.282864,1,1,1008961,1008443,518
69361101,10.6074,44.8673,473,35704,0.240573,0.94,1,1008964,1008491,473
69364021,50.1215,59.3735,470,35763,0.296115,0.81,1,1009024,1008554,470
69366941,51.6243,57.4747,465,35822,0.307223,0.81,1,1009076,1008611,465
69369861,35.1249,36.2949,465,35881,0.309445,0.65,1,1009107,1008642,465
69372781,47.025,62.459,446,35940,0.309889,0.61,1,1009157,1008711,446
69375701,37.405,40.4918,446,35999,0.293978,0.53,1,1009192,1008746,446
69378621,32.281,32.8984,446,36058,0.306796,0.55,1,1009223,1008777,446
69381541,22.4562,24.1797,444,36117,0.277359,0.41,1,1009243,1008799,444
69384461,42.8912,45.6359,441,36176,0.287472,0.33,1,1009291,1008850,441
69387381,33.3782,33.9272,441,36234,0.305494,0.33,1,1009322,1008881,441
69390301,32.2756,37.1854,435,36292,0.325099,0.27,1,1009354,1008919,435
69393221,40.8551,41.0371,436,36350,0.32902,0.23,1,1009397,1008961,436
69396141,9.77103,10.6074,435,36408,0.361804,0.31,1,1009399,1008964,435
69399061,50.7542,50.1215,436,36466,0.352361,0.31,1,1009460,1009024,436
69401981,52.5508,51.6243,437,36524,0.366472,0.31,1,1009513,1009076,437
69404901,33.7102,35.1249,435,36582,0.385294,0.31,1,1009542,1009107,435
69407821,46.742,47.025,435,36640,0.485059,0.29,1,1009592,1009157,435
69410741,36.5484,37.405,434,36698,0.505012,0.31,1,1009626,1009192,434
69413661,31.3097,32.281,433,36756,0.509002,0.27,1,1009656,1009223,433
69416581,22.2619,22.4562,433,36813,0.4938,0.29,1,1009676,1009243,433
69419501,43.6524,42.8912,434,36870,0.52276,0.31,1,1009725,1009291,434
69422421,35.9305,33.3782,437,36927,0.496552,0.33,1,1009759,1009322,437
69425341,31.9861,32.2756,436,36984,0.53931,0.33,1,1009790,1009354,436
69428261,42.3972,40.8551,438,37041,0.595862,0.37,1,1009835,1009397,438
69431181,10.0794,9.77103,438,37098,0.607172,0.35,1,1009837,1009399,438
69434101,50.0159,50.7542,437,37155,0.577434,0.35,1,1009897,1009460,437
69437021,54.0032,10.1508,492,37212,0.603487,0.37,1,1009952,1009460,492
69439941,34.8006,44.4302,469,37269,0.624697,0.39,1,1009982,1009513,469
69442861,50.1601,32.086,494,37326,0.628939,0.51,1,1010036,1009542,494
69445781,37.232,46.4172,478,37383,0.645788,0.51,1,1010070,1009592,478
69448701,32.2464,36.4834,475,37440,0.633158,0.51,1,1010101,1009626,475
69451621,22.4493,31.2967,465,37496,0.630632,0.49,1,1010121,1009656,465
69454541,43.6899,22.2593,494,37552,0.646126,0.53,1,1010170,1009676,494
69457461,35.938,43.6519,479,37608,0.649225,0.49,1,1010204,1009725,479
69460381,32.7876,35.9304,477,37664,0.649845,0.55,1,1010236,1009759,477
69463301,44.9575,31.9861,494,37720,0.665969,0.61,1,1010284,1009790,494
69466221,10.5915,42.3972,451,37776,0.669194,0.61,1,1010286,1009835,451
69469141,50.1183,10.0794,509,37832,0.701839,0.57,1,1010346,1009837,509
69472061,56.4237,50.0159,507,37888,0.676368,0.61,1,1010404,1009897,507
69474981,35.2847,54.0032,482,37944,0.671274,0.63,1,1010434,1009952,482
69477901,51.0569,34.8006,507,38000,0.718255,0.63,1,1010489,1009982,507
69480821,37.4114,50.1601,487,38056,0.759651,0.65,2,1010523,1010036,487
69483741,31.4823,37.232,483,38112,0.78393,0.63,2,1010553,1010070,483
69486661,22.2965,32.2464,472,38167,0.804786,0.63,2,1010573,1010101,472
69489581,44.4593,22.4493,502,38222,0.840957,0.65,2,1010623,1010121,502
69492501,36.0919,43.6899,487,38277,0.848191,0.65,2,1010657,1010170,487
69495421,32.8184,35.938,485,38332,0.849638,0.65,2,1010689,1010204,485
69498341,45.7637,32.7876,502,38387,0.849928,0.67,2,1010738,1010236,502
69501261,10.7527,44.9575,456,38442,0.849985,0.67,2,1010740,1010284,456
69504181,51.7505,10.5915,516,38497,0.865997,0.71,2,1010802,1010286,516
69507101,55.1501,50.1183,512,38552,0.869199,0.67,2,1010858,1010346,512
69510021,35.83,56.4237,485,38607,0.91784,0.67,2,1010889,1010404,485
69512941,8.766,35.2847,457,38662,0.927568,0.73,2,1010891,1010434,457
69653101,30,43,501,41202,0.79,1,2,1012648,1012147,501
69656021,40.4,27,521,41253,0.726,1,1,1012691,1012170,521
69658941,37.68,41.4,513,41304,0.7132,1,1,1012728,1012215,513
69661861,45.936,48.28,511,41355,0.61464,1,1,1012776,1012265,511
69664781,27.5872,40.056,496,41406,0.562928,1,1,1012799,1012303,496
69667701,31.1174,24.8112,507,41457,0.424586,1,1,1012831,1012324,507
69670621,30.2235,32.9622,502,41508,0.364917,1,1,1012861,1012359,502
69673541,32.4447,32.1924,503,41559,0.336983,0.99,1,1012894,1012391,503
69676461,21.6889,39.2385,481,41610,0.299397,0.88,1,1012913,1012432,481
69679381,41.1378,34.2477,494,41661,0.243879,1,1,1012959,1012465,494
69682301,32.2276,35.6495,488,41712,0.232776,1,1,1012989,1012501,488
69685221,25.6455,38.3299,473,41763,0.294555,0.87,1,1013013,1012540,473
69688141,32.3291,40.466,466,41814,0.322911,0.93,1,1013047,1012581,466
69691061,32.8658,37.6932,462,41864,0.328582,0.79,1,1013080,1012618,462
69693981,29.7732,31.5386,461,41914,0.377716,0.71,1,1013109,1012648,461
69696901,40.3546,40.7077,461,41964,0.339543,0.71,1,1013152,1012691,461
69699821,35.2709,37.7415,458,42014,0.363909,0.59,1,1013186,1012728,458
69702741,38.2542,45.9483,449,42064,0.368782,0.55,1,1013225,1012776,449
69705661,22.8508,27.5897,445,42114,0.385756,0.39,1,1013244,1012799,445
69708581,29.3702,31.1179,444,42164,0.341151,0.35,1,1013275,1012831,444
69711501,26.674,30.2236,440,42214,0.34823,0.33,1,1013301,1012861,440
69714421,29.3348,32.4447,437,42264,0.365646,0.29,1,1013331,1012894,437
69717341,18.667,21.6889,434,42314,0.369129,0.23,1,1013347,1012913,434
69720261,42.9334,41.1378,437,42364,0.401826,0.23,1,1013396,1012959,437
69723181,31.7867,32.2276,436,42414,0.440365,0.31,1,1013425,1012989,436
69726101,27.1573,25.6455,438,42464,0.448073,0.33,1,1013451,1013013,438
69729021,31.8315,32.3291,437,42514,0.513615,0.33,1,1013484,1013047,437
69731941,33.5663,32.8658,438,42564,0.542723,0.39,1,1013518,1013080,438
69734861,30.7133,29.7732,439,42614,0.548545,0.33,1,1013548,1013109,439
69737781,39.7427,40.3546,438,42664,0.549709,0.37,1,1013590,1013152,438
69740701,35.9485,35.2709,439,42713,0.597942,0.37,1,1013625,1013186,439
69743621,39.1897,38.2542,440,42762,0.639588,0.39,1,1013665,1013225,440
69746541,20.6379,22.8508,437,42811,0.615918,0.33,1,1013681,1013244,437
69749461,29.7276,29.3702,438,42860,0.611184,0.35,1,1013713,1013275,438
69752381,27.5455,26.674,439,42909,0.610237,0.37,1,1013740,1013301,439
69755301,30.3091,29.3348,440,42958,0.658047,0.37,1,1013771,1013331,440
69758221,18.8618,18.667,440,43007,0.635609,0.37,1,1013787,1013347,440
69761141,42.9724,3.73339,489,43056,0.631122,0.41,1,1013836,1013347,489
69764061,32.5945,39.9467,470,43105,0.678224,0.45,1,1013866,1013396,470
69766981,29.7189,31.1893,470,43154,0.687645,0.45,1,1013895,1013425,470
69769901,34.7438,27.0379,480,43203,0.673529,0.53,1,1013931,1013451,480
69772821,34.9488,31.8076,482,43252,0.670706,0.55,1,1013966,1013484,482
69775741,30.9898,33.5615,478,43301,0.702141,0.55,1,1013996,1013518,478
69778661,40.598,30.7123,491,43350,0.708428,0.55,1,1014039,1013548,491
69781581,37.7196,39.7425,486,43399,0.725686,0.61,1,1014076,1013590,486
69784501,39.5439,35.9485,491,43448,0.729137,0.65,1,1014116,1013625,491
69787421,20.7088,39.1897,467,43497,0.729827,0.61,1,1014132,1013665,467
69790341,29.7418,20.6379,483,43546,0.729966,0.61,1,1014164,1013681,483
69793261,27.5484,29.7276,478,43594,0.761993,0.61,2,1014191,1013713,478
69796181,31.1097,27.5455,483,43642,0.784399,0.67,2,1014223,1013740,483
69799101,19.0219,30.3091,468,43690,0.78888,0.63,2,1014239,1013771,468
69802021,44.6044,18.8618,503,43738,0.789776,0.63,2,1014290,1013787,503
69804941,33.7209,42.9724,485,43786,0.789955,0.69,2,1014321,1013836,485
69807861,29.9442,32.5945,484,43834,0.789991,0.69,2,1014350,1013866,484
69810781,34.7888,29.7189,491,43882,0.789998,0.67,2,1014386,1013895,491
69813701,35.7578,34.7438,491,43930,0.758,0.67,2,1014422,1013931,491
69816621,31.9516,34.9488,487,43978,0.7836,0.71,2,1014453,1013966,487
69819541,39.9903,30.9898,499,44026,0.80472,0.71,2,1014495,1013996,499
69822461,38.3981,40.598,494,44074,0.840944,0.73,2,1014533,1014039,494
69825381,39.6796,37.7196,497,44122,0.880189,0.73,2,1014573,1014076,497
69828301,20.7359,39.5439,473,44170,0.888038,0.73,2,1014589,1014116,473
69831221,29.7472,20.7088,489,44218,0.889608,0.73,2,1014621,1014132,489
69834141,29.1494,29.7418,486,44266,0.873922,0.77,2,1014650,1014164,486
69837061,32.2299,27.5484,492,44314,0.886784,0.79,2,1014683,1014191,492
69839981,19.246,31.1097,476,44362,0.905357,0.79,2,1014699,1014223,476
69842901,45.4492,19.0219,512,44410,0.877071,0.79,2,1014751,1014239,512
69845821,33.0898,44.6044,491,44457,0.871414,0.79,2,1014781,1014290,491
69848741,8.21797,33.7209,462,44504,0.870283,0.79,2,1014783,1014321,462
69851661,24.0436,29.9442,461,44551,0.918057,0.79,2,1014811,1014350,461
69854581,32.0087,34.7888,459,44598,0.927611,0.75,2,1014845,1014386,459
69857501,37.6017,35.7578,462,44645,0.929522,0.79,2,1014884,1014422,462
70075041,93,55,459,21997,0.03,0.01,1,1017434,1016975,459
70077961,72.2,66.2,457,22093,0.046,0.05,1,1017501,1017044,457
70080881,37.64,62.04,425,22189,0.0652,0.07,1,1017530,1017105,425
70083801,28.328,24.408,436,22285,0.08504,0.07,1,1017556,1017120,436
70086721,50.4656,27.2816,464,22380,0.057008,0.01,1,1017612,1017148,464
70089641,54.8931,52.6563,461,22475,0.0834016,0.05,1,1017668,1017207,461
70092561,64.5786,64.1313,461,22569,0.0726803,0.01,1,1017735,1017274,461
70095481,110.516,66.4263,516,22663,0.0545361,0.03,1,1017857,1017341,516
70098401,77.3031,87.6853,492,22757,0.0349072,0.05,1,1017926,1017434,492
70101321,36.2606,71.1371,451,22850,0.0309814,0.07,1,1017952,1017501,451
70104241,30.4521,37.4274,451,22943,0.0461963,0.09,1,1017981,1017530,451
70107161,50.8904,28.2855,481,23035,0.0652393,0.05,1,1018037,1017556,481
70110081,51.7781,50.4571,477,23127,0.0850479,0.09,1,1018089,1017612,477
70113001,63.9556,54.8914,488,23219,0.0250096,0.07,1,1018156,1017668,488
70115921,112.791,64.5783,546,23310,0.0130019,0.05,1,1018281,1017735,546
70118841,76.1582,110.516,491,23401,0.0426004,0.03,1,1018348,1017857,491
70121761,36.0316,77.3031,448,23492,0.0645201,0.03,1,1018374,1017926,448
70124681,31.2063,36.2606,452,23582,0.052904,0.05,1,1018404,1017952,452
70127601,51.8413,30.4521,480,23672,0.0665808,0.07,1,1018461,1017981,480
70130521,52.7683,50.8904,477,23762,0.101316,0.09,1,1018514,1018037,477
70133441,60.9537,51.7781,488,23851,0.0442632,0.01,1,1018577,1018089,488
70136361,112.991,63.9556,547,23940,0.0328526,0.01,1,1018703,1018156,547
70139281,24.1981,112.791,424,24029,0.00657053,0.05,1,1018705,1018281,424
70142201,58.4396,76.1582,424,24117,0.0893141,0.07,1,1018772,1018348,424
70145121,33.2879,36.0316,425,24205,0.121863,0.05,1,1018799,1018374,425
70148041,30.6576,31.2063,425,24293,0.160373,0.07,1,1018829,1018404,425
70150961,51.7315,51.8413,425,24380,0.168075,0.11,1,1018886,1018461,425
70153881,54.3463,52.7683,427,24467,0.217615,0.03,1,1018941,1018514,427
70156801,58.0693,60.9537,423,24554,0.243523,0.03,1,1019000,1018577,423
70159721,111.614,112.991,422,24640,0.0727046,0,1,1019125,1018703,422
70162641,23.9228,24.1981,422,24726,0.0145409,0.11,1,1019127,1018705,422
70165561,62.3846,58.4396,427,24812,0.0269082,0.13,1,1019199,1018772,427
70168481,34.8769,33.2879,428,24897,0.0613816,0.17,1,1019227,1018799,428
70171401,33.3754,30.6576,431,24982,0.100276,0.17,1,1019260,1018829,431
70174321,51.4751,51.7315,430,25067,0.172055,0.23,1,1019316,1018886,430
70177241,55.895,54.3463,432,25152,0.186411,0.25,1,1019373,1018941,432
70180161,58.379,58.0693,432,25236,0.221282,0.03,1,1019432,1019000,432
70183081,103.676,111.614,422,25320,0.0682564,0,1,1019547,1019125,422
70186001,22.3352,23.9228,422,25404,0.0376513,0.03,1,1019549,1019127,422
70188921,63.667,62.3846,424,25487,0.0475303,0.03,1,1019623,1019199,424
70191841,35.1334,12.4769,452,25570,0.0335061,0.07,1,1019651,1019199,452
70194761,35.8267,24.8954,460,25653,0.0787012,0.11,1,1019687,1019227,460
70197681,52.7653,31.3791,484,25736,0.10374,0.19,1,1019744,1019260,484
70200601,57.7531,51.0758,487,25818,0.140748,0.19,1,1019803,1019316,487
70203521,60.3506,55.8152,491,25900,0.16415,0.23,1,1019864,1019373,491
70206441,95.2701,58.363,536,25982,0.15283,0.03,1,1019968,1019432,536
70209361,20.654,103.673,423,26064,0.182566,0.03,1,1019970,1019547,423
70212281,64.1308,22.3345,496,26145,0.188513,0.05,1,1020045,1019549,496
70215201,36.0262,63.6669,451,26226,0.173703,0.03,1,1020074,1019623,451
70218121,36.0052,35.1334,459,26307,0.186741,0.09,1,1020110,1019651,459
70221041,55.201,35.8267,483,26388,0.205348,0.11,1,1020170,1019687,483
70223961,59.8402,52.7653,487,26468,0.22507,0.15,1,1020231,1019744,487
70226881,61.568,57.7531,490,26548,0.229014,0.17,1,1020293,1019803,490
70229801,94.7136,60.3506,532,26628,0.229803,0.15,1,1020396,1019864,532
70232721,20.5427,95.2701,430,26708,0.229961,0.19,1,1020398,1019968,430
70235641,64.1085,20.654,503,26787,0.213992,0.19,1,1020473,1019970,503
70238561,36.8217,64.1308,458,26866,0.210798,0.17,1,1020503,1020045,458
70241481,8.96434,36.0262,431,26945,0.21016,0.19,1,1020505,1020074,431
70244401,30.5929,36.0052,431,27024,0.226032,0.21,1,1020541,1020110,431
70247321,54.9186,55.201,432,27102,0.325206,0.23,1,1020602,1020170,432
70250241,61.3837,59.8402,434,27180,0.393041,0.23,1,1020665,1020231,434
70253161,61.0767,61.568,433,27258,0.406608,0.23,1,1020726,1020293,433
70256081,94.6153,94.7136,433,27336,0.473322,0.23,1,1020829,1020396,433
70259001,20.5231,20.5427,433,27413,0.454664,0.21,1,1020831,1020398,433
70261921,63.3046,64.1085,432,27490,0.466933,0.21,1,1020905,1020473,432
70264841,36.6609,36.8217,432,27567,0.485387,0.21,1,1020935,1020503,432
70267761,8.93218,8.96434,432,27644,0.489077,0.23,1,1020937,1020505,432
70270681,32.1864,30.5929,434,27721,0.505815,0.35,1,1020975,1020541,434
70273601,59.2373,54.9186,439,27797,0.573163,0.41,1,1021041,1020602,439
70276521,63.0475,61.3837,440,27873,0.618633,0.41,1,1021105,1020665,440
70279441,61.4095,61.0767,440,27949,0.611727,0.49,1,1021166,1020726,440
70282361,97.8819,94.6153,444,28025,0.658345,0.45,1,1021273,1020829,444
70285281,21.1764,20.5231,444,28101,0.699669,0.47,1,1021275,1020831,444
70288201,64.2353,63.3046,445,28176,0.707934,0.49,1,1021350,1020905,445
70291121,37.6471,36.6609,446,28251,0.757587,0.49,2,1021381,1020935,446
70294041,9.12941,8.93218,446,28326,0.767517,0.51,2,1021383,1020937,446
70296961,31.4259,32.1864,445,28401,0.785503,0.51,2,1021420,1020975,445
70299881,62.2852,6.43729,515,28476,0.789101,0.59,2,1021490,1020975,515
70302801,64.457,54.0875,514,28550,0.78982,0.63,2,1021555,1021041,514
70305721,62.4914,62.0175,512,28624,0.805964,0.61,2,1021617,1021105,512
70308641,100.498,61.2035,561,28698,0.857193,0.67,2,1021727,1021166,561
70311561,21.6997,97.8407,456,28772,0.867438,0.71,2,1021729,1021273,456
70314481,65.9399,21.1681,531,28846,0.901488,0.71,2,1021806,1021275,531
70317401,38.788,64.2336,488,28919,0.924298,0.77,2,1021838,1021350,488
70320321,9.3576,37.6467,459,28992,0.928859,0.77,2,1021840,1021381,459
70442961,29,60,501,31914,0.75,1,2,1023868,1023367,501
70445881,50.6,36,527,31980,0.718,1,1,1023924,1023397,527
70448801,56.52,49.6,532,32046,0.4716,1,1,1023982,1023450,532
70451721,100.104,61.92,578,32112,0.10232,1,1,1024093,1023515,578
70454641,42.4208,97.184,500,32178,0.108464,1,1,1024121,1023621,500
70457561,56.4842,45.0368,528,32244,0.0296928,1,1,1024181,1023653,528
70460481,34.4968,50.6074,505,32310,0.0299386,1,1,1024210,1023705,505
70463401,31.6994,35.7215,504,32375,0.0459877,0.96,1,1024241,1023737,504
70466321,29.5399,33.5443,500,32440,0.0171975,0.94,1,1024270,1023770,500
70469241,32.308,29.9089,504,32505,0.0274395,0.79,1,1024303,1023799,504
70472161,26.4616,37.9818,489,32570,0.0134879,0.75,1,1024328,1023839,489
70475081,42.8923,30.7964,507,32635,0.0586976,0.71,1,1024375,1023868,507
70478001,41.3785,50.9593,492,32700,0.0517395,0.41,1,1024416,1023924,492
70480921,88.2757,56.5919,534,32765,0.0503479,0.01,1,1024516,1023982,534
70483841,19.2551,100.118,425,32830,0.0500696,0.11,1,1024518,1024093,425
70486761,23.851,42.4237,422,32894,0.0500139,0.01,1,1024543,1024121,422
70489681,53.5702,56.4847,423,32958,0.0660028,0.03,1,1024604,1024181,423
70492601,35.514,34.4969,425,33022,0.0132006,0.05,1,1024635,1024210,425
70495521,29.5028,31.6994,422,33086,0.0106401,0.01,1,1024663,1024241,422
70498441,29.1006,29.5399,422,33150,0.074128,0.03,1,1024692,1024270,422
70501361,32.2201,32.308,422,33214,0.0388256,0.01,1,1024725,1024303,422
70504281,26.444,26.4616,422,33278,0.0157651,0.07,1,1024750,1024328,422
70507201,46.0888,42.8923,426,33342,0.075153,0.05,1,1024801,1024375,426
70510121,41.2178,41.3785,425,33405,0.0870306,0.05,1,1024841,1024416,425
70513041,85.8436,88.2757,422,33468,0.121406,0.05,1,1024938,1024516,422
70515961,18.7687,19.2551,422,33531,0.128281,0.05,1,1024940,1024518,422
70518881,23.7537,23.851,422,33594,0.0656562,0.07,1,1024965,1024543,422
70521801,54.3508,53.5702,423,33657,0.0531312,0,1,1025027,1024604,423
70524721,34.8701,35.514,422,33720,0.0106262,0.01,1,1025057,1024635,422
70527641,29.374,29.5028,422,33783,0.0101252,0.09,1,1025085,1024663,422
70530561,30.6748,29.1006,424,33846,0.010025,0.03,1,1025116,1024692,424
70533481,31.735,32.2201,423,33908,0.026005,0.01,1,1025148,1024725,423
70536401,25.547,26.444,422,33970,0.045201,0.09,1,1025172,1024750,422
70539321,48.3094,46.0888,425,34032,0.11304,0.09,1,1025226,1024801,425
70542241,40.8619,41.2178,424,34094,0.142608,0.13,1,1025265,1024841,424
70545161,85.7724,85.8436,424,34156,0.212522,0.13,1,1025362,1024938,424
70548081,18.7545,18.7687,424,34218,0.226504,0.13,1,1025364,1024940,424
70551001,22.9509,3.75374,448,34280,0.213301,0.05,1,1025388,1024940,448
70553921,52.5902,20.7507,483,34342,0.19466,0.05,1,1025448,1024965,483
70556841,34.518,53.7502,451,34404,0.174932,0,1,1025478,1025027,451
70559761,29.3036,34.75,449,34465,0.0749864,0.01,1,1025506,1025057,449
70562681,30.6607,29.35,452,34526,0.0549973,0.01,1,1025537,1025085,452
70565601,32.5321,30.67,454,34587,0.0349995,0.03,1,1025570,1025116,454
70568521,24.9064,31.734,445,34648,0.0469999,0.05,1,1025593,1025148,445
70571441,51.3813,25.5468,479,34709,0.0654,0.13,1,1025651,1025172,479
70574361,42.2763,48.3094,465,34770,0.08508,0.15,1,1025691,1025226,465
70577281,90.0552,40.8619,528,34831,0.153016,0.23,1,1025793,1025265,528
70580201,19.611,85.7724,433,34892,0.166603,0.23,1,1025795,1025362,433
70583121,23.1222,18.7545,455,34953,0.169321,0.21,1,1025819,1025364,455
70586041,52.6244,22.9509,491,35013,0.169864,0.19,1,1025879,1025388,491
70588961,31.3249,52.5902,457,35073,0.217973,0.17,1,1025905,1025448,457
70591881,26.265,34.518,452,35133,0.243595,0.05,1,1025930,1025478,452
70594801,29.253,29.3036,454,35193,0.216719,0.05,1,1025960,1025506,454
70597721,31.4506,30.6607,455,35253,0.147344,0.03,1,1025992,1025537,455
70600641,23.8901,32.5321,444,35313,0.133469,0.05,1,1026014,1025570,444
70603561,53.578,24.9064,482,35373,0.0986938,0.07,1,1026075,1025593,482
70606481,43.5156,51.3813,465,35433,0.107739,0.09,1,1026116,1025651,465
70609401,93.5031,42.2763,531,35493,0.109548,0.17,1,1026222,1025691,531
70612321,20.3006,90.0552,431,35553,0.10991,0.17,1,1026224,1025793,431
70615241,23.2601,19.611,453,35612,0.157982,0.17,1,1026248,1025795,453
70618161,54.252,23.1222,491,35671,0.183596,0.17,1,1026310,1025819,491
70621081,12.4504,52.6244,433,35730,0.188719,0.23,1,1026312,1025879,433
70624001,23.2901,31.3249,433,35789,0.237744,0.25,1,1026338,1025905,433
70626921,23.858,26.265,432,35848,0.263549,0.21,1,1026362,1025930,432
70629841,28.7716,29.253,432,35907,0.26871,0.13,1,1026392,1025960,432
70632761,28.1543,31.4506,428,35966,0.269742,0.13,1,1026420,1025992,428
70635681,23.2309,23.8901,428,36025,0.237948,0.09,1,1026442,1026014,428
70638601,52.6462,53.578,427,36084,0.24759,0.11,1,1026502,1026075,427
70641521,44.1292,43.5156,428,36143,0.217518,0.11,1,1026544,1026116,428
70644441,95.2258,93.5031,430,36201,0.307504,0.11,1,1026652,1026222,430
70647361,20.6452,20.3006,430,36259,0.293501,0.17,1,1026654,1026224,430
70650281,23.329,23.2601,430,36317,0.2907,0.19,1,1026678,1026248,430
70653201,55.0658,54.252,431,36375,0.30614,0.19,1,1026741,1026310,431
70656121,12.6132,12.4504,431,36433,0.309228,0.25,1,1026743,1026312,431
70659041,24.9226,23.2901,433,36491,0.357846,0.27,1,1026771,1026338,433
70661961,24.1845,23.858,433,36549,0.351569,0.27,1,1026795,1026362,433
70664881,28.8369,28.7716,433,36607,0.350314,0.27,1,1026825,1026392,433
70667801,28.1674,28.1543,433,36665,0.382063,0.23,1,1026853,1026420,433
70670721,23.2335,23.2309,433,36723,0.388413,0.25,1,1026875,1026442,433
70673641,51.8467,52.6462,432,36781,0.405682,0.21,1,1026934,1026502,432
70676561,44.7693,44.1292,433,36838,0.409137,0.33,1,1026977,1026544,433
70679481,97.7539,95.2258,436,36895,0.553827,0.29,1,1027088,1026652,436
70682401,21.1508,20.6452,436,36952,0.582765,0.29,1,1027090,1026654,436
70685321,24.2302,23.329,437,37009,0.572553,0.31,1,1027115,1026678,437
70688241,55.246,55.0658,437,37066,0.618511,0.31,1,1027178,1026741,437
70691161,12.6492,12.6132,437,37123,0.627702,0.37,1,1027180,1026743,437
70694081,25.7298,24.9226,438,37180,0.61354,0.37,1,1027209,1026771,438
70697001,24.346,4.98453,462,37237,0.642708,0.35,1,1027233,1026771,462
70699921,28.8692,20.1969,468,37294,0.664542,0.35,1,1027263,1026795,468
70702841,28.1738,28.0394,466,37351,0.684908,0.39,1,1027291,1026825,466
70705761,23.2348,28.0079,460,37408,0.688982,0.39,1,1027313,1026853,460
70708681,52.647,23.2016,498,37464,0.689796,0.41,1,1027373,1026875,498
70711601,46.5294,51.8403,484,37520,0.721959,0.41,1,1027418,1026934,484
70714521,103.706,44.7681,559,37576,0.792392,0.59,2,1027536,1026977,559
70717441,22.3412,97.7536,450,37632,0.806478,0.59,2,1027538,1027088,450
70720361,23.6682,21.1507,472,37688,0.809296,0.57,2,1027562,1027090,472
70723281,57.5336,24.2301,513,37744,0.825859,0.63,2,1027628,1027115,513
70726201,13.1067,55.246,452,37800,0.829172,0.63,2,1027630,1027178,452
70729121,26.6213,12.6492,480,37856,0.829834,0.61,2,1027660,1027180,480
70732041,26.9243,25.7298,478,37912,0.861967,0.65,2,1027687,1027209,478
70734961,30.1849,24.346,485,37968,0.916393,0.67,2,1027718,1027233,485
70737881,28.437,28.8692,483,38024,0.927279,0.69,2,1027746,1027263,483
70740801,23.2874,28.1738,477,38080,0.929456,0.69,2,1027768,1027291,477
70743721,52.6575,23.2348,515,38135,0.929891,0.69,2,1027828,1027313,515
70746641,48.1315,52.647,502,38190,0.913978,0.73,2,1027875,1027373,502
70749561,107.226,46.5294,579,38245,0.894796,0.81,2,1027997,1027418,579
70752481,23.0453,103.706,463,38300,0.890959,0.81,2,1027999,1027536,463
70755401,23.8091,22.3412,485,38355,0.890192,0.81,2,1028023,1027538,485
70758321,58.3618,23.6682,528,38410,0.890038,0.83,2,1028090,1027562,528
70761241,13.2724,57.5336,464,38465,0.890008,0.83,2,1028092,1027628,464
70764161,26.6545,13.1067,492,38520,0.890002,0.83,2,1028122,1027630,492
70767081,28.5309,26.6213,491,38575,0.906,0.87,2,1028151,1027660,491
70770001,7.30618,26.9243,466,38630,0.9092,0.93,2,1028153,1027687,466
70910161,35,23,528,41172,0.73,1,1,1029972,1029444,528
70913081,31,47,505,41223,0.698,1,1,1030002,1029497,505
70916001,31.8,29.4,512,41274,0.5796,1,1,1030034,1029522,512
70918921,31.96,27.48,517,41325,0.45992,1,1,1030066,1029549,517
70921841,27.192,22.296,522,41376,0.419984,1,1,1030092,1029570,522
70924761,29.4384,32.4592,517,41427,0.267997,1,1,1030122,1029605,517
70927681,28.2877,30.4918,515,41478,0.205599,1,1,1030150,1029635,515
70930601,29.6575,24.4984,522,41529,0.12912,1,1,1030180,1029658,522
70933521,13.9315,25.6997,506,41580,0.113824,1,1,1030190,1029684,506
70936441,17.1863,31.5399,491,41631,0.0787648,0.96,1,1030208,1029717,491
70939361,36.2373,39.108,491,41682,0.087753,0.99,1,1030249,1029758,491
70942281,94.4475,111.022,471,41733,0.0575506,0.91,1,1030358,1029887,471
70945201,27.6895,35.8043,465,41784,0.0355101,0.85,1,1030369,1029904,465
70948121,26.3379,33.5609,458,41835,0.031102,0.73,1,1030395,1029937,458
70951041,30.0676,34.7122,454,41885,0.0782204,0.69,1,1030426,1029972,454
70953961,26.0135,30.9424,449,41935,0.0556441,0.55,1,1030451,1030002,449
70956881,24.4027,31.7885,441,41985,0.0671288,0.43,1,1030475,1030034,441
70959801,27.2805,31.9577,437,42035,0.0214258,0.41,1,1030503,1030066,437
70962721,25.4561,27.1915,436,42085,0.0282852,0.23,1,1030528,1030092,436
70965641,26.6912,29.4383,433,42135,0.061657,0.19,1,1030555,1030122,433
70968561,26.1382,28.2877,431,42185,0.116331,0.11,1,1030581,1030150,431
70971481,26.0276,29.6575,427,42235,0.0792663,0.11,1,1030607,1030180,427
70974401,13.2055,13.9315,427,42285,0.0878533,0.07,1,1030617,1030190,427
70977321,15.4411,17.1863,425,42335,0.0895707,0.09,1,1030633,1030208,425
70980241,33.4882,36.2373,422,42385,0.169914,0.05,1,1030671,1030249,422
70983161,93.8976,94.4475,422,42435,0.0339828,0.03,1,1030780,1030358,422
70986081,27.5795,27.6895,422,42485,0.0307966,0.03,1,1030791,1030369,422
70989001,26.3159,26.3379,422,42535,0.0621593,0.09,1,1030817,1030395,422
70991921,31.6632,30.0676,424,42585,0.0684319,0.05,1,1030850,1030426,424
70994841,24.7326,26.0135,422,42635,0.0536864,0.07,1,1030873,1030451,422
70997761,24.1465,24.4027,422,42684,0.0667373,0.01,1,1030897,1030475,422
71000681,28.8293,27.2805,424,42733,0.0373475,0.03,1,1030927,1030503,424
71003601,24.1659,25.4561,422,42782,0.0794695,0.07,1,1030950,1030528,422
71006521,28.0332,26.6912,424,42831,0.0398939,0.13,1,1030979,1030555,424
71009441,28.8066,26.1382,427,42880,0.0639788,0.07,1,1031008,1030581,427
71012361,25.7613,26.0276,426,42929,0.116796,0.09,1,1031033,1030607,426
71015281,11.5523,13.2055,424,42978,0.143359,0.09,1,1031041,1030617,424
71018201,15.9105,15.4411,425,43027,0.132672,0.09,1,1031058,1030633,425
71021121,34.3821,3.08822,464,43076,0.162534,0.19,1,1031097,1030633,464
71024041,90.0764,31.0176,530,43125,0.152507,0,1,1031201,1030671,530
71026961,26.8153,93.4035,432,43174,0.134501,0.03,1,1031212,1030780,432
71029881,26.9631,27.4807,448,43223,0.1149,0.07,1,1031239,1030791,448
71032801,31.7926,26.2961,455,43272,0.0949801,0.07,1,1031272,1030817,455
71035721,23.9585,31.6592,444,43321,0.106996,0.05,1,1031294,1030850,444
71038641,26.3917,24.7318,448,43370,0.0773992,0.07,1,1031321,1030873,448
71041561,27.6783,24.1464,452,43419,0.0714798,0.03,1,1031349,1030897,452
71044481,23.1357,28.8293,444,43468,0.070296,0.09,1,1031371,1030927,444
71047401,28.6271,24.1659,451,43517,0.0380592,0.03,1,1031401,1030950,451
71050321,31.3254,28.0332,454,43565,0.0156118,0.07,1,1031433,1030979,454
71053241,27.0651,28.8066,451,43613,0.0271224,0.13,1,1031459,1031008,451
71056161,11.813,25.7613,434,43661,0.0454245,0.15,1,1031467,1031033,434
71059081,16.7626,11.5523,444,43709,0.0490849,0.13,1,1031485,1031041,444
71062001,36.1525,15.9105,468,43757,0.049817,0.17,1,1031526,1031058,468
71064921,88.0305,34.3821,530,43805,0.113963,0.15,1,1031627,1031097,530
71067841,25.6061,90.0764,436,43853,0.126793,0.13,1,1031637,1031201,436
71070761,27.5212,26.8153,453,43901,0.129359,0.11,1,1031665,1031212,453
71073681,31.1042,26.9631,458,43949,0.129872,0.09,1,1031697,1031239,458
71076601,23.8208,31.7926,447,43997,0.129974,0.11,1,1031719,1031272,447
71079521,25.5642,23.9585,451,44045,0.145995,0.07,1,1031745,1031294,451
71082441,27.5128,26.3917,452,44093,0.165199,0.07,1,1031773,1031321,452
71085361,23.1026,27.6783,446,44141,0.16904,0.07,1,1031795,1031349,446
71088281,27.0205,23.1357,452,44189,0.137808,0.03,1,1031823,1031371,452
71091201,31.0041,28.6271,454,44237,0.163562,0.01,1,1031855,1031401,454
71094121,27.8008,31.3254,449,44285,0.120712,0.03,1,1031882,1031433,449
71097041,11.9602,27.0651,431,44333,0.144142,0.05,1,1031890,1031459,431
71099961,16.792,11.813,441,44381,0.148828,0.05,1,1031908,1031467,441
71102881,36.1584,16.7626,464,44429,0.133766,0.05,1,1031949,1031485,464
71105801,8.83168,36.1525,425,44476,0.130753,0.13,1,1031951,1031526,425
71108721,84.9663,88.0305,428,44523,0.210151,0.13,1,1032055,1031627,428
71111641,24.9933,25.6061,428,44570,0.24203,0.13,1,1032065,1031637,428
71114561,27.3987,27.5212,428,44617,0.248406,0.13,1,1032093,1031665,428
71117481,31.0797,31.1042,428,44664,0.281681,0.13,1,1032125,1031697,428
71120401,23.8159,23.8208,428,44711,0.256336,0.15,1,1032147,1031719,428
71123321,26.3632,25.5642,429,44758,0.267267,0.17,1,1032174,1031745,429
71126241,28.4726,27.5128,430,44805,0.301453,0.17,1,1032203,1031773,430
71129161,23.2945,23.1026,430,44852,0.356291,0.13,1,1032225,1031795,430
71132081,25.4589,27.0205,428,44899,0.367258,0.17,1,1032251,1031823,428
71135001,30.6918,31.0041,428,44946,0.369452,0.11,1,1032283,1031855,428
71137921,28.5384,27.8008,429,44993,0.38589,0.15,1,1032311,1031882,429
71140841,12.1077,11.9602,429,45040,0.357178,0.15,1,1032319,1031890,429
71143761,16.8215,16.792,429,45087,0.383436,0.13,1,1032337,1031908,429
71146681,36.1643,36.1584,429,45134,0.388687,0.13,1,1032378,1031949,429
71149601,8.83286,8.83168,429,45181,0.389737,0.23,1,1032380,1031951,429
71152521,88.9666,84.9663,434,45228,0.453947,0.25,1,1032489,1032055,434
71155441,25.7933,24.9933,434,45275,0.43479,0.25,1,1032499,1032065,434
71158361,27.5587,27.3987,434,45322,0.478958,0.29,1,1032527,1032093,434
71161281,31.1117,31.0797,434,45369,0.487792,0.25,1,1032559,1032125,434
71164201,23.8223,23.8159,434,45415,0.457558,0.27,1,1032581,1032147,434
71167121,27.1645,26.3632,435,45461,0.483512,0.31,1,1032609,1032174,435
71170041,31.0329,28.4726,438,45507,0.488702,0.37,1,1032641,1032203,438
71172961,23.8066,23.2945,438,45553,0.52174,0.37,1,1032663,1032225,438
71175881,25.5613,25.4589,438,45599,0.496348,0.37,1,1032689,1032251,438
71178801,30.7123,30.6918,438,45645,0.50727,0.39,1,1032721,1032283,438
71181721,29.3425,28.5384,439,45691,0.541454,0.35,1,1032750,1032311,439
71184641,12.2685,12.1077,439,45737,0.548291,0.39,1,1032758,1032319,439
71187561,16.8537,16.8215,439,45783,0.565658,0.39,1,1032776,1032337,439
71190481,37.7707,36.1643,441,45829,0.585132,0.39,1,1032819,1032378,441
71193401,9.15415,8.83286,441,45875,0.557026,0.47,1,1032821,1032380,441
71196321,90.6308,88.9666,443,45921,0.679405,0.47,1,1032932,1032489,443
71199241,26.1262,17.7933,453,45967,0.671881,0.43,1,1032942,1032489,453
71202161,27.6252,11.5587,471,46013,0.702376,0.49,1,1032970,1032499,471
71205081,31.125,24.7117,475,46059,0.708475,0.49,1,1033002,1032527,475
71208001,23.825,30.5423,465,46105,0.709695,0.45,1,1033024,1032559,465
71210921,27.165,23.7085,471,46151,0.709939,0.49,1,1033052,1032581,471
71213841,32.633,27.1417,477,46197,0.741988,0.49,1,1033086,1032609,477
71216761,24.1266,31.0283,467,46243,0.764398,0.53,2,1033108,1032641,467
71219681,25.6253,23.8057,471,46289,0.76888,0.49,2,1033134,1032663,471
71222601,32.3251,25.5611,479,46335,0.785776,0.51,2,1033168,1032689,479
71225521,30.465,30.7122,477,46381,0.789155,0.55,2,1033198,1032721,477
71228441,13.293,29.3424,457,46426,0.805831,0.55,2,1033207,1032750,457
71231361,17.0586,12.2685,467,46471,0.777166,0.57,2,1033225,1032758,467
71234281,37.0117,16.8537,491,46516,0.771433,0.59,2,1033267,1032776,491
71237201,9.00234,37.7707,450,46561,0.770287,0.55,2,1033269,1032819,450
71240121,95.4005,9.15415,565,46606,0.818057,0.71,2,1033386,1032821,565
71243041,27.8801,90.6308,465,46651,0.859611,0.67,2,1033397,1032932,465
71245961,28.776,26.1262,484,46696,0.867922,0.71,2,1033426,1032942,484
71248881,31.3552,27.6252,488,46741,0.901584,0.71,2,1033458,1032970,488
71251801,23.871,31.125,478,46786,0.908317,0.71,2,1033480,1033002,478
71254721,27.1742,23.825,484,46831,0.909663,0.71,2,1033508,1033024,484
71257641,35.0348,27.165,493,46876,0.861933,0.75,2,1033545,1033052,493
71260561,24.607,32.633,481,46921,0.852387,0.77,2,1033567,1033086,481
71263481,26.5214,24.1266,486,46966,0.866477,0.77,2,1033594,1033108,486
71266401,32.5043,25.6253,494,47011,0.869295,0.79,2,1033628,1033134,494
71269321,30.5009,32.3251,490,47056,0.869859,0.79,2,1033658,1033168,490
71272241,12.5002,30.465,468,47101,0.869972,0.81,2,1033666,1033198,468
71275161,16.9,13.293,477,47146,0.869994,0.77,2,1033684,1033207,477
71278081,37.78,17.0586,502,47191,0.885999,0.77,2,1033727,1033225,502
71281001,9.156,37.0117,462,47236,0.8892,0.77,2,1033729,1033267,462
71283921,97.8312,9.00234,580,47281,0.92184,0.83,2,1033849,1033269,580
71286841,27.5662,95.4005,473,47326,0.928368,0.87,2,1033859,1033386,473
71497081,72,74,484,22817,0.25,0.57,1,1036070,1035586,484
71500001,46.4,59.6,468,22910,0.266,0.35,1,1036110,1035642,468
71502921,94.88,89.52,478,23003,0.3332,0.35,1,1036217,1035739,478
71505841,62.976,70.704,467,23095,0.29864,0.25,1,1036272,1035805,467
71508761,58.9952,76.5408,447,23187,0.339728,0.19,1,1036330,1035883,447
71511681,19.799,28.1082,441,23278,0.315946,0.23,1,1036340,1035899,441
71514601,75.9598,23.2216,509,23369,0.407189,0.27,1,1036430,1035921,509
71517521,75.192,66.2443,507,23460,0.441438,0.25,1,1036505,1035998,507
71520441,47.0384,70.8489,475,23550,0.512288,0.27,1,1036545,1036070,475
71523361,95.8077,46.1698,543,23640,0.526458,0.35,1,1036653,1036110,543
71526281,63.1615,94.834,491,23730,0.561292,0.29,1,1036708,1036217,491
71529201,59.0323,62.9668,494,23819,0.584258,0.35,1,1036766,1036272,494
71532121,19.8065,58.9934,446,23908,0.588852,0.31,1,1036776,1036330,446
71535041,5.56129,19.7987,438,23997,0.58977,0.43,1,1036778,1036340,438
71537961,77.1123,75.9597,443,24085,0.605954,0.45,1,1036873,1036430,443
71540881,77.8225,75.1919,446,24173,0.657191,0.53,1,1036951,1036505,446
71543801,47.5645,47.0384,446,24261,0.699438,0.53,1,1036991,1036545,446
71546721,97.5129,95.8077,448,24348,0.771888,0.57,2,1037101,1036653,448
71549641,65.1026,63.1615,450,24435,0.786377,0.59,2,1037158,1036708,450
71552561,60.2205,59.0323,451,24522,0.837275,0.59,2,1037217,1036766,451
71555481,20.0441,19.8065,451,24608,0.847455,0.59,2,1037227,1036776,451
71558401,5.60882,5.56129,451,24694,0.881491,0.61,2,1037229,1036778,451
71561321,78.7218,77.1123,453,24780,0.888298,0.67,2,1037326,1036873,453
71575921,61,59,464,25205,0.91,0.85,2,1037681,1037217,464
71578841,20.2,19.8,464,25289,0.894,0.89,2,1037691,1037227,464
71581761,5.64,5.56,464,25373,0.9228,0.89,2,1037693,1037229,464
71584681,81.128,78.712,467,25457,0.91256,0.89,2,1037793,1037326,467
71683961,36,51,481,28147,0.79,1,2,1039700,1039219,481
71686881,80,80.6,484,28222,0.438,1,1,1039791,1039307,484
71689801,43.2,48.12,478,28297,0.2876,1,1,1039825,1039347,478
71692721,54.24,40.024,497,28372,0.19352,1,1,1039882,1039385,497
71695641,55.648,8.0048,553,28447,0.062704,1,1,1039938,1039385,553
71698561,61.5296,68.801,532,28521,0.0125408,1,1,1040001,1039469,532
71701481,61.9059,58.5602,538,28595,0.0265082,0.97,1,1040063,1039525,538
71704401,40.3812,66.112,505,28669,0.0133016,0.8,1,1040098,1039593,505
71707321,27.2762,42.0224,493,28743,0.0266603,0.9,1,1040122,1039629,493
71710241,30.2552,36.4045,489,28817,0.0293321,0.79,1,1040153,1039664,489
71713161,66.851,36.0809,529,28890,0.0458664,0.35,1,1040229,1039700,529
71716081,34.9702,80.0162,465,28963,0.0331733,0.25,1,1040256,1039791,465
71719001,47.794,43.2032,482,29036,0.0466347,0.17,1,1040307,1039825,482
71721921,52.7588,54.2406,479,29109,0.00932693,0.03,1,1040361,1039882,479
71724841,60.9518,55.6481,486,29182,0.00186539,0,1,1040424,1039938,486
71727761,62.5904,61.5296,486,29255,0.0243731,0.03,1,1040487,1040001,486
71730681,39.7181,61.9059,458,29327,0.0288746,0.01,1,1040521,1040063,458
71733601,26.3436,40.3812,446,29399,0.0297749,0.03,1,1040544,1040098,446
71736521,29.2687,27.2762,452,29471,0.00595498,0.03,1,1040574,1040122,452
71739441,67.4537,30.2552,498,29543,0.009191,0.05,1,1040651,1040153,498
71742361,35.0907,66.851,449,29615,0.0738382,0.03,1,1040678,1040229,449
71745281,48.6182,34.9702,474,29686,0.166768,0.05,1,1040730,1040256,474
71748201,52.9236,47.794,477,29757,0.0893535,0,1,1040784,1040307,477
71751121,60.1847,52.7588,485,29828,0.0178707,0,1,1040846,1040361,485
71754041,13.6369,60.9518,424,29899,0.0115741,0.03,1,1040848,1040424,424
71756961,53.9274,62.5904,425,29970,0.0103148,0.03,1,1040912,1040487,425
71759881,37.1855,39.7181,424,30041,0.042063,0.03,1,1040945,1040521,424
71762801,25.0371,26.3436,423,30111,0.0164126,0,1,1040967,1040544,423
71765721,29.0074,29.2687,423,30181,0.0432825,0.01,1,1040997,1040574,423
71768641,68.2015,67.4537,424,30251,0.0486565,0.09,1,1041075,1040651,424
71771561,36.8403,35.0907,426,30321,0.0977313,0.19,1,1041104,1040678,426
71774481,51.3681,48.6182,429,30391,0.0435463,0.07,1,1041159,1040730,429
71777401,50.2736,52.9236,425,30461,0.112709,0,1,1041209,1040784,425
71780321,58.0547,60.1847,423,30530,0.0465419,0.01,1,1041269,1040846,423
71783241,13.2109,13.6369,423,30599,0.0333084,0.01,1,1041271,1040848,423
71786161,53.0422,53.9274,422,30668,0.0146617,0.05,1,1041334,1040912,422
71789081,37.0084,37.1855,422,30737,0.0109323,0.01,1,1041367,1040945,422
71792001,25.8017,25.0371,423,30806,0.0261865,0.05,1,1041390,1040967,423
71794921,28.3603,29.0074,422,30875,0.0612373,0.05,1,1041419,1040997,422
71797841,68.8721,68.2015,423,30944,0.0362475,0.11,1,1041498,1041075,423
71800761,39.3744,36.8403,426,31012,0.0152495,0.03,1,1041530,1041104,426
71803681,49.4749,51.3681,423,31080,0.0590499,0.13,1,1041582,1041159,423
71806601,52.295,50.2736,426,31148,0.11581,0.03,1,1041635,1041209,426
71809521,55.259,58.0547,422,31216,0.095162,0.03,1,1041691,1041269,422
71812441,12.6518,13.2109,422,31284,0.0910324,0.03,1,1041693,1041271,422
71815361,52.1304,2.64219,484,31352,0.0582065,0.01,1,1041755,1041271,484
71818281,36.8261,50.9284,454,31419,0.0356413,0.01,1,1041788,1041334,454
71821201,25.7652,36.5857,444,31486,0.0631283,0.03,1,1041811,1041367,444
71824121,29.153,25.7171,451,31553,0.0526257,0.07,1,1041841,1041390,451
71827041,68.2306,28.3434,500,31620,0.0105251,0.03,1,1041919,1041419,500
71829961,40.0461,68.8687,454,31687,0.010105,0.01,1,1041952,1041498,454
71832881,50.4092,39.3737,475,31754,0.042021,0.07,1,1042005,1041530,475
71835801,55.6818,49.4747,480,31821,0.0484042,0.13,1,1042062,1041582,480
71838721,52.7364,52.295,479,31887,0.0976808,0.09,1,1042114,1041635,479
71841641,12.1473,55.259,425,31953,0.107536,0.09,1,1042116,1041691,425
71844561,52.0295,12.6518,485,32019,0.189507,0.05,1,1042178,1041693,485
71847481,36.0059,52.1304,455,32085,0.173901,0.03,1,1042210,1041755,455
71850401,25.6012,36.8261,445,32151,0.20278,0.07,1,1042233,1041788,445
71853321,29.9202,25.7652,453,32217,0.224556,0.05,1,1042264,1041811,453
71856241,67.584,29.153,500,32283,0.244911,0,1,1042341,1041841,500
71859161,39.1168,68.2306,454,32349,0.216982,0.01,1,1042373,1041919,454
71862081,50.2234,40.0461,474,32414,0.163396,0.05,1,1042426,1041952,474
71865001,58.8447,50.4092,482,32479,0.184679,0.05,1,1042487,1042005,482
71867921,54.9689,55.6818,479,32544,0.220936,0.11,1,1042541,1042062,479
71870841,12.5938,52.7364,429,32609,0.196187,0.11,1,1042543,1042114,429
71873761,55.3188,12.1473,493,32674,0.271237,0.21,1,1042609,1042116,493
71876681,35.0638,52.0295,461,32739,0.286247,0.17,1,1042639,1042178,461
71879601,8.61275,36.0059,431,32804,0.28925,0.21,1,1042641,1042210,431
71882521,20.9226,25.6012,432,32868,0.30585,0.23,1,1042665,1042233,432
71885441,29.7845,29.9202,433,32932,0.34117,0.25,1,1042697,1042264,433
71888361,66.7569,67.584,432,32996,0.412234,0.21,1,1042773,1042341,432
71891281,37.3514,39.1168,430,33060,0.426447,0.15,1,1042803,1042373,430
71894201,49.0703,50.2234,429,33124,0.413289,0.19,1,1042855,1042426,429
71897121,60.2141,58.8447,431,33188,0.474658,0.23,1,1042918,1042487,431
71900041,55.2428,54.9689,431,33252,0.486932,0.19,1,1042972,1042541,431
71902961,12.6486,12.5938,431,33316,0.521386,0.29,1,1042974,1042543,431
71905881,59.3297,55.3188,436,33379,0.480277,0.29,1,1043045,1042609,436
71908801,35.8659,35.0638,436,33442,0.472055,0.29,1,1043075,1042639,436
71911721,8.77319,8.61275,436,33505,0.470411,0.31,1,1043077,1042641,436
71914641,21.7546,20.9226,437,33568,0.470082,0.35,1,1043102,1042665,437
71917561,29.9509,29.7845,437,33631,0.534016,0.43,1,1043134,1042697,437
71920481,69.9902,66.7569,441,33694,0.482803,0.43,1,1043214,1042773,441
71923401,37.998,37.3514,441,33757,0.504561,0.41,1,1043244,1042803,441
71926321,49.9996,49.0703,442,33820,0.524912,0.49,1,1043297,1042855,442
71929241,61.9999,60.2141,444,33883,0.528982,0.49,1,1043362,1042918,444
71932161,57.2,55.2428,446,33945,0.513796,0.53,1,1043418,1042972,446
71935081,13.04,12.6486,446,34007,0.542759,0.47,1,1043420,1042974,446
71938001,58.608,59.3297,445,34069,0.580552,0.47,1,1043490,1043045,445
71940921,35.7216,35.8659,445,34131,0.55611,0.47,1,1043520,1043075,445
71943841,8.74432,8.77319,445,34193,0.583222,0.47,1,1043522,1043077,445
71946761,22.5489,21.7546,446,34255,0.588644,0.47,1,1043548,1043102,446
71949681,30.9098,4.35093,479,34317,0.589729,0.55,1,1043581,1043102,479
71952601,67.782,26.4702,524,34379,0.605946,0.47,1,1043658,1043134,524
71955521,37.5564,69.294,474,34441,0.641189,0.51,1,1043688,1043214,474
71958441,50.7113,37.8588,498,34502,0.696238,0.53,1,1043742,1043244,498
71961361,62.1423,49.9718,510,34563,0.691248,0.53,1,1043807,1043297,510
71964281,58.0285,61.9944,502,34624,0.69025,0.51,1,1043864,1043362,502
71967201,13.2057,57.1989,448,34685,0.69005,0.55,1,1043866,1043418,448
71970121,60.2411,13.0398,518,34746,0.72201,0.59,1,1043938,1043420,518
71973041,36.0482,58.608,478,34807,0.728402,0.55,1,1043968,1043490,478
71975961,8.80965,35.7216,450,34868,0.72968,0.59,1,1043970,1043520,450
71978881,24.9619,8.74432,477,34929,0.713936,0.59,1,1043999,1043522,477
71981801,30.5924,22.5489,483,34990,0.758787,0.59,2,1044031,1043548,483
71984721,68.5185,30.9098,528,35050,0.831757,0.61,2,1044109,1043581,528
71987641,39.3037,67.782,483,35110,0.878352,0.65,2,1044141,1043658,483
71990561,53.4607,37.5564,510,35170,0.93567,0.71,2,1044198,1043688,510
71993481,61.8921,50.7113,520,35230,0.947134,0.69,2,1044262,1043742,520
72157001,31,36,512,38445,0.83,1,2,1046449,1045937,512
72159921,33.4,32.8,514,38500,0.846,0.99,2,1046483,1045969,514
72162841,32.28,36.16,509,38555,0.8492,1,2,1046515,1046006,509
72165761,48.856,33.632,529,38610,0.83384,1,2,1046568,1046039,529
72168681,11.3712,48.3264,479,38665,0.846768,1,2,1046570,1046091,479
72171601,47.0742,56.0653,477,38720,0.865354,1,2,1046626,1046149,477
72358481,30,61,485,42065,0.89,1,2,1048953,1048468,485
72361401,22.8,22.6,493,42115,0.89,1,2,1048974,1048481,493
72364321,30.16,36.52,485,42165,0.778,1,2,1049006,1048521,485
72367241,70.832,74.504,482,42215,0.6436,1,1,1049087,1048605,482
72370161,53.3664,43.7008,495,42265,0.45672,1,1,1049136,1048641,495
72373081,38.6733,34.3402,498,42315,0.291344,1,1,1049171,1048673,498
72376001,35.7347,26.868,508,42365,0.178269,1,1,1049206,1048698,508
72378921,30.3469,34.9736,500,42415,0.171654,1,1,1049235,1048735,500
72381841,30.8694,34.1947,497,42465,0.138331,1,1,1049266,1048769,497
72384761,28.5739,26.0389,501,42515,0.115666,1,1,1049294,1048793,501
72387681,21.7148,30.0078,490,42565,0.0791332,1,1,1049314,1048824,490
72390601,27.543,34.0016,484,42615,0.0718266,0.91,1,1049343,1048859,484
72393521,20.7086,31.6003,472,42665,0.0703653,0.9,1,1049362,1048890,472
72396441,24.1417,32.7201,464,42714,0.0380731,0.89,1,1049387,1048923,464
72399361,28.8283,30.544,464,42763,0.0316146,0.89,1,1049417,1048953,464
72402281,20.9657,22.9088,462,42812,0.0303229,0.75,1,1049436,1048974,462
72405201,24.9931,30.1818,456,42861,0.0620646,0.61,1,1049462,1049006,456
72408121,63.3986,70.8364,448,42910,0.100413,0.41,1,1049535,1049087,448
72411041,43.8797,53.3673,438,42959,0.156083,0.25,1,1049574,1049136,438
72413961,33.5759,38.6735,434,43008,0.167217,0.25,1,1049605,1049171,434
72416881,31.5152,7.73469,465,43057,0.121443,0.15,1,1049636,1049171,465
72419801,28.703,29.5469,458,43106,0.160289,0.17,1,1049664,1049206,458
72422721,28.9406,29.1094,458,43155,0.136058,0.13,1,1049693,1049235,458
72425641,23.3881,30.6219,449,43204,0.115212,0.11,1,1049715,1049266,449
72428561,20.6776,28.5244,441,43253,0.159042,0.07,1,1049735,1049294,441
72431481,28.1355,21.7049,451,43302,0.167808,0.07,1,1049765,1049314,451
72434401,20.8271,27.541,441,43351,0.185562,0.07,1,1049784,1049343,441
72437321,23.3654,20.7082,446,43400,0.189112,0.03,1,1049808,1049362,446
72440241,28.6731,24.1416,451,43449,0.189822,0.03,1,1049838,1049387,451
72443161,20.9346,28.8283,440,43498,0.205965,0.03,1,1049857,1049417,440
72446081,25.7869,20.9657,448,43547,0.161193,0.07,1,1049884,1049436,448
72449001,67.5574,24.9931,500,43595,0.184239,0.11,1,1049962,1049462,500
72451921,45.5115,63.3986,467,43643,0.300848,0.17,1,1050002,1049535,467
72454841,33.1023,43.8797,458,43691,0.29217,0.17,1,1050032,1049574,458
72457761,30.6205,33.5759,457,43739,0.338434,0.11,1,1050062,1049605,457
72460681,29.3241,31.5152,455,43787,0.331687,0.17,1,1050091,1049636,455
72463601,28.2648,28.703,455,43835,0.362337,0.13,1,1050119,1049664,455
72466521,24.053,28.9406,449,43883,0.384467,0.11,1,1050142,1049693,449
72469441,20.0106,23.3881,446,43931,0.372893,0.17,1,1050161,1049715,446
72472361,30.4021,20.6776,459,43979,0.386579,0.17,1,1050194,1049735,459
72475281,22.0804,28.1355,449,44027,0.437316,0.19,1,1050214,1049765,449
72478201,23.6161,20.8271,454,44075,0.447463,0.19,1,1050238,1049784,454
72481121,28.7232,23.3654,460,44123,0.449493,0.19,1,1050268,1049808,460
72484041,20.1446,28.6731,448,44171,0.449899,0.21,1,1050286,1049838,448
72486961,24.8289,20.9346,455,44219,0.44998,0.15,1,1050312,1049857,455
72489881,72.1658,25.7869,512,44267,0.481996,0.19,1,1050396,1049884,512
72492801,47.2332,67.5574,475,44315,0.440399,0.33,1,1050437,1049962,475
72495721,35.0466,45.5115,467,44363,0.48008,0.29,1,1050469,1050002,467
72498641,31.8093,33.1023,468,44411,0.472016,0.35,1,1050500,1050032,468
72501561,31.1619,30.6205,469,44458,0.470403,0.33,1,1050531,1050062,469
72504481,7.83237,29.3241,442,44505,0.470081,0.37,1,1050533,1050091,442
72507401,23.9665,28.2648,442,44552,0.502016,0.39,1,1050561,1050119,442
72510321,22.3933,24.053,441,44599,0.556403,0.37,1,1050583,1050142,441
72513241,20.4787,20.0106,442,44646,0.535281,0.39,1,1050603,1050161,442
72516161,32.0957,30.4021,444,44693,0.547056,0.45,1,1050638,1050194,444
72519081,22.4191,22.0804,444,44740,0.565411,0.45,1,1050658,1050214,444
72522001,23.6838,23.6161,444,44787,0.617082,0.45,1,1050682,1050238,444
72524921,28.7368,28.7232,444,44834,0.611416,0.45,1,1050712,1050268,444
72527841,20.1474,20.1446,444,44881,0.610283,0.45,1,1050730,1050286,444
72530761,24.8295,24.8289,444,44928,0.626057,0.49,1,1050756,1050312,444
72533681,72.1659,72.1658,444,44975,0.645211,0.43,1,1050840,1050396,444
72536601,46.4332,47.2332,443,45022,0.617042,0.49,1,1050880,1050437,443
72539521,37.2866,35.0466,446,45069,0.659409,0.47,1,1050915,1050469,446
72542441,32.2573,31.8093,446,45116,0.699882,0.47,1,1050946,1050500,446
72545361,32.0515,31.1619,447,45163,0.691976,0.47,1,1050978,1050531,447
72548281,8.01029,7.83237,447,45210,0.690395,0.51,1,1050980,1050533,447
72551201,24.8021,23.9665,448,45257,0.706079,0.57,1,1051009,1050561,448
72554121,22.5604,22.3933,448,45304,0.725216,0.53,1,1051031,1050583,448
72557041,20.5121,20.4787,448,45351,0.697043,0.55,1,1051051,1050603,448
72559961,32.9024,32.0957,449,45398,0.723409,0.57,1,1051087,1050638,449
72562881,23.3805,22.4191,450,45444,0.744682,0.63,1,1051108,1050658,450
72565801,25.4761,23.6838,452,45490,0.732936,0.61,1,1051134,1050682,452
72568721,29.0952,28.7368,452,45536,0.730587,0.61,1,1051164,1050712,452
72571641,20.219,20.1474,452,45582,0.698117,0.63,1,1051182,1050730,452
72574561,25.6438,24.8295,453,45628,0.707623,0.65,1,1051209,1050756,453
72577481,71.5288,72.1659,452,45674,0.725525,0.61,1,1051292,1050840,452
72580401,47.1058,46.4332,453,45720,0.713105,0.67,1,1051333,1050880,453
72583321,39.0212,37.2866,455,45766,0.790621,0.71,2,1051370,1050915,455
72586241,32.6042,32.2573,455,45812,0.838124,0.69,2,1051401,1050946,455
72589161,32.9208,32.0515,456,45858,0.879625,0.69,2,1051434,1050978,456
72592081,8.18417,8.01029,456,45904,0.855925,0.71,2,1051436,1050980,456
72595001,24.0368,24.8021,455,45950,0.899185,0.71,2,1051464,1051009,455
72597921,22.4074,4.96041,477,45996,0.875837,0.73,2,1051486,1051009,477
72600841,20.4815,18.5921,475,46042,0.871167,0.69,2,1051506,1051031,475
72603761,34.4963,19.7184,493,46088,0.886234,0.73,2,1051544,1051051,493
72606681,22.8993,32.7437,477,46134,0.889247,0.75,2,1051564,1051087,477
72609601,24.5799,23.3487,481,46180,0.873849,0.73,2,1051589,1051108,481
72612521,28.916,25.4697,485,46226,0.90277,0.73,2,1051619,1051134,485
72615441,20.1832,29.0939,473,46272,0.924554,0.69,2,1051637,1051164,473
72618361,26.4366,20.2188,483,46318,0.928911,0.71,2,1051665,1051182,483
72621281,70.8873,25.6438,538,46364,0.945782,0.73,2,1051747,1051209,538
72792101,77,75,512,22093,0.13,0.96,1,1053649,1053137,512
72795021,81.8,86.2,506,22189,0.066,0.79,1,1053732,1053226,506
72797941,81.96,98.04,487,22285,0.0852,0.67,1,1053814,1053327,487
72800861,56.392,69.208,475,22380,0.07304,0.57,1,1053864,1053389,475
72803781,45.6784,56.2416,465,22475,0.102608,0.51,1,1053907,1053442,465
72806701,22.7357,34.4483,453,22569,0.124522,0.51,1,1053924,1053471,453
72809621,70.9471,18.8897,521,22663,0.160904,0.35,1,1054007,1053486,521
72812541,67.7894,72.5779,502,22757,0.168181,0.13,1,1054074,1053572,502
72815461,76.7579,76.1156,504,22850,0.217636,0.05,1,1054153,1053649,504
72818381,82.5516,81.6231,505,22943,0.227527,0.09,1,1054237,1053732,505
72821301,57.3103,81.9246,474,23035,0.245505,0.07,1,1054288,1053814,474
72824221,47.4621,56.3849,469,23127,0.233101,0.11,1,1054333,1053864,469
72827141,23.8924,45.677,444,23219,0.27862,0.13,1,1054351,1053907,444
72830061,71.1785,22.7354,510,23310,0.287724,0.17,1,1054434,1053924,510
72832981,69.4357,70.9471,496,23401,0.337545,0.17,1,1054503,1054007,496
72835901,79.4871,67.7894,511,23492,0.347509,0.23,1,1054585,1054074,511
72838821,83.0974,76.7579,516,23582,0.397502,0.23,1,1054669,1054153,516
72841741,58.2195,82.5516,484,23672,0.3755,0.25,1,1054721,1054237,484
72844661,48.4439,57.3103,479,23762,0.3871,0.23,1,1054767,1054288,479
72847581,24.8888,47.4621,453,23851,0.40542,0.29,1,1054786,1054333,453
72850501,71.3778,23.8924,518,23940,0.409084,0.29,1,1054869,1054351,518
72853421,15.8756,71.1785,437,24029,0.409817,0.35,1,1054871,1054434,437
72856341,59.9751,69.4357,439,24117,0.441963,0.35,1,1054942,1054503,439
72859261,77.595,79.4871,439,24205,0.480393,0.41,1,1055024,1054585,439
72862181,85.119,83.0974,442,24293,0.456079,0.37,1,1055111,1054669,442
72865101,57.8238,58.2195,441,24380,0.467216,0.39,1,1055162,1054721,441
72868021,49.9648,48.4439,443,24467,0.517443,0.41,1,1055210,1054767,443
72870941,25.193,24.8888,443,24554,0.559489,0.41,1,1055229,1054786,443
72873861,70.6386,71.3778,442,24640,0.631898,0.41,1,1055311,1054869,442
72876781,15.7277,15.8756,442,24726,0.64638,0.45,1,1055313,1054871,442
72879701,61.5455,59.9751,444,24812,0.649276,0.49,1,1055386,1054942,444
72882621,78.7091,77.595,445,24897,0.697855,0.45,1,1055469,1055024,445
72885541,82.9418,85.119,442,24982,0.707571,0.47,1,1055553,1055111,442
72888461,59.7884,57.8238,445,25067,0.709514,0.53,1,1055607,1055162,445
72891381,53.5577,49.9648,449,25152,0.773903,0.57,2,1055659,1055210,449
72894301,26.7115,25.193,450,25236,0.802781,0.65,2,1055679,1055229,450
72897221,72.5423,70.6386,452,25320,0.840556,0.65,2,1055763,1055311,452
72900141,16.1085,15.7277,452,25404,0.816111,0.65,2,1055765,1055313,452
72903061,63.2217,61.5455,454,25487,0.891222,0.65,2,1055840,1055386,454
72905981,79.0443,12.3091,537,25570,0.906245,0.71,2,1055923,1055386,537
72908901,83.0089,68.8618,538,25653,0.925249,0.71,2,1056007,1055469,538
72911821,62.2018,80.9724,511,25736,0.91305,0.71,2,1056064,1055553,511
72914741,55.6404,59.3945,511,25818,0.94261,0.79,2,1056118,1055607,511
73025701,44,68,509,28772,0.41,1,1,1058168,1057659,509
73028621,50.4,40,528,28846,0.282,1,1,1058220,1057692,528
73031541,92.48,44.8,585,28919,0.0564,0.92,1,1058323,1057738,585
73034461,41.696,84.96,519,28992,0.05128,1,1,1058352,1057833,519
73037381,56.3392,56.992,529,29065,0.050256,1,1,1058412,1057883,529
73040301,31.2678,51.3984,504,29138,0.0340512,0.93,1,1058437,1057933,504
73043221,50.2536,35.0797,528,29211,0.0308102,1,1,1058492,1057964,528
73046141,41.2507,53.4159,509,29283,0.046162,0.84,1,1058531,1058022,509
73049061,41.0501,48.2832,503,29355,0.0652324,0.61,1,1058572,1058069,503
73051981,37.81,53.6566,485,29427,0.0210465,0.41,1,1058609,1058124,485
73054901,38.762,45.9313,480,29499,0.0442093,0.25,1,1058648,1058168,480
73057821,84.5524,50.7863,524,29571,0.0488419,0,1,1058744,1058220,524
73060741,40.1105,92.5573,450,29643,0.0497684,0.05,1,1058773,1058323,450
73063661,57.6221,41.7115,483,29714,0.0659537,0.05,1,1058835,1058352,483
73066581,30.7244,56.3423,447,29785,0.0531907,0.03,1,1058859,1058412,447
73069501,7.74488,31.2685,424,29856,0.0506381,0.03,1,1058861,1058437,424
73072421,44.749,50.2537,423,29927,0.0341276,0.05,1,1058915,1058492,423
73075341,39.3498,41.2507,422,29998,0.0628255,0.07,1,1058953,1058531,422
73078261,43.07,41.0501,425,30069,0.0845651,0.01,1,1058997,1058572,425
73081181,35.814,37.81,422,30139,0.040913,0.05,1,1059031,1058609,422
73084101,38.3628,38.762,422,30209,0.0481826,0.05,1,1059070,1058648,422
73087021,84.4726,84.5524,422,30279,0.0656365,0.05,1,1059166,1058744,422
73089941,40.0945,40.1105,422,30349,0.0691273,0.07,1,1059195,1058773,422
73092861,58.4189,57.6221,423,30419,0.0538255,0.05,1,1059258,1058835,423
73095781,30.0838,30.7244,422,30489,0.0107651,0.05,1,1059281,1058859,422
73098701,7.61676,7.74488,422,30558,0.042153,0.03,1,1059283,1058861,422
73101621,44.7234,44.749,422,30627,0.0324306,0.07,1,1059337,1058915,422
73104541,39.3447,39.3498,422,30696,0.0624861,0.09,1,1059375,1058953,422
73107461,44.6689,43.07,424,30765,0.0524972,0.03,1,1059421,1058997,424
73110381,35.3338,35.814,423,30834,0.0504994,0.05,1,1059454,1059031,423
73113301,37.4668,38.3628,422,30903,0.0500999,0.07,1,1059492,1059070,422
73116221,84.2934,84.4726,422,30971,0.06602,0.07,1,1059588,1059166,422
73119141,40.8587,40.0945,423,31039,0.053204,0.05,1,1059618,1059195,423
73122061,57.7717,58.4189,422,31107,0.0346408,0,1,1059680,1059258,422
73124981,29.9543,30.0838,422,31175,0.0309282,0.05,1,1059703,1059281,422
73127901,7.59087,7.61676,422,31243,0.0301856,0.03,1,1059705,1059283,422
73130821,44.7182,44.7234,422,31311,0.0300371,0.03,1,1059759,1059337,422
73133741,38.5436,8.94467,459,31379,0.0620074,0.07,1,1059796,1059337,459
73136661,44.5087,32.1889,467,31446,0.0364015,0.05,1,1059842,1059375,467
73139581,35.3017,43.2378,454,31513,0.0312803,0.05,1,1059875,1059421,454
73142501,37.4603,35.0476,459,31580,0.0302561,0.05,1,1059913,1059454,459
73145421,85.8921,37.4095,519,31647,0.0780512,0.07,1,1060011,1059492,519
73148341,41.1784,84.2819,453,31714,0.0876102,0.05,1,1060041,1059588,453
73151261,57.0357,40.8564,484,31781,0.089522,0.03,1,1060102,1059618,484
73154181,29.8071,57.7713,445,31848,0.0739044,0.03,1,1060125,1059680,445
73157101,7.56143,29.9543,424,31914,0.0707809,0.03,1,1060127,1059703,424
73160021,45.5123,7.59085,477,31980,0.0381562,0.03,1,1060182,1059705,477
73162941,37.9025,44.7182,459,32046,0.0476312,0.07,1,1060218,1059759,459
73165861,44.3805,38.5436,468,32112,0.0495262,0.03,1,1060264,1059796,468
73168781,35.2761,44.5087,455,32178,0.0499052,0.03,1,1060297,1059842,455
73171701,36.6552,35.3017,459,32244,0.033981,0.03,1,1060334,1059875,459
73174621,90.531,37.4603,525,32310,0.0467962,0.09,1,1060438,1059913,525
73177541,42.1062,85.8921,457,32375,0.0653592,0.09,1,1060468,1060011,457
73180461,55.6212,41.1784,486,32440,0.117072,0.09,1,1060527,1060041,486
73183381,28.7242,57.0357,447,32505,0.143414,0.07,1,1060549,1060102,447
73186301,7.34485,29.8071,426,32570,0.148683,0.07,1,1060551,1060125,426
73189221,43.869,7.56143,477,32635,0.149737,0.03,1,1060604,1060127,477
73192141,38.3738,45.5123,459,32700,0.133947,0.05,1,1060641,1060182,459
73195061,44.4748,37.9025,469,32765,0.0827895,0.05,1,1060687,1060218,469
73197981,10.495,44.3805,425,32830,0.0725579,0.05,1,1060689,1060264,425
73200901,27.699,35.2761,424,32894,0.118512,0.03,1,1060721,1060297,424
73203821,34.3398,36.6552,423,32958,0.127702,0.05,1,1060757,1060334,423
73206741,91.668,90.531,425,33022,0.0495405,0.07,1,1060863,1060438,425
73209661,43.1336,42.1062,426,33086,0.0339081,0.13,1,1060894,1060468,426
73212581,58.2267,55.6212,429,33150,0.0787816,0.15,1,1060956,1060527,429
73215501,29.2453,28.7242,429,33214,0.103756,0.15,1,1060978,1060549,429
73218421,7.44907,7.34485,429,33278,0.140751,0.15,1,1060980,1060551,429
73221341,43.8898,43.869,429,33342,0.21215,0.13,1,1061033,1060604,429
73224261,38.378,38.3738,429,33405,0.21043,0.07,1,1061070,1060641,429
73227181,42.0756,44.4748,426,33468,0.242086,0.07,1,1061113,1060687,426
73230101,10.0151,10.495,426,33531,0.248417,0.13,1,1061115,1060689,426
73233021,27.603,27.699,426,33594,0.265683,0.13,1,1061147,1060721,426
73235941,34.3206,34.3398,426,33657,0.285137,0.03,1,1061183,1060757,426
73238861,88.4641,91.668,422,33720,0.289027,0.03,1,1061285,1060863,422
73241781,42.4928,43.1336,422,33783,0.273805,0.09,1,1061316,1060894,422
73244701,62.0986,58.2267,427,33846,0.286761,0.11,1,1061383,1060956,427
73247621,31.6197,29.2453,429,33908,0.305352,0.15,1,1061407,1060978,429
73250541,7.92394,7.44907,429,33970,0.34107,0.23,1,1061409,1060980,429
73253461,45.5848,43.8898,431,34032,0.396214,0.21,1,1061464,1061033,431
73256381,39.517,38.378,432,34094,0.455243,0.25,1,1061502,1061070,432
73259301,42.3034,42.0756,432,34156,0.499049,0.25,1,1061545,1061113,432
73262221,10.0607,10.0151,432,34218,0.50781,0.25,1,1061547,1061115,432
73265141,27.6121,2.00302,464,34280,0.477562,0.27,1,1061579,1061115,464
73268061,35.1224,26.0006,469,34342,0.487512,0.29,1,1061616,1061147,469
73270981,88.6245,34.0001,535,34404,0.505502,0.29,1,1061718,1061183,535
73273901,41.7249,88.4,463,34465,0.525101,0.27,1,1061748,1061285,463
73276821,65.145,42.48,503,34526,0.51302,0.29,1,1061819,1061316,503
73279741,33.829,62.096,462,34587,0.510604,0.31,1,1061845,1061383,462
73282661,8.3658,31.6192,440,34648,0.510121,0.35,1,1061847,1061407,440
73285581,48.0732,7.92384,496,34709,0.590024,0.41,1,1061905,1061409,496
73288501,40.8146,45.5848,480,34770,0.638005,0.47,1,1061944,1061464,480
73291421,44.1629,39.517,487,34831,0.631601,0.51,1,1061989,1061502,487
73294341,10.4326,42.3034,446,34892,0.63032,0.51,1,1061991,1061545,446
73297261,27.6865,10.0607,476,34953,0.630064,0.47,1,1062023,1061547,476
73300181,35.9373,27.6121,482,35013,0.646013,0.49,1,1062061,1061579,482
73303101,89.5875,35.1224,548,35073,0.697203,0.51,1,1062164,1061616,548
73306021,42.7175,88.6245,477,35133,0.691441,0.53,1,1062195,1061718,477
73308941,64.5435,41.7249,517,35193,0.690288,0.51,1,1062265,1061748,517
73311861,33.7087,65.145,472,35253,0.722058,0.51,1,1062291,1061819,472
73314781,8.34174,33.829,448,35313,0.728412,0.51,1,1062293,1061845,448
73317701,52.0683,8.3658,509,35373,0.761682,0.61,2,1062356,1061847,509
73320621,43.2137,48.0732,492,35433,0.768336,0.65,2,1062397,1061905,492
73323541,43.8427,40.8146,497,35493,0.769667,0.63,2,1062441,1061944,497
73326461,10.3685,44.1629,454,35553,0.785933,0.63,2,1062443,1061989,454
73329381,27.6737,10.4326,484,35612,0.789187,0.63,2,1062475,1061991,484
73332301,36.7347,27.6865,491,35671,0.805837,0.65,2,1062514,1062023,491
73335221,8.94695,35.9373,455,35730,0.809168,0.71,2,1062516,1062061,455
73338141,85.7894,89.5875,457,35789,0.841833,0.69,2,1062621,1062164,457
73341061,41.1579,42.7175,456,35848,0.816367,0.69,2,1062651,1062195,456
73343981,65.0316,64.5435,457,35907,0.827273,0.73,2,1062722,1062265,457
73346901,34.6063,33.7087,458,35966,0.813455,0.73,2,1062749,1062291,458
73349821,8.52126,8.34174,458,36025,0.810691,0.77,2,1062751,1062293,458
73352741,53.7043,52.0683,460,36084,0.890138,0.77,2,1062816,1062356,460
73355661,43.5408,43.2137,460,36143,0.906028,0.77,2,1062857,1062397,460
73358581,44.7082,43.8427,461,36201,0.941206,0.79,2,1062902,1062441,461
73361501,10.5416,10.3685,461,36259,0.916241,0.79,2,1062904,1062443,461
73364421,28.5083,27.6737,462,36317,0.927248,0.81,2,1062937,1062475,462
73498741,35,39,497,38903,0.63,1,1,1064758,1064261,497
73501661,35.8,45.4,486,38957,0.566,1,1,1064794,1064308,486
73504581,41.56,36.28,495,39011,0.4412,1,1,1064837,1064342,495
73507501,39.512,35.256,499,39065,0.33624,1,1,1064876,1064377,499
73510421,31.1024,33.4512,495,39119,0.331248,1,1,1064905,1064410,495
73513341,25.4205,26.6902,494,39173,0.28225,1,1,1064929,1064435,494
73516261,45.8841,53.338,485,39227,0.12845,1,1,1064980,1064495,485
73519181,41.9768,37.8676,492,39281,0.03369,1,1,1065021,1064529,492
73522101,24.3954,32.3735,481,39335,0.030738,1,1,1065041,1064560,481
73525021,49.6791,54.4747,477,39389,0.0941476,1,1,1065097,1064620,477
73527941,33.1358,34.8949,476,39443,0.0588295,0.86,1,1065126,1064650,476
73530861,20.2272,26.179,469,39497,0.0117659,0.77,1,1065143,1064674,469
73533781,35.2454,44.4358,459,39550,0.0103532,0.63,1,1065182,1064723,459
73536701,30.2491,36.8872,453,39603,0.0420706,0.55,1,1065211,1064758,453
73539621,30.8498,36.1774,448,39656,0.0324141,0.41,1,1065242,1064794,448
73542541,37.37,41.6355,444,39709,0.0464828,0.31,1,1065281,1064837,444
73545461,36.274,39.5271,441,39762,0.0972966,0.33,1,1065317,1064876,441
73548381,29.6548,31.1054,440,39815,0.123459,0.27,1,1065345,1064905,440
73551301,18.731,25.4211,432,39868,0.0246919,0.09,1,1065361,1064929,432
73554221,41.3462,45.8842,428,39921,0.108938,0.01,1,1065408,1064980,428
73557141,39.4692,41.9768,426,39974,0.0617877,0.03,1,1065447,1065021,426
73560061,20.6938,24.3954,422,40027,0.0363575,0.11,1,1065463,1065041,422
73562981,49.7388,49.6791,423,40080,0.0312715,0.11,1,1065520,1065097,423
73565901,31.5478,9.93581,450,40133,0.0062543,0.05,1,1065547,1065097,450
73568821,19.9096,25.1872,438,40186,0.00925086,0,1,1065564,1065126,438
73571741,35.1819,18.6374,460,40239,0.0418502,0.01,1,1065603,1065143,460
73574661,30.2364,34.9275,450,40291,0.03237,0.05,1,1065632,1065182,450
73577581,30.8473,30.1855,452,40343,0.030474,0.03,1,1065663,1065211,452
73580501,38.1695,30.8371,461,40395,0.0300948,0.05,1,1065703,1065242,461
73583421,38.0339,37.3674,460,40447,0.046019,0.11,1,1065741,1065281,460
73586341,28.4068,36.2735,450,40499,0.0172038,0.13,1,1065767,1065317,450
73589261,19.2814,29.6547,439,40551,0.0274408,0,1,1065784,1065345,439
73592181,43.0563,18.7309,472,40603,0.0934881,0.13,1,1065833,1065361,472
73595101,38.2113,41.3462,462,40655,0.138698,0.05,1,1065870,1065408,462
73598021,18.8423,39.4692,437,40707,0.14774,0.03,1,1065884,1065447,437
73600941,49.3685,20.6938,478,40759,0.0535479,0.03,1,1065941,1065463,478
73603861,31.4737,49.7388,448,40811,0.0187096,0,1,1065968,1065520,448
73606781,21.4947,31.5478,440,40863,0.00374192,0.01,1,1065987,1065547,440
73609701,33.8989,19.9096,460,40915,0.0727484,0.05,1,1066024,1065564,460
73612621,30.7798,35.1819,451,40967,0.0705497,0.03,1,1066054,1065603,451
73615541,30.956,30.2364,453,41019,0.0541099,0.03,1,1066085,1065632,453
73618461,38.1912,30.8473,462,41070,0.034822,0.03,1,1066125,1065663,462
73621381,38.8382,38.1695,461,41121,0.0469644,0.05,1,1066164,1065703,461
73624301,28.5676,38.0339,449,41172,0.0653929,0.01,1,1066190,1065741,449
73627221,20.1135,28.4068,441,41223,0.0850786,0.03,1,1066208,1065767,441
73630141,45.6227,19.2814,476,41274,0.0730157,0.11,1,1066260,1065784,476
73633061,39.5245,43.0563,465,41325,0.0706031,0.15,1,1066298,1065833,465
73635981,15.9049,38.2113,438,41376,0.0701206,0.15,1,1066308,1065870,438
73638901,47.181,18.8423,479,41427,0.0860241,0.03,1,1066363,1065884,479
73641821,31.0362,49.3685,449,41478,0.0732048,0.01,1,1066390,1065941,449
73644741,21.4072,31.4737,441,41529,0.038641,0,1,1066409,1065968,441
73647661,5.88145,21.4947,424,41580,0.00772819,0.09,1,1066411,1065987,424
73650581,33.1763,33.8989,427,41631,0.0575456,0.07,1,1066451,1066024,427
73653501,29.0353,30.7798,425,41682,0.0515091,0.05,1,1066479,1066054,425
73656421,29.8071,30.956,424,41733,0.0823018,0.03,1,1066509,1066085,424
73659341,37.1614,38.1912,423,41784,0.0724604,0.05,1,1066548,1066125,423
73662261,40.2323,38.8382,425,41835,0.0384921,0.07,1,1066589,1066164,425
73665181,29.6465,28.5676,426,41885,0.0476984,0.09,1,1066616,1066190,426
73668101,18.7293,20.1135,424,41935,0.0495397,0.07,1,1066632,1066208,424
73671021,44.5459,45.6227,423,41985,0.0499079,0.07,1,1066683,1066260,423
73673941,40.9092,39.5245,425,42035,0.113982,0.07,1,1066723,1066298,425
73676861,16.1818,15.9049,425,42085,0.0947963,0.09,1,1066733,1066308,425
73679781,48.0364,47.181,426,42135,0.138959,0.07,1,1066789,1066363,426
73682701,28.8073,31.0362,423,42185,0.147792,0.03,1,1066813,1066390,423
73685621,20.9615,21.4072,423,42235,0.101558,0,1,1066832,1066409,423
73688541,5.79229,5.88145,423,42285,0.0923117,0.07,1,1066834,1066411,423
73691461,33.1585,33.1763,423,42335,0.0904623,0.05,1,1066874,1066451,423
73694381,29.8317,29.0353,424,42385,0.106092,0.09,1,1066903,1066479,424
73697301,29.9663,29.8071,424,42435,0.125218,0.07,1,1066933,1066509,424
73700221,36.3933,37.1614,423,42485,0.161044,0.03,1,1066971,1066548,423
73703141,40.0787,40.2323,423,42535,0.152209,0.05,1,1067012,1066589,423
73706061,28.8157,29.6465,422,42585,0.150442,0.05,1,1067038,1066616,422
73708981,19.3631,18.7293,423,42635,0.150088,0.05,1,1067055,1066632,423
73711901,43.8726,44.5459,422,42684,0.166018,0.13,1,1067105,1066683,422
73714821,43.9745,40.9092,426,42733,0.201204,0.09,1,1067149,1066723,426
73717741,16.7949,16.1818,426,42782,0.208241,0.15,1,1067159,1066733,426
73720661,48.959,48.0364,427,42831,0.273648,0.15,1,1067216,1066789,427
73723581,28.9918,28.8073,427,42880,0.33473,0.09,1,1067240,1066813,427
73726501,18.5984,20.9615,424,42929,0.314946,0.09,1,1067256,1066832,424
73729421,5.31967,5.79229,424,42978,0.342989,0.09,1,1067258,1066834,424
73732341,33.8639,33.1585,425,43027,0.348598,0.09,1,1067299,1066874,425
73735261,29.1728,6.63169,453,43076,0.34972,0.11,1,1067327,1066874,453
73738181,31.4346,24.5263,456,43125,0.333944,0.13,1,1067359,1066903,456
73741101,37.4869,28.9053,465,43174,0.394789,0.17,1,1067398,1066933,465
73744021,39.4974,36.1811,467,43223,0.406958,0.15,1,1067438,1066971,467
73746941,29.4995,40.0362,453,43272,0.393392,0.15,1,1067465,1067012,453
73749861,20.2999,28.8072,445,43321,0.422678,0.15,1,1067483,1067038,445
73752781,44.86,19.3614,479,43370,0.428536,0.17,1,1067534,1067055,479
73755701,45.772,43.8723,475,43419,0.445707,0.21,1,1067580,1067105,475
73758621,17.1544,43.9745,441,43468,0.449141,0.21,1,1067590,1067149,441
73761541,51.4309,16.7949,491,43517,0.497828,0.29,1,1067650,1067159,491
73764461,31.0862,48.959,460,43565,0.539566,0.35,1,1067676,1067216,460
73767381,19.8172,28.9918,453,43613,0.531913,0.31,1,1067693,1067240,453
73770301,5.56345,18.5984,439,43661,0.530383,0.35,1,1067695,1067256,439
73773221,34.7127,5.31967,479,43709,0.530077,0.35,1,1067737,1067258,479
73776141,30.1425,33.8639,467,43757,0.562015,0.35,1,1067766,1067299,467
73779061,31.6285,29.1728,471,43805,0.600403,0.33,1,1067798,1067327,471
73781981,39.1257,31.4346,480,43853,0.640081,0.41,1,1067839,1067359,480
73784901,39.8251,37.4869,481,43901,0.680016,0.41,1,1067879,1067398,481
73787821,30.365,39.4974,469,43949,0.688003,0.39,1,1067907,1067438,469
73790741,20.473,29.4995,460,43997,0.689601,0.43,1,1067925,1067465,460
73793661,44.8946,20.2999,493,44045,0.68992,0.43,1,1067976,1067483,493
73796581,46.5789,44.86,489,44093,0.673984,0.45,1,1068023,1067534,489
73799501,18.1158,45.772,454,44141,0.686797,0.45,1,1068034,1067580,454
73802421,53.2232,17.1544,506,44189,0.657359,0.51,1,1068096,1067590,506
73805341,33.0446,51.4309,474,44237,0.699472,0.55,1,1068124,1067650,474
73808261,19.4089,31.0862,464,44285,0.723894,0.53,1,1068140,1067676,464
73811181,5.48178,19.8172,449,44333,0.728779,0.53,1,1068142,1067693,449
73814101,34.6964,5.56345,489,44381,0.729756,0.53,1,1068184,1067695,489
73817021,31.7393,34.7127,478,44429,0.729951,0.57,1,1068215,1067737,478
73819941,7.94785,30.1425,451,44476,0.72999,0.61,1,1068217,1067766,451
73822861,28.7896,31.6285,453,44523,0.745998,0.65,1,1068251,1067798,453
73825781,39.3579,39.1257,454,44570,0.7492,0.69,1,1068293,1067839,454
73828701,41.4716,39.8251,456,44617,0.74984,0.69,1,1068335,1067879,456
73831621,30.6943,30.365,456,44664,0.781968,0.69,2,1068363,1067907,456
73834541,20.5389,20.473,456,44711,0.756394,0.69,2,1068381,1067925,456
73837461,44.9078,44.8946,456,44758,0.767279,0.67,2,1068432,1067976,456
73840381,45.7816,46.5789,455,44805,0.785456,0.69,2,1068478,1068023,455
73843301,18.7563,18.1158,456,44852,0.757091,0.65,2,1068490,1068034,456
73846221,52.5513,53.2232,455,44899,0.799418,0.71,2,1068551,1068096,455
73849141,35.3103,33.0446,458,44946,0.807884,0.73,2,1068582,1068124,458
73852061,19.8621,19.4089,458,44993,0.809577,0.73,2,1068598,1068140,458
73854981,5.57241,5.48178,458,45040,0.809915,0.73,2,1068600,1068142,458
73857901,34.7145,34.6964,458,45087,0.825983,0.73,2,1068642,1068184,458
73860821,31.7429,31.7393,458,45134,0.813197,0.73,2,1068673,1068215,458
73863741,7.94858,7.94785,458,45181,0.810639,0.75,2,1068675,1068217,458
73866661,27.9897,28.7896,457,45228,0.826128,0.75,2,1068708,1068251,457
73869581,39.1979,39.3579,457,45275,0.861226,0.75,2,1068750,1068293,457
73872501,43.0396,41.4716,459,45322,0.868245,0.79,2,1068794,1068335,459
73875421,31.0079,30.6943,459,45369,0.901649,0.75,2,1068822,1068363,459
73878341,20.6016,20.5389,459,45415,0.90833,0.77,2,1068840,1068381,459
73881261,44.1203,44.9078,458,45461,0.909666,0.79,2,1068890,1068432,458
74053541,35,29,507,48119,0.83,1,2,1070737,1070230,507
74056461,31.8,26.6,512,48163,0.75,1,2,1070768,1070256,512
74059381,21.56,28.52,502,48207,0.798,0.98,2,1070787,1070285,502
74062301,30.712,32.904,501,48251,0.8716,1,2,1070820,1070319,501
74065221,32.5424,38.5808,494,48295,0.82232,1,2,1070853,1070359,494
74068141,32.1085,29.3162,499,48339,0.796464,1,2,1070885,1070386,499
74071061,33.6217,37.8632,493,48383,0.791293,1,2,1070919,1070426,493
74073981,27.5243,36.3726,483,48427,0.822259,1,2,1070945,1070462,483
74076901,24.7049,32.0745,476,48471,0.764452,1,2,1070969,1070493,476
74079821,31.341,32.0149,477,48514,0.72089,0.9,1,1071002,1070525,477
74082741,25.4682,24.003,479,48557,0.696178,1,1,1071026,1070547,479
74085661,13.8936,18.4006,473,48600,0.691236,1,1,1071037,1070564,473
74088581,37.9787,39.6801,472,48643,0.706247,0.97,1,1071081,1070609,472
74091501,29.9957,32.736,469,48686,0.677249,0.92,1,1071109,1070640,469
74094421,26.7991,31.3472,464,48729,0.68745,0.83,1,1071135,1070671,464
74097341,34.1598,31.0694,469,48772,0.72149,0.83,1,1071171,1070702,469
74100261,34.032,34.2139,468,48815,0.712298,0.73,1,1071205,1070737,468
74103181,30.0064,31.6428,466,48858,0.71046,0.73,1,1071234,1070768,466
74106101,15.6013,6.32856,478,48901,0.710092,0.81,1,1071246,1070768,478
74109021,32.7203,16.4657,496,48944,0.726018,0.89,1,1071283,1070787,496
74111941,32.9441,29.6931,496,48987,0.729204,0.81,1,1071316,1070820,496
74114861,30.5888,32.3386,493,49030,0.713841,0.79,1,1071346,1070853,493
74117781,29.3178,32.0677,490,49073,0.694768,0.79,1,1071375,1070885,490
74120701,29.0636,33.6135,485,49116,0.706954,0.83,1,1071404,1070919,485
74123621,23.4127,27.5227,481,49159,0.693391,0.75,1,1071426,1070945,481
74126541,28.6825,24.7045,487,49202,0.706678,0.71,1,1071456,1070969,487
74129461,24.9365,31.3409,478,49245,0.709336,0.69,1,1071480,1071002,478
74132381,14.5873,25.4682,466,49288,0.725867,0.69,1,1071492,1071026,466
74135301,37.3175,13.8936,498,49331,0.777173,0.71,2,1071535,1071037,498
74138221,28.2635,37.9787,480,49374,0.771435,0.67,2,1071561,1071081,480
74141141,27.2527,29.9957,479,49417,0.786287,0.69,2,1071588,1071109,479
74144061,35.8505,26.7991,491,49460,0.853257,0.73,2,1071626,1071135,491
74146981,33.5701,34.1598,488,49503,0.834651,0.71,2,1071659,1071171,488
74149901,31.514,34.032,485,49546,0.84693,0.71,2,1071690,1071205,485
74152821,15.9028,30.0064,468,49589,0.849386,0.71,2,1071702,1071234,468
74155741,33.5806,15.6013,494,49631,0.881877,0.73,2,1071740,1071246,494
74158661,34.7161,32.7203,492,49673,0.888375,0.73,2,1071775,1071283,492
74161581,28.5432,32.9441,486,49715,0.905675,0.71,2,1071802,1071316,486
74164501,27.3086,30.5888,483,49757,0.909135,0.69,2,1071829,1071346,483
74415621,487,564,457,23360,0.07,0.59,1,1074237,1073780,457
74418541,135,148.8,459,24178,0.118,0.39,1,1074284,1073825,459
74421461,77.4,72.96,468,24266,0.0476,0.13,1,1074347,1073879,468
74424381,65.08,70.592,460,24353,0.03352,0.13,1,1074409,1073949,460
74427301,61.016,67.7184,453,24440,0.014704,0.05,1,1074469,1074016,453
74430221,56.2032,62.3437,447,24527,0.0269408,0.01,1,1074524,1074077,447
74433141,68.8406,43.6687,480,24613,0.0133882,0.07,1,1074596,1074116,480
74436061,47.3681,83.1337,429,24699,0.0106776,0.15,1,1074638,1074209,429
74438981,27.8736,27.8267,438,24785,0.0261355,0.13,1,1074661,1074223,438
74441901,44.7747,54.3653,426,24871,0.109227,0.03,1,1074710,1074284,426
74444821,60.1549,61.2731,427,24956,0.157845,0.03,1,1074774,1074347,427
74447741,58.431,61.8546,423,25041,0.151569,0.01,1,1074832,1074409,423
74450661,58.8862,60.3709,422,25126,0.150314,0.03,1,1074891,1074469,422
74453581,55.7772,56.0742,422,25210,0.0380628,0.01,1,1074946,1074524,422
74456501,69.5554,68.8148,423,25294,0.0956126,0.01,1,1075019,1074596,423
74459421,46.7111,47.363,422,25378,0.0911225,0.03,1,1075060,1074638,422
74462341,28.5422,27.8726,423,25461,0.0742245,0.03,1,1075084,1074661,423
74465261,46.5084,5.57452,474,25544,0.0708449,0.13,1,1075135,1074661,474
74468181,62.1017,40.3149,491,25627,0.134169,0.17,1,1075201,1074710,491
74471101,60.4203,59.263,487,25710,0.114834,0.15,1,1075261,1074774,487
74474021,53.6841,58.2526,481,25792,0.110967,0.15,1,1075313,1074832,481
74476941,53.9368,58.8505,476,25874,0.0941934,0.01,1,1075367,1074891,476
74479861,71.5874,55.7701,497,25956,0.0748387,0.11,1,1075443,1074946,497
74482781,44.7175,69.554,462,26038,0.0869677,0.09,1,1075481,1075019,462
74485701,30.5435,46.7108,448,26119,0.0733935,0.07,1,1075508,1075060,448
74488621,46.9087,28.5422,475,26200,0.0866787,0.07,1,1075559,1075084,475
74491541,65.3817,46.5084,494,26281,0.121336,0.15,1,1075629,1075135,494
74494461,59.4763,62.1017,486,26362,0.144267,0.11,1,1075687,1075201,486
74497381,54.2953,60.4203,479,26442,0.164853,0.11,1,1075740,1075261,479
74500301,50.8591,53.6841,477,26522,0.168971,0.09,1,1075790,1075313,477
74503221,72.5718,53.9368,501,26602,0.233794,0.07,1,1075868,1075367,501
74506141,44.9144,71.5874,463,26682,0.230759,0.09,1,1075906,1075443,463
74509061,31.3829,44.7175,453,26761,0.230152,0.07,1,1075934,1075481,453
74511981,47.0766,30.5435,477,26840,0.24603,0.09,1,1075985,1075508,477
74514901,11.0153,46.9087,428,26919,0.249206,0.13,1,1075987,1075559,428
74517821,58.2031,65.3817,428,26998,0.297841,0.15,1,1076057,1075629,428
74520741,59.6406,59.4763,430,27076,0.387568,0.17,1,1076117,1075687,430
74523661,54.3281,54.2953,430,27154,0.405514,0.17,1,1076170,1075740,430
74526581,50.8656,50.8591,430,27232,0.393103,0.25,1,1076220,1075790,430
74529501,74.9731,72.5718,433,27310,0.374621,0.23,1,1076301,1075868,433
74532421,45.3946,44.9144,433,27388,0.354924,0.23,1,1076339,1075906,433
74535341,31.4789,31.3829,433,27465,0.366985,0.25,1,1076367,1075934,433
74538261,49.4958,47.0766,436,27542,0.369397,0.25,1,1076421,1075985,436
74541181,11.4992,11.0153,436,27619,0.337879,0.31,1,1076423,1075987,436
74544101,59.8998,58.2031,438,27696,0.379576,0.41,1,1076495,1076057,438
74547021,61.58,59.6406,440,27772,0.403915,0.41,1,1076557,1076117,440
74549941,54.716,54.3281,440,27848,0.504783,0.39,1,1076610,1076170,440
74552861,51.7432,50.8656,441,27924,0.540957,0.37,1,1076661,1076220,441
74555781,72.7486,74.9731,438,28000,0.532191,0.35,1,1076739,1076301,438
74558701,45.7497,45.3946,439,28076,0.594438,0.37,1,1076778,1076339,439
74561621,32.3499,31.4789,440,28151,0.654888,0.37,1,1076807,1076367,440
74564541,48.07,49.4958,438,28226,0.698978,0.33,1,1076859,1076421,438
74567461,11.214,11.4992,438,28301,0.675795,0.39,1,1076861,1076423,438
74570381,62.2428,59.8998,441,28376,0.719159,0.39,1,1076936,1076495,441
74573301,62.0486,11.98,503,28451,0.727832,0.41,1,1076998,1076495,503
74576221,58.0097,51.996,498,28525,0.777566,0.53,2,1077055,1076557,498
74579141,53.2019,52.7992,497,28599,0.787513,0.55,2,1077107,1076610,497
74582061,73.8404,51.3598,525,28673,0.789503,0.53,2,1077186,1076661,525
74584981,47.5681,72.672,488,28747,0.805901,0.61,2,1077227,1076739,488
74587901,35.1136,45.7344,481,28821,0.85718,0.67,2,1077259,1076778,481
74590821,50.2227,32.3469,506,28894,0.915436,0.71,2,1077313,1076807,506
74593741,11.6445,48.0694,456,28967,0.927087,0.67,2,1077315,1076859,456
74596661,63.9289,11.2139,531,29040,0.913417,0.73,2,1077392,1076861,531
74599581,63.1858,62.2428,519,29113,0.910684,0.73,2,1077455,1076936,519
74602501,60.6372,62.0486,517,29186,0.910137,0.79,2,1077515,1076998,517
74728061,34,70,516,32155,0.83,1,2,1079579,1079063,516
74730981,48.4,58,513,32221,0.718,1,1,1079631,1079118,513
74733901,37.68,33.2,521,32287,0.7116,1,1,1079666,1079145,521
74736821,34.736,53.84,496,32353,0.66232,1,1,1079700,1079204,496
74739741,63.7472,24.368,550,32418,0.572464,1,1,1079771,1079221,550
74742661,51.1494,57.6736,532,32483,0.474493,1,1,1079819,1079287,532
74745581,68.6299,62.7347,541,32548,0.358899,0.95,1,1079892,1079351,541
74748501,32.926,69.3469,494,32613,0.25578,1,1,1079916,1079422,494
74751421,30.5852,33.0694,500,32678,0.219156,0.93,1,1079946,1079446,500
74754341,52.517,33.8139,524,32743,0.147831,0.83,1,1080004,1079480,524
74757261,12.1034,58.7628,461,32808,0.117566,0.83,1,1080006,1079545,461
74760181,28.8207,38.9526,460,32872,0.159513,0.69,1,1080039,1079579,460
74763101,44.1641,49.3905,456,32936,0.0879027,0.71,1,1080087,1079631,456
74766021,38.4328,37.8781,458,33000,0.0415805,0.65,1,1080124,1079666,458
74768941,30.0866,34.7756,452,33064,0.0643161,0.55,1,1080152,1079700,452
74771861,58.8173,63.7551,447,33128,0.0688632,0.45,1,1080218,1079771,447
74774781,47.7635,51.151,444,33192,0.0537726,0.33,1,1080263,1079819,444
74777701,59.1527,68.6302,433,33256,0.0187545,0.23,1,1080325,1079892,433
74780621,31.0305,32.926,433,33320,0.0757509,0.21,1,1080349,1079916,433
74783541,28.6061,30.5852,431,33383,0.0551502,0.13,1,1080377,1079946,431
74786461,51.3212,52.517,430,33446,0.03503,0.11,1,1080434,1080004,430
74789381,11.8642,12.1034,430,33509,0.079006,0.17,1,1080436,1080006,430
74792301,28.7728,28.8207,430,33572,0.119801,0.07,1,1080469,1080039,430
74795221,37.7546,44.1641,422,33635,0.15996,0.03,1,1080509,1080087,422
74798141,37.9509,38.4328,423,33698,0.183992,0.07,1,1080547,1080124,423
74801061,29.9902,30.0866,423,33761,0.188798,0.07,1,1080575,1080152,423
74803981,58.798,58.8173,423,33824,0.25376,0.05,1,1080641,1080218,423
74806901,46.9596,47.7635,422,33887,0.266752,0.01,1,1080685,1080263,422
74809821,60.5919,59.1527,424,33949,0.23735,0.09,1,1080749,1080325,424
74812741,32.9184,31.0305,426,34011,0.24747,0.05,1,1080775,1080349,426
74815661,27.3837,28.6061,424,34073,0.265494,0.03,1,1080801,1080377,424
74818581,52.6767,51.3212,426,34135,0.285099,0.09,1,1080860,1080434,426
74821501,12.1353,11.8642,426,34197,0.28902,0.13,1,1080862,1080436,426
74824421,30.4271,28.7728,428,34259,0.273804,0.13,1,1080897,1080469,428
74827341,37.2854,5.75457,467,34321,0.318761,0.17,1,1080936,1080469,467
74830261,40.2571,33.1509,468,34383,0.311752,0.19,1,1080977,1080509,468
74833181,31.2514,37.0302,459,34444,0.31035,0.19,1,1081006,1080547,459
74836101,61.4503,29.806,500,34505,0.34207,0.27,1,1081075,1080575,500
74839021,45.8901,58.7612,476,34566,0.316414,0.27,1,1081117,1080641,476
74841941,60.378,46.9522,496,34627,0.343283,0.23,1,1081181,1080685,496
74844861,33.6756,60.5904,459,34688,0.364657,0.25,1,1081208,1080749,459
74847781,29.1351,32.9181,461,34749,0.400931,0.27,1,1081236,1080775,461
74850701,53.027,27.3836,494,34810,0.440186,0.29,1,1081295,1080801,494
74853621,12.2054,52.6767,437,34871,0.448037,0.29,1,1081297,1080860,437
74856541,31.2411,12.1353,471,34932,0.449607,0.27,1,1081333,1080862,471
74859461,38.2482,30.4271,476,34993,0.417921,0.33,1,1081373,1080897,476
74862381,39.6496,37.2854,477,35053,0.459584,0.31,1,1081413,1080936,477
74865301,31.9299,40.2571,466,35113,0.435917,0.31,1,1081443,1080977,466
74868221,60.786,31.2514,505,35173,0.463183,0.35,1,1081511,1081006,505
74871141,45.7572,61.4503,478,35233,0.484637,0.31,1,1081553,1081075,478
74874061,61.9514,45.8901,502,35293,0.536927,0.35,1,1081619,1081117,502
74876981,34.7903,60.378,466,35353,0.563385,0.37,1,1081647,1081181,466
74879901,30.9581,33.6756,469,35413,0.600677,0.41,1,1081677,1081208,469
74882821,54.9916,29.1351,502,35473,0.624135,0.45,1,1081738,1081236,502
74885741,12.5983,53.027,445,35533,0.628827,0.45,1,1081740,1081295,445
74888661,29.7197,12.2054,477,35592,0.629765,0.45,1,1081774,1081297,477
74891581,38.7439,31.2411,482,35651,0.629953,0.41,1,1081815,1081333,482
74894501,9.34879,38.2482,444,35710,0.629991,0.47,1,1081817,1081373,444
74897421,34.6698,39.6496,445,35769,0.677998,0.43,1,1081858,1081413,445
74900341,30.134,31.9299,444,35828,0.7036,0.47,1,1081887,1081443,444
74903261,61.2268,60.786,445,35887,0.74072,0.49,1,1081956,1081511,445
74906181,47.4454,45.7572,447,35946,0.796144,0.55,2,1082000,1081553,447
74909101,64.6891,61.9514,450,36005,0.791229,0.57,2,1082069,1081619,450
74912021,35.3378,34.7903,450,36064,0.758246,0.61,2,1082097,1081647,450
74914941,32.6676,30.9581,452,36123,0.783649,0.63,2,1082129,1081677,452
74917861,56.1335,54.9916,453,36182,0.75673,0.63,2,1082191,1081738,453
74920781,12.8267,12.5983,453,36240,0.751346,0.63,2,1082193,1081740,453
74923701,29.7653,29.7197,453,36298,0.766269,0.63,2,1082227,1081774,453
74926621,38.7531,38.7439,453,36356,0.785254,0.63,2,1082268,1081815,453
74929541,9.35061,9.34879,453,36414,0.789051,0.69,2,1082270,1081817,453
74932461,36.2701,34.6698,455,36472,0.77381,0.71,2,1082313,1081858,455
74935381,32.054,30.134,457,36530,0.786762,0.75,2,1082344,1081887,457
74938301,63.2108,61.2268,459,36588,0.885352,0.81,2,1082415,1081956,459
74941221,50.2422,47.4454,462,36646,0.889071,0.79,2,1082462,1082000,462
74944141,62.8484,64.6891,459,36704,0.937814,0.75,2,1082528,1082069,459
75081381,54,68,479,39318,0.89,1,2,1084294,1083815,479
75084301,38,32,490,39372,0.778,1,2,1084328,1083838,490
75087221,50.8,43.2,498,39426,0.7396,1,1,1084382,1083884,498
75090141,35.76,53.44,474,39480,0.74792,1,1,1084414,1083940,474
75093061,49.552,42.688,487,39533,0.685584,1,1,1084467,1083980,487
75095981,36.3104,31.7376,491,39586,0.625117,1,1,1084500,1084009,491
75098901,40.0621,50.3475,477,39639,0.597023,1,1,1084541,1084064,477
75101821,33.6124,33.2695,480,39692,0.511405,1,1,1084573,1084093,480
75104741,27.5225,30.6539,476,39745,0.510281,1,1,1084599,1084123,476
75107661,34.3045,30.1308,482,39798,0.430056,1,1,1084635,1084153,482
75110581,28.4609,33.2262,475,39851,0.414011,0.96,1,1084662,1084187,475
75113501,25.6922,28.2452,473,39904,0.458802,0.93,1,1084687,1084214,473
75116421,24.3384,26.449,471,39957,0.46776,0.89,1,1084711,1084240,471
75119341,46.4677,48.4898,469,40010,0.485552,0.75,1,1084763,1084294,469
75122261,29.2935,36.898,460,40063,0.44111,0.75,1,1084788,1084328,460
75125181,48.2587,7.37959,513,40116,0.400222,0.73,1,1084841,1084328,513
75128101,34.4517,44.6759,490,40169,0.344044,0.75,1,1084872,1084382,490
75131021,43.6903,34.5352,504,40222,0.364809,0.67,1,1084918,1084414,504
75133941,35.1381,49.307,484,40274,0.368962,0.61,1,1084951,1084467,484
75136861,35.8276,36.2614,487,40326,0.401792,0.59,1,1084987,1084500,487
75139781,31.1655,40.0523,476,40378,0.376358,0.49,1,1085017,1084541,476
75142701,24.6331,33.6105,467,40430,0.355272,0.51,1,1085040,1084573,467
75145621,34.5266,27.5221,478,40482,0.383054,0.41,1,1085077,1084599,478
75148541,26.9053,34.3044,467,40534,0.372611,0.41,1,1085102,1084635,467
75151461,28.5811,28.4609,469,40586,0.434522,0.47,1,1085131,1084662,469
75154381,23.3162,25.6922,466,40638,0.446904,0.47,1,1085153,1084687,466
75157301,47.0632,24.3384,495,40690,0.481381,0.49,1,1085206,1084711,495
75160221,27.0126,46.4677,465,40742,0.520276,0.43,1,1085228,1084763,465
75163141,47.8025,29.2935,493,40794,0.512055,0.39,1,1085281,1084788,493
75166061,33.5605,48.2587,470,40846,0.510411,0.33,1,1085311,1084841,470
75168981,43.5121,34.4517,485,40898,0.558082,0.37,1,1085357,1084872,485
75171901,36.7024,43.6903,474,40950,0.551616,0.37,1,1085392,1084918,474
75174821,34.5405,35.1381,475,41002,0.566323,0.41,1,1085426,1084951,475
75177741,29.3081,35.8276,467,41053,0.569265,0.37,1,1085454,1084987,467
75180661,27.4616,31.1655,464,41104,0.585853,0.35,1,1085481,1085017,464
75183581,34.2923,24.6331,477,41155,0.605171,0.39,1,1085517,1085040,477
75186501,28.4585,34.5266,467,41206,0.593034,0.37,1,1085544,1085077,467
75189421,29.6917,26.9053,472,41257,0.622607,0.45,1,1085574,1085102,472
75192341,25.1383,28.5811,467,41308,0.628521,0.45,1,1085598,1085131,467
75195261,47.4277,23.3162,498,41359,0.677704,0.49,1,1085651,1085153,498
75198181,28.6855,47.0632,469,41410,0.703541,0.53,1,1085675,1085206,469
75201101,47.3371,27.0126,499,41461,0.708708,0.51,1,1085727,1085228,499
75204021,33.4674,47.8025,476,41512,0.709742,0.51,1,1085757,1085281,476
75206941,8.29348,33.5605,448,41563,0.709948,0.57,1,1085759,1085311,448
75209861,40.0587,43.5121,450,41614,0.74199,0.55,1,1085807,1085357,450
75212781,35.2117,36.7024,449,41665,0.796398,0.57,2,1085841,1085392,449
75215701,35.0423,34.5405,450,41716,0.80728,0.57,2,1085876,1085426,450
75218621,29.4085,29.3081,450,41767,0.857456,0.59,2,1085904,1085454,450
75221541,28.2817,27.4616,451,41818,0.867491,0.61,2,1085932,1085481,451
75224461,35.2563,34.2923,452,41868,0.821498,0.59,2,1085969,1085517,452
75227381,28.6513,28.4585,452,41918,0.8283,0.63,2,1085996,1085544,452
75230301,30.5303,29.6917,453,41968,0.81366,0.63,2,1086027,1085574,453
75233221,26.9061,25.1383,455,42018,0.826732,0.69,2,1086053,1085598,455
75236141,48.5812,47.4277,456,42068,0.829346,0.71,2,1086107,1085651,456
75239061,29.7162,28.6855,457,42118,0.845869,0.71,2,1086132,1085675,457
75241981,47.5433,47.3371,457,42168,0.849174,0.71,2,1086184,1085727,457
75244901,33.5086,33.4674,457,42218,0.849835,0.71,2,1086214,1085757,457
75247821,8.30173,8.29348,457,42268,0.817967,0.75,2,1086216,1085759,457
75250741,41.6603,40.0587,459,42318,0.859593,0.81,2,1086266,1085807,459
75253661,37.1321,35.2117,461,42368,0.867919,0.81,2,1086302,1085841,461
75256581,36.2264,35.0423,462,42418,0.901584,0.87,2,1086338,1085876,462
75259501,30.4453,29.4085,463,42468,0.908317,0.87,2,1086367,1085904,463
75262421,28.4891,28.2817,463,42518,0.941663,0.81,2,1086395,1085932,463
75265341,34.4978,35.2563,462,42568,0.948333,0.83,2,1086431,1085969,462
75268261,27.6996,28.6513,461,42618,0.949667,0.81,2,1086457,1085996,461
75271181,31.9399,30.5303,463,42668,0.949933,0.83,2,1086490,1086027,463
75274101,25.588,26.9061,461,42717,0.933987,0.83,2,1086514,1086053,461
75420101,40,34,502,45119,0.85,1,2,1088207,1087705,502
75423021,35.2,34.8,501,45166,0.802,1,2,1088241,1087740,501
75425941,28.64,22.16,509,45213,0.6964,1,1,1088268,1087759,509
75428861,21.728,26.032,502,45260,0.72328,1,1,1088288,1087786,502
75431781,32.3456,30.8064,505,45307,0.664656,1,1,1088323,1087818,505
75434701,35.2691,30.9613,510,45354,0.588931,1,1,1088359,1087849,510
75437621,30.2538,30.9923,508,45400,0.557786,1,1,1088388,1087880,508
75440541,20.4508,33.3985,492,45446,0.567557,1,1,1088406,1087914,492
75443461,30.4902,29.8797,496,45492,0.537511,1,1,1088439,1087943,496
75446381,32.498,37.9759,489,45538,0.483502,1,1,1088472,1087983,489
75449301,27.2996,34.7952,481,45584,0.4407,1,1,1088498,1088017,481
75452221,57.4599,50.159,492,45630,0.33614,1,1,1088563,1088071,492
75455141,33.892,40.4318,482,45676,0.363228,0.92,1,1088591,1088109,482
75458061,29.9784,32.8864,480,45722,0.352646,0.89,1,1088620,1088140,480
75460981,21.9957,28.1773,473,45768,0.302529,0.85,1,1088640,1088167,473
75463901,28.3991,37.6355,463,45814,0.292506,0.79,1,1088670,1088207,463
75466821,29.6798,34.7271,459,45860,0.322501,0.67,1,1088700,1088241,459
75469741,26.736,28.5454,458,45906,0.2805,0.67,1,1088726,1088268,458
75472661,19.7472,5.70908,476,45952,0.2081,0.73,1,1088744,1088268,476
75475581,32.7494,17.1418,492,45998,0.20962,0.65,1,1088780,1088288,492
75478501,32.9499,31.4284,490,46044,0.241924,0.57,1,1088813,1088323,490
75481421,28.19,35.0857,481,46090,0.232385,0.55,1,1088840,1088359,481
75484341,15.238,30.2171,464,46136,0.230477,0.57,1,1088852,1088388,464
75487261,27.8476,20.4434,477,46182,0.230095,0.53,1,1088883,1088406,477
75490181,30.3695,30.4887,475,46228,0.246019,0.47,1,1088914,1088439,475
75493101,22.8739,32.4977,463,46274,0.265204,0.43,1,1088935,1088472,463
75496021,50.9748,27.2995,495,46320,0.317041,0.31,1,1088993,1088498,495
75498941,35.795,57.4599,462,46366,0.343408,0.37,1,1089025,1088563,462
75501861,31.959,33.892,465,46411,0.348682,0.35,1,1089056,1088591,465
75504781,19.9918,29.9784,453,46456,0.365736,0.29,1,1089073,1088620,453
75507701,30.3984,21.9957,466,46501,0.353147,0.29,1,1089106,1088640,466
75510621,29.2797,28.3991,465,46546,0.366629,0.33,1,1089135,1088670,465
75513541,22.6559,29.6798,456,46591,0.385326,0.27,1,1089156,1088700,456
75516461,17.3312,26.736,446,46636,0.389065,0.19,1,1089172,1088726,446
75519381,35.4662,19.7472,468,46681,0.389813,0.21,1,1089212,1088744,468
75522301,33.4932,32.7494,465,46726,0.389963,0.25,1,1089245,1088780,465
75525221,28.2986,32.9499,459,46771,0.389993,0.23,1,1089272,1088813,459
75528141,16.0597,28.19,445,46816,0.405998,0.23,1,1089285,1088840,445
75531061,28.8119,15.238,465,46861,0.4092,0.23,1,1089317,1088852,465
75533981,31.3624,27.8476,466,46906,0.40984,0.25,1,1089349,1088883,466
75536901,22.2725,30.3695,455,46951,0.425968,0.27,1,1089369,1088914,455
75539821,51.6545,22.8739,493,46996,0.445194,0.33,1,1089428,1088935,493
75542741,37.5309,50.9748,469,47041,0.497039,0.35,1,1089462,1088993,469
75545661,33.9062,35.795,470,47086,0.475408,0.35,1,1089495,1089025,470
75548581,20.3812,31.959,456,47131,0.487082,0.37,1,1089512,1089056,456
75551501,31.2762,19.9918,473,47176,0.505416,0.35,1,1089546,1089073,473
75554421,28.6552,30.3984,468,47221,0.541083,0.37,1,1089574,1089106,468
75557341,23.331,29.2797,461,47266,0.548217,0.39,1,1089596,1089135,461
75560261,17.4662,22.6559,456,47311,0.549643,0.39,1,1089612,1089156,456
75563181,35.4932,17.3312,480,47356,0.549929,0.39,1,1089652,1089172,480
75566101,8.69865,35.4662,442,47401,0.549986,0.39,1,1089654,1089212,442
75569021,28.1397,33.4932,442,47445,0.565997,0.39,1,1089687,1089245,442
75571941,26.4279,28.2986,441,47489,0.569199,0.41,1,1089713,1089272,441
75574861,14.8856,16.0597,440,47533,0.58584,0.41,1,1089725,1089285,440
75577781,30.1771,28.8119,442,47577,0.653168,0.41,1,1089759,1089317,442
75580701,31.6354,31.3624,442,47621,0.714634,0.43,1,1089791,1089349,442
75583621,23.1271,22.2725,443,47665,0.758927,0.45,2,1089812,1089369,443
75586541,53.4254,51.6545,445,47709,0.751785,0.51,2,1089873,1089428,445
75589461,37.8851,37.5309,445,47753,0.718357,0.47,1,1089907,1089462,445
75592381,35.577,33.9062,447,47797,0.727671,0.49,1,1089942,1089495,447
75595301,19.9154,20.3812,446,47841,0.761534,0.51,2,1089958,1089512,446
75598221,32.7831,31.2762,448,47885,0.784307,0.55,2,1089994,1089546,448
75601141,29.7566,28.6552,449,47929,0.804861,0.55,2,1090023,1089574,449
75604061,23.5513,23.331,449,47973,0.808972,0.55,2,1090045,1089596,449
75606981,17.5103,17.4662,449,48017,0.777794,0.55,2,1090061,1089612,449
75609901,35.5021,35.4932,449,48061,0.803559,0.55,2,1090101,1089652,449
75612821,8.70041,8.69865,449,48105,0.808712,0.57,2,1090103,1089654,449
75615741,28.9401,28.1397,450,48149,0.841742,0.57,2,1090137,1089687,450
75618661,27.388,26.4279,451,48193,0.864348,0.59,2,1090164,1089713,451
75621581,15.0776,14.8856,451,48237,0.83687,0.67,2,1090176,1089725,451
75624501,31.8155,30.1771,453,48281,0.831374,0.73,2,1090212,1089759,453
75627421,35.1631,31.6354,457,48325,0.862275,0.77,2,1090248,1089791,457
75630341,24.6326,23.1271,458,48369,0.900455,0.75,2,1090270,1089812,458
75633261,52.9265,53.4254,457,48413,0.924091,0.71,2,1090330,1089873,457
75636181,37.7853,37.8851,457,48457,0.896818,0.73,2,1090364,1089907,457
75639101,36.3571,35.577,458,48500,0.891364,0.77,2,1090400,1089942,458
75642021,20.0714,19.9154,458,48543,0.906273,0.79,2,1090416,1089958,458
75644941,33.6143,32.7831,459,48586,0.925255,0.81,2,1090453,1089994,459
75647861,30.7229,29.7566,460,48629,0.945051,0.81,2,1090483,1090023,460
75677061,22,36,486,49059,0.95,0.91,2,1090734,1090248,486
75869781,87,84,520,23541,0.37,0.77,1,1092790,1092270,520
75872701,59.8,89.6,482,23631,0.402,0.63,1,1092843,1092361,482
75875621,71.16,62.72,500,23721,0.4564,0.41,1,1092917,1092417,500
75878541,50.232,78.144,463,23810,0.45128,0.35,1,1092962,1092499,463
75881461,70.0464,53.2288,491,23899,0.514256,0.37,1,1093037,1092546,491
75884381,23.6093,58.6458,443,23988,0.526851,0.39,1,1093049,1092606,443
75887301,22.3219,19.7292,455,24076,0.51337,0.41,1,1093071,1092616,455
75890221,58.8644,73.5458,436,24164,0.558674,0.37,1,1093139,1092703,436
75893141,86.1729,84.3092,442,24252,0.583735,0.41,1,1093232,1092790,442
75896061,60.4346,59.2618,443,24339,0.588747,0.47,1,1093286,1092843,443
75898981,71.2869,71.0524,443,24426,0.589749,0.45,1,1093360,1092917,443
75901901,52.6574,50.2105,446,24513,0.58995,0.53,1,1093408,1092962,446
75904821,70.5315,70.0421,446,24599,0.62199,0.53,1,1093483,1093037,446
75907741,24.5063,23.6084,447,24685,0.628398,0.51,1,1093496,1093049,447
75910661,22.5013,22.3217,447,24771,0.64568,0.57,1,1093518,1093071,447
75913581,61.3003,58.8643,450,24857,0.713136,0.59,1,1093589,1093139,450
75916501,87.4601,86.1729,451,24942,0.694627,0.59,1,1093683,1093232,451
75919421,59.892,60.4346,450,25027,0.770925,0.59,2,1093736,1093286,450
75922341,71.9784,71.2869,451,25112,0.818185,0.59,2,1093811,1093360,451
75925261,51.1957,52.6574,449,25196,0.859637,0.63,2,1093857,1093408,449
75928181,72.6391,70.5315,452,25280,0.899927,0.63,2,1093935,1093483,452
75931101,24.1278,24.5063,451,25364,0.875986,0.65,2,1093947,1093496,451
75934021,23.2256,22.5013,452,25448,0.935197,0.65,2,1093970,1093518,452
75936941,63.8451,4.50025,526,25531,0.947039,0.73,2,1094044,1093518,526
76039141,100,96,497,28289,0.49,1,1,1096059,1095562,497
76042061,47.2,39.2,506,28364,0.458,1,1,1096093,1095587,506
76044981,31.84,7.84,534,28439,0.3556,1,1,1096121,1095587,534
76047901,67.168,31.968,572,28513,0.35112,1,1,1096197,1095625,572
76050821,42.2336,84.7936,510,28587,0.318224,1,1,1096233,1095723,510
76053741,69.2467,42.5587,554,28661,0.263645,1,1,1096309,1095755,554
76056661,36.2493,76.5117,497,28735,0.284729,1,1,1096337,1095840,497
76059581,25.6499,38.5023,491,28809,0.272946,0.92,1,1096360,1095869,491
76062501,52.33,25.3005,528,28882,0.302589,0.75,1,1096419,1095891,528
76065421,80.066,59.4601,547,28955,0.372518,0.49,1,1096506,1095959,547
76068341,40.8132,91.892,478,29028,0.386504,0.45,1,1096537,1096059,478
76071261,26.5626,45.5784,467,29101,0.389301,0.33,1,1096560,1096093,467
76074181,59.7125,31.5157,507,29174,0.43786,0.35,1,1096628,1096121,507
76077101,43.9425,67.1031,471,29247,0.431572,0.31,1,1096668,1096197,471
76080021,67.9885,42.2206,509,29319,0.478314,0.25,1,1096742,1096233,509
76082941,37.5977,69.2441,463,29391,0.503663,0.29,1,1096772,1096309,463
76085861,25.1195,36.2488,457,29463,0.524733,0.27,1,1096794,1096337,457
76088781,55.4239,25.6498,497,29535,0.528947,0.31,1,1096857,1096360,497
76091701,80.6848,52.33,525,29607,0.529789,0.39,1,1096944,1096419,525
76094621,43.337,80.066,472,29678,0.529958,0.39,1,1096978,1096506,472
76097541,26.2674,40.8132,463,29749,0.561992,0.39,1,1097000,1096537,463
76100461,60.4535,26.5626,509,29820,0.584398,0.45,1,1097069,1096560,509
76103381,13.6907,59.7125,443,29891,0.58888,0.43,1,1097071,1096628,443
76106301,34.7381,43.9425,443,29962,0.653776,0.49,1,1097111,1096668,443
76109221,69.3476,67.9885,447,30033,0.682755,0.51,1,1097189,1096742,447
76112141,38.6695,37.5977,448,30103,0.688551,0.53,1,1097220,1096772,448
76115061,25.3339,25.1195,448,30173,0.70571,0.53,1,1097242,1096794,448
76117981,55.4668,55.4239,448,30243,0.693142,0.53,1,1097305,1096857,448
76120901,80.6934,80.6848,448,30313,0.706628,0.53,1,1097392,1096944,448
76123821,44.9387,43.337,450,30383,0.725326,0.57,1,1097428,1096978,450
76126741,27.3877,26.2674,451,30453,0.713065,0.59,1,1097451,1097000,451
76129661,61.4775,60.4535,452,30522,0.694613,0.59,1,1097521,1097069,452
76132581,13.8955,13.6907,452,30591,0.690923,0.67,1,1097523,1097071,452
76135501,35.5791,34.7381,453,30660,0.770185,0.69,2,1097564,1097111,453
76138421,70.3158,69.3476,454,30729,0.786037,0.69,2,1097643,1097189,454
76141341,39.6632,38.6695,455,30798,0.805207,0.71,2,1097675,1097220,455
76144261,25.5326,25.3339,455,30867,0.873042,0.69,2,1097697,1097242,455
76147181,55.5065,55.4668,455,30936,0.870608,0.71,2,1097760,1097305,455
76150101,80.7013,80.6934,455,31004,0.918122,0.73,2,1097847,1097392,455
76153021,45.7403,44.9387,456,31072,0.911624,0.71,2,1097884,1097428,456
76155941,27.5481,27.3877,456,31140,0.926325,0.69,2,1097907,1097451,456
76158861,61.5096,61.4775,456,31208,0.929265,0.69,2,1097977,1097521,456
76161781,13.9019,13.8955,456,31276,0.929853,0.69,2,1097979,1097523,456
76275661,44,38,487,33814,0.73,1,1,1099794,1099307,487
76278581,34.4,23.6,499,33877,0.65,1,1,1099826,1099327,499
76281501,48.48,59.92,482,33939,0.602,1,1,1099878,1099396,482
76284421,46.496,39.184,494,34001,0.4644,1,1,1099924,1099430,494
76287341,34.0992,31.8368,495,34063,0.42088,1,1,1099955,1099460,495
76290261,49.2198,56.7674,485,34125,0.380176,0.86,1,1100008,1099523,485
76293181,29.844,32.1535,484,34187,0.404035,1,1,1100033,1099549,484
76296101,29.9688,34.4307,479,34249,0.376807,1,1,1100063,1099584,479
76299021,25.1938,6.88614,503,34311,0.355361,0.99,1,1100087,1099584,503
76301941,36.2388,26.9772,510,34373,0.367072,0.95,1,1100126,1099616,510
76304861,70.4478,41.3954,544,34435,0.353414,0.83,1,1100205,1099661,544
76307781,46.8895,79.4791,496,34496,0.366683,0.73,1,1100246,1099750,496
76310701,34.9779,51.0958,484,34557,0.449337,0.63,1,1100278,1099794,484
76313621,44.5956,35.8192,499,34618,0.465867,0.59,1,1100325,1099826,499
76316541,40.1191,48.7638,486,34679,0.501173,0.43,1,1100364,1099878,486
76319461,32.0238,46.5528,470,34740,0.508235,0.41,1,1100394,1099924,470
76322381,47.2048,34.1106,490,34801,0.541647,0.37,1,1100445,1099955,490
76325301,31.041,49.2221,464,34862,0.500329,0.41,1,1100472,1100008,464
76328221,27.8082,29.8444,466,34923,0.476066,0.37,1,1100499,1100033,466
76331141,26.3616,29.9689,462,34984,0.503213,0.35,1,1100525,1100063,462
76334061,37.2723,25.1938,478,35044,0.556643,0.37,1,1100565,1100087,478
76336981,69.8545,36.2388,517,35104,0.599329,0.35,1,1100643,1100126,517
76339901,49.1709,70.4478,482,35164,0.623866,0.37,1,1100687,1100205,482
76342821,37.8342,46.8895,476,35224,0.612773,0.47,1,1100722,1100246,476
76345741,45.9668,34.9779,492,35284,0.626555,0.47,1,1100770,1100278,492
76348661,41.1934,44.5956,485,35344,0.629311,0.51,1,1100810,1100325,485
76351581,32.2387,40.1191,476,35404,0.629862,0.51,1,1100840,1100364,476
76354501,48.8477,32.0238,499,35464,0.677972,0.55,1,1100893,1100394,499
76357421,28.9695,47.2048,472,35524,0.687594,0.49,1,1100917,1100445,472
76360341,28.1939,31.041,473,35584,0.705519,0.47,1,1100945,1100472,473
76363261,26.4388,27.8082,472,35643,0.709104,0.51,1,1100971,1100499,472
76366181,6.88776,26.3616,448,35702,0.709821,0.57,1,1100973,1100525,448
76369101,34.9776,37.2723,450,35761,0.741964,0.61,1,1101015,1100565,450
76372021,71.7955,69.8545,453,35820,0.764393,0.63,2,1101096,1100643,453
76374941,47.9591,49.1709,451,35879,0.800879,0.61,2,1101138,1100687,451
76377861,38.3918,37.8342,452,35938,0.792176,0.63,2,1101174,1100722,452
76380781,46.8784,45.9668,453,35997,0.838435,0.63,2,1101223,1100770,453
76383701,41.3757,41.1934,453,36056,0.815687,0.63,2,1101263,1100810,453
76386621,32.2751,32.2387,453,36115,0.843137,0.69,2,1101293,1100840,453
76389541,51.255,48.8477,456,36174,0.848627,0.69,2,1101349,1100893,456
76392461,29.451,28.9695,456,36232,0.849725,0.71,2,1101373,1100917,456
76395381,29.0902,28.1939,457,36290,0.865945,0.71,2,1101402,1100945,457
76398301,26.618,26.4388,457,36348,0.869189,0.71,2,1101428,1100971,457
76401221,6.92361,6.88776,457,36406,0.837838,0.75,2,1101430,1100973,457
76404141,36.5847,34.9776,459,36464,0.847567,0.77,2,1101474,1101015,459
76407061,72.9169,71.7955,460,36522,0.929513,0.81,2,1101556,1101096,460
76547221,12,22,487,39202,0.93,1,2,1103374,1102887,487
76550141,59.2,64.4,483,39256,0.722,1,1,1103445,1102962,483
76553061,52.64,53.68,483,39310,0.5844,0.92,1,1103496,1103013,483
76555981,36.128,30.736,490,39364,0.58888,1,1,1103528,1103038,490
76558901,31.2256,29.3472,491,39418,0.573776,1,1,1103558,1103067,491
76561821,27.8451,34.6694,482,39472,0.538755,0.94,1,1103585,1103103,482
76564741,50.369,55.7339,477,39526,0.531751,0.93,1,1103641,1103164,477
76567661,34.8738,35.9468,477,39579,0.49835,1,1,1103672,1103195,477
76570581,39.7748,39.9894,477,39632,0.41167,1,1,1103713,1103236,477
76573501,39.955,34.3979,484,39685,0.410334,1,1,1103753,1103269,484
76576421,25.591,35.6796,470,39738,0.362067,0.95,1,1103775,1103305,470
76579341,30.7182,35.1359,467,39791,0.368413,0.89,1,1103807,1103340,467
76582261,24.5436,24.6272,468,39844,0.385683,0.93,1,1103830,1103362,468
76585181,11.3087,14.5254,464,39897,0.357137,0.67,1,1103838,1103374,464
76588101,53.4617,59.7051,457,39950,0.319427,0.55,1,1103902,1103445,457
76591021,46.6923,52.741,451,40003,0.359885,0.59,1,1103947,1103496,451
76593941,34.1385,36.1482,450,40056,0.399977,0.57,1,1103978,1103528,450
76596861,32.4277,31.2296,452,40109,0.407995,0.57,1,1104010,1103558,452
76599781,24.0855,6.24593,474,40162,0.393599,0.53,1,1104032,1103558,474
76602701,48.0171,22.8492,501,40215,0.42272,0.53,1,1104086,1103585,501
76605621,34.4034,49.3698,476,40268,0.444544,0.49,1,1104117,1103641,476
76608541,32.4807,34.674,477,40320,0.432909,0.39,1,1104149,1103672,477
76611461,40.8961,39.7348,479,40372,0.494582,0.41,1,1104192,1103713,479
76614381,25.7792,39.947,461,40424,0.474916,0.35,1,1104214,1103753,461
76617301,30.7558,25.5894,471,40476,0.550983,0.37,1,1104246,1103775,471
76620221,22.1512,30.7179,459,40528,0.566197,0.39,1,1104266,1103807,459
76623141,10.8302,24.5436,444,40580,0.569239,0.35,1,1104274,1103830,444
76626061,53.366,11.3087,500,40632,0.585848,0.31,1,1104338,1103838,500
76628981,49.0732,53.4617,484,40684,0.55717,0.37,1,1104386,1103902,484
76631901,34.6146,46.6923,470,40736,0.535434,0.41,1,1104417,1103947,470
76634821,33.3229,34.1385,472,40788,0.531087,0.41,1,1104450,1103978,472
76637741,24.2646,32.4277,462,40840,0.562217,0.39,1,1104472,1104010,462
76640661,49.6529,24.0855,496,40892,0.600443,0.43,1,1104528,1104032,496
76643581,36.3306,48.0171,475,40944,0.640089,0.45,1,1104561,1104086,475
76646501,33.6661,34.4034,477,40996,0.664018,0.43,1,1104594,1104117,477
76649421,41.9332,32.4807,489,41047,0.668804,0.51,1,1104638,1104149,489
76652341,27.5866,40.8961,470,41098,0.701761,0.47,1,1104662,1104192,470
76655261,31.9173,25.7792,481,41149,0.724352,0.57,1,1104695,1104214,481
76658181,22.3835,30.7558,469,41200,0.72887,0.57,1,1104715,1104246,469
76661101,10.8767,22.1512,457,41251,0.729774,0.57,1,1104723,1104266,457
76664021,54.1753,10.8302,514,41302,0.745955,0.59,1,1104788,1104274,514
76666941,47.6351,53.366,496,41353,0.749191,0.55,1,1104834,1104338,496
76669861,33.527,49.0732,478,41404,0.749838,0.53,1,1104864,1104386,478
76672781,34.7054,34.6146,482,41455,0.765968,0.53,2,1104899,1104417,482
76675701,24.5411,33.3229,471,41506,0.801194,0.57,2,1104921,1104450,471
76678621,6.50822,24.2646,451,41557,0.808239,0.61,2,1104923,1104472,451
76681541,47.7016,49.6529,453,41608,0.889648,0.65,2,1104981,1104528,453
76684461,38.3403,36.3306,456,41659,0.87393,0.67,2,1105017,1104561,456
76687381,33.2681,33.6661,455,41710,0.918786,0.67,2,1105049,1104594,455
76690301,42.6536,41.9332,456,41761,0.911757,0.71,2,1105094,1104638,456
76693221,28.5307,27.5866,457,41812,0.894351,0.73,2,1105119,1104662,457
76696141,32.9061,31.9173,458,41862,0.92287,0.73,2,1105153,1104695,458
76699061,22.5812,22.3835,458,41912,0.896574,0.73,2,1105173,1104715,458
76701981,10.9162,10.8767,458,41962,0.891315,0.75,2,1105181,1104723,458
76871341,33,42,490,44785,0.77,1,2,1107152,1106662,490
76874261,35.4,39.6,487,44832,0.69,1,1,1107188,1106701,487
76877181,42.28,36.72,495,44879,0.546,1,1,1107232,1106737,495
76880101,32.456,40.944,483,44926,0.4852,1,1,1107262,1106779,483
76883021,31.2912,30.5888,486,44973,0.29704,1,1,1107293,1106807,486
76885941,31.8582,29.3178,489,45020,0.147408,1,1,1107325,1106836,489
76888861,33.5716,29.0636,494,45067,0.0694816,1,1,1107359,1106865,494
76891781,29.9143,29.8127,493,45114,0.0218963,1,1,1107388,1106895,493
76894701,25.9829,34.7625,482,45161,0.0443793,1,1,1107413,1106931,482
76897621,28.3966,28.5525,484,45208,0.0328759,1,1,1107442,1106958,484
76900541,27.2793,25.7105,486,45255,0.0625752,0.99,1,1107469,1106983,486
76903461,23.8559,31.5421,476,45302,0.052515,1,1,1107492,1107016,476
76906381,29.5712,35.1084,471,45349,0.066503,0.89,1,1107523,1107052,471
76909301,25.9142,30.2217,467,45396,0.0373006,0.8,1,1107548,1107081,467
76912221,29.9828,36.4443,460,45442,0.0154601,0.77,1,1107579,1107119,460
76915141,29.9966,33.6889,457,45488,0.091092,0.67,1,1107609,1107152,457
76918061,27.5993,35.5378,448,45534,0.0742184,0.51,1,1107636,1107188,448
76920981,35.1199,42.3076,441,45580,0.102844,0.47,1,1107673,1107232,441
76923901,27.824,32.4615,437,45626,0.0285687,0.25,1,1107699,1107262,437
76926821,23.9648,31.2923,429,45672,0.0617137,0.11,1,1107722,1107293,429
76929741,24.793,31.8585,422,45718,0.0843427,0.05,1,1107747,1107325,422
76932661,32.9586,33.5717,423,45764,0.104869,0.01,1,1107782,1107359,423
76935581,29.7917,29.9143,423,45810,0.0209737,0.05,1,1107811,1107388,423
76938501,25.9583,25.9829,423,45856,0.0441947,0.03,1,1107836,1107413,423
76941421,29.1917,28.3966,424,45902,0.096839,0.07,1,1107866,1107442,424
76944341,29.0383,27.2793,426,45948,0.0753678,0.07,1,1107895,1107469,426
76947261,20.2077,5.45586,444,45994,0.0870736,0.05,1,1107913,1107469,444
76950181,28.8415,19.4912,452,46040,0.0734147,0.07,1,1107944,1107492,452
76953101,25.7683,28.6982,446,46086,0.0226829,0.03,1,1107969,1107523,446
76956021,29.9537,25.7396,452,46132,0.0285366,0.01,1,1108000,1107548,452
76958941,33.9907,29.9479,456,46178,0.0297073,0.11,1,1108035,1107579,456
76961861,25.1981,29.9896,449,46224,0.125941,0.07,1,1108058,1107609,449
76964781,36.2396,27.5979,461,46270,0.177188,0.11,1,1108097,1107636,461
76967701,27.2479,35.1196,449,46316,0.139438,0.01,1,1108122,1107673,449
76970621,26.2496,27.8239,449,46362,0.179888,0.07,1,1108148,1107699,449
76973541,24.4499,23.9648,450,46407,0.187978,0.09,1,1108172,1107722,450
76976461,29.69,24.793,456,46452,0.189595,0.11,1,1108203,1107747,456
76979381,29.138,32.9586,450,46497,0.157919,0,1,1108232,1107782,450
76982301,29.0276,29.7917,450,46542,0.0715838,0.05,1,1108261,1107811,450
76985221,29.0055,25.9583,454,46587,0.0543168,0.11,1,1108290,1107836,454
76988141,28.2011,29.1917,452,46632,0.0188634,0.07,1,1108318,1107866,452
76991061,20.0402,29.0383,441,46677,0.0437727,0.09,1,1108336,1107895,441
76993981,29.608,20.2077,455,46722,0.0807545,0.07,1,1108368,1107913,455
76996901,24.3216,28.8415,447,46767,0.0401509,0.01,1,1108391,1107944,447
76999821,28.8643,25.7683,452,46812,0.00803018,0.03,1,1108421,1107969,452
77002741,36.1729,29.9537,459,46857,0.041606,0.03,1,1108459,1108000,459
77005661,29.6346,33.9907,452,46902,0.0483212,0.15,1,1108487,1108035,452
77008581,37.9269,25.1981,469,46947,0.0336642,0.19,1,1108527,1108058,469
77011501,26.7854,36.2396,454,46992,0.0467329,0.13,1,1108551,1108097,454
77014421,26.9571,27.2479,456,47037,0.0653466,0.19,1,1108578,1108122,456
77017341,24.5914,26.2496,454,47082,0.0690693,0.19,1,1108602,1108148,454
77020261,29.7183,24.4499,461,47127,0.0538139,0.19,1,1108633,1108172,461
77023181,27.5437,29.69,457,47172,0.0827628,0.15,1,1108660,1108203,457
77026101,25.5087,29.138,453,47217,0.0725526,0.05,1,1108685,1108232,453
77029021,27.5017,29.0276,452,47262,0.0705105,0.05,1,1108713,1108261,452
77031941,27.9003,29.0055,451,47307,0.0861021,0.01,1,1108741,1108290,451
77034861,19.9801,28.2011,441,47352,0.10522,0.05,1,1108759,1108318,441
77037781,5.59601,20.0402,425,47397,0.109044,0.09,1,1108761,1108336,425
77040701,27.5192,29.608,426,47441,0.109809,0.03,1,1108794,1108368,426
77043621,21.5038,24.3216,423,47485,0.141962,0,1,1108814,1108391,423
77046541,27.5008,28.8643,422,47529,0.100392,0.05,1,1108843,1108421,422
77049461,37.5002,36.1729,424,47573,0.108078,0.05,1,1108883,1108459,424
77052381,28.3,29.6346,422,47617,0.109616,0.03,1,1108909,1108487,422
77055301,38.46,37.9269,423,47661,0.0939231,0.05,1,1108950,1108527,423
77058221,27.692,26.7854,424,47705,0.122785,0.07,1,1108975,1108551,424
77061141,27.9384,26.9571,425,47749,0.176557,0.07,1,1109003,1108578,425
77064061,24.7877,24.5914,425,47793,0.203311,0.05,1,1109027,1108602,425
77066981,29.7575,29.7183,425,47837,0.192662,0.09,1,1109058,1108633,425
77069901,28.3515,27.5437,426,47881,0.190532,0.07,1,1109086,1108660,426
77072821,24.8703,25.5087,425,47925,0.190106,0.07,1,1109110,1108685,425
77075741,27.3741,27.5017,425,47969,0.174021,0.09,1,1109138,1108713,425
77078661,29.4748,27.9003,427,48013,0.202804,0.11,1,1109168,1108741,427
77081581,20.295,19.9801,427,48057,0.240561,0.11,1,1109186,1108759,427
77084501,5.65899,5.59601,427,48101,0.264112,0.11,1,1109188,1108761,427
77087421,27.5318,27.5192,427,48145,0.252822,0.15,1,1109221,1108794,427
77090341,21.5064,21.5038,427,48189,0.298564,0.09,1,1109241,1108814,427
77093261,26.7013,27.5008,426,48233,0.307713,0.11,1,1109269,1108843,426
77096181,36.5403,37.5002,425,48277,0.325543,0.11,1,1109308,1108883,425
77099101,28.1081,28.3,425,48321,0.297109,0.09,1,1109334,1108909,425
77102021,39.2216,38.46,426,48365,0.387422,0.13,1,1109376,1108950,426
77104941,30.2443,27.692,429,48409,0.405484,0.19,1,1109404,1108975,429
77107861,28.4489,27.9384,429,48453,0.377097,0.21,1,1109432,1109003,429
77110781,25.6898,24.7877,430,48496,0.371419,0.19,1,1109457,1109027,430
77113701,29.138,29.7575,429,48539,0.370284,0.19,1,1109487,1109058,429
77116621,28.2276,28.3515,429,48582,0.402057,0.19,1,1109515,1109086,429
77119541,24.8455,24.8703,429,48625,0.424411,0.17,1,1109539,1109110,429
77122461,28.1691,27.3741,430,48668,0.380882,0.21,1,1109568,1109138,430
77125381,31.2338,29.4748,432,48711,0.372176,0.25,1,1109600,1109168,432
77128301,21.4468,20.295,433,48754,0.402435,0.27,1,1109619,1109186,433
77131221,5.88935,5.65899,433,48797,0.408487,0.25,1,1109621,1109188,433
77134141,28.3779,27.5318,434,48840,0.457697,0.25,1,1109655,1109221,434
77137061,21.6756,5.50636,454,48883,0.43554,0.31,1,1109675,1109221,454
77139981,26.7351,17.1013,462,48926,0.431108,0.31,1,1109703,1109241,462
77142901,37.347,25.8203,474,48969,0.446222,0.33,1,1109743,1109269,474
77145821,28.2694,36.3641,461,49012,0.465244,0.29,1,1109769,1109308,461
77148741,42.4539,28.0728,481,49055,0.501049,0.41,1,1109815,1109334,481
77151661,30.8908,39.2146,467,49098,0.50821,0.41,1,1109843,1109376,467
77154581,28.5782,30.2429,467,49141,0.541642,0.37,1,1109871,1109404,467
77157501,25.7156,28.4486,464,49184,0.580328,0.37,1,1109896,1109432,464
77160421,29.1431,25.6897,469,49227,0.620066,0.37,1,1109926,1109457,469
77163341,29.0286,29.1379,468,49270,0.612013,0.41,1,1109955,1109487,468
77166261,25.0057,28.2276,464,49313,0.642403,0.43,1,1109979,1109515,464
77169181,27.4011,24.8455,468,49356,0.648481,0.37,1,1110007,1109539,468
77172101,31.0802,28.1691,471,49399,0.665696,0.37,1,1110039,1109568,471
77175021,23.816,31.2338,461,49442,0.637139,0.41,1,1110061,1109600,461
77177941,6.36321,21.4468,444,49485,0.631428,0.41,1,1110063,1109619,444
77180861,28.4726,5.88935,476,49528,0.646286,0.47,1,1110097,1109621,476
77183781,21.6945,28.3779,462,49571,0.649257,0.43,1,1110117,1109655,462
77186701,26.7389,21.6756,470,49614,0.649851,0.43,1,1110145,1109675,470
77189621,38.1478,26.7351,483,49656,0.66597,0.45,1,1110186,1109703,483
77192541,29.2296,37.347,470,49698,0.685194,0.47,1,1110213,1109743,470
77195461,44.2459,28.2694,492,49740,0.673039,0.51,1,1110261,1109769,492
77198381,31.2492,42.4539,474,49782,0.686608,0.51,1,1110289,1109815,474
77201301,30.2498,30.8908,476,49824,0.705321,0.55,1,1110319,1109843,476
77204221,27.65,28.5782,475,49866,0.693064,0.59,1,1110346,1109871,475
77207141,31.13,25.7156,482,49908,0.738613,0.63,1,1110378,1109896,482
77210061,30.226,29.1431,482,49950,0.747723,0.61,1,1110408,1109926,482
77212981,25.2452,29.0286,477,49992,0.749545,0.65,1,1110432,1109955,477
77215901,27.449,25.0057,481,50034,0.749909,0.65,1,1110460,1109979,481
77218821,31.8898,27.4011,486,50076,0.781982,0.67,2,1110493,1110007,486
77221741,23.178,31.0802,475,50118,0.772396,0.63,2,1110514,1110039,475
77224661,6.23559,23.816,455,50160,0.770479,0.63,2,1110516,1110061,455
77227581,28.4471,6.36321,487,50202,0.770096,0.65,2,1110550,1110063,487
77230501,21.6894,28.4726,473,50244,0.786019,0.65,2,1110570,1110097,473
77233421,26.7379,21.6945,481,50286,0.805204,0.65,2,1110598,1110117,481
77236341,6.94758,26.7389,455,50328,0.809041,0.67,2,1110600,1110145,455
77239261,34.1895,38.1478,455,50370,0.825808,0.69,2,1110641,1110186,455
77242181,29.2379,29.2296,456,50412,0.829162,0.67,2,1110669,1110213,456
77245101,44.2476,44.2459,456,50454,0.813832,0.69,2,1110717,1110261,456
77248021,31.2495,31.2492,456,50496,0.810767,0.71,2,1110745,1110289,456
77250941,31.0499,30.2498,457,50538,0.858153,0.69,2,1110776,1110319,457
77253861,27.01,27.65,456,50580,0.883631,0.75,2,1110802,1110346,456
77256781,33.402,31.13,459,50622,0.904726,0.75,2,1110837,1110378,459
77259701,30.6804,30.226,459,50664,0.908945,0.75,2,1110867,1110408,459
77262621,25.3361,25.2452,459,50706,0.941789,0.75,2,1110891,1110432,459
77265541,27.4672,27.449,459,50748,0.932358,0.79,2,1110919,1110460,459
77503521,36,28,464,24905,0.05,0.37,1,1113388,1112924,464
77506441,56,57.6,460,24990,0.05,0.37,1,1113449,1112989,460
77509361,29.6,39.52,448,25075,0.05,0.31,1,1113472,1113024,448
77512281,27.52,27.904,450,25160,0.05,0.27,1,1113499,1113049,450
77515201,60.704,47.1808,467,25244,0.066,0.19,1,1113568,1113101,467
77518121,48.9408,59.8362,450,25328,0.0692,0.07,1,1113614,1113164,450
77521041,56.9882,59.9672,449,25412,0.11784,0.03,1,1113673,1113224,449
77523961,67.3976,55.1934,465,25495,0.127568,0.07,1,1113743,1113278,465
77526881,68.6795,70.2387,460,25578,0.209514,0.05,1,1113812,1113352,460
77529801,60.1359,42.8477,482,25661,0.225903,0.05,1,1113870,1113388,482
77532721,31.2272,57.3695,445,25744,0.261181,0.05,1,1113894,1113449,445
77535641,28.6454,29.8739,450,25826,0.332236,0.05,1,1113922,1113472,450
77538561,61.7291,27.5748,493,25908,0.330447,0.07,1,1113992,1113499,493
77541481,50.7458,60.715,472,25990,0.330089,0.07,1,1114040,1113568,472
77544401,58.9492,48.943,487,26072,0.362018,0.13,1,1114101,1113614,487
77547321,66.9898,56.9886,497,26153,0.368404,0.13,1,1114170,1113673,497
77550241,71.798,67.3977,500,26234,0.401681,0.23,1,1114243,1113743,500
77553161,63.1596,68.6795,492,26315,0.408336,0.23,1,1114304,1113812,492
77556081,31.8319,60.1359,458,26396,0.409667,0.27,1,1114328,1113870,458
77559001,31.9664,31.2272,466,26476,0.441933,0.35,1,1114360,1113894,466
77561921,61.5933,28.6454,507,26556,0.512387,0.33,1,1114429,1113922,507
77564841,50.7187,61.7291,485,26636,0.526477,0.33,1,1114477,1113992,485
77567761,61.3437,50.7458,501,26716,0.529295,0.37,1,1114541,1114040,501
77570681,66.6687,58.9492,508,26795,0.513859,0.37,1,1114609,1114101,508
77573601,73.3337,66.9898,514,26874,0.510772,0.41,1,1114684,1114170,514
77576521,16.2667,71.798,443,26953,0.510154,0.41,1,1114686,1114243,443
77579441,51.2533,63.1596,442,27032,0.558031,0.41,1,1114746,1114304,442
77582361,29.4507,31.8319,442,27110,0.583606,0.45,1,1114770,1114328,442
77585281,33.8901,31.9664,445,27188,0.620721,0.53,1,1114805,1114360,445
77588201,64.378,61.5933,448,27266,0.644144,0.53,1,1114877,1114429,448
77591121,51.2756,50.7187,448,27344,0.664829,0.53,1,1114925,1114477,448
77594041,59.8551,61.3437,446,27421,0.668966,0.51,1,1114987,1114541,446
77596961,67.171,66.6687,447,27498,0.701793,0.51,1,1115056,1114609,447
77599881,73.4342,73.3337,447,27575,0.692359,0.51,1,1115131,1114684,447
77602801,16.2868,16.2667,447,27652,0.690472,0.57,1,1115133,1114686,447
77605721,53.6574,51.2533,450,27729,0.738094,0.59,1,1115196,1114746,450
77608641,31.5315,29.4507,452,27805,0.795619,0.63,2,1115222,1114770,452
77611561,33.5063,33.8901,451,27881,0.807124,0.65,2,1115256,1114805,451
77614481,66.7013,64.378,454,27957,0.809425,0.67,2,1115331,1114877,454
77617401,52.5403,51.2756,455,28033,0.825885,0.67,2,1115380,1114925,455
77620321,60.1081,59.8551,455,28109,0.829177,0.71,2,1115442,1114987,455
77623241,67.2216,67.171,455,28184,0.845835,0.69,2,1115511,1115056,455
77626161,74.2443,73.4342,456,28259,0.897167,0.69,2,1115587,1115131,456
77629081,16.4489,16.2868,456,28334,0.907433,0.75,2,1115589,1115133,456
77757561,45,51,519,31454,0.87,1,2,1117752,1117233,519
77760481,67.4,50.2,542,31521,0.822,1,2,1117825,1117283,542
77763401,43.08,55.64,522,31588,0.7324,1,1,1117862,1117340,522
77766321,88.616,59.928,561,31655,0.74648,1,1,1117962,1117401,561
77769241,59.3232,90.3856,515,31722,0.781296,1,2,1118014,1117499,515
77772161,39.8646,46.8771,514,31789,0.836259,0.88,2,1118049,1117535,514
77775081,35.1729,37.3754,513,31856,0.847252,1,2,1118083,1117570,513
77778001,30.2346,33.0751,510,31922,0.83345,1,2,1118112,1117602,510
77780921,30.0469,37.015,502,31988,0.84669,0.97,2,1118142,1117640,502
77783841,31.6094,35.403,499,32054,0.833338,0.89,2,1118174,1117675,499
77786761,39.9219,32.6806,509,32120,0.894668,0.87,2,1118216,1117707,509
77789681,62.3844,42.5361,532,32186,0.890934,0.81,2,1118284,1117752,532
77792601,40.4769,66.9072,494,32252,0.874187,0.71,2,1118319,1117825,494
77795521,88.8954,42.9814,558,32318,0.918837,0.75,2,1118420,1117862,558
77798441,61.7791,88.5963,513,32383,0.895768,0.79,2,1118475,1117962,513
77801361,40.3558,59.3193,496,32448,0.939153,0.85,2,1118510,1118014,496
77804281,33.6712,39.8639,493,32513,0.931831,0.85,2,1118542,1118049,493
77815961,2,32,465,32773,0.93,0.91,2,1118639,1118174,465
77961961,72,73,476,35856,0.47,1,1,1120853,1120377,476
77964881,52.8,43.4,488,35915,0.278,1,1,1120901,1120413,488
77967801,38.56,36.68,488,35974,0.1276,1,1,1120936,1120448,488
77970721,35.712,38.536,484,36033,0.04952,1,1,1120971,1120487,484
77973641,31.9424,33.3072,483,36092,0.009904,1,1,1121002,1120519,483
77976561,40.7885,36.2614,489,36151,0.0259808,1,1,1121045,1120556,489
77979481,25.7577,29.6523,483,36209,0.0131962,1,1,1121067,1120584,483
77982401,17.9515,23.5305,477,36267,0.0426392,1,1,1121083,1120606,477
77985321,29.1903,34.3061,472,36325,0.0325278,0.99,1,1121115,1120643,472
77988241,32.2381,36.4612,468,36383,0.0305056,0.89,1,1121148,1120680,468
77991161,25.6476,29.6922,464,36441,0.0141011,0.69,1,1121172,1120708,464
77994081,57.9295,64.3384,457,36499,0.0428202,0.47,1,1121238,1120781,457
77997001,57.1859,70.4677,442,36557,0.096564,0.23,1,1121295,1120853,442
77999921,40.2372,52.4935,430,36615,0.139313,0.09,1,1121331,1120901,430
78002841,32.0474,38.4987,425,36673,0.147863,0.03,1,1121361,1120936,425
78005761,32.8095,35.6997,423,36731,0.101573,0,1,1121394,1120971,423
78008681,30.5619,31.9399,422,36789,0.0283145,0.03,1,1121424,1121002,422
78011601,41.3124,40.788,423,36846,0.0456629,0.01,1,1121468,1121045,423
78014521,26.6625,25.7576,424,36903,0.0331326,0.05,1,1121491,1121067,424
78017441,16.5325,17.9515,422,36960,0.0626265,0.03,1,1121505,1121083,422
78020361,28.9065,29.1903,422,37017,0.0205253,0.03,1,1121537,1121115,422
78023281,32.1813,32.2381,422,37074,0.0441051,0.01,1,1121570,1121148,422
78026201,25.6363,25.6476,422,37131,0.048821,0.05,1,1121594,1121172,422
78029121,58.7273,57.9295,423,37188,0.0817642,0.05,1,1121661,1121238,423
78032041,60.5454,11.5859,484,37245,0.0563528,0.11,1,1121722,1121238,484
78034961,41.7091,47.9172,464,37302,0.0832706,0.15,1,1121759,1121295,464
78037881,32.3418,38.3834,458,37359,0.104654,0.15,1,1121789,1121331,458
78040801,27.2684,31.6767,454,37416,0.140931,0.09,1,1121815,1121361,454
78043721,29.4537,32.7353,451,37472,0.164186,0.01,1,1121845,1121394,451
78046641,44.2907,30.5471,469,37528,0.136837,0.05,1,1121893,1121424,469
78049561,24.8581,41.3094,445,37584,0.131367,0.03,1,1121913,1121468,445
78052481,16.1716,26.6619,436,37640,0.130273,0.07,1,1121927,1121491,436
78055401,28.0343,16.5324,453,37696,0.130055,0.01,1,1121958,1121505,453
78058321,32.0069,28.9065,454,37752,0.0500109,0.05,1,1121991,1121537,454
78061241,25.6014,32.1813,445,37808,0.0340022,0.05,1,1122015,1121570,445
78064161,60.3203,25.6363,490,37864,0.0468004,0.09,1,1122084,1121594,490
78067081,61.6641,58.7273,485,37920,0.0173601,0.05,1,1122146,1121661,485
78070001,43.5328,60.5454,463,37976,0.075472,0.09,1,1122185,1121722,463
78072921,34.3066,41.7091,458,38032,0.135094,0.11,1,1122217,1121759,458
78075841,27.6613,32.3418,454,38088,0.179019,0.15,1,1122243,1121789,454
78078761,27.1323,27.2684,455,38143,0.203804,0.17,1,1122270,1121815,455
78081681,47.0265,29.4537,477,38198,0.224761,0.13,1,1122322,1121845,477
78084601,23.8053,44.2907,447,38253,0.228952,0.13,1,1122340,1121893,447
78087521,15.9611,24.8581,441,38308,0.22979,0.13,1,1122354,1121913,441
78090441,24.7922,16.1716,454,38363,0.245958,0.13,1,1122381,1121927,454
78093361,29.7584,28.0343,454,38418,0.233192,0.03,1,1122412,1121958,454
78096281,25.9517,32.0069,446,38473,0.214638,0.03,1,1122437,1121991,446
78099201,61.1903,25.6014,492,38528,0.194928,0.05,1,1122507,1122015,492
78102121,61.0381,60.3203,484,38583,0.206986,0.01,1,1122568,1122084,484
78105041,13.8076,61.6641,424,38638,0.225397,0.09,1,1122570,1122146,424
78107961,35.5615,43.5328,426,38693,0.181079,0.15,1,1122611,1122185,426
78110881,36.7123,34.3066,431,38748,0.204216,0.19,1,1122648,1122217,431
78113801,28.1425,27.6613,431,38803,0.208843,0.21,1,1122674,1122243,431
78116721,28.0285,27.1323,432,38857,0.177769,0.23,1,1122702,1122270,432
78119641,48.0057,47.0265,433,38911,0.187554,0.23,1,1122755,1122322,433
78122561,24.0011,23.8053,433,38965,0.221511,0.23,1,1122773,1122340,433
78125481,16.0002,15.9611,433,39019,0.228302,0.25,1,1122787,1122354,433
78128401,25.6,24.7922,434,39073,0.22966,0.23,1,1122815,1122381,434
78131321,29.12,29.7584,433,39127,0.245932,0.21,1,1122845,1122412,433
78134241,25.024,25.9517,432,39181,0.217186,0.19,1,1122869,1122437,432
78137161,60.2048,61.1903,431,39235,0.243437,0.21,1,1122938,1122507,431
78140081,60.841,61.0381,431,39289,0.248687,0.23,1,1122999,1122568,431
78143001,13.7682,13.8076,431,39343,0.249737,0.17,1,1123001,1122570,431
78145921,35.5536,35.5615,431,39397,0.265947,0.21,1,1123042,1122611,431
78148841,35.9107,36.7123,430,39451,0.28519,0.21,1,1123078,1122648,430
78151761,27.9821,28.1425,430,39505,0.289038,0.17,1,1123104,1122674,430
78154681,27.9964,28.0285,430,39558,0.305808,0.19,1,1123132,1122702,430
78157601,48.7993,48.0057,431,39611,0.325162,0.23,1,1123186,1122755,431
78160521,24.1599,24.0011,431,39664,0.329032,0.23,1,1123204,1122773,431
78163441,16.032,16.0002,431,39717,0.345806,0.23,1,1123218,1122787,431
78166361,25.6064,25.6,431,39770,0.397161,0.25,1,1123246,1122815,431
78169281,29.9213,29.12,432,39823,0.439432,0.21,1,1123277,1122845,432
78172201,25.1843,25.024,432,39876,0.447886,0.25,1,1123301,1122869,432
78175121,60.2369,60.2048,432,39929,0.433577,0.25,1,1123370,1122938,432
78178041,62.4474,60.841,434,39982,0.462716,0.25,1,1123433,1122999,434
78180961,14.0895,13.7682,434,40035,0.468543,0.27,1,1123435,1123001,434
78183881,34.8179,35.5536,433,40088,0.517709,0.27,1,1123475,1123042,433
78186801,35.7636,7.11073,469,40141,0.495542,0.29,1,1123511,1123042,469
78189721,29.5527,30.2221,461,40194,0.539108,0.29,1,1123539,1123078,461
78192641,29.1105,26.8444,464,40247,0.531822,0.31,1,1123568,1123104,464
78195561,48.2221,27.7689,489,40299,0.578364,0.33,1,1123621,1123132,489
78198481,24.0444,48.7538,453,40351,0.587673,0.33,1,1123639,1123186,453
78201401,17.6089,24.1508,451,40403,0.605535,0.35,1,1123655,1123204,451
78204321,27.5218,16.0302,467,40455,0.641107,0.41,1,1123685,1123218,467
78207241,31.9044,25.606,472,40507,0.680221,0.45,1,1123718,1123246,472
78210161,25.5809,29.9212,465,40559,0.688044,0.45,1,1123742,1123277,465
78213081,61.1162,25.1842,511,40611,0.721609,0.43,1,1123812,1123301,511
78216001,64.2232,60.2368,507,40663,0.760322,0.47,2,1123877,1123370,507
78218921,14.4446,62.4474,446,40715,0.768064,0.47,2,1123879,1123433,446
78221841,35.6889,14.0895,485,40767,0.753613,0.53,2,1123920,1123435,485
78224761,35.9378,34.8179,481,40819,0.750723,0.49,2,1123956,1123475,481
78227681,31.9876,35.7636,476,40871,0.734145,0.55,1,1123987,1123511,476
78230601,28.7975,29.5527,476,40923,0.762829,0.53,2,1124015,1123539,476
78233521,50.5595,29.1105,503,40975,0.816566,0.59,2,1124071,1123568,503
78236441,25.3119,48.2221,469,41027,0.811313,0.59,2,1124090,1123621,469
78239361,19.4624,24.0444,469,41078,0.858263,0.61,2,1124108,1123639,469
78242281,27.8925,17.6089,483,41129,0.883653,0.65,2,1124138,1123655,483
78245201,33.5785,27.5218,488,41180,0.936731,0.69,2,1124173,1123685,488
78455441,24,34,496,44719,0.79,1,2,1126588,1126092,496
78458361,41.6,54.8,482,44766,0.742,1,1,1126634,1126152,482
78461281,76.32,65.36,499,44813,0.4764,1,1,1126719,1126220,499
78464201,44.064,39.472,502,44860,0.35928,1,1,1126755,1126253,502
78467121,33.6128,34.2944,500,44907,0.335856,1,1,1126786,1126286,500
78470041,30.7226,31.6589,499,44954,0.283171,1,1,1126816,1126317,499
78472961,26.1445,35.1318,488,45001,0.208634,1,1,1126841,1126353,488
78475881,23.6289,24.6264,489,45048,0.177727,1,1,1126864,1126375,489
78478801,28.7258,34.5253,482,45095,0.123545,1,1,1126894,1126412,482
78481721,25.7452,29.3051,479,45142,0.0807091,1,1,1126919,1126440,479
78484641,27.549,23.461,485,45189,0.120142,1,1,1126947,1126462,485
78487561,14.3098,11.0922,488,45236,0.112028,1,1,1126958,1126470,488
78490481,5.26196,23.0184,465,45283,0.0624057,0.9,1,1126961,1126496,465
78493401,27.4524,33.4037,462,45330,0.0684811,0.83,1,1126994,1126532,462
78496321,27.0905,32.2807,457,45377,0.0376962,0.79,1,1127021,1126564,457
78499241,26.2181,25.6561,459,45423,0.0635392,0.73,1,1127047,1126588,459
78502161,38.8436,41.9312,455,45469,0.0687078,0.41,1,1127089,1126634,455
78505081,68.5687,76.3862,446,45515,0.0697416,0.33,1,1127165,1126719,446
78508001,40.1137,44.0772,443,45561,0.117948,0.33,1,1127198,1126755,443
78510921,29.6227,33.6155,439,45607,0.0955897,0.27,1,1127225,1126786,439
78513841,24.3245,30.7231,432,45653,0.0911179,0.19,1,1127248,1126816,432
78516761,21.6649,26.1446,428,45699,0.138224,0.17,1,1127269,1126841,428
78519681,21.133,23.6289,426,45745,0.131645,0.11,1,1127290,1126864,426
78522601,27.4266,28.7258,425,45791,0.210329,0.07,1,1127319,1126894,425
78525521,25.4853,25.7452,425,45837,0.226066,0.13,1,1127344,1126919,425
78528441,28.2971,27.549,426,45883,0.213213,0.11,1,1127373,1126947,426
78531361,13.6594,14.3098,425,45929,0.210643,0.11,1,1127383,1126958,425
78534281,4.33188,2.86196,427,45975,0.242129,0.05,1,1127385,1126958,427
78537201,27.2664,2.97239,457,46021,0.200426,0.07,1,1127418,1126961,457
78540121,25.4533,26.9945,449,46067,0.208085,0.03,1,1127443,1126994,449
78543041,25.8907,26.9989,448,46113,0.225617,0.07,1,1127469,1127021,448
78545961,37.9781,26.1998,463,46159,0.229123,0.07,1,1127510,1127047,463
78548881,69.9956,38.84,499,46205,0.181825,0.07,1,1127588,1127089,499
78551801,43.5991,68.568,460,46251,0.236365,0.13,1,1127625,1127165,460
78554721,27.9198,40.1136,451,46297,0.279273,0.09,1,1127649,1127198,451
78557641,24.784,29.6227,448,46343,0.335855,0.09,1,1127673,1127225,448
78560561,20.9568,24.3245,445,46388,0.347171,0.15,1,1127693,1127248,445
78563481,21.7914,21.6649,446,46433,0.349434,0.13,1,1127715,1127269,446
78566401,32.3583,21.133,460,46478,0.349887,0.23,1,1127750,1127290,460
78569321,25.6717,27.4266,455,46523,0.349977,0.23,1,1127774,1127319,455
78572241,29.1343,25.4853,460,46568,0.349995,0.21,1,1127804,1127344,460
78575161,13.8269,28.2971,441,46613,0.349999,0.21,1,1127814,1127373,441
78578081,4.36537,13.6594,433,46658,0.35,0.25,1,1127816,1127383,433
78581001,26.4731,4.33188,463,46703,0.366,0.19,1,1127848,1127385,463
78583921,26.8946,27.2664,457,46748,0.3692,0.21,1,1127875,1127418,457
78586841,26.1789,25.4533,458,46793,0.36984,0.23,1,1127901,1127443,458
78589761,38.0358,25.8907,473,46838,0.401968,0.23,1,1127942,1127469,473
78592681,69.2072,37.9781,509,46883,0.424394,0.17,1,1128019,1127510,509
78595601,45.8414,69.9956,471,46928,0.444879,0.25,1,1128059,1127588,471
78598521,31.5683,43.5991,462,46973,0.496976,0.29,1,1128087,1127625,462
78601441,25.5137,27.9198,462,47018,0.539395,0.35,1,1128111,1127649,462
78604361,21.1027,24.784,458,47063,0.563879,0.35,1,1128131,1127673,458
78607281,21.8205,20.9568,460,47108,0.568776,0.35,1,1128153,1127693,460
78610201,32.3641,21.7914,473,47153,0.553755,0.35,1,1128188,1127715,473
78613121,25.6728,32.3583,462,47198,0.566751,0.35,1,1128212,1127750,462
78616041,29.1346,25.6717,468,47243,0.56935,0.35,1,1128242,1127774,468
78618961,14.6269,29.1343,449,47288,0.60187,0.35,1,1128253,1127804,449
78621881,4.52538,13.8269,441,47333,0.576374,0.35,1,1128255,1127814,441
78624801,26.5051,4.36537,471,47378,0.603275,0.37,1,1128287,1127816,471
78627721,6.90102,26.4731,441,47422,0.608655,0.37,1,1128289,1127848,441
78630641,22.1802,26.8946,440,47466,0.641731,0.37,1,1128315,1127875,440
78633561,26.036,26.1789,441,47510,0.632346,0.41,1,1128342,1127901,441
78636481,38.8072,38.0358,442,47554,0.662469,0.43,1,1128384,1127942,442
78639401,70.1614,69.2072,443,47598,0.668494,0.45,1,1128462,1128019,443
78642321,49.2323,45.8414,447,47642,0.637699,0.51,1,1128506,1128059,447
78645241,33.8465,31.5683,449,47686,0.64754,0.55,1,1128536,1128087,449
78648161,26.7693,25.5137,450,47730,0.697508,0.57,1,1128561,1128111,450
78651081,21.3539,21.1027,450,47774,0.707502,0.57,1,1128581,1128131,450
78654001,21.8708,21.8205,450,47818,0.6775,0.55,1,1128603,1128153,450
78656921,31.5742,32.3641,449,47862,0.6875,0.57,1,1128637,1128188,449
78659841,26.3148,25.6728,450,47906,0.7215,0.57,1,1128662,1128212,450
78662761,30.063,29.1346,451,47950,0.7123,0.61,1,1128693,1128242,451
78665681,14.0126,14.6269,450,47994,0.71046,0.57,1,1128703,1128253,450
78668601,4.40252,4.52538,450,48038,0.742092,0.61,1,1128705,1128255,450
78671521,28.0805,26.5051,452,48082,0.748418,0.61,1,1128739,1128287,452
78674441,7.2161,6.90102,452,48126,0.717684,0.65,1,1128741,1128289,452
78677361,22.2432,22.1802,452,48170,0.759537,0.63,2,1128767,1128315,452
78680281,25.2486,26.036,451,48214,0.783907,0.67,2,1128793,1128342,451
78683201,41.0497,38.8072,454,48258,0.772781,0.67,2,1128838,1128384,454
78686121,71.4099,70.1614,455,48302,0.770556,0.63,2,1128917,1128462,455
78689041,47.882,49.2323,453,48346,0.770111,0.65,2,1128959,1128506,453
78691961,35.9764,33.8465,456,48390,0.786022,0.71,2,1128992,1128536,456
78694881,26.3953,26.7693,455,48434,0.789204,0.71,2,1129016,1128561,455
78697801,21.2791,21.3539,455,48478,0.789841,0.67,2,1129036,1128581,455
78700721,22.6558,21.8708,456,48521,0.805968,0.69,2,1129059,1128603,456
78703641,32.5312,31.5742,457,48564,0.793194,0.73,2,1129094,1128637,457
78706561,25.7062,26.3148,456,48607,0.838639,0.71,2,1129118,1128662,456
78709481,30.7412,30.063,457,48650,0.815728,0.71,2,1129150,1128693,457
78712401,14.1482,14.0126,457,48693,0.811146,0.75,2,1129160,1128703,457
78715321,4.42965,4.40252,457,48736,0.858229,0.75,2,1129162,1128705,457
78718241,28.8859,28.0805,458,48779,0.851646,0.71,2,1129197,1128739,458
78721161,7.37719,7.2161,458,48822,0.850329,0.77,2,1129199,1128741,458
78724081,22.2754,22.2432,458,48865,0.850066,0.77,2,1129225,1128767,458
78727001,25.2551,4.44864,484,48908,0.866013,0.79,2,1129251,1128767,484
78729921,40.251,21.6897,502,48951,0.885203,0.77,2,1129295,1128793,502
78989801,32,18,451,24178,0.11,0.29,1,1132160,1131709,451
78992721,31.2,30.8,448,24266,0.126,0.21,1,1132191,1131743,448
78995641,47.04,43.76,452,24353,0.0972,0.21,1,1132242,1131790,452
78998561,67.808,48.752,475,24440,0.09144,0.13,1,1132315,1131840,475
79001481,63.1616,71.3504,460,24527,0.154288,0.11,1,1132377,1131917,460
79004401,55.8323,55.8701,462,24613,0.166858,0.09,1,1132431,1131969,462
79007321,55.1665,64.774,450,24699,0.121372,0.11,1,1132486,1132036,450
79010241,67.0333,56.1548,466,24785,0.176274,0.11,1,1132556,1132090,466
79013161,38.2067,67.231,427,24871,0.219255,0.13,1,1132587,1132160,427
79016081,33.2413,38.2462,428,24956,0.243851,0.09,1,1132619,1132191,428
79019001,44.2483,48.4492,424,25041,0.26477,0.09,1,1132666,1132242,424
79021921,70.4497,68.0898,428,25126,0.268954,0.17,1,1132743,1132315,428
79024841,65.2899,63.218,430,25210,0.285791,0.17,1,1132807,1132377,430
79027761,56.258,55.8436,430,25294,0.305158,0.11,1,1132861,1132431,430
79030681,52.8516,55.1687,427,25378,0.325032,0.19,1,1132913,1132486,427
79033601,68.1703,67.0337,429,25461,0.329006,0.19,1,1132985,1132556,429
79036521,39.2341,13.4067,461,25544,0.297801,0.23,1,1133017,1132556,461
79039441,34.2468,27.4814,463,25627,0.29156,0.25,1,1133050,1132587,463
79042361,45.2494,31.0963,479,25710,0.322312,0.27,1,1133098,1132619,479
79045281,72.2499,43.8193,511,25792,0.376462,0.27,1,1133177,1132666,511
79048201,64.85,70.3639,497,25874,0.435292,0.29,1,1133240,1132743,497
79051121,56.97,65.2728,488,25956,0.495058,0.31,1,1133295,1132807,488
79054041,53.794,56.2546,487,26038,0.539012,0.33,1,1133348,1132861,487
79056961,68.3588,52.8509,507,26119,0.547802,0.33,1,1133420,1132913,507
79059881,40.0718,68.1702,468,26200,0.54956,0.29,1,1133453,1132985,468
79062801,33.6144,39.234,468,26281,0.597912,0.29,1,1133485,1133017,468
79065721,46.7229,34.2468,485,26362,0.623582,0.33,1,1133535,1133050,485
79068641,74.9446,45.2494,519,26442,0.708717,0.39,1,1133617,1133098,519
79071561,67.7889,72.2499,506,26522,0.709743,0.45,1,1133683,1133177,506
79074481,60.7578,64.85,502,26602,0.741949,0.51,1,1133742,1133240,502
79077401,55.3516,56.97,501,26682,0.79639,0.55,2,1133796,1133295,501
79080321,68.6703,53.794,520,26761,0.839278,0.55,2,1133868,1133348,520
79083241,41.7341,68.3588,483,26840,0.879856,0.55,2,1133903,1133420,483
79086161,9.94681,40.0718,452,26919,0.887971,0.61,2,1133905,1133453,452
79089081,27.5894,33.6144,452,26998,0.905594,0.63,2,1133937,1133485,452
79220481,36,33,503,30325,0.79,1,2,1136321,1135818,503
79223401,24.8,29.8,496,30395,0.63,1,1,1136343,1135847,496
79226321,27.36,26.76,498,30465,0.534,1,1,1136371,1135873,498
79229241,52.672,67.752,479,30534,0.2428,1,1,1136430,1135951,479
79232161,47.3344,35.9504,497,30603,0.08856,1,1,1136476,1135979,497
79235081,44.6669,55.1901,481,30672,0.057712,0.96,1,1136520,1136039,481
79238001,73.7334,63.838,496,30741,0.0195424,1,1,1136601,1136105,496
79240921,39.5467,50.3676,480,30810,0.0279085,0.93,1,1136632,1136152,480
79243841,71.9093,86.8735,464,30879,0.0055817,0.83,1,1136712,1136248,464
79246761,36.7819,46.9747,455,30948,0.00911634,0.79,1,1136740,1136285,455
79249681,32.9564,38.1949,451,31016,0.00982327,0.59,1,1136772,1136321,451
79252601,21.7913,25.239,448,31084,0.0259647,0.51,1,1136791,1136343,448
79255521,21.9583,27.4478,442,31152,0.0451929,0.17,1,1136813,1136371,442
79258441,41.9917,52.6896,430,31220,0.0650386,0.05,1,1136860,1136430,430
79261361,39.5983,47.3379,423,31288,0.0690077,0.05,1,1136899,1136476,423
79264281,44.7197,9.46758,469,31356,0.0378015,0.05,1,1136945,1136476,469
79267201,70.5439,37.0935,502,31423,0.00756031,0.01,1,1137022,1136520,502
79270121,38.9088,72.2187,452,31490,0.0415121,0.03,1,1137053,1136601,452
79273041,72.5818,39.2437,502,31557,0.00830241,0,1,1137134,1136632,502
79275961,37.7164,71.8487,451,31624,0.0256605,0.01,1,1137163,1136712,451
79278881,31.5433,36.7697,453,31691,0.0611321,0.01,1,1137193,1136740,453
79281801,21.5087,32.9539,440,31758,0.0202264,0.03,1,1137212,1136772,440
79284721,22.7017,21.7908,444,31825,0.0600453,0.05,1,1137235,1136791,444
79287641,43.7403,21.9582,471,31891,0.100009,0.07,1,1137284,1136813,471
79290561,37.5481,41.9916,460,31957,0.0760018,0.07,1,1137320,1136860,460
79293481,46.7096,39.5983,470,32023,0.0392004,0.03,1,1137369,1136899,470
79296401,68.5419,44.7197,498,32089,0.0158401,0,1,1137443,1136945,498
79299321,39.3084,70.5439,453,32155,0.043168,0.05,1,1137475,1137022,453
79302241,72.6617,38.9088,503,32221,0.0326336,0,1,1137556,1137053,503
79305161,39.3323,72.5818,453,32287,0.0305267,0.03,1,1137587,1137134,453
79308081,30.2665,37.7164,452,32353,0.0461053,0.07,1,1137615,1137163,452
79311001,21.2533,31.5433,441,32418,0.0652211,0.01,1,1137634,1137193,441
79313921,24.2507,21.5087,447,32483,0.0530442,0.07,1,1137659,1137212,447
79316841,45.6501,22.7017,475,32548,0.0666088,0.11,1,1137710,1137235,475
79319761,36.33,43.7403,460,32613,0.0853218,0.07,1,1137744,1137284,460
79322681,45.666,37.5481,472,32678,0.0730643,0.03,1,1137792,1137320,472
79325601,67.5332,46.7096,496,32743,0.0226129,0.01,1,1137865,1137369,496
79328521,15.1066,68.5419,424,32808,0.00452257,0.05,1,1137867,1137443,424
79331441,27.8213,39.3084,423,32872,0.0409045,0.03,1,1137898,1137475,423
79334361,69.5643,72.6617,422,32936,0.0801809,0.03,1,1137978,1137556,422
79337281,40.3129,39.3323,424,33000,0.0560362,0.05,1,1138011,1137587,424
79340201,30.4626,30.2665,424,33064,0.0192072,0.07,1,1138039,1137615,424
79343121,22.0925,21.2533,425,33128,0.0118414,0.05,1,1138059,1137634,425
79346041,24.4185,24.2507,425,33192,0.0423683,0.07,1,1138084,1137659,425
79348961,45.6837,45.6501,425,33256,0.0644737,0.09,1,1138135,1137710,425
79351881,37.1367,36.33,426,33320,0.132895,0.07,1,1138170,1137744,426
79354801,43.4273,45.666,423,33383,0.0665789,0.01,1,1138215,1137792,423
79357721,67.0855,67.5332,423,33446,0.0133158,0,1,1138288,1137865,423
79360641,15.0171,15.1066,423,33509,0.00266316,0.05,1,1138290,1137867,423
79363561,27.0034,27.8213,422,33572,0.0565326,0.09,1,1138320,1137898,422
79366481,71.8007,69.5643,425,33635,0.0513065,0.05,1,1138403,1137978,425
79369401,38.3601,40.3129,422,33698,0.0982613,0.01,1,1138433,1138011,422
79372321,30.072,30.4626,422,33761,0.107652,0.01,1,1138461,1138039,422
79375241,22.0144,22.0925,422,33824,0.10953,0.05,1,1138481,1138059,422
79378161,24.4029,24.4185,422,33887,0.141906,0.07,1,1138506,1138084,422
79381081,48.0806,45.6837,425,33949,0.148381,0.15,1,1138560,1138135,425
79384001,39.2161,37.1367,427,34011,0.181676,0.05,1,1138597,1138170,427
79386921,39.8432,43.4273,422,34073,0.172335,0,1,1138637,1138215,422
79389841,66.3686,67.0855,422,34135,0.154467,0,1,1138710,1138288,422
79392761,14.8737,15.0171,422,34197,0.118893,0.07,1,1138712,1138290,422
79395681,27.7747,27.0034,423,34259,0.0957787,0.07,1,1138743,1138320,423
79398601,71.955,5.40068,506,34321,0.0751557,0.05,1,1138826,1138320,506
79401521,39.191,67.4801,454,34383,0.0550311,0.11,1,1138857,1138403,454
79404441,30.2382,37.496,452,34444,0.0830062,0.11,1,1138885,1138433,452
79407361,22.0476,29.8992,444,34505,0.120601,0.11,1,1138905,1138461,444
79410281,26.0095,21.9798,451,34566,0.16012,0.15,1,1138932,1138481,451
79413201,50.0019,24.396,482,34627,0.168024,0.15,1,1138988,1138506,482
79416121,41.2004,48.0792,467,34688,0.217605,0.19,1,1139027,1138560,467
79419041,39.4401,39.2158,469,34749,0.227521,0.17,1,1139066,1138597,469
79421961,62.288,39.8432,497,34810,0.245504,0.15,1,1139134,1138637,497
79424881,14.0576,66.3686,426,34871,0.249101,0.11,1,1139136,1138710,426
79427801,26.8115,14.8737,454,34932,0.24982,0.09,1,1139166,1138712,454
79430721,72.5623,27.7747,507,34993,0.313964,0.07,1,1139250,1138743,507
79433641,38.5125,71.955,454,35053,0.342793,0.05,1,1139280,1138826,454
79436561,32.5025,39.191,454,35113,0.380559,0.09,1,1139311,1138857,454
79439481,23.3005,30.2382,447,35173,0.372112,0.13,1,1139332,1138885,447
79442401,27.8601,22.0476,456,35233,0.354422,0.17,1,1139361,1138905,456
79445321,51.172,26.0095,486,35293,0.398884,0.17,1,1139418,1138932,486
79448241,43.8344,50.0019,472,35353,0.407777,0.23,1,1139460,1138988,472
79451161,39.9669,41.2004,472,35413,0.393555,0.23,1,1139499,1139027,472
79454081,62.3934,39.4401,501,35473,0.438711,0.25,1,1139567,1139066,501
79457001,14.0787,62.288,435,35533,0.447742,0.25,1,1139569,1139134,435
79459921,27.6157,14.0576,464,35592,0.433548,0.25,1,1139600,1139136,464
79462841,75.1231,26.8115,521,35651,0.44671,0.33,1,1139687,1139166,521
79465761,16.6246,72.5623,439,35710,0.449342,0.35,1,1139689,1139250,439
79468681,27.3249,38.5125,439,35769,0.449868,0.39,1,1139719,1139280,439
79471601,31.865,32.5025,441,35828,0.465974,0.37,1,1139752,1139311,441
79474521,22.373,23.3005,440,35887,0.469195,0.35,1,1139772,1139332,440
79477441,27.6746,27.8601,440,35946,0.501839,0.41,1,1139801,1139361,440
79480361,52.7349,51.172,442,36005,0.492368,0.41,1,1139860,1139418,442
79483281,44.147,43.8344,442,36064,0.554474,0.39,1,1139902,1139460,442
79486201,39.2294,39.9669,441,36123,0.598895,0.45,1,1139940,1139499,441
79489121,64.6459,62.3934,444,36182,0.623779,0.45,1,1140011,1139567,444
79492041,14.5292,14.0787,444,36240,0.628756,0.43,1,1140013,1139569,444
79494961,26.9058,27.6157,443,36298,0.645751,0.45,1,1140043,1139600,443
79497881,75.7812,75.1231,444,36356,0.68115,0.45,1,1140131,1139687,444
79500801,16.7562,16.6246,444,36414,0.68823,0.45,1,1140133,1139689,444
79503721,27.3512,27.3249,444,36472,0.689646,0.47,1,1140163,1139719,444
79506641,32.6702,31.865,445,36530,0.705929,0.47,1,1140197,1139752,445
79509561,23.3341,22.373,446,36588,0.725186,0.51,1,1140218,1139772,446
79512481,27.0668,27.6746,445,36646,0.729037,0.49,1,1140246,1139801,445
79515401,54.2134,52.7349,447,36704,0.745807,0.57,1,1140307,1139860,447
79518321,45.2427,44.147,448,36762,0.749161,0.61,1,1140350,1139902,448
79521241,41.0485,39.2294,450,36819,0.781832,0.63,2,1140390,1139940,450
79524161,65.8097,64.6459,451,36876,0.820366,0.63,2,1140462,1140011,451
79527081,14.7619,14.5292,451,36933,0.828073,0.65,2,1140464,1140013,451
79530001,27.7524,26.9058,452,36990,0.877615,0.69,2,1140495,1140043,452
79532921,79.1505,75.7812,456,37047,0.887523,0.69,2,1140587,1140131,456
79535841,17.4301,16.7562,456,37104,0.889505,0.69,2,1140589,1140133,456
79538761,27.486,27.3512,456,37161,0.889901,0.69,2,1140619,1140163,456
79541681,32.6972,5.47025,490,37218,0.85798,0.71,2,1140653,1140163,490
79544601,22.5394,28.2941,476,37275,0.851596,0.73,2,1140673,1140197,476
79547521,28.5079,22.4588,485,37332,0.850319,0.73,2,1140703,1140218,485
79550441,54.5016,26.8918,518,37389,0.898064,0.75,2,1140764,1140246,518
79553361,46.1003,54.1784,501,37446,0.923613,0.75,2,1140808,1140307,501
79782581,111,94,583,20227,0.41,1,1,1145233,1144650,583
79785501,99,109.2,566,20332,0.298,1,1,1145329,1144763,566
79788421,92.6,100.24,559,20436,0.1956,0.98,1,1145420,1144861,559
79791341,40.12,89.648,499,20540,0.14312,0.95,1,1145447,1144948,499
79794261,33.624,45.9296,496,20643,0.068624,0.93,1,1145479,1144983,496
79797181,83.5248,38.7859,555,20746,0.0537248,0.71,1,1145575,1145020,555
79800101,92.705,89.3572,548,20848,0.066745,0.41,1,1145670,1145122,548
79803021,92.141,106.671,529,20950,0.101349,0.27,1,1145762,1145233,529
79805941,87.2282,98.1343,519,21051,0.0922698,0.17,1,1145848,1145329,519
79808861,19.0456,92.4269,430,21152,0.122454,0.13,1,1145850,1145420,430
79811781,23.0091,40.0854,427,21252,0.144491,0.05,1,1145874,1145447,427
79814701,28.6018,33.6171,425,21352,0.132898,0.05,1,1145904,1145479,425
79817621,80.9204,83.5234,423,21451,0.17858,0.07,1,1145998,1145575,423
79820541,92.1841,92.7047,423,21550,0.203716,0.11,1,1146093,1145670,423
79823461,95.2368,92.1409,427,21648,0.160743,0.09,1,1146189,1145762,427
79826381,87.0474,87.2282,426,21746,0.248149,0.13,1,1146274,1145848,426
79829301,19.0095,19.0456,426,21844,0.26563,0.15,1,1146276,1145850,426
79832221,24.6019,23.0091,428,21941,0.285126,0.13,1,1146302,1145874,428
79835141,28.9204,28.6018,428,22038,0.273025,0.19,1,1146332,1145904,428
79838061,81.7841,80.9204,429,22134,0.334605,0.21,1,1146427,1145998,429
79840981,93.1568,92.1841,430,22230,0.346921,0.15,1,1146523,1146093,430
79843901,95.4314,95.2368,430,22325,0.365384,0.27,1,1146619,1146189,430
79846821,89.4863,87.0474,433,22420,0.401077,0.27,1,1146707,1146274,433
79849741,19.4973,19.0095,433,22515,0.408215,0.27,1,1146709,1146276,433
79852661,24.6995,3.80189,459,22609,0.425643,0.29,1,1146735,1146276,459
79855581,29.7399,21.5604,464,22703,0.461129,0.27,1,1146766,1146302,464
79858501,85.148,28.3121,533,22796,0.468226,0.35,1,1146865,1146332,533
79861421,93.8296,81.6624,534,22889,0.533645,0.35,1,1146961,1146427,534
79864341,94.7659,93.1325,533,22982,0.546729,0.37,1,1147056,1146523,533
79867261,93.3532,95.4265,530,23074,0.629346,0.41,1,1147149,1146619,530
79870181,20.2706,89.4853,444,23166,0.645869,0.41,1,1147151,1146707,444
79873101,24.8541,19.4971,468,23258,0.649174,0.43,1,1147177,1146709,468
79876021,31.3708,24.6994,475,23349,0.633835,0.47,1,1147210,1146735,475
79878941,85.4742,29.7399,543,23440,0.694767,0.47,1,1147309,1146766,543
79881861,97.0948,85.148,544,23530,0.690953,0.55,1,1147409,1146865,544
79884781,95.419,93.8296,543,23620,0.722191,0.55,1,1147504,1146961,543
79887701,97.4838,94.7659,546,23710,0.760438,0.65,2,1147602,1147056,546
79890621,21.0968,93.3532,455,23799,0.768088,0.65,2,1147604,1147149,455
79893541,25.0194,20.2706,479,23888,0.769618,0.65,2,1147630,1147151,479
79896461,30.6039,24.8541,485,23977,0.785924,0.63,2,1147662,1147177,485
79899381,7.72077,31.3708,454,24065,0.805185,0.71,2,1147664,1147210,454
79902301,83.1442,85.4742,457,24153,0.825037,0.69,2,1147766,1147309,457
79905221,95.8288,97.0948,456,24241,0.861007,0.73,2,1147865,1147409,456
80001581,31,103,502,26974,0.67,1,1,1149774,1149272,502
80004501,65.4,98.2,479,27053,0.59,1,1,1149848,1149369,479
80007421,97.08,102.84,480,27131,0.398,1,1,1149953,1149473,480
80010341,37.816,39.768,479,27209,0.4076,0.99,1,1149976,1149497,479
80013261,29.9632,26.3536,484,27287,0.37752,1,1,1150004,1149520,484
80016181,35.5926,27.6707,493,27365,0.323504,1,1,1150041,1149548,493
80019101,31.1185,31.9341,490,27442,0.248701,0.76,1,1150071,1149581,490
80022021,44.6237,60.7868,470,27519,0.29774,0.75,1,1150119,1149649,470
80024941,74.5247,87.3574,458,27596,0.307548,0.67,1,1150201,1149743,458
80027861,36.5049,42.2715,454,27673,0.32551,0.57,1,1150228,1149774,454
80030781,63.301,67.6543,450,27750,0.377102,0.35,1,1150298,1149848,450
80033701,88.6602,97.5309,440,27826,0.43542,0.41,1,1150393,1149953,440
80036621,35.332,37.9062,439,27902,0.415084,0.37,1,1150415,1149976,439
80039541,27.8664,29.9812,437,27978,0.427017,0.31,1,1150441,1150004,437
80042461,35.1733,35.5962,437,28054,0.445403,0.23,1,1150478,1150041,437
80045381,31.0347,31.1192,437,28129,0.417081,0.31,1,1150508,1150071,437
80048301,43.0069,44.6239,435,28204,0.459416,0.31,1,1150554,1150119,435
80051221,74.2014,74.5248,435,28279,0.531883,0.33,1,1150636,1150201,435
80054141,38.0403,36.505,437,28354,0.530377,0.33,1,1150665,1150228,437
80057061,65.2081,7.30099,509,28429,0.530075,0.39,1,1150737,1150228,509
80059981,90.6416,57.4602,536,28503,0.578015,0.45,1,1150834,1150298,536
80062901,35.7283,87.492,463,28577,0.587603,0.41,1,1150856,1150393,463
80065821,27.1457,35.0984,466,28651,0.589521,0.43,1,1150881,1150415,466
80068741,35.8291,27.8197,478,28725,0.605904,0.45,1,1150919,1150441,478
80071661,31.1658,35.1639,471,28799,0.641181,0.41,1,1150949,1150478,471
80074581,43.8332,31.0328,488,28873,0.680236,0.47,1,1150996,1150508,488
80077501,77.5666,43.0066,528,28946,0.720047,0.55,1,1151082,1150554,528
80080421,37.9133,74.2013,474,29019,0.744009,0.53,1,1151110,1150636,474
80083341,68.3827,38.0403,521,29092,0.764802,0.53,2,1151186,1150665,521
80086261,92.0765,65.2081,547,29165,0.75296,0.59,2,1151284,1150737,547
80089181,36.0153,90.6416,472,29238,0.782592,0.59,2,1151306,1150834,472
80092101,27.2031,35.7283,475,29310,0.772518,0.59,2,1151331,1150856,475
80095021,36.6406,27.1457,489,29382,0.786504,0.61,2,1151370,1150881,489
80097941,32.9281,35.8291,483,29454,0.821301,0.65,2,1151402,1150919,483
80100861,45.7856,31.1658,502,29526,0.82826,0.69,2,1151451,1150949,502
80103781,79.5571,43.8332,543,29598,0.845652,0.73,2,1151539,1150996,543
80106701,39.1114,77.5666,486,29670,0.84913,0.75,2,1151568,1151082,486
80109621,69.4223,37.9133,535,29741,0.849826,0.77,2,1151645,1151110,535
80112541,91.4845,68.3827,556,29812,0.849965,0.75,2,1151742,1151186,556
80115461,19.8969,92.0765,460,29883,0.849993,0.79,2,1151744,1151284,460
80118381,22.3794,36.0153,461,29954,0.913999,0.77,2,1151767,1151306,461
80121301,23.6759,27.2031,460,30025,0.9268,0.79,2,1151791,1151331,460
80124221,36.7352,36.6406,461,30095,0.94536,0.83,2,1151831,1151370,461
80235181,25,24,502,32661,0.79,1,2,1153680,1153178,502
80238101,26.6,18.4,512,32726,0.774,1,2,1153707,1153195,512
80241021,33.32,23.68,522,32791,0.6748,1,1,1153742,1153220,522
80243941,15.464,25.536,507,32856,0.63896,1,1,1153753,1153246,507
80246861,19.8928,33.1072,493,32920,0.599792,1,1,1153774,1153281,493
80249781,47.1786,57.0214,484,32984,0.511958,1,1,1153828,1153344,484
80252701,74.2357,65.8043,497,33048,0.398392,1,1,1153909,1153412,497
80255621,39.6471,46.7609,486,33112,0.279678,1,1,1153940,1153454,486
80258541,75.1294,85.3522,475,33176,0.255936,0.93,1,1154024,1153549,475
80261461,65.4259,75.4704,465,33240,0.203187,0.83,1,1154087,1153622,465
80264381,35.4852,41.4941,460,33304,0.160637,0.79,1,1154115,1153655,460
80267301,28.697,28.2988,462,33368,0.168127,0.77,1,1154142,1153680,462
80270221,25.7394,27.2598,460,33431,0.153626,0.65,1,1154167,1153707,460
80273141,26.7479,33.452,452,33494,0.150725,0.63,1,1154194,1153742,452
80276061,13.3496,15.4904,451,33557,0.150145,0.59,1,1154204,1153753,451
80278981,18.6699,19.8981,450,33620,0.134029,0.49,1,1154224,1153774,450
80281901,41.334,47.1796,443,33683,0.178806,0.37,1,1154271,1153828,443
80284821,67.4668,74.2359,436,33746,0.187761,0.25,1,1154345,1153909,436
80287741,37.4934,39.6472,435,33809,0.189552,0.25,1,1154375,1153940,435
80290661,73.0987,75.1294,433,33872,0.20591,0.19,1,1154457,1154024,433
80293581,64.2197,65.4259,432,33934,0.257182,0.15,1,1154519,1154087,432
80296501,32.8439,35.4852,429,33996,0.219436,0.17,1,1154544,1154115,429
80299421,28.9688,28.697,430,34058,0.243887,0.15,1,1154572,1154142,430
80302341,24.9938,25.7394,429,34120,0.232777,0.15,1,1154596,1154167,429
80305261,26.5988,26.7479,429,34182,0.262555,0.15,1,1154623,1154194,429
80308181,11.7198,13.3496,427,34244,0.268511,0.15,1,1154631,1154204,427
80311101,18.3439,2.66992,447,34306,0.285702,0.13,1,1154651,1154204,447
80314021,42.0688,16.534,475,34368,0.28914,0.19,1,1154699,1154224,475
80316941,69.2138,40.9068,504,34430,0.321828,0.19,1,1154775,1154271,504
80319861,36.2428,67.3814,458,34491,0.344366,0.19,1,1154803,1154345,458
80322781,75.2485,37.4763,513,34552,0.380873,0.21,1,1154888,1154375,513
80325701,65.4497,73.0953,494,34613,0.404175,0.27,1,1154951,1154457,494
80328621,32.2899,64.2191,456,34674,0.408835,0.21,1,1154975,1154519,456
80331541,28.858,32.8438,459,34735,0.425767,0.25,1,1155003,1154544,459
80334461,26.5716,28.9688,457,34796,0.397153,0.23,1,1155029,1154572,457
80337381,27.7143,24.9938,461,34857,0.407431,0.27,1,1155057,1154596,461
80340301,12.7429,26.5988,443,34918,0.425486,0.27,1,1155066,1154623,443
80343221,18.5486,11.7197,455,34979,0.429097,0.29,1,1155086,1154631,455
80346141,42.9097,18.3439,484,35039,0.445819,0.29,1,1155135,1154651,484
80349061,70.9819,42.0688,514,35099,0.481164,0.33,1,1155213,1154699,514
80351981,36.5964,69.2138,466,35159,0.472233,0.35,1,1155241,1154775,466
80354901,76.9193,36.2428,525,35219,0.518447,0.39,1,1155328,1154803,525
80357821,66.5839,75.2485,504,35279,0.559689,0.41,1,1155392,1154888,504
80360741,33.3168,65.4497,466,35339,0.599938,0.41,1,1155417,1154951,466
80363661,29.0634,32.2899,470,35399,0.607988,0.43,1,1155445,1154975,470
80366581,25.0127,28.858,466,35459,0.609598,0.39,1,1155469,1155003,466
80369501,28.2025,26.5716,469,35519,0.609919,0.41,1,1155498,1155029,469
80372421,13.6405,27.7143,451,35579,0.609984,0.43,1,1155508,1155057,451
80375341,18.7281,12.7429,462,35638,0.625997,0.43,1,1155528,1155066,462
80378261,42.1456,18.5486,490,35697,0.645199,0.45,1,1155576,1155086,490
80381181,10.0291,42.9097,443,35756,0.64904,0.49,1,1155578,1155135,443
80384101,65.2058,70.9819,444,35815,0.697808,0.47,1,1155657,1155213,444
80387021,36.2412,36.5964,445,35874,0.739562,0.53,1,1155686,1155241,445
80389941,79.2482,76.9193,448,35933,0.779912,0.57,2,1155776,1155328,448
80392861,69.4496,66.5839,451,35992,0.803982,0.61,2,1155843,1155392,451
80395781,34.6899,33.3168,452,36051,0.808797,0.61,2,1155869,1155417,452
80398701,29.338,29.0634,452,36110,0.841759,0.61,2,1155897,1155445,452
80401621,25.0676,25.0127,452,36169,0.880352,0.61,2,1155921,1155469,452
80404541,28.2135,28.2025,452,36227,0.92007,0.61,2,1155950,1155498,452
80407461,13.6427,13.6405,452,36285,0.896014,0.63,2,1155960,1155508,452
80410381,19.5285,18.7281,453,36343,0.939203,0.65,2,1155981,1155528,453
80413301,43.1057,42.1456,454,36401,0.899841,0.65,2,1156030,1155576,454
80416221,10.2211,10.0291,454,36459,0.923968,0.71,2,1156032,1155578,454
80576821,28,30,487,39522,0.67,1,1,1158243,1157756,487
80579741,33.6,33.2,488,39575,0.638,1,1,1158278,1157790,488
80582661,31.52,30.64,489,39628,0.5996,1,1,1158309,1157820,489
80585581,32.704,30.928,491,39681,0.55992,0.94,1,1158342,1157851,491
80588501,31.3408,30.1856,492,39734,0.487984,1,1,1158373,1157881,492
80591421,33.4682,22.0371,506,39787,0.457597,1,1,1158407,1157901,506
80594341,22.6936,29.2074,495,39840,0.467519,1,1,1158427,1157932,495
80597261,24.5387,33.0415,486,39893,0.469504,1,1,1158452,1157966,486
80600181,38.5077,51.4083,472,39946,0.437901,1,1,1158494,1158022,472
80603101,33.3015,35.8817,472,39999,0.39958,1,1,1158526,1158054,472
80606021,29.0603,27.9763,474,40052,0.407916,0.91,1,1158554,1158080,474
80608941,53.0121,60.7953,464,40105,0.409583,0.91,1,1158613,1158149,464
80611861,59.4024,12.1591,525,40158,0.409917,0.75,1,1158674,1158149,525
80614781,33.4805,55.2318,486,40211,0.425983,0.67,1,1158701,1158215,486
80617701,32.2961,33.4464,490,40264,0.461197,0.63,1,1158733,1158243,490
80620621,28.0592,34.6893,482,40316,0.388239,0.59,1,1158760,1158278,482
80623541,28.0118,31.7379,479,40368,0.389648,0.55,1,1158788,1158309,479
80626461,28.8024,32.7476,475,40420,0.45393,0.47,1,1158817,1158342,475
80629381,31.3605,31.3495,476,40472,0.434786,0.45,1,1158849,1158373,476
80632301,20.6721,33.4699,460,40524,0.462957,0.47,1,1158867,1158407,460
80635221,24.1344,22.694,465,40576,0.468591,0.47,1,1158892,1158427,465
80638141,38.4269,24.5388,482,40628,0.485718,0.43,1,1158934,1158452,482
80641061,32.4854,38.5078,471,40680,0.521144,0.39,1,1158965,1158494,471
80643981,30.4971,33.3016,469,40732,0.560229,0.41,1,1158995,1158526,469
80646901,53.2994,29.0603,500,40784,0.584046,0.41,1,1159054,1158554,500
80649821,59.4599,53.0121,502,40836,0.572809,0.41,1,1159115,1158613,502
80652741,34.292,59.4024,469,40888,0.602562,0.43,1,1159143,1158674,469
80655661,32.4584,33.4805,474,40940,0.624512,0.47,1,1159175,1158701,474
80658581,25.6917,32.2961,466,40992,0.628902,0.37,1,1159199,1158733,466
80661501,32.3383,28.0592,473,41044,0.661781,0.39,1,1159233,1158760,473
80664421,28.8677,28.0118,473,41095,0.700356,0.47,1,1159261,1158788,473
80667341,31.3735,28.8024,476,41146,0.724071,0.43,1,1159293,1158817,476
80670261,21.4747,31.3605,463,41197,0.712814,0.47,1,1159312,1158849,463
80673181,23.4949,20.6721,469,41248,0.710563,0.47,1,1159336,1158867,469
80676101,39.099,24.1344,487,41299,0.774113,0.49,2,1159379,1158892,487
80679021,34.2198,38.4269,478,41350,0.802823,0.53,2,1159412,1158934,478
80681941,32.444,32.4854,479,41401,0.776564,0.57,2,1159444,1158965,479
80684861,54.4888,30.4971,509,41452,0.803313,0.59,2,1159504,1158995,509
80687781,59.6978,53.2994,511,41503,0.840663,0.57,2,1159565,1159054,511
80690701,13.5396,59.4599,452,41554,0.816132,0.61,2,1159567,1159115,452
80693621,25.9079,34.292,453,41605,0.827226,0.63,2,1159596,1159143,453
80696541,30.7816,32.4584,453,41656,0.845445,0.63,2,1159628,1159175,453
80699461,25.3563,25.6917,453,41707,0.849089,0.67,2,1159652,1159199,453
80702381,35.4713,32.3383,457,41758,0.881818,0.71,2,1159690,1159233,457
80705301,29.4943,28.8677,457,41809,0.936364,0.73,2,1159718,1159261,457
81020661,93,115,480,21370,0.09,0.43,1,1163413,1162933,480
81023581,72.2,76.6,480,21469,0.09,0.39,1,1163480,1163000,480
81026501,65.64,64.12,483,21568,0.138,0.29,1,1163544,1163061,483
81029421,56.328,75.224,459,21666,0.1476,0.09,1,1163598,1163139,459
81032341,43.2656,63.8448,438,21764,0.13352,0.09,1,1163638,1163200,438
81035261,36.6531,40.769,438,21861,0.194704,0.09,1,1163673,1163235,438
81038181,65.7306,76.1538,426,21958,0.286941,0.09,1,1163746,1163320,426
81041101,87.5461,89.6308,426,22055,0.305388,0.09,1,1163839,1163413,426
81044021,71.9092,71.5262,427,22151,0.325078,0.15,1,1163907,1163480,427
81046941,67.1818,65.5052,429,22247,0.345016,0.15,1,1163973,1163544,429
81049861,55.0364,56.301,427,22342,0.381003,0.13,1,1164025,1163598,427
81052781,42.2073,43.2602,426,22437,0.404201,0.21,1,1164064,1163638,426
81055701,39.6415,36.652,430,22532,0.44084,0.21,1,1164103,1163673,430
81058621,70.3283,7.33041,508,22626,0.432168,0.31,1,1164181,1163673,508
81061541,89.2657,59.8661,529,22720,0.446434,0.31,1,1164275,1163746,529
81064461,71.4531,86.3732,503,22813,0.497287,0.33,1,1164342,1163839,503
81067381,69.4906,71.6746,504,22906,0.539457,0.35,1,1164411,1163907,504
81070301,57.0981,67.1349,492,22999,0.595891,0.39,1,1164465,1163973,492
81073221,43.4196,55.027,480,23091,0.607178,0.41,1,1164505,1164025,480
81076141,39.8839,42.2054,480,23183,0.641436,0.45,1,1164544,1164064,480
81079061,71.1768,39.6411,520,23274,0.664287,0.43,1,1164623,1164103,520
81081981,90.2354,70.3282,537,23365,0.716857,0.45,1,1164718,1164181,537
81084901,74.0471,89.2656,513,23456,0.695371,0.51,1,1164788,1164275,513
81087821,71.6094,71.4531,517,23546,0.739074,0.55,1,1164859,1164342,517
81090741,59.9219,69.4906,505,23636,0.811815,0.61,2,1164916,1164411,505
81093661,43.9844,57.0981,491,23726,0.842363,0.61,2,1164956,1164465,491
81096581,41.5969,43.4196,492,23815,0.832473,0.65,2,1164997,1164505,492
81099501,73.1194,39.8839,534,23904,0.894495,0.67,2,1165078,1164544,534
81102421,16.2239,71.1768,457,23993,0.874899,0.73,2,1165080,1164623,457
81105341,80.0448,90.2354,458,24081,0.88698,0.69,2,1165176,1164718,458
81108261,70.409,74.0471,456,24169,0.905396,0.75,2,1165244,1164788,456
81111181,74.0818,71.6094,460,24257,0.925079,0.83,2,1165319,1164859,460
81114101,62.8164,59.9219,463,24344,0.913016,0.85,2,1165379,1164916,463
81117021,45.3633,43.9844,464,24431,0.942603,0.83,2,1165420,1164956,464
81119941,41.0727,41.5969,463,24518,0.948521,0.91,2,1165460,1164997,463
81122861,74.6145,73.1194,465,24604,0.949704,0.87,2,1165543,1165078,465
81125781,16.5229,16.2239,465,24690,0.949941,0.89,2,1165545,1165080,465
81216301,55,39,498,27224,0.63,1,1,1167371,1166873,498
81219221,56.6,67,481,27302,0.502,1,1,1167428,1166947,481
81222141,48.12,43,490,27380,0.3324,1,1,1167474,1166984,490
81225061,60.024,67,480,27457,0.25048,1,1,1167537,1167057,480
81227981,79.2048,71,492,27534,0.122096,1,1,1167621,1167129,492
81230901,56.641,69.4,474,27611,0.0644192,0.97,1,1167672,1167198,474
81233821,23.3282,29.88,469,27688,0.0688838,0.81,1,1167687,1167218,469
81236741,42.2656,51.576,459,27764,0.101777,0.69,1,1167734,1167275,459
81239661,39.6531,43.1152,457,27840,0.0283554,0.63,1,1167773,1167316,457
81242581,47.9306,52.623,452,27916,0.0616711,0.47,1,1167823,1167371,452
81245501,47.9861,56.1246,443,27992,0.0683342,0.29,1,1167871,1167428,443
81248421,43.1972,48.0249,439,28068,0.101667,0.23,1,1167913,1167474,439
81251341,52.6394,60.005,431,28143,0.0443334,0.09,1,1167968,1167537,431
81254261,73.7279,79.201,426,28218,0.0968667,0.05,1,1168047,1167621,426
81257181,53.1456,56.6402,423,28293,0.0753733,0.07,1,1168095,1167672,423
81260101,23.4291,23.328,424,28368,0.0710747,0.07,1,1168111,1167687,424
81263021,42.2858,4.66561,471,28443,0.102215,0.11,1,1168158,1167687,471
81265941,38.0572,38.5331,461,28517,0.092443,0.01,1,1168195,1167734,461
81268861,46.8114,38.9066,471,28591,0.0424886,0.07,1,1168244,1167773,471
81271781,48.5623,47.7813,470,28665,0.0964977,0.07,1,1168293,1167823,470
81274701,44.9125,47.9563,466,28739,0.0432995,0.11,1,1168337,1167871,466
81277621,53.7825,43.1913,480,28813,0.11266,0.03,1,1168393,1167913,480
81280541,73.1565,52.6383,503,28886,0.190532,0.11,1,1168471,1167968,503
81283461,51.4313,73.7277,470,28959,0.206106,0.07,1,1168517,1168047,470
81286381,24.6863,53.1455,440,29032,0.225221,0.07,1,1168535,1168095,440
81289301,42.5373,23.4291,471,29105,0.213044,0.11,1,1168582,1168111,471
81292221,38.9074,42.2858,462,29178,0.242609,0.09,1,1168620,1168158,462
81295141,44.5815,38.0572,471,29251,0.264522,0.03,1,1168666,1168195,471
81298061,49.7163,46.8114,473,29323,0.252904,0.11,1,1168717,1168244,473
81300981,44.3433,48.5623,467,29395,0.202581,0.03,1,1168760,1168293,467
81303901,57.6687,44.9125,484,29467,0.272516,0.13,1,1168821,1168337,484
81306821,76.3337,53.7825,509,29539,0.286503,0.21,1,1168902,1168393,509
81309741,52.0667,73.1565,477,29611,0.305301,0.21,1,1168948,1168471,477
81312661,25.6133,51.4313,450,29682,0.29306,0.23,1,1168967,1168517,450
81315581,42.7227,24.6863,479,29753,0.290612,0.21,1,1169014,1168535,479
81318501,39.7445,42.5373,471,29824,0.306122,0.25,1,1169053,1168582,471
81321421,9.54891,38.9074,435,29895,0.309224,0.27,1,1169055,1168620,435
81324341,38.7098,44.5815,435,29966,0.357845,0.25,1,1169101,1168666,435
81327261,47.742,49.7163,434,30037,0.351569,0.19,1,1169151,1168717,434
81330181,43.9484,44.3433,434,30107,0.414314,0.29,1,1169194,1168760,434
81333101,59.1897,57.6687,436,30177,0.442863,0.29,1,1169257,1168821,436
81336021,77.4379,76.3337,437,30247,0.416573,0.31,1,1169339,1168902,437
81338941,52.2876,52.0667,437,30317,0.395315,0.29,1,1169385,1168948,437
81341861,24.8575,25.6133,436,30387,0.439063,0.29,1,1169403,1168967,436
81344781,42.5715,42.7227,436,30457,0.463813,0.31,1,1169450,1169014,436
81347701,40.5143,39.7445,437,30526,0.484763,0.31,1,1169490,1169053,437
81350621,9.70286,9.54891,437,30595,0.456953,0.37,1,1169492,1169055,437
81353541,39.5406,38.7098,438,30664,0.547391,0.35,1,1169539,1169101,438
81356461,48.7081,47.742,439,30733,0.517478,0.43,1,1169590,1169151,439
81359381,47.3416,43.9484,443,30802,0.527496,0.45,1,1169637,1169194,443
81362301,59.0683,59.1897,442,30871,0.545499,0.41,1,1169699,1169257,442
81365221,76.6137,77.4379,441,30940,0.5811,0.39,1,1169780,1169339,441
81368141,52.1227,52.2876,441,31008,0.63622,0.45,1,1169826,1169385,441
81371061,25.6245,24.8575,442,31076,0.679244,0.47,1,1169845,1169403,442
81373981,43.5249,42.5715,443,31144,0.687849,0.49,1,1169893,1169450,443
81376901,42.305,40.5143,445,31212,0.68957,0.45,1,1169935,1169490,445
81379821,10.061,9.70286,445,31280,0.689914,0.45,1,1169937,1169492,445
81382741,41.2122,1.94057,494,31348,0.689983,0.57,1,1169986,1169492,494
81385661,48.2424,37.9881,497,31415,0.737997,0.51,1,1170036,1169539,497
81388581,48.0485,48.3976,494,31482,0.763599,0.53,2,1170084,1169590,494
81391501,58.4097,47.2795,508,31549,0.78472,0.55,2,1170145,1169637,508
81394421,79.6819,59.0559,531,31616,0.852944,0.59,2,1170230,1169699,531
81397341,53.5364,76.6112,497,31683,0.898589,0.65,2,1170277,1169780,497
81400261,27.5073,52.1222,472,31750,0.923718,0.69,2,1170298,1169826,472
81403181,43.9015,25.6244,501,31817,0.944744,0.69,2,1170346,1169845,501
81563781,50,50,514,35286,0.79,1,2,1172770,1172256,514
81566701,36.4,37.2,513,35346,0.662,1,1,1172803,1172290,513
81569621,30.48,30.64,513,35406,0.6044,1,1,1172832,1172319,513
81572541,34.896,38.928,508,35466,0.54488,1,1,1172868,1172360,508
81575461,37.3792,35.7856,511,35526,0.356976,1,1,1172906,1172395,511
81578381,36.2758,43.1571,502,35586,0.175395,1,1,1172942,1172440,502
81581301,45.6552,38.2314,513,35645,0.043079,1,1,1172990,1172477,513
81584221,35.531,37.2463,509,35704,0.0486158,1,1,1173023,1172514,509
81587141,53.5062,76.2493,481,35763,0.0337232,1,1,1173081,1172600,481
81590061,45.9012,48.8499,483,35822,0.0307446,0.88,1,1173125,1172642,483
81592981,32.3802,44.97,468,35881,0.0301489,0.85,1,1173154,1172686,468
81595901,33.6761,36.194,468,35940,0.00602979,0.79,1,1173188,1172720,468
81598821,40.3352,47.2388,460,35999,0.041206,0.63,1,1173230,1172770,460
81601741,28.867,35.8478,453,36058,0.0482412,0.59,1,1173256,1172803,453
81604661,28.1734,30.3696,452,36117,0.0496482,0.53,1,1173284,1172832,452
81607581,30.4347,34.8739,447,36176,0.0339296,0.31,1,1173315,1172868,447
81610501,29.2869,37.3748,438,36234,0.0307859,0.13,1,1173344,1172906,438
81613421,27.4574,36.275,429,36292,0.0301572,0.01,1,1173371,1172942,429
81616341,39.8915,45.655,424,36350,0.00603144,0.05,1,1173414,1172990,424
81619261,33.5783,35.531,423,36408,0.0252063,0.03,1,1173446,1173023,423
81622181,53.1157,53.5062,423,36466,0.0290413,0.03,1,1173504,1173081,423
81625101,46.6231,45.9012,424,36524,0.0298083,0.03,1,1173549,1173125,424
81628021,30.9246,32.3802,422,36582,0.0139617,0,1,1173576,1173154,422
81630941,33.3849,33.6761,422,36640,0.0747923,0.05,1,1173610,1173188,422
81633861,40.277,40.3352,422,36698,0.0389585,0.05,1,1173652,1173230,422
81636781,28.8554,28.867,422,36756,0.0317917,0.05,1,1173678,1173256,422
81639701,28.1711,28.1734,422,36813,0.0463583,0.03,1,1173706,1173284,422
81642621,30.4342,30.4347,422,36870,0.0172717,0.03,1,1173737,1173315,422
81645541,29.2868,29.2869,422,36927,0.0274543,0.03,1,1173766,1173344,422
81648461,27.4574,27.4574,422,36984,0.0614909,0,1,1173793,1173371,422
81651381,39.8915,39.8915,422,37041,0.0362982,0.03,1,1173836,1173414,422
81654301,33.5783,33.5783,422,37098,0.0152596,0.03,1,1173868,1173446,422
81657221,53.1157,53.1157,422,37155,0.0590519,0.03,1,1173926,1173504,422
81660141,46.6231,10.6231,467,37212,0.0358104,0.03,1,1173971,1173504,467
81663061,30.1246,38.1246,448,37269,0.0471621,0.01,1,1173997,1173549,448
81665981,33.2249,29.2249,455,37326,0.0494324,0.09,1,1174031,1173576,455
81668901,40.245,33.045,463,37383,0.0498865,0.03,1,1174073,1173610,463
81671821,28.849,40.209,447,37440,0.0339773,0.03,1,1174099,1173652,447
81674741,29.7698,28.8418,451,37496,0.0307955,0.05,1,1174129,1173678,451
81677661,29.154,28.1684,452,37552,0.0621591,0.01,1,1174158,1173706,452
81680581,29.8308,30.4337,451,37608,0.0364318,0.03,1,1174188,1173737,451
81683501,27.5662,29.2867,449,37664,0.0472864,0.07,1,1174215,1173766,449
81686421,39.1132,27.4573,464,37720,0.0334573,0.03,1,1174257,1173793,464
81689341,33.4226,39.8915,453,37776,0.0306915,0.01,1,1174289,1173836,453
81692261,56.2845,33.5783,483,37832,0.0461383,0.07,1,1174351,1173868,483
81695181,45.6569,53.1157,468,37888,0.0972277,0.03,1,1174394,1173926,468
81698101,28.3314,46.6231,447,37944,0.0914455,0.05,1,1174418,1173971,447
81701021,32.8663,30.1246,455,38000,0.0422891,0.05,1,1174452,1173997,455
81703941,40.1733,33.2249,463,38056,0.0324578,0.05,1,1174494,1174031,463
81706861,28.8347,40.245,447,38112,0.0144916,0.03,1,1174520,1174073,447
81709781,30.5669,28.849,452,38167,0.0428983,0.03,1,1174551,1174099,452
81712701,28.5134,29.7698,450,38222,0.0645797,0.07,1,1174579,1174129,450
81715621,30.5027,29.154,452,38277,0.0369159,0.03,1,1174610,1174158,452
81718541,28.5005,29.8308,450,38332,0.0473832,0.05,1,1174638,1174188,450
81721461,37.7001,27.5662,463,38387,0.0334766,0.03,1,1174678,1174215,463
81724381,33.94,39.1132,454,38442,0.0306953,0.03,1,1174711,1174257,454
81727301,56.388,33.4226,484,38497,0.0141391,0.05,1,1174773,1174289,484
81730221,48.0776,56.2845,468,38552,0.0268278,0.11,1,1174819,1174351,468
81733141,25.6155,45.6569,445,38607,0.0453656,0.09,1,1174839,1174394,445
81736061,6.7231,28.3314,423,38662,0.0650731,0.03,1,1174841,1174418,423
81738981,28.5446,32.8663,423,38717,0.0530146,0.03,1,1174875,1174452,423
81741901,39.3089,40.1733,423,38772,0.0106029,0.01,1,1174917,1174494,423
81744821,27.8618,28.8347,422,38826,0.0101206,0.05,1,1174942,1174520,422
81747741,31.9724,30.5669,424,38880,0.0420241,0.07,1,1174975,1174551,424
81750661,29.5945,28.5134,425,38934,0.00840482,0.03,1,1175004,1174579,425
81753581,29.1189,30.5027,423,38988,0.041681,0.05,1,1175033,1174610,423
81756501,29.8238,28.5005,425,39042,0.0163362,0.03,1,1175063,1174638,425
81759421,36.3648,37.7001,423,39096,0.0432672,0.03,1,1175101,1174678,423
81762341,33.673,33.94,423,39150,0.0486534,0.01,1,1175134,1174711,423
81765261,55.5346,56.388,422,39204,0.00973069,0.03,1,1175195,1174773,422
81768181,49.5069,48.0776,424,39258,0.0419461,0.05,1,1175243,1174819,424
81771101,26.7014,25.6155,425,39312,0.0803892,0.07,1,1175264,1174839,425
81774021,6.94028,6.7231,425,39366,0.0880779,0.05,1,1175266,1174841,425
81776941,27.7881,28.5446,424,39420,0.185616,0,1,1175299,1174875,424
81779861,37.5576,39.3089,422,39474,0.157123,0.01,1,1175339,1174917,422
81782781,27.5115,27.8618,422,39528,0.135425,0.05,1,1175364,1174942,422
81785701,31.9023,31.9724,422,39581,0.0510849,0,1,1175397,1174975,422
81788621,30.3805,29.5945,423,39634,0.034217,0.05,1,1175427,1175004,423
81791541,28.4761,29.1189,422,39687,0.0468434,0.01,1,1175455,1175033,422
81794461,29.6952,29.8238,422,39740,0.0173687,0.05,1,1175485,1175063,422
81797381,36.339,36.3648,422,39793,0.0754737,0.05,1,1175523,1175101,422
81800301,33.6678,33.673,422,39846,0.103095,0,1,1175556,1175134,422
81803221,56.3336,55.5346,423,39899,0.0286189,0.05,1,1175618,1175195,423
81806141,50.4667,49.5069,424,39952,0.0777238,0.09,1,1175667,1175243,424
81809061,28.4933,26.7014,426,40005,0.103545,0.09,1,1175690,1175264,426
81811981,7.29867,6.94028,426,40058,0.076709,0.09,1,1175692,1175266,426
81814901,30.2597,1.38806,462,40111,0.0713418,0.21,1,1175728,1175266,462
81817821,37.2519,26.6776,468,40164,0.0862684,0.15,1,1175767,1175299,468
81820741,23.4504,37.3355,448,40217,0.121254,0.13,1,1175787,1175339,448
81823661,29.4901,27.4671,454,40270,0.128251,0.03,1,1175818,1175364,454
81826581,29.898,31.8934,451,40322,0.12965,0.03,1,1175848,1175397,451
81829501,28.3796,30.3787,449,40374,0.11393,0.05,1,1175876,1175427,449
81832421,29.6759,28.4757,451,40426,0.110786,0.01,1,1175906,1175455,451
81835341,37.9352,29.6951,461,40478,0.110157,0.09,1,1175946,1175485,461
81838261,33.187,36.339,455,40530,0.158031,0.11,1,1175978,1175523,455
81841181,56.2374,33.6678,484,40582,0.103606,0.01,1,1176040,1175556,484
81844101,51.2475,56.3336,472,40634,0.124721,0.09,1,1176090,1175618,472
81847021,27.8495,50.4667,445,40686,0.128944,0.11,1,1176112,1175667,445
81849941,7.1699,28.4933,424,40738,0.129789,0.07,1,1176114,1175690,424
81852861,31.834,7.29867,460,40790,0.113958,0.07,1,1176152,1175692,460
81855781,39.1668,30.2597,465,40842,0.174792,0.09,1,1176193,1175728,465
81858701,24.6334,37.2519,447,40894,0.170958,0.13,1,1176214,1175767,447
81861621,29.7267,23.4504,458,40946,0.170192,0.13,1,1176245,1175787,458
81864541,28.3453,29.4901,455,40998,0.186038,0.13,1,1176273,1175818,455
81867461,28.8691,29.898,454,41049,0.205208,0.11,1,1176302,1175848,454
81870381,28.1738,28.3796,454,41100,0.209042,0.11,1,1176330,1175876,454
81873301,40.0348,29.6759,467,41151,0.209808,0.11,1,1176373,1175906,467
81876221,35.207,37.9352,461,41202,0.257962,0.17,1,1176407,1175946,461
81879141,53.4414,33.187,487,41253,0.299592,0.09,1,1176465,1175978,487
81882061,52.2883,56.2374,477,41304,0.275918,0.13,1,1176517,1176040,477
81884981,28.0577,51.2475,449,41355,0.271184,0.13,1,1176539,1176090,449
81887901,7.21153,27.8495,429,41406,0.270237,0.13,1,1176541,1176112,429
81890821,31.8423,7.1699,465,41457,0.270047,0.11,1,1176579,1176114,465
81893741,39.9685,31.834,469,41508,0.238009,0.19,1,1176621,1176152,469
81896661,9.59369,39.1668,430,41559,0.231602,0.17,1,1176623,1176193,430
81899581,18.7187,24.6334,430,41610,0.26232,0.17,1,1176644,1176214,430
81902501,28.5437,29.7267,430,41661,0.300464,0.19,1,1176675,1176245,430
81905421,28.9088,28.3453,431,41712,0.292093,0.21,1,1176704,1176273,431
81908341,29.7817,28.8691,432,41763,0.322419,0.21,1,1176734,1176302,432
81911261,28.3563,28.1738,432,41814,0.328484,0.21,1,1176762,1176330,432
81914181,41.6713,40.0348,434,41864,0.345697,0.27,1,1176807,1176373,434
81917101,36.3343,35.207,435,41914,0.349139,0.31,1,1176842,1176407,435
81920021,55.2669,53.4414,437,41964,0.333828,0.27,1,1176902,1176465,437
81922941,51.0534,52.2883,435,42014,0.330766,0.27,1,1176952,1176517,435
81925861,27.8107,28.0577,435,42064,0.298153,0.27,1,1176974,1176539,435
81928781,7.16213,7.21153,435,42114,0.323631,0.27,1,1176976,1176541,435
81931701,31.8324,31.8423,435,42164,0.344726,0.23,1,1177014,1176579,435
81934621,38.3665,39.9685,433,42214,0.332945,0.23,1,1177054,1176621,433
81937541,9.2733,9.59369,433,42264,0.362589,0.27,1,1177056,1176623,433
81940461,20.2547,18.7187,435,42314,0.416518,0.31,1,1177079,1176644,435
81943381,28.8509,28.5437,435,42364,0.459304,0.29,1,1177110,1176675,435
81946301,29.7702,28.9088,436,42414,0.483861,0.33,1,1177140,1176704,436
81949221,29.954,29.7817,436,42464,0.520772,0.33,1,1177170,1176734,436
81952141,29.1908,28.3563,437,42514,0.512154,0.35,1,1177199,1176762,437
81955061,41.8382,41.6713,437,42564,0.558431,0.35,1,1177244,1176807,437
81957981,36.3676,36.3343,437,42614,0.551686,0.33,1,1177279,1176842,437
81960901,54.4735,55.2669,436,42664,0.614337,0.33,1,1177338,1176902,436
81963821,50.8947,51.0534,436,42713,0.642867,0.29,1,1177388,1176952,436
81966741,27.7789,27.8107,436,42762,0.648573,0.33,1,1177410,1176974,436
81969661,7.15579,7.16213,436,42811,0.649715,0.35,1,1177412,1176976,436
81972581,33.4312,31.8324,438,42860,0.649943,0.33,1,1177452,1177014,438
81975501,39.4862,38.3665,439,42909,0.633989,0.37,1,1177493,1177054,439
81978421,9.49725,9.2733,439,42958,0.630798,0.43,1,1177495,1177056,439
81981341,21.8994,20.2547,441,43007,0.69416,0.43,1,1177520,1177079,441
81984261,30.7799,4.05093,474,43056,0.658832,0.47,1,1177553,1177079,474
81987181,31.756,25.6102,475,43105,0.667766,0.49,1,1177585,1177110,475
81990101,30.3512,29.122,475,43154,0.669553,0.53,1,1177615,1177140,475
81993021,29.2702,29.8244,474,43203,0.653911,0.51,1,1177644,1177170,474
81995941,43.454,29.1649,492,43252,0.714782,0.57,1,1177691,1177199,492
81998861,37.4908,41.833,483,43301,0.758956,0.55,2,1177727,1177244,483
82001781,56.2982,36.3666,509,43350,0.815791,0.63,2,1177788,1177279,509
82004701,52.0596,54.4733,501,43399,0.859158,0.65,2,1177839,1177338,501
82007621,28.0119,50.8947,473,43448,0.867832,0.65,2,1177861,1177388,473
82010541,7.20238,27.7789,453,43497,0.869566,0.65,2,1177863,1177410,453
82013461,33.4405,7.15579,491,43546,0.869913,0.65,2,1177903,1177412,491
82016381,40.2881,33.4312,493,43594,0.869983,0.63,2,1177945,1177452,493
82019301,9.65762,39.4862,454,43642,0.869996,0.63,2,1177947,1177493,454
82022221,23.5315,9.49725,479,43690,0.885999,0.71,2,1177974,1177495,479
82025141,31.9063,21.8994,488,43738,0.9052,0.65,2,1178008,1177520,488
82028061,31.1813,30.7799,486,43786,0.90904,0.67,2,1178039,1177553,486
82235381,29,31,512,47083,0.65,1,1,1180344,1179832,512
82238301,34.6,26.2,523,47128,0.602,1,1,1180380,1179857,523
82241221,26.92,26.04,522,47173,0.4804,1,1,1180405,1179883,522
82244141,24.584,28.408,517,47218,0.48808,1,1,1180429,1179912,517
82247061,28.9168,28.0816,519,47263,0.377616,1,1,1180459,1179940,519
82249981,31.3834,32.0163,518,47308,0.307523,1,1,1180491,1179973,518
82252901,27.0767,32.8033,511,47353,0.229505,1,1,1180517,1180006,511
82255821,15.0153,32.1607,491,47398,0.229901,1,1,1180529,1180038,491
82258741,27.0031,30.4321,491,47442,0.16598,1,1,1180559,1180068,491
82261661,24.6006,23.6864,493,47486,0.073196,1,1,1180583,1180090,493
82264581,30.5201,45.5373,474,47530,0.0706392,1,1,1180615,1180141,474
82267501,50.104,53.1075,474,47574,0.0541278,1,1,1180670,1180196,474
82270421,33.2208,37.0215,470,47618,0.0668256,0.98,1,1180699,1180229,470
82273341,30.6442,31.4043,470,47662,0.0373651,0.85,1,1180729,1180259,470
82276261,23.7288,31.0809,461,47706,0.063473,0.79,1,1180751,1180290,461
82279181,21.5458,26.2162,457,47750,0.100695,0.65,1,1180772,1180315,457
82282101,25.1092,28.4432,454,47794,0.0761389,0.59,1,1180798,1180344,454
82285021,27.4218,34.4886,446,47838,0.119228,0.45,1,1180826,1180380,446
82287941,24.6844,26.8977,445,47882,0.111846,0.49,1,1180850,1180405,445
82290861,21.7369,24.5795,442,47926,0.110369,0.35,1,1180871,1180429,442
82293781,27.5474,28.9159,441,47970,0.0780738,0.29,1,1180900,1180459,441
82296701,29.5095,31.3832,439,48014,0.0716148,0.21,1,1180930,1180491,439
82299621,20.3019,27.0766,431,48058,0.118323,0.23,1,1180948,1180517,431
82302541,12.0604,15.0153,429,48102,0.0956646,0.15,1,1180958,1180529,429
82305461,24.0121,27.0031,426,48146,0.0911329,0.05,1,1180985,1180559,426
82308381,22.4024,24.6006,424,48190,0.186227,0.07,1,1181007,1180583,424
82311301,28.4805,30.5201,422,48234,0.221245,0.05,1,1181037,1180615,422
82314221,49.6961,50.104,422,48278,0.212249,0.07,1,1181092,1180670,422
82317141,33.9392,33.2208,423,48322,0.11445,0.03,1,1181122,1180699,423
82320061,30.7878,30.6442,423,48366,0.07889,0.07,1,1181152,1180729,423
82322981,25.3576,23.7288,425,48410,0.039778,0.11,1,1181176,1180751,425
82325901,22.6715,21.5458,426,48454,0.0639556,0.07,1,1181198,1180772,426
82328821,24.5343,25.1092,425,48497,0.116791,0.13,1,1181223,1180798,425
82331741,28.9069,27.4218,427,48540,0.111358,0.11,1,1181253,1180826,427
82334661,21.7814,24.6844,423,48583,0.126272,0.11,1,1181273,1180850,423
82337581,22.7563,21.7369,425,48626,0.145254,0.07,1,1181296,1180871,425
82340501,26.1513,27.5474,423,48669,0.133051,0.07,1,1181323,1180900,423
82343421,30.8303,29.5095,425,48712,0.13061,0.13,1,1181355,1180930,425
82346341,21.366,20.3019,426,48755,0.178122,0.09,1,1181374,1180948,426
82349261,10.6732,12.0604,424,48798,0.187624,0.09,1,1181382,1180958,424
82352181,25.3346,24.0121,426,48841,0.189525,0.09,1,1181411,1180985,426
82355101,25.8669,4.80241,452,48884,0.189905,0.21,1,1181437,1180985,452
82358021,27.5734,18.5605,458,48927,0.189981,0.23,1,1181465,1181007,458
82360941,43.9147,27.7121,476,48970,0.205996,0.21,1,1181513,1181037,476
82363861,35.1829,49.5424,454,49013,0.193199,0.09,1,1181546,1181092,454
82366781,31.0366,33.9085,454,49056,0.19064,0.07,1,1181576,1181122,454
82369701,23.8073,30.7817,446,49099,0.190128,0.03,1,1181598,1181152,446
82372621,25.5615,25.3563,448,49142,0.190026,0.07,1,1181624,1181176,448
82375541,22.7123,22.6713,448,49185,0.190005,0.13,1,1181646,1181198,448
82378461,30.1425,24.5343,455,49228,0.254001,0.11,1,1181678,1181223,455
82381381,22.0285,28.9069,445,49271,0.2988,0.13,1,1181698,1181253,445
82384301,24.4057,21.7814,450,49314,0.29176,0.15,1,1181723,1181273,450
82387221,26.4811,22.7563,454,49357,0.338352,0.13,1,1181750,1181296,454
82390141,30.8962,26.1513,459,49400,0.36367,0.13,1,1181782,1181323,459
82393061,22.1792,30.8303,447,49443,0.384734,0.19,1,1181802,1181355,447
82395981,10.8358,21.366,436,49486,0.388947,0.19,1,1181810,1181374,436
82398901,26.9672,10.6732,459,49529,0.373789,0.19,1,1181841,1181382,459
82401821,26.1934,25.3346,456,49572,0.370758,0.19,1,1181867,1181411,456
82404741,28.4387,25.8669,459,49615,0.402152,0.19,1,1181896,1181437,459
82407661,44.0877,27.5734,479,49657,0.44043,0.21,1,1181944,1181465,479
82410581,34.4175,43.9147,463,49699,0.448086,0.19,1,1181976,1181513,463
82413501,30.8835,35.1829,460,49741,0.465617,0.19,1,1182006,1181546,460
82416421,23.7767,31.0366,452,49783,0.469123,0.19,1,1182028,1181576,452
82419341,25.5553,23.8073,456,49825,0.485825,0.19,1,1182054,1181598,456
82422261,24.3111,25.5615,454,49867,0.505165,0.19,1,1182078,1181624,454
82425181,33.6622,22.7123,468,49909,0.509033,0.27,1,1182114,1181646,468
82428101,22.7324,30.1425,456,49951,0.509807,0.31,1,1182134,1181678,456
82431021,25.3465,22.0285,462,49993,0.525961,0.29,1,1182160,1181698,462
82433941,27.4693,24.4057,465,50035,0.545192,0.35,1,1182188,1181723,465
82436861,31.8939,26.4811,471,50077,0.565038,0.37,1,1182221,1181750,471
82439781,23.1788,30.8962,460,50119,0.585008,0.39,1,1182242,1181782,460
82442701,11.0358,22.1792,448,50161,0.589002,0.39,1,1182250,1181802,448
82445621,26.2072,10.8358,470,50203,0.5898,0.37,1,1182280,1181810,470
82448541,26.8414,26.9672,466,50245,0.58996,0.37,1,1182307,1181841,466
82451461,29.3683,26.1934,470,50287,0.557992,0.41,1,1182337,1181867,470
82454381,7.47366,28.4387,443,50329,0.551598,0.45,1,1182339,1181896,443
82457301,40.6947,44.0877,444,50371,0.59832,0.45,1,1182388,1181944,444
82460221,33.7389,34.4175,444,50413,0.639664,0.47,1,1182420,1181976,444
82463141,31.5478,30.8835,445,50455,0.631933,0.47,1,1182451,1182006,445
82466061,23.9096,23.7767,445,50497,0.630387,0.49,1,1182473,1182028,445
82468981,26.3819,25.5553,446,50539,0.614077,0.51,1,1182500,1182054,446
82471901,25.2764,24.3111,447,50581,0.626815,0.51,1,1182525,1182078,447
82474821,33.8553,33.6622,447,50623,0.661363,0.51,1,1182561,1182114,447
82477741,23.5711,22.7324,448,50665,0.668273,0.53,1,1182582,1182134,448
82480661,25.5142,25.3465,448,50707,0.669655,0.55,1,1182608,1182160,448
82483581,28.3028,27.4693,449,50749,0.685931,0.57,1,1182637,1182188,449
82486501,32.8606,31.8939,450,50791,0.657186,0.59,1,1182671,1182221,450
82489421,24.1721,23.1788,451,50832,0.683437,0.59,1,1182693,1182242,451
82492341,11.2344,11.0358,451,50873,0.688687,0.59,1,1182701,1182250,451
82495261,27.0469,26.2072,452,50914,0.673737,0.59,1,1182732,1182280,452
82498181,26.2094,26.8414,451,50955,0.686747,0.55,1,1182758,1182307,451
82501101,27.6419,29.3683,449,50996,0.70535,0.55,1,1182786,1182337,449
82504021,7.12837,7.47366,449,51037,0.70907,0.61,1,1182788,1182339,449
82506941,42.2257,40.6947,451,51078,0.725814,0.65,1,1182839,1182388,451
82509861,34.8451,33.7389,452,51119,0.793163,0.63,2,1182872,1182420,452
82512781,32.569,31.5478,453,51160,0.790633,0.63,2,1182904,1182451,453
82515701,24.1138,23.9096,453,51201,0.806127,0.61,2,1182926,1182473,453
82518621,25.6228,26.3819,452,51242,0.857225,0.63,2,1182952,1182500,452
82521541,25.9246,25.2764,453,51283,0.883445,0.67,2,1182978,1182525,453
82524461,33.9849,33.8553,453,51324,0.904689,0.67,2,1183014,1182561,453
82527381,24.397,23.5711,454,51365,0.876938,0.67,2,1183036,1182582,454
82530301,26.4794,25.5142,455,51406,0.855388,0.69,2,1183063,1182608,455
82533221,28.4959,28.3028,455,51447,0.883078,0.65,2,1183092,1182637,455
82536141,32.0992,32.8606,454,51488,0.888616,0.69,2,1183125,1182671,454
82539061,24.0198,24.1721,454,51529,0.921723,0.69,2,1183147,1182693,454
82541981,11.204,11.2344,454,51570,0.928345,0.67,2,1183155,1182701,454
82544901,26.2408,27.0469,453,51611,0.913669,0.69,2,1183185,1182732,453
82809161,53,37,484,25633,0.19,0.61,1,1185806,1185322,484
82812081,59.4,60.2,479,25716,0.142,0.57,1,1185867,1185388,479
82815001,47.08,48.04,478,25798,0.2124,0.25,1,1185911,1185433,478
82817921,51.016,68.808,456,25880,0.22648,0.21,1,1185963,1185507,456
82820841,77.4032,62.5616,479,25962,0.229296,0.11,1,1186047,1185568,479
82823761,37.8806,66.1123,440,26044,0.197859,0.17,1,1186075,1185635,440
82826681,21.9761,29.2225,438,26125,0.223572,0.15,1,1186093,1185655,438
82829601,49.1952,34.6445,458,26206,0.260714,0.19,1,1186149,1185691,458
82832521,80.239,56.5289,484,26287,0.284143,0.19,1,1186237,1185753,484
82835441,64.8478,53.7058,492,26368,0.320829,0.13,1,1186298,1185806,492
82838361,47.3696,59.5412,474,26448,0.328166,0.23,1,1186341,1185867,474
82841281,52.6739,47.1082,484,26528,0.345633,0.23,1,1186395,1185911,484
82844201,77.7348,51.0216,516,26608,0.381127,0.23,1,1186479,1185963,516
82847121,37.147,77.4043,459,26688,0.404225,0.19,1,1186506,1186047,459
82850041,22.6294,37.8809,450,26767,0.392845,0.23,1,1186525,1186075,450
82852961,50.9259,21.9762,490,26846,0.406569,0.27,1,1186583,1186093,490
82855881,11.7852,49.1952,436,26925,0.409314,0.29,1,1186585,1186149,436
82858801,74.357,80.239,438,27004,0.473863,0.33,1,1186675,1186237,438
82861721,64.4714,64.8478,439,27082,0.470773,0.33,1,1186737,1186298,439
82864641,46.4943,47.3696,438,27160,0.454155,0.35,1,1186779,1186341,438
82867561,54.8989,52.6739,441,27238,0.482831,0.39,1,1186836,1186395,441
82870481,78.1798,77.7348,441,27316,0.584566,0.41,1,1186920,1186479,441
82873401,36.436,37.147,440,27394,0.572913,0.39,1,1186946,1186506,440
82876321,23.2872,22.6294,441,27471,0.602583,0.41,1,1186966,1186525,441
82879241,51.8574,50.9259,442,27548,0.640517,0.41,1,1187025,1186583,442
82882161,11.9715,11.7852,442,27625,0.616103,0.49,1,1187027,1186585,442
82885081,75.9943,74.357,444,27702,0.659221,0.47,1,1187119,1186675,444
82888001,63.9989,64.4714,443,27778,0.635844,0.45,1,1187180,1186737,443
82890921,47.1998,46.4943,444,27854,0.647169,0.49,1,1187223,1186779,444
82893841,57.44,54.8989,447,27930,0.697434,0.61,1,1187283,1186836,447
82896761,81.088,78.1798,450,28006,0.691487,0.57,1,1187370,1186920,450
82899681,37.0176,36.436,450,28082,0.690297,0.61,1,1187396,1186946,450
82902601,23.4035,23.2872,450,28157,0.690059,0.65,1,1187416,1186966,450
82905521,53.4807,51.8574,452,28232,0.706012,0.61,1,1187477,1187025,452
82908441,12.2961,11.9715,452,28307,0.709202,0.67,1,1187479,1187027,452
82911361,76.8592,75.9943,453,28382,0.77384,0.67,2,1187572,1187119,453
82914281,63.3718,15.1989,513,28457,0.786768,0.63,2,1187632,1187119,513
82917201,47.8744,51.8398,496,28531,0.789354,0.65,2,1187676,1187180,496
82920121,58.3749,44.768,514,28605,0.821871,0.71,2,1187737,1187223,514
82923041,82.075,56.9536,542,28679,0.892374,0.69,2,1187825,1187283,542
82925961,37.215,80.9907,481,28753,0.938475,0.69,2,1187851,1187370,481
83048601,37,46,511,31697,0.91,1,2,1189887,1189376,511
83051521,65.8,45.2,539,31764,0.83,1,2,1189960,1189421,539
83054441,41.16,55.44,516,31831,0.782,1,2,1189995,1189479,516
83057361,63.432,44.688,543,31897,0.7404,0.95,1,1190064,1189521,543
83060281,30.2864,56.1376,506,31963,0.68408,1,1,1190086,1189580,506
83063201,33.2573,32.8275,513,32029,0.640816,1,1,1190120,1189607,513
83066121,75.4515,34.5655,564,32095,0.680163,1,1,1190206,1189642,564
83069041,41.4903,78.9131,507,32161,0.640033,1,1,1190239,1189732,507
83071961,39.4981,44.5826,510,32227,0.600007,0.92,1,1190278,1189768,510
83074881,39.8996,42.5165,508,32293,0.560001,0.89,1,1190318,1189810,508
83077801,39.1799,40.5033,507,32359,0.584,0.91,1,1190357,1189850,507
83080721,59.836,37.7007,535,32424,0.6208,0.81,1,1190422,1189887,535
83083641,38.3672,65.9401,495,32489,0.64416,0.77,1,1190455,1189960,495
83086561,60.4734,41.188,526,32554,0.600832,0.73,1,1190521,1189995,526
83089481,28.0947,63.4376,477,32619,0.656166,0.67,1,1190541,1190064,477
83092401,32.8189,30.2875,489,32684,0.635233,0.63,1,1190575,1190086,489
83095321,73.7638,33.2575,539,32749,0.663047,0.69,1,1190659,1190120,539
83098241,16.3528,75.4515,455,32814,0.668609,0.63,1,1190661,1190206,455
83101161,25.6706,41.4903,450,32878,0.685722,0.59,1,1190689,1190239,450
83104081,37.1341,39.4981,451,32942,0.657144,0.55,1,1190729,1190278,451
83107001,38.6268,39.8996,450,33006,0.699429,0.59,1,1190768,1190318,450
83109921,39.7254,39.1799,451,33070,0.707886,0.63,1,1190808,1190357,451
83112841,63.1451,59.836,455,33134,0.773577,0.65,2,1190877,1190422,455
83115761,38.229,38.3672,454,33198,0.802715,0.59,2,1190909,1190455,454
83118681,59.6458,60.4734,453,33262,0.792543,0.67,2,1190974,1190521,453
83121601,29.5292,28.0947,455,33326,0.822509,0.63,2,1190996,1190541,455
83124521,33.1058,32.8189,455,33389,0.876502,0.67,2,1191030,1190575,455
83127441,74.6212,73.7638,456,33452,0.8873,0.67,2,1191115,1190659,456
83130361,16.5242,16.3528,456,33515,0.88946,0.69,2,1191117,1190661,456
83133281,25.7048,25.6706,456,33578,0.857892,0.65,2,1191145,1190689,456
83136201,36.341,37.1341,455,33641,0.915578,0.71,2,1191184,1190729,455
83139121,40.0682,38.6268,457,33704,0.943116,0.71,2,1191225,1190768,457
83142041,40.0136,39.7254,457,33767,0.932623,0.79,2,1191265,1190808,457
83277821,61,124,492,16323,0.37,0.81,1,1193391,1192899,492
83280741,117.8,120,505,16453,0.482,0.67,1,1193523,1193018,505
83283661,63.56,95.2,466,16582,0.5044,0.59,1,1193573,1193107,466
83286581,35.912,44.64,463,16710,0.49288,0.61,1,1193602,1193139,463
83289501,141.582,27.328,608,16837,0.586576,0.41,1,1193770,1193162,608
83292421,76.3165,139.866,500,16963,0.605315,0.37,1,1193830,1193330,500
83295341,126.463,76.7731,578,17088,0.673063,0.51,1,1193969,1193391,578
83298261,65.2927,120.955,496,17212,0.686613,0.51,1,1194019,1193523,496
83301181,33.8585,64.1909,472,17335,0.689323,0.49,1,1194045,1193573,472
83304101,145.972,36.0382,617,17457,0.817865,0.61,2,1194219,1193602,617
83307021,79.5943,141.608,512,17579,0.907573,0.61,2,1194282,1193770,512
83309941,129.519,76.3215,594,17700,0.909515,0.69,2,1194424,1193830,594
83312861,65.9038,126.464,505,17820,0.925903,0.69,2,1194474,1193969,505
83315781,33.9808,65.2929,481,17939,0.929181,0.69,2,1194500,1194019,481
83318701,152.396,33.8586,637,18057,0.897836,0.85,2,1194682,1194045,637
83321621,32.0792,145.972,465,18175,0.891567,0.93,2,1194684,1194219,465
83324541,57.6158,79.5943,466,18292,0.922313,0.91,2,1194748,1194282,466
83473461,35,156,509,23485,0.21,1,1,1198548,1198039,509
83476381,31,52,513,23575,0.13,1,1,1198578,1198065,513
83479301,107,36.8,606,23665,0.082,0.97,1,1198704,1198098,606
83482221,57.4,112.96,519,23755,0.0244,1,1,1198749,1198230,519
83485141,36.28,62.592,500,23844,0.01288,0.99,1,1198780,1198280,500
83488061,43.256,36.5184,515,23933,0.026576,0.84,1,1198825,1198310,515
83490981,10.2512,48.9037,465,24022,0.0293152,0.33,1,1198827,1198362,465
83493901,99.6502,130.581,436,24110,0.029863,0.21,1,1198949,1198513,436
83496821,39.13,54.1161,425,24198,0.0939726,0.11,1,1198973,1198548,425
83499741,30.226,34.8232,423,24286,0.138795,0.07,1,1199001,1198578,423
83502661,106.845,107.765,423,24373,0.0517589,0.01,1,1199127,1198704,423
83505581,57.369,57.5529,423,24460,0.0343518,0.01,1,1199172,1198749,423
83508501,36.2738,36.3106,423,24547,0.0148704,0.03,1,1199203,1198780,423
83511421,43.2548,43.2621,423,24633,0.0749741,0.03,1,1199248,1198825,423
83514341,10.251,10.2524,423,24719,0.0549948,0.03,1,1199250,1198827,423
83517261,98.8502,99.6505,422,24805,0.114999,0.11,1,1199371,1198949,422
83520181,42.97,39.1301,427,24890,0.127,0.15,1,1199400,1198973,427
83523101,29.394,30.226,425,24975,0.1134,0.03,1,1199426,1199001,425
83526021,104.279,106.845,422,25060,0.11068,0.03,1,1199549,1199127,422
83528941,57.6558,57.369,423,25145,0.030136,0.01,1,1199595,1199172,423
83531861,35.5312,36.2738,422,25229,0.0300272,0.09,1,1199625,1199203,422
83534781,44.7062,43.2548,424,25313,0.0460054,0.05,1,1199672,1199248,424
83537701,10.5412,10.251,424,25397,0.0172011,0.13,1,1199674,1199250,424
83540621,98.9083,98.8502,424,25480,0.10744,0.13,1,1199795,1199371,424
83543541,43.7816,19.77,454,25563,0.093488,0.13,1,1199825,1199371,454
83546461,30.3563,27.154,452,25646,0.122698,0.11,1,1199852,1199400,452
83549381,102.871,26.2308,547,25729,0.19254,0.11,1,1199973,1199426,547
83552301,55.7743,103.646,468,25811,0.190508,0.01,1,1200017,1199549,468
83555221,34.3549,57.5292,451,25893,0.206102,0.03,1,1200046,1199595,451
83558141,45.271,35.5058,469,25975,0.19322,0.05,1,1200094,1199625,469
83561061,10.6542,44.7012,424,26057,0.190644,0.01,1,1200096,1199672,424
83563981,101.331,10.5402,546,26138,0.206129,0.13,1,1200220,1199674,546
83566901,45.0662,98.908,456,26219,0.193226,0.09,1,1200251,1199795,456
83569821,31.4132,43.7816,454,26300,0.254645,0.13,1,1200279,1199825,454
83572741,106.283,30.3563,552,26381,0.314929,0.21,1,1200404,1199852,552
83575661,57.2565,102.871,476,26461,0.310986,0.19,1,1200449,1199973,476
83578581,33.0513,55.7743,459,26541,0.326197,0.21,1,1200476,1200017,459
83581501,45.0103,34.3549,478,26621,0.329239,0.19,1,1200524,1200046,478
83584421,10.6021,45.271,432,26701,0.329848,0.19,1,1200526,1200094,432
83587341,102.12,10.6542,555,26780,0.32997,0.21,1,1200651,1200096,555
83590261,46.8241,101.331,464,26859,0.313994,0.19,1,1200684,1200220,464
83593181,10.9648,45.0662,435,26938,0.310799,0.27,1,1200686,1200251,435
83596101,24.593,31.4132,435,27017,0.34216,0.33,1,1200714,1200279,435
83599021,107.319,106.283,438,27095,0.364432,0.31,1,1200842,1200404,438
83601941,56.6637,57.2565,437,27173,0.384886,0.33,1,1200886,1200449,437
83604861,32.1327,33.0513,436,27251,0.436977,0.33,1,1200912,1200476,436
83607781,47.2265,45.0103,439,27329,0.399395,0.33,1,1200963,1200524,439
83610701,11.0453,10.6021,439,27406,0.391879,0.33,1,1200965,1200526,439
83613621,101.409,102.12,438,27483,0.486376,0.31,1,1201089,1200651,438
83616541,45.8818,46.8241,437,27560,0.521275,0.31,1,1201121,1200684,437
83619461,10.7764,10.9648,437,27637,0.496255,0.35,1,1201123,1200686,437
83622381,24.5553,24.593,437,27714,0.491251,0.37,1,1201151,1200714,437
83625301,109.711,107.319,440,27790,0.58625,0.39,1,1201282,1200842,440
83628221,57.9422,56.6637,441,27866,0.63725,0.45,1,1201327,1200886,441
83631141,33.1884,32.1327,442,27942,0.63145,0.39,1,1201354,1200912,442
83634061,47.4377,47.2265,442,28018,0.64629,0.39,1,1201405,1200963,442
83636981,11.0875,11.0453,442,28094,0.649258,0.51,1,1201407,1200965,442
83639901,104.618,101.409,446,28169,0.761852,0.53,2,1201535,1201089,446
83642821,46.5235,45.8818,446,28244,0.80037,0.49,2,1201567,1201121,446
83645741,10.9047,10.7764,446,28319,0.840074,0.49,2,1201569,1201123,446
83648661,24.5809,24.5553,446,28394,0.816015,0.49,2,1201597,1201151,446
83651581,113.716,4.91105,582,28469,0.827203,0.61,2,1201733,1201151,582
83654501,58.7432,105.782,496,28543,0.877441,0.65,2,1201778,1201282,496
83657421,34.1486,57.1564,479,28617,0.887488,0.63,2,1201806,1201327,479
83660341,48.4297,33.0313,504,28691,0.921498,0.65,2,1201858,1201354,504
83663261,11.2859,47.4063,455,28765,0.9283,0.65,2,1201860,1201405,455
83788821,35,24,521,31774,0.87,1,2,1204009,1203488,521
83791741,64.6,30.4,561,31841,0.742,1,1,1204081,1203520,561
83794661,52.92,93.28,502,31907,0.5564,1,1,1204131,1203629,502
83797581,44.184,41.856,515,31973,0.43928,1,1,1204173,1203658,515
83800501,35.2368,36.3712,513,32039,0.367856,1,1,1204206,1203693,513
83803421,31.0474,28.0742,517,32105,0.289571,1,1,1204236,1203719,517
83806341,27.8095,28.8148,515,32171,0.273914,1,1,1204263,1203748,515
83809261,74.3619,32.163,568,32237,0.158783,1,1,1204349,1203781,568
83812181,67.6724,88.0326,532,32303,0.0717566,0.89,1,1204415,1203883,532
83815101,36.7345,66.4065,500,32368,0.0383513,0.93,1,1204444,1203944,500
83818021,32.9469,37.2813,502,32433,0.0316703,0.87,1,1204476,1203974,502
83820941,55.3894,35.4563,528,32498,0.0303341,0.71,1,1204537,1204009,528
83823861,43.8779,64.6913,497,32563,0.0300668,0.51,1,1204578,1204081,497
83826781,36.7756,52.9383,482,32628,0.0300134,0.41,1,1204613,1204131,482
83829701,32.1551,44.1877,471,32693,0.0460027,0.35,1,1204644,1204173,471
83832621,28.831,35.2375,466,32758,0.0652005,0.27,1,1204672,1204206,466
83835541,7.3662,31.0475,438,32823,0.0690401,0.27,1,1204674,1204236,438
83838461,21.4732,27.8095,436,32887,0.101808,0.13,1,1204699,1204263,436
83841381,62.6946,74.3619,423,32951,0.124362,0.05,1,1204772,1204349,423
83844301,66.1389,67.6724,424,33015,0.160872,0.03,1,1204839,1204415,424
83847221,35.6278,36.7345,423,33079,0.184174,0.03,1,1204867,1204444,423
83850141,32.7256,32.9469,423,33143,0.156835,0.03,1,1204899,1204476,423
83853061,56.1451,55.3894,424,33207,0.183367,0.03,1,1204961,1204537,424
83855981,43.229,43.8779,423,33271,0.156673,0.03,1,1205001,1204578,423
83858901,38.2458,36.7756,425,33335,0.199335,0.05,1,1205038,1204613,425
83861821,31.6492,32.1551,424,33398,0.207867,0.07,1,1205068,1204644,424
83864741,29.5298,28.831,425,33461,0.193573,0.07,1,1205097,1204672,425
83867661,7.50597,7.3662,425,33524,0.190715,0.11,1,1205099,1204674,425
83870581,23.1012,21.4732,427,33587,0.190143,0.13,1,1205126,1204699,427
83873501,63.8202,62.6946,428,33650,0.238029,0.17,1,1205200,1204772,428
83876421,67.964,66.1389,430,33713,0.311606,0.19,1,1205269,1204839,430
83879341,36.7928,35.6278,431,33776,0.358321,0.15,1,1205298,1204867,431
83882261,31.3586,32.7256,429,33839,0.383664,0.19,1,1205328,1204899,429
83885181,55.8717,56.1451,429,33901,0.404733,0.15,1,1205390,1204961,429
83888101,43.1743,43.229,429,33963,0.456947,0.21,1,1205430,1205001,429
83891021,40.6349,38.2458,432,34025,0.451389,0.21,1,1205470,1205038,432
83893941,32.127,31.6492,432,34087,0.466278,0.19,1,1205500,1205068,432
83896861,28.8254,29.5298,431,34149,0.485256,0.19,1,1205528,1205097,431
83899781,7.36508,7.50597,431,34211,0.521051,0.19,1,1205530,1205099,431
83902701,23.073,1.50119,458,34273,0.48021,0.19,1,1205557,1205099,458
83905621,65.4146,21.9002,507,34335,0.472042,0.25,1,1205633,1205126,507
83908541,69.8829,63.58,504,34397,0.534408,0.33,1,1205704,1205200,504
83911461,38.7766,67.916,466,34458,0.530882,0.37,1,1205735,1205269,466
83914381,32.5553,36.7832,468,34519,0.530176,0.39,1,1205766,1205298,468
83917301,58.5111,31.3566,503,34580,0.530035,0.41,1,1205831,1205328,503
83920221,45.3022,55.8713,483,34641,0.562007,0.47,1,1205873,1205390,483
83923141,41.8604,43.1743,484,34702,0.568401,0.45,1,1205914,1205430,484
83926061,32.3721,40.6349,474,34763,0.58568,0.47,1,1205944,1205470,474
83928981,29.6744,32.127,473,34824,0.605136,0.49,1,1205973,1205500,473
83931901,7.53488,28.8254,447,34885,0.609027,0.53,1,1205975,1205528,447
83934821,22.307,7.36508,471,34946,0.609805,0.47,1,1206001,1205530,471
83937741,66.0614,23.073,521,35006,0.673961,0.47,1,1206078,1205557,521
83940661,72.4123,65.4146,519,35066,0.670792,0.55,1,1206152,1205633,519
83943581,38.4825,69.8829,478,35126,0.670158,0.53,1,1206182,1205704,478
83946501,32.4965,38.7766,478,35186,0.654032,0.53,1,1206213,1205735,478
83949421,59.2993,32.5553,513,35246,0.634806,0.53,1,1206279,1205766,513
83952341,46.2599,58.5111,491,35306,0.630961,0.57,1,1206322,1205831,491
83955261,42.052,45.3022,490,35366,0.662192,0.57,1,1206363,1205873,490
83958181,33.2104,41.8604,480,35426,0.652438,0.59,1,1206394,1205914,480
83961101,30.6421,32.3721,480,35486,0.666488,0.61,1,1206424,1205944,480
83964021,7.72842,29.6744,453,35546,0.685298,0.61,1,1206426,1205973,453
83966941,22.3457,7.53488,477,35605,0.70506,0.61,1,1206452,1205975,477
83969861,67.6691,22.307,530,35664,0.725012,0.69,1,1206531,1206001,530
83972781,15.1338,66.0614,455,35723,0.729002,0.67,1,1206533,1206078,455
83975701,62.2268,72.4123,455,35782,0.7618,0.67,2,1206607,1206152,455
83978621,36.4454,38.4825,455,35841,0.80036,0.65,2,1206637,1206182,455
83981541,31.2891,32.4965,454,35900,0.808072,0.63,2,1206667,1206213,454
83984461,58.2578,59.2993,453,35959,0.889614,0.63,2,1206732,1206279,453
83987381,46.8516,46.2599,454,36018,0.905923,0.67,2,1206776,1206322,454
83990301,42.9703,42.052,455,36077,0.909185,0.65,2,1206818,1206363,455
83993221,32.5941,33.2104,454,36136,0.941837,0.67,2,1206848,1206394,454
84110021,59,24,542,38403,0.53,1,1,1208402,1207860,542
84112941,36.6,62.4,501,38458,0.498,1,1,1208433,1207932,501
84115861,40.12,30.08,520,38513,0.4436,1,1,1208474,1207954,520
84118781,40.824,50.816,505,38568,0.35272,1,1,1208515,1208010,505
84121701,20.1648,36.5632,487,38623,0.286544,1,1,1208530,1208043,487
84124621,28.833,28.9126,491,38678,0.241309,1,1,1208561,1208070,491
84127541,52.9666,61.7825,480,38733,0.168262,0.96,1,1208620,1208140,480
84130461,47.3933,47.5565,482,38788,0.137652,0.99,1,1208666,1208184,482
84133381,43.0787,48.7113,475,38842,0.0995305,0.93,1,1208708,1208233,475
84136301,24.6157,30.5423,469,38896,0.139906,0.92,1,1208728,1208259,469
84139221,22.5231,27.7085,464,38950,0.131981,0.79,1,1208750,1208286,464
84142141,29.3046,29.5417,465,39004,0.146396,0.85,1,1208781,1208316,465
84145061,23.4609,27.5083,460,39058,0.149279,0.53,1,1208803,1208343,460
84147981,45.4922,52.7017,452,39112,0.213856,0.49,1,1208854,1208402,452
84150901,30.6984,35.3403,448,39166,0.194771,0.43,1,1208881,1208433,448
84153821,34.9397,39.8681,443,39220,0.206954,0.33,1,1208917,1208474,443
84156741,35.7879,40.7736,438,39274,0.241391,0.27,1,1208953,1208515,438
84159661,16.7576,20.1547,435,39328,0.248278,0.23,1,1208965,1208530,435
84162581,28.1515,28.8309,435,39382,0.233656,0.15,1,1208996,1208561,435
84165501,45.6303,52.9662,426,39436,0.310731,0.13,1,1209046,1208620,426
84168421,45.1261,47.3932,425,39490,0.310146,0.09,1,1209091,1208666,425
84171341,45.0252,43.0786,428,39543,0.294029,0.15,1,1209136,1208708,428
84174261,25.005,24.6157,428,39596,0.370806,0.13,1,1209156,1208728,428
84177181,21.001,22.5231,426,39649,0.386161,0.15,1,1209176,1208750,426
84180101,31.4002,29.3046,429,39702,0.405232,0.15,1,1209210,1208781,429
84183021,20.68,23.4609,425,39755,0.409046,0.23,1,1209228,1208803,425
84185941,49.736,45.4922,431,39808,0.425809,0.19,1,1209285,1208854,431
84188861,33.1472,30.6984,433,39861,0.461162,0.21,1,1209314,1208881,433
84191781,34.6294,34.9397,432,39914,0.516232,0.25,1,1209349,1208917,432
84194701,37.3259,35.7879,434,39967,0.559246,0.25,1,1209387,1208953,434
84197621,15.4652,16.7576,432,40020,0.535849,0.23,1,1209397,1208965,432
84200541,29.493,28.1515,434,40073,0.54717,0.23,1,1209430,1208996,434
84203461,47.4986,5.6303,486,40126,0.501434,0.33,1,1209482,1208996,486
84206381,45.4997,41.1261,481,40179,0.524287,0.31,1,1209527,1209046,481
84209301,44.2999,44.2252,480,40232,0.528857,0.29,1,1209571,1209091,480
84212221,27.26,44.845,458,40284,0.513771,0.39,1,1209594,1209136,458
84215141,22.252,24.969,459,40336,0.510754,0.39,1,1209615,1209156,459
84218061,31.6504,20.9938,473,40388,0.510151,0.41,1,1209649,1209176,473
84220981,20.7301,31.3988,457,40440,0.51003,0.41,1,1209667,1209210,457
84223901,52.946,20.6798,500,40492,0.510006,0.43,1,1209728,1209228,500
84226821,34.5892,49.736,473,40544,0.526001,0.47,1,1209758,1209285,473
84229741,37.3178,33.1472,482,40596,0.5452,0.53,1,1209796,1209314,482
84232661,37.8636,34.6294,485,40648,0.58104,0.57,1,1209834,1209349,485
84235581,15.5727,37.3259,457,40700,0.604208,0.53,1,1209844,1209387,457
84238501,28.7145,15.4652,479,40752,0.608842,0.55,1,1209876,1209397,479
84241421,46.5429,29.493,497,40804,0.593768,0.49,1,1209927,1209430,497
84244341,46.9086,47.4986,492,40856,0.654754,0.53,1,1209974,1209482,492
84247261,44.5817,45.4997,491,40908,0.698951,0.53,1,1210018,1209527,491
84250181,26.5163,44.2999,469,40960,0.70779,0.51,1,1210040,1209571,469
84253101,22.1033,27.26,467,41012,0.725558,0.51,1,1210061,1209594,467
84256021,31.6207,22.252,480,41063,0.745112,0.51,1,1210095,1209615,480
84258941,20.7241,31.6504,464,41114,0.749022,0.51,1,1210113,1209649,464
84261861,53.7448,20.7301,508,41165,0.781804,0.51,2,1210175,1209667,508
84264781,35.549,52.946,478,41216,0.804361,0.53,2,1210206,1209728,478
84267701,39.1098,34.5892,488,41267,0.808872,0.55,2,1210246,1209758,488
84270621,39.022,37.3178,489,41318,0.761774,0.59,2,1210285,1209796,489
84273541,15.8044,37.8636,461,41369,0.752355,0.61,2,1210295,1209834,461
84276461,28.7609,15.5727,483,41420,0.766471,0.61,2,1210327,1209844,483
84279381,45.7522,28.7145,501,41471,0.769294,0.59,2,1210377,1209876,501
84282301,49.9504,46.5429,501,41522,0.753859,0.67,2,1210428,1209927,501
84285221,11.5901,46.9086,456,41573,0.750772,0.71,2,1210430,1209974,456
84288141,38.318,44.5817,457,41624,0.830154,0.71,2,1210475,1210018,457
84291061,25.2636,26.5163,457,41675,0.846031,0.73,2,1210497,1210040,457
84293981,22.6527,22.1033,458,41726,0.865206,0.75,2,1210519,1210061,458
84296901,32.5305,31.6207,459,41777,0.853041,0.75,2,1210554,1210095,459
84299821,21.7061,20.7241,460,41828,0.866608,0.79,2,1210573,1210113,460
84302741,54.7412,53.7448,461,41878,0.917322,0.81,2,1210636,1210175,461
84305661,34.9482,35.549,460,41928,0.911464,0.81,2,1210666,1210206,460
84308581,38.9896,39.1098,460,41978,0.910293,0.75,2,1210706,1210246,460
84451661,30,23,516,44375,0.81,1,2,1212369,1211853,516
84454581,31.6,29.4,517,44423,0.762,1,2,1212401,1211884,517
84457501,22.32,25.08,513,44470,0.7204,1,1,1212421,1211908,513
84460421,19.664,28.216,503,44517,0.71208,1,1,1212440,1211937,503
84463341,12.7328,27.2432,487,44564,0.742416,1,1,1212451,1211964,487
84466261,23.3466,25.4486,488,44611,0.700483,1,1,1212477,1211989,488
84469181,36.6693,47.4897,475,44658,0.676097,0.94,1,1212517,1212042,475
84472101,38.5339,35.8979,481,44705,0.591219,1,1,1212556,1212075,481
84475021,45.3068,37.5796,490,44752,0.542244,1,1,1212603,1212113,490
84477941,28.2614,38.7159,475,44799,0.516449,0.88,1,1212627,1212152,475
84480861,34.4523,35.7432,476,44846,0.43129,1,1,1212663,1212187,476
84483781,32.4905,26.3486,484,44893,0.366258,1,1,1212695,1212211,484
84486701,27.2981,33.2697,475,44940,0.385252,0.9,1,1212721,1212246,475
84489621,50.2596,59.4539,465,44987,0.35705,0.77,1,1212777,1212312,465
84492541,30.0519,33.4908,463,45034,0.43141,0.81,1,1212802,1212339,463
84495461,27.6104,30.6982,460,45081,0.430282,0.75,1,1212829,1212369,460
84498381,29.5221,31.7396,458,45128,0.462056,0.71,1,1212859,1212401,458
84501301,20.3044,22.3479,456,45175,0.484411,0.71,1,1212877,1212421,456
84504221,20.8609,19.6696,458,45222,0.488882,0.75,1,1212898,1212440,458
84507141,11.3722,12.7339,456,45269,0.473776,0.69,1,1212907,1212451,456
84510061,22.2744,23.3468,455,45316,0.518755,0.67,1,1212932,1212477,455
84512981,35.6549,36.6694,454,45363,0.479751,0.57,1,1212971,1212517,454
84515901,35.131,38.5339,450,45409,0.47195,0.53,1,1213006,1212556,450
84518821,40.6262,45.3068,445,45455,0.50239,0.51,1,1213048,1212603,445
84521741,25.7252,28.2614,443,45501,0.508478,0.41,1,1213070,1212627,443
84524661,31.545,34.4523,440,45547,0.557696,0.35,1,1213103,1212663,440
84527581,30.309,32.4905,438,45593,0.583539,0.39,1,1213133,1212695,438
84530501,27.6618,27.2981,439,45639,0.588708,0.35,1,1213160,1212721,439
84533421,53.5324,50.2596,443,45685,0.621742,0.45,1,1213220,1212777,443
84536341,29.9065,30.0519,442,45731,0.660348,0.43,1,1213244,1212802,442
84539261,28.3813,27.6104,443,45777,0.68407,0.47,1,1213272,1212829,443
84542181,29.6763,29.5221,443,45823,0.656814,0.49,1,1213302,1212859,443
84545101,21.9353,20.3044,445,45869,0.651363,0.49,1,1213322,1212877,445
84548021,20.3871,20.8609,444,45915,0.650273,0.49,1,1213342,1212898,444
84550941,12.0774,4.17218,454,45961,0.618055,0.47,1,1213352,1212898,454
84553861,22.4155,8.03444,470,46007,0.627611,0.53,1,1213377,1212907,470
84556781,34.8831,21.6069,483,46053,0.645522,0.47,1,1213415,1212932,483
84559701,34.9766,35.5214,479,46099,0.649104,0.47,1,1213450,1212971,479
84562621,40.5953,35.1043,486,46145,0.665821,0.51,1,1213492,1213006,486
84565541,28.9191,40.6209,470,46191,0.669164,0.51,1,1213518,1213048,470
84568461,32.1838,25.7242,481,46237,0.653833,0.57,1,1213551,1213070,481
84571381,30.4368,31.5448,478,46283,0.634767,0.59,1,1213581,1213103,478
84574301,28.4874,30.309,476,46329,0.662953,0.59,1,1213609,1213133,476
84577221,56.0975,27.6618,512,46375,0.684591,0.63,1,1213672,1213160,512
84580141,30.4195,53.5324,476,46420,0.688918,0.67,1,1213696,1213220,476
84583061,29.2839,29.9065,481,46465,0.689784,0.69,1,1213725,1213244,481
84585981,29.8568,28.3813,483,46510,0.689957,0.65,1,1213755,1213272,483
84588901,20.3714,29.6763,471,46555,0.689991,0.65,1,1213773,1213302,471
84591821,20.0743,21.9353,471,46600,0.705998,0.65,1,1213793,1213322,471
84594741,12.0149,20.3871,461,46645,0.7252,0.61,1,1213803,1213342,461
84597661,23.203,12.0774,477,46690,0.72904,0.63,1,1213829,1213352,477
84600581,36.6406,22.4155,492,46735,0.809808,0.65,2,1213869,1213377,492
84603501,34.5281,34.8831,488,46780,0.825962,0.65,2,1213903,1213415,488
84606421,41.3056,34.9766,496,46825,0.829192,0.67,2,1213946,1213450,496
84609341,27.4611,40.5953,478,46870,0.829839,0.67,2,1213970,1213492,478
84612261,31.8922,28.9191,485,46915,0.813968,0.65,2,1214003,1213518,485
84615181,30.3784,32.1838,482,46960,0.842794,0.63,2,1214033,1213551,482
84618101,30.0757,30.4368,482,47005,0.848559,0.67,2,1214063,1213581,482
84621021,57.2151,28.4874,518,47050,0.913712,0.69,2,1214127,1213609,518
84838561,73,32,499,22724,0.03,0.49,1,1216464,1215965,499
84841481,73,73.6,488,22817,0.046,0.43,1,1216537,1216049,488
84844401,61.8,79.52,466,22910,0.0332,0.31,1,1216596,1216130,466
84847321,52.36,54.304,468,23003,0.04664,0.03,1,1216646,1216178,468
84850241,35.272,52.4608,447,23095,0.065328,0.03,1,1216677,1216230,447
84853161,19.8544,36.8922,430,23187,0.0370656,0.03,1,1216693,1216263,430
84856081,65.5709,51.3784,452,23278,0.0314131,0.01,1,1216770,1216318,452
84859001,105.914,68.6757,495,23369,0.0302826,0.03,1,1216886,1216391,495
84861921,79.5828,72.1351,495,23460,0.0620565,0.05,1,1216959,1216464,495
84864841,63.9166,72.827,482,23550,0.132411,0.03,1,1217019,1216537,482
84867761,51.9833,61.7654,472,23640,0.0344823,0.05,1,1217068,1216596,472
84870681,36.7967,52.3531,455,23730,0.0308965,0.07,1,1217101,1216646,455
84873601,17.7593,35.2706,437,23819,0.0461793,0.03,1,1217114,1216677,437
84876521,68.3519,19.8541,502,23908,0.0172359,0.03,1,1217195,1216693,502
84879441,15.2704,65.5708,427,23997,0.0114472,0.03,1,1217197,1216770,427
84882361,92.6541,105.914,423,24085,0.0102894,0.07,1,1217309,1216886,423
84885281,77.7308,79.5828,424,24173,0.0260579,0.15,1,1217383,1216959,424
84888201,64.3462,63.9166,425,24261,0.0772116,0.01,1,1217444,1217019,425
84891121,49.6692,51.9833,422,24348,0.103442,0.03,1,1217490,1217068,422
84894041,37.1338,36.7967,423,24435,0.140688,0.05,1,1217524,1217101,423
84896961,17.0268,17.7593,422,24522,0.116138,0.01,1,1217536,1217114,422
84899881,69.0054,68.3519,423,24608,0.0312275,0.01,1,1217618,1217195,423
84902801,15.4011,15.2704,423,24694,0.0302455,0.01,1,1217620,1217197,423
84905721,91.8802,92.6541,422,24780,0.0460491,0.03,1,1217731,1217309,422
84908641,77.576,77.7308,422,24866,0.0332098,0.09,1,1217805,1217383,422
84911561,65.9152,64.3462,424,24951,0.078642,0.11,1,1217868,1217444,424
84914481,50.783,49.6692,425,25036,0.135728,0.15,1,1217915,1217490,425
84917401,38.9566,37.1338,427,25121,0.147146,0.11,1,1217951,1217524,427
84920321,15.7913,17.0268,425,25205,0.149429,0.01,1,1217961,1217536,425
84923241,66.3583,69.0054,422,25289,0.133886,0.03,1,1218040,1217618,422
84926161,14.8717,15.4011,422,25373,0.130777,0.05,1,1218042,1217620,422
84929081,92.5743,91.8802,423,25457,0.114155,0.05,1,1218154,1217731,423
84932001,76.1149,18.376,495,25540,0.0948311,0.03,1,1218226,1217731,495
84934921,67.223,62.8752,486,25623,0.0749662,0.09,1,1218291,1217805,486
84937841,53.4446,62.975,473,25706,0.134993,0.15,1,1218341,1217868,473
84940761,41.0889,50.195,464,25788,0.146999,0.15,1,1218379,1217915,464
84943681,17.0178,38.839,439,25870,0.1654,0.15,1,1218390,1217951,439
84946601,63.4036,15.7678,504,25952,0.15308,0.13,1,1218465,1217961,504
84949521,14.2807,66.3536,427,26034,0.166616,0.13,1,1218467,1218040,427
84952441,93.2561,14.8707,538,26115,0.153323,0.11,1,1218580,1218042,538
84955361,75.4512,92.5741,497,26196,0.230665,0.09,1,1218651,1218154,497
84958281,67.0902,76.1148,490,26277,0.230133,0.07,1,1218716,1218226,490
84961201,55.818,67.223,478,26358,0.246027,0.15,1,1218769,1218291,478
84964121,41.5636,53.4446,466,26438,0.265205,0.15,1,1218807,1218341,466
84967041,16.3127,41.0889,438,26518,0.269041,0.17,1,1218817,1218379,438
84969961,64.8625,17.0178,504,26598,0.285808,0.15,1,1218894,1218390,504
84972881,14.5725,63.4036,431,26678,0.289162,0.17,1,1218896,1218465,431
84975801,93.3145,14.2807,542,26757,0.385832,0.15,1,1219009,1218467,542
84978721,78.6629,93.2561,504,26836,0.357166,0.25,1,1219084,1218580,504
84981641,66.9326,75.4512,497,26915,0.367433,0.23,1,1219148,1218651,497
84984561,14.9865,67.0902,434,26994,0.369487,0.25,1,1219150,1218716,434
84987481,45.3973,55.818,434,27072,0.369897,0.27,1,1219203,1218769,434
84990401,40.2795,41.5636,435,27150,0.401979,0.27,1,1219242,1218807,435
84993321,16.8559,16.3127,436,27228,0.392396,0.29,1,1219253,1218817,436
84996241,64.9712,64.8625,436,27306,0.422479,0.29,1,1219330,1218894,436
84999161,14.5942,14.5725,436,27384,0.396496,0.41,1,1219332,1218896,436
85002081,96.5188,93.3145,440,27461,0.503299,0.35,1,1219449,1219009,440
85005001,78.5038,78.6629,439,27538,0.49266,0.37,1,1219523,1219084,439
85007921,67.7008,66.9326,440,27615,0.554532,0.37,1,1219588,1219148,440
85010841,15.1401,14.9865,440,27692,0.534906,0.37,1,1219590,1219150,440
85013761,46.228,45.3973,441,27768,0.594981,0.41,1,1219644,1219203,441
85016681,39.6456,40.2795,440,27844,0.638996,0.39,1,1219682,1219242,440
85019601,15.9291,16.8559,439,27920,0.615799,0.43,1,1219692,1219253,439
85022521,66.3858,64.9712,441,27996,0.67516,0.39,1,1219771,1219330,441
85025441,14.8772,14.5942,441,28072,0.655032,0.53,1,1219773,1219332,441
85028361,100.575,96.5188,446,28147,0.763006,0.49,2,1219895,1219449,446
85031281,80.1151,78.5038,447,28222,0.816601,0.57,2,1219970,1219523,447
85034201,69.623,67.7008,449,28297,0.84332,0.53,2,1220037,1219588,449
85037121,15.5246,15.1401,449,28372,0.848664,0.53,2,1220039,1219590,449
85040041,47.9049,3.02803,505,28447,0.849733,0.61,2,1220095,1219590,505
85042961,39.981,43.8056,489,28521,0.865947,0.65,2,1220133,1219644,489
85045881,15.9962,39.1611,461,28595,0.885189,0.61,2,1220143,1219682,461
85183121,36,57,510,31887,0.55,1,1,1222515,1222005,510
85186041,36.8,37.8,514,31953,0.502,1,1,1222552,1222038,514
85188961,31.36,29.96,516,32019,0.4444,1,1,1222582,1222066,516
85191881,31.072,33.192,513,32085,0.35288,1,1,1222613,1222100,513
85194801,34.2144,27.4384,522,32151,0.206576,1,1,1222648,1222126,522
85197721,77.2429,27.0877,583,32217,0.0653152,1,1,1222736,1222153,583
85200641,73.0486,91.8175,547,32283,0.053063,1,1,1222808,1222261,547
85203561,66.6097,75.9635,540,32349,0.0186126,0.96,1,1222873,1222333,540
85206481,38.1219,67.1927,506,32414,0.0277225,0.87,1,1222904,1222398,506
85209401,36.4244,41.4385,507,32479,0.0295445,0.85,1,1222940,1222433,507
85212321,26.4849,45.0877,485,32544,0.0299089,0.55,1,1222964,1222479,485
85215241,28.497,37.8175,478,32609,0.0299818,0.49,1,1222993,1222515,478
85218161,25.6994,37.1635,466,32674,0.00599636,0.43,1,1223018,1222552,466
85221081,25.9399,31.4327,462,32739,0.0251993,0.33,1,1223044,1222582,462
85224001,6.78798,31.0865,433,32804,0.0450399,0.17,1,1223046,1222613,433
85226921,22.9576,34.2173,425,32868,0.049008,0.03,1,1223073,1222648,425
85229841,72.5915,77.2435,422,32932,0.0498016,0.05,1,1223158,1222736,422
85232761,73.7183,73.0487,424,32996,0.00996032,0.01,1,1223232,1222808,424
85235681,67.5437,66.6097,425,33060,0.0899921,0.03,1,1223298,1222873,425
85238601,38.3087,38.1219,425,33124,0.0179984,0.03,1,1223329,1222904,425
85241521,34.0617,36.4244,422,33188,0.0595997,0.03,1,1223362,1222940,422
85244441,26.0123,26.4849,422,33252,0.0199199,0.03,1,1223386,1222964,422
85247361,29.2025,28.497,423,33316,0.043984,0,1,1223416,1222993,423
85250281,25.8405,25.6994,423,33379,0.0327968,0.03,1,1223441,1223018,423
85253201,25.9681,25.9399,423,33442,0.0625594,0.05,1,1223467,1223044,423
85256121,6.79362,6.78798,423,33505,0.0685119,0.05,1,1223469,1223046,423
85259041,23.7587,22.9576,424,33568,0.101702,0.05,1,1223497,1223073,424
85261961,71.1517,72.5915,422,33631,0.0443405,0,1,1223580,1223158,422
85264881,73.4303,73.7183,422,33694,0.00886809,0.11,1,1223654,1223232,422
85267801,71.4861,67.5437,427,33757,0.0897736,0,1,1223725,1223298,427
85270721,35.0972,38.3087,422,33820,0.0739547,0.07,1,1223751,1223329,422
85273641,34.2194,34.0617,423,33883,0.0547909,0.01,1,1223785,1223362,423
85276561,25.2439,26.0123,422,33945,0.0509582,0.05,1,1223808,1223386,422
85279481,30.6488,29.2025,424,34007,0.0341916,0.03,1,1223840,1223416,424
85282401,25.3298,25.8405,423,34069,0.0628383,0.07,1,1223864,1223441,423
85285321,25.866,25.9681,423,34131,0.0685677,0.07,1,1223890,1223467,423
85288241,6.77319,6.79362,423,34193,0.0377135,0.11,1,1223892,1223469,423
85291161,26.9546,23.7587,427,34255,0.0475427,0.11,1,1223924,1223497,427
85294081,66.9909,4.75174,504,34317,0.0495085,0.03,1,1224001,1223497,504
85297001,72.5982,67.3504,495,34379,0.00990171,0,1,1224075,1223580,495
85299921,73.7196,72.6701,495,34441,0.0259803,0.11,1,1224149,1223654,495
85302841,34.7439,71.334,449,34502,0.0291961,0.07,1,1224174,1223725,449
85305761,32.5488,35.0668,455,34563,0.0298392,0.05,1,1224206,1223751,455
85308681,26.5098,34.2134,446,34624,0.0299678,0.05,1,1224231,1223785,446
85311601,30.102,25.2427,454,34685,0.0459936,0.03,1,1224262,1223808,454
85314521,25.2204,30.6485,446,34746,0.0491987,0.07,1,1224286,1223840,446
85317441,25.8441,25.3297,448,34807,0.0658397,0.07,1,1224312,1223864,448
85320361,6.76882,25.8659,424,34868,0.0691679,0.03,1,1224314,1223890,424
85323281,27.7538,6.77319,455,34929,0.0858336,0.05,1,1224347,1223892,455
85326201,65.5508,26.9546,498,34990,0.105167,0.05,1,1224422,1223924,498
85329121,73.1101,66.9909,496,35050,0.0210333,0,1,1224497,1224001,496
85332041,73.822,72.5982,496,35110,0.0282067,0.03,1,1224571,1224075,496
85334961,34.7644,73.7196,447,35170,0.0616413,0.03,1,1224596,1224149,447
85337881,32.5529,34.7439,454,35230,0.0683283,0.03,1,1224628,1224174,454
85340801,28.1106,32.5488,449,35290,0.0536657,0.03,1,1224655,1224206,449
85343721,29.6221,26.5098,454,35350,0.0507331,0.05,1,1224685,1224231,454
85346641,25.9244,30.102,448,35410,0.0661466,0.05,1,1224710,1224262,448
85349561,25.9849,25.2204,450,35470,0.101229,0.07,1,1224736,1224286,450
85352481,6.79698,25.8441,426,35530,0.108246,0.07,1,1224738,1224312,426
85355401,28.5594,6.76882,458,35589,0.109649,0.09,1,1224772,1224314,458
85358321,63.3119,27.7538,497,35648,0.12593,0.11,1,1224844,1224347,497
85361241,14.2624,65.5508,424,35707,0.129186,0,1,1224846,1224422,424
85364161,62.0525,73.1101,423,35766,0.0338372,0.03,1,1224920,1224497,423
85367081,71.6105,73.822,423,35825,0.0467674,0.07,1,1224994,1224571,423
85370001,35.9221,34.7644,425,35884,0.0973535,0.07,1,1225021,1224596,425
85372921,32.7844,32.5529,425,35943,0.0754707,0.05,1,1225053,1224628,425
85375841,26.5569,28.1106,423,36002,0.0870941,0.05,1,1225078,1224655,423
85378761,31.7114,29.6221,426,36061,0.105419,0.07,1,1225111,1224685,426
85381681,27.1423,25.9244,427,36120,0.109084,0.11,1,1225137,1224710,427
85384601,26.2285,25.9849,427,36179,0.125817,0.11,1,1225163,1224736,427
85387521,6.84569,6.79698,427,36237,0.129163,0.11,1,1225165,1224738,427
85390441,28.5691,28.5594,427,36295,0.145833,0.13,1,1225199,1224772,427
85393361,64.1138,63.3119,428,36353,0.181167,0.13,1,1225272,1224844,428
85396281,14.4228,14.2624,428,36411,0.156233,0.01,1,1225274,1224846,428
85399201,58.0846,62.0525,423,36469,0.135247,0.05,1,1225343,1224920,423
85402121,70.8169,71.6105,423,36527,0.0670493,0.11,1,1225417,1224994,423
85405041,37.3634,35.9221,425,36585,0.0854099,0.07,1,1225446,1225021,425
85407961,33.0727,32.7844,425,36643,0.089082,0.09,1,1225478,1225053,425
85410881,25.8145,26.5569,424,36701,0.105816,0.11,1,1225502,1225078,424
85413801,33.9629,31.7114,427,36759,0.0931633,0.11,1,1225538,1225111,427
85416721,28.3926,27.1423,428,36816,0.138633,0.13,1,1225565,1225137,428
85419641,27.2785,26.2285,429,36873,0.163727,0.13,1,1225592,1225163,429
85422561,7.0557,6.84569,429,36930,0.168745,0.15,1,1225594,1225165,429
85425481,29.4111,28.5691,430,36987,0.185749,0.19,1,1225629,1225199,430
85428401,64.2822,64.1138,430,37044,0.18915,0.15,1,1225702,1225272,430
85431321,14.4564,14.4228,430,37101,0.18983,0.13,1,1225704,1225274,430
85434241,54.8913,58.0846,426,37158,0.205966,0.13,1,1225769,1225343,426
85437161,67.7783,11.6169,497,37215,0.241193,0.05,1,1225840,1225343,497
85440081,36.7557,61.5234,452,37272,0.280239,0.09,1,1225869,1225417,452
85443001,32.9511,35.5047,455,37329,0.288048,0.09,1,1225901,1225446,455
85445921,26.5902,32.7009,448,37386,0.27361,0.11,1,1225926,1225478,448
85448841,35.718,25.7402,462,37443,0.254722,0.09,1,1225964,1225502,462
85451761,30.3436,33.948,455,37499,0.234944,0.15,1,1225993,1225538,455
85454681,28.4687,28.3896,456,37555,0.230989,0.17,1,1226021,1225565,456
85457601,7.29374,27.2779,431,37611,0.230198,0.17,1,1226023,1225592,431
85460521,28.6587,7.05558,463,37667,0.23004,0.19,1,1226057,1225594,463
85463441,64.1318,29.4111,501,37723,0.246008,0.19,1,1226130,1225629,501
85466361,14.4263,64.2822,430,37779,0.249202,0.19,1,1226132,1225702,430
85469281,58.0853,14.4564,497,37835,0.31384,0.21,1,1226201,1225704,497
85472201,70.0171,54.8913,505,37891,0.358768,0.25,1,1226274,1225769,505
85475121,38.0034,67.7783,464,37947,0.367754,0.29,1,1226304,1225840,464
85478041,33.2007,36.7557,467,38003,0.417551,0.29,1,1226336,1225869,467
85480961,25.8401,32.9511,459,38059,0.44351,0.27,1,1226360,1225901,459
85483881,34.768,26.5902,471,38115,0.464702,0.25,1,1226397,1225926,471
85486801,29.3536,35.718,461,38170,0.48494,0.23,1,1226425,1225964,461
85489721,28.2707,30.3436,460,38225,0.488988,0.23,1,1226453,1225993,460
85492641,7.25414,28.4687,434,38280,0.505798,0.23,1,1226455,1226021,434
85495561,29.4508,7.29374,467,38335,0.54116,0.23,1,1226490,1226023,467
85498481,65.0902,28.6587,507,38390,0.532232,0.25,1,1226564,1226057,507
85501401,14.618,64.1318,436,38445,0.530446,0.25,1,1226566,1226130,436
85504321,60.5236,14.4263,506,38500,0.514089,0.33,1,1226638,1226132,506
85507241,72.1047,58.0853,512,38555,0.526818,0.37,1,1226713,1226201,512
85510161,39.2209,70.0171,470,38610,0.545364,0.37,1,1226744,1226274,470
85513081,9.44419,38.0034,442,38665,0.549073,0.43,1,1226746,1226304,442
85516001,29.0888,33.2007,444,38720,0.581815,0.45,1,1226780,1226336,444
85518921,25.0178,25.8401,444,38775,0.620363,0.47,1,1226804,1226360,444
85521841,35.4036,34.768,445,38829,0.628073,0.49,1,1226842,1226397,445
85524761,30.2807,29.3536,446,38883,0.661615,0.49,1,1226871,1226425,446
85527681,30.0561,28.2707,448,38937,0.668323,0.51,1,1226901,1226453,448
85530601,7.61123,7.25414,448,38991,0.669665,0.55,1,1226903,1226455,448
85533521,29.5222,29.4508,448,39045,0.685933,0.53,1,1226938,1226490,448
85536441,65.1044,65.0902,448,39099,0.721187,0.53,1,1227012,1226564,448
85539361,14.6209,14.618,448,39153,0.760237,0.51,2,1227014,1226566,448
85542281,59.7242,60.5236,447,39207,0.768048,0.53,2,1227085,1226638,447
85545201,72.7448,72.1047,448,39261,0.80161,0.55,2,1227161,1226713,448
85548121,40.149,39.2209,449,39315,0.776322,0.55,2,1227193,1226744,449
85551041,9.62979,9.44419,449,39369,0.771264,0.59,2,1227195,1226746,449
85553961,30.726,29.0888,451,39423,0.834253,0.63,2,1227231,1226780,451
85556881,25.3452,25.0178,451,39477,0.846851,0.63,2,1227255,1226804,451
85559801,35.469,35.4036,451,39530,0.86537,0.67,2,1227293,1226842,451
85562721,31.8938,30.2807,453,39583,0.853074,0.67,2,1227324,1226871,453
85565641,31.9788,30.0561,455,39636,0.898615,0.67,2,1227356,1226901,455
85568561,7.99575,7.61123,455,39689,0.907723,0.69,2,1227358,1226903,455
85571481,30.3992,29.5222,456,39742,0.893545,0.73,2,1227394,1226938,456
85762741,82,93,496,19203,0.09,0.81,1,1229877,1229381,496
85765661,108.4,74.6,541,19314,0.09,0.39,1,1229992,1229451,541
85768581,62.48,122.12,458,19424,0.122,0.21,1,1230043,1229585,458
85771501,58.896,86.024,439,19533,0.1444,0.11,1,1230101,1229662,439
85774421,30.1792,41.2048,432,19642,0.13288,0.09,1,1230124,1229692,432
85777341,81.2358,22.641,508,19750,0.162576,0.07,1,1230218,1229710,508
85780261,83.4472,72.5282,507,19857,0.200515,0.09,1,1230302,1229795,507
85783181,108.689,80.1056,540,19964,0.208103,0.09,1,1230417,1229877,540
85786101,64.1379,108.021,478,20070,0.193621,0.13,1,1230470,1229992,478
85789021,58.4276,62.4042,484,20176,0.174724,0.15,1,1230527,1230043,484
85791941,31.6855,58.8808,451,20281,0.170945,0.13,1,1230552,1230101,451
85794861,81.5371,30.1762,522,20386,0.186189,0.17,1,1230646,1230124,522
85797781,85.9074,81.2352,515,20490,0.285238,0.21,1,1230733,1230218,515
85800701,109.181,83.4471,546,20594,0.385048,0.21,1,1230848,1230302,546
85803621,63.4363,108.689,483,20697,0.43701,0.19,1,1230900,1230417,483
85806541,57.4873,64.1379,486,20799,0.463402,0.17,1,1230956,1230470,486
85809461,31.4975,58.4276,454,20901,0.48468,0.17,1,1230981,1230527,454
85812381,83.0995,31.6855,525,21002,0.488936,0.19,1,1231077,1230552,525
85815301,18.2199,81.5371,433,21103,0.489787,0.31,1,1231079,1230646,433
85818221,77.244,85.9074,438,21204,0.505957,0.41,1,1231171,1230733,438
85821141,111.449,109.181,443,21304,0.557191,0.45,1,1231291,1230848,443
85824061,64.6898,63.4363,444,21404,0.615438,0.47,1,1231344,1230900,444
85826981,58.538,57.4873,445,21503,0.643088,0.49,1,1231401,1230956,445
85829901,32.5076,31.4975,446,21602,0.680618,0.49,1,1231427,1230981,446
85832821,84.1015,83.0995,447,21700,0.720124,0.49,1,1231524,1231077,447
85835741,18.4203,18.2199,447,21798,0.728025,0.51,1,1231526,1231079,447
85838661,77.2841,77.244,447,21895,0.697605,0.57,1,1231618,1231171,447
85841581,113.857,111.449,450,21992,0.803521,0.63,2,1231741,1231291,450
85844501,67.5714,64.6898,453,22088,0.792704,0.65,2,1231797,1231344,453
85847421,59.9143,58.538,454,22184,0.854541,0.69,2,1231855,1231401,454
85850341,32.7829,32.5076,454,22280,0.834908,0.73,2,1231881,1231427,454
85853261,85.7566,84.1015,456,22375,0.878982,0.73,2,1231980,1231524,456
85856181,18.7513,18.4203,456,22470,0.887796,0.69,2,1231982,1231526,456
85859101,77.3503,77.2841,456,22564,0.873559,0.69,2,1232074,1231618,456
85964221,84,35,562,25731,0.87,1,2,1234350,1233788,562
85967141,42.4,79.8,503,25813,0.886,1,2,1234382,1233879,503
85970061,70.88,43.96,546,25895,0.8252,1,2,1234460,1233914,546
85972981,120.576,66.392,607,25977,0.63704,0.97,1,1234593,1233986,607
85975901,53.7152,123.678,506,26059,0.599408,1,1,1234630,1234124,506
85978821,35.543,53.5357,501,26140,0.591882,0.97,1,1234661,1234160,501
85981741,36.7086,36.3071,506,26221,0.622376,0.89,1,1234698,1234192,506
85984661,35.3417,36.8614,504,26302,0.660475,0.85,1,1234733,1234229,504
85987581,73.4683,36.9723,550,26383,0.636095,0.87,1,1234816,1234266,550
85990501,37.8937,74.5945,495,26463,0.679219,0.89,1,1234845,1234350,495
85993421,69.9787,40.5189,541,26543,0.687844,0.81,1,1234923,1234382,541
85996341,109.996,70.5038,583,26623,0.753569,0.59,2,1235043,1234460,583
85999261,52.3991,120.501,488,26703,0.718714,0.59,1,1235081,1234593,488
86002181,33.6798,53.7002,480,26782,0.727743,0.59,1,1235110,1234630,480
86005101,38.736,35.54,489,26861,0.745549,0.63,1,1235150,1234661,489
86008021,9.34719,36.708,454,26940,0.74911,0.67,1,1235152,1234698,454
86010941,30.6694,35.3416,455,27019,0.749822,0.63,1,1235188,1234733,455
86013861,70.9339,73.4683,453,27097,0.813964,0.69,2,1235269,1234816,453
86016781,39.7868,37.8937,456,27175,0.858793,0.69,2,1235301,1234845,456
86019701,70.3574,69.9787,456,27253,0.899759,0.77,2,1235379,1234923,456
86022621,113.271,109.996,460,27331,0.923952,0.71,2,1235503,1235043,460
86025541,52.2543,52.3991,459,27408,0.91279,0.73,2,1235540,1235081,459
86136501,32,36,491,30204,0.81,1,2,1237478,1236987,491
86139421,29.6,35.2,485,30274,0.746,1,1,1237507,1237022,485
86142341,30.72,35.04,481,30344,0.6692,1,1,1237538,1237057,481
86145261,40.544,30.208,495,30414,0.58984,1,1,1237581,1237086,495
86148181,36.9088,50.8416,475,30484,0.541968,1,1,1237617,1237142,475
86151101,36.1818,33.3683,482,30553,0.516394,1,1,1237653,1237171,482
86154021,40.0364,29.0737,495,30622,0.399279,1,1,1237694,1237199,495
86156941,43.2073,53.8147,479,30691,0.439856,0.83,1,1237738,1237259,479
86159861,118.241,129.963,467,30760,0.351971,0.77,1,1237875,1237408,467
86162781,50.8483,56.3926,463,30829,0.302394,0.81,1,1237909,1237446,463
86165701,32.5697,36.8785,459,30898,0.308479,0.73,1,1237937,1237478,459
86168621,28.1139,30.5757,457,30966,0.293696,0.65,1,1237964,1237507,457
86171541,26.4228,30.9151,452,31034,0.338739,0.57,1,1237990,1237538,452
86174461,37.2846,40.583,449,31102,0.315748,0.53,1,1238030,1237581,449
86177381,33.0569,36.9166,445,31170,0.34315,0.51,1,1238062,1237617,445
86180301,32.2114,36.1833,441,31238,0.38063,0.37,1,1238094,1237653,441
86183221,35.2423,40.0367,436,31306,0.452126,0.37,1,1238130,1237694,436
86186141,44.6485,8.00733,483,31374,0.418425,0.45,1,1238177,1237694,483
86189061,116.93,36.8015,574,31441,0.475685,0.33,1,1238312,1237738,574
86191981,48.1859,116.96,468,31508,0.487137,0.29,1,1238343,1237875,468
86194901,32.0372,50.5921,462,31575,0.489427,0.31,1,1238371,1237909,462
86197821,28.8074,32.5184,462,31642,0.505885,0.29,1,1238399,1237937,462
86200741,27.3615,28.1037,462,31709,0.493177,0.35,1,1238426,1237964,462
86203661,35.8723,26.4207,474,31776,0.490635,0.31,1,1238464,1237990,474
86206581,35.9745,37.2841,470,31843,0.506127,0.35,1,1238500,1238030,470
86209501,32.7949,33.0568,470,31909,0.493225,0.39,1,1238532,1238062,470
86212421,38.559,32.2114,478,31975,0.538645,0.47,1,1238572,1238094,478
86215341,44.5118,35.2423,488,32041,0.563729,0.41,1,1238618,1238130,488
86218261,120.102,44.6485,580,32107,0.616746,0.49,1,1238757,1238177,580
86221181,48.8205,116.93,476,32173,0.659349,0.49,1,1238788,1238312,476
86224101,32.9641,48.1859,474,32239,0.71587,0.49,1,1238817,1238343,474
86227021,28.9928,32.0372,474,32305,0.727174,0.51,1,1238845,1238371,474
86229941,26.5986,28.8074,472,32370,0.745435,0.49,1,1238871,1238399,472
86232861,36.5197,27.3615,484,32435,0.733087,0.49,1,1238910,1238426,484
86235781,36.1039,35.8723,482,32500,0.778617,0.51,2,1238946,1238464,482
86238701,32.0208,35.9745,477,32565,0.771724,0.49,2,1238977,1238500,477
86241621,40.8042,32.7949,488,32630,0.754345,0.55,2,1239020,1238532,488
86244541,45.7608,38.559,495,32695,0.798869,0.57,2,1239067,1238572,495
86247461,122.752,44.5118,591,32760,0.807774,0.63,2,1239209,1238618,591
86250381,26.1504,120.102,454,32825,0.809555,0.67,2,1239211,1238757,454
86253301,30.8301,48.8205,455,32889,0.841911,0.73,2,1239243,1238788,455
86256221,31.766,32.9641,458,32953,0.864382,0.73,2,1239275,1238817,458
86259141,29.5532,28.9928,459,33017,0.868876,0.75,2,1239304,1238845,459
86262061,26.7106,26.5986,459,33081,0.885775,0.73,2,1239330,1238871,459
86264981,37.3421,36.5197,460,33145,0.921155,0.79,2,1239370,1238910,460
86431421,226,83,651,16323,0.11,0.89,1,1242056,1241405,651
86434341,108.4,199.8,501,16453,0.11,0.75,1,1242135,1241634,501
86437261,54.48,91.96,477,16582,0.062,0.73,1,1242176,1241699,477
86440181,35.696,47.992,471,16710,0.0844,0.67,1,1242207,1241736,471
86443101,60.7392,35.9984,505,16837,0.10488,0.45,1,1242274,1241769,505
86444561,172.948,55.9997,645,16963,0.060976,0.11,1,1242475,1241830,645
86447481,40.9896,192,427,17088,0.0841952,0.11,1,1242483,1242056,427
86450401,69.7979,101.6,425,17212,0.136839,0.05,1,1242560,1242135,425
86453321,47.5596,53.12,426,17335,0.131368,0.09,1,1242602,1242176,426
86456241,34.3119,35.424,426,17457,0.178274,0.11,1,1242633,1242207,426
86459161,62.0624,60.6848,428,17579,0.251655,0.05,1,1242702,1242274,428
86462081,177.212,172.937,433,17700,0.330331,0.09,1,1242908,1242475,433
86465001,97.8425,40.9874,503,17820,0.330066,0.15,1,1242986,1242483,503
86467921,54.7685,69.7975,470,17939,0.362013,0.13,1,1243030,1242560,470
86470841,36.5537,47.5595,460,18057,0.384403,0.19,1,1243062,1242602,460
86473761,8.91074,34.3119,431,18175,0.356881,0.27,1,1243064,1242633,431
86476681,58.5821,62.0624,433,18292,0.367376,0.35,1,1243135,1242702,433
86479601,179.716,177.212,437,18408,0.449475,0.33,1,1243345,1242908,437
86482521,99.1433,97.8425,438,18523,0.513895,0.37,1,1243424,1242986,438
86485441,56.6287,54.7685,440,18638,0.574779,0.39,1,1243470,1243030,440
86488361,36.1257,36.5537,439,18752,0.570956,0.35,1,1243501,1243062,439
86491281,8.82515,8.91074,439,18865,0.602191,0.37,1,1243503,1243064,439
86494201,57.765,58.5821,438,18977,0.640438,0.47,1,1243573,1243135,438
86497121,185.153,179.716,445,19089,0.744088,0.53,1,1243790,1243345,445
86500041,102.631,99.1433,448,19200,0.860818,0.59,2,1243872,1243424,448
86502961,58.1261,56.6287,449,19311,0.868163,0.57,2,1243919,1243470,449
86505881,38.0252,36.1257,451,19421,0.853633,0.61,2,1243952,1243501,451
86508801,9.20504,8.82515,451,19530,0.850727,0.65,2,1243954,1243503,451
86511721,60.241,57.765,454,19639,0.834145,0.65,2,1244027,1243573,454
86513181,172.848,11.553,655,19747,0.862829,0.77,2,1244228,1243573,655
86516101,52.1696,175.911,460,19854,0.900566,0.89,2,1244250,1243790,460
86519021,79.2339,100.782,464,19961,0.908113,0.87,2,1244336,1243872,464
86521941,52.6468,57.7564,463,20067,0.893623,0.85,2,1244382,1243919,463
86524861,36.1294,37.9513,462,20173,0.890725,0.85,2,1244414,1243952,462
86527781,8.82587,9.19026,462,20278,0.890145,0.83,2,1244416,1243954,462
86530701,61.7652,60.2381,464,20383,0.938029,0.87,2,1244491,1244027,464
86606621,29,31,503,22936,0.51,1,1,1246343,1245840,503
86609541,37.8,24.6,520,23028,0.35,1,1,1246383,1245863,520
86612461,38.76,51.32,501,23120,0.19,1,1,1246422,1245921,501
86613921,176.552,35.064,681,23212,0.062,1,1,1246633,1245952,681
86616841,39.3104,174.213,477,23303,0.0364,0.91,1,1246638,1246161,477
86619761,58.2621,95.6426,464,23394,0.03128,0.81,1,1246701,1246237,464
86622681,42.8524,51.1285,463,23485,0.006256,0.71,1,1246740,1246277,463
86625601,30.9705,39.8257,454,23575,0.0252512,0.51,1,1246768,1246314,454
86628521,18.9941,31.1651,441,23665,0.0290502,0.31,1,1246784,1246343,441
86631441,30.9988,38.233,435,23755,0.04581,0.15,1,1246818,1246383,435
86634361,30.1998,38.8466,426,23844,0.017162,0.03,1,1246848,1246422,426
86637281,174.84,176.569,426,23933,0.0274324,0.03,1,1247059,1246633,426
86640201,36.568,39.3139,423,24022,0.0294865,0.03,1,1247061,1246638,423
86643121,57.7136,58.2628,423,24110,0.0458973,0,1,1247124,1246701,423
86646041,41.9427,42.8526,422,24198,0.0171795,0.03,1,1247162,1246740,422
86648961,30.7885,30.9705,422,24286,0.0754359,0.03,1,1247190,1246768,422
86651881,18.9577,18.9941,422,24373,0.0230872,0.05,1,1247206,1246784,422
86654801,31.7915,30.9988,423,24460,0.0446174,0.01,1,1247241,1246818,423
86657721,29.5583,30.1998,422,24547,0.0489235,0.03,1,1247270,1246848,422
86660641,174.712,174.84,422,24633,0.0497847,0.03,1,1247481,1247059,422
86663561,36.5423,36.568,422,24719,0.0499569,0.05,1,1247483,1247061,422
86666481,57.7085,57.7136,422,24805,0.0179914,0.01,1,1247546,1247124,422
86669401,41.9417,41.9427,422,24890,0.0435983,0.09,1,1247584,1247162,422
86672321,30.7883,30.7885,422,24975,0.0647197,0.01,1,1247612,1247190,422
86675241,18.9577,18.9577,422,25060,0.116944,0.05,1,1247628,1247206,422
86678161,34.1915,31.7915,425,25145,0.0473888,0.05,1,1247666,1247241,425
86681081,27.6383,29.5583,422,25229,0.0654778,0.05,1,1247692,1247270,422
86684001,174.328,174.712,422,25313,0.0370956,0.05,1,1247903,1247481,422
86686921,36.4655,36.5423,422,25397,0.0634191,0.01,1,1247905,1247483,422
86689841,57.6931,57.7085,422,25480,0.0206838,0.01,1,1247968,1247546,422
86692761,41.1386,11.5417,459,25563,0.0281368,0.05,1,1248005,1247546,459
86695681,33.8277,32.7083,453,25646,0.0136274,0.07,1,1248037,1247584,453
86698601,16.3655,28.9417,437,25729,0.0427255,0.13,1,1248049,1247612,437
86701521,33.6731,18.5883,459,25811,0.0485451,0.03,1,1248087,1247628,459
86704441,27.5346,34.1177,447,25893,0.081709,0.07,1,1248113,1247666,447
86705901,166.307,27.6235,622,25975,0.0163418,0.03,1,1248314,1247692,622
86708821,43.6614,174.325,424,26057,0.0432684,0.07,1,1248327,1247903,424
86711741,10.3323,36.4649,424,26138,0.0486537,0.01,1,1248329,1247905,424
86714661,50.8665,57.693,422,26219,0.0657307,0.03,1,1248390,1247968,422
86717581,39.7733,41.1386,422,26300,0.0851462,0.01,1,1248427,1248005,422
86720501,35.1547,33.8277,424,26381,0.0250292,0.05,1,1248461,1248037,424
86723421,16.6309,16.3655,424,26461,0.0610058,0.05,1,1248473,1248049,424
86726341,33.7262,33.6731,424,26541,0.0362012,0.09,1,1248511,1248087,424
86729261,29.1452,27.5346,426,26621,0.0152402,0,1,1248539,1248113,426
86732181,173.029,166.307,434,26701,0.027048,0.05,1,1248748,1248314,434
86735101,36.2058,43.6614,423,26780,0.0294096,0.05,1,1248750,1248327,423
86738021,57.6412,10.3323,484,26859,0.0618819,0.07,1,1248813,1248329,484
86740941,13.1282,50.8665,425,26938,0.0683764,0.09,1,1248815,1248390,425
86743861,29.8256,39.7733,422,27017,0.0696753,0.01,1,1248849,1248427,422
86746781,33.9651,35.1547,423,27095,0.0699351,0.07,1,1248884,1248461,423
86749701,16.393,16.6309,423,27173,0.069987,0.03,1,1248896,1248473,423
86752621,33.6786,33.7262,423,27251,0.0699974,0.01,1,1248934,1248511,423
86755541,28.3357,29.1452,422,27329,0.0219995,0.03,1,1248961,1248539,422
86758461,173.667,173.029,423,27406,0.0443999,0.03,1,1249171,1248748,423
86761381,36.3334,36.2058,423,27483,0.04888,0.07,1,1249173,1248750,423
86764301,57.6667,57.6412,423,27560,0.049776,0.07,1,1249236,1248813,423
86767221,13.1333,13.1282,423,27637,0.0499552,0.07,1,1249238,1248815,423
86770141,31.4267,29.8256,425,27714,0.049991,0.07,1,1249274,1248849,425
86773061,32.6853,33.9651,423,27790,0.177998,0.07,1,1249307,1248884,423
86775981,16.1371,16.393,423,27866,0.1716,0.07,1,1249319,1248896,423
86778901,33.6274,33.6786,423,27942,0.25032,0.01,1,1249357,1248934,423
86781821,27.5255,28.3357,422,28018,0.266064,0.05,1,1249383,1248961,422
86784741,173.505,173.667,422,28094,0.0932128,0.05,1,1249593,1249171,422
86787661,36.301,36.3334,422,28169,0.0586426,0.05,1,1249595,1249173,422
86790581,59.2602,57.6667,424,28244,0.0357285,0.05,1,1249660,1249236,424
86793501,13.452,13.1333,424,28319,0.0311457,0.05,1,1249662,1249238,424
86796421,33.0904,31.4267,426,28394,0.0622291,0.05,1,1249700,1249274,426
86799341,35.4181,6.28533,462,28469,0.0524458,0.21,1,1249736,1249274,462
86802261,17.4836,27.6571,442,28543,0.0344892,0.17,1,1249749,1249307,442
86805181,35.4967,15.1314,470,28617,0.0628978,0.27,1,1249789,1249319,470
86808101,27.8993,33.4263,458,28691,0.0685796,0.27,1,1249815,1249357,458
86811021,164.78,27.4853,631,28765,0.0537159,0.05,1,1250014,1249383,631
86813941,34.556,173.497,423,28839,0.0507432,0.05,1,1250016,1249593,423
86816861,59.7112,36.2994,487,28912,0.0661486,0.03,1,1250082,1249595,487
86819781,13.5422,59.2599,424,28985,0.0692297,0.03,1,1250084,1249660,424
86822701,33.1084,13.452,460,29058,0.0858459,0.07,1,1250122,1249662,460
86825621,36.2217,33.0904,459,29131,0.105169,0.05,1,1250159,1249700,459
86828541,18.4443,35.4181,437,29204,0.125034,0.03,1,1250173,1249736,437
86831461,35.6889,17.4836,464,29276,0.145007,0.07,1,1250213,1249749,464
86834381,27.9378,35.4967,450,29348,0.181001,0.07,1,1250239,1249789,450
86837301,163.988,27.8993,622,29420,0.2362,0.05,1,1250437,1249815,622
86840221,34.3975,164.78,425,29492,0.24724,0.05,1,1250439,1250014,425
86843141,60.4795,34.556,490,29564,0.265448,0.07,1,1250506,1250016,490
86846061,13.6959,59.7112,426,29636,0.26909,0.07,1,1250508,1250082,426
86848981,35.5392,13.5422,465,29707,0.301818,0.09,1,1250549,1250084,465
86851901,35.9078,33.1084,463,29778,0.308364,0.11,1,1250585,1250122,463
86854821,8.78157,36.2217,428,29849,0.309673,0.13,1,1250587,1250159,428
86857741,13.7563,18.4443,429,29920,0.325935,0.15,1,1250602,1250173,429
86860661,35.5513,35.6889,430,29991,0.329187,0.19,1,1250643,1250213,430
86863581,28.7103,27.9378,431,30062,0.329837,0.25,1,1250670,1250239,431
86866501,166.542,163.988,434,30132,0.393967,0.25,1,1250871,1250437,434
86869421,34.9084,34.3975,434,30202,0.406793,0.27,1,1250873,1250439,434
86872341,62.1817,60.4795,436,30272,0.425359,0.27,1,1250942,1250506,436
86875261,14.0363,13.6959,436,30342,0.429072,0.31,1,1250944,1250508,436
86878181,36.4073,35.5392,437,30412,0.429814,0.31,1,1250986,1250549,437
86881101,36.0815,35.9078,437,30482,0.445963,0.31,1,1251022,1250585,437
86884021,8.81629,8.78157,437,30551,0.449193,0.33,1,1251024,1250587,437
86886941,13.7633,13.7563,437,30620,0.433839,0.33,1,1251039,1250602,437
86889861,34.7527,35.5513,436,30689,0.494768,0.33,1,1251079,1250643,436
86892781,30.1505,28.7103,438,30758,0.554954,0.41,1,1251108,1250670,438
86895701,168.43,166.542,440,30827,0.694991,0.41,1,1251311,1250871,440
86898621,35.286,34.9084,440,30896,0.738998,0.43,1,1251313,1250873,440
86901541,63.0572,62.1817,441,30964,0.6838,0.43,1,1251383,1250942,441
86904461,14.2114,14.0363,441,31032,0.67276,0.43,1,1251385,1250944,441
86907381,37.2423,36.4073,442,31100,0.702552,0.45,1,1251428,1250986,442
86910301,36.2485,36.0815,442,31168,0.70851,0.45,1,1251464,1251022,442
86913221,8.84969,8.81629,442,31236,0.709702,0.43,1,1251466,1251024,442
86916141,14.5699,13.7633,443,31304,0.70994,0.43,1,1251482,1251039,443
86919061,35.714,2.75265,484,31372,0.677988,0.51,1,1251523,1251039,484
86921981,32.7428,32.5505,476,31439,0.687598,0.57,1,1251555,1251079,476
86923441,167.349,29.7101,648,31506,0.75352,0.73,2,1251756,1251108,648
86926361,43.0697,168.342,457,31573,0.782704,0.75,2,1251768,1251311,457
86929281,10.2139,35.2684,457,31640,0.788541,0.67,2,1251770,1251313,457
86932201,56.4428,63.0537,455,31707,0.853708,0.67,2,1251838,1251383,455
86935121,12.8886,14.2107,455,31774,0.866742,0.71,2,1251840,1251385,455
86938041,36.9777,37.2421,455,31841,0.869348,0.71,2,1251883,1251428,455
86940961,36.1955,36.2484,455,31907,0.86987,0.71,2,1251919,1251464,455
86943881,8.83911,8.84969,455,31973,0.869974,0.71,2,1251921,1251466,455
86946801,15.3678,14.5699,456,32039,0.885995,0.67,2,1251938,1251482,456
86949721,35.0736,35.714,455,32105,0.873199,0.69,2,1251978,1251523,455
86952641,33.4147,32.7428,456,32171,0.90264,0.77,2,1252011,1251555,456
86955561,180.283,167.349,472,32237,0.948528,0.79,2,1252228,1251756,472
87117621,52,94,456,15606,0.03,0.01,1,1254695,1254239,456
87120541,79.2,90.8,452,15742,0.014,0.05,1,1254781,1254329,452
87123461,59.04,72.56,438,15877,0.0028,0.03,1,1254835,1254397,438
87126381,27.808,34.512,433,16011,0.05656,0.11,1,1254855,1254422,433
87129301,177.562,183.702,427,16144,0.115312,0.03,1,1255070,1254643,427
87132221,74.7123,78.3405,424,16276,0.127062,0.01,1,1255119,1254695,424
87135141,82.9425,84.4681,423,16406,0.0254125,0,1,1255204,1254781,423
87138061,61.3885,60.0936,425,16535,0.0290825,0.07,1,1255260,1254835,425
87140981,28.2777,28.0187,425,16663,0.0458165,0.07,1,1255280,1254855,425
87142441,166.456,5.60374,626,16790,0.0331633,0.13,1,1255481,1254855,626
87145361,45.2911,173.121,426,16916,0.0306327,0.13,1,1255496,1255070,426
87148281,48.2582,73.8241,426,17042,0.0781265,0,1,1255545,1255119,426
87151201,74.4516,82.7648,422,17167,0.0156253,0.03,1,1255626,1255204,422
87154121,61.2903,61.353,424,17291,0.0431251,0.05,1,1255684,1255260,424
87157041,28.2581,28.2706,424,17414,0.080625,0.03,1,1255704,1255280,424
87159961,176.852,166.454,437,17536,0.104125,0.03,1,1255918,1255481,437
87162881,75.3703,45.2908,472,17657,0.124825,0.09,1,1255968,1255496,472
87165801,78.2741,48.2582,502,17777,0.144965,0,1,1256047,1255545,502
87168721,63.6548,74.4516,481,17896,0.052993,0.05,1,1256107,1255626,481
87171641,28.731,61.2903,443,18015,0.0345986,0.09,1,1256127,1255684,443
87174561,7.34619,28.2581,425,18133,0.0309197,0.11,1,1256129,1255704,425
87177481,174.269,176.852,427,18250,0.126184,0.13,1,1256345,1255918,427
87180401,75.6538,75.3703,428,18366,0.177237,0.15,1,1256396,1255968,428
87183321,77.5308,78.2741,427,18482,0.219447,0.03,1,1256474,1256047,427
87186241,60.3062,63.6548,423,18597,0.163889,0.03,1,1256530,1256107,423
87189161,28.0612,28.731,423,18711,0.152778,0.03,1,1256550,1256127,423
87192081,7.21225,7.34619,423,18824,0.150556,0.15,1,1256552,1256129,423
87195001,179.042,174.269,429,18937,0.230111,0.19,1,1256774,1256345,429
87197921,78.2085,75.6538,431,19049,0.310022,0.23,1,1256827,1256396,431
87200841,78.0417,77.5308,431,19160,0.390004,0.15,1,1256905,1256474,431
87203761,58.8083,60.3062,429,19271,0.422001,0.15,1,1256959,1256530,429
87206681,27.7617,28.0612,429,19381,0.4124,0.15,1,1256979,1256550,429
87209601,7.15233,7.21225,429,19490,0.44248,0.25,1,1256981,1256552,429
87212521,183.03,179.042,434,19599,0.448496,0.25,1,1257208,1256774,434
87215441,80.6061,35.8085,489,19707,0.513699,0.33,1,1257263,1256774,489
87218361,80.9212,49.5617,517,19815,0.52674,0.41,1,1257344,1256827,517
87221281,60.9842,72.3123,495,19922,0.529348,0.43,1,1257400,1256905,495
87224201,28.1968,57.6625,461,20028,0.52987,0.41,1,1257420,1256959,461
87227121,7.23937,27.5325,443,20134,0.529974,0.45,1,1257422,1256979,443
87228581,162.248,7.1065,642,20239,0.625995,0.45,1,1257623,1256981,642
87231501,56.4496,183.021,445,20344,0.677199,0.53,1,1257653,1257208,445
87234421,57.6899,80.6043,448,20448,0.71944,0.53,1,1257711,1257263,448
87237341,76.338,80.9209,448,20552,0.743888,0.53,1,1257792,1257344,448
87240261,60.0676,60.9842,448,20655,0.748778,0.53,1,1257848,1257400,448
87243181,28.0135,28.1968,448,20758,0.781756,0.53,2,1257868,1257420,448
87246101,7.2027,7.23937,448,20860,0.756351,0.65,2,1257870,1257422,448
87249021,191.041,162.248,484,20962,0.86327,0.69,2,1258107,1257623,484
87251941,39.8081,56.4496,456,21063,0.884654,0.73,2,1258109,1257653,456
87254861,55.1616,57.6899,457,21164,0.904931,0.75,2,1258168,1257711,457
87257781,77.4323,76.338,459,21264,0.924986,0.75,2,1258251,1257792,459
87260701,60.2865,60.0676,459,21364,0.928997,0.79,2,1258307,1257848,459
87263621,28.0573,28.0135,459,21463,0.929799,0.75,2,1258327,1257868,459
87266541,7.21146,7.2027,459,21562,0.92996,0.89,2,1258329,1257870,459
87355601,184,203,478,24425,0.37,0.98,1,1260466,1259988,478
87358521,65.6,66.2,482,24512,0.29,1,1,1260502,1260020,482
87361441,40.32,46.04,475,24598,0.194,0.95,1,1260536,1260061,475
87364361,72.864,76.408,472,24684,0.1428,1,1,1260617,1260145,472
87367281,38.5728,40.0816,471,24770,0.11656,0.97,1,1260647,1260176,471
87370201,30.9146,33.6163,468,24856,0.159312,0.81,1,1260676,1260208,468
87373121,34.1829,37.9233,464,24941,0.151862,0.73,1,1260711,1260247,464
87376041,32.4366,35.5847,461,25026,0.230372,0.37,1,1260743,1260282,461
87378961,135.287,154.317,438,25111,0.246074,0.27,1,1260904,1260466,438
87381881,51.0575,59.6634,432,25195,0.249215,0.17,1,1260934,1260502,432
87384801,35.0115,39.1327,429,25279,0.281843,0.13,1,1260965,1260536,429
87387721,69.4023,72.6265,426,25363,0.272369,0.11,1,1261043,1260617,426
87390641,38.6805,38.5253,427,25447,0.286474,0.11,1,1261074,1260647,427
87393561,30.9361,7.70506,456,25530,0.289295,0.17,1,1261103,1260647,456
87396481,34.9872,24.741,463,25613,0.289859,0.15,1,1261139,1260676,463
87399401,34.9974,32.9482,463,25696,0.337972,0.25,1,1261174,1260711,463
87402321,137.399,32.1896,594,25778,0.395594,0.25,1,1261337,1260743,594
87405241,51.4799,135.238,463,25860,0.407119,0.25,1,1261367,1260904,463
87408161,35.096,51.0476,464,25942,0.393424,0.29,1,1261398,1260934,464
87411081,68.6192,35.0095,510,26024,0.438685,0.27,1,1261475,1260965,510
87414001,39.3238,69.4019,464,26105,0.479737,0.29,1,1261507,1261043,464
87416921,32.6648,38.6804,464,26186,0.503947,0.29,1,1261538,1261074,464
87419841,36.133,30.9361,472,26267,0.508789,0.29,1,1261575,1261103,472
87422761,38.4266,34.9872,475,26348,0.557758,0.35,1,1261614,1261139,475
87425681,138.885,34.9974,604,26428,0.567552,0.41,1,1261778,1261174,604
87428601,51.7771,137.399,471,26508,0.58551,0.41,1,1261808,1261337,471
87431521,34.3554,51.4799,471,26588,0.589102,0.39,1,1261838,1261367,471
87434441,70.8711,35.096,520,26668,0.60582,0.45,1,1261918,1261398,520
87437361,41.3742,68.6192,477,26747,0.625164,0.49,1,1261952,1261475,477
87440281,33.8748,39.3238,477,26826,0.629033,0.51,1,1261984,1261507,477
87443201,36.375,32.6648,483,26905,0.629807,0.51,1,1262021,1261538,483
87446121,8.87499,36.133,448,26984,0.629961,0.57,1,1262023,1261575,448
87449041,32.975,38.4266,448,27062,0.693992,0.57,1,1262062,1261614,448
87451961,139.395,138.885,450,27140,0.770798,0.59,2,1262228,1261778,450
87454881,52.679,51.7771,451,27218,0.80216,0.59,2,1262259,1261808,451
87457801,34.5358,34.3554,451,27296,0.808432,0.61,2,1262289,1261838,451
87460721,71.7072,70.8711,452,27374,0.809686,0.63,2,1262370,1261918,452
87463641,42.3414,41.3742,453,27451,0.825937,0.63,2,1262405,1261952,453
87466561,34.0683,33.8748,453,27528,0.829187,0.63,2,1262437,1261984,453
87469481,36.4137,36.375,453,27605,0.909837,0.63,2,1262474,1262021,453
87472401,8.88273,8.87499,453,27682,0.893968,0.71,2,1262476,1262023,453
87475321,35.3765,32.975,456,27759,0.906794,0.79,2,1262518,1262062,456
87633001,22,43,509,31612,0.89,1,2,1265293,1264784,509
87635921,35.6,34.2,516,31679,0.874,1,2,1265332,1264816,516
87638841,39.92,34.84,522,31746,0.7908,1,2,1265373,1264851,522
87641761,35.984,37.368,519,31813,0.83816,1,2,1265408,1264889,519
87644681,125.597,40.2736,626,31880,0.847632,1,2,1265556,1264930,626
87647601,53.9194,132.055,507,31946,0.929526,1,2,1265592,1265085,507
87650521,38.7839,56.0109,505,32012,0.945905,0.93,2,1265627,1265122,505
87773161,39,166,504,34678,0.31,1,1,1267491,1266987,504
87776081,36.6,59.6,507,34739,0.15,1,1,1267527,1267020,507
87779001,33.72,41.52,503,34800,0.054,1,1,1267560,1267057,503
87781921,39.544,34.704,511,34861,0.0108,1,1,1267601,1267090,511
87784841,33.5088,34.9408,508,34922,0.04216,1,1,1267633,1267125,508
87787761,23.5018,30.9882,499,34983,0.016432,1,1,1267654,1267155,499
87790681,33.5004,29.3976,506,35043,0.0272864,1,1,1267690,1267184,506
87793601,28.3001,34.6795,497,35103,0.0454573,0.94,1,1267717,1267220,497
87796521,28.86,27.7359,500,35163,0.0490915,0.95,1,1267746,1267246,500
87799441,27.372,29.5472,497,35223,0.0178183,0.93,1,1267773,1267276,497
87802361,99.8744,30.7094,584,35283,0.0595637,0.45,1,1267891,1267307,584
87805281,43.9749,122.142,469,35343,0.0519127,0.31,1,1267921,1267452,469
87808201,33.595,55.6284,461,35403,0.0663825,0.11,1,1267952,1267491,461
87811121,31.519,39.9257,456,35463,0.0532765,0.03,1,1267983,1267527,456
87814041,42.3038,34.3851,468,35523,0.0346553,0,1,1268028,1267560,468
87816961,31.6608,39.677,456,35583,0.0629311,0.05,1,1268057,1267601,456
87819881,23.9322,33.5354,446,35642,0.0205862,0.01,1,1268079,1267633,446
87822801,6.38643,23.5071,427,35701,0.0601172,0.03,1,1268081,1267654,427
87825721,27.6773,33.5014,424,35760,0.148023,0.05,1,1268114,1267690,424
87828641,26.3355,28.3003,423,35819,0.101605,0.05,1,1268140,1267717,423
87831561,29.2671,28.8601,424,35878,0.0763209,0.01,1,1268170,1267746,424
87834481,26.6534,27.372,423,35937,0.0872642,0.07,1,1268196,1267773,423
87837401,101.331,99.8744,425,35996,0.0254528,0.05,1,1268316,1267891,425
87840321,43.4661,43.9749,424,36055,0.0770906,0.07,1,1268345,1267921,424
87843241,32.6932,33.595,423,36114,0.103418,0.05,1,1268375,1267952,423
87846161,31.3386,31.519,423,36173,0.0926836,0.03,1,1268406,1267983,423
87849081,42.2677,42.3038,423,36231,0.0745367,0.07,1,1268451,1268028,423
87852001,33.2535,31.6608,425,36289,0.0549073,0.01,1,1268482,1268057,425
87854921,23.4507,23.9322,424,36347,0.0189815,0.07,1,1268503,1268079,424
87857841,6.29014,6.38643,424,36405,0.0117963,0.17,1,1268505,1268081,424
87860761,30.858,27.6773,428,36463,0.0583593,0.09,1,1268542,1268114,428
87863681,22.1716,26.3355,422,36521,0.0836719,0.07,1,1268562,1268140,422
87866601,29.2343,29.2671,423,36579,0.104734,0.09,1,1268593,1268170,423
87869521,25.8469,26.6534,422,36637,0.0929469,0.01,1,1268618,1268196,422
87872441,101.169,101.331,422,36695,0.0425894,0.09,1,1268738,1268316,422
87875361,45.0339,43.4661,424,36753,0.0805179,0.11,1,1268769,1268345,424
87878281,33.8068,32.6932,425,36810,0.120104,0.09,1,1268800,1268375,425
87881201,30.7614,31.3386,424,36867,0.128021,0.07,1,1268830,1268406,424
87884121,41.3523,42.2677,423,36924,0.0656041,0.05,1,1268874,1268451,423
87887041,33.8705,33.2535,424,36981,0.0211208,0.01,1,1268906,1268482,424
87889961,21.9741,23.4507,422,37038,0.0282242,0.01,1,1268925,1268503,422
87892881,5.99482,6.29014,422,37095,0.0296448,0.07,1,1268927,1268505,422
87895801,31.599,30.858,423,37152,0.077929,0.07,1,1268965,1268542,423
87898721,22.3198,6.17161,443,37209,0.0715858,0.09,1,1268985,1268542,443
87901641,30.064,17.2343,455,37266,0.0863172,0.11,1,1269017,1268562,455
87904561,25.2128,28.2469,448,37323,0.121263,0.09,1,1269041,1268593,448
87907481,101.043,25.6494,543,37380,0.192253,0.03,1,1269161,1268618,543
87910401,45.0085,101.13,454,37437,0.190451,0.09,1,1269192,1268738,454
87913321,35.4017,45.026,456,37493,0.20609,0.13,1,1269225,1268769,456
87916241,31.0803,33.8052,455,37549,0.209218,0.13,1,1269255,1268800,455
87919161,38.2161,30.761,465,37605,0.225844,0.05,1,1269295,1268830,465
87922081,33.2432,41.3522,453,37661,0.261169,0.01,1,1269327,1268874,453
87925001,21.8486,33.8704,440,37717,0.252234,0.03,1,1269346,1268906,440
87927921,5.96973,21.9741,423,37773,0.218447,0.03,1,1269348,1268925,423
87930841,33.1939,5.99482,461,37829,0.227689,0.09,1,1269388,1268927,461
87933761,23.4388,31.599,444,37885,0.229538,0.07,1,1269409,1268965,444
87936681,31.8878,22.3198,458,37941,0.261908,0.09,1,1269443,1268985,458
87939601,26.3776,30.064,451,37997,0.300382,0.13,1,1269468,1269017,451
87942521,102.876,25.2128,549,38053,0.356076,0.21,1,1269590,1269041,549
87945441,46.1751,101.043,461,38109,0.383215,0.19,1,1269622,1269161,461
87948361,36.435,45.0085,464,38164,0.388643,0.21,1,1269656,1269192,464
87951281,31.287,35.4017,461,38219,0.405729,0.21,1,1269686,1269225,461
87954201,39.0574,31.0803,472,38274,0.425146,0.23,1,1269727,1269255,472
87957121,35.0115,38.2161,466,38329,0.477029,0.27,1,1269761,1269295,466
87960041,19.8023,33.2432,450,38384,0.487406,0.25,1,1269777,1269327,450
87962961,5.56046,21.8486,433,38439,0.489481,0.21,1,1269779,1269346,433
87965881,33.9121,5.96973,472,38494,0.505896,0.23,1,1269820,1269348,472
87968801,24.3824,33.1939,454,38549,0.477179,0.23,1,1269842,1269388,454
87971721,34.4765,23.4388,470,38604,0.487436,0.27,1,1269879,1269409,470
87974641,8.4953,31.8878,438,38659,0.489487,0.31,1,1269881,1269443,438
87977561,20.8991,26.3776,437,38714,0.489897,0.37,1,1269905,1269468,437
87980481,104.18,102.876,440,38769,0.52198,0.39,1,1270030,1269590,440
87983401,47.236,46.1751,441,38823,0.528396,0.39,1,1270063,1269622,441
87986321,37.4472,36.435,442,38877,0.545679,0.41,1,1270098,1269656,442
87989241,33.0894,31.287,444,38931,0.549136,0.43,1,1270130,1269686,444
87992161,38.6179,39.0574,443,38985,0.549827,0.49,1,1270170,1269727,443
87995081,37.3236,35.0115,446,39039,0.549965,0.49,1,1270207,1269761,446
87998001,20.2647,19.8023,446,39093,0.565993,0.49,1,1270223,1269777,446
88000921,5.65294,5.56046,446,39147,0.601199,0.51,1,1270225,1269779,446
88003841,34.7306,33.9121,447,39201,0.62424,0.47,1,1270267,1269820,447
88006761,22.9461,24.3824,445,39255,0.628848,0.49,1,1270287,1269842,445
88009681,34.9892,34.4765,446,39309,0.62977,0.49,1,1270325,1269879,446
88012601,8.59784,8.4953,446,39363,0.597954,0.49,1,1270327,1269881,446
88015521,21.7196,20.8991,447,39417,0.639591,0.53,1,1270352,1269905,447
88018441,105.944,104.18,449,39471,0.695918,0.53,1,1270479,1270030,449
88021361,46.7888,47.236,448,39525,0.707184,0.55,1,1270511,1270063,448
88024281,38.1578,37.4472,449,39578,0.725437,0.55,1,1270547,1270098,449
88027201,31.6316,33.0894,447,39631,0.729087,0.55,1,1270577,1270130,447
88030121,39.1263,38.6179,448,39684,0.729818,0.55,1,1270618,1270170,448
88033041,38.2253,37.3236,449,39737,0.777963,0.57,2,1270656,1270207,449
88035961,21.2451,20.2647,450,39790,0.803593,0.61,2,1270673,1270223,450
88038881,5.84901,5.65294,450,39843,0.808719,0.63,2,1270675,1270225,450
88041801,35.5698,34.7306,451,39896,0.793744,0.63,2,1270718,1270267,451
88044721,23.114,22.9461,451,39949,0.790749,0.63,2,1270738,1270287,451
88047641,35.8228,34.9892,452,40002,0.77415,0.59,2,1270777,1270325,452
88050561,8.76456,8.59784,452,40055,0.77083,0.65,2,1270779,1270327,452
88053481,21.7529,21.7196,452,40108,0.786166,0.65,2,1270804,1270352,452
88056401,107.551,4.34391,581,40161,0.869233,0.71,2,1270933,1270352,581
88059321,47.9101,102.469,487,40214,0.901847,0.71,2,1270966,1270479,487
88062241,38.382,46.0938,491,40267,0.908369,0.73,2,1271002,1270511,491
88065161,31.6764,38.0188,485,40319,0.925674,0.73,2,1271032,1270547,485
88068081,40.7353,31.6037,498,40371,0.929135,0.73,2,1271075,1270577,498
88071001,40.9471,39.1207,498,40423,0.945827,0.79,2,1271116,1270618,498
88364461,28,38,456,20440,0.21,0.69,1,1274721,1274265,456
88367381,88,54.8,500,20544,0.194,0.39,1,1274824,1274324,500
88370301,89.6,95.76,484,20647,0.2068,0.25,1,1274914,1274430,484
88373221,46.72,75.952,449,20750,0.27336,0.15,1,1274950,1274501,449
88376141,30.144,40.7904,443,20852,0.302672,0.15,1,1274976,1274533,443
88379061,31.6288,28.1581,450,20954,0.308534,0.13,1,1275008,1274558,450
88381981,69.5258,59.2316,462,21055,0.309707,0.15,1,1275087,1274625,462
88384901,65.1052,66.2463,458,21156,0.357941,0.19,1,1275151,1274693,458
88387821,96.221,118.049,431,21256,0.463588,0.21,1,1275255,1274824,431
88390741,92.8442,95.6099,433,21356,0.484718,0.29,1,1275347,1274914,433
88393661,50.5688,47.922,437,21455,0.504943,0.31,1,1275387,1274950,437
88396581,30.9138,30.3844,437,21554,0.540989,0.31,1,1275413,1274976,437
88399501,31.7828,31.6769,437,21652,0.564198,0.31,1,1275445,1275008,437
88402421,69.5566,69.5354,437,21750,0.58484,0.37,1,1275524,1275087,437
88405341,68.3113,65.1071,441,21848,0.636968,0.49,1,1275592,1275151,441
88408261,99.2623,96.2214,444,21945,0.711394,0.49,1,1275699,1275255,444
88411181,93.4524,92.8443,444,22042,0.726279,0.51,1,1275791,1275347,444
88414101,53.0905,50.5689,447,22138,0.777256,0.55,2,1275834,1275387,447
88417021,33.0181,30.9138,449,22234,0.771451,0.57,2,1275862,1275413,449
88419941,33.0036,31.7828,450,22329,0.75429,0.59,2,1275895,1275445,450
88422861,69.0007,69.5566,449,22424,0.814858,0.65,2,1275973,1275524,449
88425781,73.0001,68.3113,455,22519,0.826972,0.65,2,1276047,1275592,455
88428701,101.8,13.6623,564,22613,0.829394,0.73,2,1276156,1275592,564
88431621,92.36,88.3325,547,22707,0.845879,0.73,2,1276246,1275699,547
88434541,56.072,91.2665,502,22800,0.881176,0.79,2,1276293,1275791,502
88437461,33.6144,52.6533,487,22893,0.856235,0.77,2,1276321,1275834,487
88440381,33.1229,32.9307,492,22986,0.883247,0.75,2,1276354,1275862,492
88443301,69.8246,32.9861,538,23078,0.856649,0.83,2,1276433,1275895,538
88446221,71.5649,68.9972,532,23170,0.81933,0.83,2,1276505,1275973,532
88449141,104.713,72.9994,571,23261,0.875866,0.83,2,1276618,1276047,571
88452061,93.7426,101.8,553,23352,0.903173,0.85,2,1276709,1276156,553
88454981,56.3485,92.36,510,23443,0.940635,0.89,2,1276756,1276246,510
88563021,96,91,487,11335,0.25,0.21,1,1279196,1278709,487
88565941,61.6,71.8,473,11523,0.314,0.19,1,1279249,1278776,473
88567401,184.32,60.76,630,11707,0.4068,0.29,1,1279464,1278834,630
88570321,95.264,224.952,437,11889,0.55336,0.25,1,1279537,1279100,437
88573241,95.0528,121.79,436,12068,0.598672,0.33,1,1279632,1279196,436
88576161,61.4106,66.7581,436,12244,0.623734,0.33,1,1279685,1279249,436
88577621,173.082,13.3516,637,12418,0.676747,0.43,1,1279886,1279249,637
88580541,113.816,174.67,521,12589,0.655349,0.59,1,1279985,1279464,521
88583461,101.163,93.3341,546,12758,0.71507,0.61,1,1280083,1279537,546
88586381,61.8327,94.6668,503,12925,0.743014,0.63,1,1280135,1279632,503
88587841,173.167,61.3334,651,13089,0.780603,0.69,2,1280336,1279685,651
88590761,116.233,173.067,552,13251,0.772121,0.65,2,1280438,1279886,552
88593681,104.847,113.813,555,13411,0.834424,0.73,2,1280540,1279985,555
88596601,63.3693,101.163,510,13569,0.846885,0.75,2,1280593,1280083,510
88660841,91,0,589,16800,0.11,1,1,1282907,1282318,589
88663761,71,84.8,549,16926,0.022,1,1,1282973,1282424,549
88666681,147.8,77.76,640,17051,0.0124,0.97,1,1283140,1282500,640
88669601,55.96,157.952,495,17176,0.02648,0.79,1,1283173,1282678,495
88672521,79.992,61.9904,543,17300,0.061296,0.47,1,1283259,1282716,543
88675441,75.1984,92.3981,517,17423,0.100259,0.11,1,1283333,1282816,517
88678361,68.6397,91.2796,493,17545,0.0600518,0,1,1283400,1282907,493
88681281,143.328,71.0559,589,17666,0.0520104,0.01,1,1283562,1282973,589
88684201,55.0656,147.811,455,17786,0.0984021,0.03,1,1283595,1283140,455
88687121,81.4131,55.9622,510,17905,0.10768,0.07,1,1283683,1283173,510
88690041,75.4826,79.9924,498,18024,0.141536,0.11,1,1283757,1283259,498
88692961,16.6965,75.1985,426,18142,0.148307,0.05,1,1283759,1283333,426
88695881,55.3393,68.6397,424,18259,0.0696614,0.05,1,1283824,1283400,424
88698801,142.268,143.328,426,18375,0.101932,0.11,1,1283988,1283562,426
88701721,54.0536,55.0656,425,18491,0.156386,0.11,1,1284020,1283595,425
88704641,82.8107,81.4131,427,18606,0.151277,0.15,1,1284110,1283683,427
88707561,77.3621,75.4826,429,18720,0.182255,0.15,1,1284186,1283757,429
88710481,17.0724,16.6965,429,18833,0.188451,0.05,1,1284188,1283759,429
88713401,51.4145,55.3393,424,18946,0.18969,0.11,1,1284248,1283824,424
88716321,144.683,142.268,428,19058,0.205938,0.17,1,1284416,1283988,428
88719241,54.5366,54.0536,428,19169,0.193188,0.15,1,1284448,1284020,428
88722161,83.7073,82.8107,429,19280,0.222638,0.19,1,1284539,1284110,429
88725081,79.1415,77.3621,431,19390,0.276527,0.19,1,1284617,1284186,431
88728001,17.4283,17.0724,431,19499,0.287306,0.19,1,1284619,1284188,431
88730921,51.4857,51.4145,431,19608,0.321461,0.19,1,1284679,1284248,431
88733841,143.897,10.2829,598,19716,0.408292,0.21,1,1284846,1284248,598
88736761,55.1794,136.457,463,19824,0.409658,0.19,1,1284879,1284416,463
88739681,84.6359,52.8913,523,19931,0.409932,0.23,1,1284971,1284448,523
88742601,80.9272,83.3783,512,20037,0.441986,0.29,1,1285051,1284539,512
88745521,17.7854,79.0757,436,20143,0.448397,0.29,1,1285053,1284617,436
88748441,52.3571,17.4151,495,20248,0.465679,0.33,1,1285114,1284619,495
88751361,149.671,51.483,609,20353,0.565136,0.43,1,1285288,1284679,609
88754281,55.5343,143.897,474,20457,0.617027,0.41,1,1285320,1284846,474
88757201,84.7069,55.1793,533,20561,0.675405,0.41,1,1285412,1284879,533
88760121,80.9414,84.6359,521,20664,0.751081,0.45,2,1285492,1284971,521
88763041,17.7883,80.9272,443,20767,0.766216,0.45,2,1285494,1285051,443
88765961,54.7577,17.7854,505,20869,0.769243,0.47,2,1285558,1285053,505
88768881,154.952,52.3571,624,20971,0.801849,0.59,2,1285738,1285114,624
88771801,32.5903,149.671,452,21072,0.80837,0.63,2,1285740,1285288,452
88774721,32.9181,55.5343,453,21173,0.873674,0.69,2,1285773,1285320,453
88777641,83.3836,84.7069,457,21273,0.854735,0.77,2,1285869,1285412,457
88780561,83.0767,80.9414,460,21373,0.882947,0.77,2,1285952,1285492,460
88783481,18.2153,17.7883,460,21472,0.888589,0.77,2,1285954,1285494,460
88786401,54.8431,54.7577,460,21571,0.905718,0.81,2,1286018,1285558,460
88891521,36,36,482,24864,0.77,1,2,1288372,1287890,482
88894441,38.4,32,490,24949,0.722,1,1,1288411,1287921,490
88897361,142.88,150.4,479,25034,0.4244,1,1,1288580,1288101,479
88900281,53.376,57.28,476,25119,0.28488,0.94,1,1288611,1288135,476
88903201,36.2752,41.056,471,25203,0.176976,0.99,1,1288643,1288172,471
88906121,55.255,52.2112,476,25287,0.0913952,0.91,1,1288703,1288227,476
88909041,33.451,38.4422,469,25371,0.026279,0.75,1,1288731,1288262,469
88911961,60.2902,66.8884,462,25455,0.0132558,0.75,1,1288798,1288336,462
88914881,40.058,13.3777,497,25538,0.00265116,0.77,1,1288833,1288336,497
88917801,36.8116,31.4755,497,25621,0.0565302,0.71,1,1288869,1288372,497
88920721,120.162,37.4951,599,25704,0.115306,0.35,1,1289010,1288411,599
88923641,48.8325,142.699,461,25786,0.0790612,0.25,1,1289041,1288580,461
88926561,32.9665,53.3398,459,25868,0.0718122,0.15,1,1289070,1288611,459
88929481,51.3933,36.268,483,25950,0.102362,0.07,1,1289126,1288643,483
88932401,31.0787,55.2536,449,26032,0.108472,0.01,1,1289152,1288703,449
88935321,60.6157,33.4507,489,26113,0.0616945,0.01,1,1289220,1288731,489
88938241,40.9231,60.2901,458,26194,0.0683389,0,1,1289256,1288798,458
88941161,37.7846,40.058,460,26275,0.0696678,0.07,1,1289293,1288833,460
88944081,122.757,36.8116,568,26356,0.117934,0.13,1,1289437,1288869,568
88947001,47.7514,120.162,456,26436,0.127587,0.07,1,1289466,1289010,456
88949921,31.9503,48.8325,453,26516,0.145517,0.07,1,1289494,1289041,453
88952841,52.7901,32.9665,482,26596,0.181103,0.11,1,1289552,1289070,482
88955761,29.758,51.3933,450,26676,0.188221,0.11,1,1289576,1289126,450
88958681,59.5516,31.0787,491,26755,0.157644,0.05,1,1289643,1289152,491
88961601,41.5103,60.6157,460,26834,0.199529,0.07,1,1289680,1289220,460
88964521,37.9021,40.9231,461,26913,0.239906,0.07,1,1289717,1289256,461
88967441,9.18041,37.7846,426,26992,0.247981,0.13,1,1289719,1289293,426
88970361,119.436,122.757,429,27070,0.329596,0.13,1,1289866,1289437,429
88973281,46.2872,47.7514,428,27148,0.345919,0.15,1,1289894,1289466,428
88976201,33.2574,31.9503,430,27226,0.317184,0.19,1,1289924,1289494,430
88979121,53.8515,52.7901,431,27304,0.375437,0.19,1,1289983,1289552,431
88982041,29.9703,29.758,431,27382,0.355087,0.15,1,1290007,1289576,431
88984961,57.9941,59.5516,429,27459,0.335017,0.21,1,1290072,1289643,429
88987881,43.5988,41.5103,432,27536,0.331003,0.25,1,1290112,1289680,432
88990801,39.9198,37.9021,434,27613,0.346201,0.25,1,1290151,1289717,434
88993721,9.58395,9.18041,434,27690,0.31724,0.35,1,1290153,1289719,434
88996641,121.917,119.436,437,27766,0.471448,0.35,1,1290303,1289866,437
88999561,46.7834,46.2872,437,27842,0.51829,0.31,1,1290331,1289894,437
89002481,33.3567,33.2574,437,27918,0.527658,0.39,1,1290361,1289924,437
89005401,55.4713,53.8515,439,27994,0.577532,0.35,1,1290422,1289983,439
89008321,30.2943,29.9703,439,28070,0.587506,0.33,1,1290446,1290007,439
89011241,57.2589,57.9941,438,28145,0.589501,0.33,1,1290510,1290072,438
89014161,43.4518,43.5988,438,28220,0.5899,0.35,1,1290550,1290112,438
89017081,39.0904,39.9198,437,28295,0.62198,0.31,1,1290588,1290151,437
89020001,9.41807,9.58395,437,28370,0.628396,0.31,1,1290590,1290153,437
89022921,127.484,1.91679,594,28445,0.549679,0.51,1,1290747,1290153,594
89025841,48.6967,120.383,473,28519,0.533936,0.53,1,1290776,1290303,473
89028761,33.7393,46.4767,475,28593,0.530787,0.53,1,1290806,1290331,475
89031681,58.7479,33.2953,510,28667,0.578157,0.59,1,1290871,1290361,510
89034601,31.7496,55.4591,474,28741,0.571631,0.59,1,1290896,1290422,474
89037521,57.5499,30.2918,514,28815,0.570326,0.59,1,1290960,1290446,514
89040441,43.51,57.2584,490,28888,0.570065,0.59,1,1291000,1290510,490
89043361,39.902,43.4517,489,28961,0.554013,0.63,1,1291039,1290550,489
89046281,9.5804,39.0903,453,29034,0.582803,0.63,1,1291041,1290588,453
89049201,125.116,9.41807,605,29107,0.68456,0.53,1,1291195,1290590,605
89052121,47.4232,127.484,476,29180,0.720912,0.53,1,1291223,1290747,476
89055041,34.2846,48.6967,478,29253,0.808182,0.53,2,1291254,1290776,478
89057961,60.4569,33.7393,515,29325,0.841636,0.59,2,1291321,1290806,515
89060881,31.2914,58.7479,474,29397,0.880327,0.57,2,1291345,1290871,474
89063801,57.4583,31.7496,513,29469,0.904065,0.57,2,1291409,1290896,513
89066721,43.4917,57.5499,489,29541,0.924813,0.57,2,1291449,1290960,489
89069641,40.6983,43.51,489,29613,0.928963,0.55,2,1291489,1291000,489
89072561,9.73967,39.902,452,29684,0.929793,0.59,2,1291491,1291039,452
89203961,21,20,503,32737,0.71,1,1,1293675,1293172,503
89206881,34.6,34.4,503,32802,0.678,1,1,1293713,1293210,503
89209801,32.52,36.48,498,32866,0.7196,1,1,1293745,1293247,498
89212721,48.104,62.496,481,32930,0.80792,1,2,1293797,1293316,481
89215641,50.4208,42.8992,494,32994,0.793584,1,2,1293848,1293354,494
89218561,23.6842,36.5798,476,33058,0.806717,0.86,2,1293865,1293389,476
89221481,32.7368,36.916,474,33122,0.857343,1,2,1293900,1293426,474
89224401,105.747,111.383,468,33186,0.883469,0.95,2,1294024,1293556,468
89227321,46.7495,50.2766,465,33250,0.888694,0.79,2,1294056,1293591,465
89230241,39.7499,43.6553,461,33314,0.857739,0.73,2,1294094,1293633,461
89233161,23.15,25.5311,459,33377,0.867548,0.71,2,1294113,1293654,459
89236081,23.03,21.9062,461,33440,0.85351,0.67,2,1294136,1293675,461
89239001,33.406,34.7812,459,33503,0.850702,0.73,2,1294172,1293713,459
89411281,27,39,504,37042,0.77,1,2,1296662,1296158,504
89414201,36.6,39,504,37099,0.498,1,1,1296701,1296197,504
89417121,36.92,33.4,509,37156,0.3636,1,1,1296738,1296229,509
89420041,35.384,6.68,544,37213,0.27272,1,1,1296773,1296229,544
89422961,33.4768,30.936,540,37270,0.190544,1,1,1296806,1296266,540
89425881,65.0954,36.5872,575,37327,0.0621088,1,1,1296879,1296304,575
89428801,56.2191,88.9174,527,37384,0.0204218,1,1,1296933,1296406,527
89431721,42.4438,56.1835,518,37441,0.0440844,1,1,1296972,1296454,518
89434641,36.4888,44.0367,512,37497,0.0328169,1,1,1297007,1296495,512
89437561,30.4978,40.0073,502,37553,0.0305634,0.93,1,1297036,1296534,502
89440481,25.2996,32.8015,495,37609,0.0301127,0.89,1,1297060,1296565,495
89443401,31.4599,32.9603,495,37665,0.0300225,0.83,1,1297093,1296598,495
89446321,26.292,36.1921,483,37721,0.0620045,0.77,1,1297118,1296635,483
89449241,24.4584,28.8384,480,37777,0.0524009,0.43,1,1297142,1296662,480
89452161,31.2917,36.9677,474,37833,0.0184802,0.33,1,1297175,1296701,474
89455081,31.0583,36.9935,468,37889,0.027696,0.25,1,1297206,1296738,468
89458001,28.6117,35.3987,461,37945,0.0135392,0.17,1,1297234,1296773,461
89460921,60.9223,33.4797,497,38001,0.0907078,0.03,1,1297303,1296806,497
89463841,52.9845,65.0959,475,38057,0.0181416,0.01,1,1297354,1296879,475
89466761,44.9969,56.2192,464,38113,0.0116283,0.05,1,1297397,1296933,464
89469681,34.5994,42.4438,457,38168,0.0103257,0.03,1,1297429,1296972,457
89472601,29.3199,36.4888,450,38223,0.0420651,0.03,1,1297457,1297007,450
89475521,25.064,30.4978,445,38278,0.048413,0.03,1,1297481,1297036,445
89478441,31.4128,25.2996,454,38333,0.00968261,0.03,1,1297514,1297060,454
89481361,28.6826,31.4599,449,38388,0.0579365,0.07,1,1297542,1297093,449
89484281,23.3365,26.292,446,38443,0.0835873,0.05,1,1297564,1297118,446
89487201,30.2673,24.4584,454,38498,0.0567175,0.01,1,1297596,1297142,454
89490121,32.4535,31.2917,454,38553,0.0513435,0.03,1,1297629,1297175,454
89493041,30.4907,31.0583,453,38608,0.0662687,0.01,1,1297659,1297206,453
89495961,7.69814,28.6117,427,38663,0.0692537,0.11,1,1297661,1297234,427
89498881,55.9396,60.9223,426,38718,0.165851,0,1,1297729,1297303,426
89501801,50.3879,52.9845,424,38773,0.0331701,0.01,1,1297778,1297354,424
89504721,43.6776,44.9969,423,38827,0.030634,0.01,1,1297820,1297397,423
89507641,34.3355,34.5994,423,38881,0.0301268,0.05,1,1297852,1297429,423
89510561,28.4671,29.3199,422,38935,0.0140254,0.05,1,1297879,1297457,422
89513481,26.4934,25.064,424,38989,0.0108051,0,1,1297905,1297481,424
89516401,34.0987,31.4128,427,39043,0.026161,0.07,1,1297941,1297514,427
89519321,27.6197,28.6826,425,39097,0.0452322,0.09,1,1297967,1297542,425
89522241,22.3239,23.3365,424,39151,0.0650464,0.05,1,1297988,1297564,424
89525161,30.0648,30.2673,424,39205,0.0690093,0.05,1,1298020,1297596,424
89528081,32.413,32.4535,424,39259,0.0698019,0.07,1,1298053,1297629,424
89531001,34.4826,30.4907,429,39313,0.0699604,0.07,1,1298088,1297659,429
89533921,8.49652,7.69814,429,39367,0.0699921,0.19,1,1298090,1297661,429
89536841,56.8993,55.9396,430,39421,0.117998,0,1,1298159,1297729,430
89539761,44.9799,50.3879,423,39475,0.1436,0.03,1,1298201,1297778,423
89542681,41.796,43.6776,422,39528,0.0527199,0.03,1,1298242,1297820,422
89545601,33.9592,34.3355,422,39581,0.034544,0.01,1,1298274,1297852,422
89548521,28.3918,28.4671,422,39634,0.0149088,0.01,1,1298301,1297879,422
89551441,26.4784,26.4934,422,39687,0.0269818,0.03,1,1298327,1297905,422
89554361,34.8957,34.0987,423,39740,0.0133964,0.05,1,1298364,1297941,423
89557281,28.5791,27.6197,424,39793,0.0266793,0.07,1,1298391,1297967,424
89560201,23.3158,22.3239,425,39846,0.0453359,0.07,1,1298413,1297988,425
89563121,30.2632,30.0648,425,39899,0.0810672,0.07,1,1298445,1298020,425
89566041,32.4526,32.413,425,39952,0.0722134,0.07,1,1298478,1298053,425
89568961,34.4905,34.4826,425,40005,0.0384427,0.07,1,1298513,1298088,425
89571881,8.4981,8.49652,425,40058,0.0316885,0.07,1,1298515,1298090,425
89574801,58.4996,1.6993,496,40111,0.0463377,0.13,1,1298586,1298090,496
89577721,44.4999,55.5399,468,40164,0.0492675,0.15,1,1298627,1298159,468
89580641,37.7,44.708,462,40217,0.0978535,0.03,1,1298663,1298201,462
89583561,33.14,41.7416,453,40270,0.0275707,0.03,1,1298695,1298242,453
89586481,28.228,33.9483,448,40322,0.0455141,0.01,1,1298722,1298274,448
89589401,28.0456,28.3897,449,40374,0.00910283,0.03,1,1298750,1298301,449
89592321,33.6091,26.4779,458,40426,0.00982057,0.01,1,1298785,1298327,458
89595241,29.1218,34.8956,449,40478,0.0259641,0.03,1,1298813,1298364,449
89598161,24.2244,28.5791,445,40530,0.0291928,0.05,1,1298836,1298391,445
89601081,30.4449,23.3158,455,40582,0.0298386,0.09,1,1298868,1298413,455
89604001,32.489,30.2632,456,40634,0.0619677,0.07,1,1298901,1298445,456
89606921,33.6978,32.4526,457,40686,0.0363935,0.03,1,1298935,1298478,457
89609841,8.33956,34.4905,424,40738,0.0312787,0.03,1,1298937,1298513,424
89612761,59.2679,8.4981,494,40790,0.0462557,0.05,1,1299009,1298515,494
89615681,44.6536,58.4996,464,40842,0.0652511,0.05,1,1299050,1298586,464
89618601,39.3307,44.4999,461,40894,0.0850502,0.11,1,1299088,1298627,461
89621521,30.2661,37.7,453,40946,0.13701,0.01,1,1299116,1298663,453
89624441,27.6532,33.14,448,40998,0.179402,0.05,1,1299143,1298695,448
89627361,28.7306,28.228,450,41049,0.17188,0,1,1299172,1298722,450
89630281,33.7461,28.0456,457,41100,0.138376,0.01,1,1299207,1298750,457
89633201,29.1492,33.6091,450,41151,0.131675,0.03,1,1299235,1298785,450
89636121,24.2298,29.1218,445,41202,0.114335,0.03,1,1299258,1298813,445
89639041,30.446,24.2244,454,41253,0.110867,0.03,1,1299290,1298836,454
89641961,32.4892,30.4449,455,41304,0.126173,0.07,1,1299323,1298868,455
89644881,33.6978,32.489,456,41355,0.129235,0.03,1,1299357,1298901,456
89647801,8.33957,33.6978,424,41406,0.129847,0.03,1,1299359,1298935,424
89650721,60.8679,8.33956,496,41457,0.145969,0.05,1,1299433,1298937,496
89653641,45.7736,59.2679,466,41508,0.149194,0.07,1,1299475,1299009,466
89656561,10.7547,44.6536,427,41559,0.149839,0.09,1,1299477,1299050,427
89659481,33.3509,39.3307,428,41610,0.261968,0.15,1,1299516,1299088,428
89662401,29.8702,30.2661,429,41661,0.348394,0.19,1,1299545,1299116,429
89665321,29.174,27.6532,431,41712,0.381679,0.17,1,1299574,1299143,431
89668241,26.6348,28.7306,428,41763,0.404336,0.13,1,1299600,1299172,428
89671161,33.327,33.7461,428,41814,0.392867,0.13,1,1299635,1299207,428
89674081,29.0654,29.1492,428,41864,0.358573,0.11,1,1299663,1299235,428
89677001,23.4131,24.2298,427,41914,0.351715,0.11,1,1299685,1299258,427
89679921,31.0826,30.446,428,41964,0.366343,0.13,1,1299718,1299290,428
89682841,32.6165,32.4892,428,42014,0.385269,0.13,1,1299751,1299323,428
89685761,33.7233,33.6978,428,42064,0.389054,0.13,1,1299785,1299357,428
89688681,8.34466,8.33957,428,42114,0.389811,0.15,1,1299787,1299359,428
89691601,61.6689,60.8679,429,42164,0.453962,0.15,1,1299862,1299433,429
89694521,47.5338,45.7736,431,42214,0.434792,0.15,1,1299906,1299475,431
89697441,11.1068,10.7547,431,42264,0.446958,0.29,1,1299908,1299477,431
89700361,36.6214,33.3509,435,42314,0.497392,0.37,1,1299951,1299516,435
89703281,32.9243,29.8702,438,42364,0.491478,0.39,1,1299983,1299545,438
89706201,30.5849,29.174,439,42414,0.538296,0.41,1,1300013,1299574,439
89709121,27.717,26.6348,440,42464,0.531659,0.39,1,1300040,1299600,440
89712041,32.7434,33.327,439,42514,0.530332,0.35,1,1300074,1299635,439
89714961,28.9487,29.0654,439,42564,0.546066,0.35,1,1300102,1299663,439
89717881,23.3897,23.4131,439,42614,0.565213,0.37,1,1300124,1299685,439
89720801,31.8779,31.0826,440,42664,0.585043,0.39,1,1300158,1299718,440
89723721,33.5756,32.6165,441,42713,0.653009,0.39,1,1300192,1299751,441
89726641,33.9151,33.7233,441,42762,0.634602,0.39,1,1300226,1299785,441
89729561,8.38302,8.34466,441,42811,0.63092,0.47,1,1300228,1299787,441
89732481,63.2766,61.6689,443,42860,0.646184,0.43,1,1300305,1299862,443
89735401,49.4553,47.5338,445,42909,0.649237,0.45,1,1300351,1299906,445
89738321,11.4911,11.1068,445,42958,0.649847,0.51,1,1300353,1299908,445
89741241,36.6982,36.6214,445,43007,0.633969,0.51,1,1300396,1299951,445
89744161,33.7396,7.32427,478,43056,0.630794,0.49,1,1300429,1299951,478
89747081,32.3479,27.0649,478,43105,0.614159,0.55,1,1300461,1299983,478
89750001,27.2696,29.413,474,43154,0.610832,0.53,1,1300487,1300013,474
89752921,32.6539,27.4826,481,43203,0.626166,0.53,1,1300521,1300040,481
89755841,29.7308,32.6965,476,43252,0.645233,0.55,1,1300550,1300074,476
89758761,24.3462,28.9393,471,43301,0.665047,0.57,1,1300573,1300102,471
89761681,33.6692,23.3879,485,43350,0.669009,0.59,1,1300609,1300124,485
89764601,34.7338,31.8776,486,43399,0.653802,0.67,1,1300644,1300158,486
89767521,34.1468,33.5755,486,43448,0.65076,0.63,1,1300678,1300192,486
89770441,8.42935,33.9151,454,43497,0.650152,0.63,1,1300680,1300226,454
89773361,64.0859,8.38302,530,43546,0.65003,0.65,1,1300758,1300228,530
89776281,48.0172,63.2766,497,43594,0.666006,0.65,1,1300802,1300305,497
89779201,11.2034,49.4553,453,43642,0.669201,0.65,1,1300804,1300351,453
89782121,37.4407,11.4911,495,43690,0.63784,0.63,1,1300848,1300353,495
89785041,34.6881,36.6982,486,43738,0.631568,0.63,1,1300882,1300396,486
89787961,30.9376,33.7396,483,43786,0.678314,0.61,1,1300912,1300429,483
89790881,26.9875,32.3479,477,43834,0.703663,0.61,1,1300938,1300461,477
89793801,34.1975,27.2696,487,43882,0.772733,0.63,2,1300974,1300487,487
89796721,30.0395,32.6539,482,43930,0.802547,0.65,2,1301003,1300521,482
89799641,25.2079,29.7308,477,43978,0.824509,0.67,2,1301027,1300550,477
89802561,33.8416,24.3462,490,44026,0.828902,0.67,2,1301063,1300573,490
89805481,33.9683,33.6692,488,44074,0.87778,0.65,2,1301097,1300609,488
89808401,33.9937,34.7338,487,44122,0.887556,0.65,2,1301131,1300644,487
89811321,8.39873,34.1468,455,44170,0.905511,0.65,2,1301133,1300678,455
89814241,64.0797,8.42935,531,44218,0.909102,0.65,2,1301211,1300680,531
89817161,48.8159,64.0859,498,44266,0.893821,0.67,2,1301256,1300758,498
89820081,11.3632,48.0172,456,44314,0.890764,0.67,2,1301258,1300802,456
89823001,35.8726,11.2034,496,44362,0.890153,0.63,2,1301300,1300804,496
89825921,35.9745,37.4407,488,44410,0.906031,0.63,2,1301336,1300848,488
90115001,24,0,535,48884,0.73,1,1,1304444,1303909,535
90117921,12.8,5.6,538,48927,0.714,1,1,1304454,1303916,538
90119381,32.96,26.72,544,48970,0.6468,1,1,1304492,1303948,544
90170481,389.792,469.344,443,21900,0.15336,0.25,1,1304971,1304528,443
90173401,152.358,160.269,453,22724,0.054672,0,1,1305064,1304611,453
90176321,94.4717,99.2538,449,22817,0.0189344,0,1,1305144,1304695,449
90179241,61.2943,60.6508,451,22910,0.0277869,0.03,1,1305197,1304746,451
90182161,53.0589,61.7302,440,23003,0.0295574,0.05,1,1305248,1304808,440
90185081,57.8118,49.146,453,23095,0.0139115,0.03,1,1305307,1304854,453
90188001,57.9624,51.4292,459,23187,0.0587823,0.09,1,1305365,1304906,459
90190921,21.9925,39.8858,435,23278,0.0517565,0.03,1,1305378,1304943,435
90193841,93.1985,30.3772,518,23369,0.0823513,0.03,1,1305489,1304971,518
90196761,80.2397,80.4754,502,23460,0.0404703,0.01,1,1305566,1305064,502
90199681,59.2479,80.0951,476,23550,0.0160941,0.03,1,1305620,1305144,476
90202601,53.4496,58.419,475,23640,0.0272188,0.03,1,1305672,1305197,475
90205521,56.2899,52.4838,481,23730,0.0454438,0.01,1,1305729,1305248,481
90208441,59.258,57.6968,482,23819,0.0330888,0.07,1,1305789,1305307,482
90211361,23.8516,57.9394,439,23908,0.0306178,0.05,1,1305804,1305365,439
90214281,6.37032,21.9879,428,23997,0.0781235,0.09,1,1305806,1305378,428
90217201,90.8741,93.1976,429,24085,0.135625,0.03,1,1305918,1305489,429
90220121,74.1748,80.2395,422,24173,0.0831249,0.01,1,1305988,1305566,422
90223041,59.635,59.2479,424,24261,0.024625,0.03,1,1306044,1305620,424
90225961,52.727,53.4496,423,24348,0.012925,0.05,1,1306095,1305672,423
90228881,56.1454,56.2899,423,24435,0.026585,0.03,1,1306152,1305729,423
90231801,60.0291,59.258,424,24522,0.045317,0.03,1,1306213,1305789,424
90234721,25.6058,23.8516,426,24608,0.0330634,0.09,1,1306230,1305804,426
90237641,6.72116,6.37032,426,24694,0.0306127,0.15,1,1306232,1305806,426
90240561,91.7442,90.8741,427,24780,0.0461225,0.07,1,1306345,1305918,427
90243481,71.1488,74.1748,423,24866,0.145225,0.01,1,1306411,1305988,423
90246401,59.0298,59.635,423,24951,0.101045,0.01,1,1306467,1306044,423
90249321,51.806,52.727,422,25036,0.020209,0.03,1,1306517,1306095,422
90252241,55.9612,56.1454,422,25121,0.0280418,0.05,1,1306574,1306152,422
90255161,61.5922,60.0291,424,25205,0.0136084,0.03,1,1306637,1306213,424
90258081,25.1184,25.6058,423,25289,0.0267217,0.03,1,1306653,1306230,423
90261001,6.62369,6.72116,423,25373,0.0293443,0.05,1,1306655,1306232,423
90263921,93.3247,91.7442,425,25457,0.0298689,0.05,1,1306770,1306345,425
90266841,74.6649,18.3488,495,25540,0.0779738,0.17,1,1306840,1306345,495
90269761,56.533,56.4698,481,25623,0.103595,0.09,1,1306892,1306411,481
90272681,48.1066,56.094,471,25706,0.092719,0,1,1306938,1306467,471
90275601,55.2213,51.2188,478,25788,0.0585438,0.03,1,1306995,1306517,478
90278521,62.2443,55.8438,485,25870,0.0197088,0.01,1,1307059,1306574,485
90281441,25.2489,61.5688,438,25952,0.0279418,0.03,1,1307075,1306637,438
90284361,6.64977,25.1138,424,26034,0.0295884,0.03,1,1307077,1306653,424
90287281,92.53,6.62275,536,26115,0.0619177,0.03,1,1307191,1306655,536
90290201,77.706,93.3245,495,26196,0.116384,0.09,1,1307265,1306770,495
90293121,57.9412,74.6649,478,26277,0.175277,0.11,1,1307318,1306840,478
90296041,48.3882,56.533,472,26358,0.219055,0.09,1,1307364,1306892,472
90298961,52.0776,48.1066,479,26438,0.243811,0.05,1,1307417,1306938,479
90301881,60.8155,55.2213,485,26518,0.120762,0.01,1,1307480,1306995,485
90304801,25.7631,62.2443,438,26598,0.0801524,0.03,1,1307497,1307059,438
90307721,6.75262,25.2489,424,26678,0.0880305,0.03,1,1307499,1307075,424
90310641,94.9505,6.64977,539,26757,0.137606,0.07,1,1307616,1307077,539
90313561,79.7901,92.53,501,26836,0.179521,0.13,1,1307692,1307191,501
90316481,60.758,77.706,483,26915,0.219904,0.19,1,1307748,1307265,483
90319401,13.7516,57.9412,432,26994,0.227981,0.23,1,1307750,1307318,432
90322321,40.3503,48.3882,433,27072,0.245596,0.25,1,1307797,1307364,433
90325241,49.6701,52.0776,432,27150,0.265119,0.09,1,1307849,1307417,432
90328161,55.534,60.8155,426,27228,0.301024,0.07,1,1307906,1307480,426
90331081,24.7068,25.7631,426,27306,0.292205,0.09,1,1307923,1307497,426
90334001,6.54136,6.75262,426,27384,0.290441,0.15,1,1307925,1307499,426
90336921,98.9083,94.9505,431,27461,0.354088,0.19,1,1308047,1307616,431
90339841,80.5817,79.7901,431,27538,0.382818,0.23,1,1308123,1307692,431
90342761,62.5163,60.758,433,27615,0.420564,0.23,1,1308181,1307748,433
90345681,14.1033,13.7516,433,27692,0.428113,0.25,1,1308183,1307750,433
90348601,41.2207,40.3503,434,27768,0.461623,0.27,1,1308231,1307797,434
90351521,50.6441,49.6701,435,27844,0.532325,0.31,1,1308284,1307849,435
90354441,55.7288,55.534,435,27920,0.546465,0.29,1,1308341,1307906,435
90357361,25.5458,24.7068,436,27996,0.549293,0.29,1,1308359,1307923,436
90360281,6.70915,6.54136,436,28072,0.565859,0.37,1,1308361,1307925,436
90363201,101.342,98.9083,439,28147,0.617172,0.39,1,1308486,1308047,439
90366121,82.6684,80.5817,441,28222,0.611434,0.43,1,1308564,1308123,441
90369041,64.5337,62.5163,443,28297,0.578287,0.43,1,1308624,1308181,443
90371961,14.5067,14.1033,443,28372,0.571657,0.43,1,1308626,1308183,443
90374881,42.9013,2.82065,493,28447,0.586331,0.47,1,1308676,1308183,493
90377801,54.1803,38.9641,502,28521,0.637266,0.55,1,1308733,1308231,502
90380721,55.6361,50.1928,505,28595,0.647453,0.55,1,1308789,1308284,505
90383641,26.3272,55.6386,467,28669,0.633491,0.55,1,1308808,1308341,467
90386561,6.86544,25.5277,451,28743,0.630698,0.57,1,1308810,1308359,451
90389481,102.173,6.70554,575,28817,0.64614,0.63,1,1308936,1308361,575
90392401,82.0346,101.341,527,28890,0.681228,0.61,1,1309013,1308486,527
90395321,62.8069,82.6682,507,28963,0.688246,0.57,1,1309071,1308564,507
90398241,14.1614,64.5336,449,29036,0.705649,0.57,1,1309073,1308624,449
90401161,46.8323,14.5067,502,29109,0.72513,0.59,1,1309128,1308626,502
90404081,54.1665,42.9013,508,29182,0.777026,0.65,2,1309184,1308676,508
90407001,57.2333,54.1803,509,29255,0.835405,0.65,2,1309242,1308733,509
90409921,25.8467,55.6361,471,29327,0.847081,0.63,2,1309260,1308789,471
90412841,6.76933,26.3272,454,29399,0.849416,0.63,2,1309262,1308808,454
90415761,102.954,6.86544,579,29471,0.881883,0.65,2,1309389,1308810,579
90526721,27,29,507,32085,0.81,1,2,1311160,1310653,507
90529641,32.6,24.2,518,32151,0.73,1,1,1311194,1310676,518
90532561,68.92,25.64,570,32217,0.65,1,1,1311272,1310702,570
90535481,90.584,88.328,562,32283,0.506,0.88,1,1311368,1310806,562
90538401,51.7168,84.8656,520,32349,0.4612,1,1,1311410,1310890,520
90541321,43.9434,62.5731,505,32414,0.34024,1,1,1311452,1310947,505
90544241,31.1887,35.7146,504,32479,0.332048,0.92,1,1311480,1310976,504
90547161,52.6377,31.9429,531,32544,0.37841,1,1,1311538,1311007,531
90550081,29.7275,54.3886,495,32609,0.403682,0.87,1,1311562,1311067,495
90553001,32.3455,34.8777,498,32674,0.376736,0.79,1,1311595,1311097,498
90555921,25.6691,35.7755,486,32739,0.387347,0.81,1,1311619,1311133,486
90558841,6.73382,28.7551,461,32804,0.405469,0.71,1,1311621,1311160,461
90561761,26.9468,32.951,459,32868,0.393094,0.63,1,1311653,1311194,459
90564681,63.7894,68.9902,454,32932,0.438619,0.47,1,1311726,1311272,454
90567601,80.7579,90.598,443,32996,0.479724,0.45,1,1311811,1311368,443
90570521,50.5516,51.7196,444,33060,0.471945,0.31,1,1311854,1311410,444
90573441,40.5103,43.9439,440,33124,0.470389,0.33,1,1311892,1311452,440
90576361,31.3021,31.1888,441,33188,0.502078,0.39,1,1311921,1311480,441
90579281,53.4604,52.6378,442,33252,0.524416,0.41,1,1311980,1311538,442
90582201,29.0921,29.7276,441,33316,0.608883,0.37,1,1312003,1311562,441
90585121,32.2184,32.3455,441,33379,0.657777,0.39,1,1312036,1311595,441
90588041,27.2437,25.6691,443,33442,0.635555,0.41,1,1312062,1311619,443
90590961,7.04874,6.73382,443,33505,0.631111,0.39,1,1312064,1311621,443
90593881,26.2097,26.9468,442,33568,0.662222,0.45,1,1312095,1311653,442
90596801,65.2419,63.7894,444,33631,0.700444,0.49,1,1312170,1311726,444
90599721,82.6484,80.7579,446,33694,0.740089,0.47,1,1312257,1311811,446
90602641,51.7297,50.5516,447,33757,0.748018,0.47,1,1312301,1311854,447
90605561,39.1459,40.5103,445,33820,0.749604,0.51,1,1312337,1311892,445
90608481,32.6292,31.3021,447,33883,0.733921,0.53,1,1312368,1311921,447
90611401,57.7258,53.4604,452,33945,0.746784,0.63,1,1312432,1311980,452
90614321,31.5452,29.0921,454,34007,0.733357,0.67,1,1312457,1312003,454
90617241,30.309,32.2184,451,34069,0.698671,0.63,1,1312487,1312036,451
90620161,28.4618,27.2437,453,34131,0.691734,0.63,1,1312515,1312062,453
90623081,7.29236,7.04874,453,34193,0.690347,0.67,1,1312517,1312064,453
90626001,27.0585,26.2097,454,34255,0.690069,0.67,1,1312549,1312095,454
90628921,67.0117,5.24195,531,34317,0.706014,0.71,1,1312626,1312095,531
90631841,84.6023,61.0484,545,34379,0.757203,0.75,2,1312715,1312170,545
90634761,52.1205,81.8097,502,34441,0.767441,0.75,2,1312759,1312257,502
90637681,39.2241,51.5619,494,34502,0.769488,0.75,2,1312795,1312301,494
90640601,31.8448,39.1124,488,34563,0.785898,0.73,2,1312825,1312337,488
90643521,56.769,32.6225,520,34624,0.80518,0.75,2,1312888,1312368,520
90646441,30.5538,57.7245,480,34685,0.825036,0.73,2,1312912,1312432,480
90649361,30.1108,31.5449,485,34746,0.845007,0.69,2,1312942,1312457,485
90652281,28.4222,30.309,483,34807,0.865001,0.69,2,1312970,1312487,483
90655201,7.28443,28.4618,457,34868,0.869,0.69,2,1312972,1312515,457
90658121,27.0569,7.29236,487,34929,0.9018,0.69,2,1313004,1312517,487
90661041,67.8114,27.0585,533,34990,0.94036,0.71,2,1313082,1312549,533
90792441,37,30,517,37611,0.71,1,1,1314922,1314405,517
90795361,28.2,26.8,517,37667,0.678,1,1,1314948,1314431,517
90798281,37.64,29.36,527,37723,0.5596,1,1,1314988,1314461,527
90801201,33.128,52.272,501,37779,0.47192,1,1,1315020,1314519,501
90804121,68.2256,39.2544,542,37835,0.246384,1,1,1315097,1314555,542
90807041,40.0451,59.8509,510,37891,0.169277,1,1,1315130,1314620,510
90809961,31.209,35.9702,509,37947,0.153855,1,1,1315159,1314650,509
90812881,42.2418,29.594,526,38003,0.0707711,1,1,1315204,1314678,526
90815801,45.2484,42.7188,526,38059,0.0541542,1,1,1315250,1314724,526
90818721,33.8497,53.3438,501,38115,0.0988308,1,1,1315281,1314780,501
90821641,35.5699,39.4688,501,38170,0.0757662,0.8,1,1315317,1314816,501
90824561,23.114,41.4938,479,38225,0.0391532,0.69,1,1315337,1314858,479
90827481,32.6228,29.8988,487,38280,0.111831,0.71,1,1315372,1314885,487
90830401,26.5246,35.5798,475,38335,0.0943661,0.67,1,1315397,1314922,475
90833321,36.5049,27.916,488,38390,0.106873,0.53,1,1315436,1314948,488
90836241,30.501,37.5832,477,38445,0.0933746,0.45,1,1315465,1314988,477
90839161,55.7002,33.1166,507,38500,0.154675,0.19,1,1315527,1315020,507
90842081,34.34,68.2233,459,38555,0.150935,0.15,1,1315556,1315097,459
90845001,28.468,40.0447,453,38610,0.150187,0.15,1,1315583,1315130,453
90847921,7.2936,31.2089,426,38665,0.150037,0.05,1,1315585,1315159,426
90850841,36.6587,42.2418,425,38720,0.198007,0.05,1,1315629,1315204,425
90853761,42.5317,45.2484,423,38775,0.159601,0.11,1,1315673,1315250,423
90856681,34.1063,33.8497,424,38829,0.19992,0.07,1,1315705,1315281,424
90859601,34.8213,35.5699,423,38883,0.191984,0.03,1,1315740,1315317,423
90862521,23.7643,23.114,424,38937,0.206397,0.13,1,1315761,1315337,424
90865441,32.7529,32.6228,424,38991,0.209279,0.09,1,1315796,1315372,424
90868361,28.1506,26.5246,426,39045,0.257856,0.11,1,1315823,1315397,426
90871281,36.0301,36.5049,425,39099,0.251571,0.09,1,1315861,1315436,425
90874201,32.806,30.501,428,39153,0.330314,0.17,1,1315893,1315465,428
90877121,56.1612,55.7002,428,39207,0.362063,0.15,1,1315955,1315527,428
90880041,35.2322,34.34,429,39261,0.368413,0.15,1,1315985,1315556,429
90882961,28.6464,28.468,429,39315,0.369682,0.15,1,1316012,1315583,429
90885881,7.32929,7.2936,429,39369,0.369936,0.21,1,1316014,1315585,429
90888801,39.0659,36.6587,432,39423,0.449987,0.15,1,1316061,1315629,432
90891721,41.4132,42.5317,430,39477,0.465997,0.21,1,1316103,1315673,430
90894641,33.8826,34.1063,430,39530,0.4692,0.19,1,1316135,1315705,430
90897561,35.5765,34.8213,431,39583,0.46984,0.21,1,1316171,1315740,431
90900481,25.5153,23.7643,433,39636,0.517968,0.21,1,1316194,1315761,433
90903401,32.3031,32.7529,432,39689,0.511594,0.27,1,1316228,1315796,432
90906321,28.8606,28.1506,433,39742,0.526319,0.25,1,1316256,1315823,433
90909241,36.9721,36.0301,434,39795,0.529264,0.35,1,1316295,1315861,434
90912161,35.3944,32.806,437,39848,0.513853,0.37,1,1316330,1315893,437
90915081,57.4789,56.1612,438,39901,0.494771,0.37,1,1316393,1315955,438
90918001,35.4958,35.2322,438,39954,0.490954,0.37,1,1316423,1315985,438
90920921,30.2992,28.6464,440,40007,0.506191,0.37,1,1316452,1316012,440
90923841,7.65983,7.32929,440,40060,0.509238,0.37,1,1316454,1316014,440
90926761,40.732,1.46586,489,40113,0.509848,0.47,1,1316503,1316014,489
90929681,43.3464,37.8932,486,40166,0.50997,0.47,1,1316547,1316061,486
90932601,34.2693,41.1786,476,40219,0.541994,0.47,1,1316579,1316103,476
90935521,36.4539,33.8357,481,40271,0.580399,0.47,1,1316616,1316135,481
90938441,25.6908,35.5671,468,40323,0.58808,0.53,1,1316639,1316171,468
90941361,33.1382,25.5134,480,40375,0.621616,0.51,1,1316674,1316194,480
90944281,29.8276,32.3027,475,40427,0.644323,0.53,1,1316703,1316228,475
90947201,37.1655,28.8605,486,40479,0.648865,0.53,1,1316742,1316256,486
90950121,34.6331,36.9721,481,40531,0.649773,0.51,1,1316776,1316295,481
90953041,56.5266,35.3944,508,40583,0.681955,0.49,1,1316838,1316330,508
90955961,35.3053,57.4789,475,40635,0.704391,0.49,1,1316868,1316393,475
90958881,29.4611,35.4958,473,40687,0.724878,0.51,1,1316896,1316423,473
90961801,7.49221,30.2992,446,40739,0.728976,0.51,1,1316898,1316452,446
90964721,42.2984,7.65983,495,40791,0.729795,0.51,1,1316949,1316454,495
90967641,43.6597,40.732,490,40843,0.745959,0.51,1,1316993,1316503,490
90970561,35.9319,43.3464,480,40895,0.749192,0.55,1,1317027,1316547,480
90973481,37.5864,34.2693,486,40947,0.749838,0.59,1,1317065,1316579,486
90976401,26.7173,36.4539,473,40999,0.717968,0.59,1,1317089,1316616,473
90979321,34.9435,25.6908,487,41050,0.727594,0.63,1,1317126,1316639,487
90982241,30.9887,33.1382,482,41101,0.729519,0.65,1,1317156,1316674,482
90985161,37.3977,29.8276,492,41152,0.777904,0.65,2,1317195,1316703,492
90988081,34.6795,37.1655,487,41203,0.819581,0.65,2,1317229,1316742,487
90991001,58.1359,34.6331,517,41254,0.843916,0.69,2,1317293,1316776,517
90993921,36.4272,56.5266,486,41305,0.864783,0.71,2,1317324,1316838,486
90996841,30.4854,35.3053,485,41356,0.884957,0.73,2,1317353,1316868,485
90999761,7.69709,29.4611,459,41407,0.888991,0.73,2,1317355,1316896,459
91002681,42.3394,7.49221,508,41458,0.873798,0.73,2,1317406,1316898,508
91005601,44.4679,42.2984,502,41509,0.90276,0.75,2,1317451,1316949,502
91008521,10.4936,43.6597,460,41560,0.908552,0.75,2,1317453,1316993,460
91151601,55,40,526,43979,0.73,1,1,1319122,1318596,526
91154521,37.4,41.6,517,44027,0.666,1,1,1319155,1318638,517
91157441,49.88,57.92,508,44075,0.6852,1,1,1319208,1318700,508
91160361,42.776,37.184,517,44123,0.59304,1,1,1319249,1318732,517
91163281,29.3552,37.0368,506,44171,0.606608,1,1,1319275,1318769,506
91166201,31.471,25.8074,515,44219,0.673322,1,1,1319307,1318792,515
91169121,33.4942,32.3615,515,44267,0.574664,0.98,1,1319341,1318826,515
91172041,25.8988,39.2723,498,44315,0.586933,1,1,1319365,1318867,498
91174961,24.3798,27.8545,497,44363,0.621387,1,1,1319389,1318892,497
91177881,21.676,22.3709,497,44411,0.580277,1,1,1319410,1318913,497
91180801,26.7352,26.0742,498,44458,0.604055,0.95,1,1319438,1318940,498
91183721,6.94704,30.0148,469,44505,0.576811,0.97,1,1319440,1318971,469
91186641,35.7894,41.203,468,44552,0.651362,0.95,1,1319483,1319015,468
91189561,21.5579,21.8406,469,44599,0.602272,0.83,1,1319501,1319032,469
91192481,28.3116,32.3681,464,44646,0.640454,0.73,1,1319531,1319067,464
91195401,44.8623,50.4736,458,44693,0.648091,0.65,1,1319580,1319122,458
91198321,32.9725,36.4947,455,44740,0.617618,0.69,1,1319610,1319155,455
91201241,46.5945,49.6989,452,44787,0.643524,0.57,1,1319660,1319208,452
91204161,41.3189,42.7398,451,44834,0.696705,0.61,1,1319700,1319249,451
91207081,29.0638,29.348,451,44881,0.739341,0.69,1,1319726,1319275,451
91210001,31.4128,31.4696,451,44928,0.747868,0.55,1,1319758,1319307,451
91212921,31.8826,33.4939,449,44975,0.781574,0.59,2,1319790,1319341,449
91215841,27.1765,25.8988,451,45022,0.804315,0.63,2,1319816,1319365,451
91218761,23.0353,24.3798,449,45069,0.808863,0.57,2,1319838,1319389,449
91221681,22.2071,21.676,450,45116,0.841773,0.61,2,1319860,1319410,450
91224601,28.4414,26.7352,452,45163,0.896354,0.57,2,1319890,1319438,452
91227521,7.28828,6.94704,452,45210,0.907271,0.67,2,1319892,1319440,452
91230441,35.0577,35.7894,451,45257,0.877454,0.59,2,1319934,1319483,451
91233361,21.4115,21.5579,451,45304,0.935491,0.65,2,1319952,1319501,451
91405641,30,29,494,47971,0.79,1,2,1321819,1321325,494
91408561,26,22.6,498,48015,0.694,1,1,1321844,1321346,498
91411481,18,22.12,492,48059,0.6748,1,1,1321860,1321368,492
91414401,29.2,25.224,498,48103,0.70296,1,1,1321892,1321394,498
91417321,35.44,29.8448,504,48147,0.628592,1,1,1321929,1321425,504
91420241,29.488,32.369,499,48191,0.581718,1,1,1321957,1321458,499
91423161,18.6976,28.0738,488,48235,0.620344,1,1,1321973,1321485,488
91426081,38.1395,47.2148,479,48279,0.548069,1,1,1322016,1321537,479
91429001,38.8279,39.843,480,48323,0.549614,0.98,1,1322055,1321575,480
91431921,34.1656,35.1686,479,48367,0.581923,0.96,1,1322088,1321609,479
91434841,26.8331,33.4337,471,48411,0.588385,0.92,1,1322113,1321642,471
91437761,30.9666,33.8867,469,48455,0.621677,0.82,1,1322145,1321676,469
91440681,30.9933,35.5773,464,48498,0.676335,0.99,1,1322176,1321712,464
91443601,26.1987,24.7155,467,48541,0.655267,0.85,1,1322201,1321734,467
91446521,24.4397,25.7431,465,48584,0.619053,0.81,1,1322225,1321760,465
91449441,28.8879,28.3486,466,48627,0.611811,0.79,1,1322255,1321789,466
91452361,28.1776,29.6697,464,48670,0.594362,0.67,1,1322283,1321819,464
91455281,20.8355,25.9339,458,48713,0.606872,0.67,1,1322302,1321844,458
91458201,12.9671,17.9868,453,48756,0.593374,0.71,1,1322313,1321860,453
91461121,29.7934,29.1974,455,48799,0.590675,0.61,1,1322347,1321892,455
91464041,36.3587,35.4395,456,48842,0.558135,0.61,1,1322385,1321929,456
91466961,27.2717,7.08789,481,48885,0.535627,0.57,1,1322410,1321929,481
91469881,15.8543,23.8176,466,48928,0.531125,0.63,1,1322423,1321957,466
91472801,37.5709,17.5635,493,48971,0.594225,0.53,1,1322466,1321973,493
91475721,38.7142,37.9127,489,49014,0.590845,0.55,1,1322505,1322016,489
91478641,32.5428,38.7825,481,49057,0.574169,0.59,1,1322536,1322055,481
91481561,28.1086,34.1565,475,49100,0.602834,0.59,1,1322563,1322088,475
91484481,32.8217,26.8313,484,49143,0.624567,0.63,1,1322597,1322113,484
91487401,32.1643,30.9663,484,49186,0.644913,0.69,1,1322629,1322145,484
91490321,24.8329,30.9933,476,49229,0.680983,0.65,1,1322652,1322176,476
91493241,24.1666,26.1987,475,49272,0.704197,0.61,1,1322676,1322201,475
91496161,27.2333,24.4397,479,49315,0.724839,0.61,1,1322704,1322225,479
91499081,28.6467,28.8879,478,49358,0.744968,0.59,1,1322733,1322255,478
91502001,20.1293,28.1776,468,49401,0.748994,0.61,1,1322751,1322283,468
91504921,12.0259,20.8355,459,49444,0.765799,0.59,2,1322761,1322302,459
91507841,29.6052,12.9671,482,49487,0.78516,0.59,2,1322795,1322313,482
91510761,36.321,29.7934,486,49530,0.821032,0.55,2,1322833,1322347,486
91513681,27.2642,36.3587,473,49573,0.844206,0.53,2,1322858,1322385,473
91516601,16.6528,27.2717,462,49615,0.864841,0.53,2,1322872,1322410,462
91519521,37.7306,15.8543,492,49657,0.868968,0.61,2,1322915,1322423,492
91522441,39.5461,37.5709,489,49699,0.885794,0.59,2,1322955,1322466,489
91525361,31.9092,38.7142,480,49741,0.889159,0.57,2,1322985,1322505,480
91528281,30.3818,32.5428,479,49783,0.921832,0.61,2,1323015,1322536,479
91531201,33.2764,28.1086,486,49825,0.896366,0.63,2,1323049,1322563,486
91534121,33.8553,32.8217,486,49867,0.859273,0.65,2,1323083,1322597,486
91537041,25.9711,32.1643,478,49909,0.851855,0.69,2,1323107,1322629,478
91539961,25.1942,24.8329,480,49951,0.882371,0.71,2,1323132,1322652,480
91542881,28.2388,24.1666,485,49993,0.920474,0.73,2,1323161,1322676,485
91545801,29.6478,27.2333,487,50035,0.928095,0.75,2,1323191,1322704,487
91830501,95,88,503,27154,0.67,1,1,1327126,1326623,503
91833421,49.4,44.8,507,27232,0.686,1,1,1327164,1326657,507
91836341,84.28,94.56,493,27310,0.7532,1,2,1327257,1326764,493
91839261,45.656,49.312,491,27388,0.76664,0.86,2,1327293,1326802,491
91842181,41.1312,55.4624,474,27465,0.705328,1,1,1327333,1326859,474
91845101,37.8262,39.0925,476,27542,0.677066,1,1,1327370,1326894,476
91848021,30.7652,34.2185,472,27619,0.719413,0.89,1,1327399,1326927,472
91850941,53.3531,58.8437,466,27696,0.743883,0.81,1,1327458,1326992,466
91853861,38.6706,42.9687,462,27772,0.748777,0.67,1,1327493,1327031,462
91856781,80.5341,84.5937,458,27848,0.829755,0.69,2,1327584,1327126,458
91859701,47.3068,47.3187,459,27924,0.829951,0.77,2,1327623,1327164,459
91862621,79.8614,83.8638,454,28000,0.90999,0.77,2,1327711,1327257,454
91865541,43.9723,45.5728,453,28076,0.909998,0.69,2,1327746,1327293,453
91868461,41.5945,41.1145,454,28151,0.91,0.67,2,1327787,1327333,454
91871381,38.7189,37.8229,455,28226,0.91,0.73,2,1327825,1327370,455
91874301,33.3438,30.7646,458,28301,0.926,0.75,2,1327857,1327399,458
92023221,79,45,561,31891,0.51,1,1,1330437,1329876,561
92026141,46.2,68.2,525,31957,0.446,1,1,1330475,1329950,525
92029061,44.44,56.84,515,32023,0.2252,1,1,1330519,1330004,515
92031981,40.888,38.568,521,32089,0.06904,1,1,1330559,1330038,521
92034901,36.1776,45.3136,509,32155,0.037808,1,1,1330594,1330085,509
92037821,45.6355,38.6627,520,32221,0.0075616,1,1,1330642,1330122,520
92040741,41.9271,37.3325,524,32287,0.00151232,1,1,1330683,1330159,524
92043661,41.9854,54.6665,507,32353,0.00830246,1,1,1330725,1330218,507
92046581,57.1971,40.5333,531,32418,0.0416605,0.88,1,1330786,1330255,531
92049501,35.4394,60.1067,496,32483,0.0323321,0.73,1,1330816,1330320,496
92052421,57.4879,42.4213,521,32548,0.0144664,0.51,1,1330879,1330358,521
92055341,36.2976,71.6843,473,32613,0.0748933,0.43,1,1330910,1330437,473
92058261,38.4595,44.7369,474,32678,0.0389787,0.17,1,1330949,1330475,474
92061181,32.4919,44.1474,461,32743,0.111796,0.03,1,1330980,1330519,461
92064101,8.09838,40.8295,423,32808,0.0943592,0.03,1,1330982,1330559,423
92067021,29.6197,36.1659,423,32872,0.0268718,0,1,1331017,1330594,423
92069941,44.3239,45.6332,423,32936,0.00537437,0,1,1331065,1330642,423
92072861,41.6648,41.9266,423,33000,0.0410749,0.01,1,1331106,1330683,423
92075781,41.133,41.9853,422,33064,0.048215,0.05,1,1331147,1330725,422
92078701,57.0266,57.1971,422,33128,0.065643,0.03,1,1331208,1330786,422
92081621,36.2053,35.4394,423,33192,0.0531286,0.01,1,1331239,1330816,423
92084541,60.0411,57.4879,426,33256,0.0346257,0.09,1,1331305,1330879,426
92087461,35.2082,36.2976,424,33320,0.0789251,0.03,1,1331334,1330910,424
92090381,39.0416,38.4595,425,33383,0.103785,0.13,1,1331374,1330949,425
92093301,31.0083,32.4919,423,33446,0.124757,0.09,1,1331403,1330980,423
92096221,7.80167,8.09838,423,33509,0.128951,0.01,1,1331405,1330982,423
92099141,28.7603,29.6197,422,33572,0.11379,0,1,1331439,1331017,422
92102061,44.1521,44.3239,422,33635,0.0227581,0.05,1,1331487,1331065,422
92104981,41.6304,41.6648,422,33698,0.0125516,0.05,1,1331528,1331106,422
92107901,41.1261,41.133,422,33761,0.0425103,0.07,1,1331569,1331147,422
92110821,57.8252,57.0266,423,33824,0.0325021,0.05,1,1331631,1331208,423
92113741,36.365,36.2053,423,33887,0.0625004,0.03,1,1331662,1331239,423
92116661,60.073,60.0411,423,33949,0.0125001,0.09,1,1331728,1331305,423
92119581,36.0146,35.2082,424,34011,0.0105,0.11,1,1331758,1331334,424
92122501,40.0029,39.0416,425,34073,0.0101,0.13,1,1331799,1331374,425
92125421,32.0006,31.0083,426,34135,0.04202,0.13,1,1331829,1331403,426
92128341,8.00012,7.80167,426,34197,0.016404,0.11,1,1331831,1331405,426
92131261,28,28.7603,425,34259,0.0112808,0.11,1,1331864,1331439,425
92134181,40.8,5.75207,469,34321,0.0102562,0,1,1331908,1331439,469
92137101,40.96,39.5504,462,34383,0.0420512,0.01,1,1331949,1331487,462
92140021,40.992,40.7101,462,34444,0.0644102,0.05,1,1331990,1331528,462
92142941,59.3984,40.942,485,34505,0.020882,0.03,1,1332054,1331569,485
92145861,35.8797,57.7884,453,34566,0.0281764,0.07,1,1332084,1331631,453
92148781,59.1759,36.3577,487,34627,0.0136353,0,1,1332149,1331662,487
92151701,35.8352,60.0715,451,34688,0.0267271,0.01,1,1332179,1331728,451
92154621,39.967,36.0143,462,34749,0.0613454,0.01,1,1332220,1331758,462
92157541,31.9934,40.0029,451,34810,0.0682691,0.05,1,1332250,1331799,451
92160461,7.99868,32.0006,423,34871,0.0696538,0.01,1,1332252,1331829,423
92163381,28.7997,8.00011,455,34932,0.0379308,0.01,1,1332286,1331831,455
92166301,40.1599,28,465,34993,0.0315862,0.01,1,1332329,1331864,465
92169221,42.432,40.8,464,35053,0.0463172,0.05,1,1332372,1331908,464
92172141,42.0864,40.96,465,35113,0.0332634,0.07,1,1332414,1331949,465
92175061,58.0173,40.992,486,35173,0.0306527,0.01,1,1332476,1331990,486
92177981,35.6035,59.3984,452,35233,0.0301305,0.03,1,1332506,1332054,452
92180901,59.1207,35.8797,487,35293,0.0620261,0.01,1,1332571,1332084,487
92183821,36.6241,59.1759,453,35353,0.0844052,0.03,1,1332602,1332149,453
92186741,40.9248,35.8352,465,35413,0.136881,0.07,1,1332644,1332179,465
92189661,32.185,39.967,454,35473,0.163376,0.07,1,1332674,1332220,454
92192581,8.03699,31.9934,426,35533,0.168675,0.07,1,1332676,1332250,426
92195501,27.2074,7.99868,456,35592,0.185735,0.03,1,1332708,1332252,456
92198421,40.6415,28.7997,466,35651,0.157147,0.03,1,1332752,1332286,466
92201341,9.7283,40.1599,425,35710,0.151429,0.05,1,1332754,1332329,425
92204261,33.9457,42.432,422,35769,0.134286,0.03,1,1332794,1332372,422
92207181,41.1891,42.0864,423,35828,0.114857,0.03,1,1332837,1332414,423
92210101,57.8378,58.0173,423,35887,0.142971,0.03,1,1332899,1332476,423
92213021,36.3676,35.6035,424,35946,0.148594,0.07,1,1332930,1332506,424
92215941,60.0735,59.1207,425,36005,0.165719,0.09,1,1332996,1332571,425
92218861,37.6147,36.6241,426,36064,0.201144,0.15,1,1333028,1332602,426
92221781,44.3229,40.9248,430,36123,0.192229,0.17,1,1333074,1332644,430
92224701,32.8646,32.185,430,36182,0.238446,0.17,1,1333104,1332674,430
92227621,8.17292,8.03699,430,36240,0.247689,0.19,1,1333106,1332676,430
92230541,28.0346,27.2074,431,36298,0.281538,0.15,1,1333139,1332708,431
92233461,37.6069,40.6415,427,36356,0.304308,0.15,1,1333179,1332752,427
92236381,9.12138,9.7283,427,36414,0.308862,0.13,1,1333181,1332754,427
92239301,34.6243,33.9457,428,36472,0.325772,0.11,1,1333222,1332794,428
92242221,40.5249,41.1891,427,36530,0.329154,0.15,1,1333264,1332837,427
92245141,57.705,57.8378,427,36588,0.441831,0.15,1,1333326,1332899,427
92248061,37.941,36.3676,429,36646,0.496366,0.17,1,1333359,1332930,429
92250981,61.1882,60.0735,430,36704,0.523273,0.21,1,1333426,1332996,430
92253901,37.8376,37.6147,430,36762,0.528655,0.19,1,1333458,1333028,430
92256821,45.9675,44.3229,432,36819,0.529731,0.25,1,1333506,1333074,432
92259741,33.9935,32.8646,433,36876,0.545946,0.25,1,1333537,1333104,433
92262661,8.3987,8.17292,433,36933,0.549189,0.29,1,1333539,1333106,433
92265581,29.6797,28.0346,435,36990,0.549838,0.31,1,1333574,1333139,435
92268501,37.9359,37.6069,435,37047,0.549968,0.31,1,1333614,1333179,435
92271421,9.18719,9.12138,435,37104,0.517994,0.33,1,1333616,1333181,435
92274341,35.4374,34.6243,436,37161,0.543599,0.33,1,1333658,1333222,436
92277261,41.4875,6.92485,479,37218,0.51672,0.33,1,1333701,1333222,479
92280181,61.8975,34.985,504,37275,0.527344,0.47,1,1333768,1333264,504
92283101,41.1795,56.597,478,37332,0.545469,0.51,1,1333804,1333326,478
92286021,63.4359,37.7194,514,37389,0.613094,0.53,1,1333873,1333359,514
92288941,38.2872,61.1439,479,37446,0.626619,0.53,1,1333905,1333426,479
92291861,45.2574,37.8288,494,37502,0.613324,0.53,1,1333952,1333458,494
92294781,33.8515,45.9658,477,37558,0.626665,0.55,1,1333983,1333506,477
92297701,8.3703,33.9932,448,37614,0.629333,0.55,1,1333985,1333537,448
92300621,29.6741,8.39863,481,37670,0.613867,0.55,1,1334020,1333539,481
92303541,37.9348,29.6797,486,37726,0.642773,0.55,1,1334060,1333574,486
92306461,9.18696,37.9359,448,37782,0.648555,0.51,1,1334062,1333614,448
92309381,35.4374,9.18719,488,37838,0.649711,0.55,1,1334104,1333616,488
92312301,41.4875,35.4374,489,37894,0.649942,0.51,1,1334147,1333658,489
92315221,62.6975,41.4875,514,37950,0.665988,0.53,1,1334215,1333701,514
92318141,43.7395,61.8975,486,38006,0.685198,0.55,1,1334254,1333768,486
92321061,65.5479,41.1795,521,38062,0.72104,0.63,1,1334325,1333804,521
92323981,38.7096,63.4359,484,38118,0.728208,0.63,1,1334357,1333873,484
92326901,44.5419,38.2872,498,38173,0.745642,0.61,1,1334403,1333905,498
92329821,34.5084,45.2574,483,38228,0.749128,0.63,1,1334435,1333952,483
92332741,8.50168,33.8515,454,38283,0.749826,0.63,1,1334437,1333983,454
92335661,29.7003,8.3703,487,38338,0.765965,0.61,2,1334472,1333985,487
92338581,38.7401,29.6741,493,38393,0.801193,0.65,2,1334513,1334020,493
92341501,9.34801,37.9348,455,38448,0.808239,0.65,2,1334515,1334060,455
92344421,36.2696,9.18696,496,38503,0.825648,0.65,2,1334558,1334062,496
92347341,40.8539,35.4374,496,38558,0.86113,0.65,2,1334600,1334104,496
92350261,63.3708,41.4875,522,38613,0.900226,0.67,2,1334669,1334147,522
92353181,14.2742,62.6975,456,38668,0.908045,0.69,2,1334671,1334215,456
92356101,34.0548,43.7395,456,38723,0.893609,0.73,2,1334710,1334254,456
92359021,65.211,65.5479,458,38778,0.890722,0.73,2,1334783,1334325,458
92361941,39.4422,38.7096,459,38832,0.938144,0.75,2,1334816,1334357,459
92614521,32,37,487,21602,0.61,1,1,1338904,1338417,487
92617441,146.4,135.4,502,21700,0.194,1,1,1339079,1338577,502
92620361,55.68,50.28,506,21798,0.1588,1,1,1339112,1338606,506
92623281,27.936,39.656,490,21895,0.19976,0.97,1,1339133,1338643,490
92626201,77.5872,88.7312,479,21992,0.159952,0.81,1,1339223,1338744,479
92629121,67.5174,88.9462,455,22088,0.16799,0.71,1,1339288,1338833,455
92632041,41.5035,48.9892,451,22184,0.169598,0.61,1,1339323,1338872,451
92634961,35.5007,35.3978,453,22280,0.20192,0.09,1,1339357,1338904,453
92637881,127.9,147.08,429,22375,0.320384,0.15,1,1339508,1339079,429
92640801,51.98,55.8159,429,22470,0.280077,0.21,1,1339541,1339112,429
92643721,27.996,27.9632,430,22564,0.304015,0.21,1,1339563,1339133,430
92646641,77.5992,5.59264,520,22658,0.324803,0.15,1,1339653,1339133,520
92649561,65.9198,73.1185,493,22752,0.312961,0.17,1,1339716,1339223,493
92652481,42.784,66.6237,465,22845,0.278592,0.17,1,1339753,1339288,465
92655401,36.5568,41.3247,465,22938,0.335718,0.21,1,1339788,1339323,465
92658321,131.311,35.4649,586,23030,0.379144,0.35,1,1339943,1339357,586
92661241,51.8623,127.893,467,23122,0.419829,0.27,1,1339975,1339508,467
92664161,31.1725,51.9786,460,23214,0.427966,0.31,1,1340001,1339541,460
92667081,77.4345,27.9957,527,23305,0.461593,0.33,1,1340090,1339563,527
92670001,65.0869,77.5991,499,23396,0.500319,0.31,1,1340152,1339653,499
92672921,42.6174,65.9198,473,23487,0.524064,0.27,1,1340189,1339716,473
92675841,38.1235,42.784,473,23577,0.512813,0.35,1,1340226,1339753,473
92678761,134.825,36.5568,597,23667,0.558563,0.39,1,1340385,1339788,597
92681681,52.5649,131.311,474,23757,0.583713,0.43,1,1340417,1339943,474
92684601,31.313,51.8623,468,23846,0.588742,0.43,1,1340443,1339975,468
92687521,79.0626,31.1725,533,23935,0.637748,0.47,1,1340534,1340001,533
92690441,17.4125,77.4345,446,24024,0.66355,0.51,1,1340536,1340090,446
92693361,53.8825,65.0869,447,24112,0.71671,0.53,1,1340599,1340152,447
92696281,41.1765,42.6174,448,24200,0.695342,0.51,1,1340637,1340189,448
92699201,37.0353,38.1235,447,24288,0.739068,0.57,1,1340673,1340226,447
92702121,137.807,134.825,451,24375,0.795814,0.59,2,1340836,1340385,451
92705041,53.1614,52.5649,451,24462,0.807163,0.59,2,1340868,1340417,451
92707961,31.4323,31.313,451,24549,0.777433,0.65,2,1340894,1340443,451
92710881,82.2865,79.0626,455,24635,0.803487,0.67,2,1340989,1340534,455
92713801,18.0573,17.4125,455,24721,0.808697,0.73,2,1340991,1340536,455
92716721,54.8115,53.8825,456,24807,0.857739,0.69,2,1341055,1340599,456
92719641,41.3623,41.1765,456,24892,0.899548,0.75,2,1341093,1340637,456
92722561,37.8725,37.0353,457,24977,0.90791,0.81,2,1341130,1340673,457
92848121,44,14,527,28396,0.79,1,2,1343571,1343044,527
92851041,83.2,2.8,620,28471,0.486,1,1,1343664,1343044,620
92853961,80.64,130.96,537,28545,0.2972,1,1,1343744,1343207,537
92856881,43.328,67.792,519,28619,0.13144,1,1,1343778,1343259,519
92859801,48.6656,43.9584,531,28693,0.098288,1,1,1343828,1343297,531
92862721,44.1331,51.9917,520,28767,0.0276576,1,1,1343871,1343351,520
92865641,49.6266,46.3983,526,28841,0.0615315,1,1,1343922,1343396,526
92868561,42.7253,54.8797,510,28914,0.0363063,0.9,1,1343963,1343453,510
92871481,34.1451,46.9759,497,28987,0.0152613,0.89,1,1343995,1343498,497
92874401,32.429,32.5952,500,29060,0.0270523,0.79,1,1344027,1343527,500
92877321,64.8858,41.719,529,29133,0.0774105,0.41,1,1344100,1343571,529
92880241,68.9772,82.7438,506,29206,0.103482,0.25,1,1344170,1343664,506
92883161,36.9954,80.5488,455,29278,0.124696,0.09,1,1344199,1343744,455
92886081,48.9991,43.3098,473,29350,0.0969393,0.09,1,1344251,1343778,473
92889001,43.3998,48.6619,465,29422,0.0913879,0.01,1,1344293,1343828,465
92891921,49.48,44.1324,473,29494,0.0582776,0.07,1,1344344,1343871,473
92894841,42.696,49.6265,463,29566,0.0356555,0.03,1,1344385,1343922,463
92897761,34.9392,42.7253,455,29638,0.0631311,0.01,1,1344418,1343963,455
92900681,32.5878,34.1451,455,29709,0.0686262,0.03,1,1344450,1343995,455
92903601,64.9176,32.429,496,29780,0.0537252,0.09,1,1344523,1344027,496
92906521,14.5835,64.8858,425,29851,0.050745,0.11,1,1344525,1344100,425
92909441,60.5167,68.9772,427,29922,0.114149,0.13,1,1344597,1344170,427
92912361,34.5033,36.9954,426,29993,0.14283,0.09,1,1344625,1344199,426
92915281,48.5007,48.9991,426,30064,0.180566,0.09,1,1344677,1344251,426
92918201,43.3001,43.3998,426,30134,0.156113,0.05,1,1344719,1344293,426
92921121,47.06,49.48,423,30204,0.119223,0.03,1,1344767,1344344,423
92924041,43.012,42.696,424,30274,0.0638445,0.07,1,1344809,1344385,424
92926961,35.8024,34.9392,425,30344,0.0367689,0.07,1,1344843,1344418,425
92929881,33.5605,32.5878,426,30414,0.0473538,0.05,1,1344876,1344450,426
92932801,65.1121,64.9176,426,30484,0.0174708,0.05,1,1344949,1344523,426
92935721,14.6224,14.5835,426,30553,0.0434942,0.13,1,1344951,1344525,426
92938641,62.1245,60.5167,428,30622,0.0966988,0.15,1,1345025,1344597,428
92941561,35.6249,34.5033,429,30691,0.10734,0.19,1,1345054,1344625,429
92944481,48.725,48.5007,429,30760,0.109468,0.15,1,1345106,1344677,429
92947401,44.945,43.3001,431,30829,0.141894,0.11,1,1345150,1344719,431
92950321,41.789,47.06,424,30898,0.180379,0.05,1,1345191,1344767,424
92953241,40.3578,43.012,422,30966,0.252076,0.03,1,1345231,1344809,422
92956161,36.0716,35.8024,423,31034,0.218415,0.05,1,1345266,1344843,423
92959081,32.8143,33.5605,422,31102,0.243683,0.01,1,1345298,1344876,422
92962001,64.9629,65.1121,422,31170,0.200737,0.05,1,1345371,1344949,422
92964921,14.5926,14.6224,422,31238,0.192147,0.11,1,1345373,1344951,422
92967841,64.5185,62.1245,425,31306,0.238429,0.11,1,1345450,1345025,425
92970761,35.3037,12.4249,453,31374,0.215686,0.11,1,1345478,1345025,453
92973681,51.0607,25.685,479,31441,0.211137,0.11,1,1345533,1345054,479
92976601,46.2121,46.737,472,31508,0.242227,0.15,1,1345578,1345106,472
92979521,43.6424,44.5474,471,31575,0.232445,0.19,1,1345621,1345150,471
92982441,42.3285,41.7095,472,31642,0.246489,0.27,1,1345663,1345191,472
92985361,34.8657,40.3419,465,31709,0.265298,0.21,1,1345696,1345231,465
92988281,33.3731,36.0684,463,31776,0.28506,0.25,1,1345729,1345266,463
92991201,62.6746,32.8137,501,31843,0.289012,0.19,1,1345799,1345298,501
92994121,14.1349,64.9627,430,31909,0.289802,0.19,1,1345801,1345371,430
92997041,66.827,14.5925,508,31975,0.28996,0.25,1,1345881,1345373,508
92999961,35.7654,64.5185,459,32041,0.337992,0.21,1,1345909,1345450,459
93002881,51.1531,35.3037,486,32107,0.363598,0.21,1,1345964,1345478,486
93005801,47.8306,51.0607,478,32173,0.41672,0.25,1,1346011,1345533,478
93008721,43.1661,46.2121,475,32239,0.475344,0.23,1,1346053,1345578,475
93011641,43.0332,43.6424,475,32305,0.487069,0.25,1,1346096,1345621,475
93014561,35.8066,42.3285,467,32370,0.505414,0.27,1,1346130,1345663,467
93017481,34.3613,34.8657,468,32435,0.509083,0.29,1,1346164,1345696,468
93020401,62.8723,33.3731,505,32500,0.573817,0.29,1,1346234,1345729,505
93023321,14.1745,62.6746,437,32565,0.586763,0.29,1,1346236,1345799,437
93026241,68.4349,14.1349,517,32630,0.589353,0.29,1,1346318,1345801,517
93029161,36.887,66.827,466,32695,0.589871,0.35,1,1346347,1345881,466
93032081,52.1774,35.7654,494,32760,0.621974,0.37,1,1346403,1345909,494
93035001,12.0355,51.1531,441,32825,0.628395,0.43,1,1346405,1345964,441
93037921,41.6071,47.8306,443,32889,0.693679,0.49,1,1346454,1346011,443
93040841,44.3214,43.1661,446,32953,0.658736,0.49,1,1346499,1346053,446
93043761,43.2643,43.0332,446,33017,0.715747,0.51,1,1346542,1346096,446
93046681,36.6529,35.8066,447,33081,0.679149,0.51,1,1346577,1346130,447
93049601,34.5306,34.3613,447,33145,0.71983,0.59,1,1346611,1346164,447
93052521,66.1061,62.8723,451,33209,0.663966,0.59,1,1346685,1346234,451
93055441,14.8212,14.1745,451,33273,0.684793,0.59,1,1346687,1346236,451
93058361,66.9642,68.4349,449,33337,0.688959,0.59,1,1346767,1346318,449
93061281,38.1928,36.887,451,33400,0.705792,0.63,1,1346798,1346347,451
93064201,54.0386,52.1774,453,33463,0.725158,0.63,1,1346856,1346403,453
93067121,12.4077,12.0355,453,33526,0.729032,0.71,1,1346858,1346405,453
93070041,43.2815,41.6071,455,33589,0.729806,0.65,1,1346909,1346454,455
93072961,43.8563,44.3214,454,33652,0.745961,0.73,1,1346953,1346499,454
93075881,44.7713,43.2643,456,33715,0.781192,0.67,2,1346998,1346542,456
93078801,36.1543,36.6529,455,33778,0.836238,0.73,2,1347032,1346577,455
93081721,35.2309,34.5306,456,33841,0.879248,0.65,2,1347067,1346611,456
93084641,64.6462,66.1061,454,33903,0.90385,0.69,2,1347139,1346685,454
93087561,14.5292,14.8212,454,33965,0.90877,0.69,2,1347141,1346687,454
93221881,34,28,489,36718,0.69,1,1,1349071,1348582,489
93224801,66,57.6,498,36776,0.498,1,1,1349145,1348647,498
93227721,38.8,38.72,496,36833,0.3636,1,1,1349177,1348681,496
93230641,49.36,58.944,484,36890,0.12872,1,1,1349229,1348745,484
93233561,40.272,39.7888,487,36947,0.049744,1,1,1349267,1348780,487
93236481,32.0544,30.3578,489,37004,0.0179488,1,1,1349297,1348808,489
93239401,24.0109,30.8716,480,37061,0.0115898,0.97,1,1349319,1348839,480
93242321,23.2022,26.9743,477,37118,0.010318,1,1,1349342,1348865,477
93245241,20.6404,26.9949,470,37175,0.0260636,1,1,1349362,1348892,470
93248161,36.1281,5.39897,510,37232,0.0612127,1,1,1349402,1348892,510
93251081,36.0256,33.0798,506,37289,0.0682425,0.86,1,1349438,1348932,506
93254001,53.6051,37.016,526,37346,0.0376485,0.81,1,1349496,1348970,526
93256921,33.921,61.0032,488,37403,0.0475297,0.69,1,1349525,1349037,488
93259841,52.3842,39.4006,511,37459,0.0175059,0.45,1,1349582,1349071,511
93262761,32.0768,67.0801,464,37515,0.0915012,0.33,1,1349609,1349145,464
93265681,39.2154,39.016,473,37571,0.1063,0.07,1,1349650,1349177,473
93268601,38.2431,49.4032,459,37627,0.02126,0.03,1,1349688,1349229,459
93271521,31.6486,40.2806,451,37683,0.108252,0.01,1,1349718,1349267,451
93274441,23.9297,32.0561,443,37739,0.0936504,0.01,1,1349740,1349297,443
93277361,23.9859,24.0112,445,37795,0.0907301,0.01,1,1349764,1349319,445
93280281,19.9972,23.2022,441,37851,0.042146,0.03,1,1349783,1349342,441
93283201,36.7994,20.6404,462,37907,0.0164292,0.07,1,1349824,1349362,462
93286121,35.3599,36.1281,457,37963,0.0432858,0.07,1,1349859,1349402,457
93289041,54.272,36.0256,480,38019,0.0326572,0.03,1,1349918,1349438,480
93291961,33.2544,53.6051,450,38075,0.0785314,0.05,1,1349946,1349496,450
93294881,53.8509,33.921,480,38130,0.0157063,0.01,1,1350005,1349525,480
93297801,33.9702,52.3842,452,38185,0.0431413,0.11,1,1350034,1349582,452
93300721,38.794,32.0768,465,38240,0.0646283,0.11,1,1350074,1349609,465
93303641,35.7588,39.2154,459,38295,0.0209256,0,1,1350109,1349650,459
93306561,31.1518,38.2431,451,38350,0.0281851,0.13,1,1350139,1349688,451
93309481,23.8304,31.6486,443,38405,0.029637,0.09,1,1350161,1349718,443
93312401,25.5661,23.9297,447,38460,0.0459274,0.09,1,1350187,1349740,447
93315321,18.7132,23.9859,440,38515,0.0331855,0.03,1,1350204,1349764,440
93318241,39.7426,19.9972,466,38570,0.0306371,0.01,1,1350249,1349783,466
93321161,9.54853,36.7994,427,38625,0.00612742,0.05,1,1350251,1349824,427
93324081,27.5097,35.3599,424,38680,0.0252255,0.03,1,1350283,1349859,424
93327001,54.3019,54.272,426,38735,0.0290451,0.09,1,1350344,1349918,426
93329921,32.4604,33.2544,425,38790,0.045809,0,1,1350371,1349946,425
93332841,53.6921,53.8509,425,38844,0.0171618,0.05,1,1350430,1350005,425
93335761,33.1384,33.9702,424,38898,0.0114324,0.07,1,1350458,1350034,424
93338681,39.4277,38.794,425,38952,0.0262865,0.01,1,1350499,1350074,425
93341601,33.4855,35.7588,422,39006,0.0452573,0.03,1,1350531,1350109,422
93344521,31.4971,31.1518,423,39060,0.0490515,0.03,1,1350562,1350139,423
93347441,23.8994,23.8304,423,39114,0.0178103,0.05,1,1350584,1350161,423
93350361,26.3799,25.5661,424,39168,0.0115621,0.03,1,1350611,1350187,424
93353281,17.276,18.7132,422,39222,0.0263124,0.03,1,1350626,1350204,422
93356201,39.4552,39.7426,422,39276,0.0292625,0,1,1350671,1350249,422
93359121,9.49104,9.54853,422,39330,0.0058525,0.03,1,1350673,1350251,422
93362041,29.0982,27.5097,424,39384,0.0251705,0.03,1,1350707,1350283,424
93364961,53.8196,54.3019,423,39438,0.0450341,0.05,1,1350767,1350344,423
93367881,31.5639,32.4604,422,39492,0.0490068,0.01,1,1350793,1350371,422
93370801,53.5128,53.6921,422,39545,0.0498014,0.01,1,1350852,1350430,422
93373721,33.1026,33.1384,422,39598,0.0979603,0.03,1,1350880,1350458,422
93376641,39.4205,39.4277,422,39651,0.107592,0.05,1,1350921,1350499,422
93379561,33.4841,33.4855,422,39704,0.0935184,0.05,1,1350953,1350531,422
93382481,32.2968,31.4971,423,39757,0.0587037,0.01,1,1350985,1350562,423
93385401,23.2594,23.8994,422,39810,0.0117407,0.01,1,1351006,1350584,422
93388321,26.2519,26.3799,422,39863,0.0103481,0.03,1,1351033,1350611,422
93391241,17.2504,17.276,422,39916,0.0420696,0.03,1,1351048,1350626,422
93394161,39.4501,39.4552,422,39969,0.0324139,0,1,1351093,1350671,422
93397081,9.49001,9.49104,422,40022,0.0304828,0.03,1,1351095,1350673,422
93400001,29.098,29.0982,422,40075,0.0300966,0.03,1,1351129,1350707,422
93402921,54.6196,5.81964,483,40128,0.0780193,0.05,1,1351190,1350707,483
93405841,31.7239,49.1639,449,40181,0.0876039,0.05,1,1351216,1350767,449
93408761,53.5448,30.6328,482,40234,0.137521,0.05,1,1351275,1350793,482
93411681,34.709,53.3266,453,40286,0.179504,0.11,1,1351305,1350852,453
93414601,38.9418,33.0653,465,40338,0.187901,0.11,1,1351345,1350880,465
93417521,31.7884,39.4131,454,40390,0.18958,0.09,1,1351375,1350921,454
93420441,32.7577,33.4826,455,40442,0.157916,0.05,1,1351408,1350953,455
93423361,21.7515,32.2965,442,40494,0.135583,0,1,1351427,1350985,442
93426281,26.7503,23.2593,449,40546,0.0511166,0.01,1,1351455,1351006,449
93429201,16.5501,26.2519,436,40598,0.0342233,0.05,1,1351469,1351033,436
93432121,39.31,17.2504,466,40650,0.0308447,0.03,1,1351514,1351048,466
93435041,9.462,39.4501,423,40702,0.0301689,0.03,1,1351516,1351093,423
93437961,29.8924,9.49001,456,40754,0.0300338,0.03,1,1351551,1351095,456
93440881,57.1785,29.098,486,40806,0.0620068,0.09,1,1351615,1351129,486
93443801,32.2357,54.6196,451,40858,0.0684014,0.09,1,1351641,1351190,451
93446721,56.8471,31.7239,488,40910,0.13368,0.15,1,1351704,1351216,488
93449641,36.1694,53.5448,460,40962,0.162736,0.19,1,1351735,1351275,460
93452561,39.2339,34.709,470,41014,0.184547,0.19,1,1351775,1351305,470
93455481,31.8468,38.9418,460,41065,0.220909,0.19,1,1351805,1351345,460
93458401,31.1694,31.7884,461,41116,0.244182,0.15,1,1351836,1351375,461
93461321,19.0339,32.7577,444,41167,0.264836,0.13,1,1351852,1351408,444
93464241,23.8068,21.7515,450,41218,0.268967,0.03,1,1351877,1351427,450
93467161,15.1614,26.7503,435,41269,0.253793,0.03,1,1351890,1351455,435
93470081,39.8323,16.5501,467,41320,0.186759,0.03,1,1351936,1351469,467
93473001,9.56645,39.31,424,41371,0.173352,0.03,1,1351938,1351514,424
93475921,29.9133,9.462,457,41422,0.15467,0.03,1,1351973,1351516,457
93478841,58.7827,29.8924,488,41473,0.0869341,0.07,1,1352039,1351551,488
93481761,32.5565,57.1785,450,41524,0.0733868,0.07,1,1352065,1351615,450
93484681,8.11131,32.2357,426,41575,0.0706774,0.15,1,1352067,1351641,426
93487601,54.4223,56.8471,429,41626,0.166135,0.17,1,1352133,1351704,429
93490521,36.4845,36.1694,430,41677,0.185227,0.19,1,1352165,1351735,430
93493441,41.6969,39.2339,433,41728,0.173045,0.23,1,1352208,1351775,433
93496361,32.3394,31.8468,433,41779,0.202609,0.25,1,1352238,1351805,433
93499281,32.0679,31.1694,434,41830,0.208522,0.27,1,1352270,1351836,434
93502201,20.0136,19.0339,435,41880,0.161704,0.27,1,1352287,1351852,435
93505121,24.0027,23.8068,435,41930,0.200341,0.25,1,1352312,1351877,435
93508041,14.4005,15.1614,434,41980,0.192068,0.17,1,1352324,1351890,434
93510961,34.8801,39.8323,428,42030,0.190414,0.17,1,1352364,1351936,428
93513881,8.57602,9.56645,428,42080,0.190083,0.15,1,1352366,1351938,428
93516801,30.5152,29.9133,429,42130,0.238017,0.07,1,1352402,1351973,429
93519721,55.703,58.7827,425,42180,0.247603,0.07,1,1352464,1352039,425
93522641,31.9406,32.5565,425,42230,0.249521,0.07,1,1352490,1352065,425
93525561,7.98812,8.11131,425,42280,0.281904,0.19,1,1352492,1352067,425
93528481,58.3976,54.4223,430,42330,0.304381,0.19,1,1352563,1352133,430
93531401,38.0795,36.4845,431,42380,0.308876,0.17,1,1352596,1352165,431
93534321,41.2159,41.6969,430,42430,0.277775,0.21,1,1352638,1352208,430
93537241,32.2432,32.3394,430,42480,0.287555,0.21,1,1352668,1352238,430
93540161,32.0486,32.0679,430,42530,0.321511,0.15,1,1352700,1352270,430
93543081,19.2097,20.0136,429,42580,0.328302,0.21,1,1352716,1352287,429
93546001,25.4419,24.0027,431,42630,0.34566,0.19,1,1352743,1352312,431
93548921,14.6884,14.4005,431,42680,0.349132,0.19,1,1352755,1352324,431
93551841,35.7377,34.8801,432,42729,0.365826,0.19,1,1352796,1352364,432
93554761,8.74753,8.57602,432,42778,0.369165,0.25,1,1352798,1352366,432
93557681,32.1495,30.5152,434,42827,0.433833,0.25,1,1352836,1352402,434
93560601,56.0299,55.703,434,42876,0.446767,0.25,1,1352898,1352464,434
93563521,32.806,31.9406,435,42925,0.465353,0.29,1,1352925,1352490,435
93566441,8.1612,7.98812,435,42974,0.469071,0.31,1,1352927,1352492,435
93569361,58.4322,58.3976,435,43023,0.501814,0.31,1,1352998,1352563,435
93572281,37.2864,11.6795,467,43072,0.540363,0.31,1,1353030,1352563,467
93575201,41.0573,28.7359,476,43121,0.548073,0.27,1,1353072,1352596,476
93578121,33.0115,39.3472,465,43170,0.565615,0.29,1,1353103,1352638,465
93581041,32.2023,31.8694,467,43219,0.601123,0.33,1,1353135,1352668,467
93583961,20.0405,31.9739,452,43268,0.640225,0.33,1,1353152,1352700,452
93586881,25.6081,19.1948,463,43317,0.632045,0.35,1,1353179,1352716,463
93589801,14.7216,25.439,448,43366,0.630409,0.35,1,1353191,1352743,448
93592721,38.9443,14.6878,481,43415,0.646082,0.37,1,1353236,1352755,481
93595641,9.38886,35.7376,442,43464,0.617216,0.37,1,1353238,1352796,442
93598561,33.0778,8.74751,479,43513,0.611443,0.45,1,1353277,1352798,479
93601481,57.8156,32.1495,505,43561,0.626289,0.45,1,1353341,1352836,505
93604401,33.9631,56.0299,471,43609,0.629258,0.47,1,1353369,1352898,471
93607321,8.39262,32.806,446,43657,0.629852,0.47,1,1353371,1352925,446
93610241,60.0785,8.1612,517,43705,0.62997,0.51,1,1353444,1352927,517
93613161,39.2157,58.4322,480,43753,0.629994,0.55,1,1353478,1352998,480
93616081,41.4431,37.2864,490,43801,0.661999,0.55,1,1353520,1353030,490
93619001,33.8886,41.0573,480,43849,0.6684,0.57,1,1353552,1353072,480
93621921,34.7777,33.0115,484,43897,0.70168,0.61,1,1353587,1353103,484
93624841,19.7555,32.2023,468,43945,0.740336,0.65,1,1353603,1353135,468
93627761,26.3511,20.0405,479,43993,0.748067,0.63,1,1353631,1353152,479
93630681,14.8702,25.6081,464,44041,0.749613,0.63,1,1353643,1353179,464
93633601,38.174,14.7216,496,44089,0.765923,0.65,2,1353687,1353191,496
93636521,9.23481,38.9443,453,44137,0.769185,0.61,2,1353689,1353236,453
93639441,33.047,9.38886,490,44185,0.801837,0.61,2,1353728,1353238,490
93642361,58.6094,33.0778,516,44233,0.840367,0.63,2,1353793,1353277,516
93645281,34.1219,57.8156,480,44281,0.848073,0.63,2,1353821,1353341,480
93648201,8.42438,33.9631,454,44329,0.865615,0.63,2,1353823,1353369,454
93651121,60.0849,8.39262,525,44377,0.885123,0.63,2,1353896,1353371,525
93654041,39.217,60.0785,486,44425,0.889025,0.63,2,1353930,1353444,486
93656961,9.44339,39.2157,454,44472,0.889805,0.67,2,1353932,1353478,454
93659881,36.2887,41.4431,455,44519,0.921961,0.67,2,1353975,1353520,455
93832161,28,34,509,47232,0.71,1,1,1355853,1355344,509
93835081,25.6,22,515,47277,0.678,1,1,1355878,1355363,515
93838001,21.92,25.2,510,47322,0.5756,1,1,1355899,1355389,510
93840921,28.384,25.84,514,47367,0.45912,1,1,1355929,1355415,514
93843841,32.8768,37.968,507,47412,0.355824,1,1,1355963,1355456,507
93846761,26.5754,25.1936,510,47456,0.287165,1,1,1355988,1355478,510
93849681,18.1151,29.8387,495,47500,0.273433,1,1,1356004,1355509,495
93852601,23.623,29.1677,491,47544,0.238687,1,1,1356029,1355538,491
93855521,34.3246,27.4335,501,47588,0.263737,1,1,1356066,1355565,501
93858441,30.8649,27.8867,503,47632,0.204747,1,1,1356096,1355593,503
93861361,23.773,29.5773,495,47676,0.160949,1,1,1356118,1355623,495
93864281,41.5546,51.5155,484,47720,0.18419,1,1,1356164,1355680,484
93867201,29.1109,35.1031,479,47764,0.124838,1,1,1356190,1355711,479
93870121,24.2222,29.4206,474,47808,0.128968,0.83,1,1356213,1355739,474
93873041,43.2444,47.4841,470,47852,0.193794,0.81,1,1356261,1355791,470
93875961,29.4489,36.6968,462,47896,0.142759,0.71,1,1356287,1355825,462
93878881,23.4898,29.7394,456,47940,0.164552,0.67,1,1356309,1355853,456
93881801,19.898,25.9479,450,47984,0.15291,0.55,1,1356328,1355878,450
93884721,19.1796,21.9896,448,48028,0.166582,0.43,1,1356347,1355899,448
93887641,25.4359,28.3979,445,48072,0.185316,0.33,1,1356374,1355929,445
93890561,26.6872,32.8796,438,48116,0.221063,0.27,1,1356401,1355963,438
93893481,22.9374,26.5759,435,48160,0.196213,0.27,1,1356423,1355988,435
93896401,15.7875,18.1152,433,48204,0.207243,0.23,1,1356437,1356004,433
93899321,19.1575,23.623,428,48248,0.241448,0.27,1,1356457,1356029,428
93902241,35.0315,34.3246,430,48292,0.26429,0.19,1,1356496,1356066,430
93905161,30.2063,30.8649,429,48336,0.220858,0.15,1,1356525,1356096,429
93908081,24.4413,23.773,430,48380,0.228172,0.19,1,1356548,1356118,430
93911001,40.0883,41.5546,428,48424,0.245634,0.11,1,1356592,1356164,428
93913921,28.8177,29.1109,428,48468,0.265127,0.13,1,1356618,1356190,428
93916841,24.1635,24.2222,428,48511,0.269025,0.21,1,1356641,1356213,428
93919761,43.2327,43.2444,428,48554,0.285805,0.13,1,1356689,1356261,428
93922681,29.4465,29.4489,428,48597,0.305161,0.17,1,1356715,1356287,428
93925601,23.4893,23.4898,428,48640,0.309032,0.15,1,1356737,1356309,428
93928521,20.6979,19.898,429,48683,0.309806,0.17,1,1356757,1356328,429
93931441,18.5396,19.1796,428,48726,0.341961,0.19,1,1356775,1356347,428
93934361,26.9079,25.4359,430,48769,0.348392,0.23,1,1356804,1356374,430
93937281,27.7816,26.6872,431,48812,0.381678,0.19,1,1356832,1356401,431
93940201,21.5563,22.9374,429,48855,0.388336,0.19,1,1356852,1356423,429
93943121,17.1113,4.58749,445,48898,0.357667,0.21,1,1356868,1356423,445
93946041,21.0223,12.1175,453,48941,0.351533,0.25,1,1356890,1356437,453
93948961,34.6044,18.4235,471,48984,0.350307,0.27,1,1356928,1356457,471
93951881,29.3209,34.8847,460,49027,0.382061,0.21,1,1356956,1356496,460
93954801,25.0642,30.1769,455,49070,0.420412,0.23,1,1356980,1356525,455
93957721,39.4128,24.4354,475,49113,0.444082,0.25,1,1357023,1356548,475
93960641,29.4826,40.0871,458,49156,0.480816,0.27,1,1357050,1356592,458
93963561,24.2965,28.8174,455,49199,0.504163,0.27,1,1357073,1356618,455
93966481,44.0593,24.1635,481,49242,0.508833,0.29,1,1357122,1356641,481
93969401,30.4119,43.2327,460,49285,0.493767,0.31,1,1357149,1356689,460
93972321,24.4824,29.4465,457,49328,0.474753,0.31,1,1357172,1356715,457
93975241,21.6965,23.4893,456,49371,0.486951,0.31,1,1357193,1356737,456
93978161,19.5393,20.6979,455,49414,0.47339,0.35,1,1357212,1356757,455
93981081,27.9079,18.5396,467,49457,0.470678,0.35,1,1357242,1356775,467
93984001,27.9816,26.9079,466,49500,0.486136,0.39,1,1357270,1356804,466
93986921,21.5963,27.7816,458,49543,0.489227,0.39,1,1357290,1356832,458
93989841,17.1193,21.5563,454,49586,0.489845,0.35,1,1357306,1356852,454
93992761,21.0239,17.1113,460,49628,0.505969,0.35,1,1357328,1356868,460
93995681,36.2048,21.0223,478,49670,0.525194,0.35,1,1357368,1356890,478
93998601,29.641,34.6044,468,49712,0.529039,0.39,1,1357396,1356928,468
94001521,26.7282,29.3209,466,49754,0.529808,0.43,1,1357422,1356956,466
94004441,40.5456,25.0642,486,49796,0.561962,0.45,1,1357466,1356980,486
94007361,32.1091,39.4128,473,49838,0.568392,0.49,1,1357496,1357023,473
94010281,24.8218,29.4826,469,49880,0.617678,0.51,1,1357519,1357050,469
94013201,44.1644,24.2965,495,49922,0.659536,0.51,1,1357568,1357073,495
94016121,29.6329,44.0593,472,49964,0.667907,0.49,1,1357594,1357122,472
94019041,25.1266,30.4119,469,50006,0.669581,0.47,1,1357618,1357149,469
94021961,21.0253,24.4824,466,50048,0.701916,0.49,1,1357638,1357172,466
94024881,18.6051,21.6965,463,50090,0.756383,0.47,2,1357656,1357193,463
94027801,28.521,19.5393,475,50132,0.767277,0.47,2,1357687,1357212,475
94030721,28.1042,27.9079,473,50174,0.769455,0.49,2,1357715,1357242,473
94033641,21.6208,27.9816,465,50216,0.785891,0.49,2,1357735,1357270,465
94036561,17.1242,21.5963,461,50258,0.789178,0.49,2,1357751,1357290,461
94039481,21.8248,17.1193,468,50300,0.773836,0.51,2,1357774,1357306,468
94042401,5.96497,21.0239,448,50342,0.770767,0.53,2,1357776,1357328,448
94045321,33.193,36.2048,448,50384,0.770153,0.53,2,1357816,1357368,448
94048241,29.0386,29.641,448,50426,0.770031,0.53,2,1357844,1357396,448
94051161,27.4077,26.7282,449,50468,0.818006,0.57,2,1357871,1357422,449
94054081,41.4815,40.5456,450,50510,0.843601,0.57,2,1357916,1357466,450
94057001,33.8963,32.1091,452,50552,0.88072,0.63,2,1357948,1357496,452
94059921,25.9793,24.8218,453,50594,0.888144,0.67,2,1357972,1357519,453
94062841,45.9959,44.1644,455,50636,0.857629,0.67,2,1358023,1357568,455
94065761,29.9992,29.6329,455,50678,0.867526,0.67,2,1358049,1357594,455
94068681,25.9998,25.1266,456,50720,0.869505,0.71,2,1358074,1357618,456
94071601,24.4,21.0253,460,50762,0.933901,0.77,2,1358098,1357638,460
94356301,65,45,512,24990,0.49,0.73,1,1360870,1360358,512
94359221,60.2,71.4,493,25075,0.538,0.69,1,1360929,1360436,493
94362141,77.64,73.48,501,25160,0.5476,0.57,1,1361011,1360510,501
94365061,57.128,77.896,474,25244,0.54952,0.55,1,1361063,1360589,474
94367981,71.4256,62.7792,490,25328,0.565904,0.51,1,1361138,1360648,490
94370901,31.8851,50.9558,464,25412,0.601181,0.45,1,1361160,1360696,464
94373821,34.377,41.3912,460,25495,0.592236,0.47,1,1361195,1360735,460
94376741,51.6754,31.4782,487,25578,0.622447,0.51,1,1361251,1360764,487
94379661,61.5351,39.0956,510,25661,0.628489,0.49,1,1361315,1360805,510
94382581,61.907,59.8191,507,25744,0.629698,0.55,1,1361377,1360870,507
94385501,77.9814,59.1638,530,25826,0.66194,0.55,1,1361459,1360929,530
94388421,57.9963,77.4328,501,25908,0.700388,0.55,1,1361512,1361011,501
94391341,71.5993,57.0866,524,25990,0.740078,0.57,1,1361587,1361063,524
94394261,33.5199,71.4173,473,26072,0.764015,0.61,2,1361611,1361138,473
94397181,33.904,31.8835,485,26153,0.784803,0.59,2,1361645,1361160,485
94400101,53.1808,34.3767,508,26234,0.788961,0.63,2,1361703,1361195,508
94403021,61.8362,51.6753,516,26315,0.821792,0.63,2,1361767,1361251,516
94405941,61.9672,61.5351,514,26396,0.860358,0.63,2,1361829,1361315,514
94408861,79.5935,61.907,536,26476,0.868072,0.67,2,1361913,1361377,536
94411781,61.5187,77.9814,511,26556,0.917614,0.71,2,1361970,1361459,511
94525661,38,33,515,29507,0.87,1,2,1364025,1363510,515
94528581,40.4,33.8,522,29579,0.862,1,2,1364066,1363544,522
94531501,32.08,41.16,509,29651,0.8444,1,2,1364096,1363587,509
94534421,39.216,33.832,518,29722,0.88088,1,2,1364137,1363619,518
94537341,67.0432,52.3664,535,29793,0.840176,0.97,2,1364211,1363676,535
94540261,38.2086,56.0733,509,29864,0.800035,1,2,1364242,1363733,509
94543181,30.8417,61.6147,475,29935,0.840007,1,2,1364271,1363796,475
94546101,70.9683,73.9229,479,30006,0.800001,0.92,2,1364352,1363873,479
94549021,72.5937,83.5846,466,30077,0.856,0.89,2,1364425,1363959,466
94551941,37.7187,39.1169,467,30147,0.8832,0.87,2,1364454,1363987,467
94554861,36.3437,38.2234,465,30217,0.85664,0.86,2,1364490,1364025,465
94557781,45.6688,40.4447,472,30287,0.867328,0.84,2,1364538,1364066,472
94560701,29.1337,32.0889,467,30357,0.869466,0.89,2,1364563,1364096,467
94563621,37.0268,39.2178,465,30427,0.853893,0.83,2,1364602,1364137,465
94718381,41,66,474,33916,0.79,1,2,1367056,1366582,474
94721301,52.2,43.6,491,33978,0.694,1,1,1367111,1366620,491
94724221,39.24,38.32,490,34040,0.6588,1,1,1367147,1366657,490
94727141,36.648,42.064,483,34102,0.58776,1,1,1367183,1366700,483
94730061,44.1296,38.0128,492,34164,0.445552,1,1,1367229,1366737,492
94732981,64.8259,75.6026,477,34226,0.43311,1,1,1367299,1366822,477
94735901,40.1652,15.1205,511,34288,0.350622,1,1,1367333,1366822,511
94738821,40.833,28.6241,520,34350,0.222124,0.98,1,1367374,1366854,520
94741741,40.1666,44.9248,511,34412,0.212425,1,1,1367414,1366903,511
94744661,33.6333,40.985,503,34473,0.130485,0.92,1,1367446,1366943,503
94747581,33.9267,34.597,504,34534,0.162097,0.89,1,1367480,1366976,504
94750501,33.9853,38.1194,499,34595,0.152419,0.79,1,1367514,1367015,499
94753421,44.3971,40.4239,505,34656,0.150484,0.67,1,1367561,1367056,505
94756341,36.0794,52.0848,484,34717,0.198097,0.65,1,1367595,1367111,484
94759261,33.6159,39.217,481,34778,0.207619,0.57,1,1367628,1367147,481
94762181,40.3232,36.6434,487,34839,0.241524,0.41,1,1367670,1367183,487
94765101,61.6646,44.1287,508,34900,0.216305,0.43,1,1367737,1367229,508
94768021,35.5329,64.8257,467,34961,0.243261,0.33,1,1367766,1367299,467
94770941,40.7066,40.1651,475,35021,0.264652,0.19,1,1367808,1367333,475
94773861,37.7413,40.833,471,35081,0.26893,0.21,1,1367845,1367374,471
94776781,29.9483,40.1666,459,35141,0.269786,0.11,1,1367873,1367414,459
94779701,34.7897,33.6333,463,35201,0.269957,0.17,1,1367909,1367446,463
94782621,33.3579,33.9267,462,35261,0.317991,0.15,1,1367942,1367480,462
94785541,43.4716,33.9853,474,35321,0.327598,0.15,1,1367988,1367514,474
94788461,40.6943,44.3971,467,35381,0.34552,0.21,1,1368028,1367561,467
94791381,32.9389,36.0794,464,35441,0.397104,0.21,1,1368059,1367595,464
94794301,41.7878,33.6159,475,35501,0.439421,0.25,1,1368103,1367628,475
94797221,61.9576,40.3232,500,35561,0.519884,0.21,1,1368170,1367670,500
94800141,35.5915,61.6646,462,35620,0.559977,0.25,1,1368199,1367737,462
94803061,39.9183,35.5329,474,35679,0.551995,0.27,1,1368240,1367766,474
94805981,9.58366,40.7066,434,35738,0.550399,0.27,1,1368242,1367808,434
94808901,32.3167,37.7413,435,35797,0.55008,0.27,1,1368280,1367845,435
94811821,28.8633,29.9483,435,35856,0.566016,0.27,1,1368308,1367873,435
94814741,34.5727,34.7897,435,35915,0.585203,0.33,1,1368344,1367909,435
94817661,35.7145,33.3579,438,35974,0.557041,0.33,1,1368380,1367942,438
94820581,44.7429,43.4716,439,36033,0.567408,0.35,1,1368427,1367988,439
94823501,40.9486,40.6943,439,36092,0.553482,0.41,1,1368467,1368028,439
94826421,36.1897,32.9389,443,36151,0.534696,0.45,1,1368502,1368059,443
94829341,44.0379,41.7878,445,36209,0.498939,0.54,1,1368548,1368103,445
94832261,64.8076,61.9576,448,36267,0.555788,0.57,1,1368618,1368170,448
94835181,37.7615,35.5915,450,36325,0.599158,0.55,1,1368649,1368199,450
94838101,39.5523,39.9183,449,36383,0.623832,0.55,1,1368689,1368240,449
94841021,9.51046,9.58366,449,36441,0.628766,0.55,1,1368691,1368242,449
94843941,32.3021,32.3167,449,36499,0.629753,0.57,1,1368729,1368280,449
94846861,30.4604,28.8633,451,36557,0.645951,0.59,1,1368759,1368308,451
94849781,34.8921,34.5727,451,36615,0.68119,0.55,1,1368795,1368344,451
94852701,34.1784,35.7145,449,36673,0.672238,0.57,1,1368829,1368380,449
94855621,43.6357,44.7429,448,36731,0.702448,0.55,1,1368875,1368427,448
94858541,41.5271,40.9486,449,36789,0.72449,0.53,1,1368916,1368467,449
94861461,33.9054,36.1897,446,36846,0.712898,0.49,1,1368948,1368502,446
94864381,43.5811,44.0379,446,36903,0.71058,0.57,1,1368994,1368548,446
94867301,66.3162,64.8076,448,36960,0.806116,0.61,2,1369066,1368618,448
94870221,40.4632,37.7615,451,37017,0.809223,0.63,2,1369100,1368649,451
94873141,40.0926,39.5523,451,37074,0.825845,0.63,2,1369140,1368689,451
94876061,9.61853,9.51046,451,37131,0.845169,0.63,2,1369142,1368691,451
94878981,32.3237,32.3021,451,37188,0.849034,0.63,2,1369180,1368729,451
94881901,32.0647,6.46042,483,37245,0.833807,0.65,2,1369212,1368729,483
94884821,35.2129,25.2921,489,37302,0.846761,0.69,2,1369248,1368759,489
94887741,35.0426,33.8584,488,37359,0.881352,0.67,2,1369283,1368795,488
94890661,43.8085,33.9717,500,37416,0.88827,0.71,2,1369329,1368829,500
94893581,42.3617,43.5943,496,37472,0.921654,0.73,2,1369371,1368875,496
94896501,34.8723,41.5189,488,37528,0.944331,0.71,2,1369404,1368916,488
95442541,35,40,484,22519,0.75,1,2,1376755,1376271,484
95445461,72.6,8,566,22613,0.654,1,1,1376837,1376271,566
95448381,104.12,81.6,578,22707,0.4268,0.95,1,1376949,1376371,578
95451301,50.424,97.92,513,22800,0.31736,1,1,1376986,1376473,513
95454221,88.4848,52.384,570,22893,0.279472,0.93,1,1377084,1376514,570
95457141,47.297,94.4768,502,22986,0.271894,0.91,1,1377121,1376619,502
95460061,56.6594,50.0954,522,23078,0.238379,0.81,1,1377180,1376658,522
95462981,36.9319,59.6191,492,23170,0.279676,0.75,1,1377212,1376720,492
95465901,66.5864,39.9238,531,23261,0.399935,0.63,1,1377286,1376755,531
95468821,97.3173,73.5848,554,23352,0.391987,0.37,1,1377391,1376837,554
95471741,47.4635,104.317,477,23443,0.422397,0.29,1,1377426,1376949,477
95474661,82.2927,50.4634,531,23533,0.396479,0.27,1,1377517,1376986,531
95477581,46.0585,88.4927,470,23623,0.439296,0.27,1,1377554,1377084,470
95480501,58.0117,47.2985,494,23713,0.479859,0.23,1,1377615,1377121,494
95483421,37.2023,56.6597,467,23802,0.551972,0.29,1,1377647,1377180,467
95486341,70.6405,36.9319,514,23891,0.566394,0.43,1,1377726,1377212,514
95489261,98.1281,66.5864,545,23980,0.569279,0.39,1,1377831,1377286,545
95492181,21.2256,97.3173,442,24068,0.569856,0.43,1,1377833,1377391,442
95495101,33.0451,47.4635,443,24156,0.617971,0.39,1,1377869,1377426,443
95498021,79.409,82.2927,443,24244,0.611594,0.45,1,1377960,1377517,443
95500941,47.8818,46.0585,446,24331,0.658319,0.49,1,1378000,1377554,446
95503861,60.7764,58.0117,449,24418,0.667664,0.57,1,1378064,1377615,449
95506781,38.5553,37.2023,450,24505,0.653533,0.57,1,1378097,1377647,450
95509701,70.9111,70.6405,450,24591,0.650707,0.57,1,1378176,1377726,450
95512621,98.1822,98.1281,450,24677,0.762141,0.57,2,1378281,1377831,450
95515541,21.2364,21.2256,450,24763,0.784428,0.63,2,1378283,1377833,450
95518461,33.8473,33.0451,451,24849,0.788886,0.61,2,1378320,1377869,451
95521381,80.3695,79.409,452,24934,0.805777,0.67,2,1378412,1377960,452
95524301,48.8739,47.8818,453,25019,0.793155,0.67,2,1378453,1378000,453
95527221,60.9748,60.7764,453,25104,0.726631,0.65,1,1378517,1378064,453
95530141,37.795,38.5553,452,25188,0.745326,0.65,1,1378549,1378097,452
95533061,72.359,70.9111,454,25272,0.813065,0.79,2,1378630,1378176,454
95535981,102.472,98.1822,459,25356,0.858613,0.79,2,1378740,1378281,459
95538901,22.0944,21.2364,459,25440,0.867723,0.79,2,1378742,1378283,459
95541821,33.2189,4.24729,495,25523,0.869545,0.79,2,1378778,1378283,495
95544741,81.0438,30.4495,551,25606,0.901909,0.81,2,1378871,1378320,551
95547661,48.2088,79.6899,499,25689,0.908382,0.79,2,1378911,1378412,499
95550581,59.2418,48.738,520,25771,0.925676,0.71,2,1378973,1378453,520
95553501,37.4484,60.9476,488,25853,0.929135,0.75,2,1379005,1378517,488
95641101,45,36,501,28207,0.77,1,2,1380730,1380229,501
95644021,42.6,58.4,479,28282,0.706,0.96,1,1380772,1380293,479
95646941,44.52,38.88,490,28357,0.6772,0.96,1,1380817,1380327,490
95649861,36.104,7.776,524,28432,0.67144,1,1,1380851,1380327,524
95652781,41.6208,31.1552,530,28506,0.638288,1,1,1380894,1380364,530
95655701,34.7242,48.631,510,28580,0.647658,0.9,1,1380927,1380417,510
95658621,58.1448,36.1262,541,28654,0.697532,0.93,1,1380991,1380450,541
95661541,90.829,66.4252,566,28728,0.755506,0.83,2,1381090,1380524,566
95664461,54.9658,98.885,505,28802,0.815101,0.69,2,1381136,1380631,505
95667381,46.9932,62.977,496,28876,0.82702,0.77,2,1381181,1380685,496
95670301,42.1986,48.5954,492,28949,0.909404,0.69,2,1381222,1380730,492
95673221,47.6397,43.3191,499,29022,0.925881,0.67,2,1381271,1380772,499
95676141,37.5279,44.6638,489,29095,0.913176,0.67,2,1381306,1380817,489
95877621,31,61,481,33748,0.59,1,1,1384576,1384095,481
95880541,42.2,41,490,33811,0.366,1,1,1384621,1384131,490
95883461,48.44,58.6,477,33874,0.3852,1,1,1384671,1384194,477
95886381,42.488,35.72,488,33936,0.19704,1,1,1384712,1384224,488
95889301,46.0976,38.344,496,33998,0.039408,1,1,1384759,1384263,496
95892221,38.0195,37.2688,495,34060,0.0318816,1,1,1384795,1384300,495
95895141,26.0039,26.6538,494,34122,0.0143763,0.85,1,1384818,1384324,494
95898061,32.4008,42.1308,482,34184,0.0268753,0.95,1,1384852,1384370,482
95900981,60.8802,74.0261,468,34246,0.0293751,0.95,1,1384920,1384452,468
95903901,49.776,14.8052,515,34308,0.061875,0.83,1,1384967,1384452,515
95906821,35.5552,47.761,491,34370,0.084375,0.69,1,1384999,1384508,491
95909741,24.711,39.1522,476,34432,0.088875,0.59,1,1385021,1384545,476
95912661,40.1422,32.6304,489,34493,0.025775,0.31,1,1385065,1384576,489
95915581,43.2284,42.5261,488,34554,0.061155,0.39,1,1385109,1384621,488
95918501,28.6457,48.5052,463,34615,0.100231,0.15,1,1385134,1384671,463
95921421,44.1291,42.501,470,34676,0.0440462,0,1,1385182,1384712,470
95924341,36.8258,46.1002,458,34737,0.0168092,0.03,1,1385217,1384759,458
95927261,26.5652,38.02,446,34798,0.0273618,0.01,1,1385241,1384795,446
95930181,30.913,26.004,455,34859,0.0294724,0.03,1,1385273,1384818,455
95933101,60.5826,32.4008,489,34920,0.0618945,0.03,1,1385341,1384852,489
95936021,53.7165,60.8802,473,34981,0.0363789,0.07,1,1385393,1384920,473
95938941,35.5433,49.776,457,35041,0.0632758,0.09,1,1385424,1384967,457
95941861,22.3087,35.5552,444,35101,0.100655,0.09,1,1385443,1384999,444
95944781,40.4617,24.711,467,35161,0.044131,0.01,1,1385488,1385021,467
95947701,44.8923,40.1422,469,35221,0.0648262,0.07,1,1385534,1385065,469
95950621,28.1785,43.2284,449,35281,0.148965,0.11,1,1385558,1385109,449
95953541,42.4357,28.6457,470,35341,0.085793,0.03,1,1385604,1385134,470
95956461,35.6871,44.1291,456,35401,0.0891586,0.01,1,1385638,1385182,456
95959381,27.9374,36.8258,447,35461,0.0738317,0.03,1,1385664,1385217,447
95962301,30.3875,26.5652,454,35521,0.0547663,0.03,1,1385695,1385241,454
95965221,60.4775,30.913,490,35581,0.0829533,0.07,1,1385763,1385273,490
95968141,53.6955,60.5826,474,35640,0.0405907,0.03,1,1385815,1385341,474
95971061,12.3391,53.7165,424,35699,0.0321181,0.07,1,1385817,1385393,424
95973981,28.8678,35.5433,426,35758,0.0624236,0.11,1,1385850,1385424,426
95976901,20.1736,22.3087,425,35817,0.0364847,0.03,1,1385868,1385443,425
95979821,38.4347,40.4617,423,35876,0.0792969,0.07,1,1385911,1385488,423
95982741,47.6869,44.8923,427,35935,0.0718594,0.17,1,1385961,1385534,427
95985661,31.1374,28.1785,430,35994,0.0223719,0.07,1,1385988,1385558,430
95988581,39.0275,42.4357,425,36053,0.0124744,0.09,1,1386029,1385604,425
95991501,34.2055,35.6871,424,36112,0.0264949,0.07,1,1386062,1385638,424
95994421,30.0411,27.9374,427,36171,0.013299,0.05,1,1386091,1385664,427
95997341,28.4082,30.3875,424,36229,0.0266598,0.09,1,1386119,1385695,424
96000261,58.4816,60.4775,422,36287,0.109332,0.03,1,1386185,1385763,422
96003181,54.0963,53.6955,423,36345,0.0618664,0.03,1,1386238,1385815,423
96006101,12.4193,12.3391,423,36403,0.0523733,0.07,1,1386240,1385817,423
96009021,28.8839,28.8678,423,36461,0.0664747,0.03,1,1386273,1385850,423
96011941,21.7768,20.1736,425,36519,0.0692949,0.09,1,1386293,1385868,425
96014861,37.9554,38.4347,424,36577,0.117859,0.07,1,1386335,1385911,424
96017781,46.7911,47.6869,423,36635,0.111572,0.01,1,1386384,1385961,423
96020701,30.9582,31.1374,423,36693,0.0943144,0.01,1,1386411,1385988,423
96023621,38.1916,39.0275,422,36751,0.122863,0.03,1,1386451,1386029,422
96026541,34.0383,34.2055,422,36809,0.128573,0.01,1,1386484,1386062,422
96029461,30.0077,30.0411,422,36866,0.113715,0.03,1,1386513,1386091,422
96032381,29.2015,28.4082,423,36923,0.0787429,0.13,1,1386542,1386119,423
96035301,61.0403,58.4816,426,36980,0.0877486,0.05,1,1386611,1386185,426
96038221,51.4081,54.0963,422,37037,0.0415497,0.05,1,1386660,1386238,422
96041141,11.8816,12.4193,422,37094,0.0323099,0.07,1,1386662,1386240,422
96044061,30.3763,28.8839,424,37151,0.030462,0.07,1,1386697,1386273,424
96046981,22.0753,5.77677,444,37208,0.0140924,0.07,1,1386717,1386273,444
96049901,38.8151,17.1554,467,37265,0.0748185,0.13,1,1386760,1386293,467
96052821,46.163,37.0311,473,37322,0.102964,0.11,1,1386808,1386335,473
96055741,30.0326,46.6062,450,37379,0.108593,0.09,1,1386834,1386384,450
96058661,39.6065,30.9212,465,37436,0.157719,0.13,1,1386876,1386411,465
96061581,34.3213,38.1842,458,37492,0.199544,0.13,1,1386909,1386451,458
96064501,29.2643,34.0368,453,37548,0.223909,0.11,1,1386937,1386484,453
96067421,29.0529,30.0074,453,37604,0.244782,0.07,1,1386966,1386513,453
96070341,60.2106,29.2015,492,37660,0.296956,0.09,1,1387034,1386542,492
96073261,49.6421,61.0403,470,37716,0.291391,0.03,1,1387081,1386611,470
96076181,11.5284,51.4081,423,37772,0.290278,0.03,1,1387083,1386660,423
96079101,30.3057,11.8816,456,37828,0.290056,0.03,1,1387118,1386662,456
96082021,22.8611,30.3763,442,37884,0.306011,0.01,1,1387139,1386697,442
96084941,42.1722,22.0753,469,37940,0.261202,0.09,1,1387186,1386717,469
96087861,46.8344,38.8151,474,37996,0.30024,0.11,1,1387234,1386760,474
96090781,30.1669,46.163,452,38052,0.324048,0.11,1,1387260,1386808,452
96093701,42.0334,30.0326,471,38108,0.34481,0.17,1,1387305,1386834,471
96096621,37.2067,39.6065,465,38163,0.380962,0.21,1,1387341,1386876,465
96099541,29.8413,34.3213,460,38218,0.420192,0.23,1,1387369,1386909,460
96102461,29.9683,29.2643,462,38273,0.460038,0.25,1,1387399,1386937,462
96105381,62.7937,29.0529,504,38328,0.500008,0.31,1,1387470,1386966,504
96108301,49.3587,60.2106,482,38383,0.556002,0.29,1,1387516,1387034,482
96111221,11.4717,49.6421,437,38438,0.5672,0.29,1,1387518,1387081,437
96114141,30.2943,11.5284,470,38493,0.58544,0.29,1,1387553,1387083,470
96117061,22.0589,30.3057,455,38548,0.589088,0.31,1,1387573,1387118,455
96119981,42.0118,22.8611,481,38603,0.589818,0.25,1,1387620,1387139,481
96122901,10.0024,42.1722,436,38658,0.589964,0.31,1,1387622,1387186,436
96125821,42.0005,46.8344,438,38713,0.637993,0.33,1,1387672,1387234,438
96128741,29.2001,30.1669,438,38768,0.663599,0.35,1,1387698,1387260,438
96131661,42.64,42.0334,439,38822,0.68472,0.39,1,1387744,1387305,439
96134581,38.928,37.2067,441,38876,0.688944,0.43,1,1387782,1387341,441
96137501,31.7856,29.8413,443,38930,0.673789,0.47,1,1387812,1387369,443
96140421,31.9571,29.9683,445,38984,0.654758,0.51,1,1387844,1387399,445
96143341,64.7914,62.7937,447,39038,0.666952,0.57,1,1387917,1387470,447
96146261,52.1583,49.3587,450,39092,0.66939,0.57,1,1387966,1387516,450
96149181,12.0317,11.4717,450,39146,0.669878,0.59,1,1387968,1387518,450
96152101,31.2063,30.2943,451,39200,0.685976,0.59,1,1388004,1387553,451
96155021,22.2413,22.0589,451,39254,0.657195,0.59,1,1388024,1387573,451
96157941,42.0483,42.0118,451,39308,0.699439,0.59,1,1388071,1387620,451
96160861,10.0097,10.0024,451,39362,0.707888,0.65,1,1388073,1387622,451
96163781,44.4019,42.0005,454,39416,0.741578,0.67,1,1388126,1387672,454
96166701,30.4804,29.2001,455,39470,0.780315,0.69,2,1388153,1387698,455
96169621,43.6961,42.64,456,39524,0.772063,0.69,2,1388200,1387744,456
96172541,39.9392,38.928,457,39577,0.786413,0.67,2,1388239,1387782,457
96175461,30.3878,31.7856,455,39630,0.789283,0.65,2,1388267,1387812,455
96178381,30.8776,31.9571,454,39683,0.741857,0.67,1,1388298,1387844,454
96181301,64.5755,64.7914,454,39736,0.780371,0.67,2,1388371,1387917,454
96184221,51.3151,52.1583,453,39789,0.820074,0.67,2,1388419,1387966,453
96187141,11.863,12.0317,453,39842,0.828015,0.69,2,1388421,1387968,453
96190061,31.9726,31.2063,454,39895,0.845603,0.65,2,1388458,1388004,454
96192981,23.1945,22.2413,455,39948,0.833121,0.71,2,1388479,1388024,455
96195901,42.2389,42.0483,455,40001,0.814624,0.71,2,1388526,1388071,455
96198821,10.0478,10.0097,455,40054,0.778925,0.75,2,1388528,1388073,455
96201741,46.8096,44.4019,458,40107,0.771785,0.75,2,1388584,1388126,458
96204661,32.5619,8.88039,487,40160,0.770357,0.79,2,1388613,1388126,487
96207581,43.3124,23.3761,506,40213,0.786071,0.77,2,1388659,1388153,506
96210501,39.0625,42.2752,497,40266,0.805214,0.79,2,1388697,1388200,497
96213421,30.2125,39.655,486,40318,0.809043,0.79,2,1388725,1388239,486
96216341,30.0425,30.331,488,40370,0.825809,0.73,2,1388755,1388267,488
96219261,65.2085,30.8662,531,40422,0.893162,0.79,2,1388829,1388298,531
96222181,53.0417,64.5732,508,40474,0.938632,0.83,2,1388879,1388371,508
96225101,12.2083,51.3146,462,40526,0.947726,0.83,2,1388881,1388419,462
96365261,33,20,515,42954,0.71,1,1,1390563,1390048,515
96368181,25,34.4,500,43003,0.614,1,1,1390586,1390086,500
96371101,18.6,6.88,517,43052,0.5788,1,1,1390603,1390086,517
96374021,29.32,28.576,515,43101,0.55576,1,1,1390635,1390120,515
96376941,33.864,31.3152,518,43150,0.567152,1,1,1390670,1390152,518
96379861,60.3728,31.063,554,43199,0.50543,1,1,1390737,1390183,554
96382781,38.4746,69.4126,508,43248,0.493086,1,1,1390770,1390262,508
96385701,43.6949,49.0825,509,43297,0.426617,1,1,1390815,1390306,509
96388621,29.539,34.6165,504,43346,0.461323,0.97,1,1390841,1390337,504
96391541,33.9078,32.5233,507,43395,0.436265,1,1,1390876,1390369,507
96394461,34.7816,36.1047,505,43444,0.479253,0.99,1,1390911,1390406,505
96397381,26.1563,35.2209,494,43493,0.503851,1,1,1390935,1390441,494
96400301,18.8313,29.4442,483,43542,0.49277,0.88,1,1390952,1390469,483
96403221,34.9663,20.2888,504,43590,0.522554,0.83,1,1390991,1390487,504
96406141,30.9933,38.4578,491,43638,0.496511,0.71,1,1391021,1390530,491
96409061,17.3986,34.0916,472,43686,0.523302,0.59,1,1391035,1390563,472
96411981,17.8797,25.2183,467,43734,0.54466,0.57,1,1391053,1390586,467
96414901,29.1759,18.6437,482,43782,0.516932,0.55,1,1391085,1390603,482
96417821,32.2352,29.3287,483,43830,0.591386,0.57,1,1391118,1390635,483
96420741,56.847,33.8657,511,43878,0.622277,0.49,1,1391181,1390670,511
96423661,39.3694,60.3732,479,43926,0.612455,0.49,1,1391216,1390737,479
96426581,38.2739,38.4746,484,43974,0.642491,0.41,1,1391254,1390770,484
96429501,31.6548,43.6949,469,44022,0.680498,0.47,1,1391284,1390815,469
96432421,33.531,29.539,477,44070,0.7521,0.43,2,1391318,1390841,477
96435341,37.1062,33.9078,480,44118,0.78242,0.49,2,1391356,1390876,480
96438261,25.8212,34.7816,468,44166,0.788484,0.51,2,1391379,1390911,468
96441181,20.3642,26.1563,463,44214,0.805697,0.49,2,1391398,1390935,463
96444101,34.4728,18.8313,484,44262,0.841139,0.53,2,1391436,1390952,484
96447021,30.8946,34.9663,475,44310,0.848228,0.49,2,1391466,1390991,475
96449941,17.3789,30.9933,459,44358,0.849646,0.53,2,1391480,1391021,459
96452861,20.2758,17.3986,466,44406,0.865929,0.55,2,1391501,1391035,466
96455781,29.6552,17.8797,480,44454,0.885186,0.51,2,1391533,1391053,480
96458701,7.53103,29.1759,450,44501,0.905037,0.61,2,1391535,1391085,450
96461621,29.5062,32.2352,452,44548,0.893008,0.63,2,1391570,1391118,452
96464541,57.1012,56.847,453,44595,0.922601,0.61,2,1391634,1391181,453
96490821,30,30,464,45018,0.91,0.85,2,1391930,1391466,464
96493741,17.2,17.2,464,45065,0.91,0.87,2,1391944,1391480,464
96496661,21.84,20.24,466,45112,0.942,0.89,2,1391967,1391501,466
96499581,30.768,29.648,467,45159,0.9324,0.91,2,1392000,1391533,467
96502501,7.7536,7.5296,467,45206,0.89848,0.89,2,1392002,1391535,467
96505421,28.7507,29.5059,466,45253,0.923696,0.93,2,1392036,1391570,466
96734641,67,80,471,22093,0.05,0.31,1,1394622,1394151,471
96737561,55.8,67.2,460,22189,0.146,0.05,1,1394675,1394215,460
96740481,71.16,72.64,461,22285,0.0532,0.07,1,1394750,1394289,461
96743401,67.032,66.528,462,22380,0.06664,0.05,1,1394816,1394354,462
96746321,55.8064,61.3056,455,22475,0.053328,0.11,1,1394869,1394414,455
96749241,23.9613,36.2611,441,22569,0.0506656,0.11,1,1394885,1394444,441
96752161,79.1923,28.8522,507,22663,0.0661331,0.09,1,1394978,1394471,507
96755081,68.6384,72.9704,489,22757,0.101227,0.05,1,1395044,1394555,489
96758001,60.1277,68.1941,480,22850,0.124245,0.17,1,1395102,1394622,480
96760921,68.0255,56.0388,497,22943,0.160849,0.03,1,1395172,1394675,497
96763841,68.0051,71.2078,490,23035,0.20017,0.07,1,1395240,1394750,490
96766761,55.201,67.0416,476,23127,0.176034,0.05,1,1395292,1394816,476
96769681,23.8402,55.8083,439,23219,0.187207,0.05,1,1395308,1394869,439
96772601,80.768,23.9617,518,23310,0.253441,0.07,1,1395403,1394885,518
96775521,68.9536,79.1923,491,23401,0.250688,0.11,1,1395469,1394978,491
96778441,61.7907,68.6385,485,23492,0.314138,0.13,1,1395529,1395044,485
96781361,69.9581,60.1277,499,23582,0.358828,0.17,1,1395601,1395102,499
96784281,69.9916,68.0255,499,23672,0.399766,0.21,1,1395671,1395172,499
96787201,54.7983,68.0051,482,23762,0.407953,0.17,1,1395722,1395240,482
96790121,23.7597,55.201,446,23851,0.409591,0.19,1,1395738,1395292,446
96793041,83.9519,23.8402,529,23940,0.441918,0.27,1,1395837,1395308,529
96795961,18.3904,80.768,436,24029,0.448384,0.25,1,1395839,1395403,436
96798881,56.4781,68.9536,436,24117,0.465677,0.33,1,1395905,1395469,436
96801801,60.8956,61.7907,438,24205,0.453135,0.37,1,1395967,1395529,438
96804721,71.3791,69.9581,440,24293,0.482627,0.41,1,1396041,1395601,440
96807641,71.8758,69.9916,442,24380,0.456525,0.41,1,1396113,1395671,442
96810561,55.1752,54.7983,442,24467,0.483305,0.41,1,1396164,1395722,442
96813481,23.835,23.7597,442,24554,0.488661,0.45,1,1396180,1395738,442
96816401,85.567,83.9519,444,24640,0.489732,0.45,1,1396281,1395837,444
96819321,18.7134,18.3904,444,24726,0.521946,0.47,1,1396283,1395839,444
96822241,57.3427,56.4781,445,24812,0.512389,0.45,1,1396350,1395905,445
96825161,61.0685,60.8956,445,24897,0.526478,0.49,1,1396412,1395967,445
96828081,72.2137,71.3791,446,24982,0.529296,0.45,1,1396487,1396041,446
96831001,70.4427,71.8758,444,25067,0.545859,0.49,1,1396557,1396113,444
96833921,54.8885,55.1752,444,25152,0.613172,0.49,1,1396608,1396164,444
96836841,23.7777,23.835,444,25236,0.642634,0.49,1,1396624,1396180,444
96839761,87.1555,85.567,446,25320,0.680527,0.53,1,1396727,1396281,446
96842681,19.0311,18.7134,446,25404,0.704105,0.51,1,1396729,1396283,446
96845601,56.6062,57.3427,445,25487,0.724821,0.51,1,1396795,1396350,445
96848521,60.9212,11.4685,507,25570,0.744964,0.53,1,1396857,1396350,507
96851441,74.5842,51.8937,523,25653,0.796993,0.53,2,1396935,1396412,523
96854361,70.9168,70.3787,518,25736,0.839399,0.55,2,1397005,1396487,518
96857281,56.5834,70.0757,501,25818,0.87988,0.63,2,1397058,1396557,501
96860201,24.9167,54.8151,467,25900,0.903976,0.65,2,1397075,1396608,467
96968241,33,108,514,28772,0.89,1,2,1399135,1398621,514
96971161,29,44,514,28846,0.818,1,2,1399163,1398649,514
96974081,59.4,32.8,551,28919,0.9076,1,2,1399230,1398679,551
96977001,38.28,74.56,499,28992,0.92552,1,2,1399263,1398764,499
96979921,57.256,38.912,531,29065,0.769104,1,2,1399325,1398794,531
96982841,49.8512,54.1824,521,29138,0.673821,1,1,1399373,1398852,521
96985761,60.3702,52.4365,532,29211,0.766764,1,2,1399436,1398904,532
96988681,32.874,55.2873,502,29283,0.849353,0.96,2,1399462,1398960,502
96991601,94.5748,35.8575,581,29355,0.881871,0.93,2,1399572,1398991,581
96994521,45.315,95.9715,503,29427,0.904374,0.89,2,1399605,1399102,503
96997441,29.863,45.5943,496,29499,0.908875,0.8,2,1399631,1399135,496
97000361,59.5726,31.5189,535,29571,0.909775,0.93,2,1399698,1399163,535
97012041,2,48,459,29856,0.93,0.79,2,1399832,1399373,459
97152201,44,36,488,33086,0.69,1,1,1402100,1401612,488
97155121,59.2,57.6,488,33150,0.674,1,1,1402163,1401675,488
97158041,34.24,41.12,479,33214,0.6548,1,1,1402191,1401712,479
97160961,54.048,41.824,496,33278,0.58696,1,1,1402250,1401754,496
97163881,35.6096,41.9648,485,33342,0.589392,1,1,1402281,1401796,485
97166801,29.5219,35.593,479,33405,0.557878,1,1,1402309,1401830,479
97169721,75.5044,75.1186,481,33468,0.391576,1,1,1402396,1401915,481
97172641,36.7009,42.2237,474,33531,0.406315,0.93,1,1402423,1401949,474
97175561,26.5402,30.0447,471,33594,0.377263,0.89,1,1402447,1401976,471
97178481,34.908,41.2089,464,33657,0.419453,0.75,1,1402484,1402020,464
97181401,33.3816,37.0418,461,33720,0.411891,0.69,1,1402517,1402056,461
97184321,39.4763,42.6084,458,33783,0.410378,0.67,1,1402558,1402100,458
97187241,55.8953,58.9217,455,33846,0.426076,0.65,1,1402618,1402163,455
97190161,31.9791,34.1843,453,33908,0.429215,0.57,1,1402644,1402191,453
97193081,52.7958,54.0369,452,33970,0.477843,0.59,1,1402702,1402250,452
97196001,32.9592,35.6074,449,34032,0.503569,0.55,1,1402730,1402281,449
97198921,24.1918,29.5215,443,34094,0.492714,0.35,1,1402752,1402309,443
97201841,72.0384,75.5043,440,34156,0.490543,0.41,1,1402836,1402396,440
97204761,35.2077,36.7009,439,34218,0.490109,0.41,1,1402862,1402423,439
97207681,24.6415,7.34017,461,34280,0.554022,0.37,1,1402884,1402423,461
97210601,36.9283,20.668,477,34342,0.582804,0.43,1,1402924,1402447,477
97213521,34.5857,33.7336,474,34404,0.604561,0.41,1,1402958,1402484,474
97216441,38.1171,33.1467,480,34465,0.640912,0.41,1,1402997,1402517,480
97219361,58.0234,39.4293,502,34526,0.680182,0.43,1,1403060,1402558,502
97222281,32.4047,55.8859,468,34587,0.704036,0.43,1,1403086,1402618,468
97225201,53.6809,31.9772,501,34648,0.724807,0.49,1,1403145,1402644,501
97228121,33.9362,52.7954,472,34709,0.760961,0.51,2,1403174,1402702,472
97231041,25.1872,32.9591,467,34770,0.784192,0.49,2,1403197,1402730,467
97233961,72.2375,24.1918,529,34831,0.804838,0.49,2,1403281,1402752,529
97236881,36.0475,72.0384,472,34892,0.792968,0.49,2,1403308,1402836,472
97239801,25.6095,35.2077,469,34953,0.822594,0.57,2,1403331,1402862,469
97242721,39.5219,24.6415,490,35013,0.844519,0.59,2,1403374,1402884,490
97245641,35.9044,36.9283,485,35073,0.880904,0.61,2,1403409,1402924,485
97248561,39.9809,34.5857,492,35133,0.936181,0.65,2,1403450,1402958,492
97412081,33,35,503,38355,0.79,1,2,1405701,1405198,503
97415001,29,28.6,504,38410,0.774,0.97,2,1405729,1405225,504
97417921,22.6,25.72,500,38465,0.7228,1,1,1405750,1405250,500
97420841,27.72,28.344,500,38520,0.71256,1,1,1405779,1405279,500
97423761,31.944,33.6688,498,38575,0.726512,1,1,1405812,1405314,498
97426681,15.9888,28.3338,483,38630,0.649302,0.94,1,1405824,1405341,483
97429601,47.1978,59.2668,471,38685,0.64986,1,1,1405879,1405408,471
97432521,42.2396,38.2533,479,38740,0.553972,0.96,1,1405920,1405441,479
97435441,46.8479,51.6507,472,38795,0.662794,0.92,1,1405968,1405496,472
97438361,28.5696,33.5301,467,38849,0.668559,0.89,1,1405992,1405525,467
97441281,30.5139,33.906,464,38903,0.653712,0.77,1,1406023,1405559,464
97444201,61.3028,68.3812,456,38957,0.698742,0.81,1,1406092,1405636,456
97447121,40.2606,39.2762,459,39011,0.643748,0.79,1,1406127,1405668,459
97450041,32.8521,34.2552,457,39065,0.66475,0.77,1,1406158,1405701,457
97452961,31.3704,29.251,460,39119,0.68495,0.71,1,1406189,1405729,460
97455881,21.4741,22.6502,458,39173,0.72099,0.71,1,1406208,1405750,458
97458801,24.2948,27.73,454,39227,0.696198,0.73,1,1406233,1405779,454
97461721,30.459,31.946,453,39281,0.69124,0.63,1,1406265,1405812,453
97464641,17.2918,15.9892,455,39335,0.690248,0.65,1,1406279,1405824,455
97467561,46.6584,47.1978,454,39389,0.69005,0.53,1,1406333,1405879,454
97470481,41.3317,42.2396,453,39443,0.70601,0.69,1,1406373,1405920,453
97473401,48.2663,46.8479,455,39497,0.693202,0.67,1,1406423,1405968,455
97476321,28.0533,28.5696,454,39550,0.73864,0.65,1,1406446,1405992,454
97479241,31.2107,30.5139,455,39603,0.715728,0.71,1,1406478,1406023,455
97482161,61.4421,61.3028,455,39656,0.775146,0.63,2,1406547,1406092,455
97485081,39.4884,40.2606,454,39709,0.803029,0.67,2,1406581,1406127,454
97488001,34.2977,32.8521,456,39762,0.808606,0.69,2,1406614,1406158,456
97490921,32.4595,31.3704,457,39815,0.825721,0.73,2,1406646,1406189,457
97493841,20.8919,21.4741,456,39868,0.829144,0.69,2,1406664,1406208,456
97496761,24.1784,24.2948,456,39921,0.813829,0.69,2,1406689,1406233,456
97499681,28.8357,30.459,454,39974,0.842766,0.69,2,1406719,1406265,454
97502601,16.9671,17.2918,454,40027,0.848553,0.69,2,1406733,1406279,454
97505521,46.5934,46.6584,454,40080,0.865711,0.69,2,1406787,1406333,454
97508441,42.9187,9.33167,496,40133,0.837142,0.71,2,1406829,1406333,496
97511361,48.5837,33.8663,506,40186,0.847428,0.69,2,1406879,1406373,506
97514281,28.1167,46.7733,479,40239,0.897486,0.75,2,1406902,1406423,479
97517201,32.0233,27.7547,489,40291,0.891497,0.71,2,1406935,1406446,489
97660281,30,23,512,42782,0.89,1,2,1408680,1408168,512
97663201,30.8,45.4,492,42831,0.81,1,2,1408711,1408219,492
97666121,34.16,39.48,489,42880,0.698,1,1,1408746,1408257,489
97669041,33.232,39.896,482,42929,0.6436,1,1,1408779,1408297,482
97671961,35.4464,38.3792,480,42978,0.55272,1,1,1408815,1408335,480
97674881,34.2893,34.0758,481,43027,0.486544,1,1,1408849,1408368,481
97677801,21.2579,6.81517,499,43076,0.393309,1,1,1408867,1408368,499
97680721,36.2516,17.363,519,43125,0.262662,1,1,1408907,1408388,519
97683641,55.2503,48.2726,523,43174,0.252532,1,1,1408967,1408444,523
97686561,43.0501,44.0545,520,43223,0.218506,1,1,1409007,1408487,520
97689481,31.01,48.0109,499,43272,0.179701,1,1,1409035,1408536,499
97692401,26.202,32.8022,495,43321,0.13994,0.98,1,1409060,1408565,495
97695321,26.0404,27.3604,495,43370,0.131988,0.86,1,1409086,1408591,495
97698241,30.0081,27.0721,499,43419,0.114398,0.95,1,1409117,1408618,499
97701161,27.6016,31.0144,494,43468,0.12688,0.89,1,1409144,1408650,494
97704081,25.5203,30.2029,489,43517,0.129376,0.79,1,1409169,1408680,489
97707001,28.3041,30.8406,487,43565,0.129875,0.67,1,1409198,1408711,487
97709921,32.0608,34.1681,485,43613,0.129975,0.63,1,1409231,1408746,485
97712841,31.2122,33.2336,483,43661,0.161995,0.53,1,1409262,1408779,483
97715761,27.8424,35.4467,474,43709,0.152399,0.47,1,1409289,1408815,474
97718681,18.3685,34.2893,456,43757,0.15048,0.37,1,1409305,1408849,456
97721601,35.6737,21.2579,478,43805,0.198096,0.23,1,1409345,1408867,478
97724521,49.5347,36.2516,491,43853,0.207619,0.25,1,1409398,1408907,491
97727441,37.9069,55.2503,466,43901,0.241524,0.21,1,1409433,1408967,466
97730361,30.7814,43.0501,455,43949,0.232305,0.17,1,1409462,1409007,455
97733281,26.1563,31.01,452,43997,0.278461,0.13,1,1409487,1409035,452
97736201,25.2313,26.202,452,44045,0.239692,0.13,1,1409512,1409060,452
97739121,30.6463,26.0404,458,44093,0.279938,0.11,1,1409544,1409086,458
97742041,27.7293,30.0081,454,44141,0.303988,0.13,1,1409571,1409117,454
97744961,25.5458,27.6016,452,44189,0.340798,0.13,1,1409596,1409144,452
97747881,28.3092,25.5203,456,44237,0.332159,0.13,1,1409625,1409169,456
97750801,32.8618,28.3041,461,44285,0.394432,0.13,1,1409659,1409198,461
97753721,32.1724,32.0608,460,44333,0.406886,0.17,1,1409691,1409231,460
97756641,27.2345,31.2122,455,44381,0.409377,0.15,1,1409717,1409262,455
97759561,18.2469,27.8424,444,44429,0.409875,0.15,1,1409733,1409289,444
97762481,5.24938,18.3685,430,44476,0.409975,0.21,1,1409735,1409305,430
97765401,34.6499,35.6737,432,44523,0.409995,0.21,1,1409777,1409345,432
97768321,50.13,49.5347,433,44570,0.489999,0.25,1,1409831,1409398,433
97771241,38.826,37.9069,434,44617,0.474,0.23,1,1409867,1409433,434
97774161,32.5652,30.7814,436,44664,0.5188,0.29,1,1409898,1409462,436
97777081,26.513,26.1563,436,44711,0.54376,0.23,1,1409923,1409487,436
97780001,25.3026,25.2313,436,44758,0.564752,0.29,1,1409948,1409512,436
97782921,32.2605,30.6463,438,44805,0.55295,0.31,1,1409982,1409544,438
97785841,28.0521,27.7293,438,44852,0.56659,0.35,1,1410009,1409571,438
97788761,26.4104,25.5458,439,44899,0.585318,0.33,1,1410035,1409596,439
97791681,28.4821,28.3092,439,44946,0.573064,0.41,1,1410064,1409625,439
97794601,35.2964,32.8618,442,44993,0.554613,0.41,1,1410101,1409659,442
97797521,32.6593,32.1724,442,45040,0.598923,0.41,1,1410133,1409691,442
97800441,27.3319,27.2345,442,45087,0.591785,0.41,1,1410159,1409717,442
97803361,18.2664,18.2469,442,45134,0.622357,0.41,1,1410175,1409733,442
97806281,5.25327,5.24938,442,45181,0.628471,0.41,1,1410177,1409735,442
97809201,35.4507,34.6499,443,45228,0.613694,0.51,1,1410220,1409777,443
97812121,51.8901,50.13,445,45275,0.594739,0.47,1,1410276,1409831,445
97815041,39.178,38.826,445,45322,0.622948,0.53,1,1410312,1409867,445
97817961,35.0356,32.5652,448,45369,0.59659,0.55,1,1410346,1409898,448
97820881,26.2071,26.513,447,45415,0.623318,0.57,1,1410370,1409923,447
97823801,26.0414,25.3026,448,45461,0.628664,0.55,1,1410396,1409948,448
97826721,33.2083,32.2605,449,45507,0.613733,0.57,1,1410431,1409982,449
97829641,27.4417,28.0521,448,45553,0.642747,0.59,1,1410457,1410009,448
97832561,27.0883,26.4104,449,45599,0.648549,0.57,1,1410484,1410035,449
97835481,29.4177,28.4821,450,45645,0.69771,0.55,1,1410514,1410064,450
97838401,34.6835,35.2964,449,45691,0.691542,0.61,1,1410550,1410101,449
97841321,33.3367,32.6593,450,45737,0.706308,0.59,1,1410583,1410133,450
97844241,28.2673,27.3319,451,45783,0.677262,0.63,1,1410610,1410159,451
97847161,18.4535,18.2664,451,45829,0.671452,0.63,1,1410626,1410175,451
97850081,5.29069,5.25327,451,45875,0.67029,0.61,1,1410628,1410177,451
97853001,34.6581,35.4507,450,45921,0.702058,0.61,1,1410670,1410220,450
97855921,51.7316,7.09013,506,45967,0.692412,0.59,1,1410726,1410220,506
97858841,39.9463,46.218,487,46013,0.722482,0.63,1,1410763,1410276,487
97861761,34.3893,38.0436,484,46059,0.712496,0.59,1,1410796,1410312,484
97864681,26.0779,34.8087,474,46105,0.710499,0.63,1,1410820,1410346,474
97867601,27.6156,26.1617,478,46151,0.7421,0.63,1,1410848,1410370,478
97870521,32.7231,26.0323,486,46197,0.76442,0.61,2,1410882,1410396,486
97873441,28.9446,33.2065,479,46243,0.784884,0.65,2,1410910,1410431,479
97876361,27.3889,27.4413,480,46289,0.804977,0.65,2,1410937,1410457,480
97879281,31.0778,27.0883,485,46335,0.872995,0.71,2,1410969,1410484,485
97882201,35.0156,29.4177,491,46381,0.854599,0.69,2,1411005,1410514,491
97885121,32.6031,34.6835,487,46426,0.85092,0.71,2,1411037,1410550,487
97888041,28.1206,33.3367,481,46471,0.866184,0.67,2,1411064,1410583,481
97890961,18.4241,28.2673,470,46516,0.885237,0.67,2,1411080,1410610,470
97893881,5.28482,18.4535,456,46561,0.889047,0.67,2,1411082,1410626,456
97896801,34.657,5.29069,496,46606,0.889809,0.71,2,1411124,1410628,496
97899721,52.5314,34.6581,511,46651,0.889962,0.69,2,1411181,1410670,511
97902641,40.1063,51.7316,492,46696,0.921992,0.73,2,1411218,1410726,492
97905561,35.2213,39.9463,489,46741,0.944399,0.71,2,1411252,1410763,489
98109961,58,72,495,22817,0.01,0.87,1,1413473,1412978,495
98112881,62,68.8,490,22910,0.042,0.59,1,1413536,1413046,490
98115801,64.4,80.16,472,23003,0.0644,0.45,1,1413601,1413129,472
98118721,38.48,55.232,455,23095,0.06888,0.25,1,1413633,1413178,455
98121641,71.696,83.0464,445,23187,0.117776,0.15,1,1413713,1413268,445
98124561,31.1392,42.2093,434,23278,0.159555,0.01,1,1413734,1413300,434
98127481,87.8278,27.6419,512,23369,0.087911,0.05,1,1413836,1413324,512
98130401,67.9656,78.3284,484,23460,0.0575822,0.01,1,1413899,1413415,484
98133321,60.7931,62.0657,485,23550,0.0835164,0.05,1,1413958,1413473,485
98136241,65.7586,62.8131,489,23640,0.104703,0.07,1,1414025,1413536,489
98139161,40.3517,64.5626,458,23730,0.124941,0.07,1,1414059,1413601,458
98142081,73.6703,38.5125,508,23819,0.144988,0.13,1,1414141,1413633,508
98145001,32.3341,71.7025,450,23908,0.148998,0.17,1,1414163,1413713,450
98147921,8.06681,31.1405,431,23997,0.1498,0.07,1,1414165,1413734,431
98150841,76.8134,87.8281,423,24085,0.16596,0.05,1,1414259,1413836,423
98153761,66.5627,67.9656,424,24173,0.121192,0.09,1,1414323,1413899,424
98156681,60.5125,60.7931,424,24261,0.160238,0.11,1,1414382,1413958,424
98159601,68.1025,65.7586,427,24348,0.264048,0.13,1,1414452,1414025,427
98162521,41.6205,40.3517,428,24435,0.23681,0.15,1,1414487,1414059,428
98165441,74.7241,73.6703,429,24522,0.215362,0.15,1,1414570,1414141,429
98168361,32.5448,32.3341,429,24608,0.243072,0.15,1,1414592,1414163,429
98171281,8.10896,8.06681,429,24694,0.248614,0.17,1,1414594,1414165,429
98174201,76.0218,76.8134,428,24780,0.217723,0.11,1,1414687,1414259,428
98177121,64.0044,66.5627,425,24866,0.275545,0.17,1,1414748,1414323,425
98180041,62.4009,60.5125,428,24951,0.319109,0.29,1,1414810,1414382,428
98182961,73.2802,68.1025,434,25036,0.359822,0.23,1,1414886,1414452,434
98185881,41.856,41.6205,433,25121,0.399964,0.21,1,1414920,1414487,433
98188801,73.9712,74.7241,432,25205,0.423993,0.25,1,1415002,1414570,432
98191721,32.3942,32.5448,432,25289,0.444799,0.25,1,1415024,1414592,432
98194641,8.07885,8.10896,432,25373,0.41696,0.21,1,1415026,1414594,432
98197561,76.8158,76.0218,433,25457,0.459392,0.21,1,1415120,1414687,433
98200481,65.7632,15.2044,496,25540,0.451878,0.29,1,1415183,1414687,496
98203401,65.1526,51.8409,500,25623,0.466376,0.33,1,1415248,1414748,500
98206321,74.6305,59.9682,515,25706,0.501275,0.37,1,1415325,1414810,515
98209241,42.1261,72.7936,473,25788,0.508255,0.41,1,1415359,1414886,473
98212161,74.8252,41.7587,522,25870,0.621651,0.43,1,1415442,1414920,522
98215081,33.365,73.9517,463,25952,0.66033,0.45,1,1415465,1415002,463
98218001,8.27301,32.3903,443,26034,0.668066,0.41,1,1415467,1415024,443
98220921,77.6546,8.07807,536,26115,0.701613,0.47,1,1415562,1415026,536
98223841,66.7309,76.8156,506,26196,0.708323,0.45,1,1415626,1415120,506
98226761,66.1462,65.7631,509,26277,0.725664,0.47,1,1415692,1415183,509
98229681,76.4292,65.1526,523,26358,0.761133,0.51,2,1415771,1415248,523
98232601,44.0858,74.6305,482,26438,0.768227,0.51,2,1415807,1415325,482
98235521,79.2172,42.1261,536,26518,0.817645,0.65,2,1415895,1415359,536
98238441,35.0434,74.8252,477,26598,0.827529,0.67,2,1415919,1415442,477
98241361,8.60869,33.365,456,26678,0.845506,0.67,2,1415921,1415465,456
98244281,79.3217,8.27301,551,26757,0.849101,0.71,2,1416018,1415467,551
98247201,67.8643,77.6546,521,26836,0.88182,0.71,2,1416083,1415562,521
98250121,66.3729,66.7309,523,26915,0.872364,0.73,2,1416149,1415626,523
98253041,14.8746,66.1462,459,26994,0.870473,0.77,2,1416151,1415692,459
98255961,66.9749,76.4292,460,27072,0.918095,0.77,2,1416231,1415771,460
98258881,40.595,44.0858,458,27150,0.911619,0.83,2,1416265,1415807,458
98372761,40,35,489,30041,0.79,1,2,1418296,1417807,489
98375681,32.8,25.4,497,30111,0.758,1,2,1418327,1417830,497
98378601,37.76,48.28,482,30181,0.7196,1,1,1418366,1417884,482
98381521,86.752,75.256,499,30251,0.50392,1,1,1418465,1417966,499
98384441,46.9504,64.6512,474,30321,0.396784,0.98,1,1418502,1418028,474
98387361,42.9901,41.7302,480,30391,0.295357,0.97,1,1418544,1418064,480
98390281,33.398,33.946,479,30461,0.195071,0.98,1,1418575,1418096,479
98393201,51.4796,58.7892,470,30530,0.0790143,0.89,1,1418631,1418161,470
98396121,27.0959,29.3578,469,30599,0.0398029,0.83,1,1418652,1418183,469
98399041,58.2192,64.2716,462,30668,0.0479606,0.79,1,1418718,1418256,462
98401961,40.4438,44.8543,458,30737,0.0335921,0.75,1,1418754,1418296,458
98404881,30.4888,33.7709,455,30806,0.0627184,0.71,1,1418782,1418327,455
98407801,36.4978,37.9542,454,30875,0.0845437,0.45,1,1418820,1418366,454
98410721,75.2996,86.7908,440,30944,0.104909,0.37,1,1418905,1418465,440
98413641,41.4599,46.9582,436,31012,0.0609817,0.27,1,1418938,1418502,436
98416561,37.892,42.9916,431,31080,0.100196,0.17,1,1418975,1418544,431
98419481,30.7784,33.3983,429,31148,0.0920393,0.05,1,1419004,1418575,429
98422401,46.1557,51.4797,423,31216,0.106408,0.03,1,1419054,1418631,423
98425321,25.2311,27.0959,422,31284,0.0932816,0.03,1,1419074,1418652,422
98428241,57.8462,5.41919,488,31352,0.0586563,0.05,1,1419140,1418652,488
98431161,41.1692,53.8838,459,31419,0.0517313,0.03,1,1419177,1418718,459
98434081,31.4338,39.5768,452,31486,0.0343463,0.07,1,1419206,1418754,452
98437001,36.6868,30.3154,462,31553,0.0788693,0.09,1,1419244,1418782,462
98439921,73.7374,36.4631,507,31620,0.103774,0.11,1,1419327,1418820,507
98442841,42.7475,75.2926,457,31687,0.140755,0.05,1,1419362,1418905,457
98445761,38.1495,41.4585,461,31754,0.212151,0.11,1,1419399,1418938,461
98448681,31.6299,37.8917,454,31821,0.22643,0.09,1,1419429,1418975,454
98451601,46.326,30.7783,475,31887,0.229286,0.11,1,1419479,1419004,475
98454521,25.2652,46.1557,445,31953,0.229857,0.09,1,1419499,1419054,445
98457441,57.053,25.2311,490,32019,0.181971,0.05,1,1419564,1419074,490
98460361,40.2106,57.8462,460,32085,0.156394,0.05,1,1419600,1419140,460
98463281,32.8421,41.1692,454,32151,0.119279,0.03,1,1419631,1419177,454
98466201,37.7684,31.4338,464,32217,0.127856,0.09,1,1419670,1419206,464
98469121,73.9537,36.6868,509,32283,0.129571,0.11,1,1419753,1419244,509
98472041,45.9907,73.7374,465,32349,0.193914,0.15,1,1419792,1419327,465
98474961,40.3981,42.7475,469,32414,0.190783,0.23,1,1419831,1419362,469
98477881,32.0796,38.1495,462,32479,0.206157,0.23,1,1419861,1419399,462
98480801,46.4159,31.6299,482,32544,0.241231,0.23,1,1419911,1419429,482
98483721,25.2832,46.326,452,32609,0.248246,0.23,1,1419931,1419479,452
98486641,53.0566,25.2652,492,32674,0.265649,0.17,1,1419991,1419499,492
98489561,38.6113,57.053,462,32739,0.25313,0.15,1,1420026,1419564,462
98492481,9.32226,40.2106,428,32804,0.250626,0.11,1,1420028,1419600,428
98495401,25.8645,32.8421,427,32868,0.250125,0.13,1,1420058,1419631,427
98498321,37.1729,37.7684,428,32932,0.298025,0.13,1,1420098,1419670,428
98501241,74.6346,73.9537,429,32996,0.323605,0.21,1,1420182,1419753,429
98504161,48.5269,45.9907,432,33060,0.392721,0.19,1,1420224,1419792,432
98507081,40.1054,40.3981,431,33124,0.422544,0.21,1,1420262,1419831,431
98510001,32.8211,32.0796,432,33188,0.460509,0.25,1,1420293,1419861,432
98512921,48.1642,46.4159,434,33252,0.468102,0.25,1,1420345,1419911,434
98515841,25.6328,25.2832,434,33316,0.46962,0.27,1,1420365,1419931,434
98518761,53.9266,53.0566,435,33379,0.453924,0.25,1,1420426,1419991,435
98521681,37.9853,38.6113,434,33442,0.450785,0.25,1,1420460,1420026,434
98524601,9.19706,9.32226,434,33505,0.482157,0.25,1,1420462,1420028,434
98527521,26.6394,25.8645,435,33568,0.472431,0.31,1,1420493,1420058,435
98530441,37.3279,37.1729,435,33631,0.534486,0.33,1,1420533,1420098,435
98533361,77.0656,74.6346,438,33694,0.562897,0.41,1,1420620,1420182,438
98536281,50.6131,48.5269,440,33757,0.584579,0.43,1,1420664,1420224,440
98539201,42.9226,40.1054,443,33820,0.588916,0.47,1,1420705,1420262,443
98542121,33.3845,32.8211,443,33883,0.573783,0.47,1,1420736,1420293,443
98545041,48.2769,48.1642,443,33945,0.634757,0.47,1,1420788,1420345,443
98547961,25.6554,25.6328,443,34007,0.646951,0.45,1,1420808,1420365,443
98550881,54.7311,53.9266,444,34069,0.68139,0.45,1,1420870,1420426,444
98553801,38.1462,37.9853,444,34131,0.720278,0.49,1,1420904,1420460,444
98556721,9.22924,9.19706,444,34193,0.696056,0.47,1,1420906,1420462,444
98559641,27.4458,26.6394,445,34255,0.691211,0.47,1,1420938,1420493,445
98562561,39.0892,5.32788,487,34317,0.706242,0.55,1,1420980,1420493,487
98565481,79.0178,33.0656,536,34379,0.725248,0.57,1,1421069,1420533,536
98568401,51.8036,76.2131,494,34441,0.71305,0.59,1,1421114,1420620,494
98571321,41.5607,50.4426,489,34502,0.72661,0.59,1,1421153,1420664,489
98574241,33.9121,42.8885,480,34563,0.777322,0.57,2,1421185,1420705,480
98577161,49.9824,33.3777,503,34624,0.851464,0.65,2,1421239,1420736,503
98580081,25.9965,48.2755,471,34685,0.866293,0.65,2,1421259,1420788,471
98583001,57.1993,25.6551,516,34746,0.917259,0.69,2,1421324,1420808,516
98585921,39.4399,54.731,489,34807,0.911452,0.73,2,1421359,1420870,489
98588841,9.48797,38.1462,457,34868,0.91029,0.69,2,1421361,1420904,457
98591761,27.4976,9.22924,487,34929,0.910058,0.69,2,1421393,1420906,487
98594681,39.8995,27.4458,498,34990,0.894012,0.71,2,1421436,1420938,498
98597601,79.9799,39.0892,546,35050,0.922802,0.73,2,1421526,1420980,546
98600521,51.996,79.0178,502,35110,0.92856,0.71,2,1421571,1421069,502
98729001,29,30,508,37667,0.73,1,1,1423317,1422809,508
98731921,30.6,26.8,513,37723,0.73,1,1,1423348,1422835,513
98734841,30.92,26.96,517,37779,0.666,1,1,1423379,1422862,517
98737761,49.384,27.792,543,37835,0.5252,1,1,1423433,1422890,543
98740681,34.6768,58.3584,508,37891,0.43304,1,1,1423464,1422956,508
98743601,36.5354,36.4717,514,37947,0.414608,1,1,1423501,1422987,514
98746521,42.5071,45.6943,510,38003,0.266922,1,1,1423545,1423035,510
98749441,52.5014,34.7389,533,38059,0.0773843,1,1,1423600,1423067,533
98752361,28.1003,56.5478,493,38115,0.0874769,0.95,1,1423622,1423129,493
98755281,56.8201,32.9096,530,38170,0.0254954,0.95,1,1423686,1423156,530
98758201,38.564,56.9819,501,38225,0.0450991,0.91,1,1423720,1423219,501
98761121,30.9128,40.9964,493,38280,0.0330198,0.85,1,1423749,1423256,493
98764041,26.9826,33.7993,487,38335,0.030604,0.73,1,1423775,1423288,487
98766961,27.7965,29.9599,486,38390,0.0301208,0.73,1,1423803,1423317,486
98769881,29.5593,30.792,485,38445,0.0140242,0.65,1,1423833,1423348,485
98772801,45.9119,30.9584,504,38500,0.0748048,0.49,1,1423883,1423379,504
98775721,23.5824,49.3917,468,38555,0.070961,0.41,1,1423901,1423433,468
98778641,35.1165,34.6783,475,38610,0.0381922,0.41,1,1423939,1423464,475
98781561,8.62329,36.5357,440,38665,0.0636384,0.23,1,1423941,1423501,440
98784481,30.5247,42.5071,432,38720,0.0367277,0.03,1,1423977,1423545,432
98787401,46.1049,52.5014,427,38775,0.0313455,0.09,1,1424027,1423600,427
98790321,23.621,28.1003,423,38829,0.0622691,0.01,1,1424045,1423622,423
98793241,56.7242,56.8201,424,38883,0.100454,0.05,1,1424110,1423686,424
98796161,39.3448,38.564,425,38937,0.0600908,0.03,1,1424145,1423720,425
98799081,30.269,30.9128,424,38991,0.116018,0.03,1,1424173,1423749,424
98802001,26.0538,26.9826,423,39045,0.0632036,0.03,1,1424198,1423775,423
98804921,27.6108,27.7965,423,39099,0.0366407,0.01,1,1424226,1423803,423
98807841,29.5222,29.5593,423,39153,0.0473281,0.09,1,1424256,1423833,423
98810761,48.3044,45.9119,426,39207,0.0654656,0.07,1,1424309,1423883,426
98813681,22.4609,23.5824,424,39261,0.0370931,0.03,1,1424325,1423901,424
98816601,35.6922,35.1165,425,39315,0.0314186,0.07,1,1424364,1423939,425
98819521,8.73844,8.62329,425,39369,0.0302837,0.03,1,1424366,1423941,425
98822441,28.9477,30.5247,423,39423,0.0620567,0.03,1,1424400,1423977,423
98825361,45.7895,46.1049,423,39477,0.100411,0.07,1,1424450,1424027,423
98828281,25.1579,23.621,425,39530,0.108082,0.11,1,1424470,1424045,425
98831201,58.6316,56.7242,427,39583,0.0456165,0.05,1,1424537,1424110,427
98834121,35.7263,39.3448,422,39636,0.0651233,0.13,1,1424567,1424145,422
98837041,33.5453,30.269,427,39689,0.0530247,0.05,1,1424600,1424173,427
98839961,23.5091,26.0538,423,39742,0.0826049,0.03,1,1424621,1424198,423
98842881,26.3018,27.6108,422,39795,0.120521,0.05,1,1424648,1424226,422
98845801,29.2604,29.5222,422,39848,0.128104,0.07,1,1424678,1424256,422
98848721,49.0521,48.3044,423,39901,0.161621,0.03,1,1424732,1424309,423
98851641,23.4104,22.4609,424,39954,0.168324,0.03,1,1424749,1424325,424
98854561,35.0821,35.6922,423,40007,0.137665,0.03,1,1424787,1424364,423
98857481,8.61642,8.73844,423,40060,0.163533,0.03,1,1424789,1424366,423
98860401,29.7233,1.74769,458,40113,0.168707,0.07,1,1424824,1424366,458
98863321,45.9447,27.5495,474,40166,0.169741,0.11,1,1424874,1424400,474
98866241,25.9889,45.5099,445,40219,0.185948,0.11,1,1424895,1424450,445
98869161,56.3978,25.102,489,40271,0.15719,0.03,1,1424959,1424470,489
98872081,35.2796,58.6204,452,40323,0.119438,0.07,1,1424989,1424537,452
98875001,35.0559,35.7241,457,40375,0.0958876,0.05,1,1425024,1424567,457
98877921,25.4112,33.5448,447,40427,0.171178,0.09,1,1425047,1424600,447
98880841,25.8822,23.509,452,40479,0.218235,0.13,1,1425073,1424621,452
98883761,29.1764,26.3018,455,40531,0.259647,0.13,1,1425103,1424648,455
98886681,51.4353,29.2604,482,40583,0.251929,0.17,1,1425160,1424678,482
98889601,23.0871,49.0521,444,40635,0.282386,0.17,1,1425176,1424732,444
98892521,35.0174,23.4104,465,40687,0.320477,0.13,1,1425214,1424749,465
98895441,8.60348,35.0821,429,40739,0.328095,0.17,1,1425216,1424787,429
98898361,31.3207,8.61642,464,40791,0.361619,0.17,1,1425253,1424789,464
98901281,46.2641,29.7233,479,40843,0.368324,0.17,1,1425303,1424824,479
98904201,25.2528,45.9447,449,40895,0.385665,0.19,1,1425323,1424874,449
98907121,56.2506,25.9889,492,40947,0.405133,0.15,1,1425387,1424895,492
98910041,33.6501,56.3978,456,40999,0.409027,0.11,1,1425415,1424959,456
98912961,35.53,35.2796,462,41050,0.425805,0.09,1,1425451,1424989,462
98915881,28.706,35.0559,454,41101,0.381161,0.19,1,1425478,1425024,454
98918801,27.3412,25.4112,458,41152,0.372232,0.23,1,1425505,1425047,458
98921721,31.0682,25.8822,464,41203,0.402446,0.27,1,1425537,1425073,464
98924641,52.6136,29.1764,492,41254,0.424489,0.25,1,1425595,1425103,492
98927561,23.3227,51.4353,451,41305,0.428898,0.29,1,1425611,1425160,451
98930481,36.6645,23.0871,475,41356,0.46178,0.33,1,1425651,1425176,475
98933401,8.93291,35.0174,439,41407,0.468356,0.33,1,1425653,1425214,439
98936321,32.9866,8.60348,476,41458,0.453671,0.37,1,1425692,1425216,476
98939241,46.5973,31.3207,489,41509,0.450734,0.37,1,1425742,1425253,489
98942161,10.9195,46.2641,441,41560,0.450147,0.39,1,1425744,1425303,441
98945081,18.1839,25.2528,441,41611,0.450029,0.41,1,1425764,1425323,441
98948001,55.6368,56.2506,442,41662,0.498006,0.41,1,1425829,1425387,442
98950921,33.5274,33.6501,442,41713,0.507601,0.43,1,1425857,1425415,442
98953841,36.3055,35.53,443,41764,0.55752,0.37,1,1425894,1425451,443
98956761,27.2611,28.706,441,41815,0.551504,0.37,1,1425919,1425478,441
98959681,26.2522,27.3412,440,41865,0.550301,0.41,1,1425945,1425505,440
98962601,32.4504,31.0682,442,41915,0.59806,0.43,1,1425979,1425537,442
98965521,53.6901,52.6136,443,41965,0.639612,0.43,1,1426038,1425595,443
98968441,23.538,23.3227,443,42015,0.647922,0.47,1,1426054,1425611,443
98971361,38.3076,36.6645,445,42065,0.665585,0.47,1,1426096,1425651,445
98974281,9.26152,8.93291,445,42115,0.669117,0.45,1,1426098,1425653,445
98977201,32.2523,32.9866,444,42165,0.685823,0.45,1,1426136,1425692,444
98980121,46.4505,46.5973,444,42215,0.737165,0.45,1,1426186,1425742,444
98983041,10.8901,10.9195,444,42265,0.715433,0.45,1,1426188,1425744,444
98985961,19.778,18.1839,446,42315,0.711087,0.51,1,1426210,1425764,446
98988881,56.7556,55.6368,447,42365,0.726217,0.51,1,1426276,1425829,447
98991801,33.7511,33.5274,447,42415,0.777243,0.57,2,1426304,1425857,447
98994721,37.1502,36.3055,448,42465,0.787449,0.55,2,1426342,1425894,448
98997641,26.63,27.2611,447,42515,0.80549,0.55,2,1426366,1425919,447
99000561,26.926,26.2522,448,42565,0.793098,0.61,2,1426393,1425945,448
99003481,34.9852,32.4504,451,42615,0.80662,0.65,2,1426430,1425979,451
99006401,56.597,53.6901,454,42665,0.841324,0.65,2,1426492,1426038,454
99009321,24.1194,23.538,454,42714,0.848265,0.67,2,1426508,1426054,454
99012241,40.0239,38.3076,456,42763,0.849653,0.67,2,1426552,1426096,456
99015161,9.60478,9.26152,456,42812,0.849931,0.69,2,1426554,1426098,456
99018081,32.321,32.2523,456,42861,0.881986,0.75,2,1426592,1426136,456
99021001,47.2642,46.4505,457,42910,0.888397,0.71,2,1426643,1426186,457
99023921,11.0528,10.8901,457,42959,0.921679,0.71,2,1426645,1426188,457
99026841,19.8106,19.778,457,43008,0.896336,0.71,2,1426667,1426210,457
99038521,25,38,483,43204,0.91,0.81,2,1426825,1426342,483
99041441,25.8,26.8,485,43253,0.91,0.79,2,1426851,1426366,485
99044361,37.16,26.96,498,43302,0.91,0.81,2,1426891,1426393,498
99434181,91,49,483,22724,0.13,0.25,1,1431509,1431026,483
99437101,68.6,73,467,22817,0.114,0.11,1,1431572,1431105,467
99440021,62.52,81.8,444,22910,0.1428,0.05,1,1431633,1431189,444
99442941,49.304,47.56,451,23003,0.14856,0.01,1,1431679,1431228,451
99445861,70.6608,75.912,444,23095,0.101712,0.07,1,1431755,1431311,444
99448781,40.5322,41.5824,444,23187,0.0923424,0.07,1,1431788,1431344,444
99451701,51.3064,34.7165,465,23278,0.122468,0.07,1,1431842,1431377,465
99454621,83.8613,39.7433,516,23369,0.176494,0.13,1,1431934,1431418,516
99457541,67.9723,80.7487,489,23460,0.203299,0.11,1,1431998,1431509,489
99460461,63.9945,66.5497,489,23550,0.25666,0.15,1,1432061,1431572,489
99463381,49.5989,62.1099,474,23640,0.283332,0.15,1,1432107,1431633,474
99466301,69.1198,49.222,502,23730,0.288666,0.09,1,1432181,1431679,502
99469221,40.224,70.6444,459,23819,0.241733,0.09,1,1432214,1431755,459
99472141,52.0448,40.5289,481,23908,0.296347,0.13,1,1432269,1431788,481
99475061,12.009,51.3058,429,23997,0.307269,0.19,1,1432271,1431842,429
99477981,77.6018,83.8612,431,24085,0.341454,0.21,1,1432365,1431934,431
99480901,67.5204,67.9722,432,24173,0.396291,0.27,1,1432430,1431998,432
99483821,66.3041,63.9944,435,24261,0.391258,0.29,1,1432496,1432061,435
99486741,50.8608,49.5989,436,24348,0.374252,0.29,1,1432543,1432107,436
99489661,67.7722,69.1198,434,24435,0.41885,0.23,1,1432615,1432181,434
99492581,40.7544,40.224,435,24522,0.44377,0.31,1,1432649,1432214,435
99495501,53.7509,52.0448,437,24608,0.416754,0.31,1,1432706,1432269,437
99498421,12.3502,12.009,437,24694,0.411351,0.35,1,1432708,1432271,437
99501341,78.47,77.6018,438,24780,0.45827,0.41,1,1432803,1432365,438
99504261,70.094,67.5204,441,24866,0.547654,0.39,1,1432871,1432430,441
99507181,66.8188,66.3041,441,24951,0.565531,0.37,1,1432937,1432496,441
99510101,50.1638,50.8608,440,25036,0.633106,0.43,1,1432983,1432543,440
99513021,68.4328,67.7722,441,25121,0.630621,0.45,1,1433056,1432615,441
99515941,41.6865,40.7544,442,25205,0.662124,0.41,1,1433091,1432649,442
99518861,53.9373,53.7509,442,25289,0.700425,0.41,1,1433148,1432706,442
99521781,12.3875,12.3502,442,25373,0.676085,0.47,1,1433150,1432708,442
99524701,81.6775,78.47,446,25457,0.687217,0.47,1,1433249,1432803,446
99527621,71.5355,15.694,515,25540,0.753443,0.57,2,1433318,1432803,515
99530541,68.7071,57.5388,515,25623,0.782689,0.57,2,1433386,1432871,515
99533461,52.1414,64.3078,497,25706,0.788538,0.65,2,1433434,1432937,497
99536381,70.4283,49.6616,526,25788,0.789708,0.63,2,1433509,1432983,526
99539301,42.8857,68.3323,489,25870,0.821942,0.67,2,1433545,1433056,489
99542221,54.1771,41.6665,511,25952,0.844388,0.71,2,1433602,1433091,511
99545141,12.4354,53.9333,456,26034,0.848878,0.67,2,1433604,1433148,456
99548061,82.4871,12.3867,554,26115,0.897776,0.69,2,1433704,1433150,554
99550981,74.8974,81.6773,528,26196,0.939555,0.77,2,1433777,1433249,528
99656101,69,84,538,28963,0.51,1,1,1435749,1435211,538
99659021,42.6,69.6,508,29036,0.462,1,1,1435785,1435277,508
99661941,31.72,34.72,511,29109,0.4204,1,1,1435814,1435303,511
99664861,47.144,30.944,532,29182,0.26808,1,1,1435865,1435333,532
99667781,37.4288,62.9888,496,29255,0.221616,1,1,1435900,1435404,496
99670701,61.8858,37.3978,533,29327,0.180323,1,1,1435968,1435435,533
99673621,33.1772,49.8796,506,29399,0.0760646,1,1,1435994,1435488,506
99676541,75.4354,30.7759,566,29471,0.103213,0.8,1,1436080,1435514,566
99679461,63.8871,85.3552,528,29543,0.0766426,0.73,1,1436141,1435613,528
99682381,54.3774,70.671,513,29615,0.0713285,0.51,1,1436193,1435680,513
99685301,36.4755,69.3342,476,29686,0.102266,0.45,1,1436225,1435749,476
99688221,29.6951,42.6668,468,29757,0.140453,0.41,1,1436253,1435785,468
99691141,42.739,31.7334,485,29828,0.132091,0.23,1,1436299,1435814,485
99694061,10.1478,47.1467,436,29899,0.130418,0.21,1,1436301,1435865,436
99696981,28.4296,37.4293,434,29970,0.162084,0.17,1,1436334,1435900,434
99699901,52.8859,61.8859,425,30041,0.200417,0.05,1,1436393,1435968,425
99702821,30.5772,33.1772,424,30111,0.240083,0.11,1,1436418,1435994,424
99705741,75.7154,75.4354,425,30181,0.280017,0.07,1,1436505,1436080,425
99708661,63.9431,63.8871,425,30251,0.240003,0.07,1,1436566,1436141,425
99711581,54.3886,54.3774,425,30321,0.264001,0.11,1,1436618,1436193,425
99714501,36.4777,36.4755,425,30391,0.3168,0.15,1,1436650,1436225,425
99717421,31.2955,29.6951,427,30461,0.29536,0.13,1,1436680,1436253,427
99720341,43.8591,42.739,428,30530,0.307072,0.13,1,1436727,1436299,428
99723261,10.3718,10.1478,428,30599,0.309414,0.17,1,1436729,1436301,428
99726181,30.0744,28.4296,430,30668,0.309883,0.21,1,1436764,1436334,430
99729101,54.8149,52.8859,432,30737,0.325977,0.25,1,1436825,1436393,432
99732021,30.963,30.5772,432,30806,0.377195,0.29,1,1436850,1436418,432
99734941,77.3926,75.7154,434,30875,0.403439,0.23,1,1436939,1436505,434
99737861,63.4785,63.9431,433,30944,0.440688,0.27,1,1436999,1436566,433
99740781,55.8957,54.3886,435,31012,0.432138,0.33,1,1437053,1436618,435
99743701,37.5791,36.4777,436,31080,0.446427,0.29,1,1437086,1436650,436
99746621,29.9158,31.2955,434,31148,0.481286,0.31,1,1437114,1436680,434
99749541,45.9832,43.8591,437,31216,0.424257,0.31,1,1437164,1436727,437
99752461,10.7966,10.3718,437,31284,0.412851,0.31,1,1437166,1436729,437
99755381,30.9593,2.07436,473,31352,0.42657,0.31,1,1437202,1436729,473
99758301,54.1919,28.4149,498,31419,0.477314,0.33,1,1437262,1436764,498
99761221,31.6384,54.483,463,31486,0.503463,0.39,1,1437288,1436825,463
99764141,79.9277,30.8966,530,31553,0.556693,0.41,1,1437380,1436850,530
99767061,63.9855,77.3793,501,31620,0.599338,0.45,1,1437440,1436939,501
99769981,56.7971,63.4759,496,31687,0.639868,0.43,1,1437495,1436999,496
99772901,38.5594,55.8952,476,31754,0.663974,0.45,1,1437529,1437053,476
99775821,30.1119,37.579,471,31821,0.700795,0.49,1,1437557,1437086,471
99778741,45.2224,29.9158,492,31887,0.724159,0.41,1,1437606,1437114,492
99781661,10.6445,45.9832,444,31953,0.728832,0.41,1,1437608,1437164,444
99784581,30.9289,10.7966,478,32019,0.697766,0.43,1,1437644,1437166,478
99787501,56.5858,30.9593,505,32085,0.755553,0.49,2,1437707,1437202,505
99790421,32.9172,54.1919,472,32151,0.815111,0.51,2,1437734,1437262,472
99793341,82.5834,31.6384,541,32217,0.859022,0.57,2,1437829,1437288,541
99796261,66.1167,79.9277,511,32283,0.851804,0.61,2,1437891,1437380,511
99799181,58.8233,63.9855,508,32349,0.882361,0.65,2,1437948,1437440,508
99802101,40.5647,56.7971,489,32414,0.888472,0.67,2,1437984,1437495,489
99805021,31.3129,38.5594,484,32479,0.873694,0.71,2,1438013,1437529,484
99807941,44.6626,30.1119,504,32544,0.870739,0.73,2,1438061,1437557,504
99810861,10.5325,45.2224,457,32609,0.870148,0.73,2,1438063,1437606,457
99813781,30.9065,10.6445,491,32674,0.87003,0.69,2,1438099,1437608,491
99816701,60.5813,30.9289,523,32739,0.886006,0.77,2,1438167,1437644,523
99819621,13.7163,56.5858,462,32804,0.889201,0.83,2,1438169,1437707,462
99822541,25.1433,32.9172,463,32868,0.93784,0.87,2,1438197,1437734,463
99956861,35,86,497,35707,0.83,1,2,1440208,1439711,497
99959781,68.6,69.2,509,35766,0.702,1,1,1440285,1439776,509
99962701,44.92,48.24,505,35825,0.6924,1,1,1440324,1439819,505
99965621,35.384,46.448,492,35884,0.67448,0.95,1,1440357,1439865,492
99968541,37.4768,34.8896,498,35943,0.702896,1,1,1440395,1439897,498
99971461,33.8954,50.1779,477,36002,0.740579,1,1,1440428,1439951,477
99974381,39.5791,38.8356,482,36061,0.732116,1,1,1440469,1439987,482
99977301,30.3158,31.7671,480,36120,0.682423,1,1,1440497,1440017,480
99980221,44.4632,37.5534,489,36179,0.640485,1,1,1440545,1440056,489
99983141,30.4926,33.9107,483,36237,0.648097,0.87,1,1440572,1440089,483
99986061,21.2985,31.5821,471,36295,0.713619,0.91,1,1440591,1440120,471
99988981,43.4597,48.7164,467,36353,0.694724,0.83,1,1440640,1440173,467
99991901,31.8919,37.7433,461,36411,0.722945,0.67,1,1440669,1440208,461
99994821,65.5784,69.1487,458,36469,0.712589,0.69,1,1440743,1440285,458
99997741,44.3157,45.0297,458,36527,0.758518,0.67,2,1440782,1440324,458
100000661,32.8631,35.4059,455,36585,0.799704,0.71,2,1440812,1440357,455
100003581,39.3726,37.4812,458,36643,0.791941,0.75,2,1440853,1440395,458
100006501,33.4745,33.8962,457,36701,0.822388,0.73,2,1440885,1440428,457
100009421,37.0949,39.5792,454,36759,0.828478,0.67,2,1440923,1440469,454
100012341,28.219,30.3158,452,36816,0.829696,0.63,2,1440949,1440497,452
100015261,48.0438,44.4632,457,36873,0.845939,0.65,2,1441002,1440545,457
100018181,31.2088,30.4926,457,36930,0.833188,0.73,2,1441029,1440572,457
100021101,21.4418,21.2985,457,36987,0.814638,0.69,2,1441048,1440591,457
100024021,42.6884,43.4597,456,37044,0.810928,0.73,2,1441096,1440640,456
100026941,31.7377,31.8919,456,37101,0.810186,0.71,2,1441125,1440669,456
100029861,66.3475,65.5784,457,37158,0.874037,0.71,2,1441200,1440743,457
100032781,45.2695,13.1157,497,37215,0.870807,0.77,2,1441240,1440743,497
100035701,33.8539,33.8231,489,37272,0.886162,0.81,2,1441271,1440782,489
100038621,38.7708,30.7646,499,37329,0.889232,0.79,2,1441311,1440812,499
100041541,34.9542,38.9529,492,37386,0.889847,0.83,2,1441345,1440853,492
100044461,37.3908,33.3906,498,37443,0.889969,0.83,2,1441383,1440885,498
100047381,28.2782,37.0781,486,37499,0.905994,0.83,2,1441409,1440923,486
100238641,69,102,475,18482,0.03,0.21,1,1443978,1443503,475
100241561,105.8,87.6,506,18597,0.014,0.01,1,1444093,1443587,506
100244481,79.56,114.32,458,18711,0.0428,0.01,1,1444166,1443708,458
100247401,60.712,87.664,433,18824,0.06456,0,1,1444222,1443789,433
100250321,26.5424,31.1328,434,18937,0.068912,0.05,1,1444240,1443806,434
100253241,78.1085,88.6266,422,19049,0.0697824,0.03,1,1444331,1443909,422
100256161,70.8217,72.9253,422,19160,0.0699565,0.01,1,1444400,1443978,422
100259081,106.164,106.585,422,19271,0.0859913,0.05,1,1444515,1444093,422
100262001,80.4329,79.717,423,19381,0.0251983,0.07,1,1444589,1444166,423
100264921,60.0866,60.7434,422,19490,0.0450397,0.07,1,1444644,1444222,422
100267841,30.4173,26.5487,427,19599,0.0330079,0.07,1,1444667,1444240,427
100270761,74.8835,5.30974,513,19707,0.0466016,0.07,1,1444753,1444240,513
100273681,69.3767,73.862,490,19815,0.0973203,0.07,1,1444821,1444331,490
100276601,105.875,69.9724,536,19922,0.0914641,0.09,1,1444936,1444400,536
100279521,80.3751,105.994,495,20028,0.0262928,0.01,1,1445010,1444515,495
100282441,60.075,80.3989,476,20134,0.0292586,0.05,1,1445065,1444589,476
100285361,31.215,60.0798,445,20239,0.0458517,0.03,1,1445089,1444644,445
100288281,75.843,30.416,509,20344,0.0811704,0.05,1,1445176,1444667,509
100291201,70.3686,74.8832,492,20448,0.136234,0.11,1,1445245,1444753,492
100294121,105.274,69.3766,538,20552,0.179247,0.09,1,1445359,1444821,538
100297041,78.6547,105.875,495,20655,0.0438494,0.01,1,1445431,1444936,495
100299961,60.5309,80.3751,477,20758,0.0327699,0.03,1,1445487,1445010,477
100302881,32.1062,60.075,447,20860,0.046554,0.05,1,1445512,1445065,447
100305801,77.6212,31.215,512,20962,0.0653108,0.09,1,1445601,1445089,512
100308721,17.1242,75.843,427,21063,0.0690622,0.15,1,1445603,1445176,427
100311641,60.2248,70.3686,429,21164,0.0858124,0.19,1,1445674,1445245,429
100314561,104.845,105.274,431,21264,0.105162,0.01,1,1445790,1445359,431
100317481,72.169,78.6547,423,21364,0.125032,0.03,1,1445854,1445431,423
100320401,59.2338,60.5309,423,21463,0.0810065,0.05,1,1445910,1445487,423
100323321,32.6468,32.1062,424,21562,0.0722013,0.07,1,1445936,1445512,424
100326241,78.5294,77.6212,425,21660,0.16644,0.07,1,1446026,1445601,425
100329161,17.3059,17.1242,425,21758,0.185288,0.09,1,1446028,1445603,425
100332081,61.0612,60.2248,426,21855,0.221058,0.11,1,1446100,1445674,426
100335001,105.812,104.845,427,21952,0.292212,0.13,1,1446217,1445790,427
100337921,71.5624,72.169,426,22049,0.306442,0.07,1,1446280,1445854,426
100340841,58.3125,59.2338,425,22145,0.341288,0.07,1,1446335,1445910,425
100343761,34.0625,32.6468,427,22241,0.348258,0.19,1,1446363,1445936,427
100346681,82.8125,78.5294,432,22336,0.365652,0.19,1,1446458,1446026,432
100349601,18.1625,17.3059,432,22431,0.36913,0.23,1,1446460,1446028,432
100352521,62.0325,61.0612,433,22526,0.401826,0.23,1,1446533,1446100,433
100355441,108.406,12.2122,553,22620,0.408365,0.31,1,1446653,1446100,553
100358361,72.0813,96.0424,499,22714,0.457673,0.31,1,1446716,1446217,499
100361281,58.4163,69.6085,491,22807,0.451535,0.35,1,1446771,1446280,491
100364201,35.6833,57.9217,466,22900,0.450307,0.35,1,1446801,1446335,466
100367121,83.9367,33.9843,534,22993,0.482061,0.37,1,1446897,1446363,534
100370041,18.3873,82.7969,441,23085,0.488412,0.37,1,1446899,1446458,441
100372961,62.0775,18.1594,512,23177,0.505682,0.41,1,1446972,1446460,512
100375881,110.815,62.0319,562,23268,0.557136,0.41,1,1447095,1446533,562
100378801,74.1631,108.406,507,23359,0.631427,0.47,1,1447160,1446653,507
100381721,58.0326,72.0813,498,23450,0.662285,0.45,1,1447214,1446716,498
100384641,36.4065,58.4163,474,23540,0.652457,0.45,1,1447245,1446771,474
100387561,84.8813,35.6833,541,23630,0.698491,0.49,1,1447342,1446801,541
100390481,18.5763,83.9367,447,23720,0.707698,0.49,1,1447344,1446897,447
100393401,62.9153,18.3873,519,23809,0.74154,0.51,1,1447418,1446899,519
100396321,113.383,62.0775,572,23898,0.748308,0.57,1,1447544,1446972,572
100399241,77.8766,110.815,518,23987,0.733662,0.65,1,1447613,1447095,518
100402161,17.1753,74.1631,455,24075,0.730732,0.67,1,1447615,1447160,455
100405081,46.6351,58.0326,455,24163,0.778146,0.65,2,1447669,1447214,455
100408001,33.327,36.4065,454,24251,0.835629,0.71,2,1447699,1447245,454
100410921,86.6654,84.8813,457,24338,0.863126,0.71,2,1447799,1447342,457
100413841,18.9331,18.5763,457,24425,0.868625,0.75,2,1447801,1447344,457
100518961,103,89,494,27374,0.37,1,1,1449997,1449503,494
100521881,45.4,40.2,497,27451,0.386,1,1,1450028,1449531,497
100524801,25.08,35.24,483,27528,0.3732,0.93,1,1450048,1449565,483
100527721,28.216,31.848,481,27605,0.37064,0.96,1,1450077,1449596,481
100530641,28.8432,27.9696,483,27682,0.338128,1,1,1450106,1449623,483
100533561,40.9686,49.5939,472,27759,0.299626,1,1,1450150,1449678,472
100536481,32.9937,36.3188,470,27835,0.227925,0.83,1,1450181,1449711,470
100539401,52.9987,60.0638,462,27911,0.181585,0.57,1,1450239,1449777,462
100542321,90.5997,105.613,445,27987,0.156317,0.37,1,1450339,1449894,445
100545241,94.1199,103.523,437,28063,0.103263,0.39,1,1450434,1449997,437
100548161,44.424,45.5045,438,28138,0.0926527,0.37,1,1450466,1450028,438
100551081,24.0848,25.1009,437,28213,0.106531,0.37,1,1450485,1450048,437
100554001,27.217,28.2202,436,28288,0.109306,0.33,1,1450513,1450077,436
100556921,28.6434,28.844,436,28363,0.0938612,0.33,1,1450542,1450106,436
100559841,36.9287,5.76881,475,28438,0.106772,0.29,1,1450581,1450106,475
100562761,30.5857,36.3538,460,28512,0.125354,0.21,1,1450610,1450150,460
100565681,50.9171,32.0708,485,28586,0.129071,0.17,1,1450666,1450181,485
100568601,89.3834,52.8142,526,28660,0.209814,0.15,1,1450765,1450239,526
100571521,91.4767,90.5628,518,28734,0.257963,0.09,1,1450857,1450339,518
100574441,47.0953,94.1126,459,28808,0.283593,0.09,1,1450893,1450434,459
100577361,22.2191,44.4225,443,28881,0.288719,0.11,1,1450909,1450466,443
100580281,28.4438,24.0845,454,28954,0.289744,0.11,1,1450939,1450485,454
100583201,28.0888,27.2169,454,29027,0.305949,0.09,1,1450967,1450513,454
100586121,37.6178,28.6434,465,29100,0.32519,0.11,1,1451007,1450542,465
100589041,33.1236,36.9287,458,29173,0.345038,0.13,1,1451039,1450581,458
100591961,51.4247,30.5857,485,29246,0.381008,0.13,1,1451095,1450610,485
100594881,92.6849,50.9171,532,29318,0.484202,0.23,1,1451198,1450666,532
100597801,92.937,89.3834,526,29390,0.53684,0.27,1,1451291,1450765,526
100600721,48.1874,91.4767,471,29462,0.563368,0.29,1,1451328,1450857,471
100603641,22.4375,47.0953,451,29534,0.568674,0.29,1,1451344,1450893,451
100606561,29.2875,22.2191,466,29606,0.553735,0.29,1,1451375,1450909,466
100609481,29.0575,28.4438,465,29677,0.534747,0.31,1,1451404,1450939,465
100612401,38.6115,28.0888,478,29748,0.546949,0.33,1,1451445,1450967,478
100615321,33.3223,37.6178,470,29819,0.54939,0.35,1,1451477,1451007,470
100618241,8.26446,33.1236,440,29890,0.549878,0.39,1,1451479,1451039,440
100621161,48.8529,51.4247,443,29961,0.533976,0.51,1,1451538,1451095,443
100624081,95.3706,92.6849,447,30032,0.722795,0.55,1,1451645,1451198,447
100627001,95.0741,92.937,449,30102,0.824559,0.57,2,1451740,1451291,449
100629921,49.4148,48.1874,450,30172,0.844912,0.57,2,1451778,1451328,450
100632841,22.683,22.4375,450,30242,0.816982,0.55,2,1451794,1451344,450
100635761,28.5366,29.2875,449,30312,0.843396,0.53,2,1451824,1451375,449
100638681,28.1073,29.0575,448,30382,0.848679,0.55,2,1451852,1451404,448
100641601,39.2215,38.6115,449,30452,0.849736,0.55,2,1451894,1451445,449
100644521,33.4443,33.3223,449,30521,0.881947,0.55,2,1451926,1451477,449
100647441,8.28886,8.26446,449,30590,0.856389,0.53,2,1451928,1451479,449
100650361,48.8578,48.8529,449,30659,0.883278,0.77,2,1451987,1451538,449
100653281,102.572,95.3706,458,30728,0.920656,0.85,2,1452103,1451645,458
100656201,99.7143,95.0741,462,30797,0.912131,0.85,2,1452202,1451740,462
100659121,50.3429,49.4148,462,30866,0.926426,0.81,2,1452240,1451778,462
100781761,45,36,485,33624,0.87,1,2,1454146,1453661,485
100784681,41.8,35.2,491,33687,0.774,1,2,1454187,1453696,491
100787601,35.56,23.84,504,33750,0.6908,1,1,1454221,1453717,504
100790521,31.112,28.768,504,33813,0.61016,1,1,1454251,1453747,504
100793441,29.4224,31.3536,501,33876,0.418032,1,1,1454280,1453779,501
100796361,35.4845,31.8707,506,33938,0.331606,1,1,1454317,1453811,506
100799281,23.8969,28.7741,499,34000,0.298321,1,1,1454338,1453839,499
100802201,29.5794,36.9548,491,34062,0.195664,1,1,1454369,1453878,491
100805121,93.1159,100.191,484,34124,0.0631329,0.94,1,1454478,1453994,484
100808041,43.4232,48.8382,479,34186,0.0206266,0.94,1,1454509,1454030,479
100810961,54.2846,66.5676,465,34248,0.0601253,0.94,1,1454566,1454101,465
100813881,42.8569,13.3135,505,34310,0.0360251,0.87,1,1454606,1454101,505
100816801,42.9714,38.6627,503,34372,0.031205,0.75,1,1454649,1454146,503
100819721,29.3943,40.5325,488,34434,0.046241,0.67,1,1454675,1454187,488
100822641,24.2789,35.3065,477,34495,0.0652482,0.59,1,1454698,1454221,477
100825561,23.2558,31.0613,470,34556,0.0850496,0.37,1,1454721,1454251,470
100828481,31.8512,29.4123,475,34617,0.0730099,0.31,1,1454755,1454280,475
100831401,21.5702,35.4825,457,34678,0.086602,0.29,1,1454774,1454317,457
100834321,24.314,23.8965,461,34739,0.0733204,0.17,1,1454799,1454338,461
100837241,87.2628,29.5793,533,34800,0.0546641,0.03,1,1454902,1454369,533
100840161,40.6526,93.1159,453,34861,0.0109328,0.01,1,1454931,1454478,453
100843081,53.7305,43.4232,479,34922,0.0581866,0.07,1,1454988,1454509,479
100846001,44.3461,54.2846,464,34983,0.0356373,0.03,1,1455030,1454566,464
100848921,40.8692,42.8569,464,35043,0.0471275,0.03,1,1455070,1454606,464
100851841,30.5738,42.9714,449,35103,0.0654255,0.05,1,1455098,1454649,449
100854761,26.1148,29.3943,448,35163,0.133085,0.07,1,1455123,1454675,448
100857681,22.023,24.2789,446,35223,0.130617,0.09,1,1455144,1454698,446
100860601,33.2046,23.2558,459,35283,0.130123,0.07,1,1455180,1454721,459
100863521,21.8409,31.8512,444,35343,0.162025,0.09,1,1455199,1454755,444
100866441,23.5682,21.5702,449,35403,0.152405,0.07,1,1455223,1454774,449
100869361,84.7136,24.314,524,35463,0.166481,0.05,1,1455323,1454799,524
100872281,40.9427,87.2628,451,35523,0.105296,0,1,1455353,1454902,451
100875201,55.3885,40.6526,481,35583,0.0450592,0.07,1,1455412,1454931,481
100878121,43.0777,53.7305,464,35642,0.0810118,0.03,1,1455452,1454988,464
100881041,10.2155,44.3461,424,35701,0.0882024,0.05,1,1455454,1455030,424
100883961,35.6431,40.8692,426,35760,0.15364,0.07,1,1455496,1455070,426
100886881,30.3286,30.5738,427,35819,0.0867281,0.15,1,1455525,1455098,427
100889801,27.6657,26.1148,429,35878,0.0733456,0.13,1,1455552,1455123,429
100892721,23.1331,22.023,430,35937,0.0706691,0.13,1,1455574,1455144,430
100895641,31.8266,33.2046,428,35996,0.0861338,0.17,1,1455608,1455180,428
100898561,23.9653,21.8409,431,36055,0.121227,0.15,1,1455630,1455199,431
100901481,22.3931,23.5682,429,36114,0.128245,0.17,1,1455652,1455223,429
100904401,85.2786,84.7136,430,36173,0.209649,0.09,1,1455753,1455323,430
100907321,36.2557,40.9427,424,36231,0.19393,0.03,1,1455777,1455353,424
100910241,53.6511,55.3885,423,36289,0.206786,0.09,1,1455835,1455412,423
100913161,45.9302,43.0777,427,36347,0.193357,0.09,1,1455879,1455452,427
100916081,10.786,10.2155,427,36405,0.190671,0.17,1,1455881,1455454,427
100919001,36.5572,35.6431,428,36463,0.190134,0.07,1,1455924,1455496,428
100921921,26.5114,30.3286,423,36521,0.206027,0.07,1,1455948,1455525,423
100924841,28.5023,27.6657,425,36579,0.257205,0.07,1,1455977,1455552,425
100927761,23.3005,23.1331,425,36637,0.251441,0.09,1,1455999,1455574,425
100930681,32.6601,31.8266,426,36695,0.314288,0.13,1,1456034,1455608,426
100933601,25.732,23.9653,428,36753,0.326858,0.13,1,1456058,1455630,428
100936521,22.7464,22.3931,428,36810,0.329372,0.23,1,1456080,1455652,428
100939441,87.7493,85.2786,431,36867,0.393874,0.19,1,1456184,1455753,431
100942361,36.7499,36.2557,431,36924,0.406775,0.21,1,1456208,1455777,431
100945281,55.35,53.6511,433,36981,0.393355,0.19,1,1456268,1455835,433
100948201,43.07,45.9302,429,37038,0.358671,0.19,1,1456308,1455879,429
100951121,10.214,10.786,429,37095,0.383734,0.19,1,1456310,1455881,429
100954041,38.0428,36.5572,431,37152,0.388747,0.19,1,1456355,1455924,431
100956961,26.8086,7.31144,455,37209,0.405749,0.21,1,1456379,1455924,455
100959881,30.1617,20.6623,462,37266,0.44115,0.27,1,1456410,1455948,462
100962801,23.6323,27.3325,455,37323,0.41623,0.25,1,1456432,1455977,455
100965721,35.9265,23.0665,472,37380,0.443246,0.33,1,1456471,1455999,472
100968641,26.3853,32.6133,461,37437,0.496649,0.33,1,1456495,1456034,461
100971561,22.8771,25.7227,459,37493,0.50733,0.33,1,1456517,1456058,459
100974481,89.3754,22.7445,543,37549,0.477466,0.41,1,1456623,1456080,543
100977401,37.0751,87.7489,463,37605,0.487493,0.41,1,1456647,1456184,463
100980321,54.615,36.7498,498,37661,0.473499,0.39,1,1456706,1456208,498
100983241,42.923,55.35,478,37717,0.5027,0.35,1,1456746,1456268,478
100986161,10.1846,43.07,440,37773,0.50854,0.39,1,1456748,1456308,440
100989081,39.6369,10.214,485,37829,0.525708,0.39,1,1456795,1456310,485
100992001,28.7274,38.0428,466,37885,0.577142,0.41,1,1456821,1456355,466
100994921,29.7455,26.8086,472,37941,0.571428,0.45,1,1456851,1456379,472
100997841,23.5491,30.1617,463,37997,0.586286,0.41,1,1456873,1456410,463
101000761,39.1098,23.6323,484,38053,0.621257,0.45,1,1456916,1456432,484
101003681,27.822,35.9265,470,38109,0.612251,0.51,1,1456941,1456471,470
101006601,23.1644,26.3853,468,38164,0.61045,0.51,1,1456963,1456495,468
101009521,88.6329,22.8771,551,38219,0.64209,0.47,1,1457068,1456517,551
101012441,36.9266,89.3754,469,38274,0.664418,0.49,1,1457092,1456623,469
101015361,53.7853,37.0751,503,38329,0.684884,0.47,1,1457150,1456647,503
101018281,44.3571,54.615,486,38384,0.720977,0.51,1,1457192,1456706,486
101021201,10.4714,42.923,448,38439,0.728195,0.51,1,1457194,1456746,448
101024121,40.4943,10.1846,494,38494,0.729639,0.53,1,1457242,1456748,494
101027041,29.6989,39.6369,474,38549,0.729928,0.59,1,1457269,1456795,474
101029961,30.7398,28.7274,479,38604,0.745986,0.57,1,1457300,1456821,479
101032881,7.74795,29.7455,451,38659,0.765197,0.59,2,1457302,1456851,451
101035801,19.1496,23.5491,451,38714,0.801039,0.63,2,1457324,1456873,451
101038721,39.8299,39.1098,453,38769,0.856208,0.61,2,1457369,1456916,453
101041641,27.166,27.822,452,38823,0.899242,0.61,2,1457393,1456941,452
101044561,23.8332,23.1644,453,38877,0.891848,0.65,2,1457416,1456963,453
101047481,89.5666,88.6329,454,38931,0.92237,0.67,2,1457522,1457068,454
101050401,37.9133,36.9266,455,38985,0.912474,0.69,2,1457547,1457092,455
101228521,35,32,494,42161,0.81,1,2,1459741,1459247,494
101231441,35.8,20,513,42211,0.746,1,1,1459777,1459264,513
101234361,35.16,27.2,519,42261,0.7332,1,1,1459812,1459293,519
101237281,27.032,34.24,508,42311,0.65064,1,1,1459837,1459329,508
101240201,23.0064,34.048,496,42361,0.634128,1,1,1459859,1459363,496
101243121,40.6013,57.2096,478,42411,0.518826,1,1,1459904,1459426,478
101246041,42.5203,39.4419,486,42461,0.527765,1,1,1459947,1459461,486
101248961,49.3041,47.8884,487,42511,0.385553,1,1,1459998,1459511,487
101251881,30.6608,38.3777,477,42561,0.421111,1,1,1460024,1459547,477
101254801,34.1322,38.8755,473,42611,0.460222,1,1,1460059,1459586,473
101257721,28.4264,27.7751,475,42661,0.452044,0.99,1,1460086,1459611,475
101260641,31.2853,36.755,468,42710,0.466409,0.89,1,1460118,1459650,468
101263561,31.0571,34.551,465,42759,0.517282,0.91,1,1460149,1459684,465
101266481,22.2114,24.5102,463,42808,0.495456,0.81,1,1460169,1459706,463
101269401,30.0423,32.902,460,42857,0.507091,0.73,1,1460201,1459741,460
101272321,33.2085,35.3804,458,42906,0.509418,0.73,1,1460235,1459777,458
101275241,29.8417,35.0761,452,42955,0.493884,0.63,1,1460264,1459812,452
101278161,28.3683,27.0152,455,43004,0.458777,0.63,1,1460292,1459837,455
101281081,21.6737,5.40304,475,43053,0.467755,0.63,1,1460312,1459837,475
101284001,37.1347,18.6806,494,43102,0.501551,0.49,1,1460353,1459859,494
101286921,38.6269,39.7361,488,43151,0.52431,0.53,1,1460392,1459904,488
101289841,43.7254,42.3472,490,43200,0.544862,0.35,1,1460437,1459947,490
101292761,31.9451,49.2694,468,43249,0.548972,0.43,1,1460466,1459998,468
101295681,35.989,30.6539,479,43298,0.597794,0.47,1,1460503,1460024,479
101298601,27.9978,34.1308,470,43347,0.607559,0.45,1,1460529,1460059,470
101301521,31.9996,28.4262,476,43396,0.625512,0.47,1,1460562,1460086,476
101304441,31.9999,31.2852,476,43445,0.597102,0.53,1,1460594,1460118,476
101307361,22.4,31.057,465,43494,0.59142,0.49,1,1460614,1460149,465
101310281,29.28,22.2114,476,43543,0.590284,0.51,1,1460645,1460169,476
101313201,34.656,30.0423,480,43591,0.590057,0.51,1,1460681,1460201,480
101316121,27.7312,33.2085,472,43639,0.590011,0.49,1,1460707,1460235,472
101319041,27.9462,29.8417,471,43687,0.606002,0.45,1,1460735,1460264,471
101321961,24.7892,28.3683,467,43735,0.6092,0.47,1,1460759,1460292,467
101324881,36.9578,21.6737,487,43783,0.62584,0.51,1,1460799,1460312,487
101327801,37.7916,37.1347,484,43831,0.661168,0.53,1,1460837,1460353,484
101330721,44.3583,38.6269,491,43879,0.684234,0.55,1,1460883,1460392,491
101333641,32.0717,43.7254,475,43927,0.704847,0.55,1,1460912,1460437,475
101336561,40.0143,31.9451,488,43975,0.692969,0.61,1,1460954,1460466,488
101339481,28.8029,35.989,477,44023,0.690594,0.61,1,1460980,1460503,477
101342401,32.9606,27.9978,485,44071,0.738119,0.63,1,1461014,1460529,485
101345321,30.5921,31.9996,482,44119,0.747624,0.59,1,1461044,1460562,482
101348241,22.1184,31.9999,470,44167,0.765525,0.59,2,1461064,1460594,470
101351161,29.2237,22.4,481,44215,0.801105,0.59,2,1461095,1460614,481
101354081,34.6447,29.28,486,44263,0.808221,0.59,2,1461131,1460645,486
101357001,27.7289,34.656,476,44311,0.825644,0.59,2,1461157,1460681,476
101359921,28.7458,27.7312,479,44359,0.845129,0.61,2,1461186,1460707,479
101362841,24.9492,27.9462,475,44407,0.849026,0.61,2,1461210,1460735,475
101365761,37.7898,24.7892,492,44455,0.897805,0.63,2,1461251,1460759,492
101368681,9.15797,36.9578,454,44502,0.907561,0.67,2,1461253,1460799,454
101371601,33.0316,37.7916,455,44549,0.893512,0.69,2,1461292,1460837,455
101546801,32,32,514,47306,0.93,1,2,1463212,1462698,514
101549721,35.2,25.6,526,47351,0.914,1,2,1463248,1462722,526
101552641,28.64,27.52,525,47396,0.9268,1,2,1463275,1462750,525
101555561,12.928,33.504,499,47440,0.89736,1,2,1463284,1462785,499
101558481,36.9856,40.3008,500,47484,0.827472,1,2,1463327,1462827,500
101561401,33.7971,31.2602,504,47528,0.781494,1,2,1463360,1462856,504
101564321,25.1594,32.652,494,47572,0.820299,1,2,1463383,1462889,494
101567241,29.0319,36.9304,486,47616,0.84406,1,2,1463413,1462927,486
101570161,32.2064,32.1861,488,47660,0.816812,1,2,1463446,1462958,488
101573081,36.0413,34.4372,490,47704,0.795362,0.94,2,1463483,1462993,490
101576001,28.0083,34.8874,481,47748,0.823072,0.84,2,1463509,1463028,481
101578921,26.4017,31.7775,476,47792,0.812615,1,2,1463535,1463059,476
101581841,33.2803,28.7555,483,47836,0.794523,1,2,1463570,1463087,483
101584761,30.6561,35.3511,476,47880,0.774905,0.93,2,1463600,1463124,476
101587681,28.5312,32.6702,472,47924,0.802981,0.87,2,1463628,1463156,472
101590601,21.7062,25.734,468,47968,0.824596,0.93,2,1463648,1463180,468
101593521,27.5412,30.7468,465,48012,0.860919,0.91,2,1463677,1463212,465
101596441,33.5082,34.9494,464,48056,0.868184,0.93,2,1463712,1463248,464
101599361,29.1016,28.5899,465,48100,0.885637,0.89,2,1463740,1463275,465
101602281,13.0203,12.918,465,48144,0.905127,0.81,2,1463749,1463284,465
101605201,37.8041,36.9836,466,48188,0.909025,0.77,2,1463793,1463327,466
101914721,65,63,499,24266,0.65,0.81,1,1466988,1466489,499
101917641,55.4,62.2,490,24353,0.666,0.73,1,1467041,1466551,490
101920561,77.48,67.64,504,24440,0.6212,0.71,1,1467124,1466620,504
101923481,61.096,79.928,478,24527,0.69224,0.63,1,1467181,1466703,478
101926401,69.8192,56.7856,499,24613,0.722448,0.57,1,1467253,1466754,499
101929321,31.5638,64.9571,454,24699,0.72849,0.59,1,1467275,1466821,454
101932241,7.91277,16.9914,451,24785,0.761698,0.57,2,1467277,1466826,451
101935161,78.3826,80.9983,450,24871,0.81634,0.65,2,1467373,1466923,450
101938081,70.0765,68.1997,453,24956,0.843268,0.67,2,1467441,1466988,453
101941001,58.0153,56.0399,455,25041,0.864654,0.61,2,1467496,1467041,455
101943921,76.4031,77.608,453,25126,0.884931,0.71,2,1467577,1467124,453
101946841,64.0806,61.1216,457,25210,0.888986,0.73,2,1467638,1467181,457
102186281,43,0,530,31356,0.79,1,2,1471934,1471404,530
102189201,76.6,57.6,543,31423,0.854,0.96,2,1472019,1471476,543
102192121,54.52,61.92,529,31490,0.8028,1,2,1472068,1471539,529
102195041,40.504,60.384,506,31557,0.84056,0.94,2,1472105,1471599,506
102197961,36.9008,40.0768,507,31624,0.864112,0.99,2,1472141,1471634,507
102200881,33.7802,37.6154,503,31691,0.884822,1,2,1472174,1471671,503
102203801,37.156,34.7231,507,31758,0.920964,0.97,2,1472212,1471705,507
102370241,64,38,555,35353,0.45,1,1,1474744,1474189,555
102373161,43.2,74,510,35413,0.386,1,1,1474782,1474272,510
102376081,69.44,46,547,35473,0.1492,1,1,1474858,1474311,547
102379001,46.688,77.2,503,35533,0.05384,1,1,1474899,1474396,503
102381921,56.5376,45.84,524,35592,0.034768,1,1,1474958,1474434,524
102384841,38.5075,41.168,518,35651,0.0069536,1,1,1474992,1474474,518
102387761,32.5015,31.4336,520,35710,0.0733907,1,1,1475023,1474503,520
102390681,15.3003,34.2867,496,35769,0.134678,0.89,1,1475034,1474538,496
102393601,18.2601,33.2573,482,35828,0.162936,0.98,1,1475053,1474571,482
102396521,28.452,40.2515,471,35887,0.136587,0.95,1,1475084,1474613,471
102399441,20.8904,29.6503,463,35946,0.0673174,0.79,1,1475103,1474640,463
102402361,30.5781,37.9301,456,36005,0.133463,0.45,1,1475136,1474680,456
102405281,48.5156,58.786,445,36064,0.0666927,0.37,1,1475189,1474744,445
102408201,36.1031,42.1572,440,36123,0.0373385,0.09,1,1475222,1474782,440
102411121,54.4206,69.2314,423,36182,0.0634677,0.03,1,1475281,1474858,423
102414041,44.4841,46.6463,424,36240,0.0126935,0.03,1,1475323,1474899,424
102416961,56.8968,56.5293,425,36298,0.0425387,0,1,1475383,1474958,425
102419881,39.3794,38.5059,426,36356,0.0165077,0.09,1,1475418,1474992,426
102422801,34.2759,32.5012,428,36414,0.0273015,0.15,1,1475451,1475023,428
102425721,16.4552,15.3002,429,36472,0.0774603,0.17,1,1475463,1475034,429
102428641,18.491,18.26,429,36530,0.0874921,0.13,1,1475482,1475053,429
102431561,25.2982,28.452,425,36588,0.121498,0.05,1,1475509,1475084,425
102434481,20.2596,20.8904,425,36646,0.1603,0.15,1,1475528,1475103,425
102437401,31.2519,30.5781,426,36704,0.16806,0.05,1,1475562,1475136,426
102440321,45.4504,48.5156,422,36762,0.201612,0.03,1,1475611,1475189,422
102443241,37.0901,36.1031,424,36819,0.144322,0.07,1,1475646,1475222,424
102446161,53.018,54.4206,422,36876,0.100864,0,1,1475703,1475281,422
102449081,44.2036,44.4841,422,36933,0.0601729,0.05,1,1475745,1475323,422
102452001,57.6407,56.8968,423,36990,0.0200346,0.01,1,1475806,1475383,423
102454921,39.5281,39.3794,423,37047,0.0280069,0.03,1,1475841,1475418,423
102457841,34.3056,34.2759,423,37104,0.0776014,0.09,1,1475874,1475451,423
102460761,17.2611,16.4552,424,37161,0.0875203,0.09,1,1475887,1475463,424
102463681,17.8522,3.29103,442,37218,0.105504,0.09,1,1475905,1475463,442
102466601,29.1704,15.8582,455,37275,0.109101,0.13,1,1475937,1475482,455
102469521,20.2341,24.7716,446,37332,0.10982,0.17,1,1475955,1475509,446
102472441,32.8468,20.1543,463,37389,0.109964,0.17,1,1475991,1475528,463
102475361,46.5694,31.2309,479,37446,0.173993,0.21,1,1476041,1475562,479
102478281,33.3139,45.4462,460,37502,0.186799,0.13,1,1476071,1475611,460
102481201,52.2628,37.0892,482,37558,0.22136,0.09,1,1476128,1475646,482
102484121,40.8526,53.0178,463,37614,0.244272,0.05,1,1476166,1475703,463
102487041,57.7705,44.2036,483,37670,0.0568544,0.01,1,1476228,1475745,483
102489961,40.3541,57.6407,458,37726,0.0193709,0.03,1,1476264,1475806,458
102492881,35.2708,39.5281,457,37782,0.0438742,0.09,1,1476298,1475841,457
102495801,19.0542,34.3056,439,37838,0.0327748,0.09,1,1476313,1475874,439
102498721,18.2108,17.2611,444,37894,0.030555,0.11,1,1476331,1475887,444
102501641,29.2422,17.8522,458,37950,0.030111,0.11,1,1476363,1475905,458
102504561,20.2484,29.1704,444,38006,0.0620222,0.11,1,1476381,1475937,444
102507481,32.8497,20.2341,462,38062,0.100404,0.11,1,1476417,1475955,462
102510401,49.7699,32.8468,480,38118,0.156081,0.19,1,1476471,1475991,480
102513321,33.954,46.5694,460,38173,0.183216,0.19,1,1476501,1476041,460
102516241,54.7908,33.3139,490,38228,0.236643,0.23,1,1476561,1476071,490
102519161,39.7582,52.2628,469,38283,0.231329,0.25,1,1476597,1476128,469
102522081,50.3516,40.8526,484,38338,0.214266,0.01,1,1476650,1476166,484
102525001,38.0703,57.7705,457,38393,0.194853,0.01,1,1476685,1476228,457
102527921,36.4141,40.3541,457,38448,0.174971,0.05,1,1476721,1476264,457
102530841,18.4828,35.2708,437,38503,0.170994,0.03,1,1476735,1476298,437
102533761,18.0966,19.0542,440,38558,0.170199,0.03,1,1476753,1476313,440
102536681,29.2193,18.2108,454,38613,0.18604,0.03,1,1476785,1476331,454
102539601,7.44386,29.2422,424,38668,0.189208,0.07,1,1476787,1476363,424
102542521,17.4888,20.2484,426,38723,0.189842,0.11,1,1476807,1476381,426
102545441,33.8978,32.8497,428,38778,0.189968,0.17,1,1476845,1476417,428
102548361,52.3796,49.7699,431,38832,0.221994,0.19,1,1476902,1476471,431
102551281,34.4759,33.954,431,38886,0.228399,0.25,1,1476932,1476501,431
102554201,55.6952,54.7908,432,38940,0.22968,0.23,1,1476993,1476561,432
102557121,40.739,39.7582,433,38994,0.261936,0.21,1,1477030,1476597,433
102560041,49.7478,50.3516,432,39048,0.284387,0.19,1,1477082,1476650,432
102562961,37.1496,38.0703,431,39102,0.304877,0.17,1,1477116,1476685,431
102565881,35.4299,36.4141,430,39156,0.292976,0.17,1,1477151,1476721,430
102568801,18.286,18.4828,430,39210,0.290595,0.17,1,1477165,1476735,430
102571721,18.8572,18.0966,431,39264,0.290119,0.19,1,1477184,1476753,431
102574641,29.3714,29.2193,431,39318,0.322024,0.19,1,1477216,1476785,431
102577561,7.47429,7.44386,431,39372,0.328405,0.19,1,1477218,1476787,431
102580481,15.8949,17.4888,429,39426,0.313681,0.19,1,1477236,1476807,429
102583401,35.979,33.8978,432,39480,0.342736,0.23,1,1477277,1476845,432
102586321,51.9958,52.3796,431,39533,0.428547,0.23,1,1477333,1476902,431
102589241,36.7992,34.4759,434,39586,0.445709,0.23,1,1477366,1476932,434
102592161,55.3598,55.6952,433,39639,0.481142,0.27,1,1477426,1476993,433
102595081,40.672,40.739,433,39692,0.520228,0.29,1,1477463,1477030,433
102598001,50.5344,49.7478,434,39745,0.560046,0.31,1,1477516,1477082,434
102600921,38.1069,37.1496,435,39798,0.552009,0.29,1,1477551,1477116,435
102603841,34.8214,35.4299,434,39851,0.550402,0.29,1,1477585,1477151,434
102606761,18.1643,18.286,434,39904,0.55008,0.29,1,1477599,1477165,434
102609681,20.4329,18.8572,436,39957,0.566016,0.33,1,1477620,1477184,436
102612601,29.6866,29.3714,436,40010,0.553203,0.33,1,1477652,1477216,436
102615521,7.53731,7.47429,436,40063,0.582641,0.33,1,1477654,1477218,436
102618441,15.9075,1.49486,454,40116,0.556528,0.31,1,1477672,1477218,454
102621361,38.3815,14.699,480,40169,0.567306,0.35,1,1477716,1477236,480
102624281,54.0763,35.7398,497,40222,0.569461,0.45,1,1477774,1477277,497
102627201,39.6153,51.948,477,40274,0.569892,0.45,1,1477810,1477333,477
102630121,56.7231,36.7896,505,40326,0.633978,0.49,1,1477871,1477366,505
102633041,40.9446,55.3579,482,40378,0.678796,0.53,1,1477908,1477426,482
102635961,52.1889,40.6716,500,40430,0.719759,0.57,1,1477963,1477463,500
102638881,37.6378,50.5343,481,40482,0.743952,0.55,1,1477997,1477516,481
102641801,34.7276,38.1069,480,40534,0.76479,0.55,2,1478031,1477551,480
102644721,18.1455,34.8214,460,40586,0.768958,0.55,2,1478045,1477585,460
102647641,22.0291,18.1643,469,40638,0.753792,0.57,2,1478068,1477599,469
102650561,30.0058,20.4329,480,40690,0.766758,0.55,2,1478100,1477620,480
102653481,7.60116,29.6866,450,40742,0.769352,0.59,2,1478102,1477652,450
102656401,15.9202,7.53731,466,40794,0.76987,0.55,2,1478120,1477654,466
102659321,39.184,15.9075,493,40846,0.785974,0.57,2,1478165,1477672,493
102662241,54.2368,38.3815,507,40898,0.821195,0.57,2,1478223,1477716,507
102665161,40.4474,54.0763,486,40950,0.812239,0.57,2,1478260,1477774,486
102668081,60.0895,39.6153,515,41002,0.858448,0.65,2,1478325,1477810,515
102671001,42.4179,56.7231,492,41053,0.91569,0.69,2,1478363,1477871,492
102866641,144,136,499,19925,0.37,1,1,1480753,1480254,499
102869561,129.6,107.2,525,20031,0.226,0.94,1,1480879,1480354,525
102872481,73.92,87.84,502,20137,0.1172,0.97,1,1480939,1480437,502
102875401,69.184,67.968,507,20242,0.04744,0.85,1,1481007,1480500,507
102878321,27.4368,57.5936,469,20347,0.081488,0.81,1,1481024,1480555,469
102881241,37.4874,23.5187,494,20451,0.104298,0.65,1,1481064,1480570,494
102884161,110.697,35.9037,584,20555,0.10886,0.37,1,1481193,1480609,584
102887081,112.539,122.381,553,20658,0.189772,0.19,1,1481306,1480753,553
102890001,68.1079,125.276,484,20761,0.253954,0.09,1,1481363,1480879,484
102892921,68.0216,73.0552,492,20863,0.298791,0.03,1,1481431,1480939,492
102895841,27.2043,69.011,441,20965,0.307758,0.09,1,1481448,1481007,441
102898761,7.04086,27.4022,426,21066,0.341552,0.11,1,1481450,1481024,426
102901681,32.6082,37.4804,425,21167,0.36431,0.11,1,1481489,1481064,425
102904601,111.322,110.696,427,21267,0.384862,0.21,1,1481620,1481193,427
102907521,116.664,112.539,432,21367,0.468972,0.27,1,1481738,1481306,432
102910441,71.3329,68.1078,435,21466,0.501794,0.31,1,1481798,1481363,435
102913361,71.0666,68.0216,438,21565,0.556359,0.31,1,1481869,1481431,438
102916281,27.0133,27.2043,437,21663,0.535272,0.35,1,1481885,1481448,437
102919201,7.00266,7.04086,437,21761,0.563054,0.37,1,1481887,1481450,437
102922121,33.4005,32.6082,438,21858,0.568611,0.39,1,1481927,1481489,438
102925041,113.88,111.322,441,21955,0.617722,0.49,1,1482061,1481620,441
102927961,119.576,116.664,444,22052,0.675544,0.51,1,1482182,1481738,444
102930881,74.3152,71.3329,447,22148,0.719109,0.57,1,1482245,1481798,447
102933801,72.463,71.0666,448,22244,0.711822,0.53,1,1482317,1481869,448
102936721,27.2926,27.0133,448,22339,0.742364,0.57,1,1482333,1481885,448
102939641,7.05852,7.00266,448,22434,0.716473,0.57,1,1482335,1481887,448
102942561,35.0117,33.4005,450,22529,0.711295,0.57,1,1482377,1481927,450
102945481,115.802,6.68011,586,22623,0.710259,0.63,1,1482513,1481927,586
102948401,122.36,108.536,576,22717,0.726052,0.69,1,1482637,1482061,576
102951321,76.4721,118.507,520,22810,0.72921,0.73,1,1482702,1482182,520
102954241,72.0944,74.1014,528,22903,0.729842,0.71,1,1482773,1482245,528
102957161,27.2189,72.4203,472,22996,0.729968,0.75,1,1482789,1482317,472
102960081,7.04378,27.2841,458,23088,0.729994,0.71,1,1482791,1482333,458
102963001,35.0088,7.05681,498,23180,0.761999,0.71,2,1482833,1482335,498
102965921,115.802,35.0114,592,23271,0.8644,0.71,2,1482969,1482377,592
103059361,38,132,511,26027,0.61,1,1,1484903,1484392,511
103062281,94.8,47.2,594,26108,0.45,1,1,1485012,1484418,594
103065201,45.36,96.64,518,26189,0.418,1,1,1485045,1484527,518
103068121,70.672,64.928,538,26270,0.2356,0.97,1,1485122,1484584,538
103071041,34.1344,60.1856,504,26351,0.26312,1,1,1485147,1484643,504
103073961,29.2269,42.4371,494,26431,0.252624,1,1,1485175,1484681,494
103076881,38.6454,28.4874,510,26511,0.138525,0.93,1,1485216,1484706,510
103079801,90.1291,36.0975,575,26591,0.163705,0.73,1,1485319,1484744,575
103082721,43.6258,104.019,486,26671,0.120741,0.61,1,1485351,1484865,486
103085641,88.7252,51.2039,548,26750,0.224148,0.41,1,1485451,1484903,548
103088561,44.145,97.4408,472,26829,0.22883,0.41,1,1485484,1485012,472
103091481,63.229,45.8882,507,26908,0.261766,0.19,1,1485552,1485045,507
103094401,14.2458,70.7776,432,26987,0.268353,0.27,1,1485554,1485122,432
103097321,20.4492,34.1555,429,27065,0.301671,0.25,1,1485576,1485147,429
103100241,27.2898,29.2311,430,27143,0.292334,0.11,1,1485605,1485175,430
103103161,35.058,38.6462,426,27221,0.274467,0.17,1,1485642,1485216,426
103106081,89.4116,90.1292,426,27299,0.382893,0.11,1,1485745,1485319,426
103109001,46.6823,43.6258,430,27377,0.404579,0.25,1,1485781,1485351,430
103111921,90.9365,88.7252,432,27454,0.456916,0.23,1,1485883,1485451,432
103114841,46.9873,44.145,435,27531,0.483383,0.27,1,1485919,1485484,435
103117761,63.7975,63.229,435,27608,0.536677,0.27,1,1485987,1485552,435
103120681,14.3595,14.2458,435,27685,0.547335,0.31,1,1485989,1485554,435
103123601,20.4719,20.4492,435,27761,0.533467,0.29,1,1486011,1485576,435
103126521,26.4944,27.2898,434,27837,0.530693,0.27,1,1486039,1485605,434
103129441,37.2989,35.058,437,27913,0.530139,0.41,1,1486079,1485642,437
103132361,92.2598,89.4116,440,27989,0.578028,0.41,1,1486185,1485745,440
103135281,48.852,46.6823,442,28065,0.619606,0.47,1,1486223,1485781,442
103138201,93.7704,90.9365,445,28140,0.579921,0.49,1,1486328,1485883,445
103141121,48.3541,46.9873,446,28215,0.571984,0.55,1,1486365,1485919,446
103144041,64.8708,63.7975,447,28290,0.602397,0.55,1,1486434,1485987,447
103146961,14.5742,14.3595,447,28365,0.640479,0.55,1,1486436,1485989,447
103149881,20.5148,2.8719,469,28440,0.632096,0.53,1,1486458,1485989,469
103152801,26.503,18.1744,475,28514,0.630419,0.53,1,1486486,1486011,475
103155721,37.3006,26.0349,487,28588,0.630084,0.53,1,1486526,1486039,487
103158641,94.6601,37.207,556,28662,0.678017,0.59,1,1486635,1486079,556
103161561,50.932,92.2414,490,28736,0.671603,0.63,1,1486675,1486185,490
103164481,91.7864,48.8483,554,28810,0.718321,0.57,1,1486777,1486223,554
103167401,47.9573,93.7697,486,28883,0.727664,0.57,1,1486814,1486328,486
103170321,67.1915,48.3539,521,28956,0.713533,0.61,1,1486886,1486365,521
103173241,15.0383,64.8708,454,29029,0.710707,0.65,1,1486888,1486434,454
103176161,20.6077,14.5742,474,29102,0.758141,0.63,2,1486910,1486436,474
103179081,26.5215,20.5148,480,29175,0.767628,0.63,2,1486938,1486458,480
103182001,37.3043,26.503,492,29248,0.785526,0.63,2,1486978,1486486,492
103184921,97.0609,37.3006,564,29320,0.805105,0.69,2,1487090,1486526,564
103187841,50.6122,94.6601,494,29392,0.793021,0.67,2,1487129,1486635,494
103190761,94.9224,50.932,560,29464,0.902604,0.73,2,1487235,1486675,560
103304641,49,84,521,32145,0.93,1,2,1489024,1488503,521
103307561,109,52.8,600,32211,0.85,0.97,2,1489148,1488548,600
103310481,39.4,107.36,501,32277,0.866,1,2,1489170,1488669,501
103418521,29,35,511,34618,0.77,1,2,1490780,1490269,511
103421441,33.8,29.4,518,34679,0.754,1,2,1490815,1490297,518
103424361,28.36,29.08,516,34740,0.7668,1,2,1490842,1490326,516
103427281,44.072,32.216,531,34801,0.56136,1,1,1490890,1490359,531
103430201,34.4144,45.6432,514,34862,0.472272,1,1,1490922,1490408,514
103433121,34.8829,33.1286,519,34923,0.406454,1,1,1490957,1490438,519
103436041,62.1766,44.2257,541,34984,0.153291,1,1,1491026,1490485,541
103438961,57.2353,69.6451,521,35044,0.0706582,1,1,1491082,1490561,521
103441881,61.0471,48.329,540,35104,0.0381316,1,1,1491144,1490604,540
103444801,36.2094,66.4658,499,35164,0.0476263,0.93,1,1491174,1490675,499
103447721,36.8419,38.8932,504,35224,0.0495253,0.81,1,1491211,1490707,504
103450641,29.7684,42.9786,488,35284,0.065905,0.77,1,1491239,1490751,488
103453561,33.1537,31.7957,493,35344,0.117181,0.75,1,1491273,1490780,493
103456481,23.4307,34.3591,479,35404,0.0954362,0.77,1,1491294,1490815,479
103459401,38.2861,28.4718,494,35464,0.139087,0.51,1,1491336,1490842,494
103462321,30.0572,44.0944,474,35524,0.147817,0.45,1,1491364,1490890,474
103465241,29.2114,34.4189,471,35584,0.133563,0.39,1,1491393,1490922,471
103468161,53.0423,34.8838,495,35643,0.210713,0.09,1,1491452,1490957,495
103471081,12.2085,62.1768,428,35702,0.226143,0.05,1,1491454,1491026,428
103474001,42.4417,57.2353,422,35761,0.197229,0.03,1,1491504,1491082,422
103476921,58.0883,61.0471,422,35820,0.175446,0.05,1,1491566,1491144,422
103479841,38.8177,36.2094,426,35879,0.139089,0.05,1,1491600,1491174,426
103482761,34.9635,36.8419,423,35938,0.131818,0.07,1,1491634,1491211,423
103485681,33.3927,29.7684,428,35997,0.130364,0.13,1,1491667,1491239,428
103488601,34.6785,33.1537,429,36056,0.178073,0.09,1,1491702,1491273,429
103491521,22.9357,23.4307,428,36115,0.219615,0.15,1,1491722,1491294,428
103494441,38.9871,38.2861,429,36174,0.243923,0.15,1,1491765,1491336,429
103497361,30.1974,30.0572,429,36232,0.248785,0.13,1,1491793,1491364,429
103500281,30.8395,29.2114,431,36290,0.201757,0.23,1,1491824,1491393,431
103503201,53.3679,53.0423,431,36348,0.224351,0.23,1,1491883,1491452,431
103506121,12.2736,12.2085,431,36406,0.26087,0.19,1,1491885,1491454,431
103509041,41.6547,42.4417,430,36464,0.252174,0.17,1,1491934,1491504,430
103511961,54.7309,58.0883,426,36522,0.314435,0.13,1,1491992,1491566,426
103514881,38.1462,38.8177,426,36580,0.342887,0.13,1,1492026,1491600,426
103517801,37.2292,34.9635,429,36638,0.332577,0.13,1,1492063,1491634,429
103520721,33.8458,33.3927,429,36696,0.314515,0.19,1,1492096,1491667,429
103523641,37.1692,34.6785,432,36754,0.310903,0.23,1,1492134,1491702,432
103526561,24.2338,22.9357,433,36811,0.294181,0.25,1,1492155,1491722,433
103529481,38.4468,38.9871,432,36868,0.306836,0.25,1,1492197,1491765,432
103532401,30.0894,30.1974,432,36925,0.341367,0.19,1,1492225,1491793,432
103535321,30.0179,30.8395,431,36982,0.364273,0.23,1,1492255,1491824,431
103538241,54.8036,53.3679,433,37039,0.336855,0.27,1,1492316,1491883,433
103541161,12.5607,12.2736,433,37096,0.331371,0.25,1,1492318,1491885,433
103544081,42.5121,41.6547,434,37153,0.330274,0.25,1,1492368,1491934,434
103547001,55.7024,8.33094,493,37210,0.362055,0.33,1,1492427,1491934,493
103549921,39.1405,48.0662,470,37267,0.416411,0.35,1,1492462,1491992,470
103552841,36.6281,36.8132,472,37324,0.443282,0.33,1,1492498,1492026,472
103555761,34.5256,36.9626,469,37381,0.464656,0.31,1,1492532,1492063,469
103558681,35.7051,33.7925,472,37438,0.468931,0.31,1,1492568,1492096,472
103561601,23.941,37.1585,455,37494,0.517786,0.29,1,1492589,1492134,455
103564521,39.9882,24.2317,478,37550,0.527557,0.31,1,1492633,1492155,478
103567441,30.3976,38.4463,464,37606,0.545511,0.35,1,1492661,1492197,464
103570361,30.8795,30.0893,467,37662,0.581102,0.37,1,1492692,1492225,467
103573281,54.9759,30.0179,498,37718,0.57222,0.33,1,1492753,1492255,498
103576201,12.5952,54.8036,439,37774,0.570444,0.33,1,1492755,1492316,439
103579121,42.519,12.5607,487,37830,0.570089,0.33,1,1492805,1492318,487
103582041,58.1038,42.5121,499,37886,0.586018,0.37,1,1492867,1492368,499
103584961,41.2208,55.7024,477,37942,0.573204,0.43,1,1492904,1492427,477
103587881,38.6442,39.1405,480,37998,0.602641,0.45,1,1492942,1492462,480
103590801,34.9288,36.6281,478,38054,0.608528,0.47,1,1492976,1492498,478
103593721,36.5858,34.5256,481,38110,0.641706,0.47,1,1493013,1492532,481
103596641,25.7172,35.7051,468,38165,0.664341,0.53,1,1493036,1492568,468
103599561,40.3434,23.941,491,38220,0.716868,0.53,1,1493080,1492589,491
103602481,32.0687,39.9882,477,38275,0.743374,0.55,1,1493110,1492633,477
103605401,32.0137,30.3976,481,38330,0.748675,0.59,1,1493142,1492661,481
103608321,54.4027,30.8795,510,38385,0.781735,0.57,2,1493202,1492692,510
103611241,12.4805,54.9759,451,38440,0.788347,0.57,2,1493204,1492753,451
103614161,42.4961,12.5952,499,38495,0.805669,0.57,2,1493254,1492755,499
103617081,58.8992,42.519,512,38550,0.825134,0.59,2,1493317,1492805,512
103620001,41.3798,58.1038,487,38605,0.829027,0.57,2,1493354,1492867,487
103622921,9.87597,41.2208,452,38660,0.829805,0.61,2,1493356,1492904,452
103625841,32.3752,38.6442,452,38715,0.829961,0.61,2,1493394,1492942,452
103628761,33.675,34.9288,452,38770,0.877992,0.65,2,1493428,1492976,452
103631681,37.935,36.5858,454,38824,0.839598,0.67,2,1493467,1493013,454
103634601,26.787,25.7172,455,38878,0.83192,0.73,2,1493491,1493036,455
103637521,42.9574,40.3434,458,38932,0.910384,0.75,2,1493538,1493080,458
103803961,48,34,489,41912,0.73,1,1,1495610,1495121,489
103806881,39.2,28.4,499,41962,0.746,1,1,1495647,1495148,499
103809801,35.84,43.28,487,42012,0.7012,1,1,1495682,1495195,487
103812721,30.368,33.456,485,42062,0.61224,1,1,1495711,1495226,485
103815641,37.2736,30.6912,494,42112,0.626448,1,1,1495750,1495256,494
103818561,31.4547,32.5382,491,42162,0.56529,1,1,1495780,1495289,491
103821481,29.4909,36.9076,482,42212,0.569058,1,1,1495809,1495327,482
103824401,29.0982,33.7815,478,42262,0.569812,1,1,1495838,1495360,478
103827321,25.0196,25.9563,478,42312,0.537962,1,1,1495862,1495384,478
103830241,16.2039,9.99126,486,42362,0.563592,0.99,1,1495876,1495390,486
103833161,30.4408,39.5983,473,42412,0.552719,0.96,1,1495910,1495437,473
103836081,30.8882,35.1197,470,42462,0.518544,0.87,1,1495941,1495471,470
103839001,31.7776,35.8239,466,42512,0.495709,0.81,1,1495973,1495507,466
103841921,47.1555,51.1648,462,42562,0.491142,0.73,1,1496024,1495562,462
103844841,42.2311,48.633,455,42612,0.426228,0.75,1,1496065,1495610,455
103847761,38.8462,39.3266,456,42662,0.365246,0.69,1,1496103,1495647,456
103850681,32.5692,35.8653,452,42711,0.385049,0.59,1,1496134,1495682,452
103853601,28.9138,30.3731,451,42760,0.40501,0.63,1,1496162,1495711,451
103856521,35.3828,37.2746,449,42809,0.425002,0.55,1,1496199,1495750,449
103859441,32.6766,31.4549,451,42858,0.477,0.57,1,1496231,1495780,451
103862361,27.3353,29.491,448,42907,0.5034,0.57,1,1496257,1495809,448
103865281,27.8671,29.0982,447,42956,0.47668,0.53,1,1496285,1495838,447
103868201,25.5734,25.0196,448,43005,0.487336,0.53,1,1496310,1495862,448
103871121,13.9147,5.00393,459,43054,0.473467,0.57,1,1496321,1495862,459
103874041,30.7829,12.2008,480,43103,0.470693,0.55,1,1496356,1495876,480
103876961,29.3566,29.6402,475,43152,0.486139,0.51,1,1496385,1495910,475
103879881,30.6713,30.728,475,43201,0.473228,0.49,1,1496416,1495941,475
103882801,46.9343,31.7456,494,43250,0.518646,0.49,1,1496467,1495973,494
103885721,40.5869,47.1491,482,43299,0.543729,0.41,1,1496506,1496024,482
103888641,35.3174,42.2298,475,43348,0.548746,0.35,1,1496540,1496065,475
103891561,33.4635,38.846,470,43397,0.597749,0.39,1,1496573,1496103,470
103894481,29.0927,32.5692,467,43446,0.62355,0.41,1,1496601,1496134,467
103897401,37.0185,28.9138,478,43495,0.64471,0.43,1,1496640,1496162,478
103900321,34.6037,35.3828,475,43544,0.632942,0.49,1,1496674,1496199,475
103903241,28.5207,32.6766,470,43592,0.614588,0.51,1,1496701,1496231,470
103906161,26.5041,27.3353,470,43640,0.610918,0.47,1,1496727,1496257,470
103909081,26.1008,27.8671,468,43688,0.610184,0.49,1,1496753,1496285,468
103912001,14.0202,25.5734,454,43736,0.626037,0.47,1,1496764,1496310,454
103914921,31.604,13.9147,479,43784,0.645207,0.47,1,1496800,1496321,479
103917841,30.3208,30.7829,474,43832,0.665042,0.49,1,1496830,1496356,474
103920761,30.0642,29.3566,475,43880,0.685008,0.47,1,1496860,1496385,475
103923681,49.2128,30.6713,498,43928,0.689002,0.53,1,1496914,1496416,498
103926601,41.8426,46.9343,487,43976,0.6898,0.55,1,1496954,1496467,487
103929521,37.1685,40.5869,484,44024,0.68996,0.55,1,1496990,1496506,484
103932441,34.6337,35.3174,484,44072,0.753992,0.61,2,1497024,1496540,484
103935361,30.1267,33.4635,480,44120,0.814798,0.63,2,1497053,1496573,480
103938281,36.4253,29.0927,490,44168,0.84296,0.65,2,1497091,1496601,490
103941201,35.2851,37.0185,486,44216,0.832592,0.63,2,1497126,1496640,486
103944121,27.857,34.6037,478,44264,0.846518,0.61,2,1497152,1496674,478
103947041,26.3714,28.5207,477,44312,0.865304,0.61,2,1497178,1496701,477
103949961,26.0743,26.5041,477,44360,0.869061,0.61,2,1497204,1496727,477
103952881,15.6149,26.1008,464,44408,0.885812,0.63,2,1497217,1496753,464
103955801,31.923,14.0202,489,44456,0.921162,0.65,2,1497253,1496764,489
103958721,7.98459,31.604,455,44503,0.928232,0.67,2,1497255,1496800,455
103961641,26.3969,30.3208,456,44550,0.945647,0.69,2,1497286,1496830,456
104160201,38,28,504,47661,0.71,1,1,1499480,1498976,504
104163121,30.8,28.8,504,47705,0.646,1,1,1499509,1499005,504
104166041,30.96,32.16,502,47749,0.5372,1,1,1499540,1499038,502
104168961,36.592,38.432,500,47793,0.46744,1,1,1499578,1499078,500
104171881,30.5184,30.8864,500,47837,0.437488,1,1,1499607,1499107,500
104174801,26.1037,31.7773,493,47881,0.399498,1,1,1499632,1499139,493
104177721,18.0207,23.9555,487,47925,0.4719,0.99,1,1499648,1499161,487
104180641,27.6041,19.9911,498,47969,0.45438,1,1,1499678,1499180,498
104183561,33.5208,25.5982,506,48013,0.370876,1,1,1499713,1499207,506
104186481,19.5042,36.3196,483,48057,0.434175,0.95,1,1499729,1499246,483
104189401,27.1008,32.0639,481,48101,0.414835,0.9,1,1499758,1499277,481
104192321,19.0202,24.8128,475,48145,0.362967,1,1,1499775,1499300,475
104195241,32.604,28.9626,481,48189,0.400593,0.95,1,1499811,1499330,481
104198161,26.5208,33.7925,471,48233,0.312119,0.9,1,1499836,1499365,471
104201081,30.1042,33.1585,469,48277,0.326424,0.83,1,1499867,1499398,469
104204001,37.2208,41.8317,464,48321,0.265285,0.71,1,1499906,1499442,464
104206921,35.4442,38.7663,461,48365,0.285057,0.63,1,1499941,1499480,461
104209841,23.0888,30.9533,452,48409,0.305011,0.51,1,1499961,1499509,452
104212761,30.2178,30.9907,453,48453,0.325002,0.45,1,1499993,1499540,453
104215681,33.2436,36.5981,449,48496,0.313,0.43,1,1500027,1499578,449
104218601,27.4487,30.5196,446,48539,0.2946,0.39,1,1500053,1499607,446
104221521,25.4897,26.1039,446,48582,0.25892,0.49,1,1500078,1499632,446
104224441,17.8979,18.0208,446,48625,0.251784,0.45,1,1500094,1499648,446
104227361,25.9796,27.6042,444,48668,0.282357,0.35,1,1500122,1499678,444
104230281,32.3959,33.5208,443,48711,0.320471,0.45,1,1500156,1499713,443
104233201,16.0792,19.5042,439,48754,0.296094,0.41,1,1500168,1499729,439
104236121,26.4158,27.1008,439,48797,0.307219,0.35,1,1500197,1499758,439
104239041,18.8832,19.0202,439,48840,0.309444,0.35,1,1500214,1499775,439
104241961,27.7766,3.80403,469,48883,0.325889,0.41,1,1500244,1499775,469
104244881,27.1553,29.5608,460,48926,0.313178,0.29,1,1500271,1499811,460
104247801,31.0311,25.9122,467,48969,0.342636,0.33,1,1500303,1499836,467
104250721,35.0062,29.9824,472,49012,0.332527,0.25,1,1500339,1499867,472
104253641,38.2012,37.1965,472,49055,0.378505,0.29,1,1500378,1499906,472
104256561,22.8402,35.4393,456,49098,0.403701,0.31,1,1500397,1499941,456
104259481,29.3681,23.0879,467,49141,0.39274,0.33,1,1500428,1499961,467
104262401,32.2736,30.2176,468,49184,0.406548,0.31,1,1500461,1499993,468
104265321,27.2547,33.2435,460,49227,0.39331,0.29,1,1500487,1500027,460
104268241,24.6509,27.4487,458,49270,0.390662,0.25,1,1500511,1500053,458
104271161,19.3302,25.4897,451,49313,0.422132,0.25,1,1500529,1500078,451
104274081,24.666,17.8979,461,49356,0.428426,0.29,1,1500555,1500094,461
104277001,33.7332,25.9796,469,49399,0.429685,0.33,1,1500591,1500122,469
104279921,14.7466,32.3959,445,49442,0.429937,0.29,1,1500601,1500156,445
104282841,29.3493,16.0792,466,49485,0.445987,0.31,1,1500634,1500168,466
104285761,17.0699,26.4158,451,49528,0.433197,0.31,1,1500648,1500197,451
104288681,28.214,18.8832,465,49571,0.43064,0.33,1,1500679,1500214,465
104291601,28.0428,27.7766,463,49614,0.446128,0.31,1,1500707,1500244,463
104294521,31.2086,27.1553,468,49656,0.481226,0.35,1,1500739,1500271,468
104297441,35.8417,31.0311,473,49698,0.472245,0.33,1,1500776,1500303,473
104300361,40.7683,35.0062,479,49740,0.518449,0.39,1,1500818,1500339,479
104303281,24.1537,38.2012,460,49782,0.54369,0.41,1,1500838,1500378,460
104306201,28.8307,22.8402,471,49824,0.548738,0.39,1,1500868,1500397,471
104309121,32.9661,29.3681,474,49866,0.565748,0.41,1,1500902,1500428,474
104312041,26.5932,32.2736,466,49908,0.58515,0.39,1,1500927,1500461,466
104314961,26.1186,27.2547,466,49950,0.62103,0.39,1,1500953,1500487,466
104317881,19.6237,24.6509,460,49992,0.660206,0.43,1,1500971,1500511,460
104320801,24.7247,19.3302,468,50034,0.668041,0.43,1,1500997,1500529,468
104323721,33.745,24.666,478,50076,0.701608,0.43,1,1501033,1500555,478
104326641,14.749,33.7332,452,50118,0.708322,0.43,1,1501043,1500591,452
104329561,28.5498,14.7466,474,50160,0.709664,0.45,1,1501075,1500601,474
104332481,17.71,29.3493,456,50202,0.725933,0.43,1,1501090,1500634,456
104335401,29.142,17.0699,474,50244,0.713187,0.43,1,1501122,1500648,474
104338321,29.0284,28.214,472,50286,0.694637,0.45,1,1501151,1500679,472
104341241,7.40568,28.0428,446,50328,0.722927,0.49,1,1501153,1500707,446
104344161,27.0811,31.2086,446,50370,0.728585,0.47,1,1501185,1500739,446
104347081,34.2162,35.8417,445,50412,0.729717,0.53,1,1501221,1500776,445
104350001,43.6432,40.7683,449,50454,0.809943,0.55,2,1501267,1500818,449
104352921,24.7286,24.1537,449,50496,0.825989,0.55,2,1501287,1500838,449
104355841,29.7457,28.8307,450,50538,0.813198,0.57,2,1501318,1500868,450
104358761,33.1491,32.9661,450,50580,0.81064,0.59,2,1501352,1500902,450
104361681,27.4298,26.5932,451,50622,0.810128,0.63,2,1501378,1500927,451
104364601,29.486,26.1186,455,50664,0.810026,0.67,2,1501408,1500953,455
104367521,20.2972,19.6237,455,50706,0.826005,0.67,2,1501426,1500971,455
104370441,25.6594,24.7247,456,50748,0.861201,0.71,2,1501453,1500997,456
104373361,34.7319,33.745,457,50790,0.88424,0.71,2,1501490,1501033,457
104376281,14.9464,14.749,457,50831,0.888848,0.71,2,1501500,1501043,457
104379201,28.5893,28.5498,457,50872,0.88977,0.73,2,1501532,1501075,457
104382121,19.3179,17.71,459,50913,0.921954,0.71,2,1501549,1501090,459
104649301,43,49,438,25550,0.09,0.03,1,1504437,1503999,438
104679961,123.8,138.6,421,24820,0.026,0.03,1,1504581,1504160,421
104682881,79.16,53.32,457,25633,0.0292,0,1,1504649,1504192,457
104685801,31.832,51.464,426,25716,0.00584,0.07,1,1504669,1504243,426
104688721,31.9664,30.2928,433,25798,0.057168,0.03,1,1504701,1504268,433
104691641,21.5933,21.2586,433,25880,0.0674336,0.01,1,1504720,1504287,433
104694561,59.5187,52.2517,442,25962,0.0134867,0.03,1,1504789,1504347,442
104697481,69.5037,48.0503,467,26044,0.0106973,0.05,1,1504861,1504394,467
104700401,41.9007,63.2101,435,26125,0.106139,0.01,1,1504896,1504461,435
104703321,75.5802,47.042,476,26206,0.0452279,0.01,1,1504980,1504504,476
104706241,87.116,71.0084,489,26287,0.00904558,0.03,1,1505070,1504581,489
104709161,34.2232,68.6017,442,26368,0.00180912,0,1,1505091,1504649,442
104712081,34.8446,29.7203,457,26448,0.0403618,0.07,1,1505126,1504669,457
104715001,18.9689,31.5441,440,26528,0.0800724,0.07,1,1505141,1504701,440
104717921,60.5938,21.5088,492,26608,0.0160145,0,1,1505212,1504720,492
104720841,69.7188,59.5018,495,26688,0.0272029,0.01,1,1505284,1504789,495
104723761,43.5438,69.5004,460,26767,0.0454406,0.13,1,1505321,1504861,460
104726681,73.5088,41.9001,506,26846,0.113088,0.03,1,1505402,1504896,506
104729601,16.3017,75.58,424,26925,0.126618,0,1,1505404,1504980,424
104732521,74.4604,87.116,423,27004,0.0493235,0,1,1505493,1505070,423
104735441,31.6921,34.2232,423,27082,0.0178647,0.05,1,1505514,1505091,423
104738361,35.9384,34.8446,425,27160,0.0595729,0.09,1,1505551,1505126,425
104741281,19.1877,18.9689,425,27238,0.0519146,0,1,1505566,1505141,425
104744201,59.0375,60.5938,423,27316,0.0103829,0.03,1,1505635,1505212,423
104747121,69.4075,69.7188,423,27394,0.0100766,0.05,1,1505707,1505284,423
104750041,44.2815,43.5438,424,27471,0.0100153,0.13,1,1505745,1505321,424
104752961,76.8563,73.5088,428,27548,0.0580031,0.13,1,1505830,1505402,428
104755881,16.9713,16.3017,428,27625,0.0676006,0.03,1,1505832,1505404,428
104758801,69.7943,74.4604,422,27702,0.0375201,0.01,1,1505915,1505493,422
104761721,30.7589,31.6921,422,27778,0.015504,0.07,1,1505936,1505514,422
104764641,36.5518,35.9384,423,27854,0.0431008,0.05,1,1505974,1505551,423
104767561,20.1104,19.1877,424,27930,0.0486202,0,1,1505990,1505566,424
104770481,57.6221,59.0375,422,28006,0.033724,0.01,1,1506057,1505635,422
104773401,69.9244,69.4075,423,28082,0.0307448,0.01,1,1506130,1505707,423
104776321,43.5849,44.2815,422,28157,0.046149,0.07,1,1506167,1505745,422
104779241,77.517,76.8563,423,28232,0.0172298,0.07,1,1506253,1505830,423
104782161,17.1034,16.9713,423,28307,0.011446,0.03,1,1506255,1505832,423
104785081,69.0207,69.7943,422,28382,0.0422892,0.03,1,1506337,1505915,422
104788001,29.8041,13.9588,442,28457,0.0324578,0.01,1,1506357,1505915,442
104790921,37.9608,19.5918,461,28531,0.0624916,0.05,1,1506397,1505936,461
104793841,20.3922,34.3184,439,28605,0.0844983,0.05,1,1506413,1505974,439
104796761,56.0784,19.6637,488,28679,0.1049,0.03,1,1506478,1505990,488
104799681,69.6157,57.5327,494,28753,0.0769799,0.03,1,1506551,1506057,494
104802601,43.5231,69.9065,458,28827,0.055396,0.05,1,1506588,1506130,458
104805521,78.3046,43.5813,508,28900,0.0110792,0.01,1,1506675,1506167,508
104808441,17.2609,77.5163,424,28973,0.0102158,0.01,1,1506677,1506253,424
104811361,68.2522,17.1033,503,29046,0.0580432,0.05,1,1506758,1506255,503
104814281,29.6504,69.0206,441,29119,0.0516086,0.03,1,1506778,1506337,441
104817201,41.1301,29.8041,465,29192,0.0343217,0.07,1,1506822,1506357,465
104820121,21.826,37.9608,442,29265,0.0948643,0.09,1,1506839,1506397,442
104823041,53.9652,20.3922,488,29337,0.0429729,0.11,1,1506901,1506413,488
104825961,68.393,56.0784,495,29409,0.0965946,0.07,1,1506973,1506478,495
104828881,44.0786,69.6157,460,29481,0.107319,0.05,1,1507011,1506551,460
104831801,78.4157,43.5231,510,29553,0.0934638,0,1,1507098,1506588,510
104834721,17.2831,78.3046,425,29625,0.0906928,0.01,1,1507100,1506675,425
104837641,69.8566,17.2609,506,29696,0.122139,0.07,1,1507183,1506677,506
104840561,26.7713,68.2522,441,29767,0.176428,0.05,1,1507199,1506758,441
104843481,42.9543,29.6504,468,29838,0.155286,0.03,1,1507246,1506778,468
104846401,10.1909,41.1301,426,29909,0.151057,0.11,1,1507248,1506822,426
104849321,14.8382,21.826,425,29980,0.166211,0.03,1,1507264,1506839,425
104852241,52.5676,53.9652,425,30051,0.185242,0.11,1,1507326,1506901,425
104855161,69.7135,68.393,427,30121,0.237048,0.11,1,1507400,1506973,427
104858081,44.3427,44.0786,427,30191,0.24741,0.09,1,1507438,1507011,427
104861001,79.2685,78.4157,428,30261,0.281482,0.09,1,1507526,1507098,428
104863921,17.4537,17.2831,428,30331,0.288296,0.13,1,1507528,1507100,428
104866841,72.2907,69.8566,431,30401,0.225659,0.19,1,1507614,1507183,431
104869761,27.2581,26.7713,431,30471,0.213132,0.15,1,1507630,1507199,431
104872681,42.2516,42.9543,430,30540,0.210626,0.15,1,1507676,1507246,430
104875601,10.0503,10.1909,430,30609,0.210125,0.17,1,1507678,1507248,430
104878521,14.8101,14.8382,430,30678,0.194025,0.19,1,1507694,1507264,430
104881441,53.362,52.5676,431,30747,0.254805,0.25,1,1507757,1507326,431
104884361,72.2724,69.7135,434,30816,0.298961,0.25,1,1507834,1507400,434
104887281,44.8545,44.3427,434,30885,0.307792,0.29,1,1507872,1507438,434
104890201,79.3709,79.2685,434,30954,0.245558,0.29,1,1507960,1507526,434
104893121,17.4742,17.4537,434,31022,0.265112,0.21,1,1507962,1507528,434
104896041,69.0948,72.2907,430,31090,0.301022,0.21,1,1508044,1507614,430
104898961,27.419,27.2581,431,31158,0.308204,0.21,1,1508061,1507630,431
104901881,41.4838,42.2516,430,31226,0.341641,0.21,1,1508106,1507676,430
104904801,9.89676,10.0503,430,31294,0.348328,0.21,1,1508108,1507678,430
104907721,14.7794,2.01006,446,31362,0.317666,0.19,1,1508124,1507678,446
104910641,54.9559,13.202,495,31429,0.343533,0.27,1,1508189,1507694,495
104913561,74.1912,53.0404,511,31496,0.380707,0.31,1,1508268,1507757,511
104916481,45.2382,72.2081,472,31563,0.436141,0.31,1,1508306,1507834,472
104919401,78.6476,44.8416,521,31630,0.431228,0.23,1,1508393,1507872,521
104922321,17.3295,79.3683,435,31697,0.462246,0.27,1,1508395,1507960,435
104925241,70.6659,17.4737,517,31764,0.500449,0.31,1,1508479,1507962,517
104928161,27.7332,69.0947,452,31831,0.49209,0.31,1,1508496,1508044,452
104931081,42.3466,27.4189,481,31897,0.570418,0.35,1,1508542,1508061,481
104934001,10.0693,41.4838,438,31963,0.586084,0.35,1,1508544,1508106,438
104936921,14.8139,9.89676,452,32029,0.589217,0.31,1,1508560,1508108,452
104939841,57.3628,14.7794,504,32095,0.653843,0.35,1,1508628,1508124,504
104942761,75.4726,54.9559,519,32161,0.714769,0.39,1,1508708,1508189,519
104945681,47.8945,74.1912,481,32227,0.710954,0.45,1,1508749,1508268,481
104948601,79.9789,45.2382,531,32293,0.726191,0.43,1,1508837,1508306,531
104951521,17.5958,78.6476,446,32359,0.729238,0.47,1,1508839,1508393,446
104954441,72.3192,17.3295,530,32424,0.745848,0.51,1,1508925,1508395,530
104957361,28.8638,70.6659,464,32489,0.74917,0.49,1,1508943,1508479,464
104960281,44.9728,27.7332,496,32554,0.829834,0.59,2,1508992,1508496,496
104963201,10.5946,42.3466,452,32619,0.845967,0.59,2,1508994,1508542,452
104966121,14.9189,10.0693,466,32684,0.849193,0.59,2,1509010,1508544,466
104969041,60.5838,14.8139,522,32749,0.897839,0.67,2,1509082,1508560,522
104971961,13.7168,57.3628,456,32814,0.907568,0.73,2,1509084,1508628,456
105135481,39,26,503,36245,0.59,1,1,1511493,1510990,503
105138401,43.8,53.2,488,36303,0.574,1,1,1511538,1511050,488
105141321,51.16,44.24,499,36361,0.4748,1,1,1511591,1511092,499
105144241,37.432,33.648,502,36419,0.43896,1,1,1511625,1511123,502
105147161,45.8864,60.3296,483,36477,0.399792,1,1,1511673,1511190,483
105150081,28.3773,34.4659,479,36535,0.343958,1,1,1511697,1511218,479
105153001,50.4755,52.4932,478,36593,0.236792,0.91,1,1511753,1511275,478
105155921,34.0951,38.4986,473,36651,0.199358,1,1,1511783,1511310,473
105158841,40.419,46.8997,466,36709,0.127872,0.91,1,1511825,1511359,466
105161761,32.8838,36.5799,463,36767,0.161574,0.89,1,1511856,1511393,463
105164681,25.7768,27.316,462,36824,0.136315,0.75,1,1511880,1511418,462
105167601,29.9554,34.2632,457,36881,0.131263,0.59,1,1511911,1511454,457
105170521,33.1911,38.0526,452,36938,0.130253,0.57,1,1511945,1511493,452
105173441,37.8382,43.6105,446,36995,0.0980505,0.45,1,1511984,1511538,446
105176361,44.3676,51.1221,439,37052,0.15561,0.43,1,1512030,1511591,439
105179281,34.4735,37.4244,437,37109,0.151122,0.39,1,1512062,1511625,437
105182201,43.6947,45.8849,435,37166,0.166224,0.39,1,1512108,1511673,435
105185121,27.1389,9.17698,458,37223,0.0892449,0.33,1,1512131,1511673,458
105188041,46.2278,21.0354,485,37280,0.105849,0.21,1,1512182,1511697,485
105190961,30.8456,49.0071,456,37337,0.22117,0.19,1,1512209,1511753,456
105193881,40.5691,33.8014,469,37394,0.244234,0.11,1,1512252,1511783,469
105196801,32.1138,40.3603,457,37451,0.216847,0.17,1,1512282,1511825,457
105199721,24.8228,32.8721,449,37507,0.227369,0.13,1,1512305,1511856,449
105202641,29.7646,25.7744,456,37563,0.245474,0.13,1,1512336,1511880,456
105205561,34.7529,29.9549,461,37619,0.249095,0.13,1,1512372,1511911,461
105208481,36.5506,33.191,464,37675,0.281819,0.09,1,1512409,1511945,464
105211401,44.1101,37.8382,471,37731,0.336364,0.17,1,1512455,1511984,471
105214321,35.222,44.3676,458,37787,0.379273,0.15,1,1512488,1512030,458
105217241,43.0444,34.4735,471,37843,0.403855,0.17,1,1512533,1512062,471
105220161,29.4089,43.6947,451,37899,0.424771,0.07,1,1512559,1512108,451
105223081,49.0818,27.1389,482,37955,0.460954,0.11,1,1512613,1512131,482
105226001,31.4164,46.2278,458,38011,0.500191,0.25,1,1512640,1512182,458
105228921,42.2833,30.8456,476,38067,0.508038,0.25,1,1512685,1512209,476
105231841,30.8567,40.5691,461,38122,0.509608,0.21,1,1512713,1512252,461
105234761,25.3713,32.1138,455,38177,0.525922,0.23,1,1512737,1512282,455
105237681,30.6743,24.8228,464,38232,0.529184,0.25,1,1512769,1512305,464
105240601,34.9349,29.7646,469,38287,0.529837,0.25,1,1512805,1512336,469
105243521,38.187,34.7529,472,38342,0.529967,0.29,1,1512844,1512372,472
105246441,46.8374,36.5506,484,38397,0.545993,0.35,1,1512893,1512409,484
105249361,37.3675,44.1101,473,38452,0.597199,0.39,1,1512928,1512455,473
105252281,44.2735,35.222,486,38507,0.60744,0.41,1,1512974,1512488,486
105255201,30.4547,43.0444,468,38562,0.657488,0.43,1,1513001,1512533,468
105258121,51.6909,29.4089,499,38617,0.619498,0.47,1,1513058,1512559,499
105261041,11.9382,49.0818,447,38672,0.6439,0.51,1,1513060,1512613,447
105263961,23.9876,31.4164,447,38727,0.63278,0.51,1,1513087,1512640,447
105266881,40.7975,42.2833,447,38782,0.710556,0.51,1,1513132,1512685,447
105269801,30.5595,30.8567,447,38836,0.742111,0.53,1,1513160,1512713,447
105272721,26.1119,25.3713,448,38890,0.748422,0.53,1,1513185,1512737,448
105275641,30.8224,30.6743,448,38944,0.717684,0.53,1,1513217,1512769,448
105278561,34.9645,34.9349,448,38998,0.711537,0.53,1,1513253,1512805,448
105281481,38.1929,38.187,448,39052,0.726307,0.55,1,1513292,1512844,448
105284401,48.4386,46.8374,450,39106,0.713261,0.61,1,1513343,1512893,450
105287321,39.2877,37.3675,452,39160,0.726652,0.61,1,1513380,1512928,452
105290241,44.6575,44.2735,452,39214,0.71333,0.67,1,1513426,1512974,452
105293161,32.9315,30.4547,455,39268,0.710666,0.61,1,1513456,1513001,455
105296081,51.3863,51.6909,454,39322,0.694133,0.65,1,1513512,1513058,454
105299001,11.8773,11.9382,454,39376,0.690827,0.63,1,1513514,1513060,454
105301921,23.1755,23.9876,453,39430,0.738165,0.73,1,1513540,1513087,453
105304841,43.8351,40.7975,457,39484,0.763633,0.75,2,1513589,1513132,457
105307761,31.967,30.5595,458,39537,0.800727,0.75,2,1513618,1513160,458
105310681,25.5934,26.1119,457,39590,0.808145,0.71,2,1513642,1513185,457
105313601,30.7187,30.8224,457,39643,0.841629,0.71,2,1513674,1513217,457
105316521,34.9437,34.9645,457,39696,0.848326,0.73,2,1513710,1513253,457
105319441,37.3887,38.1929,456,39749,0.881665,0.71,2,1513748,1513292,456
105322361,48.2777,48.4386,456,39802,0.904333,0.73,2,1513799,1513343,456
105325281,39.2555,39.2877,456,39855,0.892867,0.71,2,1513836,1513380,456
105328201,45.4511,44.6575,457,39908,0.906573,0.71,2,1513883,1513426,457
105331121,31.4902,32.9315,455,39961,0.909315,0.69,2,1513911,1513456,455
105342801,50,26,508,40173,0.93,0.77,2,1514048,1513540,508
105345721,34.8,44.4,490,40226,0.93,0.81,2,1514079,1513589,490
105482961,36,35,502,42622,0.83,1,2,1515765,1515263,502
105485881,30.4,37.4,493,42672,0.742,1,1,1515794,1515301,493
105488801,26.08,33.08,486,42721,0.7004,1,1,1515819,1515333,486
105491721,47.616,47.416,488,42770,0.66008,1,1,1515872,1515384,488
105494641,33.5232,31.0832,491,42819,0.524016,1,1,1515902,1515411,491
105497561,29.1046,27.8166,492,42868,0.432803,1,1,1515930,1515438,492
105500481,34.6209,31.1633,496,42917,0.430561,1,1,1515966,1515470,496
105503401,31.7242,35.0327,491,42966,0.366112,1,1,1515997,1515506,491
105506321,29.5448,32.6065,488,43015,0.305222,1,1,1516026,1515538,488
105509241,28.309,6.52131,516,43064,0.213044,1,1,1516054,1515538,516
105512161,15.2618,27.7043,495,43113,0.258609,1,1,1516066,1515571,495
105515081,35.8524,19.1409,519,43162,0.235722,1,1,1516107,1515588,519
105518001,39.1705,45.4282,507,43211,0.231144,0.96,1,1516147,1515640,507
105520921,49.4341,34.6856,527,43260,0.262229,0.95,1,1516199,1515672,527
105523841,37.0868,52.5371,504,43309,0.236446,0.83,1,1516233,1515729,504
105526761,26.6174,39.3074,492,43358,0.279289,0.72,1,1516257,1515765,492
105529681,18.1235,31.0615,479,43407,0.255858,0.69,1,1516273,1515794,479
105532601,46.8247,26.2123,508,43456,0.283172,0.65,1,1516327,1515819,508
105535521,29.3649,47.6425,480,43505,0.272634,0.49,1,1516352,1515872,480
105538441,23.473,33.5285,472,43553,0.302527,0.41,1,1516374,1515902,472
105541361,27.8946,29.1057,473,43601,0.324505,0.43,1,1516403,1515930,473
105544281,27.1789,34.6211,464,43649,0.344901,0.35,1,1516430,1515966,464
105547201,27.8358,31.7242,461,43697,0.31698,0.29,1,1516458,1515997,461
105550121,27.9672,29.5448,460,43745,0.327396,0.19,1,1516486,1516026,460
105553041,12.7934,28.309,441,43793,0.377479,0.27,1,1516495,1516054,441
105555961,37.7587,15.2618,473,43841,0.403496,0.23,1,1516539,1516066,473
105558881,37.9517,35.8524,470,43889,0.408699,0.23,1,1516577,1516107,470
105561801,52.3903,39.1705,486,43937,0.45774,0.27,1,1516633,1516147,486
105564721,36.0781,49.4341,466,43985,0.467548,0.23,1,1516665,1516199,466
105567641,28.8156,37.0868,459,44033,0.45351,0.29,1,1516692,1516233,459
105570561,16.9631,26.6174,449,44081,0.450702,0.25,1,1516706,1516257,449
105573481,48.1926,18.1235,489,44129,0.46614,0.29,1,1516762,1516273,489
105576401,30.4385,46.8247,461,44177,0.485228,0.27,1,1516788,1516327,461
105579321,23.6877,29.3649,458,44225,0.489046,0.31,1,1516810,1516352,458
105582241,28.7375,23.473,466,44273,0.489809,0.33,1,1516840,1516374,466
105585161,28.1475,27.8946,465,44321,0.489962,0.35,1,1516868,1516403,465
105588081,28.0295,27.1789,466,44369,0.537992,0.31,1,1516896,1516430,466
105591001,28.8059,27.8358,467,44417,0.563598,0.33,1,1516925,1516458,467
105593921,14.5612,27.9672,450,44464,0.58472,0.39,1,1516936,1516486,450
105596841,4.51224,12.7934,443,44511,0.556944,0.41,1,1516938,1516495,443
105599761,35.3024,37.7587,442,44558,0.583389,0.41,1,1516981,1516539,442
105602681,38.2605,37.9517,443,44605,0.604678,0.47,1,1517020,1516577,443
105605601,54.0521,52.3903,445,44652,0.672936,0.47,1,1517078,1516633,445
105608521,36.4104,36.0781,445,44699,0.654587,0.45,1,1517110,1516665,445
105611441,28.0821,28.8156,444,44746,0.698917,0.45,1,1517136,1516692,444
105614361,16.8164,16.9631,444,44793,0.707783,0.47,1,1517150,1516706,444
105617281,49.7633,48.1926,446,44840,0.677557,0.49,1,1517208,1516762,446
105620201,30.7527,30.4385,446,44887,0.639511,0.49,1,1517234,1516788,446
105623121,23.7505,23.6877,446,44934,0.663902,0.49,1,1517256,1516810,446
105626041,28.7501,28.7375,446,44981,0.636781,0.49,1,1517286,1516840,446
105628961,29.75,28.1475,448,45028,0.663356,0.55,1,1517316,1516868,448
105631881,29.15,28.0295,449,45075,0.684671,0.57,1,1517345,1516896,449
105634801,29.83,28.8059,450,45122,0.688934,0.59,1,1517375,1516925,450
105637721,15.566,14.5612,451,45169,0.657787,0.55,1,1517387,1516936,451
105640641,4.7132,4.51224,451,45216,0.651557,0.59,1,1517389,1516938,451
105643561,35.3426,35.3024,451,45263,0.682311,0.61,1,1517432,1516981,451
105646481,37.4685,38.2605,450,45310,0.720462,0.69,1,1517470,1517020,450
105649401,57.0937,54.0521,454,45357,0.712092,0.65,1,1517532,1517078,454
105652321,37.8187,36.4104,455,45403,0.726419,0.71,1,1517565,1517110,455
105655241,28.3637,28.0821,455,45449,0.745284,0.71,1,1517591,1517136,455
105658161,16.8727,16.8164,455,45495,0.765057,0.67,2,1517605,1517150,455
105661081,48.1745,49.7633,453,45541,0.817011,0.63,2,1517661,1517208,453
105664001,30.4349,30.7527,453,45587,0.827402,0.67,2,1517687,1517234,453
105666921,23.687,23.7505,453,45633,0.86148,0.63,2,1517709,1517256,453
105669841,29.5374,28.7501,454,45679,0.852296,0.67,2,1517740,1517286,454
105672761,29.1075,29.75,453,45725,0.866459,0.69,2,1517769,1517316,453
105675681,29.8215,29.15,454,45771,0.869292,0.69,2,1517799,1517345,454
105678601,29.9643,29.83,454,45817,0.869858,0.65,2,1517829,1517375,454
105681521,15.5929,15.566,454,45863,0.885972,0.65,2,1517841,1517387,454
105684441,4.71857,4.7132,454,45909,0.857194,0.65,2,1517843,1517389,454
105687361,34.5437,0.94264,496,45955,0.883439,0.69,2,1517885,1517389,496
105690281,38.9087,34.5885,493,46001,0.904688,0.73,2,1517925,1517432,493
105693201,58.1817,37.3177,518,46047,0.924938,0.71,2,1517988,1517470,518
105888841,29,32,524,49019,0.81,1,2,1520049,1519525,524
105891761,31.4,35.2,520,49062,0.794,1,2,1520081,1519561,520
105894681,32.68,39.84,512,49105,0.7428,1,1,1520114,1519602,512
105897601,30.536,33.568,510,49148,0.65256,1,1,1520144,1519634,510
105900521,29.3072,30.7136,509,49191,0.586512,1,1,1520173,1519664,509
105903441,33.8614,29.3427,515,49234,0.589302,1,1,1520208,1519693,515
105906361,32.3723,32.2685,514,49277,0.493861,1,1,1520240,1519726,514
105909281,33.6745,36.8537,510,49320,0.490772,1,1,1520274,1519764,510
105912201,17.9349,31.3707,494,49363,0.506154,1,1,1520288,1519794,494
105915121,18.787,16.6741,500,49406,0.477231,1,1,1520307,1519807,500
105918041,26.9574,18.5348,510,49449,0.343446,1,1,1520336,1519826,510
105920961,26.1915,28.507,505,49492,0.364689,1,1,1520362,1519857,505
105923881,22.8383,31.3014,495,49535,0.384938,0.83,1,1520384,1519889,495
105926801,26.1677,31.0603,491,49578,0.404988,0.97,1,1520411,1519920,491
105929721,30.8335,30.2121,493,49620,0.360997,0.89,1,1520443,1519950,493
105932641,34.1667,33.2424,494,49662,0.3202,0.79,1,1520478,1519984,494
105935561,32.4333,35.4485,490,49704,0.36004,0.81,1,1520510,1520020,490
105938481,31.2867,30.2897,492,49746,0.352008,0.79,1,1520541,1520049,492
105941401,32.6573,31.6579,493,49788,0.254402,0.73,1,1520574,1520081,493
105944321,27.3315,32.7316,486,49830,0.26688,0.63,1,1520600,1520114,486
105947241,24.6663,30.5463,480,49872,0.221376,0.57,1,1520624,1520144,480
105950161,30.5333,29.3093,483,49914,0.244275,0.59,1,1520656,1520173,483
105953081,30.1067,33.8619,478,49956,0.312855,0.47,1,1520686,1520208,478
105956001,31.6213,32.3724,478,49998,0.326571,0.49,1,1520718,1520240,478
105958921,17.5243,33.6745,458,50040,0.393314,0.51,1,1520732,1520274,458
105961841,15.5049,17.9349,459,50082,0.390663,0.47,1,1520747,1520288,459
105964761,27.901,18.787,471,50124,0.406133,0.31,1,1520778,1520307,471
105967681,25.5802,26.9574,467,50166,0.393227,0.37,1,1520803,1520336,467
105970601,21.916,26.1915,462,50208,0.406645,0.39,1,1520824,1520362,462
105973521,25.9832,22.8383,467,50250,0.425329,0.41,1,1520851,1520384,467
105976441,29.9966,26.1677,471,50292,0.397066,0.35,1,1520882,1520411,471
105979361,7.59933,30.8335,441,50334,0.391413,0.31,1,1520884,1520443,441
105982281,28.7199,34.1667,440,50376,0.422283,0.37,1,1520918,1520478,440
105985201,32.144,32.4333,441,50418,0.444457,0.35,1,1520951,1520510,441
105988121,28.8288,31.2867,438,50460,0.464891,0.23,1,1520979,1520541,438
105991041,28.1658,32.6573,433,50502,0.468978,0.27,1,1521007,1520574,433
105993961,27.2332,27.3315,434,50544,0.501796,0.21,1,1521034,1520600,434
105996881,23.8466,24.6663,433,50586,0.508359,0.25,1,1521057,1520624,433
105999801,31.1693,30.5333,434,50628,0.525672,0.33,1,1521090,1520656,434
106002721,32.6339,30.1067,437,50670,0.545134,0.33,1,1521123,1520686,437
106005641,36.1268,31.6213,442,50712,0.533027,0.41,1,1521160,1520718,442
106008561,18.4254,17.5243,442,50754,0.530605,0.39,1,1521174,1520732,442
106011481,14.8851,15.5049,441,50795,0.498121,0.41,1,1521188,1520747,441
106014401,28.577,27.901,442,50836,0.523624,0.39,1,1521220,1520778,442
106017321,24.9154,25.5802,441,50877,0.544725,0.41,1,1521244,1520803,441
106020241,22.5831,21.916,442,50918,0.548945,0.43,1,1521266,1520824,442
106023161,25.3166,25.9832,441,50959,0.565789,0.39,1,1521292,1520851,441
106026081,29.8633,29.9966,441,51000,0.553158,0.39,1,1521323,1520882,441
106029001,7.57266,7.59933,441,51041,0.550632,0.43,1,1521325,1520884,441
106031921,30.3145,28.7199,443,51082,0.534126,0.45,1,1521361,1520918,443
106034841,34.0629,32.144,445,51123,0.562825,0.47,1,1521396,1520951,445
106037761,29.2126,28.8288,445,51164,0.600565,0.47,1,1521424,1520979,445
106040681,29.0425,28.1658,446,51205,0.592113,0.51,1,1521453,1521007,446
106043601,26.6085,27.2332,445,51246,0.558423,0.51,1,1521479,1521034,445
106046521,24.5217,23.8466,446,51287,0.583685,0.53,1,1521503,1521057,446
106049441,32.9043,31.1693,448,51328,0.668737,0.55,1,1521538,1521090,448
106052361,33.7809,32.6339,449,51369,0.685747,0.53,1,1521572,1521123,449
106055281,33.9562,36.1268,446,51410,0.75315,0.53,2,1521606,1521160,446
106058201,17.9912,18.4254,446,51451,0.73463,0.49,1,1521620,1521174,446
106061121,14.7982,14.8851,446,51492,0.778926,0.53,2,1521634,1521188,446
106064041,28.5596,28.577,446,51533,0.771785,0.55,2,1521666,1521220,446
106066961,25.7119,24.9154,447,51574,0.802357,0.55,2,1521691,1521244,447
106069881,23.5424,22.5831,448,51615,0.808471,0.57,2,1521714,1521266,448
106072801,25.5085,25.3166,448,51656,0.809694,0.55,2,1521740,1521292,448
106075721,29.1017,29.8633,447,51697,0.841939,0.55,2,1521770,1521323,447
106078641,7.42034,7.57266,447,51738,0.848388,0.53,2,1521772,1521325,447
106081561,31.0841,30.3145,448,51779,0.833678,0.53,2,1521809,1521361,448
106084481,35.0168,6.06291,484,51820,0.846736,0.57,2,1521845,1521361,484
106087401,29.4034,29.2126,477,51861,0.849347,0.61,2,1521873,1521396,477
106090321,28.2807,28.2425,477,51902,0.849869,0.59,2,1521901,1521424,477
106093241,26.4561,28.8485,474,51943,0.865974,0.55,2,1521927,1521453,474
106096161,26.0912,26.5697,474,51984,0.869195,0.59,2,1521953,1521479,474
106099081,36.4182,24.5139,489,52025,0.885839,0.69,2,1521992,1521503,489
106102001,36.0836,32.9028,490,52065,0.857168,0.69,2,1522028,1521538,490
106104921,35.2167,33.7806,491,52105,0.851434,0.77,2,1522063,1521572,491
106107841,19.0433,33.9561,472,52145,0.850287,0.73,2,1522078,1521606,472
106110761,15.0087,17.9912,472,52185,0.882057,0.79,2,1522092,1521620,472
106113681,29.4017,14.7982,491,52225,0.904411,0.77,2,1522125,1521634,491
106116601,26.6803,28.5596,485,52265,0.908882,0.81,2,1522151,1521666,485
106119521,24.5361,25.7119,484,52305,0.941776,0.81,2,1522175,1521691,484
106408601,37,28,445,25633,0.05,0.05,1,1524982,1524537,445
106411521,73.8,54.4,467,25716,0.05,0.05,1,1525065,1524598,467
106414441,39.56,54.08,444,25798,0.05,0.05,1,1525096,1524652,444
106417361,51.912,42.016,460,25880,0.034,0.05,1,1525151,1524691,460
106420281,50.3824,74.8032,427,25962,0.0308,0.07,1,1525201,1524774,427
106423201,22.8765,26.1606,429,26044,0.04616,0.03,1,1525217,1524788,429
106426121,59.7753,22.8321,476,26125,0.033232,0.05,1,1525286,1524810,476
106429041,45.5551,60.5664,448,26206,0.0626464,0.07,1,1525328,1524880,448
106431961,69.911,64.1133,459,26287,0.0845293,0.05,1,1525404,1524945,459
106434881,81.1822,42.4227,506,26368,0.0729059,0.05,1,1525488,1524982,506
106437801,42.6364,74.8845,456,26448,0.0385812,0.05,1,1525521,1525065,456
106440721,50.9273,39.7769,478,26528,0.0957162,0.03,1,1525574,1525096,478
106443641,50.1855,51.9554,473,26608,0.0591432,0.03,1,1525624,1525151,473
106446561,22.0371,50.3911,438,26688,0.0358286,0.05,1,1525639,1525201,438
106449481,59.6074,22.8782,491,26767,0.0471657,0.03,1,1525708,1525217,491
106452401,45.5215,59.7756,464,26846,0.0814331,0.07,1,1525750,1525286,464
106455321,10.7043,45.5551,424,26925,0.0882866,0.09,1,1525752,1525328,424
106458241,64.5409,69.911,426,27004,0.0896573,0.07,1,1525830,1525404,426
106461161,79.3082,81.1822,425,27082,0.0899315,0.03,1,1525913,1525488,425
106464081,40.6616,42.6364,423,27160,0.0259863,0.11,1,1525944,1525521,423
106467001,53.7323,50.9273,427,27238,0.0451973,0.05,1,1526001,1525574,427
106469921,48.3465,50.1855,424,27316,0.0330395,0.03,1,1526048,1525624,424
106472841,20.8693,22.0371,423,27394,0.0466079,0.05,1,1526062,1525639,423
106475761,60.1739,59.6074,424,27471,0.0173216,0.09,1,1526132,1525708,424
106478681,47.2348,45.5215,426,27548,0.0754643,0.09,1,1526176,1525750,426
106481601,11.047,10.7043,426,27625,0.0870929,0.09,1,1526178,1525752,426
106484521,64.6094,64.5409,426,27702,0.0574186,0.09,1,1526256,1525830,426
106487441,79.3219,79.3082,426,27778,0.0994837,0.01,1,1526339,1525913,426
106490361,37.4644,40.6616,422,27854,0.0598967,0.05,1,1526366,1525944,422
106493281,53.8929,53.7323,423,27930,0.0519793,0.03,1,1526424,1526001,423
106496201,49.1786,48.3465,424,28006,0.0663959,0.05,1,1526472,1526048,424
106499121,19.4357,20.8693,422,28082,0.0692792,0.01,1,1526484,1526062,422
106502041,59.8871,60.1739,422,28157,0.0858558,0.09,1,1526554,1526132,422
106504961,48.7774,47.2348,424,28232,0.121171,0.09,1,1526600,1526176,424
106507881,11.3555,11.047,424,28307,0.128234,0.05,1,1526602,1526178,424
106510801,64.6711,64.6094,424,28382,0.129647,0.05,1,1526680,1526256,424
106513721,79.3342,12.9219,507,28457,0.0979294,0.11,1,1526763,1526256,507
106516641,35.0668,68.9844,448,28531,0.107586,0.05,1,1526787,1526339,448
106519561,53.4134,35.3969,479,28605,0.189517,0.05,1,1526845,1526366,479
106522481,49.8827,53.4794,470,28679,0.189903,0.07,1,1526894,1526424,470
106525401,19.5765,49.0959,434,28753,0.189981,0.07,1,1526906,1526472,434
106528321,60.7153,19.4192,493,28827,0.269996,0.09,1,1526977,1526484,493
106531241,50.5431,59.8838,471,28900,0.269999,0.13,1,1527025,1526554,471
106534161,11.7086,48.7768,427,28973,0.27,0.13,1,1527027,1526600,427
106537081,65.5417,11.3554,504,29046,0.302,0.13,1,1527106,1526602,504
106540001,79.5083,64.6711,509,29119,0.2924,0.09,1,1527189,1526680,509
106542921,35.9017,79.3342,451,29192,0.33848,0.11,1,1527214,1526763,451
106545841,56.7803,35.0668,489,29265,0.347696,0.21,1,1527276,1526787,489
106548761,49.7561,53.4134,479,29337,0.381539,0.19,1,1527324,1526845,479
106551681,19.5512,49.8827,442,29409,0.388308,0.19,1,1527336,1526894,442
106554601,64.7102,19.5765,506,29481,0.469662,0.29,1,1527412,1526906,506
106557521,50.542,60.7153,482,29553,0.533932,0.27,1,1527459,1526977,482
106560441,11.7084,50.5431,436,29625,0.546786,0.27,1,1527461,1527025,436
106563361,67.1417,11.7086,515,29696,0.597357,0.31,1,1527542,1527027,515
106566281,80.6283,65.5417,520,29767,0.623471,0.29,1,1527626,1527106,520
106569201,35.3257,79.5083,461,29838,0.628694,0.35,1,1527650,1527189,461
106572121,8.66513,35.9017,438,29909,0.629739,0.35,1,1527652,1527214,438
106575041,52.133,56.7803,439,29980,0.677948,0.39,1,1527715,1527276,439
106577961,50.4266,49.7561,441,30051,0.68759,0.39,1,1527765,1527324,441
106580881,20.4853,19.5512,442,30121,0.705518,0.49,1,1527778,1527336,442
106583801,68.8971,64.7102,447,30191,0.725104,0.55,1,1527859,1527412,447
106586721,52.9794,50.542,449,30261,0.713021,0.55,1,1527908,1527459,449
106589641,12.1959,11.7084,449,30331,0.710604,0.61,1,1527910,1527461,449
106592561,70.4392,67.1417,453,30401,0.758121,0.63,2,1527995,1527542,453
106595481,81.2878,80.6283,453,30471,0.735624,0.63,1,1528079,1527626,453
106598401,36.2576,35.3257,454,30540,0.747125,0.63,1,1528104,1527650,454
106601321,8.85151,8.66513,454,30609,0.749425,0.69,1,1528106,1527652,454
106604241,54.5703,52.133,457,30678,0.749885,0.69,1,1528172,1527715,457
106607161,50.1141,50.4266,456,30747,0.765977,0.71,2,1528221,1527765,456
106610081,21.2228,20.4853,457,30816,0.801195,0.73,2,1528235,1527778,457
106613001,68.2446,68.8971,456,30885,0.808239,0.71,2,1528315,1527859,456
106615921,52.0489,52.9794,455,30954,0.857648,0.71,2,1528363,1527908,455
106618841,12.0098,12.1959,455,31022,0.86753,0.77,2,1528365,1527910,455
106621761,72.802,70.4392,458,31090,0.869506,0.73,2,1528453,1527995,458
106624681,81.7604,81.2878,458,31158,0.901901,0.75,2,1528537,1528079,458
106627601,35.5521,36.2576,457,31226,0.90838,0.75,2,1528561,1528104,457
106630521,8.71042,8.85151,457,31294,0.909676,0.75,2,1528563,1528106,457
106633441,55.3421,1.7703,524,31362,0.877935,0.75,2,1528630,1528106,524
106636361,51.0684,53.1541,508,31429,0.903587,0.77,2,1528680,1528172,508
106639281,21.4137,49.8308,473,31496,0.924717,0.81,2,1528694,1528221,473
106753161,31,26,491,34017,0.45,1,1,1530501,1530010,491
106756081,37.4,35.6,492,34079,0.37,1,1,1530540,1530048,492
106759001,46.68,51.12,486,34141,0.194,1,1,1530589,1530103,486
106761921,32.536,33.424,486,34203,0.1108,1,1,1530618,1530132,486
106764841,28.9072,31.4848,483,34265,0.04616,1,1,1530646,1530163,483
106767761,37.7814,6.29696,523,34327,0.017232,1,1,1530686,1530163,523
106770681,35.5563,46.0594,502,34389,0.0434464,1,1,1530721,1530219,502
106773601,51.1113,38.0119,521,34450,0.0486893,0.92,1,1530776,1530255,521
106776521,50.2223,50.0024,518,34511,0.0497379,0.99,1,1530826,1530308,518
106779441,58.0444,51.6005,526,34572,0.0339476,0.67,1,1530886,1530360,526
106782361,34.0089,72.7201,476,34633,0.0307895,0.53,1,1530914,1530438,476
106785281,28.4018,40.144,471,34694,0.0461579,0.45,1,1530941,1530470,471
106788201,33.6804,32.8288,475,34755,0.0492316,0.35,1,1530976,1530501,475
106791121,37.1361,37.7658,474,34816,0.0978463,0.15,1,1531014,1530540,474
106794041,27.4272,46.7532,450,34877,0.123569,0.09,1,1531039,1530589,450
106796961,28.6854,32.5506,450,34938,0.0327139,0.03,1,1531068,1530618,450
106799881,40.1371,28.9101,465,34999,0.0465428,0.01,1,1531111,1530646,465
106802801,36.8274,37.782,461,35059,0.00930855,0.05,1,1531147,1530686,461
106805721,47.3655,35.5564,476,35119,0.00986171,0.05,1,1531197,1530721,476
106808641,51.0731,51.1113,473,35179,0.105972,0.05,1,1531249,1530776,473
106811561,57.4146,50.2223,482,35239,0.125194,0.03,1,1531308,1530826,482
106814481,33.8829,58.0445,450,35299,0.129039,0.03,1,1531336,1530886,450
106817401,29.1766,34.0089,450,35359,0.145808,0.05,1,1531364,1530914,450
106820321,34.6353,28.4018,459,35419,0.149162,0.05,1,1531400,1530941,459
106823241,38.9271,33.6804,464,35479,0.149832,0.11,1,1531440,1530976,464
106826161,26.9854,37.1361,450,35539,0.181966,0.13,1,1531464,1531014,450
106829081,26.1971,27.4272,451,35598,0.140393,0.01,1,1531490,1531039,451
106832001,40.4394,28.6854,466,35657,0.0520787,0.05,1,1531534,1531068,466
106834921,9.68788,40.1371,425,35716,0.0344157,0,1,1531536,1531111,425
106837841,30.7376,36.8274,425,35775,0.0468831,0.01,1,1531572,1531147,425
106840761,43.7475,47.3655,422,35834,0.0333766,0.13,1,1531619,1531197,422
106843681,55.1495,51.0731,428,35893,0.0306753,0.13,1,1531677,1531249,428
106846601,58.2299,57.4146,428,35952,0.0141351,0.13,1,1531736,1531308,428
106849521,34.846,33.8829,429,36011,0.026827,0.15,1,1531765,1531336,429
106852441,29.3692,29.1766,429,36070,0.0133654,0.15,1,1531793,1531364,429
106855361,34.6738,34.6353,429,36129,0.0106731,0.15,1,1531829,1531400,429
106858281,39.7348,38.9271,430,36187,0.0581346,0.19,1,1531870,1531440,430
106861201,28.747,26.9854,432,36245,0.0836269,0.13,1,1531896,1531464,432
106864121,24.1494,26.1971,429,36303,0.0727254,0.03,1,1531919,1531490,429
106867041,35.2299,40.4394,423,36361,0.0385451,0.03,1,1531957,1531534,423
106869961,8.64598,9.68788,423,36419,0.063709,0.05,1,1531959,1531536,423
106872881,31.3292,30.7376,424,36477,0.0687418,0.03,1,1531996,1531572,424
106875801,42.2658,43.7475,422,36535,0.0857484,0.03,1,1532041,1531619,422
106878721,54.8532,55.1495,422,36593,0.0411497,0.01,1,1532099,1531677,422
106881641,58.1706,58.2299,422,36651,0.0642299,0.03,1,1532158,1531736,422
106884561,34.8341,34.846,422,36709,0.068846,0.01,1,1532187,1531765,422
106887481,29.3668,29.3692,422,36767,0.0537692,0.01,1,1532215,1531793,422
106890401,35.4734,34.6738,423,36824,0.0987538,0.07,1,1532252,1531829,423
106893321,42.2947,39.7348,426,36881,0.107751,0.09,1,1532296,1531870,426
106896241,27.6589,28.747,424,36938,0.15755,0.07,1,1532320,1531896,424
106899161,23.1318,24.1494,423,36995,0.13551,0.03,1,1532342,1531919,423
106902081,35.0264,35.2299,423,37052,0.179102,0.07,1,1532380,1531957,423
106905001,8.60527,8.64598,423,37109,0.18782,0.07,1,1532382,1531959,423
106907921,31.3211,31.3292,423,37166,0.173564,0.07,1,1532419,1531996,423
106910841,40.6642,6.26584,466,37223,0.122713,0.09,1,1532462,1531996,466
106913761,54.5328,37.2532,479,37280,0.0965426,0.03,1,1532520,1532041,479
106916681,58.9066,53.8506,481,37337,0.123309,0.07,1,1532580,1532099,481
106919601,35.7813,57.9701,452,37394,0.176662,0.07,1,1532610,1532158,452
106922521,30.3563,34.794,452,37451,0.187332,0.05,1,1532639,1532187,452
106925441,35.6713,29.3588,461,37507,0.205466,0.11,1,1532676,1532215,461
106928361,44.7343,35.4718,471,37563,0.209093,0.11,1,1532723,1532252,471
106931281,28.1469,42.2944,451,37619,0.209819,0.17,1,1532747,1532296,451
106934201,23.2294,27.6589,449,37675,0.209964,0.13,1,1532769,1532320,449
106937121,35.8459,23.1318,466,37731,0.257993,0.19,1,1532808,1532342,466
106940041,8.76917,35.0264,430,37787,0.267599,0.19,1,1532810,1532380,430
106942961,30.5538,8.60527,464,37843,0.28552,0.17,1,1532846,1532382,464
106945881,39.7108,31.3211,469,37899,0.289104,0.11,1,1532888,1532419,469
106948801,53.5422,40.6642,483,37955,0.321821,0.09,1,1532945,1532462,483
106951721,61.1084,54.5328,488,38011,0.360364,0.13,1,1533008,1532520,488
106954641,36.2217,58.9066,458,38067,0.400073,0.19,1,1533038,1532580,458
106957561,32.0443,35.7813,459,38122,0.440015,0.19,1,1533069,1532610,459
106960481,36.8089,30.3563,468,38177,0.464003,0.21,1,1533107,1532639,468
106963401,44.9618,35.6713,478,38232,0.484801,0.21,1,1533154,1532676,478
106966321,28.1924,44.7343,455,38287,0.52096,0.21,1,1533178,1532723,455
106969241,23.2385,28.1469,453,38342,0.528192,0.21,1,1533200,1532747,453
106972161,38.2477,23.2294,473,38397,0.529638,0.27,1,1533242,1532769,473
106975081,9.24954,35.8459,436,38452,0.529928,0.27,1,1533244,1532808,436
106978001,31.4499,8.76917,471,38507,0.529986,0.29,1,1533281,1532810,471
106980921,40.69,30.5538,478,38562,0.529997,0.29,1,1533324,1532846,478
106983841,55.338,39.7108,495,38617,0.593999,0.33,1,1533383,1532888,495
106986761,12.6676,53.5422,440,38672,0.5748,0.37,1,1533385,1532945,440
106989681,54.5335,61.1084,442,38727,0.60296,0.41,1,1533450,1533008,442
106992601,35.7067,36.2217,443,38782,0.656592,0.45,1,1533481,1533038,443
106995521,33.5413,32.0443,445,38836,0.667318,0.47,1,1533514,1533069,445
106998441,37.9083,36.8089,446,38890,0.653464,0.49,1,1533553,1533107,446
107001361,46.7817,44.9618,448,38944,0.618693,0.53,1,1533602,1533154,448
107004281,28.5563,28.1924,448,38998,0.643739,0.53,1,1533626,1533178,448
107007201,23.3113,23.2385,448,39052,0.648748,0.53,1,1533648,1533200,448
107010121,38.2623,38.2477,448,39106,0.64975,0.53,1,1533690,1533242,448
107013041,9.25245,9.24954,448,39160,0.68195,0.53,1,1533692,1533244,448
107015961,31.4505,31.4499,448,39214,0.72039,0.53,1,1533729,1533281,448
107018881,42.2901,40.69,450,39268,0.680078,0.61,1,1533774,1533324,450
107021801,57.258,55.338,452,39322,0.688016,0.57,1,1533835,1533383,452
107024721,13.0516,12.6676,452,39376,0.689603,0.61,1,1533837,1533385,452
107027641,55.4103,54.5335,453,39430,0.753921,0.67,2,1533903,1533450,453
107030561,35.8821,35.7067,453,39484,0.750784,0.67,2,1533934,1533481,453
107033481,33.5764,33.5413,453,39537,0.734157,0.65,1,1533967,1533514,453
107036401,37.1153,37.9083,452,39590,0.698831,0.61,1,1534005,1533553,452
107039321,46.6231,46.7817,452,39643,0.739766,0.65,1,1534054,1533602,452
107042241,28.5246,28.5563,452,39696,0.795953,0.65,2,1534078,1533626,452
107045161,23.3049,23.3113,452,39749,0.791191,0.65,2,1534100,1533648,452
107048081,39.861,38.2623,454,39802,0.806238,0.69,2,1534144,1533690,454
107051001,9.5722,9.25245,454,39855,0.809248,0.73,2,1534146,1533692,454
107053921,33.1144,31.4505,456,39908,0.84185,0.67,2,1534185,1533729,456
107056841,42.6229,42.2901,456,39961,0.84837,0.69,2,1534230,1533774,456
107059761,57.3246,57.258,456,40014,0.865674,0.69,2,1534291,1533835,456
107062681,13.0649,13.0516,456,40067,0.869135,0.69,2,1534293,1533837,456
107065601,56.213,2.61032,523,40120,0.837827,0.77,2,1534360,1533837,523
107068521,35.2426,53.3221,487,40173,0.831565,0.75,2,1534390,1533903,487
107071441,32.6485,35.4644,488,40226,0.846313,0.73,2,1534422,1533934,488
107074361,36.9297,33.4929,493,40278,0.881263,0.69,2,1534460,1533967,493
107220361,32,28,495,42819,0.85,1,2,1536232,1535737,495
107223281,26.4,36.8,481,42868,0.786,1,2,1536257,1535776,481
107226201,40.48,32.96,493,42917,0.6932,1,1,1536301,1535808,493
107229121,30.496,27.392,495,42966,0.69064,1,1,1536329,1535834,495
107232041,27.6992,22.2784,501,43015,0.690128,1,1,1536356,1535855,501
107234961,12.7398,4.45568,510,43064,0.690026,1,1,1536365,1535855,510
107237881,52.148,24.8911,542,43113,0.674005,1,1,1536427,1535885,542
107240801,35.2296,62.5782,501,43162,0.670801,1,1,1536458,1535957,501
107243721,35.8459,37.3156,506,43211,0.65416,1,1,1536494,1535988,506
107246641,26.3692,33.0631,498,43260,0.714832,1,1,1536518,1536020,498
107249561,31.6738,29.0126,503,43309,0.726966,0.94,1,1536551,1536048,503
107252481,27.9348,33.0025,496,43358,0.729393,0.91,1,1536578,1536082,496
107255401,25.587,31.4005,490,43407,0.729879,0.83,1,1536603,1536113,490
107258321,52.3174,28.6801,521,43456,0.697976,0.85,1,1536662,1536141,521
107261241,34.4635,52.936,492,43505,0.739595,0.85,1,1536692,1536200,492
107264161,24.4927,36.1872,482,43553,0.699919,0.77,1,1536714,1536232,482
107267081,42.4985,27.2374,504,43601,0.755984,0.67,2,1536761,1536257,504
107270001,31.6997,40.6475,489,43649,0.751197,0.69,2,1536790,1536301,489
107272921,23.9399,30.5295,483,43697,0.766239,0.69,2,1536812,1536329,483
107275841,9.58799,27.7059,462,43745,0.817248,0.69,2,1536818,1536356,462
107278761,53.1176,12.7412,517,43793,0.82745,0.67,2,1536882,1536365,517
107281681,33.8235,52.1482,484,43841,0.82949,0.67,2,1536911,1536427,484
107284601,36.3647,35.2296,490,43889,0.845898,0.65,2,1536948,1536458,490
107287521,27.2729,35.8459,479,43937,0.84918,0.73,2,1536973,1536494,479
107290441,33.4546,26.3692,490,43985,0.897836,0.73,2,1537008,1536518,490
107293361,28.2909,31.6738,484,44033,0.923567,0.73,2,1537035,1536551,484
107296281,25.6582,27.9348,482,44081,0.928713,0.73,2,1537060,1536578,482
107489001,29,27,512,47134,0.71,1,1,1539189,1538677,512
107491921,30.6,27.8,515,47179,0.646,1,1,1539220,1538705,515
107494841,31.72,33.56,512,47224,0.6172,1,1,1539252,1538740,512
107497761,27.944,33.112,506,47269,0.49944,1,1,1539279,1538773,506
107500681,16.7888,27.4224,494,47314,0.491888,1,1,1539293,1538799,494
107503601,28.9578,20.6845,507,47359,0.362378,1,1,1539325,1538818,507
107506521,27.3916,30.5369,501,47404,0.288476,1,1,1539352,1538851,501
107509441,21.4783,28.5074,493,47448,0.193695,1,1,1539372,1538879,493
107512361,17.0957,32.9015,475,47492,0.174739,0.96,1,1539388,1538913,475
107515281,27.4191,24.1803,483,47536,0.138948,1,1,1539418,1538935,483
107518201,32.6838,32.8361,482,47580,0.0837896,1,1,1539452,1538970,482
107521121,35.3368,41.7672,474,47624,0.0407579,0.98,1,1539488,1539014,474
107524041,42.2674,42.7534,475,47668,0.0481516,0.95,1,1539532,1539057,475
107526961,27.6535,31.7507,470,47712,0.0496303,0.9,1,1539556,1539086,470
107529881,27.9307,33.5501,464,47756,0.0499261,0.75,1,1539584,1539120,464
107532801,33.5861,38.71,459,47800,0.0499852,0.71,1,1539619,1539160,459
107535721,27.5172,30.942,456,47844,0.033997,0.63,1,1539645,1539189,456
107538641,26.3034,30.9884,451,47888,0.0307994,0.61,1,1539671,1539220,451
107541561,27.6607,31.7977,447,47932,0.0621599,0.47,1,1539699,1539252,447
107544481,23.9321,27.9595,443,47976,0.084432,0.49,1,1539722,1539279,443
107547401,15.9864,16.7919,443,48020,0.0888864,0.33,1,1539736,1539293,443
107550321,20.7973,28.9584,433,48064,0.0897773,0.27,1,1539758,1539325,433
107553241,24.1595,27.3917,431,48108,0.0739555,0.17,1,1539783,1539352,431
107556161,20.0319,21.4783,430,48152,0.0547911,0.17,1,1539802,1539372,430
107559081,15.2064,17.0957,428,48196,0.0989582,0.13,1,1539816,1539388,428
107562001,24.6413,27.4191,425,48240,0.123792,0.07,1,1539843,1539418,425
107564921,30.5283,32.6838,423,48284,0.0647583,0.03,1,1539875,1539452,423
107567841,34.1057,35.3368,422,48328,0.0529517,0.05,1,1539910,1539488,422
107570761,42.0211,42.2674,422,48372,0.0505903,0.05,1,1539954,1539532,422
107573681,28.4042,27.6535,423,48416,0.0341181,0.05,1,1539979,1539556,423
107576601,27.2808,27.9307,422,48460,0.0308236,0.05,1,1540006,1539584,422
107579521,33.4562,33.5861,422,48503,0.0141647,0.03,1,1540041,1539619,422
107582441,28.2912,27.5172,423,48546,0.0108329,0.03,1,1540068,1539645,423
107585361,26.4582,26.3034,423,48589,0.0261666,0.07,1,1540094,1539671,423
107588281,29.2916,27.6607,425,48632,0.0132333,0.09,1,1540124,1539699,425
107591201,23.4583,23.9321,424,48675,0.0586467,0.09,1,1540146,1539722,424
107594121,15.8917,15.9864,424,48718,0.0997293,0.09,1,1540160,1539736,424
107597041,22.3783,20.7973,426,48761,0.123946,0.07,1,1540184,1539758,426
107599961,22.0757,24.1595,423,48804,0.0967892,0.05,1,1540206,1539783,423
107602881,20.4151,20.0319,424,48847,0.123358,0.05,1,1540226,1539802,424
107605801,15.283,4.00638,438,48890,0.0966716,0.11,1,1540240,1539802,438
107608721,25.4566,12.0013,452,48933,0.0913343,0.13,1,1540268,1539816,452
107611641,29.0913,24.0003,455,48976,0.122267,0.05,1,1540298,1539843,455
107614561,32.2183,30.4001,456,49019,0.128453,0.05,1,1540331,1539875,456
107617481,41.6437,34.08,465,49062,0.0656907,0.05,1,1540375,1539910,465
107620401,28.3287,42.016,446,49105,0.0371381,0.03,1,1540400,1539954,446
107623321,27.2657,28.4032,448,49148,0.0794276,0.03,1,1540427,1539979,448
107626241,33.4531,27.2806,456,49191,0.0238855,0.01,1,1540462,1540006,456
107629161,28.2906,33.4561,448,49234,0.0287771,0.01,1,1540489,1540041,448
107632081,28.0581,28.2912,449,49277,0.0457554,0.03,1,1540517,1540068,449
107635001,28.8116,26.4582,452,49320,0.0331511,0.01,1,1540546,1540094,452
107637921,24.9623,29.2916,446,49363,0.0466302,0.07,1,1540570,1540124,446
107640841,16.9925,23.4583,439,49406,0.081326,0.11,1,1540585,1540146,439
107643761,22.5985,15.8917,449,49449,0.0722652,0.13,1,1540609,1540160,449
107646681,22.1197,22.3783,447,49492,0.0864531,0.09,1,1540631,1540184,447
107649601,20.4239,22.0757,445,49535,0.0892906,0.13,1,1540651,1540206,445
107652521,15.2848,20.4151,439,49578,0.0898581,0.09,1,1540665,1540226,439
107655441,26.257,15.283,454,49620,0.105972,0.09,1,1540694,1540240,454
107658361,30.0514,25.4566,457,49662,0.109194,0.13,1,1540725,1540268,457
107661281,30.8103,29.0913,458,49704,0.141839,0.13,1,1540756,1540298,458
107664201,39.7621,32.2183,467,49746,0.164368,0.05,1,1540798,1540331,467
107667121,27.1524,41.6437,447,49788,0.184874,0.03,1,1540822,1540375,447
107670041,27.8305,28.3287,450,49830,0.204975,0.09,1,1540850,1540400,450
107672961,33.5661,27.2657,458,49872,0.192995,0.01,1,1540885,1540427,458
107675881,26.7132,33.4531,448,49914,0.206599,0.03,1,1540910,1540462,448
107678801,29.3426,28.2906,451,49956,0.14532,0.05,1,1540940,1540489,451
107681721,29.0685,28.0581,452,49998,0.149064,0.03,1,1540969,1540517,452
107684641,25.0137,28.8116,447,50040,0.149813,0.05,1,1540993,1540546,447
107687561,17.0027,24.9623,438,50082,0.181963,0.09,1,1541008,1540570,438
107690481,23.4005,16.9925,448,50124,0.220393,0.07,1,1541033,1540585,448
107693401,23.0801,22.5985,447,50166,0.244079,0.09,1,1541056,1540609,447
107696321,20.616,22.1197,445,50208,0.248816,0.09,1,1541076,1540631,445
107699241,15.3232,20.4239,439,50250,0.249763,0.09,1,1541090,1540651,439
107702161,25.4646,15.2848,453,50292,0.249953,0.11,1,1541118,1540665,453
107705081,6.69293,26.257,426,50334,0.249991,0.11,1,1541120,1540694,426
107708001,27.7386,30.0514,428,50376,0.265998,0.15,1,1541153,1540725,428
107710921,31.1477,30.8103,429,50418,0.2852,0.17,1,1541185,1540756,429
107713841,41.4295,39.7621,431,50460,0.33704,0.19,1,1541229,1540798,431
107716761,27.4859,27.1524,431,50502,0.347408,0.21,1,1541253,1540822,431
107719681,28.6972,27.8305,432,50544,0.301482,0.19,1,1541282,1540850,432
107722601,32.9394,33.5661,431,50586,0.324296,0.21,1,1541316,1540885,431
107725521,25.7879,26.7132,430,50628,0.312859,0.13,1,1541340,1540910,430
107728441,27.5576,29.3426,428,50670,0.326572,0.15,1,1541368,1540940,428
107731361,29.5115,29.0685,429,50712,0.361314,0.15,1,1541398,1540969,429
107734281,25.9023,25.0137,430,50754,0.368263,0.19,1,1541423,1540993,430
107737201,18.7805,17.0027,432,50795,0.353653,0.23,1,1541440,1541008,432
107740121,25.3561,23.4005,434,50836,0.366731,0.25,1,1541467,1541033,434
107743041,23.4712,23.0801,434,50877,0.353346,0.25,1,1541490,1541056,434
107745961,20.6942,20.616,434,50918,0.366669,0.25,1,1541510,1541076,434
107748881,15.3388,15.3232,434,50959,0.401334,0.25,1,1541524,1541090,434
107751801,25.4678,25.4646,434,51000,0.408267,0.25,1,1541552,1541118,434
107754721,6.69355,6.69293,434,51041,0.409653,0.27,1,1541554,1541120,434
107757641,28.5387,27.7386,435,51082,0.425931,0.29,1,1541588,1541153,435
107760561,32.1077,31.1477,436,51123,0.477186,0.35,1,1541621,1541185,436
107763481,42.4215,41.4295,437,51164,0.503437,0.35,1,1541666,1541229,437
107766401,27.6843,27.4859,437,51205,0.508687,0.29,1,1541690,1541253,437
107769321,27.9369,28.6972,436,51246,0.477738,0.33,1,1541718,1541282,436
107772241,33.5874,32.9394,437,51287,0.503547,0.31,1,1541753,1541316,437
107775161,26.7175,25.7879,438,51328,0.52471,0.33,1,1541778,1541340,438
107778081,27.7435,27.5576,438,51369,0.496942,0.37,1,1541806,1541368,438
107781001,29.5487,29.5115,438,51410,0.491388,0.37,1,1541836,1541398,438
107783921,25.9097,25.9023,438,51451,0.538278,0.35,1,1541861,1541423,438
107786841,19.5819,18.7805,439,51492,0.515656,0.37,1,1541879,1541440,439
107789761,26.3164,25.3561,440,51533,0.559131,0.35,1,1541907,1541467,440
107792681,22.8633,23.4712,439,51574,0.535826,0.37,1,1541929,1541490,439
107795601,21.3727,20.6942,440,51615,0.547165,0.41,1,1541950,1541510,440
107798521,16.2745,15.3388,441,51656,0.549433,0.41,1,1541965,1541524,441
107801441,27.2549,25.4678,443,51697,0.533887,0.41,1,1541995,1541552,443
107804361,7.05098,6.69355,443,51738,0.530777,0.43,1,1541997,1541554,443
107807281,29.4102,28.5387,444,51779,0.546155,0.43,1,1542032,1541588,444
107810201,33.082,5.70774,478,51820,0.549231,0.49,1,1542066,1541588,478
107813121,41.8164,27.5415,489,51861,0.565846,0.51,1,1542110,1541621,489
107816041,27.5633,41.5083,468,51902,0.569169,0.51,1,1542134,1541666,468
107818961,28.7127,27.5017,473,51943,0.585834,0.47,1,1542163,1541690,473
107821881,32.9425,27.9003,479,51984,0.589167,0.51,1,1542197,1541718,479
107824801,27.3885,33.5801,470,52025,0.637833,0.53,1,1542223,1541753,470
107827721,27.8777,26.716,473,52065,0.679567,0.49,1,1542251,1541778,473
107830641,29.5755,27.7432,475,52105,0.703913,0.49,1,1542281,1541806,475
107833561,26.7151,29.5486,471,52145,0.724783,0.55,1,1542307,1541836,471
107836481,19.743,25.9097,464,52185,0.728957,0.51,1,1542325,1541861,464
107839401,27.1486,19.5819,475,52225,0.713791,0.57,1,1542354,1541879,475
107842321,23.0297,26.3164,469,52265,0.710758,0.53,1,1542376,1541907,469
107845241,21.4059,22.8633,468,52305,0.726152,0.55,1,1542397,1541929,468
107848161,16.2812,21.3727,462,52345,0.68123,0.55,1,1542412,1541950,462
107851081,27.2562,16.2745,477,52385,0.720246,0.53,1,1542442,1541965,477
107854001,7.05125,27.2549,449,52425,0.728049,0.53,1,1542444,1541995,449
107856921,28.6103,7.05098,481,52465,0.74561,0.55,1,1542478,1541997,481
107859841,34.5221,29.4102,482,52505,0.781122,0.55,2,1542514,1542032,482
107862761,42.9044,33.082,493,52545,0.788224,0.57,2,1542559,1542066,493
107865681,27.7809,41.8164,473,52585,0.805645,0.57,2,1542583,1542110,473
107868601,29.5562,27.5633,479,52625,0.809129,0.59,2,1542613,1542134,479
107871521,33.1112,28.7127,484,52665,0.809826,0.59,2,1542647,1542163,484
107874441,30.6222,32.9425,480,52705,0.857965,0.65,2,1542677,1542197,480
107877361,30.1244,27.3885,484,52745,0.931593,0.69,2,1542707,1542223,484
107889041,28,18,485,52905,0.93,0.71,2,1542810,1542325,485
107891961,23.2,26.8,478,52945,0.93,0.71,2,1542832,1542354,478
107894881,20.64,22.96,476,52985,0.946,0.73,2,1542852,1542376,476
107897801,16.928,21.392,471,53025,0.9492,0.67,2,1542868,1542397,471
108360621,19,11,492,27088,0.25,1,1,1547177,1546685,492
108363541,39.8,31.8,500,27166,0.154,1,1,1547222,1546722,500
108366461,73.56,72.76,499,27244,0.0708,0.93,1,1547304,1546805,499
108369381,57.112,68.952,484,27322,0.07016,0.61,1,1547357,1546873,484
108372301,51.4224,67.3904,467,27400,0.086032,0.63,1,1547407,1546940,467
108375221,39.0845,42.2781,467,27477,0.0892064,0.53,1,1547443,1546976,467
108378141,26.2169,39.6556,451,27554,0.153841,0.37,1,1547466,1547015,451
108381061,38.8434,45.5311,446,27631,0.134768,0.31,1,1547508,1547062,446
108383981,74.1687,32.3062,500,27708,0.130954,0.25,1,1547591,1547091,500
108386901,28.4337,75.2612,431,27784,0.194191,0.13,1,1547608,1547177,431
108389821,37.6867,51.0522,426,27860,0.222838,0.05,1,1547648,1547222,426
108392741,69.9374,75.8104,422,27936,0.212568,0.07,1,1547726,1547304,422
108395661,59.5875,57.5621,426,28012,0.258514,0.09,1,1547783,1547357,426
108398581,51.9175,51.5124,426,28088,0.235703,0.09,1,1547833,1547407,426
108401501,40.7835,39.1025,428,28163,0.231141,0.17,1,1547871,1547443,428
108404421,26.5567,26.2205,428,28238,0.262228,0.13,1,1547894,1547466,428
108407341,37.3113,38.8441,426,28313,0.300446,0.13,1,1547934,1547508,426
108410261,77.0623,74.1688,430,28388,0.260089,0.13,1,1548021,1547591,430
108413181,28.2125,14.8338,446,28463,0.252018,0.21,1,1548037,1547591,446
108416101,38.4425,16.5668,470,28537,0.234404,0.23,1,1548078,1547608,470
108419021,69.2885,35.3134,507,28611,0.262881,0.21,1,1548155,1547648,507
108421941,61.8577,69.4627,489,28685,0.300576,0.27,1,1548215,1547726,489
108424861,52.3715,59.4925,482,28759,0.308115,0.23,1,1548265,1547783,482
108427781,41.6743,51.8985,471,28833,0.373623,0.23,1,1548304,1547833,471
108430701,27.5349,40.7797,457,28906,0.354725,0.27,1,1548328,1547871,457
108433621,38.307,26.5559,475,28979,0.382945,0.31,1,1548369,1547894,475
108436541,75.6614,37.3112,520,29052,0.388589,0.25,1,1548454,1547934,520
108439461,27.9323,77.0622,449,29125,0.389718,0.25,1,1548470,1548021,449
108442381,37.5865,28.2124,473,29198,0.405944,0.23,1,1548510,1548037,473
108445301,70.7173,38.4425,511,29271,0.473189,0.27,1,1548589,1548078,511
108448221,63.7435,69.2885,496,29343,0.470638,0.31,1,1548651,1548155,496
108451141,52.7487,61.8577,486,29415,0.502128,0.31,1,1548701,1548215,486
108454061,43.3497,52.3715,477,29487,0.556426,0.39,1,1548742,1548265,477
108456981,27.8699,41.6743,462,29559,0.567285,0.35,1,1548766,1548304,462
108459901,38.374,27.5349,479,29631,0.553457,0.39,1,1548807,1548328,479
108462821,77.2748,38.307,525,29702,0.614691,0.39,1,1548894,1548369,525
108465741,29.055,75.6614,457,29773,0.642938,0.39,1,1548911,1548454,457
108468661,37.811,27.9323,481,29844,0.648588,0.41,1,1548951,1548470,481
108471581,9.1622,37.5865,443,29915,0.649718,0.49,1,1548953,1548510,443
108474501,67.4324,70.7173,446,29986,0.697944,0.47,1,1549035,1548589,446
108477421,63.0865,63.7435,446,30057,0.771589,0.51,2,1549097,1548651,446
108480341,53.4173,52.7487,447,30127,0.770318,0.57,2,1549148,1548701,447
108483261,45.8835,43.3497,450,30197,0.786064,0.57,2,1549192,1548742,450
108486181,28.3767,27.8699,450,30267,0.837213,0.55,2,1549216,1548766,450
108489101,37.6753,38.374,449,30337,0.847443,0.63,2,1549256,1548807,449
108492021,80.3351,77.2748,453,30407,0.897489,0.65,2,1549347,1548894,453
108494941,30.467,29.055,454,30477,0.923498,0.65,2,1549365,1548911,454
108646781,35,35,486,33897,0.65,0.98,1,1551765,1551279,486
108649701,38.2,35.8,489,33959,0.714,1,1,1551804,1551315,489
108652621,32.44,31.96,489,34021,0.6628,1,1,1551835,1551346,489
108655541,37.688,46.392,478,34083,0.60456,0.95,1,1551874,1551396,478
108658461,61.9376,55.6784,488,34145,0.576912,1,1,1551942,1551454,488
108661381,42.7875,45.5357,483,34207,0.523382,1,1,1551980,1551497,483
108664301,27.7575,9.10714,507,34269,0.464676,0.95,1,1552004,1551497,507
108667221,31.9515,31.4214,503,34331,0.452935,0.99,1,1552037,1551534,503
108670141,31.9903,34.2843,500,34393,0.450587,0.99,1,1552069,1551569,500
108673061,27.9981,30.8569,497,34454,0.418117,0.93,1,1552096,1551599,497
108675981,78.3996,32.5714,555,34515,0.475623,0.81,1,1552187,1551632,555
108678901,40.4799,84.9143,488,34576,0.455125,0.65,1,1552218,1551730,488
108681821,36.896,44.9829,489,34637,0.515025,0.73,1,1552254,1551765,489
108684741,30.5792,40.1966,479,34698,0.495005,0.65,1,1552283,1551804,479
108687661,38.1158,32.8393,488,34759,0.491001,0.59,1,1552323,1551835,488
108690581,58.0232,37.7679,512,34820,0.5382,0.57,1,1552386,1551874,512
108693501,38.8046,61.9536,478,34881,0.59564,0.51,1,1552420,1551942,478
108696421,28.5609,42.7907,466,34942,0.575128,0.45,1,1552446,1551980,466
108699341,32.1122,27.7581,475,35003,0.619026,0.45,1,1552479,1552004,475
108702261,32.0224,31.9516,474,35063,0.611805,0.45,1,1552511,1552037,474
108705181,29.6045,31.9903,471,35123,0.626361,0.41,1,1552540,1552069,471
108708101,77.9209,27.9981,534,35183,0.645272,0.49,1,1552630,1552096,534
108711021,41.1842,78.3996,475,35243,0.697054,0.45,1,1552662,1552187,475
108713941,38.6368,40.4799,482,35303,0.707411,0.53,1,1552700,1552218,482
108716861,30.1274,36.896,474,35363,0.709482,0.49,1,1552728,1552254,474
108719781,36.4255,30.5792,483,35423,0.709896,0.49,1,1552766,1552283,483
108722701,61.6851,38.1158,511,35483,0.725979,0.55,1,1552834,1552323,511
108725621,40.337,58.0232,483,35543,0.777196,0.61,2,1552869,1552386,483
108728541,28.8674,38.8046,475,35602,0.787439,0.57,2,1552895,1552420,475
108731461,32.9735,28.5609,483,35661,0.821488,0.63,2,1552929,1552446,483
108734381,8.1947,32.1122,452,35720,0.828298,0.61,2,1552931,1552479,452
108737301,28.8389,32.0224,454,35779,0.82966,0.63,2,1552965,1552511,454
108740221,28.9678,29.6045,454,35838,0.861932,0.65,2,1552994,1552540,454
108743141,77.7936,77.9209,454,35897,0.900386,0.71,2,1553084,1552630,454
108967981,117,138,465,17761,0.03,0.11,1,1556204,1555739,465
108970901,92.2,86.8,477,17881,0.078,0.13,1,1556290,1555813,477
108973821,92.84,97.36,470,18000,0.0236,0.05,1,1556383,1555913,470
108976741,32.968,66.672,429,18118,0.06072,0.09,1,1556401,1555972,429
108979661,28.1936,30.9344,434,18235,0.116144,0.03,1,1556428,1555994,434
108982581,70.4387,80.5869,422,18351,0.0312288,0.03,1,1556509,1556087,422
108985501,107.688,109.717,422,18467,0.0462458,0.09,1,1556626,1556204,422
108988421,94.3376,90.7435,427,18582,0.0492492,0.01,1,1556717,1556290,427
108991341,90.0675,92.5487,423,18696,0.00984983,0.07,1,1556806,1556383,423
108994261,34.0135,32.9097,425,18810,0.00996997,0.13,1,1556826,1556401,425
108997181,30.8027,28.1819,428,18923,0.041994,0.01,1,1556856,1556428,428
109000101,66.1605,70.4364,422,19035,0.0483988,0.05,1,1556931,1556509,422
109003021,106.832,107.687,422,19146,0.0656798,0.05,1,1557048,1556626,422
109005941,94.1664,94.3375,422,19257,0.085136,0,1,1557139,1556717,422
109008861,90.0333,90.0675,422,19367,0.0170272,0.01,1,1557228,1556806,422
109011781,34.8067,34.0135,423,19477,0.0274054,0.05,1,1557249,1556826,423
109014701,31.7613,30.8027,424,19586,0.0134811,0.05,1,1557280,1556856,424
109017621,63.9523,6.16054,496,19694,0.0266962,0.05,1,1557352,1556856,496
109020541,110.39,61.2321,543,19802,0.0293392,0.07,1,1557474,1556931,543
109023461,94.0781,105.846,516,19909,0.0458678,0.09,1,1557564,1557048,516
109026381,86.8156,93.9693,510,20016,0.0331736,0,1,1557649,1557139,510
109029301,34.1631,89.9939,442,20122,0.0466347,0.03,1,1557670,1557228,442
109032221,31.6326,34.7988,452,20227,0.0333269,0.01,1,1557701,1557249,452
109035141,65.5265,31.7598,495,20332,0.0306654,0.03,1,1557775,1557280,495
109038061,109.905,63.952,544,20436,0.0621331,0.03,1,1557896,1557352,544
109040981,94.7811,110.39,513,20540,0.0364266,0.05,1,1557987,1557474,513
109043901,86.1562,94.0781,507,20643,0.0952853,0.03,1,1558071,1557564,507
109046821,33.2312,86.8156,442,20746,0.0750571,0.05,1,1558091,1557649,442
109049741,32.2462,34.1631,453,20848,0.0390114,0.03,1,1558123,1557670,453
109052661,65.6493,31.6326,496,20950,0.0478023,0.03,1,1558197,1557701,496
109055581,111.53,65.5265,545,21051,0.0815605,0.07,1,1558320,1557775,545
109058501,23.906,109.905,426,21152,0.0883121,0.03,1,1558322,1557896,426
109061421,75.9812,94.7811,424,21252,0.0416624,0.11,1,1558411,1557987,424
109064341,83.1962,86.1562,425,21352,0.128332,0.07,1,1558496,1558071,425
109067261,32.6392,33.2312,425,21451,0.113666,0.03,1,1558516,1558091,425
109070181,30.5278,32.2462,423,21550,0.126733,0.05,1,1558546,1558123,423
109073101,66.1056,65.6493,424,21648,0.177347,0.09,1,1558621,1558197,424
109076021,113.221,111.53,426,21746,0.203469,0.09,1,1558746,1558320,426
109078941,24.2442,23.906,426,21844,0.208694,0.03,1,1558748,1558322,426
109081861,72.8488,75.9812,422,21941,0.145739,0.15,1,1558833,1558411,422
109084781,86.5698,83.1962,427,22038,0.181148,0.11,1,1558923,1558496,427
109087701,33.314,32.6392,427,22134,0.20423,0.13,1,1558943,1558516,427
109090621,32.2628,30.5278,429,22230,0.256846,0.19,1,1558975,1558546,429
109093541,66.4526,66.1056,429,22325,0.299369,0.21,1,1559050,1558621,429
109096461,114.091,113.221,430,22420,0.291874,0.21,1,1559176,1558746,430
109099381,24.4181,24.2442,430,22515,0.290375,0.21,1,1559178,1558748,430
109102301,68.8836,4.84884,510,22609,0.290075,0.13,1,1559258,1558748,510
109105221,90.5767,68.9698,521,22703,0.274015,0.19,1,1559354,1558833,521
109108141,34.1153,85.794,451,22796,0.318803,0.21,1,1559374,1558923,451
109111061,35.6231,33.1588,467,22889,0.327761,0.27,1,1559410,1558943,467
109113981,67.9246,32.2318,511,22982,0.393552,0.31,1,1559486,1558975,511
109116901,113.585,66.4464,561,23074,0.40671,0.29,1,1559611,1559050,561
109119821,24.317,114.089,437,23166,0.409342,0.29,1,1559613,1559176,437
109122741,68.8634,24.4179,515,23258,0.425868,0.29,1,1559693,1559178,515
109125661,92.1727,68.8836,533,23349,0.429174,0.27,1,1559791,1559258,533
109128581,34.4345,90.5767,457,23440,0.445835,0.33,1,1559811,1559354,457
109131501,35.6869,34.1153,473,23530,0.497167,0.33,1,1559847,1559374,473
109134421,71.1374,35.6231,517,23620,0.555433,0.41,1,1559927,1559410,517
109137341,114.227,67.9246,566,23710,0.583087,0.41,1,1560052,1559486,566
109140261,24.4455,113.585,443,23799,0.588617,0.41,1,1560054,1559611,443
109143181,70.4891,24.317,523,23888,0.637723,0.43,1,1560136,1559613,523
109146101,91.6978,68.8634,540,23977,0.631545,0.43,1,1560233,1559693,540
109149021,19.9396,92.1727,444,24065,0.630309,0.45,1,1560235,1559791,444
109151941,21.5879,34.4345,446,24153,0.646062,0.51,1,1560257,1559811,446
109154861,34.7176,35.6869,448,24241,0.649212,0.57,1,1560295,1559847,448
109157781,72.5435,71.1374,450,24328,0.713842,0.59,1,1560377,1559927,450
109160701,116.109,114.227,452,24415,0.774769,0.59,2,1560504,1560052,452
109163621,24.8217,24.4455,452,24502,0.786954,0.65,2,1560506,1560054,452
109166541,72.1644,70.4891,454,24588,0.789391,0.63,2,1560590,1560136,454
109169461,92.0329,91.6978,454,24674,0.853878,0.63,2,1560687,1560233,454
109172381,20.0066,19.9396,454,24760,0.866776,0.65,2,1560689,1560235,454
109175301,20.0013,21.5879,452,24846,0.885355,0.65,2,1560709,1560257,452
109268741,36,21,507,27442,0.77,1,2,1562622,1562115,507
109271661,29.6,26.6,507,27519,0.706,1,1,1562650,1562143,507
109274581,29.92,24.52,513,27596,0.6452,1,1,1562680,1562167,513
109303781,409.184,464.904,442,11680,0.15304,0.07,1,1563184,1562742,442
109306701,311.437,232.981,554,11862,0.038608,0.01,1,1563471,1562917,554
109309621,129.487,176.196,476,12041,0.0317216,0.03,1,1563555,1563079,476
109312541,38.6975,79.2392,437,12218,0.0303443,0.03,1,1563571,1563134,437
109315461,37.3395,51.0478,430,12392,0.0460689,0.01,1,1563608,1563178,430
109318381,237.068,244.61,424,12564,0.113214,0.03,1,1563895,1563471,424
109321301,113.814,116.122,423,12733,0.0306428,0.03,1,1563978,1563555,423
109324221,35.5627,36.0244,423,12900,0.0141285,0.05,1,1563994,1563571,423
109327141,36.7125,36.8049,423,13065,0.0268257,0.13,1,1564031,1563608,423
109330061,240.943,236.961,428,13228,0.173365,0.01,1,1564323,1563895,428
109332981,109.789,113.792,422,13389,0.122673,0.01,1,1564400,1563978,422
109335901,34.7577,35.5584,422,13548,0.112535,0.03,1,1564416,1563994,422
109338821,36.5515,36.7117,422,13705,0.0945069,0.03,1,1564453,1564031,422
109340281,168.11,7.34234,623,13860,0.0749014,0.21,1,1564654,1564031,623
109343201,112.822,235.068,430,14013,0.18298,0.11,1,1564753,1564323,430
109346121,80.1644,108.614,425,14165,0.236596,0.11,1,1564825,1564400,425
109349041,28.8329,34.5227,425,14315,0.263319,0.09,1,1564841,1564416,425
109351961,34.5666,36.5045,424,14463,0.236664,0.07,1,1564877,1564453,424
109354881,251.713,168.101,529,14610,0.311333,0.21,1,1565183,1564654,529
109357801,108.743,112.82,503,14755,0.406267,0.25,1,1565256,1564753,503
109360721,35.3485,80.164,448,14899,0.409253,0.27,1,1565273,1564825,448
109363641,35.8697,28.8328,468,15042,0.425851,0.23,1,1565309,1564841,468
109366561,8.77394,34.5666,434,15183,0.42917,0.33,1,1565311,1564877,434
109369481,251.355,251.713,440,15323,0.541834,0.43,1,1565623,1565183,440
109372401,111.071,108.743,443,15462,0.580367,0.41,1,1565699,1565256,443
109375321,35.0142,35.3485,442,15599,0.604073,0.43,1,1565715,1565273,442
109378241,36.6028,35.8697,443,15735,0.656815,0.43,1,1565752,1565309,443
109381161,8.92057,8.77394,443,15870,0.635363,0.57,1,1565754,1565311,443
109384081,257.784,251.355,451,16004,0.711073,0.59,1,1566074,1565623,451
109387001,113.157,111.071,452,16137,0.774215,0.61,2,1566151,1565699,452
109389921,35.4314,35.0142,452,16269,0.818843,0.67,2,1566167,1565715,452
109392841,37.4863,36.6028,453,16400,0.811769,0.63,2,1566205,1565752,453
109395761,9.09725,8.92057,453,16529,0.810354,0.73,2,1566207,1565754,453
109398681,260.219,257.784,456,16657,0.906071,0.73,2,1566530,1566074,456
109476061,28,40,519,19811,0.79,1,2,1568598,1568079,519
109478981,33.6,37.6,517,19918,0.646,1,1,1568633,1568116,517
109480441,181.92,30.72,707,20025,0.2332,1,1,1568852,1568145,707
109483361,92.384,238.144,487,20131,0.10264,1,1,1568922,1568435,487
109486281,40.8768,71.6288,485,20236,0.020528,0.88,1,1568950,1568465,485
109489201,49.7754,67.9258,470,20341,0.0041056,0.81,1,1569002,1568532,470
109492121,36.3551,43.9852,465,20445,0.00082112,0.79,1,1569035,1568570,465
109495041,26.471,31.197,461,20549,0.00816422,0.61,1,1569059,1568598,461
109497961,30.0942,34.2394,457,20652,0.0256328,0.13,1,1569090,1568633,457
109500881,209.219,182.048,492,20755,0.0131266,0.07,1,1569344,1568852,492
109503801,65.8438,92.4096,452,20857,0.0586253,0,1,1569374,1568922,452
109506721,52.3688,40.8819,473,20959,0.0197251,0,1,1569423,1568950,473
109509641,12.0737,49.7764,423,21060,0.027945,0,1,1569425,1569002,423
109512561,28.0148,36.3553,422,21161,0.029589,0.01,1,1569457,1569035,422
109515481,28.0029,26.4711,426,21261,0.0299178,0.03,1,1569485,1569059,426
109518401,27.2006,30.0942,422,21361,0.0299836,0.01,1,1569512,1569090,422
109521321,210.24,209.219,424,21460,0.00599671,0.07,1,1569768,1569344,424
109524241,65.248,65.8438,423,21559,0.00919934,0.01,1,1569797,1569374,423
109527161,52.2496,52.3688,423,21657,0.0418399,0.03,1,1569846,1569423,423
109530081,12.0499,12.0738,423,21755,0.048368,0.03,1,1569848,1569425,423
109533001,27.21,28.0148,422,21852,0.0336736,0.03,1,1569879,1569457,422
109535921,27.842,28.0029,422,21949,0.0307347,0.03,1,1569907,1569485,422
109538841,27.1684,27.2006,422,22046,0.0461469,0,1,1569934,1569512,422
109541761,211.834,210.24,424,22142,0.0332294,0.01,1,1570192,1569768,424
109544681,63.9667,65.248,422,22238,0.0146459,0.05,1,1570219,1569797,422
109547601,51.9933,52.2496,422,22333,0.0269292,0.05,1,1570268,1569846,422
109550521,11.9987,12.0499,422,22428,0.0293858,0.03,1,1570270,1569848,422
109553441,27.1997,27.21,422,22523,0.0298772,0.03,1,1570301,1569879,422
109556361,27.0399,5.442,449,22617,0.0139754,0.03,1,1570328,1569879,449
109559281,27.008,23.4884,448,22711,0.0267951,0.05,1,1570355,1569907,448
109560741,166.202,26.2977,622,22804,0.045359,0.03,1,1570556,1569934,622
109563661,79.6403,211.66,422,22897,0.113072,0.01,1,1570614,1570192,422
109566581,38.3281,63.9319,423,22990,0.0626144,0.03,1,1570642,1570219,423
109569501,46.0656,51.9864,422,23082,0.0365229,0.03,1,1570690,1570268,422
109572421,10.8131,11.9973,422,23174,0.0313046,0.03,1,1570692,1570270,422
109575341,26.9626,27.1995,422,23265,0.0302609,0.01,1,1570723,1570301,422
109578261,28.5925,27.0399,424,23356,0.0140522,0.03,1,1570752,1570328,424
109581181,27.3185,27.008,424,23447,0.0588104,0.05,1,1570779,1570355,424
109584101,213.464,166.202,483,23537,0.0517621,0.13,1,1571039,1570556,483
109587021,61.8927,79.6403,449,23627,0.0503524,0.05,1,1571063,1570614,449
109589941,50.7785,38.3281,469,23717,0.0820705,0.03,1,1571111,1570642,469
109592861,11.7557,46.0656,423,23806,0.0884141,0.03,1,1571113,1570690,423
109595781,27.1511,10.8131,452,23895,0.0896828,0.03,1,1571144,1570692,452
109598701,29.4302,26.9626,451,23984,0.105937,0.01,1,1571174,1570723,451
109601621,7.48605,28.5925,424,24072,0.0771873,0.07,1,1571176,1570752,424
109604541,23.8972,27.3185,425,24160,0.0714375,0.05,1,1571204,1570779,425
109607461,211.979,213.464,424,24248,0.182287,0.05,1,1571463,1571039,424
109610381,62.3959,61.8927,425,24335,0.220457,0.09,1,1571488,1571063,425
109613301,50.0792,50.7785,424,24422,0.212092,0.09,1,1571535,1571111,424
109616221,11.6158,11.7557,424,24509,0.242418,0.09,1,1571537,1571113,424
109619141,27.9232,27.1511,425,24595,0.248484,0.11,1,1571569,1571144,425
109622061,29.5846,29.4302,425,24681,0.313697,0.07,1,1571599,1571174,425
109624981,7.51693,7.48605,425,24767,0.294739,0.07,1,1571601,1571176,425
109627901,23.9034,23.8972,425,24853,0.306948,0.21,1,1571629,1571204,425
109630821,217.581,211.979,432,24938,0.42139,0.23,1,1571895,1571463,432
109633741,64.3161,62.3959,433,25023,0.444278,0.21,1,1571921,1571488,433
109636661,49.6632,50.0792,432,25108,0.448856,0.25,1,1571967,1571535,432
109639581,11.5326,11.6158,432,25192,0.465771,0.25,1,1571969,1571537,432
109642501,30.3065,27.9232,435,25276,0.485154,0.33,1,1572004,1571569,435
109645421,30.8613,29.5846,436,25360,0.473031,0.29,1,1572035,1571599,436
109648341,7.77226,7.51693,436,25444,0.502606,0.29,1,1572037,1571601,436
109651261,23.9545,1.50339,464,25527,0.492521,0.31,1,1572065,1571601,464
109652721,165.591,22.7007,637,25610,0.586504,0.45,1,1572266,1571629,637
109655641,91.5182,217.34,444,25693,0.653301,0.45,1,1572339,1571895,444
109658561,39.1036,64.268,444,25775,0.63466,0.45,1,1572365,1571921,444
109661481,45.4207,49.6536,445,25857,0.678932,0.47,1,1572412,1571967,445
109664401,10.6841,11.5307,445,25939,0.655786,0.49,1,1572414,1571969,445
109667321,30.9368,30.3061,446,26021,0.651157,0.47,1,1572450,1572004,446
109670241,30.1874,30.8612,445,26102,0.666231,0.51,1,1572480,1572035,445
109673161,7.63747,7.77225,445,26183,0.701246,0.49,1,1572482,1572037,445
109676081,25.5275,23.9544,447,26264,0.708249,0.61,1,1572512,1572065,447
109679001,228.305,165.591,525,26345,0.80565,0.67,2,1572791,1572266,525
109681921,66.4611,91.5182,478,26425,0.82513,0.63,2,1572817,1572339,478
109684841,51.6922,39.1036,500,26505,0.829026,0.69,2,1572865,1572365,500
109687761,11.9384,45.4207,455,26585,0.829805,0.65,2,1572867,1572412,455
109690681,31.9877,10.6841,490,26665,0.829961,0.65,2,1572904,1572414,490
109693601,30.3975,30.9368,484,26744,0.829992,0.67,2,1572934,1572450,484
109696521,7.67951,30.1874,456,26823,0.829998,0.71,2,1572936,1572480,456
109699441,25.5359,7.63747,484,26902,0.83,0.71,2,1572966,1572482,484
109702361,6.70718,25.5275,456,26981,0.83,0.83,2,1572968,1572512,456
109813321,16,252,479,29889,0.15,1,1,1575150,1574671,479
109816241,30.4,50.4,513,29960,0.102,1,1,1575184,1574671,513
109819161,38.88,37.28,520,30031,0.1244,1,1,1575225,1574705,520
109822081,34.176,44.256,507,30101,0.11288,1,1,1575258,1574751,507
109825001,27.6352,30.4512,506,30171,0.094576,1,1,1575284,1574778,506
109827921,27.127,30.8902,502,30241,0.0269152,0.98,1,1575311,1574809,502
109830841,31.8254,27.778,508,30311,0.029383,1,1,1575344,1574836,508
109833761,30.3651,33.5556,503,30381,0.0618766,1,1,1575374,1574871,503
109836681,23.673,33.1111,492,30451,0.0843753,0.93,1,1575396,1574904,492
109839601,135.135,26.6222,630,30521,0.120875,0.15,1,1575559,1574929,630
109842521,43.8269,182.124,430,30590,0.160175,0.09,1,1575580,1575150,430
109845441,31.1654,63.6249,424,30659,0.184035,0.13,1,1575608,1575184,424
109848361,39.0331,45.525,424,30728,0.220807,0.11,1,1575649,1575225,424
109851281,35.0066,35.505,425,30797,0.260161,0.09,1,1575683,1575258,425
109854201,26.2013,27.901,423,30866,0.284032,0.01,1,1575707,1575284,423
109857121,26.8403,27.1802,423,30935,0.208806,0.03,1,1575734,1575311,423
109860041,34.1681,31.836,426,31003,0.177761,0.07,1,1575770,1575344,426
109862961,30.0336,30.3672,425,31071,0.171552,0.09,1,1575799,1575374,425
109865881,25.2067,23.6734,427,31139,0.13831,0.13,1,1575823,1575396,427
109868801,137.841,135.135,430,31207,0.227662,0.17,1,1575989,1575559,430
109871721,45.1683,43.8269,431,31275,0.245532,0.19,1,1576011,1575580,431
109874641,29.8337,31.1654,429,31343,0.249106,0.19,1,1576037,1575608,429
109877561,39.5667,6.23308,471,31411,0.249821,0.23,1,1576079,1575608,471
109880481,39.1133,34.0466,469,31478,0.233964,0.27,1,1576118,1575649,469
109883401,25.4227,34.0093,457,31545,0.262793,0.29,1,1576140,1575683,457
109886321,22.6845,26.0019,455,31612,0.268559,0.19,1,1576162,1575707,455
109889241,34.1369,26.8004,465,31679,0.317712,0.17,1,1576199,1575734,465
109892161,28.4274,34.1601,456,31746,0.343542,0.17,1,1576226,1575770,456
109895081,24.8855,30.032,451,31813,0.348708,0.13,1,1576250,1575799,451
109898001,140.977,25.2064,597,31880,0.397742,0.25,1,1576420,1575823,597
109900921,45.7954,137.841,453,31946,0.423548,0.25,1,1576442,1575989,453
109903841,29.9591,45.1683,457,32012,0.44471,0.25,1,1576468,1576011,457
109906761,41.1918,29.8337,475,32078,0.448942,0.25,1,1576512,1576037,475
109909681,40.2384,39.5667,473,32144,0.513788,0.23,1,1576552,1576079,473
109912601,25.6477,39.1133,456,32210,0.494758,0.27,1,1576574,1576118,456
109915521,22.7295,25.4227,456,32276,0.490952,0.27,1,1576596,1576140,456
109918441,36.5459,22.6845,474,32342,0.53819,0.33,1,1576636,1576162,474
109921361,29.7092,34.1369,465,32407,0.547638,0.35,1,1576664,1576199,465
109924281,25.1418,28.4274,462,32472,0.549528,0.35,1,1576688,1576226,462
109927201,143.428,24.8855,611,32537,0.581906,0.41,1,1576861,1576250,611
109930121,47.0857,140.977,464,32602,0.572381,0.43,1,1576884,1576420,464
109933041,31.0171,45.7954,469,32667,0.602476,0.45,1,1576911,1576442,469
109935961,42.2034,29.9591,488,32732,0.624495,0.45,1,1576956,1576468,488
109938881,10.0407,41.1918,446,32797,0.628899,0.53,1,1576958,1576512,446
109941801,34.0081,40.2384,446,32861,0.64578,0.49,1,1576998,1576552,446
109944721,24.4016,25.6477,446,32925,0.649156,0.49,1,1577020,1576574,446
109947641,23.2803,22.7295,447,32989,0.633831,0.55,1,1577043,1576596,447
109950561,38.2561,36.5459,449,33053,0.662766,0.55,1,1577085,1576636,449
109953481,30.0512,29.7092,449,33117,0.668553,0.55,1,1577113,1576664,449
109956401,25.2102,25.1418,449,33181,0.685711,0.59,1,1577137,1576688,449
109959321,145.042,143.428,451,33245,0.753142,0.57,2,1577312,1576861,451
109962241,46.6084,47.0857,450,33309,0.766628,0.61,2,1577334,1576884,450
109965161,32.5217,31.0171,452,33372,0.785326,0.63,2,1577363,1576911,452
109968081,41.7043,42.2034,451,33435,0.805065,0.63,2,1577407,1576956,451
109971001,9.94087,10.0407,451,33498,0.825013,0.65,2,1577409,1576958,451
109973921,34.7882,34.0081,452,33561,0.813003,0.65,2,1577450,1576998,452
109976841,24.5576,24.4016,452,33624,0.810601,0.63,2,1577472,1577020,452
109979761,24.1115,23.2803,453,33687,0.85812,0.67,2,1577496,1577043,453
109982681,40.0223,38.2561,455,33750,0.899624,0.67,2,1577540,1577085,455
109985601,31.2045,30.0512,456,33813,0.907925,0.69,2,1577569,1577113,456
109988521,26.2409,25.2102,457,33876,0.893585,0.77,2,1577594,1577137,457
110343301,131,110,489,18366,0.05,0.19,1,1582554,1582065,489
110346221,103.8,121.2,462,18482,0.018,0.05,1,1582651,1582189,462
110349141,86.36,76.24,479,18597,0.0276,0.09,1,1582733,1582254,479
110352061,61.272,84.048,448,18711,0.12552,0.11,1,1582788,1582340,448
110354981,33.0544,50.4096,432,18824,0.161104,0.05,1,1582814,1582382,432
110357901,33.0109,30.0819,440,18937,0.120221,0.05,1,1582847,1582407,440
110360821,111.402,123.616,424,19049,0.208044,0.01,1,1582978,1582554,424
110363741,99.0804,102.323,423,19160,0.241609,0.03,1,1583074,1582651,423
110366661,85.4161,86.0647,423,19271,0.152322,0.15,1,1583156,1582733,423
110369581,64.2832,61.2129,427,19381,0.134464,0.17,1,1583215,1582788,427
110372501,34.4566,33.0426,428,19490,0.114893,0.11,1,1583242,1582814,428
110375421,32.4913,33.0085,427,19599,0.110979,0.11,1,1583274,1582847,427
110378341,113.698,6.6017,561,19707,0.0941957,0.23,1,1583408,1582847,561
110381261,100.34,106.12,527,19815,0.122839,0.25,1,1583505,1582978,527
110384181,77.6679,98.0241,503,19922,0.128568,0.13,1,1583577,1583074,503
110387101,65.9336,85.2048,484,20028,0.113714,0.13,1,1583640,1583156,484
110390021,33.9867,64.241,451,20134,0.110743,0.11,1,1583666,1583215,451
110392941,33.1973,34.4482,457,20239,0.142149,0.11,1,1583699,1583242,457
110395861,113.839,32.4896,559,20344,0.22843,0.09,1,1583833,1583274,559
110398781,101.968,113.698,524,20448,0.309686,0.13,1,1583932,1583408,524
110401701,77.9936,100.34,499,20552,0.357937,0.13,1,1584004,1583505,499
110404621,65.1987,77.6679,489,20655,0.367587,0.11,1,1584066,1583577,489
110407541,33.8397,65.9336,452,20758,0.417518,0.11,1,1584092,1583640,452
110410461,37.1679,33.9867,464,20860,0.427503,0.15,1,1584130,1583666,464
110413381,117.034,33.1973,568,20962,0.461501,0.25,1,1584267,1583699,568
110416301,25.0067,113.839,436,21063,0.5163,0.33,1,1584269,1583833,436
110419221,85.8013,101.968,438,21164,0.52726,0.37,1,1584370,1583932,438
110422141,76.3603,77.9936,440,21264,0.497452,0.37,1,1584444,1584004,440
110425061,66.4721,65.1987,442,21364,0.53949,0.43,1,1584508,1584066,442
110427981,34.8944,33.8397,443,21463,0.563898,0.43,1,1584535,1584092,443
110430901,37.3789,37.1679,443,21562,0.56878,0.47,1,1584573,1584130,443
110433821,121.076,117.034,448,21660,0.649756,0.53,1,1584715,1584267,448
110436741,25.8152,25.0067,448,21758,0.665951,0.53,1,1584717,1584269,448
110439661,85.963,85.8013,448,21855,0.68519,0.49,1,1584818,1584370,448
110442581,75.5926,76.3603,447,21952,0.737038,0.55,1,1584891,1584444,447
110445501,66.3185,66.4721,447,22049,0.747408,0.57,1,1584955,1584508,447
110448421,35.6637,34.8944,448,22145,0.797482,0.57,2,1584983,1584535,448
110451341,37.5327,37.3789,448,22241,0.823496,0.67,2,1585021,1584573,448
110454261,126.707,121.076,455,22336,0.844699,0.67,2,1585170,1584715,455
110457181,26.9413,25.8152,455,22431,0.84894,0.69,2,1585172,1584717,455
110460101,86.9883,85.963,456,22526,0.913788,0.69,2,1585274,1584818,456
110463021,75.7977,17.1926,529,22620,0.910758,0.75,2,1585347,1584818,529
110465941,68.7595,61.8385,523,22714,0.926152,0.75,2,1585414,1584891,523
110468861,36.1519,63.5677,487,22807,0.92923,0.81,2,1585442,1584955,487
110568141,22,136,505,25778,0.57,1,1,1587567,1587062,505
110571061,74.8,53.6,560,25860,0.442,0.76,1,1587655,1587095,560
110573981,62.16,74.72,539,25942,0.4324,1,1,1587714,1587175,539
110576901,81.232,69.344,557,26024,0.23848,0.96,1,1587800,1587243,557
110579821,44.2464,83.4688,505,26105,0.167696,0.91,1,1587835,1587330,505
110582741,24.0493,44.6938,489,26186,0.121539,0.97,1,1587854,1587365,489
110585661,26.4099,27.3388,493,26267,0.0643078,0.89,1,1587881,1587388,493
110588581,98.082,25.4677,584,26348,0.0688616,0.59,1,1587997,1587413,584
110591501,36.4164,110.694,473,26428,0.0697723,0.57,1,1588018,1587545,473
110594421,69.6833,39.7387,529,26508,0.133954,0.41,1,1588096,1587567,529
110597341,57.1367,78.3477,495,26588,0.146791,0.43,1,1588150,1587655,495
110600261,75.4273,62.8695,516,26668,0.229358,0.19,1,1588230,1587714,516
110603181,41.4855,81.3739,463,26747,0.213872,0.15,1,1588263,1587800,463
110606101,23.4971,44.2748,447,26826,0.258774,0.11,1,1588282,1587835,447
110609021,23.0994,24.055,451,26905,0.251755,0.05,1,1588305,1587854,451
110611941,6.21988,26.411,426,26984,0.250351,0.07,1,1588307,1587881,426
110614861,93.244,98.0822,425,27062,0.28207,0.07,1,1588422,1587997,425
110617781,37.0488,36.4164,427,27140,0.288414,0.15,1,1588445,1588018,427
110620701,71.4098,69.6833,429,27218,0.321683,0.15,1,1588525,1588096,429
110623621,57.482,57.1367,429,27296,0.360337,0.25,1,1588579,1588150,429
110626541,79.4964,75.4273,434,27374,0.416067,0.21,1,1588664,1588230,434
110629461,40.6993,41.4855,432,27451,0.427213,0.27,1,1588695,1588263,432
110632381,25.7399,23.4971,435,27528,0.429443,0.25,1,1588717,1588282,435
110635301,22.748,23.0994,434,27605,0.461889,0.25,1,1588739,1588305,434
110638221,6.14959,6.21988,434,27682,0.468378,0.29,1,1588741,1588307,434
110641141,93.2299,93.244,434,27759,0.501676,0.29,1,1588856,1588422,434
110644061,38.646,37.0488,436,27835,0.492335,0.33,1,1588881,1588445,436
110646981,72.5292,71.4098,437,27911,0.570467,0.37,1,1588962,1588525,437
110649901,58.5058,57.482,438,27987,0.538093,0.43,1,1589017,1588579,438
110652821,83.7012,79.4964,443,28063,0.595619,0.43,1,1589107,1588664,443
110655741,41.5402,40.6993,443,28138,0.607124,0.43,1,1589138,1588695,443
110658661,25.908,25.7399,443,28213,0.609425,0.47,1,1589160,1588717,443
110661581,22.7816,22.748,443,28288,0.641885,0.47,1,1589182,1588739,443
110664501,6.15632,6.14959,443,28363,0.616377,0.47,1,1589184,1588741,443
110667421,94.0313,1.22992,559,28438,0.627275,0.51,1,1589300,1588741,559
110670341,39.6063,92.246,470,28512,0.645455,0.49,1,1589326,1588856,470
110673261,75.1213,38.4492,529,28586,0.665091,0.59,1,1589410,1588881,529
110676181,58.2243,72.4898,502,28660,0.669018,0.53,1,1589464,1588962,502
110679101,86.0449,58.498,540,28734,0.669804,0.61,1,1589557,1589017,540
110682021,42.809,83.6996,482,28808,0.733961,0.61,1,1589589,1589107,482
110684941,26.1618,41.5399,473,28881,0.746792,0.61,1,1589611,1589138,473
110687861,22.8324,25.908,473,28954,0.765358,0.65,2,1589633,1589160,473
110690781,6.16647,22.7816,453,29027,0.769072,0.61,2,1589635,1589182,453
110693701,94.8333,6.15632,568,29100,0.817814,0.63,2,1589752,1589184,568
110696621,40.5667,94.0313,479,29173,0.843563,0.65,2,1589779,1589300,479
110699541,76.1133,39.6063,538,29246,0.880713,0.67,2,1589864,1589326,538
111079141,29,34,507,37493,0.73,1,1,1595588,1595081,507
111082061,34.6,26.8,518,37549,0.682,1,1,1595624,1595106,518
111084981,46.12,50.16,511,37605,0.4324,1,1,1595673,1595162,511
111087901,54.024,38.832,531,37661,0.08648,1,1,1595729,1595198,531
111090821,48.4048,62.9664,509,37717,0.025296,1,1,1595776,1595267,509
111093741,50.481,41.3933,524,37773,0.0290592,1,1,1595827,1595303,524
111096661,38.8962,45.8787,513,37829,0.0298118,1,1,1595863,1595350,513
111099581,39.7792,39.5757,515,37885,0.0459624,1,1,1595903,1595388,515
111102501,27.1558,39.1151,500,37941,0.0171925,0.87,1,1595927,1595427,500
111105421,30.2312,29.423,504,37997,0.0274385,1,1,1595958,1595454,504
111108341,32.4462,33.0846,503,38053,0.0294877,0.86,1,1595991,1595488,503
111111261,26.4892,36.2169,491,38109,0.00589754,0.74,1,1596016,1595525,491
111114181,23.6978,34.4434,480,38164,0.00917951,0.73,1,1596039,1595559,480
111117101,29.5396,30.0887,482,38219,0.0578359,0.67,1,1596070,1595588,482
111120021,34.7079,34.8177,482,38274,0.0515672,0.37,1,1596106,1595624,482
111122941,42.1416,46.1635,477,38329,0.0183134,0,1,1596150,1595673,477
111125861,46.8283,54.0327,469,38384,0.0276627,0.01,1,1596198,1595729,469
111128781,49.3657,48.4065,472,38439,0.0455325,0.03,1,1596248,1595776,472
111131701,38.6731,50.4813,457,38494,0.0331065,0.03,1,1596284,1595827,457
111134621,40.5346,38.8963,462,38549,0.0626213,0.05,1,1596325,1595863,462
111137541,27.3069,39.7793,446,38604,0.0365243,0.01,1,1596349,1595903,446
111140461,7.06138,27.1559,424,38659,0.00730485,0.03,1,1596351,1595927,424
111143381,24.6123,30.2312,422,38714,0.041461,0.03,1,1596380,1595958,422
111146301,32.1225,32.4462,423,38769,0.0962922,0,1,1596414,1595991,423
111149221,27.2245,26.4892,424,38823,0.0432584,0.01,1,1596440,1596016,424
111152141,23.8449,23.6978,424,38877,0.0166517,0.07,1,1596463,1596039,424
111155061,27.969,29.5396,422,38931,0.0593303,0.05,1,1596492,1596070,422
111157981,36.7938,34.7079,425,38985,0.0198661,0.01,1,1596531,1596106,425
111160901,40.1588,42.1416,422,39039,0.0759732,0.03,1,1596572,1596150,422
111163821,47.2318,46.8283,423,39093,0.0551946,0.05,1,1596621,1596198,423
111166741,48.6464,49.3657,422,39147,0.0510389,0.03,1,1596670,1596248,422
111169661,38.5293,38.6731,422,39201,0.0502078,0.07,1,1596706,1596284,422
111172581,42.9059,40.5346,425,39255,0.0180416,0.03,1,1596750,1596325,425
111175501,26.1812,27.3069,423,39309,0.0116083,0,1,1596772,1596349,423
111178421,6.83623,7.06138,423,39363,0.00232166,0.05,1,1596774,1596351,423
111181341,25.3672,24.6123,424,39417,0.0564643,0.11,1,1596804,1596380,424
111184261,33.0734,32.1225,425,39471,0.0192929,0.03,1,1596839,1596414,425
111187181,25.0147,27.2245,422,39525,0.0438586,0.01,1,1596862,1596440,422
111190101,24.2029,23.8449,423,39578,0.00877171,0.07,1,1596886,1596463,423
111193021,28.8406,27.969,424,39631,0.0257543,0.01,1,1596916,1596492,424
111195941,36.1681,36.7938,423,39684,0.125151,0.09,1,1596954,1596531,423
111198861,39.2336,40.1588,422,39737,0.14503,0.05,1,1596994,1596572,422
111201781,47.0467,47.2318,422,39790,0.117006,0.05,1,1597043,1596621,422
111204701,48.6093,48.6464,422,39843,0.0314012,0.05,1,1597092,1596670,422
111207621,38.5219,38.5293,422,39896,0.0462802,0.01,1,1597128,1596706,422
111210541,42.9044,42.9059,422,39949,0.049256,0.01,1,1597172,1596750,422
111213461,26.1809,26.1812,422,40002,0.0178512,0,1,1597194,1596772,422
111216381,6.83617,6.83623,422,40055,0.00357024,0.07,1,1597196,1596774,422
111219301,25.3672,25.3672,422,40108,0.040714,0.07,1,1597226,1596804,422
111222221,32.2734,5.07345,456,40161,0.0481428,0.01,1,1597260,1596804,456
111225141,24.8547,29.0147,444,40214,0.0336286,0.05,1,1597283,1596839,444
111228061,24.1709,24.2029,445,40267,0.0147257,0,1,1597307,1596862,445
111230981,30.4342,24.0406,453,40319,0.00294514,0.03,1,1597339,1596886,453
111233901,38.8868,28.8081,464,40371,0.088589,0.15,1,1597380,1596916,464
111236821,39.7774,36.1616,466,40423,0.137718,0.15,1,1597420,1596954,466
111239741,45.5555,39.2323,473,40475,0.163544,0.11,1,1597467,1596994,473
111242661,45.9111,47.0465,470,40527,0.168709,0.01,1,1597513,1597043,470
111245581,37.9822,48.6093,457,40579,0.0737417,0.05,1,1597549,1597092,457
111248501,42.7964,38.5219,465,40631,0.0227483,0.05,1,1597593,1597128,465
111251421,26.1593,42.9044,443,40683,0.0285497,0.01,1,1597615,1597172,443
111254341,6.83186,26.1809,423,40735,0.00570993,0,1,1597617,1597194,423
111257261,26.9664,6.83617,453,40787,0.025142,0.05,1,1597649,1597196,453
111260181,32.5933,25.3672,457,40839,0.0290284,0.05,1,1597683,1597226,457
111263101,24.1187,32.2734,445,40891,0.0458057,0.03,1,1597705,1597260,445
111266021,24.0237,24.8547,446,40943,0.0331611,0.01,1,1597729,1597283,446
111268941,31.2047,24.1709,455,40995,0.0306322,0,1,1597762,1597307,455
111271861,42.2409,30.4342,468,41046,0.0461264,0.11,1,1597807,1597339,468
111274781,42.0482,38.8868,469,41097,0.0972253,0.15,1,1597849,1597380,469
111277701,46.0096,39.7774,476,41148,0.0914451,0.17,1,1597896,1597420,476
111280621,44.4019,45.5555,473,41199,0.122289,0.17,1,1597940,1597467,473
111283541,32.8804,45.9111,457,41250,0.144458,0.05,1,1597970,1597513,457
111286461,42.5761,37.9822,466,41301,0.0528916,0.01,1,1598015,1597549,466
111289381,25.3152,42.7964,443,41352,0.0185783,0.03,1,1598036,1597593,443
111292301,6.66304,26.1593,423,41403,0.0117157,0,1,1598038,1597615,423
111295221,27.7326,6.83186,454,41454,0.0263431,0.03,1,1598071,1597617,454
111298141,32.7465,26.9664,456,41505,0.0452686,0.03,1,1598105,1597649,456
111301061,8.1493,32.5933,424,41556,0.0650537,0.05,1,1598107,1597683,424
111303981,20.0299,24.1187,425,41607,0.0850107,0.03,1,1598130,1597705,425
111306901,21.606,24.0237,423,41658,0.0890022,0.03,1,1598152,1597729,423
111309821,30.7212,31.2047,423,41709,0.0738004,0.05,1,1598185,1597762,423
111312741,44.5442,42.2409,426,41760,0.0707601,0.11,1,1598233,1597807,426
111315661,43.3088,42.0482,427,41811,0.054152,0.09,1,1598276,1597849,427
111318581,45.4618,46.0096,426,41861,0.13083,0.13,1,1598322,1597896,426
111321501,45.8924,44.4019,428,41911,0.130166,0.15,1,1598368,1597940,428
111324421,33.9785,32.8804,429,41961,0.210033,0.03,1,1598399,1597970,429
111327341,37.9957,42.5761,423,42011,0.258007,0.01,1,1598438,1598015,423
111330261,25.1991,25.3152,424,42061,0.283601,0.01,1,1598460,1598036,424
111333181,6.63983,6.66304,424,42111,0.28872,0.03,1,1598462,1598038,424
111336101,26.928,27.7326,423,42161,0.289744,0.05,1,1598494,1598071,423
111339021,34.1856,32.7465,425,42211,0.289949,0.07,1,1598530,1598105,425
111341941,8.43712,8.1493,425,42261,0.32199,0.09,1,1598532,1598107,425
111344861,19.2874,20.0299,424,42311,0.328398,0.09,1,1598554,1598130,424
111347781,21.4575,21.606,424,42361,0.34568,0.07,1,1598576,1598152,424
111350701,29.8915,30.7212,423,42411,0.349136,0.07,1,1598608,1598185,423
111353621,44.3783,44.5442,423,42461,0.301827,0.05,1,1598656,1598233,423
111356541,44.8757,43.3088,425,42511,0.308365,0.15,1,1598701,1598276,425
111359461,48.1751,45.4618,428,42561,0.309673,0.13,1,1598750,1598322,428
111362381,47.235,45.8924,429,42611,0.341935,0.23,1,1598797,1598368,429
111365301,37.447,33.9785,433,42661,0.348387,0.27,1,1598832,1598399,433
111368221,41.0894,37.9957,436,42710,0.365677,0.29,1,1598874,1598438,436
111371141,24.2179,25.1991,434,42759,0.369135,0.29,1,1598894,1598460,434
111374061,6.44358,6.63983,434,42808,0.369827,0.29,1,1598896,1598462,434
111376981,26.8887,26.928,434,42857,0.385965,0.29,1,1598928,1598494,434
111379901,35.7777,34.1856,436,42906,0.357193,0.33,1,1598966,1598530,436
111382821,8.75555,8.43712,436,42955,0.399439,0.33,1,1598968,1598532,436
111385741,19.3511,19.2874,436,43004,0.423888,0.33,1,1598990,1598554,436
111388661,21.4702,3.85748,458,43053,0.412778,0.35,1,1599012,1598554,458
111391581,29.894,18.3715,468,43102,0.410555,0.35,1,1599044,1598576,468
111394501,41.9788,29.2743,481,43151,0.442111,0.29,1,1599089,1598608,481
111397421,45.1958,44.2549,479,43200,0.448422,0.31,1,1599135,1598656,479
111400341,50.6392,44.851,486,43249,0.465684,0.31,1,1599187,1598701,486
111403261,48.5278,48.1702,485,43298,0.533137,0.35,1,1599235,1598750,485
111406181,37.7056,47.234,473,43347,0.546627,0.35,1,1599270,1598797,473
111409101,40.3411,37.4468,479,43396,0.565325,0.37,1,1599311,1598832,479
111412021,24.0682,41.0894,457,43445,0.601065,0.37,1,1599331,1598874,457
111414941,6.41364,24.2179,439,43494,0.608213,0.37,1,1599333,1598894,439
111417861,27.6827,6.44357,470,43543,0.609643,0.39,1,1599366,1598896,470
111420781,36.7365,26.8887,477,43591,0.593929,0.35,1,1599405,1598928,477
111423701,8.94731,35.7777,441,43639,0.622786,0.41,1,1599407,1598966,441
111426621,20.1895,8.75555,462,43687,0.612557,0.43,1,1599430,1598968,462
111429541,22.4379,19.3511,463,43735,0.594511,0.41,1,1599453,1598990,463
111432461,30.8876,21.4702,474,43783,0.574902,0.41,1,1599486,1599012,474
111435381,42.9775,29.894,488,43831,0.60298,0.45,1,1599532,1599044,488
111438301,45.3955,41.9788,489,43879,0.608596,0.45,1,1599578,1599089,489
111441221,53.0791,45.1958,498,43927,0.673719,0.47,1,1599633,1599135,498
111444141,50.6158,50.6392,496,43975,0.670744,0.55,1,1599683,1599187,496
111447061,38.1232,48.5278,483,44023,0.718149,0.55,1,1599718,1599235,483
111449981,41.2246,37.7056,490,44071,0.72763,0.57,1,1599760,1599270,490
111452901,25.8449,40.3411,471,44119,0.745526,0.61,1,1599782,1599311,471
111455821,6.76899,24.0682,453,44167,0.749105,0.61,1,1599784,1599331,453
111458741,27.7538,6.41364,484,44215,0.765821,0.61,2,1599817,1599333,484
111461661,37.5508,27.6827,491,44263,0.769164,0.59,2,1599857,1599366,491
111464581,9.11015,36.7365,454,44311,0.769833,0.63,2,1599859,1599405,454
111467501,19.422,8.94731,474,44359,0.769967,0.61,2,1599881,1599407,474
111470421,21.4844,20.1895,473,44407,0.801993,0.59,2,1599903,1599430,473
111473341,30.6969,22.4379,483,44455,0.840399,0.57,2,1599936,1599453,483
111476261,7.73938,30.8876,452,44502,0.83208,0.61,2,1599938,1599486,452
111479181,38.3479,42.9775,452,44549,0.878416,0.61,2,1599984,1599532,452
111482101,45.2696,45.3955,453,44596,0.871683,0.69,2,1600031,1599578,453
111485021,55.4539,53.0791,456,44643,0.854337,0.67,2,1600089,1599633,456
111487941,50.2908,50.6158,455,44690,0.866867,0.73,2,1600138,1599683,455
111490861,40.4582,38.1232,458,44737,0.853373,0.73,2,1600176,1599718,458
111493781,41.6916,41.2246,458,44784,0.882675,0.75,2,1600218,1599760,458
111496701,26.7383,25.8449,459,44831,0.904535,0.75,2,1600241,1599782,459
111499621,6.94766,6.76899,459,44878,0.908907,0.77,2,1600243,1599784,459
111725921,16,18,463,21997,0.07,0.53,1,1602943,1602480,463
111728841,48.8,52.4,459,22093,0.054,0.19,1,1603000,1602541,459
111731761,69.76,81.68,445,22189,0.0188,0.15,1,1603075,1602630,445
111734681,70.752,45.936,479,22285,0.01176,0.03,1,1603146,1602667,479
111737601,61.3504,88.3872,439,22380,0.002352,0.03,1,1603205,1602766,439
111740521,76.2701,60.0774,466,22475,0.0724704,0.05,1,1603285,1602819,466
111743441,55.254,76.0155,436,22569,0.0544941,0.01,1,1603335,1602899,436
111746361,35.8508,37.6031,439,22663,0.0508988,0.07,1,1603366,1602927,439
111749281,51.1702,20.3206,478,22757,0.0341798,0.05,1,1603421,1602943,478
111752201,71.034,49.6641,497,22850,0.046836,0.01,1,1603497,1603000,497
111755121,74.2068,69.9328,497,22943,0.0813672,0.01,1,1603572,1603075,497
111758041,58.0414,70.7866,480,23035,0.0162734,0,1,1603626,1603146,480
111760961,77.2083,61.3573,503,23127,0.0592547,0.09,1,1603708,1603205,503
111763881,53.8417,76.2715,471,23219,0.0838509,0.05,1,1603756,1603285,471
111766801,37.1683,55.2543,454,23310,0.10477,0.05,1,1603789,1603335,454
111769721,50.6337,35.8509,477,23401,0.172954,0.03,1,1603843,1603366,477
111772641,70.9267,51.1702,498,23492,0.170591,0.05,1,1603919,1603421,498
111775561,76.5853,71.034,500,23582,0.106118,0.09,1,1603997,1603497,500
111778481,55.3171,74.2068,475,23672,0.0772236,0,1,1604047,1603572,475
111781401,79.0634,58.0414,506,23762,0.0394447,0.07,1,1604132,1603626,506
111784321,55.0127,77.2083,473,23851,0.0158889,0.09,1,1604181,1603708,473
111787241,39.8025,53.8417,461,23940,0.0751778,0.11,1,1604217,1603756,461
111790161,9.56051,37.1683,430,24029,0.0870356,0.19,1,1604219,1603789,430
111793081,46.7121,50.6337,432,24117,0.137407,0.17,1,1604275,1603843,432
111796001,68.5424,70.9267,430,24205,0.147481,0.09,1,1604349,1603919,430
111798921,72.9085,76.5853,426,24293,0.149496,0.07,1,1604423,1603997,426
111801841,51.3817,55.3171,422,24380,0.181899,0.03,1,1604469,1604047,422
111804761,79.0763,79.0634,423,24467,0.17238,0.01,1,1604555,1604132,423
111807681,55.0153,55.0127,423,24554,0.122476,0.09,1,1604604,1604181,423
111810601,42.2031,39.8025,426,24640,0.0964952,0.09,1,1604643,1604217,426
111813521,10.0406,9.56051,426,24726,0.059299,0.15,1,1604645,1604219,426
111816441,49.2081,46.7121,429,24812,0.0998598,0.15,1,1604704,1604275,429
111819361,69.0416,68.5424,429,24897,0.219972,0.15,1,1604778,1604349,429
111822281,73.0083,72.9085,429,24982,0.211994,0.19,1,1604852,1604423,429
111825201,52.2017,51.3817,430,25067,0.258399,0.17,1,1604899,1604469,430
111828121,77.6403,79.0763,428,25152,0.31568,0.11,1,1604983,1604555,428
111831041,53.9281,55.0153,427,25236,0.343136,0.09,1,1605031,1604604,427
111833961,39.5856,42.2031,424,25320,0.364627,0.05,1,1605067,1604643,424
111836881,9.51712,10.0406,424,25404,0.336925,0.11,1,1605069,1604645,424
111839801,51.5034,49.2081,427,25487,0.347385,0.11,1,1605131,1604704,427
111842721,72.7007,9.84162,505,25570,0.397477,0.25,1,1605209,1604704,505
111845641,73.7401,61.1683,505,25653,0.423495,0.21,1,1605283,1604778,505
111848561,53.148,71.4337,479,25736,0.428699,0.27,1,1605331,1604852,479
111851481,80.2296,51.8867,519,25818,0.50974,0.33,1,1605418,1604899,519
111854401,56.0459,77.5774,485,25900,0.573948,0.35,1,1605468,1604983,485
111857321,40.0092,53.9155,473,25982,0.55479,0.37,1,1605504,1605031,473
111860241,9.60184,39.5831,439,26064,0.550958,0.33,1,1605506,1605067,439
111863161,53.1204,9.51662,501,26145,0.566192,0.35,1,1605570,1605069,501
111866081,75.4241,51.5033,520,26226,0.649238,0.41,1,1605651,1605131,520
111869001,74.2848,72.7007,516,26307,0.697848,0.43,1,1605725,1605209,516
111871921,53.257,73.7401,490,26388,0.707569,0.43,1,1605773,1605283,490
111874841,84.2514,53.148,534,26468,0.661514,0.53,1,1605865,1605331,534
111877761,57.6503,80.2296,498,26548,0.668303,0.59,1,1605916,1605418,498
111880681,40.3301,56.0459,484,26628,0.685661,0.55,1,1605952,1605468,484
111883601,9.66601,40.0092,450,26708,0.689132,0.55,1,1605954,1605504,450
111886521,52.3332,9.60184,511,26787,0.673826,0.57,1,1606017,1605506,511
111889441,80.8666,53.1204,535,26866,0.750765,0.67,2,1606105,1605570,535
111892361,17.7733,75.4241,456,26945,0.766153,0.71,2,1606107,1605651,456
111895281,63.5547,74.2848,457,27024,0.801231,0.71,2,1606182,1605725,457
111898201,51.1109,53.257,457,27102,0.808246,0.65,2,1606230,1605773,457
111901121,81.4222,84.2514,454,27180,0.825649,0.67,2,1606319,1605865,454
111904041,58.6844,57.6503,456,27258,0.86113,0.69,2,1606372,1605916,456
111906961,40.5369,40.3301,456,27336,0.900226,0.69,2,1606408,1605952,456
111909881,9.70738,9.66601,456,27413,0.876045,0.67,2,1606410,1605954,456
111912801,51.5415,52.3332,455,27490,0.871209,0.77,2,1606472,1606017,455
111915721,84.7083,80.8666,460,27567,0.902242,0.77,2,1606565,1606105,460
111918641,18.5417,17.7733,460,27644,0.940448,0.81,2,1606567,1606107,460
112020841,37,40,496,30209,0.61,1,1,1608374,1607878,496
112023761,79.4,86.4,488,30279,0.37,1,1,1608464,1607976,488
112026681,46.28,38.88,499,30349,0.258,0.99,1,1608502,1608003,499
112029601,48.456,50.976,494,30419,0.1876,1,1,1608551,1608057,494
112032521,38.4912,46.9952,484,30489,0.14152,1,1,1608587,1608103,484
112035441,34.8982,37.399,483,30558,0.084304,1,1,1608621,1608138,483
112038361,61.3796,70.6798,472,30627,0.0568608,1,1,1608689,1608217,472
112041281,37.0759,41.336,469,30696,0.0673722,0.74,1,1608720,1608251,469
112044201,41.8152,49.8672,460,30765,0.101474,0.67,1,1608763,1608303,460
112047121,33.163,37.1734,457,30834,0.0282949,0.61,1,1608794,1608337,457
112050041,32.2326,37.0347,452,30903,0.077659,0.31,1,1608826,1608374,452
112052961,68.8465,79.4069,440,30971,0.119532,0.23,1,1608904,1608464,440
112055881,41.7693,46.2814,437,31039,0.143906,0.17,1,1608939,1608502,437
112058801,40.3539,48.4563,428,31107,0.132781,0.13,1,1608979,1608551,428
112061721,32.0708,38.4913,422,31175,0.146556,0.07,1,1609009,1608587,422
112064641,34.4142,34.8983,423,31243,0.133311,0.05,1,1609044,1608621,423
112067561,61.2828,61.3797,423,31311,0.146662,0.05,1,1609112,1608689,423
112070481,37.8566,12.2759,455,31379,0.213332,0.07,1,1609144,1608689,455
112073401,41.9713,27.2552,467,31446,0.226666,0.11,1,1609187,1608720,467
112076321,30.7943,39.851,452,31513,0.229333,0.01,1,1609215,1608763,452
112079241,34.9589,32.7702,457,31580,0.229867,0.09,1,1609251,1608794,457
112082161,69.3918,32.154,503,31647,0.309973,0.13,1,1609329,1608826,503
112085081,42.6784,68.8308,461,31714,0.341995,0.15,1,1609365,1608904,461
112088001,41.3357,41.7662,467,31781,0.332399,0.13,1,1609406,1608939,467
112090921,33.0671,40.3532,458,31848,0.33048,0.15,1,1609437,1608979,458
112093841,35.4134,32.0706,464,31914,0.330096,0.13,1,1609473,1609009,464
112096761,60.6827,34.4141,496,31980,0.378019,0.15,1,1609540,1609044,496
112099681,40.9365,61.2828,464,32046,0.419604,0.23,1,1609576,1609112,464
112102601,42.5873,37.8566,475,32112,0.427921,0.23,1,1609619,1609144,475
112105521,30.9175,41.9713,460,32178,0.461584,0.23,1,1609647,1609187,460
112108441,34.9835,30.7943,468,32244,0.468317,0.23,1,1609683,1609215,468
112111361,73.3967,34.9589,515,32310,0.469663,0.33,1,1609766,1609251,515
112114281,44.2793,69.3918,474,32375,0.469933,0.35,1,1609803,1609329,474
112117201,40.8559,42.6784,478,32440,0.469987,0.33,1,1609843,1609365,478
112120121,32.9712,41.3357,468,32505,0.485997,0.33,1,1609874,1609406,468
112123041,35.3942,33.0671,473,32570,0.489199,0.33,1,1609910,1609437,473
112125961,63.0788,35.4134,507,32635,0.50584,0.39,1,1609980,1609473,507
112128881,43.0158,60.6827,478,32700,0.525168,0.43,1,1610018,1609540,478
112131801,43.8032,40.9365,486,32765,0.561034,0.43,1,1610062,1609576,486
112134721,10.3606,42.5873,445,32830,0.568207,0.47,1,1610064,1609619,445
112137641,24.4721,30.9175,445,32894,0.569641,0.47,1,1610092,1609647,445
112140561,33.6944,34.9835,445,32958,0.633928,0.47,1,1610128,1609683,445
112143481,73.1389,73.3967,445,33022,0.646786,0.47,1,1610211,1609766,445
112146401,44.2278,44.2793,445,33086,0.665357,0.47,1,1610248,1609803,445
112149321,40.8456,40.8559,445,33150,0.669071,0.49,1,1610288,1609843,445
112152241,33.7691,32.9712,446,33214,0.637814,0.49,1,1610320,1609874,446
112155161,35.5538,35.3942,446,33278,0.663563,0.51,1,1610356,1609910,446
112158081,63.9108,63.0788,447,33342,0.764713,0.53,2,1610427,1609980,447
112161001,44.7822,43.0158,449,33405,0.752943,0.57,2,1610467,1610018,449
112163921,44.9564,43.8032,450,33468,0.702588,0.57,1,1610512,1610062,450
112166841,10.5913,10.3606,450,33531,0.740518,0.57,1,1610514,1610064,450
112169761,24.5183,24.4721,450,33594,0.764104,0.65,2,1610542,1610092,450
112172681,35.3037,33.6944,452,33657,0.768821,0.65,2,1610580,1610128,452
112175601,73.4607,73.1389,452,33720,0.785764,0.67,2,1610663,1610211,452
112178521,45.0921,44.2278,453,33783,0.837153,0.67,2,1610701,1610248,453
112181441,41.0184,40.8456,453,33846,0.831431,0.63,2,1610741,1610288,453
112184361,33.8037,33.7691,453,33908,0.862286,0.67,2,1610773,1610320,453
112187281,35.5607,35.5538,453,33970,0.836457,0.79,2,1610809,1610356,453
112190201,68.7121,63.9108,459,34032,0.863291,0.75,2,1610886,1610427,459
112193121,44.1424,44.7822,457,34094,0.868658,0.69,2,1610924,1610467,457
112196041,44.8285,44.9564,457,34156,0.901732,0.75,2,1610969,1610512,457
112198961,10.5657,10.5913,457,34218,0.924346,0.75,2,1610971,1610514,457
112201881,26.1131,2.11826,487,34280,0.944869,0.77,2,1611001,1610514,487
112330361,34,45,481,36895,0.87,1,2,1612867,1612386,481
112333281,35.6,29,492,36952,0.79,1,2,1612903,1612411,492
112336201,35.92,32.2,495,37009,0.694,1,1,1612939,1612444,495
112339121,24.784,35.24,481,37066,0.7388,1,1,1612961,1612480,481
112342041,32.9568,34.248,482,37123,0.76376,1,2,1612996,1612514,482
112344961,57.7914,55.6496,485,37180,0.608752,1,1,1613060,1612575,485
112347881,29.1583,11.1299,507,37237,0.57775,1,1,1613082,1612575,507
112350801,31.4317,30.226,504,37294,0.52355,1,1,1613114,1612610,504
112353721,40.6863,33.2452,513,37351,0.49671,0.98,1,1613157,1612644,513
112356641,37.7373,41.049,507,37408,0.507342,1,1,1613194,1612687,507
112359561,65.1475,37.8098,542,37464,0.509468,0.87,1,1613266,1612724,542
112362481,37.8295,68.362,497,37520,0.493894,0.87,1,1613297,1612800,497
112365401,31.5659,40.0724,494,37576,0.474779,0.87,1,1613327,1612833,494
112368321,32.7132,35.2145,493,37632,0.470956,0.77,1,1613360,1612867,493
112371241,32.9426,35.8429,490,37688,0.502191,0.67,1,1613393,1612903,490
112374161,24.9885,35.9686,477,37744,0.492438,0.75,1,1613416,1612939,477
112377081,31.3977,24.7937,488,37800,0.490488,0.77,1,1613449,1612961,488
112380001,58.2795,32.9587,518,37856,0.522098,0.57,1,1613514,1612996,518
112382921,24.4559,57.7917,470,37912,0.60842,0.57,1,1613530,1613060,470
112385841,25.6912,29.1583,474,37968,0.609684,0.51,1,1613556,1613082,474
112388761,41.9382,31.4317,488,38024,0.577937,0.49,1,1613602,1613114,488
112391681,37.9876,40.6863,482,38080,0.635587,0.51,1,1613639,1613157,482
112394601,64.3975,37.7373,516,38135,0.615117,0.51,1,1613710,1613194,516
112397521,39.2795,65.1475,477,38190,0.627024,0.49,1,1613743,1613266,477
112400441,31.0559,37.8295,475,38245,0.613405,0.47,1,1613772,1613297,475
112403361,31.8112,31.5659,477,38300,0.610681,0.47,1,1613804,1613327,477
112406281,34.3622,32.7132,479,38355,0.594136,0.51,1,1613839,1613360,479
112409201,24.4724,32.9426,468,38410,0.590827,0.49,1,1613861,1613393,468
112412121,32.0945,24.9885,479,38465,0.638165,0.49,1,1613895,1613416,479
112415041,61.6189,31.3977,515,38520,0.631633,0.53,1,1613964,1613449,515
112417961,25.1238,58.2795,466,38575,0.630327,0.63,1,1613980,1613514,466
112420881,6.62476,24.4559,452,38630,0.630065,0.61,1,1613982,1613530,452
112423801,22.125,25.6912,452,38685,0.678013,0.57,1,1614008,1613556,452
112426721,39.625,41.9382,450,38740,0.687603,0.65,1,1614052,1613602,450
112429641,40.725,37.9876,454,38795,0.673521,0.61,1,1614093,1613639,454
112432561,63.345,64.3975,452,38849,0.734704,0.63,1,1614162,1613710,452
112435481,39.869,39.2795,453,38903,0.746941,0.61,1,1614196,1613743,453
112438401,30.3738,31.0559,452,38957,0.781388,0.61,2,1614224,1613772,452
112441321,31.6748,31.8112,452,39011,0.804278,0.59,2,1614256,1613804,452
112444241,33.535,34.3622,451,39065,0.808856,0.59,2,1614290,1613839,451
112447161,24.307,24.4724,451,39119,0.809771,0.65,2,1614312,1613861,451
112450081,33.6614,32.0945,453,39173,0.825954,0.63,2,1614348,1613895,453
112453001,61.9323,61.6189,453,39227,0.925191,0.63,2,1614417,1613964,453
112455921,25.9865,25.1238,454,39281,0.929038,0.63,2,1614434,1613980,454
112458841,6.79729,6.62476,454,39335,0.929808,0.69,2,1614436,1613982,454
112654481,36,28,504,42782,0.75,1,2,1616874,1616370,504
112657401,32.8,36.8,497,42831,0.638,1,1,1616906,1616409,497
112660321,31.36,29.76,500,42880,0.5196,1,1,1616937,1616437,500
112663241,36.672,21.152,519,42929,0.33592,1,1,1616975,1616456,519
112666161,32.9344,29.8304,519,42978,0.235184,1,1,1617007,1616488,519
112669081,31.3869,37.1661,511,43027,0.103037,1,1,1617038,1616527,511
112714341,390.277,462.633,422,18980,0.0766074,0.01,1,1617518,1617096,422
112717261,161.255,151.727,452,19818,0.0233215,0.11,1,1617622,1617170,452
112720181,75.4511,81.5453,442,19925,0.0606643,0.05,1,1617676,1617234,442
112723101,95.0902,70.7091,474,20031,0.0201329,0.03,1,1617776,1617302,474
112726021,65.418,78.1418,452,20137,0.00402657,0.05,1,1617834,1617382,452
112728941,53.0836,62.0284,444,20242,0.0248053,0.03,1,1617884,1617440,444
112731861,40.2167,45.2057,440,20347,0.0449611,0.07,1,1617921,1617481,440
112734781,108.043,38.6411,528,20451,0.0329922,0.01,1,1618046,1617518,528
112737701,63.2087,90.9282,476,20555,0.0465984,0.07,1,1618098,1617622,476
112740621,93.4417,61.3856,523,20658,0.0333197,0.01,1,1618199,1617676,523
112743541,65.0883,92.2771,481,20761,0.0466639,0,1,1618257,1617776,481
112746461,52.2177,64.8554,472,20863,0.0653328,0.03,1,1618306,1617834,472
112749381,40.0435,52.9711,459,20965,0.0850666,0.05,1,1618343,1617884,459
112752301,9.60871,40.1942,424,21066,0.0570133,0.03,1,1618345,1617921,424
112755221,101.122,108.039,423,21167,0.0194027,0.05,1,1618469,1618046,423
112758141,62.6243,63.2078,424,21267,0.0118805,0.03,1,1618522,1618098,424
112761061,92.5249,93.4416,423,21367,0.0583761,0.05,1,1618622,1618199,423
112763981,65.705,65.0883,424,21466,0.0676752,0.07,1,1618681,1618257,424
112766901,52.341,52.2177,424,21565,0.069535,0.09,1,1618730,1618306,424
112769821,40.0682,40.0435,424,21663,0.069907,0.05,1,1618767,1618343,424
112772741,9.61364,9.60871,424,21761,0.0699814,0.01,1,1618769,1618345,424
112775661,99.5227,101.122,422,21858,0.0539963,0.01,1,1618891,1618469,422
112778581,62.3045,62.6243,422,21955,0.0507993,0.07,1,1618944,1618522,422
112781501,93.2609,92.5249,423,22052,0.0181599,0.07,1,1619045,1618622,423
112784421,65.8522,65.705,423,22148,0.043632,0.07,1,1619104,1618681,423
112787341,52.3704,52.341,423,22244,0.0647264,0.07,1,1619153,1618730,423
112790261,40.0741,40.0682,423,22339,0.0209453,0.07,1,1619190,1618767,423
112793181,9.61482,9.61364,423,22434,0.0441891,0.05,1,1619192,1618769,423
112796101,98.723,99.5227,422,22529,0.0328378,0.05,1,1619313,1618891,422
112799021,61.3446,19.9045,474,22623,0.0145676,0.05,1,1619365,1618891,474
112801941,93.8689,46.3809,523,22717,0.0109135,0.01,1,1619467,1618944,523
112804861,65.1738,90.0762,480,22810,0.0261827,0.05,1,1619525,1619045,480
112807781,53.0348,65.2152,471,22903,0.0612365,0.07,1,1619575,1619104,471
112810701,40.207,52.243,459,22996,0.0682473,0.01,1,1619612,1619153,459
112813621,9.64139,40.0486,424,23088,0.0696495,0.05,1,1619614,1619190,424
112816541,97.9283,9.60972,542,23180,0.0219299,0.03,1,1619734,1619192,542
112819461,61.9857,98.7219,474,23271,0.012386,0.01,1,1619787,1619313,474
112822381,93.1971,61.3444,523,23362,0.0424772,0.01,1,1619888,1619365,523
112825301,66.6394,93.8689,481,23453,0.00849544,0.03,1,1619948,1619467,481
112828221,54.1279,65.1738,474,23543,0.0896991,0.07,1,1619999,1619525,474
112831141,42.0256,53.0348,463,23633,0.16994,0.07,1,1620038,1619575,463
112834061,10.0051,40.207,428,23723,0.185988,0.07,1,1620040,1619612,428
112836981,94.801,9.64139,542,23812,0.109198,0.01,1,1620156,1619614,542
112839901,60.5602,97.9283,474,23901,0.0778395,0.01,1,1620208,1619734,474
112842821,13.712,61.9857,423,23990,0.0715679,0.05,1,1620210,1619787,423
112845741,84.3424,93.1971,424,24078,0.134314,0,1,1620312,1619888,424
112848661,64.8685,66.6394,424,24166,0.0508627,0.11,1,1620372,1619948,424
112851581,56.1737,54.1279,427,24254,0.0501725,0.19,1,1620426,1619999,427
112854501,45.6347,42.0256,431,24341,0.114035,0.19,1,1620469,1620038,431
112857421,10.7269,10.0051,431,24428,0.0948069,0.09,1,1620471,1620040,431
112860341,91.7454,94.801,427,24515,0.106961,0.07,1,1620583,1620156,427
112863261,58.3491,60.5602,425,24601,0.109392,0.07,1,1620633,1620208,425
112866181,13.2698,13.712,425,24687,0.0778785,0.15,1,1620635,1620210,425
112869101,85.854,84.3424,427,24773,0.103576,0.03,1,1620739,1620312,427
112872021,61.9708,64.8685,423,24859,0.172715,0.05,1,1620795,1620372,423
112874941,57.1942,56.1737,425,24944,0.186543,0.13,1,1620851,1620426,425
112877861,46.6388,45.6347,426,25029,0.189309,0.09,1,1620895,1620469,426
112880781,10.9278,10.7269,426,25114,0.189862,0.11,1,1620897,1620471,426
112883701,90.9856,91.7454,425,25198,0.237972,0.11,1,1621008,1620583,425
112886621,58.1971,58.3491,425,25282,0.279594,0.07,1,1621058,1620633,425
112889541,13.2394,13.2698,425,25366,0.287919,0.11,1,1621060,1620635,425
112892461,87.4479,85.854,427,25450,0.289584,0.11,1,1621166,1620739,427
112895381,63.0896,17.1708,484,25533,0.353917,0.19,1,1621223,1620739,484
112898301,57.4179,48.2342,484,25616,0.366783,0.19,1,1621279,1620795,484
112901221,46.6836,54.4468,472,25699,0.385357,0.19,1,1621323,1620851,472
112904141,10.9367,46.0894,430,25781,0.389071,0.19,1,1621325,1620895,430
112907061,94.1873,10.8179,543,25863,0.453814,0.25,1,1621440,1620897,543
112909981,60.4375,90.9636,484,25945,0.482763,0.29,1,1621492,1621008,484
112912901,13.6875,58.1927,436,26027,0.520553,0.29,1,1621494,1621058,436
112915821,89.1375,13.2385,542,26108,0.496111,0.29,1,1621602,1621060,542
112918741,65.8275,87.4477,496,26189,0.507222,0.37,1,1621662,1621166,496
112921661,57.9655,63.0895,495,26270,0.509444,0.37,1,1621718,1621223,495
112924581,48.3931,57.4179,485,26351,0.493889,0.39,1,1621764,1621279,485
112927501,11.2786,46.6836,443,26431,0.490778,0.39,1,1621766,1621323,443
112930421,96.6557,10.9367,559,26511,0.634156,0.47,1,1621884,1621325,559
112933341,63.3311,94.1873,499,26591,0.726831,0.49,1,1621939,1621440,499
112936261,14.2662,60.4375,449,26671,0.745366,0.53,1,1621941,1621492,449
112939181,89.2532,13.6875,555,26750,0.765073,0.49,2,1622049,1621494,555
112942101,65.0506,89.1375,506,26829,0.785015,0.51,2,1622108,1621602,506
112945021,57.8101,65.8275,502,26908,0.789003,0.51,2,1622164,1621662,502
112947941,13.162,57.9655,448,26987,0.789801,0.49,2,1622166,1621718,448
112950861,39.4324,48.3931,448,27065,0.83796,0.49,2,1622212,1621764,448
112953781,9.48648,11.2786,448,27143,0.847592,0.67,2,1622214,1621766,448
112956701,103.497,96.6557,457,27221,0.913518,0.75,2,1622341,1621884,457
112959621,66.2995,63.3311,459,27299,0.878704,0.75,2,1622398,1621939,459
112962541,14.8599,14.2662,459,27377,0.871741,0.77,2,1622400,1621941,459
112965461,90.972,89.2532,461,27454,0.886348,0.79,2,1622510,1622049,461
112968381,65.3944,65.0506,461,27531,0.90527,0.79,2,1622569,1622108,461
112971301,58.6789,57.8101,462,27608,0.893054,0.79,2,1622626,1622164,462
112974221,13.3358,13.162,462,27685,0.890611,0.85,2,1622628,1622166,462
113079341,62,51,493,30314,0.81,1,2,1624525,1624032,493
113082261,38,30.2,500,30384,0.794,1,2,1624557,1624057,500
113085181,30,34.84,492,30454,0.7908,1,2,1624585,1624093,492
113088101,26,27.768,491,30523,0.69416,1,1,1624610,1624119,491
113091021,24.4,32.7536,481,30592,0.658832,1,1,1624634,1624153,481
113093941,66.48,72.1507,476,30661,0.507766,0.81,1,1624711,1624235,476
113096861,51.696,50.4301,479,30730,0.429553,1,1,1624759,1624280,479
113099781,26.3392,28.486,476,30799,0.397911,0.97,1,1624779,1624303,476
113102701,86.0678,88.8972,473,30868,0.263582,0.9,1,1624880,1624407,473
113105621,54.8136,62.5794,464,30937,0.220716,0.81,1,1624927,1624463,464
113108541,54.9627,62.1159,457,31005,0.244143,0.79,1,1624982,1624525,457
113111461,35.7925,38.0232,456,31073,0.200829,0.79,1,1625013,1624557,456
113114381,27.9585,30.0046,454,31141,0.192166,0.67,1,1625039,1624585,454
113117301,21.5917,26.0009,449,31209,0.222433,0.65,1,1625059,1624610,449
113120221,25.9183,24.4002,452,31277,0.228487,0.65,1,1625086,1624634,452
113123141,62.7837,4.88004,524,31345,0.229697,0.47,1,1625158,1624634,524
113126061,45.3567,62.576,488,31413,0.261939,0.41,1,1625199,1624711,488
113128981,21.0713,50.9152,455,31480,0.252388,0.39,1,1625214,1624759,455
113131901,81.8143,26.183,532,31547,0.330478,0.23,1,1625311,1624779,532
113134821,54.7629,86.0366,479,31614,0.362096,0.21,1,1625359,1624880,479
113137741,54.1526,54.8073,486,31681,0.400419,0.25,1,1625413,1624927,486
113140661,33.2305,54.9615,459,31748,0.408084,0.19,1,1625441,1624982,459
113143581,29.0461,35.7923,456,31815,0.409617,0.19,1,1625469,1625013,456
113146501,21.8092,27.9585,450,31881,0.409923,0.23,1,1625489,1625039,450
113149421,28.3618,21.5917,460,31947,0.393985,0.23,1,1625519,1625059,460
113152341,64.0724,25.9183,506,32013,0.406797,0.23,1,1625592,1625086,506
113155261,44.0145,62.7837,473,32079,0.393359,0.27,1,1625631,1625158,473
113158181,23.2029,45.3567,450,32145,0.406672,0.25,1,1625649,1625199,450
113161101,83.0406,21.0713,533,32211,0.409334,0.35,1,1625747,1625214,533
113164021,59.0081,81.8143,489,32277,0.457867,0.37,1,1625800,1625311,489
113166941,55.0016,54.7629,495,32343,0.483573,0.41,1,1625854,1625359,495
113169861,33.4003,54.1526,469,32408,0.504715,0.41,1,1625882,1625413,469
113172781,29.0801,33.2305,469,32473,0.524943,0.41,1,1625910,1625441,469
113175701,21.816,29.0461,461,32538,0.544989,0.41,1,1625930,1625469,461
113178621,27.5632,21.8092,470,32603,0.564998,0.39,1,1625959,1625489,470
113181541,64.7126,28.3618,514,32668,0.585,0.41,1,1626033,1625519,514
113184461,43.3425,64.0724,479,32733,0.605,0.39,1,1626071,1625592,479
113187381,10.2685,44.0145,442,32798,0.609,0.41,1,1626073,1625631,442
113190301,16.4537,23.2029,442,32862,0.6098,0.41,1,1626091,1625649,442
113193221,82.4907,83.0406,443,32926,0.67396,0.47,1,1626190,1625747,443
113196141,61.2981,59.0081,446,32990,0.766792,0.49,2,1626246,1625800,446
113199061,55.4596,55.0016,446,33054,0.769358,0.51,2,1626300,1625854,446
113201981,35.0919,33.4003,448,33118,0.769872,0.53,2,1626330,1625882,448
113204901,29.4184,29.0801,448,33182,0.817974,0.55,2,1626358,1625910,448
113207821,22.6837,21.816,449,33246,0.795595,0.57,2,1626379,1625930,449
113210741,28.5367,27.5632,450,33310,0.839119,0.59,2,1626409,1625959,450
113213661,66.5073,64.7126,452,33373,0.847824,0.61,2,1626485,1626033,452
113216581,43.7015,43.3425,452,33436,0.849565,0.61,2,1626523,1626071,452
113219501,10.3403,10.2685,452,33499,0.849913,0.61,2,1626525,1626073,452
113222421,17.2681,16.4537,453,33562,0.865983,0.69,2,1626544,1626091,453
113225341,86.6536,82.4907,458,33625,0.885197,0.79,2,1626648,1626190,458
113228261,62.9307,61.2981,459,33688,0.921039,0.77,2,1626705,1626246,459
113231181,56.5861,55.4596,460,33751,0.944208,0.77,2,1626760,1626300,460
113234101,35.3172,35.0919,460,33814,0.916842,0.83,2,1626790,1626330,460
113394701,45,35,489,37096,0.75,1,2,1629075,1628586,489
113397621,41.8,35.8,494,37153,0.67,1,1,1629116,1628622,494
113400541,35.56,7.16,528,37210,0.638,1,1,1629150,1628622,528
113403461,44.712,49.432,515,37267,0.5196,1,1,1629197,1628682,515
113406381,30.5424,37.8864,507,37324,0.51192,0.99,1,1629224,1628717,507
113409301,27.7085,29.1773,507,37381,0.478384,1,1,1629251,1628744,507
113412221,38.3417,27.4355,521,37438,0.375677,1,1,1629292,1628771,521
113415141,43.6683,43.0871,519,37494,0.275135,0.96,1,1629337,1628818,519
113418061,33.5337,42.2174,508,37550,0.191027,0.89,1,1629368,1628860,508
113420981,33.1067,37.2435,505,37606,0.0622054,1,1,1629401,1628896,505
113423901,26.6213,33.8487,497,37662,0.0844411,0.93,1,1629426,1628929,497
113426821,57.3243,31.5697,531,37718,0.0248882,0.83,1,1629491,1628960,531
113429741,44.2649,62.3139,502,37774,0.0289776,0.75,1,1629532,1629030,502
113432661,40.053,48.4628,496,37830,0.0457955,0.65,1,1629571,1629075,496
113435581,28.0106,42.4926,480,37886,0.0491591,0.63,1,1629596,1629116,480
113438501,40.8021,35.6985,490,37942,0.0338318,0.49,1,1629640,1629150,490
113441421,31.3604,44.7397,472,37998,0.0467664,0.51,1,1629669,1629197,472
113444341,27.8721,30.5479,472,38054,0.0653533,0.47,1,1629696,1629224,472
113447261,31.1744,27.7096,477,38110,0.0370707,0.35,1,1629728,1629251,477
113450181,38.2349,38.3419,476,38165,0.111414,0.25,1,1629768,1629292,476
113453101,29.247,43.6684,458,38220,0.0942828,0.17,1,1629795,1629337,458
113456021,30.6494,33.5337,458,38275,0.0748566,0.03,1,1629826,1629368,458
113458941,25.3299,33.1067,449,38330,0.0389713,0.09,1,1629850,1629401,449
113461861,56.266,26.6213,488,38385,0.0317943,0.01,1,1629914,1629426,488
113464781,43.2532,57.3243,463,38440,0.0303589,0.03,1,1629954,1629491,463
113467701,41.4506,44.2649,463,38495,0.0940718,0.05,1,1629995,1629532,463
113470621,28.2901,40.053,449,38550,0.122814,0.05,1,1630020,1629571,449
113473541,39.258,28.0106,466,38605,0.0645629,0.03,1,1630062,1629596,466
113476461,9.45161,40.8021,424,38660,0.0529126,0.05,1,1630064,1629640,424
113479381,25.0903,31.3604,424,38715,0.0985825,0.07,1,1630093,1629669,424
113482301,29.0181,27.8721,427,38770,0.123717,0.03,1,1630123,1629696,427
113485221,28.2036,31.1744,423,38824,0.128743,0.13,1,1630151,1629728,423
113488141,40.0407,38.2349,426,38878,0.113749,0.09,1,1630194,1629768,426
113491061,29.6081,29.247,426,38932,0.12675,0.07,1,1630221,1629795,426
113493981,29.9216,30.6494,425,38986,0.14535,0.03,1,1630251,1629826,425
113496901,26.7843,25.3299,427,39040,0.11707,0.03,1,1630277,1629850,427
113499821,53.3569,56.266,423,39094,0.127414,0.03,1,1630337,1629914,423
113502741,43.4714,43.2532,424,39148,0.0974828,0.11,1,1630378,1629954,424
113505661,42.2943,41.4506,425,39202,0.123497,0.13,1,1630420,1629995,425
113508581,29.2589,28.2901,426,39256,0.176699,0.05,1,1630446,1630020,426
113511501,38.6518,39.258,425,39310,0.21934,0.05,1,1630487,1630062,425
113514421,9.33035,9.45161,425,39364,0.243868,0.11,1,1630489,1630064,425
113517341,25.0661,25.0903,425,39418,0.232774,0.13,1,1630518,1630093,425
113520261,29.8132,29.0181,426,39472,0.278555,0.13,1,1630549,1630123,426
113523181,28.3626,28.2036,426,39526,0.319711,0.11,1,1630577,1630151,426
113526101,39.2725,40.0407,425,39579,0.327942,0.13,1,1630619,1630194,425
113529021,30.2545,29.6081,426,39632,0.329588,0.15,1,1630647,1630221,426
113531941,30.8509,29.9216,427,39685,0.345918,0.11,1,1630678,1630251,427
113534861,26.9702,26.7843,427,39738,0.349184,0.13,1,1630704,1630277,427
113537781,52.594,53.3569,426,39791,0.349837,0.09,1,1630763,1630337,426
113540701,43.3188,43.4714,426,39844,0.397967,0.13,1,1630804,1630378,426
113543621,44.6638,42.2943,429,39897,0.407593,0.19,1,1630849,1630420,429
113546541,30.5328,29.2589,430,39950,0.457519,0.23,1,1630876,1630446,430
113549461,40.5066,38.6518,432,40003,0.547504,0.25,1,1630919,1630487,432
113552381,9.70131,9.33035,432,40056,0.565501,0.23,1,1630921,1630489,432
113555301,25.9403,25.0661,433,40109,0.5691,0.23,1,1630951,1630518,433
113558221,31.5881,5.01321,466,40162,0.60182,0.29,1,1630984,1630518,466
113561141,28.7176,25.8026,463,40215,0.624364,0.33,1,1631012,1630549,463
113564061,39.3435,27.5605,477,40268,0.628873,0.33,1,1631054,1630577,477
113566981,30.2687,39.1121,463,40320,0.629775,0.33,1,1631082,1630619,463
113569901,31.6537,30.2224,467,40372,0.629955,0.35,1,1631114,1630647,467
113572821,27.1307,30.8445,462,40424,0.629991,0.35,1,1631140,1630678,462
113575741,54.2261,26.9689,497,40476,0.645998,0.35,1,1631201,1630704,497
113578661,44.4452,52.5938,480,40528,0.6492,0.41,1,1631243,1630763,480
113581581,47.289,43.3188,487,40580,0.63384,0.41,1,1631291,1630804,487
113584501,32.6578,44.6638,471,40632,0.630768,0.47,1,1631320,1630849,471
113587421,44.9316,30.5327,492,40684,0.646154,0.57,1,1631368,1630876,492
113590341,10.5863,40.5066,451,40736,0.649231,0.57,1,1631370,1630919,451
113593261,26.9173,9.70131,480,40788,0.681846,0.57,1,1631401,1630921,480
113596181,32.5835,25.9403,484,40840,0.672369,0.61,1,1631435,1630951,484
113599101,29.7167,31.5881,480,40892,0.670474,0.63,1,1631464,1630984,480
113602021,39.5433,28.7176,494,40944,0.702095,0.63,1,1631506,1631012,494
113604941,30.3087,39.3435,480,40996,0.708419,0.63,1,1631534,1631054,480
113607861,31.6617,30.2687,484,41047,0.709684,0.63,1,1631566,1631082,484
113610781,27.1323,31.6537,478,41098,0.741937,0.63,1,1631592,1631114,478
113613701,55.0265,27.1307,514,41149,0.748387,0.65,1,1631654,1631140,514
113616621,44.6053,54.2261,495,41200,0.765678,0.65,2,1631696,1631201,495
113619541,47.3211,44.4452,501,41251,0.737135,0.63,1,1631744,1631243,501
113622461,31.8642,47.289,481,41302,0.731427,0.63,1,1631772,1631291,481
113625381,46.3728,32.6578,502,41353,0.746285,0.65,1,1631822,1631320,502
113628301,10.8746,44.9316,456,41404,0.749257,0.65,1,1631824,1631368,456
113631221,26.1749,10.5863,484,41455,0.781851,0.69,2,1631854,1631370,484
113634141,33.235,26.9173,488,41506,0.78837,0.67,2,1631889,1631401,488
113637061,8.247,32.5835,456,41557,0.789674,0.67,2,1631891,1631435,456
113639981,24.0494,29.7167,455,41608,0.837935,0.71,2,1631919,1631464,455
113642901,40.0099,39.5433,457,41659,0.799587,0.71,2,1631963,1631506,457
113645821,30.402,30.3087,457,41710,0.839917,0.71,2,1631991,1631534,457
113648741,31.6804,31.6617,457,41761,0.847983,0.75,2,1632023,1631566,457
113651661,28.7361,27.1323,459,41812,0.849597,0.75,2,1632051,1631592,459
113654581,55.3472,55.0265,459,41862,0.865919,0.77,2,1632113,1631654,459
113657501,45.4694,44.6053,460,41912,0.901184,0.73,2,1632156,1631696,460
113660421,45.8939,47.3211,458,41962,0.908237,0.73,2,1632202,1631744,458
113663341,31.5788,31.8642,458,42012,0.893647,0.75,2,1632230,1631772,458
113797661,32,28,521,44264,0.81,1,2,1633792,1633271,521
113800581,28,25.6,523,44312,0.842,1,2,1633819,1633296,523
113803501,20,29.12,511,44360,0.8004,1,2,1633837,1633326,511
113806421,28.8,29.824,512,44408,0.69608,1,1,1633868,1633356,512
113809341,28.16,25.1648,516,44456,0.675216,1,1,1633896,1633380,516
113812261,18.432,25.833,506,44503,0.751043,1,2,1633912,1633406,506
113815181,16.4864,29.1666,492,44550,0.782209,1,2,1633928,1633436,492
113818101,29.6973,25.8333,500,44597,0.660442,1,1,1633961,1633461,500
113821021,33.1395,50.7667,477,44644,0.636088,1,1,1633995,1633518,477
113823941,43.4279,44.5533,480,44691,0.599218,1,1,1634041,1633561,480
113826861,51.0856,48.1107,484,44738,0.527844,1,1,1634094,1633610,484
113829781,20.6171,29.6221,472,44785,0.529569,0.97,1,1634107,1633635,472
113832701,53.7234,56.3244,471,44832,0.577914,0.92,1,1634169,1633698,471
113835621,33.1447,35.2649,469,44879,0.555583,0.91,1,1634197,1633728,469
113838541,28.2289,32.653,464,44926,0.535117,0.81,1,1634224,1633760,464
113841461,29.6458,32.1306,462,44973,0.579023,0.85,1,1634254,1633792,462
113844381,26.7292,28.0261,461,45020,0.603805,0.79,1,1634280,1633819,461
113847301,19.7458,20.0052,461,45067,0.608761,0.67,1,1634298,1633837,461
113850221,29.5492,28.801,462,45114,0.609752,0.67,1,1634330,1633868,462
113853141,25.9098,28.1602,459,45161,0.64195,0.77,1,1634355,1633896,459
113856061,17.182,18.432,458,45208,0.66439,0.79,1,1634370,1633912,458
113858981,13.8364,16.4864,455,45255,0.652878,0.63,1,1634383,1633928,455
113861901,28.3673,29.6973,454,45302,0.650576,0.63,1,1634415,1633961,454
113864821,29.6735,33.1395,450,45349,0.730115,0.59,1,1634445,1633995,450
113867741,41.1347,43.4279,448,45396,0.746023,0.51,1,1634489,1634041,448
113870661,51.4269,51.0856,449,45442,0.797205,0.53,2,1634543,1634094,449
113873581,18.2854,20.6171,446,45488,0.823441,0.59,2,1634553,1634107,446
113876501,55.6571,53.7234,449,45534,0.860688,0.55,2,1634618,1634169,449
113879421,31.9314,33.1447,447,45580,0.868138,0.53,2,1634644,1634197,447
113882341,29.5863,28.2289,449,45626,0.853628,0.59,2,1634673,1634224,449
113885261,31.5173,29.6458,451,45672,0.882726,0.61,2,1634705,1634254,451
113888181,27.9035,26.7292,452,45718,0.888545,0.61,2,1634732,1634280,452
113891101,19.9807,19.7458,452,45764,0.889709,0.61,2,1634750,1634298,452
113894021,29.5961,29.5492,452,45810,0.905942,0.65,2,1634782,1634330,452
114203541,48,35,491,25404,0.67,1,1,1639380,1638889,491
114206461,60.8,69.4,477,25487,0.478,1,1,1639444,1638967,477
114209381,66.56,13.88,545,25570,0.2956,1,1,1639512,1638967,545
114212301,50.112,45.976,537,25653,0.16312,1,1,1639558,1639021,537
114215221,92.4224,67.5952,567,25736,0.184624,0.93,1,1639661,1639094,567
114218141,48.0845,95.919,501,25818,0.188925,0.93,1,1639698,1639197,501
114221061,44.8169,49.5838,507,25900,0.189785,0.8,1,1639742,1639235,507
114223981,44.1634,44.3168,508,25982,0.237957,0.63,1,1639786,1639278,508
114226901,41.6327,52.0634,495,26064,0.199591,0.67,1,1639827,1639332,495
114229821,53.9265,48.8127,504,26145,0.239918,0.43,1,1639884,1639380,504
114232741,59.5853,60.9625,501,26226,0.263984,0.25,1,1639945,1639444,501
114235661,44.7171,66.5925,474,26307,0.316797,0.13,1,1639986,1639512,474
114238581,93.7434,50.1185,534,26388,0.247359,0.19,1,1640092,1639558,534
114241501,47.5487,92.4237,467,26468,0.201472,0.19,1,1640128,1639661,467
114244421,47.1097,48.0847,477,26548,0.176294,0.19,1,1640175,1639698,477
114247341,43.8219,44.8169,476,26628,0.203259,0.25,1,1640218,1639742,476
114250261,41.5644,44.1634,473,26708,0.192652,0.19,1,1640259,1639786,473
114253181,53.1129,41.6327,488,26787,0.20653,0.25,1,1640315,1639827,488
114256101,61.8226,53.9265,495,26866,0.257306,0.27,1,1640379,1639884,495
114259021,13.9645,59.5853,436,26945,0.267461,0.33,1,1640381,1639945,436
114261941,35.5929,44.7171,436,27024,0.317492,0.23,1,1640422,1639986,436
114264861,87.9186,93.7434,431,27102,0.391498,0.19,1,1640523,1640092,431
114267781,44.7837,47.5487,429,27180,0.4383,0.17,1,1640557,1640128,429
114270701,47.3567,47.1097,430,27258,0.47966,0.21,1,1640605,1640175,430
114273621,43.8713,43.8219,430,27336,0.519932,0.19,1,1640648,1640218,430
114276541,43.1743,41.5644,432,27413,0.527986,0.21,1,1640691,1640259,432
114279461,53.4349,53.1129,432,27490,0.545597,0.27,1,1640747,1640315,432
114282381,64.287,61.8226,435,27567,0.613119,0.27,1,1640814,1640379,435
114285301,14.4574,13.9645,435,27644,0.658624,0.33,1,1640816,1640381,435
114288221,36.4915,35.5929,436,27721,0.699725,0.41,1,1640858,1640422,436
114291141,91.2983,87.9186,440,27797,0.739945,0.45,1,1640963,1640523,440
114294061,47.0597,44.7837,442,27873,0.779989,0.49,2,1640999,1640557,442
114296981,49.4119,47.3567,444,27949,0.819998,0.53,2,1641049,1640605,444
114299901,46.6824,43.8713,447,28025,0.844,0.53,2,1641095,1640648,447
114302821,45.3365,43.1743,449,28101,0.8808,0.55,2,1641140,1640691,449
114305741,53.8673,53.4349,449,28176,0.90416,0.63,2,1641196,1640747,449
114308661,67.5735,64.287,453,28251,0.908832,0.67,2,1641267,1640814,453
114311581,15.1147,14.4574,453,28326,0.909766,0.71,2,1641269,1640816,453
114314501,38.2229,36.4915,455,28401,0.877953,0.71,2,1641313,1640858,455
114317421,94.0446,7.2983,563,28476,0.903591,0.75,2,1641421,1640858,563
114320341,49.2089,85.4597,496,28550,0.924718,0.79,2,1641459,1640963,496
114473641,165,142,485,14023,0.07,0,1,1644127,1643642,485
114476561,136.2,102,522,14175,0.102,0.11,1,1644256,1643734,522
114479481,76.84,129.2,448,14325,0.0604,0.01,1,1644318,1643870,448
114482401,42.568,62.64,436,14473,0.02008,0.09,1,1644352,1643916,436
114485321,166.914,49.328,588,14620,0.076016,0.07,1,1644550,1643962,588
114488241,139.783,141.866,556,14765,0.0232032,0.11,1,1644683,1644127,556
114491161,74.3565,131.573,485,14909,0.0446406,0.05,1,1644741,1644256,485
114494081,41.2713,75.9146,456,15051,0.00892813,0.01,1,1644774,1644318,456
114497001,9.85426,42.3829,424,15192,0.00978563,0.09,1,1644776,1644352,424
114499921,163.571,166.877,428,15332,0.0739571,0.01,1,1644978,1644550,428
114502841,135.914,139.775,424,15471,0.134791,0.05,1,1645107,1644683,424
114505761,73.5828,74.3551,424,15608,0.194958,0,1,1645165,1644741,424
114508681,40.3166,41.271,423,15744,0.174992,0.01,1,1645197,1644774,423
114511601,9.66331,9.8542,423,15879,0.170998,0.09,1,1645199,1644776,423
114514521,165.933,163.571,426,16013,0.1702,0.15,1,1645404,1644978,426
114517441,139.587,135.914,430,16146,0.20204,0.21,1,1645537,1645107,430
114520361,75.9173,73.5828,432,16278,0.176408,0.17,1,1645597,1645165,432
114523281,37.5835,40.3166,428,16408,0.203282,0.17,1,1645625,1645197,428
114526201,9.11669,9.66331,428,16537,0.208656,0.17,1,1645627,1645199,428
114529121,165.823,165.933,428,16665,0.209731,0.17,1,1645832,1645404,428
114532041,140.365,33.1865,562,16792,0.225946,0.21,1,1645966,1645404,562
114534961,76.0729,113.037,489,16918,0.197189,0.17,1,1646026,1645537,489
114537881,37.6146,70.6075,457,17043,0.207438,0.21,1,1646054,1645597,457
114540801,9.12292,36.5215,431,17168,0.209488,0.21,1,1646056,1645625,431
114542261,162.625,8.9043,630,17292,0.321898,0.21,1,1646257,1645627,630
114545181,36.5249,165.781,430,17415,0.328379,0.23,1,1646262,1645832,430
114548101,116.905,140.356,433,17537,0.473676,0.19,1,1646399,1645966,433
114551021,70.581,76.0712,432,17658,0.550735,0.21,1,1646458,1646026,432
114553941,37.3162,37.6142,433,17778,0.598147,0.21,1,1646487,1646054,433
114556861,9.06324,9.12285,433,17897,0.607629,0.35,1,1646489,1646056,433
114559781,170.613,162.625,443,18016,0.721526,0.33,1,1646700,1646257,443
114562701,35.7225,36.5249,440,18134,0.776305,0.51,2,1646702,1646262,440
114565621,122.345,116.905,447,18251,0.803261,0.57,2,1646846,1646399,447
114568541,74.0689,70.581,450,18367,0.840652,0.61,2,1646908,1646458,450
114571461,39.6138,37.3162,452,18483,0.88013,0.61,2,1646939,1646487,452
114574381,9.52276,9.06324,452,18598,0.888026,0.75,2,1646941,1646489,452
114663441,48,56,487,21856,0.65,1,1,1649278,1648791,487
114666361,40,40.8,488,21953,0.522,1,1,1649316,1648828,488
114669281,33.6,27.36,496,22050,0.3204,1,1,1649348,1648852,496
114672201,164.32,167.872,490,22146,0.10408,1,1,1649545,1649055,490
114675121,56.864,57.5744,490,22242,0.020816,0.91,1,1649575,1649085,490
114678041,86.5728,105.915,466,22337,0.0121632,0.82,1,1649669,1649203,466
114680961,34.9146,42.783,461,22432,0.0264326,0.65,1,1649691,1649230,461
114683881,36.5829,46.9566,450,22527,0.0452865,0.65,1,1649728,1649278,450
114686801,32.1166,9.39132,481,22621,0.0490573,0.49,1,1649759,1649278,481
114689721,24.8233,32.2783,466,22715,0.0498115,0.27,1,1649782,1649316,466
114692641,152.165,32.0557,618,22808,0.0339623,0.05,1,1649966,1649348,618
114695561,54.4329,164.011,451,22901,0.0147925,0,1,1649996,1649545,451
114698481,86.0866,56.8022,515,22994,0.00295849,0.01,1,1650090,1649575,515
114701401,34.8173,86.5604,443,23086,0.0245917,0.03,1,1650112,1649669,443
114704321,37.3635,34.9121,459,23178,0.0609183,0.05,1,1650150,1649691,459
114707241,31.4727,36.5824,452,23269,0.0361837,0.05,1,1650180,1649728,452
114710161,26.2945,32.1165,446,23360,0.0632367,0.05,1,1650205,1649759,446
114713081,150.859,24.8233,605,23451,0.0126473,0.03,1,1650387,1649782,605
114716001,54.9718,152.165,452,23541,0.0265295,0.01,1,1650418,1649966,452
114718921,86.1944,54.4329,516,23631,0.0453059,0,1,1650512,1649996,516
114721841,34.0389,86.0866,443,23721,0.0330612,0.03,1,1650533,1650090,443
114724761,38.0078,34.8173,460,23810,0.0306122,0.07,1,1650572,1650112,460
114727681,31.6016,37.3635,452,23899,0.0301224,0.03,1,1650602,1650150,452
114730601,7.92031,31.4727,424,23988,0.0300245,0.07,1,1650604,1650180,424
114733521,22.3841,26.2945,425,24076,0.0940049,0,1,1650630,1650205,425
114736441,147.677,150.859,422,24164,0.018801,0.03,1,1650809,1650387,422
114739361,55.1354,54.9718,423,24252,0.0037602,0.05,1,1650841,1650418,423
114742281,87.0271,86.1944,424,24339,0.024752,0.03,1,1650936,1650512,424
114745201,33.4054,34.0389,423,24426,0.0449504,0.03,1,1650956,1650533,423
114748121,37.8811,38.0078,423,24513,0.00899008,0.03,1,1650995,1650572,423
114751041,32.3762,31.6016,424,24599,0.025798,0.03,1,1651026,1650602,424
114753961,8.07524,7.92031,424,24685,0.0291596,0.11,1,1651028,1650604,424
114756881,23.215,22.3841,425,24771,0.0458319,0,1,1651055,1650630,425
114759801,146.243,147.677,423,24857,0.0171664,0,1,1651232,1650809,423
114762721,54.0486,55.1354,422,24942,0.0274333,0.03,1,1651263,1650841,422
114765641,88.4097,87.0271,424,25027,0.0294867,0.05,1,1651360,1650936,424
114768561,32.0819,33.4054,422,25112,0.0138973,0,1,1651378,1650956,422
114771481,37.6164,37.8811,422,25196,0.0267795,0.03,1,1651417,1650995,422
114774401,32.3233,32.3762,422,25280,0.0453559,0.03,1,1651448,1651026,422
114777321,8.06466,8.07524,422,25364,0.0490712,0.05,1,1651450,1651028,422
114780241,24.8129,23.215,424,25448,0.0178142,0.05,1,1651479,1651055,424
114783161,144.163,4.64301,598,25531,0.0435628,0.01,1,1651653,1651055,598
114786081,53.6325,142.529,452,25614,0.0487126,0.03,1,1651684,1651232,452
114789001,88.3265,53.3057,518,25697,0.0497425,0.03,1,1651781,1651263,518
114791921,32.0653,88.2611,439,25779,0.0819485,0.01,1,1651799,1651360,439
114794841,37.6131,32.0522,460,25861,0.10439,0.03,1,1651838,1651378,460
114797761,32.3226,37.6104,452,25943,0.0928779,0.05,1,1651869,1651417,452
114800681,8.06452,32.3221,423,26025,0.0905756,0.05,1,1651871,1651448,423
114803601,24.8129,8.06442,450,26106,0.0741151,0.01,1,1651900,1651450,450
114806521,144.163,24.8129,595,26187,0.134823,0.05,1,1652074,1651479,595
114809441,55.2325,144.163,454,26268,0.0669646,0.05,1,1652107,1651653,454
114812361,89.4465,53.6325,521,26349,0.117393,0.05,1,1652205,1651684,521
114815281,33.8893,88.3265,444,26429,0.175479,0.09,1,1652225,1651781,444
114818201,36.3779,32.0653,463,26509,0.219096,0.11,1,1652262,1651799,463
114821121,32.8756,37.6131,456,26589,0.227819,0.09,1,1652294,1651838,456
114824041,8.17511,32.3226,427,26669,0.229564,0.09,1,1652296,1651869,427
114826961,24.035,8.06452,453,26748,0.229913,0.07,1,1652324,1651871,453
114829881,147.207,24.8129,602,26827,0.357983,0.15,1,1652502,1651900,602
114832801,52.6414,144.163,457,26906,0.367597,0.05,1,1652531,1652074,457
114835721,12.1283,55.2325,426,26985,0.369519,0.13,1,1652533,1652107,426
114838641,82.4257,89.4465,428,27063,0.385904,0.19,1,1652633,1652205,428
114841561,34.8851,33.8893,431,27141,0.421181,0.23,1,1652656,1652225,431
114844481,38.177,36.3779,433,27219,0.428236,0.23,1,1652695,1652262,433
114847401,33.2354,32.8756,433,27297,0.477647,0.23,1,1652727,1652294,433
114850321,8.24708,8.17511,433,27375,0.455529,0.23,1,1652729,1652296,433
114853241,24.0494,24.035,433,27452,0.467106,0.39,1,1652757,1652324,433
114856161,153.61,147.207,441,27529,0.469421,0.37,1,1652943,1652502,441
114859081,54.722,52.6414,442,27606,0.485884,0.37,1,1652973,1652531,442
114862001,12.5444,12.1283,442,27683,0.489177,0.39,1,1652975,1652533,442
114864921,82.5089,82.4257,442,27760,0.505835,0.43,1,1653075,1652633,442
114867841,35.7018,34.8851,443,27836,0.477167,0.43,1,1653099,1652656,443
114870761,38.3404,38.177,443,27912,0.519433,0.49,1,1653138,1652695,443
114873681,34.0681,33.2354,444,27988,0.559887,0.45,1,1653171,1652727,444
114876601,8.41361,8.24708,444,28064,0.535977,0.47,1,1653173,1652729,444
114879521,25.6827,24.0494,446,28139,0.531195,0.47,1,1653203,1652757,446
114882441,151.537,153.61,443,28214,0.546239,0.49,1,1653386,1652943,443
114885361,55.1073,54.722,444,28289,0.549248,0.49,1,1653417,1652973,444
114888281,12.6215,12.5444,444,28364,0.54985,0.49,1,1653419,1652975,444
114891201,82.5243,2.50888,544,28439,0.54997,0.51,1,1653519,1652975,544
114894121,35.7049,80.5018,468,28513,0.565994,0.47,1,1653543,1653075,468
114897041,40.741,35.3004,486,28587,0.585199,0.53,1,1653585,1653099,486
114899961,34.5482,38.2601,480,28661,0.62104,0.57,1,1653618,1653138,480
114902881,8.50964,34.052,449,28735,0.628208,0.53,1,1653620,1653171,449
114905801,24.1019,8.4104,475,28809,0.645642,0.53,1,1653648,1653173,475
114908721,152.82,25.6821,630,28882,0.713128,0.55,1,1653833,1653203,630
114911641,54.5641,151.536,477,28955,0.758626,0.55,2,1653863,1653386,477
114914561,12.5128,55.1073,448,29028,0.767725,0.55,2,1653865,1653417,448
114917481,84.9026,12.6215,549,29101,0.833545,0.55,2,1653968,1653419,549
114920401,36.9805,82.5243,474,29174,0.862709,0.57,2,1653993,1653519,474
114923321,40.9961,35.7049,492,29247,0.916542,0.59,2,1654035,1653543,492
115098521,37,35,479,33310,0.93,1,2,1656897,1656418,479
115101441,34.6,36.6,476,33373,0.882,1,2,1656931,1656455,476
115113121,9,12,477,33625,0.93,0.85,2,1657039,1656562,477
115241601,30,31,489,36290,0.71,1,1,1658922,1658433,489
115244521,29.2,21.4,499,36348,0.582,1,1,1658951,1658452,499
115247441,34.64,22.68,512,36406,0.5084,1,1,1658987,1658475,512
115250361,79.728,100.536,483,36464,0.25368,1,1,1659078,1658595,483
115253281,53.5456,52.1072,490,36522,0.234736,1,1,1659125,1658635,490
115256201,41.1091,37.6214,494,36580,0.198947,1,1,1659163,1658669,494
115259121,37.8218,55.5243,471,36638,0.0957894,1,1,1659200,1658729,471
115262041,35.5644,39.1049,471,36696,0.0911579,1,1,1659235,1658764,471
115264961,33.5129,33.421,472,36754,0.0742316,1,1,1659268,1658796,472
115267881,21.1026,26.6842,465,36811,0.0388463,0.83,1,1659286,1658821,465
115270801,29.0205,37.3368,456,36868,0.0477693,0.73,1,1659317,1658861,456
115273721,29.0041,32.2674,454,36925,0.0495539,0.71,1,1659346,1658892,454
115276641,30.6008,30.4535,455,36982,0.0819108,0.55,1,1659377,1658922,455
115279561,25.3202,29.2907,450,37039,0.0723822,0.49,1,1659401,1658951,450
115282481,30.664,34.6581,446,37096,0.0224764,0.19,1,1659433,1658987,446
115285401,70.9328,79.7316,436,37153,0.0764953,0.19,1,1659514,1659078,436
115288321,46.9866,15.9463,477,37210,0.0872991,0.23,1,1659555,1659078,477
115291241,35.7973,40.7893,463,37267,0.12146,0.19,1,1659588,1659125,463
115294161,37.5595,38.5579,463,37324,0.112292,0.07,1,1659626,1659163,463
115297081,33.9119,37.3116,459,37381,0.126458,0.09,1,1659659,1659200,459
115300001,31.5824,35.4623,455,37438,0.129292,0.07,1,1659690,1659235,455
115302921,20.7165,33.4925,440,37494,0.161858,0.03,1,1659708,1659268,440
115305841,28.9433,21.0985,453,37550,0.168372,0.05,1,1659739,1659286,453
115308761,28.9887,29.0197,451,37606,0.185674,0.05,1,1659768,1659317,451
115311681,31.3977,29.0039,454,37662,0.237135,0.09,1,1659800,1659346,454
115314601,24.6795,30.6008,446,37718,0.231427,0.07,1,1659823,1659377,446
115317521,30.5359,25.3202,454,37774,0.230285,0.01,1,1659855,1659401,454
115320441,73.3072,30.664,506,37830,0.278057,0.09,1,1659939,1659433,506
115323361,48.2614,70.9328,467,37886,0.303611,0.09,1,1659981,1659514,467
115326281,36.8523,46.9866,460,37942,0.356722,0.13,1,1660015,1659555,460
115329201,36.9705,35.7973,464,37998,0.383344,0.11,1,1660052,1659588,464
115332121,36.1941,37.5595,462,38054,0.388669,0.13,1,1660088,1659626,462
115335041,30.4388,33.9119,458,38110,0.405734,0.13,1,1660117,1659659,458
115337961,22.0878,31.5824,447,38165,0.425147,0.17,1,1660137,1659690,447
115340881,30.8176,20.7165,462,38220,0.461029,0.17,1,1660170,1659708,462
115343801,30.9635,28.9433,462,38275,0.484206,0.19,1,1660201,1659739,462
115346721,31.7927,28.9887,465,38330,0.520841,0.25,1,1660233,1659768,465
115349641,23.9585,31.3977,455,38385,0.528168,0.23,1,1660255,1659800,455
115352561,32.7917,24.6795,467,38440,0.545634,0.23,1,1660290,1659823,467
115355481,73.7583,30.5359,519,38495,0.613127,0.29,1,1660374,1659855,519
115358401,50.7517,73.3072,480,38550,0.610625,0.31,1,1660419,1659939,480
115361321,38.1503,48.2614,473,38605,0.594125,0.37,1,1660454,1659981,473
115364241,9.23007,36.8523,441,38660,0.590825,0.39,1,1660456,1660015,441
115367161,31.446,36.9705,441,38715,0.622165,0.39,1,1660493,1660052,441
115370081,35.0892,36.1941,441,38770,0.692433,0.41,1,1660529,1660088,441
115373001,31.0178,30.4388,442,38824,0.674487,0.43,1,1660559,1660117,442
115375921,23.0036,22.0878,443,38878,0.670897,0.47,1,1660580,1660137,443
115378841,34.2007,30.8176,447,38932,0.67018,0.49,1,1660617,1660170,447
115381761,32.4401,30.9635,448,38986,0.702036,0.53,1,1660649,1660201,448
115384681,32.088,31.7927,448,39040,0.724407,0.53,1,1660681,1660233,448
115387601,24.0176,23.9585,448,39094,0.728881,0.55,1,1660703,1660255,448
115390521,33.6035,32.7917,449,39148,0.745776,0.63,1,1660739,1660290,449
115393441,77.1207,73.7583,453,39202,0.781155,0.61,2,1660827,1660374,453
115396361,50.6241,50.7517,452,39256,0.772231,0.59,2,1660871,1660419,452
115399281,38.1248,38.1503,452,39310,0.786446,0.59,2,1660906,1660454,452
115402201,9.22497,9.23007,452,39364,0.789289,0.63,2,1660908,1660456,452
115405121,33.045,31.446,454,39418,0.789858,0.71,2,1660947,1660493,454
115408041,36.209,35.0892,455,39472,0.773972,0.67,2,1660984,1660529,455
115410961,31.2418,31.0178,455,39526,0.770794,0.67,2,1661014,1660559,455
115413881,23.8484,23.0036,456,39579,0.770159,0.67,2,1661036,1660580,456
115416801,34.3697,34.2007,456,39632,0.786032,0.71,2,1661073,1660617,456
115419721,33.2739,32.4401,457,39685,0.757206,0.73,2,1661106,1660649,457
115422641,33.0548,32.088,458,39738,0.767441,0.73,2,1661139,1660681,458
115425561,24.211,24.0176,458,39791,0.737488,0.75,1,1661161,1660703,458
115428481,34.4422,33.6035,459,39844,0.763498,0.79,2,1661198,1660739,459
115431401,78.0884,77.1207,460,39897,0.8167,0.77,2,1661287,1660827,460
115434321,50.8177,50.6241,460,39950,0.82734,0.79,2,1661331,1660871,460
115437241,37.3635,38.1248,459,40003,0.845468,0.79,2,1661365,1660906,459
115440161,9.07271,9.22497,459,40056,0.849094,0.79,2,1661367,1660908,459
115443081,33.0145,33.045,459,40109,0.833819,0.79,2,1661406,1660947,459
115446001,36.2029,6.609,496,40162,0.814764,0.77,2,1661443,1660947,496
115448921,31.2406,30.9218,489,40215,0.826953,0.77,2,1661473,1660984,489
115451841,23.8481,30.1844,481,40268,0.845391,0.77,2,1661495,1661014,481
115454761,33.5696,23.6369,495,40320,0.881078,0.79,2,1661531,1661036,495
115457681,33.1139,34.3274,491,40372,0.920216,0.75,2,1661564,1661073,491
115460601,32.2228,33.2655,490,40424,0.928043,0.77,2,1661596,1661106,490
115463521,24.0446,33.0531,479,40476,0.929609,0.73,2,1661618,1661139,479
115589081,99,102,490,42662,0.71,1,1,1663195,1662705,490
115592001,51,54.8,486,42711,0.662,1,1,1663234,1662748,486
115594921,39.8,36.56,491,42760,0.6044,1,1,1663271,1662780,491
115597841,31.16,26.512,496,42809,0.51288,1,1,1663300,1662804,496
115600761,37.432,32.5024,501,42858,0.510576,1,1,1663339,1662838,501
115603681,34.6864,27.3005,509,42907,0.510115,1,1,1663373,1662864,509
115606601,27.7373,27.0601,508,42956,0.478023,1,1,1663399,1662891,508
115609521,19.1475,29.412,495,43005,0.375605,1,1,1663416,1662921,495
115612441,13.4295,5.8824,507,43054,0.323121,0.91,1,1663428,1662921,507
115615361,14.6859,21.1765,497,43103,0.296624,1,1,1663443,1662946,497
115618281,26.9372,22.6353,504,43152,0.275325,1,1,1663473,1662969,504
115621201,39.7874,34.9271,509,43201,0.239065,1,1,1663516,1663007,509
115624121,29.5575,34.1854,502,43250,0.247813,0.89,1,1663543,1663041,502
115627041,23.5115,30.8371,494,43299,0.249563,0.96,1,1663565,1663071,494
115629961,73.5023,26.1674,555,43348,0.313913,0.71,1,1663651,1663096,555
115632881,42.7005,84.4335,491,43397,0.358783,0.65,1,1663686,1663195,491
115635801,36.5401,48.0867,487,43446,0.367756,0.59,1,1663721,1663234,487
115638721,25.708,39.2173,473,43495,0.385551,0.49,1,1663744,1663271,473
115641641,38.7416,31.0435,486,43544,0.35711,0.51,1,1663786,1663300,486
115644561,33.3483,37.4087,479,43592,0.415422,0.51,1,1663818,1663339,479
115647481,21.8697,34.6817,464,43640,0.411084,0.47,1,1663837,1663373,464
115650401,16.3739,27.7363,453,43688,0.394217,0.35,1,1663852,1663399,453
115653321,12.0748,19.1473,447,43736,0.438843,0.31,1,1663863,1663416,447
115656241,16.015,13.4295,452,43784,0.399769,0.29,1,1663880,1663428,452
115659161,25.603,14.6859,465,43832,0.439954,0.27,1,1663908,1663443,465
115662081,40.3206,26.9372,479,43880,0.511991,0.23,1,1663952,1663473,479
115665001,27.2641,39.7874,460,43928,0.510398,0.25,1,1663976,1663516,460
115667921,24.6528,29.5575,457,43976,0.51008,0.25,1,1664000,1663543,457
115670841,75.3306,23.5115,523,44024,0.558016,0.33,1,1664088,1663565,523
115673761,43.0661,73.5023,472,44072,0.583603,0.37,1,1664123,1663651,472
115676681,39.0132,42.7005,475,44120,0.588721,0.37,1,1664161,1663686,475
115679601,26.2026,36.5401,463,44168,0.653744,0.39,1,1664184,1663721,463
115682521,37.2405,25.708,480,44216,0.698749,0.35,1,1664224,1663744,480
115685441,35.4481,38.7416,473,44264,0.72375,0.43,1,1664259,1663786,473
115688361,20.6896,33.3483,458,44312,0.77675,0.41,2,1664276,1663818,458
115691281,18.5379,21.8697,457,44360,0.78735,0.39,2,1664294,1663837,457
115694201,11.7076,16.3739,452,44408,0.78947,0.45,2,1664304,1663852,452
115697121,15.1415,12.0748,457,44456,0.789894,0.39,2,1664320,1663863,457
115700041,4.6283,16.015,442,44503,0.789979,0.45,2,1664322,1663880,442
115702961,26.5257,25.603,446,44550,0.805996,0.53,2,1664354,1663908,446
115705881,40.5051,40.3206,446,44597,0.809199,0.51,2,1664398,1663952,446
115708801,28.101,27.2641,447,44644,0.79384,0.51,2,1664423,1663976,447
115711721,24.8202,24.6528,447,44691,0.806768,0.57,2,1664447,1664000,447
115714641,77.764,75.3306,450,44738,0.793354,0.59,2,1664538,1664088,450
115717561,44.3528,43.0661,451,44785,0.806671,0.59,2,1664574,1664123,451
115720481,41.6706,39.0132,454,44832,0.793334,0.67,2,1664615,1664161,454
115723401,28.3341,26.2026,456,44879,0.790667,0.71,2,1664640,1664184,456
115726321,38.4668,37.2405,457,44926,0.806133,0.73,2,1664681,1664224,457
115729241,37.2934,35.4481,459,44973,0.793227,0.79,2,1664718,1664259,459
115732161,22.6587,20.6896,461,45020,0.774645,0.79,2,1664737,1664276,461
115735081,18.9317,18.5379,461,45067,0.834929,0.79,2,1664755,1664294,461
115738001,11.7863,11.7076,461,45114,0.814986,0.79,2,1664765,1664304,461
115740921,15.1573,15.1415,461,45161,0.842997,0.79,2,1664781,1664320,461
115743841,4.63145,4.6283,461,45208,0.848599,0.81,2,1664783,1664322,461
115746761,25.7263,26.5257,460,45255,0.83372,0.81,2,1664814,1664354,460
115749681,40.3453,40.5051,460,45302,0.846744,0.79,2,1664858,1664398,460
115752601,27.2691,28.101,459,45349,0.833349,0.81,2,1664882,1664423,459
115755521,26.2538,24.8202,461,45396,0.87867,0.79,2,1664908,1664447,461
115758441,78.0508,77.764,461,45442,0.855734,0.81,2,1664999,1664538,461
115761361,45.2102,44.3528,462,45488,0.883147,0.79,2,1665036,1664574,462
115764281,39.442,41.6706,459,45534,0.856629,0.79,2,1665074,1664615,459
115767201,27.8884,28.3341,459,45580,0.867326,0.81,2,1665099,1664640,459
115770121,39.1777,38.4668,460,45626,0.885465,0.79,2,1665141,1664681,460
115773041,38.2355,37.2934,461,45672,0.921093,0.77,2,1665179,1664718,461
115775961,23.6471,22.6587,462,45718,0.928219,0.85,2,1665199,1664737,462
115778881,19.1294,18.9317,462,45764,0.945644,0.81,2,1665217,1664755,462
115781801,11.8259,11.7863,462,45810,0.917129,0.85,2,1665227,1664765,462
115784721,15.1652,15.1573,462,45856,0.943426,0.85,2,1665243,1664781,462
115787641,4.63304,4.63145,462,45902,0.948685,0.83,2,1665245,1664783,462
115981821,104,86,483,21997,0.51,0.59,1,1667420,1666937,483
115984741,92.8,88.4,484,22093,0.558,0.55,1,1667510,1667026,484
115987661,68.96,68.08,484,22189,0.5836,0.55,1,1667573,1667089,484
115990581,61.792,74.416,468,22285,0.65272,0.49,1,1667633,1667165,468
115993501,54.7584,54.8832,471,22380,0.666544,0.45,1,1667686,1667215,471
115996421,41.3517,43.7766,468,22475,0.653309,0.45,1,1667724,1667256,468
115999341,21.0703,27.9553,460,22569,0.682662,0.51,1,1667740,1667280,460
116002261,105.014,34.3911,550,22663,0.736532,0.51,1,1667866,1667316,550
116005181,95.4028,90.0782,539,22757,0.811306,0.57,2,1667959,1667420,539
116008101,70.2806,90.0156,513,22850,0.826261,0.59,2,1668023,1667510,513
116011021,65.2561,68.4031,514,22943,0.893252,0.67,2,1668087,1667573,514
116013941,55.4512,61.6806,507,23035,0.90665,0.67,2,1668140,1667633,507
116016861,42.2902,54.7361,493,23127,0.94133,0.65,2,1668179,1667686,493
116019781,21.258,41.3472,471,23219,0.948266,0.69,2,1668195,1667724,471
116133661,38,55,519,26548,0.63,1,1,1670603,1670084,519
116136581,85.2,34.2,587,26628,0.438,1,1,1670700,1670113,587
116139501,45.04,96.44,510,26708,0.3676,1,1,1670735,1670225,510
116142421,70.608,48.888,550,26787,0.27352,0.82,1,1670812,1670262,550
116145341,42.9216,69.7776,511,26866,0.254704,0.91,1,1670848,1670337,511
116148261,17.3843,45.9555,482,26945,0.250941,0.99,1,1670859,1670377,482
116151181,61.0769,75.5911,471,27024,0.106188,0.91,1,1670931,1670460,471
116154101,36.2154,42.3182,467,27102,0.0612376,0.75,1,1670961,1670494,467
116157021,54.4431,65.2636,455,27180,0.0682475,0.63,1,1671020,1670565,455
116159941,38.0886,43.4527,451,27258,0.10165,0.39,1,1671054,1670603,451
116162861,79.6177,86.2905,444,27336,0.10833,0.35,1,1671144,1670700,444
116165781,43.1235,45.2581,443,27413,0.093666,0.25,1,1671178,1670735,443
116168701,62.2247,70.6516,433,27490,0.122733,0.25,1,1671245,1670812,433
116171621,41.2449,42.9303,433,27567,0.112547,0.25,1,1671281,1670848,433
116174541,14.649,17.3861,430,27644,0.142509,0.07,1,1671289,1670859,430
116177461,55.7298,61.0772,424,27721,0.164502,0.05,1,1671355,1670931,424
116180381,33.546,36.2154,422,27797,0.1529,0.07,1,1671383,1670961,422
116183301,57.1092,54.4431,426,27873,0.19858,0.11,1,1671446,1671020,426
116186221,38.6218,38.0886,426,27949,0.239716,0.11,1,1671480,1671054,426
116189141,78.9244,79.6177,425,28025,0.311943,0.09,1,1671569,1671144,425
116192061,43.7849,43.1235,426,28101,0.374389,0.13,1,1671604,1671178,426
116194981,62.357,62.2247,426,28176,0.354878,0.11,1,1671671,1671245,426
116197901,42.0714,41.2449,427,28251,0.382976,0.15,1,1671708,1671281,427
116200821,14.8143,14.649,427,28326,0.388595,0.17,1,1671716,1671289,427
116203741,56.5629,55.7298,428,28401,0.421719,0.17,1,1671783,1671355,428
116206661,33.7126,11.146,456,28476,0.428344,0.15,1,1671811,1671355,456
116209581,59.5425,24.6292,494,28550,0.429669,0.21,1,1671877,1671383,494
116212501,40.7085,55.3258,467,28624,0.445934,0.25,1,1671913,1671446,467
116215421,80.9417,38.2652,524,28698,0.513187,0.33,1,1672004,1671480,524
116218341,46.5883,78.853,473,28772,0.606637,0.39,1,1672042,1671569,473
116221261,62.9177,43.7706,505,28846,0.641327,0.35,1,1672109,1671604,505
116224181,43.7835,62.3541,477,28919,0.664266,0.39,1,1672148,1671671,477
116227101,15.1567,42.0708,448,28992,0.668853,0.39,1,1672156,1671708,448
116230021,58.2313,14.8142,509,29065,0.717771,0.43,1,1672225,1671716,509
116232941,34.0463,56.5628,470,29138,0.727554,0.43,1,1672253,1671783,470
116235861,59.6093,33.7126,508,29211,0.761511,0.43,2,1672319,1671811,508
116238781,43.1219,59.5425,481,29283,0.768302,0.45,2,1672358,1671877,481
116241701,83.8244,40.7085,539,29355,0.75366,0.53,2,1672452,1671913,539
116244621,50.3649,80.9417,490,29427,0.766732,0.63,2,1672494,1672004,490
116247541,64.473,46.5883,520,29499,0.785346,0.65,2,1672562,1672042,520
116250461,44.8946,62.9177,493,29571,0.789069,0.67,2,1672602,1672109,493
116253381,16.1789,43.7835,463,29643,0.805814,0.67,2,1672611,1672148,463
116256301,60.0358,15.1567,526,29714,0.793163,0.73,2,1672682,1672156,526
116259221,34.4072,58.2313,485,29785,0.806633,0.73,2,1672710,1672225,485
116262141,8.48143,34.0463,459,29856,0.809327,0.77,2,1672712,1672253,459
116265061,56.0963,59.6093,461,29927,0.809865,0.77,2,1672780,1672319,461
116267981,41.6193,43.1219,460,29998,0.809973,0.75,2,1672818,1672358,460
116270901,82.7239,83.8244,459,30069,0.889995,0.77,2,1672911,1672452,459
116273821,50.9448,50.3649,460,30139,0.889999,0.79,2,1672954,1672494,460
116276741,65.389,64.473,461,30209,0.906,0.79,2,1673023,1672562,461
116446101,33,28,497,34032,0.87,1,2,1675640,1675143,497
116449021,33,33.6,495,34094,0.822,1,2,1675673,1675178,495
116451941,80.2,90.72,482,34156,0.7644,1,2,1675765,1675283,482
116454861,45.64,45.344,485,34218,0.86488,1,2,1675802,1675317,485
116457781,25.928,9.0688,506,34280,0.868976,0.97,2,1675823,1675317,506
116460701,60.3856,24.2138,547,34342,0.933795,1,2,1675892,1675345,547
116463621,44.0771,65.6428,511,34404,0.930759,1,2,1675932,1675421,511
116466541,21.6154,44.3286,488,34465,0.914152,0.97,2,1675948,1675460,488
116837381,33,37,508,41529,0.93,1,2,1680935,1680427,508
116840301,33,32.2,510,41580,0.882,1,2,1680968,1680458,510
116843221,29,34.44,503,41631,0.7444,1,1,1680996,1680493,503
116846141,32.2,26.888,511,41682,0.63688,1,1,1681029,1680518,511
116847601,34.44,24.5776,522,41733,0.519376,1,1,1681064,1680542,522
116891401,390.088,450.516,444,18980,0.159875,0.21,1,1681543,1681099,444
116894321,182.018,153.303,495,19092,0.055975,0.11,1,1681673,1681178,495
116897241,93.2035,121.861,452,19203,0.051195,0.01,1,1681744,1681292,452
116900161,83.4407,66.7721,480,19314,0.034239,0.03,1,1681825,1681345,480
116903081,57.4881,81.3544,446,19424,0.0468478,0.03,1,1681876,1681430,446
116906001,61.0976,58.6709,455,19533,0.0333696,0.07,1,1681938,1681483,455
116908921,20.2195,36.5342,434,19642,0.0466739,0.07,1,1681948,1681514,434
116911841,123.244,30.5068,554,19750,0.0813348,0.03,1,1682097,1681543,554
116914761,82.2488,110.101,496,19857,0.104267,0.05,1,1682169,1681673,496
116917681,81.2498,78.8203,506,19964,0.140853,0.03,1,1682250,1681744,506
116920601,55.45,80.5641,474,20070,0.148171,0.05,1,1682299,1681825,474
116923521,60.69,56.9128,485,20176,0.165634,0.03,1,1682361,1681876,485
116926441,20.138,60.9826,433,20281,0.137127,0.05,1,1682371,1681938,433
116929361,124.828,20.1965,574,20386,0.195425,0.09,1,1682522,1681948,574
116932281,83.3655,123.239,498,20490,0.255085,0.11,1,1682595,1682097,498
116935201,83.0731,82.2479,509,20594,0.299017,0.15,1,1682678,1682169,509
116938121,55.8146,81.2496,477,20697,0.307803,0.15,1,1682727,1682250,477
116941041,59.9629,55.4499,489,20799,0.341561,0.17,1,1682788,1682299,489
116943961,19.9926,60.69,437,20901,0.364312,0.13,1,1682798,1682361,437
116946881,127.999,20.138,582,21002,0.448862,0.21,1,1682953,1682371,582
116949801,27.1997,124.828,433,21103,0.465773,0.27,1,1682955,1682522,433
116952721,65.4399,83.3655,435,21204,0.469155,0.31,1,1683030,1682595,435
116955641,81.088,83.0731,437,21304,0.501831,0.31,1,1683115,1682678,437
116958561,56.2176,55.8146,438,21404,0.524366,0.35,1,1683165,1682727,438
116961481,61.6435,59.9629,440,21503,0.512873,0.37,1,1683228,1682788,440
116964401,20.3287,19.9926,440,21602,0.510575,0.47,1,1683238,1682798,440
116967321,132.066,127.999,445,21700,0.590115,0.47,1,1683398,1682953,445
116970241,28.0131,27.1997,445,21798,0.606023,0.47,1,1683400,1682955,445
116973161,65.6026,65.4399,445,21895,0.673205,0.51,1,1683475,1683030,445
116976081,82.7205,81.088,447,21992,0.702641,0.53,1,1683562,1683115,447
116979001,57.3441,56.2176,448,22088,0.660528,0.51,1,1683613,1683165,448
116981921,61.0688,61.6435,447,22184,0.684106,0.51,1,1683675,1683228,447
116984841,20.2138,20.3287,447,22280,0.688821,0.61,1,1683685,1683238,447
116987761,136.043,132.066,452,22375,0.801764,0.61,2,1683850,1683398,452
116990681,28.8085,28.0131,452,22470,0.824353,0.69,2,1683852,1683400,452
116993601,67.3617,65.6026,454,22564,0.908871,0.69,2,1683929,1683475,454
116996521,83.0723,13.1205,541,22658,0.893774,0.71,2,1684016,1683475,541
116999441,57.4145,72.2241,505,22752,0.906755,0.65,2,1684067,1683562,505
117002361,61.8829,55.2448,517,22845,0.909351,0.69,2,1684130,1683613,517
117005281,20.3766,60.649,465,22938,0.90987,0.69,2,1684140,1683675,465
117092881,38,0,528,25565,0.95,1,2,1686027,1685499,528
117095801,40.4,52,504,25648,0.854,1,2,1686068,1685564,504
117098721,134.48,37.6,628,25731,0.5948,1,1,1686226,1685598,628
117101641,54.896,132.32,507,25813,0.52696,1,1,1686261,1685754,507
117104561,50.9792,58.464,517,25895,0.497392,0.95,1,1686311,1685794,517
117107481,74.1958,42.0928,559,25977,0.459478,1,1,1686391,1685832,559
117110401,46.0392,78.8186,510,26059,0.403896,0.89,1,1686430,1685920,510
117113321,30.8078,44.5637,501,26140,0.408779,0.94,1,1686457,1685956,501
117116241,34.1616,35.3127,503,26221,0.361756,0.95,1,1686492,1685989,503
117119161,37.2323,37.4625,503,26302,0.416351,0.83,1,1686530,1686027,503
117122081,125.046,40.2925,609,26383,0.47527,0.53,1,1686677,1686068,609
117125001,49.8093,134.459,482,26463,0.503054,0.51,1,1686708,1686226,482
117127921,48.3619,54.8917,495,26543,0.476611,0.49,1,1686756,1686261,495
117130841,68.8724,50.9783,519,26623,0.535322,0.45,1,1686830,1686311,519
117133761,44.1745,74.1957,477,26703,0.579064,0.39,1,1686868,1686391,477
117136681,31.2349,46.0391,466,26782,0.587813,0.41,1,1686896,1686430,466
117139601,33.447,30.8078,473,26861,0.605563,0.35,1,1686930,1686457,473
117142521,8.2894,34.1616,440,26940,0.609113,0.43,1,1686932,1686492,440
117145441,32.8579,37.2323,441,27019,0.625823,0.49,1,1686971,1686530,441
117148361,128.172,125.046,446,27097,0.645164,0.51,1,1687123,1686677,446
117151281,49.6343,49.8093,445,27175,0.665033,0.47,1,1687153,1686708,445
117154201,48.3269,48.3619,445,27253,0.669007,0.55,1,1687201,1686756,445
117157121,72.0654,68.8724,449,27331,0.733801,0.59,1,1687279,1686830,449
117160041,46.4131,44.1745,451,27408,0.73076,0.59,1,1687319,1686868,451
117162961,32.4826,31.2349,452,27485,0.746152,0.61,1,1687348,1686896,452
117165881,33.6965,33.447,452,27562,0.78123,0.61,2,1687382,1686930,452
117168801,8.3393,8.2894,452,27639,0.788246,0.63,2,1687384,1686932,452
117171721,32.0679,32.8579,451,27716,0.757649,0.65,2,1687422,1686971,451
117174641,131.214,128.172,455,27792,0.78353,0.67,2,1687578,1687123,455
117177561,50.2427,49.6343,455,27868,0.804706,0.67,2,1687608,1687153,455
117180481,49.2485,48.3269,456,27944,0.824941,0.75,2,1687657,1687201,456
117183401,73.0497,72.0654,457,28020,0.876988,0.73,2,1687736,1687279,457
117314801,38,39,488,31238,0.87,0.99,2,1690009,1689521,488
117317721,38,32.6,495,31306,0.806,0.99,2,1690047,1689552,495
117320641,16.4,6.52,506,31374,0.7612,1,2,1690058,1689552,506
117323561,32.08,16.504,523,31441,0.70424,1,1,1690094,1689571,523
117326481,64.016,51.3008,535,31508,0.644848,0.92,1,1690166,1689631,535
117329401,32.8032,51.8602,508,31575,0.55297,1,1,1690191,1689683,508
117332321,41.7606,45.572,508,31642,0.550594,1,1,1690235,1689727,508
117335241,34.7521,40.3144,502,31709,0.550119,0.98,1,1690268,1689766,502
117338161,26.9504,29.6629,500,31776,0.518024,0.96,1,1690293,1689793,500
117341081,118.19,25.9326,616,31843,0.447605,0.85,1,1690434,1689818,616
117344001,53.238,127.587,500,31909,0.417521,0.87,1,1690471,1689971,500
117346921,37.0476,55.9173,495,31975,0.443504,0.79,1,1690504,1690009,495
117349841,16.2095,41.5835,468,32041,0.464701,0.75,1,1690515,1690047,468
117352761,30.4419,17.1167,491,32107,0.46894,0.69,1,1690549,1690058,491
117355681,59.6884,32.2233,522,32173,0.533788,0.63,1,1690616,1690094,522
117358601,31.9377,64.0447,475,32239,0.530758,0.53,1,1690641,1690166,475
117361521,42.3875,32.8089,495,32305,0.562152,0.55,1,1690686,1690191,495
117364441,30.8775,41.7618,479,32370,0.56843,0.55,1,1690714,1690235,479
117367361,23.7755,34.7524,468,32435,0.569686,0.51,1,1690736,1690268,468
117370281,117.555,26.9505,584,32500,0.617937,0.43,1,1690877,1690293,584
117373201,51.511,118.19,478,32565,0.659588,0.41,1,1690912,1690434,478
117376121,38.3022,53.238,476,32630,0.667917,0.45,1,1690947,1690471,476
117379041,17.2604,37.0476,455,32695,0.669583,0.47,1,1690959,1690504,455
117381961,31.4521,16.2095,479,32760,0.701917,0.47,1,1690994,1690515,479
117384881,7.89042,30.4419,447,32825,0.676383,0.55,1,1690996,1690549,447
117387801,55.1781,59.6884,447,32889,0.687277,0.53,1,1691063,1690616,447
117390721,31.8356,31.9377,448,32953,0.689455,0.57,1,1691089,1690641,448
117393641,42.3671,42.3875,448,33017,0.721891,0.57,1,1691134,1690686,448
117396561,32.4734,30.8775,450,33081,0.728378,0.57,1,1691164,1690714,450
117399481,24.0947,23.7755,450,33145,0.697676,0.63,1,1691186,1690736,450
117402401,122.419,117.555,456,33209,0.755535,0.67,2,1691333,1690877,456
117405321,51.6838,51.511,455,33273,0.767107,0.67,2,1691367,1690912,455
117408241,38.3368,38.3022,455,33337,0.785421,0.67,2,1691402,1690947,455
117411161,17.2674,17.2604,455,33400,0.757084,0.71,2,1691414,1690959,455
117414081,31.4535,31.4521,455,33463,0.783417,0.67,2,1691449,1690994,455
117417001,7.89069,7.89042,455,33526,0.788683,0.69,2,1691451,1690996,455
117419921,55.9781,55.1781,456,33589,0.789737,0.69,2,1691519,1691063,456
117422841,31.9956,31.8356,456,33652,0.837947,0.73,2,1691545,1691089,456
117425761,42.3991,42.3671,456,33715,0.83159,0.73,2,1691590,1691134,456
117428681,32.4798,32.4734,456,33778,0.862318,0.69,2,1691620,1691164,456
117431601,24.096,24.0947,456,33841,0.884464,0.77,2,1691642,1691186,456
117672501,62,120,483,17042,0.05,0.35,1,1695240,1694757,483
117675421,70,96,465,17167,0.05,0.17,1,1695312,1694847,465
117678341,74.8,71.2,476,17291,0.05,0.15,1,1695388,1694912,476
117681261,43.76,67.84,445,17414,0.034,0.17,1,1695424,1694979,445
117684181,151.952,40.768,590,17536,0.0948,0.07,1,1695603,1695013,590
117687101,78.3904,140.154,485,17657,0.13896,0.05,1,1695663,1695178,485
117690021,73.2781,77.6307,495,17777,0.195792,0.05,1,1695735,1695240,495
117692941,75.4556,73.1261,499,17896,0.175158,0.05,1,1695811,1695312,499
117695861,43.0911,75.4252,458,18015,0.123032,0.03,1,1695846,1695388,458
117698781,10.2182,43.885,424,18133,0.112606,0.11,1,1695848,1695424,424
117701701,146.844,151.977,426,18250,0.206521,0.15,1,1696029,1695603,426
117704621,79.7687,78.3954,429,18366,0.241304,0.21,1,1696092,1695663,429
117707541,75.9537,73.2791,432,18482,0.264261,0.17,1,1696167,1695735,432
117710461,74.3907,75.4558,430,18597,0.348852,0.11,1,1696241,1695811,430
117713381,40.4781,43.0912,427,18711,0.36577,0.11,1,1696273,1695846,427
117716301,9.69563,10.2182,427,18824,0.369154,0.23,1,1696275,1695848,427
117719221,151.539,146.844,433,18937,0.385831,0.25,1,1696462,1696029,433
117722141,80.7078,79.7687,433,19049,0.437166,0.27,1,1696525,1696092,433
117725061,77.7416,75.9537,435,19160,0.463433,0.37,1,1696602,1696167,435
117727981,78.7483,74.3907,440,19271,0.484687,0.37,1,1696681,1696241,440
117730901,41.3497,40.4781,440,19381,0.488937,0.37,1,1696713,1696273,440
117733821,9.86993,9.69563,440,19490,0.489787,0.39,1,1696715,1696275,440
117736741,153.174,151.539,442,19599,0.569957,0.39,1,1696904,1696462,442
117739661,80.2348,30.3078,504,19707,0.585992,0.45,1,1696966,1696462,504
117742581,79.247,56.4616,520,19815,0.621198,0.47,1,1697045,1696525,520
117745501,80.6494,72.8923,524,19922,0.59624,0.49,1,1697126,1696602,524
117748421,41.7299,77.7785,477,20028,0.607248,0.49,1,1697158,1696681,477
117751341,9.94598,41.1557,447,20134,0.60945,0.49,1,1697160,1696713,447
117754261,156.389,9.83114,638,20239,0.64189,0.59,1,1697353,1696715,638
117757181,81.6778,153.166,512,20344,0.632378,0.59,1,1697416,1696904,512
117760101,81.1356,80.2332,531,20448,0.694476,0.63,1,1697497,1696966,531
117763021,79.4271,79.2466,531,20552,0.754895,0.59,2,1697576,1697045,531
117765941,42.2854,80.6493,483,20655,0.798979,0.61,2,1697609,1697126,483
117768861,10.0571,41.7299,453,20758,0.807796,0.61,2,1697611,1697158,453
117771781,156.411,9.94597,644,20860,0.905559,0.65,2,1697804,1697160,644
117862301,67,32,553,23809,0.71,1,1,1699880,1699327,553
117865221,43,59.2,524,23898,0.662,1,1,1699917,1699393,524
117868141,61.4,61.44,528,23987,0.4924,1,1,1699983,1699455,528
117871061,13.88,44.288,490,24075,0.45848,1,1,1699985,1699495,490
117873981,35.576,37.6576,495,24163,0.339696,1,1,1700026,1699531,495
117876901,112.715,125.932,479,24251,0.251939,0.85,1,1700158,1699679,479
117879821,92.943,102.786,470,24338,0.186388,0.76,1,1700246,1699776,470
117882741,45.7886,50.1573,467,24425,0.173278,0.71,1,1700280,1699813,467
117885661,53.1577,63.6315,455,24512,0.138656,0.65,1,1700335,1699880,455
117888581,36.2315,42.3263,450,24598,0.163731,0.45,1,1700367,1699917,450
117891501,56.0463,61.2653,445,24684,0.184746,0.45,1,1700428,1699983,445
117894421,12.8093,13.8531,445,24770,0.156949,0.31,1,1700430,1699985,445
117897341,28.9619,35.5706,437,24856,0.15139,0.23,1,1700463,1700026,437
117900261,104.992,112.714,429,24941,0.262278,0.17,1,1700587,1700158,429
117903181,90.5985,92.9428,428,25026,0.284456,0.17,1,1700674,1700246,428
117906101,46.9197,45.7886,430,25111,0.256891,0.13,1,1700710,1700280,430
117909021,51.7839,53.1577,428,25195,0.315378,0.17,1,1700763,1700335,428
117911941,35.9568,36.2315,428,25279,0.327076,0.19,1,1700795,1700367,428
117914861,56.7914,56.0463,429,25363,0.361415,0.15,1,1700857,1700428,429
117917781,12.9583,12.8093,429,25447,0.368283,0.15,1,1700859,1700430,429
117920701,30.5917,2.56185,464,25530,0.353657,0.15,1,1700894,1700430,464
117923621,106.918,26.9124,557,25613,0.350731,0.29,1,1701020,1700463,557
117926541,90.9837,104.582,520,25696,0.398146,0.29,1,1701107,1700587,520
117929461,47.7967,90.5165,470,25778,0.407629,0.25,1,1701144,1700674,470
117932381,52.7593,46.9033,488,25860,0.409526,0.33,1,1701198,1700710,488
117935301,36.9519,51.7807,468,25942,0.393905,0.33,1,1701231,1700763,468
117938221,57.7904,35.9561,499,26024,0.422781,0.37,1,1701294,1700795,499
117941141,13.1581,56.7912,439,26105,0.428556,0.37,1,1701296,1700857,439
117944061,33.0316,12.9582,475,26186,0.429711,0.35,1,1701334,1700859,475
117946981,106.606,30.5916,565,26267,0.525942,0.35,1,1701459,1700894,565
117949901,92.5213,106.918,528,26348,0.609188,0.41,1,1701548,1701020,528
117952821,48.1043,90.9837,478,26428,0.657838,0.41,1,1701585,1701107,478
117955741,52.8209,47.7967,495,26508,0.667567,0.41,1,1701639,1701144,495
117958661,37.7642,52.7593,475,26588,0.685514,0.39,1,1701673,1701198,475
117961581,57.9528,36.9519,505,26668,0.721103,0.43,1,1701736,1701231,505
117964501,13.1906,57.7904,444,26747,0.728221,0.43,1,1701738,1701294,444
117967421,33.0381,13.1581,480,26826,0.745644,0.43,1,1701776,1701296,480
117970341,111.408,33.0316,573,26905,0.781129,0.55,2,1701907,1701334,573
117973261,23.8815,106.606,450,26984,0.788226,0.63,2,1701909,1701459,450
117976181,78.3763,92.5213,453,27062,0.869645,0.67,2,1702001,1701548,453
117979101,46.8753,48.1043,455,27140,0.901929,0.67,2,1702040,1701585,455
117982021,52.5751,52.8209,455,27218,0.892386,0.69,2,1702094,1701639,455
117984941,38.515,37.7642,456,27296,0.906477,0.73,2,1702129,1701673,456
117987861,59.703,57.9528,458,27374,0.925295,0.73,2,1702194,1701736,458
117990781,13.5406,13.1906,458,27451,0.897059,0.75,2,1702196,1701738,458
117993701,33.9081,33.0381,459,27528,0.939412,0.79,2,1702235,1701776,459
118110501,70,76,484,30452,0.39,1,1,1704360,1703876,484
118113421,50.8,53.6,482,30521,0.214,1,1,1704406,1703924,482
118116341,43.76,37.12,491,30590,0.0508,1,1,1704448,1703957,491
118119261,36.752,32.224,495,30659,0.03416,1,1,1704483,1703988,495
118122181,34.5504,32.8448,496,30728,0.094832,1,1,1704517,1704021,496
118125101,47.7101,60.969,479,30797,0.0749664,1,1,1704568,1704089,479
118128021,27.942,28.1938,482,30866,0.0229933,1,1,1704591,1704109,482
118130941,17.5884,28.0388,469,30935,0.0605987,0.69,1,1704606,1704137,469
118133861,84.3177,100.808,451,31003,0.0521197,0.61,1,1704707,1704256,451
118136781,42.4635,47.3616,449,31071,0.0504239,0.39,1,1704739,1704290,449
118139701,54.0927,65.4723,436,31139,0.130085,0.17,1,1704796,1704360,436
118142621,42.8185,49.8945,430,31207,0.082017,0.01,1,1704836,1704406,430
118145541,36.5637,43.5789,423,31275,0.0244034,0.03,1,1704871,1704448,423
118148461,34.5127,36.7158,422,31343,0.0448807,0.03,1,1704905,1704483,422
118151381,35.7025,7.34316,458,31411,0.0329761,0.11,1,1704941,1704483,458
118154301,47.1405,28.6686,474,31478,0.0945952,0.07,1,1704991,1704517,474
118157221,27.8281,46.5337,446,31545,0.074919,0.01,1,1705014,1704568,446
118160141,16.7656,27.7067,437,31612,0.0389838,0.07,1,1705028,1704591,437
118163061,84.1531,17.5413,523,31679,0.0957968,0.05,1,1705129,1704606,523
118165981,43.2306,84.3083,455,31746,0.0591593,0.05,1,1705162,1704707,455
118168901,55.0461,42.4617,481,31813,0.0678319,0.15,1,1705220,1704739,481
118171821,42.2092,54.0923,463,31880,0.149566,0.07,1,1705259,1704796,463
118174741,34.8418,42.8185,456,31946,0.165913,0.01,1,1705292,1704836,456
118177661,36.5684,36.5637,458,32012,0.105183,0.05,1,1705329,1704871,458
118180581,36.1137,34.5127,460,32078,0.0610365,0.03,1,1705365,1704905,460
118183501,47.2227,35.7025,474,32144,0.100207,0.11,1,1705415,1704941,474
118186421,26.2445,47.1405,445,32210,0.124041,0.07,1,1705436,1704991,445
118189341,17.2489,27.8281,437,32276,0.144808,0.03,1,1705451,1705014,437
118192261,85.0498,16.7656,525,32342,0.116962,0.11,1,1705553,1705028,525
118195181,44.21,84.1531,458,32407,0.159392,0.05,1,1705587,1705129,458
118198101,54.442,43.2306,482,32472,0.199878,0.07,1,1705644,1705162,482
118201021,44.4884,55.0461,466,32537,0.175976,0.17,1,1705686,1705220,466
118203941,36.0977,42.2092,461,32602,0.171195,0.17,1,1705720,1705259,461
118206861,32.8195,34.8418,460,32667,0.170239,0.09,1,1705752,1705292,460
118209781,36.1639,36.5684,460,32732,0.170048,0.05,1,1705789,1705329,460
118212701,8.83278,36.1137,426,32797,0.17001,0.11,1,1705791,1705365,426
118215621,42.5666,47.2227,427,32861,0.202002,0.13,1,1705842,1705415,427
118218541,26.1133,26.2445,428,32925,0.2404,0.15,1,1705864,1705436,428
118221461,18.0227,17.2489,429,32989,0.21608,0.11,1,1705880,1705451,429
118224381,83.6045,85.0498,427,33053,0.291216,0.17,1,1705980,1705553,427
118227301,46.3209,44.21,430,33117,0.322243,0.21,1,1706017,1705587,430
118230221,56.4642,54.442,432,33181,0.344449,0.17,1,1706076,1705644,432
118233141,43.2928,44.4884,430,33245,0.31689,0.17,1,1706116,1705686,430
118236061,35.8586,36.0977,430,33309,0.327378,0.17,1,1706150,1705720,430
118238981,32.7717,32.8195,430,33372,0.345476,0.17,1,1706182,1705752,430
118241901,36.1543,36.1639,430,33435,0.445095,0.17,1,1706219,1705789,430
118244821,8.83087,8.83278,430,33498,0.465019,0.21,1,1706221,1705791,430
118247741,44.1662,42.5666,432,33561,0.453004,0.25,1,1706274,1705842,432
118250661,26.4332,26.1133,432,33624,0.482601,0.21,1,1706296,1705864,432
118253581,18.0866,18.0227,432,33687,0.48852,0.31,1,1706312,1705880,432
118256501,87.6173,83.6045,437,33750,0.473704,0.33,1,1706417,1705980,437
118259421,46.3235,46.3209,436,33813,0.486741,0.35,1,1706453,1706017,436
118262341,57.2647,56.4642,437,33876,0.585348,0.31,1,1706513,1706076,437
118265261,43.4529,43.2928,437,33938,0.58907,0.33,1,1706553,1706116,437
118268181,36.6906,35.8586,438,34000,0.605814,0.35,1,1706588,1706150,438
118271101,35.3381,32.7717,441,34062,0.625163,0.47,1,1706623,1706182,441
118274021,38.2676,36.1543,443,34124,0.677033,0.47,1,1706662,1706219,443
118276941,9.25352,8.83087,443,34186,0.687407,0.45,1,1706664,1706221,443
118279861,45.8507,44.1662,445,34248,0.689481,0.45,1,1706719,1706274,445
118282781,26.7701,8.83323,467,34310,0.657896,0.49,1,1706741,1706274,467
118285701,18.154,19.3666,461,34372,0.667579,0.49,1,1706757,1706296,461
118288621,87.6308,16.6733,550,34434,0.685516,0.47,1,1706862,1706312,550
118291541,46.3262,87.3347,481,34495,0.705103,0.49,1,1706898,1706417,481
118294461,61.2652,46.2669,510,34556,0.661021,0.61,1,1706963,1706453,510
118297381,44.253,57.2534,490,34617,0.684204,0.59,1,1707003,1706513,490
118300301,37.6506,43.4507,486,34678,0.688841,0.61,1,1707039,1706553,486
118303221,36.3301,36.6901,487,34739,0.689768,0.63,1,1707075,1706588,487
118306141,39.266,35.338,492,34800,0.753954,0.69,2,1707115,1706623,492
118309061,9.4532,38.2676,455,34861,0.766791,0.69,2,1707117,1706662,455
118311981,45.8906,9.25352,508,34922,0.753358,0.69,2,1707172,1706664,508
118314901,26.7781,45.8507,475,34983,0.750672,0.65,2,1707194,1706719,475
118317821,18.9556,26.7701,470,35043,0.750134,0.67,2,1707211,1706741,470
118320741,89.3911,18.154,561,35103,0.862027,0.69,2,1707318,1706757,561
118323661,46.6782,87.6308,492,35163,0.884405,0.71,2,1707354,1706862,492
118469661,39,73,518,38053,0.81,1,2,1709357,1708839,518
118472581,35.8,44.2,516,38109,0.746,1,1,1709392,1708876,516
118475501,35.16,36.04,517,38164,0.6852,1,1,1709427,1708910,517
118478421,39.832,36.008,522,38219,0.72104,1,1,1709468,1708946,522
118481341,26.3664,43.2016,500,38274,0.664208,1,1,1709491,1708991,500
118484261,29.2733,25.4403,509,38329,0.716842,1,1,1709521,1709012,509
118487181,27.4547,31.4881,503,38384,0.711368,1,1,1709548,1709045,503
118490101,26.2909,28.6976,501,38439,0.758274,1,2,1709574,1709073,501
118493021,22.8582,23.3395,501,38494,0.719655,0.98,1,1709596,1709095,501
118495941,72.5716,25.4679,560,38549,0.663931,0.94,1,1709681,1709121,560
118498861,36.1143,76.2936,498,38604,0.636786,0.89,1,1709708,1709210,498
118501781,8.82286,44.0587,464,38659,0.631357,0.87,1,1709710,1709246,464
118504701,60.9646,66.4117,466,38714,0.694271,0.81,1,1709784,1709318,466
118507621,40.1929,44.4823,462,38769,0.738854,0.73,1,1709819,1709357,462
118510541,31.2386,36.8965,456,38823,0.779771,0.67,2,1709848,1709392,456
118513461,36.6477,35.3793,459,38877,0.819954,0.73,2,1709886,1709427,459
118516381,39.3295,39.8759,458,38931,0.795991,0.65,2,1709926,1709468,458
118519301,26.2659,26.3752,458,38985,0.807198,0.73,2,1709949,1709491,458
118522221,27.6532,29.275,456,39039,0.80944,0.71,2,1709977,1709521,456
118525141,29.5306,27.455,459,39093,0.809888,0.77,2,1710007,1709548,459
118528061,24.3061,26.291,456,39147,0.793978,0.71,2,1710030,1709574,456
118530981,21.6612,22.8582,455,39201,0.806795,0.65,2,1710051,1709596,455
118533901,73.1322,72.5716,456,39255,0.889359,0.63,2,1710137,1709681,456
118536821,33.8264,36.1143,453,39309,0.889872,0.63,2,1710161,1709708,453
118539741,8.36529,8.82287,453,39363,0.889974,0.71,2,1710163,1709710,453
118732461,109,121,475,19203,0.17,0.31,1,1712689,1712214,475
118735381,74.6,75.4,477,19314,0.218,0.33,1,1712755,1712278,477
118738301,58.92,69.48,464,19424,0.2596,0.19,1,1712810,1712346,464
118741221,42.984,73.096,429,19533,0.25192,0.13,1,1712849,1712420,429
118744141,46.1968,25.0192,463,19642,0.234384,0.17,1,1712896,1712433,463
118747061,100.439,48.2038,523,19750,0.310877,0.19,1,1713010,1712487,523
118749981,108.088,84.0408,540,19857,0.374175,0.17,1,1713120,1712580,540
118752901,75.2176,104.008,498,19964,0.370835,0.23,1,1713187,1712689,498
118755821,60.6435,73.6016,489,20070,0.434167,0.27,1,1713244,1712755,489
118758741,42.5287,58.7203,472,20176,0.446833,0.25,1,1713282,1712810,472
118761661,45.3057,42.9441,479,20281,0.449367,0.23,1,1713328,1712849,479
118764581,104.261,46.1888,551,20386,0.497873,0.33,1,1713447,1712896,551
118767501,111.252,100.438,550,20490,0.475575,0.39,1,1713560,1713010,550
118770421,75.8504,108.088,507,20594,0.487115,0.37,1,1713627,1713120,507
118773341,63.1701,75.2175,500,20697,0.521423,0.45,1,1713687,1713187,500
118776261,43.034,60.6435,481,20799,0.544285,0.45,1,1713725,1713244,481
118779181,45.4068,42.5287,489,20901,0.548857,0.45,1,1713771,1713282,489
118782101,106.681,45.3057,565,21002,0.597771,0.51,1,1713893,1713328,565
118785021,22.9363,104.261,448,21103,0.607554,0.47,1,1713895,1713447,448
118787941,92.5873,111.252,445,21204,0.673511,0.49,1,1714005,1713560,445
118790861,72.9175,75.8504,446,21304,0.670702,0.53,1,1714073,1713627,446
118793781,64.1835,63.1701,448,21404,0.79814,0.55,2,1714135,1713687,448
118796701,44.0367,43.034,449,21503,0.807628,0.55,2,1714174,1713725,449
118799621,45.6073,45.4068,449,21602,0.809526,0.61,2,1714220,1713771,449
118802541,109.921,106.681,453,21700,0.889905,0.61,2,1714346,1713893,453
118805461,23.5843,22.9363,453,21798,0.905981,0.69,2,1714348,1713895,453
118925181,41,29,502,25482,0.57,1,1,1717011,1716509,502
118928101,40.2,5.8,542,25565,0.458,1,1,1717051,1716509,542
118931021,35.24,46.76,519,25648,0.3076,1,1,1717085,1716566,519
118933941,72.648,37.352,566,25731,0.08552,1,1,1717167,1716601,566
118936861,67.3296,84.2704,536,25813,0.073104,1,1,1717233,1716697,536
118939781,63.0659,76.0541,524,25895,0.0386208,1,1,1717295,1716771,524
118942701,81.4132,52.0108,564,25977,0.0157242,0.85,1,1717381,1716817,564
118945621,50.6826,94.4022,502,26059,0.0111448,0.67,1,1717424,1716922,502
118948541,35.7365,57.2804,486,26140,0.042229,0.57,1,1717456,1716970,486
118951461,32.7473,44.2561,477,26221,0.0164458,0.43,1,1717488,1717011,477
118954381,28.1495,40.8512,464,26302,0.0592892,0.27,1,1717515,1717051,464
118957301,64.0299,35.3702,503,26383,0.0118578,0.03,1,1717588,1717085,503
118960221,65.606,72.674,487,26463,0.0103716,0.07,1,1717654,1717167,487
118963141,63.5212,67.3348,484,26543,0.0580743,0.03,1,1717717,1717233,484
118966061,83.1042,63.067,510,26623,0.0196149,0.01,1,1717805,1717295,510
118968981,48.6208,81.4134,464,26703,0.011923,0.01,1,1717845,1717381,464
118971901,35.3242,50.6827,453,26782,0.00238459,0.05,1,1717877,1717424,453
118974821,32.6648,35.7365,453,26861,0.0244769,0.01,1,1717909,1717456,453
118977741,8.13297,32.7473,423,26940,0.0288954,0.07,1,1717911,1717488,423
118980661,24.8266,28.1495,425,27019,0.0457791,0,1,1717940,1717515,425
118983581,60.9653,64.0299,422,27097,0.0651558,0.01,1,1718010,1717588,422
118986501,66.5931,65.606,424,27175,0.0690312,0.07,1,1718078,1717654,424
118989421,62.9186,63.5212,423,27253,0.0378062,0.01,1,1718140,1717717,423
118992341,82.9837,83.1042,423,27331,0.0315612,0.01,1,1718228,1717805,423
118995261,47.7967,48.6208,422,27408,0.00631225,0,1,1718267,1717845,422
118998181,36.7593,35.3242,424,27485,0.0252625,0.03,1,1718301,1717877,424
119001101,32.9519,32.6648,424,27562,0.0450525,0.03,1,1718333,1717909,424
119004021,8.19037,8.13297,424,27639,0.0650105,0.05,1,1718335,1717911,424
119006941,24.8381,24.8266,424,27716,0.0370021,0.07,1,1718364,1717940,424
119009861,60.9676,60.9653,424,27792,0.0634004,0.07,1,1718434,1718010,424
119012781,66.5935,66.5931,424,27868,0.0526801,0.03,1,1718502,1718078,424
119015701,61.3187,62.9186,422,27944,0.034536,0.03,1,1718562,1718140,422
119018621,82.6637,82.9837,422,28020,0.0469072,0,1,1718650,1718228,422
119021541,47.7327,47.7967,422,28096,0.00938144,0.03,1,1718689,1718267,422
119024461,36.7465,36.7593,422,28171,0.0258763,0.05,1,1718723,1718301,422
119027381,32.9493,32.9519,422,28246,0.0131753,0.07,1,1718755,1718333,422
119030301,8.18986,8.19037,422,28321,0.042635,0.03,1,1718757,1718335,422
119033221,25.638,24.8381,423,28396,0.016527,0.03,1,1718787,1718364,423
119036141,60.3276,4.96761,492,28471,0.0433054,0.07,1,1718856,1718364,492
119039061,67.2655,56.9935,491,28545,0.0326611,0.05,1,1718925,1718434,491
119041981,59.8531,65.7987,481,28619,0.0785322,0.03,1,1718983,1718502,481
119044901,82.3706,61.1597,509,28693,0.0877064,0.05,1,1719071,1718562,509
119047821,47.6741,82.6319,460,28767,0.0255413,0,1,1719110,1718650,460
119050741,36.7348,47.7264,455,28841,0.0451083,0.03,1,1719144,1718689,455
119053661,32.947,36.7453,453,28914,0.0490217,0.01,1,1719176,1718723,453
119056581,8.18939,32.9491,423,28987,0.0498043,0.05,1,1719178,1718755,423
119059501,25.6379,8.18981,451,29060,0.0499609,0.01,1,1719208,1718757,451
119062421,61.9276,25.638,492,29133,0.0339922,0.05,1,1719279,1718787,492
119065341,66.7855,60.3276,491,29206,0.0307984,0.03,1,1719347,1718856,491
119068261,58.9571,67.2655,479,29278,0.0621597,0.09,1,1719404,1718925,479
119071181,85.3914,59.8531,513,29350,0.0364319,0.09,1,1719496,1718983,513
119074101,45.8783,82.3706,461,29422,0.0152864,0.01,1,1719532,1719071,461
119077021,35.5757,47.6741,455,29494,0.0270573,0.05,1,1719565,1719110,455
119079941,34.3151,36.7348,455,29566,0.0294115,0.05,1,1719599,1719144,455
119082861,8.46303,32.947,425,29638,0.0298823,0.05,1,1719601,1719176,425
119085781,26.4926,8.18939,454,29709,0.0619765,0.05,1,1719632,1719178,454
119088701,60.4985,25.6379,493,29780,0.0523953,0.03,1,1719701,1719208,493
119091621,13.6997,61.9276,424,29851,0.0504791,0.03,1,1719703,1719279,424
119094541,56.3399,66.7855,423,29922,0.0180958,0.07,1,1719770,1719347,423
119097461,56.868,58.9571,423,29993,0.0276192,0.03,1,1719827,1719404,423
119100381,84.9736,85.3914,423,30064,0.0935238,0.01,1,1719919,1719496,423
119103301,46.5947,45.8783,424,30134,0.0907048,0.03,1,1719956,1719532,424
119106221,34.9189,35.5757,423,30204,0.026141,0.03,1,1719988,1719565,423
119109141,34.1838,34.3151,423,30274,0.0452282,0.03,1,1720022,1719599,423
119112061,8.43676,8.46303,423,30344,0.0490456,0.07,1,1720024,1719601,423
119114981,26.4874,26.4926,423,30414,0.0178091,0.05,1,1720055,1719632,423
119117901,62.0975,60.4985,425,30484,0.0595618,0.05,1,1720126,1719701,425
119120821,14.0195,13.6997,425,30553,0.0679124,0.01,1,1720128,1719703,425
119123741,54.0039,56.3399,422,30622,0.0535825,0.03,1,1720192,1719770,422
119126661,57.2008,56.868,423,30691,0.0347165,0.11,1,1720250,1719827,423
119129581,87.4402,84.9736,426,30760,0.0949433,0.09,1,1720345,1719919,426
119132501,43.888,46.5947,422,30829,0.0909887,0.01,1,1720378,1719956,422
119135421,34.3776,34.9189,422,30898,0.122198,0.05,1,1720410,1719988,422
119138341,34.0755,34.1838,422,30966,0.0804395,0.05,1,1720444,1720022,422
119141261,8.4151,8.43676,422,31034,0.104088,0.01,1,1720446,1720024,422
119144181,26.483,26.4874,422,31102,0.0768176,0.07,1,1720477,1720055,422
119147101,64.4966,62.0975,425,31170,0.151364,0.07,1,1720551,1720126,425
119150021,14.4993,14.0195,425,31238,0.134273,0.05,1,1720553,1720128,425
119152941,51.6999,54.0039,422,31306,0.0988545,0.05,1,1720614,1720192,422
119155861,56.74,10.8008,480,31374,0.0437709,0.03,1,1720672,1720192,480
119158781,90.548,48.5602,521,31441,0.112754,0.11,1,1720771,1720250,521
119161701,43.7096,85.712,458,31508,0.126551,0.09,1,1720803,1720345,458
119164621,34.3419,43.5424,457,31575,0.17731,0.13,1,1720835,1720378,457
119167541,33.2684,34.3085,458,31642,0.219462,0.07,1,1720868,1720410,458
119170461,8.25368,34.0617,426,31709,0.227892,0.11,1,1720870,1720444,426
119173381,26.4507,8.41234,455,31776,0.245578,0.07,1,1720901,1720446,455
119176301,66.8901,26.4825,501,31843,0.297116,0.17,1,1720978,1720477,501
119179221,14.978,64.4965,429,31909,0.307423,0.13,1,1720980,1720551,429
119182141,48.5956,14.4993,484,31975,0.293485,0.09,1,1721037,1720553,484
119185061,55.3191,51.6999,480,32041,0.290697,0.03,1,1721094,1720614,480
119187981,94.2638,56.74,526,32107,0.274139,0.13,1,1721198,1720672,526
119190901,45.2528,90.548,460,32173,0.318828,0.13,1,1721231,1720771,460
119193821,36.2506,43.7096,462,32239,0.263766,0.19,1,1721265,1720803,462
119196741,35.2501,34.3419,465,32305,0.268753,0.23,1,1721300,1720835,465
119199661,8.65002,33.2684,434,32370,0.269751,0.23,1,1721302,1720868,434
119202581,27.33,8.25368,464,32435,0.26995,0.25,1,1721334,1720870,464
119205501,69.466,26.4507,513,32500,0.28599,0.31,1,1721414,1720901,513
119208421,15.4932,66.8901,438,32565,0.289198,0.31,1,1721416,1720978,438
119211341,47.8986,14.978,492,32630,0.30584,0.29,1,1721472,1720980,492
119214261,55.1797,48.5956,492,32695,0.325168,0.29,1,1721529,1721037,492
119217181,93.4359,55.3191,538,32760,0.361034,0.27,1,1721632,1721094,538
119220101,20.2872,94.2638,436,32825,0.368207,0.33,1,1721634,1721198,436
119223021,30.4574,45.2528,436,32889,0.433641,0.25,1,1721667,1721231,436
119225941,31.6915,36.2506,434,32953,0.430728,0.27,1,1721699,1721265,434
119228861,35.1383,35.2501,435,33017,0.478146,0.27,1,1721735,1721300,435
119231781,8.62766,8.65002,435,33081,0.487629,0.27,1,1721737,1721302,435
119234701,27.3255,27.33,435,33145,0.489526,0.29,1,1721769,1721334,435
119237621,70.2651,69.466,436,33209,0.473905,0.29,1,1721850,1721414,436
119240541,15.653,15.4932,436,33273,0.502781,0.31,1,1721852,1721416,436
119243461,48.7306,47.8986,437,33337,0.524556,0.33,1,1721909,1721472,437
119246381,56.9461,55.1797,439,33400,0.528911,0.37,1,1721968,1721529,439
119249301,96.1892,93.4359,442,33463,0.577782,0.37,1,1722074,1721632,442
119252221,20.8378,20.2872,442,33526,0.555556,0.45,1,1722076,1721634,442
119255141,31.3676,30.4574,443,33589,0.567111,0.43,1,1722110,1721667,443
119258061,31.8735,31.6915,443,33652,0.569422,0.49,1,1722142,1721699,443
119260981,35.9747,35.1383,444,33715,0.633884,0.49,1,1722179,1721735,444
119263901,8.79494,8.62766,444,33778,0.646777,0.49,1,1722181,1721737,444
119266821,28.959,27.3255,446,33841,0.649355,0.47,1,1722215,1721769,446
119269741,69.7918,70.2651,445,33903,0.713871,0.51,1,1722295,1721850,445
119272661,15.5584,15.653,445,33965,0.694774,0.53,1,1722297,1721852,445
119275581,49.5117,48.7306,446,34027,0.754955,0.53,2,1722355,1721909,446
119278501,58.7023,56.9461,448,34089,0.734991,0.59,1,1722416,1721968,448
119281421,97.3405,96.1892,449,34151,0.762998,0.55,2,1722523,1722074,449
119284341,21.0681,20.8378,449,34213,0.8006,0.55,2,1722525,1722076,449
119287261,31.4136,4.16757,483,34275,0.79212,0.57,2,1722559,1722076,483
119290181,32.6827,28.0335,482,34337,0.822424,0.57,2,1722592,1722110,482
119293101,36.9365,31.2067,488,34399,0.876485,0.65,2,1722630,1722142,488
119296021,8.98731,35.8413,453,34460,0.887297,0.65,2,1722632,1722179,453
119298941,30.5975,8.76827,487,34521,0.889459,0.65,2,1722668,1722181,487
119453701,31,103,515,37627,0.79,1,2,1724925,1724410,515
119456621,34.2,39.8,526,37683,0.774,1,2,1724960,1724434,526
119459541,19.64,32.76,511,37739,0.8348,1,2,1724976,1724465,511
119462461,25.528,33.752,504,37795,0.78296,0.98,2,1725003,1724499,504
119465381,20.3056,25.9504,499,37851,0.788592,1,2,1725022,1724523,499
119468301,20.8611,25.1901,495,37907,0.773718,1,2,1725043,1724548,495
119471221,31.3722,28.238,500,37963,0.754744,1,2,1725077,1724577,500
119474141,45.4744,30.4476,518,38019,0.814949,0.97,2,1725126,1724608,518
119477061,23.4949,44.4895,488,38075,0.82699,0.99,2,1725144,1724656,488
119479981,35.099,26.4979,504,38130,0.829398,1,2,1725182,1724678,504
119482901,58.2198,36.4996,529,38185,0.84588,0.87,2,1725246,1724717,529
119485821,100.444,60.0999,574,38240,0.849176,0.87,2,1725357,1724783,574
119488741,44.0888,100.82,493,38295,0.881835,0.79,2,1725387,1724894,493
119491661,37.6178,44.964,498,38350,0.872367,0.77,2,1725423,1724925,498
119494581,17.1236,36.9928,475,38405,0.870473,0.85,2,1725435,1724960,475
119497501,25.0247,20.1986,486,38460,0.886095,0.77,2,1725462,1724976,486
119500421,21.0049,25.6397,479,38515,0.889219,0.79,2,1725482,1725003,479
119503341,15.401,20.3279,474,38570,0.889844,0.77,2,1725496,1725022,474
119506261,4.6802,20.8656,455,38625,0.905969,0.75,2,1725498,1725043,455
119903381,38,34,494,45457,0.73,1,1,1730313,1729819,494
119906301,29.2,24.4,499,45503,0.698,1,1,1730340,1729841,499
119909221,25.84,16.88,509,45549,0.6116,1,1,1730365,1729856,509
119912141,25.168,8.176,528,45595,0.54632,1,1,1730390,1729862,528
119913601,27.4336,34.4352,515,45641,0.389264,1,1,1730418,1729903,515
119925281,379.887,446.887,433,20440,0.133853,0,1,1730886,1730453,433
119964701,177.577,200.577,421,20440,0.0267706,0,1,1731013,1730592,421
119967621,93.1155,68.1155,458,21270,0.0613541,0.03,1,1731085,1730627,458
119970541,104.223,65.6231,500,21370,0.0202708,0.05,1,1731192,1730692,500
119973461,56.0446,93.9246,443,21469,0.00405416,0.03,1,1731236,1730793,443
119976381,46.4089,50.7849,447,21568,0.0248108,0.01,1,1731280,1730833,447
119979301,18.0818,30.957,432,21666,0.0449622,0.07,1,1731291,1730859,432
119982221,56.4164,27.7914,471,21764,0.0489924,0.05,1,1731357,1730886,471
119985141,75.2833,74.3583,465,21861,0.00979849,0.07,1,1731437,1730972,465
119988061,71.8567,105.272,423,21958,0.0579597,0.01,1,1731508,1731085,423
119990981,99.9713,106.654,423,22055,0.0355919,0,1,1731615,1731192,423
119993901,55.1943,56.5309,423,22151,0.0311184,0.03,1,1731659,1731236,423
119996821,46.2389,46.5062,423,22247,0.0462237,0.05,1,1731703,1731280,423
119999741,19.6478,18.1012,425,22342,0.0332447,0.05,1,1731716,1731291,425
120002661,55.1296,56.4202,423,22437,0.0626489,0,1,1731780,1731357,423
120005581,75.8259,75.284,424,22532,0.0125298,0,1,1731861,1731437,424
120008501,71.1652,15.0568,494,22626,0.058506,0.07,1,1731931,1731437,494
120011421,98.233,59.8114,528,22720,0.0117012,0.03,1,1732036,1731508,528
120014341,54.8466,97.5623,465,22813,0.0263402,0.03,1,1732080,1731615,465
120017261,46.1693,54.7125,465,22906,0.029268,0.05,1,1732124,1731659,465
120020181,20.4339,46.1425,435,22999,0.0298536,0.03,1,1732138,1731703,435
120023101,55.2868,19.6285,486,23091,0.0619707,0.07,1,1732202,1731716,486
120026021,75.0574,55.1257,502,23183,0.0123941,0,1,1732282,1731780,502
120028941,71.8115,75.8251,492,23274,0.0584788,0.07,1,1732353,1731861,492
120031861,98.3623,71.165,527,23365,0.0116958,0,1,1732458,1731931,527
120034781,54.0725,98.233,465,23456,0.0583392,0.03,1,1732501,1732036,465
120037701,46.8145,54.8466,466,23546,0.0516678,0.03,1,1732546,1732080,466
120040621,20.5629,46.1693,436,23636,0.0823336,0.03,1,1732560,1732124,436
120043541,56.9126,20.4339,488,23726,0.0884667,0.07,1,1732626,1732138,488
120046461,73.7825,55.2868,502,23815,0.0176933,0,1,1732704,1732202,502
120049381,73.1565,75.0574,495,23904,0.0595387,0.07,1,1732777,1732282,495
120052301,16.2313,71.8115,426,23993,0.0679077,0,1,1732779,1732353,426
120055221,84.8463,98.3623,423,24081,0.0375815,0.07,1,1732881,1732458,423
120058141,51.3693,54.0725,423,24169,0.0475163,0.05,1,1732924,1732501,423
120061061,48.6739,46.8145,426,24257,0.0335033,0.09,1,1732972,1732546,426
120063981,20.9348,20.5629,426,24344,0.0307007,0.09,1,1732986,1732560,426
120066901,56.987,56.9126,426,24431,0.0621401,0,1,1733052,1732626,426
120069821,70.5974,73.7825,422,24518,0.012428,0.07,1,1733126,1732704,422
120072741,74.9195,73.1565,425,24604,0.0424856,0.07,1,1733202,1732777,425
120075661,16.5839,16.2313,425,24690,0.0164971,0.03,1,1733204,1732779,425
120078581,82.5168,84.8463,422,24776,0.107299,0.05,1,1733303,1732881,422
120081501,53.3034,51.3693,425,24862,0.15746,0.03,1,1733349,1732924,425
120084421,47.4607,48.6739,423,24947,0.167492,0.03,1,1733395,1732972,423
120087341,20.6921,20.9348,423,25032,0.153498,0.07,1,1733409,1732986,423
120090261,56.9384,56.987,423,25117,0.2307,0,1,1733475,1733052,423
120093181,69.7877,70.5974,422,25201,0.19814,0.05,1,1733548,1733126,422
120096101,74.7575,74.9195,422,25285,0.095628,0.01,1,1733624,1733202,422
120099021,16.5515,16.5839,422,25369,0.0431256,0.13,1,1733626,1733204,422
120101941,85.7103,82.5168,426,25453,0.0966251,0.13,1,1733729,1733303,426
120104861,54.7421,16.5034,473,25536,0.059325,0.17,1,1733776,1733303,473
120107781,47.7484,40.1007,473,25619,0.051865,0.17,1,1733822,1733349,473
120110701,21.5497,44.8201,442,25702,0.082373,0.15,1,1733837,1733395,442
120113621,59.5099,20.164,497,25784,0.120475,0.25,1,1733906,1733409,497
120116541,66.302,56.8328,499,25866,0.128095,0.19,1,1733974,1733475,499
120119461,70.8604,69.7666,498,25948,0.209619,0.07,1,1734046,1733548,498
120122381,15.7721,74.7533,424,26030,0.225924,0.03,1,1734048,1733624,424
120125301,87.1544,16.5507,527,26111,0.245185,0.11,1,1734153,1733626,527
120128221,54.2309,85.7101,470,26192,0.281037,0.05,1,1734199,1733729,470
120131141,48.4462,54.742,470,26273,0.304207,0.05,1,1734246,1733776,470
120134061,22.4892,47.7484,440,26354,0.340841,0.09,1,1734262,1733822,440
120136981,61.2978,21.5497,496,26434,0.396168,0.13,1,1734333,1733837,496
120139901,66.6596,59.5099,495,26514,0.439234,0.13,1,1734401,1733906,495
120142821,74.9319,66.302,504,26594,0.431847,0.23,1,1734478,1733974,504
120145741,16.5864,70.8604,434,26674,0.430369,0.23,1,1734480,1734046,434
120148661,88.1173,15.7721,538,26753,0.462074,0.25,1,1734586,1734048,538
120151581,56.8235,87.1544,482,26832,0.468415,0.29,1,1734635,1734153,482
120154501,48.9647,54.2309,483,26911,0.485683,0.31,1,1734682,1734199,483
120157421,11.3929,48.4462,438,26990,0.489137,0.35,1,1734684,1734246,438
120160341,15.8786,22.4892,439,27068,0.473827,0.41,1,1734701,1734262,439
120163261,63.1757,61.2978,443,27146,0.502765,0.45,1,1734776,1734333,443
120166181,67.8351,66.6596,444,27224,0.508553,0.43,1,1734845,1734401,444
120169101,74.367,74.9319,443,27302,0.573711,0.43,1,1734921,1734478,443
120172021,16.4734,16.5864,443,27380,0.554742,0.47,1,1734923,1734480,443
120174941,89.6947,88.1173,445,27457,0.662948,0.47,1,1735031,1734586,445
120177861,57.1389,56.8235,445,27534,0.63659,0.49,1,1735080,1734635,445
120180781,49.8278,48.9647,446,27611,0.695318,0.49,1,1735128,1734682,446
120183701,11.5656,11.3929,446,27688,0.707064,0.47,1,1735130,1734684,446
120186621,15.1131,15.8786,445,27764,0.693413,0.51,1,1735146,1734701,445
120189541,64.6226,63.1757,447,27840,0.738683,0.51,1,1735223,1734776,447
120192461,68.1245,67.8351,447,27916,0.795737,0.59,2,1735292,1734845,447
120195381,76.0249,74.367,449,27992,0.823147,0.55,2,1735370,1734921,449
120198301,16.805,16.4734,449,28068,0.796629,0.69,2,1735372,1734923,449
120201221,93.761,89.6947,454,28143,0.839326,0.63,2,1735485,1735031,454
120204141,57.9522,57.1389,454,28218,0.847865,0.71,2,1735534,1735080,454
120207061,50.7904,49.8278,455,28293,0.865573,0.71,2,1735583,1735128,455
120209981,11.7581,11.5656,455,28368,0.837115,0.71,2,1735585,1735130,455
120212901,16.7516,2.31311,473,28443,0.831423,0.69,2,1735603,1735130,473
120215821,66.5503,13.2626,536,28517,0.846285,0.75,2,1735682,1735146,536
120218741,70.1101,64.2525,530,28591,0.865257,0.81,2,1735753,1735223,530
120221661,75.622,68.0505,538,28665,0.901051,0.83,2,1735830,1735292,538
120224581,16.7244,76.0101,462,28739,0.90821,0.79,2,1735832,1735370,462
120335541,72,57,542,31415,0.81,1,2,1737726,1737184,542
120338461,34.4,69,495,31482,0.762,1,2,1737751,1737256,495
120341381,96.48,27.4,590,31549,0.4004,1,1,1737863,1737273,590
120344301,45.696,95.88,510,31616,0.20008,1,1,1737896,1737386,510
120347221,54.7392,52.776,525,31683,0.112016,1,1,1737953,1737428,525
120350141,41.3478,52.9552,510,31750,0.0304032,1,1,1737991,1737481,510
120353061,27.4696,32.991,506,31817,0.0300806,1,1,1738015,1737509,506
120355981,29.4939,29.7982,507,31883,0.0460161,1,1,1738045,1737538,507
120358901,41.0988,38.7596,510,31949,0.0332032,0.92,1,1738089,1737579,510
120361821,36.2198,38.1519,507,32015,0.0146406,0.92,1,1738124,1737617,507
120364741,56.044,37.2304,531,32081,0.0269281,0.81,1,1738185,1737654,531
120367661,29.6088,65.0461,482,32147,0.0293856,0.75,1,1738208,1737726,482
120370581,77.9218,33.0092,547,32213,0.0778771,0.31,1,1738298,1737751,547
120373501,32.3844,96.2018,456,32279,0.0875754,0.15,1,1738319,1737863,456
120376421,50.4769,45.6404,478,32345,0.0575151,0.09,1,1738374,1737896,478
120379341,41.2954,54.7281,460,32410,0.019503,0.01,1,1738413,1737953,460
120382261,26.6591,41.3456,445,32475,0.0279006,0.03,1,1738436,1737991,445
120385181,30.9318,27.4691,453,32540,0.0455801,0.05,1,1738468,1738015,453
120388101,40.5864,29.4938,466,32605,0.049116,0.03,1,1738511,1738045,466
120391021,36.1173,41.0988,457,32670,0.0498232,0.01,1,1738546,1738089,457
120393941,55.2235,36.2198,482,32735,0.0179646,0.03,1,1738606,1738124,482
120396861,12.6447,56.0439,423,32800,0.0435929,0.03,1,1738608,1738185,423
120399781,20.1289,29.6088,422,32864,0.0487186,0.09,1,1738630,1738208,422
120402701,79.2258,77.9218,426,32928,0.0817437,0.09,1,1738724,1738298,426
120405621,33.4452,32.3844,427,32992,0.0883487,0.05,1,1738746,1738319,427
120408541,47.489,50.4769,423,33056,0.0736697,0.01,1,1738797,1738374,423
120411461,41.4978,41.2954,424,33120,0.0227339,0.03,1,1738837,1738413,424
120414381,25.0996,26.6591,422,33184,0.0285468,0.05,1,1738858,1738436,422
120417301,31.4199,30.9318,423,33248,0.0297094,0.05,1,1738891,1738468,423
120420221,39.884,40.5864,422,33312,0.0459419,0.05,1,1738933,1738511,422
120423141,36.7768,36.1173,423,33375,0.0331884,0.01,1,1738969,1738546,423
120426061,54.5554,55.2235,422,33438,0.0466377,0.05,1,1739028,1738606,422
120428981,12.5111,12.6447,422,33501,0.0493275,0.05,1,1739030,1738608,422
120431901,21.7022,20.1289,424,33564,0.0818655,0.09,1,1739054,1738630,424
120434821,79.5404,79.2258,424,33627,0.0883731,0.09,1,1739148,1738724,424
120437741,33.5081,33.4452,424,33690,0.121675,0.07,1,1739170,1738746,424
120440661,48.3016,47.489,425,33753,0.0803349,0.01,1,1739222,1738797,425
120443581,39.2603,41.4978,422,33816,0.024067,0.03,1,1739259,1738837,422
120446501,24.6521,25.0996,422,33879,0.0288134,0.03,1,1739280,1738858,422
120449421,31.3304,31.4199,422,33941,0.0617627,0.05,1,1739313,1738891,422
120452341,42.2661,39.884,425,34003,0.0843525,0.03,1,1739358,1738933,425
120455261,35.6532,36.7768,423,34065,0.0568705,0.05,1,1739392,1738969,423
120458181,55.1306,54.5554,424,34127,0.0353741,0.05,1,1739452,1739028,424
120461101,12.6261,12.5111,424,34189,0.0310748,0.09,1,1739454,1739030,424
120464021,21.7252,21.7022,424,34251,0.062215,0.09,1,1739478,1739054,424
120466941,80.345,4.34044,519,34313,0.084443,0.09,1,1739573,1739054,519
120469861,34.469,76.0681,448,34375,0.104889,0.13,1,1739596,1739148,448
120472781,45.2938,32.8136,474,34437,0.108978,0.07,1,1739644,1739170,474
120475701,37.8588,48.1627,458,34498,0.0777955,0.01,1,1739680,1739222,458
120478621,24.3718,39.2325,442,34559,0.0715591,0.03,1,1739701,1739259,442
120481541,32.0744,24.6465,455,34620,0.0223118,0.07,1,1739735,1739280,455
120484461,43.2149,31.3293,468,34681,0.0444624,0.09,1,1739781,1739313,468
120487381,34.243,42.2659,455,34742,0.0648925,0.05,1,1739813,1739358,455
120490301,55.6486,35.6532,482,34803,0.0849785,0.03,1,1739874,1739392,482
120493221,12.7297,55.1306,424,34864,0.0889957,0.03,1,1739876,1739452,424
120496141,22.5459,12.6261,447,34925,0.0897991,0.07,1,1739901,1739454,447
120499061,82.1092,21.7252,520,34986,0.12196,0.09,1,1739998,1739478,520
120501981,34.0218,80.345,447,35046,0.160392,0.11,1,1740020,1739573,447
120504901,46.8044,34.469,474,35106,0.184078,0.11,1,1740070,1739596,474
120507821,34.9609,45.2938,458,35166,0.204816,0.07,1,1740102,1739644,458
120510741,22.9922,37.8588,442,35226,0.208963,0.07,1,1740122,1739680,442
120513661,32.5984,24.3718,456,35286,0.225793,0.01,1,1740157,1739701,456
120516581,44.1197,32.0744,469,35346,0.229159,0.05,1,1740204,1739735,469
120519501,33.6239,43.2149,454,35406,0.213832,0.07,1,1740235,1739781,454
120522421,57.9248,34.243,486,35466,0.210766,0.09,1,1740299,1739813,486
120525341,13.185,55.6486,427,35526,0.210153,0.09,1,1740301,1739874,427
120528261,24.237,12.7297,452,35586,0.242031,0.09,1,1740328,1739876,452
120531181,82.4474,22.5459,524,35645,0.296406,0.13,1,1740425,1739901,524
120534101,18.0895,82.1092,429,35704,0.307281,0.17,1,1740427,1739998,429
120537021,22.0179,34.0218,430,35763,0.309456,0.19,1,1740450,1740020,430
120539941,46.0036,46.8044,432,35822,0.341891,0.21,1,1740502,1740070,432
120542861,34.8007,34.9609,432,35881,0.348378,0.21,1,1740534,1740102,432
120545781,22.9601,22.9922,432,35940,0.317676,0.23,1,1740554,1740122,432
120548701,33.392,32.5984,433,35999,0.407535,0.23,1,1740590,1740157,433
120551621,44.2784,44.1197,433,36058,0.377507,0.21,1,1740637,1740204,433
120554541,32.8557,33.6239,432,36117,0.419501,0.21,1,1740667,1740235,432
120557461,58.5711,57.9248,433,36176,0.4439,0.21,1,1740732,1740299,433
120560381,13.3142,13.185,433,36234,0.44878,0.25,1,1740734,1740301,433
120563301,25.0628,24.237,434,36292,0.449756,0.31,1,1740762,1740328,434
120566221,85.0126,82.4474,437,36350,0.481951,0.31,1,1740862,1740425,437
120569141,18.6025,18.0895,437,36408,0.52039,0.31,1,1740864,1740427,437
120572061,22.1205,22.0179,437,36466,0.544078,0.35,1,1740887,1740450,437
120574981,46.0241,46.0036,437,36524,0.580816,0.35,1,1740939,1740502,437
120577901,34.8048,34.8007,437,36582,0.620163,0.31,1,1740971,1740534,437
120580821,24.561,22.9601,439,36640,0.596033,0.43,1,1740993,1740554,439
120583741,35.3122,33.392,441,36698,0.655207,0.37,1,1741031,1740590,441
120586661,44.6624,44.2784,441,36756,0.667041,0.43,1,1741078,1740637,441
120589581,32.9325,32.8557,441,36813,0.637408,0.45,1,1741108,1740667,441
120592501,60.9865,58.5711,444,36870,0.663482,0.45,1,1741176,1740732,444
120595421,13.7973,13.3142,444,36927,0.668696,0.45,1,1741178,1740734,444
120598341,25.9595,25.0628,445,36984,0.701739,0.49,1,1741207,1740762,445
120601261,85.9919,85.0126,446,37041,0.660348,0.53,1,1741308,1740862,446
120604181,18.7984,18.6025,446,37098,0.70007,0.55,1,1741310,1740864,446
120607101,22.9597,22.1205,447,37155,0.708014,0.55,1,1741334,1740887,447
120610021,46.9919,4.4241,500,37212,0.709603,0.59,1,1741387,1740887,500
120612941,36.5984,42.4848,482,37269,0.725921,0.63,1,1741421,1740939,482
120615861,24.9197,34.097,472,37326,0.729184,0.59,1,1741443,1740971,472
120618781,36.9839,24.4194,490,37383,0.713837,0.67,1,1741483,1740993,490
120621701,44.9968,35.2839,499,37440,0.726767,0.67,1,1741530,1741031,499
120624621,32.9994,44.6568,482,37496,0.745353,0.63,1,1741560,1741078,482
120627541,63.3999,32.9314,523,37552,0.733071,0.67,1,1741631,1741108,523
120630461,14.28,60.9863,457,37608,0.730614,0.67,1,1741633,1741176,457
120633381,25.256,13.7973,483,37664,0.762123,0.71,2,1741661,1741178,483
120636301,85.8512,25.9595,555,37720,0.832425,0.65,2,1741762,1741207,555
120639221,18.7702,85.9919,456,37776,0.846485,0.71,2,1741764,1741308,456
120642141,22.954,18.7984,478,37832,0.865297,0.71,2,1741788,1741310,478
120645061,48.5908,22.9597,509,37888,0.869059,0.71,2,1741843,1741334,509
120647981,37.7182,46.9919,491,37944,0.901812,0.73,2,1741878,1741387,491
120650901,25.1436,36.5984,479,38000,0.924362,0.73,2,1741900,1741421,479
120802741,33,29,511,40790,0.81,1,2,1743837,1743326,511
120805661,36.2,18.6,532,40842,0.746,1,1,1743874,1743342,532
120808581,27.24,33.32,520,40894,0.7012,1,1,1743899,1743379,520
120811501,27.848,33.064,515,40946,0.61224,1,1,1743927,1743412,515
120814421,48.7696,40.2128,527,40998,0.546448,1,1,1743981,1743454,527
120817341,45.7539,56.8426,511,41049,0.40529,1,1,1744026,1743515,511
120820261,37.1508,38.5685,512,41100,0.313058,1,1,1744061,1743549,512
120823181,70.6302,36.5137,555,41151,0.230612,0.93,1,1744140,1743585,555
120826101,38.126,66.5027,511,41202,0.182122,1,1,1744170,1743659,511
120829021,31.6252,37.3005,511,41253,0.172424,1,1,1744200,1743689,511
120831941,25.525,31.4601,505,41304,0.186485,1,1,1744224,1743719,505
120834861,22.705,33.492,493,41355,0.189297,0.78,1,1744246,1743753,493
120837781,23.741,29.8984,488,41406,0.189859,0.83,1,1744270,1743782,488
120840701,28.7482,23.5797,496,41457,0.189972,0.81,1,1744300,1743804,496
120843621,29.7496,31.1159,493,41508,0.189994,0.73,1,1744330,1743837,493
120846541,7.54993,35.8232,458,41559,0.189999,0.69,1,1744332,1743874,458
120849461,20.71,27.1646,457,41610,0.206,0.59,1,1744356,1743899,457
120852381,22.542,27.8329,452,41661,0.2092,0.53,1,1744379,1743927,452
120855301,38.9084,48.7666,441,41712,0.22584,0.37,1,1744422,1743981,441
120858221,42.9817,45.7533,440,41763,0.213168,0.29,1,1744466,1744026,440
120861141,32.5963,37.1507,435,41814,0.258634,0.21,1,1744496,1744061,435
120864061,65.7193,70.6301,430,41864,0.235727,0.17,1,1744570,1744140,430
120866981,37.1439,38.126,430,41914,0.279145,0.17,1,1744600,1744170,430
120869901,31.4288,31.6252,430,41964,0.303829,0.19,1,1744630,1744200,430
120872821,25.4858,25.525,430,42014,0.308766,0.19,1,1744654,1744224,430
120875741,22.6972,22.705,430,42064,0.341753,0.19,1,1744676,1744246,430
120878661,24.5394,23.741,431,42114,0.364351,0.19,1,1744701,1744270,431
120881581,28.1079,28.7482,430,42164,0.35287,0.19,1,1744730,1744300,430
120884501,28.8216,29.7496,429,42214,0.350574,0.19,1,1744759,1744330,429
120887421,7.36432,7.54993,429,42264,0.350115,0.21,1,1744761,1744332,429
120890341,23.0729,20.71,432,42314,0.350023,0.21,1,1744788,1744356,432
120893261,21.4146,22.542,430,42364,0.350005,0.23,1,1744809,1744379,430
120896181,38.6829,38.9084,430,42414,0.366001,0.21,1,1744852,1744422,430
120899101,46.1366,42.9817,434,42464,0.4012,0.27,1,1744900,1744466,434
120902021,33.2273,32.5963,434,42514,0.37624,0.23,1,1744930,1744496,434
120904941,65.8455,65.7193,434,42564,0.451248,0.29,1,1745004,1744570,434
120907861,37.1691,37.1439,434,42614,0.46625,0.31,1,1745034,1744600,434
120910781,33.8338,31.4288,437,42664,0.51725,0.31,1,1745067,1744630,437
120913701,25.9668,25.4858,437,42713,0.54345,0.35,1,1745091,1744654,437
120916621,22.7934,22.6972,437,42762,0.51669,0.37,1,1745113,1744676,437
120919541,25.3587,24.5394,438,42811,0.543338,0.35,1,1745139,1744701,438
120922461,27.4717,28.1079,437,42860,0.532668,0.35,1,1745167,1744730,437
120925381,31.0943,28.8216,440,42909,0.530534,0.35,1,1745199,1744759,440
120928301,7.81887,7.36432,440,42958,0.530107,0.35,1,1745201,1744761,440
120931221,20.7638,23.0729,437,43007,0.562021,0.35,1,1745225,1744788,437
120934141,21.7528,4.61457,459,43056,0.536404,0.35,1,1745247,1744788,459
120937061,37.9506,17.7229,480,43105,0.563281,0.37,1,1745289,1744809,480
120939981,47.5901,37.9446,487,43154,0.600656,0.41,1,1745339,1744852,487
120942901,33.518,45.9889,469,43203,0.608131,0.37,1,1745369,1744900,469
120945821,68.3036,33.1978,516,43252,0.625626,0.47,1,1745446,1744930,516
120948741,37.6607,65.8396,472,43301,0.629125,0.47,1,1745476,1745004,472
120951661,36.3321,37.1679,478,43350,0.629825,0.53,1,1745512,1745034,478
120954581,27.2664,33.8336,470,43399,0.645965,0.55,1,1745537,1745067,470
120957501,23.0533,25.9667,468,43448,0.665193,0.51,1,1745559,1745091,468
120960421,26.2107,22.7933,473,43497,0.685039,0.55,1,1745586,1745113,473
120963341,27.6421,25.3587,475,43546,0.689008,0.53,1,1745614,1745139,475
120966261,31.1284,27.4717,479,43594,0.689802,0.53,1,1745646,1745167,479
120969181,7.82568,31.0943,449,43642,0.68996,0.53,1,1745648,1745199,449
120972101,20.7651,7.81887,471,43690,0.721992,0.57,1,1745672,1745201,471
120975021,21.753,20.7638,469,43738,0.744398,0.53,1,1745694,1745225,469
120977941,39.5506,21.7528,491,43786,0.78088,0.57,2,1745738,1745247,491
120980861,49.5101,37.9506,501,43834,0.804176,0.61,2,1745790,1745289,501
120983781,35.502,47.5901,483,43882,0.824835,0.61,2,1745822,1745339,483
120986701,67.9004,33.518,529,43930,0.860967,0.63,2,1745898,1745369,529
120989621,37.5801,68.3036,482,43978,0.868193,0.63,2,1745928,1745446,482
120992541,36.316,37.6607,488,44026,0.885639,0.63,2,1745964,1745476,488
120995461,28.8632,36.3321,479,44074,0.873128,0.65,2,1745991,1745512,479
120998381,24.1726,27.2664,477,44122,0.902626,0.67,2,1746014,1745537,477
121001301,26.4345,23.0533,482,44170,0.892525,0.69,2,1746041,1745559,482
121004221,27.6869,26.2107,483,44218,0.906505,0.69,2,1746069,1745586,483
121007141,31.9374,27.6421,488,44266,0.941301,0.69,2,1746102,1745614,488
121010061,7.98748,31.1284,458,44314,0.91626,0.69,2,1746104,1745646,458
121012981,21.5975,7.82568,481,44362,0.895252,0.73,2,1746129,1745648,481
121015901,22.7195,20.7651,480,44410,0.90705,0.75,2,1746152,1745672,480
121018821,41.3439,21.753,504,44457,0.90941,0.79,2,1746198,1745694,504
121021741,9.86878,39.5506,462,44504,0.909882,0.81,2,1746200,1745738,462
121287461,70,98,487,24081,0.63,1,1,1750263,1749776,487
121290381,52.4,67.6,475,24169,0.63,1,1,1750311,1749836,475
121293301,86.48,86.32,479,24257,0.502,0.97,1,1750406,1749927,479
121296221,55.696,61.264,472,24344,0.4764,0.91,1,1750454,1749982,472
121299141,53.5392,61.0528,464,24431,0.42328,0.95,1,1750507,1750043,464
121302061,42.7078,43.4106,465,24518,0.444656,0.77,1,1750547,1750082,465
121304981,63.7416,67.8821,460,24604,0.480931,0.73,1,1750616,1750156,460
121307901,40.7483,43.1764,458,24690,0.552186,0.63,1,1750651,1750193,458
121310821,60.1497,64.6353,453,24776,0.534437,0.63,1,1750716,1750263,453
121313741,49.6299,51.3271,452,24862,0.530887,0.47,1,1750763,1750311,452
121316661,81.926,86.2654,447,24947,0.562177,0.47,1,1750853,1750406,447
121319581,51.5852,55.6531,443,25032,0.552436,0.41,1,1750897,1750454,443
121322501,51.917,53.5306,442,25117,0.550487,0.45,1,1750949,1750507,442
121325421,45.5834,42.7061,446,25201,0.598097,0.49,1,1750993,1750547,446
121328341,65.1167,63.7412,447,25285,0.623619,0.57,1,1751063,1750616,447
121331261,41.8233,40.7482,448,25369,0.660724,0.53,1,1751099,1750651,448
121334181,58.7647,60.1496,446,25453,0.716145,0.53,1,1751162,1750716,446
121337101,48.5529,12.0299,492,25536,0.695229,0.53,1,1751208,1750716,492
121340021,83.3106,40.006,537,25619,0.787046,0.57,2,1751300,1750763,537
121342941,52.6621,80.0012,492,25702,0.821409,0.55,2,1751345,1750853,492
121345861,50.5324,51.2002,498,25784,0.828282,0.55,2,1751395,1750897,498
121348781,50.1065,51.84,496,25866,0.813656,0.61,2,1751445,1750949,496
121351701,66.0213,45.568,522,25948,0.842731,0.63,2,1751515,1750993,522
121354621,42.8043,65.1136,489,26030,0.880546,0.67,2,1751552,1751063,489
121357541,60.5609,41.8227,518,26111,0.920109,0.73,2,1751617,1751099,518
121468501,35,97,506,29032,0.55,1,1,1753704,1753198,506
121471421,35.8,45.8,509,29105,0.534,1,1,1753740,1753231,509
121474341,41.56,33.16,522,29178,0.5308,0.97,1,1753783,1753261,522
121477261,31.512,38.632,511,29251,0.48216,1,1,1753812,1753301,511
121480181,65.5024,34.1264,552,29323,0.360432,1,1,1753886,1753334,552
121483101,37.9005,70.0253,504,29395,0.352086,1,1,1753917,1753413,504
121486021,57.9801,42.8051,531,29467,0.302417,0.93,1,1753980,1753449,531
121488941,51.596,61.361,515,29539,0.244483,0.93,1,1754030,1753515,515
121491861,83.9192,49.8722,560,29611,0.136897,0.69,1,1754122,1753562,560
121494781,42.3838,95.5744,485,29682,0.0993793,0.55,1,1754154,1753669,485
121497701,34.8768,47.1149,483,29753,0.107876,0.53,1,1754187,1753704,483
121500621,38.1754,38.223,486,29824,0.109575,0.53,1,1754226,1753740,486
121503541,9.23507,42.0446,445,29895,0.109915,0.47,1,1754228,1753783,445
121506461,22.647,31.6089,442,29966,0.141983,0.33,1,1754254,1753812,442
121509381,60.5294,65.5218,438,30037,0.148397,0.35,1,1754324,1753886,438
121512301,36.1059,37.9044,437,30107,0.149679,0.29,1,1754354,1753917,437
121515221,54.4212,57.9809,433,30177,0.213936,0.23,1,1754413,1753980,433
121518141,50.0842,51.5962,432,30247,0.226787,0.11,1,1754462,1754030,432
121521061,78.8168,83.9192,426,30317,0.309357,0.09,1,1754548,1754122,426
121523981,41.3634,42.3838,426,30387,0.293871,0.11,1,1754580,1754154,426
121526901,35.4727,34.8768,427,30457,0.306774,0.11,1,1754614,1754187,427
121529821,38.2945,38.1754,427,30526,0.309355,0.11,1,1754653,1754226,427
121532741,9.25891,9.23507,427,30595,0.277871,0.15,1,1754655,1754228,427
121535661,25.0518,22.647,430,30664,0.319574,0.15,1,1754684,1754254,430
121538581,60.2104,60.5294,429,30733,0.343915,0.15,1,1754753,1754324,429
121541501,36.8421,36.1059,430,30802,0.332783,0.23,1,1754784,1754354,430
121544421,55.3684,54.4212,431,30871,0.314557,0.23,1,1754844,1754413,431
121547341,51.8737,50.0842,433,30940,0.374911,0.33,1,1754895,1754462,433
121550261,81.5747,78.8168,436,31008,0.402982,0.29,1,1754984,1754548,436
121553181,42.7149,41.3634,437,31076,0.408596,0.31,1,1755017,1754580,437
121556101,35.743,35.4727,437,31144,0.409719,0.31,1,1755051,1754614,437
121559021,37.5486,38.2945,436,31212,0.377944,0.27,1,1755089,1754653,436
121561941,9.10972,9.25891,436,31280,0.371589,0.27,1,1755091,1754655,436
121564861,25.0219,1.85178,465,31348,0.450318,0.33,1,1755120,1754655,465
121567781,60.2044,23.5704,505,31415,0.498064,0.35,1,1755189,1754684,505
121570701,36.0409,59.9141,466,31482,0.507613,0.33,1,1755219,1754753,466
121573621,56.0082,36.7828,496,31549,0.541523,0.31,1,1755280,1754784,496
121576541,53.6016,55.3566,489,31616,0.548304,0.39,1,1755333,1754844,489
121579461,82.7203,51.8713,528,31683,0.613661,0.41,1,1755423,1754895,528
121582381,42.9441,81.5743,472,31750,0.610732,0.41,1,1755456,1754984,472
121585301,35.7888,42.7149,473,31817,0.610146,0.41,1,1755490,1755017,473
121588221,37.5578,35.743,477,31883,0.610029,0.37,1,1755528,1755051,477
121591141,9.11155,37.5486,441,31949,0.610006,0.37,1,1755530,1755089,441
121594061,29.0223,9.10972,473,32015,0.690001,0.47,1,1755564,1755091,473
121596981,62.6045,25.0219,515,32081,0.738,0.51,1,1755635,1755120,515
121599901,37.3209,60.2044,477,32147,0.7956,0.51,2,1755666,1755189,477
121602821,57.0642,36.0409,509,32213,0.85512,0.55,2,1755728,1755219,509
121605741,53.8128,56.0082,501,32279,0.883024,0.55,2,1755781,1755280,501
121608661,85.9626,53.6016,542,32345,0.872605,0.63,2,1755875,1755333,542
121611581,42.7925,82.7203,484,32410,0.870521,0.61,2,1755907,1755423,484
121614501,35.7585,42.9441,485,32475,0.886104,0.61,2,1755941,1755456,485
121617421,38.3517,35.7888,490,32540,0.905221,0.61,2,1755980,1755490,490
121620341,9.27034,37.5578,454,32605,0.877044,0.61,2,1755982,1755528,454
121623261,33.0541,9.11155,491,32670,0.887409,0.71,2,1756021,1755530,491
121626181,64.2108,29.0223,529,32735,0.953482,0.75,2,1756093,1755564,529
121795541,36,41,488,36292,0.67,1,1,1758536,1758048,488
121798461,32.8,39.4,481,36350,0.526,1,1,1758568,1758087,481
121801381,42.56,39.08,487,36408,0.4012,1,1,1758613,1758126,487
121804301,42.112,35.016,495,36466,0.26424,1,1,1758655,1758160,495
121807221,58.0224,62.2032,488,36524,0.076848,1,1,1758717,1758229,488
121810141,66.0045,66.8406,488,36582,0.0153696,1,1,1758785,1758297,488
121813061,38.0009,40.5681,485,36640,0.0430739,1,1,1758816,1758331,485
121815981,26.0002,32.9136,477,36698,0.0326148,0.92,1,1758839,1758362,477
121818901,36.4,36.1827,479,36756,0.046523,0.98,1,1758878,1758399,479
121821821,31.28,30.4365,480,36813,0.0173046,0.84,1,1758908,1758428,480
121824741,21.456,34.0873,464,36870,0.0754609,0.71,1,1758927,1758463,464
121827661,29.8912,36.4175,459,36927,0.151092,0.67,1,1758959,1758500,459
121830581,30.7782,36.0835,454,36984,0.118218,0.49,1,1758990,1758536,454
121833501,26.1556,32.8167,447,37041,0.111644,0.37,1,1759015,1758568,447
121836421,34.8311,42.5633,439,37098,0.142329,0.23,1,1759052,1758613,439
121839341,38.1662,42.1127,436,37155,0.164466,0.23,1,1759091,1758655,436
121842261,46.8332,8.42253,485,37212,0.120893,0.03,1,1759140,1758655,485
121845181,63.7667,51.2845,491,37269,0.128179,0,1,1759208,1758717,491
121848101,37.5533,64.6569,454,37326,0.0816357,0.05,1,1759239,1758785,454
121851021,25.1107,37.7314,445,37383,0.0243271,0.03,1,1759261,1758816,445
121853941,37.8221,25.9463,463,37440,0.0608654,0.05,1,1759302,1758839,463
121856861,33.1644,36.3893,456,37496,0.0361731,0.01,1,1759334,1758878,456
121859781,20.2329,31.2779,443,37552,0.0472346,0.09,1,1759351,1758908,443
121862701,30.4466,21.4556,457,37608,0.0654469,0.17,1,1759384,1758927,457
121865621,31.6893,29.8911,457,37664,0.0690894,0.11,1,1759416,1758959,457
121868541,24.7379,30.7782,449,37720,0.0698179,0.11,1,1759439,1758990,449
121871461,36.1476,26.1556,463,37776,0.117964,0.15,1,1759478,1759015,463
121874381,39.2295,34.8311,466,37832,0.159593,0.17,1,1759518,1759052,466
121877301,44.6459,38.1662,473,37888,0.183919,0.11,1,1759564,1759091,473
121880221,62.5292,46.8332,491,37944,0.252784,0.13,1,1759631,1759140,491
121883141,38.9058,63.7667,456,38000,0.298557,0.07,1,1759664,1759208,456
121886061,23.7812,37.5533,445,38056,0.307711,0.01,1,1759684,1759239,445
121888981,38.3562,25.1107,465,38112,0.293542,0.07,1,1759726,1759261,465
121891901,33.2712,37.8221,456,38167,0.274708,0.03,1,1759758,1759302,456
121894821,21.0542,33.1644,442,38222,0.270942,0.05,1,1759776,1759334,442
121897741,29.8109,20.2329,457,38277,0.286188,0.07,1,1759808,1759351,457
121900661,31.5622,30.4466,456,38332,0.289238,0.07,1,1759840,1759384,456
121903581,24.7124,31.6893,447,38387,0.289848,0.07,1,1759863,1759416,447
121906501,38.5425,24.7379,466,38442,0.28997,0.13,1,1759905,1759439,466
121909421,42.1085,36.1476,470,38497,0.289994,0.17,1,1759948,1759478,470
121912341,45.2217,39.2295,476,38552,0.305999,0.19,1,1759994,1759518,476
121915261,66.6443,44.6459,502,38607,0.3412,0.27,1,1760066,1759564,502
121918181,14.9289,62.5292,437,38662,0.38024,0.31,1,1760068,1759631,437
121921101,29.3858,38.9058,437,38717,0.404048,0.31,1,1760101,1759664,437
121924021,20.2772,23.7812,435,38772,0.40881,0.29,1,1760119,1759684,435
121926941,39.2554,38.3562,437,38826,0.393762,0.27,1,1760163,1759726,437
121929861,31.8511,33.2712,435,38880,0.390752,0.27,1,1760193,1759758,435
121932781,21.5702,21.0542,436,38934,0.39015,0.29,1,1760212,1759776,436
121935701,29.914,29.8109,436,38988,0.40603,0.29,1,1760244,1759808,436
121938621,32.3828,31.5622,437,39042,0.409206,0.29,1,1760277,1759840,437
121941541,24.0766,24.7124,436,39096,0.409841,0.29,1,1760299,1759863,436
121944461,38.4153,38.5425,436,39150,0.409968,0.29,1,1760341,1759905,436
121947381,42.0831,42.1085,436,39204,0.425994,0.31,1,1760384,1759948,436
121950301,46.0166,45.2217,437,39258,0.445199,0.35,1,1760431,1759994,437
121953221,68.4033,66.6443,439,39312,0.46504,0.39,1,1760505,1760066,439
121956141,15.2807,14.9289,439,39366,0.469008,0.41,1,1760507,1760068,439
121959061,30.2561,29.3858,440,39420,0.485802,0.41,1,1760541,1760101,440
121961981,20.4512,20.2772,440,39474,0.50516,0.39,1,1760559,1760119,440
121964901,38.4902,39.2554,439,39528,0.509032,0.39,1,1760602,1760163,439
121967821,32.4981,31.8511,440,39581,0.509806,0.39,1,1760633,1760193,440
121970741,20.8996,21.5702,439,39634,0.557961,0.41,1,1760651,1760212,439
121973661,31.3799,29.914,441,39687,0.535592,0.41,1,1760685,1760244,441
121976581,33.476,32.3828,442,39740,0.563118,0.41,1,1760719,1760277,442
121979501,24.2952,24.0766,442,39793,0.568624,0.41,1,1760741,1760299,442
121982421,38.459,38.4153,442,39846,0.601725,0.43,1,1760783,1760341,442
121985341,42.8918,42.0831,443,39899,0.608345,0.45,1,1760827,1760384,443
121988261,46.9784,46.0166,444,39952,0.657669,0.47,1,1760875,1760431,444
121991181,67.7957,68.4033,443,40005,0.667534,0.47,1,1760948,1760505,443
121994101,15.1591,15.2807,443,40058,0.637507,0.47,1,1760950,1760507,443
121997021,30.2318,3.05613,477,40111,0.631501,0.49,1,1760984,1760507,477
121999941,21.2464,27.8112,462,40164,0.6143,0.51,1,1761003,1760541,462
122002861,38.6493,19.9622,487,40217,0.64286,0.51,1,1761046,1760559,487
122005781,34.9299,38.3925,478,40270,0.664572,0.51,1,1761080,1760602,478
122008701,21.386,32.4785,465,40322,0.700914,0.57,1,1761098,1760633,465
122011621,31.4772,20.8957,481,40374,0.756183,0.53,2,1761132,1760651,481
122014541,33.4954,31.3791,481,40426,0.783237,0.57,2,1761166,1760685,481
122017461,25.0991,33.4758,470,40478,0.804647,0.57,2,1761189,1760719,470
122020381,39.4198,24.2952,491,40530,0.80893,0.61,2,1761232,1760741,491
122023301,43.084,38.459,493,40582,0.809786,0.61,2,1761276,1760783,493
122026221,49.4168,42.8918,500,40634,0.857957,0.67,2,1761327,1760827,500
122029141,68.2834,46.9784,525,40686,0.899591,0.67,2,1761400,1760875,525
122032061,15.2567,67.7957,454,40738,0.907918,0.63,2,1761402,1760948,454
122034981,30.2513,15.1591,486,40790,0.925584,0.63,2,1761436,1760950,486
122037901,21.2503,30.2318,471,40842,0.913117,0.61,2,1761455,1760984,471
122210181,85,76,512,19925,0.79,1,2,1763610,1763098,512
122213101,89,76,526,20031,0.742,1,1,1763700,1763174,526
122216021,115.4,127.2,508,20137,0.7324,0.91,1,1763822,1763314,508
122218941,76.68,73.44,515,20242,0.68248,0.91,1,1763889,1763374,515
122221861,44.936,70.688,482,20347,0.704496,0.89,1,1763926,1763444,482
122224781,52.9872,39.7376,505,20451,0.788899,0.83,2,1763981,1763476,505
122227701,78.5974,47.1475,541,20555,0.82178,0.79,2,1764066,1763525,541
122230621,88.5195,77.4295,547,20658,0.828356,0.73,2,1764157,1763610,547
122233541,116.904,87.4859,581,20761,0.829671,0.73,2,1764281,1763700,581
122236461,78.5808,115.097,528,20863,0.845934,0.67,2,1764350,1763822,528
122239381,42.9162,76.6194,495,20965,0.881187,0.71,2,1764384,1763889,495
122242301,10.1832,44.9239,460,21066,0.888237,0.81,2,1764386,1763926,460
122245221,47.6366,52.9848,462,21167,0.889648,0.83,2,1764443,1763981,462
122248141,79.9273,78.597,465,21267,0.921929,0.83,2,1764531,1764066,465
122251061,87.1855,88.5194,463,21367,0.944386,0.83,2,1764620,1764157,463
122341581,81,66,490,24254,0.27,1,1,1766717,1766227,490
122344501,46.6,46.8,486,24341,0.238,1,1,1766755,1766269,486
122347421,34.12,38.16,481,24428,0.1836,1,1,1766786,1766305,481
122350341,32.424,34.032,480,24515,0.12472,1,1,1766818,1766338,480
122353261,55.2848,61.2064,473,24601,0.032944,0.98,1,1766879,1766406,473
122356181,31.057,36.2413,468,24687,0.0465888,0.87,1,1766904,1766436,468
122359101,71.0114,76.8483,462,24773,0.0493178,0.45,1,1766985,1766523,462
122362021,91.8023,105.77,446,24859,0.0818636,0.27,1,1767082,1766636,446
122364941,71.1605,85.9539,431,24944,0.120373,0.23,1,1767148,1766717,431
122367861,44.6321,47.5908,431,25029,0.128075,0.17,1,1767186,1766755,431
122370781,32.9264,34.3182,430,25114,0.193615,0.11,1,1767216,1766786,430
122373701,29.7853,32.4636,427,25198,0.174723,0.01,1,1767245,1766818,427
122376621,52.3571,55.2927,424,25282,0.218945,0.05,1,1767303,1766879,424
122379541,28.8714,31.0585,422,25366,0.227789,0.05,1,1767326,1766904,422
122382461,70.5743,71.0117,422,25450,0.133558,0.05,1,1767407,1766985,422
122385381,94.1149,14.2023,522,25533,0.0667116,0.09,1,1767507,1766985,522
122388301,70.023,80.4405,489,25616,0.117342,0.13,1,1767571,1767082,489
122391221,47.6046,68.8881,465,25699,0.143468,0.13,1,1767613,1767148,465
122394141,33.5209,44.1776,457,25781,0.164694,0.21,1,1767643,1767186,457
122397061,29.9042,32.8355,456,25863,0.216939,0.17,1,1767672,1767216,456
122399981,53.1808,29.7671,486,25945,0.243388,0.23,1,1767731,1767245,486
122402901,32.2362,52.3534,455,26027,0.232678,0.23,1,1767758,1767303,455
122405821,64.8472,28.8707,505,26108,0.246536,0.11,1,1767831,1767326,505
122408741,92.9694,70.5741,524,26189,0.281307,0.05,1,1767931,1767407,524
122411661,72.1939,94.1148,491,26270,0.336261,0.13,1,1767998,1767507,491
122414581,48.8388,70.023,470,26351,0.347252,0.15,1,1768041,1767571,470
122417501,34.5678,47.6046,459,26431,0.33345,0.17,1,1768072,1767613,459
122420421,33.3136,33.5209,462,26511,0.28269,0.23,1,1768105,1767643,462
122423341,53.8627,29.9042,492,26591,0.272538,0.25,1,1768164,1767672,492
122426261,31.5725,53.1808,459,26671,0.286508,0.23,1,1768190,1767731,459
122429181,65.5145,32.2362,506,26750,0.353301,0.25,1,1768264,1767758,506
122432101,97.1029,64.8472,538,26829,0.31866,0.29,1,1768369,1767831,538
122435021,73.0206,92.9694,505,26908,0.343732,0.35,1,1768436,1767931,505
122437941,16.2041,72.1939,440,26987,0.348746,0.35,1,1768438,1767998,440
122440861,36.8408,48.8388,439,27065,0.381749,0.33,1,1768480,1768041,439
122443781,31.3682,34.5678,438,27143,0.35635,0.27,1,1768510,1768072,438
122446701,30.2736,33.3136,435,27221,0.38327,0.27,1,1768540,1768105,435
122449621,54.0547,53.8627,436,27299,0.420654,0.29,1,1768600,1768164,436
122452541,32.4109,31.5725,437,27377,0.412131,0.37,1,1768627,1768190,437
122455461,68.0822,65.5145,440,27454,0.490426,0.31,1,1768704,1768264,440
122458381,96.0164,97.1029,438,27531,0.506085,0.35,1,1768807,1768369,438
122461301,73.6033,73.0206,439,27608,0.493217,0.35,1,1768875,1768436,439
122464221,16.3207,16.2041,439,27685,0.522643,0.39,1,1768877,1768438,439
122467141,36.8641,36.8408,439,27761,0.560529,0.35,1,1768919,1768480,439
122470061,31.3728,31.3682,439,27837,0.568106,0.39,1,1768949,1768510,439
122472981,31.8746,30.2736,441,27913,0.601621,0.43,1,1768981,1768540,441
122475901,54.3749,54.0547,441,27989,0.624324,0.41,1,1769041,1768600,441
122478821,33.275,32.4109,442,28065,0.628865,0.51,1,1769069,1768627,442
122481741,70.655,68.0822,445,28140,0.677773,0.51,1,1769149,1768704,445
122484661,96.531,96.0164,445,28215,0.815555,0.49,2,1769252,1768807,445
122487581,74.5062,73.6033,446,28290,0.843111,0.53,2,1769321,1768875,446
122490501,16.5012,16.3207,446,28365,0.848622,0.53,2,1769323,1768877,446
122493421,37.7002,3.26413,489,28440,0.897724,0.57,2,1769366,1768877,489
122496341,31.54,34.2528,477,28514,0.907545,0.57,2,1769396,1768919,477
122499261,33.508,30.8506,481,28588,0.909509,0.61,2,1769430,1768949,481
122642341,25,27,531,32013,0.85,1,2,1771864,1771333,531
122645261,33,37.4,526,32079,0.706,1,1,1771899,1771373,526
122648181,31.4,38.68,518,32145,0.6932,1,1,1771930,1771412,518
122651101,42.28,26.936,539,32211,0.54664,1,1,1771975,1771436,539
122654021,100.456,48.5872,600,32277,0.117328,1,1,1772090,1771490,600
122656941,76.8912,103.317,554,32343,0.0634656,1,1,1772161,1771607,554
122659861,54.5782,86.2635,521,32408,0.0366931,1,1,1772210,1771689,521
122662781,34.1156,57.2527,500,32473,0.0633386,1,1,1772239,1771739,500
122665701,33.2231,36.2505,502,32538,0.0526677,0.91,1,1772272,1771770,502
122668621,32.2446,36.8501,497,32603,0.0505335,0.89,1,1772304,1771807,497
122671541,23.2489,32.97,486,32668,0.0341067,0.85,1,1772325,1771839,486
122674461,31.0498,26.594,494,32733,0.0468213,0.67,1,1772358,1771864,494
122677381,7.80996,33.3188,461,32798,0.0493643,0.69,1,1772360,1771899,461
122680301,23.962,31.4638,458,32862,0.0818729,0.51,1,1772388,1771930,458
122683221,30.3924,42.2928,445,32926,0.0563746,0.01,1,1772420,1771975,445
122686141,82.8785,100.459,426,32990,0.0512749,0.05,1,1772516,1772090,426
122689061,74.9757,76.8917,428,33054,0.082255,0.03,1,1772589,1772161,428
122691981,50.1951,54.5783,423,33118,0.056451,0.07,1,1772633,1772210,423
122694901,38.039,34.1157,429,33182,0.0512902,0.05,1,1772668,1772239,429
122697821,29.2078,33.2231,423,33246,0.034258,0.05,1,1772695,1772272,423
122700741,30.6416,32.2446,422,33310,0.0148516,0.03,1,1772726,1772304,422
122703661,23.7283,23.2489,423,33373,0.0429703,0.05,1,1772748,1772325,423
122706581,31.9457,31.0498,424,33436,0.0485941,0.05,1,1772782,1772358,424
122709501,7.98913,7.80996,424,33499,0.0497188,0.09,1,1772784,1772360,424
122712421,24.7978,23.962,425,33562,0.0179438,0.05,1,1772813,1772388,425
122715341,28.1596,30.3924,422,33625,0.0595888,0.05,1,1772842,1772420,422
122718261,84.0319,82.8785,424,33688,0.115918,0.09,1,1772940,1772516,424
122721181,75.2064,74.9757,424,33751,0.0951836,0.05,1,1773013,1772589,424
122724101,48.6413,50.1951,422,33814,0.0430367,0.05,1,1773055,1772633,422
122727021,37.7283,38.039,422,33877,0.0646073,0.03,1,1773090,1772668,422
122729941,29.9457,29.2078,423,33939,0.116921,0.01,1,1773118,1772695,423
122732861,29.9891,30.6416,422,34001,0.143384,0.05,1,1773148,1772726,422
122735781,23.5978,23.7283,422,34063,0.148677,0.05,1,1773170,1772748,422
122738701,31.9196,31.9457,422,34125,0.0857354,0.05,1,1773204,1772782,422
122741621,7.98391,7.98913,422,34187,0.0731471,0.01,1,1773206,1772784,422
122744541,25.5968,24.7978,423,34249,0.0386294,0.01,1,1773236,1772813,423
122747461,27.5194,4.95957,451,34311,0.0637259,0.07,1,1773264,1772813,451
122750381,86.3039,24.1919,523,34373,0.132745,0.13,1,1773365,1772842,523
122753301,74.8608,83.2384,497,34435,0.162549,0.09,1,1773437,1772940,497
122756221,46.9722,75.0477,464,34496,0.18451,0.03,1,1773477,1773013,464
122759141,38.1944,48.6095,458,34557,0.204902,0.07,1,1773513,1773055,458
122762061,31.6389,37.7219,453,34618,0.19298,0.13,1,1773543,1773090,453
122764981,31.1278,29.9444,456,34679,0.206596,0.15,1,1773574,1773118,456
122767901,22.2256,29.9889,446,34740,0.209319,0.15,1,1773594,1773148,446
122770821,31.6451,23.5978,458,34801,0.209864,0.07,1,1773628,1773170,458
122773741,7.92902,31.9196,426,34862,0.209973,0.07,1,1773630,1773204,426
122776661,24.7858,7.98391,453,34923,0.225995,0.03,1,1773659,1773206,453
122779581,28.1572,25.5968,452,34984,0.181199,0.07,1,1773688,1773236,452
122782501,89.6314,27.5194,529,35044,0.18824,0.15,1,1773793,1773264,529
122785421,78.7263,86.3039,504,35104,0.205648,0.17,1,1773869,1773365,504
122788341,46.1453,74.8608,470,35164,0.17713,0.19,1,1773907,1773437,470
122791261,37.2291,46.9722,465,35224,0.155426,0.21,1,1773942,1773477,465
122794181,32.2458,38.1944,460,35284,0.167085,0.19,1,1773973,1773513,460
122797101,32.0492,31.6389,462,35344,0.169417,0.21,1,1774005,1773543,462
122800021,22.4098,31.1278,451,35404,0.201883,0.21,1,1774025,1773574,451
122802941,31.682,22.2256,465,35464,0.256377,0.21,1,1774059,1773594,465
122805861,7.93639,31.6451,433,35524,0.267275,0.21,1,1774061,1773628,433
122808781,23.9873,7.92902,459,35584,0.285455,0.23,1,1774089,1773630,459
122811701,27.1975,24.7858,458,35643,0.289091,0.17,1,1774117,1773659,458
122814621,7.03949,28.1572,431,35702,0.289818,0.19,1,1774119,1773688,431
122817541,85.4079,89.6314,431,35761,0.321964,0.21,1,1774224,1773793,431
122820461,77.0816,78.7263,430,35820,0.376393,0.17,1,1774299,1773869,430
122823381,45.8163,46.1453,430,35879,0.387279,0.15,1,1774337,1773907,430
122826301,37.9633,37.2291,431,35938,0.405456,0.17,1,1774373,1773942,431
122829221,31.5927,32.2458,430,35997,0.393091,0.17,1,1774403,1773973,430
122832141,32.7185,32.0492,431,36056,0.422618,0.21,1,1774436,1774005,431
122835061,24.9437,22.4098,434,36115,0.428524,0.27,1,1774459,1774025,434
122837981,33.7887,31.682,436,36174,0.461705,0.27,1,1774495,1774059,436
122840901,8.35775,7.93639,436,36232,0.468341,0.29,1,1774497,1774061,436
122843821,24.0715,23.9873,436,36290,0.437668,0.29,1,1774525,1774089,436
122846741,27.2143,27.1975,436,36348,0.463534,0.29,1,1774553,1774117,436
122849661,7.04286,7.03949,436,36406,0.436707,0.33,1,1774555,1774119,436
122852581,87.0086,85.4079,438,36464,0.495341,0.39,1,1774662,1774224,438
122855501,78.2017,77.0816,439,36522,0.523068,0.39,1,1774738,1774299,439
122858421,46.8403,45.8163,440,36580,0.544614,0.41,1,1774777,1774337,440
122861341,38.1681,37.9633,440,36638,0.564923,0.39,1,1774813,1774373,440
122864261,32.4336,31.5927,441,36696,0.616985,0.43,1,1774844,1774403,441
122867181,32.8867,32.7185,441,36754,0.627397,0.43,1,1774877,1774436,441
122870101,26.5773,24.9437,443,36811,0.677479,0.47,1,1774902,1774459,443
122873021,34.1155,33.7887,443,36868,0.719496,0.47,1,1774938,1774495,443
122875941,8.42309,8.35775,443,36925,0.727899,0.43,1,1774940,1774497,443
122878861,24.0846,24.0715,443,36982,0.74558,0.47,1,1774968,1774525,443
122881781,27.2169,27.2143,443,37039,0.765116,0.43,2,1774996,1774553,443
122884701,7.04338,7.04286,443,37096,0.769023,0.51,2,1774998,1774555,443
122887621,90.2087,87.0086,447,37153,0.817805,0.51,2,1775109,1774662,447
122890541,78.8417,17.4017,523,37210,0.891561,0.53,2,1775185,1774662,523
122893461,47.7683,64.2803,487,37267,0.906312,0.55,2,1775225,1774738,487
122937261,34,33,503,38110,0.95,0.97,2,1775798,1775295,503
122948941,30,2,500,38330,0.89,1,2,1775897,1775397,500
123096401,84,71,499,18482,0.03,0.87,1,1777888,1777389,499
123099321,138.4,92.6,553,18597,0.078,0.59,1,1778040,1777487,553
123102241,84.48,139.32,473,18711,0.0876,0.29,1,1778111,1777638,473
123105161,63.296,92.664,450,18824,0.07352,0.25,1,1778169,1777719,450
123108081,40.6592,45.7328,451,18937,0.134704,0.11,1,1778204,1777753,451
123111001,34.5318,49.9466,433,19049,0.210941,0.03,1,1778237,1777804,433
123113921,69.3064,77.1893,427,19160,0.226188,0.09,1,1778315,1777888,427
123116841,134.661,137.038,426,19271,0.261238,0.09,1,1778466,1778040,426
123119761,82.1323,84.2076,424,19381,0.252248,0.07,1,1778535,1778111,424
123122681,65.2264,63.2415,427,19490,0.26645,0.15,1,1778596,1778169,427
123125601,42.6453,40.6483,429,19599,0.25329,0.15,1,1778633,1778204,429
123128521,34.1291,8.12966,461,19707,0.266658,0.23,1,1778665,1778204,461
123131441,70.8258,28.0259,508,19815,0.301332,0.23,1,1778745,1778237,508
123134361,136.565,68.0052,583,19922,0.404266,0.27,1,1778898,1778315,583
123137281,81.713,134.401,500,20028,0.440853,0.25,1,1778966,1778466,500
123140201,67.5426,82.0802,495,20134,0.464171,0.27,1,1779030,1778535,495
123143121,42.3085,65.216,470,20239,0.484834,0.25,1,1779066,1778596,470
123146041,34.8617,42.6432,466,20344,0.536967,0.27,1,1779099,1778633,466
123148961,73.3723,34.1286,517,20448,0.563393,0.31,1,1779182,1778665,517
123151881,141.874,70.8257,596,20552,0.696679,0.43,1,1779341,1778745,596
123154801,82.7749,136.565,511,20655,0.755336,0.45,2,1779409,1778898,511
123157721,68.555,81.713,508,20758,0.783067,0.47,2,1779474,1778966,508
123160641,44.911,67.5426,483,20860,0.772613,0.49,2,1779513,1779030,483
123163561,36.1822,42.3085,481,20962,0.738523,0.55,1,1779547,1779066,481
123166481,8.83644,34.8617,450,21063,0.731705,0.57,1,1779549,1779099,450
123169401,71.3673,73.3723,454,21164,0.762341,0.73,2,1779636,1779182,454
123172321,144.673,141.874,458,21264,0.752468,0.77,2,1779799,1779341,458
123175241,84.9347,82.7749,460,21364,0.798494,0.79,2,1779869,1779409,460
123178161,69.7869,68.555,461,21463,0.871699,0.77,2,1779935,1779474,461
123181081,42.7574,44.911,458,21562,0.88634,0.73,2,1779971,1779513,458
123184001,35.7515,36.1822,458,21660,0.889268,0.73,2,1780005,1779547,458
123186921,8.7503,8.83644,458,21758,0.889854,0.77,2,1780007,1779549,458
123189841,71.3501,71.3673,458,21855,0.905971,0.75,2,1780094,1779636,458
123283281,27,24,486,24770,0.77,1,2,1782247,1781761,486
123286201,57.4,64,477,24856,0.706,1,1,1782312,1781835,477
123289121,45.08,44.8,479,24941,0.6932,1,1,1782354,1781875,479
123292041,43.416,36.16,488,25026,0.64264,1,1,1782397,1781909,488
123294961,32.6832,35.232,483,25111,0.584528,1,1,1782427,1781944,483
123297881,35.3366,36.6464,482,25195,0.524906,0.93,1,1782463,1781981,482
123300801,149.467,160.929,468,25279,0.496981,0.81,1,1782641,1782173,468
123303721,61.0935,69.7859,460,25363,0.507396,0.77,1,1782680,1782220,460
123306641,31.4187,35.5572,457,25447,0.525479,0.77,1,1782704,1782247,457
123309561,52.6837,7.11143,515,25530,0.497096,0.69,1,1782762,1782247,515
123312481,43.3367,53.4223,491,25613,0.539419,0.69,1,1782803,1782312,491
123315401,43.0674,44.2845,492,25696,0.531884,0.63,1,1782846,1782354,492
123318321,31.0135,43.2569,477,25778,0.514377,0.57,1,1782874,1782397,477
123321241,33.4027,32.6514,481,25860,0.542875,0.51,1,1782908,1782427,481
123324161,148.281,35.3303,622,25942,0.708575,0.49,1,1783085,1782463,622
123327081,63.2561,149.466,486,26024,0.773715,0.51,2,1783127,1782641,486
123330001,31.0512,61.0932,470,26105,0.770743,0.53,2,1783150,1782680,470
123332921,52.6102,31.4186,504,26186,0.818149,0.49,2,1783208,1782704,504
123335841,44.922,52.6837,489,26267,0.85963,0.55,2,1783251,1782762,489
123338761,41.7844,43.3367,489,26348,0.867926,0.53,2,1783292,1782803,489
123341681,32.3569,43.0673,476,26428,0.901585,0.51,2,1783322,1782846,476
123344601,36.0714,31.0135,485,26508,0.892317,0.55,2,1783359,1782874,485
123347521,154.414,33.4027,635,26588,0.922463,0.75,2,1783543,1782908,635
123350441,66.0829,148.281,502,26668,0.928493,0.79,2,1783587,1783085,502
123353361,30.8166,63.2561,482,26747,0.945699,0.77,2,1783609,1783127,482
123356281,54.9633,31.0512,520,26826,0.93314,0.83,2,1783670,1783150,520
123359201,46.9927,52.6102,507,26905,0.914628,0.87,2,1783715,1783208,507
123362121,10.9985,44.922,466,26984,0.910926,0.87,2,1783717,1783251,466
123586961,38,37,520,32472,0.63,1,1,1787589,1787069,520
123589881,51.6,49,523,32537,0.566,1,1,1787644,1787121,523
123592801,39.12,42.6,518,32602,0.4892,1,1,1787680,1787162,518
123595721,34.224,32.52,521,32667,0.44184,1,1,1787713,1787192,521
123598641,67.6448,31.304,566,32732,0.224368,1,1,1787789,1787223,566
123601561,39.129,87.0608,497,32797,0.228874,1,1,1787821,1787324,497
123604481,56.6258,80.6122,479,32861,0.165775,0.97,1,1787882,1787403,479
123607401,30.5252,34.5224,480,32925,0.137155,0.99,1,1787906,1787426,480
123610321,26.905,35.7045,470,32989,0.179431,0.87,1,1787932,1787462,470
123613241,42.981,51.9409,461,33053,0.171886,0.73,1,1787979,1787518,461
123616161,28.5962,36.7882,453,33117,0.154377,0.63,1,1788004,1787551,453
123619081,32.9192,37.7576,449,33181,0.134875,0.55,1,1788038,1787589,449
123622001,47.3838,51.5515,445,33245,0.114975,0.47,1,1788089,1787644,445
123624921,35.0768,39.1103,441,33309,0.110995,0.43,1,1788121,1787680,441
123627841,34.2154,34.2221,442,33372,0.126199,0.17,1,1788155,1787713,442
123630761,59.6431,67.6444,432,33435,0.14524,0.23,1,1788221,1787789,432
123633681,35.1286,39.1289,429,33498,0.133048,0.15,1,1788250,1787821,429
123636601,55.8257,56.6258,429,33561,0.16261,0.13,1,1788311,1787882,429
123639521,29.5651,30.5252,428,33624,0.184522,0.19,1,1788334,1787906,428
123642441,29.913,26.905,432,33687,0.172904,0.17,1,1788364,1787932,432
123645361,40.3826,42.981,428,33750,0.202581,0.15,1,1788407,1787979,428
123648281,28.0765,28.5962,428,33813,0.208516,0.13,1,1788432,1788004,428
123651201,31.2153,32.9192,426,33876,0.209703,0.11,1,1788464,1788038,426
123654121,45.4431,47.3838,424,33938,0.193941,0.11,1,1788513,1788089,424
123657041,37.8886,35.0768,428,34000,0.158788,0.13,1,1788549,1788121,428
123659961,33.9777,34.2154,427,34062,0.199758,0.15,1,1788582,1788155,427
123662881,59.5955,59.6431,427,34124,0.239952,0.13,1,1788648,1788221,427
123665801,36.7191,35.1286,429,34186,0.26399,0.17,1,1788679,1788250,429
123668721,56.9438,55.8257,430,34248,0.316798,0.17,1,1788741,1788311,430
123671641,30.5888,11.1651,454,34310,0.31136,0.19,1,1788765,1788311,454
123674561,26.9178,20.633,457,34372,0.310272,0.17,1,1788791,1788334,457
123677481,42.1835,28.1266,473,34434,0.310054,0.21,1,1788837,1788364,473
123680401,27.6367,40.0253,454,34495,0.342011,0.21,1,1788861,1788407,454
123683321,31.1273,28.0051,461,34556,0.364402,0.21,1,1788893,1788432,461
123686241,44.6255,31.201,477,34617,0.38488,0.19,1,1788941,1788464,477
123689161,37.7251,45.4402,464,34678,0.388976,0.15,1,1788977,1788513,464
123692081,37.145,37.888,465,34739,0.421795,0.21,1,1789014,1788549,465
123695001,61.029,33.9776,499,34800,0.444359,0.25,1,1789081,1788582,499
123697921,37.8058,59.5955,465,34861,0.464872,0.27,1,1789113,1788648,465
123700841,57.9612,36.7191,497,34922,0.484974,0.33,1,1789176,1788679,497
123703761,31.5922,56.9438,460,34983,0.472995,0.31,1,1789201,1788741,460
123706681,27.1184,30.5888,462,35043,0.518599,0.31,1,1789227,1788765,462
123709601,43.8237,26.9178,484,35103,0.57572,0.31,1,1789275,1788791,484
123712521,27.9647,42.1835,462,35163,0.587144,0.35,1,1789299,1788837,462
123715441,31.9929,27.6367,471,35223,0.637429,0.37,1,1789332,1788861,471
123718361,45.5986,31.1273,488,35283,0.663486,0.39,1,1789381,1788893,488
123721281,37.9197,44.6255,476,35343,0.668697,0.39,1,1789417,1788941,476
123724201,39.5839,37.7251,480,35403,0.701739,0.43,1,1789457,1788977,480
123727121,62.3168,37.145,511,35463,0.692348,0.45,1,1789525,1789014,511
123730041,38.0634,61.029,476,35523,0.70647,0.47,1,1789557,1789081,476
123732961,58.8127,37.8058,508,35583,0.741294,0.49,1,1789621,1789113,508
123735881,32.5625,57.9612,471,35642,0.748259,0.47,1,1789647,1789176,471
123738801,8.11251,31.5922,448,35701,0.717652,0.53,1,1789649,1789201,448
123741721,22.4225,27.1184,448,35760,0.71153,0.59,1,1789675,1789227,448
123744641,45.2845,43.8237,451,35819,0.774306,0.59,2,1789726,1789275,451
123747561,28.2569,27.9647,451,35878,0.834861,0.65,2,1789750,1789299,451
123750481,34.4514,31.9929,454,35937,0.862972,0.67,2,1789786,1789332,454
123753401,46.8903,45.5986,455,35996,0.868594,0.67,2,1789836,1789381,455
123756321,38.1781,37.9197,455,36055,0.885719,0.71,2,1789872,1789417,455
123759241,41.2356,39.5839,457,36114,0.889144,0.69,2,1789914,1789457,457
123762161,62.6471,62.3168,457,36173,0.889829,0.71,2,1789982,1789525,457
123765081,38.9294,38.0634,458,36231,0.889966,0.75,2,1790015,1789557,458
123768001,59.7859,58.8127,459,36289,0.905993,0.75,2,1790080,1789621,459
123925681,16,30,501,39309,0.83,1,2,1792132,1791631,501
123928601,28.8,32.4,500,39363,0.702,1,1,1792164,1791664,500
123931521,36.96,29.68,510,39417,0.6124,1,1,1792203,1791693,510
123934441,32.992,32.336,509,39471,0.56248,1,1,1792235,1791726,509
123937361,31.3984,37.6672,501,39525,0.472496,1,1,1792266,1791765,501
123940281,40.6797,37.1334,507,39578,0.518499,1,1,1792309,1791802,507
123943201,41.7359,58.6267,485,39631,0.4957,1,1,1792351,1791866,485
123946121,46.7472,42.1253,495,39684,0.42714,1,1,1792399,1791904,495
123949041,44.5494,62.0251,472,39737,0.397428,0.9,1,1792443,1791971,472
123951961,35.3099,36.405,475,39790,0.343486,0.95,1,1792476,1792001,475
123954881,39.062,46.481,466,39843,0.316697,0.89,1,1792516,1792050,466
123957801,31.8124,38.0962,460,39896,0.327339,0.87,1,1792546,1792086,460
123960721,31.1625,31.6192,461,39949,0.297468,0.83,1,1792577,1792116,461
123963641,15.8325,19.1238,457,40002,0.339494,0.67,1,1792589,1792132,457
123966561,27.9665,29.4248,456,40055,0.315899,0.59,1,1792620,1792164,456
123969481,33.5933,37.085,452,40108,0.35918,0.59,1,1792655,1792203,452
123972401,25.9187,7.41699,476,40161,0.319836,0.55,1,1792679,1792203,476
123975321,29.9837,27.0834,475,40214,0.247967,0.45,1,1792710,1792235,475
123978241,41.1967,30.2167,488,40267,0.265593,0.53,1,1792754,1792266,488
123981161,40.2393,40.4433,485,40319,0.285119,0.49,1,1792794,1792309,485
123984081,48.8479,41.6887,494,40371,0.289024,0.41,1,1792845,1792351,494
123987001,38.5696,46.7377,482,40423,0.289805,0.39,1,1792881,1792399,482
123989921,31.7139,44.5475,468,40475,0.289961,0.33,1,1792911,1792443,468
123992841,39.9428,35.3095,477,40527,0.289992,0.31,1,1792953,1792476,477
123995761,30.3886,39.0619,465,40579,0.353998,0.33,1,1792981,1792516,465
123998681,31.6777,31.8124,467,40631,0.3028,0.29,1,1793013,1792546,467
124001601,15.1355,31.1625,447,40683,0.34056,0.35,1,1793024,1792577,447
124004521,27.8271,15.8325,466,40735,0.332112,0.31,1,1793055,1792589,466
124007441,34.3654,27.9665,471,40787,0.330422,0.37,1,1793091,1792620,471
124010361,22.8731,33.5933,456,40839,0.378084,0.31,1,1793111,1792655,456
124013281,30.1746,25.9187,464,40891,0.403617,0.23,1,1793143,1792679,464
124016201,41.2349,29.9837,477,40943,0.408723,0.27,1,1793187,1792710,477
124019121,40.247,41.1967,473,40995,0.457745,0.29,1,1793227,1792754,473
124022041,50.4494,40.2393,486,41046,0.515549,0.29,1,1793280,1792794,486
124024961,38.8899,48.8479,471,41097,0.52711,0.29,1,1793316,1792845,471
124027881,32.578,38.5696,466,41148,0.513422,0.29,1,1793347,1792881,466
124030801,40.9156,31.7139,479,41199,0.526684,0.29,1,1793390,1792911,479
124033721,32.1831,39.9428,467,41250,0.529337,0.37,1,1793420,1792953,467
124036641,30.4366,30.3886,469,41301,0.529867,0.29,1,1793450,1792981,469
124039561,15.6873,31.6777,449,41352,0.561974,0.35,1,1793462,1793013,449
124042481,27.1375,15.1355,468,41403,0.568395,0.33,1,1793492,1793024,468
124045401,35.8275,27.8271,475,41454,0.537679,0.33,1,1793530,1793055,475
124048321,23.9655,34.3654,460,41505,0.563536,0.39,1,1793551,1793091,460
124051241,6.3931,22.8731,442,41556,0.568707,0.41,1,1793553,1793111,442
124054161,26.8786,30.1746,442,41607,0.569741,0.41,1,1793585,1793143,442
124057081,42.9757,41.2349,445,41658,0.617948,0.47,1,1793632,1793187,445
124060001,41.3951,40.247,446,41709,0.65959,0.53,1,1793673,1793227,446
124062921,52.279,50.4494,448,41760,0.683918,0.53,1,1793728,1793280,448
124065841,39.2558,38.8899,448,41811,0.704784,0.51,1,1793764,1793316,448
124068761,31.8512,32.578,447,41861,0.724957,0.53,1,1793794,1793347,447
124071681,41.5702,40.9156,448,41911,0.760991,0.53,2,1793838,1793390,448
124074601,32.314,32.1831,448,41961,0.784198,0.53,2,1793868,1793420,448
124077521,32.0628,30.4366,450,42011,0.75684,0.57,2,1793900,1793450,450
124080441,16.0126,15.6873,450,42061,0.719368,0.57,1,1793912,1793462,450
124083361,27.2025,27.1375,450,42111,0.743874,0.53,1,1793942,1793492,450
124086281,34.2405,35.8275,448,42161,0.716775,0.57,1,1793978,1793530,448
124089201,25.2481,23.9655,450,42211,0.791355,0.57,2,1794001,1793551,450
124092121,6.64962,6.3931,450,42261,0.806271,0.57,2,1794003,1793553,450
124095041,27.7299,26.8786,451,42311,0.793254,0.63,2,1794036,1793585,451
124097961,44.746,42.9757,453,42361,0.806651,0.67,2,1794085,1793632,453
124100881,41.7492,41.3951,453,42411,0.82533,0.69,2,1794126,1793673,453
124103801,53.9498,52.279,455,42461,0.893066,0.71,2,1794183,1793728,455
124106721,39.59,39.2558,455,42511,0.922613,0.73,2,1794219,1793764,455
124109641,32.718,31.8512,456,42561,0.944523,0.77,2,1794250,1793794,456
124121321,12,12,457,42759,0.95,0.75,2,1794369,1793912,457
124124241,26.4,26.4,457,42808,0.95,0.71,2,1794399,1793942,457
124563701,38,34,472,22630,0.23,0.93,1,1799362,1798890,472
124566621,51.6,36.4,490,22724,0.198,0.59,1,1799417,1798927,490
124569541,74.32,81.68,477,22817,0.2236,0.43,1,1799497,1799020,477
124572461,62.864,63.536,478,22910,0.22872,0.31,1,1799557,1799079,478
124575381,41.3728,60.7072,454,23003,0.277744,0.21,1,1799593,1799139,454
124578301,27.4746,41.7414,441,23095,0.255549,0.23,1,1799617,1799176,441
124581221,41.4949,18.7483,473,23187,0.29911,0.23,1,1799662,1799189,473
124584141,80.299,64.5497,487,23278,0.307822,0.23,1,1799752,1799265,487
124587061,93.6598,90.5099,487,23369,0.405564,0.19,1,1799849,1799362,487
124589981,82.732,62.102,512,23460,0.393113,0.23,1,1799929,1799417,512
124592901,66.9464,76.4204,495,23550,0.374623,0.23,1,1799992,1799497,495
124595821,40.5893,63.2841,469,23640,0.386925,0.29,1,1800026,1799557,469
124598741,27.3179,41.4568,457,23730,0.389385,0.25,1,1800050,1799593,457
124601661,42.2636,27.4914,479,23819,0.405877,0.31,1,1800096,1799617,479
124604581,82.0527,41.4983,526,23908,0.425175,0.31,1,1800188,1799662,526
124607501,18.0105,80.2997,438,23997,0.429035,0.43,1,1800190,1799752,438
124610421,85.2021,93.6599,443,24085,0.493807,0.39,1,1800292,1799849,443
124613341,79.4404,82.732,441,24173,0.522761,0.37,1,1800370,1799929,441
124616261,65.4881,66.9464,440,24261,0.560552,0.39,1,1800432,1799992,440
124619181,41.0976,40.5893,441,24348,0.58411,0.39,1,1800467,1800026,441
124622101,28.2195,27.3179,442,24435,0.588822,0.41,1,1800492,1800050,442
124625021,42.4439,42.2636,442,24522,0.637764,0.43,1,1800538,1800096,442
124627941,82.8888,82.0527,443,24608,0.695553,0.43,1,1800631,1800188,443
124630861,18.1778,18.0105,443,24694,0.675111,0.51,1,1800633,1800190,443
124633781,88.4356,85.2021,447,24780,0.735022,0.53,1,1800739,1800292,447
124636701,80.8871,79.4404,448,24866,0.811004,0.57,2,1800818,1800370,448
124639621,67.3774,65.4881,450,24951,0.858201,0.59,2,1800882,1800432,450
124642541,41.4755,41.0976,450,25036,0.89964,0.59,2,1800917,1800467,450
124645461,29.0951,28.2195,451,25121,0.875928,0.65,2,1800943,1800492,451
124648381,43.419,42.4439,452,25205,0.903186,0.71,2,1800990,1800538,452
124773941,27,23,524,28595,0.85,1,2,1803393,1802869,524
124776861,63.8,27,569,28669,0.754,1,2,1803466,1802897,569
124779781,61.56,93.4,520,28743,0.5588,1,1,1803527,1803007,520
124782701,62.712,49.08,545,28817,0.35976,1,1,1803590,1803045,545
124785621,68.5424,72.216,537,28890,0.223952,0.92,1,1803660,1803123,537
124788541,69.7085,65.6432,543,28963,0.0687904,0.96,1,1803730,1803187,543
124791461,40.3417,69.9286,505,29036,0.0377581,1,1,1803763,1803258,505
124794381,34.4683,39.5857,506,29109,0.0315516,0.92,1,1803796,1803290,506
124797301,34.8937,39.1171,502,29182,0.0623103,0.82,1,1803831,1803329,502
124800221,23.7787,37.4234,486,29255,0.0204621,0.85,1,1803852,1803366,486
124803141,58.3557,29.0847,526,29327,0.0440924,0.73,1,1803919,1803393,526
124806061,57.2712,64.2169,510,29399,0.0808185,0.51,1,1803976,1803466,510
124808981,54.6542,61.6434,503,29471,0.0721637,0.31,1,1804030,1803527,503
124811901,54.9308,62.7287,495,29543,0.0864327,0.19,1,1804085,1803590,495
124814821,65.3862,68.5457,493,29615,0.0572865,0.03,1,1804153,1803660,493
124817741,38.6772,69.7091,455,29686,0.0994573,0.03,1,1804185,1803730,455
124820661,34.1354,40.3418,455,29757,0.0918915,0.03,1,1804218,1803763,455
124823581,34.8271,34.4684,457,29828,0.0743783,0.07,1,1804253,1803796,457
124826501,8.56542,34.8937,424,29899,0.0708757,0.01,1,1804255,1803831,424
124829421,18.5131,23.7787,424,29970,0.118175,0.05,1,1804276,1803852,424
124832341,58.1026,58.3557,425,30041,0.127635,0.09,1,1804344,1803919,425
124835261,58.8205,57.2712,427,30111,0.113527,0.07,1,1804403,1803976,427
124838181,53.3641,54.6542,425,30181,0.110705,0.09,1,1804455,1804030,425
124841101,53.0728,54.9308,423,30251,0.142141,0.05,1,1804508,1804085,423
124844021,66.6146,65.3862,425,30321,0.164428,0.11,1,1804578,1804153,425
124846941,40.5229,38.6772,427,30391,0.200886,0.09,1,1804612,1804185,427
124849861,33.7046,34.1354,426,30461,0.208177,0.07,1,1804644,1804218,426
124852781,35.5409,34.8271,427,30530,0.225635,0.07,1,1804680,1804253,427
124855701,8.70818,8.56542,427,30599,0.229127,0.13,1,1804682,1804255,427
124858621,17.7416,18.5131,426,30668,0.277825,0.13,1,1804702,1804276,426
124861541,59.5483,58.1026,428,30737,0.319565,0.11,1,1804772,1804344,428
124864461,58.3097,58.8205,427,30806,0.327913,0.11,1,1804830,1804403,427
124867381,53.2619,53.3641,427,30875,0.361583,0.15,1,1804882,1804455,427
124870301,53.8524,53.0728,428,30944,0.368317,0.17,1,1804936,1804508,428
124873221,67.5705,66.6146,429,31012,0.385663,0.21,1,1805007,1804578,429
124876141,41.5141,40.5229,430,31080,0.373133,0.21,1,1805042,1804612,430
124879061,33.9028,33.7046,430,31148,0.434627,0.23,1,1805074,1804644,430
124881981,37.9806,35.5409,433,31216,0.446925,0.23,1,1805113,1804680,433
124884901,9.19611,8.70818,433,31284,0.417385,0.23,1,1805115,1804682,433
124887821,17.8392,1.74164,453,31352,0.427477,0.29,1,1805135,1804682,453
124890741,61.9678,16.3483,506,31419,0.445495,0.33,1,1805208,1804702,506
124893661,59.5936,59.2697,495,31486,0.497099,0.33,1,1805267,1804772,495
124896581,55.1187,58.2539,491,31553,0.50742,0.37,1,1805321,1804830,491
124899501,54.2237,53.2508,493,31620,0.525484,0.37,1,1805375,1804882,493
124902421,68.4448,53.8502,511,31687,0.545097,0.39,1,1805447,1804936,511
124905341,40.8889,67.57,474,31754,0.549019,0.37,1,1805481,1805007,474
124908261,36.1778,41.514,474,31821,0.501804,0.45,1,1805516,1805042,474
124911181,38.4356,33.9028,481,31887,0.524361,0.45,1,1805555,1805074,481
124914101,9.28711,37.9806,444,31953,0.528872,0.41,1,1805557,1805113,444
124917021,17.8574,9.19611,462,32019,0.529774,0.43,1,1805577,1805115,462
124919941,63.5715,17.8392,517,32085,0.545955,0.45,1,1805652,1805135,517
124922861,61.5143,61.9678,505,32151,0.629191,0.51,1,1805713,1805208,505
124925781,55.5029,59.5936,500,32217,0.661838,0.51,1,1805767,1805267,500
124928701,55.9006,55.1187,502,32283,0.732368,0.53,1,1805823,1805321,502
124931621,68.7801,54.2237,520,32349,0.714473,0.55,1,1805895,1805375,520
124934541,40.956,68.4448,482,32414,0.710895,0.55,1,1805929,1805447,482
124937461,36.1912,40.8889,483,32479,0.694179,0.49,1,1805964,1805481,483
124940381,37.6382,36.1778,486,32544,0.690836,0.53,1,1806002,1805516,486
124943301,9.12765,38.4356,449,32609,0.706167,0.53,1,1806004,1805555,449
124946221,17.8255,9.28711,467,32674,0.725233,0.53,1,1806024,1805557,467
124949141,65.1651,17.8574,524,32739,0.793047,0.55,2,1806101,1805577,524
124952061,14.633,63.5715,451,32804,0.806609,0.65,2,1806103,1805652,451
124954981,54.1266,61.5143,454,32868,0.809322,0.67,2,1806167,1805713,454
124957901,54.8253,55.5029,455,32932,0.841864,0.75,2,1806222,1805767,455
124960821,57.3651,55.9006,457,32996,0.912373,0.71,2,1806280,1805823,457
124963741,69.073,68.7801,457,33060,0.926475,0.71,2,1806352,1805895,457
125115581,31,30,486,36237,0.83,1,2,1808509,1808023,486
125118501,33.4,34,485,36295,0.766,1,2,1808543,1808058,485
125121421,46.68,50.8,480,36353,0.6572,1,1,1808593,1808113,480
125124341,38.936,38.96,481,36411,0.65144,1,1,1808630,1808149,481
125127261,38.9872,32.592,489,36469,0.666288,1,1,1808669,1808180,489
125130181,60.5974,64.1184,483,36527,0.685258,1,1,1808735,1808252,483
125133101,37.7195,42.4237,478,36585,0.721052,1,1,1808767,1808289,478
125136021,29.1439,34.8847,472,36643,0.74421,1,1,1808794,1808322,472
125138941,40.2288,42.9769,470,36701,0.764842,0.99,2,1808837,1808367,470
125141861,35.2458,36.5954,469,36759,0.768968,0.89,2,1808871,1808402,469
125144781,25.4492,26.5191,468,36816,0.753794,0.89,2,1808894,1808426,468
125147701,42.6898,46.9038,463,36873,0.798759,0.83,2,1808941,1808478,463
125150621,31.738,34.1808,461,36930,0.759752,0.75,2,1808970,1808509,461
125153541,31.9476,34.0362,459,36987,0.78395,0.63,2,1809002,1808543,459
125156461,43.1895,46.8072,455,37044,0.80479,0.65,2,1809048,1808593,455
125159381,39.0379,38.9614,456,37101,0.856958,0.67,2,1809086,1808630,456
125162301,37.4076,38.9923,454,37158,0.867392,0.67,2,1809123,1808669,454
125165221,57.8815,7.79846,517,37215,0.853478,0.69,2,1809186,1808669,517
125168141,41.9763,54.3597,489,37272,0.866696,0.73,2,1809224,1808735,489
125171061,31.5953,36.4719,486,37329,0.901339,0.75,2,1809253,1808767,486
125173981,40.7191,28.8944,502,37386,0.924268,0.77,2,1809296,1808794,502
125185661,28,47,487,37611,0.95,0.75,2,1809428,1808941,487
125188581,32.8,32.6,492,37667,0.95,0.79,2,1809462,1808970,492
125200261,64,37,526,37891,0.95,0.85,2,1809649,1809123,526
125371081,106,86,522,18482,0.01,1,1,1811952,1811430,522
125374001,118,87.6,555,18597,0.01,0.63,1,1812073,1811518,555
125376921,70,124.72,479,18711,0.042,0.25,1,1812131,1811652,479
125379841,62,97.744,448,18824,0.0804,0.15,1,1812191,1811743,448
125382761,34.8,47.5488,441,18937,0.02408,0.05,1,1812219,1811778,441
125385681,46.16,63.9098,422,19049,0.012816,0.01,1,1812268,1811846,422
125388601,94.032,97.582,422,19160,0.0425632,0.01,1,1812374,1811952,422
125391521,117.206,116.316,424,19271,0.0645126,0.05,1,1812497,1812073,424
125394441,68.2413,69.6633,422,19381,0.132903,0.09,1,1812553,1812131,422
125397361,64.8483,61.9327,426,19490,0.146581,0.01,1,1812617,1812191,426
125400281,34.5697,34.7865,425,19599,0.117316,0.01,1,1812644,1812219,425
125403201,42.9139,6.95731,470,19707,0.111463,0.01,1,1812689,1812219,470
125406121,94.9828,40.5915,529,19815,0.0462926,0.05,1,1812797,1812268,529
125409041,116.597,92.9183,545,19922,0.0492585,0.07,1,1812919,1812374,545
125411961,69.7193,116.984,480,20028,0.129852,0.15,1,1812977,1812497,480
125414881,67.5439,68.1967,491,20134,0.16197,0.15,1,1813044,1812553,491
125417801,34.3088,64.8393,453,20239,0.136394,0.11,1,1813070,1812617,453
125420721,44.4618,34.5679,473,20344,0.131279,0.11,1,1813117,1812644,473
125423641,90.4923,42.9136,530,20448,0.114256,0.03,1,1813219,1812689,530
125426561,116.498,94.9827,545,20552,0.0948512,0.05,1,1813342,1812797,545
125429481,73.6997,116.597,486,20655,0.0909702,0.15,1,1813405,1812919,486
125432401,67.5399,69.7193,494,20758,0.122194,0.17,1,1813471,1812977,494
125435321,34.308,67.5439,453,20860,0.144439,0.13,1,1813497,1813044,453
125438241,44.4616,34.3088,474,20962,0.164888,0.13,1,1813544,1813070,474
125441161,10.4923,44.4618,429,21063,0.168978,0.11,1,1813546,1813117,429
125444081,82.0985,90.4923,427,21164,0.281796,0.09,1,1813646,1813219,427
125447001,114.02,116.498,426,21264,0.336359,0.09,1,1813768,1813342,426
125449921,73.2039,73.6997,426,21364,0.299272,0.13,1,1813831,1813405,426
125452841,69.8408,67.5399,429,21463,0.307854,0.15,1,1813900,1813471,429
125455761,34.7682,34.308,429,21562,0.277571,0.17,1,1813926,1813497,429
125458681,45.3536,44.4616,430,21660,0.319514,0.17,1,1813974,1813544,430
125461601,10.6707,10.4923,430,21758,0.327903,0.31,1,1813976,1813546,430
125464521,86.1341,82.0985,435,21855,0.361581,0.35,1,1814081,1813646,435
125467441,116.427,114.02,437,21952,0.432316,0.29,1,1814205,1813768,437
125470361,72.8854,73.2039,436,22049,0.462463,0.31,1,1814267,1813831,436
125473281,68.9771,69.8408,435,22145,0.468493,0.27,1,1814335,1813900,435
125476201,35.3954,34.7682,436,22241,0.453699,0.33,1,1814362,1813926,436
125479121,47.0791,45.3536,438,22336,0.51474,0.33,1,1814412,1813974,438
125482041,11.0158,10.6707,438,22431,0.526948,0.37,1,1814414,1813976,438
125484961,87.8032,86.1341,440,22526,0.59339,0.37,1,1814521,1814081,440
125487881,117.561,17.2268,565,22620,0.622678,0.45,1,1814646,1814081,565
125490801,73.9121,102.645,504,22714,0.644536,0.47,1,1814709,1814205,504
125493721,69.1824,70.1291,510,22807,0.664907,0.47,1,1814777,1814267,510
125496641,36.2365,68.4258,470,22900,0.668981,0.45,1,1814805,1814335,470
125499561,48.8473,35.2852,495,22993,0.701796,0.53,1,1814857,1814362,495
125502481,11.3695,47.057,447,23085,0.708359,0.53,1,1814859,1814412,447
125505401,92.6739,11.0114,558,23177,0.773672,0.61,2,1814972,1814414,558
125508321,119.335,87.8023,577,23268,0.802734,0.63,2,1815098,1814521,577
125511241,75.067,117.56,516,23359,0.824547,0.65,2,1815162,1814646,516
125514161,70.2134,73.9121,522,23450,0.860909,0.67,2,1815231,1814709,522
125517081,37.2427,69.1824,483,23540,0.884182,0.67,2,1815260,1814777,483
125520001,49.8485,36.2365,508,23630,0.888836,0.71,2,1815313,1814805,508
125522921,11.5697,48.8473,458,23720,0.889767,0.71,2,1815315,1814857,458
125736081,36,43,514,29534,0.65,1,1,1819524,1819010,514
125739001,39.2,46.2,507,29606,0.57,1,1,1819564,1819057,507
125741921,44.64,38.04,517,29677,0.618,1,1,1819610,1819093,517
125744841,26.528,32.408,508,29748,0.5956,1,1,1819632,1819124,508
125747761,30.1056,34.4816,504,29819,0.51112,1,1,1819663,1819159,504
125750681,32.4211,34.8963,502,29890,0.526224,1,1,1819696,1819194,502
125753601,44.8842,64.5793,478,29961,0.385245,0.91,1,1819744,1819266,478
125756521,99.3768,114.516,464,30032,0.261049,0.83,1,1819857,1819393,464
125759441,53.4754,56.5032,464,30102,0.25221,0.85,1,1819899,1819435,464
125762361,49.8951,53.7006,460,30172,0.202442,0.65,1,1819948,1819488,460
125765281,39.579,39.5401,461,30242,0.192488,0.55,1,1819985,1819524,461
125768201,34.3158,39.908,454,30312,0.142498,0.63,1,1820018,1819564,454
125771121,37.2632,44.7816,446,30382,0.1325,0.59,1,1820056,1819610,446
125774041,24.2526,26.5563,445,30452,0.1785,0.49,1,1820077,1819632,445
125776961,27.2505,30.1113,442,30521,0.1717,0.53,1,1820105,1819663,442
125779881,30.2501,32.4223,440,30590,0.13834,0.35,1,1820136,1819696,440
125782801,42.85,44.8845,438,30659,0.163668,0.23,1,1820182,1819744,438
125785721,93.37,99.3769,431,30728,0.200734,0.25,1,1820288,1819857,431
125788641,53.074,53.4754,432,30797,0.192147,0.19,1,1820331,1819899,432
125791561,49.0148,49.8951,431,30866,0.206429,0.19,1,1820379,1819948,431
125794481,37.803,39.579,429,30935,0.273286,0.13,1,1820414,1819985,429
125797401,32.3606,34.3158,427,31003,0.302657,0.13,1,1820445,1820018,427
125800321,38.4721,37.2632,429,31071,0.324531,0.19,1,1820485,1820056,429
125803241,24.4944,24.2526,429,31139,0.296906,0.17,1,1820506,1820077,429
125806161,25.6989,27.2505,427,31207,0.355381,0.13,1,1820532,1820105,427
125809081,29.9398,30.2501,427,31275,0.399076,0.17,1,1820563,1820136,427
125812001,45.188,42.85,430,31343,0.391815,0.17,1,1820612,1820182,430
125814921,94.6376,8.57,537,31411,0.358363,0.21,1,1820719,1820182,537
125817841,52.5275,86.514,473,31478,0.367673,0.19,1,1820761,1820288,473
125820761,49.7055,51.7028,479,31545,0.385535,0.21,1,1820810,1820331,479
125823681,39.5411,48.7406,468,31612,0.421107,0.29,1,1820847,1820379,468
125826601,34.3082,37.7481,466,31679,0.444221,0.31,1,1820880,1820414,466
125829521,38.8616,32.3496,475,31746,0.496844,0.33,1,1820920,1820445,475
125832441,26.1723,38.4699,458,31813,0.523369,0.29,1,1820943,1820485,458
125835361,28.4345,24.494,466,31880,0.480674,0.37,1,1820972,1820506,466
125838281,29.6869,25.6988,470,31946,0.504135,0.41,1,1821002,1820532,470
125841201,44.3374,29.9398,487,32012,0.572827,0.39,1,1821050,1820563,487
125844121,94.4675,45.188,545,32078,0.634565,0.35,1,1821157,1820612,545
125847041,53.2935,94.6376,481,32144,0.678913,0.37,1,1821200,1820719,481
125849961,50.6587,52.5275,489,32210,0.687783,0.39,1,1821250,1820761,489
125852881,41.3317,49.7055,479,32276,0.689556,0.43,1,1821289,1820810,479
125855801,37.0663,39.5411,478,32342,0.689911,0.45,1,1821325,1820847,478
125858721,40.2133,34.3082,486,32407,0.753982,0.51,2,1821366,1820880,486
125861641,25.6427,38.8616,468,32472,0.782797,0.53,2,1821388,1820920,468
125864561,29.1285,26.1723,475,32537,0.804559,0.47,2,1821418,1820943,475
125867481,30.6257,28.4345,477,32602,0.808912,0.51,2,1821449,1820972,477
125870401,46.9251,29.6869,498,32667,0.889782,0.59,2,1821500,1821002,498
126039761,38,32,484,36231,0.83,1,2,1824004,1823520,484
126042681,42.8,32,496,36289,0.718,1,1,1824048,1823552,496
126045601,39.76,36.8,497,36347,0.5996,1,1,1824087,1823590,497
126048521,28.752,35.36,488,36405,0.52792,1,1,1824113,1823625,488
126051441,38.5504,35.072,494,36463,0.385584,1,1,1824154,1823660,494
126054361,31.7101,27.8144,498,36521,0.373117,1,1,1824184,1823686,498
126057281,31.942,40.7629,486,36579,0.274623,1,1,1824216,1823730,486
126060201,31.9884,33.7526,486,36637,0.142925,0.95,1,1824248,1823762,486
126063121,35.1977,33.9505,488,36695,0.0845849,1,1,1824284,1823796,488
126066041,27.8395,32.3901,482,36753,0.016917,0.92,1,1824310,1823828,482
126068961,30.3679,36.878,475,36810,0.0113834,0.93,1,1824341,1823866,475
126071881,80.4736,87.3756,468,36867,0.122277,0.83,1,1824434,1823966,468
126074801,41.6947,47.8751,462,36924,0.0964553,0.69,1,1824466,1824004,462
126077721,36.3389,44.775,453,36981,0.0912911,0.57,1,1824501,1824048,453
126080641,35.2678,40.155,449,37038,0.138258,0.51,1,1824536,1824087,449
126083561,26.2536,28.831,447,37095,0.147652,0.35,1,1824560,1824113,447
126086481,34.8507,38.5662,443,37152,0.14953,0.35,1,1824597,1824154,443
126089401,27.7701,7.71324,469,37209,0.149906,0.37,1,1824623,1824154,469
126092321,27.154,25.5426,466,37266,0.101981,0.25,1,1824650,1824184,466
126095241,25.4308,30.7085,459,37323,0.156396,0.11,1,1824675,1824216,459
126098161,29.0862,31.7417,457,37380,0.151279,0.07,1,1824705,1824248,457
126101081,27.4172,35.1483,448,37437,0.134256,0,1,1824732,1824284,448
126104001,29.4834,27.8297,452,37493,0.0828512,0.01,1,1824762,1824310,452
126106921,83.4967,30.3659,518,37549,0.12057,0.15,1,1824859,1824341,518
126109841,43.0993,80.4732,458,37605,0.176114,0.09,1,1824892,1824434,458
126112761,36.6199,41.6946,461,37661,0.171223,0.09,1,1824927,1824466,461
126115681,35.324,36.3389,461,37717,0.186245,0.15,1,1824962,1824501,461
126118601,27.0648,35.2678,451,37773,0.173249,0.15,1,1824987,1824536,451
126121521,35.813,26.2536,465,37829,0.20265,0.15,1,1825025,1824560,465
126124441,26.3626,34.8507,452,37885,0.20853,0.15,1,1825049,1824597,452
126127361,26.0725,27.7701,452,37941,0.209706,0.09,1,1825075,1824623,452
126130281,29.2145,27.154,455,37997,0.273941,0.17,1,1825105,1824650,455
126133201,26.6429,25.4308,456,38053,0.286788,0.15,1,1825131,1824675,456
126136121,27.7286,29.0862,454,38109,0.289358,0.13,1,1825159,1824705,454
126139041,25.5457,27.4172,452,38164,0.289872,0.07,1,1825184,1824732,452
126141961,87.5091,29.4834,525,38219,0.193974,0.13,1,1825287,1824762,525
126144881,43.9018,83.4967,461,38274,0.206795,0.19,1,1825320,1824859,461
126147801,37.5804,43.0993,464,38329,0.209359,0.17,1,1825356,1824892,464
126150721,36.3161,36.6199,465,38384,0.273872,0.19,1,1825392,1824927,465
126153641,28.0632,35.324,456,38439,0.302774,0.17,1,1825418,1824962,456
126156561,36.0126,27.0648,469,38494,0.324555,0.21,1,1825456,1824987,469
126159481,26.4025,35.813,455,38549,0.328911,0.21,1,1825480,1825025,455
126162401,26.0805,26.3626,457,38604,0.329782,0.21,1,1825506,1825049,457
126165321,6.8161,26.0725,433,38659,0.329956,0.29,1,1825508,1825075,433
126168241,27.7632,29.2145,436,38714,0.345991,0.29,1,1825541,1825105,436
126171161,26.3526,26.6429,436,38769,0.381198,0.29,1,1825567,1825131,436
126174081,28.4705,27.7286,437,38823,0.40424,0.29,1,1825596,1825159,437
126177001,24.8941,25.5457,436,38877,0.408848,0.17,1,1825620,1825184,436
126179921,83.3788,87.5091,431,38931,0.39377,0.21,1,1825718,1825287,431
126182841,43.8758,43.9018,432,38985,0.358754,0.21,1,1825752,1825320,432
126185761,38.3752,37.5804,433,39039,0.383751,0.29,1,1825789,1825356,433
126188681,38.875,36.3161,436,39093,0.42075,0.31,1,1825828,1825392,436
126191601,29.375,28.0632,437,39147,0.44415,0.33,1,1825855,1825418,437
126194521,37.075,36.0126,438,39201,0.40083,0.33,1,1825894,1825456,438
126197441,26.615,26.4025,438,39255,0.424166,0.33,1,1825918,1825480,438
126200361,26.123,26.0805,438,39309,0.428833,0.33,1,1825944,1825506,438
126203281,6.8246,6.8161,438,39363,0.429767,0.35,1,1825946,1825508,438
126206201,29.3649,27.7632,440,39417,0.413953,0.39,1,1825981,1825541,440
126209121,27.473,26.3526,441,39471,0.426791,0.41,1,1826008,1825567,441
126212041,29.4946,28.4705,442,39525,0.429358,0.41,1,1826038,1825596,442
126214961,25.0989,24.8941,442,39578,0.445872,0.39,1,1826062,1825620,442
126217881,82.6198,83.3788,441,39631,0.433174,0.35,1,1826159,1825718,441
126220801,42.124,43.8758,439,39684,0.446635,0.39,1,1826191,1825752,439
126223721,39.6248,38.3752,441,39737,0.481327,0.43,1,1826230,1825789,441
126226641,40.725,38.875,443,39790,0.552265,0.45,1,1826271,1825828,443
126229561,28.945,29.375,442,39843,0.582453,0.39,1,1826297,1825855,442
126232481,36.189,37.075,441,39896,0.604491,0.43,1,1826335,1825894,441
126235401,26.4378,26.615,441,39949,0.688898,0.43,1,1826359,1825918,441
126238321,26.0876,26.123,441,40002,0.72178,0.43,1,1826385,1825944,441
126241241,6.81751,6.8246,441,40055,0.696356,0.41,1,1826387,1825946,441
126244161,28.5635,29.3649,440,40108,0.723271,0.41,1,1826421,1825981,440
126247081,27.3127,5.87298,467,40161,0.680654,0.43,1,1826448,1825981,467
126250001,30.2625,22.7746,471,40214,0.704131,0.43,1,1826479,1826008,471
126252921,25.2525,28.5549,465,40267,0.676826,0.45,1,1826503,1826038,465
126255841,83.4505,24.911,539,40319,0.703365,0.43,1,1826601,1826062,539
126258761,43.0901,82.5822,475,40371,0.740673,0.45,1,1826634,1826159,475
126261681,41.418,42.1164,484,40423,0.764135,0.49,2,1826675,1826191,484
126264601,45.0836,39.6233,491,40475,0.832827,0.57,2,1826721,1826230,491
126267521,29.8167,40.7247,476,40527,0.814565,0.59,2,1826747,1826271,476
126270441,39.5633,28.9449,492,40579,0.826913,0.61,2,1826789,1826297,492
126273361,27.1127,36.189,478,40631,0.813383,0.71,2,1826813,1826335,478
126276281,27.0225,26.4378,481,40683,0.826677,0.73,2,1826840,1826359,481
126279201,7.00451,26.0876,457,40735,0.829335,0.69,2,1826842,1826385,457
126282121,28.6009,6.81751,489,40787,0.829867,0.73,2,1826876,1826387,489
126285041,26.5202,28.5635,481,40839,0.829973,0.67,2,1826902,1826421,481
126287961,30.104,27.3127,485,40891,0.861995,0.71,2,1826933,1826448,485
126290881,25.2208,30.2625,478,40943,0.868399,0.67,2,1826957,1826479,478
126293801,85.0442,25.2525,554,40995,0.93368,0.71,2,1827057,1826503,554
126296721,45.0088,83.4505,491,41046,0.930736,0.75,2,1827092,1826601,491
126471921,31,32,505,44023,0.74,1,1,1829145,1828640,505
126474841,32.6,32,506,44071,0.812,1,2,1829178,1828672,506
126477761,31.32,36,500,44119,0.7144,1,1,1829209,1828709,500
126480681,35.864,31.2,507,44167,0.63088,1,1,1829246,1828739,507
126483601,33.5728,35.04,504,44215,0.646176,1,1,1829279,1828775,504
126486521,25.1146,29.408,499,44263,0.601235,1,1,1829302,1828803,499
126489441,33.0229,19.4816,517,44311,0.528247,1,1,1829337,1828820,517
126492361,25.0046,31.8963,505,44359,0.577649,1,1,1829360,1828855,505
126495281,30.6009,31.9793,505,44407,0.55553,0.97,1,1829392,1828887,505
126498201,37.3202,30.3959,514,44455,0.471106,0.97,1,1829431,1828917,514
126501121,14.664,40.4792,480,44502,0.438221,1,1,1829440,1828960,480
126504041,22.9328,32.0958,475,44549,0.431644,1,1,1829465,1828990,475
126506961,30.9866,36.0192,471,44596,0.382329,0.95,1,1829498,1829027,471
126509881,42.1973,44.0038,470,44643,0.340466,0.81,1,1829543,1829073,470
126512801,38.8395,41.6008,467,44690,0.284093,0.74,1,1829581,1829114,467
126515721,29.3679,33.1202,463,44737,0.288819,0.83,1,1829608,1829145,463
126518641,28.2736,33.024,458,44784,0.257764,0.69,1,1829636,1829178,458
126521561,27.2547,31.4048,454,44831,0.251553,0.61,1,1829663,1829209,454
126524481,39.0509,35.881,459,44878,0.186311,0.65,1,1829705,1829246,459
126527401,27.8102,33.5762,451,44925,0.173262,0.59,1,1829730,1829279,451
126530321,27.962,25.1152,456,44972,0.138652,0.51,1,1829758,1829302,456
126533241,31.1924,33.023,453,45019,0.14773,0.59,1,1829790,1829337,453
126536161,19.8385,25.0046,447,45066,0.165546,0.55,1,1829807,1829360,447
126539081,29.5677,30.6009,447,45113,0.185109,0.45,1,1829839,1829392,447
126542001,34.7135,37.3202,444,45160,0.205022,0.43,1,1829875,1829431,444
126544921,12.5427,14.664,442,45207,0.257004,0.43,1,1829882,1829440,442
126547841,20.9085,22.9328,440,45254,0.251401,0.37,1,1829905,1829465,440
126550761,28.9817,30.9866,438,45301,0.25028,0.33,1,1829936,1829498,438
126553681,40.1963,42.1973,436,45348,0.218056,0.27,1,1829979,1829543,436
126556601,38.4393,38.8395,436,45395,0.211611,0.29,1,1830017,1829581,436
126559521,27.6879,29.3679,434,45441,0.162322,0.25,1,1830042,1829608,434
126562441,27.1376,28.2736,433,45487,0.200464,0.25,1,1830069,1829636,433
126565361,26.2275,27.2547,432,45533,0.176093,0.17,1,1830095,1829663,432
126568281,35.6455,39.0509,428,45579,0.203219,0.17,1,1830133,1829705,428
126571201,27.1291,27.8102,428,45625,0.240644,0.13,1,1830158,1829730,428
126574121,27.0258,27.962,427,45671,0.216129,0.15,1,1830185,1829758,427
126577041,32.6052,31.1924,429,45717,0.227226,0.17,1,1830219,1829790,429
126579961,20.921,19.8385,430,45763,0.229445,0.19,1,1830237,1829807,430
126582881,28.9842,29.5677,429,45809,0.261889,0.21,1,1830268,1829839,429
126585801,38.5968,34.7135,434,45855,0.316378,0.27,1,1830309,1829875,434
126588721,12.5194,12.5427,433,45901,0.359276,0.25,1,1830315,1829882,433
126591641,18.5039,20.9085,430,45947,0.351855,0.25,1,1830335,1829905,430
126594561,30.9008,4.18171,464,45993,0.366371,0.25,1,1830369,1829905,464
126597481,38.9802,25.6363,474,46039,0.369274,0.21,1,1830410,1829936,474
126600401,36.596,39.5273,467,46085,0.369855,0.21,1,1830446,1829979,467
126603321,26.5192,38.3055,453,46131,0.385971,0.15,1,1830470,1830017,453
126606241,29.3038,27.6611,458,46177,0.389194,0.21,1,1830500,1830042,458
126609161,25.0608,27.1322,455,46223,0.421839,0.17,1,1830524,1830069,455
126612081,37.0122,26.2264,469,46269,0.460368,0.21,1,1830564,1830095,469
126615001,26.6024,35.6453,455,46315,0.468074,0.25,1,1830588,1830133,455
126617921,28.5205,27.1291,459,46361,0.517615,0.21,1,1830617,1830158,459
126620841,32.9041,27.0258,466,46406,0.543523,0.23,1,1830651,1830185,466
126623761,20.9808,32.6052,450,46451,0.548705,0.23,1,1830669,1830219,450
126626681,31.3962,20.921,466,46496,0.533741,0.27,1,1830703,1830237,466
126629601,40.6792,28.9842,478,46541,0.546748,0.33,1,1830746,1830268,478
126632521,12.9358,38.5968,443,46586,0.54935,0.37,1,1830752,1830309,443
126635441,19.3872,12.5194,458,46631,0.56587,0.35,1,1830773,1830315,458
126638361,31.8774,18.5039,473,46676,0.585174,0.37,1,1830808,1830335,473
126641281,39.1755,30.9008,480,46721,0.589035,0.37,1,1830849,1830369,480
126644201,36.6351,38.9802,475,46766,0.589807,0.37,1,1830885,1830410,475
126647121,27.327,36.596,464,46811,0.605961,0.39,1,1830910,1830446,464
126650041,29.4654,26.5192,470,46856,0.609192,0.39,1,1830940,1830470,470
126652961,27.4931,29.3038,467,46901,0.625838,0.43,1,1830967,1830500,467
126655881,38.2986,25.0608,484,46946,0.661168,0.47,1,1831008,1830524,484
126658801,28.4597,37.0122,470,46991,0.668234,0.47,1,1831034,1830564,470
126661721,29.6919,26.6024,476,47036,0.669647,0.53,1,1831064,1830588,476
126664641,33.9384,28.5205,482,47081,0.669929,0.55,1,1831099,1830617,482
126667561,21.9877,32.9041,467,47126,0.701986,0.55,1,1831118,1830651,467
126670481,29.9975,20.9808,481,47171,0.708397,0.53,1,1831150,1830669,481
126673401,41.1995,31.3962,491,47216,0.693679,0.55,1,1831194,1830703,491
126676321,13.0399,40.6792,454,47261,0.690736,0.55,1,1831200,1830746,454
126679241,20.208,12.9358,470,47306,0.706147,0.57,1,1831222,1830752,470
126682161,32.8416,19.3872,485,47351,0.741229,0.59,1,1831258,1830773,485
126685081,8.16832,31.8774,452,47396,0.748246,0.59,1,1831260,1830808,452
126688001,33.6337,39.1755,451,47440,0.781649,0.59,2,1831300,1830849,451
126690921,35.5267,36.6351,451,47484,0.80433,0.61,2,1831336,1830885,451
126693841,27.9053,27.327,452,47528,0.808866,0.61,2,1831362,1830910,452
126696761,29.5811,29.4654,452,47572,0.841773,0.63,2,1831392,1830940,452
126699681,29.1162,27.4931,454,47616,0.864355,0.67,2,1831421,1830967,454
126702601,39.4232,38.2986,455,47660,0.900871,0.67,2,1831463,1831008,455
126705521,28.6846,28.4597,455,47704,0.924174,0.67,2,1831489,1831034,455
126708441,30.5369,29.6919,456,47748,0.944835,0.67,2,1831520,1831064,456
126711361,33.3074,33.9384,455,47792,0.948967,0.71,2,1831554,1831099,455
126714281,23.4615,21.9877,457,47836,0.933793,0.71,2,1831575,1831118,457
126717201,30.2923,29.9975,457,47880,0.930759,0.69,2,1831607,1831150,457
126720121,40.4585,41.1995,456,47924,0.930152,0.69,2,1831650,1831194,456
126723041,13.6917,13.0399,457,47968,0.93003,0.71,2,1831657,1831200,457
126946421,57,59,489,23541,0.03,0.37,1,1833987,1833498,489
126949341,53.8,72.6,466,23631,0.062,0.21,1,1834040,1833574,466
126952261,51.56,55.32,466,23721,0.0684,0.11,1,1834091,1833625,466
126955181,51.112,69.464,444,23810,0.06968,0.01,1,1834142,1833698,444
126958101,59.0224,61.8928,445,23899,0.013936,0.01,1,1834203,1833758,445
126961021,46.2045,53.1786,437,23988,0.0427872,0.05,1,1834246,1833809,437
126963941,22.8409,26.6357,434,24076,0.0485574,0.03,1,1834263,1833829,434
126966861,76.5682,86.1271,423,24164,0.0657115,0.03,1,1834353,1833930,423
126969781,60.9136,62.8254,423,24252,0.0691423,0.07,1,1834410,1833987,423
126972701,56.1827,54.9651,425,24339,0.0858285,0.07,1,1834465,1834040,425
126975621,51.2365,51.793,424,24426,0.0731657,0.07,1,1834515,1834091,424
126978541,52.6473,51.1586,426,24513,0.102633,0,1,1834568,1834142,426
126981461,56.9295,59.0317,423,24599,0.108527,0.05,1,1834626,1834203,423
126984381,46.5859,46.2063,424,24685,0.125705,0.05,1,1834670,1834246,424
126987301,23.7172,22.8413,425,24771,0.0971411,0.07,1,1834688,1834263,425
126990221,75.1434,76.5683,423,24857,0.0914282,0.07,1,1834776,1834353,423
126993141,60.6287,60.9137,423,24942,0.122286,0.09,1,1834833,1834410,423
126996061,57.7257,56.1827,425,25027,0.176457,0.07,1,1834890,1834465,425
126998981,49.9451,51.2365,423,25112,0.187291,0.11,1,1834938,1834515,423
127001901,55.589,52.6473,427,25196,0.189458,0.11,1,1834995,1834568,427
127004821,55.9178,56.9295,425,25280,0.221892,0.13,1,1835051,1834626,425
127007741,47.1836,46.5859,426,25364,0.212378,0.09,1,1835096,1834670,426
127010661,23.8367,23.7172,426,25448,0.242476,0.09,1,1835114,1834688,426
127013581,74.3673,4.74344,513,25531,0.280495,0.09,1,1835201,1834688,513
127016501,62.0735,71.3487,484,25614,0.336099,0.13,1,1835260,1834776,484
127019421,60.4147,59.8697,487,25697,0.34722,0.19,1,1835320,1834833,487
127022341,50.4829,57.5739,478,25779,0.365444,0.19,1,1835368,1834890,478
127025261,55.6966,49.9148,487,25861,0.385089,0.19,1,1835425,1834938,487
127028181,55.9393,55.583,486,25943,0.421018,0.23,1,1835481,1834995,486
127031101,49.5879,55.9166,478,26025,0.396204,0.21,1,1835529,1835051,478
127034021,24.3176,47.1833,451,26106,0.407241,0.25,1,1835547,1835096,451
127036941,76.0635,23.8367,522,26187,0.441448,0.29,1,1835636,1835114,522
127039861,64.8127,74.3673,497,26268,0.44829,0.35,1,1835698,1835201,497
127042781,60.9625,62.0735,498,26349,0.481658,0.35,1,1835758,1835260,498
127045701,52.1925,60.4147,488,26429,0.488332,0.37,1,1835808,1835320,488
127048621,56.0385,50.4829,497,26509,0.457666,0.39,1,1835865,1835368,497
127051541,57.6077,55.6966,498,26589,0.467533,0.43,1,1835923,1835425,498
127054461,49.1215,55.9393,489,26669,0.485507,0.39,1,1835970,1835481,489
127057381,24.2243,49.5879,459,26748,0.489101,0.41,1,1835988,1835529,459
127060301,77.6449,24.3176,532,26827,0.58582,0.45,1,1836079,1835547,532
127063221,65.129,76.0635,505,26906,0.653164,0.45,1,1836141,1835636,505
127066141,14.6258,64.8127,445,26985,0.666633,0.49,1,1836143,1835698,445
127069061,51.7252,60.9625,446,27063,0.685327,0.49,1,1836204,1835758,446
127071981,48.745,52.1925,444,27141,0.705065,0.45,1,1836252,1835808,444
127074901,56.149,56.0385,445,27219,0.709013,0.47,1,1836310,1835865,445
127077821,57.6298,57.6077,445,27297,0.757803,0.49,2,1836368,1835923,445
127080741,49.926,49.1215,446,27375,0.783561,0.49,2,1836416,1835970,446
127083661,24.3852,24.2243,446,27452,0.820712,0.61,2,1836434,1835988,446
127086581,82.477,77.6449,452,27529,0.844142,0.67,2,1836531,1836079,452
127089501,68.4954,65.129,455,27606,0.848828,0.67,2,1836596,1836141,455
127092421,15.2991,14.6258,455,27683,0.881766,0.69,2,1836598,1836143,455
127095341,51.0598,51.7252,454,27760,0.920353,0.71,2,1836658,1836204,454
127098261,49.412,48.745,455,27836,0.912071,0.71,2,1836707,1836252,455
127101181,57.8824,56.149,457,27912,0.926414,0.77,2,1836767,1836310,457
127217981,40,41,485,30798,0.63,1,1,1838783,1838298,485
127220901,38.4,33,492,30867,0.518,1,1,1838821,1838329,492
127223821,77.28,86.6,479,30936,0.3516,1,1,1838908,1838429,479
127226741,69.856,64.52,488,31004,0.07832,1,1,1838976,1838488,488
127229661,35.5712,35.304,487,31072,0.015664,1,1,1839003,1838516,487
127232581,35.9142,39.8608,482,31140,0.0031328,1,1,1839039,1838557,482
127235501,49.5828,49.5722,483,31208,0.0566266,0.95,1,1839092,1838609,483
127238421,27.5166,37.9144,470,31276,0.0993253,0.95,1,1839114,1838644,470
127241341,25.5033,7.58289,495,31344,0.107865,0.87,1,1839139,1838644,495
127244261,50.7007,27.1166,520,31412,0.061573,0.67,1,1839196,1838676,520
127247181,39.7401,59.0233,490,31479,0.0683146,0.63,1,1839233,1838743,490
127250101,35.948,43.8047,485,31546,0.0536629,0.49,1,1839268,1838783,485
127253021,63.1896,39.1609,517,31613,0.0347326,0.31,1,1839338,1838821,517
127255941,60.6379,77.4322,490,31680,0.110947,0.01,1,1839398,1838908,490
127258861,33.7276,69.8864,449,31747,0.110189,0,1,1839425,1838976,449
127261781,34.7455,35.5773,457,31814,0.0460379,0,1,1839460,1839003,457
127264701,51.7491,35.9155,477,31881,0.0492076,0.07,1,1839516,1839039,477
127267621,28.7498,49.5831,447,31947,0.0818415,0.11,1,1839539,1839092,447
127270541,25.75,27.5166,450,32013,0.120368,0.11,1,1839564,1839114,450
127273461,48.35,25.5033,479,32079,0.0960737,0.05,1,1839618,1839139,479
127276381,41.67,50.7007,462,32145,0.139215,0.07,1,1839658,1839196,462
127279301,34.734,39.7401,458,32211,0.131843,0.05,1,1839691,1839233,458
127282221,64.5468,35.948,495,32277,0.146369,0.03,1,1839763,1839268,495
127285141,62.5094,63.1896,487,32343,0.117274,0.13,1,1839825,1839338,487
127288061,30.1019,60.6379,449,32408,0.111455,0.11,1,1839847,1839398,449
127290981,34.0204,33.7276,457,32473,0.062291,0.03,1,1839882,1839425,457
127293901,52.4041,34.7455,479,32538,0.0524582,0.05,1,1839939,1839460,479
127296821,30.4808,51.7491,448,32603,0.0824916,0.09,1,1839964,1839516,448
127299741,26.0962,28.7498,450,32668,0.120498,0.13,1,1839989,1839539,450
127302661,48.4192,25.75,479,32733,0.1601,0.09,1,1840043,1839564,479
127305581,11.2838,48.35,427,32798,0.16802,0.15,1,1840045,1839618,427
127308501,34.2568,41.67,427,32862,0.217604,0.13,1,1840085,1839658,427
127311421,34.0514,34.734,428,32926,0.211521,0.15,1,1840119,1839691,428
127314341,63.6103,64.5468,427,32990,0.242304,0.11,1,1840190,1839763,427
127317261,62.3221,62.5094,427,33054,0.312461,0.11,1,1840252,1839825,427
127320181,30.0644,30.1019,427,33118,0.326492,0.05,1,1840274,1839847,427
127323101,31.6129,34.0204,424,33182,0.361298,0.05,1,1840306,1839882,424
127326021,52.7226,52.4041,425,33246,0.25626,0.09,1,1840364,1839939,425
127328941,32.1445,30.4808,427,33310,0.219252,0.13,1,1840391,1839964,427
127331861,27.2289,26.0962,428,33373,0.21185,0.17,1,1840417,1839989,428
127334781,50.2458,48.4192,430,33436,0.24237,0.17,1,1840473,1840043,430
127337701,11.6492,11.2838,430,33499,0.280474,0.23,1,1840475,1840045,430
127340621,35.1298,34.2568,431,33562,0.256095,0.21,1,1840516,1840085,431
127343541,35.026,34.0514,432,33625,0.283219,0.25,1,1840551,1840119,432
127346461,66.2052,63.6103,435,33688,0.288644,0.33,1,1840625,1840190,435
127349381,64.441,62.3221,437,33751,0.337729,0.33,1,1840689,1840252,437
127352301,31.2882,30.0644,438,33814,0.331546,0.37,1,1840712,1840274,438
127355221,31.8576,31.6129,438,33877,0.330309,0.23,1,1840744,1840306,438
127358141,47.1715,52.7226,431,33939,0.346062,0.21,1,1840795,1840364,431
127361061,31.8343,32.1445,432,34001,0.349212,0.21,1,1840823,1840391,432
127363981,27.9669,27.2289,433,34063,0.413842,0.25,1,1840850,1840417,433
127366901,51.1934,50.2458,434,34125,0.458768,0.29,1,1840907,1840473,434
127369821,11.8387,11.6492,434,34187,0.467754,0.25,1,1840909,1840475,434
127372741,35.1677,35.1298,434,34249,0.437551,0.25,1,1840950,1840516,434
127375661,34.2335,7.02597,468,34311,0.44751,0.29,1,1840984,1840516,468
127378581,67.6467,29.4052,509,34373,0.465502,0.29,1,1841060,1840551,509
127381501,67.1293,65.081,502,34435,0.5011,0.35,1,1841127,1840625,502
127384421,31.0259,64.2162,460,34496,0.54022,0.33,1,1841149,1840689,460
127387341,31.8052,31.2432,469,34557,0.564044,0.33,1,1841181,1840712,469
127390261,47.961,31.8486,489,34618,0.584809,0.35,1,1841233,1840744,489
127393181,34.3922,47.1697,469,34679,0.588962,0.35,1,1841264,1840795,469
127396101,27.6784,31.8339,467,34740,0.589792,0.43,1,1841290,1840823,467
127399021,52.7357,27.9668,499,34801,0.589958,0.47,1,1841349,1840850,499
127401941,12.1471,51.1934,444,34862,0.589992,0.47,1,1841351,1840907,444
127404861,36.0294,11.8387,484,34923,0.621998,0.43,1,1841393,1840909,484
127407781,34.4059,35.1677,477,34984,0.6444,0.45,1,1841427,1840950,477
127410701,68.4812,34.2335,520,35044,0.66488,0.47,1,1841504,1840984,520
127413621,69.6962,67.6467,514,35104,0.684976,0.51,1,1841574,1841060,514
127416541,33.1392,67.1293,471,35164,0.688995,0.55,1,1841598,1841127,471
127419461,32.2278,31.0259,481,35224,0.673799,0.57,1,1841630,1841149,481
127422381,48.8456,31.8052,502,35284,0.65476,0.59,1,1841683,1841181,502
127425301,34.5691,47.961,481,35344,0.666952,0.59,1,1841714,1841233,481
127428221,27.7138,34.3922,476,35404,0.66939,0.59,1,1841740,1841264,476
127431141,52.7428,27.6784,509,35464,0.717878,0.59,1,1841799,1841290,509
127434061,12.1486,52.7357,452,35524,0.727576,0.59,1,1841801,1841349,452
127436981,37.6297,12.1471,494,35584,0.745515,0.63,1,1841845,1841351,494
127439901,36.3259,36.0294,488,35643,0.765103,0.65,2,1841881,1841393,488
127442821,8.86519,34.4059,456,35702,0.769021,0.67,2,1841883,1841427,456
127445741,63.373,68.4812,456,35761,0.817804,0.69,2,1841960,1841504,456
127448661,68.6746,69.6962,456,35820,0.891561,0.69,2,1842030,1841574,456
127451581,31.3349,33.1392,454,35879,0.874312,0.67,2,1842052,1841598,454
127454501,32.667,32.2278,455,35938,0.934862,0.65,2,1842085,1841630,455
127799061,516,574,470,18980,0.09,0.73,1,1846533,1846063,470
127801981,177.6,167.6,497,19092,0.058,0.47,1,1846626,1846129,497
127804901,85.12,110.32,463,19203,0.0996,0.21,1,1846688,1846225,463
127807821,87.424,73.264,487,19314,0.10792,0.13,1,1846776,1846289,487
127810741,79.0848,94.6528,464,19424,0.189584,0.01,1,1846853,1846389,464
127813661,55.817,92.5306,422,19533,0.237917,0.03,1,1846903,1846481,422
127816581,32.7634,32.9061,431,19642,0.135583,0.09,1,1846930,1846499,431
127819501,101.753,33.7812,516,19750,0.211117,0.05,1,1847049,1846533,516
127822421,72.3505,81.1562,488,19857,0.290223,0.11,1,1847114,1846626,488
127825341,86.4701,65.8313,516,19964,0.306045,0.11,1,1847204,1846688,516
127828261,81.294,83.5663,508,20070,0.325209,0.21,1,1847284,1846776,508
127831181,54.6588,78.3133,479,20176,0.329042,0.25,1,1847332,1846853,479
127834101,31.7318,55.6626,455,20281,0.329808,0.11,1,1847358,1846903,455
127837021,105.546,32.7325,552,20386,0.345962,0.23,1,1847482,1846930,552
127839941,75.5093,101.747,501,20490,0.333192,0.31,1,1847550,1847049,501
127842861,87.9019,72.3493,527,20594,0.346638,0.31,1,1847641,1847114,527
127845781,81.5804,86.4699,517,20697,0.333328,0.33,1,1847721,1847204,517
127848701,54.7161,81.294,485,20799,0.330665,0.33,1,1847769,1847284,485
127851621,31.7432,54.6588,463,20901,0.330133,0.33,1,1847795,1847332,463
127854541,106.349,31.7318,562,21002,0.410027,0.35,1,1847920,1847358,562
127857461,22.8697,105.546,440,21103,0.426005,0.33,1,1847922,1847482,440
127860381,58.1739,75.5093,439,21204,0.493201,0.35,1,1847989,1847550,439
127863301,84.4348,87.9019,439,21304,0.58664,0.33,1,1848080,1847641,439
127866221,80.087,81.5804,438,21404,0.605328,0.33,1,1848159,1847721,438
127869141,54.4174,54.7161,438,21503,0.657066,0.33,1,1848207,1847769,438
127872061,32.4835,31.7432,439,21602,0.651413,0.43,1,1848234,1847795,439
127874981,110.497,106.349,444,21700,0.698283,0.43,1,1848364,1847920,444
127877901,23.6993,22.8697,444,21798,0.723657,0.51,1,1848366,1847922,444
127880821,61.5399,58.1739,448,21895,0.776731,0.61,2,1848437,1847989,448
127883741,86.708,84.4348,450,21992,0.867346,0.61,2,1848530,1848080,450
127886661,82.1416,80.087,452,22088,0.869469,0.67,2,1848611,1848159,452
127889581,55.6283,54.4174,453,22184,0.901894,0.65,2,1848660,1848207,453
127892501,33.5257,32.4835,454,22280,0.908379,0.71,2,1848688,1848234,454
128003461,33,45,520,25648,0.47,1,1,1851073,1850553,520
128006381,101.8,46.6,592,25731,0.246,1,1,1851192,1850600,592
128009301,61.16,113.32,513,25813,0.1052,1,1,1851243,1850730,513
128012221,39.432,51.464,511,25895,0.04504,1,1,1851277,1850766,511
128015141,88.6864,40.6928,574,25977,0.049008,0.9,1,1851378,1850804,574
128018061,38.5373,88.1386,500,26059,0.0658016,0.93,1,1851404,1850904,500
128020981,39.7075,42.4277,509,26140,0.0531603,0.87,1,1851444,1850935,509
128023901,43.9415,50.8855,501,26221,0.0106321,0.57,1,1851489,1850988,501
128026821,33.5883,51.7771,480,26302,0.0741264,0.47,1,1851520,1851040,480
128029741,85.1177,36.7554,545,26383,0.0708253,0.19,1,1851618,1851073,545
128032661,55.4235,102.551,474,26463,0.0541651,0.07,1,1851666,1851192,474
128035581,43.8847,61.3102,464,26543,0.050833,0.03,1,1851707,1851243,464
128038501,82.3769,39.462,522,26623,0.0501666,0.05,1,1851799,1851277,522
128041421,38.8754,88.6924,449,26703,0.0180333,0.07,1,1851827,1851378,449
128044341,39.7751,38.5385,463,26782,0.0276067,0.05,1,1851867,1851404,463
128047261,43.955,39.7077,468,26861,0.0135213,0,1,1851912,1851444,468
128050181,10.391,43.9415,425,26940,0.0267043,0.09,1,1851914,1851489,425
128053101,26.8782,33.5883,425,27019,0.0613409,0.07,1,1851945,1851520,425
128056021,82.9756,85.1177,424,27097,0.148268,0.05,1,1852042,1851618,424
128058941,54.9951,55.4235,424,27175,0.149654,0.05,1,1852090,1851666,424
128061861,42.999,43.8847,423,27253,0.117931,0.05,1,1852130,1851707,423
128064781,81.3998,82.3769,422,27331,0.0315861,0.01,1,1852221,1851799,422
128067701,40.28,38.8754,424,27408,0.0143172,0.03,1,1852251,1851827,424
128070621,41.656,39.7751,426,27485,0.0588634,0.01,1,1852293,1851867,426
128073541,42.7312,43.955,424,27562,0.0837727,0.03,1,1852336,1851912,424
128076461,10.1462,10.391,424,27639,0.0887545,0.07,1,1852338,1851914,424
128079381,26.8292,26.8782,424,27716,0.0737509,0.17,1,1852369,1851945,424
128082301,86.1659,82.9756,428,27792,0.11875,0.15,1,1852470,1852042,428
128085221,56.4332,54.9951,429,27868,0.17575,0.11,1,1852519,1852090,429
128088141,40.0866,42.999,425,27944,0.18715,0.01,1,1852555,1852130,425
128091061,78.4173,81.3998,422,28020,0.18943,0.01,1,1852643,1852221,422
128093981,39.6835,40.28,422,28096,0.205886,0.07,1,1852673,1852251,422
128096901,43.9367,41.656,425,28171,0.193177,0.09,1,1852718,1852293,425
128099821,42.3873,42.7312,424,28246,0.190635,0.09,1,1852760,1852336,424
128102741,10.0775,10.1462,424,28321,0.190127,0.07,1,1852762,1852338,424
128105661,27.6155,26.8292,425,28396,0.190025,0.07,1,1852794,1852369,425
128108581,87.9231,5.36585,528,28471,0.302005,0.13,1,1852897,1852369,528
128111501,57.5846,81.8732,477,28545,0.340401,0.19,1,1852947,1852470,477
128114421,41.9169,55.5746,466,28619,0.34808,0.19,1,1852985,1852519,466
128117341,79.5834,39.9149,519,28693,0.397616,0.19,1,1853074,1852555,519
128120261,39.9167,78.383,461,28767,0.407523,0.21,1,1853104,1852643,461
128123181,43.1833,39.6766,475,28841,0.441505,0.19,1,1853148,1852673,475
128126101,42.2367,43.9353,472,28914,0.448301,0.19,1,1853190,1852718,472
128129021,10.0473,42.3871,432,28987,0.44966,0.19,1,1853192,1852760,432
128131941,28.4095,10.0774,463,29060,0.465932,0.19,1,1853225,1852762,463
128134861,92.8819,27.6155,540,29133,0.453186,0.33,1,1853334,1852794,540
128137781,59.3764,87.9231,488,29206,0.498637,0.35,1,1853385,1852897,488
128140701,43.0753,57.5846,477,29278,0.491727,0.35,1,1853424,1852947,477
128143621,81.4151,41.9169,530,29350,0.442345,0.41,1,1853515,1852985,530
128146541,40.283,79.5834,471,29422,0.432469,0.41,1,1853545,1853074,471
128149461,44.8566,39.9167,487,29494,0.446494,0.45,1,1853591,1853104,487
128152381,43.3713,43.1833,486,29566,0.481299,0.45,1,1853634,1853148,486
128155301,10.2743,42.2367,446,29638,0.45626,0.45,1,1853636,1853190,446
128158221,28.4549,10.0473,477,29709,0.483252,0.47,1,1853669,1853192,477
128161141,92.091,28.4095,552,29780,0.56865,0.45,1,1853777,1853225,552
128164061,20.0182,92.8819,445,29851,0.58573,0.51,1,1853779,1853334,445
128166981,46.4036,59.3764,447,29922,0.621146,0.49,1,1853832,1853385,447
128169901,39.6807,43.0753,446,29993,0.660229,0.43,1,1853870,1853424,446
128172821,78.3361,81.4151,443,30064,0.700046,0.43,1,1853958,1853515,443
128175741,39.6672,40.283,443,30134,0.708009,0.45,1,1853988,1853545,443
128178661,45.5334,44.8566,444,30204,0.757602,0.49,2,1854035,1853591,444
128181581,44.3067,43.3713,445,30274,0.75152,0.45,2,1854079,1853634,445
128184501,10.4613,10.2743,445,30344,0.750304,0.49,2,1854081,1853636,445
128187421,29.2923,28.4549,446,30414,0.750061,0.59,2,1854115,1853669,446
128190341,96.2585,92.091,451,30484,0.782012,0.59,2,1854228,1853777,451
128193261,20.8517,20.0182,451,30553,0.804402,0.63,2,1854230,1853779,451
128196181,48.1703,46.4036,453,30622,0.888881,0.67,2,1854285,1853832,453
128199101,40.0341,39.6807,453,30691,0.937776,0.71,2,1854323,1853870,453
128202021,80.0068,78.3361,455,30760,0.915555,0.71,2,1854413,1853958,455
128359701,37,0,538,34275,0.73,1,1,1856882,1856344,538
128362621,36.2,17.6,552,34337,0.634,1,1,1856918,1856366,552
128365541,28.04,41.92,530,34399,0.5988,1,1,1856944,1856414,530
128368461,24.808,34.784,521,34460,0.54376,1,1,1856968,1856447,521
128371381,33.7616,36.5568,520,34521,0.420752,1,1,1857004,1856484,520
128374301,73.9523,34.5114,570,34582,0.30015,0.98,1,1857088,1856518,570
128377221,41.9905,81.3023,511,34643,0.18003,1,1,1857122,1856611,511
128380141,33.9981,46.6605,505,34704,0.092006,1,1,1857154,1856649,505
128383061,31.5996,36.5321,502,34765,0.0264012,0.96,1,1857185,1856683,502
128385981,60.7199,40.1064,529,34826,0.0452802,0.89,1,1857253,1856724,529
128388901,50.544,61.6213,510,34887,0.017056,0.65,1,1857301,1856791,510
128391821,39.7088,55.5243,493,34948,0.0114112,0.73,1,1857338,1856845,493
128394741,30.3418,40.7049,484,35008,0.0262822,0.61,1,1857366,1856882,484
128397661,25.2684,36.941,472,35068,0.0452564,0.59,1,1857390,1856918,472
128400581,18.6537,28.1882,463,35128,0.0970513,0.53,1,1857407,1856944,463
128403501,30.9307,24.8376,473,35188,0.0274103,0.39,1,1857441,1856968,473
128406421,69.3861,33.7675,516,35248,0.0294821,0.27,1,1857520,1857004,516
128409341,38.6772,73.9535,463,35308,0.109896,0.15,1,1857551,1857088,463
128412261,28.5354,41.9907,455,35368,0.0299793,0.07,1,1857577,1857122,455
128415181,30.5071,33.9981,454,35428,0.0139959,0.01,1,1857608,1857154,454
128418101,61.3014,31.5996,492,35488,0.0427992,0.05,1,1857677,1857185,492
128421021,48.2603,60.7199,469,35548,0.11256,0.01,1,1857722,1857253,469
128423941,40.0521,50.544,459,35607,0.078512,0.01,1,1857760,1857301,459
128426861,30.4104,39.7088,450,35666,0.0557024,0.03,1,1857788,1857338,450
128429781,7.68208,30.3418,424,35725,0.0671405,0.05,1,1857790,1857366,424
128432701,22.3364,25.2684,426,35784,0.117428,0.11,1,1857816,1857390,426
128435621,18.0673,18.6537,426,35843,0.159486,0.01,1,1857833,1857407,426
128438541,28.4135,30.9307,423,35902,0.0878971,0.03,1,1857864,1857441,423
128441461,68.8827,69.3861,423,35961,0.121579,0.13,1,1857943,1857520,423
128444381,40.9765,38.6772,426,36020,0.144316,0.01,1,1857977,1857551,426
128447301,25.7953,28.5354,422,36079,0.116863,0.01,1,1857999,1857577,422
128450221,31.5591,30.5071,424,36138,0.127373,0.05,1,1858032,1857608,424
128453141,61.5118,61.3014,424,36196,0.0654745,0.13,1,1858101,1857677,424
128456061,49.9024,48.2603,426,36254,0.0530949,0.07,1,1858148,1857722,426
128458981,39.5805,40.0521,425,36312,0.050619,0.05,1,1858185,1857760,425
128461901,31.1161,30.4104,426,36370,0.0981238,0.07,1,1858214,1857788,426
128464821,7.82322,7.68208,426,36428,0.107625,0.13,1,1858216,1857790,426
128467741,24.7646,22.3364,429,36486,0.125525,0.17,1,1858245,1857816,429
128470661,16.1529,18.0673,426,36544,0.145105,0.07,1,1858259,1857833,426
128473581,27.2306,28.4135,425,36602,0.165021,0.13,1,1858289,1857864,425
128476501,69.4461,68.8827,426,36660,0.217004,0.15,1,1858369,1857943,426
128479421,41.8892,40.9765,427,36718,0.259401,0.11,1,1858404,1857977,427
128482341,25.9778,25.7953,427,36776,0.29988,0.13,1,1858426,1857999,427
128485261,30.7956,31.5591,426,36833,0.307976,0.05,1,1858458,1858032,426
128488181,58.9591,61.5118,423,36890,0.277595,0.05,1,1858524,1858101,423
128491101,49.3918,49.9024,423,36947,0.255519,0.05,1,1858571,1858148,423
128494021,41.8784,39.5805,426,37004,0.235104,0.11,1,1858611,1858185,426
128496941,32.3757,31.1161,427,37061,0.215021,0.11,1,1858641,1858214,427
128499861,8.07513,7.82322,427,37118,0.211004,0.13,1,1858643,1858216,427
128502781,24.015,24.7646,426,37175,0.226201,0.13,1,1858671,1858245,426
128505701,16.803,4.95293,441,37232,0.21324,0.15,1,1858686,1858245,441
128508621,28.1606,12.1906,458,37289,0.242648,0.17,1,1858717,1858259,458
128511541,72.8321,26.4381,512,37346,0.26453,0.23,1,1858801,1858289,512
128514461,44.1664,69.2876,469,37403,0.284906,0.27,1,1858838,1858369,469
128517381,26.4333,41.8575,456,37459,0.304981,0.31,1,1858860,1858404,456
128520301,30.8867,25.9715,466,37515,0.324996,0.31,1,1858892,1858426,466
128523221,57.3773,30.7943,498,37571,0.344999,0.27,1,1858956,1858458,498
128526141,48.2755,58.9589,478,37627,0.349,0.25,1,1859002,1858524,478
128529061,40.8551,49.3918,470,37683,0.3818,0.23,1,1859041,1858571,470
128531981,33.771,41.8784,462,37739,0.40436,0.21,1,1859073,1858611,462
128534901,8.3542,32.3757,434,37795,0.408872,0.21,1,1859075,1858641,434
128537821,24.0708,8.07513,460,37851,0.409774,0.23,1,1859103,1858643,460
128540741,16.0142,24.015,446,37907,0.409955,0.21,1,1859117,1858671,446
128543661,30.4028,16.803,465,37963,0.425991,0.25,1,1859151,1858686,465
128546581,73.2806,28.1606,518,38019,0.413198,0.27,1,1859235,1858717,518
128549501,45.8561,72.8321,473,38075,0.44264,0.29,1,1859274,1858801,473
128552421,27.5712,44.1664,459,38130,0.432528,0.31,1,1859297,1858838,459
128555341,31.1142,26.4333,469,38185,0.446506,0.33,1,1859329,1858860,469
128558261,58.2228,30.8867,502,38240,0.465301,0.35,1,1859394,1858892,502
128561181,48.4446,57.3773,484,38295,0.46906,0.35,1,1859440,1858956,484
128564101,43.2889,48.2755,480,38350,0.501812,0.39,1,1859482,1859002,480
128567021,34.2578,40.8551,473,38405,0.524362,0.41,1,1859514,1859041,473
128569941,8.45156,33.771,443,38460,0.528872,0.41,1,1859516,1859073,443
128572861,24.0903,8.3542,469,38515,0.545775,0.41,1,1859544,1859075,469
128575781,16.0181,24.0708,455,38570,0.549155,0.41,1,1859558,1859103,455
128578701,4.80361,16.0142,443,38625,0.549831,0.43,1,1859560,1859117,443
128581621,26.5607,30.4028,441,38680,0.597966,0.41,1,1859592,1859151,441
128584541,74.1121,73.2806,443,38735,0.607593,0.45,1,1859678,1859235,443
128587461,46.8224,45.8561,444,38790,0.625519,0.43,1,1859718,1859274,444
128590381,26.9645,27.5712,443,38844,0.629104,0.45,1,1859740,1859297,443
128593301,31.7929,31.1142,444,38898,0.693821,0.47,1,1859773,1859329,444
128596221,59.1586,58.2228,445,38952,0.754764,0.47,2,1859839,1859394,445
128599141,48.6317,48.4446,445,39006,0.766953,0.51,2,1859885,1859440,445
128602061,44.9263,43.2889,447,39060,0.753391,0.53,2,1859929,1859482,447
128604981,35.3853,34.2578,448,39114,0.782678,0.53,2,1859962,1859514,448
128607901,8.67705,8.45156,448,39168,0.788536,0.55,2,1859964,1859516,448
128610821,24.9354,24.0903,449,39222,0.757707,0.55,2,1859993,1859544,449
128613741,16.1871,16.0181,449,39276,0.783541,0.55,2,1860007,1859558,449
128616661,4.83742,4.80361,449,39330,0.788708,0.61,2,1860009,1859560,449
128619581,27.3675,26.5607,450,39384,0.773742,0.61,2,1860042,1859592,450
128622501,75.0735,74.1121,451,39438,0.866748,0.63,2,1860129,1859678,451
128625421,47.0147,46.8224,451,39492,0.90135,0.63,2,1860169,1859718,451
128628341,28.6029,26.9645,453,39545,0.90827,0.71,2,1860193,1859740,453
128800621,30,34,486,42580,0.73,1,1,1862337,1861851,486
128803541,35.6,28.4,496,42630,0.666,1,1,1862374,1861878,496
128806461,35.12,22.48,510,42680,0.5732,1,1,1862409,1861899,510
128809381,33.424,30.096,511,42729,0.57064,1,1,1862442,1861931,511
128812301,25.0848,28.4192,506,42778,0.554128,1,1,1862465,1861959,506
128815221,12.217,28.0838,487,42827,0.518826,1,1,1862474,1861987,487
128818141,27.2434,32.0168,485,42876,0.463765,1,1,1862505,1862020,485
128821061,34.2487,40.0034,479,42925,0.356753,1,1,1862541,1862062,479
128823981,34.0497,34.4007,480,42974,0.351351,1,1,1862575,1862095,480
128826901,24.4099,26.0801,478,43023,0.38227,1,1,1862597,1862119,478
128829821,20.882,5.21603,498,43072,0.372454,1,1,1862617,1862119,498
128832741,40.1764,17.8432,522,43121,0.386491,1,1,1862662,1862140,522
128835661,68.8353,45.9686,545,43170,0.389298,0.88,1,1862738,1862193,545
128838581,40.1671,70.7937,501,43219,0.38986,0.77,1,1862771,1862270,501
128841501,28.8334,43.7587,490,43268,0.405972,0.73,1,1862797,1862307,490
128844421,28.9667,32.7517,489,43317,0.393194,0.65,1,1862826,1862337,489
128847341,29.7933,36.1503,482,43366,0.390639,0.55,1,1862856,1862374,482
128850261,32.3587,35.2301,480,43415,0.342128,0.57,1,1862889,1862409,480
128853181,23.2717,33.446,468,43464,0.380426,0.55,1,1862910,1862442,468
128856101,13.4543,25.0892,456,43513,0.372085,0.51,1,1862921,1862465,456
128859021,22.6909,12.2178,472,43561,0.354417,0.45,1,1862946,1862474,472
128861941,31.7382,27.2436,475,43609,0.350883,0.33,1,1862980,1862505,475
128864861,35.1476,34.2487,475,43657,0.414177,0.35,1,1863016,1862541,475
128867781,25.4295,34.0497,464,43705,0.410835,0.39,1,1863039,1862575,464
128870701,17.8859,24.4099,458,43753,0.378167,0.37,1,1863055,1862597,458
128873621,38.7772,20.882,482,43801,0.371633,0.39,1,1863099,1862617,482
128876541,71.7554,40.1764,517,43849,0.354327,0.39,1,1863179,1862662,517
128879461,39.9511,68.8353,473,43897,0.414865,0.39,1,1863211,1862738,473
128882381,29.5902,40.1671,467,43945,0.426973,0.41,1,1863238,1862771,467
128885301,26.718,28.8334,467,43993,0.445395,0.39,1,1863264,1862797,467
128888221,29.3436,28.9667,468,44041,0.449079,0.39,1,1863294,1862826,468
128891141,33.0687,29.7933,472,44089,0.465816,0.33,1,1863328,1862856,472
128894061,22.6137,32.3587,459,44137,0.469163,0.39,1,1863348,1862889,459
128896981,12.5227,23.2717,448,44185,0.485833,0.37,1,1863358,1862910,448
128899901,23.3046,13.4543,463,44233,0.489167,0.35,1,1863384,1862921,463
128902821,31.8609,22.6909,472,44281,0.489833,0.35,1,1863418,1862946,472
128905741,36.7722,31.7382,476,44329,0.553967,0.43,1,1863456,1862980,476
128908661,24.9544,35.1476,462,44377,0.566793,0.41,1,1863478,1863016,462
128911581,16.1909,25.4295,453,44425,0.569359,0.37,1,1863492,1863039,453
128914501,4.83818,17.8859,439,44472,0.569872,0.37,1,1863494,1863055,439
128917421,36.9676,38.7772,440,44519,0.617974,0.35,1,1863539,1863099,440
128920341,72.1935,71.7554,441,44566,0.643595,0.43,1,1863620,1863179,441
128923261,42.4387,39.9511,444,44613,0.680719,0.43,1,1863655,1863211,444
128926181,29.2877,29.5902,443,44660,0.736144,0.45,1,1863681,1863238,443
128929101,27.4575,26.718,444,44707,0.747229,0.45,1,1863708,1863264,444
128932021,29.4915,29.3436,444,44754,0.781446,0.47,2,1863738,1863294,444
128934941,33.8983,33.0687,445,44801,0.804289,0.47,2,1863773,1863328,445
128937861,23.5797,22.6137,446,44848,0.792858,0.49,2,1863794,1863348,446
128940781,12.7159,12.5227,446,44895,0.790572,0.49,2,1863804,1863358,446
128943701,23.3432,23.3046,446,44942,0.822114,0.49,2,1863830,1863384,446
128946621,31.8686,31.8609,446,44989,0.796423,0.57,2,1863864,1863418,446
128949541,39.9737,36.7722,450,45036,0.791285,0.57,2,1863906,1863456,450
128952461,25.5947,24.9544,450,45083,0.822257,0.57,2,1863928,1863478,450
128955381,16.3189,16.1909,450,45130,0.796451,0.57,2,1863942,1863492,450
128958301,4.86379,4.83818,450,45177,0.79129,0.63,2,1863944,1863494,450
128961221,37.7728,36.9676,451,45224,0.854258,0.65,2,1863990,1863539,451
128964141,73.9546,72.1935,453,45271,0.898852,0.69,2,1864073,1863620,453
128967061,45.9909,42.4387,457,45318,0.90777,0.75,2,1864112,1863655,457
128969981,29.9982,29.2877,457,45365,0.925554,0.75,2,1864138,1863681,457
129241541,55,66,484,22817,0,0.41,1,1867107,1866623,484
129244461,50.2,66.8,466,22910,0.088,0.31,1,1867156,1866690,466
129247381,60.44,73.36,454,23003,0.0576,0.13,1,1867219,1866765,454
129250301,40.088,59.472,433,23095,0.09952,0.03,1,1867254,1866821,433
129253221,74.4176,76.6944,435,23187,0.043904,0.01,1,1867337,1866902,435
129256141,29.2835,35.3389,428,23278,0.0487808,0.07,1,1867355,1866927,428
129259061,100.257,31.8678,515,23369,0.0337562,0.05,1,1867473,1866958,515
129261981,65.6513,81.5736,478,23460,0.0787512,0,1,1867530,1867052,478
129264901,54.7303,60.3147,475,23550,0.0717502,0.11,1,1867582,1867107,475
129267821,61.3461,51.2629,489,23640,0.11835,0.05,1,1867645,1867156,489
129270741,38.6692,60.6526,459,23730,0.14367,0.11,1,1867678,1867219,459
129273661,71.7338,40.1305,504,23819,0.068734,0.03,1,1867758,1867254,504
129276581,31.1468,74.4261,442,23908,0.0217468,0.05,1,1867779,1867337,442
129279501,7.82935,29.2852,426,23997,0.0443494,0.03,1,1867781,1867355,426
129282421,95.9659,100.257,426,24085,0.0488699,0.09,1,1867899,1867473,426
129285341,64.7932,65.6514,426,24173,0.113774,0.07,1,1867956,1867530,426
129288261,53.7586,54.7303,425,24261,0.110755,0.13,1,1868007,1867582,425
129291181,63.5517,61.3461,428,24348,0.126151,0.15,1,1868073,1867645,428
129294101,39.9103,38.6692,429,24435,0.12923,0.05,1,1868107,1867678,429
129297021,67.1821,71.7338,423,24522,0.225846,0.01,1,1868181,1867758,423
129299941,31.0364,31.1468,424,24608,0.213169,0.05,1,1868203,1867779,424
129302861,7.80728,7.82935,424,24694,0.242634,0.05,1,1868205,1867781,424
129305781,95.1615,95.9659,423,24780,0.184527,0.13,1,1868322,1867899,423
129308701,67.0323,64.7932,426,24866,0.172905,0.11,1,1868382,1867956,426
129311621,53.4065,53.7586,425,24951,0.186581,0.13,1,1868432,1868007,425
129314541,64.2813,63.5517,426,25036,0.237316,0.13,1,1868499,1868073,426
129317461,41.6563,39.9103,428,25121,0.247463,0.25,1,1868535,1868107,428
129320381,70.7313,67.1821,432,25205,0.185493,0.21,1,1868613,1868181,432
129323301,31.7463,31.0364,432,25289,0.173099,0.25,1,1868635,1868203,432
129326221,7.94925,7.80728,432,25373,0.17062,0.17,1,1868637,1868205,432
129329141,91.9899,95.1615,428,25457,0.218124,0.17,1,1868750,1868322,428
129332061,65.598,19.0323,487,25540,0.179625,0.17,1,1868809,1868322,487
129334981,53.9196,51.8065,478,25623,0.187925,0.19,1,1868860,1868382,478
129337901,66.7839,50.3613,498,25706,0.237585,0.25,1,1868930,1868432,498
129340821,43.7568,63.6723,469,25788,0.263517,0.25,1,1868968,1868499,469
129343741,67.9514,41.5345,507,25870,0.316703,0.17,1,1869042,1868535,507
129346661,31.1903,70.7069,451,25952,0.343341,0.17,1,1869064,1868613,451
129349581,7.83805,31.7414,431,26034,0.348668,0.17,1,1869066,1868635,431
129352501,92.7676,7.94828,543,26115,0.381734,0.23,1,1869180,1868637,543
129355421,64.9535,91.9897,488,26196,0.404347,0.17,1,1869238,1868750,488
129358341,55.3907,65.5979,482,26277,0.392869,0.19,1,1869291,1868809,482
129361261,68.6781,53.9196,503,26358,0.454574,0.25,1,1869363,1868860,503
129364181,44.9356,66.7839,472,26438,0.530915,0.27,1,1869402,1868930,472
129367101,71.3871,43.7568,512,26518,0.610183,0.33,1,1869480,1868968,512
129370021,31.8774,67.9514,460,26598,0.626037,0.35,1,1869502,1869042,460
129372941,7.97548,31.1903,440,26678,0.629207,0.35,1,1869504,1869064,440
129375861,95.1951,7.83805,555,26757,0.677841,0.39,1,1869621,1869066,555
129378781,65.439,92.7676,499,26836,0.719568,0.41,1,1869679,1869180,499
129381701,56.2878,64.9535,495,26915,0.727914,0.39,1,1869733,1869238,495
129384621,12.8576,55.3907,444,26994,0.729583,0.47,1,1869735,1869291,444
129387541,61.7715,68.6781,446,27072,0.793917,0.55,2,1869809,1869363,446
129390461,45.9543,44.9356,449,27150,0.806783,0.63,2,1869851,1869402,449
129393381,74.7909,71.3871,453,27228,0.809357,0.63,2,1869933,1869480,453
129396301,32.5582,31.8774,453,27306,0.825871,0.63,2,1869955,1869502,453
129399221,8.11163,7.97548,453,27384,0.877174,0.69,2,1869957,1869504,453
129402141,99.2223,95.1951,458,27461,0.919435,0.73,2,1870079,1869621,458
129536461,37,31,508,30806,0.73,1,1,1872387,1871879,508
129539381,63.4,73.4,494,30875,0.698,1,1,1872457,1871963,494
129542301,67.08,75.48,486,30944,0.5796,1,1,1872525,1872039,486
129545221,47.816,43.096,494,31012,0.47592,1,1,1872568,1872074,494
129548141,31.9632,31.8192,493,31080,0.359184,0.99,1,1872596,1872103,493
129551061,49.5926,55.1638,486,31148,0.287837,1,1,1872650,1872164,486
129553981,39.5185,41.4328,485,31216,0.241567,1,1,1872687,1872202,485
129556901,29.5037,45.0866,466,31284,0.168313,1,1,1872714,1872248,466
129559821,49.1007,9.01731,520,31352,0.0896627,0.85,1,1872768,1872248,520
129562741,43.4202,46.6035,506,31419,0.0419325,0.81,1,1872810,1872304,506
129565661,35.884,46.1207,494,31486,0.0483865,0.73,1,1872844,1872350,494
129568581,63.1768,38.8241,527,31553,0.0336773,0.69,1,1872914,1872387,527
129571501,61.4354,63.7648,518,31620,0.0307355,0.55,1,1872975,1872457,518
129574421,42.6871,67.153,488,31687,0.0461471,0.45,1,1873013,1872525,488
129577341,27.7374,47.8306,469,31754,0.0172294,0.33,1,1873037,1872568,469
129580261,41.5475,31.9661,486,31821,0.0274459,0.27,1,1873082,1872596,486
129583181,36.3095,49.5932,467,31887,0.0934892,0.23,1,1873117,1872650,467
129586101,24.8619,39.5186,452,31953,0.122698,0.15,1,1873139,1872687,452
129589021,44.9724,29.5037,475,32019,0.16054,0.07,1,1873189,1872714,475
129591941,42.5945,49.1007,463,32085,0.184108,0.03,1,1873231,1872768,463
129594861,37.3189,43.4202,457,32151,0.140822,0.05,1,1873267,1872810,457
129597781,63.4638,35.884,493,32217,0.132164,0.03,1,1873337,1872844,493
129600701,60.6928,63.1768,483,32283,0.114433,0.03,1,1873397,1872914,483
129603621,42.5385,61.4354,460,32349,0.126887,0.05,1,1873435,1872975,460
129606541,27.7077,42.6871,446,32414,0.161377,0.01,1,1873459,1873013,446
129609461,43.9415,27.7374,470,32479,0.120275,0.03,1,1873507,1873037,470
129612381,37.5883,41.5475,461,32544,0.144055,0.11,1,1873543,1873082,461
129615301,25.9177,36.3095,449,32609,0.180811,0.13,1,1873566,1873117,449
129618221,46.7835,24.8619,479,32674,0.220162,0.17,1,1873618,1873139,479
129621141,40.5567,44.9724,468,32739,0.260032,0.19,1,1873657,1873189,468
129624061,9.71134,42.5945,428,32804,0.268007,0.13,1,1873659,1873231,428
129626981,30.7423,37.3189,428,32868,0.285601,0.13,1,1873695,1873267,428
129629901,62.1485,63.4638,428,32932,0.28912,0.11,1,1873765,1873337,428
129632821,61.2297,60.6928,429,32996,0.321824,0.13,1,1873826,1873397,429
129635741,43.4459,42.5385,430,33060,0.360365,0.17,1,1873865,1873435,430
129638661,27.8892,27.7077,430,33124,0.336073,0.11,1,1873889,1873459,430
129641581,43.1778,43.9415,429,33188,0.363215,0.15,1,1873936,1873507,429
129644501,38.2356,37.5883,430,33252,0.352643,0.19,1,1873973,1873543,430
129647421,26.8471,25.9177,431,33316,0.334529,0.23,1,1873997,1873566,431
129650341,48.5694,46.7835,433,33379,0.410906,0.27,1,1874051,1873618,433
129653261,42.5139,40.5567,435,33442,0.426181,0.27,1,1874092,1873657,435
129656181,10.1028,9.71134,435,33505,0.397236,0.29,1,1874094,1873659,435
129659101,31.6206,30.7423,436,33568,0.407447,0.29,1,1874131,1873695,436
129662021,62.3241,62.1485,436,33631,0.377489,0.33,1,1874201,1873765,436
129664941,62.0648,61.2297,437,33694,0.403498,0.37,1,1874263,1873826,437
129667861,44.413,43.4459,438,33757,0.4087,0.33,1,1874303,1873865,438
129670781,28.0826,27.8892,438,33820,0.44174,0.37,1,1874327,1873889,438
129673701,43.2165,43.1778,438,33883,0.432348,0.35,1,1874374,1873936,438
129676621,38.2433,38.2356,438,33945,0.41447,0.33,1,1874411,1873973,438
129679541,26.8487,26.8471,438,34007,0.410894,0.43,1,1874435,1873997,438
129682461,50.9697,48.5694,441,34069,0.442179,0.43,1,1874492,1874051,441
129685381,42.9939,42.5139,441,34131,0.464436,0.39,1,1874533,1874092,441
129688301,10.1988,10.1028,441,34193,0.468887,0.41,1,1874535,1874094,441
129691221,31.6398,31.6206,441,34255,0.469777,0.41,1,1874572,1874131,441
129694141,60.728,6.32411,509,34317,0.453956,0.37,1,1874640,1874131,509
129697061,61.7456,57.2648,501,34379,0.530791,0.41,1,1874702,1874201,501
129699981,45.9491,61.053,481,34441,0.562158,0.41,1,1874744,1874263,481
129702901,28.3898,44.2106,465,34502,0.568432,0.45,1,1874768,1874303,465
129705821,42.478,28.0421,487,34563,0.569686,0.43,1,1874814,1874327,487
129708741,37.2956,43.2084,476,34624,0.585937,0.41,1,1874850,1874374,476
129711661,26.6591,38.2417,463,34685,0.589187,0.41,1,1874874,1874411,463
129714581,52.5318,26.8483,498,34746,0.637837,0.45,1,1874933,1874435,498
129717501,44.1064,50.9697,483,34807,0.647568,0.47,1,1874975,1874492,483
129720421,10.4213,42.9939,444,34868,0.649513,0.47,1,1874977,1874533,444
129723341,31.6843,10.1988,479,34929,0.649903,0.47,1,1875014,1874535,479
129726261,61.5369,31.6398,511,34990,0.68198,0.45,1,1875083,1874572,511
129729181,65.9074,60.728,510,35050,0.784396,0.55,2,1875150,1874640,510
129732101,47.5815,61.7456,491,35110,0.836879,0.57,2,1875193,1874702,491
129735021,28.7163,45.9491,473,35170,0.863376,0.57,2,1875217,1874744,473
129737941,42.5433,28.3898,495,35230,0.868675,0.57,2,1875263,1874768,495
129740861,38.1087,42.478,486,35290,0.885735,0.59,2,1875300,1874814,486
129743781,27.6217,37.2956,475,35350,0.873147,0.59,2,1875325,1874850,475
129746701,54.3243,26.6591,512,35410,0.934629,0.65,2,1875386,1874874,512
129936501,50,69,489,39099,0.81,1,2,1877950,1877461,489
129939421,38.8,41.8,490,39153,0.762,1,2,1877986,1877496,490
129942341,32.56,38.76,483,39207,0.7364,1,1,1878017,1877534,483
129945261,44.112,48.552,479,39261,0.68328,1,1,1878064,1877585,479
129948181,41.6224,41.7104,480,39315,0.640656,1,1,1878105,1877625,480
129951101,31.5245,35.5421,475,39369,0.616131,1,1,1878134,1877659,475
129954021,28.7049,25.5084,480,39423,0.579226,1,1,1878162,1877682,480
129956941,14.541,20.3017,472,39477,0.603845,1,1,1878173,1877701,472
129959861,30.9082,34.4603,469,39530,0.608769,1,1,1878208,1877739,469
129962781,32.5816,31.6921,471,39583,0.593754,0.97,1,1878241,1877770,471
129965701,52.9163,56.7384,466,39636,0.558751,0.89,1,1878299,1877833,466
129968621,39.3833,40.9477,465,39689,0.55175,0.83,1,1878335,1877870,465
129971541,29.4767,32.1895,462,39742,0.53435,0.81,1,1878362,1877900,462
129974461,43.4953,46.4379,459,39795,0.53087,0.75,1,1878409,1877950,459
129977381,35.0991,38.0876,456,39848,0.546174,0.73,1,1878442,1877986,456
129980301,31.8198,32.4175,456,39901,0.549235,0.67,1,1878473,1878017,456
129983221,43.164,44.0835,455,39954,0.549847,0.63,1,1878519,1878064,455
129986141,40.6328,41.6167,454,40007,0.517969,0.61,1,1878559,1878105,454
129989061,30.5266,31.5233,453,40060,0.527594,0.61,1,1878587,1878134,453
129991981,26.1053,6.30467,478,40113,0.593519,0.57,1,1878612,1878134,478
129994901,14.0211,23.6609,461,40166,0.622704,0.61,1,1878623,1878162,461
129997821,29.2042,13.5322,483,40219,0.564541,0.61,1,1878656,1878173,483
130000741,30.6408,30.7064,479,40271,0.616908,0.59,1,1878687,1878208,479
130003661,52.5282,32.5413,504,40323,0.675382,0.55,1,1878745,1878241,504
130006581,39.3056,52.9083,482,40375,0.703076,0.55,1,1878781,1878299,482
130009501,28.6611,39.3817,472,40427,0.708615,0.53,1,1878807,1878335,472
130012421,43.3322,29.4763,492,40479,0.693723,0.53,1,1878854,1878362,492
130015341,37.4664,43.4953,481,40531,0.658745,0.55,1,1878890,1878409,481
130018261,30.6933,35.0991,477,40583,0.683749,0.55,1,1878919,1878442,477
130021181,42.9387,31.8198,492,40635,0.70475,0.55,1,1878965,1878473,492
130024101,38.9877,43.164,484,40687,0.70895,0.51,1,1879003,1878519,484
130027021,32.5975,40.6328,475,40739,0.72579,0.53,1,1879034,1878559,475
130029941,29.7195,30.5266,476,40791,0.761158,0.61,2,1879063,1878587,476
130032861,14.7439,26.1053,462,40843,0.800232,0.63,2,1879074,1878612,462
130035781,29.3488,14.0211,484,40895,0.840046,0.55,2,1879107,1878623,484
130038701,31.4698,29.2042,483,40947,0.848009,0.63,2,1879139,1878656,483
130041621,55.094,30.6408,513,40999,0.897602,0.69,2,1879200,1878687,513
130275221,31,36,494,44928,0.77,1,2,1881948,1881454,494
130278141,31,27.2,500,44975,0.642,1,1,1881979,1881479,500
130281061,31.8,31.04,500,45022,0.5524,1,1,1882011,1881511,500
130283981,31.16,35.008,495,45069,0.45448,1,1,1882042,1881547,495
130286901,32.632,37.4016,490,45116,0.322896,1,1,1882075,1881585,490
130289821,29.7264,26.6803,495,45163,0.232579,1,1,1882104,1881609,495
130292741,27.5453,19.7361,504,45210,0.102516,1,1,1882131,1881627,504
130295661,35.9091,35.1472,503,45257,0.0605032,1,1,1882169,1881666,503
130298581,25.5818,38.2294,487,45304,0.0361006,1,1,1882192,1881705,487
130301501,28.3164,29.2459,489,45351,0.00722013,1,1,1882221,1881732,489
130304421,32.8633,33.8492,488,45398,0.041444,1,1,1882255,1881767,488
130307341,33.7727,37.1698,484,45444,0.0482888,1,1,1882289,1881805,484
130310261,24.3545,28.234,480,45490,0.00965776,0.92,1,1882311,1881831,480
130313181,37.6709,48.8468,467,45536,0.0259316,0.93,1,1882352,1881885,467
130316101,34.7342,35.3694,469,45582,0.0291863,0.77,1,1882386,1881917,469
130319021,25.3468,31.8739,461,45628,0.0138373,0.61,1,1882409,1881948,461
130321941,23.4694,31.1748,453,45674,0.0427675,0.53,1,1882432,1881979,453
130324861,23.8939,31.835,445,45720,0.0325535,0.43,1,1882456,1882011,445
130327781,27.9788,31.167,443,45766,0.0065107,0.29,1,1882485,1882042,443
130330701,27.9958,32.6334,438,45812,0.0413021,0.21,1,1882513,1882075,438
130333621,22.3992,29.7267,430,45858,0.0162604,0.07,1,1882534,1882104,430
130336541,21.2798,27.5453,424,45904,0.0112521,0.05,1,1882555,1882131,424
130339461,33.056,35.9091,422,45950,0.10625,0.05,1,1882591,1882169,422
130342381,24.2112,7.18181,444,45996,0.0452501,0.03,1,1882613,1882169,444
130345301,28.0422,19.8364,450,46042,0.01705,0,1,1882642,1882192,450
130348221,36.0084,27.1673,459,46088,0.04341,0.05,1,1882680,1882221,459
130351141,32.0017,32.6335,456,46134,0.016682,0.05,1,1882711,1882255,456
130354061,23.2003,33.7267,443,46180,0.0033364,0,1,1882732,1882289,443
130356981,37.4401,24.3453,462,46226,0.0406673,0.03,1,1882773,1882311,462
130359901,35.488,37.6691,456,46272,0.0961335,0.03,1,1882808,1882352,456
130362821,24.6976,34.7338,444,46318,0.0432267,0.01,1,1882830,1882386,444
130365741,24.1395,25.3468,445,46364,0.0326453,0.05,1,1882854,1882409,445
130368661,23.2279,23.4694,445,46409,0.0625291,0.03,1,1882877,1882432,445
130371581,27.8456,23.8939,450,46454,0.0525058,0,1,1882906,1882456,450
130374501,29.5691,27.9788,451,46499,0.0345012,0.05,1,1882936,1882485,451
130377421,21.1138,27.9958,442,46544,0.0309002,0.01,1,1882955,1882513,442
130380341,21.8228,22.3992,443,46589,0.01418,0.01,1,1882977,1882534,443
130383261,35.5646,21.2798,461,46634,0.058836,0.13,1,1883016,1882555,461
130386181,21.5129,33.056,443,46679,0.0997672,0.03,1,1883034,1882591,443
130389101,29.9026,24.2112,453,46724,0.0199534,0.01,1,1883066,1882613,453
130392021,36.3805,28.0422,462,46769,0.0439907,0.05,1,1883104,1882642,462
130394941,29.6761,36.0084,452,46814,0.0487981,0.01,1,1883132,1882680,452
130397861,22.7352,32.0017,442,46859,0.0177596,0,1,1883153,1882711,442
130400781,39.747,23.2003,465,46904,0.0115519,0.05,1,1883197,1882732,465
130403701,35.9494,37.4401,459,46949,0.0903104,0.11,1,1883232,1882773,459
130406621,22.3899,35.488,443,46994,0.0900621,0.03,1,1883251,1882808,443
130409541,24.478,24.6976,446,47039,0.0420124,0.03,1,1883276,1882830,446
130412461,25.6956,24.1395,448,47084,0.0484025,0.07,1,1883302,1882854,448
130415381,26.7391,23.2279,452,47129,0.0656805,0.05,1,1883329,1882877,452
130418301,28.5478,27.8456,452,47174,0.0371361,0.03,1,1883358,1882906,452
130421221,20.1096,29.5691,440,47219,0.00742722,0.03,1,1883376,1882936,440
130424141,23.2219,21.1138,445,47264,0.0254854,0.01,1,1883400,1882955,445
130427061,36.6444,21.8228,463,47309,0.0450971,0.07,1,1883440,1882977,463
130429981,20.1289,35.5646,440,47354,0.0970194,0.11,1,1883456,1883016,440
130432901,5.62578,21.5129,424,47399,0.107404,0,1,1883458,1883034,424
130435821,25.9252,29.9026,423,47443,0.0774808,0.05,1,1883489,1883066,423
130438741,35.585,36.3805,423,47487,0.0394962,0.05,1,1883527,1883104,423
130441661,30.317,29.6761,424,47531,0.0798992,0.01,1,1883556,1883132,424
130444581,22.0634,22.7352,423,47575,0.0239798,0.01,1,1883576,1883153,423
130447501,41.2127,39.747,425,47619,0.028796,0.11,1,1883622,1883197,425
130450421,37.8425,35.9494,427,47663,0.0457592,0.09,1,1883659,1883232,427
130453341,20.3685,22.3899,424,47707,0.0811518,0.03,1,1883675,1883251,424
130456261,24.0737,24.478,424,47751,0.0402304,0.05,1,1883700,1883276,424
130459181,25.6147,25.6956,424,47795,0.0480461,0.07,1,1883726,1883302,424
130462101,28.3229,26.7391,426,47839,0.0656092,0.03,1,1883755,1883329,426
130465021,26.4646,28.5478,423,47883,0.0371218,0,1,1883781,1883358,423
130467941,18.8929,20.1096,422,47927,0.0794244,0.03,1,1883798,1883376,422
130470861,24.5786,23.2219,424,47971,0.0398849,0.05,1,1883824,1883400,424
130473781,37.7157,36.6444,425,48015,0.031977,0.11,1,1883865,1883440,425
130476701,21.9431,20.1289,427,48059,0.0143954,0.11,1,1883883,1883456,427
130479621,5.98863,5.62578,427,48103,0.0108791,0.07,1,1883885,1883458,427
130482541,21.9977,25.9252,422,48147,0.0261758,0.03,1,1883911,1883489,422
130485461,34.7995,35.585,422,48191,0.0292352,0.09,1,1883949,1883527,422
130488381,31.7599,30.317,424,48235,0.029847,0.01,1,1883980,1883556,424
130491301,20.752,22.0634,422,48279,0.0299694,0.03,1,1883998,1883576,422
130494221,40.9504,41.2127,422,48323,0.0299939,0.05,1,1884044,1883622,422
130497141,39.3901,37.8425,424,48367,0.0139988,0.09,1,1884083,1883659,424
130500061,20.678,20.3685,424,48411,0.0267998,0.03,1,1884099,1883675,424
130502981,24.1356,24.0737,424,48455,0.02936,0.05,1,1884124,1883700,424
130505901,25.6271,25.6147,424,48498,0.061872,0.07,1,1884150,1883726,424
130508821,27.5254,28.3229,423,48541,0.0523744,0.03,1,1884178,1883755,423
130511741,27.9051,26.4646,425,48584,0.0504749,0.09,1,1884206,1883781,425
130514661,18.381,18.8929,424,48627,0.082095,0.03,1,1884222,1883798,424
130517581,22.8762,24.5786,422,48670,0.024419,0.03,1,1884246,1883824,422
130520501,37.3752,37.7157,422,48713,0.0288838,0.01,1,1884287,1883865,422
130523421,21.875,21.9431,422,48756,0.0457768,0.01,1,1884305,1883883,422
130526341,5.97501,5.98863,422,48799,0.0171554,0.03,1,1884307,1883885,422
130529261,21.995,21.9977,422,48842,0.0274311,0.03,1,1884333,1883911,422
130532181,33.999,4.39955,459,48885,0.0614862,0.03,1,1884370,1883911,459
130535101,32.3998,31.2799,453,48928,0.0362972,0.03,1,1884402,1883949,453
130538021,20.08,31.056,439,48971,0.0632595,0.03,1,1884419,1883980,439
130540941,40.816,20.6112,467,49014,0.0206519,0.03,1,1884465,1883998,467
130543861,40.1632,40.9222,461,49057,0.0601304,0.01,1,1884505,1884044,461
130546781,20.8326,39.3844,438,49100,0.0680261,0.03,1,1884521,1884083,438
130549701,23.3665,20.6769,446,49143,0.0696052,0.03,1,1884545,1884099,446
130552621,26.2733,24.1354,448,49186,0.069921,0.07,1,1884572,1884124,448
130555541,28.4547,25.6271,451,49229,0.0939842,0.05,1,1884601,1884150,451
130558461,28.0909,27.5254,451,49272,0.0907968,0.05,1,1884629,1884178,451
130561381,18.4182,27.9051,439,49315,0.0901594,0.09,1,1884645,1884206,439
130564301,21.2836,18.381,445,49358,0.0900319,0.01,1,1884667,1884222,445
130567221,37.0567,22.8762,462,49401,0.0740064,0.03,1,1884708,1884246,462
130570141,21.8113,37.3752,439,49444,0.0708013,0.05,1,1884726,1884287,439
130573061,5.96227,21.875,423,49487,0.0701602,0.01,1,1884728,1884305,423
130575981,21.9925,5.97501,447,49530,0.118032,0.03,1,1884754,1884307,447
130578901,35.5985,21.995,460,49573,0.127606,0.07,1,1884793,1884333,460
130581821,32.7197,33.999,455,49615,0.145521,0.03,1,1884825,1884370,455
130584741,20.1439,32.3998,440,49657,0.149104,0.07,1,1884842,1884402,440
130587661,40.0288,20.08,468,49699,0.149821,0.01,1,1884887,1884419,468
130590581,41.6058,40.816,464,49741,0.149964,0.07,1,1884929,1884465,464
130593501,21.1212,40.1632,440,49783,0.149993,0.07,1,1884945,1884505,440
130596421,23.4242,20.8326,448,49825,0.165999,0.07,1,1884969,1884521,448
130599341,26.2848,23.3665,451,49867,0.1852,0.07,1,1884996,1884545,451
130602261,29.257,26.2733,454,49909,0.26904,0.1,1,1885026,1884572,454
130605181,28.2514,28.4547,453,49951,0.301808,0.09,1,1885054,1884601,453
130608101,18.4503,28.0909,441,49993,0.308362,0.09,1,1885070,1884629,441
130611021,20.4901,18.4182,446,50035,0.293672,0.09,1,1885091,1884645,446
130613941,36.898,21.2836,465,50077,0.322734,0.07,1,1885132,1884667,465
130616861,22.5796,37.0567,443,50119,0.312547,0.07,1,1885151,1884708,443
130619781,6.11592,21.8113,427,50161,0.342509,0.07,1,1885153,1884726,427
130622701,22.0232,5.96227,451,50203,0.348502,0.13,1,1885179,1884728,451
130625621,37.2046,21.9925,466,50245,0.3817,0.13,1,1885220,1884754,466
130628541,33.8409,35.5985,460,50287,0.42034,0.15,1,1885253,1884793,460
130631461,8.36818,32.7197,430,50329,0.428068,0.15,1,1885255,1884825,430
130634381,16.0736,20.1439,431,50371,0.461614,0.15,1,1885273,1884842,431
130637301,37.6147,40.0288,429,50413,0.516323,0.15,1,1885316,1884887,429
130640221,41.1229,41.6058,429,50455,0.495265,0.15,1,1885358,1884929,429
130643141,21.0246,21.1212,429,50497,0.523053,0.17,1,1885374,1884945,429
130646061,24.2049,23.4242,430,50539,0.512611,0.19,1,1885399,1884969,430
130648981,28.041,26.2848,432,50581,0.494522,0.29,1,1885428,1884996,432
130651901,32.8082,29.257,436,50623,0.490904,0.31,1,1885462,1885026,436
130654821,29.7616,28.2514,437,50665,0.474181,0.31,1,1885491,1885054,437
130657741,18.7523,18.4503,437,50707,0.502836,0.29,1,1885507,1885070,437
130660661,21.3505,20.4901,438,50749,0.508567,0.33,1,1885529,1885091,438
130663581,37.0701,36.898,438,50791,0.525713,0.31,1,1885570,1885132,438
130666501,23.414,22.5796,439,50832,0.497143,0.35,1,1885590,1885151,439
130669421,6.2828,6.11592,439,50873,0.491429,0.35,1,1885592,1885153,439
130672341,22.0566,22.0232,439,50914,0.506286,0.39,1,1885618,1885179,439
130675261,39.6113,37.2046,442,50955,0.557257,0.43,1,1885662,1885220,442
130678181,36.7223,33.8409,445,50996,0.503451,0.43,1,1885698,1885253,445
130681101,8.94445,8.36818,445,51037,0.49269,0.47,1,1885700,1885255,445
130684021,16.9889,16.0736,446,51078,0.474538,0.53,1,1885719,1885273,446
130686941,37.7978,37.6147,446,51119,0.518908,0.49,1,1885762,1885316,446
130689861,41.1596,41.1229,446,51160,0.527782,0.53,1,1885804,1885358,446
130692781,21.0319,21.0246,446,51201,0.513556,0.51,1,1885820,1885374,446
130695701,23.4064,24.2049,445,51242,0.510711,0.49,1,1885844,1885399,445
130698621,27.0813,28.041,444,51283,0.542142,0.49,1,1885872,1885428,444
130701541,32.6163,32.8082,444,51324,0.500428,0.47,1,1885906,1885462,444
130704461,30.5233,29.7616,445,51365,0.492086,0.51,1,1885936,1885491,445
130707381,18.9046,18.7523,445,51406,0.538417,0.51,1,1885952,1885507,445
130710301,21.3809,21.3505,445,51447,0.563683,0.53,1,1885974,1885529,445
130713221,37.8762,37.0701,446,51488,0.616737,0.49,1,1886016,1885570,446
130716141,23.5752,23.414,446,51529,0.595347,0.49,1,1886036,1885590,446
130719061,6.31505,6.2828,446,51570,0.591069,0.51,1,1886038,1885592,446
130721981,23.663,22.0566,448,51611,0.590214,0.57,1,1886066,1885618,448
130724901,39.9326,39.6113,448,51652,0.622043,0.49,1,1886110,1885662,448
130727821,33.5865,36.7223,444,51693,0.596409,0.49,1,1886142,1885698,444
130730741,8.3173,8.94445,444,51734,0.623282,0.47,1,1886144,1885700,444
130733661,16.0635,16.9889,443,51775,0.628656,0.47,1,1886162,1885719,443
130736581,39.2127,3.39778,488,51816,0.597731,0.53,1,1886207,1885719,488
130739501,42.2425,35.0796,488,51857,0.687546,0.53,1,1886250,1885762,488
130742421,21.2485,40.6159,462,51898,0.705509,0.51,1,1886266,1885804,462
130745341,23.4497,20.9232,470,51939,0.725102,0.51,1,1886290,1885820,470
130748261,27.0899,23.3846,474,51980,0.72902,0.55,1,1886318,1885844,474
130751181,31.818,27.0769,479,52021,0.729804,0.49,1,1886351,1885872,479
130754101,30.3636,32.6154,475,52061,0.745961,0.49,1,1886381,1885906,475
130757021,20.4727,30.5231,463,52101,0.749192,0.55,1,1886399,1885936,463
130759941,21.6945,18.9046,469,52141,0.749838,0.57,1,1886421,1885952,469
130762861,40.3389,21.3809,492,52181,0.765968,0.63,2,1886466,1885974,492
130765781,24.0678,37.8762,470,52221,0.769194,0.59,2,1886486,1886016,470
130768701,6.41356,23.5752,452,52261,0.769839,0.59,2,1886488,1886036,452
130771621,22.0827,6.31505,476,52301,0.769968,0.59,2,1886514,1886038,476
130774541,41.2165,23.663,494,52341,0.801994,0.63,2,1886560,1886066,494
130777461,33.8433,39.9326,482,52381,0.840399,0.59,2,1886592,1886110,482
130780381,8.36866,33.5865,452,52421,0.84808,0.63,2,1886594,1886142,452
130783301,16.0737,8.3173,468,52461,0.849616,0.63,2,1886612,1886144,468
130786221,39.2147,16.0635,495,52501,0.865923,0.59,2,1886657,1886162,495
130789141,47.0429,39.2127,499,52541,0.933185,0.71,2,1886706,1886207,499
131038801,36,27,515,27702,0.67,1,1,1889827,1889312,515
131041721,33.6,52.6,489,27778,0.606,1,1,1889860,1889371,489
131044641,57.92,51.32,502,27854,0.3692,1,1,1889924,1889422,502
131047561,58.784,67.864,489,27930,0.17784,0.96,1,1889983,1889494,489
131050481,73.3568,73.5728,491,28006,0.091568,1,1,1890060,1889569,491
131053401,35.4714,47.5146,476,28082,0.0583136,0.92,1,1890086,1889610,476
131056321,74.2943,83.1029,468,28157,0.0356627,0.85,1,1890170,1889702,468
131059241,39.6589,44.6206,464,28232,0.0311325,0.75,1,1890201,1889737,464
131062161,47.1318,52.1241,459,28307,0.0622265,0.67,1,1890250,1889791,459
131065081,35.0264,39.2248,455,28382,0.0364453,0.67,1,1890282,1889827,455
131068001,27.8053,7.84496,481,28457,0.0312891,0.59,1,1890308,1889827,481
131070921,47.1611,27.969,500,28531,0.0142578,0.31,1,1890360,1889860,500
131073841,49.4322,56.7938,486,28605,0.0268516,0.13,1,1890410,1889924,486
131076761,69.0864,58.5588,501,28679,0.10937,0.07,1,1890484,1889983,501
131079681,33.0173,73.3118,448,28753,0.0458741,0.05,1,1890508,1890060,448
131082601,73.0035,35.4624,505,28827,0.0651748,0.03,1,1890591,1890086,505
131085521,39.4007,74.2925,452,28900,0.037035,0.03,1,1890622,1890170,452
131088441,47.8801,39.6585,471,28973,0.047407,0.07,1,1890672,1890201,471
131091361,34.376,47.1317,453,29046,0.0494814,0.03,1,1890703,1890250,453
131094281,28.4752,35.0263,448,29119,0.0978963,0.03,1,1890730,1890282,448
131097201,47.295,27.8053,474,29192,0.0595793,0.01,1,1890782,1890308,474
131100121,49.459,47.1611,472,29265,0.0839159,0.03,1,1890832,1890360,472
131103041,71.4918,49.4322,499,29337,0.168783,0.13,1,1890909,1890410,499
131105961,31.8984,69.0864,447,29409,0.153757,0.03,1,1890931,1890484,447
131108881,73.5797,33.0173,507,29481,0.134751,0.07,1,1891015,1890508,507
131111801,37.1159,73.0035,452,29553,0.11495,0.03,1,1891043,1890591,452
131114721,49.0232,39.4007,473,29625,0.0469901,0.05,1,1891095,1890622,473
131117641,37.8046,47.8801,458,29696,0.033398,0.05,1,1891130,1890672,458
131120561,26.7609,34.376,451,29767,0.0466796,0.11,1,1891154,1890703,451
131123481,48.5522,28.4752,478,29838,0.0653359,0.05,1,1891208,1890730,478
131126401,11.3104,47.295,428,29909,0.101067,0.09,1,1891210,1890782,428
131129321,41.4621,49.459,427,29980,0.124213,0.19,1,1891259,1890832,427
131132241,73.0924,71.4918,431,30051,0.0968427,0.15,1,1891340,1890909,431
131135161,30.6185,31.8984,429,30121,0.139369,0.13,1,1891360,1890931,429
131138081,73.3237,73.5797,429,30191,0.131874,0.11,1,1891444,1891015,429
131141001,36.2647,37.1159,428,30261,0.114375,0.03,1,1891471,1891043,428
131143921,44.8529,49.0232,423,30331,0.094875,0.03,1,1891518,1891095,423
131146841,36.9706,37.8046,423,30401,0.074975,0.05,1,1891553,1891130,423
131149761,27.3941,26.7609,424,30471,0.086995,0.07,1,1891578,1891154,424
131152681,51.0788,48.5522,427,30540,0.057399,0.11,1,1891635,1891208,427
131155601,11.8158,11.3104,427,30609,0.0514798,0.13,1,1891637,1891210,427
131158521,42.3632,41.4621,428,30678,0.114296,0.09,1,1891687,1891259,428
131161441,72.4726,73.0924,427,30747,0.158859,0.15,1,1891767,1891340,427
131164361,30.4945,30.6185,427,30816,0.183772,0.13,1,1891787,1891360,427
131167281,72.4989,73.3237,426,30885,0.236754,0.11,1,1891870,1891444,426
131170201,35.2998,36.2647,425,30954,0.263351,0.09,1,1891896,1891471,425
131173121,45.46,44.8529,426,31022,0.23667,0.07,1,1891944,1891518,426
131176041,36.292,36.9706,425,31090,0.279334,0.09,1,1891978,1891553,425
131178961,26.4584,27.3941,424,31158,0.287867,0.05,1,1892002,1891578,424
131181881,51.6917,51.0788,425,31226,0.321573,0.05,1,1892060,1891635,425
131184801,11.9383,11.8158,425,31294,0.328315,0.05,1,1892062,1891637,425
131187721,43.9877,2.36315,477,31362,0.313663,0.13,1,1892114,1891637,477
131190641,72.7975,40.4726,507,31429,0.326733,0.17,1,1892194,1891687,507
131193561,32.1595,72.0945,449,31496,0.297347,0.19,1,1892216,1891767,449
131196481,74.4319,30.4189,514,31563,0.355469,0.25,1,1892301,1891787,514
131199401,36.4864,72.4838,458,31630,0.383094,0.27,1,1892328,1891870,458
131202321,46.4973,35.2968,481,31697,0.436619,0.23,1,1892377,1891896,481
131205241,36.4995,45.4594,467,31764,0.447324,0.29,1,1892411,1891944,467
131208161,26.4999,36.2919,457,31831,0.465465,0.29,1,1892435,1891978,457
131211081,54.9,26.4584,495,31897,0.517093,0.33,1,1892497,1892002,495
131214001,12.58,51.6917,439,31963,0.527419,0.33,1,1892499,1892060,439
131216921,43.316,11.9383,488,32029,0.545484,0.31,1,1892550,1892062,488
131219841,73.4632,43.9877,517,32095,0.581097,0.33,1,1892631,1892114,517
131222761,32.2926,72.7975,459,32161,0.604219,0.29,1,1892653,1892194,459
131225681,76.0585,32.1595,524,32227,0.688844,0.37,1,1892740,1892216,524
131228601,38.4117,74.4319,468,32293,0.737769,0.39,1,1892769,1892301,468
131231521,48.4823,36.4864,492,32359,0.763554,0.45,2,1892820,1892328,492
131234441,36.8965,46.4973,477,32424,0.768711,0.45,2,1892854,1892377,477
131237361,27.3793,36.4995,468,32489,0.801742,0.47,2,1892879,1892411,468
131240281,57.4759,26.4999,509,32554,0.808348,0.53,2,1892944,1892435,509
131243201,13.0952,54.9,449,32619,0.80967,0.53,2,1892946,1892497,449
131246121,45.019,12.58,500,32684,0.841934,0.55,2,1892999,1892499,500
131249041,74.6038,43.316,531,32749,0.880387,0.59,2,1893081,1892550,531
131251961,16.5208,73.4632,452,32814,0.888077,0.61,2,1893083,1892631,452
131254881,20.9042,32.2926,452,32878,0.889615,0.71,2,1893105,1892653,452
131257801,77.7808,76.0585,457,32942,0.905923,0.75,2,1893197,1892740,457
131260721,41.9562,38.4117,461,33006,0.893185,0.77,2,1893230,1892769,461
131263641,48.3912,48.4823,460,33070,0.858637,0.77,2,1893280,1892820,460
131266561,37.6782,36.8965,461,33134,0.883727,0.81,2,1893315,1892854,461
131269481,28.3356,27.3793,462,33198,0.888745,0.81,2,1893341,1892879,462
131272401,57.6671,57.4759,462,33262,0.857749,0.81,2,1893406,1892944,462
131275321,13.1334,13.0952,462,33326,0.88355,0.85,2,1893408,1892946,462
131278241,46.6267,45.019,464,33389,0.87271,0.89,2,1893463,1892999,464
131281161,76.5253,74.6038,466,33452,0.918542,0.89,2,1893547,1893081,466
131284081,16.9051,16.5208,466,33515,0.895708,0.89,2,1893549,1893083,466
131287001,20.981,20.9042,466,33578,0.923142,0.91,2,1893571,1893105,466
131409641,33,30,502,36129,0.69,1,1,1895370,1894868,502
131412561,68.2,66.8,503,36187,0.466,1,1,1895447,1894944,503
131415481,39.24,37.36,505,36245,0.2772,1,1,1895479,1894974,505
131418401,31.848,29.872,507,36303,0.11144,1,1,1895509,1895002,507
131421321,47.1696,53.9744,498,36361,0.030288,1,1,1895560,1895062,498
131424241,38.2339,33.1949,506,36419,0.0300576,1,1,1895596,1895090,506
131427161,32.4468,31.439,506,36477,0.0140115,1,1,1895627,1895121,506
131430081,32.0894,45.4878,489,36535,0.0748023,1,1,1895659,1895170,489
131433001,36.8179,33.8976,496,36593,0.0149605,1,1,1895697,1895201,496
131435921,28.1636,31.5795,491,36651,0.0109921,0.78,1,1895723,1895232,491
131438841,42.4327,63.1159,466,36709,0.106198,0.74,1,1895769,1895303,466
131441761,30.0865,39.8232,459,36767,0.12524,0.69,1,1895796,1895337,459
131444681,28.4173,34.3646,454,36824,0.129048,0.41,1,1895824,1895370,454
131447601,52.8835,68.4729,436,36881,0.16181,0.23,1,1895883,1895447,436
131450521,31.3767,39.2946,430,36938,0.168362,0.07,1,1895909,1895479,430
131453441,25.4753,31.8589,424,36995,0.169672,0.01,1,1895933,1895509,424
131456361,45.8951,47.1718,424,37052,0.0739345,0.03,1,1895984,1895560,424
131459281,38.779,38.2344,425,37109,0.0227869,0.01,1,1896021,1895596,425
131462201,32.5558,32.4469,425,37166,0.0285574,0.01,1,1896052,1895627,425
131465121,28.9112,6.48937,453,37223,0.0617115,0.09,1,1896080,1895627,453
131468041,37.7822,26.8979,461,37280,0.0123423,0,1,1896120,1895659,461
131470961,30.7564,35.7796,452,37337,0.0104685,0.01,1,1896149,1895697,452
131473881,42.1513,27.9559,471,37394,0.0420937,0.13,1,1896194,1895723,471
131476801,31.6303,42.3912,454,37451,0.0644187,0.13,1,1896223,1895769,454
131479721,29.5261,30.0782,456,37507,0.0528837,0.13,1,1896252,1895796,456
131482641,54.7052,28.4156,489,37563,0.114577,0.17,1,1896313,1895824,489
131485561,28.541,52.8831,452,37619,0.142915,0.17,1,1896335,1895883,452
131488481,28.1082,31.3766,454,37675,0.180583,0.17,1,1896363,1895909,454
131491401,40.0216,25.4753,473,37731,0.172117,0.05,1,1896406,1895933,473
131494321,36.8043,45.8951,458,37787,0.122423,0.01,1,1896442,1895984,458
131497241,34.5609,38.779,455,37843,0.0804847,0.03,1,1896476,1896021,455
131500161,28.5122,32.5558,451,37899,0.0720969,0.07,1,1896503,1896052,451
131503081,36.1024,28.9112,461,37955,0.0704194,0,1,1896541,1896080,461
131506001,30.4205,37.7822,450,38011,0.0220839,0.01,1,1896570,1896120,450
131508921,43.6841,30.7564,468,38067,0.0924168,0.05,1,1896617,1896149,468
131511841,32.7368,42.1513,453,38122,0.122483,0.07,1,1896647,1896194,453
131514761,31.3474,31.6303,455,38177,0.128497,0.05,1,1896678,1896223,455
131517681,55.8695,29.5261,488,38232,0.177699,0.13,1,1896740,1896252,488
131520601,29.5739,54.7052,450,38287,0.20354,0.15,1,1896763,1896313,450
131523521,28.3148,28.541,456,38342,0.208708,0.19,1,1896791,1896335,456
131526441,40.863,28.1082,472,38397,0.209742,0.17,1,1896835,1896363,472
131529361,34.5726,40.0216,462,38452,0.241948,0.11,1,1896868,1896406,462
131532281,30.9145,36.8043,456,38507,0.26439,0.07,1,1896898,1896442,456
131535201,29.3829,34.5609,451,38562,0.220878,0.07,1,1896927,1896476,451
131538121,34.6766,28.5122,460,38617,0.228176,0.07,1,1896963,1896503,460
131541041,8.53532,36.1024,424,38672,0.229635,0.01,1,1896965,1896541,424
131543961,23.3071,30.4205,422,38727,0.261927,0.11,1,1896992,1896570,422
131546881,46.2614,43.6841,427,38782,0.220385,0.13,1,1897044,1896617,427
131549801,34.0523,32.7368,428,38836,0.260077,0.13,1,1897075,1896647,428
131552721,32.4105,31.3474,429,38890,0.300015,0.19,1,1897107,1896678,429
131555641,57.6821,55.8695,431,38944,0.292003,0.21,1,1897171,1896740,431
131558561,30.7364,29.5739,432,38998,0.306401,0.21,1,1897195,1896763,432
131561481,28.5473,28.3148,432,39052,0.29328,0.21,1,1897223,1896791,432
131564401,40.9095,40.863,432,39106,0.290656,0.25,1,1897267,1896835,432
131567321,36.9819,34.5726,435,39160,0.290131,0.27,1,1897303,1896868,435
131570241,31.3964,30.9145,435,39214,0.306026,0.21,1,1897333,1896898,435
131573161,27.0793,29.3829,432,39268,0.309205,0.23,1,1897359,1896927,432
131576081,35.0159,34.6766,433,39322,0.261841,0.23,1,1897396,1896963,433
131579001,8.60317,8.53532,433,39376,0.252368,0.27,1,1897398,1896965,433
131581921,21.7206,23.3071,431,39430,0.282474,0.21,1,1897423,1896992,431
131584841,46.7441,46.2614,432,39484,0.320495,0.27,1,1897476,1897044,432
131587761,35.7488,34.0523,434,39537,0.344099,0.31,1,1897509,1897075,434
131590681,33.5498,32.4105,435,39590,0.38082,0.29,1,1897542,1897107,435
131593601,57.91,57.6821,435,39643,0.372164,0.31,1,1897606,1897171,435
131596521,30.782,30.7364,435,39696,0.418433,0.29,1,1897630,1897195,435
131599441,29.3564,28.5473,436,39749,0.379687,0.29,1,1897659,1897223,436
131602361,41.0713,40.9095,436,39802,0.419937,0.29,1,1897703,1897267,436
131605281,35.4143,36.9819,434,39855,0.411987,0.31,1,1897737,1897303,434
131608201,31.8829,31.3964,435,39908,0.426398,0.31,1,1897768,1897333,435
131611121,27.1766,27.0793,435,39961,0.39728,0.25,1,1897794,1897359,435
131614041,34.2353,35.0159,434,40014,0.407456,0.25,1,1897830,1897396,434
131616961,8.44706,8.60317,434,40067,0.409491,0.25,1,1897832,1897398,434
131619881,22.4894,1.72063,460,40120,0.425898,0.29,1,1897858,1897398,460
131622801,47.6979,20.3441,489,40173,0.44518,0.33,1,1897912,1897423,489
131625721,35.9396,46.4688,469,40226,0.449036,0.35,1,1897945,1897476,469
131628641,35.1879,35.6938,471,40278,0.449807,0.39,1,1897980,1897509,471
131631561,59.0376,33.5388,503,40330,0.481961,0.37,1,1898045,1897542,503
131634481,31.8075,57.9078,464,40382,0.504392,0.43,1,1898070,1897606,464
131637401,28.7615,30.7816,468,40434,0.524878,0.37,1,1898098,1897630,468
131640321,41.7523,29.3563,484,40486,0.592976,0.43,1,1898143,1897659,484
131643241,36.3505,41.0713,475,40538,0.622595,0.41,1,1898178,1897703,475
131646161,31.2701,35.4143,471,40590,0.628519,0.43,1,1898208,1897737,471
131649081,27.854,31.8829,467,40642,0.613704,0.39,1,1898235,1897768,467
131652001,34.3708,27.1766,477,40694,0.642741,0.41,1,1898271,1897794,477
131654921,8.47416,34.2353,443,40746,0.648548,0.41,1,1898273,1897830,443
131657841,24.0948,8.44706,469,40798,0.68171,0.43,1,1898301,1897832,469
131660761,48.019,22.4894,497,40850,0.704342,0.45,1,1898355,1897858,497
131663681,36.0038,47.6979,476,40902,0.708868,0.45,1,1898388,1897912,476
131666601,35.2008,35.9396,478,40954,0.741774,0.45,1,1898423,1897945,478
131669521,60.6402,35.1879,510,41006,0.764355,0.49,2,1898490,1897980,510
131672441,33.728,59.0376,472,41057,0.768871,0.51,2,1898517,1898045,472
131675361,30.7456,31.8075,477,41108,0.785774,0.53,2,1898547,1898070,477
131678281,43.7491,28.7615,496,41159,0.853155,0.61,2,1898594,1898098,496
131681201,37.5498,41.7523,487,41210,0.882631,0.63,2,1898630,1898143,487
131684121,31.51,36.3505,482,41261,0.904526,0.63,2,1898660,1898178,482
131687041,28.702,31.2701,480,41312,0.908905,0.61,2,1898688,1898208,480
131689961,34.5404,27.854,489,41363,0.925781,0.65,2,1898724,1898235,489
131692881,8.50808,34.3708,455,41414,0.929156,0.65,2,1898726,1898271,455
131695801,26.5016,8.47416,484,41465,0.945831,0.69,2,1898757,1898273,484
131882681,20,30,498,44605,0.85,1,2,1900926,1900428,498
131885601,47.2,54.8,491,44652,0.722,1,1,1900980,1900489,491
131888521,37.44,32.56,499,44699,0.7124,1,1,1901015,1900516,499
131891441,25.088,33.712,487,44746,0.75848,1,2,1901037,1900550,487
131894361,37.0176,33.1424,494,44793,0.687696,1,1,1901077,1900583,494
131897281,33.8035,32.2285,495,44840,0.737539,1,1,1901110,1900615,495
131900201,26.7607,35.2457,484,44887,0.651508,0.89,1,1901135,1900651,484
131903121,34.1521,33.4491,487,44934,0.746302,0.92,1,1901171,1900684,487
131906041,18.8304,31.4898,471,44981,0.78126,0.97,2,1901186,1900715,471
131908961,24.5661,31.098,466,45028,0.756252,0.94,2,1901212,1900746,466
131911881,32.9132,35.0196,465,45075,0.79925,1,2,1901247,1900782,465
131914801,24.1826,23.0039,467,45122,0.79185,0.95,2,1901269,1900802,467
131917721,37.6365,39.0008,465,45169,0.80637,0.93,2,1901310,1900845,465
131920641,33.1273,34.2002,464,45216,0.777274,0.83,2,1901342,1900878,464
131923561,28.2255,29.24,463,45263,0.803455,0.85,2,1901369,1900906,463
131926481,19.2451,21.848,460,45310,0.792691,0.69,2,1901386,1900926,460
131929401,43.849,47.5696,456,45357,0.790538,0.71,2,1901436,1900980,456
131932321,39.1698,37.5139,459,45403,0.854108,0.77,2,1901474,1901015,459
131935241,27.834,25.1028,462,45449,0.866822,0.67,2,1901499,1901037,462
131938161,35.1668,37.0206,459,45495,0.885364,0.75,2,1901536,1901077,459
131941081,35.0334,33.8041,461,45541,0.921073,0.63,2,1901571,1901110,461
131944001,27.0067,26.7608,461,45587,0.928215,0.77,2,1901596,1901135,461
131946921,35.0013,34.1522,462,45633,0.913643,0.79,2,1901633,1901171,462
131949841,16.6003,18.8304,459,45679,0.910729,0.75,2,1901645,1901186,459
131952761,24.1201,24.5661,459,45725,0.926146,0.81,2,1901671,1901212,459
131955681,32.024,32.9132,458,45771,0.929229,0.79,2,1901705,1901247,458
131958601,24.8048,24.1826,459,45817,0.913846,0.81,2,1901728,1901269,459
131973201,50,17,508,46047,0.93,0.79,2,1901894,1901386,508
132136721,30,33,500,48546,0.75,1,2,1903630,1903130,500
132139641,32.4,27.4,507,48589,0.654,1,1,1903663,1903156,507
132142561,25.68,35.88,493,48632,0.6188,1,1,1903687,1903194,493
132145481,32.336,32.776,495,48675,0.59576,0.97,1,1903721,1903226,495
132148401,33.6672,32.1552,497,48718,0.543152,1,1,1903755,1903258,497
132151321,32.3334,19.231,513,48761,0.50063,1,1,1903787,1903274,513
132154241,19.2667,29.4462,497,48804,0.540126,1,1,1903803,1903306,497
132157161,11.8533,29.8892,477,48847,0.516025,1,1,1903813,1903336,477
132160081,29.5707,5.97785,511,48890,0.431205,1,1,1903847,1903336,511
132163001,31.5141,29.1956,508,48933,0.446241,1,1,1903879,1903371,508
132165921,31.9028,30.6391,509,48976,0.289248,1,1,1903911,1903402,509
132168841,31.1806,35.7278,503,49019,0.24185,1,1,1903942,1903439,503
132171761,28.6361,32.7456,499,49062,0.18437,1,1,1903970,1903471,499
132174681,30.5272,29.7491,501,49105,0.188874,0.92,1,1904001,1903500,501
132177601,28.5054,33.1498,495,49148,0.109775,0.85,1,1904029,1903534,495
132180521,31.3011,35.43,491,49191,0.077955,0.91,1,1904061,1903570,491
132183441,29.4602,31.086,490,49234,0.119591,0.75,1,1904090,1903600,490
132186361,27.492,30.2172,487,49277,0.127918,0.63,1,1904117,1903630,487
132189281,21.4984,32.4434,474,49320,0.129584,0.61,1,1904137,1903663,474
132192201,29.0997,25.6887,481,49363,0.177917,0.59,1,1904168,1903687,481
132195121,31.4199,32.3377,479,49406,0.139583,0.53,1,1904200,1903721,479
132198041,31.084,33.6675,476,49449,0.163917,0.49,1,1904231,1903755,476
132200961,20.6168,32.3335,462,49492,0.152783,0.55,1,1904249,1903787,462
132203881,11.3234,19.2667,455,49535,0.166557,0.51,1,1904258,1903803,455
132206801,27.0647,11.8533,476,49578,0.185311,0.41,1,1904289,1903813,476
132209721,27.8129,29.5707,470,49620,0.189062,0.45,1,1904317,1903847,470
132212641,27.1626,31.5141,465,49662,0.189812,0.25,1,1904344,1903879,465
132215561,27.8325,31.9028,461,49704,0.221962,0.23,1,1904372,1903911,461
132218481,29.5665,31.1806,460,49746,0.244392,0.17,1,1904402,1903942,460
132221401,27.5133,28.6361,459,49788,0.232878,0.19,1,1904429,1903970,459
132224321,27.1027,30.5272,455,49830,0.262576,0.09,1,1904456,1904001,455
132227241,31.0205,28.5054,459,49872,0.236515,0.07,1,1904488,1904029,459
132230161,29.4041,31.3011,456,49914,0.279303,0.13,1,1904517,1904061,456
132233081,29.0808,29.4602,456,49956,0.319861,0.13,1,1904546,1904090,456
132236001,20.2162,27.492,447,49998,0.327972,0.13,1,1904564,1904117,447
132238921,28.0432,21.4984,457,50040,0.345594,0.19,1,1904594,1904137,457
132241841,33.6086,29.0997,461,50082,0.365119,0.13,1,1904629,1904168,461
132244761,30.7217,31.4199,459,50124,0.417024,0.17,1,1904659,1904200,459
132247681,20.5443,31.084,446,50166,0.395405,0.15,1,1904677,1904231,446
132250601,12.1089,20.6168,438,50208,0.407081,0.17,1,1904687,1904249,438
132253521,28.0218,11.3234,461,50250,0.425416,0.19,1,1904719,1904258,461
132256441,26.4044,27.0647,456,50292,0.445083,0.19,1,1904745,1904289,456
132259361,6.88087,27.8129,430,50334,0.449017,0.19,1,1904747,1904317,430
132262281,23.7762,27.1626,431,50376,0.449803,0.23,1,1904775,1904344,431
132265201,27.1552,27.8325,431,50418,0.497961,0.25,1,1904803,1904372,431
132268121,30.231,29.5665,432,50460,0.459592,0.23,1,1904834,1904402,432
132271041,28.4462,27.5133,433,50502,0.451918,0.27,1,1904862,1904429,433
132273961,27.2892,27.1027,433,50544,0.466384,0.23,1,1904889,1904456,433
132276881,32.6578,31.0205,435,50586,0.469277,0.29,1,1904923,1904488,435
132279801,32.1316,29.4041,438,50628,0.533855,0.33,1,1904955,1904517,438
132282721,29.6263,29.0808,438,50670,0.562771,0.33,1,1904984,1904546,438
132285641,21.1253,20.2162,439,50712,0.600554,0.35,1,1905003,1904564,439
132288561,28.2251,28.0432,439,50754,0.576111,0.37,1,1905033,1904594,439
132291481,34.445,33.6086,440,50795,0.603222,0.43,1,1905069,1904629,440
132294401,31.689,30.7217,441,50836,0.656644,0.39,1,1905100,1904659,441
132297321,21.5378,20.5443,442,50877,0.651329,0.41,1,1905119,1904677,442
132300241,12.3076,12.1089,442,50918,0.618266,0.43,1,1905129,1904687,442
132303161,29.6615,28.0218,444,50959,0.627653,0.45,1,1905163,1904719,444
132306081,26.7323,26.4044,444,51000,0.597531,0.45,1,1905189,1904745,444
132309001,6.94646,6.88087,444,51041,0.623506,0.45,1,1905191,1904747,444
132311921,24.5893,23.7762,445,51082,0.612701,0.51,1,1905220,1904775,445
132314841,27.3179,27.1552,445,51123,0.65854,0.45,1,1905248,1904803,445
132317761,29.4636,30.231,444,51164,0.635708,0.45,1,1905278,1904834,444
132320681,28.2927,28.4462,444,51205,0.663142,0.47,1,1905306,1904862,444
132323601,28.0585,27.2892,445,51246,0.636628,0.47,1,1905334,1904889,445
132326521,32.8117,32.6578,445,51287,0.695326,0.55,1,1905368,1904923,445
132329441,34.5623,32.1316,448,51328,0.723065,0.57,1,1905403,1904955,448
132332361,32.5125,29.6263,451,51369,0.744613,0.61,1,1905435,1904984,451
132335281,20.9025,21.1253,450,51410,0.780923,0.57,2,1905453,1905003,450
132338201,29.7805,28.2251,452,51451,0.788185,0.61,2,1905485,1905033,452
132341121,34.7561,34.445,452,51492,0.757637,0.67,2,1905521,1905069,452
132344041,32.5512,31.689,453,51533,0.735527,0.65,1,1905553,1905100,453
132346961,20.9102,21.5378,452,51574,0.731106,0.61,1,1905571,1905119,452
132349881,12.982,12.3076,453,51615,0.746221,0.63,1,1905582,1905129,453
132352801,28.1964,29.6615,451,51656,0.765244,0.59,2,1905614,1905163,451
132355721,26.4393,26.7323,451,51697,0.785049,0.63,2,1905640,1905189,451
132358641,6.88786,6.94646,451,51738,0.78901,0.61,2,1905642,1905191,451
132361561,25.3776,24.5893,452,51779,0.757802,0.61,2,1905672,1905220,452
132364481,27.4755,4.91786,480,51820,0.78356,0.67,2,1905700,1905220,480
132367401,29.4951,23.3836,482,51861,0.788712,0.63,2,1905730,1905248,482
132370321,28.299,28.6767,480,51902,0.805742,0.67,2,1905758,1905278,480
132373241,28.0598,28.1353,480,51943,0.809148,0.63,2,1905786,1905306,480
132376161,36.012,28.0271,490,51984,0.80983,0.71,2,1905824,1905334,490
132379081,34.4024,32.8054,490,52025,0.809966,0.73,2,1905858,1905368,490
132382001,34.8805,34.5611,490,52065,0.793993,0.75,2,1905893,1905403,490
132384921,21.3761,32.5122,476,52105,0.806799,0.79,2,1905911,1905435,476
132387841,28.2752,20.9024,488,52145,0.85736,0.79,2,1905941,1905453,488
132390761,35.255,29.7805,493,52185,0.899472,0.75,2,1905978,1905485,493
132393681,32.651,34.7561,489,52225,0.923894,0.73,2,1906010,1905521,489
132396601,20.9302,32.5512,475,52265,0.928779,0.73,2,1906028,1905553,475
132399521,12.986,20.9102,468,52305,0.945756,0.75,2,1906039,1905571,468
132402441,28.1972,12.982,489,52345,0.949151,0.77,2,1906071,1905582,489
132615601,27,31,528,55202,0.91,1,2,1908073,1907545,528
132618521,33.4,36.6,525,55240,0.782,1,2,1908108,1907583,525
132621441,29.88,28.12,528,55278,0.7404,1,1,1908137,1907609,528
132624361,23.576,16.824,536,55316,0.76408,1,2,1908159,1907623,536
132681301,396.715,460.165,455,24820,0.192816,0.53,1,1908649,1908194,455
132684221,116.143,128.833,455,25633,0.0945632,0.37,1,1908695,1908240,455
132687141,63.2286,56.1666,467,25716,0.0749126,0.19,1,1908745,1908278,467
132690061,59.8457,65.6333,458,25798,0.0709825,0.07,1,1908804,1908346,458
132692981,72.7691,60.3267,475,25880,0.0381965,0.07,1,1908880,1908405,475
132695901,57.7538,83.2653,440,25962,0.159639,0.03,1,1908934,1908494,440
132698821,61.1508,50.2531,460,26044,0.119928,0.05,1,1908996,1908536,460
132701741,45.8302,72.4506,424,26125,0.159986,0.05,1,1909038,1908614,424
132704661,25.966,24.0901,433,26206,0.151997,0.05,1,1909059,1908626,433
132707581,51.5932,23.218,468,26287,0.134399,0.07,1,1909117,1908649,468
132710501,51.9186,41.4436,474,26368,0.13088,0.07,1,1909169,1908695,474
132713421,59.1837,48.2887,485,26448,0.146176,0.07,1,1909230,1908745,485
132716341,69.4367,56.8577,498,26528,0.101235,0.03,1,1909302,1908804,498
132719261,61.8873,72.1715,482,26608,0.124247,0.19,1,1909362,1908880,482
132722181,60.3775,57.6343,488,26688,0.160849,0.11,1,1909422,1908934,488
132725101,46.4755,61.1269,469,26767,0.15217,0.17,1,1909465,1908996,469
132728021,25.2951,45.8254,447,26846,0.150434,0.15,1,1909485,1909038,447
132730941,6.65902,25.9651,428,26925,0.150087,0.13,1,1909487,1909059,428
132733861,47.7318,51.593,428,27004,0.198017,0.13,1,1909545,1909117,428
132736781,51.1464,51.9186,428,27082,0.175603,0.15,1,1909597,1909169,428
132739701,59.8293,59.1837,429,27160,0.251121,0.09,1,1909659,1909230,429
132742621,65.5659,69.4367,424,27238,0.218224,0.13,1,1909726,1909302,424
132745541,65.1132,61.8873,429,27316,0.259645,0.17,1,1909791,1909362,429
132748461,61.8226,60.3775,430,27394,0.331929,0.15,1,1909852,1909422,430
132751381,45.9645,46.4755,429,27471,0.378386,0.15,1,1909894,1909465,429
132754301,25.1929,25.2951,429,27548,0.403677,0.15,1,1909914,1909485,429
132757221,6.63858,6.65902,429,27625,0.440735,0.21,1,1909916,1909487,429
132760141,48.5277,47.7318,430,27702,0.464147,0.17,1,1909975,1909545,430
132763061,52.1055,51.1464,431,27778,0.500829,0.27,1,1910028,1909597,431
132765981,61.6211,59.8293,433,27854,0.476166,0.21,1,1910092,1909659,433
132768901,65.1242,65.5659,432,27930,0.471233,0.27,1,1910158,1909726,432
132771821,67.4248,65.1132,435,28006,0.486247,0.35,1,1910226,1909791,435
132774741,65.485,61.8226,439,28082,0.489249,0.39,1,1910291,1909852,439
132777661,49.097,45.9645,442,28157,0.55385,0.41,1,1910336,1909894,442
132780581,25.8194,25.1929,442,28232,0.53477,0.45,1,1910356,1909914,442
132783501,6.76388,6.63858,442,28307,0.530954,0.47,1,1910358,1909916,442
132786421,50.9528,48.5277,445,28382,0.562191,0.47,1,1910420,1909975,445
132789341,51.7906,9.70554,497,28457,0.584438,0.51,1,1910472,1909975,497
132792261,61.5581,44.3411,508,28531,0.604888,0.47,1,1910536,1910028,508
132795181,65.1116,60.0682,510,28605,0.624978,0.47,1,1910602,1910092,510
132798101,68.2223,64.8136,513,28679,0.644996,0.49,1,1910671,1910158,513
132801021,66.4445,67.3627,511,28753,0.680999,0.49,1,1910737,1910226,511
132803941,50.0889,65.4725,492,28827,0.7042,0.57,1,1910783,1910291,492
132806861,26.0178,49.0945,467,28900,0.72484,0.53,1,1910803,1910336,467
132809781,6.80356,25.8189,449,28973,0.728968,0.53,1,1910805,1910356,449
132812701,52.5607,6.76378,511,29046,0.761794,0.57,2,1910869,1910358,511
132815621,52.9121,50.9528,502,29119,0.784359,0.59,2,1910922,1910420,502
132818541,62.5824,51.7906,515,29192,0.788872,0.61,2,1910987,1910472,515
132821461,66.1165,61.5581,518,29265,0.821774,0.63,2,1911054,1910536,518
132824381,69.2233,65.1116,522,29337,0.828355,0.65,2,1911124,1910602,522
132827301,68.2447,68.2223,521,29409,0.877671,0.69,2,1911192,1910671,521
132830221,52.0489,66.4445,503,29481,0.919534,0.71,2,1911240,1910737,503
132833141,26.4098,50.0889,477,29553,0.895907,0.73,2,1911260,1910783,477
132836061,6.88196,26.0178,459,29625,0.907181,0.73,2,1911262,1910803,459
132938261,31,28,507,32029,0.93,1,2,1912933,1912426,507
132941181,65.4,32.8,547,32095,0.85,1,2,1913007,1912460,547
132944101,74.68,59.36,558,32161,0.85,1,2,1913084,1912526,558
132947021,42.936,75.872,513,32227,0.866,0.98,2,1913119,1912606,513
132949941,25.3872,46.3744,495,32293,0.8532,1,2,1913140,1912645,495
132952861,39.4774,29.2749,513,32359,0.86664,0.98,2,1913183,1912670,513
132955781,31.0955,37.855,502,32424,0.821328,0.95,2,1913212,1912710,502
132958701,57.4191,31.571,536,32489,0.892266,1,2,1913276,1912740,536
132961621,59.4838,59.9142,529,32554,0.922453,0.87,2,1913336,1912807,529
132964541,36.6968,63.9828,495,32619,0.928491,0.89,2,1913367,1912872,495
133081341,33,23,516,35119,0.87,1,2,1915069,1914553,516
133084261,35.4,35,514,35179,0.886,1,2,1915105,1914591,514
133087181,51.08,33.4,536,35239,0.8732,1,2,1915160,1914624,536
133090101,75.016,60.28,550,35299,0.87064,0.85,2,1915241,1914691,550
133093021,35.0032,71.256,501,35359,0.886128,1,2,1915266,1914765,501
133095941,34.2006,41.4512,501,35419,0.905226,1,2,1915300,1914799,501
133285741,61,75,478,19160,0.53,0.92,1,1918868,1918390,478
133288661,63.4,61.4,484,19271,0.322,1,1,1918932,1918448,484
133291581,47.08,43.48,488,19381,0.3924,1,1,1918975,1918487,488
133294501,35.816,37.496,485,19490,0.24648,0.86,1,1919008,1918523,485
133297421,126.363,142.699,465,19599,0.089296,0.86,1,1919157,1918692,465
133300341,106.073,28.5398,566,19707,0.137859,0.67,1,1919258,1918692,566
133303261,65.2145,97.708,506,19815,0.147572,0.53,1,1919313,1918807,506
133306181,55.4429,68.3416,498,19922,0.181514,0.27,1,1919366,1918868,498
133309101,44.6886,64.8683,476,20028,0.140303,0.41,1,1919408,1918932,476
133312021,32.9377,47.3737,463,20134,0.164061,0.21,1,1919438,1918975,463
133314941,119.388,35.8747,571,20239,0.200812,0.05,1,1919579,1919008,571
133317861,108.678,126.375,528,20344,0.224162,0.15,1,1919685,1919157,528
133320781,68.1355,106.075,485,20448,0.260832,0.15,1,1919743,1919258,485
133323701,56.0271,65.215,483,20552,0.284167,0.19,1,1919796,1919313,483
133326621,45.6054,55.443,473,20655,0.352833,0.13,1,1919839,1919366,473
133329541,33.1211,44.6886,461,20758,0.382567,0.17,1,1919869,1919408,461
133332461,121.024,32.9377,574,20860,0.436513,0.21,1,1920012,1919438,574
133335381,109.005,119.388,539,20962,0.447303,0.23,1,1920118,1919579,539
133338301,23.401,108.678,435,21063,0.481461,0.27,1,1920120,1919685,435
133341221,51.0802,68.1355,435,21164,0.520292,0.29,1,1920178,1919743,435
133344141,54.216,56.0271,437,21264,0.528058,0.37,1,1920233,1919796,437
133347061,47.6432,45.6054,440,21364,0.529612,0.39,1,1920279,1919839,440
133349981,34.3286,33.1211,441,21463,0.561922,0.45,1,1920310,1919869,441
133352901,123.666,121.024,444,21562,0.504384,0.45,1,1920456,1920012,444
133355821,109.533,109.005,444,21660,0.524877,0.49,1,1920562,1920118,444
133358741,23.5066,23.401,444,21758,0.496975,0.53,1,1920564,1920120,444
133361661,52.7013,51.0802,446,21855,0.507395,0.53,1,1920624,1920178,446
133364581,55.3403,54.216,447,21952,0.525479,0.53,1,1920680,1920233,447
133367501,47.0681,47.6432,446,22049,0.513096,0.57,1,1920725,1920279,446
133370421,35.8136,34.3286,448,22145,0.510619,0.49,1,1920758,1920310,448
133373341,120.763,123.666,444,22241,0.558124,0.53,1,1920900,1920456,444
133376261,110.553,109.533,446,22336,0.663625,0.49,1,1921008,1920562,446
133379181,23.7105,23.5066,446,22431,0.652725,0.51,1,1921010,1920564,446
133382101,51.9421,52.7013,445,22526,0.714545,0.51,1,1921069,1920624,445
133385021,56.7884,10.5403,503,22620,0.774909,0.53,2,1921127,1920624,503
133387941,47.3577,46.9081,492,22714,0.770982,0.51,2,1921172,1920680,492
133390861,35.8715,45.3816,480,22807,0.786196,0.51,2,1921205,1920725,480
133393781,122.374,35.4763,591,22900,0.885239,0.57,2,1921349,1920758,591
133522261,37,91,509,26668,0.53,1,1,1924026,1923517,509
133525181,41.8,47,516,26747,0.562,1,1,1924069,1923553,516
133528101,29.96,39,506,26826,0.4724,1,1,1924096,1923590,506
133531021,101.992,31.8,596,26905,0.32648,1,1,1924216,1923620,596
133533941,21.9984,103.16,477,26984,0.265296,1,1,1924218,1923741,477
133536861,70.7997,91.032,472,27062,0.141059,1,1,1924301,1923829,472
133539781,46.1599,47.0064,476,27140,0.0682118,0.92,1,1924341,1923865,476
133542701,31.632,36.6013,470,27218,0.0376424,0.75,1,1924369,1923899,470
133545621,67.1264,79.3203,456,27296,0.0315285,0.53,1,1924445,1923989,456
133548541,37.4253,45.4641,449,27374,0.0943057,0.57,1,1924475,1924026,449
133551461,38.6851,43.4928,445,27451,0.0428611,0.45,1,1924514,1924069,445
133554381,30.137,30.2986,446,27528,0.128572,0.29,1,1924542,1924096,446
133557301,92.4274,102.06,434,27605,0.129714,0.25,1,1924650,1924216,434
133560221,20.0855,22.0119,434,27682,0.129943,0.11,1,1924652,1924218,434
133563141,62.4171,70.8024,424,27759,0.113989,0.05,1,1924725,1924301,424
133566061,42.8834,46.1605,422,27835,0.158798,0.03,1,1924763,1924341,422
133568981,30.9767,31.6321,422,27911,0.19976,0.03,1,1924791,1924369,422
133571901,67.7953,67.1264,423,27987,0.175952,0.11,1,1924868,1924445,423
133574821,39.1591,37.4253,425,28063,0.18719,0.03,1,1924900,1924475,425
133577741,37.4318,38.6851,423,28138,0.157438,0.15,1,1924937,1924514,423
133580661,33.0864,30.137,427,28213,0.151488,0.13,1,1924969,1924542,427
133583581,92.2173,92.4274,426,28288,0.230298,0.13,1,1925076,1924650,426
133586501,20.0435,20.0855,426,28363,0.27806,0.13,1,1925078,1924652,426
133589421,62.4087,4.0171,499,28438,0.271612,0.11,1,1925151,1924652,499
133592341,45.2817,59.2034,467,28512,0.318322,0.17,1,1925192,1924725,467
133595261,33.8563,42.2407,460,28586,0.311664,0.21,1,1925223,1924763,460
133598181,65.1713,30.8481,505,28660,0.342333,0.17,1,1925296,1924791,505
133601101,38.6343,67.7696,460,28734,0.348467,0.19,1,1925328,1924868,460
133604021,35.7269,39.1539,463,28808,0.365693,0.15,1,1925363,1924900,463
133606941,34.3454,37.4308,460,28881,0.369139,0.15,1,1925397,1924937,460
133609861,96.4691,33.0862,540,28954,0.433828,0.25,1,1925509,1924969,540
133612781,20.8938,92.2172,435,29027,0.462766,0.29,1,1925511,1925076,435
133615701,63.3788,20.0434,507,29100,0.468553,0.27,1,1925585,1925078,507
133618621,47.8758,62.4087,478,29173,0.437711,0.33,1,1925629,1925151,478
133621541,33.5751,45.2817,467,29246,0.479542,0.31,1,1925659,1925192,467
133624461,66.715,33.8563,511,29318,0.519908,0.35,1,1925734,1925223,511
133627381,38.943,65.1713,470,29390,0.559982,0.35,1,1925766,1925296,470
133630301,36.5886,38.6343,474,29462,0.583996,0.37,1,1925802,1925328,474
133633221,36.1177,35.7269,475,29534,0.588799,0.37,1,1925838,1925363,475
133636141,99.2235,34.3454,556,29606,0.62176,0.45,1,1925953,1925397,556
133639061,21.4447,96.4691,446,29677,0.628352,0.47,1,1925955,1925509,446
133641981,63.4889,20.8938,518,29748,0.62967,0.47,1,1926029,1925511,518
133644901,47.0978,63.3788,487,29819,0.645934,0.43,1,1926072,1925585,487
133647821,11.0196,47.8758,445,29890,0.649187,0.49,1,1926074,1925629,445
133650741,27.0039,33.5751,446,29961,0.649837,0.53,1,1926105,1925659,446
133653661,67.8008,66.715,449,30032,0.697967,0.57,1,1926183,1925734,449
133656581,39.9602,38.943,450,30102,0.723594,0.59,1,1926216,1925766,450
133659501,37.592,36.5886,451,30172,0.712719,0.59,1,1926253,1925802,451
133662421,34.7184,36.1177,449,30242,0.758544,0.63,2,1926287,1925838,449
133665341,102.144,99.2235,453,30312,0.751709,0.63,2,1926406,1925953,453
133668261,22.0287,21.4447,453,30382,0.750342,0.63,2,1926408,1925955,453
133671181,63.6057,63.4889,453,30452,0.766068,0.65,2,1926482,1926029,453
133674101,46.3212,47.0978,452,30521,0.737214,0.65,1,1926524,1926072,452
133677021,10.8642,11.0196,452,30590,0.763443,0.65,2,1926526,1926074,452
133679941,28.5728,27.0039,454,30659,0.768689,0.71,2,1926559,1926105,454
133682861,70.5146,67.8008,457,30728,0.801738,0.73,2,1926640,1926183,457
133685781,41.3029,39.9602,458,30797,0.840348,0.71,2,1926674,1926216,458
133688701,37.0606,37.592,457,30866,0.84807,0.77,2,1926710,1926253,457
133691621,35.4121,34.7184,458,30935,0.897614,0.75,2,1926745,1926287,458
133802581,62,75,473,33435,0.93,1,2,1928514,1928041,473
133805501,39.6,32.6,485,33498,0.898,1,2,1928548,1928063,485
133808421,46.32,35.32,497,33561,0.7636,1,2,1928596,1928099,497
133811341,37.264,30.264,503,33624,0.72072,1,1,1928631,1928128,503
133814261,29.8528,30.0528,501,33687,0.696144,1,1,1928659,1928158,501
133817181,90.7706,107.611,480,33750,0.547229,1,1,1928765,1928285,480
133820101,49.3541,43.9221,491,33813,0.437446,1,1,1928804,1928313,491
133823021,50.6708,56.7844,482,33876,0.415489,1,1,1928855,1928373,482
133825941,33.3342,38.5569,477,33938,0.443098,0.88,1,1928884,1928407,477
133828861,21.0668,23.7114,475,34000,0.40062,0.89,1,1928902,1928427,475
133831781,21.8134,24.7423,472,34062,0.376124,0.93,1,1928924,1928452,472
133834701,49.1627,54.5485,466,34124,0.403225,0.89,1,1928980,1928514,466
133837621,33.0325,38.1097,461,34186,0.408645,0.73,1,1929009,1928548,461
133840541,44.2065,46.0219,460,34248,0.345729,0.73,1,1929056,1928596,460
133843461,35.2413,9.20439,493,34310,0.333146,0.71,1,1929089,1928596,493
133846381,28.6483,29.8409,485,34372,0.298629,0.69,1,1929116,1928631,485
133849301,80.1297,28.3682,550,34434,0.355726,0.51,1,1929209,1928659,550
133852221,43.2259,90.4736,478,34495,0.383145,0.41,1,1929243,1928765,478
133855141,49.4452,49.2947,490,34556,0.372629,0.41,1,1929294,1928804,490
133858061,33.089,50.6589,468,34617,0.450526,0.45,1,1929323,1928855,468
133860981,20.2178,33.3318,456,34678,0.418105,0.39,1,1929340,1928884,456
133863901,21.6436,21.0664,460,34739,0.475621,0.37,1,1929362,1928902,460
133866821,50.7287,21.8133,496,34800,0.471124,0.41,1,1929420,1928924,496
133869741,33.3457,49.1627,469,34861,0.518225,0.41,1,1929449,1928980,469
133872661,41.8691,33.0325,484,34922,0.527645,0.33,1,1929493,1929009,484
133875581,33.1738,44.2065,468,34983,0.513529,0.33,1,1929524,1929056,468
133878501,29.8348,35.2413,464,35043,0.526706,0.29,1,1929553,1929089,464
133881421,82.767,28.6483,533,35103,0.545341,0.37,1,1929649,1929116,533
133884341,45.3534,80.1297,476,35163,0.565068,0.39,1,1929685,1929209,476
133887261,49.8707,43.2259,493,35223,0.553014,0.37,1,1929736,1929243,493
133890181,33.1741,49.4452,471,35283,0.534603,0.47,1,1929765,1929294,471
133893101,21.0348,33.089,460,35343,0.546921,0.41,1,1929783,1929323,460
133896021,21.807,20.2178,465,35403,0.565384,0.49,1,1929805,1929340,465
133898941,53.1614,21.6436,504,35463,0.601077,0.47,1,1929866,1929362,504
133901861,34.6323,50.7287,476,35523,0.624215,0.53,1,1929896,1929420,476
133904781,42.1265,33.3457,491,35583,0.644843,0.53,1,1929940,1929449,491
133907701,34.8253,41.8691,480,35642,0.664969,0.51,1,1929973,1929493,480
133910621,8.56506,33.1738,451,35701,0.668994,0.53,1,1929975,1929524,451
133913541,22.513,29.8348,448,35760,0.669799,0.55,1,1930001,1929553,448
133916461,82.1026,82.767,449,35819,0.74996,0.57,1,1930098,1929649,449
133919381,46.0205,45.3534,450,35878,0.797992,0.55,2,1930135,1929685,450
133922301,49.2041,49.8707,449,35937,0.807598,0.53,2,1930185,1929736,449
133925221,33.0408,33.1741,449,35996,0.79352,0.55,2,1930214,1929765,449
133928141,21.0082,21.0348,449,36055,0.838704,0.57,2,1930232,1929783,449
133931061,22.6016,21.807,450,36114,0.799741,0.61,2,1930255,1929805,450
133933981,55.7203,53.1614,453,36173,0.823948,0.63,2,1930319,1929866,453
133936901,35.9441,34.6323,454,36231,0.81279,0.65,2,1930350,1929896,454
133939821,42.3888,42.1265,454,36289,0.826558,0.67,2,1930394,1929940,454
133942741,35.6778,34.8253,455,36347,0.797312,0.67,2,1930428,1929973,455
133945661,8.73555,8.56506,455,36405,0.791462,0.67,2,1930430,1929975,455
133948581,23.3471,22.513,456,36463,0.806292,0.77,2,1930457,1930001,456
133951501,85.4694,82.1026,460,36521,0.873259,0.81,2,1930558,1930098,460
133954421,46.6939,46.0205,460,36579,0.902652,0.81,2,1930595,1930135,460
133957341,49.3388,49.2041,460,36637,0.89253,0.79,2,1930645,1930185,460
133960261,34.6678,33.0408,462,36695,0.906506,0.85,2,1930676,1930214,462
134109181,31,25,509,39525,0.91,1,2,1932633,1932124,509
134112101,36.6,26.6,520,39578,0.83,1,2,1932671,1932151,520
134115021,31.32,48.52,496,39631,0.75,1,2,1932701,1932205,496
134117941,33.464,36.104,497,39684,0.75,1,1,1932735,1932238,497
134120861,37.8928,52.8208,479,39737,0.67,1,1,1932774,1932295,479
134123781,43.5786,36.1642,492,39790,0.606,1,1,1932819,1932327,492
134126701,31.1157,31.2328,490,39843,0.5932,1,1,1932847,1932357,490
134129621,33.4231,27.0466,498,39896,0.57464,1,1,1932881,1932383,498
134132541,42.6846,51.8093,485,39949,0.474928,1,1,1932926,1932441,485
134135461,48.5369,57.5619,476,40002,0.390986,1,1,1932976,1932500,476
134138381,39.3074,43.5124,473,40055,0.390197,0.95,1,1933013,1932540,473
134141301,31.8615,35.9025,469,40108,0.390039,0.95,1,1933043,1932574,469
134144221,28.7723,7.18049,497,40161,0.326008,0.87,1,1933071,1932574,497
134147141,31.3545,23.8361,501,40214,0.281202,0.91,1,1933103,1932602,501
134150061,35.8709,29.5672,507,40267,0.27224,0.81,1,1933140,1932633,507
134152981,27.1742,36.3134,494,40319,0.254448,0.73,1,1933165,1932671,494
134155901,27.8348,31.2627,492,40371,0.25089,0.75,1,1933193,1932701,492
134158821,31.967,33.4525,491,40423,0.234178,0.65,1,1933226,1932735,491
134161741,42.3934,37.8905,497,40475,0.214836,0.59,1,1933271,1932774,497
134164661,24.4787,43.5781,472,40527,0.210967,0.59,1,1933291,1932819,472
134167581,32.8957,31.1156,479,40579,0.258193,0.57,1,1933326,1932847,479
134170501,40.9791,33.4231,488,40631,0.299639,0.45,1,1933369,1932881,488
134173421,43.3958,42.6846,487,40683,0.339928,0.37,1,1933413,1932926,487
134176341,38.2792,48.5369,474,40735,0.331986,0.39,1,1933450,1932976,474
134179261,30.0558,39.3074,465,40787,0.378397,0.39,1,1933478,1933013,465
134182181,29.2112,31.8615,464,40839,0.371679,0.31,1,1933507,1933043,464
134185101,29.8422,28.7723,466,40891,0.386336,0.27,1,1933537,1933071,466
134188021,35.5684,31.3545,471,40943,0.405267,0.27,1,1933574,1933103,471
134190941,26.3137,35.8709,458,40995,0.409053,0.25,1,1933598,1933140,458
134193861,27.6627,27.1742,461,41046,0.409811,0.25,1,1933626,1933165,461
134196781,31.1325,27.8348,465,41097,0.409962,0.23,1,1933658,1933193,465
134199701,41.4265,31.967,476,41148,0.425992,0.21,1,1933702,1933226,476
134202621,25.0853,42.3934,452,41199,0.413198,0.21,1,1933723,1933271,452
134205541,36.2171,24.4787,471,41250,0.42664,0.27,1,1933762,1933291,471
134208461,43.2434,32.8957,481,41301,0.413328,0.31,1,1933807,1933326,481
134211381,43.8487,40.9791,482,41352,0.426666,0.35,1,1933851,1933369,482
134214301,39.9697,43.3958,477,41403,0.413333,0.33,1,1933890,1933413,477
134217221,28.7939,38.2792,466,41454,0.410667,0.39,1,1933916,1933450,466
134220141,29.7588,30.0558,468,41505,0.426133,0.37,1,1933946,1933478,468
134223061,7.55176,29.2112,441,41556,0.429227,0.39,1,1933948,1933507,441
134225981,26.3104,29.8422,442,41607,0.445845,0.41,1,1933979,1933537,442
134228901,34.8621,35.5684,442,41658,0.513169,0.41,1,1934016,1933574,442
134231821,26.1724,26.3137,442,41709,0.542634,0.41,1,1934040,1933598,442
134234741,27.6345,27.6627,442,41760,0.532527,0.41,1,1934068,1933626,442
134237661,31.1269,31.1325,442,41811,0.578505,0.43,1,1934100,1933658,442
134240581,42.2254,41.4265,443,41861,0.619701,0.41,1,1934145,1933702,443
134243501,26.0451,25.0853,444,41911,0.59594,0.43,1,1934167,1933723,444
134246421,35.609,36.2171,443,41961,0.591188,0.41,1,1934205,1933762,443
134249341,42.3218,43.2434,442,42011,0.590238,0.43,1,1934249,1933807,442
134252261,44.4644,43.8487,443,42061,0.606048,0.41,1,1934294,1933851,443
134255181,39.2929,39.9697,442,42111,0.59321,0.41,1,1934332,1933890,442
134258101,28.6586,28.7939,442,42161,0.606642,0.43,1,1934358,1933916,442
134261021,30.5317,29.7588,443,42211,0.625328,0.43,1,1934389,1933946,443
134263941,7.70634,7.55176,443,42261,0.661066,0.45,1,1934391,1933948,443
134266861,27.9413,26.3104,445,42311,0.668213,0.53,1,1934424,1933979,445
134269781,36.7883,34.8621,447,42361,0.685643,0.55,1,1934463,1934016,447
134272701,26.5577,26.1724,447,42411,0.721129,0.53,1,1934487,1934040,447
134275621,29.3115,27.6345,449,42461,0.744226,0.59,1,1934517,1934068,449
134278541,31.4623,31.1269,449,42511,0.716845,0.63,1,1934549,1934100,449
134281461,43.8925,42.2254,451,42561,0.759369,0.59,2,1934596,1934145,451
134284381,26.3785,26.0451,451,42611,0.767874,0.59,2,1934618,1934167,451
134287301,35.6757,35.609,451,42661,0.801575,0.59,2,1934656,1934205,451
134290221,41.5351,42.3218,450,42710,0.792315,0.61,2,1934699,1934249,450
134293141,44.307,44.4644,450,42759,0.870463,0.59,2,1934744,1934294,450
134296061,40.8614,39.2929,452,42808,0.902093,0.61,2,1934784,1934332,452
134298981,28.9723,28.6586,452,42857,0.940419,0.63,2,1934810,1934358,452
134316501,30,24,486,43151,0.93,0.75,2,1934973,1934487,486
134523821,34,20,516,46496,0.73,1,1,1937340,1936824,516
134526741,34,25.6,523,46541,0.57,1,1,1937374,1936851,523
134529661,27.6,34.72,512,46586,0.57,1,1,1937400,1936888,512
134532581,26.32,33.344,505,46631,0.474,1,1,1937426,1936921,505
134535501,23.664,25.8688,504,46676,0.3428,1,1,1937449,1936945,504
134538421,30.3328,10.7738,529,46721,0.20456,1,1,1937481,1936952,529
134541341,32.4666,27.7548,530,46766,0.096912,1,1,1937514,1936984,530
134590981,388.893,471.151,426,21900,0.0433824,0.01,1,1937992,1937566,426
134593901,154.579,149.43,453,21997,0.0486765,0.03,1,1938088,1937635,453
134596821,94.1157,93.886,452,22093,0.0177353,0.05,1,1938167,1937715,452
134599741,61.2231,62.7772,450,22189,0.0435471,0.01,1,1938220,1937770,450
134602661,61.8446,67.7554,443,22285,0.0327094,0,1,1938282,1937839,443
134605581,30.7689,47.1511,424,22380,0.0465419,0.07,1,1938305,1937881,424
134608501,49.3538,53.4302,423,22475,0.0493084,0.03,1,1938359,1937936,423
134611421,37.0708,26.686,437,22569,0.0338617,0.03,1,1938393,1937956,437
134614341,100.214,34.1372,517,22663,0.0147723,0.05,1,1938509,1937992,517
134617261,83.2428,83.6274,500,22757,0.0589545,0.01,1,1938588,1938088,500
134620181,59.0486,79.9255,474,22850,0.0517909,0.05,1,1938641,1938167,474
134623101,62.2097,58.3851,484,22943,0.0823582,0.03,1,1938704,1938220,484
134626021,30.0419,61.277,444,23035,0.104472,0.05,1,1938726,1938282,444
134628941,49.2084,30.6554,475,23127,0.0608943,0.05,1,1938780,1938305,475
134631861,37.0417,49.3311,455,23219,0.0201789,0.03,1,1938814,1938359,455
134634781,101.008,37.0662,538,23310,0.0120358,0.01,1,1938931,1938393,538
134637701,83.4017,100.213,501,23401,0.0584072,0.07,1,1939010,1938509,501
134640621,60.6803,83.2426,477,23492,0.0676814,0.05,1,1939065,1938588,477
134643541,63.3361,59.0485,488,23582,0.101536,0.09,1,1939129,1938641,488
134646461,31.0672,62.2097,448,23672,0.0923073,0.11,1,1939152,1938704,448
134649381,47.0134,30.0419,477,23762,0.106461,0.05,1,1939203,1938726,477
134652301,35.0027,49.2084,455,23851,0.109292,0.01,1,1939235,1938780,455
134655221,102.201,37.0417,540,23940,0.0778585,0.01,1,1939354,1938814,540
134658141,22.0401,101.008,425,24029,0.0715717,0.07,1,1939356,1938931,425
134661061,67.608,83.4017,425,24117,0.0863143,0.07,1,1939435,1939010,425
134663981,59.1216,60.6803,427,24205,0.0412629,0.11,1,1939492,1939065,427
134666901,63.0243,63.3361,427,24293,0.0322526,0.09,1,1939556,1939129,427
134669821,30.2049,31.0672,426,24380,0.0464505,0.11,1,1939578,1939152,426
134672741,47.641,47.0134,427,24467,0.0972901,0.11,1,1939630,1939203,427
134675661,31.9282,35.0027,423,24554,0.123458,0.07,1,1939658,1939235,423
134678581,103.186,102.201,425,24640,0.0326916,0.07,1,1939779,1939354,425
134681501,22.2371,22.0401,425,24726,0.0145383,0.09,1,1939781,1939356,425
134684421,66.8474,67.608,424,24812,0.0909077,0.03,1,1939859,1939435,424
134687341,57.3695,59.1216,422,24897,0.122182,0.03,1,1939914,1939492,422
134690261,64.2739,63.0243,424,24982,0.0964363,0.05,1,1939980,1939556,424
134693181,30.4548,30.2049,424,25067,0.139287,0.11,1,1940002,1939578,424
134696101,48.491,47.641,425,25152,0.211857,0.13,1,1940055,1939630,425
134699021,33.6982,31.9282,427,25236,0.210371,0.01,1,1940085,1939658,427
134701941,99.5396,103.186,422,25320,0.226074,0.01,1,1940201,1939779,422
134704861,21.5079,22.2371,422,25404,0.229215,0.11,1,1940203,1939781,422
134707781,69.1016,66.8474,425,25487,0.261843,0.11,1,1940284,1939859,425
134710701,57.8203,13.3695,480,25570,0.268369,0.13,1,1940339,1939859,480
134713621,64.3641,46.6739,491,25653,0.269674,0.09,1,1940405,1939914,491
134716541,32.0728,62.1348,449,25736,0.317935,0.15,1,1940429,1939980,449
134719461,51.2146,30.027,483,25818,0.343587,0.23,1,1940485,1940002,483
134722381,35.0429,48.4054,461,25900,0.380717,0.21,1,1940516,1940055,461
134725301,101.409,33.6811,549,25982,0.468143,0.23,1,1940634,1940085,549
134728221,21.8817,99.5362,435,26064,0.485629,0.23,1,1940636,1940201,435
134731141,69.1763,21.5072,514,26145,0.457126,0.27,1,1940717,1940203,514
134734061,58.6353,69.1015,489,26226,0.515425,0.27,1,1940773,1940284,489
134736981,65.3271,57.8203,501,26307,0.559085,0.27,1,1940840,1940339,501
134739901,33.8654,64.3641,461,26388,0.567817,0.33,1,1940866,1940405,461
134742821,52.3731,32.0728,494,26468,0.633563,0.35,1,1940923,1940429,494
134745741,37.6746,51.2146,472,26548,0.630713,0.39,1,1940957,1940485,472
134748661,103.535,35.0429,561,26628,0.630143,0.49,1,1941077,1940516,561
134751581,22.307,101.409,445,26708,0.630029,0.49,1,1941079,1940634,445
134754501,71.6614,21.8817,527,26787,0.662006,0.45,1,1941163,1940636,527
134757421,60.7323,69.1763,504,26866,0.652401,0.53,1,1941221,1940717,504
134760341,13.7465,58.6353,450,26945,0.65048,0.57,1,1941223,1940773,450
134763261,56.3493,65.3271,450,27024,0.714096,0.57,1,1941290,1940840,450
134766181,32.8699,33.8654,451,27102,0.710819,0.65,1,1941317,1940866,451
134769101,54.574,52.3731,454,27180,0.678164,0.63,1,1941377,1940923,454
134772021,37.3148,37.6746,453,27258,0.671633,0.63,1,1941410,1940957,453
134774941,103.463,103.535,453,27336,0.702327,0.63,1,1941530,1941077,453
134777861,22.2926,22.307,453,27413,0.708465,0.67,1,1941532,1941079,453
134780781,74.0585,71.6614,456,27490,0.757693,0.65,2,1941619,1941163,456
134783701,60.4117,60.7323,455,27567,0.799539,0.65,2,1941676,1941221,455
134786621,13.6823,13.7465,455,27644,0.823908,0.73,2,1941678,1941223,455
134789541,57.1365,56.3493,456,27721,0.860782,0.71,2,1941746,1941290,456
134792461,32.2273,32.8699,455,27797,0.884156,0.67,2,1941772,1941317,455
134795381,53.6455,54.574,454,27873,0.872831,0.67,2,1941831,1941377,454
134798301,36.3291,37.3148,453,27949,0.870566,0.71,2,1941863,1941410,453
134903421,34,32,511,30558,0.85,1,2,1943722,1943211,511
134906341,16.4,35.2,487,30627,0.786,1,2,1943734,1943247,487
134909261,36.88,34.24,495,30696,0.7892,1,2,1943776,1943281,495
134912181,103.376,115.648,479,30765,0.82184,1,2,1943896,1943417,479
134915101,45.4752,49.5296,477,30834,0.844368,0.95,2,1943927,1943450,477
134918021,58.695,59.5059,477,30903,0.768874,1,2,1943989,1943512,477
134920941,47.739,51.1012,473,30971,0.753775,1,2,1944034,1943561,473
134923861,31.9478,32.6202,473,31039,0.750755,0.89,2,1944062,1943589,473
134926781,50.3896,55.324,467,31107,0.798151,0.83,2,1944117,1943650,467
134929701,37.2779,41.4648,463,31175,0.82363,0.85,2,1944151,1943688,463
134932621,32.2556,35.493,460,31243,0.844726,0.77,2,1944182,1943722,460
134935541,15.2511,16.6986,459,31311,0.864945,0.77,2,1944193,1943734,459
134938461,40.6502,3.33972,506,31379,0.820989,0.79,2,1944240,1943734,506
134941381,99.33,34.2679,578,31446,0.860198,0.83,2,1944354,1943776,578
134944301,44.666,102.854,489,31513,0.90004,0.85,2,1944385,1943896,489
135093221,32,34,515,34770,0.63,1,1,1946649,1946134,515
135096141,72,22.8,577,34831,0.438,1,1,1946731,1946154,577
135099061,39.2,82.96,510,34892,0.3676,1,1,1946762,1946252,510
135101981,47.84,53.392,514,34953,0.30552,1,1,1946812,1946298,514
135104901,29.568,38.6784,504,35013,0.261104,0.96,1,1946837,1946333,504
135107821,33.9136,30.1357,511,35073,0.220221,1,1,1946872,1946361,511
135110741,37.9827,38.8271,509,35133,0.180044,1,1,1946911,1946402,509
135113661,42.7965,38.9654,514,35193,0.204009,0.97,1,1946955,1946441,514
135116581,38.9593,45.3931,505,35253,0.128802,0.97,1,1946993,1946488,505
135119501,43.7919,40.2786,511,35313,0.14576,0.91,1,1947038,1946527,511
135122421,34.3584,44.8557,497,35373,0.149152,0.75,1,1947070,1946573,497
135125341,29.2717,44.1711,481,35433,0.14983,0.63,1,1947098,1946617,481
135128261,62.6543,34.4342,520,35493,0.165966,0.39,1,1947169,1946649,520
135131181,39.7309,72.4868,472,35553,0.217193,0.35,1,1947203,1946731,472
135134101,42.3462,39.2974,484,35612,0.211439,0.29,1,1947246,1946762,484
135137021,28.4692,47.8595,459,35671,0.210288,0.25,1,1947271,1946812,459
135139941,7.29385,29.5719,436,35730,0.210058,0.21,1,1947273,1946837,436
135142861,25.4588,33.9144,431,35789,0.274012,0.17,1,1947303,1946872,431
135145781,36.2918,37.9829,431,35848,0.270802,0.21,1,1947342,1946911,431
135148701,40.0583,42.7966,428,35907,0.28616,0.11,1,1947383,1946955,428
135151621,38.4117,38.9593,428,35966,0.257232,0.15,1,1947421,1946993,428
135154541,42.8823,43.7919,427,36025,0.283446,0.15,1,1947465,1947038,427
135157461,34.1765,34.3584,427,36084,0.272689,0.15,1,1947497,1947070,427
135160381,31.6353,29.2717,430,36143,0.302538,0.17,1,1947528,1947098,430
135163301,63.1271,62.6543,430,36201,0.388508,0.23,1,1947599,1947169,430
135166221,40.6254,39.7309,431,36259,0.357701,0.21,1,1947634,1947203,431
135169141,44.1251,42.3462,433,36317,0.36754,0.21,1,1947679,1947246,433
135172061,28.825,28.4692,433,36375,0.353508,0.21,1,1947704,1947271,433
135174981,7.365,7.29385,433,36433,0.350702,0.29,1,1947706,1947273,433
135177901,27.873,25.4588,436,36491,0.38214,0.27,1,1947739,1947303,436
135180821,35.9746,36.2918,435,36549,0.420428,0.29,1,1947777,1947342,435
135183741,39.1949,40.0583,434,36607,0.444086,0.25,1,1947817,1947383,434
135186661,37.439,38.4117,433,36665,0.432817,0.29,1,1947854,1947421,433
135189581,43.4878,42.8823,434,36723,0.494563,0.27,1,1947899,1947465,434
135192501,35.8976,34.1765,436,36781,0.506913,0.31,1,1947933,1947497,436
135195421,32.7795,31.6353,437,36838,0.525383,0.41,1,1947965,1947528,437
135198341,65.7559,63.1271,440,36895,0.545076,0.35,1,1948039,1947599,440
135201261,40.3512,40.6254,439,36952,0.549015,0.37,1,1948073,1947634,439
135204181,43.2702,44.1251,438,37009,0.597803,0.35,1,1948117,1947679,438
135207101,29.454,28.825,439,37066,0.623561,0.35,1,1948143,1947704,439
135210021,7.49081,7.365,439,37123,0.596712,0.39,1,1948145,1947706,439
135212941,28.6982,27.873,440,37180,0.623342,0.39,1,1948179,1947739,440
135215861,36.9396,5.5746,479,37237,0.612668,0.43,1,1948218,1947739,479
135218781,39.3879,31.5149,481,37294,0.610534,0.45,1,1948258,1947777,481
135221701,38.2776,38.303,479,37351,0.626107,0.43,1,1948296,1947817,479
135224621,46.8555,37.2606,491,37408,0.693221,0.51,1,1948345,1947854,491
135227541,36.5711,43.4521,480,37464,0.722644,0.51,1,1948379,1947899,480
135230461,33.7142,35.8904,479,37520,0.760529,0.53,2,1948412,1947933,479
135233381,66.7428,32.7781,522,37576,0.784106,0.55,2,1948487,1947965,522
135236301,41.3486,65.7556,483,37632,0.804821,0.55,2,1948522,1948039,483
135239221,43.4697,40.3511,493,37688,0.776964,0.61,2,1948566,1948073,493
135242141,30.2939,43.2702,476,37744,0.787393,0.63,2,1948593,1948117,476
135245061,7.65879,29.454,452,37800,0.789479,0.59,2,1948595,1948143,452
135247981,28.7318,7.49081,484,37856,0.789896,0.63,2,1948629,1948145,484
135250901,37.7464,28.6982,490,37912,0.789979,0.61,2,1948669,1948179,490
135253821,39.5493,36.9396,491,37968,0.837996,0.61,2,1948709,1948218,491
135256741,39.1099,39.3879,490,38024,0.863599,0.63,2,1948748,1948258,490
135259661,50.222,38.2776,505,38080,0.90072,0.71,2,1948801,1948296,505
135262581,38.8444,46.8555,492,38135,0.908144,0.73,2,1948837,1948345,492
135265501,34.9689,36.5711,492,38190,0.941629,0.77,2,1948871,1948379,492
135268421,67.7938,33.7142,535,38245,0.916326,0.79,2,1948947,1948412,535
135271341,40.7588,66.7428,494,38300,0.927265,0.81,2,1948981,1948487,494
135274261,43.3518,41.3486,503,38355,0.945453,0.77,2,1949025,1948522,503
135411501,35,28,528,40863,0.77,1,2,1950691,1950163,528
135414421,34.2,47.2,510,40915,0.834,1,2,1950725,1950215,510
135417341,31.64,35.04,509,40967,0.7508,1,2,1950756,1950247,509
135420261,71.128,42.208,546,41019,0.65416,1,1,1950837,1950291,546
135423181,42.2256,67.6416,507,41070,0.634832,1,1,1950872,1950365,507
135426101,34.0451,42.3283,503,41121,0.614966,1,1,1950904,1950401,503
135429021,35.609,38.8657,501,41172,0.594993,1,1,1950940,1950439,501
135431941,25.5218,33.3731,492,41223,0.590999,1,1,1950963,1950471,492
135434861,34.7044,19.4746,513,41274,0.5422,1,1,1951000,1950487,513
135437781,28.5409,32.6949,504,41325,0.59644,1,1,1951027,1950523,504
135440701,28.9082,33.739,499,41376,0.607288,1,1,1951056,1950557,499
135443621,32.1816,31.5478,501,41427,0.625458,0.93,1,1951089,1950588,501
135446541,32.8363,32.7096,501,41478,0.629092,0.87,1,1951122,1950621,501
135449461,29.7673,34.5419,495,41529,0.597818,0.77,1,1951151,1950656,495
135452381,7.55345,34.9084,462,41580,0.591564,0.85,1,1951153,1950691,462
135455301,25.5107,34.1817,458,41631,0.622313,0.73,1,1951183,1950725,458
135458221,28.3021,31.6363,456,41682,0.644463,0.63,1,1951212,1950756,456
135461141,66.4604,71.1273,451,41733,0.664892,0.63,1,1951288,1950837,451
135464061,38.8921,42.2255,448,41784,0.684978,0.61,1,1951320,1950872,448
135466981,34.9784,34.0451,450,41835,0.704996,0.59,1,1951354,1950904,450
135469901,36.5957,35.609,451,41885,0.724999,0.59,1,1951391,1950940,451
135472821,24.9191,25.5218,450,41935,0.745,0.53,1,1951413,1950963,450
135475741,36.1838,34.7044,452,41985,0.749,0.61,1,1951452,1951000,452
135478661,29.6368,28.5409,453,42035,0.7178,0.61,1,1951480,1951027,453
135481581,28.3274,28.9082,452,42085,0.77556,0.63,2,1951508,1951056,452
135484501,32.8655,32.1816,453,42135,0.723112,0.63,1,1951542,1951089,453
135487421,32.1731,32.8363,452,42185,0.760622,0.59,2,1951574,1951122,452
135490341,31.2346,29.7673,454,42235,0.784124,0.59,2,1951605,1951151,454
135493261,7.84692,7.55345,454,42285,0.756825,0.63,2,1951607,1951153,454
135496181,25.5694,25.5107,454,42335,0.751365,0.65,2,1951637,1951183,454
135499101,29.1139,28.3021,455,42385,0.750273,0.67,2,1951667,1951212,455
135502021,66.6228,66.4604,455,42435,0.814055,0.69,2,1951743,1951288,455
135504941,40.5246,38.8921,457,42485,0.826811,0.71,2,1951777,1951320,457
135507861,35.3049,34.9784,457,42535,0.861362,0.73,2,1951811,1951354,457
135510781,36.661,36.5957,457,42585,0.900272,0.75,2,1951848,1951391,457
135513701,24.9322,24.9191,457,42635,0.940054,0.75,2,1951870,1951413,457
135712261,37,12,530,45875,0.73,1,1,1954122,1953592,530
135715181,33.8,42.4,513,45921,0.65,1,1,1954155,1953642,513
135718101,29.96,8.48,542,45967,0.554,1,1,1954184,1953642,542
135721021,37.992,44.896,528,46013,0.5188,1,1,1954224,1953696,528
135723941,36.3984,36.9792,529,46059,0.43176,1,1,1954260,1953731,529
135726861,28.0797,35.3958,520,46105,0.286352,1,1,1954286,1953766,520
135729781,22.4159,31.0792,511,46151,0.28927,0.98,1,1954307,1953796,511
135732701,34.0832,27.0158,522,46197,0.241854,1,1,1954344,1953822,522
135735621,31.6166,34.2032,517,46243,0.216371,1,1,1954375,1953858,517
135738541,42.3233,34.0406,528,46289,0.147274,0.87,1,1954420,1953892,528
135741461,26.0647,44.4081,503,46335,0.149455,1,1,1954442,1953939,503
135744381,34.8129,36.0816,506,46381,0.181891,1,1,1954479,1953973,506
135747301,20.5626,36.0163,487,46426,0.172378,0.98,1,1954496,1954009,487
135750221,16.9125,22.4033,484,46471,0.170476,0.9,1,1954512,1954028,484
135753141,26.5825,21.2807,492,46516,0.138095,0.83,1,1954541,1954049,492
135756061,32.5165,33.0561,490,46561,0.163619,0.73,1,1954575,1954085,490
135758981,30.5033,36.2112,483,46606,0.104724,0.63,1,1954605,1954122,483
135761901,25.3007,33.6422,474,46651,0.172945,0.53,1,1954629,1954155,474
135764821,34.6601,29.9284,482,46696,0.202589,0.51,1,1954666,1954184,482
135767741,30.132,37.9857,471,46741,0.240518,0.41,1,1954695,1954224,471
135770661,25.2264,36.3971,459,46786,0.296104,0.25,1,1954719,1954260,459
135773581,21.0453,28.0794,453,46831,0.307221,0.29,1,1954739,1954286,453
135776501,32.2091,22.4159,467,46876,0.309444,0.23,1,1954774,1954307,467
135779421,31.2418,34.0832,461,46921,0.277889,0.21,1,1954805,1954344,461
135782341,40.6484,31.6166,473,46966,0.303578,0.13,1,1954848,1954375,473
135785261,25.7297,42.3233,450,47011,0.276716,0.15,1,1954870,1954420,450
135788181,34.7459,26.0647,465,47056,0.319343,0.19,1,1954907,1954442,465
135791101,21.3492,34.8129,446,47101,0.327869,0.17,1,1954925,1954479,446
135794021,17.0698,20.5626,445,47146,0.329574,0.17,1,1954941,1954496,445
135796941,25.014,16.9125,456,47191,0.329915,0.13,1,1954968,1954512,456
135799861,33.8028,26.5825,463,47236,0.329983,0.17,1,1955004,1954541,463
135802781,29.9606,32.5165,458,47281,0.345997,0.09,1,1955033,1954575,458
135805701,27.5921,30.5033,455,47326,0.365199,0.19,1,1955060,1954605,455
135808621,35.1184,25.3007,468,47371,0.41704,0.21,1,1955097,1954629,468
135811541,8.62368,34.6601,433,47415,0.427408,0.25,1,1955099,1954666,433
135814461,25.7247,30.132,434,47459,0.461482,0.31,1,1955129,1954695,434
135817381,25.1449,25.2264,435,47503,0.420296,0.31,1,1955154,1954719,435
135820301,21.029,21.0453,435,47547,0.444059,0.31,1,1955174,1954739,435
135823221,33.8058,32.2091,437,47591,0.416812,0.27,1,1955211,1954774,437
135826141,29.9612,31.2418,435,47635,0.475362,0.31,1,1955240,1954805,435
135829061,41.9922,40.6484,437,47679,0.487072,0.27,1,1955285,1954848,437
135831981,24.3984,25.7297,435,47723,0.489414,0.33,1,1955305,1954870,435
135834901,36.8797,34.7459,438,47767,0.473883,0.33,1,1955345,1954907,438
135837821,21.7759,21.3492,438,47811,0.518777,0.33,1,1955363,1954925,438
135840741,17.9552,17.0698,439,47855,0.511755,0.33,1,1955380,1954941,439
135843661,24.391,25.014,438,47899,0.542351,0.33,1,1955406,1954968,438
135846581,33.6782,33.8028,438,47943,0.56447,0.35,1,1955442,1955004,438
135849501,30.7356,29.9606,439,47987,0.568894,0.37,1,1955472,1955033,439
135852421,28.5471,27.5921,440,48031,0.553779,0.43,1,1955500,1955060,440
135855341,37.7094,35.1184,443,48075,0.598756,0.43,1,1955540,1955097,443
135858261,9.14188,8.62368,443,48119,0.607751,0.47,1,1955542,1955099,443
135861181,25.8284,25.7247,443,48163,0.60955,0.41,1,1955572,1955129,443
135864101,24.3657,25.1449,442,48207,0.62591,0.45,1,1955596,1955154,442
135867021,20.8731,21.029,442,48251,0.613182,0.41,1,1955616,1955174,442
135869941,33.7746,33.8058,442,48295,0.594636,0.49,1,1955653,1955211,442
135872861,31.5549,29.9612,444,48339,0.638927,0.49,1,1955684,1955240,444
135875781,43.911,41.9922,446,48383,0.695785,0.49,1,1955731,1955285,446
135878701,24.7822,24.3984,446,48427,0.675157,0.47,1,1955751,1955305,446
135881621,36.9564,36.8797,446,48471,0.719031,0.53,1,1955791,1955345,446
135884541,21.7913,21.7759,446,48514,0.759806,0.51,2,1955809,1955363,446
135887461,18.7583,17.9552,447,48557,0.735961,0.55,1,1955827,1955380,447
135890381,24.5517,24.391,447,48600,0.747192,0.57,1,1955853,1955406,447
135893301,34.5103,33.6782,448,48643,0.797439,0.57,2,1955890,1955442,448
135896221,31.7021,30.7356,449,48686,0.823488,0.55,2,1955921,1955472,449
135899141,28.7404,28.5471,449,48729,0.828698,0.61,2,1955949,1955500,449
135902061,38.5481,37.7094,450,48772,0.781739,0.61,2,1955990,1955540,450
135904981,9.30962,9.14188,450,48815,0.772348,0.61,2,1955992,1955542,450
135907901,25.8619,25.8284,450,48858,0.78647,0.61,2,1956022,1955572,450
135910821,24.3724,5.16568,474,48901,0.789294,0.63,2,1956046,1955572,474
135913741,21.6745,20.2331,471,48944,0.805859,0.61,2,1956067,1955596,471
135916661,33.1349,20.0466,487,48987,0.825172,0.59,2,1956103,1955616,487
135919581,32.227,33.6093,482,49030,0.829034,0.65,2,1956135,1955653,482
135922501,46.4454,31.5219,501,49073,0.845807,0.71,2,1956185,1955684,501
135925421,26.0891,43.9044,475,49116,0.897161,0.67,2,1956206,1955731,475
135928341,38.8178,24.7809,497,49159,0.875432,0.73,2,1956248,1955751,497
135931261,22.1636,36.9562,475,49202,0.887087,0.77,2,1956266,1955791,475
135934181,19.6327,21.7912,476,49245,0.905417,0.73,2,1956285,1955809,476
135937101,24.7265,18.7582,484,49288,0.909083,0.75,2,1956311,1955827,484
135940021,36.9453,24.5517,498,49331,0.925817,0.81,2,1956351,1955853,498
135942941,32.9891,34.5103,493,49374,0.929163,0.83,2,1956383,1955890,493
135945861,28.9978,31.7021,490,49417,0.929833,0.83,2,1956411,1955921,490
136230561,58,55,433,24178,0.09,0.01,1,1959548,1959115,433
136233481,54,35,456,24266,0.058,0.07,1,1959601,1959145,456
136236401,62,63,450,24353,0.0356,0.01,1,1959665,1959215,450
136239321,67.6,66.2,452,24440,0.00712,0.05,1,1959734,1959282,452
136242241,79.92,90.04,439,24527,0.041424,0.03,1,1959817,1959378,439
136245161,35.184,42.008,433,24613,0.0162848,0.03,1,1959841,1959408,433
136248081,48.6368,42.8016,442,24699,0.027257,0.05,1,1959893,1959451,442
136251001,25.7274,39.7603,423,24785,0.0934514,0.09,1,1959913,1959490,423
136253921,50.7455,54.3521,422,24871,0.0586903,0.05,1,1959970,1959548,422
136256841,52.5491,53.2704,422,24956,0.0117381,0.03,1,1960023,1959601,422
136259761,61.7098,61.8541,422,25041,0.0263476,0,1,1960087,1959665,422
136262681,69.142,67.5708,424,25126,0.0132695,0.05,1,1960158,1959734,424
136265601,79.4284,79.9142,423,25210,0.0426539,0.01,1,1960240,1959817,423
136268521,35.0857,35.1828,423,25294,0.0325308,0.03,1,1960264,1959841,423
136271441,51.8171,48.6366,427,25378,0.0625062,0.11,1,1960320,1959893,427
136274361,30.3634,25.7273,432,25461,0.100501,0.11,1,1960345,1959913,432
136277281,44.4727,5.14546,480,25544,0.1081,0.05,1,1960393,1959913,480
136280201,49.6945,46.6291,474,25627,0.02162,0,1,1960444,1959970,474
136283121,61.1389,51.7258,485,25710,0.044324,0.03,1,1960508,1960023,485
136286041,69.0278,61.5452,492,25792,0.0168648,0.01,1,1960579,1960087,492
136288961,80.2056,69.109,504,25874,0.027373,0.05,1,1960662,1960158,504
136291881,34.4411,79.4218,445,25956,0.0134746,0.03,1,1960685,1960240,445
136294801,54.8882,35.0844,481,26038,0.0106949,0.07,1,1960745,1960264,481
136297721,30.1776,51.8169,449,26119,0.026139,0.11,1,1960769,1960320,449
136300641,46.0355,30.3634,474,26200,0.0772278,0.11,1,1960819,1960345,474
136303561,46.0071,44.4727,472,26281,0.135446,0,1,1960865,1960393,472
136306481,61.2014,49.6945,486,26362,0.0510891,0.05,1,1960930,1960444,486
136309401,69.0403,61.1389,493,26442,0.0102178,0.01,1,1961001,1960508,493
136312321,80.2081,69.0278,505,26522,0.0260436,0.03,1,1961084,1960579,505
136315241,34.4416,80.2056,445,26602,0.0452087,0.01,1,1961107,1960662,445
136318161,54.8883,34.4411,482,26682,0.0490417,0.01,1,1961167,1960685,482
136321081,30.9777,54.8882,447,26761,0.0498083,0.03,1,1961192,1960745,447
136324001,49.3955,30.1776,477,26840,0.0819617,0.09,1,1961246,1960769,477
136326921,11.4791,46.0355,429,26919,0.0883923,0.15,1,1961248,1960819,429
136329841,37.4958,46.0071,427,26998,0.0576785,0.03,1,1961292,1960865,427
136332761,57.8992,61.2014,425,27076,0.0355357,0,1,1961355,1960930,425
136335681,66.7798,69.0403,423,27154,0.0151071,0.03,1,1961424,1961001,423
136338601,79.756,80.2081,423,27232,0.0430214,0.05,1,1961507,1961084,423
136341521,34.3512,34.4416,423,27310,0.0326043,0.05,1,1961530,1961107,423
136344441,54.8702,54.8883,423,27388,0.0305209,0.05,1,1961590,1961167,423
136347361,31.774,30.9777,424,27465,0.0621042,0.09,1,1961616,1961192,424
136350281,51.1548,49.3955,426,27542,0.0684208,0.09,1,1961672,1961246,426
136353201,11.831,11.4791,426,27619,0.101684,0.05,1,1961674,1961248,426
136356121,36.7662,37.4958,425,27696,0.108337,0.03,1,1961717,1961292,425
136359041,56.1532,57.8992,423,27772,0.189667,0.01,1,1961778,1961355,423
136361961,65.6306,66.7798,422,27848,0.109933,0.05,1,1961846,1961424,422
136364881,79.5261,79.756,422,27924,0.0619867,0.03,1,1961929,1961507,422
136367801,34.3052,34.3512,422,28000,0.0363973,0.03,1,1961952,1961530,422
136370721,54.861,54.8702,422,28076,0.0312795,0.07,1,1962012,1961590,422
136373641,32.5722,31.774,423,28151,0.0622559,0.07,1,1962039,1961616,423
136376561,52.9144,51.1548,425,28226,0.0524512,0.11,1,1962097,1961672,425
136379481,12.1829,11.831,425,28301,0.0824902,0.11,1,1962099,1961674,425
136382401,38.4366,36.7662,427,28376,0.040498,0.11,1,1962144,1961717,427
136385321,58.0873,7.35324,490,28451,0.0960996,0.21,1,1962207,1961717,490
136388241,61.2175,50.2706,491,28525,0.12322,0.09,1,1962269,1961778,491
136391161,77.0435,64.4541,504,28599,0.080644,0.05,1,1962350,1961846,504
136394081,33.8087,79.2908,444,28673,0.0561288,0.03,1,1962373,1961929,444
136397001,54.7617,34.2582,481,28747,0.0352258,0.03,1,1962433,1961952,481
136399921,34.1523,54.8516,450,28821,0.0150452,0.07,1,1962462,1962012,450
136402841,53.2305,32.5703,481,28894,0.043009,0.05,1,1962520,1962039,481
136405761,12.2461,52.9141,425,28967,0.0486018,0.09,1,1962522,1962097,425
136408681,38.4492,12.1828,468,29040,0.0817204,0.03,1,1962567,1962099,468
136411601,60.4898,38.4366,489,29113,0.0723441,0.11,1,1962633,1962144,489
136414521,64.098,58.0873,491,29186,0.134469,0.13,1,1962698,1962207,491
136417441,73.6196,61.2175,505,29259,0.226894,0.07,1,1962774,1962269,505
136420361,32.3239,77.0435,446,29331,0.261379,0.05,1,1962796,1962350,446
136423281,53.6648,33.8087,482,29403,0.300276,0.03,1,1962855,1962373,482
136426201,33.133,54.7617,450,29475,0.308055,0.01,1,1962883,1962433,450
136429121,54.6266,34.1523,481,29547,0.277611,0.05,1,1962943,1962462,481
136432041,12.5253,53.2305,425,29619,0.271522,0.05,1,1962945,1962520,425
136434961,38.5051,12.2461,468,29690,0.254304,0.09,1,1962990,1962522,468
136437881,61.301,38.4492,490,29761,0.250861,0.07,1,1963057,1962567,490
136440801,69.8602,60.4898,496,29832,0.266172,0.15,1,1963129,1962633,496
136443721,15.572,64.098,433,29903,0.269234,0.25,1,1963131,1962698,433
136446641,64.7144,73.6196,434,29974,0.365847,0.27,1,1963208,1962774,434
136449561,31.3429,32.3239,435,30045,0.401169,0.31,1,1963231,1962796,435
136452481,55.0686,53.6648,437,30115,0.424234,0.31,1,1963292,1962855,437
136455401,33.4137,33.133,437,30185,0.444847,0.27,1,1963320,1962883,437
136458321,53.0827,54.6266,435,30255,0.432969,0.27,1,1963378,1962943,435
136461241,12.2165,12.5253,435,30325,0.462594,0.25,1,1963380,1962945,435
136464161,38.4433,38.5051,435,30395,0.452519,0.25,1,1963425,1962990,435
136467081,60.4887,61.301,434,30465,0.482504,0.27,1,1963491,1963057,434
136470001,72.0977,69.8602,437,30534,0.568501,0.27,1,1963566,1963129,437
136472921,16.0195,15.572,437,30603,0.5537,0.39,1,1963568,1963131,437
136475841,66.4039,64.7144,439,30672,0.61474,0.41,1,1963647,1963208,439
136478761,32.4808,31.3429,440,30741,0.594948,0.43,1,1963671,1963231,440
136481681,56.0962,55.0686,441,30810,0.65499,0.45,1,1963733,1963292,441
136484601,34.4192,33.4137,442,30879,0.682998,0.43,1,1963762,1963320,442
136487521,54.0838,53.0827,443,30948,0.6726,0.47,1,1963821,1963378,443
136490441,12.4168,12.2165,443,31016,0.70252,0.45,1,1963823,1963380,443
136493361,39.2834,38.4433,444,31084,0.676504,0.49,1,1963869,1963425,444
136496281,62.2567,60.4887,446,31152,0.703301,0.59,1,1963937,1963491,446
136499201,74.8513,72.0977,449,31220,0.72466,0.55,1,1964015,1963566,449
136502121,16.5703,16.0195,449,31288,0.728932,0.55,1,1964017,1963568,449
136505041,67.3141,3.20391,529,31356,0.761786,0.63,2,1964097,1963568,529
136507961,33.4628,63.8408,475,31423,0.752357,0.59,2,1964122,1963647,475
136510881,58.6926,31.9682,516,31490,0.798471,0.67,2,1964187,1963671,516
136513801,34.1385,55.9936,482,31557,0.807694,0.69,2,1964215,1963733,482
136516721,54.8277,34.3987,513,31624,0.809539,0.67,2,1964275,1963762,513
136519641,12.5655,54.0797,456,31691,0.809908,0.71,2,1964277,1963821,456
136522561,39.3131,12.4159,500,31758,0.841982,0.67,2,1964323,1963823,500
136525481,62.2626,39.2832,522,31825,0.880396,0.71,2,1964391,1963869,522
136528401,75.6525,62.2566,533,31891,0.872079,0.73,2,1964470,1963937,533
136531321,16.7305,74.8513,457,31957,0.870416,0.73,2,1964472,1964015,457
136534241,70.5461,16.5703,539,32023,0.902083,0.77,2,1964556,1964017,539
136537161,34.9092,67.3141,485,32089,0.908417,0.75,2,1964582,1964097,485
136668561,46,25,530,34932,0.61,1,1,1966564,1966034,530
136671481,41.2,49,515,34993,0.546,1,1,1966604,1966089,515
136674401,35.44,35.4,517,35053,0.4692,1,1,1966638,1966121,517
136677321,32.688,37.48,511,35113,0.42184,1,1,1966670,1966159,511
136680241,35.3376,30.696,518,35173,0.332368,1,1,1966706,1966188,518
136683161,37.4675,30.1392,526,35233,0.234474,1,1,1966744,1966218,526
136686081,79.4935,61.2278,547,35293,0.118895,1,1,1966834,1966287,547
136689001,38.2987,71.4456,501,35353,0.0637789,1,1,1966862,1966361,501
136691921,61.2597,36.6891,540,35413,0.0527558,0.99,1,1966929,1966389,540
136694841,30.6519,68.1378,487,35473,0.0505512,0.91,1,1966952,1966465,487
136697761,22.9304,34.4276,482,35533,0.0341102,0.79,1,1966973,1966491,482
136700681,39.7861,28.4855,499,35592,0.046822,0.61,1,1967017,1966518,499
136703601,33.5572,42.4971,485,35651,0.0493644,0.53,1,1967049,1966564,485
136706521,8.31144,40.4994,447,35710,0.0498729,0.45,1,1967051,1966604,447
136709441,26.4623,35.2999,444,35769,0.0819746,0.41,1,1967082,1966638,444
136712361,28.4925,32.66,441,35828,0.0723949,0.31,1,1967111,1966670,441
136715281,28.0985,35.332,433,35887,0.102479,0.21,1,1967139,1966706,433
136718201,35.2197,37.4664,432,35946,0.0764958,0.09,1,1967176,1966744,432
136721121,71.8439,79.4933,423,36005,0.151299,0.05,1,1967257,1966834,423
136724041,36.7688,38.2987,423,36064,0.10226,0.05,1,1967285,1966862,423
136726961,61.7538,61.2597,424,36123,0.060452,0.05,1,1967353,1966929,424
136729881,29.1508,30.6519,422,36182,0.10009,0.03,1,1967374,1966952,422
136732801,24.2301,22.9304,424,36240,0.0600181,0.05,1,1967397,1966973,424
136735721,40.046,39.7861,424,36298,0.0200036,0.05,1,1967441,1967017,424
136738641,33.6092,33.5572,424,36356,0.0440007,0.05,1,1967473,1967049,424
136741561,8.32184,8.31144,424,36414,0.0488001,0.09,1,1967475,1967051,424
136744481,26.4644,26.4623,424,36472,0.12976,0.07,1,1967506,1967082,424
136747401,29.2929,28.4925,425,36530,0.129952,0.11,1,1967536,1967111,425
136750321,30.6586,28.0985,428,36588,0.16199,0.07,1,1967567,1967139,428
136753241,31.7317,35.2197,423,36646,0.184398,0.17,1,1967599,1967176,423
136756161,73.5463,71.8439,426,36704,0.18888,0.09,1,1967683,1967257,426
136759081,33.9093,36.7688,422,36762,0.205776,0.05,1,1967707,1967285,422
136762001,64.3819,61.7538,426,36819,0.257155,0.11,1,1967779,1967353,426
136764921,28.8764,29.1508,425,36876,0.235431,0.05,1,1967799,1967374,425
136767841,23.3753,24.2301,424,36933,0.247086,0.01,1,1967821,1967397,424
136770761,38.2751,40.046,422,36990,0.281417,0.05,1,1967863,1967441,422
136773681,33.255,33.6092,422,37047,0.256283,0.05,1,1967895,1967473,422
136776601,8.251,8.32184,422,37104,0.219257,0.15,1,1967897,1967475,422
136779521,30.4502,26.4644,427,37161,0.227851,0.15,1,1967933,1967506,427
136782441,30.89,5.29287,458,37218,0.18157,0.13,1,1967964,1967506,458
136785361,30.178,25.0586,458,37275,0.220314,0.17,1,1967994,1967536,458
136788281,32.4356,29.8117,460,37332,0.260063,0.19,1,1968027,1967567,460
136791201,75.2871,31.5623,514,37389,0.268013,0.19,1,1968113,1967599,514
136794121,35.0574,73.5125,455,37446,0.253603,0.21,1,1968138,1967683,455
136797041,65.4115,33.9025,504,37502,0.250721,0.27,1,1968211,1967707,504
136799961,29.8823,64.3805,453,37558,0.250144,0.23,1,1968232,1967779,453
136802881,23.5765,28.8761,455,37614,0.266029,0.25,1,1968254,1967799,455
136805801,36.7153,23.3752,473,37670,0.269206,0.29,1,1968294,1967821,473
136808721,32.9431,38.275,463,37726,0.269841,0.25,1,1968326,1967863,463
136811641,8.18861,33.255,433,37782,0.269968,0.21,1,1968328,1967895,433
136814561,29.6377,8.251,466,37838,0.317994,0.23,1,1968363,1967897,466
136817481,31.5275,30.4502,462,37894,0.327599,0.17,1,1968395,1967933,462
136820401,31.1055,30.89,462,37950,0.34552,0.23,1,1968426,1967964,462
136823321,34.2211,30.178,467,38006,0.349104,0.27,1,1968461,1967994,467
136826241,75.6442,32.4356,520,38062,0.429821,0.27,1,1968547,1968027,520
136829161,34.3288,75.2871,458,38118,0.445964,0.25,1,1968571,1968113,458
136832081,65.2658,35.0574,506,38173,0.481193,0.25,1,1968644,1968138,506
136835001,30.6532,65.4115,455,38228,0.504239,0.25,1,1968666,1968211,455
136837921,23.7306,29.8823,456,38283,0.508848,0.27,1,1968688,1968232,456
136840841,36.7461,23.5765,474,38338,0.54177,0.27,1,1968728,1968254,474
136843761,32.9492,36.7153,466,38393,0.548354,0.27,1,1968760,1968294,466
136846681,8.18984,32.9431,436,38448,0.549671,0.27,1,1968762,1968326,436
136849601,32.038,8.18861,472,38503,0.549934,0.33,1,1968800,1968328,472
136852521,32.0076,29.6377,469,38558,0.565987,0.33,1,1968832,1968363,469
136855441,32.0015,31.5275,469,38613,0.617197,0.35,1,1968864,1968395,469
136858361,8.0003,31.1055,440,38668,0.643439,0.35,1,1968866,1968426,440
136861281,29.6001,34.2211,440,38723,0.680688,0.45,1,1968901,1968461,440
136864201,77.92,75.6442,444,38778,0.736138,0.45,1,1968991,1968547,444
136867121,35.584,34.3288,445,38832,0.731228,0.49,1,1969016,1968571,445
136870041,66.3168,65.2658,446,38886,0.754245,0.51,2,1969090,1968644,446
136872961,31.6634,30.6532,447,38940,0.798849,0.51,2,1969113,1968666,447
136875881,24.7327,23.7306,448,38994,0.79177,0.55,2,1969136,1968688,448
136878801,37.7465,36.7461,449,39048,0.870354,0.55,2,1969177,1968728,449
136881721,33.1493,32.9492,449,39102,0.886071,0.55,2,1969209,1968760,449
136884641,8.22986,8.18984,449,39156,0.889214,0.55,2,1969211,1968762,449
136887561,32.046,32.038,449,39210,0.857843,0.57,2,1969249,1968800,449
136890481,32.8092,32.0076,450,39264,0.867568,0.63,2,1969282,1968832,450
136893401,36.1618,32.0015,455,39318,0.853514,0.65,2,1969319,1968864,455
136896321,8.83237,8.0003,455,39372,0.850703,0.69,2,1969321,1968866,455
136899241,29.7665,29.6001,455,39426,0.882141,0.75,2,1969356,1968901,455
136902161,79.5533,77.92,457,39480,0.888428,0.73,2,1969448,1968991,457
136905081,36.7107,35.584,458,39533,0.921686,0.76,2,1969474,1969016,458
136908001,67.3421,66.3168,459,39586,0.944337,0.81,2,1969549,1969090,459
136910921,32.6684,31.6634,460,39639,0.948867,0.79,2,1969573,1969113,460
136913841,25.7337,24.7327,461,39692,0.933774,0.89,2,1969597,1969136,461
137065681,53,65,482,42368,0.89,1,2,1971455,1970973,482
137068601,39.4,32.2,494,42418,0.714,1,1,1971491,1970997,494
137071521,24.68,23.24,494,42468,0.7428,1,1,1971512,1971018,494
137074441,44.136,50.248,486,42518,0.66856,1,1,1971561,1971075,486
137077361,36.0272,34.0496,490,42568,0.637712,1,1,1971595,1971105,490
137080281,29.6054,22.0099,499,42618,0.647542,1,1,1971623,1971124,499
137083201,28.3211,24.402,502,42668,0.585509,1,1,1971651,1971149,502
137086121,24.0642,28.8804,495,42717,0.541102,1,1,1971674,1971179,495
137089041,20.0128,26.5761,488,42766,0.46822,1,1,1971693,1971205,488
137091961,18.4026,20.5152,487,42815,0.437644,1,1,1971711,1971224,487
137094881,21.2805,20.103,489,42864,0.415529,0.98,1,1971733,1971244,489
137097801,65.8561,70.4206,483,42913,0.251106,0.91,1,1971810,1971327,483
137100721,35.5712,45.2841,472,42962,0.202221,0.82,1,1971838,1971366,472
137103641,31.1142,37.8568,466,43011,0.224444,0.82,1,1971868,1971402,466
137106561,43.8229,7.57136,513,43060,0.180889,0.89,1,1971915,1971402,513
137109481,35.1646,43.9143,493,43109,0.188178,0.67,1,1971948,1971455,493
137112401,23.0329,37.5829,477,43158,0.189636,0.75,1,1971968,1971491,477
137115321,42.2066,24.3166,503,43207,0.125927,0.65,1,1972015,1971512,503
137118241,33.2413,44.0633,485,43256,0.0971854,0.63,1,1972046,1971561,485
137121161,28.2483,36.0127,478,43305,0.0754371,0.65,1,1972073,1971595,478
137124081,24.8497,29.6025,474,43354,0.0870874,0.57,1,1972097,1971623,474
137127001,21.7699,28.3205,467,43403,0.0414175,0.53,1,1972118,1971651,467
137129921,16.354,24.0641,459,43452,0.0802835,0.45,1,1972133,1971674,459
137132841,18.4708,20.0128,459,43501,0.0720567,0.43,1,1972152,1971693,459
137135761,18.0942,18.4026,459,43550,0.0864113,0.41,1,1972170,1971711,459
137138681,61.2188,21.2805,509,43598,0.0572823,0.21,1,1972242,1971733,509
137141601,34.6438,65.8561,460,43646,0.0514565,0.19,1,1972270,1971810,460
137144521,30.9288,35.5712,462,43694,0.0822913,0.23,1,1972300,1971838,462
137147441,42.1858,31.1142,477,43742,0.136458,0.17,1,1972345,1971868,477
137150361,35.6372,43.8229,464,43790,0.131292,0.19,1,1972379,1971915,464
137153281,22.3274,35.1646,450,43838,0.162258,0.19,1,1972398,1971948,450
137156201,40.4655,23.0329,475,43886,0.216452,0.11,1,1972443,1971968,475
137159121,28.0931,42.2066,453,43934,0.24329,0.09,1,1972468,1972015,453
137162041,28.0186,33.2413,450,43982,0.248658,0.07,1,1972496,1972046,450
137164961,24.8037,28.2483,447,44030,0.249732,0.09,1,1972520,1972073,447
137167881,20.9607,24.8497,443,44078,0.249946,0.03,1,1972540,1972097,443
137170801,16.9921,21.7699,438,44126,0.233989,0.09,1,1972556,1972118,438
137173721,17.7984,16.354,441,44174,0.230798,0.07,1,1972574,1972133,441
137176641,20.3597,18.4708,443,44222,0.24616,0.09,1,1972595,1972152,443
137179561,60.0719,18.0942,495,44270,0.281232,0.05,1,1972665,1972170,495
137182481,36.0144,61.2188,453,44318,0.288246,0.05,1,1972695,1972242,453
137185401,31.2029,34.6438,455,44366,0.321649,0.09,1,1972725,1972270,455
137188321,43.0406,30.9288,471,44414,0.34433,0.15,1,1972771,1972300,471
137191241,36.6081,42.1858,461,44461,0.364866,0.13,1,1972806,1972345,461
137194161,8.92162,35.6372,429,44508,0.368973,0.17,1,1972808,1972379,429
137197081,18.5843,22.3274,431,44555,0.401795,0.23,1,1972829,1972398,431
137200001,41.3169,40.4655,433,44602,0.440359,0.25,1,1972876,1972443,433
137202921,28.2634,28.0931,433,44649,0.432072,0.25,1,1972901,1972468,433
137205841,28.8527,28.0186,434,44696,0.446414,0.25,1,1972930,1972496,434
137208761,24.9705,24.8037,434,44743,0.449283,0.25,1,1972954,1972520,434
137211681,20.1941,20.9607,433,44790,0.465857,0.23,1,1972973,1972540,433
137214601,16.8388,16.9921,433,44837,0.469171,0.23,1,1972989,1972556,433
137217521,17.7678,17.7984,433,44884,0.485834,0.25,1,1973007,1972574,433
137220441,21.1536,20.3597,434,44931,0.521167,0.29,1,1973029,1972595,434
137223361,61.8307,60.0719,436,44978,0.576233,0.29,1,1973101,1972665,436
137226281,36.3661,36.0144,436,45025,0.555247,0.33,1,1973131,1972695,436
137229201,32.8732,31.2029,438,45072,0.519049,0.35,1,1973163,1972725,438
137232121,44.1746,43.0406,439,45119,0.51181,0.37,1,1973210,1972771,439
137235041,38.4349,36.6081,441,45166,0.558362,0.37,1,1973247,1972806,441
137237961,9.28699,8.92162,441,45213,0.567672,0.41,1,1973249,1972808,441
137240881,19.4574,18.5843,442,45260,0.617534,0.45,1,1973271,1972829,442
137243801,41.4915,41.3169,442,45307,0.643507,0.43,1,1973318,1972876,442
137246721,29.0983,28.2634,443,45354,0.648701,0.45,1,1973344,1972901,443
137249641,29.8197,28.8527,444,45400,0.66574,0.45,1,1973374,1972930,444
137252561,25.1639,24.9705,444,45446,0.653148,0.47,1,1973398,1972954,444
137255481,21.0328,20.1941,445,45492,0.69863,0.47,1,1973418,1972973,445
137258401,17.0066,16.8388,445,45538,0.707726,0.49,1,1973434,1972989,445
137261321,18.6013,17.7678,446,45584,0.693545,0.53,1,1973453,1973007,446
137264241,21.3203,21.1536,446,45630,0.754709,0.59,2,1973475,1973029,446
137267161,64.2641,61.8307,449,45676,0.766942,0.55,2,1973550,1973101,449
137270081,36.8528,36.3661,449,45722,0.753388,0.51,2,1973580,1973131,449
137273001,31.3706,32.8732,447,45768,0.750678,0.51,2,1973610,1973163,447
137275921,43.8741,44.1746,447,45814,0.750135,0.57,2,1973657,1973210,447
137278841,40.7748,38.4349,450,45860,0.782027,0.57,2,1973697,1973247,450
137281761,9.75496,9.28699,450,45906,0.756405,0.57,2,1973699,1973249,450
137284681,19.551,1.8574,472,45952,0.767281,0.63,2,1973721,1973249,472
137287601,42.3102,17.9715,498,45998,0.817456,0.65,2,1973769,1973271,498
137290521,29.262,41.1943,477,46044,0.843491,0.65,2,1973795,1973318,477
137293441,31.4524,29.0389,483,46090,0.896698,0.67,2,1973827,1973344,483
137296361,25.4905,29.8078,477,46136,0.87534,0.65,2,1973851,1973374,477
137299281,21.8981,25.1616,474,46182,0.887068,0.71,2,1973872,1973398,474
137302201,17.1796,21.0323,470,46228,0.889414,0.71,2,1973888,1973418,470
137305121,20.2359,17.0065,475,46274,0.873883,0.69,2,1973909,1973434,475
137308041,22.4472,18.6013,479,46320,0.854777,0.77,2,1973932,1973453,479
137310961,65.2894,21.3203,533,46366,0.818955,0.77,2,1974008,1973475,533
137313881,37.0579,64.2641,488,46411,0.827791,0.75,2,1974038,1973550,488
137316801,31.4116,36.8528,488,46456,0.829558,0.75,2,1974068,1973580,488
137319721,43.8823,31.3706,505,46501,0.861912,0.75,2,1974115,1973610,505
137322641,41.5765,43.8741,499,46546,0.852382,0.79,2,1974156,1973657,499
137325561,9.91529,40.7748,461,46591,0.882477,0.75,2,1974158,1973697,461
137328481,19.5831,9.75496,481,46636,0.904495,0.77,2,1974180,1973699,481
137331401,45.5166,19.551,511,46681,0.892899,0.83,2,1974232,1973721,511
137334321,30.7033,42.3102,490,46726,0.93858,0.85,2,1974259,1973769,490
137544561,99,109,498,22817,0.01,0.83,1,1976556,1976058,498
137547481,59,69,488,22910,0.042,0.71,1,1976605,1976117,488
137550401,65.4,70.6,484,23003,0.0644,0.61,1,1976672,1976188,484
137553321,46.68,52.52,478,23095,0.02088,0.33,1,1976714,1976236,478
137556241,56.536,84.104,445,23187,0.092176,0.27,1,1976773,1976328,445
137559161,26.5072,34.4208,442,23278,0.106435,0.35,1,1976792,1976350,442
137562081,77.3014,16.4842,520,23369,0.141287,0.09,1,1976882,1976362,520
137565001,92.2603,79.2968,521,23460,0.116257,0.01,1,1976978,1976457,521
137567921,58.4521,95.0594,472,23550,0.111251,0.05,1,1977028,1976556,472
137570841,65.2904,58.2119,490,23640,0.0782503,0.07,1,1977095,1976605,490
137573761,45.8581,65.2424,464,23730,0.0396501,0.01,1,1977136,1976672,464
137576681,57.9716,46.6485,483,23819,0.06393,0.11,1,1977197,1976714,483
137579601,26.7943,56.5297,443,23908,0.084786,0.11,1,1977216,1976773,443
137582521,6.95886,26.5059,426,23997,0.0889572,0.15,1,1977218,1976792,426
137585441,75.7918,77.3012,429,24085,0.105791,0.11,1,1977311,1976882,429
137588361,90.3584,92.2602,427,24173,0.141158,0.11,1,1977405,1976978,427
137591281,58.0717,58.452,427,24261,0.180232,0.07,1,1977455,1977028,427
137594201,63.6143,65.2904,425,24348,0.188046,0.03,1,1977520,1977095,425
137597121,43.9229,45.8581,423,24435,0.221609,0.07,1,1977559,1977136,423
137600041,59.1846,57.9716,425,24522,0.228322,0.09,1,1977622,1977197,425
137602961,27.8369,26.7943,426,24608,0.261664,0.09,1,1977642,1977216,426
137605881,7.16738,6.95886,426,24694,0.236333,0.11,1,1977644,1977218,426
137608801,76.6335,75.7918,427,24780,0.311267,0.15,1,1977738,1977311,427
137611721,92.9267,90.3584,430,24866,0.294253,0.19,1,1977835,1977405,430
137614641,59.3853,58.0717,431,24951,0.274851,0.19,1,1977886,1977455,431
137617561,64.6771,63.6143,432,25036,0.27097,0.23,1,1977952,1977520,432
137620481,43.3354,43.9229,431,25121,0.270194,0.23,1,1977990,1977559,431
137623401,59.8671,59.1846,432,25205,0.334039,0.27,1,1978054,1977622,432
137626321,29.5734,27.8369,434,25289,0.346808,0.23,1,1978076,1977642,434
137629241,7.51468,7.16738,434,25373,0.349362,0.33,1,1978078,1977644,434
137632161,78.3029,76.6335,436,25457,0.397872,0.33,1,1978174,1977738,436
137635081,90.8606,15.3267,530,25540,0.407574,0.29,1,1978268,1977738,530
137638001,58.1721,80.6653,483,25623,0.441515,0.27,1,1978318,1977835,483
137640921,66.0344,56.9331,500,25706,0.480303,0.27,1,1978386,1977886,500
137643841,43.6069,64.1866,472,25788,0.488061,0.27,1,1978424,1977952,472
137646761,63.1214,43.2373,502,25870,0.553612,0.35,1,1978492,1977990,502
137649681,30.2243,59.8475,460,25952,0.582722,0.35,1,1978514,1978054,460
137652601,7.64485,29.5695,440,26034,0.588544,0.35,1,1978516,1978076,440
137655521,79.929,7.5139,536,26115,0.621709,0.41,1,1978614,1978078,536
137658441,91.9858,78.3028,535,26196,0.692342,0.41,1,1978709,1978174,535
137661361,60.7972,90.8606,494,26277,0.722468,0.45,1,1978762,1978268,494
137664281,67.3594,58.1721,513,26358,0.792494,0.49,2,1978831,1978318,513
137667201,44.6719,66.0344,484,26438,0.790499,0.49,2,1978870,1978386,484
137670121,66.5344,43.6069,518,26518,0.8221,0.57,2,1978942,1978424,518
137673041,30.9069,63.1214,472,26598,0.86042,0.59,2,1978964,1978492,472
137675961,7.78137,30.2243,452,26678,0.868084,0.59,2,1978966,1978514,452
137678881,81.5563,7.64485,550,26757,0.837617,0.63,2,1979066,1978516,550
137681801,95.5113,79.929,551,26836,0.879523,0.71,2,1979165,1978614,551
137684721,63.9022,91.9858,512,26915,0.919905,0.73,2,1979221,1978709,512
137687641,14.3804,60.7972,461,26994,0.927981,0.81,2,1979223,1978762,461
137821961,35,31,482,30391,0.55,1,1,1981622,1981140,482
137824881,51.8,36.6,500,30461,0.422,1,1,1981678,1981178,500
137827801,39.96,40.92,495,30530,0.3324,1,1,1981715,1981220,495
137830721,31.192,36.984,488,30599,0.26648,1,1,1981744,1981256,488
137833641,45.4384,40.1968,496,30668,0.237296,1,1,1981793,1981297,496
137836561,36.2877,36.8394,494,30737,0.183459,1,1,1981827,1981333,494
137839481,26.4575,32.9679,486,30806,0.140692,0.98,1,1981851,1981365,486
137842401,55.6915,70.5936,469,30875,0.164138,0.85,1,1981914,1981445,469
137845321,79.9383,90.1187,460,30944,0.168828,0.63,1,1982000,1981540,460
137848241,46.3877,55.6237,451,31012,0.217766,0.55,1,1982038,1981587,451
137851161,35.6775,39.1247,449,31080,0.227553,0.39,1,1982071,1981622,449
137854081,51.1355,52.6249,448,31148,0.277511,0.31,1,1982126,1981678,448
137857001,35.0271,40.125,442,31216,0.239502,0.25,1,1982157,1981715,442
137859921,24.6054,31.225,435,31284,0.2159,0.25,1,1982179,1981744,435
137862841,40.9211,6.245,480,31352,0.21118,0.23,1,1982224,1981744,480
137865761,31.3842,40.449,460,31419,0.242236,0.17,1,1982253,1981793,460
137868681,27.0768,35.2898,452,31486,0.264447,0.13,1,1982279,1981827,452
137871601,53.4154,26.258,488,31553,0.300889,0.17,1,1982339,1981851,488
137874521,82.6831,55.6516,515,31620,0.324178,0.17,1,1982429,1981914,515
137877441,46.9366,79.9303,467,31687,0.376836,0.23,1,1982467,1982000,467
137880361,36.5873,46.3861,463,31754,0.419367,0.23,1,1982501,1982038,463
137883281,52.1175,35.6772,486,31821,0.427873,0.29,1,1982557,1982071,486
137886201,35.2235,51.1354,462,31887,0.413575,0.23,1,1982588,1982126,462
137889121,25.4447,35.0271,454,31953,0.490715,0.21,1,1982611,1982157,454
137892041,42.6889,24.6054,479,32019,0.490143,0.21,1,1982658,1982179,479
137894961,32.5378,40.9211,464,32085,0.490029,0.25,1,1982688,1982224,464
137897881,28.1076,31.3842,462,32151,0.522006,0.27,1,1982715,1982253,462
137900801,53.6215,27.0768,496,32217,0.576401,0.31,1,1982775,1982279,496
137903721,83.5243,53.4154,527,32283,0.63528,0.33,1,1982866,1982339,527
137906641,50.3049,82.6831,479,32349,0.615056,0.39,1,1982908,1982429,479
137909561,38.061,46.9366,476,32414,0.595011,0.43,1,1982943,1982467,476
137912481,52.4122,36.5873,498,32479,0.607002,0.43,1,1982999,1982501,498
137915401,37.6824,52.1175,476,32544,0.6094,0.41,1,1983033,1982557,476
137918321,25.1365,35.2235,467,32609,0.60988,0.51,1,1983055,1982588,467
137921241,43.4273,25.4447,492,32674,0.625976,0.49,1,1983103,1982611,492
137924161,32.6855,42.6889,475,32739,0.661195,0.49,1,1983133,1982658,475
137927081,8.13709,32.5378,447,32804,0.668239,0.53,1,1983135,1982688,447
137930001,25.6274,28.1076,450,32868,0.701648,0.59,1,1983165,1982715,450
137932921,54.7255,53.6215,452,32932,0.70833,0.65,1,1983227,1982775,452
137935841,85.3451,83.5243,454,32996,0.709666,0.61,1,1983320,1982866,454
137938761,49.069,50.3049,452,33060,0.741933,0.59,1,1983360,1982908,452
137941681,37.0138,38.061,451,33124,0.748387,0.61,1,1983394,1982943,451
137944601,53.0028,52.4122,452,33188,0.797677,0.61,2,1983451,1982999,452
137947521,37.8006,37.6824,452,33252,0.791535,0.61,2,1983485,1983033,452
137950441,25.1601,25.1365,452,33316,0.790307,0.63,2,1983507,1983055,452
137953361,44.232,43.4273,453,33379,0.822061,0.67,2,1983556,1983103,453
137956281,34.4464,32.6855,455,33442,0.828412,0.67,2,1983588,1983133,455
137959201,8.48928,8.13709,455,33505,0.829682,0.71,2,1983590,1983135,455
137962121,25.6979,25.6274,455,33568,0.813937,0.71,2,1983620,1983165,455
137965041,54.7396,54.7255,455,33631,0.858787,0.71,2,1983682,1983227,455
137967961,86.9479,85.3451,457,33694,0.915757,0.75,2,1983777,1983320,457
137970881,49.3896,49.069,457,33757,0.943151,0.75,2,1983817,1983360,457
137973801,38.6779,37.0138,459,33820,0.91663,0.81,2,1983853,1983394,459
138081841,36,29,492,36061,0.67,1,1,1985409,1984917,492
138084761,35.2,39.4,485,36120,0.67,1,1,1985444,1984959,485
138087681,34.24,33.48,487,36179,0.686,1,1,1985478,1984991,487
138090601,22.048,25.896,482,36237,0.6252,1,1,1985497,1985015,482
138093521,33.2096,23.5792,495,36295,0.62904,1,1,1985533,1985038,495
138096441,35.4419,45.5158,480,36353,0.533808,1,1,1985569,1985089,480
138099361,31.0884,33.1032,480,36411,0.482762,1,1,1985599,1985119,480
138102281,74.2177,73.0206,482,36469,0.328552,1,1,1985684,1985202,482
138105201,43.6435,41.0041,485,36527,0.32971,1,1,1985720,1985235,485
138108121,34.3287,38.6008,479,36585,0.297942,0.85,1,1985752,1985273,479
138111041,50.0657,58.1202,470,36643,0.275588,0.83,1,1985806,1985336,470
138113961,34.8131,41.224,464,36701,0.239118,0.67,1,1985837,1985373,464
138116881,29.3626,37.0448,456,36759,0.247824,0.67,1,1985865,1985409,456
138119801,37.8725,35.409,461,36816,0.249565,0.69,1,1985905,1985444,461
138122721,31.5745,34.2818,457,36873,0.297913,0.61,1,1985935,1985478,457
138125641,19.1149,22.0564,454,36930,0.323583,0.63,1,1985951,1985497,454
138128561,31.023,33.2113,452,36987,0.280717,0.51,1,1985985,1985533,452
138131481,32.6046,35.4423,449,37044,0.320143,0.47,1,1986018,1985569,449
138134401,27.3209,31.0885,445,37101,0.312029,0.29,1,1986044,1985599,445
138137321,65.4642,74.2177,435,37158,0.358406,0.29,1,1986119,1985684,435
138140241,42.6928,14.8435,472,37215,0.351681,0.33,1,1986156,1985684,472
138143161,29.3386,31.7687,462,37272,0.398336,0.29,1,1986182,1985720,462
138146081,51.4677,31.9537,487,37329,0.407667,0.27,1,1986239,1985752,487
138149001,33.4935,49.5907,462,37386,0.409533,0.23,1,1986268,1985806,462
138151921,29.8987,34.7182,460,37443,0.457907,0.25,1,1986297,1985837,460
138154841,38.7797,29.3436,473,37499,0.483581,0.25,1,1986338,1985865,473
138157761,33.3559,37.8687,465,37555,0.536716,0.31,1,1986370,1985905,465
138160681,19.4712,31.5737,451,37611,0.547343,0.33,1,1986386,1985935,451
138163601,31.0942,19.1147,469,37667,0.517469,0.27,1,1986420,1985951,469
138166521,31.8188,31.023,467,37723,0.591494,0.33,1,1986452,1985985,467
138169441,28.7638,32.6046,462,37779,0.606299,0.31,1,1986480,1986018,462
138172361,68.1528,27.3209,514,37835,0.64126,0.37,1,1986558,1986044,514
138175281,43.2306,65.4642,476,37891,0.664252,0.35,1,1986595,1986119,476
138178201,31.0461,42.6928,467,37947,0.63685,0.41,1,1986623,1986156,467
138181121,51.8092,29.3386,498,38003,0.67937,0.41,1,1986680,1986182,498
138184041,33.5618,51.4677,470,38059,0.687874,0.41,1,1986709,1986239,470
138186961,32.3124,33.4935,473,38115,0.705575,0.47,1,1986741,1986268,473
138189881,40.0625,29.8987,486,38170,0.709115,0.49,1,1986783,1986297,486
138192801,36.0125,38.7797,480,38225,0.709823,0.55,1,1986818,1986338,480
138195721,20.0025,33.3559,464,38280,0.709965,0.55,1,1986834,1986370,464
138198641,32.0005,19.4712,483,38335,0.693993,0.51,1,1986869,1986386,483
138201561,32.8001,31.0942,482,38390,0.674799,0.61,1,1986902,1986420,482
138204481,29.76,31.8188,479,38445,0.70296,0.61,1,1986931,1986452,479
138207401,69.952,28.7638,531,38500,0.724592,0.65,1,1987011,1986480,531
138210321,44.3904,68.1528,491,38555,0.744918,0.67,1,1987049,1986558,491
138213241,29.6781,43.2306,480,38610,0.748984,0.63,1,1987075,1986595,480
138216161,7.53562,31.0461,454,38665,0.749797,0.69,1,1987077,1986623,454
138219081,48.7071,51.8092,456,38720,0.813959,0.69,2,1987136,1986680,456
138222001,32.9414,33.5618,456,38775,0.890792,0.71,2,1987165,1986709,456
138224921,32.9883,32.3124,457,38829,0.906158,0.71,2,1987198,1986741,457
138227841,40.1977,40.0625,457,38883,0.877232,0.71,2,1987240,1986783,457
138230761,36.0395,36.0125,457,38937,0.887446,0.71,2,1987275,1986818,457
138233681,20.0079,20.0025,457,38991,0.889489,0.69,2,1987291,1986834,457
138394281,31,23,500,41865,0.63,1,1,1989263,1988763,500
138397201,34.2,28.6,505,41915,0.534,1,1,1989298,1988793,505
138400121,71.64,80.12,493,41965,0.1788,1,1,1989379,1988886,493
138403041,39.928,52.824,479,42015,0.04376,1,1,1989411,1988932,479
138405961,41.5856,36.9648,488,42065,0.032752,1,1,1989453,1988965,488
138408881,36.3171,29.793,495,42115,0.0065504,1,1,1989488,1988993,495
138411801,31.2634,26.7586,499,42165,0.0573101,1,1,1989518,1989019,499
138414721,25.4527,31.7517,490,42215,0.035462,1,1,1989542,1989052,490
138417641,25.0905,30.3503,485,42265,0.0950924,1,1,1989567,1989082,485
138420561,20.2181,28.4701,476,42315,0.0590185,1,1,1989586,1989110,476
138423481,23.2436,27.294,473,42365,0.0118037,0.98,1,1989610,1989137,473
138426401,28.6487,30.2588,472,42415,0.0103607,0.87,1,1989640,1989168,472
138429321,26.5297,30.8518,467,42465,0.106072,0.73,1,1989666,1989199,467
138432241,25.3059,32.5704,459,42515,0.0772144,0.63,1,1989691,1989232,459
138435161,21.0612,31.3141,448,42565,0.135443,0.51,1,1989711,1989263,448
138438081,28.2122,34.2628,443,42615,0.0830886,0.09,1,1989741,1989298,443
138441001,56.8424,71.6526,426,42665,0.0566177,0.01,1,1989805,1989379,426
138443921,33.7685,39.9305,422,42714,0.115324,0.03,1,1989833,1989411,422
138446841,40.3537,41.5861,422,42763,0.0470647,0,1,1989875,1989453,422
138449761,36.0707,36.3172,422,42812,0.00941294,0.07,1,1989910,1989488,422
138452681,31.2141,31.2634,422,42861,0.0578826,0.03,1,1989940,1989518,422
138455601,30.2428,25.4527,428,42910,0.0675765,0.11,1,1989970,1989542,428
138458521,22.0486,25.0905,423,42959,0.0215153,0.05,1,1989990,1989567,423
138461441,18.8097,20.2181,422,43008,0.0123031,0.05,1,1990008,1989586,422
138464361,22.1619,4.04362,445,43057,0.0744606,0,1,1990031,1989586,445
138467281,30.0324,20.0087,453,43106,0.0148921,0.01,1,1990063,1989610,453
138470201,27.6065,28.0017,450,43155,0.0109784,0.13,1,1990090,1989640,450
138473121,27.1213,26.4003,451,43204,0.0261957,0.07,1,1990117,1989666,451
138476041,21.4243,25.2801,446,43253,0.0452391,0.15,1,1990137,1989691,446
138478961,25.8849,21.056,453,43302,0.0490478,0.07,1,1990164,1989711,453
138481881,56.377,28.2112,487,43351,0.11381,0.05,1,1990228,1989741,487
138484801,36.8754,56.8422,455,43400,0.142762,0.13,1,1990260,1989805,455
138487721,36.1751,33.7684,463,43449,0.180552,0.03,1,1990296,1989833,463
138490641,35.235,40.3537,456,43498,0.10811,0,1,1990331,1989875,456
138493561,31.847,36.0707,452,43547,0.0616221,0.07,1,1990362,1989910,452
138496481,30.3694,31.2141,452,43595,0.0363244,0.07,1,1990392,1989940,452
138499401,21.2739,30.2428,441,43643,0.0472649,0.01,1,1990411,1989970,441
138502321,21.0548,22.0486,442,43691,0.065453,0.01,1,1990432,1989990,442
138505241,20.211,18.8097,444,43739,0.0690906,0.09,1,1990452,1990008,444
138508161,29.6422,22.1619,453,43787,0.0378181,0,1,1990484,1990031,453
138511081,28.3284,30.0324,449,43835,0.0475636,0.01,1,1990512,1990063,449
138514001,28.0657,27.6065,450,43883,0.0175127,0.03,1,1990540,1990090,450
138516921,21.6131,27.1213,443,43931,0.0275025,0.05,1,1990560,1990117,443
138519841,27.5226,21.4243,452,43979,0.0295005,0.05,1,1990589,1990137,452
138522761,59.1045,25.8849,492,44027,0.0619001,0.13,1,1990656,1990164,492
138525681,37.4209,56.377,460,44075,0.08438,0.15,1,1990688,1990228,460
138528601,36.2842,36.8754,464,44123,0.056876,0.19,1,1990724,1990260,464
138531521,31.2568,36.1751,458,44171,0.0673752,0.09,1,1990754,1990296,458
138534441,31.0514,35.235,454,44219,0.021475,0.05,1,1990785,1990331,454
138537361,29.4103,31.847,452,44267,0.028295,0.03,1,1990814,1990362,452
138540281,23.4821,30.3694,444,44315,0.029659,0.05,1,1990836,1990392,444
138543201,20.6964,21.2739,445,44363,0.0299318,0.07,1,1990856,1990411,445
138546121,20.1393,21.0548,444,44411,0.0299864,0.07,1,1990876,1990432,444
138549041,28.0279,20.211,454,44458,0.0459973,0.03,1,1990906,1990452,454
138551961,7.20557,29.6422,424,44505,0.0491995,0.05,1,1990908,1990484,424
138554881,23.8411,28.3284,424,44552,0.0498399,0.01,1,1990936,1990512,424
138557801,26.3682,28.0657,423,44599,0.065968,0.03,1,1990963,1990540,423
138560721,21.2736,21.6131,423,44646,0.0371936,0.03,1,1990983,1990560,423
138563641,27.4547,27.5226,423,44693,0.111439,0.07,1,1991012,1990589,423
138566561,61.4909,59.1045,426,44740,0.174288,0.09,1,1991082,1990656,426
138569481,37.8982,37.4209,426,44787,0.154858,0.05,1,1991114,1990688,426
138572401,35.5796,36.2842,425,44834,0.166972,0.07,1,1991149,1990724,425
138575321,31.1159,31.2568,425,44881,0.153394,0.01,1,1991179,1990754,425
138578241,29.4232,31.0514,423,44928,0.166679,0.03,1,1991208,1990785,423
138581161,29.0846,29.4103,423,44975,0.121336,0.03,1,1991237,1990814,423
138584081,23.4169,23.4821,423,45022,0.0802672,0.03,1,1991259,1990836,423
138587001,20.6834,20.6964,423,45069,0.0880534,0.03,1,1991279,1990856,423
138589921,20.1367,20.1393,423,45116,0.0896107,0.05,1,1991299,1990876,423
138592841,28.8273,28.0279,424,45163,0.105922,0.05,1,1991330,1990906,424
138595761,7.36547,7.20557,424,45210,0.0771844,0.05,1,1991332,1990908,424
138598681,23.8731,23.8411,424,45257,0.0874369,0.07,1,1991360,1990936,424
138601601,25.5746,26.3682,423,45304,0.137487,0.03,1,1991386,1990963,423
138604521,21.9149,21.2736,424,45351,0.163497,0.13,1,1991407,1990983,424
138607441,29.183,27.4547,426,45398,0.184699,0.19,1,1991438,1991012,426
138610361,64.2366,61.4909,429,45444,0.22094,0.15,1,1991511,1991082,429
138613281,38.4473,37.8982,429,45490,0.244188,0.17,1,1991543,1991114,429
138616201,34.8895,35.5796,428,45536,0.264838,0.15,1,1991577,1991149,428
138619121,32.5779,31.1159,430,45582,0.268968,0.17,1,1991609,1991179,430
138622041,28.1156,29.4232,428,45628,0.285794,0.11,1,1991636,1991208,428
138624961,26.4231,29.0846,425,45674,0.321159,0.07,1,1991662,1991237,425
138627881,22.0846,23.4169,424,45720,0.312232,0.09,1,1991683,1991259,424
138630801,20.4169,20.6834,424,45766,0.310446,0.09,1,1991703,1991279,424
138633721,20.8834,20.1367,425,45812,0.294089,0.11,1,1991724,1991299,425
138636641,28.9767,28.8273,425,45858,0.306818,0.07,1,1991755,1991330,425
138639561,7.39534,7.36547,425,45904,0.277364,0.09,1,1991757,1991332,425
138642481,24.6791,23.8731,426,45950,0.303473,0.09,1,1991786,1991360,426
138645401,26.5358,4.77462,453,45996,0.260695,0.15,1,1991813,1991360,453
138648321,22.1072,21.7549,448,46042,0.300139,0.17,1,1991834,1991386,448
138651241,30.0214,21.151,459,46088,0.324028,0.19,1,1991866,1991407,459
138654161,66.0043,29.0302,503,46134,0.328806,0.23,1,1991941,1991438,503
138657081,40.4009,64.206,464,46180,0.377761,0.25,1,1991975,1991511,464
138660001,35.2802,38.4412,466,46226,0.403552,0.27,1,1992009,1991543,466
138662921,34.256,34.8882,466,46272,0.40871,0.27,1,1992043,1991577,466
138665841,29.2512,32.5776,462,46318,0.441742,0.29,1,1992071,1991609,462
138668761,26.6502,28.1155,461,46364,0.448348,0.33,1,1992097,1991636,461
138671681,21.33,26.4231,455,46409,0.46567,0.31,1,1992117,1991662,455
138674601,20.266,22.0846,454,46454,0.469134,0.31,1,1992137,1991683,454
138677521,20.0532,20.4169,454,46499,0.485827,0.29,1,1992157,1991703,454
138680441,30.4106,20.8834,466,46544,0.505165,0.31,1,1992190,1991724,466
138683361,7.68213,28.9767,437,46589,0.541033,0.27,1,1992192,1991755,437
138686281,23.9364,7.39534,463,46634,0.564207,0.31,1,1992220,1991757,463
138689201,27.1873,24.6791,462,46679,0.568841,0.25,1,1992248,1991786,462
138692121,23.0375,26.5358,457,46724,0.633768,0.31,1,1992270,1991813,457
138695041,31.0075,22.1072,469,46769,0.662754,0.33,1,1992303,1991834,469
138697961,66.2015,30.0214,512,46814,0.652551,0.33,1,1992378,1991866,512
138700881,43.6403,66.0043,475,46859,0.66651,0.39,1,1992416,1991941,475
138703801,35.9281,40.4009,475,46904,0.669302,0.41,1,1992450,1991975,475
138706721,34.3856,35.2802,475,46949,0.70186,0.41,1,1992484,1992009,475
138709641,30.8771,34.256,471,46994,0.676372,0.45,1,1992514,1992043,471
138712561,26.9754,29.2512,469,47039,0.671274,0.45,1,1992540,1992071,469
138715481,22.1951,26.6502,464,47084,0.654255,0.47,1,1992561,1992097,464
138718401,21.239,21.33,465,47129,0.634851,0.47,1,1992582,1992117,465
138721321,21.8478,20.266,467,47174,0.63097,0.49,1,1992604,1992137,467
138724241,31.5696,20.0532,481,47219,0.662194,0.51,1,1992638,1992157,481
138727161,7.91391,30.4106,450,47264,0.668439,0.55,1,1992640,1992190,450
138730081,24.7828,7.68213,477,47309,0.653688,0.57,1,1992669,1992192,477
138733001,28.9566,23.9364,479,47354,0.666738,0.57,1,1992699,1992220,479
138735921,7.39131,27.1873,453,47399,0.669348,0.65,1,1992701,1992248,453
138738841,19.8783,23.0375,454,47443,0.653869,0.67,1,1992724,1992270,454
138741761,31.1757,31.0075,455,47487,0.682774,0.65,1,1992758,1992303,455
138744681,65.4351,66.2015,454,47531,0.672555,0.67,1,1992832,1992378,454
138747601,44.287,43.6403,455,47575,0.734511,0.67,1,1992871,1992416,455
138750521,36.0574,35.9281,455,47619,0.746902,0.71,1,1992905,1992450,455
138753441,36.0115,34.3856,457,47663,0.78138,0.67,2,1992941,1992484,457
138756361,29.6023,30.8771,455,47707,0.772276,0.67,2,1992969,1992514,455
138759281,26.7205,26.9754,455,47751,0.802455,0.65,2,1992995,1992540,455
138762201,21.3441,22.1951,454,47795,0.824491,0.63,2,1993015,1992561,454
138765121,20.2688,21.239,453,47839,0.844898,0.63,2,1993035,1992582,453
138768041,23.2538,21.8478,455,47883,0.83298,0.67,2,1993059,1992604,455
138770961,31.8508,31.5696,455,47927,0.830596,0.67,2,1993093,1992638,455
138773881,7.97015,7.91391,455,47971,0.830119,0.65,2,1993095,1992640,455
138776801,24.794,24.7828,455,48015,0.878024,0.67,2,1993124,1992669,455
138779721,28.9588,28.9566,455,48059,0.887605,0.67,2,1993154,1992699,455
138782641,7.39176,7.39131,455,48103,0.857521,0.65,2,1993156,1992701,455
138785561,19.0784,19.8783,454,48147,0.883504,0.69,2,1993178,1992724,454
138788481,31.0157,31.1757,454,48191,0.936701,0.67,2,1993212,1992758,454
138791401,66.2031,65.4351,455,48235,0.94734,0.75,2,1993287,1992832,455
138794321,46.0406,44.287,457,48279,0.949468,0.75,2,1993328,1992871,457
138982661,97,62,532,23541,0.05,1,1,1995329,1994797,532
138985581,57.8,86.8,487,23631,0.114,0.81,1,1995377,1994890,487
138988501,58.76,63.76,488,23721,0.0788,0.57,1,1995436,1994948,488
138991421,54.152,66.352,474,23810,0.13576,0.47,1,1995489,1995015,474
138994341,52.4304,52.4704,477,23899,0.147152,0.31,1,1995541,1995064,477
138997261,38.4861,55.2941,456,23988,0.13343,0.19,1,1995576,1995120,456
139000181,29.2972,40.6588,446,24076,0.146686,0.03,1,1995603,1995157,446
139003101,49.0594,68.1318,425,24164,0.133337,0.05,1,1995657,1995232,425
139006021,87.4119,91.2264,425,24252,0.0826674,0.13,1,1995754,1995329,425
139008941,58.2824,56.6453,428,24339,0.120533,0.07,1,1995805,1995377,428
139011861,58.0565,58.5291,427,24426,0.112107,0.15,1,1995863,1995436,427
139014781,57.2113,54.1058,431,24513,0.174421,0.15,1,1995920,1995489,431
139017701,51.4423,52.4212,429,24599,0.170884,0.13,1,1995970,1995541,429
139020621,37.4885,38.4842,428,24685,0.186177,0.15,1,1996004,1995576,428
139023541,29.8977,29.2968,429,24771,0.221235,0.13,1,1996032,1995603,429
139026461,50.7795,49.0594,431,24857,0.292247,0.07,1,1996088,1995657,431
139029381,82.9559,87.4119,425,24942,0.322449,0.13,1,1996179,1995754,425
139032301,59.7912,58.2824,428,25027,0.32849,0.11,1,1996233,1995805,428
139035221,57.5582,58.0565,427,25112,0.409698,0.19,1,1996290,1995863,427
139038141,59.5116,57.2113,430,25196,0.40994,0.17,1,1996350,1995920,430
139041061,52.7023,51.4423,431,25280,0.409988,0.19,1,1996401,1995970,431
139043981,37.7405,37.4885,431,25364,0.425998,0.23,1,1996435,1996004,431
139046901,31.5481,29.8977,433,25448,0.4612,0.23,1,1996465,1996032,433
139049821,51.9096,5.97954,490,25531,0.43624,0.31,1,1996522,1996032,490
139052741,83.9819,45.9959,526,25614,0.447248,0.33,1,1996614,1996088,526
139055661,62.3964,81.9992,492,25697,0.43345,0.33,1,1996671,1996179,492
139058581,59.6793,59.5998,497,25779,0.47869,0.43,1,1996730,1996233,497
139061501,59.1359,57.52,499,25861,0.535738,0.41,1,1996789,1996290,499
139064421,52.6272,59.504,490,25943,0.547148,0.41,1,1996840,1996350,490
139067341,38.5254,52.7008,474,26025,0.56543,0.43,1,1996875,1996401,474
139070261,33.3051,37.7402,472,26106,0.585086,0.47,1,1996907,1996435,472
139073181,52.261,31.548,499,26187,0.621017,0.43,1,1996964,1996465,499
139076101,84.8522,51.9096,535,26268,0.660203,0.45,1,1997057,1996522,535
139079021,62.5704,83.9819,500,26349,0.716041,0.43,1,1997114,1996614,500
139081941,61.3141,62.3964,504,26429,0.711208,0.49,1,1997175,1996671,504
139084861,62.6628,59.6793,508,26509,0.710242,0.55,1,1997238,1996730,508
139087781,52.5326,59.1359,499,26589,0.742048,0.55,1,1997288,1996789,499
139090701,40.1065,52.6272,485,26669,0.79641,0.57,2,1997325,1996840,485
139093621,33.6213,38.5254,482,26748,0.823282,0.59,2,1997357,1996875,482
139096541,53.9243,33.3051,509,26827,0.812656,0.63,2,1997416,1996907,509
139099461,86.7849,52.261,547,26906,0.842531,0.67,2,1997511,1996964,547
139102381,18.957,84.8522,456,26985,0.848506,0.73,2,1997513,1997057,456
139105301,50.1914,62.5704,457,27063,0.849701,0.71,2,1997571,1997114,457
139108221,58.8383,61.3141,457,27141,0.86594,0.71,2,1997632,1997175,457
139111141,63.7677,62.6628,459,27219,0.901188,0.75,2,1997697,1997238,459
139242541,55,54,489,30522,0.89,1,2,1999993,1999504,489
139245461,36.6,38.8,486,30591,0.842,1,2,2000025,1999539,486
139248381,65.72,65.36,487,30660,0.6564,1,1,2000098,1999611,487
139251301,39.544,39.472,487,30729,0.57128,1,1,2000131,1999644,487
139254221,42.3088,43.8944,485,30798,0.570256,1,1,2000174,1999689,485
139257141,42.8618,44.7789,483,30867,0.506051,1,1,2000217,1999734,483
139260061,36.5724,39.3558,480,30936,0.46121,1,1,2000252,1999772,480
139262981,83.3145,87.8712,475,31004,0.452242,0.91,1,2000347,1999872,475
139265901,40.6629,46.3742,469,31072,0.514448,0.87,1,2000377,1999908,469
139268821,29.7326,33.2748,466,31140,0.52689,0.89,1,2000404,1999938,466
139271741,45.9465,50.655,461,31208,0.497378,0.83,1,2000454,1999993,461
139274661,33.9893,35.731,460,31276,0.475476,0.83,1,2000485,2000025,460
139277581,57.9979,7.1462,524,31344,0.519095,0.61,1,2000549,2000025,524
139280501,35.5996,59.8292,481,31412,0.463819,0.55,1,2000579,2000098,481
139283421,37.5199,38.3658,486,31479,0.516764,0.57,1,2000617,2000131,486
139286341,41.904,42.0732,486,31546,0.479353,0.49,1,2000660,2000174,486
139289261,38.7808,42.8146,481,31613,0.487871,0.45,1,2000698,2000217,481
139292181,81.3562,36.5629,538,31680,0.585574,0.45,1,2000790,2000252,538
139295101,42.6712,83.3126,476,31747,0.621115,0.53,1,2000823,2000347,476
139298021,29.3342,40.6625,472,31814,0.644223,0.53,1,2000849,2000377,472
139300941,44.2669,29.7325,493,31881,0.648845,0.49,1,2000897,2000404,493
139303861,34.4534,45.9465,475,31947,0.665769,0.47,1,2000929,2000454,475
139306781,60.4907,33.9893,511,32013,0.669154,0.53,1,2000996,2000485,511
139309701,32.8981,57.9979,473,32079,0.685831,0.45,1,2001022,2000549,473
139312621,40.1796,35.5996,485,32145,0.705166,0.53,1,2001064,2000579,485
139315541,38.4359,37.5199,485,32211,0.725033,0.47,1,2001102,2000617,485
139318461,42.0872,41.904,485,32277,0.729007,0.49,1,2001145,2000660,485
139321381,85.2174,38.7808,543,32343,0.761801,0.61,2,2001241,2000698,543
139324301,44.2435,81.3562,485,32408,0.80036,0.63,2,2001275,2000790,485
139327221,30.4487,42.6712,479,32473,0.824072,0.65,2,2001302,2000823,479
139330141,45.2897,29.3342,502,32538,0.860814,0.65,2,2001351,2000849,502
139333061,34.6579,44.2669,486,32603,0.868163,0.67,2,2001383,2000897,486
139335981,60.5316,34.4534,521,32668,0.853633,0.67,2,2001450,2000929,521
139338901,33.7063,60.4907,481,32733,0.866726,0.69,2,2001477,2000996,481
139341821,8.34126,32.8981,457,32798,0.869345,0.71,2,2001479,2001022,457
139344741,36.0683,40.1796,458,32862,0.901869,0.73,2,2001522,2001064,458
139347661,37.6137,38.4359,458,32926,0.908374,0.73,2,2001560,2001102,458
139350581,41.9227,42.0872,458,32990,0.893675,0.77,2,2001603,2001145,458
139481981,25,37,490,35761,0.85,1,2,2003502,2003012,490
139484901,86.6,92.2,486,35820,0.786,1,2,2003604,2003118,486
139487821,42.92,47.24,482,35879,0.7732,0.93,2,2003636,2003154,482
139490741,30.984,32.648,481,35938,0.80264,1,2,2003664,2003183,481
139493661,38.9968,48.9296,469,35997,0.824528,1,2,2003705,2003236,469
139496581,39.7994,40.9859,470,36056,0.844906,0.97,2,2003745,2003275,470
139499501,66.3599,60.9972,477,36115,0.928981,0.95,2,2003818,2003341,477
139502421,30.072,36.1994,468,36174,0.929796,0.92,2,2003839,2003371,468
139505341,27.6144,30.4399,466,36232,0.913959,0.89,2,2003866,2003400,466
139508261,27.1229,26.888,467,36290,0.926792,0.93,2,2003893,2003426,467
139511181,21.4246,23.7776,464,36348,0.913358,0.91,2,2003913,2003449,464
139855741,40,23,520,42662,0.71,1,1,2008357,2007837,520
139858661,36.8,32.6,521,42711,0.662,1,1,2008393,2007872,521
139861581,25.76,36.12,507,42760,0.7004,1,1,2008416,2007909,507
139864501,11.552,24.024,494,42809,0.67608,1,1,2008424,2007930,494
139867421,34.3104,39.2048,491,42858,0.703216,1,1,2008464,2007973,491
139870341,34.0621,37.441,488,42907,0.676643,1,1,2008498,2008010,488
139873261,33.2124,34.6882,487,42956,0.623329,0.99,1,2008531,2008044,487
139876181,40.2425,31.7376,498,43005,0.660666,0.99,1,2008573,2008075,498
139879101,32.0485,6.34753,528,43054,0.572133,1,1,2008603,2008075,528
139882021,24.8097,31.6695,513,43103,0.554427,1,1,2008626,2008113,513
139884941,43.3619,34.3339,526,43152,0.518885,0.98,1,2008674,2008148,526
139887861,33.4724,49.2668,504,43201,0.543777,0.95,1,2008705,2008201,504
139890781,34.6945,38.6534,503,43250,0.484755,0.94,1,2008740,2008237,503
139893701,37.3389,35.7307,506,43299,0.520951,0.81,1,2008778,2008272,506
139896621,39.4678,43.1461,501,43348,0.49619,0.71,1,2008818,2008317,501
139899541,35.0936,40.6292,495,43397,0.459238,0.65,1,2008852,2008357,495
139902461,23.0187,36.9258,479,43446,0.499848,0.71,1,2008872,2008393,479
139905381,11.0037,25.7852,464,43495,0.507969,0.67,1,2008880,2008416,464
139908301,33.4007,11.557,495,43544,0.525594,0.71,1,2008919,2008424,495
139911221,33.0801,34.3114,488,43592,0.481119,0.67,1,2008952,2008464,488
139914141,30.616,34.0623,484,43640,0.504224,0.61,1,2008982,2008498,484
139917061,42.1232,33.2125,496,43688,0.572845,0.67,1,2009027,2008531,496
139919981,31.6246,40.2425,483,43736,0.618569,0.55,1,2009056,2008573,483
139922901,22.3249,32.0485,473,43784,0.611714,0.55,1,2009076,2008603,473
139925821,39.665,24.8097,494,43832,0.642343,0.51,1,2009120,2008626,494
139928741,33.533,43.3619,478,43880,0.696469,0.55,1,2009152,2008674,478
139931661,31.5066,33.4724,478,43928,0.739294,0.47,1,2009183,2008705,478
139934581,38.3013,34.6945,483,43976,0.715859,0.53,1,2009223,2008740,483
139937501,39.6603,37.3389,485,44024,0.711172,0.49,1,2009263,2008778,485
139940421,35.1321,39.4678,479,44072,0.710234,0.45,1,2009297,2008818,479
139943341,23.8264,35.0936,466,44120,0.742047,0.51,1,2009318,2008852,466
139946261,11.1653,23.0187,454,44168,0.748409,0.51,1,2009326,2008872,454
139949181,32.6331,11.0037,484,44216,0.749682,0.53,1,2009364,2008880,484
139952101,33.7266,33.4007,479,44264,0.765936,0.47,2,2009398,2008919,479
139955021,31.5453,33.0801,477,44312,0.801187,0.51,2,2009429,2008952,477
139957941,44.7091,30.616,495,44360,0.808237,0.59,2,2009477,2008982,495
139960861,32.9418,42.1232,480,44408,0.809648,0.63,2,2009507,2009027,480
139963781,22.5884,31.6246,471,44456,0.809929,0.61,2,2009527,2009056,471
139966701,6.11767,22.3249,453,44503,0.809986,0.65,2,2009529,2009076,453
139969621,37.2235,39.665,454,44550,0.857997,0.71,2,2009574,2009120,454
139972541,35.4447,33.533,457,44597,0.851599,0.75,2,2009609,2009152,457
139975461,31.8889,31.5066,457,44644,0.83432,0.71,2,2009640,2009183,457
139978381,38.3778,38.3013,457,44691,0.830864,0.71,2,2009680,2009223,457
139981301,39.6756,39.6603,457,44738,0.894173,0.71,2,2009720,2009263,457
139984221,36.7351,35.1321,459,44785,0.874835,0.75,2,2009756,2009297,459
139987141,24.147,23.8264,459,44832,0.886967,0.75,2,2009777,2009318,459
139990061,11.2294,11.1653,459,44879,0.889393,0.75,2,2009785,2009326,459
139992981,32.6459,32.6331,459,44926,0.905879,0.77,2,2009823,2009364,459
140182781,37,38,502,47881,0.71,1,1,2011894,2011392,502
140185701,33.8,30,507,47925,0.726,1,1,2011927,2011420,507
140188621,21.96,30.8,495,47969,0.6812,1,1,2011946,2011451,495
140191541,34.792,31.76,501,48013,0.62424,1,1,2011984,2011483,501
140194461,36.5584,27.152,512,48057,0.516848,1,1,2012021,2011509,512
140197381,33.7117,35.0304,508,48101,0.44737,1,1,2012054,2011546,508
140200301,26.7423,30.2061,504,48145,0.353474,1,1,2012079,2011575,504
140203221,35.7485,22.0412,522,48189,0.270695,1,1,2012117,2011595,522
140206141,31.9497,34.0082,516,48233,0.222139,1,1,2012148,2011632,516
140209061,20.7899,34.8016,499,48277,0.244428,1,1,2012166,2011667,499
140211981,16.158,27.7603,488,48321,0.232886,0.93,1,2012181,2011693,488
140214901,28.8316,30.3521,489,48365,0.182577,1,1,2012213,2011724,489
140217821,28.1663,33.2704,483,48409,0.156515,1,1,2012241,2011758,483
140220741,21.6333,32.2541,471,48453,0.167303,0.91,1,2012261,2011790,471
140223661,22.7267,28.0508,467,48496,0.121461,0.77,1,2012284,2011817,467
140226581,35.7453,37.6102,466,48539,0.0802921,0.71,1,2012323,2011857,466
140229501,34.3491,37.122,463,48582,0.0720584,0.73,1,2012357,2011894,463
140232421,27.6698,33.8244,456,48625,0.0704117,0.67,1,2012383,2011927,456
140235341,17.534,21.9649,452,48668,0.0540823,0.61,1,2012398,2011946,452
140238261,29.1068,34.793,446,48711,0.0188165,0.49,1,2012430,2011984,446
140241181,33.0214,36.5586,443,48754,0.0277633,0.43,1,2012464,2012021,443
140244101,29.8043,33.7117,439,48797,0.0615527,0.33,1,2012493,2012054,439
140247021,22.7609,26.7423,435,48840,0.0683105,0.33,1,2012514,2012079,435
140249941,32.5522,5.34847,470,48883,0.117662,0.25,1,2012549,2012079,470
140252861,29.7104,31.4697,461,48926,0.0795324,0.21,1,2012578,2012117,461
140255781,24.3421,31.0939,453,48969,0.0879065,0.25,1,2012601,2012148,453
140258701,13.6684,20.6188,446,49012,0.105581,0.23,1,2012612,2012166,446
140261621,25.9337,16.1238,460,49055,0.0931163,0.17,1,2012641,2012181,460
140264541,26.7867,28.8248,455,49098,0.0746232,0.15,1,2012668,2012213,455
140267461,20.5573,28.1649,446,49141,0.0549247,0.17,1,2012687,2012241,446
140270381,21.7115,21.633,448,49184,0.0509849,0.11,1,2012709,2012261,448
140273301,33.1423,22.7266,461,49227,0.082197,0.07,1,2012745,2012284,461
140276221,33.8285,35.7453,456,49270,0.104439,0.07,1,2012779,2012323,456
140279141,27.5657,34.3491,448,49313,0.124888,0.07,1,2012805,2012357,448
140282061,16.7131,27.6698,436,49356,0.144978,0.05,1,2012819,2012383,436
140284981,28.9426,17.534,453,49399,0.0849955,0.01,1,2012851,2012398,453
140287901,33.7885,29.1068,456,49442,0.0409991,0.03,1,2012886,2012430,456
140290821,29.1577,33.0214,450,49485,0.0641998,0.07,1,2012914,2012464,450
140293741,23.4315,29.8043,443,49528,0.08484,0.07,1,2012936,2012493,443
140296661,34.2863,22.7609,459,49571,0.040968,0.13,1,2012973,2012514,459
140299581,28.4573,32.5522,451,49614,0.0641936,0.07,1,2013000,2012549,451
140302501,26.4915,29.7104,448,49656,0.0848387,0.09,1,2013026,2012578,448
140305421,13.2983,24.3421,435,49698,0.120968,0.11,1,2013036,2012601,435
140308341,26.6597,13.6684,454,49740,0.160194,0.09,1,2013066,2012612,454
140311261,26.1319,25.9337,451,49782,0.168039,0.07,1,2013092,2012641,451
140314181,21.2264,26.7867,444,49824,0.185608,0.05,1,2013112,2012668,444
140317101,21.8453,20.5573,447,49866,0.189122,0.05,1,2013134,2012687,447
140320021,35.5691,21.7115,464,49908,0.205824,0.09,1,2013173,2012709,464
140322941,33.5138,33.1423,461,49950,0.193165,0.11,1,2013206,2012745,461
140325861,27.5028,33.8285,453,49992,0.190633,0.13,1,2013232,2012779,453
140328781,17.5006,27.5657,442,50034,0.206127,0.15,1,2013247,2012805,442
140331701,25.1001,16.7131,455,50076,0.209225,0.07,1,2013274,2012819,455
140334621,33.02,28.9426,458,50118,0.241845,0.03,1,2013309,2012851,458
140337541,30.604,33.7885,453,50160,0.216369,0.07,1,2013339,2012886,453
140340461,22.1208,29.1577,445,50202,0.243274,0.09,1,2013359,2012914,445
140343381,35.6242,23.4315,462,50244,0.264655,0.03,1,2013398,2012936,462
140346301,27.9248,34.2863,451,50286,0.268931,0.07,1,2013424,2012973,451
140349221,7.18497,28.4573,426,50328,0.269786,0.09,1,2013426,2013000,426
140352141,23.837,26.4915,428,50370,0.317957,0.13,1,2013454,2013026,428
140355061,12.7674,13.2983,428,50412,0.311591,0.17,1,2013464,2013036,428
140357981,28.1535,26.6597,430,50454,0.278318,0.17,1,2013496,2013066,430
140360901,27.2307,26.1319,431,50496,0.303664,0.19,1,2013523,2013092,431
140363821,21.4461,21.2264,431,50538,0.340733,0.19,1,2013543,2013112,431
140366741,22.6892,21.8453,432,50580,0.332147,0.21,1,2013566,2013134,432
140369661,35.7378,35.5691,432,50622,0.314429,0.19,1,2013605,2013173,432
140372581,32.7476,33.5138,431,50664,0.342886,0.19,1,2013637,2013206,431
140375501,27.3495,27.5028,431,50706,0.316577,0.21,1,2013663,2013232,431
140378421,19.0699,17.5006,433,50748,0.343315,0.21,1,2013680,2013247,433
140381341,24.614,25.1001,432,50790,0.396663,0.25,1,2013706,2013274,432
140384261,34.5228,33.02,434,50831,0.455333,0.21,1,2013743,2013309,434
140387181,30.9046,30.604,434,50872,0.451067,0.25,1,2013773,2013339,434
140390101,22.1809,22.1208,434,50913,0.450213,0.27,1,2013793,2013359,434
140393021,36.4362,35.6242,435,50954,0.466043,0.27,1,2013833,2013398,435
140395941,28.0872,27.9248,435,50995,0.485209,0.27,1,2013859,2013424,435
140398861,7.21745,7.18497,435,51036,0.489042,0.33,1,2013861,2013426,435
140401781,25.4435,23.837,437,51077,0.537808,0.31,1,2013891,2013454,437
140404701,13.0887,12.7674,437,51118,0.515562,0.27,1,2013901,2013464,437
140407621,26.6177,28.1535,435,51159,0.559112,0.31,1,2013931,2013496,435
140410541,28.5235,27.2307,437,51200,0.535823,0.35,1,2013960,2013523,437
140413461,21.7047,21.4461,437,51241,0.595164,0.33,1,2013980,2013543,437
140416381,21.9409,22.6892,436,51282,0.575033,0.31,1,2014002,2013566,436
140419301,36.3882,35.7378,437,51323,0.571007,0.35,1,2014042,2013605,437
140422221,32.8776,32.7476,437,51364,0.602201,0.31,1,2014074,2013637,437
140425141,28.1755,27.3495,438,51405,0.59244,0.35,1,2014101,2013663,438
140428061,20.0351,19.0699,439,51446,0.590488,0.41,1,2014119,2013680,439
140430981,25.607,24.614,440,51487,0.622098,0.47,1,2014146,2013706,440
140433901,37.9214,34.5228,444,51528,0.66042,0.45,1,2014187,2013743,444
140436821,31.5843,30.9046,444,51569,0.668084,0.45,1,2014217,2013773,444
140439741,23.1169,22.1809,445,51610,0.685617,0.47,1,2014238,2013793,445
140442661,37.4234,36.4362,446,51651,0.673123,0.49,1,2014279,2013833,446
140445581,29.0847,28.0872,447,51692,0.686625,0.49,1,2014306,2013859,447
140448501,7.41693,7.21745,447,51733,0.689325,0.55,1,2014308,2013861,447
140451421,25.4834,25.4435,447,51774,0.657865,0.55,1,2014338,2013891,447
140454341,13.0967,5.0887,457,51815,0.651573,0.51,1,2014348,2013891,457
140457261,27.4193,9.01774,478,51856,0.666315,0.57,1,2014379,2013901,478
140460181,28.6839,25.8035,477,51897,0.669263,0.53,1,2014408,2013931,477
140463101,22.5368,28.3607,469,51938,0.701853,0.61,1,2014429,2013960,469
140466021,22.1074,21.6721,471,51979,0.708371,0.57,1,2014451,2013980,471
140468941,36.4215,21.9344,489,52020,0.709674,0.57,1,2014491,2014002,489
140471861,32.8843,36.3869,481,52060,0.725935,0.61,1,2014523,2014042,481
140474781,28.9769,32.8774,477,52100,0.745187,0.59,1,2014551,2014074,477
140477701,20.1954,28.1755,468,52140,0.749037,0.59,1,2014569,2014101,468
140480621,25.6391,20.0351,477,52180,0.781807,0.63,2,2014596,2014119,477
140483541,40.3278,25.607,494,52220,0.756361,0.67,2,2014640,2014146,494
140486461,32.8656,37.9214,484,52260,0.783272,0.67,2,2014671,2014187,484
140489381,22.5731,31.5843,474,52300,0.788655,0.69,2,2014691,2014217,474
140492301,38.1146,23.1169,495,52340,0.821731,0.67,2,2014733,2014238,495
140495221,28.4229,37.4234,480,52380,0.828346,0.69,2,2014759,2014279,480
140498141,7.28458,29.0847,455,52420,0.845669,0.69,2,2014761,2014306,455
140501061,25.4569,7.41693,483,52460,0.881134,0.65,2,2014791,2014308,483
140503981,13.0914,25.4834,463,52500,0.888227,0.65,2,2014801,2014338,463
140506901,28.2183,13.0967,485,52540,0.905645,0.67,2,2014833,2014348,485
140509821,29.6437,27.4193,484,52580,0.925129,0.67,2,2014863,2014379,484
140512741,23.5287,28.6839,477,52620,0.945026,0.71,2,2014885,2014408,477
140721521,25,30,545,55425,0.91,1,2,2016858,2016313,545
140778461,405,474.8,459,24820,0.19,0.69,1,2017358,2016899,459
140781381,107.4,126.16,453,25633,0.126,0.53,1,2017391,2016938,453
140784301,78.28,43.632,501,25716,0.0812,0.33,1,2017462,2016961,501
140787221,53.256,77.5264,462,25798,0.08824,0.23,1,2017509,2017047,462
140790141,61.0512,56.3053,474,25880,0.073648,0.11,1,2017572,2017098,474
140793061,49.8102,68.8611,449,25962,0.11873,0,1,2017619,2017170,449
140795981,51.5621,61.7722,441,26044,0.0637459,0.03,1,2017671,2017230,441
140798901,70.3124,69.9544,444,26125,0.0527492,0.03,1,2017746,2017302,444
140801821,31.6625,30.7909,445,26206,0.0985498,0.01,1,2017768,2017323,445
140804741,43.9325,34.1582,457,26287,0.09171,0.11,1,2017815,2017358,457
140807661,64.7865,33.2316,494,26368,0.122342,0.07,1,2017885,2017391,494
140810581,52.1573,63.4463,472,26448,0.160468,0.09,1,2017934,2017462,472
140813501,62.4315,50.2893,490,26528,0.200094,0.07,1,2017999,2017509,490
140816421,48.4863,60.4579,472,26608,0.176019,0.13,1,2018044,2017572,472
140819341,49.6973,49.6916,475,26688,0.203204,0.05,1,2018094,2017619,475
140822261,71.5395,51.5383,500,26767,0.208641,0.05,1,2018171,2017671,500
140825181,32.7079,70.3077,448,26846,0.225728,0.11,1,2018194,2017746,448
140828101,8.14158,31.6615,428,26925,0.229146,0.09,1,2018196,2017768,428
140831021,37.6283,43.9323,426,27004,0.277829,0.13,1,2018241,2017815,426
140833941,67.5257,64.7865,431,27082,0.335566,0.17,1,2018316,2017885,431
140836861,51.9051,52.1573,430,27160,0.315113,0.21,1,2018364,2017934,430
140839781,62.381,62.4315,430,27238,0.343023,0.17,1,2018429,2017999,430
140842701,48.4762,48.4863,430,27316,0.380605,0.21,1,2018474,2018044,430
140845621,51.2952,49.6973,432,27394,0.468121,0.21,1,2018526,2018094,432
140848541,71.8591,71.5395,432,27471,0.485624,0.23,1,2018603,2018171,432
140851461,33.5718,32.7079,433,27548,0.521125,0.23,1,2018627,2018194,433
140854381,8.31436,8.14158,433,27625,0.528225,0.29,1,2018629,2018196,433
140857301,38.4629,37.6283,434,27702,0.561645,0.35,1,2018675,2018241,434
140860221,70.0926,67.5257,437,27778,0.600329,0.31,1,2018753,2018316,437
140863141,52.4185,51.9051,437,27854,0.624066,0.35,1,2018801,2018364,437
140866061,64.0837,62.381,439,27930,0.628813,0.39,1,2018868,2018429,439
140868981,50.4167,48.4762,441,28006,0.645763,0.49,1,2018915,2018474,441
140871901,54.0833,51.2952,444,28082,0.713153,0.49,1,2018970,2018526,444
140874821,73.2167,71.8591,445,28157,0.758631,0.53,2,2019048,2018603,445
140877741,34.6433,33.5718,446,28232,0.719726,0.53,1,2019073,2018627,446
140880661,8.52867,8.31436,446,28307,0.711945,0.57,1,2019075,2018629,446
140883581,40.1057,38.4629,448,28382,0.758389,0.57,2,2019123,2018675,448
140886501,71.2211,7.69257,527,28457,0.751678,0.61,2,2019202,2018675,527
140889421,55.0442,63.9385,500,28531,0.750336,0.63,2,2019253,2018753,500
140892341,64.6088,51.1877,519,28605,0.750067,0.63,2,2019320,2018801,519
140895261,52.1218,63.8375,501,28679,0.798013,0.65,2,2019369,2018868,501
140898181,55.2244,50.3675,510,28753,0.775603,0.73,2,2019425,2018915,510
140901101,75.0449,54.0735,535,28827,0.739121,0.77,1,2019505,2018970,535
140904021,35.009,73.2147,482,28900,0.731824,0.71,1,2019530,2019048,482
140906941,8.60179,34.6429,459,28973,0.730365,0.71,1,2019532,2019073,459
140909861,41.7204,8.52859,507,29046,0.794073,0.77,2,2019582,2019075,507
140912781,70.7441,40.1057,537,29119,0.854815,0.75,2,2019660,2019123,537
140915701,54.9488,71.2211,509,29192,0.866963,0.75,2,2019711,2019202,509
141044181,81,30,558,32227,0.55,1,1,2021852,2021294,558
141047101,57.8,84.4,512,32293,0.374,1,1,2021904,2021392,512
141050021,44.36,44.08,519,32359,0.2268,1,1,2021945,2021426,519
141052941,36.872,33.616,523,32424,0.13336,1,1,2021980,2021457,523
141055861,36.1744,26.7232,534,32489,0.114672,1,1,2022016,2021482,534
141058781,60.8349,53.3446,541,32554,0.0229344,1,1,2022083,2021542,541
141061701,40.967,65.8689,508,32619,0.0605869,1,1,2022119,2021611,508
141064621,37.7934,41.1738,510,32684,0.0681174,0.95,1,2022156,2021646,510
141067541,41.1587,34.6348,519,32749,0.0536235,0.95,1,2022198,2021679,519
141070461,9.83174,51.727,465,32814,0.0347247,0.81,1,2022200,2021735,465
141073381,27.5663,39.1454,461,32878,0.0789449,0.55,1,2022232,2021771,461
141076301,59.1133,72.6291,447,32942,0.071789,0.33,1,2022299,2021852,447
141079221,44.6227,56.1258,436,33006,0.0863578,0.19,1,2022340,2021904,436
141082141,36.9245,44.0252,430,33070,0.121272,0.11,1,2022375,2021945,430
141085061,30.5849,36.805,424,33134,0.144254,0.11,1,2022404,2021980,424
141087981,33.317,36.161,422,33198,0.180851,0,1,2022438,2022016,422
141090901,65.0634,60.8322,428,33262,0.0761702,0.07,1,2022511,2022083,428
141093821,41.8127,40.9664,428,33326,0.055234,0.07,1,2022547,2022119,428
141096741,35.5625,37.7933,425,33389,0.0830468,0.05,1,2022581,2022156,425
141099661,39.9125,41.1587,424,33452,0.168609,0.03,1,2022622,2022198,424
141102581,9.5825,9.83173,424,33515,0.185722,0.09,1,2022624,2022200,424
141105501,27.5165,27.5663,424,33578,0.221144,0.07,1,2022656,2022232,424
141108421,58.3033,59.1133,423,33641,0.228229,0.09,1,2022722,2022299,423
141111341,46.8607,44.6227,426,33704,0.261646,0.13,1,2022766,2022340,426
141114261,38.1721,36.9245,427,33767,0.236329,0.15,1,2022802,2022375,427
141117181,32.4344,30.5849,429,33830,0.247266,0.19,1,2022833,2022404,429
141120101,33.6869,33.317,429,33893,0.233453,0.05,1,2022867,2022438,429
141123021,61.1374,65.0634,424,33955,0.262691,0.05,1,2022935,2022511,424
141125941,41.0275,41.8127,424,34017,0.284538,0.09,1,2022971,2022547,424
141128861,37.8055,35.5625,427,34079,0.208908,0.19,1,2023008,2022581,427
141131781,42.7611,39.9125,430,34141,0.209782,0.19,1,2023052,2022622,430
141134701,10.1522,9.5825,430,34203,0.209956,0.23,1,2023054,2022624,430
141137621,28.4304,27.5165,431,34265,0.193991,0.23,1,2023087,2022656,431
141140541,59.2861,5.5033,498,34327,0.190798,0.23,1,2023154,2022656,498
141143461,47.0572,53.9007,476,34389,0.19016,0.27,1,2023198,2022722,476
141146381,36.6114,45.9801,466,34450,0.206032,0.23,1,2023232,2022766,466
141149301,32.9223,37.996,462,34511,0.225206,0.25,1,2023264,2022802,462
141152221,34.5845,32.3992,466,34572,0.229041,0.23,1,2023299,2022833,466
141155141,63.7169,33.6798,503,34633,0.229808,0.27,1,2023370,2022867,503
141158061,41.5434,61.136,471,34694,0.197962,0.29,1,2023406,2022935,471
141160981,33.9087,41.0272,467,34755,0.207592,0.19,1,2023438,2022971,467
141163901,42.7817,37.8054,475,34816,0.241518,0.21,1,2023483,2023008,475
141166821,10.1563,42.7611,433,34877,0.248304,0.21,1,2023485,2023052,433
141169741,27.6313,10.1522,463,34938,0.297661,0.19,1,2023517,2023054,463
141172661,59.1263,28.4304,497,34999,0.323532,0.19,1,2023584,2023087,497
141175581,47.0253,59.2861,474,35059,0.376706,0.19,1,2023628,2023154,474
141178501,37.405,47.0572,465,35119,0.403341,0.21,1,2023663,2023198,465
141181421,34.681,36.6114,465,35179,0.376668,0.23,1,2023697,2023232,465
141184341,34.9362,32.9223,468,35239,0.419334,0.23,1,2023732,2023264,468
141187261,61.3872,34.5845,501,35299,0.427867,0.23,1,2023800,2023299,501
141190181,41.0774,63.7169,466,35359,0.445573,0.19,1,2023836,2023370,466
141193101,34.6155,41.5434,463,35419,0.449115,0.21,1,2023869,2023406,463
141196021,45.3231,33.9087,479,35479,0.465823,0.25,1,2023917,2023438,479
141198941,10.6646,42.7817,436,35539,0.437165,0.25,1,2023919,2023483,436
141201861,29.3329,10.1563,468,35598,0.479433,0.31,1,2023953,2023485,468
141204781,60.2666,27.6313,504,35657,0.535887,0.33,1,2024021,2023517,504
141207701,13.6533,59.1263,439,35716,0.547177,0.39,1,2024023,2023584,439
141210621,39.5307,47.0253,441,35775,0.581435,0.41,1,2024069,2023628,441
141213541,36.7061,37.405,442,35834,0.636287,0.37,1,2024105,2023663,442
141216461,34.5412,34.681,442,35893,0.615257,0.43,1,2024139,2023697,442
141219381,35.7082,34.9362,443,35952,0.659052,0.43,1,2024175,2023732,443
141222301,62.3416,61.3872,444,36011,0.68381,0.45,1,2024244,2023800,444
141225221,41.2683,41.0774,444,36070,0.704762,0.45,1,2024280,2023836,444
141228141,34.6537,34.6155,444,36129,0.756952,0.47,2,2024313,2023869,444
141231061,44.5307,45.3231,443,36187,0.75139,0.43,2,2024360,2023917,443
141233981,10.5061,10.6646,443,36245,0.782278,0.49,2,2024362,2023919,443
141236901,31.7012,29.3329,446,36303,0.820456,0.55,2,2024399,2023953,446
141239821,63.1402,60.2666,449,36361,0.876091,0.55,2,2024470,2024021,449
141242741,14.228,13.6533,449,36419,0.887218,0.59,2,2024472,2024023,449
141245661,41.2456,39.5307,451,36477,0.921444,0.65,2,2024520,2024069,451
141248581,37.8491,36.7061,452,36535,0.928289,0.61,2,2024557,2024105,452
141251501,35.5698,34.5412,453,36593,0.945658,0.67,2,2024592,2024139,453
141435461,35,29,500,40067,0.59,1,1,2027023,2026523,500
141438381,35.8,5.8,536,40120,0.494,1,1,2027059,2026523,536
141441301,29.56,24.36,535,40173,0.4428,1,1,2027087,2026552,535
141444221,32.312,44.872,518,40226,0.32056,1,1,2027120,2026602,518
141447141,35.2624,45.7744,508,40278,0.184112,1,1,2027156,2026648,508
141450061,45.4525,37.1549,521,40330,0.0368224,1,1,2027204,2026683,521
141452981,33.0905,37.031,514,40382,0.0153645,1,1,2027234,2026720,514
141455901,29.8181,31.4062,513,40434,0.0110729,1,1,2027263,2026750,513
141458821,48.3636,27.8812,539,40486,0.0102146,0.98,1,2027316,2026777,539
141461741,38.4727,52.7762,516,40538,0.0420429,1,1,2027352,2026836,516
141464661,30.0945,45.7552,500,40590,0.0164086,0.99,1,2027380,2026880,500
141467581,31.6189,34.751,500,40642,0.0272817,0.9,1,2027412,2026912,500
141470501,30.3238,37.3502,492,40694,0.0134563,0.73,1,2027442,2026950,492
141473421,32.4648,37.87,487,40746,0.0586913,0.59,1,2027475,2026988,487
141476341,28.893,35.574,480,40798,0.0517383,0.47,1,2027503,2027023,480
141479261,24.1786,35.9148,467,40850,0.0503476,0.43,1,2027526,2027059,467
141482181,24.0357,29.583,463,40902,0.0500695,0.29,1,2027550,2027087,463
141485101,29.6071,32.3166,461,40954,0.0660139,0.15,1,2027581,2027120,461
141488021,41.1214,35.2633,469,41006,0.0372028,0,1,2027625,2027156,469
141490941,32.2243,45.4527,451,41057,0.0474406,0.01,1,2027655,2027204,451
141493861,29.6449,33.0905,450,41108,0.0334881,0.01,1,2027684,2027234,450
141496781,48.329,29.8181,474,41159,0.00669762,0.01,1,2027737,2027263,474
141499701,38.4658,48.3636,457,41210,0.0253395,0.05,1,2027773,2027316,457
141502621,30.0932,38.4727,449,41261,0.0450679,0.01,1,2027801,2027352,449
141505541,32.4186,30.0945,454,41312,0.0330136,0.03,1,2027834,2027380,454
141508461,29.6837,31.6189,451,41363,0.0306027,0.01,1,2027863,2027412,451
141511381,34.7367,30.3238,457,41414,0.0621205,0.07,1,2027899,2027442,457
141514301,26.9473,32.4648,449,41465,0.0844241,0.05,1,2027924,2027475,449
141517221,23.7895,28.893,444,41516,0.0888848,0.05,1,2027947,2027503,444
141520141,6.35789,24.1786,423,41567,0.089777,0.05,1,2027949,2027526,423
141523061,20.4716,24.0357,423,41618,0.0899554,0.07,1,2027973,2027550,423
141525981,29.6943,29.6071,424,41669,0.105991,0.03,1,2028005,2027581,424
141528901,39.5389,41.1214,422,41720,0.109198,0.05,1,2028047,2027625,422
141531821,31.9078,32.2243,422,41771,0.10984,0.03,1,2028077,2027655,422
141534741,31.1816,29.6449,424,41822,0.0299679,0,1,2028108,2027684,424
141537661,47.8363,48.329,423,41872,0.00599359,0.03,1,2028160,2027737,423
141540581,37.5673,38.4658,422,41922,0.0251987,0.05,1,2028195,2027773,422
141543501,30.7135,30.0932,423,41972,0.0450397,0.03,1,2028224,2027801,423
141546421,32.5427,32.4186,423,42022,0.00900795,0.03,1,2028257,2027834,423
141549341,28.9085,29.6837,422,42072,0.0258016,0.07,1,2028285,2027863,422
141552261,37.7817,34.7367,426,42122,0.0451603,0.09,1,2028325,2027899,426
141555181,25.9563,26.9473,424,42172,0.0970321,0.09,1,2028348,2027924,424
141558101,25.1913,23.7895,426,42222,0.123406,0.09,1,2028373,2027947,426
141561021,6.63825,6.35789,426,42272,0.128681,0.09,1,2028375,2027949,426
141563941,18.9277,20.4716,424,42322,0.145736,0.11,1,2028397,2027973,424
141566861,30.1855,29.6943,425,42372,0.149147,0.11,1,2028430,2028005,425
141569781,39.6371,39.5389,425,42422,0.165829,0.11,1,2028472,2028047,425
141572701,30.3274,31.9078,423,42472,0.201166,0.01,1,2028500,2028077,423
141575621,30.0655,31.1816,422,42522,0.176233,0,1,2028530,2028108,422
141578541,47.6131,47.8363,422,42572,0.0592466,0.03,1,2028582,2028160,422
141581461,37.5226,37.5673,422,42622,0.0358493,0.05,1,2028617,2028195,422
141584381,30.7045,30.7135,422,42672,0.0311699,0,1,2028646,2028224,422
141587301,32.5409,32.5427,422,42721,0.00623397,0.03,1,2028679,2028257,422
141590221,28.9082,28.9085,422,42770,0.00924679,0.05,1,2028707,2028285,422
141593141,39.3816,37.7817,424,42819,0.00984936,0.11,1,2028749,2028325,424
141596061,27.8763,25.9563,426,42868,0.0579699,0.13,1,2028774,2028348,426
141598981,27.1753,25.1913,428,42917,0.067594,0.13,1,2028801,2028373,428
141601901,7.03505,6.63825,428,42966,0.101519,0.15,1,2028803,2028375,428
141604821,19.807,18.9277,429,43015,0.0923038,0.15,1,2028826,2028397,429
141607741,29.5614,3.78553,461,43064,0.0744608,0.15,1,2028858,2028397,461
141610661,40.3123,27.1571,471,43113,0.0548921,0.17,1,2028901,2028430,471
141613581,32.0625,39.0314,459,43162,0.0349784,0.21,1,2028931,2028472,459
141616501,27.2125,30.2063,457,43211,0.0469957,0.17,1,2028957,2028500,457
141619421,42.2425,30.0413,473,43260,0.0333991,0.03,1,2029003,2028530,473
141622341,36.4485,47.6083,456,43309,0.0466798,0.03,1,2029038,2028582,456
141625261,30.4897,37.5217,450,43358,0.033336,0.03,1,2029067,2028617,450
141628181,32.4979,30.7043,454,43407,0.0146672,0,1,2029100,2028646,454
141631101,28.8996,32.5409,449,43456,0.0429334,0.01,1,2029128,2028679,449
141634021,39.3799,28.9082,463,43505,0.0325867,0.01,1,2029170,2028707,463
141636941,29.476,39.3816,448,43553,0.0305173,0.07,1,2029197,2028749,448
141639861,28.2952,27.8763,451,43601,0.0461035,0.07,1,2029225,2028774,451
141642781,7.25904,27.1753,426,43649,0.0492207,0.11,1,2029227,2028801,426
141645701,19.0518,7.03505,446,43697,0.0658441,0.09,1,2029249,2028803,446
141648621,30.2104,19.807,456,43745,0.101169,0.07,1,2029282,2028826,456
141651541,40.4421,29.5614,467,43793,0.108234,0.05,1,2029325,2028858,467
141654461,30.4884,40.3123,452,43841,0.141647,0.03,1,2029353,2028901,452
141657381,27.6977,32.0625,449,43889,0.164329,0.05,1,2029380,2028931,449
141660301,41.5395,27.2125,468,43937,0.168866,0.03,1,2029425,2028957,468
141663221,35.5079,42.2425,456,43985,0.201773,0.05,1,2029459,2029003,456
141666141,31.9016,36.4485,452,44033,0.176355,0.03,1,2029490,2029038,452
141669061,31.9803,30.4897,455,44081,0.203271,0.01,1,2029522,2029067,455
141671981,27.9961,32.4979,449,44129,0.128654,0.05,1,2029549,2029100,449
141674901,39.9992,28.8996,464,44177,0.0657308,0.03,1,2029592,2029128,464
141677821,29.5998,39.3799,449,44225,0.0371462,0.03,1,2029619,2029170,449
141680741,29.92,29.476,452,44273,0.0314292,0.05,1,2029649,2029197,452
141683661,7.58399,28.2952,426,44321,0.00628585,0.05,1,2029651,2029225,426
141686581,19.1168,7.25904,446,44369,0.0572572,0.07,1,2029673,2029227,446
141689501,32.6234,19.0518,460,44417,0.0834514,0.11,1,2029709,2029249,460
141692421,40.1247,30.2104,469,44464,0.10469,0.11,1,2029751,2029282,469
141695341,9.62493,40.4421,428,44511,0.108938,0.15,1,2029753,2029325,428
141698261,25.125,30.4884,429,44558,0.157788,0.17,1,2029782,2029353,429
141701181,27.425,27.6977,430,44605,0.167558,0.17,1,2029810,2029380,430
141704101,41.485,41.5395,430,44652,0.201512,0.21,1,2029855,2029425,430
141707021,37.897,35.5079,433,44699,0.240302,0.17,1,2029892,2029459,433
141709941,29.9794,31.9016,430,44746,0.29606,0.21,1,2029920,2029490,430
141712861,31.5959,31.9803,430,44793,0.291212,0.11,1,2029952,2029522,430
141715781,25.5192,27.9961,427,44840,0.306242,0.05,1,2029976,2029549,427
141718701,37.1038,39.9992,424,44887,0.357248,0.03,1,2030016,2029592,424
141721621,28.2208,29.5998,423,44934,0.36745,0.03,1,2030042,2029619,423
141724541,31.2442,29.92,425,44981,0.33749,0,1,2030074,2029649,425
141727461,7.84883,7.58399,425,45028,0.331498,0.07,1,2030076,2029651,425
141730381,19.1698,19.1168,425,45075,0.3303,0.09,1,2030098,2029673,425
141733301,33.434,32.6234,426,45122,0.34606,0.11,1,2030135,2029709,426
141736221,41.0868,40.1247,427,45169,0.413212,0.11,1,2030178,2029751,427
141739141,9.81736,9.62493,427,45216,0.426642,0.17,1,2030180,2029753,427
141742061,25.9635,25.125,428,45263,0.445328,0.17,1,2030210,2029782,428
141744981,27.5927,27.425,428,45310,0.497066,0.21,1,2030238,2029810,428
141747901,43.1185,41.485,430,45357,0.507413,0.25,1,2030285,2029855,430
141750821,42.2237,37.897,435,45403,0.525483,0.31,1,2030327,2029892,435
141753741,30.8447,29.9794,435,45449,0.577097,0.29,1,2030355,2029920,435
141756661,33.3689,31.5959,437,45495,0.555419,0.31,1,2030389,2029952,437
141759581,25.8738,25.5192,437,45541,0.519084,0.37,1,2030413,2029976,437
141762501,37.9748,37.1038,438,45587,0.511817,0.37,1,2030454,2030016,438
141765421,28.395,28.2208,438,45633,0.510363,0.33,1,2030480,2030042,438
141768341,31.279,31.2442,438,45679,0.510073,0.33,1,2030512,2030074,438
141771261,7.8558,7.84883,438,45725,0.510015,0.33,1,2030514,2030076,438
141774181,20.7712,19.1698,440,45771,0.526003,0.35,1,2030538,2030098,440
141777101,33.7542,33.434,440,45817,0.545201,0.43,1,2030575,2030135,440
141780021,42.7508,41.0868,442,45863,0.53304,0.43,1,2030620,2030178,442
141782941,10.1502,9.81736,442,45909,0.530608,0.43,1,2030622,2030180,442
141785861,26.83,1.96347,473,45955,0.546122,0.45,1,2030653,2030180,473
141788781,28.566,24.3927,472,46001,0.549224,0.51,1,2030682,2030210,472
141791701,44.9132,27.2785,493,46047,0.565845,0.51,1,2030731,2030238,493
141794621,43.3826,43.0557,489,46093,0.553169,0.53,1,2030774,2030285,489
141797541,31.8765,42.2111,476,46139,0.534634,0.59,1,2030803,2030327,476
141800461,31.9753,30.8422,480,46185,0.530927,0.55,1,2030835,2030355,480
141803381,25.5951,33.3684,470,46231,0.546185,0.51,1,2030859,2030389,470
141806301,37.919,25.8737,487,46277,0.565237,0.51,1,2030900,2030413,487
141809221,28.3838,37.9747,472,46323,0.569047,0.51,1,2030926,2030454,472
141812141,32.0768,28.3949,479,46369,0.553809,0.51,1,2030959,2030480,479
141815061,8.01535,31.279,449,46414,0.550762,0.51,1,2030961,2030512,449
141817981,20.8031,7.8558,471,46459,0.566152,0.53,1,2030985,2030514,471
141820901,32.9606,20.7712,483,46504,0.58523,0.55,1,2031021,2030538,483
141823821,43.3921,33.7542,492,46549,0.621046,0.53,1,2031067,2030575,492
141826741,10.2784,42.7508,449,46594,0.628209,0.53,1,2031069,2030620,449
141829661,28.4557,10.1502,480,46639,0.613642,0.55,1,2031102,2030622,480
141832581,28.8911,26.83,478,46684,0.610728,0.55,1,2031131,2030653,478
141835501,44.9782,28.566,498,46729,0.690146,0.57,1,2031180,2030682,498
141838421,42.5956,44.9132,491,46774,0.706029,0.55,1,2031222,2030731,491
141841341,30.9191,43.3826,476,46819,0.725206,0.53,1,2031250,2030774,476
141844261,32.5838,31.8765,480,46864,0.745041,0.53,1,2031283,2030803,480
141847181,26.5168,31.9753,473,46909,0.749008,0.55,1,2031308,2030835,473
141850101,38.1034,25.5951,490,46954,0.781802,0.57,2,2031349,2030859,490
141853021,28.4207,37.919,475,46999,0.78836,0.57,2,2031375,2030900,475
141855941,31.2841,28.3838,481,47044,0.789672,0.55,2,2031407,2030926,481
141858861,7.85683,32.0768,450,47089,0.789934,0.55,2,2031409,2030959,450
141861781,21.5714,8.01535,473,47134,0.805987,0.57,2,2031434,2030961,473
141864701,34.7143,20.8031,487,47179,0.841197,0.59,2,2031472,2030985,487
141867621,44.5429,32.9606,498,47224,0.848239,0.63,2,2031519,2031021,498
141870541,10.5086,43.3921,454,47269,0.849648,0.63,2,2031521,2031067,454
141873461,28.5017,10.2784,485,47314,0.86593,0.61,2,2031554,2031069,485
141876381,30.5003,28.4557,483,47359,0.885186,0.61,2,2031585,2031102,483
141879301,7.70007,28.8911,456,47404,0.889037,0.71,2,2031587,2031131,456
141882221,41.54,44.9782,457,47448,0.921807,0.71,2,2031637,2031180,457
141885141,42.708,42.5956,458,47492,0.928362,0.73,2,2031680,2031222,458
142028221,31,34,502,49620,0.83,1,2,2033119,2032617,502
142031141,33.4,32.4,504,49662,0.846,1,2,2033153,2032649,504
142034061,33.08,35.28,501,49704,0.7692,1,2,2033186,2032685,501
142036981,43.416,27.056,522,49746,0.62584,1,1,2033232,2032710,522
142039901,35.0832,42.2112,509,49788,0.613168,1,1,2033265,2032756,509
142042821,32.6166,29.2422,515,49830,0.578634,1,1,2033297,2032782,515
142045741,23.3233,30.6484,505,49872,0.587727,1,1,2033318,2032813,505
142048661,16.6647,22.9297,499,49914,0.509545,1,1,2033333,2032834,499
142051581,27.3329,21.3859,508,49956,0.557909,1,1,2033363,2032855,508
142054501,36.6666,29.8772,515,49998,0.551582,1,1,2033402,2032887,515
142057421,21.7333,37.1754,494,50040,0.518316,1,1,2033420,2032926,494
142060341,25.1467,23.4351,500,50082,0.511663,0.94,1,2033446,2032946,500
142063261,25.8293,27.087,498,50124,0.510333,0.95,1,2033472,2032974,498
142066181,23.5659,27.0174,494,50166,0.494067,0.99,1,2033495,2033001,494
142069101,23.1132,26.2035,491,50208,0.458813,0.89,1,2033518,2033027,491
142072021,31.8226,26.0407,499,50250,0.467763,0.89,1,2033552,2033053,499
142074941,31.9645,33.2081,496,50292,0.437553,0.83,1,2033584,2033088,496
142077861,7.99291,31.4416,467,50334,0.431511,0.85,1,2033586,2033119,467
142080781,24.7986,33.4883,462,50376,0.430302,0.75,1,2033615,2033153,462
142083701,29.7597,33.0977,460,50418,0.41406,0.59,1,2033646,2033186,460
142086621,38.7519,43.4195,455,50460,0.426812,0.61,1,2033687,2033232,455
142089541,34.9504,35.0839,456,50502,0.413362,0.57,1,2033721,2033265,456
142092461,28.5901,32.6168,451,50544,0.410672,0.59,1,2033748,2033297,451
142095381,20.918,23.3234,449,50586,0.378134,0.49,1,2033767,2033318,449
142098301,12.1836,16.6647,444,50628,0.355627,0.57,1,2033777,2033333,444
142101221,31.2367,27.3329,450,50670,0.383125,0.55,1,2033813,2033363,450
142104141,36.6473,36.6666,449,50712,0.420625,0.51,1,2033851,2033402,449
142107061,18.5295,21.7333,445,50754,0.444125,0.51,1,2033865,2033420,445
142109981,26.1059,25.1467,447,50795,0.448825,0.51,1,2033893,2033446,447
142112901,26.0212,25.8293,447,50836,0.449765,0.49,1,2033919,2033472,447
142115821,22.8042,23.5659,446,50877,0.481953,0.45,1,2033941,2033495,446
142118741,21.3608,23.1132,444,50918,0.472391,0.47,1,2033962,2033518,444
142121661,32.2722,31.8226,445,50959,0.534478,0.43,1,2033997,2033552,445
142124581,29.6544,31.9645,442,51000,0.546896,0.43,1,2034026,2033584,442
142127501,7.53089,7.99291,442,51041,0.549379,0.43,1,2034028,2033586,442
142130421,23.1062,24.7986,440,51082,0.549876,0.41,1,2034055,2033615,440
142133341,31.0212,29.7597,442,51123,0.613975,0.43,1,2034088,2033646,442
142136261,39.8042,38.7519,443,51164,0.594795,0.41,1,2034130,2033687,443
142139181,32.7609,34.9504,440,51205,0.638959,0.41,1,2034161,2033721,440
142142101,28.9522,28.5901,441,51246,0.679792,0.37,1,2034189,2033748,441
142145021,19.3904,20.918,439,51287,0.671958,0.35,1,2034206,2033767,439
142147941,11.0781,12.1836,438,51328,0.686392,0.39,1,2034215,2033777,438
142150861,34.2156,31.2367,442,51369,0.705278,0.43,1,2034255,2033813,442
142153781,38.8431,36.6473,444,51410,0.693056,0.45,1,2034295,2033851,444
142156701,18.9686,18.5295,444,51451,0.658611,0.45,1,2034309,2033865,444
142159621,26.1937,26.1059,444,51492,0.699722,0.45,1,2034337,2033893,444
142162541,26.0387,26.0212,444,51533,0.707944,0.49,1,2034363,2033919,444
142165461,22.8077,22.8042,444,51574,0.709589,0.47,1,2034385,2033941,444
142168381,22.9615,21.3608,446,51615,0.693918,0.55,1,2034408,2033962,446
142171301,33.3923,32.2722,447,51656,0.690784,0.55,1,2034444,2033997,447
142174221,29.8785,29.6544,447,51697,0.722157,0.55,1,2034473,2034026,447
142177141,7.57569,7.53089,447,51738,0.728431,0.55,1,2034475,2034028,447
142180061,24.7151,23.1062,449,51779,0.713686,0.55,1,2034504,2034055,449
142182981,30.543,4.62124,481,51820,0.710737,0.63,1,2034536,2034055,481
142185901,42.1086,27.3242,493,51861,0.710147,0.59,1,2034581,2034088,493
142188821,34.8217,39.0649,484,51902,0.742029,0.65,1,2034614,2034130,484
142191741,29.3643,32.613,481,51943,0.764406,0.69,2,2034642,2034161,481
142194661,20.2729,28.9226,471,51984,0.768881,0.67,2,2034660,2034189,471
142197581,10.4546,19.3845,462,52025,0.769776,0.69,2,2034668,2034206,462
142200501,34.8909,11.0769,494,52065,0.769955,0.71,2,2034709,2034215,494
142203421,38.1782,34.2154,493,52105,0.769991,0.69,2,2034748,2034255,493
142206341,18.8356,38.8431,467,52145,0.769998,0.65,2,2034762,2034295,467
142209261,26.9671,18.9686,482,52185,0.754,0.71,2,2034791,2034309,482
142212181,26.1934,26.1937,480,52225,0.7988,0.71,2,2034817,2034337,480
142215101,22.8387,26.0387,476,52265,0.80776,0.71,2,2034839,2034363,476
142218021,23.7677,22.8077,478,52305,0.825552,0.69,2,2034863,2034385,478
142220941,33.5535,22.9615,491,52345,0.84511,0.69,2,2034899,2034408,491
142223861,29.9107,33.3923,484,52385,0.833022,0.73,2,2034928,2034444,484
142226781,7.58214,29.8785,457,52425,0.830604,0.73,2,2034930,2034473,457
142229701,25.5164,7.57569,485,52465,0.846121,0.71,2,2034960,2034475,485
142232621,31.5033,24.7151,489,52505,0.881224,0.71,2,2034993,2034504,489
142235541,41.5007,30.543,501,52545,0.872245,0.71,2,2035037,2034536,501
142238461,37.1001,42.1086,492,52585,0.918449,0.75,2,2035073,2034581,492
142241381,29.82,34.8217,487,52625,0.89569,0.77,2,2035101,2034614,487
142244301,20.364,29.3643,477,52665,0.923138,0.77,2,2035119,2034642,477
142247221,10.4728,20.2729,467,52705,0.928628,0.77,2,2035127,2034660,467
142250141,34.8946,10.4546,500,52745,0.913725,0.77,2,2035168,2034668,500
142253061,38.1789,34.8909,498,52785,0.894745,0.77,2,2035207,2034709,498
142255981,18.8358,38.1782,473,52825,0.890949,0.77,2,2035221,2034748,473
142258901,27.7672,18.8356,489,52865,0.90619,0.75,2,2035251,2034762,489
142261821,27.1534,26.9671,487,52905,0.925238,0.81,2,2035278,2034791,487
142264741,23.0307,26.1934,483,52945,0.945048,0.81,2,2035300,2034817,483
142469141,67,29,501,25633,0.05,0.51,1,2037359,2036858,501
142472061,47.8,70.6,463,25716,0.066,0.33,1,2037402,2036939,463
142474981,47.96,57.32,457,25798,0.0692,0.19,1,2037450,2036993,457
142477901,42.392,60.264,437,25880,0.06984,0.11,1,2037491,2037054,437
142480821,25.2784,28.8528,437,25962,0.117968,0.13,1,2037512,2037075,437
142483741,38.6557,21.7706,459,26044,0.0955936,0.09,1,2037554,2037095,459
142486661,58.9311,56.3541,458,26125,0.0431187,0.07,1,2037618,2037160,458
142489581,62.1862,71.2708,446,26206,0.0326237,0.03,1,2037681,2037235,446
142492501,92.4372,59.8542,489,26287,0.142525,0.05,1,2037781,2037292,489
142495421,55.2874,65.5708,468,26368,0.148505,0.07,1,2037827,2037359,468
142498341,47.8575,47.5142,471,26448,0.197701,0.07,1,2037873,2037402,471
142501261,42.3715,47.9028,464,26528,0.23954,0.07,1,2037914,2037450,464
142504181,29.2743,42.3806,449,26608,0.215908,0.13,1,2037940,2037491,449
142507101,37.0549,25.2761,467,26688,0.259182,0.09,1,2037979,2037512,467
142510021,56.211,38.6552,486,26767,0.171836,0.03,1,2038040,2037554,486
142512941,63.2422,58.931,487,26846,0.122367,0.03,1,2038105,2037618,487
142515861,14.2484,62.1862,426,26925,0.112473,0.17,1,2038107,2037681,426
142518781,86.0497,92.4372,430,27004,0.174495,0.15,1,2038211,2037781,430
142521701,54.8099,55.2874,431,27082,0.138899,0.21,1,2038258,2037827,431
142524621,49.362,47.8575,433,27160,0.17978,0.25,1,2038306,2037873,433
142527541,43.4724,42.3715,434,27238,0.187956,0.21,1,2038348,2037914,434
142530461,29.4945,29.2743,434,27316,0.189591,0.27,1,2038374,2037940,434
142533381,38.6989,37.0549,436,27394,0.221918,0.15,1,2038415,2037979,436
142536301,50.9398,56.211,429,27471,0.196384,0.11,1,2038469,2038040,429
142539221,58.988,63.2422,425,27548,0.239277,0.11,1,2038530,2038105,425
142542141,13.3976,14.2484,425,27625,0.279855,0.19,1,2038532,2038107,425
142545061,89.0795,86.0497,429,27702,0.319971,0.13,1,2038640,2038211,429
142547981,54.6159,54.8099,428,27778,0.327994,0.19,1,2038686,2038258,428
142550901,50.1232,49.362,429,27854,0.377599,0.19,1,2038735,2038306,429
142553821,43.6246,43.4724,429,27930,0.40352,0.19,1,2038777,2038348,429
142556741,29.5249,29.4945,429,28006,0.408704,0.23,1,2038803,2038374,429
142559661,40.305,38.6989,431,28082,0.409741,0.19,1,2038846,2038415,431
142562581,51.261,50.9398,431,28157,0.425948,0.25,1,2038900,2038469,431
142565501,61.4522,58.988,434,28232,0.41319,0.29,1,2038964,2038530,434
142568421,13.8904,13.3976,434,28307,0.410638,0.33,1,2038966,2038532,434
142571341,90.7781,89.0795,436,28382,0.378128,0.33,1,2039076,2038640,436
142574261,55.7556,17.8159,483,28457,0.355626,0.33,1,2039123,2038640,483
142577181,51.9511,40.3632,488,28531,0.383125,0.39,1,2039174,2038686,488
142580101,43.9902,47.2726,481,28605,0.404625,0.41,1,2039216,2038735,481
142583021,29.598,43.0545,465,28679,0.408925,0.41,1,2039242,2038777,465
142585941,40.3196,29.4109,482,28753,0.425785,0.41,1,2039285,2038803,482
142588861,52.0639,40.2822,494,28827,0.493157,0.43,1,2039340,2038846,494
142591781,60.8128,51.2564,503,28900,0.506631,0.41,1,2039403,2038900,503
142594701,13.7626,61.4513,441,28973,0.509326,0.41,1,2039405,2038964,441
142597621,90.7525,13.8903,549,29046,0.573865,0.37,1,2039515,2038966,549
142600541,54.9505,90.7781,485,29119,0.602773,0.35,1,2039561,2039076,485
142603461,53.3901,55.7556,491,29192,0.624555,0.39,1,2039614,2039123,491
142606381,45.078,51.9511,483,29265,0.676911,0.41,1,2039657,2039174,483
142609301,29.8156,43.9902,467,29337,0.719382,0.41,1,2039683,2039216,467
142612221,41.1631,29.598,485,29409,0.759876,0.43,2,2039727,2039242,485
142615141,55.4326,40.3196,501,29481,0.799975,0.51,2,2039786,2039285,501
142618061,61.4865,52.0639,509,29553,0.839995,0.51,2,2039849,2039340,509
142620981,13.8973,60.8128,448,29625,0.847999,0.51,2,2039851,2039403,448
142623901,93.9795,13.7626,560,29696,0.8976,0.59,2,2039965,2039405,560
142626821,56.3959,90.7525,497,29767,0.92352,0.61,2,2040012,2039515,497
142629741,54.4792,54.9505,505,29838,0.928704,0.63,2,2040066,2039561,505
142632661,12.4958,53.3901,454,29909,0.945741,0.69,2,2040068,2039614,454
142778661,72,77,479,33262,0.45,1,1,2042444,2041965,479
142781581,48,42.6,487,33326,0.194,1,1,2042486,2041999,487
142784501,37.6,34.12,490,33389,0.0628,1,1,2042521,2042031,490
142787421,29.92,23.624,497,33452,0.03656,1,1,2042549,2042052,497
142790341,16.384,25.5248,484,33515,0.063312,1,1,2042562,2042078,484
142793261,42.4768,33.905,497,33578,0.0206624,1,1,2042611,2042114,497
142796181,31.6954,32.381,494,33641,0.0121325,1,1,2042640,2042146,494
142799101,49.5391,59.2762,482,33704,0.0584265,1,1,2042694,2042212,482
142802021,33.9078,40.6552,476,33767,0.0196853,0.84,1,2042724,2042248,476
142804941,65.9816,72.9311,469,33830,0.0279371,0.67,1,2042798,2042329,469
142807861,37.9963,48.9862,457,33893,0.00558741,0.45,1,2042829,2042372,457
142810781,49.1993,67.3972,437,33955,0.0251175,0.13,1,2042881,2042444,437
142813701,34.6399,47.0795,426,34017,0.0450235,0.03,1,2042912,2042486,426
142816621,32.528,37.4159,423,34079,0.0170047,0.03,1,2042944,2042521,423
142819541,28.9056,29.8832,423,34141,0.00340094,0.07,1,2042972,2042549,423
142822461,16.1811,16.3766,423,34203,0.0246802,0.01,1,2042985,2042562,423
142825381,41.6362,42.4753,422,34265,0.044936,0.01,1,2043033,2042611,422
142828301,30.7272,8.49507,450,34327,0.0329872,0.01,1,2043061,2042611,450
142831221,52.5454,24.899,479,34389,0.0305974,0.07,1,2043119,2042640,479
142834141,33.7091,48.1798,454,34450,0.0781195,0.01,1,2043148,2042694,454
142837061,65.1418,33.636,497,34511,0.0396239,0.03,1,2043221,2042724,497
142839981,36.2284,65.9272,452,34572,0.0479248,0,1,2043250,2042798,452
142842901,48.8457,37.9854,473,34633,0.065585,0.03,1,2043302,2042829,473
142845821,34.5691,49.1971,452,34694,0.069117,0.05,1,2043333,2042881,452
142848741,32.5138,34.6394,453,34755,0.0698234,0.01,1,2043365,2042912,453
142851661,28.9028,32.5279,449,34816,0.0219647,0,1,2043393,2042944,449
142854581,16.1806,28.9056,434,34877,0.00439294,0.03,1,2043406,2042972,434
142857501,41.6361,16.1811,469,34938,0.0408786,0.05,1,2043454,2042985,469
142860421,30.7272,41.6362,449,34999,0.00817572,0.03,1,2043482,2043033,449
142863341,58.1454,30.7272,486,35059,0.0256351,0.03,1,2043547,2043061,486
142866261,32.4291,52.5454,454,35119,0.045127,0.09,1,2043573,2043119,454
142869181,62.4858,33.7091,495,35179,0.0490254,0.03,1,2043643,2043148,495
142872101,34.8972,65.1418,450,35239,0.0498051,0.05,1,2043671,2043221,450
142875021,50.1794,36.2284,475,35299,0.017961,0.07,1,2043725,2043250,475
142877941,34.0359,48.8457,453,35359,0.0595922,0.07,1,2043755,2043302,453
142880861,31.6072,34.5691,453,35419,0.0199184,0.07,1,2043786,2043333,453
142883781,28.7214,32.5138,449,35479,0.0279837,0.01,1,2043814,2043365,449
142886701,16.9443,28.9028,435,35539,0.00559674,0,1,2043828,2043393,435
142889621,41.7889,16.1806,470,35598,0.00911935,0.05,1,2043876,2043406,470
142892541,29.9578,41.6361,449,35657,0.00982387,0,1,2043903,2043454,449
142895461,7.59155,30.7272,423,35716,0.00996477,0.03,1,2043905,2043482,423
142898381,54.3183,58.1454,424,35775,0.025993,0.05,1,2043971,2043547,424
142901301,31.6637,32.4291,424,35834,0.0611986,0.05,1,2043997,2043573,424
142904221,63.9327,62.4858,426,35893,0.0362397,0.05,1,2044069,2043643,426
142907141,34.3865,34.8972,425,35952,0.0312479,0.01,1,2044096,2043671,425
142910061,49.2773,50.1794,424,36011,0.0462496,0.07,1,2044149,2043725,424
142912981,34.6555,34.0359,425,36070,0.0332499,0.01,1,2044180,2043755,425
142915901,29.3311,31.6072,422,36129,0.01465,0.03,1,2044208,2043786,422
142918821,28.2662,28.7214,422,36187,0.02693,0,1,2044236,2043814,422
142921741,17.6532,16.9443,423,36245,0.013386,0.01,1,2044251,2043828,423
142924661,43.5306,41.7889,425,36303,0.0266772,0.01,1,2044301,2043876,425
142927581,28.7061,29.9578,423,36361,0.0293354,0.01,1,2044326,2043903,423
142930501,7.34123,7.59155,423,36419,0.00586709,0.03,1,2044328,2043905,423
142933421,53.4682,54.3183,422,36477,0.0251734,0.07,1,2044393,2043971,422
142936341,33.0936,31.6637,424,36535,0.0610347,0.03,1,2044421,2043997,424
142939261,62.6187,63.9327,422,36593,0.100207,0.03,1,2044491,2044069,422
142942181,34.9237,34.3865,423,36651,0.0760414,0.05,1,2044519,2044096,423
142945101,48.5848,49.2773,422,36709,0.135208,0.03,1,2044571,2044149,422
142948021,35.3169,34.6555,423,36767,0.131042,0.01,1,2044603,2044180,423
142950941,29.4634,29.3311,423,36824,0.146208,0.03,1,2044631,2044208,423
142953861,27.4927,28.2662,422,36881,0.133242,0.01,1,2044658,2044236,422
142956781,17.4985,17.6532,422,36938,0.0506483,0.03,1,2044673,2044251,422
142959701,44.2997,43.5306,423,36995,0.0501297,0.03,1,2044724,2044301,423
142962621,28.0599,28.7061,422,37052,0.0500259,0,1,2044748,2044326,422
142965541,7.21199,7.34123,422,37109,0.0180052,0.03,1,2044750,2044328,422
142968461,53.4424,53.4682,422,37166,0.043601,0.03,1,2044815,2044393,422
142971381,33.0885,10.6936,450,37223,0.0487202,0.07,1,2044843,2044393,450
142974301,64.2177,24.5387,494,37280,0.097744,0.11,1,2044915,2044421,494
142977221,35.2435,60.9077,452,37337,0.107549,0.07,1,2044943,2044491,452
142980141,50.2487,34.5815,478,37394,0.12551,0.15,1,2044997,2044519,478
142983061,36.4497,48.5163,459,37451,0.145102,0.13,1,2045030,2044571,459
142985981,30.4899,35.3033,456,37507,0.16502,0.15,1,2045059,2044603,456
142988901,23.698,29.4607,450,37563,0.169004,0.13,1,2045081,2044631,450
142991821,15.1396,27.4921,436,37619,0.169801,0.03,1,2045094,2044658,436
142994741,43.8279,17.4984,472,37675,0.15396,0.05,1,2045145,2044673,472
142997661,27.9656,44.2997,445,37731,0.166792,0.05,1,2045169,2044724,445
143000581,7.19312,28.0599,423,37787,0.169358,0.01,1,2045171,2044748,423
143003501,53.4386,7.21199,486,37843,0.0418717,0.05,1,2045236,2044750,486
143006421,34.6877,53.4424,451,37899,0.0483743,0.05,1,2045266,2044815,451
143009341,66.9375,33.0885,498,37955,0.0816749,0.11,1,2045341,2044843,498
143012261,35.7875,64.2177,454,38011,0.104335,0.11,1,2045369,2044915,454
143015181,51.1575,35.2435,481,38067,0.124867,0.13,1,2045424,2044943,481
143018101,37.4315,50.2487,461,38122,0.160973,0.15,1,2045458,2044997,461
143021021,31.4863,36.4497,458,38177,0.200195,0.17,1,2045488,2045030,458
143023941,24.6973,30.4899,452,38232,0.192039,0.17,1,2045511,2045059,452
143026861,14.5395,23.698,442,38287,0.222408,0.17,1,2045523,2045081,442
143029781,42.9079,15.1396,479,38342,0.228482,0.15,1,2045573,2045094,479
143032701,23.7816,43.8279,447,38397,0.213696,0.17,1,2045592,2045145,447
143035621,6.35632,27.9656,425,38452,0.210739,0.17,1,2045594,2045169,425
143038541,52.4713,7.19312,487,38507,0.0661478,0.01,1,2045658,2045171,487
143041461,35.2943,53.4386,453,38562,0.0372296,0.05,1,2045689,2045236,453
143044381,68.6589,34.6877,500,38617,0.0954459,0.09,1,2045766,2045266,500
143047301,15.3318,66.9375,427,38672,0.107089,0.11,1,2045768,2045341,427
143050221,26.2664,35.7875,428,38727,0.157418,0.13,1,2045797,2045369,428
143053141,49.2533,51.1575,428,38782,0.151484,0.17,1,2045852,2045424,428
143056061,39.4507,37.4315,431,38836,0.134297,0.21,1,2045889,2045458,431
143058981,32.6901,31.4863,432,38890,0.146859,0.19,1,2045920,2045488,432
143061901,25.738,24.6973,433,38944,0.117372,0.23,1,2045944,2045511,433
143064821,14.7476,14.5395,433,38998,0.143474,0.23,1,2045956,2045523,433
143067741,42.9495,42.9079,433,39052,0.132695,0.21,1,2046006,2045573,433
143070661,22.9899,23.7816,432,39106,0.178539,0.21,1,2046024,2045592,432
143073581,6.19798,6.35632,432,39160,0.187708,0.03,1,2046026,2045594,432
143076501,45.2396,52.4713,423,39214,0.205542,0.03,1,2046081,2045658,423
143079421,33.8479,35.2943,423,39268,0.177108,0.11,1,2046112,2045689,423
143082341,71.5696,68.6589,427,39322,0.235422,0.11,1,2046193,2045766,427
143085261,15.9139,15.3318,427,39376,0.215084,0.17,1,2046195,2045768,427
143088181,27.1828,26.2664,428,39430,0.243017,0.15,1,2046225,2045797,428
143091101,48.6366,49.2533,427,39484,0.280603,0.13,1,2046279,2045852,427
143094021,40.1273,39.4507,428,39537,0.288121,0.15,1,2046317,2045889,428
143096941,32.0255,32.6901,427,39590,0.337624,0.11,1,2046347,2045920,427
143099861,25.6051,25.738,427,39643,0.363525,0.15,1,2046371,2045944,427
143102781,14.721,14.7476,427,39696,0.368705,0.13,1,2046383,2045956,427
143105701,44.5442,42.9495,429,39749,0.353741,0.19,1,2046435,2046006,429
143108621,23.3088,22.9899,429,39802,0.398748,0.19,1,2046453,2046024,429
143111541,6.26177,6.19798,429,39855,0.40775,0.21,1,2046455,2046026,429
143114461,46.0524,45.2396,430,39908,0.40955,0.17,1,2046511,2046081,430
143117381,34.8105,33.8479,431,39961,0.42591,0.25,1,2046543,2046112,431
143120301,72.5621,71.5696,432,40014,0.509182,0.21,1,2046625,2046193,432
143123221,16.1124,15.9139,432,40067,0.493836,0.21,1,2046627,2046195,432
143126141,28.0225,3.18278,463,40120,0.490767,0.25,1,2046658,2046195,463
143129061,49.6045,24.6366,488,40173,0.506153,0.29,1,2046713,2046225,488
143131981,41.9209,48.1273,474,40226,0.541231,0.29,1,2046753,2046279,474
143134901,33.1842,40.0255,467,40278,0.548246,0.35,1,2046784,2046317,467
143137821,25.8368,32.0051,461,40330,0.549649,0.37,1,2046808,2046347,461
143140741,14.7674,25.601,449,40382,0.54993,0.37,1,2046820,2046371,449
143143661,46.1535,14.7202,491,40434,0.549986,0.35,1,2046874,2046383,491
143146581,23.6307,44.544,457,40486,0.597997,0.41,1,2046892,2046435,457
143149501,6.32614,23.3088,441,40538,0.607599,0.41,1,2046894,2046453,441
143152421,46.0652,6.26176,495,40590,0.60952,0.41,1,2046950,2046455,495
143155341,37.213,46.0524,474,40642,0.609904,0.43,1,2046985,2046511,474
143158261,75.4426,34.8105,527,40694,0.657981,0.53,1,2047070,2046543,527
143161181,16.6885,72.5621,447,40746,0.667596,0.49,1,2047072,2046625,447
143164101,28.1377,16.1124,476,40798,0.685519,0.49,1,2047103,2046627,476
143167021,52.0275,28.0225,503,40850,0.705104,0.51,1,2047161,2046658,503
143169941,42.4055,49.6045,488,40902,0.741021,0.55,1,2047201,2046713,488
143172861,33.2811,41.9209,479,40954,0.780204,0.55,2,2047232,2046753,479
143175781,25.8562,33.1842,472,41006,0.788041,0.55,2,2047256,2046784,472
143178701,14.7712,25.8368,460,41057,0.789608,0.55,2,2047268,2046808,460
143181621,48.5543,14.7674,505,41108,0.805922,0.55,2,2047325,2046820,505
143184541,24.1109,46.1535,469,41159,0.825184,0.61,2,2047343,2046874,469
143187461,6.42217,23.6307,453,41210,0.829037,0.61,2,2047345,2046892,453
143190381,46.0844,6.32614,507,41261,0.845807,0.61,2,2047401,2046894,507
143193301,38.0169,46.0652,487,41312,0.849161,0.61,2,2047437,2046950,487
143196221,77.2034,37.213,539,41363,0.817832,0.67,2,2047524,2046985,539
143199141,17.0407,75.4426,456,41414,0.811566,0.67,2,2047526,2047070,456
143202061,29.0081,16.6885,486,41465,0.826313,0.69,2,2047558,2047072,486
143204981,53.8016,28.1377,515,41516,0.877263,0.71,2,2047618,2047103,515
143207901,12.3603,52.0275,459,41567,0.887453,0.75,2,2047620,2047161,459
143210821,34.4721,42.4055,459,41618,0.921491,0.79,2,2047660,2047201,459
143213741,33.2944,33.2811,461,41669,0.912298,0.79,2,2047693,2047232,461
143216661,25.8589,25.8562,461,41720,0.87846,0.79,2,2047717,2047256,461
143219581,14.7718,14.7712,461,41771,0.919692,0.81,2,2047729,2047268,461
143222501,49.3544,48.5543,462,41822,0.927938,0.83,2,2047787,2047325,462
143225421,25.0709,24.1109,463,41872,0.945588,0.83,2,2047806,2047343,463
143228341,6.61417,6.42217,463,41922,0.949117,0.85,2,2047808,2047345,463
143231261,46.9228,46.0844,464,41972,0.933823,0.85,2,2047865,2047401,464
143234181,38.1846,38.0169,464,42022,0.914765,0.81,2,2047901,2047437,464
143423981,37,20,500,45169,0.87,1,2,2050115,2049615,500
143426901,33,34.4,494,45216,0.822,1,2,2050147,2049653,494
143429821,24.2,30.88,486,45263,0.8284,1,2,2050169,2049683,486
143432741,21.64,20.576,489,45310,0.78168,0.97,2,2050190,2049701,489
143435661,29.128,23.3152,496,45357,0.692336,1,1,2050221,2049725,496
143438581,34.6256,35.863,493,45403,0.738467,1,1,2050257,2049764,493
143441501,26.1251,31.1726,487,45449,0.763693,0.85,2,2050281,2049794,487
143444421,20.425,27.0345,480,45495,0.752739,1,2,2050300,2049820,480
143447341,57.685,61.4069,477,45541,0.798548,1,2,2050367,2049890,477
143450261,41.937,43.4814,476,45587,0.77571,1,2,2050405,2049929,476
143453181,28.3874,31.0963,473,45633,0.835142,1,2,2050430,2049957,473
143456101,40.0775,43.0193,470,45679,0.799028,1,2,2050473,2050003,470
143459021,33.6155,36.6039,467,45725,0.855806,0.85,2,2050505,2050038,467
143461941,21.1231,23.3208,465,45771,0.835161,0.93,2,2050523,2050058,465
143464861,20.2246,20.6642,465,45817,0.847032,0.87,2,2050543,2050078,465
143467781,31.2449,33.7328,462,45863,0.913406,0.81,2,2050577,2050115,462
143470701,30.249,32.3466,460,45909,0.862681,0.81,2,2050607,2050147,460
143473621,22.8498,6.46931,481,45955,0.900536,0.83,2,2050628,2050147,481
143476541,19.77,18.8939,478,46001,0.892107,0.77,2,2050647,2050169,478
143479461,27.154,20.5788,486,46047,0.858422,0.67,2,2050676,2050190,486
143482381,34.2308,28.9158,491,46093,0.899684,0.75,2,2050712,2050221,491
143680941,35,30,503,49105,0.83,1,2,2052804,2052301,503
143683861,47.8,34.8,518,49148,0.766,0.99,2,2052855,2052337,518
143686781,37.56,38.16,514,49191,0.7852,0.98,2,2052890,2052376,514
143689701,36.312,41.232,508,49234,0.75704,1,2,2052926,2052418,508
143692621,33.6624,25.0464,520,49277,0.671408,1,1,2052959,2052439,520
143695541,22.7325,40.2093,496,49320,0.750282,0.93,2,2052979,2052483,496
143698461,10.9465,23.2419,485,49363,0.782056,1,2,2052987,2052502,485
143701381,22.9893,14.2484,499,49406,0.788411,0.95,2,2053013,2052514,499
143704301,38.9979,25.2497,514,49449,0.789682,1,2,2053056,2052542,514
143707221,27.7996,40.2499,495,49492,0.821936,1,2,2053081,2052586,495
143710141,15.1599,26.45,484,49535,0.844387,1,2,2053093,2052609,484
143713061,11.032,16.49,480,49578,0.816877,0.99,2,2053103,2052623,480
143715981,17.4064,11.298,489,49620,0.827375,0.97,2,2053122,2052633,489
143718901,29.8813,21.4596,498,49662,0.861475,0.95,2,2053155,2052657,498
143721821,51.5763,32.2919,520,49704,0.852295,0.73,2,2053212,2052692,520
143724741,20.7153,52.8584,475,49746,0.834459,0.81,2,2053225,2052750,475
143727661,33.7431,25.7717,493,49788,0.862892,0.83,2,2053262,2052769,493
143730581,49.1486,33.1543,511,49830,0.884578,0.75,2,2053315,2052804,511
143733501,37.8297,47.4309,495,49872,0.936916,0.79,2,2053350,2052855,495
143959801,448,662,448,2920,0.71,0,1,2057139,2056691,448
143962721,455.2,490.8,457,4380,0.854,0.71,2,2057596,2057139,457
143997761,223,257,485,13228,0.37,0.99,1,2059513,2059028,485
144000681,187.8,207.4,469,13389,0.162,0.89,1,2059692,2059223,469
144003601,60.76,67.88,465,13548,0.0564,0.87,1,2059721,2059256,465
144006521,40.152,40.776,466,13705,0.05128,0.87,1,2059756,2059290,466
144009441,162.43,8.1552,659,13860,0.066256,0.37,1,2059949,2059290,659
144012361,164.486,180.031,601,14013,0.181251,0.11,1,2060114,2059513,601
144015281,56.0972,179.206,451,14165,0.18825,0.03,1,2060143,2059692,451
144018201,39.2194,59.0412,457,14315,0.22165,0.05,1,2060178,2059721,457
144021121,165.444,39.8082,619,14463,0.16433,0.07,1,2060375,2059756,619
144024041,169.089,162.362,596,14610,0.280866,0.21,1,2060545,2059949,596
144026961,56.2178,164.472,459,14755,0.304173,0.19,1,2060573,2060114,459
144029881,42.4436,56.0945,469,14899,0.292835,0.23,1,2060612,2060143,469
144032801,161.289,39.2189,625,15042,0.386567,0.15,1,2060803,2060178,625
144035721,33.8577,165.444,430,15183,0.405313,0.31,1,2060805,2060375,430
144038641,148.372,169.089,437,15323,0.505063,0.31,1,2060982,2060545,437
144041561,52.0743,56.2177,437,15462,0.525013,0.29,1,2061010,2060573,437
144044481,40.8149,42.4435,436,15599,0.529003,0.41,1,2061048,2060612,436
144047401,165.763,161.289,442,15735,0.5938,0.41,1,2061245,2060803,442
144050321,34.7526,33.8577,442,15870,0.63876,0.53,1,2061247,2060805,442
144053241,151.751,148.372,446,16004,0.647752,0.53,1,2061428,2060982,446
144056161,52.7501,52.0743,446,16137,0.71355,0.53,1,2061456,2061010,446
144059081,40.95,40.8149,446,16269,0.74271,0.61,1,2061494,2061048,446
144062001,170.59,165.763,452,16400,0.812542,0.65,2,2061697,2061245,452
144064921,35.718,34.7526,452,16529,0.794508,0.65,2,2061699,2061247,452
144067841,153.544,151.751,454,16657,0.902902,0.65,2,2061882,2061428,454
144070761,54.7087,30.3501,484,16784,0.89258,0.73,2,2061912,2061428,484
144073681,41.3417,28.47,494,16911,0.922516,0.75,2,2061950,2061456,494
144075141,169.068,36.094,657,17037,0.928503,0.83,2,2062151,2061494,657
144078061,39.4137,169.619,461,17162,0.945701,0.79,2,2062158,2061697,461
144080981,9.48273,35.5238,461,17286,0.91714,0.93,2,2062160,2061699,461
144224061,109,106,476,22523,0.93,1,2,2065971,2065495,476
144226981,65.8,21.2,531,22617,0.93,0.99,2,2066026,2065495,531
144229901,115.56,53.84,597,22711,0.93,0.99,2,2066154,2065557,597
144340861,130,40,600,26021,0.43,1,1,2068528,2067928,600
144343781,54.8,106.4,513,26102,0.398,1,1,2068564,2068051,513
144346701,34.16,49.28,507,26183,0.3916,1,1,2068593,2068086,507
144349621,35.632,28.256,520,26264,0.39032,1,1,2068629,2068109,520
144352541,32.7264,35.2512,515,26345,0.406064,1,1,2068661,2068146,515
144355461,54.5453,41.4502,532,26425,0.345213,1,1,2068721,2068189,532
144358381,87.7091,55.49,569,26505,0.397043,0.79,1,2068817,2068248,569
144361301,49.5418,97.498,501,26585,0.423409,0.79,1,2068857,2068356,501
144364221,100.308,53.0996,572,26665,0.460682,0.43,1,2068970,2068398,572
144367141,47.2617,114.62,476,26744,0.468136,0.39,1,2069004,2068528,476
144370061,35.0523,51.724,472,26823,0.469627,0.39,1,2069036,2068564,472
144372981,31.8105,33.5448,474,26902,0.485925,0.39,1,2069067,2068593,474
144375901,7.96209,35.509,440,26981,0.521185,0.41,1,2069069,2068629,440
144378821,28.7924,32.7018,442,27060,0.560237,0.33,1,2069103,2068661,442
144381741,51.3585,54.5404,439,27138,0.520047,0.41,1,2069160,2068721,439
144384661,87.8717,87.7081,440,27216,0.60801,0.43,1,2069257,2068817,440
144387581,51.9743,49.5416,443,27294,0.625602,0.47,1,2069300,2068857,443
144390501,103.195,100.308,446,27372,0.69312,0.47,1,2069416,2068970,446
144393421,47.039,47.2617,445,27449,0.722624,0.47,1,2069449,2069004,445
144396341,35.0078,35.0523,445,27526,0.744525,0.49,1,2069481,2069036,445
144399261,32.6016,31.8105,446,27603,0.764905,0.53,2,2069513,2069067,446
144402181,8.12031,7.96209,446,27680,0.800981,0.57,2,2069515,2069069,446
144405101,28.8241,28.7924,446,27757,0.840196,0.51,2,2069549,2069103,446
144408021,52.9648,51.3585,448,27833,0.864039,0.63,2,2069608,2069160,448
144410941,90.593,87.8717,451,27909,0.900808,0.63,2,2069708,2069257,451
144413861,54.9186,51.9743,454,27985,0.908162,0.71,2,2069754,2069300,454
144536501,43,27,500,31003,0.85,1,2,2071902,2071402,500
144539421,34.2,31.8,499,31071,0.802,1,2,2071934,2071435,499
144542341,21.24,27.16,491,31139,0.7284,1,1,2071952,2071461,491
144545261,35.448,34.232,494,31207,0.56968,1,1,2071991,2071497,494
144548181,35.0896,34.0464,495,31275,0.521936,1,1,2072026,2071531,495
144551101,75.8179,74.0093,497,31343,0.368387,1,1,2072112,2071615,497
144554021,40.7636,14.8019,529,31411,0.305677,1,1,2072144,2071615,529
144556941,92.1527,38.9604,589,31478,0.181135,0.9,1,2072249,2071660,589
144559861,45.6305,101.392,506,31545,0.0922271,0.89,1,2072283,2071777,506
144562781,45.1261,48.2784,516,31612,0.0744454,0.94,1,2072328,2071812,516
144565701,37.0252,47.2557,504,31679,0.0868891,0.85,1,2072363,2071859,504
144568621,30.605,43.8511,490,31746,0.0733778,0.79,1,2072392,2071902,490
144571541,20.521,34.3702,476,31813,0.0546756,0.71,1,2072410,2071934,476
144574461,28.1042,21.274,488,31880,0.0829351,0.53,1,2072440,2071952,488
144577381,32.0208,35.4548,482,31946,0.056587,0.51,1,2072473,2071991,482
144580301,66.4042,35.091,522,32012,0.0993174,0.33,1,2072548,2072026,522
144583221,36.4808,75.8182,465,32078,0.107863,0.29,1,2072577,2072112,465
144586141,85.6962,40.7636,531,32144,0.125573,0.15,1,2072675,2072144,531
144589061,42.7392,92.1527,458,32210,0.129115,0.07,1,2072707,2072249,458
144591981,44.5478,45.6305,469,32276,0.145823,0.07,1,2072752,2072283,469
144594901,37.7096,45.1261,460,32342,0.165165,0.09,1,2072788,2072328,460
144597821,29.1419,37.0252,452,32407,0.201033,0.07,1,2072815,2072363,452
144600741,20.2284,30.605,441,32472,0.176207,0.05,1,2072833,2072392,441
144603661,31.2457,20.521,457,32537,0.187241,0.09,1,2072867,2072410,457
144606581,29.4491,28.1042,456,32602,0.173448,0.05,1,2072896,2072440,456
144609501,67.4898,32.0208,500,32667,0.20269,0.11,1,2072973,2072473,500
144612421,39.098,66.4042,457,32732,0.224538,0.11,1,2073005,2072548,457
144615341,9.41959,36.4808,430,32797,0.228908,0.13,1,2073007,2072577,430
144618261,78.6839,85.6962,428,32861,0.261782,0.13,1,2073103,2072675,428
144621181,41.3368,42.7392,428,32925,0.300356,0.15,1,2073135,2072707,428
144624101,45.8674,44.5478,430,32989,0.356071,0.17,1,2073182,2072752,430
144627021,38.7735,37.7096,431,33053,0.367214,0.21,1,2073219,2072788,431
144629941,28.5547,29.1419,430,33117,0.369443,0.17,1,2073245,2072815,430
144632861,20.9109,20.2284,431,33181,0.385889,0.19,1,2073264,2072833,431
144635781,31.3822,31.2457,431,33245,0.421178,0.17,1,2073298,2072867,431
144638701,28.6764,29.4491,430,33309,0.412236,0.21,1,2073326,2072896,430
144641621,68.9353,67.4898,432,33372,0.458447,0.23,1,2073405,2072973,432
144644541,40.1871,39.098,433,33435,0.531689,0.23,1,2073438,2073005,433
144647461,9.63741,9.41959,433,33498,0.514338,0.27,1,2073440,2073007,433
144650381,78.7275,78.6839,433,33561,0.574868,0.31,1,2073536,2073103,433
144653301,43.7455,41.3368,436,33624,0.634974,0.37,1,2073571,2073135,436
144656221,47.9491,45.8674,438,33687,0.630995,0.37,1,2073620,2073182,438
144659141,40.7898,38.7735,440,33750,0.614199,0.37,1,2073659,2073219,440
144662061,28.958,28.5547,440,33813,0.61084,0.39,1,2073685,2073245,440
144664981,21.7916,20.9109,441,33876,0.626168,0.43,1,2073705,2073264,441
144667901,31.5583,31.3822,441,33938,0.709234,0.41,1,2073739,2073298,441
144670821,29.5117,28.6764,442,34000,0.725847,0.47,1,2073768,2073326,442
144673741,71.5023,68.9353,445,34062,0.745169,0.55,1,2073850,2073405,445
144676661,42.3005,40.1871,447,34124,0.813034,0.51,2,2073885,2073438,447
144679581,10.0601,9.63741,447,34186,0.826607,0.59,2,2073887,2073440,447
144682501,80.412,78.7275,449,34248,0.765321,0.59,2,2073985,2073536,449
144685421,47.2824,15.7455,488,34310,0.785064,0.65,2,2074024,2073536,488
144688341,47.8565,31.1491,501,34372,0.805013,0.63,2,2074072,2073571,501
144691261,39.9713,45.4298,490,34434,0.825003,0.61,2,2074110,2073620,490
144694181,29.5943,40.286,478,34495,0.829001,0.61,2,2074137,2073659,478
144697101,21.9189,28.8572,472,34556,0.8458,0.63,2,2074157,2073685,472
144700021,34.7838,21.7714,490,34617,0.81716,0.73,2,2074195,2073705,490
144702941,30.9568,31.5543,486,34678,0.811432,0.73,2,2074225,2073739,486
144705861,72.5914,29.5109,540,34739,0.826286,0.75,2,2074308,2073768,540
144708781,44.1183,71.5022,495,34800,0.813257,0.83,2,2074345,2073850,495
144711701,10.4237,42.3004,462,34861,0.810651,0.83,2,2074347,2073885,462
144714621,78.8847,10.0601,556,34922,0.84213,0.75,2,2074443,2073887,556
144717541,48.5769,80.412,499,34983,0.848426,0.79,2,2074484,2073985,499
144720461,48.9154,47.2824,509,35043,0.881685,0.81,2,2074533,2074024,509
144723381,40.9831,47.8565,500,35103,0.872337,0.83,2,2074572,2074072,500
144726301,30.5966,39.9713,490,35163,0.902467,0.83,2,2074600,2074110,490
144729221,22.1193,29.5943,483,35223,0.908494,0.85,2,2074620,2074137,483
144732141,33.2239,21.9189,499,35283,0.909699,0.81,2,2074656,2074157,499
144735061,30.6448,34.7838,491,35343,0.92594,0.81,2,2074686,2074195,491
144854781,28,68,518,37717,0.53,1,1,2076378,2075860,518
144857701,32.8,52,504,37773,0.498,1,1,2076412,2075908,504
144860621,43.36,36.8,517,37829,0.3956,1,1,2076458,2075941,517
144863541,25.472,33.76,505,37885,0.31112,1,1,2076479,2075974,505
144866461,28.2944,25.152,511,37941,0.230224,1,1,2076508,2075997,511
144869381,32.8589,25.0304,520,37997,0.118045,1,1,2076542,2076022,520
144872301,27.3718,33.0061,511,38053,0.023609,1,1,2076568,2076057,511
144875221,28.6744,29.0012,512,38109,0.108722,1,1,2076597,2076085,512
144878141,36.9349,29.8002,521,38164,0.0217444,1,1,2076636,2076115,521
144881061,73.787,55.5601,542,38219,0.0283489,0.97,1,2076719,2076177,542
144883981,37.9574,67.112,501,38274,0.0456698,0.91,1,2076748,2076247,501
144886901,50.7915,40.6224,521,38329,0.081134,0.63,1,2076802,2076281,521
144889821,28.5583,63.3245,475,38384,0.136227,0.53,1,2076825,2076350,475
144892741,29.7117,35.0649,477,38439,0.147245,0.49,1,2076855,2076378,477
144895661,38.7423,34.213,484,38494,0.149449,0.37,1,2076896,2076412,484
144898581,21.3485,43.6426,455,38549,0.19789,0.29,1,2076913,2076458,455
144901501,22.6697,25.5285,457,38604,0.159578,0.21,1,2076936,2076479,457
144904421,6.13394,28.3057,430,38659,0.151916,0.09,1,2076938,2076508,430
144907341,23.6268,32.8611,424,38714,0.182383,0,1,2076966,2076542,424
144910261,23.9254,27.3722,422,38769,0.156477,0.13,1,2076990,2076568,422
144913181,29.5851,28.6744,424,38823,0.151295,0,1,2077021,2076597,424
144916101,36.317,36.9349,423,38877,0.0862591,0.03,1,2077059,2076636,423
144919021,72.8634,73.787,422,38931,0.0572518,0.05,1,2077141,2076719,422
144921941,39.3727,37.9574,424,38985,0.0674504,0.09,1,2077172,2076748,424
144924861,52.6745,50.7915,426,39039,0.0534901,0.15,1,2077228,2076802,426
144927781,31.3349,28.5583,429,39093,0.114698,0.15,1,2077254,2076825,429
144930701,30.267,29.7117,429,39147,0.11094,0.15,1,2077284,2076855,429
144933621,40.4534,38.7423,431,39201,0.158188,0.21,1,2077327,2076896,431
144936541,22.4907,21.3485,432,39255,0.167638,0.15,1,2077345,2076913,432
144939461,20.4981,22.6697,429,39309,0.217528,0.15,1,2077365,2076936,429
144942381,5.69963,6.13394,429,39363,0.195505,0.19,1,2077367,2076938,429
144945301,26.7399,23.6268,433,39417,0.191101,0.15,1,2077399,2076966,433
144948221,21.348,23.9254,429,39471,0.20622,0.15,1,2077419,2076990,429
144951141,27.4696,29.5851,427,39525,0.257244,0.07,1,2077448,2077021,427
144954061,33.4939,36.317,424,39578,0.267449,0.05,1,2077483,2077059,424
144956981,70.6988,72.8634,422,39631,0.26949,0.07,1,2077563,2077141,422
144959901,40.5398,39.3727,424,39684,0.253898,0.05,1,2077596,2077172,424
144962821,52.9079,52.6745,424,39737,0.26678,0.13,1,2077652,2077228,424
144965741,32.9816,31.3349,426,39790,0.285356,0.11,1,2077680,2077254,426
144968661,32.1963,30.267,428,39843,0.305071,0.17,1,2077712,2077284,428
144971581,42.4393,40.4534,430,39896,0.341014,0.17,1,2077757,2077327,430
144974501,23.6879,22.4907,431,39949,0.348203,0.23,1,2077776,2077345,431
144977421,20.7376,20.4981,431,40002,0.317641,0.19,1,2077796,2077365,431
144980341,5.74751,5.69963,431,40055,0.343528,0.19,1,2077798,2077367,431
144983261,26.7495,26.7399,431,40108,0.348706,0.19,1,2077830,2077399,431
144986181,21.3499,5.34798,451,40161,0.317741,0.21,1,2077850,2077399,451
144989101,28.27,17.0696,461,40214,0.311548,0.27,1,2077880,2077419,461
144992021,33.654,26.6139,467,40267,0.32631,0.27,1,2077915,2077448,467
144994941,70.7308,33.3228,512,40319,0.377262,0.27,1,2077995,2077483,512
144997861,41.3462,70.6646,466,40371,0.419452,0.25,1,2078029,2077563,466
145000781,53.8692,40.5329,490,40423,0.47589,0.27,1,2078086,2077596,490
145003701,33.9738,52.9066,463,40475,0.471178,0.29,1,2078115,2077652,463
145006621,31.5948,32.9813,466,40527,0.454236,0.31,1,2078146,2077680,466
145009541,44.719,32.1963,482,40579,0.482847,0.35,1,2078194,2077712,482
145012461,23.3438,42.4393,455,40631,0.456569,0.35,1,2078212,2077757,455
145015381,20.6688,23.6878,456,40683,0.483314,0.31,1,2078232,2077776,456
145018301,5.73375,20.7376,438,40735,0.488663,0.35,1,2078234,2077796,438
145021221,26.7468,5.74751,468,40787,0.489733,0.35,1,2078266,2077798,468
145024141,21.3493,26.7495,456,40839,0.505947,0.31,1,2078286,2077830,456
145027061,28.2699,21.3499,466,40891,0.525189,0.31,1,2078316,2077850,466
145029981,34.454,28.27,472,40943,0.545038,0.33,1,2078352,2077880,472
145032901,73.2908,33.654,520,40995,0.549008,0.39,1,2078435,2077915,520
145035821,43.4582,70.7308,476,41046,0.517802,0.43,1,2078471,2077995,476
145038741,56.6916,41.3462,502,41097,0.51156,0.49,1,2078531,2078029,502
145041661,33.7383,53.8692,473,41148,0.510312,0.47,1,2078559,2078086,473
145044581,30.7477,33.9738,474,41199,0.526062,0.45,1,2078589,2078115,474
145047501,44.5495,31.5948,491,41250,0.561212,0.49,1,2078637,2078146,491
145050421,24.1099,44.719,462,41301,0.568243,0.45,1,2078656,2078194,462
145053341,21.622,23.3438,465,41352,0.585648,0.49,1,2078677,2078212,465
145056261,5.9244,20.6688,447,41403,0.58913,0.49,1,2078679,2078232,447
145059181,27.5849,5.73375,478,41454,0.589826,0.49,1,2078712,2078234,478
145062101,21.517,26.7468,466,41505,0.621965,0.51,1,2078732,2078266,466
145065021,5.90339,21.3493,448,41556,0.628393,0.53,1,2078734,2078286,448
145067941,25.1807,28.2699,448,41607,0.661679,0.55,1,2078764,2078316,448
145070861,34.6361,34.454,449,41658,0.684336,0.55,1,2078801,2078352,449
145073781,73.3272,73.2908,449,41709,0.672867,0.51,1,2078884,2078435,449
145076701,41.8654,43.4582,447,41760,0.670573,0.51,1,2078918,2078471,447
145079621,56.3731,56.6916,447,41811,0.686115,0.51,1,2078978,2078531,447
145082541,33.6746,33.7383,447,41861,0.769223,0.53,2,2079006,2078559,447
145085461,31.5349,30.7477,448,41911,0.801845,0.57,2,2079037,2078589,448
145088381,46.307,44.5495,450,41961,0.808369,0.57,2,2079087,2078637,450
145091301,26.0614,24.1099,452,42011,0.841674,0.59,2,2079108,2078656,452
145094221,22.0123,21.622,452,42061,0.864335,0.59,2,2079129,2078677,452
145097141,6.00246,5.9244,452,42111,0.868867,0.59,2,2079131,2078679,452
145100061,28.4005,27.5849,453,42161,0.933773,0.63,2,2079165,2078712,453
145102981,21.6801,21.517,453,42211,0.914755,0.63,2,2079185,2078732,453
145105901,5.93602,5.90339,453,42261,0.910951,0.67,2,2079187,2078734,453
145330741,35,27,495,45947,0.77,0.98,2,2081806,2081311,495
145333661,34.2,5.4,529,45993,0.69,1,1,2081840,2081311,529
145336581,30.04,40.28,509,46039,0.594,1,1,2081869,2081360,509
145339501,36.408,36.856,511,46085,0.4788,0.89,1,2081907,2081396,511
145342421,34.4816,29.7712,517,46131,0.37576,1,1,2081941,2081424,517
145345341,50.0963,50.7542,515,46177,0.307152,1,1,2081995,2081480,515
145348261,29.2193,36.5508,506,46223,0.34143,1,1,2082019,2081513,506
145351181,21.0439,30.5102,496,46269,0.380286,1,1,2082038,2081542,496
145354101,25.0088,16.502,509,46315,0.340057,1,1,2082064,2081555,509
145357021,23.4018,20.1004,511,46361,0.284011,1,1,2082087,2081576,511
145359941,34.2804,36.0201,508,46406,0.288802,1,1,2082124,2081616,508
145362861,18.8561,35.204,488,46451,0.35376,1,1,2082139,2081651,488
145365781,15.7712,13.4408,495,46496,0.350752,0.93,1,2082154,2081659,495
145368701,27.9542,22.6882,501,46541,0.35015,0.89,1,2082185,2081684,501
145371621,43.9908,34.9376,511,46586,0.35003,0.89,1,2082233,2081722,511
145374541,30.3982,46.1875,489,46631,0.398006,0.77,1,2082260,2081771,489
145377461,30.0796,37.2375,484,46676,0.375601,0.67,1,2082290,2081806,484
145380381,29.2159,34.6475,479,46721,0.40312,0.57,1,2082319,2081840,479
145383301,31.4432,30.1295,482,46766,0.408624,0.45,1,2082351,2081869,482
145386221,31.8886,36.4259,476,46811,0.473725,0.35,1,2082383,2081907,476
145389141,46.3777,34.4852,492,46856,0.454745,0.29,1,2082433,2081941,492
145392061,29.2755,50.097,463,46901,0.466949,0.35,1,2082458,2081995,463
145394981,19.4551,29.2194,456,46946,0.45339,0.39,1,2082475,2082019,456
145397901,23.891,21.0439,462,46991,0.434678,0.33,1,2082500,2082038,462
145400821,23.1782,25.0088,459,47036,0.478936,0.27,1,2082523,2082064,459
145403741,34.2356,23.4018,473,47081,0.407787,0.29,1,2082560,2082087,473
145406661,19.6471,34.2804,452,47126,0.425557,0.37,1,2082576,2082124,452
145409581,16.7294,18.8561,453,47171,0.429111,0.35,1,2082592,2082139,453
145412501,26.5459,15.7712,467,47216,0.413822,0.35,1,2082621,2082154,467
145415421,46.1092,27.9542,487,47261,0.490764,0.35,1,2082672,2082185,487
145418341,30.8218,43.9908,466,47306,0.522153,0.41,1,2082699,2082233,466
145421261,30.1644,30.3982,469,47351,0.528431,0.37,1,2082729,2082260,469
145424181,7.63287,30.0796,441,47396,0.529686,0.41,1,2082731,2082290,441
145427101,26.3266,29.2159,443,47440,0.545937,0.41,1,2082762,2082319,443
145430021,30.0653,31.4432,442,47484,0.565187,0.49,1,2082793,2082351,442
145432941,34.8131,31.8886,446,47528,0.569037,0.45,1,2082829,2082383,446
145435861,45.3626,46.3777,444,47572,0.537808,0.47,1,2082877,2082433,444
145438781,29.8725,29.2755,445,47616,0.547561,0.45,1,2082903,2082458,445
145441701,18.7745,19.4551,444,47660,0.629512,0.43,1,2082919,2082475,444
145444621,24.5549,23.891,445,47704,0.613902,0.49,1,2082945,2082500,445
145447541,22.511,23.1782,444,47748,0.64278,0.39,1,2082967,2082523,444
145450461,33.3022,34.2356,443,47792,0.680556,0.43,1,2083003,2082560,443
145453381,19.4604,19.6471,443,47836,0.704111,0.43,1,2083019,2082576,443
145456301,16.6921,16.7294,443,47880,0.708822,0.41,1,2083035,2082592,443
145459221,27.3384,26.5459,444,47924,0.693764,0.51,1,2083065,2082621,444
145462141,48.6677,46.1092,447,47968,0.754753,0.53,2,2083119,2082672,447
145465061,32.1335,30.8218,448,48012,0.782951,0.53,2,2083147,2082699,448
145467981,30.4267,30.1644,448,48056,0.83659,0.53,2,2083177,2082729,448
145470901,7.68534,7.63287,448,48100,0.879318,0.55,2,2083179,2082731,448
145473821,27.1371,26.3266,449,48144,0.855864,0.57,2,2083211,2082762,449
145476741,29.4274,30.0653,448,48188,0.899173,0.57,2,2083241,2082793,448
145479661,34.6855,34.8131,448,48232,0.923835,0.53,2,2083277,2082829,448
145482581,46.1371,45.3626,449,48276,0.928767,0.55,2,2083326,2082877,449
145485501,32.4274,29.8725,452,48320,0.881753,0.65,2,2083355,2082903,452
145488421,19.2855,18.7745,452,48364,0.872351,0.61,2,2083371,2082919,452
145491341,25.4571,24.5549,453,48408,0.85447,0.65,2,2083398,2082945,453
145494261,23.4914,22.511,454,48452,0.898894,0.69,2,2083421,2082967,454
145497181,34.2983,33.3022,455,48495,0.891779,0.71,2,2083458,2083003,455
145500101,19.6597,19.4604,455,48538,0.858356,0.71,2,2083474,2083019,455
145503021,16.7319,16.6921,455,48581,0.851671,0.69,2,2083490,2083035,455
145505941,28.1464,27.3384,456,48624,0.866334,0.77,2,2083521,2083065,456
145508861,52.8293,48.6677,461,48667,0.885267,0.79,2,2083580,2083119,461
145511781,35.3659,32.1335,464,48710,0.873053,0.85,2,2083611,2083147,464
145514701,31.0732,30.4267,464,48753,0.902611,0.89,2,2083641,2083177,464
145517621,7.81463,7.68534,464,48796,0.908522,0.85,2,2083643,2083179,464
145520541,27.1629,27.1371,464,48839,0.877704,0.85,2,2083675,2083211,464
145523461,30.2326,5.42741,495,48882,0.855541,0.91,2,2083706,2083211,495
145526381,34.8465,25.0855,501,48925,0.851108,0.93,2,2083742,2083241,501
145529301,46.1693,33.8171,514,48968,0.866222,0.93,2,2083791,2083277,514
145532221,30.0339,45.9634,491,49011,0.869244,0.87,2,2083817,2083326,491
145535141,18.8068,32.3927,478,49054,0.869849,0.87,2,2083833,2083355,478
145538061,26.1614,19.2785,490,49097,0.88597,0.85,2,2083861,2083371,490
145540981,24.4323,25.4557,487,49140,0.905194,0.91,2,2083885,2083398,487
145543901,33.6865,23.4911,500,49183,0.925039,0.89,2,2083921,2083421,500
145546821,19.5373,34.2982,479,49226,0.929008,0.85,2,2083937,2083458,479
145549741,16.7075,19.6596,479,49269,0.945802,0.85,2,2083953,2083474,479
145789181,492,570,457,23360,0.01,0.55,1,2086329,2085872,457
145792101,160,163.6,472,24178,0.01,0.37,1,2086406,2085934,472
145795021,95.2,83.92,487,24266,0.002,0.23,1,2086485,2085998,487
145797941,69.44,80.784,470,24353,0.0084,0.27,1,2086548,2086078,470
145800861,57.088,65.7568,462,24440,0.04168,0.13,1,2086602,2086140,462
145803781,33.0176,57.9514,433,24527,0.016336,0.03,1,2086629,2086196,433
145806701,64.2035,43.5903,465,24613,0.0272672,0.01,1,2086701,2086236,465
145809621,24.8407,54.3181,423,24699,0.0134534,0.01,1,2086716,2086293,423
145812541,32.9681,28.4636,436,24785,0.0106907,0.01,1,2086751,2086315,436
145815461,69.7936,78.4927,424,24871,0.0261381,0,1,2086830,2086406,424
145818381,76.3587,78.8985,423,24956,0.0132276,0.01,1,2086908,2086485,423
145821301,66.4717,66.1797,424,25041,0.0426455,0.05,1,2086972,2086548,424
145824221,55.6943,56.4359,423,25126,0.144529,0.01,1,2087025,2086602,423
145827141,32.7389,32.8872,423,25210,0.180906,0.03,1,2087052,2086629,423
145830061,65.7478,64.1774,425,25294,0.0921812,0.01,1,2087126,2086701,425
145832981,22.7496,24.8355,422,25378,0.0424362,0.01,1,2087138,2086716,422
145835901,33.3499,32.9671,423,25461,0.00848725,0.01,1,2087174,2086751,423
145838821,69.07,6.59342,501,25544,0.0256975,0.03,1,2087252,2086751,501
145841741,77.014,64.5187,501,25627,0.0291395,0.01,1,2087331,2086830,501
145844661,65.0028,75.3037,485,25710,0.0458279,0.05,1,2087393,2086908,485
145847581,61.8006,66.2607,482,25792,0.113166,0.17,1,2087454,2086972,482
145850501,33.9601,55.6522,456,25874,0.158633,0.19,1,2087481,2087025,456
145853421,60.392,32.7304,496,25956,0.119727,0.07,1,2087548,2087052,496
145856341,20.8784,65.7461,433,26038,0.127945,0.03,1,2087559,2087126,433
145859261,32.9757,22.7492,457,26119,0.0655891,0,1,2087595,2087138,457
145862181,68.9951,33.3498,499,26200,0.0531178,0.03,1,2087673,2087174,499
145865101,78.599,69.07,502,26281,0.0186236,0.03,1,2087754,2087252,502
145868021,65.3198,77.014,485,26362,0.0757247,0.05,1,2087816,2087331,485
145870941,65.064,65.0028,488,26442,0.103145,0.13,1,2087881,2087393,488
145873861,34.6128,61.8006,454,26522,0.108629,0.17,1,2087908,2087454,454
145876781,59.7226,33.9601,493,26602,0.173726,0.11,1,2087974,2087481,493
145879701,19.9445,60.392,436,26682,0.186745,0.13,1,2087984,2087548,436
145882621,29.5889,20.8784,457,26761,0.221349,0.05,1,2088016,2087559,457
145885541,68.3178,32.9757,499,26840,0.10027,0.05,1,2088094,2087595,499
145888461,15.2636,68.9951,423,26919,0.076054,0.01,1,2088096,2087673,423
145891381,68.6527,78.599,424,26998,0.0552108,0.09,1,2088178,2087754,424
145894301,64.9305,65.3198,426,27076,0.0510422,0.11,1,2088242,2087816,426
145897221,65.7861,65.064,427,27154,0.0182084,0.11,1,2088308,2087881,427
145900141,35.5572,34.6128,428,27232,0.0436417,0.19,1,2088336,2087908,428
145903061,62.3114,59.7226,431,27310,0.128728,0.19,1,2088405,2087974,431
145905981,21.2623,19.9445,432,27388,0.145746,0.23,1,2088416,2087984,432
145908901,29.0525,29.5889,431,27465,0.165149,0.07,1,2088447,2088016,431
145911821,63.4105,68.3178,425,27542,0.16903,0.07,1,2088519,2088094,425
145914741,14.2821,15.2636,425,27619,0.169806,0.05,1,2088521,2088096,425
145917661,66.0564,68.6527,422,27696,0.201961,0.05,1,2088600,2088178,422
145920581,66.0113,64.9305,424,27772,0.240392,0.01,1,2088666,2088242,424
145923501,64.4023,65.7861,422,27848,0.296078,0.05,1,2088730,2088308,422
145926421,36.8805,35.5572,424,27924,0.291216,0.15,1,2088760,2088336,424
145929341,65.7761,62.3114,428,28000,0.386243,0.15,1,2088833,2088405,428
145932261,22.7552,21.2623,429,28076,0.453249,0.17,1,2088845,2088416,429
145935181,30.151,29.0525,430,28151,0.46665,0.17,1,2088877,2088447,430
145938101,63.6302,63.4105,430,28226,0.48533,0.17,1,2088949,2088519,430
145941021,14.326,14.2821,430,28301,0.489066,0.21,1,2088951,2088521,430
145943941,67.6652,66.0564,432,28376,0.505813,0.21,1,2089032,2088600,432
145946861,67.133,13.2113,499,28451,0.493163,0.25,1,2089099,2088600,499
145949781,67.0266,55.4423,500,28525,0.506633,0.31,1,2089166,2088666,500
145952701,37.4053,62.2885,466,28599,0.509326,0.29,1,2089196,2088730,466
145955621,70.6811,36.4577,515,28673,0.573865,0.41,1,2089275,2088760,515
145958541,24.5362,65.6915,455,28747,0.570773,0.47,1,2089288,2088833,455
145961461,32.1072,22.7383,477,28821,0.570155,0.47,1,2089322,2088845,477
145964381,64.0215,30.1477,517,28894,0.586031,0.49,1,2089394,2088877,517
145967301,14.4043,63.6295,447,28967,0.589206,0.49,1,2089396,2088949,447
145970221,68.4809,14.3259,527,29040,0.573841,0.51,1,2089478,2088951,527
145973141,66.4962,67.6652,512,29113,0.570768,0.49,1,2089544,2089032,512
145976061,67.6992,67.133,513,29186,0.570154,0.51,1,2089612,2089099,513
145978981,37.5398,67.0266,476,29259,0.618031,0.51,1,2089642,2089166,476
145981901,73.908,37.4053,529,29331,0.675606,0.59,1,2089725,2089196,529
145984821,25.9816,70.6811,464,29403,0.687121,0.57,1,2089739,2089275,464
145987741,31.5963,24.5362,484,29475,0.737424,0.57,1,2089772,2089288,484
145990661,63.9193,32.1072,522,29547,0.747485,0.59,1,2089844,2089322,522
145993581,14.3839,64.0215,452,29619,0.765497,0.59,2,2089846,2089394,452
145996501,67.6768,14.4043,531,29690,0.833099,0.57,2,2089927,2089396,531
145999421,66.3354,68.4809,515,29761,0.84662,0.57,2,2089993,2089478,515
146002341,69.2671,66.4962,519,29832,0.849324,0.57,2,2090063,2089544,519
146005261,15.4534,67.6992,453,29903,0.881865,0.63,2,2090065,2089612,453
146008181,27.8907,37.5398,454,29974,0.872373,0.69,2,2090096,2089642,454
146011101,73.5781,73.908,456,30045,0.870475,0.69,2,2090181,2089725,456
146014021,26.7156,25.9816,457,30115,0.854095,0.75,2,2090196,2089739,457
146016941,31.7431,31.5963,457,30185,0.850819,0.75,2,2090229,2089772,457
146019861,67.1486,63.9193,461,30255,0.914164,0.77,2,2090305,2089844,461
146022781,15.0297,14.3839,461,30325,0.926833,0.85,2,2090307,2089846,461
146119141,68,55,543,32548,0.7,1,1,2091936,2091393,543
146122061,40.8,71.8,501,32613,0.708,1,1,2091970,2091469,501
146124981,27.36,35.96,498,32678,0.6296,1,1,2091994,2091496,498
146127901,50.272,22.392,535,32743,0.46992,1,1,2092050,2091515,535
146130821,24.4544,55.6784,489,32808,0.453984,1,1,2092068,2091579,489
146133741,24.0909,31.1357,488,32872,0.450797,1,1,2092092,2091604,488
146136661,32.8182,30.2271,493,32936,0.290159,1,1,2092127,2091634,493
146139581,65.7636,70.8454,486,33000,0.130032,1,1,2092201,2091715,486
146142501,37.9527,38.1691,487,33064,0.0820064,0.91,1,2092232,2091745,487
146145421,46.7905,54.8338,477,33128,0.0884013,0.93,1,2092281,2091804,477
146148341,59.7581,62.1668,476,33192,0.10568,0.7,1,2092344,2091868,476
146151261,53.5516,66.8334,460,33256,0.093136,0.71,1,2092396,2091936,460
146154181,32.3103,40.5667,453,33320,0.122627,0.61,1,2092423,2091970,453
146157101,26.4621,27.3133,454,33383,0.144525,0.43,1,2092448,2091994,454
146160021,42.8924,50.2627,445,33446,0.100905,0.45,1,2092495,2092050,445
146162941,19.7785,24.4525,441,33509,0.092181,0.45,1,2092509,2092068,441
146165861,22.3557,24.0905,440,33572,0.138436,0.25,1,2092532,2092092,440
146168781,26.0711,32.8181,432,33635,0.147687,0.09,1,2092559,2092127,432
146171701,60.4142,65.7636,427,33698,0.213537,0.07,1,2092628,2092201,427
146174621,36.0828,37.9527,426,33761,0.258707,0.09,1,2092658,2092232,426
146177541,44.8166,46.7905,424,33824,0.203741,0.11,1,2092705,2092281,424
146180461,58.5633,59.7581,423,33887,0.320748,0.09,1,2092767,2092344,423
146183381,55.7127,53.5516,426,33949,0.37615,0.13,1,2092822,2092396,426
146186301,34.3425,32.3103,428,34011,0.35523,0.15,1,2092851,2092423,428
146189221,26.0685,26.4621,427,34073,0.383046,0.09,1,2092875,2092448,427
146192141,42.0137,42.8924,426,34135,0.356609,0.09,1,2092921,2092495,426
146195061,19.6027,19.7785,426,34197,0.383322,0.15,1,2092935,2092509,426
146197981,23.1205,22.3557,427,34259,0.356664,0.15,1,2092959,2092532,427
146200901,25.4241,4.47114,453,34321,0.351333,0.15,1,2092985,2092532,453
146203821,64.2848,22.4942,500,34383,0.302267,0.23,1,2093059,2092559,500
146206741,39.257,59.6988,464,34444,0.340453,0.27,1,2093092,2092628,464
146209661,42.2514,35.9398,477,34505,0.364091,0.19,1,2093135,2092658,477
146212581,63.6503,44.788,499,34566,0.432818,0.35,1,2093204,2092705,499
146215501,57.5301,58.5576,493,34627,0.430564,0.39,1,2093260,2092767,493
146218421,34.706,55.7115,467,34688,0.414113,0.35,1,2093289,2092822,467
146221341,26.1412,34.3423,462,34749,0.410823,0.39,1,2093313,2092851,462
146224261,42.0282,26.0685,484,34810,0.410164,0.35,1,2093359,2092875,484
146227181,19.6056,42.0137,452,34871,0.426033,0.39,1,2093373,2092921,452
146230101,23.1211,19.6027,462,34932,0.445207,0.35,1,2093397,2092935,462
146233021,25.4242,23.1205,464,34993,0.449041,0.35,1,2093423,2092959,464
146235941,63.4848,25.4241,511,35053,0.449808,0.29,1,2093496,2092985,511
146238861,39.897,64.2848,471,35113,0.497962,0.35,1,2093530,2093059,471
146241781,43.1794,39.257,482,35173,0.523592,0.37,1,2093574,2093092,482
146244701,66.2359,42.2514,511,35233,0.592718,0.45,1,2093646,2093135,511
146247621,58.0472,63.6503,498,35293,0.606544,0.43,1,2093702,2093204,498
146250541,34.0094,57.5301,470,35353,0.625309,0.41,1,2093730,2093260,470
146253461,26.0019,34.706,465,35413,0.629062,0.41,1,2093754,2093289,465
146256381,42.8004,26.1412,488,35473,0.693812,0.41,1,2093801,2093313,488
146259301,20.5601,42.0282,457,35533,0.658762,0.43,1,2093816,2093359,457
146262221,23.312,19.6056,467,35592,0.683753,0.45,1,2093840,2093373,467
146265141,25.4624,23.1211,469,35651,0.688751,0.45,1,2093866,2093397,469
146268061,6.69248,25.4242,445,35710,0.68975,0.45,1,2093868,2093423,445
146270981,60.5385,63.4848,446,35769,0.68995,0.51,1,2093942,2093496,446
146273901,40.1077,39.897,447,35828,0.73799,0.53,1,2093977,2093530,447
146276821,44.0215,43.1794,448,35887,0.731598,0.61,1,2094022,2093574,448
146279741,68.0043,66.2359,450,35946,0.66632,0.61,1,2094096,2093646,450
146282661,60.0009,58.0472,452,36005,0.733264,0.63,1,2094154,2093702,452
146285581,35.2002,34.0094,453,36064,0.730653,0.63,1,2094183,2093730,453
146288501,27.84,26.0019,455,36123,0.698131,0.71,1,2094209,2093754,455
146291421,43.168,42.8004,455,36182,0.739626,0.65,1,2094256,2093801,455
146294341,21.4336,20.5601,456,36240,0.747925,0.69,1,2094272,2093816,456
146297261,23.4867,23.312,456,36298,0.765585,0.69,2,2094296,2093840,456
146300181,25.4973,25.4624,456,36356,0.769117,0.69,2,2094322,2093866,456
146303101,6.69947,6.69248,456,36414,0.801823,0.69,2,2094324,2093868,456
146306021,60.5399,60.5385,456,36472,0.824365,0.75,2,2094398,2093942,456
146308941,40.908,40.1077,457,36530,0.860873,0.73,2,2094434,2093977,457
146311861,43.3816,44.0215,456,36588,0.852175,0.65,2,2094478,2094022,456
146314781,66.2763,68.0043,454,36646,0.866435,0.75,2,2094550,2094096,454
146498741,31,0,529,40116,0.41,1,1,2096953,2096424,529
146501661,51.8,28,551,40169,0.202,1,1,2097010,2096459,551
146504581,38.36,66.4,510,40222,0.0404,1,1,2097045,2096535,510
146507501,34.872,42.08,508,40274,0.03208,1,1,2097079,2096571,508
146510421,33.3744,35.616,507,40326,0.006416,1,1,2097112,2096605,507
146513341,35.4749,31.1232,513,40378,0.0572832,1,1,2097148,2096635,513
146516261,31.095,36.6246,505,40430,0.0674566,1,1,2097178,2096673,505
146519181,30.219,33.7249,502,40482,0.0374913,1,1,2097208,2096706,502
146522101,35.6438,29.145,511,40534,0.0634983,1,1,2097245,2096734,511
146525021,31.9288,33.829,507,40586,0.0526997,0.95,1,2097276,2096769,507
146527941,19.9858,34.7658,489,40638,0.0345399,0.97,1,2097293,2096804,489
146530861,35.9972,26.1532,505,40690,0.030908,0.67,1,2097333,2096828,505
146533781,31.9994,51.6306,478,40742,0.0621816,0.53,1,2097364,2096886,478
146536701,27.1999,39.1261,468,40794,0.0844363,0.41,1,2097390,2096922,468
146539621,41.44,32.6252,482,40846,0.120887,0.15,1,2097435,2096953,482
146542541,33.888,52.125,457,40898,0.112177,0,1,2097467,2097010,457
146545461,33.9776,38.425,456,40950,0.0224355,0.03,1,2097501,2097045,456
146548381,32.3955,34.885,454,41002,0.0284871,0,1,2097533,2097079,454
146551301,37.6791,33.377,460,41053,0.0296974,0.07,1,2097572,2097112,460
146554221,30.7358,35.4754,453,41104,0.125939,0.07,1,2097601,2097148,453
146557141,30.9472,31.0951,454,41155,0.0251879,0.03,1,2097632,2097178,454
146560061,37.3894,30.219,463,41206,0.0610376,0.07,1,2097671,2097208,463
146562981,29.8779,35.6438,454,41257,0.0842075,0.05,1,2097699,2097245,454
146565901,18.7756,31.9288,439,41308,0.0888415,0.03,1,2097715,2097276,439
146568821,37.3551,19.9858,464,41359,0.0417683,0.03,1,2097757,2097293,464
146571741,33.071,35.9972,456,41410,0.0643537,0.07,1,2097789,2097333,456
146574661,27.4142,31.9994,451,41461,0.0368707,0.09,1,2097815,2097364,451
146577581,43.0828,27.1999,472,41512,0.0473741,0.13,1,2097862,2097390,472
146580501,10.2166,41.44,429,41563,0.0494748,0.11,1,2097864,2097435,429
146583421,22.8433,33.888,423,41614,0.081895,0,1,2097890,2097467,423
146586341,31.7687,33.9776,423,41665,0.040379,0.03,1,2097924,2097501,423
146589261,31.9537,32.3955,423,41716,0.0160758,0.03,1,2097956,2097533,423
146592181,39.1907,37.6791,425,41767,0.00321516,0.15,1,2097997,2097572,425
146595101,31.0381,30.7358,425,41818,0.040643,0,1,2098026,2097601,425
146598021,29.4076,30.9472,423,41868,0.0641286,0.07,1,2098055,2097632,423
146600941,39.4815,37.3894,426,41918,0.0368257,0.09,1,2098097,2097671,426
146603861,30.2963,29.8779,426,41968,0.0473651,0.09,1,2098125,2097699,426
146606781,19.6593,18.7756,427,42018,0.033473,0.03,1,2098142,2097715,427
146609701,34.3319,37.3551,423,42068,0.0786946,0.07,1,2098180,2097757,423
146612621,32.4664,33.071,423,42118,0.135739,0.03,1,2098212,2097789,423
146615541,27.2933,27.4142,423,42168,0.115148,0.05,1,2098238,2097815,423
146618461,43.8587,43.0828,424,42218,0.17503,0.05,1,2098286,2097862,424
146621381,10.3717,10.2166,424,42268,0.187006,0.09,1,2098288,2097864,424
146624301,21.2743,22.8433,422,42318,0.205401,0.03,1,2098312,2097890,422
146627221,31.4549,31.7687,422,42368,0.19308,0.01,1,2098346,2097924,422
146630141,31.891,31.9537,422,42418,0.126616,0,1,2098378,2097956,422
146633061,39.9782,39.1907,423,42468,0.0333232,0.05,1,2098420,2097997,423
146635981,31.9956,31.0381,424,42518,0.0306646,0.07,1,2098450,2098026,424
146638901,27.9991,29.4076,422,42568,0.0781329,0.03,1,2098477,2098055,422
146641821,39.1998,39.4815,422,42618,0.0876266,0.05,1,2098519,2098097,422
146644741,30.24,30.2963,422,42668,0.0895253,0.03,1,2098547,2098125,422
146647661,20.448,19.6593,423,42717,0.0899051,0.09,1,2098565,2098142,423
146650581,36.0896,34.3319,425,42766,0.137981,0.15,1,2098605,2098180,425
146653501,34.4179,32.4664,427,42815,0.195596,0.11,1,2098639,2098212,427
146656421,28.4836,27.2933,428,42864,0.239119,0.19,1,2098666,2098238,428
146659341,44.8967,43.8587,429,42913,0.263824,0.19,1,2098715,2098286,429
146662261,10.5793,10.3717,429,42962,0.300765,0.21,1,2098717,2098288,429
146665181,22.1159,21.2743,430,43011,0.260153,0.21,1,2098742,2098312,430
146668101,28.4232,4.25487,460,43060,0.252031,0.19,1,2098772,2098312,460
146671021,27.2846,28.051,453,43109,0.266406,0.11,1,2098799,2098346,453
146673941,39.0569,31.2102,463,43158,0.141281,0.01,1,2098841,2098378,463
146676861,32.6114,39.842,452,43207,0.0682562,0.03,1,2098872,2098420,452
146679781,28.9223,31.9684,450,43256,0.0536512,0.09,1,2098900,2098450,450
146682701,40.1845,27.9937,466,43305,0.0667302,0.09,1,2098943,2098477,466
146685621,31.2369,39.1987,453,43354,0.0853461,0.09,1,2098972,2098519,453
146688541,21.4474,30.2397,444,43403,0.0890692,0.09,1,2098991,2098547,444
146691461,38.6895,20.4479,469,43452,0.0738138,0.15,1,2099034,2098565,469
146694381,36.5379,36.0896,465,43501,0.134763,0.21,1,2099070,2098605,465
146697301,30.5076,34.4179,460,43550,0.146953,0.25,1,2099099,2098639,460
146700221,46.1015,28.4836,483,43598,0.21339,0.27,1,2099149,2098666,483
146703141,10.8203,44.8967,436,43646,0.242678,0.31,1,2099151,2098715,436
146706061,21.3641,10.5793,458,43694,0.264536,0.25,1,2099175,2098717,458
146708981,28.2728,22.1159,463,43742,0.268907,0.25,1,2099205,2098742,463
146711901,26.4546,28.4232,459,43790,0.285781,0.27,1,2099231,2098772,459
146714821,32.4909,27.2846,466,43838,0.305156,0.11,1,2099265,2098799,466
146717741,30.4982,39.0569,454,43886,0.309031,0.05,1,2099295,2098841,454
146720661,28.4996,32.6114,451,43934,0.309806,0.05,1,2099323,2098872,451
146723581,42.4999,28.9223,469,43982,0.277961,0.07,1,2099369,2098900,469
146726501,31.7,40.1845,455,44030,0.271592,0.09,1,2099398,2098943,455
146729421,20.74,31.2369,444,44078,0.270318,0.09,1,2099416,2098972,444
146732341,39.348,21.4474,469,44126,0.286064,0.07,1,2099460,2098991,469
146735261,39.0696,38.6895,465,44174,0.337213,0.15,1,2099499,2099034,465
146738181,30.2139,36.5379,457,44222,0.427443,0.15,1,2099527,2099070,457
146741101,50.0428,30.5076,483,44270,0.397489,0.23,1,2099582,2099099,483
146744021,11.6086,46.1015,435,44318,0.391498,0.25,1,2099584,2099149,435
146746941,22.3217,10.8203,458,44366,0.3743,0.27,1,2099609,2099151,458
146749861,28.4643,21.3641,464,44414,0.37086,0.27,1,2099639,2099175,464
146752781,27.2929,28.2728,461,44461,0.386172,0.29,1,2099666,2099205,461
146755701,7.05857,26.4546,437,44508,0.389234,0.31,1,2099668,2099231,437
146758621,28.6117,32.4909,437,44555,0.389847,0.31,1,2099702,2099265,437
146761541,29.7223,30.4982,437,44602,0.389969,0.31,1,2099732,2099295,437
146764461,28.3445,28.4996,437,44649,0.421994,0.27,1,2099760,2099323,437
146767381,41.6689,42.4999,436,44696,0.428399,0.27,1,2099805,2099369,436
146770301,30.7338,31.7,435,44743,0.44568,0.27,1,2099833,2099398,435
146773221,20.5468,20.74,435,44790,0.449136,0.29,1,2099851,2099416,435
146776141,40.9094,39.348,437,44837,0.449827,0.35,1,2099897,2099460,437
146779061,42.5819,39.0696,441,44884,0.417965,0.45,1,2099940,2099499,441
146781981,33.3164,30.2139,444,44931,0.475593,0.39,1,2099971,2099527,444
146784901,48.2633,50.0428,441,44978,0.503119,0.39,1,2100023,2099582,441
146787821,11.2527,11.6086,441,45025,0.508624,0.37,1,2100025,2099584,441
146790741,21.4505,22.3217,440,45072,0.525725,0.37,1,2100049,2099609,440
146793661,28.2901,28.4643,440,45119,0.497145,0.39,1,2100079,2099639,440
146796581,28.058,27.2929,441,45166,0.539429,0.39,1,2100107,2099666,441
146799501,7.2116,7.05857,441,45213,0.547886,0.39,1,2100109,2099668,441
146802421,28.6423,28.6117,441,45260,0.597577,0.39,1,2100143,2099702,441
146805341,29.7285,29.7223,441,45307,0.591515,0.43,1,2100173,2099732,441
146808261,28.3457,28.3445,441,45354,0.622303,0.43,1,2100201,2099760,441
146811181,41.6691,41.6689,441,45400,0.628461,0.45,1,2100246,2099805,441
146814101,31.5338,30.7338,442,45446,0.677692,0.45,1,2100275,2099833,442
146817021,20.7068,20.5468,442,45492,0.655538,0.45,1,2100293,2099851,442
146819941,40.9414,40.9094,442,45538,0.715108,0.41,1,2100339,2099897,442
146822861,43.3883,42.5819,443,45584,0.727022,0.49,1,2100383,2099940,443
146825781,34.2777,33.3164,444,45630,0.745404,0.51,1,2100415,2099971,444
146828701,49.2555,48.2633,445,45676,0.749081,0.51,1,2100468,2100023,445
146831621,11.4511,11.2527,445,45722,0.765816,0.53,2,2100470,2100025,445
146834541,22.2902,21.4505,446,45768,0.785163,0.49,2,2100495,2100049,446
146837461,28.458,28.2901,446,45814,0.821033,0.55,2,2100525,2100079,446
146840381,30.4916,28.058,449,45860,0.892207,0.55,2,2100556,2100107,449
146843301,7.69832,7.2116,449,45906,0.874441,0.55,2,2100558,2100109,449
146846221,29.5397,1.44232,484,45952,0.886888,0.61,2,2100593,2100109,484
146849141,29.9079,27.4885,480,45998,0.857378,0.59,2,2100623,2100143,480
146852061,28.3816,29.4977,478,46044,0.851476,0.63,2,2100651,2100173,478
146854981,43.2763,28.2995,497,46090,0.866295,0.63,2,2100698,2100201,497
146857901,32.6553,41.6599,482,46136,0.869259,0.69,2,2100728,2100246,482
146860821,20.9311,31.532,471,46182,0.885852,0.65,2,2100746,2100275,471
146863741,42.5862,20.7064,501,46228,0.88917,0.73,2,2100794,2100293,501
146866661,43.7172,40.9413,499,46274,0.905834,0.73,2,2100838,2100339,499
146869581,35.1434,43.3883,488,46320,0.909167,0.75,2,2100871,2100383,488
146872501,51.8287,34.2777,512,46366,0.909833,0.75,2,2100927,2100415,512
146875421,11.9657,49.2555,461,46411,0.909967,0.77,2,2100929,2100468,461
146878341,23.1931,11.4511,485,46456,0.909993,0.79,2,2100955,2100470,485
146881261,29.4386,22.2902,491,46501,0.941999,0.83,2,2100986,2100495,491
147092961,107,86,519,22817,0.05,1,1,2103303,2102784,519
147095881,87.8,91.6,509,22910,0.018,0.99,1,2103386,2102877,509
147098801,79.16,86.32,501,23003,0.0276,0.77,1,2103463,2102962,501
147101721,47.832,68.464,477,23095,0.17352,0.37,1,2103503,2103026,477
147104641,62.3664,86.4928,452,23187,0.138704,0.37,1,2103569,2103117,452
147107561,24.4733,35.6986,444,23278,0.0837408,0.27,1,2103584,2103140,444
147110481,36.0947,24.7397,461,23369,0.104748,0.11,1,2103623,2103162,461
147113401,88.8189,32.1479,529,23460,0.0609496,0.05,1,2103725,2103196,529
147116321,84.1638,92.0296,505,23550,0.0681899,0.01,1,2103808,2103303,505
147119241,80.8328,84.8059,502,23640,0.069638,0.03,1,2103888,2103386,502
147122161,51.3666,78.5612,469,23730,0.117928,0.21,1,2103932,2103463,469
147125081,58.2733,47.7122,489,23819,0.111586,0.13,1,2103992,2103503,489
147128001,24.4547,62.3424,439,23908,0.110317,0.07,1,2104008,2103569,439
147130921,6.49093,24.4685,426,23997,0.110063,0.11,1,2104010,2103584,426
147133841,33.2982,36.0937,427,24085,0.158013,0.05,1,2104050,2103623,427
147136761,85.8596,88.8187,424,24173,0.103603,0.07,1,2104149,2103725,424
147139681,84.3719,84.1637,425,24261,0.0767205,0.07,1,2104233,2103808,425
147142601,82.4744,80.8327,427,24348,0.0713441,0.13,1,2104315,2103888,427
147145521,52.4949,51.3665,428,24435,0.134269,0.11,1,2104360,2103932,428
147148441,57.699,58.2733,427,24522,0.178854,0.11,1,2104419,2103992,427
147151361,24.3398,24.4547,427,24608,0.219771,0.11,1,2104435,2104008,427
147154281,6.46796,6.49093,427,24694,0.195954,0.17,1,2104437,2104010,427
147157201,35.6936,33.2982,430,24780,0.207191,0.09,1,2104480,2104050,430
147160121,81.5387,85.8596,424,24866,0.273438,0.07,1,2104573,2104149,424
147163041,83.5077,84.3719,424,24951,0.222688,0.07,1,2104657,2104233,424
147165961,84.7015,82.4744,427,25036,0.180538,0.15,1,2104742,2104315,427
147168881,54.5403,52.4949,429,25121,0.172108,0.19,1,2104789,2104360,429
147171801,59.7081,57.699,431,25205,0.186421,0.23,1,2104850,2104419,431
147174721,24.7416,24.3398,431,25289,0.189284,0.19,1,2104866,2104435,431
147177641,6.54832,6.46796,431,25373,0.189857,0.21,1,2104868,2104437,431
147180561,36.5097,35.6936,432,25457,0.269971,0.21,1,2104912,2104480,432
147183481,84.1019,7.13872,528,25540,0.349994,0.29,1,2105008,2104480,528
147186401,79.2204,75.8277,513,25623,0.365999,0.21,1,2105086,2104573,513
147189321,82.2441,82.3656,512,25706,0.3692,0.17,1,2105169,2104657,512
147192241,54.0488,84.4731,474,25788,0.35384,0.17,1,2105216,2104742,474
147195161,62.0098,54.4946,491,25870,0.414768,0.19,1,2105280,2104789,491
147198081,26.002,59.6989,447,25952,0.410954,0.19,1,2105297,2104850,447
147201001,6.80039,24.7398,433,26034,0.410191,0.19,1,2105299,2104866,433
147203921,38.9601,6.54796,478,26115,0.458038,0.29,1,2105346,2104868,478
147206841,88.592,36.5096,535,26196,0.435608,0.37,1,2105447,2104912,535
147209761,80.1184,84.1019,517,26277,0.431122,0.37,1,2105525,2105008,517
147212681,82.4237,79.2204,522,26358,0.462224,0.37,1,2105608,2105086,522
147215601,53.2847,82.2441,485,26438,0.484445,0.35,1,2105654,2105169,485
147218521,65.0569,54.0488,506,26518,0.520889,0.43,1,2105722,2105216,506
147221441,25.8114,62.0098,458,26598,0.528178,0.41,1,2105738,2105280,458
147224361,6.76228,26.002,443,26678,0.529636,0.41,1,2105740,2105297,443
147227281,41.3525,6.80039,491,26757,0.513927,0.47,1,2105790,2105299,491
147230201,87.4705,38.9601,543,26836,0.622785,0.43,1,2105889,2105346,543
147233121,79.8941,88.592,520,26915,0.692557,0.43,1,2105967,2105447,520
147236041,17.5788,80.1184,444,26994,0.706511,0.47,1,2105969,2105525,444
147238961,70.7158,82.4237,445,27072,0.709302,0.49,1,2106053,2105608,445
147241881,51.7432,53.2847,446,27150,0.72586,0.53,1,2106100,2105654,446
147244801,66.3486,65.0569,448,27228,0.809172,0.53,2,2106170,2105722,448
147247721,26.0697,25.8114,448,27306,0.841834,0.53,2,2106186,2105738,448
147250641,6.81394,6.76228,448,27384,0.848367,0.51,2,2106188,2105740,448
147253561,40.5628,41.3525,447,27461,0.833673,0.65,2,2106237,2105790,447
147256481,93.7126,87.4705,455,27538,0.910735,0.71,2,2106344,2105889,455
147399561,45,37,497,31080,0.55,1,1,2108866,2108369,497
147402481,37,44.2,486,31148,0.534,1,1,2108901,2108415,486
147405401,40.2,40.84,487,31216,0.4188,1,1,2108942,2108455,487
147408321,40.04,35.368,493,31284,0.37976,1,1,2108982,2108489,493
147411241,30.408,7.0736,521,31352,0.323952,1,1,2109010,2108489,521
147414161,40.4816,44.6147,510,31419,0.21679,1,1,2109053,2108543,510
147417081,32.8963,35.3229,508,31486,0.211358,0.96,1,2109084,2108576,508
147420001,19.3793,34.2646,490,31553,0.162272,0.95,1,2109100,2108610,490
147422921,68.6759,22.8529,551,31620,0.0724543,0.89,1,2109181,2108630,551
147425841,91.3352,74.9706,560,31687,0.0704909,0.65,1,2109278,2108718,560
147428761,48.667,97.3941,495,31754,0.0700982,0.55,1,2109316,2108821,495
147431681,34.5334,55.4788,481,31821,0.0540196,0.53,1,2109347,2108866,481
147434601,35.7067,39.0958,482,31887,0.0348039,0.39,1,2109383,2108901,482
147437521,37.5413,40.6192,479,31953,0.0309608,0.37,1,2109421,2108942,479
147440441,29.1083,40.1238,466,32019,0.0621922,0.31,1,2109448,2108982,466
147443361,37.0217,30.4248,477,32085,0.0844384,0.19,1,2109487,2109010,477
147446281,29.0043,40.485,461,32151,0.120888,0.21,1,2109514,2109053,461
147449201,17.0009,32.897,444,32217,0.0961775,0.15,1,2109528,2109084,444
147452121,63.4002,19.3794,503,32283,0.107236,0.05,1,2109603,2109100,503
147455041,91.08,68.6759,520,32349,0.125447,0.07,1,2109701,2109181,520
147457961,49.416,91.3352,462,32414,0.161089,0.07,1,2109740,2109278,462
147460881,33.0832,48.667,453,32479,0.184218,0.05,1,2109769,2109316,453
147463801,37.0166,34.5334,460,32544,0.204844,0.03,1,2109807,2109347,460
147466721,37.0033,35.7067,461,32609,0.240969,0.03,1,2109844,2109383,461
147469641,29.8007,37.5413,451,32674,0.264194,0.07,1,2109872,2109421,451
147472561,36.3601,29.1083,462,32739,0.284839,0.09,1,2109910,2109448,462
147475481,8.87203,37.0217,425,32804,0.288968,0.13,1,2109912,2109487,425
147478401,24.1744,29.0043,426,32868,0.321794,0.09,1,2109940,2109514,426
147481321,17.6349,17.0009,428,32932,0.328359,0.11,1,2109956,2109528,428
147484241,61.127,63.4002,425,32996,0.345672,0.13,1,2110028,2109603,425
147487161,95.4254,91.08,431,33060,0.413134,0.17,1,2110132,2109701,431
147490081,50.2851,49.416,431,33124,0.442627,0.19,1,2110171,2109740,431
147493001,34.057,33.0832,432,33188,0.480525,0.21,1,2110201,2109769,432
147495921,38.0114,37.0166,433,33252,0.504105,0.25,1,2110240,2109807,433
147498841,38.0023,37.0033,434,33316,0.508821,0.27,1,2110278,2109844,434
147501761,30.8005,29.8007,435,33379,0.557764,0.29,1,2110307,2109872,435
147504681,37.3601,36.3601,436,33442,0.519553,0.29,1,2110346,2109910,436
147507601,9.07202,8.87203,436,33505,0.543911,0.33,1,2110348,2109912,436
147510521,24.2144,24.1744,436,33568,0.516782,0.33,1,2110376,2109940,436
147513441,17.6429,17.6349,436,33631,0.559356,0.35,1,2110392,2109956,436
147516361,61.9286,61.127,437,33694,0.551871,0.43,1,2110465,2110028,437
147519281,100.386,95.4254,443,33757,0.486374,0.45,1,2110575,2110132,443
147522201,50.4771,50.2851,442,33820,0.521275,0.49,1,2110613,2110171,442
147525121,37.2954,34.057,446,33883,0.528255,0.51,1,2110647,2110201,446
147528041,39.4591,38.0114,447,33945,0.545651,0.51,1,2110687,2110240,447
147530961,38.2918,38.0023,447,34007,0.66113,0.57,1,2110725,2110278,447
147533881,31.6584,30.8005,448,34069,0.652226,0.51,1,2110755,2110307,448
147536801,36.7317,37.3601,447,34131,0.666445,0.55,1,2110793,2110346,447
147539721,8.94633,9.07202,447,34193,0.669289,0.51,1,2110795,2110348,447
147542641,24.1893,24.2144,447,34255,0.685858,0.51,1,2110823,2110376,447
147545561,17.6379,4.84288,463,34317,0.705172,0.57,1,2110839,2110376,463
147548481,62.7276,13.7686,521,34379,0.709034,0.55,1,2110913,2110392,521
147551401,97.3455,61.1537,554,34441,0.757807,0.47,2,2111019,2110465,554
147554321,50.6691,100.231,483,34502,0.767561,0.53,2,2111058,2110575,483
147557241,38.9338,50.4461,481,34563,0.769512,0.53,2,2111094,2110613,481
147560161,42.1868,37.2892,490,34624,0.801902,0.55,2,2111137,2110647,490
147563081,41.2374,39.4578,491,34685,0.792381,0.69,2,2111178,2110687,491
147566001,32.2475,38.2916,483,34746,0.806476,0.65,2,2111208,2110725,483
147568921,38.4495,31.6583,493,34807,0.825295,0.67,2,2111248,2110755,493
147571841,9.2899,36.7317,457,34868,0.797059,0.67,2,2111250,2110793,457
147574761,25.058,8.94633,484,34929,0.839412,0.69,2,2111279,2110795,484
147577681,17.8116,24.1893,472,34990,0.847882,0.71,2,2111295,2110823,472
147580601,62.7623,17.6379,530,35050,0.865577,0.71,2,2111369,2110839,530
147583521,100.552,62.7276,566,35110,0.901115,0.77,2,2111479,2110913,566
147586441,50.5105,97.3455,498,35170,0.908223,0.77,2,2111517,2111019,498
147589361,38.9021,50.6691,495,35230,0.909645,0.77,2,2111553,2111058,495
147592281,42.1804,38.9338,502,35290,0.893929,0.81,2,2111596,2111094,502
147595201,42.8361,42.1868,502,35350,0.890786,0.79,2,2111639,2111137,502
147598121,33.3672,41.2374,492,35410,0.938157,0.81,2,2111670,2111178,492
148041961,38,68,521,43547,0.93,1,2,2117350,2116829,521
148044881,31.6,41.6,516,43595,0.866,1,2,2117380,2116864,516
148047801,25.52,34.72,507,43643,0.7892,1,2,2117404,2116897,507
148050721,11.504,26.944,490,43691,0.75784,0.92,2,2117412,2116922,490
148053641,13.5008,12.5888,495,43739,0.735568,0.95,1,2117426,2116931,495
148056561,23.5002,16.9178,503,43787,0.715114,1,1,2117452,2116949,503
148059481,31.1,33.7836,498,43835,0.695023,1,1,2117485,2116987,498
148062401,40.62,32.3567,509,43883,0.579005,1,1,2117528,2117019,509
148065321,18.524,34.4713,487,43931,0.539801,0.88,1,2117541,2117054,487
148068241,31.7048,22.8943,502,43979,0.45196,0.93,1,2117576,2117074,502
148071161,45.541,34.1789,514,44027,0.338392,0.88,1,2117625,2117111,514
148074081,45.9082,42.0358,516,44075,0.203678,0.97,1,2117671,2117155,516
148077001,38.7816,46.0072,506,44123,0.0967357,0.93,1,2117708,2117202,506
148079921,64.5563,38.8014,540,44171,0.0593471,0.93,1,2117779,2117239,540
148082841,40.1113,66.1603,501,44219,0.0838694,0.93,1,2117813,2117312,501
148085761,30.4223,43.6321,491,44267,0.0567739,0.85,1,2117841,2117350,491
148088681,22.8845,32.7264,482,44315,0.0673548,0.77,1,2117862,2117380,482
148091601,10.1769,25.7453,465,44363,0.085471,0.75,1,2117869,2117404,465
148094521,11.6354,11.5491,469,44411,0.0890942,0.73,1,2117881,2117412,469
148097441,23.1271,13.5098,481,44458,0.0898188,0.71,1,2117907,2117426,481
148100361,6.22542,23.502,457,44505,0.0579638,0.69,1,2117909,2117452,457
148103281,24.4451,31.1004,453,44552,0.0675927,0.55,1,2117938,2117485,453
148106201,34.489,40.6201,447,44599,0.0535185,0.53,1,2117975,2117528,447
148109121,16.4978,18.524,446,44646,0.0827037,0.43,1,2117987,2117541,446
148112041,29.6996,31.7048,444,44693,0.0885407,0.31,1,2118020,2117576,444
148114961,40.3399,45.541,438,44740,0.0737081,0.17,1,2118063,2117625,438
148117881,38.468,45.9082,430,44787,0.0547416,0.07,1,2118101,2117671,430
148120801,34.0936,38.7816,426,44834,0.0509483,0.05,1,2118134,2117708,426
148123721,61.2187,64.5563,423,44881,0.0501897,0.09,1,2118202,2117779,423
148126641,40.2437,40.1113,424,44928,0.130038,0.05,1,2118237,2117813,424
148129561,29.6487,30.4223,423,44975,0.178008,0.07,1,2118264,2117841,423
148132481,25.9297,22.8845,427,45022,0.155602,0.09,1,2118289,2117862,427
148135401,9.98595,10.1769,426,45069,0.11912,0.09,1,2118295,2117869,426
148138321,11.5972,11.6354,426,45116,0.111824,0.09,1,2118307,2117881,426
148141241,21.5194,23.1271,424,45163,0.126365,0.05,1,2118331,2117907,424
148144161,5.90389,6.22542,424,45210,0.129273,0.07,1,2118333,2117909,424
148147081,25.1808,24.4451,425,45257,0.145855,0.05,1,2118363,2117938,425
148150001,33.0362,34.489,423,45304,0.181171,0.09,1,2118398,2117975,423
148152921,17.8072,16.4978,425,45351,0.188234,0.09,1,2118412,2117987,425
148155841,29.1614,29.6996,424,45398,0.189647,0.07,1,2118444,2118020,424
148158761,40.2323,40.3399,424,45444,0.173929,0.05,1,2118487,2118063,424
148161681,38.4465,38.468,424,45490,0.170786,0.05,1,2118525,2118101,424
148164601,32.4893,34.0936,422,45536,0.154157,0.05,1,2118556,2118134,422
148167521,64.0979,61.2187,426,45582,0.0868314,0.15,1,2118628,2118202,426
148170441,42.4196,40.2437,428,45628,0.105366,0.19,1,2118665,2118237,428
148173361,29.2839,29.6487,427,45674,0.141073,0.15,1,2118691,2118264,427
148176281,25.8568,25.9297,427,45720,0.180215,0.11,1,2118716,2118289,427
148179201,9.97136,9.98595,427,45766,0.220043,0.11,1,2118722,2118295,427
148182121,12.3943,11.5972,428,45812,0.212009,0.13,1,2118735,2118307,428
148185041,21.6789,21.5194,428,45858,0.194402,0.13,1,2118759,2118331,428
148187961,5.93577,5.90389,428,45904,0.22288,0.15,1,2118761,2118333,428
148190881,25.9872,25.1808,429,45950,0.180576,0.15,1,2118792,2118363,429
148193801,32.3974,5.03616,463,45996,0.172115,0.19,1,2118826,2118363,463
148196721,17.6795,29.0072,442,46042,0.170423,0.19,1,2118840,2118398,442
148199641,29.1359,17.0014,460,46088,0.186085,0.19,1,2118872,2118412,460
148202561,39.4272,29.0003,470,46134,0.205217,0.17,1,2118914,2118444,470
148205481,38.2854,40.2001,465,46180,0.209043,0.17,1,2118952,2118487,465
148208401,31.6571,38.44,457,46226,0.209809,0.15,1,2118982,2118525,457
148211321,60.7314,32.488,494,46272,0.241962,0.07,1,2119050,2118556,494
148214241,44.9463,64.0976,463,46318,0.232392,0.11,1,2119091,2118628,463
148217161,31.3893,42.4195,454,46364,0.262478,0.15,1,2119119,2118665,454
148220081,27.8779,29.2839,455,46409,0.300496,0.19,1,2119146,2118691,455
148223001,10.3756,25.8568,436,46454,0.308099,0.23,1,2119152,2118716,436
148225921,11.6751,9.97136,442,46499,0.34162,0.21,1,2119164,2118722,442
148228841,22.335,12.3943,454,46544,0.380324,0.19,1,2119189,2118735,454
148231761,6.067,21.6789,432,46589,0.388065,0.23,1,2119191,2118759,432
148234681,25.2134,5.93577,460,46634,0.421613,0.17,1,2119221,2118761,460
148237601,32.2427,25.9872,463,46679,0.428323,0.17,1,2119255,2118792,463
148240521,18.4485,32.3974,444,46724,0.445665,0.17,1,2119270,2118826,444
148243441,29.2897,17.6795,462,46769,0.449133,0.19,1,2119302,2118840,462
148246361,40.2579,29.1359,473,46814,0.481827,0.21,1,2119345,2118872,473
148249281,38.4516,39.4272,469,46859,0.488365,0.21,1,2119383,2118914,469
148252201,31.6903,38.2854,461,46904,0.489673,0.21,1,2119413,2118952,461
148255121,62.3381,31.6571,501,46949,0.489935,0.25,1,2119483,2118982,501
148258041,44.4676,60.7314,473,46994,0.489987,0.23,1,2119523,2119050,473
148260961,32.8935,44.9463,462,47039,0.505997,0.27,1,2119553,2119091,462
148263881,30.5787,31.3893,464,47084,0.509199,0.31,1,2119583,2119119,464
148266801,11.7157,27.8779,444,47129,0.52584,0.31,1,2119590,2119146,444
148269721,11.9431,10.3756,450,47174,0.529168,0.35,1,2119602,2119152,450
148272641,24.7886,11.6751,466,47219,0.577834,0.39,1,2119630,2119164,466
148275561,6.55773,22.335,443,47264,0.587567,0.39,1,2119632,2119189,443
148278481,26.1115,6.067,472,47309,0.541513,0.43,1,2119663,2119191,472
148281401,33.2223,25.2134,477,47354,0.564303,0.43,1,2119698,2119221,477
148284321,8.24446,32.2427,445,47399,0.536861,0.45,1,2119700,2119255,445
148287241,12.8489,18.4485,444,47443,0.595372,0.45,1,2119714,2119270,444
148290161,28.9698,29.2897,445,47487,0.607074,0.49,1,2119747,2119302,445
148293081,40.994,40.2579,446,47531,0.673415,0.49,1,2119791,2119345,446
148296001,38.5988,38.4516,446,47575,0.670683,0.49,1,2119829,2119383,446
148298921,31.7198,31.6903,446,47619,0.718137,0.49,1,2119859,2119413,446
148301841,62.344,62.3381,446,47663,0.743627,0.49,1,2119929,2119483,446
148304761,44.4688,44.4676,446,47707,0.716725,0.51,1,2119969,2119523,446
148307681,34.4938,32.8935,448,47751,0.727345,0.51,1,2120001,2119553,448
148310601,31.6988,30.5787,449,47795,0.745469,0.53,1,2120032,2119583,449
148313521,11.1398,11.7157,448,47839,0.749094,0.53,1,2120038,2119590,448
148316441,11.828,11.9431,448,47883,0.749819,0.59,1,2120050,2119602,448
148319361,25.5656,24.7886,449,47927,0.781964,0.59,2,2120079,2119630,449
148322281,6.71312,6.55773,449,47971,0.788393,0.53,2,2120081,2119632,449
148325201,26.1426,26.1115,449,48015,0.837679,0.57,2,2120112,2119663,449
148328121,34.0285,33.2223,450,48059,0.847536,0.53,2,2120148,2119698,450
148331041,8.4057,8.24446,450,48103,0.849507,0.61,2,2120150,2119700,450
148333961,12.8811,12.8489,450,48147,0.897901,0.61,2,2120164,2119714,450
148336881,32.1762,28.9698,454,48191,0.92358,0.69,2,2120201,2119747,454
148570481,63,42,478,23451,0.25,0.51,1,2122687,2122209,478
148573401,79,66,489,23541,0.234,0.33,1,2122770,2122281,489
148576321,79.8,90,473,23631,0.2148,0.27,1,2122850,2122377,473
148579241,54.36,64.4,463,23721,0.22696,0.21,1,2122898,2122435,463
148582161,32.472,52.88,440,23810,0.277392,0.19,1,2122925,2122485,440
148585081,22.4944,23.376,444,23899,0.287478,0.21,1,2122945,2122501,444
148588001,46.8989,24.6752,472,23988,0.289496,0.27,1,2122998,2122526,472
148590921,58.1798,58.535,466,24076,0.369899,0.25,1,2123059,2122593,466
148593841,61.236,86.907,434,24164,0.40198,0.23,1,2123121,2122687,434
148596761,77.0472,83.7814,432,24252,0.472396,0.21,1,2123202,2122770,432
148599681,79.4094,80.7563,432,24339,0.534479,0.23,1,2123282,2122850,432
148602601,55.8819,54.5513,434,24426,0.578896,0.29,1,2123332,2122898,434
148605521,34.3764,32.5103,436,24513,0.571779,0.29,1,2123361,2122925,436
148608441,22.8753,22.502,436,24599,0.570356,0.29,1,2123381,2122945,436
148611361,46.9751,46.9004,436,24685,0.586071,0.39,1,2123434,2122998,436
148614281,62.195,58.1801,441,24771,0.525214,0.41,1,2123500,2123059,441
148617201,63.639,61.236,443,24857,0.561043,0.49,1,2123564,2123121,443
148620121,79.9278,77.0472,446,24942,0.616209,0.55,1,2123648,2123202,446
148623041,80.7856,79.4094,447,25027,0.627242,0.59,1,2123729,2123282,447
148625961,57.7571,55.8819,449,25112,0.709448,0.57,1,2123781,2123332,449
148628881,35.5514,34.3764,450,25196,0.74189,0.57,1,2123811,2123361,450
148631801,23.1103,22.8753,450,25280,0.716378,0.59,1,2123831,2123381,450
148634721,47.0221,46.9751,450,25364,0.743276,0.51,1,2123884,2123434,450
148637641,59.8044,62.195,447,25448,0.844655,0.51,2,2123947,2123500,447
148640561,63.9609,12.439,512,25531,0.880931,0.57,2,2124012,2123500,512
148643481,82.3922,53.6878,535,25614,0.904186,0.63,2,2124099,2123564,535
148646401,82.0784,77.9376,533,25697,0.908837,0.63,2,2124181,2123648,533
148649321,60.4157,80.3875,507,25779,0.909767,0.73,2,2124236,2123729,507
148652241,36.8831,57.6775,486,25861,0.925954,0.75,2,2124267,2123781,486
148833281,42,36,496,30522,0.79,1,2,2127562,2127066,496
148836201,36.4,29.6,503,30591,0.678,1,1,2127597,2127094,503
148839121,36.88,46.72,489,30660,0.4796,1,1,2127634,2127145,489
148842041,39.376,35.744,496,30729,0.29592,1,1,2127674,2127178,496
148844961,38.2752,29.5488,506,30798,0.147184,1,1,2127712,2127206,506
148847881,54.855,63.5098,493,30867,0.0374368,1,1,2127771,2127278,493
148850801,50.971,58.302,486,30936,0.00748736,0.95,1,2127821,2127335,486
148853721,78.1942,78.0604,488,31004,0.00149747,0.93,1,2127906,2127418,488
148856641,46.0388,47.6121,486,31072,0.0242995,0.9,1,2127944,2127458,486
148859561,42.8078,59.1224,466,31140,0.0928599,0.79,1,2127986,2127520,466
148862481,33.3616,45.4245,455,31208,0.074572,0.65,1,2128017,2127562,455
148865401,27.4723,37.0849,446,31276,0.0709144,0.65,1,2128043,2127597,446
148868321,29.4945,7.41698,476,31344,0.0701829,0.43,1,2128073,2127597,476
148871241,33.0989,31.0834,473,31412,0.0700366,0.25,1,2128107,2127634,473
148874161,31.4198,38.2167,464,31479,0.0540073,0.11,1,2128138,2127674,464
148877081,49.484,38.0433,480,31546,0.0668015,0.01,1,2128192,2127712,480
148880001,49.8968,54.8087,471,31613,0.0373603,0,1,2128242,2127771,471
148882921,79.5794,50.9617,508,31680,0.0154721,0,1,2128329,2127821,508
148885841,44.7159,78.1923,459,31747,0.0590944,0.03,1,2128365,2127906,459
148888761,45.7432,46.0385,467,31814,0.0358189,0.11,1,2128411,2127944,467
148891681,32.3486,42.8077,454,31881,0.0471638,0.07,1,2128440,2127986,454
148894601,27.2697,33.3615,449,31947,0.129433,0.07,1,2128466,2128017,449
148897521,28.6539,27.4723,452,32013,0.0978866,0.07,1,2128495,2128043,452
148900441,34.5308,29.4945,458,32079,0.0595773,0.07,1,2128531,2128073,458
148903361,30.1062,33.0989,453,32145,0.0679155,0.05,1,2128560,2128107,453
148906281,50.8212,31.4198,478,32211,0.0535831,0.07,1,2128616,2128138,478
148909201,47.7642,49.484,471,32277,0.0187166,0.03,1,2128663,2128192,471
148912121,79.9529,49.8968,509,32343,0.0437433,0.01,1,2128751,2128242,509
148915041,43.9906,79.5794,457,32408,0.0487487,0.07,1,2128786,2128329,457
148917961,46.3981,44.7159,468,32473,0.0177497,0.03,1,2128833,2128365,468
148920881,34.8796,45.7432,454,32538,0.0275499,0.05,1,2128865,2128411,454
148923801,28.5759,32.3486,452,32603,0.06151,0.15,1,2128892,2128440,452
148926721,28.1152,27.2697,454,32668,0.084302,0.09,1,2128920,2128466,454
148929641,31.223,28.6539,457,32733,0.0888604,0.05,1,2128952,2128495,457
148932561,7.84461,34.5308,423,32798,0.0897721,0.07,1,2128954,2128531,423
148935481,26.3689,30.1062,425,32862,0.0899544,0.05,1,2128985,2128560,425
148938401,50.8738,50.8212,426,32926,0.0259909,0.01,1,2129042,2128616,426
148941321,44.5748,47.7642,422,32990,0.0771982,0.05,1,2129085,2128663,422
148944241,80.915,79.9529,424,33054,0.0234396,0.05,1,2129175,2128751,424
148947161,42.583,43.9906,422,33118,0.0606879,0.01,1,2129208,2128786,422
148950081,46.9166,46.3981,423,33182,0.0121376,0.03,1,2129256,2128833,423
148953001,34.9833,34.8796,423,33246,0.0424275,0.07,1,2129288,2128865,423
148955921,30.1967,28.5759,425,33310,0.0484855,0.09,1,2129317,2128892,425
148958841,29.2393,28.1152,426,33373,0.0816971,0.09,1,2129346,2128920,426
148961761,31.4479,31.223,426,33436,0.0563394,0.09,1,2129378,2128952,426
148964681,7.88957,7.84461,426,33499,0.0832679,0.09,1,2129380,2128954,426
148967601,26.3779,26.3689,426,33562,0.0886536,0.01,1,2129411,2128985,426
148970521,47.6756,50.8738,422,33625,0.137731,0.09,1,2129464,2129042,422
148973441,43.9351,44.5748,422,33688,0.0835461,0.01,1,2129507,2129085,422
148976361,81.587,80.915,423,33751,0.0727092,0.07,1,2129598,2129175,423
148979281,42.7174,42.583,423,33814,0.0545418,0,1,2129631,2129208,423
148982201,46.1435,46.9166,422,33877,0.0109084,0.05,1,2129678,2129256,422
148985121,34.8287,34.9833,422,33939,0.0261817,0.05,1,2129710,2129288,422
148988041,32.5657,30.1967,425,34001,0.0452363,0.09,1,2129742,2129317,425
148990961,28.9131,29.2393,424,34063,0.0490473,0.05,1,2129770,2129346,424
148993881,31.3826,31.4479,424,34125,0.0978095,0.09,1,2129802,2129378,424
148996801,7.87653,7.88957,424,34187,0.0755619,0.09,1,2129804,2129380,424
148999721,27.9753,26.3779,426,34249,0.119112,0.09,1,2129837,2129411,426
149002641,50.3951,5.27558,482,34311,0.111822,0.15,1,2129893,2129411,482
149005561,38.879,43.4551,465,34373,0.110364,0.07,1,2129929,2129464,465
149008481,80.5758,43.091,513,34435,0.0780729,0.07,1,2130020,2129507,513
149011401,43.3152,81.4182,456,34496,0.0716146,0.05,1,2130054,2129598,456
149014321,45.463,42.6836,469,34557,0.0863229,0,1,2130100,2129631,469
149017241,35.4926,46.1367,455,34618,0.0572646,0.03,1,2130133,2129678,455
149020161,31.0985,34.8273,453,34679,0.0994529,0.05,1,2130163,2129710,453
149023081,30.2197,32.5655,451,34740,0.107891,0.05,1,2130193,2129742,451
149026001,32.4439,28.9131,456,34801,0.125578,0.11,1,2130226,2129770,456
149028921,8.08879,31.3826,426,34862,0.129116,0.07,1,2130228,2129802,426
149031841,28.8178,7.87652,458,34923,0.145823,0.13,1,2130262,2129804,458
149034761,49.7636,27.9753,480,34984,0.165165,0.11,1,2130317,2129837,480
149037681,40.3527,50.3951,462,35044,0.153033,0.11,1,2130355,2129893,462
149040601,79.2705,38.879,515,35104,0.214607,0.07,1,2130444,2129929,515
149043521,43.0541,80.5758,458,35164,0.226921,0.07,1,2130478,2130020,458
149046441,44.6108,43.3152,469,35224,0.229384,0.09,1,2130523,2130054,469
149049361,37.7222,45.463,459,35284,0.245877,0.05,1,2130559,2130100,459
149052281,31.5444,35.4926,456,35344,0.249175,0.11,1,2130589,2130133,456
149055201,30.3089,31.0985,456,35404,0.265835,0.11,1,2130619,2130163,456
149058121,34.0618,30.2197,461,35464,0.285167,0.13,1,2130654,2130193,461
149061041,8.41235,32.4439,430,35524,0.321033,0.13,1,2130656,2130226,430
149063961,28.8825,8.08879,462,35584,0.344207,0.15,1,2130690,2130228,462
149066881,50.5765,28.8178,484,35643,0.348841,0.17,1,2130746,2130262,484
149069801,11.7153,49.7636,431,35702,0.349768,0.15,1,2130748,2130317,431
149072721,31.1431,40.3527,429,35761,0.349954,0.23,1,2130784,2130355,429
149075641,80.6286,79.2705,433,35820,0.429991,0.23,1,2130877,2130444,433
149078561,44.1257,43.0541,434,35879,0.461998,0.23,1,2130912,2130478,434
149081481,44.0251,44.6108,433,35938,0.4684,0.25,1,2130956,2130523,433
149084401,38.405,37.7222,434,35997,0.50168,0.25,1,2130993,2130559,434
149087321,31.681,31.5444,434,36056,0.508336,0.27,1,2131023,2130589,434
149090241,31.9362,30.3089,436,36115,0.541667,0.29,1,2131055,2130619,436
149093161,35.9872,34.0618,438,36174,0.564333,0.33,1,2131092,2130654,438
149096081,8.79745,8.41235,438,36232,0.536867,0.35,1,2131094,2130656,438
149099001,29.7595,28.8825,439,36290,0.515373,0.35,1,2131129,2130690,439
149101921,50.7519,50.5765,439,36348,0.543075,0.35,1,2131185,2130746,439
149104841,11.7504,11.7153,439,36406,0.548615,0.35,1,2131187,2130748,439
149107761,31.1501,31.1431,439,36464,0.565723,0.45,1,2131223,2130784,439
149110681,84.63,80.6286,444,36522,0.633145,0.47,1,2131321,2130877,444
149113601,45.726,44.1257,445,36580,0.662629,0.47,1,2131357,2130912,445
149116521,44.3452,44.0251,445,36638,0.716526,0.51,1,2131401,2130956,445
149119441,40.069,38.405,447,36696,0.775305,0.51,2,2131440,2130993,447
149122361,32.8138,31.681,448,36754,0.771061,0.55,2,2131471,2131023,448
149125281,32.9628,31.9362,449,36811,0.754212,0.57,2,2131504,2131055,449
149128201,35.3926,35.9872,448,36868,0.750842,0.53,2,2131540,2131092,448
149131121,8.67851,8.79745,448,36925,0.750168,0.51,2,2131542,2131094,448
149134041,28.9357,29.7595,447,36982,0.798034,0.55,2,2131576,2131129,447
149136961,52.9871,50.7519,450,37039,0.823607,0.55,2,2131635,2131185,450
149139881,12.1974,11.7504,450,37096,0.828721,0.57,2,2131637,2131187,450
149142801,31.2395,31.1501,450,37153,0.829744,0.57,2,2131673,2131223,450
149145721,87.8479,6.23001,552,37210,0.845949,0.65,2,2131775,2131223,552
149148641,46.3696,79.646,490,37267,0.84919,0.67,2,2131811,2131321,490
149151561,45.2739,44.7292,499,37324,0.833838,0.73,2,2131856,2131357,499
149154481,42.6548,44.1458,497,37381,0.830768,0.79,2,2131898,2131401,497
149157401,34.131,40.0292,490,37438,0.846153,0.77,2,2131930,2131440,490
149160321,32.4262,32.8058,491,37494,0.849231,0.75,2,2131962,2131471,491
149163241,36.0852,32.9612,495,37550,0.865846,0.75,2,2131999,2131504,495
149166161,8.81705,35.3922,461,37606,0.901169,0.75,2,2132001,2131540,461
149169081,28.9634,8.67845,493,37662,0.876234,0.81,2,2132035,2131542,493
149172001,53.7927,28.9357,519,37718,0.903247,0.83,2,2132095,2131576,519
149174921,12.3585,52.9871,462,37774,0.908649,0.83,2,2132097,2131635,462
149177841,31.2717,12.1974,496,37830,0.92573,0.83,2,2132133,2131637,496
149335521,33,30,513,40736,0.39,1,1,2134222,2133709,513
149338441,33.8,32.4,514,40788,0.198,1,1,2134256,2133742,514
149341361,31.56,33.68,511,40840,0.0956,1,1,2134287,2133776,511
149344281,31.912,33.936,509,40892,0.01912,1,1,2134319,2133810,509
149347201,32.7824,30.7872,512,40944,0.003824,1,1,2134352,2133840,512
149350121,25.7565,26.1574,511,40996,0.0007648,1,1,2134376,2133865,511
149353041,29.1513,26.8315,514,41047,0.024153,1,1,2134406,2133892,514
149355961,32.2303,30.1663,516,41098,0.0448306,1,1,2134439,2133923,516
149358881,36.8461,32.4333,521,41149,0.0329661,0.9,1,2134477,2133956,521
149361801,27.3692,40.0867,504,41200,0.0465932,0.91,1,2134502,2133998,504
149364721,25.4738,32.8173,498,41251,0.0333186,1,1,2134527,2134029,498
149367641,73.8948,29.7635,555,41302,0.0626637,0.65,1,2134613,2134058,555
149370561,32.379,90.7527,471,41353,0.0365327,0.53,1,2134635,2134164,471
149373481,27.2758,38.1505,472,41404,0.0633065,0.39,1,2134661,2134189,472
149376401,21.4552,34.0301,459,41455,0.0686613,0.15,1,2134681,2134222,459
149379321,25.891,34.006,452,41506,0.0377323,0.07,1,2134708,2134256,452
149382241,6.77821,31.6012,423,41557,0.0315465,0,1,2134710,2134287,423
149385161,26.1556,31.9202,422,41608,0.0143093,0,1,2134741,2134319,422
149388081,34.0311,32.784,425,41659,0.00286186,0,1,2134777,2134352,425
149391001,24.4062,25.7568,423,41710,0.00857237,0.03,1,2134799,2134376,423
149393921,29.6812,29.1514,424,41761,0.0257145,0.05,1,2134830,2134406,424
149396841,31.5362,32.2303,423,41812,0.0451429,0.03,1,2134862,2134439,423
149399761,36.7072,36.8461,423,41862,0.0170286,0.05,1,2134900,2134477,423
149402681,27.3414,27.3692,423,41912,0.0914057,0.03,1,2134925,2134502,423
149405601,24.6683,25.4738,422,41962,0.0902811,0.07,1,2134949,2134527,422
149408521,74.5337,73.8948,423,42012,0.0900562,0.03,1,2135036,2134613,423
149411441,32.5067,32.379,423,42062,0.0900112,0.07,1,2135058,2134635,423
149414361,28.9013,27.2758,425,42112,0.138002,0.07,1,2135086,2134661,425
149417281,21.7803,21.4552,425,42162,0.1476,0.03,1,2135106,2134681,425
149420201,24.3561,25.891,423,42212,0.10152,0.03,1,2135131,2134708,423
149423121,6.47121,6.77821,423,42262,0.092304,0.01,1,2135133,2134710,423
149426041,25.2942,26.1556,422,42312,0.106461,0,1,2135163,2134741,422
149428961,33.8588,34.0311,422,42362,0.0212922,0.01,1,2135199,2134777,422
149431881,25.1718,24.4062,423,42412,0.00425843,0.03,1,2135222,2134799,423
149434801,29.8344,29.6812,423,42462,0.00885169,0.05,1,2135253,2134830,423
149437721,30.7669,31.5362,422,42512,0.00977034,0.01,1,2135284,2134862,422
149440641,36.5534,36.7072,422,42562,0.00995407,0.11,1,2135322,2134900,422
149443561,30.5107,27.3414,426,42612,0.0419908,0.09,1,2135351,2134925,426
149446481,23.7021,24.6683,424,42662,0.0803982,0.09,1,2135373,2134949,424
149449401,75.9404,74.5337,426,42711,0.0560796,0.09,1,2135462,2135036,426
149452321,32.7881,32.5067,426,42760,0.0512159,0.15,1,2135484,2135058,426
149455241,29.7576,28.9013,427,42809,0.0822432,0.15,1,2135513,2135086,427
149458161,21.9515,21.7803,427,42858,0.0724486,0.09,1,2135533,2135106,427
149461081,24.3903,24.3561,427,42907,0.0864897,0.09,1,2135558,2135131,427
149464001,6.47806,6.47121,427,42956,0.0892979,0.11,1,2135560,2135133,427
149466921,22.0956,25.2942,423,43005,0.0898596,0.11,1,2135586,2135163,423
149469841,31.6191,5.05885,457,43054,0.0419719,0,1,2135620,2135163,457
149472761,24.7238,29.8118,444,43103,0.0323944,0,1,2135643,2135199,444
149475681,29.7448,24.3624,452,43152,0.0144789,0.01,1,2135674,2135222,452
149478601,30.749,29.6725,452,43201,0.0268958,0.01,1,2135705,2135253,452
149481521,36.5498,30.7345,459,43250,0.0133792,0.01,1,2135743,2135284,459
149484441,32.11,36.5469,452,43299,0.0426758,0.05,1,2135774,2135322,452
149487361,24.822,30.5094,446,43348,0.0645352,0.09,1,2135797,2135351,446
149490281,75.3644,23.7019,512,43397,0.100907,0.05,1,2135885,2135373,512
149493201,32.6729,75.9404,445,43446,0.124181,0.05,1,2135907,2135462,445
149496121,29.7346,32.7881,452,43495,0.160836,0.09,1,2135936,2135484,452
149499041,22.7469,29.7576,444,43544,0.200167,0.07,1,2135957,2135513,444
149501961,23.7494,21.9515,448,43592,0.224033,0.09,1,2135981,2135533,448
149504881,6.34988,24.3903,425,43640,0.228807,0.09,1,2135983,2135558,425
149507801,22.87,6.47806,450,43688,0.245761,0.09,1,2136010,2135560,450
149510721,29.374,22.0956,455,43736,0.265152,0.03,1,2136041,2135586,455
149513641,24.2748,31.6191,444,43784,0.22103,0.03,1,2136064,2135620,444
149516561,30.455,24.7238,453,43832,0.148206,0.01,1,2136096,2135643,453
149519481,30.091,29.7448,452,43880,0.0696412,0.03,1,2136126,2135674,452
149522401,36.4182,30.749,459,43928,0.0219282,0.01,1,2136164,2135705,459
149525321,33.6836,36.5498,454,43976,0.0283856,0.05,1,2136197,2135743,454
149528241,25.9367,32.11,447,44024,0.0296771,0.07,1,2136221,2135774,447
149531161,77.1873,24.822,514,44072,0.0939354,0.11,1,2136311,2135797,514
149534081,33.8375,75.3644,449,44120,0.122787,0.13,1,2136334,2135885,449
149537001,32.3675,32.6729,459,44168,0.128557,0.17,1,2136366,2135907,459
149539921,24.0735,29.7346,452,44216,0.161711,0.21,1,2136388,2135936,452
149542841,24.8147,22.7469,456,44264,0.200342,0.23,1,2136413,2135957,456
149545761,6.56294,23.7494,434,44312,0.208068,0.23,1,2136415,2135981,434
149548681,23.7126,6.34988,460,44360,0.225614,0.25,1,2136443,2135983,460
149551601,28.7425,22.87,463,44408,0.245123,0.27,1,2136473,2136010,463
149554521,21.7485,29.374,452,44456,0.265025,0.21,1,2136493,2136041,452
149557441,5.9497,24.2748,431,44503,0.269005,0.13,1,2136495,2136064,431
149560361,22.7899,30.455,426,44550,0.285801,0.05,1,2136522,2136096,426
149563281,25.358,30.091,422,44597,0.30516,0.01,1,2136548,2136126,422
149566201,35.4716,36.4182,422,44644,0.277032,0.03,1,2136586,2136164,422
149569121,34.2943,33.6836,423,44691,0.207406,0.03,1,2136620,2136197,423
149572041,26.8589,25.9367,424,44738,0.193481,0.11,1,2136645,2136221,424
149574961,79.7718,77.1873,427,44785,0.190696,0.13,1,2136738,2136311,427
149577881,35.1544,33.8375,428,44832,0.222139,0.13,1,2136762,2136334,428
149580801,34.2309,32.3675,430,44879,0.260428,0.17,1,2136796,2136366,430
149583721,25.2462,24.0735,431,44926,0.252086,0.21,1,2136819,2136388,431
149586641,25.8492,24.8147,432,44973,0.234417,0.21,1,2136845,2136413,432
149589561,6.76985,6.56294,432,45020,0.230883,0.23,1,2136847,2136415,432
149592481,24.554,23.7126,433,45067,0.246177,0.25,1,2136876,2136443,433
149595401,30.5108,28.7425,435,45114,0.265235,0.27,1,2136908,2136473,435
149598321,22.1022,21.7485,435,45161,0.269047,0.27,1,2136928,2136493,435
149601241,6.02043,5.9497,435,45208,0.301809,0.29,1,2136930,2136495,435
149604161,23.6041,22.7899,436,45255,0.276362,0.31,1,2136958,2136522,436
149607081,26.3208,25.358,437,45302,0.351272,0.27,1,2136985,2136548,437
149610001,30.8642,35.4716,431,45349,0.334254,0.19,1,2137017,2136586,431
149612921,31.7728,34.2943,429,45396,0.378851,0.19,1,2137049,2136620,429
149615841,27.9546,26.8589,431,45442,0.40377,0.19,1,2137076,2136645,431
149618761,79.9909,79.7718,431,45488,0.424754,0.23,1,2137169,2136738,431
149621681,36.7982,35.1544,433,45534,0.396951,0.27,1,2137195,2136762,433
149624601,34.5596,34.2309,433,45580,0.42339,0.25,1,2137229,2136796,433
149627521,25.3119,25.2462,433,45626,0.444678,0.23,1,2137252,2136819,433
149630441,25.8624,25.8492,433,45672,0.448936,0.23,1,2137278,2136845,433
149633361,6.77248,6.76985,433,45718,0.449787,0.25,1,2137280,2136847,433
149636281,25.3545,24.554,434,45764,0.449957,0.27,1,2137310,2136876,434
149639201,31.4709,30.5108,435,45810,0.417991,0.27,1,2137343,2136908,435
149642121,22.2942,22.1022,435,45856,0.443598,0.31,1,2137363,2136928,435
149645041,6.05884,6.02043,435,45902,0.44872,0.27,1,2137365,2136930,435
149647961,23.6118,23.6041,435,45948,0.481744,0.27,1,2137393,2136958,435
149650881,27.9224,4.72082,464,45994,0.456349,0.37,1,2137422,2136958,464
149653801,31.9845,22.5442,470,46040,0.45127,0.33,1,2137455,2136985,470
149656721,31.9969,30.1088,470,46086,0.450254,0.39,1,2137487,2137017,470
149659641,28.7994,31.6218,466,46132,0.450051,0.41,1,2137515,2137049,466
149662561,82.5599,27.9244,535,46178,0.48201,0.43,1,2137611,2137076,535
149665481,35.712,79.9849,466,46224,0.488402,0.39,1,2137635,2137169,466
149668401,35.9424,36.797,476,46270,0.48968,0.43,1,2137671,2137195,476
149671321,26.3885,34.5594,466,46316,0.489936,0.45,1,2137695,2137229,466
149674241,26.0777,25.3119,469,46362,0.521987,0.45,1,2137721,2137252,469
149677161,6.81554,25.8624,445,46407,0.528397,0.45,1,2137723,2137278,445
149680081,23.7631,6.77248,471,46452,0.545679,0.45,1,2137751,2137280,471
149683001,32.7526,25.3545,476,46497,0.565136,0.41,1,2137786,2137310,476
149685921,22.5505,31.4709,463,46542,0.569027,0.45,1,2137806,2137343,463
149688841,6.1101,22.2942,445,46587,0.569805,0.45,1,2137808,2137363,445
149691761,23.622,6.05884,471,46632,0.585961,0.49,1,2137836,2137365,471
149694681,27.9244,23.6118,472,46677,0.605192,0.45,1,2137865,2137393,472
149697601,31.9849,27.9224,476,46722,0.641038,0.45,1,2137898,2137422,476
149700521,31.997,31.9845,475,46767,0.648208,0.45,1,2137930,2137455,475
149703441,28.7994,31.9969,471,46812,0.649642,0.45,1,2137958,2137487,471
149706361,84.1599,28.7994,541,46857,0.665928,0.49,1,2138056,2137515,541
149709281,36.032,82.5599,469,46902,0.685186,0.49,1,2138080,2137611,469
149712201,36.0064,35.712,481,46947,0.689037,0.49,1,2138116,2137635,481
149715121,28.0013,35.9424,471,46992,0.689807,0.49,1,2138142,2137671,471
149718041,26.4003,26.3885,473,47037,0.689961,0.53,1,2138168,2137695,473
149720961,6.88005,26.0777,449,47082,0.689992,0.53,1,2138170,2137721,449
149723881,24.576,6.81554,476,47127,0.737998,0.55,1,2138199,2137723,476
149726801,33.7152,23.7631,484,47172,0.7476,0.57,1,2138235,2137751,484
149729721,23.543,32.7526,470,47217,0.78152,0.57,2,2138256,2137786,470
149732641,6.30861,22.5505,452,47262,0.788304,0.57,2,2138258,2137806,452
149735561,23.6617,6.1101,478,47307,0.789661,0.59,2,2138286,2137808,478
149738481,29.5323,23.622,481,47352,0.789932,0.61,2,2138317,2137836,481
149741401,7.50647,27.9244,454,47397,0.821986,0.65,2,2138319,2137865,454
149744321,27.9013,31.9849,454,47441,0.892397,0.65,2,2138352,2137898,454
149747241,31.1803,31.997,454,47485,0.922479,0.65,2,2138384,2137930,454
149750161,29.4361,28.7994,455,47529,0.928496,0.67,2,2138413,2137958,455
150030481,56,28,497,23451,0.21,0.85,1,2141481,2140984,497
150033401,61.6,57.6,495,23541,0.21,0.81,1,2141544,2141049,495
150036321,61.12,62.72,492,23631,0.21,0.59,1,2141605,2141113,492
150039241,48.224,78.944,454,23721,0.21,0.53,1,2141650,2141196,454
150042161,37.6448,38.9888,460,23810,0.194,0.43,1,2141685,2141225,460
150045081,29.129,32.5978,456,23899,0.1748,0.39,1,2141712,2141256,456
150048001,55.4258,46.5196,468,23988,0.21896,0.33,1,2141774,2141306,468
150050921,81.4852,54.9039,499,24076,0.211792,0.21,1,2141862,2141363,499
150053841,57.097,105.381,432,24164,0.258358,0.21,1,2141913,2141481,432
150056761,61.8194,71.4762,432,24252,0.251672,0.21,1,2141976,2141544,432
150059681,59.5639,63.0952,430,24339,0.234334,0.21,1,2142035,2141605,430
150062601,48.7128,48.619,431,24426,0.198867,0.19,1,2142081,2141650,431
150065521,36.1426,37.7238,429,24513,0.207773,0.17,1,2142114,2141685,429
150068441,29.6285,29.1448,430,24599,0.241555,0.23,1,2142142,2141712,430
150071361,56.3257,55.429,431,24685,0.264311,0.21,1,2142205,2141774,431
150074281,83.2651,81.4858,433,24771,0.316862,0.27,1,2142295,2141862,433
150077201,57.453,57.0972,433,24857,0.423372,0.25,1,2142346,2141913,433
150080121,60.2906,61.8194,431,24942,0.428675,0.23,1,2142407,2141976,431
150083041,59.2581,59.5639,431,25027,0.509735,0.19,1,2142466,2142035,431
150085961,48.6516,48.7128,431,25112,0.525947,0.21,1,2142512,2142081,431
150088881,36.9303,36.1426,432,25196,0.577189,0.25,1,2142546,2142114,432
150091801,30.5861,29.6285,433,25280,0.571438,0.27,1,2142575,2142142,433
150094721,56.5172,56.3257,433,25364,0.554288,0.33,1,2142638,2142205,433
150097641,87.3034,83.2651,438,25448,0.582857,0.33,1,2142733,2142295,438
150100561,60.6607,16.653,492,25531,0.620571,0.45,1,2142787,2142295,492
150103481,62.5321,44.1306,504,25614,0.612114,0.43,1,2142850,2142346,504
150106401,62.9064,57.6261,506,25697,0.658423,0.53,1,2142913,2142407,506
150109321,49.3813,58.7252,493,25779,0.699685,0.53,1,2142959,2142466,493
150112241,37.8763,48.545,482,25861,0.691937,0.59,1,2142994,2142512,482
150115161,29.9753,36.909,476,25943,0.690387,0.57,1,2143022,2142546,476
150118081,57.995,30.5818,512,26025,0.674077,0.55,1,2143087,2142575,512
150121001,88.399,56.5164,545,26106,0.718816,0.59,1,2143183,2142638,545
150123921,62.4798,87.3033,506,26187,0.695763,0.63,1,2143239,2142733,506
150126841,63.696,60.6607,516,26268,0.723153,0.61,1,2143303,2142787,516
150129761,64.7392,62.5321,518,26349,0.696631,0.67,1,2143368,2142850,518
150132681,50.5478,62.9064,502,26429,0.691326,0.71,1,2143415,2142913,502
150135601,37.3096,49.3813,490,26509,0.738265,0.69,1,2143449,2142959,490
150138521,29.8619,37.8763,483,26589,0.747653,0.69,1,2143477,2142994,483
150141441,57.9724,29.9753,520,26669,0.749531,0.67,1,2143542,2143022,520
150144361,89.9945,57.995,553,26748,0.813906,0.73,2,2143640,2143087,553
150147281,61.1989,88.399,511,26827,0.826781,0.69,2,2143694,2143183,511
150150201,65.0398,62.4798,521,26906,0.877356,0.73,2,2143760,2143239,521
150153121,14.608,63.696,459,26985,0.887471,0.69,2,2143762,2143303,459
150252401,64,109,522,29535,0.81,1,2,2145577,2145055,522
150255321,58.4,53.8,539,29607,0.826,1,2,2145634,2145095,539
150389641,41,42,506,32733,0.93,1,2,2147747,2147241,506
150404241,36,35,470,33054,0.85,0.92,2,2147980,2147510,470
150407161,49.6,48.6,471,33118,0.834,1,2,2148033,2147562,471
150410081,40.32,40.12,471,33182,0.8948,1,2,2148071,2147600,471
150413001,32.064,31.224,472,33246,0.82696,0.92,2,2148101,2147629,472
150415921,40.8128,43.0448,469,33310,0.877392,0.85,2,2148144,2147675,469
150418841,32.1626,33.409,468,33373,0.887478,0.93,2,2148174,2147706,468
150421761,40.8325,39.4818,470,33436,0.937496,1,2,2148217,2147747,470
150521041,23,46,500,35524,0.85,1,2,2149656,2149156,500
150532721,65,74,479,35761,0.83,1,2,2149822,2149343,479
150535641,45,44.4,482,35820,0.782,1,2,2149862,2149380,482
150538561,57.8,58.48,481,35879,0.8524,1,2,2149923,2149442,481
150541481,37.16,34.896,484,35938,0.83448,0.95,2,2149955,2149471,484
150544401,29.032,36.5792,474,35997,0.766896,1,2,2149982,2149508,474
150547321,44.2064,40.9158,480,36056,0.833379,0.94,2,2150030,2149550,480
150550241,33.6413,33.7832,479,36115,0.830676,0.89,2,2150061,2149582,479
150553161,39.5283,47.5566,469,36174,0.862135,0.85,2,2150102,2149633,469
150556081,24.7057,27.9113,467,36232,0.884427,0.99,2,2150123,2149656,467
150559001,28.1411,30.3823,465,36290,0.920885,0.79,2,2150152,2149687,465
150742961,40,57,486,39791,0.71,1,1,2152605,2152119,486
150745881,60,42.6,512,39844,0.534,1,1,2152670,2152158,512
150748801,44,34.12,520,39897,0.3548,1,1,2152710,2152190,520
150751721,36.8,44.424,508,39950,0.25496,1,1,2152745,2152237,508
150754641,29.76,37.6848,500,40003,0.138992,1,1,2152773,2152273,500
150757561,38.752,31.537,511,40056,0.0677984,1,1,2152814,2152303,511
150760481,33.3504,37.5074,504,40109,0.0855597,1,1,2152846,2152342,504
150763401,19.4701,7.50148,520,40162,0.137112,1,1,2152862,2152342,520
150766321,23.894,31.1003,508,40215,0.0994224,0.88,1,2152887,2152379,508
150769241,35.9788,26.2201,522,40268,0.0438845,1,1,2152926,2152404,522
150772161,38.3958,48.444,507,40320,0.0327769,0.99,1,2152965,2152458,507
150775081,34.8792,40.0888,503,40372,0.0465554,0.91,1,2152999,2152496,503
150778001,25.3758,40.0178,486,40424,0.0493111,0.79,1,2153022,2152536,486
150780921,34.6752,31.2036,494,40476,0.0498622,0.71,1,2153059,2152565,494
150783841,45.335,38.2407,502,40528,0.0499724,0.49,1,2153107,2152605,502
150786761,37.067,59.6481,472,40580,0.0819945,0.31,1,2153142,2152670,472
150789681,32.2134,43.9296,463,40632,0.0723989,0.23,1,2153173,2152710,463
150792601,27.2427,36.7859,454,40684,0.0864798,0.11,1,2153199,2152745,454
150795521,37.4485,29.7572,466,40736,0.057296,0.05,1,2153239,2152773,466
150798441,34.6897,38.7514,459,40788,0.0674592,0.09,1,2153273,2152814,459
150801361,20.5379,33.3503,444,40840,0.0854918,0.15,1,2153290,2152846,444
150804281,18.5076,19.4701,446,40892,0.137098,0.09,1,2153308,2152862,446
150807201,38.9015,23.894,465,40944,0.0834197,0.03,1,2153352,2152887,465
150810121,35.7803,35.9788,461,40996,0.0566839,0.03,1,2153387,2152926,461
150813041,35.9561,38.3958,458,41047,0.0673368,0.05,1,2153423,2152965,458
150815961,23.9912,34.8792,445,41098,0.0374674,0.05,1,2153444,2152999,445
150818881,35.9982,25.3758,461,41149,0.0474935,0.05,1,2153483,2153022,461
150821801,44.7997,34.6752,471,41200,0.0654987,0.05,1,2153530,2153059,471
150824721,36.9599,45.335,458,41251,0.0530997,0.09,1,2153565,2153107,458
150827641,32.992,37.067,455,41302,0.08262,0.07,1,2153597,2153142,455
150830561,27.3984,32.2134,450,41353,0.120524,0.09,1,2153623,2153173,450
150833481,36.6797,27.2427,463,41404,0.112105,0.05,1,2153662,2153199,463
150836401,35.3359,37.4485,458,41455,0.110421,0.07,1,2153697,2153239,458
150839321,22.2672,34.6897,443,41506,0.142084,0.09,1,2153716,2153273,443
150842241,6.05344,20.5379,428,41557,0.116417,0.15,1,2153718,2153290,428
150845161,16.4107,18.5076,429,41608,0.159283,0.07,1,2153737,2153308,429
150848081,35.2821,38.9015,425,41659,0.151857,0.05,1,2153777,2153352,425
150851001,35.0564,35.7803,425,41710,0.166371,0.07,1,2153812,2153387,425
150853921,34.2113,35.9561,423,41761,0.137274,0.03,1,2153846,2153423,423
150856841,23.6423,23.9912,423,41812,0.147455,0.05,1,2153867,2153444,423
150859761,35.9285,35.9982,423,41862,0.149491,0.07,1,2153906,2153483,423
150862681,46.3857,44.7997,425,41912,0.149898,0.05,1,2153955,2153530,425
150865601,37.2771,36.9599,425,41962,0.16598,0.09,1,2153990,2153565,425
150868521,33.8554,32.992,426,42012,0.185196,0.13,1,2154023,2153597,426
150871441,29.9711,27.3984,429,42062,0.237039,0.11,1,2154052,2153623,429
150874361,35.5942,36.6797,427,42112,0.295408,0.11,1,2154089,2153662,427
150877281,35.9188,35.3359,428,42162,0.307082,0.15,1,2154125,2153697,428
150880201,21.5838,22.2672,427,42212,0.277416,0.11,1,2154143,2153716,427
150883121,5.91675,6.05344,427,42262,0.271483,0.17,1,2154145,2153718,427
150886041,17.1834,16.4107,428,42312,0.270297,0.15,1,2154165,2153737,428
150888961,36.2367,35.2821,429,42362,0.366059,0.17,1,2154206,2153777,429
150891881,34.4473,35.0564,428,42412,0.401212,0.13,1,2154240,2153812,428
150894801,34.0895,34.2113,428,42462,0.376242,0.15,1,2154274,2153846,428
150897721,24.4179,23.6423,429,42512,0.371248,0.15,1,2154296,2153867,429
150900641,34.4836,35.9285,427,42562,0.40225,0.15,1,2154333,2153906,427
150903561,47.6967,46.3857,429,42612,0.40845,0.17,1,2154384,2153955,429
150906481,38.3393,37.2771,430,42662,0.40969,0.19,1,2154420,2153990,430
150909401,35.6679,33.8554,432,42711,0.441938,0.25,1,2154455,2154023,432
150912321,31.9336,29.9711,434,42760,0.448388,0.31,1,2154486,2154052,434
150915241,36.7867,35.5942,435,42809,0.465678,0.31,1,2154524,2154089,435
150918161,36.1573,35.9188,435,42858,0.485135,0.27,1,2154560,2154125,435
150921081,21.6315,21.5838,435,42907,0.457027,0.27,1,2154578,2154143,435
150924001,5.92629,5.91675,435,42956,0.483405,0.27,1,2154580,2154145,435
150926921,17.9853,17.1834,436,43005,0.472681,0.27,1,2154601,2154165,436
150929841,37.9971,3.43667,479,43054,0.502536,0.39,1,2154644,2154165,479
150932761,35.5994,33.4873,473,43103,0.524507,0.41,1,2154679,2154206,473
150935681,34.3199,33.8975,473,43152,0.528901,0.37,1,2154713,2154240,473
150938601,24.464,33.9795,461,43201,0.54578,0.37,1,2154735,2154274,461
150941521,36.8928,24.3959,479,43250,0.549156,0.41,1,2154775,2154296,479
150944441,47.3786,34.4792,492,43299,0.565831,0.41,1,2154825,2154333,492
150947361,39.0757,47.6958,478,43348,0.553166,0.41,1,2154862,2154384,478
150950281,35.8151,38.3392,477,43397,0.566633,0.45,1,2154897,2154420,477
150953201,33.563,35.6678,475,43446,0.553327,0.45,1,2154930,2154455,475
150956121,35.5126,31.9336,480,43495,0.566665,0.47,1,2154966,2154486,480
150959041,36.7025,36.7867,479,43544,0.569333,0.49,1,2155003,2154524,479
150961961,21.7405,36.1573,461,43592,0.569867,0.45,1,2155021,2154560,461
150964881,5.9481,21.6315,445,43640,0.569973,0.49,1,2155023,2154578,445
150967801,17.1896,5.92629,463,43688,0.569995,0.47,1,2155043,2154580,463
150970721,41.0379,17.9853,489,43736,0.601999,0.51,1,2155090,2154601,489
150973641,37.0076,37.9971,482,43784,0.6084,0.53,1,2155126,2154644,482
150976561,35.4015,35.5994,482,43832,0.67368,0.53,1,2155161,2154679,482
150979481,24.6803,34.3199,470,43880,0.670736,0.55,1,2155183,2154713,470
150982401,36.9361,24.464,488,43928,0.670147,0.55,1,2155223,2154735,488
150985321,48.1872,36.8928,499,43976,0.686029,0.57,1,2155274,2154775,499
150988241,38.4374,47.3786,485,44024,0.689206,0.55,1,2155310,2154825,485
150991161,34.8875,39.0757,482,44072,0.689841,0.57,1,2155344,2154862,482
150994081,34.1775,35.8151,481,44120,0.705968,0.55,1,2155378,2154897,481
150997001,36.4355,33.563,485,44168,0.741194,0.57,1,2155415,2154930,485
150999921,36.8871,35.5126,486,44216,0.764239,0.57,2,2155452,2154966,486
151002841,21.7774,36.7025,467,44264,0.784848,0.57,2,2155470,2155003,467
151005761,5.95548,21.7405,451,44312,0.78897,0.57,2,2155472,2155021,451
151008681,17.1911,5.9481,469,44360,0.789794,0.57,2,2155492,2155023,469
151011601,42.6382,17.1896,498,44408,0.821959,0.61,2,2155541,2155043,498
151014521,37.3276,41.0379,487,44456,0.860392,0.61,2,2155577,2155090,487
151017441,9.06553,37.0076,453,44503,0.868078,0.69,2,2155579,2155126,453
151020361,31.4131,35.4015,455,44550,0.901616,0.67,2,2155616,2155161,455
151023281,23.8826,24.6803,455,44597,0.876323,0.67,2,2155638,2155183,455
151026201,37.5765,36.9361,456,44644,0.887265,0.69,2,2155679,2155223,456
151029121,48.3153,48.1872,456,44691,0.889453,0.69,2,2155730,2155274,456
151032041,38.4631,38.4374,456,44738,0.921891,0.69,2,2155766,2155310,456
151034961,35.6926,34.8875,457,44785,0.928378,0.71,2,2155801,2155344,457
151192641,31,34,515,47262,0.87,1,2,2157497,2156982,515
151195561,27,29.2,513,47307,0.806,1,2,2157523,2157010,513
151198481,22.2,29.84,504,47352,0.7612,0.99,2,2157544,2157040,504
151201401,34.04,21.968,521,47397,0.78424,1,2,2157581,2157060,521
151204321,36.408,24.3936,533,47441,0.756848,1,2,2157618,2157085,533
151207241,20.8816,48.0787,496,47485,0.67137,0.92,1,2157635,2157139,496
151210161,37.7763,41.6157,498,47529,0.702274,1,1,2157677,2157179,498
151213081,37.9553,29.1231,510,47573,0.708455,1,1,2157715,2157205,510
151216001,26.7911,33.8246,499,47617,0.661691,0.92,1,2157739,2157240,499
151218921,31.7582,44.3649,485,47661,0.620338,1,1,2157772,2157287,485
151221841,36.7516,40.873,483,47705,0.612068,1,1,2157810,2157327,483
151224761,28.1503,32.9746,478,47749,0.626414,0.95,1,2157836,2157358,478
151227681,20.0301,25.7949,472,47793,0.661283,0.92,1,2157854,2157382,472
151230601,14.406,17.959,469,47837,0.652257,0.93,1,2157867,2157398,469
151233521,26.0812,30.7918,464,47881,0.698451,0.91,1,2157896,2157432,464
151236441,31.6162,33.3584,463,47925,0.72369,0.87,1,2157929,2157466,463
151239361,29.5232,31.4717,461,47969,0.744738,0.79,1,2157958,2157497,461
151242281,25.1047,27.0943,459,48013,0.764948,0.75,2,2157982,2157523,459
151245201,21.0209,22.2189,458,48057,0.78499,0.79,2,2158002,2157544,458
151248121,33.0042,34.0438,457,48101,0.756998,0.75,2,2158038,2157581,457
151251041,37.0008,36.4088,458,48145,0.7834,0.65,2,2158076,2157618,458
151253961,18.6002,20.8818,455,48189,0.82068,0.71,2,2158090,2157635,455
151256881,37.32,37.7764,455,48233,0.812136,0.71,2,2158132,2157677,455
151259801,34.664,37.9553,451,48277,0.858427,0.65,2,2158166,2157715,451
151262721,26.1328,26.7911,451,48321,0.867685,0.61,2,2158190,2157739,451
151265641,32.4266,31.7582,452,48365,0.853537,0.61,2,2158224,2157772,452
151268561,33.6853,36.7516,448,48409,0.866707,0.63,2,2158258,2157810,448
151271481,31.5371,28.1503,453,48453,0.901341,0.67,2,2158289,2157836,453
151274401,20.7074,20.0301,453,48496,0.908268,0.65,2,2158307,2157854,453
151277321,15.3415,14.406,454,48539,0.909654,0.71,2,2158321,2157867,454
151280241,27.0683,26.0812,455,48582,0.893931,0.73,2,2158351,2157896,455
151294841,36,36,459,48797,0.93,0.79,2,2158497,2158038,459
151297761,40,37.6,462,48840,0.93,0.79,2,2158538,2158076,462
151300681,17.6,7.52,474,48883,0.898,0.83,2,2158550,2158076,474
151303601,38.72,12.704,504,48926,0.9076,0.81,2,2158594,2158090,504
