#Ack,ack_ewma(ms),send_ewma(ms),rtt_ratio,cwnd (Bytes),Last Router Ocupation Ack Arriaval(Packets),Last Router Ocupation Packet Sent(Packets),Network Situation,AckArrival(ms),TSInsideAck(ms),RTTAck(ms)
4381,2,0,427,16060,0.39,0.05,1,190869,190442,427
7301,2,0,429,17520,0.39,0.05,1,190871,190442,429
10221,2,0,431,18980,0.39,0.05,1,190873,190442,431
13141,2,0,433,20440,0.39,0.05,1,190875,190442,433
14601,161.2,0,634,21900,0.518,0.39,1,191076,190442,634
17521,217.84,340,441,23360,0.6556,0.39,1,191308,190867,441
20441,45.168,69.6,441,24820,0.65112,0.39,1,191310,190869,441
23361,10.6336,13.92,443,26280,0.682224,0.39,1,191312,190869,443
26281,3.72672,4.384,443,27740,0.656445,0.39,1,191314,190871,443
29201,2.34534,2.4768,443,29200,0.683289,0.39,1,191316,190873,443
32121,2.06907,0.49536,445,30660,0.656658,0.39,1,191318,190873,445
35041,2.01381,1.69907,445,32120,0.667332,0.55,1,191320,190875,445
37961,165.203,161.14,450,33580,0.813466,0.69,2,191526,191076,450
40881,221.841,217.828,454,35040,0.874693,0.69,2,191762,191308,454
43801,45.9681,43.5656,456,36500,0.918939,0.65,2,191764,191308,456
46721,10.7936,10.3131,456,37960,0.927788,0.69,2,191766,191310,456
49641,3.75872,3.66262,456,39420,0.929558,0.69,2,191768,191312,456
52561,2.35174,0.732525,458,40880,0.897912,0.65,2,191770,191312,458
55481,2.07035,1.7465,458,42340,0.891582,0.69,2,191772,191314,458
58401,2.01407,1.9493,458,43800,0.906316,0.69,2,191774,191316,458
61321,2.00281,0.38986,460,45260,0.925263,0.65,2,191776,191316,460
64241,2.00056,1.67797,460,46720,0.945053,0.67,2,191778,191318,460
299741,422,622,422,2920,0.01,0,1,195260,194838,422
302661,422,462,422,4380,0.026,0.01,1,195682,195260,422
304121,245.2,92.4,623,5840,0.1092,0.03,1,195883,195260,623
307041,225.84,356.08,422,7300,0.04584,0.03,1,196104,195682,422
308501,205.968,71.216,623,8760,0.113168,0.13,1,196305,195682,623
311421,47.5936,175.043,430,10220,0.126634,0.03,1,196313,195883,430
314341,179.919,211.809,422,11680,0.0493267,0.03,1,196526,196104,422
315801,196.784,42.3617,623,13140,0.113865,0.13,1,196727,196104,623
318721,44.1567,169.272,428,14600,0.126773,0.13,1,196733,196305,428
321641,16.0313,40.2545,429,16060,0.177355,0.13,1,196742,196313,429
323101,164.006,8.05089,630,17520,0.107471,0.03,1,196943,196313,630
326021,36.8013,172.01,422,18980,0.109494,0.03,1,196948,196526,422
327481,168.16,34.402,623,20440,0.0458988,0.13,1,197149,196526,623
330401,40.032,167.68,430,21900,0.0331798,0.13,1,197157,196727,430
333321,12.8064,38.3361,430,23360,0.062636,0.13,1,197163,196733,430
336241,8.16128,7.66722,437,24905,0.116527,0.19,1,197170,196733,437
339161,4.03226,8.73344,431,24990,0.127305,0.09,1,197173,196742,431
342081,157.606,162.547,426,25075,0.225461,0.11,1,197369,196943,426
345001,34.7213,36.5093,425,25160,0.245092,0.11,1,197373,196948,425
347921,166.144,7.30187,624,25244,0.105018,0.03,1,197572,196948,624
350841,40.4288,162.26,432,25328,0.0930037,0.03,1,197581,197149,432
353761,9.68577,38.8521,426,25412,0.0906007,0.07,1,197583,197157,426
356681,8.33715,12.5704,428,25495,0.0901202,0.07,1,197591,197163,428
359601,7.26743,2.51408,435,25578,0.106024,0.13,1,197598,197163,435
362521,3.85349,6.10282,431,25661,0.0932048,0.13,1,197601,197170,431
365441,159.971,3.62056,627,25744,0.202641,0.25,1,197800,197173,627
368361,35.1941,157.524,435,25826,0.224528,0.25,1,197804,197369,435
371281,160.639,34.7048,623,25908,0.244906,0.07,1,197996,197373,623
374201,40.1278,166.141,434,25990,0.248981,0.09,1,198006,197572,434
377121,9.62555,40.4282,427,26072,0.249796,0.09,1,198008,197581,427
380041,8.32511,9.68564,433,26153,0.249959,0.09,1,198016,197583,433
382961,7.26502,8.33713,432,26234,0.233992,0.11,1,198023,197591,432
385881,3.853,7.26743,428,26315,0.246798,0.09,1,198026,197598,428
387341,161.571,3.85349,626,26396,0.40936,0.23,1,198227,197601,626
390261,37.1141,159.971,433,26476,0.441872,0.23,1,198233,197800,433
393181,10.6228,35.1941,433,26556,0.448374,0.25,1,198237,197804,433
396101,156.525,160.639,434,26636,0.529675,0.25,1,198430,197996,434
399021,39.3049,40.1278,434,26716,0.513935,0.25,1,198440,198006,434
401941,9.46098,9.62555,434,26795,0.542787,0.25,1,198442,198008,434
404861,8.2922,8.32511,434,26874,0.516557,0.23,1,198450,198016,434
407781,6.45844,7.26502,433,26953,0.511311,0.23,1,198456,198023,433
410701,4.49169,1.453,437,27032,0.510262,0.25,1,198460,198023,437
412161,161.698,2.6906,635,27110,0.606052,0.45,1,198661,198026,635
415081,45.1397,161.338,450,27188,0.625211,0.45,1,198677,198227,450
418001,12.2279,37.0676,448,27266,0.645042,0.45,1,198681,198233,448
420921,158.446,10.6135,639,27344,0.697008,0.55,1,198876,198237,639
423841,39.6891,156.523,456,27421,0.707402,0.51,1,198886,198430,456
426761,9.53782,39.3045,448,27498,0.70948,0.55,1,198888,198440,448
429681,8.30756,9.46091,454,27575,0.709896,0.51,1,198896,198442,454
432601,6.46151,8.29218,452,27652,0.709979,0.51,1,198902,198450,452
435521,4.4923,6.45844,450,27729,0.709996,0.51,1,198906,198456,450
436981,161.698,4.49169,647,27805,0.757999,0.63,2,199107,198460,647
439901,50.7397,161.698,469,27881,0.7676,0.63,2,199130,198661,469
442821,13.3479,45.1397,457,27957,0.76952,0.65,2,199134,198677,457
445741,161.07,12.2279,651,28033,0.769904,0.71,2,199332,198681,651
448661,40.2139,158.446,466,28109,0.769981,0.71,2,199342,198876,466
451581,9.64278,39.6891,458,28184,0.769996,0.71,2,199344,198886,458
454501,8.32856,9.53782,464,28259,0.769999,0.71,2,199352,198888,464
457421,6.46571,8.30756,462,28334,0.77,0.71,2,199358,198896,462
460341,4.49314,6.46151,460,28409,0.77,0.71,2,199362,198902,460
463261,2.49863,4.4923,458,28484,0.77,0.77,2,199364,198906,458
466181,180.5,161.698,482,28558,0.802,0.77,2,199589,199107,482
469101,39.2999,50.7397,463,28632,0.8084,0.77,2,199593,199130,463
472021,166.26,13.3479,657,28706,0.88968,0.77,2,199791,199134,657
474941,41.252,161.07,469,28780,0.921936,0.77,2,199801,199332,469
477861,9.8504,40.2139,461,28854,0.928387,0.77,2,199803,199342,461
480781,8.37008,9.64278,467,28927,0.929677,0.77,2,199811,199344,467
483701,6.47402,8.32856,465,29000,0.929935,0.77,2,199817,199352,465
486621,4.4948,6.46571,463,29073,0.929987,0.77,2,199821,199358,463
489541,2.49896,4.49314,461,29146,0.929997,0.77,2,199823,199362,461
591741,15,27,504,31655,0.43,1,1,201728,201224,504
594661,31,26.2,513,31722,0.478,1,1,201763,201250,513
597581,28.6,21.24,521,31789,0.3916,1,1,201791,201270,521
600501,25.72,29.848,514,31856,0.32632,1,1,201816,201302,514
603421,20.344,26.7696,507,31922,0.329264,1,1,201835,201328,507
606341,52.0688,22.1539,546,31988,0.201853,1,1,201895,201349,546
609261,48.8138,68.4308,514,32054,0.0403706,1,1,201943,201429,514
612181,32.1628,44.0862,504,32120,0.0480741,1,1,201971,201467,504
615101,124.833,38.4172,615,32186,0.193615,0.73,1,202119,201504,615
618021,54.5665,134.883,493,32252,0.206723,0.53,1,202156,201663,493
620941,22.9133,66.9767,458,32318,0.257345,0.43,1,202171,201713,458
623861,30.9827,25.3953,476,32383,0.331469,0.49,1,202204,201728,476
626781,24.5965,33.0791,464,32448,0.314294,0.37,1,202227,201763,464
629701,23.3193,29.0158,459,32513,0.390859,0.31,1,202250,201791,459
632621,19.0639,25.8032,452,32578,0.374172,0.33,1,202268,201816,452
635541,46.2128,20.3606,486,32643,0.386834,0.17,1,202321,201835,486
638461,47.6426,52.0721,474,32708,0.357367,0,1,202369,201895,474
641381,11.1285,48.8144,428,32773,0.367473,0.05,1,202371,201943,428
644301,19.8257,32.1629,422,32838,0.417495,0.23,1,202393,201971,422
647221,132.765,124.833,435,32902,0.587499,0.21,1,202554,202119,435
650141,55.353,54.5665,434,32966,0.6215,0.27,1,202590,202156,434
653061,24.6706,22.9133,436,33030,0.6443,0.35,1,202607,202171,436
655981,32.9341,30.9827,438,33094,0.72886,0.31,1,202642,202204,438
658901,27.3868,24.5965,441,33158,0.745772,0.41,1,202668,202227,441
661821,23.0774,23.3193,440,33222,0.781154,0.37,2,202690,202250,440
664741,20.6155,19.0639,442,33286,0.804231,0.39,2,202710,202268,442
667661,45.7231,46.2128,441,33350,0.808846,0.35,2,202762,202321,441
670581,47.5446,47.6426,441,33413,0.873769,0.37,2,202810,202369,441
673501,11.1089,11.1285,441,33476,0.902754,0.43,2,202812,202371,441
749421,26,38,505,35081,0.19,1,1,204019,203514,505
752341,32.4,25.2,517,35141,0.222,1,1,204053,203536,517
755261,28.88,33.04,510,35201,0.1964,1,1,204081,203571,510
758181,31.376,32.208,510,35261,0.12728,1,1,204113,203603,510
761101,26.2752,24.0416,513,35321,0.081456,1,1,204138,203625,513
764021,30.055,24.0083,520,35381,0.168291,1,1,204169,203649,520
766941,51.611,34.4017,540,35441,0.0896582,0.84,1,204226,203686,540
769861,27.9222,65.2803,489,35501,0.0419316,0.89,1,204248,203759,489
772781,27.1844,34.6561,489,35561,0.0323863,0.95,1,204275,203786,489
775701,91.8369,28.5312,570,35620,0.0144773,0.27,1,204383,203813,570
778621,51.9674,112.106,479,35679,0.0588955,0.27,1,204425,203946,479
781541,11.9935,60.0212,434,35738,0.0357791,0.19,1,204427,203993,434
784461,23.9987,32.8043,435,35797,0.0151558,0.23,1,204454,204019,435
787381,31.9997,33.7609,435,35856,0.0270312,0.19,1,204488,204053,435
790301,23.1999,29.1522,428,35915,0.0614062,0.11,1,204509,204081,428
793221,25.44,31.4304,422,35974,0.0522812,0.07,1,204535,204113,422
796141,25.888,26.2861,423,36033,0.0824563,0.19,1,204561,204138,423
799061,29.1776,30.0572,422,36092,0.0724913,0.07,1,204591,204169,422
801981,52.2355,51.6114,423,36151,0.118498,0.03,1,204649,204226,423
804901,28.0471,27.9223,423,36209,0.0956997,0.03,1,204671,204248,423
807821,27.2094,27.1845,423,36267,0.0911399,0.01,1,204698,204275,423
810741,91.0419,91.8369,422,36325,0.026228,0.07,1,204805,204383,422
813661,52.6084,51.9674,423,36383,0.0132456,0.03,1,204848,204425,423
816581,12.1217,11.9935,423,36441,0.0426491,0.01,1,204850,204427,423
819501,23.2243,23.9987,422,36499,0.0325298,0.03,1,204876,204454,422
822421,33.4449,31.9997,424,36557,0.030506,0.07,1,204912,204488,424
825341,23.489,23.1999,424,36615,0.0301012,0.05,1,204933,204509,424
828261,25.4978,25.44,424,36673,0.0780202,0.09,1,204959,204535,424
831181,24.2996,25.888,422,36731,0.071604,0.07,1,204983,204561,422
834101,30.4599,29.1776,424,36789,0.0863208,0.13,1,205015,204591,424
837021,52.492,52.2355,424,36846,0.105264,0.09,1,205073,204649,424
839941,28.8984,28.0471,425,36903,0.109053,0.09,1,205096,204671,425
842861,26.5797,27.2094,424,36960,0.109811,0.01,1,205122,204698,424
845781,89.3159,91.0419,422,37017,0.0459621,0.01,1,205227,204805,422
848701,52.2632,52.6084,422,37074,0.0171924,0.05,1,205270,204848,422
851621,12.0526,12.1217,422,37131,0.0114385,0.03,1,205272,204850,422
854541,24.8105,23.2243,424,37188,0.0262877,0.03,1,205300,204876,424
857461,31.3621,4.64487,457,37245,0.0452575,0.03,1,205333,204876,457
860381,23.0724,29.729,442,37302,0.0170515,0.03,1,205354,204912,442
863301,27.0145,22.7458,449,37359,0.0594103,0.09,1,205382,204933,449
866221,25.4029,25.3492,448,37416,0.0518821,0.07,1,205407,204959,448
869141,29.8806,24.2698,455,37472,0.0823764,0.09,1,205438,204983,455
872061,53.1761,30.454,482,37528,0.168475,0.11,1,205497,205015,482
874981,30.6352,52.4908,449,37584,0.185695,0.11,1,205522,205073,449
877901,26.927,28.8982,452,37640,0.189139,0.11,1,205548,205096,452
880821,86.1854,26.5796,527,37696,0.205828,0.03,1,205649,205122,527
883741,50.8371,89.3159,464,37752,0.0811656,0.01,1,205691,205227,464
886661,11.7674,52.2632,423,37808,0.0562331,0.01,1,205693,205270,423
889581,25.5535,12.0526,450,37864,0.0192466,0.03,1,205722,205272,450
892501,31.5107,24.8105,455,37920,0.0598493,0.05,1,205755,205300,455
895421,22.3021,31.3621,442,37976,0.0839699,0.01,1,205775,205333,442
898341,29.2604,23.0724,452,38032,0.072794,0.07,1,205806,205354,452
901261,25.0521,27.0145,448,38088,0.0705588,0.05,1,205830,205382,448
904181,32.2104,25.4029,457,38143,0.0861118,0.09,1,205864,205407,457
907101,56.8421,29.8806,489,38198,0.169222,0.19,1,205927,205438,489
910021,31.3684,53.1761,455,38253,0.217844,0.19,1,205952,205497,455
912941,27.8737,30.6352,457,38308,0.243569,0.19,1,205979,205522,457
915861,86.3747,26.927,532,38363,0.248714,0.21,1,206080,205548,532
918781,44.4749,86.1854,465,38418,0.249743,0.05,1,206114,205649,465
921701,10.495,50.8371,425,38473,0.265949,0.05,1,206116,205691,425
924621,24.499,11.7674,451,38528,0.23719,0.01,1,206144,205693,451
927541,32.0998,25.5535,456,38583,0.231438,0.07,1,206178,205722,456
930461,8.01996,31.5107,425,38638,0.230288,0.09,1,206180,205755,425
933381,18.404,22.3021,426,38693,0.278058,0.07,1,206201,205775,426
936301,27.6808,29.2604,425,38748,0.287612,0.07,1,206231,205806,425
939221,25.5362,25.0521,426,38803,0.273522,0.09,1,206256,205830,426
942141,33.9072,32.2104,428,38857,0.270704,0.19,1,206292,205864,428
945061,59.5814,56.8421,431,38911,0.286141,0.23,1,206358,205927,431
947981,35.1163,31.3684,435,38965,0.257228,0.25,1,206387,205952,435
950901,27.8233,27.8737,434,39019,0.299446,0.25,1,206413,205979,434
953821,86.3647,86.3747,434,39073,0.291889,0.25,1,206514,206080,434
956741,45.2729,44.4749,435,39127,0.338378,0.27,1,206549,206114,435
959661,10.6546,10.495,435,39181,0.395676,0.23,1,206551,206116,435
962581,22.9309,24.499,433,39235,0.375135,0.23,1,206577,206144,433
965501,31.7862,32.0998,433,39289,0.387027,0.23,1,206611,206178,433
968421,7.95724,8.01996,433,39343,0.389405,0.29,1,206613,206180,433
971341,19.1914,18.404,434,39397,0.405881,0.29,1,206635,206201,434
974261,27.8383,27.6808,434,39451,0.473176,0.27,1,206665,206231,434
977181,24.7677,25.5362,433,39505,0.470635,0.27,1,206689,206256,433
980101,34.5535,33.9072,434,39558,0.486127,0.29,1,206726,206292,434
983021,60.5107,59.5814,435,39611,0.473225,0.25,1,206793,206358,435
985941,34.5021,35.1163,434,39664,0.470645,0.31,1,206821,206387,434
988861,28.5004,27.8233,435,39717,0.470129,0.29,1,206848,206413,435
991781,87.3001,86.3647,436,39770,0.502026,0.35,1,206950,206514,436
994701,48.66,45.2729,440,39823,0.588405,0.41,1,206989,206549,440
997621,11.332,10.6546,440,39876,0.605681,0.37,1,206991,206551,440
1000541,23.0664,22.9309,440,39929,0.641136,0.39,1,207017,206577,440
1003461,32.6133,31.7862,441,39982,0.664227,0.39,1,207052,206611,441
1006381,8.12266,7.95724,441,40035,0.668845,0.41,1,207054,206613,441
1009301,20.0245,19.1914,442,40088,0.621769,0.41,1,207077,206635,442
1012221,29.6049,3.83829,474,40141,0.580354,0.49,1,207109,206635,474
1015141,25.121,24.7677,468,40194,0.604071,0.47,1,207133,206665,468
1018061,33.8242,24.1535,480,40247,0.608814,0.49,1,207169,206689,480
1020981,59.5648,34.4307,509,40299,0.625763,0.47,1,207235,206726,509
1023901,34.313,60.4861,470,40351,0.645153,0.47,1,207263,206793,470
1026821,29.2626,34.4972,470,40403,0.665031,0.47,1,207291,206821,470
1029741,89.8525,28.4994,548,40455,0.717006,0.51,1,207396,206848,548
1032661,53.1705,87.2999,490,40507,0.759401,0.61,2,207440,206950,490
1035581,12.2341,48.66,453,40559,0.76788,0.61,2,207442,206989,453
1038501,23.2468,11.332,477,40611,0.769576,0.65,2,207468,206991,477
1041421,33.4494,23.0664,487,40663,0.785915,0.67,2,207504,207017,487
1044341,8.28987,32.6133,454,40715,0.789183,0.67,2,207506,207052,454
1047261,19.258,8.12266,474,40767,0.805837,0.61,2,207528,207054,474
1050181,29.4516,20.0245,483,40819,0.809167,0.57,2,207560,207077,483
1053101,25.0903,29.6049,475,40871,0.841833,0.61,2,207584,207109,475
1056021,33.8181,25.121,487,40923,0.880367,0.61,2,207620,207133,487
1226841,96,169,497,19925,0.09,0.81,1,209848,209351,497
1229761,67.2,80.2,499,20031,0.09,0.55,1,209908,209409,499
1232681,47.04,79.24,462,20137,0.074,0.29,1,209950,209488,462
1235601,55.808,50.248,477,20242,0.0388,0.15,1,210008,209531,477
1238521,31.1616,58.8496,441,20347,0.07976,0.15,1,210033,209592,441
1241441,121.432,27.7699,565,20451,0.055952,0.09,1,210177,209612,565
1244361,101.886,117.554,522,20555,0.0831904,0.09,1,210274,209752,522
1247281,67.5773,100.311,485,20658,0.136638,0.09,1,210333,209848,485
1250201,47.1155,68.0622,467,20761,0.147328,0.07,1,210375,209908,467
1253121,55.0231,47.2124,482,20863,0.333465,0.03,1,210432,209950,482
1256041,30.2046,55.8425,448,20965,0.362693,0.09,1,210456,210008,448
1258961,7.64092,31.1685,425,21066,0.368539,0.05,1,210458,210033,425
1261881,115.928,121.434,424,21167,0.305708,0.09,1,210601,210177,424
1264801,103.186,101.887,427,21267,0.309142,0.15,1,210701,210274,427
1267721,69.4371,67.5773,429,21367,0.325828,0.15,1,210762,210333,429
1270641,47.4874,47.1155,429,21466,0.377166,0.38,1,210804,210375,429
1273561,63.8975,55.0231,440,21565,0.499433,0.37,1,210872,210432,440
1276481,31.9795,30.2046,440,21663,0.507887,0.37,1,210896,210456,440
1279401,7.9959,7.64092,440,21761,0.541577,0.29,1,210898,210458,440
1282321,113.599,115.928,437,21858,0.548315,0.31,1,211038,210601,437
1285241,101.12,103.186,435,21955,0.677663,0.33,1,211136,210701,435
1288161,71.424,69.4371,438,22052,0.719533,0.39,1,211200,210762,438
1291081,48.6848,47.4874,439,22148,0.727906,0.53,1,211243,210804,439
1294001,70.537,63.8975,447,22244,0.857581,0.51,2,211319,210872,447
1296921,33.3074,31.9795,447,22339,0.899516,0.55,2,211343,210896,447
1299841,8.26148,7.9959,447,22434,0.923903,0.55,2,211345,210898,447
1381601,78,58,501,24944,0.21,1,1,213219,212718,501
1384521,43.6,55.6,481,25029,0.082,1,1,213254,212773,481
1387441,38.32,36.72,486,25114,0.0404,1,1,213291,212805,486
1390361,90.064,88.944,487,25198,0.04808,1,1,213394,212907,487
1393281,98.0128,111.389,470,25282,0.097616,1,1,213494,213024,470
1396201,44.4026,50.2778,466,25366,0.0595232,0.68,1,213525,213059,466
1399121,34.4805,46.0556,453,25450,0.0359046,0.68,1,213557,213104,453
1402041,30.8961,9.21111,483,25533,0.0471809,0.59,1,213587,213104,483
1404961,55.7792,31.4422,508,25616,0.0494362,0.21,1,213649,213141,508
1407881,34.3558,68.6884,459,25699,0.0338872,0.05,1,213678,213219,459
1410801,34.0712,41.7377,458,25781,0.0467774,0.03,1,213712,213254,458
1413721,89.2142,37.9475,524,25863,0.0493555,0.05,1,213815,213291,524
1416641,98.6428,89.9895,522,25945,0.0338711,0.11,1,213916,213394,522
1419561,43.7286,97.9979,452,26027,0.0627742,0.05,1,213946,213494,452
1422481,34.3457,44.3996,453,26108,0.0365548,0.03,1,213978,213525,453
1425401,33.2691,34.4799,454,26189,0.031311,0.05,1,214011,213557,454
1428321,54.6538,30.896,484,26270,0.0942622,0.05,1,214071,213587,484
1431241,37.3308,55.7792,455,26351,0.0748524,0.03,1,214104,213649,455
1434161,30.6662,34.3558,455,26431,0.0709705,0.05,1,214133,213678,455
1437081,89.3332,34.0712,525,26511,0.0541941,0.05,1,214237,213712,525
1440001,99.4666,89.2142,524,26591,0.0508388,0.03,1,214339,213815,524
1442921,44.6933,98.6428,454,26671,0.0181678,0.07,1,214370,213916,454
1445841,34.5387,43.7286,456,26750,0.0276336,0.03,1,214402,213946,456
1448761,30.9077,34.3457,454,26829,0.0135267,0.03,1,214432,213978,454
1451681,54.9815,33.2691,482,26908,0.0587053,0.11,1,214493,214011,482
1454601,12.5963,54.6538,424,26987,0.0677411,0.07,1,214495,214071,424
1457521,29.7193,37.3308,425,27065,0.101548,0.07,1,214529,214104,425
1460441,26.7439,30.6662,422,27143,0.0923096,0.05,1,214555,214133,422
1463361,88.5488,89.3332,422,27221,0.0904619,0.05,1,214659,214237,422
1466281,100.11,99.4666,423,27299,0.0420924,0.01,1,214762,214339,423
1469201,45.622,44.6933,424,27377,0.0164185,0.03,1,214794,214370,424
1472121,33.9244,34.5387,423,27454,0.0272837,0.01,1,214825,214402,423
1475041,29.9849,30.9077,422,27531,0.0774567,0.07,1,214854,214432,422
1477961,57.197,54.9815,425,27608,0.0394913,0.07,1,214918,214493,425
1480881,13.0394,12.5963,425,27685,0.0318983,0.11,1,214920,214495,425
1483801,29.8079,29.7193,425,27761,0.0943797,0.09,1,214954,214529,425
1486721,26.7616,26.7439,425,27837,0.106876,0.09,1,214980,214555,425
1489641,86.1523,88.5488,422,27913,0.0613752,0.03,1,215081,214659,422
1492561,99.6305,100.11,422,27989,0.084275,0.01,1,215184,214762,422
1495481,45.5261,45.622,422,28065,0.088855,0.03,1,215216,214794,422
1498401,33.9052,33.9244,422,28140,0.089771,0.09,1,215247,214825,422
1501321,32.381,29.9849,425,28215,0.0899542,0.03,1,215279,214854,425
1504241,56.0762,57.197,423,28290,0.121991,0.03,1,215341,214918,423
1507161,12.8152,13.0394,423,28365,0.128398,0.03,1,215343,214920,423
1510081,30.563,2.60788,458,28440,0.14568,0.11,1,215378,214920,458
1513001,28.5126,27.7216,452,28514,0.149136,0.11,1,215406,214954,452
1515921,84.1025,26.3443,524,28588,0.133827,0.05,1,215504,214980,524
1518841,99.2205,86.0689,526,28662,0.0347654,0.09,1,215607,215081,526
1521761,46.2441,99.6138,456,28736,0.0149531,0.09,1,215640,215184,456
1524681,33.2488,45.5228,454,28810,0.0269906,0.09,1,215670,215216,454
1527601,33.8498,33.9046,457,28883,0.0293981,0.09,1,215704,215247,457
1530521,57.97,32.3809,489,28956,0.0138796,0.13,1,215768,215279,489
1533441,13.194,56.0762,429,29029,0.0107759,0.13,1,215770,215341,429
1536361,31.4388,12.8152,463,29102,0.0581552,0.15,1,215806,215343,463
1539281,28.6878,30.563,456,29175,0.067631,0.15,1,215834,215378,456
1542201,83.3375,28.5126,525,29248,0.0535262,0.13,1,215931,215406,525
1545121,95.0675,84.1025,525,29320,0.0107052,0.01,1,216029,215504,525
1548041,44.6135,99.2205,454,29392,0.042141,0.01,1,216061,215607,454
1550961,33.7227,46.2441,452,29464,0.0644282,0.03,1,216092,215640,452
1553881,33.9445,33.2488,456,29536,0.100886,0.03,1,216126,215670,456
1556801,58.7889,33.8498,487,29608,0.0921771,0.01,1,216191,215704,487
1559721,13.3578,57.97,425,29679,0.0904354,0.01,1,216193,215768,425
1562641,32.2716,13.194,460,29750,0.0740871,0.07,1,216230,215770,460
1565561,28.8543,31.4388,452,29821,0.0708174,0.07,1,216258,215806,452
1568481,7.37086,28.6878,426,29892,0.0701635,0.05,1,216260,215834,426
1571401,77.4742,83.3375,424,29963,0.102033,0,1,216355,215931,424
1574321,93.0948,95.0675,423,30034,0.0284065,0.05,1,216452,216029,423
1577241,45.819,44.6135,425,30104,0.0616813,0.07,1,216486,216061,425
1580161,34.7638,33.7227,426,30174,0.116336,0.11,1,216518,216092,426
1583081,34.9528,33.9445,427,30244,0.175267,0.09,1,216553,216126,427
1586001,56.5906,58.7889,424,30314,0.155053,0.09,1,216615,216191,424
1588921,12.9181,13.3578,424,30384,0.151011,0.07,1,216617,216193,424
1591841,32.9836,32.2716,425,30454,0.214202,0.07,1,216655,216230,425
1594761,28.9967,28.8543,425,30523,0.24284,0.07,1,216683,216258,425
1597681,7.39934,7.37086,425,30592,0.248568,0.11,1,216685,216260,425
1600601,78.2799,77.4742,426,30661,0.265714,0.01,1,216781,216355,426
1603521,90.056,93.0948,422,30730,0.365143,0.07,1,216874,216452,422
1606441,48.4112,45.819,426,30799,0.385029,0.13,1,216912,216486,426
1609361,36.8822,34.7638,428,30868,0.421006,0.19,1,216946,216518,428
1612281,36.1764,34.9528,429,30937,0.444201,0.15,1,216982,216553,429
1615201,56.8353,56.5906,429,31005,0.48084,0.15,1,217044,216615,429
1618121,12.9671,12.9181,429,31073,0.488168,0.23,1,217046,216617,429
1621041,34.5934,32.9836,431,31141,0.489634,0.25,1,217086,216655,431
1623961,30.1187,28.9967,432,31209,0.537927,0.25,1,217115,216683,432
1626881,7.62374,7.39934,432,31277,0.547585,0.25,1,217117,216685,432
1629801,79.9247,1.47987,530,31345,0.565517,0.27,1,217215,216685,530
1632721,93.5849,77.096,531,31413,0.649103,0.39,1,217312,216781,531
1635641,51.517,89.8192,479,31480,0.649821,0.39,1,217353,216874,479
1638561,38.3034,48.3638,476,31547,0.649964,0.43,1,217388,216912,476
1641481,37.2607,36.8728,479,31614,0.649993,0.45,1,217425,216946,479
1644401,58.6521,36.1746,507,31681,0.617999,0.49,1,217489,216982,507
1647321,13.3304,56.8349,447,31748,0.6116,0.49,1,217491,217044,447
1650241,34.6661,12.967,485,31815,0.61032,0.49,1,217531,217046,485
1653161,32.5332,34.5934,477,31881,0.578064,0.55,1,217563,217086,477
1656081,8.10664,30.1187,450,31947,0.587613,0.55,1,217565,217115,450
1659001,80.8213,7.62374,547,32013,0.573523,0.57,1,217664,217117,547
1661921,97.7643,79.9247,551,32079,0.586704,0.67,1,217766,217215,551
1664841,51.5529,93.5849,494,32145,0.621341,0.65,1,217806,217312,494
1667761,39.1106,51.517,489,32211,0.596268,0.65,1,217842,217353,489
1670681,36.6221,38.3034,490,32277,0.623254,0.65,1,217878,217388,490
1673601,56.9244,37.2607,515,32343,0.676651,0.61,1,217940,217425,515
1676521,12.9849,58.6521,453,32408,0.68733,0.61,1,217942,217489,453
1679441,34.597,13.3304,491,32473,0.705466,0.61,1,217982,217491,491
1682361,31.7194,34.6661,482,32538,0.693093,0.57,1,218013,217531,482
1685281,7.94388,32.5332,452,32603,0.690619,0.59,1,218015,217563,452
1688201,79.9888,8.10664,548,32668,0.722124,0.57,1,218113,217565,548
1691121,98.3978,80.8213,552,32733,0.696425,0.59,1,218216,217664,552
1694041,21.2796,97.7643,452,32798,0.691285,0.63,1,218218,217766,452
1696961,37.0559,51.5529,453,32862,0.738257,0.59,1,218259,217806,453
1699881,35.4112,39.1106,452,32926,0.731651,0.63,1,218294,217842,452
1702801,36.6822,36.6221,453,32990,0.77833,0.69,2,218331,217878,453
1705721,60.1364,56.9244,457,33054,0.851666,0.69,2,218397,217940,457
1708641,13.6273,12.9849,457,33118,0.866333,0.71,2,218399,217942,457
1711561,34.7255,34.597,457,33182,0.901267,0.69,2,218439,217982,457
1714481,30.9451,31.7194,456,33246,0.908253,0.69,2,218469,218013,456
1717401,7.78902,7.94388,456,33310,0.909651,0.73,2,218471,218015,456
1831281,30,31,506,35702,0.89,1,2,220199,219693,506
1834201,31.6,38.2,498,35761,0.906,1,2,220231,219733,498
1837121,54.32,61.24,491,35820,0.9092,1,2,220291,219800,491
1840041,33.264,30.648,496,35879,0.89384,1,2,220319,219823,496
1842961,22.6528,29.3296,487,35938,0.874768,0.96,2,220339,219852,487
1845881,32.5306,34.6659,486,35997,0.934954,0.91,2,220374,219888,486
1848801,19.3061,27.7332,476,36056,0.898991,1,2,220390,219914,476
1942241,37,30,515,37886,0.81,1,2,221701,221186,515
1945161,34.6,39.6,507,37942,0.762,1,2,221735,221228,507
1948081,34.12,29.52,514,37998,0.7204,1,1,221769,221255,514
1951001,26.024,28.304,510,38054,0.64808,1,1,221793,221283,510
1953921,33.2048,29.6608,515,38110,0.601616,1,1,221828,221313,515
1956841,49.841,25.9322,544,38165,0.464323,0.93,1,221882,221338,544
1959761,91.5682,49.9864,590,38220,0.340865,1,1,221984,221394,590
1962681,39.9136,97.1973,508,38275,0.284173,0.93,1,222011,221503,508
1965601,30.3827,44.2395,505,38330,0.272835,1,1,222039,221534,505
1968521,30.8765,32.8479,506,38385,0.254567,1,1,222070,221564,506
1971441,32.5753,33.7696,505,38440,0.170913,0.86,1,222103,221598,505
1974361,25.7151,37.9539,490,38495,0.186183,0.91,1,222127,221637,490
1977281,33.143,29.1908,498,38550,0.125237,0.81,1,222162,221664,498
1980201,30.6286,35.4382,491,38605,0.129047,0.75,1,222192,221701,491
1983121,7.72572,34.2876,459,38660,0.161809,0.71,1,222194,221735,459
1986041,26.3451,34.0575,456,38715,0.120362,0.63,1,222225,221769,456
1988961,18.869,26.0115,449,38770,0.128072,0.59,1,222242,221793,449
1991881,28.5738,33.2023,445,38824,0.113614,0.43,1,222273,221828,445
1994801,45.7148,49.8405,441,38878,0.0947229,0.31,1,222323,221882,441
1997721,86.743,91.5681,436,38932,0.218945,0.27,1,222420,221984,436
2000641,34.9486,39.9136,431,38986,0.211789,0.27,1,222442,222011,431
2003561,30.9897,30.3827,433,39040,0.226358,0.25,1,222472,222039,433
2006481,29.3979,30.8765,431,39094,0.245272,0.15,1,222501,222070,431
2009401,31.4796,32.5753,430,39148,0.297054,0.19,1,222533,222103,430
2012321,25.4959,25.7151,430,39202,0.307411,0.11,1,222557,222127,430
2015241,30.6992,33.143,427,39256,0.309482,0.13,1,222589,222162,427
2018161,31.7398,30.6286,429,39310,0.325896,0.17,1,222621,222192,429
2021081,7.94797,7.72572,429,39364,0.329179,0.11,1,222623,222194,429
2024001,24.7896,26.3451,427,39418,0.361836,0.13,1,222652,222225,427
2026921,17.7579,18.869,426,39472,0.352367,0.11,1,222668,222242,426
2029841,29.1516,28.5738,427,39526,0.398473,0.09,1,222700,222273,427
2032761,45.0303,45.7148,426,39579,0.407695,0.25,1,222749,222323,426
2035681,91.4061,86.743,432,39632,0.489539,0.21,1,222852,222420,432
2038601,34.2812,34.9486,430,39685,0.537908,0.23,1,222872,222442,430
2041521,33.2562,30.9897,433,39738,0.579582,0.25,1,222905,222472,433
2044441,30.6512,29.3979,434,39791,0.603916,0.31,1,222935,222501,434
2047361,34.1302,31.4796,437,39844,0.592783,0.31,1,222970,222533,437
2050281,24.426,25.4959,435,39897,0.606557,0.31,1,222992,222557,435
2053201,32.8852,30.6992,438,39950,0.641311,0.33,1,223027,222589,438
2056121,30.577,31.7398,436,40003,0.680262,0.33,1,223057,222621,436
2059041,7.71541,7.94797,436,40056,0.656052,0.37,1,223059,222623,436
2061961,26.3431,24.7896,438,40109,0.635211,0.37,1,223090,222652,438
2064881,18.0686,4.95792,454,40162,0.631042,0.35,1,223106,222652,454
2067801,30.0137,13.7916,471,40215,0.630208,0.41,1,223139,222668,471
2070721,46.0027,28.3583,489,40268,0.630042,0.41,1,223189,222700,489
2073641,96.4006,44.8717,549,40320,0.678008,0.51,1,223298,222749,549
2076561,36.0801,91.3743,467,40372,0.671602,0.55,1,223319,222852,467
2079481,34.416,34.2749,481,40424,0.67032,0.59,1,223353,222872,481
2082401,31.6832,33.255,479,40476,0.686064,0.61,1,223384,222905,479
2085321,35.9366,30.651,486,40528,0.705213,0.59,1,223421,222935,486
2088241,25.5873,34.1302,474,40580,0.677043,0.61,1,223444,222970,474
2091161,33.9175,24.426,488,40632,0.671409,0.65,1,223480,222992,488
2094081,30.7835,32.8852,483,40684,0.670282,0.69,1,223510,223027,483
2097001,7.7567,30.577,455,40736,0.670056,0.65,1,223512,223057,455
2099921,25.5513,7.71541,483,40788,0.670011,0.63,1,223542,223059,483
2102841,17.9103,26.3431,468,40840,0.670002,0.63,1,223558,223090,468
2105761,29.9821,18.0686,485,40892,0.702,0.63,1,223591,223106,485
2108681,47.5964,30.0137,504,40944,0.7404,0.63,1,223643,223139,504
2111601,97.5193,46.0027,564,40996,0.81208,0.69,2,223753,223189,564
2114521,35.5039,96.4006,475,41047,0.842416,0.67,2,223773,223298,475
2117441,35.1008,36.0801,489,41098,0.848483,0.67,2,223808,223319,489
2120361,31.8202,34.416,486,41149,0.865697,0.69,2,223839,223353,486
2123281,35.164,31.6832,491,41200,0.869139,0.71,2,223875,223384,491
2126201,25.4328,35.9366,477,41251,0.853828,0.67,2,223898,223421,477
2129121,33.8866,25.5873,490,41302,0.866765,0.67,2,223934,223444,490
2132041,30.7773,33.9175,484,41353,0.885353,0.67,2,223964,223480,484
2134961,7.75546,30.7835,456,41404,0.889071,0.67,2,223966,223510,456
2137881,25.5511,7.7567,484,41455,0.905814,0.67,2,223996,223512,484
2140801,17.9102,25.5513,470,41506,0.909163,0.67,2,224012,223542,470
2143721,5.18204,17.9103,456,41557,0.909833,0.71,2,224014,223558,456
2146641,28.2364,29.9821,457,41608,0.893966,0.75,2,224048,223591,457
2149561,48.8473,47.5964,459,41659,0.922793,0.83,2,224102,223643,459
2152481,100.969,97.5193,463,41710,0.912559,0.85,2,224216,223753,463
2155401,36.9939,35.5039,464,41761,0.926512,0.85,2,224237,223773,464
2158321,36.1988,35.1008,465,41812,0.929302,0.87,2,224273,223808,465
2320381,73,93,489,19925,0.29,0.63,1,226265,225776,489
2323301,77,69.8,503,20031,0.338,0.57,1,226343,225840,503
2326221,59.4,84.36,470,20137,0.3796,0.43,1,226398,225928,470
2329141,39.88,49.672,464,20242,0.41992,0.29,1,226433,225969,464
2332061,33.576,45.1344,452,20347,0.427984,0.39,1,226465,226013,452
2334981,134.715,80.2269,523,20451,0.493597,0.25,1,226625,226102,523
2337901,88.543,88.0454,510,20555,0.586719,0.29,1,226702,226192,510
2340821,81.7086,76.0091,517,20658,0.637344,0.35,1,226782,226265,517
2343741,61.1417,77.6018,495,20761,0.711469,0.39,1,226838,226343,495
2346661,41.8283,59.5204,477,20863,0.742294,0.43,1,226875,226398,477
2349581,33.9657,39.9041,474,20965,0.748459,0.43,1,226907,226433,474
2352501,8.39313,33.5808,444,21066,0.765692,0.51,2,226909,226465,444
2355421,132.079,134.716,447,21167,0.817138,0.61,2,227072,226625,447
2358341,92.8157,88.5432,453,21267,0.843428,0.65,2,227155,226702,453
2361261,84.9631,81.7086,456,21367,0.848686,0.73,2,227238,226782,456
2364181,63.3926,61.1417,458,21466,0.801737,0.75,2,227296,226838,458
2367101,43.0785,41.8283,459,21565,0.840347,0.75,2,227334,226875,459
2370021,35.8157,33.9657,461,21663,0.832069,0.77,2,227368,226907,461
2372941,8.76314,8.39313,461,21761,0.830414,0.83,2,227370,226909,461
2375861,132.153,132.079,461,21858,0.830083,0.85,2,227533,227072,461
2466381,29,24,485,24687,0.27,1,1,229533,229048,485
2469301,75.4,71.2,489,24773,0.062,1,1,229620,229131,489
2472221,48.68,48.64,488,24859,0.0124,1,1,229662,229174,488
2475141,41.736,48.928,479,24944,0.01048,1,1,229702,229223,479
2478061,40.3472,38.5856,483,25029,0.026096,1,1,229742,229259,483
2480981,27.2694,31.7171,477,25114,0.0292192,0.63,1,229766,229289,477
2483901,92.6539,117.543,447,25198,0.0138438,0.41,1,229875,229428,447
2486821,71.3308,84.3087,437,25282,0.0587688,0.27,1,229941,229504,437
2489741,35.0662,40.0617,434,25366,0.0677538,0.01,1,229967,229533,434
2492661,71.0132,77.6123,427,25450,0.0215508,0.01,1,230047,229620,427
2495581,43.8026,15.5225,464,25533,0.00431015,0,1,230084,229620,464
2498501,39.9605,36.7045,461,25616,0.040862,0.01,1,230123,229662,461
2501421,43.1921,39.3409,465,25699,0.0481724,0.03,1,230167,229702,465
2504341,28.6384,39.8682,450,25781,0.0496345,0.03,1,230192,229742,450
2507261,88.9277,27.1736,530,25863,0.0499269,0.01,1,230296,229766,530
2510181,72.1855,92.6347,489,25945,0.113985,0.07,1,230364,229875,489
2513101,33.6371,71.3269,447,26027,0.126797,0.07,1,230388,229941,447
2516021,70.7274,35.0654,501,26108,0.113359,0.01,1,230468,229967,501
2518941,43.7455,71.0131,458,26189,0.0226719,0,1,230505,230047,458
2521861,41.5491,43.8026,462,26270,0.0605344,0.05,1,230546,230084,462
2524781,44.3098,39.9605,468,26351,0.0361069,0.05,1,230591,230123,468
2527701,28.862,43.1921,449,26431,0.0472214,0.05,1,230616,230167,449
2530621,86.5724,28.6384,525,26511,0.0654443,0.05,1,230717,230192,525
2533541,74.9145,88.9277,493,26591,0.117089,0.13,1,230789,230296,493
2536461,34.1829,72.1855,449,26671,0.127418,0.13,1,230813,230364,449
2539381,68.4366,33.6371,502,26750,0.113484,0.11,1,230890,230388,502
2542301,44.0873,70.7274,460,26829,0.0786967,0,1,230928,230468,460
2545221,42.4175,43.7455,465,26908,0.119739,0.07,1,230970,230505,465
2548141,10.0835,41.5491,426,26987,0.127948,0.03,1,230972,230546,426
2551061,37.2167,44.3098,425,27065,0.0655896,0.05,1,231016,230591,425
2553981,26.6433,28.862,424,27143,0.0531179,0.07,1,231040,230616,424
2556901,84.5287,86.5724,422,27221,0.0666236,0.13,1,231139,230717,422
2559821,79.3057,74.9145,428,27299,0.0213247,0.13,1,231217,230789,428
2562741,35.0611,34.1829,428,27377,0.0122649,0.11,1,231241,230813,428
2565661,67.8122,68.4366,427,27454,0.042453,0.07,1,231317,230890,427
2568581,42.3624,44.0873,425,27531,0.0484906,0.13,1,231353,230928,425
2571501,44.4725,42.4175,428,27608,0.0976981,0.13,1,231398,230970,428
2574421,10.4945,10.0835,428,27685,0.0755396,0.05,1,231400,230972,428
2577341,34.0989,37.2167,424,27761,0.103108,0.05,1,231440,231016,424
2580261,26.8198,26.6433,425,27837,0.140622,0.07,1,231465,231040,425
2583181,82.964,84.5287,423,27913,0.164124,0.01,1,231562,231139,423
2586101,78.1928,79.3057,422,27989,0.184825,0.01,1,231639,231217,422
2589021,34.8386,35.0611,422,28065,0.204965,0.05,1,231663,231241,422
2591941,67.7677,67.8122,422,28140,0.256993,0.05,1,231739,231317,422
2594861,43.1535,42.3624,423,28215,0.251399,0.11,1,231776,231353,423
2597781,46.2307,44.4725,425,28290,0.23428,0.07,1,231823,231398,425
2600701,10.8461,10.4945,425,28365,0.262856,0.07,1,231825,231400,425
2603621,34.9692,2.0989,466,28440,0.236571,0.11,1,231866,231400,466
2606541,28.5938,32.4198,453,28514,0.215314,0.15,1,231893,231440,453
2609461,84.1188,26.484,526,28588,0.243063,0.17,1,231991,231465,526
2612381,77.6238,82.8968,505,28662,0.248613,0.19,1,232067,231562,505
2615301,35.5247,78.1794,453,28736,0.265723,0.21,1,232092,231639,453
2618221,70.305,34.8359,508,28810,0.381144,0.27,1,232171,231663,508
2621141,42.861,67.7672,468,28883,0.404229,0.25,1,232207,231739,468
2624061,47.7722,43.1534,480,28956,0.408846,0.23,1,232256,231776,480
2626981,11.1544,46.2307,435,29029,0.441769,0.27,1,232258,231823,435
2629901,34.2309,10.8461,473,29102,0.432354,0.23,1,232298,231825,473
2632821,28.4462,34.9692,459,29175,0.430471,0.21,1,232325,231866,459
2635741,84.8892,28.5938,531,29248,0.478094,0.25,1,232424,231893,531
2638661,77.7778,84.1188,509,29320,0.519619,0.25,1,232500,231991,509
2641581,37.1556,77.6238,460,29392,0.543924,0.27,1,232527,232067,460
2644501,75.4311,35.5247,520,29464,0.628785,0.41,1,232612,232092,520
2647421,43.8862,70.305,477,29536,0.677757,0.41,1,232648,232171,477
2650341,47.9772,42.861,490,29608,0.671551,0.41,1,232697,232207,490
2653261,11.1954,47.7722,443,29679,0.67031,0.45,1,232699,232256,443
2656181,35.0391,11.1544,482,29750,0.654062,0.43,1,232740,232258,482
2659101,28.6078,34.2309,469,29821,0.682812,0.43,1,232767,232298,469
2662021,7.32156,28.4462,444,29892,0.688562,0.49,1,232769,232325,444
2664941,82.2643,84.8892,446,29963,0.721712,0.53,1,232870,232424,446
2667861,78.8529,77.7778,448,30034,0.760342,0.55,2,232948,232500,448
2670781,38.1706,37.1556,449,30104,0.800068,0.65,2,232976,232527,449
2673701,81.2341,75.4311,456,30174,0.792014,0.69,2,233068,232612,456
2676621,45.0468,43.8862,456,30244,0.806403,0.67,2,233104,232648,456
2679541,47.4094,47.9772,455,30314,0.825281,0.67,2,233152,232697,455
2682461,11.0819,11.1954,455,30384,0.797056,0.65,2,233154,232699,455
2685381,35.0164,35.0391,455,30454,0.807411,0.69,2,233195,232740,455
2688301,29.4033,28.6078,456,30523,0.841482,0.69,2,233223,232767,456
2691221,7.48065,7.32156,456,30592,0.816296,0.73,2,233225,232769,456
2694141,83.8961,82.2643,458,30661,0.875259,0.77,2,233328,232870,458
2822621,28,29,506,33562,0.61,1,1,235368,234862,506
2825541,56.8,77.8,480,33625,0.626,1,1,235432,234952,480
2828461,42.56,45.16,482,33688,0.5172,1,1,235471,234989,482
2831381,47.712,40.232,492,33751,0.39944,1,1,235520,235028,492
2834301,35.9424,34.4464,492,33814,0.327888,1,1,235553,235061,492
2837221,20.7885,28.4893,482,33877,0.345578,1,1,235570,235088,482
2840141,25.7577,28.8979,480,33939,0.333115,1,1,235597,235117,480
2843061,27.5515,28.1796,480,34001,0.266623,0.98,1,235625,235145,480
2845981,48.7103,59.2359,467,34063,0.237325,0.71,1,235679,235212,467
2848901,75.3421,88.6472,453,34125,0.167465,0.71,1,235761,235308,453
2851821,39.8684,43.3294,452,34187,0.153493,0.61,1,235792,235340,452
2854741,29.5737,31.0659,451,34249,0.182699,0.61,1,235819,235368,451
2857661,53.9147,6.21318,511,34311,0.10854,0.63,1,235879,235368,511
2860581,39.5829,52.4426,483,34373,0.0937079,0.49,1,235915,235432,483
2863501,44.7166,41.6885,490,34435,0.106742,0.37,1,235961,235471,490
2866421,33.7433,47.5377,472,34496,0.109348,0.31,1,235992,235520,472
2869341,15.5487,35.9075,450,34557,0.12587,0.35,1,236003,235553,450
2872261,25.5097,20.7815,461,34618,0.161174,0.33,1,236031,235570,461
2875181,25.9019,25.7563,460,34679,0.152235,0.25,1,236057,235597,460
2878101,48.3804,27.5513,486,34740,0.182447,0.23,1,236111,235625,486
2881021,72.8761,48.7103,511,34801,0.220489,0.15,1,236190,235679,511
2883941,40.1752,75.342,461,34862,0.196098,0.15,1,236222,235761,461
2886861,28.035,39.8684,455,34923,0.19122,0.19,1,236247,235792,455
2889781,52.807,29.5737,487,34984,0.190244,0.09,1,236306,235819,487
2892701,39.3614,53.9147,463,35044,0.222049,0.09,1,236342,235879,463
2895621,44.6723,39.5829,473,35104,0.29241,0.11,1,236388,235915,473
2898541,32.9345,44.7166,457,35164,0.322482,0.11,1,236418,235961,457
2901461,16.9869,33.7433,439,35224,0.344496,0.13,1,236431,235992,439
2904381,24.9974,15.5487,455,35284,0.364899,0.17,1,236458,236003,455
2907301,28.1995,25.5097,456,35344,0.35298,0.15,1,236487,236031,456
2910221,48.8399,25.9019,484,35404,0.366596,0.19,1,236541,236057,484
2913141,72.968,48.3804,509,35464,0.369319,0.23,1,236620,236111,509
2916061,40.1936,72.8761,462,35524,0.369864,0.19,1,236652,236190,462
2918981,28.0387,40.1752,455,35584,0.401973,0.19,1,236677,236222,455
2921901,52.8077,28.035,489,35643,0.440395,0.19,1,236736,236247,489
2924821,12.1615,52.807,432,35702,0.448079,0.23,1,236738,236306,432
2927741,32.0323,39.3614,433,35761,0.497616,0.31,1,236775,236342,433
2930661,46.4065,44.6723,437,35820,0.507523,0.33,1,236825,236388,437
2933581,34.0813,32.9345,438,35879,0.493505,0.35,1,236856,236418,438
2936501,18.0163,16.9869,439,35938,0.522701,0.37,1,236870,236431,439
2939421,26.0033,24.9974,440,35997,0.51254,0.35,1,236898,236458,440
2942341,27.6006,28.1995,439,36056,0.590508,0.37,1,236926,236487,439
2945261,49.5201,48.8399,440,36115,0.574102,0.37,1,236981,236541,440
2948181,73.104,72.968,440,36174,0.58682,0.37,1,237060,236620,440
2951101,41.0208,40.1936,441,36232,0.605364,0.41,1,237093,236652,441
2954021,29.8042,28.0387,443,36290,0.641073,0.45,1,237120,236677,443
2956941,53.9608,52.8077,444,36348,0.696214,0.45,1,237180,236736,444
2959861,12.3922,12.1615,444,36406,0.707243,0.51,1,237182,236738,444
2962781,32.8784,32.0323,445,36464,0.709449,0.51,1,237220,236775,445
2965701,48.1757,46.4065,447,36522,0.77389,0.49,2,237272,236825,447
2968621,33.6351,34.0813,446,36580,0.786778,0.53,2,237302,236856,446
2971541,17.927,18.0163,446,36638,0.821356,0.51,2,237316,236870,446
2974461,27.5854,26.0033,448,36696,0.796271,0.61,2,237346,236898,448
2977381,29.5171,27.6006,450,36754,0.759254,0.57,2,237376,236926,450
2980301,49.9034,49.5201,450,36811,0.783851,0.59,2,237431,236981,450
2983221,73.9807,73.104,451,36868,0.80477,0.61,2,237511,237060,451
2986141,41.9961,41.0208,452,36925,0.856954,0.65,2,237545,237093,452
2989061,31.5992,29.8042,454,36982,0.851391,0.71,2,237574,237120,454
2991981,55.1198,53.9608,455,37039,0.850278,0.71,2,237635,237180,455
2994901,12.624,12.3922,455,37096,0.850056,0.71,2,237637,237182,455
2997821,34.5248,32.8784,457,37153,0.834011,0.71,2,237677,237220,457
3000741,50.905,6.57569,512,37210,0.846802,0.79,2,237732,237220,512
3003661,34.181,42.9151,490,37267,0.84936,0.79,2,237762,237272,490
3006581,18.0362,32.583,474,37324,0.849872,0.83,2,237776,237302,474
3009501,27.6072,17.7166,490,37381,0.849974,0.79,2,237806,237316,490
3012421,28.7214,27.5433,489,37438,0.849995,0.75,2,237835,237346,489
3015341,50.5443,29.5087,515,37494,0.897999,0.79,2,237891,237376,515
3158421,33,0,538,40162,0.91,1,2,239764,239226,538
3200761,419.4,476,459,17520,0.222,0.41,1,240280,239821,459
3203681,170.28,176.8,465,18366,0.1004,0.09,1,240388,239923,465
3206601,98.856,112.96,449,18482,0.14008,0.05,1,240469,240020,449
3209521,95.7712,58.592,499,18597,0.052016,0.03,1,240564,240065,499
3212441,62.3542,97.3184,446,18711,0.0344032,0,1,240618,240172,446
3215361,50.8708,61.8637,441,18824,0.0308806,0.05,1,240666,240225,441
3218281,42.1742,40.3727,446,18937,0.0621761,0.07,1,240706,240260,446
3221201,94.0348,110.475,425,19049,0.180435,0.15,1,240813,240388,425
3224121,86.807,86.8949,429,19160,0.204087,0.03,1,240898,240469,429
3227041,87.7614,93.379,422,19271,0.0808174,0.03,1,240986,240564,422
3229961,60.7523,61.8758,422,19381,0.0881635,0.03,1,241040,240618,422
3232881,51.3505,50.7752,423,19490,0.0256327,0.07,1,241089,240666,423
3235801,45.4701,42.155,427,19599,0.0611265,0.07,1,241133,240706,427
3238721,96.294,8.43101,536,19707,0.132225,0.21,1,241242,240706,536
3241641,88.8588,87.2862,516,19815,0.146445,0.21,1,241329,240813,516
3244561,80.1718,85.4572,509,19922,0.149289,0.05,1,241407,240898,509
3247481,59.2344,87.4914,475,20028,0.165858,0.09,1,241461,240986,475
3250401,51.0469,60.6983,470,20134,0.121172,0.01,1,241510,241040,470
3253321,46.2094,51.3397,466,20239,0.0482343,0.07,1,241555,241089,466
3256241,101.242,45.4679,537,20344,0.0976469,0.15,1,241670,241133,537
3259161,89.8484,96.2936,515,20448,0.171529,0.15,1,241757,241242,515
3262081,80.3697,88.8587,506,20552,0.234306,0.15,1,241835,241329,506
3265001,60.0739,80.1717,483,20655,0.262861,0.17,1,241890,241407,483
3267921,47.2148,59.2343,473,20758,0.284572,0.11,1,241934,241461,473
3270841,44.643,51.0469,468,20860,0.256914,0.03,1,241978,241510,468
3273761,104.129,46.2094,542,20962,0.267383,0.11,1,242097,241555,542
3276681,22.4257,101.242,429,21063,0.237477,0.19,1,242099,241670,429
3279601,75.6851,89.8484,431,21164,0.279495,0.25,1,242188,241757,431
3282521,79.937,80.3697,434,21264,0.351899,0.27,1,242269,241835,434
3285441,60.7874,60.0739,435,21364,0.31838,0.29,1,242325,241890,435
3288361,48.1575,47.2148,436,21463,0.375676,0.25,1,242370,241934,436
3291281,43.2315,44.643,434,21562,0.355135,0.27,1,242412,241978,434
3294201,103.846,104.129,434,21660,0.383027,0.23,1,242531,242097,434
3297121,22.3693,22.4257,434,21758,0.388605,0.29,1,242533,242099,434
3300041,75.6739,75.6851,434,21855,0.453721,0.37,1,242622,242188,434
3302961,83.1348,79.937,438,21952,0.562744,0.31,1,242707,242269,438
3305881,60.627,60.7874,437,22049,0.568549,0.39,1,242762,242325,437
3308801,49.7254,48.1575,439,22145,0.61771,0.35,1,242809,242370,439
3311721,43.5451,43.2315,439,22241,0.675542,0.39,1,242851,242412,439
3314641,105.509,103.846,441,22336,0.735108,0.39,1,242972,242531,441
3317561,22.7018,22.3693,441,22431,0.715022,0.47,1,242974,242533,441
3320481,79.7404,75.6739,446,22526,0.759004,0.47,2,243068,242622,446
3323401,87.1481,15.1348,535,22620,0.719801,0.59,1,243157,242622,535
3326321,60.6296,71.027,504,22714,0.72796,0.57,1,243211,242707,504
3329241,52.9259,58.2054,500,22807,0.729592,0.63,1,243262,242762,500
3332161,44.1852,49.2411,495,22900,0.777918,0.69,2,243304,242809,495
3335081,108.037,43.4482,577,22993,0.819584,0.75,2,243428,242851,577
3338001,23.2074,105.49,458,23085,0.827917,0.71,2,243430,242972,458
3340921,82.2415,22.6979,553,23177,0.845583,0.77,2,243527,242974,553
3343841,85.2483,79.7396,545,23268,0.897117,0.71,2,243613,243068,545
3437281,66,86,535,26024,0.37,1,1,245569,245034,535
3440201,39.6,65.2,508,26105,0.29,1,1,245602,245094,508
3443121,27.12,37.04,502,26186,0.21,1,1,245626,245124,502
3446041,34.224,28.208,512,26267,0.13,1,1,245662,245150,512
3448961,102.045,36.0416,593,26348,0.13,1,1,245781,245188,593
3451881,42.009,103.208,500,26428,0.098,1,1,245808,245308,500
3454801,70.8018,41.4417,552,26508,0.0916,0.95,1,245886,245334,552
3457721,66.1604,76.2883,532,26588,0.02632,0.57,1,245951,245419,532
3460641,54.8321,82.4577,500,26668,0.061264,0.37,1,246003,245503,500
3463561,35.7664,69.2915,465,26747,0.0202528,0.27,1,246034,245569,465
3466481,24.7533,40.2583,454,26826,0.0440506,0.19,1,246056,245602,454
3469401,28.9507,27.2517,460,26905,0.0328101,0.11,1,246086,245626,460
3472321,7.39013,34.2503,426,26984,0.014562,0.13,1,246088,245662,426
3475241,98.278,102.05,428,27062,0.0429124,0.09,1,246209,245781,428
3478161,40.4556,42.01,427,27140,0.0645825,0.09,1,246235,245808,427
3481081,68.8911,70.802,425,27218,0.0369165,0.01,1,246311,245886,425
3484001,64.1782,66.1604,423,27296,0.0473833,0.07,1,246374,245951,423
3486921,54.4356,54.8321,423,27374,0.0814767,0.01,1,246426,246003,423
3489841,34.8871,35.7664,422,27451,0.0562953,0.05,1,246456,246034,422
3492761,25.3774,24.7533,423,27528,0.0512591,0.03,1,246479,246056,423
3495681,29.0755,28.9507,423,27605,0.0822518,0.01,1,246509,246086,423
3498601,7.4151,7.39013,423,27682,0.0884504,0.05,1,246511,246088,423
3501521,99.083,98.278,424,27759,0.0256901,0.07,1,246633,246209,424
3504441,41.4166,40.4556,425,27835,0.045138,0.03,1,246660,246235,425
3507361,67.4833,68.8911,423,27911,0.0810276,0.05,1,246734,246311,423
3510281,63.0967,64.1782,422,27987,0.0882055,0.09,1,246796,246374,422
3513201,55.8193,54.4356,424,28063,0.105641,0.05,1,246850,246426,424
3516121,33.5639,34.8871,422,28138,0.109128,0.05,1,246878,246456,422
3519041,26.7128,25.3774,424,28213,0.0618256,0.09,1,246903,246479,424
3521961,30.1426,29.0755,425,28288,0.0363651,0.09,1,246934,246509,425
3524881,7.62851,7.4151,425,28363,0.031273,0.09,1,246936,246511,425
3527801,96.7257,1.48302,544,28438,0.0782546,0.01,1,247055,246511,544
3530721,42.5451,97.8966,451,28512,0.0876509,0.05,1,247084,246633,451
3533641,68.509,41.1793,499,28586,0.0895302,0.09,1,247159,246660,499
3536561,63.3018,67.4359,487,28660,0.105906,0.09,1,247221,246734,487
3539481,55.0604,63.0872,478,28734,0.0931812,0.11,1,247274,246796,478
3542401,31.8121,55.8174,450,28808,0.106636,0.11,1,247300,246850,450
3545321,25.5624,33.5635,446,28881,0.109327,0.05,1,247324,246878,446
3548241,30.7125,26.7127,453,28954,0.125865,0.03,1,247356,246903,453
3551161,7.7425,30.1425,424,29027,0.129173,0.03,1,247358,246934,424
3554081,97.5485,7.62851,542,29100,0.0658346,0.09,1,247478,246936,542
3557001,42.7097,96.7257,452,29173,0.0371669,0.09,1,247507,247055,452
3559921,70.1419,42.5451,500,29246,0.111433,0.09,1,247584,247084,500
3562841,64.4284,68.509,488,29318,0.158287,0.11,1,247647,247159,488
3565761,54.4857,63.3018,478,29390,0.167657,0.09,1,247699,247221,478
3568681,32.4971,55.0604,452,29462,0.169531,0.11,1,247726,247274,452
3571601,25.6994,31.8121,450,29534,0.185906,0.11,1,247750,247300,450
3574521,32.3399,25.5624,460,29606,0.221181,0.13,1,247784,247324,460
3577441,8.06798,30.7125,430,29677,0.196236,0.13,1,247786,247356,430
3580361,93.6136,7.7425,543,29748,0.191247,0.05,1,247901,247358,543
3583281,41.1227,97.5485,451,29819,0.190249,0.03,1,247929,247478,451
3586201,9.82454,42.7097,424,29890,0.19005,0.13,1,247931,247507,424
3589121,67.5649,70.1419,429,29961,0.25401,0.17,1,248013,247584,429
3592041,64.713,64.4284,430,30032,0.250802,0.17,1,248077,247647,430
3594961,54.5426,54.4857,430,30102,0.25016,0.17,1,248129,247699,430
3597881,33.3085,32.4971,431,30172,0.266032,0.19,1,248157,247726,431
3600801,25.8617,25.6994,431,30242,0.301206,0.23,1,248181,247750,431
3603721,32.3723,32.3399,431,30312,0.308241,0.19,1,248215,247784,431
3606641,8.07447,8.06798,431,30382,0.309648,0.19,1,248217,247786,431
3609561,93.6149,93.6136,431,30452,0.32593,0.19,1,248332,247901,431
3612481,41.123,41.1227,431,30521,0.329186,0.19,1,248360,247929,431
3615401,9.82459,9.82454,431,30590,0.361837,0.27,1,248362,247931,431
3618321,69.1649,67.5649,433,30659,0.368367,0.25,1,248446,248013,433
3621241,64.233,64.713,432,30728,0.481673,0.25,1,248509,248077,432
3624161,56.8466,54.5426,435,30797,0.520335,0.27,1,248564,248129,435
3627081,33.7693,33.3085,435,30866,0.544067,0.31,1,248592,248157,435
3630001,25.9539,25.8617,435,30935,0.548813,0.31,1,248616,248181,435
3632921,33.1908,32.3723,436,31003,0.549763,0.31,1,248651,248215,436
3635841,8.23815,8.07447,436,31071,0.549953,0.33,1,248653,248217,436
3638761,95.2476,93.6149,438,31139,0.613991,0.33,1,248770,248332,438
3641681,41.4495,41.123,438,31207,0.626798,0.37,1,248798,248360,438
3644601,9.8899,9.82459,438,31275,0.62936,0.37,1,248800,248362,438
3647521,72.378,69.1649,442,31343,0.645872,0.37,1,248888,248446,442
3650441,66.4756,13.833,507,31411,0.601174,0.51,1,248953,248446,507
3653361,58.8951,53.1666,501,31478,0.688235,0.53,1,249010,248509,501
3656281,34.179,54.6333,474,31545,0.673647,0.55,1,249038,248564,474
3659201,26.0358,33.3267,470,31612,0.670729,0.55,1,249062,248592,470
3662121,34.8072,25.8653,483,31679,0.654146,0.55,1,249099,248616,483
3665041,8.56143,33.1731,450,31746,0.650829,0.55,1,249101,248651,450
3667961,96.9123,8.23461,567,31813,0.698166,0.63,1,249220,248653,567
3670881,41.7825,95.2469,478,31880,0.739633,0.63,1,249248,248770,478
3673801,9.95649,41.4494,452,31946,0.747927,0.63,1,249250,248798,452
3676721,71.5913,9.88988,537,32012,0.765585,0.65,2,249337,248800,537
3679641,67.1183,72.378,515,32078,0.833117,0.59,2,249403,248888,515
3682561,62.2236,66.4756,511,32144,0.862623,0.71,2,249464,248953,511
3685481,34.8447,58.8951,482,32210,0.884525,0.67,2,249492,249010,482
3688401,26.1689,34.179,478,32276,0.888905,0.67,2,249516,249038,478
3691321,34.0338,26.0358,490,32342,0.889781,0.65,2,249552,249062,490
3694241,8.40676,34.8072,455,32407,0.889956,0.65,2,249554,249099,455
3697161,100.081,8.56143,576,32472,0.905991,0.71,2,249677,249101,576
3700081,43.2163,96.9123,486,32537,0.941198,0.75,2,249706,249220,486
3703001,10.2433,41.7825,460,32602,0.94824,0.75,2,249708,249248,460
3819801,31,27,518,35103,0.85,1,2,251454,250936,518
3822721,32.6,27.8,523,35163,0.786,1,2,251487,250964,523
3825641,62.52,23.96,570,35223,0.6132,1,1,251557,250987,570
3828561,50.104,89.592,511,35283,0.59464,1,1,251604,251093,511
3831481,30.0208,40.3184,508,35343,0.542928,1,1,251629,251121,508
3834401,50.8042,29.6637,537,35403,0.500586,1,1,251685,251148,537
3837321,70.1608,64.3327,539,35463,0.444117,1,1,251760,251221,539
3840241,36.4322,70.4665,495,35523,0.368823,1,1,251788,251293,495
3843161,45.6864,31.6933,521,35583,0.385765,0.92,1,251836,251315,521
3846081,27.5373,43.9387,497,35642,0.389153,0.92,1,251859,251362,497
3849001,7.10746,33.5877,468,35701,0.389831,0.87,1,251861,251393,468
3851921,22.2215,30.7175,464,35760,0.389966,0.85,1,251887,251423,464
3854841,26.0443,30.9435,460,35819,0.405993,0.77,1,251914,251454,460
3857761,30.8089,32.5887,459,35878,0.377199,0.57,1,251946,251487,459
3860681,54.9618,62.5177,450,35937,0.40344,0.59,1,252007,251557,450
3863601,47.7924,50.1035,449,35996,0.376688,0.53,1,252053,251604,449
3866521,31.1585,30.0207,451,36055,0.451338,0.49,1,252080,251629,451
3869441,47.8317,50.8041,447,36114,0.466268,0.43,1,252132,251685,447
3872361,63.9663,70.1608,440,36173,0.485254,0.35,1,252200,251760,440
3875281,33.5933,36.4322,438,36231,0.553051,0.39,1,252226,251788,438
3878201,46.7187,45.6864,440,36289,0.58261,0.39,1,252276,251836,440
3881121,28.5437,27.5373,441,36347,0.556522,0.39,1,252300,251859,441
3884041,7.30875,7.10746,441,36405,0.599304,0.39,1,252302,251861,441
3886961,20.6617,22.2215,439,36463,0.591861,0.41,1,252326,251887,439
3889881,26.5323,26.0443,440,36521,0.654372,0.37,1,252354,251914,440
3892801,29.3065,30.8089,438,36579,0.634874,0.41,1,252384,251946,438
3895721,56.2613,54.9618,440,36637,0.726975,0.37,1,252447,252007,440
3898641,50.4523,47.7924,443,36695,0.729395,0.47,1,252496,252053,443
3901561,33.2905,31.1585,445,36753,0.761879,0.47,2,252525,252080,445
3904481,46.6581,47.8317,443,36810,0.784376,0.49,2,252575,252132,443
3907401,66.9316,63.9663,447,36867,0.820875,0.57,2,252647,252200,447
3910321,34.9863,33.5933,448,36924,0.796175,0.59,2,252674,252226,448
3913241,47.7973,46.7187,449,36981,0.807235,0.55,2,252725,252276,449
3916161,30.3595,28.5437,451,37038,0.793447,0.61,2,252751,252300,451
3919081,7.67189,7.30875,451,37095,0.790689,0.59,2,252753,252302,451
3922001,20.7344,20.6617,451,37152,0.790138,0.59,2,252777,252326,451
3924921,27.3469,4.13235,480,37209,0.774028,0.67,2,252806,252326,480
3927841,29.4694,23.2265,482,37266,0.770806,0.63,2,252836,252354,482
3930761,59.4939,28.6453,519,37323,0.786161,0.75,2,252903,252384,519
3933681,51.0988,56.1291,505,37380,0.789232,0.73,2,252952,252447,505
3936601,34.2198,50.4258,486,37437,0.789846,0.77,2,252982,252496,486
3939521,47.6439,33.2852,508,37493,0.805969,0.79,2,253033,252525,508
3942441,68.7288,46.657,532,37549,0.793194,0.83,2,253107,252575,532
3945361,35.3458,66.9314,487,37605,0.806639,0.79,2,253134,252647,487
3948281,47.0692,34.9863,510,37661,0.841328,0.81,2,253184,252674,510
3951201,31.0138,47.7973,486,37717,0.864266,0.79,2,253211,252725,486
3954121,7.80277,30.3595,462,37773,0.868853,0.79,2,253213,252751,462
3957041,20.7606,7.67189,484,37829,0.869771,0.79,2,253237,252753,484
3959961,26.5521,20.7344,488,37885,0.885954,0.77,2,253265,252777,488
3962881,29.3104,27.3469,489,37941,0.921191,0.77,2,253295,252806,489
3965801,60.2621,29.4694,527,37997,0.944238,0.79,2,253363,252836,527
4088441,46,34,534,40267,0.85,1,2,254926,254392,534
4091361,59.6,51.6,541,40319,0.77,1,2,254989,254448,541
4094281,43.12,67.12,509,40371,0.802,1,2,255028,254519,509
4097201,42.224,42.224,515,40423,0.6804,1,1,255070,254555,515
4100121,34.0448,46.8448,499,40475,0.57608,1,1,255102,254603,499
4103041,27.609,28.569,501,40527,0.507216,1,1,255128,254627,501
4105961,22.3218,24.1138,499,40579,0.397443,1,1,255149,254650,499
4108881,22.8644,19.2228,504,40631,0.375489,1,1,255172,254668,504
4111801,34.1729,23.8446,516,40683,0.403098,1,1,255209,254693,516
4114721,28.4346,32.7689,508,40735,0.40862,1,1,255236,254728,508
4117641,46.4869,32.1538,527,40787,0.361724,1,1,255287,254760,527
4120561,31.6974,50.4308,500,40839,0.368345,0.93,1,255315,254815,500
4123481,30.3395,34.8862,499,40891,0.369669,0.77,1,255345,254846,499
4126401,39.6679,34.1772,507,40943,0.353934,0.85,1,255387,254880,507
4129321,55.9336,43.6354,521,40995,0.318787,0.75,1,255447,254926,521
4132241,39.1867,59.1271,493,41046,0.343757,0.81,1,255482,254989,493
4135161,38.2373,43.0254,492,41097,0.316751,0.65,1,255520,255028,492
4138081,30.8475,42.2051,479,41148,0.31135,0.55,1,255549,255070,479
4141001,24.5695,34.041,470,41199,0.27827,0.49,1,255572,255102,470
4143921,20.1139,27.6082,463,41250,0.271654,0.37,1,255591,255128,463
4146841,22.4228,22.3216,465,41301,0.270331,0.37,1,255614,255149,465
4149761,31.6846,22.8643,476,41352,0.238066,0.41,1,255648,255172,476
4152681,28.7369,34.1729,467,41403,0.311613,0.41,1,255676,255209,467
4155601,44.9474,28.4346,489,41454,0.246323,0.35,1,255725,255236,489
4158521,32.1895,46.4869,467,41505,0.281265,0.37,1,255754,255287,467
4161441,8.03789,31.6974,441,41556,0.256253,0.37,1,255756,255315,441
4164361,24.8076,30.3395,440,41607,0.299251,0.35,1,255785,255345,440
4167281,36.9615,39.6679,438,41658,0.24385,0.31,1,255825,255387,438
4170201,55.3923,55.9336,438,41709,0.24877,0.35,1,255885,255447,438
4173121,38.2785,39.1867,437,41760,0.265754,0.31,1,255919,255482,437
4176041,37.2557,38.2373,436,41811,0.253151,0.31,1,255956,255520,436
4178961,32.2511,30.8475,438,41861,0.20263,0.27,1,255987,255549,438
4181881,22.4502,24.5695,435,41911,0.256526,0.27,1,256007,255572,435
4184801,18.09,20.1139,433,41961,0.251305,0.27,1,256024,255591,433
4187721,22.018,22.4228,433,42011,0.234261,0.23,1,256047,255614,433
4190641,34.0036,31.6846,436,42061,0.246852,0.33,1,256084,255648,436
4193561,29.2007,28.7369,436,42111,0.21737,0.23,1,256112,255676,436
4196481,44.2401,44.9474,435,42161,0.211474,0.29,1,256160,255725,435
4199401,31.248,32.1895,434,42211,0.258295,0.25,1,256188,255754,434
4202321,7.84961,8.03789,434,42261,0.267659,0.31,1,256190,255756,434
4205241,27.1699,24.8076,437,42311,0.269532,0.23,1,256222,255785,437
4208161,34.234,36.9615,433,42361,0.317906,0.25,1,256258,255825,433
4211081,54.0468,55.3923,432,42411,0.359581,0.27,1,256317,255885,432
4214001,38.8094,38.2785,433,42461,0.383916,0.25,1,256352,255919,433
4216921,38.1619,37.2557,434,42511,0.436783,0.19,1,256390,255956,434
4219841,30.8324,32.2511,432,42561,0.431357,0.27,1,256419,255987,432
4222761,22.9665,22.4502,433,42611,0.462271,0.25,1,256440,256007,433
4225681,18.9933,18.09,434,42661,0.436454,0.23,1,256458,256024,434
4228601,21.3987,22.018,433,42710,0.431291,0.25,1,256480,256047,433
4231521,33.0797,34.0036,432,42759,0.446258,0.21,1,256516,256084,432
4234441,29.0159,29.2007,432,42808,0.449252,0.21,1,256544,256112,432
4237361,45.0032,44.2401,433,42857,0.49785,0.27,1,256593,256160,433
4240281,33.0006,31.248,435,42906,0.55557,0.27,1,256623,256188,435
4243201,8.20013,7.84961,435,42955,0.599114,0.27,1,256625,256190,435
4246121,28.04,27.1699,436,43004,0.591823,0.27,1,256658,256222,436
4249041,35.208,5.43398,473,43053,0.590365,0.33,1,256695,256222,473
4251961,56.6416,29.8868,499,43102,0.558073,0.37,1,256757,256258,499
4254881,40.1283,53.1774,476,43151,0.567615,0.39,1,256793,256317,476
4257801,38.4257,38.6355,479,43200,0.617523,0.45,1,256831,256352,479
4260721,30.8851,38.1271,470,43249,0.643505,0.43,1,256860,256390,470
4263641,23.777,30.8254,463,43298,0.632701,0.47,1,256882,256419,463
4266561,19.1554,22.9651,460,43347,0.63054,0.43,1,256900,256440,460
4269481,21.4311,18.993,464,43396,0.630108,0.43,1,256922,256458,464
4272401,33.8862,21.3986,479,43445,0.614022,0.45,1,256959,256480,479
4275321,29.1772,33.0797,471,43494,0.610804,0.45,1,256987,256516,471
4278241,46.6354,29.0159,494,43543,0.626161,0.51,1,257038,256544,494
4281161,36.5271,45.0032,479,43591,0.645232,0.57,1,257072,256593,479
4284081,8.90542,33.0006,451,43639,0.649046,0.61,1,257074,256623,451
4287001,28.1811,8.20013,482,43687,0.665809,0.59,1,257107,256625,482
4289921,36.0362,28.04,487,43735,0.653162,0.59,1,257145,256658,487
4292841,55.2072,35.208,510,43783,0.682632,0.55,1,257205,256695,510
4295761,42.2414,56.6416,487,43831,0.704526,0.57,1,257244,256757,487
4298681,39.6483,40.1283,490,43879,0.772905,0.63,2,257283,256793,490
4301601,30.3297,38.4257,480,43927,0.786581,0.65,2,257311,256831,480
4304521,24.4659,30.8851,474,43975,0.773316,0.63,2,257334,256860,474
4307441,19.2932,23.777,470,44023,0.770663,0.63,2,257352,256882,470
4310361,21.4586,19.1554,474,44071,0.770133,0.63,2,257374,256900,474
4313281,33.0917,21.4311,488,44119,0.770027,0.61,2,257410,256922,488
4316201,29.0183,33.8862,479,44167,0.770005,0.61,2,257438,256959,479
4319121,47.4037,29.1772,503,44215,0.786001,0.63,2,257490,256987,503
4322041,37.4807,46.6354,487,44263,0.8212,0.65,2,257525,257038,487
4324961,9.09615,36.5271,455,44311,0.82824,0.65,2,257527,257072,455
4327881,27.4192,8.90542,485,44359,0.845648,0.67,2,257559,257074,485
4330801,36.6838,28.1811,491,44407,0.88113,0.65,2,257598,257107,491
4333721,56.9368,36.0362,515,44455,0.936226,0.69,2,257660,257145,515
4530821,88,59,504,22093,0.39,0.69,1,259865,259361,504
4533741,50.4,63,481,22189,0.406,0.63,1,259906,259425,481
4536661,89.28,62.2,518,22285,0.4572,0.51,1,260005,259487,518
4539581,69.056,94.04,480,22380,0.51544,0.53,1,260069,259589,480
4542501,57.8112,67.608,474,22475,0.559088,0.49,1,260124,259650,474
4545421,26.7622,37.5216,463,22569,0.519818,0.47,1,260143,259680,463
4548341,64.5524,33.9043,504,22663,0.527964,0.43,1,260217,259713,504
4551261,84.9105,57.9809,530,22757,0.609593,0.39,1,260307,259777,530
4554181,50.5821,81.9962,484,22850,0.625919,0.41,1,260349,259865,484
4557101,90.1164,49.1992,543,22943,0.661184,0.47,1,260449,259906,543
4560021,71.6233,89.0399,511,23035,0.700237,0.53,1,260516,260005,511
4562941,58.3247,69.008,502,23127,0.724047,0.57,1,260571,260069,502
4565861,26.0649,57.8016,465,23219,0.74481,0.51,1,260589,260124,465
4568781,66.013,26.7603,522,23310,0.764962,0.53,2,260665,260143,522
4571701,88.4026,64.5521,542,23401,0.768992,0.63,2,260759,260217,542
4574621,51.2805,84.9104,494,23492,0.785798,0.63,2,260801,260307,494
4577541,92.6561,50.5821,555,23582,0.82116,0.67,2,260904,260349,555
4580461,72.9312,90.1164,523,23672,0.812232,0.71,2,260972,260449,523
4583381,59.3862,71.6233,512,23762,0.826446,0.73,2,261028,260516,512
4586301,27.0772,58.3247,476,23851,0.813289,0.75,2,261047,260571,476
4589221,66.2154,26.0649,534,23940,0.826658,0.77,2,261123,260589,534
4592141,14.8431,66.013,460,24029,0.861332,0.77,2,261125,260665,460
4595061,78.9686,88.4026,461,24117,0.884266,0.79,2,261220,260759,461
4597981,49.3937,51.2805,461,24205,0.904853,0.83,2,261262,260801,461
4600901,93.8787,92.6561,463,24293,0.924971,0.81,2,261367,260904,463
4706021,42,33,489,27258,0.47,1,1,263433,262944,489
4708941,58.8,61.8,483,27336,0.39,1,1,263496,263013,483
4711861,38.96,37.16,486,27413,0.31,1,1,263530,263044,486
4714781,64.592,65.832,484,27490,0.102,1,1,263601,263117,484
4717701,35.3184,33.9664,486,27567,0.0604,1,1,263629,263143,486
4720621,27.8637,32.3933,480,27644,0.06808,1,1,263655,263175,480
4723541,67.1727,78.4787,467,27721,0.069616,0.75,1,263732,263265,467
4726461,56.6345,68.4957,455,27797,0.0699232,0.61,1,263786,263331,455
4729381,56.9269,61.6991,452,27873,0.0539846,0.47,1,263843,263391,452
4732301,40.1854,45.9398,446,27949,0.0827969,0.37,1,263879,263433,446
4735221,50.4371,59.588,436,28025,0.0725594,0.29,1,263932,263496,436
4738141,30.8874,39.1176,428,28101,0.0865119,0.05,1,263958,263530,428
4741061,61.3775,64.6235,426,28176,0.0573024,0.05,1,264027,263601,426
4743981,36.2755,35.3247,428,28251,0.0514605,0.07,1,264057,263629,428
4746901,24.0551,27.8649,423,28326,0.0182921,0.07,1,264078,263655,423
4749821,67.211,67.173,424,28401,0.0436584,0.07,1,264156,263732,424
4752741,54.2422,13.4346,475,28476,0.0487317,0.07,1,264207,263732,475
4755661,56.4484,45.8869,478,28550,0.0497463,0.05,1,264264,263786,478
4758581,40.8897,54.7774,458,28624,0.0499493,0.09,1,264301,263843,458
4761501,52.9779,39.7555,478,28698,0.0659899,0.07,1,264357,263879,478
4764421,32.1956,50.3511,452,28772,0.085198,0.09,1,264384,263932,452
4767341,61.6391,30.8702,495,28846,0.10504,0.05,1,264453,263958,495
4770261,32.3278,61.374,451,28919,0.109008,0.05,1,264478,264027,451
4773181,23.2656,36.2748,442,28992,0.0618016,0.01,1,264499,264057,442
4776101,69.4531,24.055,502,29065,0.0523603,0.05,1,264580,264078,502
4779021,52.2906,67.211,472,29138,0.0344721,0.05,1,264628,264156,472
4781941,57.6581,54.2422,480,29211,0.0308944,0.05,1,264687,264207,480
4784861,41.1316,56.4484,460,29283,0.0461789,0.05,1,264724,264264,460
4787781,53.8263,40.8897,480,29355,0.0492358,0.07,1,264781,264301,480
4790701,33.1653,52.9779,452,29427,0.0498472,0.09,1,264809,264357,452
4793621,63.4331,32.1956,496,29499,0.0659694,0.11,1,264880,264384,496
4796541,31.8866,61.6391,451,29571,0.0691939,0.11,1,264904,264453,451
4799461,20.7773,32.3278,444,29643,0.0858388,0.05,1,264922,264478,444
4802381,68.9555,23.2656,504,29714,0.0731678,0.05,1,265003,264499,504
4805301,50.5911,69.4531,469,29785,0.0866335,0.03,1,265049,264580,469
4808221,11.7182,52.2906,423,29856,0.0573267,0.03,1,265051,264628,423
4811141,49.5436,57.6581,423,29927,0.0674653,0.05,1,265110,264687,423
4814061,40.3087,41.1316,424,29998,0.0854931,0.05,1,265148,264724,424
4816981,53.6617,53.8263,424,30069,0.0730986,0.05,1,265205,264781,424
4819901,33.1323,33.1653,424,30139,0.0866197,0.07,1,265233,264809,424
4822821,64.2265,63.4331,425,30209,0.169324,0.07,1,265305,264880,425
4825741,32.0453,31.8866,425,30279,0.201865,0.09,1,265329,264904,425
4828661,21.6091,20.7773,426,30349,0.224373,0.07,1,265348,264922,426
4831581,68.3218,68.9555,425,30419,0.212875,0.09,1,265428,265003,425
4834501,49.6644,50.5911,424,30489,0.274575,0.05,1,265473,265049,424
4837421,11.5329,11.7182,424,30558,0.286915,0.07,1,265475,265051,424
4840341,48.7066,49.5436,423,30627,0.289383,0.09,1,265533,265110,423
4843261,40.9413,40.3087,424,30696,0.289877,0.07,1,265572,265148,424
4846181,52.9883,53.6617,423,30765,0.289975,0.09,1,265628,265205,423
4849101,35.3977,33.1323,426,30834,0.289995,0.19,1,265659,265233,426
4852021,67.0795,64.2265,429,30903,0.305999,0.21,1,265734,265305,429
4854941,33.4159,32.0453,430,30971,0.3092,0.23,1,265759,265329,430
4857861,23.4832,21.6091,432,31039,0.32584,0.21,1,265780,265348,432
4860781,68.6966,68.3218,432,31107,0.361168,0.29,1,265860,265428,432
4863701,51.3393,49.6644,434,31175,0.352234,0.29,1,265907,265473,434
4866621,11.8679,11.5329,434,31243,0.398447,0.29,1,265909,265475,434
4869541,48.7736,48.7066,434,31311,0.359689,0.29,1,265967,265533,434
4872461,40.1547,9.74131,472,31379,0.351938,0.29,1,266005,265533,472
4875381,52.8309,33.1483,489,31446,0.366388,0.29,1,266061,265572,489
4878301,35.3662,51.4297,464,31513,0.385278,0.29,1,266092,265628,464
4881221,67.8732,35.0859,509,31580,0.437055,0.31,1,266168,265659,509
4884141,35.1746,67.0172,461,31647,0.447411,0.31,1,266195,265734,461
4887061,23.0349,33.4034,456,31714,0.465482,0.33,1,266215,265759,456
4889981,71.807,23.4807,519,31781,0.485096,0.37,1,266299,265780,519
4892901,51.9614,68.6961,486,31848,0.489019,0.35,1,266346,265860,486
4895821,11.9923,51.3392,441,31914,0.521804,0.41,1,266348,265907,441
4898741,47.9985,11.8678,496,31980,0.512361,0.35,1,266405,265909,496
4901661,39.9997,48.7736,476,32046,0.542472,0.35,1,266443,265967,476
4904581,53.5999,40.1547,495,32112,0.580494,0.37,1,266500,266005,495
4907501,36.32,52.8309,471,32178,0.604099,0.39,1,266532,266061,471
4910421,71.264,35.3662,520,32244,0.59282,0.45,1,266612,266092,520
4913341,35.0528,67.8732,470,32310,0.622564,0.45,1,266638,266168,470
4916261,23.8106,35.1746,464,32375,0.612513,0.47,1,266659,266195,464
4919181,72.7621,23.0349,529,32440,0.674503,0.49,1,266744,266215,529
4922101,53.7524,71.807,494,32505,0.670901,0.49,1,266793,266299,494
4925021,12.3505,51.9614,449,32570,0.67018,0.53,1,266795,266346,449
4927941,47.2701,11.9923,503,32635,0.670036,0.51,1,266851,266348,503
4930861,41.454,47.9985,486,32700,0.718007,0.55,1,266891,266405,486
4933781,55.4908,39.9997,507,32765,0.759601,0.59,2,266950,266443,507
4936701,12.6982,53.5999,452,32830,0.76792,0.61,2,266952,266500,452
4939621,28.1396,36.32,452,32894,0.801584,0.59,2,266984,266532,452
4942541,70.4279,71.264,453,32958,0.808317,0.63,2,267065,266612,453
4945461,34.8856,35.0528,453,33022,0.825663,0.61,2,267091,266638,453
4948381,23.7771,23.8106,453,33086,0.829133,0.69,2,267112,266659,453
5123581,57,35,495,36723,0.47,1,1,269679,269184,495
5126501,41,35,497,36781,0.31,1,1,269716,269219,497
5129421,37.8,40.6,492,36838,0.198,1,1,269753,269261,492
5132341,43.56,38.52,499,36895,0.1436,1,1,269798,269299,499
5135261,42.312,46.104,493,36952,0.10072,1,1,269840,269347,493
5138181,28.4624,36.4208,484,37009,0.060144,1,1,269865,269381,484
5141101,36.8925,36.0842,487,37066,0.0520288,1,1,269904,269417,487
5144021,32.9785,29.6168,491,37123,0.0344058,1,1,269936,269445,491
5146941,26.5957,29.1234,487,37180,0.00688115,1,1,269961,269474,487
5149861,21.3191,5.82467,507,37237,0.0573762,1,1,269981,269474,507
5152781,45.8638,27.5649,526,37294,0.0514752,0.94,1,270033,269507,526
5155701,44.3728,54.313,509,37351,0.098295,0.69,1,270077,269568,509
5158621,42.4746,54.0626,497,37408,0.107659,0.47,1,270119,269622,497
5161541,33.2949,56.4125,471,37464,0.0775318,0.27,1,270150,269679,471
5164461,31.459,40.8825,465,37520,0.119506,0.17,1,270181,269716,465
5167381,39.8918,37.7765,470,37576,0.111901,0.13,1,270223,269753,470
5170301,38.3784,43.5553,463,37632,0.0623803,0.09,1,270261,269798,463
5173221,30.0757,42.3111,449,37688,0.0204761,0.05,1,270289,269840,449
5176141,34.8151,28.4622,460,37744,0.0600952,0.05,1,270325,269865,460
5179061,35.763,36.8924,457,37800,0.020019,0.03,1,270361,269904,457
5181981,28.7526,32.9785,452,37856,0.0440038,0,1,270388,269936,452
5184901,19.3505,26.5957,444,37912,0.0808008,0.07,1,270405,269961,444
5187821,44.6701,21.3191,475,37968,0.0881601,0.05,1,270456,269981,475
5190741,46.534,45.8638,470,38024,0.121632,0.11,1,270503,270033,470
5193661,43.7068,44.3728,469,38080,0.144326,0.11,1,270546,270077,469
5196581,30.3414,42.4746,454,38135,0.132865,0.07,1,270573,270119,454
5199501,34.0683,33.2949,458,38190,0.162573,0.13,1,270608,270150,458
5202421,38.0137,31.459,466,38245,0.184515,0.11,1,270647,270181,466
5205341,38.8027,39.8918,463,38300,0.204903,0.05,1,270686,270223,463
5208261,27.7605,38.3784,450,38355,0.240981,0.01,1,270711,270261,450
5211181,34.3521,30.0757,458,38410,0.168196,0.07,1,270747,270289,458
5214101,35.6704,34.8151,458,38465,0.0336392,0.01,1,270783,270325,458
5217021,31.1341,35.763,452,38520,0.0307278,0.05,1,270813,270361,452
5219941,20.6268,28.7526,443,38575,0.0621456,0.09,1,270831,270388,443
5222861,5.72536,19.3505,428,38630,0.0364291,0.09,1,270833,270405,428
5225781,41.9451,44.6701,428,38685,0.0952858,0.13,1,270884,270456,428
5228701,45.989,46.534,428,38740,0.123057,0.15,1,270931,270503,428
5231621,44.3978,43.7068,429,38795,0.112611,0.13,1,270975,270546,429
5234541,29.6796,30.3414,428,38849,0.142522,0.17,1,271001,270573,428
5237461,35.5359,34.0683,430,38903,0.132504,0.19,1,271038,270608,430
5240381,39.9072,38.0137,432,38957,0.194501,0.21,1,271079,270647,432
5243301,39.1814,38.8027,432,39011,0.2229,0.25,1,271118,270686,432
5246221,26.2363,27.7605,430,39065,0.21258,0.15,1,271141,270711,430
5249141,33.2473,34.3521,429,39119,0.242516,0,1,271176,270747,429
5252061,29.8495,35.6704,422,39173,0.264503,0.03,1,271205,270783,422
5254981,30.7699,31.1341,423,39227,0.204901,0.07,1,271236,270813,423
5257901,20.554,20.6268,423,39281,0.19298,0.03,1,271254,270831,423
5260821,5.7108,5.72536,423,39335,0.190596,0.11,1,271256,270833,423
5263741,43.5422,41.9451,425,39389,0.222119,0.13,1,271309,270884,425
5266661,47.1084,45.989,426,39443,0.276424,0.11,1,271357,270931,426
5269581,45.4217,44.3978,427,39497,0.239285,0.15,1,271402,270975,427
5272501,29.8843,29.6796,427,39550,0.279857,0.13,1,271428,271001,427
5275421,36.3769,35.5359,428,39603,0.255971,0.21,1,271466,271038,428
5278341,41.6754,39.9072,430,39656,0.251194,0.23,1,271509,271079,430
5281261,40.3351,39.1814,431,39709,0.266239,0.21,1,271549,271118,431
5284181,28.867,26.2363,434,39762,0.317248,0.25,1,271575,271141,434
5287101,33.7734,33.2473,434,39815,0.34345,0.27,1,271610,271176,434
5290021,29.9547,29.8495,434,39868,0.34869,0.19,1,271639,271205,434
5292941,26.7909,30.7699,429,39921,0.381738,0.19,1,271665,271236,429
5295861,19.7582,20.554,429,39974,0.356348,0.19,1,271683,271254,429
5298781,5.55164,5.7108,429,40027,0.38327,0.23,1,271685,271256,429
5301701,45.1103,43.5422,431,40080,0.340654,0.23,1,271740,271309,431
5304621,49.0221,8.70843,481,40133,0.348131,0.29,1,271790,271309,481
5307541,45.0044,40.1417,477,40186,0.349626,0.23,1,271834,271357,477
5310461,30.6009,44.0283,459,40239,0.397925,0.29,1,271861,271402,459
5313381,36.5202,29.6057,471,40291,0.423585,0.25,1,271899,271428,471
5316301,42.504,36.3211,477,40343,0.412717,0.25,1,271943,271466,477
5319221,40.5008,41.6642,474,40395,0.426543,0.27,1,271983,271509,474
5322141,31.3002,40.3328,463,40447,0.413309,0.33,1,272012,271549,463
5325061,33.46,28.8666,471,40499,0.426662,0.35,1,272046,271575,471
5327981,31.492,33.7733,467,40551,0.461332,0.35,1,272077,271610,467
5330901,27.0984,29.9547,464,40603,0.468266,0.39,1,272103,271639,464
5333821,19.8197,26.7909,456,40655,0.485653,0.35,1,272121,271665,456
5336741,5.56394,19.7582,440,40707,0.489131,0.39,1,272123,271683,440
5339661,44.3128,5.55164,492,40759,0.489826,0.33,1,272177,271685,492
5342581,49.6626,45.1103,488,40811,0.505965,0.35,1,272228,271740,488
5345501,45.9325,49.0221,483,40863,0.541193,0.35,1,272273,271790,483
5348421,32.3865,45.0044,468,40915,0.548239,0.41,1,272302,271834,468
5351341,37.6773,30.6009,480,40967,0.597648,0.43,1,272341,271861,480
5354261,41.9355,36.5202,485,41019,0.60753,0.41,1,272384,271899,485
5357181,41.1871,42.504,482,41070,0.625506,0.43,1,272425,271943,482
5360101,30.6374,40.5008,470,41121,0.645101,0.41,1,272453,271983,470
5363021,34.1275,31.3002,476,41172,0.63302,0.43,1,272488,272012,476
5365941,33.2255,33.46,475,41223,0.646604,0.47,1,272521,272046,475
5368861,28.2451,31.492,471,41274,0.649321,0.47,1,272548,272077,471
5371781,20.049,27.0984,463,41325,0.649864,0.49,1,272566,272103,463
5374701,5.6098,19.8197,447,41376,0.649973,0.49,1,272568,272121,447
5377621,44.322,5.56394,499,41427,0.665995,0.49,1,272622,272123,499
5380541,50.4644,44.3128,497,41478,0.669199,0.51,1,272674,272177,497
5383461,46.0929,49.6626,491,41529,0.70184,0.55,1,272719,272228,491
5386381,10.8186,45.9325,448,41580,0.708368,0.55,1,272721,272273,448
5389301,26.1637,32.3865,449,41631,0.773674,0.61,2,272751,272302,449
5392221,39.6327,37.6773,453,41682,0.738735,0.61,1,272794,272341,453
5395141,41.5266,41.9355,452,41733,0.779747,0.63,2,272836,272384,452
5398061,41.9053,41.1871,453,41784,0.803949,0.65,2,272878,272425,453
5400981,31.5811,30.6374,454,41835,0.82479,0.63,2,272907,272453,454
5403901,33.5162,34.1275,453,41885,0.812958,0.65,2,272941,272488,453
5406821,33.9032,33.2255,454,41935,0.874592,0.65,2,272975,272521,454
5409741,28.3806,28.2451,454,41985,0.934918,0.65,2,273002,272548,454
5412661,20.0761,20.049,454,42035,0.946984,0.65,2,273020,272566,454
5415581,5.61523,5.6098,454,42085,0.949397,0.67,2,273022,272568,454
5634581,33,37,484,45691,0.93,1,2,275568,275084,484
5637501,27.4,29,483,45737,0.882,1,2,275594,275111,483
5640421,28.68,25.8,487,45783,0.8244,1,2,275623,275136,487
5643341,32.936,35.56,483,45829,0.82888,0.98,2,275657,275174,483
5646261,31.3872,35.912,478,45875,0.781776,1,2,275688,275210,478
5649181,34.2774,29.5824,485,45921,0.724355,1,1,275723,275238,485
5652101,33.2555,5.91648,518,45967,0.648871,1,1,275756,275238,518
5655021,29.8511,29.1833,512,46013,0.649774,1,1,275785,275273,512
5657941,27.5702,33.8367,504,46059,0.633955,0.92,1,275812,275308,504
5660861,29.514,29.1673,506,46105,0.582791,1,1,275842,275336,506
5663781,33.1028,32.2335,507,46151,0.572558,1,1,275876,275369,507
5666701,28.2206,32.0467,502,46197,0.618512,1,1,275903,275401,502
5669621,24.8441,30.4093,496,46243,0.595702,1,1,275927,275431,496
5672541,33.7688,26.8819,506,46289,0.60714,0.87,1,275963,275457,506
5675461,37.1538,38.1764,503,46335,0.625428,0.91,1,276001,275498,503
5678381,30.6308,37.2353,495,46381,0.613086,0.93,1,276030,275535,495
5681301,26.9262,33.8471,488,46426,0.658617,0.87,1,276056,275568,488
5684221,26.9852,27.5694,489,46471,0.667723,0.81,1,276083,275594,489
5687141,30.197,28.7139,491,46516,0.653545,0.83,1,276114,275623,491
5690061,30.8394,32.9428,488,46561,0.666709,0.77,1,276145,275657,488
5692981,33.3679,31.3886,491,46606,0.685342,0.71,1,276179,275688,491
5695901,32.2736,34.2777,488,46651,0.689068,0.63,1,276211,275723,488
5698821,27.2547,33.2555,481,46696,0.657814,0.65,1,276237,275756,481
5701741,23.0509,29.8511,474,46741,0.699563,0.63,1,276259,275785,474
5704661,28.6102,27.5702,477,46786,0.691913,0.57,1,276289,275812,477
5707581,32.922,29.514,481,46831,0.722382,0.57,1,276323,275842,481
5710501,27.3844,33.1028,473,46876,0.728476,0.63,1,276349,275876,473
5713421,27.8769,28.2206,474,46921,0.729695,0.59,1,276377,275903,474
5716341,35.1754,24.8441,487,46966,0.713939,0.61,1,276414,275927,487
5719261,38.2351,33.7688,490,47011,0.726788,0.63,1,276453,275963,490
5722181,30.847,37.1538,481,47056,0.713358,0.61,1,276482,276001,481
5725101,29.3694,30.6308,481,47101,0.726672,0.67,1,276511,276030,481
5728021,26.6739,26.9262,481,47146,0.729334,0.67,1,276537,276056,481
5730941,30.9348,26.9852,486,47191,0.729867,0.65,1,276569,276083,486
5733861,30.187,30.197,485,47236,0.745973,0.67,1,276599,276114,485
5736781,34.0374,30.8394,489,47281,0.781195,0.69,2,276634,276145,489
5739701,32.4075,33.3679,487,47326,0.804239,0.69,2,276666,276179,487
5742621,27.2815,32.2736,481,47371,0.808848,0.65,2,276692,276211,481
5745541,7.0563,27.2547,457,47415,0.80977,0.71,2,276694,276237,457
5748461,19.8113,23.0509,458,47459,0.825954,0.69,2,276717,276259,458
5751381,27.9623,28.6102,458,47503,0.829191,0.73,2,276747,276289,458
5754301,32.7925,32.922,458,47547,0.845838,0.73,2,276781,276323,458
5757221,27.3585,27.3844,458,47591,0.881168,0.73,2,276807,276349,458
5760141,27.8717,27.8769,458,47635,0.888234,0.71,2,276835,276377,458
5763061,34.3743,35.1754,457,47679,0.889647,0.73,2,276871,276414,457
5949941,93,87,511,22817,0.83,1,2,278899,278388,511
5952861,80.2,78.2,512,22910,0.798,0.93,2,278976,278464,512
5955781,78.44,84.44,504,23003,0.7916,0.95,2,279054,278550,504
5958701,62.088,67.288,499,23095,0.79032,0.93,2,279112,278613,499
5961621,70.0176,87.8576,478,23187,0.774064,0.87,2,279184,278706,478
5964541,37.2035,43.1715,475,23278,0.754813,0.83,2,279213,278738,475
5967461,49.0407,27.0343,504,23369,0.782963,0.87,2,279265,278761,504
5970381,84.2081,41.4069,552,23460,0.804592,0.83,2,279358,278806,552
5973301,79.2416,82.6814,537,23550,0.856919,0.79,2,279436,278899,537
5976221,78.2483,78.1363,538,23640,0.835384,0.79,2,279514,278976,538
5979141,62.0497,78.0273,518,23730,0.879077,0.79,2,279572,279054,518
5982061,69.2099,62.0055,531,23819,0.903815,0.77,2,279643,279112,531
5984981,37.042,70.0011,488,23908,0.924763,0.75,2,279672,279184,488
5987901,9.0084,37.2002,461,23997,0.928953,0.79,2,279674,279213,461
6098861,34,33,481,27150,0.65,1,1,281928,281447,481
6101781,75.6,79.4,476,27228,0.33,1,1,282014,281538,476
6104701,60.72,45.48,496,27306,0.122,1,1,282071,281575,496
6107621,44.944,49.096,487,27384,0.0484,1,1,282112,281625,487
6110541,38.5888,37.8192,489,27461,0.04968,1,1,282149,281660,489
6113461,32.5178,31.5638,490,27538,0.009936,1,1,282180,281690,490
6116381,64.1036,71.9128,480,27615,0.0099872,0.93,1,282252,281772,480
6119301,32.8207,41.5826,471,27692,0.0579974,0.79,1,282277,281806,471
6122221,66.5641,78.7165,458,27768,0.0115995,0.65,1,282352,281894,458
6125141,34.1128,42.9433,450,27844,0.0263199,0.25,1,282378,281928,450
6128061,64.4226,77.3887,436,27920,0.045264,0.07,1,282450,282014,436
6130981,48.8845,61.0777,424,27996,0.0330528,0.03,1,282495,282071,424
6133901,40.9769,45.0155,422,28072,0.0146106,0.05,1,282534,282112,422
6136821,38.5954,38.6031,423,28147,0.0589221,0,1,282572,282149,423
6139741,32.5191,32.5206,423,28222,0.0837844,0.01,1,282603,282180,423
6142661,64.1038,64.1041,423,28297,0.0247569,0.07,1,282675,282252,423
6145581,32.8208,32.8208,423,28372,0.0289514,0.07,1,282700,282277,423
6148501,66.5642,6.56416,498,28447,0.0297903,0,1,282775,282277,498
6151421,32.5128,61.3128,447,28521,0.0139581,0.03,1,282799,282352,447
6154341,64.1026,33.0626,493,28595,0.106792,0.05,1,282871,282378,493
6157261,52.0205,64.2125,470,28669,0.0613583,0.03,1,282920,282450,470
6160181,38.4041,48.8425,460,28743,0.0362717,0.01,1,282955,282495,460
6163101,41.2808,40.9685,463,28817,0.0152543,0.07,1,282997,282534,463
6166021,29.8562,38.5937,452,28890,0.0430509,0.09,1,283024,282572,452
6168941,63.5712,32.5187,493,28963,0.0326102,0.01,1,283096,282603,493
6171861,32.7142,64.1038,446,29036,0.046522,0.03,1,283121,282675,446
6174781,66.5428,32.8207,496,29109,0.0493044,0.03,1,283196,282700,496
6177701,32.5086,66.5641,445,29182,0.0338609,0.01,1,283220,282775,445
6180621,65.7017,32.5128,495,29255,0.0467722,0.13,1,283294,282799,495
6183541,52.3403,64.1026,472,29327,0.113354,0.05,1,283343,282871,472
6186461,36.8681,52.0205,456,29399,0.126671,0.03,1,283376,282920,456
6189381,40.9736,38.4041,463,29471,0.0653342,0.01,1,283418,282955,463
6192301,29.7947,41.2808,448,29543,0.0370668,0.05,1,283445,282997,448
6195221,64.3589,29.8562,494,29615,0.0154134,0.03,1,283518,283024,494
6198141,32.8718,63.5712,447,29686,0.0110827,0.05,1,283543,283096,447
6201061,65.7744,32.7142,496,29757,0.0262165,0.05,1,283617,283121,496
6203981,33.1549,66.5428,446,29828,0.0292433,0.03,1,283642,283196,446
6206901,8.23097,32.5086,424,29899,0.0298487,0.05,1,283644,283220,424
6209821,61.6462,65.7017,425,29970,0.0779697,0.13,1,283719,283294,425
6212741,53.9292,52.3403,428,30041,0.135594,0.13,1,283771,283343,428
6215661,35.5858,36.8681,426,30111,0.179119,0.05,1,283802,283376,426
6218581,39.1172,40.9736,424,30181,0.187824,0.03,1,283842,283418,424
6221501,27.8234,29.7947,422,30251,0.189565,0.01,1,283867,283445,422
6224421,64.7647,64.3589,423,30321,0.0779129,0.01,1,283941,283518,423
6227341,32.9529,32.8718,423,30391,0.0395826,0.03,1,283966,283543,423
6230261,65.7906,65.7744,423,30461,0.0159165,0.03,1,284040,283617,423
6233181,33.1581,33.1549,423,30530,0.0111833,0.03,1,284065,283642,423
6236101,8.23162,8.23097,423,30599,0.0102367,0.09,1,284067,283644,423
6239021,64.0463,61.6462,426,30668,0.0100473,0.15,1,284145,283719,426
6241941,57.6093,53.9292,430,30737,0.0260095,0.19,1,284201,283771,430
6244861,37.1219,35.5858,431,30806,0.0452019,0.19,1,284233,283802,431
6247781,37.8244,39.1172,429,30875,0.0810404,0.19,1,284271,283842,429
6250701,27.5649,27.8234,429,30944,0.0722081,0.05,1,284296,283867,429
6253621,59.113,64.7647,422,31012,0.0544416,0.03,1,284363,283941,422
6256541,32.6226,32.9529,423,31080,0.0668883,0.01,1,284389,283966,423
6259461,65.7245,65.7906,423,31148,0.101378,0.01,1,284463,284040,423
6262381,32.3449,33.1581,422,31216,0.108276,0.01,1,284487,284065,422
6265301,8.06898,8.23162,422,31284,0.141655,0.01,1,284489,284067,422
6268221,64.0138,1.64632,500,31352,0.100331,0.01,1,284567,284067,500
6271141,57.6028,62.7293,478,31419,0.0600662,0.03,1,284623,284145,478
6274061,38.7206,57.3459,456,31486,0.132013,0.05,1,284657,284201,456
6276981,38.9441,37.0692,463,31553,0.114403,0.09,1,284696,284233,463
6279901,26.9888,37.8138,449,31620,0.126881,0.07,1,284720,284271,449
6282821,58.1978,27.5628,490,31687,0.145376,0.05,1,284786,284296,490
6285741,34.0396,59.1126,451,31754,0.165075,0.07,1,284814,284363,451
6288661,66.8079,32.6225,500,31821,0.169015,0.11,1,284889,284389,500
6291581,32.5616,65.7245,450,31887,0.185803,0.11,1,284913,284463,450
6294501,8.11232,32.3449,428,31953,0.189161,0.15,1,284915,284487,428
6297421,61.6225,8.06898,501,32019,0.205832,0.09,1,284990,284489,501
6300341,57.9245,64.0138,480,32085,0.193166,0.05,1,285047,284567,480
6303261,40.3849,57.6028,460,32151,0.206633,0.15,1,285083,284623,460
6306181,40.077,38.7206,466,32217,0.241327,0.11,1,285123,284657,466
6309101,28.0154,38.9441,452,32283,0.296265,0.13,1,285148,284696,452
6312021,58.4031,26.9888,494,32349,0.307253,0.15,1,285214,284720,494
6314941,34.8806,58.1978,457,32414,0.325451,0.17,1,285243,284786,457
6317861,67.7761,34.0396,505,32479,0.36109,0.17,1,285319,284814,505
6320781,32.7552,66.8079,454,32544,0.384218,0.19,1,285343,284889,454
6323701,8.15104,32.5616,432,32609,0.404844,0.19,1,285345,284913,432
6326621,62.4302,8.11232,506,32674,0.424969,0.21,1,285421,284915,506
6329541,57.286,61.6225,487,32739,0.428994,0.19,1,285477,284990,487
6332461,13.0572,57.9245,432,32804,0.429799,0.21,1,285479,285047,432
6335381,32.2114,40.3849,433,32868,0.46196,0.25,1,285516,285083,433
6338301,39.2423,40.077,434,32932,0.500392,0.31,1,285557,285123,434
6341221,30.2485,28.0154,437,32996,0.572078,0.31,1,285585,285148,437
6344141,58.8497,58.4031,437,33060,0.618416,0.33,1,285651,285214,437
6347061,35.7699,34.8806,438,33124,0.643683,0.37,1,285681,285243,438
6349981,69.554,67.7761,440,33188,0.632737,0.39,1,285759,285319,440
6352901,34.7108,32.7552,442,33252,0.646547,0.41,1,285785,285343,442
6355821,8.54216,8.15104,442,33316,0.649309,0.43,1,285787,285345,442
6358741,63.3084,62.4302,443,33379,0.665862,0.43,1,285864,285421,443
6361661,57.4617,57.286,443,33442,0.717172,0.43,1,285920,285477,443
6364581,13.0923,13.0572,443,33505,0.727434,0.47,1,285922,285479,443
6367501,34.6185,32.2114,446,33568,0.713487,0.51,1,285962,285516,446
6370421,38.9237,39.2423,445,33631,0.726697,0.59,1,286002,285557,445
6373341,33.3847,30.2485,449,33694,0.697339,0.63,1,286034,285585,449
6376261,61.8769,58.8497,452,33757,0.755468,0.65,2,286103,285651,452
6379181,36.3754,35.7699,452,33820,0.767094,0.63,2,286133,285681,452
6382101,68.8751,69.554,451,33883,0.785419,0.65,2,286210,285759,451
6385021,36.975,34.7108,454,33945,0.757084,0.65,2,286239,285785,454
6387941,8.995,8.54216,454,34007,0.783417,0.67,2,286241,285787,454
6390861,64.199,63.3084,455,34069,0.852683,0.73,2,286319,285864,455
6393781,58.4398,57.4617,456,34131,0.882537,0.73,2,286376,285920,456
6396701,13.288,13.0923,456,34193,0.856507,0.71,2,286378,285922,456
6399621,33.8576,34.6185,455,34255,0.867301,0.71,2,286417,285962,455
6402541,38.7715,6.92369,495,34317,0.83746,0.73,2,286457,285962,495
6405461,34.1543,33.3847,488,34379,0.831492,0.69,2,286490,286002,488
6408381,64.4309,32.2769,528,34441,0.894298,0.77,2,286562,286034,528
6411301,36.8862,61.6554,489,34502,0.93886,0.77,2,286592,286103,489
6563141,66,47,533,37555,0.75,1,2,288745,288212,533
6566061,44.4,56.6,513,37611,0.718,1,1,288784,288271,513
6568981,36.88,37.72,515,37667,0.6476,1,1,288819,288304,515
6571901,32.176,34.744,512,37723,0.69752,1,1,288850,288338,512
6574821,32.8352,35.7488,509,37779,0.627504,0.95,1,288883,288374,509
6577741,20.167,30.3498,497,37835,0.581501,1,1,288900,288403,497
6580661,27.2334,26.07,501,37891,0.5563,1,1,288929,288428,501
6583581,37.4467,31.614,508,37947,0.50326,0.99,1,288969,288461,508
6586501,60.2893,33.5228,540,38003,0.476652,0.87,1,289035,288495,540
6589421,39.2579,62.7046,504,38059,0.47133,1,1,289069,288565,504
6592341,40.6516,42.1409,508,38115,0.486266,0.85,1,289110,288602,508
6595261,35.3303,41.2282,501,38170,0.505253,0.81,1,289144,288643,501
6598181,53.4661,37.0456,523,38225,0.493051,0.75,1,289202,288679,523
6601101,38.6932,60.2091,492,38280,0.49061,0.71,1,289237,288745,492
6604021,34.9386,43.2418,487,38335,0.506122,0.63,1,289271,288784,487
6606941,34.1877,36.6484,486,38390,0.557224,0.71,1,289305,288819,486
6609861,26.8375,32.1297,480,38445,0.567445,0.61,1,289330,288850,480
6612781,20.5675,32.8259,466,38500,0.553489,0.57,1,289349,288883,466
6615701,24.9135,20.1652,475,38555,0.582698,0.55,1,289375,288900,475
6618621,37.7827,27.233,487,38610,0.54054,0.49,1,289416,288929,487
6621541,9.15654,37.4466,449,38665,0.532108,0.47,1,289418,288969,449
6624461,52.2313,60.2893,446,38720,0.562422,0.47,1,289481,289035,446
6627381,36.8463,39.2579,445,38775,0.648484,0.49,1,289514,289069,445
6630301,40.9693,40.6516,446,38829,0.649697,0.51,1,289556,289110,446
6633221,36.1939,35.3303,447,38883,0.697939,0.49,1,289591,289144,447
6636141,51.2388,53.4661,444,38937,0.771588,0.49,2,289646,289202,444
6639061,39.8478,38.6932,446,38991,0.770318,0.51,2,289683,289237,446
6641981,35.9696,34.9386,447,39045,0.722064,0.57,1,289718,289271,447
6644901,36.7939,34.1877,450,39099,0.760413,0.57,2,289755,289305,450
6647821,27.3588,26.8375,450,39153,0.832083,0.55,2,289780,289330,450
6650741,21.4718,20.5675,451,39207,0.846416,0.59,2,289800,289349,451
6653661,25.0944,24.9135,451,39261,0.849283,0.53,2,289826,289375,451
6656581,35.4189,37.7827,448,39315,0.865857,0.53,2,289864,289416,448
6659501,8.68377,9.15654,448,39369,0.837171,0.57,2,289866,289418,448
6662421,53.7368,52.2313,450,39423,0.863434,0.67,2,289931,289481,450
6665341,39.5474,36.8463,453,39477,0.836687,0.65,2,289967,289514,453
6668261,43.1095,40.9693,455,39530,0.879337,0.71,2,290011,289556,455
6671181,36.6219,36.1939,455,39583,0.887868,0.79,2,290046,289591,455
6834701,46,35,489,42465,0.83,1,2,292046,291557,489
6837621,50.8,48.6,489,42515,0.782,1,2,292098,291609,489
6840541,35.76,35.32,489,42565,0.7564,1,2,292130,291641,489
6843461,31.152,30.264,490,42615,0.76728,1,2,292160,291670,490
6846381,17.4304,24.4528,481,42665,0.785456,1,2,292174,291693,481
6849301,32.2861,28.8906,487,42714,0.709091,1,1,292210,291723,487
6852221,36.8572,34.5781,489,42763,0.629818,0.96,1,292248,291759,489
6855141,28.9714,34.1156,482,42812,0.709964,0.87,1,292275,291793,482
6858061,24.9943,28.4231,479,42861,0.709993,1,1,292299,291820,479
6860981,45.7989,39.2846,488,42910,0.661999,1,1,292350,291862,488
6863901,28.3598,35.0569,478,42959,0.7004,1,1,292374,291896,478
6866821,15.272,23.0114,470,43008,0.67608,1,1,292386,291916,470
6869741,35.8544,4.60228,511,43057,0.687216,0.85,1,292427,291916,511
6872661,34.3709,39.3205,497,43106,0.705443,0.85,1,292461,291964,497
6875581,42.8742,36.6641,506,43155,0.725089,0.83,1,292506,292000,506
6878501,46.9748,44.1328,508,43204,0.713018,0.77,1,292554,292046,508
6881421,33.395,50.4266,486,43253,0.726604,0.75,1,292584,292098,486
6884341,34.679,35.6853,489,43302,0.777321,0.77,2,292619,292130,489
6887261,17.3358,31.1371,472,43351,0.803464,0.79,2,292632,292160,472
6890181,30.6672,17.4274,492,43400,0.776693,0.69,2,292666,292174,492
6893101,34.9334,32.2855,492,43449,0.787339,0.61,2,292702,292210,492
6896021,30.1867,36.8571,483,43498,0.837468,0.73,2,292731,292248,483
6898941,24.4373,28.9714,479,43547,0.831494,0.71,2,292754,292275,479
6901861,44.8875,24.9943,505,43595,0.846299,0.65,2,292804,292299,505
6904781,28.1775,45.7989,478,43643,0.86526,0.71,2,292828,292350,478
6907701,16.8355,28.3598,468,43691,0.885052,0.67,2,292842,292374,468
6910621,36.1671,15.272,497,43739,0.87301,0.69,2,292883,292386,497
6913541,34.4334,35.8544,490,43787,0.902602,0.71,2,292917,292427,490
6931061,34,13,493,44075,0.93,0.77,2,293125,292632,493
7097501,34,37,514,46724,0.97,1,2,294958,294444,514
7100421,31.6,26.6,521,46769,0.962,1,2,294989,294468,521
7117941,27,35,508,47039,0.93,1,2,295169,294661,508
7120861,31.8,39.8,500,47084,0.93,1,2,295202,294702,500
7123781,39.16,35.16,507,47129,0.898,0.95,2,295243,294736,507
7126701,27.032,31.032,501,47174,0.8276,0.99,2,295267,294766,501
7129621,23.0064,25.4064,499,47219,0.79752,1,2,295289,294790,499
7132541,32.6013,29.0813,504,47264,0.791504,1,2,295324,294820,504
7135461,37.7203,33.0163,509,47309,0.822301,0.94,2,295363,294854,509
7138381,32.3441,34.6033,505,47354,0.84446,0.92,2,295394,294889,505
7141301,20.8688,34.9206,488,47399,0.768892,0.97,2,295412,294924,488
7144221,17.7738,34.1841,471,47443,0.833778,0.96,2,295429,294958,471
7147141,29.1548,31.6368,472,47487,0.862756,1,2,295461,294989,472
7150061,26.631,27.9274,471,47531,0.868551,0.99,2,295487,295016,471
7152981,21.3262,22.3855,470,47575,0.83771,0.99,2,295507,295037,470
7155901,31.4652,34.0771,467,47619,0.879542,0.93,2,295541,295074,467
7158821,30.293,31.6154,466,47663,0.887908,0.85,2,295571,295105,466
7161741,34.0586,35.9231,464,47707,0.889582,0.93,2,295606,295142,464
7164661,30.0117,28.7846,466,47751,0.889916,0.93,2,295635,295169,466
7167581,31.6023,32.1569,465,47795,0.921983,0.89,2,295667,295202,465
7170501,40.7205,39.2314,467,47839,0.880397,0.81,2,295710,295243,467
7173421,23.3441,27.0463,462,47883,0.936079,0.79,2,295729,295267,462
7176341,23.8688,23.0093,464,47927,0.915216,0.79,2,295753,295289,464
7179261,31.1738,32.6019,462,47971,0.911043,0.83,2,295786,295324,462
7393881,74,61,455,23451,0.09,0.01,1,298065,297610,455
7396801,59.6,65.8,444,23541,0.026,0,1,298121,297677,444
7399721,71.92,62.76,457,23631,0.0052,0,1,298196,297739,457
7402641,77.584,61.352,475,23721,0.02504,0.03,1,298275,297800,475
7405561,37.9168,60.2704,443,23810,0.013008,0.09,1,298303,297860,443
7408481,17.1834,34.4541,427,23899,0.0586016,0.09,1,298315,297888,427
7411401,46.6367,26.0908,457,23988,0.0677203,0.11,1,298369,297912,457
7414321,45.3273,42.8182,455,24076,0.0855441,0.09,1,298414,297959,455
7417241,67.4655,93.3636,422,24164,0.0731088,0.01,1,298487,298065,422
7420161,60.6931,63.4727,425,24252,0.0386218,0,1,298546,298121,425
7423081,70.5386,72.6945,423,24339,0.00772435,0.03,1,298619,298196,423
7426001,77.3077,77.7389,423,24426,0.0575449,0.01,1,298698,298275,423
7428921,37.8615,37.9478,423,24513,0.035509,0.07,1,298726,298303,423
7431841,19.5723,17.1896,426,24599,0.0311018,0.07,1,298741,298315,426
7434761,47.9145,46.6379,427,24685,0.0462204,0.09,1,298796,298369,427
7437681,45.5829,45.3276,427,24771,0.113244,0.07,1,298841,298414,427
7440601,64.3166,67.4655,423,24857,0.142649,0.03,1,298910,298487,423
7443521,59.2633,60.6931,422,24942,0.0525298,0,1,298968,298546,422
7446441,70.2527,70.5386,422,25027,0.010506,0.07,1,299041,298619,422
7449361,78.0505,77.3077,423,25112,0.0421012,0.03,1,299121,298698,423
7452281,37.2101,37.8615,422,25196,0.0324202,0.03,1,299148,298726,422
7455201,20.242,19.5723,423,25280,0.014484,0.05,1,299164,298741,423
7458121,49.6484,47.9145,425,25364,0.0588968,0.13,1,299221,298796,425
7461041,48.3297,45.5829,428,25448,0.0677794,0.13,1,299269,298841,428
7463961,64.8659,9.11658,497,25531,0.0855559,0.15,1,299338,298841,497
7466881,53.7732,57.0233,479,25614,0.0411112,0.03,1,299389,298910,479
7469801,69.1546,57.8047,494,25697,0.00822223,0,1,299462,298968,494
7472721,77.8309,69.9609,501,25779,0.0736444,0.05,1,299542,299041,501
7475641,37.1662,77.9922,448,25861,0.0147289,0.03,1,299569,299121,448
7478561,21.0332,37.1984,438,25943,0.0109458,0.01,1,299586,299148,438
7481481,51.4066,20.2397,481,26025,0.0901892,0.07,1,299645,299164,481
7484401,47.8813,49.6479,471,26106,0.138038,0.07,1,299692,299221,471
7487321,66.3763,48.3296,494,26187,0.0996076,0.09,1,299763,299269,494
7490241,51.6753,64.8659,473,26268,0.155922,0.03,1,299811,299338,473
7493161,67.9351,53.7732,494,26349,0.0711843,0,1,299883,299389,494
7496081,80.787,69.1546,505,26429,0.0542369,0.09,1,299967,299462,505
7499001,34.5574,77.8309,448,26509,0.0188474,0,1,299990,299542,448
7501921,21.3115,37.1662,439,26589,0.0437695,0.01,1,300008,299569,439
7504841,54.6623,21.0332,485,26669,0.0647539,0.11,1,300071,299586,485
7507761,48.5325,51.4066,473,26748,0.0689508,0.15,1,300118,299645,473
7510681,66.5065,47.8813,497,26827,0.11779,0.09,1,300189,299692,497
7513601,54.1013,66.3763,477,26906,0.143558,0.17,1,300240,299763,477
7516521,12.4203,51.6753,431,26985,0.148712,0.05,1,300242,299811,431
7519441,53.6841,67.9351,423,27063,0.181742,0.05,1,300306,299883,423
7522361,78.7368,80.787,424,27141,0.124348,0.01,1,300391,299967,424
7525281,33.3474,34.5574,423,27219,0.0808697,0.05,1,300413,299990,423
7528201,21.0695,21.3115,423,27297,0.0401739,0.07,1,300431,300008,423
7531121,57.0139,54.6623,426,27375,0.0800348,0.07,1,300497,300071,426
7534041,48.2028,48.5325,425,27452,0.088007,0.13,1,300543,300118,425
7536961,67.2406,66.5065,426,27529,0.121601,0.15,1,300615,300189,426
7539881,56.6481,54.1013,429,27606,0.22432,0.15,1,300669,300240,429
7542801,12.9296,12.4203,429,27683,0.244864,0.19,1,300671,300242,429
7545721,54.5859,53.6841,430,27760,0.248973,0.11,1,300736,300306,430
7548641,74.9172,78.7368,425,27836,0.265795,0.07,1,300816,300391,425
7551561,30.9834,33.3474,423,27912,0.285159,0.03,1,300836,300413,423
7554481,19.7967,21.0695,422,27988,0.273032,0.09,1,300853,300431,422
7557401,59.9593,57.0139,426,28064,0.222606,0.09,1,300923,300497,426
7560321,48.7919,48.2028,426,28139,0.260521,0.13,1,300969,300543,426
7563241,68.9584,67.2406,428,28214,0.284104,0.25,1,301043,300615,428
7566161,60.1917,56.6481,432,28289,0.256821,0.25,1,301101,300669,432
7569081,13.6383,12.9296,432,28364,0.283364,0.25,1,301103,300671,432
7572001,56.3277,2.58592,499,28439,0.272673,0.25,1,301170,300671,499
7574921,74.4655,52.5172,513,28513,0.286535,0.27,1,301249,300736,513
7577841,30.8931,74.5034,453,28587,0.321307,0.29,1,301269,300816,453
7580761,18.9786,30.9007,449,28661,0.328261,0.27,1,301285,300836,449
7583681,59.7957,19.7801,502,28735,0.313652,0.21,1,301355,300853,502
7586601,48.7591,59.956,478,28809,0.34273,0.27,1,301401,300923,478
7589521,71.3518,48.7912,509,28882,0.412546,0.29,1,301478,300969,509
7592441,59.0704,68.9582,491,28955,0.426509,0.25,1,301534,301043,491
7595361,13.4141,60.1916,435,29028,0.429302,0.29,1,301536,301101,435
7598281,57.8828,13.6383,502,29101,0.47786,0.27,1,301605,301103,502
7601201,76.3766,56.3277,516,29174,0.503572,0.29,1,301686,301170,516
7604121,31.2753,74.4655,457,29247,0.540714,0.33,1,301706,301249,457
7607041,19.0551,30.8931,453,29319,0.548143,0.33,1,301722,301269,453
7609961,59.011,18.9786,506,29391,0.565629,0.31,1,301791,301285,506
7612881,51.0022,59.7957,485,29463,0.585126,0.35,1,301840,301355,485
7615801,74.2004,48.7591,519,29535,0.621025,0.43,1,301920,301401,519
7618721,60.4401,71.3518,499,29607,0.644205,0.43,1,301977,301478,499
7621641,13.688,59.0704,445,29678,0.616841,0.43,1,301979,301534,445
7624561,57.9376,13.4141,512,29749,0.643368,0.49,1,302048,301536,512
7627481,79.5875,57.8828,528,29820,0.696674,0.51,1,302133,301605,528
7630401,17.5175,76.3766,449,29891,0.707335,0.55,1,302135,301686,449
7633321,19.5035,31.2753,449,29962,0.789467,0.55,2,302155,301706,449
7636241,16.7007,19.0551,449,30033,0.805893,0.57,2,302171,301722,449
7639161,59.3401,59.011,450,30103,0.809179,0.59,2,302241,301791,450
7642081,53.468,51.0022,453,30173,0.825836,0.63,2,302293,301840,453
7645001,74.6936,74.2004,453,30243,0.877167,0.65,2,302373,301920,453
7647921,59.7387,60.4401,452,30313,0.919433,0.61,2,302429,301977,452
7650841,13.5477,13.688,452,30383,0.927887,0.65,2,302431,301979,452
7653761,59.5095,57.9376,454,30453,0.913577,0.71,2,302502,302048,454
7919481,49,56,502,36232,0.83,1,2,306568,306066,502
7922401,40.2,32.8,513,36290,0.702,1,1,306606,306093,513
7925321,33.64,36.96,507,36348,0.6444,1,1,306638,306131,507
7928241,29.128,32.992,503,36406,0.61688,1,1,306666,306163,503
7931161,37.8256,17.7984,529,36464,0.499376,1,1,306706,306177,529
7934081,37.1651,50.7597,507,36522,0.411875,1,1,306743,306236,507
7937001,53.033,73.3519,485,36580,0.218375,1,1,306800,306315,485
7939921,39.4066,41.8704,487,36638,0.147675,1,1,306836,306349,487
7942841,38.2813,37.1741,489,36696,0.085535,1,1,306874,306385,489
7945761,57.2563,59.4348,486,36754,0.041107,0.95,1,306936,306450,486
7948681,30.6513,39.887,475,36811,0.0642214,0.86,1,306960,306485,475
7951601,33.3303,35.1774,475,36868,0.0848443,0.83,1,306994,306519,475
7954521,33.066,46.2355,459,36925,0.0409689,0.67,1,307027,306568,459
7957441,31.4132,39.6471,452,36982,0.0161938,0.63,1,307058,306606,452
7960361,27.8826,33.5294,447,37039,0.00323875,0.61,1,307085,306638,447
7963281,28.7765,29.1059,448,37096,0.000647751,0.47,1,307114,306666,448
7966201,36.1553,37.8212,446,37153,0.0401296,0.47,1,307152,306706,446
7969121,29.6311,7.56423,474,37210,0.0320259,0.39,1,307180,306706,474
7972041,44.3262,31.1128,485,37267,0.0304052,0.17,1,307228,306743,485
7974961,35.2652,51.8226,461,37324,0.094081,0.13,1,307261,306800,461
7977881,34.253,39.1645,459,37381,0.0908162,0.07,1,307295,306836,459
7980801,58.8506,38.2329,486,37438,0.0421632,0.03,1,307360,306874,486
7983721,31.7701,57.2466,449,37494,0.0324326,0.07,1,307385,306936,449
7986641,31.154,30.6493,456,37550,0.0144865,0.09,1,307416,306960,456
7989561,31.8308,33.3299,454,37606,0.0268973,0.03,1,307448,306994,454
7992481,31.9662,33.066,453,37662,0.0133795,0.01,1,307480,307027,453
7995401,27.1932,31.4132,448,37718,0.0586759,0,1,307506,307058,448
7998321,28.6386,27.8826,450,37774,0.0357352,0,1,307535,307085,450
8001241,36.9277,28.7765,460,37830,0.00714704,0.05,1,307574,307114,460
8004161,29.7855,36.1553,450,37886,0.0894294,0.03,1,307602,307152,450
8007081,45.1571,29.6311,471,37942,0.0578859,0.03,1,307651,307180,471
8010001,37.0314,44.3262,458,37998,0.0675772,0.11,1,307686,307228,458
8012921,33.8063,35.2652,458,38054,0.117515,0.09,1,307719,307261,458
8015841,56.3613,34.253,486,38110,0.0635031,0.03,1,307781,307295,486
8018761,33.6723,58.8506,449,38165,0.0687006,0.03,1,307809,307360,449
8021681,29.9345,31.7701,453,38220,0.0857401,0.01,1,307838,307385,453
8024601,32.3869,31.154,455,38275,0.057148,0.03,1,307871,307416,455
8027521,32.8774,31.8308,456,38330,0.0514296,0.01,1,307904,307448,456
8030441,27.3755,31.9662,450,38385,0.0502859,0.07,1,307930,307480,450
8033361,27.8751,27.1932,452,38440,0.0340572,0.03,1,307958,307506,452
8036281,37.575,28.6386,463,38495,0.0148114,0,1,307998,307535,463
8039201,30.715,36.9277,453,38550,0.0269623,0.11,1,308027,307574,453
8042121,43.743,29.7855,472,38605,0.0293925,0.05,1,308074,307602,472
8045041,10.3486,45.1571,425,38660,0.0458785,0.07,1,308076,307651,425
8047961,28.4697,37.0314,423,38715,0.0811757,0.13,1,308109,307686,423
8050881,36.0939,33.8063,428,38770,0.0562351,0.05,1,308147,307719,428
8053801,54.4188,56.3613,425,38824,0.083247,0.07,1,308206,307781,425
8056721,33.2838,33.6723,425,38878,0.120649,0.09,1,308234,307809,425
8059641,29.8568,29.9345,425,38932,0.12813,0.05,1,308263,307838,425
8062561,31.5714,32.3869,424,38986,0.129626,0.05,1,308295,307871,424
8065481,32.7143,32.8774,424,39040,0.161925,0.05,1,308328,307904,424
8068401,27.3429,27.3755,424,39094,0.168385,0.03,1,308354,307930,424
8071321,26.2686,27.8751,422,39148,0.137677,0.01,1,308380,307958,422
8074241,37.2537,37.575,422,39202,0.0675354,0.03,1,308420,307998,422
8077161,33.0507,30.715,425,39256,0.0535071,0.03,1,308452,308027,425
8080081,43.4101,43.743,424,39310,0.114701,0.05,1,308498,308074,424
8083001,10.282,10.3486,424,39364,0.12694,0.09,1,308500,308076,424
8085921,30.0564,28.4697,426,39418,0.177388,0.05,1,308535,308109,426
8088841,35.6113,36.0939,425,39472,0.187478,0.09,1,308572,308147,425
8091761,55.1223,54.4188,426,39526,0.173496,0.13,1,308632,308206,426
8094681,33.4245,33.2838,426,39579,0.250699,0.13,1,308660,308234,426
8097601,29.8849,29.8568,426,39632,0.21814,0.13,1,308689,308263,426
8100521,31.577,31.5714,426,39685,0.243628,0.17,1,308721,308295,426
8103441,34.3154,32.7143,428,39738,0.280726,0.17,1,308756,308328,428
8106361,27.6631,27.3429,428,39791,0.288145,0.13,1,308782,308354,428
8109281,24.7326,26.2686,426,39844,0.289629,0.05,1,308806,308380,426
8112201,33.7465,37.2537,422,39897,0.305926,0.05,1,308842,308420,422
8115121,32.3493,33.0507,422,39950,0.277185,0.13,1,308874,308452,422
8118041,48.0699,43.4101,428,40003,0.255437,0.13,1,308926,308498,428
8120961,11.214,10.282,428,40056,0.283087,0.19,1,308928,308500,428
8123881,31.0428,30.0564,429,40109,0.288617,0.19,1,308964,308535,429
8126801,35.0086,6.01128,465,40162,0.305724,0.19,1,309000,308535,465
8129721,57.4017,30.8023,491,40215,0.341145,0.17,1,309063,308572,491
8132641,34.6803,54.1605,460,40268,0.364229,0.27,1,309092,308632,460
8135561,29.3361,33.2321,460,40320,0.368846,0.21,1,309120,308660,460
8138481,33.0672,29.8464,465,40372,0.337769,0.25,1,309154,308689,465
8141401,34.6134,31.5693,468,40424,0.315554,0.29,1,309189,308721,468
8144321,27.7227,34.3139,459,40476,0.327111,0.29,1,309215,308756,459
8147241,25.5445,27.6628,458,40528,0.345422,0.29,1,309240,308782,458
8150161,33.9089,24.7326,470,40580,0.349084,0.31,1,309276,308806,470
8153081,32.3818,33.7465,466,40632,0.365817,0.27,1,309308,308842,466
8156001,47.2764,32.3493,485,40684,0.401163,0.25,1,309359,308874,485
8158921,11.0553,48.0699,435,40736,0.408233,0.29,1,309361,308926,435
8161841,31.8111,11.214,470,40788,0.425647,0.29,1,309398,308928,470
8164761,36.7622,31.0428,472,40840,0.397129,0.31,1,309436,308964,472
8167681,59.3524,35.0086,501,40892,0.439426,0.35,1,309501,309000,501
8170601,35.8705,57.4017,468,40944,0.447885,0.37,1,309531,309063,468
8173521,29.5741,34.6803,467,40996,0.481577,0.37,1,309559,309092,467
8176441,31.5148,29.3361,471,41047,0.504315,0.33,1,309591,309120,471
8179361,34.303,33.0672,472,41098,0.492863,0.31,1,309626,309154,472
8182281,27.6606,34.6134,463,41149,0.538573,0.33,1,309652,309189,463
8185201,26.3321,27.7227,463,41200,0.579715,0.35,1,309678,309215,463
8188121,34.8664,25.5445,475,41251,0.587943,0.35,1,309715,309240,475
8191041,32.5733,33.9089,471,41302,0.637589,0.37,1,309747,309276,471
8193961,48.9147,32.3818,492,41353,0.647518,0.41,1,309800,309308,492
8196881,11.3829,47.2764,443,41404,0.649504,0.41,1,309802,309359,443
8199801,32.6766,11.0553,479,41455,0.681901,0.43,1,309840,309361,479
8202721,35.3353,31.8111,478,41506,0.68838,0.39,1,309876,309398,478
8205641,8.66706,36.7622,442,41557,0.689676,0.45,1,309878,309436,442
8208561,55.3334,59.3524,444,41608,0.801935,0.45,2,309945,309501,444
8211481,35.8667,35.8705,445,41659,0.808387,0.49,2,309976,309531,445
8214401,30.3733,29.5741,446,41710,0.793677,0.51,2,310005,309559,446
8217321,32.4747,31.5148,447,41761,0.774736,0.49,2,310038,309591,447
8220241,35.2949,34.303,448,41812,0.738947,0.55,1,310074,309626,448
8223161,29.459,27.6606,450,41862,0.779789,0.59,2,310102,309652,450
8226081,28.2918,26.3321,452,41912,0.819958,0.59,2,310130,309678,452
8229001,36.8584,34.8664,454,41962,0.811992,0.65,2,310169,309715,454
8231921,32.9717,32.5733,454,42012,0.858398,0.65,2,310201,309747,454
8234841,48.9943,48.9147,454,42062,0.85168,0.65,2,310254,309800,454
8237761,11.3989,11.3829,454,42112,0.818336,0.69,2,310256,309802,454
8240681,34.2798,32.6766,456,42162,0.843667,0.69,2,310296,309840,456
8243601,36.456,35.3353,457,42212,0.880733,0.69,2,310333,309876,457
8246521,8.89119,8.66706,457,42262,0.888147,0.83,2,310335,309878,457
8249441,58.5782,55.3334,461,42312,0.905629,0.81,2,310406,309945,461
8439241,38,42,499,45442,0.73,1,1,312566,312067,499
8442161,34,33.2,501,45488,0.698,1,1,312599,312098,501
8445081,30.8,34.64,496,45534,0.5956,1,1,312629,312133,496
8448001,31.76,28.528,501,45580,0.57512,1,1,312661,312160,501
8450921,38.352,37.7056,501,45626,0.523024,1,1,312701,312200,501
8453841,30.0704,37.1411,492,45672,0.512605,1,1,312729,312237,492
8456761,30.8141,31.4282,493,45718,0.398521,1,1,312760,312267,493
8459681,38.9628,39.0856,493,45764,0.343704,1,1,312801,312308,493
8462601,35.7926,38.2171,490,45810,0.284741,1,1,312836,312346,490
8465521,21.5585,29.2434,481,45856,0.272948,0.88,1,312854,312373,481
8468441,25.1117,29.0487,478,45902,0.19059,1,1,312880,312402,478
8471361,33.0223,29.0097,484,45948,0.206118,1,1,312915,312431,484
8474281,29.8045,5.80195,513,45994,0.161224,1,1,312944,312431,513
8477201,25.1609,33.9604,496,46040,0.136245,0.89,1,312968,312472,496
8480121,23.4322,29.1921,491,46086,0.163249,0.83,1,312991,312500,491
8483041,31.0864,28.2384,496,46132,0.23265,0.73,1,313024,312528,496
8485961,28.6173,36.0477,486,46178,0.21453,0.69,1,313052,312566,486
8488881,28.1235,33.6095,481,46224,0.210906,0.57,1,313080,312599,481
8491801,24.8247,30.7219,475,46270,0.178181,0.57,1,313104,312629,475
8494721,36.1649,31.7444,482,46316,0.203636,0.51,1,313143,312661,482
8497641,28.833,38.3489,469,46362,0.224727,0.51,1,313170,312701,469
8500561,29.7666,30.0698,471,46407,0.212945,0.37,1,313200,312729,471
8503481,35.5533,30.814,477,46452,0.226589,0.33,1,313237,312760,477
8506401,34.3107,38.9628,470,46497,0.197318,0.27,1,313271,312801,470
8509321,18.0621,35.7926,449,46542,0.223464,0.27,1,313285,312836,449
8512241,22.0124,21.5585,454,46587,0.292693,0.17,1,313308,312854,454
8515161,36.4025,25.1117,468,46632,0.274539,0.21,1,313348,312880,468
8518081,25.6805,33.0223,456,46677,0.286908,0.15,1,313371,312915,456
8521001,26.7361,29.8045,454,46722,0.257382,0.13,1,313398,312944,454
8523921,21.3472,25.1609,450,46767,0.267476,0.17,1,313418,312968,450
8526841,33.8694,23.4322,464,46812,0.301495,0.25,1,313455,312991,464
8529761,27.5739,31.0864,457,46857,0.308299,0.21,1,313481,313024,457
8532681,27.9148,28.6173,457,46902,0.32566,0.21,1,313509,313052,457
8535601,25.583,28.1235,454,46947,0.313132,0.17,1,313534,313080,454
8538521,37.1166,24.8247,470,46992,0.374626,0.21,1,313574,313104,470
8541441,29.8233,36.1649,459,47037,0.386925,0.23,1,313602,313143,459
8544361,30.7647,28.833,463,47082,0.469385,0.21,1,313633,313170,463
8547281,36.5529,29.7666,471,47127,0.485877,0.23,1,313671,313200,471
8550201,32.9106,35.5533,466,47172,0.489175,0.19,1,313703,313237,466
8553121,17.7821,34.3107,446,47217,0.505835,0.23,1,313717,313271,446
8556041,23.5564,18.0621,457,47262,0.493167,0.31,1,313742,313285,457
8558961,36.7113,22.0124,474,47307,0.506633,0.27,1,313782,313308,474
8561881,24.9423,36.4025,456,47352,0.525327,0.29,1,313804,313348,456
8564801,6.58845,25.6805,435,47397,0.529065,0.25,1,313806,313371,435
8567721,22.9177,26.7361,435,47441,0.545813,0.27,1,313833,313398,435
8570641,21.3835,21.3472,436,47485,0.565163,0.31,1,313854,313418,436
8573561,34.6767,33.8694,437,47529,0.569033,0.31,1,313892,313455,437
8576481,27.7353,27.5739,437,47573,0.569807,0.33,1,313918,313481,437
8579401,28.7471,27.9148,438,47617,0.553961,0.31,1,313947,313509,438
8582321,26.5494,25.583,439,47661,0.614792,0.39,1,313973,313534,439
8585241,38.9099,37.1166,441,47705,0.562958,0.39,1,314015,313574,441
8588161,30.982,29.8233,442,47749,0.584592,0.49,1,314044,313602,442
8591081,34.1964,30.7647,446,47793,0.604918,0.49,1,314079,313633,446
8594001,37.2393,36.5529,446,47837,0.608984,0.49,1,314117,313671,446
8596921,33.8479,32.9106,447,47881,0.609797,0.51,1,314150,313703,447
8599841,17.9696,17.7821,447,47925,0.641959,0.49,1,314164,313717,447
8602761,22.7939,23.5564,446,47969,0.616392,0.51,1,314188,313742,446
8605681,37.3588,36.7113,447,48013,0.643278,0.53,1,314229,313782,447
8608601,25.8718,24.9423,448,48057,0.632656,0.53,1,314252,313804,448
8611521,6.77435,6.58845,448,48101,0.630531,0.55,1,314254,313806,448
8614441,23.7549,22.9177,449,48145,0.662106,0.57,1,314282,313833,449
8617361,20.751,21.3835,448,48189,0.700421,0.57,1,314302,313854,448
8620281,36.1502,34.6767,450,48233,0.740084,0.57,1,314342,313892,450
8623201,28.03,27.7353,450,48277,0.716017,0.55,1,314368,313918,450
8626121,29.606,28.7471,451,48321,0.759203,0.63,2,314398,313947,451
8629041,26.7212,26.5494,451,48365,0.767841,0.55,2,314424,313973,451
8631961,38.1442,38.9099,450,48409,0.753568,0.59,2,314465,314015,450
8634881,31.6288,30.982,451,48453,0.750714,0.61,2,314495,314044,451
8637801,33.5258,34.1964,450,48496,0.750143,0.61,2,314529,314079,450
8640721,37.1052,37.2393,450,48539,0.782029,0.61,2,314567,314117,450
8643641,35.421,33.8479,452,48582,0.804406,0.65,2,314602,314150,452
8646561,18.2842,17.9696,452,48625,0.856881,0.61,2,314616,314164,452
8649481,22.8568,22.7939,452,48668,0.835376,0.65,2,314640,314188,452
8652401,37.3714,37.3588,452,48711,0.895075,0.63,2,314681,314229,452
8655321,26.6743,25.8718,453,48754,0.891015,0.63,2,314705,314252,453
8658241,6.93485,6.77435,453,48797,0.890203,0.67,2,314707,314254,453
8661161,23.787,23.7549,453,48840,0.922041,0.67,2,314735,314282,453
8664081,21.5574,4.75097,474,48883,0.880408,0.71,2,314756,314282,474
8667001,37.9115,16.9502,496,48926,0.888082,0.75,2,314798,314302,496
8669921,29.1823,35.39,483,48969,0.905616,0.71,2,314825,314342,483
8672841,29.8365,27.878,487,49012,0.909123,0.77,2,314855,314368,487
8675761,26.7673,29.5756,483,49055,0.925825,0.77,2,314881,314398,483
8880161,51,63,503,24266,0.19,0.87,1,317017,316514,503
8883081,60.6,71.8,492,24353,0.174,0.75,1,317080,316588,492
8886001,64.12,62.36,497,24440,0.1868,0.65,1,317145,316648,497
8888921,48.024,70.072,469,24527,0.20536,0.49,1,317189,316720,469
8891841,68.8048,53.2144,494,24613,0.209072,0.27,1,317263,316769,494
8894761,30.561,67.4429,444,24699,0.225814,0.29,1,317284,316840,444
8897681,31.7122,31.8886,453,24785,0.197163,0.15,1,317316,316863,453
8900601,68.7424,88.7777,428,24871,0.255433,0.19,1,317394,316966,428
8903521,54.5485,58.5555,428,24956,0.267087,0.17,1,317445,317017,428
8906441,63.7097,62.1111,431,25041,0.317417,0.19,1,317511,317080,431
8909361,64.7419,64.4222,431,25126,0.391483,0.21,1,317576,317145,431
8912281,48.9484,48.0844,432,25210,0.422297,0.21,1,317621,317189,432
8915201,68.9897,68.8169,432,25294,0.428459,0.23,1,317695,317263,432
8918121,29.7979,30.5634,431,25378,0.461692,0.19,1,317715,317284,431
8921041,31.5596,31.7127,431,25461,0.468338,0.19,1,317747,317316,431
8923961,71.9119,6.34253,513,25544,0.469668,0.27,1,317829,317316,513
8926881,52.7824,63.6685,483,25627,0.501934,0.27,1,317877,317394,483
8929801,67.3565,53.5337,503,25710,0.492387,0.33,1,317948,317445,503
8932721,67.0713,63.5067,504,25792,0.522477,0.41,1,318015,317511,504
8935641,51.0143,64.7013,486,25874,0.528495,0.43,1,318062,317576,486
8938561,70.2029,48.9403,516,25956,0.561699,0.43,1,318137,317621,516
8941481,30.0406,68.9881,462,26038,0.56834,0.47,1,318157,317695,462
8944401,31.6081,29.7976,474,26119,0.569668,0.47,1,318189,317715,474
8947321,73.5216,31.5595,526,26200,0.585934,0.47,1,318273,317747,526
8950241,54.7043,71.9119,494,26281,0.605187,0.51,1,318323,317829,494
8953161,66.9409,52.7824,516,26362,0.625037,0.49,1,318393,317877,516
8956081,68.5882,67.3565,514,26442,0.661007,0.53,1,318462,317948,514
8959001,51.3176,67.0713,494,26522,0.668202,0.53,1,318509,318015,494
8961921,71.8635,51.0143,524,26602,0.73364,0.57,1,318586,318062,524
8964841,30.3727,70.2029,469,26682,0.746728,0.57,1,318606,318137,469
8967761,31.6745,30.0406,481,26761,0.765346,0.57,2,318638,318157,481
8970681,74.3349,31.6081,534,26840,0.817069,0.59,2,318723,318189,534
8973601,16.467,73.5216,452,26919,0.827414,0.61,2,318725,318273,452
8976521,43.2934,54.7043,452,26998,0.877483,0.63,2,318775,318323,452
8979441,65.4587,66.9409,453,27076,0.887497,0.67,2,318846,318393,453
8982361,69.8917,68.5882,455,27154,0.921499,0.67,2,318917,318462,455
9090401,22,65,493,29903,0.57,1,1,320814,320321,493
9093321,47.6,59.4,489,29974,0.49,1,1,320868,320379,489
9096241,66.32,67.88,490,30045,0.378,1,1,320939,320449,490
9099161,43.664,43.176,491,30115,0.2756,1,1,320977,320486,491
9102081,31.1328,34.2352,487,30185,0.25512,0.92,1,321005,320518,487
9105001,75.0266,74.047,489,30255,0.251024,1,1,321091,320602,489
9107921,23.8053,36.4094,473,30325,0.218205,1,1,321102,320629,473
9110841,27.1611,32.8819,469,30395,0.195641,0.81,1,321130,320661,469
9113761,54.2322,62.5764,460,30465,0.207128,0.67,1,321191,320731,460
9116681,55.6464,61.3153,455,30534,0.193426,0.57,1,321247,320792,455
9119601,25.5293,29.8631,451,30603,0.206685,0.47,1,321265,320814,451
9122521,39.5059,49.1726,440,30672,0.193337,0.35,1,321308,320868,440
9125441,60.7012,66.6345,435,30741,0.222667,0.25,1,321374,320939,435
9128361,39.3402,43.7269,431,30810,0.260533,0.25,1,321408,320977,431
9131281,30.268,31.1454,431,30879,0.300107,0.25,1,321436,321005,431
9134201,74.8536,75.0291,431,30948,0.340021,0.21,1,321522,321091,431
9137121,24.5707,23.8058,432,31016,0.380004,0.19,1,321534,321102,432
9140041,27.3141,27.1612,432,31084,0.340001,0.21,1,321562,321130,432
9142961,53.4628,54.2322,431,31152,0.38,0.19,1,321622,321191,431
9145881,55.4926,55.6464,431,31220,0.372,0.21,1,321678,321247,431
9148801,26.2985,25.5293,432,31288,0.4344,0.21,1,321697,321265,432
9151721,37.2597,5.10586,472,31356,0.39888,0.19,1,321737,321265,472
9154641,61.8519,35.4212,497,31423,0.407776,0.23,1,321805,321308,497
9157561,40.3704,59.8842,466,31490,0.441555,0.27,1,321840,321374,466
9160481,32.0741,39.1768,462,31557,0.464311,0.31,1,321870,321408,462
9163401,78.4148,30.2354,524,31624,0.532862,0.35,1,321960,321436,524
9166321,25.283,74.8471,450,31691,0.546572,0.39,1,321972,321522,450
9169241,27.4566,24.5694,466,31758,0.581315,0.33,1,322000,321534,466
9172161,53.4913,27.3139,498,31825,0.556263,0.39,1,322060,321562,498
9175081,56.2983,53.4628,495,31891,0.567253,0.37,1,322117,321622,495
9178001,28.0597,55.4926,460,31957,0.585451,0.45,1,322138,321678,460
9180921,38.4119,26.2985,482,32023,0.57309,0.39,1,322179,321697,482
9183841,62.8824,37.2597,511,32089,0.586618,0.41,1,322248,321737,511
9186761,41.3765,61.8519,479,32155,0.605324,0.45,1,322284,321805,479
9189681,32.2753,40.3704,474,32221,0.625065,0.47,1,322314,321840,474
9192601,81.6551,32.0741,538,32287,0.693013,0.55,1,322408,321870,538
9195521,25.931,78.4148,460,32353,0.706603,0.55,1,322420,321960,460
9198441,27.5862,25.283,476,32418,0.709321,0.59,1,322448,321972,476
9201361,53.5172,27.4566,508,32483,0.741864,0.55,1,322508,322000,508
9204281,57.1034,53.4913,506,32548,0.748373,0.57,1,322566,322060,506
9207201,29.0207,56.2983,471,32613,0.749675,0.59,1,322588,322117,471
9210121,37.8041,28.0597,490,32678,0.749935,0.57,1,322628,322138,490
9213041,63.5608,38.4119,519,32743,0.797987,0.59,2,322698,322179,519
9215961,14.3122,62.8824,452,32808,0.807597,0.61,2,322700,322248,452
9218881,32.4624,41.3765,453,32872,0.841519,0.63,2,322737,322284,453
9221801,31.2925,32.2753,454,32936,0.832304,0.71,2,322768,322314,454
9379481,33,33,486,36240,0.67,1,1,325099,324613,486
9382401,38.6,34.6,491,36298,0.574,1,1,325139,324648,491
9385321,34.92,29.32,497,36356,0.4108,1,1,325173,324676,497
9388241,34.984,32.264,499,36414,0.29816,1,1,325208,324709,499
9391161,42.9968,49.6528,490,36472,0.195632,1,1,325253,324763,490
9394081,41.3994,39.5306,494,36530,0.159126,1,1,325294,324800,494
9397001,35.4799,34.3061,495,36588,0.151825,1,1,325328,324833,495
9399921,24.696,33.2612,484,36646,0.0543651,0.99,1,325350,324866,484
9402841,48.1392,59.4522,472,36704,0.066873,0.97,1,325404,324932,472
9405761,36.8278,40.6904,470,36762,0.0693746,0.8,1,325438,324968,470
9408681,25.7656,32.1381,463,36819,0.0698749,0.67,1,325461,324998,463
9411601,53.1531,60.8276,455,36876,0.101975,0.67,1,325521,325066,455
9414521,33.8306,38.5655,451,36933,0.092395,0.55,1,325550,325099,451
9417441,32.3661,39.7131,443,36990,0.138479,0.37,1,325582,325139,443
9420361,29.6732,35.1426,438,37047,0.131696,0.27,1,325611,325173,438
9423281,29.1346,35.0285,432,37104,0.146339,0.17,1,325640,325208,432
9426201,37.8269,43.0057,427,37161,0.149268,0.17,1,325680,325253,427
9429121,38.7654,8.60114,466,37218,0.133854,0.15,1,325719,325253,466
9432041,32.5531,34.5202,456,37275,0.114771,0.15,1,325750,325294,456
9434961,24.1106,34.104,444,37332,0.126954,0.03,1,325772,325328,444
9437881,48.8221,24.4208,477,37389,0.113391,0.07,1,325827,325350,477
9440801,37.7644,48.0842,458,37446,0.142678,0.07,1,325862,325404,458
9443721,24.3529,36.8168,445,37502,0.148536,0.07,1,325883,325438,445
9446641,56.0706,25.7634,486,37558,0.245707,0.11,1,325947,325461,486
9449561,34.4141,53.1527,455,37614,0.249141,0.09,1,325976,325521,455
9452481,32.4828,33.8305,458,37670,0.249828,0.15,1,326008,325550,458
9455401,30.4966,32.3661,456,37726,0.249966,0.13,1,326038,325582,456
9458321,30.0993,29.6732,457,37782,0.281993,0.15,1,326068,325611,457
9461241,38.0199,29.1346,468,37838,0.288399,0.15,1,326108,325640,468
9464161,39.604,37.8269,468,37894,0.28968,0.13,1,326148,325680,468
9467081,32.7208,38.7654,460,37950,0.305936,0.11,1,326179,325719,460
9470001,21.7442,32.5531,448,38006,0.341187,0.13,1,326198,325750,448
9472921,49.9488,24.1106,483,38062,0.396237,0.11,1,326255,325772,483
9475841,38.7898,48.8221,464,38118,0.423247,0.15,1,326291,325827,464
9478761,24.558,37.7644,450,38173,0.41265,0.15,1,326312,325862,450
9481681,60.1116,24.3529,498,38228,0.45853,0.27,1,326381,325883,498
9484601,34.4223,56.0706,462,38283,0.483706,0.25,1,326409,325947,462
9487521,32.4845,34.4141,465,38338,0.488741,0.25,1,326441,325976,465
9490441,30.4969,32.4828,463,38393,0.489748,0.25,1,326471,326008,463
9493361,31.6994,30.4966,465,38448,0.48995,0.29,1,326503,326038,465
9496281,38.3399,30.0993,475,38503,0.50599,0.29,1,326543,326068,475
9499201,39.668,38.0199,475,38558,0.525198,0.29,1,326583,326108,475
9502121,33.5336,39.604,467,38613,0.52904,0.31,1,326615,326148,467
9505041,8.30672,32.7208,438,38668,0.529808,0.35,1,326617,326179,438
9507961,17.6613,21.7442,439,38723,0.561962,0.41,1,326637,326198,439
9510881,51.5323,49.9488,442,38778,0.632392,0.43,1,326697,326255,442
9513801,39.9065,38.7898,443,38832,0.646478,0.41,1,326734,326291,443
9516721,23.9813,24.558,442,38886,0.649296,0.47,1,326754,326312,442
9519641,62.3963,60.1116,445,38940,0.697859,0.49,1,326826,326381,445
9522561,35.6793,34.4223,446,38994,0.739572,0.49,1,326855,326409,446
9525481,32.7359,32.4845,446,39048,0.715914,0.49,1,326887,326441,446
9528401,30.5472,30.4969,446,39102,0.775183,0.49,2,326917,326471,446
9531321,31.7094,31.6994,446,39156,0.787037,0.51,2,326949,326503,446
9534241,39.1419,38.3399,447,39210,0.773407,0.53,2,326990,326543,447
9537161,40.6284,39.668,448,39264,0.754681,0.53,2,327031,326583,448
9540081,33.7257,33.5336,448,39318,0.750936,0.53,2,327063,326615,448
9543001,8.34513,8.30672,448,39372,0.750187,0.57,2,327065,326617,448
9545921,18.469,17.6613,449,39426,0.750037,0.65,2,327086,326637,449
9548841,54.0938,51.5323,452,39480,0.750007,0.65,2,327149,326697,452
9551761,40.4188,39.9065,452,39533,0.750001,0.65,2,327186,326734,452
9554681,24.0838,23.9813,452,39586,0.75,0.71,2,327206,326754,452
9557601,65.6167,62.3963,456,39639,0.766,0.75,2,327282,326826,456
9560521,37.1233,35.6793,457,39692,0.7852,0.71,2,327312,326855,457
9563441,33.0247,32.7359,457,39745,0.88504,0.79,2,327344,326887,457
9566361,32.2049,30.5472,459,39798,0.873008,0.79,2,327376,326917,459
9569281,32.041,31.7094,459,39851,0.870602,0.77,2,327408,326949,459
9572201,38.4082,39.1419,458,39904,0.90212,0.75,2,327448,326990,458
9575121,39.6816,40.6284,457,39957,0.892424,0.75,2,327488,327031,457
9578041,33.5363,33.7257,457,40010,0.906485,0.75,2,327520,327063,457
9580961,8.30727,8.34513,457,40063,0.941297,0.75,2,327522,327065,457
9583881,17.6615,1.66903,477,40116,0.916259,0.75,2,327542,327065,477
9586801,53.9323,17.1338,519,40169,0.911252,0.75,2,327605,327086,519
9589721,40.3865,53.8268,493,40222,0.89425,0.75,2,327642,327149,493
9592641,24.0773,40.3654,476,40274,0.90685,0.75,2,327662,327186,476
9595561,68.0155,24.0731,535,40326,0.94137,0.77,2,327741,327206,535
9744481,30,41,496,42913,0.65,1,1,329527,329031,496
9747401,34,34.6,498,42962,0.586,1,1,329562,329064,498
9750321,30.8,26.92,503,43011,0.4932,1,1,329592,329089,503
9753241,22.96,5.384,524,43060,0.39464,1,1,329613,329089,524
9756161,34.992,23.4768,534,43109,0.262928,1,1,329651,329117,534
9759081,42.1984,62.2954,506,43158,0.204586,1,1,329695,329189,506
9762001,41.2397,38.8591,514,43207,0.112917,0.98,1,329736,329222,514
9764921,28.2479,37.3718,502,43256,0.0465834,1,1,329761,329259,502
9767841,36.0496,34.6744,506,43305,0.0653167,1,1,329799,329293,506
9770761,37.6099,34.9349,509,43354,0.0530633,0.99,1,329837,329328,509
9773681,36.322,36.587,508,43403,0.0826127,1,1,329873,329365,508
9776601,29.6644,37.7174,498,43452,0.0405225,0.97,1,329901,329403,498
9779521,26.7329,32.3435,493,43501,0.0801045,0.83,1,329927,329434,493
9782441,26.1466,32.0687,487,43550,0.0720209,0.73,1,329953,329466,487
9785361,26.0293,31.2137,482,43598,0.0384042,0.65,1,329979,329497,482
9788281,31.6059,30.2427,485,43646,0.111681,0.57,1,330012,329527,485
9791201,22.3212,34.0485,470,43694,0.0783362,0.47,1,330032,329562,470
9794121,18.8642,30.8097,458,43742,0.119667,0.37,1,330050,329592,458
9797041,30.9728,22.9619,471,43790,0.111933,0.23,1,330084,329613,471
9799961,38.1946,34.9924,473,43838,0.142387,0.19,1,330124,329651,473
9802881,35.6389,42.1985,464,43886,0.116477,0.09,1,330159,329695,464
9805801,28.7278,41.2397,450,43934,0.159295,0.03,1,330186,329736,450
9808721,33.7456,28.2479,460,43982,0.119859,0.07,1,330221,329761,460
9811641,37.1491,36.0496,460,44030,0.0319718,0.05,1,330259,329799,460
9814561,36.2298,37.6099,458,44078,0.126394,0.09,1,330295,329837,458
9817481,30.446,36.322,451,44126,0.129279,0.03,1,330324,329873,451
9820401,26.8892,29.6644,449,44174,0.161856,0.09,1,330350,329901,449
9823321,25.3778,26.7329,448,44222,0.152371,0.07,1,330375,329927,448
9826241,28.2756,26.1466,451,44270,0.166474,0.03,1,330404,329953,451
9829161,32.0551,26.0293,458,44318,0.153295,0.13,1,330437,329979,458
9832081,24.011,31.6059,447,44366,0.198659,0.07,1,330459,330012,447
9835001,18.4022,22.3212,444,44414,0.159732,0.13,1,330476,330032,444
9837921,29.2804,18.8642,458,44461,0.151946,0.11,1,330508,330050,458
9840841,7.45609,30.9728,426,44508,0.150389,0.15,1,330510,330084,426
9843761,36.6912,38.1946,430,44555,0.150078,0.11,1,330554,330124,430
9846681,33.7382,35.6389,428,44602,0.182016,0.17,1,330587,330159,428
9849601,29.9476,28.7278,430,44649,0.188403,0.11,1,330616,330186,430
9852521,31.5895,33.7456,427,44696,0.237681,0.01,1,330648,330221,427
9855441,35.1179,37.1491,425,44743,0.215536,0.15,1,330684,330259,425
9858361,38.2236,36.2298,428,44790,0.227107,0.13,1,330723,330295,428
9861281,30.8447,30.446,428,44837,0.293421,0.17,1,330752,330324,428
9864201,28.5689,26.8892,430,44884,0.306684,0.15,1,330780,330350,430
9867121,24.9138,25.3778,429,44931,0.309337,0.17,1,330804,330375,429
9870041,28.9828,28.2756,430,44978,0.341867,0.15,1,330834,330404,430
9872961,31.3966,32.0551,429,45025,0.332373,0.21,1,330866,330437,429
9875881,24.6793,24.011,430,45072,0.314475,0.15,1,330889,330459,430
9878801,17.7359,18.4022,429,45119,0.310895,0.15,1,330905,330476,429
9881721,29.1472,29.2804,429,45166,0.310179,0.15,1,330937,330508,429
9884641,7.42943,7.45609,429,45213,0.310036,0.15,1,330939,330510,429
9887561,36.6859,36.6912,429,45260,0.374007,0.19,1,330983,330554,429
9890481,35.3372,33.7382,431,45307,0.338801,0.19,1,331018,330587,431
9893401,30.2674,29.9476,431,45354,0.34776,0.25,1,331047,330616,431
9896321,32.4535,31.5895,432,45400,0.381552,0.21,1,331080,330648,432
9899241,33.6907,35.1179,430,45446,0.37231,0.23,1,331114,330684,430
9902161,40.3381,38.2236,433,45492,0.386462,0.31,1,331156,330723,433
9905081,32.8676,30.8447,435,45538,0.421292,0.31,1,331187,330752,435
9908001,30.5735,28.5689,437,45584,0.476259,0.31,1,331217,330780,437
9910921,25.3147,24.9138,437,45630,0.503252,0.35,1,331241,330804,437
9913841,29.8629,28.9828,438,45676,0.49265,0.33,1,331272,330834,438
9916761,31.5726,31.3966,438,45722,0.49053,0.31,1,331304,330866,438
9919681,23.9145,24.6793,437,45768,0.458106,0.31,1,331326,330889,437
9922601,17.5829,17.7359,437,45814,0.483621,0.31,1,331342,330905,437
9925521,29.9166,29.1472,438,45860,0.488724,0.31,1,331375,330937,438
9928441,7.58332,7.42943,438,45906,0.489745,0.31,1,331377,330939,438
9931361,36.7167,1.48589,482,45952,0.489949,0.39,1,331421,330939,482
9934281,34.5433,35.4972,472,45998,0.48999,0.33,1,331455,330983,472
9937201,30.1087,35.0994,466,46044,0.505998,0.35,1,331484,331018,466
9940121,33.2217,30.2199,471,46090,0.4932,0.39,1,331518,331047,471
9943041,35.4443,32.444,474,46136,0.53864,0.37,1,331554,331080,474
9945961,41.4889,33.6888,483,46182,0.547728,0.39,1,331597,331114,483
9948881,33.8978,40.3378,473,46228,0.549546,0.43,1,331629,331156,473
9951801,32.3796,32.8676,474,46274,0.565909,0.49,1,331661,331187,474
9954721,25.6759,30.5735,468,46320,0.569182,0.51,1,331685,331217,468
9957641,29.1352,25.3147,474,46366,0.585836,0.49,1,331715,331241,474
9960561,31.427,29.8629,475,46411,0.605167,0.49,1,331747,331272,475
9963481,23.8854,31.5726,465,46456,0.609033,0.45,1,331769,331304,465
9966401,18.3771,23.9145,460,46501,0.625807,0.49,1,331786,331326,460
9969321,30.8754,17.5829,478,46546,0.661161,0.49,1,331820,331342,478
9972241,7.77508,29.9166,447,46591,0.668232,0.49,1,331822,331375,447
9975161,36.755,7.58332,489,46636,0.685646,0.49,1,331866,331377,489
9978081,34.551,36.7167,479,46681,0.689129,0.49,1,331900,331421,479
9981001,29.3102,34.5433,473,46726,0.721826,0.51,1,331928,331455,473
9983921,33.862,30.1087,479,46771,0.744365,0.49,1,331963,331484,479
9986841,37.9724,33.2217,484,46816,0.764873,0.55,2,332002,331518,484
9989761,41.9945,35.4443,491,46861,0.784975,0.55,2,332045,331554,491
9992681,34.7989,41.4889,481,46906,0.772995,0.55,2,332078,331597,481
9995601,32.5598,33.8978,481,46951,0.786599,0.57,2,332110,331629,481
9998521,26.512,32.3796,474,46996,0.77332,0.57,2,332135,331661,474
10001441,30.1024,25.6759,481,47041,0.770664,0.59,2,332166,331685,481
10004361,31.6205,29.1352,483,47086,0.834133,0.61,2,332198,331715,483
10007281,23.9241,31.427,473,47131,0.862827,0.61,2,332220,331747,473
10010201,19.9848,23.8854,470,47176,0.884565,0.63,2,332239,331769,470
10013121,31.997,18.3771,488,47221,0.920913,0.67,2,332274,331786,488
10016041,7.99939,30.8754,456,47266,0.928183,0.67,2,332276,331820,456
10321181,88,68,511,23541,0.29,1,1,335507,334996,511
10324101,43.2,53.6,493,23631,0.322,0.9,1,335539,335046,493
10327021,81.44,63.52,518,23721,0.3444,0.89,1,335630,335112,518
10329941,68.288,79.104,500,23810,0.38088,0.79,1,335695,335195,500
10332861,78.4576,77.4208,504,23899,0.404176,0.65,1,335776,335272,504
10335781,38.0915,69.8842,464,23988,0.408835,0.57,1,335804,335340,464
10338701,16.4183,29.9768,455,24076,0.425767,0.49,1,335815,335360,455
10341621,42.4837,53.1954,445,24164,0.445153,0.29,1,335864,335419,445
10344541,71.6967,81.0391,436,24252,0.449031,0.33,1,335943,335507,436
10347461,40.7393,41.8078,437,24339,0.433806,0.35,1,335976,335539,437
10350381,82.5479,81.1616,439,24426,0.494761,0.39,1,336069,335630,439
10353301,68.5096,68.2323,439,24513,0.506952,0.41,1,336134,335695,439
10356221,79.3019,78.4465,440,24599,0.57339,0.41,1,336216,335776,440
10359141,39.8604,38.0893,442,24685,0.586678,0.43,1,336246,335804,442
10362061,16.7721,16.4179,442,24771,0.589336,0.45,1,336257,335815,442
10364981,44.1544,42.4836,444,24857,0.653867,0.45,1,336308,335864,444
10367901,70.4309,71.6967,442,24942,0.650773,0.43,1,336385,335943,442
10370821,42.0862,40.7393,444,25027,0.666155,0.51,1,336420,335976,444
10373741,83.6172,82.5479,445,25112,0.749231,0.51,1,336514,336069,445
10376661,69.5234,68.5096,446,25196,0.749846,0.59,1,336580,336134,446
10379581,81.9047,79.3019,449,25280,0.813969,0.59,2,336665,336216,449
10382501,41.1809,39.8604,450,25364,0.810794,0.59,2,336696,336246,450
10385421,17.8362,16.7721,451,25448,0.810159,0.59,2,336708,336257,451
10388341,45.1672,3.35442,503,25531,0.826032,0.67,2,336760,336257,503
10391261,71.4334,41.4709,530,25614,0.861206,0.65,2,336838,336308,530
10394181,43.0867,69.8942,489,25697,0.868241,0.67,2,336874,336385,489
10397101,86.2173,41.9788,551,25779,0.917648,0.77,2,336971,336420,551
10510981,34,27,516,28809,0.83,1,2,339108,338592,516
10513901,34,27,523,28882,0.878,1,2,339142,338619,523
10516821,71.6,39.8,561,28955,0.6956,1,1,339223,338662,561
10519741,42.32,80.76,505,29028,0.57912,1,1,339258,338753,505
10522661,42.864,43.352,514,29101,0.491824,1,1,339301,338787,514
10525581,37.3728,34.2704,518,29174,0.442365,1,1,339337,338819,518
10528501,75.4746,53.2541,545,29247,0.336473,0.97,1,339422,338877,545
10531421,84.6949,70.6508,557,29319,0.203295,0.9,1,339509,338952,557
10534341,39.339,86.9302,494,29391,0.112659,0.95,1,339537,339043,494
10537261,31.8678,42.186,493,29463,0.0625318,0.83,1,339567,339074,493
10540181,34.3736,35.6372,494,29535,0.0685064,0.89,1,339602,339108,494
10543101,66.0747,34.3274,534,29607,0.0377013,0.65,1,339676,339142,534
10546021,38.0149,71.6655,484,29678,0.0475403,0.55,1,339707,339223,484
10548941,36.403,42.3331,485,29749,0.0655081,0.47,1,339743,339258,485
10551861,33.6806,42.8666,475,29820,0.0211016,0.43,1,339776,339301,475
10554781,8.33612,37.3733,441,29891,0.0122203,0.31,1,339778,339337,441
10557701,65.6672,75.4747,436,29962,0.0744441,0.17,1,339858,339422,436
10560621,77.9334,84.6949,430,30033,0.134889,0.09,1,339939,339509,430
10563541,33.1867,39.339,424,30103,0.146978,0.05,1,339961,339537,424
10566461,30.6373,31.8678,424,30173,0.149396,0.07,1,339991,339567,424
10569381,34.9275,34.3736,425,30243,0.133879,0.03,1,340027,339602,425
10572301,66.1855,66.0747,425,30313,0.194776,0.05,1,340101,339676,425
10575221,37.2371,38.0149,424,30383,0.206955,0.07,1,340131,339707,424
10578141,35.4474,36.403,423,30453,0.273391,0.01,1,340166,339743,423
10581061,36.6895,33.6806,427,30522,0.238678,0.01,1,340203,339776,427
10583981,8.9379,8.33612,427,30591,0.231736,0.09,1,340205,339778,427
10586901,64.9876,65.6672,426,30660,0.262347,0.15,1,340284,339858,426
10589821,78.5975,77.9334,427,30729,0.284469,0.15,1,340366,339939,427
10592741,33.3195,33.1867,427,30798,0.288894,0.15,1,340388,339961,427
10595661,30.6639,30.6373,427,30867,0.321779,0.13,1,340418,339991,427
10598581,34.9328,34.9275,427,30936,0.344356,0.21,1,340454,340027,427
10601501,68.5866,66.1855,430,31004,0.364871,0.21,1,340531,340101,430
10604421,38.5173,37.2371,431,31072,0.416974,0.29,1,340562,340131,431
10607341,36.5035,35.4474,432,31140,0.395395,0.23,1,340598,340166,432
10610261,37.7007,36.6895,433,31208,0.439079,0.23,1,340636,340203,433
10613181,9.14014,8.9379,433,31276,0.415816,0.23,1,340638,340205,433
10616101,66.628,1.78758,514,31344,0.459163,0.27,1,340719,340205,514
10619021,78.9256,63.5575,517,31412,0.483833,0.29,1,340801,340284,517
10621941,33.3851,78.3115,457,31479,0.488767,0.29,1,340823,340366,457
10624861,30.677,33.2623,465,31546,0.489753,0.33,1,340853,340388,465
10627781,35.7354,30.6525,472,31613,0.505951,0.35,1,340890,340418,472
10630701,71.9471,34.9305,517,31680,0.57319,0.37,1,340971,340454,517
10633621,39.1894,68.5861,471,31747,0.602638,0.43,1,341002,340531,471
10636541,36.6379,38.5172,476,31814,0.624528,0.39,1,341038,340562,476
10639461,38.5276,36.5034,479,31881,0.660906,0.45,1,341077,340598,479
10642381,9.30551,37.7007,443,31947,0.668181,0.41,1,341079,340636,443
10645301,69.0611,9.14014,525,32013,0.669636,0.47,1,341163,340638,525
10648221,80.2122,66.628,527,32079,0.669927,0.49,1,341246,340719,527
10651141,33.6424,78.9256,467,32145,0.685986,0.49,1,341268,340801,467
10654061,30.7285,33.3851,475,32211,0.689197,0.49,1,341298,340823,475
10656981,36.5457,30.677,483,32277,0.689839,0.51,1,341336,340853,483
10659901,75.3091,35.7354,531,32343,0.689968,0.59,1,341421,340890,531
10662821,41.4618,71.9471,483,32408,0.721994,0.61,1,341454,340971,483
10665741,37.8924,39.1894,489,32473,0.776399,0.63,2,341491,341002,489
10668661,39.5785,36.6379,493,32538,0.77128,0.67,2,341531,341038,493
10671581,9.51569,38.5276,456,32603,0.770256,0.67,2,341533,341077,456
10674501,69.1031,9.30551,538,32668,0.818051,0.67,2,341617,341079,538
10677421,80.2206,69.0611,537,32733,0.84361,0.67,2,341700,341163,537
10680341,17.6441,80.2122,456,32798,0.848722,0.69,2,341702,341246,456
10683261,21.1288,33.6424,456,32862,0.849744,0.69,2,341724,341268,456
10686181,28.2258,30.7285,456,32926,0.865949,0.69,2,341754,341298,456
10689101,36.0452,36.5457,456,32990,0.90119,0.69,2,341792,341336,456
10692021,75.209,75.3091,456,33054,0.924238,0.73,2,341877,341421,456
10694941,43.0418,41.4618,458,33118,0.912848,0.79,2,341912,341454,458
10697861,39.0084,37.8924,459,33182,0.942569,0.77,2,341950,341491,459
10700781,40.6017,39.5785,460,33246,0.916514,0.77,2,341991,341531,460
10832181,42,46,492,35997,0.75,1,2,343895,343403,492
10835101,38,36.4,495,36056,0.686,1,1,343932,343437,495
10838021,66,60.08,502,36115,0.4332,1,1,344005,343503,502
10840941,45.2,60.016,482,36174,0.33464,1,1,344045,343563,482
10843861,57.04,45.6032,500,36232,0.186928,1,1,344105,343605,500
10846781,38.608,33.1206,504,36290,0.157386,1,1,344139,343635,504
10849701,31.7216,30.6241,504,36348,0.183477,1,1,344169,343665,504
10852621,25.5443,32.5248,495,36406,0.124695,0.97,1,344193,343698,495
10855541,18.7089,30.505,482,36464,0.176939,1,1,344210,343728,482
10858461,50.1418,51.701,483,36522,0.155388,0.9,1,344268,343785,483
10861381,26.0284,39.1402,467,36580,0.183078,0.8,1,344288,343821,467
10864301,27.6057,33.428,463,36638,0.188616,0.75,1,344316,343853,463
10867221,35.1211,40.2856,458,36696,0.189723,0.67,1,344353,343895,458
10870141,34.2242,37.6571,455,36754,0.253945,0.37,1,344387,343932,455
10873061,55.6448,65.9314,443,36811,0.234789,0.31,1,344448,344005,443
10875981,41.529,45.1863,441,36868,0.262958,0.15,1,344486,344045,441
10878901,49.1058,57.0373,432,36925,0.268592,0.15,1,344537,344105,432
10881821,35.4212,38.6075,430,36982,0.205718,0.19,1,344569,344139,430
10884741,30.2842,31.7215,429,37039,0.321144,0.11,1,344598,344169,429
10887661,26.0568,25.5443,430,37096,0.312229,0.19,1,344623,344193,430
10890581,18.0114,18.7089,429,37153,0.294446,0.19,1,344639,344210,429
10893501,50.8023,3.74177,488,37210,0.322889,0.15,1,344698,344210,488
10896421,26.1605,47.1484,450,37267,0.328578,0.19,1,344718,344268,450
10899341,27.6321,25.4297,458,37324,0.329716,0.19,1,344746,344288,458
10902261,35.1264,27.4859,467,37381,0.345943,0.19,1,344783,344316,467
10905181,35.8253,35.0972,466,37438,0.381189,0.27,1,344819,344353,466
10908101,54.3651,34.2194,491,37494,0.420238,0.23,1,344878,344387,491
10911021,42.873,55.6439,470,37550,0.460048,0.27,1,344918,344448,470
10913941,50.9746,41.5288,485,37606,0.48401,0.27,1,344971,344486,485
10916861,35.7949,49.1058,466,37662,0.504802,0.19,1,345003,344537,466
10919781,30.359,35.4212,463,37718,0.50896,0.35,1,345032,344569,463
10922701,26.8718,30.2842,460,37774,0.509792,0.31,1,345058,344598,460
10925621,18.1744,26.0568,451,37830,0.509958,0.29,1,345074,344623,451
10928541,52.4349,18.0114,496,37886,0.509992,0.33,1,345135,344639,496
10931461,26.487,50.8023,457,37942,0.509998,0.33,1,345155,344698,457
10934381,27.6974,26.1605,465,37998,0.542,0.33,1,345183,344718,465
10937301,35.9395,27.6321,475,38054,0.5644,0.35,1,345221,344746,475
10940221,38.3879,35.1264,477,38110,0.56888,0.39,1,345260,344783,477
10943141,56.4776,35.8253,502,38165,0.553776,0.43,1,345321,344819,502
10946061,44.0955,54.3651,484,38220,0.582755,0.47,1,345362,344878,484
10948981,52.8191,42.873,499,38275,0.636551,0.49,1,345417,344918,499
10951901,36.1638,50.9746,478,38330,0.64731,0.51,1,345449,344971,478
10954821,30.4328,35.7949,475,38385,0.681462,0.51,1,345478,345003,475
10957741,26.8866,30.359,472,38440,0.688292,0.51,1,345504,345032,472
10960661,18.1773,26.8718,462,38495,0.689659,0.51,1,345520,345058,462
10963581,52.4355,18.1744,507,38550,0.721932,0.51,1,345581,345074,507
10966501,27.2871,52.4349,467,38605,0.728386,0.51,1,345602,345135,467
10969421,7.05742,26.487,449,38660,0.761677,0.55,2,345604,345155,449
10972341,23.8115,27.6974,449,38715,0.768336,0.57,2,345632,345183,449
10975261,35.9623,35.9395,450,38770,0.801667,0.57,2,345671,345221,450
10978181,38.3925,38.3879,450,38824,0.792333,0.55,2,345710,345260,450
10981101,55.6785,56.4776,449,38878,0.822467,0.59,2,345770,345321,449
10984021,45.5357,44.0955,451,38932,0.844493,0.65,2,345813,345362,451
10986941,55.5071,52.8191,454,38986,0.880899,0.65,2,345871,345417,454
10989861,37.5014,36.1638,455,39040,0.87218,0.69,2,345904,345449,455
10992781,31.5003,30.4328,456,39094,0.902436,0.69,2,345934,345478,456
10995701,27.1001,26.8866,456,39148,0.908487,0.69,2,345960,345504,456
10998621,19.02,18.1773,457,39202,0.893698,0.73,2,345977,345520,457
11001541,54.204,52.4355,459,39256,0.906739,0.73,2,346040,345581,459
11004461,28.4408,27.2871,460,39310,0.877348,0.77,2,346062,345602,460
11007381,7.28816,7.05742,460,39364,0.87147,0.77,2,346064,345604,460
11010301,23.8576,23.8115,460,39418,0.902294,0.81,2,346092,345632,460
11176741,95,123,509,19203,0.69,1,1,348330,347821,509
11179661,73.4,70.2,520,19314,0.674,1,1,348398,347878,520
11182581,79.48,78.84,520,19424,0.6228,1,1,348479,347959,520
11185501,67.896,98.968,481,19533,0.59656,0.97,1,348544,348063,481
11188421,28.7792,42.9936,471,19642,0.607312,0.86,1,348563,348092,471
11191341,107.356,26.1987,576,19750,0.609462,0.73,1,348690,348114,576
11194261,95.8712,102.04,548,19857,0.561892,0.69,1,348783,348235,548
11197181,72.7742,96.4079,520,19964,0.584378,0.67,1,348850,348330,520
11200101,78.5548,73.6816,532,20070,0.588876,0.61,1,348930,348398,532
11203021,66.911,79.5363,515,20176,0.589775,0.59,1,348994,348479,515
11205941,27.7822,67.9073,468,20281,0.589955,0.61,1,349012,348544,468
11208861,109.556,28.7815,579,20386,0.637991,0.61,1,349142,348563,579
11211781,93.1113,107.356,541,20490,0.679598,0.55,1,349231,348690,541
11214701,73.8223,95.8713,517,20594,0.70392,0.59,1,349300,348783,517
11217621,78.7645,72.7743,530,20697,0.740784,0.59,1,349380,348850,530
11220541,66.9529,78.5548,514,20799,0.780157,0.59,2,349444,348930,514
11223461,27.7906,66.911,468,20901,0.804031,0.59,2,349462,348994,468
11226381,111.958,27.7822,583,21002,0.856806,0.65,2,349595,349012,583
11229301,23.9916,109.556,455,21103,0.883361,0.69,2,349597,349142,455
11322741,75,87,482,24112,0.79,1,2,351740,351258,482
11325661,68.6,71.8,481,24200,0.63,1,1,351807,351326,481
11328581,33.72,35.16,480,24288,0.566,1,1,351832,351352,480
11331501,95.544,99.032,476,24375,0.4412,0.93,1,351943,351467,476
11334421,47.9088,47.8064,477,24462,0.41624,1,1,351979,351502,477
11337341,61.5818,68.7613,468,24549,0.443248,0.77,1,352044,351576,468
11340261,61.9164,68.9523,461,24635,0.43265,0.85,1,352106,351645,461
11343181,27.5833,29.7905,460,24721,0.44653,0.79,1,352125,351665,460
11346101,59.9167,65.9581,453,24807,0.449306,0.59,1,352193,351740,453
11349021,64.7833,66.7916,452,24892,0.577861,0.55,1,352259,351807,452
11351941,32.1567,33.3583,451,24977,0.539572,0.41,1,352283,351832,451
11354861,90.4313,95.4717,445,25062,0.611914,0.41,1,352388,351943,445
11357781,46.0863,47.8943,444,25147,0.610383,0.45,1,352423,351979,444
11360701,59.6173,61.5789,442,25231,0.626077,0.43,1,352486,352044,442
11363621,63.1235,61.9158,444,25315,0.693215,0.45,1,352550,352106,444
11366541,25.4247,27.5832,441,25399,0.706643,0.45,1,352566,352125,441
11369461,61.8849,59.9166,444,25482,0.725329,0.45,1,352637,352193,444
11372381,69.177,11.9833,515,25565,0.745066,0.61,1,352708,352193,515
11375301,31.4354,55.1967,471,25648,0.749013,0.53,1,352730,352259,471
11378221,92.6871,30.2393,555,25731,0.749803,0.63,1,352838,352283,555
11381141,48.1374,90.0479,487,25813,0.781961,0.61,2,352875,352388,487
11384061,60.0275,46.0096,515,25895,0.836392,0.63,2,352938,352423,515
11386981,66.4055,59.6019,520,25977,0.815278,0.71,2,353006,352486,520
11389901,26.0811,63.1204,472,26059,0.811056,0.71,2,353022,352550,472
11392821,62.8162,25.4241,528,26140,0.858211,0.73,2,353094,352566,528
11395741,70.1632,61.8848,529,26221,0.867642,0.75,2,353166,352637,529
11398661,31.6326,69.177,480,26302,0.885529,0.75,2,353188,352708,480
11401581,92.7265,31.4354,566,26383,0.937106,0.75,2,353296,352730,566
11503781,37,35,518,29060,0.79,1,2,355151,354633,518
11506701,34.6,31,522,29133,0.694,1,1,355185,354663,522
11509621,49.32,44.6,527,29206,0.5148,1,1,355238,354711,527
11512541,56.264,48.12,536,29278,0.28696,1,1,355296,354760,536
11515461,71.2528,60.024,548,29350,0.097392,1,1,355371,354823,548
11518381,41.4506,72.0048,507,29422,0.0594784,1,1,355405,354898,507
11521301,59.4901,40.801,538,29494,0.0678957,0.96,1,355469,354931,538
11524221,56.698,59.3602,530,29566,0.0535791,0.95,1,355525,354995,530
11527141,52.1396,63.872,516,29638,0.0667158,0.81,1,355576,355060,516
11530061,36.8279,55.9744,495,29709,0.0373432,0.79,1,355609,355114,495
11532981,28.9656,40.7949,485,29780,0.0794686,0.67,1,355636,355151,485
11535901,7.39312,35.359,453,29851,0.0878937,0.47,1,355638,355185,453
11538821,33.4786,49.4718,440,29922,0.0575787,0.23,1,355678,355238,440
11541741,45.0957,56.2944,430,29993,0.0835157,0.05,1,355726,355296,430
11544661,62.6191,71.2589,422,30064,0.120703,0.05,1,355793,355371,422
11547581,39.7238,41.4518,422,30134,0.0641406,0.07,1,355827,355405,422
11550501,59.9448,59.4904,423,30204,0.0528281,0.05,1,355892,355469,423
11553421,57.589,56.6981,424,30274,0.0665656,0.07,1,355949,355525,424
11556341,50.7178,52.1396,422,30344,0.0373131,0.03,1,355998,355576,422
11559261,38.9436,36.8279,425,30414,0.0634626,0.09,1,356034,355609,425
11562181,29.3887,28.9656,425,30484,0.0526925,0.09,1,356061,355636,425
11565101,7.47774,7.39312,425,30553,0.0505385,0.05,1,356063,355638,425
11568021,33.4955,33.4786,425,30622,0.0501077,0.09,1,356103,355678,425
11570941,45.8991,45.0957,426,30691,0.130022,0.13,1,356152,355726,426
11573861,60.3798,62.6191,423,30760,0.0980043,0.05,1,356216,355793,423
11576781,39.276,39.7238,423,30829,0.219601,0.05,1,356250,355827,423
11579701,59.0552,59.9448,422,30898,0.21192,0.07,1,356314,355892,422
11582621,59.811,57.589,425,30966,0.178384,0.03,1,356374,355949,425
11585541,49.5622,50.7178,423,31034,0.155677,0.07,1,356421,355998,423
11588461,38.7124,38.9436,423,31102,0.135135,0.05,1,356457,356034,423
11591381,28.5425,29.3887,422,31170,0.131027,0.05,1,356483,356061,422
11594301,7.3085,7.47774,422,31238,0.130205,0.05,1,356485,356063,422
11597221,33.4617,33.4955,422,31306,0.146041,0.05,1,356525,356103,422
11600141,49.8923,6.69911,476,31374,0.181208,0.15,1,356579,356103,476
11603061,61.9785,40.5398,492,31441,0.140242,0.09,1,356644,356152,492
11605981,41.9957,59.308,465,31508,0.164048,0.25,1,356681,356216,465
11608901,57.9991,39.0616,493,31575,0.16881,0.21,1,356743,356250,493
11611821,57.9998,59.0123,487,31642,0.185762,0.17,1,356801,356314,487
11614741,50,59.8025,475,31709,0.253152,0.15,1,356849,356374,475
11617661,38,49.5605,463,31776,0.26663,0.13,1,356884,356421,463
11620581,28.4,38.7121,453,31843,0.269326,0.13,1,356910,356457,453
11623501,7.28,28.5424,429,31909,0.269865,0.13,1,356912,356483,429
11626421,34.256,7.30848,468,31975,0.285973,0.15,1,356953,356485,468
11629341,50.0512,33.4617,482,32041,0.289195,0.19,1,357007,356525,482
11632261,61.2102,49.8923,492,32107,0.305839,0.13,1,357071,356579,492
11635181,43.442,61.9785,466,32173,0.325168,0.17,1,357110,356644,466
11638101,58.2884,41.9957,491,32239,0.377034,0.17,1,357172,356681,491
11641021,59.6577,57.9991,489,32305,0.371407,0.19,1,357232,356743,489
11643941,53.5315,57.9998,483,32370,0.386281,0.27,1,357284,356801,483
11646861,37.9063,50,469,32435,0.389256,0.27,1,357318,356849,469
11649781,28.3813,38,460,32500,0.405851,0.27,1,357344,356884,460
11652701,7.27625,28.4,436,32565,0.40917,0.27,1,357346,356910,436
11655621,35.0553,7.28,476,32630,0.409834,0.29,1,357388,356912,476
11658541,50.2111,34.256,489,32695,0.441967,0.29,1,357442,356953,489
11661461,62.0422,50.0512,500,32760,0.496393,0.31,1,357507,357007,500
11664381,14.0084,61.2102,438,32825,0.507279,0.33,1,357509,357071,438
11667301,34.0017,43.442,438,32889,0.557456,0.39,1,357548,357110,438
11670221,58.8003,58.2884,441,32953,0.583491,0.37,1,357613,357172,441
11673141,58.9601,59.6577,440,33017,0.588698,0.39,1,357672,357232,440
11676061,53.392,53.5315,440,33081,0.55774,0.39,1,357724,357284,440
11678981,38.6784,37.9063,441,33145,0.535548,0.41,1,357759,357318,441
11681901,29.3357,28.3813,442,33209,0.61111,0.41,1,357786,357344,442
11684821,7.46714,7.27625,442,33273,0.594222,0.41,1,357788,357346,442
11687741,35.0934,35.0553,442,33337,0.590844,0.45,1,357830,357388,442
11690661,51.8187,50.2111,444,33400,0.590169,0.51,1,357886,357442,444
11693581,64.7637,62.0422,447,33463,0.606034,0.51,1,357954,357507,447
11696501,14.5527,14.0084,447,33526,0.609207,0.57,1,357956,357509,447
11699421,34.9105,34.0017,448,33589,0.625841,0.59,1,357996,357548,448
11702341,59.7821,58.8003,449,33652,0.693168,0.59,1,358062,357613,449
11705261,59.1564,58.9601,449,33715,0.754634,0.55,2,358121,357672,449
11708181,51.8313,53.392,447,33778,0.750927,0.53,2,358171,357724,447
11711101,39.1663,38.6784,448,33841,0.782185,0.63,2,358207,357759,448
11714021,31.8333,29.3357,451,33903,0.836437,0.59,2,358237,357786,451
11716941,7.96665,7.46714,451,33965,0.847287,0.59,2,358239,357788,451
11719861,35.1933,35.0934,451,34027,0.881458,0.59,2,358281,357830,451
11722781,50.2387,51.8187,449,34089,0.936292,0.61,2,358335,357886,449
11865861,32,25,502,37004,0.85,1,2,360375,359873,502
11868781,29.6,49.8,475,37061,0.802,1,2,360404,359929,475
11871701,48.32,33.96,498,37118,0.6164,1,1,360457,359959,498
11874621,35.264,43.592,484,37175,0.51528,1,1,360489,360005,484
11877541,59.0528,8.7184,549,37232,0.431056,0.84,1,360554,360005,549
11880461,33.4106,54.5437,510,37289,0.318211,1,1,360581,360071,510
11883381,29.0821,38.9087,503,37346,0.311642,1,1,360609,360106,503
11886301,20.2164,29.3817,494,37403,0.358328,1,1,360627,360133,494
11889221,34.4433,24.2763,509,37459,0.367666,0.95,1,360665,360156,509
11892141,43.6887,31.2553,522,37515,0.321533,1,1,360711,360189,522
11895061,55.1377,49.4511,526,37571,0.312307,0.78,1,360769,360243,526
11897981,38.2275,57.0902,501,37627,0.278461,0.87,1,360803,360302,501
11900901,30.0455,44.218,488,37683,0.303692,0.85,1,360831,360343,488
11903821,27.6091,34.4436,483,37739,0.324738,0.79,1,360858,360375,483
11906741,41.5218,30.0887,499,37795,0.280948,0.57,1,360903,360404,499
11909661,33.1044,48.4177,477,37851,0.32019,0.49,1,360934,360457,477
11912581,53.8209,35.2835,504,37907,0.344038,0.41,1,360993,360489,504
11915501,33.1642,59.0567,467,37963,0.332808,0.29,1,361021,360554,467
11918421,29.8328,33.4113,469,38019,0.362562,0.31,1,361050,360581,469
11921341,21.9666,29.0823,461,38075,0.336512,0.37,1,361070,360609,461
11924261,31.5933,20.2165,477,38130,0.379302,0.37,1,361104,360627,477
11927181,39.1187,34.4433,480,38185,0.38786,0.31,1,361145,360665,480
11930101,54.2237,43.6887,492,38240,0.421572,0.31,1,361203,360711,492
11933021,38.0447,55.1377,468,38295,0.444314,0.27,1,361237,360769,468
11935941,32.409,38.2275,465,38350,0.464863,0.31,1,361268,360803,465
11938861,28.0818,30.0455,464,38405,0.436973,0.33,1,361295,360831,464
11941781,39.2164,27.6091,479,38460,0.431395,0.27,1,361337,360858,479
11944701,35.0433,41.5218,468,38515,0.430279,0.33,1,361371,360903,468
11947621,53.4087,33.1044,495,38570,0.478056,0.35,1,361429,360934,495
11950541,12.2817,53.8209,438,38625,0.487611,0.33,1,361431,360993,438
11953461,25.6563,33.1642,439,38680,0.505522,0.37,1,361460,361021,439
11956381,27.5313,29.8328,438,38735,0.525104,0.33,1,361488,361050,438
11959301,21.5063,21.9666,438,38790,0.561021,0.39,1,361508,361070,438
11962221,33.9013,31.5933,441,38844,0.600204,0.39,1,361545,361104,441
11965141,40.3803,39.1187,442,38898,0.592041,0.43,1,361587,361145,442
11968061,55.2761,54.2237,443,38952,0.542408,0.45,1,361646,361203,443
11970981,39.0552,38.0447,444,39006,0.548482,0.47,1,361681,361237,444
11973901,31.811,32.409,443,39060,0.565696,0.43,1,361711,361268,443
11976821,27.9622,28.0818,443,39114,0.553139,0.43,1,361738,361295,443
11979741,39.1924,39.2164,443,39168,0.614628,0.43,1,361780,361337,443
11982661,35.0385,35.0433,443,39222,0.610926,0.49,1,361814,361371,443
11985581,55.8077,53.4087,446,39276,0.658185,0.49,1,361875,361429,446
11988501,12.7615,12.2817,446,39330,0.635637,0.51,1,361877,361431,446
11991421,27.3523,25.6563,448,39384,0.663127,0.53,1,361908,361460,448
11994341,27.8705,27.5313,448,39438,0.684625,0.57,1,361936,361488,448
11997261,21.5741,21.5063,448,39492,0.720925,0.61,1,361956,361508,448
12000181,35.5148,33.9013,450,39545,0.744185,0.59,1,361995,361545,450
12003101,39.903,40.3803,449,39598,0.828837,0.53,2,362036,361587,449
12006021,54.3806,55.2761,448,39651,0.829767,0.55,2,362094,361646,448
12008941,39.6761,39.0552,449,39704,0.877953,0.57,2,362130,361681,449
12011861,32.7352,31.811,450,39757,0.887591,0.55,2,362161,361711,450
12014781,27.347,27.9622,449,39810,0.905518,0.63,2,362187,361738,449
12242541,74,83,484,19925,0.05,0.41,1,365036,364552,484
12245461,66,71,480,20031,0.066,0,1,365100,364620,480
12248381,84.4,107,453,20137,0.0532,0.09,1,365189,364736,453
12251301,84.88,75,471,20242,0.01864,0.07,1,365274,364803,471
12254221,32.176,61.4,432,20347,0.003728,0.01,1,365293,364861,432
12257141,80.8352,29.08,504,20451,0.0087456,0.03,1,365386,364882,504
12260061,74.567,69.816,497,20555,0.0417491,0.05,1,365459,364962,497
12262981,69.3134,73.1632,491,20658,0.0643498,0.07,1,365527,365036,491
12265901,80.2627,65.8326,510,20761,0.03687,0.05,1,365610,365100,510
12268821,85.6525,84.3665,508,20863,0.031374,0.01,1,365697,365189,508
12271741,32.3305,84.8733,442,20965,0.0142748,0,1,365716,365274,442
12274661,8.0661,32.1747,425,21066,0.010855,0.01,1,365718,365293,425
12277581,76.0132,80.8349,425,21167,0.042171,0.05,1,365811,365386,425
12280501,72.8026,74.567,424,21267,0.0964342,0.07,1,365883,365459,424
12283421,69.7605,69.3134,425,21367,0.107287,0.03,1,365952,365527,425
12286341,77.9521,80.2627,422,21466,0.0774574,0.03,1,366032,365610,422
12289261,85.9904,85.6525,423,21565,0.0394915,0.01,1,366120,365697,423
12292181,32.3981,32.3305,423,21663,0.0478983,0.01,1,366139,365716,423
12295101,8.07962,8.0661,423,21761,0.0495797,0.05,1,366141,365718,423
12298021,77.6159,76.0132,425,21858,0.0339159,0.11,1,366236,365811,425
12300941,73.1232,72.8026,425,21955,0.110783,0.11,1,366308,365883,425
12303861,69.8246,69.7605,425,22052,0.158157,0.07,1,366377,365952,425
12306781,76.3649,77.9521,423,22148,0.199631,0.03,1,366455,366032,423
12309701,84.873,85.9904,422,22244,0.0639263,0.05,1,366542,366120,422
12312621,32.1746,32.3981,422,22339,0.0367853,0.05,1,366561,366139,422
12315541,8.03492,8.07962,422,22434,0.0313571,0.03,1,366563,366141,422
12318461,78.407,77.6159,423,22529,0.0302714,0.03,1,366659,366236,423
12321381,76.4814,15.5232,499,22623,0.0300543,0.13,1,366735,366236,499
12324301,70.4963,60.7046,496,22717,0.0300109,0.17,1,366804,366308,496
12327221,79.6993,67.3409,509,22810,0.0940022,0.21,1,366886,366377,509
12330141,77.5399,75.8682,508,22903,0.1228,0.03,1,366963,366455,508
12333061,32.308,84.7736,442,22996,0.16056,0.03,1,366984,366542,442
12335981,8.06159,32.1547,425,23088,0.168112,0.03,1,366986,366561,425
12338901,77.6123,8.03094,518,23180,0.105622,0.03,1,367081,366563,518
12341821,77.1225,78.4062,499,23271,0.0771245,0.03,1,367158,366659,499
12344741,69.8245,76.4812,491,23362,0.103425,0.03,1,367226,366735,491
12347661,82.7649,70.4962,508,23453,0.124685,0.11,1,367312,366804,508
12350581,78.953,79.6992,504,23543,0.160937,0.13,1,367390,366886,504
12353501,32.5906,77.5399,448,23633,0.168187,0.17,1,367411,366963,448
12356421,8.11812,32.308,429,23723,0.169637,0.17,1,367413,366984,429
12359341,76.8236,8.06159,521,23812,0.201928,0.09,1,367507,366986,521
12362261,75.3647,77.6123,501,23901,0.240385,0.07,1,367582,367081,501
12365181,16.6729,77.1225,426,23990,0.248077,0.11,1,367584,367158,426
12368101,58.5346,69.8245,427,24078,0.297615,0.13,1,367653,367226,427
12371021,81.3069,82.7649,428,24166,0.371523,0.17,1,367740,367312,428
12373941,81.0614,78.953,431,24254,0.402305,0.17,1,367821,367390,431
12376861,32.2123,32.5906,430,24341,0.376461,0.17,1,367841,367411,430
12379781,8.04245,8.11812,430,24428,0.371292,0.21,1,367843,367413,430
12382701,76.8085,76.8236,430,24515,0.434258,0.25,1,367937,367507,430
12385621,78.5617,75.3647,434,24601,0.494852,0.25,1,368016,367582,434
12388541,17.3123,16.6729,434,24687,0.47497,0.31,1,368018,367584,434
12391461,59.4625,58.5346,435,24773,0.566994,0.39,1,368088,367653,435
12394381,84.6925,81.3069,439,24859,0.617399,0.41,1,368179,367740,439
12397301,82.5385,81.0614,440,24944,0.65948,0.37,1,368261,367821,440
12400221,32.5077,32.2123,440,25029,0.667896,0.37,1,368281,367841,440
12403141,8.10154,8.04245,440,25114,0.669579,0.45,1,368283,367843,440
12406061,78.4203,76.8085,442,25198,0.701916,0.51,1,368379,367937,442
12408981,81.2841,78.5617,445,25282,0.740383,0.47,1,368461,368016,445
12411901,17.8568,17.3123,445,25366,0.748077,0.59,1,368463,368018,445
12414821,62.7714,59.4625,449,25450,0.797615,0.59,2,368537,368088,449
12417741,86.1543,11.8925,541,25533,0.823523,0.63,2,368629,368088,541
12420661,86.0309,75.1785,536,25616,0.812705,0.67,2,368715,368179,536
12423581,34.0062,80.6357,475,25699,0.826541,0.67,2,368736,368261,475
12426501,8.40123,32.1271,457,25781,0.797308,0.67,2,368738,368281,457
12429421,79.2802,8.02543,552,25863,0.871462,0.71,2,368835,368283,552
12432341,84.6561,78.4051,542,25945,0.886292,0.75,2,368921,368379,542
12435261,18.5312,81.281,462,26027,0.889259,0.75,2,368923,368461,462
12438181,63.7062,17.8562,535,26108,0.857852,0.81,2,368998,368463,535
12441101,87.1412,62.7712,554,26189,0.86757,0.83,2,369091,368537,554
12444021,85.4282,86.1542,547,26270,0.901514,0.81,2,369176,368629,547
12446941,33.0856,86.0309,481,26351,0.924303,0.83,2,369196,368715,481
12449861,8.21713,34.0062,462,26431,0.928861,0.79,2,369198,368736,462
12543301,105,62,573,28883,0.43,1,1,370991,370418,573
12546221,93,87.6,569,28956,0.142,1,1,371081,370512,569
12549141,42.6,86.32,513,29029,0.0284,1,1,371111,370598,513
12552061,25.32,42.064,503,29102,0.02968,1,1,371132,370629,503
12554981,28.264,21.2128,516,29175,0.045936,1,1,371161,370645,516
12557901,24.0528,27.4426,510,29248,0.0651872,1,1,371184,370674,510
12560821,68.0106,33.4885,554,29320,0.0210374,0.94,1,371263,370709,554
12563741,37.6021,79.4977,493,29392,0.0282075,0.8,1,371293,370800,493
12566661,44.3204,40.6995,508,29464,0.0136415,0.73,1,371339,370831,508
12569581,80.8641,52.1399,543,29536,0.0587283,0.43,1,371429,370886,543
12572501,74.5728,94.428,511,29608,0.0517457,0.07,1,371502,370991,511
12575421,39.7146,90.8856,452,29679,0.0103491,0,1,371533,371081,452
12578341,26.3429,42.1771,445,29750,0.0260698,0.03,1,371556,371111,445
12581261,31.6686,25.2354,457,29821,0.045214,0.05,1,371589,371132,457
12584181,7.93372,28.2471,430,29892,0.0490428,0.07,1,371591,371161,430
12587101,15.9867,24.0494,425,29963,0.113809,0.01,1,371609,371184,425
12590021,66.3973,68.0099,425,30034,0.0627617,0.03,1,371688,371263,425
12592941,35.6795,37.602,423,30104,0.116552,0.01,1,371716,371293,423
12595861,43.9359,44.3204,423,30174,0.0233105,0.07,1,371762,371339,423
12598781,80.7872,80.8641,423,30244,0.0606621,0.05,1,371852,371429,423
12601701,76.9574,74.5728,426,30314,0.0681324,0,1,371928,371502,426
12604621,37.7915,39.7146,423,30384,0.0376265,0.03,1,371956,371533,423
12607541,25.9583,26.3429,423,30454,0.0155253,0.05,1,371979,371556,423
12610461,32.3917,31.6686,424,30523,0.0591051,0.05,1,372013,371589,424
12613381,8.07833,7.93372,424,30592,0.067821,0.13,1,372015,371591,424
12616301,19.2157,15.9867,428,30661,0.117564,0.05,1,372037,371609,428
12619221,64.6431,66.3973,425,30730,0.143513,0.13,1,372113,371688,425
12622141,36.1286,35.6795,426,30799,0.164703,0,1,372142,371716,426
12625061,40.8257,43.9359,422,30868,0.168941,0.07,1,372184,371762,422
12627981,80.9651,80.7872,423,30937,0.185788,0.07,1,372275,371852,423
12630901,76.993,76.9574,423,31005,0.237158,0.03,1,372351,371928,423
12633821,36.9986,37.7915,422,31073,0.279432,0.01,1,372378,371956,422
12636741,25.7997,25.9583,422,31141,0.239886,0.07,1,372401,371979,422
12639661,33.1599,32.3917,423,31209,0.103977,0.07,1,372436,372013,423
12642581,8.23199,8.07833,423,31277,0.0447954,0.07,1,372438,372015,423
12645501,20.8464,1.61567,447,31345,0.0329591,0.13,1,372462,372015,447
12648421,67.3693,17.9231,504,31413,0.0785918,0.15,1,372541,372037,504
12651341,37.4739,64.3846,458,31480,0.103718,0.17,1,372571,372113,458
12654261,39.4948,36.0769,469,31547,0.188744,0.17,1,372611,372142,469
12657181,83.899,40.8154,522,31614,0.221749,0.19,1,372706,372184,522
12660101,79.9798,80.9631,510,31681,0.26035,0.25,1,372785,372275,510
12663021,36.796,76.9926,460,31748,0.26807,0.29,1,372811,372351,460
12665941,23.3592,36.9985,453,31815,0.285614,0.23,1,372831,372378,453
12668861,26.2718,25.7997,457,31881,0.321123,0.07,1,372858,372401,457
12671781,6.85437,33.1599,424,31947,0.328225,0.03,1,372860,372436,424
12674701,20.5709,8.23199,446,32013,0.329645,0.03,1,372884,372438,446
12677621,70.5142,20.8464,505,32079,0.329929,0.09,1,372967,372462,505
12680541,38.9028,67.3693,457,32145,0.329986,0.11,1,372998,372541,457
12683461,42.9806,37.4739,471,32211,0.297997,0.21,1,373042,372571,471
12686381,86.9961,39.4948,529,32277,0.307599,0.23,1,373140,372611,529
12689301,80.5992,83.899,513,32343,0.32552,0.27,1,373219,372706,513
12692221,36.9198,79.9798,460,32408,0.329104,0.27,1,373245,372785,460
12695141,24.984,36.796,456,32473,0.297821,0.29,1,373267,372811,456
12698061,27.3968,23.3592,464,32538,0.323564,0.33,1,373295,372831,464
12700981,7.07936,26.2718,439,32603,0.328713,0.33,1,373297,372858,439
12703901,20.6159,6.85437,461,32668,0.329743,0.33,1,373321,372860,461
12706821,70.5232,20.5709,520,32733,0.313949,0.33,1,373404,372884,520
12709741,15.7046,70.5142,439,32798,0.32679,0.33,1,373406,372967,439
12712661,27.1409,38.9028,438,32862,0.377358,0.29,1,373436,372998,438
12715581,39.0282,42.9806,436,32926,0.371472,0.31,1,373478,373042,436
12718501,87.0056,86.9961,437,32990,0.482294,0.33,1,373577,373140,437
12721421,81.4011,80.5992,438,33054,0.520459,0.33,1,373657,373219,438
12724341,37.0802,36.9198,438,33118,0.544092,0.29,1,373683,373245,438
12727261,24.216,24.984,437,33182,0.532818,0.33,1,373704,373267,437
12730181,28.0432,27.3968,438,33246,0.562564,0.33,1,373733,373295,438
12733101,7.20864,7.07936,438,33310,0.568513,0.33,1,373735,373297,438
12736021,20.6417,20.6159,438,33373,0.569703,0.31,1,373759,373321,438
12738941,70.5283,70.5232,438,33436,0.569941,0.33,1,373842,373404,438
12741861,15.7057,15.7046,438,33499,0.569988,0.39,1,373844,373406,438
12744781,27.9411,27.1409,439,33562,0.617998,0.37,1,373875,373436,439
12747701,39.9882,39.0282,440,33625,0.6276,0.51,1,373918,373478,440
12750621,91.1976,87.0056,445,33688,0.66152,0.53,1,374022,373577,445
12753541,83.0395,81.4011,446,33751,0.700304,0.55,1,374103,373657,446
12756461,38.2079,37.0802,447,33814,0.756061,0.53,2,374130,373683,447
12759381,23.6416,24.216,446,33877,0.799212,0.57,2,374150,373704,446
12762301,29.5283,28.0432,448,33939,0.807842,0.57,2,374181,373733,448
12765221,7.50566,7.20864,448,34001,0.809568,0.57,2,374183,373735,448
12768141,20.7011,20.6417,448,34063,0.777914,0.57,2,374207,373759,448
12771061,71.3402,70.5283,449,34125,0.819583,0.57,2,374291,373842,449
12773981,15.868,15.7057,449,34187,0.827917,0.63,2,374293,373844,449
12776901,29.5736,27.9411,451,34249,0.845583,0.63,2,374326,373875,451
12779821,41.1147,5.58823,495,34311,0.865117,0.63,2,374370,373875,495
12782741,93.0229,35.5176,558,34373,0.949023,0.67,2,374476,373918,558
12955021,66,39,543,37830,0.67,1,1,376870,376327,543
12957941,65.2,74.2,525,37886,0.558,1,1,376935,376410,525
12960861,42.64,48.44,520,37942,0.4556,1,1,376972,376452,520
12963781,37.328,52.088,503,37998,0.37112,1,1,377008,376505,503
12966701,41.8656,36.0176,514,38054,0.322224,1,1,377051,376537,514
12969621,35.5731,32.0035,517,38110,0.232445,1,1,377085,376568,517
12972541,33.5146,36.0007,513,38165,0.214489,1,1,377118,376605,513
12975461,33.9029,32.8001,515,38220,0.146898,1,1,377152,376637,515
12978381,29.9806,34.56,509,38275,0.0533796,1,1,377181,376672,509
12981301,19.5961,30.112,497,38330,0.0666759,1,1,377198,376701,497
12984221,28.7192,26.0224,503,38385,0.0693352,0.92,1,377229,376726,503
12987141,38.5438,31.6045,511,38440,0.053867,0.98,1,377270,376759,511
12990061,54.9088,42.3209,525,38495,0.0347734,0.67,1,377329,376804,525
12992981,54.1818,61.2642,513,38550,0.0309547,0.53,1,377383,376870,513
12995901,34.0364,64.2528,477,38605,0.0781909,0.43,1,377412,376935,477
12998821,8.40727,42.4506,442,38660,0.0716382,0.35,1,377414,376972,442
13001741,28.8815,37.2901,440,38715,0.0703276,0.31,1,377448,377008,440
13004661,32.1763,41.858,430,38770,0.0700655,0.21,1,377481,377051,430
13007581,32.0353,35.5716,428,38824,0.134013,0.21,1,377513,377085,428
13010501,30.4071,33.5143,425,38878,0.130803,0.13,1,377543,377118,425
13013421,36.4814,33.9029,429,38932,0.178161,0.03,1,377581,377152,429
13016341,28.8963,29.9806,427,38986,0.155632,0.07,1,377608,377181,427
13019261,16.1793,19.5961,423,39040,0.167126,0.07,1,377621,377198,423
13022181,29.6359,28.7192,425,39094,0.121425,0.05,1,377654,377229,425
13025101,37.1272,38.5438,423,39148,0.160285,0.03,1,377693,377270,423
13028021,54.6254,54.9088,423,39202,0.168057,0.03,1,377752,377329,423
13030941,53.3251,54.1818,422,39256,0.185611,0.09,1,377805,377383,422
13033861,36.265,34.0364,425,39310,0.157122,0.07,1,377837,377412,425
13036781,8.853,8.40727,425,39364,0.183424,0.07,1,377839,377414,425
13039701,28.9706,28.8815,425,39418,0.188685,0.07,1,377873,377448,425
13042621,32.9941,32.1763,426,39472,0.237737,0.15,1,377907,377481,426
13045541,32.9988,32.0353,427,39526,0.215547,0.13,1,377940,377513,427
13048461,31.3998,30.4071,428,39579,0.259109,0.19,1,377971,377543,428
13051381,37.48,36.4814,429,39632,0.299822,0.15,1,378010,377581,429
13054301,29.096,28.8963,429,39685,0.339964,0.17,1,378037,377608,429
13057221,16.2192,16.1793,429,39738,0.347993,0.11,1,378050,377621,429
13060141,28.8438,29.6359,428,39791,0.349599,0.17,1,378082,377654,428
13063061,35.3688,37.1272,426,39844,0.38192,0.17,1,378119,377693,426
13065981,55.8738,54.6254,428,39897,0.388384,0.19,1,378180,377752,428
13068901,54.3748,53.3251,429,39950,0.453677,0.15,1,378234,377805,429
13071821,36.4749,36.265,429,40003,0.466735,0.19,1,378266,377837,429
13074741,8.89499,8.853,429,40056,0.437347,0.19,1,378268,377839,429
13077661,30.579,28.9706,431,40109,0.479469,0.19,1,378304,377873,431
13080581,34.1158,5.79412,466,40162,0.471894,0.25,1,378339,377873,466
13083501,34.0232,28.3588,466,40215,0.454379,0.21,1,378373,377907,466
13086421,30.8046,32.0718,463,40268,0.498876,0.27,1,378403,377940,463
13089341,41.3609,31.2144,476,40320,0.539775,0.31,1,378447,377971,476
13092261,29.8722,37.4429,464,40372,0.595955,0.35,1,378474,378010,464
13095181,15.5744,29.0886,449,40424,0.575191,0.35,1,378486,378037,449
13098101,30.3149,16.2177,470,40476,0.571038,0.35,1,378520,378050,470
13101021,35.663,28.8435,475,40528,0.586208,0.39,1,378557,378082,475
13103941,57.5326,35.3687,501,40580,0.637242,0.39,1,378620,378119,501
13106861,56.3065,55.8737,496,40632,0.663448,0.47,1,378676,378180,496
13109781,37.6613,54.3747,475,40684,0.66869,0.47,1,378709,378234,475
13112701,9.13226,36.4749,445,40736,0.669738,0.43,1,378711,378266,445
13115621,30.6265,8.89499,479,40788,0.669948,0.49,1,378747,378268,479
13118541,33.3253,30.579,477,40840,0.68599,0.47,1,378781,378304,477
13121461,35.4651,34.1158,478,40892,0.753198,0.45,2,378817,378339,478
13124381,32.693,34.0232,476,40944,0.78264,0.51,2,378849,378373,476
13127301,44.9386,30.8046,494,40996,0.756528,0.55,2,378897,378403,494
13130221,29.7877,41.3609,476,41047,0.751306,0.61,2,378923,378447,476
13133141,15.5575,29.8722,461,41098,0.766261,0.57,2,378935,378474,461
13136061,30.3115,15.5744,483,41149,0.769252,0.57,2,378969,378486,483
13138981,37.2623,30.3149,488,41200,0.76985,0.59,2,379008,378520,488
13141901,59.4525,35.663,516,41251,0.78597,0.65,2,379073,378557,516
13144821,58.2905,57.5326,511,41302,0.773194,0.67,2,379131,378620,511
13147741,37.2581,56.3065,487,41353,0.770639,0.67,2,379163,378676,487
13150661,9.05162,37.6613,456,41404,0.770128,0.67,2,379165,378709,456
13153581,30.6103,9.13226,490,41455,0.770026,0.67,2,379201,378711,490
13156501,34.9221,30.6265,490,41506,0.754005,0.69,2,379237,378747,490
13159421,8.58441,33.3253,458,41557,0.782801,0.77,2,379239,378781,458
13162341,30.5169,35.4651,458,41608,0.78856,0.79,2,379275,378817,458
13165261,34.1034,32.693,461,41659,0.853712,0.75,2,379310,378849,461
13168181,43.6207,44.9386,459,41710,0.882742,0.75,2,379356,378897,459
13171101,30.3241,29.7877,460,41761,0.872548,0.77,2,379383,378923,460
13174021,15.6648,15.5575,460,41812,0.87051,0.77,2,379395,378935,460
13176941,30.333,30.3115,460,41862,0.902102,0.77,2,379429,378969,460
13179861,38.0666,37.2623,461,41912,0.87642,0.79,2,379469,379008,461
13182781,59.6133,59.4525,461,41962,0.919284,0.77,2,379534,379073,461
13185701,57.5227,58.2905,460,42012,0.927857,0.77,2,379591,379131,460
13188621,37.1045,37.2581,460,42062,0.945571,0.77,2,379623,379163,460
13191541,9.02091,9.05162,460,42112,0.949114,0.77,2,379625,379165,460
13194461,31.4042,30.6103,461,42162,0.933823,0.75,2,379662,379201,461
13349221,59,66,485,44738,0.71,1,1,381429,380944,485
13352141,59.8,60.4,486,44785,0.614,1,1,381489,381003,486
13355061,39.96,32.88,495,44832,0.5628,1,1,381524,381029,495
13357981,26.392,25.776,494,44879,0.52056,0.95,1,381547,381053,494
13360901,34.0784,29.1552,500,44926,0.464112,1,1,381583,381083,500
13363821,31.6157,31.431,499,44973,0.404822,1,1,381614,381115,499
13366741,29.5231,31.8862,496,45020,0.440964,1,1,381643,381147,496
13369661,21.9046,24.7772,493,45067,0.480193,0.95,1,381663,381170,493
13372581,24.3809,29.7554,487,45114,0.392039,0.92,1,381688,381201,487
13375501,19.2762,29.1511,476,45161,0.374408,1,1,381706,381230,476
13378421,24.6552,32.2302,469,45208,0.418882,0.97,1,381732,381263,469
13381341,26.531,30.446,466,45255,0.411776,0.97,1,381759,381293,466
13384261,26.1062,26.8892,466,45302,0.442355,0.9,1,381785,381319,466
13387181,17.2212,19.7778,463,45349,0.480471,0.85,1,381800,381337,463
13390101,27.4442,30.3556,460,45396,0.488094,0.71,1,381830,381370,460
13393021,48.6889,53.2711,455,45442,0.505619,0.59,1,381884,381429,455
13395941,54.5378,58.6542,451,45488,0.557124,0.55,1,381940,381489,451
13398861,37.3076,39.7308,449,45534,0.551425,0.51,1,381973,381524,449
13401781,22.6615,26.3462,445,45580,0.534285,0.45,1,381992,381547,445
13404701,29.3323,34.0692,440,45626,0.626857,0.39,1,382023,381583,440
13407621,29.8665,31.6138,439,45672,0.613371,0.45,1,382053,381614,439
13410541,29.9733,29.5228,440,45718,0.658674,0.49,1,382083,381643,440
13413461,21.9947,21.9046,440,45764,0.635735,0.37,1,382103,381663,440
13416381,23.5989,24.3809,439,45810,0.631147,0.37,1,382127,381688,439
13419301,21.5198,19.2762,442,45856,0.662229,0.43,1,382148,381706,442
13422221,25.904,24.6552,443,45902,0.668446,0.41,1,382175,381732,443
13425141,25.9808,26.531,442,45948,0.717689,0.41,1,382201,381759,442
13428061,26.7962,5.30621,469,45994,0.711538,0.45,1,382228,381759,469
13430981,17.3592,21.8612,458,46040,0.726308,0.49,1,382243,381785,458
13433901,27.4718,16.3722,473,46086,0.729262,0.49,1,382273,381800,473
13436821,51.0944,27.2744,500,46132,0.729852,0.51,1,382330,381830,500
13439741,55.8189,48.6549,503,46178,0.76197,0.57,2,382387,381884,503
13442661,38.3638,54.531,481,46224,0.800394,0.55,2,382421,381940,481
13445581,22.8728,37.3062,467,46270,0.808079,0.53,2,382440,381973,467
13448501,31.7746,22.6612,482,46316,0.809616,0.65,2,382474,381992,482
13451421,30.3549,29.3322,481,46362,0.809923,0.61,2,382504,382023,481
13454341,30.871,29.8664,482,46407,0.841985,0.67,2,382535,382053,482
13457261,22.1742,29.9733,472,46452,0.848397,0.63,2,382555,382083,472
13460181,23.6348,21.9947,476,46497,0.849679,0.63,2,382579,382103,476
13463101,23.127,23.5989,475,46542,0.849936,0.67,2,382602,382127,475
13466021,26.2254,21.5198,481,46587,0.865987,0.67,2,382629,382148,481
13468941,26.8451,25.904,481,46632,0.853197,0.73,2,382656,382175,481
13471861,27.769,25.9808,483,46677,0.85064,0.71,2,382684,382201,483
13474781,18.3538,26.7962,472,46722,0.866128,0.73,2,382700,382228,472
13477701,27.6708,17.3592,487,46767,0.917226,0.73,2,382730,382243,487
13480621,51.1342,27.4718,514,46812,0.943445,0.73,2,382787,382273,514
13492301,34,19,495,46992,0.91,0.81,2,382935,382440,495
13712761,524,578,470,21900,0,0.63,1,385154,384684,470
13715681,177.6,183.6,476,22724,0.008,0.15,1,385245,384769,476
13718601,91.52,107.12,458,22817,0.0736,0.03,1,385315,384857,458
13721521,63.104,75.024,447,22910,0.02272,0.15,1,385371,384924,447
13724441,77.4208,73.4048,455,23003,0.044544,0.05,1,385452,384997,455
13727361,47.4842,58.681,440,23095,0.0329088,0.01,1,385492,385052,440
13730281,31.8968,48.5362,422,23187,0.00658176,0.05,1,385520,385098,422
13733201,31.1794,24.1072,435,23278,0.00931635,0,1,385551,385116,435
13736121,101.436,35.2214,516,23369,0.0258633,0.01,1,385670,385154,516
13739041,76.2872,79.8443,495,23460,0.0931727,0.09,1,385740,385245,495
13741961,57.6574,71.9689,478,23550,0.0586345,0.01,1,385793,385315,478
13744881,77.1315,59.1938,504,23640,0.0357269,0.05,1,385875,385371,504
13747801,46.6263,76.6388,462,23730,0.0151454,0.03,1,385914,385452,462
13750721,30.9253,47.3278,449,23819,0.0110291,0,1,385941,385492,449
13753641,31.7851,31.8655,453,23908,0.00220582,0.01,1,385973,385520,453
13756561,7.95701,31.1731,424,23997,0.00844116,0.03,1,385975,385551,424
13759481,97.5914,101.435,425,24085,0.0736882,0.11,1,386095,385670,425
13762401,77.1183,76.2869,427,24173,0.0867377,0.05,1,386167,385740,427
13765321,53.8237,57.6574,422,24261,0.0573475,0.03,1,386215,385793,422
13768241,77.1647,77.1315,423,24348,0.0514695,0.01,1,386298,385875,423
13771161,46.6329,46.6263,423,24435,0.0342939,0.01,1,386337,385914,423
13774081,30.9266,30.9253,423,24522,0.0308588,0,1,386364,385941,423
13777001,31.7853,31.7851,423,24608,0.0301718,0.01,1,386396,385973,423
13779921,7.95706,7.95701,423,24694,0.0300344,0.09,1,386398,385975,423
13782841,98.3914,97.5914,424,24780,0.0460069,0.09,1,386519,386095,424
13785761,77.2783,77.1183,424,24866,0.129201,0.05,1,386591,386167,424
13788681,52.2557,53.8237,422,24951,0.0818403,0.05,1,386637,386215,422
13791601,78.4511,77.1647,424,25036,0.0563681,0.03,1,386722,386298,424
13794521,46.0902,46.6329,423,25121,0.0352736,0.03,1,386760,386337,423
13797441,30.018,30.9266,422,25205,0.0470547,0.03,1,386786,386364,422
13800361,31.6036,31.7853,422,25289,0.0334109,0.03,1,386818,386396,422
13803281,7.92072,7.95706,422,25373,0.0306822,0.05,1,386820,386398,422
13806201,99.9841,98.3914,424,25457,0.0301364,0.05,1,386943,386519,424
13809121,79.1968,19.6783,498,25540,0.0780273,0.15,1,387017,386519,498
13812041,51.0394,61.5357,470,25623,0.103605,0.07,1,387061,386591,470
13814961,77.4079,49.1071,508,25706,0.0607211,0.05,1,387145,386637,508
13817881,44.2816,77.8214,459,25788,0.0841442,0.03,1,387181,386722,459
13820801,29.6563,45.9643,447,25870,0.0248288,0.05,1,387207,386760,447
13823721,31.5313,29.9929,453,25952,0.0609658,0.03,1,387239,386786,453
13826641,7.90625,31.5986,423,26034,0.100193,0.03,1,387241,386818,423
13829561,101.581,7.91971,546,26115,0.0440386,0.03,1,387366,386820,546
13832481,81.1162,99.9839,499,26196,0.0808077,0.09,1,387442,386943,499
13835401,52.2232,79.1968,470,26277,0.0881615,0.11,1,387487,387017,470
13838321,75.2447,51.0394,507,26358,0.153632,0.05,1,387568,387061,507
13841241,43.8489,77.4079,459,26438,0.182726,0.09,1,387604,387145,459
13844161,27.9698,44.2816,447,26518,0.156545,0.01,1,387628,387181,447
13847081,33.594,29.6563,456,26598,0.103309,0.07,1,387663,387207,456
13850001,8.31879,31.5313,426,26678,0.0926618,0.11,1,387665,387239,426
13852921,100.064,7.90625,547,26757,0.154532,0.03,1,387788,387241,547
13855841,83.2128,101.581,501,26836,0.246906,0.09,1,387867,387366,501
13858761,52.6425,81.1162,470,26915,0.281381,0.09,1,387912,387442,470
13861681,12.1285,52.2232,427,26994,0.304276,0.17,1,387914,387487,427
13864601,69.6257,75.2447,430,27072,0.324855,0.19,1,387998,387568,430
13867521,43.5251,43.8489,431,27150,0.280971,0.15,1,388035,387604,431
13870441,24.705,27.9698,427,27228,0.304194,0.09,1,388055,387628,427
13873361,32.141,33.594,426,27306,0.308839,0.09,1,388089,387663,426
13876281,8.0282,8.31879,426,27384,0.277768,0.17,1,388091,387665,426
13879201,103.206,100.064,430,27461,0.399554,0.27,1,388218,387788,430
13882121,87.8411,83.2128,435,27538,0.455911,0.29,1,388302,387867,435
13885041,55.1682,52.6425,437,27615,0.483182,0.31,1,388349,387912,437
13887961,12.6336,12.1285,437,27692,0.520636,0.33,1,388351,387914,437
13890881,68.9267,69.6257,436,27768,0.528127,0.27,1,388434,387998,436
13893801,42.5853,43.5251,435,27844,0.497625,0.31,1,388470,388035,435
13896721,24.5171,24.705,435,27920,0.507525,0.31,1,388490,388055,435
13899641,32.1034,32.141,435,27996,0.557505,0.27,1,388524,388089,435
13902561,8.02068,8.0282,435,28072,0.567501,0.43,1,388526,388091,435
13905481,108.004,103.206,441,28147,0.5215,0.47,1,388659,388218,441
13908401,90.4008,87.8411,443,28222,0.5123,0.49,1,388745,388302,443
13911321,58.0802,55.1682,446,28297,0.51046,0.53,1,388795,388349,446
13914241,13.216,12.6336,446,28372,0.510092,0.53,1,388797,388351,446
13917161,68.2432,2.52673,528,28447,0.542018,0.53,1,388879,388351,528
13920081,43.2486,66.9053,482,28521,0.580404,0.49,1,388916,388434,482
13923001,25.4497,42.1811,467,28595,0.572081,0.51,1,388937,388470,467
13925921,32.2899,24.4362,481,28669,0.602416,0.57,1,388971,388490,481
13928841,8.05799,32.0872,449,28743,0.608483,0.57,1,388973,388524,449
13931761,107.212,8.01745,579,28817,0.705697,0.51,1,389105,388526,579
13934681,91.0423,108.003,533,28890,0.725139,0.51,1,389192,388659,533
13937601,57.4085,90.4007,496,28963,0.729028,0.51,1,389241,388745,496
13940521,13.0817,58.0801,448,29036,0.729806,0.51,1,389243,388795,448
13943441,70.6163,13.216,531,29109,0.729961,0.55,1,389328,388797,531
13946361,44.5233,68.2432,487,29182,0.777992,0.59,2,389366,388879,487
13949281,26.5047,43.2486,472,29255,0.819598,0.57,2,389388,388916,472
13952201,33.3009,25.4497,486,29327,0.81192,0.61,2,389423,388937,486
13955121,8.26019,32.2899,454,29399,0.826384,0.61,2,389425,388971,454
14124481,26,37,481,33316,0.87,1,2,392249,391768,481
14127401,40.4,33.8,492,33379,0.87,1,2,392293,391801,492
14130321,35.28,33.96,492,33442,0.822,1,2,392327,391835,492
14133241,24.656,34.792,479,33505,0.8444,1,2,392349,391870,479
14136161,26.5312,26.1584,482,33568,0.81688,1,2,392376,391894,482
14139081,40.5062,46.0317,475,33631,0.859376,0.9,2,392420,391945,475
14142001,90.5012,97.2063,468,33694,0.851875,1,2,392523,392055,468
14144921,45.3002,45.8413,469,33757,0.866375,0.95,2,392557,392088,469
14147841,33.06,33.1683,469,33820,0.805275,0.85,2,392587,392118,469
14150761,53.812,58.6337,463,33883,0.825055,0.93,2,392646,392183,463
14153681,45.1624,43.7267,466,33945,0.845011,0.87,2,392689,392223,466
14156601,29.0325,29.5453,465,34007,0.801002,0.87,2,392714,392249,465
14159521,37.0065,41.1091,460,34069,0.8562,0.81,2,392753,392293,460
14162441,33.8013,35.4218,459,34131,0.85124,0.85,2,392786,392327,459
14165361,25.1603,24.6844,460,34193,0.882248,0.81,2,392809,392349,460
14168281,25.8321,26.5369,459,34255,0.87245,0.81,2,392835,392376,459
14171201,41.1664,5.30737,504,34317,0.91849,0.87,2,392880,392376,504
14305521,36,27,506,37044,0.75,1,2,394806,394300,506
14308441,31.2,35,499,37101,0.67,1,1,394836,394337,499
14311361,60.64,69.4,489,37158,0.51,1,1,394904,394415,489
14314281,36.928,13.88,520,37215,0.43,1,1,394935,394415,520
14317201,36.9856,33.176,519,37272,0.27,1,1,394972,394453,519
14320121,38.5971,33.8352,524,37329,0.158,1,1,395011,394487,524
14323041,55.7194,56.367,522,37386,0.0316,1,1,395071,394549,522
14325961,31.9439,45.6734,505,37443,0.06232,1,1,395097,394592,505
14328881,37.5888,33.1347,514,37499,0.012464,1,1,395136,394622,514
14331801,36.3178,37.0269,512,37555,0.0424928,0.99,1,395172,394660,512
14334721,30.4636,37.8054,503,37611,0.0484986,0.89,1,395201,394698,503
14337641,28.4927,33.9611,498,37667,0.0336997,0.8,1,395229,394731,498
14340561,29.6985,37.9922,489,37723,0.0467399,0.75,1,395259,394770,489
14343481,28.3397,36.3984,481,37779,0.017348,0.65,1,395287,394806,481
14346401,48.8679,31.2797,505,37835,0.0274696,0.47,1,395341,394836,505
14349321,32.1736,60.6559,465,37891,0.0294939,0.41,1,395369,394904,465
14352241,33.6347,36.9312,468,37947,0.0298988,0.23,1,395403,394935,468
14355161,38.7269,36.9862,471,38003,0.0779798,0.13,1,395443,394972,471
14358081,50.1454,38.5972,485,38059,0.0555959,0,1,395496,395011,485
14361001,28.4291,55.7194,448,38115,0.0191192,0.07,1,395519,395071,448
14363921,36.8858,31.9439,461,38170,0.0278238,0,1,395558,395097,461
14366841,35.3772,37.5888,457,38225,0.0135648,0.05,1,395593,395136,457
14369761,31.8754,36.3178,452,38280,0.042713,0.05,1,395624,395172,452
14372681,27.9751,30.4636,450,38335,0.0325426,0.03,1,395651,395201,450
14375601,30.395,28.4927,453,38390,0.0465085,0.05,1,395682,395229,453
14378521,27.679,29.6985,450,38445,0.0173017,0.01,1,395709,395259,450
14381441,47.9358,28.3397,475,38500,0.0594603,0.03,1,395762,395287,475
14384361,32.7872,48.8679,450,38555,0.0838921,0.03,1,395791,395341,450
14387281,34.5574,32.1736,457,38610,0.0407784,0.03,1,395826,395369,457
14390201,8.51149,33.6347,425,38665,0.0321557,0.09,1,395828,395403,425
14393121,34.5023,38.7269,426,38720,0.0464311,0.05,1,395869,395443,426
14396041,46.9005,50.1454,423,38775,0.0332862,0.01,1,395919,395496,423
14398961,28.5801,28.4291,424,38829,0.0146572,0.03,1,395943,395519,424
14401881,36.116,36.8858,423,38883,0.0429314,0.01,1,395981,395558,423
14404801,36.8232,35.3772,425,38937,0.0325863,0.05,1,396018,395593,425
14407721,29.7646,31.8754,422,38991,0.0945173,0.03,1,396046,395624,422
14410641,28.3529,27.9751,423,39045,0.0589035,0.05,1,396074,395651,423
14413561,30.4706,30.395,423,39099,0.0677807,0.01,1,396105,395682,423
14416481,28.4941,27.679,424,39153,0.117556,0.07,1,396133,395709,424
14419401,50.4988,47.9358,427,39207,0.0955112,0.09,1,396189,395762,427
14422321,31.6998,32.7872,425,39261,0.0751022,0.03,1,396216,395791,425
14425241,32.74,34.5574,423,39315,0.0870205,0.03,1,396249,395826,423
14428161,8.14799,8.51149,423,39369,0.0574041,0.05,1,396251,395828,423
14431081,33.6296,34.5023,422,39423,0.0994808,0.03,1,396291,395869,422
14434001,47.5259,46.9005,423,39477,0.123896,0.01,1,396342,395919,423
14436921,28.7052,28.5801,423,39530,0.0807792,0.05,1,396366,395943,423
14439841,36.941,36.116,424,39583,0.0721558,0.03,1,396405,395981,424
14442761,36.9882,36.8232,424,39636,0.0704312,0.11,1,396442,396018,424
14445681,30.5976,29.7646,425,39689,0.0860862,0.05,1,396471,396046,425
14448601,27.7195,28.3529,424,39742,0.105217,0.07,1,396498,396074,424
14451521,29.5439,30.4706,423,39795,0.0770434,0.13,1,396528,396105,423
14454441,30.7088,28.4941,426,39848,0.103409,0.09,1,396559,396133,426
14457361,49.3418,50.4988,424,39901,0.124682,0.07,1,396613,396189,424
14460281,32.2684,31.6998,425,39954,0.176936,0.09,1,396641,396216,425
14463201,32.0537,32.74,424,40007,0.171387,0.05,1,396673,396249,424
14466121,8.01073,8.14799,424,40060,0.202277,0.05,1,396675,396251,424
14469041,33.6021,1.6296,464,40113,0.176455,0.11,1,396715,396251,464
14471961,48.3204,32.3259,476,40166,0.187291,0.13,1,396767,396291,476
14474881,27.2641,47.2652,447,40219,0.189458,0.07,1,396789,396342,447
14477801,35.0528,28.653,460,40271,0.173892,0.07,1,396826,396366,460
14480721,39.0106,36.9306,461,40323,0.202778,0.07,1,396866,396405,461
14483641,31.8021,36.9861,454,40375,0.224556,0.09,1,396896,396442,454
14486561,27.1604,30.5972,451,40427,0.244911,0.11,1,396922,396471,451
14489481,30.2321,27.7194,455,40479,0.296982,0.07,1,396953,396498,455
14492401,31.6464,29.5439,457,40531,0.307396,0.11,1,396985,396528,457
14495321,50.3293,30.7088,481,40583,0.293479,0.13,1,397040,396559,481
14498241,33.2659,49.3418,456,40635,0.322696,0.19,1,397069,396613,456
14501161,33.0532,32.2684,461,40687,0.328539,0.17,1,397102,396641,461
14504081,8.21063,32.0537,431,40739,0.329708,0.21,1,397104,396673,431
14507001,34.4421,8.01073,470,40791,0.313942,0.17,1,397145,396675,470
14509921,48.4884,33.6021,482,40843,0.342788,0.19,1,397197,396715,482
14512841,27.2977,48.3204,452,40895,0.396558,0.19,1,397219,396767,452
14515761,34.2595,27.2641,466,40947,0.423312,0.17,1,397255,396789,466
14518681,40.4519,35.0528,471,40999,0.444662,0.21,1,397297,396826,471
14521601,33.6904,39.0106,463,41050,0.464932,0.23,1,397329,396866,463
14524521,29.1381,31.8021,461,41101,0.468987,0.25,1,397357,396896,461
14527441,29.8276,27.1604,465,41152,0.485797,0.31,1,397387,396922,465
14530361,33.1655,30.2321,468,41203,0.489159,0.31,1,397421,396953,468
14533281,49.8331,31.6464,490,41254,0.489832,0.29,1,397475,396985,490
14536201,34.7666,50.3293,466,41305,0.473966,0.33,1,397506,397040,466
14539121,33.3533,33.2659,470,41356,0.518793,0.33,1,397539,397069,470
14542041,8.27066,33.0532,439,41407,0.527759,0.33,1,397541,397102,439
14544961,35.2541,8.21063,479,41458,0.545552,0.31,1,397583,397104,479
14547881,48.6508,34.4421,490,41509,0.58111,0.35,1,397635,397145,490
14550801,11.3302,48.4884,440,41560,0.588222,0.41,1,397637,397197,440
14553721,22.266,27.2977,443,41611,0.605644,0.43,1,397662,397219,443
14556641,33.2532,34.2595,443,41662,0.609129,0.45,1,397698,397255,443
14559561,41.0506,40.4519,444,41713,0.593826,0.47,1,397741,397297,444
14562481,34.6101,33.6904,445,41764,0.590765,0.47,1,397774,397329,445
14565401,29.322,29.1381,445,41815,0.558153,0.49,1,397802,397357,445
14568321,30.6644,29.8276,446,41865,0.567631,0.49,1,397833,397387,446
14571241,33.3329,33.1655,446,41915,0.601526,0.49,1,397867,397421,446
14574161,49.8666,49.8331,446,41965,0.640305,0.47,1,397921,397475,446
14577081,33.9733,34.7666,445,42015,0.664061,0.53,1,397951,397506,445
14580001,36.3947,33.3533,449,42065,0.684812,0.53,1,397988,397539,449
14582921,8.87893,8.27066,449,42115,0.688962,0.55,1,397990,397541,449
14585841,36.9758,35.2541,451,42165,0.721793,0.59,1,398034,397583,451
14588761,48.9952,48.6508,451,42215,0.760359,0.59,2,398086,397635,451
14591681,11.399,11.3302,451,42265,0.736072,0.61,1,398088,397637,451
14594601,21.4798,22.266,450,42315,0.763214,0.61,2,398112,397662,450
14597521,33.096,33.2532,450,42365,0.800643,0.59,2,398148,397698,450
14600441,40.2192,41.0506,449,42415,0.840129,0.59,2,398190,397741,449
14603361,34.4438,34.6101,449,42465,0.832026,0.55,2,398223,397774,449
14606281,29.2888,29.322,449,42515,0.798405,0.57,2,398251,397802,449
14609201,31.4578,30.6644,450,42565,0.823681,0.61,2,398283,397833,450
14612121,34.2916,33.3329,451,42615,0.860736,0.65,2,398318,397867,451
14615041,52.4583,49.8666,454,42665,0.852147,0.67,2,398375,397921,454
14617961,35.2917,33.9733,455,42714,0.89843,0.69,2,398406,397951,455
14620881,37.4583,36.3947,456,42763,0.923686,0.69,2,398444,397988,456
14623801,9.09167,8.87893,456,42812,0.928737,0.73,2,398446,397990,456
14626721,38.6183,36.9758,458,42861,0.945747,0.77,2,398492,398034,458
15067641,72,37,516,22724,0.59,0.96,1,403476,402960,516
15070561,79.2,66.6,523,22817,0.542,1,1,403557,403034,523
15073481,75.04,85.32,507,22910,0.4844,1,1,403631,403124,507
15076401,74.208,64.264,522,23003,0.44088,0.98,1,403705,403183,522
15079321,32.4416,66.4528,477,23095,0.416176,0.89,1,403727,403250,477
15082241,12.8883,26.0906,469,23187,0.443235,0.71,1,403735,403266,469
15085161,47.3777,40.4181,481,23278,0.416647,0.71,1,403791,403310,481
15088081,119.076,83.2836,524,23369,0.459329,0.59,1,403928,403404,524
15091001,83.8151,74.2567,527,23460,0.499866,0.53,1,404003,403476,527
15093921,71.963,79.6513,515,23550,0.619973,0.47,1,404072,403557,515
15096841,72.7926,75.1303,514,23640,0.611995,0.43,1,404145,403631,514
15099761,34.5585,74.2261,465,23730,0.642399,0.41,1,404170,403705,465
15102681,13.3117,32.4452,451,23819,0.64848,0.45,1,404178,403727,451
15105601,47.4623,12.889,499,23908,0.665696,0.41,1,404234,403735,499
15108521,11.0925,47.3778,445,23997,0.669139,0.47,1,404236,403791,445
15111441,112.618,119.076,446,24085,0.749828,0.51,1,404374,403928,446
15114361,85.7237,83.8151,450,24173,0.765966,0.65,2,404453,404003,450
15117281,73.9447,71.963,452,24261,0.833193,0.61,2,404524,404072,452
15120201,73.1889,72.7926,452,24348,0.830639,0.65,2,404597,404145,452
15123121,36.2378,34.5585,454,24435,0.814128,0.65,2,404624,404170,454
15126041,13.6476,13.3117,454,24522,0.842826,0.67,2,404632,404178,454
15128961,48.3295,47.4623,455,24608,0.816565,0.67,2,404689,404234,455
15131881,11.2659,11.0925,455,24694,0.811313,0.77,2,404691,404236,455
15134801,115.053,112.618,458,24780,0.810263,0.77,2,404832,404374,458
15137721,88.6106,85.7237,461,24866,0.874053,0.85,2,404914,404453,461
15140641,75.3221,73.9447,462,24951,0.91881,0.83,2,404986,404524,462
15362561,30,27,502,30737,0.83,1,2,409036,408534,502
15365481,26,34.2,491,30806,0.862,1,2,409061,408570,491
15368401,47.6,52.44,487,30875,0.7564,1,2,409114,408627,487
15371321,92.72,82.488,501,30944,0.67128,1,1,409218,408717,501
15374241,63.344,74.0976,485,31012,0.526256,0.94,1,409274,408789,485
15377161,44.6688,52.4195,478,31080,0.465251,1,1,409314,408836,478
15380081,40.9338,41.6839,479,31148,0.40505,0.97,1,409354,408875,479
15383001,42.5868,51.5368,468,31216,0.42501,0.83,1,409397,408929,468
15385921,40.5174,43.9074,466,31284,0.349002,0.83,1,409437,408971,466
15388841,34.5035,8.78147,499,31352,0.3178,0.89,1,409470,408971,499
15391761,29.3007,29.7563,492,31419,0.29556,0.83,1,409498,409006,492
15394681,24.2601,29.9513,485,31486,0.275112,0.87,1,409521,409036,485
15397601,44.052,25.9903,509,31553,0.191022,0.73,1,409570,409061,509
15400521,84.8104,47.5981,551,31620,0.126204,0.65,1,409665,409114,551
15403441,58.5621,92.7196,499,31687,0.113241,0.49,1,409717,409218,499
15406361,42.1124,63.3439,481,31754,0.126648,0.45,1,409755,409274,481
15409281,38.0225,44.6688,478,31821,0.12933,0.39,1,409792,409314,478
15412201,42.0045,40.9338,481,31887,0.145866,0.43,1,409835,409354,481
15415121,39.6009,42.5868,477,31953,0.213173,0.33,1,409874,409397,477
15418041,33.5202,40.5173,469,32019,0.194635,0.31,1,409906,409437,469
15420961,28.304,34.5035,463,32085,0.222927,0.29,1,409933,409470,463
15423881,20.8608,29.3007,454,32151,0.244585,0.27,1,409952,409498,454
15426801,41.7722,24.2601,478,32217,0.296917,0.17,1,409999,409521,478
15429721,81.9544,44.052,521,32283,0.371383,0.11,1,410091,409570,521
15432641,58.7909,84.8104,479,32349,0.386277,0.11,1,410144,409665,479
15435561,42.1582,58.5621,465,32414,0.405255,0.13,1,410182,409717,465
15438481,38.0316,42.1124,464,32479,0.425051,0.13,1,410219,409755,464
15441401,42.8063,38.0225,471,32544,0.46101,0.15,1,410263,409792,471
15444321,41.3613,42.0045,469,32609,0.468202,0.23,1,410304,409835,469
15447241,35.4723,39.6009,464,32674,0.48564,0.19,1,410338,409874,464
15450161,29.4944,33.5202,460,32739,0.489128,0.23,1,410366,409906,460
15453081,7.49889,28.304,435,32804,0.457826,0.25,1,410368,409933,435
15456001,16.6998,20.8608,435,32868,0.483565,0.31,1,410387,409952,435
15458921,42.54,41.7722,437,32932,0.552713,0.39,1,410436,409999,437
15461841,85.308,81.9544,441,32996,0.598543,0.39,1,410532,410091,441
15464761,60.2616,58.7909,442,33060,0.607709,0.41,1,410586,410144,442
15467681,42.4523,42.1582,442,33124,0.657542,0.43,1,410624,410182,442
15470601,39.6905,38.0316,444,33188,0.651508,0.47,1,410663,410219,444
15473521,43.9381,42.8063,445,33252,0.634302,0.47,1,410708,410263,445
15476441,41.5876,41.3613,445,33316,0.64686,0.49,1,410749,410304,445
15479361,36.3175,35.4723,446,33379,0.649372,0.49,1,410784,410338,446
15482281,28.8635,29.4944,445,33442,0.633874,0.45,1,410811,410366,445
15485201,7.3727,7.49889,445,33505,0.630775,0.49,1,410813,410368,445
15488121,17.4745,16.6998,446,33568,0.646155,0.57,1,410833,410387,446
15491041,44.2949,42.54,448,33631,0.713231,0.61,1,410884,410436,448
15493961,87.259,85.308,450,33694,0.774646,0.61,2,410982,410532,450
15496881,62.2518,60.2616,452,33757,0.834929,0.67,2,411038,410586,452
15499801,43.6504,42.4523,453,33820,0.862986,0.65,2,411077,410624,453
15502721,40.7301,39.6905,454,33883,0.852597,0.63,2,411117,410663,454
15505641,43.346,43.9381,453,33945,0.882519,0.65,2,411161,410708,453
15508561,41.4692,41.5876,453,34007,0.904504,0.65,2,411202,410749,453
15511481,35.4938,36.3175,452,34069,0.876901,0.63,2,411236,410784,452
15514401,30.2988,28.8635,454,34131,0.90338,0.63,2,411265,410811,454
15517321,7.65975,7.3727,454,34193,0.908676,0.65,2,411267,410813,454
15540681,40,44,505,34685,0.91,0.91,2,411666,411161,505
15543601,35.2,41.6,498,34746,0.91,0.87,2,411700,411202,498
15546521,31.84,35.52,495,34807,0.942,0.91,2,411731,411236,495
15549441,7.968,30.304,468,34868,0.9484,0.91,2,411733,411265,468
15702741,87,86,511,17042,0.09,0.13,1,414054,413543,511
15705661,66.2,116.4,448,17167,0.106,0.05,1,414115,413667,448
15708581,64.44,68.88,455,17291,0.0452,0.07,1,414179,413724,455
15711501,65.688,56.176,468,17414,0.01704,0.03,1,414245,413777,468
15714421,129.938,55.2352,559,17536,0.011408,0.07,1,414391,413832,559
15717341,95.5875,119.047,511,17657,0.0582816,0.09,1,414478,413967,511
15720261,69.5175,93.4094,487,17777,0.147656,0.11,1,414541,414054,487
15723181,61.1035,67.4819,485,17896,0.149531,0.03,1,414600,414115,485
15726101,65.8207,64.6964,488,18015,0.0859062,0.01,1,414667,414179,488
15729021,14.7641,65.7393,424,18133,0.0731812,0.01,1,414669,414245,424
15731941,119.753,129.948,424,18250,0.0386363,0.07,1,414815,414391,424
15734861,95.1506,95.5896,426,18366,0.0477272,0.17,1,414904,414478,426
15737781,72.6301,69.5179,430,18482,0.0335454,0.15,1,414971,414541,430
15740701,60.926,61.1036,429,18597,0.110709,0.07,1,415029,414600,429
15743621,62.5852,65.8207,425,18711,0.126142,0.07,1,415092,414667,425
15746541,14.117,14.7641,425,18824,0.129228,0.03,1,415094,414669,425
15749461,117.223,119.753,422,18937,0.0818457,0.05,1,415237,414815,422
15752381,95.4447,95.1506,423,19049,0.0403691,0.03,1,415327,414904,423
15755301,72.6889,72.6301,423,19160,0.0320738,0.13,1,415394,414971,423
15758221,63.3378,60.926,426,19271,0.0784148,0.13,1,415455,415029,426
15761141,63.0676,62.5852,426,19381,0.039683,0.13,1,415518,415092,426
15764061,14.2135,14.117,426,19490,0.0639366,0.07,1,415520,415094,426
15766981,114.843,117.223,423,19599,0.100787,0.07,1,415660,415237,423
15769901,94.1685,23.4447,512,19707,0.156157,0.03,1,415749,415237,512
15772821,72.4337,76.6889,489,19815,0.199232,0.03,1,415816,415327,489
15775741,64.0867,68.9378,484,19922,0.287846,0.09,1,415878,415394,484
15778661,62.4174,62.5876,485,20028,0.337569,0.03,1,415940,415455,485
15781581,14.0835,62.9175,424,20134,0.347514,0.07,1,415942,415518,424
15784501,118.017,14.1835,566,20239,0.413503,0.11,1,416086,415520,566
15787421,97.2033,114.837,518,20344,0.442701,0.17,1,416178,415660,518
15790341,75.4407,94.1673,499,20448,0.52854,0.21,1,416248,415749,499
15793261,68.6881,72.4335,499,20552,0.497708,0.31,1,416315,415816,499
15796181,64.1376,64.0867,500,20655,0.571542,0.35,1,416378,415878,500
15799101,14.4275,62.4173,440,20758,0.586308,0.35,1,416380,415940,440
15802021,122.086,14.0835,587,20860,0.589262,0.43,1,416529,415942,587
15804941,98.0171,118.017,535,20962,0.637852,0.45,1,416621,416086,535
15807861,21.2034,97.2033,445,21063,0.64757,0.55,1,416623,416178,445
15810781,61.8407,75.4407,447,21164,0.633514,0.49,1,416695,416248,447
15813701,66.7681,68.6881,448,21264,0.646703,0.59,1,416763,416315,448
15816621,66.1536,64.1376,451,21364,0.681341,0.59,1,416829,416378,451
15819541,14.8307,14.4275,451,21463,0.688268,0.59,1,416831,416380,451
15822461,122.166,122.086,451,21562,0.753654,0.65,2,416980,416529,451
15825381,100.433,98.0171,454,21660,0.814731,0.65,2,417075,416621,454
15828301,21.6866,21.2034,454,21758,0.826946,0.63,2,417077,416623,454
15831221,61.1373,61.8407,453,21855,0.781389,0.65,2,417148,416695,453
15834141,67.4275,66.7681,454,21952,0.772278,0.69,2,417217,416763,454
15837061,66.2855,66.1536,454,22049,0.754456,0.69,2,417283,416829,454
15839981,14.8571,14.8307,454,22145,0.782891,0.77,2,417285,416831,454
15842901,125.371,122.166,458,22241,0.852578,0.83,2,417438,416980,458
15845821,103.474,100.433,461,22336,0.930516,0.83,2,417536,417075,461
15848741,22.2949,21.6866,461,22431,0.914103,0.77,2,417538,417077,461
15930501,123,113,498,24941,0.83,1,2,419352,418854,498
15933421,96.6,101,490,25026,0.766,1,2,419442,418952,490
15936341,44.92,43.4,493,25111,0.6412,1,1,419474,418981,493
15939261,41.784,55.08,476,25195,0.66424,0.89,1,419515,419039,476
15942181,54.7568,55.816,478,25279,0.636848,1,1,419573,419095,478
15945101,72.5514,72.7632,478,25363,0.63137,0.9,1,419650,419172,478
15948021,34.5103,42.5526,468,25447,0.614274,0.9,1,419675,419207,468
15950941,22.1021,8.51053,487,25530,0.594855,0.92,1,419694,419207,487
15953861,100.42,19.3021,585,25613,0.734971,0.83,1,419814,419229,585
15956781,85.6841,102.26,544,25696,0.778994,0.75,2,419896,419352,544
15959701,42.7368,92.4521,486,25778,0.819799,0.61,2,419928,419442,486
15962621,38.1474,44.0904,491,25860,0.82796,0.67,2,419965,419474,491
15965541,54.0295,41.6181,508,25942,0.861592,0.63,2,420023,419515,508
15968461,74.0059,54.7236,529,26024,0.884318,0.63,2,420102,419573,529
15971381,32.4012,72.5447,474,26105,0.888864,0.61,2,420124,419650,474
15974301,23.2802,34.5089,470,26186,0.905773,0.59,2,420145,419675,470
15977221,107.056,22.1018,579,26267,0.925155,0.77,2,420273,419694,579
16105701,63,28,552,29606,0.57,1,1,422622,422070,552
16108621,85.4,81.6,548,29677,0.586,0.93,1,422713,422165,548
16111541,39.48,63.52,517,29748,0.4612,1,1,422741,422224,517
16114461,32.696,35.904,519,29819,0.43624,1,1,422772,422253,519
16117381,26.5392,38.3808,505,29890,0.479248,1,1,422797,422292,505
16120301,38.1078,50.0762,493,29961,0.39185,1,1,422838,422345,493
16123221,34.8216,35.6152,495,30032,0.39037,1,1,422872,422377,495
16126141,71.7643,94.3231,467,30102,0.326074,0.9,1,422953,422486,467
16129061,39.9529,48.4646,462,30172,0.265215,0.85,1,422985,422523,462
16131981,35.9906,38.4929,461,30242,0.237043,0.57,1,423020,422559,461
16134901,50.3981,58.0986,452,30312,0.231409,0.59,1,423074,422622,452
16137821,79.6796,84.4197,448,30382,0.278282,0.43,1,423161,422713,448
16140741,31.1359,39.2839,439,30452,0.271656,0.43,1,423180,422741,439
16143661,31.8272,32.6568,440,30521,0.302331,0.49,1,423212,422772,440
16146581,27.9654,26.5314,442,30590,0.292466,0.37,1,423239,422797,442
16149501,34.3931,38.1063,437,30659,0.274493,0.39,1,423275,422838,437
16152421,34.0786,34.8213,437,30728,0.366899,0.31,1,423309,422872,437
16155341,70.0157,71.7643,435,30797,0.38538,0.25,1,423388,422953,435
16158261,38.8031,39.9529,434,30866,0.421076,0.23,1,423419,422985,434
16161181,34.9606,35.9906,433,30935,0.428215,0.23,1,423453,423020,433
16164101,50.1921,50.3981,433,31003,0.477643,0.29,1,423507,423074,433
16167021,80.4384,79.6796,434,31071,0.551529,0.27,1,423595,423161,434
16169941,32.0877,31.1359,435,31139,0.550306,0.31,1,423615,423180,435
16172861,30.4175,31.8272,433,31207,0.550061,0.29,1,423645,423212,433
16175781,28.4835,27.9654,434,31275,0.598012,0.27,1,423673,423239,434
16178701,35.2967,34.3931,435,31343,0.591602,0.27,1,423710,423275,435
16181621,36.6593,6.87862,472,31411,0.60632,0.39,1,423747,423275,472
16184541,72.1319,28.5757,519,31478,0.657264,0.39,1,423828,423309,519
16187461,39.2264,68.9151,471,31545,0.699453,0.43,1,423859,423388,471
16190381,36.6453,38.583,476,31612,0.739891,0.43,1,423895,423419,476
16193301,51.3291,34.9166,497,31679,0.747978,0.49,1,423950,423453,497
16196221,83.8658,50.1833,535,31746,0.749596,0.57,1,424042,423507,535
16199141,33.5732,80.4367,468,31813,0.733919,0.55,1,424063,423595,468
16202061,30.7146,32.0873,478,31880,0.730784,0.55,1,424093,423615,478
16204981,29.3429,30.4175,477,31946,0.746157,0.61,1,424122,423645,477
16207901,36.2686,28.4835,487,32012,0.765231,0.59,2,424160,423673,487
16210821,37.6537,35.2967,488,32078,0.769046,0.61,2,424198,423710,488
16213741,74.7307,36.6593,535,32144,0.817809,0.67,2,424282,423747,535
16216661,41.3461,72.1319,487,32210,0.827562,0.71,2,424315,423828,487
16219581,38.6692,39.2264,494,32276,0.845512,0.75,2,424353,423859,494
16222501,51.7338,36.6453,513,32342,0.913103,0.75,2,424408,423895,513
16359741,31,30,513,35283,0.63,1,1,426461,425948,513
16362661,24.6,26.8,510,35343,0.614,1,1,426484,425974,510
16365581,28.12,29.36,509,35403,0.5948,1,1,426513,426004,509
16368501,32.024,35.472,505,35463,0.52696,1,1,426546,426041,505
16371421,38.4048,34.2944,511,35523,0.529392,0.98,1,426586,426075,511
16374341,59.681,34.0589,542,35583,0.401878,1,1,426651,426109,542
16377261,43.1362,63.6118,510,35642,0.312376,0.98,1,426690,426180,510
16380181,10.2272,39.9224,478,35701,0.294475,1,1,426692,426214,478
16383101,26.0454,33.5845,476,35760,0.306895,1,1,426722,426246,476
16386021,38.0091,39.5169,476,35819,0.165379,0.86,1,426763,426287,476
16388941,82.0018,91.9034,464,35878,0.0890758,0.85,1,426856,426392,464
16391861,42.0004,48.7807,458,35937,0.121815,0.63,1,426888,426430,458
16394781,31.6001,34.5561,456,35996,0.048363,0.61,1,426917,426461,456
16397701,21.52,25.3112,452,36055,0.0656726,0.59,1,426936,426484,452
16400621,25.104,28.2622,449,36114,0.0691345,0.51,1,426962,426513,449
16403541,29.8208,32.0524,447,36173,0.0698269,0.53,1,426993,426546,447
16406461,36.3642,38.4105,445,36231,0.0219654,0.37,1,427031,426586,445
16409381,54.4728,59.6821,439,36289,0.0603931,0.29,1,427090,426651,439
16412301,39.6946,43.1364,436,36347,0.0680786,0.29,1,427126,426690,436
16415221,9.53891,10.2273,436,36405,0.0696157,0.31,1,427128,426692,436
16418141,24.3078,26.0455,434,36463,0.0699231,0.13,1,427156,426722,434
16421061,32.0616,38.0091,427,36521,0.0699846,0.07,1,427190,426763,427
16423981,78.4123,82.0018,424,36579,0.165997,0.13,1,427280,426856,424
16426901,41.2825,42.0004,424,36637,0.169199,0.03,1,427312,426888,424
16429821,30.6565,31.6001,423,36695,0.24984,0.07,1,427340,426917,423
16432741,21.3313,21.52,423,36753,0.249968,0.07,1,427359,426936,423
16435661,24.2663,25.104,422,36810,0.233994,0.07,1,427384,426962,422
16438581,29.6533,29.8208,422,36867,0.214799,0.01,1,427415,426993,422
16441501,37.1307,36.3642,423,36924,0.27496,0.07,1,427454,427031,423
16444421,56.2261,54.4728,425,36981,0.318992,0.07,1,427515,427090,425
16447341,38.4452,39.6946,423,37038,0.327798,0.07,1,427549,427126,423
16450261,9.28904,9.53891,423,37095,0.32956,0.07,1,427551,427128,423
16453181,25.8578,24.3078,425,37152,0.345912,0.07,1,427581,427156,425
16456101,31.5716,4.86156,458,37209,0.349182,0.07,1,427614,427156,458
16459021,81.5143,28.1723,518,37266,0.413836,0.19,1,427708,427190,518
16461941,41.9029,77.6345,460,37323,0.426767,0.17,1,427740,427280,460
16464861,33.9806,41.1269,460,37380,0.461353,0.27,1,427772,427312,460
16467781,21.1961,30.6254,450,37437,0.468271,0.25,1,427790,427340,450
16470701,23.4392,21.3251,455,37493,0.485654,0.23,1,427814,427359,455
16473621,31.0878,24.265,463,37549,0.473131,0.21,1,427847,427384,463
16476541,38.2176,29.653,472,37605,0.502626,0.29,1,427887,427415,472
16479461,58.0435,37.1306,496,37661,0.508525,0.33,1,427950,427454,496
16482381,39.6087,56.2261,470,37717,0.493705,0.33,1,427985,427515,470
16485301,9.52174,38.4452,438,37773,0.490741,0.33,1,427987,427549,438
16488221,26.7043,9.28904,467,37829,0.474148,0.35,1,428018,427551,467
16491141,32.5409,25.8578,471,37885,0.51883,0.35,1,428052,427581,471
16494061,84.9082,31.5716,536,37941,0.559766,0.43,1,428150,427614,536
16496981,42.5816,81.5143,474,37997,0.583953,0.43,1,428182,427708,474
16499901,35.7163,41.9029,476,38053,0.604791,0.47,1,428216,427740,476
16502821,21.5433,33.9806,462,38109,0.624958,0.47,1,428234,427772,462
16505741,24.3087,21.1961,469,38164,0.676992,0.49,1,428259,427790,469
16508661,32.0617,23.4392,479,38219,0.703398,0.47,1,428293,427814,479
16511581,38.4123,31.0878,486,38274,0.74068,0.51,1,428333,427847,486
16514501,58.0825,38.2176,509,38329,0.748136,0.51,1,428396,427887,509
16517421,38.8165,58.0435,480,38384,0.749627,0.49,1,428430,427950,480
16520341,9.3633,39.6087,447,38439,0.749925,0.49,1,428432,427985,447
16523261,27.4727,9.52174,477,38494,0.765985,0.47,2,428464,427987,477
16526181,33.4945,26.7043,481,38549,0.753197,0.53,2,428499,428018,481
16529101,86.6989,32.5409,547,38604,0.766639,0.57,2,428599,428052,547
16532021,18.9398,84.9082,451,38659,0.769328,0.59,2,428601,428150,451
16534941,29.388,42.5816,451,38714,0.817866,0.61,2,428633,428182,451
16537861,34.6776,35.7163,453,38769,0.795573,0.63,2,428669,428216,453
16540781,22.1355,21.5433,454,38823,0.775115,0.69,2,428688,428234,454
16543701,26.0271,24.3087,456,38877,0.787023,0.71,2,428715,428259,456
16546621,34.8054,32.0617,459,38931,0.773405,0.75,2,428752,428293,459
16549541,38.9611,38.4123,459,38985,0.770681,0.75,2,428792,428333,459
16552461,58.1922,58.0825,459,39039,0.786136,0.75,2,428855,428396,459
16555381,38.8384,38.8165,459,39093,0.789227,0.75,2,428889,428430,459
16558301,9.36769,9.3633,459,39147,0.789845,0.77,2,428891,428432,459
16561221,28.2735,27.4727,460,39201,0.789969,0.75,2,428924,428464,460
16564141,33.6547,33.4945,460,39255,0.805994,0.77,2,428959,428499,460
16567061,87.5309,86.6989,461,39309,0.857199,0.77,2,429060,428599,461
16569981,19.1062,18.9398,461,39363,0.86744,0.83,2,429062,428601,461
16572901,29.4212,29.388,461,39417,0.869488,0.79,2,429094,428633,461
16575821,33.0842,34.6776,459,39471,0.901898,0.77,2,429128,428669,459
16578741,22.6168,22.1355,460,39525,0.908379,0.79,2,429148,428688,460
16581661,25.3234,26.0271,459,39578,0.909676,0.77,2,429174,428715,459
16584581,35.4647,34.8054,460,39631,0.909935,0.77,2,429212,428752,460
16745181,20,30,517,42461,0.83,1,2,431203,430686,517
16748101,33.6,51.6,497,42511,0.67,1,1,431240,430743,497
16751021,35.52,36.72,500,42561,0.574,1,1,431276,430776,500
16753941,34.304,44.944,487,42611,0.4748,1,1,431310,430823,487
16756861,42.0608,39.3888,493,42661,0.40696,1,1,431354,430861,493
16759781,33.2122,27.8778,499,42710,0.281392,1,1,431385,430886,499
16762701,44.2424,51.1756,489,42759,0.144278,1,1,431432,430943,489
16765621,36.8485,36.6351,491,42808,0.132856,1,1,431467,430976,491
16768541,35.3697,39.327,486,42857,0.0665711,1,1,431502,431016,486
16771461,34.2739,36.6654,484,42906,0.0213142,0.97,1,431536,431052,484
16774381,30.0548,35.3331,478,42955,0.0442628,1,1,431565,431087,478
16777301,21.211,28.6666,470,43004,0.0328526,1,1,431584,431114,470
16780221,29.8422,5.73332,502,43053,0.0305705,0.91,1,431616,431114,502
16783141,31.5684,26.7467,502,43102,0.0461141,0.83,1,431648,431146,502
16786061,15.9137,34.9493,477,43151,0.0652228,0.83,1,431660,431183,477
16788981,26.3827,22.9899,486,43200,0.0370446,0.63,1,431689,431203,486
16791901,30.8765,34.198,481,43249,0.0794089,0.55,1,431721,431240,481
16794821,35.7753,35.6396,482,43298,0.0878818,0.45,1,431758,431276,482
16797741,35.1551,34.3279,483,43347,0.105576,0.39,1,431793,431310,483
16800661,27.031,42.0656,464,43396,0.109115,0.25,1,431818,431354,464
16803581,40.6062,33.2131,477,43445,0.125823,0.11,1,431862,431385,477
16806501,32.9212,44.2426,461,43494,0.113165,0.13,1,431893,431432,461
16809421,31.3842,36.8485,457,43543,0.0946329,0.05,1,431924,431467,457
16812341,33.4769,35.3697,456,43591,0.0189266,0.01,1,431958,431502,456
16815261,30.6954,34.2739,452,43639,0.0437853,0.05,1,431988,431536,452
16818181,19.7391,30.0548,440,43687,0.0327571,0.03,1,432005,431565,440
16821101,30.3478,21.211,454,43735,0.0465514,0.03,1,432038,431584,454
16824021,33.2696,29.8422,456,43783,0.0173103,0.05,1,432072,431616,456
16826941,16.2539,31.5684,436,43831,0.0594621,0.07,1,432084,431648,436
16829861,25.6508,15.9137,452,43879,0.0998924,0.03,1,432112,431660,452
16832781,33.1302,26.3827,458,43927,0.0599785,0.09,1,432147,431689,458
16835701,34.626,30.8765,461,43975,0.0839957,0.09,1,432182,431721,461
16838621,36.5252,35.7753,461,44023,0.152799,0.11,1,432219,431758,461
16841541,26.505,35.1551,450,44071,0.16656,0.11,1,432243,431793,450
16844461,42.901,27.031,472,44119,0.249312,0.13,1,432290,431818,472
16847381,30.1802,40.6062,455,44167,0.265862,0.11,1,432317,431862,455
16850301,30.036,32.9212,454,44215,0.269172,0.09,1,432347,431893,454
16853221,33.2072,31.3842,457,44263,0.253834,0,1,432381,431924,457
16856141,30.6414,33.4769,453,44311,0.218767,0.05,1,432411,431958,453
16859061,18.1283,30.6954,438,44359,0.211753,0.03,1,432426,431988,438
16861981,31.6257,19.7391,456,44407,0.178351,0.05,1,432461,432005,456
16864901,33.5251,30.3478,457,44455,0.17167,0.01,1,432495,432038,457
16867821,8.30503,33.2696,425,44502,0.170334,0.07,1,432497,432072,425
16870741,11.261,16.2539,425,44549,0.170067,0.11,1,432509,432084,425
16873661,24.6522,25.6508,425,44596,0.202013,0.05,1,432537,432112,425
16876581,33.7304,33.1302,426,44643,0.240403,0.09,1,432573,432147,426
16879501,35.5461,34.626,427,44690,0.232081,0.17,1,432609,432182,427
16882421,39.1092,36.5252,430,44737,0.230416,0.17,1,432649,432219,430
16885341,27.8218,26.505,431,44784,0.246083,0.27,1,432674,432243,431
16888261,47.1644,42.901,436,44831,0.217217,0.27,1,432726,432290,436
16891181,30.2329,30.1802,435,44878,0.179443,0.27,1,432752,432317,435
16894101,30.0466,30.036,435,44925,0.203889,0.25,1,432782,432347,435
16897021,30.8093,33.2072,432,44972,0.240778,0.21,1,432813,432381,432
16899941,30.1619,30.6414,432,45019,0.216156,0.21,1,432843,432411,432
16902861,16.4324,18.1283,430,45066,0.243231,0.17,1,432856,432426,430
16905781,31.2865,31.6257,430,45113,0.264646,0.17,1,432891,432461,430
16908701,33.4573,33.5251,430,45160,0.300929,0.17,1,432925,432495,430
16911621,8.29146,8.30503,430,45207,0.276186,0.17,1,432927,432497,430
16914541,12.0583,11.261,431,45254,0.287237,0.21,1,432940,432509,431
16917461,25.6117,24.6522,432,45301,0.257447,0.25,1,432969,432537,432
16920381,33.9223,33.7304,432,45348,0.251489,0.23,1,433005,432573,432
16923301,34.7845,35.5461,431,45395,0.266298,0.23,1,433040,432609,431
16926221,40.5569,39.1092,433,45441,0.28526,0.25,1,433082,432649,433
16929141,27.3114,27.8218,432,45487,0.321052,0.21,1,433106,432674,432
16932061,45.4623,47.1644,430,45533,0.34421,0.17,1,433156,432726,430
16934981,29.8925,30.2329,430,45579,0.348842,0.21,1,433182,432752,430
16937901,29.9785,30.0466,430,45625,0.381768,0.25,1,433212,432782,430
16940821,32.3957,30.8093,432,45671,0.404354,0.21,1,433245,432813,432
16943741,31.2791,30.1619,433,45717,0.456871,0.25,1,433276,432843,433
16946661,17.4558,16.4324,434,45763,0.467374,0.27,1,433290,432856,434
16949581,32.2912,31.2865,435,45809,0.485475,0.31,1,433326,432891,435
16952501,33.6582,33.4573,435,45855,0.537095,0.27,1,433360,432925,435
16955421,8.33165,8.29146,435,45901,0.547419,0.29,1,433362,432927,435
16958341,11.2663,12.0583,434,45947,0.549484,0.29,1,433374,432940,434
16961261,24.6533,2.41166,462,45993,0.517897,0.25,1,433402,432940,462
16964181,33.7307,23.6823,469,46039,0.511579,0.25,1,433438,432969,469
16967101,33.9461,33.5365,467,46085,0.510316,0.27,1,433472,433005,467
16970021,41.9892,34.7073,476,46131,0.574063,0.29,1,433516,433040,476
16972941,28.3978,40.5415,459,46177,0.570813,0.33,1,433541,433082,459
16975861,46.4796,27.3083,486,46223,0.570163,0.35,1,433592,433106,486
16978781,30.8959,45.4617,463,46269,0.602032,0.35,1,433619,433156,463
16981701,32.5792,29.8923,470,46315,0.672406,0.39,1,433652,433182,470
16984621,33.7158,29.9785,474,46361,0.686481,0.41,1,433686,433212,474
16987541,33.9432,32.3957,475,46406,0.689296,0.47,1,433720,433245,475
16990461,17.9886,31.2791,458,46451,0.705859,0.47,1,433734,433276,458
16993381,33.1977,17.4558,481,46496,0.693172,0.49,1,433771,433290,481
16996301,34.6395,32.2912,480,46541,0.690634,0.55,1,433806,433326,480
16999221,8.52791,33.6582,448,46586,0.690127,0.55,1,433808,433360,448
17002141,11.3056,8.33165,458,46631,0.690025,0.55,1,433820,433362,458
17005061,24.6611,11.2663,474,46676,0.690005,0.51,1,433848,433374,474
17007981,33.7322,24.6533,482,46721,0.706001,0.51,1,433884,433402,482
17010901,34.7464,33.7307,481,46766,0.7252,0.51,1,433919,433438,481
17013821,44.5493,33.9461,494,46811,0.74504,0.59,1,433966,433472,494
17016741,28.1099,41.9892,474,46856,0.765008,0.57,2,433990,433516,474
17019661,46.422,28.3978,500,46901,0.769002,0.57,2,434041,433541,500
17022581,32.4844,46.4796,478,46946,0.7858,0.61,2,434070,433592,478
17025501,36.0969,30.8959,488,46991,0.83716,0.69,2,434107,433619,488
17028421,34.4194,32.5792,489,47036,0.911432,0.69,2,434141,433652,489
17291221,46,51,465,23360,0.03,0.87,1,436945,436480,465
17294141,48.4,28.6,491,23451,0.03,0.63,1,436994,436503,491
17297061,72.08,59.32,502,23541,0.03,0.41,1,437072,436570,502
17299981,68.816,87.864,475,23631,0.078,0.13,1,437140,436665,475
17302901,40.9632,67.9728,446,23721,0.0876,0.15,1,437174,436728,446
17305821,27.3926,39.1946,438,23810,0.04152,0.09,1,437198,436760,438
17308741,24.6785,29.4389,435,23899,0.048304,0.01,1,437222,436787,435
17311661,54.5357,49.0878,443,23988,0.0096608,0.05,1,437284,436841,443
17314581,77.3071,56.2176,468,24076,0.0419322,0.03,1,437367,436899,468
17317501,56.2614,87.2435,424,24164,0.0323864,0.03,1,437418,436994,424
17320421,72.0523,79.8487,422,24252,0.0464773,0.09,1,437494,437072,422
17323341,69.6105,70.3697,423,24339,0.0812955,0.09,1,437563,437140,423
17326261,41.1221,41.2739,423,24426,0.136259,0.03,1,437597,437174,423
17329181,28.2244,27.4548,424,24513,0.131252,0.05,1,437622,437198,424
17332101,24.8449,24.691,424,24599,0.19425,0,1,437646,437222,424
17335021,52.969,54.5382,422,24685,0.12685,0.05,1,437706,437284,422
17337941,78.5938,77.3076,424,24771,0.04937,0.03,1,437791,437367,424
17340861,54.9188,56.2615,422,24857,0.033874,0.05,1,437840,437418,422
17343781,71.7838,72.0523,422,24942,0.0067748,0.09,1,437916,437494,422
17346701,71.9568,69.6105,425,25027,0.105355,0.15,1,437988,437563,425
17349621,43.1914,41.1221,427,25112,0.093071,0.13,1,438024,437597,427
17352541,30.2383,28.2244,429,25196,0.122614,0.21,1,438051,437622,429
17355461,26.0477,24.8449,430,25280,0.112523,0.11,1,438076,437646,430
17358381,49.2095,52.969,425,25364,0.174505,0.03,1,438131,437706,425
17361301,76.2419,78.5938,423,25448,0.202901,0.03,1,438214,437791,423
17364221,52.8484,15.7188,470,25531,0.14458,0.03,1,438261,437791,470
17367141,71.3697,42.3438,497,25614,0.100916,0,1,438337,437840,497
17370061,75.0739,69.2687,497,25697,0.0921832,0.13,1,438413,437916,497
17372981,43.8148,71.4538,461,25779,0.106437,0.09,1,438449,437988,461
17375901,31.963,43.0908,454,25861,0.141287,0.13,1,438478,438024,454
17378821,26.3926,30.2181,452,25943,0.164257,0.11,1,438503,438051,452
17381741,50.8785,26.0436,484,26025,0.168851,0.19,1,438560,438076,484
17384661,76.5757,49.2087,512,26106,0.20177,0.21,1,438643,438131,512
17387581,51.3151,76.2417,474,26187,0.192354,0.13,1,438688,438214,474
17390501,70.263,52.8484,502,26268,0.222471,0.09,1,438763,438261,502
17393421,74.0526,71.3697,501,26349,0.228494,0.09,1,438838,438337,501
17396341,45.2105,75.0739,463,26429,0.245699,0.11,1,438876,438413,463
17399261,33.8421,43.8148,458,26509,0.24914,0.15,1,438907,438449,458
17402181,27.5684,31.963,455,26589,0.249828,0.17,1,438933,438478,455
17405101,49.5137,26.3926,485,26669,0.201966,0.17,1,438988,438503,485
17408021,78.7027,50.8785,514,26748,0.288393,0.21,1,439074,438560,514
17410941,50.9405,76.5757,475,26827,0.321679,0.19,1,439118,438643,475
17413861,70.1881,51.3151,505,26906,0.344336,0.23,1,439193,438688,505
17416781,15.6376,70.263,432,26985,0.348867,0.23,1,439195,438763,432
17419701,63.9275,74.0526,433,27063,0.429773,0.25,1,439271,438838,433
17422621,42.3855,45.2105,432,27141,0.429955,0.25,1,439308,438876,432
17425541,34.8771,33.8421,434,27219,0.397991,0.25,1,439341,438907,434
17428461,26.1754,27.5684,432,27297,0.439598,0.19,1,439365,438933,432
17431381,50.8351,49.5137,434,27375,0.46392,0.31,1,439422,438988,434
17434301,81.367,78.7027,437,27452,0.548784,0.33,1,439511,439074,437
17437221,52.2734,50.9405,438,27529,0.613757,0.35,1,439556,439118,438
17440141,71.2547,70.1881,439,27606,0.594751,0.35,1,439632,439193,439
17443061,15.8509,15.6376,439,27683,0.62295,0.45,1,439634,439195,439
17445981,66.3702,63.9275,442,27760,0.67659,0.43,1,439713,439271,442
17448901,42.074,42.3855,441,27836,0.655318,0.39,1,439749,439308,441
17451821,35.6148,34.8771,442,27912,0.699064,0.45,1,439783,439341,442
17454741,26.323,26.1754,442,27988,0.707813,0.47,1,439807,439365,442
17457661,53.2646,50.8351,445,28064,0.725563,0.57,1,439867,439422,445
17460581,85.8529,81.367,450,28139,0.809113,0.63,2,439961,439511,450
17463501,53.9706,52.2734,451,28214,0.793822,0.59,2,440007,439556,451
17466421,71.5941,71.2547,451,28289,0.854764,0.63,2,440083,439632,451
17469341,15.9188,15.8509,451,28364,0.834953,0.63,2,440085,439634,451
17472261,67.9838,3.17019,532,28439,0.830991,0.69,2,440166,439634,532
17475181,42.3968,63.834,489,28513,0.846198,0.65,2,440202,439713,489
17478101,38.0794,41.5668,490,28587,0.88124,0.71,2,440239,439749,490
17481021,26.8159,35.5134,480,28661,0.888248,0.71,2,440263,439783,480
17632861,70,125,485,14175,0.07,0.13,1,443007,442522,485
17635781,82,99.4,477,14325,0.054,0.01,1,443092,442615,477
17638701,35.6,75.88,431,14473,0.0188,0.07,1,443116,442685,431
17640161,177.52,33.576,621,14620,0.07576,0.01,1,443329,442708,621
17643081,61.104,189.915,424,14765,0.135152,0.07,1,443361,442937,424
17646001,67.4208,93.983,423,14909,0.0990304,0.05,1,443430,443007,423
17648921,81.4842,86.7966,423,15051,0.107806,0.01,1,443515,443092,423
17651841,34.6968,36.5593,422,15192,0.0935612,0.01,1,443538,443116,422
17653301,167.739,7.31186,623,15332,0.0587122,0.09,1,443739,443116,623
17656221,71.9479,171.862,458,15471,0.0357425,0.15,1,443787,443329,458
17659141,67.1896,59.9725,492,15608,0.0311485,0.09,1,443853,443361,492
17662061,82.2379,67.1945,509,15744,0.0782297,0.11,1,443939,443430,509
17664981,32.4476,81.4389,444,15879,0.0876459,0.09,1,443959,443515,444
17666441,167.29,34.6878,622,16013,0.0415292,0.05,1,444160,443538,622
17669361,72.6579,167.738,470,16146,0.0803058,0.03,1,444209,443739,470
17672281,67.3316,71.9475,488,16278,0.152061,0.03,1,444275,443787,488
17675201,84.6663,67.1895,511,16408,0.166412,0.09,1,444364,443853,511
17678121,32.9333,82.2379,445,16537,0.169282,0.09,1,444384,443939,445
17681041,166.587,32.4476,625,16665,0.0578565,0.03,1,444584,443959,625
17683961,73.3173,167.29,474,16792,0.0515713,0.09,1,444634,444160,474
17686881,70.6635,72.6579,495,16918,0.114314,0.17,1,444704,444209,495
17689801,85.3327,67.3316,518,17043,0.110863,0.17,1,444793,444275,518
17692721,33.8665,84.6663,450,17168,0.110173,0.17,1,444814,444364,450
17695641,160.373,32.9333,622,17292,0.174035,0.03,1,445006,444384,622
17698561,72.8747,166.587,473,17415,0.170807,0.05,1,445057,444584,473
17701481,73.7749,73.3173,497,17537,0.250161,0.13,1,445131,444634,497
17704401,85.955,70.6635,516,17658,0.346032,0.11,1,445220,444704,516
17707321,33.191,85.3327,447,17778,0.365206,0.11,1,445240,444793,447
17710241,163.438,33.8665,622,17897,0.449041,0.19,1,445436,444814,622
17713161,72.6876,160.373,480,18016,0.465808,0.17,1,445486,445006,480
17716081,16.1375,72.8747,431,18134,0.469162,0.27,1,445488,445057,431
17719001,66.4275,73.7749,436,18251,0.533832,0.37,1,445567,445131,436
17721921,87.6855,85.955,440,18367,0.530766,0.37,1,445660,445220,440
17724841,33.5371,33.191,440,18483,0.530153,0.47,1,445680,445240,440
17727761,167.507,163.438,445,18598,0.546031,0.47,1,445881,445436,445
17730681,73.5015,72.6876,445,18712,0.565206,0.47,1,445931,445486,445
17733601,16.3003,16.1375,445,18825,0.569041,0.55,1,445933,445488,445
17736521,68.0601,66.4275,447,18938,0.553808,0.53,1,446014,445567,447
17739441,87.212,87.6855,446,19050,0.646762,0.53,1,446106,445660,446
17742361,33.4424,33.5371,446,19161,0.649352,0.55,1,446126,445680,446
17745281,168.288,167.507,447,19272,0.72987,0.57,1,446328,445881,447
17748201,76.0577,73.5015,450,19382,0.777974,0.57,2,446381,445931,450
17751121,16.8115,16.3003,450,19491,0.755595,0.55,2,446383,445933,450
17754041,68.1623,68.0601,450,19600,0.783119,0.55,2,446464,446014,450
17756961,89.6325,13.612,545,19708,0.772624,0.67,2,446559,446014,545
17759881,33.9265,76.3224,473,19816,0.802525,0.65,2,446579,446106,473
17761341,167.585,31.2645,654,19923,0.872505,0.75,2,446780,446126,654
17764261,38.3171,167.853,458,20029,0.886501,0.79,2,446786,446328,458
17959901,44,164,514,26187,0.55,1,1,451136,450622,514
17962821,32,60,509,26268,0.438,1,1,451165,450656,509
17965741,34.4,38.4,511,26349,0.3356,1,1,451200,450689,511
17968661,41.28,34.88,520,26429,0.25112,1,1,451243,450723,520
17971581,56.256,39.776,539,26509,0.090224,1,1,451303,450764,539
17974501,65.6512,70.3552,529,26589,0.0900448,0.91,1,451371,450842,529
17977421,40.3302,54.871,512,26669,0.042009,0.92,1,451405,450893,512
17980341,116.066,40.5742,610,26748,0.0964018,0.53,1,451540,450930,610
17983261,53.6132,137.715,486,26827,0.12328,0.55,1,451578,451092,486
17986181,29.9226,62.743,466,26906,0.0806561,0.41,1,451602,451136,466
17989101,7.58453,35.7486,439,26985,0.0721312,0.31,1,451604,451165,439
17992021,26.3169,35.1497,435,27063,0.118426,0.23,1,451635,451200,435
17994941,34.8634,41.4299,429,27141,0.159685,0.05,1,451672,451243,429
17997861,49.3727,56.286,422,27219,0.119937,0.09,1,451725,451303,422
18000781,65.8745,65.6572,424,27297,0.0479874,0.03,1,451795,451371,424
18003701,39.5749,40.3314,423,27375,0.00959748,0.11,1,451828,451405,423
18006621,119.915,116.066,428,27452,0.15392,0.13,1,451968,451540,428
18009541,52.783,53.6133,426,27529,0.214784,0.07,1,452004,451578,426
18012461,30.5566,29.9227,427,27606,0.194957,0.07,1,452029,451602,427
18015381,7.71132,7.58453,427,27683,0.222991,0.13,1,452031,451604,427
18018301,25.5423,26.3169,426,27760,0.244598,0.17,1,452061,451635,426
18021221,36.3085,34.8634,428,27836,0.24892,0.11,1,452100,451672,428
18024141,45.6617,49.3727,423,27912,0.249784,0.03,1,452148,451725,423
18027061,65.1323,65.8745,423,27988,0.249957,0,1,452218,451795,423
18029981,38.6265,39.5749,422,28064,0.233991,0.19,1,452250,451828,422
18032901,126.125,119.915,430,28139,0.214798,0.23,1,452398,451968,430
18035821,55.6251,52.783,432,28214,0.21096,0.19,1,452436,452004,432
18038741,30.325,30.5566,431,28289,0.210192,0.23,1,452460,452029,431
18041661,7.665,7.71132,431,28364,0.178038,0.23,1,452462,452031,431
18044581,26.333,1.54226,462,28439,0.203608,0.25,1,452493,452031,462
18047501,35.6666,24.3085,470,28513,0.224722,0.25,1,452531,452061,470
18050421,45.5333,36.0617,479,28587,0.260944,0.25,1,452579,452100,479
18053341,65.1067,45.6123,501,28661,0.268189,0.25,1,452649,452148,501
18056261,36.2213,65.1225,460,28735,0.285638,0.23,1,452678,452218,460
18059181,126.444,38.6245,577,28809,0.353128,0.21,1,452827,452250,577
18062101,55.6889,126.125,467,28882,0.382625,0.21,1,452865,452398,467
18065021,30.3378,55.625,453,28955,0.404525,0.21,1,452889,452436,453
18067941,7.66755,30.325,431,29028,0.408905,0.17,1,452891,452460,431
18070861,27.9335,7.665,462,29101,0.457781,0.21,1,452924,452462,462
18073781,38.3867,26.333,472,29174,0.499556,0.23,1,452965,452493,472
18076701,46.0773,35.6666,482,29247,0.571911,0.27,1,453013,452531,482
18079621,65.2155,45.5333,504,29319,0.586382,0.27,1,453083,452579,504
18082541,37.0431,65.1067,464,29391,0.605276,0.29,1,453113,452649,464
18085461,129.809,36.2213,588,29463,0.673055,0.37,1,453266,452678,588
18088381,57.9617,126.444,479,29535,0.686611,0.39,1,453306,452827,479
18091301,31.5923,55.6889,466,29607,0.657322,0.41,1,453331,452865,466
18094221,7.91847,30.3378,444,29678,0.683464,0.41,1,453333,452889,444
18097141,30.3837,7.66755,478,29749,0.704693,0.47,1,453369,452891,478
18100061,41.2767,27.9335,489,29820,0.756939,0.51,2,453413,452924,489
18102981,9.85535,38.3867,450,29891,0.767388,0.59,2,453415,452965,450
18105901,41.1711,46.0773,451,29962,0.801478,0.59,2,453464,453013,451
18108821,64.2342,65.2155,451,30033,0.808295,0.61,2,453534,453083,451
18111741,37.6468,37.0431,452,30103,0.825659,0.69,2,453565,453113,452
18114661,133.129,129.809,456,30173,0.781132,0.69,2,453722,453266,456
18117581,57.8259,57.9617,455,30243,0.804226,0.65,2,453761,453306,455
18120501,33.1652,31.5923,457,30313,0.840845,0.69,2,453788,453331,457
18123421,8.23303,7.91847,457,30383,0.848169,0.71,2,453790,453333,457
18126341,32.0466,30.3837,459,30453,0.881634,0.77,2,453828,453369,459
18129261,42.4093,41.2767,460,30522,0.888327,0.77,2,453873,453413,460
18132181,10.0819,9.85535,460,30591,0.889665,0.81,2,453875,453415,460
18135101,42.8164,41.1711,462,30660,0.905933,0.81,2,453926,453464,462
18138021,64.5633,64.2342,462,30729,0.909187,0.83,2,453996,453534,462
18140941,36.9127,37.6468,461,30798,0.925837,0.77,2,454026,453565,461
18272341,25,29,489,33751,0.79,1,2,456168,455679,489
18275261,24.2,26.6,487,33814,0.694,1,1,456192,455705,487
18278181,23.24,22.92,488,33877,0.6748,1,1,456215,455727,488
18281101,36.648,37.384,487,33939,0.63896,1,1,456255,455768,487
18284021,33.7296,37.8768,482,34001,0.551792,1,1,456288,455806,482
18286941,36.3459,28.3754,493,34063,0.534358,1,1,456325,455832,493
18289861,44.0692,56.0751,476,34125,0.466872,1,1,456371,455895,476
18292781,41.6138,40.815,480,34187,0.517374,1,1,456412,455932,480
18295701,39.5228,37.763,482,34249,0.447475,1,1,456451,455969,482
18298621,104.705,7.5526,603,34311,0.417495,0.83,1,456572,455969,603
18301541,45.7409,115.911,491,34373,0.363499,0.77,1,456603,456112,491
18304461,26.7482,47.9821,482,34435,0.4167,0.79,1,456625,456143,482
18307381,21.3496,29.5964,477,34496,0.39534,0.67,1,456645,456168,477
18310301,20.2699,25.1193,473,34557,0.391068,0.67,1,456665,456192,473
18313221,39.254,23.4239,494,34618,0.454214,0.63,1,456709,456215,494
18316141,31.8508,36.6848,484,34679,0.434843,0.53,1,456739,456255,484
18319061,31.9702,33.737,483,34740,0.430969,0.53,1,456771,456288,483
18321981,42.394,36.3474,491,34801,0.446194,0.45,1,456816,456325,491
18324901,38.0788,44.0695,482,34862,0.449239,0.53,1,456853,456371,482
18327821,38.8158,41.6139,480,34923,0.497848,0.43,1,456892,456412,480
18330741,104.563,39.5228,562,34984,0.58757,0.41,1,457013,456451,562
18333661,44.9126,104.705,471,35044,0.621514,0.35,1,457043,456572,471
18336581,28.1825,45.7409,464,35104,0.628303,0.43,1,457067,456603,464
18339501,20.0365,26.7482,460,35164,0.645661,0.39,1,457085,456625,460
18342421,21.6073,21.3496,462,35224,0.665132,0.39,1,457107,456645,462
18345341,39.5215,20.2699,486,35284,0.685026,0.47,1,457151,456665,486
18348261,33.5043,39.254,474,35344,0.689005,0.43,1,457183,456709,474
18351181,30.7009,31.8508,474,35404,0.657801,0.43,1,457213,456739,474
18354101,44.5402,31.9702,490,35464,0.69956,0.45,1,457261,456771,490
18357021,40.108,42.394,484,35524,0.739912,0.45,1,457300,456816,484
18359941,40.0216,38.0788,487,35584,0.747982,0.51,1,457340,456853,487
18362861,107.204,38.8158,572,35643,0.845596,0.61,2,457464,456892,572
18365781,23.0409,104.563,453,35702,0.865119,0.63,2,457466,457013,453
18368701,28.6082,44.9126,453,35761,0.885024,0.63,2,457496,457043,453
18371621,25.7216,28.1825,454,35820,0.905005,0.65,2,457521,457067,454
18374541,20.3443,20.0365,455,35879,0.893001,0.67,2,457540,457085,455
18377461,21.6689,21.6073,455,35938,0.8906,0.69,2,457562,457107,455
18380381,40.3338,39.5215,456,35997,0.87412,0.69,2,457607,457151,456
18383301,33.6668,33.5043,456,36056,0.870824,0.65,2,457639,457183,456
18386221,29.9334,30.7009,455,36115,0.918165,0.71,2,457668,457213,455
18389141,45.9867,44.5402,457,36174,0.927633,0.75,2,457718,457261,457
18392061,41.9973,40.108,459,36232,0.913527,0.75,2,457759,457300,459
18653401,370,413,428,17520,0.19,0.05,1,461509,461081,428
18656321,116.4,129,423,18366,0.126,0,1,461562,461139,423
18659241,158.48,133,458,18482,0.0812,0.09,1,461731,461273,458
18662161,83.696,79.4,457,18597,0.10424,0.13,1,461796,461339,457
18665081,57.5392,74.28,435,18711,0.124848,0.15,1,461847,461412,435
18668001,31.5078,35.656,434,18824,0.14497,0.13,1,461872,461438,434
18670921,59.1016,39.9312,459,18937,0.100994,0.11,1,461938,461479,459
18673841,51.0203,74.3862,425,19049,0.156199,0.07,1,461987,461562,425
18676761,147.004,150.077,427,19160,0.18324,0.11,1,462158,461731,427
18679681,83.0008,82.0154,429,19271,0.252648,0.13,1,462225,461796,429
18682601,56.6002,57.2031,428,19381,0.25053,0.15,1,462275,461847,428
18685521,30.52,31.4406,427,19490,0.282106,0.09,1,462299,461872,427
18688441,60.504,59.0881,429,19599,0.304421,0.09,1,462367,461938,429
18691361,51.3008,11.8176,478,19707,0.260884,0.17,1,462416,461938,478
18694281,148.66,41.5635,602,19815,0.268177,0.19,1,462589,461987,602
18697201,84.132,145.113,499,19922,0.285635,0.27,1,462657,462158,499
18700121,57.6264,82.6225,483,20028,0.305127,0.25,1,462708,462225,483
18703041,30.7253,56.5245,457,20134,0.309025,0.29,1,462732,462275,457
18705961,61.3451,30.5049,502,20239,0.357805,0.31,1,462801,462299,502
18708881,50.669,60.501,482,20344,0.383561,0.25,1,462849,462367,482
18711801,151.734,51.3002,610,20448,0.436712,0.27,1,463026,462416,610
18714721,83.1468,148.66,503,20552,0.431342,0.29,1,463092,462589,503
18717641,58.2294,84.132,487,20655,0.494269,0.31,1,463144,462657,487
18720561,30.8459,57.6264,460,20758,0.522854,0.31,1,463168,462708,460
18723481,64.5692,30.7253,509,20860,0.576571,0.37,1,463241,462732,509
18726401,52.1138,61.3451,489,20962,0.619314,0.39,1,463290,462801,489
18729321,12.0228,50.669,443,21063,0.595863,0.45,1,463292,462849,443
18732241,143.205,151.734,442,21164,0.703173,0.43,1,463468,463026,442
18735161,82.2409,83.1468,443,21264,0.756635,0.51,2,463535,463092,443
18738081,62.0482,58.2294,448,21364,0.831327,0.53,2,463592,463144,448
18741001,31.6096,30.8459,448,21463,0.862265,0.59,2,463616,463168,448
18743921,67.1219,64.5692,451,21562,0.836453,0.63,2,463692,463241,451
18746841,55.0244,52.1138,454,21660,0.847291,0.59,2,463744,463290,454
18749761,12.6049,12.0228,454,21758,0.849458,0.73,2,463746,463292,454
18752681,144.921,143.205,456,21855,0.897892,0.77,2,463924,463468,456
18851961,60,68,479,24941,0.79,1,2,466060,465581,479
18854881,82.4,61.6,507,25026,0.55,1,1,466148,465641,507
18857801,45.28,34.72,515,25111,0.422,1,1,466184,465669,515
18860721,105.056,131.744,479,25195,0.2844,0.97,1,466304,465825,479
18863641,73.0112,79.9488,477,25279,0.17688,1,1,466369,465892,477
18866561,58.6022,62.3898,474,25363,0.123376,0.93,1,466424,465950,474
18869481,33.3204,36.478,471,25447,0.128675,0.93,1,466451,465980,471
18872401,21.0641,7.29559,489,25530,0.113735,0.93,1,466469,465980,489
18875321,44.2128,17.4591,519,25613,0.094747,0.79,1,466519,466000,519
18878241,64.8426,51.4918,529,25696,0.106949,0.49,1,466589,466060,529
18881161,40.1685,80.6984,475,25778,0.0933899,0.39,1,466623,466148,475
18884081,96.0337,44.9397,549,25860,0.106678,0.25,1,466733,466184,549
18887001,68.8067,104.988,491,25942,0.173336,0.15,1,466795,466304,491
18889921,58.5613,72.9976,482,26024,0.202667,0.11,1,466851,466369,482
18892841,32.5123,58.5995,453,26105,0.176533,0.13,1,466877,466424,453
18895761,20.1025,33.3199,443,26186,0.187307,0.11,1,466894,466451,443
18898681,44.0205,21.064,475,26267,0.205461,0.09,1,466944,466469,475
18901601,64.8041,44.2128,495,26348,0.225092,0.11,1,467014,466519,495
18904521,40.1608,64.8426,459,26428,0.261018,0.09,1,467048,466589,459
18907441,98.4322,40.1685,538,26508,0.348204,0.11,1,467161,466623,538
18910361,70.8864,96.0337,492,26588,0.381641,0.19,1,467225,466733,492
18913281,59.7773,68.8067,487,26668,0.420328,0.21,1,467282,466795,487
18916201,31.1555,58.5613,455,26747,0.428066,0.17,1,467306,466851,455
18919121,20.6311,32.5123,447,26826,0.429613,0.19,1,467324,466877,447
18922041,45.7262,20.1025,482,26905,0.445923,0.21,1,467376,466894,482
18924961,10.7452,44.0205,434,26984,0.497185,0.23,1,467378,466944,434
18927881,58.949,64.8041,435,27062,0.491437,0.27,1,467449,467014,435
18930801,38.9898,40.1608,435,27140,0.538287,0.37,1,467483,467048,435
18933721,102.198,98.4322,440,27218,0.627657,0.39,1,467601,467161,440
18936641,72.4396,70.8864,441,27296,0.613531,0.43,1,467666,467225,441
18939561,61.6879,59.7773,443,27374,0.642706,0.43,1,467725,467282,443
18942481,31.5376,31.1555,443,27451,0.712541,0.43,1,467749,467306,443
18945401,21.5075,20.6311,444,27528,0.710508,0.45,1,467768,467324,444
18948321,46.7015,45.7262,445,27605,0.694102,0.51,1,467821,467376,445
18951241,10.9403,10.7452,445,27682,0.69082,0.49,1,467823,467378,445
18954161,60.5881,58.949,447,27759,0.738164,0.55,1,467896,467449,447
18957081,41.7176,38.9898,450,27835,0.795633,0.65,2,467933,467483,450
18960001,104.344,102.198,452,27911,0.807127,0.61,2,468053,467601,452
18962921,72.8687,72.4396,452,27987,0.825425,0.65,2,468118,467666,452
18965841,64.9737,61.6879,456,28063,0.813085,0.73,2,468181,467725,456
18968761,32.1947,31.5376,456,28138,0.874617,0.71,2,468205,467749,456
18971681,20.8389,21.5075,455,28213,0.886923,0.69,2,468223,467768,455
18974601,47.3678,46.7015,456,28288,0.857385,0.69,2,468277,467821,456
18977521,11.0736,10.9403,456,28363,0.851477,0.69,2,468279,467823,456
18980441,60.6147,2.18806,529,28438,0.850295,0.75,2,468352,467823,529
18983361,44.1229,58.8376,496,28512,0.866059,0.81,2,468392,467896,496
18986281,106.425,41.3675,581,28586,0.901212,0.81,2,468514,467933,581
18989201,72.4849,104.274,525,28660,0.908242,0.83,2,468578,468053,525
18992121,66.497,72.8547,525,28734,0.909649,0.81,2,468643,468118,525
18995041,33.2994,64.9709,487,28808,0.92593,0.89,2,468668,468181,487
18997961,21.0599,32.1942,481,28881,0.929186,0.89,2,468686,468205,481
19097241,35,30,502,31275,0.73,1,1,470343,469841,502
19100161,81.4,85.2,496,31343,0.57,1,1,470436,469940,496
19103081,49.08,17.04,537,31411,0.506,1,1,470477,469940,537
19106001,68.216,53.808,547,31478,0.3332,1,1,470550,470003,547
19108921,42.4432,72.3616,506,31545,0.26664,1,1,470586,470080,506
19111841,34.0886,40.0723,506,31612,0.173328,1,1,470618,470112,506
19114761,30.0177,29.6145,508,31679,0.170666,0.9,1,470647,470139,508
19117681,27.6035,31.5229,503,31746,0.186133,1,1,470674,470171,503
19120601,47.9207,32.7046,523,31813,0.157227,0.96,1,470727,470204,523
19123521,43.1841,52.9409,507,31880,0.119445,0.81,1,470769,470262,507
19126441,35.8368,47.3882,495,31946,0.127889,0.73,1,470803,470308,495
19129361,68.7674,37.4776,537,32012,0.0335778,0.53,1,470880,470343,537
19132281,45.7535,81.8955,484,32078,0.0467156,0.49,1,470920,470436,484
19135201,59.5507,49.1791,506,32144,0.0333431,0.29,1,470983,470477,506
19138121,39.9101,68.2358,468,32210,0.0786686,0.25,1,471018,470550,468
19141041,31.182,42.4472,461,32276,0.135734,0.15,1,471047,470586,461
19143961,30.2364,34.0894,459,32342,0.147147,0.17,1,471077,470618,459
19146881,26.0473,30.0179,455,32407,0.149429,0.19,1,471102,470647,455
19149801,47.6095,27.6036,481,32472,0.181886,0.15,1,471155,470674,481
19152721,40.7219,47.9207,467,32537,0.204377,0.11,1,471194,470727,467
19155641,35.3444,43.1841,459,32602,0.208875,0.13,1,471228,470769,459
19158561,66.2689,35.8368,499,32667,0.241775,0.01,1,471302,470803,499
19161481,44.4538,68.7674,461,32732,0.264355,0.05,1,471341,470880,461
19164401,10.4908,45.7535,423,32797,0.268871,0.03,1,471343,470920,423
19167321,54.0982,59.5507,425,32861,0.349774,0.09,1,471408,470983,425
19170241,39.6196,39.9101,426,32925,0.349955,0.15,1,471444,471018,426
19173161,33.5239,31.182,429,32989,0.349991,0.15,1,471476,471047,429
19176081,31.5048,30.2364,430,33053,0.365998,0.15,1,471507,471077,430
19179001,26.301,26.0473,430,33117,0.3692,0.19,1,471532,471102,430
19181921,46.8602,47.6095,429,33181,0.33784,0.21,1,471584,471155,429
19184841,42.972,40.7219,432,33245,0.379568,0.21,1,471626,471194,432
19187761,37.3944,35.3444,434,33309,0.387914,0.25,1,471662,471228,434
19190681,68.2789,66.2689,436,33372,0.405583,0.27,1,471738,471302,436
19193601,44.0558,44.4538,435,33435,0.457117,0.27,1,471776,471341,435
19196521,10.4112,10.4908,435,33498,0.435423,0.37,1,471778,471343,435
19199441,56.4822,54.0982,438,33561,0.479085,0.35,1,471846,471408,438
19202361,40.8964,39.6196,439,33624,0.535817,0.35,1,471883,471444,439
19205281,33.7793,33.5239,439,33687,0.563163,0.37,1,471915,471476,439
19208201,30.7559,31.5048,438,33750,0.568633,0.37,1,471945,471507,438
19211121,26.1512,26.301,438,33813,0.521727,0.33,1,471970,471532,438
19214041,46.8302,46.8602,438,33876,0.544345,0.39,1,472022,471584,438
19216961,45.366,42.972,441,33938,0.564869,0.39,1,472067,471626,441
19219881,38.6732,37.3944,442,34000,0.600974,0.41,1,472104,471662,442
19222801,68.5346,68.2789,442,34062,0.592195,0.47,1,472180,471738,442
19225721,44.9069,44.0558,443,34124,0.638439,0.43,1,472219,471776,443
19228641,10.5814,10.4112,443,34186,0.647688,0.49,1,472221,471778,443
19231561,58.9163,56.4822,446,34248,0.649538,0.49,1,472292,471846,446
19234481,41.3833,11.2964,483,34310,0.697908,0.55,1,472329,471846,483
19237401,34.6767,31.8593,479,34372,0.691581,0.57,1,472362,471883,479
19240321,30.9353,31.9719,477,34434,0.690316,0.57,1,472392,471915,477
19243241,25.3871,30.3944,471,34495,0.706063,0.51,1,472416,471945,471
19246161,48.2774,26.0789,500,34556,0.757213,0.55,2,472470,471970,500
19249081,44.8555,46.8158,492,34617,0.767443,0.57,2,472514,472022,492
19252001,40.1711,45.3632,486,34678,0.769489,0.61,2,472553,472067,486
19254921,69.6342,38.6726,526,34739,0.785898,0.59,2,472630,472104,526
19257841,45.9268,68.5345,490,34800,0.80518,0.65,2,472670,472180,490
19260761,10.7854,44.9069,453,34861,0.809036,0.65,2,472672,472219,453
19263681,61.3571,10.5814,525,34922,0.761807,0.65,2,472746,472221,525
19266601,43.4714,58.9163,493,34983,0.768361,0.71,2,472785,472292,493
19269521,34.2943,41.3833,488,35043,0.785672,0.69,2,472817,472329,488
19272441,30.8589,34.6767,485,35103,0.805135,0.69,2,472847,472362,485
19275361,26.1718,30.9353,480,35163,0.841027,0.71,2,472872,472392,480
19278281,50.8344,25.3871,513,35223,0.880205,0.77,2,472929,472416,513
19281201,45.3669,48.2774,503,35283,0.904041,0.77,2,472973,472470,503
19284121,40.2734,44.8555,498,35343,0.940808,0.77,2,473012,472514,498
19418441,30,11,533,37997,0.73,1,1,474833,474300,533
19421361,37.2,33.4,533,38053,0.602,1,1,474872,474339,533
19424281,35.44,57.88,504,38109,0.4484,1,1,474907,474403,504
19427201,80.688,36.376,565,38164,0.19368,1,1,474999,474434,565
19430121,44.1376,83.2752,505,38219,0.110736,1,1,475034,474529,505
19433041,36.8275,43.855,506,38274,0.0461472,1,1,475069,474563,506
19435961,36.9655,36.771,508,38329,0.0492294,0.98,1,475106,474598,508
19438881,29.7931,37.7542,498,38384,0.0338459,1,1,475134,474636,498
19441801,28.3586,34.7508,492,38439,0.0467692,0.87,1,475162,474670,492
19444721,34.4717,32.5502,496,38494,0.0333538,0.87,1,475198,474702,496
19447641,27.6943,36.11,485,38549,0.0146708,0.85,1,475224,474739,485
19450561,35.1389,30.422,493,38604,0.0429342,0.79,1,475261,474768,493
19453481,8.62777,34.0844,460,38659,0.0485868,0.73,1,475263,474803,460
19456401,20.1256,30.8169,453,38714,0.0817174,0.57,1,475286,474833,453
19459321,30.4251,37.3634,447,38769,0.120343,0.41,1,475319,474872,447
19462241,27.685,35.4727,439,38823,0.112069,0.13,1,475346,474907,439
19465161,70.337,80.6945,428,38877,0.110414,0.09,1,475427,474999,428
19468081,37.2674,44.1389,422,38931,0.142083,0.03,1,475456,475034,422
19471001,35.4535,36.8278,422,38985,0.148417,0.05,1,475491,475069,422
19473921,37.4907,36.9656,423,39039,0.0856833,0.03,1,475529,475106,423
19476841,30.6981,29.7931,424,39093,0.0731367,0.05,1,475558,475134,424
19479761,27.7396,28.3586,423,39147,0.0866273,0.03,1,475585,475162,423
19482681,33.5479,34.4717,422,39201,0.0253255,0.01,1,475620,475198,422
19485601,29.1096,27.6943,424,39255,0.0130651,0.05,1,475648,475224,424
19488521,35.4219,35.1389,424,39309,0.058613,0.05,1,475685,475261,424
19491441,8.68438,8.62777,424,39363,0.0357226,0.09,1,475687,475263,424
19494361,21.7369,20.1256,426,39417,0.127145,0.13,1,475712,475286,426
19497281,31.5474,30.4251,427,39471,0.177429,0.11,1,475746,475319,427
19500201,26.3095,27.685,425,39525,0.235486,0.11,1,475771,475346,425
19503121,71.6619,70.337,427,39578,0.183097,0.15,1,475854,475427,427
19506041,38.3324,37.2674,428,39631,0.172619,0.15,1,475884,475456,428
19508961,34.8665,35.4535,427,39684,0.202524,0.07,1,475918,475491,427
19511881,34.1733,37.4907,423,39737,0.240505,0.07,1,475952,475529,423
19514801,31.6347,30.6981,425,39790,0.216101,0.09,1,475983,475558,425
19517721,27.1269,27.7396,424,39843,0.27522,0.01,1,476009,475585,424
19520641,32.6254,33.5479,423,39896,0.191044,0.01,1,476043,475620,423
19523561,28.1251,29.1096,422,39949,0.158209,0.07,1,476070,475648,422
19526481,35.225,35.4219,422,40002,0.119642,0.03,1,476107,475685,422
19529401,8.645,8.68438,422,40055,0.111928,0.15,1,476109,475687,422
19532321,27.329,21.7369,429,40108,0.0463857,0.15,1,476141,475712,429
19535241,33.4658,4.34738,464,40161,0.0492771,0.19,1,476176,475712,464
19538161,27.4932,28.0695,456,40214,0.0658554,0.25,1,476202,475746,456
19541081,70.2986,25.6139,512,40267,0.0851711,0.17,1,476283,475771,512
19544001,38.0597,71.5228,459,40319,0.105034,0.17,1,476313,475854,459
19546921,36.4119,38.3046,465,40371,0.109007,0.21,1,476349,475884,465
19549841,35.2824,34.8609,466,40423,0.0938014,0.25,1,476384,475918,466
19552761,31.8565,34.1722,463,40475,0.12276,0.21,1,476415,475952,463
19555681,27.9713,31.6344,459,40527,0.112552,0.29,1,476442,475983,459
19558601,29.5943,27.1269,463,40579,0.11051,0.17,1,476472,476009,463
19561521,23.5189,32.6254,451,40631,0.110102,0.15,1,476494,476043,451
19564441,34.3038,28.1251,461,40683,0.12602,0.11,1,476531,476070,461
19567361,8.46075,35.225,426,40735,0.129204,0.11,1,476533,476107,426
19570281,26.4922,8.645,455,40787,0.161841,0.03,1,476564,476109,455
19573201,34.0984,27.329,459,40839,0.152368,0.05,1,476600,476141,459
19576121,28.4197,33.4658,451,40891,0.150474,0.07,1,476627,476176,451
19579041,71.2839,27.4932,507,40943,0.230095,0.09,1,476709,476202,507
19581961,38.2568,70.2986,456,40995,0.262019,0.11,1,476739,476283,456
19584881,36.4514,38.0597,462,41046,0.268404,0.11,1,476775,476313,462
19587801,34.4903,36.4119,460,41097,0.285681,0.09,1,476809,476349,460
19590721,31.6981,35.2824,456,41148,0.305136,0.13,1,476840,476384,456
19593641,28.7396,31.8565,453,41199,0.341027,0.11,1,476868,476415,453
19596561,29.7479,27.9713,456,41250,0.348205,0.11,1,476898,476442,456
19599481,23.5496,29.5943,448,41301,0.365641,0.11,1,476920,476472,448
19602401,35.1099,23.5189,464,41352,0.369128,0.13,1,476958,476494,464
19605321,8.62198,34.3038,429,41403,0.369826,0.13,1,476960,476531,429
19608241,26.5244,8.46075,458,41454,0.417965,0.17,1,476991,476533,458
19611161,34.9049,26.4922,464,41505,0.411593,0.15,1,477028,476564,464
19614081,8.58098,34.0984,430,41556,0.410319,0.15,1,477030,476600,430
19617001,22.5162,28.4197,429,41607,0.410064,0.25,1,477056,476627,429
19619921,74.1032,71.2839,434,41658,0.506013,0.27,1,477143,476709,434
19622841,39.6206,38.2568,435,41709,0.573203,0.27,1,477174,476739,435
19625761,36.7241,36.4514,435,41760,0.618641,0.29,1,477210,476775,435
19628681,35.3448,34.4903,436,41811,0.627728,0.31,1,477245,476809,436
19631601,32.669,31.6981,437,41861,0.645546,0.35,1,477277,476840,437
19634521,30.5338,28.7396,439,41911,0.617109,0.35,1,477307,476868,439
19637441,30.9068,29.7479,440,41961,0.627422,0.37,1,477338,476898,440
19640361,23.7814,23.5496,440,42011,0.629484,0.37,1,477360,476920,440
19643281,35.9563,35.1099,441,42061,0.645897,0.37,1,477399,476958,441
19646201,8.79125,8.62198,441,42111,0.649179,0.43,1,477401,476960,441
19649121,28.1583,26.5244,443,42161,0.649836,0.41,1,477434,476991,443
19652041,34.4317,34.9049,442,42211,0.649967,0.41,1,477470,477028,442
19654961,8.48633,8.58098,442,42261,0.681993,0.41,1,477472,477030,442
19657881,23.2973,22.5162,443,42311,0.688399,0.53,1,477499,477056,443
19660801,78.2595,74.1032,448,42361,0.68968,0.59,1,477591,477143,448
19663721,42.8519,39.6206,451,42411,0.737936,0.63,1,477625,477174,451
19666641,37.3704,36.7241,451,42461,0.763587,0.63,2,477661,477210,451
19669561,35.4741,35.3448,451,42511,0.816717,0.65,2,477696,477245,451
19672481,33.4948,32.669,452,42561,0.779343,0.61,2,477729,477277,452
19675401,30.699,30.5338,452,42611,0.803869,0.63,2,477759,477307,452
19678321,31.7398,30.9068,453,42661,0.776774,0.63,2,477791,477338,453
19681241,23.948,23.7814,453,42710,0.787355,0.65,2,477813,477360,453
19684161,36.7896,35.9563,454,42759,0.853471,0.65,2,477853,477399,454
19687081,8.95792,8.79125,454,42808,0.866694,0.65,2,477855,477401,454
19690001,28.1916,28.1583,454,42857,0.821339,0.65,2,477888,477434,454
19692921,34.4383,34.4317,454,42906,0.860268,0.69,2,477924,477470,454
19695841,8.48766,8.48633,454,42955,0.868053,0.69,2,477926,477472,454
19698761,23.2975,23.2973,454,43004,0.885611,0.69,2,477953,477499,454
19701681,79.0595,4.65945,547,43053,0.889122,0.69,2,478046,477499,547
19704601,45.4119,74.5319,492,43102,0.905824,0.75,2,478083,477591,492
19707521,39.4824,42.1064,496,43151,0.893165,0.77,2,478121,477625,496
19710441,35.8965,37.2213,495,43200,0.906633,0.83,2,478156,477661,495
19713361,32.7793,35.4443,492,43249,0.909327,0.77,2,478188,477696,492
19716281,30.5559,33.4889,489,43298,0.909865,0.81,2,478218,477729,489
19719201,32.5112,30.6978,492,43347,0.893973,0.77,2,478251,477759,492
19722121,24.9022,31.7396,483,43396,0.874795,0.79,2,478274,477791,483
19725041,37.7804,23.9479,502,43445,0.918959,0.87,2,478315,477813,502
19727961,9.15609,36.7896,464,43494,0.927792,0.87,2,478317,477853,464
19730881,27.4312,8.95792,494,43543,0.929558,0.81,2,478349,477855,494
19733801,35.0862,28.1916,498,43591,0.913912,0.87,2,478386,477888,498
19736721,8.61725,34.4383,464,43639,0.910782,0.87,2,478388,477924,464
19739641,24.9235,8.48766,491,43687,0.910156,0.89,2,478417,477926,491
19887101,33,36,546,46085,0.83,1,2,480158,479612,546
19897321,393.8,464.8,458,20440,0.174,0.43,1,480642,480184,458
19936741,142.76,171.36,440,20440,0.1228,0.17,1,480722,480282,440
19939661,78.952,67.872,461,21270,0.04856,0.13,1,480785,480324,461
19942581,74.1904,67.1744,467,21370,0.017712,0.09,1,480858,480391,467
19945501,86.0381,100.635,447,21469,0.0275424,0.05,1,480947,480500,447
19948421,63.6076,61.727,453,21568,0.0455085,0.03,1,481005,480552,453
19951341,38.3215,62.7454,422,21666,0.0651017,0.01,1,481037,480615,422
19954261,30.0643,25.3491,434,21764,0.0370203,0.07,1,481065,480631,434
19957181,70.8129,61.0698,445,21861,0.0474041,0.03,1,481146,480701,445
19960101,66.1626,79.414,426,21958,0.129481,0.01,1,481211,480785,426
19963021,68.4325,74.2828,422,22055,0.193896,0.03,1,481280,480858,422
19965941,87.2865,86.0566,425,22151,0.0947792,0.05,1,481372,480947,425
19968861,63.0573,63.6113,424,22247,0.0589558,0.07,1,481429,481005,424
19971781,37.4115,38.3223,423,22342,0.0677912,0.03,1,481460,481037,423
19974701,31.4823,30.0645,425,22437,0.0375582,0.05,1,481490,481065,425
19977621,73.4965,70.8129,428,22532,0.111512,0.05,1,481574,481146,428
19980541,65.0993,14.1626,491,22626,0.142302,0.15,1,481637,481146,491
19983461,69.0199,54.8325,496,22720,0.0844605,0.21,1,481707,481211,496
19986381,85.004,66.1665,516,22813,0.104892,0.07,1,481796,481280,516
19989301,60.2008,86.8333,478,22906,0.0449784,0.05,1,481850,481372,478
19992221,37.6402,62.9667,453,22999,0.0329957,0.07,1,481882,481429,453
19995141,31.528,37.3933,452,23091,0.0625991,0.03,1,481912,481460,452
19998061,77.5056,31.4787,511,23183,0.0525198,0.13,1,482001,481490,511
20000981,66.7011,73.4957,491,23274,0.066504,0.15,1,482065,481574,491
20003901,66.1402,65.0991,494,23365,0.133301,0.07,1,482131,481637,494
20006821,86.028,69.0198,515,23456,0.21066,0.11,1,482222,481707,515
20009741,57.2056,85.004,476,23546,0.194132,0.03,1,482272,481796,476
20012661,37.0411,60.2008,454,23636,0.222826,0.03,1,482304,481850,454
20015581,33.0082,37.6402,454,23726,0.228565,0.07,1,482336,481882,454
20018501,77.0016,31.528,512,23815,0.213713,0.05,1,482424,481912,512
20021421,67.4003,77.5056,488,23904,0.242743,0.07,1,482489,482001,488
20024341,15.0801,66.7011,426,23993,0.248549,0.15,1,482491,482065,426
20027261,59.016,66.1402,430,24081,0.26571,0.23,1,482561,482131,430
20030181,87.0032,86.028,433,24169,0.317142,0.19,1,482655,482222,433
20033101,55.8006,57.2056,431,24257,0.327428,0.23,1,482703,482272,431
20036021,38.3601,37.0411,433,24344,0.393486,0.23,1,482737,482304,433
20038941,33.272,33.0082,433,24431,0.406697,0.21,1,482769,482336,433
20041861,76.2544,77.0016,432,24518,0.473339,0.25,1,482856,482424,432
20044781,68.8509,67.4003,434,24604,0.486668,0.25,1,482923,482489,434
20047701,15.3702,15.0801,434,24690,0.489334,0.27,1,482925,482491,434
20050621,59.874,59.016,435,24776,0.537867,0.33,1,482996,482561,435
20053541,89.5748,87.0032,438,24862,0.579573,0.33,1,483093,482655,438
20056461,56.315,55.8006,438,24947,0.667915,0.41,1,483141,482703,438
20059381,40.063,38.3601,440,25032,0.717583,0.41,1,483177,482737,440
20062301,33.6126,33.272,440,25117,0.695517,0.49,1,483209,482769,440
20065221,79.5225,76.2544,444,25201,0.739103,0.49,1,483300,482856,444
20068141,71.1045,68.8509,446,25285,0.715821,0.49,1,483369,482923,446
20071061,15.8209,15.3702,446,25369,0.743164,0.55,1,483371,482925,446
20073981,62.3642,59.874,449,25453,0.764633,0.55,2,483445,482996,449
20076901,92.4728,11.9748,549,25536,0.752927,0.59,2,483545,482996,549
20079821,57.6946,79.995,501,25619,0.814585,0.69,2,483594,483093,501
20082741,41.9389,54.399,491,25702,0.794917,0.73,2,483632,483141,491
20085661,33.9878,39.6798,487,25784,0.790983,0.69,2,483664,483177,487
20088581,80.3976,33.536,547,25866,0.822197,0.75,2,483756,483209,547
20091501,71.2795,79.5072,525,25948,0.812439,0.71,2,483825,483300,525
20094421,15.8559,71.1014,458,26030,0.810488,0.75,2,483827,483369,458
20097341,63.1712,15.8203,531,26111,0.826098,0.77,2,483902,483371,531
20100261,95.0342,62.3641,560,26192,0.861219,0.75,2,484005,483445,560
20103181,59.8068,92.4728,511,26273,0.916244,0.83,2,484056,483545,511
20211221,39,21,522,29105,0.87,1,2,486022,485500,522
20214141,35.8,29,526,29178,0.822,1,2,486057,485531,526
20217061,56.76,31.4,556,29251,0.7164,1,1,486119,485563,556
20219981,75.352,67.88,559,29323,0.64728,1,1,486199,485640,559
20222901,35.0704,76.776,505,29395,0.617456,1,1,486224,485719,505
20225821,31.0141,37.7552,507,29467,0.755491,1,2,486254,485747,507
20228741,87.0028,33.951,575,29539,0.703098,0.95,1,486355,485780,575
20231661,75.0006,93.1902,539,29611,0.69262,0.79,1,486427,485888,539
20234581,28.6001,82.638,476,29682,0.706524,0.79,1,486444,485968,476
20237501,34.52,28.5276,497,29753,0.709305,0.87,1,486480,485983,497
20240421,35.704,36.9055,494,29824,0.677861,0.81,1,486516,486022,494
20243341,8.7408,35.3811,461,29895,0.671572,0.69,1,486518,486057,461
20246261,49.7482,56.6762,459,29966,0.734314,0.63,1,486578,486119,459
20249181,67.5496,75.3352,451,30037,0.762863,0.61,2,486650,486199,451
20252101,32.7099,35.067,450,30107,0.768573,0.79,2,486674,486224,450
20255021,35.342,31.0134,456,30177,0.801715,0.69,2,486710,486254,456
20257941,86.2684,87.0027,454,30247,0.824343,0.69,2,486809,486355,454
20260861,75.6537,75.0005,455,30317,0.860869,0.71,2,486882,486427,455
20263781,28.7307,28.6001,455,30387,0.884174,0.71,2,486899,486444,455
20266701,36.1461,34.52,457,30457,0.904835,0.67,2,486937,486480,457
20453581,47,58,515,34620,0.73,1,1,489879,489364,515
20456501,38.2,42.8,512,34681,0.65,1,1,489915,489403,512
20459421,26.84,34.16,504,34742,0.586,1,1,489939,489435,504
20462341,34.168,24.432,518,34803,0.6052,1,1,489975,489457,518
20465261,39.6336,36.0864,520,34864,0.49704,0.96,1,490016,489496,520
20468181,34.3267,40.8173,511,34925,0.411408,1,1,490049,489538,511
20471101,43.6653,43.3635,513,34986,0.394282,1,1,490095,489582,513
20474021,31.1331,42.2727,499,35046,0.390856,0.92,1,490123,489624,499
20476941,60.6266,27.6545,543,35106,0.358171,0.99,1,490191,489648,543
20479861,56.1253,67.9309,520,35166,0.351634,0.89,1,490246,489726,520
20482781,48.0251,64.7862,502,35226,0.350327,0.69,1,490292,489790,502
20485701,44.805,46.5572,504,35286,0.366065,0.73,1,490336,489832,504
20488621,32.961,46.9114,487,35346,0.385213,0.63,1,490366,489879,487
20491541,22.5922,38.1823,471,35406,0.437043,0.57,1,490386,489915,471
20494461,34.1184,26.8365,484,35466,0.431409,0.61,1,490423,489939,484
20497381,35.6237,34.1673,484,35526,0.462282,0.47,1,490459,489975,484
20500301,32.7247,39.6335,475,35586,0.452456,0.39,1,490491,490016,475
20503221,41.7449,34.3267,486,35645,0.466491,0.39,1,490535,490049,486
20506141,9.94899,43.6653,442,35704,0.469298,0.39,1,490537,490095,442
20509061,24.3898,31.1331,442,35763,0.51786,0.35,1,490565,490123,442
20511981,56.078,60.6266,438,35822,0.495572,0.35,1,490629,490191,438
20514901,55.2156,56.1253,438,35881,0.539114,0.35,1,490684,490246,438
20517821,48.6431,48.0251,439,35940,0.531823,0.37,1,490731,490292,439
20520741,46.5286,44.805,441,35999,0.578365,0.39,1,490777,490336,441
20523661,35.7057,32.961,444,36058,0.603673,0.45,1,490810,490366,444
20526581,23.1411,22.5922,444,36117,0.608735,0.43,1,490830,490386,444
20529501,33.4282,34.1184,443,36176,0.625747,0.47,1,490866,490423,443
20532421,36.2856,35.6237,444,36234,0.613149,0.45,1,490903,490459,444
20535341,32.8571,32.7247,444,36292,0.62663,0.47,1,490935,490491,444
20538261,42.5714,41.7449,445,36350,0.661326,0.47,1,490980,490535,445
20541181,10.1143,9.94899,445,36408,0.700265,0.53,1,490982,490537,445
20544101,25.2229,24.3898,446,36466,0.692053,0.49,1,491011,490565,446
20547021,57.8446,56.078,448,36524,0.674411,0.55,1,491077,490629,448
20549941,54.7689,55.2156,447,36582,0.734882,0.53,1,491131,490684,447
20552861,47.7538,48.6431,446,36640,0.746976,0.59,1,491177,490731,446
20555781,50.3508,46.5286,451,36698,0.733395,0.61,1,491228,490777,451
20558701,35.6702,35.7057,450,36756,0.746679,0.61,1,491260,490810,450
20561621,23.134,23.1411,450,36813,0.749336,0.63,1,491280,490830,450
20564541,34.2268,33.4282,451,36870,0.765867,0.61,2,491317,490866,451
20567461,37.2454,36.2856,452,36927,0.769173,0.63,2,491355,490903,452
20570381,33.8491,32.8571,453,36984,0.833835,0.67,2,491388,490935,453
20573301,44.3698,42.5714,455,37041,0.814767,0.71,2,491435,490980,455
20576221,10.474,10.1143,455,37098,0.842953,0.69,2,491437,490982,455
20579141,24.4948,25.2229,454,37155,0.848591,0.69,2,491465,491011,454
20582061,58.499,5.04457,521,37212,0.849718,0.67,2,491532,491011,521
20584981,55.6998,53.8089,510,37269,0.881944,0.75,2,491587,491077,510
20587901,48.74,53.9618,503,37326,0.904389,0.75,2,491634,491131,503
20736821,27,0,527,40111,0.75,1,2,493571,493044,527
20739741,31.8,28,525,40164,0.606,1,1,493604,493079,525
20742661,31.96,40.8,513,40217,0.5932,1,1,493636,493123,513
20745581,32.792,34.56,513,40270,0.47864,1,1,493669,493156,513
20748501,36.9584,35.712,515,40322,0.439728,0.91,1,493707,493192,515
20751421,24.9917,35.1424,502,40374,0.367946,1,1,493729,493227,502
20754341,32.9983,33.4285,504,40426,0.385589,1,1,493764,493260,504
20757261,41.7997,35.4857,512,40478,0.245118,0.99,1,493808,493296,512
20760181,32.3599,36.6971,505,40530,0.201024,1,1,493838,493333,505
20763101,32.872,34.5394,504,40582,0.160205,1,1,493871,493367,504
20766021,32.9744,34.1079,503,40634,0.152041,0.99,1,493904,493401,503
20768941,59.3949,34.0216,535,40686,0.102408,0.87,1,493970,493435,535
20771861,36.679,63.6043,495,40738,0.0924816,0.79,1,494001,493506,495
20774781,26.5358,43.1209,481,40790,0.0264963,0.75,1,494025,493544,481
20777701,27.7072,30.2242,482,40842,0.0772993,0.57,1,494053,493571,482
20780621,31.1414,32.4448,481,40894,0.10346,0.59,1,494085,493604,481
20783541,26.2283,32.089,474,40946,0.092692,0.45,1,494110,493636,474
20786461,34.8457,32.8178,478,40998,0.122538,0.43,1,494147,493669,478
20789381,22.9691,36.9636,460,41049,0.128508,0.35,1,494167,493707,460
20792301,32.5938,24.9927,473,41100,0.161702,0.39,1,494202,493729,473
20795221,35.3188,32.9985,474,41151,0.16834,0.21,1,494238,493764,474
20798141,31.8638,41.7997,461,41202,0.201668,0.19,1,494269,493808,461
20801061,30.3728,32.3599,461,41253,0.272334,0.15,1,494299,493838,461
20803981,34.0745,32.872,463,41304,0.286467,0.15,1,494334,493871,463
20806901,54.8149,32.9744,490,41355,0.305293,0.09,1,494394,493904,490
20809821,34.963,59.3949,454,41406,0.309059,0.09,1,494424,493970,454
20812741,25.3926,36.679,446,41457,0.293812,0.01,1,494447,494001,446
20815661,28.2785,26.5358,451,41508,0.290762,0.09,1,494476,494025,451
20818581,7.2557,27.7072,425,41559,0.290152,0.11,1,494478,494053,425
20821501,27.0511,31.1414,425,41610,0.290031,0.09,1,494510,494085,425
20824421,27.8102,26.2283,428,41661,0.306006,0.13,1,494538,494110,428
20827341,35.162,34.8457,428,41712,0.293201,0.13,1,494575,494147,428
20830261,23.0324,22.9691,428,41763,0.32264,0.17,1,494595,494167,428
20833181,34.2065,32.5938,430,41814,0.344528,0.17,1,494632,494202,430
20836101,36.4413,35.3188,431,41864,0.348906,0.21,1,494669,494238,431
20839021,32.8883,31.8638,432,41914,0.333781,0.29,1,494701,494269,432
20841941,32.1777,30.3728,434,41964,0.378756,0.29,1,494733,494299,434
20844861,36.0355,34.0745,436,42014,0.371751,0.31,1,494770,494334,436
20847781,56.0071,54.8149,437,42064,0.43435,0.31,1,494831,494394,437
20850701,35.2014,34.963,437,42114,0.44687,0.29,1,494861,494424,437
20853621,24.6403,25.3926,436,42164,0.417374,0.29,1,494883,494447,436
20856541,28.1281,28.2785,436,42214,0.459475,0.29,1,494912,494476,436
20859461,7.22561,7.2557,436,42264,0.435895,0.29,1,494914,494478,436
20862381,27.0451,27.0511,436,42314,0.431179,0.31,1,494946,494510,436
20865301,28.609,27.8102,437,42364,0.494236,0.29,1,494975,494538,437
20868221,34.5218,35.162,436,42414,0.490847,0.33,1,495011,494575,436
20871141,23.7044,23.0324,437,42464,0.506169,0.35,1,495032,494595,437
20874061,34.3409,34.2065,437,42514,0.461234,0.35,1,495069,494632,437
20876981,36.4682,36.4413,437,42564,0.500247,0.33,1,495106,494669,437
20879901,34.4936,32.8883,439,42614,0.492049,0.39,1,495140,494701,439
20882821,34.0987,32.1777,441,42664,0.50641,0.37,1,495174,494733,441
20885741,35.6197,36.0355,440,42713,0.541282,0.45,1,495210,494770,440
20888661,57.524,56.0071,442,42762,0.564256,0.45,1,495273,494831,442
20891581,35.5048,35.2014,442,42811,0.584851,0.41,1,495303,494861,442
20894501,24.701,24.6403,442,42860,0.58897,0.47,1,495325,494883,442
20897421,28.9402,28.1281,443,42909,0.621794,0.43,1,495355,494912,443
20900341,7.38804,7.22561,443,42958,0.596359,0.43,1,495357,494914,443
20903261,27.0776,27.0451,443,43007,0.623272,0.43,1,495389,494946,443
20906181,29.4155,5.40902,473,43056,0.628654,0.51,1,495419,494946,473
20909101,35.4831,24.2818,481,43105,0.645731,0.49,1,495456,494975,481
20912021,23.0966,33.6564,465,43154,0.649146,0.51,1,495476,495011,465
20914941,33.4193,23.5313,480,43203,0.649829,0.45,1,495512,495032,480
20917861,37.8839,34.3063,482,43252,0.681966,0.51,1,495551,495069,482
20920781,33.1768,36.4613,477,43301,0.704393,0.49,1,495583,495106,477
20923701,34.6354,34.4923,478,43350,0.740879,0.51,1,495618,495140,478
20926621,37.3271,34.0985,482,43399,0.732176,0.55,1,495656,495174,482
20929541,59.4654,35.6197,511,43448,0.762435,0.57,2,495721,495210,511
20932461,35.8931,57.5239,478,43497,0.800487,0.59,2,495751,495273,478
20935381,24.7786,35.5048,470,43546,0.808097,0.59,2,495773,495303,470
20938301,30.5557,24.701,480,43594,0.82562,0.63,2,495805,495325,480
20941221,7.71114,28.9402,452,43642,0.829124,0.59,2,495807,495355,452
20944141,27.1422,7.38804,482,43690,0.845825,0.63,2,495839,495357,482
20947061,31.0284,27.0776,482,43738,0.849165,0.63,2,495871,495389,482
20949981,36.6057,29.4155,490,43786,0.865833,0.65,2,495909,495419,490
20952901,23.3211,35.4831,473,43834,0.885167,0.65,2,495929,495456,473
20955821,33.4642,23.0966,489,43882,0.921033,0.65,2,495965,495476,489
20958741,39.4928,33.4193,494,43930,0.944207,0.69,2,496006,495512,494
20961661,35.0986,37.8839,489,43978,0.948841,0.71,2,496040,495551,489
21260961,62,107,467,24169,0.89,1,2,500439,499972,467
21263881,103.6,106.2,475,24257,0.602,1,1,500553,500078,475
21266801,104.72,108.44,471,24344,0.5124,1,1,500658,500187,471
21269721,76.144,54.488,499,24431,0.31848,1,1,500727,500228,499
21272641,40.0288,50.8976,480,24518,0.327696,0.97,1,500758,500278,480
21275561,36.0058,38.9795,479,24604,0.249539,0.91,1,500793,500314,479
21278481,35.2012,37.3959,477,24690,0.121908,0.94,1,500828,500351,477
21281401,23.0402,28.2792,471,24776,0.112382,0.89,1,500848,500377,471
21284321,47.808,55.2558,463,24862,0.126476,0.53,1,500902,500439,463
21287241,90.3616,102.251,450,24947,0.0972953,0.49,1,501003,500553,450
21290161,94.0723,104.45,440,25032,0.107459,0.27,1,501098,500658,440
21293081,70.0145,76.09,435,25117,0.141492,0.33,1,501162,500727,435
21296001,38.8029,40.018,435,25201,0.100298,0.23,1,501193,500758,435
21298921,32.5606,36.0036,431,25285,0.0920597,0.09,1,501224,500793,431
21301841,31.3121,35.2007,427,25369,0.106412,0.11,1,501255,500828,427
21304761,21.4624,23.0401,426,25453,0.0932824,0.11,1,501274,500848,426
21307681,47.4925,4.60803,480,25536,0.122656,0.13,1,501328,500848,480
21310601,87.8985,44.1216,524,25619,0.224531,0.09,1,501426,500902,524
21313521,95.9797,89.6243,521,25702,0.292906,0.11,1,501524,501003,521
21316441,71.9959,93.9249,492,25784,0.338581,0.15,1,501590,501098,492
21319361,35.9992,69.985,455,25866,0.331716,0.09,1,501617,501162,455
21322281,32.7998,38.797,456,25948,0.346343,0.09,1,501649,501193,456
21325201,30.56,32.5594,455,26030,0.365269,0.11,1,501679,501224,455
21328121,22.112,31.3119,444,26111,0.369054,0.09,1,501699,501255,444
21331041,49.2224,21.4624,481,26192,0.385811,0.13,1,501755,501274,481
21333961,93.0445,47.4925,531,26273,0.373162,0.25,1,501859,501328,531
21336881,99.4089,87.8985,534,26354,0.418632,0.31,1,501960,501426,534
21339801,74.2818,95.9797,504,26434,0.443727,0.35,1,502028,501524,504
21342721,35.6564,71.9959,464,26514,0.448745,0.33,1,502054,501590,464
21345641,33.5313,35.9992,470,26594,0.465749,0.35,1,502087,501617,470
21348561,31.5063,32.7998,469,26674,0.51715,0.37,1,502118,501649,469
21351481,22.3013,30.56,459,26753,0.52743,0.37,1,502138,501679,459
21354401,50.0603,22.112,496,26832,0.529486,0.39,1,502195,501699,496
21357321,92.4121,49.2224,543,26911,0.545897,0.37,1,502298,501755,543
21360241,20.0824,93.0445,441,26990,0.549179,0.43,1,502300,501859,441
21363161,86.4165,99.4089,443,27068,0.613836,0.45,1,502403,501960,443
21366081,72.4833,74.2818,444,27146,0.658767,0.45,1,502472,502028,444
21369001,35.2967,35.6564,444,27224,0.683753,0.47,1,502498,502054,444
21371921,35.0593,33.5313,446,27302,0.704751,0.53,1,502533,502087,446
21374841,33.4119,31.5063,448,27380,0.77295,0.53,2,502566,502118,448
21377761,22.6824,22.3013,448,27457,0.78659,0.53,2,502586,502138,448
21380681,50.1365,50.0603,448,27534,0.741318,0.55,1,502643,502195,448
21383601,93.2273,92.4121,449,27611,0.812264,0.55,2,502747,502298,449
21386521,20.2455,20.0824,449,27688,0.826453,0.63,2,502749,502300,449
21389441,89.6491,86.4165,453,27764,0.861291,0.67,2,502856,502403,453
21392361,73.1298,72.4833,453,27840,0.868258,0.69,2,502925,502472,453
21395281,37.026,35.2967,455,27916,0.917652,0.71,2,502953,502498,455
21398201,37.0052,35.0593,457,27992,0.94353,0.79,2,502990,502533,457
21401121,35.401,33.4119,459,28068,0.948706,0.79,2,503025,502566,459
21535441,29,0,517,31348,0.73,1,1,505373,504856,517
21538361,33,22.4,523,31415,0.682,1,1,505407,504884,523
21541281,37.8,29.28,531,31482,0.5284,1,1,505446,504915,531
21544201,33.16,35.456,526,31549,0.40168,1,1,505478,504952,526
21547121,29.032,35.0912,519,31616,0.296336,1,1,505506,504987,519
21550041,80.2064,31.0182,582,31683,0.0592672,1,1,505599,505017,582
21552961,44.0413,92.6036,509,31750,0.0358534,1,1,505634,505125,509
21555881,54.4083,44.1207,534,31817,0.0791707,1,1,505691,505157,534
21558801,74.0817,56.0241,554,31883,0.0558341,0.82,1,505770,505216,554
21561721,40.4163,83.2048,496,31949,0.0111668,0.77,1,505802,505306,496
21564641,30.4833,47.041,486,32015,0.0422334,0.73,1,505830,505344,486
21567561,28.4967,32.6082,485,32081,0.0324467,0.67,1,505858,505373,485
21570481,30.4993,33.7216,482,32147,0.0624893,0.49,1,505889,505407,482
21573401,28.4999,37.9443,471,32213,0.0364979,0.37,1,505917,505446,471
21576321,24.9,33.1889,463,32279,0.0472996,0.27,1,505941,505478,463
21579241,68.98,29.0378,515,32345,0.0334599,0,1,506021,505506,515
21582161,40.996,80.2076,456,32410,0.014692,0.03,1,506055,505599,456
21585081,56.9992,44.0415,482,32475,0.0269384,0.09,1,506116,505634,482
21588001,72.9998,54.4083,502,32540,0.0133877,0.05,1,506193,505691,502
21590921,40.2,74.0817,455,32605,0.0586775,0,1,506225,505770,455
21593841,29.64,40.4163,450,32670,0.0117355,0.05,1,506252,505802,450
21596761,28.328,30.4833,450,32735,0.0263471,0.03,1,506280,505830,450
21599681,7.2656,28.4967,424,32800,0.0292694,0.07,1,506282,505858,424
21602601,27.0531,30.4993,425,32864,0.0458539,0.03,1,506314,505889,425
21605521,26.2106,28.4999,423,32928,0.0651708,0.05,1,506340,505917,423
21608441,25.2421,24.9,424,32992,0.0210342,0.03,1,506365,505941,424
21611361,68.2484,68.98,423,33056,0.140207,0.01,1,506444,506021,423
21614281,40.0497,40.996,422,33120,0.0280414,0.03,1,506477,506055,422
21617201,59.2099,56.9992,425,33184,0.0296083,0.01,1,506541,506116,425
21620121,72.642,72.9998,424,33248,0.0299217,0.07,1,506617,506193,424
21623041,39.3284,40.2,423,33312,0.0619843,0,1,506648,506225,423
21625961,31.0657,29.64,425,33375,0.0363969,0.03,1,506677,506252,425
21628881,29.4131,28.328,426,33438,0.0312794,0.03,1,506706,506280,426
21631801,7.48263,7.2656,426,33501,0.0302559,0.05,1,506708,506282,426
21634721,25.4965,27.0531,424,33564,0.0620512,0.07,1,506738,506314,424
21637641,25.0993,26.2106,423,33627,0.0684102,0.01,1,506763,506340,423
21640561,24.2199,25.2421,422,33690,0.101682,0.17,1,506787,506365,422
21643481,69.644,68.2484,424,33753,0.188336,0,1,506868,506444,424
21646401,38.7288,40.0497,422,33816,0.189667,0.03,1,506899,506477,422
21649321,58.9458,59.2099,422,33879,0.0939334,0.03,1,506963,506541,422
21652241,72.5892,72.642,422,33941,0.0587867,0.07,1,507039,506617,422
21655161,40.1178,39.3284,423,34003,0.0677573,0.03,1,507071,506648,423
21658081,30.4236,31.0657,422,34065,0.0695515,0.03,1,507099,506677,422
21661001,29.2847,29.4131,422,34127,0.0539103,0.03,1,507128,506706,422
21663921,7.45694,7.48263,422,34189,0.0507821,0.07,1,507130,506708,422
21666841,26.2914,25.4965,423,34251,0.0661564,0.07,1,507161,506738,423
21669761,26.0583,5.0993,449,34313,0.0532313,0.07,1,507187,506738,449
21672681,25.2117,21.0199,449,34375,0.0826463,0.11,1,507212,506763,449
21675601,73.0423,23.404,510,34437,0.120529,0.21,1,507297,506787,510
21678521,37.0085,69.4808,457,34498,0.144106,0.19,1,507325,506868,457
21681441,56.2017,38.6962,487,34559,0.212821,0.07,1,507386,506899,487
21684361,70.4403,58.9392,497,34620,0.258564,0.05,1,507460,506963,497
21687281,40.4881,72.5878,454,34681,0.251713,0.07,1,507493,507039,454
21690201,30.4976,40.1176,450,34742,0.250343,0.07,1,507521,507071,450
21693121,28.4995,30.4235,450,34803,0.266069,0.05,1,507549,507099,450
21696041,7.2999,29.2847,423,34864,0.269214,0.05,1,507551,507128,423
21698961,27.06,7.45694,453,34925,0.269843,0.07,1,507583,507130,453
21701881,27.012,26.2914,449,34986,0.269969,0.05,1,507610,507161,449
21704801,27.0024,26.0583,450,35046,0.301994,0.09,1,507637,507187,450
21707721,75.0005,25.2117,512,35106,0.308399,0.13,1,507724,507212,512
21710641,40.6001,73.0423,459,35166,0.30968,0.15,1,507756,507297,459
21713561,59.32,37.0085,495,35226,0.341936,0.23,1,507820,507325,495
21716481,71.064,56.2017,508,35286,0.380387,0.27,1,507894,507386,508
21719401,39.8128,70.4403,466,35346,0.404077,0.25,1,507926,507460,466
21722321,30.3626,40.4881,461,35406,0.408815,0.25,1,507954,507493,461
21725241,29.2725,30.4976,462,35466,0.393763,0.27,1,507983,507521,462
21728161,7.4545,28.4995,436,35526,0.390753,0.27,1,507985,507549,436
21731081,27.0909,7.2999,466,35586,0.406151,0.27,1,508017,507551,466
21734001,27.0182,27.06,461,35645,0.40923,0.27,1,508044,507583,461
21736921,7.00364,27.012,436,35704,0.409846,0.31,1,508046,507610,436
21739841,23.8007,27.0024,437,35763,0.457969,0.31,1,508074,507637,437
21742761,75.9601,75.0005,439,35822,0.435594,0.31,1,508163,507724,439
21745681,39.992,40.6001,438,35881,0.415119,0.35,1,508194,507756,438
21748601,59.9984,59.32,439,35940,0.443024,0.39,1,508259,507820,439
21751521,73.5997,71.064,442,35999,0.480605,0.41,1,508336,507894,442
21754441,40.3199,39.8128,442,36058,0.488121,0.41,1,508368,507926,442
21757361,30.464,30.3626,442,36117,0.489624,0.39,1,508396,507954,442
21760281,28.4928,29.2725,441,36176,0.457925,0.39,1,508424,507983,441
21763201,7.29856,7.4545,441,36234,0.483585,0.41,1,508426,507985,441
21766121,27.8597,27.0909,442,36292,0.504717,0.41,1,508459,508017,442
21769041,27.1719,27.0182,442,36350,0.508943,0.41,1,508486,508044,442
21771961,7.03439,7.00364,442,36408,0.541789,0.47,1,508488,508046,442
21774881,24.6069,23.8007,443,36466,0.500358,0.43,1,508517,508074,443
21777801,74.5214,75.9601,441,36524,0.572072,0.41,1,508604,508163,441
21780721,38.9043,39.992,440,36582,0.602414,0.45,1,508634,508194,440
21783641,63.7809,59.9984,445,36640,0.640483,0.49,1,508704,508259,445
21786561,73.5562,73.5997,444,36698,0.728097,0.49,1,508780,508336,444
21789481,40.3112,40.3199,444,36756,0.745619,0.49,1,508812,508368,444
21792401,30.4622,30.464,444,36813,0.765124,0.45,2,508840,508396,444
21795321,28.4924,28.4928,444,36870,0.785025,0.49,2,508868,508424,444
21798241,7.29849,7.29856,444,36927,0.789005,0.51,2,508870,508426,444
21801161,29.4597,27.8597,446,36984,0.789801,0.51,2,508905,508459,446
21804081,28.2919,27.1719,447,37041,0.82196,0.55,2,508933,508486,447
21807001,7.25839,7.03439,447,37098,0.828392,0.49,2,508935,508488,447
21809921,23.8517,24.6069,446,37155,0.813678,0.49,2,508963,508517,446
21812841,76.7703,4.92138,536,37212,0.858736,0.59,2,509053,508517,536
21815761,40.9541,70.5843,481,37269,0.899747,0.61,2,509085,508604,481
21818681,65.7908,38.1169,523,37326,0.923949,0.65,2,509157,508634,523
22026001,52,29,522,41151,0.39,1,1,511846,511324,522
22028921,32.8,36.2,512,41202,0.294,1,1,511874,511362,512
22031841,32.16,27.24,519,41253,0.1788,1,1,511906,511387,519
22034761,30.432,15.048,537,41304,0.05976,1,1,511936,511399,537
22037681,18.8864,27.8096,522,41355,0.019952,1,1,511952,511430,522
22040601,33.3773,36.7619,520,41406,0.0039904,1,1,511989,511469,520
22043521,35.4755,48.1524,505,41457,0.00079808,1,1,512025,511520,505
22046441,64.6951,37.6305,542,41508,0.0561596,1,1,512097,511555,542
22049361,36.139,67.5261,496,41559,0.0352319,1,1,512126,511630,496
22052281,20.8278,39.9052,480,41610,0.0150464,1,1,512143,511663,480
22055201,35.3656,36.781,483,41661,0.0590093,1,1,512182,511699,483
22058121,19.8731,28.1562,473,41712,0.0198019,0.82,1,512198,511725,473
22061041,23.9746,34.4312,462,41763,0.0279604,0.71,1,512223,511761,462
22063961,24.7949,33.2862,454,41814,0.0295921,0.39,1,512248,511794,454
22066881,33.759,48.2573,438,41864,0.0299184,0.27,1,512284,511846,438
22069801,23.5518,32.0514,431,41914,0.0299837,0.15,1,512305,511874,431
22072721,23.1104,32.0103,422,41964,0.0459967,0.03,1,512328,511906,422
22075641,28.6221,30.4021,422,42014,0.0171993,0.01,1,512358,511936,422
22078561,18.5244,18.8804,422,42064,0.0274399,0,1,512374,511952,422
22081481,35.7049,33.3761,425,42114,0.00548797,0,1,512414,511989,425
22084401,33.541,35.4752,422,42164,0.00109759,0.07,1,512447,512025,422
22087321,64.3082,64.695,422,42214,0.00821952,0.03,1,512519,512097,422
22090241,36.0616,36.139,422,42264,0.0256439,0.01,1,512548,512126,422
22093161,20.8123,20.8278,422,42314,0.0451288,0.07,1,512565,512143,422
22096081,36.1625,35.3656,423,42364,0.129026,0.01,1,512605,512182,423
22099001,19.2325,19.8731,422,42414,0.129805,0.03,1,512620,512198,422
22101921,23.8465,23.9746,422,42464,0.145961,0.03,1,512645,512223,422
22104841,24.7693,24.7949,422,42514,0.133192,0.03,1,512670,512248,422
22107761,33.7539,33.759,422,42564,0.114638,0.03,1,512706,512284,422
22110681,25.1508,23.5518,424,42614,0.0949277,0.05,1,512729,512305,424
22113601,21.8302,23.1104,422,42664,0.0749855,0.01,1,512750,512328,422
22116521,28.366,28.6221,422,42713,0.0389971,0.03,1,512780,512358,422
22119441,18.4732,18.5244,422,42762,0.0157994,0,1,512796,512374,422
22122361,35.6946,35.7049,422,42811,0.00315988,0,1,512836,512414,422
22125281,33.5389,33.541,422,42860,0.000631977,0.01,1,512869,512447,422
22128201,64.3078,64.3082,422,42909,0.0081264,0.03,1,512941,512519,422
22131121,36.0616,36.0616,422,42958,0.0256253,0.05,1,512970,512548,422
22134041,20.8123,20.8123,422,43007,0.0451251,0.05,1,512987,512565,422
22136961,38.5625,4.16247,465,43056,0.065025,0.15,1,513030,512565,465
22139881,21.3125,32.8325,442,43105,0.069005,0.13,1,513047,512605,442
22142801,23.4625,18.5665,451,43154,0.117801,0.15,1,513071,512620,451
22145721,24.6925,23.7133,451,43203,0.12756,0.13,1,513096,512645,451
22148641,30.5385,24.7427,458,43252,0.129512,0.11,1,513128,512670,458
22151561,25.3077,33.7485,446,43301,0.129902,0.09,1,513152,512706,446
22154481,21.0615,25.1497,443,43350,0.12998,0.07,1,513172,512729,443
22157401,27.4123,21.8299,451,43399,0.113996,0.03,1,513201,512750,451
22160321,18.2825,28.366,437,43448,0.0467992,0.01,1,513217,512780,437
22163241,35.6565,18.4732,461,43497,0.0493598,0,1,513257,512796,461
22166161,34.3313,35.6946,455,43546,0.00987197,0,1,513291,512836,455
22169081,63.6663,33.5389,493,43594,0.0259744,0.01,1,513362,512869,493
22172001,35.9333,64.3078,450,43642,0.0291949,0.03,1,513391,512941,450
22174921,20.7867,36.0616,438,43690,0.013839,0.05,1,513408,512970,438
22177841,40.9573,20.8123,467,43738,0.0267678,0.07,1,513454,512987,467
22180761,23.3915,38.5625,443,43786,0.0293536,0.07,1,513473,513030,443
22183681,25.4783,21.3125,452,43834,0.0298707,0.13,1,513499,513047,452
22186601,24.2957,23.4625,452,43882,0.0299741,0.13,1,513523,513071,452
22189521,30.4591,24.6925,459,43930,0.0779948,0.13,1,513555,513096,459
22192441,25.2918,30.5385,451,43978,0.103599,0.13,1,513579,513128,451
22195361,21.0584,25.3077,447,44026,0.14072,0.13,1,513599,513152,447
22198281,23.4117,21.0615,451,44074,0.148144,0.11,1,513623,513172,451
22201201,16.6823,27.4123,437,44122,0.101629,0.03,1,513638,513201,437
22204121,36.1365,18.2825,462,44170,0.0763258,0.05,1,513679,513217,462
22207041,34.4273,35.6565,456,44218,0.0152651,0,1,513713,513257,456
22209961,64.4855,34.3313,494,44266,0.00305303,0.03,1,513785,513291,494
22212881,34.4971,63.6663,450,44314,0.0246106,0.03,1,513812,513362,450
22215801,20.4994,35.9333,438,44362,0.0129221,0.01,1,513829,513391,438
22218721,41.6999,20.7867,468,44410,0.0425844,0.03,1,513876,513408,468
22221641,22.74,40.9573,440,44457,0.0165169,0.03,1,513894,513454,440
22224561,6.148,23.3915,423,44504,0.0433034,0.03,1,513896,513473,423
22227481,22.0296,25.4783,423,44551,0.0486607,0.03,1,513922,513499,423
22230401,24.4059,24.2957,424,44598,0.0497321,0.09,1,513947,513523,424
22233321,32.0812,30.4591,426,44645,0.0499464,0.11,1,513981,513555,426
22236241,28.0162,25.2918,429,44692,0.0819893,0.15,1,514008,513579,429
22239161,21.6032,21.0584,429,44739,0.136398,0.15,1,514028,513599,429
22242081,23.5206,23.4117,429,44786,0.17928,0.09,1,514052,513623,429
22245001,12.7041,16.6823,424,44833,0.155856,0.07,1,514062,513638,424
22247921,34.5408,36.1365,423,44880,0.167171,0,1,514102,513679,423
22250841,34.1082,34.4273,423,44927,0.121434,0,1,514136,513713,423
22253761,65.2216,64.4855,424,44974,0.0242868,0.03,1,514209,513785,424
22256681,33.0443,34.4971,422,45021,0.0128574,0.01,1,514234,513812,422
22259601,20.2089,20.4994,422,45068,0.0105715,0.05,1,514251,513829,422
22262521,43.2418,41.6999,424,45115,0.0421143,0.01,1,514300,513876,424
22265441,21.4484,22.74,422,45162,0.0484229,0.05,1,514316,513894,422
22268361,5.88967,6.148,422,45209,0.0656846,0.05,1,514318,513896,422
22271281,21.9779,22.0296,422,45256,0.0371369,0.05,1,514344,513922,422
22274201,25.9956,24.4059,424,45303,0.0794274,0.05,1,514371,513947,424
22277121,30.7991,32.0812,422,45350,0.0878855,0.09,1,514403,513981,422
22280041,31.7598,28.0162,427,45397,0.0895771,0.15,1,514435,514008,427
22282961,23.152,21.6032,428,45443,0.121915,0.19,1,514456,514028,428
22285881,24.6304,23.5206,429,45489,0.160383,0.15,1,514481,514052,429
22288801,12.9261,12.7041,429,45535,0.184077,0.17,1,514491,514062,429
22291721,33.7852,34.5408,428,45581,0.252815,0.11,1,514530,514102,428
22294641,29.957,34.1082,423,45627,0.282563,0,1,514559,514136,423
22297561,63.5914,65.2216,422,45673,0.208513,0.01,1,514631,514209,422
22300481,32.7183,33.0443,422,45719,0.113703,0.01,1,514656,514234,422
22303401,20.1437,20.2089,422,45765,0.0307405,0.05,1,514673,514251,422
22306321,43.2287,43.2418,422,45811,0.0461481,0.05,1,514722,514300,422
22309241,22.2457,21.4484,423,45857,0.0332296,0.07,1,514739,514316,423
22312161,6.04915,5.88967,423,45903,0.0306459,0.03,1,514741,514318,423
22315081,21.2098,21.9779,422,45949,0.0621292,0.03,1,514766,514344,422
22318001,26.642,4.39559,450,45995,0.0524258,0.09,1,514794,514344,450
22320921,30.9284,22.4791,455,46041,0.0664852,0.09,1,514826,514371,455
22323841,33.3857,30.0958,457,46087,0.069297,0.09,1,514860,514403,457
22326761,25.8771,31.6192,449,46133,0.117859,0.13,1,514884,514435,449
22329681,26.7754,23.1238,455,46179,0.111572,0.17,1,514911,514456,455
22332601,14.9551,24.6248,442,46225,0.110314,0.19,1,514923,514481,442
22335521,35.791,12.925,473,46271,0.110063,0.27,1,514964,514491,473
22338441,31.1582,33.785,464,46317,0.110013,0.29,1,514994,514530,464
22341361,56.6316,29.957,498,46363,0.174003,0.19,1,515057,514559,498
22344281,27.3263,63.5914,446,46408,0.1868,0.09,1,515077,514631,446
22347201,19.0653,32.7183,438,46453,0.14136,0.01,1,515094,514656,438
22350121,43.0131,20.1437,470,46498,0.052272,0.05,1,515143,514673,470
22353041,23.8026,43.2287,440,46543,0.0184544,0.03,1,515162,514722,440
22355961,6.36052,22.2457,425,46588,0.0116909,0.03,1,515164,514739,425
22358881,20.4721,6.04915,447,46633,0.0263382,0.07,1,515188,514741,447
22361801,27.2944,21.2098,451,46678,0.0452676,0.05,1,515217,514766,451
22364721,31.8589,26.642,456,46723,0.0490535,0.07,1,515250,514794,456
22367641,34.3718,30.9284,459,46768,0.0658107,0.07,1,515285,514826,459
22370561,26.8744,33.3857,450,46813,0.0211621,0.13,1,515310,514860,450
22373481,26.9749,25.8771,453,46858,0.0282324,0.11,1,515337,514884,453
22376401,14.995,26.7754,438,46903,0.0456465,0.11,1,515349,514911,438
22379321,35.799,14.9551,467,46948,0.0491293,0.11,1,515390,514923,467
22382241,31.9598,35.791,457,46993,0.0658259,0.11,1,515421,514964,457
22385161,59.192,31.1582,493,47038,0.0371652,0.19,1,515487,514994,493
22388081,26.2384,56.6316,448,47083,0.047433,0.19,1,515505,515057,448
22391001,14.8477,27.3263,440,47128,0.0494866,0.13,1,515517,515077,440
22393921,41.3695,19.0653,471,47173,0.0498973,0.03,1,515565,515094,471
22396841,23.4739,43.0131,441,47218,0.0339795,0.01,1,515584,515143,441
22399761,6.29478,23.8026,424,47263,0.0307959,0.01,1,515586,515162,424
22402681,20.459,6.36052,446,47308,0.0301592,0.03,1,515610,515164,446
22405601,28.0918,20.4721,452,47353,0.0780318,0.05,1,515640,515188,452
22408521,7.21836,27.2944,425,47398,0.0876064,0.05,1,515642,515217,425
22411441,27.0437,31.8589,424,47442,0.121521,0.07,1,515674,515250,424
22414361,32.6087,34.3718,423,47486,0.128304,0.01,1,515708,515285,423
22417281,25.7217,26.8744,422,47530,0.113661,0.03,1,515732,515310,422
22420201,28.3443,26.9749,424,47574,0.0947322,0.05,1,515761,515337,424
22423121,16.0689,14.995,425,47618,0.106946,0.05,1,515774,515349,425
22426041,35.2138,35.799,424,47662,0.109389,0.07,1,515814,515390,424
22428961,31.0428,31.9598,423,47706,0.141878,0.03,1,515844,515421,423
22431881,59.0085,59.192,423,47750,0.180376,0.05,1,515910,515487,423
22434801,27.0017,26.2384,424,47794,0.204075,0.05,1,515929,515505,424
22437721,15.8003,14.8477,425,47838,0.208815,0.05,1,515942,515517,425
22440641,40.7601,41.3695,424,47882,0.257763,0.03,1,515989,515565,424
22443561,22.552,23.4739,423,47926,0.267553,0.03,1,516007,515584,423
22446481,6.1104,6.29478,423,47970,0.269511,0.03,1,516009,515586,423
22449401,21.2221,20.459,424,48014,0.253902,0.09,1,516034,515610,424
22452321,29.8444,28.0918,426,48058,0.28278,0.09,1,516066,515640,426
22455241,7.56888,7.21836,426,48102,0.256556,0.13,1,516068,515642,426
22458161,27.1138,27.0437,426,48146,0.283311,0.13,1,516100,515674,426
22461081,32.6228,32.6087,426,48190,0.288662,0.11,1,516134,515708,426
22464001,26.5246,25.7217,427,48234,0.337732,0.09,1,516159,515732,427
22466921,27.7049,28.3443,426,48278,0.315546,0.11,1,516187,515761,426
22469841,15.141,16.0689,425,48322,0.343109,0.11,1,516199,515774,425
22472761,35.0282,35.2138,425,48366,0.364622,0.15,1,516239,515814,425
22475681,32.6056,31.0428,427,48410,0.384924,0.19,1,516271,515844,427
22478601,60.9211,59.0085,429,48454,0.484985,0.21,1,516339,515910,429
22481521,28.9842,27.0017,431,48497,0.504997,0.21,1,516360,515929,431
22484441,16.9968,15.8003,432,48540,0.508999,0.27,1,516374,515942,432
22487361,41.7994,40.7601,433,48583,0.5898,0.27,1,516422,515989,433
22490281,22.7599,22.552,433,48626,0.62196,0.27,1,516440,516007,433
22493201,6.15197,6.1104,433,48669,0.628392,0.25,1,516442,516009,433
22496121,22.0304,21.2221,434,48712,0.597678,0.29,1,516468,516034,434
22499041,30.0061,29.8444,434,48755,0.639536,0.25,1,516500,516066,434
22501961,7.60122,7.56888,434,48798,0.615907,0.29,1,516502,516068,434
22504881,27.9202,27.1138,435,48841,0.643181,0.29,1,516535,516100,435
22507801,32.784,5.42276,469,48884,0.648636,0.29,1,516569,516100,469
22510721,27.3568,28.2846,461,48927,0.649727,0.35,1,516595,516134,461
22513641,27.8714,25.6569,464,48970,0.681945,0.31,1,516623,516159,464
22516561,15.1743,27.5314,448,49013,0.688389,0.35,1,516635,516187,448
22519481,35.8349,15.1063,477,49056,0.673678,0.37,1,516676,516199,477
22522401,35.167,35.0213,472,49099,0.702736,0.39,1,516711,516239,472
22525321,64.6334,32.6043,512,49142,0.756547,0.51,2,516783,516271,512
22528241,31.3267,60.9209,467,49185,0.751309,0.51,2,516806,516339,467
22531161,18.2653,28.9842,461,49228,0.734262,0.51,1,516821,516360,461
22534081,43.6531,16.9968,497,49271,0.746852,0.61,1,516871,516374,497
22537001,23.9306,41.7994,468,49314,0.78137,0.63,2,516890,516422,468
22539921,6.38612,22.7599,452,49357,0.788274,0.63,2,516892,516440,452
22542841,22.0772,6.15197,476,49400,0.805655,0.59,2,516918,516442,476
22545761,31.6154,22.0304,484,49443,0.777131,0.65,2,516952,516468,484
22548681,7.92309,30.0061,454,49486,0.803426,0.61,2,516954,516500,454
22551601,28.7846,7.60122,486,49529,0.776685,0.65,2,516988,516502,486
22554521,32.9569,27.9202,487,49572,0.787337,0.65,2,517022,516535,487
22557441,27.3914,32.784,479,49615,0.789467,0.65,2,517048,516569,479
22560361,29.4783,27.3568,483,49657,0.821893,0.69,2,517078,516595,483
22563281,15.4957,27.8714,467,49699,0.828379,0.69,2,517090,516623,467
22566201,35.0991,15.1743,495,49741,0.829676,0.67,2,517130,516635,495
22569121,37.4198,35.8349,492,49783,0.813935,0.71,2,517168,516676,492
22572041,66.684,35.167,531,49825,0.810787,0.77,2,517242,516711,531
22574961,30.9368,64.6334,481,49867,0.810157,0.75,2,517264,516783,481
22577881,17.3874,31.3267,472,49909,0.826032,0.73,2,517278,516806,472
22580801,45.0775,18.2653,509,49951,0.797206,0.75,2,517330,516821,509
22583721,25.0155,43.6531,479,49993,0.807441,0.79,2,517350,516871,479
22586641,6.6031,23.9306,462,50035,0.809488,0.79,2,517352,516890,462
22589561,22.9206,6.38612,487,50077,0.793898,0.81,2,517379,516892,487
22592481,30.1841,22.0772,493,50119,0.82278,0.77,2,517411,516918,493
22595401,7.63682,31.6154,461,50161,0.828556,0.81,2,517413,516952,461
22598321,28.7274,7.92309,493,50203,0.829711,0.77,2,517447,516954,493
22601241,33.7455,28.7846,494,50245,0.829942,0.79,2,517482,516988,494
22604161,27.5491,32.9569,486,50287,0.845988,0.79,2,517508,517022,486
22607081,7.10982,27.3914,462,50329,0.849198,0.83,2,517510,517048,462
22610001,26.222,29.4783,463,50371,0.88184,0.83,2,517541,517078,463
22612921,14.8444,15.4957,463,50413,0.856368,0.83,2,517553,517090,463
22615841,34.9689,35.0991,463,50455,0.899274,0.81,2,517593,517130,463
22618761,36.5938,37.4198,462,50497,0.891855,0.81,2,517630,517168,462
22621681,66.5188,66.684,462,50539,0.906371,0.81,2,517704,517242,462
22624601,31.7037,30.9368,463,50581,0.893274,0.83,2,517727,517264,463
22627521,17.5407,17.3874,463,50623,0.922655,0.79,2,517741,517278,463
22845061,73,45,449,24178,0.03,0.05,1,520176,519727,449
22847981,33.8,36.2,439,24266,0.03,0.05,1,520200,519761,439
22850901,57.16,48.84,450,24353,0.078,0.11,1,520263,519813,450
22853821,47.432,40.968,456,24440,0.1196,0,1,520308,519852,456
22856741,59.0864,76.9936,432,24527,0.02392,0.05,1,520370,519938,432
22859661,43.0173,39.3987,441,24613,0.060784,0.05,1,520409,519968,441
22862581,80.6035,77.4797,444,24699,0.0521568,0,1,520499,520055,444
22865501,38.5207,53.8959,424,24785,0.0344314,0.03,1,520527,520103,424
22868421,65.3041,69.1792,423,24871,0.0468863,0.03,1,520599,520176,423
22871341,32.2608,33.0358,423,24956,0.0173773,0.09,1,520623,520200,423
22874261,60.0522,57.0072,427,25041,0.0434755,0.13,1,520690,520263,427
22877181,47.2104,47.4014,426,25126,0.0486951,0,1,520734,520308,426
22880101,56.6421,59.0803,423,25210,0.00973902,0.07,1,520793,520370,423
22883021,44.1284,43.0161,425,25294,0.0099478,0.05,1,520834,520409,425
22885941,80.0257,80.6032,424,25378,0.0419896,0.03,1,520923,520499,424
22888861,36.8051,38.5206,422,25461,0.0483979,0.03,1,520949,520527,422
22891781,64.161,7.70413,493,25544,0.0336796,0.05,1,521020,520527,493
22894701,32.8322,59.1408,446,25627,0.0467359,0.01,1,521045,520599,446
22897621,59.3664,31.0282,488,25710,0.0493472,0.05,1,521111,520623,488
22900541,48.6733,59.8056,467,25792,0.0658694,0.05,1,521157,520690,467
22903461,55.3347,47.1611,480,25874,0.0131739,0,1,521214,520734,480
22906381,43.8669,56.6322,462,25956,0.0426348,0.01,1,521255,520793,462
22909301,81.5734,44.1264,512,26038,0.016527,0.05,1,521346,520834,512
22912221,35.5147,80.0253,447,26119,0.0433054,0.05,1,521370,520923,447
22915141,64.7029,36.8051,493,26200,0.0486611,0.03,1,521442,520949,493
22918061,33.7406,64.161,448,26281,0.0817322,0.05,1,521468,521020,448
22920981,60.3481,32.8322,490,26362,0.152346,0.05,1,521535,521045,490
22923901,48.8696,59.3664,470,26442,0.166469,0.07,1,521581,521111,470
22926821,53.7739,48.6733,479,26522,0.0892939,0,1,521636,521157,479
22929741,44.3548,55.3347,464,26602,0.0578588,0.05,1,521678,521214,464
22932661,80.871,43.8669,513,26682,0.0355718,0.01,1,521768,521255,513
22935581,36.1742,81.5734,447,26761,0.0151144,0.05,1,521793,521346,447
22938501,64.8348,35.5147,495,26840,0.0270229,0.05,1,521865,521370,495
22941421,14.567,64.7029,425,26919,0.0294046,0.09,1,521867,521442,425
22944341,25.3134,33.7406,427,26998,0.0618809,0.17,1,521895,521468,427
22947261,59.4627,60.3481,428,27076,0.0843762,0.17,1,521963,521535,428
22950181,51.8925,48.8696,432,27154,0.120875,0.07,1,522013,521581,432
22953101,47.1785,53.7739,423,27232,0.160175,0.05,1,522059,521636,423
22956021,43.8357,44.3548,424,27310,0.216035,0.03,1,522102,521678,424
22958941,79.1671,80.871,422,27388,0.307207,0.01,1,522190,521768,422
22961861,37.4334,36.1742,424,27465,0.277441,0.03,1,522217,521793,424
22964781,64.2867,64.8348,423,27542,0.223488,0.03,1,522288,521865,423
22967701,14.4573,14.567,423,27619,0.180698,0.07,1,522290,521867,423
22970621,26.0915,25.3134,424,27696,0.23614,0.09,1,522319,521895,424
22973541,61.2183,59.4627,426,27772,0.279228,0.13,1,522389,521963,426
22976461,53.8437,51.8925,428,27848,0.303846,0.17,1,522441,522013,428
22979381,49.1687,47.1785,430,27924,0.340769,0.23,1,522489,522059,430
22982301,47.4337,43.8357,434,28000,0.348154,0.33,1,522536,522102,434
22985221,81.4867,79.1671,436,28076,0.285631,0.27,1,522626,522190,436
22988141,37.0973,37.4334,435,28151,0.305126,0.21,1,522652,522217,435
22991061,60.2195,64.2867,430,28226,0.293025,0.17,1,522718,522288,430
22993981,13.6439,14.4573,430,28301,0.322605,0.25,1,522720,522290,430
22996901,28.3288,26.0915,433,28376,0.360521,0.25,1,522752,522319,433
22999821,63.2658,5.21829,505,28451,0.336104,0.29,1,522824,522319,505
23002741,55.0532,57.0437,488,28525,0.315221,0.31,1,522877,522389,488
23005661,51.0106,53.0087,486,28599,0.311044,0.35,1,522927,522441,486
23008581,47.8021,49.0017,485,28673,0.326209,0.35,1,522974,522489,485
23011501,78.3604,47.4004,524,28747,0.425242,0.27,1,523060,522536,524
23014421,36.4721,81.4801,460,28821,0.445048,0.31,1,523086,522626,460
23017341,60.8944,37.096,501,28894,0.44901,0.29,1,523153,522652,501
23020261,13.7789,60.2192,437,28967,0.449802,0.33,1,523155,522718,437
23023181,29.9558,13.6438,469,29040,0.46596,0.37,1,523189,522720,469
23026101,63.5912,28.3288,509,29113,0.469192,0.33,1,523261,522752,509
23029021,54.3182,63.2658,489,29186,0.469838,0.31,1,523313,522824,489
23031941,50.8636,55.0532,486,29259,0.485968,0.31,1,523363,522877,486
23034861,48.5727,51.0106,484,29331,0.505194,0.33,1,523411,522927,484
23037781,83.3145,47.8021,529,29403,0.605039,0.45,1,523503,522974,529
23040701,38.2629,78.3604,470,29475,0.641008,0.45,1,523530,523060,470
23043621,60.4526,36.4721,510,29547,0.664202,0.45,1,523596,523086,510
23046541,13.6905,60.8944,445,29619,0.66884,0.45,1,523598,523153,445
23049461,30.7381,13.7789,478,29690,0.669768,0.47,1,523633,523155,478
23052381,63.7476,29.9558,516,29761,0.669954,0.47,1,523705,523189,516
23055301,54.3495,63.5912,496,29832,0.701991,0.47,1,523757,523261,496
23058221,12.4699,54.3182,446,29903,0.708398,0.49,1,523759,523313,446
23061141,43.294,50.8636,447,29974,0.72568,0.51,1,523810,523363,447
23064061,47.0588,48.5727,447,30045,0.761136,0.63,2,523858,523411,447
23066981,87.8118,83.3145,453,30115,0.848227,0.65,2,523956,523503,453
23069901,39.9624,38.2629,454,30185,0.897645,0.67,2,523984,523530,454
23215901,33,26,488,33509,0.83,1,2,526251,525763,488
23218821,78.6,78,487,33572,0.734,1,1,526341,525854,487
23221741,36.52,42.8,479,33635,0.7308,1,1,526367,525888,479
23224661,65.704,62.16,485,33698,0.61816,1,1,526440,525955,485
23227581,34.7408,39.632,478,33761,0.547632,1,1,526467,525989,478
23230501,37.3482,35.9264,481,33824,0.533526,1,1,526505,526024,481
23233421,49.8696,48.7853,482,33887,0.466705,0.99,1,526558,526076,482
23236341,29.9739,36.9571,473,33949,0.485341,1,1,526583,526110,473
23239261,25.1948,29.7914,469,34011,0.425068,0.8,1,526607,526138,469
23242181,37.039,39.5583,467,34073,0.397014,0.87,1,526647,526180,467
23245101,37.8078,38.3117,467,34135,0.359403,0.83,1,526685,526218,467
23248021,29.1616,34.0623,461,34197,0.383881,0.71,1,526712,526251,461
23250941,68.2323,78.8125,449,34259,0.388776,0.71,1,526790,526341,449
23253861,37.6465,15.7625,479,34321,0.389755,0.73,1,526820,526341,479
23256781,63.5293,23.9525,523,34383,0.357951,0.59,1,526890,526367,523
23259701,34.3059,63.1905,477,34444,0.39959,0.53,1,526917,526440,477
23262621,35.6612,34.2381,486,34505,0.407918,0.53,1,526953,526467,486
23265541,42.3322,37.2476,492,34566,0.473584,0.45,1,526997,526505,492
23268461,31.6664,49.8495,468,34627,0.454717,0.49,1,527026,526558,468
23271381,23.1333,29.9699,464,34688,0.482943,0.41,1,527047,526583,464
23274301,35.0267,25.194,478,34749,0.504589,0.39,1,527085,526607,478
23277221,38.2053,37.0388,477,34810,0.540918,0.35,1,527124,526647,477
23280141,28.4411,37.8078,465,34871,0.516184,0.39,1,527150,526685,465
23283061,69.6882,29.1616,518,34932,0.511237,0.39,1,527230,526712,518
23285981,37.9376,68.2323,470,34993,0.510247,0.39,1,527260,526790,470
23288901,63.5875,37.6465,510,35053,0.558049,0.35,1,527330,526820,510
23291821,35.1175,63.5293,468,35113,0.58361,0.41,1,527358,526890,468
23294741,36.6235,34.3059,478,35173,0.588722,0.41,1,527395,526917,478
23297661,44.1247,35.6612,488,35233,0.589744,0.49,1,527441,526953,488
23300581,33.6249,42.3322,475,35293,0.637949,0.45,1,527472,526997,475
23303501,22.725,31.6664,466,35353,0.61559,0.49,1,527492,527026,466
23306421,35.745,23.1333,484,35413,0.627118,0.51,1,527531,527047,484
23309341,38.349,35.0267,485,35473,0.645424,0.55,1,527570,527085,485
23312261,28.4698,38.2053,472,35533,0.665085,0.51,1,527596,527124,472
23315181,69.694,28.4411,526,35592,0.733017,0.51,1,527676,527150,526
23318101,37.9388,69.6882,476,35651,0.746603,0.51,1,527706,527230,476
23321021,9.18776,37.9376,448,35710,0.749321,0.57,1,527708,527260,448
23323941,60.2376,63.5875,451,35769,0.829864,0.59,2,527781,527330,451
23326861,35.2475,35.1175,452,35828,0.829973,0.59,2,527810,527358,452
23329781,35.8495,36.6235,451,35887,0.861995,0.59,2,527846,527395,451
23332701,45.5699,44.1247,453,35946,0.884399,0.65,2,527894,527441,453
23335621,33.114,33.6249,452,36005,0.88888,0.61,2,527924,527472,452
23338541,22.6228,22.725,452,36064,0.937776,0.63,2,527944,527492,452
23341461,36.5246,35.745,453,36123,0.931555,0.65,2,527984,527531,453
23499141,34,27,492,39156,0.87,1,2,530114,529622,492
23502061,41.2,45.4,485,39210,0.87,1,2,530157,529672,485
23504981,35.44,34.68,487,39264,0.774,1,2,530191,529704,487
23507901,39.888,33.336,495,39318,0.8188,1,2,530232,529737,495
23510821,20.7776,24.2672,489,39372,0.84376,1,2,530248,529759,489
23513741,38.5555,43.2534,484,39426,0.800752,1,2,530291,529807,484
23516661,31.7111,35.8507,480,39480,0.82415,0.93,2,530321,529841,480
23519581,27.9422,29.5701,479,39533,0.89283,1,2,530348,529869,479
23522501,18.3884,20.314,477,39586,0.922566,1,2,530364,529887,477
23525421,41.2777,36.8628,483,39639,0.912513,1,2,530411,529928,483
23528341,29.8555,36.1726,474,39692,0.942503,0.92,2,530438,529964,474
23531261,69.9711,75.2345,469,39745,0.884501,0.84,2,530518,530049,469
23534181,37.9942,39.8469,468,39798,0.9049,0.87,2,530548,530080,468
23537101,32.3988,35.1694,465,39851,0.94098,0.87,2,530579,530114,465
23560461,16,27,483,40274,0.93,0.93,2,530831,530348,483
23715221,33,28,501,42962,0.53,1,1,532734,532233,501
23718141,32.2,27.2,506,43011,0.53,1,1,532766,532260,506
23721061,35.24,5.44,542,43060,0.338,1,1,532802,532260,542
23723981,30.248,21.088,546,43109,0.2836,1,1,532831,532285,546
23725441,26.8496,32.2176,537,43158,0.20872,1,1,532857,532320,537
23770701,379.77,473.644,421,18980,0.097744,0.05,1,533325,532904,421
23773621,159.154,149.929,456,19818,0.107549,0.03,1,533429,532973,456
23776541,98.2308,103.586,447,19925,0.0615098,0.07,1,533512,533065,447
23779461,67.6462,66.3171,450,20031,0.052302,0.05,1,533572,533122,450
23782381,59.1292,58.8634,450,20137,0.0504604,0,1,533629,533179,450
23785301,75.8258,60.5727,469,20242,0.0180921,0.03,1,533709,533240,469
23788221,39.1652,50.5145,451,20347,0.0276184,0.07,1,533739,533288,451
23791141,96.633,39.7029,525,20451,0.0295237,0.11,1,533850,533325,525
23794061,89.7266,91.1406,509,20555,0.0459047,0.05,1,533938,533429,509
23796981,63.5453,84.6281,483,20658,0.0651809,0.05,1,533995,533512,483
23799901,57.5091,64.9256,479,20761,0.0210362,0.05,1,534051,533572,479
23802821,75.5018,58.5851,502,20863,0.0602072,0.01,1,534131,533629,502
23805741,39.1004,75.717,452,20965,0.0680414,0.03,1,534161,533709,452
23808661,9.42007,39.1434,424,21066,0.0696083,0.03,1,534163,533739,424
23811581,89.084,96.6287,422,21167,0.0539217,0.05,1,534272,533850,422
23814501,89.8168,89.7257,424,21267,0.0667843,0.07,1,534362,533938,424
23817421,64.3634,63.5451,425,21367,0.133357,0.01,1,534420,533995,425
23820341,56.0727,57.509,423,21466,0.0506714,0.07,1,534474,534051,423
23823261,76.8145,75.5018,425,21565,0.0181343,0.07,1,534556,534131,425
23826181,39.3629,39.1004,425,21663,0.0116269,0.07,1,534586,534161,425
23829101,9.47258,9.42007,425,21761,0.0423254,0.05,1,534588,534163,425
23832021,86.6945,89.084,422,21858,0.0644651,0.07,1,534694,534272,422
23834941,90.1389,89.8168,423,21955,0.020893,0.15,1,534785,534362,423
23837861,67.6278,64.3634,427,22052,0.0441786,0.03,1,534847,534420,427
23840781,52.7256,56.0727,422,22148,0.0808357,0.01,1,534896,534474,422
23843701,76.1451,76.8145,422,22244,0.0721671,0.01,1,534978,534556,422
23846621,39.229,39.3629,422,22339,0.0704334,0.05,1,535008,534586,422
23849541,9.4458,9.47258,422,22434,0.0380867,0.07,1,535010,534588,422
23852461,87.4892,86.6945,423,22529,0.0476173,0.07,1,535117,534694,423
23855381,88.6978,17.3389,512,22623,0.0335235,0.01,1,535206,534694,512
23858301,68.9396,76.2678,485,22717,0.0467047,0.05,1,535270,534785,485
23861221,52.9879,64.8536,472,22810,0.113341,0.09,1,535319,534847,472
23864141,75.3976,52.1707,504,22903,0.190668,0.07,1,535400,534896,504
23867061,39.8795,76.0341,453,22996,0.222134,0.07,1,535431,534978,453
23869981,9.5759,39.2068,425,23088,0.196427,0.03,1,535433,535008,425
23872901,86.7152,9.44136,529,23180,0.111285,0.05,1,535539,535010,529
23875821,88.543,87.4883,511,23271,0.0622571,0.03,1,535628,535117,511
23878741,69.7086,88.6977,487,23362,0.0524514,0.05,1,535693,535206,487
23881661,56.3417,68.9395,476,23453,0.0824903,0.13,1,535746,535270,476
23884581,79.2683,52.9879,512,23543,0.136498,0.21,1,535831,535319,512
23887501,39.8537,75.3976,461,23633,0.1473,0.23,1,535861,535400,461
23890421,9.57073,39.8795,432,23723,0.14946,0.19,1,535863,535431,432
23893341,85.1142,9.5759,534,23812,0.229892,0.09,1,535967,535433,534
23896261,84.2228,86.7152,512,23901,0.309978,0.05,1,536051,535539,512
23899181,18.4446,88.543,425,23990,0.325996,0.05,1,536053,535628,425
23902101,54.8889,69.7086,424,24078,0.361199,0.09,1,536117,535693,424
23905021,55.7778,56.3417,427,24166,0.35224,0.15,1,536173,535746,427
23907941,80.7556,79.2683,429,24254,0.366448,0.15,1,536260,535831,429
23910861,40.9511,39.8537,430,24341,0.43329,0.15,1,536291,535861,430
23913781,9.79022,9.57073,430,24428,0.446658,0.25,1,536293,535863,430
23916701,88.358,85.1142,434,24515,0.481332,0.33,1,536401,535967,434
23919621,88.0716,84.2228,438,24601,0.488266,0.33,1,536489,536051,438
23922541,19.2143,18.4446,438,24687,0.489653,0.37,1,536491,536053,438
23925461,55.0429,54.8889,438,24773,0.505931,0.35,1,536555,536117,438
23928381,55.8086,55.7778,438,24859,0.525186,0.37,1,536611,536173,438
23931301,82.3617,80.7556,440,24944,0.577037,0.45,1,536700,536260,440
23934221,42.8723,40.9511,442,25029,0.587407,0.45,1,536733,536291,442
23937141,10.1745,9.79022,442,25114,0.557482,0.49,1,536735,536293,442
23940061,90.0349,88.358,444,25198,0.615496,0.49,1,536845,536401,444
23942981,90.807,88.0716,447,25282,0.659099,0.49,1,536936,536489,447
23945901,19.7614,19.2143,447,25366,0.66782,0.51,1,536938,536491,447
23948821,55.1523,55.0429,447,25450,0.669564,0.51,1,537002,536555,447
23951741,54.2305,11.0086,501,25533,0.669913,0.53,1,537056,536555,501
23954661,84.4461,47.0017,537,25616,0.701983,0.59,1,537148,536611,537
23957581,43.2892,80.6003,481,25699,0.740396,0.59,1,537181,536700,481
23960501,10.2578,42.5201,450,25781,0.764079,0.55,2,537183,536733,450
23963421,91.6516,10.104,560,25863,0.848816,0.63,2,537295,536735,560
23966341,93.5303,90.0208,544,25945,0.849763,0.67,2,537389,536845,544
23969261,20.3061,90.8042,455,26027,0.849953,0.67,2,537391,536936,455
23972181,56.0612,19.7608,518,26108,0.833991,0.67,2,537456,536938,518
23975101,54.4122,55.1522,508,26189,0.830798,0.67,2,537510,537002,508
23978021,86.0825,54.2304,548,26270,0.86216,0.71,2,537604,537056,548
23980941,46.0165,84.4461,492,26351,0.900432,0.75,2,537640,537148,492
23983861,10.8033,43.2892,461,26431,0.908086,0.77,2,537642,537181,461
24086061,30,24,514,29102,0.59,1,1,539572,539058,514
24088981,31.6,32,512,29175,0.494,1,1,539604,539092,512
24091901,49.52,25.6,542,29248,0.4108,1,1,539658,539116,542
24094821,88.304,57.92,574,29320,0.17016,1,1,539756,539182,574
24097741,44.8608,86.784,514,29392,0.106032,1,1,539790,539276,514
24100661,40.9722,43.7568,521,29464,0.0212064,0.96,1,539830,539309,521
24103581,52.9944,45.5514,531,29536,0.140241,1,1,539886,539355,531
24106501,72.1989,56.3103,549,29608,0.100048,0.77,1,539963,539414,549
24109421,39.2398,82.4621,491,29679,0.0920096,0.69,1,539994,539503,491
24112341,27.848,47.6924,477,29750,0.0904019,0.59,1,540019,539542,477
24115261,27.1696,33.5385,474,29821,0.0900804,0.47,1,540046,539572,474
24118181,7.03392,32.3077,444,29892,0.122016,0.39,1,540048,539604,444
24121101,37.4068,49.6615,435,29963,0.112403,0.11,1,540093,539658,435
24124021,77.0814,88.3323,424,30034,0.174481,0.09,1,540180,539756,424
24126941,41.8163,44.8665,423,30104,0.170896,0,1,540213,539790,423
24129861,40.3633,40.9733,423,30174,0.122179,0.17,1,540253,539830,423
24132781,55.2727,52.9947,426,30244,0.0644358,0.09,1,540312,539886,426
24135701,72.6545,72.1989,426,30314,0.0528872,0.09,1,540389,539963,426
24138621,39.3309,39.2398,426,30384,0.0985774,0.09,1,540420,539994,426
24141541,27.8662,27.848,426,30454,0.0917155,0.09,1,540445,540019,426
24144461,28.7732,27.1696,428,30523,0.106343,0.13,1,540474,540046,428
24147381,7.35465,7.03392,428,30592,0.109269,0.11,1,540476,540048,428
24150301,35.0709,37.4068,425,30661,0.0938537,0.19,1,540518,540093,425
24153221,82.2142,77.0814,432,30730,0.122771,0.17,1,540612,540180,432
24156141,38.0428,41.8163,426,30799,0.112554,0.11,1,540639,540213,426
24159061,37.2086,40.3633,423,30868,0.110511,0.05,1,540676,540253,423
24161981,55.4417,55.2727,424,30937,0.142102,0.05,1,540736,540312,424
24164901,73.4883,72.6545,425,31005,0.16442,0.11,1,540814,540389,425
24167821,39.4977,39.3309,425,31073,0.184884,0.09,1,540845,540420,425
24170741,28.6995,27.8662,426,31141,0.156977,0.11,1,540871,540445,426
24173661,28.1399,28.7732,425,31209,0.199395,0.11,1,540899,540474,425
24176581,7.22798,7.35465,425,31277,0.207879,0.11,1,540901,540476,425
24179501,35.0456,1.47093,467,31345,0.177576,0.09,1,540943,540476,467
24182421,82.2091,33.8942,519,31413,0.219515,0.13,1,541037,540518,519
24185341,37.2418,81.9788,451,31480,0.227903,0.11,1,541063,540612,451
24188261,38.6484,37.9958,463,31547,0.277581,0.11,1,541102,540639,463
24191181,57.3297,37.1992,488,31614,0.335516,0.15,1,541164,540676,488
24194101,73.8659,55.4398,506,31681,0.411103,0.17,1,541242,540736,506
24197021,39.5732,73.488,459,31748,0.378221,0.19,1,541273,540814,459
24199941,28.7146,39.4976,454,31815,0.371644,0.15,1,541299,540845,454
24202861,28.9429,28.6995,457,31881,0.418329,0.21,1,541328,540871,457
24205781,7.38859,28.1399,431,31947,0.427666,0.21,1,541330,540899,431
24208701,35.0777,7.22798,471,32013,0.429533,0.17,1,541372,540901,471
24211621,84.6155,35.0456,526,32079,0.445907,0.23,1,541469,540943,526
24214541,37.7231,82.2091,458,32145,0.465181,0.23,1,541495,541037,458
24217461,41.1446,37.2418,474,32211,0.469036,0.29,1,541537,541063,474
24220381,61.8289,38.6484,502,32277,0.501807,0.35,1,541604,541102,502
24223301,74.7658,57.3297,518,32343,0.540361,0.43,1,541682,541164,518
24226221,38.9532,73.8659,470,32408,0.564072,0.37,1,541712,541242,470
24229141,28.5906,39.5732,465,32473,0.584814,0.37,1,541738,541273,465
24232061,31.3181,28.7146,471,32538,0.604963,0.43,1,541770,541299,471
24234981,7.86362,28.9429,444,32603,0.608993,0.43,1,541772,541328,444
24237901,35.9727,7.38859,485,32668,0.625799,0.43,1,541815,541330,485
24240821,84.7945,35.0777,540,32733,0.66116,0.45,1,541912,541372,540
24243741,18.5589,84.6155,445,32798,0.668232,0.47,1,541914,541469,445
24246661,24.5118,37.7231,445,32862,0.669646,0.47,1,541940,541495,445
24249581,39.3024,41.1446,446,32926,0.749929,0.51,1,541983,541537,446
24252501,62.2605,61.8289,447,32990,0.749986,0.55,1,542051,541604,447
24255421,77.2521,74.7658,450,33054,0.765997,0.57,2,542132,541682,450
24258341,40.2504,38.9532,451,33118,0.753199,0.59,2,542163,541712,451
24261261,28.8501,28.5906,451,33182,0.75064,0.61,2,542189,541738,451
24264181,32.17,31.3181,452,33246,0.766128,0.61,2,542222,541770,452
24267101,8.034,7.86362,452,33310,0.801226,0.63,2,542224,541772,452
24270021,36.8068,35.9727,453,33373,0.808245,0.67,2,542268,541815,453
24272941,86.5614,84.7945,455,33436,0.841649,0.67,2,542367,541912,455
24275861,18.9123,18.5589,455,33499,0.84833,0.67,2,542369,541914,455
24278781,26.1825,24.5118,457,33562,0.881666,0.77,2,542397,541940,457
24281701,40.4365,39.3024,458,33625,0.872333,0.75,2,542441,541983,458
24284621,63.2873,62.2605,459,33688,0.918467,0.77,2,542510,542051,459
24418941,32,51,484,36464,0.79,1,2,544417,543933,484
24421861,59.2,69.4,476,36522,0.726,1,1,544483,544007,476
24424781,47.84,44.28,483,36580,0.5692,1,1,544528,544045,483
24427701,42.368,34.456,492,36638,0.47384,1,1,544569,544077,492
24430621,33.2736,37.2912,485,36696,0.358768,1,1,544600,544115,485
24433541,34.6547,31.4582,490,36754,0.239754,0.98,1,544635,544145,490
24436461,30.9309,29.4916,491,36811,0.231951,1,1,544665,544174,491
24439381,56.5862,69.0983,475,36868,0.10239,0.98,1,544728,544253,475
24442301,36.1172,39.4197,474,36925,0.044478,1,1,544759,544285,474
24445221,32.0234,32.6839,474,36982,0.0088956,0.9,1,544790,544316,474
24448141,28.0047,31.3368,470,37039,0.0257791,0.86,1,544817,544347,470
24451061,32.8009,36.6674,466,37096,0.0451558,0.79,1,544851,544385,466
24453981,29.7602,32.9335,463,37153,0.0170312,0.79,1,544880,544417,463
24456901,52.352,6.58669,521,37210,0.0274062,0.71,1,544938,544417,521
24459821,39.2704,54.1173,491,37267,0.0294812,0.53,1,544974,544483,491
24462741,37.4541,46.8235,483,37324,0.0778963,0.45,1,545011,544528,483
24465661,28.2908,42.1647,468,37381,0.0875793,0.33,1,545037,544569,468
24468581,30.4582,33.2329,468,37438,0.105516,0.21,1,545068,544600,468
24471501,30.0916,34.6466,463,37494,0.0771032,0.23,1,545098,544635,463
24474421,47.6183,30.9293,485,37550,0.0874206,0.07,1,545150,544665,485
24477341,34.3237,56.5859,453,37606,0.0734841,0.03,1,545181,544728,453
24480261,31.6647,36.1172,453,37662,0.0386968,0,1,545212,544759,453
24483181,27.1329,32.0234,448,37718,0.00773936,0.03,1,545238,544790,448
24486101,32.6266,28.0047,455,37774,0.0575479,0.05,1,545272,544817,455
24489021,29.7253,32.8009,450,37830,0.0515096,0.01,1,545301,544851,450
24491941,53.9451,29.7602,481,37886,0.0663019,0.03,1,545361,544880,481
24494861,39.589,52.352,459,37942,0.0532604,0.03,1,545397,544938,459
24497781,39.1178,39.2704,462,37998,0.0506521,0.09,1,545436,544974,462
24500701,27.8236,37.4541,450,38054,0.0821304,0.09,1,545461,545011,450
24503621,31.1647,28.2908,456,38110,0.0884261,0.11,1,545493,545037,456
24506541,27.8329,30.4582,452,38165,0.121685,0.07,1,545520,545068,452
24509461,49.5666,30.0916,477,38220,0.176337,0.09,1,545575,545098,477
24512381,32.3133,47.6183,453,38275,0.187267,0.07,1,545603,545150,453
24515301,31.2627,34.3237,453,38330,0.173453,0.03,1,545634,545181,453
24518221,27.0525,31.6647,448,38385,0.170691,0,1,545660,545212,448
24521141,34.2105,27.1329,458,38440,0.106138,0.07,1,545696,545238,458
24524061,28.4421,32.6266,451,38495,0.109228,0.05,1,545723,545272,451
24526981,55.2884,29.7253,484,38550,0.0778455,0.07,1,545785,545301,484
24529901,37.4577,53.9451,457,38605,0.0875691,0.05,1,545818,545361,457
24532821,9.09154,39.589,423,38660,0.0895138,0.05,1,545820,545397,423
24535741,34.6183,39.1178,425,38715,0.137903,0.09,1,545861,545436,425
24538661,27.7237,27.8236,426,38770,0.179581,0.09,1,545887,545461,426
24541581,31.1447,31.1647,426,38824,0.123916,0.13,1,545919,545493,426
24544501,29.4289,27.8329,428,38878,0.0967832,0.19,1,545948,545520,428
24547421,52.2858,49.5666,431,38932,0.171357,0.19,1,546006,545575,431
24550341,31.2572,32.3133,429,38986,0.154271,0.17,1,546032,545603,429
24553261,31.8514,31.2627,430,39040,0.198854,0.17,1,546064,545634,430
24556181,25.5703,27.0525,428,39094,0.207771,0.09,1,546088,545660,428
24559101,32.3141,34.2105,426,39148,0.209554,0.11,1,546122,545696,426
24562021,27.2628,28.4421,425,39202,0.177911,0.07,1,546148,545723,425
24564941,55.0526,55.2884,425,39256,0.139582,0.09,1,546210,545785,425
24567861,39.0105,37.4577,427,39310,0.179916,0.09,1,546245,545818,427
24570781,9.4021,9.09154,427,39364,0.187983,0.15,1,546247,545820,427
24573701,35.4804,34.6183,428,39418,0.245597,0.19,1,546289,545861,428
24576621,28.6961,27.7237,429,39472,0.281119,0.11,1,546316,545887,429
24579541,29.7392,31.1447,427,39526,0.320224,0.09,1,546346,545919,427
24582461,28.3478,29.4289,426,39579,0.328045,0.19,1,546374,545948,426
24585381,54.4696,52.2858,429,39632,0.425609,0.15,1,546435,546006,429
24588301,31.6939,31.2572,429,39685,0.429122,0.21,1,546461,546032,429
24591221,32.7388,31.8514,430,39738,0.413824,0.21,1,546494,546064,430
24594141,25.7478,25.5703,430,39791,0.410765,0.21,1,546518,546088,430
24597061,32.3496,32.3141,430,39844,0.442153,0.17,1,546552,546122,430
24599981,27.2699,27.2628,430,39897,0.416431,0.13,1,546578,546148,430
24602901,54.254,55.0526,429,39950,0.427286,0.19,1,546639,546210,429
24605821,40.4508,39.0105,431,40003,0.429457,0.19,1,546676,546245,431
24608741,9.69016,9.4021,431,40056,0.397891,0.26,1,546678,546247,431
24611661,37.938,35.4804,434,40109,0.407578,0.26,1,546723,546289,434
24614581,29.9876,7.09608,462,40162,0.409516,0.29,1,546751,546289,462
24617501,29.9975,23.0192,465,40215,0.425903,0.33,1,546781,546316,465
24620421,30.7995,28.6038,466,40268,0.493181,0.33,1,546812,546346,466
24623341,57.3599,28.1208,502,40320,0.538636,0.45,1,546876,546374,502
24626261,33.072,54.4242,468,40372,0.563727,0.43,1,546903,546435,468
24629181,32.2144,31.6848,474,40424,0.568745,0.41,1,546935,546461,474
24632101,25.6429,32.737,465,40476,0.569749,0.41,1,546959,546494,465
24635021,32.3286,25.7474,475,40528,0.58595,0.45,1,546993,546518,475
24637941,27.2657,32.3495,467,40580,0.58919,0.41,1,547019,546552,467
24640861,53.4531,27.2699,501,40632,0.605838,0.43,1,547079,546578,501
24643781,40.2906,54.254,477,40684,0.641168,0.43,1,547116,546639,477
24646701,9.65813,40.4508,442,40736,0.648233,0.39,1,547118,546676,442
24649621,37.9316,9.69016,485,40788,0.665647,0.41,1,547163,546678,485
24652541,31.5863,37.938,470,40840,0.637129,0.41,1,547193,546723,470
24655461,31.1173,29.9876,473,40892,0.663426,0.43,1,547224,546751,473
24658381,33.4235,29.9975,477,40944,0.668685,0.51,1,547258,546781,477
24661301,60.2847,30.7995,513,40996,0.685737,0.55,1,547325,546812,513
24664221,33.6569,57.3599,476,41047,0.673147,0.57,1,547352,546876,476
24667141,32.3314,33.072,481,41098,0.702629,0.57,1,547384,546903,481
24670061,25.6663,32.2144,473,41149,0.740526,0.57,1,547408,546935,473
24672981,33.1333,25.6429,484,41200,0.764105,0.59,2,547443,546959,484
24675901,28.2267,32.3286,477,41251,0.800821,0.59,2,547470,546993,477
24678821,53.6453,27.2657,511,41302,0.808164,0.61,2,547530,547019,511
24681741,41.9291,53.4531,490,41353,0.825633,0.65,2,547569,547079,490
24684661,9.98581,40.2906,455,41404,0.829127,0.65,2,547571,547116,455
24687581,38.7972,9.65813,499,41455,0.829825,0.67,2,547617,547118,499
24690501,30.1594,37.9316,482,41506,0.845965,0.63,2,547645,547163,482
24693421,7.63189,31.5863,454,41557,0.849193,0.67,2,547647,547193,454
24696341,27.1264,31.1173,455,41608,0.849839,0.67,2,547679,547224,455
24699261,32.6253,33.4235,455,41659,0.897968,0.69,2,547713,547258,455
24702181,60.9251,60.2847,456,41710,0.923594,0.67,2,547781,547325,456
24705101,33.785,33.6569,456,41761,0.944719,0.71,2,547808,547352,456
24708021,33.157,32.3314,457,41812,0.964944,0.75,2,547841,547384,457
24710941,27.4314,25.6663,459,41862,0.936989,0.77,2,547867,547408,459
24713861,35.0863,33.1333,461,41912,0.915398,0.81,2,547904,547443,461
24909501,70,83,490,20647,0.03,0.85,1,550270,549780,490
24912421,63.6,67,489,20750,0.006,0.57,1,550332,549843,489
24915341,79.12,94.2,471,20852,0.0572,0.29,1,550415,549944,471
24918261,71.824,81.24,463,20954,0.09944,0.01,1,550485,550022,463
24921181,37.5648,61.048,436,21055,0.075888,0.01,1,550514,550078,436
24924101,25.913,33.0096,433,21156,0.0391776,0.03,1,550537,550104,433
24927021,75.5826,83.4019,425,21256,0.0158355,0.03,1,550625,550200,425
24929941,68.7165,72.6804,422,21356,0.0431671,0,1,550692,550270,422
24932861,64.1433,64.1361,423,21455,0.0486334,0.07,1,550755,550332,423
24935781,80.0287,79.2272,424,21554,0.0337267,0.11,1,550839,550415,424
24938701,75.2057,71.8454,428,21652,0.0947453,0.07,1,550913,550485,428
24941621,33.4411,37.5691,422,21750,0.122949,0.03,1,550936,550514,422
24944541,26.6882,25.9138,424,21848,0.0805898,0.01,1,550961,550537,424
24947461,74.9376,75.5828,423,21945,0.040118,0.05,1,551048,550625,423
24950381,69.3875,68.7166,424,22042,0.0320236,0.05,1,551116,550692,424
24953301,64.2775,64.1433,424,22138,0.0464047,0.03,1,551179,550755,424
24956221,79.2555,80.0287,423,22234,0.0172809,0.11,1,551262,550839,423
24959141,76.6511,75.2057,425,22329,0.0914562,0.13,1,551338,550913,425
24962061,34.5302,33.4411,426,22424,0.138291,0.07,1,551362,550936,426
24964981,23.706,26.6882,422,22519,0.163658,0.07,1,551383,550961,422
24967901,74.3412,5.33765,509,22613,0.0567316,0.03,1,551470,550961,509
24970821,69.2682,70.6675,490,22707,0.0353463,0.03,1,551538,551048,490
24973741,64.2536,68.5335,485,22800,0.0950693,0.05,1,551601,551116,485
24976661,79.2507,64.1067,505,22893,0.0590139,0.01,1,551684,551179,505
24979581,79.8501,79.2213,502,22986,0.0678028,0.11,1,551764,551262,502
24982501,36.77,76.6443,452,23078,0.0375606,0.15,1,551790,551338,452
24985421,23.354,34.5289,448,23170,0.0315121,0.17,1,551810,551362,448
24988341,71.0708,23.7058,510,23261,0.0623024,0.03,1,551893,551383,510
24991261,67.8142,74.3412,490,23352,0.0364605,0.03,1,551960,551470,490
24994181,67.1628,69.2682,489,23443,0.0952921,0.11,1,552027,551538,489
24997101,78.2326,64.2536,507,23533,0.155058,0.05,1,552108,551601,507
25000021,79.6465,79.2507,504,23623,0.183012,0.07,1,552188,551684,504
25002941,35.1293,79.8501,448,23713,0.188602,0.03,1,552212,551764,448
25005861,23.0259,36.77,442,23802,0.20572,0.03,1,552232,551790,442
25008781,71.0052,23.354,505,23891,0.257144,0.07,1,552315,551810,505
25011701,67.801,71.0708,489,23980,0.283429,0.03,1,552382,551893,489
25014621,15.1602,67.8142,424,24068,0.288686,0.11,1,552384,551960,424
25017541,59.032,67.1628,427,24156,0.289737,0.17,1,552454,552027,427
25020461,79.0064,78.2326,430,24244,0.289947,0.19,1,552538,552108,430
25023381,80.6013,79.6465,431,24331,0.33799,0.19,1,552619,552188,431
25026301,35.3203,35.1293,431,24418,0.363598,0.21,1,552643,552212,431
25029221,23.8641,23.0259,432,24505,0.41672,0.27,1,552664,552232,432
25032141,73.5728,71.0052,435,24591,0.427344,0.29,1,552750,552315,435
25035061,69.1146,67.801,436,24677,0.493469,0.29,1,552818,552382,436
25037981,15.4229,15.1602,436,24763,0.506694,0.29,1,552820,552384,436
25040901,59.8846,59.032,437,24849,0.557339,0.29,1,552891,552454,437
25043821,78.3769,79.0064,436,24934,0.599468,0.35,1,552974,552538,436
25046741,81.2754,80.6013,437,25019,0.607894,0.37,1,553056,552619,437
25049661,36.2551,35.3203,438,25104,0.657579,0.43,1,553081,552643,438
25052581,26.451,23.8641,441,25188,0.699516,0.43,1,553105,552664,441
25055501,76.4902,73.5728,444,25272,0.739903,0.51,1,553194,552750,444
25058421,72.098,69.1146,447,25356,0.763981,0.51,2,553265,552818,447
25061341,16.0196,15.4229,447,25440,0.768796,0.51,2,553267,552820,447
25064261,60.0039,3.08458,518,25523,0.769759,0.57,2,553338,552820,518
25067181,81.6008,57.4169,534,25606,0.849952,0.61,2,553425,552891,534
25070101,81.9202,77.8834,533,25689,0.86599,0.61,2,553507,552974,533
25073021,37.984,81.1767,478,25771,0.821198,0.67,2,553534,553056,478
25075941,29.1968,36.2353,480,25853,0.82824,0.71,2,553561,553081,480
25078861,77.8394,26.4471,546,25935,0.861648,0.75,2,553651,553105,546
25081781,73.9679,76.4894,530,26017,0.83633,0.77,2,553724,553194,530
25084701,16.3936,72.0979,461,26098,0.831266,0.77,2,553726,553265,461
25087621,60.0787,16.0196,530,26179,0.830253,0.77,2,553797,553267,530
25090541,85.6157,60.0039,551,26260,0.878051,0.87,2,553889,553338,551
25192741,96,55,566,28949,0.53,1,1,555786,555220,566
25195661,48.8,91,503,29022,0.386,1,1,555823,555320,503
25198581,42.56,39,518,29095,0.2452,1,1,555864,555346,518
25201501,30.112,39.8,505,29168,0.15304,1,1,555891,555386,505
25204421,35.6224,31.16,513,29241,0.102608,1,1,555928,555415,513
25207341,73.5245,28.632,568,29313,0.0285216,1,1,556011,555443,568
25210261,69.1049,82.5264,540,29385,0.0457043,1,1,556079,555539,540
25213181,34.621,74.9053,493,29457,0.0331409,0.95,1,556105,555612,493
25216101,44.5242,36.5811,513,29529,0.0626282,0.81,1,556152,555639,513
25219021,68.9048,48.1162,537,29601,0.0365256,0.53,1,556227,555690,537
25221941,40.181,86.4232,474,29673,0.0953051,0.35,1,556260,555786,474
25224861,32.0362,46.8846,467,29744,0.075061,0.21,1,556290,555823,467
25227781,24.8072,42.1769,449,29815,0.103012,0.13,1,556313,555864,449
25230701,6.56145,30.0354,424,29886,0.108602,0.09,1,556315,555891,424
25233621,29.3123,35.6071,422,29957,0.0937205,0.01,1,556350,555928,422
25236541,77.0625,73.5214,428,30028,0.0187441,0.05,1,556439,556011,428
25239461,65.8125,69.1043,423,30098,0.0597488,0.03,1,556502,556079,423
25242381,33.9625,34.6209,423,30168,0.0679498,0.07,1,556528,556105,423
25245301,44.3925,44.5242,423,30238,0.05359,0.03,1,556575,556152,423
25248221,68.0785,68.9048,422,30308,0.066718,0.11,1,556649,556227,422
25251141,43.2157,40.181,426,30378,0.101344,0.07,1,556686,556260,426
25254061,31.8431,32.0362,425,30448,0.108269,0.11,1,556715,556290,425
25256981,24.7686,24.8072,425,30518,0.125654,0.11,1,556738,556313,425
25259901,6.55373,6.56145,425,30587,0.161131,0.09,1,556740,556315,425
25262821,27.7107,29.3123,423,30656,0.152226,0,1,556773,556350,423
25265741,75.9422,77.0625,422,30725,0.0384452,0.07,1,556861,556439,422
25268661,66.3884,65.8125,423,30794,0.031689,0.07,1,556925,556502,423
25271581,33.2777,33.9625,422,30863,0.0623378,0.05,1,556950,556528,422
25274501,44.2555,44.3925,422,30932,0.0364676,0.07,1,556997,556575,422
25277421,70.4511,68.0785,425,31000,0.127294,0.11,1,557074,556649,425
25280341,46.0902,43.2157,428,31068,0.113459,0.11,1,557114,556686,428
25283261,31.618,31.8431,427,31136,0.0946917,0.13,1,557142,556715,427
25286181,25.5236,24.7686,428,31204,0.106938,0.17,1,557166,556738,428
25289101,6.70472,6.55373,428,31272,0.109388,0.15,1,557168,556740,428
25292021,28.5409,27.7107,429,31340,0.157878,0.15,1,557202,556773,429
25294941,69.7082,5.54215,509,31408,0.167576,0.01,1,557282,556773,509
25297861,65.9416,71.5084,486,31475,0.0735151,0.03,1,557347,556861,486
25300781,32.3883,65.5017,446,31542,0.054703,0.07,1,557371,556925,446
25303701,45.6777,33.1003,470,31609,0.0349406,0.03,1,557420,556950,470
25306621,73.1355,44.2201,503,31676,0.0309881,0.15,1,557500,556997,503
25309541,45.0271,70.444,464,31743,0.0621976,0.11,1,557538,557074,464
25312461,33.0054,46.0888,454,31810,0.10044,0.09,1,557568,557114,454
25315381,25.8011,31.6178,450,31877,0.0760879,0.11,1,557592,557142,450
25318301,6.76022,25.5236,428,31943,0.0712176,0.11,1,557594,557166,428
25321221,30.152,6.70471,462,32009,0.102244,0.17,1,557630,557168,462
25324141,70.8304,28.5409,509,32075,0.0604487,0.17,1,557711,557202,509
25327061,61.3661,69.7082,488,32141,0.0680897,0.05,1,557770,557282,488
25329981,32.2732,65.9416,448,32207,0.0696179,0.05,1,557795,557347,448
25332901,44.0546,32.3883,471,32273,0.101924,0.03,1,557842,557371,471
25335821,73.6109,45.6777,503,32339,0.0923847,0.03,1,557923,557420,503
25338741,45.9222,73.1355,462,32404,0.0904769,0.07,1,557962,557500,462
25341661,33.1844,45.0271,454,32469,0.0900954,0.11,1,557992,557538,454
25344581,26.6369,33.0054,449,32534,0.122019,0.07,1,558017,557568,449
25347501,6.92738,25.8011,427,32599,0.128404,0.07,1,558019,557592,427
25350421,29.3855,6.76022,460,32664,0.161681,0.11,1,558054,557594,460
25353341,70.6771,30.152,505,32729,0.216336,0.05,1,558135,557630,505
25356261,15.7354,70.8304,426,32794,0.227267,0.07,1,558137,557711,426
25359181,49.5471,61.3661,425,32858,0.245453,0.07,1,558195,557770,425
25362101,32.3094,32.2732,428,32922,0.265091,0.11,1,558223,557795,428
25365021,43.2619,44.0546,427,32986,0.285018,0.09,1,558269,557842,427
25367941,72.6524,73.6109,426,33050,0.321004,0.09,1,558349,557923,426
25370861,45.7305,45.9222,426,33114,0.344201,0.09,1,558388,557962,426
25373781,33.1461,33.1844,426,33178,0.34884,0.13,1,558418,557992,426
25376701,29.0292,26.6369,429,33242,0.349768,0.13,1,558446,558017,429
25379621,7.40584,6.92738,429,33306,0.349954,0.17,1,558448,558019,429
25382541,30.2812,29.3855,430,33370,0.381991,0.23,1,558484,558054,430
25385461,73.2562,70.6771,433,33433,0.452398,0.23,1,558568,558135,433
25388381,16.2512,15.7354,433,33496,0.48248,0.25,1,558570,558137,433
25391301,51.2502,49.5471,435,33559,0.520496,0.27,1,558630,558195,435
25394221,31.0501,32.3094,433,33622,0.576099,0.29,1,558656,558223,433
25397141,43.81,43.2619,434,33685,0.53922,0.33,1,558703,558269,434
25400061,75.962,72.6524,438,33748,0.611844,0.35,1,558787,558349,438
25402981,47.1924,45.7305,439,33811,0.594369,0.35,1,558827,558388,439
25405901,33.4385,33.1461,439,33874,0.622874,0.35,1,558857,558418,439
25408821,29.0877,29.0292,439,33936,0.628575,0.35,1,558885,558446,439
25411741,7.41754,7.40584,439,33998,0.629715,0.39,1,558887,558448,439
25414661,31.8835,30.2812,441,34060,0.677943,0.47,1,558925,558484,441
25417581,77.5767,73.2562,446,34122,0.703589,0.49,1,559014,558568,446
25420501,17.1153,16.2512,446,34184,0.708718,0.53,1,559016,558570,446
25423421,53.0231,51.2502,448,34246,0.725744,0.53,1,559078,558630,448
25426341,31.4046,10.25,474,34308,0.713149,0.59,1,559104,558630,474
25429261,43.8809,22.85,495,34370,0.71063,0.53,1,559151,558656,495
25432181,77.5762,42.17,534,34432,0.758126,0.63,2,559237,558703,534
25435101,47.5152,75.634,490,34493,0.783625,0.59,2,559277,558787,490
25438021,35.103,47.1268,482,34554,0.756725,0.63,2,559309,558827,482
25440941,29.4206,33.4254,480,34615,0.767345,0.63,2,559337,558857,480
25443861,7.48412,29.0851,454,34676,0.769469,0.63,2,559339,558885,454
25446781,35.0968,7.41701,494,34737,0.817894,0.69,2,559381,558887,494
25449701,76.6194,31.8834,543,34798,0.795579,0.71,2,559468,558925,543
25452621,16.9239,77.5767,456,34859,0.791116,0.71,2,559470,559014,456
25455541,54.5848,17.1153,518,34920,0.806223,0.73,2,559534,559016,518
25458461,31.717,53.0231,482,34981,0.777245,0.71,2,559560,559078,482
25461381,45.5434,31.4046,505,35041,0.803449,0.71,2,559609,559104,505
25464301,78.7087,43.8809,545,35101,0.85669,0.77,2,559696,559151,545
25467221,48.5417,77.5762,500,35161,0.851338,0.79,2,559737,559237,500
25470141,34.5083,47.5152,491,35221,0.882268,0.75,2,559768,559277,491
25473061,29.3017,35.103,487,35281,0.888454,0.77,2,559796,559309,487
25475981,7.46033,29.4206,461,35341,0.889691,0.77,2,559798,559337,461
25478901,35.8921,7.48412,502,35401,0.873938,0.83,2,559841,559339,502
25481821,77.5784,35.0968,548,35461,0.934788,0.79,2,559929,559381,548
25484741,17.1157,76.6194,463,35521,0.946957,0.79,2,559931,559468,463
25607381,53,76,519,37940,0.59,1,1,561626,561107,519
25610301,36.2,48,510,37996,0.526,1,1,561658,561148,510
25613221,32.84,38.4,506,38052,0.4332,1,1,561690,561184,506
25616141,30.568,27.68,511,38108,0.30264,1,1,561720,561209,511
25619061,29.3136,27.136,513,38163,0.196528,1,1,561749,561236,513
25621981,67.4627,29.4272,560,38218,0.0633056,0.99,1,561826,561266,560
25624901,31.0925,71.4854,500,38273,0.0366611,1,1,561848,561348,500
25627821,41.4185,35.8971,517,38328,0.0633322,1,1,561892,561375,517
25630741,33.8837,43.9794,503,38383,0.0526664,0.83,1,561924,561421,503
25633661,25.9767,31.9959,498,38438,0.0505333,0.95,1,561948,561450,498
25636581,28.3953,28.7992,499,38493,0.0181067,0.95,1,561977,561478,499
25639501,48.8791,32.9598,519,38548,0.0916213,0.75,1,562031,561512,519
25642421,44.1758,55.392,501,38603,0.106324,0.59,1,562074,561573,501
25645341,10.4352,53.4784,450,38658,0.141265,0.51,1,562076,561626,450
25648261,22.887,36.2957,444,38713,0.164253,0.41,1,562102,561658,444
25651181,27.7774,32.8591,441,38768,0.120851,0.27,1,562131,561690,441
25654101,22.3555,30.5718,432,38822,0.14417,0.17,1,562152,561720,432
25657021,27.6711,29.3144,432,38876,0.148834,0.03,1,562181,561749,432
25659941,59.1342,67.4629,422,38930,0.197767,0.03,1,562248,561826,422
25662861,31.0268,31.0926,424,38984,0.143553,0.07,1,562272,561848,424
25665781,40.6054,41.4185,423,39038,0.0687107,0.05,1,562315,561892,423
25668701,32.9211,33.8837,422,39092,0.0377421,0.05,1,562346,561924,422
25671621,25.7842,25.9767,422,39146,0.0475484,0.01,1,562370,561948,422
25674541,29.1568,28.3953,423,39200,0.0335097,0.11,1,562400,561977,423
25677461,53.0314,48.8791,428,39254,0.0947019,0.11,1,562459,562031,428
25680381,45.8063,44.1758,429,39308,0.18694,0.15,1,562503,562074,429
25683301,10.7613,10.4352,429,39362,0.173388,0.17,1,562505,562076,429
25686221,22.1523,22.887,428,39416,0.186678,0.11,1,562530,562102,428
25689141,27.6305,27.7774,428,39470,0.221336,0.15,1,562559,562131,428
25692061,22.3261,22.3555,428,39524,0.244267,0.15,1,562580,562152,428
25694981,28.4652,27.6711,429,39577,0.216853,0.21,1,562610,562181,429
25697901,60.093,59.1342,430,39630,0.243371,0.13,1,562678,562248,430
25700821,28.0186,31.0268,426,39683,0.280674,0.05,1,562698,562272,426
25703741,38.4037,40.6054,424,39736,0.256135,0.03,1,562739,562315,424
25706661,30.8807,32.9211,422,39789,0.251227,0.05,1,562768,562346,422
25709581,26.9761,25.7842,424,39842,0.186245,0.03,1,562794,562370,424
25712501,27.7952,29.1568,422,39895,0.173249,0.11,1,562822,562400,422
25715421,55.959,53.0314,426,39948,0.20265,0.21,1,562885,562459,426
25718341,49.5918,45.8063,430,40001,0.17653,0.17,1,562933,562503,430
25721261,11.5184,10.7613,430,40054,0.171306,0.19,1,562935,562505,430
25724181,23.1037,22.1523,431,40107,0.154261,0.19,1,562961,562530,431
25727101,28.6207,4.43045,461,40160,0.166852,0.23,1,562991,562530,461
25730021,21.7241,24.0861,452,40213,0.16937,0.25,1,563011,562559,452
25732941,29.1448,21.6172,462,40266,0.169874,0.21,1,563042,562580,462
25735861,61.029,28.3234,501,40318,0.233975,0.25,1,563111,562610,501
25738781,28.2058,60.0647,453,40370,0.246795,0.29,1,563131,562678,453
25741701,38.4412,28.0129,474,40422,0.249359,0.25,1,563172,562698,474
25744621,29.2882,38.4026,460,40474,0.265872,0.25,1,563199,562739,460
25747541,25.0576,30.8805,455,40526,0.285174,0.17,1,563223,562768,455
25750461,25.8115,26.9761,455,40578,0.289035,0.17,1,563249,562794,455
25753381,57.1623,27.7952,492,40630,0.289807,0.21,1,563314,562822,492
25756301,48.2325,55.959,475,40682,0.337961,0.17,1,563360,562885,475
25759221,11.2465,49.5918,429,40734,0.347592,0.17,1,563362,562933,429
25762141,23.8493,11.5184,454,40786,0.333518,0.15,1,563389,562935,454
25765061,29.5699,23.1037,459,40838,0.330704,0.17,1,563420,562961,459
25767981,21.914,28.6207,449,40890,0.378141,0.17,1,563440,562991,449
25770901,30.7828,21.7241,462,40942,0.387628,0.17,1,563473,563011,462
25773821,62.9566,29.1448,502,40994,0.421526,0.25,1,563544,563042,502
25776741,28.5913,61.029,453,41045,0.428305,0.25,1,563564,563111,453
25779661,38.5183,28.2058,474,41096,0.461661,0.25,1,563605,563131,474
25782581,30.1037,38.4412,461,41147,0.484332,0.27,1,563633,563172,461
25785501,26.0207,29.2882,459,41198,0.472866,0.29,1,563658,563199,459
25788421,26.0041,25.0576,461,41249,0.470573,0.29,1,563684,563223,461
25791341,58.0008,25.8115,501,41300,0.486115,0.29,1,563750,563249,501
25794261,50.0002,57.1623,484,41351,0.489223,0.35,1,563798,563314,484
25797181,11.6,48.2325,440,41402,0.489845,0.35,1,563800,563360,440
25800101,23.12,11.2465,464,41453,0.489969,0.33,1,563826,563362,464
25803021,30.224,23.8493,469,41504,0.489994,0.33,1,563858,563389,469
25805941,7.6448,29.5699,440,41555,0.489999,0.39,1,563860,563420,440
25808861,18.329,21.914,441,41606,0.554,0.39,1,563881,563440,441
25811781,30.0658,30.7828,441,41657,0.5668,0.43,1,563914,563473,441
25814701,64.4132,62.9566,443,41708,0.60136,0.43,1,563987,563544,443
25817621,28.8826,28.5913,443,41759,0.640272,0.47,1,564007,563564,443
25820541,40.1765,38.5183,445,41810,0.600054,0.49,1,564050,563605,445
25823461,31.2353,30.1037,446,41860,0.608011,0.47,1,564079,563633,446
25826381,25.4471,26.0207,445,41910,0.609602,0.47,1,564103,563658,445
25829301,25.8894,26.0041,445,41960,0.64192,0.49,1,564129,563684,445
25832221,58.7779,58.0008,446,42010,0.648384,0.49,1,564196,563750,446
25835141,50.1556,50.0002,446,42060,0.681677,0.49,1,564244,563798,446
25838061,11.6311,11.6,446,42110,0.656335,0.49,1,564246,563800,446
25840981,23.1262,23.12,446,42160,0.699267,0.49,1,564272,563826,446
25843901,30.2252,30.224,446,42210,0.739853,0.49,1,564304,563858,446
25846821,7.64505,7.6448,446,42260,0.747971,0.57,1,564306,563860,446
25849741,19.929,18.329,448,42310,0.765594,0.57,2,564329,563881,448
25852661,31.9858,30.0658,450,42360,0.801119,0.61,2,564364,563914,450
25855581,66.3972,64.4132,452,42410,0.856224,0.65,2,564439,563987,452
25858501,29.2794,28.8826,452,42460,0.915245,0.59,2,564459,564007,452
25861421,39.4559,40.1765,451,42510,0.895049,0.61,2,564501,564050,451
25864341,31.8912,31.2353,452,42560,0.90701,0.61,2,564531,564079,452
25867261,25.5782,25.4471,452,42610,0.909402,0.65,2,564555,564103,452
25870181,25.9156,25.8894,452,42660,0.92588,0.65,2,564581,564129,452
25873101,58.7831,58.7779,452,42709,0.945176,0.69,2,564648,564196,452
26071661,35,30,490,45946,0.71,1,1,566878,566388,490
26074581,37.4,6,528,45992,0.63,1,1,566916,566388,528
26077501,32.28,14.8,542,46038,0.486,1,1,566947,566405,542
26080421,18.456,33.36,519,46084,0.3932,1,1,566962,566443,519
26083341,29.2912,34.672,516,46130,0.27864,1,1,566994,566478,516
26086261,37.0582,24.5344,533,46176,0.127728,1,1,567033,566500,533
26089181,45.0116,55.3069,517,46222,0.0495456,1,1,567080,566563,517
26092101,30.6023,38.2614,510,46268,0.0179091,1,1,567107,566597,510
26095021,31.7205,26.8523,518,46314,0.0115818,1,1,567139,566621,518
26097941,23.9441,30.9705,508,46360,0.0583164,1,1,567161,566653,508
26100861,32.7888,28.5941,515,46405,0.0516633,1,1,567196,566681,515
26103781,24.9578,35.3188,501,46450,0.0663327,0.99,1,567219,566718,501
26106701,24.9916,30.2638,497,46495,0.0372665,1,1,567244,566747,497
26109621,34.5983,30.0528,504,46540,0.0154533,0.91,1,567281,566777,504
26112541,24.5197,33.2106,492,46585,0.0110907,0.82,1,567303,566811,492
26115461,28.1039,32.2421,489,46630,0.0262181,0.71,1,567332,566843,489
26118381,33.6208,34.4484,489,46675,0.0612436,0.61,1,567367,566878,489
26121301,23.5242,37.2897,472,46720,0.0522487,0.45,1,567388,566916,472
26124221,12.7048,32.2579,451,46765,0.0664497,0.37,1,567398,566947,451
26127141,24.941,18.4516,464,46810,0.0532899,0.25,1,567426,566962,464
26130061,28.9882,29.2903,462,46855,0.098658,0.09,1,567456,566994,462
26132981,42.5976,37.0581,469,46900,0.0597316,0.03,1,567502,567033,469
26135901,29.3195,45.0116,448,46945,0.0199463,0.01,1,567528,567080,448
26138821,31.4639,30.6023,453,46990,0.0279893,0.01,1,567560,567107,453
26141741,24.6928,31.7205,444,47035,0.0455979,0.07,1,567583,567139,444
26144661,33.7386,23.9441,458,47080,0.0491196,0.05,1,567619,567161,458
26147581,24.3477,32.7888,445,47125,0.0178239,0.07,1,567641,567196,445
26150501,24.8695,24.9578,447,47170,0.0275648,0.03,1,567666,567219,447
26153421,34.5739,24.9916,459,47215,0.045513,0.01,1,567703,567244,459
26156341,23.7148,34.5983,443,47260,0.0491026,0.01,1,567724,567281,443
26159261,28.743,24.5197,451,47305,0.0498205,0.03,1,567754,567303,451
26162181,34.5486,28.1039,458,47350,0.0819641,0.07,1,567790,567332,458
26165101,8.50972,33.6208,425,47395,0.0563928,0.05,1,567792,567367,425
26168021,18.5019,23.5242,425,47439,0.0992786,0.07,1,567813,567388,425
26170941,10.9004,12.7048,424,47483,0.0918557,0.05,1,567822,567398,424
26173861,24.5801,24.941,424,47527,0.154371,0.11,1,567850,567426,424
26176781,28.116,28.9882,423,47571,0.134874,0.05,1,567879,567456,423
26179701,42.4232,42.5976,423,47615,0.146975,0.01,1,567925,567502,423
26182621,28.4846,29.3195,422,47659,0.165395,0.03,1,567950,567528,422
26185541,32.0969,31.4639,423,47703,0.073079,0.05,1,567983,567560,423
26188461,25.6194,24.6928,424,47747,0.0546158,0.05,1,568007,567583,424
26191381,32.3239,33.7386,422,47791,0.0349232,0.01,1,568041,567619,422
26194301,24.8648,24.3477,423,47835,0.0309846,0.03,1,568064,567641,423
26197221,24.973,24.8695,423,47879,0.0141969,0.05,1,568089,567666,423
26200141,34.5946,34.5739,423,47923,0.0268394,0.05,1,568126,567703,423
26203061,24.5189,23.7148,424,47967,0.0133679,0.05,1,568148,567724,424
26205981,28.1038,28.743,423,48011,0.0426736,0.09,1,568177,567754,423
26208901,36.8208,34.5486,426,48055,0.0645347,0.05,1,568216,567790,426
26211821,8.96415,8.50972,426,48099,0.0369069,0.11,1,568218,567792,426
26214741,17.7928,18.5019,425,48143,0.0633814,0.09,1,568238,567813,425
26217661,11.5586,10.9004,426,48187,0.0526763,0.17,1,568248,567822,426
26220581,26.3117,24.5801,428,48231,0.114535,0.13,1,568278,567850,428
26223501,29.2623,28.116,429,48275,0.174907,0.15,1,568308,567879,429
26226421,41.0525,42.4232,427,48319,0.234981,0.17,1,568352,567925,427
26229341,24.2105,28.4846,422,48363,0.246996,0.05,1,568372,567950,422
26232261,31.2421,32.0969,422,48407,0.169399,0.05,1,568405,567983,422
26235181,25.4484,25.6194,422,48451,0.12188,0.03,1,568429,568007,422
26238101,32.2897,32.3239,422,48494,0.128376,0.03,1,568463,568041,422
26241021,24.8579,24.8648,422,48537,0.113675,0.01,1,568486,568064,422
26243941,24.9716,24.973,422,48580,0.094735,0.03,1,568511,568089,422
26246861,34.5943,34.5946,422,48623,0.042947,0.01,1,568548,568126,422
26249781,24.5189,24.5189,422,48666,0.0165894,0.05,1,568570,568148,422
26252701,28.1038,28.1038,422,48709,0.0273179,0.07,1,568599,568177,422
26255621,37.6208,36.8208,423,48752,0.0614636,0.03,1,568639,568216,423
26258541,9.12415,8.96415,423,48795,0.0682927,0.07,1,568641,568218,423
26261461,18.6248,17.7928,424,48838,0.0536585,0.07,1,568662,568238,424
26264381,11.725,3.55857,434,48881,0.0187317,0.05,1,568672,568238,434
26267301,27.145,8.71171,455,48924,0.0437463,0.13,1,568703,568248,455
26270221,33.429,25.7423,460,48967,0.0807493,0.19,1,568738,568278,460
26273141,42.6858,29.1485,475,49010,0.0881499,0.25,1,568783,568308,475
26276061,24.5372,41.0297,451,49053,0.08963,0.25,1,568803,568352,451
26278981,27.3074,24.2059,459,49096,0.089926,0.15,1,568831,568372,459
26281901,24.6615,31.2412,450,49139,0.105985,0.11,1,568855,568405,450
26284821,31.3323,25.4482,459,49182,0.141197,0.13,1,568888,568429,459
26287741,23.8665,32.2896,447,49225,0.148239,0.11,1,568910,568463,447
26290661,22.3733,24.8579,446,49268,0.149648,0.09,1,568932,568486,446
26293581,34.0747,24.9716,458,49311,0.16593,0.03,1,568969,568511,458
26296501,24.4149,34.5943,443,49354,0.185186,0.01,1,568991,568548,443
26299421,28.883,24.5189,451,49397,0.157037,0.03,1,569021,568570,451
26302341,37.7766,28.1038,462,49440,0.183407,0.07,1,569061,568599,462
26305261,9.15532,37.6208,424,49483,0.188681,0.07,1,569063,568639,424
26308181,17.8311,9.12415,442,49526,0.189736,0.05,1,569083,568641,442
26311101,12.3662,18.6248,432,49569,0.205947,0.01,1,569094,568662,432
26314021,28.0732,11.725,454,49612,0.177189,0.05,1,569126,568672,454
26316941,35.2146,27.145,460,49654,0.203438,0.09,1,569163,568703,460
26319861,43.0429,33.429,470,49696,0.208688,0.09,1,569208,568738,470
26322781,24.6086,42.6858,445,49738,0.241738,0.09,1,569228,568783,445
26325701,27.3217,24.5372,453,49780,0.248347,0.09,1,569256,568803,453
26328621,26.2643,27.3074,451,49822,0.265669,0.11,1,569282,568831,451
26331541,32.4529,24.6615,461,49864,0.301134,0.15,1,569316,568855,461
26334461,24.0906,31.3323,450,49906,0.308227,0.15,1,569338,568888,450
26337381,23.2181,23.8665,451,49948,0.293645,0.15,1,569361,568910,451
26340301,35.0436,22.3733,467,49990,0.290729,0.17,1,569399,568932,467
26343221,23.0087,34.0747,450,50032,0.290146,0.19,1,569419,568969,450
26346141,28.6017,24.4149,458,50074,0.290029,0.15,1,569449,568991,458
26349061,39.3204,28.883,470,50116,0.290006,0.19,1,569491,569021,470
26351981,9.46407,37.7766,432,50158,0.290001,0.19,1,569493,569061,432
26354901,17.8928,9.15532,450,50200,0.29,0.19,1,569513,569063,450
26357821,11.5786,17.8311,440,50242,0.29,0.21,1,569523,569083,440
26360741,28.7157,12.3662,462,50284,0.306,0.17,1,569556,569094,462
26363661,7.34314,28.0732,432,50326,0.2772,0.21,1,569558,569126,432
26366581,31.0686,35.2146,432,50368,0.33544,0.21,1,569595,569163,432
26369501,43.8137,43.0429,434,50410,0.379088,0.25,1,569642,569208,434
26372421,24.7627,24.6086,434,50452,0.355818,0.25,1,569662,569228,434
26375341,27.3525,27.3217,434,50494,0.415164,0.27,1,569690,569256,434
26378261,27.0705,26.2643,435,50536,0.411033,0.31,1,569717,569282,435
26381181,34.2141,32.4529,437,50578,0.426207,0.31,1,569753,569316,437
26384101,24.4428,24.0906,437,50620,0.429241,0.29,1,569775,569338,437
26387021,24.0886,23.2181,438,50662,0.445848,0.29,1,569799,569361,438
26389941,33.6177,35.0436,436,50704,0.48117,0.29,1,569835,569399,436
26392861,22.7235,23.0087,436,50746,0.472234,0.29,1,569855,569419,436
26395781,28.5447,28.6017,436,50788,0.486447,0.29,1,569885,569449,436
26398701,39.3089,39.3204,436,50829,0.505289,0.29,1,569927,569491,436
26401621,9.46179,9.46407,436,50870,0.509058,0.29,1,569929,569493,436
26404541,17.8924,17.8928,436,50911,0.557812,0.29,1,569949,569513,436
26407461,11.5785,11.5786,436,50952,0.535562,0.31,1,569959,569523,436
26410381,30.3157,28.7157,438,50993,0.563112,0.27,1,569994,569556,438
26413301,7.66314,7.34314,438,51034,0.568623,0.35,1,569996,569558,438
26416221,30.3326,31.0686,437,51075,0.569725,0.39,1,570032,569595,437
26419141,45.2665,43.8137,439,51116,0.617945,0.35,1,570081,569642,439
26422061,26.6533,24.7627,441,51157,0.611589,0.43,1,570103,569662,441
26424981,27.7307,27.3525,441,51198,0.690318,0.41,1,570131,569690,441
26427901,28.7461,27.0705,443,51239,0.706064,0.43,1,570160,569717,443
26430821,34.5492,34.2141,443,51280,0.677213,0.43,1,570196,569753,443
26433741,24.5098,24.4428,443,51321,0.671443,0.45,1,570218,569775,443
26436661,24.902,24.0886,444,51362,0.734288,0.49,1,570243,569799,444
26439581,33.7804,33.6177,444,51403,0.746858,0.47,1,570279,569835,444
26442501,23.5561,22.7235,445,51444,0.717372,0.49,1,570300,569855,445
26445421,29.5112,28.5447,446,51485,0.727474,0.51,1,570331,569885,446
26448341,41.1022,39.3089,448,51526,0.729495,0.51,1,570375,569927,448
26451261,9.82045,9.46179,448,51567,0.729899,0.57,1,570377,569929,448
26454181,17.9641,17.8924,448,51608,0.76198,0.53,2,570397,569949,448
26457101,11.5928,11.5785,448,51649,0.736396,0.57,1,570407,569959,448
26460021,30.3186,30.3157,448,51690,0.779279,0.57,2,570442,569994,448
26462941,7.66371,7.66314,448,51731,0.755856,0.57,2,570444,569996,448
26465861,30.3327,30.3326,448,51772,0.751171,0.57,2,570480,570032,448
26468781,46.8665,6.06653,499,51813,0.734234,0.63,1,570531,570032,499
26471701,27.7733,40.4133,473,51854,0.714847,0.61,1,570554,570081,473
26474621,30.3547,25.6827,482,51895,0.742969,0.71,1,570585,570103,482
26477541,29.2709,27.5365,483,51936,0.764594,0.71,2,570614,570131,483
26480461,34.6542,28.7073,490,51977,0.768919,0.67,2,570650,570160,490
26483381,25.3308,34.5415,477,52018,0.753784,0.67,2,570673,570196,477
26486301,25.8662,24.5083,481,52058,0.766757,0.75,2,570699,570218,481
26489221,34.7732,24.9017,493,52098,0.769351,0.75,2,570736,570243,493
26492141,22.9546,33.7803,477,52138,0.81787,0.71,2,570756,570279,477
26495061,30.1909,23.5561,488,52178,0.843574,0.73,2,570788,570300,488
26497981,41.2382,29.5112,501,52218,0.848715,0.73,2,570832,570331,501
26500901,9.84764,41.1022,459,52258,0.849743,0.73,2,570834,570375,459
26503821,17.9695,9.82045,477,52298,0.865949,0.77,2,570854,570377,477
26506741,11.5939,17.9641,467,52338,0.86919,0.73,2,570864,570397,467
26509661,31.1188,11.5928,493,52378,0.869838,0.79,2,570900,570407,493
26512581,7.82376,30.3186,460,52418,0.869968,0.75,2,570902,570442,460
26515501,30.3648,7.66371,494,52458,0.901994,0.75,2,570938,570444,494
26518421,46.073,30.3327,508,52498,0.924399,0.73,2,570988,570480,508
26728661,68,62,512,25716,0.53,1,1,573022,572510,512
26731581,73.6,66.8,519,25798,0.482,0.97,1,573097,572578,519
26734501,63.52,69.36,510,25880,0.4084,0.99,1,573158,572648,510
26737421,69.504,80.272,498,25962,0.45768,0.93,1,573229,572731,498
26740341,57.1008,60.0544,497,26044,0.451536,0.77,1,573283,572786,497
26743261,48.2202,72.0109,468,26125,0.434307,0.71,1,573329,572861,468
26746181,20.044,32.8022,458,26206,0.446861,0.67,1,573342,572884,458
26749101,52.8088,33.7604,485,26287,0.417372,0.67,1,573403,572918,485
26752021,63.3618,35.5521,515,26368,0.443474,0.53,1,573469,572954,515
26754941,67.8724,61.5104,516,26448,0.448695,0.47,1,573538,573022,516
26757861,63.9745,72.3021,504,26528,0.513739,0.39,1,573601,573097,504
26760781,68.7949,63.2604,513,26608,0.574748,0.47,1,573671,573158,513
26763701,57.759,69.4521,497,26688,0.57095,0.45,1,573726,573229,497
26766621,47.5518,57.0904,488,26767,0.55419,0.43,1,573771,573283,488
26769541,20.7104,48.2181,456,26846,0.550838,0.45,1,573785,573329,456
26772461,5.74207,20.0436,445,26925,0.550168,0.41,1,573787,573342,445
26775381,47.5484,52.8087,442,27004,0.614034,0.45,1,573845,573403,442
26778301,63.9097,63.3617,444,27082,0.642807,0.45,1,573913,573469,444
26781221,67.9819,67.8723,444,27160,0.664561,0.53,1,573982,573538,444
26784141,67.1964,63.9745,448,27238,0.668912,0.59,1,574049,573601,448
26787061,71.8393,68.7949,451,27316,0.653782,0.57,1,574122,573671,451
26789981,57.5679,57.759,450,27394,0.730756,0.55,1,574176,573726,450
26792901,46.7136,47.5518,449,27471,0.778151,0.55,2,574220,573771,449
26795821,20.5427,20.7104,449,27548,0.75563,0.55,2,574234,573785,449
26798741,5.70854,5.74207,449,27625,0.783126,0.63,2,574236,573787,449
26801661,49.1417,47.5484,451,27702,0.804625,0.65,2,574296,573845,451
26804581,66.6283,63.9097,454,27778,0.808925,0.67,2,574367,573913,454
26807501,67.7257,67.9819,453,27854,0.809785,0.67,2,574435,573982,453
26810421,69.5451,67.1964,456,27930,0.809957,0.65,2,574505,574049,456
26813341,71.509,71.8393,455,28006,0.841991,0.75,2,574577,574122,455
26816261,59.9018,57.5679,458,28082,0.848398,0.79,2,574634,574176,458
26819181,47.9804,46.7136,459,28157,0.88168,0.75,2,574679,574220,459
26822101,21.5961,20.5427,460,28232,0.904336,0.79,2,574694,574234,460
26825021,5.91921,5.70854,460,28307,0.908867,0.81,2,574696,574236,460
26930141,35,37,483,30885,0.65,1,1,576576,576093,483
26933061,40.6,28.2,499,30954,0.634,1,1,576618,576119,499
26935981,39.32,27.24,511,31022,0.5988,1,1,576657,576146,511
26938901,32.664,35.048,505,31090,0.59176,1,1,576688,576183,505
26941821,58.5328,66.2096,496,31158,0.494352,1,1,576753,576257,496
26944741,46.9066,62.0419,479,31226,0.47487,0.97,1,576797,576318,479
26947661,40.5813,40.4084,483,31294,0.518974,0.97,1,576836,576353,483
26950581,36.9163,8.08168,519,31362,0.479795,0.99,1,576872,576353,519
26953501,56.9833,37.6163,536,31429,0.487959,0.86,1,576934,576398,536
26956421,61.7967,63.5233,529,31496,0.489592,0.77,1,576997,576468,529
26959341,40.3593,71.1047,491,31563,0.521918,0.65,1,577032,576541,491
26962261,39.2719,42.2209,495,31630,0.544384,0.63,1,577071,576576,495
26965181,36.6544,42.0442,489,31697,0.516877,0.59,1,577107,576618,489
26968101,29.7309,39.6088,478,31764,0.511375,0.59,1,577135,576657,478
26971021,57.1462,32.7218,511,31831,0.622275,0.47,1,577199,576688,511
26973941,45.0292,58.5444,488,31897,0.660455,0.47,1,577241,576753,488
26976861,39.4058,46.9089,482,31963,0.636091,0.53,1,577279,576797,482
26979781,39.0812,40.5818,482,32029,0.647218,0.47,1,577318,576836,482
26982701,56.6162,36.9164,507,32095,0.665444,0.49,1,577379,576872,507
26985621,62.5232,56.9833,509,32161,0.685089,0.49,1,577443,576934,509
26988541,39.7046,61.7967,480,32227,0.689018,0.53,1,577477,576997,480
26991461,41.5409,40.3593,487,32293,0.737804,0.55,1,577519,577032,487
26994381,35.5082,39.2719,482,32359,0.747561,0.51,1,577553,577071,482
26997301,31.9016,36.6544,477,32424,0.765512,0.51,2,577584,577107,477
27000221,62.3803,29.7309,519,32489,0.801102,0.65,2,577654,577135,519
27003141,43.6761,57.1462,494,32554,0.79222,0.67,2,577693,577199,494
27006061,42.3352,45.0292,494,32619,0.806444,0.63,2,577735,577241,494
27008981,37.267,39.4058,492,32684,0.809289,0.65,2,577771,577279,492
27011901,57.0534,39.0812,515,32749,0.841858,0.67,2,577833,577318,515
27014821,13.0107,56.6162,456,32814,0.848372,0.69,2,577835,577379,456
27017741,53.8021,62.5232,456,32878,0.897674,0.69,2,577899,577443,456
27020661,37.9604,39.7046,456,32942,0.875535,0.75,2,577933,577477,456
27023581,43.5921,41.5409,459,33006,0.919107,0.75,2,577978,577519,459
27026501,37.5184,35.5082,461,33070,0.927821,0.77,2,578014,577553,461
27169581,37,36,498,36070,0.83,1,2,580110,579612,498
27172501,28.2,36,488,36129,0.822,1,2,580136,579648,488
27175421,56.84,66.4,478,36187,0.8604,1,2,580200,579722,478
27350621,56,34,497,39537,0.83,1,2,582510,582013,497
27353541,39.2,28.4,505,39590,0.766,1,2,582545,582040,505
27356461,34.24,52.08,480,39643,0.6092,1,1,582578,582098,480
27359381,43.648,33.616,497,39696,0.54584,1,1,582624,582127,497
27362301,57.5296,69.9232,479,39749,0.341168,1,1,582685,582206,479
27365221,47.5059,41.9846,489,39802,0.156234,0.97,1,582730,582241,489
27368141,36.7012,33.1969,492,39855,0.0552467,1,1,582764,582272,492
27371061,31.3402,29.0394,494,39908,0.0510493,1,1,582794,582300,494
27373981,21.468,34.6079,477,39961,0.0822099,0.96,1,582813,582336,477
27376901,27.4936,30.1216,477,40014,0.072442,1,1,582842,582365,477
27379821,13.4987,17.2243,473,40067,0.0224884,1,1,582852,582379,473
27382741,22.6997,3.44486,498,40120,0.0124977,0.95,1,582877,582379,498
27385661,38.14,25.489,509,40173,0.0264995,0.91,1,582919,582410,509
27388581,47.628,40.2978,515,40226,0.0452999,0.83,1,582969,582454,515
27391501,35.1256,52.8596,491,40278,0.03306,0.75,1,583001,582510,491
27394421,28.6251,38.5719,483,40330,0.030612,0.57,1,583028,582545,483
27397341,36.925,34.1144,489,40382,0.0141224,0.53,1,583067,582578,489
27400261,45.785,43.6229,491,40434,0.106824,0.29,1,583115,582624,491
27403181,40.357,57.5246,469,40486,0.0453649,0.11,1,583154,582685,469
27406101,35.2714,47.5049,458,40538,0.065073,0.03,1,583188,582730,458
27409021,28.6543,36.701,451,40590,0.0370146,0.05,1,583215,582764,451
27411941,20.9309,31.3402,440,40642,0.0314029,0.09,1,583234,582794,440
27414861,27.3862,21.468,450,40694,0.0462806,0.07,1,583263,582813,450
27417781,13.4772,27.4936,431,40746,0.0812561,0.01,1,583273,582842,431
27420701,22.6954,13.4987,446,40798,0.0162512,0.01,1,583298,582852,446
27423621,38.9391,22.6997,464,40850,0.0112502,0.03,1,583341,582877,464
27426541,49.3878,38.14,474,40902,0.05825,0.05,1,583393,582919,474
27429461,34.6776,47.628,455,40954,0.09965,0.03,1,583424,582969,455
27432381,28.5355,35.1256,450,41006,0.10793,0.03,1,583451,583001,450
27435301,36.1071,28.6251,461,41057,0.077586,0.01,1,583489,583028,461
27438221,48.0214,36.925,473,41108,0.0875172,0.13,1,583540,583067,473
27441141,40.0043,45.785,463,41159,0.137503,0.03,1,583578,583115,463
27444061,33.6009,40.357,456,41210,0.147501,0.07,1,583610,583154,456
27446981,27.5202,35.2714,448,41261,0.1655,0.03,1,583636,583188,448
27449901,20.704,28.6543,440,41312,0.1211,0.03,1,583655,583215,440
27452821,30.5408,20.9309,454,41363,0.04822,0.05,1,583688,583234,454
27455741,12.5082,27.3862,433,41414,0.033644,0.09,1,583696,583263,433
27458661,21.7016,13.4772,447,41465,0.0307288,0,1,583720,583273,447
27461581,38.7403,22.6954,465,41516,0.0301458,0.01,1,583763,583298,465
27464501,9.34807,38.9391,424,41567,0.0300292,0.07,1,583765,583341,424
27467421,44.2696,49.3878,425,41618,0.0140058,0.11,1,583818,583393,425
27470341,36.0539,34.6776,428,41669,0.0748012,0.11,1,583852,583424,428
27473261,28.0108,28.5355,427,41720,0.0869602,0.07,1,583878,583451,427
27476181,34.4022,36.1071,425,41771,0.0893921,0.09,1,583914,583489,425
27479101,48.4804,48.0214,426,41822,0.0578784,0.15,1,583966,583540,426
27482021,42.4961,40.0043,429,41872,0.0835757,0.15,1,584007,583578,429
27484941,35.6992,33.6009,431,41922,0.0887151,0.17,1,584041,583610,431
27487861,25.5398,27.5202,428,41972,0.073743,0.11,1,584064,583636,428
27490781,17.908,20.704,425,42022,0.0867486,0.03,1,584080,583655,425
27493701,28.3816,30.5408,423,42072,0.0733497,0.03,1,584111,583688,423
27496621,12.0763,12.5082,423,42122,0.11867,0.03,1,584119,583696,423
27499541,21.6153,21.7016,423,42172,0.095734,0.03,1,584143,583720,423
27502461,39.5231,38.7403,424,42222,0.0431468,0.03,1,584187,583763,424
27505381,9.50461,9.34807,424,42272,0.00862936,0.01,1,584189,583765,424
27508301,43.5009,44.2696,423,42322,0.0257259,0.09,1,584241,583818,423
27511221,36.7002,36.0539,424,42372,0.0771452,0.09,1,584276,583852,424
27514141,28.14,28.0108,424,42422,0.103429,0.09,1,584302,583878,424
27517061,34.428,34.4022,424,42472,0.124686,0.05,1,584338,583914,424
27519981,48.4856,48.4804,424,42522,0.160937,0.09,1,584390,583966,424
27522901,42.4971,42.4961,424,42572,0.184187,0.09,1,584431,584007,424
27525821,34.0994,35.6992,422,42622,0.236837,0.07,1,584463,584041,422
27528741,26.8199,25.5398,424,42672,0.247368,0.09,1,584488,584064,424
27531661,18.164,17.908,424,42721,0.233473,0.07,1,584504,584080,424
27534581,30.0328,28.3816,426,42770,0.246695,0.13,1,584537,584111,426
27537501,12.4066,12.0763,426,42819,0.249339,0.09,1,584545,584119,426
27540421,18.4813,21.6153,422,42868,0.233868,0.03,1,584565,584143,422
27543341,38.8963,39.5231,422,42917,0.230774,0,1,584609,584187,422
27546261,9.37925,9.50461,422,42966,0.230155,0.03,1,584611,584189,422
27549181,43.4759,43.5009,422,43015,0.150031,0.03,1,584663,584241,422
27552101,38.2952,8.70018,459,43064,0.134006,0.09,1,584700,584241,459
27555021,30.059,29.74,452,43113,0.146801,0.11,1,584728,584276,452
27557941,35.6118,26.748,463,43162,0.16536,0.13,1,584765,584302,463
27560861,50.3224,34.1496,481,43211,0.185072,0.17,1,584819,584338,481
27563781,43.6645,48.4299,471,43260,0.189014,0.19,1,584861,584390,471
27566701,35.1329,42.486,463,43309,0.205803,0.25,1,584894,584431,463
27569621,27.0266,34.0972,456,43358,0.209161,0.25,1,584919,584463,456
27572541,19.0053,26.8194,448,43407,0.225832,0.23,1,584936,584488,448
27575461,29.4011,18.1639,464,43456,0.229166,0.25,1,584968,584504,464
27578381,12.2802,30.0328,439,43505,0.229833,0.25,1,584976,584537,439
27581301,19.256,12.4066,452,43553,0.213967,0.23,1,584997,584545,452
27584221,38.2512,18.4813,475,43601,0.226793,0.23,1,585040,584565,475
27587141,9.25024,38.8963,433,43649,0.229359,0.23,1,585042,584609,433
27590061,39.4501,9.37925,478,43697,0.277872,0.13,1,585089,584611,478
27592981,39.09,43.4759,465,43745,0.271574,0.13,1,585128,584663,465
27595901,30.218,38.2952,456,43793,0.302315,0.15,1,585156,584700,456
27598821,37.2436,30.059,467,43841,0.340463,0.17,1,585195,584728,467
27601741,50.6487,35.6118,484,43889,0.380093,0.19,1,585249,584765,484
27604661,43.7297,50.3224,472,43937,0.388019,0.19,1,585291,584819,472
27607581,35.9459,43.6645,464,43985,0.421604,0.21,1,585325,584861,464
27610501,27.1892,35.1329,456,44033,0.428321,0.21,1,585350,584894,456
27613421,19.8378,27.0266,449,44081,0.445664,0.23,1,585368,584919,449
27616341,29.5676,19.0053,464,44129,0.449133,0.23,1,585400,584936,464
27619261,12.3135,29.4011,440,44177,0.449827,0.23,1,585408,584968,440
27622181,18.4627,12.2802,452,44225,0.449965,0.21,1,585428,584976,452
27625101,38.8925,19.256,475,44273,0.497993,0.23,1,585472,584997,475
27628021,9.37851,38.2512,434,44321,0.507599,0.23,1,585474,585040,434
27630941,41.8757,9.25024,482,44369,0.55752,0.29,1,585524,585042,482
27633861,40.3751,39.4501,475,44417,0.583504,0.27,1,585564,585089,475
27636781,30.475,39.09,464,44464,0.588701,0.31,1,585592,585128,464
27639701,7.69501,30.218,438,44511,0.58974,0.35,1,585594,585156,438
27642621,33.539,37.2436,439,44558,0.653948,0.39,1,585634,585195,439
27645541,51.5078,50.6487,441,44605,0.61879,0.39,1,585690,585249,441
27648461,44.7016,43.7297,442,44652,0.627758,0.43,1,585733,585291,442
27651381,37.7403,35.9459,444,44699,0.629552,0.43,1,585769,585325,444
27654301,26.7481,27.1892,443,44746,0.62991,0.45,1,585793,585350,443
27657221,20.5496,19.8378,444,44793,0.613982,0.45,1,585812,585368,444
27660141,29.7099,29.5676,444,44840,0.594796,0.45,1,585844,585400,444
27663061,12.342,12.3135,444,44887,0.622959,0.45,1,585852,585408,444
27665981,18.4684,18.4627,444,44934,0.596592,0.51,1,585872,585428,444
27668901,41.2937,38.8925,447,44981,0.607318,0.51,1,585919,585472,447
27671821,9.85874,9.37851,447,45028,0.609464,0.57,1,585921,585474,447
27674741,44.3717,41.8757,450,45075,0.609893,0.59,1,585974,585524,450
27677661,41.6743,40.3751,451,45122,0.625979,0.59,1,586015,585564,451
27680581,31.5349,30.475,452,45169,0.613196,0.59,1,586044,585592,452
27683501,7.90697,7.69501,452,45216,0.626639,0.67,1,586046,585594,452
27686421,34.3814,33.539,453,45263,0.677328,0.61,1,586087,585634,453
27689341,50.8763,51.5078,452,45310,0.671466,0.63,1,586142,585690,452
27692261,43.7753,44.7016,451,45357,0.718293,0.63,1,586184,585733,451
27695181,37.5551,37.7403,451,45403,0.759659,0.63,2,586220,585769,451
27698101,26.711,26.7481,451,45449,0.751932,0.61,2,586244,585793,451
27701021,19.7422,20.5496,450,45495,0.782386,0.59,2,586262,585812,450
27703941,30.3484,29.7099,451,45541,0.788477,0.63,2,586295,585844,451
27706861,12.4697,12.342,451,45587,0.821696,0.59,2,586303,585852,451
27709781,18.4939,18.4684,451,45633,0.812339,0.61,2,586323,585872,451
27712701,40.4988,41.2937,450,45679,0.826468,0.61,2,586369,585919,450
27715621,9.69976,9.85874,450,45725,0.861294,0.61,2,586371,585921,450
27718541,45.94,44.3717,452,45771,0.884259,0.63,2,586426,585974,452
27721461,41.188,41.6743,451,45817,0.904852,0.61,2,586466,586015,451
27724381,31.4376,31.5349,451,45863,0.90897,0.63,2,586495,586044,451
27727301,7.88752,7.90697,451,45909,0.909794,0.63,2,586497,586046,451
27730221,35.9775,1.58139,494,45955,0.861959,0.69,2,586540,586046,494
27733141,51.9955,33.1163,509,46001,0.884392,0.67,2,586596,586087,509
27736061,44.7991,50.6233,497,46047,0.920878,0.73,2,586639,586142,497
27946301,33,63,457,22817,0.09,0.37,1,588886,588429,457
27949221,69.8,65.4,470,22910,0.106,0.15,1,588965,588495,470
27952141,77.16,86.68,457,23003,0.1252,0.11,1,589044,588587,457
27955061,37.032,56.536,435,23095,0.14504,0.07,1,589071,588636,435
27957981,70.6064,62.5072,450,23187,0.117008,0.07,1,589150,588700,450
27960901,25.3213,34.1014,437,23278,0.0794016,0.07,1,589164,588727,437
27963821,95.4643,27.6203,524,23369,0.15188,0.11,1,589277,588753,524
27966741,46.2929,85.5241,458,23460,0.182376,0.09,1,589311,588853,458
27969661,73.2586,43.5048,505,23550,0.236475,0.11,1,589391,588886,505
27972581,80.2517,71.901,508,23640,0.295295,0.13,1,589473,588965,508
27975501,36.8503,77.5802,455,23730,0.339059,0.15,1,589499,589044,455
27978421,67.3701,37.116,503,23819,0.379812,0.11,1,589574,589071,503
27981341,24.674,70.6232,438,23908,0.387962,0.07,1,589588,589150,438
27984261,6.5348,25.3246,426,23997,0.389592,0.17,1,589590,589164,426
27987181,94.907,95.4649,430,24085,0.357918,0.19,1,589707,589277,430
27990101,46.9814,46.293,431,24173,0.367584,0.25,1,589742,589311,431
27993021,75.7963,73.2586,434,24261,0.353517,0.31,1,589825,589391,434
27995941,83.1593,80.2517,437,24348,0.366703,0.35,1,589910,589473,437
27998861,39.0318,36.8503,439,24435,0.369341,0.39,1,589938,589499,439
28001781,69.4064,67.3701,441,24522,0.353868,0.39,1,590015,589574,441
28004701,25.0813,24.674,441,24608,0.382774,0.39,1,590029,589588,441
28007621,6.61625,6.5348,441,24694,0.356555,0.35,1,590031,589590,441
28010541,93.3233,94.907,439,24780,0.431311,0.37,1,590146,589707,439
28013461,45.8646,46.9814,438,24866,0.494262,0.35,1,590180,589742,438
28016381,74.7729,75.7963,437,24951,0.586852,0.37,1,590262,589825,437
28019301,83.7546,83.1593,438,25036,0.58937,0.37,1,590348,589910,438
28022221,39.1509,39.0318,438,25121,0.589874,0.35,1,590376,589938,438
28025141,70.2302,69.4064,439,25205,0.605975,0.39,1,590454,590015,439
28028061,25.246,25.0813,439,25289,0.657195,0.35,1,590468,590029,439
28030981,6.64921,6.61625,439,25373,0.635439,0.45,1,590470,590031,439
28033901,97.3298,93.3233,444,25457,0.759088,0.45,2,590590,590146,444
28036821,46.666,18.6646,478,25540,0.767818,0.51,2,590624,590146,478
28039741,78.9332,30.9329,531,25623,0.785564,0.61,2,590711,590180,531
28042661,83.7866,71.7866,534,25706,0.805113,0.59,2,590796,590262,534
28045581,39.1573,83.1573,476,25788,0.825023,0.59,2,590824,590348,476
28048501,73.4315,39.0315,530,25870,0.829005,0.61,2,590906,590376,530
28051421,25.8863,70.2063,466,25952,0.829801,0.67,2,590920,590454,466
28054341,6.77726,25.2413,454,26034,0.82996,0.63,2,590922,590468,454
28057261,102.155,6.64825,578,26115,0.877992,0.79,2,591048,590470,578
28060181,48.4311,97.3297,493,26196,0.871598,0.77,2,591083,590590,493
28171141,68,30,534,29109,0.65,1,1,593159,592625,534
28174061,40.8,53.2,509,29182,0.538,1,1,593193,592684,509
28176981,76.16,35.44,563,29255,0.3716,1,1,593278,592715,563
28179901,39.232,80.688,501,29327,0.25832,1,1,593308,592807,501
28182821,32.6464,37.7376,505,29399,0.203664,1,1,593339,592834,505
28185741,72.1293,28.3475,561,29471,0.0967328,1,1,593421,592860,561
28188661,39.2259,78.4695,501,29543,0.0593466,1,1,593452,592951,501
28191581,62.2452,39.6939,539,29615,0.0518693,0.89,1,593520,592981,539
28194501,38.849,70.3388,494,29686,0.0343739,0.87,1,593553,593059,494
28197421,51.7698,39.6678,517,29757,0.0308748,0.65,1,593608,593091,517
28200341,34.354,62.3336,479,29828,0.030175,0.51,1,593638,593159,479
28203261,8.47079,39.6667,447,29899,0.062035,0.33,1,593640,593193,447
28206181,61.6942,75.9333,437,29970,0.068407,0.23,1,593715,593278,437
28209101,33.1388,39.1867,433,30041,0.0536814,0.19,1,593741,593308,433
28212021,30.6278,32.6373,432,30111,0.0987363,0.07,1,593771,593339,432
28214941,66.1256,72.1275,425,30181,0.0597473,0.05,1,593846,593421,425
28217861,38.0251,39.2255,425,30251,0.0999495,0.05,1,593877,593452,425
28220781,62.005,62.2451,425,30321,0.0439899,0.03,1,593945,593520,425
28223701,38.001,38.849,424,30391,0.080798,0.03,1,593977,593553,424
28226621,50.8002,51.7698,423,30461,0.0401596,0.03,1,594031,593608,423
28229541,35.76,34.354,425,30530,0.0480319,0.07,1,594063,593638,425
28232461,8.75201,8.47079,425,30599,0.0176064,0.07,1,594065,593640,425
28235381,60.1504,61.6942,423,30668,0.171521,0.05,1,594138,593715,423
28238301,32.0301,33.1388,422,30737,0.154304,0.11,1,594163,593741,422
28241221,32.806,30.6278,425,30806,0.134861,0.05,1,594196,593771,425
28244141,64.1612,66.1256,422,30875,0.178972,0.11,1,594268,593846,422
28247061,40.8322,38.0251,426,30944,0.171794,0.03,1,594303,593877,426
28249981,60.1664,62.005,423,31012,0.170359,0.09,1,594368,593945,423
28252901,38.4333,38.001,424,31080,0.218072,0.03,1,594401,593977,424
28255821,49.2867,50.8002,422,31148,0.227614,0.05,1,594453,594031,422
28258741,35.4573,35.76,422,31216,0.213523,0.01,1,594485,594063,422
28261661,8.69147,8.75201,422,31284,0.210705,0.01,1,594487,594065,422
28264581,65.7383,1.7504,502,31352,0.306141,0.21,1,594567,594065,502
28267501,32.3477,58.7501,453,31419,0.325228,0.15,1,594591,594138,453
28270421,32.0695,31.75,460,31486,0.329046,0.13,1,594623,594163,460
28273341,64.8139,32.75,500,31553,0.377809,0.19,1,594696,594196,500
28276261,40.1628,64.15,462,31620,0.387562,0.17,1,594730,594268,462
28279181,63.2326,40.83,496,31687,0.405512,0.17,1,594799,594303,496
28282101,39.8465,60.166,465,31754,0.393102,0.23,1,594833,594368,465
28285021,47.9693,38.4332,482,31821,0.40662,0.23,1,594883,594401,482
28287941,34.3939,49.2866,461,31887,0.425324,0.21,1,594914,594453,461
28290861,8.47877,35.4573,431,31953,0.429065,0.21,1,594916,594485,431
28293781,72.0958,8.69147,517,32019,0.445813,0.33,1,595004,594487,517
28296701,33.6192,65.7383,461,32085,0.449163,0.33,1,595028,594567,461
28299621,32.3238,32.3477,469,32151,0.465833,0.33,1,595060,594591,469
28302541,67.2648,32.0695,513,32217,0.485167,0.39,1,595136,594623,513
28305461,40.653,64.8139,474,32283,0.505033,0.39,1,595170,594696,474
28308381,62.5306,40.1628,508,32349,0.525007,0.41,1,595238,594730,508
28311301,40.5061,63.2326,474,32414,0.545001,0.39,1,595273,594799,474
28314221,48.9012,39.8465,491,32479,0.581,0.41,1,595324,594833,491
28317141,35.3802,47.9693,473,32544,0.5882,0.43,1,595356,594883,473
28320061,8.67605,34.3939,444,32609,0.58964,0.43,1,595358,594914,444
28322981,72.9352,8.47877,531,32674,0.589928,0.45,1,595447,594916,531
28325901,33.787,72.0958,467,32739,0.589986,0.45,1,595471,595004,467
28328821,8.35741,33.6192,445,32804,0.605997,0.47,1,595473,595028,445
28331741,27.2715,32.3238,445,32868,0.657199,0.49,1,595505,595060,445
28334661,67.0543,67.2648,446,32932,0.65144,0.51,1,595582,595136,446
28337581,41.4109,40.653,447,32996,0.650288,0.53,1,595617,595170,447
28340501,63.4822,62.5306,448,33060,0.666058,0.55,1,595686,595238,448
28343421,42.2964,40.5061,450,33124,0.653212,0.59,1,595723,595273,450
28346341,50.0593,48.9012,451,33188,0.746642,0.59,1,595775,595324,451
28349261,35.6119,35.3802,451,33252,0.733328,0.59,1,595807,595356,451
28352181,8.72237,8.67605,451,33316,0.762666,0.59,2,595809,595358,451
28355101,72.9445,72.9352,451,33379,0.720533,0.59,1,595898,595447,451
28358021,34.5889,33.787,452,33442,0.696107,0.61,1,595923,595471,452
28360941,8.51778,8.35741,452,33505,0.691221,0.67,1,595925,595473,452
28363861,28.1036,27.2715,453,33568,0.754244,0.65,2,595958,595505,453
28366781,67.2207,67.0543,453,33631,0.814849,0.65,2,596035,595582,453
28369701,40.6441,41.4109,452,33694,0.82697,0.67,2,596069,595617,452
28372621,64.1288,63.4822,453,33757,0.845394,0.65,2,596139,595686,453
28375541,43.2258,42.2964,454,33820,0.849079,0.77,2,596177,595723,454
28378461,53.4452,50.0593,458,33883,0.897816,0.73,2,596233,595775,458
28381381,36.289,35.6119,458,33945,0.923563,0.77,2,596265,595807,458
28384301,8.85781,8.72237,458,34007,0.896713,0.71,2,596267,595809,458
28524461,30,31,488,36873,0.82,1,2,598298,597810,488
28527381,40.4,28.6,503,36930,0.716,1,1,598341,597838,503
28530301,37.68,22.52,519,36987,0.5832,1,1,598378,597859,519
28533221,36.336,51.704,496,37044,0.52464,1,1,598414,597918,496
28536141,38.4672,39.1408,499,37101,0.464928,1,1,598453,597954,499
28539061,37.2934,33.4282,504,37158,0.436986,1,1,598490,597986,504
28541981,34.6587,6.68563,538,37215,0.415397,1,1,598524,597986,538
28544901,46.1317,42.1371,536,37272,0.315079,0.9,1,598573,598037,536
28547821,36.4263,51.6274,516,37329,0.215016,1,1,598607,598091,516
28550741,38.4853,51.9255,503,37386,0.275003,0.99,1,598646,598143,503
28553661,49.2971,33.5851,526,37443,0.239001,0.97,1,598698,598172,526
28556581,37.0594,53.117,502,37499,0.2318,0.85,1,598732,598230,502
28559501,23.4119,41.0234,484,37555,0.26236,0.82,1,598752,598268,484
28562421,35.8824,32.2047,493,37611,0.204472,0.69,1,598791,598298,493
28565341,32.7765,40.8409,482,37667,0.240894,0.55,1,598823,598341,482
28568261,36.1553,37.7682,482,37723,0.232179,0.51,1,598860,598378,482
28571181,33.6311,36.3536,479,37779,0.262436,0.45,1,598893,598414,479
28574101,36.3262,38.4707,477,37835,0.268487,0.43,1,598930,598453,477
28577021,34.4652,37.2941,474,37891,0.269697,0.41,1,598964,598490,474
28579941,42.093,34.6588,484,37947,0.269939,0.29,1,599008,598524,484
28582861,32.4186,46.1318,465,38003,0.333988,0.19,1,599038,598573,465
28585781,40.0837,36.4264,473,38059,0.314798,0.29,1,599080,598607,473
28588701,46.4167,38.4853,482,38115,0.27896,0.23,1,599128,598646,482
28591621,38.0833,49.2971,466,38170,0.271792,0.23,1,599164,598698,466
28594541,24.4167,37.0594,453,38225,0.318358,0.27,1,599185,598732,453
28597461,34.4833,23.4119,470,38280,0.327672,0.19,1,599222,598752,470
28600381,33.2967,35.8824,464,38335,0.329534,0.25,1,599255,598791,464
28603301,36.2593,32.7765,469,38390,0.377907,0.23,1,599292,598823,469
28606221,36.8519,36.1553,469,38445,0.435581,0.27,1,599329,598860,469
28609141,33.7704,33.6311,469,38500,0.431116,0.27,1,599362,598893,469
28612061,36.3541,36.3262,469,38555,0.446223,0.27,1,599399,598930,469
28614981,41.6708,34.4652,478,38610,0.433245,0.27,1,599442,598964,478
28617901,9.93416,42.093,436,38665,0.430649,0.35,1,599444,599008,436
28620821,26.7868,32.4186,437,38720,0.47813,0.31,1,599475,599038,437
28623741,37.3574,40.0837,435,38775,0.487626,0.27,1,599515,599080,435
28626661,45.8715,46.4167,435,38829,0.473525,0.27,1,599563,599128,435
28629581,37.9743,38.0833,435,38883,0.470705,0.33,1,599599,599164,435
28632501,27.5949,24.4167,439,38937,0.518141,0.33,1,599624,599185,439
28635421,34.319,34.4833,438,38991,0.559628,0.33,1,599660,599222,438
28638341,35.6638,33.2967,441,39045,0.583926,0.39,1,599696,599255,441
28641261,36.7328,36.2593,441,39099,0.620785,0.45,1,599733,599292,441
28644181,39.3466,36.8519,444,39153,0.564157,0.43,1,599773,599329,444
28647101,33.4693,33.7704,443,39207,0.568831,0.45,1,599805,599362,443
28650021,35.4939,36.3541,442,39261,0.617766,0.43,1,599841,599399,442
28652941,42.2988,41.6708,443,39315,0.675553,0.43,1,599885,599442,443
28655861,10.0598,9.93416,443,39369,0.703111,0.49,1,599887,599444,443
28658781,27.612,26.7868,444,39423,0.708622,0.49,1,599919,599475,444
28661701,37.5224,37.3574,444,39477,0.709724,0.47,1,599959,599515,444
28664621,46.7045,45.8715,445,39530,0.741945,0.47,1,600008,599563,445
28667541,38.1409,37.9743,445,39583,0.780389,0.53,2,600044,599599,445
28670461,30.0282,27.5949,448,39636,0.724078,0.57,1,600072,599624,448
28673381,35.6056,34.319,449,39689,0.744816,0.59,1,600109,599660,449
28676301,38.3211,35.6638,452,39742,0.748963,0.63,1,600148,599696,452
28679221,36.4642,36.7328,451,39795,0.765793,0.55,2,600184,599733,451
28682141,37.6928,39.3466,449,39848,0.801159,0.57,2,600222,599773,449
28685061,33.9386,33.4693,450,39901,0.792232,0.63,2,600255,599805,450
28687981,36.3877,35.4939,451,39954,0.822446,0.69,2,600292,599841,451
28690901,45.6775,42.2988,455,40007,0.876489,0.71,2,600340,599885,455
28693821,10.7355,10.0598,455,40060,0.887298,0.71,2,600342,599887,455
28696741,28.5471,2.01195,488,40113,0.90546,0.71,2,600375,599887,488
28699661,37.7094,26.0024,496,40166,0.925092,0.71,2,600415,599919,496
28702581,48.3419,37.2005,507,40219,0.929018,0.75,2,600466,599959,507
28705501,38.4684,46.6401,494,40271,0.929804,0.79,2,600502,600008,494
28708421,28.4937,38.128,484,40323,0.929961,0.71,2,600528,600044,484
28711341,35.2987,30.0256,493,40375,0.913992,0.75,2,600565,600072,493
28714261,40.6597,35.6051,498,40427,0.894798,0.75,2,600607,600109,498
28717181,36.932,38.321,495,40479,0.92296,0.77,2,600643,600148,495
28720101,37.7864,36.4642,497,40531,0.928592,0.81,2,600681,600184,497
28869021,35,40,517,43106,0.75,1,2,602450,601933,517
28871941,31,32,517,43155,0.702,1,1,602480,601963,517
28874861,35.8,34.4,519,43204,0.5004,1,1,602517,601998,519
28877781,35.96,33.28,522,43253,0.34808,1,1,602553,602031,522
28880701,35.992,43.456,512,43302,0.221616,1,1,602589,602077,512
28883621,36.7984,39.0912,511,43351,0.116323,1,1,602626,602115,511
28886541,33.7597,36.6182,508,43400,0.0232646,1,1,602659,602151,508
28889461,56.3519,32.9236,538,43449,0.0286529,1,1,602721,602183,538
28892381,48.0704,57.7847,520,43498,0.0457306,0.99,1,602767,602247,520
28895301,24.8141,40.3569,503,43547,0.0331461,1,1,602786,602283,503
28898221,20.9628,28.0714,498,43595,0.0306292,1,1,602806,602308,498
28901141,27.3926,28.0143,499,43643,0.0621258,1,1,602835,602336,499
28904061,15.8785,30.4029,481,43691,0.0364252,0.9,1,602848,602367,481
28906981,24.7757,18.8806,492,43739,0.095285,0.8,1,602875,602383,492
28909901,27.3551,29.3761,488,43787,0.107057,0.75,1,602903,602415,488
28912821,25.471,33.8752,478,43835,0.141411,0.69,1,602928,602450,478
28915741,28.2942,30.775,477,43883,0.132282,0.45,1,602957,602480,477
28918661,30.4588,35.755,471,43931,0.130456,0.31,1,602988,602517,471
28921581,28.4918,35.951,463,43979,0.162091,0.19,1,603016,602553,463
28924501,31.2984,35.9902,459,44027,0.152418,0.09,1,603048,602589,459
28927421,32.6597,36.798,455,44075,0.0704837,0,1,603081,602626,455
28930341,56.9319,33.7596,485,44123,0.118097,0.03,1,603144,602659,485
28933261,51.3864,56.3519,473,44171,0.127619,0.05,1,603194,602721,473
28936181,23.8773,48.0704,444,44219,0.145524,0.03,1,603211,602767,444
28939101,17.5755,24.8141,441,44267,0.117105,0.03,1,603227,602786,441
28942021,27.5151,20.9628,451,44315,0.111421,0.07,1,603257,602806,451
28944941,15.903,27.3926,435,44363,0.0942842,0.03,1,603270,602835,435
28947861,27.9806,15.8785,453,44411,0.0908568,0.11,1,603301,602848,453
28950781,27.9961,24.7757,454,44458,0.0901714,0.11,1,603329,602875,454
28953701,7.19922,27.3551,428,44505,0.0900343,0.15,1,603331,602903,428
28956621,21.4398,25.471,428,44552,0.122007,0.13,1,603356,602928,428
28959541,25.888,28.2942,426,44599,0.160401,0.13,1,603383,602957,426
28962461,33.1776,30.4588,430,44646,0.15208,0.17,1,603418,602988,430
28965381,26.6355,28.4918,427,44693,0.134416,0.15,1,603443,603016,427
28968301,32.5271,31.2984,429,44740,0.162883,0.05,1,603477,603048,429
28971221,28.1054,32.6597,423,44787,0.152577,0.13,1,603504,603081,423
28974141,55.2211,56.9319,422,44834,0.0865153,0.13,1,603566,603144,422
28977061,55.8442,51.3864,428,44881,0.0413031,0.15,1,603622,603194,428
28979981,23.9688,23.8773,427,44928,0.0482606,0.11,1,603638,603211,427
28982901,17.5938,17.5755,427,44975,0.0656521,0.11,1,603654,603227,427
28985821,27.5188,27.5151,427,45022,0.11713,0.09,1,603684,603257,427
28988741,13.5038,15.903,424,45069,0.0954261,0.09,1,603694,603270,424
28991661,29.1007,27.9806,426,45116,0.107085,0.09,1,603727,603301,426
28994581,29.0202,27.9961,427,45163,0.125417,0.09,1,603756,603329,427
28997501,7.40403,7.19922,427,45210,0.129083,0.13,1,603758,603331,427
29000421,22.2808,21.4398,428,45257,0.161817,0.17,1,603784,603356,428
29003341,26.0562,25.888,428,45304,0.168363,0.15,1,603811,603383,428
29006261,32.4112,33.1776,427,45351,0.201673,0.13,1,603845,603418,427
29009181,27.2822,26.6355,428,45398,0.176335,0.17,1,603871,603443,428
29012101,32.6564,32.5271,428,45444,0.203267,0.15,1,603905,603477,428
29015021,28.9313,28.1054,429,45490,0.224653,0.07,1,603933,603504,429
29017941,50.5863,55.2211,423,45536,0.164931,0.03,1,603989,603566,423
29020861,55.7173,55.8442,424,45582,0.168986,0.05,1,604046,603622,424
29023781,23.9435,23.9688,424,45628,0.169797,0.07,1,604062,603638,424
29026701,19.1887,17.5938,426,45674,0.169959,0.13,1,604080,603654,426
29029621,27.8377,27.5188,426,45720,0.201992,0.09,1,604110,603684,426
29032541,13.5675,13.5038,426,45766,0.176398,0.11,1,604120,603694,426
29035461,28.3135,29.1007,425,45812,0.18728,0.13,1,604152,603727,425
29038381,31.2627,29.0202,428,45858,0.189456,0.13,1,604184,603756,428
29041301,7.85254,7.40403,428,45904,0.189891,0.17,1,604186,603758,428
29044221,22.3705,22.2808,428,45950,0.205978,0.17,1,604212,603784,428
29047141,26.8741,4.45616,456,45996,0.225196,0.17,1,604240,603784,456
29050061,32.5748,22.4912,463,46042,0.229039,0.21,1,604274,603811,463
29052981,27.315,31.6982,455,46088,0.245808,0.17,1,604300,603845,455
29055901,32.663,27.1397,463,46134,0.249162,0.21,1,604334,603871,463
29058821,29.7326,32.6279,458,46180,0.233832,0.23,1,604363,603905,458
29061741,49.1465,28.9256,484,46226,0.230766,0.15,1,604417,603933,484
29064661,56.2293,50.5851,486,46272,0.294153,0.17,1,604475,603989,486
29067581,24.0459,55.717,445,46318,0.306831,0.17,1,604491,604046,445
29070501,18.4092,23.9434,446,46364,0.325366,0.17,1,604508,604062,446
29073421,28.4818,19.1887,459,46409,0.377073,0.21,1,604539,604080,459
29076341,13.6964,27.8377,439,46454,0.387415,0.17,1,604549,604110,439
29079261,29.1393,13.5675,462,46499,0.405483,0.19,1,604582,604120,462
29082181,31.4279,28.3135,462,46544,0.409097,0.19,1,604614,604152,462
29085101,7.88557,31.2627,432,46589,0.409819,0.19,1,604616,604184,432
29088021,23.9771,7.85254,458,46634,0.409964,0.21,1,604644,604186,458
29090941,27.1954,22.3705,460,46679,0.441993,0.23,1,604672,604212,460
29093861,33.4391,26.8741,467,46724,0.448399,0.23,1,604707,604240,467
29096781,27.4878,32.5748,459,46769,0.48168,0.25,1,604733,604274,459
29099701,32.6976,27.315,467,46814,0.488336,0.25,1,604767,604300,467
29102621,28.9395,32.663,461,46859,0.489667,0.23,1,604795,604334,461
29105541,48.9879,29.7326,486,46904,0.489933,0.23,1,604849,604363,486
29108461,59.3976,49.1465,494,46949,0.505987,0.31,1,604911,604417,494
29111381,24.6795,56.2293,452,46994,0.525197,0.31,1,604927,604475,452
29114301,17.7359,24.0459,452,47039,0.529039,0.33,1,604943,604491,452
29117221,32.3472,18.4092,471,47084,0.529808,0.39,1,604979,604508,471
29120141,14.4694,28.4818,450,47129,0.529962,0.39,1,604989,604539,450
29123061,30.0939,13.6964,474,47174,0.561992,0.41,1,605023,604549,474
29125981,31.6188,29.1393,473,47219,0.568398,0.41,1,605055,604582,473
29128901,7.92376,31.4279,443,47264,0.56968,0.41,1,605057,604614,443
29131821,24.7848,7.88557,470,47309,0.569936,0.41,1,605086,604616,470
29134741,28.157,23.9771,471,47354,0.617987,0.45,1,605115,604644,471
29137661,7.23139,27.1954,445,47399,0.627597,0.45,1,605117,604672,445
29140581,29.4463,33.4391,445,47443,0.661519,0.49,1,605152,604707,445
29143501,27.4893,27.4878,446,47487,0.684304,0.49,1,605179,604733,446
29146421,32.6979,32.6976,446,47531,0.736861,0.49,1,605213,604767,446
29149341,28.9396,28.9395,446,47575,0.715372,0.49,1,605241,604795,446
29152261,48.9879,48.9879,446,47619,0.743074,0.51,1,605295,604849,446
29155181,60.9976,59.3976,448,47663,0.732615,0.53,1,605359,604911,448
29158101,24.9995,24.6795,448,47707,0.730523,0.53,1,605375,604927,448
29161021,17.7999,17.7359,448,47751,0.730105,0.53,1,605391,604943,448
29163941,32.36,32.3472,448,47795,0.762021,0.53,2,605427,604979,448
29166861,15.272,14.4694,449,47839,0.800404,0.57,2,605438,604989,449
29169781,31.0544,30.0939,450,47883,0.808081,0.57,2,605473,605023,450
29172701,31.8109,31.6188,450,47927,0.809616,0.57,2,605505,605055,450
29175621,7.96218,7.92376,450,47971,0.809923,0.57,2,605507,605057,450
29178541,24.7924,24.7848,450,48015,0.825985,0.63,2,605536,605086,450
29181461,31.3585,28.157,454,48059,0.813197,0.63,2,605569,605115,454
29184381,7.8717,7.23139,454,48103,0.810639,0.67,2,605571,605117,454
29187301,30.3743,29.4463,455,48147,0.842128,0.69,2,605607,605152,455
29190221,28.4749,27.4893,456,48191,0.848426,0.75,2,605635,605179,456
29193141,33.695,32.6979,457,48235,0.929685,0.71,2,605670,605213,457
29196061,29.139,28.9396,457,48279,0.945937,0.75,2,605698,605241,457
29198981,49.0278,48.9879,457,48323,0.917187,0.73,2,605752,605295,457
29201901,61.8056,60.9976,458,48367,0.927438,0.73,2,605817,605359,458
29204821,25.1611,24.9995,458,48411,0.897488,0.73,2,605833,605375,458
29207741,18.6322,17.7999,459,48455,0.923498,0.77,2,605850,605391,459
29210661,34.1264,32.36,461,48498,0.928699,0.81,2,605888,605427,461
29213581,14.8253,15.272,460,48541,0.92974,0.81,2,605898,605438,460
29394621,55,61,485,51160,0.79,1,2,607719,607234,485
29397541,31.8,29.8,489,51201,0.71,1,1,607745,607256,489
29400461,27.96,20.36,498,51242,0.614,1,1,607772,607274,498
29403381,19.992,30.472,483,51283,0.5628,1,1,607790,607307,483
29406301,29.5984,24.4944,492,51324,0.42456,1,1,607822,607330,492
29409221,22.7197,26.4989,486,51365,0.476912,1,1,607843,607357,486
29412141,27.7439,29.2998,485,51406,0.375382,0.95,1,607872,607387,485
29415061,27.9488,25.06,489,51447,0.291076,1,1,607900,607411,489
29417981,24.7898,27.412,485,51488,0.290215,1,1,607924,607439,485
29420901,21.758,24.6824,482,51529,0.258043,0.92,1,607945,607463,482
29423821,26.7516,30.5365,478,51570,0.123609,1,1,607973,607495,478
29426741,12.5503,15.7073,475,51611,0.0247217,1,1,607982,607507,475
29429661,31.3101,28.7415,479,51652,0.0609443,0.91,1,608018,607539,479
29432581,26.262,32.1483,471,51693,0.0361889,0.9,1,608043,607572,471
29435501,30.0524,32.0297,470,51734,0.00723777,0.89,1,608074,607604,470
29438421,27.6105,32.0059,465,51775,0.0254476,0.89,1,608101,607636,465
29441341,27.1221,6.40119,492,51816,0.0450895,0.93,1,608128,607636,492
29444261,47.0244,23.6802,516,51857,0.0490179,0.79,1,608180,607664,516
29447181,23.0049,48.736,478,51898,0.0818036,0.69,1,608197,607719,478
29450101,23.001,30.5472,475,51939,0.0403607,0.59,1,608220,607745,475
29453021,17.4002,27.7094,464,51980,0.0480721,0.55,1,608236,607772,464
29455941,27.48,19.9419,476,52021,0.0656144,0.39,1,608266,607790,476
29458861,19.096,29.5884,461,52061,0.0211229,0.49,1,608283,607822,461
29461781,24.6192,22.7177,466,52101,0.0602246,0.35,1,608309,607843,466
29464701,27.3238,27.7435,465,52141,0.0520449,0.27,1,608337,607872,465
29467621,17.4648,27.9487,452,52181,0.050409,0.29,1,608352,607900,452
29470541,17.893,24.7897,446,52221,0.0660818,0.25,1,608370,607924,446
29473461,22.7786,21.7579,449,52261,0.0692164,0.09,1,608394,607945,449
29476381,11.7557,26.7516,430,52301,0.0538433,0,1,608403,607973,430
29479301,31.9511,12.5503,458,52341,0.0347687,0.07,1,608440,607982,458
29482221,25.5902,31.3101,446,52381,0.0789537,0.03,1,608464,608018,446
29485141,29.918,26.262,452,52421,0.0237907,0,1,608495,608043,452
29488061,28.3836,30.0524,449,52461,0.0447581,0.03,1,608523,608074,449
29490981,26.4767,27.6105,448,52501,0.0489516,0.05,1,608549,608101,448
29493901,49.2953,27.1221,476,52541,0.0337903,0.05,1,608604,608128,476
29496821,22.6591,47.0244,440,52581,0.0307581,0.09,1,608620,608180,440
29499741,21.3318,23.0049,444,52621,0.0781516,0.03,1,608641,608197,444
29502661,17.0664,23.001,437,52661,0.0716303,0.05,1,608657,608220,437
29505581,28.2133,17.4002,452,52701,0.0383261,0.07,1,608688,608236,452
29508501,18.4427,27.48,438,52741,0.0316652,0.01,1,608704,608266,438
29511421,26.0885,19.096,449,52781,0.078333,0.07,1,608732,608283,449
29514341,28.4177,24.6192,452,52821,0.0396666,0.05,1,608761,608309,452
29517261,15.2835,27.3238,436,52861,0.0639333,0.05,1,608773,608337,436
29520181,19.8567,17.4648,442,52901,0.0847867,0.07,1,608794,608352,442
29523101,21.5713,17.893,446,52941,0.120957,0.07,1,608816,608370,446
29526021,11.5143,22.7786,431,52981,0.112191,0.05,1,608825,608394,431
29528941,31.9029,11.7557,459,53021,0.0464383,0.03,1,608862,608403,459
29531861,28.7806,31.9511,450,53061,0.0332877,0.09,1,608890,608440,450
29534781,27.3561,25.5902,453,53101,0.0626575,0.01,1,608917,608464,453
29537701,28.6712,29.918,451,53141,0.0525315,0.05,1,608946,608495,451
29540621,26.5342,28.3836,449,53181,0.0505063,0.05,1,608972,608523,449
29543541,47.7069,26.4767,476,53221,0.0821013,0.03,1,609025,608549,476
29546461,11.1414,49.2953,423,53261,0.0884203,0.03,1,609027,608604,423
29549381,18.2283,22.6591,427,53301,0.121684,0.09,1,609047,608620,427
29552301,20.4457,21.3318,427,53340,0.144337,0.07,1,609068,608641,427
29555221,15.2891,17.0664,425,53379,0.116867,0.03,1,609082,608657,425
29558141,26.2578,28.2133,423,53418,0.111373,0.03,1,609111,608688,423
29561061,18.0516,18.4427,423,53457,0.110275,0.09,1,609127,608704,423
29563981,26.8103,26.0885,424,53496,0.158055,0.03,1,609156,608732,424
29566901,29.3621,28.4177,425,53535,0.151611,0.07,1,609186,608761,425
29569821,15.4724,15.2835,425,53574,0.198322,0.09,1,609198,608773,425
29572741,21.4945,19.8567,427,53613,0.191664,0.13,1,609221,608794,427
29575661,22.6989,21.5713,428,53652,0.174333,0.11,1,609244,608816,428
29578581,10.9398,11.5143,427,53691,0.170867,0.03,1,609252,608825,427
29581501,28.588,31.9029,423,53730,0.170173,0.03,1,609285,608862,423
29584421,28.9176,28.7806,424,53769,0.122035,0.07,1,609314,608890,424
29587341,25.7835,27.3561,422,53808,0.144407,0.05,1,609339,608917,422
29590261,29.9567,28.6712,424,53847,0.100881,0.05,1,609370,608946,424
29593181,26.7913,26.5342,424,53886,0.0921763,0.09,1,609396,608972,424
29596101,49.3583,47.7069,426,53925,0.0744353,0.09,1,609451,609025,426
29599021,11.4717,11.1414,426,53964,0.0708871,0.13,1,609453,609027,426
29601941,19.8943,18.2283,428,54003,0.0381774,0.15,1,609475,609047,428
29604861,19.9789,20.4457,427,54042,0.0956355,0.11,1,609495,609068,427
29607781,15.1958,15.2891,427,54081,0.123127,0.11,1,609509,609082,427
29610701,26.2392,26.2578,427,54120,0.112625,0.11,1,609538,609111,427
29613621,18.0478,18.0516,427,54159,0.110525,0.17,1,609554,609127,427
29616541,27.6096,26.8103,428,54198,0.126105,0.15,1,609584,609156,428
29619461,31.1219,29.3621,430,54237,0.161221,0.21,1,609616,609186,430
29622381,15.8244,15.4724,430,54276,0.136244,0.19,1,609628,609198,430
29625301,22.3649,21.4945,431,54315,0.131249,0.17,1,609652,609221,431
29628221,22.873,22.6989,431,54354,0.16225,0.17,1,609675,609244,431
29631141,10.9746,10.9398,431,54393,0.16845,0.17,1,609683,609252,431
29634061,26.1949,28.588,428,54432,0.18569,0.11,1,609713,609285,428
29636981,27.639,28.9176,427,54471,0.189138,0.15,1,609741,609314,427
29639901,27.1278,25.7835,429,54510,0.189828,0.09,1,609768,609339,429
29642821,26.2256,29.9567,424,54549,0.189966,0.09,1,609794,609370,424
29645741,26.0451,26.7913,424,54588,0.221993,0.07,1,609820,609396,424
29648661,48.409,49.3583,423,54627,0.260399,0.07,1,609874,609451,423
29651581,11.2818,11.4717,423,54666,0.26808,0.03,1,609876,609453,423
29654501,19.8564,19.8943,423,54704,0.237616,0.03,1,609898,609475,423
29657421,21.5713,3.97887,445,54742,0.231523,0.11,1,609920,609475,445
29660341,15.5143,16.7958,439,54780,0.198305,0.13,1,609934,609495,439
29663261,27.1029,14.5592,455,54818,0.191661,0.11,1,609964,609509,455
29666181,18.2206,26.1118,442,54856,0.206332,0.11,1,609980,609538,442
29669101,28.4441,18.0224,457,54894,0.241266,0.13,1,610011,609554,457
29672021,31.2888,27.6045,459,54932,0.264253,0.17,1,610043,609584,459
29674941,15.8578,31.1209,439,54970,0.268851,0.13,1,610055,609616,439
29677861,23.1716,15.8242,452,55008,0.25377,0.13,1,610080,609628,452
29680781,22.2343,22.3648,450,55046,0.266754,0.17,1,610102,609652,450
29683701,10.8469,22.873,435,55084,0.269351,0.17,1,610110,609675,435
29686621,26.9694,10.9746,458,55122,0.30187,0.19,1,610141,609683,458
29689541,27.7939,26.1949,456,55160,0.324374,0.19,1,610169,609713,456
29692461,28.7588,27.639,457,55198,0.360875,0.19,1,610198,609741,457
29695381,26.5518,27.1278,456,55236,0.384175,0.19,1,610224,609768,456
29698301,26.1104,26.2256,456,55274,0.404835,0.23,1,610250,609794,456
29701221,50.0221,26.0451,486,55312,0.440967,0.27,1,610306,609820,486
29704141,11.6044,48.409,434,55350,0.448193,0.27,1,610308,609874,434
29707061,19.9209,11.2818,454,55388,0.449639,0.23,1,610330,609876,454
29709981,19.9842,19.8564,452,55426,0.449928,0.23,1,610350,609898,452
29712901,15.1968,21.5713,444,55464,0.449986,0.19,1,610364,609920,444
29715821,27.8394,15.5143,461,55502,0.481997,0.19,1,610395,609934,461
29718741,18.3679,27.1029,447,55540,0.488399,0.21,1,610411,609964,447
29721661,30.0736,18.2206,464,55578,0.52168,0.25,1,610444,609980,464
29724581,32.4147,28.4441,466,55616,0.528336,0.27,1,610477,610011,466
29727501,16.0829,31.2888,446,55654,0.529667,0.27,1,610489,610043,446
29730421,23.2166,15.8578,459,55692,0.561933,0.25,1,610514,610055,459
29733341,22.2433,23.1716,456,55730,0.536387,0.27,1,610536,610080,456
29736261,11.6487,22.2343,443,55768,0.547277,0.27,1,610545,610102,443
29739181,27.9297,10.8469,467,55806,0.549455,0.31,1,610577,610110,467
29742101,28.7859,26.9694,465,55844,0.549891,0.33,1,610606,610141,465
29745021,30.5572,27.7939,468,55882,0.565978,0.37,1,610637,610169,468
29747941,28.5114,28.7588,467,55920,0.585196,0.39,1,610665,610198,467
29750861,26.5023,26.5518,467,55958,0.589039,0.41,1,610691,610224,467
29753781,51.7005,26.1104,499,55996,0.605808,0.45,1,610749,610250,499
29756701,11.9401,50.0221,445,56034,0.609162,0.45,1,610751,610306,445
29759621,19.988,11.6044,465,56072,0.625832,0.45,1,610773,610308,465
29762541,19.9976,19.9209,463,56110,0.645166,0.45,1,610793,610330,463
29765461,15.1995,19.9842,457,56147,0.649033,0.45,1,610807,610350,457
29768381,4.6399,15.1968,445,56184,0.649807,0.49,1,610809,610364,445
29771301,26.528,27.8394,446,56221,0.649961,0.49,1,610841,610395,446
29774221,18.9056,18.3679,447,56258,0.665992,0.53,1,610858,610411,447
29777141,31.7811,30.0736,449,56295,0.733198,0.53,1,610893,610444,449
29780061,31.9562,32.4147,448,56332,0.74664,0.53,1,610925,610477,448
29782981,15.9912,16.0829,448,56369,0.781328,0.57,2,610937,610489,448
29785901,23.1982,23.2166,448,56406,0.772266,0.53,2,610962,610514,448
29788821,22.2396,22.2433,448,56443,0.770453,0.55,2,610984,610536,448
29791741,12.4479,11.6487,449,56480,0.770091,0.55,2,610994,610545,449
29794661,28.0896,27.9297,449,56517,0.802018,0.55,2,611026,610577,449
29797581,28.8179,28.7859,449,56554,0.808404,0.57,2,611055,610606,449
29800501,31.3636,30.5572,450,56591,0.825681,0.59,2,611087,610637,450
29803421,29.4727,28.5114,451,56628,0.829136,0.59,2,611116,610665,451
29806341,27.4945,26.5023,452,56665,0.845827,0.61,2,611143,610691,452
29809261,51.8989,51.7005,452,56702,0.865165,0.61,2,611201,610749,452
29812181,11.9798,11.9401,452,56739,0.901033,0.63,2,611203,610751,452
29815101,20.796,19.988,453,56776,0.860207,0.65,2,611226,610773,453
29818021,20.9592,19.9976,454,56813,0.916041,0.65,2,611247,610793,454
29820941,15.3918,15.1995,454,56850,0.927208,0.65,2,611261,610807,454
29823861,4.67837,4.6399,454,56887,0.897442,0.65,2,611263,610809,454
29826781,26.5357,26.528,454,56924,0.923488,0.67,2,611295,610841,454
29829701,19.7071,18.9056,455,56961,0.912698,0.75,2,611313,610858,455
29832621,35.1414,31.7811,459,56998,0.86254,0.75,2,611352,610893,459
29835541,32.6283,31.9562,459,57035,0.884508,0.79,2,611384,610925,459
29838461,16.1257,15.9912,459,57072,0.856902,0.77,2,611396,610937,459
29841381,23.2251,23.1982,459,57109,0.88338,0.77,2,611421,610962,459
30086661,72,81,455,27740,0.35,0.65,1,613809,613354,455
30089581,60.8,28.2,498,27816,0.318,0.55,1,613867,613369,498
30092501,46.56,59.24,474,27892,0.3276,0.51,1,613910,613436,474
30095421,74.112,62.248,492,27968,0.37752,0.41,1,613991,613499,492
30098341,66.0224,88.4496,461,28044,0.387504,0.35,1,614055,613594,461
30101261,43.6045,52.0899,456,28120,0.437501,0.27,1,614093,613637,456
30104181,72.7209,48.018,489,28195,0.4795,0.31,1,614173,613684,489
30107101,24.9442,52.0036,449,28270,0.5039,0.35,1,614186,613737,449
30110021,24.1888,27.2007,452,28345,0.50878,0.39,1,614210,613758,452
30112941,22.4378,27.0401,447,28420,0.541756,0.35,1,614232,613785,447
30115861,61.2876,24.608,494,28495,0.532351,0.31,1,614303,613809,494
30118781,47.4575,51.3216,480,28569,0.54647,0.33,1,614347,613867,480
30121701,76.6915,44.6643,521,28643,0.581294,0.39,1,614431,613910,521
30124621,66.5383,73.7329,504,28717,0.604259,0.39,1,614495,613991,504
30127541,44.5077,65.9466,479,28791,0.640852,0.45,1,614534,614055,479
30130461,77.7015,43.5893,527,28865,0.68017,0.49,1,614620,614093,527
30133381,25.1403,72.7179,459,28938,0.688034,0.51,1,614632,614173,459
30136301,24.2281,24.9436,470,29011,0.705607,0.51,1,614656,614186,470
30139221,22.4456,24.1887,468,29084,0.709121,0.55,1,614678,614210,468
30142141,62.8891,22.4377,519,29157,0.725824,0.53,1,614751,614232,519
30145061,47.7778,61.2875,492,29230,0.761165,0.55,2,614795,614303,492
30147981,78.3556,47.4575,534,29302,0.832233,0.59,2,614881,614347,534
30150901,68.4711,76.6915,516,29374,0.862447,0.61,2,614947,614431,516
30153821,45.6942,66.5383,492,29446,0.868489,0.65,2,614987,614495,492
30156741,79.5388,44.5077,541,29518,0.869698,0.69,2,615075,614534,541
30159661,26.3078,77.7015,468,29590,0.90194,0.69,2,615088,614620,468
30162581,24.4616,25.1403,480,29662,0.908388,0.71,2,615112,614632,480
30165501,22.4923,24.2281,478,29733,0.909678,0.71,2,615134,614656,478
30299821,34,69,488,32849,0.69,1,1,617314,616826,488
30302741,44.4,45.8,495,32913,0.578,1,1,617361,616866,495
30305661,54.48,71.56,474,32977,0.5396,1,1,617418,616944,474
30308581,61.296,46.312,497,33041,0.41992,1,1,617481,616984,497
30311501,38.6592,41.2624,490,33105,0.363984,1,1,617514,617024,490
30314421,29.3318,29.0525,491,33169,0.320797,1,1,617541,617050,491
30317341,37.8664,46.6105,480,33233,0.344159,0.98,1,617581,617101,480
30320261,33.1733,38.9221,475,33297,0.316832,1,1,617613,617138,475
30323181,28.2347,33.3844,470,33361,0.311366,0.89,1,617640,617170,470
30326101,56.8469,64.2769,462,33424,0.294273,0.77,1,617704,617242,462
30329021,40.1694,43.2554,460,33487,0.306855,0.69,1,617740,617280,460
30331941,30.4339,35.8511,454,33550,0.245371,0.55,1,617768,617314,454
30334861,42.0868,44.7702,452,33613,0.249074,0.53,1,617813,617361,452
30337781,48.4174,54.554,445,33676,0.217815,0.39,1,617863,617418,445
30340701,58.4835,61.3108,443,33739,0.259563,0.35,1,617924,617481,443
30343621,37.2967,38.6622,442,33802,0.283913,0.31,1,617956,617514,442
30346541,29.0593,29.3324,442,33865,0.272783,0.35,1,617983,617541,442
30349461,33.8119,37.8665,437,33927,0.302557,0.31,1,618018,617581,437
30352381,31.5624,33.1733,436,33989,0.292511,0.31,1,618049,617613,436
30355301,27.9125,28.2347,436,34051,0.338502,0.29,1,618076,617640,436
30358221,55.9825,56.8469,435,34113,0.3957,0.31,1,618139,617704,435
30361141,40.7965,40.1694,436,34175,0.35914,0.23,1,618176,617740,436
30364061,28.1593,30.4339,433,34237,0.367828,0.23,1,618201,617768,433
30366981,39.2319,6.08677,475,34299,0.385566,0.25,1,618243,617768,475
30369901,48.6464,37.2174,481,34361,0.421113,0.21,1,618294,617813,481
30372821,60.1293,47.4435,494,34423,0.428223,0.27,1,618357,617863,494
30375741,37.6259,58.2887,465,34484,0.397645,0.29,1,618389,617924,465
30378661,30.7252,37.2577,462,34545,0.407529,0.27,1,618418,617956,462
30381581,33.345,29.0515,469,34606,0.425506,0.31,1,618452,617983,469
30384501,33.069,33.8103,467,34667,0.461101,0.29,1,618485,618018,467
30387421,29.8138,31.5621,465,34728,0.45222,0.35,1,618514,618049,465
30390341,57.1628,27.9124,502,34789,0.450444,0.41,1,618578,618076,502
30393261,38.6326,55.9825,473,34850,0.450089,0.35,1,618612,618139,473
30396181,28.5265,40.7965,462,34911,0.466018,0.37,1,618638,618176,462
30399101,40.1053,28.1593,480,34972,0.501204,0.39,1,618681,618201,480
30402021,52.0211,39.2319,493,35032,0.524241,0.43,1,618736,618243,493
30404941,59.2042,48.6464,503,35092,0.576848,0.43,1,618797,618294,503
30407861,37.4408,60.1293,472,35152,0.60337,0.39,1,618829,618357,472
30410781,31.4882,37.6259,470,35212,0.624674,0.41,1,618859,618389,470
30413701,34.2976,30.7252,476,35272,0.644935,0.43,1,618894,618418,476
30416621,34.8595,33.345,477,35332,0.680987,0.47,1,618929,618452,477
30419541,29.3719,33.069,472,35392,0.688197,0.45,1,618957,618485,472
30422461,57.0744,29.8138,507,35452,0.737639,0.45,1,619021,618514,507
30425381,38.6149,57.1628,477,35512,0.763528,0.45,2,619055,618578,477
30428301,30.123,38.6326,471,35572,0.768706,0.47,2,619083,618612,471
30431221,41.2246,28.5265,489,35631,0.801741,0.51,2,619127,618638,489
30434141,53.0449,40.1053,502,35690,0.824348,0.53,2,619183,618681,502
30437061,12.209,52.0211,449,35749,0.82887,0.59,2,619185,618736,449
30439981,52.8418,59.2042,451,35808,0.829774,0.61,2,619248,618797,451
30442901,37.7684,37.4408,453,35867,0.845955,0.63,2,619282,618829,453
30445821,31.5537,31.4882,453,35926,0.881191,0.65,2,619312,618859,453
30448741,35.9107,34.2976,455,35985,0.920238,0.69,2,619349,618894,455
30451661,35.9821,34.8595,456,36044,0.928048,0.69,2,619385,618929,456
30612261,65,51,488,39137,0.41,1,1,621544,621056,488
30615181,39.4,35,490,39191,0.378,1,1,621577,621087,490
30618101,34.28,37.4,485,39245,0.3716,1,1,621610,621125,485
30621021,38.856,32.28,494,39299,0.19432,1,1,621650,621156,494
30623941,34.1712,29.656,498,39353,0.126864,1,1,621683,621185,498
30626861,27.6342,26.7312,498,39407,0.0813728,1,1,621709,621211,498
30629781,23.1268,26.9462,493,39461,0.0242746,1,1,621731,621238,493
30632701,30.2254,32.5892,491,39515,0.0128549,1,1,621763,621272,491
30635621,30.0451,29.7179,492,39568,0.010571,0.89,1,621793,621301,492
30638541,47.609,60.3436,476,39621,0.0421142,1,1,621845,621369,476
30641461,33.5218,39.2687,472,39674,0.0484228,0.82,1,621875,621403,472
30644381,31.5044,39.0537,464,39727,0.0496846,0.71,1,621906,621442,464
30647301,31.1009,37.4107,458,39780,0.0499369,0.41,1,621937,621479,458
30650221,45.4202,59.4821,442,39833,0.0499874,0.37,1,621986,621544,442
30653141,32.284,38.2964,438,39886,0.00999748,0.37,1,622015,621577,438
30656061,29.6568,34.0593,434,39939,0.0259995,0.15,1,622044,621610,434
30658981,33.9314,38.8119,429,39992,0.0051999,0.11,1,622079,621650,429
30661901,30.7863,34.1624,426,40045,0.02504,0.07,1,622109,621683,426
30664821,25.3573,27.6325,424,40098,0.045008,0.07,1,622133,621709,424
30667741,21.0715,5.52649,444,40151,0.0090016,0.01,1,622153,621709,444
30670661,30.6143,18.7053,455,40204,0.0258003,0.01,1,622186,621731,455
30673581,29.3229,29.3411,452,40257,0.0131601,0.01,1,622215,621763,452
30676501,46.6646,29.8682,473,40309,0.026632,0.05,1,622266,621793,473
30679421,35.7329,47.5736,454,40361,0.0453264,0.05,1,622299,621845,454
30682341,29.5466,33.5147,452,40413,0.0810653,0.05,1,622327,621875,452
30685261,31.5093,31.5029,453,40465,0.0882131,0.05,1,622359,621906,453
30688181,45.5019,31.1006,471,40517,0.105643,0.05,1,622408,621937,471
30691101,31.5004,45.4201,450,40569,0.0451285,0,1,622436,621986,450
30694021,31.1001,32.284,452,40621,0.0490257,0.03,1,622467,622015,452
30696941,32.62,29.6568,456,40673,0.0498051,0,1,622500,622044,456
30699861,30.524,33.9314,451,40725,0.033961,0.03,1,622530,622079,451
30702781,25.3048,30.7863,445,40777,0.0947922,0.05,1,622554,622109,445
30705701,21.861,25.3573,442,40829,0.0269584,0,1,622575,622133,442
30708621,30.7722,21.0715,455,40881,0.0293917,0.03,1,622608,622153,455
30711541,30.1544,30.6143,452,40933,0.109878,0.01,1,622638,622186,452
30714461,45.2309,29.3229,472,40985,0.109976,0.03,1,622687,622215,472
30717381,37.0462,46.6646,456,41037,0.0619951,0.05,1,622722,622266,456
30720301,33.0092,35.7329,455,41088,0.068399,0.09,1,622754,622299,455
30723221,29.0018,29.5466,455,41139,0.0856798,0.09,1,622782,622327,455
30726141,45.8004,31.5093,473,41190,0.089136,0.11,1,622832,622359,473
30729061,29.9601,45.5019,450,41241,0.105827,0.03,1,622858,622408,450
30731981,30.792,31.5004,453,41292,0.0611654,0.05,1,622889,622436,453
30734901,31.7584,31.1001,454,41343,0.0522331,0.05,1,622921,622467,454
30737821,31.9517,32.62,453,41394,0.0184466,0.03,1,622953,622500,453
30740741,26.3903,30.524,448,41445,0.0436893,0.11,1,622978,622530,448
30743661,20.4781,25.3048,443,41496,0.0327379,0.01,1,622997,622554,443
30746581,5.69561,21.861,424,41547,0.00654757,0.03,1,622999,622575,424
30749501,26.7391,30.7722,423,41598,0.0573095,0.13,1,623031,622608,423
30752421,32.5478,30.1544,427,41649,0.0514619,0.11,1,623065,622638,427
30755341,44.1096,45.2309,425,41700,0.0662924,0.05,1,623112,622687,425
30758261,36.0219,37.0462,424,41751,0.0372585,0.07,1,623146,622722,424
30761181,33.6044,33.0092,425,41802,0.0634517,0.09,1,623179,622754,425
30764101,29.9209,29.0018,426,41852,0.0206903,0.09,1,623208,622782,426
30767021,46.7842,45.8004,427,41902,0.0441381,0.11,1,623259,622832,427
30769941,30.1568,29.9601,427,41952,0.0648276,0.05,1,623285,622858,427
30772861,27.6314,30.792,423,42002,0.0849655,0.05,1,623312,622889,423
30775781,32.7263,31.7584,425,42052,0.0889931,0.01,1,623346,622921,425
30778701,31.3453,31.9517,424,42102,0.0417986,0.05,1,623377,622953,424
30781621,26.2691,26.3903,424,42152,0.0163597,0.03,1,623402,622978,424
30784541,18.8538,20.4781,422,42202,0.0272719,0,1,623419,622997,422
30787461,5.37076,5.69561,422,42252,0.00545439,0.07,1,623421,622999,422
30790381,26.6742,26.7391,422,42302,0.0410909,0.05,1,623453,623031,422
30793301,34.1348,32.5478,424,42352,0.0322182,0.07,1,623489,623065,424
30796221,44.427,44.1096,424,42402,0.0944436,0.03,1,623536,623112,424
30799141,35.2854,36.0219,423,42452,0.0748887,0.07,1,623569,623146,423
30802061,33.4571,33.6044,423,42502,0.134978,0.01,1,623602,623179,423
30804981,29.0914,29.9209,422,42552,0.130996,0.05,1,623630,623208,422
30807901,49.0183,46.7842,425,42602,0.194199,0.07,1,623684,623259,425
30810821,30.6037,30.1568,425,42652,0.20684,0.09,1,623710,623285,425
30813741,26.9207,27.6314,424,42701,0.209368,0.09,1,623736,623312,424
30816661,32.5841,32.7263,424,42750,0.257874,0.03,1,623770,623346,424
30819581,30.5168,31.3453,423,42799,0.267575,0.01,1,623800,623377,423
30822501,25.3034,26.2691,422,42848,0.237515,0.03,1,623824,623402,422
30825421,18.6607,18.8538,422,42897,0.279503,0,1,623841,623419,422
30828341,5.33213,5.37076,422,42946,0.255901,0.05,1,623843,623421,422
30831261,26.6664,26.6742,422,42995,0.21918,0.05,1,623875,623453,422
30834181,35.7333,5.33483,460,43044,0.163836,0.03,1,623913,623453,460
30837101,44.7467,29.867,471,43093,0.152767,0.11,1,623960,623489,471
30840021,35.3493,43.5734,457,43142,0.134553,0.07,1,623993,623536,457
30842941,35.8699,35.1147,460,43191,0.146911,0.15,1,624029,623569,460
30845861,29.574,33.4229,455,43240,0.165382,0.13,1,624057,623602,455
30848781,52.3148,29.0846,485,43289,0.201076,0.21,1,624115,623630,485
30851701,31.263,49.0169,457,43338,0.208215,0.21,1,624141,623684,457
30854621,27.0526,30.6034,457,43387,0.225643,0.21,1,624167,623710,457
30857541,33.4105,26.9207,466,43436,0.229129,0.27,1,624202,623736,466
30860461,30.6821,32.5841,462,43485,0.229826,0.27,1,624232,623770,462
30863381,26.9364,30.5168,458,43534,0.229965,0.23,1,624258,623800,458
30866301,14.9873,25.3034,446,43582,0.229993,0.29,1,624270,623824,446
30869221,4.59746,18.6607,431,43630,0.229999,0.25,1,624272,623841,431
30872141,24.9195,5.33213,459,43678,0.23,0.21,1,624302,623843,459
30875061,36.1839,26.6664,466,43726,0.214,0.15,1,624341,623875,466
30877981,44.8368,35.7333,475,43774,0.2268,0.15,1,624388,623913,475
30880901,34.5674,44.7467,460,43822,0.26136,0.13,1,624420,623960,460
30883821,36.5135,35.3493,464,43870,0.332272,0.15,1,624457,623993,464
30886741,30.5027,35.8699,457,43918,0.362454,0.17,1,624486,624029,457
30889661,54.1005,29.574,489,43966,0.432491,0.21,1,624546,624057,489
30892581,31.6201,52.3148,457,44014,0.446498,0.21,1,624572,624115,457
30895501,28.724,31.263,459,44062,0.4653,0.23,1,624600,624141,459
30898421,32.9448,27.0526,467,44110,0.46906,0.23,1,624634,624167,467
30901341,30.589,33.4105,462,44158,0.469812,0.23,1,624664,624202,462
30904261,26.9178,30.6821,458,44206,0.469962,0.23,1,624690,624232,458
30907181,14.9836,26.9364,444,44254,0.485992,0.23,1,624702,624258,444
30910101,4.59671,14.9873,434,44302,0.489199,0.23,1,624704,624270,434
30913021,24.9193,4.59746,462,44350,0.52184,0.23,1,624734,624272,462
30915941,35.3839,24.9195,470,44398,0.528368,0.21,1,624772,624302,470
30918861,45.4768,36.1839,479,44446,0.561674,0.23,1,624820,624341,479
30921781,10.6954,44.8368,434,44493,0.568335,0.27,1,624822,624388,434
30924701,29.3391,34.5674,436,44540,0.601667,0.35,1,624856,624420,436
30927621,39.4678,36.5135,441,44587,0.576333,0.37,1,624898,624457,441
30930541,31.0936,30.5027,441,44634,0.587267,0.45,1,624927,624486,441
30933461,56.6187,54.1005,444,44681,0.605453,0.45,1,624990,624546,444
30936381,32.1237,31.6201,444,44728,0.577091,0.47,1,625016,624572,444
30939301,29.6247,28.724,445,44775,0.619418,0.47,1,625045,624600,445
30942221,33.125,32.9448,445,44822,0.643884,0.47,1,625079,624634,445
30945141,30.625,30.589,445,44869,0.632777,0.47,1,625109,624664,445
30948061,27.725,26.9178,446,44916,0.646555,0.49,1,625136,624690,446
30950981,15.945,14.9836,447,44963,0.633311,0.49,1,625149,624702,447
30953901,4.789,4.59671,447,45010,0.630662,0.53,1,625151,624704,447
30956821,25.7578,24.9193,448,45057,0.646132,0.53,1,625182,624734,448
30959741,35.5516,35.3839,448,45104,0.649226,0.57,1,625220,624772,448
30962661,47.1103,45.4768,450,45151,0.649845,0.57,1,625270,624820,450
30965581,11.0221,10.6954,450,45198,0.681969,0.61,1,625272,624822,450
30968501,31.0044,29.3391,452,45245,0.656394,0.57,1,625308,624856,452
30971421,38.2009,39.4678,450,45292,0.683279,0.59,1,625348,624898,450
30974341,32.4402,31.0936,452,45339,0.720656,0.61,1,625379,624927,452
30977261,55.288,56.6187,450,45386,0.776131,0.57,2,625440,624990,450
30980181,31.8576,32.1237,450,45432,0.803226,0.63,2,625466,625016,450
30983101,31.1715,29.6247,452,45478,0.824645,0.65,2,625497,625045,452
30986021,33.4343,33.125,452,45524,0.844929,0.63,2,625531,625079,452
30988941,31.4869,30.625,453,45570,0.864986,0.65,2,625562,625109,453
30991861,27.0974,27.725,452,45616,0.852997,0.63,2,625588,625136,452
30994781,16.6195,15.945,453,45662,0.898599,0.63,2,625602,625149,453
30997701,4.92389,4.789,453,45708,0.90772,0.65,2,625604,625151,453
31000621,26.5848,25.7578,454,45754,0.909544,0.65,2,625636,625182,454
31003541,35.717,35.5516,454,45800,0.893909,0.65,2,625674,625220,454
31006461,47.1434,47.1103,454,45846,0.922782,0.69,2,625724,625270,454
31202101,28,24,494,48831,0.89,1,2,627780,627286,494
31205021,39.2,45.6,485,48874,0.826,1,2,627822,627337,485
31207941,37.44,9.12,522,48917,0.7172,1,1,627859,627337,522
31210861,25.888,29.024,511,48960,0.61544,1,1,627882,627371,511
31213781,30.7776,31.4048,511,49003,0.499088,1,1,627914,627403,511
31216701,34.1555,26.281,521,49046,0.411818,1,1,627949,627428,521
31219621,36.4311,38.0562,517,49089,0.362364,1,1,627986,627469,517
31222541,28.0862,34.0112,510,49132,0.272473,1,1,628012,627502,510
31225461,29.6172,26.8022,515,49175,0.254495,1,1,628042,627527,515
31228381,21.9234,21.3604,515,49218,0.298899,1,1,628062,627547,515
31231301,21.9847,19.4721,518,49261,0.25978,1,1,628084,627566,518
31234221,21.9969,31.0944,506,49304,0.235956,0.91,1,628106,627600,506
31237141,15.5994,28.6189,492,49347,0.231191,1,1,628120,627628,492
31240061,23.9199,22.5238,497,49390,0.230238,1,1,628146,627649,497
31242981,39.184,28.5048,510,49433,0.230048,0.82,1,628189,627679,510
31245901,32.6368,36.901,502,49476,0.19801,0.8,1,628220,627718,502
31248821,28.1274,34.5802,495,49519,0.191602,0.89,1,628247,627752,495
31251741,29.6255,29.316,497,49562,0.17432,0.81,1,628277,627780,497
31254661,32.3251,39.4632,488,49605,0.170864,0.69,1,628310,627822,488
31257581,20.065,37.4926,468,49647,0.218173,0.59,1,628327,627859,468
31260501,29.613,25.8985,477,49689,0.259635,0.47,1,628359,627882,477
31263421,27.5226,30.7797,472,49731,0.283927,0.39,1,628386,627914,472
31266341,35.9045,34.1559,475,49773,0.288785,0.35,1,628424,627949,475
31269261,23.1809,36.4312,458,49815,0.353757,0.25,1,628444,627986,458
31272181,31.0362,28.0862,465,49857,0.350751,0.25,1,628477,628012,465
31275101,19.8072,29.6172,452,49899,0.36615,0.31,1,628494,628042,452
31278021,22.3614,21.9234,455,49941,0.35323,0.25,1,628517,628062,455
31280941,21.2723,21.9847,454,49983,0.382646,0.23,1,628538,628084,454
31283861,18.6545,21.9969,450,50025,0.388529,0.23,1,628556,628106,450
31286781,21.3309,15.5994,458,50067,0.389706,0.23,1,628578,628120,458
31289701,38.6662,23.9199,475,50109,0.421941,0.23,1,628621,628146,475
31292621,30.9332,39.184,461,50151,0.428388,0.19,1,628650,628189,461
31295541,27.7866,32.6368,457,50193,0.445678,0.19,1,628677,628220,457
31298461,28.7573,28.1274,459,50235,0.465136,0.17,1,628706,628247,459
31301381,34.5515,29.6255,465,50277,0.517027,0.17,1,628742,628277,465
31304301,8.51029,32.3251,434,50319,0.527405,0.23,1,628744,628310,434
31307221,16.1021,20.065,435,50361,0.529481,0.27,1,628762,628327,435
31310141,28.0204,29.613,434,50403,0.545896,0.29,1,628793,628359,434
31313061,31.2041,27.5226,439,50445,0.549179,0.29,1,628825,628386,439
31315981,35.8408,35.9045,438,50487,0.517836,0.37,1,628862,628424,438
31318901,23.1682,23.1809,438,50529,0.559567,0.35,1,628882,628444,438
31321821,31.8336,31.0362,439,50571,0.567913,0.37,1,628916,628477,439
31324741,19.1667,19.8072,438,50613,0.601583,0.35,1,628932,628494,438
31327661,23.0333,22.3614,439,50655,0.608317,0.39,1,628956,628517,439
31330581,23.0067,21.2723,441,50697,0.593663,0.39,1,628979,628538,441
31333501,19.0013,18.6545,441,50739,0.558733,0.39,1,628997,628556,441
31336421,22.2003,21.3309,442,50781,0.567747,0.43,1,629020,628578,442
31339341,39.6401,38.6662,443,50822,0.585549,0.43,1,629064,628621,443
31342261,31.128,30.9332,443,50863,0.60511,0.45,1,629093,628650,443
31345181,28.6256,27.7866,444,50904,0.609022,0.47,1,629121,628677,444
31348101,30.5251,28.7573,446,50945,0.625804,0.53,1,629152,628706,446
31351021,36.505,34.5515,448,50986,0.597161,0.53,1,629190,628742,448
31353941,8.901,8.51029,448,51027,0.591432,0.53,1,629192,628744,448
31356861,16.1802,16.1021,448,51068,0.622286,0.55,1,629210,628762,448
31359781,28.836,28.0204,449,51109,0.644457,0.55,1,629242,628793,449
31362701,28.1672,31.2041,445,51150,0.648891,0.51,1,629270,628825,445
31365621,36.8334,35.8408,447,51191,0.681778,0.57,1,629309,628862,447
31368541,24.1667,23.1682,448,51232,0.704356,0.57,1,629330,628882,448
31371461,33.6333,31.8336,450,51273,0.772871,0.61,2,629366,628916,450
31374381,19.5267,19.1667,450,51314,0.770574,0.61,2,629382,628932,450
31377301,23.1053,23.0333,450,51355,0.818115,0.59,2,629406,628956,450
31380221,22.2211,23.0067,449,51396,0.843623,0.55,2,629428,628979,449
31383141,18.8442,19.0013,449,51437,0.864725,0.57,2,629446,628997,449
31386061,21.3688,22.2003,448,51478,0.852945,0.59,2,629468,629020,448
31388981,40.2738,39.6401,449,51519,0.866589,0.61,2,629513,629064,449
31391901,32.0548,31.128,450,51560,0.885318,0.61,2,629543,629093,450
31394821,28.8109,28.6256,450,51601,0.921064,0.63,2,629571,629121,450
31397741,31.3622,30.5251,451,51642,0.944213,0.59,2,629603,629152,451
31418181,22,39,477,51929,0.95,0.71,2,629786,629309,477
31624041,67,53,502,24990,0.63,0.98,1,631809,631307,502
31626961,38.2,39.4,497,25075,0.646,1,1,631840,631343,497
31629881,84.44,63.08,524,25160,0.6652,0.92,1,631936,631412,524
31632801,66.488,81.416,500,25244,0.70104,0.89,1,631998,631498,500
31635721,92.4976,74.6832,526,25328,0.676208,0.63,1,632097,631571,526
31638641,41.6995,82.9366,470,25412,0.687242,0.77,1,632126,631656,470
31641561,22.7399,26.9873,475,25495,0.657448,0.75,1,632144,631669,475
31644481,42.948,34.1975,487,25578,0.68349,0.75,1,632192,631705,487
31647401,65.3896,36.4395,521,25661,0.720698,0.63,1,632263,631742,521
31650321,40.2779,60.8879,488,25744,0.72814,0.65,1,632297,631809,488
31653241,80.8556,36.9776,548,25826,0.761628,0.67,2,632388,631840,548
31656161,68.9711,84.1955,518,25908,0.800326,0.71,2,632454,631936,518
31659081,92.9942,66.4391,555,25990,0.840065,0.67,2,632553,631998,555
31662001,39.3988,92.4878,482,26072,0.848013,0.69,2,632579,632097,482
31664921,23.8798,41.6976,473,26153,0.849603,0.65,2,632599,632126,473
31772961,27,43,509,29000,0.77,1,2,634583,634074,509
31775881,33.4,30.2,517,29073,0.658,1,1,634618,634101,517
31778801,41.08,38.84,519,29146,0.6996,1,1,634661,634142,519
31781721,70.616,39.768,557,29219,0.61192,1,1,634739,634182,557
31784641,84.5232,79.1536,556,29291,0.594384,1,1,634827,634271,556
31787561,95.3046,89.4307,562,29363,0.558877,0.92,1,634925,634363,562
31790481,43.0609,91.4861,500,29435,0.519775,0.93,1,634955,634455,500
31793401,35.0122,44.6972,500,29507,0.479955,0.85,1,634988,634488,500
31796321,28.6024,37.7394,491,29579,0.455991,0.85,1,635015,634524,491
31799241,27.3205,33.1479,486,29651,0.435198,0.77,1,635042,634556,486
31802161,31.8641,28.2296,492,29722,0.43104,0.63,1,635075,634583,492
31805081,36.7728,33.6459,495,29793,0.414208,0.71,1,635113,634618,495
31808001,8.95456,41.1292,454,29864,0.410842,0.59,1,635115,634661,454
31810921,60.9909,70.6258,450,29935,0.346168,0.59,1,635189,634739,450
31813841,81.7982,84.5252,449,30006,0.301234,0.55,1,635276,634827,449
31816761,93.9596,95.305,448,30077,0.388247,0.51,1,635373,634925,448
31819681,41.1919,43.061,446,30147,0.405649,0.47,1,635401,634955,446
31822601,33.0384,35.0122,444,30217,0.40913,0.45,1,635432,634988,444
31825521,27.4077,28.6024,443,30287,0.457826,0.43,1,635458,635015,443
31828441,26.2815,27.3205,442,30357,0.435565,0.43,1,635484,635042,442
31831361,32.4563,31.8641,443,30427,0.479113,0.41,1,635518,635075,443
31834281,34.4913,36.7728,440,30497,0.503823,0.41,1,635553,635113,440
31837201,8.49825,8.95456,440,30566,0.508765,0.33,1,635555,635115,440
31840121,59.2997,60.9909,438,30635,0.573753,0.29,1,635627,635189,438
31843041,80.6599,81.7982,437,30704,0.570751,0.41,1,635713,635276,437
31845961,97.732,93.9596,442,30773,0.61815,0.41,1,635815,635373,442
31848881,40.3464,41.1919,440,30842,0.65963,0.41,1,635841,635401,440
31851801,34.4693,33.0384,442,30911,0.699926,0.47,1,635874,635432,442
31854721,28.4939,27.4077,443,30979,0.691985,0.43,1,635901,635458,443
31857641,26.4988,26.2815,443,31047,0.722397,0.49,1,635927,635484,443
31860561,33.2998,32.4563,444,31115,0.680479,0.51,1,635962,635518,444
31863481,35.46,34.4913,445,31183,0.688096,0.51,1,635998,635553,445
31866401,8.69199,8.49825,445,31251,0.689619,0.59,1,636000,635555,445
31869321,62.5384,59.2997,449,31319,0.721924,0.59,1,636076,635627,449
31872241,81.3077,11.8599,535,31387,0.760385,0.57,2,636162,635627,535
31875161,100.262,71.172,554,31454,0.848077,0.63,2,636267,635713,554
31878081,41.6523,95.8344,479,31521,0.929615,0.67,2,636294,635815,479
31881001,35.5305,39.9669,487,31588,0.913923,0.71,2,636328,635841,487
31883921,29.5061,34.3934,482,31655,0.910785,0.69,2,636356,635874,482
32053281,37,34,512,35321,0.83,1,2,638882,638370,512
32056201,40.2,32.4,521,35381,0.846,1,2,638923,638402,521
32059121,57.64,37.68,544,35441,0.7052,1,1,638985,638441,544
32062041,57.128,73.136,519,35501,0.58104,1,1,639042,638523,519
32064961,54.6256,45.8272,534,35561,0.412208,1,1,639096,638562,534
32067881,52.5251,65.9654,515,35620,0.314442,0.95,1,639148,638633,515
32070801,41.705,43.5931,516,35679,0.150888,1,1,639187,638671,516
32073721,32.341,44.7186,501,35738,0.102178,1,1,639217,638716,501
32076641,24.0682,32.9437,493,35797,0.108436,0.98,1,639239,638746,493
32079561,10.4136,33.7887,466,35856,0.0296871,0.91,1,639246,638780,466
32082481,35.6827,37.9577,469,35915,0.0459374,0.93,1,639288,638819,469
32085401,27.1365,28.3916,468,35974,0.0651875,0.83,1,639313,638845,468
32088321,31.8273,35.2783,464,36033,0.0530375,0.85,1,639346,638882,464
32091241,37.5655,39.8557,462,36092,0.0186075,0.67,1,639385,638923,462
32094161,50.7131,57.5711,454,36151,0.0277215,0.55,1,639439,638985,454
32097081,50.9426,57.1142,448,36209,0.0455443,0.37,1,639490,639042,448
32100001,43.7885,54.6228,436,36267,0.0651089,0.29,1,639532,639096,436
32102921,48.7577,52.5246,434,36325,0.101022,0.11,1,639582,639148,434
32105841,38.5515,41.7049,431,36383,0.108204,0.09,1,639618,639187,431
32108761,26.1103,32.341,424,36441,0.157641,0.11,1,639641,639217,424
32111681,22.8221,24.0682,424,36499,0.103528,0.01,1,639663,639239,424
32114601,10.9644,10.4136,425,36557,0.0927056,0.05,1,639671,639246,425
32117521,37.3929,35.6827,427,36615,0.122541,0.07,1,639715,639288,427
32120441,23.4786,27.1365,422,36673,0.160508,0.05,1,639735,639313,422
32123361,31.8957,31.8273,423,36731,0.184102,0.01,1,639769,639346,423
32126281,36.7791,37.5655,422,36789,0.17282,0.03,1,639807,639385,422
32129201,50.5558,50.7131,422,36846,0.138564,0.05,1,639861,639439,422
32132121,51.7112,50.9426,423,36903,0.163713,0.07,1,639913,639490,423
32135041,44.7422,43.7885,424,36960,0.168743,0.11,1,639956,639532,424
32137961,51.3484,48.7577,427,37017,0.201749,0.11,1,640009,639582,427
32140881,39.0697,38.5515,427,37074,0.20835,0.17,1,640045,639618,427
32143801,25.4139,26.1103,426,37131,0.20967,0.09,1,640067,639641,426
32146721,21.0828,22.8221,424,37188,0.177934,0.09,1,640087,639663,424
32149641,11.4166,4.56441,433,37245,0.187587,0.09,1,640096,639663,433
32152561,39.0833,7.31288,471,37302,0.221517,0.13,1,640142,639671,471
32155481,23.8167,36.6626,447,37359,0.244303,0.17,1,640162,639715,447
32158401,33.5633,23.3325,463,37416,0.280861,0.19,1,640198,639735,463
32161321,35.5127,31.8665,465,37472,0.320172,0.17,1,640234,639769,465
32164241,48.7025,36.7733,479,37528,0.344034,0.13,1,640286,639807,479
32167161,52.9405,50.5547,479,37584,0.316807,0.17,1,640340,639861,479
32170081,46.5881,51.7109,472,37640,0.295361,0.17,1,640385,639913,472
32173001,51.7176,44.7422,482,37696,0.275072,0.21,1,640438,639956,482
32175921,39.1435,51.3484,465,37752,0.287014,0.21,1,640474,640009,465
32178841,25.4287,39.0697,451,37808,0.305403,0.21,1,640496,640045,451
32181761,21.0857,25.4139,449,37864,0.325081,0.17,1,640516,640067,449
32184681,12.2171,21.0828,439,37920,0.329016,0.19,1,640526,640087,439
32187601,41.6434,11.4166,479,37976,0.345803,0.23,1,640575,640096,479
32190521,25.1287,39.0833,454,38032,0.349161,0.25,1,640596,640142,454
32193441,35.4257,23.8167,472,38088,0.381832,0.29,1,640634,640162,472
32196361,36.6851,33.5633,473,38143,0.452366,0.33,1,640671,640198,473
32199281,49.737,35.5127,490,38198,0.466473,0.35,1,640724,640234,490
32202201,51.5474,48.7025,490,38253,0.469295,0.31,1,640776,640286,490
32205121,45.5095,52.9405,480,38308,0.485859,0.29,1,640820,640340,480
32208041,51.5019,46.5881,488,38363,0.505172,0.27,1,640873,640385,488
32210961,39.9004,51.7176,472,38418,0.493034,0.29,1,640910,640438,472
32213881,26.3801,39.1435,459,38473,0.538607,0.31,1,640933,640474,459
32216801,21.276,25.4287,457,38528,0.547721,0.33,1,640953,640496,457
32219721,12.2552,21.0857,447,38583,0.549544,0.33,1,640963,640516,447
32222641,4.05104,12.2171,439,38638,0.549909,0.35,1,640965,640526,439
32225561,40.8102,41.6434,440,38693,0.565982,0.35,1,641015,640575,440
32228481,24.162,25.1287,439,38748,0.537196,0.39,1,641035,640596,439
32231401,36.8324,35.4257,441,38803,0.563439,0.47,1,641075,640634,441
32234321,40.1665,36.6851,445,38857,0.520688,0.47,1,641116,640671,445
32237241,50.4333,49.737,445,38911,0.624138,0.47,1,641169,640724,445
32240161,51.6867,51.5474,445,38965,0.612827,0.49,1,641221,640776,445
32243081,46.3373,45.5095,446,39019,0.626566,0.51,1,641266,640820,446
32246001,52.4675,51.5019,447,39073,0.661313,0.49,1,641320,640873,447
32248921,40.8935,39.9004,448,39127,0.668263,0.55,1,641358,640910,448
32251841,27.3787,26.3801,449,39181,0.669653,0.55,1,641382,640933,449
32254761,21.4757,21.276,449,39235,0.717931,0.55,1,641402,640953,449
32257681,12.2951,12.2552,449,39289,0.711586,0.55,1,641412,640963,449
32260601,4.05903,4.05104,449,39343,0.710317,0.57,1,641414,640965,449
32263521,40.0118,40.8102,448,39397,0.774063,0.53,2,641463,641015,448
32266441,24.0024,24.162,448,39451,0.818813,0.57,2,641483,641035,448
32269361,36.8005,36.8324,448,39505,0.811763,0.51,2,641523,641075,448
32272281,40.9601,40.1665,449,39558,0.810353,0.65,2,641565,641116,449
32275201,52.992,50.4333,452,39611,0.84207,0.61,2,641621,641169,452
32278121,52.1984,51.6867,452,39664,0.912414,0.63,2,641673,641221,452
32281041,47.2397,46.3373,453,39717,0.926483,0.67,2,641719,641266,453
32283961,54.2479,52.4675,455,39770,0.945297,0.67,2,641775,641320,455
32488361,30,31,513,43329,0.71,1,1,644236,643723,513
32491281,32.4,36.6,508,43378,0.678,1,1,644269,643761,508
32494201,36.08,27.32,520,43427,0.5276,1,1,644306,643786,520
32497121,28.016,34.264,510,43476,0.38552,1,1,644332,643822,510
32500041,30.4032,30.8528,511,43525,0.277104,1,1,644363,643852,511
32502961,24.4806,18.1706,519,43573,0.223421,1,1,644386,643867,519
32505881,16.0961,6.83411,529,43621,0.180684,1,1,644400,643871,529
32508801,20.8192,24.5668,522,43669,0.140137,1,1,644422,643900,522
32511721,22.5638,35.3134,507,43717,0.0360274,1,1,644445,643938,507
32514641,31.7128,33.4627,508,43765,0.00720547,1,1,644479,643971,508
32517561,48.7426,29.8925,532,43813,0.0414411,0.99,1,644532,644000,532
32520481,37.7485,47.5785,515,43861,0.0482882,1,1,644567,644052,515
32523401,52.3497,48.7157,522,43909,0.0496576,0.89,1,644623,644101,522
32526321,40.0699,56.9431,500,43957,0.00993153,0.73,1,644660,644160,500
32529241,30.414,48.1886,482,44005,0.0419863,0.71,1,644688,644206,482
32532161,29.2828,33.6377,481,44053,0.0163973,0.67,1,644717,644236,481
32535081,31.4566,33.1275,480,44101,0.0592795,0.49,1,644749,644269,480
32538001,20.6913,36.2255,461,44149,0.0678559,0.35,1,644767,644306,461
32540921,24.9383,28.0451,461,44197,0.0695712,0.25,1,644793,644332,461
32543841,21.7877,30.409,451,44245,0.0539142,0.21,1,644814,644363,451
32546761,13.1575,24.4818,439,44293,0.0987828,0.17,1,644825,644386,439
32549681,20.2315,16.0964,447,44341,0.107757,0.13,1,644847,644400,447
32552601,19.2463,20.8193,444,44389,0.109551,0.01,1,644866,644422,444
32555521,31.0493,22.5639,455,44437,0.0619103,0,1,644900,644445,455
32558441,7.80985,31.7128,423,44484,0.068382,0.05,1,644902,644479,423
32561361,44.762,48.7426,424,44531,0.0216764,0.05,1,644956,644532,424
32564281,35.3524,37.7485,422,44578,0.0763353,0.05,1,644989,644567,422
32567201,52.6705,52.3497,423,44625,0.0552671,0,1,645046,644623,423
32570121,39.3341,40.0699,422,44672,0.0510534,0.05,1,645082,644660,422
32573041,31.8668,30.414,424,44719,0.0662107,0.01,1,645112,644688,424
32575961,29.5734,29.2828,424,44766,0.0692421,0.07,1,645141,644717,424
32578881,32.3147,31.4566,425,44813,0.0698484,0.07,1,645174,644749,425
32581801,18.4629,20.6913,422,44860,0.0859697,0.07,1,645189,644767,422
32584721,26.8926,24.9383,425,44907,0.105194,0.05,1,645218,644793,425
32587641,22.9785,21.7877,426,44954,0.0770388,0.11,1,645240,644814,426
32590561,14.1957,13.1575,427,45001,0.103408,0.11,1,645252,644825,427
32593481,21.2391,20.2315,428,45048,0.0926815,0.11,1,645275,644847,428
32596401,15.4478,19.2463,423,45095,0.0905363,0.05,1,645289,644866,423
32599321,29.4896,31.0493,422,45142,0.154107,0.07,1,645322,644900,422
32602241,7.49791,7.80985,422,45189,0.166821,0.01,1,645324,644902,422
32605161,44.6996,44.762,422,45236,0.153364,0.09,1,645378,644956,422
32608081,35.3399,35.3524,422,45283,0.0866729,0.05,1,645411,644989,422
32611001,52.668,52.6705,422,45330,0.0733346,0.05,1,645468,645046,422
32613921,39.3336,39.3341,422,45377,0.0706669,0.07,1,645504,645082,422
32616841,31.8667,31.8668,422,45423,0.0701334,0.07,1,645534,645112,422
32619761,30.3733,29.5734,423,45469,0.0700267,0.07,1,645564,645141,423
32622681,34.0747,32.3147,425,45515,0.0700053,0.09,1,645599,645174,425
32625601,18.0149,18.4629,424,45561,0.102001,0.11,1,645613,645189,424
32628521,27.603,26.8926,425,45607,0.0764002,0.07,1,645643,645218,425
32631441,23.1206,22.9785,425,45653,0.07128,0.11,1,645665,645240,425
32634361,14.2241,14.1957,425,45699,0.102256,0.09,1,645677,645252,425
32637281,22.0448,21.2391,426,45745,0.0924512,0.09,1,645701,645275,426
32640201,16.409,15.4478,427,45791,0.12249,0.17,1,645716,645289,427
32643121,30.4818,29.4896,428,45837,0.144498,0.17,1,645750,645322,428
32646041,7.69636,7.49791,428,45883,0.1169,0.15,1,645752,645324,428
32648961,43.9393,44.6996,427,45929,0.14338,0.15,1,645805,645378,427
32651881,32.7879,8.93992,457,45975,0.116676,0.07,1,645835,645378,457
32654801,52.9576,28.188,482,46021,0.143335,0.07,1,645893,645411,482
32657721,38.5915,51.2376,460,46067,0.164667,0.07,1,645928,645468,460
32660641,30.1183,39.0475,452,46113,0.184933,0.07,1,645956,645504,452
32663561,31.6237,31.8095,454,46159,0.188987,0.07,1,645988,645534,454
32666481,34.3247,30.3619,459,46205,0.221797,0.07,1,646023,645564,459
32669401,18.0649,34.0724,438,46251,0.228359,0.11,1,646037,645599,438
32672321,27.613,18.0145,454,46297,0.229672,0.07,1,646067,645613,454
32675241,23.1226,27.6029,446,46343,0.245934,0.07,1,646089,645643,446
32678161,14.2245,23.1206,436,46388,0.249187,0.11,1,646101,645665,436
32681081,23.6449,14.2241,450,46433,0.217837,0.09,1,646127,645677,450
32684001,15.929,22.0448,440,46478,0.211567,0.13,1,646141,645701,440
32686921,31.9858,16.409,461,46523,0.194313,0.15,1,646177,645716,461
32689841,7.99716,30.4818,429,46568,0.190863,0.11,1,646179,645750,429
32692761,43.1994,7.69636,479,46613,0.190173,0.15,1,646231,645752,479
32695681,32.6399,43.9393,456,46658,0.190035,0.11,1,646261,645805,456
32698601,54.528,32.7879,486,46703,0.174007,0.15,1,646321,645835,486
32701521,39.7056,52.9576,464,46748,0.218801,0.17,1,646357,645893,464
32704441,31.1411,38.5915,458,46793,0.25976,0.19,1,646386,645928,458
32707361,32.6282,30.1183,463,46838,0.251952,0.19,1,646419,645956,463
32710281,35.3256,31.6237,467,46883,0.26639,0.23,1,646455,645988,467
32713201,18.2651,34.3247,446,46928,0.285278,0.23,1,646469,646023,446
32716121,28.453,18.0649,463,46973,0.321056,0.23,1,646500,646037,463
32719041,23.2906,27.613,455,47018,0.328211,0.25,1,646522,646067,455
32721961,14.2581,23.1226,445,47063,0.345642,0.25,1,646534,646089,445
32724881,22.0516,14.2245,457,47108,0.349128,0.21,1,646558,646101,457
32727801,15.6103,23.6449,445,47153,0.349826,0.21,1,646572,646127,445
32730721,31.1221,15.929,466,47198,0.365965,0.19,1,646607,646141,466
32733641,7.82441,31.9858,432,47243,0.369193,0.19,1,646609,646177,432
32736561,43.1649,7.99716,482,47288,0.401839,0.19,1,646661,646179,482
32739481,32.633,43.1994,460,47333,0.424368,0.19,1,646691,646231,460
32742401,54.5266,32.6399,490,47378,0.460874,0.17,1,646751,646261,490
32745321,12.5053,54.528,432,47422,0.468175,0.23,1,646753,646321,432
32748241,32.1011,39.7056,433,47466,0.501635,0.27,1,646790,646357,433
32751161,31.2202,31.1411,435,47510,0.492327,0.25,1,646821,646386,435
32754081,31.844,32.6282,434,47554,0.506465,0.27,1,646853,646419,434
32757001,36.7688,35.3256,436,47598,0.493293,0.29,1,646891,646455,436
32759921,18.5538,18.2651,436,47642,0.522659,0.33,1,646905,646469,436
32762841,30.1108,28.453,438,47686,0.528532,0.33,1,646938,646500,438
32765761,24.4221,23.2906,439,47730,0.513706,0.35,1,646961,646522,439
32768681,14.4844,14.2581,439,47774,0.542741,0.35,1,646973,646534,439
32771601,22.0969,22.0516,439,47818,0.548548,0.35,1,646997,646558,439
32774521,15.6194,15.6103,439,47862,0.51771,0.37,1,647011,646572,439
32777441,31.9239,31.1221,440,47906,0.559542,0.37,1,647047,646607,440
32780361,7.98477,7.82441,440,47950,0.567908,0.41,1,647049,646609,440
32783281,45.597,43.1649,443,47994,0.601582,0.43,1,647104,646661,443
32786201,33.9194,32.633,444,48038,0.624316,0.47,1,647135,646691,444
32789121,56.3839,54.5266,446,48082,0.660863,0.47,1,647197,646751,446
32792041,12.8768,12.5053,446,48126,0.668173,0.51,1,647199,646753,446
32794961,31.3754,32.1011,445,48170,0.669635,0.49,1,647235,646790,445
32797881,30.2751,31.2202,444,48214,0.733927,0.51,1,647265,646821,444
32800801,33.255,31.844,446,48258,0.746785,0.49,1,647299,646853,446
32803721,37.051,36.7688,446,48302,0.765357,0.53,2,647337,646891,446
32806641,18.6102,18.5538,446,48346,0.833071,0.53,2,647351,646905,446
32809561,30.122,30.1108,446,48390,0.830614,0.51,2,647384,646938,446
32812481,25.2244,24.4221,447,48434,0.862123,0.55,2,647408,646961,447
32815401,14.6449,14.4844,447,48478,0.884425,0.55,2,647420,646973,447
32818321,22.129,22.0969,447,48521,0.872885,0.51,2,647444,646997,447
32821241,15.6258,15.6194,447,48564,0.870577,0.57,2,647458,647011,447
32824161,32.7252,31.9239,448,48607,0.886115,0.57,2,647495,647047,448
32827081,8.14503,7.98477,448,48650,0.857223,0.61,2,647497,647049,448
32830001,48.829,45.597,452,48693,0.883445,0.63,2,647556,647104,452
32832921,35.3658,33.9194,453,48736,0.872689,0.67,2,647588,647135,453
32835841,58.2732,56.3839,455,48779,0.918538,0.67,2,647652,647197,455
32838761,13.2546,12.8768,455,48822,0.927708,0.67,2,647654,647199,455
32841681,32.2509,31.3754,456,48865,0.961542,0.67,2,647691,647235,456
32844601,30.4502,6.27507,486,48908,0.936308,0.75,2,647721,647235,486
33114701,84,49,487,24178,0.11,0.13,1,650502,650015,487
33117621,55.2,69.8,460,24266,0.062,0.05,1,650550,650090,460
33120541,71.84,72.36,463,24353,0.0204,0.03,1,650626,650163,463
33123461,66.368,76.872,450,24440,0.02808,0.05,1,650691,650241,450
33126381,41.2736,65.7744,422,24527,0.077616,0.01,1,650726,650304,422
33129301,25.0547,21.1549,433,24613,0.0715232,0,1,650747,650314,433
33132221,59.4109,23.431,477,24699,0.0383046,0.07,1,650815,650338,477
33135141,34.2822,65.4862,429,24785,0.0636609,0.11,1,650843,650414,429
33138061,75.6564,83.4972,427,24871,0.0847322,0.05,1,650929,650502,427
33140981,51.1313,55.0994,424,24956,0.0249464,0.01,1,650974,650550,424
33143901,69.4263,71.8199,422,25041,0.0129893,0.03,1,651048,650626,422
33146821,67.4853,66.364,424,25126,0.00259786,0.09,1,651115,650691,424
33149741,43.0971,41.2728,426,25210,0.0405196,0.07,1,651152,650726,426
33152661,22.2194,25.0546,422,25294,0.0801039,0.03,1,651169,650747,422
33155581,59.6439,59.4109,423,25378,0.0720208,0.07,1,651238,650815,423
33158501,34.3288,34.2822,423,25461,0.0864042,0.07,1,651266,650843,423
33161421,75.6658,6.85644,509,25544,0.137281,0.09,1,651352,650843,509
33164341,50.3332,70.1713,467,25627,0.147456,0.01,1,651396,650929,467
33167261,68.4666,50.0343,495,25710,0.0854912,0.01,1,651469,650974,495
33170181,67.2933,69.2069,488,25792,0.0170982,0,1,651536,651048,488
33173101,45.4587,67.4414,461,25874,0.0114196,0.05,1,651576,651115,461
33176021,21.8917,43.0883,440,25956,0.0262839,0.09,1,651592,651152,440
33178941,60.3783,22.2177,493,26038,0.0612568,0.07,1,651662,651169,493
33181861,35.2757,59.6435,453,26119,0.0522514,0.09,1,651691,651238,453
33184781,78.2551,34.3287,514,26200,0.0824503,0.15,1,651780,651266,514
33187701,50.851,75.6657,472,26281,0.13649,0.15,1,651824,651352,472
33190621,63.7702,50.3331,495,26362,0.099298,0.07,1,651891,651396,495
33193541,66.354,68.4666,489,26442,0.0198596,0,1,651958,651469,489
33196461,45.2708,67.2933,462,26522,0.0439719,0.01,1,651998,651536,462
33199381,22.6542,45.4587,439,26602,0.0487944,0.03,1,652015,651576,439
33202301,61.3308,21.8917,494,26682,0.0337589,0.07,1,652086,651592,494
33205221,34.6662,60.3783,452,26761,0.0787518,0.05,1,652114,651662,452
33208141,79.7332,35.2757,514,26840,0.15175,0.09,1,652205,651691,514
33211061,17.5466,78.2551,427,26919,0.16635,0.15,1,652207,651780,427
33213981,40.3093,50.851,429,26998,0.21727,0.09,1,652253,651824,429
33216901,59.2619,63.7702,426,27076,0.275454,0,1,652317,651891,426
33219821,63.0524,66.354,423,27154,0.223091,0.05,1,652381,651958,423
33222741,43.8105,45.2708,422,27232,0.196618,0.05,1,652420,651998,422
33225661,22.3621,22.6542,422,27310,0.175324,0.03,1,652437,652015,422
33228581,63.6724,61.3308,425,27388,0.139065,0.09,1,652511,652086,425
33231501,36.7345,34.6662,427,27465,0.147813,0.17,1,652541,652114,427
33234421,83.3469,79.7332,431,27542,0.181563,0.17,1,652636,652205,431
33237341,18.2694,17.5466,431,27619,0.188313,0.23,1,652638,652207,431
33240261,41.2539,40.3093,432,27696,0.173663,0.29,1,652685,652253,432
33243181,61.8508,59.2619,435,27772,0.170732,0.21,1,652752,652317,435
33246101,59.5702,63.0524,430,27848,0.170147,0.19,1,652811,652381,430
33249021,42.314,43.8105,429,27924,0.202029,0.17,1,652849,652420,429
33251941,21.2628,22.3621,428,28000,0.240406,0.13,1,652865,652437,428
33254861,63.4526,63.6724,428,28076,0.280081,0.15,1,652939,652511,428
33257781,35.8905,36.7345,427,28151,0.288016,0.19,1,652968,652541,427
33260701,84.7781,83.3469,429,28226,0.337603,0.19,1,653065,652636,429
33263621,18.5556,18.2694,429,28301,0.379521,0.17,1,653067,652638,429
33266541,40.5111,41.2539,428,28376,0.371904,0.17,1,653113,652685,428
33269461,60.9022,8.25078,494,28451,0.402381,0.17,1,653179,652685,494
33272381,60.9804,55.2502,488,28525,0.424476,0.17,1,653240,652752,488
33275301,44.1961,58.25,469,28599,0.444895,0.21,1,653280,652811,469
33278221,21.6392,42.05,447,28673,0.464979,0.25,1,653296,652849,447
33281141,65.9278,21.21,508,28747,0.548996,0.29,1,653373,652865,508
33284061,37.1856,63.442,464,28821,0.533799,0.29,1,653403,652939,464
33286981,87.4371,35.8884,535,28894,0.57876,0.35,1,653503,652968,535
33289901,19.0874,84.7777,440,28967,0.587752,0.39,1,653505,653065,440
33292821,41.4175,18.5555,485,29040,0.57355,0.37,1,653552,653067,485
33295741,63.4835,40.5111,508,29113,0.58671,0.41,1,653621,653113,508
33298661,61.4967,60.9022,503,29186,0.621342,0.43,1,653682,653179,503
33301581,45.8993,60.9804,484,29259,0.612268,0.45,1,653724,653240,484
33304501,21.9799,44.1961,460,29331,0.610454,0.47,1,653740,653280,460
33307421,68.396,21.6392,524,29403,0.594091,0.57,1,653820,653296,524
33310341,37.6792,65.9278,477,29475,0.590818,0.53,1,653850,653373,477
33313261,89.9358,37.1856,550,29547,0.606164,0.59,1,653953,653403,550
33316181,19.5872,87.4371,452,29619,0.609233,0.59,1,653955,653503,452
33319101,40.7174,19.0874,496,29690,0.641847,0.57,1,654001,653505,496
33322021,64.9435,41.4175,520,29761,0.680369,0.59,1,654072,653552,520
33324941,62.5887,63.4835,513,29832,0.736074,0.63,1,654134,653621,513
33327861,14.1177,61.4967,454,29903,0.747215,0.61,1,654136,653682,454
33330781,34.8235,45.8993,452,29974,0.797443,0.61,2,654176,653724,452
33333701,20.5647,21.9799,453,30045,0.807489,0.59,2,654193,653740,453
33336621,66.5129,68.396,451,30115,0.857498,0.59,2,654271,653820,451
33339541,37.3026,37.6792,451,30185,0.8995,0.61,2,654301,653850,451
33459261,34,23,495,32936,0.71,1,1,656200,655705,495
33462181,83.6,92.6,481,33000,0.422,1,1,656296,655815,481
33465101,34.32,39.32,477,33064,0.3644,1,1,656318,655841,477
33468021,35.664,32.664,482,33128,0.32088,1,1,656354,655872,482
33470941,58.3328,64.1328,474,33192,0.136176,0.9,1,656418,655944,474
33473861,69.2666,65.6266,480,33256,0.0352352,1,1,656490,656010,480
33476781,35.4533,33.9253,481,33320,0.031047,1,1,656517,656036,481
33479701,23.8907,30.7851,472,33383,0.0302094,0.97,1,656538,656066,472
33482621,24.7781,30.957,466,33446,0.0300419,0.91,1,656563,656097,466
33485541,22.5556,27.7914,461,33509,0.0140084,0.73,1,656585,656124,461
33488461,38.9111,39.1583,462,33572,0.00280168,0.71,1,656628,656166,462
33491381,31.7822,35.0317,458,33635,0.0565603,0.35,1,656658,656200,458
33494301,67.9564,83.8063,439,33698,0.0833121,0.35,1,656735,656296,439
33497221,31.9913,34.3613,440,33761,0.0406624,0.31,1,656758,656318,440
33500141,31.1983,35.6723,435,33824,0.128132,0.09,1,656789,656354,435
33503061,51.8397,58.3345,428,33887,0.161626,0.01,1,656846,656418,428
33505981,63.1679,69.2669,422,33949,0.0723253,0.03,1,656912,656490,422
33508901,34.2336,35.4534,422,34011,0.0544651,0.03,1,656939,656517,422
33511821,26.0467,23.8907,425,34073,0.034893,0.03,1,656963,656538,425
33514741,22.8093,24.7781,422,34135,0.0469786,0.01,1,656985,656563,422
33517661,22.1619,22.5556,422,34197,0.0493957,0,1,657007,656585,422
33520581,38.8324,38.9111,422,34259,0.0338791,0,1,657050,656628,422
33523501,33.3665,7.78222,454,34321,0.0467758,0.07,1,657082,656628,454
33526421,67.4733,25.5564,500,34383,0.0973552,0.09,1,657158,656658,500
33529341,32.6947,66.7113,447,34444,0.139471,0.03,1,657182,656735,447
33532261,31.3389,31.7423,455,34505,0.163894,0.15,1,657213,656758,455
33535181,54.2678,31.1485,484,34566,0.216779,0.17,1,657273,656789,484
33538101,61.2536,51.8297,490,34627,0.243356,0.05,1,657336,656846,490
33541021,31.4507,63.1659,448,34688,0.248671,0.05,1,657360,656912,448
33543941,25.4901,34.2332,445,34749,0.185734,0.03,1,657384,656939,445
33546861,25.098,26.0466,446,34810,0.157147,0.05,1,657409,656963,446
33549781,20.2196,22.8093,443,34871,0.167429,0.05,1,657428,656985,443
33552701,38.4439,22.1619,464,34932,0.105486,0.03,1,657471,657007,464
33555621,34.8888,38.8324,455,34993,0.0450972,0.05,1,657505,657050,455
33558541,70.9778,33.3665,503,35053,0.0330194,0.11,1,657585,657082,503
33561461,34.1956,67.4733,452,35113,0.0786039,0.15,1,657610,657158,452
33564381,33.2391,32.6947,461,35173,0.0877208,0.17,1,657643,657182,461
33567301,56.2478,31.3389,492,35233,0.0575442,0.23,1,657705,657213,492
33570221,62.4496,54.2678,496,35293,0.0675088,0.25,1,657769,657273,496
33573141,31.6899,61.2536,457,35353,0.0695018,0.25,1,657793,657336,457
33576061,22.338,31.4507,453,35413,0.0699003,0.17,1,657813,657360,453
33578981,23.6676,25.4901,453,35473,0.0859801,0.15,1,657837,657384,453
33581901,20.7335,25.098,448,35533,0.105196,0.17,1,657857,657409,448
33584821,33.7467,20.2196,466,35592,0.141039,0.09,1,657894,657428,466
33587741,33.1493,38.4439,456,35651,0.132208,0.03,1,657927,657471,456
33590661,8.22987,34.8888,424,35710,0.130442,0.03,1,657929,657505,424
33593581,66.446,70.9778,425,35769,0.178088,0.09,1,658010,657585,425
33596501,34.0892,34.1956,426,35828,0.219618,0.09,1,658036,657610,426
33599421,33.2178,33.2391,426,35887,0.307924,0.05,1,658069,657643,426
33602341,54.6436,56.2478,424,35946,0.373585,0.07,1,658129,657705,424
33605261,62.9287,62.4496,425,36005,0.386717,0.07,1,658194,657769,425
33608181,31.7857,31.6899,425,36064,0.389343,0.07,1,658218,657793,425
33611101,22.3571,22.338,425,36123,0.421869,0.09,1,658238,657813,425
33614021,25.2714,23.6676,427,36182,0.396374,0.11,1,658264,657837,427
33616941,21.8543,20.7335,428,36240,0.407275,0.15,1,658285,657857,428
33619861,34.7709,33.7467,429,36298,0.377455,0.13,1,658323,657894,429
33622781,33.3542,33.1493,429,36356,0.387491,0.13,1,658356,657927,429
33625701,8.27083,8.22987,429,36414,0.389498,0.19,1,658358,657929,429
33628621,68.0542,66.446,431,36472,0.3899,0.23,1,658441,658010,431
33631541,35.2108,34.0892,432,36530,0.43798,0.33,1,658468,658036,432
33634461,38.2422,33.2178,438,36588,0.463596,0.39,1,658507,658069,438
33637381,58.0484,54.6436,441,36646,0.532719,0.39,1,658570,658129,441
33640301,63.6097,62.9287,441,36704,0.562544,0.39,1,658635,658194,441
33643221,31.9219,31.7857,441,36762,0.568509,0.43,1,658659,658218,441
33646141,22.3844,22.3571,441,36819,0.537702,0.39,1,658679,658238,441
33649061,25.2769,25.2714,441,36876,0.53154,0.41,1,658705,658264,441
33651981,21.0554,21.8543,440,36933,0.578308,0.37,1,658725,658285,440
33654901,34.6111,34.7709,440,36990,0.571662,0.39,1,658763,658323,440
33657821,34.1222,33.3542,441,37047,0.602332,0.39,1,658797,658356,441
33660741,8.42444,8.27083,441,37104,0.608466,0.39,1,658799,658358,441
33663661,68.8849,68.0542,442,37161,0.609693,0.39,1,658883,658441,442
33666581,34.577,13.6108,468,37218,0.593939,0.45,1,658909,658441,468
33669501,38.9154,24.3222,481,37275,0.606788,0.47,1,658949,658468,481
33672421,61.3831,36.0644,509,37332,0.657358,0.55,1,659016,658507,509
33675341,65.0766,57.6129,512,37389,0.763472,0.57,2,659082,658570,512
33678261,32.2153,63.5226,471,37446,0.784694,0.57,2,659106,658635,471
33681181,22.4431,31.9045,467,37502,0.788939,0.53,2,659126,658659,467
33684101,25.2886,22.3809,473,37558,0.789788,0.53,2,659152,658679,473
33687021,21.8577,25.2762,468,37614,0.805958,0.59,2,659173,658705,468
33689941,35.5715,21.0552,487,37670,0.825191,0.57,2,659212,658725,487
33692861,35.9143,34.611,485,37726,0.829038,0.61,2,659248,658763,485
33695781,8.78286,34.1222,453,37782,0.829808,0.61,2,659250,658797,453
33698701,67.3566,8.42444,533,37838,0.829962,0.61,2,659332,658799,533
33701621,35.0713,68.8849,476,37894,0.845992,0.59,2,659359,658883,476
33704541,39.8143,34.577,491,37950,0.833198,0.61,2,659400,658909,491
33707461,63.9629,38.9154,521,38006,0.81464,0.67,2,659470,658949,521
33710381,70.3926,61.3831,526,38062,0.826928,0.79,2,659542,659016,526
33713301,33.2785,65.0766,484,38118,0.829386,0.79,2,659566,659082,484
33716221,22.6557,32.2153,480,38173,0.829877,0.79,2,659586,659106,480
33719141,25.3311,22.4431,486,38228,0.829975,0.79,2,659612,659126,486
33722061,22.6662,25.2886,482,38283,0.845995,0.81,2,659634,659152,482
33724981,36.5332,21.8577,501,38338,0.849199,0.83,2,659674,659173,501
33727901,36.1066,35.5715,498,38393,0.86584,0.83,2,659710,659212,498
33730821,8.82133,35.9143,464,38448,0.869168,0.83,2,659712,659248,464
33733741,67.3643,8.78286,544,38503,0.901834,0.83,2,659794,659250,544
33736661,35.8729,67.3566,490,38558,0.908367,0.85,2,659822,659332,490
33739581,39.1746,35.0713,503,38613,0.909673,0.83,2,659862,659359,503
33742501,9.43491,39.8143,464,38668,0.909935,0.81,2,659864,659400,464
33894341,37,33,522,41410,0.73,1,1,661808,661286,522
33897261,34.6,31.4,525,41461,0.602,1,1,661842,661317,525
33900181,53.32,31.08,552,41512,0.4164,1,1,661900,661348,552
33903101,39.464,75.016,502,41563,0.33128,1,1,661936,661434,502
33906021,33.4928,34.2032,510,41614,0.186256,1,1,661968,661458,510
33908941,24.2986,35.6406,496,41665,0.205251,1,1,661990,661494,496
33911861,40.8597,32.7281,509,41716,0.0490502,1,1,662035,661526,509
33914781,34.5719,29.7456,513,41767,0.01781,1,1,662068,661555,513
33917701,20.5144,34.7491,494,41818,0.075562,1,1,662085,661591,494
33920621,30.5029,34.9498,492,41868,0.0711124,1,1,662118,661626,492
33923541,34.1006,34.19,493,41918,0.0382225,1,1,662153,661660,493
33926461,27.6201,32.438,487,41968,0.0156445,0.9,1,662179,661692,487
33929381,23.124,35.2876,473,42018,0.0271289,0.78,1,662201,661728,473
33932301,32.6248,41.4575,465,42068,0.00542578,0.73,1,662236,661771,465
33935221,29.725,37.8915,457,42118,0.0250852,0.57,1,662265,661808,457
33938141,26.745,34.7783,449,42168,0.045017,0.37,1,662291,661842,449
33941061,40.549,53.3557,435,42218,0.0490034,0.31,1,662335,661900,435
33943981,32.9098,39.4711,430,42268,0.0338007,0.15,1,662366,661936,430
33946901,28.982,33.4942,426,42318,0.0467601,0.21,1,662394,661968,426
33949821,22.5964,24.2988,425,42368,0.065352,0.01,1,662415,661990,425
33952741,38.9193,40.8598,423,42418,0.0690704,0.01,1,662458,662035,423
33955661,34.1839,34.572,423,42468,0.0378141,0.09,1,662491,662068,423
33958581,20.4368,20.5144,423,42518,0.0635628,0.07,1,662508,662085,423
33961501,30.4874,30.5029,423,42568,0.0687126,0.03,1,662541,662118,423
33964421,33.2975,34.1006,422,42618,0.0217425,0.01,1,662575,662153,422
33967341,28.2595,27.6201,423,42668,0.0443485,0.03,1,662602,662179,423
33970261,23.2519,23.124,423,42717,0.0488697,0,1,662624,662201,423
33973181,33.4504,32.6248,424,42766,0.0177739,0.03,1,662660,662236,424
33976101,29.0901,29.725,423,42815,0.0435548,0.05,1,662688,662265,423
33979021,27.418,26.745,424,42864,0.032711,0.05,1,662715,662291,424
33981941,39.0836,40.549,422,42913,0.0305422,0.03,1,662757,662335,422
33984861,33.4167,32.9098,423,42962,0.00610844,0.05,1,662789,662366,423
33987781,29.8833,28.982,424,43011,0.00922169,0.05,1,662818,662394,424
33990701,22.7767,5.79639,445,43060,0.0258443,0.07,1,662839,662394,445
33993621,38.9553,17.9593,467,43109,0.0771689,0.07,1,662882,662415,467
33996541,31.7911,37.9919,454,43158,0.0554338,0.03,1,662912,662458,454
33999461,19.9582,33.9984,438,43207,0.0350868,0.07,1,662929,662491,438
34002381,30.3916,20.3997,454,43256,0.0470174,0.07,1,662962,662508,454
34005301,34.0783,30.4799,456,43305,0.0814035,0.01,1,662997,662541,456
34008221,28.4157,33.296,449,43354,0.104281,0.05,1,663024,662575,449
34011141,22.4831,28.2592,443,43403,0.108856,0.05,1,663045,662602,443
34014061,34.0966,23.2518,458,43452,0.0777712,0.01,1,663082,662624,458
34016981,28.4193,33.4504,449,43501,0.0875542,0.05,1,663109,662660,449
34019901,28.8839,29.0901,450,43550,0.121511,0.03,1,663138,662688,450
34022821,38.5768,27.418,464,43598,0.0803022,0.03,1,663179,662715,464
34025741,32.5154,39.0836,453,43646,0.0240604,0,1,663210,662757,453
34028661,29.7031,33.4167,450,43694,0.0288121,0.01,1,663239,662789,450
34031581,24.3406,29.8833,444,43742,0.0137624,0.03,1,663262,662818,444
34034501,40.8681,22.7767,468,43790,0.0587525,0.09,1,663307,662839,468
34037421,30.5736,38.9553,453,43838,0.0997505,0.05,1,663335,662882,453
34040341,18.9147,31.7911,439,43886,0.0759501,0.03,1,663351,662912,439
34043261,32.5829,19.9582,458,43934,0.05519,0.05,1,663387,662929,458
34046181,34.5166,30.3916,460,43982,0.067038,0.09,1,663422,662962,460
34049101,29.3033,34.0783,453,44030,0.0854076,0.11,1,663450,662997,453
34052021,23.4607,28.4157,448,44078,0.0570815,0.11,1,663472,663024,448
34054941,33.4921,22.4831,463,44126,0.0514163,0.07,1,663508,663045,463
34057861,27.4984,34.0966,452,44174,0.0502833,0.09,1,663534,663082,452
34060781,28.6997,28.4193,454,44222,0.0980567,0.13,1,663563,663109,454
34063701,37.7399,28.8839,465,44270,0.107611,0.07,1,663603,663138,465
34066621,30.748,38.5768,453,44318,0.109522,0.01,1,663632,663179,453
34069541,29.3496,32.5154,451,44366,0.109904,0.03,1,663661,663210,451
34072461,24.2699,29.7031,445,44414,0.0939809,0.01,1,663684,663239,445
34075381,43.254,24.3406,470,44461,0.0907962,0.07,1,663732,663262,470
34078301,10.2508,40.8681,427,44508,0.0901592,0.11,1,663734,663307,427
34081221,22.8502,30.5736,425,44555,0.0900319,0.07,1,663760,663335,425
34084141,18.17,18.9147,426,44602,0.122006,0.05,1,663777,663351,426
34087061,32.434,32.5829,426,44649,0.0964013,0.07,1,663813,663387,426
34089981,34.4868,34.5166,426,44696,0.15528,0.09,1,663848,663422,426
34092901,29.2974,29.3033,426,44743,0.183056,0.05,1,663876,663450,426
34095821,21.8595,23.4607,424,44790,0.204611,0.05,1,663896,663472,424
34098741,33.1719,33.4921,424,44837,0.256922,0.05,1,663932,663508,424
34101661,28.2344,27.4984,425,44884,0.267384,0.11,1,663959,663534,425
34104581,30.4469,28.6997,427,44931,0.253477,0.11,1,663990,663563,427
34107501,38.8894,37.7399,428,44978,0.250695,0.11,1,664031,663603,428
34110421,30.9779,30.748,428,45025,0.282139,0.11,1,664060,663632,428
34113341,28.5956,29.3496,427,45072,0.304428,0.09,1,664088,663661,427
34116261,21.7191,24.2699,424,45119,0.308886,0.09,1,664108,663684,424
34119181,44.3438,43.254,426,45166,0.341777,0.09,1,664158,663732,426
34122101,10.4688,10.2508,426,45213,0.348355,0.09,1,664160,663734,426
34125021,23.6938,22.8502,427,45260,0.349671,0.13,1,664187,663760,427
34127941,17.5388,18.17,426,45307,0.349934,0.09,1,664203,663777,426
34130861,34.7078,32.434,429,45354,0.365987,0.17,1,664242,663813,429
34133781,36.5416,34.4868,431,45400,0.385197,0.19,1,664279,663848,431
34136701,29.7083,29.2974,431,45446,0.389039,0.21,1,664307,663876,431
34139621,22.7417,21.8595,432,45492,0.405808,0.27,1,664328,663896,432
34142541,34.1483,33.1719,433,45538,0.409162,0.27,1,664365,663932,433
34145461,28.4297,28.2344,433,45584,0.473832,0.25,1,664392,663959,433
34148381,29.6859,30.4469,432,45630,0.454766,0.25,1,664422,663990,432
34151301,40.3372,38.8894,434,45676,0.498953,0.29,1,664465,664031,434
34154221,33.6674,30.9779,437,45722,0.523791,0.31,1,664497,664060,437
34157141,29.1335,28.5956,437,45768,0.528758,0.31,1,664525,664088,437
34160061,21.8267,21.7191,437,45814,0.529752,0.35,1,664545,664108,437
34162981,44.3653,44.3438,437,45860,0.54595,0.35,1,664595,664158,437
34165901,10.4731,10.4688,437,45906,0.54919,0.35,1,664597,664160,437
34168821,23.6946,2.09375,464,45952,0.565838,0.35,1,664624,664160,464
34171741,18.3389,22.0188,454,45998,0.521168,0.35,1,664641,664187,454
34174661,35.6678,17.2038,478,46044,0.528234,0.37,1,664681,664203,478
34177581,35.9336,34.6408,475,46090,0.561647,0.39,1,664717,664242,475
34180501,29.5867,36.5282,466,46136,0.584329,0.39,1,664745,664279,466
34183421,23.5173,29.7056,460,46182,0.620866,0.41,1,664767,664307,460
34186341,36.7035,22.7411,479,46228,0.596173,0.41,1,664807,664328,479
34189261,29.7407,34.1482,470,46274,0.655235,0.49,1,664835,664365,470
34192181,29.9481,28.4296,473,46320,0.667047,0.45,1,664865,664392,473
34195101,43.5896,29.6859,490,46366,0.701409,0.51,1,664912,664422,490
34198021,34.3179,40.3372,479,46411,0.708282,0.53,1,664944,664465,479
34200941,29.2636,33.6674,475,46456,0.725656,0.53,1,664972,664497,475
34203861,22.6527,29.1335,468,46501,0.713131,0.53,1,664993,664525,468
34206781,44.5305,21.8267,498,46546,0.726626,0.55,1,665043,664545,498
34209701,10.5061,44.3653,450,46591,0.729325,0.55,1,665045,664595,450
34212621,22.9012,10.4731,474,46636,0.729865,0.57,1,665071,664597,474
34215541,18.1802,23.6946,464,46681,0.745973,0.51,1,665088,664624,464
34218461,36.436,18.3389,488,46726,0.749195,0.53,1,665129,664641,488
34221381,36.8872,35.6678,485,46771,0.749839,0.57,1,665166,664681,485
34224301,30.5774,35.9336,478,46816,0.765968,0.59,2,665195,664717,478
34227221,25.3155,29.5867,474,46861,0.769194,0.63,2,665219,664745,474
34230141,37.0631,23.5173,492,46906,0.785839,0.59,2,665259,664767,492
34233061,31.4126,36.7035,482,46951,0.773168,0.67,2,665289,664807,482
34235981,30.2825,29.7407,484,46996,0.802634,0.67,2,665319,664835,484
34238901,45.2565,29.9481,503,47041,0.792527,0.71,2,665368,664865,503
34241821,35.4513,43.5896,489,47086,0.822505,0.71,2,665401,664912,489
34244741,29.4903,34.3179,485,47131,0.796501,0.73,2,665429,664944,485
34247661,21.8981,29.2636,477,47176,0.8233,0.71,2,665449,664972,477
34250581,45.1796,22.6527,507,47221,0.82866,0.73,2,665500,664993,507
34253501,10.6359,44.5305,459,47266,0.829732,0.73,2,665502,665043,459
34256421,22.9272,10.5061,483,47311,0.829946,0.73,2,665528,665045,483
34259341,18.9854,22.9012,475,47356,0.829989,0.75,2,665546,665071,475
34262261,5.39709,18.1802,460,47401,0.829998,0.75,2,665548,665088,460
34265181,33.0794,36.436,459,47445,0.862,0.75,2,665588,665129,459
34268101,36.2159,36.8872,459,47489,0.8684,0.77,2,665625,665166,459
34271021,31.2432,30.5774,460,47533,0.86968,0.77,2,665655,665195,460
34273941,25.4486,25.3155,460,47577,0.885936,0.79,2,665679,665219,460
34276861,38.6897,37.0631,462,47621,0.937187,0.77,2,665721,665259,462
34279781,30.1379,31.4126,460,47665,0.931437,0.81,2,665749,665289,460
34484181,78,33,502,22724,0.93,0.81,2,668253,667751,502
34598061,55,41,520,26115,0.83,0.99,2,670631,670111,520
34600981,79,52.2,550,26196,0.702,1,1,670716,670166,550
34603901,53.4,74.44,517,26277,0.7244,0.87,1,670763,670246,517
34606821,73.08,53.288,547,26358,0.77688,0.93,2,670841,670294,547
34609741,50.616,75.4576,511,26438,0.859376,0.91,2,670886,670375,511
34612661,49.3232,50.2915,516,26518,0.851875,0.95,2,670935,670419,516
34615581,63.4646,50.0583,533,26598,0.882375,0.87,2,671002,670469,533
34618501,41.4929,65.2117,500,26678,0.888475,0.83,2,671038,670538,500
34621421,50.6986,43.4423,515,26757,0.889695,0.83,2,671091,670576,515
34717781,38,39,519,29255,0.87,1,2,672806,672287,519
34720701,70.8,52.6,542,29327,0.694,1,1,672885,672343,542
34723621,40.56,68.12,503,29399,0.6108,1,1,672918,672415,503
34726541,62.512,44.824,532,29471,0.54616,0.98,1,672986,672454,532
34729461,77.3024,48.9648,563,29543,0.421232,1,1,673067,672504,563
34732381,53.8605,78.593,525,29615,0.396246,1,1,673115,672590,525
34735301,32.3721,59.7186,497,29686,0.327249,1,1,673142,672645,497
34738221,44.8744,32.7437,519,29757,0.32945,0.91,1,673190,672671,519
34741141,44.9749,51.3487,508,29828,0.32989,0.91,1,673235,672727,508
34744061,10.595,43.0697,469,29899,0.329978,0.87,1,673237,672768,469
34746981,30.119,39.0139,466,29970,0.345996,0.65,1,673272,672806,466
34749901,58.8238,71.0028,453,30041,0.333199,0.59,1,673338,672885,453
34752821,34.9648,40.6006,449,30111,0.36264,0.53,1,673367,672918,449
34755741,61.393,62.5201,449,30181,0.384528,0.39,1,673435,672986,449
34758661,72.2786,77.304,443,30251,0.372906,0.39,1,673510,673067,443
34761581,50.4557,53.8608,440,30321,0.370581,0.31,1,673555,673115,440
34764501,30.0911,32.3722,438,30391,0.386116,0.33,1,673580,673142,438
34767421,44.4182,44.8744,438,30461,0.405223,0.33,1,673628,673190,438
34770341,45.6836,44.9749,439,30530,0.425045,0.33,1,673674,673235,439
34773261,10.7367,10.595,439,30599,0.429009,0.35,1,673676,673237,439
34776181,28.5473,30.119,437,30668,0.477802,0.33,1,673709,673272,437
34779101,59.3095,58.8238,438,30737,0.48756,0.37,1,673776,673338,438
34782021,36.6619,34.9648,440,30806,0.505512,0.39,1,673807,673367,440
34784941,60.9324,61.393,439,30875,0.509102,0.37,1,673874,673435,439
34787861,73.7865,72.2786,441,30944,0.55782,0.37,1,673951,673510,441
34790781,49.9573,50.4557,440,31012,0.583564,0.39,1,673995,673555,440
34793701,31.5915,30.0911,442,31080,0.572713,0.41,1,674022,673580,442
34796621,43.1183,44.4182,440,31148,0.602543,0.43,1,674068,673628,440
34799541,46.2237,45.6836,441,31216,0.624509,0.43,1,674115,673674,441
34802461,10.8447,10.7367,441,31284,0.628902,0.43,1,674117,673676,441
34805381,30.1689,2.14735,476,31352,0.59778,0.49,1,674152,673676,476
34808301,61.2338,26.8295,512,31419,0.671556,0.49,1,674221,673709,512
34811221,37.8468,58.9659,477,31486,0.686311,0.51,1,674253,673776,477
34814141,61.1694,36.5932,513,31553,0.705262,0.51,1,674320,673807,513
34817061,74.6339,60.9186,524,31620,0.757052,0.57,2,674398,673874,524
34819981,50.9268,73.7837,492,31687,0.75141,0.59,2,674443,673951,492
34822901,32.5854,49.9567,476,31754,0.750282,0.57,2,674471,673995,476
34825821,44.1171,31.5913,496,31821,0.734056,0.61,1,674518,674022,496
34828741,46.4234,43.1183,497,31887,0.794811,0.63,2,674565,674068,497
34831661,10.8847,46.2237,452,31953,0.806962,0.63,2,674567,674115,452
34834581,30.9769,10.8447,486,32019,0.777393,0.59,2,674603,674117,486
34837501,64.5954,30.1689,524,32085,0.851479,0.69,2,674676,674152,524
34840421,39.3191,61.2338,488,32151,0.930296,0.69,2,674709,674221,488
34843341,61.4638,37.8468,523,32217,0.930059,0.71,2,674776,674253,523
34983501,30,27,529,35230,0.67,1,1,676884,676355,529
34986421,43.6,43,529,35290,0.558,1,1,676931,676402,529
34989341,35.92,46.2,516,35350,0.4876,1,1,676965,676449,516
34992261,30.384,28.44,521,35410,0.42552,1,1,676994,676473,521
34995181,55.6768,31.288,551,35470,0.349104,1,1,677056,676505,551
34998101,37.5354,67.8576,507,35530,0.381821,1,1,677089,676582,507
35001021,36.3071,42.3715,507,35589,0.388364,0.94,1,677125,676618,507
35003941,35.2614,36.4743,507,35648,0.437673,0.88,1,677160,676653,507
35006861,16.6523,32.8949,487,35707,0.447535,0.99,1,677172,676685,487
35009781,37.7305,56.179,468,35766,0.385507,0.73,1,677215,676747,468
35012701,53.9461,65.6358,458,35825,0.453101,0.69,1,677273,676815,458
35015621,40.3892,44.3272,456,35884,0.49862,0.67,1,677310,676854,456
35018541,29.6778,32.8654,453,35943,0.491724,0.53,1,677337,676884,453
35021461,41.9356,44.1731,451,36002,0.474345,0.47,1,677382,676931,451
35024381,33.9871,36.0346,449,36061,0.502869,0.41,1,677414,676965,449
35027301,27.5974,30.4069,446,36120,0.476574,0.33,1,677440,676994,446
35030221,51.1195,55.6814,441,36179,0.551315,0.39,1,677497,677056,441
35033141,35.8239,37.5363,440,36237,0.582263,0.39,1,677529,677089,440
35036061,36.7648,36.3073,441,36295,0.572453,0.45,1,677566,677125,441
35038981,37.753,35.2615,444,36353,0.570491,0.45,1,677604,677160,444
35041901,13.9506,16.6523,440,36411,0.602098,0.37,1,677612,677172,440
35044821,37.9901,37.7305,441,36469,0.62442,0.47,1,677656,677215,441
35047741,57.198,53.9461,445,36527,0.708884,0.51,1,677718,677273,445
35050661,41.0396,40.3892,445,36585,0.725777,0.49,1,677755,677310,445
35053581,30.6079,29.6778,446,36643,0.697155,0.47,1,677783,677337,446
35056501,41.3216,41.9356,445,36701,0.707431,0.51,1,677827,677382,445
35059421,35.4643,33.9871,447,36759,0.773486,0.47,2,677861,677414,447
35062341,27.0929,27.5974,446,36816,0.770697,0.57,2,677886,677440,446
35065261,55.0186,51.1195,451,36873,0.754139,0.59,2,677948,677497,451
35068181,36.6037,35.8239,451,36930,0.718828,0.57,1,677980,677529,451
35071101,36.1207,36.7648,450,36987,0.775766,0.57,2,678016,677566,450
35074021,37.6241,37.753,450,37044,0.771153,0.61,2,678054,677604,450
35076941,13.9248,13.9506,450,37101,0.802231,0.63,2,678062,677612,450
35079861,40.385,37.9901,453,37158,0.808446,0.63,2,678109,677656,453
35082781,59.277,7.59802,517,37215,0.825689,0.73,2,678173,677656,517
35085701,41.4554,51.1196,492,37272,0.877138,0.73,2,678210,677718,492
35088621,30.6911,39.8239,483,37329,0.903428,0.69,2,678238,677755,483
35091541,42.9382,30.3648,501,37386,0.876686,0.71,2,678284,677783,501
35094461,36.5876,41.273,492,37443,0.887337,0.79,2,678319,677827,492
35097381,27.3175,35.4546,483,37499,0.905467,0.77,2,678344,677861,483
35100301,53.4635,27.0909,518,37555,0.877093,0.75,2,678404,677886,518
35103221,37.8927,55.0182,490,37611,0.871419,0.71,2,678438,677948,490
35106141,36.3785,36.6036,494,37667,0.870284,0.79,2,678474,677980,494
35109061,38.4757,36.1207,497,37723,0.902057,0.77,2,678513,678016,497
35111981,14.0951,37.6241,467,37779,0.908411,0.81,2,678521,678054,467
35114901,40.419,13.9248,506,37835,0.893682,0.81,2,678568,678062,506
35117821,62.4838,40.385,527,37891,0.874736,0.83,2,678636,678109,527
35120741,43.6968,59.277,502,37947,0.902947,0.89,2,678675,678173,502
35237541,40,0,528,40113,0.89,1,2,680177,679649,528
35240461,32,20,533,40166,0.858,1,2,680207,679674,533
35243381,28.8,28.8,530,40219,0.7556,1,2,680235,679705,530
35246301,18.56,34.56,510,40271,0.63912,0.99,1,680251,679741,510
35249221,35.712,26.912,525,40323,0.423824,1,1,680291,679766,525
35252141,54.3424,59.7824,516,40375,0.236765,1,1,680350,679834,516
35255061,34.0685,39.9565,510,40427,0.135353,1,1,680379,679869,510
35257981,43.6137,33.5913,524,40479,0.0350706,1,1,680425,679901,524
35260901,33.5227,44.3183,508,40531,0.0470141,1,1,680456,679948,508
35263821,30.7045,34.4637,506,40583,0.0494028,1,1,680486,679980,506
35266741,57.3409,30.0927,541,40635,0.0338806,1,1,680550,680009,541
35269661,34.6682,61.2185,501,40687,0.0307761,0.94,1,680579,680078,501
35272581,26.1336,41.0437,489,40739,0.00615522,0.92,1,680603,680114,489
35275501,33.2267,26.6087,501,40791,0.041231,0.89,1,680638,680137,501
35278421,29.0453,37.3217,489,40843,0.0322462,0.85,1,680666,680177,489
35281341,23.4091,31.4643,481,40895,0.0944492,0.73,1,680688,680207,481
35284261,14.2818,28.6929,465,40947,0.0908899,0.61,1,680700,680235,465
35287181,25.2564,18.5386,477,40999,0.090178,0.37,1,680728,680251,477
35290101,43.4513,35.7077,485,41050,0.0420356,0.19,1,680776,680291,485
35293021,31.8903,54.3415,455,41101,0.0804071,0.11,1,680805,680350,455
35295941,40.7781,34.0683,469,41152,0.0400814,0.01,1,680848,680379,469
35298861,32.1556,43.6137,453,41203,0.0480163,0.05,1,680878,680425,453
35301781,29.6311,33.5227,451,41254,0.0816033,0.05,1,680907,680456,451
35304701,57.9262,30.7045,486,41305,0.0403207,0.03,1,680972,680486,486
35307621,33.9852,57.3409,450,41356,0.0480641,0.03,1,681000,680550,450
35310541,25.997,34.6682,445,41407,0.0176128,0,1,681024,680579,445
35313461,33.9994,26.1336,457,41458,0.0435226,0.05,1,681060,680603,457
35316381,29.9999,33.2267,451,41509,0.0327045,0.03,1,681089,680638,451
35319301,7.59998,29.0453,425,41560,0.0305409,0.11,1,681091,680666,425
35322221,19.92,23.4091,426,41611,0.0621082,0.09,1,681114,680688,426
35325141,11.184,14.2818,423,41662,0.0684216,0.09,1,681123,680700,423
35328061,27.8368,25.2564,427,41713,0.0856843,0.03,1,681155,680728,427
35330981,40.7674,43.4513,423,41764,0.105137,0.09,1,681199,680776,423
35333901,33.7535,31.8903,426,41815,0.109027,0.03,1,681231,680805,426
35336821,37.9507,40.7781,422,41865,0.141805,0.05,1,681270,680848,422
35339741,32.3901,32.1556,423,41915,0.132361,0.09,1,681301,680878,423
35342661,31.278,29.6311,425,41965,0.0984722,0.03,1,681332,680907,425
35345581,56.6556,57.9262,423,42015,0.0276944,0.05,1,681395,680972,423
35348501,34.5311,33.9852,424,42065,0.0615389,0.01,1,681424,681000,424
35351421,24.5062,25.997,422,42115,0.0363078,0.05,1,681446,681024,422
35354341,36.9012,33.9994,426,42165,0.0792616,0.03,1,681486,681060,426
35357261,28.9802,29.9999,424,42215,0.0878523,0.03,1,681513,681089,424
35360181,7.39605,7.59998,424,42265,0.0895705,0.07,1,681515,681091,424
35363101,19.8792,19.92,424,42315,0.105914,0.07,1,681538,681114,424
35366021,11.9758,11.184,425,42365,0.109183,0.09,1,681548,681123,425
35368941,29.5952,27.8368,427,42415,0.157837,0.11,1,681582,681155,427
35371861,41.119,40.7674,427,42465,0.183567,0.11,1,681626,681199,427
35374781,33.8238,33.7535,427,42515,0.188713,0.15,1,681658,681231,427
35377701,37.9648,37.9507,427,42565,0.221743,0.13,1,681697,681270,427
35380621,31.593,32.3901,426,42615,0.196349,0.09,1,681727,681301,426
35383541,31.1186,31.278,426,42665,0.19127,0.01,1,681758,681332,426
35386461,53.4237,56.6556,422,42714,0.206254,0.07,1,681817,681395,422
35389381,34.6847,34.5311,423,42763,0.193251,0.03,1,681847,681424,423
35392301,23.7369,24.5062,422,42812,0.22265,0.09,1,681868,681446,422
35395221,38.3474,36.9012,424,42861,0.19653,0.09,1,681910,681486,424
35398141,30.8695,28.9802,426,42910,0.143306,0.09,1,681939,681513,426
35401061,7.7739,7.39605,426,42959,0.132661,0.11,1,681941,681515,426
35403981,20.7548,19.8792,427,43008,0.162532,0.11,1,681965,681538,427
35406901,12.151,3.97584,437,43057,0.168506,0.11,1,681975,681538,437
35409821,31.2302,8.79517,463,43106,0.217701,0.17,1,682011,681548,463
35412741,42.246,28.959,474,43155,0.27554,0.19,1,682056,681582,474
35415661,34.8492,40.9918,463,43204,0.271108,0.19,1,682089,681626,463
35418581,37.3698,33.7984,469,43253,0.286222,0.23,1,682127,681658,469
35421501,31.474,37.9597,460,43302,0.289244,0.19,1,682157,681697,460
35424421,31.0948,31.5919,461,43351,0.273849,0.19,1,682188,681727,461
35427341,52.619,31.1184,488,43400,0.25477,0.21,1,682246,681758,488
35430261,36.1238,53.4237,461,43449,0.234954,0.19,1,682278,681817,461
35433181,23.2248,34.6847,451,43498,0.262991,0.23,1,682298,681847,451
35436101,36.645,23.7369,470,43547,0.268598,0.19,1,682338,681868,470
35439021,31.329,38.3474,458,43595,0.26972,0.13,1,682368,681910,458
35441941,7.8658,30.8695,431,43643,0.269944,0.13,1,682370,681939,431
35444861,20.7732,7.7739,453,43691,0.269989,0.17,1,682394,681941,453
35447781,12.1546,20.7548,439,43739,0.269998,0.17,1,682404,681965,439
35450701,35.2309,12.151,470,43787,0.286,0.23,1,682445,681975,470
35453621,43.8462,31.2302,480,43835,0.2892,0.29,1,682491,682011,480
35456541,34.3692,42.246,467,43883,0.32184,0.27,1,682523,682056,467
35459461,38.0738,34.8492,473,43931,0.344368,0.29,1,682562,682089,473
35462381,31.6148,37.3698,465,43979,0.348874,0.29,1,682592,682127,465
35465301,30.323,31.474,465,44027,0.365775,0.27,1,682622,682157,465
35468221,52.4646,31.0948,492,44075,0.401155,0.25,1,682680,682188,492
35471141,36.0929,52.619,466,44123,0.408231,0.23,1,682712,682246,466
35474061,23.2186,36.1238,454,44171,0.425646,0.27,1,682732,682278,454
35476981,36.6437,23.2248,474,44219,0.493129,0.27,1,682772,682298,474
35479901,31.3287,36.645,464,44267,0.506626,0.27,1,682802,682338,464
35482821,7.86575,31.329,436,44315,0.509325,0.27,1,682804,682368,436
35485741,20.7732,7.8658,458,44363,0.509865,0.27,1,682828,682370,458
35488661,12.9546,20.7732,445,44411,0.525973,0.27,1,682839,682394,445
35491581,33.7909,12.1546,474,44458,0.561195,0.29,1,682878,682404,474
35494501,8.35818,35.2309,435,44505,0.568239,0.29,1,682880,682445,435
35497421,39.2716,43.8462,436,44552,0.585648,0.33,1,682927,682491,436
35500341,35.0543,34.3692,438,44599,0.60513,0.35,1,682961,682523,438
35503261,39.0109,38.0738,439,44646,0.609026,0.35,1,683001,682562,439
35506181,32.6022,31.6148,440,44693,0.625805,0.37,1,683032,682592,440
35509101,30.5204,30.323,440,44740,0.661161,0.41,1,683062,682622,440
35512021,54.1041,52.4646,442,44787,0.652232,0.41,1,683122,682680,442
35514941,36.4208,36.0929,442,44834,0.682446,0.43,1,683154,682712,442
35517861,24.8842,23.2186,444,44881,0.688489,0.51,1,683176,682732,444
35520781,39.3768,36.6437,447,44928,0.737698,0.51,1,683219,682772,447
35523701,31.8754,31.3287,447,44975,0.76354,0.51,2,683249,682802,447
35526621,7.97507,7.86575,447,45022,0.736708,0.51,1,683251,682804,447
35529541,20.795,20.7732,447,45069,0.731342,0.53,1,683275,682828,447
35532461,13.759,12.9546,448,45116,0.730268,0.57,1,683287,682839,448
35535381,35.5518,33.7909,450,45163,0.746054,0.57,1,683328,682878,450
35538301,8.71036,8.35818,450,45210,0.717211,0.59,1,683330,682880,450
35541221,39.3421,39.2716,450,45257,0.759442,0.61,2,683377,682927,450
35544141,35.0684,35.0543,450,45304,0.831888,0.61,2,683411,682961,450
35547061,39.0137,39.0109,450,45351,0.894378,0.63,2,683451,683001,450
35549981,35.0027,32.6022,453,45398,0.890876,0.67,2,683485,683032,453
35552901,31.0005,30.5204,453,45444,0.890175,0.65,2,683515,683062,453
35555821,55.0001,54.1041,454,45490,0.890035,0.69,2,683576,683122,454
35558741,36.6,36.4208,454,45536,0.922007,0.69,2,683608,683154,454
35561661,26.52,24.8842,456,45582,0.928401,0.75,2,683632,683176,456
35779201,36,16,483,21997,0.15,0.89,1,686216,685733,483
35782121,28,29.6,476,22093,0.166,0.77,1,686242,685766,476
35785041,31.2,34.72,472,22189,0.1692,0.59,1,686274,685802,472
35787961,66.24,47.744,496,22285,0.18584,0.39,1,686349,685853,496
35790881,70.848,77.5488,483,22380,0.189168,0.45,1,686421,685938,483
35793801,97.3696,110.71,468,22475,0.253834,0.31,1,686525,686057,468
35796721,66.6739,70.942,466,22569,0.282767,0.13,1,686584,686118,466
35799641,62.1348,63.7884,465,22663,0.272553,0.15,1,686645,686180,465
35802561,33.227,41.5577,455,22757,0.350511,0.17,1,686671,686216,455
35805481,32.2454,29.1115,461,22850,0.398102,0.17,1,686703,686242,461
35808401,67.2491,31.4223,505,22943,0.43962,0.19,1,686779,686274,505
35811321,71.0498,66.2845,502,23035,0.463924,0.19,1,686851,686349,502
35814241,100.61,70.8569,538,23127,0.516785,0.27,1,686959,686421,538
35817161,68.122,97.3714,494,23219,0.543357,0.29,1,687019,686525,494
35820081,63.2244,66.6743,497,23310,0.564671,0.27,1,687081,686584,497
35823001,36.6449,62.1349,466,23401,0.616934,0.37,1,687111,686645,466
35825921,33.729,33.227,473,23492,0.627387,0.41,1,687144,686671,473
35828841,69.1458,32.2454,519,23582,0.661477,0.45,1,687222,686703,519
35831761,72.2292,67.2491,516,23672,0.668296,0.47,1,687295,686779,516
35834681,104.046,71.0498,556,23762,0.669659,0.53,1,687407,686851,556
35837601,68.8092,100.61,508,23851,0.733932,0.55,1,687467,686959,508
35840521,64.1618,68.122,511,23940,0.730786,0.57,1,687530,687019,511
35843441,14.4324,63.2244,451,24029,0.730157,0.63,1,687532,687081,451
35846361,26.8865,36.6449,451,24117,0.730031,0.63,1,687562,687111,451
35849281,33.3773,33.729,453,24205,0.746006,0.67,1,687597,687144,453
35852201,70.6755,69.1458,455,24293,0.781201,0.67,2,687677,687222,455
35855121,72.5351,72.2292,455,24380,0.78824,0.67,2,687750,687295,455
35858041,105.707,104.046,457,24467,0.789648,0.75,2,687864,687407,457
35860961,70.7414,68.8092,459,24554,0.86993,0.73,2,687926,687467,459
35863881,63.7483,64.1618,458,24640,0.885986,0.73,2,687988,687530,458
35866801,14.3497,14.4324,458,24726,0.889197,0.73,2,687990,687532,458
35869721,26.8699,26.8865,458,24812,0.889839,0.75,2,688020,687562,458
35960241,69,75,476,27336,0.73,1,1,689878,689402,476
35963161,48.2,38.2,490,27413,0.65,1,1,689921,689431,490
35966081,34.44,32.44,490,27490,0.586,1,1,689952,689462,490
35969001,30.888,21.688,501,27567,0.4932,1,1,689982,689481,501
35971921,30.9776,20.3376,512,27644,0.49064,0.95,1,690013,689501,512
35974841,43.7955,48.8675,503,27721,0.426128,1,1,690060,689557,503
35977761,55.9591,77.7735,477,27797,0.429226,0.85,1,690119,689642,477
35980681,95.1918,105.155,470,27873,0.317845,0.83,1,690224,689754,470
35983601,55.8384,65.0309,461,27949,0.231569,0.73,1,690270,689809,461
35986521,62.3677,68.2062,456,28025,0.262314,0.63,1,690334,689878,456
35989441,44.4735,48.0412,453,28101,0.316463,0.57,1,690374,689921,453
35992361,30.4947,34.4082,449,28176,0.327293,0.47,1,690401,689952,449
35995281,27.6989,30.8816,446,28251,0.329459,0.49,1,690428,689982,446
35998201,25.5398,30.9763,440,28326,0.361892,0.41,1,690453,690013,440
36001121,45.108,43.7953,443,28401,0.352378,0.41,1,690503,690060,443
36004041,53.0216,8.75905,498,28476,0.398476,0.43,1,690558,690060,498
36006961,89.8043,48.9518,538,28550,0.423695,0.29,1,690657,690119,538
36009881,54.7609,93.7904,479,28624,0.428739,0.21,1,690703,690224,479
36012801,62.9522,55.5581,498,28698,0.461748,0.27,1,690768,690270,498
36015721,45.3904,62.3116,475,28772,0.51635,0.33,1,690809,690334,475
36018641,31.4781,44.4623,463,28846,0.51127,0.33,1,690837,690374,463
36021561,28.6956,30.4925,464,28919,0.526254,0.33,1,690865,690401,464
36024481,25.7391,27.6985,462,28992,0.561251,0.37,1,690890,690428,462
36027401,47.5478,25.5397,490,29065,0.58425,0.35,1,690943,690453,490
36030321,54.3096,45.1079,496,29138,0.62085,0.41,1,690999,690503,496
36033241,90.8619,53.0216,541,29211,0.69217,0.43,1,691099,690558,541
36036161,54.9724,89.8043,488,29283,0.706434,0.43,1,691145,690657,488
36039081,64.5945,54.7609,509,29355,0.709287,0.47,1,691212,690703,509
36042001,48.9189,62.9522,489,29427,0.757857,0.53,2,691257,690768,489
36044921,30.5838,45.3904,474,29499,0.783571,0.51,2,691283,690809,474
36047841,29.3168,31.4781,475,29571,0.804714,0.53,2,691312,690837,475
36050761,29.0634,28.6956,476,29643,0.808943,0.57,2,691341,690865,476
36053681,48.2127,25.7391,504,29714,0.793789,0.59,2,691394,690890,504
36056601,56.0425,47.5478,509,29785,0.774758,0.63,2,691452,690943,509
36059521,12.8085,54.3096,455,29856,0.770952,0.71,2,691454,690999,455
36062441,84.1617,90.8619,457,29927,0.78619,0.71,2,691556,691099,457
36065361,54.4323,54.9724,458,29998,0.821238,0.71,2,691603,691145,458
36068281,65.2865,64.5945,459,30069,0.796248,0.77,2,691671,691212,459
36071201,49.8573,48.9189,460,30139,0.80725,0.79,2,691717,691257,460
36074121,31.5715,30.5838,461,30209,0.79345,0.81,2,691744,691283,461
36077041,31.1143,29.3168,463,30279,0.79069,0.81,2,691775,691312,463
36079961,28.6229,29.0634,462,30349,0.822138,0.79,2,691803,691341,462
36082881,47.3246,48.2127,461,30419,0.876428,0.77,2,691855,691394,461
36085801,55.0649,56.0425,460,30489,0.887286,0.77,2,691912,691452,460
36088721,12.613,12.8085,460,30558,0.921457,0.79,2,691914,691454,460
36440581,97,45,514,16916,0.07,0.17,1,697352,696838,514
36443501,98.6,127.4,465,17042,0.054,0.03,1,697451,696986,465
36446421,74.92,99.88,441,17167,0.0348,0.07,1,697520,697079,441
36449341,38.984,47.976,436,17291,0.03096,0.01,1,697550,697114,436
36452261,56.5968,30.3952,471,17414,0.046192,0.05,1,697611,697140,471
36455181,141.719,98.079,519,17536,0.0332384,0.07,1,697774,697255,519
36458101,111.544,97.2158,526,17657,0.0946477,0.05,1,697878,697352,526
36461021,73.5088,98.6432,491,17777,0.0429295,0.03,1,697942,697451,491
36463941,37.9018,74.9286,451,17896,0.0645859,0.03,1,697971,697520,451
36466861,57.9804,38.9857,484,18015,0.0369172,0.05,1,698034,697550,484
36469781,13.1961,56.5971,425,18133,0.0313834,0.03,1,698036,697611,425
36472701,131.439,141.719,423,18250,0.0302767,0.11,1,698197,697774,423
36475621,111.088,111.544,425,18366,0.158055,0.03,1,698303,697878,425
36478541,72.6176,73.5088,424,18482,0.135611,0.07,1,698366,697942,424
36481461,36.1235,37.9018,422,18597,0.147122,0.03,1,698393,697971,422
36484381,58.4247,57.9804,423,18711,0.0694244,0.03,1,698457,698034,423
36487301,13.2849,13.1961,423,18824,0.0858849,0.03,1,698459,698036,423
36490221,131.457,131.439,423,18937,0.025177,0.19,1,698620,698197,423
36493141,115.891,111.088,429,19049,0.125035,0.13,1,698732,698303,429
36496061,72.7783,72.6176,428,19160,0.177007,0.15,1,698794,698366,428
36498981,35.3557,36.1235,427,19271,0.187401,0.05,1,698820,698393,427
36501901,55.8711,58.4247,424,19381,0.22148,0.09,1,698881,698457,424
36504821,12.7742,13.2849,424,19490,0.196296,0.01,1,698883,698459,424
36507741,129.755,131.457,422,19599,0.239259,0.01,1,699042,698620,422
36510661,118.751,26.2914,538,19707,0.311852,0.15,1,699158,698620,538
36513581,76.5502,94.8583,492,19815,0.35837,0.19,1,699224,698732,492
36516501,36.91,68.5717,457,19922,0.383674,0.19,1,699251,698794,457
36519421,55.382,34.5143,491,20028,0.404735,0.23,1,699311,698820,491
36522341,12.6764,55.7029,432,20134,0.408947,0.19,1,699313,698881,432
36525261,130.535,12.7406,590,20239,0.393789,0.25,1,699473,698883,590
36528181,124.507,129.748,554,20344,0.358758,0.33,1,699596,699042,554
36531101,78.5014,118.75,505,20448,0.447752,0.37,1,699663,699158,505
36534021,36.5003,76.5499,465,20552,0.46555,0.39,1,699689,699224,465
36536941,57.7001,36.91,501,20655,0.45311,0.41,1,699752,699251,501
36539861,13.14,55.382,443,20758,0.450622,0.41,1,699754,699311,443
36542781,129.828,12.6764,600,20860,0.498124,0.39,1,699913,699313,600
36545701,124.366,130.535,563,20962,0.539625,0.35,1,700036,699473,563
36548621,26.4731,124.507,442,21063,0.547925,0.47,1,700038,699596,442
36551541,61.2946,78.5014,445,21164,0.645585,0.47,1,700108,699663,445
36554461,33.0589,36.5003,445,21264,0.681117,0.45,1,700134,699689,445
36557381,56.2118,57.7001,444,21364,0.688223,0.45,1,700196,699752,444
36560301,12.8424,13.14,444,21463,0.721645,0.51,1,700198,699754,444
36563221,132.168,129.828,447,21562,0.792329,0.55,2,700360,699913,447
36566141,126.434,124.366,449,21660,0.822466,0.55,2,700485,700036,449
36569061,26.8867,26.4731,449,21758,0.796493,0.67,2,700487,700038,449
36571981,66.9773,61.2946,456,21855,0.839299,0.69,2,700564,700108,456
36574901,34.1955,33.0589,456,21952,0.86386,0.69,2,700590,700134,456
36577821,57.2391,56.2118,457,22049,0.900772,0.73,2,700653,700196,457
36580741,13.0478,12.8424,457,22145,0.908154,0.81,2,700655,700198,457
36674181,135,128,495,25026,0.83,1,2,702863,702368,495
36677101,51.8,50.4,495,25111,0.782,1,2,702894,702399,495
36680021,40.76,56.48,475,25195,0.8364,0.99,2,702932,702457,475
36682941,47.352,41.696,486,25279,0.73528,1,1,702981,702495,486
36685861,51.0704,57.9392,476,25363,0.619056,1,1,703033,702557,476
36688781,40.6141,38.7878,480,25447,0.611811,1,1,703071,702591,480
36691701,28.9228,7.75757,506,25530,0.610362,0.95,1,703097,702591,506
36694621,84.1846,23.9515,576,25613,0.578072,0.81,1,703195,702619,576
36697541,120.837,91.9903,597,25696,0.619614,0.83,1,703325,702728,597
36700461,47.3674,126.398,491,25778,0.627923,0.77,1,703354,702863,491
36703381,38.2735,50.0796,496,25860,0.629585,0.85,1,703390,702894,496
36706301,42.0547,40.4159,501,25942,0.645917,0.71,1,703433,702932,501
36709221,49.2109,47.2832,503,26024,0.633183,0.59,1,703484,702981,503
36712141,41.8422,51.0566,491,26105,0.646637,0.61,1,703524,703033,491
36715061,26.7684,40.6113,476,26186,0.633327,0.61,1,703547,703071,476
36717981,82.9537,28.9223,547,26267,0.710666,0.57,1,703644,703097,547
36720901,122.991,84.1845,582,26348,0.726133,0.63,1,703777,703195,582
36723821,47.7981,120.837,481,26428,0.745227,0.63,1,703806,703325,481
36726741,38.3596,47.3674,488,26508,0.765045,0.63,2,703842,703354,488
36729661,42.8719,38.2735,496,26588,0.785009,0.65,2,703886,703390,496
36732581,50.1744,42.0547,505,26668,0.789002,0.63,2,703938,703433,505
36735501,41.2349,49.2109,493,26747,0.7738,0.65,2,703977,703484,493
36738421,27.447,41.8422,477,26826,0.78676,0.63,2,704001,703524,477
36741341,86.2894,26.7684,555,26905,0.885352,0.73,2,704102,703547,555
36744261,18.8579,82.9537,460,26984,0.93707,0.73,2,704104,703644,460
36852301,88,25,581,29748,0.75,1,2,706113,705532,581
36855221,44,98.6,497,29819,0.686,1,1,706146,705649,497
36858141,32,42.12,498,29890,0.7052,0.88,1,706175,705677,498
36861061,31.2,36.424,494,29961,0.66104,1,1,706206,705712,494
36863981,44.64,54.4848,483,30032,0.620208,1,1,706254,705771,483
36866901,52.928,50.097,489,30102,0.532042,1,1,706309,705820,489
36869821,43.3856,45.2194,486,30172,0.626408,1,1,706350,705864,486
36872741,30.2771,35.4439,480,30242,0.629282,0.89,1,706377,705897,480
36875661,70.8554,80.6888,469,30312,0.613856,0.79,1,706458,705989,469
36878581,41.3711,44.9378,467,30382,0.674771,0.75,1,706492,706025,467
36881501,69.0742,79.3876,455,30452,0.654954,0.67,1,706568,706113,455
36884421,39.4148,42.2775,454,30521,0.650991,0.71,1,706600,706146,454
36887341,29.483,31.6555,452,30590,0.698198,0.65,1,706627,706175,452
36890261,33.0966,31.1311,455,30659,0.67564,0.61,1,706661,706206,455
36893181,42.6193,44.6262,452,30728,0.703128,0.51,1,706706,706254,452
36896101,54.9239,52.9252,455,30797,0.756626,0.65,2,706764,706309,455
36899021,42.9848,43.385,454,30866,0.767325,0.63,2,706804,706350,454
36901941,29.397,30.277,453,30935,0.785465,0.61,2,706830,706377,453
36904861,69.8794,70.8554,452,31003,0.789093,0.69,2,706910,706458,452
36907781,42.7759,41.3711,454,31071,0.805819,0.65,2,706946,706492,454
36910701,70.9552,69.0742,456,31139,0.825164,0.65,2,707024,706568,456
36913621,38.191,39.4148,454,31207,0.893033,0.71,2,707054,706600,454
36916541,31.6382,29.483,457,31275,0.874607,0.67,2,707084,706627,457
36919461,31.9276,33.0966,455,31343,0.886921,0.67,2,707116,706661,455
36922381,43.1855,6.61932,501,31411,0.905384,0.71,2,707162,706661,501
37071301,37,23,533,34678,0.77,1,2,709484,708951,533
37074221,37,41.4,524,34739,0.706,1,1,709521,708997,524
37077141,27.4,37.08,513,34800,0.6932,1,1,709546,709033,513
37080061,32.68,31.416,517,34861,0.64264,1,1,709580,709063,517
37082981,29.736,36.6832,508,34922,0.648528,1,1,709609,709101,508
37085901,49.9472,34.5366,529,34983,0.697706,0.9,1,709664,709135,529
37088821,33.9894,50.9073,504,35043,0.659541,1,1,709694,709190,504
37091741,54.7979,37.3815,530,35103,0.619908,1,1,709754,709224,530
37094661,39.7596,54.6763,507,35163,0.595982,0.91,1,709790,709283,507
37097581,75.1519,39.7353,555,35223,0.639196,0.86,1,709874,709319,555
37100501,37.4304,83.9471,488,35283,0.615839,0.81,1,709902,709414,488
37103421,36.2861,43.1894,491,35343,0.643168,0.77,1,709938,709447,491
37106341,36.8572,38.2379,491,35403,0.664634,0.69,1,709975,709484,491
37109261,28.9714,37.2476,481,35463,0.684927,0.69,1,710002,709521,481
37112181,34.5943,27.4495,492,35523,0.688985,0.63,1,710038,709546,492
37115101,28.5189,32.6899,485,35583,0.705797,0.65,1,710065,709580,485
37118021,46.5038,29.738,507,35642,0.693159,0.71,1,710116,709609,507
37120941,10.9008,49.9476,454,35701,0.690632,0.65,1,710118,709664,454
37123861,25.3802,33.9895,453,35760,0.722126,0.61,1,710147,709694,453
37126781,52.276,54.7979,452,35819,0.744425,0.59,1,710206,709754,452
37129701,36.8552,39.7596,449,35878,0.780885,0.65,2,710239,709790,449
37132621,76.971,75.1519,452,35937,0.868177,0.61,2,710326,709874,452
37135541,40.1942,37.4304,455,35996,0.869635,0.65,2,710357,709902,455
37138461,36.0388,36.2861,454,36055,0.901927,0.67,2,710392,709938,454
37141381,37.6078,36.8572,455,36114,0.892385,0.69,2,710430,709975,455
37144301,28.3216,28.9714,454,36173,0.922477,0.69,2,710456,710002,454
37147221,36.0643,34.5943,456,36231,0.880495,0.71,2,710494,710038,456
37150141,29.6129,28.5189,457,36289,0.936099,0.69,2,710522,710065,457
37153061,46.7226,46.5038,457,36347,0.93122,0.69,2,710573,710116,457
37155981,10.9445,10.9008,457,36405,0.930244,0.73,2,710575,710118,457
37158901,26.1889,25.3802,458,36463,0.898049,0.75,2,710605,710147,458
37161821,52.4378,52.276,458,36521,0.92361,0.79,2,710664,710206,458
37164741,37.6876,36.8552,459,36579,0.928722,0.89,2,710698,710239,459
37313661,49,69,479,39417,0.69,1,1,712694,712215,479
37316581,53.8,42.6,498,39471,0.53,1,1,712749,712251,498
37319501,41.16,32.52,506,39525,0.45,1,1,712787,712281,506
37322421,33.032,40.904,494,39578,0.386,1,1,712818,712324,494
37325341,33.8064,33.7808,496,39631,0.2612,1,1,712852,712356,496
37328261,41.9613,33.1562,507,39684,0.15624,1,1,712896,712389,507
37331181,29.1923,33.0312,500,39737,0.119248,1,1,712922,712422,500
37334101,21.0385,31.4062,488,39790,0.12785,0.96,1,712941,712453,488
37337021,31.4077,32.6812,489,39843,0.0335699,1,1,712975,712486,489
37339941,26.2815,26.5362,489,39896,0.078714,1,1,713000,712511,489
37342861,35.6563,46.1072,476,39949,0.0557428,0.79,1,713038,712562,476
37345781,36.7313,46.0214,467,40002,0.0351486,0.79,1,713075,712608,467
37348701,31.3463,38.8043,460,40055,0.0310297,0.69,1,713105,712645,460
37351621,39.0692,46.9609,452,40108,0.0302059,0.69,1,713146,712694,452
37354541,40.6138,9.39217,493,40161,0.0620412,0.49,1,713187,712694,493
37357461,33.7228,45.8784,470,40214,0.0684082,0.43,1,713219,712749,470
37360381,30.7446,39.5757,462,40267,0.0856816,0.37,1,713249,712787,462
37363301,32.5489,32.7151,464,40319,0.0891363,0.23,1,713282,712818,464
37366221,42.5098,33.743,475,40371,0.105827,0.13,1,713327,712852,475
37369141,26.902,41.9486,454,40423,0.0291655,0.11,1,713350,712896,454
37372061,15.7804,29.1897,441,40475,0.0778331,0.13,1,713363,712922,441
37374981,29.5561,21.0379,455,40527,0.0715666,0.01,1,713396,712941,455
37377901,27.5112,31.4076,448,40579,0.0383133,0.09,1,713423,712975,448
37380821,35.9022,26.2815,461,40631,0.0796627,0.05,1,713461,713000,461
37383741,36.7804,35.6563,460,40683,0.0239325,0.03,1,713498,713038,460
37386661,29.7561,36.7313,451,40735,0.0447865,0.03,1,713526,713075,451
37389581,41.9512,31.3463,466,40787,0.0489573,0.03,1,713571,713105,466
37392501,39.5902,39.0692,464,40839,0.0337915,0.07,1,713610,713146,464
37395421,35.118,40.6138,457,40891,0.0467583,0.07,1,713644,713187,457
37398341,31.8236,33.7228,456,40943,0.0333517,0.09,1,713675,713219,456
37401261,31.1647,30.7446,457,40995,0.0466703,0.09,1,713706,713249,457
37404181,42.2329,32.5489,469,41046,0.0653341,0.11,1,713751,713282,469
37407101,26.8466,42.5098,447,41097,0.0530668,0.01,1,713774,713327,447
37410021,16.5693,26.902,438,41148,0.0666134,0.09,1,713788,713350,438
37412941,27.3139,15.7804,455,41199,0.0693227,0.07,1,713818,713363,455
37415861,27.0628,29.5561,449,41250,0.0538645,0.03,1,713845,713396,449
37418781,36.6126,27.5112,461,41301,0.0987729,0.09,1,713884,713423,461
37421701,36.9225,35.9022,460,41352,0.139755,0.01,1,713921,713461,460
37424621,29.7845,36.7804,451,41403,0.163951,0.05,1,713949,713498,451
37427541,41.9569,29.7561,468,41454,0.15279,0.05,1,713994,713526,468
37430461,38.7914,41.9512,461,41505,0.166558,0.03,1,714032,713571,461
37433381,9.35828,39.5902,424,41556,0.169312,0.05,1,714034,713610,424
37436301,29.0717,35.118,424,41607,0.169862,0.03,1,714068,713644,424
37439221,29.8143,31.8236,423,41658,0.217972,0.05,1,714098,713675,423
37442141,29.9629,31.1647,422,41709,0.243594,0.07,1,714128,713706,422
37445061,44.3926,42.2329,425,41760,0.200719,0.05,1,714176,713751,425
37447981,27.2785,26.8466,425,41811,0.240144,0.07,1,714199,713774,425
37450901,16.6557,16.5693,425,41861,0.248029,0.07,1,714213,713788,425
37453821,27.3311,27.3139,425,41911,0.265606,0.05,1,714243,713818,425
37456741,27.0662,27.0628,425,41961,0.253121,0.11,1,714270,713845,425
37459661,39.0132,36.6126,428,42011,0.218624,0.15,1,714312,713884,428
37462581,39.0026,36.9225,430,42061,0.275725,0.17,1,714351,713921,430
37465501,30.2005,29.7845,430,42111,0.287145,0.15,1,714379,713949,430
37468421,41.2401,41.9569,429,42161,0.305429,0.17,1,714423,713994,429
37471341,39.448,38.7914,430,42211,0.325086,0.17,1,714462,714032,430
37474261,9.4896,9.35828,430,42261,0.329017,0.17,1,714464,714034,430
37477181,29.0979,29.0717,430,42311,0.297803,0.23,1,714498,714068,430
37480101,30.6196,29.8143,431,42361,0.355561,0.25,1,714529,714098,431
37483021,30.9239,29.9629,432,42411,0.319112,0.19,1,714560,714128,432
37485941,43.7848,44.3926,431,42461,0.359822,0.25,1,714607,714176,431
37488861,27.957,27.2785,432,42511,0.367964,0.25,1,714631,714199,432
37491781,16.7914,16.6557,432,42561,0.369593,0.27,1,714645,714213,432
37494701,28.1583,27.3311,433,42611,0.337919,0.25,1,714676,714243,433
37497621,26.4317,27.0662,432,42661,0.363584,0.21,1,714702,714270,432
37500541,39.6863,39.0132,433,42710,0.352717,0.29,1,714745,714312,433
37503461,39.9373,39.0026,434,42759,0.414543,0.29,1,714785,714351,434
37506381,30.3875,30.2005,434,42808,0.442909,0.31,1,714813,714379,434
37509301,42.8775,41.2401,436,42857,0.464582,0.33,1,714859,714423,436
37512221,39.7755,39.448,436,42906,0.484916,0.33,1,714898,714462,436
37515141,9.5551,9.4896,436,42955,0.456983,0.29,1,714900,714464,436
37518061,29.111,29.0979,436,43004,0.499397,0.29,1,714934,714498,436
37520981,31.4222,5.81958,468,43053,0.491879,0.37,1,714966,714498,468
37523901,30.2844,25.9639,467,43102,0.506376,0.31,1,714996,714529,467
37526821,44.4569,29.9928,484,43151,0.509275,0.37,1,715044,714560,484
37529741,28.0914,43.5986,461,43200,0.541855,0.37,1,715068,714607,461
37532661,17.6183,27.9197,452,43249,0.548371,0.37,1,715083,714631,452
37535581,27.5237,16.7839,468,43298,0.581674,0.33,1,715113,714645,468
37538501,26.3047,28.1568,463,43347,0.588335,0.37,1,715139,714676,463
37541421,40.4609,26.4314,481,43396,0.589667,0.35,1,715183,714702,481
37544341,41.6922,39.6863,480,43445,0.589933,0.43,1,715225,714745,480
37547261,33.1384,39.9373,471,43494,0.653987,0.45,1,715256,714785,471
37550181,44.2277,30.3874,490,43543,0.650797,0.47,1,715303,714813,490
37553101,39.2455,42.8775,482,43591,0.650159,0.49,1,715341,714859,482
37556021,9.44911,39.7755,445,43639,0.650032,0.45,1,715343,714898,445
37558941,30.6898,9.5551,479,43687,0.698006,0.51,1,715379,714900,479
37561861,31.738,29.111,477,43735,0.723601,0.49,1,715411,714934,477
37564781,31.1476,31.4222,476,43783,0.72872,0.51,1,715442,714966,476
37567701,44.6295,30.2844,494,43831,0.745744,0.51,1,715490,714996,494
37570621,30.5259,44.4569,473,43879,0.733149,0.55,1,715517,715044,473
37573541,18.9052,28.0914,465,43927,0.73063,0.55,1,715533,715068,465
37576461,27.781,17.6183,480,43975,0.730126,0.59,1,715563,715083,480
37579381,26.3562,27.5237,476,44023,0.746025,0.59,1,715589,715113,476
37582301,40.4712,26.3047,494,44071,0.749205,0.59,1,715633,715139,494
37585221,42.4942,40.4609,493,44119,0.733841,0.59,1,715676,715183,493
37588141,35.6989,41.6922,485,44167,0.778768,0.67,2,715710,715225,485
37591061,43.9398,33.1384,500,44215,0.851754,0.65,2,715756,715256,500
37593981,39.188,44.2277,491,44263,0.866351,0.65,2,715794,715303,491
37596901,9.43759,39.2455,455,44311,0.86927,0.65,2,715796,715341,455
37599821,33.0875,9.44911,492,44359,0.885854,0.71,2,715835,715343,492
37602741,33.8175,30.6898,490,44407,0.921171,0.73,2,715869,715379,490
37605661,30.7635,31.738,488,44455,0.944234,0.73,2,715899,715411,488
37786701,28,35,506,47306,0.77,1,2,717864,717358,506
37789621,30.4,20.6,520,47351,0.658,1,1,717895,717375,520
37792541,22.88,15.32,527,47396,0.6196,1,1,717916,717389,527
37795461,16.576,23.064,517,47440,0.51592,1,1,717931,717414,517
37798381,6.5152,25.4128,495,47484,0.559184,1,1,717935,717440,495
37801301,29.303,31.4826,497,47528,0.407837,1,1,717970,717473,497
37804221,32.2606,41.4965,486,47572,0.377567,1,1,718003,717517,486
37807141,32.0521,33.8993,486,47616,0.339513,1,1,718035,717549,486
37810061,44.0104,35.5799,497,47660,0.219903,1,1,718082,717585,497
37812981,37.6021,52.716,476,47704,0.179981,0.98,1,718118,717642,476
37815901,39.5204,37.7432,482,47748,0.0919961,1,1,718158,717676,482
37818821,25.5041,31.5486,474,47792,0.0583992,1,1,718180,717706,474
37821741,38.7008,35.1097,480,47836,0.0196798,1,1,718222,717742,480
37824661,23.7402,31.8219,469,47880,0.059936,0.9,1,718242,717773,469
37827581,28.748,31.1644,468,47924,0.0359872,0.85,1,718272,717804,468
37830501,25.7496,31.8329,461,47968,0.0631974,0.77,1,718297,717836,461
37833421,25.1499,28.7666,458,48012,0.100639,0.63,1,718322,717864,458
37836341,26.63,30.5533,454,48056,0.0921279,0.61,1,718349,717895,454
37839261,15.726,22.9107,446,48100,0.0744256,0.49,1,718362,717916,446
37842181,15.9452,16.5821,447,48144,0.0868851,0.57,1,718378,717931,447
37845101,6.38904,6.51643,447,48188,0.089377,0.37,1,718382,717935,447
37848021,25.2778,29.3033,442,48232,0.121875,0.37,1,718412,717970,442
37850941,29.8556,32.2607,440,48276,0.0803751,0.33,1,718443,718003,440
37853861,29.1711,32.0521,437,48320,0.136075,0.19,1,718472,718035,437
37856781,37.8342,44.0104,430,48364,0.163215,0.17,1,718512,718082,430
37859701,31.5668,37.6021,424,48408,0.184643,0.07,1,718542,718118,424
37862621,37.5134,39.5204,423,48452,0.220929,0.05,1,718581,718158,423
37865541,25.1027,25.5041,423,48495,0.196186,0.01,1,718603,718180,423
37868461,38.6205,38.7008,423,48538,0.159237,0.07,1,718645,718222,423
37871381,24.5241,23.7402,424,48581,0.135847,0.03,1,718666,718242,424
37874301,27.3048,28.748,422,48624,0.147169,0.07,1,718694,718272,422
37877221,27.061,25.7496,424,48667,0.149434,0.11,1,718721,718297,424
37880141,27.0122,25.1499,426,48710,0.165887,0.09,1,718748,718322,426
37883061,24.6024,26.63,423,48753,0.201177,0.07,1,718772,718349,423
37885981,16.9205,15.726,425,48796,0.224235,0.09,1,718787,718362,425
37888901,15.3841,15.9452,424,48839,0.212847,0.09,1,718802,718378,424
37891821,6.27682,3.18904,428,48882,0.210569,0.09,1,718806,718378,428
37894741,26.0554,3.83781,455,48925,0.210114,0.13,1,718837,718382,455
37897661,29.2111,24.7676,455,48968,0.226023,0.07,1,718867,718412,455
37900581,33.0422,29.7535,458,49011,0.229205,0.15,1,718901,718443,458
37903501,37.0084,29.1507,467,49054,0.213841,0.17,1,718939,718472,467
37906421,33.8017,37.8301,460,49097,0.242768,0.19,1,718972,718512,460
37909341,36.3603,31.566,467,49140,0.264554,0.23,1,719009,718542,467
37912261,24.8721,37.5132,450,49183,0.268911,0.19,1,719031,718581,450
37915181,36.9744,25.1026,468,49226,0.269782,0.15,1,719071,718603,468
37918101,23.3949,38.6205,446,49269,0.269956,0.13,1,719091,718645,446
37921021,28.679,24.5241,455,49312,0.285991,0.15,1,719121,718666,455
37923941,28.1358,27.3048,455,49355,0.289198,0.15,1,719149,718694,455
37926861,28.0272,27.061,456,49398,0.32184,0.17,1,719177,718721,456
37929781,26.4054,27.0122,455,49441,0.328368,0.21,1,719203,718748,455
37932701,16.4811,24.6024,445,49484,0.329674,0.23,1,719217,718772,445
37935621,15.2962,16.9205,445,49527,0.361935,0.21,1,719232,718787,445
37938541,6.25924,15.3841,434,49570,0.368387,0.21,1,719236,718802,434
37941461,27.6518,6.27682,463,49613,0.353677,0.21,1,719269,718806,463
37944381,29.5304,26.0554,462,49655,0.414735,0.23,1,719299,718837,462
37947301,31.5061,29.2111,464,49697,0.426947,0.23,1,719331,718867,464
37950221,37.5012,33.0422,469,49739,0.413389,0.21,1,719370,718901,469
37953141,35.5002,37.0084,466,49781,0.458678,0.25,1,719405,718939,466
37956061,37.5,33.8017,471,49823,0.467736,0.27,1,719443,718972,471
37958981,25.1,36.3603,456,49865,0.485547,0.27,1,719465,719009,456
37961901,37.02,24.8721,474,49907,0.505109,0.27,1,719505,719031,474
37964821,24.204,36.9744,455,49949,0.525022,0.27,1,719526,719071,455
37967741,28.8408,23.3949,465,49991,0.529004,0.29,1,719556,719091,465
37970661,28.9682,28.679,464,50033,0.545801,0.29,1,719585,719121,464
37973581,28.9936,28.1358,465,50075,0.58116,0.33,1,719614,719149,465
37976501,26.5987,28.0272,463,50117,0.604232,0.33,1,719640,719177,463
37979421,17.3197,26.4054,452,50159,0.592846,0.33,1,719655,719203,452
37982341,16.2639,16.4811,454,50201,0.590569,0.37,1,719671,719217,454
37985261,6.45279,15.2962,443,50243,0.590114,0.37,1,719675,719232,443
37988181,27.6906,6.25924,472,50285,0.622023,0.35,1,719708,719236,472
37991101,7.13811,27.6518,441,50327,0.628405,0.43,1,719710,719269,441
37994021,27.0276,29.5304,443,50369,0.693681,0.43,1,719742,719299,443
37996941,31.0055,31.5061,443,50411,0.690736,0.41,1,719774,719331,443
37999861,36.6011,37.5012,442,50453,0.690147,0.47,1,719812,719370,442
38002781,37.7202,35.5002,445,50495,0.770029,0.47,2,719850,719405,445
38005701,38.744,37.5,446,50537,0.786006,0.49,2,719889,719443,446
38008621,25.3488,25.1,446,50579,0.789201,0.51,2,719911,719465,446
38011541,37.8698,37.02,447,50621,0.74184,0.53,1,719952,719505,447
38014461,25.174,24.204,448,50663,0.764368,0.53,2,719974,719526,448
38017381,29.0348,28.8408,448,50705,0.784874,0.55,2,720004,719556,448
38020301,29.807,28.9682,449,50747,0.756975,0.59,2,720034,719585,449
38023221,31.5614,28.9936,452,50789,0.751395,0.61,2,720066,719614,452
38026141,27.1123,26.5987,452,50830,0.766279,0.59,2,720092,719640,452
38029061,16.6225,17.3197,451,50871,0.737256,0.59,1,720106,719655,451
38031981,16.1245,16.2639,451,50912,0.747451,0.59,1,720122,719671,451
38034901,7.2249,6.45279,452,50953,0.76549,0.63,2,720127,719675,452
38037821,30.245,27.6906,455,50994,0.785098,0.63,2,720163,719708,455
38040741,7.649,7.13811,455,51035,0.82102,0.71,2,720165,719710,455
38043661,27.9298,27.0276,456,51076,0.812204,0.69,2,720198,719742,456
38046581,31.186,31.0055,456,51117,0.858441,0.69,2,720230,719774,456
38049501,36.6372,36.6011,456,51158,0.915688,0.79,2,720268,719812,456
38052421,40.1274,37.7202,459,51199,0.911138,0.79,2,720309,719850,459
38055341,39.2255,38.744,459,51240,0.910228,0.79,2,720348,719889,459
38058261,25.4451,25.3488,459,51281,0.910046,0.73,2,720370,719911,459
38303541,99,63,521,24990,0.43,1,1,722790,722269,521
38306461,62.2,72.6,499,25075,0.398,0.97,1,722843,722344,499
38309381,70.04,59.32,515,25160,0.3596,0.93,1,722915,722400,515
38312301,54.008,76.664,484,25244,0.35192,0.79,1,722965,722481,484
38315221,77.2016,47.3328,527,25328,0.366384,0.59,1,723048,722521,527
38318141,33.8403,79.8666,462,25412,0.385277,0.63,1,723071,722609,462
38321061,17.1681,30.3733,457,25495,0.421055,0.55,1,723084,722627,457
38323981,50.6336,21.2747,497,25578,0.476211,0.57,1,723143,722646,497
38326901,80.5267,40.2549,540,25661,0.455242,0.43,1,723231,722691,540
38329821,56.1053,87.251,491,25744,0.531048,0.39,1,723281,722790,491
38332741,70.4211,59.8502,512,25826,0.57821,0.35,1,723355,722843,512
38335661,52.4842,69.57,488,25908,0.587642,0.35,1,723403,722915,488
38338581,77.6968,53.914,522,25990,0.605528,0.37,1,723487,722965,522
38341501,34.7394,77.1828,463,26072,0.609106,0.39,1,723511,723048,463
38344421,19.7479,33.8366,456,26153,0.609821,0.43,1,723527,723071,456
38347341,52.7496,17.1673,504,26234,0.657964,0.49,1,723588,723084,504
38350261,80.9499,50.6335,533,26315,0.731593,0.45,1,723676,723143,533
38353181,57.79,80.5267,497,26396,0.794319,0.55,2,723728,723231,497
38356101,73.158,56.1053,524,26476,0.822864,0.59,2,723805,723281,524
38359021,53.0316,70.4211,498,26556,0.828573,0.59,2,723853,723355,498
38361941,78.6063,52.4842,535,26636,0.845715,0.61,2,723938,723403,535
38364861,34.9213,77.6968,475,26716,0.849143,0.61,2,723962,723487,475
38367781,19.7843,34.7394,467,26795,0.849829,0.61,2,723978,723511,467
38370701,55.9569,19.7479,516,26874,0.817966,0.67,2,724043,723527,516
38373621,12.7914,52.7496,457,26953,0.811593,0.75,2,724045,723588,457
38376541,74.5583,80.9499,459,27032,0.874319,0.81,2,724135,723676,459
38379461,58.9117,57.79,462,27110,0.918864,0.83,2,724190,723728,462
38507941,40,35,494,30357,0.77,1,2,726458,725964,494
38510861,49.6,61.4,478,30427,0.514,1,1,726510,726032,478
38513781,42.72,41.08,483,30497,0.4308,1,1,726551,726068,483
38516701,42.944,35.416,492,30566,0.30216,1,1,726594,726102,492
38519621,61.3888,63.8832,487,30635,0.212432,0.99,1,726660,726173,487
38522541,43.4778,42.3766,489,30704,0.0984864,0.99,1,726699,726210,489
38525461,67.8956,81.2753,472,30773,0.0436973,0.99,1,726773,726301,472
38528381,55.1791,60.2551,469,30842,0.0487395,0.9,1,726825,726356,469
38531301,33.4358,35.251,468,30911,0.0177479,0.83,1,726853,726385,468
38534221,29.0872,33.4502,463,30979,0.0595496,0.77,1,726881,726418,463
38537141,33.0174,38.69,457,31047,0.0199099,0.45,1,726915,726458,457
38540061,40.2035,49.338,447,31115,0.027982,0.41,1,726957,726510,447
38542981,36.8407,42.6676,442,31183,0.0295964,0.27,1,726993,726551,442
38545901,35.3681,42.9335,434,31251,0.0459193,0.19,1,727028,726594,434
38548821,59.8736,61.3867,434,31319,0.0811839,0.19,1,727094,726660,434
38551741,34.3747,12.2773,462,31387,0.0562368,0.07,1,727122,726660,462
38554661,64.4749,33.6555,495,31454,0.0512474,0.03,1,727194,726699,495
38557581,54.495,65.9311,473,31521,0.0182495,0.05,1,727246,726773,473
38560501,33.299,54.7862,449,31588,0.0276499,0.01,1,727274,726825,449
38563421,29.8598,33.3572,450,31655,0.04553,0.07,1,727303,726853,450
38566341,32.372,29.0714,455,31722,0.065106,0.01,1,727336,726881,455
38569261,40.0744,33.0143,463,31789,0.165021,0.03,1,727378,726915,463
38572181,37.6149,40.2029,458,31856,0.137004,0.03,1,727415,726957,458
38575101,34.723,36.8406,456,31922,0.0994009,0.05,1,727449,726993,456
38578021,61.3446,35.3681,489,31988,0.10788,0.09,1,727517,727028,489
38580941,34.6689,59.8736,451,32054,0.125576,0.05,1,727545,727094,451
38583861,65.3338,34.3747,496,32120,0.0811152,0.05,1,727618,727122,496
38586781,52.2668,64.4749,473,32186,0.024223,0.01,1,727667,727194,473
38589701,32.8534,54.495,449,32252,0.0288446,0.03,1,727695,727246,449
38592621,32.9707,33.299,454,32318,0.0457689,0.05,1,727728,727274,454
38595541,32.1941,29.8598,457,32383,0.0811538,0.07,1,727760,727303,457
38598461,43.2388,32.372,470,32448,0.120231,0.19,1,727806,727336,470
38601381,37.4478,40.0744,464,32513,0.128046,0.13,1,727842,727378,464
38604301,31.4896,37.6149,457,32578,0.161609,0.09,1,727872,727415,457
38607221,63.8979,34.723,495,32643,0.136322,0.11,1,727944,727449,495
38610141,35.1796,61.3446,455,32708,0.163264,0.13,1,727972,727517,455
38613061,8.63592,34.6689,429,32773,0.168653,0.07,1,727974,727545,429
38615981,56.1272,65.3338,424,32838,0.201731,0.01,1,728042,727618,424
38618901,49.6254,52.2668,423,32902,0.144346,0.03,1,728090,727667,423
38621821,32.3251,32.8534,423,32966,0.116869,0.05,1,728118,727695,423
38624741,35.265,32.9707,426,33030,0.127374,0.09,1,728154,727728,426
38627661,32.653,32.1941,426,33094,0.113475,0.13,1,728186,727760,426
38630581,44.9306,43.2388,428,33158,0.142695,0.13,1,728234,727806,428
38633501,37.7861,37.4478,428,33222,0.164539,0.17,1,728270,727842,428
38636421,33.1572,31.4896,430,33286,0.200908,0.13,1,728302,727872,430
38639341,63.4314,63.8979,429,33350,0.240182,0.17,1,728373,727944,429
38642261,35.8863,35.1796,430,33413,0.248036,0.17,1,728402,727972,430
38645181,8.77726,8.63592,430,33476,0.249607,0.21,1,728404,727974,430
38648101,57.7555,56.1272,432,33539,0.249921,0.13,1,728474,728042,432
38651021,46.7511,49.6254,428,33602,0.281984,0.11,1,728518,728090,428
38653941,30.9502,32.3251,427,33665,0.272397,0.13,1,728545,728118,427
38656861,34.19,35.265,426,33728,0.286479,0.11,1,728580,728154,426
38659781,33.238,32.653,427,33791,0.321296,0.15,1,728613,728186,427
38662701,46.6476,44.9306,429,33854,0.312259,0.17,1,728663,728234,429
38665621,38.9295,37.7861,430,33916,0.278452,0.21,1,728700,728270,430
38668541,35.7859,33.1572,433,33978,0.27169,0.25,1,728735,728302,433
38671461,63.9572,63.4314,433,34040,0.302338,0.25,1,728806,728373,433
38674381,35.9914,35.8863,433,34102,0.324468,0.25,1,728835,728402,433
38677301,8.79829,8.77726,433,34164,0.328894,0.25,1,728837,728404,433
38680221,58.5597,57.7555,434,34226,0.361779,0.25,1,728908,728474,434
38683141,47.7119,11.5511,479,34288,0.368356,0.29,1,728953,728474,479
38686061,30.3424,37.5102,461,34350,0.369671,0.27,1,728979,728518,461
38688981,34.8685,29.102,470,34412,0.369934,0.29,1,729015,728545,470
38691901,33.3737,33.8204,468,34473,0.353987,0.33,1,729048,728580,468
38694821,45.8747,33.1641,484,34534,0.382797,0.31,1,729097,728613,484
38697741,38.7749,46.6328,471,34595,0.404559,0.27,1,729134,728663,471
38700661,35.755,38.9266,469,34656,0.424912,0.27,1,729169,728700,469
38703581,65.551,35.7853,507,34717,0.492982,0.31,1,729242,728735,507
38706501,37.1102,63.9571,466,34778,0.538596,0.33,1,729272,728806,466
38709421,9.02204,35.9914,439,34839,0.547719,0.33,1,729274,728835,439
38712341,59.4044,8.79828,509,34900,0.597544,0.37,1,729346,728837,509
38715261,48.6809,58.5597,484,34961,0.671509,0.37,1,729392,728908,484
38718181,30.5362,47.7119,465,35021,0.686302,0.37,1,729418,728953,465
38721101,34.9072,30.3424,475,35081,0.70526,0.37,1,729454,728979,475
38724021,33.3814,34.8685,472,35141,0.693052,0.35,1,729487,729015,472
38726941,46.6763,33.3737,489,35201,0.75461,0.39,2,729537,729048,489
38729861,39.7353,45.8747,478,35261,0.766922,0.41,2,729575,729097,478
38732781,37.5471,38.7749,478,35321,0.833384,0.43,2,729612,729134,478
38735701,68.3094,35.755,519,35381,0.862677,0.51,2,729688,729169,519
38738621,39.2619,65.551,478,35441,0.868535,0.55,2,729720,729242,478
38741541,9.45238,37.1102,450,35501,0.869707,0.55,2,729722,729272,450
38744461,61.8905,9.02204,523,35561,0.869941,0.61,2,729797,729274,523
38747381,52.3781,59.4044,501,35620,0.901988,0.69,2,729847,729346,501
38750301,31.2756,48.6809,481,35679,0.908398,0.69,2,729873,729392,481
38753221,7.85512,30.5362,457,35738,0.90968,0.71,2,729875,729418,457
38756141,30.371,34.9072,457,35797,0.909936,0.69,2,729911,729454,457
38759061,31.6742,33.3814,456,35856,0.909987,0.77,2,729943,729487,456
38922581,32,34,517,39019,0.79,1,2,732181,731664,517
38925501,51.2,75.6,487,39073,0.502,1,1,732237,731750,487
38928421,37.44,37.52,493,39127,0.3484,1,1,732271,731778,493
38931341,33.888,36.304,490,39181,0.26968,1,1,732304,731814,490
38934261,30.7776,27.2608,495,39235,0.189936,1,1,732334,731839,495
38937181,26.9555,24.6522,497,39289,0.0619872,1,1,732360,731863,497
38940101,22.9911,33.7304,483,39343,0.0843974,1,1,732382,731899,483
38943021,31.7982,33.9461,483,39397,0.0728795,1,1,732416,731933,483
38945941,29.5596,29.1892,484,39451,0.0385759,1,1,732445,731961,484
38948861,31.5119,33.0378,482,39505,0.0477152,1,1,732477,731995,482
38951781,31.9024,41.8076,470,39558,0.065543,0.81,1,732509,732039,470
38954701,57.5805,66.7615,461,39611,0.0371086,0.77,1,732573,732112,461
38957621,38.7161,42.9523,458,39664,0.0474217,0.79,1,732607,732149,458
38960541,30.9432,34.1905,455,39717,0.0654843,0.43,1,732636,732181,455
38963461,42.9886,51.6381,445,39770,0.0210969,0.31,1,732682,732237,445
38966381,30.9977,37.5276,439,39823,0.0442194,0.25,1,732710,732271,439
38969301,28.5995,33.9055,434,39876,0.0648439,0.17,1,732738,732304,434
38972221,27.3199,30.7811,431,39929,0.0849688,0.03,1,732765,732334,431
38975141,20.664,26.9562,424,39982,0.0889938,0.09,1,732784,732360,424
38978061,20.9328,22.9912,423,40035,0.0737987,0.07,1,732805,732382,423
38980981,30.5866,31.7982,422,40088,0.0227598,0.07,1,732838,732416,422
38983901,28.5173,6.35965,450,40141,0.00455195,0.03,1,732866,732416,450
38986821,31.3035,24.4719,453,40194,0.0249104,0.05,1,732898,732445,453
38989741,31.8607,30.4944,453,40247,0.0449821,0.07,1,732930,732477,453
38992661,57.5721,31.6989,485,40299,0.0489964,0.03,1,732994,732509,485
38995581,39.5144,57.5398,456,40351,0.0657993,0.05,1,733029,732573,456
38998501,31.9029,38.708,452,40403,0.0851599,0.07,1,733059,732607,452
39001421,41.5806,30.9416,467,40455,0.105032,0.01,1,733103,732636,467
39004341,30.7161,42.9883,449,40507,0.125006,0.05,1,733131,732682,449
39007261,30.9432,30.9977,452,40559,0.0810013,0.07,1,733162,732710,452
39010181,26.9886,28.5995,450,40611,0.1362,0.09,1,733188,732738,450
39013101,20.5977,27.3199,442,40663,0.16324,0.09,1,733207,732765,442
39016021,23.3195,20.664,447,40715,0.184648,0.07,1,733231,732784,447
39018941,27.0639,20.9328,454,40767,0.23693,0.01,1,733259,732805,454
39021861,28.6128,30.5866,450,40819,0.183386,0,1,733288,732838,450
39024781,30.5226,28.5173,453,40871,0.140677,0.03,1,733319,732866,453
39027701,34.9045,31.3035,457,40923,0.0841354,0.05,1,733355,732898,457
39030621,56.5809,31.8607,487,40975,0.0408271,0.05,1,733417,732930,487
39033541,40.1162,57.5721,459,41027,0.0481654,0.07,1,733453,732994,459
39036461,32.8232,39.5144,455,41078,0.0496331,0.09,1,733484,733029,455
39039381,43.3646,31.9029,471,41129,0.0659266,0.11,1,733530,733059,471
39042301,29.4729,41.5806,453,41180,0.0851853,0.13,1,733556,733103,453
39045221,29.8946,30.7161,455,41231,0.0890371,0.07,1,733586,733131,455
39048141,30.7789,30.9432,455,41282,0.0578074,0.15,1,733617,733162,455
39051061,21.3558,26.9886,448,41333,0.0835615,0.17,1,733636,733188,448
39053981,26.6712,20.5977,457,41384,0.0887123,0.19,1,733664,733207,457
39056901,26.1342,23.3195,459,41435,0.105742,0.25,1,733690,733231,459
39059821,29.2268,27.0639,461,41486,0.0771485,0.17,1,733720,733259,461
39062741,26.6454,28.6128,458,41537,0.0714297,0.13,1,733746,733288,458
39065661,6.92907,30.5226,429,41588,0.0702859,0.07,1,733748,733319,429
39068581,27.7858,34.9045,426,41639,0.0860572,0.03,1,733781,733355,426
39071501,52.7572,56.5809,423,41690,0.0252114,0.05,1,733840,733417,423
39074421,40.9514,40.1162,425,41741,0.0450423,0.05,1,733878,733453,425
39077341,32.1903,32.8232,424,41792,0.0490085,0.07,1,733908,733484,424
39080261,44.0381,43.3646,425,41843,0.0498017,0.09,1,733955,733530,425
39083181,30.4076,29.4729,426,41893,0.0979603,0.09,1,733982,733556,426
39086101,30.0815,29.8946,426,41943,0.107592,0.05,1,734012,733586,426
39089021,30.8163,30.7789,426,41993,0.0935184,0.09,1,734043,733617,426
39091941,21.3633,21.3558,426,42043,0.122704,0.09,1,734062,733636,426
39094861,26.6727,26.6712,426,42093,0.144541,0.11,1,734090,733664,426
39097781,26.9345,26.1342,427,42143,0.116908,0.07,1,734117,733690,427
39100701,27.7869,29.2268,425,42193,0.175382,0.07,1,734145,733720,425
39103621,26.3574,26.6454,425,42243,0.187076,0.07,1,734171,733746,425
39106541,6.87148,6.92907,425,42293,0.189415,0.09,1,734173,733748,425
39109461,26.9743,27.7858,424,42343,0.237883,0.01,1,734205,733781,424
39112381,50.9949,52.7572,422,42393,0.231577,0.05,1,734262,733840,422
39115301,40.599,40.9514,422,42443,0.230315,0.05,1,734300,733878,422
39118221,32.1198,32.1903,422,42493,0.246063,0.05,1,734330,733908,422
39121141,44.824,44.0381,423,42543,0.249213,0.11,1,734378,733955,423
39124061,32.1648,30.4076,425,42593,0.281843,0.11,1,734407,733982,425
39126981,30.433,30.0815,425,42643,0.304369,0.09,1,734437,734012,425
39129901,30.8866,30.8163,425,42692,0.292874,0.13,1,734468,734043,425
39132821,22.1773,21.3633,426,42741,0.290575,0.15,1,734488,734062,426
39135741,27.6355,26.6727,427,42790,0.306115,0.11,1,734517,734090,427
39138661,27.9271,26.9345,428,42839,0.325223,0.19,1,734545,734117,428
39141581,28.7854,27.7869,429,42888,0.377045,0.19,1,734574,734145,429
39144501,26.5571,26.3574,429,42937,0.387409,0.19,1,734600,734171,429
39147421,6.91142,6.87148,429,42986,0.357482,0.19,1,734602,734173,429
39150341,29.3823,1.3743,464,43035,0.367496,0.25,1,734637,734173,464
39153261,49.8765,25.8749,487,43084,0.417499,0.23,1,734692,734205,487
39156181,40.3753,50.775,468,43133,0.4275,0.23,1,734730,734262,468
39159101,32.8751,40.555,461,43182,0.4135,0.25,1,734761,734300,461
39162021,46.575,32.111,481,43231,0.4427,0.25,1,734811,734330,481
39164941,32.515,44.8222,462,43280,0.43254,0.29,1,734840,734378,462
39167861,31.303,32.1644,464,43329,0.462508,0.31,1,734871,734407,464
39170781,30.2606,30.4329,464,43378,0.484502,0.29,1,734901,734437,464
39173701,22.0521,30.8866,453,43427,0.4889,0.29,1,734921,734468,453
39176621,28.4104,22.1773,463,43476,0.48978,0.31,1,734951,734488,463
39179541,29.6821,27.6355,464,43525,0.521956,0.33,1,734981,734517,464
39182461,30.7364,27.9271,467,43573,0.544391,0.39,1,735012,734545,467
39185381,26.9473,28.7854,464,43621,0.580878,0.39,1,735038,734574,464
39188301,6.98946,26.5571,440,43669,0.588176,0.35,1,735040,734600,440
39191221,31.7979,6.91142,476,43717,0.621635,0.37,1,735078,734602,476
39194141,51.1596,29.3823,497,43765,0.660327,0.43,1,735134,734637,497
39197061,40.6319,49.8765,480,43813,0.700065,0.43,1,735172,734692,480
39199981,32.1264,40.3753,472,43861,0.708013,0.41,1,735202,734730,472
39202901,48.0253,32.8751,493,43909,0.725603,0.45,1,735254,734761,493
39205821,32.0051,46.575,471,43957,0.745121,0.43,1,735282,734811,471
39208741,32.801,32.515,475,44005,0.733024,0.47,1,735315,734840,475
39211661,31.3602,31.303,475,44053,0.762605,0.49,2,735346,734871,475
39214581,22.272,30.2606,465,44101,0.768521,0.49,2,735366,734901,465
39217501,28.4544,22.0521,475,44149,0.785704,0.49,2,735396,734921,475
39220421,29.6909,28.4104,475,44197,0.805141,0.53,2,735426,734951,475
39223341,34.7382,29.6821,481,44245,0.777028,0.55,2,735462,734981,481
39226261,27.7476,30.7364,476,44293,0.771406,0.59,2,735488,735012,476
39229181,7.14953,26.9473,452,44341,0.770281,0.59,2,735490,735038,452
39232101,33.4299,6.98946,490,44389,0.802056,0.63,2,735530,735040,490
39235021,53.086,31.7979,510,44437,0.792411,0.67,2,735588,735078,510
39237941,12.2172,51.1596,456,44484,0.790482,0.71,2,735590,735134,456
39240861,33.6434,40.6319,457,44531,0.806096,0.71,2,735629,735172,457
39243781,30.7287,32.1264,457,44578,0.809219,0.73,2,735659,735202,457
39246701,49.3457,48.0253,459,44625,0.777844,0.75,2,735713,735254,459
39249621,32.2691,32.0051,459,44672,0.803569,0.73,2,735741,735282,459
39252541,32.0538,32.801,458,44719,0.808714,0.77,2,735773,735315,458
39255461,32.8108,31.3602,460,44766,0.809743,0.77,2,735806,735346,460
39258381,22.5622,22.272,460,44813,0.825949,0.79,2,735826,735366,460
39261301,30.1124,28.4544,462,44860,0.82919,0.81,2,735858,735396,462
39264221,30.0225,29.6909,462,44907,0.797838,0.77,2,735888,735426,462
39267141,33.2045,34.7382,460,44954,0.791568,0.77,2,735922,735462,460
39270061,28.2409,27.7476,461,45001,0.838314,0.77,2,735949,735488,461
39272981,7.24818,7.14953,461,45048,0.847663,0.81,2,735951,735490,461
39275901,34.2496,33.4299,462,45095,0.833533,0.79,2,735992,735530,462
39278821,52.4499,53.086,461,45142,0.894706,0.79,2,736049,735588,461
39281741,12.09,12.2172,461,45189,0.906941,0.81,2,736051,735590,461
39284661,32.818,33.6434,460,45236,0.925388,0.81,2,736089,735629,460
39287581,30.5636,30.7287,460,45283,0.945078,0.77,2,736119,735659,460
39445261,22,35,499,47730,0.63,1,1,737817,737318,499
39448181,27.6,37.4,490,47774,0.566,1,1,737846,737356,490
39451101,27.92,21.88,500,47818,0.4572,1,1,737874,737374,500
39454021,30.384,20.376,511,47862,0.45144,1,1,737905,737394,511
39456941,35.6768,52.0752,488,47906,0.386288,1,1,737942,737454,488
39459861,31.1354,31.215,492,47950,0.309258,1,1,737972,737480,492
39462781,27.8271,27.843,492,47994,0.229852,1,1,737999,737507,492
39465701,26.3654,31.1686,486,48038,0.16597,1,1,738025,737539,486
39468621,41.2731,43.0337,485,48082,0.0411941,1,1,738070,737585,485
39471541,29.0546,27.8067,487,48126,0.0322388,1,1,738096,737609,487
39474461,24.2109,31.9613,477,48170,0.00644776,1,1,738119,737642,477
39477381,33.6422,31.9923,481,48214,0.0252896,1,1,738155,737674,481
39480301,19.5284,28.7985,469,48258,0.0930579,1,1,738171,737702,469
39483221,24.7057,26.5597,469,48302,0.0586116,0.89,1,738197,737728,469
39486141,28.9411,34.9119,462,48346,0.0197223,0.77,1,738227,737765,462
39489061,24.1882,30.9824,455,48390,0.0119445,0.63,1,738250,737795,455
39491981,21.6376,23.7965,454,48434,0.0263889,0.55,1,738271,737817,454
39494901,20.3275,27.9593,445,48478,0.00527778,0.43,1,738291,737846,445
39497821,24.8655,27.9919,443,48521,0.0250556,0.45,1,738317,737874,443
39500741,27.3731,30.3984,440,48564,0.0450111,0.37,1,738345,737905,440
39503661,32.6746,35.6797,437,48607,0.0170022,0.29,1,738379,737942,437
39506581,25.7349,31.1359,431,48650,0.0754004,0.21,1,738403,737972,431
39509501,26.747,27.8272,431,48693,0.0230801,0.15,1,738430,737999,431
39512421,26.9494,26.3654,432,48736,0.044616,0.01,1,738457,738025,432
39515341,34.1899,41.2731,423,48779,0.0649232,0.03,1,738493,738070,423
39518261,26.838,29.0546,422,48822,0.0209846,0,1,738518,738096,422
39521181,24.5676,24.2109,423,48865,0.00419693,0,1,738542,738119,423
39524101,35.3135,4.84218,461,48908,0.0568394,0.03,1,738580,738119,461
39527021,16.6627,29.7684,437,48951,0.0993679,0.11,1,738592,738155,437
39529941,24.1325,18.7537,447,48994,0.123874,0.05,1,738618,738171,447
39532861,28.8265,24.5507,451,49037,0.0647747,0.01,1,738648,738197,451
39535781,24.1653,28.9101,444,49080,0.0369549,0.01,1,738671,738227,444
39538701,21.6331,24.182,442,49123,0.015391,0.03,1,738692,738250,442
39541621,20.3266,21.6364,441,49166,0.0030782,0,1,738712,738271,441
39544541,26.4653,20.3273,449,49209,0.0246156,0.03,1,738740,738291,449
39547461,26.8931,24.8655,450,49252,0.0129231,0.05,1,738767,738317,450
39550381,31.7786,27.3731,455,49295,0.0265846,0.01,1,738800,738345,455
39553301,26.3557,32.6746,446,49338,0.0453169,0.09,1,738825,738379,446
39556221,26.0711,25.7349,448,49381,0.0810634,0.01,1,738851,738403,448
39559141,28.4142,26.747,450,49424,0.0402127,0.05,1,738880,738430,450
39562061,32.8828,26.9494,457,49467,0.0960425,0.07,1,738914,738457,457
39564981,26.5766,34.1899,446,49510,0.0592085,0.01,1,738939,738493,446
39567901,24.5153,26.838,445,49553,0.0118417,0,1,738963,738518,445
39570821,39.3031,24.5676,464,49596,0.0583683,0.07,1,739006,738542,464
39573741,18.2606,35.3135,439,49638,0.0836737,0.11,1,739019,738580,439
39576661,22.8521,16.6627,451,49680,0.0887347,0.13,1,739043,738592,451
39579581,26.9704,24.1325,453,49722,0.137747,0.05,1,739071,738618,453
39582501,22.1941,28.8265,444,49764,0.131549,0.03,1,739092,738648,444
39585421,22.0388,24.1653,443,49806,0.0983099,0.01,1,739114,738671,443
39588341,19.6078,21.6331,441,49848,0.075662,0,1,739133,738692,441
39591261,28.7216,20.3266,452,49890,0.0391324,0.03,1,739164,738712,452
39594181,28.1443,26.4653,452,49932,0.0798265,0.01,1,739192,738740,452
39597101,29.6289,26.8931,455,49974,0.119965,0.03,1,739222,738767,455
39600021,26.7258,31.7786,448,50016,0.111993,0.05,1,739248,738800,448
39602941,26.1452,26.3557,449,50058,0.0943986,0.09,1,739274,738825,449
39605861,27.629,26.0711,451,50100,0.0908797,0.03,1,739302,738851,451
39608781,34.3258,28.4142,458,50142,0.0901759,0.11,1,739338,738880,458
39611701,24.4652,32.8828,446,50184,0.0900352,0.05,1,739360,738914,446
39614621,24.093,26.5766,445,50226,0.074007,0,1,739384,738939,445
39617541,41.6186,24.5153,467,50268,0.0388014,0.07,1,739430,738963,467
39620461,17.9237,39.3031,436,50310,0.0317603,0.09,1,739442,739006,436
39623381,5.18474,18.2606,425,50352,0.0303521,0.09,1,739444,739019,425
39626301,21.0369,22.8521,426,50394,0.0140704,0.15,1,739469,739043,426
39629221,29.0074,26.9704,429,50436,0.0428141,0.13,1,739500,739071,429
39632141,21.8015,22.1941,428,50478,0.0485628,0.09,1,739520,739092,428
39635061,20.3603,22.0388,426,50520,0.0497126,0.07,1,739540,739114,426
39637981,16.8721,19.6078,423,50562,0.0339425,0.03,1,739556,739133,423
39640901,28.9744,28.7216,424,50604,0.0307885,0.09,1,739588,739164,424
39643821,31.3949,28.1443,428,50646,0.0461577,0.13,1,739620,739192,428
39646741,29.479,29.6289,427,50688,0.0332315,0.11,1,739649,739222,427
39649661,26.6958,26.7258,427,50730,0.0626463,0.09,1,739675,739248,427
39652581,25.3392,26.1452,426,50772,0.0845293,0.09,1,739700,739274,426
39655501,27.4678,27.629,426,50813,0.0729059,0.09,1,739728,739302,426
39658421,34.2936,34.3258,426,50854,0.102581,0.09,1,739764,739338,426
39661341,25.2587,24.4652,427,50895,0.0925162,0.07,1,739787,739360,427
39664261,22.6517,24.093,425,50936,0.0585032,0.03,1,739809,739384,425
39667181,39.7303,41.6186,423,50977,0.0997007,0.03,1,739853,739430,423
39670101,17.5461,17.9237,423,51018,0.0919401,0.03,1,739865,739442,423
39673021,5.10921,5.18474,423,51059,0.138388,0.01,1,739867,739444,423
39675941,21.0218,21.0369,423,51100,0.163678,0.05,1,739892,739469,423
39678861,28.2044,29.0074,422,51141,0.168736,0.05,1,739922,739500,422
39681781,21.6409,21.8015,422,51182,0.217747,0.05,1,739942,739520,422
39684701,20.3282,20.3603,422,51223,0.227549,0.03,1,739962,739540,422
39687621,17.6656,16.8721,423,51264,0.24551,0.03,1,739979,739556,423
39690541,29.1331,28.9744,423,51305,0.265102,0.05,1,740011,739588,423
39693461,30.6266,31.3949,422,51346,0.22102,0.03,1,740042,739620,422
39696381,30.1253,29.479,423,51387,0.180204,0.07,1,740072,739649,423
39699301,26.8251,26.6958,423,51428,0.236041,0.09,1,740098,739675,423
39702221,26.165,25.3392,424,51469,0.263208,0.07,1,740124,739700,424
39705141,28.433,27.4678,425,51510,0.268642,0.11,1,740153,739728,425
39708061,34.4866,34.2936,425,51551,0.301728,0.09,1,740189,739764,425
39710981,24.4973,25.2587,424,51592,0.324346,0.05,1,740211,739787,424
39713901,22.4995,22.6517,424,51633,0.328869,0.11,1,740233,739809,424
39716821,41.2999,39.7303,426,51674,0.361774,0.09,1,740279,739853,426
39719741,19.46,17.5461,428,51715,0.336355,0.15,1,740293,739865,428
39722661,5.492,5.10921,428,51756,0.331271,0.15,1,740295,739867,428
39725581,21.8984,1.02184,454,51797,0.330254,0.17,1,740321,739867,454
39728501,28.3797,20.2044,459,51838,0.346051,0.17,1,740351,739892,459
39731421,22.4759,28.0409,450,51879,0.36521,0.23,1,740372,739922,450
39734341,22.0952,21.6082,452,51920,0.369042,0.23,1,740394,739942,452
39737261,18.019,20.3216,449,51961,0.385808,0.25,1,740411,739962,449
39740181,29.2038,17.6643,464,52002,0.405162,0.27,1,740443,739979,464
39743101,28.2408,29.1329,460,52042,0.425032,0.21,1,740471,740011,460
39746021,30.4482,30.6266,460,52082,0.413006,0.17,1,740502,740042,460
39748941,27.6896,30.1253,457,52122,0.474601,0.25,1,740529,740072,457
39751861,27.9379,26.8251,459,52162,0.45492,0.27,1,740557,740098,459
39754781,29.5876,26.165,463,52202,0.482984,0.27,1,740587,740124,463
39757701,35.5175,28.433,471,52242,0.488597,0.31,1,740624,740153,471
39760621,24.7035,34.4866,457,52282,0.489719,0.33,1,740646,740189,457
39763541,22.5407,24.4973,457,52322,0.489944,0.33,1,740668,740211,457
39766461,42.9081,22.4995,483,52362,0.521989,0.37,1,740716,740233,483
39769381,19.7816,41.2999,451,52402,0.528398,0.33,1,740730,740279,451
39772301,5.55633,19.46,439,52442,0.52968,0.33,1,740732,740293,439
39775221,21.9113,5.492,463,52482,0.545936,0.33,1,740758,740295,463
39778141,29.1823,21.8984,468,52522,0.565187,0.35,1,740789,740321,468
39781061,23.4365,28.3797,460,52562,0.585037,0.37,1,740811,740351,460
39783981,22.2873,22.4759,461,52602,0.589007,0.37,1,740833,740372,461
39786901,18.8575,22.0952,457,52642,0.589801,0.39,1,740851,740394,457
39789821,30.9715,18.019,474,52682,0.58996,0.41,1,740885,740411,474
39792741,28.5943,29.2038,470,52722,0.653992,0.43,1,740913,740443,470
39795661,31.3189,28.2408,474,52762,0.682798,0.41,1,740945,740471,474
39798581,29.4638,30.4482,472,52802,0.72056,0.49,1,740974,740502,472
39801501,28.2928,27.6896,473,52842,0.744112,0.45,1,741002,740529,473
39804421,29.6586,27.9379,475,52882,0.748822,0.49,1,741032,740557,475
39807341,35.5317,29.5876,482,52922,0.765764,0.49,2,741069,740587,482
39810261,24.7063,35.5175,467,52962,0.769153,0.49,2,741091,740624,467
39813181,22.5413,24.7035,467,53002,0.785831,0.49,2,741113,740646,467
39816101,44.5083,22.5407,495,53042,0.805166,0.53,2,741163,740668,495
39819021,20.9017,42.9081,462,53082,0.809033,0.53,2,741178,740716,462
39821941,5.78033,19.7816,450,53122,0.809807,0.53,2,741180,740730,450
39824861,23.5561,5.55633,476,53162,0.841961,0.55,2,741208,740732,476
39827781,28.7112,21.9113,480,53202,0.816392,0.57,2,741238,740758,480
39830701,7.34224,29.1823,451,53242,0.811278,0.59,2,741240,740789,451
39833621,19.0684,23.4365,451,53282,0.842256,0.59,2,741262,740811,451
39836541,21.4137,22.2873,451,53322,0.848451,0.59,2,741284,740833,451
39839461,19.4827,18.8575,452,53361,0.83369,0.59,2,741303,740851,452
39842381,32.6965,30.9715,454,53400,0.830738,0.67,2,741339,740885,454
39845301,29.7393,28.5943,455,53439,0.862148,0.69,2,741368,740913,455
39848221,32.3479,31.3189,456,53478,0.85243,0.73,2,741401,740945,456
39851141,31.2696,29.4638,458,53517,0.834486,0.75,2,741432,740974,458
39854061,29.4539,28.2928,459,53556,0.814897,0.75,2,741461,741002,459
39856981,30.6908,29.6586,460,53595,0.810979,0.77,2,741492,741032,460
39859901,35.7382,35.5317,460,53634,0.842196,0.77,2,741529,741069,460
39862821,24.7476,24.7063,460,53673,0.816439,0.79,2,741551,741091,460
39865741,23.3495,22.5413,461,53712,0.843288,0.81,2,741574,741113,461
39868661,46.2699,44.5083,463,53751,0.848658,0.81,2,741626,741163,463
39871581,22.054,20.9017,464,53790,0.849732,0.81,2,741642,741178,464
39874501,6.0108,5.78033,464,53829,0.849946,0.85,2,741644,741180,464
39877421,22.0022,23.5561,462,53868,0.865989,0.81,2,741670,741208,462
39880341,28.4004,28.7112,462,53907,0.837198,0.81,2,741700,741238,462
39883261,7.28009,7.34224,462,53946,0.86344,0.85,2,741702,741240,462
39886181,19.056,19.0684,462,53985,0.868688,0.85,2,741724,741262,462
39889101,21.4112,21.4137,462,54024,0.901738,0.83,2,741746,741284,462
39892021,20.2822,19.4827,463,54063,0.924348,0.83,2,741766,741303,463
39894941,32.8564,32.6965,463,54102,0.91287,0.87,2,741802,741339,463
40213221,70,39,546,29185,0.67,1,1,745836,745290,546
40216141,78.8,71,548,29258,0.366,1,1,745917,745369,548
40219061,74.16,79.8,539,29330,0.1132,1,1,745990,745451,539
40221981,45.232,62.36,519,29402,0.06264,1,1,746028,745509,519
40224901,34.6464,51.672,502,29474,0.012528,1,1,746060,745558,502
40227821,35.7293,38.3344,503,29546,0.0265056,1,1,746096,745593,503
40230741,39.1459,34.0669,510,29618,0.109301,1,1,746136,745626,510
40233661,49.4292,34.8134,527,29689,0.0618602,0.94,1,746188,745661,527
40236581,45.0858,51.7627,515,29760,0.036372,0.91,1,746232,745717,515
40239501,52.2172,49.5525,520,29831,0.0472744,0.67,1,746286,745766,520
40242421,12.0434,65.9105,452,29902,0.0494549,0.29,1,746288,745836,452
40245341,49.6087,77.9821,430,29973,0.033891,0.05,1,746347,745917,430
40248261,61.9217,73.9964,422,30044,0.0147782,0.05,1,746412,745990,422
40251181,44.3843,45.1993,424,30114,0.0429556,0,1,746452,746028,424
40254101,33.6769,34.6399,423,30184,0.00859113,0.03,1,746483,746060,423
40257021,34.7354,35.728,422,30254,0.0577182,0.13,1,746518,746096,422
40259941,38.9471,39.1456,422,30324,0.0835436,0.05,1,746558,746136,422
40262861,50.1894,49.4291,423,30394,0.0407087,0.03,1,746611,746188,423
40265781,45.2379,45.0858,423,30464,0.0161417,0.05,1,746655,746232,423
40268701,52.2476,52.2172,423,30533,0.0752284,0.05,1,746709,746286,423
40271621,12.0495,12.0434,423,30602,0.0870457,0.03,1,746711,746288,423
40274541,50.4099,49.6087,424,30671,0.0894091,0.01,1,746771,746347,424
40277461,62.882,61.9217,425,30740,0.0578818,0.05,1,746837,746412,425
40280381,42.1764,44.3843,422,30809,0.0515764,0,1,746874,746452,422
40283301,34.8353,33.6769,424,30878,0.0103153,0.07,1,746907,746483,424
40286221,33.3671,34.7354,422,30947,0.0420631,0.09,1,746940,746518,422
40289141,41.0734,38.9471,425,31015,0.0644126,0.03,1,746983,746558,425
40292061,49.0147,50.1894,423,31083,0.0688825,0.01,1,747034,746611,423
40294981,44.2029,45.2379,422,31151,0.0537765,0.09,1,747077,746655,422
40297901,52.0406,52.2476,422,31219,0.0347553,0.09,1,747131,746709,422
40300821,12.0081,12.0495,422,31287,0.0309511,0.09,1,747133,746711,422
40303741,53.6016,2.4099,486,31355,0.0301902,0.09,1,747197,746711,486
40306661,59.5203,48.482,487,31422,0.078038,0.05,1,747258,746771,487
40309581,41.5041,62.4964,458,31489,0.0396076,0.05,1,747295,746837,458
40312501,34.7008,42.0993,454,31556,0.00792152,0,1,747328,746874,454
40315421,33.3402,34.8199,454,31623,0.0255843,0.05,1,747361,746907,454
40318341,43.468,33.364,467,31690,0.0611169,0.07,1,747407,746940,467
40321261,47.8936,41.0728,473,31757,0.0362234,0.07,1,747456,746983,473
40324181,43.1787,49.0146,464,31824,0.0312447,0.05,1,747498,747034,464
40327101,52.6357,44.2029,476,31890,0.0462489,0.03,1,747553,747077,476
40330021,12.1271,52.0406,424,31956,0.0492498,0.03,1,747555,747131,424
40332941,55.2254,12.0081,488,32022,0.06585,0.03,1,747621,747133,488
40335861,60.6451,53.6016,486,32088,0.08517,0.09,1,747683,747197,486
40338781,39.329,59.5203,459,32154,0.137034,0.03,1,747717,747258,459
40341701,34.2658,41.5041,455,32220,0.0674068,0,1,747750,747295,455
40344621,32.4532,34.7008,454,32286,0.0214814,0.03,1,747782,747328,454
40347541,45.6906,33.3402,470,32352,0.0282963,0.07,1,747831,747361,470
40350461,46.7381,43.468,471,32417,0.0296593,0.03,1,747878,747407,471
40353381,42.9476,47.8936,464,32482,0.0459318,0.03,1,747920,747456,464
40356301,53.3895,43.1787,478,32547,0.0811864,0.05,1,747976,747498,478
40359221,12.2779,52.6357,425,32612,0.0882373,0.05,1,747978,747553,425
40362141,56.0556,12.1271,490,32677,0.105647,0.07,1,748045,747555,490
40365061,61.6111,55.2254,487,32742,0.0931295,0.09,1,748108,747621,487
40367981,13.9222,60.6451,427,32807,0.0906259,0.15,1,748110,747683,427
40370901,31.5844,39.329,429,32871,0.154125,0.05,1,748146,747717,429
40373821,27.9169,34.2658,423,32935,0.166825,0.01,1,748173,747750,423
40376741,30.3834,32.4532,422,32999,0.137365,0.03,1,748204,747782,422
40379661,46.0767,45.6906,423,33063,0.051473,0.03,1,748254,747831,423
40382581,47.6153,46.7381,424,33127,0.0342946,0.05,1,748302,747878,424
40385501,43.9231,42.9476,425,33191,0.0468589,0.09,1,748345,747920,425
40388421,54.3846,53.3895,426,33255,0.0653718,0.09,1,748402,747976,426
40391341,12.4769,12.2779,426,33319,0.0690744,0.11,1,748404,747978,426
40394261,56.8954,56.0556,427,33382,0.117815,0.09,1,748472,748045,427
40397181,60.9791,61.6111,426,33445,0.191563,0.09,1,748534,748108,426
40400101,13.7958,13.9222,426,33508,0.206313,0.17,1,748536,748110,426
40403021,33.9592,31.5844,429,33571,0.193263,0.17,1,748575,748146,429
40405941,28.3918,27.9169,429,33634,0.238652,0.13,1,748602,748173,429
40408861,29.6784,30.3834,428,33697,0.311731,0.03,1,748632,748204,428
40411781,41.1357,46.0767,422,33760,0.278346,0.03,1,748676,748254,422
40414701,47.4271,47.6153,423,33823,0.191669,0.05,1,748725,748302,423
40417621,43.0854,43.9231,422,33886,0.190334,0.07,1,748767,748345,422
40420541,57.4171,54.3846,426,33948,0.270067,0.07,1,748828,748402,426
40423461,13.0834,12.4769,426,34010,0.286013,0.13,1,748830,748404,426
40426381,57.8167,56.8954,427,34072,0.321203,0.21,1,748899,748472,427
40429301,63.5633,60.9791,430,34134,0.280241,0.21,1,748964,748534,430
40432221,14.3127,13.7958,430,34196,0.304048,0.19,1,748966,748536,430
40435141,34.8625,33.9592,431,34258,0.30881,0.19,1,749006,748575,431
40438061,30.1725,6.79183,460,34320,0.293762,0.25,1,749035,748575,460
40440981,31.6345,22.9584,465,34382,0.338752,0.33,1,749067,748602,465
40443901,39.1269,28.5917,476,34443,0.36375,0.27,1,749108,748632,476
40446821,44.6254,40.9183,478,34504,0.38475,0.17,1,749154,748676,478
40449741,43.3251,47.3837,472,34565,0.37295,0.19,1,749197,748725,472
40452661,61.465,43.0767,496,34626,0.38659,0.29,1,749263,748767,496
40455581,13.893,57.4153,437,34687,0.389318,0.29,1,749265,748828,437
40458501,57.9786,13.0831,504,34748,0.437864,0.33,1,749334,748830,504
40461421,62.7957,57.8166,499,34809,0.447573,0.27,1,749398,748899,499
40464341,14.1591,63.5633,436,34870,0.465515,0.31,1,749400,748964,436
40467261,35.6318,14.3127,475,34931,0.469103,0.31,1,749441,748966,475
40470181,31.1264,34.8625,465,34992,0.453821,0.29,1,749471,749006,465
40473101,33.4253,30.1725,470,35052,0.514764,0.35,1,749505,749035,470
40476021,41.0851,31.6345,481,35112,0.542953,0.37,1,749548,749067,481
40478941,45.017,39.1269,486,35172,0.580591,0.39,1,749594,749108,486
40481861,42.6034,44.6254,482,35232,0.588118,0.37,1,749636,749154,482
40484781,62.1207,43.3251,506,35292,0.605624,0.39,1,749703,749197,506
40487701,14.0241,61.465,442,35352,0.609125,0.39,1,749705,749263,442
40490621,60.4048,13.893,512,35412,0.593825,0.45,1,749777,749265,512
40493541,64.881,57.9786,509,35472,0.606765,0.45,1,749843,749334,509
40496461,14.5762,62.7957,447,35532,0.577353,0.47,1,749845,749398,447
40499381,34.9152,14.1591,485,35591,0.603471,0.47,1,749885,749400,485
40502301,30.183,35.6318,473,35650,0.624694,0.45,1,749914,749441,473
40505221,7.63661,31.1264,445,35709,0.628939,0.53,1,749916,749471,445
40508141,31.1273,33.4253,448,35768,0.629788,0.55,1,749953,749505,448
40511061,43.0255,41.0851,451,35827,0.645958,0.59,1,749999,749548,451
40513981,45.4051,45.017,451,35886,0.697191,0.59,1,750045,749594,451
40516901,42.681,42.6034,451,35945,0.723438,0.61,1,750087,749636,451
40519821,62.9362,62.1207,452,36004,0.696688,0.61,1,750155,749703,452
40522741,14.1872,14.0241,452,36063,0.723338,0.59,1,750157,749705,452
40525661,59.6374,60.4048,451,36122,0.728667,0.61,1,750228,749777,451
40528581,65.5275,64.881,452,36181,0.761734,0.57,2,750295,749843,452
40531501,14.7055,14.5762,452,36239,0.736347,0.61,1,750297,749845,452
40534421,34.9411,34.9152,452,36297,0.795269,0.63,2,750337,749885,452
40537341,30.9882,30.183,453,36355,0.823054,0.63,2,750367,749914,453
40540261,7.79764,7.63661,453,36413,0.828611,0.63,2,750369,749916,453
40543181,31.1595,31.1273,453,36471,0.813722,0.65,2,750406,749953,453
40546101,43.8319,43.0255,454,36529,0.874744,0.71,2,750453,749999,454
40549021,46.3664,45.4051,455,36587,0.902949,0.73,2,750500,750045,455
40689181,31,40,485,39263,0.61,1,1,752350,751865,485
40692101,36.6,40,483,39317,0.53,1,1,752388,751905,483
40695021,32.12,29.6,487,39371,0.386,1,1,752419,751932,487
40697941,39.224,32.32,495,39425,0.3412,1,1,752460,751965,495
40700861,57.4448,60.864,489,39479,0.20424,1,1,752522,752033,489
40703781,37.089,36.9728,490,39532,0.160848,1,1,752554,752064,490
40706701,47.4178,44.9946,493,39585,0.0881696,0.96,1,752604,752111,493
40709621,53.4836,66.5989,476,39638,0.0416339,0.88,1,752659,752183,476
40712541,26.6967,31.7198,473,39691,0.0323268,1,1,752679,752206,473
40715461,27.7393,29.544,472,39744,0.0464654,0.97,1,752707,752235,472
40718381,27.1479,29.9088,469,39797,0.0972931,0.89,1,752734,752265,469
40721301,19.8296,26.7818,461,39850,0.0914586,0.77,1,752752,752291,461
40724221,21.5659,27.7564,455,39903,0.138292,0.61,1,752774,752319,455
40727141,25.9132,30.3513,451,39956,0.115658,0.51,1,752801,752350,451
40730061,32.3826,36.4703,447,40009,0.0951317,0.35,1,752835,752388,447
40732981,28.0765,32.0941,443,40062,0.0750263,0.35,1,752862,752419,443
40735901,30.4153,6.41881,474,40115,0.0870053,0.33,1,752893,752419,474
40738821,52.4831,34.0838,491,40168,0.121401,0.17,1,752951,752460,491
40741741,29.6966,56.4168,453,40221,0.14428,0.15,1,752975,752522,453
40744661,46.7393,36.8834,472,40273,0.100856,0.07,1,753026,752554,472
40747581,52.5479,47.3767,476,40325,0.0441712,0.03,1,753080,752604,476
40750501,26.5096,53.4753,441,40377,0.0488342,0.03,1,753100,752659,441
40753421,28.5019,26.6951,450,40429,0.0497668,0.05,1,753129,752679,450
40756341,29.7004,27.739,452,40481,0.0979534,0.11,1,753159,752707,452
40759261,21.1401,27.1478,444,40533,0.123591,0.09,1,753178,752734,444
40762181,21.028,19.8296,447,40585,0.0807181,0.15,1,753199,752752,447
40765101,24.2056,21.5659,450,40637,0.104144,0.11,1,753224,752774,450
40768021,32.0411,25.9132,457,40689,0.124829,0.09,1,753258,752801,457
40770941,28.8082,32.3826,451,40741,0.128966,0.07,1,753286,752835,451
40773861,29.7616,28.0765,454,40793,0.145793,0.09,1,753316,752862,454
40776781,55.5523,30.4153,485,40845,0.149159,0.13,1,753378,752893,485
40779701,29.5105,52.4831,450,40897,0.165832,0.15,1,753401,752951,450
40782621,45.9021,29.6966,476,40949,0.233166,0.09,1,753451,752975,476
40785541,49.9804,46.7393,476,41001,0.166633,0.03,1,753502,753026,476
40788461,25.9961,52.5479,442,41052,0.121327,0.05,1,753522,753080,442
40791381,28.3992,26.5096,451,41103,0.128265,0.05,1,753551,753100,451
40794301,32.8798,28.5019,456,41154,0.0816531,0.11,1,753585,753129,456
40797221,20.976,29.7004,444,41205,0.0723306,0.13,1,753603,753159,444
40800141,22.5952,21.1401,448,41256,0.0544661,0.07,1,753626,753178,448
40803061,24.519,21.028,452,41307,0.0668932,0.11,1,753651,753199,452
40805981,32.1038,24.2056,461,41358,0.0373786,0.13,1,753685,753224,461
40808901,28.8208,32.0411,455,41409,0.0474757,0.13,1,753713,753258,455
40811821,30.5642,28.8082,458,41460,0.0494951,0.15,1,753744,753286,458
40814741,56.5128,29.7616,491,41511,0.033899,0.15,1,753807,753316,491
40817661,12.9026,55.5523,431,41562,0.0307798,0.17,1,753809,753378,431
40820581,20.9805,29.5105,431,41613,0.062156,0.25,1,753832,753401,431
40823501,46.5961,45.9021,434,41664,0.100431,0.15,1,753885,753451,434
40826421,44.5192,49.9804,427,41715,0.124086,0.11,1,753929,753502,427
40829341,24.9038,25.9961,427,41766,0.128817,0.13,1,753949,753522,427
40832261,27.3808,28.3992,426,41817,0.0977634,0.07,1,753977,753551,426
40835181,31.8762,32.8798,425,41867,0.107553,0.07,1,754010,753585,425
40838101,20.7752,20.976,425,41917,0.0775105,0.05,1,754028,753603,425
40841021,21.755,22.5952,424,41967,0.103502,0.07,1,754050,753626,424
40843941,23.551,24.519,423,42017,0.1247,0.03,1,754074,753651,423
40846861,31.9102,32.1038,423,42067,0.16094,0.05,1,754108,753685,423
40849781,30.382,28.8208,425,42117,0.184188,0.05,1,754138,753713,425
40852701,30.0764,30.5642,424,42167,0.220838,0.03,1,754168,753744,424
40855621,55.6153,56.5128,423,42217,0.260168,0.03,1,754230,753807,423
40858541,12.7231,12.9026,423,42267,0.268034,0.07,1,754232,753809,423
40861461,20.9446,20.9805,423,42317,0.285607,0.11,1,754255,753832,423
40864381,48.1889,46.5961,425,42367,0.337121,0.13,1,754310,753885,425
40867301,45.6378,44.5192,426,42417,0.427424,0.13,1,754355,753929,426
40870221,25.1276,24.9038,426,42467,0.461485,0.09,1,754375,753949,426
40873141,27.4255,27.3808,426,42517,0.436297,0.11,1,754403,753977,426
40876061,31.0851,31.8762,425,42567,0.447259,0.07,1,754435,754010,425
40878981,20.617,20.7752,425,42617,0.449452,0.11,1,754453,754028,425
40881901,21.7234,21.755,425,42667,0.48189,0.13,1,754475,754050,425
40884821,24.3447,23.551,426,42716,0.472378,0.17,1,754500,754074,426
40887741,33.6689,31.9102,428,42765,0.534476,0.19,1,754536,754108,428
40890661,33.1338,30.382,431,42814,0.562895,0.23,1,754569,754138,431
40893581,31.4268,30.0764,432,42863,0.552579,0.27,1,754600,754168,432
40896501,56.6854,55.6153,433,42912,0.614516,0.27,1,754663,754230,433
40899421,12.9371,12.7231,433,42961,0.626903,0.29,1,754665,754232,433
40902341,22.5874,20.9446,435,43010,0.613381,0.29,1,754690,754255,435
40905261,50.9175,4.18892,493,43059,0.610676,0.35,1,754748,754255,493
40908181,49.3835,44.8378,487,43108,0.626135,0.45,1,754797,754310,487
40911101,25.8767,44.9676,462,43157,0.661227,0.47,1,754817,754355,462
40914021,28.3753,24.9935,471,43206,0.652245,0.43,1,754846,754375,471
40916941,31.2751,27.3987,475,43255,0.666449,0.45,1,754878,754403,475
40919861,20.655,31.0797,461,43304,0.66929,0.45,1,754896,754435,461
40922781,21.731,20.6159,465,43353,0.669858,0.49,1,754918,754453,465
40925701,25.1462,21.7232,469,43402,0.669972,0.47,1,754944,754475,469
40928621,35.4292,24.3446,482,43451,0.669994,0.55,1,754982,754500,482
40931541,34.2858,33.6689,480,43500,0.685999,0.57,1,755016,754536,480
40934461,32.4572,33.1338,479,43549,0.7052,0.55,1,755048,754569,479
40937381,58.4914,31.4268,513,43597,0.74104,0.63,1,755113,754600,513
40940301,13.2983,56.6854,452,43645,0.748208,0.63,1,755115,754663,452
40943221,23.4597,12.9371,476,43693,0.749642,0.61,1,755141,754665,476
40946141,51.8919,22.5874,510,43741,0.765928,0.61,2,755200,754690,510
40949061,51.1784,50.9175,503,43789,0.785186,0.63,2,755251,754748,503
40951981,26.2357,49.3835,474,43837,0.805037,0.67,2,755271,754797,474
40954901,28.4471,25.8767,483,43885,0.857007,0.65,2,755300,754817,483
40957821,31.2894,28.3753,486,43933,0.835401,0.67,2,755332,754846,486
40960741,20.6579,31.2751,472,43981,0.84708,0.67,2,755350,754878,472
40963661,21.7316,20.655,476,44029,0.865416,0.67,2,755372,754896,476
40966581,25.1463,21.731,480,44077,0.869083,0.67,2,755398,754918,480
40969501,35.4293,25.1462,492,44125,0.869817,0.67,2,755436,754944,492
40972421,35.0859,35.4292,489,44173,0.853963,0.69,2,755471,754982,489
40975341,34.2172,34.2858,489,44221,0.834793,0.71,2,755505,755016,489
40978261,59.6434,32.4572,523,44269,0.846959,0.75,2,755571,755048,523
40981181,13.5287,58.4914,460,44317,0.849392,0.75,2,755573,755113,460
40984101,23.5057,13.2983,484,44365,0.849878,0.75,2,755599,755115,484
40987021,52.7011,23.4597,518,44413,0.833976,0.77,2,755659,755141,518
40989941,52.1402,51.8919,511,44460,0.830795,0.79,2,755711,755200,511
40992861,12.028,51.1784,462,44507,0.830159,0.81,2,755713,755251,462
40995781,18.4056,26.2357,462,44554,0.862032,0.87,2,755733,755271,462
40998701,27.6811,28.4471,463,44601,0.852406,0.83,2,755763,755300,463
41001621,31.1362,31.2894,463,44648,0.866481,0.85,2,755795,755332,463
41004541,21.4272,20.6579,464,44695,0.869296,0.87,2,755814,755350,464
41007461,22.6854,21.7316,465,44742,0.917859,0.87,2,755837,755372,465
41010381,25.3371,25.1463,465,44789,0.927572,0.87,2,755863,755398,465
41013301,35.4674,35.4293,465,44836,0.929514,0.85,2,755901,755436,465
41016221,35.0935,35.0859,465,44883,0.913903,0.83,2,755936,755471,465
41019141,32.6187,34.2172,463,44930,0.910781,0.85,2,755968,755505,463
41232301,72,39,493,21997,0.27,0.51,1,758407,757914,493
41235221,104,70.2,527,22093,0.382,0.35,1,758519,757992,527
41238141,68,107.64,469,22189,0.3884,0.25,1,758578,758109,469
41241061,48.8,73.528,448,22285,0.38968,0.17,1,758622,758174,448
41243981,20.16,36.3056,434,22380,0.421936,0.19,1,758635,758201,434
41246901,35.232,24.0611,452,22475,0.428387,0.25,1,758674,758222,452
41249821,53.4464,54.4122,448,22569,0.461677,0.25,1,758732,758284,448
41252741,99.4893,51.6824,508,22663,0.516335,0.27,1,758843,758335,508
41255661,111.898,67.9365,551,22757,0.543267,0.41,1,758958,758407,551
41258581,70.3796,103.187,499,22850,0.564653,0.39,1,759018,758519,499
41261501,50.0759,67.8375,485,22943,0.552931,0.39,1,759063,758578,485
41264421,22.0152,48.7675,456,23035,0.534586,0.43,1,759078,758622,456
41267341,35.603,20.1535,482,23127,0.578917,0.43,1,759117,758635,482
41270261,54.3206,35.2307,502,23219,0.587783,0.47,1,759176,758674,502
41273181,102.064,53.4461,558,23310,0.605557,0.53,1,759290,758732,558
41276101,113.213,99.4892,563,23401,0.609111,0.55,1,759406,758843,563
41279021,71.4426,111.898,509,23492,0.609822,0.57,1,759467,758958,509
41281941,49.4885,70.3796,493,23582,0.625964,0.55,1,759511,759018,493
41284861,22.6977,50.0759,464,23672,0.629193,0.53,1,759527,759063,464
41287781,34.9395,22.0152,487,23762,0.645839,0.59,1,759565,759078,487
41290701,55.7879,35.603,509,23851,0.681168,0.59,1,759626,759117,509
41293621,103.158,54.3206,565,23940,0.720234,0.61,1,759741,759176,565
41296541,22.2315,102.064,453,24029,0.728047,0.61,1,759743,759290,453
41299461,96.4463,113.213,452,24117,0.809609,0.61,2,759858,759406,452
41302381,68.0893,71.4426,452,24205,0.825922,0.63,2,759919,759467,452
41305301,49.6179,49.4885,453,24293,0.845184,0.63,2,759964,759511,453
41308221,22.7236,22.6977,453,24380,0.833037,0.65,2,759980,759527,453
41311141,35.7447,34.9395,454,24467,0.846607,0.69,2,760019,759565,454
41314061,58.3489,55.7879,457,24554,0.913321,0.73,2,760083,759626,457
41401661,27,31,505,27024,0.91,1,2,761866,761361,505
41404581,11.8,30.2,483,27102,0.942,0.97,2,761874,761391,483
41407501,31.96,38.04,480,27180,0.8844,1,2,761911,761431,480
41410421,43.992,49.208,475,27258,0.88888,0.97,2,761958,761483,475
41492181,89,40,581,29355,0.79,1,2,763479,762898,581
41495101,74.6,94.4,544,29427,0.758,1,2,763550,763006,544
41498021,57.32,78.88,522,29499,0.7516,1,2,763603,763081,522
41500941,85.864,54.176,567,29571,0.84632,1,2,763696,763129,567
41503861,50.7728,88.4352,512,29643,0.817264,0.96,2,763738,763226,512
41506781,33.3546,50.487,500,29714,0.859453,0.95,2,763767,763267,500
41509701,33.0709,36.4974,500,29785,0.851891,0.97,2,763800,763300,500
41512621,8.21418,33.6995,469,29856,0.882378,0.93,2,763802,763333,469
41515541,28.0428,33.9399,468,29927,0.904476,0.81,2,763835,763367,468
41518461,20.8086,25.188,464,29998,0.924895,0.79,2,763854,763390,464
41717021,54,85,538,34465,0.61,1,1,767071,766533,538
41719941,68.4,73,540,34526,0.546,0.97,1,767143,766603,540
41722861,41.68,61.8,516,34587,0.5652,1,1,767178,766662,516
41725781,30.736,43.56,505,34648,0.53704,1,1,767206,766701,505
41728701,26.1472,32.712,500,34709,0.435408,0.86,1,767231,766731,500
41731621,36.4294,27.3424,513,34770,0.479082,0.9,1,767270,766757,513
41734541,34.4859,39.8685,504,34831,0.407816,0.99,1,767304,766800,504
41737461,30.8972,36.7737,498,34892,0.441563,0.86,1,767334,766836,498
41740381,21.3794,32.1547,486,34953,0.400313,0.97,1,767353,766867,486
41743301,31.4759,21.6309,501,35013,0.424063,0.75,1,767387,766886,501
41746221,72.6952,34.7262,546,35073,0.444813,0.63,1,767470,766924,546
41749141,52.139,81.3452,500,35133,0.464963,0.61,1,767517,767017,500
41752061,66.4278,59.469,516,35193,0.484993,0.53,1,767587,767071,516
41754981,38.8856,69.4938,476,35253,0.520998,0.57,1,767619,767143,476
41757901,30.9771,41.8988,470,35313,0.5122,0.53,1,767648,767178,470
41760821,27.7954,30.7798,469,35373,0.49444,0.41,1,767675,767206,469
41763741,37.5591,26.1559,484,35433,0.570888,0.49,1,767715,767231,484
41766661,32.3118,36.4312,476,35493,0.570178,0.39,1,767746,767270,476
41769581,29.6624,34.4862,471,35553,0.586036,0.45,1,767775,767304,471
41772501,21.9325,30.8972,461,35612,0.605207,0.39,1,767795,767334,461
41775421,31.5865,21.3794,476,35671,0.609041,0.43,1,767829,767353,476
41778341,7.9173,31.4759,444,35730,0.609808,0.45,1,767831,767387,444
41781261,67.9835,72.6952,444,35789,0.641962,0.47,1,767914,767470,444
41784181,51.9967,52.139,445,35848,0.680392,0.49,1,767962,767517,445
41787101,67.1993,66.4278,446,35907,0.752078,0.53,2,768033,767587,446
41790021,40.6399,38.8856,448,35966,0.782416,0.51,2,768067,767619,448
41792941,30.528,30.9771,447,36025,0.820483,0.49,2,768095,767648,447
41795861,28.5056,27.7954,448,36084,0.828097,0.59,2,768123,767675,448
41798781,40.1011,37.5591,451,36143,0.925619,0.57,2,768166,767715,451
41801701,32.0202,32.3118,450,36201,0.945124,0.59,2,768196,767746,450
41804621,31.204,29.6624,452,36259,0.933025,0.61,2,768227,767775,452
41807541,22.2408,21.9325,452,36317,0.930605,0.61,2,768247,767795,452
41991501,35,50,484,39815,0.77,1,2,770680,770196,484
41994421,39,38,489,39868,0.722,1,1,770720,770231,489
41997341,43,38.8,494,39921,0.7444,1,1,770764,770270,494
42000261,37.4,46.96,481,39974,0.74888,1,1,770800,770319,481
42003181,36.28,36.592,483,40027,0.733776,1,1,770836,770353,483
42006101,46.456,48.1184,481,40080,0.714755,1,1,770885,770404,481
42009021,31.6912,9.62368,509,40133,0.694951,1,1,770913,770404,509
42011941,34.3382,31.5247,507,40186,0.70699,0.97,1,770948,770441,507
42014861,33.2676,31.9049,508,40239,0.629398,1,1,770981,770473,508
42017781,36.2535,37.581,506,40291,0.59788,0.92,1,771018,770512,506
42020701,27.2507,38.7162,492,40343,0.607576,0.99,1,771043,770551,492
42023621,34.2501,30.1432,500,40395,0.625515,0.87,1,771079,770579,500
42026541,26.85,38.8286,484,40447,0.581103,0.83,1,771104,770620,484
42029461,34.17,27.7657,495,40499,0.604221,0.77,1,771140,770645,495
42032381,38.834,33.5531,500,40551,0.592844,0.71,1,771180,770680,500
42035301,38.1668,38.7106,498,40603,0.542569,0.75,1,771218,770720,498
42038221,36.4334,42.9421,490,40655,0.532514,0.75,1,771254,770764,490
42041141,36.8867,37.3884,491,40707,0.530503,0.73,1,771291,770800,491
42044061,45.7773,36.2777,503,40759,0.546101,0.71,1,771339,770836,503
42046981,33.1555,46.4555,484,40811,0.54922,0.69,1,771369,770885,484
42049901,33.0311,31.6911,489,40863,0.533844,0.71,1,771402,770913,489
42052821,30.6062,34.3382,484,40915,0.514769,0.61,1,771432,770948,484
42055741,35.7212,33.2676,488,40967,0.510954,0.59,1,771469,770981,488
42058661,27.9442,36.2535,477,41019,0.542191,0.61,1,771495,771018,477
42061581,32.7889,27.2507,486,41070,0.516438,0.63,1,771529,771043,486
42064501,25.7578,34.2501,474,41121,0.511288,0.57,1,771553,771079,474
42067421,35.5516,26.85,487,41172,0.542257,0.61,1,771591,771104,487
42070341,36.7103,34.17,488,41223,0.580451,0.59,1,771628,771140,488
42073261,36.9421,38.834,485,41274,0.60409,0.53,1,771665,771180,485
42076181,36.1884,38.1668,483,41325,0.640818,0.53,1,771701,771218,483
42079101,36.8377,36.4334,484,41376,0.648164,0.53,1,771738,771254,484
42082021,46.5675,36.8867,496,41427,0.681633,0.55,1,771787,771291,496
42084941,33.3135,45.7773,478,41478,0.688327,0.55,1,771817,771339,478
42087861,29.8627,33.1555,477,41529,0.673665,0.53,1,771846,771369,477
42090781,7.57254,33.0311,446,41580,0.702733,0.51,1,771848,771402,446
42093701,26.3145,30.6062,447,41631,0.724547,0.51,1,771879,771432,447
42096621,34.8629,35.7212,447,41682,0.760909,0.55,2,771916,771469,447
42099541,27.7726,27.9442,447,41733,0.784182,0.51,2,771942,771495,447
42102461,32.7545,32.7889,447,41784,0.756836,0.51,2,771976,771529,447
42105381,25.7509,25.7578,447,41835,0.815367,0.55,2,772000,771553,447
42108301,37.1502,35.5516,449,41885,0.875073,0.59,2,772040,771591,449
42111221,38.63,36.7103,451,41935,0.903015,0.61,2,772079,771628,451
42411981,97,109,488,21370,0.13,0.73,1,775621,775133,488
42414901,85,78.6,499,21469,0.13,0.53,1,775703,775204,499
42417821,68.2,93.32,466,21568,0.114,0.41,1,775767,775301,466
42420741,81.64,53.864,507,21666,0.1108,0.33,1,775852,775345,507
42423661,22.728,74.7728,435,21764,0.11016,0.29,1,775860,775425,435
42426581,18.9456,18.9546,448,21861,0.110032,0.19,1,775878,775430,448
42429501,63.7891,78.9909,429,21958,0.158006,0.13,1,775953,775524,429
42432421,90.3578,93.3982,429,22055,0.311601,0.13,1,776050,775621,429
42435341,82.8716,84.2796,428,22151,0.39032,0.11,1,776131,775703,428
42438261,67.7743,68.0559,428,22247,0.454064,0.11,1,776195,775767,428
42441181,80.7549,81.6112,427,22342,0.450813,0.11,1,776279,775852,427
42444101,22.551,22.7222,427,22437,0.418163,0.11,1,776287,775860,427
42447021,18.9102,18.9444,427,22532,0.411633,0.11,1,776305,775878,427
42449941,66.182,3.78889,505,22626,0.442327,0.17,1,776383,775878,505
42452861,95.6364,60.7578,533,22720,0.512465,0.35,1,776486,775953,533
42455781,87.9273,89.7516,522,22813,0.478493,0.41,1,776572,776050,522
42458701,69.5855,82.7503,506,22906,0.487699,0.47,1,776637,776131,506
42461621,80.3171,67.7501,525,22999,0.52154,0.45,1,776720,776195,525
42464541,22.4634,80.75,449,23091,0.528308,0.41,1,776728,776279,449
42467461,18.8927,22.55,459,23183,0.529662,0.41,1,776746,776287,459
42470381,69.3785,18.91,523,23274,0.513932,0.45,1,776828,776305,523
42473301,97.8757,66.182,550,23365,0.606786,0.53,1,776933,776383,550
42476221,85.9751,95.6364,530,23456,0.673357,0.47,1,777016,776486,530
42479141,69.995,87.9273,510,23546,0.734671,0.49,1,777082,776572,510
42482061,81.999,69.5855,530,23636,0.762934,0.53,2,777167,776637,530
42484981,22.7998,80.3171,455,23726,0.768587,0.53,2,777175,776720,455
42487901,18.96,22.4634,465,23815,0.769717,0.53,2,777193,776728,465
42490821,68.592,18.8927,528,23904,0.785943,0.51,2,777274,776746,528
42493741,15.3184,69.3785,448,23993,0.789189,0.63,2,777276,776828,448
42496661,91.8637,97.8757,454,24081,0.805838,0.69,2,777387,776933,454
42499581,86.3727,85.9751,456,24169,0.841168,0.75,2,777472,777016,456
42502501,72.4745,69.995,459,24257,0.912234,0.77,2,777541,777082,459
42505421,83.2949,81.999,460,24344,0.894447,0.77,2,777627,777167,460
42508341,23.059,22.7998,460,24431,0.858889,0.77,2,777635,777175,460
42511261,19.0118,18.96,460,24518,0.851778,0.79,2,777653,777193,460
42514181,69.4024,68.592,461,24604,0.914356,0.79,2,777735,777274,461
42517101,15.4805,15.3184,461,24690,0.926871,0.81,2,777737,777276,461
42622221,82,83,476,27611,0.87,1,2,779908,779432,476
42625141,41.2,42.2,475,27688,0.934,0.94,2,779939,779464,475
42628061,53.04,56.44,471,27764,0.8988,1,2,779995,779524,471
42630981,44.208,41.688,475,27840,0.89176,1,2,780037,779562,475
42633901,31.2416,31.5376,474,27916,0.890352,0.98,2,780065,779591,474
42636821,40.6483,40.7075,474,27992,0.90607,1,2,780108,779634,474
42639741,35.3297,38.5415,470,28068,0.877214,0.93,2,780142,779672,470
42642661,61.4659,63.7083,468,28143,0.887443,0.93,2,780210,779742,468
42750701,35,25,506,30802,0.75,0.98,2,782066,781560,506
42753621,55,63.4,493,30871,0.718,1,1,782126,781633,493
42756541,59.8,73.48,478,30940,0.6956,1,1,782187,781709,478
42759461,97.56,93.896,486,31008,0.59512,1,1,782294,781808,486
42762381,34.712,45.9792,471,31076,0.671024,0.92,1,782313,781842,471
42765301,46.1424,49.9958,469,31144,0.670205,1,1,782362,781893,469
42768221,38.0285,38.7992,469,31212,0.734041,0.98,1,782398,781929,469
42771141,34.0057,35.7598,467,31280,0.746808,0.98,1,782431,781964,467
42774061,26.8011,7.15197,492,31348,0.733362,0.91,1,782456,781964,492
42776981,34.9602,26.2304,498,31415,0.746672,0.79,1,782493,781995,498
42779901,32.592,34.0461,494,31482,0.717334,0.75,1,782525,782031,494
42782821,52.1184,34.8092,516,31549,0.695467,0.71,1,782582,782066,516
42785741,53.6237,54.9618,510,31616,0.723093,0.69,1,782636,782126,510
42788661,97.1247,59.7924,557,31683,0.760619,0.57,2,782744,782187,557
42791581,35.4249,97.5585,470,31750,0.768124,0.69,2,782764,782294,470
42794501,48.685,34.7117,503,31817,0.769625,0.67,2,782816,782313,503
42797421,38.537,46.1423,490,31883,0.785925,0.75,2,782852,782362,490
42800341,37.3074,38.0285,491,31949,0.853185,0.75,2,782889,782398,491
42803261,26.6615,34.0057,482,32015,0.898637,0.73,2,782913,782431,482
42806181,34.1323,26.8011,493,32081,0.907727,0.75,2,782949,782456,493
42809101,32.4265,34.9602,488,32147,0.925546,0.71,2,782981,782493,488
42812021,52.8853,32.592,514,32213,0.945109,0.69,2,783039,782525,514
42952181,31,25,514,35226,0.61,1,1,785182,784668,514
42955101,40.6,32.2,523,35286,0.498,1,1,785225,784702,523
42958021,36.12,46.44,508,35346,0.3796,1,1,785260,784752,508
42960941,38.424,37.288,512,35406,0.24392,1,1,785299,784787,512
42963861,34.0848,34.6576,511,35466,0.280784,0.92,1,785332,784821,511
42966781,30.817,30.1315,512,35526,0.144157,1,1,785362,784850,512
42969701,27.7634,26.0263,514,35586,0.0688314,1,1,785389,784875,514
42972621,28.7527,26.8053,516,35645,0.0697663,1,1,785418,784902,516
42975541,27.3505,34.9611,506,35704,0.101953,0.99,1,785445,784939,506
42978461,28.6701,54.9922,475,35763,0.0923906,0.71,1,785474,784999,475
42981381,84.134,106.198,454,35822,0.0744781,0.63,1,785572,785118,454
42984301,43.2268,47.6397,454,35881,0.0868956,0.61,1,785605,785151,454
42987221,32.6454,34.3279,453,35940,0.105379,0.47,1,785635,785182,453
42990141,29.7291,41.2656,439,35999,0.141076,0.35,1,785664,785225,439
42993061,31.5458,36.2531,436,36058,0.0842152,0.21,1,785696,785260,436
42995981,38.3092,38.4506,437,36117,0.072843,0.29,1,785736,785299,437
42998901,31.6618,34.0901,434,36176,0.102569,0.11,1,785766,785332,434
43001821,24.7324,30.818,427,36234,0.0605137,0.05,1,785789,785362,427
43004741,25.7465,27.7636,426,36292,0.0201027,0.07,1,785815,785389,426
43007661,28.3493,28.7527,426,36350,0.0280205,0.11,1,785844,785418,426
43010581,25.6699,27.3505,424,36408,0.0616041,0.09,1,785869,785445,424
43013501,28.334,28.6701,424,36466,0.100321,0.07,1,785898,785474,424
43016421,84.8668,84.134,425,36524,0.204064,0.09,1,785997,785572,425
43019341,44.1734,43.2268,426,36582,0.192813,0.11,1,786031,785605,426
43022261,32.8347,32.6454,426,36640,0.254563,0.15,1,786061,785635,426
43025181,28.9669,29.7291,425,36698,0.266913,0.07,1,786089,785664,425
43028101,32.9934,31.5458,427,36756,0.237382,0.07,1,786123,785696,427
43031021,35.3987,38.3092,423,36813,0.263476,0.11,1,786159,785736,423
43033941,32.6797,31.6618,425,36870,0.284695,0.05,1,786191,785766,425
43036861,24.1359,24.7324,424,36927,0.288939,0.01,1,786213,785789,424
43039781,24.8272,25.7465,423,36984,0.353788,0.03,1,786238,785815,423
43042701,28.1654,28.3493,423,37041,0.350758,0.07,1,786267,785844,423
43045621,26.4331,25.6699,424,37098,0.318152,0.11,1,786293,785869,424
43048541,30.8866,28.334,427,37155,0.27963,0.11,1,786325,785898,427
43051461,87.7773,5.66679,529,37212,0.319926,0.23,1,786427,785898,529
43054381,44.7555,80.3334,464,37269,0.343985,0.19,1,786461,785997,464
43057301,34.5511,43.2667,462,37326,0.316797,0.27,1,786493,786031,462
43060221,29.3102,32.6533,460,37383,0.311359,0.27,1,786521,786061,460
43063141,33.062,28.9307,466,37440,0.326272,0.23,1,786555,786089,466
43066061,35.4124,32.9861,468,37496,0.345254,0.27,1,786591,786123,468
43068981,34.2825,35.3972,466,37552,0.381051,0.29,1,786625,786159,466
43071901,25.2565,32.6794,457,37608,0.37221,0.29,1,786648,786191,457
43074821,26.6513,24.1359,462,37664,0.418442,0.37,1,786675,786213,462
43077741,26.1303,24.8272,463,37720,0.427688,0.35,1,786701,786238,463
43080661,27.6261,28.1654,462,37776,0.429538,0.31,1,786729,786267,462
43083581,29.5252,26.4331,466,37832,0.429908,0.27,1,786759,786293,466
43086501,89.905,30.8866,539,37888,0.557982,0.33,1,786864,786325,539
43089421,45.981,87.7773,472,37944,0.567596,0.35,1,786899,786427,472
43092341,33.1962,44.7555,468,38000,0.585519,0.31,1,786929,786461,468
43095261,29.8392,34.5511,465,38056,0.573104,0.31,1,786958,786493,465
43098181,33.1678,29.3102,471,38112,0.602621,0.33,1,786992,786521,471
43101101,36.2336,33.062,474,38167,0.624524,0.35,1,787029,786555,474
43104021,34.4467,35.4124,472,38222,0.644905,0.39,1,787063,786591,472
43106941,26.0893,34.2825,462,38277,0.664981,0.37,1,787087,786625,462
43109861,29.2179,25.2565,469,38332,0.716996,0.43,1,787117,786648,469
43112781,26.6436,26.6513,468,38387,0.743399,0.43,1,787143,786675,468
43115701,27.7287,26.1303,470,38442,0.74868,0.43,1,787171,786701,470
43118621,30.3457,27.6261,473,38497,0.765736,0.43,2,787202,786729,473
43121541,95.6691,29.5252,555,38552,0.753147,0.59,2,787314,786759,555
43124461,46.3338,89.905,484,38607,0.750629,0.57,2,787348,786864,484
43127381,10.8668,45.981,451,38662,0.750126,0.59,2,787350,786899,451
43130301,26.1734,33.1962,451,38717,0.750025,0.57,2,787380,786929,451
43133221,28.4347,29.8392,451,38772,0.766005,0.61,2,787409,786958,451
43136141,33.6869,33.1678,452,38826,0.817201,0.63,2,787444,786992,452
43139061,37.1374,36.2336,453,38880,0.81144,0.65,2,787482,787029,453
43141981,35.4275,34.4467,454,38934,0.826288,0.67,2,787517,787063,454
43144901,27.0855,26.0893,455,38988,0.813258,0.73,2,787542,787087,455
43147821,31.8171,29.2179,458,39042,0.762652,0.75,2,787575,787117,458
43150741,27.9634,26.6436,459,39096,0.80053,0.75,2,787602,787143,459
43153661,27.9927,27.7287,459,39150,0.776106,0.77,2,787630,787171,459
43156581,29.5985,30.3457,458,39204,0.771221,0.75,2,787660,787202,458
43159501,96.3197,95.6691,459,39258,0.818244,0.75,2,787773,787314,459
43162421,46.4639,46.3338,459,39312,0.859649,0.75,2,787807,787348,459
43165341,10.8928,10.8668,459,39366,0.89993,0.75,2,787809,787350,459
43168261,26.1786,26.1734,459,39420,0.923986,0.77,2,787839,787380,459
43171181,29.2357,28.4347,460,39474,0.944797,0.83,2,787869,787409,460
43174101,34.6471,33.6869,461,39528,0.916959,0.81,2,787905,787444,461
43371201,491,537,465,18980,0.01,0.71,1,790319,789854,465
43374121,168.6,166.6,479,19092,0.042,0.45,1,790407,789928,479
43377041,80.12,94.12,461,19203,0.0484,0.31,1,790465,790004,461
43379961,131.224,50.024,566,19314,0.11368,0.07,1,790609,790043,566
43382881,67.8448,148.405,445,19424,0.158736,0.05,1,790661,790216,445
43385801,57.569,68.881,451,19533,0.183747,0.09,1,790716,790265,451
43388721,22.7138,36.1762,437,19642,0.188749,0.01,1,790730,790293,437
43391641,82.9428,28.0352,509,19750,0.20575,0.05,1,790828,790319,509
43394561,64.5886,76.007,481,19857,0.19315,0.05,1,790888,790407,481
43397481,131.318,61.6014,571,19964,0.22263,0.13,1,791036,790465,571
43400401,69.4635,127.52,481,20070,0.244526,0.17,1,791090,790609,481
43403321,58.6927,67.1041,485,20176,0.248905,0.19,1,791146,790661,485
43406241,21.3385,57.4208,442,20281,0.265781,0.19,1,791158,790716,442
43409161,86.6677,22.6842,531,20386,0.285156,0.21,1,791261,790730,531
43412081,62.9335,82.9368,490,20490,0.353031,0.19,1,791318,790828,490
43415001,133.387,64.5874,581,20594,0.382606,0.23,1,791469,790888,581
43417921,69.8773,131.317,487,20697,0.388521,0.25,1,791523,791036,487
43420841,59.5755,69.4635,490,20799,0.421704,0.25,1,791580,791090,490
43423761,21.5151,58.6927,446,20901,0.396341,0.27,1,791592,791146,446
43426681,89.103,21.3385,540,21002,0.487268,0.29,1,791698,791158,540
43429601,19.4206,86.6677,439,21103,0.505454,0.37,1,791700,791261,439
43432521,50.2841,62.9335,440,21204,0.589091,0.39,1,791758,791318,440
43435441,131.657,133.387,441,21304,0.605818,0.39,1,791910,791469,441
43438361,70.3314,69.8773,442,21404,0.657164,0.43,1,791965,791523,442
43441281,58.8663,59.5755,441,21503,0.715433,0.39,1,792021,791580,441
43444201,21.3733,21.5151,441,21602,0.743087,0.51,1,792033,791592,441
43447121,94.6747,89.103,448,21700,0.780617,0.51,2,792146,791698,448
43450041,20.5349,19.4206,448,21798,0.788123,0.61,2,792148,791700,448
43452961,52.107,50.2841,450,21895,0.757625,0.61,2,792208,791758,450
43455881,133.621,131.657,452,21992,0.767525,0.67,2,792362,791910,452
43458801,73.1243,70.3314,455,22088,0.753505,0.73,2,792420,791965,455
43461721,61.0249,58.8663,457,22184,0.798701,0.75,2,792478,792021,457
43464641,21.805,21.3733,457,22280,0.83974,0.79,2,792490,792033,457
43467561,96.361,94.6747,459,22375,0.895948,0.79,2,792605,792146,459
43470481,20.8722,20.5349,459,22470,0.90719,0.75,2,792607,792148,459
43473401,50.5744,52.107,457,22564,0.909438,0.75,2,792665,792208,457
43561001,37,36,508,25231,0.67,1,1,794590,794082,508
43563921,111.4,136,477,25315,0.334,1,1,794720,794243,477
43566841,71.08,54.4,504,25399,0.0908,1,1,794781,794277,504
43569761,43.016,38.88,505,25482,0.04216,1,1,794817,794312,505
43572681,32.6032,7.776,535,25565,0.008432,1,1,794847,794312,535
43575601,39.3206,48.7552,517,25648,0.0736864,1,1,794888,794371,517
43578521,86.2641,34.551,584,25731,0.0387373,0.83,1,794986,794402,584
43581441,36.4528,102.11,489,25813,0.0317475,0.85,1,795010,794521,489
43584361,32.8906,46.022,489,25895,0.00634949,0.67,1,795042,794553,489
43587281,92.9781,38.8044,560,25977,0.10527,0.25,1,795150,794590,560
43590201,60.1956,111.761,482,26059,0.077054,0.03,1,795202,794720,482
43593121,42.4391,71.1522,459,26140,0.0394108,0.03,1,795240,794781,459
43596041,30.8878,43.0304,451,26221,0.00788216,0,1,795268,794817,451
43598961,39.7776,32.6061,463,26302,0.00957643,0.09,1,795310,794847,463
43601881,86.3555,39.3212,520,26383,0.0259153,0.03,1,795408,794888,520
43604801,36.4711,86.2642,446,26463,0.0291831,0.03,1,795432,794986,446
43607721,32.8942,36.4528,454,26543,0.0298366,0,1,795464,795010,454
43610641,96.9788,32.8906,535,26623,0.109967,0.13,1,795577,795042,535
43613561,56.9958,92.9781,474,26703,0.189993,0.07,1,795624,795150,474
43616481,42.5992,60.1956,461,26782,0.0619987,0.03,1,795663,795202,461
43619401,30.9198,42.4391,451,26861,0.0363997,0,1,795691,795240,451
43622321,7.78397,30.8878,425,26940,0.00727995,0.01,1,795693,795268,425
43625241,35.1568,39.7776,425,27019,0.025456,0.03,1,795735,795310,425
43628161,83.8314,86.3555,423,27097,0.109091,0.03,1,795831,795408,423
43631081,35.1663,36.4711,422,27175,0.109818,0.03,1,795854,795432,422
43634001,32.6333,32.8942,422,27253,0.0779637,0.13,1,795886,795464,422
43636921,101.727,96.9788,428,27331,0.0235927,0.21,1,796005,795577,428
43639841,61.1453,56.9958,432,27408,0.0127185,0.03,1,796056,795624,432
43642761,36.2291,42.5992,423,27485,0.0585437,0.03,1,796086,795663,423
43645681,29.6458,30.9198,423,27562,0.0197087,0,1,796114,795691,423
43648601,7.52916,7.78397,423,27639,0.0279417,0.03,1,796116,795693,423
43651521,34.3058,35.1568,422,27716,0.0295884,0.13,1,796157,795735,422
43654441,86.8612,83.8314,426,27792,0.109918,0.11,1,796257,795831,426
43657361,34.9722,35.1663,425,27868,0.157984,0.07,1,796279,795854,425
43660281,30.9944,32.6333,423,27944,0.135597,0.01,1,796309,795886,423
43663201,100.599,101.727,422,28020,0.115119,0.01,1,796427,796005,422
43666121,61.7198,61.1453,423,28096,0.143024,0.07,1,796479,796056,423
43669041,36.344,36.2291,423,28171,0.164605,0.01,1,796509,796086,423
43671961,28.8688,29.6458,422,28246,0.136921,0.03,1,796536,796114,422
43674881,7.37376,7.52916,422,28321,0.131384,0.03,1,796538,796116,422
43677801,34.2748,34.3058,422,28396,0.0822768,0.03,1,796579,796157,422
43680721,90.055,6.86117,526,28471,0.0724554,0.13,1,796683,796157,526
43683641,36.411,81.3722,449,28545,0.0864911,0.17,1,796706,796257,449
43686561,31.2822,33.8744,457,28619,0.105298,0.13,1,796736,796279,457
43689481,99.8564,30.7749,544,28693,0.14106,0.11,1,796853,796309,544
43692401,62.3713,100.555,479,28767,0.132212,0.15,1,796906,796427,479
43695321,37.2743,61.711,458,28841,0.114442,0.17,1,796937,796479,458
43698241,26.6549,36.3422,452,28914,0.142888,0.13,1,796961,796509,452
43701161,6.93097,28.8684,427,28987,0.148578,0.13,1,796963,796536,427
43704081,30.9862,7.37369,462,29060,0.165716,0.07,1,797000,796538,462
43707001,91.7972,34.2747,528,29133,0.201143,0.07,1,797107,796579,528
43709921,37.5594,90.055,448,29206,0.240229,0.09,1,797131,796683,448
43712841,32.3119,36.411,456,29278,0.248046,0.11,1,797162,796706,456
43715761,101.662,31.2822,545,29350,0.297609,0.15,1,797281,796736,545
43718681,61.9325,99.8564,480,29422,0.307522,0.13,1,797333,796853,480
43721601,37.9865,62.3713,459,29494,0.325504,0.11,1,797365,796906,459
43724521,26.7973,37.2743,452,29566,0.361101,0.15,1,797389,796937,452
43727441,6.95946,26.6549,430,29638,0.36822,0.15,1,797391,796961,430
43730361,31.7919,6.93097,466,29709,0.401644,0.17,1,797429,796963,466
43733281,94.3584,30.9862,539,29780,0.440329,0.21,1,797539,797000,539
43736201,20.4717,91.7972,434,29851,0.448066,0.25,1,797541,797107,434
43739121,24.0943,37.5594,435,29922,0.465613,0.25,1,797566,797131,435
43742041,28.8189,32.3119,434,29993,0.469123,0.31,1,797596,797162,434
43744961,103.364,101.662,437,30064,0.549825,0.31,1,797718,797281,437
43747881,63.0728,61.9325,438,30134,0.581965,0.33,1,797771,797333,438
43750801,38.2146,37.9865,438,30204,0.556393,0.37,1,797803,797365,438
43753721,28.4429,26.7973,440,30274,0.583279,0.37,1,797829,797389,440
43756641,7.28858,6.95946,440,30344,0.588656,0.41,1,797831,797391,440
43759561,33.4577,31.7919,442,30414,0.557731,0.45,1,797871,797429,442
43762481,96.2915,94.3584,444,30484,0.583546,0.45,1,797983,797539,444
43765401,20.8583,20.4717,444,30553,0.588709,0.47,1,797985,797541,444
43768321,24.9717,24.0943,445,30622,0.605742,0.47,1,798011,797566,445
43771241,28.9943,28.8189,445,30691,0.609148,0.57,1,798041,797596,445
43774161,107.399,103.364,450,30760,0.64183,0.59,1,798168,797718,450
43777081,63.0798,63.0728,449,30829,0.712366,0.55,1,798220,797771,449
43780001,38.216,38.2146,449,30898,0.726473,0.59,1,798252,797803,449
43782921,30.0432,28.4429,451,30966,0.713295,0.59,1,798280,797829,451
43785841,7.60864,7.28858,451,31034,0.742659,0.55,1,798282,797831,451
43788761,31.9217,33.4577,449,31102,0.780532,0.59,2,798320,797871,449
43791681,95.9843,96.2915,449,31170,0.788106,0.59,2,798432,797983,449
43794601,20.7969,20.8583,449,31238,0.805621,0.61,2,798434,797985,449
43797521,25.7594,24.9717,450,31306,0.841124,0.61,2,798461,798011,450
43800441,29.9519,4.99433,481,31374,0.800225,0.61,2,798492,798011,481
43803361,109.99,24.9989,581,31441,0.856045,0.65,2,798622,798041,581
43806281,64.3981,106.6,507,31508,0.883209,0.73,2,798675,798168,507
43809201,38.4796,62.92,487,31575,0.904642,0.73,2,798707,798220,487
43812121,31.6959,38.184,485,31642,0.908928,0.71,2,798737,798252,485
43815041,7.93918,30.0368,459,31709,0.909786,0.75,2,798739,798280,459
43817961,32.7878,7.60736,496,31776,0.893957,0.79,2,798778,798282,496
43820881,97.7576,31.9215,572,31843,0.938791,0.79,2,798892,798320,572
44025281,64,69,481,36196,0.55,1,1,801950,801469,481
44028201,41.6,37,488,36254,0.518,1,1,801986,801498,488
44031121,35.52,35.4,487,36312,0.3676,1,1,802020,801533,487
44034041,35.104,30.28,493,36370,0.16152,1,1,802055,801562,493
44036961,35.0208,30.056,498,36428,0.120304,1,1,802090,801592,498
44039881,31.0042,31.6112,496,36486,0.0640608,1,1,802120,801624,496
44042801,31.0008,30.3222,497,36544,0.0208122,1,1,802151,801654,497
44045721,35.0002,32.4644,500,36602,0.0121624,1,1,802187,801687,500
44048641,31,48.8929,477,36660,0.0104325,0.95,1,802217,801740,477
44051561,69.4,78.5786,470,36718,0.0260865,0.89,1,802296,801826,470
44054481,40.28,46.1157,465,36776,0.0452173,0.83,1,802329,801864,465
44057401,21.656,26.8231,460,36833,0.0170435,0.55,1,802346,801886,460
44060321,41.1312,56.5646,442,36890,0.0114087,0.51,1,802392,801950,442
44063241,35.4262,40.1129,440,36947,0.0102817,0.33,1,802426,801986,440
44066161,28.6852,35.2226,433,37004,0.0420563,0.11,1,802453,802020,433
44069081,28.137,35.0445,426,37061,0.0484113,0.11,1,802481,802055,426
44072001,35.2274,35.0089,428,37118,0.0336823,0.05,1,802518,802090,428
44074921,26.2455,31.0018,422,37175,0.0307365,0.05,1,802542,802120,422
44077841,30.0491,6.20036,453,37232,0.0141473,0.01,1,802573,802120,453
44080761,36.4098,26.0401,460,37289,0.0268295,0.01,1,802611,802151,460
44083681,30.482,34.008,453,37346,0.0773659,0.01,1,802640,802187,453
44086601,67.6964,30.8016,500,37403,0.0154732,0.03,1,802717,802217,500
44089521,39.9393,69.3603,454,37459,0.00309464,0.05,1,802750,802296,454
44092441,21.5879,40.2721,438,37515,0.0566189,0.01,1,802767,802329,438
44095361,41.9176,21.6544,468,37571,0.0193238,0.01,1,802814,802346,468
44098281,35.5835,41.1309,456,37627,0.0278648,0.01,1,802848,802392,456
44101201,29.5167,35.4262,450,37683,0.077573,0.05,1,802876,802426,450
44104121,28.3033,28.6852,451,37739,0.103515,0.05,1,802904,802453,451
44107041,34.4607,28.137,459,37795,0.0447029,0.03,1,802940,802481,459
44109961,26.8921,35.2274,447,37851,0.0169406,0.03,1,802965,802518,447
44112881,29.3784,26.2455,453,37907,0.0113881,0.01,1,802995,802542,453
44115801,39.4757,30.0491,464,37963,0.0102776,0.03,1,803037,802573,464
44118721,28.6951,36.4098,452,38019,0.0260555,0.09,1,803063,802611,452
44121641,65.739,30.482,498,38075,0.0452111,0,1,803138,802640,498
44124561,41.1478,67.6964,456,38130,0.0170422,0,1,803173,802717,456
44127481,20.2296,39.9393,438,38185,0.0114084,0.07,1,803188,802750,438
44130401,45.6459,21.5879,473,38240,0.0582817,0.01,1,803240,802767,473
44133321,33.1292,41.9176,456,38295,0.0836563,0.03,1,803270,802814,456
44136241,31.4258,35.5835,453,38350,0.0887313,0.09,1,803301,802848,453
44139161,30.2852,29.5167,455,38405,0.0897463,0.11,1,803331,802876,455
44142081,30.057,28.3033,457,38460,0.121949,0.03,1,803361,802904,457
44145001,26.0114,34.4607,446,38515,0.0483898,0.01,1,803386,802940,446
44147921,30.0023,26.8921,452,38570,0.017678,0.01,1,803417,802965,452
44150841,7.60046,29.3784,424,38625,0.0115356,0.01,1,803419,802995,424
44153761,34.3201,39.4757,423,38680,0.0103071,0.03,1,803460,803037,423
44156681,28.464,28.6951,424,38735,0.0260614,0.05,1,803487,803063,424
44159601,64.0928,65.739,422,38790,0.109212,0.01,1,803560,803138,422
44162521,41.6186,41.1478,423,38844,0.0618425,0.01,1,803596,803173,423
44165441,19.5237,20.2296,422,38898,0.0843685,0.07,1,803610,803188,422
44168361,47.9047,45.6459,425,38952,0.0728737,0.09,1,803665,803240,425
44171281,35.1809,33.1292,427,39006,0.0865747,0.09,1,803697,803270,427
44174201,31.0362,31.4258,426,39060,0.0893149,0.09,1,803727,803301,426
44177121,33.4072,30.2852,430,39114,0.057863,0.13,1,803761,803331,430
44180041,29.0814,30.057,428,39168,0.0835726,0.03,1,803789,803361,428
44182961,21.8163,26.0114,423,39222,0.104715,0.01,1,803809,803386,423
44185881,29.1633,30.0023,423,39276,0.0929429,0.01,1,803840,803417,423
44188801,7.43265,7.60046,423,39330,0.0905886,0.01,1,803842,803419,423
44191721,33.4865,34.3201,422,39384,0.0261177,0.03,1,803882,803460,422
44194641,28.2973,28.464,422,39438,0.0452235,0.13,1,803909,803487,422
44197561,67.2595,64.0928,426,39492,0.0810447,0.05,1,803986,803560,426
44200481,40.6519,41.6186,424,39545,0.0882089,0.09,1,804020,803596,424
44203401,17.7304,19.5237,422,39598,0.0896418,0.07,1,804032,803610,422
44206321,48.3461,47.9047,423,39651,0.105928,0.09,1,804088,803665,423
44209241,36.0692,35.1809,424,39704,0.0931857,0.09,1,804121,803697,424
44212161,31.2138,31.0362,424,39757,0.154637,0.05,1,804151,803727,424
44215081,33.4428,33.4072,424,39810,0.134927,0.09,1,804185,803761,424
44218001,29.0886,29.0814,424,39863,0.162986,0.11,1,804213,803789,424
44220921,23.4177,21.8163,426,39916,0.168597,0.09,1,804235,803809,426
44223841,27.8835,29.1633,424,39969,0.169719,0.09,1,804264,803840,424
44226761,7.17671,7.43265,424,40022,0.169944,0.01,1,804266,803842,424
44229681,31.8353,33.4865,422,40075,0.0739888,0.01,1,804304,803882,422
44232601,29.5671,6.69731,451,40128,0.0227978,0.05,1,804333,803882,451
44235521,68.3134,22.9395,502,40181,0.0765596,0.09,1,804411,803909,502
44238441,40.8627,66.1879,459,40234,0.0873119,0.09,1,804445,803986,459
44241361,17.7725,40.4376,437,40286,0.0894624,0.09,1,804457,804020,437
44244281,47.5545,17.6875,480,40338,0.105892,0.11,1,804512,804032,480
44247201,36.7109,48.3375,458,40390,0.109178,0.09,1,804546,804088,458
44250121,32.9422,36.0675,457,40442,0.0778357,0.17,1,804578,804121,457
44253041,33.7884,31.2135,461,40494,0.0875671,0.13,1,804612,804151,461
44255961,29.1577,33.4427,455,40546,0.0895134,0.17,1,804640,804185,455
44258881,25.0315,29.0885,451,40598,0.0899027,0.17,1,804664,804213,451
44261801,28.2063,23.4177,458,40650,0.121981,0.17,1,804693,804235,458
44264721,7.24126,27.8835,431,40702,0.128396,0.17,1,804695,804264,431
44267641,25.4483,7.17671,459,40754,0.161679,0.05,1,804725,804266,459
44270561,29.8897,31.8353,452,40806,0.168336,0.01,1,804756,804304,452
44273481,69.9779,29.5671,503,40858,0.185667,0.09,1,804836,804333,503
44276401,41.1956,68.3134,459,40910,0.205133,0.09,1,804870,804411,459
44279321,17.8391,40.8627,437,40962,0.209027,0.09,1,804882,804445,437
44282241,48.3678,17.7725,481,41014,0.241805,0.11,1,804938,804457,481
44285161,36.8736,47.5545,460,41065,0.264361,0.11,1,804972,804512,460
44288081,31.3747,36.7109,456,41116,0.284872,0.07,1,805002,804546,456
44291001,34.2749,32.9422,459,41167,0.304974,0.09,1,805037,804578,459
44293921,29.255,33.7884,453,41218,0.308995,0.09,1,805065,804612,453
44296841,25.051,29.1577,449,41269,0.325799,0.09,1,805089,804640,449
44299761,29.8102,25.0315,456,41320,0.32916,0.13,1,805120,804664,456
44302681,7.56204,28.2063,429,41371,0.329832,0.13,1,805122,804693,429
44305601,27.1124,7.24126,459,41422,0.345966,0.17,1,805154,804695,459
44308521,31.0225,25.4483,461,41473,0.397193,0.17,1,805186,804725,461
44311441,70.2045,29.8897,510,41524,0.375439,0.19,1,805266,804756,510
44314361,15.6409,69.9779,432,41575,0.371088,0.21,1,805268,804836,432
44317281,30.3282,41.1956,432,41626,0.418218,0.21,1,805302,804870,432
44320201,15.6656,17.8391,432,41677,0.427644,0.25,1,805314,804882,432
44323121,49.5331,48.3678,434,41728,0.445529,0.27,1,805372,804938,434
44326041,38.7066,36.8736,436,41779,0.481106,0.29,1,805408,804972,436
44328961,32.5413,31.3747,437,41830,0.472221,0.31,1,805439,805002,437
44331881,34.5083,34.2749,437,41880,0.518444,0.31,1,805474,805037,437
44334801,30.1017,29.255,438,41930,0.511689,0.33,1,805503,805065,438
44337721,25.2203,25.051,438,41980,0.510338,0.33,1,805527,805089,438
44340641,30.6441,29.8102,439,42030,0.510068,0.33,1,805559,805120,439
44343561,7.72881,7.56204,439,42080,0.510014,0.35,1,805561,805122,439
44346481,27.9458,27.1124,440,42130,0.526003,0.41,1,805594,805154,440
44349401,31.1892,31.0225,440,42180,0.561201,0.37,1,805626,805186,440
44352321,70.2378,70.2045,440,42230,0.55224,0.37,1,805706,805266,440
44355241,15.6476,15.6409,440,42280,0.582448,0.43,1,805708,805268,440
44358161,31.1295,30.3282,441,42330,0.58849,0.43,1,805743,805302,441
44361081,15.8259,15.6656,441,42380,0.621698,0.45,1,805755,805314,441
44364001,50.3652,49.5331,442,42430,0.70834,0.49,1,805814,805372,442
44366921,40.473,38.7066,444,42480,0.661668,0.47,1,805852,805408,444
44369841,33.6946,32.5413,445,42530,0.668334,0.53,1,805884,805439,445
44372761,35.5389,34.5083,446,42580,0.685667,0.51,1,805920,805474,446
44375681,31.1078,30.1017,447,42630,0.721133,0.51,1,805950,805503,447
44378601,25.4216,25.2203,447,42680,0.744227,0.51,1,805974,805527,447
44381521,29.0843,30.6441,445,42729,0.748845,0.51,1,806004,805559,445
44384441,7.41686,7.72881,445,42778,0.749769,0.53,1,806006,805561,445
44387361,30.2834,27.9458,448,42827,0.797954,0.57,2,806042,805594,448
44390281,31.6567,31.1892,448,42876,0.775591,0.55,2,806074,805626,448
44393201,71.1313,70.2378,449,42925,0.787118,0.59,2,806155,805706,449
44396121,15.8263,15.6476,449,42974,0.789424,0.59,2,806157,805708,449
44399041,33.5653,31.1295,452,43023,0.821885,0.59,2,806195,805743,452
44401961,17.1131,6.2259,465,43072,0.780377,0.63,2,806208,805743,465
44404881,52.2226,10.8452,514,43121,0.852075,0.73,2,806269,805755,514
44407801,39.2445,49.369,491,43170,0.866415,0.65,2,806305,805814,491
44410721,34.2489,40.2738,486,43219,0.885283,0.67,2,806338,805852,486
44413641,36.4498,33.6548,491,43268,0.905057,0.69,2,806375,805884,491
44416561,32.09,35.531,486,43317,0.893011,0.73,2,806406,805920,486
44419481,26.418,31.1062,481,43366,0.906602,0.75,2,806431,805950,481
44422401,30.0836,25.4212,488,43415,0.86132,0.75,2,806462,805974,488
44425321,7.61672,29.0842,460,43464,0.852264,0.75,2,806464,806004,460
44428241,31.1233,7.41685,495,43513,0.898453,0.81,2,806501,806006,495
44431161,31.8247,30.2834,491,43561,0.907691,0.77,2,806533,806042,491
44434081,71.9649,31.6567,541,43609,0.909538,0.79,2,806615,806074,541
44437001,15.993,71.1313,462,43657,0.909908,0.79,2,806617,806155,462
44591761,30,32,511,46147,0.87,1,2,808340,807829,511
44594681,28.4,24,517,46193,0.902,1,2,808368,807851,517
44597601,24.88,29.6,510,46239,0.7964,1,2,808392,807882,510
44600521,26.576,27.52,510,46285,0.77528,0.98,2,808419,807909,510
44603441,30.1152,27.904,513,46331,0.675056,1,1,808450,807937,513
44606361,66.023,27.1808,561,46377,0.495011,1,1,808525,807964,561
44609281,29.2046,71.8362,498,46422,0.411002,1,1,808545,808047,498
44612201,29.0409,35.1672,501,46467,0.3462,1,1,808574,808073,501
44615121,25.8082,24.6334,504,46512,0.26924,1,1,808599,808095,504
44618041,32.3616,26.5267,511,46557,0.189848,0.97,1,808633,808122,511
44620961,25.6723,33.3053,500,46602,0.17397,1,1,808657,808157,500
44623881,25.9345,29.8611,497,46647,0.0747939,1,1,808683,808186,497
44626801,29.1869,28.3722,499,46692,0.0549588,1,1,808713,808214,499
44629721,32.2374,30.4744,501,46737,0.130992,0.91,1,808746,808245,501
44632641,29.6475,28.4949,502,46782,0.0821984,0.91,1,808775,808273,502
44635561,27.5295,35.299,492,46827,0.0564397,0.87,1,808802,808310,492
44638481,27.1059,31.0598,489,46872,0.0192879,0.91,1,808829,808340,489
44641401,25.4212,28.612,486,46917,0.0438576,0.77,1,808854,808368,486
44644321,21.8842,24.9224,483,46962,0.0487715,0.77,1,808875,808392,483
44647241,25.9768,26.5845,483,47007,0.0657543,0.65,1,808902,808419,483
44650161,57.9954,30.1169,518,47052,0.101151,0.45,1,808968,808450,518
44653081,29.9991,66.0234,466,47097,0.0922302,0.39,1,808991,808525,466
44656001,21.9998,29.2047,466,47142,0.058446,0.33,1,809011,808545,466
44658921,20.4,29.0409,457,47187,0.0516892,0.25,1,809031,808574,457
44661841,28.08,25.8082,462,47232,0.0983378,0.17,1,809061,808599,462
44664761,20.816,32.3616,447,47277,0.123668,0.17,1,809080,808633,447
44667681,24.9632,25.6723,449,47322,0.176734,0.05,1,809106,808657,449
44670601,28.9926,25.9345,453,47367,0.155347,0.05,1,809136,808683,453
44673521,7.39853,29.1869,425,47412,0.151069,0.15,1,809138,808713,425
44676441,29.4797,32.2374,427,47456,0.134214,0.07,1,809173,808746,427
44679361,25.8959,29.6475,423,47500,0.162843,0.05,1,809198,808775,423
44682281,27.5792,27.5295,424,47544,0.168569,0.01,1,809226,808802,424
44685201,26.3158,27.1059,423,47588,0.217714,0.05,1,809252,808829,423
44688121,26.0632,25.4212,424,47632,0.227543,0.05,1,809278,808854,424
44691041,22.0126,21.8842,424,47676,0.245509,0.07,1,809299,808875,424
44693961,24.4025,25.9768,422,47720,0.233102,0.11,1,809324,808902,422
44696881,60.0805,57.9954,425,47764,0.23062,0.09,1,809393,808968,425
44699801,31.2161,29.9991,426,47808,0.278124,0.05,1,809417,808991,426
44702721,20.6432,21.9998,424,47852,0.287625,0.05,1,809435,809011,424
44705641,21.7286,20.4,426,47896,0.305525,0.11,1,809457,809031,426
44708561,29.9457,28.08,428,47940,0.309105,0.13,1,809489,809061,428
44711481,21.1891,20.816,428,47984,0.325821,0.19,1,809508,809080,428
44714401,25.8378,24.9632,429,48028,0.313164,0.15,1,809535,809106,429
44717321,29.1676,28.9926,429,48072,0.278633,0.15,1,809565,809136,429
44720241,7.43351,7.39853,429,48116,0.271727,0.13,1,809567,809138,429
44723161,29.4867,29.4797,429,48160,0.318345,0.17,1,809602,809173,429
44726081,25.0973,25.8959,428,48204,0.391669,0.17,1,809626,809198,428
44729001,27.4195,27.5792,428,48248,0.422334,0.23,1,809654,809226,428
44731921,28.6839,26.3158,431,48292,0.444467,0.23,1,809683,809252,431
44734841,26.5368,26.0632,431,48336,0.416893,0.25,1,809709,809278,431
44737761,22.9074,22.0126,432,48380,0.443379,0.23,1,809731,809299,432
44740681,23.7815,24.4025,431,48424,0.464676,0.23,1,809755,809324,431
44743601,62.3563,60.0805,434,48468,0.468935,0.29,1,809827,809393,434
44746521,31.6713,31.2161,434,48511,0.485787,0.29,1,809851,809417,434
44749441,20.7343,20.6432,434,48554,0.489157,0.31,1,809869,809435,434
44752361,22.5468,21.7286,435,48597,0.505831,0.31,1,809892,809457,435
44755281,30.1094,29.9457,435,48640,0.557166,0.33,1,809924,809489,435
44758201,22.0219,21.1891,436,48683,0.535433,0.31,1,809944,809508,436
44761121,25.2044,25.8378,435,48726,0.579087,0.27,1,809970,809535,435
44764041,29.8409,29.1676,436,48769,0.571817,0.27,1,810001,809565,436
44766961,7.56817,7.43351,436,48812,0.570364,0.33,1,810003,809567,436
44769881,31.1136,29.4867,438,48855,0.538073,0.33,1,810040,809602,438
44772801,26.2227,5.89734,463,48898,0.563615,0.41,1,810065,809602,463
44775721,28.4445,20.3795,468,48941,0.584723,0.43,1,810094,809626,468
44778641,29.6889,26.4759,470,48984,0.588945,0.45,1,810124,809654,470
44781561,26.7378,28.4952,467,49027,0.621789,0.41,1,810150,809683,467
44784481,22.9476,26.499,463,49070,0.628358,0.45,1,810172,809709,463
44787401,24.5895,22.8998,466,49113,0.645672,0.47,1,810197,809731,466
44790321,64.1179,23.78,516,49156,0.681134,0.47,1,810271,809755,516
44793241,32.8236,62.356,469,49199,0.672227,0.49,1,810296,809827,469
44796161,20.9647,31.6712,463,49242,0.670445,0.49,1,810314,809851,463
44799081,23.3929,20.7342,469,49285,0.670089,0.51,1,810338,809869,469
44802001,31.0786,22.5468,479,49328,0.654018,0.57,1,810371,809892,479
44804921,22.2157,30.1094,467,49371,0.650804,0.53,1,810391,809924,467
44807841,26.0431,22.0219,474,49414,0.698161,0.59,1,810418,809944,474
44810761,29.2086,25.2044,478,49457,0.707632,0.57,1,810448,809970,478
44813681,7.44173,29.8409,449,49500,0.709526,0.57,1,810450,810001,449
44816601,31.0883,7.56817,484,49543,0.693905,0.53,1,810487,810003,484
44819521,27.8177,31.1136,474,49586,0.674781,0.57,1,810514,810040,474
44822441,29.5635,26.2227,479,49628,0.686956,0.59,1,810544,810065,479
44825361,30.7127,28.4445,481,49670,0.705391,0.59,1,810575,810094,481
44828281,27.7425,29.6889,478,49712,0.741078,0.63,1,810602,810124,478
44831201,23.9485,26.7378,475,49754,0.732216,0.63,1,810625,810150,475
44834121,24.7897,22.9476,478,49796,0.746443,0.65,1,810650,810172,478
44837041,65.7579,24.5895,529,49838,0.797289,0.69,2,810726,810197,529
44839961,32.3516,64.1179,479,49880,0.807458,0.67,2,810750,810271,479
44842881,20.8703,32.8236,472,49922,0.825492,0.67,2,810768,810296,472
44845801,23.3741,20.9647,478,49964,0.829098,0.67,2,810792,810314,478
44848721,30.2748,23.3929,486,50006,0.84582,0.65,2,810824,810338,486
44851641,23.655,31.0786,475,50048,0.849164,0.65,2,810846,810371,475
44854561,27.131,22.2157,483,50090,0.817833,0.71,2,810874,810391,483
44857481,29.4262,26.0431,486,50132,0.827567,0.71,2,810904,810418,486
44860401,7.48524,29.2086,458,50174,0.829513,0.71,2,810906,810448,458
44863321,30.297,7.44173,492,50216,0.861903,0.69,2,810942,810450,492
44866241,26.8594,31.0883,481,50258,0.86838,0.67,2,810968,810487,481
44869161,30.9719,27.8177,486,50300,0.885676,0.69,2,811000,810514,486
44872081,7.79438,29.5635,458,50342,0.921135,0.71,2,811002,810544,458
44875001,27.9589,30.7127,460,50384,0.912227,0.75,2,811035,810575,460
44877921,26.3918,27.7425,459,50426,0.910445,0.73,2,811061,810602,459
44880841,24.4784,23.9485,460,50468,0.926089,0.75,2,811085,810625,460
44883761,24.0957,24.7897,459,50510,0.929218,0.81,2,811109,810650,459
45088161,54,48,500,24266,0.01,0.65,1,813205,812705,500
45091081,55.6,70.4,480,24353,0.042,0.49,1,813261,812781,480
45094001,50.32,54.08,479,24440,0.1284,0.33,1,813310,812831,479
45096921,45.264,66.016,454,24527,0.19368,0.13,1,813354,812900,454
45099841,61.8528,49.2032,475,24613,0.238736,0.01,1,813420,812945,475
45102761,35.5706,65.0406,435,24699,0.231747,0.03,1,813449,813014,435
45105681,20.7141,31.4081,429,24785,0.230349,0.05,1,813466,813037,429
45108601,91.3428,97.4816,424,24871,0.11807,0.01,1,813575,813151,424
45111521,62.2686,62.6963,425,24956,0.127614,0.05,1,813630,813205,425
45114441,58.0537,57.3393,426,25041,0.145523,0.15,1,813687,813261,426
45117361,53.2107,50.6679,429,25126,0.133105,0.21,1,813739,813310,429
45120281,46.6421,45.3336,430,25210,0.162621,0.25,1,813784,813354,430
45123201,65.3284,61.8667,434,25294,0.232524,0.23,1,813854,813420,434
45126121,34.6657,35.5733,432,25378,0.294505,0.23,1,813881,813449,432
45129041,21.3331,20.7147,433,25461,0.290901,0.23,1,813899,813466,433
45131961,85.8666,4.14293,535,25544,0.32218,0.09,1,814001,813466,535
45134881,61.1733,88.0286,481,25627,0.344436,0.13,1,814056,813575,481
45137801,57.8347,61.6057,483,25710,0.380887,0.15,1,814113,813630,483
45140721,53.9669,57.9211,479,25792,0.372177,0.13,1,814166,813687,479
45143641,49.1934,53.1842,475,25874,0.354436,0.17,1,814214,813739,475
45146561,69.0387,46.6368,504,25956,0.382887,0.25,1,814288,813784,504
45149481,35.4077,65.3274,461,26038,0.340577,0.31,1,814315,813854,461
45152401,22.2815,34.6655,453,26119,0.348115,0.29,1,814334,813881,453
45155321,87.6563,21.3331,539,26200,0.349623,0.33,1,814438,813899,539
45158241,60.7313,85.8666,491,26281,0.365925,0.35,1,814492,814001,491
45161161,60.9463,61.1733,497,26362,0.433185,0.39,1,814553,814056,497
45164081,53.7893,57.8347,492,26442,0.478637,0.37,1,814605,814113,492
45167001,48.3579,53.9669,486,26522,0.471727,0.35,1,814652,814166,486
45169921,68.8716,49.1934,512,26602,0.486345,0.39,1,814726,814214,512
45172841,34.5743,69.0387,464,26682,0.489269,0.33,1,814752,814288,464
45175761,22.9149,35.4077,457,26761,0.489854,0.35,1,814772,814315,457
45178681,87.783,22.2815,542,26840,0.553971,0.35,1,814876,814334,542
45181601,19.1566,87.6563,440,26919,0.566794,0.37,1,814878,814438,440
45184521,47.0313,60.7313,440,26998,0.569359,0.45,1,814932,814492,440
45187441,63.0063,60.9463,446,27076,0.601872,0.49,1,814999,814553,446
45190361,54.2013,53.7893,446,27154,0.624374,0.47,1,815051,814605,446
45193281,47.6402,48.3579,445,27232,0.660875,0.49,1,815097,814652,445
45196201,69.528,68.8716,446,27310,0.716175,0.49,1,815172,814726,446
45199121,34.7056,34.5743,446,27388,0.759235,0.49,2,815198,814752,446
45202041,22.9411,22.9149,446,27465,0.783847,0.57,2,815218,814772,446
45204961,90.9882,87.783,450,27542,0.836769,0.57,2,815326,814876,450
45207881,19.7976,19.1566,450,27619,0.847354,0.57,2,815328,814878,450
45210801,47.1595,47.0313,450,27696,0.849471,0.61,2,815382,814932,450
45213721,64.6319,63.0063,452,27772,0.897894,0.63,2,815451,814999,452
45216641,55.3264,54.2013,453,27848,0.923579,0.67,2,815504,815051,453
45342201,82,99,483,30948,0.71,1,1,817699,817216,483
45345121,54,45.4,498,31016,0.63,1,1,817746,817248,498
45348041,35.6,30.68,502,31084,0.582,1,1,817777,817275,502
45350961,48.72,64.536,481,31152,0.5404,1,1,817829,817348,481
45353881,60.944,60.9072,485,31220,0.30808,1,1,817893,817408,485
45356801,27.3888,36.1814,474,31288,0.293616,1,1,817912,817438,474
45359721,29.4778,7.23629,504,31356,0.178723,1,1,817942,817438,504
45362641,69.8956,24.6473,555,31423,0.107745,1,1,818022,817467,555
45365561,38.7791,69.7295,505,31490,0.0295489,0.9,1,818053,817548,505
45368481,31.7558,43.5459,498,31557,0.0459098,0.79,1,818083,817585,498
45371401,64.7512,34.3092,539,31624,0.017182,0.71,1,818156,817617,539
45374321,44.9502,72.4618,497,31691,0.0434364,0.61,1,818196,817699,497
45377241,30.59,52.0924,477,31758,0.0646873,0.57,1,818223,817746,477
45380161,46.118,35.2185,496,31825,0.0209375,0.53,1,818273,817777,496
45383081,50.8236,48.6437,496,31891,0.0281875,0.25,1,818325,817829,496
45386001,26.1647,60.9287,452,31957,0.0296375,0.29,1,818345,817893,452
45388921,23.6329,27.3857,456,32023,0.0619275,0.15,1,818368,817912,456
45391841,66.3266,29.4771,503,32089,0.0523855,0.09,1,818445,817942,503
45394761,37.2653,69.8954,453,32155,0.0344771,0.01,1,818475,818022,453
45397681,30.6531,38.7791,451,32221,0.0468954,0.05,1,818504,818053,451
45400601,65.3306,31.7558,495,32287,0.0813791,0.01,1,818578,818083,495
45403521,45.8661,64.7512,463,32353,0.0722758,0.05,1,818619,818156,463
45406441,31.5732,44.9502,451,32418,0.102455,0.07,1,818647,818196,451
45409361,44.7146,30.59,472,32483,0.108491,0.01,1,818695,818223,472
45412281,49.7429,46.118,473,32548,0.0616982,0.03,1,818746,818273,473
45415201,27.5486,50.8236,443,32613,0.0203396,0.03,1,818768,818325,443
45418121,25.5097,26.1647,448,32678,0.0440679,0.07,1,818793,818345,448
45421041,65.1019,23.6329,500,32743,0.0328136,0.05,1,818868,818368,500
45423961,14.6204,66.3266,425,32808,0.0305627,0.03,1,818870,818445,425
45426881,24.5241,37.2653,422,32872,0.0301125,0.05,1,818897,818475,422
45429801,29.7048,30.6531,424,32936,0.0140225,0.09,1,818928,818504,424
45432721,68.341,65.3306,428,33000,0.0748045,0.07,1,819006,818578,428
45435641,42.4682,45.8661,423,33064,0.0229609,0.11,1,819042,818619,423
45438561,34.0936,31.5732,427,33128,0.108592,0.11,1,819074,818647,427
45441481,43.6187,44.7146,425,33192,0.157718,0.05,1,819120,818695,425
45444401,48.7237,49.7429,424,33256,0.199544,0.01,1,819170,818746,424
45447321,26.5447,27.5486,423,33320,0.223909,0.05,1,819191,818768,423
45450241,25.3089,25.5097,423,33383,0.228782,0.03,1,819216,818793,423
45453161,65.8618,65.1019,424,33446,0.165756,0.03,1,819292,818868,424
45456081,14.7724,14.6204,424,33509,0.153151,0.03,1,819294,818870,424
45459001,22.9545,24.5241,422,33572,0.13463,0.01,1,819319,818897,422
45461921,30.1909,29.7048,423,33635,0.082926,0.09,1,819351,818928,423
45464841,69.2382,68.341,424,33698,0.0885852,0.01,1,819430,819006,424
45467761,41.0476,42.4682,422,33761,0.057717,0.13,1,819464,819042,422
45470681,37.0095,34.0936,426,33824,0.0675434,0.17,1,819500,819074,426
45473601,45.8019,43.6187,428,33887,0.0535087,0.21,1,819548,819120,428
45476521,51.5604,48.7237,431,33949,0.0667017,0.23,1,819601,819170,431
45479441,27.1121,26.5447,431,34011,0.11734,0.23,1,819622,819191,431
45482361,27.0224,25.3089,433,34073,0.111468,0.15,1,819649,819216,433
45485281,61.4045,65.8618,427,34135,0.158294,0.15,1,819719,819292,427
45488201,13.8809,14.7724,427,34197,0.167659,0.13,1,819721,819294,427
45491121,21.9762,22.9545,426,34259,0.169532,0.13,1,819745,819319,426
45494041,28.3952,4.59089,456,34321,0.169906,0.07,1,819775,819319,456
45496961,68.079,26.5182,502,34383,0.0899813,0.09,1,819853,819351,502
45499881,40.8158,68.5036,457,34444,0.0899962,0.05,1,819887,819430,457
45502801,36.1632,40.9007,458,34505,0.0739992,0.07,1,819922,819464,458
45505721,46.4326,36.9801,471,34566,0.1028,0.05,1,819971,819500,471
45508641,52.4865,45.796,477,34627,0.15656,0.07,1,820025,819548,477
45511561,28.0973,51.5592,446,34688,0.183312,0.13,1,820047,819601,446
45514481,28.0195,27.1118,453,34749,0.204662,0.11,1,820075,819622,453
45517401,64.0039,27.0224,499,34810,0.256932,0.17,1,820148,819649,499
45520321,14.4008,61.4045,431,34871,0.267386,0.17,1,820150,819719,431
45523241,22.0802,13.8809,453,34932,0.269477,0.17,1,820174,819721,453
45526161,28.416,21.9762,459,34993,0.269895,0.17,1,820204,819745,459
45529081,64.0832,28.3952,502,35053,0.285979,0.07,1,820277,819775,502
45532001,40.8166,68.079,459,35113,0.321196,0.09,1,820312,819853,459
45534921,36.1633,40.8158,460,35173,0.312239,0.07,1,820347,819887,460
45537841,48.0327,36.1632,476,35233,0.326448,0.11,1,820398,819922,476
45540761,54.4065,46.4326,483,35293,0.39329,0.17,1,820454,819971,483
45543681,29.2813,52.4865,452,35353,0.390658,0.19,1,820477,820025,452
45546601,29.0563,28.0973,459,35413,0.406132,0.21,1,820506,820047,459
45549521,66.6113,28.0195,507,35473,0.361226,0.27,1,820582,820075,507
45552441,14.9222,64.0039,436,35533,0.352245,0.27,1,820584,820148,436
45555361,22.1845,14.4008,458,35592,0.350449,0.27,1,820608,820150,458
45558281,28.4369,22.0802,464,35651,0.35009,0.27,1,820638,820174,464
45561201,7.28738,28.416,436,35710,0.350018,0.29,1,820640,820204,436
45564121,59.8575,64.0832,436,35769,0.366004,0.33,1,820713,820277,436
45567041,41.5715,40.8166,438,35828,0.369201,0.31,1,820750,820312,438
45569961,37.1143,36.1633,439,35887,0.38584,0.33,1,820786,820347,439
45572881,48.2229,48.0327,439,35946,0.421168,0.41,1,820837,820398,439
45575801,56.8446,54.4065,442,36005,0.540234,0.39,1,820896,820454,442
45578721,28.9689,29.2813,441,36064,0.532047,0.41,1,820918,820477,441
45581641,29.7938,29.0563,442,36123,0.546409,0.35,1,820948,820506,442
45584561,64.3588,66.6113,439,36182,0.613282,0.35,1,821021,820582,439
45587481,14.4718,14.9222,439,36240,0.658656,0.35,1,821023,820584,439
45590401,22.0944,22.1845,439,36298,0.683731,0.35,1,821047,820608,439
45593321,28.4189,28.4369,439,36356,0.704746,0.35,1,821077,820638,439
45596241,7.28377,7.28738,439,36414,0.708949,0.37,1,821079,820640,439
45599161,59.8568,59.8575,439,36472,0.72579,0.37,1,821152,820713,439
45602081,43.1714,41.5715,441,36530,0.761158,0.39,2,821191,820750,441
45605001,38.2343,37.1143,442,36588,0.752232,0.43,2,821228,820786,442
45607921,49.2469,48.2229,443,36646,0.734446,0.57,1,821280,820837,443
45610841,61.0494,56.8446,448,36704,0.762889,0.53,2,821344,820896,448
45613761,29.8099,28.9689,448,36762,0.736578,0.55,1,821366,820918,448
45616681,30.762,29.7938,449,36819,0.747316,0.63,1,821397,820948,449
45619601,67.7524,64.3588,453,36876,0.765463,0.67,2,821474,821021,453
45622521,15.1505,14.4718,453,36933,0.769093,0.69,2,821476,821023,453
45625441,23.0301,22.0944,454,36990,0.785819,0.71,2,821501,821047,454
45628361,30.206,28.4189,456,37047,0.837164,0.71,2,821533,821077,456
45631281,7.6412,7.28377,456,37104,0.847433,0.73,2,821535,821079,456
45634201,61.5282,59.8568,458,37161,0.865487,0.73,2,821610,821152,458
45637121,42.7056,11.9714,496,37218,0.869097,0.77,2,821648,821152,496
45640041,37.3411,33.5943,493,37275,0.869819,0.75,2,821684,821191,493
45642961,49.8682,36.3189,509,37332,0.885964,0.73,2,821737,821228,509
45645881,61.1736,48.8638,521,37389,0.857193,0.77,2,821801,821280,521
45648801,29.8347,60.9728,479,37446,0.851439,0.73,2,821823,821344,479
45651721,31.5669,29.7946,489,37502,0.882288,0.75,2,821855,821366,489
45809401,38,30,509,40430,0.69,1,1,823913,823404,509
45812321,35.6,28.4,516,40482,0.61,1,1,823948,823432,516
45815241,33.52,26.48,523,40534,0.626,1,1,823981,823458,523
45818161,30.704,31.696,520,40586,0.6132,1,1,824011,823491,520
45821081,31.7408,34.3392,517,40638,0.57864,1,1,824043,823526,517
45824001,35.1482,33.2678,520,40690,0.523728,1,1,824079,823559,520
45826921,28.6296,33.8536,513,40742,0.560746,1,1,824106,823593,513
45829841,28.9259,33.1707,509,40794,0.520149,1,1,824135,823626,509
45832761,32.1852,30.6341,512,40846,0.52803,1,1,824168,823656,512
45835681,40.837,42.9268,509,40898,0.497606,1,1,824211,823702,509
45838601,32.1674,36.5854,504,40950,0.523521,0.97,1,824241,823737,504
45841521,48.8335,33.7171,524,41002,0.544704,0.93,1,824294,823770,524
45844441,40.9667,53.9434,504,41053,0.516941,0.79,1,824333,823829,504
45847361,33.7933,47.5887,490,41104,0.479388,0.69,1,824365,823875,490
45850281,33.9587,39.9177,486,41155,0.519878,0.59,1,824399,823913,486
45853201,33.1917,35.9835,484,41206,0.495976,0.63,1,824432,823948,484
45856121,33.0383,33.5967,484,41257,0.475195,0.61,1,824465,823981,484
45859041,33.0077,30.7193,487,41308,0.471039,0.57,1,824498,824011,487
45861961,34.6015,31.7439,490,41359,0.534208,0.51,1,824533,824043,490
45864881,26.9203,35.1488,479,41410,0.482842,0.57,1,824558,824079,479
45867801,23.7841,28.6298,475,41461,0.488568,0.51,1,824581,824106,475
45870721,32.7568,28.926,481,41512,0.521714,0.53,1,824616,824135,481
45873641,8.15136,32.1852,450,41563,0.496343,0.49,1,824618,824168,450
45876561,32.8303,40.837,446,41614,0.507269,0.53,1,824657,824211,446
45879481,31.3661,32.1674,447,41665,0.541454,0.55,1,824688,824241,447
45882401,50.2732,48.8335,449,41716,0.580291,0.51,1,824743,824294,449
45885321,39.6546,40.9667,447,41767,0.556058,0.47,1,824780,824333,447
45888241,32.7309,33.7933,446,41818,0.599212,0.53,1,824811,824365,446
45891161,35.3462,33.9587,448,41868,0.607842,0.49,1,824847,824399,448
45894081,32.6692,33.1917,447,41918,0.625568,0.47,1,824879,824432,447
45897001,33.7338,33.0383,448,41968,0.661114,0.47,1,824913,824465,448
45899921,30.7468,33.0077,445,42018,0.716223,0.55,1,824943,824498,445
45902841,35.7494,34.6015,447,42068,0.759245,0.47,2,824980,824533,447
45905761,26.3499,26.9203,446,42118,0.735849,0.49,1,825004,824558,446
45908681,23.67,23.7841,446,42168,0.79517,0.53,2,825027,824581,446
45911601,32.734,32.7568,446,42218,0.807034,0.49,2,825062,824616,446
45914521,8.1468,8.15136,446,42268,0.809407,0.51,2,825064,824618,446
45917441,32.0294,32.8303,445,42318,0.841881,0.55,2,825102,824657,445
45920361,32.8059,31.3661,447,42368,0.848376,0.59,2,825135,824688,447
45923281,52.1612,50.2732,449,42418,0.929675,0.55,2,825192,824743,449
45926201,40.0322,39.6546,449,42468,0.897935,0.61,2,825229,824780,449
45929121,33.6064,32.7309,450,42518,0.923587,0.61,2,825261,824811,450
45932041,37.1213,35.3462,452,42568,0.912717,0.63,2,825299,824847,452
46107241,41,38,495,45446,0.85,1,2,827286,826791,495
46110161,38.6,33.2,501,45492,0.818,1,2,827324,826823,501
46113081,26.92,34.64,490,45538,0.7636,1,2,827348,826858,490
46116001,20.584,28.528,482,45584,0.72072,1,1,827367,826885,482
46118921,35.3168,32.1056,488,45630,0.696144,1,1,827406,826918,488
46121841,35.0634,30.4211,493,45676,0.659229,1,1,827441,826948,493
46124761,27.8127,30.8842,488,45722,0.651846,0.92,1,827467,826979,488
46127681,22.3625,29.3768,480,45768,0.682369,1,1,827488,827008,480
46130601,30.0725,28.2754,484,45814,0.656474,1,1,827520,827036,484
46133521,40.4145,42.4551,481,45860,0.747295,0.89,1,827563,827082,481
46136441,31.2829,34.891,477,45906,0.781459,0.89,2,827592,827115,477
46139361,30.2566,6.9782,507,45952,0.756292,0.99,2,827622,827115,507
46142281,26.8513,30.1956,497,45998,0.719258,1,1,827648,827151,497
46145201,32.5703,30.8391,500,46044,0.743852,0.92,1,827682,827182,500
46148121,29.7141,32.5678,496,46090,0.78077,0.91,2,827711,827215,496
46151041,38.7428,30.5136,507,46136,0.740154,0.85,1,827752,827245,507
46153961,34.1486,38.9027,499,46182,0.796031,0.81,2,827785,827286,499
46156881,23.6297,38.1805,482,46228,0.791206,0.75,2,827806,827324,482
46159801,19.1259,26.8361,476,46274,0.822241,0.71,2,827824,827348,476
46162721,35.0252,20.5672,496,46320,0.860448,0.69,2,827863,827367,496
46165641,34.205,35.3134,491,46366,0.93209,0.65,2,827897,827406,491
46168561,27.641,35.0627,482,46411,0.914418,0.65,2,827923,827441,482
46171481,21.5282,27.8125,476,46456,0.910884,0.69,2,827943,827467,476
46174401,33.1056,22.3625,491,46501,0.926177,0.65,2,827979,827488,491
46177321,36.2211,30.0725,496,46546,0.913235,0.77,2,828016,827520,496
46180241,34.4442,40.4145,487,46591,0.942647,0.79,2,828050,827563,487
46384641,69,37,508,22724,0.09,0.85,1,830322,829814,508
46387561,77,60.2,521,22817,0.058,0.89,1,830401,829880,521
46390481,62.6,82.44,492,22910,0.0196,0.67,1,830460,829968,492
46393401,70.12,69.288,498,23003,0.05992,0.49,1,830532,830034,498
46396321,26.824,68.2576,446,23095,0.067984,0.43,1,830548,830102,446
46399241,18.1648,24.8515,448,23187,0.0695968,0.21,1,830564,830116,448
46402161,64.433,44.1703,475,23278,0.0379194,0.07,1,830640,830165,475
46405081,96.0866,79.2341,491,23369,0.0635839,0.09,1,830744,830253,491
46408001,82.4173,71.0468,501,23460,0.0527168,0.05,1,830823,830322,501
46410921,62.8835,77.4094,480,23550,0.0825434,0.01,1,830881,830401,480
46413841,70.9767,62.6819,494,23640,0.0405087,0.07,1,830954,830460,494
46416761,26.9953,70.1364,438,23730,0.0321017,0.07,1,830970,830532,438
46419681,18.9991,26.8273,439,23819,0.0624203,0.07,1,830987,830548,439
46422601,63.7998,18.1655,498,23908,0.100484,0.03,1,831062,830564,498
46425521,14.36,64.4331,424,23997,0.108097,0.07,1,831064,830640,424
46428441,85.272,96.0866,423,24085,0.0936194,0.05,1,831167,830744,423
46431361,81.0544,82.4173,424,24173,0.0587239,0.09,1,831247,830823,424
46434281,62.6109,62.8835,424,24261,0.0677448,0.03,1,831305,830881,424
46437201,70.1222,70.9767,423,24348,0.085549,0.03,1,831377,830954,423
46440121,27.6244,26.9953,424,24435,0.10511,0.07,1,831394,830970,424
46443041,20.7249,18.9991,426,24522,0.125022,0.11,1,831413,830987,426
46445961,64.945,63.7998,427,24608,0.145004,0.11,1,831489,831062,427
46448881,14.589,14.36,427,24694,0.149001,0.09,1,831491,831064,427
46451801,82.9178,85.272,424,24780,0.1658,0.05,1,831591,831167,424
