#Ack,ack_ewma(ms),send_ewma(ms),rtt_ratio,cwnd (Bytes),Last Router Ocupation Ack Arriaval(Packets),Last Router Ocupation Packet Sent(Packets),Network Situation,AckArrival(ms),TSInsideAck(ms),RTTAck(ms)
4381,2,0,432,16060,0.04,0,1,70862,70430,432
7301,2,0,434,17520,0.008,0,1,70864,70430,434
10221,2,0,436,18980,0.0976,0,1,70866,70430,436
13141,2,0,438,20440,0.08352,0,1,70868,70430,438
14601,161.2,0,639,21900,0.208704,0.08,1,71069,70430,639
17521,203.44,344,423,23360,0.0977408,0.04,1,71283,70860,423
20441,43.888,70.4,425,24820,0.0195482,0.04,1,71287,70862,425
23361,14.3776,14.08,432,26280,0.25991,0,1,71294,70862,432
26281,4.47552,4.416,432,27740,0.275982,0.12,1,71296,70864,432
29201,2.4951,2.4832,432,29200,0.295196,0.12,1,71298,70866,432
32121,2.09902,0.49664,434,30660,0.291039,0.08,1,71300,70866,434
35041,2.0198,1.69933,434,32120,0.258208,0.24,1,71302,70868,434
37961,159.604,161.14,432,33580,0.243642,0.07,1,71501,71069,432
40881,196.721,203.428,424,35040,0.0487283,0.07,1,71707,71283,424
43801,50.5442,40.6856,438,36500,0.0897457,0,1,71721,71283,438
46721,11.7088,11.3371,436,37960,0.121949,0.32,1,71723,71287,436
49641,5.54177,7.86742,433,39420,0.0723898,0.32,1,71727,71294,433
52561,2.70835,1.57348,435,40880,0.030478,0.28,1,71729,71294,435
55481,2.14167,1.9147,435,42340,0.118096,0.3,1,71731,71296,435
58401,2.02833,1.98294,435,43800,0.151619,0.3,1,71733,71298,435
61321,2.00567,0.396588,437,45260,0.174324,0.29,1,71735,71298,437
64241,2.00113,1.67932,437,46720,0.186865,0.25,1,71737,71300,437
67161,3.60023,1.93586,439,48180,0.229373,0.25,1,71741,71302,439
70081,154.32,0.387173,631,49640,0.109875,0.24,1,71933,71302,631
73001,32.464,159.277,434,51100,0.0539749,0,1,71935,71501,434
75921,166.493,196.655,428,52560,0.154795,0,1,72135,71707,428
78841,44.4986,39.3311,442,54020,0.182959,0.1,1,72149,71707,442
81761,10.4997,19.0662,430,55480,0.156592,0.13,1,72151,71721,430
84681,3.69994,5.41324,430,56940,0.127318,0.13,1,72153,71723,430
87601,3.93999,1.08265,434,58400,0.0574637,0.06,1,72157,71723,434
90521,2.388,3.41653,432,59860,0.0114927,0.02,1,72159,71727,432
93441,2.0776,2.28331,432,61320,0.0262985,0.02,1,72161,71729,432
96361,2.01552,0.456661,434,62780,0.22926,0.14,1,72163,71729,434
99281,2.0031,1.69133,434,64240,0.285852,0.16,1,72165,71731,434
102201,2.00062,1.93827,434,65700,0.26517,0.16,1,72167,71733,434
105121,2.00012,0.387653,436,67160,0.301034,0.18,1,72169,71733,436
108041,2.00002,1.67753,436,68620,0.324207,0.19,1,72171,71735,436
110961,3.6,1.93551,438,70080,0.360841,0.19,1,72175,71737,438
113881,2.32,0.387101,440,71540,0.384168,0.24,1,72177,71737,440
116801,2.064,3.27742,438,73000,0.412834,0.08,1,72179,71741,438
119721,147.613,154.255,430,74460,0.402567,0.08,1,72363,71933,430
122641,36.7226,30.8511,439,75920,0.424513,0.04,1,72372,71933,439
125561,8.94451,7.77022,439,77380,0.452903,0.18,1,72374,71935,439
128481,152.989,161.554,428,78840,0.138581,0.18,1,72563,72135,428
131401,36.1978,32.3108,435,80300,0.0757161,0.19,1,72570,72135,435
134321,8.83956,17.6622,423,81760,0.0311432,0.15,1,72572,72149,423
137241,3.36791,5.13243,423,83220,0.0462286,0.15,1,72574,72151,423
140161,11.8736,1.02649,437,84680,0.193246,0.12,1,72588,72151,437
143081,3.97472,1.8053,437,86140,0.190649,0.04,1,72590,72153,437
146001,3.99494,3.56106,437,87600,0.12613,0.04,1,72594,72157,437
148921,2.39899,0.712212,439,89060,0.081226,0,1,72596,72157,439
151841,2.0798,1.74244,439,90520,0.192245,0.03,1,72598,72159,439
154761,2.01596,1.94849,439,91980,0.230449,0.03,1,72600,72161,439
157681,2.00319,0.389698,441,93440,0.25409,0.28,1,72602,72161,441
160601,2.00064,1.67794,441,94900,0.226818,0.3,1,72604,72163,441
163521,2.00013,1.93559,441,96360,0.237364,0.3,1,72606,72165,441
166441,2.00003,0.387118,443,97820,0.311473,0.26,1,72608,72165,443
169361,2.00001,1.67742,443,99280,0.334295,0.31,1,72610,72167,443
172281,2,1.93548,443,100740,0.354859,0.31,1,72612,72169,443
175201,2,0.387097,445,102200,0.374972,0.33,1,72614,72169,445
178121,2,1.67742,445,103660,0.394994,0.37,1,72616,72171,445
181041,2,3.53548,443,105120,0.414999,0.37,1,72618,72175,443
183961,2,0.707097,445,106580,0.435,0.39,1,72620,72175,445
186881,2,1.74142,445,108040,0.455,0.42,1,72622,72177,445
189801,2,1.94828,445,109500,0.475,0.42,1,72624,72179,445
192721,145.2,0.389657,626,110960,0.447,0.4,1,72805,72179,626
195641,30.64,147.278,444,112420,0.4094,0.43,1,72807,72363,444
198561,14.128,36.6556,445,113880,0.49788,0.43,1,72817,72372,445
201481,4.4256,7.33112,447,115340,0.523576,0.46,1,72819,72372,447
204401,2.48512,3.06622,447,116800,0.488715,0.06,1,72821,72374,447
207321,131.697,151.813,422,118260,0.513743,0.06,1,72985,72563,422
210241,36.7394,30.3626,435,119720,0.566749,0.06,1,72998,72563,435
213161,10.5479,11.6725,432,121180,0.51335,0.02,1,73002,72570,432
216081,4.50958,3.93451,433,122640,0.54267,0.02,1,73005,72572,433
219001,2.50192,0.786901,435,124100,0.516534,0.05,1,73007,72572,435
221921,2.10038,1.75738,435,125560,0.527307,0.23,1,73009,72574,435
224841,9.22008,11.5515,432,127020,0.513461,0.23,1,73020,72588,432
227761,3.44402,2.3103,434,128480,0.534692,0.19,1,73022,72588,434
230681,2.2888,2.06206,434,129940,0.498938,0.11,1,73024,72590,434
233601,2.05776,3.61241,432,131400,0.515788,0.11,1,73026,72594,432
236521,2.81155,0.722482,435,132860,0.551158,0.07,1,73029,72594,435
239441,3.76231,1.7445,437,134320,0.630231,0.22,1,73033,72596,437
242361,3.15246,1.9489,438,135780,0.598046,0.22,1,73036,72598,438
245281,2.23049,0.38978,440,137240,0.559609,0.24,1,73038,72598,440
248201,2.0461,1.67796,440,138700,0.527922,0.26,1,73040,72600,440
251121,2.00922,1.93559,440,140160,0.489584,0.26,1,73042,72602,440
254041,2.00184,0.387118,442,141620,0.449917,0.22,1,73044,72602,442
256961,2.00037,1.67742,442,143080,0.609983,0.24,1,73046,72604,442
259881,2.00007,1.93548,442,144540,0.617997,0.24,1,73048,72606,442
262801,2.00001,0.387097,444,146000,0.587599,0.33,1,73050,72606,444
265721,2,1.67742,444,147460,0.61352,0.34,1,73052,72608,444
268641,2,1.93548,444,148920,0.586704,0.34,1,73054,72610,444
271561,2,0.387097,446,150380,0.557341,0.36,1,73056,72610,446
274481,2,1.67742,446,151840,0.519468,0.38,1,73058,72612,446
277401,2,1.93548,446,153300,0.479894,0.38,1,73060,72614,446
280321,2,0.387097,448,154760,0.655979,0.4,1,73062,72614,448
283241,2,1.67742,448,156220,0.659196,0.42,1,73064,72616,448
286161,2,1.93548,448,157680,0.635839,0.42,1,73066,72618,448
289081,2,0.387097,450,159140,0.599168,0.44,1,73068,72618,450
292001,2,1.67742,450,160600,0.567834,0.46,1,73070,72620,450
294921,2,1.93548,450,162060,0.681567,0.46,1,73072,72622,450
297841,2,0.387097,452,163520,0.672313,0.48,1,73074,72622,452
300761,2,1.67742,452,164980,0.638463,0.44,1,73076,72624,452
303681,141.2,145.135,447,166440,0.599693,0.44,1,73252,72805,447
306601,29.84,29.0271,449,167900,0.559938,0.4,1,73254,72805,449
309521,7.568,7.40542,449,169360,0.703988,0.52,1,73256,72807,449
312441,9.5136,9.48108,449,170820,0.580798,0.52,1,73266,72817,449
315361,3.50272,1.89622,451,172280,0.644159,0.53,1,73268,72817,451
318281,2.30054,1.97924,451,173740,0.624832,0.48,1,73270,72819,451
321201,2.06011,1.99585,451,175200,0.684966,0.48,1,73272,72821,451
324121,130.012,0.39917,613,176660,0.720993,0.52,1,73434,72821,613
327041,27.6024,131.28,451,178120,0.704199,0.58,1,73436,72985,451
329961,11.9205,36.656,446,179580,0.68484,0.58,1,73444,72998,446
332881,7.1841,7.33119,452,181040,0.712968,0.5,1,73450,72998,452
335801,3.03682,4.66624,450,182500,0.686594,0.55,1,73452,73002,450
338721,2.20736,3.33325,449,183960,0.649319,0.55,1,73454,73005,449
341121,2.04147,0.66665,451,185420,0.689864,0.56,1,73456,73005,451
344041,8.40829,10.5333,448,186880,0.761973,0.56,2,73466,73018,448
346961,3.28166,2.10667,450,188340,0.744395,0.56,1,73468,73018,450
349881,7.05633,0.421333,458,189800,0.764879,0.51,2,73476,73018,458
352561,3.01127,1.68427,458,191260,0.736976,0.61,1,73478,73020,458
355481,2.20225,12.3369,445,192720,0.731395,0.61,1,73480,73035,445
358401,2.04045,2.46737,447,194180,0.754279,0.61,2,73482,73035,447
361321,2.00809,0.493474,449,195640,0.726856,0.61,1,73484,73035,449
364241,2.00162,0.0986948,451,197100,0.729371,0.61,1,73486,73035,451
367161,2.00032,0.019739,453,198560,0.697874,0.61,1,73488,73035,453
370081,2.00006,0.00394779,455,200020,0.755575,0.61,2,73490,73035,455
371701,4.40001,0.000789558,460,201480,0.767115,0.58,2,73495,73035,460
374621,2.48,12.0002,447,202940,0.825423,0.58,2,73497,73050,447
377541,2.096,2.40003,449,204400,0.805085,0.58,2,73499,73050,449
380461,2.0192,0.480006,451,205860,0.769017,0.58,2,73501,73050,451
383381,2.00384,0.0960012,453,207320,0.737803,0.58,1,73503,73050,453
386301,2.00077,0.0192002,455,208780,0.691561,0.58,1,73505,73050,455
389221,2.00015,0.00384005,457,210240,0.650312,0.58,1,73507,73050,457
391461,2.00003,0.00076801,459,211700,0.618062,0.47,1,73509,73050,459
394381,2.00001,8.00015,451,213160,0.731612,0.47,1,73511,73060,451
397301,2,1.60003,453,214620,0.722323,0.47,1,73513,73060,453
400221,2,0.320006,455,216080,0.696465,0.47,1,73515,73060,455
403141,2,0.0640012,457,217540,0.715293,0.47,1,73517,73060,457
406021,2,0.0128002,459,219000,0.815059,0.59,2,73519,73060,459
408941,2,6.40256,453,220460,0.811012,0.59,2,73521,73068,453
411861,2,1.28051,455,221920,0.778202,0.59,2,73523,73068,455
414781,2,0.256102,457,223380,0.74764,0.59,1,73525,73068,457
417041,2,0.0512205,459,224840,0.853528,0.63,2,73527,73068,459
419961,2,6.41024,453,226300,0.842706,0.63,2,73529,73076,453
422881,2,1.28205,455,227760,0.808541,0.63,2,73531,73076,455
425801,2,0.25641,457,229220,0.777708,0.63,2,73533,73076,457
428481,2,0.0512819,459,230680,0.739542,0.76,1,73535,73076,459
431401,2,1.61026,459,232140,0.827908,0.76,2,73537,73078,459
433061,140.4,0.322051,634,233600,0.709582,0.64,1,73712,73078,634
435981,29.68,146.464,453,235060,0.805916,0.64,2,73714,73261,453
438901,7.536,29.2929,455,236520,0.801183,0.64,2,73716,73261,455
441381,6.3072,5.85858,461,237980,0.704237,0.72,1,73722,73261,461
444301,2.86144,9.17172,453,239440,0.804847,0.72,2,73724,73271,453
447221,2.17229,1.83434,455,240900,0.84897,0.72,2,73726,73271,455
449281,2.03446,0.366869,457,242360,0.833794,0.71,2,73728,73271,457
451361,10.8069,11.2734,456,243820,0.822759,0.8,2,73741,73285,456
454281,134.161,131.055,460,245280,0.708552,0.8,1,73906,73446,460
457201,28.4323,26.2109,462,246740,0.76571,0.8,2,73908,73446,462
460121,7.28645,5.24219,464,248200,0.745142,0.8,1,73910,73446,464
462181,3.05729,1.04844,466,249660,0.709028,0.68,1,73912,73446,466
463841,1.41146,5.00969,461,251120,0.685806,0.76,1,73913,73452,461
466761,5.08229,7.40194,459,252580,0.721161,0.76,1,73919,73460,459
469681,2.61646,1.48039,461,254040,0.696232,0.76,1,73921,73460,461
472161,2.12329,0.296077,463,255500,0.747246,0.74,1,73923,73460,463
474241,5.22466,6.45922,461,256960,0.661449,0.79,1,73929,73468,461
477161,5.84493,6.89184,460,258420,0.67629,0.79,1,73935,73475,460
478821,6.76899,1.37837,467,259880,0.655258,0.73,1,73942,73475,467
481741,2.9538,4.27567,464,261340,0.619052,0.73,1,73944,73480,464
483601,1.39076,0.855135,465,262800,0.65181,0.73,1,73945,73480,465
486521,1.87815,4.97103,461,264260,0.626362,0.73,1,73947,73486,461
489441,1.97563,0.994205,463,265720,0.621272,0.73,1,73949,73486,463
491921,1.99513,0.198841,465,267180,0.644254,0.8,1,73951,73486,465
494841,1.99903,10.4398,454,268640,0.704851,0.8,1,73953,73499,454
497761,1.99981,2.08795,456,270100,0.68497,0.8,1,73955,73499,456
500681,1.99996,0.417591,458,271560,0.656994,0.8,1,73957,73499,458
503601,1.99999,0.0835181,460,273020,0.723399,0.8,1,73959,73499,460
505441,1.2,0.0167036,461,274480,0.72068,0.64,1,73960,73499,461
508361,5.04,6.40334,459,275940,0.632136,0.64,1,73966,73507,459
511281,2.608,1.28067,461,277400,0.590427,0.64,1,73968,73507,461
514201,2.1216,0.256134,463,278860,0.550085,0.64,1,73970,73507,463
516881,2.02432,0.0512267,465,280320,0.502017,0.74,1,73972,73507,465
519801,2.00486,7.21025,458,281780,0.676403,0.74,1,73974,73516,458
522721,2.00097,1.44205,460,283240,0.671281,0.74,1,73976,73516,460
525641,2.00019,0.28841,462,284700,0.638256,0.74,1,73978,73516,462
528561,2.00004,0.057682,464,286160,0.607651,0.74,1,73980,73516,464
530401,1.20001,0.0115364,465,287620,0.64153,0.74,1,73981,73516,465
533321,1.84,7.20231,458,289080,0.624306,0.74,1,73983,73525,458
536241,1.968,1.44046,460,290540,0.708861,0.74,1,73985,73525,460
539161,1.9936,0.288092,462,292000,0.701772,0.74,1,73987,73525,462
542081,1.99872,0.0576185,464,293460,0.668354,0.74,1,73989,73525,464
544341,1.99974,0.0115237,466,294920,0.629671,0.73,1,73991,73525,466
547261,1.99995,8.0023,458,296380,0.597934,0.73,1,73993,73535,458
550181,1.99999,1.60046,460,297840,0.559587,0.73,1,73995,73535,460
553101,2,0.320092,462,299300,0.519917,0.73,1,73997,73535,462
556021,2,0.0640184,464,300760,0.487983,0.73,1,73999,73535,464
557861,1.2,0.0128037,465,302220,0.697597,0.77,1,74000,73535,465
560781,1.84,4.80256,461,303680,0.707519,0.77,1,74002,73541,461
563061,140.368,0.960512,636,305140,0.597504,0.82,1,74177,73541,636
565981,29.6736,139.392,464,306600,0.551501,0.82,1,74179,73715,464
568261,7.53472,27.8784,466,308060,0.6943,0.74,1,74181,73715,466
569921,2.30694,8.77568,463,309520,0.70686,0.86,1,74182,73719,463
572841,3.66139,9.75514,457,310980,0.725372,0.86,1,74186,73729,457
575761,2.33228,1.95103,459,312440,0.697074,0.86,1,74188,73729,459
578681,2.06646,0.390205,461,313900,0.659415,0.86,1,74190,73729,461
580321,1.21329,0.0780411,462,315360,0.635883,0.76,1,74191,73729,462
582401,12.2427,17.6156,455,316820,0.583177,0.7,1,74206,73751,455
585321,132.049,132.323,456,318280,0.572635,0.7,1,74368,73912,456
588241,28.0097,26.4646,458,319740,0.690527,0.7,1,74370,73912,458
590721,7.20194,5.29292,460,321200,0.682105,0.71,1,74372,73912,460
593641,6.24039,7.45858,458,322660,0.752421,0.71,2,74378,73920,458
596561,2.84808,1.49172,460,324120,0.734484,0.71,1,74380,73920,460
598421,1.36962,0.298343,461,325580,0.714897,0.64,1,74381,73920,461
601341,1.87392,7.25967,454,327040,0.734979,0.64,1,74383,73929,454
603201,1.17478,1.45193,455,328500,0.762996,0.65,2,74384,73929,455
606121,5.03496,6.69039,453,329960,0.688599,0.65,1,74390,73937,453
608821,10.607,1.33808,465,331420,0.71372,0.65,1,74402,73937,465
611741,3.7214,9.06762,456,332880,0.686744,0.65,1,74404,73948,456
614661,2.34428,1.81352,458,334340,0.649349,0.65,1,74406,73948,458
616721,2.06886,0.362705,460,335800,0.60987,0.68,1,74408,73948,460
619641,2.01377,11.2725,448,337260,0.649974,0.68,1,74410,73962,448
622561,2.00275,2.25451,450,338720,0.681995,0.68,1,74412,73962,450
625481,2.00055,0.450902,452,340180,0.728399,0.68,1,74414,73962,452
628401,2.00011,0.0901803,454,341640,0.70568,0.68,1,74416,73962,454
631321,2.00002,0.0180361,456,343100,0.669136,0.68,1,74418,73962,456
634241,2,0.00360721,458,344560,0.621827,0.68,1,74420,73962,458
636481,2,0.000721442,460,346020,0.580365,0.72,1,74422,73962,460
639401,5.2,9.60014,454,347480,0.628073,0.72,1,74428,73974,454
642321,2.64,1.92003,456,348940,0.613615,0.72,1,74430,73974,456
645241,2.128,0.384006,458,350400,0.578723,0.72,1,74432,73974,458
647921,2.0256,0.0768011,460,351860,0.547745,0.66,1,74434,73974,460
650841,2.00512,12.0154,447,353320,0.509549,0.66,1,74436,73989,447
653761,2.00102,2.40307,449,354780,0.66991,0.66,1,74438,73989,449
656681,2.0002,0.480614,451,356240,0.677982,0.66,1,74440,73989,451
659601,2.00004,0.0961229,453,357700,0.703596,0.66,1,74442,73989,453
662521,2.00001,0.0192246,455,359160,0.732719,0.66,1,74444,73989,455
665441,2,0.00384491,457,360620,0.714544,0.66,1,74446,73989,457
668361,2,0.000768983,459,362080,0.678909,0.66,1,74448,73989,459
671221,2,0.000153797,461,363540,0.647782,0.49,1,74450,73989,461
674141,2,7.20003,454,365000,0.609556,0.49,1,74452,73998,454
677061,2,1.44001,456,366460,0.713911,0.49,1,74454,73998,456
679981,2,0.288001,458,367920,0.702782,0.49,1,74456,73998,458
682901,2,0.0576002,460,369380,0.668556,0.49,1,74458,73998,460
684741,1.2,0.01152,461,370840,0.733711,0.63,1,74459,73998,461
687661,1.84,6.4023,455,372300,0.714742,0.63,1,74461,74006,455
690581,1.968,1.28046,457,373760,0.670948,0.63,1,74463,74006,457
693061,139.594,0.256092,631,375220,0.65419,0.73,1,74637,74006,631
695981,29.5187,144.051,453,376680,0.618838,0.73,1,74639,74186,453
698901,7.50374,28.8102,455,378140,0.707768,0.73,1,74641,74186,455
700961,3.10075,5.76205,457,379600,0.693554,0.71,1,74643,74186,457
703881,3.82015,9.95241,450,381060,0.634711,0.71,1,74647,74197,450
706801,2.36403,1.99048,452,382520,0.710942,0.71,1,74649,74197,452
709721,2.07281,0.398096,454,383980,0.718188,0.71,1,74651,74197,454
711361,1.21456,0.0796193,455,385440,0.703638,0.72,1,74652,74197,455
713441,13.8429,15.2159,453,386900,0.692728,0.7,1,74669,74216,453
716361,131.569,127.043,459,388360,0.754546,0.7,2,74830,74371,459
718641,27.9137,25.4086,461,389820,0.726909,0.66,1,74832,74371,461
721561,7.18274,6.68173,461,391280,0.689382,0.66,1,74834,74373,461
723221,2.23655,1.33635,462,392740,0.665876,0.71,1,74835,74373,462
726141,2.04731,6.66727,456,394200,0.749175,0.71,1,74837,74381,456
728421,5.20946,1.33345,462,395660,0.677835,0.72,1,74843,74381,462
731341,2.64189,8.26669,454,397120,0.639567,0.72,1,74845,74391,454
734261,2.12838,1.65334,456,398580,0.607913,0.72,1,74847,74391,456
736321,2.02568,0.330668,458,400040,0.761583,0.69,2,74849,74391,458
739241,12.4051,16.8661,452,401500,0.680317,0.69,1,74864,74412,452
742161,4.08103,3.37323,454,402960,0.696063,0.69,1,74866,74412,454
745081,2.41621,0.674645,456,404420,0.667213,0.69,1,74868,74412,456
748001,2.08324,0.134929,458,405880,0.629443,0.69,1,74870,74412,458
749841,1.21665,0.0269858,459,407340,0.605889,0.68,1,74871,74412,459
752761,1.84333,11.2054,447,408800,0.633178,0.68,1,74873,74426,447
755681,1.96867,2.24108,449,410260,0.662636,0.68,1,74875,74426,449
758601,1.99373,0.448216,451,411720,0.636527,0.68,1,74877,74426,451
761521,1.99875,0.0896432,453,413180,0.687305,0.68,1,74879,74426,453
764441,1.99975,0.0179286,455,414640,0.681461,0.68,1,74881,74426,455
767361,1.99995,0.00358573,457,416100,0.768292,0.68,2,74883,74426,457
768981,1.19999,0.000717145,458,417560,0.761658,0.59,2,74884,74426,458
771901,1.84,4.00014,455,419020,0.728332,0.59,1,74886,74431,455
774181,5.168,0.800029,461,420480,0.633666,0.71,1,74892,74431,461
777101,2.6336,8.96001,452,421940,0.774733,0.71,2,74894,74442,452
780021,2.12672,1.792,454,423400,0.770947,0.71,2,74896,74442,454
782941,2.02534,0.3584,456,424860,0.746189,0.71,1,74898,74442,456
785861,2.00507,0.07168,458,426320,0.781238,0.71,2,74900,74442,458
788741,2.00101,0.014336,460,427780,0.764248,0.67,2,74902,74442,460
791661,2.0002,4.80287,456,429240,0.728849,0.67,1,74904,74448,456
794581,2.00004,0.960573,458,430700,0.69777,0.67,1,74906,74448,458
797061,2.00001,0.192115,460,432160,0.659554,0.72,1,74908,74448,460
799981,2,5.63842,455,433620,0.627911,0.72,1,74910,74455,455
802901,2,1.12768,457,435080,0.765582,0.72,2,74912,74455,457
805821,2,0.225537,459,436540,0.769116,0.72,2,74914,74455,459
808081,2,0.0451074,461,438000,0.841823,0.66,2,74916,74455,461
811001,2,6.40902,455,439460,0.824365,0.66,2,74918,74463,455
813921,2,1.2818,457,440920,0.796873,0.66,2,74920,74463,457
816841,2,0.256361,459,442380,0.759375,0.66,2,74922,74463,459
818481,1.2,0.0512722,460,443840,0.735875,0.65,1,74923,74463,460
821401,6.64,7.21025,459,445300,0.763175,0.65,2,74931,74472,459
823061,134.128,1.44205,625,446760,0.816635,0.61,2,75097,74472,625
825141,29.2256,133.888,461,448220,0.779327,0.63,2,75100,74639,461
828061,8.24512,32.3777,457,449680,0.819865,0.63,2,75103,74646,457
830981,3.24902,6.47554,459,451140,0.795973,0.63,2,75105,74646,459
833461,3.8498,1.29511,463,452600,0.727195,0.77,1,75109,74646,463
836381,2.36996,8.25902,455,454060,0.801439,0.77,2,75111,74656,455
839301,2.07399,1.6518,457,455520,0.792288,0.77,2,75113,74656,457
842221,2.0148,0.330361,459,456980,0.758458,0.77,2,75115,74656,459
843861,15.603,0.0660722,478,458440,0.735692,0.58,1,75134,74656,478
845941,128.721,15.2132,616,459900,0.771138,0.75,2,75291,74675,616
848861,28.9441,133.443,457,461360,0.746228,0.75,1,75295,74838,457
851781,8.18882,26.6885,460,462820,0.845246,0.75,2,75298,74838,460
854701,3.23776,5.33771,462,464280,0.825049,0.75,2,75300,74838,462
856961,2.24755,1.06754,464,465740,0.78901,0.6,2,75302,74838,464
859881,5.24951,7.41351,461,467200,0.773802,0.6,2,75308,74847,461
862161,2.6499,1.4827,463,468660,0.83476,0.72,2,75310,74847,463
865081,5.32998,11.4965,455,470120,0.758952,0.72,2,75316,74861,455
867361,2.666,2.29931,457,471580,0.80779,0.6,2,75318,74861,457
870281,10.1332,8.45986,459,473040,0.737558,0.6,1,75330,74871,459
873201,3.62664,1.69197,461,474500,0.699512,0.6,1,75332,74871,461
876121,2.32533,0.338394,463,475960,0.667902,0.6,1,75334,74871,463
878801,2.06507,0.0676789,465,477420,0.74158,0.8,1,75336,74871,465
881721,2.01301,8.81354,456,478880,0.724316,0.8,1,75338,74882,456
884641,2.0026,1.76271,458,480340,0.688863,0.8,1,75340,74882,458
887561,2.00052,0.352541,460,481800,0.817773,0.8,2,75342,74882,460
890481,2.0001,0.0705083,462,483260,0.803555,0.8,2,75344,74882,462
893401,2.00002,0.0141017,464,484720,0.768711,0.8,2,75346,74882,464
895441,2,0.00282033,466,486180,0.729742,0.69,1,75348,74882,466
898361,2,4.80056,462,487640,0.705948,0.69,1,75350,74888,462
901281,2,0.960113,464,489100,0.78919,0.69,2,75352,74888,464
904181,2.8,0.192023,467,490560,0.749838,0.79,1,75355,74888,467
907101,3.76,9.6384,459,492020,0.677968,0.79,1,75359,74900,459
910021,3.152,1.92768,462,493480,0.623594,0.79,1,75362,74900,462
912941,2.2304,0.385536,464,494940,0.764719,0.79,2,75364,74900,464
914581,1.24608,0.0771072,465,496400,0.784944,0.71,2,75365,74900,465
917501,1.84922,4.01542,462,497860,0.756989,0.71,2,75367,74905,462
920421,1.96984,0.803084,464,499320,0.727398,0.71,1,75369,74905,464
922481,1.99397,0.160617,466,500780,0.79348,0.86,2,75371,74905,466
925401,1.99879,8.83212,457,502240,0.774696,0.86,2,75373,74916,457
928321,1.99976,1.76642,459,503700,0.738939,0.86,1,75375,74916,459
931241,1.99995,0.353285,461,505160,0.715788,0.86,1,75377,74916,461
934161,1.99999,0.070657,463,506620,0.679158,0.86,1,75379,74916,463
936001,1.2,0.0141314,464,508080,0.655832,0.73,1,75380,74916,464
938921,1.84,5.60283,459,509540,0.843166,0.73,2,75382,74923,459
941841,1.968,1.12057,461,511000,0.848633,0.73,2,75384,74923,461
944761,1.9936,0.224113,463,512460,0.817727,0.73,2,75386,74923,463
947441,1.99872,0.0448226,465,513920,0.779545,0.82,2,75388,74923,465
950361,6.79974,10.409,460,515380,0.651909,0.82,1,75396,74936,460
953061,136.56,2.08179,629,516840,0.826382,0.75,2,75565,74936,629
955981,28.912,137.216,460,518300,0.829276,0.75,2,75567,75107,460
958901,7.3824,27.4433,462,519760,0.813855,0.75,2,75569,75107,462
961821,3.07648,5.48865,464,521220,0.778771,0.75,2,75571,75107,464
963461,3.8153,1.09773,468,522680,0.827754,0.77,2,75575,75107,468
966381,2.36306,5.81955,463,524140,0.797551,0.77,2,75577,75114,463
969301,2.07261,1.16391,465,525600,0.75951,0.77,2,75579,75114,465
971781,3.61452,0.232782,469,527060,0.687902,0.88,1,75583,75114,469
973861,16.7229,8.04656,479,528520,0.78558,0.65,2,75603,75124,479
975941,128.945,20.0093,613,529980,0.741116,0.87,1,75760,75147,613
978861,28.1889,124.802,465,531440,0.676223,0.87,1,75763,75298,465
981141,7.23778,24.9604,467,532900,0.639245,0.79,1,75765,75298,467
984061,3.04756,12.1921,460,534360,0.599849,0.79,1,75767,75307,460
986981,2.20951,2.43841,462,535820,0.74397,0.79,1,75769,75307,462
989461,5.2419,0.487683,468,537280,0.684794,0.74,1,75775,75307,468
992381,2.64838,7.29754,461,538740,0.648959,0.74,1,75777,75316,461
994661,2.92968,1.45951,464,540200,0.649792,0.78,1,75780,75316,464
997581,3.78594,6.6919,460,541660,0.745958,0.78,1,75784,75324,460
999861,7.15719,1.33838,468,543120,0.765192,0.7,2,75792,75324,468
1001941,7.03144,5.86768,468,544580,0.657038,0.68,1,75799,75331,468
1004861,3.00629,8.37354,461,546040,0.667408,0.68,1,75801,75340,461
1007781,2.20126,1.67471,463,547500,0.637482,0.68,1,75803,75340,463
1010701,2.04025,0.334941,465,548960,0.671496,0.68,1,75805,75340,465
1013381,2.00805,0.0669883,467,550420,0.702299,0.81,1,75807,75340,467
1016301,2.00161,9.6134,457,551880,0.73246,0.81,1,75809,75352,457
1019221,2.00032,1.92268,459,553340,0.706492,0.81,1,75811,75352,459
1022141,2.00006,0.384536,461,554800,0.677298,0.81,1,75813,75352,461
1025061,2.00001,0.0769072,463,556260,0.72746,0.81,1,75815,75352,463
1027981,2,0.0153814,465,557720,0.713492,0.81,1,75817,75352,465
1030021,2,0.00307629,467,559180,0.678698,0.64,1,75819,75352,467
1032941,2,6.40062,461,560640,0.67974,0.64,1,75821,75360,461
1035861,2,1.28012,463,562100,0.767948,0.64,2,75823,75360,463
1037921,2,0.256025,465,563560,0.74559,0.81,1,75825,75360,465
1040841,5.2,8.85121,460,565020,0.733118,0.81,1,75831,75371,460
1043761,2.64,1.77024,462,566480,0.714624,0.81,1,75833,75371,462
1046681,2.128,0.354048,464,567940,0.678925,0.81,1,75835,75371,464
1049601,2.0256,0.0708096,466,569400,0.647785,0.81,1,75837,75371,466
1051441,1.20512,0.0141619,467,570860,0.625557,0.81,1,75838,75371,467
1054361,1.84102,12.0028,454,572320,0.709111,0.81,1,75840,75386,454
1057281,1.9682,2.40057,456,573780,0.701822,0.81,1,75842,75386,456
1060201,1.99364,0.480113,458,575240,0.668364,0.81,1,75844,75386,458
1063121,1.99873,0.0960226,460,576700,0.637673,0.81,1,75846,75386,460
1066041,1.99975,0.0192045,462,578160,0.599535,0.81,1,75848,75386,462
1068961,1.99995,0.00384091,464,579620,0.567907,0.81,1,75850,75386,464
1071881,1.99999,0.000768181,466,581080,0.737581,0.81,1,75852,75386,466
1073701,1.2,0.000153636,467,582540,0.755516,0.62,2,75853,75386,467
1076621,1.84,8.00003,459,584000,0.727103,0.62,1,75855,75396,459
1078481,1.168,1.60001,460,585460,0.713421,0.74,1,75856,75396,460
1080561,9.0336,11.52,457,586920,0.774684,0.86,2,75867,75410,457
1083481,133.007,133.504,457,588380,0.834937,0.86,2,76031,75574,457
1086401,29.8013,26.7008,461,589840,0.806987,0.86,2,76035,75574,461
1089321,8.36027,5.34016,464,591300,0.761397,0.86,2,76038,75574,464
1092001,3.27205,1.06803,466,592760,0.720279,0.81,1,76040,75574,466
1094921,3.85441,11.4136,456,594220,0.808056,0.81,2,76044,75588,456
1097841,2.37088,2.28272,458,595680,0.793611,0.81,2,76046,75588,458
1100761,2.07418,0.456544,460,597140,0.798722,0.81,2,76048,75588,460
1102401,1.21484,0.0913088,461,598600,0.783744,0.87,2,76049,75588,461
1104481,17.043,20.0183,457,600060,0.764749,0.74,2,76070,75613,457
1107401,129.009,130.404,456,601520,0.71295,0.74,1,76227,75771,456
1110321,27.4017,26.0807,458,602980,0.66259,0.74,1,76229,75771,458
1113241,7.08034,5.21615,460,604440,0.772518,0.74,2,76231,75771,460
1116161,3.01607,1.04323,462,605900,0.762504,0.74,2,76233,75771,462
1118001,1.40321,0.208646,463,607360,0.744501,0.67,1,76234,75771,463
1120921,3.48064,6.44173,459,608820,0.6689,0.67,1,76238,75779,459
1123201,3.89613,1.28835,463,610280,0.62178,0.73,1,76242,75779,463
1126121,5.57923,12.2577,454,611740,0.612356,0.73,1,76248,75794,454
1129041,2.71585,2.45153,456,613200,0.578471,0.73,1,76250,75794,456
1131941,8.54317,0.490307,466,614660,0.699694,0.7,1,76260,75794,466
1134861,3.30863,8.09806,458,616120,0.779939,0.7,2,76262,75804,458
1137781,2.26173,1.61961,460,617580,0.771988,0.7,2,76264,75804,460
1140261,3.65235,0.323922,464,619040,0.706398,0.69,1,76268,75804,464
1143181,2.33047,6.46478,458,620500,0.717279,0.69,1,76270,75812,458
1146101,2.06609,1.29296,460,621960,0.687456,0.69,1,76272,75812,460
1149021,2.01322,0.258591,462,623420,0.641491,0.69,1,76274,75812,462
1151701,2.00264,0.0517183,464,624880,0.664298,0.67,1,76276,75812,464
1154621,2.00053,5.61034,459,626340,0.63686,0.67,1,76278,75819,459
1157541,2.00011,1.12207,461,627800,0.599372,0.67,1,76280,75819,461
1160021,2.00002,0.224414,463,629260,0.567874,0.69,1,76282,75819,463
1162941,2,7.24488,456,630720,0.681575,0.69,1,76284,75828,456
1165861,2,1.44898,458,632180,0.672315,0.69,1,76286,75828,458
1168781,2,0.289795,460,633640,0.678463,0.69,1,76288,75828,460
1170421,1.2,0.0579591,461,635100,0.663693,0.73,1,76289,75828,461
1173341,1.84,9.61159,451,636560,0.620739,0.73,1,76291,75840,451
1176261,1.968,1.92232,453,638020,0.732148,0.73,1,76293,75840,453
1179181,1.9936,0.384464,455,639480,0.72243,0.73,1,76295,75840,455
1182101,1.99872,0.0768927,457,640940,0.680486,0.73,1,76297,75840,457
1183941,4.39974,0.0153785,462,642400,0.592097,0.78,1,76302,75840,462
1186861,2.47995,9.60308,452,643860,0.718419,0.78,1,76304,75852,452
1189781,2.09599,1.92062,454,645320,0.711684,0.78,1,76306,75852,454
1192701,2.0192,0.384123,456,646780,0.686337,0.78,1,76308,75852,456
1195621,2.00384,0.0768246,458,648240,0.649267,0.78,1,76310,75852,458
1198541,2.00077,0.0153649,460,649700,0.617853,0.78,1,76312,75852,460
1200581,2.00015,0.00307298,462,651160,0.667571,0.72,1,76314,75852,462
1203501,2.00003,2.40061,461,652620,0.701514,0.72,1,76316,75855,461
1205781,2.00001,0.480123,463,654080,0.764303,0.64,2,76318,75855,463
1208701,2,3.29602,461,655540,0.744861,0.64,1,76320,75859,461
1210981,13.2,0.659205,477,657000,0.620972,0.88,1,76336,75859,477
1213061,133.04,10.5318,627,658460,0.572194,0.89,1,76499,75872,627
1215981,28.208,137.306,460,659920,0.522439,0.89,1,76501,76041,460
1218901,7.2416,27.4613,462,661380,0.480488,0.89,1,76503,76041,462
1221821,3.04832,5.49225,464,662840,0.440098,0.89,1,76505,76041,464
1224501,5.40966,1.09845,470,664300,0.56802,0.86,1,76511,76041,470
1227421,2.68193,9.81969,460,665760,0.561604,0.86,1,76513,76053,460
1230341,2.13639,1.96394,462,667220,0.600321,0.86,1,76515,76053,462
1233261,2.02728,0.392788,464,668680,0.576064,0.86,1,76517,76053,464
1234901,21.2055,0.0785575,490,670140,0.491213,0.82,1,76543,76053,490
1236981,116.241,26.4157,597,671600,0.658243,0.68,1,76683,76086,597
1239061,29.6482,118.883,463,673060,0.747649,0.61,1,76691,76228,463
1241981,7.52964,34.9766,451,674520,0.74153,0.61,1,76693,76242,451
1244901,3.10593,6.99532,453,675980,0.772306,0.61,2,76695,76242,453
1247821,2.22119,1.39906,455,677440,0.746461,0.61,1,76697,76242,455
1250741,2.04424,0.279813,457,678900,0.709292,0.61,1,76699,76242,457
1252581,6.80885,0.0559626,465,680360,0.669858,0.55,1,76707,76242,465
1255501,2.96177,7.21119,458,681820,0.629972,0.55,1,76709,76251,458
1258421,2.19235,1.44224,460,683280,0.725994,0.55,1,76711,76251,460
1260901,8.43847,0.288448,470,684740,0.689199,0.68,1,76721,76251,470
1263821,3.28769,16.8577,451,686200,0.74584,0.68,1,76723,76272,451
1266741,2.25754,3.37154,453,687660,0.733168,0.68,1,76725,76272,453
1269661,2.05151,0.674308,455,689120,0.770634,0.68,2,76727,76272,455
1272581,2.0103,0.134862,457,690580,0.746127,0.68,1,76729,76272,457
1275461,4.40206,0.0269723,462,692040,0.749225,0.56,1,76734,76272,462
1278381,2.48041,8.00539,454,693500,0.717845,0.56,1,76736,76282,454
1281301,2.09608,1.60108,456,694960,0.687569,0.56,1,76738,76282,456
1284221,2.01922,0.320216,458,696420,0.649514,0.56,1,76740,76282,458
1287141,2.00384,0.0640431,460,697880,0.769903,0.56,2,76742,76282,460
1290021,2.00077,0.0128086,462,699340,0.769981,0.78,2,76744,76282,462
1292941,2.00015,8.00256,454,700800,0.737996,0.78,1,76746,76292,454
1295861,2.00003,1.60051,456,702260,0.699599,0.78,1,76748,76292,456
1298781,2.00001,0.320102,458,703720,0.65992,0.78,1,76750,76292,458
1301701,2,0.0640205,460,705180,0.795984,0.78,2,76752,76292,460
1304161,2,0.0128041,462,706640,0.839197,0.57,2,76754,76292,462
1307081,2,8.00256,454,708100,0.815839,0.57,2,76756,76302,454
1310001,2,1.60051,456,709560,0.779168,0.57,2,76758,76302,456
1312481,2,0.320102,458,711020,0.851834,0.7,2,76760,76302,458
1315401,5.2,4.06402,459,712480,0.778367,0.7,2,76766,76307,459
1318321,2.64,0.812804,461,713940,0.731673,0.7,1,76768,76307,461
1320801,2.128,0.162561,463,715400,0.698335,0.61,1,76770,76307,463
1323721,2.0256,4.03251,460,716860,0.819667,0.61,2,76772,76312,460
1326001,2.00512,0.806502,462,718320,0.811933,0.71,2,76774,76312,462
1328921,2.00102,3.3613,460,719780,0.786387,0.71,2,76776,76316,460
1331201,2.0002,0.67226,462,721240,0.805277,0.72,2,76778,76316,462
1334121,2.00004,10.5345,451,722700,0.777056,0.72,2,76780,76329,451
1337041,2.00001,2.10689,453,724160,0.739411,0.72,1,76782,76329,453
1339521,2,0.421378,455,725620,0.707882,0.58,1,76784,76329,455
1341601,9.2,10.4843,453,727080,0.669576,0.67,1,76795,76342,453
1344521,133.84,134.097,453,728540,0.853915,0.67,2,76960,76507,453
1347441,28.368,26.8194,455,730000,0.858783,0.67,2,76962,76507,455
1350361,7.2736,5.36387,457,731460,0.827757,0.67,2,76964,76507,457
1352001,2.25472,1.07277,458,732920,0.805551,0.57,2,76965,76507,458
1354921,2.05094,8.21455,450,734380,0.76911,0.57,2,76967,76517,450
1357841,2.01019,1.64291,452,735840,0.849822,0.57,2,76969,76517,452
1360761,2.00204,0.328582,454,737300,0.833964,0.57,2,76971,76517,454
1362821,5.20041,0.0657164,460,738760,0.734793,0.57,1,76977,76517,460
1364901,21.0401,6.41314,477,740220,0.874959,0.66,2,77002,76525,477
1366981,125.808,20.4826,605,741680,0.838992,0.7,2,77154,76549,605
1369901,26.7616,124.097,457,743140,0.799798,0.7,2,77156,76699,457
1372821,6.95232,24.8193,459,744600,0.77596,0.7,2,77158,76699,459
1375741,2.99046,4.96386,461,746060,0.739192,0.7,1,77160,76699,461
1378001,2.19809,0.992772,463,747520,0.819838,0.75,2,77162,76699,463
1380921,6.83962,9.79855,459,748980,0.739968,0.75,1,77170,76711,459
1383841,2.96792,1.95971,461,750440,0.819994,0.75,2,77172,76711,461
1386321,2.19358,0.391942,463,751900,0.803999,0.76,2,77174,76711,463
1389241,7.63872,9.67839,460,753360,0.7928,0.76,2,77183,76723,460
1391521,3.12774,1.93568,462,754820,0.76656,0.75,2,77185,76723,462
1394441,2.22555,5.98714,457,756280,0.753312,0.75,2,77187,76730,457
1397361,2.04511,1.19743,459,757740,0.726662,0.75,1,77189,76730,459
1400281,2.00902,0.239485,461,759200,0.697332,0.75,1,77191,76730,461
1402961,2.0018,0.0478971,463,760660,0.747467,0.82,1,77193,76730,463
1405881,5.20036,8.80958,458,762120,0.821493,0.82,2,77199,76741,458
1408801,4.24007,1.76192,462,763580,0.828299,0.82,2,77203,76741,462
1411721,2.44801,0.352383,464,765040,0.79766,0.82,2,77205,76741,464
1414401,2.0896,0.0704766,466,766500,0.767532,0.78,2,77207,76741,466
1417321,2.01792,1.6141,466,767960,0.769506,0.78,2,77209,76743,466
1418981,1.20358,0.322819,467,769420,0.761901,0.67,2,77210,76743,467
1421901,1.84072,4.86456,463,770880,0.81638,0.67,2,77212,76749,463
1424821,1.96814,0.972913,465,772340,0.787276,0.67,2,77214,76749,465
1426881,1.99363,0.194583,467,773800,0.749455,0.87,1,77216,76749,467
1429801,1.99873,8.83892,458,775260,0.773891,0.87,2,77218,76760,458
1432721,1.99975,1.76778,460,776720,0.738778,0.87,1,77220,76760,460
1435641,1.99995,0.353557,462,778180,0.819756,0.87,2,77222,76760,462
1438561,1.99999,0.0707113,464,779640,0.803951,0.87,2,77224,76760,464
1440401,1.2,0.0141423,465,781100,0.78479,0.74,2,77225,76760,465
1443321,1.84,5.60283,460,782560,0.756958,0.74,2,77227,76767,460
1445601,1.968,1.12057,462,784020,0.727392,0.81,1,77229,76767,462
1448521,3.5936,5.82411,459,785480,0.825478,0.81,2,77233,76774,459
1451441,3.91872,1.16482,463,786940,0.789096,0.81,2,77237,76774,463
1453921,2.38374,0.232964,465,788400,0.749819,0.82,1,77239,76774,465
1456841,2.07675,10.4466,454,789860,0.709964,0.82,1,77241,76787,454
1459761,2.01535,2.08932,456,791320,0.821993,0.82,2,77243,76787,456
1462681,2.00307,0.417864,458,792780,0.820399,0.82,2,77245,76787,458
1465601,2.00061,0.0835727,460,794240,0.78808,0.82,2,77247,76787,460
1468521,2.00012,0.0167145,462,795700,0.757616,0.82,2,77249,76787,462
1470561,2.00002,0.00334291,464,797160,0.783523,0.87,2,77251,76787,464
1472641,13.2,14.4007,462,798620,0.836705,0.76,2,77267,76805,462
1475561,131.44,132.48,461,800080,0.783341,0.76,2,77428,76967,461
1478481,27.888,26.496,463,801540,0.748668,0.76,1,77430,76967,463
1481401,7.1776,5.2992,465,803000,0.709734,0.76,1,77432,76967,465
1483041,2.23552,1.05984,466,804460,0.685947,0.81,1,77433,76967,466
1485961,3.6471,4.21197,465,805920,0.793189,0.81,2,77437,76972,465
1488881,2.32942,0.842394,467,807380,0.782638,0.81,2,77439,76972,467
1491361,2.06588,0.168479,469,808840,0.748528,0.84,1,77441,76972,469
1493441,6.81318,7.2337,468,810300,0.789706,0.88,2,77449,76981,468
1495521,20.5626,26.2467,461,811760,0.773941,0.77,2,77473,77012,461
1498441,119.313,122.049,459,813220,0.842788,0.77,2,77617,77158,459
1500721,25.4625,24.4099,461,814680,0.816558,0.85,2,77619,77158,461
1503641,9.8925,7.28197,464,816140,0.755311,0.85,2,77625,77161,464
1505921,3.5785,1.45639,466,817600,0.711062,0.72,1,77627,77161,466
1508841,2.3157,5.09128,462,819060,0.822212,0.72,2,77629,77167,462
1510501,7.66314,1.01826,471,820520,0.852443,0.83,2,77638,77167,471
1513421,3.13263,11.4037,459,821980,0.818489,0.83,2,77640,77181,459
1516341,2.22653,2.28073,461,823440,0.779698,0.83,2,77642,77181,461
1518821,6.0453,0.456146,468,824900,0.73994,0.75,1,77649,77181,468
1521741,3.60906,4.89123,465,826360,0.691988,0.75,1,77652,77187,465
1524021,2.32181,0.978246,467,827820,0.762398,0.71,2,77654,77187,467
1526941,2.06436,2.59565,466,829280,0.74448,0.71,1,77656,77190,466
1529221,4.41287,0.51913,471,830740,0.748896,0.87,1,77661,77190,471
1532141,2.48257,8.90383,462,832200,0.725779,0.87,1,77663,77201,462
1535061,2.09651,1.78077,464,833660,0.753156,0.87,2,77665,77201,464
1537541,5.2193,0.356153,470,835120,0.702631,0.76,1,77671,77201,470
1540461,2.64386,7.27123,463,836580,0.772526,0.76,2,77673,77210,463
1543381,2.12877,1.45425,465,838040,0.754505,0.76,2,77675,77210,465
1546301,2.02575,0.290849,467,839500,0.718901,0.76,1,77677,77210,467
1548981,2.00515,0.0581698,469,840960,0.67978,0.86,1,77679,77210,469
1551901,2.00103,8.81163,460,842420,0.735956,0.86,1,77681,77221,460
1554821,2.00021,1.76233,462,843880,0.723191,0.86,1,77683,77221,462
1557741,2.00004,0.352465,464,845340,0.800638,0.86,2,77685,77221,464
1560661,2.00001,0.0704931,466,846800,0.784128,0.86,2,77687,77221,466
1563121,2,0.0140986,468,848260,0.756826,0.87,2,77689,77221,468
1566041,2,8.80282,459,849720,0.719365,0.87,1,77691,77232,459
1568961,2,1.76056,461,851180,0.679873,0.87,1,77693,77232,461
1571881,2,0.352113,463,852640,0.751975,0.87,2,77695,77232,463
1574801,2,0.0704225,465,854100,0.734395,0.87,1,77697,77232,465
1576641,1.2,0.0140845,466,855560,0.714879,0.74,1,77698,77232,466
1579561,1.84,5.60282,461,857020,0.678976,0.74,1,77700,77239,461
1581841,1.968,1.12056,463,858480,0.647795,0.85,1,77702,77239,463
1584761,3.5936,3.42411,463,859940,0.737559,0.85,1,77706,77243,463
1587041,3.11872,0.684822,466,861400,0.715512,0.89,1,77709,77243,466
1589961,3.02374,8.13696,459,862860,0.783102,0.89,2,77712,77253,459
1592881,2.20475,1.62739,461,864320,0.76462,0.89,2,77714,77253,461
1595801,2.04095,0.325479,463,865780,0.720924,0.89,1,77716,77253,463
1598721,2.00819,0.0650957,465,867240,0.680185,0.89,1,77718,77253,465
1601601,2.00164,0.0130191,467,868700,0.712037,0.76,1,77720,77253,467
1603681,13.2003,15.2026,464,870160,0.742407,0.84,1,77736,77272,464
1606601,129.04,134.241,458,871620,0.804481,0.84,2,77894,77436,458
1609521,27.408,26.8481,460,873080,0.776896,0.84,2,77896,77436,460
1612441,7.0816,5.36962,462,874540,0.739379,0.84,1,77898,77436,462
1614081,2.21632,1.07392,463,876000,0.715876,0.8,1,77899,77436,463
1617001,3.64326,12.2148,452,877460,0.799175,0.8,2,77903,77451,452
1619921,2.32865,2.44296,454,878920,0.791835,0.8,2,77905,77451,454
1622841,2.06573,0.488591,456,880380,0.758367,0.8,2,77907,77451,456
1624481,1.21315,0.0977183,457,881840,0.735673,0.88,1,77908,77451,457
1626561,22.6426,19.2195,461,883300,0.819135,0.74,2,77936,77475,461
1629481,124.529,123.844,461,884760,0.819827,0.74,2,78086,77625,461
1631761,27.3057,24.7688,464,886220,0.795965,0.8,2,78089,77625,464
1634681,9.46114,10.5538,462,887680,0.719193,0.8,1,78094,77632,462
1637601,3.49223,2.11075,464,889140,0.679839,0.8,1,78096,77632,464
1640501,7.89845,0.42215,473,890600,0.799968,0.73,2,78105,77632,473
1643421,3.17969,13.6844,458,892060,0.799994,0.73,2,78107,77649,458
1646341,2.23594,2.73689,460,893520,0.767999,0.73,2,78109,77649,460
1648821,7.64719,0.547377,469,894980,0.6976,0.75,1,78118,77649,469
1651741,3.12944,9.70948,459,896440,0.84352,0.75,2,78120,77661,459
1654661,2.22589,1.9419,461,897900,0.848704,0.75,2,78122,77661,461
1657581,2.04518,0.388379,463,899360,0.817741,0.75,2,78124,77661,463
1659221,1.20904,0.0776758,464,900820,0.795548,0.68,2,78125,77661,464
1662141,1.84181,6.41554,458,902280,0.79911,0.68,2,78127,77669,458
1665061,1.96836,1.28311,460,903740,0.815822,0.68,2,78129,77669,460
1667541,2.79367,0.256621,463,905200,0.779164,0.78,2,78132,77669,463
1670461,3.75873,4.05132,462,906660,0.731833,0.78,1,78136,77674,462
1672741,3.15175,0.810265,465,908120,0.674367,0.72,1,78139,77674,465
1675661,2.23035,7.36205,458,909580,0.630873,0.72,1,78141,77683,458
1678581,2.04607,1.47241,460,911040,0.798175,0.72,2,78143,77683,460
1681501,2.00921,0.294482,462,912500,0.807635,0.72,2,78145,77683,462
1684181,2.00184,0.0588964,464,913960,0.777527,0.67,2,78147,77683,464
1687101,2.00037,8.01178,456,915420,0.731505,0.67,1,78149,77693,456
1690021,2.00007,1.60236,458,916880,0.762301,0.67,2,78151,77693,458
1692941,2.00001,0.320471,460,918340,0.79246,0.67,2,78153,77693,460
1695861,2,0.0640942,462,919800,0.782492,0.67,2,78155,77693,462
1697701,1.2,0.0128188,463,921260,0.756498,0.69,2,78156,77693,463
1700621,1.84,4.80256,459,922720,0.7193,0.69,1,78158,77699,459
1703541,1.968,0.960513,461,924180,0.67986,0.69,1,78160,77699,461
1706461,1.9936,0.192103,463,925640,0.783972,0.69,2,78162,77699,463
1709141,1.99872,0.0384205,465,927100,0.772794,0.73,2,78164,77699,465
1712061,1.99974,7.20768,458,928560,0.730559,0.73,1,78166,77708,458
1714961,1.99995,1.44154,460,930020,0.682112,0.82,1,78168,77708,460
1717881,1.99999,2.68831,459,931480,0.640422,0.82,1,78170,77711,459
1719541,4.4,0.537661,464,932940,0.768084,0.71,2,78175,77711,464
1722461,2.48,4.10753,461,934400,0.761617,0.71,2,78177,77716,461
1724741,2.096,0.821506,463,935860,0.728323,0.75,1,78179,77716,463
1727661,2.0192,7.3643,456,937320,0.689665,0.75,1,78181,77725,456
1730581,2.00384,1.47286,458,938780,0.649933,0.75,1,78183,77725,458
1732641,2.00077,0.294572,460,940240,0.753987,0.78,2,78185,77725,460
1734721,14.0002,16.8589,456,941700,0.750797,0.82,2,78202,77746,456
1737641,130.8,128.972,459,943160,0.774159,0.82,2,78362,77903,459
1740561,27.76,25.7944,461,944620,0.746832,0.82,1,78364,77903,461
1743481,7.152,5.15887,463,946080,0.717366,0.82,1,78366,77903,463
1745121,2.2304,1.03177,464,947540,0.695473,0.67,1,78367,77903,464
1748041,2.04608,6.60635,458,949000,0.755095,0.67,2,78369,77911,458
1750961,2.00922,1.32127,460,950460,0.735019,0.67,1,78371,77911,460
1753881,2.00184,0.264254,462,951920,0.707004,0.67,1,78373,77911,462
1755521,1.20037,0.0528508,463,953380,0.685401,0.9,1,78374,77911,463
1757601,21.8401,23.2106,461,954840,0.77708,0.79,2,78401,77940,461
1759681,125.968,123.842,464,956300,0.803416,0.81,2,78553,78089,464
1762601,29.9936,35.1684,457,957760,0.808683,0.81,2,78559,78102,457
1765521,7.59872,7.03368,459,959220,0.777737,0.81,2,78561,78102,459
1768001,3.11974,1.40674,461,960680,0.771547,0.76,2,78563,78102,461
1770921,3.82395,5.88135,458,962140,0.82631,0.76,2,78567,78109,458
1773841,3.96479,1.17627,462,963600,0.773262,0.76,2,78571,78109,462
1775701,3.99296,0.235254,466,965060,0.746652,0.75,1,78575,78109,466
1777361,1.59859,4.84705,461,966520,0.78133,0.79,2,78576,78115,461
1780281,6.71972,13.7694,453,967980,0.652266,0.79,1,78584,78131,453
1783201,2.94394,2.75388,455,969440,0.714453,0.79,1,78586,78131,455
1786121,2.18879,0.550776,457,970900,0.702891,0.79,1,78588,78131,457
1789041,2.03776,0.110155,459,972360,0.788578,0.79,2,78590,78131,459
1791961,2.00755,0.0220311,461,973820,0.773716,0.79,2,78592,78131,461
1794881,2.00151,0.00440621,463,975280,0.738743,0.79,1,78594,78131,463
1797541,2.0003,0.000881242,465,976740,0.691749,0.64,1,78596,78131,465
1800461,2.00006,7.20018,458,978200,0.77835,0.64,2,78598,78140,458
1803361,2.00001,1.44004,460,979660,0.78767,0.77,2,78600,78140,460
1806281,5.2,9.08801,455,981120,0.709534,0.77,1,78606,78151,455
1809201,2.64,1.8176,457,982580,0.813907,0.77,2,78608,78151,457
1812121,2.128,0.36352,459,984040,0.794781,0.77,2,78610,78151,459
1815041,2.0256,0.072704,461,985500,0.758956,0.77,2,78612,78151,461
1817921,2.00512,0.0145408,463,986960,0.727791,0.77,1,78614,78151,463
1820841,2.00102,10.4029,452,988420,0.689558,0.77,1,78616,78164,452
1823761,2.0002,2.08058,454,989880,0.657912,0.77,1,78618,78164,454
1826681,2.00004,0.416116,456,991340,0.739582,0.77,1,78620,78164,456
1829601,2.00001,0.0832233,458,992800,0.723916,0.77,1,78622,78164,458
1832521,2,0.0166447,460,994260,0.688783,0.77,1,78624,78164,460
1835441,2,0.00332893,462,995720,0.849757,0.77,2,78626,78164,462
1838101,3.6,0.000665786,466,997180,0.817951,0.82,2,78630,78164,466
1841021,2.32,8.00013,458,998640,0.85959,0.82,2,78632,78174,458
1843941,2.064,1.60003,460,1000100,0.835918,0.82,2,78634,78174,460
1846861,2.0128,0.320005,462,1001560,0.799184,0.82,2,78636,78174,462
1849541,2.00256,0.0640011,464,1003020,0.759837,0.76,2,78638,78174,464
1851621,2.00051,2.4128,463,1004480,0.807967,0.66,2,78640,78177,463
1854541,2.0001,4.48256,460,1005940,0.793593,0.66,2,78642,78182,460
1857461,2.00002,0.896512,462,1007400,0.758719,0.66,2,78644,78182,462
1859941,5.2,0.179302,468,1008860,0.679744,0.72,1,78650,78182,468
1862861,2.64,6.43586,462,1010320,0.639949,0.72,1,78652,78190,462
1865141,13.328,1.28717,478,1011780,0.75199,0.77,2,78668,78190,478
1867221,128.266,15.4574,616,1013240,0.742398,0.7,1,78825,78209,616
1870141,27.2531,134.291,454,1014700,0.70848,0.7,1,78827,78373,454
1873061,7.05062,26.8583,456,1016160,0.837696,0.7,2,78829,78373,456
1875981,3.01012,5.37166,458,1017620,0.831539,0.7,2,78831,78373,458
1878901,2.20202,1.07433,460,1019080,0.894308,0.7,2,78833,78373,460
1881361,2.0404,0.214866,462,1020540,0.874862,0.64,2,78835,78373,462
1884281,5.20808,5.64297,461,1022000,0.806972,0.64,2,78841,78380,461
1886561,2.64162,1.12859,463,1023460,0.881394,0.85,2,78843,78380,463
1888641,18.9283,25.0257,455,1024920,0.744279,0.77,1,78866,78411,455
1891561,127.786,125.005,460,1026380,0.732856,0.77,1,79021,78561,460
1894261,30.3571,25.001,466,1027840,0.778571,0.76,2,79027,78561,466
1897181,7.67143,15.4002,455,1029300,0.787714,0.76,2,79029,78574,455
1900101,3.13429,3.08004,457,1030760,0.757543,0.76,2,79031,78574,457
1903021,2.22686,0.616008,459,1032220,0.719509,0.76,1,79033,78574,459
1905701,8.44537,0.123202,469,1033680,0.687902,0.73,1,79043,78574,469
1908621,4.88907,9.62464,461,1035140,0.83358,0.73,2,79047,78586,461
1910481,2.57781,1.92493,463,1036600,0.830716,0.68,2,79049,78586,463
1913401,3.71556,8.38499,457,1038060,0.846143,0.68,2,79053,78596,457
1916321,2.34311,1.677,459,1039520,0.825229,0.68,2,79055,78596,459
1919241,2.06862,0.335399,461,1040980,0.789046,0.68,2,79057,78596,461
1922161,2.01372,0.0670799,463,1042440,0.813809,0.68,2,79059,78596,463
1925041,2.00274,0.013416,465,1043900,0.786762,0.84,2,79061,78596,465
1927961,2.00055,9.60268,455,1045360,0.749352,0.84,1,79063,78608,455
1930881,2.00011,1.92054,457,1046820,0.70987,0.84,1,79065,78608,457
1933801,2.00002,0.384107,459,1048280,0.789974,0.84,2,79067,78608,459
1936481,2,0.0768215,461,1049740,0.765995,0.7,2,79069,78608,461
1939401,5.2,5.61536,460,1051200,0.697199,0.7,1,79075,78615,460
1942321,2.64,1.12307,462,1052660,0.65144,0.7,1,79077,78615,462
1945241,2.128,0.224615,464,1054120,0.618288,0.7,1,79079,78615,464
1948161,2.0256,0.0449229,466,1055580,0.579658,0.7,1,79081,78615,466
1950421,2.00512,0.00898458,468,1057040,0.803932,0.74,2,79083,78615,468
1953341,2.00102,4.8018,464,1058500,0.872786,0.74,2,79085,78621,464
1956261,2.0002,0.960359,466,1059960,0.862557,0.74,2,79087,78621,466
1958741,2.00004,0.192072,468,1061420,0.828511,0.83,2,79089,78621,468
1961661,2.00001,6.43841,462,1062880,0.845702,0.83,2,79091,78629,462
1964581,2,1.28768,464,1064340,0.80914,0.83,2,79093,78629,464
1967061,3.6,0.257537,468,1065800,0.729828,0.79,1,79097,78629,468
1969981,2.32,10.4515,457,1067260,0.681966,0.79,1,79099,78642,457
1972901,2.064,2.0903,459,1068720,0.648393,0.79,1,79101,78642,459
1975821,2.0128,0.41806,461,1070180,0.793679,0.79,2,79103,78642,461
1978741,2.00256,0.083612,463,1071640,0.790736,0.79,2,79105,78642,463
1981661,2.00051,0.0167224,465,1073100,0.758147,0.79,2,79107,78642,465
1983701,5.2001,0.00334448,471,1074560,0.743629,0.82,1,79113,78642,471
1986621,2.64002,9.60067,461,1076020,0.732726,0.82,1,79115,78654,461
1989541,2.128,1.92013,463,1077480,0.698545,0.82,1,79117,78654,463
1992461,2.0256,0.384027,465,1078940,0.779709,0.82,2,79119,78654,465
1995141,13.2051,0.0768053,481,1080400,0.747942,0.76,1,79135,78654,481
1997221,129.041,18.4154,616,1081860,0.709588,0.92,1,79293,78677,616
2000141,27.4082,127.683,463,1083320,0.669918,0.92,1,79295,78832,463
2003061,7.08164,25.5366,465,1084780,0.685983,0.92,1,79297,78832,465
2005981,3.01633,5.10732,467,1086240,0.657197,0.92,1,79299,78832,467
2007621,1.40327,1.02146,468,1087700,0.795439,0.87,2,79300,78832,468
2009281,1.08065,2.60429,466,1089160,0.807088,0.89,2,79301,78835,466
2012201,5.81613,9.32086,462,1090620,0.697418,0.89,1,79308,78846,462
2015121,2.76323,1.86417,464,1092080,0.715484,0.89,1,79310,78846,464
2017601,2.15265,0.372834,466,1093540,0.815097,0.92,2,79312,78846,466
2019681,21.2305,24.0746,462,1095000,0.859019,0.82,2,79338,78876,462
2022601,127.446,132.815,456,1096460,0.899804,0.82,2,79492,79036,456
2025521,28.6892,26.563,460,1097920,0.875961,0.82,2,79496,79036,460
2028441,7.33784,5.3126,462,1099380,0.839192,0.82,2,79498,79036,462
2031361,3.06757,1.06252,464,1100840,0.799838,0.82,2,79500,79036,464
2033201,1.41351,0.212504,465,1102300,0.775968,0.82,2,79501,79036,465
2036121,9.0827,15.2425,457,1103760,0.867194,0.82,2,79512,79055,457
2039041,3.41654,3.0485,459,1105220,0.853439,0.82,2,79514,79055,459
2041961,2.28331,0.6097,461,1106680,0.810688,0.82,2,79516,79055,461
2043601,1.25666,0.12194,462,1108140,0.842138,0.74,2,79517,79055,462
2046521,3.45133,13.6244,449,1109600,0.912428,0.74,2,79521,79072,449
2049441,2.29027,2.72488,451,1111060,0.902485,0.74,2,79523,79072,451
2052361,2.05805,0.544975,453,1112520,0.908497,0.74,2,79525,79072,453
2055281,2.01161,0.108995,455,1113980,0.877699,0.74,2,79527,79072,455
2058201,2.00232,0.021799,457,1115440,0.83954,0.74,2,79529,79072,457
2061121,2.00046,0.0043598,459,1116900,0.799908,0.74,2,79531,79072,459
2064041,2.00009,0.000871961,461,1118360,0.759982,0.74,2,79533,79072,461
2066961,2.00002,0.000174392,463,1119820,0.703996,0.74,1,79535,79072,463
2068981,4.4,3.48784e-05,468,1121280,0.796799,0.61,2,79540,79072,468
2071901,2.48,5.60001,463,1122740,0.80736,0.61,2,79542,79079,463
2074181,2.096,1.12,465,1124200,0.897472,0.85,2,79544,79079,465
2077101,2.0192,9.824,455,1125660,0.883494,0.85,2,79546,79091,455
2080021,2.00384,1.9648,457,1127120,0.848699,0.85,2,79548,79091,457
2082941,2.00077,0.39296,459,1128580,0.81774,0.85,2,79550,79091,459
2085861,2.00015,0.078592,461,1130040,0.779548,0.85,2,79552,79091,461
2088781,2.00003,0.0157184,463,1131500,0.82791,0.85,2,79554,79091,463
2090821,2.00001,0.00314368,465,1132960,0.797582,0.67,2,79556,79091,465
2093741,2,6.40063,459,1134420,0.823516,0.67,2,79558,79099,459
2096661,2,1.28013,461,1135880,0.796703,0.67,2,79560,79099,461
2099141,3.6,0.256025,465,1137340,0.919341,0.75,2,79564,79099,465
2102061,2.32,6.45121,459,1138800,0.911868,0.75,2,79566,79107,459
2104981,2.064,1.29024,461,1140260,0.878374,0.75,2,79568,79107,461
2107901,2.0128,0.258048,463,1141720,0.831675,0.75,2,79570,79107,463
2110581,5.20256,0.0516096,469,1143180,0.718335,0.73,1,79576,79107,469
2113501,2.64051,6.41032,463,1144640,0.663667,0.73,1,79578,79115,463
2115781,2.1281,1.28206,465,1146100,0.804733,0.72,2,79580,79115,465
2118701,2.02562,6.65641,459,1147560,0.832947,0.72,2,79582,79123,459
2121621,2.00512,1.33128,461,1149020,0.814589,0.72,2,79584,79123,461
2124101,18.801,0.266256,484,1150480,0.818918,0.63,2,79607,79123,484
2125761,4.5602,20.0533,460,1151940,0.803784,0.83,2,79608,79148,460
2128681,122.512,125.611,460,1153400,0.680757,0.83,1,79760,79300,460
2131601,26.1024,25.1221,462,1154860,0.696151,0.83,1,79762,79300,462
2134521,6.82048,5.02443,464,1156320,0.65923,0.83,1,79764,79300,464
2136161,2.1641,1.00489,465,1157780,0.787846,0.69,2,79765,79300,465
2139081,5.23282,5.80098,464,1159240,0.741569,0.69,1,79771,79307,464
2141781,2.64656,1.1602,466,1160700,0.700314,0.83,1,79773,79307,466
2144701,2.12931,7.43204,459,1162160,0.668063,0.83,1,79775,79316,459
2147621,2.02586,1.48641,461,1163620,0.669613,0.83,1,79777,79316,461
2150101,22.8052,0.297282,489,1165080,0.613922,0.81,1,79805,79316,489
2152181,129.361,24.8595,614,1166540,0.714784,0.81,1,79961,79347,614
2155101,28.2722,126.572,465,1168000,0.726957,0.81,1,79964,79499,465
2158021,7.25444,25.3144,467,1169460,0.697391,0.81,1,79966,79499,467
2160501,3.05089,5.06287,469,1170920,0.667478,0.85,1,79968,79499,469
2163421,2.21018,6.61257,464,1172380,0.629496,0.85,1,79970,79506,464
2165701,9.24204,1.32251,475,1173840,0.669899,0.91,1,79981,79506,475
2168621,3.44841,15.4645,458,1175300,0.73398,0.91,1,79983,79525,458
2171541,2.28968,3.0929,460,1176760,0.714796,0.91,1,79985,79525,460
2174461,2.05794,0.61858,462,1178220,0.742959,0.91,1,79987,79525,462
2177381,2.01159,0.123716,464,1179680,0.716592,0.91,1,79989,79525,464
2179841,2.00232,0.0247432,466,1181140,0.775318,0.75,2,79991,79525,466
2182761,3.60046,6.40495,462,1182600,0.723064,0.75,1,79995,79533,462
2185681,2.32009,1.28099,464,1184060,0.680613,0.75,1,79997,79533,464
2188601,2.06402,0.256198,466,1185520,0.648123,0.75,1,79999,79533,466
2191281,2.0128,0.0512396,468,1186980,0.753624,0.81,2,80001,79533,468
2194201,2.00256,7.21025,461,1188440,0.766725,0.81,2,80003,79542,461
2197121,2.00051,1.44205,463,1189900,0.737345,0.81,1,80005,79542,463
2199601,2.0001,0.28841,465,1191360,0.699469,0.87,1,80007,79542,465
2202521,5.20002,8.85768,460,1192820,0.675894,0.87,1,80013,79553,460
2205441,2.64,1.77154,462,1194280,0.663179,0.87,1,80015,79553,462
2208361,2.128,0.354307,464,1195740,0.756636,0.87,2,80017,79553,464
2211281,2.0256,0.0708614,466,1197200,0.743327,0.87,1,80019,79553,466
2214201,2.00512,0.0141723,468,1198660,0.708665,0.87,1,80021,79553,468
2216241,2.00102,0.00283446,470,1200120,0.677733,0.87,1,80023,79553,470
2219161,2.0002,12.0006,457,1201580,0.695547,0.87,1,80025,79568,457
2222081,2.00004,2.40011,459,1203040,0.659109,0.87,1,80027,79568,459
2225001,2.00001,0.480023,461,1204500,0.619822,0.87,1,80029,79568,461
2227921,2,0.0960045,463,1205960,0.579964,0.87,1,80031,79568,463
2230841,2,0.0192009,465,1207420,0.747993,0.87,1,80033,79568,465
2232881,2,0.00384018,467,1208880,0.749599,0.84,1,80035,79568,467
2235801,6.8,11.2008,461,1210340,0.61392,0.84,1,80043,79582,461
2238721,2.96,2.24015,463,1211800,0.746784,0.84,1,80045,79582,463
2241641,2.192,0.448031,465,1213260,0.741357,0.84,1,80047,79582,465
2244561,2.0384,0.0896061,467,1214720,0.708271,0.84,1,80049,79582,467
2246401,1.20768,0.0179212,468,1216180,0.733654,0.75,1,80050,79582,468
2249321,1.84154,4.00358,465,1217640,0.762731,0.75,2,80052,79587,465
2252241,1.96831,0.800717,467,1219100,0.736546,0.75,1,80054,79587,467
2254101,17.1937,0.160143,488,1220560,0.707309,0.74,1,80075,79587,488
2256801,5.03873,22.432,462,1222020,0.669462,0.69,1,80077,79615,462
2259721,117.808,130.886,450,1223480,0.709892,0.69,1,80223,79773,450
2262641,25.1615,26.1773,452,1224940,0.693978,0.69,1,80225,79773,452
2265561,6.63231,5.23546,454,1226400,0.658796,0.69,1,80227,79773,454
2268481,2.92646,1.04709,456,1227860,0.675759,0.69,1,80229,79773,456
2270741,5.38529,0.209418,462,1229320,0.791152,0.58,2,80235,79773,462
2273661,2.67706,7.24188,455,1230780,0.79023,0.58,2,80237,79782,455
2276581,2.13541,1.44838,457,1232240,0.758046,0.58,2,80239,79782,457
2278641,2.02708,0.289675,459,1233700,0.719609,0.76,1,80241,79782,459
2280721,20.4054,20.8579,458,1235160,0.719922,0.71,1,80266,79808,458
2283641,130.481,129.772,459,1236620,0.775984,0.71,2,80424,79965,459
2285921,27.6962,25.9543,461,1238080,0.811197,0.77,2,80426,79965,461
2288841,7.13924,10.7909,456,1239540,0.794239,0.77,2,80428,79972,456
2291761,3.02785,2.15817,458,1241000,0.798848,0.77,2,80430,79972,458
2294241,2.20557,0.431634,460,1242460,0.76777,0.81,2,80432,79972,460
2297161,10.0411,14.4863,454,1243920,0.689554,0.81,1,80444,79990,454
2300081,3.60822,2.89727,456,1245380,0.793911,0.81,2,80446,79990,456
2303001,2.32164,0.579453,458,1246840,0.790782,0.81,2,80448,79990,458
2305921,2.06433,0.115891,460,1248300,0.758156,0.81,2,80450,79990,460
2307761,1.21287,0.0231781,461,1249760,0.735631,0.67,1,80451,79990,461
2310681,3.44257,5.60464,458,1251220,0.811126,0.67,2,80455,79997,458
2312961,2.28851,1.12093,460,1252680,0.794225,0.73,2,80457,79997,460
2315881,3.6577,6.62419,456,1254140,0.734845,0.73,1,80461,80005,456
2318801,2.33154,1.32484,458,1255600,0.730969,0.73,1,80463,80005,458
2321721,2.06631,0.264967,460,1257060,0.698194,0.73,1,80465,80005,460
2324401,2.01326,0.0529935,462,1258520,0.667639,0.7,1,80467,80005,462
2349381,2,0,455,1271660,0.98,0.79,2,80488,80033,455
2352301,2,0,457,1273120,0.94,0.79,2,80490,80033,457
2355221,2,0,459,1274580,0.9,0.79,2,80492,80033,459
2358141,2,0,461,1276040,0.916,0.79,2,80494,80033,461
2360181,4.4,0,466,1277500,0.9832,0.65,2,80499,80033,466
2363101,2.48,5.6,461,1278960,0.98864,0.65,2,80501,80040,461
2365381,3.696,1.12,465,1280420,0.925728,0.77,2,80505,80040,465
2368301,2.3392,9.824,455,1281880,0.881146,0.77,2,80507,80052,455
2371221,2.06784,1.9648,457,1283340,0.840229,0.77,2,80509,80052,457
2374141,2.01357,0.39296,459,1284800,0.952046,0.77,2,80511,80052,459
2377061,2.00271,0.078592,461,1286260,0.942409,0.77,2,80513,80052,461
2378901,4.40054,0.0157184,466,1287720,0.900482,0.65,2,80518,80052,466
2381821,2.48011,7.20314,459,1289180,0.868096,0.65,2,80520,80061,459
2384101,16.496,1.44063,479,1290640,0.909619,0.75,2,80540,80061,479
2387021,4.8992,17.0881,460,1292100,0.893924,0.75,2,80542,80082,460
2389301,120.18,3.41763,609,1293560,0.890785,0.84,2,80691,80082,609
2392221,26.436,122.284,460,1295020,0.890157,0.84,2,80694,80234,460
2395141,6.88719,24.4567,462,1296480,0.842031,0.84,2,80696,80234,462
2398061,2.97744,4.89134,464,1297940,0.968406,0.84,2,80698,80234,464
2400741,2.19549,0.978268,466,1299400,0.961681,0.69,2,80700,80234,466
2403661,2.0391,6.59565,460,1300860,0.928336,0.69,2,80702,80242,460
2406581,2.00782,1.31913,462,1302320,0.889667,0.69,2,80704,80242,462
2409501,2.00156,0.263826,464,1303780,0.817933,0.69,2,80706,80242,464
2411141,24.4003,0.0527652,494,1305240,0.867587,0.79,2,80736,80242,494
2413221,128.88,25.6106,617,1306700,0.973517,0.72,2,80891,80274,617
2416141,27.376,133.122,459,1308160,0.962703,0.72,2,80893,80434,459
2429661,4,23,458,1315460,0.72,0.79,1,80915,80457,458
2432581,4,4.6,462,1316920,0.8,0.79,2,80919,80457,462
2435501,4,0.92,466,1318380,0.768,0.79,2,80923,80457,466
2438421,4,0.184,470,1319840,0.9216,0.79,2,80927,80457,470
2500401,2,0,471,1351960,1,0.99,2,80986,80515,471
2503321,2,0,473,1353420,0.936,0.99,2,80988,80515,473
2506241,2,0,475,1354880,0.9072,0.99,2,80990,80515,475
2519301,140,0,612,1362180,0.97,0.92,2,81166,80554,612
2522221,29.6,118.4,466,1363640,0.946,0.92,2,81168,80702,466
2525141,7.52,23.68,468,1365100,0.9092,0.92,2,81170,80702,468
3110441,24,42,464,40660,0,0.01,1,83533,83069,464
3124181,152,310,463,62282,0.05,1,1,84306,83843,463
3127101,32,62,465,62316,0.05,1,1,84308,83843,465
3130021,8,12.4,467,62350,0.05,1,1,84310,83843,467
3132941,3.2,2.48,469,62384,0.066,1,1,84312,83843,469
3135861,2.24,0.496,471,62418,0.0852,1,1,84314,83843,471
3138781,2.048,0.0992,473,62452,0.05704,1,1,84316,83843,473
3141701,2.0096,0.01984,475,62486,0.051408,1,1,84318,83843,475
3144621,2.00192,0.003968,477,62520,0.0502816,1,1,84320,83843,477
3147541,2.00038,0.0007936,479,62554,0.0500563,1,1,84322,83843,479
3150461,2.00008,0.00015872,481,62588,0.0500113,1,1,84324,83843,481
3153381,2.00002,3.1744e-05,483,62622,0.0500023,1,1,84326,83843,483
3156301,2,6.3488e-06,485,62656,0.0500004,1,1,84328,83843,485
3159221,2,1.26976e-06,487,62690,0.0500001,1,1,84330,83843,487
3162141,2,2.53952e-07,489,62724,0.05,1,1,84332,83843,489
3165061,2,5.07904e-08,491,62757,0.05,1,1,84334,83843,491
3167981,2,1.01581e-08,493,62790,0.05,1,1,84336,83843,493
3170901,2,2.03161e-09,495,62823,0.05,1,1,84338,83843,495
3173821,2,4.06323e-10,497,62856,0.05,1,1,84340,83843,497
3176741,2,8.12646e-11,499,62889,0.05,1,1,84342,83843,499
3179661,33.2,1.62529e-11,540,62922,0.066,0.81,1,84383,83843,540
3182581,161.04,69.6,646,62955,0.0132,0.05,1,84576,83930,646
3185501,155.408,314.72,424,62988,0.04264,0.05,1,84730,84306,424
3188421,32.6816,64.544,424,63021,0.048528,0.05,1,84732,84308,424
3191341,8.13632,14.5088,424,63054,0.0497056,0.07,1,84734,84310,424
3194261,3.22726,4.50176,424,63087,0.0499411,0.09,1,84736,84312,424
3197181,2.24545,2.50035,424,63120,0.0499882,0.05,1,84738,84314,424
3200101,2.04909,2.10007,424,63153,0.0179976,0.05,1,84740,84316,424
3203021,2.00982,2.02001,424,63186,0.0115995,0.05,1,84742,84318,424
3205941,2.00196,2.004,424,63219,0.0103199,0.05,1,84744,84320,424
3208861,2.00039,2.0008,424,63252,0.010064,0.05,1,84746,84322,424
3211781,2.00008,2.00016,424,63285,0.0100128,0.05,1,84748,84324,424
3214701,2.00002,2.00003,424,63318,0.0100026,0.05,1,84750,84326,424
3217621,2,2.00001,424,63351,0.0100005,0.05,1,84752,84328,424
3220541,2,2,424,63384,0.0100001,0.05,1,84754,84330,424
3223461,2,2,424,63417,0.01,0.05,1,84756,84332,424
3226381,2,2,424,63450,0.01,0.05,1,84758,84334,424
3229301,2,0.4,426,63483,0.01,0.05,1,84760,84334,426
3232221,2,1.68,426,63516,0.01,0.05,1,84762,84336,426
3235141,2,1.936,426,63549,0.01,0.05,1,84764,84338,426
3238061,2,1.9872,426,63582,0.01,0.05,1,84766,84340,426
3240981,33.2,1.99744,465,63615,0.026,0.07,1,84807,84342,465
3243901,158.64,33.1995,614,63648,0.0052,0,1,84997,84383,614
3246821,154.928,161.04,575,63681,0.05704,0.05,1,85151,84576,575
3249741,32.5856,155.408,423,63714,0.067408,0.05,1,85153,84730,423
3252661,8.11712,32.6816,423,63747,0.0694816,0.05,1,85155,84732,423
3255581,3.22342,8.13632,423,63780,0.0698963,0.05,1,85157,84734,423
3258501,2.24468,3.22726,423,63813,0.0699793,0.05,1,85159,84736,423
3261421,2.04894,2.24545,423,63846,0.0699959,0.01,1,85161,84738,423
3264341,2.00979,2.04909,423,63879,0.0699992,0.01,1,85163,84740,423
3267261,2.00196,2.00982,423,63912,0.0699998,0.01,1,85165,84742,423
3270181,2.00039,2.00196,423,63945,0.07,0.01,1,85167,84744,423
3273101,2.00008,2.00039,423,63978,0.07,0.01,1,85169,84746,423
3276021,2.00002,2.00008,423,64011,0.07,0.01,1,85171,84748,423
3278941,2,2.00002,423,64044,0.07,0.01,1,85173,84750,423
3281861,2,2,423,64077,0.07,0.01,1,85175,84752,423
3284781,2,2,423,64110,0.07,0.01,1,85177,84754,423
3287701,2,2,423,64143,0.07,0.01,1,85179,84756,423
3290621,2,2,423,64176,0.07,0.01,1,85181,84758,423
3293541,2,2,423,64209,0.07,0.01,1,85183,84760,423
3296461,2,2,423,64242,0.07,0.01,1,85185,84762,423
3299381,2,2,423,64275,0.07,0.01,1,85187,84764,423
3302301,34,2,463,64308,0.102,0.03,1,85229,84766,463
3305221,158,33.2,611,64341,0.0204,0,1,85418,84807,611
3308141,157.2,158.64,578,64374,0.04408,0.07,1,85575,84997,578
3311061,33.04,154.928,426,64407,0.048816,0.07,1,85577,85151,426
3313981,8.208,32.5856,426,64440,0.0497632,0.07,1,85579,85153,426
3316901,3.2416,8.11712,426,64473,0.0499526,0.07,1,85581,85155,426
3319821,2.24832,3.22342,426,64506,0.0499905,0.07,1,85583,85157,426
3322741,2.04966,2.24468,426,64539,0.0499981,0.07,1,85585,85159,426
3325661,2.00993,2.04894,426,64572,0.0499996,0.07,1,85587,85161,426
3328581,2.00199,2.00979,426,64605,0.0499999,0.07,1,85589,85163,426
3331501,2.0004,2.00196,426,64637,0.05,0.07,1,85591,85165,426
3334421,2.00008,2.00039,426,64669,0.05,0.07,1,85593,85167,426
3337341,2.00002,2.00008,426,64701,0.05,0.07,1,85595,85169,426
3340261,2,2.00002,426,64733,0.05,0.07,1,85597,85171,426
3343181,2,2,426,64765,0.05,0.07,1,85599,85173,426
3346101,2,2,426,64797,0.05,0.07,1,85601,85175,426
3349021,2,2,426,64829,0.05,0.07,1,85603,85177,426
3351941,2,2,426,64861,0.05,0.07,1,85605,85179,426
3354861,2,2,426,64893,0.05,0.07,1,85607,85181,426
3357781,2,2,426,64925,0.05,0.07,1,85609,85183,426
3360701,2,2,426,64957,0.05,0.07,1,85611,85185,426
3363621,2,2,426,64989,0.05,0.11,1,85613,85187,426
3366541,34.8,34,427,65021,0.066,0,1,85656,85229,427
3369461,154.96,158,423,65053,0.0132,0.05,1,85841,85418,423
3372381,157.392,157.2,424,65085,0.02664,0.05,1,85999,85575,424
3375301,33.0784,33.04,424,65117,0.029328,0.05,1,86001,85577,424
3378221,8.21568,8.208,424,65149,0.0298656,0.05,1,86003,85579,424
3381141,3.24314,3.2416,424,65181,0.0299731,0.05,1,86005,85581,424
3384061,2.24863,2.24832,424,65213,0.0299946,0.05,1,86007,85583,424
3386981,2.04973,2.04966,424,65245,0.0299989,0.05,1,86009,85585,424
3389901,2.00995,2.00993,424,65277,0.0299998,0.05,1,86011,85587,424
3392821,2.00199,2.00199,424,65309,0.03,0.05,1,86013,85589,424
3395741,2.0004,2.0004,424,65341,0.03,0.05,1,86015,85591,424
3398661,2.00008,2.00008,424,65373,0.03,0.05,1,86017,85593,424
3401581,2.00002,2.00002,424,65405,0.03,0.05,1,86019,85595,424
3404501,2,2,424,65437,0.03,0.05,1,86021,85597,424
3407421,2,2,424,65469,0.03,0.05,1,86023,85599,424
3410341,2,2,424,65501,0.03,0.05,1,86025,85601,424
3413261,2,2,424,65533,0.03,0.05,1,86027,85603,424
3416181,2,2,424,65565,0.03,0.05,1,86029,85605,424
3419101,2,2,424,65597,0.03,0.05,1,86031,85607,424
3422021,2,2,424,65629,0.03,0.05,1,86033,85609,424
3424941,2,2,424,65661,0.03,0.05,1,86035,85611,424
3427861,2,2,424,65693,0.03,0.07,1,86037,85613,424
3430781,34,34.8,423,65725,0.094,0,1,86079,85656,423
3433701,154,154.96,422,65757,0.0188,0.03,1,86263,85841,422
3436621,158,157.392,423,65789,0.01176,0.03,1,86422,85999,423
3439541,33.2,33.0784,423,65821,0.010352,0.03,1,86424,86001,423
3442461,8.24,8.21568,423,65853,0.0100704,0.03,1,86426,86003,423
3445381,3.248,3.24314,423,65885,0.0100141,0.03,1,86428,86005,423
3448301,2.2496,2.24863,423,65917,0.0100028,0.03,1,86430,86007,423
3451221,2.04992,2.04973,423,65949,0.0100006,0.03,1,86432,86009,423
3454141,2.00998,2.00995,423,65981,0.0100001,0.03,1,86434,86011,423
3457061,2.002,2.00199,423,66013,0.01,0.03,1,86436,86013,423
3459981,2.0004,2.0004,423,66045,0.01,0.03,1,86438,86015,423
3462901,2.00008,2.00008,423,66077,0.01,0.03,1,86440,86017,423
3465821,2.00002,2.00002,423,66109,0.01,0.03,1,86442,86019,423
3468741,2,2,423,66141,0.01,0.03,1,86444,86021,423
3471661,2,2,423,66173,0.01,0.03,1,86446,86023,423
3474581,2,2,423,66205,0.01,0.03,1,86448,86025,423
3477501,2,2,423,66237,0.01,0.03,1,86450,86027,423
3480421,2,2,423,66269,0.01,0.03,1,86452,86029,423
3483341,2,2,423,66301,0.01,0.03,1,86454,86031,423
3486261,2,2,423,66333,0.01,0.03,1,86456,86033,423
3489181,2,2,423,66365,0.01,0.03,1,86458,86035,423
3492101,2,2,423,66397,0.01,0.03,1,86460,86037,423
3495021,34.8,0.4,466,66429,0.026,0.11,1,86503,86037,466
3497941,151.76,33.68,605,66461,0.0052,0,1,86684,86079,605
3500861,157.552,153.936,580,66493,0.04104,0.01,1,86843,86263,580
3503781,33.1104,157.987,423,66525,0.048208,0.01,1,86845,86422,423
3506701,8.22208,33.1974,423,66557,0.0496416,0.01,1,86847,86424,423
3509621,3.24442,8.23949,423,66589,0.0499283,0.01,1,86849,86426,423
3512541,2.24888,3.2479,423,66621,0.0499857,0.01,1,86851,86428,423
3515461,2.04978,2.24958,423,66652,0.0499971,0.01,1,86853,86430,423
3518381,2.00996,2.04992,423,66683,0.0499994,0.01,1,86855,86432,423
3521301,2.00199,2.00998,423,66714,0.0499999,0.01,1,86857,86434,423
3524221,2.0004,2.002,423,66745,0.05,0.01,1,86859,86436,423
3527141,2.00008,2.0004,423,66776,0.05,0.01,1,86861,86438,423
3530061,2.00002,2.00008,423,66807,0.05,0.01,1,86863,86440,423
3532981,2,2.00002,423,66838,0.05,0.01,1,86865,86442,423
3535901,2,2,423,66869,0.05,0.01,1,86867,86444,423
3538821,2,2,423,66900,0.05,0.01,1,86869,86446,423
3541741,2,2,423,66931,0.05,0.01,1,86871,86448,423
3544661,2,2,423,66962,0.05,0.01,1,86873,86450,423
3547581,2,2,423,66993,0.05,0.01,1,86875,86452,423
3550501,2,2,423,67024,0.05,0.01,1,86877,86454,423
3553421,2,2,423,67055,0.05,0.01,1,86879,86456,423
3556341,2,2,423,67086,0.05,0.01,1,86881,86458,423
3559261,35.6,2,465,67117,0.066,0.03,1,86925,86460,465
3562181,151.12,34.8,602,67148,0.0132,0,1,87105,86503,602
3565101,159.024,151.76,582,67179,0.05864,0.05,1,87266,86684,582
3568021,33.4048,157.552,425,67210,0.067728,0.05,1,87268,86843,425
3570941,8.28096,33.1104,425,67241,0.0695456,0.05,1,87270,86845,425
3573861,3.25619,8.22208,425,67272,0.0699091,0.05,1,87272,86847,425
3576781,2.25124,3.24442,425,67303,0.0699818,0.05,1,87274,86849,425
3579701,2.05025,2.24888,425,67334,0.0699964,0.05,1,87276,86851,425
3582621,2.01005,2.04978,425,67365,0.0699993,0.05,1,87278,86853,425
3585541,2.00201,2.00996,425,67396,0.0699999,0.05,1,87280,86855,425
3588461,2.0004,2.00199,425,67427,0.07,0.05,1,87282,86857,425
3591381,2.00008,2.0004,425,67458,0.07,0.05,1,87284,86859,425
3594301,2.00002,2.00008,425,67489,0.07,0.05,1,87286,86861,425
3597221,2,2.00002,425,67520,0.07,0.05,1,87288,86863,425
3600141,2,2,425,67551,0.07,0.05,1,87290,86865,425
3603061,2,2,425,67582,0.07,0.05,1,87292,86867,425
3605981,2,2,425,67613,0.07,0.05,1,87294,86869,425
3608901,2,2,425,67644,0.07,0.05,1,87296,86871,425
3611821,2,2,425,67675,0.07,0.05,1,87298,86873,425
3614741,2,2,425,67706,0.07,0.05,1,87300,86875,425
3617661,2,2,425,67737,0.07,0.05,1,87302,86877,425
3620581,2,2,425,67768,0.07,0.05,1,87304,86879,425
3623501,36.4,2,468,67799,0.054,0.07,1,87349,86881,468
3626421,148.88,35.6,601,67830,0.0108,0,1,87526,86925,601
3629341,31.376,151.12,423,67861,0.00216,0.07,1,87528,87105,423
3632261,136.675,159.024,425,67892,0.088432,0.07,1,87691,87266,425
3635181,28.935,33.4048,425,67923,0.105686,0.07,1,87693,87268,425
3638101,7.38701,8.28096,425,67954,0.109137,0.07,1,87695,87270,425
3641021,3.0774,3.25619,425,67985,0.109827,0.07,1,87697,87272,425
3643941,2.21548,2.25124,425,68016,0.109965,0.07,1,87699,87274,425
3646861,2.0431,2.05025,425,68047,0.109993,0.07,1,87701,87276,425
3649781,2.00862,2.01005,425,68078,0.109999,0.07,1,87703,87278,425
3652701,2.00172,2.00201,425,68109,0.11,0.07,1,87705,87280,425
3655621,2.00034,2.0004,425,68140,0.11,0.07,1,87707,87282,425
3658541,2.00007,2.00008,425,68171,0.11,0.07,1,87709,87284,425
3661461,2.00001,2.00002,425,68202,0.11,0.07,1,87711,87286,425
3664381,2,2,425,68233,0.11,0.07,1,87713,87288,425
3667301,2,2,425,68264,0.11,0.07,1,87715,87290,425
3670221,2,2,425,68295,0.11,0.07,1,87717,87292,425
3673141,2,2,425,68326,0.11,0.07,1,87719,87294,425
3676061,2,2,425,68357,0.11,0.07,1,87721,87296,425
3678981,2,2,425,68388,0.11,0.07,1,87723,87298,425
3681901,2,2,425,68419,0.11,0.07,1,87725,87300,425
3684821,2,2,425,68450,0.11,0.07,1,87727,87302,425
3687741,2,2,425,68481,0.11,0.05,1,87729,87304,425
3690661,35.6,36.4,424,68512,0.158,0,1,87773,87349,424
3693581,147.92,148.88,423,68543,0.0316,0,1,87949,87526,423
3696501,31.184,31.376,423,68574,0.00632,0.11,1,87951,87528,423
3699421,139.837,136.675,427,68605,0.025264,0.11,1,88118,87691,427
3702341,29.5674,28.935,427,68636,0.0290528,0.11,1,88120,87693,427
3705261,7.51347,7.38701,427,68667,0.0298106,0.11,1,88122,87695,427
3708181,3.10269,3.0774,427,68698,0.0299621,0.11,1,88124,87697,427
3711101,2.22054,2.21548,427,68729,0.0299924,0.11,1,88126,87699,427
3714021,2.04411,2.0431,427,68760,0.0299985,0.11,1,88128,87701,427
3716941,2.00882,2.00862,427,68791,0.0459997,0.11,1,88130,87703,427
3719861,2.00176,2.00172,427,68821,0.0491999,0.11,1,88132,87705,427
3722781,2.00035,2.00034,427,68851,0.04984,0.11,1,88134,87707,427
3725701,2.00007,2.00007,427,68881,0.049968,0.11,1,88136,87709,427
3728621,2.00001,2.00001,427,68911,0.0499936,0.11,1,88138,87711,427
3731541,2,2,427,68941,0.0499987,0.11,1,88140,87713,427
3734461,2,2,427,68971,0.0499997,0.11,1,88142,87715,427
3737381,2,2,427,69001,0.0499999,0.11,1,88144,87717,427
3740301,2,2,427,69031,0.05,0.11,1,88146,87719,427
3743221,2,2,427,69061,0.05,0.11,1,88148,87721,427
3746141,2,2,427,69091,0.05,0.11,1,88150,87723,427
3749061,2,2,427,69121,0.05,0.11,1,88152,87725,427
3751981,2,2,427,69151,0.05,0.11,1,88154,87727,427
3754901,2,2,427,69181,0.05,0.17,1,88156,87729,427
3757821,36.4,35.6,428,69211,0.066,0,1,88201,87773,428
3760741,143.28,147.92,422,69241,0.0132,0,1,88371,87949,422
3763661,30.256,31.184,422,69271,0.00264,0.03,1,88373,87951,422
3766581,140.451,139.837,423,69301,0.040528,0.03,1,88541,88118,423
3769501,29.6902,27.9674,425,69331,0.0481056,0.03,1,88543,88118,425
3772421,7.53805,7.19347,425,69361,0.0496211,0.03,1,88545,88120,425
3775341,3.10761,3.03869,425,69391,0.0499242,0.03,1,88547,88122,425
3778261,2.22152,2.20774,425,69421,0.0499848,0.03,1,88549,88124,425
3781181,2.0443,2.04155,425,69451,0.017997,0.03,1,88551,88126,425
3784101,2.00886,2.00831,425,69481,0.0115994,0.05,1,88553,88128,425
3787021,2.00177,2.00166,425,69511,0.0103199,0.05,1,88555,88130,425
3789941,2.00035,2.00033,425,69541,0.010064,0.05,1,88557,88132,425
3792861,2.00007,2.00007,425,69571,0.0100128,0.05,1,88559,88134,425
3795781,2.00001,2.00001,425,69601,0.0100026,0.05,1,88561,88136,425
3798701,2,2,425,69631,0.0100005,0.05,1,88563,88138,425
3801621,2,2,425,69661,0.0100001,0.05,1,88565,88140,425
3804541,2,2,425,69691,0.01,0.05,1,88567,88142,425
3807461,2,2,425,69721,0.01,0.05,1,88569,88144,425
3810381,2,2,425,69751,0.01,0.05,1,88571,88146,425
3813301,2,2,425,69781,0.01,0.05,1,88573,88148,425
3816221,2,2,425,69811,0.01,0.05,1,88575,88150,425
3819141,2,2,425,69841,0.01,0.05,1,88577,88152,425
3822061,2,2,425,69871,0.01,0.05,1,88579,88154,425
3824981,37.2,2,469,69901,0.026,0.07,1,88625,88156,469
3827901,141.04,36.4,591,69931,0.0052,0,1,88792,88201,591
3830821,29.808,143.28,423,69961,0.00104,0,1,88794,88371,423
3833741,140.362,30.256,589,69991,0.056208,0.05,1,88962,88373,589
3836661,29.6723,140.451,423,70021,0.0672416,0.05,1,88964,88541,423
3839581,7.53446,29.6902,423,70051,0.0694483,0.05,1,88966,88543,423
3842501,3.10689,7.53805,423,70081,0.0698897,0.05,1,88968,88545,423
3845421,2.22138,3.10761,423,70111,0.0699779,0.05,1,88970,88547,423
3848341,2.04428,2.22152,423,70141,0.0699956,0.01,1,88972,88549,423
3851261,2.00886,2.0443,423,70171,0.0699991,0.01,1,88974,88551,423
3854181,2.00177,2.00886,423,70201,0.0699998,0.01,1,88976,88553,423
3857101,2.00035,2.00177,423,70231,0.086,0.01,1,88978,88555,423
3860021,2.00007,2.00035,423,70261,0.0892,0.01,1,88980,88557,423
3862941,2.00001,2.00007,423,70291,0.08984,0.01,1,88982,88559,423
3865861,2,2.00001,423,70321,0.089968,0.01,1,88984,88561,423
3868781,2,2,423,70351,0.0899936,0.01,1,88986,88563,423
3871701,2,2,423,70381,0.0899987,0.01,1,88988,88565,423
3874621,2,2,423,70411,0.0899997,0.01,1,88990,88567,423
3877541,2,2,423,70441,0.09,0.01,1,88992,88569,423
3880461,2,2,423,70471,0.09,0.01,1,88994,88571,423
3883381,2,2,423,70501,0.09,0.01,1,88996,88573,423
3886301,2,2,423,70531,0.09,0.01,1,88998,88575,423
3889221,2,2,423,70561,0.09,0.01,1,89000,88577,423
3892141,38,2,468,70591,0.074,0.03,1,89047,88579,468
3895061,140.4,37.2,588,70621,0.0148,0,1,89213,88625,588
3897981,29.68,141.04,423,70651,0.00296,0,1,89215,88792,423
3900901,142.736,29.808,592,70681,0.088592,0.07,1,89386,88794,592
3903821,30.1472,140.362,426,70711,0.105718,0.07,1,89388,88962,426
3906741,7.62944,29.6723,426,70741,0.109144,0.07,1,89390,88964,426
3909661,3.12589,7.53446,426,70771,0.109829,0.07,1,89392,88966,426
3912581,2.22518,3.10689,426,70801,0.109966,0.07,1,89394,88968,426
3915501,2.04504,2.22138,426,70831,0.109993,0.07,1,89396,88970,426
3918421,2.00901,2.04428,426,70861,0.109999,0.07,1,89398,88972,426
3921341,2.0018,2.00886,426,70891,0.11,0.07,1,89400,88974,426
3924261,2.00036,2.00177,426,70921,0.11,0.09,1,89402,88976,426
3927181,2.00007,2.00035,426,70951,0.11,0.09,1,89404,88978,426
3930101,2.00001,2.00007,426,70981,0.11,0.09,1,89406,88980,426
3933021,2,2.00001,426,71011,0.11,0.09,1,89408,88982,426
3935941,2,2,426,71041,0.11,0.09,1,89410,88984,426
3938861,2,2,426,71071,0.11,0.09,1,89412,88986,426
3941781,2,2,426,71100,0.11,0.09,1,89414,88988,426
3944701,2,2,426,71129,0.11,0.09,1,89416,88990,426
3947621,2,2,426,71158,0.11,0.09,1,89418,88992,426
3950541,2,2,426,71187,0.11,0.09,1,89420,88994,426
3953461,2,2,426,71216,0.11,0.09,1,89422,88996,426
3956381,2,2,426,71245,0.11,0.09,1,89424,88998,426
3959301,2,2,426,71274,0.11,0.07,1,89426,89000,426
3962221,37.2,38,425,71303,0.158,0,1,89472,89047,425
3965141,137.84,140.4,422,71332,0.0316,0,1,89635,89213,422
3968061,29.168,29.68,422,71361,0.00632,0.11,1,89637,89215,422
3970981,146.634,142.736,427,71390,0.025264,0.11,1,89813,89386,427
3973901,30.9267,30.1472,427,71419,0.0290528,0.11,1,89815,89388,427
3976821,7.78534,7.62944,427,71448,0.0298106,0.11,1,89817,89390,427
3979741,3.15707,3.12589,427,71477,0.0299621,0.11,1,89819,89392,427
3982661,2.23141,2.22518,427,71506,0.0299924,0.11,1,89821,89394,427
3985581,2.04628,2.04504,427,71535,0.0299985,0.11,1,89823,89396,427
3988501,2.00926,2.00901,427,71564,0.0299997,0.11,1,89825,89398,427
3991421,2.00185,2.0018,427,71593,0.0299999,0.11,1,89827,89400,427
3994341,2.00037,2.00036,427,71622,0.03,0.11,1,89829,89402,427
3997261,2.00007,2.00007,427,71651,0.03,0.11,1,89831,89404,427
4000181,2.00001,2.00001,427,71680,0.03,0.11,1,89833,89406,427
4003101,2,2,427,71709,0.046,0.11,1,89835,89408,427
4006021,2,2,427,71738,0.0492,0.11,1,89837,89410,427
4008941,2,2,427,71767,0.04984,0.11,1,89839,89412,427
4011861,2,2,427,71796,0.049968,0.11,1,89841,89414,427
4014781,2,2,427,71825,0.0499936,0.11,1,89843,89416,427
4017701,2,2,427,71854,0.0499987,0.11,1,89845,89418,427
4020621,2,2,427,71883,0.0499997,0.11,1,89847,89420,427
4023541,2,2,427,71912,0.0499999,0.11,1,89849,89422,427
4026461,2,2,427,71941,0.05,0.11,1,89851,89424,427
4029381,2,2,427,71970,0.05,0.17,1,89853,89426,427
4032301,38,37.2,428,71999,0.066,0,1,89900,89472,428
4035221,133.2,137.84,422,72028,0.0132,0,1,90057,89635,422
4038141,28.24,29.168,422,72057,0.00264,0.03,1,90059,89637,422
4041061,147.248,146.634,423,72086,0.024528,0.03,1,90236,89813,423
4043981,31.0496,30.9267,423,72115,0.0289056,0.03,1,90238,89815,423
4046901,7.80992,7.78534,423,72144,0.0297811,0.03,1,90240,89817,423
4049821,3.16198,3.15707,423,72173,0.0299562,0.03,1,90242,89819,423
4052741,2.2324,2.23141,423,72202,0.0299912,0.03,1,90244,89821,423
4055661,2.04648,2.04628,423,72231,0.00599825,0.03,1,90246,89823,423
4058581,2.0093,0.409257,425,72260,0.00919965,0.03,1,90248,89823,425
4061501,2.00186,1.68185,425,72289,0.00983993,0.03,1,90250,89825,425
4064421,2.00037,1.93637,425,72318,0.00996799,0.03,1,90252,89827,425
4067341,2.00007,1.98727,425,72347,0.0099936,0.03,1,90254,89829,425
4070261,2.00001,1.99745,425,72376,0.00999872,0.03,1,90256,89831,425
4073181,2,1.99949,425,72405,0.00999974,0.05,1,90258,89833,425
4076101,2,1.9999,425,72434,0.00999995,0.05,1,90260,89835,425
4079021,2,1.99998,425,72463,0.00999999,0.05,1,90262,89837,425
4081941,2,2,425,72492,0.01,0.05,1,90264,89839,425
4084861,2,2,425,72521,0.01,0.05,1,90266,89841,425
4087781,2,2,425,72550,0.01,0.05,1,90268,89843,425
4090701,2,2,425,72579,0.01,0.05,1,90270,89845,425
4093621,2,2,425,72608,0.01,0.05,1,90272,89847,425
4096541,2,2,425,72637,0.01,0.05,1,90274,89849,425
4099461,2,2,425,72666,0.01,0.05,1,90276,89851,425
4102381,38.8,2,471,72695,0.01,0.07,1,90324,89853,471
4105301,130.96,38,578,72724,0.002,0,1,90478,89900,578
4108221,27.792,133.2,423,72753,0.0004,0,1,90480,90057,423
4111141,147.158,28.24,598,72782,0.10408,0.03,1,90657,90059,598
4114061,31.0317,147.248,423,72811,0.124816,0.03,1,90659,90236,423
4116981,7.80634,31.0496,423,72840,0.128963,0.03,1,90661,90238,423
4119901,3.16127,7.80992,423,72869,0.129793,0.03,1,90663,90240,423
4122821,2.23225,3.16198,423,72898,0.129959,0.03,1,90665,90242,423
4125741,2.04645,2.2324,423,72927,0.0979917,0,1,90667,90244,423
4128661,2.00929,2.04648,423,72956,0.0915983,0.01,1,90669,90246,423
4131581,2.00186,2.0093,423,72985,0.0903197,0.01,1,90671,90248,423
4134501,2.00037,2.00186,423,73014,0.0900639,0.01,1,90673,90250,423
4137421,2.00007,2.00037,423,73043,0.0900128,0.01,1,90675,90252,423
4140341,2.00001,2.00007,423,73072,0.0900026,0.01,1,90677,90254,423
4143261,2,2.00001,423,73101,0.0900005,0.01,1,90679,90256,423
4146181,2,2,423,73130,0.0900001,0.01,1,90681,90258,423
4149101,2,2,423,73159,0.106,0.01,1,90683,90260,423
4152021,2,2,423,73188,0.1092,0.01,1,90685,90262,423
4154941,2,2,423,73217,0.10984,0.01,1,90687,90264,423
4157861,2,2,423,73246,0.109968,0.01,1,90689,90266,423
4160781,2,2,423,73275,0.109994,0.01,1,90691,90268,423
4163701,2,2,423,73304,0.109999,0.01,1,90693,90270,423
4166621,2,2,423,73333,0.11,0.01,1,90695,90272,423
4169541,2,2,423,73362,0.11,0.01,1,90697,90274,423
4172461,39.6,2,470,73391,0.094,0.01,1,90746,90276,470
4175381,130.32,38.8,575,73420,0.0188,0,1,90899,90324,575
4178301,27.664,130.96,423,73449,0.00376,0,1,90901,90478,423
4181221,150.333,27.792,602,73478,0.120752,0.13,1,91082,90480,602
4184141,31.6666,147.158,427,73507,0.14415,0.13,1,91084,90657,427
4187061,7.93331,31.0317,427,73535,0.14883,0.13,1,91086,90659,427
4189981,3.18666,7.80634,427,73563,0.149766,0.13,1,91088,90661,427
4192901,2.23733,3.16127,427,73591,0.149953,0.13,1,91090,90663,427
4195821,2.04747,2.23225,427,73619,0.149991,0.09,1,91092,90665,427
4198741,2.00949,2.04645,427,73647,0.149998,0.09,1,91094,90667,427
4201661,2.0019,2.00929,427,73675,0.15,0.09,1,91096,90669,427
4204581,2.00038,2.00186,427,73703,0.15,0.09,1,91098,90671,427
4207501,2.00008,2.00037,427,73731,0.15,0.09,1,91100,90673,427
4210421,2.00002,2.00007,427,73759,0.15,0.09,1,91102,90675,427
4213341,2,2.00001,427,73787,0.15,0.09,1,91104,90677,427
4216261,2,2,427,73815,0.15,0.09,1,91106,90679,427
4219181,2,2,427,73843,0.15,0.11,1,91108,90681,427
4222101,2,2,427,73871,0.15,0.11,1,91110,90683,427
4225021,2,2,427,73899,0.15,0.11,1,91112,90685,427
4227941,2,2,427,73927,0.15,0.11,1,91114,90687,427
4230861,2,2,427,73955,0.15,0.11,1,91116,90689,427
4233781,2,2,427,73983,0.15,0.11,1,91118,90691,427
4236701,2,2,427,74011,0.15,0.11,1,91120,90693,427
4239621,2,2,427,74039,0.15,0.11,1,91122,90695,427
4242541,2,2,427,74067,0.15,0.09,1,91124,90697,427
4245461,38.8,39.6,426,74095,0.182,0,1,91172,90746,426
4248381,126.96,130.32,422,74123,0.0364,0,1,91321,90899,422
4251301,26.992,27.664,422,74151,0.00728,0.15,1,91323,90901,422
4254221,155.798,150.333,429,74179,0.041456,0.15,1,91511,91082,429
4257141,32.7597,31.6666,429,74207,0.0482912,0.15,1,91513,91084,429
4260061,8.15194,7.93331,429,74235,0.0496582,0.15,1,91515,91086,429
4262981,3.23039,3.18666,429,74263,0.0499316,0.15,1,91517,91088,429
4265901,2.24608,2.23733,429,74291,0.0499863,0.15,1,91519,91090,429
4268821,2.04922,2.04747,429,74319,0.0499973,0.15,1,91521,91092,429
4271741,2.00984,2.00949,429,74347,0.0499995,0.15,1,91523,91094,429
4274661,2.00197,2.0019,429,74375,0.0499999,0.15,1,91525,91096,429
4277581,2.00039,2.00038,429,74403,0.05,0.15,1,91527,91098,429
4280501,2.00008,2.00008,429,74431,0.05,0.15,1,91529,91100,429
4283421,2.00002,2.00002,429,74459,0.05,0.15,1,91531,91102,429
4286341,2,2,429,74487,0.05,0.15,1,91533,91104,429
4289261,2,2,429,74515,0.05,0.15,1,91535,91106,429
4292181,2,2,429,74543,0.05,0.15,1,91537,91108,429
4295101,2,2,429,74571,0.05,0.15,1,91539,91110,429
4298021,2,2,429,74599,0.05,0.15,1,91541,91112,429
4300941,2,2,429,74627,0.066,0.15,1,91543,91114,429
4303861,2,2,429,74655,0.0692,0.15,1,91545,91116,429
4306781,2,2,429,74683,0.06984,0.15,1,91547,91118,429
4309701,2,2,429,74711,0.069968,0.15,1,91549,91120,429
4312621,2,2,429,74739,0.0699936,0.15,1,91551,91122,429
4315541,2,2,429,74767,0.0699987,0.19,1,91553,91124,429
4318461,39.6,38.8,430,74795,0.0859997,0,1,91602,91172,430
4321381,120.72,126.96,422,74823,0.0171999,0,1,91743,91321,422
4324301,25.744,26.992,422,74851,0.00343999,0.05,1,91745,91323,422
4327221,157.149,155.798,424,74879,0.088688,0.05,1,91935,91511,424
4330141,33.0298,32.7597,424,74907,0.105738,0.05,1,91937,91513,424
4333061,8.20595,8.15194,424,74935,0.109148,0.05,1,91939,91515,424
4335981,3.24119,3.23039,424,74963,0.10983,0.05,1,91941,91517,424
4338901,2.24824,2.24608,424,74991,0.109966,0.05,1,91943,91519,424
4341821,2.04965,2.04922,424,75019,0.0779932,0.05,1,91945,91521,424
4344741,2.00993,2.00984,424,75047,0.0715986,0.05,1,91947,91523,424
4347661,2.00199,2.00197,424,75075,0.0703197,0.05,1,91949,91525,424
4350581,2.0004,2.00039,424,75103,0.0700639,0.05,1,91951,91527,424
4353501,2.00008,2.00008,424,75131,0.0700128,0.05,1,91953,91529,424
4356421,2.00002,2.00002,424,75159,0.0700026,0.05,1,91955,91531,424
4359341,2,0.400003,426,75187,0.0700005,0.05,1,91957,91531,426
4362261,2,1.68,426,75215,0.0700001,0.05,1,91959,91533,426
4365181,2,1.936,426,75243,0.07,0.05,1,91961,91535,426
4368101,2,1.9872,426,75271,0.07,0.05,1,91963,91537,426
4371021,2,1.99744,426,75299,0.07,0.05,1,91965,91539,426
4373941,2,1.99949,426,75327,0.07,0.07,1,91967,91541,426
4376861,2,1.9999,426,75355,0.07,0.07,1,91969,91543,426
4379781,2,1.99998,426,75383,0.07,0.07,1,91971,91545,426
4382701,2,2,426,75411,0.07,0.07,1,91973,91547,426
4385621,2,2,426,75439,0.07,0.07,1,91975,91549,426
4388541,2,2,426,75467,0.07,0.07,1,91977,91551,426
4391461,40.4,2,474,75495,0.07,0.09,1,92027,91553,474
4394381,117.68,39.6,562,75523,0.054,0,1,92164,91602,562
4397301,25.136,120.72,423,75551,0.0188,0,1,92166,91743,423
4400221,159.427,25.744,614,75579,0.10776,0.11,1,92359,91745,614
4403141,33.4854,157.149,426,75607,0.125552,0.11,1,92361,91935,426
4406061,8.29709,33.0298,426,75635,0.14511,0.11,1,92363,91937,426
4408981,3.25942,8.20595,426,75663,0.149022,0.11,1,92365,91939,426
4411901,2.25188,3.24119,426,75691,0.149804,0.11,1,92367,91941,426
4414821,2.05038,2.24824,426,75719,0.149961,0.07,1,92369,91943,426
4417741,2.01008,2.04965,426,75747,0.149992,0.07,1,92371,91945,426
4420661,2.00202,2.00993,426,75775,0.149998,0.07,1,92373,91947,426
4423581,2.0004,2.00199,426,75803,0.15,0.07,1,92375,91949,426
4426501,2.00008,2.0004,426,75831,0.15,0.07,1,92377,91951,426
4429421,2.00002,2.00008,426,75859,0.15,0.07,1,92379,91953,426
4432341,2,2.00002,426,75887,0.15,0.07,1,92381,91955,426
4435261,2,2,426,75915,0.15,0.07,1,92383,91957,426
4438181,2,2,426,75943,0.15,0.07,1,92385,91959,426
4441101,2,2,426,75971,0.15,0.07,1,92387,91961,426
4444021,2,2,426,75999,0.15,0.07,1,92389,91963,426
4446941,2,2,426,76027,0.15,0.07,1,92391,91965,426
4449861,2,2,426,76055,0.15,0.07,1,92393,91967,426
4452781,2,2,426,76083,0.166,0.07,1,92395,91969,426
4455701,2,2,426,76111,0.1692,0.07,1,92397,91971,426
4458621,2,2,426,76139,0.16984,0.07,1,92399,91973,426
4461541,2,2,426,76166,0.169968,0.07,1,92401,91975,426
4464461,41.2,2,475,76193,0.153994,0.07,1,92452,91977,475
4467381,114.64,40.4,558,76220,0.390799,0.05,1,92585,92027,558
4470301,24.528,117.68,423,76247,0.43816,0.01,1,92587,92164,423
4473221,164.906,25.136,621,76274,0.479632,0.13,1,92787,92166,621
4476141,34.5811,159.427,430,76301,0.487926,0.13,1,92789,92359,430
4479061,8.51622,33.4854,430,76328,0.489585,0.15,1,92791,92361,430
4481981,3.30324,8.29709,430,76355,0.489917,0.15,1,92793,92363,430
4484901,2.26065,3.25942,430,76382,0.489983,0.15,1,92795,92365,430
4487821,2.05213,2.25188,430,76409,0.489997,0.15,1,92797,92367,430
4490741,2.01043,2.05038,430,76436,0.489999,0.15,1,92799,92369,430
4493661,2.00209,2.01008,430,76463,0.49,0.15,1,92801,92371,430
4496581,2.00042,2.00202,430,76490,0.49,0.15,1,92803,92373,430
4499501,2.00008,2.0004,430,76517,0.49,0.15,1,92805,92375,430
4502421,2.00002,2.00008,430,76544,0.49,0.15,1,92807,92377,430
4505341,2,2.00002,430,76571,0.49,0.15,1,92809,92379,430
4508261,2,2,430,76598,0.49,0.15,1,92811,92381,430
4511181,2,2,430,76625,0.49,0.15,1,92813,92383,430
4514101,2,2,430,76652,0.49,0.15,1,92815,92385,430
4517021,2,2,430,76679,0.49,0.15,1,92817,92387,430
4519941,2,2,430,76706,0.49,0.15,1,92819,92389,430
4522861,2,2,430,76733,0.49,0.15,1,92821,92391,430
4525781,2,2,430,76760,0.49,0.17,1,92823,92393,430
4528701,2,2,430,76787,0.49,0.17,1,92825,92395,430
4531621,2,2,430,76814,0.49,0.17,1,92827,92397,430
4534541,2,2,430,76841,0.49,0.17,1,92829,92399,430
4537461,2,2,430,76868,0.49,0.15,1,92831,92401,430
4540381,40.4,41.2,429,76895,0.49,0.45,1,92881,92452,429
4543301,123.28,114.64,440,76922,0.282,0.45,1,93025,92585,440
4546221,26.256,24.528,440,76949,0.2084,0.49,1,93027,92587,440
4549141,170.051,164.906,446,76976,0.20968,0.49,1,93233,92787,446
4552061,35.6102,34.5811,446,77003,0.209936,0.49,1,93235,92789,446
4554981,8.72205,8.51622,446,77030,0.209987,0.49,1,93237,92791,446
4557901,3.34441,3.30324,446,77057,0.225997,0.49,1,93239,92793,446
4560821,2.26888,2.26065,446,77084,0.229199,0.49,1,93241,92795,446
4563741,2.05378,2.05213,446,77111,0.22984,0.49,1,93243,92797,446
4566661,2.01076,2.01043,446,77138,0.229968,0.49,1,93245,92799,446
4569581,2.00215,2.00209,446,77165,0.229994,0.49,1,93247,92801,446
4572501,2.00043,2.00042,446,77192,0.229999,0.49,1,93249,92803,446
4575421,2.00009,2.00008,446,77219,0.23,0.49,1,93251,92805,446
4578341,2.00002,2.00002,446,77246,0.23,0.49,1,93253,92807,446
4581261,2,2,446,77273,0.23,0.49,1,93255,92809,446
4584181,2,2,446,77300,0.23,0.49,1,93257,92811,446
4587101,2,2,446,77327,0.23,0.49,1,93259,92813,446
4590021,2,2,446,77354,0.23,0.49,1,93261,92815,446
4592941,2,2,446,77381,0.23,0.49,1,93263,92817,446
4595861,2,2,446,77408,0.23,0.49,1,93265,92819,446
4598781,2,2,446,77435,0.23,0.49,1,93267,92821,446
4601701,2,2,446,77462,0.23,0.49,1,93269,92823,446
4604621,2,2,446,77489,0.23,0.49,1,93271,92825,446
4607541,2,2,446,77516,0.246,0.49,1,93273,92827,446
4610461,2,2,446,77543,0.2492,0.49,1,93275,92829,446
4613381,2,2,446,77570,0.24984,0.49,1,93277,92831,446
4616301,41.2,40.4,447,77597,0.265968,0.23,1,93328,92881,447
4619221,113.04,123.28,434,77624,0.261194,0.19,1,93459,93025,434
4622141,24.208,26.256,434,77651,0.252239,0.21,1,93461,93027,434
4625061,168.842,170.051,433,77678,0.298448,0.21,1,93666,93233,433
4627981,35.3683,35.6102,433,77705,0.30769,0.21,1,93668,93235,433
4630901,8.67366,8.72205,433,77732,0.309538,0.23,1,93670,93237,433
4633821,3.33473,3.34441,433,77759,0.309908,0.23,1,93672,93239,433
4636741,2.26695,2.26888,433,77786,0.309982,0.23,1,93674,93241,433
4639661,2.05339,2.05378,433,77813,0.277996,0.23,1,93676,93243,433
4642581,2.01068,2.01076,433,77840,0.271599,0.23,1,93678,93245,433
4645501,2.00214,2.00215,433,77867,0.27032,0.23,1,93680,93247,433
4648421,2.00043,2.00043,433,77894,0.270064,0.23,1,93682,93249,433
4651341,2.00009,2.00009,433,77921,0.270013,0.23,1,93684,93251,433
4654261,2.00002,2.00002,433,77948,0.270003,0.23,1,93686,93253,433
4657181,2,2,433,77975,0.270001,0.23,1,93688,93255,433
4660101,2,2,433,78002,0.27,0.23,1,93690,93257,433
4663021,2,2,433,78029,0.27,0.23,1,93692,93259,433
4665941,2,2,433,78056,0.27,0.23,1,93694,93261,433
4668861,2,0.4,435,78083,0.27,0.23,1,93696,93261,435
4671781,2,1.68,435,78110,0.27,0.23,1,93698,93263,435
4674701,2,1.936,435,78137,0.27,0.23,1,93700,93265,435
4677621,2,1.9872,435,78164,0.27,0.23,1,93702,93267,435
4680541,2,1.99744,435,78191,0.27,0.23,1,93704,93269,435
4683461,2,1.99949,435,78218,0.27,0.25,1,93706,93271,435
4686381,2,1.9999,435,78245,0.27,0.25,1,93708,93273,435
4689301,2,1.99998,435,78272,0.27,0.25,1,93710,93275,435
4692221,40.4,2,483,78299,0.27,0.27,1,93760,93277,483
4695141,112.08,41.2,562,78326,0.246,0.26,1,93890,93328,562
4698061,24.016,113.04,433,78353,0.2092,0.25,1,93892,93459,433
4699521,165.603,24.208,632,78380,0.33784,0.31,1,94093,93461,632
4702441,39.5206,168.842,435,78407,0.371568,0.31,1,94101,93666,435
4705361,9.50413,35.3683,435,78434,0.378314,0.31,1,94103,93668,435
4708281,3.50083,8.67366,435,78461,0.395663,0.31,1,94105,93670,435
4711201,2.30017,3.33473,435,78488,0.399133,0.31,1,94107,93672,435
4714121,2.06003,2.26695,435,78515,0.407827,0.27,1,94109,93674,435
4717041,2.01201,2.05339,435,78542,0.377565,0.27,1,94111,93676,435
4719961,2.0024,2.01068,435,78569,0.371513,0.27,1,94113,93678,435
4722881,2.00048,2.00214,435,78596,0.370303,0.27,1,94115,93680,435
4725801,2.0001,2.00043,435,78623,0.370061,0.27,1,94117,93682,435
4728721,2.00002,2.00009,435,78650,0.370012,0.27,1,94119,93684,435
4731641,2,2.00002,435,78677,0.370002,0.27,1,94121,93686,435
4734561,2,2,435,78704,0.37,0.27,1,94123,93688,435
4737481,2,2,435,78731,0.37,0.27,1,94125,93690,435
4740401,2,2,435,78758,0.37,0.27,1,94127,93692,435
4743321,2,2,435,78785,0.37,0.27,1,94129,93694,435
4746241,2,2,435,78812,0.37,0.27,1,94131,93696,435
4749161,2,2,435,78839,0.37,0.27,1,94133,93698,435
4752081,2,2,435,78866,0.37,0.27,1,94135,93700,435
4755001,2,2,435,78893,0.37,0.27,1,94137,93702,435
4757921,2,2,435,78920,0.37,0.27,1,94139,93704,435
4760841,2,2,435,78947,0.37,0.27,1,94141,93706,435
4763761,2,2,435,78974,0.37,0.27,1,94143,93708,435
4766681,2,2,435,79000,0.386,0.27,1,94145,93710,435
4769601,40.4,40.4,435,79026,0.4212,0.24,1,94195,93760,435
4772521,115.28,112.08,439,79052,0.21224,0.2,1,94329,93890,439
4775441,24.656,24.016,439,79078,0.138448,0.37,1,94331,93892,439
4778361,172.131,165.603,447,79104,0.29169,0.38,1,94540,94093,447
4781281,36.0262,39.5206,441,79130,0.330338,0.38,1,94542,94101,441
4784201,8.80525,9.50413,441,79156,0.306068,0.4,1,94544,94103,441
4787121,3.36105,3.50083,441,79182,0.301214,0.4,1,94546,94105,441
4790041,2.27221,2.30017,441,79208,0.300243,0.41,1,94548,94107,441
4792961,2.05444,2.06003,441,79234,0.300049,0.37,1,94550,94109,441
4795881,2.01089,2.01201,441,79260,0.30801,0.37,1,94552,94111,441
4798801,2.00218,2.0024,441,79286,0.309602,0.37,1,94554,94113,441
4801721,2.00044,2.00048,441,79312,0.30992,0.37,1,94556,94115,441
4804641,2.00009,2.0001,441,79338,0.309984,0.37,1,94558,94117,441
4807561,2.00002,2.00002,441,79364,0.309997,0.37,1,94560,94119,441
4810481,2,2,441,79390,0.309999,0.37,1,94562,94121,441
4813401,2,2,441,79416,0.31,0.37,1,94564,94123,441
4816321,2,2,441,79442,0.31,0.37,1,94566,94125,441
4819241,2,2,441,79468,0.31,0.37,1,94568,94127,441
4822161,2,2,441,79494,0.31,0.37,1,94570,94129,441
4825081,2,2,441,79520,0.31,0.37,1,94572,94131,441
4828001,2,2,441,79546,0.31,0.37,1,94574,94133,441
4830921,2,2,441,79572,0.31,0.37,1,94576,94135,441
4833841,2,2,441,79598,0.31,0.37,1,94578,94137,441
4836761,2,2,441,79624,0.31,0.37,1,94580,94139,441
4839681,2,2,441,79650,0.31,0.37,1,94582,94141,441
4842601,2,2,441,79676,0.31,0.39,1,94584,94143,441
4845521,2,2,441,79702,0.31,0.43,1,94586,94145,441
4848441,41.2,40.4,442,79728,0.326,0.16,1,94637,94195,442
4851361,109.04,115.28,434,79754,0.1772,0.12,1,94763,94329,434
4854281,23.408,24.656,434,79780,0.20344,0.33,1,94765,94331,434
4857201,174.282,172.131,437,79806,0.232688,0.34,1,94977,94540,437
4860121,36.4563,36.0262,437,79832,0.238538,0.3,1,94979,94542,437
4863041,8.89126,8.80525,437,79858,0.239708,0.3,1,94981,94544,437
4865961,3.37825,3.36105,437,79884,0.247941,0.3,1,94983,94546,437
4868881,2.27565,2.27221,437,79910,0.249588,0.3,1,94985,94548,437
4871801,2.05513,2.05444,437,79936,0.241918,0.31,1,94987,94550,437
4874721,2.01103,2.01089,437,79962,0.248384,0.31,1,94989,94552,437
4877641,2.00221,2.00218,437,79988,0.249677,0.31,1,94991,94554,437
4880561,2.00044,2.00044,437,80014,0.249935,0.31,1,94993,94556,437
4883481,2.00009,2.00009,437,80040,0.249987,0.31,1,94995,94558,437
4886401,2.00002,2.00002,437,80066,0.249997,0.31,1,94997,94560,437
4889321,2,2,437,80092,0.249999,0.31,1,94999,94562,437
4892241,2,2,437,80118,0.25,0.31,1,95001,94564,437
4895161,2,2,437,80144,0.25,0.31,1,95003,94566,437
4898081,2,2,437,80170,0.25,0.31,1,95005,94568,437
4901001,2,2,437,80196,0.25,0.31,1,95007,94570,437
4903921,2,2,437,80222,0.25,0.31,1,95009,94572,437
4906841,2,2,437,80248,0.25,0.31,1,95011,94574,437
4909761,2,2,437,80274,0.25,0.31,1,95013,94576,437
4912681,2,2,437,80300,0.25,0.31,1,95015,94578,437
4915601,2,2,437,80326,0.25,0.31,1,95017,94580,437
4918521,2,2,437,80352,0.25,0.31,1,95019,94582,437
4921441,2,2,437,80378,0.25,0.31,1,95021,94584,437
4924361,2,2,437,80404,0.25,0.33,1,95023,94586,437
4927281,40.4,41.2,436,80430,0.282,0.14,1,95073,94637,436
4930201,104.88,109.04,431,80456,0.1924,0.21,1,95194,94763,431
4933121,22.576,23.408,431,80482,0.20648,0.24,1,95196,94765,431
4936041,176.515,174.282,434,80508,0.201296,0.24,1,95411,94977,434
4938961,36.903,36.4563,434,80534,0.200259,0.24,1,95413,94979,434
4941881,8.98061,8.89126,434,80560,0.200052,0.25,1,95415,94981,434
4944801,3.39612,3.37825,434,80586,0.25601,0.25,1,95417,94983,434
4947721,2.27922,2.27565,434,80612,0.275202,0.24,1,95419,94985,434
4950641,2.05584,2.05513,434,80638,0.27904,0.25,1,95421,94987,434
4953561,2.01117,2.01103,434,80664,0.279808,0.25,1,95423,94989,434
4956481,2.00223,2.00221,434,80690,0.279962,0.25,1,95425,94991,434
4959401,2.00045,2.00044,434,80716,0.287992,0.25,1,95427,94993,434
4962321,2.00009,2.00009,434,80742,0.289598,0.25,1,95429,94995,434
4965241,2.00002,2.00002,434,80768,0.28192,0.25,1,95431,94997,434
4968161,2,2,434,80794,0.288384,0.25,1,95433,94999,434
4971081,2,2,434,80820,0.289677,0.25,1,95435,95001,434
4974001,2,2,434,80846,0.289935,0.25,1,95437,95003,434
4976921,2,2,434,80872,0.289987,0.25,1,95439,95005,434
4979841,2,2,434,80898,0.289997,0.25,1,95441,95007,434
4982761,2,2,434,80924,0.289999,0.25,1,95443,95009,434
4985681,2,2,434,80950,0.29,0.25,1,95445,95011,434
4988601,2,2,434,80976,0.29,0.25,1,95447,95013,434
4991521,2,0.4,436,81002,0.29,0.25,1,95449,95013,436
4994441,2,1.68,436,81028,0.29,0.25,1,95451,95015,436
4997361,2,1.936,436,81054,0.29,0.25,1,95453,95017,436
5000281,2,1.9872,436,81080,0.29,0.25,1,95455,95019,436
5003201,2,1.99744,436,81106,0.29,0.25,1,95457,95021,436
5006121,41.2,1.99949,485,81132,0.274,0.29,1,95508,95023,485
5009041,102.64,40.3999,553,81158,0.0548,0.17,1,95626,95073,553
5011961,22.128,104.88,434,81184,0.12296,0.21,1,95628,95194,434
5013421,165.226,22.576,633,81210,0.168592,0.2,1,95829,95196,633
5016341,47.4451,176.515,436,81236,0.161718,0.2,1,95847,95411,436
5019261,11.089,36.903,436,81262,0.160344,0.2,1,95849,95413,436
5022181,3.8178,8.98061,436,81288,0.160069,0.27,1,95851,95415,436
5025101,2.36356,3.39612,436,81314,0.160014,0.28,1,95853,95417,436
5028021,2.07271,2.27922,436,81340,0.160003,0.28,1,95855,95419,436
5030941,2.01454,2.05584,436,81366,0.128001,0.28,1,95857,95421,436
5033861,2.00291,2.01117,436,81392,0.1216,0.28,1,95859,95423,436
5036781,2.00058,2.00223,436,81418,0.12832,0.29,1,95861,95425,436
5039701,2.00012,2.00045,436,81444,0.169664,0.29,1,95863,95427,436
5042621,2.00002,2.00009,436,81470,0.177933,0.28,1,95865,95429,436
5045541,2,2.00002,436,81496,0.179587,0.29,1,95867,95431,436
5048461,2,2,436,81522,0.179917,0.29,1,95869,95433,436
5051381,2,2,436,81548,0.179983,0.29,1,95871,95435,436
5054301,2,2,436,81574,0.171997,0.29,1,95873,95437,436
5057221,2,2,436,81600,0.170399,0.29,1,95875,95439,436
5060141,2,2,436,81626,0.17008,0.29,1,95877,95441,436
5063061,2,2,436,81652,0.170016,0.29,1,95879,95443,436
5065981,2,2,436,81678,0.170003,0.29,1,95881,95445,436
5068901,2,2,436,81704,0.170001,0.29,1,95883,95447,436
5071821,2,2,436,81730,0.17,0.29,1,95885,95449,436
5074741,2,2,436,81756,0.17,0.29,1,95887,95451,436
5077661,2,2,436,81782,0.17,0.29,1,95889,95453,436
5080581,2,2,436,81808,0.17,0.29,1,95891,95455,436
5083501,2,2,436,81834,0.17,0.27,1,95893,95457,436
5086421,41.2,41.2,436,81860,0.234,0,1,95944,95508,436
5089341,96.24,102.64,428,81886,0.0628,0.14,1,96054,95626,428
5092261,20.848,22.128,428,81912,0.03656,0.18,1,96056,95628,428
5095181,178.57,165.226,445,81938,0.143312,0.16,1,96274,95829,445
5098101,37.3139,47.4451,429,81964,0.172662,0.16,1,96276,95847,429
5101021,9.06278,11.089,429,81990,0.178532,0.16,1,96278,95849,429
5103941,5.01256,3.8178,431,82015,0.155706,0.16,1,96282,95851,431
5106861,2.60251,2.36356,431,82040,0.175141,0.16,1,96284,95853,431
5109781,2.1205,2.07271,431,82065,0.179028,0.12,1,96286,95855,431
5112701,2.0241,2.01454,431,82090,0.179806,0.12,1,96288,95857,431
5115621,2.00482,2.00291,431,82115,0.179961,0.13,1,96290,95859,431
5118541,2.00096,2.00058,431,82140,0.147992,0.18,1,96292,95861,431
5121461,2.00019,2.00012,431,82165,0.149598,0.18,1,96294,95863,431
5124381,2.00004,2.00002,431,82190,0.18992,0.18,1,96296,95865,431
5127301,2.00001,2,431,82215,0.197984,0.18,1,96298,95867,431
5130221,2,2,431,82240,0.199597,0.18,1,96300,95869,431
5133141,2,2,431,82265,0.199919,0.17,1,96302,95871,431
5136061,2,2,431,82290,0.199984,0.17,1,96304,95873,431
5138981,2,2,431,82315,0.199997,0.17,1,96306,95875,431
5141901,2,2,431,82340,0.207999,0.17,1,96308,95877,431
5144821,2,2,431,82365,0.2096,0.17,1,96310,95879,431
5147741,2,2,431,82390,0.20992,0.17,1,96312,95881,431
5150661,2,2,431,82415,0.209984,0.17,1,96314,95883,431
5153581,2,2,431,82440,0.209997,0.17,1,96316,95885,431
5156501,2,2,431,82465,0.209999,0.17,1,96318,95887,431
5159421,2,2,431,82490,0.21,0.17,1,96320,95889,431
5162341,2,2,431,82515,0.21,0.17,1,96322,95891,431
5165261,2,2,431,82540,0.21,0.25,1,96324,95893,431
5168181,42,41.2,432,82565,0.242,0.02,1,96376,95944,432
5171101,92.4,96.24,427,82590,0.1604,0.03,1,96481,96054,427
5174021,21.68,20.848,429,82615,0.08808,0.17,1,96485,96056,429
5176941,180.336,178.57,431,82640,0.201616,0.18,1,96705,96274,431
5179861,37.6672,37.3139,431,82665,0.224323,0.18,1,96707,96276,431
5182781,9.13344,9.06278,431,82690,0.228865,0.15,1,96709,96278,431
5185701,3.42669,5.01256,429,82715,0.221773,0.18,1,96711,96282,429
5188621,3.88534,2.60251,431,82740,0.196355,0.18,1,96715,96284,431
5191541,3.17707,2.1205,432,82765,0.207271,0.18,1,96718,96286,432
5194461,2.23541,2.0241,432,82790,0.233454,0.18,1,96720,96288,432
5197381,2.04708,2.00482,432,82815,0.238691,0.14,1,96722,96290,432
5200301,2.00942,2.00096,432,82840,0.207738,0.15,1,96724,96292,432
5203221,2.00188,2.00019,432,82865,0.201548,0.2,1,96726,96294,432
5206141,2.00038,2.00004,432,82890,0.22431,0.2,1,96728,96296,432
5209061,2.00008,2.00001,432,82915,0.228862,0.2,1,96730,96298,432
5211981,2.00002,2,432,82940,0.237772,0.2,1,96732,96300,432
5214901,2,2,432,82965,0.239554,0.2,1,96734,96302,432
5217821,2,2,432,82990,0.239911,0.2,1,96736,96304,432
5220741,2,2,432,83015,0.239982,0.21,1,96738,96306,432
5223661,2,2,432,83040,0.239996,0.21,1,96740,96308,432
5226581,2,2,432,83065,0.247999,0.21,1,96742,96310,432
5229501,2,2,432,83090,0.2496,0.21,1,96744,96312,432
5232421,2,2,432,83115,0.24992,0.21,1,96746,96314,432
5235341,2,2,432,83140,0.249984,0.21,1,96748,96316,432
5238261,2,2,432,83165,0.249997,0.21,1,96750,96318,432
5241181,2,2,432,83190,0.249999,0.21,1,96752,96320,432
5244101,2,2,432,83215,0.25,0.21,1,96754,96322,432
5247021,2,2,432,83240,0.25,0.25,1,96756,96324,432
5249941,42,42,432,83265,0.282,0.14,1,96808,96376,432
5252861,90,92.4,429,83290,0.0644,0.07,1,96910,96481,429
5255781,19.6,21.68,427,83315,0.14088,0.23,1,96912,96485,427
5258701,183.12,180.336,431,83340,0.140176,0.23,1,97136,96705,431
5261621,38.224,37.6672,431,83365,0.140035,0.23,1,97138,96707,431
5264541,10.8448,9.13344,433,83390,0.180007,0.22,1,97142,96709,433
5267461,3.76896,3.42669,433,83415,0.196001,0.19,1,97144,96711,433
5270381,2.35379,3.88534,431,83440,0.1992,0.21,1,97146,96715,431
5273301,5.27076,3.17707,434,83465,0.15984,0.24,1,97152,96718,434
5276221,2.65415,2.23541,434,83490,0.151968,0.24,1,97154,96720,434
5279141,2.13083,2.04708,434,83515,0.150394,0.2,1,97156,96722,434
5282061,2.02617,2.00942,434,83540,0.150079,0.2,1,97158,96724,434
5284981,2.00523,2.00188,434,83565,0.118016,0.23,1,97160,96726,434
5287901,2.00105,2.00038,434,83590,0.119603,0.23,1,97162,96728,434
5290821,2.00021,2.00008,434,83615,0.119921,0.24,1,97164,96730,434
5293741,2.00004,2.00002,434,83640,0.119984,0.24,1,97166,96732,434
5296661,2.00001,2,434,83665,0.119997,0.24,1,97168,96734,434
5299581,2,2,434,83690,0.127999,0.24,1,97170,96736,434
5302501,2,2,434,83715,0.1696,0.24,1,97172,96738,434
5305421,2,2,434,83740,0.17792,0.25,1,97174,96740,434
5308341,2,2,434,83765,0.179584,0.25,1,97176,96742,434
5311261,2,2,434,83790,0.179917,0.25,1,97178,96744,434
5314181,2,2,434,83815,0.179983,0.25,1,97180,96746,434
5317101,2,2,434,83840,0.171997,0.25,1,97182,96748,434
5320021,2,2,434,83865,0.170399,0.25,1,97184,96750,434
5322941,2,2,434,83890,0.17008,0.25,1,97186,96752,434
5325861,2,2,434,83915,0.170016,0.25,1,97188,96754,434
5328781,2,0.4,436,83940,0.170003,0.25,1,97190,96754,436
5331701,42.8,1.68,487,83965,0.154001,0.29,1,97243,96756,487
5334621,80.56,41.936,525,83990,0.1428,0.01,1,97333,96808,525
5337541,22.512,89.9872,431,84015,0.10856,0.16,1,97341,96910,431
5339001,165.302,19.5974,630,84040,0.205712,0.14,1,97542,96912,630
5341921,53.0605,183.119,431,84065,0.185142,0.14,1,97567,97136,431
5344841,12.2121,38.2239,431,84090,0.149028,0.19,1,97569,97138,431
5347761,4.04242,10.8448,429,84115,0.213806,0.2,1,97571,97142,429
5350681,2.40848,3.76896,429,84140,0.234761,0.2,1,97573,97144,429
5353601,2.0817,2.35379,429,84165,0.238952,0.15,1,97575,97146,429
5356521,4.41634,5.27076,428,84190,0.22379,0.15,1,97580,97152,428
5359441,2.48327,2.65415,428,84215,0.220758,0.15,1,97582,97154,428
5362361,2.09665,2.13083,428,84240,0.236152,0.15,1,97584,97156,428
5365281,2.01933,2.02617,428,84265,0.23923,0.11,1,97586,97158,428
5368201,2.00387,2.00523,428,84290,0.207846,0.12,1,97588,97160,428
5371121,3.60077,2.00105,430,84315,0.169569,0.12,1,97592,97162,430
5374041,2.32015,2.00021,430,84340,0.161914,0.12,1,97594,97164,430
5376961,2.06403,2.00004,430,84365,0.168383,0.12,1,97596,97166,430
5379881,2.01281,2.00001,430,84390,0.169677,0.13,1,97598,97168,430
5382801,2.00256,2,430,84415,0.225935,0.18,1,97600,97170,430
5385721,2.00051,2,430,84440,0.205187,0.18,1,97602,97172,430
5388641,2.0001,2,430,84465,0.201037,0.18,1,97604,97174,430
5391561,2.00002,2,430,84490,0.200207,0.18,1,97606,97176,430
5394481,2,2,430,84515,0.208041,0.18,1,97608,97178,430
5397401,2,2,430,84540,0.209608,0.17,1,97610,97180,430
5400321,2,2,430,84565,0.225922,0.17,1,97612,97182,430
5403241,2,2,430,84590,0.237184,0.17,1,97614,97184,430
5406161,2,2,430,84615,0.239437,0.17,1,97616,97186,430
5409081,2,2,430,84640,0.239887,0.17,1,97618,97188,430
5412001,2,2,430,84665,0.239977,0.15,1,97620,97190,430
5414921,42.8,42.8,430,84690,0.311995,0.14,1,97673,97243,430
5417841,78.16,80.56,427,84715,0.126399,0.1,1,97760,97333,427
5420761,21.232,22.512,426,84740,0.21728,0.23,1,97767,97341,426
5423681,188.246,165.302,455,84765,0.227456,0.18,1,97997,97542,455
5426601,39.2493,53.0605,432,84790,0.229491,0.14,1,97999,97567,432
5429521,9.44986,12.2121,432,84815,0.197898,0.23,1,98001,97569,432
5432441,5.08997,4.04242,434,84840,0.27958,0.24,1,98005,97571,434
5435361,2.61799,2.40848,434,84865,0.295916,0.24,1,98007,97573,434
5438281,2.1236,2.0817,434,84890,0.299183,0.22,1,98009,97575,434
5441201,2.02472,4.41634,431,84915,0.299837,0.22,1,98011,97580,431
5444121,2.00494,2.48327,431,84940,0.299967,0.24,1,98013,97582,431
5447041,2.00099,2.09665,431,84965,0.291993,0.24,1,98015,97584,431
5449961,2.8002,2.01933,432,84990,0.306399,0.2,1,98018,97586,432
5452881,4.56004,2.00387,435,85015,0.28528,0.16,1,98023,97588,435
5455801,2.51201,3.60077,433,85040,0.281056,0.16,1,98025,97592,433
5458721,2.1024,2.32015,433,85065,0.280211,0.17,1,98027,97594,433
5461641,2.02048,2.06403,433,85090,0.280042,0.17,1,98029,97596,433
5464561,2.8041,2.01281,434,85115,0.240008,0.24,1,98032,97598,434
5467481,2.96082,2.00256,435,85140,0.216002,0.2,1,98035,97600,435
5470401,2.19216,2.00051,435,85165,0.2112,0.2,1,98037,97602,435
5473321,2.03843,2.0001,435,85190,0.21024,0.2,1,98039,97604,435
5476241,2.00769,2.00002,435,85215,0.266048,0.21,1,98041,97606,435
5479161,2.00154,2,435,85240,0.27721,0.21,1,98043,97608,435
5482081,2.00031,2,435,85265,0.247442,0.23,1,98045,97610,435
5485001,2.00006,2,435,85289,0.241488,0.24,1,98047,97612,435
5487921,2.00001,2,435,85313,0.240298,0.24,1,98049,97614,435
5490841,2,2,435,85337,0.26406,0.24,1,98051,97616,435
5493761,2,2,435,85361,0.268812,0.24,1,98053,97618,435
5496681,2,2,435,85385,0.269762,0.33,1,98055,97620,435
5499601,43.6,42.8,436,85409,0.285952,0.08,1,98109,97673,436
5502521,75.12,78.16,432,85433,0.14519,0.24,1,98192,97760,432
5505441,19.824,21.232,431,85457,0.181038,0.23,1,98198,97767,431
5508361,191.965,188.246,436,85481,0.316208,0.23,1,98433,97997,436
5511281,39.993,39.2493,436,85505,0.311242,0.19,1,98435,97999,436
5514201,9.59859,9.44986,436,85529,0.278248,0.3,1,98437,98001,436
5517121,5.11972,5.08997,436,85553,0.20765,0.3,1,98441,98005,436
5520041,2.62394,2.61799,436,85577,0.31353,0.3,1,98443,98007,436
5522961,2.12479,2.1236,436,85601,0.334706,0.3,1,98445,98009,436
5525881,2.02496,2.02472,436,85625,0.338941,0.3,1,98447,98011,436
5528801,2.00499,2.00494,436,85649,0.339788,0.29,1,98449,98013,436
5531721,2.001,2.00099,436,85673,0.307958,0.31,1,98451,98015,436
5534641,2.0002,2.8002,435,85697,0.325592,0.28,1,98453,98018,435
5537561,2.00004,4.56004,432,85721,0.329118,0.28,1,98455,98023,432
5540481,2.00001,2.51201,432,85745,0.329824,0.28,1,98457,98025,432
5543401,2,2.1024,432,85769,0.329965,0.28,1,98459,98027,432
5546321,2,2.02048,432,85793,0.321993,0.23,1,98461,98029,432
5549241,5.2,2.8041,435,85817,0.320399,0.21,1,98467,98032,435
5552161,2.64,2.96082,434,85841,0.32008,0.21,1,98469,98035,434
5555081,2.128,2.19216,434,85865,0.328016,0.21,1,98471,98037,434
5558001,2.0256,2.03843,434,85889,0.329603,0.28,1,98473,98039,434
5560921,3.60512,2.00769,436,85913,0.265921,0.28,1,98477,98041,436
5563841,2.32102,2.00154,436,85937,0.253184,0.24,1,98479,98043,436
5566761,2.0642,2.00031,436,85961,0.250637,0.24,1,98481,98045,436
5569681,2.01284,2.00006,436,85985,0.306127,0.24,1,98483,98047,436
5572601,2.00257,2.00001,436,86009,0.317225,0.27,1,98485,98049,436
5575521,2.00051,2,436,86033,0.287445,0.27,1,98487,98051,436
5578441,2.0001,2,436,86057,0.281489,0.27,1,98489,98053,436
5581361,2.00002,2,436,86081,0.280298,0.29,1,98491,98055,436
5584281,43.6,43.6,436,86105,0.33606,0.11,1,98545,98109,436
5587201,69.52,75.12,429,86129,0.179212,0.19,1,98621,98192,429
5590121,15.504,19.824,425,86153,0.251842,0.35,1,98623,98198,425
5593041,201.501,191.965,438,86177,0.346368,0.31,1,98871,98433,438
5595961,41.9002,39.993,438,86201,0.333274,0.27,1,98873,98435,438
5598881,9.98003,9.59859,438,86225,0.330655,0.19,1,98875,98437,438
5601801,3.59601,5.11972,436,86249,0.298131,0.34,1,98877,98441,436
5604721,3.9192,2.62394,438,86273,0.227626,0.34,1,98881,98443,438
5607641,2.38384,2.12479,438,86297,0.213525,0.34,1,98883,98445,438
5610561,2.07677,2.02496,438,86321,0.210705,0.34,1,98885,98447,438
5613481,2.01535,2.00499,438,86345,0.330141,0.3,1,98887,98449,438
5616401,2.00307,2.001,438,86369,0.354028,0.33,1,98889,98451,438
5619321,2.00061,2.0002,438,86393,0.326806,0.33,1,98891,98453,438
5622241,2.00012,2.00004,438,86417,0.321361,0.33,1,98893,98455,438
5625161,2.00002,2.00001,438,86441,0.344272,0.33,1,98895,98457,438
5628081,2,2,438,86465,0.348854,0.32,1,98897,98459,438
5631001,2,2,438,86489,0.349771,0.32,1,98899,98461,438
5633921,2,5.2,434,86513,0.349954,0.32,1,98901,98467,434
5636841,2,2.64,434,86537,0.349991,0.33,1,98903,98469,434
5639761,2,2.128,434,86561,0.341998,0.33,1,98905,98471,434
5642681,5.2,2.0256,438,86585,0.3404,0.25,1,98911,98473,438
5645601,2.64,3.60512,436,86609,0.34808,0.25,1,98913,98477,436
5648521,2.128,2.32102,436,86633,0.349616,0.25,1,98915,98479,436
5651441,3.6256,2.0642,438,86657,0.317923,0.32,1,98919,98481,438
5654361,2.32512,2.01284,438,86681,0.279585,0.32,1,98921,98483,438
5657281,2.06502,2.00257,438,86705,0.271917,0.28,1,98923,98485,438
5660201,2.013,2.00051,438,86729,0.326383,0.28,1,98925,98487,438
5663121,2.0026,2.0001,438,86753,0.337277,0.28,1,98927,98489,438
5666041,2.00052,2.00002,438,86777,0.307455,0.35,1,98929,98491,438
5668961,44.4001,43.6,439,86801,0.373491,0.14,1,98984,98545,439
5671881,62.48,69.52,430,86825,0.346698,0.14,1,99051,98621,430
5674801,14.096,13.904,432,86849,0.30934,0.27,1,99053,98621,432
5676261,163.619,4.3808,631,86873,0.421868,0.37,1,99254,98623,631
5679181,71.9238,199.276,432,86897,0.444374,0.33,1,99303,98871,432
5682101,15.9848,41.4552,432,86921,0.448875,0.33,1,99305,98873,432
5685021,4.79695,9.89105,432,86945,0.449775,0.29,1,99307,98875,432
5687941,8.15939,3.57821,439,86969,0.433955,0.21,1,99316,98877,439
5690861,3.23188,3.91564,437,86993,0.430791,0.21,1,99318,98881,437
5693781,2.24638,2.38313,437,87017,0.398158,0.21,1,99320,98883,437
5696701,3.64928,2.07663,439,87041,0.327632,0.36,1,99324,98885,439
5699621,2.32986,2.01533,439,87065,0.281526,0.36,1,99326,98887,439
5702541,2.06597,2.00307,439,87089,0.272305,0.32,1,99328,98889,439
5705461,2.01319,2.00061,439,87113,0.270461,0.32,1,99330,98891,439
5708381,2.00264,2.00012,439,87137,0.390092,0.35,1,99332,98893,439
5711301,2.00053,2.00002,439,87161,0.382018,0.35,1,99334,98895,439
5714221,2.00011,2,439,87185,0.380404,0.35,1,99336,98897,439
5717141,2.00002,2,439,87209,0.380081,0.35,1,99338,98899,439
5720061,2,2,439,87233,0.404016,0.35,1,99340,98901,439
5722981,2,2,439,87257,0.408803,0.34,1,99342,98903,439
5725901,2,2,439,87281,0.409761,0.34,1,99344,98905,439
5728821,2,5.2,435,87305,0.409952,0.35,1,99346,98911,435
5731741,2,2.64,435,87329,0.40999,0.35,1,99348,98913,435
5734661,5.2,2.128,439,87353,0.401998,0.31,1,99354,98915,439
5737581,2.64,3.6256,437,87377,0.4004,0.27,1,99356,98919,437
5740501,2.128,2.32512,437,87401,0.40808,0.27,1,99358,98921,437
5743421,2.0256,2.06502,437,87425,0.409616,0.34,1,99360,98923,437
5746341,3.60512,2.013,439,87449,0.345923,0.34,1,99364,98925,439
5749261,2.32102,2.0026,439,87473,0.333185,0.3,1,99366,98927,439
5752181,2.0642,2.00052,439,87497,0.386637,0.39,1,99368,98929,439
5755101,44.4128,44.4001,439,87521,0.453327,0.34,1,99423,98984,439
5758021,64.8826,62.48,442,87545,0.338666,0.3,1,99493,99051,442
5760941,14.5765,14.096,442,87569,0.283733,0.45,1,99495,99053,442
5763861,202.115,163.619,490,87593,0.464747,0.45,1,99744,99254,490
5766781,42.0231,71.9238,443,87617,0.500949,0.45,1,99746,99303,443
5769701,10.0046,15.9848,443,87641,0.50819,0.45,1,99748,99305,443
5772621,3.60092,4.79695,443,87665,0.509638,0.43,1,99750,99307,443
5775541,2.32018,8.15939,436,87689,0.509928,0.43,1,99752,99316,436
5778461,2.06404,3.23188,436,87713,0.509986,0.39,1,99754,99318,436
5781381,7.61281,2.24638,443,87737,0.541997,0.31,1,99763,99320,443
5784301,3.12256,3.64928,441,87761,0.548399,0.27,1,99765,99324,441
5787221,3.02451,2.32986,442,87785,0.50168,0.27,1,99768,99326,442
5790141,3.0049,2.06597,443,87809,0.444336,0.27,1,99771,99328,443
5793061,2.20098,2.01319,443,87833,0.400867,0.42,1,99773,99330,443
5795981,2.0402,2.00264,443,87857,0.392173,0.38,1,99775,99332,443
5798901,2.00804,2.00053,443,87881,0.390435,0.38,1,99777,99334,443
5801821,2.00161,2.00011,443,87905,0.390087,0.38,1,99779,99336,443
5804741,2.00032,2.00002,443,87929,0.358017,0.41,1,99781,99338,443
5807661,2.00006,2,443,87953,0.487603,0.41,1,99783,99340,443
5810581,2.00001,2,443,87977,0.513521,0.41,1,99785,99342,443
5813501,2,2,443,88001,0.518704,0.41,1,99787,99344,443
5816421,2,2,443,88025,0.519741,0.41,1,99789,99346,443
5819341,2,2,443,88049,0.519948,0.4,1,99791,99348,443
5822261,2.8,5.2,440,88073,0.53599,0.4,1,99794,99354,440
5825181,4.56,2.64,443,88097,0.523198,0.41,1,99799,99356,443
5828101,2.512,2.128,443,88121,0.52064,0.41,1,99801,99358,443
5831021,2.1024,2.0256,443,88145,0.520128,0.33,1,99803,99360,443
5833941,2.02048,3.60512,441,88169,0.520026,0.33,1,99805,99364,441
5836861,2.0041,2.32102,441,88193,0.488005,0.4,1,99807,99366,441
5839781,46.8008,2.0642,497,88217,0.521601,0.47,1,99865,99368,497
5842701,63.7602,44.4128,510,88241,0.48032,0.31,1,99933,99423,510
5845621,14.352,64.8826,442,88265,0.440064,0.27,1,99935,99493,442
5847081,163.67,14.5765,641,88289,0.536013,0.51,1,100136,99495,641
5850001,76.7341,202.115,447,88313,0.595203,0.51,1,100191,99744,447
5852921,16.9468,40.4231,449,88337,0.60704,0.51,1,100193,99744,449
5855841,4.98936,9.68461,449,88361,0.609408,0.51,1,100195,99746,449
5858761,2.59787,3.53692,449,88385,0.609882,0.51,1,100197,99748,449
5861681,2.11957,2.30738,449,88409,0.609976,0.51,1,100199,99750,449
5864601,2.02391,2.06148,449,88433,0.609995,0.51,1,100201,99752,449
5867521,2.00478,2.0123,449,88457,0.609999,0.55,1,100203,99754,449
5870441,2.00096,7.60246,442,88481,0.61,0.55,1,100205,99763,442
5873361,2.00019,3.12049,442,88505,0.61,0.49,1,100207,99765,442
5876281,2.00004,3.0241,441,88529,0.61,0.43,1,100209,99768,441
5879201,9.20001,3.00482,449,88553,0.626,0.39,1,100220,99771,449
5882121,3.44,2.20096,449,88577,0.5972,0.39,1,100222,99773,449
5885041,2.288,2.04019,449,88601,0.55944,0.39,1,100224,99775,449
5887961,2.0576,2.00804,449,88625,0.519888,0.39,1,100226,99777,449
5890881,2.01152,2.00161,449,88649,0.479978,0.35,1,100228,99779,449
5893801,2.0023,2.00032,449,88673,0.439996,0.52,1,100230,99781,449
5896721,2.00046,2.00006,449,88697,0.431999,0.52,1,100232,99783,449
5899641,2.00009,2.00001,449,88721,0.4304,0.52,1,100234,99785,449
5902561,2.00002,2,449,88745,0.55008,0.52,1,100236,99787,449
5905481,2,2,449,88769,0.574016,0.52,1,100238,99789,449
5908401,2,2,449,88793,0.578803,0.54,1,100240,99791,449
5911321,2,2.8,448,88817,0.579761,0.52,1,100242,99794,448
5914241,2,4.56,445,88840,0.579952,0.52,1,100244,99799,445
5917161,5.2,2.512,449,88863,0.57999,0.52,1,100250,99801,449
5920081,2.64,2.1024,449,88886,0.579998,0.52,1,100252,99803,449
5923001,2.128,2.02048,449,88909,0.58,0.48,1,100254,99805,449
5925921,46.8256,2.0041,505,88932,0.596,0.53,1,100312,99807,505
5928841,60.5651,46.8008,511,88955,0.5192,0.47,1,100376,99865,511
5931761,13.713,63.7602,445,88978,0.55984,0.43,1,100378,99933,445
5933221,163.543,14.352,644,89001,0.767968,0.56,2,100579,99935,644
5936141,83.1085,163.67,506,89024,0.833594,0.61,2,100642,100136,506
5939061,18.2217,76.7341,453,89047,0.846719,0.61,2,100644,100191,453
5941981,5.24434,16.9468,453,89070,0.849344,0.61,2,100646,100193,453
5944901,2.64887,4.98936,453,89093,0.849869,0.61,2,100648,100195,453
5947821,2.12977,2.59787,453,89116,0.849974,0.61,2,100650,100197,453
5950741,2.02595,2.11957,453,89139,0.849995,0.61,2,100652,100199,453
5953661,2.00519,2.02391,453,89162,0.849999,0.61,2,100654,100201,453
5956581,2.00104,2.00478,453,89185,0.866,0.61,2,100656,100203,453
5959501,2.00021,2.00096,453,89208,0.8692,0.61,2,100658,100205,453
5962421,2.00004,2.00019,453,89231,0.86984,0.61,2,100660,100207,453
5965341,2.00001,2.00004,453,89254,0.869968,0.63,2,100662,100209,453
5968261,2,9.20001,444,89277,0.869994,0.59,2,100664,100220,444
5971181,2.8,3.44,445,89300,0.885999,0.55,2,100667,100222,445
5974101,7.76,2.288,452,89323,0.8732,0.51,2,100676,100224,452
5977021,3.152,2.0576,452,89346,0.87064,0.47,2,100678,100226,452
5979941,2.2304,2.01152,452,89369,0.838128,0.43,2,100680,100228,452
5982861,2.04608,2.0023,452,89392,0.823626,0.43,2,100682,100230,452
5985781,2.00922,2.00046,452,89415,0.788725,0.43,2,100684,100232,452
5988701,2.00184,2.00009,452,89438,0.749745,0.58,1,100686,100234,452
5991621,2.00037,2.00002,452,89461,0.741949,0.58,1,100688,100236,452
5994541,2.00007,2,452,89484,0.74039,0.58,1,100690,100238,452
5997461,2.00001,2,452,89507,0.740078,0.58,1,100692,100240,452
6000381,2,2,452,89530,0.740016,0.58,1,100694,100242,452
6003301,2,2,452,89553,0.844003,0.58,2,100696,100244,452
6006221,2,5.2,448,89576,0.864801,0.58,2,100698,100250,448
6009141,2,2.64,448,89599,0.86896,0.58,2,100700,100252,448
6012061,50.8,2.128,509,89622,0.877792,0.6,2,100763,100254,509
6014981,54.96,46.8256,507,89645,0.695558,0.5,1,100819,100312,507
6017901,19.792,60.5651,454,89668,0.787112,0.57,2,100830,100376,454
6019361,164.758,13.713,653,89691,0.893422,0.82,2,101031,100378,653
6022281,92.1517,163.543,526,89714,0.922684,0.85,2,101105,100579,526
6025201,20.0303,83.1085,465,89737,0.928537,0.85,2,101107,100642,465
6028121,5.60607,18.2217,465,89760,0.929707,0.85,2,101109,100644,465
6031041,2.72121,5.24434,465,89783,0.929941,0.85,2,101111,100646,465
6033961,2.14424,2.64887,465,89806,0.929988,0.85,2,101113,100648,465
6036881,2.02885,2.12977,465,89829,0.929998,0.85,2,101115,100650,465
6039801,2.00577,2.02595,465,89852,0.962,0.85,2,101117,100652,465
6089441,2,2,466,90243,0.93,0.87,2,101160,100694,466
6092361,2,2,466,90266,0.898,0.87,2,101162,100696,466
6095281,2,2,466,90289,0.8916,0.87,2,101164,100698,466
6098201,2,2,466,90312,0.89032,0.88,2,101166,100700,466
6385821,16,8,485,92589,0.86,1,2,103025,102540,485
6388741,9.6,7.2,486,92612,0.82,1,2,103033,102547,486
6391661,6.72,5.44,487,92635,0.812,1,2,103039,102552,487
6394581,6.144,4.288,489,92658,0.7944,1,2,103045,102556,489
6397501,6.0288,4.0576,491,92681,0.77488,1,2,103051,102560,491
6400421,6.00576,0.81152,497,92703,0.754976,1,2,103057,102560,497
6403341,7.60115,3.3623,501,92725,0.702995,1,1,103065,102564,501
6406261,9.52023,3.87246,507,92747,0.660599,1,1,103075,102568,507
6409181,9.10405,3.97449,512,92769,0.58812,1,1,103084,102572,512
6412101,8.22081,3.9949,516,92791,0.565624,1,1,103092,102576,516
6415021,6.44416,5.59898,516,92813,0.577125,1,1,103098,102582,516
6417941,6.08883,3.5198,519,92835,0.563425,1,1,103104,102585,519
6420861,8.41777,2.30396,526,92857,0.520685,1,1,103113,102587,526
6423781,6.48355,2.06079,530,92879,0.512137,1,1,103119,102589,530
6426701,3.69671,2.01216,531,92901,0.518427,1,1,103122,102591,531
6429621,2.33934,2.00243,531,92923,0.535685,1,1,103124,102593,531
6432541,2.06787,2.00049,531,92945,0.539137,1,1,103126,102595,531
6435461,10.0136,2.0001,541,92967,0.515827,1,1,103138,102597,541
6530361,367.603,443.6,444,43920,0.111165,0,1,103595,103151,444
6533281,82.3205,99.12,442,44577,0.0222331,0.37,1,103606,103164,442
6536201,24.4641,30.224,439,44624,0.0444466,0.31,1,103616,103177,439
6539121,11.2928,16.4448,434,44671,0.00888932,0.11,1,103624,103190,434
6542041,159.859,22.489,607,44718,0.0737779,0.13,1,103821,103214,607
6544961,93.5717,203.698,435,44765,0.0147556,0.05,1,103898,103463,435
6547881,30.7143,59.1396,427,44812,0.0269511,0.03,1,103913,103486,427
6550801,15.7429,20.6279,428,44859,0.0613902,0.07,1,103925,103497,428
6553721,15.9486,15.3256,430,44906,0.084278,0,1,103941,103511,430
6556641,11.9897,13.4651,428,44953,0.0568556,0,1,103952,103524,428
6559561,13.5979,14.693,427,45000,0.0353711,0,1,103966,103539,427
6562481,15.5196,12.5386,431,45047,0.00707422,0.01,1,103982,103551,431
6565401,9.50392,13.7077,425,45094,0.0254148,0.01,1,103990,103565,425
6565521,3.50078,5.94154,423,45141,0.029083,0.01,1,103992,103569,423
6568441,26.3002,27.5883,422,45141,0.00581659,0.01,1,104024,103602,422
6571361,6.86003,5.51766,424,45188,0.0251633,0.01,1,104026,103602,424
6574281,3.77201,1.10353,427,45235,0.0130327,0,1,104029,103602,427
6577201,2.3544,3.42071,425,45282,0.0106065,0.05,1,104031,103606,425
6580121,6.07088,8.68414,422,45329,0.0101213,0,1,104038,103616,422
6583041,7.61418,8.13683,422,45376,0.0260243,0.09,1,104046,103624,422
6585961,159.123,159.227,422,45422,0.0132049,0,1,104243,103821,422
6588881,95.0246,93.4455,424,45468,0.00264097,0.03,1,104322,103898,424
6591801,30.2049,30.6891,423,45514,0.00852819,0.07,1,104336,103913,423
6594721,16.441,15.7378,424,45560,0.0257056,0.09,1,104349,103925,424
6597641,15.2882,15.9476,423,45606,0.0291411,0.05,1,104364,103941,423
6600561,11.0576,11.9895,422,45652,0.0138282,0.03,1,104374,103952,422
6603481,14.2115,13.5979,423,45698,0.0107656,0,1,104389,103966,423
6606401,15.6423,15.5196,423,45744,0.00215313,0.03,1,104405,103982,423
6609321,8.72846,9.50392,422,45790,0.0404306,0,1,104412,103990,422
6612241,28.9457,29.1008,422,45836,0.00808612,0.03,1,104446,104024,422
6615161,7.38914,7.42016,422,45882,0.0256172,0.01,1,104448,104026,422
6618081,4.67783,3.88403,423,45928,0.0291234,0.01,1,104452,104029,423
6621001,2.53557,0.776806,425,45974,0.00582469,0.01,1,104454,104029,425
6623921,4.50711,1.75536,428,46020,0.0251649,0.01,1,104459,104031,428
6626841,7.30142,5.95107,429,46066,0.00503299,0.03,1,104467,104038,429
6629761,159.06,7.59021,618,46112,0.0250066,0.01,1,104664,104046,618
6632681,95.0121,159.118,500,46158,0.0450013,0,1,104743,104243,500
6635601,30.2024,95.0236,435,46204,0.0490003,0.01,1,104757,104322,435
6638521,16.4405,30.2047,434,46250,0.0338001,0.03,1,104770,104336,434
6641441,15.2881,16.4409,436,46296,0.01476,0.03,1,104785,104349,436
6644361,11.8576,15.2882,432,46342,0.042952,0.01,1,104796,104364,432
6647281,13.5715,11.0576,436,46387,0.0165904,0.01,1,104810,104374,436
6650201,16.3143,14.2115,438,46432,0.00331808,0,1,104827,104389,438
6653121,8.06286,15.6423,428,46477,0.000663616,0.05,1,104833,104405,428
6656041,28.8126,8.72846,455,46522,0.000132723,0,1,104867,104412,455
6658961,7.36251,28.9457,423,46567,0.0240265,0.03,1,104869,104446,423
6661881,4.6725,7.38914,425,46612,0.0288053,0.03,1,104873,104448,425
6664801,2.5345,4.67783,423,46657,0.00576106,0,1,104875,104452,423
6667721,4.5069,2.53557,426,46702,0.0251522,0.03,1,104880,104454,426
6670641,7.30138,4.50711,429,46747,0.00503044,0,1,104888,104459,429
6673561,159.06,7.30142,618,46792,0.00900609,0.03,1,105085,104467,618
6676481,96.6121,159.06,502,46837,0.0418012,0.05,1,105166,104664,502
6679401,30.5224,95.0121,437,46882,0.0483602,0.05,1,105180,104743,437
6682321,15.7045,30.2024,435,46927,0.049672,0.03,1,105192,104757,435
6685241,15.1409,16.4405,437,46972,0.0659344,0.01,1,105207,104770,437
6688161,11.0282,15.2881,432,47017,0.0691869,0.05,1,105217,104785,432
6691081,13.4056,11.8576,435,47062,0.0378374,0.01,1,105231,104796,435
6694001,16.2811,13.5715,438,47107,0.00756747,0,1,105248,104810,438
6696921,8.05623,16.3143,427,47152,0.00151349,0,1,105254,104827,427
6699841,28.8112,8.06286,455,47197,0.000302699,0,1,105288,104833,455
6702761,7.36225,28.8126,423,47242,0.0240605,0.03,1,105290,104867,423
6705681,4.67245,7.36251,425,47287,0.0128121,0.03,1,105294,104869,425
6708601,2.53449,4.6725,423,47332,0.0105624,0,1,105296,104873,423
6711521,4.5069,2.5345,426,47377,0.0261125,0.03,1,105301,104875,426
6714441,2.50138,4.5069,423,47421,0.0052225,0,1,105303,104880,423
6717361,6.10028,7.30138,422,47465,0.0010445,0.01,1,105310,104888,422
6720281,158.82,159.06,422,47509,0.0082089,0.05,1,105507,105085,422
6723201,98.164,96.6121,424,47553,0.0416418,0.05,1,105590,105166,424
6726121,30.8328,30.5224,424,47597,0.0483284,0.05,1,105604,105180,424
6729041,15.7666,15.7045,424,47641,0.0656657,0.07,1,105616,105192,424
6731961,15.9533,15.1409,425,47685,0.0371331,0.07,1,105632,105207,425
6734881,9.59066,11.0282,423,47729,0.0314266,0.03,1,105640,105217,423
6737801,13.1181,13.4056,423,47773,0.0622853,0,1,105654,105231,423
6740721,16.2236,16.2811,423,47817,0.0124571,0,1,105671,105248,423
6743641,7.24473,8.05623,422,47861,0.0264914,0,1,105676,105254,422
6746561,28.6489,28.8112,422,47905,0.00529828,0.03,1,105710,105288,422
6749481,7.32979,7.36225,422,47949,0.0250597,0.01,1,105712,105290,422
6752401,5.46596,4.67245,423,47993,0.0290119,0.01,1,105717,105294,423
6755321,2.69319,2.53449,423,48037,0.00580239,0.03,1,105719,105296,423
6758241,4.53864,4.5069,423,48081,0.00916048,0,1,105724,105301,423
6761161,2.50773,2.50138,423,48125,0.0258321,0,1,105726,105303,423
6764081,5.30155,6.10028,422,48169,0.00516642,0.01,1,105732,105310,422
6767001,159.46,158.82,423,48213,0.0250333,0.05,1,105930,105507,423
6769921,97.4921,98.164,422,48257,0.0130067,0.05,1,106012,105590,422
6772841,31.4984,30.8328,423,48301,0.0266013,0.07,1,106027,105604,423
6775761,15.8997,15.7666,423,48345,0.0133203,0.03,1,106039,105616,423
6778681,16.7799,15.9533,424,48389,0.0266641,0.03,1,106056,105632,424
6781601,10.556,9.59066,425,48433,0.0133328,0.07,1,106065,105640,425
6784521,10.9112,13.1181,422,48477,0.0266666,0,1,106076,105654,422
6787441,16.5822,16.2236,423,48520,0.00533331,0.03,1,106094,105671,423
6790361,6.51645,7.24473,422,48563,0.0250667,0,1,106098,105676,422
6793281,28.5033,28.6489,422,48606,0.00501333,0.03,1,106132,105710,422
6796201,7.30066,7.32979,422,48649,0.0250027,0.03,1,106134,105712,422
6799121,5.46013,5.46596,422,48692,0.0130005,0,1,106139,105717,422
6802041,2.69203,2.69319,422,48735,0.00260011,0.01,1,106141,105719,422
6804961,4.53841,4.53864,422,48778,0.00852002,0.03,1,106146,105724,422
6807881,2.50768,2.50773,422,48821,0.009704,0,1,106148,105726,422
6810801,5.30154,5.30155,422,48864,0.0259408,0,1,106154,105732,422
6813721,158.66,1.06031,619,48907,0.0451882,0.03,1,106351,105732,619
6816641,97.3321,158.612,503,48950,0.0330376,0.01,1,106433,105930,503
6819561,31.4664,97.3224,436,48993,0.0146075,0.03,1,106448,106012,436
6822481,15.8933,31.4645,433,49036,0.0269215,0.01,1,106460,106027,433
6825401,16.7787,15.8929,438,49079,0.0133843,0.03,1,106477,106039,438
6828321,10.5557,16.7786,430,49122,0.0266769,0.01,1,106486,106056,430
6831241,10.9111,10.5557,432,49165,0.0293354,0.03,1,106497,106065,432
6834161,16.5822,10.9111,439,49208,0.00586707,0,1,106515,106076,439
6837081,6.51645,16.5822,425,49251,0.00117341,0.03,1,106519,106094,425
6840001,28.5033,6.51645,455,49294,0.000234683,0,1,106553,106098,455
6842921,7.30066,28.5033,423,49337,0.0240469,0.03,1,106555,106132,423
6845841,5.46013,7.30066,426,49380,0.0128094,0.01,1,106560,106134,426
6848761,2.69203,5.46013,423,49423,0.00256188,0,1,106562,106139,423
6851681,4.53841,2.69203,426,49466,0.00851237,0.01,1,106567,106141,426
6854601,2.50768,4.53841,423,49509,0.00970247,0.01,1,106569,106146,423
6857521,5.30154,2.50768,427,49552,0.0259405,0.03,1,106575,106148,427
6860441,159.46,5.30154,619,49595,0.0451881,0.05,1,106773,106154,619
6863361,97.4921,158.66,504,49637,0.0170376,0.03,1,106855,106351,504
6866281,31.4984,97.3321,437,49679,0.0434075,0.01,1,106870,106433,437
6869201,15.8997,31.4664,434,49721,0.0166815,0.03,1,106882,106448,434
6872121,15.9799,15.8933,438,49763,0.0113363,0.01,1,106898,106460,438
6875041,10.396,16.7787,430,49805,0.0262673,0.03,1,106907,106477,430
6877961,11.6792,10.5557,433,49847,0.0132535,0.03,1,106919,106486,433
6880881,15.9358,10.9111,439,49889,0.00265069,0,1,106936,106497,439
6883801,7.18717,16.5822,426,49931,0.0245301,0,1,106941,106515,426
6886721,27.8374,6.51645,455,49973,0.00490603,0,1,106974,106519,455
6889641,7.16749,28.5033,423,50015,0.0249812,0.03,1,106976,106553,423
6892561,5.4335,7.30066,426,50057,0.0289962,0.01,1,106981,106555,426
6895481,2.6867,5.46013,423,50099,0.00579925,0,1,106983,106560,423
6898401,4.53734,2.69203,426,50141,0.00915985,0.01,1,106988,106562,426
6901321,2.50747,4.53841,423,50183,0.025832,0.01,1,106990,106567,423
6904241,5.30149,2.50768,427,50225,0.00516639,0.03,1,106996,106569,427
6907161,159.46,5.30154,619,50267,0.0410333,0.05,1,107194,106575,619
6910081,97.4921,159.46,503,50309,0.0322067,0.01,1,107276,106773,503
6913001,21.0984,97.4921,423,50351,0.0304413,0.05,1,107278,106855,423
6915921,15.4197,31.4984,422,50393,0.0620883,0.01,1,107292,106870,422
6918841,12.6839,15.8997,422,50435,0.0684176,0.01,1,107304,106882,422
6921761,15.3368,15.9799,422,50477,0.0376835,0.03,1,107320,106898,422
6924681,10.2674,10.396,422,50519,0.0475367,0.01,1,107329,106907,422
6927601,12.4535,11.6792,423,50561,0.0335073,0,1,107342,106919,423
6930521,15.2907,15.9358,422,50603,0.00670147,0.03,1,107358,106936,422
6933441,7.85814,7.18717,423,50645,0.00134029,0,1,107364,106941,423
6936361,27.1716,27.8374,422,50687,0.000268059,0.03,1,107396,106974,422
6939281,7.03433,7.16749,422,50729,0.00805361,0.03,1,107398,106976,422
6942201,5.40686,5.4335,422,50771,0.0416107,0,1,107403,106981,422
6945121,2.68137,2.6867,422,50812,0.0163221,0.01,1,107405,106983,422
6948041,4.53627,4.53734,422,50853,0.0112644,0.03,1,107410,106988,422
6950961,2.50725,2.50747,422,50894,0.0262529,0,1,107412,106990,422
6953881,5.30145,5.30149,422,50935,0.00525058,0.05,1,107418,106996,422
6956801,161.86,159.46,425,50976,0.0410501,0.03,1,107619,107194,425
6959721,96.3721,97.4921,423,51017,0.01621,0.03,1,107699,107276,423
6962641,20.8744,21.0984,423,51058,0.011242,0.07,1,107701,107278,423
6965561,15.3749,15.4197,423,51099,0.0102484,0.07,1,107715,107292,423
6968481,12.675,12.6839,423,51140,0.0260497,0.03,1,107727,107304,423
6971401,15.335,15.3368,423,51181,0.0292099,0.05,1,107743,107320,423
6974321,9.467,10.2674,422,51222,0.029842,0.03,1,107751,107329,422
6977241,12.2934,12.4535,422,51263,0.0459684,0,1,107764,107342,422
6980161,15.2587,15.2907,422,51304,0.00919368,0,1,107780,107358,422
6983081,7.85174,7.85814,422,51345,0.00183874,0,1,107786,107364,422
6986001,27.1703,27.1716,422,51386,0.000367747,0.01,1,107818,107396,422
6988921,7.03407,7.03433,422,51427,0.00807355,0.05,1,107820,107398,422
6991841,5.40681,5.40686,422,51468,0.0256147,0.01,1,107825,107403,422
6994761,2.68136,2.68137,422,51509,0.00512294,0.01,1,107827,107405,422
6997681,4.53627,4.53627,422,51550,0.00902459,0.03,1,107832,107410,422
7000601,2.50725,2.50725,422,51591,0.00980492,0,1,107834,107412,422
7003521,5.30145,5.30145,422,51632,0.025961,0.05,1,107840,107418,422
7006441,163.46,161.86,424,51673,0.0291922,0.01,1,108043,107619,424
7009361,95.0921,96.3721,422,51714,0.0138384,0.01,1,108121,107699,422
7012281,20.6184,20.8744,422,51755,0.0427677,0.01,1,108123,107701,422
7015201,15.3237,15.3749,422,51796,0.0165535,0.01,1,108137,107715,422
7018121,12.6647,3.07498,434,51837,0.0113107,0.03,1,108149,107715,434
7021041,15.3329,10.215,438,51878,0.0262621,0.03,1,108165,107727,438
7023961,9.46659,14.843,430,51919,0.0292524,0.03,1,108173,107743,430
7026881,11.4933,9.3686,434,51960,0.0298505,0.05,1,108185,107751,434
7029801,15.8987,12.2737,438,52001,0.0059701,0,1,108202,107764,438
7032721,7.97973,15.2547,428,52041,0.00119402,0,1,108208,107780,428
7035641,26.3959,7.85095,453,52081,0.000238804,0,1,108239,107786,453
7038561,6.87919,27.1702,423,52121,0.0240478,0.01,1,108241,107818,423
7041481,5.37584,7.03404,426,52161,0.0448096,0.03,1,108246,107820,426
7044401,2.67517,5.40681,423,52201,0.0169619,0,1,108248,107825,423
7047321,4.53503,2.68136,426,52241,0.0113924,0.01,1,108253,107827,426
7050241,2.50701,4.53627,423,52281,0.0102785,0.01,1,108255,107832,423
7053161,5.3014,2.50725,427,52321,0.0260557,0.03,1,108261,107834,427
7054621,161.86,5.30145,622,52361,0.109211,0.03,1,108462,107840,622
7057541,34.7721,163.46,422,52401,0.109842,0.01,1,108465,108043,422
7060461,69.3544,95.0921,422,52441,0.0619684,0.05,1,108543,108121,422
7063381,15.4709,20.6184,422,52481,0.0203937,0.01,1,108545,108123,422
7066301,14.2942,15.3237,422,52521,0.0440787,0.01,1,108559,108137,422
7069221,13.2588,12.6647,423,52561,0.0488157,0.03,1,108572,108149,423
7072141,15.4518,15.3329,423,52601,0.0177631,0.03,1,108588,108165,423
7075061,9.49035,9.46659,423,52641,0.0115526,0.03,1,108596,108173,423
7077981,10.6981,11.4933,422,52681,0.0263105,0,1,108607,108185,422
7080901,15.7396,15.8987,422,52721,0.0052621,0,1,108624,108202,422
7083821,7.94792,7.97973,422,52761,0.0250524,0,1,108630,108208,422
7086741,26.3896,26.3959,422,52801,0.00501048,0.03,1,108661,108239,422
7089661,6.87792,6.87919,422,52841,0.0090021,0.05,1,108663,108241,422
7092581,5.37558,5.37584,422,52881,0.00980042,0.01,1,108668,108246,422
7095501,2.67512,2.67517,422,52921,0.00996008,0.01,1,108670,108248,422
7098421,4.53502,4.53503,422,52961,0.00999202,0.01,1,108675,108253,422
7101341,2.507,2.50701,422,53001,0.0099984,0.03,1,108677,108255,422
7104261,5.3014,5.3014,422,53041,0.0259997,0.13,1,108683,108261,422
7107181,166.66,161.86,428,53081,0.0771999,0.11,1,108890,108462,428
7110101,92.5321,34.7721,499,53121,0.07144,0.05,1,108964,108465,499
7113021,20.1064,69.3544,423,53161,0.070288,0.01,1,108966,108543,423
7115941,15.2213,15.4709,435,53201,0.0700576,0.05,1,108980,108545,435
7118861,4.64426,14.2942,423,53241,0.0700115,0.05,1,108982,108559,423
7121781,10.5289,13.2588,422,53281,0.102002,0.01,1,108994,108572,422
7124701,14.9058,15.4518,422,53321,0.0764005,0.01,1,109010,108588,422
7127621,9.38115,9.49035,422,53360,0.0712801,0.03,1,109018,108596,422
7130541,10.6762,10.6981,422,53399,0.086256,0,1,109029,108607,422
7133461,15.7352,15.7396,422,53438,0.0172512,0.03,1,109046,108624,422
7136381,7.94705,7.94792,422,53477,0.0274502,0,1,109052,108630,422
7139301,26.3894,26.3896,422,53516,0.02949,0.01,1,109083,108661,422
7142221,6.87788,6.87792,422,53555,0.00589801,0.01,1,109085,108663,422
7145141,5.37558,5.37558,422,53594,0.0091796,0.01,1,109090,108668,422
7148061,2.67512,2.67512,422,53633,0.00983592,0.01,1,109092,108670,422
7150981,4.53502,4.53502,422,53672,0.00996718,0.01,1,109097,108675,422
7153901,2.507,2.507,422,53711,0.0259934,0.03,1,109099,108677,422
7156821,5.3014,5.3014,422,53750,0.0291987,0.09,1,109105,108683,422
7159741,169.86,166.66,426,53789,0.0298397,0.07,1,109316,108890,426
7162661,92.3721,92.5321,425,53828,0.0779679,0.07,1,109389,108964,425
7165581,20.0744,20.1064,425,53867,0.0875936,0.07,1,109391,108966,425
7168501,15.2149,15.2213,425,53906,0.0895187,0.07,1,109405,108980,425
7171421,4.64298,4.64426,425,53945,0.0899037,0.11,1,109407,108982,425
7174341,10.5286,10.5289,425,53984,0.0899808,0.07,1,109419,108994,425
7177261,14.9057,14.9058,425,54023,0.105996,0.07,1,109435,109010,425
7180181,9.38114,9.38115,425,54062,0.109199,0.09,1,109443,109018,425
7183101,9.87623,10.6762,424,54101,0.10984,0,1,109453,109029,424
7186021,13.9752,15.7352,422,54140,0.061968,0.03,1,109468,109046,422
7188941,7.59505,7.94705,422,54179,0.0363936,0.03,1,109474,109052,422
7191861,26.319,26.3894,422,54218,0.0312787,0,1,109505,109083,422
7194781,6.8638,6.87788,422,54257,0.00625574,0.01,1,109507,109085,422
7197701,5.37276,5.37558,422,54296,0.00925115,0.01,1,109512,109090,422
7200621,2.67455,2.67512,422,54335,0.00985023,0.01,1,109514,109092,422
7203541,4.53491,4.53502,422,54374,0.00997005,0.03,1,109519,109097,422
7206461,2.50698,2.507,422,54413,0.00999401,0.03,1,109521,109099,422
7209381,5.3014,5.3014,422,54452,0.0259988,0.03,1,109527,109105,422
7212301,171.46,169.86,424,54491,0.0131998,0.09,1,109740,109316,424
7215221,94.2921,92.3721,426,54530,0.02664,0.09,1,109815,109389,426
7218141,20.4584,20.0744,426,54569,0.061328,0.09,1,109817,109391,426
7221061,15.2917,15.2149,426,54608,0.0362656,0.09,1,109831,109405,426
7223981,4.65834,4.64298,426,54647,0.0632531,0.09,1,109833,109407,426
7226901,10.5317,10.5286,426,54686,0.0366506,0.09,1,109845,109419,426
7229821,14.9063,2.10572,442,54724,0.0313301,0.11,1,109861,109419,442
7232741,9.38127,13.2211,434,54762,0.030266,0.11,1,109869,109435,434
7235661,9.87625,9.04423,436,54800,0.0300532,0.11,1,109879,109443,436
7238581,9.97525,9.80885,436,54838,0.0300106,0.05,1,109889,109453,436
7241501,7.59505,13.9618,428,54876,0.0140021,0.03,1,109896,109468,428
7244421,25.519,7.59235,452,54914,0.00280043,0.03,1,109926,109474,452
7247341,6.7038,26.3185,423,54952,0.00856009,0,1,109928,109505,423
7250261,5.34076,6.86369,426,54990,0.00971202,0.01,1,109933,109507,426
7253181,2.66815,5.37274,423,55028,0.0099424,0.01,1,109935,109512,423
7256101,4.53363,2.67455,426,55066,0.00998848,0.01,1,109940,109514,426
7259021,2.50673,4.53491,423,55104,0.0099977,0.01,1,109942,109519,423
7261941,5.30135,2.50698,427,55142,0.0259995,0.03,1,109948,109521,427
7263401,161.86,5.3014,622,55180,0.0451999,0.01,1,110149,109527,622
7266321,42.7721,171.46,422,55218,0.06504,0.03,1,110162,109740,422
7269241,69.3544,94.2921,423,55256,0.069008,0.07,1,110238,109815,423
7272161,15.4709,20.4584,423,55294,0.0378016,0.03,1,110240,109817,423
7275081,14.2942,15.2917,423,55332,0.0635603,0.07,1,110254,109831,423
7278001,4.45884,4.65834,423,55370,0.0367121,0.03,1,110256,109833,423
7280921,10.4918,10.5317,423,55408,0.0633424,0.03,1,110268,109845,423
7283841,14.8984,14.9063,423,55446,0.0366685,0.03,1,110284,109861,423
7286761,9.37967,9.38127,423,55484,0.0313337,0.03,1,110292,109869,423
7289681,9.87593,9.87625,423,55522,0.0462667,0.03,1,110302,109879,423
7292601,9.17519,9.97525,422,55560,0.0652533,0.01,1,110311,109889,422
7295521,7.43504,7.59505,422,55598,0.0530507,0,1,110318,109896,422
7298441,25.487,25.519,422,55636,0.0346101,0.01,1,110348,109926,422
7301361,6.6974,6.7038,422,55674,0.00692203,0.01,1,110350,109928,422
7304281,5.33948,5.34076,422,55712,0.0253844,0.01,1,110355,109933,422
7307201,2.6679,2.66815,422,55750,0.00507688,0.01,1,110357,109935,422
7310121,4.53358,4.53363,422,55788,0.0410154,0.01,1,110362,109940,422
7313041,2.50672,2.50673,422,55826,0.0162031,0.03,1,110364,109942,422
7315961,5.30134,5.30135,422,55864,0.0272406,0.05,1,110370,109948,422
7318881,172.26,161.86,435,55902,0.0454481,0.07,1,110584,110149,435
7321801,95.2521,42.7721,498,55940,0.0810896,0.07,1,110660,110162,498
7324721,20.6504,69.3544,424,55978,0.0882179,0.03,1,110662,110238,424
7327641,15.3301,15.4709,436,56016,0.105644,0.07,1,110676,110240,436
7330561,4.66602,14.2942,424,56054,0.109129,0.03,1,110678,110254,424
7333481,10.5332,4.45884,434,56092,0.109826,0.07,1,110690,110256,434
7336401,14.9066,10.4918,438,56130,0.109965,0.03,1,110706,110268,438
7339321,4.58133,14.8984,424,56167,0.109993,0.03,1,110708,110284,424
7342241,7.31627,9.37967,424,56204,0.109999,0.05,1,110716,110292,424
7345161,9.46325,9.87593,424,56241,0.11,0.07,1,110726,110302,424
7348081,7.49265,9.17519,422,56278,0.126,0.05,1,110733,110311,422
7351001,7.09853,7.43504,422,56315,0.1132,0.03,1,110740,110318,422
7353921,25.4197,25.487,422,56352,0.04664,0,1,110770,110348,422
7356841,6.68394,6.6974,422,56389,0.009328,0.03,1,110772,110350,422
7359761,5.33679,5.33948,422,56426,0.0258656,0,1,110777,110355,422
7362681,2.66736,2.6679,422,56463,0.00517312,0.05,1,110779,110357,422
7365601,4.53347,4.53358,422,56500,0.00903462,0.01,1,110784,110362,422
7368521,2.50669,2.50672,422,56537,0.00980693,0.03,1,110786,110364,422
7371441,5.30134,5.30134,422,56574,0.0259614,0.05,1,110792,110370,422
7374361,173.86,172.26,424,56611,0.0131923,0.09,1,111008,110584,424
7377281,97.9721,95.2521,427,56648,0.106638,0.09,1,111087,110660,427
7380201,21.1944,20.6504,427,56685,0.125328,0.11,1,111089,110662,427
7383121,15.4389,15.3301,427,56722,0.129066,0.11,1,111103,110676,427
7386041,4.68778,4.66602,427,56759,0.129813,0.11,1,111105,110678,427
7388961,10.5376,10.5332,427,56796,0.129963,0.11,1,111117,110690,427
7391881,14.9075,14.9066,427,56833,0.129993,0.11,1,111133,110706,427
7394801,4.5815,4.58133,427,56870,0.129999,0.11,1,111135,110708,427
7397721,7.3163,7.31627,427,56907,0.13,0.11,1,111143,110716,427
7400641,9.46326,9.46325,427,56944,0.13,0.13,1,111153,110726,427
7403561,6.69265,7.49265,426,56981,0.146,0.11,1,111159,110733,426
7406481,6.13853,7.09853,425,57018,0.1492,0.03,1,111165,110740,425
7409401,22.8277,25.4197,422,57055,0.18184,0,1,111192,110770,422
7412321,6.16554,6.68394,422,57092,0.156368,0.03,1,111194,110772,422
7415241,5.23311,5.33679,422,57129,0.167274,0,1,111199,110777,422
7418161,2.64662,2.66736,422,57166,0.137455,0.01,1,111201,110779,422
7421081,4.52932,4.53347,422,57203,0.115491,0.01,1,111206,110784,422
7424001,2.50586,2.50669,422,57240,0.111098,0.03,1,111208,110786,422
7426921,5.30117,5.30134,422,57277,0.11022,0.01,1,111214,110792,422
7429841,174.66,173.86,423,57314,0.0460439,0.13,1,111431,111008,423
7432761,102.132,97.9721,428,57351,0.0812088,0.13,1,111515,111087,428
7435681,22.0264,21.1944,428,57388,0.0562418,0.13,1,111517,111089,428
7438601,15.6053,15.4389,428,57425,0.0672484,0.13,1,111531,111103,428
7441521,4.72106,4.68778,428,57462,0.10145,0.13,1,111533,111105,428
7444441,10.5442,10.5376,428,57499,0.0762899,0.13,1,111545,111117,428
7447361,14.9088,14.9075,428,57536,0.103258,0.13,1,111561,111133,428
7450281,4.58177,4.5815,428,57573,0.0766516,0.13,1,111563,111135,428
7453201,7.31635,7.3163,428,57610,0.0713303,0.13,1,111571,111143,428
7456121,9.46327,1.46326,438,57647,0.0702661,0.13,1,111581,111143,438
7459041,6.69265,8.29265,434,57683,0.0700532,0.15,1,111587,111153,434
7461961,6.93853,6.45853,435,57719,0.0540106,0.15,1,111594,111159,435
7464881,20.5877,6.09171,453,57755,0.0508021,0.19,1,111618,111165,453
7467801,5.71754,22.8183,428,57791,0.0501604,0.15,1,111620,111192,428
7470721,4.34351,6.16367,430,57827,0.0500321,0.17,1,111624,111194,430
7473641,2.4687,5.23273,427,57863,0.0500064,0.13,1,111626,111199,427
7476561,3.69374,2.64655,429,57899,0.0500013,0.11,1,111630,111201,429
7479481,2.33875,4.52931,426,57935,0.0500003,0.11,1,111632,111206,426
7482401,5.26775,2.50586,430,57971,0.0500001,0.11,1,111638,111208,430
7483861,161.854,5.30117,625,58007,0.066,0.03,1,111839,111214,625
7486781,43.5707,174.66,422,58043,0.0852,0.09,1,111853,111431,422
7489701,77.5141,102.132,424,58079,0.10504,0.05,1,111939,111515,424
7492621,17.1028,22.0264,424,58115,0.109008,0.07,1,111941,111517,424
7495541,15.4206,15.6053,425,58151,0.125802,0.11,1,111956,111531,425
7498461,4.68411,4.72106,425,58187,0.0971603,0.07,1,111958,111533,425
7501381,10.5368,10.5442,425,58223,0.123432,0.11,1,111970,111545,425
7504301,14.9074,14.9088,425,58259,0.0966864,0.07,1,111986,111561,425
7507221,4.58147,4.58177,425,58295,0.123337,0.07,1,111988,111563,425
7510141,7.31629,7.31635,425,58331,0.0966675,0.07,1,111996,111571,425
7513061,9.46326,9.46327,425,58367,0.0913335,0.07,1,112006,111581,425
7515981,6.69265,6.69265,425,58403,0.0902667,0.05,1,112012,111587,425
7518901,6.13853,6.93853,424,58439,0.138053,0.05,1,112018,111594,424
7521821,20.4277,20.5877,424,58475,0.147611,0.05,1,112042,111618,424
7524741,5.68554,5.71754,424,58511,0.149522,0.05,1,112044,111620,424
7527661,4.33711,4.34351,424,58547,0.149904,0.05,1,112048,111624,424
7530581,2.46742,2.4687,424,58583,0.149981,0.05,1,112050,111626,424
7533501,3.69348,3.69374,424,58619,0.117996,0.05,1,112054,111630,424
7536421,2.3387,2.33875,424,58655,0.143599,0.05,1,112056,111632,424
7539341,5.26774,5.26775,424,58691,0.14872,0.07,1,112062,111638,424
7542261,172.254,161.854,437,58727,0.213744,0.09,1,112276,111839,437
7545181,105.651,43.5707,512,58763,0.322749,0.11,1,112365,111853,512
7548101,22.7301,77.5141,428,58799,0.34455,0.11,1,112367,111939,428
7551021,15.746,17.1028,440,58835,0.34891,0.13,1,112381,111941,440
7553941,4.74921,15.4206,427,58871,0.349782,0.09,1,112383,111956,427
7556861,10.5498,4.68411,437,58907,0.349956,0.13,1,112395,111958,437
7559781,14.91,10.5368,441,58943,0.365991,0.09,1,112411,111970,441
7562701,4.58199,14.9074,427,58979,0.369198,0.13,1,112413,111986,427
7565621,7.3164,4.58147,433,59015,0.36984,0.09,1,112421,111988,433
7568541,9.46328,7.31629,435,59051,0.369968,0.09,1,112431,111996,435
7571461,3.49266,9.46326,427,59087,0.369994,0.09,1,112433,112006,427
7574381,5.49853,6.69265,427,59123,0.369999,0.15,1,112439,112012,427
7577301,5.89971,6.13853,427,59159,0.402,0.15,1,112445,112018,427
7580221,20.3799,20.4277,427,59195,0.4084,0.15,1,112469,112042,427
7583141,5.67599,5.68554,427,59231,0.40968,0.15,1,112471,112044,427
7586061,4.3352,4.33711,427,59266,0.377936,0.15,1,112475,112048,427
7588981,2.46704,2.46742,427,59301,0.371587,0.11,1,112477,112050,427
7591901,3.69341,3.69348,427,59336,0.370317,0.15,1,112481,112054,427
7594821,2.33868,2.3387,427,59371,0.370063,0.15,1,112483,112056,427
7597741,5.26774,5.26774,427,59406,0.370013,0.23,1,112489,112062,427
7600661,177.054,172.254,433,59441,0.434003,0.35,1,112709,112276,433
7603581,111.411,105.651,439,59476,0.5668,0.35,1,112804,112365,439
7606501,23.8821,22.7301,439,59511,0.64136,0.35,1,112806,112367,439
7609421,15.9764,15.746,439,59546,0.664272,0.35,1,112820,112381,439
7612341,4.79529,4.74921,439,59581,0.636854,0.35,1,112822,112383,439
7615261,11.3591,10.5498,440,59616,0.647371,0.37,1,112835,112395,440
7618181,15.0718,14.91,440,59651,0.649474,0.37,1,112851,112411,440
7621101,4.61436,4.58199,440,59686,0.649895,0.37,1,112853,112413,440
7624021,7.32287,7.3164,440,59721,0.649979,0.37,1,112861,112421,440
7626941,9.46457,9.46328,440,59756,0.665996,0.37,1,112871,112431,440
7629861,3.49291,3.49266,440,59791,0.669199,0.37,1,112873,112433,440
7632781,5.49858,5.49853,440,59826,0.66984,0.41,1,112879,112439,440
7635701,5.89972,5.89971,440,59861,0.669968,0.41,1,112885,112445,440
7638621,20.3799,20.3799,440,59896,0.685994,0.41,1,112909,112469,440
7641541,5.67599,5.67599,440,59931,0.689199,0.37,1,112911,112471,440
7644461,4.3352,4.3352,440,59966,0.68984,0.37,1,112915,112475,440
7647381,2.46704,2.46704,440,60001,0.689968,0.37,1,112917,112477,440
7650301,3.69341,3.69341,440,60036,0.689994,0.37,1,112921,112481,440
7653221,2.33868,2.33868,440,60071,0.689999,0.37,1,112923,112483,440
7656141,5.26774,5.26774,440,60106,0.69,0.45,1,112929,112489,440
7659061,180.254,177.054,444,60141,0.802,0.6,2,113153,112709,444
7661981,119.251,111.411,453,60176,0.7764,0.66,2,113257,112804,453
7664901,25.4501,23.8821,453,60211,0.74728,0.67,1,113259,112806,453
7667821,16.29,15.9764,453,60246,0.749456,0.63,1,113273,112820,453
7670741,4.85801,4.79529,453,60281,0.781891,0.65,2,113275,112822,453
7673661,12.1716,11.3591,454,60316,0.788378,0.65,2,113289,112835,454
7676581,15.2343,15.0718,454,60351,0.805676,0.65,2,113305,112851,454
7679501,4.64686,4.61436,454,60386,0.777135,0.65,2,113307,112853,454
7682421,8.12937,7.32287,455,60421,0.787427,0.67,2,113316,112861,455
7685341,9.62587,9.46457,455,60456,0.773485,0.67,2,113326,112871,455
7688261,3.52517,3.49291,455,60491,0.770697,0.67,2,113328,112873,455
7691181,5.50504,5.49858,455,60526,0.802139,0.67,2,113334,112879,455
7694101,5.90101,1.09972,461,60561,0.776428,0.67,2,113340,112879,461
7697021,20.3802,5.01994,479,60596,0.771286,0.69,2,113364,112885,479
7699941,5.67604,20.204,457,60631,0.770257,0.69,2,113366,112909,457
7702861,4.33521,5.6408,459,60666,0.770051,0.69,2,113370,112911,459
7705781,2.46704,4.32816,457,60701,0.77001,0.69,2,113372,112915,457
7708701,3.69341,2.46563,459,60736,0.770002,0.69,2,113376,112917,459
7711621,2.33868,3.69313,457,60771,0.77,0.69,2,113378,112921,457
7714541,5.26774,2.33863,461,60806,0.77,0.69,2,113384,112923,461
7716001,161.854,5.26773,656,60841,0.802,0.83,2,113585,112929,656
7718921,57.1707,180.254,463,60876,0.8564,0.77,2,113616,113153,463
7721841,91.4341,119.251,459,60911,0.85128,0.74,2,113716,113257,459
7724761,19.8868,25.4501,459,60945,0.858256,0.75,2,113718,113259,459
7727681,15.1774,16.29,459,60979,0.859651,0.79,2,113732,113273,459
7730601,4.63547,4.85801,459,61013,0.85193,0.79,2,113734,113275,459
7733521,12.1271,12.1716,459,61047,0.866386,0.81,2,113748,113289,459
7736441,16.0254,15.2343,460,61081,0.853277,0.77,2,113765,113305,460
7739361,4.80508,4.64686,460,61115,0.882656,0.79,2,113767,113307,460
7742281,8.16102,8.12937,460,61149,0.872531,0.77,2,113776,113316,460
7745201,9.6322,9.62587,460,61183,0.854506,0.77,2,113786,113326,460
7748121,3.52644,3.52517,460,61217,0.882901,0.81,2,113788,113328,460
7751041,5.50529,5.50504,460,61251,0.85658,0.77,2,113794,113334,460
7753961,5.90106,5.90101,460,61285,0.883316,0.77,2,113800,113340,460
7756881,20.3802,20.3802,460,61319,0.888663,0.77,2,113824,113364,460
7759801,5.67604,5.67604,460,61353,0.889733,0.77,2,113826,113366,460
7762721,4.33521,4.33521,460,61387,0.889947,0.77,2,113830,113370,460
7765641,2.46704,2.46704,460,61421,0.889989,0.77,2,113832,113372,460
7768561,3.69341,3.69341,460,61455,0.873998,0.77,2,113836,113376,460
7771481,2.33868,2.33868,460,61489,0.9028,0.77,2,113838,113378,460
7774401,5.26774,5.26774,460,61523,0.90856,0.81,2,113844,113384,460
7777321,188.254,161.854,493,61557,0.893712,0.87,2,114078,113585,493
7780241,118.451,57.1707,563,61591,0.922742,0.85,2,114179,113616,563
7783161,25.2901,91.4341,465,61625,0.928549,0.86,2,114181,113716,465
7786081,17.058,19.8868,478,61659,0.93771,0.86,2,114196,113718,478
7789001,5.01161,15.1774,466,61693,0.939542,0.85,2,114198,113732,466
8175901,8,8,487,66066,0.83,1,2,117099,116612,487
8178821,6.4,7.2,486,66098,0.83,1,2,117105,116619,486
8181741,10.88,7.04,491,66130,0.798,1,2,117117,116626,491
8184661,10.176,13.408,486,66162,0.7436,1,1,117127,116641,486
8187581,10.0352,10.6816,486,66194,0.71672,1,1,117137,116651,486
8190501,13.207,8.53632,492,66226,0.679344,1,1,117151,116659,492
8193421,6.64141,9.70726,487,66258,0.655869,1,1,117156,116669,487
8196341,9.32828,11.5415,485,66290,0.587174,1,1,117166,116681,485
8199261,9.06566,10.3083,484,66322,0.557435,1,1,117175,116691,484
8202181,9.01313,8.46166,485,66354,0.583487,1,1,117184,116699,485
8205101,8.20263,8.09233,485,66386,0.572697,1,1,117192,116707,485
8208021,5.64053,1.61847,490,66418,0.682539,1,1,117197,116707,490
8210941,3.52811,6.72369,485,66450,0.688508,1,1,117200,116715,485
8213861,4.70562,6.14474,484,66482,0.689702,1,1,117205,116721,484
8216781,138.541,6.02895,650,66514,0.37794,1,1,117377,116727,650
8219701,126.108,146.006,592,66546,0.115588,0.98,1,117500,116908,592
8222621,30.0216,126.001,477,66578,0.0871176,0.95,1,117506,117029,477
8225541,18.0043,33.2002,482,66610,0.0254235,1,1,117521,117039,482
8228461,9.20087,19.44,473,66642,0.0130847,0.95,1,117528,117055,473
8231381,9.04017,10.288,474,66673,0.0906169,0.88,1,117537,117063,474
8234301,9.00803,10.0576,473,66704,0.0901234,0.87,1,117546,117073,473
8237221,5.80161,10.0115,468,66735,0.0740247,0.86,1,117551,117083,468
8240141,6.76032,8.4023,467,66766,0.0548049,0.83,1,117558,117091,467
8243061,5.35206,8.08046,464,66797,0.258961,0.83,1,117563,117099,464
8245981,9.87041,6.41609,469,66828,0.299792,0.79,1,117574,117105,469
8248901,9.17408,10.8832,466,66859,0.307958,0.73,1,117583,117117,466
8251821,8.23482,10.1766,464,66890,0.277592,0.71,1,117591,117127,464
8254741,11.247,10.0353,466,66921,0.271518,0.67,1,117603,117137,466
8257661,3.84939,13.2071,454,66952,0.270304,0.65,1,117605,117151,454
8260581,8.76988,6.64141,459,66983,0.286061,0.57,1,117615,117156,459
8263501,9.75398,9.32828,459,67014,0.225212,0.55,1,117625,117166,459
8266421,9.9508,9.06566,460,67045,0.181042,0.59,1,117635,117175,460
8269341,12.3902,9.01313,464,67076,0.252208,0.57,1,117648,117184,464
8272261,5.67803,8.20263,460,67107,0.202442,0.71,1,117652,117192,460
8275181,2.73561,5.64053,457,67138,0.192488,0.69,1,117654,117197,457
8278101,3.74712,3.52811,458,67169,0.158498,0.69,1,117658,117200,458
8281021,123.149,4.70562,606,67200,0.2637,0.3,1,117811,117205,606
8283941,115.03,138.541,547,67231,0.25274,0.05,1,117924,117377,547
8286861,27.806,126.108,430,67262,0.290548,0.08,1,117930,117500,430
8289781,19.1612,30.0216,441,67293,0.22611,0.01,1,117947,117506,441
8292701,8.63224,18.0043,432,67324,0.181222,0.01,1,117953,117521,432
8295621,8.12645,9.20087,433,67355,0.108244,0.11,1,117961,117528,433
8298541,8.02529,9.04017,432,67386,0.197649,0.09,1,117969,117537,432
8301461,16.0051,9.00803,441,67417,0.22353,0.07,1,117987,117546,441
8304381,8.00101,5.80161,442,67448,0.228706,0.05,1,117993,117551,442
8307301,5.6002,6.76032,440,67479,0.245741,0.31,1,117998,117558,440
8310221,9.92004,5.35206,446,67510,0.265148,0.31,1,118009,117563,446
8313141,8.38401,9.87041,443,67541,0.26903,0.31,1,118017,117574,443
8316061,8.0768,9.17408,442,67572,0.269806,0.27,1,118025,117583,442
8318981,12.0154,8.23482,447,67603,0.253961,0.27,1,118038,117591,447
8321901,4.00307,11.247,437,67634,0.282792,0.27,1,118040,117603,437
8324821,5.60061,3.84939,441,67665,0.288558,0.29,1,118046,117605,441
8327741,7.52012,8.76988,439,67696,0.289712,0.21,1,118054,117615,439
8330661,14.304,9.75398,445,67727,0.289942,0.17,1,118070,117625,445
8333581,7.6608,9.9508,441,67758,0.289988,0.27,1,118076,117635,441
8336501,4.73216,12.3902,432,67789,0.289998,0.19,1,118080,117648,432
8339421,2.54643,5.67803,430,67820,0.29,0.19,1,118082,117652,430
8342341,2.10929,2.73561,430,67851,0.29,0.15,1,118084,117654,430
8345261,3.62186,3.74712,430,67882,0.29,0.29,1,118088,117658,430
8348181,126.324,123.149,434,67913,0.282,0.25,1,118245,117811,434
8351101,116.465,115.03,435,67944,0.2884,0.3,1,118359,117924,435
8354021,28.093,27.806,435,67975,0.19368,0.21,1,118365,117930,435
8356941,12.0186,19.1612,426,68006,0.262736,0.17,1,118373,117947,426
8359861,12.8037,8.63224,433,68037,0.292547,0.09,1,118386,117953,433
8362781,8.96074,8.12645,433,68068,0.210509,0.22,1,118394,117961,433
8365701,8.19215,8.02529,433,68099,0.162102,0.23,1,118402,117969,433
8368621,16.0384,16.0051,433,68130,0.28042,0.23,1,118420,117987,433
8371541,8.00769,8.00101,433,68161,0.304084,0.25,1,118426,117993,433
8374461,6.40154,5.6002,434,68192,0.276817,0.27,1,118432,117998,434
8377381,10.8803,9.92004,435,68223,0.271363,0.27,1,118444,118009,435
8380301,8.57606,8.38401,435,68254,0.286273,0.27,1,118452,118017,435
8383221,8.11521,8.0768,435,68285,0.289255,0.25,1,118460,118025,435
8386141,12.823,12.0154,436,68316,0.305851,0.29,1,118474,118038,436
8389061,4.16461,4.00307,436,68347,0.30917,0.29,1,118476,118040,436
8391981,5.63292,5.60061,436,68378,0.309834,0.29,1,118482,118046,436
8394901,7.52658,7.52012,436,68409,0.325967,0.29,1,118490,118054,436
8397821,14.3053,14.304,436,68440,0.361193,0.29,1,118506,118070,436
8400741,7.66106,7.6608,436,68471,0.352239,0.29,1,118512,118076,436
8403661,4.73221,4.73216,436,68502,0.350448,0.29,1,118516,118080,436
8406581,2.54644,2.54643,436,68533,0.35009,0.29,1,118518,118082,436
8409501,2.10929,2.10929,436,68564,0.350018,0.29,1,118520,118084,436
8412421,3.62186,3.62186,436,68595,0.350004,0.28,1,118524,118088,436
8415341,126.324,126.324,436,68626,0.358001,0.29,1,118681,118245,436
8418261,111.665,116.465,430,68657,0.3996,0.17,1,118789,118359,430
8421181,31.933,28.093,436,68688,0.40792,0.28,1,118801,118365,436
8424101,12.7866,12.0186,436,68719,0.313584,0.3,1,118809,118373,436
8427021,7.35732,12.8037,429,68750,0.294717,0.19,1,118815,118386,429
8429941,12.6715,8.96074,435,68781,0.378943,0.15,1,118829,118394,435
8432861,8.93429,8.19215,435,68811,0.331789,0.31,1,118837,118402,435
8435781,16.1869,16.0384,435,68841,0.418358,0.31,1,118855,118420,435
8438701,8.03737,8.00769,435,68871,0.443672,0.27,1,118861,118426,435
8441621,6.40747,6.40154,435,68901,0.408734,0.27,1,118867,118432,435
8444541,11.6815,10.8803,436,68931,0.425747,0.29,1,118880,118444,436
8447461,9.5363,8.57606,437,68961,0.413149,0.29,1,118889,118452,437
8450381,8.30726,8.11521,437,68991,0.41063,0.31,1,118897,118460,437
8453301,12.8615,12.823,437,69021,0.378126,0.31,1,118911,118474,437
8456221,4.17229,4.16461,437,69051,0.371625,0.31,1,118913,118476,437
8459141,6.43446,5.63292,438,69081,0.386325,0.33,1,118920,118482,438
8462061,7.68689,7.52658,438,69111,0.389265,0.37,1,118928,118490,438
8464981,15.1374,14.3053,439,69141,0.373853,0.35,1,118945,118506,439
8467901,7.82748,7.66106,439,69171,0.402771,0.35,1,118951,118512,439
8470821,4.7655,4.73221,439,69201,0.376554,0.35,1,118955,118516,439
8473741,2.5531,2.54644,439,69231,0.403311,0.35,1,118957,118518,439
8476661,2.91062,2.10929,440,69261,0.392662,0.35,1,118960,118520,440
8479581,3.78212,3.62186,440,69291,0.390532,0.35,1,118964,118524,440
8482501,125.556,0.724372,596,69321,0.294106,0.36,1,119120,118524,596
8485421,113.111,125.745,549,69351,0.322821,0.41,1,119230,118681,549
8488341,27.4223,111.549,447,69381,0.328564,0.41,1,119236,118789,447
8491261,16.6845,31.9098,449,69411,0.329713,0.29,1,119250,118801,449
8494181,8.13689,12.782,447,69441,0.265943,0.29,1,119256,118809,447
8497101,8.02738,7.35639,449,69471,0.277189,0.4,1,119264,118815,449
8500021,12.8055,12.6713,449,69501,0.327438,0.32,1,119278,118829,449
8502941,16.9611,8.93426,459,69531,0.233488,0.44,1,119296,118837,459
8505861,8.19222,16.1869,447,69561,0.302698,0.45,1,119302,118855,447
8508781,6.43844,8.03737,447,69591,0.316539,0.4,1,119308,118861,447
8511701,10.8877,6.40747,453,69621,0.327308,0.43,1,119320,118867,453
8514621,8.57754,11.6815,448,69651,0.329462,0.41,1,119328,118880,448
8517541,8.11551,9.5363,447,69681,0.329892,0.41,1,119336,118889,447
8520461,12.8231,8.30726,453,69711,0.345978,0.37,1,119350,118897,453
8523381,4.16462,12.8615,441,69741,0.349196,0.37,1,119352,118911,441
8526301,5.63292,4.17229,445,69771,0.349839,0.39,1,119358,118913,445
8529221,7.52658,6.43446,446,69801,0.365968,0.39,1,119366,118920,446
8532141,15.9053,7.68689,456,69831,0.369194,0.37,1,119384,118928,456
8535061,7.98106,15.1374,445,69861,0.369839,0.41,1,119390,118945,445
8537981,4.79621,7.82748,443,69891,0.385968,0.37,1,119394,118951,443
8540901,2.55924,4.7655,441,69921,0.389194,0.41,1,119396,118955,441
8543821,2.11185,2.5531,441,69951,0.389839,0.39,1,119398,118957,441
8546741,3.62237,2.91062,442,69981,0.389968,0.39,1,119402,118960,442
8549661,125.524,3.78212,594,70011,0.365994,0.27,1,119558,118964,594
8552581,112.305,125.556,547,70041,0.465199,0.33,1,119667,119120,547
8555501,27.261,113.111,443,70071,0.48504,0.33,1,119673,119230,443
8558421,15.0522,27.4223,449,70101,0.505008,0.33,1,119685,119236,449
8561341,7.81044,16.6845,441,70131,0.477002,0.25,1,119691,119250,441
8564261,9.56209,8.13689,445,70161,0.4954,0.28,1,119701,119256,445
8567181,8.31242,8.02738,445,70191,0.46708,0.34,1,119709,119264,445
8570101,20.8625,12.8055,455,70221,0.485416,0.21,1,119733,119278,455
8573021,8.9725,16.9611,443,70251,0.497083,0.32,1,119739,119296,443
8575941,6.5945,8.19222,443,70281,0.499417,0.32,1,119745,119302,443
8578861,10.9189,6.43844,449,70311,0.499883,0.33,1,119757,119308,449
8581781,8.58378,10.8877,445,70341,0.507977,0.33,1,119765,119320,445
8584701,8.11676,8.57754,445,70371,0.509595,0.33,1,119773,119328,445
8587621,14.4234,8.11551,453,70401,0.541919,0.35,1,119789,119336,453
8590541,4.48467,12.8231,441,70431,0.548384,0.35,1,119791,119350,441
8593461,5.69693,4.16462,445,70461,0.549677,0.35,1,119797,119352,445
8596381,7.53939,5.63292,447,70491,0.549935,0.37,1,119805,119358,447
8599301,16.7079,7.52658,458,70521,0.533987,0.37,1,119824,119366,458
8602221,8.14158,15.9053,446,70551,0.562797,0.37,1,119830,119384,446
8605141,4.82832,7.98106,444,70581,0.568559,0.39,1,119834,119390,444
8608061,2.56566,4.79621,442,70611,0.569712,0.39,1,119836,119394,442
8610981,2.11313,2.55924,442,70641,0.569942,0.39,1,119838,119396,442
8613901,3.62263,2.11185,444,70671,0.569988,0.39,1,119842,119398,444
8616821,125.525,3.62237,596,70701,0.577998,0.36,1,119998,119402,596
8619741,116.305,125.524,554,70731,0.6116,0.49,1,120112,119558,554
8622661,28.061,112.305,451,70761,0.62632,0.49,1,120118,119667,451
8625581,7.2122,27.261,447,70791,0.629264,0.51,1,120120,119673,447
8628501,7.84244,15.0522,443,70821,0.629853,0.47,1,120128,119685,443
8631421,9.56849,7.81044,447,70851,0.629971,0.5,1,120138,119691,447
8634341,9.9137,9.56209,447,70881,0.565994,0.46,1,120148,119701,447
8637261,8.38274,8.31242,447,70911,0.609199,0.49,1,120156,119709,447
8640181,20.8765,20.8625,447,70941,0.54584,0.5,1,120180,119733,447
8643101,8.97531,8.9725,447,70971,0.629168,0.5,1,120186,119739,447
8646021,6.59506,6.5945,447,71001,0.613834,0.5,1,120192,119745,447
8648941,10.919,10.9189,447,71031,0.618767,0.51,1,120204,119757,447
8651861,8.5838,8.58378,447,71061,0.619753,0.51,1,120212,119765,447
8654781,8.11676,8.11676,447,71090,0.627951,0.55,1,120220,119773,447
8657701,16.0234,14.4234,449,71119,0.62959,0.55,1,120238,119789,449
8660621,4.80467,4.48467,449,71148,0.629918,0.55,1,120240,119791,449
8663541,5.76093,5.69693,449,71177,0.629984,0.55,1,120246,119797,449
8666461,7.55219,7.53939,449,71206,0.629997,0.53,1,120254,119805,449
8669381,17.5104,16.7079,450,71235,0.677999,0.57,1,120274,119824,450
8672301,8.30209,8.14158,450,71264,0.6556,0.57,1,120280,119830,450
8675221,4.86042,4.82832,450,71293,0.66712,0.57,1,120284,119834,450
8678141,2.57208,2.56566,450,71322,0.669424,0.57,1,120286,119836,450
8681061,2.11442,2.11313,450,71351,0.669885,0.57,1,120288,119838,450
8683981,3.62288,3.62263,450,71380,0.669977,0.58,1,120292,119842,450
8686901,123.125,125.525,447,71409,0.693995,0.62,1,120445,119998,447
8689821,120.625,116.305,453,71438,0.882799,0.63,2,120565,120112,453
8692741,28.925,28.061,453,71467,0.92856,0.63,2,120571,120118,453
8695661,7.385,7.2122,453,71496,0.937712,0.63,2,120573,120120,453
8698581,7.877,7.84244,453,71525,0.939542,0.63,2,120581,120128,453
8701501,6.3754,9.56849,449,71554,0.939909,0.55,2,120587,120138,449
9016861,10,8,506,74646,0.86,1,2,122634,122128,506
9046061,111,124,476,74926,0,1,1,122918,122442,476
9048981,36.6,36,480,74954,0,1,1,122936,122456,480
9051901,19.32,18.4,481,74982,0.024,1,1,122951,122470,481
9054821,15.064,12.48,484,75010,0.0048,1,1,122965,122481,484
9057741,15.8128,11.296,489,75038,0.00096,1,1,122981,122492,489
9060661,15.1626,11.0592,493,75066,0.000192,1,1,122996,122503,493
9063581,13.4325,9.41184,497,75094,0.0080384,1,1,123009,122512,497
9066501,15.4865,9.08237,504,75122,0.00160768,1,1,123025,122521,504
9069421,12.6973,9.81647,506,75150,0.0563215,1,1,123037,122531,506
9072341,14.5395,1.96329,521,75178,0.0112643,1,1,123052,122531,521
9075261,9.30789,15.5927,510,75206,0.00225286,1,1,123060,122550,510
9078181,11.4616,21.5185,499,75234,0.0404506,1,1,123072,122573,499
9081101,7.89232,17.1037,490,75262,0.0160901,1,1,123079,122589,490
9084021,9.57846,13.8207,487,75290,0.027218,0.86,1,123089,122602,487
9086941,9.11569,12.3641,484,75318,0.0294436,0.84,1,123098,122614,484
9089861,9.02314,10.4728,483,75346,0.0298887,0.86,1,123107,122624,483
9092781,8.20463,10.0946,481,75374,0.00597774,0.9,1,123115,122634,481
9095701,6.44093,9.21891,478,75402,0.00919555,1,1,123121,122643,478
9098621,4.48819,6.64378,476,75430,0.0258391,0.99,1,123125,122649,476
9101541,8.89764,6.12876,480,75458,0.0291678,1,1,123135,122655,480
9104461,6.57953,9.22575,476,75486,0.00583356,1,1,123141,122665,476
9107381,6.11591,5.84515,477,75514,0.00916671,1,1,123147,122670,477
9110301,11.6232,4.36903,486,75542,0.0258333,1,1,123160,122674,486
9113221,8.72464,16.0738,475,75570,0.00516667,0.92,1,123168,122693,475
9116141,49.7449,13.6148,522,75598,0.00903333,0.09,1,123228,122706,522
9119061,98.749,83.523,532,75626,0.00180667,0,1,123339,122807,532
9121981,34.1498,105.505,439,75654,0.616361,0,1,123357,122918,439
9124901,18.83,35.5009,436,75682,0.659272,0.03,1,123372,122936,436
9127821,15.766,19.1002,436,75710,0.571854,0,1,123387,122951,436
9130741,15.1532,15.02,437,75738,0.426371,0,1,123402,122965,437
9133661,15.8306,15.804,437,75766,0.317274,0,1,123418,122981,437
9136581,12.7661,15.1608,434,75794,0.247455,0.01,1,123430,122996,434
9139501,16.9532,13.4322,439,75822,0.137491,0,1,123448,123009,439
9142421,12.1906,15.4864,434,75850,0.0514982,0.07,1,123459,123025,434
9145341,14.4381,12.6973,437,75878,0.0342996,0,1,123474,123037,437
9148261,9.28763,14.5395,430,75906,0.00685993,0,1,123482,123052,430
9151181,11.4575,9.30789,434,75934,0.041372,0.05,1,123494,123060,434
9154101,7.8915,11.4616,429,75962,0.0322744,0.01,1,123501,123072,429
9157021,9.5783,7.89232,432,75990,0.0464549,0.03,1,123511,123079,432
9159941,9.11566,9.57846,431,76018,0.033291,0.03,1,123520,123089,431
9162861,9.02313,9.11569,431,76046,0.0306582,0.03,1,123529,123098,431
9165781,8.20463,9.02314,430,76074,0.0301316,0,1,123537,123107,430
9168701,5.64093,8.20463,427,76102,0.0140263,0.01,1,123542,123115,427
9171621,5.12818,6.44093,426,76130,0.0268053,0.03,1,123547,123121,426
9174541,8.22564,4.48819,431,76157,0.0453611,0.03,1,123556,123125,431
9177461,6.44513,8.89764,427,76184,0.0490722,0,1,123562,123135,427
9180381,6.88903,6.57953,428,76211,0.0658144,0.01,1,123569,123141,428
9183301,10.9778,6.11591,434,76238,0.0371629,0.03,1,123581,123147,434
9186221,8.59556,11.6232,429,76265,0.0154326,0,1,123589,123160,429
9189141,49.7191,8.72464,481,76292,0.0270865,0.01,1,123649,123168,481
9192061,98.7438,49.7449,532,76319,0.0054173,0,1,123760,123228,532
9194981,62.9488,98.749,475,76346,0.00908346,0.77,1,123814,123339,475
9197901,19.7898,34.1498,466,76373,0.0258167,0.67,1,123823,123357,466
9200821,8.75795,18.83,457,76400,0.00516334,0.55,1,123829,123372,457
9203741,10.5516,15.766,453,76427,0.0410327,0.39,1,123840,123387,453
9206661,10.1103,15.1532,448,76454,0.0802065,0.29,1,123850,123402,448
9209581,7.62206,15.8306,439,76481,0.0400413,0.23,1,123857,123418,439
9212501,11.1244,12.7661,439,76508,0.0320083,0.11,1,123869,123430,439
9215421,11.8249,16.9532,433,76535,0.0624017,0.03,1,123881,123448,433
9218341,14.365,12.1906,437,76562,0.0524803,0.03,1,123896,123459,437
9221261,9.273,14.4381,430,76589,0.0344961,0,1,123904,123474,430
9224181,3.4546,9.28763,424,76616,0.0308992,0.05,1,123906,123482,424
9227101,9.49092,11.4575,423,76643,0.0461798,0.03,1,123917,123494,423
9230021,8.29818,7.8915,424,76670,0.049236,0.05,1,123925,123501,424
9232941,8.05964,9.5783,422,76697,0.0178472,0.03,1,123933,123511,422
9235861,10.4119,9.11566,424,76724,0.0275694,0.03,1,123944,123520,424
9238781,8.48239,9.02313,423,76751,0.00551389,0.03,1,123952,123529,423
9241701,8.09648,8.20463,423,76778,0.0411028,0.01,1,123960,123537,423
9244621,6.4193,5.64093,424,76805,0.0162206,0.03,1,123966,123542,424
9247541,4.48386,5.12818,423,76832,0.00324411,0.05,1,123970,123547,423
9250461,8.89677,8.22564,424,76859,0.00864882,0.05,1,123980,123556,424
9253381,4.97935,6.44513,422,76886,0.0257298,0.07,1,123984,123562,422
9256301,7.39587,6.88903,423,76913,0.029146,0.03,1,123992,123569,423
9259221,11.0792,10.9778,423,76940,0.0138292,0.01,1,124004,123581,423
9262141,11.8158,8.59556,427,76967,0.0267658,0.03,1,124016,123589,427
9265061,49.5632,49.7191,426,76994,0.0293532,0,1,124075,123649,426
9267981,97.1126,98.7438,424,77021,0.0298706,0.01,1,124184,123760,424
9270901,61.0225,62.9488,422,77048,0.0139741,0.03,1,124236,123814,422
9273821,21.0045,19.7898,424,77075,0.0267948,0,1,124247,123823,424
9276741,8.2009,8.75795,423,77102,0.029359,0.05,1,124252,123829,423
9279661,12.8402,10.5516,426,77129,0.0138718,0.09,1,124266,123840,426
9282581,7.36804,10.1103,422,77156,0.0107744,0.03,1,124272,123850,422
9285501,7.87361,7.62206,423,77183,0.0421549,0.03,1,124280,123857,423
9288421,12.7747,11.1244,425,77210,0.016431,0.07,1,124294,123869,425
9291341,9.75494,11.8249,422,77237,0.0272862,0.05,1,124303,123881,422
9294261,14.751,14.365,423,77264,0.0294572,0.03,1,124319,123896,423
9297181,9.3502,9.273,423,77291,0.0138914,0.03,1,124327,123904,423
9300101,3.47004,3.4546,423,77318,0.0107783,0.05,1,124329,123906,423
9303021,8.69401,9.49092,422,77345,0.0101557,0.05,1,124339,123917,422
9305941,8.1388,8.29818,422,77372,0.0420311,0.01,1,124347,123925,422
9308861,8.02776,8.05964,422,77399,0.0484062,0.03,1,124355,123933,422
9311781,10.4056,10.4119,422,77426,0.0496812,0,1,124366,123944,422
9314701,8.48111,8.48239,422,77453,0.0339363,0.05,1,124374,123952,422
9317621,8.09622,8.09648,422,77480,0.0467872,0.01,1,124382,123960,422
9320541,6.41924,6.4193,422,77507,0.0173574,0,1,124388,123966,422
9323461,4.48385,4.48386,422,77534,0.00347149,0.01,1,124392,123970,422
9326381,9.69677,8.89677,423,77561,0.0246943,0.03,1,124403,123980,423
9329301,5.13935,4.97935,423,77588,0.0289389,0.03,1,124407,123984,423
9332221,6.62787,7.39587,422,77615,0.0297878,0.01,1,124414,123992,422
9335141,10.9256,11.0792,422,77642,0.0459576,0.03,1,124426,124004,422
9338061,11.7851,11.8158,422,77669,0.0171915,0.03,1,124438,124016,422
9340981,49.557,49.5632,422,77696,0.0434383,0.03,1,124497,124075,422
9343901,97.9114,97.1126,423,77723,0.0326877,0.01,1,124607,124184,423
9346821,60.3823,61.0225,422,77750,0.0465375,0.03,1,124658,124236,422
9349741,20.8765,21.0045,422,77777,0.0333075,0.03,1,124669,124247,422
9352661,8.17529,8.2009,422,77804,0.0146615,0.01,1,124674,124252,422
9355581,12.8351,12.8402,422,77831,0.0109323,0.01,1,124688,124266,422
9358501,7.36701,7.36804,422,77858,0.0421865,0.05,1,124694,124272,422
9361421,7.8734,7.87361,422,77885,0.0484373,0.01,1,124702,124280,422
9364341,12.7747,12.7747,422,77912,0.0496875,0.03,1,124716,124294,422
9367261,9.75494,9.75494,422,77939,0.0339375,0.03,1,124725,124303,422
9370181,14.751,14.751,422,77966,0.0147875,0.01,1,124741,124319,422
9373101,9.3502,9.3502,422,77993,0.0429575,0.01,1,124749,124327,422
9376021,3.47004,3.47004,422,78020,0.0165915,0.01,1,124751,124329,422
9378941,8.69401,8.69401,422,78047,0.0113183,0.05,1,124761,124339,422
9381861,8.1388,8.1388,422,78074,0.0422637,0.05,1,124769,124347,422
9384781,8.02776,1.62776,430,78101,0.0804527,0.05,1,124777,124347,430
9387701,9.60555,6.72555,432,78128,0.0560905,0.05,1,124787,124355,432
9390621,8.32111,10.1451,429,78155,0.0512181,0.03,1,124795,124366,429
9393541,8.06422,8.42902,429,78182,0.0182436,0.05,1,124803,124374,429
9396461,6.41284,8.0858,427,78209,0.0276487,0.01,1,124809,124382,427
9399381,4.48257,6.41716,425,78236,0.00552974,0,1,124813,124388,425
9402301,9.69651,4.48343,432,78263,0.025106,0.03,1,124824,124392,432
9405221,5.1393,9.69669,425,78290,0.0290212,0.03,1,124828,124403,425
9408141,6.62786,5.13934,428,78317,0.0298042,0.03,1,124835,124407,428
9411061,10.9256,6.62787,433,78344,0.0139608,0.05,1,124847,124414,433
9413981,11.7851,10.9256,433,78371,0.0267922,0.01,1,124859,124426,433
9416901,49.557,11.7851,480,78398,0.0293584,0.05,1,124918,124438,480
9419821,97.9114,49.557,531,78425,0.0298717,0.03,1,125028,124497,531
9422741,60.3823,97.9114,472,78452,0.0139743,0.05,1,125079,124607,472
9425661,20.8765,60.3823,432,78479,0.0267949,0.03,1,125090,124658,432
9428581,8.17529,20.8765,426,78506,0.029359,0.01,1,125095,124669,426
9431501,12.8351,8.17529,435,78533,0.0138718,0.01,1,125109,124674,435
9434421,7.36701,12.8351,427,78560,0.0427744,0.05,1,125115,124688,427
9437341,7.8734,7.36701,429,78587,0.0485549,0.05,1,125123,124694,429
9440261,12.7747,7.8734,435,78614,0.049711,0.05,1,125137,124702,435
9443181,9.75494,12.7747,430,78641,0.0339422,0.03,1,125146,124716,430
9446101,14.751,9.75494,437,78668,0.0307884,0.01,1,125162,124725,437
9449021,9.3502,14.751,429,78695,0.0461577,0.05,1,125170,124741,429
9451941,3.47004,9.3502,423,78722,0.0492315,0.01,1,125172,124749,423
9454861,10.294,3.47004,433,78749,0.0498463,0.01,1,125184,124751,433
9457781,8.4588,8.69401,431,78776,0.0819693,0.05,1,125192,124761,431
9460701,8.09176,8.1388,431,78803,0.0883939,0.09,1,125200,124769,431
9463621,8.01835,8.02776,431,78830,0.0896788,0.05,1,125208,124777,431
9466541,8.80367,9.60555,430,78857,0.0739358,0.05,1,125217,124787,430
9469461,7.36073,8.32111,429,78884,0.102787,0.01,1,125224,124795,429
9472381,6.27215,8.06422,427,78911,0.108557,0.03,1,125230,124803,427
9475301,4.45443,6.41284,425,78938,0.0777115,0,1,125234,124809,425
9478221,9.69089,4.48257,432,78965,0.0875423,0.03,1,125245,124813,432
9481141,5.13818,9.69651,425,78991,0.0575085,0.03,1,125249,124824,425
9484061,6.62764,5.1393,428,79017,0.0675017,0.03,1,125256,124828,428
9486981,10.9255,6.62786,433,79043,0.0215003,0.01,1,125268,124835,433
9489901,11.7851,10.9256,433,79069,0.0123001,0.03,1,125280,124847,433
9492821,50.357,11.7851,481,79095,0.02646,0.03,1,125340,124859,481
9495741,98.0714,49.557,532,79121,0.029292,0.03,1,125450,124918,532
9498661,59.6143,97.9114,472,79147,0.0458584,0.01,1,125500,125028,472
9501581,20.7229,60.3823,432,79173,0.0331717,0.03,1,125511,125079,432
9504501,8.14457,20.8765,426,79199,0.00663434,0.03,1,125516,125090,426
9507421,14.4289,8.17529,437,79225,0.00132687,0.01,1,125532,125095,437
9510341,7.68578,12.8351,429,79251,0.0242654,0.05,1,125538,125109,429
9513261,7.93716,7.36701,431,79277,0.0288531,0.05,1,125546,125115,431
9516181,12.7874,7.8734,437,79303,0.0297706,0.05,1,125560,125123,437
9519101,8.95749,12.7747,431,79329,0.0299541,0.03,1,125568,125137,431
9522021,15.3915,9.75494,439,79355,0.0139908,0.03,1,125585,125146,439
9524941,9.4783,14.751,431,79381,0.0107982,0.05,1,125593,125162,431
9527861,3.49566,9.3502,425,79407,0.0261596,0.05,1,125595,125170,425
9530781,11.8991,3.47004,437,79433,0.0292319,0.05,1,125609,125172,437
9533701,8.77983,10.294,433,79459,0.0618464,0.09,1,125617,125184,433
9536621,8.15597,8.4588,433,79485,0.0683693,0.09,1,125625,125192,433
9539541,8.03119,8.09176,433,79511,0.0696739,0.09,1,125633,125200,433
9542461,3.20624,8.01835,427,79537,0.0699348,0.07,1,125635,125208,427
9545381,7.04125,8.80367,426,79563,0.069987,0.11,1,125643,125217,426
9548301,6.20825,7.36073,425,79589,0.0699974,0.11,1,125649,125224,425
9551221,6.04165,6.27215,425,79615,0.0699995,0.07,1,125655,125230,425
9554141,4.40833,4.45443,425,79641,0.0699999,0.09,1,125659,125234,425
9557061,8.88167,9.69089,424,79667,0.07,0.05,1,125669,125245,424
9559981,4.97633,5.13818,424,79693,0.07,0.07,1,125673,125249,424
9562901,4.99527,6.62764,422,79719,0.086,0.01,1,125678,125256,422
9565821,10.5991,10.9255,422,79745,0.0572,0.01,1,125690,125268,422
9568741,11.7198,11.7851,422,79771,0.03544,0.03,1,125702,125280,422
9571661,51.144,50.357,423,79797,0.031088,0.03,1,125763,125340,423
9574581,98.2288,98.0714,423,79823,0.0142176,0.05,1,125873,125450,423
9577501,58.8458,59.6143,422,79849,0.0268435,0.03,1,125922,125500,422
9580421,21.3692,20.7229,423,79875,0.0293687,0,1,125934,125511,423
9583341,8.27383,8.14457,423,79901,0.0298737,0,1,125939,125516,423
9586261,14.4548,14.4289,423,79927,0.0299747,0.03,1,125955,125532,423
9589181,7.69095,7.68578,423,79953,0.0139949,0.03,1,125961,125538,423
9592101,7.93819,7.93716,423,79979,0.058799,0.03,1,125969,125546,423
9595021,12.7876,12.7874,423,80005,0.0357598,0.03,1,125983,125560,423
9597941,8.95753,8.95749,423,80031,0.063152,0.01,1,125991,125568,423
9600861,15.3915,15.3915,423,80057,0.0526304,0.01,1,126008,125585,423
9603781,9.4783,9.4783,423,80083,0.0105261,0.03,1,126016,125593,423
9606701,3.49566,3.49566,423,80109,0.0101052,0.03,1,126018,125595,423
9609621,13.4991,11.8991,425,80135,0.010021,0.07,1,126034,125609,425
9612541,9.09983,8.77983,425,80161,0.0420042,0.07,1,126042,125617,425
9615461,8.21997,8.15597,425,80187,0.0484008,0.07,1,126050,125625,425
9618381,8.04399,8.03119,425,80213,0.0496802,0.07,1,126058,125633,425
9621301,3.2088,3.20624,425,80239,0.017936,0.07,1,126060,125635,425
9624221,7.04176,7.04125,425,80265,0.0115872,0.07,1,126068,125643,425
9627141,6.20835,6.20825,425,80291,0.0103174,0.07,1,126074,125649,425
9630061,6.04167,6.04165,425,80317,0.0100635,0.07,1,126080,125655,425
9632981,4.40833,4.40833,425,80343,0.0100127,0.07,1,126084,125659,425
9635901,8.88167,8.88167,425,80369,0.0260025,0.07,1,126094,125669,425
9638821,4.97633,4.97633,425,80395,0.0612005,0.09,1,126098,125673,425
9641741,4.19527,4.99527,424,80421,0.0682401,0.05,1,126102,125678,424
9644661,8.83905,10.5991,422,80447,0.037648,0.03,1,126112,125690,422
9647581,11.3678,11.7198,422,80473,0.0315296,0.03,1,126124,125702,422
9650501,51.0736,51.144,422,80499,0.0143059,0.01,1,126185,125763,422
9653421,98.2147,98.2288,422,80525,0.0268612,0.03,1,126295,125873,422
9656341,59.6429,58.8458,423,80551,0.0613722,0.03,1,126345,125922,423
9659261,20.7286,21.3692,422,80577,0.0522744,0.03,1,126356,125934,422
9662181,8.14572,8.27383,422,80603,0.0344549,0.03,1,126361,125939,422
9665101,14.4291,14.4548,422,80629,0.014891,0.01,1,126377,125955,422
9668021,8.48583,7.69095,423,80655,0.0109782,0.07,1,126384,125961,423
9670941,8.09717,7.93819,423,80681,0.0581956,0.03,1,126392,125969,423
9673861,12.8194,12.7876,423,80707,0.0676391,0.07,1,126406,125983,423
9676781,8.96389,8.95753,423,80733,0.0695278,0.05,1,126414,125991,423
9679701,14.5928,15.3915,422,80759,0.0699056,0,1,126430,126008,422
9682621,9.31856,9.4783,422,80785,0.0379811,0.01,1,126438,126016,422
9685541,3.46371,3.49566,422,80811,0.00759622,0.01,1,126440,126018,422
9688461,13.4927,13.4991,422,80837,0.00951924,0.05,1,126456,126034,422
9691381,9.09855,9.09983,422,80863,0.00990385,0.05,1,126464,126042,422
9694301,8.21971,8.21997,422,80889,0.0419808,0.05,1,126472,126050,422
9697221,8.04394,8.04399,422,80915,0.0163962,0.01,1,126480,126058,422
9700141,3.20879,3.2088,422,80941,0.0112792,0.01,1,126482,126060,422
9703061,7.04176,7.04176,422,80967,0.0262558,0.01,1,126490,126068,422
9705981,6.20835,6.20835,422,80993,0.0612512,0.01,1,126496,126074,422
9708901,6.04167,1.24167,428,81019,0.0682502,0.01,1,126502,126074,428
9711821,4.40833,5.04833,426,81045,0.03765,0.01,1,126506,126080,426
9714741,8.88167,4.20967,432,81071,0.03153,0.03,1,126516,126084,432
9717661,4.97633,8.84193,426,81097,0.030306,0.07,1,126520,126094,426
9720581,4.19527,4.96839,426,81123,0.0460612,0.07,1,126524,126098,426
9723501,8.83905,4.19368,432,81149,0.0492122,0.03,1,126534,126102,432
9726421,10.5678,8.83874,433,81175,0.0658424,0.03,1,126545,126112,433
9729341,50.9136,11.3677,482,81201,0.0371685,0.01,1,126606,126124,482
9732261,98.1827,51.0735,531,81227,0.0474337,0.03,1,126716,126185,531
9735181,60.4365,98.2147,472,81253,0.0174867,0.07,1,126767,126295,472
9738101,20.0873,59.6429,432,81279,0.0274973,0.05,1,126777,126345,432
9741021,8.01746,20.7286,426,81305,0.0454995,0.03,1,126782,126356,426
9743941,14.4035,8.14572,437,81331,0.0330999,0.01,1,126798,126361,437
9746861,9.2807,14.4291,429,81357,0.03062,0.01,1,126806,126377,429
9749781,8.25614,8.48583,430,81383,0.046124,0.07,1,126814,126384,430
9752701,12.8512,8.09717,436,81409,0.0492248,0.07,1,126828,126392,436
9755621,8.97025,12.8194,430,81435,0.065845,0.07,1,126836,126406,430
9758541,13.794,8.96389,437,81461,0.085169,0.07,1,126851,126414,437
9761461,9.15881,14.5928,429,81487,0.0890338,0.03,1,126859,126430,429
9764381,3.43176,9.31856,423,81513,0.0578068,0,1,126861,126438,423
9767301,13.4864,3.46371,437,81539,0.0515614,0.01,1,126877,126440,437
9770221,9.09727,13.4927,429,81565,0.0503123,0.01,1,126885,126456,429
9773141,8.21945,9.09855,429,81591,0.0660625,0.05,1,126893,126464,429
9776061,8.84389,8.21971,430,81617,0.0532125,0.01,1,126902,126472,430
9778981,3.36878,8.04394,424,81643,0.0826425,0.01,1,126904,126480,424
9781901,7.07376,3.20879,430,81669,0.0885285,0.03,1,126912,126482,430
9784821,6.21475,7.04176,428,81695,0.0897057,0.07,1,126918,126490,428
9787741,6.04295,6.20835,428,81721,0.0899411,0.07,1,126924,126496,428
9790661,4.40859,6.04167,426,81747,0.0899882,0.03,1,126928,126502,426
9793581,9.68172,4.40833,433,81773,0.121998,0.03,1,126939,126506,433
9796501,5.13634,8.88167,427,81799,0.1284,0.03,1,126943,126516,427
9799421,4.22727,4.97633,427,81825,0.12968,0.05,1,126947,126520,427
9802341,8.84545,4.19527,433,81851,0.129936,0.05,1,126957,126524,433
9805261,10.5691,8.83905,434,81877,0.145987,0.07,1,126968,126534,434
9808181,49.3138,10.5678,482,81903,0.0851974,0.03,1,127027,126545,482
9811101,97.8628,50.9136,531,81929,0.0410395,0.05,1,127137,126606,531
9814021,61.1726,98.1827,473,81955,0.0482079,0.01,1,127189,126716,473
9816941,20.2345,60.4365,432,81981,0.0336416,0.03,1,127199,126767,432
9819861,7.2469,20.0873,426,82007,0.0307283,0.05,1,127203,126777,426
9822781,15.0494,8.01746,438,82032,0.0301457,0.03,1,127220,126782,438
9825701,10.2099,14.4035,431,82057,0.0140291,0.03,1,127229,126798,431
9828621,8.44198,9.2807,431,82082,0.0108058,0.05,1,127237,126806,431
9831541,13.6884,8.25614,438,82107,0.0101612,0.05,1,127252,126814,438
9834461,9.13768,12.8512,432,82132,0.0420322,0.07,1,127260,126828,432
9837381,13.0275,8.97025,438,82157,0.0644064,0.09,1,127274,126836,438
9840301,9.00551,13.794,431,82182,0.0688813,0.09,1,127282,126851,431
9843221,3.4011,9.15881,425,82207,0.0697763,0.05,1,127284,126859,425
9846141,13.4802,3.43176,439,82232,0.0699553,0.05,1,127300,126861,439
9849061,9.89604,13.4864,432,82257,0.053991,0.05,1,127309,126877,432
9851981,8.37921,9.09727,432,82282,0.0507982,0.07,1,127317,126885,432
9854901,9.67584,8.21945,434,82307,0.0501596,0.05,1,127327,126893,434
9857821,3.53517,8.84389,427,82332,0.0500319,0.09,1,127329,126902,427
9860741,7.10703,3.36878,433,82357,0.0500064,0.09,1,127337,126904,433
9863661,6.22141,7.07376,431,82382,0.0500013,0.09,1,127343,126912,431
9866581,6.04428,6.21475,431,82407,0.0500003,0.09,1,127349,126918,431
9869501,4.40886,6.04295,429,82432,0.0500001,0.09,1,127353,126924,429
9872421,2.48177,4.40859,427,82457,0.05,0.13,1,127355,126928,427
9875341,10.0964,9.68172,428,82482,0.05,0.13,1,127367,126939,428
9878261,5.21927,5.13634,428,82507,0.05,0.13,1,127371,126943,428
9881181,4.24385,4.22727,428,82532,0.05,0.13,1,127375,126947,428
9884101,8.84877,8.84545,428,82557,0.05,0.15,1,127385,126957,428
9887021,10.5698,10.5691,428,82582,0.082,0.07,1,127396,126968,428
9889941,46.9139,49.3138,425,82607,0.1204,0.03,1,127452,127027,425
9892861,95.7828,97.8628,423,82632,0.03208,0.05,1,127560,127137,423
9895781,60.7566,61.1726,423,82657,0.046416,0.03,1,127612,127189,423
9898701,20.1513,20.2345,423,82682,0.0172832,0.03,1,127622,127199,423
9901621,7.23026,7.2469,423,82707,0.0274566,0.03,1,127626,127203,423
9904541,15.0461,15.0494,423,82732,0.0134913,0.01,1,127643,127220,423
9907461,10.2092,10.2099,423,82757,0.0266983,0.01,1,127652,127229,423
9910381,8.44184,8.44198,423,82782,0.0293397,0.01,1,127660,127237,423
9913301,14.4884,13.6884,424,82807,0.0298679,0.05,1,127676,127252,424
9916221,10.0977,9.13768,425,82832,0.0459736,0.07,1,127685,127260,425
9919141,13.2195,13.0275,425,82857,0.0171947,0.07,1,127699,127274,425
9922061,9.04391,9.00551,425,82882,0.0114389,0.07,1,127707,127282,425
9924981,3.40878,3.4011,425,82907,0.0102878,0.07,1,127709,127284,425
9927901,13.4818,13.4802,425,82932,0.0100576,0.05,1,127725,127300,425
9930821,9.09635,9.89604,424,82957,0.0580115,0.05,1,127733,127309,424
9933741,8.21927,8.37921,424,82982,0.0356023,0.05,1,127741,127317,424
9936661,9.64385,9.67584,424,83007,0.0311205,0.05,1,127751,127327,424
9939581,3.52877,3.53517,424,83032,0.0302241,0.05,1,127753,127329,424
9942501,7.10575,7.10703,424,83057,0.0460448,0.05,1,127761,127337,424
9945421,6.22115,6.22141,424,83082,0.049209,0.05,1,127767,127343,424
9948341,6.04423,6.04428,424,83107,0.0498418,0.05,1,127773,127349,424
9951261,4.40885,4.40886,424,83132,0.0499684,0.05,1,127777,127353,424
9954181,2.48177,2.48177,424,83157,0.0819937,0.05,1,127779,127355,424
9957101,10.0964,10.0964,424,83182,0.0563987,0.05,1,127791,127367,424
9960021,5.21927,5.21927,424,83207,0.0512797,0.05,1,127795,127371,424
9962941,4.24385,4.24385,424,83232,0.082256,0.05,1,127799,127375,424
9965861,9.64877,8.84877,425,83257,0.0884512,0.09,1,127810,127385,425
9968781,10.7298,10.5698,425,83282,0.0736902,0.13,1,127821,127396,425
9971701,47.746,46.9139,426,83307,0.054738,0.01,1,127878,127452,426
9974621,92.7492,95.7828,422,83332,0.0349476,0.05,1,127982,127560,422
9977541,60.1498,60.7566,422,83357,0.0629895,0.01,1,128034,127612,422
9980461,20.83,20.1513,423,83382,0.0525979,0.03,1,128045,127622,423
9983381,7.36599,7.23026,423,83407,0.0825196,0.01,1,128049,127626,423
9986301,14.2732,15.0461,422,83432,0.0885039,0.03,1,128065,127643,422
9989221,10.0546,10.2092,422,83457,0.0737008,0.03,1,128074,127652,422
9992141,9.21093,8.44184,423,83482,0.0547402,0.03,1,128083,127660,423
9995061,14.6422,14.4884,423,83507,0.050948,0.05,1,128099,127676,423
9997981,9.32844,10.0977,422,83532,0.0821896,0.01,1,128107,127685,422
10000901,13.0657,13.2195,422,83557,0.0564379,0.01,1,128121,127699,422
10003821,9.01314,9.04391,422,83582,0.0832876,0.01,1,128129,127707,422
10006741,3.40263,3.40878,422,83607,0.0566575,0.01,1,128131,127709,422
10009661,14.2805,13.4818,423,83632,0.0673315,0.07,1,128148,127725,423
10012581,9.25611,9.09635,423,83657,0.0694663,0.03,1,128156,127733,423
10015501,8.25122,8.21927,423,83682,0.0698933,0.03,1,128164,127741,423
10018421,10.4502,9.64385,424,83707,0.0539787,0.03,1,128175,127751,424
10021341,3.69005,3.52877,424,83732,0.0507957,0.05,1,128177,127753,424
10024261,7.13801,7.10575,424,83757,0.0501591,0.05,1,128185,127761,424
10027181,6.2276,6.22115,424,83782,0.0980318,0.05,1,128191,127767,424
10030101,6.04552,6.04423,424,83807,0.107606,0.05,1,128197,127773,424
10033021,4.4091,4.40885,424,83832,0.0775213,0.09,1,128201,127777,424
10035941,2.48182,2.48177,424,83857,0.103504,0.05,1,128203,127779,424
10038861,10.0964,10.0964,424,83882,0.108701,0.05,1,128215,127791,424
10041781,5.21927,5.21927,424,83907,0.10974,0.05,1,128219,127795,424
10044701,4.24385,1.04385,428,83932,0.109948,0.09,1,128223,127795,428
10047621,8.84877,3.40877,434,83957,0.0779896,0.09,1,128233,127799,434
10050541,9.76975,9.48175,433,83982,0.0875979,0.07,1,128243,127810,433
10053461,46.7539,10.6964,478,84007,0.0895196,0.05,1,128299,127821,478
10056381,92.5508,47.7393,525,84032,0.0419039,0.03,1,128403,127878,525
10059301,60.9102,92.7479,474,84057,0.0163808,0.07,1,128456,127982,474
10062221,21.782,60.1496,434,84082,0.0272762,0.05,1,128468,128034,434
10065141,7.55641,20.8299,427,84107,0.0294552,0.09,1,128472,128045,427
10068061,14.3113,7.36598,439,84132,0.029891,0.09,1,128488,128049,439
10070981,9.26226,14.2732,431,84157,0.0299782,0.07,1,128496,128065,431
10073901,9.85245,10.0546,432,84182,0.0299956,0.05,1,128506,128074,432
10076821,14.7705,9.21093,439,84207,0.0299991,0.05,1,128522,128083,439
10079741,9.3541,14.6422,431,84232,0.0459998,0.09,1,128530,128099,431
10082661,13.0708,9.32844,437,84257,0.0492,0.05,1,128544,128107,437
10085581,9.01416,13.0657,431,84282,0.04984,0.09,1,128552,128121,431
10088501,3.40283,9.01314,425,84307,0.049968,0.05,1,128554,128129,425
10091421,13.4806,3.40263,439,84332,0.0499936,0.07,1,128570,128131,439
10094341,9.09611,14.2805,430,84357,0.0499987,0.07,1,128578,128148,430
10097261,8.21922,9.25611,430,84382,0.0499997,0.07,1,128586,128156,430
10100181,11.2438,8.25122,434,84407,0.0499999,0.05,1,128598,128164,434
10103101,3.84877,10.4502,425,84432,0.066,0.05,1,128600,128175,425
10106021,7.96975,3.69005,432,84457,0.0852,0.05,1,128609,128177,432
10108941,6.39395,7.13801,430,84482,0.08904,0.11,1,128615,128185,430
10111861,6.07879,6.2276,430,84507,0.105808,0.11,1,128621,128191,430
10114781,4.41576,6.04552,428,84532,0.109162,0.07,1,128625,128197,428
10117701,2.48315,4.4091,426,84557,0.109832,0.11,1,128627,128201,426
10120621,10.0966,2.48182,436,84582,0.109966,0.11,1,128639,128203,436
10123541,5.21933,10.0964,428,84607,0.109993,0.11,1,128643,128215,428
10126461,4.24387,5.21927,428,84632,0.109999,0.11,1,128647,128219,428
10129381,9.64877,4.24385,435,84657,0.142,0.07,1,128658,128223,435
10132301,9.92975,8.84877,435,84682,0.1324,0.09,1,128668,128233,435
10135221,47.586,9.76975,482,84707,0.13048,0.09,1,128725,128243,482
10138141,88.7172,46.7539,525,84732,0.034096,0.03,1,128824,128299,525
10141061,60.9434,92.5508,475,84757,0.0628192,0.01,1,128878,128403,475
10143981,21.7887,60.9102,434,84782,0.0685638,0.03,1,128890,128456,434
10146901,7.55774,21.782,426,84807,0.0697128,0.03,1,128894,128468,426
10149821,14.3115,7.55641,438,84832,0.0699425,0.03,1,128910,128472,438
10152741,9.26231,14.3113,430,84857,0.0699885,0.03,1,128918,128488,430
10155661,9.85246,9.26226,432,84882,0.0699977,0.03,1,128928,128496,432
10158581,15.5705,9.85245,439,84907,0.0539995,0.03,1,128945,128506,439
10161501,9.5141,14.7705,431,84932,0.0507999,0.05,1,128953,128522,431
10164421,13.1028,9.3541,437,84957,0.05016,0.05,1,128967,128530,437
10167341,9.02056,13.0708,431,84982,0.050032,0.05,1,128975,128544,431
10170261,3.40411,9.01416,425,85007,0.0500064,0.05,1,128977,128552,425
10173181,13.4808,3.40283,439,85032,0.0500013,0.05,1,128993,128554,439
10176101,9.09616,13.4806,431,85057,0.0500003,0.05,1,129001,128570,431
10179021,8.21923,9.09611,431,85082,0.0500001,0.05,1,129009,128578,431
10181941,12.0438,8.21922,436,85107,0.066,0.05,1,129022,128586,436
10184861,4.00877,11.2438,426,85132,0.0692,0.07,1,129024,128598,426
10187781,9.60175,3.84877,435,85157,0.08584,0.09,1,129035,128600,435
10190701,6.72035,7.96975,432,85182,0.073168,0.09,1,129041,128609,432
10193621,6.14407,6.39395,432,85207,0.0706336,0.11,1,129047,128615,432
10196541,4.42881,6.07879,430,85232,0.0701267,0.11,1,129051,128621,430
10199461,2.48576,4.41576,428,85257,0.0700253,0.11,1,129053,128625,428
10202381,10.0972,2.48315,438,85282,0.0700051,0.11,1,129065,128627,438
10205301,5.21943,10.0966,430,85306,0.070001,0.11,1,129069,128639,430
10208221,5.04389,5.21933,431,85330,0.0540002,0.11,1,129074,128643,431
10211141,9.80878,4.24387,438,85354,0.0828,0.15,1,129085,128647,438
10214061,3.56176,9.64877,429,85378,0.05656,0.13,1,129087,128658,429
10216981,8.71235,9.92975,429,85402,0.051312,0.13,1,129097,128668,429
10219901,48.1425,47.586,430,85426,0.0502624,0.01,1,129155,128725,430
10222821,83.2285,88.7172,423,85450,0.0340525,0.07,1,129247,128824,423
10225741,61.4457,60.9434,425,85474,0.0148105,0.07,1,129303,128878,425
10228661,21.8891,21.7887,425,85498,0.0589621,0.07,1,129315,128890,425
10231581,7.57783,7.55774,425,85522,0.0357924,0.07,1,129319,128894,425
10234501,14.3156,14.3115,425,85546,0.0311585,0.07,1,129335,128910,425
10237421,9.26311,9.26231,425,85570,0.0622317,0.07,1,129343,128918,425
10240341,9.85262,9.85246,425,85594,0.0364463,0.05,1,129353,128928,425
10243261,14.7705,15.5705,424,85618,0.0312893,0.05,1,129369,128945,424
10246181,9.3541,9.5141,424,85642,0.0622579,0.05,1,129377,128953,424
10249101,13.0708,13.1028,424,85666,0.0364516,0.05,1,129391,128967,424
10252021,9.01416,9.02056,424,85690,0.0472903,0.05,1,129399,128975,424
10254941,3.40283,3.40411,424,85714,0.0494581,0.05,1,129401,128977,424
10257861,13.4806,13.4808,424,85738,0.0498916,0.05,1,129417,128993,424
10260781,9.09611,9.09616,424,85762,0.0819783,0.05,1,129425,129001,424
10263701,8.21922,8.21923,424,85786,0.0563957,0.07,1,129433,129009,424
10266621,12.8438,12.0438,425,85810,0.0512791,0.07,1,129447,129022,425
10269541,4.16877,4.00877,425,85834,0.0822558,0.09,1,129449,129024,425
10272461,9.63375,9.60175,425,85858,0.0724512,0.07,1,129460,129035,425
10275381,6.72675,6.72035,425,85882,0.0384902,0.07,1,129466,129041,425
10278301,6.14535,6.14407,425,85906,0.031698,0.07,1,129472,129047,425
10281221,4.42907,4.42881,425,85930,0.0463396,0.07,1,129476,129051,425
10284141,2.48581,2.48576,425,85954,0.0812679,0.07,1,129478,129053,425
10287061,10.0972,10.0972,425,85978,0.0562536,0.07,1,129490,129065,425
10289981,5.21943,5.21943,425,86002,0.0512507,0.05,1,129494,129069,425
10292901,5.04389,5.04389,425,86026,0.0662501,0.09,1,129499,129074,425
10295821,9.00878,9.80878,424,86050,0.03725,0.05,1,129509,129085,424
10298741,3.40176,3.56176,424,86074,0.06345,0.05,1,129511,129087,424
10301661,8.68035,8.71235,424,86098,0.03669,0.05,1,129521,129097,424
10304581,48.1361,48.1425,424,86122,0.063338,0.03,1,129579,129155,424
10307501,81.6272,83.2285,422,86146,0.0206676,0.01,1,129669,129247,422
10310421,61.9254,61.4457,423,86170,0.0441335,0.07,1,129726,129303,423
10313341,21.9851,21.8891,423,86194,0.0488267,0.03,1,129738,129315,423
10316261,7.59702,7.57783,423,86218,0.0497653,0.03,1,129742,129319,423
10319181,14.3194,14.3156,423,86242,0.0499531,0.07,1,129758,129335,423
10322101,9.26388,9.26311,423,86266,0.0499906,0.03,1,129766,129343,423
10325021,9.85278,9.85262,423,86290,0.0179981,0.03,1,129776,129353,423
10327941,14.7706,14.7705,423,86314,0.0435996,0.07,1,129792,129369,423
10330861,9.35411,9.3541,423,86338,0.0487199,0.03,1,129800,129377,423
10333781,13.8708,13.0708,424,86362,0.033744,0.05,1,129815,129391,424
10336701,9.17416,9.01416,424,86386,0.0627488,0.05,1,129823,129399,424
10339621,3.43483,3.40283,424,86410,0.0365498,0.05,1,129825,129401,424
10342541,13.487,13.4806,424,86434,0.03131,0.09,1,129841,129417,424
10345461,9.09739,9.09611,424,86458,0.062262,0.05,1,129849,129425,424
10348381,8.21948,8.21922,424,86482,0.0684524,0.05,1,129857,129433,424
10351301,12.8439,12.8438,424,86506,0.0376905,0.09,1,129871,129447,424
10354221,4.16878,4.16877,424,86530,0.0635381,0.07,1,129873,129449,424
10357141,8.83376,9.63375,423,86554,0.0367076,0.03,1,129883,129460,423
10360061,7.36675,6.72675,424,86578,0.0473415,0.03,1,129890,129466,424
10362981,6.27335,6.14535,424,86602,0.0494683,0.05,1,129896,129472,424
10365901,4.45467,4.42907,424,86626,0.0178937,0.09,1,129900,129476,424
10368821,2.49093,2.48581,424,86650,0.0435787,0.05,1,129902,129478,424
10371741,10.0982,10.0972,424,86674,0.0487157,0.05,1,129914,129490,424
10374661,5.21964,5.21943,424,86698,0.0497431,0.07,1,129918,129494,424
10377581,4.24393,5.04389,423,86722,0.0659486,0.03,1,129922,129499,423
10380501,8.84879,9.00878,423,86746,0.0531897,0.07,1,129932,129509,423
10383421,3.36976,3.40176,423,86770,0.082638,0.03,1,129934,129511,423
10386341,8.67395,8.68035,423,86794,0.0565276,0.07,1,129944,129521,423
10389261,49.7348,48.1361,425,86818,0.115306,0.07,1,130004,129579,425
10392181,78.747,9.62721,511,86842,0.0310611,0.01,1,130090,129579,511
10395101,61.3494,73.9254,478,86866,0.0142122,0.05,1,130147,129669,478
10398021,21.8699,60.3851,433,86890,0.0268424,0.05,1,130159,129726,433
10400941,7.57398,21.677,425,86914,0.0293685,0.05,1,130163,129738,425
10403861,14.3148,7.5354,437,86938,0.0618737,0.05,1,130179,129742,437
10406781,9.26296,14.3071,429,86962,0.0683747,0.05,1,130187,129758,429
10409701,9.85259,9.26142,431,86986,0.0696749,0.01,1,130197,129766,431
10412621,14.7705,9.85228,437,87010,0.085935,0.05,1,130213,129776,437
10415541,9.3541,14.7705,429,87034,0.089187,0.05,1,130221,129792,429
10418461,14.6708,9.35409,437,87058,0.0898374,0.03,1,130237,129800,437
10421381,9.33416,13.8708,430,87082,0.105967,0.07,1,130245,129815,430
10424301,3.46683,9.17416,424,87106,0.109193,0.03,1,130247,129823,424
10427221,13.4934,3.43483,438,87130,0.109839,0.03,1,130263,129825,438
10430141,9.09867,13.487,430,87154,0.109968,0.07,1,130271,129841,430
10433061,8.21973,9.09739,430,87178,0.109994,0.07,1,130279,129849,430
10435981,12.8439,8.21948,436,87202,0.109999,0.03,1,130293,129857,436
10438901,4.16879,12.8439,424,87226,0.11,0.07,1,130295,129871,424
10441821,8.83376,4.16878,432,87250,0.11,0.03,1,130305,129873,432
10444741,6.56675,8.83376,428,87274,0.11,0.05,1,130311,129883,428
10447661,6.11335,7.36675,427,87298,0.11,0.05,1,130317,129890,427
10450581,4.42267,6.27335,425,87322,0.11,0.01,1,130321,129896,425
10453501,2.48453,4.45467,423,87346,0.11,0.05,1,130323,129900,423
10456421,10.8969,2.49093,434,87370,0.126,0.05,1,130336,129902,434
10459341,6.17938,10.0982,427,87394,0.1132,0.05,1,130341,129914,427
10462261,4.43588,5.21964,427,87418,0.12664,0.07,1,130345,129918,427
10465181,8.88718,4.24393,433,87442,0.145328,0.05,1,130355,129922,433
10468101,3.37743,8.84879,425,87466,0.149066,0.09,1,130357,129932,425
10471021,8.67549,3.36976,433,87490,0.149813,0.05,1,130367,129934,433
10473941,51.3351,8.67395,485,87514,0.165963,0.13,1,130429,129944,485
10476861,75.867,49.7348,507,87538,0.185193,0.01,1,130511,130004,507
10479781,61.5734,78.747,479,87562,0.141039,0.01,1,130569,130090,479
10482701,23.5147,61.3494,436,87586,0.100208,0.03,1,130583,130147,436
10485621,7.90294,21.8699,428,87610,0.0920415,0.03,1,130587,130159,428
10488541,14.3806,7.57398,440,87634,0.138408,0.07,1,130603,130163,440
10491461,9.27612,14.3148,432,87658,0.147682,0.07,1,130611,130179,432
10494381,10.6552,9.26296,435,87682,0.165536,0.07,1,130622,130187,435
10497301,14.931,9.85259,441,87706,0.169107,0.09,1,130638,130197,441
10500221,9.38621,14.7705,433,87730,0.169821,0.09,1,130646,130213,433
10503141,15.4772,9.3541,442,87754,0.153964,0.09,1,130663,130221,442
10506061,9.49545,14.6708,434,87778,0.150793,0.11,1,130671,130237,434
10508981,3.49909,9.33416,428,87802,0.150159,0.11,1,130673,130245,428
10511901,13.4998,3.46683,442,87826,0.150032,0.11,1,130689,130247,442
10514821,9.09996,13.4934,434,87850,0.150006,0.11,1,130697,130263,434
10517741,8.21999,9.09867,434,87874,0.150001,0.11,1,130705,130271,434
10520661,12.844,8.21973,440,87898,0.15,0.11,1,130719,130279,440
10523581,4.1688,12.8439,428,87922,0.15,0.11,1,130721,130293,428
10526501,8.83376,4.16879,436,87946,0.15,0.11,1,130731,130295,436
10529421,6.56675,8.83376,432,87970,0.15,0.11,1,130737,130305,432
10532341,6.11335,6.56675,432,87994,0.15,0.11,1,130743,130311,432
10535261,4.42267,6.11335,430,88018,0.15,0.11,1,130747,130317,430
10538181,2.48453,4.42267,428,88042,0.15,0.11,1,130749,130321,428
10541101,12.4969,2.48453,441,88066,0.134,0.13,1,130764,130323,441
10544021,6.49938,10.8969,433,88090,0.1468,0.11,1,130769,130336,433
10546941,4.49988,6.17938,432,88114,0.16536,0.13,1,130773,130341,432
10549861,8.89998,4.43588,438,88138,0.169072,0.15,1,130783,130345,438
10552781,3.37999,8.88718,430,88162,0.169814,0.15,1,130785,130355,430
10555701,8.676,3.37743,438,88186,0.185963,0.15,1,130795,130357,438
10558621,60.1352,8.67549,501,88210,0.173193,0.17,1,130868,130367,501
10561541,67.227,51.3351,508,88234,0.234639,0.19,1,130937,130429,508
10564461,59.0454,75.867,483,88258,0.262928,0.13,1,130994,130511,483
10567381,24.6091,61.5734,441,88282,0.268586,0.09,1,131010,130569,441
10570301,6.52182,23.5147,429,88306,0.269717,0.09,1,131012,130583,429
10573221,4.50436,7.90294,429,88330,0.269943,0.15,1,131016,130587,429
10576141,13.7009,14.3806,429,88354,0.269989,0.15,1,131032,130603,429
10579061,9.14017,9.27612,429,88378,0.333998,0.17,1,131040,130611,429
10581981,11.428,10.6552,430,88402,0.3148,0.17,1,131052,130622,430
10584901,15.0856,14.931,430,88426,0.31096,0.17,1,131068,130638,430
10587821,9.41712,9.38621,430,88450,0.390192,0.15,1,131076,130646,430
10590741,14.6834,15.4772,429,88474,0.374038,0.15,1,131092,130663,429
10593661,9.33668,9.49545,429,88498,0.370808,0.15,1,131100,130671,429
10596581,3.46734,3.49909,429,88522,0.370162,0.15,1,131102,130673,429
10599501,13.4935,13.4998,429,88546,0.370032,0.15,1,131118,130689,429
10602421,9.09869,9.09996,429,88570,0.402006,0.15,1,131126,130697,429
10605341,8.21974,8.21999,429,88594,0.376401,0.15,1,131134,130705,429
10608261,12.8439,12.844,429,88618,0.37128,0.15,1,131148,130719,429
10611181,4.16879,4.1688,429,88642,0.402256,0.15,1,131150,130721,429
10614101,8.83376,8.83376,429,88666,0.376451,0.15,1,131160,130731,429
10617021,6.56675,6.56675,429,88690,0.37129,0.15,1,131166,130737,429
10619941,6.11335,6.11335,429,88714,0.370258,0.15,1,131172,130743,429
10622861,4.42267,4.42267,429,88738,0.370052,0.15,1,131176,130747,429
10625781,2.48453,2.48453,429,88762,0.37001,0.13,1,131178,130749,429
10628701,14.0969,12.4969,431,88786,0.386002,0.15,1,131195,130764,431
10631621,6.01938,6.49938,430,88810,0.3572,0.17,1,131199,130769,430
10634541,4.40388,4.49988,430,88834,0.35144,0.17,1,131203,130773,430
10637461,9.68078,8.89998,431,88857,0.398288,0.17,1,131214,130783,431
10640381,3.53615,3.37999,431,88880,0.407658,0.19,1,131216,130785,431
10643301,8.70723,8.676,431,88903,0.377531,0.17,1,131226,130795,431
10646221,63.3414,60.1352,435,88926,0.419506,0.25,1,131303,130868,435
10649141,67.0683,67.227,434,88949,0.507901,0.27,1,131371,130937,434
10652061,59.8137,59.0454,435,88972,0.57358,0.27,1,131429,130994,435
10654981,24.7627,24.6091,435,88995,0.570716,0.27,1,131445,131010,435
10657901,6.55255,6.52182,435,89018,0.570143,0.27,1,131447,131012,435
10660821,4.51051,4.50436,435,89041,0.570029,0.27,1,131451,131016,435
10663741,15.3021,13.7009,437,89064,0.618006,0.35,1,131469,131032,437
10666661,9.46042,9.14017,437,89087,0.595601,0.31,1,131477,131040,437
10669581,11.4921,11.428,437,89110,0.59112,0.31,1,131489,131052,437
10672501,17.4984,15.0856,440,89133,0.574224,0.41,1,131508,131068,440
10675421,9.89968,9.41712,440,89156,0.538845,0.37,1,131516,131076,440
10678341,14.7799,14.6834,440,89179,0.579769,0.37,1,131532,131092,440
10681261,9.35599,9.33668,440,89202,0.587954,0.37,1,131540,131100,440
10684181,3.4712,3.46734,440,89225,0.557591,0.37,1,131542,131102,440
10687101,13.4942,13.4935,440,89248,0.551518,0.41,1,131558,131118,440
10690021,9.09885,9.09869,440,89271,0.582304,0.37,1,131566,131126,440
10692941,8.21977,8.21974,440,89294,0.588461,0.37,1,131574,131134,440
10695861,12.844,12.8439,440,89317,0.557692,0.41,1,131588,131148,440
10698781,4.16879,4.16879,440,89340,0.583538,0.37,1,131590,131150,440
10701701,8.83376,8.83376,440,89363,0.556708,0.37,1,131600,131160,440
10704621,6.56675,6.56675,440,89386,0.551342,0.37,1,131606,131166,440
10707541,6.11335,6.11335,440,89409,0.550268,0.37,1,131612,131172,440
10710461,4.42267,4.42267,440,89432,0.550054,0.37,1,131616,131176,440
10713381,2.48453,2.48453,440,89455,0.582011,0.39,1,131618,131178,440
10716301,13.2969,14.0969,439,89478,0.604402,0.35,1,131634,131195,439
10719221,7.45938,6.01938,441,89501,0.60888,0.35,1,131640,131199,441
10722141,4.69188,4.40388,441,89524,0.577776,0.41,1,131644,131203,441
10725061,8.93838,9.68078,440,89547,0.539555,0.41,1,131654,131214,440
10727981,3.38767,3.53615,440,89570,0.563911,0.37,1,131656,131216,440
10730901,8.67753,8.70723,440,89593,0.536782,0.43,1,131666,131226,440
10733821,68.9355,63.3414,447,89616,0.707356,0.53,1,131750,131303,447
10736741,68.9871,67.0683,448,89639,0.773471,0.59,2,131819,131371,448
10739661,61.7974,59.8137,450,89662,0.754694,0.57,2,131879,131429,450
10742581,25.1595,24.7627,450,89685,0.782939,0.57,2,131895,131445,450
10745501,6.6319,6.55255,450,89708,0.788588,0.57,2,131897,131447,450
10748421,4.52638,4.51051,450,89731,0.789718,0.57,2,131901,131451,450
10751341,13.7053,0.902102,466,89754,0.757944,0.63,2,131917,131451,466
10754261,9.14106,14.5804,456,89777,0.751589,0.59,2,131925,131469,456
10757181,11.4282,9.31608,460,89800,0.750318,0.59,2,131937,131477,460
10760101,17.4856,11.4632,467,89823,0.766064,0.57,2,131956,131489,467
10763021,9.89713,17.4926,456,89846,0.769213,0.53,2,131964,131508,456
10765941,14.7794,9.89853,464,89869,0.801843,0.59,2,131980,131516,464
10768861,9.35589,14.7797,456,89892,0.824369,0.59,2,131988,131532,456
10771781,3.47118,9.35594,450,89915,0.828874,0.55,2,131990,131540,450
10774701,13.4942,3.47119,464,89938,0.829775,0.55,2,132006,131542,464
10777621,9.09885,13.4942,456,89961,0.829955,0.59,2,132014,131558,456
10780541,8.21977,9.09885,456,89984,0.829991,0.59,2,132022,131566,456
10783461,12.844,8.21977,462,90007,0.829998,0.55,2,132036,131574,462
10786381,4.16879,12.844,450,90030,0.83,0.59,2,132038,131588,450
10789301,8.83376,4.16879,458,90053,0.83,0.55,2,132048,131590,458
10792221,6.56675,8.83376,454,90076,0.83,0.55,2,132054,131600,454
10795141,6.11335,6.56675,454,90099,0.83,0.55,2,132060,131606,454
10798061,4.42267,6.11335,452,90122,0.83,0.55,2,132064,131612,452
10800981,2.48453,4.42267,450,90145,0.83,0.59,2,132066,131616,450
10803901,14.0969,2.48453,465,90168,0.846,0.61,2,132083,131618,465
10806821,6.01938,13.2969,453,90191,0.8492,0.61,2,132087,131634,453
10809741,4.40388,7.45938,451,90214,0.84984,0.57,2,132091,131640,451
10812661,8.88078,4.69188,457,90237,0.849968,0.53,2,132101,131644,457
10815581,3.37615,8.93838,449,90260,0.849994,0.57,2,132103,131654,449
10818501,9.47523,3.38767,458,90283,0.865999,0.53,2,132114,131656,458
11145541,6,14,445,44530,0.03,0.49,1,134096,133651,445
11148461,14.8,11.6,451,44577,0.062,0.37,1,134113,133662,451
11151381,13.36,20.72,441,44624,0.0364,0.15,1,134126,133685,441
11154301,55.472,30.544,474,44671,0.14328,0,1,134192,133718,474
11157221,64.6944,86.9088,440,44718,0.052656,0.03,1,134259,133819,440
11160141,39.3389,46.9818,436,44765,0.0105312,0.01,1,134292,133856,436
11163061,28.6678,33.3964,432,44812,0.0101062,0,1,134318,133886,432
11165981,36.9336,27.4793,445,44859,0.0100212,0,1,134357,133912,445
11168901,37.7867,38.2959,442,44906,0.0260042,0,1,134395,133953,442
11170641,18.7573,29.2592,429,44953,0.0132009,0.03,1,134409,133980,429
11172721,19.7515,25.8518,424,45000,0.0266402,0.01,1,134429,134005,424
11175641,22.3503,21.1704,427,45047,0.029328,0,1,134452,134025,427
11178561,14.0701,13.8341,427,45094,0.0458656,0.03,1,134464,134037,427
11181481,19.614,17.1668,430,45141,0.0651731,0.05,1,134485,134055,430
11184401,29.5228,31.4334,427,45188,0.0530346,0.03,1,134517,134090,427
11187321,7.50456,11.0867,423,45235,0.0506069,0.03,1,134519,134096,423
11190241,14.3009,2.21733,439,45282,0.0181214,0.07,1,134535,134096,439
11193161,12.4602,14.0435,434,45329,0.0116243,0.03,1,134547,134113,434
11196081,60.892,13.2087,494,45376,0.0423249,0.17,1,134620,134126,494
11199001,13.7784,55.4417,430,45422,0.048465,0.03,1,134622,134192,430
11201921,50.7557,64.6883,423,45468,0.049693,0,1,134682,134259,423
11204841,35.7511,39.3377,422,45514,0.0339386,0.01,1,134714,134292,422
11207761,28.7502,28.6675,423,45560,0.0307877,0.01,1,134741,134318,423
11210681,37.75,36.9335,424,45606,0.0301575,0.03,1,134781,134357,424
11213601,36.35,37.7867,422,45652,0.0460315,0.01,1,134817,134395,422
11216521,35.27,18.7573,443,45698,0.0172063,0.03,1,134852,134409,443
11219441,24.654,38.1515,422,45744,0.0274413,0.05,1,134874,134452,422
11222361,14.5308,17.2303,422,45790,0.0614883,0.07,1,134886,134464,422
11225281,19.7062,20.2461,422,45836,0.0362976,0.05,1,134907,134485,422
11228201,30.3412,29.6492,423,45882,0.0152595,0.05,1,134940,134517,423
11231121,7.66825,7.52984,423,45928,0.0110519,0.05,1,134942,134519,423
11234041,12.7336,1.50597,437,45974,0.0102104,0.01,1,134956,134519,437
11236961,12.1467,13.1012,433,46020,0.0260421,0.01,1,134968,134535,433
11239881,62.4293,12.2202,496,46066,0.0132084,0.05,1,135043,134547,496
11242801,14.0859,60.844,425,46112,0.0106417,0.05,1,135045,134620,425
11245721,49.2172,13.7688,481,46158,0.0581283,0.05,1,135103,134622,481
11248641,35.4434,50.7538,453,46204,0.0356257,0.03,1,135135,134682,453
11251561,28.6887,35.7508,448,46250,0.0471251,0.03,1,135162,134714,448
11254481,37.7377,28.7502,461,46296,0.033425,0.03,1,135202,134741,461
11257401,36.3475,37.75,457,46342,0.00668501,0.05,1,135238,134781,457
11260321,36.0695,36.35,457,46387,0.041337,0.01,1,135274,134817,457
11263241,24.0139,35.27,443,46432,0.0482674,0.03,1,135295,134852,443
11266161,14.4028,24.654,433,46477,0.0176535,0.07,1,135307,134874,433
11269081,19.6806,14.5308,442,46522,0.0115307,0.03,1,135328,134886,442
11272001,30.3361,19.7062,454,46567,0.0103061,0.01,1,135361,134907,454
11274921,7.66722,30.3412,423,46612,0.0100612,0.01,1,135363,134940,423
11277841,13.5334,7.66825,436,46657,0.00201225,0.01,1,135378,134942,436
11280761,11.5067,12.7336,433,46702,0.0404024,0.03,1,135389,134956,433
11283681,63.9013,12.1467,498,46747,0.0320805,0.01,1,135466,134968,498
11286601,14.3803,62.4293,425,46792,0.0304161,0.01,1,135468,135043,425
11289521,50.0761,14.0859,482,46837,0.0780832,0.07,1,135527,135045,482
11292441,34.0152,49.2172,454,46882,0.0396166,0.03,1,135557,135103,454
11295361,27.603,35.4434,448,46927,0.0159233,0.05,1,135583,135135,448
11298281,37.5206,28.6887,461,46972,0.0271847,0.03,1,135623,135162,461
11301201,36.3041,37.7377,457,47017,0.00543693,0,1,135659,135202,457
11304121,36.8608,36.3475,458,47062,0.0410874,0.05,1,135696,135238,458
11307041,23.3722,36.0695,442,47107,0.0162175,0.05,1,135716,135274,442
11309961,14.2744,24.0139,433,47152,0.0112435,0.01,1,135728,135295,433
11312881,20.4549,14.4028,443,47197,0.0102487,0.01,1,135750,135307,443
11315801,29.691,19.6806,454,47242,0.0100497,0.01,1,135782,135328,454
11318721,7.5382,30.3361,423,47287,0.0260099,0.01,1,135784,135361,423
11321641,14.3076,7.66722,437,47332,0.029202,0,1,135800,135363,437
11324561,10.8615,13.5334,432,47377,0.0298404,0.05,1,135810,135378,432
11327481,3.77231,11.5067,423,47421,0.0299681,0.03,1,135812,135389,423
11330401,63.1545,63.9013,424,47465,0.0459936,0.03,1,135890,135466,424
11333321,14.2309,14.3803,424,47509,0.0491987,0.09,1,135892,135468,424
11336241,51.6462,50.0761,426,47553,0.0498397,0.03,1,135953,135527,426
11339161,31.1292,34.0152,422,47597,0.0339679,0.01,1,135979,135557,422
11342081,27.0258,27.603,422,47641,0.00679359,0.03,1,136005,135583,422
11345001,38.2052,37.5206,423,47685,0.00935872,0,1,136046,135623,423
11347921,35.641,36.3041,422,47729,0.0258717,0.05,1,136081,135659,422
11350841,37.5282,36.8608,423,47773,0.0291744,0.01,1,136119,135696,423
11353761,22.7056,23.3722,422,47817,0.00583487,0.01,1,136138,135716,422
11356681,14.9411,14.2744,423,47861,0.00116697,0.01,1,136151,135728,423
11359601,20.5882,20.4549,423,47905,0.0242334,0.01,1,136173,135750,423
11362521,29.7176,29.691,423,47949,0.00484668,0.03,1,136205,135782,423
11365441,7.54353,7.5382,423,47993,0.00896934,0.03,1,136207,135784,423
11368361,14.3087,14.3076,423,48037,0.0257939,0.03,1,136223,135800,423
11371281,10.0617,10.8615,422,48081,0.0131588,0.03,1,136232,135810,422
11374201,3.61235,3.77231,422,48125,0.0266318,0.05,1,136234,135812,422
11377121,63.1225,63.1545,422,48169,0.0453264,0.05,1,136312,135890,422
11380041,14.2245,14.2309,422,48213,0.0170653,0.05,1,136314,135892,422
11382961,53.2449,51.6462,424,48257,0.0594131,0.03,1,136377,135953,424
11385881,29.849,31.1292,422,48301,0.0518826,0,1,136401,135979,422
11388801,26.7698,27.0258,422,48345,0.0103765,0.01,1,136427,136005,422
11391721,38.154,38.2052,422,48389,0.0100753,0.03,1,136468,136046,422
11394641,35.6308,35.641,422,48433,0.0260151,0.03,1,136503,136081,422
11397561,37.5262,37.5282,422,48477,0.029203,0,1,136541,136119,422
11400481,22.7052,22.7056,422,48520,0.0058406,0,1,136560,136138,422
11403401,14.941,14.9411,422,48563,0.0251681,0.03,1,136573,136151,422
11406321,21.3882,20.5882,423,48606,0.0130336,0,1,136596,136173,423
11409241,29.8776,29.7176,423,48649,0.0106067,0.01,1,136628,136205,423
11412161,7.57553,7.54353,423,48692,0.0101213,0.03,1,136630,136207,423
11415081,13.5151,14.3087,422,48735,0.0260243,0.01,1,136645,136223,422
11418001,9.90302,10.0617,422,48778,0.0292049,0.03,1,136654,136232,422
11420921,3.5806,3.61235,422,48821,0.029841,0.05,1,136656,136234,422
11423841,63.1161,63.1225,422,48864,0.0619682,0.05,1,136734,136312,422
11426761,14.2232,12.6245,424,48907,0.0363936,0.01,1,136736,136312,424
11429681,54.0446,4.1249,486,48950,0.0792787,0.07,1,136800,136314,486
11432601,28.4089,51.225,445,48993,0.0558557,0.05,1,136822,136377,445
11435521,26.4818,29.445,447,49036,0.0191711,0,1,136848,136401,447
11438441,38.8964,26.689,463,49079,0.00383423,0.01,1,136890,136427,463
11441361,34.9793,38.1378,456,49122,0.000766846,0.03,1,136924,136468,456
11444281,37.3959,35.6276,459,49165,0.0401534,0.03,1,136962,136503,459
11447201,22.6792,37.5255,440,49208,0.0160307,0,1,136981,136541,440
11450121,14.9358,22.7051,434,49251,0.0272061,0.03,1,136994,136560,434
11453041,21.3872,14.941,444,49294,0.0294412,0.01,1,137017,136573,444
11455961,29.8774,21.3882,453,49337,0.0138882,0.01,1,137049,136596,453
11458881,7.57549,29.8776,423,49380,0.0107776,0.01,1,137051,136628,423
11461801,13.5151,7.57553,436,49423,0.0421555,0.03,1,137066,136630,436
11464721,9.90302,13.5151,430,49466,0.0324311,0.03,1,137075,136645,430
11467641,3.5806,9.90302,423,49509,0.0304862,0.03,1,137077,136654,423
11470561,63.9161,3.5806,500,49552,0.0300972,0.07,1,137156,136656,500
11473481,14.3832,63.1161,424,49595,0.0300195,0.03,1,137158,136734,424
11476401,54.8766,14.2232,487,49637,0.0620039,0.09,1,137223,136736,487
11479321,28.5753,54.0446,445,49679,0.0844008,0.05,1,137245,136800,445
11482241,24.9151,28.4089,447,49721,0.0248802,0.01,1,137269,136822,447
11485161,38.583,26.4818,463,49763,0.012976,0,1,137311,136848,463
11488081,34.9166,38.8964,455,49805,0.0105952,0,1,137345,136890,455
11491001,37.3833,34.9793,459,49847,0.026119,0.05,1,137383,136924,459
11493921,22.6767,37.3959,440,49889,0.0452238,0.01,1,137402,136962,440
11496841,14.9353,22.6792,434,49931,0.00904476,0.03,1,137415,136981,434
11499761,22.1871,14.9358,445,49973,0.025809,0.03,1,137439,136994,445
11502681,30.0374,21.3872,454,50015,0.0131618,0.01,1,137471,137017,454
11505601,7.60748,29.8774,424,50057,0.0106324,0.01,1,137473,137049,424
11508521,12.7215,7.57549,436,50099,0.0261265,0.05,1,137487,137051,436
11511441,9.7443,13.5151,430,50141,0.0132253,0.03,1,137496,137066,430
11514361,3.54886,9.90302,423,50183,0.0426451,0.03,1,137498,137075,423
11517281,64.7098,3.5806,501,50225,0.048529,0.03,1,137578,137077,501
11520201,14.542,63.9161,424,50267,0.0497058,0.03,1,137580,137156,424
11523121,56.5084,14.3832,489,50309,0.0499412,0.07,1,137647,137158,489
11526041,12.9017,54.8766,426,50351,0.0499882,0.09,1,137649,137223,426
11528961,20.1803,28.5753,426,50393,0.0979976,0.01,1,137671,137245,426
11531881,20.0361,24.9151,422,50435,0.0755995,0.01,1,137691,137269,422
11534801,37.6072,38.583,422,50477,0.0551199,0.01,1,137733,137311,422
11537721,34.7214,34.9166,422,50519,0.035024,0.03,1,137767,137345,422
11540641,37.3443,37.3833,422,50561,0.0310048,0.05,1,137805,137383,422
11543561,22.6689,22.6767,422,50603,0.046201,0,1,137824,137402,422
11546481,14.9338,14.9353,422,50645,0.00924019,0.03,1,137837,137415,422
11549401,22.9868,22.1871,423,50687,0.025848,0.01,1,137862,137439,423
11552321,29.3974,30.0374,422,50729,0.0131696,0.01,1,137893,137471,422
11555241,7.47947,7.60748,422,50771,0.0106339,0.03,1,137895,137473,422
11558161,13.4959,12.7215,423,50812,0.0101268,0.01,1,137910,137487,423
11561081,9.89918,9.7443,423,50853,0.0260254,0.05,1,137919,137496,423
11564001,3.57984,3.54886,423,50894,0.0292051,0.05,1,137921,137498,423
11566921,65.516,64.7098,424,50935,0.045841,0.05,1,138002,137578,424
11569841,14.7032,14.542,424,50976,0.0171682,0.05,1,138004,137580,424
11572761,56.5406,56.5084,424,51017,0.0274336,0.05,1,138071,137647,424
11575681,12.9081,12.9017,424,51058,0.0614867,0.11,1,138073,137649,424
11578601,20.9816,20.1803,425,51099,0.0202973,0.07,1,138096,137671,425
11581521,17.7963,20.0361,422,51140,0.0440595,0.05,1,138113,137691,422
11584441,37.1593,37.6072,422,51181,0.0168119,0.03,1,138155,137733,422
11587361,34.6319,34.7214,422,51222,0.0433624,0.03,1,138189,137767,422
11590281,37.3264,37.3443,422,51263,0.0326725,0.05,1,138227,137805,422
11593201,22.6653,22.6689,422,51304,0.0145345,0,1,138246,137824,422
11596121,14.9331,14.9338,422,51345,0.0269069,0.03,1,138259,137837,422
11599041,23.7866,22.9868,423,51386,0.00538138,0.01,1,138285,137862,423
11601961,28.7573,29.3974,422,51427,0.0410763,0.01,1,138315,137893,422
11604881,7.35146,7.47947,422,51468,0.0162153,0.01,1,138317,137895,422
11607801,13.4703,13.4959,422,51509,0.00324305,0.03,1,138332,137910,422
11610721,9.89406,9.89918,422,51550,0.0406486,0.03,1,138341,137919,422
11613641,3.57881,3.57984,422,51591,0.0481297,0.05,1,138343,137921,422
11616561,65.5158,65.516,422,51632,0.0176259,0.01,1,138424,138002,422
11619481,14.7032,14.7032,422,51673,0.0115252,0.03,1,138426,138004,422
11622401,57.3406,56.5406,423,51714,0.074305,0.07,1,138494,138071,423
11625321,13.0681,12.9081,423,51755,0.086861,0.01,1,138496,138073,423
11628241,20.2136,20.9816,422,51796,0.0573722,0.01,1,138518,138096,422
11631161,16.8427,4.19632,438,51837,0.0834744,0.05,1,138534,138096,438
11634081,36.9685,14.4393,463,51878,0.0406949,0.01,1,138576,138113,463
11637001,34.5937,36.4879,455,51919,0.048139,0.05,1,138610,138155,455
11639921,37.3187,34.4976,459,51960,0.0176278,0.03,1,138648,138189,459
11642841,22.6637,37.2995,440,52001,0.0115256,0.01,1,138667,138227,440
11645761,14.9327,22.6599,434,52041,0.0263051,0.03,1,138680,138246,434
11648681,23.7866,14.932,447,52081,0.00526102,0,1,138706,138259,447
11651601,28.7573,23.7864,451,52121,0.0250522,0.05,1,138736,138285,451
11654521,7.35146,28.7573,423,52161,0.0290104,0.01,1,138738,138315,423
11657441,14.2703,7.35146,437,52201,0.00580209,0,1,138754,138317,437
11660361,9.25406,13.4703,430,52241,0.0251604,0.05,1,138762,138332,430
11663281,3.45081,9.89406,423,52281,0.0290321,0.05,1,138764,138341,423
11666201,66.2902,3.57881,503,52321,0.0138064,0.01,1,138846,138343,503
11669121,14.858,65.5158,424,52361,0.0107613,0.01,1,138848,138424,424
11672041,58.1716,14.7032,491,52401,0.0261523,0.09,1,138917,138426,491
11674961,13.2343,57.3406,425,52441,0.0292305,0.09,1,138919,138494,425
11677881,21.0469,13.0681,446,52481,0.0458461,0.05,1,138942,138496,446
11680801,16.2094,20.2136,439,52521,0.0651692,0.09,1,138957,138518,439
11683721,35.2419,16.8427,463,52561,0.0530338,0.03,1,138997,138534,463
11686641,34.2484,36.9685,455,52601,0.0506068,0.05,1,139031,138576,455
11689561,37.2497,34.5937,459,52641,0.0181214,0.01,1,139069,138610,459
11692481,22.6499,37.3187,440,52681,0.0116243,0.01,1,139088,138648,440
11695401,14.93,22.6637,434,52721,0.00232485,0.03,1,139101,138667,434
11698321,24.586,14.9327,448,52761,0.024465,0,1,139128,138680,448
11701241,28.9172,23.7866,452,52801,0.028893,0.03,1,139158,138706,452
11704161,7.38344,28.7573,424,52841,0.0297786,0.03,1,139160,138736,424
11707081,14.2767,7.35146,438,52881,0.0299557,0,1,139176,138738,438
11710001,9.25534,14.2703,430,52921,0.0299911,0.03,1,139184,138754,430
11712921,3.45107,9.25406,424,52961,0.0299982,0.03,1,139186,138762,424
11715841,66.2902,3.45081,504,53001,0.0459996,0.01,1,139268,138764,504
11718761,14.858,66.2902,424,53041,0.0491999,0.01,1,139270,138846,424
11721681,58.1716,14.858,491,53081,0.06584,0.03,1,139339,138848,491
11724601,13.2343,58.1716,424,53121,0.069168,0.03,1,139341,138917,424
11727521,21.8469,13.2343,446,53161,0.0698336,0.05,1,139365,138919,446
11730441,17.1694,21.0469,439,53201,0.0699667,0.07,1,139381,138942,439
11733361,5.03387,16.2094,426,53241,0.0699933,0.05,1,139383,138957,426
11736281,29.8068,35.2419,422,53281,0.101999,0.05,1,139419,138997,422
11739201,35.5614,34.2484,425,53321,0.0443997,0.01,1,139456,139031,425
11742121,35.9123,37.2497,423,53360,0.0168799,0.01,1,139492,139069,423
11745041,21.5825,22.6499,422,53399,0.011376,0,1,139510,139088,422
11747961,15.5165,14.93,423,53438,0.0262752,0.03,1,139524,139101,423
11750881,23.9033,24.586,422,53477,0.029255,0.03,1,139550,139128,422
11753801,29.5807,28.9172,423,53516,0.013851,0.03,1,139581,139158,423
11756721,7.51613,7.38344,423,53555,0.0427702,0.03,1,139583,139160,423
11759641,14.3032,14.2767,423,53594,0.016554,0.03,1,139599,139176,423
11762561,9.26065,9.25534,423,53633,0.0113108,0.03,1,139607,139184,423
11765481,3.45213,3.45107,423,53672,0.0102622,0.05,1,139609,139186,423
11768401,66.2904,66.2902,423,53711,0.0260524,0.05,1,139691,139268,423
11771321,14.8581,14.858,423,53750,0.0292105,0.07,1,139693,139270,423
11774241,59.7716,58.1716,425,53789,0.0618421,0.07,1,139764,139339,425
11777161,13.5543,13.2343,425,53828,0.100368,0.07,1,139766,139341,425
11780081,21.9109,21.8469,425,53867,0.0760737,0.07,1,139790,139365,425
11783001,18.7822,17.1694,427,53906,0.103215,0.07,1,139808,139381,427
11785921,5.35643,5.03387,427,53945,0.0766429,0.11,1,139810,139383,427
11788841,28.2713,29.8068,425,53984,0.0393286,0.03,1,139844,139419,425
11791761,32.8543,35.5614,422,54023,0.0158657,0.01,1,139878,139456,422
11794681,35.3709,35.9123,422,54062,0.0111731,0.01,1,139914,139492,422
11797601,21.4742,21.5825,422,54101,0.0102346,0.03,1,139932,139510,422
11800521,16.2948,15.5165,423,54140,0.0260469,0.03,1,139947,139524,423
11803441,23.259,23.9033,422,54179,0.0292094,0.01,1,139972,139550,422
11806361,29.4518,29.5807,422,54218,0.0458419,0.05,1,140003,139581,422
11809281,7.49036,7.51613,422,54257,0.0171684,0.01,1,140005,139583,422
11812201,14.2981,14.3032,422,54296,0.0114337,0.01,1,140021,139599,422
11815121,10.0596,9.26065,423,54335,0.0262867,0.01,1,140030,139607,423
11818041,3.61192,3.45213,423,54374,0.0292573,0.03,1,140032,139609,423
11820961,65.5224,66.2904,422,54413,0.0298515,0.03,1,140113,139691,422
11823881,14.7045,14.8581,422,54452,0.0299703,0.07,1,140115,139693,422
11826801,62.1409,59.7716,425,54491,0.0779941,0.11,1,140189,139764,425
11829721,14.0282,13.5543,425,54530,0.0875988,0.07,1,140191,139766,425
11832641,22.0056,21.9109,425,54569,0.10552,0.11,1,140215,139790,425
11835561,17.2011,18.7822,423,54608,0.109104,0.07,1,140231,139808,423
11838481,5.04023,5.35643,423,54647,0.109821,0.03,1,140233,139810,423
11841401,28.208,28.2713,423,54686,0.0779642,0.03,1,140267,139844,423
11844321,31.2416,5.65426,455,54724,0.0715928,0.01,1,140299,139844,455
11847241,35.0483,28.3309,457,54762,0.0543186,0.01,1,140335,139878,457
11850161,21.4097,34.4662,439,54800,0.0348637,0.01,1,140353,139914,439
11853081,16.2819,21.2932,436,54838,0.0309727,0.03,1,140368,139932,436
11856001,23.2564,16.2586,446,54876,0.0301945,0.03,1,140393,139947,446
11858921,29.4513,23.2517,452,54914,0.0300389,0.05,1,140424,139972,452
11861841,7.49026,29.4503,423,54952,0.0300078,0.01,1,140426,140003,423
11864761,14.2981,7.49007,437,54990,0.190002,0.01,1,140442,140005,437
11867681,10.0596,14.298,430,55028,0.238,0.03,1,140451,140021,430
11870601,3.61192,10.0596,423,55066,0.2476,0.03,1,140453,140030,423
11873521,65.5224,3.61192,502,55104,0.08952,0.03,1,140534,140032,502
11876441,14.7045,65.5224,423,55142,0.057904,0.03,1,140536,140113,423
11879361,63.7409,14.7045,497,55180,0.0355808,0.09,1,140612,140115,497
11882281,14.3482,62.1409,425,55218,0.0311162,0.09,1,140614,140189,425
11885201,22.8696,14.0282,448,55256,0.0142232,0.11,1,140639,140191,448
11888121,17.3739,22.0056,440,55294,0.0268446,0.11,1,140655,140215,440
11891041,5.07479,17.2011,426,55332,0.0293689,0.11,1,140657,140231,426
11893961,28.215,5.04023,458,55370,0.0298738,0.07,1,140691,140233,458
11896881,29.643,28.208,454,55408,0.0619748,0.07,1,140721,140267,454
11899801,34.7286,31.2416,458,55446,0.068395,0.05,1,140757,140299,458
11902721,20.5457,35.0483,439,55484,0.085679,0.03,1,140774,140335,439
11905641,16.9091,21.4097,437,55522,0.0731358,0.03,1,140790,140353,437
11908561,23.3818,16.2819,447,55560,0.0226272,0.03,1,140815,140368,447
11911481,37.4764,23.2564,463,55598,0.0285254,0.03,1,140856,140393,463
11914401,9.09527,29.4513,434,55636,0.0457051,0.03,1,140858,140424,434
11917321,14.6191,7.49026,448,55674,0.097141,0.23,1,140874,140426,448
11920241,9.32381,14.2981,440,55712,0.123428,0.25,1,140882,140442,440
11923161,3.46476,10.0596,433,55750,0.128686,0.25,1,140884,140451,433
11926081,59.093,3.61192,504,55788,0.161737,0.05,1,140957,140453,504
11929001,13.4186,65.5224,425,55826,0.168347,0.05,1,140959,140534,425
11931921,62.6837,14.7045,498,55864,0.169669,0.03,1,141034,140536,498
11934841,14.1367,63.7409,424,55902,0.169934,0.03,1,141036,140612,424
11937761,22.8273,14.3482,447,55940,0.169987,0.01,1,141061,140614,447
11940681,17.3655,22.8696,438,55978,0.201997,0.03,1,141077,140639,438
11943601,5.07309,17.3739,424,56016,0.208399,0.03,1,141079,140655,424
11946521,28.2146,5.07479,456,56054,0.22568,0.03,1,141113,140657,456
11949441,31.2429,28.215,454,56092,0.229136,0.07,1,141145,140691,454
11952361,34.2486,29.643,459,56130,0.261827,0.07,1,141180,140721,459
11955281,8.44972,34.7286,425,56167,0.268365,0.09,1,141182,140757,425
11958201,15.2899,20.5457,425,56204,0.253673,0.07,1,141199,140774,425
11961121,14.258,16.9091,423,56241,0.250735,0.01,1,141213,140790,423
11964041,22.0516,23.3818,422,56278,0.250147,0.03,1,141237,140815,422
11966961,41.2103,37.4764,427,56315,0.250029,0.05,1,141283,140856,427
11969881,9.84206,9.09527,427,56352,0.266006,0.11,1,141285,140858,427
11972801,15.5684,14.6191,428,56389,0.333201,0.13,1,141302,140874,428
11975721,9.51368,9.32381,428,56426,0.34664,0.13,1,141310,140882,428
11978641,3.50274,3.46476,428,56463,0.349328,0.17,1,141312,140884,428
11981561,60.7005,59.093,430,56500,0.381866,0.17,1,141387,140957,430
11984481,13.7401,13.4186,430,56537,0.388373,0.17,1,141389,140959,430
11987401,62.748,62.6837,430,56574,0.373675,0.17,1,141464,141034,430
11990321,14.1496,14.1367,430,56611,0.402735,0.17,1,141466,141036,430
11993241,24.4299,22.8273,432,56648,0.392547,0.21,1,141493,141061,432
11996161,17.686,17.3655,432,56685,0.406509,0.21,1,141509,141077,432
11999081,5.1372,5.07309,432,56722,0.441302,0.23,1,141511,141079,432
12002001,29.0274,28.2146,433,56759,0.43226,0.23,1,141546,141113,433
12004921,31.4055,31.2429,433,56796,0.462452,0.27,1,141578,141145,433
12007841,34.2811,34.2486,433,56833,0.42049,0.27,1,141613,141180,433
12010761,8.45622,8.44972,433,56870,0.412098,0.25,1,141615,141182,433
12013681,16.0912,15.2899,434,56907,0.41042,0.25,1,141633,141199,434
12016601,14.4182,14.258,434,56944,0.458084,0.25,1,141647,141213,434
12019521,20.4836,22.0516,432,56981,0.451617,0.25,1,141669,141237,432
12022441,45.6967,41.2103,438,57018,0.578323,0.27,1,141721,141283,438
12025361,10.7393,9.84206,438,57055,0.619665,0.35,1,141723,141285,438
12028281,16.5479,15.5684,439,57092,0.627933,0.35,1,141741,141302,439
12031201,9.70957,9.51368,439,57129,0.661587,0.35,1,141749,141310,439
12034121,3.54191,3.50274,439,57166,0.636317,0.39,1,141751,141312,439
12037041,60.7084,60.7005,439,57203,0.631263,0.39,1,141826,141387,439
12039961,13.7417,13.7401,439,57240,0.630253,0.37,1,141828,141389,439
12042881,63.5483,62.748,440,57277,0.694051,0.41,1,141904,141464,440
12045801,14.3097,14.1496,440,57314,0.70681,0.39,1,141906,141466,440
12048721,26.0619,24.4299,442,57351,0.725362,0.41,1,141935,141493,442
12051641,18.0124,17.686,442,57388,0.745072,0.45,1,141951,141509,442
12054561,5.20248,5.1372,442,57425,0.749014,0.43,1,141953,141511,442
12057481,29.8405,29.0274,443,57462,0.733803,0.47,1,141989,141546,443
12060401,31.5681,31.4055,443,57499,0.762761,0.41,2,142021,141578,443
12063321,33.5136,34.2811,442,57536,0.752552,0.41,2,142055,141613,442
12066241,8.30272,8.45622,442,57573,0.75051,0.41,2,142057,141615,442
12069161,16.0605,16.0912,442,57610,0.766102,0.41,2,142075,141633,442
12072081,15.2121,3.21825,457,57647,0.78522,0.47,2,142090,141633,457
12075001,20.6424,11.8436,465,57683,0.757044,0.45,2,142112,141647,465
12256041,21,27,490,59896,0.81,1,2,143631,143141,490
12258961,17,19,489,59931,0.698,1,1,143647,143158,489
12261881,16.2,14.2,492,59966,0.6116,1,1,143663,143171,492
12264801,45.64,42.84,495,60001,0.33832,1,1,143716,143221,495
12267721,22.728,18.968,499,60036,0.235664,1,1,143733,143234,499
12270641,44.5456,56.5936,483,60071,0.119133,1,1,143783,143300,483
12273561,32.9091,27.3187,493,60106,0.0478266,1,1,143813,143320,493
12276481,23.3818,20.6637,495,60141,0.225565,1,1,143834,143339,495
12279401,19.0764,24.1327,488,60176,0.213113,1,1,143852,143364,488
12282321,19.8153,20.0265,489,60211,0.146623,1,1,143872,143383,489
12285241,19.9631,20.0053,489,60246,0.0693245,1,1,143892,143403,489
12288161,17.5926,20.0011,486,60281,0.181865,1,1,143909,143423,486
12291081,36.3185,39.2002,483,60316,0.092373,1,1,143950,143467,483
12294001,24.0637,27.04,480,60351,0.0424746,1,1,143971,143491,480
12296921,23.2127,22.208,482,60386,0.0324949,1,1,143994,143512,482
12299841,18.2425,22.0416,477,60421,0.046499,0.95,1,144011,143534,477
12302761,17.2485,21.2083,473,60456,0.0332998,0.97,1,144028,143555,473
12305681,13.8497,16.2417,471,60491,0.04666,0.91,1,144041,143570,471
12308601,17.1699,24.0483,463,60526,0.033332,0.91,1,144059,143596,463
12311521,10.634,4.80967,472,60561,0.0306664,0.85,1,144068,143596,472
12314441,15.7268,12.1619,475,60596,0.0301333,0.81,1,144085,143610,475
12317361,14.3454,19.2324,468,60631,0.0300267,0.67,1,144099,143631,468
12320281,12.4691,16.6465,464,60666,0.0300053,0.59,1,144111,143647,464
12323201,32.8938,16.1293,486,60701,0.0460011,0.27,1,144149,143663,486
12326121,17.7788,45.6259,447,60736,0.0332002,0.21,1,144163,143716,447
12329041,37.1558,22.7252,472,60771,0.03064,0.09,1,144205,143733,472
12331961,30.6312,44.545,451,60806,0.030128,0.03,1,144234,143783,451
12334881,29.3262,32.909,450,60841,0.302026,0.27,1,144263,143813,450
12337801,19.4652,23.3818,446,60876,0.340405,0.21,1,144280,143834,446
12340721,15.893,19.0764,443,60911,0.348081,0.13,1,144295,143852,443
12343641,27.9786,19.8153,454,60945,0.349616,0.05,1,144326,143872,454
12346561,14.3957,19.9631,445,60979,0.285923,0.21,1,144337,143892,445
12349481,31.6791,17.5926,464,61013,0.289185,0.07,1,144373,143909,464
12352401,21.5358,36.3185,442,61047,0.289837,0.03,1,144392,143950,442
12355321,22.7072,24.0637,444,61081,0.241967,0.03,1,144415,143971,444
12358241,18.9414,23.2127,439,61115,0.232393,0.05,1,144433,143994,439
12361161,17.3883,18.2425,439,61149,0.214479,0.03,1,144450,144011,439
12364081,13.0777,17.2485,434,61183,0.210896,0.05,1,144462,144028,434
12367001,17.0155,13.8497,439,61217,0.210179,0.03,1,144480,144041,439
12369921,10.6031,17.1699,430,61251,0.194036,0.03,1,144489,144059,430
12372841,16.5206,10.634,439,61285,0.158807,0.03,1,144507,144068,439
12375761,14.5041,15.7268,436,61319,0.0877614,0.03,1,144521,144085,436
12378681,13.3008,14.3454,435,61353,0.105552,0.03,1,144534,144099,435
12381601,32.2602,12.4691,460,61387,0.0611105,0.05,1,144571,144111,460
12384521,16.852,32.8938,435,61421,0.0362221,0.03,1,144584,144149,435
12387441,37.7704,17.7788,464,61455,0.0632444,0.03,1,144627,144163,464
12390361,41.1541,37.1558,464,61489,0.0206489,0.03,1,144669,144205,464
12393281,33.0308,30.6312,466,61523,0.0441298,0.37,1,144700,144234,466
12396201,20.2062,29.3262,454,61557,0.032826,0.35,1,144717,144263,454
12399121,17.6412,19.4652,454,61591,0.0145652,0.35,1,144734,144280,454
12402041,23.5282,15.893,464,61625,0.074913,0.35,1,144759,144295,464
12404961,13.5056,27.9786,444,61659,0.0709826,0.27,1,144770,144326,444
12407881,33.1011,14.3957,471,61693,0.0701965,0.29,1,144808,144337,471
12410801,18.6202,31.6791,450,61727,0.0860393,0.29,1,144823,144373,450
12413721,24.524,21.5358,457,61761,0.0892079,0.23,1,144849,144392,457
12416641,17.7048,22.7072,450,61795,0.0898416,0.23,1,144865,144415,450
12419561,16.341,18.9414,448,61829,0.0899683,0.21,1,144881,144433,448
12422481,12.8682,17.3883,443,61863,0.0899937,0.21,1,144893,144450,443
12425401,15.3736,13.0777,447,61897,0.121999,0.21,1,144909,144462,447
12428321,9.47473,17.0155,437,61931,0.1284,0.19,1,144917,144480,437
12431241,13.0949,10.6031,442,61965,0.12968,0.15,1,144931,144489,442
12434161,13.819,16.5206,438,61999,0.129936,0.07,1,144945,144507,438
12437081,4.3638,14.5041,426,62033,0.129987,0.11,1,144947,144521,426
12440001,10.4728,13.3008,425,62067,0.129997,0.05,1,144959,144534,425
12442921,30.8946,32.2602,424,62101,0.161999,0.03,1,144995,144571,424
12445841,17.3789,16.852,425,62135,0.1844,0.07,1,145009,144584,425
12448761,35.4758,37.7704,422,62169,0.20488,0.01,1,145049,144627,422
12451681,41.4952,41.1541,423,62203,0.128976,0.05,1,145092,144669,423
12454601,33.899,33.0308,424,62237,0.0817952,0.03,1,145124,144700,424
12457521,19.5798,20.2062,423,62271,0.072359,0.01,1,145140,144717,423
12460441,19.116,17.6412,425,62305,0.0864718,0.09,1,145159,144734,425
12463361,23.0232,23.5282,424,62339,0.0572944,0.07,1,145183,144759,424
12466281,14.2046,13.5056,425,62373,0.0514589,0.07,1,145195,144770,425
12469201,33.2409,33.1011,425,62407,0.0822918,0.09,1,145233,144808,425
12472121,19.4482,18.6202,426,62441,0.104458,0.09,1,145249,144823,426
12475041,24.6896,24.524,426,62475,0.124892,0.09,1,145275,144849,426
12477961,17.7379,17.7048,426,62509,0.128978,0.09,1,145291,144865,426
12480881,16.3476,16.341,426,62543,0.0977957,0.09,1,145307,144881,426
12483801,14.4695,12.8682,428,62577,0.0915591,0.13,1,145321,144893,428
12486721,15.6939,15.3736,428,62611,0.0903118,0.13,1,145337,144909,428
12489641,9.53878,9.47473,428,62645,0.0900624,0.13,1,145345,144917,428
12492561,13.1078,13.0949,428,62679,0.0900125,0.13,1,145359,144931,428
12495481,13.8216,13.819,428,62713,0.0900025,0.13,1,145373,144945,428
12498401,4.36431,4.3638,428,62746,0.0900005,0.13,1,145375,144947,428
12501321,12.0729,10.4728,430,62779,0.0900001,0.17,1,145389,144959,430
12504241,31.2146,30.8946,430,62812,0.106,0.19,1,145425,144995,430
12507161,18.2429,17.3789,431,62845,0.0932,0.21,1,145440,145009,431
12510081,34.8486,35.4758,430,62878,0.09064,0.11,1,145479,145049,430
12513001,37.3697,41.4952,425,62911,0.122128,0.07,1,145517,145092,425
12515921,33.0739,33.899,425,62944,0.128426,0.07,1,145549,145124,425
12518841,19.4148,19.5798,425,62977,0.145685,0.09,1,145565,145140,425
12521761,18.283,19.116,424,63010,0.165137,0.05,1,145583,145159,424
12524681,22.8566,23.0232,424,63043,0.169027,0.05,1,145607,145183,424
12527601,14.1713,14.2046,424,63076,0.169805,0.09,1,145619,145195,424
12530521,33.2343,33.2409,424,63109,0.185961,0.11,1,145657,145233,424
12533441,21.0469,19.4482,426,63142,0.157192,0.13,1,145675,145249,426
12536361,25.0094,24.6896,426,63175,0.119438,0.13,1,145701,145275,426
12539281,17.8019,17.7379,426,63208,0.143888,0.09,1,145717,145291,426
12542201,16.3604,16.3476,426,63241,0.148778,0.09,1,145733,145307,426
12545121,14.4721,14.4695,426,63274,0.117756,0.09,1,145747,145321,426
12548041,15.6944,15.6939,426,63307,0.159551,0.09,1,145763,145337,426
12550961,9.53888,9.53878,426,63340,0.13591,0.09,1,145771,145345,426
12553881,13.1078,13.1078,426,63373,0.163182,0.09,1,145785,145359,426
12556801,13.8216,13.8216,426,63406,0.136636,0.09,1,145799,145373,426
12559721,4.36431,4.36431,426,63439,0.163327,0.09,1,145801,145375,426
12562641,12.0729,12.0729,426,63472,0.184665,0.09,1,145815,145389,426
12565561,31.2146,2.41457,462,63505,0.172933,0.11,1,145851,145389,462
12568481,18.2429,29.2829,441,63538,0.202587,0.09,1,145866,145425,441
12571401,34.0486,17.8566,464,63571,0.192517,0.09,1,145904,145440,464
12574321,37.2097,34.7713,463,63604,0.190503,0.13,1,145942,145479,463
12577241,33.8419,37.3543,458,63637,0.206101,0.13,1,145975,145517,458
12580161,20.3684,33.0709,443,63670,0.19322,0.15,1,145992,145549,443
12583081,18.4737,19.4142,445,63703,0.190644,0.17,1,146010,145565,445
12586001,22.8947,18.2828,451,63736,0.206129,0.17,1,146034,145583,451
12588921,14.9789,22.8566,440,63769,0.225226,0.17,1,146047,145607,440
12591841,33.3958,14.1713,466,63802,0.229045,0.19,1,146085,145619,466
12594761,19.4792,33.2343,444,63835,0.229809,0.15,1,146101,145657,444
12597681,24.6958,21.0469,452,63868,0.229962,0.11,1,146127,145675,452
12600601,17.7392,25.0094,442,63901,0.245992,0.15,1,146143,145701,442
12603521,16.3478,17.8019,442,63934,0.265198,0.15,1,146159,145717,442
12606441,14.4696,16.3604,440,63967,0.26904,0.11,1,146173,145733,440
12609361,16.4939,14.4721,443,64000,0.253808,0.17,1,146190,145747,443
12612281,9.69878,15.6944,435,64033,0.250762,0.13,1,146198,145763,435
12615201,13.1398,9.53888,441,64066,0.250152,0.17,1,146212,145771,441
12618121,13.828,13.1078,441,64099,0.25003,0.13,1,146226,145785,441
12621041,5.16559,13.8216,430,64132,0.266006,0.17,1,146229,145799,430
12623961,12.2331,4.36431,442,64165,0.253201,0.19,1,146243,145801,442
12626881,32.8466,12.0729,466,64198,0.28264,0.17,1,146281,145815,466
12629801,17.7693,31.2146,444,64231,0.256528,0.21,1,146295,145851,444
12632721,34.7539,18.2429,468,64264,0.283306,0.19,1,146334,145866,468
12635641,37.3508,34.0486,468,64297,0.304661,0.19,1,146372,145904,468
12638561,33.0702,37.2097,462,64330,0.308932,0.21,1,146404,145942,462
12641481,21.014,33.8419,447,64363,0.309786,0.19,1,146422,145975,447
12644401,19.4028,20.3684,449,64396,0.309957,0.19,1,146441,145992,449
12647321,23.0806,18.4737,455,64429,0.341991,0.21,1,146465,146010,455
12650241,15.8161,22.8947,445,64462,0.348398,0.23,1,146479,146034,445
12653161,33.5632,14.9789,470,64495,0.38168,0.23,1,146517,146047,470
12656081,19.5126,33.3958,448,64528,0.388336,0.23,1,146533,146085,448
12659001,25.5025,19.4792,459,64561,0.405667,0.23,1,146560,146101,459
12661921,17.9005,24.6958,449,64594,0.409133,0.25,1,146576,146127,449
12664841,17.1801,17.7392,450,64626,0.425827,0.27,1,146593,146143,450
12667761,14.636,16.3478,448,64658,0.429165,0.27,1,146607,146159,448
12670681,15.7272,14.4696,450,64690,0.429833,0.25,1,146623,146173,450
12673601,9.54544,16.4939,441,64722,0.429967,0.25,1,146631,146190,441
12676521,13.1091,9.69878,447,64754,0.429993,0.25,1,146645,146198,447
12679441,13.8218,13.1398,447,64786,0.445999,0.25,1,146659,146212,447
12682361,5.16436,13.828,436,64818,0.4332,0.27,1,146662,146226,436
12685281,12.2329,5.16559,447,64850,0.44664,0.25,1,146676,146229,447
12688201,32.8466,12.2331,471,64882,0.465328,0.29,1,146714,146243,471
12691121,17.7693,32.8466,447,64914,0.469066,0.25,1,146728,146281,447
12694041,5.15386,17.7693,435,64946,0.469813,0.29,1,146730,146295,435
12696961,33.0308,34.7539,436,64978,0.469963,0.31,1,146770,146334,436
12699881,37.8062,37.3508,437,65010,0.517993,0.31,1,146809,146372,437
12702801,33.1612,33.0702,437,65042,0.527599,0.31,1,146841,146404,437
12705721,21.8322,21.014,438,65074,0.54552,0.31,1,146860,146422,438
12708641,20.3664,19.4028,439,65106,0.517104,0.35,1,146880,146441,439
12711561,23.2733,23.0806,439,65138,0.511421,0.35,1,146904,146465,439
12714481,16.6547,15.8161,440,65170,0.526284,0.39,1,146919,146479,440
12717401,34.5309,33.5632,441,65202,0.561257,0.39,1,146958,146517,441
12720321,19.7062,19.5126,441,65234,0.568251,0.41,1,146974,146533,441
12723241,26.3412,25.5025,442,65266,0.53765,0.41,1,147002,146560,442
12726161,18.0682,17.9005,442,65298,0.56353,0.43,1,147018,146576,442
12729081,18.0136,17.1801,443,65330,0.552706,0.43,1,147036,146593,443
12732001,14.8027,14.636,443,65362,0.566541,0.43,1,147050,146607,443
12734921,15.7605,15.7272,443,65394,0.569308,0.43,1,147066,146623,443
12737841,9.55211,9.54544,443,65426,0.601862,0.43,1,147074,146631,443
12740761,13.9104,13.1091,444,65458,0.592372,0.45,1,147089,146645,444
12743681,13.9821,13.8218,444,65490,0.590474,0.43,1,147103,146659,444
12746601,5.19642,5.16436,444,65522,0.606095,0.45,1,147106,146662,444
12749521,12.2393,12.2329,444,65554,0.577219,0.47,1,147120,146676,444
12752441,33.6479,32.8466,445,65586,0.555444,0.47,1,147159,146714,445
12755361,17.9296,17.7693,445,65618,0.551089,0.47,1,147173,146728,445
12758281,5.18591,5.15386,445,65650,0.550218,0.47,1,147175,146730,445
12761201,33.8372,33.0308,446,65682,0.566044,0.53,1,147216,146770,446
12764121,39.5674,37.8062,448,65714,0.617209,0.53,1,147257,146809,448
12767041,33.5135,33.1612,448,65746,0.627442,0.55,1,147289,146841,448
12769961,21.1027,21.8322,447,65778,0.629488,0.51,1,147307,146860,447
12772881,20.2205,20.3664,447,65810,0.597898,0.51,1,147327,146880,447
12775801,23.2441,23.2733,447,65842,0.62358,0.53,1,147351,146904,447
12778721,17.4488,16.6547,448,65874,0.644716,0.57,1,147367,146919,448
12781641,34.6898,34.5309,448,65906,0.648943,0.57,1,147406,146958,448
12784561,19.738,19.7062,448,65938,0.665789,0.53,1,147422,146974,448
12787481,26.3476,26.3412,448,65970,0.669158,0.57,1,147450,147002,448
12790401,18.8695,18.0682,449,66002,0.653832,0.55,1,147467,147018,449
12793321,18.1739,18.0136,449,66034,0.650766,0.57,1,147485,147036,449
12796241,15.6348,14.8027,450,66066,0.602153,0.57,1,147500,147050,450
12799161,15.927,15.7605,450,66098,0.624431,0.61,1,147516,147066,450
12802081,9.58539,9.55211,450,66130,0.596886,0.59,1,147524,147074,450
12805001,14.7171,13.9104,451,66162,0.623377,0.59,1,147540,147089,451
12807921,14.1434,13.9821,451,66194,0.596675,0.61,1,147554,147103,451
12810841,4.42868,5.19642,450,66226,0.655335,0.57,1,147556,147106,450
12813761,12.0857,12.2393,450,66258,0.667067,0.55,1,147570,147120,450
12816681,32.8171,33.6479,449,66290,0.669413,0.55,1,147608,147159,449
12819601,17.7634,17.9296,449,66322,0.669883,0.55,1,147622,147173,449
12822521,5.15269,5.18591,449,66354,0.669977,0.57,1,147624,147175,449
12825441,33.0305,33.8372,448,66386,0.669995,0.57,1,147664,147216,448
12828361,41.0061,6.76744,491,66418,0.637999,0.63,1,147707,147216,491
12831281,33.8012,34.1535,482,66450,0.6476,0.63,1,147739,147257,482
12834201,21.1602,32.4307,468,66482,0.66552,0.63,1,147757,147289,468
12837121,20.232,20.8861,470,66514,0.669104,0.59,1,147777,147307,470
12840041,24.0464,20.1772,475,66546,0.685821,0.63,1,147802,147327,475
12842961,17.6093,23.2354,467,66578,0.689164,0.65,1,147818,147351,467
12845881,34.7219,17.4471,490,66610,0.673833,0.65,1,147857,147367,490
12848801,20.5444,34.6894,468,66642,0.686767,0.67,1,147874,147406,468
12851721,26.5089,19.7379,480,66673,0.705353,0.67,1,147902,147422,480
12854641,18.1018,26.3476,468,66704,0.709071,0.65,1,147918,147450,468
12857561,18.0204,18.8695,469,66735,0.709814,0.65,1,147936,147467,469
12860481,14.8041,18.1739,465,66766,0.709963,0.59,1,147950,147485,465
12863401,15.7608,15.6348,466,66797,0.725993,0.63,1,147966,147500,466
12866321,9.55216,15.927,458,66828,0.729199,0.59,1,147974,147516,458
12869241,14.7104,9.58539,466,66859,0.72984,0.63,1,147990,147524,466
12872161,15.7421,14.7171,466,66890,0.745968,0.59,1,148006,147540,466
12875081,4.74842,14.1434,454,66921,0.733194,0.67,1,148008,147554,454
12878001,12.1497,4.42868,466,66952,0.730639,0.67,1,148022,147556,466
12880921,32.8299,12.0857,490,66983,0.730128,0.67,1,148060,147570,490
12883841,17.766,32.8171,466,67014,0.730026,0.67,1,148074,147608,466
12886761,5.1532,17.7634,454,67045,0.730005,0.67,1,148076,147622,454
12889681,33.0306,5.15269,492,67076,0.730001,0.67,1,148116,147624,492
12892601,41.0061,33.0305,495,67107,0.73,0.63,1,148159,147664,495
12895521,35.4012,41.0061,486,67138,0.762,0.65,2,148193,147707,486
12898441,21.4802,33.8012,472,67169,0.7844,0.67,2,148211,147739,472
12901361,20.296,21.1602,474,67200,0.78888,0.67,2,148231,147757,474
12904281,24.8592,20.232,480,67231,0.789776,0.69,2,148257,147777,480
12907201,17.7718,24.0464,471,67262,0.789955,0.69,2,148273,147802,471
12910121,33.9544,17.6093,493,67293,0.805991,0.67,2,148311,147818,493
12913041,21.1909,34.7219,472,67324,0.809198,0.69,2,148329,147857,472
12915961,27.4382,20.5444,484,67355,0.85784,0.71,2,148358,147874,484
12918881,18.2876,26.5089,472,67386,0.867568,0.71,2,148374,147902,472
12921801,18.0575,18.1018,474,67417,0.869514,0.71,2,148392,147918,474
12924721,15.6115,18.0204,471,67448,0.885903,0.71,2,148407,147936,471
12927641,15.9223,14.8041,473,67479,0.889181,0.73,2,148423,147950,473
12930561,9.58446,15.7608,465,67510,0.889836,0.73,2,148431,147966,465
12933481,15.5169,9.55216,474,67541,0.873967,0.73,2,148448,147974,474
12936401,15.1034,14.7104,473,67572,0.934793,0.75,2,148463,147990,473
12939321,4.62068,15.7421,459,67603,0.914959,0.73,2,148465,148006,459
12942241,12.1241,4.74842,471,67634,0.910992,0.73,2,148479,148008,471
12945161,32.8248,12.1497,495,67665,0.926198,0.73,2,148517,148022,495
12948081,17.765,32.8299,471,67696,0.92924,0.73,2,148531,148060,471
12951001,5.15299,17.766,459,67727,0.929848,0.73,2,148533,148074,459
12953921,33.0306,5.1532,497,67758,0.92997,0.73,2,148573,148076,497
13407981,498,536,466,33580,0.01,0.69,1,151778,151312,466
13410901,130.8,138.4,466,34372,0.042,0.59,1,151817,151351,466
13413821,45.36,53.28,458,34434,0.0964,0.47,1,151841,151383,458
13416741,48.272,43.456,466,34495,0.09128,0.35,1,151890,151424,466
13419661,54.4544,45.4912,476,34556,0.170256,0.25,1,151946,151470,476
13422581,39.6909,59.4982,449,34617,0.234051,0,1,151982,151533,449
13425501,46.3382,63.0996,433,34678,0.19881,0.01,1,152030,151597,433
13428421,32.4676,32.6199,437,34739,0.079762,0.05,1,152059,151622,437
13431341,38.4935,33.724,443,34800,0.0239524,0,1,152099,151656,443
13434261,36.4987,39.5448,438,34861,0.0607905,0.03,1,152135,151697,438
13437181,36.0997,48.709,423,34922,0.0521581,0.03,1,152171,151748,423
13440101,20.0199,17.7418,429,34983,0.0504316,0.01,1,152187,151758,429
13443021,45.604,19.5484,461,35043,0.0980863,0.05,1,152239,151778,461
13445941,29.9208,35.1097,448,35103,0.0756173,0.11,1,152265,151817,448
13448861,44.3842,26.2219,472,35163,0.103123,0.09,1,152313,151841,472
13451781,63.2768,44.4444,491,35223,0.332625,0.19,1,152381,151890,491
13454701,40.6554,53.6889,470,35283,0.426525,0.25,1,152416,151946,470
13457621,41.7311,39.5378,476,35343,0.445305,0.19,1,152458,151982,476
13460541,27.5462,46.3076,452,35403,0.449061,0.05,1,152482,152030,452
13463461,37.5092,32.4615,463,35463,0.433812,0.01,1,152522,152059,463
13466381,35.5018,38.4923,458,35523,0.478762,0.07,1,152557,152099,458
13469301,35.1004,36.4985,457,35583,0.455752,0.05,1,152592,152135,457
13472221,21.4201,36.0997,439,35642,0.45115,0.05,1,152610,152171,439
13475141,5.88401,20.0199,425,35701,0.45023,0.11,1,152612,152187,425
13478061,42.7768,45.604,425,35760,0.434046,0.07,1,152664,152239,425
13480981,29.3554,29.9208,425,35819,0.414809,0.11,1,152690,152265,425
13483901,45.8711,44.3842,427,35878,0.410962,0.39,1,152740,152313,427
13486821,76.3742,63.2768,443,35937,0.762192,0.45,2,152824,152381,443
13489741,44.0748,40.6554,444,35996,0.832438,0.45,2,152860,152416,444
13492661,42.415,41.7311,444,36055,0.862488,0.45,2,152902,152458,444
13495581,27.683,27.5462,444,36114,0.900498,0.43,2,152926,152482,444
13498501,36.7366,37.5092,443,36173,0.8921,0.49,2,152965,152522,443
13624061,23,20,507,38604,0.77,1,2,154586,154079,507
13626981,23.8,28,501,38659,0.722,1,1,154610,154109,501
13629901,73.56,96,474,38714,0.4404,1,1,154696,154222,474
13632821,45.112,48.8,475,38769,0.08808,1,1,154734,154259,475
13635741,65.8224,55.36,489,38823,0.057616,1,1,154805,154316,489
13638661,27.5645,29.472,484,38877,0.0515232,1,1,154823,154339,484
13641581,25.5129,28.2944,481,38931,0.0103046,1,1,154848,154367,481
13644501,60.3026,59.2589,483,38985,0.0100609,1,1,154917,154434,483
13647421,23.2605,27.0518,478,39039,0.0100122,0.94,1,154931,154453,478
13650341,20.6521,23.8104,475,39093,0.00200244,1,1,154951,154476,475
13653261,18.5304,22.3621,471,39147,0.0244005,0.93,1,154969,154498,471
13656181,37.3061,40.4724,468,39201,0.0608801,0.79,1,155011,154543,468
13659101,19.4612,24.0945,463,39255,0.084176,0.77,1,155026,154563,463
13662021,19.8922,23.2189,460,39309,0.0408352,0.71,1,155046,154586,460
13664941,19.1784,23.8438,455,39363,0.048167,0.37,1,155065,154610,455
13667861,59.0357,73.5688,438,39417,0.00963341,0,1,155134,154696,438
13670781,30.2071,45.1138,423,39471,0.0259267,0.05,1,155157,154734,423
13673701,63.6414,65.8227,424,39525,0.00518534,0.05,1,155229,154805,424
13676621,26.3283,27.5645,423,39578,0.0250371,0,1,155246,154823,423
13679541,24.4657,25.5129,422,39631,0.653007,0.01,1,155270,154848,422
13682461,61.6931,60.3026,424,39684,0.506602,0.01,1,155341,154917,424
13685381,21.9386,23.2605,422,39737,0.47732,0,1,155353,154931,422
13688301,20.3877,20.6521,422,39790,0.455464,0.03,1,155373,154951,422
13691221,18.4775,18.5304,422,39843,0.451093,0.07,1,155391,154969,422
13694141,38.8955,37.3061,424,39896,0.402219,0.09,1,155435,155011,424
13697061,19.7791,19.4612,424,39949,0.408444,0.03,1,155450,155026,424
13699981,19.1558,19.8922,423,40002,0.425689,0.05,1,155469,155046,423
13702901,19.0312,19.1784,423,40055,0.413138,0,1,155488,155065,423
13705821,58.2062,59.0357,422,40108,0.346628,0,1,155556,155134,422
13708741,30.0412,11.8071,445,40161,0.237326,0.03,1,155579,155134,445
13711661,62.8082,20.7614,493,40214,0.0474651,0,1,155650,155157,493
13714581,26.1616,61.7523,438,40267,0.065493,0.03,1,155667,155229,438
13717501,51.6323,25.9505,479,40319,0.0370986,0.81,1,155725,155246,479
13720421,56.7265,24.3901,513,40371,0.0474197,0.47,1,155783,155270,513
13723341,21.7453,61.678,455,40423,0.0654839,0.47,1,155796,155341,455
13726261,18.7491,21.9356,461,40475,0.0370968,0.45,1,155814,155353,461
13729181,18.1498,20.3871,459,40527,0.0474194,0.45,1,155832,155373,459
13732101,38.03,18.4774,484,40579,0.0334839,0.39,1,155875,155391,484
13735021,18.806,38.8955,454,40631,0.0306968,0.41,1,155889,155435,454
13737941,19.7612,19.7791,459,40683,0.0301394,0.43,1,155909,155450,459
13740861,18.3522,19.1558,458,40735,0.0300279,0.41,1,155927,155469,458
13743781,53.2705,19.0312,501,40787,0.0300056,0.33,1,155989,155488,501
13746701,25.8541,58.2062,452,40839,0.0460011,0.21,1,156008,155556,452
13749621,56.3708,30.0412,493,40891,0.0172002,0,1,156072,155579,493
13752541,24.0742,62.8082,438,40943,0.04344,0.07,1,156088,155650,438
13755461,52.0148,26.1616,480,40995,0.048688,0.03,1,156147,155667,480
13758381,57.603,51.6323,481,41046,0.0657376,0.05,1,156206,155725,481
13761301,21.1206,56.7265,435,41097,0.0691475,0.07,1,156218,155783,435
13764221,19.4241,21.7453,441,41148,0.0858295,0.03,1,156237,155796,441
13767141,18.2848,18.7491,441,41199,0.0891659,0.05,1,156255,155814,441
13770061,37.257,18.1498,465,41250,0.105833,0.03,1,156297,155832,465
13772981,18.6514,38.03,436,41301,0.109167,0.03,1,156311,155875,436
13775901,19.7303,18.806,442,41352,0.109833,0.03,1,156331,155889,442
13778821,18.3461,19.7612,440,41403,0.141967,0.03,1,156349,155909,440
13781741,53.2692,18.3522,484,41454,0.148393,0.03,1,156411,155927,484
13784661,26.6538,53.2705,442,41505,0.165679,0.05,1,156431,155989,442
13787581,6.93077,25.8541,425,41556,0.169136,0.01,1,156433,156008,425
13790501,51.7862,56.3708,424,41607,0.0898272,0.05,1,156496,156072,424
13793421,23.1572,24.0742,424,41658,0.0579654,0.05,1,156512,156088,424
13796341,51.8314,52.0148,424,41709,0.0675931,0.07,1,156571,156147,424
13799261,58.3663,57.603,425,41760,0.0375186,0.07,1,156631,156206,425
13802181,21.2733,21.1206,425,41811,0.0315037,0.09,1,156643,156218,425
13805101,20.2547,19.4241,426,41861,0.0463007,0.09,1,156663,156237,426
13808021,18.4509,18.2848,426,41911,0.0972601,0.11,1,156681,156255,426
13810941,38.0902,37.257,427,41961,0.091452,0.11,1,156724,156297,427
13813861,18.818,18.6514,427,42011,0.12229,0.11,1,156738,156311,427
13816781,20.5636,19.7303,428,42061,0.112458,0.15,1,156759,156331,428
13819701,19.3127,18.3461,429,42111,0.142492,0.15,1,156778,156349,429
13822621,54.2625,53.2692,430,42161,0.148498,0.17,1,156841,156411,430
13825541,26.8525,26.6538,430,42211,0.1497,0.17,1,156861,156431,430
13828461,6.9705,6.93077,430,42261,0.18194,0.07,1,156863,156433,430
13831381,46.1941,51.7862,423,42311,0.124388,0.05,1,156919,156496,423
13834301,22.8388,23.1572,424,42361,0.160878,0.07,1,156936,156512,424
13837221,50.9678,51.8314,423,42411,0.152176,0.03,1,156994,156571,423
13840141,58.1936,58.3663,423,42461,0.198435,0.03,1,157054,156631,423
13843061,22.0387,21.2733,424,42511,0.191687,0.05,1,157067,156643,424
13845981,21.2077,20.2547,425,42561,0.174337,0.11,1,157088,156663,425
13848901,18.6415,18.4509,425,42611,0.138867,0.09,1,157106,156681,425
13851821,38.9283,38.0902,426,42661,0.179774,0.13,1,157150,156724,426
13854741,18.9857,18.818,426,42710,0.187955,0.11,1,157164,156738,426
13857661,22.1971,20.5636,428,42759,0.173591,0.15,1,157187,156759,428
13860581,18.8394,19.3127,427,42808,0.154718,0.15,1,157205,156778,427
13863501,55.7679,54.2625,429,42857,0.182944,0.15,1,157270,156841,429
13866421,27.1536,26.8525,429,42906,0.156589,0.19,1,157290,156861,429
13869341,7.03071,6.9705,429,42955,0.183318,0.11,1,157292,156863,429
13872261,45.4061,46.1941,428,43004,0.188664,0.11,1,157347,156919,428
13875181,21.8812,9.23882,444,43053,0.189733,0.17,1,157363,156919,444
13878101,52.3762,15.4478,487,43102,0.205947,0.15,1,157423,156936,487
13881021,58.4752,49.4896,489,43151,0.257189,0.21,1,157483,156994,489
13883941,21.295,57.8979,441,43200,0.283438,0.19,1,157495,157054,441
13886861,20.259,21.9796,448,43249,0.288688,0.17,1,157515,157067,448
13889781,18.4518,21.1959,445,43298,0.289738,0.13,1,157533,157088,445
13892701,39.6904,18.6392,472,43347,0.305948,0.19,1,157578,157106,472
13895621,19.1381,38.9278,442,43396,0.309189,0.19,1,157592,157150,442
13898541,22.2276,18.9856,451,43445,0.293838,0.17,1,157615,157164,451
13901461,18.8455,22.1971,446,43494,0.290768,0.15,1,157633,157187,446
13904381,55.7691,18.8394,493,43543,0.274154,0.19,1,157698,157205,493
13907301,27.1538,55.7679,448,43591,0.270831,0.15,1,157718,157270,448
13910221,7.03076,27.1536,430,43639,0.270166,0.19,1,157720,157290,430
13913141,47.0062,7.03071,485,43687,0.270033,0.19,1,157777,157292,485
13916061,23.0012,45.4061,447,43735,0.286007,0.19,1,157794,157347,447
13918981,54.2002,21.8812,493,43783,0.321201,0.21,1,157856,157363,493
13921901,60.4401,52.3762,495,43831,0.36024,0.27,1,157918,157423,495
13924821,21.688,58.4752,447,43879,0.400048,0.29,1,157930,157483,447
13927741,20.3376,21.295,455,43927,0.40801,0.29,1,157950,157495,455
13930661,19.2675,20.259,454,43975,0.425602,0.29,1,157969,157515,454
13933581,39.8535,18.4518,481,44023,0.44512,0.31,1,158014,157533,481
13936501,19.1707,39.6904,450,44071,0.449024,0.31,1,158028,157578,450
13939421,21.4341,19.1381,458,44119,0.449805,0.29,1,158050,157592,458
13942341,18.6868,22.2276,453,44167,0.465961,0.29,1,158068,157615,453
13945261,54.9374,18.8455,499,44215,0.501192,0.27,1,158132,157633,499
13948181,26.9875,55.7691,454,44263,0.508238,0.27,1,158152,157698,454
13951101,6.99749,27.1538,436,44311,0.509648,0.27,1,158154,157718,436
13954021,46.9995,7.03076,491,44359,0.52593,0.27,1,158211,157720,491
13956941,23.7999,47.0062,452,44407,0.529186,0.29,1,158229,157777,452
13959861,55.96,23.0012,499,44455,0.497837,0.33,1,158293,157794,499
13962781,12.792,54.2002,439,44502,0.491567,0.37,1,158295,157856,439
13965701,54.5584,60.4401,442,44549,0.522313,0.41,1,158360,157918,442
13968621,20.5117,21.688,442,44596,0.528463,0.41,1,158372,157930,442
13971541,20.1023,20.3376,442,44643,0.545693,0.43,1,158392,157950,442
13974461,20.0205,19.2675,443,44690,0.581138,0.45,1,158412,157969,443
13977381,40.8041,39.8535,444,44737,0.588228,0.45,1,158458,158014,444
13980301,19.3608,19.1707,444,44784,0.621646,0.45,1,158472,158028,444
13983221,22.2722,21.4341,445,44831,0.628329,0.47,1,158495,158050,445
13986141,18.8544,18.6868,445,44878,0.629666,0.51,1,158513,158068,445
13989061,56.5709,54.9374,447,44925,0.629933,0.51,1,158579,158132,447
13991981,27.3142,26.9875,447,44972,0.629987,0.51,1,158599,158152,447
13994901,7.06283,6.99749,447,45019,0.661997,0.53,1,158601,158154,447
13997821,47.8126,46.9995,448,45066,0.6684,0.53,1,158659,158211,448
14000741,23.9625,23.7999,448,45113,0.63768,0.49,1,158677,158229,448
14003661,55.1925,55.96,447,45160,0.679536,0.49,1,158740,158293,447
14006581,12.6385,12.792,447,45207,0.687907,0.53,1,158742,158295,447
14009501,55.3277,54.5584,448,45254,0.673581,0.53,1,158808,158360,448
14012421,21.4655,20.5117,449,45301,0.702716,0.55,1,158821,158372,449
14015341,20.2931,20.1023,449,45348,0.676543,0.59,1,158841,158392,449
14018261,20.0586,20.0205,449,45395,0.719309,0.59,1,158861,158412,449
14021181,42.4117,40.8041,451,45441,0.695862,0.63,1,158909,158458,451
14024101,19.6823,19.3608,451,45487,0.691172,0.63,1,158923,158472,451
14027021,22.3365,22.2722,451,45533,0.690234,0.63,1,158946,158495,451
14029941,18.8673,18.8544,451,45579,0.658047,0.63,1,158964,158513,451
14032861,58.1735,56.5709,453,45625,0.699609,0.63,1,159032,158579,453
14035781,27.6347,27.3142,453,45671,0.691922,0.67,1,159052,158599,453
14038701,7.12694,7.06283,453,45717,0.722384,0.67,1,159054,158601,453
14041621,47.8254,47.8126,453,45763,0.728477,0.63,1,159112,158659,453
14044541,24.7651,23.9625,454,45809,0.713695,0.69,1,159131,158677,454
14047461,55.353,55.1925,454,45855,0.710739,0.69,1,159194,158740,454
14050381,12.6706,12.6385,454,45901,0.710148,0.67,1,159196,158742,454
14053301,56.1341,55.3277,455,45947,0.75803,0.67,2,159263,158808,455
14056221,20.8268,11.0655,467,45993,0.735606,0.71,1,159275,158808,467
14059141,20.1654,12.6131,474,46039,0.731121,0.67,1,159295,158821,474
14062061,20.8331,18.5226,475,46085,0.762224,0.73,2,159316,158841,475
14064981,40.9666,19.7045,501,46131,0.784445,0.69,2,159362,158861,501
14067901,20.1933,42.3409,468,46177,0.788889,0.69,2,159377,158909,468
14070821,21.6387,19.6682,476,46223,0.821778,0.69,2,159399,158923,476
14073741,18.7277,22.3336,471,46269,0.844356,0.65,2,159417,158946,471
14076661,59.7455,18.8667,523,46315,0.848871,0.71,2,159487,158964,523
14079581,27.9491,58.1733,475,46361,0.817774,0.69,2,159507,159032,475
14082501,7.18982,27.6347,457,46406,0.811555,0.73,2,159509,159052,457
14085421,47.838,7.12693,513,46451,0.810311,0.73,2,159567,159054,513
14088341,24.7676,47.8254,474,46496,0.826062,0.71,2,159586,159112,474
14091261,54.5535,24.7651,517,46541,0.797212,0.71,2,159648,159131,517
14094181,12.5107,55.353,456,46586,0.791443,0.71,2,159650,159194,456
14097101,58.5021,12.6706,524,46631,0.822289,0.77,2,159720,159196,524
14100021,21.3004,56.1341,469,46676,0.828458,0.73,2,159732,159263,469
14102941,21.0601,20.8268,478,46721,0.861692,0.73,2,159753,159275,478
14105861,21.812,20.1654,480,46766,0.868338,0.77,2,159775,159295,480
14108781,41.9624,20.8331,506,46811,0.901668,0.79,2,159822,159316,506
14111701,21.1925,40.9666,476,46856,0.908334,0.79,2,159838,159362,476
14319021,26,46,489,49949,0.89,1,2,161944,161455,489
14321941,66,28.4,541,49991,0.842,0.99,2,162020,161479,541
14324861,27.6,48.88,505,50033,0.8164,1,2,162038,161533,505
14327781,31.92,27.376,516,50075,0.76328,1,2,162071,161555,516
14330701,46.384,48.6752,512,50117,0.656656,0.88,1,162121,161609,512
14333621,26.0768,38.535,497,50159,0.603331,0.91,1,162142,161645,497
14336541,21.2154,24.507,496,50201,0.544666,1,1,162162,161666,496
14339461,24.2431,23.3014,498,50243,0.468933,1,1,162187,161689,498
14342381,27.2486,25.4603,500,50285,0.469787,1,1,162215,161715,500
14345301,11.0497,25.0921,482,50327,0.485957,1,1,162222,161740,482
14348221,11.0099,17.8184,477,50369,0.441191,1,1,162233,161756,477
14351141,17.402,15.5637,481,50411,0.336238,1,1,162252,161771,481
14354061,18.6804,18.3127,481,50453,0.267248,1,1,162271,161790,481
14356981,25.3361,26.0625,480,50495,0.17345,1,1,162298,161818,480
14359901,26.6672,33.2125,472,50537,0.17069,0.92,1,162325,161853,472
14362821,34.1334,37.8425,469,50579,0.058138,0.91,1,162361,161892,469
14365741,26.8267,28.3685,468,50621,0.0516276,0.89,1,162386,161918,468
14368661,24.5653,26.4737,466,50663,0.0663255,0.83,1,162410,161944,466
14371581,64.1131,66.0947,464,50705,0.245265,0.81,1,162484,162020,464
14374501,25.6226,27.6189,462,50747,0.345053,0.75,1,162500,162038,462
14377421,26.7245,31.9238,456,50789,0.349011,0.63,1,162527,162071,456
14380341,42.9449,46.3848,453,50830,0.333802,0.59,1,162574,162121,453
14383261,22.989,26.077,450,50871,0.36276,0.53,1,162592,162142,450
14386181,17.3978,21.2154,446,50912,0.352552,0.45,1,162608,162162,446
14389101,21.8796,24.2431,444,50953,0.43051,0.47,1,162631,162187,444
14392021,26.7759,27.2486,444,50994,0.414102,0.49,1,162659,162215,444
14394941,9.35518,11.0497,442,51035,0.39482,0.43,1,162664,162222,442
14397861,9.07104,11.0099,440,51076,0.454964,0.31,1,162673,162233,440
14400781,12.2142,17.402,434,51117,0.466993,0.25,1,162686,162252,434
14403701,15.2428,18.6804,431,51158,0.501399,0.15,1,162702,162271,431
14406621,23.8486,25.3361,430,51199,0.47628,0.17,1,162728,162298,430
14409541,23.9697,26.6672,427,51240,0.471256,0.03,1,162752,162325,427
14412461,29.5939,34.1334,422,51281,0.470251,0.05,1,162783,162361,422
14415381,27.5188,26.8267,424,51322,0.47005,0.07,1,162810,162386,424
14418301,25.5038,24.5653,425,51363,0.43801,0.29,1,162835,162410,425
14421221,74.7007,64.1131,438,51404,0.735602,0.37,1,162922,162484,438
14424141,27.7401,25.6226,438,51445,0.84312,0.35,2,162938,162500,438
14427061,27.948,26.7245,439,51486,0.864624,0.33,2,162966,162527,439
14429981,43.9896,42.9449,440,51527,0.884925,0.37,2,163014,162574,440
14432901,22.3979,22.989,439,51568,0.872985,0.35,2,163031,162592,439
14435821,18.0796,17.3978,440,51609,0.854597,0.45,2,163048,162608,440
14438741,26.8159,21.8796,446,51650,0.898919,0.41,2,163077,162631,446
14575981,29,20,473,53533,0.35,1,1,164352,163879,473
14578901,40.2,27.2,487,53572,0.222,1,1,164395,163908,487
14581821,38.44,47.04,473,53611,0.7564,1,2,164433,163960,473
14584741,26.888,20.608,483,53650,0.73528,1,1,164457,163974,483
14587661,22.9776,24.1216,480,53689,0.763056,1,2,164479,163999,480
14590581,19.7955,20.8243,479,53728,0.720611,1,1,164498,164019,479
14593501,32.7591,32.1649,480,53767,0.568122,1,1,164534,164054,480
14596421,21.7518,20.033,482,53806,0.457624,1,1,164553,164071,482
14599341,20.3504,22.4066,479,53845,0.371525,0.98,1,164573,164094,479
14602261,19.2701,22.0813,476,53884,0.386305,0.96,1,164592,164116,476
14605181,20.654,18.8163,479,53923,0.373261,1,1,164613,164134,479
14608101,16.1308,15.7633,479,53962,0.354652,1,1,164628,164149,479
14611021,14.4262,10.3527,484,54001,0.30293,1,1,164642,164158,484
14613941,18.0852,14.8705,487,54040,0.260586,1,1,164661,164174,487
14616861,18.817,21.3741,483,54079,0.220117,0.93,1,164680,164197,483
14619781,16.5634,23.4748,475,54118,0.228023,0.88,1,164696,164221,475
14622701,21.7127,23.895,474,54157,0.229605,0.55,1,164719,164245,474
14625621,41.1425,67.179,442,54196,0.149921,0.35,1,164765,164323,442
14628541,27.4285,36.6358,437,54235,0.0699842,0.19,1,164789,164352,437
14631461,67.0857,41.7272,471,54274,0.0539968,0.89,1,164866,164395,471
14634381,36.6171,38.7454,462,54313,0.0347994,0.73,1,164895,164433,462
14637301,26.5234,26.9491,462,54352,0.0309599,0.77,1,164919,164457,462
14640221,18.9047,22.9898,457,54391,0.046192,0.71,1,164936,164479,457
14643141,16.5809,19.798,454,54430,0.0652384,0.53,1,164952,164498,454
14646061,27.3162,32.7596,448,54469,0.0370477,0.43,1,164982,164534,448
14648981,18.2632,21.7519,445,54508,0.11141,0.35,1,164998,164553,445
14651901,18.8526,20.3504,444,54547,0.0782819,0.39,1,165017,164573,444
14654821,15.7705,19.2701,440,54586,0.0876564,0.37,1,165032,164592,440
14657741,17.5541,20.654,437,54625,0.0575313,0.35,1,165050,164613,437
14660661,13.9108,16.1308,435,54664,0.0675063,0.29,1,165063,164628,435
14663581,11.5822,14.4262,432,54702,0.0855013,0.29,1,165074,164642,432
14666501,16.7164,2.88523,450,54740,0.0571002,0.25,1,165092,164642,450
14669421,18.5433,15.777,450,54778,0.05142,0.21,1,165111,164661,450
14672341,15.7087,18.3554,446,54816,0.066284,0.23,1,165126,164680,446
14675261,20.7417,16.4711,452,54854,0.117257,0.23,1,165148,164696,452
14678181,36.1483,21.6942,469,54892,0.143451,0.13,1,165188,164719,469
14681101,24.8297,41.1388,445,54930,0.14869,0.05,1,165210,164765,445
14684021,68.1659,27.4278,500,54968,0.0697381,0.05,1,165289,164789,500
14686941,36.0332,67.0856,451,55006,0.0539476,0.03,1,165317,164866,451
14689861,26.4066,36.6171,446,55044,0.0507895,0.03,1,165341,164895,446
14692781,18.8813,26.5234,439,55082,0.0661579,0.05,1,165358,164919,439
14695701,18.1763,18.9047,440,55120,0.0372316,0.07,1,165376,164936,440
14698621,28.4353,16.5809,455,55158,0.0314463,0.03,1,165407,164952,455
14701541,16.8871,27.3162,439,55196,0.0622893,0.13,1,165421,164982,439
14704461,19.3774,18.2632,443,55234,0.0684578,0.07,1,165441,164998,443
14707381,15.0755,18.8526,438,55272,0.0696916,0.09,1,165455,165017,438
14710301,17.4151,15.7705,441,55310,0.0859383,0.05,1,165473,165032,441
14713221,14.683,17.5541,437,55348,0.0891877,0.07,1,165487,165050,437
14716141,10.9366,13.9108,434,55386,0.0898375,0.09,1,165497,165063,434
14719061,17.3873,11.5822,442,55424,0.0899675,0.05,1,165516,165074,442
14721981,17.8775,16.7164,442,55462,0.121994,0.05,1,165534,165092,442
14724901,17.1755,18.5433,440,55500,0.144399,0.07,1,165551,165111,440
14727821,22.6351,15.7087,449,55538,0.18088,0.13,1,165575,165126,449
14730741,37.327,20.7417,468,55576,0.204176,0.15,1,165616,165148,468
14733661,21.8654,36.1483,446,55614,0.240835,0.15,1,165634,165188,446
14736581,66.7731,24.8297,502,55652,0.104167,0.05,1,165712,165210,502
14739501,35.7546,68.1659,451,55690,0.0768334,0.05,1,165740,165289,451
14742421,26.3509,36.0332,447,55728,0.0713667,0.05,1,165764,165317,447
14745341,18.0702,26.4066,439,55766,0.0702733,0.07,1,165780,165341,439
14748261,18.814,18.8813,441,55804,0.0540547,0.03,1,165799,165358,441
14751181,29.3628,18.1763,455,55842,0.0988109,0.03,1,165831,165376,455
14754101,17.0726,28.4353,438,55880,0.123762,0.07,1,165845,165407,438
14757021,19.4145,16.8871,444,55918,0.128752,0.07,1,165865,165421,444
14759941,15.0829,19.3774,438,55956,0.12975,0.07,1,165879,165441,438
14762861,18.2166,15.0755,443,55994,0.14595,0.09,1,165898,165455,443
14765781,14.8433,17.4151,439,56032,0.14919,0.09,1,165912,165473,439
14768701,11.7687,14.683,436,56070,0.165838,0.09,1,165923,165487,436
14771621,18.3537,10.9366,446,56108,0.137168,0.09,1,165943,165497,446
14774541,18.0707,17.3873,445,56145,0.131434,0.13,1,165961,165516,445
14777461,5.21415,17.8775,429,56182,0.130287,0.15,1,165963,165534,429
14780381,16.2428,17.1755,431,56219,0.114057,0.19,1,165982,165551,431
14783301,22.4486,22.6351,431,56256,0.110811,0.21,1,166006,165575,431
14786221,39.6897,37.327,434,56293,0.158162,0.25,1,166050,165616,434
14789141,22.3379,21.8654,434,56330,0.167632,0.07,1,166068,165634,434
14792061,59.6676,66.7731,425,56367,0.153526,0.07,1,166137,165712,425
14794981,34.3335,35.7546,425,56404,0.182705,0.07,1,166165,165740,425
14797901,26.0667,26.3509,425,56441,0.204541,0.07,1,166189,165764,425
14800821,18.0133,18.0702,425,56478,0.192908,0.05,1,166205,165780,425
14803741,19.6027,18.814,426,56515,0.222582,0.11,1,166225,165799,426
14806661,31.1205,29.3628,428,56552,0.228516,0.13,1,166259,165831,428
14809581,17.4241,17.0726,428,56589,0.197703,0.13,1,166273,165845,428
14812501,19.4848,19.4145,428,56626,0.191541,0.13,1,166293,165865,428
14815421,15.097,15.0829,428,56663,0.238308,0.15,1,166307,165879,428
14818341,19.0194,18.2166,429,56700,0.215662,0.15,1,166327,165898,429
14821261,15.0039,14.8433,429,56737,0.211132,0.17,1,166341,165912,429
14824181,11.0008,11.7687,428,56774,0.226226,0.13,1,166351,165923,428
14827101,18.2002,18.3537,428,56811,0.229245,0.13,1,166371,165943,428
14830021,18.04,18.0707,428,56848,0.229849,0.13,1,166389,165961,428
14832941,5.20801,5.21415,428,56885,0.26197,0.11,1,166391,165963,428
14835861,15.4416,16.2428,427,56922,0.268394,0.11,1,166409,165982,427
14838781,23.0883,22.4486,428,56959,0.269679,0.17,1,166434,166006,428
14841701,39.8177,39.6897,428,56996,0.237936,0.17,1,166478,166050,428
14844621,22.3635,22.3379,428,57033,0.247587,0.15,1,166496,166068,428
14847541,60.4727,59.6676,429,57070,0.281517,0.19,1,166566,166137,429
14850461,35.2945,34.3335,430,57107,0.288303,0.21,1,166595,166165,430
14853381,27.0589,26.0667,431,57144,0.305661,0.19,1,166620,166189,431
14856301,18.2118,18.0133,431,57181,0.309132,0.23,1,166636,166205,431
14859221,19.6424,19.6027,431,57218,0.309826,0.23,1,166656,166225,431
14862141,31.1285,31.1205,431,57255,0.309965,0.19,1,166690,166259,431
14865061,17.4257,17.4241,431,57292,0.309993,0.19,1,166704,166273,431
14867981,20.2851,19.4848,432,57329,0.309999,0.25,1,166725,166293,432
14870901,15.257,15.097,432,57366,0.31,0.21,1,166739,166307,432
14873821,19.0514,19.0194,432,57403,0.31,0.21,1,166759,166327,432
14876741,15.8103,15.0039,433,57440,0.294,0.23,1,166774,166341,433
14879661,11.1621,11.0008,433,57477,0.2588,0.23,1,166784,166351,433
14882581,18.2324,18.2002,433,57514,0.29976,0.23,1,166804,166371,433
14885501,18.0465,18.04,433,57551,0.307952,0.27,1,166822,166389,433
14888421,5.2093,5.20801,433,57588,0.30959,0.27,1,166824,166391,433
14891341,15.4419,15.4416,433,57625,0.309918,0.27,1,166842,166409,433
14894261,22.2884,3.08832,457,57661,0.277984,0.27,1,166866,166409,457
14897181,38.0577,20.6177,474,57697,0.287597,0.23,1,166908,166434,474
14900101,22.8115,39.3235,449,57733,0.305519,0.25,1,166927,166478,449
14903021,62.9623,22.2647,504,57769,0.357104,0.29,1,167000,166496,504
14905941,36.5925,60.4529,464,57805,0.367421,0.29,1,167030,166566,464
14908861,26.5185,35.2906,459,57841,0.369484,0.31,1,167054,166595,459
14911781,18.1037,27.0581,450,57877,0.385897,0.31,1,167070,166620,450
14914701,19.6207,18.2116,454,57913,0.389179,0.31,1,167090,166636,454
14917621,31.1241,19.6423,468,57949,0.389836,0.31,1,167124,166656,468
14920541,18.2248,31.1285,449,57985,0.421967,0.31,1,167139,166690,449
14923461,19.645,17.4257,455,58021,0.396393,0.31,1,167159,166704,455
14926381,15.129,20.2851,448,58057,0.391279,0.31,1,167173,166725,448
14929301,19.0258,15.257,454,58093,0.406256,0.31,1,167193,166739,454
14932221,15.0052,19.0514,448,58129,0.409251,0.29,1,167207,166759,448
14935141,11.801,15.8103,444,58165,0.44185,0.25,1,167218,166774,444
14938061,18.3602,11.1621,454,58201,0.44837,0.31,1,167238,166784,454
14940981,18.072,18.2324,452,58237,0.449674,0.31,1,167256,166804,452
14943901,5.21441,18.0465,436,58273,0.449935,0.31,1,167258,166822,436
14946821,15.4429,5.2093,452,58309,0.465987,0.31,1,167276,166824,452
14949741,22.2886,15.4419,458,58345,0.469197,0.27,1,167300,166842,458
14952661,38.8577,22.2884,477,58381,0.485839,0.29,1,167343,166866,477
14955581,23.7715,38.0577,455,58417,0.505168,0.31,1,167363,166908,455
14958501,65.5543,22.8115,512,58453,0.589034,0.37,1,167439,166927,512
14961421,37.1109,62.9623,469,58489,0.621807,0.37,1,167469,167000,469
14964341,27.4222,36.5925,464,58525,0.612361,0.37,1,167494,167030,464
14967261,18.2844,26.5185,456,58561,0.610472,0.39,1,167510,167054,456
14970181,19.6569,18.1037,460,58597,0.610094,0.39,1,167530,167070,460
14973101,31.1314,19.6207,474,58633,0.610019,0.39,1,167564,167090,474
14976021,18.2263,31.1241,455,58669,0.626004,0.43,1,167579,167124,455
14978941,19.6453,18.2248,460,58705,0.629201,0.39,1,167599,167139,460
14981861,15.1291,19.645,454,58741,0.62984,0.39,1,167613,167159,454
14984781,19.8258,15.129,461,58777,0.661968,0.41,1,167634,167173,461
14987701,15.9652,19.0258,456,58813,0.684394,0.41,1,167649,167193,456
14990621,12.793,15.0052,454,58849,0.656879,0.45,1,167661,167207,454
14993541,18.5586,11.801,463,58885,0.667376,0.45,1,167681,167218,463
14996461,18.9117,18.3602,462,58921,0.653475,0.45,1,167700,167238,462
14999381,5.38234,18.072,446,58957,0.650695,0.45,1,167702,167256,446
15002301,15.4765,5.21441,462,58993,0.682139,0.47,1,167720,167258,462
15005221,22.2953,15.4429,468,59029,0.688428,0.47,1,167744,167276,468
15008141,39.6591,22.2886,488,59065,0.705686,0.49,1,167788,167300,488
15011061,9.53181,38.8577,447,59101,0.709137,0.51,1,167790,167343,447
15013981,17.9064,23.7715,447,59137,0.709827,0.61,1,167810,167363,447
15016901,69.1813,65.5543,453,59173,0.709965,0.63,1,167892,167439,453
15019821,37.8363,37.1109,453,59209,0.693993,0.61,1,167922,167469,453
15022741,26.7673,27.4222,452,59245,0.738799,0.61,1,167946,167494,452
15025661,18.1535,18.2844,452,59280,0.71576,0.61,1,167962,167510,452
15028581,19.6307,19.6569,452,59315,0.743152,0.61,1,167982,167530,452
15031501,31.1261,31.1314,452,59350,0.71663,0.63,1,168016,167564,452
15034421,19.0252,18.2263,453,59385,0.711326,0.63,1,168032,167579,453
15037341,19.805,19.6453,453,59420,0.742265,0.63,1,168052,167599,453
15040261,15.161,15.1291,453,59455,0.748453,0.67,1,168066,167613,453
15043181,21.4322,19.8258,455,59490,0.765691,0.69,2,168089,167634,455
15046101,15.4864,15.9652,454,59525,0.769138,0.65,2,168103,167649,454
15049021,13.4973,12.793,455,59560,0.785828,0.67,2,168116,167661,455
15051941,18.6995,18.5586,455,59595,0.757166,0.65,2,168136,167681,455
15054861,19.7399,18.9117,456,59630,0.799433,0.65,2,168156,167700,456
15057781,5.54798,5.38234,456,59665,0.775887,0.69,2,168158,167702,456
15060701,15.5096,15.4765,456,59700,0.803177,0.69,2,168176,167720,456
15063621,22.3019,22.2953,456,59735,0.792636,0.71,2,168200,167744,456
15066541,40.4604,39.6591,457,59770,0.806527,0.71,2,168245,167788,457
15069461,9.69208,9.53181,457,59805,0.809305,0.71,2,168247,167790,457
15072381,17.9384,17.9064,457,59840,0.809861,0.71,2,168267,167810,457
15075301,67.5877,69.1813,455,59875,0.841972,0.69,2,168347,167892,455
15078221,39.1175,37.8363,457,59910,0.832394,0.75,2,168379,167922,457
15081141,27.0235,26.7673,457,59945,0.846479,0.71,2,168403,167946,457
15084061,18.2047,18.1535,457,59980,0.849296,0.75,2,168419,167962,457
15086981,19.6409,19.6307,457,60015,0.865859,0.71,2,168439,167982,457
15089901,31.1282,31.1261,457,60050,0.869172,0.71,2,168473,168016,457
15092821,20.6256,19.0252,459,60085,0.837834,0.75,2,168491,168032,459
15095741,20.1251,19.805,459,60120,0.863567,0.75,2,168511,168052,459
15098661,15.225,15.161,459,60155,0.868713,0.77,2,168525,168066,459
15101581,22.245,21.4322,460,60190,0.869743,0.77,2,168549,168089,460
15104501,15.649,15.4864,460,60225,0.853949,0.79,2,168563,168103,460
15107421,12.7298,13.4973,459,60260,0.85079,0.75,2,168575,168116,459
15110341,18.546,18.6995,459,60295,0.882158,0.81,2,168595,168136,459
15113261,20.5092,19.7399,460,60330,0.872432,0.77,2,168616,168156,460
15116181,5.70184,5.54798,460,60365,0.838486,0.81,2,168618,168158,460
15119101,16.3404,15.5096,461,60400,0.863697,0.79,2,168637,168176,461
15122021,22.4681,22.3019,461,60435,0.868739,0.81,2,168661,168200,461
15124941,39.6936,40.4604,460,60470,0.869748,0.81,2,168705,168245,460
15127861,9.53872,9.69208,460,60505,0.86995,0.81,2,168707,168247,460
15130781,17.9077,17.9384,460,60540,0.86999,0.81,2,168727,168267,460
15133701,68.3816,3.58768,541,60575,0.837998,0.85,2,168808,168267,541
15136621,38.4763,64.7175,492,60610,0.8476,0.83,2,168839,168347,492
15139541,27.6953,38.5435,485,60645,0.86552,0.85,2,168864,168379,485
15142461,18.3391,26.9087,477,60680,0.869104,0.85,2,168880,168403,477
15145381,20.4678,18.1817,482,60715,0.901821,0.87,2,168901,168419,482
15148301,31.2936,19.6363,496,60750,0.924364,0.87,2,168935,168439,496
15151221,20.6587,31.1273,480,60785,0.928873,0.83,2,168953,168473,480
15154141,20.1317,20.6255,482,60820,0.929775,0.87,2,168973,168491,482
15479721,22,34,452,30072,0.05,0.43,1,171546,171094,452
15482641,42,27.6,473,30142,0.034,0.11,1,171593,171120,473
15485561,85.2,94.32,458,30212,0.0468,0.01,1,171689,171231,458
15488481,53.84,63.664,448,30282,0.00936,0.03,1,171735,171287,448
15491401,37.968,47.9328,438,30352,0.025872,0,1,171769,171331,438
15494321,41.1936,39.1866,443,30422,0.0051744,0.03,1,171811,171368,443
15497241,69.0387,50.2373,466,30492,0.0730349,0.05,1,171887,171421,466
15500161,22.6077,44.4475,434,30561,0.102607,0.07,1,171898,171464,434
15503081,21.3215,20.8895,440,30630,0.140521,0.05,1,171919,171479,440
15506001,29.0643,40.1779,426,30699,0.244104,0.05,1,171950,171524,426
15508921,21.8129,25.6356,424,30768,0.264821,0.03,1,171970,171546,424
15511841,42.7626,42.7271,425,30837,0.284964,0.05,1,172018,171593,425
15514761,85.3525,85.3454,425,30906,0.304993,0,1,172114,171689,425
15517681,52.2705,53.8691,423,30974,0.0849986,0.03,1,172158,171735,423
15520601,38.4541,37.9738,424,31042,0.0169997,0,1,172193,171769,424
15523521,40.4908,41.1948,423,31110,0.0273999,0.09,1,172234,171811,423
15526441,71.2982,69.039,426,31178,0.18948,0.11,1,172313,171887,426
15529361,20.6596,22.6078,423,31246,0.221896,0.15,1,172321,171898,423
15532281,28.1319,21.3216,432,31314,0.212379,0.15,1,172351,171919,432
15535201,32.0264,4.26431,465,31382,0.290476,0.27,1,172384,171919,465
15538121,22.4053,25.6529,454,31449,0.306095,0.27,1,172404,171950,454
15541041,43.6811,21.1306,483,31516,0.293219,0.29,1,172453,171970,483
15543961,86.3362,42.6261,532,31583,0.322644,0.31,1,172550,172018,532
15546881,41.2672,85.3252,466,31650,0.328529,0.03,1,172580,172114,466
15549801,35.4534,52.265,456,31717,0.249706,0,1,172614,172158,456
15552721,39.8907,38.453,462,31784,0.169941,0.03,1,172655,172193,462
15555641,78.3781,40.4906,509,31851,0.281988,0.23,1,172743,172234,509
15558561,21.2756,71.2981,437,31917,0.288398,0.23,1,172750,172313,437
15561481,33.8551,20.6596,466,31983,0.36968,0.21,1,172787,172321,466
15564401,33.171,28.1319,469,32049,0.489936,0.31,1,172820,172351,469
15567321,22.6342,32.0264,456,32115,0.505987,0.31,1,172840,172384,456
15570241,42.9268,22.4053,484,32181,0.589197,0.29,1,172888,172404,484
15573161,87.7854,43.6811,534,32247,0.74184,0.33,1,172987,172453,534
15576081,42.3571,86.3362,468,32313,0.780368,0.33,2,173018,172550,468
15579001,30.8714,41.2672,466,32378,0.788074,0.23,2,173046,172580,466
15581921,32.5743,35.4534,465,32443,0.805615,0.15,2,173079,172614,465
15584841,86.5149,39.8907,524,32508,0.929123,0.31,2,173179,172655,524
15821361,15,79,501,37411,0.71,1,1,176528,176027,501
15824281,20.6,33.4,501,37467,0.63,1,1,176550,176049,501
15827201,27.32,28.28,503,37523,0.678,1,1,176579,176076,503
15830121,65.464,36.856,539,37579,0.1916,1,1,176654,176115,539
15833041,36.2928,51.3712,513,37635,0.11032,1,1,176683,176170,513
15835961,30.4586,35.0742,511,37691,0.094064,1,1,176712,176201,511
15838881,62.0917,28.6148,554,37747,0.506813,1,1,176782,176228,554
15841801,38.8183,71.323,505,37803,0.573363,1,1,176815,176310,505
15844721,33.3637,43.8646,500,37859,0.570673,1,1,176847,176347,500
15847641,27.4727,29.5729,500,37915,0.586134,0.99,1,176873,176373,500
15850561,23.0945,29.9146,492,37971,0.621227,0.86,1,176895,176403,492
15853481,63.8189,23.5829,544,38027,0.564245,0.77,1,176969,176425,544
15856401,25.5638,75.1166,472,38083,0.552849,0.71,1,176985,176513,472
15859321,17.9128,27.0233,473,38138,0.53457,0.61,1,177001,176528,473
15862241,28.3826,23.0047,482,38193,0.514914,0.69,1,177032,176550,482
15865161,43.2765,27.8009,500,38248,0.270983,0.07,1,177079,176579,500
15868081,31.0553,65.5602,453,38303,0.158197,0.09,1,177107,176654,453
15871001,29.4111,36.312,453,38358,0.0876393,0.09,1,177136,176683,453
15873921,81.8822,30.4624,519,38413,0.0895279,0.61,1,177231,176712,519
15876841,42.7764,62.0925,482,38468,0.0419056,0.59,1,177264,176782,482
15879761,34.1553,38.8185,481,38523,0.0803811,0.57,1,177296,176815,481
15882681,28.4311,33.3637,476,38578,0.152076,0.59,1,177323,176847,476
15885601,7.28621,27.4727,452,38633,0.166415,0.63,1,177325,176873,452
15888521,19.0572,23.0945,452,38688,0.201283,0.55,1,177347,176895,452
15891441,60.6114,63.8189,449,38743,0.208257,0.55,1,177418,176969,449
15894361,24.9223,25.5638,449,38798,0.209651,0.53,1,177434,176985,449
15897281,16.9845,17.9128,448,38852,0.22593,0.51,1,177449,177001,448
15900201,27.3969,28.3826,447,38906,0.245186,0.21,1,177479,177032,447
15903121,27.8794,43.2765,428,38960,0.249037,0.13,1,177507,177079,428
15906041,27.1759,31.0553,427,39014,0.265807,0.07,1,177534,177107,427
15908961,27.0352,29.4111,425,39068,0.269161,0.09,1,177561,177136,425
15911881,82.207,81.8822,426,39122,0.285832,0.03,1,177657,177231,426
15914801,42.0414,42.7764,425,39176,0.289166,0.09,1,177689,177264,425
15917721,35.6083,34.1553,427,39230,0.305833,0.17,1,177723,177296,427
15920641,31.1217,28.4311,430,39284,0.277167,0.17,1,177753,177323,430
15923561,7.82433,7.28621,430,39338,0.303433,0.21,1,177755,177325,430
15926481,19.1649,19.0572,430,39392,0.292687,0.21,1,177777,177347,430
15929401,62.233,60.6114,432,39446,0.354537,0.21,1,177850,177418,432
15932321,26.8466,24.9223,434,39500,0.334907,0.23,1,177868,177434,434
15935241,17.3693,16.9845,434,39553,0.362981,0.25,1,177883,177449,434
15938161,27.4739,27.3969,434,39606,0.336596,0.25,1,177913,177479,434
15941081,27.8948,27.8794,434,39659,0.331319,0.27,1,177941,177507,434
15944001,28.779,27.1759,436,39712,0.346264,0.27,1,177970,177534,436
15946921,26.5558,27.0352,435,39765,0.349253,0.29,1,177996,177561,435
15949841,82.9112,82.207,436,39818,0.317851,0.29,1,178093,177657,436
15952761,42.1822,42.0414,436,39871,0.34357,0.31,1,178125,177689,436
15955681,34.8364,35.6083,435,39924,0.348714,0.27,1,178158,177723,435
15958601,31.7673,31.1217,436,39977,0.381743,0.31,1,178189,177753,436
15961521,7.95346,7.82433,436,40030,0.388349,0.29,1,178191,177755,436
15964441,19.1907,19.1649,436,40083,0.38967,0.29,1,178213,177777,436
15967361,63.0381,3.83297,510,40136,0.373934,0.37,1,178287,177777,510
15970281,27.8076,59.1666,456,40189,0.386787,0.33,1,178306,177850,456
15973201,16.7615,26.2333,452,40242,0.357357,0.37,1,178320,177868,452
15976121,27.3523,17.2467,467,40294,0.383471,0.33,1,178350,177883,467
15979041,27.8705,27.4493,465,40346,0.388694,0.33,1,178378,177913,465
15981961,27.9741,27.8899,465,40398,0.389739,0.35,1,178406,177941,465
15984881,26.3948,28.778,462,40450,0.389948,0.35,1,178432,177970,462
15987801,82.879,26.5556,533,40502,0.38999,0.31,1,178529,177996,533
15990721,42.1758,82.9111,468,40554,0.405998,0.35,1,178561,178093,468
15993641,36.4352,42.1822,471,40606,0.4252,0.35,1,178596,178125,471
15996561,32.087,34.8364,469,40658,0.41304,0.39,1,178627,178158,469
15999481,8.01741,31.7673,440,40710,0.410608,0.39,1,178629,178189,440
16002401,20.0035,7.95346,461,40762,0.442122,0.39,1,178652,178191,461
16005321,63.2007,19.1907,513,40814,0.480424,0.37,1,178726,178213,513
16008241,27.0401,63.0381,457,40866,0.488085,0.39,1,178744,178287,457
16011161,17.408,27.8076,453,40918,0.537617,0.35,1,178759,178306,453
16014081,28.2816,16.7615,470,40970,0.563523,0.39,1,178790,178320,470
16017001,28.0563,27.3523,468,41022,0.584705,0.39,1,178818,178350,468
16019921,28.0113,27.8705,468,41073,0.588941,0.39,1,178846,178378,468
16022841,26.4023,27.9741,466,41124,0.605788,0.39,1,178872,178406,466
16025761,82.8804,26.3948,537,41175,0.641158,0.39,1,178969,178432,537
16028681,42.9761,82.879,473,41226,0.664232,0.41,1,179002,178529,473
16031601,37.3952,42.1758,477,41277,0.668846,0.43,1,179038,178561,477
16034521,32.279,36.4352,473,41328,0.701769,0.41,1,179069,178596,473
16037441,8.05581,32.087,444,41379,0.676354,0.41,1,179071,178627,444
16040361,20.8112,8.01741,466,41430,0.671271,0.45,1,179095,178629,466
16043281,64.9622,20.0035,519,41481,0.718254,0.49,1,179171,178652,519
16046201,27.3924,63.2007,463,41532,0.727651,0.49,1,179189,178726,463
16049121,7.07849,27.0401,447,41583,0.72953,0.55,1,179191,178744,447
16052041,15.0157,17.408,449,41634,0.761906,0.57,2,179208,178759,449
16054961,28.6031,28.2816,450,41685,0.784381,0.59,2,179240,178790,450
16057881,28.9206,28.0563,451,41736,0.804876,0.59,2,179269,178818,451
16060801,28.1841,28.0113,451,41787,0.824975,0.61,2,179297,178846,451
16063721,27.2368,26.4023,452,41838,0.844995,0.65,2,179324,178872,452
16066641,84.6474,82.8804,454,41888,0.864999,0.67,2,179423,178969,454
16069561,44.1295,42.9761,455,41938,0.869,0.67,2,179457,179002,455
16072481,37.6259,37.3952,455,41988,0.8858,0.71,2,179493,179038,455
16075401,32.3252,32.279,455,42038,0.87316,0.67,2,179524,179069,455
16078321,8.06504,8.05581,455,42088,0.870632,0.67,2,179526,179071,455
16081241,20.813,20.8112,455,42138,0.870126,0.73,2,179550,179095,455
16084161,67.3626,64.9622,458,42188,0.918025,0.73,2,179629,179171,458
16087081,28.6725,27.3924,459,42238,0.911605,0.73,2,179648,179189,459
16090001,7.3345,7.07849,459,42288,0.910321,0.77,2,179650,179191,459
16092921,16.6669,15.0157,461,42338,0.910064,0.79,2,179669,179208,461
16095841,28.9334,28.6031,461,42388,0.910013,0.81,2,179701,179240,461
16098761,29.7867,28.9206,462,42438,0.910003,0.83,2,179731,179269,462
16101681,29.1573,28.1841,463,42488,0.910001,0.85,2,179760,179297,463
16104601,28.2315,27.2368,464,42538,0.942,0.87,2,179788,179324,464
16107521,85.6463,84.6474,465,42588,0.9164,0.87,2,179888,179423,465
16110441,45.1293,44.1295,466,42638,0.92728,0.89,2,179923,179457,466
16113361,37.8259,37.6259,466,42687,0.913456,0.87,2,179959,179493,466
16116281,31.5652,32.3252,465,42736,0.910691,0.87,2,179989,179524,465
16119201,7.91303,8.06504,465,42785,0.942138,0.87,2,179991,179526,465
16122121,20.7826,20.813,465,42834,0.924428,0.93,2,180015,179550,465
16314841,79,100,460,20544,0.01,0.03,1,182248,181788,460
16317761,88.6,101.6,449,20647,0.026,0.01,1,182339,181890,449
16320681,86.52,64.32,480,20750,0.0132,0.03,1,182425,181945,480
16323601,71.704,92.864,448,20852,0.01064,0.07,1,182493,182045,448
16326521,58.3408,49.7728,464,20954,0.042128,0.01,1,182548,182084,464
16329441,32.4682,45.1546,446,21055,0.0484256,0,1,182574,182128,446
16332361,21.6936,33.0309,435,21156,0.0496851,0.01,1,182593,182158,435
16335281,67.5387,78.6062,424,21256,0.113937,0.03,1,182672,182248,424
16338201,84.7077,88.5212,422,21356,0.0307874,0.01,1,182761,182339,422
16341121,87.3416,86.5042,424,21455,0.0301575,0.01,1,182849,182425,424
16344041,71.0683,71.7009,423,21554,0.0060315,0.05,1,182916,182493,423
16346961,58.2137,58.3402,423,21652,0.0252063,0.05,1,182971,182548,423
16349881,32.4427,32.468,423,21750,0.0450413,0.05,1,182997,182574,423
16352801,24.0885,21.6936,426,21848,0.0650083,0.13,1,183019,182593,426
16355721,68.0177,67.5387,426,21945,0.133002,0.01,1,183098,182672,426
16358641,81.6035,84.7077,422,22042,0.0826003,0.03,1,183183,182761,422
16361561,86.7207,87.3416,422,22138,0.0565201,0,1,183271,182849,422
16364481,70.9441,71.0683,422,22234,0.035304,0.03,1,183338,182916,422
16367401,58.1888,58.2137,422,22329,0.0310608,0.05,1,183393,182971,422
16370321,33.2378,32.4427,423,22424,0.0302122,0.07,1,183420,182997,423
16373241,25.0476,24.0885,424,22519,0.0460424,0.07,1,183443,183019,424
16376161,71.4095,4.81771,507,22613,0.0812085,0.15,1,183526,183019,507
16379081,76.6819,64.1635,506,22707,0.168242,0.07,1,183604,183098,506
16382001,85.7364,80.8327,509,22800,0.0576483,0.05,1,183692,183183,509
16384921,70.7473,86.5665,488,22893,0.0115297,0.03,1,183759,183271,488
16387841,58.1495,70.9133,476,22986,0.0583059,0.03,1,183814,183338,476
16390761,34.0299,58.1827,449,23078,0.0356612,0.03,1,183842,183393,449
16393681,24.406,33.2365,444,23170,0.0471322,0.05,1,183864,183420,444
16396601,76.8812,25.0473,511,23261,0.0174264,0.09,1,183954,183443,511
16399521,77.7762,71.4095,506,23352,0.0434853,0.19,1,184032,183526,506
16402441,81.1552,76.6819,510,23443,0.0326971,0.03,1,184114,183604,510
16405361,69.8311,85.7364,489,23533,0.00653941,0,1,184181,183692,489
16408281,57.9662,70.7473,477,23623,0.0413079,0.07,1,184236,183759,477
16411201,34.7932,58.1495,451,23713,0.0322616,0.03,1,184265,183814,451
16414121,24.5586,34.0299,445,23802,0.0304523,0.05,1,184287,183842,445
16417041,76.1117,24.406,512,23891,0.0300905,0.01,1,184376,183864,512
16419961,78.4223,76.8812,501,23980,0.110018,0.05,1,184455,183954,501
16422881,17.2845,77.7762,425,24068,0.126004,0.03,1,184457,184032,425
16425801,67.4569,81.1552,423,24156,0.0972007,0,1,184537,184114,423
16428721,66.2914,69.8311,422,24244,0.0434401,0.05,1,184603,184181,422
16431641,58.8583,57.9662,424,24331,0.016688,0.03,1,184660,184236,424
16434561,34.1717,34.7932,423,24418,0.0433376,0.03,1,184688,184265,423
16437481,24.4343,24.5586,423,24505,0.0486675,0.03,1,184710,184287,423
16440401,76.0869,76.1117,423,24591,0.0337335,0.13,1,184799,184376,423
16443321,82.4174,78.4223,428,24677,0.0947467,0.13,1,184883,184455,428
16446241,18.0835,17.2845,428,24763,0.106949,0.09,1,184885,184457,428
16449161,64.4167,67.4569,424,24849,0.12539,0.03,1,184961,184537,424
16452081,64.0833,66.2914,422,24934,0.081078,0.01,1,185025,184603,422
16455001,58.4167,58.8583,422,25019,0.0242156,0.05,1,185082,184660,422
16457921,34.0833,34.1717,422,25104,0.0448431,0.05,1,185110,184688,422
16460841,24.4167,24.4343,422,25188,0.0169686,0.03,1,185132,184710,422
16463761,76.8833,76.0869,423,25272,0.0273937,0.11,1,185222,184799,423
16466681,84.1767,82.4174,425,25356,0.0774787,0.11,1,185308,184883,425
16469601,18.4353,18.0835,425,25440,0.0554958,0.11,1,185310,184885,425
16472521,66.0871,3.61669,503,25523,0.131099,0.13,1,185388,184885,503
16475441,60.4174,61.5233,486,25606,0.14622,0.07,1,185447,184961,486
16478361,56.8835,63.5047,478,25689,0.149244,0.01,1,185503,185025,478
16481281,33.7767,58.3009,449,25771,0.149849,0.05,1,185531,185082,449
16484201,24.3553,34.0602,443,25853,0.14997,0.01,1,185553,185110,443
16487121,77.6711,24.412,512,25935,0.181994,0.03,1,185644,185132,512
16490041,85.9342,76.8824,510,26017,0.204399,0.09,1,185732,185222,510
16492961,18.7868,84.1765,426,26098,0.17688,0.05,1,185734,185308,426
16495881,69.3574,18.4353,506,26179,0.171376,0.15,1,185816,185310,506
16498801,61.0715,66.0871,487,26260,0.186275,0.15,1,185875,185388,487
16501721,57.0143,60.4174,484,26341,0.173255,0.15,1,185931,185447,484
16504641,33.8029,56.8835,456,26421,0.186651,0.15,1,185959,185503,456
16507561,24.3606,33.7767,450,26501,0.18933,0.15,1,185981,185531,450
16510481,79.2721,24.3553,521,26581,0.189866,0.19,1,186074,185553,521
16513401,85.4544,77.6711,517,26661,0.205973,0.21,1,186161,185644,517
16516321,18.6909,85.9342,431,26740,0.209195,0.17,1,186163,185732,431
16519241,69.3382,18.7868,511,26819,0.289839,0.17,1,186245,185734,511
16522161,61.8676,69.3574,489,26898,0.353968,0.19,1,186305,185816,489
16525081,13.9735,61.0715,432,26977,0.366794,0.17,1,186307,185875,432
16528001,46.7947,57.0143,431,27056,0.385359,0.19,1,186362,185931,431
16530921,31.7589,33.8029,431,27134,0.437072,0.19,1,186390,185959,431
16533841,23.9518,24.3606,431,27212,0.447414,0.19,1,186412,185981,431
16536761,79.1904,79.2721,431,27290,0.417483,0.21,1,186505,186074,431
16539681,86.2381,85.4544,432,27368,0.459497,0.21,1,186593,186161,432
16542601,18.8476,18.6909,432,27445,0.499899,0.31,1,186595,186163,432
16545521,73.3695,69.3382,437,27522,0.50798,0.37,1,186682,186245,437
16548441,65.0739,61.8676,440,27599,0.557596,0.37,1,186745,186305,440
16551361,14.6148,13.9735,440,27676,0.567519,0.39,1,186747,186307,440
16554281,47.723,46.7947,441,27753,0.553504,0.45,1,186803,186362,441
16557201,32.7446,31.7589,442,27829,0.614701,0.45,1,186832,186390,442
16560121,24.1489,23.9518,442,27905,0.59494,0.41,1,186854,186412,442
16563041,79.2298,79.1904,442,27981,0.622988,0.47,1,186947,186505,442
16565961,89.446,86.2381,446,28057,0.644598,0.51,1,187039,186593,446
16568881,19.4892,18.8476,446,28132,0.64892,0.51,1,187041,186595,446
16571801,74.2978,73.3695,447,28207,0.649784,0.57,1,187129,186682,447
16574721,66.0596,65.0739,448,28282,0.729957,0.57,1,187193,186745,448
16577641,14.8119,14.6148,448,28357,0.777991,0.57,2,187195,186747,448
16580561,48.5624,2.92296,505,28432,0.755598,0.55,2,187252,186747,505
16583481,33.7125,45.3846,479,28506,0.76712,0.63,2,187282,186803,479
16586401,24.3425,32.2769,472,28580,0.769424,0.59,2,187304,186832,472
16589321,80.8685,24.0554,545,28654,0.785885,0.63,2,187399,186854,545
16592241,88.9737,79.2111,543,28728,0.805177,0.65,2,187490,186947,543
16595161,19.3947,89.4422,453,28802,0.809035,0.65,2,187492,187039,453
16598081,78.2789,19.4884,544,28876,0.793807,0.65,2,187585,187041,544
16601001,68.4558,74.2977,522,28949,0.790761,0.75,2,187651,187129,522
16603921,15.2912,66.0595,460,29022,0.790152,0.79,2,187653,187193,460
16606841,49.4582,14.8119,516,29095,0.806031,0.75,2,187711,187195,516
16609761,33.8916,48.5624,489,29168,0.809206,0.77,2,187741,187252,489
16612681,25.1783,33.7125,482,29241,0.841841,0.77,2,187764,187282,482
16615601,81.0357,24.3425,555,29313,0.832368,0.79,2,187859,187304,555
16618521,89.8071,80.8685,552,29385,0.798474,0.81,2,187951,187399,552
16621441,19.5614,88.9737,463,29457,0.791695,0.81,2,187953,187490,463
16624361,79.1123,19.3947,555,29529,0.838339,0.79,2,188047,187492,555
16627281,67.0225,78.2789,526,29601,0.895668,0.79,2,188111,187585,526
16630201,15.0045,68.4558,462,29673,0.907134,0.79,2,188113,187651,462
16744081,67,100,525,32339,0.49,1,1,190000,189475,525
16747001,27.8,52.8,502,32404,0.466,1,1,190018,189516,502
16749921,38.36,31.36,517,32469,0.4212,1,1,190059,189542,517
16752841,46.072,51.072,509,32534,0.23624,1,1,190107,189598,509
16755761,28.4144,31.0144,507,32599,0.119248,1,1,190131,189624,507
16758681,24.8829,24.6029,508,32664,0.0798496,1,1,190155,189647,508
16761601,55.3766,17.7206,555,32729,0.10397,1,1,190218,189663,555
16764521,12.6753,63.5441,482,32794,0.076794,0.99,1,190220,189738,482
16767441,60.9351,81.5088,469,32858,0.0713588,0.85,1,190293,189824,469
16770361,24.187,33.1018,463,32922,0.0862718,0.71,1,190308,189845,463
16773281,68.0374,77.0204,454,32986,0.0732544,0.49,1,190387,189933,454
16776201,59.2075,69.0041,444,33050,0.0546509,0.46,1,190444,190000,444
16779121,28.6415,28.2008,447,33114,0.27493,0.41,1,190465,190018,447
16782041,28.1283,38.4402,434,33178,0.286986,0.19,1,190493,190059,434
16784961,39.2257,46.088,428,33242,0.321397,0.09,1,190535,190107,428
16787881,25.4451,28.4176,426,33306,0.376279,0.07,1,190557,190131,426
16790801,24.289,24.8835,426,33370,0.387256,0.11,1,190581,190155,426
16793721,56.8578,55.3767,428,33433,0.357451,0.07,1,190646,190218,428
16796641,12.9716,12.6753,428,33496,0.35149,0.07,1,190648,190220,428
16799561,58.5943,60.9351,425,33559,0.334298,0.09,1,190718,190293,425
16802481,23.7189,24.187,425,33622,0.37886,0.07,1,190733,190308,425
16805401,66.3438,68.0374,423,33685,0.371772,0.05,1,190810,190387,423
16808321,67.6688,59.2075,434,33748,0.402354,0.33,1,190878,190444,434
16811241,33.5338,28.6415,438,33811,0.456471,0.29,1,190903,190465,438
16814161,29.9068,28.1283,439,33874,0.451294,0.33,1,190932,190493,439
16817081,38.7813,39.2257,438,33936,0.450259,0.39,1,190973,190535,438
16820001,26.1563,25.4451,439,33998,0.466052,0.39,1,190996,190557,439
16822921,24.4313,24.289,439,34060,0.46921,0.35,1,191020,190581,439
16825841,55.2863,56.8578,437,34122,0.565842,0.35,1,191083,190646,437
16828761,12.6572,12.9716,437,34184,0.553168,0.33,1,191085,190648,437
16831681,60.1315,58.5943,439,34246,0.614634,0.33,1,191157,190718,439
16834601,23.2263,11.7189,453,34308,0.642927,0.39,1,191171,190718,453
16837521,67.0453,14.3438,516,34370,0.648585,0.37,1,191249,190733,516
16840441,71.0091,64.4688,511,34432,0.697717,0.41,1,191321,190810,511
16843361,35.0018,67.2938,469,34493,0.787543,0.47,2,191347,190878,469
16846281,29.4004,33.4587,472,34554,0.821509,0.45,2,191375,190903,472
16849201,38.6801,29.8918,484,34615,0.812302,0.45,2,191416,190932,484
16852121,26.936,38.7783,467,34676,0.84246,0.47,2,191440,190973,467
16855041,24.5872,26.1557,468,34737,0.848492,0.47,2,191464,190996,468
16857961,60.9174,24.4311,514,34798,0.849698,0.59,2,191534,191020,514
16860881,13.7835,55.2862,453,34859,0.81794,0.55,2,191536,191083,453
16863801,61.9567,12.6572,525,34920,0.891588,0.63,2,191610,191085,525
16866721,23.5913,60.1315,467,34981,0.874318,0.65,2,191624,191157,467
16869641,67.9183,23.2263,532,35041,0.934864,0.65,2,191703,191171,532
16983521,39,54,496,37322,0.45,1,1,193267,192771,496
16986441,47.8,35.6,515,37379,0.21,1,1,193317,192802,515
16989361,31.96,31.92,512,37436,0.066,1,1,193345,192833,512
16992281,31.192,29.584,514,37492,0.0532,1,1,193376,192862,514
16995201,55.0384,32.3168,542,37548,0.01864,1,1,193437,192895,542
16998121,34.2077,58.4634,506,37604,0.043728,1,1,193466,192960,506
17001041,58.0415,33.2927,543,37660,0.0487456,1,1,193530,192987,543
17003961,28.4083,51.4585,508,37716,0.0177491,0.94,1,193551,193043,508
17006881,17.6817,31.8917,496,37772,0.0275498,1,1,193566,193070,496
17009801,39.5363,26.3783,516,37828,0.06151,1,1,193611,193095,516
17012721,39.9073,41.2757,511,37884,0.036302,0.81,1,193651,193140,511
17015641,31.1815,49.8551,488,37940,0.0472604,0.65,1,193680,193192,488
17018561,30.2363,38.771,482,37996,0.00945208,0.45,1,193710,193228,482
17021481,28.4473,38.9542,471,38052,0.0258904,0.15,1,193738,193267,471
17024401,28.0895,47.7908,449,38108,0.00517808,0.03,1,193766,193317,449
17027321,30.4179,31.9582,452,38163,0.0250356,0.05,1,193797,193345,452
17030241,55.6836,31.1916,483,38218,0.0290071,0.01,1,193859,193376,483
17033161,33.5367,55.0383,450,38273,0.0298014,0.05,1,193887,193437,450
17036081,57.9073,34.2077,485,38328,0.00596028,0.05,1,193951,193466,485
17039001,28.3815,58.0415,442,38383,0.0251921,0.01,1,193972,193530,442
17041921,17.6763,28.4083,436,38438,0.0290384,0.03,1,193987,193551,436
17044841,39.5353,17.6817,466,38493,0.0458077,0.07,1,194032,193566,466
17047761,40.7071,39.5363,462,38548,0.0651615,0.03,1,194073,193611,462
17050681,32.1414,39.9073,452,38603,0.0530323,0.05,1,194103,193651,452
17053601,8.02828,31.1815,425,38658,0.0186065,0,1,194105,193680,425
17056521,24.8057,30.2363,424,38713,0.0117213,0.03,1,194134,193710,424
17059441,26.5611,28.4473,423,38768,0.0423443,0,1,194161,193738,423
17062361,26.9122,28.0895,422,38822,0.0324689,0.03,1,194188,193766,422
17065281,30.9824,30.4179,423,38876,0.0304938,0.03,1,194220,193797,423
17068201,54.9965,55.6836,422,38930,0.0300988,0.03,1,194281,193859,422
17071121,34.1993,33.5367,423,38984,0.00601975,0,1,194310,193887,423
17074041,58.0399,57.9073,423,39038,0.00920395,0.03,1,194374,193951,423
17076961,28.408,28.3815,423,39092,0.0418408,0.03,1,194395,193972,423
17079881,16.8816,17.6763,422,39146,0.0163682,0.05,1,194409,193987,422
17082801,40.1763,39.5353,423,39200,0.0592736,0.07,1,194455,194032,423
17085721,43.2353,40.7071,426,39254,0.0678547,0.05,1,194499,194073,426
17088641,31.0471,32.1414,424,39308,0.133571,0.01,1,194527,194103,424
17091561,7.80941,8.02828,424,39362,0.114714,0.01,1,194529,194105,424
17094481,23.9619,24.8057,423,39416,0.110943,0.05,1,194557,194134,423
17097401,25.5924,26.5611,422,39470,0.0301886,0.03,1,194583,194161,422
17100321,26.7185,26.9122,422,39524,0.0300377,0.03,1,194610,194188,422
17103241,31.7437,30.9824,423,39577,0.00600754,0.03,1,194643,194220,423
17106161,54.3487,54.9965,422,39630,0.00920151,0,1,194703,194281,422
17109081,34.0697,34.1993,422,39683,0.0018403,0.01,1,194732,194310,422
17112001,58.0139,58.0399,422,39736,0.00836806,0.05,1,194796,194374,422
17114921,28.4028,28.408,422,39789,0.00167361,0.01,1,194817,194395,422
17117841,16.8806,16.8816,422,39842,0.00833472,0.07,1,194831,194409,422
17120761,40.1761,40.1763,422,39895,0.0256669,0.07,1,194877,194455,422
17123681,45.6352,43.2353,425,39948,0.0611334,0.15,1,194924,194499,425
17126601,33.127,31.0471,427,40001,0.0842267,0.11,1,194954,194527,427
17129521,8.22541,7.80941,427,40054,0.120845,0.11,1,194956,194529,427
17132441,20.8451,23.9619,423,40107,0.112169,0.11,1,194980,194557,423
17135361,24.169,4.79238,448,40160,0.0624338,0.01,1,195005,194557,448
17138281,25.6338,21.7585,448,40213,0.0844868,0.03,1,195031,194583,448
17141201,31.5268,25.9517,454,40266,0.0248974,0,1,195064,194610,454
17144121,54.3054,31.5903,481,40318,0.0289795,0.01,1,195124,194643,481
17147041,34.0611,54.3181,450,40370,0.0137959,0,1,195153,194703,450
17149961,58.0122,34.0636,485,40422,0.0267592,0.01,1,195217,194732,485
17152881,28.4024,58.0127,442,40474,0.0133518,0,1,195238,194796,442
17155801,16.8805,28.4025,435,40526,0.0266704,0.01,1,195252,194817,435
17158721,40.1761,16.8805,467,40578,0.0453341,0.03,1,195298,194831,467
17161641,48.8352,40.1761,472,40630,0.0170668,0.07,1,195349,194877,472
17164561,33.767,45.6352,455,40682,0.0274134,0.09,1,195379,194924,455
17167481,8.35341,33.127,427,40734,0.0294827,0.13,1,195381,194954,427
17170401,21.6707,8.22541,450,40786,0.0618965,0.11,1,195406,194956,450
17173321,25.1341,20.8451,452,40838,0.100379,0.05,1,195432,194980,452
17176241,21.0268,24.169,447,40890,0.124076,0.09,1,195452,195005,447
17179161,31.4054,25.6338,455,40942,0.0968152,0.01,1,195486,195031,455
17182081,53.4811,31.5268,481,40994,0.019363,0.03,1,195545,195064,481
17185001,34.6962,54.3054,451,41045,0.00387261,0.01,1,195575,195124,451
17187921,57.3392,34.0611,485,41096,0.000774521,0.03,1,195638,195153,485
17190841,28.2678,58.0122,442,41147,0.0241549,0.01,1,195659,195217,442
17193761,16.8536,28.4024,435,41198,0.00483098,0.03,1,195673,195238,435
17196681,40.1707,16.8805,467,41249,0.0249662,0.05,1,195719,195252,467
17199601,49.6341,40.1761,473,41300,0.0449932,0.01,1,195771,195298,473
17202521,34.7268,48.8352,453,41351,0.0649986,0.03,1,195802,195349,453
17205441,8.54537,33.767,425,41402,0.0369997,0.03,1,195804,195379,425
17208361,24.1091,8.35341,451,41453,0.1114,0.07,1,195832,195381,451
17211281,25.6218,21.6707,452,41504,0.09428,0.11,1,195858,195406,452
17214201,6.72436,25.1341,428,41555,0.090856,0.13,1,195860,195432,428
17217121,17.3449,21.0268,428,41606,0.138171,0.09,1,195880,195452,428
17220041,28.269,31.4054,425,41657,0.163634,0,1,195911,195486,425
17222961,50.4538,53.4811,422,41708,0.0327268,0,1,195967,195545,422
17225881,34.0908,34.6962,422,41759,0.00654537,0,1,195997,195575,422
17228801,57.2182,57.3392,422,41810,0.0253091,0.03,1,196060,195638,422
17231721,28.2436,28.2678,422,41860,0.0290618,0,1,196081,195659,422
17234641,16.8487,16.8536,422,41910,0.0298124,0.03,1,196095,195673,422
17237561,40.9697,40.1707,423,41960,0.0139625,0.05,1,196142,195719,423
17240481,48.9939,49.6341,422,42010,0.0267925,0.07,1,196193,195771,422
17243401,36.9988,34.7268,425,42060,0.0613585,0.03,1,196227,195802,425
17246321,8.99976,8.54537,425,42110,0.0362717,0.13,1,196229,195804,425
17249241,25,24.1091,426,42160,0.0952543,0.09,1,196258,195832,426
17252161,26.6,25.6218,427,42210,0.0910509,0.09,1,196285,195858,427
17255081,6.92,6.72436,427,42260,0.10621,0.15,1,196287,195860,427
17258001,17.384,17.3449,427,42310,0.093242,0.17,1,196307,195880,427
17260921,29.0768,28.269,428,42360,0.202648,0,1,196339,195911,428
17263841,45.8154,50.4538,422,42410,0.12853,0,1,196389,195967,422
17266761,33.9631,34.0908,423,42460,0.0497059,0.03,1,196420,195997,423
17269681,56.3926,57.2182,422,42510,0.0659412,0.03,1,196482,196060,422
17272601,28.0785,28.2436,422,42560,0.0211882,0.03,1,196503,196081,422
17275521,16.8157,16.8487,422,42610,0.0122376,0.01,1,196517,196095,422
17278441,40.9631,40.9697,422,42660,0.0424475,0.03,1,196564,196142,422
17281361,48.9926,48.9939,422,42709,0.0324895,0.07,1,196615,196193,422
17284281,38.5985,36.9988,424,42758,0.0304979,0.03,1,196651,196227,424
17287201,9.3197,8.99976,424,42807,0.0300996,0.11,1,196653,196229,424
17290121,25.8639,25,425,42856,0.0620199,0.09,1,196683,196258,425
17293041,26.7728,26.6,425,42905,0.084404,0.11,1,196710,196285,425
17295961,6.95456,6.92,425,42954,0.0888808,0.09,1,196712,196287,425
17298881,19.7909,17.384,428,43003,0.153776,0.09,1,196735,196307,428
17301801,31.1582,3.4768,462,43052,0.166755,0.23,1,196769,196307,462
17304721,41.4316,26.2954,474,43101,0.169351,0.11,1,196813,196339,474
17307641,30.6863,45.2591,452,43150,0.18587,0.03,1,196841,196389,452
17310561,55.7373,33.8518,483,43199,0.237174,0.07,1,196903,196420,483
17313481,27.9475,56.3704,442,43248,0.199435,0.01,1,196924,196482,442
17316401,16.7895,28.0741,435,43297,0.159887,0.01,1,196938,196503,435
17319321,40.9579,16.8148,468,43346,0.0879774,0.05,1,196985,196517,468
17322241,48.9916,40.963,472,43395,0.0415955,0.03,1,197036,196564,472
17325161,38.5983,48.9926,457,43444,0.0163191,0.03,1,197072,196615,457
17328081,9.31966,38.5985,423,43493,0.0432638,0.03,1,197074,196651,423
17331001,26.6639,9.3197,452,43542,0.0326528,0.07,1,197105,196653,452
17333921,29.3328,25.8639,452,43590,0.0305306,0.09,1,197135,196683,452
17336841,7.46656,26.7728,427,43638,0.0301061,0.09,1,197137,196710,427
17339761,23.8933,6.95456,453,43686,0.0620212,0.17,1,197165,196712,453
17342681,31.1787,19.7909,463,43734,0.148404,0.17,1,197198,196735,463
17345601,42.2357,31.1582,474,43782,0.197681,0.17,1,197243,196769,474
17348521,31.6471,41.4316,459,43830,0.207536,0.19,1,197272,196813,459
17351441,55.9294,30.6863,493,43878,0.193507,0.25,1,197334,196841,493
17354361,25.5859,55.7373,449,43926,0.190701,0.19,1,197352,196903,449
17357281,14.7172,27.9475,440,43974,0.22214,0.15,1,197364,196924,440
17360201,38.9434,16.7895,471,44022,0.212428,0.07,1,197409,196938,471
17363121,46.9887,40.9579,473,44070,0.194486,0.03,1,197458,196985,473
17366041,38.1977,48.9916,458,44118,0.158897,0.01,1,197494,197036,458
17368961,9.23955,38.5983,424,44166,0.183779,0.05,1,197496,197072,424
17371881,26.6479,9.31966,453,44214,0.140756,0.03,1,197527,197074,453
17374801,29.3296,26.6639,452,44262,0.100151,0.03,1,197557,197105,452
17377721,7.46592,29.3328,424,44310,0.0920302,0.03,1,197559,197135,424
17380641,28.6932,7.46656,456,44358,0.090406,0.07,1,197593,197137,456
17383561,33.7386,23.8933,463,44406,0.154081,0.17,1,197628,197165,463
17386481,41.9477,31.1787,474,44454,0.134816,0.21,1,197672,197198,474
17389401,9.98955,42.2357,431,44501,0.130963,0.21,1,197674,197243,431
17392321,24.3979,31.6471,430,44548,0.162193,0.19,1,197702,197272,430
17395241,55.2796,55.9294,431,44595,0.184439,0.19,1,197765,197334,431
17398161,27.0559,25.5859,433,44642,0.236888,0.23,1,197785,197352,433
17401081,15.0112,14.7172,433,44689,0.247378,0.21,1,197797,197364,433
17404001,38.2022,38.9434,432,44736,0.217476,0.19,1,197841,197409,432
17406921,46.0404,46.9887,431,44783,0.243495,0.15,1,197889,197458,431
17409841,36.4081,38.1977,429,44830,0.264699,0.19,1,197923,197494,429
17412761,8.88162,9.23955,429,44877,0.23694,0.13,1,197925,197496,429
17415681,25.7763,26.6479,428,44924,0.263388,0.09,1,197955,197527,428
17418601,27.5553,29.3296,426,44971,0.268678,0.09,1,197983,197557,426
17421521,7.11105,7.46592,426,45018,0.269736,0.09,1,197985,197559,426
17424441,28.6222,28.6932,426,45065,0.269947,0.17,1,198019,197593,426
17427361,35.3244,33.7386,428,45112,0.301989,0.13,1,198056,197628,428
17430281,42.2649,41.9477,428,45159,0.292398,0.13,1,198100,197672,428
17433201,10.053,9.98955,428,45206,0.32248,0.17,1,198102,197674,428
17436121,25.2106,24.3979,429,45253,0.344496,0.19,1,198131,197702,429
17439041,57.8421,55.2796,432,45300,0.412899,0.25,1,198197,197765,432
17441961,27.5684,27.0559,432,45347,0.42658,0.25,1,198217,197785,432
17444881,15.1137,15.0112,432,45394,0.477316,0.21,1,198229,197797,432
17447801,38.2227,38.2022,432,45440,0.519463,0.25,1,198273,197841,432
17450721,46.0445,46.0404,432,45486,0.495893,0.27,1,198321,197889,432
17453641,37.2089,36.4081,433,45532,0.539178,0.23,1,198356,197923,433
17456561,9.04178,8.88162,433,45578,0.515836,0.27,1,198358,197925,433
17459481,25.8084,25.7763,433,45624,0.543167,0.27,1,198388,197955,433
17462401,27.5617,27.5553,433,45670,0.548633,0.27,1,198416,197983,433
17465321,7.11233,7.11105,433,45716,0.549727,0.27,1,198418,197985,433
17468241,28.6225,28.6222,433,45762,0.517945,0.31,1,198452,198019,433
17471161,37.7245,35.3244,436,45808,0.511589,0.29,1,198492,198056,436
17474081,43.5449,42.2649,437,45854,0.526318,0.33,1,198537,198100,437
17477001,10.309,10.053,437,45900,0.529264,0.35,1,198539,198102,437
17479921,26.8618,25.2106,439,45946,0.593853,0.35,1,198570,198131,439
17482841,60.5724,5.04212,508,45992,0.622771,0.43,1,198639,198131,508
17485761,28.9145,53.8084,463,46038,0.612554,0.43,1,198660,198197,463
17488681,16.1829,26.7617,456,46084,0.626511,0.49,1,198673,198217,456
17491601,39.2366,14.9523,489,46130,0.661302,0.53,1,198718,198229,489
17494521,46.2473,38.1905,493,46176,0.66826,0.49,1,198766,198273,493
17497441,38.0495,46.0381,481,46222,0.685652,0.55,1,198802,198321,481
17500361,9.20989,37.2076,448,46268,0.68913,0.51,1,198804,198356,448
17503281,25.842,9.04152,476,46314,0.705826,0.55,1,198834,198358,476
17506201,27.5684,25.8083,474,46360,0.709165,0.55,1,198862,198388,474
17509121,7.11368,27.5617,448,46405,0.709833,0.55,1,198864,198416,448
17512041,28.6227,7.11233,480,46450,0.709967,0.51,1,198898,198418,480
17514961,36.1245,28.6225,484,46495,0.725993,0.51,1,198936,198452,484
17517881,46.4249,37.7245,493,46540,0.681199,0.53,1,198985,198492,493
17520801,10.885,43.5449,450,46585,0.67224,0.53,1,198987,198537,450
17523721,27.777,10.309,480,46630,0.734448,0.61,1,199019,198539,480
17526641,63.1554,26.8618,521,46675,0.73089,0.63,1,199091,198570,521
17529561,29.4311,60.5724,473,46720,0.778178,0.61,2,199112,198639,473
17532481,17.0862,28.9145,466,46765,0.771636,0.63,2,199126,198660,466
17535401,40.2172,16.1829,499,46810,0.770327,0.67,2,199172,198673,499
17538321,46.4434,39.2366,502,46855,0.802065,0.67,2,199220,198718,502
17541241,38.8887,46.2473,491,46900,0.792413,0.69,2,199257,198766,491
17544161,9.37774,38.0495,457,46945,0.790483,0.69,2,199259,198802,457
17547081,26.6755,9.20989,486,46990,0.774097,0.71,2,199290,198804,486
17550001,27.7351,25.842,484,47035,0.770819,0.71,2,199318,198834,484
17552921,7.14702,27.5684,458,47080,0.770164,0.71,2,199320,198862,458
17555841,28.6294,7.11368,490,47125,0.770033,0.71,2,199354,198864,490
17558761,36.9259,28.6227,495,47170,0.786007,0.73,2,199393,198898,495
17561681,46.5852,36.1245,506,47215,0.821201,0.67,2,199442,198936,506
17564601,10.917,46.4249,459,47260,0.79624,0.67,2,199444,198985,459
17567521,28.5834,10.885,490,47305,0.807248,0.75,2,199477,198987,490
17570441,63.3167,27.777,530,47350,0.84145,0.73,2,199549,199019,530
17573361,14.2633,63.1554,460,47395,0.81629,0.79,2,199551,199091,460
17576281,21.2527,29.4311,462,47439,0.827258,0.77,2,199574,199112,462
17579201,13.8505,17.0862,460,47483,0.829452,0.77,2,199586,199126,460
17582121,39.5701,40.2172,460,47527,0.86189,0.81,2,199632,199172,460
17585041,47.914,46.4434,462,47571,0.900378,0.79,2,199682,199220,462
17587961,38.3828,38.8887,461,47615,0.908076,0.79,2,199718,199257,461
17590881,9.27656,9.37774,461,47659,0.877615,0.77,2,199720,199259,461
17593801,25.8553,26.6755,460,47703,0.919523,0.77,2,199750,199290,460
17596721,27.5711,27.7351,460,47747,0.927905,0.77,2,199778,199318,460
17599641,7.11421,7.14702,460,47791,0.929581,0.77,2,199780,199320,460
17602561,28.6228,28.6294,460,47835,0.945916,0.79,2,199814,199354,460
17780681,28,13,514,50452,0.71,1,1,201667,201153,514
17783601,28.8,25.8,514,50494,0.582,1,1,201696,201182,514
17786521,17.76,26.76,502,50536,0.5564,0.99,1,201711,201209,502
17789441,23.552,25.352,502,50578,0.45528,1,1,201736,201234,502
17792361,31.9104,23.4704,513,50620,0.419056,1,1,201770,201257,513
17795281,28.7821,25.4941,515,50662,0.315811,1,1,201798,201283,515
17798201,17.7564,31.4988,497,50704,0.359162,1,1,201813,201316,497
17801121,15.5513,23.0998,491,50746,0.287832,1,1,201828,201337,491
17804041,30.3103,31.82,491,50788,0.225567,1,1,201862,201371,491
17806961,28.4621,33.564,485,50829,0.181113,1,1,201890,201405,485
17809881,24.8924,34.7128,474,50870,0.172223,0.96,1,201914,201440,474
17812801,45.7785,37.3426,487,50911,0.0744445,1,1,201965,201478,487
17815721,27.5557,27.4685,485,50952,0.0388889,1,1,201988,201503,485
17818641,23.1111,32.6937,473,50993,0.111778,0.98,1,202010,201537,473
17821561,26.2222,30.5387,470,51034,0.110356,0.92,1,202037,201567,470
17824481,21.2444,26.9077,464,51075,0.142071,0.79,1,202057,201593,464
17827401,39.4489,42.1815,462,51116,0.196414,0.71,1,202101,201639,462
17830321,27.0898,30.8363,458,51157,0.223283,0.55,1,202125,201667,458
17833241,22.218,29.3673,450,51198,0.260657,0.55,1,202146,201696,450
17836161,11.6436,17.8735,444,51239,0.236131,0.43,1,202155,201711,444
17839081,20.7287,23.5747,442,51280,0.279226,0.41,1,202178,201736,442
17842001,31.3457,31.9149,442,51321,0.319845,0.29,1,202212,201770,442
17844921,27.8691,28.783,441,51362,0.375969,0.37,1,202239,201798,441
17847841,13.5738,17.7566,436,51403,0.387194,0.27,1,202249,201813,436
17850761,13.9148,15.5513,435,51444,0.357439,0.21,1,202263,201828,435
17853681,25.983,30.3103,430,51485,0.367488,0.17,1,202292,201862,430
17856601,25.1966,28.4621,427,51526,0.385498,0.17,1,202317,201890,427
17859521,21.0393,24.8924,423,51567,0.405099,0.05,1,202337,201914,423
17862441,45.0079,45.7785,423,51608,0.40902,0.03,1,202388,201965,423
17865361,28.2016,27.5557,424,51649,0.473804,0.13,1,202412,201988,424
17868281,23.2403,23.1111,424,51690,0.438761,0.11,1,202434,202010,424
17871201,27.0481,26.2222,425,51731,0.479752,0.15,1,202462,202037,425
17874121,24.6096,21.2444,429,51772,0.50395,0.15,1,202486,202057,429
17877041,40.9219,4.24889,474,51813,0.63679,0.21,1,202531,202057,474
17879961,29.7844,36.0498,457,51854,0.663358,0.23,1,202558,202101,457
17882881,21.1569,26.41,452,51895,0.652672,0.27,1,202577,202125,452
17885801,12.2314,22.082,441,51936,0.650534,0.23,1,202587,202146,441
17888721,22.4463,11.6164,457,51977,0.666107,0.29,1,202612,202155,457
17891641,32.4893,20.7233,469,52018,0.749221,0.33,1,202647,202178,469
17894561,32.0979,31.3447,467,52058,0.765844,0.39,2,202679,202212,467
17897481,12.8196,27.8689,448,52098,0.769169,0.39,2,202687,202239,448
17900401,13.7639,13.5738,452,52138,0.769834,0.35,2,202701,202249,452
17903321,26.7528,13.9148,468,52178,0.817967,0.37,2,202731,202263,468
17906241,24.5506,25.983,463,52218,0.827593,0.39,2,202755,202292,463
17909161,21.7101,25.1966,459,52258,0.813519,0.41,2,202776,202317,459
17912081,45.142,21.0393,490,52298,0.922704,0.41,2,202827,202337,490
18052241,87,57,519,24990,0.03,0.87,1,204238,203719,519
18055161,48.6,69.8,485,25075,0.03,0.71,1,204277,203792,485
18058081,48.12,66.76,467,25160,0.03,0.37,1,204325,203858,467
18061001,64.024,69.352,465,25244,0.014,0.27,1,204393,203928,465
18063921,89.6048,67.4704,494,25328,0.0588,0.22,1,204489,203995,494
18066841,32.321,72.6941,438,25412,0.06776,0.13,1,204507,204069,438
18069761,23.2642,32.1388,437,25495,0.069552,0.11,1,204528,204091,437
18072681,45.4528,20.8278,470,25578,0.0699104,0.01,1,204579,204109,470
18075601,73.8906,37.7656,509,25661,0.0699821,0.03,1,204660,204151,509
18078521,45.9781,77.1531,461,25744,0.0699964,0.03,1,204699,204238,461
18081441,47.5956,46.6306,470,25826,0.0379993,0.03,1,204747,204277,470
18084361,63.1191,47.7261,489,25908,0.0315999,0.01,1,204814,204325,489
18087281,91.8238,63.9452,520,25990,0.01432,0.07,1,204913,204393,520
18090201,31.9648,89.589,441,26072,0.010864,0.07,1,204930,204489,441
18093121,23.993,32.3178,445,26153,0.0421728,0.07,1,204952,204507,445
18096041,45.5986,23.2636,475,26234,0.0644346,0.07,1,205003,204528,475
18098961,73.9197,45.4527,505,26315,0.0848869,0.07,1,205084,204579,505
18101881,45.9839,73.8905,463,26396,0.120977,0.07,1,205123,204660,463
18104801,45.9968,45.9781,470,26476,0.0801955,0.03,1,205169,204699,470
18107721,61.9994,47.5956,488,26556,0.0720391,0.03,1,205235,204747,488
18110641,92.3999,63.1191,521,26636,0.0224078,0.01,1,205335,204814,521
18113561,31.28,91.8238,438,26716,0.0284816,0.01,1,205351,204913,438
18116481,26.256,31.9648,446,26795,0.0296963,0.05,1,205376,204930,446
18119401,46.0512,23.993,475,26874,0.0459393,0.07,1,205427,204952,475
18122321,10.8102,45.5986,426,26953,0.0651878,0.09,1,205429,205003,426
18125241,67.762,73.9197,427,27032,0.165038,0.13,1,205511,205084,427
18128161,45.5524,45.9839,428,27110,0.185008,0.07,1,205551,205123,428
18131081,43.5105,45.9968,425,27188,0.173001,0.07,1,205594,205169,425
18134001,59.9021,61.9994,423,27266,0.1866,0.01,1,205658,205235,423
18136921,91.9804,92.3999,423,27344,0.0773201,0.03,1,205758,205335,423
18139841,31.1961,31.28,423,27421,0.103464,0.03,1,205774,205351,423
18142761,27.8392,26.256,425,27498,0.0606928,0.05,1,205801,205376,425
18145681,46.3678,46.0512,425,27575,0.0841386,0.07,1,205852,205427,425
18148601,10.8736,10.8102,425,27652,0.120828,0.19,1,205854,205429,425
18151521,71.7747,67.762,430,27729,0.176166,0.19,1,205941,205511,430
18154441,47.1549,45.5524,431,27805,0.219233,0.17,1,205982,205551,431
18157361,43.031,43.5105,430,27881,0.243847,0.19,1,206024,205594,430
18160281,60.6062,59.9021,431,27957,0.232769,0.05,1,206089,205658,431
18163201,86.5212,91.9804,424,28033,0.262554,0.11,1,206182,205758,424
18166121,30.9042,31.1961,425,28109,0.252511,0.05,1,206199,205774,425
18169041,26.9809,27.8392,424,28184,0.250502,0.09,1,206225,205801,424
18171961,47.7962,46.3678,426,28259,0.2341,0.13,1,206278,205852,426
18174881,11.1592,10.8736,426,28334,0.23082,0.19,1,206280,205854,426
18177801,75.8318,71.7747,431,28409,0.262164,0.19,1,206372,205941,431
18180721,48.7664,14.3549,473,28484,0.284433,0.23,1,206414,205941,473
18183641,44.1533,35.671,475,28558,0.304887,0.25,1,206457,205982,475
18186561,60.0307,40.7342,497,28632,0.308977,0.23,1,206521,206024,497
18189481,86.4061,60.1468,525,28706,0.389795,0.27,1,206614,206089,525
18192401,31.6812,86.4294,450,28780,0.405959,0.25,1,206632,206182,450
18195321,27.1362,30.8859,459,28854,0.457192,0.25,1,206658,206199,459
18198241,47.0273,26.9772,485,28927,0.483438,0.23,1,206710,206225,485
18201161,11.0054,47.7954,434,29000,0.488688,0.23,1,206712,206278,434
18204081,77.4011,11.1591,526,29073,0.457738,0.27,1,206806,206280,526
18207001,49.8802,75.8318,477,29146,0.451548,0.29,1,206849,206372,477
18209921,45.176,48.7664,479,29219,0.498309,0.31,1,206893,206414,479
18212841,60.2352,44.1533,500,29291,0.523662,0.31,1,206957,206457,500
18215761,90.447,60.0307,534,29363,0.624732,0.41,1,207055,206521,534
18218681,33.2894,86.4061,460,29435,0.628946,0.41,1,207074,206614,460
18221601,29.8579,31.6812,471,29507,0.613789,0.47,1,207103,206632,471
18224521,47.5716,27.1362,497,29579,0.610758,0.49,1,207155,206658,497
18227441,11.1143,47.0273,447,29651,0.610152,0.49,1,207157,206710,447
18230361,75.8229,11.0054,537,29722,0.64203,0.45,1,207249,206712,537
18233281,50.3646,77.4011,487,29793,0.664406,0.45,1,207293,206806,487
18236201,11.6729,49.8802,446,29864,0.700881,0.51,1,207295,206849,446
18239121,38.3346,45.176,447,29935,0.708176,0.53,1,207340,206893,447
18242041,59.6669,60.2352,448,30006,0.709635,0.65,1,207405,206957,448
18244961,95.1334,90.447,454,30077,0.757927,0.63,2,207509,207055,454
18247881,33.4267,33.2894,453,30147,0.815585,0.61,2,207527,207074,453
18250801,29.0853,29.8579,452,30217,0.795117,0.61,2,207555,207103,452
18253721,47.4171,47.5716,452,30287,0.871023,0.61,2,207607,207155,452
18256641,11.0834,11.1143,452,30357,0.886205,0.65,2,207609,207157,452
18367601,48,30,498,32902,0.65,1,1,209431,208933,498
18370521,36,34.8,495,32966,0.634,1,1,209464,208969,495
18373441,30.4,38.16,485,33030,0.5508,1,1,209493,209008,485
18376361,42.08,30.032,502,33094,0.37416,1,1,209538,209036,502
18379281,50.016,67.6064,477,33158,0.210832,0.95,1,209590,209113,477
18382201,47.6032,42.3213,488,33222,0.130166,0.98,1,209637,209149,488
18385121,39.9206,35.6643,492,33286,0.0660333,1,1,209675,209183,492
18388041,27.1841,31.9329,485,33350,0.0372067,0.92,1,209699,209214,485
18390961,39.0368,46.3866,477,33413,0.0794413,0.88,1,209741,209264,477
18393881,31.8074,31.6773,479,33476,0.0878883,0.79,1,209771,209292,479
18396801,65.5615,79.1355,462,33539,0.0735776,0.65,1,209845,209383,462
18399721,42.7123,54.2271,451,33602,0.0867155,0.63,1,209882,209431,451
18402641,33.3425,37.2454,449,33665,0.0733431,0.53,1,209913,209464,449
18405561,26.6685,30.6491,445,33728,0.102669,0.33,1,209938,209493,445
18408481,37.3337,42.1298,440,33791,0.0605337,0.17,1,209978,209538,440
18411401,40.2667,50.026,429,33854,0.0841068,0.11,1,210019,209590,429
18414321,42.4533,47.6052,425,33916,0.0728213,0.05,1,210062,209637,425
18417241,40.4907,39.921,427,33978,0.0385643,0.03,1,210102,209675,427
18420161,24.8981,27.1842,424,34040,0.0317129,0.09,1,210123,209699,424
18423081,39.3796,39.0368,425,34102,0.0623426,0.09,1,210166,209741,425
18426001,31.0759,31.8074,424,34164,0.0204685,0.07,1,210195,209771,424
18428921,66.2152,65.5615,425,34226,0.0760937,0.07,1,210270,209845,425
18431841,42.043,13.1123,461,34288,0.103219,0.09,1,210306,209845,461
18434761,34.0086,32.2225,456,34350,0.124644,0.07,1,210338,209882,456
18437681,26.0017,31.2445,449,34412,0.128929,0.11,1,210362,209913,449
18440601,34.8003,26.2489,461,34473,0.145786,0.05,1,210399,209938,461
18443521,42.9601,37.2498,466,34534,0.325157,0.09,1,210444,209978,466
18446441,42.192,40.25,467,34595,0.361031,0.07,1,210486,210019,467
18449361,38.8384,42.45,462,34656,0.384206,0.03,1,210524,210062,462
18452281,24.5677,40.49,443,34717,0.372841,0.03,1,210545,210102,443
18455201,39.3135,24.898,465,34778,0.322568,0.07,1,210588,210123,465
18458121,31.0627,39.3796,451,34839,0.312514,0.01,1,210617,210166,451
18461041,68.6125,31.0759,500,34900,0.310503,0.09,1,210695,210195,500
18463961,43.3225,66.2152,462,34961,0.294101,0.11,1,210732,210270,462
18466881,35.0645,42.043,459,35021,0.33882,0.13,1,210765,210306,459
18469801,26.2129,34.0086,451,35081,0.363764,0.13,1,210789,210338,451
18472721,35.6426,26.0017,465,35141,0.384753,0.15,1,210827,210362,465
18475641,51.9285,34.8003,484,35201,0.500951,0.37,1,210883,210399,484
18478561,43.9857,42.9601,481,35261,0.52419,0.37,1,210925,210444,481
18481481,39.9971,42.192,478,35321,0.544838,0.39,1,210964,210486,478
18484401,23.9994,38.8384,460,35381,0.548968,0.37,1,210984,210524,460
18487321,36.7999,24.5677,479,35441,0.549793,0.31,1,211024,210545,479
18490241,30.56,39.3135,465,35501,0.613959,0.31,1,211053,210588,465
18493161,68.512,31.0627,514,35561,0.658792,0.31,1,211131,210617,514
18496081,43.3024,68.6125,473,35620,0.667758,0.29,1,211168,210695,473
18499001,36.6605,43.3225,471,35679,0.701552,0.35,1,211203,210732,471
18501921,8.9321,35.0645,440,35738,0.70831,0.37,1,211205,210765,440
18504841,20.9864,26.2129,440,35797,0.725662,0.39,1,211229,210789,440
18507761,35.3973,35.6426,441,35856,0.745132,0.53,1,211268,210827,441
18510681,57.4795,51.9285,448,35915,0.893027,0.53,2,211331,210883,448
18639161,48,29,519,38418,0.81,1,2,213090,212571,519
18642081,37.6,33,520,38473,0.746,1,1,213125,212605,520
18645001,34.72,37,516,38528,0.5892,1,1,213159,212643,516
18647921,30.144,32.2,514,38583,0.42984,1,1,213188,212674,514
18650841,28.4288,30.44,512,38638,0.253968,1,1,213216,212704,512
18653761,30.4858,30.888,512,38693,0.106794,1,1,213247,212735,512
18656681,28.4972,42.9776,494,38748,0.0613587,1,1,213275,212781,494
18659601,44.0994,47.7955,493,38803,0.0202717,1,1,213323,212830,493
18662521,37.6199,40.7591,490,38857,0.0440543,1,1,213359,212869,490
18665441,33.124,33.7518,490,38911,0.00881087,1,1,213391,212901,490
18668361,29.0248,32.3504,486,38965,0.00176217,0.93,1,213419,212933,486
18671281,56.205,64.8701,476,39019,0.00835243,0.95,1,213482,213006,476
18674201,35.241,41.774,470,39073,0.0416705,0.81,1,213512,213042,470
18677121,34.2482,46.7548,456,39127,0.0163341,0.73,1,213546,213090,456
18680041,34.0496,37.351,455,39181,0.0432668,0.55,1,213580,213125,455
18682961,27.6099,34.6702,447,39235,0.0486534,0.39,1,213606,213159,447
18685881,19.922,30.134,436,39289,0.0657307,0.21,1,213624,213188,436
18688801,23.1844,28.4268,432,39343,0.0691461,0.07,1,213648,213216,432
18691721,23.8369,30.4854,425,39397,0.0698292,0.05,1,213672,213247,425
18694641,27.1674,28.4971,425,39451,0.0699658,0.01,1,213700,213275,425
18697561,44.6335,44.0994,426,39505,0.0219932,0.05,1,213749,213323,426
18700481,34.5267,37.6199,422,39558,0.0283986,0,1,213781,213359,422
18703401,33.3053,33.124,423,39611,0.0296797,0,1,213814,213391,423
18706321,29.8611,29.0248,424,39664,0.0139359,0.01,1,213843,213419,424
18709241,57.1722,56.205,425,39717,0.00278719,0.05,1,213907,213482,425
18712161,33.8344,35.241,423,39770,0.0725574,0.01,1,213935,213512,423
18715081,33.1669,34.2482,422,39823,0.0225115,0.05,1,213968,213546,422
18718001,34.6334,34.0496,423,39876,0.0125023,0.05,1,214003,213580,423
18720921,27.7267,27.6099,423,39929,0.0265005,0.07,1,214029,213606,423
18723841,19.1453,19.922,422,39982,0.0613001,0.07,1,214046,213624,422
18726761,23.0291,23.1844,422,40035,0.11626,0.07,1,214070,213648,422
18729681,25.4058,23.8369,424,40088,0.047252,0.07,1,214096,213672,424
18732601,26.6812,4.76738,451,40141,0.0814504,0.07,1,214123,213672,451
18735521,42.9362,23.3535,470,40194,0.0562901,0.01,1,214170,213700,470
18738441,34.1872,43.8707,453,40247,0.051258,0.03,1,214202,213749,453
18741361,33.2374,34.3741,454,40299,0.0502516,0.03,1,214235,213781,454
18744281,30.6475,33.2748,451,40351,0.0500503,0.01,1,214265,213814,451
18747201,56.5295,29.855,485,40403,0.0100101,0,1,214328,213843,485
18750121,35.3059,57.171,451,40455,0.010002,0.09,1,214358,213907,451
18753041,32.6612,33.8342,455,40507,0.0420004,0.01,1,214390,213935,455
18755961,34.5322,33.1668,457,40559,0.0484001,0.01,1,214425,213968,457
18758881,26.9064,34.6334,447,40611,0.03368,0.03,1,214450,214003,447
18761801,22.1813,27.7267,442,40663,0.062736,0.07,1,214471,214029,442
18764721,20.4363,19.1453,445,40715,0.0685472,0.13,1,214491,214046,445
18767641,27.2873,23.0291,450,40767,0.0857094,0.03,1,214520,214070,450
18770561,27.0575,25.4058,451,40819,0.121142,0.09,1,214547,214096,451
18773481,41.4115,26.6812,469,40871,0.0322284,0.05,1,214592,214123,469
18776401,33.0823,42.9362,453,40923,0.0304457,0.05,1,214623,214170,453
18779321,33.0165,34.1872,454,40975,0.0460891,0.05,1,214656,214202,454
18782241,31.4033,33.2374,452,41027,0.0172178,0.05,1,214687,214235,452
18785161,56.6807,30.6475,485,41078,0.00344356,0,1,214750,214265,485
18788081,34.5361,56.5295,451,41129,0.0246887,0.01,1,214779,214328,451
18791001,33.3072,35.3059,454,41180,0.0129377,0.05,1,214812,214358,454
18793921,34.6614,32.6612,457,41231,0.0265875,0.05,1,214847,214390,457
18796841,26.1323,34.5322,446,41282,0.0773175,0.03,1,214871,214425,446
18799761,24.4265,26.9064,445,41333,0.0554635,0.07,1,214895,214450,445
18802681,20.8853,22.1813,444,41384,0.0510927,0.07,1,214915,214471,444
18805601,28.1771,20.4363,454,41435,0.0662185,0.09,1,214945,214491,454
18808521,27.2354,27.2873,452,41486,0.101244,0.13,1,214972,214520,452
18811441,38.2471,27.0575,466,41537,0.0602487,0.01,1,215013,214547,466
18814361,9.24942,41.4115,423,41588,0.0520497,0.03,1,215015,214592,423
18817281,25.8499,33.0823,422,41639,0.08241,0.05,1,215045,214623,422
18820201,32.37,33.0165,423,41690,0.056482,0.01,1,215079,214656,423
18823121,32.074,31.4033,424,41741,0.0192964,0,1,215111,214687,424
18826041,56.0148,56.6807,423,41792,0.0118593,0.03,1,215173,214750,423
18828961,34.403,34.5361,423,41843,0.0423719,0.01,1,215202,214779,423
18831881,32.4806,33.3072,422,41893,0.0644744,0.03,1,215234,214812,422
18834801,36.8961,34.6614,425,41943,0.0688949,0.09,1,215272,214847,425
18837721,25.7792,26.1323,424,41993,0.085779,0.05,1,215295,214871,424
18840641,24.3558,24.4265,424,42043,0.105156,0.05,1,215319,214895,424
18843561,20.8712,20.8853,424,42093,0.109031,0.07,1,215339,214915,424
18846481,29.7742,28.1771,426,42143,0.125806,0.11,1,215371,214945,426
18849401,28.3548,27.2354,427,42193,0.129161,0.05,1,215399,214972,427
18852321,36.071,38.2471,424,42243,0.129832,0.05,1,215437,215013,424
18855241,8.81419,9.24942,424,42293,0.129966,0.09,1,215439,215015,424
18858161,24.1628,25.8499,422,42343,0.193993,0.05,1,215467,215045,422
18861081,33.6326,32.37,424,42393,0.126799,0.01,1,215503,215079,424
18864001,31.5265,32.074,423,42443,0.0493597,0.01,1,215534,215111,423
18866921,57.5053,56.0148,425,42493,0.0338719,0.05,1,215598,215173,425
18869841,33.9011,34.403,424,42543,0.0147744,0.07,1,215626,215202,424
18872761,33.1802,32.4806,425,42593,0.0429549,0.07,1,215659,215234,425
18875681,37.036,36.8961,425,42643,0.048591,0.09,1,215697,215272,425
18878601,27.4072,25.7792,427,42692,0.0337182,0.11,1,215722,215295,427
18881521,24.6814,24.3558,427,42741,0.0147436,0.11,1,215746,215319,427
18884441,21.7363,20.8712,428,42790,0.0269487,0.13,1,215767,215339,428
18887361,29.9473,29.7742,428,42839,0.0453897,0.13,1,215799,215371,428
18890281,28.3895,28.3548,428,42888,0.0810779,0.13,1,215827,215399,428
18893201,36.0779,36.071,428,42937,0.120216,0.13,1,215865,215437,428
18896121,8.81558,8.81419,428,42986,0.0960431,0.13,1,215867,215439,428
18899041,25.7631,1.76284,458,43035,0.0592086,0.21,1,215897,215439,458
18901961,30.7526,22.7526,462,43084,0.0518417,0.11,1,215929,215467,462
18904881,26.9505,33.3505,452,43133,0.0663683,0.03,1,215955,215503,452
18907801,56.5901,31.4701,485,43182,0.0372737,0.03,1,216019,215534,485
18910721,33.718,57.494,449,43231,0.0314547,0.01,1,216047,215598,449
18913641,33.1436,33.8988,454,43280,0.0622909,0.05,1,216080,215626,454
18916561,37.0287,33.1798,459,43329,0.100458,0.05,1,216118,215659,459
18919481,27.4057,37.036,446,43378,0.124092,0.03,1,216143,215697,446
18922401,24.6811,27.4072,445,43427,0.0968183,0.01,1,216167,215722,445
18925321,22.5362,24.6814,443,43476,0.0913637,0.03,1,216189,215746,443
18928241,30.9072,21.7363,455,43525,0.0742727,0.05,1,216222,215767,455
18931161,28.5814,29.9473,451,43573,0.0708545,0.09,1,216250,215799,451
18934081,37.7163,28.3895,463,43621,0.0701709,0.13,1,216290,215827,463
18937001,9.14326,36.0779,427,43669,0.0700342,0.09,1,216292,215865,427
18939921,24.2287,8.81558,453,43717,0.0860068,0.05,1,216320,215867,453
18942841,30.4457,25.7631,455,43765,0.0892014,0.05,1,216352,215897,455
18945761,26.0891,30.7526,448,43813,0.0898403,0.07,1,216377,215929,448
18948681,55.6178,26.9505,485,43861,0.0899681,0.03,1,216440,215955,485
18951601,35.1236,56.5901,451,43909,0.0739936,0.03,1,216470,216019,451
18954521,34.2247,33.718,457,43957,0.118799,0.07,1,216504,216047,457
18957441,38.8449,33.1436,464,44005,0.15976,0.11,1,216544,216080,464
18960361,26.969,37.0287,450,44053,0.167952,0.13,1,216568,216118,450
18963281,24.5938,27.4057,449,44101,0.16959,0.09,1,216592,216143,449
18966201,20.9188,24.6811,445,44149,0.169918,0.09,1,216612,216167,445
18969121,31.3838,22.5362,457,44197,0.201984,0.07,1,216646,216189,457
18972041,28.6767,30.9072,452,44245,0.208397,0.07,1,216674,216222,452
18974961,37.7353,28.5814,464,44293,0.241679,0.07,1,216714,216250,464
18977881,9.14707,37.7163,426,44341,0.248336,0.07,1,216716,216290,426
18980801,25.0294,9.14326,453,44389,0.265667,0.09,1,216745,216292,453
18983721,30.6059,24.2287,457,44437,0.269133,0.09,1,216777,216320,457
18986641,7.72118,30.4457,427,44484,0.269827,0.09,1,216779,216352,427
18989561,21.5442,26.0891,427,44531,0.285965,0.09,1,216804,216377,427
18992481,50.7088,55.6178,422,44578,0.401193,0.07,1,216862,216440,422
18995401,36.5418,35.1236,425,44625,0.376239,0.13,1,216895,216470,425
18998321,36.9084,34.2247,428,44672,0.419248,0.17,1,216932,216504,428
19001241,40.9817,38.8449,430,44719,0.44385,0.17,1,216974,216544,430
19004161,27.3963,26.969,430,44766,0.44877,0.17,1,216998,216568,430
19007081,24.6793,24.5938,430,44813,0.481754,0.17,1,217022,216592,430
19010001,20.9359,20.9188,430,44860,0.488351,0.21,1,217042,216612,430
19012921,32.9872,31.3838,432,44907,0.52167,0.21,1,217078,216646,432
19015841,29.7974,28.6767,433,44954,0.528334,0.25,1,217107,216674,433
19018761,38.7595,37.7353,434,45001,0.529667,0.25,1,217148,216714,434
19021681,9.3519,9.14707,434,45048,0.529933,0.27,1,217150,216716,434
19024601,25.8704,25.0294,435,45095,0.561987,0.27,1,217180,216745,435
19027521,30.7741,30.6059,435,45142,0.552397,0.27,1,217212,216777,435
19030441,7.75481,7.72118,435,45189,0.550479,0.29,1,217214,216779,435
19033361,22.351,21.5442,436,45236,0.550096,0.43,1,217240,216804,436
19036281,54.8702,50.7088,441,45283,0.630019,0.37,1,217303,216862,441
19039201,36.574,36.5418,440,45330,0.646004,0.43,1,217335,216895,440
19042121,39.3148,36.9084,443,45377,0.617201,0.45,1,217375,216932,443
19045041,42.263,40.9817,444,45423,0.65944,0.45,1,217418,216974,444
19047961,28.4526,27.3963,445,45469,0.651888,0.49,1,217443,216998,445
19050881,25.6905,24.6793,446,45515,0.602378,0.49,1,217468,217022,446
19053801,21.1381,20.9359,446,45561,0.592476,0.53,1,217488,217042,446
19056721,33.0276,32.9872,446,45607,0.590495,0.53,1,217524,217078,446
19059641,32.2055,29.7974,449,45653,0.590099,0.53,1,217556,217107,449
19062561,38.4411,38.7595,448,45699,0.60602,0.53,1,217596,217148,448
19065481,9.28822,9.3519,448,45745,0.577204,0.57,1,217598,217150,448
19068401,25.8576,25.8704,448,45791,0.571441,0.55,1,217628,217180,448
19071321,31.5715,30.7741,449,45837,0.554288,0.55,1,217661,217212,449
19074241,7.91431,7.75481,449,45883,0.550858,0.55,1,217663,217214,449
19077161,22.3829,22.351,449,45929,0.550171,0.55,1,217689,217240,449
19080081,58.0766,4.47019,516,45975,0.582034,0.65,1,217756,217240,516
19083001,37.2153,51.294,485,46021,0.604407,0.65,1,217788,217303,485
19085921,38.6431,35.8588,492,46067,0.640881,0.61,1,217827,217335,492
19088841,42.1286,39.1718,495,46113,0.616176,0.67,1,217870,217375,495
19091761,27.6257,42.2344,476,46159,0.627235,0.65,1,217894,217418,476
19094681,24.7251,28.4469,475,46205,0.661447,0.59,1,217918,217443,475
19097601,20.945,25.6894,470,46251,0.684289,0.59,1,217938,217468,470
19100521,32.989,21.1379,486,46297,0.704858,0.59,1,217974,217488,486
19103441,31.3978,33.0276,481,46343,0.724972,0.59,1,218005,217524,481
19106361,38.2796,32.2055,489,46388,0.696994,0.61,1,218045,217556,489
19109281,9.25591,38.4411,451,46433,0.691399,0.57,1,218047,217596,451
19112201,25.8512,9.28822,479,46478,0.70628,0.57,1,218077,217598,479
19115121,30.7702,25.8576,481,46523,0.725256,0.55,1,218109,217628,481
19118041,7.75405,31.5715,450,46568,0.729051,0.55,1,218111,217661,450
19120961,22.3508,7.91431,474,46613,0.72981,0.55,1,218137,217663,474
19123881,59.6702,22.3829,517,46658,0.697962,0.59,1,218206,217689,517
19126801,38.334,58.0766,483,46703,0.707592,0.61,1,218239,217756,483
19129721,38.8668,37.2153,490,46748,0.725518,0.65,1,218278,217788,490
19132641,42.9734,38.6431,495,46793,0.761104,0.61,2,218322,217827,495
19135561,28.5947,42.1286,477,46838,0.800221,0.63,2,218347,217870,477
19138481,25.7189,27.6257,478,46883,0.840044,0.67,2,218372,217894,478
19141401,22.7438,24.7251,476,46928,0.880009,0.69,2,218394,217918,476
19144321,33.3488,20.945,492,46973,0.888002,0.71,2,218430,217938,492
19147241,30.6698,32.989,486,47018,0.8896,0.73,2,218460,217974,486
19150161,38.1339,31.3978,495,47063,0.88992,0.69,2,218500,218005,495
19153081,9.22679,38.2796,457,47108,0.889984,0.69,2,218502,218045,457
19156001,27.4454,9.25591,487,47153,0.921997,0.71,2,218534,218047,487
19158921,31.0891,25.8512,489,47198,0.944399,0.73,2,218566,218077,489
19319521,30,28,503,49596,0.88,1,2,220201,219698,503
19322441,39.6,30.4,514,49638,0.872,1,2,220243,219729,514
19325361,31.12,36.48,505,49680,0.9024,1,2,220272,219767,505
19328281,28.624,28.896,506,49722,0.86048,1,2,220300,219794,506
19331201,25.7248,25.7792,506,49764,0.852096,1,2,220325,219819,506
19334121,29.945,29.1558,507,49806,0.850419,1,2,220356,219849,507
19337041,34.789,28.2312,515,49848,0.850084,0.93,2,220392,219877,515
19488881,56,48,515,24266,0.43,1,1,221944,221429,515
19491801,78.4,76.8,515,24353,0.286,1,1,222028,221513,515
19494721,77.28,80.96,510,24440,0.1932,0.9,1,222105,221595,510
19497641,62.656,72.192,499,24527,0.12664,0.77,1,222164,221665,499
19500561,72.5312,71.2384,503,24613,0.145328,0.55,1,222239,221736,503
19503481,39.3062,69.4477,465,24699,0.101066,0.49,1,222270,221805,465
19506401,27.8612,39.4895,458,24785,0.108213,0.43,1,222295,221837,458
19509321,34.3723,48.6979,443,24871,0.125643,0.43,1,222331,221888,443
19512241,49.2745,54.5396,440,24956,0.193129,0.25,1,222384,221944,440
19515161,72.2549,78.1079,434,25041,0.254626,0.17,1,222462,222028,434
19518081,72.851,77.2216,430,25126,0.330925,0.11,1,222535,222105,430
19521001,59.3702,62.6443,427,25210,0.314185,0.15,1,222591,222164,427
19523921,71.874,72.5289,427,25294,0.342837,0.09,1,222666,222239,427
19526841,38.3748,39.3058,426,25378,0.396567,0.11,1,222696,222270,426
19529761,28.475,27.8612,427,25461,0.423313,0.11,1,222722,222295,427
19532681,32.895,5.57223,461,25544,0.412663,0.13,1,222756,222295,461
19535601,53.779,29.9144,484,25627,0.490533,0.21,1,222815,222331,484
19538521,73.9558,48.3829,510,25710,0.554107,0.27,1,222894,222384,510
19541441,76.3912,72.0766,509,25792,0.598821,0.35,1,222971,222462,509
19544361,60.8782,72.8153,493,25874,0.623764,0.31,1,223028,222535,493
19547281,72.9756,59.3631,513,25956,0.628753,0.35,1,223104,222591,513
19550201,39.3951,71.8726,469,26038,0.629751,0.41,1,223135,222666,469
19553121,29.479,38.3745,466,26119,0.64595,0.43,1,223162,222696,466
19556041,33.8958,28.4749,475,26200,0.66519,0.41,1,223197,222722,475
19558961,58.7792,32.895,506,26281,0.701038,0.51,1,223262,222756,506
19561881,76.5558,53.779,528,26362,0.676208,0.57,1,223343,222815,528
19564801,79.3112,73.9558,529,26442,0.671242,0.61,1,223423,222894,529
19567721,63.0622,76.3912,511,26522,0.670248,0.63,1,223482,222971,511
19570641,71.8124,60.8782,528,26602,0.67005,0.63,1,223556,223028,528
19573561,39.1625,72.9756,483,26682,0.70201,0.63,1,223587,223104,483
19576481,30.2325,39.3951,480,26761,0.724402,0.65,1,223615,223135,480
19579401,34.8465,29.479,489,26840,0.74488,0.67,1,223651,223162,489
19582321,8.5693,33.8958,456,26919,0.748976,0.71,1,223653,223197,456
19585241,53.7139,58.7792,456,26998,0.797795,0.67,2,223718,223262,456
19588161,74.7428,76.5558,455,27076,0.839559,0.67,2,223798,223343,455
19591081,78.9486,79.3112,455,27154,0.879912,0.67,2,223878,223423,455
19594001,62.9897,63.0622,455,27232,0.855982,0.67,2,223937,223482,455
19596921,71.7979,71.8124,455,27310,0.915196,0.71,2,224011,223556,455
19599841,40.7596,39.1625,457,27388,0.895039,0.73,2,224044,223587,457
19602761,31.3519,30.2325,458,27465,0.875008,0.75,2,224073,223615,458
19605681,35.8704,34.8465,459,27542,0.887002,0.75,2,224110,223651,459
19608601,8.77408,8.5693,459,27619,0.8894,0.81,2,224112,223653,459
19611521,54.5548,53.7139,460,27696,0.85788,0.85,2,224178,223718,460
19614441,78.111,74.7428,464,27772,0.931576,0.89,2,224262,223798,464
19702041,54,57,495,29974,0.63,1,1,225838,225343,495
19704961,54.8,69,478,30045,0.582,1,1,225893,225415,478
19707881,50.96,45.8,488,30115,0.5244,1,1,225943,225455,488
19710801,33.392,32.36,488,30185,0.43288,1,1,225972,225484,488
19713721,34.6784,36.072,486,30255,0.350576,1,1,226007,225521,486
19716641,28.5357,30.4144,484,30325,0.350115,0.98,1,226034,225550,484
19719561,28.1071,33.2829,478,30395,0.350023,1,1,226062,225584,478
19722481,58.4214,65.8566,470,30465,0.302005,0.79,1,226128,225658,470
19725401,80.4843,86.7713,464,30534,0.292401,0.75,1,226214,225750,464
19728321,38.4969,44.5543,458,30603,0.29048,0.63,1,226242,225784,458
19731241,45.2994,52.1109,451,30672,0.354096,0.57,1,226289,225838,451
19734161,49.8599,54.4222,447,30741,0.398819,0.51,1,226340,225893,447
19737081,47.572,50.8844,444,30810,0.375764,0.41,1,226387,225943,444
19740001,27.1144,33.3769,437,30879,0.403153,0.33,1,226409,225972,437
19742921,35.8229,34.6754,440,30948,0.424631,0.35,1,226447,226007,440
19745841,27.9646,28.5351,439,31016,0.428926,0.35,1,226473,226034,439
19748761,26.3929,28.107,437,31084,0.461785,0.29,1,226499,226062,437
19751681,55.6786,58.4214,434,31152,0.516357,0.29,1,226562,226128,434
19754601,81.5357,80.4843,436,31220,0.559271,0.29,1,226650,226214,436
19757521,37.1071,38.4969,434,31288,0.615854,0.29,1,226676,226242,434
19760441,48.2214,7.69937,485,31356,0.627171,0.37,1,226727,226242,485
19763361,50.4443,39.1399,489,31423,0.645434,0.41,1,226778,226289,489
19766281,48.4889,48.628,486,31490,0.713087,0.37,1,226826,226340,486
19769201,27.2978,47.3256,461,31557,0.726617,0.41,1,226848,226387,461
19772121,38.2596,27.0651,480,31624,0.745323,0.43,1,226889,226409,480
19775041,29.2519,35.813,469,31691,0.797065,0.43,2,226916,226447,469
19777961,27.4504,27.9626,470,31758,0.823413,0.47,2,226943,226473,470
19780881,56.6901,26.3925,508,31825,0.812683,0.53,2,227007,226499,508
19783801,83.338,55.6785,535,31891,0.842537,0.57,2,227097,226562,535
19786721,40.6676,81.5357,477,31957,0.848507,0.63,2,227127,226650,477
19789641,51.3335,37.1071,505,32023,0.817702,0.63,2,227181,226676,505
19792561,51.8667,48.2214,506,32089,0.82754,0.65,2,227233,226727,506
19795481,50.3733,50.4443,505,32155,0.813508,0.73,2,227283,226778,505
19798401,27.6747,48.4889,479,32221,0.826702,0.73,2,227305,226826,479
19801321,39.1349,27.2978,499,32287,0.82934,0.75,2,227347,226848,499
19804241,31.827,38.2596,488,32353,0.813868,0.81,2,227377,226889,488
19807161,28.7654,29.2519,489,32418,0.810774,0.83,2,227405,226916,489
19810081,56.1531,27.4504,525,32483,0.826155,0.81,2,227468,226943,525
19813001,84.8306,56.6901,553,32548,0.861231,0.85,2,227560,227007,553
19815921,40.9661,83.338,493,32613,0.900246,0.85,2,227590,227097,493
19944401,29,92,505,35353,0.51,1,1,229480,228975,505
19947321,51.4,43.2,531,35413,0.302,1,1,229537,229006,531
19950241,45.48,48.64,525,35473,0.1164,1,1,229581,229056,525
19953161,36.296,55.328,502,35533,0.02328,1,1,229615,229113,502
19956081,36.8592,39.0656,504,35592,0.004656,1,1,229652,229148,504
19959001,28.1718,30.2131,502,35651,0.0089312,1,1,229678,229176,502
19961921,7.23437,22.8426,483,35710,0.00978624,1,1,229680,229197,483
19964841,23.0469,29.3685,479,35769,0.00995725,1,1,229707,229228,479
19967761,31.8094,29.0737,484,35828,0.00199145,1,1,229741,229257,484
19970681,25.5619,29.8147,478,35887,0.00839829,0.8,1,229765,229287,478
19973601,42.7124,57.1629,461,35946,0.0416797,0.63,1,229812,229351,461
19976521,78.9425,91.4326,449,36005,0.0803359,0.51,1,229900,229451,449
19979441,34.9885,41.4865,444,36064,0.0560672,0.25,1,229924,229480,444
19982361,43.7977,53.8973,433,36123,0.0512134,0.07,1,229970,229537,433
19985281,38.3595,45.9795,426,36182,0.0502427,0,1,230007,229581,426
19988201,34.0719,36.3959,425,36240,0.0340485,0,1,230040,229615,425
19991121,34.0144,36.8792,422,36298,0.0308097,0.01,1,230074,229652,422
19994041,28.4029,28.1758,423,36356,0.0301619,0.01,1,230101,229678,423
19996961,7.28057,7.23517,423,36414,0.0140324,0.01,1,230103,229680,423
19999881,24.6561,23.047,425,36472,0.0268065,0,1,230132,229707,425
20002801,32.1312,31.8094,425,36530,0.0293613,0.01,1,230166,229741,425
20005721,26.4262,25.5619,426,36588,0.0298723,0.05,1,230191,229765,426
20008641,39.6853,42.7124,422,36646,0.0619745,0.09,1,230234,229812,422
20011561,80.7371,78.9425,425,36704,0.0683949,0.05,1,230325,229900,425
20014481,35.3474,34.9885,425,36762,0.101679,0.05,1,230349,229924,425
20017401,42.2695,43.7977,423,36819,0.108336,0.05,1,230393,229970,423
20020321,37.2539,38.3595,422,36876,0.0936672,0.03,1,230429,230007,422
20023241,33.8508,34.0719,422,36933,0.106733,0.03,1,230462,230040,422
20026161,33.9702,34.0144,422,36990,0.0453467,0.03,1,230496,230074,422
20029081,28.394,28.4029,422,37047,0.0490693,0.01,1,230523,230101,422
20032001,7.27881,7.28057,422,37104,0.0178139,0.03,1,230525,230103,422
20034921,25.4558,24.6561,423,37161,0.0755628,0.03,1,230555,230132,423
20037841,32.2912,4.93122,457,37218,0.0711126,0.03,1,230589,230132,457
20040761,26.4582,28.1862,448,37275,0.0542225,0.03,1,230614,230166,448
20043681,38.8916,25.6372,465,37332,0.0508445,0.07,1,230656,230191,465
20046601,82.1783,39.5275,515,37389,0.0501689,0.07,1,230749,230234,515
20049521,37.2357,80.7055,450,37446,0.0820338,0.11,1,230775,230325,450
20052441,41.0471,35.3411,468,37502,0.120407,0.11,1,230817,230349,468
20055361,37.8094,42.2682,461,37558,0.112081,0.09,1,230854,230393,461
20058281,33.1619,37.2536,457,37614,0.110416,0.11,1,230886,230429,457
20061201,31.4324,33.8507,455,37670,0.0620833,0.03,1,230917,230462,455
20064121,28.6865,33.9701,449,37726,0.0684166,0.05,1,230945,230496,449
20067041,7.33729,28.394,424,37782,0.0696833,0.01,1,230947,230523,424
20069961,27.8675,7.27881,455,37838,0.117937,0.09,1,230980,230525,455
20072881,31.9735,25.4558,458,37894,0.0795873,0.07,1,231013,230555,458
20075801,25.5947,32.2912,448,37950,0.0719175,0.05,1,231037,230589,448
20078721,39.5189,26.4582,466,38006,0.102383,0.05,1,231080,230614,466
20081641,82.3038,38.8916,517,38062,0.0284767,0.05,1,231173,230656,517
20084561,39.6608,82.1783,453,38118,0.0616953,0.09,1,231202,230749,453
20087481,41.5322,37.2357,469,38173,0.0363391,0.13,1,231244,230775,469
20090401,37.1064,41.0471,463,38228,0.0312678,0.11,1,231280,230817,463
20093321,33.0213,37.8094,458,38283,0.0302536,0.11,1,231312,230854,458
20096241,29.0043,33.1619,454,38338,0.0300507,0.05,1,231340,230886,454
20099161,30.6009,31.4324,454,38393,0.0620101,0.07,1,231371,230917,454
20102081,7.72017,28.6865,428,38448,0.068402,0.07,1,231373,230945,428
20105001,28.744,7.33729,460,38503,0.0856804,0.13,1,231407,230947,460
20107921,29.7488,27.8675,457,38558,0.121136,0.07,1,231437,230980,457
20110841,25.1498,31.9735,448,38613,0.144227,0.07,1,231461,231013,448
20113761,6.62995,25.5947,426,38668,0.148845,0.11,1,231463,231037,426
20116681,36.526,39.5189,427,38723,0.213769,0.01,1,231507,231080,427
20119601,79.3052,82.3038,424,38778,0.210754,0.07,1,231597,231173,424
20122521,38.261,39.6608,423,38832,0.194151,0.03,1,231625,231202,423
20125441,41.2522,41.5322,423,38886,0.20683,0.03,1,231667,231244,423
20128361,37.0504,37.1064,423,38940,0.225366,0.03,1,231703,231280,423
20131281,33.0101,33.0213,423,38994,0.261073,0.03,1,231735,231312,423
20134201,29.002,29.0043,423,39048,0.268215,0.07,1,231763,231340,423
20137121,32.2004,30.6009,425,39102,0.253643,0.07,1,231796,231371,425
20140041,8.04008,7.72017,425,39156,0.250729,0.09,1,231798,231373,425
20142961,30.408,28.744,427,39210,0.266146,0.13,1,231834,231407,427
20145881,30.8816,29.7488,428,39264,0.253229,0.15,1,231865,231437,428
20148801,26.1763,25.1498,429,39318,0.234646,0.15,1,231890,231461,429
20151721,6.83526,6.62995,429,39372,0.230929,0.23,1,231892,231463,429
20154641,38.1671,36.526,431,39426,0.246186,0.21,1,231938,231507,431
20157561,77.2334,79.3052,428,39480,0.281237,0.19,1,232025,231597,428
20160481,38.6467,38.261,429,39533,0.272247,0.21,1,232054,231625,429
20163401,42.1293,41.2522,430,39586,0.302449,0.23,1,232097,231667,430
20166321,39.6259,37.0504,433,39639,0.30849,0.27,1,232136,231703,433
20169241,33.5252,33.0101,433,39692,0.373698,0.27,1,232168,231735,433
20172161,29.105,29.002,433,39745,0.38674,0.25,1,232196,231763,433
20175081,31.421,32.2004,432,39798,0.421348,0.25,1,232228,231796,432
20178001,7.8842,8.04008,432,39851,0.42827,0.27,1,232230,231798,432
20180921,31.1768,30.408,433,39904,0.429654,0.25,1,232267,231834,433
20183841,30.2354,30.8816,432,39957,0.413931,0.23,1,232297,231865,432
20186761,25.2471,26.1763,431,40010,0.458786,0.23,1,232321,231890,431
20189681,6.64941,6.83526,431,40063,0.467757,0.23,1,232323,231892,431
20192601,38.1299,1.36705,477,40116,0.485551,0.25,1,232369,231892,477
20195521,78.826,37.0734,520,40169,0.52111,0.29,1,232458,231938,520
20198441,38.1652,77.0147,461,40222,0.528222,0.27,1,232486,232025,461
20201361,43.633,38.6029,477,40274,0.545644,0.31,1,232531,232054,477
20204281,43.1266,42.1206,477,40326,0.597129,0.31,1,232574,232097,477
20207201,35.8253,39.6241,472,40378,0.639426,0.39,1,232608,232136,472
20210121,29.5651,33.5248,468,40430,0.679885,0.39,1,232636,232168,468
20213041,31.513,29.105,472,40482,0.687977,0.43,1,232668,232196,472
20215961,7.9026,31.421,442,40534,0.689595,0.43,1,232670,232228,442
20218881,31.1805,7.8842,477,40586,0.673919,0.43,1,232707,232230,477
20221801,31.0361,31.1768,471,40638,0.654784,0.41,1,232738,232267,471
20224721,26.2072,30.2354,466,40690,0.682957,0.47,1,232763,232297,466
20227641,6.84144,25.2471,444,40742,0.688591,0.47,1,232765,232321,444
20230561,41.3683,6.64941,492,40794,0.721718,0.49,1,232815,232323,492
20233481,80.2737,38.1299,536,40846,0.744344,0.53,1,232905,232369,536
20236401,38.4547,78.826,475,40898,0.780869,0.53,2,232933,232458,475
20239321,44.4909,38.1652,493,40950,0.788174,0.55,2,232979,232486,493
20242241,45.6982,43.633,494,41002,0.789635,0.61,2,233025,232531,494
20245161,39.5396,43.1266,489,41053,0.805927,0.65,2,233063,232574,489
20248081,30.3079,35.8253,483,41104,0.793185,0.69,2,233091,232608,483
20251001,31.6616,29.5651,487,41155,0.790637,0.69,2,233123,232636,487
20253921,7.93232,31.513,457,41206,0.790127,0.69,2,233125,232668,457
20256841,30.3865,7.9026,491,41257,0.806025,0.67,2,233161,232670,491
20259761,30.8773,31.1805,485,41308,0.825205,0.65,2,233192,232707,485
20262681,26.9755,31.0361,480,41359,0.829041,0.69,2,233218,232738,480
20265601,6.99509,26.2072,457,41410,0.829808,0.69,2,233220,232763,457
20268521,42.999,6.84144,507,41461,0.893962,0.73,2,233272,232765,507
20271441,81.3998,41.3683,548,41512,0.922792,0.75,2,233363,232815,548
20274361,17.88,80.2737,460,41563,0.928559,0.79,2,233365,232905,460
20440801,32,22,518,44366,0.65,1,1,235312,234794,518
20443721,30.4,26,521,44414,0.698,1,1,235342,234821,521
20446641,28.48,34,513,44461,0.5956,1,1,235370,234857,513
20449561,16.096,33.2,493,44508,0.63912,1,1,235383,234890,493
20452481,38.4192,43.44,491,44555,0.599824,1,1,235427,234936,491
20455401,33.2838,32.688,493,44602,0.591965,1,1,235459,234966,493
20458321,25.8568,30.5376,487,44649,0.526393,1,1,235483,234996,487
20461241,32.3714,27.7075,494,44696,0.417279,1,1,235517,235023,494
20464161,33.6743,26.3415,502,44743,0.363456,1,1,235551,235049,502
20467081,17.9349,26.8683,489,44790,0.400691,1,1,235565,235076,489
20470001,24.387,28.5737,486,44837,0.312138,0.94,1,235591,235105,486
20472921,24.8774,28.1147,483,44884,0.310428,1,1,235616,235133,483
20475841,16.1755,24.8229,473,44931,0.246086,0.93,1,235630,235157,473
20478761,65.6351,72.1646,467,44978,0.217217,0.77,1,235708,235241,467
20481681,35.527,45.6329,456,45025,0.195443,0.65,1,235736,235280,456
20484601,28.7054,34.7266,451,45072,0.191089,0.71,1,235763,235312,451
20487521,30.5411,30.9453,452,45119,0.190218,0.57,1,235794,235342,452
20490441,29.3082,28.5891,453,45166,0.158044,0.65,1,235823,235370,453
20493361,15.4616,16.1178,452,45213,0.151609,0.59,1,235835,235383,452
20496281,35.8923,38.4236,449,45260,0.118322,0.59,1,235876,235427,449
20499201,28.7785,33.2847,444,45307,0.127664,0.51,1,235903,235459,444
20502121,25.7557,25.8569,445,45354,0.145533,0.39,1,235928,235483,445
20505041,29.1511,32.3714,441,45400,0.133107,0.35,1,235958,235517,441
20507961,32.2302,33.6743,440,45446,0.114621,0.41,1,235991,235551,440
20510881,12.846,17.9349,434,45492,0.126924,0.29,1,235999,235565,434
20513801,25.7692,24.387,437,45538,0.145385,0.31,1,236028,235591,437
20516721,21.9538,24.8774,433,45584,0.149077,0.23,1,236049,235616,433
20519641,16.3908,16.1755,434,45630,0.165815,0.21,1,236064,235630,434
20522561,62.4782,65.6351,430,45676,0.201163,0.19,1,236138,235708,430
20525481,35.6956,35.527,431,45722,0.208233,0.19,1,236167,235736,431
20528401,27.9391,28.7054,430,45768,0.209647,0.19,1,236193,235763,430
20531321,31.1878,30.5411,431,45814,0.209929,0.15,1,236225,235794,431
20534241,26.2376,29.3082,427,45860,0.209986,0.15,1,236250,235823,427
20537161,13.2475,15.4616,425,45906,0.177997,0.15,1,236260,235835,425
20540081,36.2495,3.09233,467,45952,0.187599,0.11,1,236302,235835,467
20543001,28.0499,33.4185,452,45998,0.20552,0.13,1,236328,235876,452
20545921,24.81,28.2837,449,46044,0.225104,0.15,1,236352,235903,449
20548841,29.762,25.6567,455,46090,0.261021,0.13,1,236383,235928,455
20551761,32.3524,29.1313,458,46136,0.300204,0.11,1,236416,235958,458
20554681,12.8705,32.2263,433,46182,0.324041,0.13,1,236424,235991,433
20557601,28.1741,12.8453,457,46228,0.360808,0.15,1,236456,235999,457
20560521,22.4348,25.7691,449,46274,0.352162,0.15,1,236477,236028,449
20563441,17.287,21.9538,444,46320,0.350432,0.17,1,236493,236049,444
20566361,63.4574,16.3908,504,46366,0.382086,0.21,1,236568,236064,504
20569281,36.6915,62.4782,460,46411,0.372417,0.21,1,236598,236138,460
20572201,26.5383,35.6956,455,46456,0.370483,0.21,1,236622,236167,455
20575121,30.9077,27.9391,461,46501,0.370097,0.21,1,236654,236193,461
20578041,26.1815,31.1878,454,46546,0.402019,0.21,1,236679,236225,454
20580961,14.0363,26.2376,440,46591,0.440404,0.17,1,236690,236250,440
20583881,36.4073,13.2475,472,46636,0.448081,0.19,1,236732,236260,472
20586801,29.6815,36.2495,458,46681,0.481616,0.21,1,236760,236302,458
20589721,25.9363,28.0499,457,46726,0.472323,0.23,1,236785,236328,457
20592641,31.5873,24.81,466,46771,0.518465,0.27,1,236818,236352,466
20595561,34.3175,29.762,470,46816,0.511693,0.31,1,236853,236383,470
20598481,13.2635,32.3524,445,46861,0.510339,0.33,1,236861,236416,445
20601401,29.8527,12.8705,471,46906,0.510068,0.37,1,236895,236424,471
20604321,21.9705,28.1741,459,46951,0.558014,0.35,1,236915,236456,459
20607241,17.1941,22.4348,454,46996,0.583603,0.35,1,236931,236477,454
20610161,63.4388,17.287,513,47041,0.604721,0.39,1,237006,236493,513
20613081,37.4878,63.4574,469,47086,0.592944,0.37,1,237037,236568,469
20616001,26.6976,36.6915,463,47131,0.606589,0.37,1,237061,236598,463
20618921,31.7395,26.5383,472,47176,0.593318,0.37,1,237094,236622,472
20621841,27.9479,30.9077,467,47221,0.622664,0.41,1,237121,236654,467
20624761,15.1896,26.1815,454,47266,0.660533,0.45,1,237133,236679,454
20627681,36.6379,14.0363,485,47311,0.684107,0.45,1,237175,236690,485
20630601,29.7276,36.4073,471,47356,0.688821,0.49,1,237203,236732,471
20633521,7.54552,29.6815,445,47401,0.689764,0.47,1,237205,236760,445
20636441,23.1091,25.9363,447,47445,0.721953,0.53,1,237232,236785,447
20639361,31.8218,31.5873,448,47489,0.744391,0.51,1,237266,236818,448
20642281,33.5644,34.3175,447,47533,0.812878,0.51,2,237300,236853,447
20645201,13.1129,13.2635,447,47577,0.794576,0.51,2,237308,236861,447
20648121,31.4226,29.8527,449,47621,0.790915,0.57,2,237344,236895,449
20651041,23.8845,21.9705,451,47665,0.790183,0.59,2,237366,236915,451
20653961,17.5769,17.1941,451,47709,0.806037,0.61,2,237382,236931,451
20656881,64.3154,63.4388,452,47753,0.777207,0.59,2,237458,237006,452
20659801,37.6631,37.4878,452,47797,0.803441,0.61,2,237489,237037,452
20662721,26.7326,26.6976,452,47841,0.808688,0.59,2,237513,237061,452
20665641,32.5465,31.7395,453,47885,0.825738,0.63,2,237547,237094,453
20668561,29.7093,27.9479,455,47929,0.813148,0.67,2,237576,237121,455
20671481,15.5419,15.1896,455,47973,0.842629,0.69,2,237588,237133,455
20674401,37.5084,36.6379,456,48017,0.832526,0.69,2,237631,237175,456
20677321,29.9017,29.7276,456,48061,0.814505,0.69,2,237659,237203,456
20680241,7.58033,7.54552,456,48105,0.842901,0.73,2,237661,237205,456
20683161,25.5161,23.1091,459,48149,0.84858,0.75,2,237691,237232,459
20686081,33.9032,31.8218,461,48193,0.865716,0.83,2,237727,237266,461
20689001,33.9806,33.5644,461,48237,0.869143,0.79,2,237761,237300,461
20691921,13.1961,13.1129,461,48281,0.869829,0.79,2,237769,237308,461
20694841,31.4392,31.4226,461,48325,0.869966,0.79,2,237805,237344,461
20697761,22.2878,23.8845,459,48369,0.837993,0.81,2,237825,237366,459
20700681,18.0576,17.5769,460,48413,0.863599,0.77,2,237842,237382,460
20703601,65.2115,64.3154,461,48457,0.91672,0.81,2,237919,237458,461
20887561,28,26,517,51121,0.87,1,2,239752,239235,517
20941581,412.8,461.2,456,23360,0.214,0.57,1,240261,239805,456
20944501,148.16,144.24,473,24178,0.0828,0.33,1,240343,239870,473
20947421,80.832,84.048,468,24266,0.05656,0.15,1,240407,239939,468
20950341,52.9664,70.4096,447,24353,0.099312,0.03,1,240453,240006,447
20953261,56.9933,51.6819,458,24440,0.0278624,0.05,1,240511,240053,458
20956181,52.1987,60.7364,446,24527,0.0295725,0.03,1,240562,240116,446
20959101,72.8397,49.7473,477,24613,0.0299145,0.03,1,240640,240163,477
20962021,20.1679,54.7495,428,24699,0.0299829,0.03,1,240647,240219,428
20964941,34.4336,35.7499,435,24785,0.0139966,0.05,1,240685,240250,435
20967861,73.2867,81.55,425,24871,0.122799,0.05,1,240768,240343,425
20970781,67.4573,67.51,427,24956,0.17656,0.11,1,240834,240407,427
20973701,51.8915,50.302,429,25041,0.219312,0.01,1,240882,240453,429
20976621,51.9783,56.4604,423,25126,0.211862,0.03,1,240934,240511,423
20979541,50.3957,52.0921,422,25210,0.0823725,0.03,1,240984,240562,422
20982461,72.4791,72.8184,422,25294,0.0404745,0.03,1,241062,240640,422
20985381,20.0958,20.1637,422,25378,0.0320949,0.01,1,241069,240647,422
20988301,34.4192,34.4327,422,25461,0.014419,0.01,1,241107,240685,422
20991221,78.0838,6.88655,511,25544,0.0908838,0.15,1,241196,240685,511
20994141,68.4168,67.7773,494,25627,0.138177,0.19,1,241262,240768,494
20997061,54.4834,66.3555,479,25710,0.147635,0.23,1,241313,240834,479
20999981,50.8967,51.6711,481,25792,0.149527,0.21,1,241363,240882,481
21002901,43.7793,51.9342,471,25874,0.149905,0.05,1,241405,240934,471
21005821,71.1559,50.3868,499,25956,0.165981,0.03,1,241483,240984,499
21008741,19.8312,72.4774,428,26038,0.121196,0.03,1,241490,241062,428
21011661,34.3662,20.0955,459,26119,0.0802392,0.01,1,241528,241069,459
21014581,82.0733,34.4191,515,26200,0.0720478,0.11,1,241622,241107,515
21017501,70.8147,78.0838,494,26281,0.13441,0.15,1,241690,241196,494
21020421,54.9629,68.4168,479,26362,0.162882,0.15,1,241741,241262,479
21023341,50.9926,54.4834,478,26442,0.216576,0.15,1,241791,241313,478
21026261,43.7985,50.8967,470,26522,0.243315,0.15,1,241833,241363,470
21029181,70.3597,43.7793,505,26602,0.264663,0.17,1,241910,241405,505
21032101,18.8719,71.1559,433,26682,0.284933,0.11,1,241916,241483,433
21035021,30.9744,19.8312,460,26761,0.288987,0.07,1,241950,241490,460
21037941,82.9949,34.3662,518,26840,0.241797,0.07,1,242046,241528,518
21040861,18.199,82.0733,426,26919,0.232359,0.15,1,242048,241622,426
21043781,60.4398,70.8147,429,26998,0.278472,0.17,1,242119,241690,429
21046701,54.488,54.9629,431,27076,0.287694,0.23,1,242172,241741,431
21049621,52.4976,50.9926,433,27154,0.289539,0.25,1,242224,241791,433
21052541,44.8995,43.7985,434,27232,0.353908,0.27,1,242267,241833,434
21055461,72.1799,70.3597,436,27310,0.334782,0.29,1,242346,241910,436
21058381,19.236,18.8719,436,27388,0.362956,0.29,1,242352,241916,436
21061301,31.0472,30.9744,436,27465,0.384591,0.23,1,242386,241950,436
21064221,80.6094,82.9949,433,27542,0.372918,0.23,1,242479,242046,433
21067141,17.7219,18.199,433,27619,0.370584,0.29,1,242481,242048,433
21070061,61.1444,60.4398,434,27696,0.386117,0.29,1,242553,242119,434
21072981,54.6289,54.488,434,27772,0.437223,0.29,1,242606,242172,434
21075901,54.9258,52.4976,437,27848,0.511445,0.37,1,242661,242224,437
21078821,46.1852,44.8995,438,27924,0.574289,0.33,1,242705,242267,438
21081741,72.437,72.1799,438,28000,0.570858,0.37,1,242784,242346,438
21084661,19.2874,19.236,438,28076,0.602172,0.39,1,242790,242352,438
21087581,31.8575,31.0472,439,28151,0.640434,0.37,1,242825,242386,439
21090501,79.9715,80.6094,438,28226,0.648087,0.37,1,242917,242479,438
21093421,17.5943,17.7219,438,28301,0.649617,0.39,1,242919,242481,438
21096341,65.1189,61.1444,443,28376,0.697923,0.39,1,242996,242553,443
21099261,56.2238,12.2289,497,28451,0.755585,0.45,2,243050,242553,497
21102181,57.6448,44.8458,502,28525,0.767117,0.53,2,243108,242606,502
21105101,49.129,52.9692,494,28599,0.721423,0.59,1,243155,242661,494
21108021,72.2258,45.7938,528,28673,0.744285,0.57,1,243233,242705,528
21110941,19.2452,72.3588,455,28747,0.748857,0.61,1,243239,242784,455
21113861,35.049,19.2718,488,28821,0.765771,0.65,2,243278,242790,488
21116781,80.6098,31.8544,545,28894,0.801154,0.65,2,243370,242825,545
21119701,17.722,79.9709,455,28967,0.808231,0.65,2,243372,242917,455
21122621,69.1444,17.5942,535,29040,0.825646,0.71,2,243454,242919,535
21125541,57.8289,65.1188,513,29113,0.845129,0.77,2,243509,242996,513
21128461,57.9658,56.2238,517,29186,0.881026,0.77,2,243567,243050,517
21131381,46.7932,57.6448,503,29259,0.904205,0.71,2,243611,243108,503
21245261,37,59,509,31957,0.65,1,1,245493,244984,509
21248181,29,32.6,510,32023,0.554,1,1,245520,245010,510
21251101,47.4,27.32,536,32089,0.4068,1,1,245572,245036,536
21254021,35.08,57.464,503,32155,0.28136,1,1,245604,245101,503
21256941,33.416,32.2928,510,32221,0.224272,1,1,245637,245127,510
21259861,76.2832,37.6586,558,32287,0.0848544,1,1,245724,245166,558
21262781,43.2566,71.5317,513,32353,0.0409709,1,1,245759,245246,513
21265701,38.2513,45.5063,511,32418,0.112194,1,1,245796,245285,511
21268621,65.2503,44.3013,539,32483,0.0624388,0.86,1,245868,245329,539
21271541,48.2501,62.4603,516,32548,0.0124878,0.81,1,245912,245396,516
21274461,33.65,60.4921,486,32613,0.0264976,0.65,1,245942,245456,486
21277381,25.13,41.6984,472,32678,0.0292995,0.53,1,245965,245493,472
21280301,37.826,29.9397,486,32743,0.0458599,0.37,1,246006,245520,486
21283221,9.1652,47.5879,436,32808,0.049172,0.25,1,246008,245572,436
21286141,25.833,35.1176,434,32872,0.0098344,0.21,1,246038,245604,434
21289061,28.3666,33.4235,430,32936,0.0419669,0.05,1,246067,245637,430
21291981,71.2733,76.2847,425,33000,0.00839338,0.03,1,246149,245724,425
21294901,39.8547,43.2569,422,33064,0.0256787,0.13,1,246181,245759,422
21297821,39.9709,38.2514,425,33128,0.0931357,0.05,1,246221,245796,425
21300741,63.9942,65.2503,423,33192,0.0426271,0,1,246291,245868,423
21303661,48.7988,48.2501,424,33256,0.0325254,0.03,1,246336,245912,424
21306581,32.9598,33.65,423,33320,0.0625051,0.03,1,246365,245942,423
21309501,24.192,25.13,422,33383,0.036501,0.05,1,246387,245965,422
21312421,39.2384,37.826,424,33446,0.0793002,0.05,1,246430,246006,424
21315341,9.44768,9.1652,424,33509,0.08786,0,1,246432,246008,424
21318261,24.2895,25.833,422,33572,0.041572,0.05,1,246460,246038,422
21321181,28.0579,28.3666,422,33635,0.0483144,0,1,246489,246067,422
21324101,71.2116,71.2733,422,33698,0.0496629,0.03,1,246571,246149,422
21327021,39.8423,39.8547,422,33761,0.0339326,0.11,1,246603,246181,422
21329941,42.3685,39.9709,425,33824,0.0467865,0.03,1,246646,246221,425
21332861,62.8737,63.9942,423,33887,0.113357,0.03,1,246714,246291,423
21335781,47.7747,48.7988,422,33949,0.0946715,0.07,1,246758,246336,422
21338701,33.5549,32.9598,423,34011,0.0909343,0.03,1,246788,246365,423
21341621,23.511,24.192,422,34073,0.106187,0.09,1,246809,246387,422
21344541,40.7022,39.2384,424,34135,0.109237,0.09,1,246854,246430,424
21347461,9.74044,9.44768,424,34197,0.109847,0.03,1,246856,246432,424
21350381,22.7481,24.2895,422,34259,0.0779695,0.03,1,246882,246460,422
21353301,26.9496,4.85791,450,34321,0.0395939,0.05,1,246910,246460,450
21356221,70.9899,24.1716,503,34383,0.0319188,0.05,1,246992,246489,503
21359141,39.798,70.4343,453,34444,0.0303838,0.03,1,247024,246571,453
21362061,43.9596,39.6869,466,34505,0.0460768,0.05,1,247069,246603,466
21364981,64.7919,42.3374,493,34566,0.0652153,0.13,1,247139,246646,493
21367901,47.3584,62.8675,468,34627,0.101043,0.09,1,247182,246714,468
21370821,34.2717,47.7735,455,34688,0.108209,0.09,1,247213,246758,455
21373741,22.8543,33.5547,445,34749,0.109642,0.11,1,247233,246788,445
21376661,40.5709,23.5109,469,34810,0.0939283,0.11,1,247278,246809,469
21379581,9.71417,40.7022,426,34871,0.0907857,0.11,1,247280,246854,426
21382501,21.1428,9.74044,448,34932,0.106157,0.07,1,247304,246856,448
21385421,26.6286,22.7481,450,34993,0.109231,0.03,1,247332,246882,450
21388341,70.9257,26.9496,504,35053,0.173846,0.03,1,247414,246910,504
21391261,38.9851,70.9899,453,35113,0.138769,0.03,1,247445,246992,453
21394181,46.197,39.798,469,35173,0.0517538,0.05,1,247493,247024,469
21397101,65.2394,43.9596,494,35233,0.0823508,0.07,1,247563,247069,494
21400021,49.8479,64.7919,470,35293,0.15247,0.11,1,247609,247139,470
21402941,33.9696,47.3584,457,35353,0.166494,0.11,1,247639,247182,457
21405861,22.7939,34.2717,446,35413,0.169299,0.11,1,247659,247213,446
21408781,39.7588,22.8543,470,35473,0.16986,0.09,1,247703,247233,470
21411701,9.55176,40.5709,427,35533,0.169972,0.09,1,247705,247278,427
21414621,21.9104,9.71417,450,35592,0.169994,0.11,1,247730,247280,450
21417541,26.7821,21.1428,454,35651,0.185999,0.11,1,247758,247304,454
21420461,6.95641,26.6286,428,35710,0.1892,0.19,1,247760,247332,428
21423381,69.3913,70.9257,431,35769,0.20584,0.13,1,247845,247414,431
21426301,33.0783,38.9851,424,35828,0.193168,0.03,1,247869,247445,424
21429221,44.2157,46.197,423,35887,0.206634,0.09,1,247916,247493,423
21432141,68.0431,65.2394,427,35946,0.241327,0.17,1,247990,247563,427
21435061,52.0086,49.8479,429,36005,0.248265,0.17,1,248038,247609,429
21437981,35.2017,33.9696,430,36064,0.217653,0.17,1,248069,247639,430
21440901,23.0403,22.7939,430,36123,0.243531,0.17,1,248089,247659,430
21443821,40.6081,39.7588,431,36182,0.264706,0.17,1,248134,247703,431
21446741,9.72161,9.55176,431,36240,0.268941,0.17,1,248136,247705,431
21449661,21.9443,21.9104,431,36298,0.269788,0.19,1,248161,247730,431
21452581,26.7889,26.7821,431,36356,0.301958,0.19,1,248189,247758,431
21455501,6.95777,6.95641,431,36414,0.276392,0.21,1,248191,247760,431
21458421,68.5916,69.3913,430,36472,0.319278,0.19,1,248275,247845,430
21461341,34.5183,33.0783,432,36530,0.375856,0.21,1,248301,247869,432
21464261,42.9037,44.2157,430,36588,0.371171,0.25,1,248346,247916,430
21467181,70.9807,68.0431,434,36646,0.402234,0.25,1,248424,247990,434
21470101,50.9961,52.0086,432,36704,0.424447,0.21,1,248470,248038,432
21473021,34.9992,35.2017,432,36762,0.460889,0.25,1,248501,248069,432
21475941,22.9998,23.0403,432,36819,0.468178,0.27,1,248521,248089,432
21478861,42.2,40.6081,434,36876,0.517636,0.27,1,248568,248134,434
21481781,10.04,9.72161,434,36933,0.543527,0.27,1,248570,248136,434
21484701,22.808,21.9443,435,36990,0.556705,0.31,1,248596,248161,435
21487621,26.9616,26.7889,435,37047,0.551341,0.27,1,248624,248189,435
21490541,6.99232,6.95777,435,37104,0.518268,0.33,1,248626,248191,435
21493461,70.1985,68.5916,437,37161,0.575654,0.33,1,248712,248275,437
21496381,35.6397,13.7183,464,37218,0.587131,0.39,1,248739,248275,464
21499301,42.3279,23.5437,482,37275,0.605426,0.37,1,248783,248301,482
21502221,72.4656,40.7087,517,37332,0.625085,0.41,1,248863,248346,517
21505141,53.6931,70.5417,488,37389,0.581017,0.43,1,248912,248424,488
21508061,37.1386,50.9083,475,37446,0.588203,0.47,1,248945,248470,475
21510981,24.2277,34.9817,465,37502,0.573641,0.47,1,248966,248501,465
21513901,43.2455,22.9963,493,37558,0.650728,0.53,1,249014,248521,493
21516821,10.2491,42.1993,448,37614,0.666146,0.55,1,249016,248568,448
21519741,22.8498,10.0399,472,37670,0.669229,0.56,1,249042,248570,472
21522661,27.77,22.808,475,37726,0.653846,0.55,1,249071,248596,475
21525581,7.15399,26.9616,449,37782,0.682769,0.51,1,249073,248624,449
21528501,71.0308,6.99232,534,37838,0.688554,0.59,1,249160,248626,534
21531421,37.4062,70.1985,477,37894,0.673711,0.59,1,249189,248712,477
21534341,43.4812,35.6397,495,37950,0.718742,0.61,1,249234,248739,495
21537261,73.4962,42.3279,532,38006,0.759748,0.63,2,249315,248783,532
21540181,51.4992,72.4656,498,38062,0.81595,0.57,2,249361,248863,498
21543101,37.4998,53.6931,483,38118,0.84319,0.59,2,249395,248912,483
21546021,25.9,37.1386,473,38173,0.848638,0.57,2,249418,248945,473
21548941,45.18,24.2277,502,38228,0.865728,0.67,2,249468,248966,502
21551861,10.636,43.2455,456,38283,0.869146,0.67,2,249470,249014,456
21554781,22.9272,10.2491,480,38338,0.885829,0.67,2,249496,249016,480
21557701,26.9854,22.8498,482,38393,0.889166,0.65,2,249524,249042,482
21560621,6.99709,27.77,455,38448,0.889833,0.69,2,249526,249071,455
21563541,72.5994,7.15399,542,38503,0.921967,0.69,2,249615,249073,542
21566461,36.9199,71.0308,483,38558,0.928393,0.67,2,249643,249160,483
21569381,45.784,37.4062,502,38613,0.913679,0.73,2,249691,249189,502
21572301,10.7568,43.4812,459,38668,0.910736,0.77,2,249693,249234,459
21715381,40,24,538,41257,0.73,1,1,251507,250969,538
21718301,31.2,49.6,511,41308,0.682,1,1,251536,251025,511
21721221,31.04,35.52,510,41359,0.5924,1,1,251567,251057,510
21724141,39.008,39.104,511,41410,0.60648,1,1,251608,251097,511
21727061,38.2016,28.6208,523,41461,0.561296,1,1,251646,251123,523
21729981,60.4403,54.5242,528,41512,0.472259,1,1,251712,251184,528
21732901,14.4881,49.3048,483,41563,0.470452,1,1,251715,251232,483
21735821,43.6976,49.861,484,41614,0.39009,1,1,251766,251282,484
21738741,30.3395,25.9722,491,41665,0.358018,1,1,251793,251302,491
21741661,27.6679,38.7944,476,41716,0.367604,0.96,1,251820,251344,476
21744581,23.1336,33.3589,466,41767,0.369521,0.94,1,251842,251376,466
21747501,24.6267,26.6718,466,41818,0.417904,0.87,1,251867,251401,466
21750421,29.7253,31.7344,464,41868,0.379581,0.79,1,251898,251434,464
21753341,29.9451,32.7469,461,41918,0.403916,0.73,1,251928,251467,461
21756261,35.589,38.5494,458,41968,0.360783,0.67,1,251965,251507,458
21759181,27.9178,30.9099,455,42018,0.384157,0.57,1,251991,251536,455
21762101,27.1836,30.982,451,42068,0.388831,0.61,1,252018,251567,451
21765021,35.8367,38.9964,448,42118,0.389766,0.55,1,252056,251608,448
21767941,37.5673,38.1993,448,42168,0.453953,0.45,1,252094,251646,448
21770861,57.1135,60.4399,444,42218,0.466791,0.47,1,252156,251712,444
21773781,13.0227,14.488,443,42268,0.437358,0.37,1,252158,251715,443
21776701,42.6045,43.6976,442,42318,0.527472,0.35,1,252208,251766,442
21779621,30.9209,30.3395,443,42368,0.529494,0.37,1,252236,251793,443
21782541,24.5842,27.6679,439,42418,0.545899,0.37,1,252259,251820,439
21785461,23.3168,23.1336,440,42468,0.58118,0.43,1,252282,251842,440
21788381,25.4634,24.6267,441,42518,0.620236,0.37,1,252308,251867,441
21791301,29.0927,29.7253,440,42568,0.612047,0.41,1,252338,251898,440
21794221,31.4185,29.9451,442,42618,0.626409,0.35,1,252370,251928,442
21797141,35.0837,35.589,441,42668,0.629282,0.39,1,252406,251965,441
21800061,26.2167,27.9178,439,42717,0.661856,0.39,1,252430,251991,439
21802981,28.4433,27.1836,441,42766,0.700371,0.39,1,252459,252018,441
21805901,36.8887,35.8367,442,42815,0.724074,0.47,1,252498,252056,442
21808821,40.1777,37.5673,445,42864,0.728815,0.47,1,252539,252094,445
21811741,56.0355,57.1135,443,42913,0.777763,0.43,2,252599,252156,443
21814661,12.8071,13.0227,443,42962,0.787553,0.55,2,252601,252158,443
21817581,45.7614,42.6045,447,43011,0.78951,0.55,2,252655,252208,447
21820501,31.5523,8.52091,475,43060,0.805902,0.53,2,252683,252208,475
21823421,26.3105,24.1042,472,43109,0.82518,0.55,2,252708,252236,472
21826341,22.8621,23.2208,471,43158,0.797036,0.59,2,252730,252259,471
21829261,26.9724,23.0442,476,43207,0.807407,0.63,2,252758,252282,476
21832181,30.9945,25.4088,482,43256,0.777481,0.61,2,252790,252308,482
21835101,31.7989,29.0818,484,43305,0.771496,0.63,2,252822,252338,484
21838021,35.9598,31.4164,489,43354,0.754299,0.63,2,252859,252370,489
21840941,27.192,35.0833,478,43403,0.76686,0.67,2,252884,252406,478
21843861,30.2384,26.2167,485,43452,0.785372,0.71,2,252915,252430,485
21846781,37.2477,28.4433,495,43501,0.821074,0.73,2,252954,252459,495
21849701,41.0495,36.8887,498,43550,0.796215,0.73,2,252996,252498,498
21852621,57.0099,40.1777,518,43598,0.807243,0.79,2,253057,252539,518
21855541,13.002,56.0355,460,43646,0.809449,0.79,2,253059,252599,460
21858461,48.2004,12.8071,515,43694,0.77789,0.79,2,253116,252601,515
21861381,32.0401,45.7614,489,43742,0.803578,0.81,2,253144,252655,489
21864301,25.608,31.5523,485,43790,0.808716,0.83,2,253168,252683,485
21867221,22.7216,26.3105,482,43838,0.841743,0.79,2,253190,252708,482
21870141,27.7443,22.8621,489,43886,0.864349,0.81,2,253219,252730,489
21873061,29.5489,26.9724,491,43934,0.88487,0.77,2,253249,252758,491
21875981,31.5098,30.9945,491,43982,0.888974,0.77,2,253281,252790,491
21878901,35.102,31.7989,495,44030,0.937795,0.75,2,253317,252822,495
21881821,27.8204,35.9598,484,44078,0.947559,0.77,2,253343,252859,484
22057021,107,89,525,21370,0.33,0.81,1,255399,254874,525
22059941,68.6,92.2,491,21469,0.346,0.65,1,255458,254967,491
22062861,76.12,86.44,484,21568,0.2852,0.53,1,255536,255052,484
22065781,66.424,62.088,492,21666,0.22504,0.39,1,255600,255108,492
22068701,30.8848,62.8176,451,21764,0.229008,0.39,1,255622,255171,451
22071621,25.377,34.1635,448,21861,0.229802,0.35,1,255646,255198,448
22074541,75.4754,82.0327,442,21958,0.24596,0.33,1,255734,255292,442
22077461,98.2951,102.007,439,22055,0.249192,0.35,1,255838,255399,439
22080381,66.059,67.6013,438,22151,0.233838,0.27,1,255896,255458,438
22083301,74.0118,75.9203,436,22247,0.246768,0.21,1,255972,255536,436
22086221,63.6024,66.3841,433,22342,0.265354,0.23,1,256033,255600,433
22089141,30.3205,30.8768,433,22437,0.269071,0.23,1,256055,255622,433
22092061,25.2641,25.3754,433,22532,0.237814,0.23,1,256079,255646,433
22094981,75.4528,5.07507,521,22626,0.247563,0.25,1,256167,255646,521
22097901,98.2906,71.415,537,22720,0.329513,0.25,1,256271,255734,537
22100821,63.6581,97.483,488,22813,0.393903,0.23,1,256326,255838,488
22103741,74.3316,65.8966,507,22906,0.42278,0.25,1,256403,255896,507
22106661,64.4663,73.9793,493,22999,0.444556,0.27,1,256465,255972,493
22109581,30.4933,63.5959,454,23091,0.448911,0.27,1,256487,256033,454
22112501,25.2987,30.3192,456,23183,0.465782,0.23,1,256511,256055,456
22115421,76.2597,25.2638,521,23274,0.501156,0.25,1,256600,256079,521
22118341,103.252,75.4528,543,23365,0.556231,0.35,1,256710,256167,543
22121261,67.0504,98.2906,497,23456,0.567246,0.41,1,256768,256271,497
22124181,75.0101,63.6581,519,23546,0.617449,0.43,1,256845,256326,519
22127101,65.402,74.3316,505,23636,0.62749,0.45,1,256908,256403,505
22130021,30.6804,64.4663,465,23726,0.629498,0.45,1,256930,256465,465
22132941,26.1361,30.4933,468,23815,0.6139,0.47,1,256955,256487,468
22135861,78.0272,25.2987,535,23904,0.62678,0.51,1,257046,256511,535
22138781,17.2054,76.2597,448,23993,0.629356,0.57,1,257048,256600,448
22141701,93.0411,103.252,450,24081,0.629871,0.57,1,257160,256710,450
22144621,65.0082,67.0504,450,24169,0.677974,0.63,1,257218,256768,450
22147541,77.0016,75.0101,453,24257,0.751595,0.63,2,257298,256845,453
22150461,65.8003,65.402,453,24344,0.750319,0.63,2,257361,256908,453
22153381,30.7601,30.6804,453,24431,0.750064,0.61,2,257383,256930,453
22156301,25.352,26.1361,452,24518,0.750013,0.63,2,257407,256955,452
22159221,78.6704,78.0272,453,24604,0.766003,0.63,2,257499,257046,453
22162141,17.3341,17.2054,453,24690,0.801201,0.63,2,257501,257048,453
22165061,93.0668,93.0411,453,24776,0.90424,0.69,2,257613,257160,453
22255581,73,79,482,27302,0.75,1,2,259377,258895,482
22258501,29.8,35.8,476,27380,0.718,1,1,259396,258920,476
22261421,84.36,81.56,481,27457,0.6316,0.95,1,259494,259013,481
22264341,71.272,81.112,468,27534,0.58232,0.87,1,259562,259094,468
22267261,82.2544,86.6224,465,27611,0.572464,1,1,259647,259182,465
22270181,41.2509,42.1245,465,27688,0.506493,0.97,1,259678,259213,465
22273101,35.4502,35.6249,465,27764,0.461299,0.89,1,259712,259247,465
22276021,29.49,31.925,462,27840,0.48426,0.77,1,259740,259278,462
22278941,22.698,27.185,457,27916,0.488852,0.75,1,259761,259304,457
22281861,62.1396,63.837,456,27992,0.40977,0.71,1,259833,259377,456
22284781,30.0279,27.9674,459,28068,0.425954,0.61,1,259855,259396,459
22287701,78.8056,83.9935,452,28143,0.509191,0.57,1,259946,259494,452
22290621,66.1611,71.1987,447,28218,0.477838,0.57,1,260009,259562,447
22293541,81.2322,82.2397,447,28293,0.535568,0.49,1,260094,259647,447
22296461,38.6464,41.2479,444,28368,0.531114,0.49,1,260122,259678,444
22299381,34.1293,8.24959,477,28443,0.514223,0.45,1,260155,259678,477
22302301,29.2259,28.8499,471,28517,0.478845,0.49,1,260183,259712,471
22305221,21.8452,28.17,463,28591,0.519769,0.49,1,260203,259740,463
22308141,60.369,22.434,512,28665,0.607954,0.39,1,260273,259761,512
22311061,29.6738,62.0868,462,28739,0.625591,0.43,1,260295,259833,462
22313981,81.1348,30.0174,534,28813,0.629118,0.53,1,260389,259855,534
22316901,67.427,78.8035,507,28886,0.661824,0.47,1,260453,259946,507
22319821,83.0854,66.1607,531,28959,0.700365,0.55,1,260540,260009,531
22322741,39.8171,81.2321,475,29032,0.724073,0.53,1,260569,260094,475
22325661,33.5634,38.6464,479,29105,0.744815,0.51,1,260601,260122,479
22328581,29.1127,34.1293,474,29178,0.748963,0.47,1,260629,260155,474
22331501,22.6225,29.2259,467,29251,0.749793,0.53,1,260650,260183,467
22334421,64.5245,21.8452,522,29323,0.765959,0.63,2,260725,260203,522
22337341,30.5049,60.369,474,29395,0.769192,0.63,2,260747,260273,474
22340261,82.101,29.6738,547,29467,0.817838,0.63,2,260842,260295,547
22343181,69.2202,81.1348,519,29539,0.859568,0.67,2,260908,260389,519
22346101,85.044,67.427,544,29611,0.803913,0.71,2,260997,260453,544
22349021,40.2088,83.0854,486,29682,0.824783,0.73,2,261026,260540,486
22351941,34.4418,39.8171,490,29753,0.828957,0.75,2,261059,260569,490
22354861,29.2884,33.5634,486,29824,0.829791,0.75,2,261087,260601,486
22357781,7.45767,29.1127,460,29895,0.829958,0.75,2,261089,260629,460
22360701,17.4915,22.6225,459,29966,0.829992,0.77,2,261109,260650,459
22363621,64.2983,64.5245,460,30037,0.893998,0.77,2,261185,260725,460
22366541,30.4597,30.5049,460,30107,0.9068,0.83,2,261207,260747,460
22369461,84.4919,82.101,463,30177,0.86136,0.87,2,261305,260842,463
22372381,69.6984,69.2202,463,30247,0.916272,0.79,2,261371,260908,463
22500861,34,34,498,33184,0.43,1,1,263448,262950,498
22503781,29.2,28.4,499,33248,0.398,1,1,263476,262977,499
22506701,32.24,29.68,502,33312,0.3116,1,1,263509,263007,502
22509621,33.648,26.736,510,33375,0.18232,1,1,263543,263033,510
22512541,20.3296,30.9472,495,33438,0.124464,1,1,263560,263065,495
22515461,28.0659,26.9894,499,33501,0.0328928,1,1,263590,263091,499
22518381,31.2132,27.7979,503,33564,0.0305786,0.97,1,263622,263119,503
22521301,38.2426,57.5596,478,33627,0.0141157,0.97,1,263662,263184,478
22524221,66.8485,77.9119,469,33690,0.0588231,0.59,1,263736,263267,469
22527141,84.5697,103.582,448,33753,0.0197646,0.51,1,263825,263377,448
22530061,42.5139,50.3165,443,33816,0.0119529,0.43,1,263857,263414,443
22532981,31.7028,37.2633,438,33879,0.0423906,0.39,1,263886,263448,438
22535901,30.3406,29.8527,440,33941,0.0484781,0.29,1,263916,263476,440
22538821,31.6681,32.3705,439,34003,0.0816956,0.15,1,263948,263509,439
22541741,25.5336,33.6741,429,34065,0.104339,0.11,1,263972,263543,429
22544661,15.5067,20.3348,425,34127,0.0928678,0.01,1,263985,263560,425
22547581,25.5013,28.067,423,34189,0.122574,0.03,1,264013,263590,423
22550501,33.1003,31.2134,426,34251,0.0325147,0.03,1,264048,263622,426
22553421,34.6201,6.24268,461,34313,0.0305029,0.01,1,264083,263622,461
22556341,68.524,33.2485,498,34375,0.0461006,0.07,1,264160,263662,498
22559261,83.3048,65.8497,511,34437,0.0172201,0.01,1,264247,263736,511
22562181,43.061,84.3699,455,34498,0.059444,0.01,1,264280,263825,455
22565101,31.8122,42.474,452,34559,0.0518888,0.05,1,264309,263857,452
22568021,28.7624,31.6948,451,34620,0.0663778,0.05,1,264337,263886,451
22570941,34.5525,30.339,457,34681,0.0692756,0.09,1,264373,263916,457
22573861,25.3105,31.6678,448,34742,0.0858551,0.11,1,264396,263948,448
22576781,16.2621,25.5336,438,34803,0.089171,0.09,1,264410,263972,438
22579701,24.0524,15.5067,451,34864,0.105834,0.13,1,264436,263985,451
22582621,32.0105,25.5013,457,34925,0.109167,0.01,1,264470,264013,457
22585541,34.4021,33.1003,457,34986,0.0618334,0.03,1,264505,264048,457
22588461,70.0804,34.6201,501,35046,0.0523667,0.05,1,264584,264083,501
22591381,82.0161,68.524,509,35106,0.0504733,0.01,1,264669,264160,509
22594301,44.4032,83.3048,457,35166,0.0500947,0.07,1,264704,264247,457
22597221,31.2806,43.061,452,35226,0.0500189,0.05,1,264732,264280,452
22600141,29.4561,31.8122,452,35286,0.0340038,0.07,1,264761,264309,452
22603061,34.6912,28.7624,460,35346,0.0468008,0.07,1,264797,264337,460
22605981,26.1382,34.5525,448,35406,0.0493602,0.09,1,264821,264373,448
22608901,17.2276,25.3105,440,35466,0.081872,0.09,1,264836,264396,440
22611821,25.0455,16.2621,453,35526,0.0883744,0.11,1,264863,264410,453
22614741,31.4091,24.0524,460,35586,0.0736749,0.11,1,264896,264436,460
22617661,31.8818,32.0105,458,35645,0.086735,0.05,1,264928,264470,458
22620581,7.97636,34.4021,425,35704,0.089347,0.05,1,264930,264505,425
22623501,63.9953,70.0804,424,35763,0.0578694,0.05,1,265008,264584,424
22626421,79.9991,82.0161,423,35822,0.0675739,0.05,1,265092,264669,423
22629341,44.7998,44.4032,424,35881,0.0695148,0.05,1,265128,264704,424
22632261,31.36,31.2806,424,35940,0.085903,0.03,1,265156,264732,424
22635181,29.472,29.4561,424,35999,0.0731806,0.05,1,265185,264761,424
22638101,34.6944,34.6912,424,36058,0.0706361,0.05,1,265221,264797,424
22641021,26.9389,26.1382,425,36117,0.102127,0.09,1,265246,264821,425
22643941,16.5878,17.2276,424,36176,0.140425,0.09,1,265260,264836,424
22646861,26.5176,25.0455,426,36234,0.180085,0.07,1,265289,264863,426
22649781,30.9035,31.4091,425,36292,0.188017,0.09,1,265321,264896,425
22652701,32.5807,31.8818,426,36350,0.189603,0.09,1,265354,264928,426
22655621,8.11614,7.97636,426,36408,0.189921,0.05,1,265356,264930,426
22658541,62.4232,63.9953,424,36466,0.205984,0.07,1,265432,265008,424
22661461,78.8846,79.9991,423,36524,0.225197,0.07,1,265515,265092,423
22664381,45.3769,44.7998,424,36582,0.277039,0.09,1,265552,265128,424
22667301,31.4754,31.36,424,36640,0.287408,0.07,1,265580,265156,424
22670221,28.6951,29.472,423,36698,0.257482,0.07,1,265608,265185,423
22673141,35.339,34.6944,424,36756,0.267496,0.11,1,265645,265221,424
22676061,29.4678,26.9389,427,36813,0.253499,0.15,1,265673,265246,427
22678981,17.8936,16.5878,428,36870,0.2667,0.19,1,265688,265260,428
22681901,27.5787,26.5176,429,36927,0.26934,0.19,1,265718,265289,429
22684821,31.9157,30.9035,430,36984,0.285868,0.19,1,265751,265321,430
22687741,34.3831,32.5807,432,37041,0.321174,0.19,1,265786,265354,432
22690661,8.47663,8.11614,432,37098,0.328235,0.21,1,265788,265356,432
22693581,62.4953,62.4232,432,37155,0.393647,0.21,1,265864,265432,432
22696501,79.6991,12.4846,516,37212,0.374729,0.23,1,265948,265432,516
22699421,45.5398,68.8969,470,37269,0.354946,0.29,1,265985,265515,470
22702341,31.508,43.3794,461,37326,0.350989,0.29,1,266013,265552,461
22705261,28.7016,31.0759,461,37383,0.366198,0.25,1,266041,265580,461
22708181,35.3403,28.6152,470,37440,0.35324,0.27,1,266078,265608,470
22711101,29.4681,35.323,461,37496,0.382648,0.25,1,266106,265645,461
22714021,18.6936,29.4646,449,37552,0.40453,0.27,1,266122,265673,449
22716941,27.7387,17.8929,464,37608,0.440906,0.27,1,266152,265688,464
22719861,33.5477,27.5786,469,37664,0.448181,0.29,1,266187,265718,469
22722781,34.7095,31.9157,471,37720,0.481636,0.33,1,266222,265751,471
22725701,8.54191,34.3831,438,37776,0.488327,0.33,1,266224,265786,438
22728621,64.9084,8.47663,515,37832,0.489665,0.41,1,266303,265788,515
22731541,80.1817,62.4953,523,37888,0.505933,0.37,1,266387,265864,523
22734461,44.8363,79.6991,475,37944,0.509187,0.35,1,266423,265948,475
22737381,32.1673,45.5398,467,38000,0.525837,0.35,1,266452,265985,467
22740301,28.8335,31.508,467,38056,0.577167,0.37,1,266480,266013,467
22743221,36.1667,28.7016,477,38112,0.603433,0.35,1,266518,266041,477
22746141,29.6333,35.3403,468,38167,0.608687,0.39,1,266546,266078,468
22749061,20.3267,29.4681,458,38222,0.657737,0.41,1,266564,266106,458
22751981,28.8653,18.6936,473,38277,0.619547,0.45,1,266595,266122,473
22754901,33.7731,27.7387,478,38332,0.627909,0.45,1,266630,266152,478
22757821,34.7546,33.5477,478,38387,0.613582,0.49,1,266665,266187,478
22760741,8.55092,34.7095,445,38442,0.626716,0.49,1,266667,266222,445
22763661,66.5102,8.54191,524,38497,0.677343,0.49,1,266748,266224,524
22766581,81.302,64.9084,530,38552,0.671469,0.51,1,266833,266303,530
22769501,45.0604,80.1817,482,38607,0.670294,0.51,1,266869,266387,482
22772421,10.6121,44.8363,448,38662,0.670059,0.53,1,266871,266423,448
22775341,27.7224,32.1673,451,38717,0.734012,0.59,1,266903,266452,451
22778261,27.9445,28.8335,451,38772,0.778802,0.61,2,266931,266480,451
22781181,36.7889,36.1667,452,38826,0.77176,0.61,2,266970,266518,452
22784101,30.5578,29.6333,453,38880,0.786352,0.67,2,266999,266546,453
22787021,20.5116,20.3267,453,38934,0.80527,0.61,2,267017,266564,453
22789941,28.1023,28.8653,452,38988,0.809054,0.63,2,267047,266595,452
22792861,34.4205,33.7731,453,39042,0.825811,0.61,2,267083,266630,453
22795781,34.8841,34.7546,453,39096,0.829162,0.63,2,267118,266665,453
22798701,8.57682,8.55092,453,39150,0.829832,0.69,2,267120,266667,453
23033761,106,152,468,19925,0.07,0.13,1,270171,269703,468
23036681,94.8,104.8,467,20031,0.054,0.03,1,270263,269796,467
23039601,46.16,76.96,431,20137,0.0188,0.05,1,270297,269866,431
23042521,62.032,44.992,460,20242,0.01176,0.09,1,270363,269903,460
23045441,34.0064,45.7984,441,20347,0.042352,0.15,1,270390,269949,441
23048361,86.0013,28.3597,516,20451,0.11247,0.05,1,270489,269973,516
23051281,104.4,79.2719,533,20555,0.158494,0.07,1,270598,270065,533
23054201,92.8801,100.654,517,20658,0.199699,0.05,1,270688,270171,517
23057121,43.376,93.7309,456,20761,0.17594,0.01,1,270719,270263,456
23060041,61.4752,45.9462,488,20863,0.075188,0.01,1,270785,270297,488
23062961,36.295,61.9892,452,20965,0.0390376,0.05,1,270815,270363,452
23065881,8.85901,33.9978,427,21066,0.0318075,0.13,1,270817,270390,427
23068801,81.7718,85.9996,428,21167,0.0783615,0.17,1,270917,270489,428
23071721,105.154,104.4,430,21267,0.151672,0.21,1,271028,270598,430
23074641,94.6309,92.88,432,21367,0.214334,0.17,1,271120,270688,432
23077561,40.5262,43.376,428,21466,0.274867,0.05,1,271147,270719,428
23080481,56.1052,61.4752,422,21565,0.270973,0.03,1,271207,270785,422
23083401,36.021,36.295,423,21663,0.206195,0.03,1,271238,270815,423
23086321,8.80421,8.85901,423,21761,0.193239,0.09,1,271240,270817,423
23089241,84.1608,81.7718,426,21858,0.238648,0.17,1,271343,270917,426
23092161,107.232,105.154,428,21955,0.27973,0.23,1,271456,271028,428
23095081,97.4464,94.6309,431,22052,0.303946,0.29,1,271551,271120,431
23098001,43.4893,40.5262,434,22148,0.324789,0.27,1,271581,271147,434
23100921,56.6979,56.1052,434,22244,0.344958,0.19,1,271641,271207,434
23103841,32.1396,36.021,429,22339,0.380992,0.19,1,271667,271238,429
23106761,8.02791,8.80421,429,22434,0.356198,0.25,1,271669,271240,429
23109681,86.4056,84.1608,432,22529,0.31924,0.25,1,271775,271343,432
23112601,108.481,16.8322,546,22623,0.407848,0.29,1,271889,271343,546
23115521,98.4962,93.7664,529,22717,0.42557,0.31,1,271985,271456,529
23118441,46.0992,94.7533,467,22810,0.413114,0.33,1,272018,271551,467
23121361,58.0198,42.9507,498,22903,0.458623,0.35,1,272079,271581,498
23124281,32.404,56.5901,464,22996,0.467725,0.39,1,272105,271641,464
23127201,8.08079,32.118,440,23088,0.469545,0.35,1,272107,271667,440
23130121,85.6162,8.0236,543,23180,0.469909,0.31,1,272212,271669,543
23133041,112.323,86.4047,556,23271,0.549982,0.43,1,272331,271775,556
23135961,99.2646,108.481,538,23362,0.613996,0.43,1,272427,271889,538
23138881,46.2529,98.4962,475,23453,0.626799,0.41,1,272460,271985,475
23141801,59.6506,46.0992,505,23543,0.64536,0.47,1,272523,272018,505
23144721,33.5301,58.0198,471,23633,0.649072,0.47,1,272550,272079,471
23147641,8.30602,32.404,447,23723,0.681814,0.47,1,272552,272105,447
23150561,86.4612,8.08079,551,23812,0.672363,0.47,1,272658,272107,551
23153481,116.492,85.6162,570,23901,0.750473,0.57,2,272782,272212,570
23156401,24.8984,112.323,453,23990,0.766095,0.63,2,272784,272331,453
23159321,81.7797,99.2646,453,24078,0.801219,0.63,2,272880,272427,453
23162241,42.7559,46.2529,453,24166,0.824244,0.65,2,272913,272460,453
23165161,59.7512,59.6506,454,24254,0.892849,0.65,2,272977,272523,454
23168081,33.5502,33.5301,454,24341,0.93857,0.69,2,273004,272550,454
23171001,8.31005,8.30602,454,24428,0.947714,0.67,2,273006,272552,454
23302401,37,37,480,28065,0.79,1,2,275681,275201,480
23305321,46.6,43.4,484,28140,0.742,1,1,275730,275246,484
23308241,35.72,41.48,476,28215,0.6844,1,1,275763,275287,476
23311161,35.944,35.496,478,28290,0.67288,1,1,275799,275321,478
23314081,52.7888,51.0992,480,28365,0.590576,1,1,275856,275376,480
23317001,31.3578,10.2198,506,28440,0.542115,0.97,1,275882,275376,506
23319921,27.0716,29.244,498,28514,0.596423,1,1,275908,275410,498
23322841,62.2143,28.2488,541,28588,0.607285,0.86,1,275979,275438,541
23325761,113.243,66.4498,591,28662,0.625457,0.87,1,276105,275514,591
23328681,49.8486,117.29,495,28736,0.661091,0.79,1,276139,275644,495
23331601,48.3697,53.058,506,28810,0.684218,0.73,1,276187,275681,506
23334521,34.4739,49.8116,488,28883,0.704844,0.67,1,276218,275730,488
23337441,32.4948,36.3623,487,28956,0.724969,0.67,1,276250,275763,487
23340361,47.299,36.0725,502,29029,0.728994,0.57,1,276301,275799,502
23343281,31.8598,52.8145,473,29102,0.729799,0.53,1,276329,275856,473
23346201,28.772,31.3629,475,29175,0.72996,0.61,1,276357,275882,475
23349121,64.1544,27.0726,522,29248,0.713992,0.61,1,276430,275908,522
23352041,116.031,62.2145,580,29320,0.726798,0.63,1,276559,275979,580
23354961,50.4062,113.243,488,29392,0.74536,0.67,1,276593,276105,488
23357881,49.2812,49.8486,503,29464,0.781072,0.69,2,276642,276139,503
23360801,33.8562,48.3697,485,29536,0.804214,0.71,2,276672,276187,485
23363721,34.7712,34.4739,489,29608,0.824843,0.73,2,276707,276218,489
23366641,46.1543,32.4948,506,29679,0.844969,0.73,2,276756,276250,506
23369561,33.2308,47.299,485,29750,0.864994,0.73,2,276786,276301,485
23372481,27.4462,31.8598,483,29821,0.900999,0.73,2,276812,276329,483
23375401,7.08923,28.772,457,29892,0.9082,0.71,2,276814,276357,457
23378321,59.8178,64.1544,457,29963,0.95764,0.73,2,276887,276430,457
23489281,33,26,524,32538,0.8,1,2,278729,278205,524
23492201,28.2,27.6,523,32603,0.856,1,2,278756,278233,523
23495121,30.44,29.52,524,32668,0.7712,1,2,278787,278263,524
23498041,102.088,41.104,600,32733,0.75424,1,2,278907,278307,600
23500961,50.0176,113.821,505,32798,0.766848,1,2,278944,278439,505
23503881,30.0035,51.5642,494,32862,0.75337,0.93,2,278969,278475,494
23506801,41.2007,62.3128,473,32926,0.766674,1,2,279013,278540,473
23509721,34.6401,41.2626,470,32990,0.785335,1,2,279046,278576,470
23512641,33.328,33.0525,472,33054,0.837067,0.97,2,279079,278607,472
23515561,48.2656,49.0105,471,33118,0.799413,0.93,2,279131,278660,471
23518481,36.0531,38.6021,468,33182,0.775883,0.8,2,279164,278696,468
23521401,32.0106,34.1204,466,33246,0.787176,0.87,2,279195,278729,466
23524321,26.4021,28.4241,464,33310,0.789435,0.75,2,279220,278756,464
23527241,29.2804,30.4848,463,33373,0.805887,0.75,2,279250,278787,463
23530161,102.656,102.097,464,33436,0.809177,0.77,2,279371,278907,464
23533081,50.1312,50.0194,464,33499,0.857835,0.75,2,279408,278944,464
23536001,28.4262,30.0039,462,33562,0.883567,0.77,2,279431,278969,462
23538921,39.2853,41.2008,460,33625,0.840713,0.79,2,279473,279013,460
23541841,35.0571,34.6402,461,33688,0.848143,0.85,2,279507,279046,461
23544761,34.2114,33.328,462,33751,0.897629,0.79,2,279541,279079,462
23547681,46.8423,48.2656,460,33814,0.875526,0.77,2,279591,279131,460
23550601,35.7685,36.0531,460,33877,0.887105,0.79,2,279624,279164,460
23553521,31.1537,32.0106,459,33939,0.921421,0.79,2,279654,279195,459
23556441,27.0307,26.4021,460,34001,0.928284,0.81,2,279680,279220,460
23708281,36,20,506,37096,0.75,1,2,281905,281399,506
23711201,32.8,18.4,520,37153,0.622,1,1,281937,281417,520
23714121,27.36,3.68,546,37210,0.5164,1,1,281963,281417,546
23753541,397.472,479.936,437,16060,0.12728,0.03,1,282453,282016,437
23756461,175.494,160.787,476,16916,0.065456,0.01,1,282573,282097,476
23759381,126.299,133.757,463,17042,0.0210912,0.01,1,282687,282224,463
23762301,102.06,109.151,456,17167,0.00421824,0,1,282783,282327,456
23765221,58.812,65.8303,449,17291,0.0408437,0.09,1,282831,282382,449
23768141,28.5624,45.9661,429,17414,0.0481687,0.03,1,282852,282423,429
23771061,123.312,33.1932,546,17536,0.0176337,0.05,1,282999,282453,546
23773981,111.862,102.639,535,17657,0.0275268,0.01,1,283108,282573,535
23776901,99.1725,111.728,517,17777,0.0135053,0,1,283204,282687,517
23779821,59.8345,99.1455,471,17896,0.0427011,0.05,1,283254,282783,471
23782741,29.5669,58.2291,445,18015,0.0485402,0.05,1,283276,282831,445
23785661,7.51338,28.4458,426,18133,0.081708,0.01,1,283278,282852,426
23788581,115.903,123.289,422,18250,0.0723416,0.03,1,283421,282999,422
23791501,111.181,111.858,423,18366,0.0544683,0.01,1,283531,283108,423
23794421,99.0361,99.1716,423,18482,0.0348937,0.05,1,283627,283204,423
23797341,60.6072,59.8343,424,18597,0.0149787,0.05,1,283678,283254,424
23800261,29.7214,29.5669,424,18711,0.0589957,0.09,1,283700,283276,424
23803181,7.54429,7.51337,424,18824,0.0677992,0.07,1,283702,283278,424
23806101,115.109,115.903,423,18937,0.16556,0.05,1,283844,283421,423
23809021,110.222,111.181,422,19049,0.073112,0.03,1,283953,283531,422
23811941,98.8444,99.0361,422,19160,0.0546224,0.01,1,284049,283627,422
23814861,61.3689,60.6072,423,19271,0.0349245,0.07,1,284101,283678,423
23817781,31.4738,29.7214,425,19381,0.0469849,0.07,1,284125,283700,425
23820701,7.89475,7.54429,425,19490,0.017397,0.19,1,284127,283702,425
23823621,118.379,115.109,429,19599,0.0754794,0.19,1,284273,283844,429
23826541,104.476,23.0218,530,19707,0.0710959,0.05,1,284374,283844,530
23829461,97.6952,91.8044,517,19815,0.118219,0.05,1,284470,283953,517
23832381,61.939,95.1609,474,19922,0.0796438,0.03,1,284523,284049,474
23835301,30.7878,60.6322,445,20028,0.0559288,0.05,1,284546,284101,445
23838221,7.75756,31.3264,423,20134,0.0511857,0.01,1,284548,284125,423
23841141,121.552,7.86529,571,20239,0.114237,0.09,1,284698,284127,571
23844061,105.11,118.373,526,20344,0.126847,0.07,1,284799,284273,526
23846981,99.4221,104.475,523,20448,0.177369,0.13,1,284897,284374,523
23849901,59.8844,97.6949,477,20552,0.187474,0.07,1,284947,284470,477
23852821,29.5769,61.939,446,20655,0.189495,0.05,1,284969,284523,446
23855741,7.51538,30.7878,425,20758,0.189899,0.05,1,284971,284546,425
23858661,124.703,7.75756,577,20860,0.23798,0.13,1,285125,284548,577
23861581,107.341,121.552,530,20962,0.295596,0.13,1,285228,284698,530
23864501,23.0681,105.11,431,21063,0.307119,0.19,1,285230,284799,431
23867421,83.0136,99.4221,431,21164,0.373424,0.19,1,285328,284897,431
23870341,56.6027,59.8844,431,21264,0.434685,0.19,1,285378,284947,431
23873261,28.9205,29.5769,431,21364,0.414937,0.19,1,285400,284969,431
23876181,7.38411,7.51538,431,21463,0.410987,0.25,1,285402,284971,431
23879101,127.077,124.703,434,21562,0.490197,0.31,1,285559,285125,434
23882021,110.215,107.341,437,21660,0.618039,0.31,1,285665,285228,437
23884941,23.6431,23.0681,437,21758,0.611608,0.39,1,285667,285230,437
23887861,84.7286,83.0136,439,21855,0.594322,0.45,1,285767,285328,439
23890781,59.3457,56.6027,442,21952,0.654864,0.41,1,285820,285378,442
23893701,29.4691,28.9205,442,22049,0.698973,0.41,1,285842,285400,442
23896621,7.49383,7.38411,442,22145,0.675795,0.51,1,285844,285402,442
23899541,129.499,127.077,445,22241,0.719159,0.65,1,286004,285559,445
23902461,116.3,110.215,452,22336,0.791832,0.61,2,286117,285665,452
23905381,24.8599,23.6431,452,22431,0.806366,0.59,2,286119,285667,452
23908301,84.172,84.7286,451,22526,0.761273,0.59,2,286218,285767,451
23911221,61.6344,16.9457,507,22620,0.816255,0.67,2,286274,285767,507
23914141,29.9269,45.7891,476,22714,0.843251,0.71,2,286296,285820,476
23917061,7.58538,26.7578,456,22807,0.84865,0.67,2,286298,285842,456
23919981,130.317,6.95157,615,22900,0.83373,0.73,2,286459,285844,615
23922901,119.663,129.39,572,22993,0.910746,0.81,2,286576,286004,572
23925821,25.5327,116.278,461,23085,0.926149,0.81,2,286578,286117,461
24028021,33,28,515,26105,0.79,1,2,288710,288195,515
24030941,29.8,20.8,525,26186,0.726,1,1,288739,288214,525
24033861,62.76,23.36,572,26267,0.6972,1,1,288810,288238,572
24036781,109.352,95.072,580,26348,0.54744,1,1,288931,288351,580
24039701,53.0704,110.214,505,26428,0.501488,0.99,1,288970,288465,505
24042621,69.0141,47.6429,546,26508,0.444298,0.98,1,289043,288497,546
24045541,69.0028,71.1286,538,26588,0.49686,0.87,1,289112,288574,538
24048461,36.2006,70.2257,496,26668,0.507372,0.81,1,289140,288644,496
24051381,32.8401,40.4451,495,26747,0.509474,0.79,1,289172,288677,495
24054301,24.968,34.489,485,26826,0.477895,0.71,1,289195,288710,485
24057221,57.7936,30.0978,522,26905,0.503579,0.69,1,289261,288739,522
24060141,13.1587,62.8196,453,26984,0.540716,0.51,1,289263,288810,453
24063061,94.6317,109.364,447,27062,0.564143,0.49,1,289378,288931,447
24065981,52.5263,53.0728,450,27140,0.536829,0.43,1,289420,288970,450
24068901,64.9053,69.0146,445,27218,0.579366,0.51,1,289488,289043,445
24071821,68.9811,69.0029,446,27296,0.635873,0.51,1,289558,289112,446
24074741,36.9962,36.2006,447,27374,0.679175,0.51,1,289587,289140,447
24077661,32.9992,32.8401,447,27451,0.783835,0.47,2,289619,289172,447
24080581,23.3998,24.968,445,27528,0.756767,0.51,2,289640,289195,445
24083501,59.08,57.7936,447,27605,0.719353,0.55,1,289708,289261,447
24086421,13.416,13.1587,447,27682,0.743871,0.57,1,289710,289263,447
24089341,97.0832,94.6317,450,27759,0.796774,0.53,2,289828,289378,450
24092261,51.4166,52.5263,448,27835,0.823355,0.59,2,289868,289420,448
24095181,67.0833,64.9053,451,27911,0.828671,0.65,2,289939,289488,451
24098101,72.6167,68.9811,455,27987,0.877734,0.69,2,290013,289558,455
24101021,37.7233,36.9962,455,28063,0.887547,0.81,2,290042,289587,455
24217821,30,31,497,30935,0.81,1,2,292028,291531,497
24220741,46,55,486,31003,0.762,1,2,292078,291592,486
24223661,40.4,23.8,509,31071,0.7364,1,1,292117,291608,509
24226581,83.28,97.56,487,31139,0.68328,1,1,292211,291724,487
24229501,47.056,49.912,487,31207,0.640656,0.95,1,292249,291762,487
24232421,31.0112,35.5824,482,31275,0.696131,1,1,292276,291794,482
24235341,60.6022,55.9165,489,31343,0.691226,1,1,292344,291855,489
24238261,33.7204,11.1833,516,31411,0.722245,0.98,1,292371,291855,516
24241181,49.9441,37.4367,526,31478,0.696449,0.84,1,292425,291899,526
24244101,37.1888,58.6873,496,31545,0.70729,0.83,1,292459,291963,496
24247021,30.6378,39.7375,490,31612,0.693458,0.81,1,292488,291998,490
24249941,46.9276,31.9475,511,31679,0.722692,0.75,1,292539,292028,511
24252861,38.9855,46.3895,498,31746,0.712538,0.73,1,292576,292078,498
24255781,81.3971,40.4779,551,31813,0.758508,0.67,2,292668,292117,551
24258701,45.0794,83.2956,493,31880,0.815702,0.63,2,292704,292211,493
24261621,32.2159,47.0591,484,31946,0.84314,0.71,2,292733,292249,484
24264541,56.8432,31.0118,520,32012,0.864628,0.69,2,292796,292276,520
24267461,35.3686,60.6024,482,32078,0.868926,0.73,2,292826,292344,482
24270381,51.0737,33.7205,510,32144,0.869785,0.69,2,292881,292371,510
24273301,37.4147,49.9441,490,32210,0.901957,0.71,2,292915,292425,490
24276221,31.4829,37.1888,486,32276,0.924391,0.69,2,292945,292459,486
24419301,32,43,507,35343,0.9,1,2,295095,294588,507
24422221,64,34.2,547,35403,0.892,1,2,295167,294620,547
24433901,17,27,494,35642,0.81,1,2,295282,294788,494
24436821,30.6,24.6,504,35701,0.81,1,2,295316,294812,504
24439741,26.12,32.92,494,35760,0.778,0.95,2,295341,294847,494
24442661,27.624,39.384,481,35819,0.7876,0.99,2,295369,294888,481
24445581,35.9248,39.8768,479,35878,0.80552,0.94,2,295407,294928,479
24448501,82.385,87.9754,473,35937,0.793104,0.92,2,295501,295028,473
24451421,42.077,45.5951,470,35996,0.870621,0.9,2,295533,295063,470
24454341,32.4154,34.719,468,36055,0.886124,0.89,2,295563,295095,468
24457261,61.6831,64.5438,465,36114,0.905225,0.87,2,295632,295167,465
24460181,36.3366,35.3088,467,36173,0.941045,0.87,2,295662,295195,467
24463101,40.0673,41.4618,465,36231,0.868209,0.81,2,295703,295238,465
24466021,27.2135,29.8924,462,36289,0.933642,0.81,2,295727,295265,462
24468941,19.8427,19.5785,463,36347,0.914728,0.81,2,295745,295282,463
24471861,30.3685,31.1157,462,36405,0.910946,0.77,2,295778,295316,462
24474781,26.0737,26.2231,462,36463,0.942189,0.79,2,295803,295341,462
24606181,30,35,485,38985,0.07,1,1,297595,297110,485
24609101,35.6,28.6,495,39039,0.038,1,1,297632,297137,495
24612021,33.52,26.52,502,39093,0.0156,1,1,297665,297163,502
24614941,29.904,32.504,497,39147,0.00312,0.99,1,297694,297197,497
24617861,31.5808,34.5008,494,39201,0.024624,1,1,297726,297232,494
24620781,31.9162,33.3002,493,39255,0.0929248,1,1,297758,297265,493
24623701,31.9832,27.46,499,39309,0.058585,1,1,297790,297291,499
24626621,17.5966,32.692,479,39363,0.011717,1,1,297804,297325,479
24629541,57.9193,67.3384,471,39417,0.0103434,1,1,297872,297401,471
24632461,38.7839,39.0677,473,39471,0.0900687,0.95,1,297906,297433,473
24635381,26.1568,31.8135,466,39525,0.106014,0.43,1,297929,297463,466
24638301,38.8314,58.3627,443,39578,0.0772027,0.33,1,297971,297528,443
24641221,31.7663,41.2725,436,39631,0.0554405,0.07,1,298001,297565,436
24644141,22.3533,32.2545,426,39684,0.115088,0.03,1,298021,297595,426
24647061,30.8707,36.0509,422,39737,0.0630176,0.01,1,298054,297632,422
24649981,32.5741,33.6102,422,39790,0.0366035,0,1,298087,297665,422
24652901,30.5148,29.922,423,39843,0.0313207,0.03,1,298117,297694,423
24655821,30.903,31.5844,422,39896,0.0782641,0.11,1,298148,297726,422
24658741,31.7806,31.9169,422,39949,0.0556528,0.05,1,298180,297758,422
24661661,31.9561,31.9834,422,40002,0.0351306,0,1,298212,297790,422
24664581,17.5912,17.5967,422,40055,0.0310261,0.01,1,298226,297804,422
24667501,57.9182,57.9193,422,40108,0.0142052,0.01,1,298294,297872,422
24670421,40.3836,11.5839,458,40161,0.090841,0.11,1,298330,297872,458
24673341,25.6767,29.5168,446,40214,0.0421682,0.11,1,298352,297906,446
24676261,38.7353,24.3034,465,40267,0.0804336,0.07,1,298394,297929,465
24679181,31.7471,38.4607,453,40319,0.104087,0.05,1,298424,297971,453
24682101,23.1494,31.6921,444,40371,0.124817,0.13,1,298445,298001,444
24685021,31.0299,22.3384,457,40423,0.0329635,0.05,1,298478,298021,457
24687941,31.006,30.8677,455,40475,0.0465927,0.03,1,298509,298054,455
24690861,30.2012,32.5735,452,40527,0.0333185,0.03,1,298539,298087,452
24693781,30.0402,30.5147,452,40579,0.0466637,0.09,1,298569,298117,452
24696701,31.608,30.9029,453,40631,0.0493327,0.05,1,298601,298148,453
24699621,31.9216,31.7806,453,40683,0.0658665,0.03,1,298633,298180,453
24702541,17.5843,31.9561,435,40735,0.0131733,0.03,1,298647,298212,435
24705461,57.9169,17.5912,489,40787,0.0106347,0.01,1,298715,298226,489
24708381,42.7834,57.9182,460,40839,0.0421269,0.11,1,298754,298294,460
24711301,25.3567,40.3836,445,40891,0.0804254,0.03,1,298775,298330,445
24714221,38.6713,25.6767,465,40943,0.0880851,0.09,1,298817,298352,465
24717141,35.7343,38.7353,458,40995,0.153617,0.11,1,298852,298394,458
24720061,23.1469,31.7471,448,41046,0.182723,0.13,1,298872,298424,448
24722981,27.8294,23.1494,456,41097,0.172545,0.01,1,298901,298445,456
24725901,29.5659,31.0299,453,41148,0.138509,0.05,1,298931,298478,453
24728821,29.9132,31.006,452,41199,0.0517018,0.03,1,298961,298509,452
24731741,30.7826,30.2012,453,41250,0.0503404,0.05,1,298992,298539,453
24734661,30.9565,30.0402,454,41301,0.0340681,0.05,1,299023,298569,454
24737581,30.9913,31.608,453,41352,0.0308136,0.07,1,299054,298601,453
24740501,17.3983,31.9216,435,41403,0.00616272,0,1,299068,298633,435
24743421,57.8797,17.5843,489,41454,0.0252325,0.01,1,299136,298647,489
24746341,44.3759,57.9169,462,41505,0.0450465,0.05,1,299177,298715,462
24749261,10.4752,42.7834,425,41556,0.0490093,0.09,1,299179,298754,425
24752181,18.895,25.3567,425,41607,0.0658019,0.09,1,299200,298775,425
24755101,38.179,38.6713,426,41658,0.10116,0.17,1,299243,298817,426
24758021,38.8358,35.7343,430,41709,0.0442321,0.19,1,299282,298852,430
24760941,24.5672,23.1469,431,41760,0.0808464,0.17,1,299303,298872,431
24763861,27.3134,27.8294,430,41811,0.104169,0.13,1,299331,298901,430
24766781,26.2627,29.5659,426,41861,0.0768339,0.03,1,299357,298931,426
24769701,26.0525,29.9132,422,41911,0.0713668,0.05,1,299383,298961,422
24772621,31.6105,30.7826,424,41961,0.0542734,0.03,1,299416,298992,424
24775541,30.3221,30.9565,423,42011,0.0108547,0.03,1,299446,299023,423
24778461,30.8644,30.9913,423,42061,0.00217093,0,1,299477,299054,423
24781381,16.5729,17.3983,422,42111,0.0244342,0.03,1,299490,299068,422
24784301,58.5146,57.8797,423,42161,0.0288868,0.05,1,299559,299136,423
24787221,45.3029,44.3759,424,42211,0.0457774,0.05,1,299601,299177,424
24790141,10.6606,10.4752,424,42261,0.0171555,0.07,1,299603,299179,424
24793061,18.1321,18.895,423,42311,0.0274311,0.11,1,299623,299200,423
24795981,39.6264,38.179,425,42361,0.109486,0.03,1,299668,299243,425
24798901,37.5253,38.8358,423,42411,0.0938972,0.09,1,299705,299282,423
24801821,25.1051,24.5672,424,42461,0.122779,0.11,1,299727,299303,424
24804741,28.221,27.3134,425,42511,0.112556,0.07,1,299756,299331,425
24807661,26.4442,26.2627,425,42561,0.126511,0.07,1,299782,299357,425
24810581,24.4888,26.0525,423,42611,0.177302,0.05,1,299806,299383,423
24813501,30.4978,31.6105,422,42661,0.17146,0,1,299838,299416,422
24816421,30.0996,30.3221,422,42710,0.0902921,0,1,299868,299446,422
24819341,30.8199,30.8644,422,42759,0.0180584,0.03,1,299899,299477,422
24822261,16.564,16.5729,422,42808,0.0436117,0.03,1,299912,299490,422
24825181,58.5128,58.5146,422,42857,0.0487223,0.05,1,299981,299559,422
24828101,46.1026,45.3029,423,42906,0.0337445,0.01,1,300024,299601,423
24831021,10.8205,10.6606,423,42955,0.0467489,0.03,1,300026,299603,423
24833941,18.9641,18.1321,424,43004,0.0653498,0.03,1,300047,299623,424
24836861,41.3928,3.62642,471,43053,0.06907,0.13,1,300094,299623,471
24839781,37.0786,36.7253,462,43102,0.069814,0.09,1,300130,299668,462
24842701,25.0157,36.9451,447,43151,0.0859628,0.13,1,300152,299705,447
24845621,27.4031,24.989,453,43200,0.0891926,0.11,1,300180,299727,453
24848541,27.8806,28.1978,452,43249,0.105839,0.13,1,300208,299756,452
24851461,26.3761,26.4396,452,43298,0.141168,0.19,1,300234,299782,452
24854381,30.0752,24.4879,459,43347,0.164234,0.17,1,300265,299806,459
24857301,27.615,30.4976,454,43396,0.184847,0.07,1,300292,299838,454
24860221,28.723,30.0995,453,43445,0.188969,0,1,300321,299868,453
24863141,15.3446,30.8199,434,43494,0.173794,0.05,1,300333,299899,434
24866061,58.2689,16.564,490,43543,0.106759,0.05,1,300402,299912,490
24868981,47.6538,58.5128,466,43591,0.0293518,0.03,1,300447,299981,466
24871901,11.1308,46.1026,425,43639,0.0138704,0.05,1,300449,300024,425
24874821,19.8262,10.8205,445,43687,0.0427741,0.07,1,300471,300026,445
24877741,41.5652,18.9641,471,43735,0.0965548,0.07,1,300518,300047,471
24880661,37.913,41.3928,461,43783,0.123311,0.07,1,300555,300094,461
24883581,25.1826,37.0786,447,43831,0.112662,0.09,1,300577,300130,447
24886501,28.2365,25.0157,454,43879,0.110532,0.09,1,300606,300152,454
24889421,28.0473,27.4031,454,43927,0.142106,0.11,1,300634,300180,454
24892341,28.0095,27.8806,454,43975,0.212421,0.15,1,300662,300208,454
24895261,31.2019,26.3761,460,44023,0.242484,0.17,1,300694,300234,460
24898181,28.6404,30.0752,457,44071,0.248497,0.19,1,300722,300265,457
24901101,28.1281,27.615,458,44119,0.297699,0.19,1,300750,300292,458
24904021,12.0256,28.723,437,44167,0.27554,0.17,1,300758,300321,437
24906941,56.0051,15.3446,492,44215,0.271108,0.09,1,300825,300333,492
24909861,47.201,58.2689,468,44263,0.254222,0.01,1,300870,300402,468
24912781,11.0402,47.6538,425,44311,0.218844,0.01,1,300872,300447,425
24915701,21.408,11.1308,447,44359,0.227769,0.05,1,300896,300449,447
24918621,42.6816,19.8262,473,44407,0.245554,0.11,1,300944,300471,473
24921541,37.3363,41.5652,462,44455,0.249111,0.13,1,300980,300518,462
24924461,9.06726,37.913,427,44502,0.249822,0.11,1,300982,300555,427
24927381,20.2135,25.1826,428,44549,0.281964,0.11,1,301005,300577,428
24930301,28.0427,28.2365,429,44596,0.288393,0.15,1,301035,300606,429
24933221,28.8085,28.0473,430,44643,0.305679,0.23,1,301064,300634,430
24936141,30.5617,28.0095,433,44690,0.293136,0.25,1,301095,300662,433
24939061,32.5123,31.2019,434,44737,0.290627,0.25,1,301128,300694,434
24941981,28.9025,28.6404,434,44784,0.258125,0.31,1,301156,300722,434
24944901,28.9805,28.1281,435,44831,0.267625,0.27,1,301185,300750,435
24947821,12.1961,12.0256,435,44878,0.301525,0.27,1,301193,300758,435
24950741,56.0392,56.0051,435,44925,0.340305,0.25,1,301260,300825,435
24953661,44.8078,47.201,432,44972,0.348061,0.21,1,301302,300870,432
24956581,10.5616,11.0402,432,45019,0.349612,0.23,1,301304,300872,432
24959501,22.1123,21.408,433,45066,0.301922,0.25,1,301329,300896,433
24962421,43.6225,42.6816,434,45113,0.356385,0.25,1,301378,300944,434
24965341,37.5245,37.3363,434,45160,0.351277,0.25,1,301414,300980,434
24968261,9.1049,9.06726,434,45207,0.382255,0.29,1,301416,300982,434
24971181,21.821,20.2135,436,45254,0.404451,0.29,1,301441,301005,436
24974101,28.3642,28.0427,436,45301,0.44089,0.31,1,301471,301035,436
24977021,28.0728,28.8085,435,45348,0.448178,0.29,1,301499,301064,435
24979941,29.6146,30.5617,434,45395,0.449636,0.29,1,301529,301095,434
24982861,32.3229,32.5123,434,45441,0.481927,0.25,1,301562,301128,434
24985781,29.6646,28.9025,435,45487,0.472385,0.27,1,301591,301156,435
24988701,29.1329,28.9805,435,45533,0.454477,0.31,1,301620,301185,435
24991621,12.2266,12.1961,435,45579,0.482895,0.35,1,301628,301193,435
24994541,57.6453,56.0392,437,45625,0.552579,0.35,1,301697,301260,437
24997461,45.1291,44.8078,437,45671,0.534516,0.35,1,301739,301302,437
25000381,10.6258,10.5616,437,45717,0.562903,0.29,1,301741,301304,437
25003301,22.1252,22.1123,437,45763,0.568581,0.37,1,301766,301329,437
25006221,44.425,43.6225,438,45809,0.585716,0.35,1,301816,301378,438
25009141,38.485,37.5245,439,45855,0.605143,0.39,1,301853,301414,439
25012061,9.297,9.1049,439,45901,0.657029,0.41,1,301855,301416,439
25014981,23.4594,21.821,441,45947,0.667406,0.41,1,301882,301441,441
25017901,28.6919,4.3642,471,45993,0.637481,0.45,1,301912,301441,471
25020821,28.1384,24.8728,469,46039,0.631496,0.45,1,301940,301471,469
25023741,29.6277,27.3746,471,46085,0.630299,0.45,1,301970,301499,471
25026661,33.9255,29.4749,476,46131,0.63006,0.49,1,302005,301529,476
25029581,29.9851,32.295,472,46177,0.646012,0.47,1,302034,301562,472
25032501,29.197,29.659,472,46223,0.665202,0.45,1,302063,301591,472
25035421,12.2394,29.1318,451,46269,0.669041,0.49,1,302071,301620,451
25038341,60.8479,12.2264,516,46315,0.733808,0.57,1,302144,301628,516
25041261,46.5696,57.6453,490,46361,0.762762,0.53,2,302187,301697,490
25044181,10.9139,45.1291,450,46406,0.768552,0.57,2,302189,301739,450
25047101,21.3828,10.6258,472,46451,0.76971,0.57,2,302213,301741,472
25050021,46.6766,22.1252,500,46496,0.817942,0.59,2,302266,301766,500
25052941,40.5353,44.425,489,46541,0.859588,0.61,2,302305,301816,489
25055861,9.70706,38.485,454,46586,0.867918,0.67,2,302307,301853,454
25058781,23.5414,9.297,479,46631,0.853584,0.67,2,302334,301855,479
25061701,28.7083,23.4594,482,46676,0.866717,0.63,2,302364,301882,482
25064621,28.1417,28.6919,480,46721,0.885343,0.63,2,302392,301912,480
25067541,29.6283,28.1384,482,46766,0.889069,0.63,2,302422,301940,482
25070461,33.9257,29.6277,487,46811,0.889814,0.63,2,302457,301970,487
25073381,30.7851,33.9255,482,46856,0.905963,0.65,2,302487,302005,482
25076301,30.157,29.9851,483,46901,0.925193,0.67,2,302517,302034,483
25079221,12.4314,29.197,462,46946,0.929039,0.67,2,302525,302063,462
25082141,65.6863,12.2394,533,46991,0.961808,0.75,2,302604,302071,533
25384361,77,93,480,25121,0.43,1,1,306700,306220,480
25387281,58.6,50.6,494,25205,0.366,1,1,306754,306260,494
25390201,49.32,57.32,482,25289,0.2252,1,1,306801,306319,482
25393121,38.664,38.664,484,25373,0.16504,1,1,306837,306353,484
25396041,42.9328,36.5328,492,25457,0.057008,1,1,306881,306389,492
25398961,77.3866,7.30656,578,25540,0.0994016,1,1,306967,306389,578
25401881,78.6773,82.2613,556,25623,0.0438803,0.78,1,307046,306490,556
25404801,41.3355,93.2523,492,25706,0.0487761,0.69,1,307078,306586,492
25407721,62.6671,48.2505,523,25788,0.0337552,0.43,1,307146,306623,523
25410641,49.3334,71.2501,492,25870,0.030751,0.35,1,307192,306700,492
25413561,40.2667,57.45,476,25952,0.00615021,0.19,1,307230,306754,476
25416481,34.4533,49.09,462,26034,0.07323,0.15,1,307263,306801,462
25419401,40.4907,38.618,468,26115,0.070646,0.03,1,307305,306837,468
25422321,76.8981,42.9236,510,26196,0.0701292,0.11,1,307391,306881,510
25425241,76.1796,77.3847,500,26277,0.0700258,0.03,1,307467,306967,500
25428161,40.8359,78.6769,453,26358,0.0860052,0.05,1,307499,307046,453
25431081,64.1672,41.3354,491,26438,0.057201,0.03,1,307569,307078,491
25434001,48.0334,62.6671,467,26518,0.0994402,0.03,1,307613,307146,467
25436921,41.6067,49.3334,461,26598,0.059888,0,1,307653,307192,461
25439841,36.3213,40.2667,458,26678,0.0679776,0.09,1,307688,307230,458
25442761,39.2643,34.4533,465,26757,0.133596,0.07,1,307728,307263,465
25445681,75.8529,40.4907,508,26836,0.0827191,0.07,1,307813,307305,508
25448601,75.1706,76.8981,497,26915,0.0885438,0.07,1,307888,307391,497
25451521,16.6341,76.1796,423,26994,0.0897088,0.09,1,307890,307467,423
25454441,31.3268,40.8359,426,27072,0.0419418,0.05,1,307925,307499,426
25457361,59.8654,64.1672,423,27150,0.0323884,0.11,1,307992,307569,423
25460281,46.3731,48.0334,422,27228,0.0624777,0.05,1,308035,307613,422
25463201,43.6746,41.6067,425,27306,0.0524955,0.07,1,308078,307653,425
25466121,35.1349,36.3213,423,27384,0.0824991,0.15,1,308111,307688,423
25469041,43.827,39.2643,429,27461,0.0724998,0.07,1,308157,307728,429
25471961,73.5654,75.8529,425,27538,0.0865,0.09,1,308238,307813,425
25474881,73.9131,75.1706,424,27615,0.1053,0.09,1,308312,307888,424
25477801,16.3826,16.6341,424,27692,0.10906,0.03,1,308314,307890,424
25480721,30.4765,31.3268,423,27768,0.157812,0.03,1,308348,307925,423
25483641,58.8953,59.8654,422,27844,0.0715624,0.07,1,308414,307992,422
25486561,46.9791,46.3731,423,27920,0.0543125,0.05,1,308458,308035,423
25489481,44.5958,43.6746,424,27996,0.114863,0.09,1,308502,308078,424
25492401,36.9192,35.1349,426,28072,0.174972,0.07,1,308537,308111,426
25495321,43.3838,43.827,425,28147,0.154995,0.09,1,308582,308157,425
25498241,75.0768,73.5654,427,28222,0.230999,0.11,1,308665,308238,427
25501161,74.2154,73.9131,427,28297,0.2622,0.11,1,308739,308312,427
25504081,16.4431,16.3826,427,28372,0.26844,0.11,1,308741,308314,427
25507001,30.4886,3.27652,461,28447,0.269688,0.17,1,308775,308314,461
25509921,54.0977,27.8553,487,28521,0.285938,0.05,1,308835,308348,487
25512841,46.8195,58.3711,466,28595,0.305188,0.05,1,308880,308414,466
25515761,48.5639,46.8742,471,28669,0.277038,0.13,1,308929,308458,471
25518681,39.3128,44.5748,464,28743,0.287408,0.19,1,308966,308502,464
25521601,43.0626,36.915,473,28817,0.305482,0.15,1,309010,308537,473
25524521,77.4125,43.383,514,28890,0.357096,0.25,1,309096,308582,514
25527441,77.0825,75.0766,508,28963,0.319419,0.27,1,309173,308665,508
25530361,17.0165,74.2153,436,29036,0.311884,0.27,1,309175,308739,436
25533281,30.6033,16.4431,468,29109,0.326377,0.27,1,309209,308741,468
25536201,54.9207,30.4886,495,29182,0.345275,0.29,1,309270,308775,495
25539121,46.1841,54.0977,479,29255,0.365055,0.31,1,309314,308835,479
25542041,48.4368,46.8195,483,29327,0.401011,0.27,1,309363,308880,483
25544961,39.2874,48.5639,471,29399,0.424202,0.29,1,309400,308929,471
25547881,44.6575,39.3128,480,29471,0.39684,0.31,1,309446,308966,480
25550801,80.1315,43.0626,525,29543,0.455368,0.37,1,309535,309010,525
25553721,75.2263,77.4125,513,29615,0.499074,0.31,1,309609,309096,513
25556641,16.6453,77.0825,438,29686,0.507815,0.31,1,309611,309173,438
25559561,31.3291,17.0165,471,29757,0.525563,0.33,1,309646,309175,471
25562481,55.8658,30.6033,499,29828,0.593113,0.35,1,309708,309209,499
25565401,12.7732,54.9207,440,29899,0.606623,0.37,1,309710,309270,440
25568321,37.7546,46.1841,440,29970,0.625324,0.41,1,309754,309314,440
25571241,48.3509,48.4368,442,30041,0.661065,0.43,1,309805,309363,442
25574161,40.0702,39.2874,443,30111,0.668213,0.39,1,309843,309400,443
25577081,44.014,44.6575,442,30181,0.701643,0.47,1,309888,309446,442
25580001,82.4028,80.1315,445,30251,0.756329,0.51,2,309980,309535,445
25582921,77.2806,75.2263,447,30321,0.735266,0.51,1,310056,309609,447
25585841,17.0561,16.6453,447,30391,0.731053,0.53,1,310058,309611,447
25588761,33.8112,31.3291,450,30461,0.778211,0.61,2,310096,309646,450
25591681,57.9622,55.8658,452,30530,0.787642,0.61,2,310160,309708,452
25594601,13.1924,12.7732,452,30599,0.821528,0.63,2,310162,309710,452
25597521,38.6385,37.7546,453,30668,0.860306,0.67,2,310207,309754,453
25600441,48.5277,48.3509,453,30737,0.820061,0.67,2,310258,309805,453
25603361,41.7055,40.0702,455,30806,0.844012,0.71,2,310298,309843,455
25606281,45.9411,44.014,457,30875,0.880802,0.77,2,310345,309888,457
25746441,37,24,513,34007,0.71,1,1,312587,312074,513
25749361,31.4,32.8,508,34069,0.646,1,1,312617,312109,508
25752281,23.88,34.56,495,34131,0.6172,1,1,312639,312144,495
25755201,28.776,27.712,499,34193,0.48344,1,1,312669,312170,499
25758121,36.1552,32.7424,503,34255,0.424688,1,1,312707,312204,503
25761041,28.831,6.54848,530,34317,0.444938,1,1,312734,312204,530
25763961,62.5662,30.1097,565,34379,0.336988,1,1,312805,312240,565
25766881,88.5132,90.0219,555,34441,0.251397,1,1,312900,312345,555
25769801,41.7026,82.8044,504,34502,0.234279,1,1,312930,312426,504
25772721,35.5405,46.1609,501,34563,0.150856,0.89,1,312964,312463,501
25775641,43.1081,36.4322,512,34624,0.166171,0.79,1,313009,312497,512
25778561,34.2216,49.6864,491,34685,0.185234,0.71,1,313041,312550,491
25781481,26.8443,39.5373,479,34746,0.173047,0.63,1,313066,312587,479
25784401,22.1689,31.9075,470,34807,0.186609,0.61,1,313087,312617,470
25787321,28.4338,23.9815,478,34868,0.173322,0.45,1,313117,312639,478
25790241,33.6868,28.7963,483,34929,0.218664,0.41,1,313152,312669,483
25793161,26.7374,36.1593,470,34990,0.211733,0.45,1,313177,312707,470
25796081,58.1475,28.8319,509,35050,0.258347,0.31,1,313243,312734,509
25799001,80.4295,62.5664,524,35110,0.251669,0.23,1,313329,312805,524
25801921,36.0859,88.5133,454,35170,0.266334,0.23,1,313354,312900,454
25804841,39.2172,41.7027,464,35230,0.285267,0.13,1,313394,312930,464
25807761,43.8434,35.5405,475,35290,0.305053,0.17,1,313439,312964,475
25810681,34.3687,43.1081,462,35350,0.309011,0.19,1,313471,313009,462
25813601,26.0737,34.2216,454,35410,0.309802,0.17,1,313495,313041,454
25816521,22.8147,26.8443,451,35470,0.32596,0.19,1,313517,313066,451
25819441,29.363,22.1689,461,35530,0.345192,0.17,1,313548,313087,461
25822361,33.0726,28.4338,465,35589,0.381038,0.23,1,313582,313117,465
25825281,27.4145,33.6868,456,35648,0.388208,0.21,1,313608,313152,456
25828201,7.0829,26.7374,433,35707,0.389642,0.27,1,313610,313177,433
25831121,55.8166,58.1475,435,35766,0.485928,0.25,1,313678,313243,435
25834041,79.1633,80.4295,434,35825,0.473186,0.27,1,313763,313329,434
25836961,36.6327,36.0859,435,35884,0.486637,0.29,1,313789,313354,435
25839881,39.3265,39.2172,435,35943,0.537327,0.31,1,313829,313394,435
25842801,45.4653,43.8434,437,36002,0.547466,0.31,1,313876,313439,437
25845721,34.6931,34.3687,437,36061,0.565493,0.31,1,313908,313471,437
25848641,26.9386,26.0737,438,36120,0.585099,0.33,1,313933,313495,438
25851561,22.9877,22.8147,438,36179,0.62102,0.35,1,313955,313517,438
25854481,30.9975,29.363,440,36237,0.612204,0.39,1,313988,313548,440
25857401,34.1995,33.0726,441,36295,0.610441,0.39,1,314023,313582,441
25860321,28.4399,27.4145,442,36353,0.594088,0.39,1,314050,313608,442
25863241,7.28798,7.0829,442,36411,0.590818,0.51,1,314052,313610,442
25866161,58.2576,55.8166,445,36469,0.574164,0.47,1,314123,313678,445
25869081,80.4515,79.1633,446,36527,0.618833,0.49,1,314209,313763,446
25872001,37.6903,36.6327,447,36585,0.627767,0.55,1,314236,313789,447
25874921,41.1381,39.3265,449,36643,0.629553,0.55,1,314278,313829,449
25877841,45.8276,45.4653,449,36701,0.677911,0.57,1,314325,313876,449
25880761,35.5655,34.6931,450,36759,0.703582,0.59,1,314358,313908,450
25883681,26.3131,26.9386,449,36816,0.724716,0.63,1,314382,313933,449
25886601,24.4626,22.9877,451,36873,0.728943,0.61,1,314406,313955,451
25889521,30.4925,30.9975,450,36930,0.761789,0.61,2,314438,313988,450
25892441,34.0985,34.1995,450,36987,0.720358,0.59,1,314473,314023,450
25895361,29.2197,28.4399,451,37044,0.712072,0.59,1,314501,314050,451
25898281,7.44394,7.28798,451,37101,0.710414,0.57,1,314503,314052,451
25901201,57.4888,58.2576,450,37158,0.790083,0.57,2,314573,314123,450
25904121,81.0978,11.6515,537,37215,0.870017,0.63,2,314660,314123,537
25907041,38.6195,71.1303,479,37272,0.886003,0.63,2,314688,314209,479
25909961,41.3239,35.8261,494,37329,0.905201,0.63,2,314730,314236,494
25912881,48.2648,40.7652,502,37386,0.87704,0.69,2,314780,314278,502
25915801,36.853,45.753,489,37443,0.887408,0.71,2,314814,314325,489
25918721,27.3706,35.5506,481,37499,0.905482,0.73,2,314839,314358,481
25921641,24.6741,26.3101,481,37555,0.909096,0.73,2,314863,314382,481
25924561,30.5348,24.462,489,37611,0.941819,0.77,2,314895,314406,489
26058881,13,0,498,40113,0.79,1,2,316642,316144,498
26061801,25,13.6,509,40166,0.694,1,1,316670,316161,509
26064721,49.8,45.12,512,40219,0.6588,1,1,316726,316214,512
26067641,31.56,35.424,506,40271,0.60376,1,1,316753,316247,506
26070561,30.312,30.2848,507,40323,0.496752,1,1,316783,316276,507
26073481,30.8624,24.457,515,40375,0.41135,1,1,316814,316299,515
26076401,33.3725,31.2914,516,40427,0.29827,1,1,316848,316332,516
26079321,25.0745,33.4583,505,40479,0.227654,1,1,316871,316366,505
26082241,30.6149,26.6917,512,40531,0.181531,1,1,316903,316391,512
26085161,42.923,26.1383,532,40583,0.124306,0.96,1,316949,316417,532
26088081,76.5846,47.6277,564,40635,0.176861,1,1,317034,316470,564
26091001,36.9169,87.9255,493,40687,0.155372,0.92,1,317061,316568,493
26093921,28.9834,42.3851,489,40739,0.167074,0.87,1,317088,316599,489
26096841,16.1967,32.477,472,40791,0.169415,0.79,1,317101,316629,472
26099761,23.2393,16.8954,484,40843,0.153883,0.67,1,317126,316642,484
26102681,45.4479,25.7791,507,40895,0.198777,0.65,1,317177,316670,507
26105601,25.8896,49.9558,472,40947,0.223755,0.59,1,317198,316726,472
26108521,26.7779,31.5912,472,40999,0.212751,0.47,1,317225,316753,472
26111441,26.9556,30.3182,469,41050,0.22655,0.39,1,317252,316783,469
26114361,29.3911,30.8636,468,41101,0.22931,0.27,1,317282,316814,468
26117281,21.8782,33.3727,454,41152,0.229862,0.21,1,317302,316848,454
26120201,27.5756,25.0745,460,41203,0.261972,0.17,1,317331,316871,460
26123121,40.7151,30.6149,472,41254,0.252394,0.11,1,317375,316903,472
26126041,78.543,42.923,514,41305,0.234479,0.19,1,317463,316949,514
26128961,36.5086,76.5846,455,41356,0.310896,0.15,1,317489,317034,455
26131881,30.5017,36.9169,457,41407,0.342179,0.17,1,317518,317061,457
26134801,15.7003,28.9834,442,41458,0.364436,0.17,1,317530,317088,442
26137721,22.3401,16.1967,453,41509,0.368887,0.15,1,317554,317101,453
26140641,6.06801,23.2393,430,41560,0.369777,0.21,1,317556,317126,430
26143561,43.6136,45.4479,432,41611,0.353956,0.23,1,317609,317177,432
26146481,26.3227,25.8896,433,41662,0.398791,0.21,1,317631,317198,433
26149401,27.6645,26.7779,434,41713,0.407758,0.23,1,317659,317225,434
26152321,24.7329,26.9556,431,41764,0.425552,0.23,1,317683,317252,431
26155241,28.9466,29.3911,431,41815,0.46111,0.23,1,317713,317282,431
26158161,21.7893,21.8782,431,41865,0.436222,0.27,1,317733,317302,431
26161081,29.9579,27.5756,434,41915,0.447244,0.25,1,317765,317331,434
26164001,41.1916,40.7151,434,41965,0.465449,0.23,1,317809,317375,434
26166921,81.8383,78.543,438,42015,0.48509,0.33,1,317901,317463,438
26169841,37.1677,36.5086,438,42065,0.505018,0.35,1,317927,317489,438
26172761,32.2335,30.5017,440,42115,0.493004,0.37,1,317958,317518,440
26175681,16.0467,15.7003,440,42165,0.522601,0.37,1,317970,317530,440
26178601,22.4093,22.3401,440,42215,0.54452,0.37,1,317994,317554,440
26181521,6.08187,6.06801,440,42265,0.516904,0.35,1,317996,317556,440
26184441,44.4164,43.6136,441,42315,0.543381,0.41,1,318050,317609,441
26187361,27.2833,26.3227,442,42365,0.548676,0.41,1,318073,317631,442
26190281,27.8567,27.6645,442,42415,0.565735,0.43,1,318101,317659,442
26193201,25.5713,24.7329,443,42465,0.585147,0.47,1,318126,317683,443
26196121,29.1143,28.9466,443,42515,0.589029,0.43,1,318156,317713,443
26199041,21.8229,21.7893,443,42565,0.589806,0.45,1,318176,317733,443
26201961,29.1646,29.9579,442,42615,0.573961,0.47,1,318207,317765,442
26204881,41.8329,41.1916,443,42665,0.602792,0.49,1,318252,317809,443
26207801,83.5666,81.8383,445,42714,0.624558,0.51,1,318346,317901,445
26210721,37.5133,37.1677,445,42763,0.596912,0.49,1,318372,317927,445
26213641,33.1027,32.2335,446,42812,0.639382,0.53,1,318404,317958,446
26216561,17.0205,16.0467,447,42861,0.647876,0.55,1,318417,317970,447
26219481,22.6041,22.4093,447,42910,0.665575,0.51,1,318441,317994,447
26222401,6.12082,6.08187,447,42959,0.669115,0.55,1,318443,317996,447
26225321,42.8242,44.4164,445,43008,0.701823,0.55,1,318495,318050,445
26228241,27.7648,8.88327,469,43057,0.676365,0.55,1,318519,318050,469
26231161,28.753,20.1767,475,43106,0.703273,0.57,1,318548,318073,475
26234081,26.5506,26.4353,473,43155,0.740655,0.59,1,318574,318101,473
26237001,29.3101,25.2871,478,43204,0.748131,0.59,1,318604,318126,478
26239921,21.862,29.0574,468,43253,0.765626,0.59,2,318624,318156,468
26242841,29.9724,21.8115,480,43302,0.769125,0.57,2,318656,318176,480
26245761,41.9945,29.1623,494,43351,0.817825,0.61,2,318701,318207,494
26248681,84.3989,41.8325,544,43400,0.859565,0.63,2,318796,318252,544
26251601,38.4798,83.5665,477,43449,0.883913,0.59,2,318823,318346,477
26254521,34.096,37.5133,484,43498,0.888783,0.65,2,318856,318372,484
26257441,16.4192,33.1027,464,43547,0.889757,0.65,2,318868,318404,464
26260361,23.2838,17.0205,476,43595,0.905951,0.67,2,318893,318417,476
26263281,6.25677,22.6041,454,43643,0.90919,0.67,2,318895,318441,454
26429721,27,32,509,46318,0.61,1,1,320787,320278,509
26432641,26.2,24.8,512,46364,0.562,1,1,320813,320301,512
26435561,24.44,27.36,508,46409,0.5524,1,1,320837,320329,508
26438481,28.888,23.872,515,46454,0.50248,1,1,320867,320352,515
26441401,33.7776,33.5744,514,46499,0.460496,1,1,320902,320388,514
26444321,32.3555,27.5149,520,46544,0.404099,1,1,320934,320414,520
26447241,30.4711,32.703,516,46589,0.29682,1,1,320964,320448,516
26450161,27.6942,28.1406,516,46634,0.179364,1,1,320991,320475,516
26453081,30.3388,21.6281,527,46679,0.107873,1,1,321022,320495,527
26456001,18.0678,28.3256,512,46724,0.205575,1,1,321037,320525,512
26458921,23.6136,29.6651,507,46769,0.209115,1,1,321062,320555,507
26461841,15.1227,25.933,495,46814,0.241823,0.89,1,321075,320580,495
26464761,67.0245,18.7866,558,46859,0.200365,0.93,1,321155,320597,558
26467681,38.2049,80.5573,493,46904,0.224073,0.83,1,321186,320693,493
26470601,34.041,44.1115,491,46949,0.212815,0.71,1,321219,320728,491
26473521,25.2082,34.4223,482,46994,0.194563,0.61,1,321242,320760,482
26476441,21.0416,28.4845,475,47039,0.222913,0.55,1,321262,320787,475
26479361,21.8083,26.4969,471,47084,0.228583,0.55,1,321284,320813,471
26482281,21.1617,24.4994,468,47129,0.181717,0.49,1,321305,320837,468
26485201,30.6323,28.8999,471,47174,0.188343,0.45,1,321338,320867,471
26488121,30.9265,33.78,467,47219,0.221669,0.39,1,321369,320902,467
26491041,26.9853,32.356,461,47264,0.228334,0.27,1,321395,320934,461
26493961,25.3971,30.4712,456,47309,0.229667,0.15,1,321420,320964,456
26496881,30.6794,27.6942,461,47354,0.261933,0.09,1,321452,320991,461
26499801,7.73588,30.3388,432,47399,0.268387,0.23,1,321454,321022,432
26502721,15.1472,18.0678,434,47443,0.285677,0.21,1,321471,321037,434
26505641,23.0294,23.6136,434,47487,0.369135,0.25,1,321496,321062,434
26508561,14.2059,15.1227,433,47531,0.353827,0.19,1,321508,321075,433
26511481,66.8412,67.0245,433,47575,0.350765,0.23,1,321588,321155,433
26514401,37.3682,38.2049,432,47619,0.382153,0.21,1,321618,321186,432
26517321,33.0736,34.041,431,47663,0.388431,0.19,1,321650,321219,431
26520241,25.8147,25.2082,432,47707,0.405686,0.23,1,321674,321242,432
26523161,21.9629,21.0416,433,47751,0.425137,0.23,1,321695,321262,433
26526081,19.5926,21.8083,430,47795,0.429027,0.17,1,321714,321284,430
26529001,21.5185,21.1617,431,47839,0.413805,0.19,1,321736,321305,431
26531921,29.9037,30.6323,430,47883,0.442761,0.23,1,321768,321338,430
26534841,33.1807,30.9265,433,47927,0.432552,0.23,1,321802,321369,433
26537761,28.2361,26.9853,434,47971,0.46251,0.23,1,321829,321395,434
26540681,27.2472,25.3971,436,48015,0.468502,0.27,1,321856,321420,436
26543601,31.8494,30.6794,437,48059,0.4857,0.27,1,321889,321452,437
26546521,7.96989,7.73588,437,48103,0.50514,0.29,1,321891,321454,437
26549441,15.994,15.1472,438,48147,0.509028,0.39,1,321909,321471,438
26552361,23.9988,23.0294,439,48191,0.557806,0.35,1,321935,321496,439
26555281,14.3998,14.2059,439,48235,0.567561,0.35,1,321947,321508,439
26558201,68.48,66.8412,441,48279,0.537512,0.39,1,322029,321588,441
26561121,36.096,37.3682,439,48323,0.531502,0.39,1,322057,321618,439
26564041,34.4192,33.0736,441,48367,0.562301,0.41,1,322091,321650,441
26566961,25.2838,25.8147,440,48411,0.55246,0.43,1,322114,321674,440
26569881,23.4568,21.9629,442,48455,0.566492,0.43,1,322137,321695,442
26572801,19.8914,19.5926,442,48498,0.585298,0.41,1,322156,321714,442
26575721,21.5783,21.5185,442,48541,0.55706,0.45,1,322178,321736,442
26578641,29.9157,29.9037,442,48584,0.583412,0.43,1,322210,321768,442
26581561,33.9831,33.1807,443,48627,0.604682,0.47,1,322245,321802,443
26584481,28.3966,28.2361,443,48670,0.640936,0.47,1,322272,321829,443
26587401,27.2793,27.2472,443,48713,0.616187,0.49,1,322299,321856,443
26590321,33.4559,31.8494,445,48756,0.675237,0.51,1,322334,321889,445
26593241,8.29117,7.96989,445,48799,0.687047,0.51,1,322336,321891,445
26596161,17.6582,15.994,447,48842,0.75341,0.51,2,322356,321909,447
26599081,24.3316,3.1988,473,48885,0.718682,0.57,1,322382,321909,473
26602001,14.4663,21.4398,459,48928,0.711736,0.57,1,322394,321935,459
26604921,68.4933,13.888,529,48971,0.710347,0.53,1,322476,321947,529
26607841,36.0987,68.3776,475,49014,0.742069,0.53,1,322504,322029,475
26610761,34.4197,36.0755,481,49057,0.748414,0.57,1,322538,322057,481
26613681,26.0839,34.4151,471,49100,0.749683,0.55,1,322562,322091,471
26616601,24.4168,25.283,472,49143,0.749937,0.57,1,322586,322114,472
26619521,19.2834,23.4566,467,49186,0.749987,0.59,1,322604,322137,467
26622441,21.4567,19.8913,470,49229,0.749997,0.55,1,322626,322156,470
26625361,29.8913,21.5783,480,49272,0.798,0.59,2,322658,322178,480
26628281,34.7783,29.9157,484,49315,0.8076,0.61,2,322694,322210,484
26631201,30.1557,33.9831,478,49358,0.82552,0.65,2,322723,322245,478
26634121,27.6311,28.3966,478,49401,0.829104,0.61,2,322750,322272,478
26637041,37.5262,27.2793,491,49444,0.829821,0.69,2,322790,322299,491
26639961,9.10524,33.4559,458,49487,0.829964,0.69,2,322792,322334,458
26642881,17.021,8.29117,475,49530,0.909993,0.77,2,322811,322336,475
26645801,25.0042,17.6582,482,49573,0.925999,0.71,2,322838,322356,482
26648721,14.6008,24.3316,468,49615,0.9292,0.71,2,322850,322382,468
26896921,39,45,464,24090,0.07,0.85,1,325465,325001,464
26899841,47,29,488,24178,0.15,0.69,1,325514,325026,488
26902761,60.6,58.6,486,24266,0.15,0.41,1,325578,325092,486
26905681,56.92,70.12,469,24353,0.166,0.17,1,325634,325165,469
26908601,44.184,74.824,434,24440,0.1692,0.15,1,325675,325241,434
26911521,41.6368,40.5648,443,24527,0.12184,0.09,1,325716,325273,443
26914441,33.1274,32.913,443,24613,0.128368,0.03,1,325747,325304,443
26917361,61.0255,56.1826,449,24699,0.145674,0.09,1,325815,325366,449
26920281,71.4051,59.2365,463,24785,0.165135,0.17,1,325889,325426,463
26923201,56.681,82.2473,428,24871,0.233027,0.15,1,325942,325514,428
26926121,61.7362,67.6495,427,24956,0.262605,0.17,1,326005,325578,427
26929041,58.7472,58.3299,429,25041,0.268521,0.17,1,326063,325634,429
26931961,43.7494,44.466,428,25126,0.301704,0.11,1,326103,325675,428
26934881,42.3499,41.6932,429,25210,0.308341,0.13,1,326145,325716,429
26937801,33.27,33.1386,429,25294,0.293668,0.15,1,326176,325747,429
26940721,59.454,61.0277,427,25378,0.354734,0.17,1,326242,325815,427
26943641,73.4908,71.4055,430,25461,0.382947,0.17,1,326319,325889,430
26946561,59.4982,14.2811,486,25544,0.436589,0.25,1,326375,325889,486
26949481,61.4996,45.2562,495,25627,0.479318,0.27,1,326437,325942,495
26952401,60.2999,59.4512,492,25710,0.487864,0.27,1,326497,326005,492
26955321,44.06,58.2902,474,25792,0.489573,0.31,1,326537,326063,474
26958241,42.412,43.658,476,25874,0.521915,0.31,1,326579,326103,476
26961161,34.0824,42.3316,466,25956,0.528383,0.29,1,326611,326145,466
26964081,63.6165,33.2663,506,26038,0.577677,0.37,1,326682,326176,506
26967001,75.1233,59.4533,518,26119,0.603535,0.39,1,326760,326242,518
26969921,62.2247,73.4907,500,26200,0.688707,0.45,1,326819,326319,500
26972841,62.8449,59.4981,507,26281,0.721741,0.49,1,326882,326375,507
26975761,60.569,61.4996,505,26362,0.760348,0.49,2,326942,326437,505
26978681,44.9138,60.2999,486,26442,0.75207,0.49,2,326983,326497,486
26981601,43.3828,44.06,489,26522,0.734414,0.53,1,327026,326537,489
26984521,34.2766,42.412,479,26602,0.730883,0.53,1,327058,326579,479
26987441,67.6553,34.0824,523,26682,0.730177,0.59,1,327134,326611,523
26990361,76.7311,63.6165,531,26761,0.730035,0.61,1,327213,326682,531
26993281,64.1462,75.1233,514,26840,0.762007,0.71,2,327274,326760,514
26996201,14.4292,62.2247,457,26919,0.768401,0.73,2,327276,326819,457
26999121,54.0858,62.8449,458,26998,0.88168,0.77,2,327340,326882,458
27002041,60.4172,60.569,460,27076,0.872336,0.75,2,327402,326942,460
27004961,44.0834,44.9138,459,27154,0.902467,0.73,2,327442,326983,459
27007881,42.4167,43.3828,458,27232,0.924493,0.73,2,327484,327026,458
27010801,34.0833,34.2766,458,27310,0.944899,0.73,2,327516,327058,458
27013721,67.6167,67.6553,458,27388,0.93298,0.73,2,327592,327134,458
27016641,76.7233,76.7311,458,27465,0.930596,0.77,2,327671,327213,458
27019561,65.7447,64.1462,460,27542,0.930119,0.77,2,327734,327274,460
27022481,14.7489,14.4292,460,27619,0.930024,0.91,2,327736,327276,460
27127601,80,60,501,30255,0.27,1,1,329638,329137,501
27130521,44,45.6,494,30325,0.254,1,1,329673,329179,494
27133441,31.2,35.52,489,30395,0.1868,1,1,329701,329212,489
27136361,59.84,67.104,481,30465,0.09336,1,1,329768,329287,481
27139281,32.768,39.0208,475,30534,0.042672,1,1,329794,329319,475
27142201,37.7536,37.4042,477,30603,0.0485344,1,1,329833,329356,477
27145121,29.9507,32.2808,474,30672,0.0337069,0.99,1,329861,329387,474
27148041,27.5901,32.0562,469,30741,0.0307414,0.83,1,329888,329419,469
27150961,52.718,63.2112,457,30810,0.0461483,0.55,1,329947,329490,457
27153881,61.7436,67.0422,453,30879,0.0972297,0.27,1,330011,329558,453
27156801,59.5487,77.4084,432,30948,0.123446,0.25,1,330070,329638,432
27159721,38.3097,43.4817,430,31016,0.128689,0.17,1,330103,329673,430
27162641,29.2619,31.0963,429,31084,0.161738,0.07,1,330130,329701,429
27165561,56.2524,59.8193,425,31152,0.152348,0.03,1,330193,329768,425
27168481,30.4505,32.7639,423,31220,0.11847,0.05,1,330217,329794,423
27171401,37.2901,37.7528,423,31288,0.0476939,0.05,1,330256,329833,423
27174321,29.858,7.55055,451,31356,0.0975388,0.03,1,330284,329833,451
27177241,25.9716,23.9101,448,31423,0.123508,0.03,1,330309,329861,448
27180161,53.1943,26.382,481,31490,0.144702,0.05,1,330369,329888,481
27183081,63.4389,52.4764,488,31557,0.14894,0.11,1,330435,329947,488
27186001,61.4878,61.6953,485,31624,0.181788,0.13,1,330496,330011,485
27188921,39.4976,59.5391,460,31691,0.188358,0.13,1,330530,330070,460
27191841,29.4995,38.3078,454,31758,0.173672,0.17,1,330557,330103,454
27194761,57.0999,29.2616,491,31825,0.202734,0.15,1,330621,330130,491
27197681,29.02,56.2523,450,31891,0.224547,0.11,1,330643,330193,450
27200601,34.604,30.4505,462,31957,0.228909,0.03,1,330679,330217,462
27203521,32.5208,37.2901,455,32023,0.229782,0.11,1,330711,330256,455
27206441,27.3042,29.858,453,32089,0.229956,0.13,1,330737,330284,453
27209361,53.4608,25.9716,488,32155,0.309991,0.15,1,330797,330309,488
27212281,63.4922,53.1943,494,32221,0.341998,0.15,1,330863,330369,494
27215201,61.4984,63.4389,489,32287,0.3324,0.19,1,330924,330435,489
27218121,41.0997,61.4878,464,32353,0.36248,0.19,1,330960,330496,464
27221041,29.0199,39.4976,456,32418,0.368496,0.17,1,330986,330530,456
27223961,58.604,29.4995,495,32483,0.353699,0.21,1,331052,330557,495
27226881,30.1208,57.0999,454,32548,0.36674,0.23,1,331075,330621,454
27229801,33.2242,29.02,466,32613,0.369348,0.23,1,331109,330643,466
27232721,33.8448,34.604,464,32678,0.40187,0.23,1,331143,330679,464
27235641,29.169,32.5208,460,32743,0.424374,0.23,1,331171,330711,460
27238561,7.43379,27.3042,436,32808,0.428875,0.33,1,331173,330737,436
27241481,51.0868,53.4608,438,32872,0.493775,0.35,1,331235,330797,438
27244401,63.8174,63.4922,439,32936,0.490755,0.33,1,331302,330863,439
27247321,60.7635,61.4984,438,33000,0.474151,0.37,1,331362,330924,438
27250241,42.5527,41.0997,440,33064,0.50283,0.37,1,331400,330960,440
27253161,29.3105,29.0199,440,33128,0.508566,0.35,1,331426,330986,440
27256081,57.8621,58.604,439,33192,0.461713,0.37,1,331491,331052,439
27259001,30.7724,30.1208,440,33256,0.452343,0.37,1,331515,331075,440
27261921,34.1545,33.2242,441,33320,0.498469,0.41,1,331550,331109,441
27264841,34.8309,33.8448,442,33383,0.571694,0.43,1,331585,331143,442
27267761,30.1662,29.169,443,33446,0.538339,0.43,1,331614,331171,443
27270681,7.63324,7.43379,443,33509,0.531668,0.51,1,331616,331173,443
27273601,52.7266,51.0868,445,33572,0.546334,0.49,1,331680,331235,445
27276521,63.3453,63.8174,444,33635,0.613267,0.47,1,331746,331302,444
27279441,61.4691,60.7635,445,33698,0.626653,0.51,1,331807,331362,445
27282361,42.6938,42.5527,445,33761,0.693331,0.51,1,331845,331400,445
27285281,29.3388,29.3105,445,33824,0.674666,0.45,1,331871,331426,445
27288201,57.0678,57.8621,444,33887,0.702933,0.45,1,331935,331491,444
27291121,31.4135,30.7724,445,33949,0.724587,0.51,1,331960,331515,445
27294041,35.8827,34.1545,447,34011,0.744917,0.59,1,331997,331550,447
27296961,36.7765,34.8309,449,34073,0.748983,0.53,1,332034,331585,449
27299881,29.7553,30.1662,448,34135,0.797797,0.53,2,332062,331614,448
27302801,7.55106,7.63324,448,34197,0.807559,0.55,2,332064,331616,448
27305721,53.5102,52.7266,449,34259,0.777512,0.55,2,332129,331680,449
27308641,64.302,10.5453,516,34321,0.835502,0.63,2,332196,331680,516
27311561,64.0604,54.9091,514,34383,0.8951,0.63,2,332260,331746,514
27524721,38,67,514,38613,0.83,1,2,335218,334704,514
27527641,33.2,43,509,38668,0.83,1,2,335250,334741,509
27530561,26.64,35.8,500,38723,0.782,1,2,335275,334775,500
27533481,35.728,43.16,493,38778,0.6764,1,1,335313,334820,493
27536401,34.3456,35.832,493,38832,0.63928,1,1,335347,334854,493
27539321,42.0691,35.9664,501,38886,0.535856,1,1,335391,334890,501
27542241,37.2138,32.7933,505,38940,0.483171,1,1,335427,334922,505
27545161,31.4428,32.1587,503,38994,0.488634,1,1,335457,334954,503
27548081,26.2886,36.0317,491,39048,0.473727,1,1,335482,334991,491
27551001,42.8577,54.4063,479,39102,0.358745,1,1,335529,335050,479
27553921,28.5715,33.2813,476,39156,0.335749,0.89,1,335554,335078,476
27556841,35.3143,37.8563,474,39210,0.34715,0.87,1,335591,335117,474
27559761,50.2629,57.9713,465,39264,0.36543,0.83,1,335645,335180,465
27562681,38.0526,41.9942,462,39318,0.401086,0.83,1,335680,335218,462
27565601,31.6105,33.9988,460,39372,0.376217,0.77,1,335710,335250,460
27568521,22.3221,26.7998,455,39426,0.403243,0.65,1,335730,335275,455
27571441,29.2644,35.76,448,39480,0.392649,0.63,1,335761,335313,448
27574361,33.8529,34.352,449,39533,0.40653,0.51,1,335796,335347,449
27577281,37.9706,42.0704,444,39586,0.425306,0.47,1,335835,335391,444
27580201,36.3941,37.2141,444,39639,0.461061,0.49,1,335871,335427,444
27583121,28.8788,31.4428,441,39692,0.468212,0.47,1,335898,335457,441
27586041,22.5758,26.2886,437,39745,0.453642,0.33,1,335919,335482,437
27588961,42.9152,42.8577,438,39798,0.450729,0.33,1,335967,335529,438
27591881,26.983,28.5715,436,39851,0.482146,0.35,1,335990,335554,436
27594801,35.7966,35.3143,437,39904,0.520429,0.37,1,336028,335591,437
27597721,53.5593,50.2629,441,39957,0.512086,0.41,1,336086,335645,441
27600641,37.9119,38.0526,440,40010,0.478417,0.37,1,336120,335680,440
27603561,29.9824,31.6105,438,40063,0.519683,0.37,1,336148,335710,438
27606481,24.3965,6.3221,461,40116,0.511937,0.41,1,336171,335710,461
27609401,28.8793,17.2644,471,40169,0.542387,0.39,1,336201,335730,471
27612321,34.5759,28.2529,476,40222,0.564478,0.41,1,336237,335761,476
27615241,38.9152,33.6506,481,40274,0.632896,0.43,1,336277,335796,481
27618161,37.383,37.9301,479,40326,0.630579,0.47,1,336314,335835,479
27621081,28.2766,36.386,469,40378,0.662116,0.47,1,336340,335871,469
27624001,23.2553,28.8772,464,40430,0.668423,0.45,1,336362,335898,464
27626921,41.4511,22.5754,489,40482,0.669685,0.45,1,336408,335919,489
27629841,29.0902,42.9151,467,40534,0.669937,0.49,1,336434,335967,467
27632761,37.018,26.983,483,40586,0.717987,0.53,1,336473,335990,483
27635681,53.0036,35.7966,502,40638,0.727597,0.51,1,336530,336028,502
27638601,37.8007,53.5593,478,40690,0.729519,0.47,1,336564,336086,478
27641521,30.7601,37.9119,473,40742,0.745904,0.53,1,336593,336120,473
27644441,26.152,29.9824,470,40794,0.781181,0.51,2,336618,336148,470
27647361,30.8304,24.3965,479,40846,0.788236,0.55,2,336650,336171,479
27650281,34.9661,28.8793,485,40898,0.805647,0.57,2,336686,336201,485
27653201,42.1932,34.5759,493,40950,0.809129,0.65,2,336730,336237,493
27656121,38.8386,38.9152,491,41002,0.841826,0.63,2,336768,336277,491
27659041,28.5677,37.383,480,41053,0.864365,0.67,2,336794,336314,480
27661961,23.3135,28.2766,476,41104,0.868873,0.67,2,336816,336340,476
27664881,41.4627,23.2553,500,41155,0.869775,0.67,2,336862,336362,500
27667801,29.0925,41.4511,480,41206,0.869955,0.67,2,336888,336408,480
27670721,39.4185,29.0902,496,41257,0.869991,0.73,2,336930,336434,496
27673641,53.4837,37.018,514,41308,0.933998,0.73,2,336987,336473,514
27860521,35,35,530,44461,0.79,1,2,339154,338624,530
27863441,31,35.8,524,44508,0.758,1,2,339184,338660,524
27910161,395,451.96,454,20440,0.1596,0.43,1,339670,339216,454
27913081,147.8,147.992,468,20544,0.03992,0.35,1,339756,339288,468
27916001,120.76,99.1984,495,20647,0.079984,0.21,1,339870,339375,495
27918921,68.152,91.0397,461,20750,0.103997,0.15,1,339925,339464,461
27921841,48.8304,67.8079,443,20852,0.108799,0.07,1,339969,339526,443
27924761,80.9661,58.3616,476,20954,0.14176,0.05,1,340058,339582,476
27927681,32.1932,55.6723,441,21055,0.132352,0.03,1,340078,339637,441
27930601,17.6386,30.3345,431,21156,0.19447,0.01,1,340092,339661,431
27933521,73.9277,82.0669,424,21256,0.238894,0.09,1,340180,339756,424
27936441,107.586,107.613,426,21356,0.311779,0.11,1,340296,339870,426
27939361,66.3171,65.5227,427,21455,0.326356,0.11,1,340352,339925,427
27942281,48.4634,48.3045,427,21554,0.297271,0.15,1,340396,339969,427
27945201,81.6927,80.8609,428,21652,0.307454,0.13,1,340486,340058,428
27948121,33.9385,32.1722,430,21750,0.325491,0.21,1,340508,340078,430
27951041,18.7877,17.6344,431,21848,0.361098,0.25,1,340523,340092,431
27953961,74.9575,73.9269,432,21945,0.41622,0.33,1,340612,340180,432
27956881,110.992,107.585,436,22042,0.475244,0.33,1,340732,340296,436
27959801,66.9983,66.3171,436,22138,0.503049,0.29,1,340788,340352,436
27962721,48.5997,48.4634,436,22234,0.50861,0.31,1,340832,340396,436
27965641,83.3199,81.6927,438,22329,0.541722,0.33,1,340924,340486,438
27968561,34.264,33.9385,438,22424,0.564344,0.37,1,340946,340508,438
27971481,20.4528,18.7877,440,22519,0.584869,0.37,1,340963,340523,440
27974401,75.2906,3.75754,529,22613,0.636974,0.43,1,341052,340523,529
27977321,113.458,71.9515,563,22707,0.663395,0.49,1,341175,340612,563
27980241,68.2916,110.39,500,22800,0.668679,0.51,1,341232,340732,500
27983161,48.8583,66.8781,488,22893,0.685736,0.51,1,341276,340788,488
27986081,87.3717,48.5756,541,22986,0.689147,0.55,1,341373,340832,541
27989001,35.0743,83.3151,471,23078,0.689829,0.57,1,341395,340924,471
27991921,21.4149,34.263,467,23170,0.689966,0.59,1,341413,340946,467
27994841,77.883,20.4526,542,23261,0.737993,0.65,1,341505,340963,542
27997761,114.777,75.2905,577,23352,0.811599,0.67,2,341629,341052,577
28000681,68.5553,113.458,511,23443,0.84232,0.67,2,341686,341175,511
28003601,49.7111,68.2916,499,23533,0.864464,0.69,2,341731,341232,499
28006521,87.5422,48.8583,552,23623,0.884893,0.69,2,341828,341276,552
28009441,35.1084,87.3717,477,23713,0.904979,0.69,2,341850,341373,477
28012361,21.4217,35.0743,473,23802,0.908996,0.69,2,341868,341395,473
28015281,80.2843,21.4149,550,23891,0.925799,0.75,2,341963,341413,550
28114561,39,132,511,26740,0.33,1,1,344036,343525,511
28117481,44.6,52.8,524,26819,0.314,1,1,344082,343558,524
28120401,36.12,39.36,522,26898,0.2468,1,1,344116,343594,522
28123321,36.824,39.872,519,26977,0.18536,1,1,344153,343634,519
28126241,35.3648,64.7744,483,27056,0.205072,0.97,1,344188,343705,483
28129161,46.273,47.3549,489,27134,0.161014,0.99,1,344237,343748,489
28132081,33.2546,37.471,484,27212,0.168203,0.83,1,344267,343783,484
28135001,59.4509,77.8942,462,27290,0.169641,0.41,1,344333,343871,462
28137921,95.8902,116.379,441,27368,0.217928,0.33,1,344438,343997,441
28140841,48.778,54.4758,439,27445,0.275586,0.31,1,344475,344036,439
28143761,44.1556,47.6952,436,27522,0.255117,0.23,1,344518,344082,436
28146681,29.6311,36.739,428,27599,0.283023,0.17,1,344544,344116,428
28149601,37.1262,36.9478,430,27676,0.304605,0.21,1,344583,344153,430
28152521,33.8252,35.3896,428,27753,0.324921,0.15,1,344616,344188,428
28155441,50.765,46.2779,434,27829,0.328984,0.17,1,344671,344237,434
28158361,30.953,33.2556,430,27905,0.313797,0.17,1,344697,344267,430
28161281,58.1906,59.4511,429,27981,0.326759,0.23,1,344762,344333,429
28164201,98.8381,95.8902,433,28057,0.393352,0.29,1,344871,344438,433
28167121,50.1676,48.778,434,28132,0.47067,0.25,1,344909,344475,434
28170041,42.8335,44.1556,432,28207,0.470134,0.29,1,344950,344518,432
28172961,30.9667,29.6311,434,28282,0.502027,0.31,1,344978,344544,434
28175881,39.7933,37.1262,437,28357,0.492405,0.31,1,345020,344583,437
28178801,32.7587,7.42524,468,28432,0.522481,0.33,1,345051,344583,468
28181721,50.5517,27.885,490,28506,0.528496,0.33,1,345106,344616,490
28184641,31.7103,49.577,462,28580,0.513699,0.31,1,345133,344671,462
28187561,59.1421,30.7154,502,28654,0.54274,0.33,1,345199,344697,502
28190481,102.228,58.1431,550,28728,0.564548,0.41,1,345312,344762,550
28193401,52.4457,98.8286,481,28802,0.58491,0.49,1,345352,344871,481
28196321,44.0891,50.1657,485,28876,0.604982,0.47,1,345394,344909,485
28199241,32.0178,42.8331,473,28949,0.608996,0.51,1,345423,344950,473
28202161,40.8036,30.9666,488,29022,0.641799,0.49,1,345466,344978,488
28205081,33.7607,39.7933,478,29095,0.68036,0.53,1,345498,345020,478
28208001,50.7521,32.7587,502,29168,0.688072,0.53,1,345553,345051,502
28210921,30.9504,50.5517,473,29241,0.721614,0.51,1,345579,345106,473
28213841,60.5901,31.7103,514,29313,0.776323,0.55,2,345647,345133,514
28216761,103.318,59.1421,562,29385,0.819265,0.57,2,345761,345199,562
28219681,53.4636,102.228,490,29457,0.827853,0.59,2,345802,345312,490
28222601,45.8927,52.4457,494,29529,0.845571,0.61,2,345846,345352,494
28225521,33.1785,44.0891,482,29601,0.865114,0.61,2,345876,345394,482
28228441,42.6357,32.0178,498,29673,0.853023,0.65,2,345921,345423,498
28231361,34.1271,40.8036,487,29744,0.882605,0.69,2,345953,345466,487
28234281,51.6254,33.7607,511,29815,0.920521,0.69,2,346009,345498,511
28237201,11.9251,50.7521,458,29886,0.896104,0.73,2,346011,345553,458
28240121,23.985,30.9504,459,29957,0.907221,0.79,2,346038,345579,459
28243041,62.397,60.5901,463,30028,0.925444,0.83,2,346110,345647,463
28371521,42,44,498,32986,0.73,1,1,348214,347716,498
28374441,41.2,51.2,486,33050,0.762,1,2,348255,347769,486
28377361,37.04,39.84,485,33114,0.7524,1,2,348291,347806,485
28380281,44.208,39.968,491,33178,0.71848,1,1,348337,347846,491
28383201,29.6416,41.5936,475,33242,0.679696,1,1,348363,347888,475
28386121,42.7283,35.5187,487,33306,0.655939,0.97,1,348409,347922,487
28389041,33.3457,32.7037,486,33370,0.619188,1,1,348440,347954,486
28391961,32.2691,44.9407,470,33433,0.595838,0.91,1,348472,348002,470
28394881,35.2538,39.3881,468,33496,0.623168,0.87,1,348508,348040,468
28397801,80.6508,84.6776,464,33559,0.596633,0.83,1,348600,348136,464
28400721,42.5302,45.7355,461,33622,0.591327,0.73,1,348633,348172,461
28403641,38.906,42.7471,457,33685,0.606265,0.77,1,348671,348214,457
28406561,44.5812,41.3494,462,33748,0.609253,0.75,1,348717,348255,462
28409481,36.9162,37.0699,461,33811,0.561851,0.71,1,348752,348291,461
28412401,40.1832,44.214,456,33874,0.55237,0.67,1,348793,348337,456
28415321,28.0366,29.6428,455,33936,0.566474,0.65,1,348818,348363,455
28418241,42.4073,42.7286,455,33998,0.553295,0.61,1,348864,348409,455
28421161,31.6815,33.3457,453,34060,0.598659,0.59,1,348893,348440,453
28424081,30.3363,32.2691,451,34122,0.575732,0.63,1,348923,348472,451
28427001,34.8673,35.2538,451,34184,0.539146,0.59,1,348959,348508,451
28429921,80.5734,80.6508,451,34246,0.627829,0.59,1,349051,348600,451
28432841,41.7147,16.1302,483,34308,0.613566,0.59,1,349083,348600,483
28435761,37.9429,29.626,487,34370,0.610713,0.61,1,349120,348633,487
28438681,43.5886,36.3252,494,34432,0.674143,0.61,1,349165,348671,494
28441601,35.1177,44.065,481,34493,0.686829,0.55,1,349198,348717,481
28444521,39.8235,36.813,487,34554,0.689366,0.55,1,349239,348752,487
28447441,27.9647,40.1626,471,34615,0.689873,0.57,1,349264,348793,471
28450361,43.9929,28.0325,494,34676,0.705975,0.55,1,349312,348818,494
28453281,32.7986,42.4065,478,34737,0.725195,0.61,1,349342,348864,478
28456201,30.5597,31.6813,479,34798,0.729039,0.57,1,349372,348893,479
28459121,33.3119,30.3363,483,34859,0.745808,0.53,1,349406,348923,483
28462041,83.4624,34.8673,543,34920,0.829162,0.65,2,349502,348959,543
28464961,43.0925,80.5734,484,34981,0.829832,0.61,2,349535,349051,484
28467881,37.4185,41.7147,488,35041,0.845966,0.61,2,349571,349083,488
28470801,46.6837,37.9429,500,35101,0.897193,0.69,2,349620,349120,500
28473721,35.7367,43.5886,488,35161,0.939439,0.69,2,349653,349165,488
28625561,29,42,516,38163,0.71,1,1,351698,351182,516
28628481,25.8,42.8,498,38218,0.742,1,1,351723,351225,498
28631401,45.16,32.56,518,38273,0.6844,1,1,351773,351255,518
28634321,83.432,33.712,577,38328,0.54488,1,1,351866,351289,577
28637241,38.2864,85.1424,506,38383,0.500976,1,1,351893,351387,506
28640161,30.0573,43.4285,501,38438,0.476195,1,1,351921,351420,501
28643081,27.6115,32.6857,498,38493,0.439239,1,1,351948,351450,498
28646001,37.5223,27.3371,512,38548,0.463848,1,1,351988,351476,512
28648921,26.7045,35.0674,499,38603,0.43677,1,1,352012,351513,499
28651841,14.9409,30.2135,482,38658,0.431354,1,1,352024,351542,482
28654761,20.5882,34.8427,468,38713,0.446271,0.96,1,352046,351578,468
28657681,27.3176,31.7685,466,38768,0.449254,0.77,1,352075,351609,466
28660601,51.0635,54.3537,463,38822,0.417851,0.71,1,352132,351669,463
28663521,31.8127,34.0707,461,38876,0.42757,0.75,1,352159,351698,461
28666441,24.7625,26.8141,459,38930,0.445514,0.67,1,352182,351723,459
28669361,41.7525,45.3628,455,38984,0.513103,0.51,1,352228,351773,455
28672281,75.5505,83.4726,446,39038,0.558621,0.49,1,352312,351866,446
28675201,35.9101,38.2945,445,39092,0.583724,0.47,1,352338,351893,445
28678121,29.582,30.0589,445,39146,0.604745,0.43,1,352366,351921,445
28681041,29.9164,27.6118,448,39200,0.624949,0.47,1,352396,351948,448
28683961,34.7833,37.5224,444,39254,0.64499,0.43,1,352432,351988,444
28686881,25.3567,26.7045,443,39308,0.664998,0.43,1,352455,352012,443
28689801,12.2713,14.9409,440,39362,0.653,0.45,1,352464,352024,440
28692721,21.6543,20.5882,442,39416,0.6346,0.45,1,352488,352046,442
28695641,29.1309,27.3176,444,39470,0.71092,0.41,1,352519,352075,444
28698561,49.8262,51.0635,442,39524,0.742184,0.43,1,352574,352132,442
28701481,32.3652,31.8127,443,39577,0.764437,0.45,2,352602,352159,443
28704401,24.873,24.7625,443,39630,0.768887,0.53,2,352625,352182,443
28707321,44.9746,41.7525,447,39683,0.737777,0.57,1,352675,352228,447
28710241,76.9949,75.5505,448,39736,0.747555,0.59,1,352760,352312,448
28713161,38.599,35.9101,451,39789,0.765511,0.61,2,352789,352338,451
28716081,31.7198,29.582,453,39842,0.737102,0.63,1,352819,352366,453
28719001,28.744,29.9164,451,39895,0.73142,0.65,1,352847,352396,451
28721921,35.3488,34.7833,452,39948,0.762284,0.67,2,352884,352432,452
28724841,26.2698,25.3567,453,40001,0.784457,0.65,2,352908,352455,453
28727761,11.654,12.2713,452,40054,0.788891,0.63,2,352916,352464,452
28730681,22.3308,21.6543,453,40107,0.853778,0.63,2,352941,352488,453
28733601,30.8662,4.33085,486,40160,0.818756,0.73,2,352974,352488,486
28736521,50.9732,25.6662,511,40213,0.811751,0.75,2,353030,352519,511
28739441,33.3946,49.1332,485,40266,0.84235,0.77,2,353059,352574,485
28742361,25.0789,32.2266,480,40318,0.86447,0.77,2,353082,352602,480
28745281,44.2158,24.8453,506,40370,0.852894,0.73,2,353131,352625,506
28748201,76.8432,44.9691,541,40422,0.898579,0.75,2,353216,352675,541
28751121,39.3686,76.9938,486,40474,0.923716,0.77,2,353246,352760,486
28940921,125,132,492,19925,0.01,0.65,1,355614,355122,492
28943841,83.4,85.6,491,20031,0.074,0.21,1,355687,355196,491
28946761,61.48,86.72,460,20137,0.1028,0.05,1,355743,355283,460
28949681,71.496,62.944,477,20242,0.06056,0.03,1,355817,355340,477
28952601,35.0992,68.5888,433,20347,0.036112,0.03,1,355843,355410,433
28955521,60.6198,30.5178,479,20451,0.0152224,0.07,1,355910,355431,479
28958441,114.524,52.5036,549,20555,0.0590445,0.01,1,356038,355489,549
28961361,82.1048,110.501,498,20658,0.0358089,0.09,1,356112,355614,498
28964281,61.221,80.5001,481,20761,0.111162,0.11,1,356168,355687,481
28967201,69.8442,60.9,497,20863,0.190232,0.05,1,356240,355743,497
28970121,34.7688,71.38,449,20965,0.238046,0.03,1,356266,355817,449
28973041,8.55377,35.076,425,21066,0.247609,0.01,1,356268,355843,425
28975961,52.9108,60.6152,422,21167,0.185522,0.07,1,356332,355910,422
28978881,115.382,114.523,425,21267,0.173104,0.03,1,356463,356038,425
28981801,81.4764,82.1046,424,21367,0.170621,0.13,1,356536,356112,424
28984721,64.2953,61.2209,428,21466,0.138124,0.21,1,356596,356168,428
28987641,75.2591,69.8442,434,21565,0.179625,0.25,1,356674,356240,434
28990561,34.2518,34.7688,432,21663,0.187925,0.25,1,356698,356266,432
28993481,8.45036,8.55377,432,21761,0.157585,0.17,1,356700,356268,432
28996401,49.6901,52.9108,428,21858,0.183517,0.17,1,356760,356332,428
28999321,114.738,115.382,428,21955,0.236703,0.17,1,356891,356463,428
29002241,81.3476,81.4764,428,22052,0.295341,0.13,1,356964,356536,428
29005161,64.2695,64.2953,428,22148,0.307068,0.19,1,357024,356596,428
29008081,76.0539,75.2591,429,22244,0.309414,0.19,1,357103,356674,429
29011001,34.4108,34.2518,429,22339,0.309883,0.15,1,357127,356698,429
29013921,8.48216,8.45036,429,22434,0.309977,0.19,1,357129,356700,429
29016841,49.6964,49.6901,429,22529,0.373995,0.19,1,357189,356760,429
29019761,117.939,9.93801,564,22623,0.386799,0.25,1,357324,356760,564
29022681,82.7879,106.788,507,22717,0.40536,0.31,1,357398,356891,507
29025601,65.3576,79.7575,495,22810,0.457072,0.31,1,357459,356964,495
29028521,77.0715,63.9515,515,22903,0.531414,0.31,1,357539,357024,515
29031441,36.2143,75.9903,462,22996,0.546283,0.31,1,357565,357103,462
29034361,8.84286,34.3981,440,23088,0.549257,0.31,1,357567,357127,440
29037281,51.3686,8.47961,500,23180,0.549851,0.39,1,357629,357129,500
29040201,118.274,49.6959,575,23271,0.53397,0.39,1,357764,357189,575
29043121,84.4547,117.939,516,23362,0.578794,0.41,1,357840,357324,516
29046041,67.2909,82.7878,505,23453,0.571759,0.47,1,357903,357398,505
29048961,80.6582,65.3576,528,23543,0.634352,0.55,1,357987,357459,528
29051881,36.9316,77.0715,474,23633,0.64687,0.55,1,358013,357539,474
29054801,8.98633,36.2143,450,23723,0.649374,0.55,1,358015,357565,450
29057721,51.3973,8.84286,510,23812,0.681875,0.55,1,358077,357567,510
29060641,118.279,51.3686,583,23901,0.784375,0.53,2,358212,357629,583
29063561,25.2559,118.274,450,23990,0.804875,0.59,2,358214,357764,450
29066481,66.6512,84.4547,451,24078,0.872975,0.57,2,358291,357840,451
29069401,62.9302,67.2909,450,24166,0.902595,0.65,2,358353,357903,450
29171601,33,25,514,27065,0.71,1,1,360396,359882,514
29174521,25.8,27.4,510,27143,0.694,1,1,360420,359910,510
29177441,17.96,27.88,498,27221,0.6588,0.99,1,360436,359938,498
29180361,111.592,120.776,489,27299,0.41176,1,1,360571,360082,489
29183281,49.5184,46.5552,495,27377,0.298352,1,1,360605,360110,495
29186201,38.7037,52.511,477,27454,0.38767,1,1,360641,360164,477
29189121,64.5407,67.3022,477,27531,0.341534,0.89,1,360712,360235,477
29192041,84.1082,94.2604,465,27608,0.284307,0.83,1,360801,360336,465
29194961,37.6216,40.4521,464,27685,0.304861,0.71,1,360827,360363,464
29197881,30.7243,34.4904,460,27761,0.324972,0.69,1,360856,360396,460
29200801,22.9449,26.0981,457,27837,0.344994,0.65,1,360877,360420,457
29203721,15.789,18.0196,455,27913,0.316999,0.35,1,360891,360436,455
29206641,95.9578,111.604,436,27989,0.3274,0.27,1,361007,360571,436
29209561,47.1916,49.5208,437,28065,0.32948,0.41,1,361042,360605,437
29212481,39.8383,38.7042,439,28140,0.329896,0.33,1,361080,360641,439
29215401,62.3677,64.5408,436,28215,0.361979,0.27,1,361148,360712,436
29218321,81.2735,84.1082,433,28290,0.432396,0.31,1,361234,360801,433
29221241,40.2547,37.6216,437,28365,0.462479,0.31,1,361264,360827,437
29224161,29.6509,7.52433,464,28440,0.436496,0.33,1,361291,360827,464
29227081,25.1302,24.7049,459,28514,0.431299,0.35,1,361315,360856,459
29230001,13.026,21.741,448,28588,0.43026,0.31,1,361325,360877,448
29232921,96.2052,15.5482,551,28662,0.494052,0.33,1,361442,360891,551
29235841,48.841,95.9096,472,28736,0.53881,0.33,1,361479,361007,472
29238761,38.5682,47.1819,473,28810,0.547762,0.33,1,361515,361042,473
29241681,66.1136,39.8364,508,28883,0.565552,0.37,1,361588,361080,508
29244601,83.6227,62.3673,528,28956,0.537111,0.45,1,361676,361148,528
29247521,40.7245,81.2735,472,29029,0.579422,0.47,1,361706,361234,472
29250441,29.7449,40.2547,469,29102,0.571884,0.43,1,361733,361264,469
29253361,25.149,29.6509,466,29175,0.570377,0.43,1,361757,361291,466
29256281,13.0298,25.1302,452,29248,0.570075,0.43,1,361767,361315,452
29259201,99.406,13.026,563,29320,0.634015,0.51,1,361888,361325,563
29262121,51.0812,96.2052,485,29392,0.694803,0.55,1,361927,361442,485
29265041,39.0162,48.841,484,29464,0.738961,0.55,1,361963,361479,484
29267961,67.0032,38.5682,522,29536,0.811792,0.57,2,362037,361515,522
29270881,83.8007,66.1136,537,29608,0.858358,0.53,2,362125,361588,537
29273801,41.5601,83.6227,480,29679,0.899672,0.59,2,362156,361676,480
29276721,29.112,40.7245,476,29750,0.923934,0.57,2,362182,361706,476
29279641,25.0224,29.7449,473,29821,0.928787,0.57,2,362206,361733,473
29282561,6.60448,25.149,451,29892,0.929757,0.57,2,362208,361757,451
29285481,10.1209,13.0298,452,29963,0.945951,0.65,2,362219,361767,452
29425641,35,33,495,33182,0.61,1,1,364578,364083,495
29428561,32.6,27.4,501,33246,0.514,1,1,364610,364109,501
29431481,35.32,16.68,523,33310,0.3988,1,1,364646,364123,523
29434401,32.664,28.136,524,33373,0.21576,1,1,364678,364154,524
29437321,47.3328,70.4272,494,33436,0.051152,1,1,364729,364235,494
29440241,36.6666,38.8854,497,33499,0.0182304,1,1,364763,364266,497
29443161,30.5333,34.9771,492,33562,0.0276461,1,1,364792,364300,492
29446081,31.7067,29.3954,496,33625,0.00552922,0.99,1,364824,364328,496
29449001,64.7413,70.6791,488,33688,0.00110584,0.85,1,364897,364409,488
29451921,73.7483,92.5358,466,33751,0.0722212,0.77,1,364973,364507,466
29454841,35.5497,47.3072,456,33814,0.0544442,0.61,1,364999,364543,456
29457761,30.3099,37.4614,450,33877,0.0348888,0.49,1,365028,364578,450
29460681,25.262,33.0923,442,33939,0.0789778,0.37,1,365052,364610,442
29463601,26.6524,35.4185,433,34001,0.0397956,0.17,1,365079,364646,433
29466521,25.3305,32.6837,426,34063,0.0639591,0.01,1,365104,364678,426
29469441,42.6661,47.3367,422,34125,0.0847918,0.01,1,365151,364729,422
29472361,35.7332,36.6673,422,34187,0.0569584,0.03,1,365185,364763,422
29475281,31.9466,30.5335,424,34249,0.0113917,0.03,1,365216,364792,424
29478201,29.5893,6.10669,453,34311,0.00227833,0,1,365245,364792,453
29481121,65.9179,26.8213,496,34373,0.0244557,0,1,365320,364824,496
29484041,73.9836,63.7643,499,34435,0.0608911,0.09,1,365396,364897,499
29486961,33.9967,73.5529,447,34496,0.0361782,0.05,1,365420,364973,447
29489881,31.5993,35.5106,452,34557,0.0152356,0.03,1,365451,364999,452
29492801,25.5199,30.3021,447,34618,0.0110471,0.09,1,365475,365028,447
29495721,27.504,25.2604,451,34679,0.0422094,0.03,1,365503,365052,451
29498641,27.9008,26.6521,452,34740,0.0644419,0.07,1,365531,365079,452
29501561,38.3802,25.3304,468,34801,0.100888,0.09,1,365572,365104,468
29504481,34.876,42.6661,455,34862,0.0441777,0.05,1,365606,365151,455
29507401,31.7752,35.7332,452,34923,0.0488355,0,1,365637,365185,452
29510321,29.555,31.9466,450,34984,0.00976711,0,1,365666,365216,450
29513241,66.711,29.5893,497,35044,0.00995342,0.03,1,365742,365245,497
29516161,74.1422,65.9179,498,35104,0.0739907,0.07,1,365818,365320,498
29519081,33.2284,73.9836,445,35164,0.0707981,0.03,1,365841,365396,445
29522001,33.0457,33.9967,454,35224,0.0861596,0.01,1,365874,365420,454
29524921,25.0091,31.5993,446,35284,0.105232,0.01,1,365897,365451,446
29527841,28.2018,25.5199,451,35344,0.109046,0.05,1,365926,365475,451
29530761,28.8404,27.504,452,35404,0.0938093,0.07,1,365955,365503,452
29533681,36.1681,27.9008,462,35464,0.0907619,0.11,1,365993,365531,462
29536601,34.4336,38.3802,455,35524,0.0901524,0.03,1,366027,365572,455
29539521,31.6867,34.876,452,35584,0.0740305,0.05,1,366058,365606,452
29542441,29.5373,31.7752,450,35643,0.0228061,0,1,366087,365637,450
29545361,7.50747,29.555,423,35702,0.00456122,0.01,1,366089,365666,423
29548281,62.3015,66.711,423,35761,0.000912244,0.09,1,366165,365742,423
29551201,75.6603,74.1422,426,35820,0.0561824,0.07,1,366244,365818,426
29554121,34.3321,33.2284,427,35879,0.0672365,0.09,1,366268,365841,427
29557041,32.4664,33.0457,426,35938,0.101447,0.11,1,366300,365874,426
29559961,24.0933,25.0091,425,35997,0.156289,0.11,1,366322,365897,425
29562881,29.6187,28.2018,427,36056,0.119258,0.09,1,366353,365926,427
29565801,29.1237,28.8404,427,36115,0.143852,0.09,1,366382,365955,427
29568721,35.4247,36.1681,426,36174,0.18077,0.09,1,366419,365993,426
29571641,32.6849,34.4336,424,36232,0.236154,0.07,1,366451,366027,424
29574561,32.137,31.6867,425,36290,0.215231,0.01,1,366483,366058,425
29577481,27.2274,29.5373,422,36348,0.179046,0,1,366509,366087,422
29580401,7.04548,7.50747,422,36406,0.139809,0,1,366511,366089,422
29583321,63.0091,62.3015,423,36464,0.0519618,0.07,1,366588,366165,423
29586241,77.4018,75.6603,425,36522,0.0343924,0.07,1,366669,366244,425
29589161,35.4804,34.3321,426,36580,0.0468785,0.11,1,366694,366268,426
29592081,34.2961,32.4664,428,36638,0.0333757,0.17,1,366728,366300,428
29595001,24.4592,24.0933,428,36696,0.0306751,0.11,1,366750,366322,428
29597921,28.8918,29.6187,427,36754,0.030135,0.15,1,366780,366353,427
29600841,30.5784,29.1237,429,36811,0.014027,0.19,1,366811,366382,429
29603761,37.3157,35.4247,431,36868,0.0428054,0.25,1,366850,366419,431
29606681,33.8631,32.6849,432,36925,0.0805611,0.21,1,366883,366451,432
29609601,32.3726,32.137,432,36982,0.120112,0.17,1,366915,366483,432
29612521,19.2745,27.2274,422,37039,0.128022,0.13,1,366931,366509,422
29615441,5.4549,7.04548,422,37096,0.129604,0.03,1,366933,366511,422
29618361,63.491,63.0091,423,37153,0.129921,0.03,1,367011,366588,423
29621281,76.6982,12.6018,503,37210,0.113984,0.03,1,367091,366588,503
29624201,34.5396,67.3204,446,37267,0.110797,0.05,1,367115,366669,446
29627121,34.9079,33.4641,456,37324,0.0941594,0.03,1,367150,366694,456
29630041,24.5816,33.8928,444,37381,0.106832,0.03,1,367172,366728,444
29632961,28.9163,24.3786,452,37438,0.109366,0.03,1,367202,366750,452
29635881,29.7833,28.8757,452,37494,0.109873,0.01,1,367232,366780,452
29638801,38.7567,30.5751,462,37550,0.109975,0.05,1,367273,366811,462
29641721,35.7513,37.315,458,37606,0.125995,0.09,1,367308,366850,458
29644641,32.7503,33.863,457,37662,0.129199,0.13,1,367340,366883,457
29647561,19.3501,32.3726,441,37718,0.14584,0.13,1,367356,366915,441
29650481,5.47001,19.2745,427,37774,0.149168,0.13,1,367358,366931,427
29653401,65.094,5.4549,505,37830,0.181834,0.13,1,367438,366933,505
29656321,76.2188,63.491,506,37886,0.172367,0.11,1,367517,367011,506
29659241,34.4438,76.6982,450,37942,0.170473,0.11,1,367541,367091,450
29662161,33.2888,34.5396,459,37998,0.234095,0.09,1,367574,367115,459
29665081,25.8578,34.9079,448,38054,0.246819,0.11,1,367598,367150,448
29668001,29.1715,24.5816,456,38110,0.249364,0.11,1,367628,367172,456
29670921,29.8343,28.9163,456,38165,0.281873,0.11,1,367658,367202,456
29673841,38.7669,29.7833,467,38220,0.304375,0.11,1,367699,367232,467
29676761,36.5534,38.7567,462,38275,0.356875,0.13,1,367735,367273,462
29679681,33.7107,35.7513,460,38330,0.383375,0.13,1,367768,367308,460
29682601,20.3421,32.7503,445,38385,0.388675,0.15,1,367785,367340,445
29685521,5.66843,19.3501,431,38440,0.389735,0.15,1,367787,367356,431
29688441,65.9337,5.47001,510,38495,0.389947,0.19,1,367868,367358,510
29691361,75.5867,65.094,508,38550,0.421989,0.17,1,367946,367438,508
29694281,35.1173,76.2188,454,38605,0.412398,0.17,1,367971,367517,454
29697201,8.62347,34.4438,432,38660,0.44248,0.25,1,367973,367541,432
29700121,29.7247,33.2888,434,38715,0.464496,0.25,1,368008,367574,434
29703041,25.1449,25.8578,434,38770,0.500899,0.25,1,368032,367598,434
29705961,30.629,29.1715,436,38824,0.54018,0.29,1,368064,367628,436
29708881,30.1258,29.8343,436,38878,0.548036,0.31,1,368094,367658,436
29711801,40.4252,38.7669,438,38932,0.581607,0.37,1,368137,367699,438
29714721,38.485,36.5534,440,38986,0.620321,0.39,1,368175,367735,440
29717641,34.897,33.7107,441,39040,0.628064,0.39,1,368209,367768,441
29720561,20.5794,20.3421,441,39094,0.645613,0.39,1,368226,367785,441
29723481,5.71588,5.66843,441,39148,0.649123,0.39,1,368228,367787,441
29726401,65.9432,65.9337,441,39202,0.713825,0.43,1,368309,367868,441
29729321,77.1886,75.5867,443,39256,0.710765,0.41,1,368389,367946,443
29732241,36.2377,35.1173,444,39310,0.710153,0.45,1,368415,367971,444
29735161,8.84755,8.62347,444,39364,0.710031,0.47,1,368417,367973,444
29738081,30.5695,29.7247,445,39418,0.742006,0.51,1,368453,368008,445
29741001,26.1139,25.1449,446,39472,0.796401,0.55,2,368478,368032,446
29743921,33.2228,30.629,449,39526,0.80728,0.55,2,368513,368064,449
29746841,31.4446,30.1258,450,39579,0.825456,0.59,2,368544,368094,450
29749761,39.8889,40.4252,449,39632,0.797091,0.63,2,368586,368137,449
29752681,39.9778,38.485,451,39685,0.807418,0.63,2,368626,368175,451
29755601,36.7956,34.897,453,39738,0.777484,0.65,2,368662,368209,453
29758521,21.7591,20.5794,454,39791,0.819497,0.65,2,368680,368226,454
29761441,5.95182,5.71588,454,39844,0.827899,0.73,2,368682,368228,454
29764361,67.5904,65.9432,456,39897,0.79758,0.71,2,368765,368309,456
29767281,78.3181,77.1886,457,39950,0.887516,0.71,2,368846,368389,457
29770201,37.2636,36.2377,458,40003,0.889503,0.71,2,368873,368415,458
29773121,9.05272,8.84755,458,40056,0.889901,0.75,2,368875,368417,458
29776041,31.4105,30.5695,459,40109,0.90598,0.75,2,368912,368453,459
29778961,26.2821,6.1139,484,40162,0.861196,0.81,2,368937,368453,484
29781881,34.8564,21.2228,496,40215,0.852239,0.81,2,368974,368478,496
29784801,30.9713,32.2446,491,40268,0.850448,0.83,2,369004,368513,491
29787721,39.7943,31.2489,502,40320,0.86609,0.79,2,369046,368544,502
29790641,40.7589,39.8498,501,40372,0.869218,0.81,2,369087,368586,501
29793561,35.3518,39.97,495,40424,0.885844,0.77,2,369121,368626,495
29796481,22.2704,36.794,478,40476,0.873169,0.83,2,369140,368662,478
29799401,6.05407,21.7588,462,40528,0.870634,0.83,2,369142,368680,462
29802321,67.6108,5.95176,543,40580,0.902127,0.79,2,369225,368682,543
29936641,27,18,521,42907,0.71,1,1,370870,370349,521
29938101,34.2,26,529,42956,0.598,1,1,370906,370377,529
29983361,390.84,454.8,447,18980,0.1596,0.45,1,371386,370939,447
29986281,128.568,125.36,467,19818,0.05592,0.03,1,371449,370982,467
29989201,70.5136,89.072,443,19925,0.035184,0.03,1,371505,371062,443
29992121,131.703,67.4144,528,20031,0.127037,0.07,1,371652,371124,528
29995041,67.9405,112.683,456,20137,0.129407,0.03,1,371704,371248,456
29997961,71.9881,68.1366,472,20242,0.0498815,0.01,1,371777,371305,472
30000881,30.3976,54.4273,441,20347,0.0659763,0.05,1,371797,371356,441
30003801,64.4795,34.8855,484,20451,0.0691953,0.03,1,371870,371386,484
30006721,61.6959,57.3771,482,20555,0.0858391,0.03,1,371931,371449,482
30009641,131.539,56.2754,575,20658,0.153168,0.15,1,372080,371505,575
30012561,65.5078,128.855,477,20761,0.182634,0.13,1,372129,371652,477
30015481,69.1016,67.371,495,20863,0.156527,0.03,1,372199,371704,495
30018401,31.4203,71.8742,444,20965,0.167305,0.07,1,372221,371777,444
30021321,7.88406,30.3748,426,21066,0.169461,0.07,1,372223,371797,426
30024241,58.3768,64.475,424,21167,0.217892,0.09,1,372294,371870,424
30027161,60.4754,61.695,424,21267,0.259578,0.17,1,372355,371931,424
30030081,136.095,131.539,430,21367,0.139916,0.19,1,372510,372080,430
30033001,67.219,65.5078,431,21466,0.0999831,0.15,1,372560,372129,431
30035921,68.6438,69.1016,430,21565,0.187997,0.17,1,372629,372199,430
30038841,31.3288,31.4203,430,21663,0.189599,0.17,1,372651,372221,430
30041761,7.86575,7.88406,430,21761,0.18992,0.23,1,372653,372223,430
30044681,60.7732,58.3768,433,21858,0.237984,0.27,1,372727,372294,433
30047601,62.5546,60.4754,435,21955,0.247597,0.11,1,372790,372355,435
30050521,128.511,136.095,425,22052,0.329519,0.09,1,372935,372510,425
30053441,66.5022,67.219,426,22148,0.361904,0.21,1,372986,372560,426
30056361,71.7004,68.6438,430,22244,0.320381,0.19,1,373059,372629,430
30059281,32.7401,31.3288,431,22339,0.296076,0.19,1,373082,372651,431
30062201,8.14802,7.86575,431,22434,0.323215,0.25,1,373084,372653,431
30065121,63.2296,60.7732,434,22529,0.296643,0.25,1,373161,372727,434
30068041,62.2459,12.1546,496,22623,0.323329,0.25,1,373223,372727,496
30070961,131.649,52.8309,582,22717,0.312666,0.35,1,373372,372790,582
30073881,67.1298,126.566,488,22810,0.342533,0.37,1,373423,372935,488
30076801,69.426,66.1132,507,22903,0.396507,0.31,1,373493,372986,507
30079721,33.0852,71.6226,458,22996,0.423301,0.29,1,373517,373059,458
30082641,8.21704,32.7245,437,23088,0.42866,0.33,1,373519,373082,437
30085561,63.2434,8.14491,512,23180,0.477732,0.29,1,373596,373084,512
30088481,63.8487,63.229,499,23271,0.503546,0.33,1,373660,373161,499
30091401,131.17,62.2458,585,23362,0.556709,0.31,1,373808,373223,585
30094321,69.4339,131.649,490,23453,0.583342,0.35,1,373862,373372,490
30097241,72.2868,67.1298,512,23543,0.604668,0.41,1,373935,373423,512
30100161,33.6574,69.426,466,23633,0.640934,0.43,1,373959,373493,466
30103081,8.33147,33.0852,444,23723,0.648187,0.43,1,373961,373517,444
30106001,65.6663,8.21704,522,23812,0.681637,0.49,1,374041,373519,522
30108921,65.1333,63.2434,510,23901,0.720327,0.51,1,374106,373596,510
30111841,14.6267,63.8487,448,23990,0.728065,0.57,1,374108,373660,448
30114761,122.925,131.17,450,24078,0.825613,0.59,2,374258,373808,450
30117681,69.3851,69.4339,452,24166,0.845123,0.61,2,374314,373862,452
30120601,73.877,72.2868,454,24254,0.849025,0.65,2,374389,373935,454
30123521,33.9754,33.6574,454,24341,0.865805,0.65,2,374413,373959,454
30126441,8.39508,8.33147,454,24428,0.869161,0.69,2,374415,373961,454
30246161,51,34,493,27761,0.89,1,2,376843,376350,493
30249081,47.8,27.6,514,27837,0.794,1,2,376890,376376,514
30252001,35.96,31.12,515,27913,0.6788,1,1,376923,376408,515
30254921,31.992,40.624,503,27989,0.59176,1,1,376954,376451,503
30257841,31.9984,44.1248,490,28065,0.446352,1,1,376986,376496,490
30260761,120,123.225,489,28140,0.14527,1,1,377128,376639,489
30263681,55.1999,52.645,493,28215,0.117054,0.93,1,377167,376674,493
30266601,69.44,77.729,482,28290,0.0954108,0.89,1,377240,376758,482
30269521,31.488,42.7458,470,28365,0.0590822,0.89,1,377262,376792,470
30272441,40.6976,8.54916,513,28440,0.0678164,0.89,1,377305,376792,513
30275361,36.1395,42.5098,497,28514,0.0535633,0.77,1,377340,376843,497
30278281,30.4279,46.102,479,28588,0.0507127,0.65,1,377369,376890,479
30281201,26.8856,35.6204,472,28662,0.0181425,0.57,1,377395,376923,472
30284121,25.3771,31.9241,466,28736,0.0596285,0.41,1,377420,376954,466
30287041,110.675,31.9848,566,28810,0.131926,0.07,1,377552,376986,566
30289961,50.9351,119.997,460,28883,0.162385,0.11,1,377588,377128,460
30292881,69.387,55.1994,495,28956,0.136477,0.09,1,377662,377167,495
30295801,30.6774,69.4399,443,29029,0.163295,0.05,1,377683,377240,443
30298721,42.1355,31.488,466,29102,0.184659,0.07,1,377728,377262,466
30301641,35.6271,40.6976,457,29175,0.140932,0.05,1,377762,377305,457
30304561,30.3254,36.1395,451,29248,0.212186,0.05,1,377791,377340,451
30307481,28.4651,30.4279,450,29320,0.162437,0.01,1,377819,377369,450
30310401,26.493,26.8856,450,29392,0.152487,0.07,1,377845,377395,450
30313321,113.299,25.3771,560,29464,0.230497,0.15,1,377980,377420,560
30316241,52.2597,110.675,465,29536,0.310099,0.17,1,378017,377552,465
30319161,70.4519,50.9351,504,29608,0.34202,0.13,1,378092,377588,504
30322081,30.0904,69.387,450,29679,0.364404,0.17,1,378112,377662,450
30325001,42.0181,30.6774,474,29750,0.368881,0.19,1,378157,377683,474
30327921,35.6036,42.1355,463,29821,0.401776,0.13,1,378191,377728,463
30330841,8.72072,35.6271,431,29892,0.408355,0.23,1,378193,377762,431
30333761,24.9441,30.3254,431,29963,0.457671,0.15,1,378222,377791,431
30336681,25.7888,28.4651,429,30034,0.467534,0.15,1,378248,377819,429
30339601,28.3578,26.493,432,30104,0.469507,0.25,1,378277,377845,432
30342521,117.672,113.299,437,30174,0.501901,0.33,1,378417,377980,437
30345441,53.1343,52.2597,437,30244,0.55638,0.35,1,378454,378017,437
30348361,73.0269,70.4519,440,30314,0.567276,0.37,1,378532,378092,440
30351281,30.6054,30.0904,440,30384,0.569455,0.37,1,378552,378112,440
30354201,43.7211,42.0181,442,30454,0.601891,0.41,1,378599,378157,442
30357121,35.9442,35.6036,442,30523,0.656378,0.41,1,378633,378191,442
30360041,8.78884,8.72072,442,30592,0.667276,0.47,1,378635,378193,442
30362961,25.7578,24.9441,443,30661,0.653455,0.47,1,378665,378222,443
30365881,25.9516,25.7888,443,30730,0.666691,0.47,1,378691,378248,443
30368801,28.3903,28.3578,443,30799,0.685338,0.51,1,378720,378277,443
30371721,121.678,117.672,448,30868,0.769068,0.57,2,378865,378417,448
30374641,55.5356,53.1343,450,30937,0.737814,0.57,1,378904,378454,450
30377561,73.5071,73.0269,450,31005,0.779563,0.57,2,378982,378532,450
30380481,31.5014,30.6054,451,31073,0.787913,0.61,2,379003,378552,451
30383401,45.5003,43.7211,453,31141,0.805583,0.67,2,379052,378599,453
30386321,36.3001,35.9442,453,31209,0.777117,0.67,2,379086,378633,453
30389241,8.86001,8.78884,453,31277,0.803423,0.67,2,379088,378635,453
30392161,25.772,1.75777,483,31345,0.792685,0.65,2,379118,378635,483
30395081,26.7544,24.3516,480,31413,0.774537,0.67,2,379145,378665,480
30398001,27.7509,25.6703,482,31480,0.770907,0.69,2,379173,378691,482
30400921,125.55,28.3341,603,31547,0.850181,0.79,2,379323,378720,603
30403841,55.51,121.667,496,31614,0.866036,0.73,2,379361,378865,496
30406761,75.102,55.5334,537,31681,0.901207,0.79,2,379441,378904,537
30409681,31.8204,73.5067,480,31748,0.892242,0.79,2,379462,378982,480
30412601,45.5641,31.5013,508,31815,0.906448,0.81,2,379511,379003,508
30415521,37.1128,45.5003,494,31881,0.89329,0.77,2,379546,379052,494
30418441,9.02256,36.3001,462,31947,0.890658,0.81,2,379548,379086,462
30421361,25.8045,8.86001,490,32013,0.906132,0.79,2,379578,379088,490
30424281,25.9609,25.772,486,32079,0.909226,0.77,2,379604,379118,486
30427201,27.5922,26.7544,487,32145,0.925845,0.77,2,379632,379145,487
30562981,71,85,498,15606,0.53,0.55,1,381928,381430,498
30565901,66.2,93.8,467,15742,0.562,0.47,1,381993,381526,467
30568821,53.24,65.16,459,15877,0.6004,0.41,1,382043,381584,459
30571741,81.848,41.032,513,16011,0.64008,0.43,1,382132,381619,513
30574661,153.17,198.606,446,16144,0.712016,0.53,1,382303,381857,446
30577581,89.0339,96.5213,448,16276,0.774403,0.57,2,382376,381928,448
30580501,71.4068,71.3043,450,16406,0.786881,0.61,2,382443,381993,450
30583421,55.8814,54.2609,452,16535,0.821376,0.65,2,382495,382043,452
30586341,83.9763,82.0522,454,16663,0.876275,0.65,2,382586,382132,454
30589261,154.395,16.4104,626,16790,0.919255,0.73,2,382758,382132,626
30659341,37,53,488,19599,0.79,1,2,384743,384255,488
30662261,49.8,10.6,541,19707,0.534,1,1,384796,384255,541
30665181,61.96,61.32,532,19815,0.2428,1,1,384861,384329,532
30668101,92.392,53.064,581,19922,0.07256,1,1,384961,384380,581
30671021,159.278,87.4128,661,20028,0.038512,0.87,1,385137,384476,661
30673941,57.4557,173.483,498,20134,0.0637024,0.89,1,385169,384671,498
30676861,32.2911,62.6965,489,20239,0.0847405,0.79,1,385195,384706,489
30679781,42.4582,42.1393,497,20344,0.0249481,0.47,1,385240,384743,497
30682701,47.6916,50.8279,493,20448,0.14099,0.17,1,385289,384796,493
30685621,84.7383,62.1656,522,20552,0.100198,0.03,1,385383,384861,522
30688541,156.948,92.4331,597,20655,0.0440396,0.03,1,385558,384961,597
30691461,58.5895,159.287,455,20758,0.0168079,0.07,1,385592,385137,455
30694381,33.3179,57.4573,450,20860,0.0593616,0.09,1,385619,385169,450
30697301,41.8636,32.2915,468,20962,0.0358723,0.01,1,385663,385195,468
30700221,9.97272,42.4583,425,21063,0.0311745,0.17,1,385665,385240,425
30703141,43.5945,47.6917,428,21164,0.0942349,0.09,1,385717,385289,428
30706061,83.9189,84.7383,428,21264,0.026847,0.03,1,385811,385383,428
30708981,152.784,156.948,423,21364,0.0133694,0.01,1,385981,385558,423
30711901,56.9568,58.5895,422,21463,0.0106739,0.07,1,386014,385592,422
30714821,35.3914,33.3179,425,21562,0.106135,0.03,1,386044,385619,425
30717741,41.4783,41.8636,424,21660,0.077227,0.03,1,386087,385663,424
30720661,9.89565,9.97272,424,21758,0.0714454,0.11,1,386089,385665,424
30723581,44.3791,43.5945,425,21855,0.0382891,0.01,1,386142,385717,425
30726501,82.4758,83.9189,423,21952,0.0316578,0.01,1,386234,385811,423
30729421,152.495,152.784,423,22049,0.00633156,0.01,1,386404,385981,423
30732341,56.899,56.9568,423,22145,0.0412663,0.13,1,386437,386014,423
30735261,37.7798,35.3914,426,22241,0.0322533,0.07,1,386470,386044,426
30738181,40.356,41.4783,424,22336,0.0464507,0.07,1,386511,386087,424
30741101,9.67119,9.89565,424,22431,0.0492901,0.03,1,386513,386089,424
30744021,43.5342,44.3791,423,22526,0.081858,0.03,1,386565,386142,423
30746941,80.7068,8.87583,513,22620,0.104372,0.03,1,386655,386142,513
30749861,152.141,75.3752,591,22714,0.0288743,0,1,386825,386234,591
30752781,56.8283,151.075,454,22807,0.0137749,0.05,1,386858,386404,454
30755701,38.5657,56.615,455,22900,0.042755,0.03,1,386892,386437,455
30758621,41.3131,37.723,464,22993,0.048551,0.05,1,386934,386470,464
30761541,9.86263,40.3446,425,23085,0.0497102,0.05,1,386936,386511,425
30764461,45.1725,9.66892,477,23177,0.049942,0.09,1,386990,386513,477
30767381,80.2345,43.5338,514,23268,0.0979884,0.11,1,387079,386565,514
30770301,150.447,80.7068,592,23359,0.107598,0.01,1,387247,386655,592
30773221,56.4894,152.141,455,23450,0.0775195,0.01,1,387280,386825,455
30776141,39.2979,56.8283,457,23540,0.0555039,0.05,1,387315,386858,457
30779061,42.2596,38.5657,466,23630,0.0351008,0.05,1,387358,386892,466
30781981,10.0519,41.3131,426,23720,0.0310202,0.05,1,387360,386934,426
30784901,44.4104,9.86263,477,23809,0.062204,0.05,1,387413,386936,477
30787821,82.4821,45.1725,515,23898,0.100441,0.11,1,387505,386990,515
30790741,149.296,80.2345,592,23987,0.0920882,0.11,1,387671,387079,592
30793661,31.4593,150.447,426,24075,0.0904176,0.07,1,387673,387247,426
30796581,32.6919,56.4894,426,24163,0.106084,0.05,1,387706,387280,426
30799501,32.9384,39.2979,424,24251,0.173217,0.03,1,387739,387315,424
30802421,40.1877,42.2596,423,24338,0.154643,0.03,1,387781,387358,423
30805341,9.63753,10.0519,423,24425,0.182929,0.07,1,387783,387360,423
30808261,45.9275,44.4104,425,24512,0.188586,0.11,1,387838,387413,425
30811181,85.1855,82.4821,428,24598,0.301717,0.09,1,387933,387505,428
30814101,148.237,149.296,426,24684,0.276343,0.09,1,388097,387671,426
30817021,31.2474,31.4593,426,24770,0.271269,0.11,1,388099,387673,426
30819941,34.2495,32.6919,428,24856,0.334254,0.19,1,388134,387706,428
30822861,34.0499,32.9384,429,24941,0.346851,0.15,1,388168,387739,429
30825781,40.41,40.1877,429,25026,0.41337,0.19,1,388210,387781,429
30828701,9.682,9.63753,429,25111,0.426674,0.19,1,388212,387783,429
30831621,48.3364,45.9275,432,25195,0.429335,0.33,1,388270,387838,432
30834541,88.8673,85.1855,436,25279,0.525867,0.27,1,388369,387933,436
30837461,148.173,148.237,435,25363,0.561173,0.27,1,388532,388097,435
30840381,31.2347,31.2474,435,25447,0.536235,0.27,1,388534,388099,435
30843301,36.6469,6.24948,473,25530,0.515247,0.35,1,388572,388099,473
30846221,35.3294,29.2499,473,25613,0.495049,0.35,1,388607,388134,473
30849141,41.4659,33.05,482,25696,0.52301,0.43,1,388650,388168,482
30852061,9.89318,40.21,442,25778,0.528602,0.43,1,388652,388210,442
30854981,49.9786,9.642,500,25860,0.52972,0.43,1,388712,388212,500
30857901,92.3957,48.3284,545,25942,0.513944,0.55,1,388815,388270,545
30860821,149.679,88.8657,610,26024,0.606789,0.57,1,388979,388369,610
30863741,31.5358,148.173,449,26105,0.625358,0.53,1,388981,388532,449
30866661,35.9072,31.2346,484,26186,0.645072,0.51,1,389018,388534,484
30869581,35.1814,36.6469,481,26267,0.665014,0.49,1,389053,388572,481
30872501,42.2363,35.3294,490,26348,0.717003,0.53,1,389097,388607,490
30875421,10.0473,41.4659,449,26428,0.727401,0.53,1,389099,388650,449
30878341,50.0095,9.89318,507,26508,0.74548,0.53,1,389159,388652,507
30881261,91.6019,49.9786,549,26588,0.733096,0.51,1,389261,388712,549
30884181,154.32,92.3957,616,26668,0.842619,0.63,2,389431,388815,616
30887101,32.4641,149.679,454,26747,0.864524,0.63,2,389433,388979,454
30890021,36.8928,31.5358,490,26826,0.884905,0.65,2,389471,388981,490
30892941,36.1786,35.9072,489,26905,0.920981,0.67,2,389507,389018,489
30895861,8.83571,35.1814,456,26984,0.928196,0.73,2,389509,389053,456
30898781,38.5671,42.2363,458,27062,0.929639,0.73,2,389555,389097,458
31050621,32,37,482,30866,0.77,1,2,392338,391856,482
31053541,25.6,28.2,480,30935,0.786,1,2,392362,391882,480
31056461,43.52,43.24,481,31003,0.8052,1,2,392410,391929,481
31059381,35.104,37.448,478,31071,0.80904,0.87,2,392443,391965,478
31062301,29.4208,29.8896,478,31139,0.809808,1,2,392471,391993,478
31065221,16.2842,21.9779,471,31207,0.825962,1,2,392484,392013,471
31068141,21.6568,20.3956,474,31275,0.813192,0.97,2,392507,392033,474
31071061,33.1314,32.8791,474,31343,0.810638,0.97,2,392543,392069,474
31073981,29.0263,6.57582,502,31411,0.794128,0.94,2,392571,392069,502
31076901,161.805,26.9152,665,31478,0.838826,0.79,2,392766,392101,665
31079821,59.561,169.383,494,31545,0.895765,0.77,2,392800,392306,494
31082741,29.5122,59.4766,484,31612,0.891153,0.79,2,392822,392338,484
31085661,47.5024,31.0953,512,31679,0.922231,0.81,2,392874,392362,512
31088581,35.1005,44.6191,496,31746,0.928446,0.81,2,392906,392410,496
31091501,27.8201,35.3238,489,31813,0.929689,0.81,2,392932,392443,489
31217061,37,32,506,34556,0.59,1,1,394849,394343,506
31219981,29,27.2,507,34617,0.542,1,1,394876,394369,507
31222901,31.4,24.64,515,34678,0.4524,1,1,394908,394393,515
31225821,30.28,26.528,518,34739,0.37048,1,1,394938,394420,518
31228741,27.656,26.1056,519,34800,0.290096,1,1,394965,394446,519
31231661,21.5312,30.0211,508,34861,0.242019,1,1,394985,394477,508
31234581,141.106,26.8042,653,34922,0.0564038,0.91,1,395156,394503,653
31237501,53.0212,151.761,501,34983,0.0192808,0.99,1,395187,394686,501
31240421,29.0042,58.3522,489,35043,0.0598562,0.95,1,395210,394721,489
31243341,25.8008,31.6704,489,35103,0.0359712,0.79,1,395235,394746,489
31246261,29.1602,31.1341,488,35163,0.0151942,0.67,1,395265,394777,488
31249181,31.432,34.2268,485,35223,0.0270388,0.59,1,395297,394812,485
31252101,23.0864,36.4454,469,35283,0.0454078,0.53,1,395318,394849,469
31255021,25.4173,28.8891,468,35343,0.0330816,0.43,1,395344,394876,468
31257941,27.4835,31.3778,464,35403,0.0466163,0.35,1,395372,394908,464
31260861,24.6967,30.2756,458,35463,0.0173233,0.27,1,395396,394938,458
31263781,20.1393,27.6551,450,35523,0.0594646,0.23,1,395415,394965,450
31266701,134.428,21.531,593,35583,0.0198929,0.01,1,395578,394985,593
31269621,51.6856,141.106,453,35642,0.0599786,0.01,1,395609,395156,453
31272541,11.9371,53.0212,424,35701,0.0679957,0.07,1,395611,395187,424
31275461,20.7874,29.0042,424,35760,0.0215991,0.03,1,395634,395210,424
31278381,23.3575,25.8008,423,35819,0.0123198,0.01,1,395658,395235,423
31281301,29.4715,29.1602,424,35878,0.010464,0.03,1,395689,395265,424
31284221,30.6943,31.432,423,35937,0.0580928,0.05,1,395720,395297,423
31287141,23.7389,23.0864,424,35996,0.0996186,0.03,1,395742,395318,424
31290061,23.9478,25.4173,422,36055,0.0759237,0.05,1,395766,395344,422
31292981,28.7896,27.4835,424,36114,0.119185,0.01,1,395796,395372,424
31295901,24.1579,24.6967,423,36173,0.0798369,0.07,1,395819,395396,423
31298821,20.8316,20.1393,424,36231,0.0559674,0.01,1,395839,395415,424
31301741,133.766,134.428,423,36289,0.0511935,0.07,1,396001,395578,423
31304661,51.5533,51.6856,423,36347,0.0502387,0.07,1,396032,395609,423
31307581,11.9107,11.9371,423,36405,0.0820477,0.01,1,396034,395611,423
31310501,19.9821,20.7874,422,36463,0.0724095,0.01,1,396056,395634,422
31313421,23.1964,23.3575,422,36521,0.0864819,0.01,1,396080,395658,422
31316341,29.4393,29.4715,422,36579,0.0732964,0.07,1,396111,395689,422
31319261,31.4879,30.6943,423,36637,0.0866593,0.11,1,396143,395720,423
31322181,25.4976,23.7389,425,36695,0.0573319,0.07,1,396167,395742,425
31325101,24.2995,23.9478,425,36753,0.0834664,0.13,1,396191,395766,425
31328021,28.0599,28.7896,424,36810,0.0726933,0.07,1,396220,395796,424
31330941,22.412,24.1579,422,36867,0.0865387,0.05,1,396241,395819,422
31333861,20.4824,20.8316,422,36924,0.0573077,0.05,1,396261,395839,422
31336781,133.696,133.766,422,36981,0.0674615,0.05,1,396423,396001,422
31339701,53.1393,51.5533,424,37038,0.101492,0.09,1,396456,396032,424
31342621,12.2279,11.9107,424,37095,0.108298,0.07,1,396458,396034,424
31345541,19.2456,19.9821,423,37152,0.12566,0.07,1,396479,396056,423
31348461,23.0491,3.99643,447,37209,0.0971319,0.09,1,396503,396056,447
31351381,28.6098,19.9993,453,37266,0.0914264,0.07,1,396533,396080,453
31354301,33.722,28.7999,457,37323,0.122285,0.09,1,396568,396111,457
31357221,24.3444,31.36,447,37380,0.144457,0.05,1,396590,396143,447
31360141,24.0689,25.472,447,37437,0.148891,0.09,1,396614,396167,447
31363061,28.8138,24.2944,453,37493,0.165778,0.07,1,396644,396191,453
31365981,21.7628,28.0589,444,37549,0.169156,0.09,1,396664,396220,444
31368901,21.1526,22.4118,444,37605,0.169831,0.05,1,396685,396241,444
31371821,133.031,20.4824,585,37661,0.169966,0.07,1,396846,396261,585
31374741,53.8061,133.696,457,37717,0.201993,0.11,1,396880,396423,457
31377661,12.3612,53.1393,426,37773,0.208399,0.11,1,396882,396456,426
31380581,20.0722,12.2279,446,37829,0.24168,0.13,1,396904,396458,446
31383501,23.2144,19.2456,449,37885,0.280336,0.09,1,396928,396479,449
31386421,29.4429,23.0491,456,37941,0.272067,0.09,1,396959,396503,456
31389341,34.6886,28.6098,462,37997,0.302413,0.13,1,396995,396533,462
31392261,25.3377,33.722,450,38053,0.292483,0.15,1,397018,396568,450
31395181,24.2675,24.3444,452,38109,0.290497,0.15,1,397042,396590,452
31398101,29.6535,24.0689,459,38164,0.322099,0.17,1,397073,396614,459
31401021,22.7307,28.8138,450,38219,0.32842,0.17,1,397094,396644,450
31403941,20.5461,21.7628,450,38274,0.329684,0.17,1,397114,396664,450
31406861,134.509,21.1526,592,38329,0.409937,0.17,1,397277,396685,592
31409781,54.9018,133.031,466,38384,0.425987,0.21,1,397312,396846,466
31412701,12.5804,53.8061,434,38439,0.429197,0.21,1,397314,396880,434
31415621,20.9161,12.3612,455,38494,0.46184,0.25,1,397337,396882,455
31418541,24.9832,20.0722,459,38549,0.468368,0.29,1,397363,396904,459
31421461,28.9966,23.2144,465,38604,0.485674,0.27,1,397393,396928,465
31424381,7.39933,29.4429,436,38659,0.489135,0.31,1,397395,396959,436
31427301,31.0799,34.6886,437,38714,0.505827,0.29,1,397432,396995,437
31430221,23.816,25.3377,436,38769,0.509165,0.29,1,397454,397018,436
31433141,23.9632,24.2675,436,38823,0.509833,0.33,1,397478,397042,436
31436061,31.1926,29.6535,438,38877,0.493967,0.33,1,397511,397073,438
31438981,23.0385,22.7307,438,38931,0.522793,0.33,1,397532,397094,438
31441901,20.6077,20.5461,438,38985,0.560559,0.43,1,397552,397114,438
31444821,139.322,134.509,444,39039,0.584112,0.43,1,397721,397277,444
31447741,57.4643,54.9018,446,39093,0.572822,0.43,1,397758,397312,446
31450661,13.0929,12.5804,446,39147,0.538565,0.47,1,397760,397314,446
31453581,20.2186,20.9161,445,39201,0.547713,0.47,1,397782,397337,445
31456501,24.8437,24.9832,445,39255,0.581543,0.49,1,397808,397363,445
31459421,29.7687,28.9966,446,39309,0.604308,0.49,1,397839,397393,446
31462341,7.55375,7.39933,446,39363,0.608862,0.51,1,397841,397395,446
31465261,30.3108,31.0799,445,39417,0.593772,0.51,1,397877,397432,445
31468181,23.6622,23.816,445,39471,0.606754,0.51,1,397899,397454,445
31471101,23.9324,23.9632,445,39525,0.657351,0.49,1,397923,397478,445
31474021,31.1865,31.1926,445,39578,0.68347,0.53,1,397956,397511,445
31476941,24.6373,23.0385,447,39631,0.704694,0.57,1,397979,397532,447
31479861,21.7275,20.6077,448,39684,0.692939,0.59,1,398000,397552,448
31482781,140.345,139.322,449,39737,0.786588,0.57,2,398170,397721,449
31485701,57.6691,57.4643,449,39790,0.821318,0.53,2,398207,397758,449
31488621,13.1338,13.0929,449,39843,0.828264,0.55,2,398209,397760,449
31491541,20.2268,20.2186,449,39896,0.829653,0.59,2,398231,397782,449
31494461,24.8454,24.8437,449,39949,0.845931,0.61,2,398257,397808,449
31497381,30.5691,29.7687,450,40002,0.881186,0.61,2,398289,397839,450
31500301,7.71381,7.55375,450,40055,0.856237,0.59,2,398291,397841,450
31503221,31.1428,30.3108,451,40108,0.835247,0.59,2,398328,397877,451
31506141,23.8286,6.06215,473,40161,0.83105,0.61,2,398350,397877,473
31509061,25.5657,18.8124,477,40214,0.83021,0.67,2,398376,397899,477
31511981,33.1131,22.9625,488,40267,0.878042,0.69,2,398411,397923,488
31514901,24.2226,30.9925,477,40319,0.903608,0.71,2,398433,397956,477
31517821,22.4445,24.5985,476,40371,0.908722,0.69,2,398455,397979,476
31862381,32,46,483,22424,0.67,1,1,403357,402874,483
31865301,38.4,38,487,22519,0.782,1,2,403397,402910,487
31868221,100.48,7.6,603,22613,0.6284,0.94,1,403513,402910,603
31871141,88.096,103.12,561,22707,0.53368,1,1,403598,403037,561
31874061,53.6192,89.424,520,22800,0.450736,1,1,403643,403123,520
31876981,73.1238,57.0848,549,22893,0.418147,0.92,1,403721,403172,549
31879901,66.6248,79.417,529,22986,0.395629,0.73,1,403786,403257,529
31882821,39.725,70.2834,494,23078,0.487126,0.67,1,403819,403325,494
31885741,35.145,39.6567,496,23170,0.441425,0.81,1,403853,403357,496
31888661,93.429,39.9313,564,23261,0.480285,0.59,1,403961,403397,564
31891581,82.6858,100.786,528,23352,0.552057,0.51,1,404041,403513,528
31894501,53.3372,88.1573,489,23443,0.614411,0.43,1,404087,403598,489
31897421,72.2674,53.6314,521,23533,0.642882,0.41,1,404164,403643,521
31900341,65.6535,73.1263,507,23623,0.664576,0.39,1,404228,403721,507
31903261,41.1307,66.6253,477,23713,0.684915,0.51,1,404263,403786,477
31906181,36.2261,39.7251,479,23802,0.688983,0.43,1,404298,403819,479
31909101,93.6452,35.145,553,23891,0.721797,0.49,1,404406,403853,553
31912021,86.729,93.429,530,23980,0.776359,0.57,2,404491,403961,530
31914941,18.9458,82.6858,452,24068,0.787272,0.63,2,404493,404041,452
31917861,41.3892,53.3372,453,24156,0.837454,0.65,2,404540,404087,453
31920781,70.6778,72.2674,454,24244,0.847491,0.67,2,404618,404164,454
31923701,66.1356,65.6535,455,24331,0.833498,0.69,2,404683,404228,455
31926621,42.0271,41.1307,456,24418,0.8147,0.69,2,404719,404263,456
31929541,37.2054,36.2261,457,24505,0.81094,0.73,2,404755,404298,457
31932461,95.4411,93.6452,459,24591,0.842188,0.79,2,404865,404406,459
31935381,88.6882,86.729,461,24677,0.896438,0.79,2,404952,404491,461
31938301,19.3376,18.9458,461,24763,0.907288,0.85,2,404954,404493,461
32160221,45,34,489,30587,0.89,1,2,409055,408566,489
32163141,36.2,30,494,30656,0.746,1,1,409089,408595,494
32166061,53.64,61.2,483,30725,0.7492,1,1,409147,408664,483
32168981,89.128,91.44,482,30794,0.58984,1,1,409245,408763,482
32171901,47.4256,46.288,484,30863,0.509968,1,1,409282,408798,484
32174821,55.0851,54.0576,485,30932,0.461994,1,1,409339,408854,485
32177741,37.417,41.2115,480,31000,0.436399,1,1,409372,408892,480
32180661,29.0834,38.6423,469,31068,0.43128,0.84,1,409399,408930,469
32183581,38.6167,41.3285,468,31136,0.382256,0.87,1,409440,408972,468
32186501,37.3233,38.6657,467,31204,0.356451,0.89,1,409477,409010,467
32189421,38.6647,43.7331,461,31272,0.27129,0.71,1,409516,409055,461
32192341,34.9329,35.9466,461,31340,0.206258,0.71,1,409550,409089,461
32195261,47.7866,7.18933,512,31408,0.209252,0.75,1,409601,409089,512
32198181,84.7573,47.8379,548,31475,0.12985,0.55,1,409695,409147,548
32201101,40.9515,87.9676,480,31542,0.12997,0.49,1,409725,409245,480
32204021,52.1903,47.1935,498,31609,0.113994,0.45,1,409780,409282,498
32206941,34.4381,55.0387,471,31676,0.126799,0.43,1,409810,409339,471
32209861,28.4876,37.4077,465,31743,0.14536,0.43,1,409837,409372,465
32212781,36.8975,29.0815,477,31810,0.213072,0.37,1,409876,409399,477
32215701,35.3795,38.6163,471,31877,0.210614,0.35,1,409911,409440,471
32218621,37.4759,37.3233,472,31943,0.258123,0.25,1,409949,409477,472
32221541,31.4952,38.6647,463,32009,0.283625,0.19,1,409979,409516,463
32224461,46.299,34.9329,479,32075,0.288725,0.21,1,410029,409550,479
32227381,82.8598,47.7866,520,32141,0.369745,0.11,1,410121,409601,520
32230301,41.372,84.7573,457,32207,0.385949,0.13,1,410152,409695,457
32233221,52.2744,40.9515,482,32273,0.42119,0.11,1,410207,409725,482
32236141,34.4549,52.1903,457,32339,0.444238,0.13,1,410237,409780,457
32239061,29.291,34.4381,455,32404,0.464848,0.15,1,410265,409810,455
32241981,38.6582,28.4876,469,32469,0.46897,0.23,1,410306,409837,469
32244901,36.5316,36.8975,466,32534,0.485794,0.21,1,410342,409876,466
32247821,40.9063,35.3795,473,32599,0.473159,0.27,1,410384,409911,473
32250741,32.9813,37.4759,466,32664,0.534632,0.29,1,410415,409949,466
32253661,47.3963,31.4952,487,32729,0.562926,0.29,1,410466,409979,487
32256581,11.0792,46.299,439,32794,0.568585,0.39,1,410468,410029,439
32259501,78.2158,82.8598,442,32858,0.585717,0.39,1,410563,410121,442
32262421,40.4432,41.372,442,32922,0.605143,0.43,1,410594,410152,442
32265341,52.8886,52.2744,443,32986,0.657029,0.45,1,410650,410207,443
32268261,35.3777,34.4549,444,33050,0.683406,0.47,1,410681,410237,444
32271181,30.2755,29.291,445,33114,0.672681,0.47,1,410710,410265,445
32274101,38.8551,38.6582,445,33178,0.654536,0.49,1,410751,410306,445
32277021,37.371,36.5316,446,33242,0.618907,0.47,1,410788,410342,446
32279941,41.8742,40.9063,447,33306,0.675781,0.55,1,410831,410384,447
32282861,34.7748,32.9813,449,33370,0.671156,0.57,1,410864,410415,449
32285781,48.555,47.3963,450,33433,0.734231,0.57,1,410916,410466,450
32288701,11.311,11.0792,450,33496,0.746846,0.59,1,410918,410468,450
32291621,79.0622,78.2158,451,33559,0.765369,0.61,2,411014,410563,451
32294541,42.2124,40.4432,453,33622,0.817074,0.67,2,411047,410594,453
32297461,53.2425,52.8886,453,33685,0.843415,0.69,2,411103,410650,453
32300381,36.2485,35.3777,454,33748,0.864683,0.67,2,411135,410681,454
32303301,29.6497,30.2755,453,33811,0.884937,0.65,2,411163,410710,453
32306221,38.7299,38.8551,453,33874,0.904987,0.61,2,411204,410751,453
32309141,36.546,37.371,452,33936,0.908997,0.69,2,411240,410788,452
32338341,40,28,505,34554,0.91,0.91,2,411668,411163,505
32341261,36.8,38.4,500,34615,0.91,0.91,2,411704,411204,500
32469741,34,0,521,37208,0.67,1,1,413537,413016,521
32472661,29.2,27.2,515,37265,0.542,1,1,413565,413050,515
32475581,34.64,27.04,524,37322,0.4044,0.97,1,413601,413077,524
32478501,34.128,38.208,517,37379,0.31288,1,1,413635,413118,517
32481421,34.0256,34.0416,518,37436,0.134576,1,1,413669,413151,518
32484341,42.8051,34.8083,528,37492,0.0669152,1,1,413714,413186,528
32487261,44.561,46.1617,524,37548,0.069383,1,1,413759,413235,524
32490181,41.7122,54.8323,508,37604,0.0218766,1,1,413800,413292,508
32493101,53.1424,37.3665,531,37660,0.0123753,0.97,1,413856,413325,531
32496021,34.6285,61.8733,493,37716,0.00247506,0.85,1,413886,413393,493
32498941,35.7257,39.5747,495,37772,0.00849501,0.79,1,413922,413427,495
32501861,39.1451,35.9149,500,37828,0.057699,0.75,1,413962,413462,500
32504781,29.429,39.983,486,37884,0.0675398,0.67,1,413989,413503,486
32507701,25.0858,35.1966,476,37940,0.037508,0.51,1,414013,413537,476
32510621,26.6172,29.4393,475,37996,0.0635016,0.37,1,414040,413565,475
32513541,30.9234,34.6879,471,38052,0.0847003,0.29,1,414072,413601,471
32516461,24.5847,34.1376,460,38108,0.13694,0.09,1,414095,413635,460
32519381,38.5169,34.0275,468,38163,0.131388,0.05,1,414137,413669,468
32522301,42.1034,42.8055,466,38218,0.0662776,0.07,1,414180,413714,466
32525221,44.4207,44.5611,466,38273,0.0132555,0.01,1,414225,413759,466
32528141,50.4841,41.7122,477,38328,0.0426511,0.01,1,414277,413800,477
32531061,34.8968,53.1424,452,38383,0.0485302,0,1,414308,413856,452
32533981,35.7794,34.6285,458,38438,0.049706,0.01,1,414344,413886,458
32536901,40.7559,35.7257,464,38493,0.0339412,0.07,1,414386,413922,464
32539821,28.1512,39.1451,449,38548,0.0467882,0.07,1,414411,413962,449
32542741,24.8302,29.429,446,38603,0.0333577,0.03,1,414435,413989,446
32545661,6.56605,25.0858,424,38658,0.0466715,0.07,1,414437,414013,424
32548581,24.5132,26.6172,426,38713,0.0653343,0.09,1,414466,414040,426
32551501,31.3026,30.9234,427,38768,0.117067,0.15,1,414499,414072,427
32554421,26.2605,24.5847,429,38822,0.175413,0.13,1,414524,414095,429
32557341,36.4521,38.5169,426,38876,0.171083,0.05,1,414563,414137,426
32560261,39.2904,42.1034,423,38930,0.170217,0,1,414603,414180,423
32563181,44.6581,44.4207,424,38984,0.122043,0.05,1,414649,414225,424
32566101,50.5316,50.4841,424,39038,0.0804087,0.05,1,414701,414277,424
32569021,34.1063,34.8968,423,39092,0.0400817,0.05,1,414731,414308,423
32571941,34.8213,35.7794,422,39146,0.0160163,0.03,1,414766,414344,422
32574861,42.9643,40.7559,425,39200,0.0592033,0.05,1,414811,414386,425
32577781,27.7929,28.1512,424,39254,0.0198407,0.03,1,414835,414411,424
32580701,24.7586,24.8302,424,39308,0.0279681,0.05,1,414859,414435,424
32583621,6.55171,6.56605,424,39362,0.0295936,0.07,1,414861,414437,424
32586541,23.7103,24.5132,423,39416,0.0459187,0.13,1,414889,414466,423
32589461,35.1421,31.3026,428,39470,0.0171837,0.19,1,414927,414499,428
32592381,27.8284,26.2605,429,39524,0.0594367,0.17,1,414953,414524,429
32595301,37.5657,36.4521,430,39577,0.0838873,0.17,1,414993,414563,430
32598221,37.9131,39.2904,428,39630,0.0887775,0.11,1,415031,414603,428
32601141,41.9826,44.6581,425,39683,0.121755,0.07,1,415074,414649,425
32604061,49.9965,50.5316,425,39736,0.128351,0.03,1,415126,414701,425
32606981,31.5993,34.1063,422,39789,0.12967,0.01,1,415153,414731,422
32609901,34.3199,34.8213,422,39842,0.113934,0.07,1,415188,414766,422
32612821,42.864,42.9643,422,39895,0.0787868,0.01,1,415233,414811,422
32615741,27.7728,27.7929,422,39948,0.0557574,0.03,1,415257,414835,422
32618661,24.7546,24.7586,422,40001,0.0511515,0.03,1,415281,414859,422
32621581,6.55091,6.55171,422,40054,0.0502303,0.05,1,415283,414861,422
32624501,23.7102,23.7103,422,40107,0.0660461,0.05,1,415311,414889,422
32627421,34.342,4.74207,459,40160,0.0532092,0.01,1,415348,414889,459
32630341,28.4684,31.3484,448,40213,0.0346418,0.07,1,415375,414927,448
32633261,38.4937,27.0697,463,40266,0.0469284,0.09,1,415416,414953,463
32636181,39.6987,37.4139,463,40318,0.0653857,0.09,1,415456,414993,463
32639101,42.3397,37.8828,468,40370,0.0530771,0.13,1,415499,415031,468
32642021,50.068,41.9766,477,40422,0.0506154,0.13,1,415551,415074,477
32644941,34.0136,49.9953,455,40474,0.0501231,0.13,1,415581,415126,455
32647861,30.0027,31.5991,457,40526,0.0820246,0.11,1,415610,415153,457
32650781,42.0005,34.3198,467,40578,0.120405,0.07,1,415655,415188,467
32653701,28.4001,42.864,447,40630,0.112081,0.05,1,415680,415233,447
32656621,23.28,27.7728,445,40682,0.126416,0.05,1,415702,415257,445
32659541,6.256,24.7546,423,40734,0.129283,0.05,1,415704,415281,423
32662461,24.4512,6.55091,450,40786,0.161857,0.07,1,415733,415283,450
32665381,35.2902,23.7102,460,40838,0.168371,0.05,1,415771,415311,460
32668301,27.858,34.342,449,40890,0.185674,0.03,1,415797,415348,449
32671221,39.1716,28.4684,464,40942,0.237135,0.05,1,415839,415375,464
32674141,40.6343,38.4937,464,40994,0.295427,0.07,1,415880,415416,464
32677061,41.7269,39.6987,466,41045,0.339085,0.05,1,415922,415456,466
32679981,49.9454,42.3397,475,41096,0.347817,0.05,1,415974,415499,475
32682901,34.7891,50.068,454,41147,0.349563,0.05,1,416005,415551,454
32685821,30.9578,34.0136,454,41198,0.397913,0.09,1,416035,415581,454
32688741,43.7916,30.0027,472,41249,0.423583,0.13,1,416082,415610,472
32691661,28.7583,42.0005,452,41300,0.460717,0.11,1,416107,415655,452
32694581,23.3517,28.4001,449,41351,0.436143,0.13,1,416129,415680,449
32697501,6.27033,23.28,429,41402,0.431229,0.13,1,416131,415702,429
32700421,26.0541,6.256,458,41453,0.446246,0.17,1,416162,415704,458
32703341,35.6108,24.4512,467,41504,0.465249,0.17,1,416200,415733,467
32706261,8.72216,35.2902,431,41555,0.46905,0.19,1,416202,415771,431
32709181,22.5444,27.858,431,41606,0.51781,0.25,1,416228,415797,431
32712101,40.5089,39.1716,434,41657,0.495562,0.31,1,416273,415839,434
32715021,44.1018,40.6343,438,41708,0.507112,0.35,1,416318,415880,438
32717941,43.2204,41.7269,439,41759,0.541422,0.35,1,416361,415922,439
32720861,51.0441,49.9454,440,41810,0.580284,0.35,1,416414,415974,440
32723781,36.6088,34.7891,442,41860,0.604057,0.41,1,416447,416005,442
32726701,32.1218,30.9578,443,41910,0.592811,0.43,1,416478,416035,443
32729621,44.8244,43.7916,444,41960,0.606562,0.47,1,416526,416082,444
32732541,28.1649,28.7583,443,42010,0.577312,0.43,1,416550,416107,443
32735461,23.233,23.3517,443,42060,0.587462,0.43,1,416572,416129,443
32738381,6.24659,6.27033,443,42110,0.637492,0.45,1,416574,416131,443
32741301,26.8493,26.0541,444,42160,0.663499,0.47,1,416606,416162,444
32744221,36.5699,35.6108,445,42210,0.6527,0.47,1,416645,416200,445
32747141,8.91397,8.72216,445,42260,0.65054,0.53,1,416647,416202,445
32750061,23.3828,22.5444,446,42310,0.666108,0.49,1,416674,416228,446
32752981,40.6766,40.5089,446,42360,0.669222,0.51,1,416719,416273,446
32755901,44.9353,44.1018,447,42410,0.653844,0.55,1,416765,416318,447
32758821,45.7871,43.2204,450,42460,0.666769,0.59,1,416811,416361,450
32761741,52.3574,51.0441,451,42510,0.717354,0.61,1,416865,416414,451
32764661,36.0715,36.6088,450,42560,0.743471,0.59,1,416897,416447,450
32767581,32.8143,32.1218,451,42610,0.748694,0.61,1,416929,416478,451
32770501,44.1629,44.8244,450,42660,0.765739,0.57,2,416976,416526,450
32773421,28.0326,28.1649,450,42709,0.737148,0.59,1,417000,416550,450
32776341,24.8065,23.233,452,42758,0.77943,0.65,2,417024,416572,452
32779261,6.5613,6.24659,452,42807,0.787886,0.67,2,417026,416574,452
32782181,27.7123,26.8493,453,42856,0.821577,0.65,2,417059,416606,453
32785101,37.5425,36.5699,454,42905,0.796315,0.65,2,417099,416645,454
32788021,9.10849,8.91397,454,42954,0.791263,0.67,2,417101,416647,454
32790941,22.6217,23.3828,453,43003,0.790253,0.67,2,417127,416674,453
32793861,39.7243,4.67656,497,43052,0.806051,0.67,2,417171,416674,497
32796781,45.5449,36.9353,499,43101,0.79321,0.65,2,417218,416719,499
32799701,45.109,44.1871,498,43150,0.790642,0.67,2,417263,416765,498
32802621,54.6218,45.6374,509,43199,0.822128,0.73,2,417320,416811,509
32805541,37.3244,52.3275,488,43248,0.828426,0.75,2,417353,416865,488
32808461,33.0649,36.0655,488,43297,0.829685,0.75,2,417385,416897,488
32811381,45.013,32.8131,504,43346,0.845937,0.77,2,417433,416929,504
32814301,28.2026,44.1626,481,43395,0.865187,0.73,2,417457,416976,481
32817221,28.0405,28.0325,485,43444,0.869037,0.79,2,417485,417000,485
32820141,7.2081,24.8065,463,43493,0.869807,0.79,2,417487,417024,463
32823061,27.0416,6.5613,493,43542,0.917961,0.83,2,417519,417026,493
32980741,34,42,508,46084,0.89,1,2,419288,418780,508
32983661,50,34.8,529,46130,0.874,1,2,419342,418813,529
32986581,30,40.56,512,46176,0.8228,1,2,419367,418855,512
32989501,32.4,31.312,516,46222,0.82856,1,2,419400,418884,516
32992421,20.88,29.4624,505,46268,0.765712,1,2,419418,418913,505
32995341,34.576,26.6925,517,46314,0.673142,0.99,1,419456,418939,517
32998261,29.3152,33.3385,510,46360,0.670628,1,1,419484,418974,510
33001181,33.063,26.6677,519,46405,0.670126,1,1,419518,418999,519
33004101,27.4126,26.9335,518,46450,0.622025,1,1,419544,419026,518
33007021,24.6825,32.5867,508,46495,0.612405,0.95,1,419568,419060,508
33009941,20.1365,28.9173,499,46540,0.626481,1,1,419587,419088,499
33012861,23.2273,28.9835,494,46585,0.629296,1,1,419611,419117,494
33015781,35.0455,26.5967,506,46630,0.645859,0.98,1,419649,419143,506
33018701,35.0091,34.9193,504,46675,0.601172,0.93,1,419684,419180,504
33021621,35.8018,36.5839,503,46720,0.608234,0.91,1,419720,419217,503
33024541,35.1604,36.9168,501,46765,0.625647,0.89,1,419755,419254,501
33027461,46.2321,34.5834,516,46810,0.693129,0.87,1,419804,419288,516
33030381,28.4464,50.1167,486,46855,0.754626,0.81,2,419828,419342,486
33033301,30.4893,30.0233,492,46900,0.766925,0.83,2,419859,419367,492
33036221,18.8979,32.4047,475,46945,0.769385,0.75,2,419875,419400,475
33039141,29.3796,20.8809,489,46990,0.801877,0.65,2,419907,419418,489
33042061,27.4759,34.5762,478,47035,0.824375,0.67,2,419934,419456,478
33044981,33.4952,29.3152,485,47080,0.828875,0.67,2,419969,419484,485
33047901,28.299,33.063,478,47125,0.877775,0.61,2,419996,419518,478
33050821,24.0598,27.4126,475,47170,0.871555,0.61,2,420019,419544,475
33053741,20.812,24.6825,471,47215,0.870311,0.63,2,420039,419568,471
33056661,27.3624,20.1365,481,47260,0.886062,0.63,2,420068,419587,481
33059581,31.0725,23.2273,489,47305,0.889212,0.65,2,420100,419611,489
33062501,33.4145,35.0455,485,47350,0.889843,0.59,2,420134,419649,485
33065421,8.2829,35.0091,452,47395,0.889969,0.61,2,420136,419684,452
33068341,30.4566,35.8018,452,47439,0.889994,0.63,2,420172,419720,452
33071261,36.4913,35.1604,455,47483,0.889999,0.71,2,420210,419755,455
33074181,50.4983,46.2321,460,47527,0.906,0.77,2,420264,419804,460
33293181,35,33,508,50746,0.89,1,2,422499,421991,508
33296101,36.6,23.4,524,50788,0.794,1,2,422536,422012,524
33299021,33.72,32.68,522,50829,0.7908,1,2,422569,422047,522
33301941,21.144,30.536,510,50870,0.74216,1,1,422587,422077,510
33304861,26.6288,31.7072,506,50911,0.668432,1,1,422615,422109,506
33307781,35.7258,23.9414,522,50952,0.621686,1,1,422653,422131,522
33310701,29.5452,33.5883,514,50993,0.596337,1,1,422681,422167,514
33313621,14.709,30.7177,495,51034,0.543267,1,1,422692,422197,495
33316541,16.5418,22.9435,491,51075,0.548653,1,1,422709,422218,491
33319461,30.5084,25.3887,499,51116,0.453731,1,1,422743,422244,499
33322381,32.5017,36.2777,493,51157,0.418746,1,1,422776,422283,493
33325301,25.7003,34.4555,483,51198,0.427749,0.98,1,422800,422317,483
33328221,33.1401,26.8911,493,51239,0.36555,1,1,422835,422342,493
33331141,34.628,31.7782,495,51280,0.35311,1,1,422870,422375,495
33334061,24.5256,38.3556,477,51321,0.302622,0.89,1,422892,422415,477
33336981,23.3051,29.2711,473,51362,0.276524,0.94,1,422915,422442,473
33339901,21.461,23.4542,472,51403,0.271305,0.89,1,422936,422464,472
33342821,26.6922,32.6908,465,51444,0.286261,0.77,1,422964,422499,465
33345741,32.5384,36.1382,462,51485,0.241252,0.79,1,422998,422536,462
33348661,32.9077,33.6276,462,51526,0.24825,0.73,1,423031,422569,462
33351581,19.3815,21.1255,460,51567,0.24965,0.65,1,423047,422587,460
33354501,17.4763,26.6251,449,51608,0.26593,0.61,1,423064,422615,449
33357421,34.6953,35.725,450,51649,0.253186,0.59,1,423103,422653,450
33360341,26.9391,29.545,447,51690,0.298637,0.53,1,423128,422681,447
33363261,14.9878,14.709,448,51731,0.307727,0.55,1,423140,422692,448
33366181,16.5976,16.5418,448,51772,0.293545,0.55,1,423157,422709,448
33369101,24.1195,3.30836,474,51813,0.290709,0.43,1,423183,422709,474
33372021,30.4239,27.8617,472,51854,0.290142,0.41,1,423215,422743,472
33374941,27.6848,31.9723,466,51895,0.274028,0.43,1,423242,422776,466
33377861,27.937,25.5945,470,51936,0.286806,0.35,1,423270,422800,470
33380781,34.3874,33.1189,471,51977,0.353361,0.35,1,423306,422835,471
33383701,23.6775,34.6238,457,52018,0.366672,0.29,1,423327,422870,457
33386621,21.5355,24.5248,456,52058,0.369334,0.27,1,423348,422892,456
33389541,21.1071,23.305,454,52098,0.385867,0.27,1,423369,422915,454
33392461,27.4214,21.461,462,52138,0.389173,0.29,1,423398,422936,462
33395381,29.4843,26.6922,464,52178,0.405835,0.23,1,423428,422964,464
33398301,34.6969,32.5384,466,52218,0.441167,0.25,1,423464,422998,466
33401221,18.1394,32.9077,447,52258,0.448233,0.25,1,423478,423031,447
33404141,18.0279,19.3815,449,52298,0.465647,0.27,1,423496,423047,449
33407061,35.6056,17.4763,472,52338,0.485129,0.25,1,423536,423064,472
33409981,27.9211,34.6953,459,52378,0.505026,0.31,1,423562,423103,459
33412901,15.1842,26.9391,446,52418,0.525005,0.31,1,423574,423128,446
33415821,15.8368,14.9878,450,52458,0.545001,0.29,1,423590,423140,450
33418741,25.5674,16.5976,461,52498,0.565,0.29,1,423618,423157,461
33421661,29.1135,24.1195,465,52538,0.569,0.29,1,423648,423183,465
33424581,29.0227,30.4239,462,52578,0.6018,0.27,1,423677,423215,462
33427501,28.2045,27.6848,463,52618,0.60836,0.29,1,423705,423242,463
33430421,37.6409,27.937,475,52658,0.609672,0.37,1,423745,423270,475
33433341,24.3282,34.3874,460,52698,0.593934,0.37,1,423766,423306,460
33436261,21.6656,23.6775,460,52738,0.622787,0.37,1,423787,423327,460
33439181,22.7331,21.5355,462,52778,0.660557,0.39,1,423810,423348,462
33442101,27.7466,21.1071,470,52818,0.684111,0.39,1,423839,423369,470
33445021,30.3493,27.4214,472,52858,0.720822,0.41,1,423870,423398,472
33447941,35.6699,29.4843,479,52898,0.744164,0.45,1,423907,423428,479
33450861,18.334,34.6969,457,52938,0.764833,0.45,2,423921,423464,457
33453781,18.8668,18.1394,462,52978,0.752967,0.47,2,423940,423478,462
33456701,37.3734,18.0279,486,53018,0.750593,0.49,2,423982,423496,486
33459621,29.0747,35.6056,473,53058,0.766119,0.51,2,424009,423536,473
33462541,16.2149,27.9211,460,53098,0.753224,0.53,2,424022,423562,460
33465461,16.043,15.1842,464,53138,0.750645,0.55,2,424038,423574,464
33468381,26.4086,15.8368,477,53178,0.734129,0.57,1,424067,423590,477
33471301,29.2817,25.5674,479,53218,0.730826,0.57,1,424097,423618,479
33474221,7.45634,29.1135,451,53258,0.730165,0.61,1,424099,423648,451
33477141,25.4913,29.0227,452,53298,0.762033,0.61,2,424129,423677,452
33480061,27.4983,28.2045,452,53337,0.784407,0.61,2,424157,423705,452
33482981,37.4997,37.6409,452,53376,0.788881,0.59,2,424197,423745,452
33485901,24.2999,24.3282,452,53415,0.789776,0.63,2,424218,423766,452
33488821,23.26,21.6656,454,53454,0.805955,0.67,2,424241,423787,454
33491741,23.852,22.7331,455,53493,0.809191,0.69,2,424265,423810,455
33494661,28.7704,27.7466,456,53532,0.825838,0.73,2,424295,423839,456
33497581,32.1541,30.3493,458,53571,0.813168,0.75,2,424328,423870,458
33500501,37.6308,35.6699,460,53610,0.842633,0.77,2,424367,423907,460
33503421,18.7262,18.334,460,53649,0.864527,0.75,2,424381,423921,460
33506341,18.1452,18.8668,459,53688,0.932905,0.75,2,424399,423940,459
33509261,38.829,37.3734,461,53727,0.914581,0.77,2,424443,423982,461
33737021,195,214,452,26280,0.07,0.47,1,426902,426450,452
33763301,161.4,170.8,445,26280,0.038,0.31,1,427055,426610,445
33766221,73.88,53.36,473,26361,0.0796,0.33,1,427107,426634,473
33769141,41.976,69.072,434,26441,0.05592,0.27,1,427141,426707,434
33772061,42.7952,36.2144,449,26521,0.067184,0.11,1,427184,426735,449
33774981,70.159,60.8429,459,26601,0.101437,0.05,1,427261,426802,459
33777901,64.4318,56.1686,467,26681,0.188287,0.05,1,427324,426857,467
33780821,31.2864,60.0337,429,26760,0.237657,0.07,1,427347,426918,429
33783741,25.4573,28.0067,433,26839,0.215531,0.07,1,427371,426938,433
33786661,37.0915,23.2013,451,26918,0.211106,0.03,1,427411,426960,451
33789581,60.2183,59.0403,449,26997,0.258221,0.09,1,427477,427028,449
33792501,55.2437,75.0081,424,27075,0.283644,0.05,1,427531,427107,424
33795421,38.2487,42.2016,424,27153,0.336729,0.07,1,427565,427141,424
33798341,42.8497,42.8403,425,27231,0.363346,0.11,1,427609,427184,425
33801261,74.1699,70.1681,430,27309,0.416669,0.21,1,427691,427261,430
33804181,67.634,64.4336,433,27387,0.443334,0.25,1,427757,427324,433
33807101,31.1268,31.2867,432,27464,0.480667,0.21,1,427779,427347,432
33810021,25.4254,25.4573,432,27541,0.456133,0.21,1,427803,427371,432
33812941,37.8851,37.0915,433,27618,0.483227,0.27,1,427844,427411,433
33815861,61.977,60.2183,435,27695,0.520645,0.29,1,427912,427477,435
33818781,56.3954,55.2437,436,27771,0.528129,0.35,1,427967,427531,436
33821701,39.2791,38.2487,437,27847,0.481626,0.37,1,428002,427565,437
33824621,43.8558,42.8497,438,27923,0.504325,0.43,1,428047,427609,438
33827541,77.5712,74.1699,442,27999,0.572865,0.45,1,428133,427691,442
33830461,69.9142,67.634,444,28075,0.602573,0.49,1,428201,427757,444
33833381,31.5828,31.1268,444,28150,0.608515,0.45,1,428223,427779,444
33836301,26.3166,25.4254,445,28225,0.641703,0.49,1,428248,427803,445
33839221,38.8633,37.8851,446,28300,0.712341,0.53,1,428290,427844,446
33842141,62.1727,61.977,446,28375,0.742468,0.53,1,428358,427912,446
33845061,55.6345,12.3954,500,28450,0.748494,0.53,1,428412,427912,500
33847981,38.3269,46.4791,479,28524,0.749699,0.47,1,428446,427967,479
33850901,45.2654,37.2958,491,28598,0.74994,0.51,1,428493,428002,491
33853821,79.4531,43.4592,534,28672,0.765988,0.59,2,428581,428047,534
33856741,71.8906,77.4918,518,28746,0.817198,0.61,2,428651,428133,518
33859661,32.7781,69.8984,473,28820,0.77944,0.61,2,428674,428201,473
33862581,28.9556,31.5797,479,28893,0.771888,0.65,2,428702,428223,479
33865501,40.9911,26.3159,498,28966,0.802378,0.73,2,428746,428248,498
33868421,64.1982,38.8632,526,29039,0.776476,0.75,2,428816,428290,526
33871341,56.0396,62.1726,512,29112,0.771295,0.75,2,428870,428358,512
33874261,38.4079,55.6345,492,29185,0.770259,0.75,2,428904,428412,492
33877181,46.0816,38.3269,506,29258,0.818052,0.75,2,428952,428446,506
33880101,79.6163,45.2654,547,29330,0.84361,0.77,2,429040,428493,547
33883021,72.7233,79.4531,530,29402,0.880722,0.83,2,429111,428581,530
33885941,32.1447,71.8906,482,29474,0.888144,0.77,2,429133,428651,482
33888861,28.8289,32.7781,487,29546,0.889629,0.77,2,429161,428674,487
33891781,40.9658,28.9556,503,29618,0.889926,0.81,2,429205,428702,503
34017341,37,90,501,32547,0.55,1,1,431282,430781,501
34020261,43.4,40.4,518,32612,0.566,1,1,431327,430809,518
34023181,32.68,38.48,510,32677,0.3932,1,1,431357,430847,510
34026101,34.536,35.696,510,32742,0.26264,1,1,431392,430882,510
34029021,34.1072,39.9392,503,32807,0.140528,1,1,431426,430923,503
34031941,68.4214,83.1878,486,32871,0.0521056,1,1,431503,431017,486
34034861,32.8843,43.8376,476,32935,0.0344211,0.99,1,431527,431051,476
34037781,33.7769,36.7675,475,32999,0.0468842,1,1,431561,431086,475
34040701,29.9554,32.9535,472,33063,0.0173768,0.89,1,431590,431118,472
34043621,29.1911,32.1907,469,33127,0.0274754,0.61,1,431619,431150,469
34046541,69.8382,82.4381,454,33191,0.0454951,0.55,1,431699,431245,454
34049461,39.5676,46.0876,449,33255,0.097099,0.57,1,431731,431282,449
34052381,41.5135,45.2175,446,33319,0.0914198,0.35,1,431773,431327,446
34055301,27.5027,33.0435,440,33382,0.106284,0.23,1,431797,431357,440
34058221,31.1005,34.6087,437,33445,0.109257,0.11,1,431829,431392,437
34061141,27.0201,34.1217,429,33508,0.109851,0.03,1,431855,431426,429
34064061,63.004,68.4243,424,33571,0.10997,0.03,1,431927,431503,424
34066981,30.2008,32.8849,422,33634,0.0619941,0.05,1,431949,431527,422
34069901,34.8402,33.777,424,33697,0.0683988,0.01,1,431985,431561,424
34072821,28.568,29.9554,422,33760,0.0136798,0.03,1,432012,431590,422
34075741,28.9136,29.1911,422,33823,0.026736,0.05,1,432041,431619,422
34078661,71.3827,69.8382,424,33886,0.0773472,0.11,1,432123,431699,424
34081581,40.6765,39.5676,425,33948,0.0714694,0.09,1,432156,431731,425
34084501,40.9353,41.5135,424,34010,0.134294,0.11,1,432197,431773,424
34087421,29.7871,27.5027,427,34072,0.178859,0.11,1,432224,431797,427
34090341,29.9574,31.1005,425,34134,0.203772,0.11,1,432254,431829,425
34093261,28.3915,27.0201,427,34196,0.224754,0.11,1,432282,431855,427
34096181,60.0783,63.004,423,34258,0.244951,0.11,1,432350,431927,423
34099101,28.0157,12.6008,443,34320,0.24899,0.05,1,432370,431927,443
34102021,35.2031,20.1202,458,34382,0.217798,0.07,1,432407,431949,458
34104941,27.8406,32.824,448,34443,0.19556,0,1,432433,431985,448
34107861,29.5681,28.1648,451,34504,0.175112,0.03,1,432463,432012,451
34110781,72.3136,28.833,505,34565,0.219022,0.09,1,432546,432041,505
34113701,42.4627,71.3666,458,34626,0.211804,0.07,1,432581,432123,458
34116621,42.8925,40.6733,468,34687,0.210361,0.15,1,432624,432156,468
34119541,30.9785,40.9347,455,34748,0.242072,0.19,1,432652,432197,455
34122461,31.7957,29.7869,460,34809,0.216414,0.21,1,432684,432224,460
34125381,30.3591,29.9574,460,34870,0.211283,0.23,1,432714,432254,460
34128301,61.2718,28.3915,501,34931,0.194257,0.25,1,432783,432282,501
34131221,27.4544,60.0783,452,34992,0.206851,0.25,1,432802,432350,452
34134141,34.2909,28.0157,468,35052,0.22537,0.21,1,432838,432370,468
34137061,25.2582,35.2031,454,35112,0.261074,0.19,1,432861,432407,454
34139981,29.8516,27.8406,459,35172,0.284215,0.17,1,432892,432433,459
34142901,74.7703,29.5681,515,35232,0.272843,0.23,1,432978,432463,515
34145821,42.1541,72.3136,466,35292,0.270569,0.21,1,433012,432546,466
34148741,44.4308,42.4627,476,35352,0.254114,0.21,1,433057,432581,476
34151661,31.2862,42.8925,461,35412,0.266823,0.25,1,433085,432624,461
34154581,31.8572,30.9785,465,35472,0.301365,0.21,1,433117,432652,465
34157501,28.7714,31.7957,461,35532,0.324273,0.21,1,433145,432684,461
34160421,60.1543,30.3591,499,35591,0.392855,0.19,1,433213,432714,499
34163341,28.0309,61.2718,450,35650,0.406571,0.21,1,433233,432783,450
34166261,7.20617,27.4544,433,35709,0.409314,0.23,1,433235,432802,433
34169181,31.0412,34.2909,434,35768,0.441863,0.27,1,433272,432838,434
34172101,25.4082,25.2582,435,35827,0.464373,0.29,1,433296,432861,435
34175021,30.6816,29.8516,436,35886,0.484875,0.27,1,433328,432892,436
34177941,74.1363,74.7703,435,35945,0.520975,0.27,1,433413,432978,435
34180861,42.0273,42.1541,435,36004,0.528195,0.25,1,433447,433012,435
34183781,43.6055,44.4308,434,36063,0.545639,0.27,1,433491,433057,434
34186701,32.7211,31.2862,436,36122,0.565128,0.31,1,433521,433085,436
34189621,33.7442,31.8572,438,36181,0.569026,0.33,1,433555,433117,438
34192541,29.1488,28.7714,438,36239,0.553805,0.41,1,433583,433145,438
34195461,63.4298,60.1543,442,36297,0.646761,0.41,1,433655,433213,442
34198381,28.686,28.0309,442,36355,0.665352,0.41,1,433675,433233,442
34201301,7.33719,7.20617,442,36413,0.66907,0.45,1,433677,433235,442
34204221,33.4674,31.0412,445,36471,0.669814,0.47,1,433717,433272,445
34207141,25.8935,25.4082,445,36529,0.717963,0.49,1,433741,433296,445
34210061,31.5787,30.6816,446,36587,0.711593,0.53,1,433774,433328,446
34212981,74.3157,74.1363,446,36645,0.726319,0.53,1,433859,433413,446
34215901,42.0631,42.0273,446,36703,0.729264,0.55,1,433893,433447,446
34218821,44.4126,43.6055,447,36761,0.713853,0.57,1,433938,433491,447
34221741,35.2825,32.7211,450,36818,0.758771,0.57,2,433971,433521,450
34224661,33.4565,33.7442,449,36875,0.783754,0.55,2,434004,433555,449
34227581,29.0913,29.1488,449,36932,0.756751,0.67,2,434032,433583,449
34230501,68.2183,63.4298,455,36989,0.81535,0.67,2,434110,433655,455
34233421,29.6437,28.686,455,37046,0.85907,0.67,2,434130,433675,455
34236341,7.52873,7.33719,455,37103,0.915814,0.67,2,434132,433677,455
34239261,33.5057,33.4674,455,37160,0.911163,0.67,2,434172,433717,455
34242181,25.9011,6.69349,479,37217,0.926233,0.73,2,434196,433717,479
34420301,32,27,513,40533,0.75,1,2,436537,436024,513
34423221,36.8,39.8,508,40585,0.606,1,1,436575,436067,508
34426141,36.96,39.96,505,40637,0.5452,1,1,436612,436107,505
34429061,35.392,34.392,507,40689,0.46904,1,1,436647,436140,507
34431981,35.8784,29.2784,515,40741,0.357808,1,1,436683,436168,515
34434901,31.1757,33.8557,510,40793,0.239562,1,1,436713,436203,510
34437821,35.0351,33.1711,513,40845,0.199912,1,1,436749,436236,513
34440741,31.007,32.2342,511,40897,0.0959825,1,1,436779,436268,511
34443661,33.4014,34.4468,510,40949,0.0431965,1,1,436813,436303,510
34446581,36.2803,32.4894,515,41001,0.0166393,1,1,436850,436335,515
34449501,28.0561,38.4979,501,41052,0.0113279,1,1,436876,436375,501
34452421,52.8112,30.8996,531,41103,0.00226557,0.89,1,436935,436404,531
34455341,36.1622,59.7799,496,41154,0.000453114,0.89,1,436967,436471,496
34458261,29.6324,39.156,490,41205,0.00809062,0.75,1,436995,436505,490
34461181,33.9265,33.4312,493,41256,0.0256181,0.57,1,437030,436537,493
34464101,29.9853,37.0862,484,41307,0.0131236,0.53,1,437059,436575,484
34467021,29.1971,37.0172,476,41358,0.0266247,0.45,1,437088,436612,476
34469941,27.4394,35.4034,468,41409,0.0293249,0.33,1,437115,436647,468
34472861,27.8879,35.8807,460,41460,0.045865,0.21,1,437143,436683,460
34475781,31.1776,31.1761,462,41511,0.065173,0.19,1,437175,436713,462
34478701,7.83551,35.0352,428,41562,0.0690346,0.07,1,437177,436749,428
34481621,22.3671,31.007,424,41613,0.0538069,0.03,1,437203,436779,424
34484541,30.8734,33.4014,423,41664,0.0507614,0.01,1,437236,436813,423
34487461,36.5747,36.2803,424,41715,0.0101523,0.01,1,437274,436850,424
34490381,27.3149,28.0561,423,41766,0.0260305,0,1,437299,436876,423
34493301,52.663,52.8112,423,41817,0.0132061,0,1,437358,436935,423
34496221,35.3326,36.1622,422,41867,0.0426412,0.01,1,437389,436967,422
34499141,31.8665,29.6324,425,41917,0.00852824,0.03,1,437420,436995,425
34502061,32.7733,33.9265,423,41967,0.00970565,0.01,1,437453,437030,423
34504981,30.5547,29.9853,424,42017,0.0259411,0.03,1,437483,437059,424
34507901,28.5109,29.1971,423,42067,0.00518823,0.03,1,437511,437088,423
34510821,28.1022,27.4394,424,42117,0.0570376,0.05,1,437539,437115,424
34513741,28.0204,27.8879,424,42167,0.0994075,0.07,1,437567,437143,424
34516661,31.2041,31.1776,424,42217,0.139882,0.07,1,437599,437175,424
34519581,7.84082,7.83551,424,42267,0.147976,0.05,1,437601,437177,424
34522501,21.5682,22.3671,423,42317,0.133595,0.05,1,437626,437203,423
34525421,29.9136,30.8734,422,42367,0.194719,0,1,437658,437236,422
34528341,36.3827,36.5747,422,42417,0.190944,0.03,1,437696,437274,422
34531261,28.8765,27.3149,424,42467,0.110189,0.01,1,437723,437299,424
34534181,52.1753,52.663,423,42517,0.0780377,0.05,1,437781,437358,423
34537101,34.4351,35.3326,422,42567,0.0556075,0,1,437811,437389,422
34540021,31.687,31.8665,422,42617,0.0351215,0.01,1,437842,437420,422
34542941,33.5374,32.7733,423,42667,0.0310243,0.03,1,437876,437453,423
34545861,30.7075,30.5547,423,42716,0.0622049,0,1,437906,437483,423
34548781,27.7415,28.5109,422,42765,0.012441,0.07,1,437933,437511,422
34551701,27.9483,28.1022,422,42814,0.0424882,0.11,1,437961,437539,422
34554621,30.3897,28.0204,425,42863,0.112498,0.15,1,437992,437567,425
34557541,33.2779,31.2041,427,42912,0.0944995,0.15,1,438026,437599,427
34560461,8.25559,7.84082,427,42961,0.0908999,0.13,1,438028,437601,427
34563381,23.2511,21.5682,429,43010,0.12218,0.13,1,438055,437626,429
34566301,30.2502,4.31363,461,43059,0.144436,0.21,1,438087,437626,461
34569221,34.05,26.4627,464,43108,0.164887,0.19,1,438122,437658,464
34572141,26.01,35.6925,450,43157,0.184977,0.09,1,438146,437696,450
34575061,50.802,28.7385,480,43206,0.172995,0.07,1,438203,437723,480
34577981,33.3604,52.1477,451,43255,0.186599,0.05,1,438232,437781,451
34580901,31.4721,34.4295,452,43304,0.17332,0.03,1,438263,437811,452
34583821,34.2944,31.6859,456,43353,0.122664,0.03,1,438298,437842,456
34586741,30.0589,33.5372,451,43402,0.0965328,0.07,1,438327,437876,451
34589661,27.6118,30.7074,448,43451,0.0913066,0,1,438354,437906,448
34592581,29.5224,27.7415,451,43500,0.0742613,0.05,1,438384,437933,451
34595501,32.3045,27.9483,456,43549,0.0868523,0.13,1,438417,437961,456
34598421,33.6609,30.3897,459,43597,0.10537,0.09,1,438451,437992,459
34601341,8.33218,33.2779,427,43645,0.109074,0.09,1,438453,438026,427
34604261,24.8664,8.25559,454,43693,0.157815,0.13,1,438482,438028,454
34607181,32.1733,23.2511,461,43741,0.167563,0.15,1,438516,438055,461
34610101,34.4347,30.2502,464,43789,0.153513,0.17,1,438551,438087,464
34613021,26.8869,34.05,454,43837,0.150703,0.19,1,438576,438122,454
34615941,50.9774,26.01,487,43885,0.198141,0.17,1,438633,438146,487
34618861,33.3955,50.802,459,43933,0.191628,0.19,1,438662,438203,459
34621781,29.0791,33.3604,458,43981,0.190326,0.17,1,438690,438232,458
34624701,33.0158,31.4721,461,44029,0.190065,0.11,1,438724,438263,461
34627621,29.0032,34.2944,454,44077,0.206013,0.09,1,438752,438298,454
34630541,26.6006,30.0589,451,44125,0.225203,0.09,1,438778,438327,451
34633461,29.3201,27.6118,454,44173,0.229041,0.07,1,438808,438354,454
34636381,33.864,29.5224,459,44221,0.245808,0.09,1,438843,438384,459
34639301,34.7728,32.3045,461,44269,0.249162,0.11,1,438878,438417,461
34642221,8.55456,33.6609,429,44317,0.217832,0.11,1,438880,438451,429
34645141,26.5109,8.33218,458,44365,0.243566,0.17,1,438911,438453,458
34648061,32.5022,24.8664,463,44413,0.216713,0.17,1,438945,438482,463
34650981,33.7004,32.1733,463,44460,0.211343,0.15,1,438979,438516,463
34653901,8.34009,34.4347,430,44507,0.210269,0.15,1,438981,438551,430
34656821,21.668,26.8869,430,44554,0.242054,0.21,1,439006,438576,430
34659741,51.5336,50.9774,432,44601,0.280411,0.19,1,439065,438633,432
34662661,32.7067,33.3955,431,44648,0.320082,0.19,1,439093,438662,431
34665581,28.9413,29.0791,431,44695,0.312016,0.19,1,439121,438690,431
34668501,32.9883,33.0158,431,44742,0.310403,0.21,1,439155,438724,431
34671421,29.7977,29.0032,432,44789,0.358081,0.23,1,439184,438752,432
34674341,27.5595,26.6006,433,44836,0.351616,0.23,1,439211,438778,433
34677261,29.5119,29.3201,433,44883,0.414323,0.25,1,439241,438808,433
34680181,33.1024,33.864,432,44930,0.410865,0.25,1,439275,438843,432
34683101,34.6205,34.7728,432,44977,0.426173,0.21,1,439310,438878,432
34686021,8.52409,8.55456,432,45024,0.429235,0.25,1,439312,438880,432
34688941,28.1048,26.5109,434,45071,0.445847,0.21,1,439345,438911,434
34691861,31.221,32.5022,432,45118,0.449169,0.21,1,439377,438945,432
34694781,33.4442,33.7004,432,45165,0.465834,0.21,1,439411,438979,432
34697701,8.28884,8.34009,432,45212,0.469167,0.25,1,439413,438981,432
34700621,21.6578,21.668,432,45259,0.469833,0.29,1,439438,439006,432
34703541,54.7316,51.5336,436,45306,0.549967,0.33,1,439501,439065,436
34706461,34.1463,32.7067,437,45353,0.597993,0.31,1,439530,439093,437
34709381,29.2293,28.9413,437,45400,0.623599,0.31,1,439558,439121,437
34712301,33.0459,32.9883,437,45446,0.62872,0.37,1,439592,439155,437
34715221,30.6092,29.7977,438,45492,0.629744,0.35,1,439622,439184,438
34718141,28.5218,27.5595,439,45538,0.661949,0.43,1,439650,439211,439
34721061,31.3044,29.5119,441,45584,0.66839,0.41,1,439682,439241,441
34723981,34.2609,33.1024,442,45630,0.653678,0.43,1,439717,439275,442
34726901,34.0522,34.6205,441,45676,0.650736,0.43,1,439751,439310,441
34729821,8.41043,8.52409,441,45722,0.682147,0.45,1,439753,439312,441
34732741,28.8821,28.1048,442,45768,0.704429,0.45,1,439787,439345,442
34735661,31.3764,31.221,442,45814,0.708886,0.47,1,439819,439377,442
34738581,35.0753,33.4442,444,45860,0.725777,0.47,1,439855,439411,444
34741501,8.61506,8.28884,444,45906,0.729155,0.47,1,439857,439413,444
34744421,22.523,21.6578,445,45952,0.761831,0.47,2,439883,439438,445
34747341,58.1046,4.33155,512,45998,0.784366,0.57,2,439950,439438,512
34750261,35.6209,51.2663,479,46044,0.804873,0.61,2,439980,439501,479
34753181,29.5242,33.4533,478,46090,0.808975,0.63,2,440008,439530,478
34756101,33.1048,29.0907,484,46136,0.841795,0.63,2,440042,439558,484
34759021,30.621,33.0181,480,46182,0.848359,0.63,2,440072,439592,480
34761941,30.1242,30.6036,480,46228,0.817672,0.67,2,440102,439622,480
34764861,33.2248,28.5207,486,46274,0.811534,0.67,2,440136,439650,486
34767781,33.845,31.3041,488,46320,0.826307,0.65,2,440170,439682,488
34770701,33.969,34.2608,487,46366,0.845261,0.65,2,440204,439717,487
34773621,8.3938,34.0522,455,46411,0.849052,0.69,2,440206,439751,455
34776541,31.2788,8.41043,490,46456,0.88181,0.71,2,440243,439753,490
34779461,31.8558,28.8821,488,46501,0.888362,0.71,2,440275,439787,488
34782381,35.9712,31.3764,493,46546,0.921672,0.73,2,440312,439819,493
34785301,8.79423,35.0753,459,46591,0.944335,0.73,2,440314,439855,459
34796981,30,30,491,46771,0.95,0.81,2,440471,439980,491
34992621,24,32,512,49701,0.67,1,1,442483,441971,512
34995541,21.6,28,506,49743,0.606,1,1,442504,441998,506
34998461,33.12,24.8,518,49785,0.4812,1,1,442540,442022,518
35001381,31.424,28.16,520,49827,0.34424,1,1,442571,442051,520
35004301,27.8848,32.032,514,49869,0.236848,1,1,442598,442084,514
35007221,26.377,29.6064,511,49911,0.11937,1,1,442624,442113,511
35010141,34.0754,29.1213,518,49953,0.0478739,1,1,442660,442142,518
35013061,32.4151,35.4243,513,49995,0.00957478,1,1,442692,442179,513
35015981,28.083,31.8849,509,50037,0.00991496,1,1,442719,442210,509
35018901,18.4166,27.177,499,50079,0.00998299,1,1,442735,442236,499
35021821,28.4833,20.6354,511,50121,0.0019966,1,1,442766,442255,511
35024741,40.8967,38.5271,512,50163,0.120399,1,1,442810,442298,512
35027661,30.5793,38.1054,502,50205,0.0640799,0.8,1,442838,442336,502
35030581,25.3159,33.2211,494,50247,0.020816,1,1,442862,442368,494
35033501,33.0632,27.4442,503,50289,0.0441632,0.91,1,442897,442394,503
35036421,8.21263,35.8888,467,50331,0.0488326,0.81,1,442899,442432,467
35039341,17.6425,28.7778,460,50373,0.0497665,0.67,1,442919,442459,460
35042261,17.1285,24.9556,453,50415,0.0179533,0.59,1,442936,442483,453
35045181,13.8257,21.7911,445,50457,0.0755907,0.45,1,442949,442504,445
35048101,26.7651,33.1582,439,50499,0.0391181,0.31,1,442979,442540,439
35051021,25.353,31.4316,433,50541,0.0478236,0.21,1,443004,442571,433
35053941,23.4706,27.8863,429,50583,0.0655647,0.09,1,443027,442598,429
35056861,22.2941,26.3773,425,50625,0.0531129,0.03,1,443049,442624,425
35059781,32.4588,34.0755,424,50667,0.0826226,0,1,443084,442660,424
35062701,30.4918,32.4151,422,50709,0.0245245,0.01,1,443114,442692,422
35065621,27.6984,28.083,422,50751,0.0769049,0.01,1,443141,442719,422
35068541,19.9397,18.4166,424,50793,0.023381,0,1,443159,442735,424
35071461,28.7879,28.4833,424,50834,0.0286762,0.15,1,443190,442766,424
35074381,40.9576,40.8967,424,50875,0.0137352,0.05,1,443234,442810,424
35077301,28.9915,30.5793,422,50916,0.0747471,0.01,1,443260,442838,422
35080221,25.7983,25.3159,423,50957,0.0389494,0.05,1,443285,442862,423
35083141,33.1597,33.0632,423,50998,0.0477899,0.05,1,443320,442897,423
35086061,8.23193,8.21263,423,51039,0.049558,0.05,1,443322,442899,423
35088981,17.6464,17.6425,423,51080,0.129912,0.01,1,443342,442919,423
35091901,17.1293,17.1285,423,51121,0.145982,0.09,1,443359,442936,423
35094821,13.0259,13.8257,422,51162,0.117196,0.03,1,443371,442949,422
35097741,26.6052,26.7651,422,51203,0.0794393,0.05,1,443401,442979,422
35100661,25.321,25.353,422,51244,0.0878879,0.07,1,443426,443004,422
35103581,24.2642,23.4706,423,51285,0.0575776,0.05,1,443450,443027,423
35106501,21.6528,22.2941,422,51326,0.0675155,0.09,1,443471,443049,422
35109421,32.3306,32.4588,422,51367,0.117503,0.01,1,443506,443084,422
35112341,30.4661,30.4918,422,51408,0.127501,0.09,1,443536,443114,422
35115261,27.6932,27.6984,422,51449,0.0655001,0.01,1,443563,443141,422
35118181,19.9386,19.9397,422,51490,0.0131,0.03,1,443581,443159,422
35121101,31.1877,28.7879,425,51531,0.01062,0.01,1,443615,443190,425
35124021,40.6375,40.9576,424,51572,0.026124,0.09,1,443658,443234,424
35126941,28.9275,28.9915,424,51613,0.0132248,0.03,1,443684,443260,424
35129861,24.1855,25.7983,422,51654,0.010645,0.05,1,443707,443285,422
35132781,35.2371,33.1597,425,51695,0.042129,0.05,1,443745,443320,425
35135701,8.64742,8.23193,425,51736,0.0484258,0.15,1,443747,443322,425
35138621,19.3295,17.6464,427,51777,0.0656852,0.15,1,443769,443342,427
35141541,16.6659,3.52928,443,51818,0.037137,0.15,1,443785,443342,443
35144461,11.3332,14.3059,436,51859,0.0314274,0.11,1,443795,443359,436
35147381,26.2666,12.4612,454,51900,0.0302855,0.07,1,443825,443371,454
35150301,24.4533,26.4922,448,51941,0.0300571,0.09,1,443849,443401,448
35153221,24.0907,25.2984,447,51982,0.0460114,0.05,1,443873,443426,447
35156141,22.4181,24.2597,445,52023,0.0492023,0.07,1,443895,443450,445
35159061,33.2836,21.6519,460,52063,0.0818405,0.13,1,443931,443471,460
35161981,27.4567,32.3304,451,52103,0.0883681,0.13,1,443957,443506,451
35164901,27.0913,30.4661,448,52143,0.0736736,0.05,1,443984,443536,448
35167821,19.8183,27.6932,439,52183,0.0227347,0,1,444002,443563,439
35170741,31.1637,19.9386,455,52223,0.0125469,0.01,1,444036,443581,455
35173661,40.6327,31.1877,464,52263,0.0265094,0.03,1,444079,443615,464
35176581,28.9265,40.6375,447,52303,0.0453019,0.01,1,444105,443658,447
35179501,24.1853,28.9275,444,52343,0.0330604,0.01,1,444128,443684,444
35182421,37.6371,24.1855,462,52383,0.0306121,0.05,1,444169,443707,462
35185341,9.12741,35.2371,426,52423,0.0941224,0.05,1,444171,443745,426
35188261,17.8255,8.64742,444,52463,0.0908245,0.07,1,444191,443747,444
35191181,16.3651,19.3295,438,52503,0.0901649,0.03,1,444207,443769,438
35194101,11.273,16.6659,432,52543,0.090033,0.03,1,444217,443785,432
35197021,26.2546,11.3332,452,52583,0.154007,0.03,1,444247,443795,452
35199941,24.4509,26.2666,446,52623,0.166801,0.03,1,444271,443825,446
35202861,24.8902,24.4533,447,52663,0.15336,0.05,1,444296,443849,447
35205781,23.378,24.0907,446,52703,0.166672,0.05,1,444319,443873,446
35208701,34.2756,22.4181,461,52743,0.153334,0.09,1,444356,443895,461
35211621,27.6551,33.2836,451,52783,0.166667,0.09,1,444382,443931,451
35214541,27.131,27.4567,452,52823,0.169333,0.07,1,444409,443957,452
35217461,17.4262,27.0913,440,52863,0.185867,0.01,1,444424,443984,440
35220381,30.6852,19.8183,456,52903,0.109173,0.01,1,444458,444002,456
35223301,41.337,31.1637,466,52943,0.0458347,0.03,1,444502,444036,466
35226221,29.0674,40.6327,449,52983,0.0331669,0.05,1,444528,444079,449
35229141,22.6135,28.9265,444,53023,0.0146334,0.03,1,444549,444105,444
35232061,39.7227,24.1853,465,53063,0.0429267,0.03,1,444593,444128,465
35234981,9.54454,37.6371,426,53103,0.0485853,0.11,1,444595,444169,426
35237901,18.7089,9.12741,445,53143,0.0497171,0.09,1,444616,444171,445
35240821,16.5418,17.8255,441,53183,0.0499434,0.09,1,444632,444191,441
35243741,12.1084,16.3651,436,53223,0.0659887,0.09,1,444643,444207,436
35246661,4.02167,11.273,428,53263,0.0691977,0.17,1,444645,444217,428
35249581,26.4043,26.2546,430,53303,0.10184,0.17,1,444677,444247,430
35252501,24.4809,24.4509,430,53342,0.124368,0.15,1,444701,444271,430
35255421,24.0962,24.8902,429,53381,0.144874,0.17,1,444725,444296,429
35258341,22.4192,23.378,428,53420,0.116975,0.15,1,444747,444319,428
35261261,35.6838,34.2756,430,53459,0.127395,0.17,1,444786,444356,430
35264181,28.7368,27.6551,431,53498,0.129479,0.17,1,444813,444382,431
35267101,28.1474,27.131,432,53537,0.129896,0.19,1,444841,444409,432
35270021,16.8295,17.4262,431,53576,0.129979,0.09,1,444855,444424,431
35272941,26.5659,30.6852,426,53615,0.177996,0.03,1,444884,444458,426
35275861,37.3132,41.337,422,53654,0.187599,0.03,1,444924,444502,422
35278781,29.0626,29.0674,423,53693,0.17352,0.01,1,444951,444528,423
35281701,21.8125,22.6135,422,53732,0.186704,0.05,1,444971,444549,422
35284621,41.1625,39.7227,424,53771,0.205341,0.05,1,445017,444593,424
35287541,9.8325,9.54454,424,53810,0.177068,0.05,1,445019,444595,424
35290461,18.7665,18.7089,424,53849,0.155414,0.05,1,445040,444616,424
35293381,16.5533,16.5418,424,53888,0.151083,0.07,1,445056,444632,424
35296301,12.9107,12.1084,425,53927,0.198217,0.07,1,445068,444643,425
35299221,4.18213,4.02167,425,53966,0.175643,0.11,1,445070,444645,425
35302141,27.2364,26.4043,426,54005,0.203129,0.13,1,445103,444677,426
35305061,25.4473,24.4809,427,54044,0.240626,0.15,1,445128,444701,427
35307981,24.2895,24.0962,427,54083,0.264125,0.11,1,445152,444725,427
35310901,22.4579,22.4192,427,54122,0.300825,0.13,1,445174,444747,427
35313821,34.8916,35.6838,426,54161,0.356165,0.13,1,445212,444786,426
35316741,28.5783,28.7368,426,54200,0.383233,0.13,1,445239,444813,426
35319661,28.1157,28.1474,426,54239,0.388647,0.13,1,445267,444841,426
35322581,17.6231,16.8295,427,54278,0.373729,0.19,1,445282,444855,427
35325501,28.3246,26.5659,429,54317,0.354746,0.19,1,445313,444884,429
35328421,37.6649,37.3132,429,54356,0.382949,0.17,1,445353,444924,429
35331341,29.133,29.0626,429,54395,0.42059,0.19,1,445380,444951,429
35334261,21.8266,21.8125,429,54434,0.428118,0.21,1,445400,444971,429
35337181,41.9653,41.1625,430,54473,0.477624,0.17,1,445447,445017,430
35340101,9.99306,9.8325,430,54512,0.487525,0.15,1,445449,445019,430
35343021,17.9986,18.7665,429,54551,0.489505,0.15,1,445469,445040,429
35345941,16.3997,16.5533,429,54590,0.489901,0.21,1,445485,445056,429
35348861,13.6799,12.9107,430,54629,0.47398,0.17,1,445498,445068,430
35351781,4.33599,4.18213,430,54668,0.470796,0.21,1,445500,445070,430
35354701,28.8672,27.2364,432,54706,0.502159,0.21,1,445535,445103,432
35357621,27.3734,5.44728,459,54744,0.508432,0.25,1,445562,445103,459
35360541,25.4747,21.0895,459,54782,0.509686,0.27,1,445587,445128,459
35363461,23.4949,23.4179,458,54820,0.493937,0.31,1,445610,445152,458
35366381,35.899,22.2836,475,54858,0.506787,0.37,1,445649,445174,475
35369301,29.5798,34.8567,465,54896,0.509358,0.39,1,445677,445212,465
35372221,28.316,28.5713,466,54934,0.525872,0.39,1,445705,445239,466
35375141,18.4632,28.1143,454,54972,0.529174,0.37,1,445721,445267,454
35378061,27.6926,17.6229,469,55010,0.545835,0.35,1,445751,445282,469
35380981,39.9385,28.3246,481,55048,0.533167,0.39,1,445794,445313,481
35383901,28.7877,37.6649,467,55086,0.562633,0.43,1,445820,445353,467
35386821,22.5575,29.133,461,55124,0.552527,0.43,1,445841,445380,461
35389741,43.7115,21.8266,490,55162,0.534505,0.49,1,445890,445400,490
35392661,10.3423,41.9653,445,55200,0.530901,0.49,1,445892,445447,445
35395581,18.0685,9.99306,463,55238,0.54618,0.49,1,445912,445449,463
35398501,16.4137,17.9986,459,55276,0.581236,0.49,1,445928,445469,459
35401421,14.4827,16.3997,457,55314,0.588247,0.47,1,445942,445485,457
35404341,4.49655,13.6799,446,55352,0.589649,0.47,1,445944,445498,446
35407261,31.2993,4.33599,482,55390,0.62193,0.51,1,445982,445500,482
35410181,27.8599,28.8672,474,55428,0.580386,0.51,1,446009,445535,474
35413101,24.772,27.3734,471,55466,0.604077,0.51,1,446033,445562,471
35416021,22.5544,25.4747,468,55504,0.624815,0.49,1,446055,445587,468
35418941,36.5109,23.4949,485,55542,0.644963,0.51,1,446095,445610,485
35421861,29.7022,35.899,474,55580,0.664993,0.51,1,446123,445649,474
35424781,29.1404,29.5798,475,55618,0.668999,0.53,1,446152,445677,475
35427701,18.6281,28.316,463,55656,0.6698,0.53,1,446168,445705,463
35430621,28.5256,18.4632,478,55694,0.65396,0.55,1,446199,445721,478
35433541,40.9051,27.6926,492,55732,0.650792,0.53,1,446243,445751,492
35436461,28.981,39.9385,475,55770,0.698158,0.57,1,446269,445794,475
35439381,21.7962,28.7877,469,55808,0.707632,0.55,1,446289,445820,469
35442301,43.5592,22.5575,497,55846,0.725526,0.53,1,446338,445841,497
35445221,10.3118,43.7115,450,55884,0.761105,0.53,2,446340,445890,450
35448141,19.6624,10.3423,470,55922,0.768221,0.55,2,446362,445892,470
35451061,16.7325,18.0685,466,55960,0.769644,0.59,2,446378,445912,466
35453981,14.5465,16.4137,464,55998,0.769929,0.59,2,446392,445928,464
35456901,4.5093,14.4827,452,56036,0.769986,0.59,2,446394,445942,452
35459821,31.3019,4.49655,488,56074,0.769997,0.63,2,446432,445944,488
35462741,27.8604,31.2993,477,56112,0.801999,0.57,2,446459,445982,477
35465661,25.5721,27.8599,475,56149,0.7604,0.61,2,446484,446009,475
35468581,6.71441,24.772,453,56186,0.75208,0.63,2,446486,446033,453
35471501,18.9429,22.5544,453,56223,0.798416,0.65,2,446508,446055,453
35474421,36.5886,36.5109,454,56260,0.775683,0.67,2,446549,446095,454
35477341,30.5177,29.7022,455,56297,0.787137,0.67,2,446578,446123,455
35480261,29.3035,29.1404,455,56334,0.853427,0.67,2,446607,446152,455
35483181,18.6607,18.6281,455,56371,0.834685,0.65,2,446623,446168,455
35486101,27.7321,28.5256,454,56408,0.878937,0.65,2,446653,446199,454
35489021,41.5464,40.9051,455,56445,0.871787,0.71,2,446698,446243,455
35491941,30.7093,28.981,457,56482,0.902357,0.71,2,446726,446269,457
35494861,22.9419,21.7962,458,56519,0.908472,0.73,2,446747,446289,458
35497781,45.3884,43.5592,460,56556,0.909694,0.77,2,446798,446338,460
35500701,10.6777,10.3118,460,56593,0.909939,0.77,2,446800,446340,460
35503621,19.7355,19.6624,460,56630,0.909988,0.77,2,446822,446362,460
35837961,47,38,495,30337,0.49,1,1,451141,450646,495
35840881,61.4,71.6,480,30407,0.33,1,1,451206,450726,480
35843801,50.68,45.52,489,30477,0.202,1,1,451254,450765,489
35846721,39.736,44.304,482,30546,0.0804,1,1,451291,450809,482
35849641,34.3472,30.4608,488,30615,0.05608,1,1,451324,450836,488
35852561,34.0694,36.4922,484,30684,0.067216,1,1,451358,450874,484
35855481,29.2139,31.2984,482,30753,0.0374432,1,1,451386,450904,482
35858401,50.6428,51.8597,481,30822,0.0634886,0.89,1,451442,450961,481
35861321,26.9286,40.7719,464,30891,0.100698,0.49,1,451463,450999,464
35864241,70.9857,84.1544,451,30960,0.10814,0.49,1,451545,451094,451
35867161,47.7971,54.4309,446,31028,0.109628,0.29,1,451587,451141,446
35870081,52.7594,62.8862,435,31096,0.125926,0.17,1,451641,451206,435
35873001,44.9519,50.9772,430,31164,0.161185,0.05,1,451684,451254,430
35875921,33.7904,39.7954,424,31232,0.120237,0.05,1,451715,451291,424
35878841,32.3581,34.3591,423,31300,0.0800474,0.05,1,451747,451324,423
35881761,34.4716,6.87182,458,31368,0.0560095,0.07,1,451782,451324,458
35884681,28.4943,28.5744,451,31435,0.0352019,0.03,1,451809,451358,451
35887601,49.6989,28.1149,478,31502,0.0470404,0.07,1,451864,451386,478
35890521,28.3398,50.423,445,31569,0.0494081,0.11,1,451887,451442,445
35893441,72.868,26.8846,508,31636,0.145882,0.11,1,451971,451463,508
35896361,46.5736,70.9769,466,31703,0.213176,0.11,1,452011,451545,466
35899281,53.3147,47.7954,479,31770,0.226635,0.13,1,452066,451587,479
35902201,48.2629,52.7591,472,31837,0.229327,0.17,1,452113,451641,472
35905121,32.0526,44.9518,457,31903,0.229865,0.11,1,452141,451684,457
35908041,30.4105,33.7904,456,31969,0.229973,0.07,1,452171,451715,456
35910961,33.2821,32.3581,458,32035,0.229995,0.05,1,452205,451747,458
35913881,27.4564,34.4716,449,32101,0.229999,0.03,1,452231,451782,449
35916801,48.6913,28.4943,476,32167,0.214,0.05,1,452285,451809,476
35919721,31.3383,49.6989,448,32233,0.1788,0.05,1,452312,451864,448
35922641,77.4677,28.3398,514,32299,0.18776,0.17,1,452401,451887,514
35925561,49.0935,72.868,472,32364,0.189552,0.23,1,452443,451971,472
35928481,54.6187,46.5736,488,32429,0.20591,0.23,1,452499,452011,488
35931401,47.7237,53.3147,479,32494,0.257182,0.23,1,452545,452066,479
35934321,31.9447,48.2629,460,32559,0.267436,0.23,1,452573,452113,460
35937241,30.3889,32.0526,462,32624,0.269487,0.23,1,452603,452141,462
35940161,33.2778,30.4105,466,32689,0.269897,0.23,1,452637,452171,466
35943081,27.4556,33.2821,458,32754,0.26998,0.23,1,452663,452205,458
35946001,7.09111,27.4564,434,32819,0.269996,0.21,1,452665,452231,434
35948921,42.2182,48.6913,431,32883,0.285999,0.17,1,452716,452285,431
35951841,30.0436,31.3383,431,32947,0.3052,0.19,1,452743,452312,431
35954761,77.2087,77.4677,431,33011,0.37304,0.19,1,452832,452401,431
35957681,49.0417,49.0935,431,33075,0.418608,0.21,1,452874,452443,431
35960601,55.4084,54.6187,432,33139,0.443722,0.27,1,452931,452499,432
35963521,50.2817,47.7237,435,33203,0.528744,0.27,1,452980,452545,435
35966441,32.4563,31.9447,435,33267,0.561749,0.27,1,453008,452573,435
35969361,30.4913,30.3889,435,33331,0.56835,0.27,1,453038,452603,435
35972281,33.2983,33.2778,435,33394,0.56967,0.27,1,453072,452637,435
35975201,27.4597,27.4556,435,33457,0.569934,0.27,1,453098,452663,435
35978121,7.09193,7.09111,435,33520,0.601987,0.29,1,453100,452665,435
35981041,43.0184,42.2182,436,33583,0.592397,0.31,1,453152,452716,436
35983961,29.4037,30.0436,435,33646,0.606479,0.39,1,453178,452743,435
35986881,80.2807,77.2087,439,33709,0.689296,0.43,1,453271,452832,439
35989801,51.2561,49.0417,441,33772,0.689859,0.45,1,453315,452874,441
35992721,59.0512,55.4084,445,33835,0.721972,0.55,1,453376,452931,445
35995641,55.0102,50.2817,450,33897,0.776394,0.57,2,453430,452980,450
35998561,33.402,32.4563,450,33959,0.787279,0.57,2,453458,453008,450
36001481,30.6804,30.4913,450,34021,0.837456,0.57,2,453488,453038,450
36004401,33.3361,33.2983,450,34083,0.847491,0.57,2,453522,453072,450
36007321,27.4672,27.4597,450,34145,0.817498,0.61,2,453548,453098,450
36010241,7.09344,7.09193,450,34207,0.8115,0.61,2,453550,453100,450
36013161,43.0187,1.41839,502,34269,0.8103,0.59,2,453602,453100,502
36016081,30.2037,41.8837,477,34331,0.79406,0.61,2,453629,453152,477
36019001,82.8408,29.1767,547,34393,0.790812,0.71,2,453725,453178,547
36021921,50.9682,80.2353,497,34454,0.822162,0.69,2,453768,453271,497
36024841,62.1936,51.2471,518,34515,0.860432,0.73,2,453833,453315,518
36027761,57.2387,59.0494,513,34576,0.932086,0.79,2,453889,453376,513
36030681,35.4477,55.0099,489,34637,0.882417,0.79,2,453919,453430,489
36033601,31.0895,33.402,491,34698,0.888484,0.85,2,453949,453458,491
36036521,33.4179,30.6804,495,34759,0.889697,0.85,2,453983,453488,495
36039441,27.4836,33.3361,487,34820,0.905939,0.81,2,454009,453522,487
36042361,7.09672,27.4672,463,34881,0.909188,0.81,2,454011,453548,463
36045281,43.0193,7.09344,513,34942,0.909838,0.81,2,454063,453550,513
36048201,29.4039,43.0187,487,35003,0.909968,0.79,2,454089,453602,487
36197121,76,26,554,37958,0.65,1,1,456216,455662,554
36200041,33.6,61.2,507,38014,0.602,1,1,456239,455732,507
36202961,36.32,41.84,507,38070,0.6244,1,1,456276,455769,507
36205881,51.264,37.168,526,38125,0.51688,1,1,456331,455805,526
36208801,35.0528,44.2336,511,38180,0.511376,1,1,456362,455851,511
36211721,29.4106,32.0467,510,38235,0.462275,1,1,456390,455880,510
36214641,44.2821,35.2093,522,38290,0.484455,1,1,456438,455916,522
36217561,24.0564,43.0419,496,38345,0.456891,1,1,456457,455961,496
36220481,28.0113,27.8084,501,38400,0.419378,1,1,456486,455985,501
36223401,32.8023,29.5617,505,38455,0.411876,0.95,1,456520,456015,505
36226321,46.5605,34.7123,519,38510,0.394375,0.85,1,456570,456051,519
36229241,34.1121,52.5425,493,38565,0.390875,0.77,1,456601,456108,493
36232161,59.6224,36.1085,527,38620,0.390175,0.65,1,456667,456140,527
36235081,13.5245,68.0217,453,38675,0.390035,0.59,1,456669,456216,453
36238001,19.5049,32.0043,451,38730,0.406007,0.63,1,456690,456239,451
36240921,31.101,36.0009,448,38785,0.409201,0.49,1,456724,456276,448
36243841,49.4202,51.2002,447,38839,0.40984,0.51,1,456778,456331,447
36246761,31.484,35.04,443,38893,0.425968,0.45,1,456805,456362,443
36249681,30.2968,29.408,445,38947,0.477194,0.49,1,456835,456390,445
36252601,42.0594,44.2816,442,39001,0.535439,0.45,1,456880,456438,442
36255521,24.4119,24.0563,443,39055,0.547088,0.41,1,456900,456457,443
36258441,25.6824,28.0113,440,39109,0.565418,0.41,1,456926,456486,440
36261361,33.9365,32.8023,442,39163,0.617083,0.39,1,456962,456520,442
36264281,46.7873,46.5605,442,39217,0.627417,0.39,1,457012,456570,442
36267201,33.3575,34.1121,441,39271,0.613483,0.39,1,457042,456601,441
36270121,61.0715,59.6224,443,39325,0.674697,0.39,1,457110,456667,443
36273041,13.8143,13.5245,443,39379,0.654939,0.41,1,457112,456669,443
36275961,20.3629,19.5049,444,39433,0.666988,0.41,1,457134,456690,444
36278881,29.6726,31.101,442,39487,0.669398,0.41,1,457166,456724,442
36281801,49.1345,49.4202,442,39540,0.63788,0.43,1,457220,456778,442
36284721,32.2269,31.484,443,39593,0.679576,0.49,1,457248,456805,443
36287641,31.2454,30.2968,444,39646,0.703915,0.55,1,457279,456835,444
36290561,44.6491,42.0594,447,39699,0.724783,0.55,1,457327,456880,447
36293481,26.5298,24.4119,449,39752,0.776957,0.57,2,457349,456900,449
36296401,27.706,25.6824,451,39805,0.787391,0.63,2,457377,456926,451
36299321,34.3412,33.9365,451,39858,0.805478,0.63,2,457413,456962,451
36302241,46.8682,46.7873,451,39911,0.873096,0.61,2,457463,457012,451
36305161,34.1736,33.3575,452,39964,0.918619,0.69,2,457494,457042,452
36308081,62.8347,61.0715,454,40017,0.927724,0.65,2,457564,457110,454
36311001,14.1669,13.8143,454,40070,0.929545,0.65,2,457566,457112,454
36313921,20.4334,2.76286,476,40123,0.897909,0.67,2,457588,457112,476
36316841,29.6867,18.1526,486,40176,0.891582,0.67,2,457620,457134,486
36319761,49.1373,29.2305,508,40229,0.922316,0.63,2,457674,457166,508
36322681,33.0275,49.0461,483,40281,0.944463,0.69,2,457703,457220,483
36325601,32.2055,32.2092,487,40333,0.948893,0.71,2,457735,457248,487
36621981,493,551,463,20440,0.05,0.69,1,461217,460754,463
36624901,186.6,170.2,498,20544,0.05,0.47,1,461327,460829,498
36627821,106.92,118.04,480,20647,0.114,0.15,1,461414,460934,480
36630741,51.784,84.408,442,20750,0.1428,0.05,1,461452,461010,442
36633661,72.7568,71.2816,452,20852,0.13256,0.05,1,461530,461078,452
36636581,52.9514,59.8563,443,20954,0.082512,0.03,1,461578,461135,443
36639501,38.5903,55.9713,423,21055,0.104502,0.01,1,461613,461190,423
36642421,27.7181,25.5943,430,21156,0.0929005,0.05,1,461638,461208,430
36645341,96.7436,100.319,425,21256,0.13858,0.13,1,461752,461327,425
36648261,91.3487,89.6638,428,21356,0.115716,0.15,1,461842,461414,428
36651181,49.4697,48.3328,429,21455,0.127143,0.13,1,461881,461452,429
36654101,73.0939,72.0666,430,21554,0.177429,0.07,1,461960,461530,430
36657021,50.6188,52.8133,427,21652,0.171486,0.11,1,462005,461578,427
36659941,36.5238,38.5627,425,21750,0.202297,0.09,1,462038,461613,425
36662861,27.3048,27.7125,425,21848,0.224459,0.15,1,462063,461638,425
36665781,99.861,96.7425,429,21945,0.212892,0.11,1,462181,461752,429
36668701,90.3722,91.3485,427,22042,0.242578,0.13,1,462269,461842,427
36671621,48.4744,49.4697,426,22138,0.280516,0.19,1,462307,461881,426
36674541,76.8949,73.0939,431,22234,0.272103,0.17,1,462391,461960,431
36677461,51.379,50.6188,431,22329,0.254421,0.21,1,462436,462005,431
36680381,37.4758,36.5238,432,22424,0.218884,0.23,1,462470,462038,432
36683301,26.6952,27.3048,431,22519,0.227777,0.23,1,462494,462063,431
36686221,99.739,5.46095,549,22613,0.293555,0.21,1,462612,462063,549
36689141,91.9478,95.4922,521,22707,0.306711,0.25,1,462702,462181,521
36692061,49.5896,89.4984,472,22800,0.325342,0.29,1,462741,462269,472
36694981,75.5179,48.2997,516,22893,0.377068,0.27,1,462823,462307,516
36697901,50.3036,76.8599,476,22986,0.419414,0.25,1,462867,462391,476
36700821,38.0607,51.372,466,23078,0.427883,0.21,1,462902,462436,466
36703741,26.8121,37.4744,456,23170,0.429577,0.23,1,462926,462470,456
36706661,102.962,26.6949,554,23261,0.413915,0.31,1,463048,462494,554
36709581,92.5925,99.739,526,23352,0.490783,0.31,1,463138,462612,526
36712501,50.5185,91.9478,476,23443,0.522157,0.33,1,463178,462702,476
36715421,78.1037,49.5896,522,23533,0.576431,0.39,1,463263,462741,522
36718341,53.2207,75.5179,487,23623,0.635286,0.43,1,463310,462823,487
36721261,37.8441,50.3036,477,23713,0.679057,0.43,1,463344,462867,477
36724181,26.7688,38.0607,466,23802,0.687811,0.43,1,463368,462902,466
36727101,102.954,26.8121,564,23891,0.737562,0.41,1,463490,462926,564
36730021,95.7908,102.962,536,23980,0.827512,0.51,2,463584,463048,536
36732941,20.7582,92.5925,448,24068,0.845502,0.53,2,463586,463138,448
36735861,36.1516,50.5185,448,24156,0.865101,0.59,2,463626,463178,448
36738781,77.6303,78.1037,451,24244,0.83702,0.65,2,463714,463263,451
36741701,57.1261,53.2207,456,24331,0.847404,0.69,2,463766,463310,456
36744621,38.6252,37.8441,456,24418,0.897481,0.69,2,463800,463344,456
36747541,26.925,26.7688,456,24505,0.923496,0.75,2,463824,463368,456
36858501,75,95,473,27599,0.77,1,2,466074,465601,473
36861421,57.4,46.2,492,27676,0.642,1,1,466127,465635,492
36864341,52.28,34.84,511,27753,0.4884,1,1,466178,465667,511
36867261,37.656,32.568,513,27829,0.42568,1,1,466212,465699,513
36870181,17.1312,32.1136,493,27905,0.381136,1,1,466224,465731,493
36873101,92.2262,102.423,484,27981,0.276227,1,1,466335,465851,484
36876021,88.8452,98.8845,474,28057,0.127245,0.9,1,466423,465949,474
36878941,38.569,43.7769,470,28132,0.129449,0.92,1,466449,465979,470
36881861,22.9138,24.7554,469,28207,0.0978898,0.77,1,466468,465999,469
36884781,54.9828,64.9511,457,28282,0.091578,0.61,1,466531,466074,457
36887701,46.1966,55.3902,448,28357,0.106316,0.61,1,466575,466127,448
36890621,43.6393,11.078,491,28432,0.0772631,0.45,1,466618,466127,491
36893541,34.3279,43.0156,472,28506,0.135453,0.41,1,466650,466178,472
36896461,17.2656,35.8031,451,28580,0.0990905,0.37,1,466663,466212,451
36899381,84.2531,16.7606,540,28654,0.123818,0.25,1,466764,466224,540
36902301,84.8506,92.1521,514,28728,0.192764,0.09,1,466849,466335,514
36905221,37.7701,88.8304,452,28802,0.174553,0.13,1,466875,466423,452
36908141,21.154,38.5661,443,28876,0.186911,0.09,1,466892,466449,443
36911061,55.4308,22.9132,488,28949,0.237382,0.09,1,466956,466468,488
36913981,47.0862,54.9826,470,29022,0.247476,0.11,1,467001,466531,470
36916901,42.2172,46.1965,467,29095,0.265495,0.07,1,467042,466575,467
36919821,35.6434,43.6393,458,29168,0.269099,0.15,1,467076,466618,458
36922741,16.7287,34.3279,438,29241,0.30182,0.09,1,467088,466650,438
36925661,84.1457,17.2656,526,29313,0.356364,0.13,1,467189,466663,526
36928581,89.6292,84.2531,516,29385,0.415273,0.21,1,467280,466764,516
36931501,37.1258,84.8506,455,29457,0.427055,0.17,1,467304,466849,455
36934421,21.8252,37.7701,447,29529,0.429411,0.19,1,467322,466875,447
36937341,57.965,21.154,497,29601,0.477882,0.25,1,467389,466892,497
36940261,47.593,55.4308,478,29673,0.503576,0.25,1,467434,466956,478
36943181,43.1186,47.0862,475,29744,0.540715,0.27,1,467476,467001,475
36946101,36.6237,42.2172,469,29815,0.596143,0.27,1,467511,467042,469
36949021,8.92474,35.6434,437,29886,0.607229,0.31,1,467513,467076,437
36951941,11.3849,16.7287,437,29957,0.609446,0.37,1,467525,467088,437
36954861,86.277,84.1457,441,30028,0.641889,0.43,1,467630,467189,441
36957781,91.6554,89.6292,443,30098,0.680378,0.43,1,467723,467280,443
36960701,37.5311,37.1258,443,30168,0.688076,0.43,1,467747,467304,443
36963621,22.7062,21.8252,444,30238,0.705615,0.49,1,467766,467322,444
36966541,59.7412,57.965,446,30308,0.741123,0.51,1,467835,467389,446
36969461,48.7482,47.593,447,30378,0.732225,0.55,1,467881,467434,447
36972381,46.5496,43.1186,451,30448,0.794445,0.61,2,467927,467476,451
36975301,38.1099,36.6237,452,30518,0.806889,0.61,2,467963,467511,452
36978221,9.22199,8.92474,452,30587,0.777378,0.61,2,467965,467513,452
36981141,11.4444,11.3849,452,30656,0.787476,0.65,2,467977,467525,452
36984061,86.2889,86.277,452,30725,0.789495,0.69,2,468082,467630,452
36986981,94.8578,91.6554,456,30794,0.805899,0.69,2,468179,467723,456
36989901,38.1716,37.5311,456,30863,0.85718,0.71,2,468203,467747,456
36992821,22.0343,22.7062,455,30932,0.883436,0.75,2,468221,467766,455
36995741,62.0069,59.7412,458,31000,0.856687,0.73,2,468293,467835,458
36998661,49.2014,48.7482,458,31068,0.851337,0.81,2,468339,467881,458
37001581,48.2403,46.5496,460,31136,0.834267,0.81,2,468387,467927,460
37004501,39.2481,38.1099,461,31204,0.878854,0.77,2,468424,467963,461
37007421,9.44961,9.22199,461,31272,0.903771,0.79,2,468426,467965,461
37010341,11.4899,11.4444,461,31340,0.908754,0.79,2,468438,467977,461
37013261,85.498,2.28888,565,31408,0.909751,0.79,2,468542,467977,565
37016181,96.2996,84.4578,559,31475,0.90995,0.81,2,468641,468082,559
37019101,39.2599,94.4916,487,31542,0.92599,0.87,2,468666,468179,487
37022021,22.252,38.0983,481,31609,0.929198,0.89,2,468684,468203,481
37130061,30,25,508,33998,0.69,1,1,470372,469864,508
37132981,24.4,26.6,504,34060,0.594,1,1,470395,469891,504
37135901,46.48,62.12,485,34122,0.5108,1,1,470447,469962,485
37138821,37.296,36.424,490,34184,0.47816,1,1,470482,469992,490
37141741,71.4592,72.0848,489,34246,0.311632,1,1,470562,470073,489
37144661,39.8918,14.417,521,34308,0.214326,1,1,470594,470073,521
37147581,19.1784,26.8834,505,34370,0.258865,1,1,470608,470103,505
37150501,52.6357,29.3767,536,34432,0.235773,1,1,470669,470133,536
37153421,33.7271,58.6753,499,34493,0.231155,1,1,470698,470199,499
37156341,53.1454,34.9351,528,34554,0.134231,0.9,1,470756,470228,528
37159261,46.6291,60.587,506,34615,0.0988462,0.71,1,470801,470295,506
37162181,30.9258,49.7174,486,34676,0.107769,0.69,1,470828,470342,486
37165101,20.5852,33.9435,474,34737,0.0935538,0.57,1,470846,470372,474
37168021,36.917,25.1887,492,34798,0.0427108,0.49,1,470887,470395,492
37170941,37.7834,46.6377,478,34859,0.0325422,0.47,1,470925,470447,478
37173861,62.7567,37.3275,512,34920,0.0785084,0.27,1,470994,470482,512
37176781,40.5513,71.4655,467,34981,0.103702,0.19,1,471029,470562,467
37179701,13.7103,39.8931,442,35041,0.0607403,0.27,1,471036,470594,442
37182621,52.3421,19.1786,490,35101,0.132148,0.23,1,471098,470608,490
37185541,31.2684,52.6357,455,35161,0.19443,0.23,1,471124,470669,455
37188461,51.8537,33.7271,483,35221,0.190886,0.11,1,471181,470698,483
37191381,46.3707,53.1454,470,35281,0.206177,0.09,1,471226,470756,470
37194301,30.8741,46.6291,452,35341,0.225235,0.11,1,471253,470801,452
37197221,18.9748,30.9258,441,35401,0.229047,0.09,1,471269,470828,441
37200141,35.795,20.5852,463,35461,0.261809,0.03,1,471309,470846,463
37203061,37.559,36.917,460,35521,0.268362,0.03,1,471347,470887,460
37205981,65.1118,37.7834,494,35581,0.333672,0.09,1,471419,470925,494
37208901,40.2224,62.7567,459,35640,0.362734,0.11,1,471453,470994,459
37211821,9.64447,40.5513,426,35699,0.368547,0.05,1,471455,471029,426
37214741,9.12889,13.7103,428,35758,0.385709,0.15,1,471464,471036,428
37217661,53.0258,52.3421,430,35817,0.373142,0.21,1,471528,471098,430
37220581,33.0052,31.2684,432,35876,0.370628,0.19,1,471556,471124,432
37223501,53.001,51.8537,433,35935,0.418126,0.21,1,471614,471181,433
37226421,47.4002,46.3707,434,35994,0.395625,0.23,1,471660,471226,434
37229341,30.28,30.8741,433,36053,0.407125,0.23,1,471686,471253,433
37232261,19.656,18.9748,434,36112,0.425425,0.27,1,471703,471269,434
37235181,38.3312,35.795,437,36171,0.445085,0.27,1,471746,471309,437
37238101,38.0662,37.559,437,36229,0.465017,0.35,1,471784,471347,437
37241021,67.6132,65.1118,440,36287,0.517003,0.37,1,471859,471419,440
37243941,40.7226,40.2224,440,36345,0.511401,0.37,1,471893,471453,440
37246861,9.74453,9.64447,440,36403,0.51028,0.39,1,471895,471455,440
37249781,8.34891,9.12889,439,36461,0.510056,0.37,1,471903,471464,439
37252701,52.0698,53.0258,438,36519,0.542011,0.37,1,471966,471528,438
37255621,32.814,33.0052,438,36577,0.564402,0.43,1,471994,471556,438
37258541,55.3628,53.001,441,36635,0.53688,0.39,1,472055,471614,441
37261461,48.6726,47.4002,442,36693,0.595376,0.41,1,472102,471660,442
37264381,30.5345,30.28,442,36751,0.607075,0.43,1,472128,471686,442
37267301,18.9069,19.656,441,36809,0.577415,0.45,1,472144,471703,441
37270221,39.7814,38.3312,443,36866,0.603483,0.47,1,472189,471746,443
37273141,39.1563,38.0662,444,36923,0.624697,0.53,1,472228,471784,444
37276061,69.4313,67.6132,446,36980,0.676939,0.51,1,472305,471859,446
37278981,41.8863,40.7226,447,37037,0.719388,0.51,1,472340,471893,447
37281901,9.97725,9.74453,447,37094,0.695878,0.51,1,472342,471895,447
37284821,8.39545,8.34891,447,37151,0.691176,0.51,1,472350,471903,447
37287741,51.2791,1.66978,509,37208,0.690235,0.55,1,472412,471903,509
37290661,33.4558,50.734,475,37265,0.722047,0.57,1,472441,471966,475
37293581,55.4912,32.5468,508,37322,0.760409,0.53,2,472502,471994,508
37296501,50.2982,55.3094,496,37379,0.768082,0.61,2,472551,472055,496
37299421,30.8596,48.6619,475,37436,0.769616,0.61,2,472577,472102,475
37302341,18.9719,30.5324,465,37492,0.769923,0.57,2,472593,472128,465
37305261,41.3944,18.9065,496,37548,0.785985,0.61,2,472640,472144,496
37308181,38.6789,39.7813,489,37604,0.821197,0.63,2,472678,472189,489
37311101,71.7358,39.1563,530,37660,0.764239,0.69,2,472758,472228,530
37314021,43.9472,69.4313,490,37716,0.768848,0.73,2,472795,472305,490
37316941,10.3894,41.8862,457,37772,0.78577,0.69,2,472797,472340,457
37319861,8.47789,9.97725,463,37828,0.789154,0.69,2,472805,472342,463
37322781,52.0956,8.39545,518,37884,0.805831,0.69,2,472868,472350,518
37325701,34.4191,51.2791,486,37940,0.841166,0.73,2,472898,472412,486
37328621,57.2838,33.4558,520,37996,0.896233,0.77,2,472961,472441,520
37477541,37,35,514,40734,0.63,1,1,474843,474329,514
37480461,33.8,32.6,515,40786,0.582,1,1,474876,474361,515
37483381,36.36,32.92,519,40838,0.4604,1,1,474913,474394,519
37486301,29.672,32.184,515,40890,0.35608,1,1,474941,474426,515
37489221,25.9344,31.2368,509,40942,0.271216,1,1,474966,474457,509
37492141,32.3869,28.6474,515,40994,0.142243,1,1,475000,474485,515
37495061,34.4774,41.7295,505,41045,0.0844486,1,1,475035,474530,505
37497981,70.0955,35.5459,550,41096,0.0408897,1,1,475114,474564,550
37500901,39.6191,71.1092,502,41147,0.0481779,0.85,1,475146,474644,502
37503821,31.1238,42.2218,496,41198,0.0336356,0.76,1,475175,474679,496
37506741,27.8248,33.2444,492,41249,0.0307271,0.81,1,475202,474710,492
37509661,26.365,32.2489,486,41300,0.0301454,0.85,1,475228,474742,486
37512581,34.873,28.8498,495,41351,0.0300291,0.79,1,475265,474770,495
37515501,30.9746,34.57,489,41402,0.0940058,0.63,1,475295,474806,489
37518421,29.3949,36.514,481,41453,0.106801,0.57,1,475324,474843,481
37521341,29.079,33.7028,477,41504,0.0933602,0.43,1,475353,474876,477
37524261,7.4158,36.3406,442,41555,0.090672,0.33,1,475355,474913,442
37527181,19.0832,29.6681,436,41606,0.0741344,0.25,1,475377,474941,436
37530101,19.8166,25.9336,431,41657,0.134827,0.11,1,475397,474966,431
37533021,29.5633,32.3867,429,41708,0.114965,0.07,1,475429,475000,429
37535941,29.1127,34.4773,423,41759,0.142993,0.03,1,475458,475035,423
37538861,68.2225,70.0955,422,41810,0.0685986,0.05,1,475536,475114,422
37541781,41.6445,39.6191,425,41860,0.11772,0.03,1,475571,475146,425
37544701,29.1289,31.1238,422,41910,0.0635439,0.03,1,475597,475175,422
37547621,27.4258,27.8248,422,41960,0.0367088,0.03,1,475624,475202,422
37550541,27.8852,26.365,424,42010,0.0313418,0.03,1,475652,475228,424
37553461,35.977,34.873,425,42060,0.0142684,0.11,1,475690,475265,425
37556381,32.7954,30.9746,427,42110,0.122854,0.11,1,475722,475295,427
37559301,30.5591,29.3949,428,42160,0.176571,0.09,1,475752,475324,428
37562221,27.7118,29.079,426,42210,0.235314,0.09,1,475779,475353,426
37565141,7.14236,7.4158,426,42260,0.215063,0.07,1,475781,475355,426
37568061,18.2285,19.0832,425,42310,0.227013,0.15,1,475802,475377,425
37570981,20.4457,19.8166,426,42360,0.229402,0.11,1,475823,475397,426
37573901,30.4891,29.5633,427,42410,0.18188,0.15,1,475856,475429,427
37576821,30.0978,29.1127,428,42460,0.172376,0.05,1,475886,475458,428
37579741,63.6196,68.2225,422,42510,0.218475,0.13,1,475958,475536,422
37582661,43.9239,41.6445,426,42560,0.275695,0.05,1,475997,475571,426
37585581,26.3848,29.1289,422,42610,0.255139,0.03,1,476019,475597,422
37588501,26.877,27.4258,422,42660,0.203028,0.03,1,476046,475624,422
37591421,27.7754,27.8852,422,42709,0.128606,0.01,1,476074,475652,422
37594341,35.9551,35.977,422,42758,0.0977211,0.15,1,476112,475690,422
37597261,37.591,32.7954,428,42807,0.0755442,0.19,1,476150,475722,428
37600181,33.9182,30.5591,431,42856,0.0871089,0.25,1,476183,475752,431
37603101,29.1836,27.7118,432,42905,0.105422,0.21,1,476211,475779,432
37606021,7.43673,7.14236,432,42954,0.109084,0.23,1,476213,475781,432
37608941,17.4873,18.2285,431,43003,0.109817,0.23,1,476233,475802,431
37611861,19.4975,3.64569,451,43052,0.0939634,0.23,1,476253,475802,451
37614781,29.4995,17.5291,462,43101,0.0907927,0.17,1,476285,475823,462
37617701,29.8999,29.9058,459,43150,0.106159,0.17,1,476315,475856,459
37620621,65.98,29.9812,504,43199,0.0932317,0.23,1,476390,475886,504
37623541,45.196,63.5962,472,43248,0.106646,0.29,1,476430,475958,472
37626461,25.0392,43.9192,453,43297,0.109329,0.25,1,476450,475997,453
37629381,24.2078,26.3838,455,43346,0.109866,0.19,1,476474,476019,455
37632301,24.0416,26.8768,452,43395,0.109973,0.11,1,476498,476046,452
37635221,34.4083,27.7754,461,43444,0.125995,0.09,1,476535,476074,461
37638141,36.4817,35.9551,460,43493,0.129199,0.07,1,476572,476112,460
37641061,34.4963,37.591,456,43542,0.14584,0.09,1,476606,476150,456
37643981,30.0993,33.9182,452,43590,0.149168,0.11,1,476635,476183,452
37646901,7.61985,29.1836,426,43638,0.149834,0.11,1,476637,476211,426
37649821,17.524,7.43673,444,43686,0.165967,0.11,1,476657,476213,444
37652741,20.3048,17.4873,445,43734,0.201193,0.09,1,476678,476233,445
37655661,30.461,19.4975,458,43782,0.240239,0.09,1,476711,476253,458
37658581,30.0922,29.4995,456,43830,0.264048,0.11,1,476741,476285,456
37661501,66.0184,29.8999,501,43878,0.30081,0.09,1,476816,476315,501
37664421,45.2037,65.98,466,43926,0.324162,0.11,1,476856,476390,466
37667341,25.0407,45.196,446,43974,0.344832,0.11,1,476876,476430,446
37670261,24.2081,25.0392,450,44022,0.364966,0.11,1,476900,476450,450
37673181,24.0416,24.2078,450,44070,0.368993,0.11,1,476924,476474,450
37676101,35.2083,24.0416,464,44118,0.369799,0.13,1,476962,476498,464
37679021,36.6417,34.4083,464,44166,0.41796,0.13,1,476999,476535,464
37681941,36.1283,36.4817,463,44214,0.395592,0.15,1,477035,476572,463
37684861,29.6257,34.4963,457,44262,0.439118,0.15,1,477063,476606,457
37687781,7.52513,30.0993,430,44310,0.447824,0.15,1,477065,476635,430
37690701,18.305,7.61985,449,44358,0.481565,0.17,1,477086,476637,449
37693621,22.061,17.524,452,44406,0.504313,0.21,1,477109,476657,452
37696541,32.4122,20.3048,466,44454,0.540863,0.25,1,477144,476678,466
37699461,8.08244,30.461,435,44501,0.548172,0.27,1,477146,476711,435
37702381,25.6165,30.0922,435,44548,0.613635,0.31,1,477176,476741,435
37705301,66.7233,66.0184,437,44595,0.594727,0.33,1,477253,476816,437
37708221,46.9447,45.2037,439,44642,0.638945,0.35,1,477295,476856,439
37711141,25.3889,25.0407,439,44689,0.647789,0.37,1,477315,476876,439
37714061,25.0778,24.2081,440,44736,0.633558,0.37,1,477340,476900,440
37716981,24.2156,24.0416,440,44783,0.630712,0.37,1,477364,476924,440
37719901,36.0431,35.2083,441,44830,0.646142,0.43,1,477403,476962,441
37722821,38.4086,36.6417,443,44877,0.681228,0.39,1,477442,476999,443
37725741,36.4817,36.1283,443,44924,0.656246,0.45,1,477478,477035,443
37728661,30.4963,29.6257,444,44971,0.683249,0.45,1,477507,477063,444
37731581,7.69927,7.52513,444,45018,0.65665,0.49,1,477509,477065,444
37734501,19.9399,18.305,446,45065,0.71533,0.51,1,477532,477086,446
37737421,23.988,22.061,448,45112,0.711066,0.55,1,477557,477109,448
37740341,33.5976,32.4122,449,45159,0.694213,0.55,1,477593,477144,449
37743261,8.31952,8.08244,449,45206,0.690843,0.63,1,477595,477146,449
37746181,27.2639,25.6165,451,45253,0.738168,0.59,1,477627,477176,451
37749101,67.8528,66.7233,452,45300,0.795634,0.65,2,477705,477253,452
37752021,47.1706,46.9447,452,45347,0.807127,0.65,2,477747,477295,452
37754941,25.4341,25.3889,452,45394,0.777425,0.63,2,477767,477315,452
37757861,25.8868,25.0778,453,45440,0.771485,0.63,2,477793,477340,453
37760781,24.3774,24.2156,453,45486,0.802297,0.65,2,477817,477364,453
37763701,36.8755,36.0431,454,45532,0.824459,0.69,2,477857,477403,454
37766621,38.5751,38.4086,454,45578,0.812892,0.65,2,477896,477442,454
37769541,36.515,36.4817,454,45624,0.826578,0.69,2,477932,477478,454
37772461,31.303,30.4963,455,45670,0.877316,0.65,2,477962,477507,455
37775381,7.8606,7.69927,455,45716,0.887463,0.73,2,477964,477509,455
37778301,20.7721,19.9399,456,45762,0.889493,0.71,2,477988,477532,456
37781221,23.3544,23.988,455,45808,0.857899,0.69,2,478012,477557,455
37784141,34.2709,33.5976,456,45854,0.89958,0.69,2,478049,477593,456
37787061,8.45418,8.31952,456,45900,0.907916,0.75,2,478051,477595,456
37789981,29.6908,27.2639,459,45946,0.893583,0.75,2,478086,477627,459
37792901,68.3382,5.45278,537,45992,0.906717,0.81,2,478164,477627,537
37795821,47.2676,63.4906,501,46038,0.909343,0.81,2,478206,477705,501
37798741,25.4535,46.2981,479,46084,0.909869,0.77,2,478226,477747,479
37801661,26.6907,25.2596,486,46130,0.925974,0.77,2,478253,477767,486
37804581,25.3381,25.8519,485,46176,0.881195,0.81,2,478278,477793,485
37807501,37.8676,24.3704,502,46222,0.920239,0.83,2,478319,477817,502
37810421,38.7735,36.8741,501,46268,0.912048,0.81,2,478358,477857,501
37813341,36.5547,38.5748,498,46314,0.91041,0.83,2,478394,477896,498
37816261,32.1109,36.515,493,46360,0.942082,0.89,2,478425,477932,493
37819181,8.02219,31.303,465,46405,0.948416,0.89,2,478427,477962,465
37982701,34,0,525,48881,0.75,1,2,480162,479637,525
37985621,26,26.4,516,48924,0.734,1,1,480186,479670,516
37988541,32.4,26.08,524,48967,0.6508,1,1,480220,479696,524
37990001,36.88,29.216,532,49010,0.52216,1,1,480258,479726,532
38041101,382.576,453.043,442,21900,0.176432,0.13,1,480727,480285,442
38044021,136.515,137.809,458,22724,0.123286,0.07,1,480802,480344,458
38046941,79.303,83.5617,453,22817,0.0486573,0.09,1,480867,480414,453
38049861,57.4606,58.3123,453,22910,0.0337315,0.07,1,480919,480466,453
38052781,63.4921,62.0625,455,23003,0.00674629,0.03,1,480984,480529,455
38055701,58.2984,59.6125,453,23095,0.0573493,0.01,1,481041,480588,453
38058621,84.4597,80.7225,458,23187,0.0514699,0.07,1,481132,480674,458
38061541,23.2919,42.5445,433,23278,0.050294,0.09,1,481140,480707,433
38064461,75.0584,24.5089,501,23369,0.114059,0.11,1,481228,480727,501
38067381,65.4117,64.9018,489,23460,0.142812,0.03,1,481291,480802,489
38070301,52.2823,64.9804,473,23550,0.148562,0.03,1,481340,480867,473
38073221,62.4565,54.5961,486,23640,0.0377125,0,1,481405,480919,486
38076141,58.8913,62.9192,479,23730,0.0475425,0.07,1,481463,480984,479
38079061,85.3783,58.1838,514,23819,0.0975085,0.05,1,481555,481041,514
38081981,23.4757,84.4368,431,23908,0.107502,0.05,1,481563,481132,431
38084901,6.29513,23.2874,425,23997,0.1095,0.13,1,481565,481140,425
38087821,74.859,75.0575,429,24085,0.1419,0.15,1,481657,481228,429
38090741,65.3718,65.4115,429,24173,0.06838,0.15,1,481720,481291,429
38093661,50.6744,52.2823,427,24261,0.085676,0.01,1,481767,481340,427
38096581,58.1349,62.4565,422,24348,0.0891352,0.05,1,481827,481405,422
38099501,59.627,58.8913,424,24435,0.057827,0.11,1,481887,481463,424
38102421,87.9254,85.3783,427,24522,0.0515654,0.11,1,481982,481555,427
38105341,23.9851,23.4757,427,24608,0.0503131,0.11,1,481990,481563,427
38108261,6.39702,6.29513,427,24694,0.0180626,0.15,1,481992,481565,427
38111181,74.8794,74.859,427,24780,0.107613,0.05,1,482084,481657,427
38114101,62.9759,65.3718,424,24866,0.141522,0.09,1,482144,481720,424
38117021,51.7952,50.6744,426,24951,0.180304,0.09,1,482193,481767,426
38119941,55.159,58.1349,422,25036,0.236061,0.05,1,482249,481827,422
38122861,59.8318,59.627,423,25121,0.231212,0.05,1,482310,481887,423
38125781,87.1664,87.9254,422,25205,0.214242,0.05,1,482404,481982,422
38128701,24.6333,23.9851,423,25289,0.226848,0.01,1,482413,481990,423
38131621,6.52665,6.39702,423,25373,0.22937,0.13,1,482415,481992,423
38134541,77.3053,74.8794,426,25457,0.261874,0.13,1,482510,482084,426
38137461,65.0611,14.9759,488,25540,0.284375,0.15,1,482572,482084,488
38140381,53.8122,50.9952,479,25623,0.288875,0.19,1,482623,482144,479
38143301,56.3624,49.399,487,25706,0.337775,0.25,1,482680,482193,487
38146221,59.2725,54.6798,491,25788,0.379555,0.23,1,482740,482249,491
38149141,87.8545,59.736,525,25870,0.435911,0.21,1,482835,482310,525
38152061,23.9709,87.1472,439,25952,0.447182,0.23,1,482843,482404,439
38154981,6.39418,24.6294,432,26034,0.449436,0.23,1,482845,482413,432
38157901,78.8788,6.52589,527,26115,0.497887,0.27,1,482942,482415,527
38160821,67.7758,77.3052,497,26196,0.571577,0.29,1,483007,482510,497
38163741,55.1552,65.061,487,26277,0.586316,0.29,1,483059,482572,487
38166661,58.231,53.8122,495,26358,0.653263,0.35,1,483118,482623,495
38169581,61.2462,56.3624,500,26438,0.698653,0.39,1,483180,482680,500
38172501,90.6492,59.2725,538,26518,0.70773,0.45,1,483278,482740,538
38175421,25.3298,87.8545,452,26598,0.693546,0.45,1,483287,482835,452
38178341,6.66597,23.9709,446,26678,0.722709,0.45,1,483289,482843,446
38181261,81.3332,6.39418,544,26757,0.728542,0.51,1,483389,482845,544
38184181,70.6666,78.8788,515,26836,0.729708,0.59,1,483457,482942,515
38187101,56.5333,67.7758,503,26915,0.713942,0.59,1,483510,483007,503
38190021,12.9067,55.1552,453,26994,0.710788,0.67,1,483512,483059,453
38192941,51.3813,58.231,455,27072,0.758158,0.71,2,483573,483118,455
38195861,61.4763,61.2462,457,27150,0.799632,0.71,2,483637,483180,457
38198781,90.6953,90.6492,457,27228,0.823926,0.69,2,483735,483278,457
38201701,26.139,25.3298,458,27306,0.796785,0.73,2,483745,483287,458
38204621,6.82781,6.66597,458,27384,0.823357,0.73,2,483747,483289,458
38207541,82.9656,81.3332,460,27461,0.812671,0.73,2,483849,483389,460
38210461,69.3931,70.6666,458,27538,0.810534,0.71,2,483915,483457,458
38213381,55.4786,56.5333,457,27615,0.858107,0.71,2,483967,483510,457
38216301,12.6957,12.9067,457,27692,0.867621,0.77,2,483969,483512,457
38219221,54.5391,51.3813,461,27768,0.917524,0.81,2,484034,483573,461
38336021,84,87,499,30668,0.77,1,2,486130,485631,499
38338941,42.4,44.6,497,30737,0.738,1,1,486162,485665,497
38341861,25.28,33.72,487,30806,0.6836,1,1,486183,485696,487
38344781,39.456,45.944,481,30875,0.59272,1,1,486226,485745,481
38347701,53.4912,53.1888,483,30944,0.670544,0.99,1,486283,485800,483
38350621,49.0982,57.8378,472,31012,0.638109,0.92,1,486331,485859,472
38353541,34.6196,37.1676,471,31080,0.663622,0.89,1,486362,485891,471
38356461,28.5239,34.6335,464,31148,0.684724,0.71,1,486389,485925,464
38359381,69.7048,73.3267,461,31216,0.688945,0.67,1,486469,486008,461
38362301,43.541,45.0653,460,31284,0.705789,0.67,1,486506,486046,460
38365221,71.9082,9.01307,539,31352,0.757158,0.77,2,486585,486046,539
38368141,40.7816,69.0026,488,31419,0.799432,0.73,2,486618,486130,488
38371061,21.7563,39.4005,473,31486,0.759886,0.67,2,486635,486162,473
38373981,36.3513,24.6801,492,31553,0.751977,0.57,2,486675,486183,492
38376901,53.6703,39.336,507,31620,0.814395,0.69,2,486733,486226,507
38379821,50.7341,53.4672,500,31687,0.810879,0.63,2,486783,486283,500
38382741,34.9468,49.0934,483,31754,0.842176,0.67,2,486814,486331,483
38385661,29.3894,34.6187,480,31821,0.864435,0.69,2,486842,486362,480
38388581,71.4779,28.5237,535,31887,0.916887,0.69,2,486924,486389,535
38391501,43.0956,69.7047,491,31953,0.927377,0.71,2,486960,486469,491
38584221,37,40,487,36061,0.65,1,1,489864,489377,487
38587141,72.2,73.6,486,36120,0.554,1,1,489945,489459,486
38590061,40.84,46.72,479,36179,0.5508,1,1,489978,489499,479
38592981,32.968,33.344,480,36237,0.51816,1,1,490009,489529,480
38595901,46.5936,39.4688,489,36295,0.447632,1,1,490059,489570,489
38598821,34.9187,36.6938,485,36353,0.369526,1,1,490091,489606,485
38601741,23.7837,32.9388,474,36411,0.385905,1,1,490112,489638,474
38604661,22.3567,24.1878,474,36469,0.421181,0.96,1,490134,489660,474
38607581,24.4713,24.0376,475,36527,0.396236,0.96,1,490159,489684,475
38610501,28.8943,32.0075,471,36585,0.359247,0.9,1,490189,489718,471
38613421,31.3789,34.4015,468,36643,0.335849,0.73,1,490221,489753,468
38616341,55.8758,66.0803,456,36701,0.34717,0.65,1,490283,489827,456
38619261,37.5752,42.8161,452,36759,0.381434,0.53,1,490316,489864,452
38622181,67.515,73.3632,446,36816,0.420287,0.55,1,490391,489945,446
38625101,41.503,41.0726,448,36873,0.412057,0.51,1,490426,489978,448
38628021,29.9006,33.0145,444,36930,0.458411,0.43,1,490453,490009,444
38630941,45.9801,46.6029,444,36987,0.451682,0.35,1,490503,490059,444
38633861,32.396,34.9206,441,37044,0.482336,0.39,1,490532,490091,441
38636781,22.4792,23.7841,440,37101,0.504467,0.43,1,490552,490112,440
38639701,20.4958,22.3568,438,37158,0.508893,0.43,1,490572,490134,438
38642621,24.0992,4.47136,463,37215,0.493779,0.39,1,490597,490134,463
38645541,28.0198,20.8943,467,37272,0.474756,0.35,1,490626,490159,467
38648461,30.404,28.1789,468,37329,0.518951,0.33,1,490657,490189,468
38651381,56.4808,31.2358,499,37386,0.54379,0.35,1,490720,490221,499
38654301,37.6962,55.8472,470,37443,0.532758,0.39,1,490753,490283,470
38657221,71.5392,37.5694,517,37499,0.578552,0.43,1,490833,490316,517
38660141,41.5078,67.5139,476,37555,0.60371,0.41,1,490867,490391,476
38663061,31.5016,41.5028,470,37611,0.624742,0.47,1,490896,490426,470
38665981,46.3003,29.9006,493,37667,0.644948,0.45,1,490946,490453,493
38668901,32.4601,45.9801,472,37723,0.68099,0.49,1,490975,490503,472
38671821,24.892,32.396,466,37779,0.672198,0.51,1,490998,490532,466
38674741,19.3784,22.4792,464,37835,0.67044,0.51,1,491016,490552,464
38677661,26.2757,20.4958,472,37891,0.686088,0.49,1,491044,490572,472
38680581,29.2551,24.0992,477,37947,0.689218,0.47,1,491074,490597,477
38683501,31.451,28.0198,480,38003,0.705844,0.53,1,491106,490626,480
38686421,54.2902,30.404,509,38059,0.725169,0.55,1,491166,490657,509
38689341,39.658,56.4808,482,38115,0.761034,0.53,2,491202,490720,482
38692261,72.7316,37.6962,530,38170,0.768207,0.59,2,491283,490753,530
38695181,42.5463,71.5392,485,38225,0.785641,0.61,2,491318,490833,485
38698101,32.5093,41.5078,481,38280,0.789128,0.63,2,491348,490867,481
38701021,48.1019,31.5016,504,38335,0.805826,0.65,2,491400,490896,504
38703941,33.6204,46.3003,484,38390,0.825165,0.69,2,491430,490946,484
38706861,24.3241,32.4601,477,38445,0.829033,0.67,2,491452,490975,477
38709781,20.0648,24.892,473,38500,0.845807,0.67,2,491471,490998,473
38712701,26.413,19.3784,483,38555,0.817161,0.69,2,491499,491016,483
38715621,29.2826,26.2757,485,38610,0.827432,0.69,2,491529,491044,485
38718541,7.45652,29.2551,457,38665,0.829486,0.71,2,491531,491074,457
38721461,27.8913,31.451,458,38720,0.845897,0.73,2,491564,491106,458
38724381,53.5783,54.2902,458,38775,0.88118,0.77,2,491624,491166,458
38920021,91,137,476,19203,0.15,0.33,1,494178,493702,476
38922941,75.8,93,466,19314,0.182,0.25,1,494250,493784,466
38925861,69.56,73,466,19424,0.2684,0.15,1,494318,493852,466
38928781,37.112,70.6,425,19533,0.30168,0.09,1,494347,493922,425
38931701,21.0224,24.52,429,19642,0.292336,0.09,1,494364,493935,429
38934621,121.804,26.504,549,19750,0.306467,0.11,1,494511,493962,549
38937541,99.5609,105.301,518,19857,0.309293,0.15,1,494605,494087,518
38940461,79.9122,93.8602,502,19964,0.325859,0.19,1,494680,494178,502
38943381,74.3824,76.372,503,20070,0.377172,0.29,1,494753,494250,503
38946301,37.2765,69.6744,463,20176,0.387434,0.31,1,494781,494318,463
38949221,21.8553,37.1349,452,20281,0.405487,0.29,1,494799,494347,452
38952141,122.771,21.027,583,20386,0.441097,0.31,1,494947,494364,583
38955061,99.7542,121.805,530,20490,0.480219,0.31,1,495041,494511,530
38957981,80.7508,99.5611,512,20594,0.504044,0.33,1,495117,494605,512
38960901,76.9502,79.9122,513,20697,0.524809,0.39,1,495193,494680,513
38963821,38.59,74.3824,469,20799,0.512962,0.39,1,495222,494753,469
38966741,22.118,37.2765,459,20901,0.510592,0.41,1,495240,494781,459
38969661,125.224,21.8553,592,21002,0.574118,0.45,1,495391,494799,592
38972581,26.6447,122.771,446,21103,0.618824,0.49,1,495393,494947,446
38975501,80.5289,99.7542,446,21204,0.659765,0.51,1,495487,495041,446
38978421,77.7058,80.7508,447,21304,0.667953,0.53,1,495564,495117,447
38981341,77.1412,76.9502,448,21404,0.701591,0.51,1,495641,495193,448
38984261,37.8282,38.59,447,21503,0.724318,0.51,1,495669,495222,447
38987181,21.9656,22.118,447,21602,0.744864,0.59,1,495687,495240,447
38990101,128.393,125.224,451,21700,0.844973,0.63,2,495842,495391,451
38993021,27.2786,26.6447,451,21798,0.832995,0.67,2,495844,495393,451
38995941,82.2557,80.5289,453,21895,0.894599,0.67,2,495940,495487,453
38998861,80.4511,77.7058,456,21992,0.93892,0.71,2,496020,495564,456
39217861,34,40,491,28321,0.73,1,1,500487,499996,491
39220781,35.6,33.6,495,28396,0.65,1,1,500523,500028,495
39223701,67.92,6.72,571,28471,0.554,1,1,500599,500028,571
39226621,44.784,70.144,524,28545,0.4708,1,1,500638,500114,524
39229541,64.9568,68.4288,526,28619,0.40616,1,1,500708,500182,526
39232461,80.1914,45.6858,570,28693,0.249232,0.96,1,500792,500222,570
39235381,45.6383,85.1372,512,28767,0.121846,1,1,500829,500317,512
39238301,46.7277,53.0274,514,28841,0.0963693,0.88,1,500876,500362,514
39241221,38.1455,52.2055,498,28914,0.107274,0.89,1,500912,500414,498
39244141,32.4291,41.6411,490,28987,0.109455,0.73,1,500943,500453,490
39247061,32.8858,35.5282,489,29060,0.093891,0.63,1,500976,500487,489
39249981,61.7772,35.9056,522,29133,0.106778,0.53,1,501045,500523,522
39252901,41.1554,67.9811,482,29206,0.0613556,0.45,1,501081,500599,482
39255821,59.4311,44.7962,507,29278,0.0682711,0.39,1,501145,500638,507
39258741,72.6862,64.9592,513,29350,0.101654,0.21,1,501221,500708,513
39261661,42.5372,80.1919,464,29422,0.124331,0.09,1,501256,500792,464
39264581,43.7074,45.6384,471,29494,0.144866,0.09,1,501300,500829,471
39267501,39.9415,46.7277,463,29566,0.148973,0.11,1,501339,500876,463
39270421,31.9883,38.1455,457,29638,0.213795,0.11,1,501369,500912,457
39273341,30.3977,32.4291,456,29709,0.226759,0.09,1,501399,500943,456
39276261,62.0795,32.8858,493,29780,0.261352,0.11,1,501469,500976,493
39279181,14.0159,61.7772,426,29851,0.26827,0.05,1,501471,501045,426
39282101,31.6032,41.1554,426,29922,0.301654,0.07,1,501507,501081,426
39285021,56.7206,59.4311,425,29993,0.372331,0.11,1,501570,501145,425
39287941,73.7441,72.6862,427,30064,0.370466,0.13,1,501648,501221,427
39290861,41.9488,42.5372,426,30134,0.354093,0.15,1,501682,501256,426
39293781,45.9898,43.7074,429,30204,0.366819,0.15,1,501729,501300,429
39296701,41.198,39.9415,430,30274,0.385364,0.23,1,501769,501339,430
39299621,36.2396,31.9883,435,30344,0.341073,0.23,1,501804,501369,435
39302541,29.6479,30.3977,433,30414,0.348215,0.27,1,501832,501399,433
39305461,63.5296,62.0795,435,30484,0.365643,0.27,1,501904,501469,435
39308381,14.3059,14.0159,435,30553,0.417129,0.31,1,501906,501471,435
39311301,32.4612,31.6032,436,30622,0.411426,0.39,1,501943,501507,436
39314221,59.2922,56.7206,439,30691,0.458285,0.37,1,502009,501570,439
39317141,73.4584,73.7441,438,30760,0.451657,0.35,1,502086,501648,438
39320061,42.6917,41.9488,439,30829,0.530331,0.37,1,502121,501682,439
39322981,46.9383,45.9898,440,30898,0.546066,0.39,1,502169,501729,440
39325901,40.5877,41.198,439,30966,0.517213,0.33,1,502208,501769,439
39328821,36.1175,36.2396,439,31034,0.527443,0.35,1,502243,501804,439
39331741,29.6235,29.6479,439,31102,0.497489,0.37,1,502271,501832,439
39334661,65.1247,63.5296,441,31170,0.587498,0.43,1,502345,501904,441
39337581,14.6249,14.3059,441,31238,0.6055,0.41,1,502347,501906,441
39340501,32.525,32.4612,441,31306,0.6251,0.41,1,502384,501943,441
39343421,60.105,6.49224,508,31374,0.62902,0.47,1,502451,501943,508
39346341,75.221,54.0984,521,31441,0.677804,0.45,1,502530,502009,521
39349261,44.6442,72.4197,481,31508,0.751561,0.55,2,502567,502086,481
39352181,47.3288,42.4839,494,31575,0.766312,0.55,2,502615,502121,494
39355101,40.6658,46.8968,485,31642,0.753262,0.51,2,502654,502169,485
39358021,35.3332,40.5794,480,31709,0.750652,0.53,2,502688,502208,480
39360941,29.4666,36.1159,473,31776,0.75013,0.49,2,502716,502243,473
39363861,69.8933,29.6232,525,31843,0.830026,0.61,2,502796,502271,525
39366781,15.5787,65.1246,453,31909,0.846005,0.61,2,502798,502345,453
39369701,34.3157,14.6249,490,31975,0.849201,0.63,2,502837,502347,490
39372621,60.4631,32.525,520,32041,0.86584,0.63,2,502904,502384,520
39375541,78.4926,60.105,536,32107,0.917168,0.69,2,502987,502451,536
39378461,46.8985,75.221,496,32173,0.927434,0.77,2,503026,502530,496
39381381,47.7797,44.6442,507,32239,0.945487,0.77,2,503074,502567,507
39536141,34,93,502,35548,0.67,1,1,505398,504896,502
39539061,35.6,44.2,506,35607,0.606,1,1,505434,504928,506
39541981,35.12,40.04,502,35666,0.4812,1,1,505469,504967,502
39544901,31.024,31.208,503,35725,0.36024,1,1,505499,504996,503
39547821,26.2048,30.2416,498,35784,0.320048,1,1,505524,505026,498
39550741,30.841,30.8483,499,35843,0.15201,1,1,505556,505057,499
39553661,32.5682,32.5697,499,35902,0.0544019,1,1,505589,505090,499
39556581,53.7136,54.5139,498,35961,0.0348804,1,1,505648,505150,498
39559501,34.7427,38.1028,494,36020,0.0309761,1,1,505678,505184,494
39562421,30.9485,44.4206,478,36079,0.110195,0.92,1,505708,505230,478
39565341,32.5897,40.0841,472,36138,0.062039,0.83,1,505741,505269,472
39568261,70.5179,84.0168,457,36196,0.0364078,0.67,1,505821,505364,457
39571181,38.9036,44.0034,454,36254,0.0152816,0.59,1,505852,505398,454
39574101,30.1807,37.6007,446,36312,0.0270563,0.45,1,505880,505434,446
39577021,28.4361,35.5201,439,36370,0.0454113,0.33,1,505908,505469,439
39579941,25.6872,31.104,434,36428,0.0330823,0.31,1,505933,505499,434
39582861,23.5374,26.2208,432,36486,0.0626164,0.11,1,505956,505524,432
39585781,23.1075,30.8442,423,36544,0.0845233,0.03,1,505979,505556,423
39588701,30.2215,32.5688,422,36602,0.0729047,0.03,1,506011,505589,422
39591621,56.4443,53.7138,426,36660,0.0385809,0.03,1,506074,505648,426
39594541,34.4889,34.7428,425,36718,0.0317162,0.13,1,506103,505678,425
39597461,31.6978,30.9486,426,36776,0.0303432,0.05,1,506134,505708,426
39600381,30.3396,32.5897,423,36833,0.0780687,0.03,1,506164,505741,423
39603301,70.0679,70.5179,423,36890,0.0556137,0.01,1,506244,505821,423
39606221,38.0136,38.9036,422,36947,0.0671227,0.03,1,506274,505852,422
39609141,31.6027,30.1807,424,37004,0.117425,0.05,1,506304,505880,424
39612061,27.1205,28.4361,422,37061,0.0954849,0.03,1,506330,505908,422
39614981,25.4241,25.6872,422,37118,0.059097,0.07,1,506355,505933,422
39617901,25.0848,23.5374,424,37175,0.0358194,0.07,1,506380,505956,424
39620821,23.417,4.70749,447,37232,0.0311639,0.09,1,506403,505956,447
39623741,28.6834,19.3415,454,37289,0.110233,0.07,1,506433,505979,454
39626661,55.3367,29.4683,484,37346,0.0460466,0.03,1,506495,506011,484
39629581,34.2673,56.2937,450,37403,0.00920931,0.03,1,506524,506074,450
39632501,33.2535,34.4587,454,37459,0.00984186,0.03,1,506557,506103,454
39635421,29.0507,31.6917,451,37515,0.0259684,0.09,1,506585,506134,451
39638341,69.8101,30.3383,501,37571,0.0451937,0.05,1,506665,506164,501
39641261,38.762,70.0677,452,37627,0.0330387,0.07,1,506696,506244,452
39644181,32.5524,38.0135,453,37683,0.0466077,0.13,1,506727,506274,453
39647101,28.1105,31.6027,450,37739,0.0813216,0.09,1,506754,506304,450
39650021,23.2221,27.1205,446,37795,0.0882643,0.05,1,506776,506330,446
39652941,24.6444,25.4241,446,37851,0.0896529,0.03,1,506801,506355,446
39655861,24.1289,25.0848,445,37907,0.105931,0.03,1,506825,506380,445
39658781,33.6258,23.417,458,37963,0.173186,0.13,1,506861,506403,458
39661701,51.5252,28.6834,484,38019,0.106637,0.03,1,506917,506433,484
39664621,32.705,55.3367,450,38075,0.0613274,0,1,506945,506495,450
39667541,33.741,34.2673,455,38130,0.0842655,0.01,1,506979,506524,455
39670461,29.1482,33.2535,450,38185,0.0568531,0.03,1,507007,506557,450
39673381,69.8296,29.0507,502,38240,0.0353706,0.05,1,507087,506585,502
39676301,38.7659,69.8101,453,38295,0.0470741,0.03,1,507118,506665,453
39679221,33.3532,38.762,454,38350,0.0494148,0.05,1,507150,506696,454
39682141,29.8706,32.5524,452,38405,0.033883,0.09,1,507179,506727,452
39685061,23.5741,28.1105,447,38460,0.0467766,0.09,1,507201,506754,447
39687981,25.5148,23.2221,451,38515,0.0653553,0.09,1,507227,506776,451
39690901,24.303,24.6444,450,38570,0.101071,0.11,1,507251,506801,450
39693821,6.46059,24.1289,428,38625,0.108214,0.19,1,507253,506825,428
39696741,32.4921,33.6258,431,38680,0.0936428,0.09,1,507292,506861,431
39699661,47.2984,51.5252,426,38735,0.170729,0.05,1,507343,506917,426
39702581,31.0597,32.705,425,38790,0.218146,0.09,1,507370,506945,425
39705501,32.6119,33.741,424,38844,0.275629,0.05,1,507403,506979,424
39708421,30.5224,29.1482,426,38898,0.255126,0.03,1,507433,507007,426
39711341,69.3045,69.8296,425,38952,0.235025,0.05,1,507512,507087,425
39714261,37.8609,38.7659,424,39006,0.231005,0.05,1,507542,507118,424
39717181,33.1722,33.3532,424,39060,0.246201,0.03,1,507574,507150,424
39720101,29.8344,29.8706,424,39114,0.28124,0.05,1,507603,507179,424
39723021,24.3669,23.5741,425,39168,0.288248,0.07,1,507626,507201,425
39725941,27.2734,25.5148,427,39222,0.28965,0.11,1,507654,507227,427
39728861,24.6547,24.303,427,39276,0.28993,0.11,1,507678,507251,427
39731781,6.53093,6.46059,427,39330,0.289986,0.09,1,507680,507253,427
39734701,32.5062,32.4921,427,39384,0.321997,0.19,1,507719,507292,427
39737621,51.3012,47.2984,432,39438,0.352399,0.23,1,507775,507343,432
39740541,32.6602,31.0597,433,39492,0.33448,0.29,1,507803,507370,433
39743461,33.732,32.6119,434,39545,0.330896,0.25,1,507837,507403,434
39746381,30.7464,30.5224,434,39598,0.378179,0.23,1,507867,507433,434
39749301,68.5493,69.3045,433,39651,0.387636,0.23,1,507945,507512,433
39752221,38.5099,37.8609,434,39704,0.405527,0.25,1,507976,507542,434
39755141,33.302,33.1722,434,39757,0.409105,0.29,1,508008,507574,434
39758061,29.8604,29.8344,434,39810,0.425821,0.29,1,508037,507603,434
39760981,25.9721,24.3669,436,39863,0.445164,0.29,1,508062,507626,436
39763901,27.5944,27.2734,436,39916,0.465033,0.29,1,508090,507654,436
39766821,25.5189,24.6547,437,39969,0.453007,0.29,1,508115,507678,437
39769741,6.70378,6.53093,437,40022,0.450601,0.33,1,508117,507680,437
39772661,32.5408,32.5062,437,40075,0.45012,0.33,1,508156,507719,437
39775581,50.5082,6.50124,492,40128,0.434024,0.36,1,508211,507719,492
39778501,33.3016,46.1002,465,40181,0.462805,0.33,1,508240,507775,465
39781421,34.6603,31.62,472,40234,0.484561,0.33,1,508275,507803,472
39784341,30.9321,33.524,468,40286,0.488912,0.39,1,508305,507837,468
39787261,70.1864,30.7048,518,40338,0.473782,0.39,1,508385,507867,518
39790181,38.0373,68.541,470,40390,0.470757,0.41,1,508415,507945,470
39793101,34.0075,38.5082,472,40442,0.486151,0.41,1,508448,507976,472
39796021,30.0015,33.3016,469,40494,0.52123,0.43,1,508477,508008,469
39798941,27.6003,29.8603,467,40546,0.544246,0.45,1,508504,508037,467
39801861,27.9201,25.9721,470,40598,0.532849,0.47,1,508532,508062,470
39804781,24.784,27.5944,466,40650,0.54657,0.45,1,508556,508090,466
39807701,6.5568,25.5189,443,40702,0.549314,0.45,1,508558,508115,443
39810621,32.5114,6.70378,480,40754,0.565863,0.45,1,508597,508117,480
39813541,51.3023,32.5408,497,40806,0.617173,0.43,1,508653,508156,497
39816461,35.0605,50.5082,473,40858,0.627435,0.47,1,508684,508211,473
39819381,35.8121,33.3016,480,40910,0.677487,0.49,1,508720,508240,480
39822301,31.1624,34.6603,475,40962,0.703497,0.49,1,508750,508275,475
39825221,69.4325,30.9321,524,41014,0.740699,0.47,1,508829,508305,524
39828141,37.8865,70.1864,474,41065,0.76414,0.47,2,508859,508385,474
39831061,34.7773,38.0373,478,41116,0.768828,0.49,2,508893,508415,478
39833981,31.7555,34.0075,476,41167,0.801766,0.53,2,508924,508448,476
39836901,27.1511,30.0015,473,41218,0.824353,0.55,2,508950,508477,473
39839821,29.4302,27.6003,476,41269,0.828871,0.53,2,508980,508504,476
39842741,25.086,27.9201,472,41320,0.829774,0.55,2,509004,508532,472
39845661,6.61721,24.784,450,41371,0.829955,0.55,2,509006,508556,450
39848581,34.1234,6.5568,489,41422,0.829991,0.57,2,509047,508558,489
39851501,53.2247,32.5114,508,41473,0.893998,0.63,2,509105,508597,508
39854421,35.4449,51.3023,483,41524,0.8908,0.63,2,509136,508653,483
39857341,8.68899,35.0605,454,41575,0.89016,0.69,2,509138,508684,454
40124521,57,100,450,20647,0.01,0.03,1,512338,511888,450
40127441,59.4,62.4,457,20750,0.058,0,1,512398,511941,457
40130361,71.08,77.28,450,20852,0.0356,0.03,1,512472,512022,450
40133281,76.616,65.056,466,20954,0.00712,0,1,512550,512084,466
40136201,46.5232,65.8112,439,21055,0.057424,0.09,1,512589,512150,439
40139121,32.5046,33.9622,442,21156,0.147485,0.03,1,512618,512176,442
40142041,74.5009,90.7924,422,21256,0.133497,0.01,1,512703,512281,422
40144961,60.5002,63.7585,422,21356,0.0506994,0.07,1,512760,512338,422
40147881,60.1,60.7517,422,21455,0.0661399,0.03,1,512820,512398,422
40150801,72.02,71.3503,423,21554,0.021228,0,1,512895,512472,423
40153721,76.004,76.6701,422,21652,0.00424559,0.07,1,512972,512550,422
40156641,50.4008,46.534,427,21750,0.0248491,0.17,1,513016,512589,427
40159561,34.0802,32.5068,428,21848,0.0289698,0.13,1,513046,512618,428
40162481,70.016,74.5014,422,21945,0.093794,0.03,1,513125,512703,422
40165401,60.4032,60.5003,423,22042,0.138759,0.07,1,513183,512760,423
40168321,60.0806,60.1001,423,22138,0.0997518,0.01,1,513243,512820,423
40171241,71.2161,72.02,422,22234,0.0279504,0,1,513317,512895,422
40174161,75.8432,76.004,422,22329,0.00559007,0.03,1,513394,512972,422
40177081,51.1686,50.4008,423,22424,0.041118,0.03,1,513439,513016,423
40180001,35.8337,34.0802,425,22519,0.0162236,0.03,1,513471,513046,425
40182921,71.1667,6.81603,505,22613,0.0592447,0.11,1,513551,513046,505
40185841,60.6333,64.5632,484,22707,0.131849,0.15,1,513609,513125,484
40188761,57.7267,59.3126,483,22800,0.0663698,0.09,1,513666,513183,483
40191681,69.1453,59.8625,495,22893,0.021274,0.01,1,513738,513243,495
40194601,75.4291,71.1725,498,22986,0.00425479,0,1,513815,513317,498
40197521,51.0858,75.8345,466,23078,0.040851,0.05,1,513860,513394,466
40200441,35.8172,51.1669,453,23170,0.0481702,0.01,1,513892,513439,453
40203361,74.3634,35.8334,505,23261,0.033634,0.07,1,513976,513471,505
40206281,63.6727,71.1667,486,23352,0.126727,0.15,1,514037,513551,486
40209201,54.3345,60.6333,480,23443,0.129345,0.05,1,514089,513609,480
40212121,66.8669,57.7267,493,23533,0.0658691,0.01,1,514159,513666,493
40215041,74.9734,69.1453,498,23623,0.0131738,0,1,514236,513738,498
40217961,52.5947,75.4291,468,23713,0.0266348,0.05,1,514283,513815,468
40220881,34.5189,51.0858,453,23802,0.029327,0.05,1,514313,513860,453
40223801,74.9038,35.8172,506,23891,0.0618654,0.03,1,514398,513892,506
40226721,68.5808,74.3634,489,23980,0.148373,0.15,1,514465,513976,489
40229641,15.3162,63.6727,430,24068,0.165675,0.13,1,514467,514037,430
40232561,43.8632,54.3345,429,24156,0.249135,0.05,1,514518,514089,429
40235481,59.9726,66.8669,423,24244,0.297827,0,1,514582,514159,423
40238401,72.7945,74.9734,422,24331,0.0995654,0.03,1,514658,514236,422
40241321,52.9589,52.5947,423,24418,0.0279131,0.03,1,514706,514283,423
40244241,35.3918,34.5189,424,24505,0.0295826,0.07,1,514737,514313,424
40247161,75.8784,74.9038,425,24591,0.0779165,0.17,1,514823,514398,425
40250081,72.7757,68.5808,430,24677,0.119583,0.17,1,514895,514465,430
40253001,16.1551,15.3162,430,24763,0.0959167,0.27,1,514897,514467,430
40255921,48.031,43.8632,435,24849,0.0751833,0.31,1,514953,514518,435
40258841,62.4062,59.9726,437,24934,0.103037,0.05,1,515019,514582,437
40261761,61.2812,72.7945,422,25019,0.156607,0.01,1,515080,514658,422
40264681,50.6562,52.9589,422,25104,0.0713215,0.03,1,515128,514706,422
40267601,36.5312,35.3918,424,25188,0.0382643,0.09,1,515161,514737,424
40270521,76.1063,75.8784,424,25272,0.0316529,0.13,1,515247,514823,424
40273441,74.4213,72.7757,426,25356,0.0303306,0.09,1,515321,514895,426
40276361,16.4842,16.1551,426,25440,0.00606611,0.09,1,515323,514897,426
40279281,47.2968,3.23103,481,25523,0.0412132,0.07,1,515378,514897,481
40282201,63.8594,45.4462,493,25606,0.0482426,0.11,1,515446,514953,493
40285121,61.5719,61.8892,488,25689,0.0496485,0.17,1,515507,515019,488
40288041,45.9144,61.1778,469,25771,0.0339297,0.05,1,515549,515080,469
40290961,35.5829,50.6356,454,25853,0.0307859,0.03,1,515582,515128,454
40293881,76.7166,36.5271,508,25935,0.0941572,0.03,1,515669,515161,508
40296801,74.5433,76.1054,496,26017,0.122831,0.03,1,515743,515247,496
40299721,16.5087,74.4211,424,26098,0.128566,0,1,515745,515321,424
40302641,48.1017,16.4842,478,26179,0.0977133,0.05,1,515801,515323,478
40305561,62.4203,47.2968,489,26260,0.123543,0.05,1,515867,515378,489
40308481,62.8841,63.8594,484,26341,0.176709,0.05,1,515930,515446,484
40311401,46.1768,61.5719,465,26421,0.203342,0.03,1,515972,515507,465
40314321,34.8354,45.9144,455,26501,0.240668,0.03,1,516004,515549,455
40317241,79.7671,35.5829,513,26581,0.264134,0.11,1,516095,515582,513
40320161,74.3534,76.7166,499,26661,0.316827,0.13,1,516168,515669,499
40323081,16.4707,74.5433,427,26740,0.327365,0.13,1,516170,515743,427
40326001,48.0941,16.5087,481,26819,0.329473,0.09,1,516226,515745,481
40328921,64.0188,48.1017,493,26898,0.393895,0.13,1,516294,515801,493
40331841,14.4038,62.4203,429,26977,0.406779,0.19,1,516296,515867,429
40334761,55.6808,62.8841,432,27056,0.489356,0.21,1,516362,515930,432
40337681,45.5362,46.1768,433,27134,0.537871,0.25,1,516405,515972,433
40340601,35.5072,34.8354,434,27212,0.611574,0.27,1,516438,516004,434
40343521,80.7014,79.7671,435,27290,0.658315,0.33,1,516530,516095,435
40346441,76.9403,74.3534,438,27368,0.667663,0.33,1,516606,516168,438
40349361,16.9881,16.4707,438,27445,0.637533,0.33,1,516608,516170,438
40352281,48.9976,48.0941,439,27522,0.679507,0.41,1,516665,516226,439
40355201,66.5995,64.0188,442,27599,0.703901,0.41,1,516736,516294,442
40358121,14.9199,14.4038,442,27676,0.70878,0.51,1,516738,516296,442
40361041,59.784,55.6808,447,27753,0.725756,0.55,1,516809,516362,447
40363961,47.9568,45.5362,449,27829,0.713151,0.63,1,516854,516405,449
40366881,37.5914,35.5072,451,27905,0.75863,0.67,2,516889,516438,451
40369801,82.7183,80.7014,453,27981,0.751726,0.67,2,516983,516530,453
40372721,78.9437,76.9403,455,28057,0.782345,0.63,2,517061,516606,455
40375641,17.3887,16.9881,455,28132,0.788469,0.69,2,517063,516608,455
40378561,48.2777,48.9976,454,28207,0.805694,0.71,2,517119,516665,454
40381481,68.8555,66.5995,457,28282,0.793139,0.71,2,517193,516736,457
40384401,15.3711,14.9199,457,28357,0.790628,0.71,2,517195,516738,457
40387321,59.8742,2.98398,528,28432,0.822126,0.73,2,517266,516738,528
40390241,47.1748,57.3968,501,28506,0.828425,0.71,2,517310,516809,501
40393161,39.835,47.4794,494,28580,0.813685,0.77,2,517348,516854,494
40396081,82.367,37.4959,552,28654,0.826737,0.75,2,517441,516889,552
40399001,80.4734,82.6992,538,28728,0.861347,0.79,2,517521,516983,538
40401921,17.6947,78.9398,462,28802,0.868269,0.79,2,517523,517061,462
40404841,49.1389,17.388,517,28876,0.885654,0.81,2,517580,517063,517
40407761,68.2278,48.2776,534,28949,0.873131,0.79,2,517653,517119,534
40410681,15.2456,68.8555,462,29022,0.870626,0.79,2,517655,517193,462
40413601,61.4491,15.3711,533,29095,0.902125,0.83,2,517728,517195,533
40416521,47.4898,59.8742,506,29168,0.940425,0.83,2,517772,517266,506
40507041,33,24,507,31340,0.69,1,1,519280,518773,507
40509961,47.4,4.8,558,31408,0.61,1,1,519331,518773,558
40512881,83.08,64.16,571,31475,0.306,1,1,519423,518852,571
40515801,45.416,84.832,517,31542,0.1012,1,1,519459,518942,517
40518721,33.8832,40.1664,519,31609,0.02024,1,1,519490,518971,519
40521641,54.7766,38.4333,541,31676,0.092048,1,1,519550,519009,541
40524561,34.9553,62.8867,502,31743,0.0184096,1,1,519580,519078,502
40527481,47.7911,28.5773,533,31810,0.0276819,1,1,519631,519098,533
40530401,47.1582,48.1155,527,31877,0.0295364,0.95,1,519678,519151,527
40533321,32.6316,62.4231,490,31943,0.0299073,0.83,1,519707,519217,490
40536241,28.1263,36.4846,487,32009,0.0619815,0.69,1,519734,519247,487
40539161,41.6253,33.6969,499,32075,0.0843963,0.59,1,519779,519280,499
40542081,69.1251,47.5394,524,32141,0.0888793,0.23,1,519855,519331,524
40545001,35.425,83.1079,459,32207,0.0577759,0.05,1,519882,519423,459
40547921,30.285,45.4216,452,32273,0.0115552,0,1,519911,519459,452
40550841,56.457,33.8843,484,32339,0.042311,0.11,1,519974,519490,484
40553761,36.8914,54.7769,456,32404,0.0164622,0,1,520006,519550,456
40556681,44.9783,34.9554,473,32469,0.0432924,0.03,1,520053,519580,473
40559601,45.7957,47.7911,468,32534,0.0326585,0.03,1,520099,519631,468
40562521,33.1591,47.1582,451,32599,0.0305317,0.03,1,520129,519678,451
40565441,28.2318,32.6316,449,32664,0.0301063,0.07,1,520156,519707,449
40568361,43.2464,28.1263,469,32729,0.0140213,0.09,1,520203,519734,469
40571281,10.2493,41.6253,426,32794,0.0108043,0.09,1,520205,519779,426
40574201,61.2499,69.1251,424,32858,0.0901609,0.05,1,520279,519855,424
40577121,34.65,35.425,425,32922,0.106032,0,1,520307,519882,425
40580041,28.53,30.285,423,32986,0.0212064,0.05,1,520334,519911,423
40582961,58.506,56.457,426,33050,0.0442413,0.01,1,520400,519974,426
40585881,34.9012,36.8914,423,33114,0.0488483,0.05,1,520429,520006,423
40588801,45.3802,44.9783,424,33178,0.0337697,0.03,1,520477,520053,424
40591721,45.876,45.7957,424,33242,0.0467539,0.03,1,520523,520099,424
40594641,32.3752,33.1591,423,33306,0.0173508,0.03,1,520552,520129,423
40597561,29.675,28.2318,425,33370,0.0114702,0.01,1,520581,520156,425
40600481,42.735,43.2464,424,33433,0.010294,0.01,1,520627,520203,424
40603401,10.147,10.2493,424,33496,0.0260588,0.11,1,520629,520205,424
40606321,62.0294,61.2499,425,33559,0.0452118,0.11,1,520704,520279,425
40609241,34.8059,34.65,425,33622,0.0810424,0,1,520732,520307,425
40612161,26.1612,28.53,422,33685,0.0562085,0.05,1,520756,520334,422
40615081,59.6322,58.506,424,33748,0.0192417,0.05,1,520824,520400,424
40618001,33.5264,34.9012,422,33811,0.0278483,0.03,1,520851,520429,422
40620921,45.9053,45.3802,423,33874,0.0295697,0.05,1,520900,520477,423
40623841,45.1811,45.876,422,33936,0.0459139,0.01,1,520945,520523,422
40626761,32.2362,32.3752,422,33998,0.00918279,0.01,1,520974,520552,422
40629681,29.6472,29.675,422,34060,0.00183656,0.01,1,521003,520581,422
40632601,43.5295,42.735,423,34122,0.0563673,0.03,1,521050,520627,423
40635521,10.3059,10.147,423,34184,0.0672735,0.05,1,521052,520629,423
40638441,62.0612,62.0294,423,34246,0.0854547,0.05,1,521127,520704,423
40641361,34.8122,12.4059,451,34308,0.0730909,0.09,1,521155,520704,451
40644281,24.5624,24.8812,445,34370,0.0866182,0.05,1,521177,520732,445
40647201,59.3125,24.1762,489,34432,0.0413236,0.01,1,521245,520756,489
40650121,33.4625,59.2352,448,34493,0.0642647,0.03,1,521272,520824,448
40653041,47.4925,33.447,472,34554,0.0208529,0.03,1,521323,520851,472
40655961,43.8985,45.8894,466,34615,0.0441706,0.05,1,521366,520900,466
40658881,31.9797,45.1779,450,34676,0.00883412,0,1,521395,520945,450
40661801,29.5959,32.2356,450,34737,0.00176682,0,1,521424,520974,450
40664721,44.3192,29.6471,469,34798,0.0723534,0.07,1,521472,521003,469
40667641,10.4638,43.5294,424,34859,0.102471,0.07,1,521474,521050,424
40670561,62.8928,10.3059,498,34920,0.140494,0.09,1,521550,521052,498
40673481,35.7786,62.0612,452,34981,0.164099,0.07,1,521579,521127,452
40676401,23.9557,34.8122,445,35041,0.18482,0.09,1,521600,521155,445
40679321,59.1911,24.5624,491,35101,0.044964,0.03,1,521668,521177,491
40682241,31.8382,59.3125,448,35161,0.0649928,0.07,1,521693,521245,448
40685161,47.1676,33.4625,472,35221,0.0369986,0.01,1,521744,521272,472
40688081,45.4335,47.4925,466,35281,0.0153997,0.05,1,521789,521323,466
40691001,31.4867,43.8985,451,35341,0.0430799,0,1,521817,521366,451
40693921,30.2973,31.9797,452,35401,0.016616,0,1,521847,521395,452
40696841,46.8595,29.5959,474,35461,0.0433232,0.09,1,521898,521424,474
40699761,10.9719,44.3192,428,35521,0.0646646,0.11,1,521900,521472,428
40702681,64.5944,10.4638,504,35581,0.100933,0.15,1,521978,521474,504
40705601,37.7189,62.8928,459,35640,0.124187,0.17,1,522009,521550,459
40708521,9.14377,35.7786,432,35699,0.128837,0.19,1,522011,521579,432
40711441,17.8288,23.9557,431,35758,0.161767,0.01,1,522031,521600,431
40714361,52.3657,59.1911,424,35817,0.184353,0.07,1,522092,521668,424
40717281,29.6732,31.8382,423,35876,0.236871,0.03,1,522116,521693,423
40720201,46.7346,47.1676,423,35935,0.311374,0.01,1,522167,521744,423
40723121,45.3469,45.4335,423,35994,0.294275,0.05,1,522212,521789,423
40726041,31.4694,31.4867,423,36053,0.290855,0.01,1,522240,521817,423
40728961,30.2939,30.2973,423,36112,0.226171,0.05,1,522270,521847,423
40731881,48.4588,46.8595,425,36171,0.261234,0.07,1,522323,521898,425
40734801,11.2918,10.9719,425,36229,0.236247,0.11,1,522325,521900,425
40737721,66.2584,64.5944,427,36287,0.311249,0.13,1,522405,521978,427
40740641,38.8517,37.7189,428,36345,0.34225,0.13,1,522437,522009,428
40743561,9.37033,9.14377,428,36403,0.31645,0.17,1,522439,522011,428
40746481,18.6741,17.8288,429,36461,0.32729,0.19,1,522460,522031,429
40749401,55.7348,52.3657,433,36519,0.329458,0.25,1,522525,522092,433
40752321,32.747,29.6732,436,36577,0.345892,0.33,1,522552,522116,436
40755241,48.1494,46.7346,437,36635,0.317178,0.29,1,522604,522167,437
40758161,43.2299,45.3469,434,36693,0.279436,0.29,1,522646,522212,434
40761081,31.046,31.4694,434,36751,0.271887,0.21,1,522674,522240,434
40764001,27.0092,30.2939,430,36809,0.286377,0.27,1,522700,522270,430
40766921,51.0018,48.4588,434,36866,0.337275,0.23,1,522757,522323,434
40769841,11.8004,11.2918,434,36923,0.347455,0.33,1,522759,522325,434
40772761,67.9601,66.2584,436,36980,0.317491,0.35,1,522841,522405,436
40775681,39.992,38.8517,437,37037,0.295498,0.31,1,522874,522437,437
40778601,9.5984,9.37033,437,37094,0.2911,0.33,1,522876,522439,437
40781521,20.3197,18.6741,439,37151,0.30622,0.33,1,522899,522460,439
40784441,54.4639,3.73481,502,37208,0.325244,0.33,1,522962,522460,502
40787361,31.6928,52.747,463,37265,0.329049,0.35,1,522988,522525,463
40790281,46.3386,32.1494,486,37322,0.37781,0.31,1,523038,522552,486
40793201,42.8677,48.0299,476,37379,0.435562,0.27,1,523080,522604,476
40796121,30.9735,43.206,462,37436,0.463112,0.27,1,523108,522646,462
40799041,27.7947,31.0412,461,37492,0.452623,0.29,1,523135,522674,461
40801961,51.9589,27.0082,493,37548,0.466525,0.35,1,523193,522700,493
40804881,11.9918,51.0016,438,37604,0.469305,0.35,1,523195,522757,438
40807801,67.9984,11.8003,518,37660,0.469861,0.31,1,523277,522759,518
40810721,39.1997,67.9601,468,37716,0.469972,0.29,1,523309,522841,468
40813641,9.43993,39.992,437,37772,0.469994,0.29,1,523311,522874,437
40816561,21.088,9.5984,459,37828,0.501999,0.31,1,523335,522876,459
40819481,55.4176,20.3197,500,37884,0.5084,0.33,1,523399,522899,500
40822401,31.8835,54.4639,463,37940,0.52568,0.33,1,523425,522962,463
40825321,49.5767,31.6928,491,37996,0.577136,0.39,1,523479,522988,491
40828241,45.9153,46.3386,486,38052,0.635427,0.45,1,523524,523038,486
40831161,31.5831,42.8677,472,38108,0.647085,0.47,1,523552,523080,472
40834081,27.1166,30.9735,470,38163,0.649417,0.45,1,523578,523108,470
40837001,52.6233,27.7947,502,38218,0.665883,0.47,1,523637,523135,502
40839921,12.1247,51.9589,446,38273,0.669177,0.47,1,523639,523193,446
40842841,68.0249,11.9918,526,38328,0.669835,0.47,1,523721,523195,526
40845761,39.205,67.9984,476,38383,0.685967,0.47,1,523753,523277,476
40848681,9.441,39.1997,446,38438,0.689193,0.47,1,523755,523309,446
40851601,21.8882,9.43993,469,38493,0.721839,0.51,1,523780,523311,469
40854521,56.3776,21.088,510,38548,0.744368,0.51,1,523845,523335,510
40857441,32.8755,55.4176,473,38603,0.764874,0.53,2,523872,523399,473
40860361,8.17511,31.8835,449,38658,0.768975,0.59,2,523874,523425,449
40863281,46.435,49.5767,451,38713,0.801795,0.65,2,523930,523479,451
40866201,47.687,45.9153,454,38768,0.904359,0.65,2,523978,523524,454
41047241,37,56,481,42010,0.81,1,2,526211,525730,481
41050161,35.4,30.4,492,42060,0.794,1,2,526246,525754,492
41053081,23.08,26.08,487,42110,0.7908,1,2,526266,525779,487
41056001,43.016,38.016,494,42160,0.71016,1,1,526314,525820,494
41058921,35.0032,41.2032,485,42210,0.646032,1,1,526347,525862,485
41061841,32.6006,33.0406,486,42260,0.681206,0.95,1,526379,525893,486
41064761,18.5201,25.8081,477,42310,0.688241,1,1,526394,525917,477
41067681,23.704,22.7616,480,42360,0.689648,1,1,526419,525939,480
41070601,40.7408,43.7523,476,42410,0.60993,1,1,526464,525988,476
41073521,39.3482,36.7505,480,42460,0.577986,1,1,526503,526023,480
41076441,58.2696,61.7501,475,42510,0.427597,1,1,526566,526091,475
41079361,38.8539,37.15,478,42560,0.429519,0.93,1,526600,526122,478
41082281,18.1708,26.63,467,42610,0.413904,0.89,1,526613,526146,467
41085201,24.4342,27.726,465,42660,0.394781,0.81,1,526639,526174,465
41088121,33.6868,35.1452,464,42709,0.390956,0.79,1,526675,526211,464
41091041,31.5374,35.029,460,42758,0.390191,0.79,1,526706,526246,460
41093961,23.1075,23.0058,461,42807,0.374038,0.69,1,526727,526266,461
41096881,35.8215,43.0012,452,42856,0.386808,0.63,1,526766,526314,452
41099801,34.3643,35.0002,453,42905,0.389362,0.69,1,526800,526347,453
41102721,30.0729,32.6,450,42954,0.373872,0.69,1,526829,526379,450
41105641,20.4146,18.52,453,43003,0.370774,0.69,1,526847,526394,453
41108561,24.8829,3.704,479,43052,0.370155,0.69,1,526873,526394,479
41111481,36.9766,20.7408,494,43101,0.402031,0.59,1,526913,526419,494
41114401,37.7953,40.1482,487,43150,0.408406,0.57,1,526951,526464,487
41117321,55.5591,39.2296,508,43199,0.457681,0.39,1,527011,526503,508
41120241,35.9118,58.2459,476,43248,0.499536,0.43,1,527042,526566,476
41123161,15.9824,38.8492,453,43297,0.523907,0.41,1,527053,526600,453
41126081,22.3965,18.1698,464,43346,0.496781,0.39,1,527077,526613,464
41129001,33.2793,24.434,474,43395,0.523356,0.39,1,527113,526639,474
41131921,31.4559,33.6868,469,43444,0.512671,0.39,1,527144,526675,469
41134841,25.4912,31.5374,462,43493,0.510534,0.37,1,527168,526706,462
41137761,35.4982,23.1075,479,43542,0.510107,0.39,1,527206,526727,479
41140681,32.6996,35.8215,472,43590,0.510021,0.39,1,527238,526766,472
41143601,30.5399,34.3643,468,43638,0.510004,0.37,1,527268,526800,468
41146521,19.708,30.0729,456,43686,0.542001,0.37,1,527285,526829,456
41149441,25.5416,20.4146,465,43734,0.5484,0.37,1,527312,526847,465
41152361,38.7083,24.8829,481,43782,0.58168,0.41,1,527354,526873,481
41155281,38.9417,36.9766,480,43830,0.620336,0.41,1,527393,526913,480
41158201,57.3883,37.7953,504,43878,0.628067,0.47,1,527455,526951,504
41161121,37.8777,55.5591,477,43926,0.613613,0.51,1,527488,527011,477
41164041,15.5755,35.9118,456,43974,0.610723,0.53,1,527498,527042,456
41166961,23.1151,15.9824,470,44022,0.626145,0.49,1,527523,527053,470
41169881,34.223,22.3965,483,44070,0.645229,0.53,1,527560,527077,483
41172801,30.8446,33.2793,477,44118,0.665046,0.51,1,527590,527113,477
41175721,24.5689,31.4559,469,44166,0.685009,0.51,1,527613,527144,469
41178641,36.1138,25.4912,484,44214,0.721002,0.51,1,527652,527168,484
41181561,32.8228,35.4982,478,44262,0.7442,0.51,1,527684,527206,478
41184481,31.3646,32.6996,477,44310,0.76484,0.51,2,527715,527238,477
41187401,19.0729,30.5399,463,44358,0.768968,0.55,2,527731,527268,463
41190321,27.0146,19.708,475,44406,0.817794,0.55,2,527760,527285,475
41193241,40.6029,25.5416,492,44454,0.827559,0.59,2,527804,527312,492
41196161,9.72058,38.7083,452,44501,0.829512,0.63,2,527806,527354,452
41199081,32.3441,38.9417,451,44548,0.861902,0.63,2,527844,527393,451
41202001,57.6688,57.3883,453,44595,0.884381,0.61,2,527908,527455,453
41204921,37.1338,37.8777,452,44642,0.904876,0.61,2,527940,527488,452
41207841,15.4268,15.5755,452,44689,0.908975,0.63,2,527950,527498,452
41210761,23.8854,23.1151,453,44736,0.941795,0.65,2,527976,527523,453
41412241,31,24,496,47879,0.77,1,2,530147,529651,496
41415161,33.4,39.2,487,47923,0.706,1,1,530181,529694,487
41418081,33.08,35.84,485,47967,0.7732,1,2,530214,529729,485
41421001,28.216,27.168,487,48011,0.83464,1,2,530241,529754,487
41423921,38.4432,42.2336,482,48055,0.814928,1,2,530282,529800,482
41426841,34.8886,36.4467,481,48099,0.810986,1,2,530316,529835,481
41429761,26.1777,28.8893,478,48143,0.858197,1,2,530340,529862,478
41432681,21.2355,23.3779,476,48187,0.915639,1,2,530360,529884,476
41444361,11,18,469,48363,0.91,1,2,530466,529997,469
41447281,25.4,28.4,467,48407,0.862,0.95,2,530495,530028,467
41450201,34.68,36.88,465,48451,0.8684,0.95,2,530532,530067,465
41453121,26.936,26.576,466,48494,0.88568,0.91,2,530557,530091,466
41456041,24.5872,25.3152,465,48537,0.937136,0.77,2,530581,530116,465
41485241,51,17,517,48967,0.95,0.85,2,530894,530377,517
41694021,53,24,498,24178,0.05,0.65,1,533110,532612,498
41696941,68.2,77.6,479,24266,0.066,0.51,1,533182,532703,479
41699861,60.84,66.72,474,24353,0.0372,0.23,1,533241,532767,474
41702781,52.968,74.144,449,24440,0.01544,0.13,1,533292,532843,449
41705701,25.7936,40.4288,436,24527,0.027088,0.09,1,533311,532875,436
41708621,37.1587,28.8858,450,24613,0.0454176,0.11,1,533351,532901,450
41711541,59.4317,54.5772,454,24699,0.0970835,0.09,1,533416,532962,454
41714461,62.2863,62.9154,452,24785,0.0434167,0.05,1,533479,533027,452
41717381,55.6573,78.9831,423,24871,0.0806833,0.07,1,533533,533110,423
41720301,68.7315,73.3966,423,24956,0.0561367,0.03,1,533605,533182,423
41723221,60.9463,61.8793,423,25041,0.0352273,0.01,1,533664,533241,423
41726141,53.7893,53.1759,424,25126,0.00704547,0.03,1,533716,533292,424
41729061,25.1579,25.8352,423,25210,0.0414091,0.05,1,533734,533311,423
41731981,36.2316,37.167,422,25294,0.0322818,0.11,1,533773,533351,422
41734901,61.6463,59.4334,425,25378,0.0144564,0.03,1,533841,533416,425
41737821,61.1293,62.2867,423,25461,0.0268913,0.03,1,533902,533479,423
41740741,55.4259,12.4573,477,25544,0.0453783,0.09,1,533956,533479,477
41743661,67.0852,45.6915,493,25627,0.0330757,0.05,1,534026,533533,493
41746581,60.617,66.7383,480,25710,0.0626151,0.03,1,534085,533605,480
41749501,53.7234,60.5477,473,25792,0.052523,0,1,534137,533664,473
41752421,25.1447,53.7095,439,25874,0.0665046,0.05,1,534155,533716,439
41755341,36.2289,25.1419,460,25956,0.0693009,0.03,1,534194,533734,460
41758261,61.6458,36.2284,489,26038,0.0378602,0.01,1,534262,533773,489
41761181,61.1292,61.6457,482,26119,0.00757204,0.03,1,534323,533841,482
41764101,57.0258,61.1291,477,26200,0.0415144,0.05,1,534379,533902,477
41767021,65.8052,55.4258,491,26281,0.112303,0.03,1,534447,533956,491
41769941,61.161,67.0852,481,26362,0.0464606,0.07,1,534507,534026,481
41772861,55.4322,60.617,476,26442,0.0332921,0.05,1,534561,534085,476
41775781,25.4864,53.7234,442,26522,0.0306584,0.07,1,534579,534137,442
41778701,34.6973,25.1447,461,26602,0.0621317,0.07,1,534616,534155,461
41781621,62.1395,36.2289,491,26682,0.0204263,0.03,1,534685,534194,491
41784541,60.4279,61.6458,483,26761,0.00408527,0,1,534745,534262,483
41787461,57.6856,61.1292,479,26840,0.0408171,0.05,1,534802,534323,479
41790381,13.1371,57.0258,425,26919,0.0481634,0.13,1,534804,534379,425
41793301,57.8274,65.8052,426,26998,0.0976327,0.03,1,534873,534447,426
41796221,57.1655,61.161,423,27076,0.0595265,0.03,1,534930,534507,423
41799141,54.6331,55.4322,423,27154,0.0359053,0.03,1,534984,534561,423
41802061,25.3266,25.4864,423,27232,0.0311811,0.07,1,535002,534579,423
41804981,34.6653,34.6973,423,27310,0.0622362,0.01,1,535039,534616,423
41807901,62.9331,62.1395,424,27388,0.0124472,0,1,535109,534685,424
41810821,59.7866,60.4279,423,27465,0.0264894,0.05,1,535168,534745,423
41813741,58.3573,57.6856,424,27542,0.0772979,0.05,1,535226,534802,424
41816661,13.2715,13.1371,424,27619,0.0874596,0.11,1,535228,534804,424
41819581,58.6543,57.8274,425,27696,0.0574919,0.05,1,535298,534873,425
41822501,56.5309,57.1655,424,27772,0.0994984,0.03,1,535354,534930,424
41825421,53.7062,54.6331,423,27848,0.1719,0.03,1,535407,534984,423
41828341,25.1412,25.3266,423,27924,0.21838,0.07,1,535425,535002,423
41831261,36.2282,34.6653,425,28000,0.179676,0,1,535464,535039,425
41834181,60.8457,62.9331,422,28076,0.107935,0.03,1,535531,535109,422
41837101,59.3691,59.7866,422,28151,0.125587,0.09,1,535590,535168,422
41840021,59.8738,58.3573,424,28226,0.0811174,0.09,1,535650,535226,424
41842941,13.5748,13.2715,424,28301,0.0722235,0.05,1,535652,535228,424
41845861,60.315,58.6543,426,28376,0.0864447,0.05,1,535724,535298,426
41848781,58.463,11.7309,484,28451,0.105289,0.11,1,535782,535298,484
41851701,55.6926,47.1462,483,28525,0.141058,0.19,1,535837,535354,483
41854621,25.5385,51.8292,448,28599,0.148212,0.23,1,535855,535407,448
41857541,35.5077,24.7658,468,28673,0.165642,0.17,1,535893,535425,468
41860461,57.5015,36.1532,492,28747,0.217128,0.09,1,535956,535464,492
41863381,58.7003,60.8306,484,28821,0.291426,0.13,1,536015,535531,484
41866301,57.3401,59.3661,482,28894,0.338285,0.07,1,536072,535590,482
41869221,13.068,59.8732,424,28967,0.347657,0.07,1,536074,535650,424
41872141,62.6136,13.5746,497,29040,0.333531,0.09,1,536149,535652,497
41875061,60.5227,60.3149,485,29113,0.378706,0.11,1,536209,535724,485
41877981,56.9045,58.463,483,29186,0.387741,0.15,1,536265,535782,483
41880901,25.7809,55.6926,446,29259,0.437548,0.15,1,536283,535837,446
41883821,37.1562,25.5385,468,29331,0.44751,0.17,1,536323,535855,468
41886741,59.4312,35.5077,495,29403,0.465502,0.23,1,536388,535893,495
41889661,62.2862,57.5015,495,29475,0.4851,0.31,1,536451,535956,495
41892581,59.6572,58.7003,495,29547,0.52102,0.35,1,536510,536015,495
41895501,13.5314,57.3401,440,29619,0.528204,0.35,1,536512,536072,440
41898421,62.7063,13.068,513,29690,0.529641,0.33,1,536587,536074,513
41901341,62.1413,62.6136,500,29761,0.545928,0.39,1,536649,536149,500
41904261,58.0283,60.5227,497,29832,0.549186,0.39,1,536706,536209,497
41907181,13.2057,56.9045,443,29903,0.549837,0.45,1,536708,536265,443
41910101,17.8411,25.7809,444,29974,0.533967,0.45,1,536727,536283,444
41913021,33.9682,37.1562,442,30045,0.546793,0.47,1,536765,536323,442
41915941,61.1936,59.4312,445,30115,0.549359,0.49,1,536833,536388,445
41918861,63.4387,62.2862,446,30185,0.645872,0.53,1,536897,536451,446
41921781,61.4877,59.6572,448,30255,0.697174,0.53,1,536958,536510,448
41924701,13.8975,13.5314,448,30325,0.707435,0.53,1,536960,536512,448
41927621,62.7795,62.7063,448,30395,0.693487,0.55,1,537035,536587,448
41930541,62.9559,62.1413,449,30465,0.722697,0.55,1,537098,536649,449
41933461,58.1912,58.0283,449,30534,0.696539,0.55,1,537155,536706,449
41936381,13.2382,13.2057,449,30603,0.691308,0.53,1,537157,536708,449
41939301,17.8476,17.8411,449,30672,0.722262,0.55,1,537176,536727,449
41942221,33.9695,33.9682,449,30741,0.744452,0.55,1,537214,536765,449
41945141,62.7939,61.1936,451,30810,0.79689,0.67,2,537284,536833,451
41948061,66.1588,63.4387,454,30879,0.839378,0.71,2,537351,536897,454
41950981,62.8318,61.4877,455,30948,0.847876,0.71,2,537413,536958,455
41953901,14.1664,13.8975,455,31016,0.849575,0.69,2,537415,536960,455
41956821,62.0333,62.7795,454,31084,0.849915,0.73,2,537489,537035,454
41959741,64.4067,62.9559,456,31152,0.849983,0.69,2,537554,537098,456
41962661,58.4813,58.1912,456,31220,0.881997,0.69,2,537611,537155,456
41965581,13.2963,13.2382,456,31288,0.888399,0.69,2,537613,537157,456
41968501,19.4593,2.64765,477,31356,0.85768,0.73,2,537634,537157,477
41971421,34.2919,15.7295,496,31423,0.899536,0.75,2,537672,537176,496
42088221,35,25,495,34011,0.61,1,1,539551,539056,495
42091141,19.8,28.2,482,34073,0.626,1,1,539567,539085,482
42094061,27.16,26.44,485,34135,0.5492,1,1,539596,539111,485
42096981,32.632,30.088,488,34197,0.50184,1,1,539630,539142,488
42099901,34.5264,31.6176,491,34259,0.332368,1,1,539665,539174,491
42102821,47.7053,6.32352,542,34321,0.202474,1,1,539716,539174,542
42105741,73.5411,58.0647,551,34383,0.0644947,1,1,539796,539245,551
42108661,45.9082,68.4129,519,34444,0.0688989,0.94,1,539835,539316,519
42111581,36.3816,49.6826,508,34505,0.0377798,1,1,539869,539361,508
42114501,48.0763,37.1365,525,34566,0.063556,0.8,1,539920,539395,525
42117421,52.8153,57.0273,517,34627,0.100711,0.81,1,539974,539457,517
42120341,35.3631,58.6055,489,34688,0.108142,0.61,1,540005,539516,489
42123261,15.8726,39.7211,465,34749,0.109628,0.63,1,540016,539551,465
42126181,22.3745,20.7442,473,34810,0.125926,0.53,1,540040,539567,473
42129101,26.8749,27.3488,472,34871,0.113185,0.49,1,540068,539596,472
42132021,29.375,32.6698,468,34932,0.094637,0.29,1,540098,539630,468
42134941,41.875,34.534,478,34993,0.154927,0.17,1,540143,539665,478
42137861,69.175,47.7068,503,35053,0.134985,0.03,1,540219,539716,503
42140781,45.835,73.5414,463,35113,0.0829971,0.07,1,540259,539796,463
42143701,35.567,45.9083,457,35173,0.0405994,0.03,1,540292,539835,457
42146621,47.1134,36.3817,473,35233,0.0481199,0.07,1,540342,539869,473
42149541,55.8227,48.0763,480,35293,0.081624,0.11,1,540400,539920,480
42152461,35.1645,52.8153,456,35353,0.0723248,0.11,1,540430,539974,456
42155381,15.0329,35.3631,435,35413,0.102465,0.11,1,540440,540005,435
42158301,24.6066,15.8726,451,35473,0.092493,0.13,1,540467,540016,451
42161221,26.5213,22.3745,454,35533,0.122499,0.11,1,540494,540040,454
42164141,29.3043,26.8749,456,35592,0.0964997,0.09,1,540524,540068,456
42167061,43.4609,29.375,473,35651,0.1073,0.17,1,540571,540098,473
42169981,10.2922,41.875,430,35710,0.14146,0.13,1,540573,540143,430
42172901,61.2584,69.175,428,35769,0.116292,0.07,1,540647,540219,428
42175821,41.8517,45.835,425,35828,0.143258,0.03,1,540684,540259,425
42178741,33.9703,35.567,424,35887,0.148652,0.05,1,540716,540292,424
42181661,45.1941,47.1134,422,35946,0.18173,0.09,1,540764,540342,422
42184581,59.4388,55.8227,427,36005,0.172346,0.07,1,540827,540400,427
42187501,35.8878,35.1645,427,36064,0.154469,0.11,1,540857,540430,427
42190421,15.1776,15.0329,427,36123,0.150894,0.09,1,540867,540440,427
42193341,23.8355,24.6066,426,36182,0.150179,0.13,1,540893,540467,426
42196261,27.9671,26.5213,428,36240,0.182036,0.09,1,540922,540494,428
42199181,29.5934,29.3043,428,36298,0.156407,0.11,1,540952,540524,428
42202101,42.7187,43.4609,427,36356,0.151281,0.15,1,540998,540571,427
42205021,10.1437,10.2922,427,36414,0.198256,0.11,1,541000,540573,427
42207941,59.6287,61.2584,425,36472,0.239651,0.15,1,541072,540647,425
42210861,43.1257,41.8517,427,36530,0.29593,0.15,1,541111,540684,427
42213781,34.2251,33.9703,427,36588,0.339186,0.19,1,541143,540716,427
42216701,46.845,45.1941,429,36646,0.395837,0.17,1,541193,540764,429
42219621,58.969,59.4388,428,36704,0.407167,0.15,1,541255,540827,428
42222541,36.5938,35.8878,429,36762,0.393433,0.15,1,541286,540857,429
42225461,15.3188,15.1776,429,36819,0.358687,0.15,1,541296,540867,429
42228381,24.6638,23.8355,430,36876,0.399737,0.19,1,541323,540893,430
42231301,27.3327,27.9671,429,36933,0.439947,0.15,1,541351,540922,429
42234221,29.4665,29.5934,429,36990,0.46399,0.15,1,541381,540952,429
42237141,44.2933,42.7187,431,37047,0.436798,0.21,1,541429,540998,431
42240061,10.4587,10.1437,431,37104,0.43136,0.25,1,541431,541000,431
42242981,60.4917,59.6287,432,37161,0.446272,0.25,1,541504,541072,432
42245901,44.8983,11.9257,473,37218,0.481254,0.31,1,541545,541072,473
42248821,36.9797,33.5852,469,37275,0.504251,0.35,1,541580,541111,469
42251741,48.9959,32.317,489,37332,0.54085,0.41,1,541632,541143,489
42254661,59.3992,46.4634,501,37389,0.56417,0.41,1,541694,541193,501
42257581,35.8798,58.8927,469,37446,0.584834,0.39,1,541724,541255,469
42260501,15.176,36.5785,448,37502,0.588967,0.35,1,541734,541286,448
42263421,27.0352,15.3157,468,37558,0.605793,0.41,1,541764,541296,468
42266341,27.807,24.6631,469,37614,0.609159,0.45,1,541792,541323,469
42269261,30.3614,27.3326,472,37670,0.625832,0.47,1,541823,541351,472
42272181,44.4723,29.4665,490,37726,0.645166,0.43,1,541871,541381,490
42275101,10.4945,44.2933,444,37782,0.649033,0.43,1,541873,541429,444
42278021,61.2989,10.4587,516,37838,0.697807,0.45,1,541947,541431,516
42280941,46.6598,60.4917,486,37894,0.739561,0.49,1,541990,541504,486
42283861,38.132,44.8983,481,37950,0.747912,0.51,1,542026,541545,481
42286781,50.8264,36.9797,500,38006,0.749582,0.55,1,542080,541580,500
42289701,60.5653,48.9959,511,38062,0.749916,0.57,1,542143,541632,511
42292621,36.9131,59.3992,480,38118,0.765983,0.59,2,542174,541694,480
42295541,15.3826,35.8798,460,38173,0.769197,0.59,2,542184,541724,460
42298461,27.8765,15.176,481,38228,0.785839,0.61,2,542215,541734,481
42301381,27.9753,27.0352,479,38283,0.805168,0.61,2,542243,541764,479
42304301,31.9951,27.807,484,38338,0.809034,0.63,2,542276,541792,484
42307221,44.799,30.3614,501,38393,0.841807,0.65,2,542324,541823,501
42310141,10.5598,44.4723,455,38448,0.848361,0.65,2,542326,541871,455
42313061,64.512,10.4945,531,38503,0.865672,0.71,2,542404,541873,531
42315981,48.1024,61.2989,501,38558,0.885135,0.75,2,542448,541947,501
42318901,38.4205,46.6598,494,38613,0.889027,0.75,2,542484,541990,494
42321821,9.2841,38.132,460,38668,0.889805,0.75,2,542486,542026,460
42324741,45.0568,50.8264,460,38723,0.921961,0.75,2,542540,542080,460
42476581,36,26,516,41461,0.85,1,2,544429,543913,516
42479501,36.8,33.2,518,41512,0.738,1,1,544466,543948,518
42482421,30.56,53.04,489,41563,0.6996,1,1,544495,544006,489
42485341,30.912,41.008,482,41614,0.59592,1,1,544526,544044,482
42488261,26.1824,28.2016,482,41665,0.495184,1,1,544551,544069,482
42491181,34.0365,27.2403,491,41716,0.443037,1,1,544587,544096,491
42494101,26.8073,28.6481,487,41767,0.368607,1,1,544612,544125,487
42497021,28.5615,31.3296,484,41818,0.241721,1,1,544641,544157,484
42499941,36.1123,43.8659,475,41868,0.216344,1,1,544679,544204,475
42502861,32.0225,33.5732,475,41918,0.147269,0.96,1,544710,544235,475
42505781,52.8045,49.9146,479,41968,0.0294538,0.99,1,544768,544289,479
42508701,35.3609,33.9829,480,42018,0.00589075,0.92,1,544799,544319,480
42511621,28.6722,37.1966,469,42068,0.0251782,0.89,1,544826,544357,469
42514541,30.5344,36.2393,464,42118,0.0450356,0.85,1,544857,544393,464
42517461,30.9069,36.0479,459,42168,0.0170071,0.71,1,544888,544429,459
42520381,33.3814,36.8096,456,42218,0.0434014,0.69,1,544922,544466,456
42523301,28.2763,30.5619,454,42268,0.0646803,0.57,1,544949,544495,454
42526221,23.2553,30.9124,445,42318,0.0209361,0.47,1,544971,544526,445
42529141,23.8511,26.1825,444,42368,0.0441872,0.43,1,544995,544551,444
42532061,28.7702,34.0365,438,42418,0.0808374,0.35,1,545025,544587,438
42534981,26.554,26.8073,439,42468,0.0561675,0.21,1,545051,544612,439
42537901,23.7108,28.5615,433,42518,0.0832335,0.21,1,545074,544641,433
42540821,32.7422,36.1123,430,42568,0.0566467,0.13,1,545109,544679,430
42543741,30.5484,32.0225,429,42618,0.0673293,0,1,545139,544710,429
42546661,48.5097,52.8045,424,42668,0.0534659,0,1,545192,544768,424
42549581,34.5019,35.3609,424,42717,0.0506932,0.03,1,545223,544799,424
42552501,26.9004,28.6722,422,42766,0.0341386,0.05,1,545248,544826,422
42555421,30.1801,30.5344,422,42815,0.0788277,0.01,1,545279,544857,422
42558341,30.836,30.9069,422,42864,0.0237655,0.05,1,545310,544888,422
42561261,33.3672,33.3814,422,42913,0.0287531,0.07,1,545344,544922,422
42564181,29.0734,28.2763,423,42962,0.0777506,0.01,1,545372,544949,423
42567101,22.6147,23.2553,422,43011,0.0555501,0.01,1,545393,544971,422
42570021,24.5229,4.65105,447,43060,0.08311,0.05,1,545418,544971,447
42572941,29.7046,20.1302,454,43109,0.088622,0.09,1,545449,544995,454
42575861,26.7409,28.026,450,43158,0.105724,0.05,1,545475,545025,450
42578781,22.1482,26.4052,445,43207,0.109145,0.09,1,545496,545051,445
42581701,33.2296,23.681,458,43256,0.125829,0.05,1,545532,545074,458
42584621,31.4459,32.7362,454,43305,0.145166,0.07,1,545563,545109,454
42587541,47.0892,30.5472,475,43354,0.165033,0.05,1,545614,545139,475
42590461,33.4178,48.5094,452,43403,0.169007,0.05,1,545644,545192,452
42593381,27.4836,34.5019,447,43452,0.137801,0.03,1,545670,545223,447
42596301,31.0967,26.9004,454,43501,0.0995603,0.09,1,545702,545248,454
42599221,29.4193,30.1801,452,43550,0.0759121,0.01,1,545731,545279,452
42602141,36.2839,30.836,459,43598,0.0711824,0.03,1,545769,545310,459
42605061,28.8568,33.3672,452,43646,0.0862365,0.09,1,545796,545344,452
42607981,20.1714,29.0734,442,43694,0.0892473,0.05,1,545814,545372,442
42610901,25.6343,22.6147,448,43742,0.137849,0.09,1,545841,545393,448
42613821,31.5269,24.5229,456,43790,0.14757,0.09,1,545874,545418,456
42616741,28.7054,29.7046,453,43838,0.165514,0.11,1,545902,545449,453
42619661,22.5411,26.7409,448,43886,0.153103,0.11,1,545923,545475,448
42622581,33.3082,22.1482,463,43934,0.118621,0.13,1,545959,545496,463
42625501,33.8616,33.2296,461,43982,0.159724,0.15,1,545993,545532,461
42628421,46.7723,31.4459,480,44030,0.167945,0.17,1,546043,545563,480
42631341,33.3545,47.0892,459,44078,0.185589,0.17,1,546073,545614,459
42634261,24.2709,33.4178,451,44126,0.189118,0.13,1,546095,545644,451
42637181,30.4542,27.4836,457,44174,0.189824,0.09,1,546127,545670,457
42640101,26.8908,31.0967,451,44222,0.189965,0.07,1,546153,545702,451
42643021,37.3782,29.4193,462,44270,0.157993,0.07,1,546193,545731,462
42645941,29.8756,36.2839,452,44318,0.167599,0.09,1,546221,545769,452
42648861,21.1751,28.8568,444,44366,0.15352,0.09,1,546240,545796,444
42651781,27.435,20.1714,455,44414,0.182704,0.15,1,546269,545814,455
42654701,31.887,25.6343,461,44461,0.268541,0.15,1,546302,545841,461
42657621,7.9774,31.5269,430,44508,0.285708,0.17,1,546304,545874,430
42660541,22.3955,28.7054,428,44555,0.321142,0.15,1,546330,545902,428
42663461,20.4791,22.5411,427,44602,0.296228,0.11,1,546350,545923,427
42666381,33.6958,33.3082,428,44649,0.355246,0.17,1,546387,545959,428
42669301,35.5392,33.8616,430,44696,0.367049,0.17,1,546423,545993,430
42672221,47.9078,46.7723,431,44743,0.43341,0.19,1,546474,546043,431
42675141,33.5816,33.3545,431,44790,0.414682,0.19,1,546504,546073,431
42678061,24.3163,24.2709,431,44837,0.410936,0.19,1,546526,546095,431
42680981,30.4633,30.4542,431,44884,0.442187,0.19,1,546558,546127,431
42683901,26.8927,26.8908,431,44931,0.416437,0.15,1,546584,546153,431
42686821,35.7785,37.3782,429,44978,0.443287,0.17,1,546622,546193,429
42689741,30.3557,29.8756,430,45025,0.400658,0.15,1,546651,546221,430
42692661,22.8711,21.1751,432,45072,0.408131,0.19,1,546672,546240,432
42695581,28.5742,27.435,433,45119,0.393626,0.29,1,546702,546269,433
42698501,34.5148,31.887,436,45166,0.406725,0.29,1,546738,546302,436
42701421,8.50297,7.9774,436,45213,0.409345,0.33,1,546740,546304,436
42704341,22.5006,22.3955,436,45260,0.441869,0.29,1,546766,546330,436
42707261,20.5001,20.4791,436,45307,0.432374,0.37,1,546786,546350,436
42710181,36.9,33.6958,440,45354,0.478475,0.37,1,546827,546387,440
42713101,36.98,35.5392,441,45400,0.503695,0.45,1,546864,546423,441
42716021,48.996,47.9078,442,45446,0.540739,0.41,1,546916,546474,442
42718941,33.7992,33.5816,442,45492,0.580148,0.41,1,546946,546504,442
42721861,24.3598,24.3163,442,45538,0.55603,0.45,1,546968,546526,442
42724781,30.472,30.4633,442,45584,0.599206,0.41,1,547000,546558,442
42727701,26.8944,26.8927,442,45630,0.623841,0.45,1,547026,546584,442
42730621,35.7789,35.7785,442,45676,0.596768,0.39,1,547064,546622,442
42733541,29.5558,30.3557,441,45722,0.623354,0.41,1,547092,546651,441
42736461,22.7112,22.8711,441,45768,0.628671,0.39,1,547113,546672,441
42739381,26.9422,28.5742,439,45814,0.629734,0.41,1,547141,546702,439
42742301,34.9884,34.5148,440,45860,0.677947,0.41,1,547178,546738,440
42745221,8.59769,8.50297,440,45906,0.655589,0.41,1,547180,546740,440
42748141,23.3195,1.70059,467,45952,0.651118,0.45,1,547207,546740,467
42751061,21.4639,21.1401,462,45998,0.666224,0.43,1,547228,546766,462
42753981,39.4928,20.228,486,46044,0.669245,0.49,1,547272,546786,486
42756901,38.2986,36.8456,483,46090,0.701849,0.51,1,547310,546827,483
42759821,50.8597,36.9691,500,46136,0.69237,0.55,1,547364,546864,500
42762741,34.1719,48.9938,478,46182,0.706474,0.59,1,547394,546916,478
42765661,25.2344,33.7988,471,46228,0.757295,0.55,2,547417,546946,471
42768581,30.6469,24.3598,481,46274,0.783459,0.61,2,547449,546968,481
42771501,27.7294,30.472,476,46320,0.804692,0.63,2,547476,547000,476
42774421,35.9459,26.8944,488,46366,0.808938,0.59,2,547514,547026,488
42777341,29.5892,35.7789,478,46411,0.809788,0.63,2,547542,547064,478
42780261,24.3178,29.5558,473,46456,0.825958,0.63,2,547565,547092,473
42783181,28.0636,22.7112,481,46501,0.813192,0.63,2,547594,547113,481
42786101,35.2127,26.9422,490,46546,0.826638,0.69,2,547631,547141,490
42789021,8.64254,34.9884,455,46591,0.829328,0.65,2,547633,547178,455
42791941,23.3285,8.59769,480,46636,0.861866,0.65,2,547660,547180,480
42794861,22.2657,23.3195,475,46681,0.868373,0.67,2,547682,547207,475
42797781,39.6531,21.4639,498,46726,0.917675,0.67,2,547726,547228,498
42809461,24,30,482,46906,0.91,0.77,2,547876,547394,482
42812381,31.2,24.4,492,46951,0.926,0.79,2,547909,547417,492
42815301,28.64,30.48,488,46996,0.9612,0.81,2,547937,547449,488
43037221,68,84,494,22817,0.05,0.73,1,550298,549804,494
43040141,62.4,78.4,478,22910,0.018,0.53,1,550359,549881,478
43043061,62.88,71.68,471,23003,0.0596,0.31,1,550422,549951,471
43045981,56.576,70.336,456,23095,0.06792,0,1,550477,550021,456
43048901,58.5152,79.6672,433,23187,0.021584,0.05,1,550536,550103,433
43051821,35.703,36.7334,437,23278,0.0043168,0.03,1,550566,550129,437
43054741,76.7406,24.1467,503,23369,0.00086336,0.03,1,550653,550150,503
43057661,68.9481,68.8293,490,23460,0.0401727,0.05,1,550720,550230,490
43060581,63.3896,68.1659,484,23550,0.0640345,0.01,1,550782,550298,484
43063501,64.6779,62.4332,488,23640,0.0688069,0.07,1,550847,550359,488
43066421,57.7356,62.8866,481,23730,0.0857614,0.07,1,550903,550422,481
43069341,55.5471,56.5773,481,23819,0.0891523,0.01,1,550958,550477,481
43072261,34.3094,58.5155,451,23908,0.0178305,0,1,550987,550536,451
43075181,8.46188,35.7031,423,23997,0.0275661,0,1,550989,550566,423
43078101,73.6924,76.7406,426,24085,0.0455132,0.05,1,551079,550653,426
43081021,66.7385,68.9481,424,24173,0.0651026,0.07,1,551144,550720,424
43083941,62.1477,63.3896,423,24261,0.0690205,0.07,1,551205,550782,423
43086861,66.0295,64.6779,425,24348,0.0378041,0.09,1,551272,550847,425
43089781,59.6059,57.7356,427,24435,0.127561,0.09,1,551330,550903,427
43092701,52.7212,55.5471,423,24522,0.161512,0,1,551381,550958,423
43095621,32.9442,34.3094,422,24608,0.104302,0.03,1,551409,550987,422
43098541,8.18885,8.46188,422,24694,0.0928605,0.05,1,551411,550989,422
43101461,73.6378,73.6924,422,24780,0.0425721,0.07,1,551501,551079,422
43104381,69.1276,66.7385,425,24866,0.0805144,0.07,1,551569,551144,425
43107301,61.0255,62.1477,423,24951,0.120103,0.03,1,551628,551205,423
43110221,65.8051,66.0295,423,25036,0.0960206,0.15,1,551695,551272,423
43113141,62.761,59.6059,427,25121,0.0592041,0.17,1,551757,551330,427
43116061,54.1522,52.7212,428,25205,0.0518408,0.09,1,551809,551381,428
43118981,30.0304,32.9442,424,25289,0.0663682,0.09,1,551833,551409,424
43121901,7.60609,8.18885,424,25373,0.0372736,0.03,1,551835,551411,424
43124821,72.7212,73.6378,423,25457,0.0314547,0.03,1,551924,551501,423
43127741,69.7442,14.7276,492,25540,0.0782909,0.09,1,551993,551501,492
43130661,61.9488,57.3455,484,25623,0.103658,0.13,1,552053,551569,484
43133581,64.3898,58.6691,490,25706,0.156732,0.09,1,552118,551628,490
43136501,62.478,65.3338,485,25788,0.183346,0.05,1,552180,551695,485
43139421,52.4956,62.6668,473,25870,0.188669,0.05,1,552230,551757,473
43142341,30.4991,54.1334,446,25952,0.221734,0.07,1,552255,551809,446
43145261,7.69982,30.0267,424,26034,0.228347,0.03,1,552257,551833,424
43148181,72.74,7.60533,511,26115,0.261669,0.03,1,552346,551835,511
43151101,72.148,72.7211,494,26196,0.316334,0.09,1,552418,551924,494
43154021,64.0296,69.7442,487,26277,0.311267,0.11,1,552480,551993,487
43156941,66.4059,61.9488,494,26358,0.310253,0.17,1,552547,552053,494
43159861,63.6812,64.3898,492,26438,0.326051,0.19,1,552610,552118,492
43162781,53.5362,62.478,481,26518,0.37721,0.19,1,552661,552180,481
43165701,31.5072,52.4956,457,26598,0.403442,0.23,1,552687,552230,457
43168621,7.90145,30.4991,434,26678,0.408688,0.23,1,552689,552255,434
43171541,74.3803,7.69982,523,26757,0.473738,0.27,1,552780,552257,523
43174461,74.8761,72.74,509,26836,0.534748,0.33,1,552855,552346,509
43177381,63.7752,72.148,498,26915,0.56295,0.31,1,552916,552418,498
43180301,14.355,64.0296,438,26994,0.56859,0.31,1,552918,552480,438
43183221,55.671,66.4059,437,27072,0.601718,0.33,1,552984,552547,437
43186141,62.3342,63.6812,438,27150,0.640344,0.39,1,553048,552610,438
43189061,56.4668,53.5362,442,27228,0.696069,0.41,1,553103,552661,442
43191981,32.0934,31.5072,442,27306,0.707214,0.41,1,553129,552687,442
43194901,8.01867,7.90145,442,27384,0.741443,0.49,1,553131,552689,442
43197821,77.6037,74.3803,446,27461,0.748289,0.55,1,553226,552780,446
43200741,77.9207,74.8761,449,27538,0.797658,0.57,2,553304,552855,449
43203661,65.1842,63.7752,450,27615,0.823532,0.57,2,553366,552916,450
43206581,14.6368,14.355,450,27692,0.796706,0.61,2,553368,552918,450
43209501,57.3274,55.671,452,27768,0.871341,0.65,2,553436,552984,452
43212421,62.6655,62.3342,452,27844,0.854268,0.71,2,553500,553048,452
43215341,60.5331,56.4668,457,27920,0.818854,0.71,2,553560,553103,457
43218261,32.9066,32.0934,457,27996,0.859771,0.75,2,553586,553129,457
43221181,8.18132,8.01867,457,28072,0.835954,0.75,2,553588,553131,457
43224101,79.2363,77.6037,459,28147,0.799191,0.81,2,553685,553226,459
43227021,79.0473,77.9207,460,28222,0.839838,0.83,2,553764,553304,460
43229941,66.2095,65.1842,461,28297,0.847968,0.79,2,553827,553366,461
43232861,14.8419,14.6368,461,28372,0.881594,0.79,2,553829,553368,461
43235781,58.9684,2.92737,531,28447,0.888319,0.89,2,553899,553368,531
43343821,27,21,491,31080,0.63,1,1,555757,555266,491
43346741,43,50.6,480,31148,0.47,0.98,1,555804,555324,480
43349661,68.6,64.52,487,31216,0.198,1,1,555879,555392,487
43352581,40.92,33.704,495,31284,0.1116,1,1,555913,555418,495
43355501,33.784,6.7408,527,31352,0.06232,1,1,555945,555418,527
43358421,22.7568,32.5482,508,31419,0.068464,1,1,555965,555457,508
43361341,24.5514,26.5096,508,31486,0.0536928,0.88,1,555990,555482,508
43364261,54.5103,29.3019,540,31553,0.0107386,1,1,556052,555512,540
43367181,73.3021,62.6604,547,31620,0.0421477,0.82,1,556130,555583,547
43370101,57.8604,77.3321,520,31687,0.0164295,0.73,1,556184,555664,520
43373021,29.1721,68.2664,476,31754,0.0432859,0.63,1,556206,555730,476
43375941,37.0344,35.2533,488,31821,0.0486572,0.43,1,556245,555757,488
43378861,56.2069,44.6507,502,31887,0.0977314,0.13,1,556306,555804,502
43381781,38.4414,68.9301,461,31953,0.123546,0.09,1,556340,555879,461
43384701,32.4883,40.986,458,32019,0.0647093,0.05,1,556371,555913,458
43387621,20.0977,33.7972,443,32085,0.0689419,0.07,1,556388,555945,443
43390541,22.4195,22.7594,446,32151,0.0697884,0.05,1,556411,555965,446
43393461,55.6839,24.5519,485,32217,0.0219577,0,1,556475,555990,485
43396381,72.7368,54.5104,500,32283,0.0283915,0.05,1,556552,556052,500
43399301,57.7474,73.3021,476,32349,0.0136783,0.01,1,556606,556130,476
43402221,28.3495,57.8604,443,32414,0.0587357,0.05,1,556627,556184,443
43405141,40.0699,29.1721,464,32479,0.0837471,0.05,1,556670,556206,464
43408061,56.814,37.0344,486,32544,0.104749,0.11,1,556731,556245,486
43410981,38.5628,56.2069,459,32609,0.14095,0.13,1,556765,556306,459
43413901,30.1126,38.4414,453,32674,0.16419,0.05,1,556793,556340,453
43416821,21.2225,32.4883,441,32739,0.120838,0.07,1,556812,556371,441
43419741,5.8445,20.0977,426,32804,0.112168,0.07,1,556814,556388,426
43422661,17.1689,22.4195,423,32868,0.110434,0.01,1,556834,556411,423
43425581,55.4338,55.6839,424,32932,0.0220867,0.03,1,556899,556475,424
43428501,71.8868,72.7368,423,32996,0.0284173,0.01,1,556975,556552,423
43431421,58.3774,57.7474,424,33060,0.0776835,0.07,1,557030,556606,424
43434341,29.2755,28.3495,425,33124,0.135537,0.09,1,557052,556627,425
43437261,41.8551,40.0699,427,33188,0.131107,0.11,1,557097,556670,427
43440181,58.771,56.814,429,33252,0.114221,0.15,1,557160,556731,429
43443101,38.9542,38.5628,429,33316,0.126844,0.17,1,557194,556765,429
43446021,29.3908,30.1126,428,33379,0.161369,0.11,1,557221,556793,428
43448941,20.2782,21.2225,427,33442,0.168274,0.11,1,557239,556812,427
43451861,5.65563,5.8445,427,33505,0.169655,0.11,1,557241,556814,427
43454781,17.1311,17.1689,427,33568,0.137931,0,1,557261,556834,427
43457701,51.4262,55.4338,422,33631,0.0515862,0.03,1,557321,556899,422
43460621,71.0852,71.8868,422,33694,0.0663172,0.09,1,557397,556975,422
43463541,62.217,58.3774,427,33757,0.0372634,0.15,1,557457,557030,427
43466461,30.0434,29.2755,427,33820,0.0154527,0.13,1,557479,557052,427
43469381,41.2087,41.8551,426,33883,0.0590905,0.11,1,557523,557097,426
43472301,59.4417,58.771,427,33945,0.0838181,0.13,1,557587,557160,427
43475221,39.8883,38.9542,428,34007,0.0887636,0.17,1,557622,557194,428
43478141,29.5777,29.3908,428,34069,0.0577527,0.17,1,557649,557221,428
43481061,20.3155,20.2782,428,34131,0.0835506,0.17,1,557667,557239,428
43483981,5.66311,5.65563,428,34193,0.0567101,0.13,1,557669,557241,428
43486901,17.1326,17.1311,428,34255,0.083342,0.13,1,557689,557261,428
43489821,45.8265,3.42623,481,34317,0.104668,0.03,1,557742,557261,481
43492741,70.7653,48.6852,498,34379,0.124934,0.07,1,557819,557321,498
43495661,61.3531,70.537,481,34441,0.112987,0.03,1,557878,557397,481
43498581,29.8706,62.1074,443,34502,0.0785973,0.01,1,557900,557457,443
43501501,42.7741,30.0215,467,34563,0.103719,0.07,1,557946,557479,467
43504421,59.7548,41.2043,487,34624,0.108744,0.09,1,558010,557523,487
43507341,40.751,59.4409,459,34685,0.157749,0.09,1,558046,557587,459
43510261,28.9502,39.8882,450,34746,0.16755,0.05,1,558072,557622,450
43513181,20.19,29.5776,441,34807,0.18551,0.09,1,558090,557649,441
43516101,5.63801,20.3155,425,34868,0.189102,0.05,1,558092,557667,425
43519021,17.1276,5.66311,443,34929,0.18982,0.09,1,558112,557669,443
43521941,46.6255,17.1326,477,34990,0.237964,0.11,1,558166,557689,477
43524861,73.3251,45.8265,504,35050,0.247593,0.13,1,558246,557742,504
43527781,59.465,70.7653,483,35110,0.281519,0.11,1,558302,557819,483
43530701,30.293,61.3531,447,35170,0.320304,0.07,1,558325,557878,447
43533621,42.8586,29.8706,471,35230,0.328061,0.11,1,558371,557900,471
43536541,60.5717,42.7741,490,35290,0.345612,0.11,1,558436,557946,490
43539461,43.3143,59.7548,465,35350,0.381122,0.17,1,558475,558010,465
43542381,29.4629,40.751,455,35410,0.404224,0.17,1,558501,558046,455
43545301,21.0926,28.9502,448,35470,0.424845,0.19,1,558520,558072,448
43548221,5.81851,20.19,432,35530,0.444969,0.19,1,558522,558090,432
43551141,17.9637,5.63801,451,35589,0.480994,0.19,1,558543,558092,451
43554061,48.3927,17.1276,487,35648,0.504199,0.25,1,558599,558112,487
43556981,11.2785,46.6255,435,35707,0.50884,0.25,1,558601,558166,435
43559901,66.2557,73.3251,435,35766,0.557768,0.29,1,558681,558246,435
43562821,58.8511,59.465,436,35825,0.535554,0.33,1,558738,558302,436
43565741,31.7702,30.293,438,35884,0.595111,0.33,1,558763,558325,438
43568661,44.754,42.8586,440,35943,0.623022,0.35,1,558811,558371,440
43571581,60.1508,60.5717,439,36002,0.628604,0.39,1,558875,558436,439
43574501,45.6302,43.3143,442,36061,0.677721,0.41,1,558917,558475,442
43577421,29.926,29.4629,442,36120,0.735544,0.43,1,558943,558501,442
43580341,23.5852,21.0926,445,36179,0.731109,0.45,1,558965,558520,445
43583261,6.31704,5.81851,445,36237,0.730222,0.49,1,558967,558522,445
43586181,18.8634,17.9637,446,36295,0.698044,0.51,1,558989,558543,446
43589101,49.3727,48.3927,447,36353,0.691609,0.51,1,559046,558599,447
43592021,11.4745,11.2785,447,36411,0.722322,0.57,1,559048,558601,447
43594941,67.0949,66.2557,448,36469,0.696464,0.53,1,559129,558681,448
43597861,59.819,58.8511,449,36527,0.739293,0.61,1,559187,558738,449
43600781,32.7638,31.7702,450,36585,0.795859,0.63,2,559213,558763,450
43603701,45.7528,44.754,451,36643,0.759172,0.63,2,559262,558811,451
43606621,61.9506,60.1508,453,36701,0.783834,0.69,2,559328,558875,453
43609541,48.3901,45.6302,456,36759,0.788767,0.75,2,559373,558917,456
43612461,31.278,29.926,457,36816,0.773753,0.73,2,559400,558943,457
43615381,23.0556,23.5852,456,36873,0.802751,0.73,2,559421,558965,456
43618301,6.21112,6.31704,456,36930,0.77655,0.69,2,559423,558967,456
43621221,18.8422,18.8634,456,36987,0.77131,0.69,2,559445,558989,456
43624141,49.3684,49.3727,456,37044,0.802262,0.73,2,559502,559046,456
43627061,11.4737,11.4745,456,37101,0.808452,0.69,2,559504,559048,456
43629981,67.0947,67.0949,456,37158,0.80969,0.69,2,559585,559129,456
43632901,61.4189,13.419,516,37215,0.809938,0.75,2,559645,559129,516
43635821,33.8838,49.0838,485,37272,0.841988,0.81,2,559672,559187,485
43638741,45.1768,30.6168,507,37329,0.864398,0.75,2,559720,559213,507
43641661,61.8354,45.3234,524,37386,0.88488,0.79,2,559786,559262,524
43644581,49.9671,61.8647,505,37443,0.872976,0.79,2,559833,559328,505
43647501,31.5934,48.3729,487,37499,0.886595,0.77,2,559860,559373,487
43650421,22.3187,31.2746,480,37555,0.889319,0.81,2,559880,559400,480
43653341,6.06374,23.0549,461,37611,0.889864,0.77,2,559882,559421,461
43656261,18.8127,6.21098,481,37667,0.905973,0.77,2,559904,559423,481
43784741,35,27,497,40060,0.65,1,1,561617,561120,497
43787661,34.2,5.4,531,40113,0.57,1,1,561651,561120,531
43790581,32.44,24.28,534,40166,0.522,1,1,561683,561149,534
43793501,52.888,51.256,534,40219,0.3204,1,1,561741,561207,534
43796421,36.1776,54.2512,511,40271,0.29608,1,1,561773,561262,511
43799341,26.4355,31.6502,509,40323,0.163216,1,1,561797,561288,509
43802261,24.4871,25.53,509,40375,0.120643,0.98,1,561821,561312,509
43805181,23.2974,26.706,505,40427,0.0481286,1,1,561844,561339,505
43808101,23.8595,27.7412,501,40479,0.0816257,1,1,561868,561367,501
43811021,23.1719,27.9482,496,40531,0.0563251,1,1,561891,561395,496
43813941,54.2344,24.7896,534,40583,0.019265,0.96,1,561953,561419,534
43816861,58.0469,54.5579,531,40635,0.027853,0.79,1,562012,561481,531
43819781,35.6094,68.5116,489,40687,0.125571,0.71,1,562042,561553,489
43822701,27.9219,36.9023,486,40739,0.113114,0.65,1,562068,561582,486
43825621,27.9844,35.3805,479,40791,0.158623,0.55,1,562096,561617,479
43828541,27.1969,34.2761,472,40843,0.119725,0.51,1,562123,561651,472
43831461,43.0394,32.4552,487,40895,0.127945,0.27,1,562170,561683,487
43834381,33.4079,52.891,460,40947,0.177589,0.29,1,562201,561741,460
43837301,25.0816,36.1782,451,40999,0.155518,0.13,1,562224,561773,451
43840221,20.2163,26.4356,446,41050,0.183104,0.11,1,562243,561797,446
43843141,21.6433,24.4871,444,41101,0.156621,0.03,1,562265,561821,444
43846061,23.5287,23.2974,445,41152,0.119324,0.09,1,562289,561844,445
43848981,23.1057,23.8595,444,41203,0.0478648,0.05,1,562312,561868,444
43851901,54.2211,23.1719,483,41254,0.081573,0.01,1,562374,561891,483
43854821,59.6442,54.2344,482,41305,0.0723146,0.03,1,562435,561953,482
43857741,39.1288,58.0469,457,41356,0.0864629,0.15,1,562469,562012,457
43860661,29.4258,35.6094,454,41407,0.169293,0.11,1,562496,562042,454
43863581,29.0852,27.9219,457,41458,0.201859,0.17,1,562525,562068,457
43866501,25.017,27.9844,453,41509,0.224372,0.11,1,562549,562096,453
43869421,6.60341,27.1969,428,41560,0.228874,0.13,1,562551,562123,428
43872341,38.9207,43.0394,428,41611,0.213775,0.19,1,562598,562170,428
43875261,33.3841,33.4079,429,41662,0.226755,0.15,1,562630,562201,429
43878181,25.8768,25.0816,430,41713,0.245351,0.19,1,562654,562224,430
43881101,21.1754,20.2163,431,41764,0.24907,0.15,1,562674,562243,431
43884021,18.6351,21.6433,427,41815,0.249814,0.11,1,562692,562265,427
43886941,19.727,23.5287,423,41865,0.249963,0.03,1,562712,562289,423
43889861,23.9454,23.1057,425,41915,0.281993,0.09,1,562737,562312,425
43892781,53.5891,54.2211,424,41965,0.224399,0.07,1,562798,562374,424
43895701,61.1178,59.6442,426,42015,0.18088,0.09,1,562861,562435,426
43898621,41.8236,39.1288,429,42065,0.188176,0.19,1,562898,562469,429
43901541,31.5647,29.4258,431,42115,0.173635,0.21,1,562927,562496,431
43904461,30.3129,29.0852,432,42165,0.186727,0.23,1,562957,562525,432
43907381,26.0626,25.017,433,42215,0.141345,0.23,1,562982,562549,433
43910301,6.81252,6.60341,433,42265,0.132269,0.21,1,562984,562551,433
43913221,38.1625,38.9207,432,42315,0.178454,0.23,1,563030,562598,432
43916141,34.8325,33.3841,434,42365,0.203691,0.25,1,563064,562630,434
43919061,26.1665,25.8768,434,42415,0.224738,0.25,1,563088,562654,434
43921981,21.2333,21.1754,434,42465,0.228948,0.25,1,563108,562674,434
43924901,18.6467,18.6351,434,42515,0.22979,0.25,1,563126,562692,434
43927821,20.5293,19.727,435,42565,0.245958,0.29,1,563147,562712,435
43930741,23.3059,23.9454,434,42615,0.233192,0.21,1,563171,562737,434
43933661,50.2612,53.5891,430,42665,0.262638,0.17,1,563228,562798,430
43936581,60.4522,61.1178,430,42714,0.252528,0.19,1,563291,562861,430
43939501,40.8904,41.8236,429,42763,0.314506,0.17,1,563327,562898,429
43942421,30.5781,31.5647,428,42812,0.342901,0.19,1,563355,562927,428
43945341,30.9156,30.3129,429,42861,0.34858,0.13,1,563386,562957,429
43948261,26.1831,26.0626,429,42910,0.349716,0.13,1,563411,562982,429
43951181,6.83662,6.81252,429,42959,0.349943,0.19,1,563413,562984,429
43954101,38.1673,38.1625,429,43008,0.413989,0.19,1,563459,563030,429
43957021,37.2335,7.6325,466,43057,0.410798,0.21,1,563496,563030,466
43959941,26.6467,28.7265,456,43106,0.41016,0.23,1,563520,563064,456
43962861,21.3293,24.9453,452,43155,0.426032,0.23,1,563540,563088,452
43965781,18.6659,20.9891,450,43204,0.429206,0.23,1,563558,563108,450
43968701,19.7332,18.5978,452,43253,0.445841,0.25,1,563578,563126,452
43971621,23.9466,20.5196,456,43302,0.465168,0.23,1,563603,563147,456
43974541,51.9893,23.3039,491,43351,0.469034,0.27,1,563662,563171,491
43977461,59.9979,50.2608,496,43400,0.469807,0.25,1,563724,563228,496
43980381,43.1996,60.4522,472,43449,0.501961,0.33,1,563763,563291,472
43983301,31.8399,40.8904,465,43498,0.460392,0.35,1,563792,563327,465
43986221,30.368,30.5781,467,43547,0.484078,0.35,1,563822,563355,467
43989141,26.0736,30.9156,461,43595,0.472816,0.35,1,563847,563386,461
43992061,6.81472,26.1831,438,43643,0.470563,0.35,1,563849,563411,438
43994981,41.3629,6.83662,486,43691,0.550113,0.43,1,563899,563413,486
43997901,38.6726,38.1673,478,43739,0.598023,0.41,1,563937,563459,478
44000821,27.7345,37.2335,466,43787,0.591604,0.41,1,563962,563496,466
44003741,21.5469,26.6467,462,43835,0.622321,0.43,1,563982,563520,462
44006661,18.7094,21.3293,460,43883,0.628464,0.43,1,564000,563540,460
44009581,20.5419,18.6659,463,43931,0.613693,0.45,1,564021,563558,463
44012501,24.9084,19.7332,469,43979,0.610739,0.47,1,564047,563578,469
44015421,52.1817,23.9466,503,44027,0.626148,0.47,1,564106,563603,503
44018341,60.0363,51.9893,506,44075,0.64523,0.47,1,564168,563662,506
44021261,43.2073,59.9979,483,44123,0.633046,0.51,1,564207,563724,483
44024181,32.6415,43.1996,474,44171,0.646609,0.45,1,564237,563763,474
44027101,30.5283,31.8399,475,44219,0.697322,0.49,1,564267,563792,475
44030021,25.3057,30.368,469,44267,0.723464,0.47,1,564291,563822,469
44032941,6.66113,26.0736,446,44315,0.728693,0.47,1,564293,563847,446
44035861,45.3322,6.81472,499,44363,0.761739,0.57,2,564348,563849,499
44038781,41.0664,41.3629,489,44411,0.832348,0.61,2,564388,563899,489
44041701,28.2133,38.6726,476,44458,0.862469,0.59,2,564413,563937,476
44044621,7.24266,27.7345,453,44505,0.868494,0.63,2,564415,563962,453
44047541,17.4485,21.5469,453,44552,0.869699,0.63,2,564435,563982,453
44050461,17.8897,18.7094,453,44599,0.88594,0.61,2,564453,564000,453
44053381,19.5779,20.5419,452,44646,0.889188,0.61,2,564473,564021,452
44056301,24.7156,24.9084,452,44693,0.921838,0.63,2,564499,564047,452
44067981,32,30,455,44881,0.95,0.71,2,564692,564237,455
44286981,58,78,495,22093,0.01,0.99,1,567140,566645,495
44289901,76.4,68.4,510,22189,0.058,0.99,1,567221,566711,510
44292821,67.28,80.08,492,22285,0.0116,0.79,1,567286,566794,492
44295741,51.856,62.416,482,22380,0.02632,0.53,1,567334,566852,482
44298661,55.1712,78.0832,456,22475,0.061264,0.43,1,567390,566934,456
44301581,19.0342,33.2166,444,22569,0.0682528,0.29,1,567400,566956,444
44304501,87.0069,24.2433,526,22663,0.0536506,0,1,567504,566978,526
44307421,63.8014,88.0487,480,22757,0.0667301,0.01,1,567562,567082,480
44310341,78.3603,64.0097,504,22850,0.013346,0.07,1,567644,567140,504
44313261,66.0721,77.6019,486,22943,0.0106692,0,1,567707,567221,486
44316181,52.4144,67.5204,470,23035,0.0421338,0.03,1,567756,567286,470
44319101,56.8829,51.9041,480,23127,0.0804268,0.07,1,567814,567334,480
44322021,18.5766,55.1808,433,23219,0.0720854,0.07,1,567823,567390,433
44324941,86.1153,19.0362,526,23310,0.150417,0.05,1,567926,567400,526
44327861,63.6231,87.0072,480,23401,0.0540834,0.07,1,567984,567504,480
44330781,79.1246,63.8014,505,23492,0.0348167,0,1,568067,567562,505
44333701,65.4249,78.3603,485,23582,0.0149633,0.01,1,568129,567644,485
44336621,52.285,66.0721,471,23672,0.0269927,0.05,1,568178,567707,471
44339541,59.257,52.4144,483,23762,0.0453985,0.09,1,568239,567756,483
44342461,19.8514,56.8829,435,23851,0.0810797,0.07,1,568249,567814,435
44345381,87.1703,18.5766,530,23940,0.200216,0.17,1,568353,567823,530
44348301,19.0341,86.1153,429,24029,0.224043,0.03,1,568355,567926,429
44351221,45.4068,63.6231,423,24117,0.132809,0.03,1,568407,567984,423
44354141,75.4814,79.1246,423,24205,0.0825617,0.01,1,568490,568067,423
44357061,64.6963,65.4249,423,24293,0.0405123,0.03,1,568552,568129,423
44359981,52.1393,52.285,423,24380,0.0321025,0.05,1,568601,568178,423
44362901,61.6279,59.257,426,24467,0.0304205,0.09,1,568665,568239,426
44365821,20.3256,19.8514,426,24554,0.0060841,0.23,1,568675,568249,426
44368741,92.8651,87.1703,433,24640,0.0572168,0.23,1,568786,568353,433
44371661,20.173,19.0341,433,24726,0.0674434,0.11,1,568788,568355,433
44374581,40.8346,45.4068,427,24812,0.0694887,0.07,1,568834,568407,427
44377501,72.9669,75.4814,425,24897,0.149898,0.03,1,568915,568490,425
44380421,61.7934,64.6963,422,24982,0.18198,0.03,1,568974,568552,422
44383341,52.3587,52.1393,423,25067,0.172396,0.03,1,569024,568601,423
44386261,60.8717,61.6279,422,25152,0.186479,0,1,569087,568665,422
44389181,20.1743,20.3256,422,25236,0.157296,0.07,1,569097,568675,422
44392101,95.2349,92.8651,425,25320,0.215459,0.07,1,569211,568786,425
44395021,20.647,20.173,425,25404,0.195092,0.07,1,569213,568788,425
44397941,40.9294,40.8346,425,25487,0.255018,0.07,1,569259,568834,425
44400861,74.5859,8.16692,508,25570,0.299004,0.17,1,569342,568834,508
44403781,63.7172,66.4334,488,25653,0.291801,0.19,1,569403,568915,488
44406701,51.1434,60.4867,477,25736,0.29036,0.17,1,569451,568974,477
44409621,61.4287,52.0973,491,25818,0.290072,0.19,1,569515,569024,491
44412541,20.2857,60.8195,438,25900,0.290014,0.15,1,569525,569087,438
44415461,98.4571,20.1639,546,25982,0.354003,0.23,1,569643,569097,546
44418381,21.2914,95.2328,434,26064,0.366801,0.19,1,569645,569211,434
44421301,41.0583,20.6466,478,26145,0.40136,0.27,1,569691,569213,478
44424221,77.8117,40.9293,519,26226,0.440272,0.31,1,569778,569259,519
44427141,63.5623,74.5859,496,26307,0.464054,0.29,1,569838,569342,496
44430061,51.1125,63.7172,483,26388,0.500811,0.29,1,569886,569403,483
44432981,61.4225,51.1434,499,26468,0.540162,0.29,1,569950,569451,499
44435901,20.2845,61.4287,445,26548,0.548032,0.29,1,569960,569515,445
44438821,101.657,20.2857,557,26628,0.597606,0.37,1,570082,569525,557
44441741,21.9314,98.4571,441,26708,0.607521,0.37,1,570084,569643,441
44444661,42.7863,21.2914,487,26787,0.673504,0.41,1,570132,569645,487
44447581,79.7573,41.0583,530,26866,0.702701,0.45,1,570221,569691,530
44450501,17.5515,77.8117,445,26945,0.70854,0.47,1,570223,569778,445
44453421,51.5103,63.5623,445,27024,0.757708,0.51,2,570283,569838,445
44456341,50.3021,51.1125,447,27102,0.735542,0.55,1,570333,569886,447
44459261,62.8604,61.4225,449,27180,0.731108,0.55,1,570399,569950,449
44462181,20.5721,20.2845,449,27258,0.730222,0.61,1,570409,569960,449
44465101,104.114,101.657,452,27336,0.746044,0.61,1,570534,570082,452
44468021,22.4229,21.9314,452,27413,0.717209,0.69,1,570536,570084,452
44470941,46.0846,42.7863,456,27490,0.727442,0.71,1,570588,570132,456
44473861,81.2169,79.7573,457,27567,0.761488,0.71,2,570678,570221,457
44476781,17.8434,17.5515,457,27644,0.736298,0.77,1,570680,570223,457
44479701,52.3687,51.5103,458,27721,0.77926,0.73,2,570741,570283,458
44482621,50.4737,50.3021,458,27797,0.851852,0.73,2,570791,570333,458
44485541,62.8947,62.8604,458,27873,0.88237,0.73,2,570857,570399,458
44488461,20.5789,20.5721,458,27949,0.856474,0.75,2,570867,570409,458
44491381,103.316,104.114,457,28025,0.899295,0.71,2,570991,570534,457
44494301,22.2632,22.4229,457,28101,0.907859,0.73,2,570993,570536,457
44602341,112,106,501,30765,0.65,1,1,572906,572405,501
44605261,51.2,42.8,510,30834,0.666,1,1,572942,572432,510
44608181,32.64,40.56,498,30903,0.6212,1,1,572970,572472,498
44611101,71.328,87.312,480,30971,0.50024,1,1,573051,572571,480
44614021,41.4656,43.0624,482,31039,0.444048,0.97,1,573085,572603,482
44616941,33.0931,36.6125,478,31107,0.43281,1,1,573116,572638,478
44619861,53.0186,48.1225,485,31175,0.510562,1,1,573174,572689,485
44622781,37.0037,40.8245,479,31243,0.510112,0.91,1,573207,572728,479
44625701,30.6007,33.7649,476,31311,0.462022,0.91,1,573236,572760,476
44628621,28.5201,6.75298,504,31379,0.452404,0.95,1,573264,572760,504
44631541,81.704,28.5506,565,31446,0.482481,0.65,1,573359,572794,565
44634461,45.1408,95.3101,489,31513,0.424496,0.67,1,573395,572906,489
44637381,30.6282,47.862,480,31580,0.428899,0.61,1,573422,572942,480
44640301,63.7256,31.9724,524,31647,0.42978,0.47,1,573494,572970,524
44643221,39.1451,71.1945,476,31714,0.413956,0.43,1,573527,573051,476
44646141,30.229,41.4389,470,31781,0.458791,0.43,1,573555,573085,470
44649061,58.8458,33.0878,505,31848,0.515758,0.53,1,573621,573116,505
44651981,35.7692,53.0176,477,31914,0.527152,0.51,1,573651,573174,477
44654901,27.9538,37.0035,470,31980,0.57743,0.45,1,573677,573207,470
44657821,27.9908,30.6007,469,32046,0.587486,0.45,1,573705,573236,469
44660741,84.7982,28.5201,540,32112,0.573497,0.49,1,573804,573264,540
44663661,42.5596,81.704,477,32178,0.602699,0.41,1,573836,573359,477
44666581,32.5119,45.1408,471,32244,0.60854,0.43,1,573866,573395,471
44669501,62.5024,30.6282,514,32310,0.657708,0.43,1,573936,573422,514
44672421,38.9005,63.7256,475,32375,0.651542,0.41,1,573969,573494,475
44675341,31.7801,39.1451,472,32440,0.650308,0.47,1,573999,573527,472
44678261,60.756,30.229,512,32505,0.714062,0.53,1,574067,573555,512
44681181,38.5512,58.8458,479,32570,0.694812,0.53,1,574100,573621,479
44684101,29.3102,35.7692,476,32635,0.674962,0.59,1,574127,573651,476
44687021,26.662,27.9538,476,32700,0.718993,0.59,1,574153,573677,476
44689941,86.1324,27.9908,549,32765,0.759799,0.57,2,574254,573705,549
44692861,18.8265,84.7982,452,32830,0.76796,0.61,2,574256,573804,452
44695781,29.3653,42.5596,452,32894,0.801592,0.61,2,574288,573836,452
44698701,29.8731,32.5119,452,32958,0.824318,0.67,2,574318,573866,452
44701621,64.3746,62.5024,455,33022,0.844864,0.65,2,574391,573936,455
44704541,38.4749,38.9005,454,33086,0.848973,0.65,2,574423,573969,454
44707461,31.695,31.7801,454,33150,0.849795,0.73,2,574453,573999,454
44710381,62.339,60.756,456,33214,0.849959,0.69,2,574523,574067,456
44713301,38.8678,38.5512,456,33278,0.865992,0.67,2,574556,574100,456
44716221,30.1736,29.3102,457,33342,0.837198,0.73,2,574584,574127,457
44719141,27.6347,26.662,458,33405,0.84744,0.77,2,574611,574153,458
44722061,87.9269,86.1324,460,33468,0.929488,0.77,2,574714,574254,460
44724981,19.1854,18.8265,460,33531,0.945898,0.81,2,574716,574256,460
44850541,27,23,506,36143,0.79,1,2,576521,576015,506
44853461,87.8,95,496,36201,0.678,1,1,576624,576128,496
44856381,50.36,44.6,505,36259,0.6396,1,1,576665,576160,505
44859301,32.472,39.32,495,36317,0.56792,1,1,576693,576198,495
44862221,24.0944,27.064,493,36375,0.569584,1,1,576715,576222,493
44865141,32.0189,20.6128,508,36433,0.489917,1,1,576749,576241,508
44868061,35.2038,38.5226,501,36491,0.489983,1,1,576785,576284,501
44870981,22.2408,37.3045,483,36549,0.489997,0.97,1,576804,576321,483
44873901,32.4482,34.6609,484,36607,0.505999,1,1,576839,576355,484
44876821,58.4896,66.1322,475,36665,0.4932,0.85,1,576904,576429,475
44879741,33.2979,42.0264,466,36723,0.52264,0.81,1,576931,576465,466
44882661,27.4596,31.6053,463,36781,0.512528,0.79,1,576957,576494,463
44885581,24.6919,27.9211,460,36838,0.494506,0.65,1,576981,576521,460
44888501,84.1384,87.9842,456,36895,0.522901,0.63,1,577080,576624,456
44891421,47.2277,50.3968,453,36952,0.52858,0.55,1,577118,576665,453
44894341,28.6455,32.4794,449,37009,0.577716,0.57,1,577142,576693,449
44897261,23.3291,24.0959,449,37066,0.587543,0.47,1,577164,576715,449
44900181,30.2658,32.0192,447,37123,0.621509,0.49,1,577196,576749,447
44903101,32.4532,35.2038,444,37180,0.676302,0.49,1,577229,576785,444
44906021,22.4906,7.04077,464,37237,0.67126,0.49,1,577249,576785,464
44908941,30.0981,16.6082,477,37294,0.702252,0.51,1,577281,576804,477
44911861,58.8196,31.3216,508,37351,0.67645,0.49,1,577347,576839,508
44914781,34.1639,58.2643,471,37408,0.67129,0.53,1,577375,576904,471
44917701,28.4328,33.2529,471,37464,0.702258,0.51,1,577402,576931,471
44920621,23.2866,27.4506,467,37520,0.708452,0.49,1,577424,576957,467
44923541,87.0573,24.6901,546,37576,0.74169,0.53,1,577527,576981,546
44926461,46.2115,84.138,483,37632,0.780338,0.53,2,577563,577080,483
44929381,31.6423,47.2276,473,37688,0.756068,0.59,2,577591,577118,473
44932301,23.1285,28.6455,470,37744,0.735214,0.59,1,577612,577142,470
44935221,35.0257,23.3291,486,37800,0.779043,0.63,2,577650,577164,486
44938141,33.4051,30.2658,487,37856,0.787809,0.69,2,577683,577196,487
44941061,22.681,32.4532,474,37912,0.789562,0.67,2,577703,577229,474
44943981,31.7362,22.4906,488,37968,0.805912,0.71,2,577737,577249,488
44946901,57.5472,30.0981,520,38024,0.825182,0.67,2,577801,577281,520
44949821,33.9094,58.8196,482,38080,0.845036,0.67,2,577829,577347,482
44952741,29.9819,34.1639,483,38135,0.865007,0.71,2,577858,577375,483
44955661,23.5964,28.4328,478,38190,0.885002,0.71,2,577880,577402,478
44958581,88.7193,23.2866,561,38245,0.937,0.75,2,577985,577424,561
44961501,48.1439,87.0573,496,38300,0.9474,0.79,2,578023,577527,496
45133781,29,38,515,41427,0.91,1,2,580158,579643,515
45136701,29.8,32.4,514,41478,0.894,1,2,580188,579674,514
45338181,48,31,501,44852,0.77,1,2,582531,582030,501
45341101,40,27,513,44899,0.69,1,1,582569,582056,513
45344021,28.8,30.2,508,44946,0.594,1,1,582595,582087,508
45346941,17.76,33.24,489,44993,0.5108,1,1,582610,582121,489
45349861,29.952,24.248,500,45040,0.44616,1,1,582643,582143,500
45352781,30.7904,23.2496,508,45087,0.305232,1,1,582674,582166,508
45355701,27.7581,27.0499,507,45134,0.197046,1,1,582701,582194,507
45358621,19.1516,35.01,487,45181,0.143409,1,1,582718,582231,487
45361541,26.2303,34.202,481,45228,0.100682,1,1,582746,582265,481
45364461,49.2461,48.4404,484,45275,0.0601364,1,1,582801,582317,484
45367381,26.6492,35.2881,473,45322,0.0120273,0.89,1,582822,582349,473
45370301,36.5298,38.2576,473,45369,0.0104055,0.97,1,582861,582388,473
45373221,32.106,36.4515,468,45415,0.00208109,0.85,1,582892,582424,468
45376141,34.4212,38.4903,464,45461,0.0244162,0.91,1,582927,582463,464
45379061,21.2842,23.6981,462,45507,0.00488324,0.77,1,582945,582483,462
45381981,40.2568,43.1396,459,45553,0.0569766,0.67,1,582990,582531,459
45384901,32.0514,39.0279,451,45599,0.0673953,0.57,1,583020,582569,451
45387821,24.8103,28.6056,448,45645,0.0374791,0.49,1,583043,582595,448
45390741,16.1621,17.7211,447,45691,0.00749581,0.43,1,583057,582610,447
45393661,24.0324,29.9442,440,45737,0.0574992,0.27,1,583083,582643,440
45396581,25.6065,30.7888,435,45783,0.0834998,0.17,1,583109,582674,435
45399501,22.7213,27.7578,430,45829,0.0887,0.13,1,583131,582701,430
45402421,14.1443,19.1516,425,45875,0.05774,0.09,1,583143,582718,425
45405341,23.6289,26.2303,423,45921,0.083548,0.09,1,583169,582746,423
45408261,48.7258,5.24606,478,45967,0.0407096,0.05,1,583224,582746,478
45411181,26.5452,45.0492,444,46013,0.0321419,0,1,583245,582801,444
45414101,34.909,25.8098,460,46059,0.0624284,0.01,1,583282,582822,460
45417021,32.5818,36.362,453,46105,0.0124857,0,1,583314,582861,453
45419941,33.7164,32.0724,456,46151,0.0424971,0.03,1,583348,582892,456
45422861,21.1433,34.4145,439,46197,0.00849943,0,1,583366,582927,439
45425781,40.2287,21.2829,466,46243,0.0416999,0.07,1,583411,582945,466
45428701,32.0457,40.2566,451,46289,0.09634,0.07,1,583441,582990,451
45431621,24.8091,32.0513,444,46335,0.123268,0.03,1,583464,583020,444
45434541,16.1618,24.8103,435,46381,0.0646536,0,1,583478,583043,435
45437461,24.0324,16.1621,447,46426,0.0849307,0.07,1,583504,583057,447
45440381,28.8065,24.0324,451,46471,0.0889862,0.09,1,583534,583083,451
45443301,21.7613,25.6065,445,46516,0.0897972,0.09,1,583554,583109,445
45446221,12.3523,22.7213,433,46561,0.105959,0.05,1,583564,583131,433
45449141,26.4705,14.1443,451,46606,0.141192,0.09,1,583594,583143,451
45452061,46.8941,23.6289,477,46651,0.132238,0.03,1,583646,583169,477
45454981,26.9788,48.7258,444,46696,0.0664477,0.03,1,583668,583224,444
45457901,34.1958,26.5452,459,46741,0.0372895,0.07,1,583704,583245,459
45460821,32.4392,34.909,454,46786,0.0314579,0,1,583736,583282,454
45463741,33.6878,32.5818,456,46831,0.0622916,0.05,1,583770,583314,456
45466661,21.1376,33.7164,440,46876,0.0124583,0,1,583788,583348,440
45469581,42.6275,21.1433,470,46921,0.0584917,0.05,1,583836,583366,470
45472501,33.3255,40.2287,456,46966,0.0676983,0.11,1,583867,583411,456
45475421,24.2651,32.0457,448,47011,0.0695397,0.13,1,583889,583441,448
45478341,14.453,24.8091,437,47056,0.0699079,0.05,1,583901,583464,437
45481261,23.6906,16.1618,449,47101,0.0699816,0.09,1,583927,583478,449
45484181,30.3381,24.0324,455,47146,0.0699963,0.09,1,583959,583504,455
45487101,22.8676,28.8065,446,47191,0.0539993,0.09,1,583980,583534,446
45490021,14.1735,21.7613,438,47236,0.0507999,0.11,1,583992,583554,438
45492941,26.8347,12.3523,458,47281,0.06616,0.15,1,584022,583564,458
45495861,46.1669,26.4705,479,47326,0.069232,0.13,1,584073,583594,479
45498781,22.0334,46.8941,443,47371,0.0698464,0.05,1,584089,583646,443
45501701,6.00668,26.9788,423,47415,0.0699693,0.03,1,584091,583668,423
45504621,30.0013,34.1958,423,47459,0.117994,0.03,1,584127,583704,423
45507541,31.6003,32.4392,423,47503,0.0315988,0.07,1,584159,583736,423
45510461,35.1201,33.6878,425,47547,0.0143198,0,1,584195,583770,425
45513381,19.824,21.1376,423,47591,0.026864,0.07,1,584211,583788,423
45516301,43.9648,42.6275,425,47635,0.0613728,0.07,1,584261,583836,425
45519221,33.593,33.3255,425,47679,0.116275,0.07,1,584292,583867,425
45522141,24.3186,24.2651,425,47723,0.111255,0.07,1,584314,583889,425
45525061,14.4637,14.453,425,47767,0.142251,0.07,1,584326,583901,425
45527981,23.6927,23.6906,425,47811,0.13245,0.07,1,584352,583927,425
45530901,30.3385,30.3381,425,47855,0.19449,0.05,1,584384,583959,425
45533821,22.0677,22.8676,424,47899,0.174898,0.05,1,584404,583980,424
45536741,14.0135,14.1735,424,47943,0.17098,0.07,1,584416,583992,424
45539661,27.6027,26.8347,425,47987,0.234196,0.07,1,584447,584022,425
45542581,46.3205,46.1669,425,48031,0.214839,0.07,1,584498,584073,425
45545501,22.0641,22.0334,425,48075,0.226968,0.07,1,584514,584089,425
45548421,6.01282,6.00668,425,48119,0.229394,0.13,1,584516,584091,425
45551341,30.8026,30.0013,426,48163,0.245879,0.01,1,584553,584127,426
45554261,28.5605,31.6003,422,48207,0.249176,0.01,1,584581,584159,422
45557181,34.5121,35.1201,422,48251,0.217835,0.03,1,584617,584195,422
45560101,19.7024,19.824,422,48295,0.211567,0.07,1,584633,584211,422
45563021,44.7405,43.9648,423,48339,0.146313,0.13,1,584684,584261,423
45565941,36.9481,33.593,427,48383,0.133263,0.11,1,584719,584292,427
45568861,24.9896,24.3186,427,48427,0.162653,0.15,1,584741,584314,427
45571781,15.3979,14.4637,428,48471,0.152531,0.13,1,584754,584326,428
45574701,23.8796,23.6927,428,48514,0.198506,0.21,1,584780,584352,428
45577621,31.9759,30.3385,430,48557,0.207701,0.17,1,584814,584384,430
45580541,22.3952,22.0677,430,48600,0.20954,0.17,1,584834,584404,430
45583461,14.079,14.0135,430,48643,0.209908,0.25,1,584846,584416,430
45586381,29.2158,27.6027,432,48686,0.225982,0.21,1,584879,584447,432
45589301,47.4432,46.3205,433,48729,0.213196,0.23,1,584931,584498,433
45592221,22.2886,22.0641,433,48772,0.242639,0.23,1,584947,584514,433
45595141,6.05773,6.01282,433,48815,0.248528,0.25,1,584949,584516,433
45598061,30.0115,30.8026,432,48858,0.217706,0.25,1,584985,584553,432
45600981,27.6023,6.16051,459,48901,0.227541,0.25,1,585012,584553,459
45603901,34.3205,23.6321,467,48944,0.229508,0.21,1,585048,584581,467
45606821,16.4641,33.5264,443,48987,0.229902,0.21,1,585060,584617,443
45609741,42.4928,19.5053,476,49030,0.27798,0.13,1,585109,584633,476
45612661,38.0986,44.7011,462,49073,0.303596,0.13,1,585146,584684,462
45615581,25.2197,36.9402,449,49116,0.324719,0.17,1,585168,584719,449
45618501,16.2439,24.988,441,49159,0.344944,0.15,1,585182,584741,441
45621421,24.8488,15.3976,455,49202,0.348989,0.21,1,585209,584754,455
45624341,32.1698,23.8795,463,49245,0.365798,0.21,1,585243,584780,463
45627261,22.434,31.9759,449,49288,0.38516,0.21,1,585263,584814,449
45630181,14.0868,22.3952,441,49331,0.389032,0.21,1,585275,584834,441
45633101,30.0174,14.079,463,49374,0.405806,0.23,1,585309,584846,463
45636021,48.4035,29.2158,483,49417,0.425161,0.21,1,585362,584879,483
45638941,22.4807,47.4432,447,49460,0.445032,0.25,1,585378,584931,447
45641861,6.09614,22.2886,433,49503,0.449006,0.25,1,585380,584947,433
45644781,30.0192,6.05773,467,49546,0.449801,0.21,1,585416,584949,467
45647701,28.4038,30.0115,459,49589,0.46596,0.23,1,585444,584985,459
45650621,34.4808,27.6023,468,49631,0.501192,0.23,1,585480,585012,468
45653541,16.4962,34.3205,444,49673,0.524238,0.23,1,585492,585048,444
45656461,44.8992,16.4641,484,49715,0.560848,0.29,1,585544,585060,484
45659381,39.3798,42.4928,473,49757,0.58417,0.31,1,585582,585109,473
45662301,27.076,38.0986,460,49799,0.636834,0.33,1,585606,585146,460
45665221,17.4152,25.2197,453,49841,0.647367,0.35,1,585621,585168,453
45668141,24.283,16.2439,465,49883,0.649473,0.35,1,585647,585182,465
45671061,33.6566,24.8488,474,49925,0.633895,0.37,1,585683,585209,474
45673981,22.7313,32.1698,460,49967,0.630779,0.39,1,585703,585243,460
45676901,14.1463,22.434,452,50009,0.630156,0.39,1,585715,585263,452
45679821,31.6293,14.0868,476,50051,0.598031,0.41,1,585751,585275,476
45682741,49.5259,30.0174,496,50093,0.591606,0.43,1,585805,585309,496
45685661,22.7052,48.4035,459,50135,0.590321,0.45,1,585821,585362,459
45688581,6.14103,22.4807,445,50177,0.590064,0.45,1,585823,585378,445
45691501,30.0282,6.09614,479,50219,0.606013,0.45,1,585859,585380,479
45694421,30.0056,30.0192,473,50261,0.609203,0.47,1,585889,585416,473
45697341,35.6011,28.4038,482,50303,0.593841,0.51,1,585926,585444,482
45700261,8.72023,34.4808,448,50345,0.590768,0.53,1,585928,585480,448
45703181,11.344,16.4962,448,50387,0.622154,0.57,1,585940,585492,448
45706101,46.2688,44.8992,451,50429,0.628431,0.59,1,585995,585544,451
45709021,39.6538,39.3798,451,50471,0.629686,0.65,1,586033,585582,451
45711941,30.3308,27.076,455,50513,0.629937,0.65,1,586061,585606,455
45714861,17.2661,17.4152,454,50555,0.629987,0.65,1,586075,585621,454
45717781,24.2532,24.283,454,50597,0.645997,0.63,1,586101,585647,454
45720701,32.8506,33.6566,453,50639,0.697199,0.63,1,586136,585683,453
45723621,22.5701,22.7313,453,50681,0.67544,0.63,1,586156,585703,453
45726541,14.114,14.1463,453,50723,0.671088,0.59,1,586168,585715,453
45729461,31.6228,31.6293,453,50765,0.686218,0.59,1,586204,585751,453
45732381,47.9246,49.5259,451,50806,0.769244,0.59,2,586256,585805,451
45735301,23.1849,22.7052,452,50847,0.769849,0.59,2,586273,585821,452
45738221,6.23698,6.14103,452,50888,0.76997,0.61,2,586275,585823,452
45741141,30.0474,30.0282,452,50929,0.833994,0.61,2,586311,585859,452
45744061,30.0095,30.0056,452,50970,0.862799,0.59,2,586341,585889,452
45746981,34.8019,35.6011,451,51011,0.83656,0.59,2,586377,585926,451
45749901,8.56038,8.72023,451,51052,0.831312,0.63,2,586379,585928,451
45752821,11.3121,11.344,451,51093,0.878262,0.63,2,586391,585940,451
45755741,46.2624,46.2688,451,51134,0.887653,0.63,2,586446,585995,451
45758661,39.6525,39.6538,451,51175,0.921531,0.63,2,586484,586033,451
45761581,31.9305,30.3308,453,51216,0.864306,0.63,2,586514,586061,453
45764501,18.3861,17.2661,454,51257,0.868861,0.65,2,586529,586075,454
45767421,24.4772,24.2532,454,51298,0.885772,0.71,2,586555,586101,454
45770341,33.6954,32.8506,455,51339,0.905154,0.67,2,586591,586136,455
45773261,22.7391,22.5701,455,51380,0.893031,0.67,2,586611,586156,455
45776181,14.9478,14.114,456,51421,0.906606,0.69,2,586624,586168,456
45779101,33.3896,31.6228,458,51462,0.925321,0.79,2,586662,586204,458
45984961,55,52,510,24990,0.03,1,1,588712,588202,510
45987881,51,66.4,490,25075,0.03,0.94,1,588762,588272,490
45990801,56.6,42.08,512,25160,0.078,0.65,1,588820,588308,512
45993721,48.12,78.016,471,25244,0.0876,0.45,1,588866,588395,471
45996641,72.824,59.6032,495,25328,0.13752,0.29,1,588945,588450,495
45999561,32.9648,64.7206,452,25412,0.131504,0.23,1,588968,588516,452
46002481,18.593,35.3441,439,25495,0.162301,0.11,1,588983,588544,439
46005401,79.7186,26.2688,510,25578,0.13646,0.07,1,589078,588568,510
46008321,64.7437,76.4538,482,25661,0.099292,0.03,1,589139,588657,482
46011241,50.5487,59.2908,474,25744,0.0918584,0.03,1,589186,588712,474
46014161,57.3097,51.8581,483,25826,0.138372,0.09,1,589245,588762,483
46017081,46.6619,56.7716,469,25908,0.163674,0.09,1,589289,588820,469
46020001,74.9324,48.1543,505,25990,0.216735,0.15,1,589371,588866,505
46022921,34.1865,72.8309,450,26072,0.243347,0.13,1,589395,588945,450
46025841,20.4373,32.9662,444,26153,0.264669,0.17,1,589412,588968,444
46028761,80.0875,18.5932,524,26234,0.332934,0.13,1,589507,588983,524
46031681,61.6175,79.7186,486,26315,0.362587,0.09,1,589564,589078,486
46034601,49.1235,64.7437,471,26396,0.384517,0.09,1,589610,589139,471
46037521,60.2247,50.5487,487,26476,0.340903,0.15,1,589673,589186,487
46040441,48.8449,57.3097,474,26556,0.348181,0.17,1,589719,589245,474
46043361,77.769,46.6619,515,26636,0.301636,0.23,1,589804,589289,515
46046281,34.7538,74.9324,457,26716,0.324327,0.25,1,589828,589371,457
46049201,22.1508,34.1865,452,26795,0.312865,0.27,1,589847,589395,452
46052121,82.8302,20.4373,533,26874,0.342573,0.35,1,589945,589412,533
46055041,18.166,80.0875,440,26953,0.348515,0.37,1,589947,589507,440
46057961,50.0332,61.6175,441,27032,0.381703,0.39,1,590005,589564,441
46060881,46.8066,49.1235,441,27110,0.404341,0.33,1,590051,589610,441
46063801,58.1613,60.2247,439,27188,0.424868,0.35,1,590112,589673,439
46066721,48.4323,48.8449,439,27266,0.492974,0.29,1,590158,589719,439
46069641,76.8865,77.769,438,27344,0.522595,0.33,1,590242,589804,438
46072561,34.5773,34.7538,438,27421,0.592519,0.31,1,590266,589828,438
46075481,21.3155,22.1508,437,27498,0.574504,0.35,1,590284,589847,437
46078401,84.2631,82.8302,439,27575,0.586901,0.35,1,590384,589945,439
46081321,18.4526,18.166,439,27652,0.55738,0.39,1,590386,589947,439
46084241,50.0905,50.0332,439,27729,0.631476,0.41,1,590444,590005,439
46087161,47.6181,46.8066,440,27805,0.678295,0.43,1,590491,590051,440
46090081,60.7236,58.1613,443,27881,0.719659,0.51,1,590555,590112,443
46093001,50.5447,48.4323,445,27957,0.759932,0.53,2,590603,590158,445
46095921,79.7089,76.8865,448,28033,0.767986,0.61,2,590690,590242,448
46098841,36.7418,34.5773,450,28109,0.801597,0.57,2,590716,590266,450
46101761,21.7484,21.3155,450,28184,0.808319,0.59,2,590734,590284,450
46104681,83.5497,84.2631,449,28259,0.841664,0.55,2,590833,590384,449
46107601,18.3099,18.4526,449,28334,0.848333,0.65,2,590835,590386,449
46110521,52.462,50.0905,452,28409,0.833667,0.65,2,590896,590444,452
46113441,48.8924,10.0181,500,28484,0.846733,0.69,2,590944,590444,500
46116361,64.1785,39.6036,521,28558,0.881347,0.73,2,591012,590491,521
46119281,51.2357,59.1207,505,28632,0.888269,0.77,2,591060,590555,505
46241921,45,32,512,31588,0.75,1,2,593128,592616,512
46244841,59.4,30.4,545,31655,0.558,1,1,593191,592646,545
46247761,50.28,66.88,517,31722,0.4716,1,1,593239,592722,517
46250681,38.856,41.376,518,31789,0.32632,1,1,593275,592757,518
46253601,31.7712,38.6752,510,31856,0.233264,1,1,593305,592795,510
46256521,32.7542,38.135,505,31922,0.182653,1,1,593338,592833,505
46259441,55.3508,28.427,540,31988,0.0605306,1,1,593399,592859,540
46262361,40.6702,60.8854,508,32054,0.0361061,1,1,593436,592928,508
46265281,70.534,40.1771,551,32120,0.0792212,0.91,1,593514,592963,551
46268201,40.5068,77.6354,497,32186,0.0398442,0.83,1,593547,593050,497
46271121,32.9014,41.9271,495,32252,0.0319688,0.75,1,593578,593083,495
46274041,52.9803,44.3854,508,32318,0.0623938,0.51,1,593636,593128,508
46276961,44.9961,59.2771,488,32383,0.0364788,0.45,1,593679,593191,488
46279881,35.3992,50.2554,473,32448,0.0472958,0.29,1,593712,593239,473
46282801,27.8798,38.8511,463,32513,0.0334591,0.21,1,593738,593275,463
46285721,29.576,31.7702,463,32578,0.110692,0.17,1,593768,593305,463
46288641,50.7152,32.754,486,32643,0.0941384,0.03,1,593824,593338,486
46291561,38.143,55.3508,460,32708,0.0748277,0.03,1,593859,593399,460
46294481,9.22861,40.6702,425,32773,0.0709655,0.09,1,593861,593436,425
46297401,63.4457,70.534,424,32838,0.0141931,0.03,1,593938,593514,424
46300321,37.4891,40.5068,422,32902,0.0748386,0.03,1,593969,593547,422
46303241,33.8978,32.9014,424,32966,0.0389677,0.07,1,594002,593578,424
46306161,53.9796,52.9803,425,33030,0.0477935,0.03,1,594061,593636,425
46309081,43.5959,44.9961,423,33094,0.161559,0.05,1,594102,593679,423
46312001,35.9192,35.3992,424,33158,0.200312,0.03,1,594136,593712,424
46314921,27.1838,27.8798,423,33222,0.192062,0.13,1,594161,593738,423
46317841,31.8368,29.576,426,33286,0.174412,0.09,1,594194,593768,426
46320761,49.5674,50.7152,424,33350,0.138882,0.07,1,594248,593824,424
46323681,38.7135,38.143,425,33413,0.179776,0.07,1,594284,593859,425
46326601,9.34269,9.22861,425,33476,0.187955,0,1,594286,593861,425
46329521,61.0685,63.4457,422,33539,0.205591,0.09,1,594360,593938,422
46332441,40.2137,37.4891,426,33602,0.257118,0.03,1,594395,593969,426
46335361,31.2427,33.8978,422,33665,0.251424,0.05,1,594424,594002,422
46338281,53.4485,53.9796,422,33728,0.250285,0.19,1,594483,594061,422
46341201,49.0897,43.5959,429,33791,0.282057,0.21,1,594531,594102,429
46344121,37.8179,35.9192,430,33854,0.336411,0.19,1,594566,594136,430
46347041,26.7636,27.1838,429,33916,0.347282,0.17,1,594590,594161,429
46349961,30.9527,31.8368,428,33978,0.317456,0.13,1,594622,594194,428
46352881,50.1905,49.5674,429,34040,0.359491,0.19,1,594677,594248,429
46355801,38.8381,38.7135,429,34102,0.367898,0.19,1,594713,594284,429
46358721,9.36762,9.34269,429,34164,0.40158,0.21,1,594715,594286,429
46361641,61.8735,61.0685,430,34226,0.424316,0.21,1,594790,594360,430
46364561,41.9747,12.2137,467,34288,0.396863,0.27,1,594827,594360,467
46367481,30.7949,30.4427,460,34350,0.407373,0.25,1,594855,594395,460
46370401,51.759,29.2885,488,34412,0.393475,0.25,1,594912,594424,488
46373321,53.5518,53.0577,483,34473,0.390695,0.29,1,594966,594483,483
46376241,39.5104,49.0115,471,34534,0.438139,0.35,1,595002,594531,471
46379161,27.1021,37.8023,460,34595,0.447628,0.35,1,595026,594566,460
46382081,31.0204,26.7605,468,34656,0.465526,0.31,1,595058,594590,468
46385001,52.6041,30.9521,494,34717,0.485105,0.37,1,595116,594622,494
46387921,39.3208,50.1904,475,34778,0.489021,0.37,1,595152,594677,475
46390841,9.46416,38.8381,441,34839,0.505804,0.41,1,595154,594713,441
46393761,62.6928,9.36762,515,34900,0.525161,0.43,1,595230,594715,515
46396681,42.1386,61.8735,477,34961,0.545032,0.39,1,595267,594790,477
46399601,31.6277,41.9747,469,35021,0.549006,0.41,1,595296,594827,469
46402521,52.7255,30.7949,499,35081,0.581801,0.39,1,595354,594855,499
46405441,52.1451,51.759,494,35141,0.60436,0.39,1,595406,594912,494
46408361,41.629,53.5518,479,35201,0.592872,0.45,1,595445,594966,479
46411281,27.5258,39.5104,467,35261,0.590574,0.45,1,595469,595002,467
46414201,31.9052,27.1021,476,35321,0.638115,0.47,1,595502,595026,476
46417121,53.581,31.0204,503,35381,0.631623,0.49,1,595561,595058,503
46420041,40.3162,52.6041,482,35441,0.630325,0.49,1,595598,595116,482
46422961,9.66324,39.3208,448,35501,0.630065,0.51,1,595600,595152,448
46425881,63.5327,9.46416,523,35561,0.630013,0.53,1,595677,595154,523
46428801,43.9065,62.6928,486,35620,0.662003,0.55,1,595716,595230,486
46431721,31.1813,42.1386,477,35679,0.684401,0.55,1,595744,595267,477
46434641,7.83626,31.6277,450,35738,0.68888,0.59,1,595746,595296,450
46437561,48.7673,52.7255,451,35797,0.721776,0.61,1,595805,595354,451
46440481,52.9535,52.1451,453,35856,0.728355,0.59,1,595859,595406,453
46443401,40.1907,41.629,451,35915,0.713671,0.59,1,595896,595445,451
46446321,28.0381,27.5258,452,35974,0.694734,0.65,1,595921,595469,452
46449241,33.6076,31.9052,454,36033,0.786947,0.63,2,595956,595502,454
46452161,53.1215,53.581,453,36092,0.837389,0.63,2,596014,595561,453
46455081,40.2243,40.3162,453,36151,0.863478,0.63,2,596051,595598,453
46458001,9.64486,9.66324,453,36209,0.868695,0.63,2,596053,595600,453
46460921,64.329,63.5327,454,36267,0.885739,0.67,2,596131,595677,454
46463841,44.8658,43.9065,455,36325,0.889148,0.69,2,596171,595716,455
46466761,32.9732,31.1813,457,36383,0.85783,0.69,2,596201,595744,457
46469681,8.19463,7.83626,457,36441,0.851566,0.73,2,596203,595746,457
46472601,49.6389,48.7673,458,36499,0.914313,0.73,2,596263,595805,458
46627361,17,30,507,39451,0.81,0.98,2,598319,597812,507
46630281,27.4,30.8,506,39505,0.634,1,1,598349,597843,506
46633201,34.28,56.56,479,39558,0.5348,1,1,598385,597906,479
46636121,47.656,39.312,495,39611,0.53096,1,1,598436,597941,495
46639041,41.5312,39.0624,496,39664,0.354192,1,1,598476,597980,496
46641961,37.1062,39.8125,492,39717,0.286838,1,1,598512,598020,492
46644881,31.4212,35.9625,487,39770,0.273368,0.92,1,598542,598055,487
46647801,42.2842,39.1925,492,39823,0.286674,1,1,598587,598095,492
46650721,31.6569,29.4385,494,39876,0.241335,1,1,598616,598122,494
46653641,19.9314,33.8877,476,39929,0.184267,0.99,1,598633,598157,476
46656561,63.9863,69.9775,472,39982,0.188853,0.89,1,598708,598236,472
46659481,39.1973,43.5955,468,40035,0.205771,0.75,1,598741,598273,468
46662401,22.2395,31.9191,457,40088,0.257154,0.75,1,598759,598302,457
46665321,16.4479,6.38382,472,40141,0.251431,0.81,1,598774,598302,472
46668241,26.4896,14.8768,484,40194,0.218286,0.59,1,598803,598319,484
46671161,29.2979,26.9754,484,40247,0.227657,0.51,1,598833,598349,484
46674081,41.8596,34.1951,493,40299,0.245531,0.53,1,598878,598385,493
46677001,38.7719,47.639,480,40351,0.265106,0.31,1,598916,598436,480
46679921,35.7544,41.5278,475,40403,0.253021,0.27,1,598951,598476,475
46682841,28.7509,37.1056,466,40455,0.282604,0.27,1,598978,598512,466
46685761,37.7502,31.4211,476,40507,0.272521,0.29,1,599018,598542,476
46688681,31.55,42.2842,461,40559,0.302504,0.23,1,599048,598587,461
46691601,22.31,31.6568,452,40611,0.308501,0.17,1,599068,598616,452
46694521,59.662,19.9314,504,40663,0.2617,0.19,1,599137,598633,504
46697441,41.5324,63.9863,466,40715,0.26834,0.21,1,599174,598708,466
46700361,21.9065,39.1973,450,40767,0.333668,0.27,1,599191,598741,450
46703281,13.9813,22.2395,444,40819,0.346734,0.25,1,599203,598759,444
46706201,29.1963,16.4479,462,40871,0.333347,0.21,1,599236,598774,462
46709121,29.0393,26.4896,462,40923,0.378669,0.23,1,599265,598803,462
46712041,44.2079,29.2979,480,40975,0.419734,0.25,1,599313,598833,480
46714961,38.4416,41.8596,472,41027,0.427947,0.27,1,599350,598878,472
46717881,34.8883,38.7719,468,41078,0.429589,0.25,1,599384,598916,468
46720801,30.1777,35.7544,462,41129,0.413918,0.29,1,599413,598951,462
46723721,40.4355,28.7509,478,41180,0.426784,0.27,1,599456,598978,478
46726641,30.4871,37.7502,466,41231,0.461357,0.31,1,599484,599018,466
46729561,22.0974,31.55,456,41282,0.468271,0.31,1,599504,599048,456
46732481,58.8195,22.31,504,41333,0.485654,0.25,1,599572,599068,504
46735401,42.1639,59.662,473,41384,0.489131,0.27,1,599610,599137,473
46738321,23.6328,41.5324,455,41435,0.537826,0.35,1,599629,599174,455
46741241,14.3266,21.9065,450,41486,0.547565,0.35,1,599641,599191,450
46744161,28.4653,13.9813,470,41537,0.565513,0.33,1,599673,599203,470
46747081,7.29306,29.1963,439,41588,0.569103,0.39,1,599675,599236,439
46750001,26.2586,29.0393,441,41639,0.601821,0.43,1,599706,599265,441
46752921,46.0517,44.2079,444,41690,0.592364,0.43,1,599757,599313,444
46755841,38.0103,38.4416,443,41741,0.590473,0.43,1,599793,599350,443
46758761,34.8021,34.8883,443,41792,0.622095,0.41,1,599827,599384,443
46761681,30.1604,30.1777,443,41843,0.612419,0.43,1,599856,599413,443
46764601,42.0321,40.4355,445,41893,0.674484,0.47,1,599901,599456,445
46767521,30.8064,30.4871,445,41943,0.702897,0.47,1,599929,599484,445
46770441,22.1613,22.0974,445,41993,0.740579,0.49,1,599949,599504,445
46773361,59.6323,58.8195,446,42043,0.748116,0.49,1,600018,599572,446
46776281,43.9265,42.1639,448,42093,0.749623,0.55,1,600058,599610,448
46779201,24.7853,23.6328,449,42143,0.749925,0.55,1,600078,599629,449
46782121,14.5571,14.3266,449,42193,0.717985,0.57,1,600090,599641,449
46785041,29.3114,28.4653,450,42243,0.743597,0.57,1,600123,599673,450
46787961,7.46228,7.29306,450,42293,0.748719,0.61,1,600125,599675,450
46790881,27.8925,26.2586,452,42343,0.765744,0.59,2,600158,599706,452
46793801,43.9785,46.0517,449,42393,0.769149,0.59,2,600206,599757,449
46796721,38.3957,38.0103,450,42443,0.81783,0.63,2,600243,599793,450
46799641,35.6791,34.8021,451,42493,0.859566,0.61,2,600278,599827,451
46802561,31.1358,30.1604,452,42543,0.835913,0.69,2,600308,599856,452
46805481,45.4272,42.0321,456,42593,0.895183,0.71,2,600357,599901,456
46808401,32.2854,30.8064,457,42643,0.923037,0.75,2,600386,599929,457
46811321,22.4571,22.1613,457,42692,0.912607,0.75,2,600406,599949,457
46814241,61.2914,59.6323,459,42741,0.942521,0.75,2,600477,600018,459
46817161,42.6583,43.9265,457,42790,0.948504,0.75,2,600515,600058,457
46820081,24.5317,24.7853,457,42839,0.949701,0.71,2,600535,600078,457
46823001,15.3063,14.5571,458,42888,0.93394,0.75,2,600548,600090,458
46825921,28.6613,29.3114,457,42937,0.930788,0.75,2,600580,600123,457
46828841,7.33225,7.46228,457,42986,0.930158,0.75,2,600582,600125,457
46831761,29.4665,1.49246,492,43035,0.930032,0.77,2,600617,600125,492
46834681,44.2933,26.6985,507,43084,0.930006,0.77,2,600665,600158,507
47023021,68,139,478,21370,0.15,0.53,1,602932,602454,478
47025941,43.2,71.8,460,21469,0.102,0.19,1,602969,602509,460
47028861,68.64,75.16,459,21568,0.1404,0,1,603044,602585,459
47031781,76.128,60.632,480,21666,0.02808,0.11,1,603122,602642,480
47034701,41.6256,70.5264,440,21764,0.029616,0.13,1,603155,602715,440
47037621,21.9251,32.5053,434,21861,0.0139232,0.03,1,603172,602738,434
47040541,98.785,107.301,426,21958,0.0587846,0.15,1,603290,602864,426
47043461,75.757,75.8602,428,22055,0.115757,0.09,1,603360,602932,428
47046381,43.9514,44.772,427,22151,0.175151,0.15,1,603396,602969,427
47049301,70.3903,68.9544,429,22247,0.17103,0,1,603473,603044,429
47052221,74.0781,76.1909,426,22342,0.0582061,0.03,1,603548,603122,426
47055141,38.8156,41.6382,423,22437,0.0356412,0.01,1,603578,603155,423
47058061,22.9631,21.9276,425,22532,0.0311282,0.01,1,603597,603172,425
47060981,98.1926,4.38553,542,22626,0.0782256,0.07,1,603714,603172,542
47063901,78.0385,95.2771,497,22720,0.135645,0.13,1,603787,603290,497
47066821,45.2077,75.0554,464,22813,0.179129,0.19,1,603824,603360,464
47069741,69.8415,43.8111,504,22906,0.187826,0.17,1,603900,603396,504
47072661,70.7683,70.3622,498,22999,0.189565,0.03,1,603971,603473,498
47075581,36.5537,74.0724,451,23091,0.157913,0.03,1,603999,603548,451
47078501,22.5107,38.8145,440,23183,0.151583,0.03,1,604018,603578,440
47081421,101.302,22.9629,542,23274,0.182317,0.09,1,604139,603597,542
47084341,81.8604,98.1926,502,23365,0.204463,0.15,1,604216,603714,502
47087261,46.7721,78.0385,467,23456,0.224893,0.19,1,604254,603787,467
47090181,70.1544,45.2077,506,23546,0.244979,0.19,1,604330,603824,506
47093101,70.8309,69.8415,501,23636,0.232996,0.19,1,604401,603900,501
47096021,35.7662,70.7683,457,23726,0.246599,0.15,1,604428,603971,457
47098941,21.5532,36.5537,447,23815,0.26532,0.15,1,604446,603999,447
47101861,102.711,22.5107,551,23904,0.365064,0.19,1,604569,604018,551
47104781,22.1421,101.302,432,23993,0.385013,0.21,1,604571,604139,432
47107701,66.8284,81.8604,433,24081,0.437003,0.23,1,604649,604216,433
47110621,43.7657,46.7721,433,24169,0.479401,0.25,1,604687,604254,433
47113541,70.3531,70.1544,434,24257,0.47188,0.23,1,604764,604330,434
47116461,70.0706,70.8309,433,24344,0.502376,0.25,1,604834,604401,433
47119381,37.2141,35.7662,435,24431,0.492475,0.27,1,604863,604428,435
47122301,22.6428,21.5532,436,24518,0.522495,0.39,1,604882,604446,436
47125221,106.929,102.711,441,24604,0.528499,0.39,1,605010,604569,441
47128141,22.9857,22.1421,441,24690,0.5297,0.45,1,605012,604571,441
47131061,67.7971,66.8284,442,24776,0.57794,0.49,1,605091,604649,442
47133981,45.5594,43.7657,444,24862,0.667588,0.47,1,605131,604687,444
47136901,71.5119,70.3531,445,24947,0.733518,0.51,1,605209,604764,445
47139821,70.3024,70.0706,445,25032,0.714704,0.49,1,605279,604834,445
47142741,38.8605,37.2141,447,25117,0.726941,0.53,1,605310,604863,447
47145661,22.1721,22.6428,446,25201,0.729388,0.53,1,605328,604882,446
47148581,109.234,106.929,449,25285,0.793878,0.53,2,605459,605010,449
47151501,23.4469,22.9857,449,25369,0.806776,0.59,2,605461,605012,449
47154421,67.8894,67.7971,449,25453,0.825355,0.59,2,605540,605091,449
47157341,48.7779,13.5594,493,25536,0.829071,0.69,2,605584,605091,493
47160261,74.5556,34.7119,534,25619,0.893814,0.75,2,605665,605131,534
47163181,70.9111,69.3424,526,25702,0.922763,0.71,2,605735,605209,526
47166101,38.1822,69.8685,486,25784,0.928553,0.73,2,605765,605279,486
47169021,22.0364,38.7737,473,25866,0.929711,0.73,2,605783,605310,473
47171941,112.407,22.1547,590,25948,0.929942,0.81,2,605918,605328,590
47174861,24.0815,109.231,461,26030,0.945988,0.81,2,605920,605459,461
47271221,33,22,521,28591,0.79,1,2,607709,607188,521
47274141,94.6,30.8,598,28665,0.518,1,1,607819,607221,598
47277061,45.32,106.96,505,28739,0.4156,1,1,607852,607347,505
47279981,50.664,45.392,527,28813,0.28312,1,1,607904,607377,527
47282901,53.3328,55.4784,523,28886,0.160624,1,1,607958,607435,523
47285821,72.2666,51.8957,549,28959,0.0561248,1,1,608035,607486,549
47288741,38.4533,75.1791,498,29032,0.051225,1,1,608065,607567,498
47291661,46.0907,39.8358,515,29105,0.034245,0.9,1,608113,607598,515
47294581,31.6181,47.9672,493,29178,0.030849,0.91,1,608141,607648,493
47297501,28.7236,31.9934,493,29251,0.0461698,0.79,1,608169,607676,493
47300421,79.3447,32.7987,552,29323,0.049234,0.45,1,608261,607709,552
47303341,39.8689,94.5597,472,29395,0.0338468,0.39,1,608291,607819,472
47306261,48.7738,45.3119,490,29467,0.0467694,0.25,1,608342,607852,490
47309181,41.7548,50.6624,478,29539,0.0653539,0.13,1,608382,607904,478
47312101,68.351,53.3325,499,29611,0.0530708,0.03,1,608457,607958,499
47315021,37.6702,72.2665,452,29682,0.0826142,0.05,1,608487,608035,452
47317941,45.934,38.4533,470,29753,0.0565228,0.03,1,608535,608065,470
47320861,30.7868,46.0907,449,29824,0.0673046,0.03,1,608562,608113,449
47323781,7.75736,31.6181,423,29895,0.0694609,0.05,1,608564,608141,423
47326701,23.9515,28.7236,423,29966,0.0378922,0.05,1,608592,608169,423
47329621,79.1903,79.3447,424,30037,0.0475784,0.03,1,608685,608261,424
47332541,39.0381,39.8689,423,30107,0.0335157,0.05,1,608714,608291,423
47335461,49.4076,48.7738,424,30177,0.0467031,0.07,1,608766,608342,424
47338381,42.6815,41.7548,425,30247,0.0813406,0.05,1,608807,608382,425
47341301,68.5363,68.351,425,30317,0.0402681,0.09,1,608882,608457,425
47344221,35.3073,37.6702,422,30387,0.0320536,0.05,1,608909,608487,422
47347141,47.0615,45.934,424,30457,0.0624107,0.07,1,608959,608535,424
47350061,30.2123,30.7868,423,30526,0.0364821,0.07,1,608985,608562,423
47352981,7.64246,7.75736,423,30595,0.0312964,0.03,1,608987,608564,423
47355901,23.9285,23.9515,423,30664,0.110259,0.05,1,609015,608592,423
47358821,78.3857,79.1903,422,30733,0.142052,0.03,1,609107,608685,422
47361741,40.4771,39.0381,424,30802,0.13241,0.05,1,609138,608714,424
47364661,49.6954,49.4076,424,30871,0.194482,0.09,1,609190,608766,424
47367581,45.1391,42.6815,427,30940,0.206896,0.03,1,609234,608807,427
47370501,65.0278,68.5363,422,31008,0.161379,0.03,1,609304,608882,422
47373421,35.4056,35.3073,423,31076,0.120276,0.07,1,609332,608909,423
47376341,47.0811,47.0615,423,31144,0.0960552,0.03,1,609382,608959,423
47379261,31.8162,30.2123,425,31212,0.059211,0.03,1,609410,608985,425
47382181,7.96324,7.64246,425,31280,0.0838422,0.03,1,609412,608987,425
47385101,23.9926,1.52849,453,31348,0.0567684,0.13,1,609440,608987,453
47388021,79.1985,22.7057,518,31415,0.115354,0.15,1,609533,609015,518
47390941,40.6397,78.1411,457,31482,0.111071,0.13,1,609564,609107,457
47393861,52.1279,40.4282,481,31549,0.142214,0.21,1,609619,609138,481
47396781,45.6256,49.6856,473,31616,0.164443,0.21,1,609663,609190,473
47399701,62.7251,45.1371,496,31683,0.168889,0.15,1,609730,609234,496
47402621,35.745,65.0274,455,31750,0.185778,0.11,1,609759,609304,455
47405541,43.949,35.4055,473,31817,0.205156,0.09,1,609805,609332,473
47408461,31.1898,47.0811,451,31883,0.209031,0.05,1,609833,609382,451
47411381,7.83796,31.8162,425,31949,0.209806,0.09,1,609835,609410,425
47414301,23.9676,7.96324,451,32015,0.241961,0.05,1,609863,609412,451
47417221,82.3935,23.9926,520,32081,0.200392,0.13,1,609960,609440,520
47420141,40.4787,79.1985,457,32147,0.208078,0.11,1,609990,609533,457
47423061,53.6957,40.6397,483,32213,0.257616,0.15,1,610047,609564,483
47425981,46.7391,52.1279,473,32279,0.267523,0.17,1,610092,609619,473
47428901,62.9478,45.6256,496,32345,0.317505,0.17,1,610159,609663,496
47431821,37.3896,62.7251,460,32410,0.359501,0.19,1,610190,609730,460
47434741,44.2779,35.745,477,32475,0.3999,0.21,1,610236,609759,477
47437661,31.2556,43.949,459,32540,0.40798,0.21,1,610264,609805,459
47440581,7.85112,31.1898,433,32605,0.425596,0.21,1,610266,609833,433
47443501,25.5702,7.83796,461,32670,0.445119,0.25,1,610296,609835,461
47446421,80.314,23.9676,527,32735,0.465024,0.19,1,610390,609863,527
47449341,17.6628,82.3935,432,32800,0.469005,0.21,1,610392,609960,432
47452261,28.3326,40.4787,433,32864,0.501801,0.27,1,610423,609990,433
47455181,52.8665,53.6957,435,32928,0.50836,0.27,1,610482,610047,435
47458101,46.5733,46.7391,435,32992,0.509672,0.33,1,610527,610092,435
47461021,65.3147,62.9478,438,33056,0.509934,0.37,1,610597,610159,438
47463941,39.4629,37.3896,440,33120,0.541987,0.41,1,610630,610190,440
47466861,46.2926,44.2779,442,33184,0.596397,0.41,1,610678,610236,442
47469781,33.2585,31.2556,444,33248,0.62328,0.43,1,610708,610264,444
47472701,8.2517,7.85112,444,33312,0.628656,0.45,1,610710,610266,444
47475621,25.6503,25.5702,444,33375,0.629731,0.47,1,610740,610296,444
47478541,81.1301,80.314,445,33438,0.677946,0.47,1,610835,610390,445
47481461,17.826,17.6628,445,33501,0.687589,0.51,1,610837,610392,445
47484381,29.9652,28.3326,447,33564,0.673518,0.51,1,610870,610423,447
47487301,53.193,52.8665,447,33627,0.766704,0.51,2,610929,610482,447
47490221,46.6386,46.5733,447,33690,0.785341,0.51,2,610974,610527,447
47493141,66.1277,65.3147,448,33753,0.805068,0.55,2,611045,610597,448
47496061,40.4255,39.4629,449,33816,0.825014,0.61,2,611079,610630,449
47498981,47.2851,46.2926,450,33879,0.829003,0.63,2,611128,610678,450
47501901,34.257,33.2585,451,33941,0.829801,0.63,2,611159,610708,451
47504821,8.4514,8.2517,451,34003,0.87796,0.63,2,611161,610710,451
47507741,25.6903,25.6503,451,34065,0.871592,0.69,2,611191,610740,451
47510661,83.5381,81.1301,454,34127,0.918318,0.69,2,611289,610835,454
47513581,18.3076,17.826,454,34189,0.895664,0.67,2,611291,610837,454
47516501,32.4615,29.9652,457,34251,0.907133,0.67,2,611327,610870,457
47519421,54.4923,5.99304,517,34313,0.877427,0.79,2,611387,610870,517
47522341,47.6985,48.3986,504,34375,0.919485,0.79,2,611433,610929,504
47525261,67.9397,45.6797,532,34437,0.927897,0.81,2,611506,610974,532
47528181,41.5879,65.9359,496,34498,0.929579,0.83,2,611541,611045,496
47653741,34,56,489,37041,0.87,1,2,613294,612805,489
47656661,31.6,30.4,496,37098,0.79,1,2,613325,612829,496
47659581,27.92,24.48,500,37155,0.71,1,1,613352,612852,500
47662501,53.584,4.896,560,37212,0.662,1,1,613412,612852,560
47665421,30.7168,65.7792,504,37269,0.5884,1,1,613437,612933,504
47668341,58.1434,39.5558,536,37326,0.50968,0.93,1,613502,612966,536
47671261,30.8287,58.3112,497,37383,0.461936,0.97,1,613526,613029,497
47674181,27.7657,31.6622,499,37440,0.436387,1,1,613553,613054,499
47677101,27.1531,30.3324,496,37496,0.399277,1,1,613580,613084,496
47680021,71.8306,27.6665,552,37552,0.327855,0.93,1,613663,613111,552
47682941,35.1661,72.7333,494,37608,0.313571,0.88,1,613689,613195,494
47685861,34.2332,38.5467,498,37664,0.358714,0.93,1,613723,613225,498
47688781,31.6466,35.7093,494,37720,0.319743,0.87,1,613754,613260,494
47691701,27.9293,34.3419,487,37776,0.359949,0.77,1,613781,613294,487
47694621,24.7859,31.6684,480,37832,0.35199,0.69,1,613805,613325,480
47697541,51.3572,27.9337,511,37888,0.318398,0.65,1,613863,613352,511
47700461,31.0714,53.5867,477,37944,0.35968,0.57,1,613889,613412,477
47703381,52.6143,30.7173,510,38000,0.367936,0.49,1,613947,613437,510
47706301,28.1229,58.1435,467,38056,0.385587,0.45,1,613969,613502,467
47709221,27.2246,30.8287,470,38112,0.373117,0.43,1,613996,613526,470
47712141,23.8449,27.7657,466,38167,0.418624,0.39,1,614019,613553,466
47715061,67.969,27.1531,518,38222,0.427725,0.31,1,614098,613580,518
47717981,34.3938,71.8306,461,38277,0.461545,0.31,1,614124,613663,461
47720901,35.6788,35.1661,471,38332,0.468309,0.37,1,614160,613689,471
47723821,33.5358,34.2332,470,38387,0.517662,0.31,1,614193,613723,470
47726741,27.5072,31.6466,465,38442,0.527532,0.37,1,614219,613754,465
47729661,23.1014,27.9293,460,38497,0.497506,0.35,1,614241,613781,460
47732581,51.0203,24.7859,494,38552,0.523501,0.31,1,614299,613805,494
47735501,31.8041,51.3572,463,38607,0.5287,0.37,1,614326,613863,463
47738421,7.96081,31.0714,439,38662,0.52974,0.37,1,614328,613889,439
47741341,49.5922,52.6143,441,38717,0.529948,0.39,1,614388,613947,441
47744261,27.5184,28.1229,441,38772,0.59399,0.37,1,614410,613969,441
47747181,27.9037,27.2246,442,38826,0.606798,0.43,1,614438,613996,442
47750101,24.7807,23.8449,443,38880,0.60936,0.43,1,614462,614019,443
47753021,68.1561,67.969,443,38934,0.657872,0.47,1,614541,614098,443
47755941,35.2312,34.3938,444,38988,0.667574,0.47,1,614568,614124,444
47758861,36.6462,35.6788,445,39042,0.669515,0.53,1,614605,614160,445
47761781,36.1292,33.5358,448,39096,0.685903,0.53,1,614641,614193,448
47764701,28.0259,27.5072,448,39150,0.721181,0.49,1,614667,614219,448
47767621,23.2052,23.1014,448,39204,0.728236,0.53,1,614689,614241,448
47770541,51.841,51.0203,449,39258,0.745647,0.53,1,614748,614299,449
47773461,31.1682,31.8041,448,39312,0.733129,0.53,1,614774,614326,448
47776381,7.83364,7.96081,448,39366,0.730626,0.53,1,614776,614328,448
47779301,50.3667,49.5922,449,39420,0.762125,0.61,2,614837,614388,449
47782221,28.4733,27.5184,450,39474,0.832425,0.61,2,614860,614410,450
47785141,28.0947,27.9037,450,39528,0.846485,0.61,2,614888,614438,450
47788061,24.8189,24.7807,450,39581,0.849297,0.67,2,614912,614462,450
47790981,71.3638,68.1561,454,39634,0.865859,0.67,2,614995,614541,454
47793901,36.6728,35.2312,455,39687,0.885172,0.67,2,615023,614568,455
47796821,36.9346,36.6462,455,39740,0.873034,0.69,2,615060,614605,455
47799741,36.9869,36.1292,456,39793,0.886607,0.73,2,615097,614641,456
47802661,28.1974,28.0259,456,39846,0.921321,0.73,2,615123,614667,456
47805581,23.2395,23.2052,456,39899,0.928264,0.75,2,615145,614689,456
47808501,52.6479,51.841,457,39952,0.929653,0.73,2,615205,614748,457
47980781,37,32,509,42958,0.79,1,2,617291,616782,509
47983701,33.8,29.6,513,43007,0.678,1,1,617324,616811,513
47986621,29.96,5.92,542,43056,0.6076,1,1,617353,616811,542
47988081,28.392,26.784,538,43105,0.60952,1,1,617381,616843,538
48033341,386.478,460.557,445,18980,0.289904,0.41,1,617857,617412,445
48036261,166.896,162.511,469,19818,0.273981,0.35,1,617969,617500,469
48039181,110.979,112.502,466,19925,0.334796,0.35,1,618066,617600,466
48042101,68.5958,74.5005,459,20031,0.330959,0.31,1,618124,617665,459
48045021,62.5192,57.3001,467,20137,0.330192,0.25,1,618185,617718,467
48047941,74.1038,58.66,485,20242,0.330038,0.25,1,618262,617777,485
48050861,29.2208,54.932,449,20347,0.346008,0.21,1,618280,617831,449
48053781,104.244,31.7864,546,20451,0.381202,0.27,1,618403,617857,546
48056701,101.649,95.9573,535,20555,0.43624,0.35,1,618504,617969,535
48059621,68.3298,96.7915,498,20658,0.479248,0.33,1,618564,618066,498
48062541,60.066,65.7583,498,20761,0.45585,0.33,1,618622,618124,498
48065461,73.6132,61.9517,514,20863,0.49917,0.33,1,618699,618185,514
48068381,29.9226,73.9903,456,20965,0.491834,0.35,1,618718,618262,456
48071301,7.58453,29.1981,440,21066,0.490367,0.39,1,618720,618280,440
48074221,100.717,104.24,441,21167,0.586073,0.45,1,618844,618403,441
48077141,103.343,101.648,444,21267,0.685215,0.49,1,618948,618504,444
48080061,68.6687,68.3296,444,21367,0.753043,0.45,2,619008,618564,444
48082981,60.1337,60.0659,444,21466,0.782609,0.51,2,619066,618622,444
48085901,76.0267,73.6132,447,21565,0.804522,0.49,2,619146,618699,447
48088821,29.6053,29.9226,446,21663,0.808904,0.49,2,619164,618718,446
48091741,7.52107,7.58453,446,21761,0.809781,0.61,2,619166,618720,446
48094661,105.504,100.717,452,21858,0.841956,0.71,2,619296,618844,452
48193941,96,94,493,24944,0.53,1,1,621535,621042,493
48196861,47.2,47.6,492,25029,0.45,1,1,621570,621078,492
48199781,32.64,31.12,494,25114,0.37,1,1,621599,621105,494
48202701,65.728,73.424,484,25198,0.146,1,1,621673,621189,484
48205621,103.546,101.085,489,25282,0.0852,1,1,621786,621297,489
48208541,45.5091,51.417,481,25366,0.07304,0.89,1,621817,621336,481
48211461,35.5018,38.2834,479,25450,0.038608,0.89,1,621850,621371,479
48214381,46.3004,7.65668,528,25533,0.0637216,0.85,1,621899,621371,528
48217301,70.0601,55.9313,536,25616,0.0687443,0.53,1,621975,621439,536
48220221,40.412,87.9863,473,25699,0.0217489,0.43,1,622008,621535,473
48223141,31.2824,45.5973,467,25781,0.0123498,0.35,1,622037,621570,467
48226061,55.8565,32.3195,500,25863,0.01047,0.09,1,622099,621599,500
48228981,99.1713,65.6639,536,25945,0.042094,0.07,1,622209,621673,536
48231901,43.0343,103.533,452,26027,0.0804188,0.07,1,622238,621786,452
48234821,35.8069,45.5066,455,26108,0.0560838,0.03,1,622272,621817,455
48237741,46.3614,35.5013,471,26189,0.0512168,0.07,1,622321,621850,471
48240661,70.0723,46.3003,498,26270,0.0982433,0.07,1,622397,621899,498
48243581,40.4145,70.0601,455,26351,0.0756487,0.01,1,622430,621975,455
48246501,32.0829,40.412,452,26431,0.0151297,0.01,1,622460,622008,452
48249421,55.2166,31.2824,484,26511,0.00302595,0.01,1,622521,622037,484
48252341,98.2433,55.8565,531,26591,0.0726052,0.05,1,622630,622099,531
48255261,46.0487,99.1713,454,26671,0.102521,0.09,1,622663,622209,454
48258181,33.2097,43.0343,455,26750,0.0765042,0.05,1,622693,622238,455
48261101,50.6419,35.8069,476,26829,0.0713008,0.05,1,622748,622272,476
48264021,68.5284,46.3614,500,26908,0.0702602,0.11,1,622821,622321,500
48266941,15.3057,70.0723,426,26987,0.070052,0.07,1,622823,622397,426
48269861,27.0611,40.4145,423,27065,0.0860104,0,1,622853,622430,423
48272781,29.4122,32.0829,423,27143,0.0572021,0,1,622883,622460,423
48275701,55.4824,55.2166,424,27221,0.0114404,0.09,1,622945,622521,424
48278621,102.296,98.2433,429,27299,0.0102881,0.11,1,623059,622630,429
48281541,45.2593,46.0487,427,27377,0.0580576,0.07,1,623090,622663,427
48284461,31.4519,33.2097,425,27454,0.0356115,0.07,1,623118,622693,425
48287381,50.2904,50.6419,425,27531,0.0631223,0.07,1,623173,622748,425
48290301,68.4581,68.5284,425,27608,0.0526245,0.07,1,623246,622821,425
48293221,15.2916,15.3057,425,27685,0.0505249,0.09,1,623248,622823,425
48296141,27.8583,27.0611,426,27761,0.098105,0.05,1,623279,622853,426
48299061,26.3717,29.4122,422,27837,0.107621,0,1,623305,622883,422
48301981,54.8743,55.4824,422,27913,0.0775242,0.01,1,623367,622945,422
48304901,103.775,102.296,424,27989,0.0715048,0.07,1,623483,623059,424
48307821,44.755,45.2593,423,28065,0.070301,0.03,1,623513,623090,423
48310741,32.151,31.4519,424,28140,0.10206,0.07,1,623542,623118,424
48313661,49.6302,50.2904,423,28215,0.092412,0.05,1,623596,623173,423
48316581,67.526,68.4581,422,28290,0.154482,0.05,1,623668,623246,422
48319501,15.1052,15.2916,422,28365,0.214896,0.05,1,623670,623248,422
48322421,29.421,3.05832,455,28440,0.226979,0.11,1,623703,623248,455
48325341,26.6842,25.4117,450,28514,0.229396,0.11,1,623729,623279,450
48328261,53.3368,25.8823,484,28588,0.245879,0.07,1,623789,623305,484
48331181,104.267,54.7765,539,28662,0.153176,0.07,1,623906,623367,539
48334101,45.6535,103.755,454,28736,0.166635,0.07,1,623937,623483,454
48337021,32.3307,44.7511,453,28810,0.153327,0.11,1,623966,623513,453
48339941,52.0661,32.1502,481,28883,0.150665,0.09,1,624023,623542,481
48342861,71.2132,49.63,503,28956,0.166133,0.17,1,624099,623596,503
48345781,15.8426,67.526,433,29029,0.169227,0.23,1,624101,623668,433
48348701,30.3685,15.1052,465,29102,0.201845,0.23,1,624135,623670,465
48351621,26.8737,29.421,458,29175,0.208369,0.23,1,624161,623703,458
48354541,54.1747,26.6842,493,29248,0.225674,0.25,1,624222,623729,493
48357461,99.635,53.3368,544,29320,0.213135,0.13,1,624333,623789,544
48360381,46.327,104.267,460,29392,0.226627,0.17,1,624366,623906,460
48363301,31.6654,45.6535,457,29464,0.229325,0.15,1,624394,623937,457
48366221,51.9331,32.3307,485,29536,0.325865,0.15,1,624451,623966,485
48369141,73.5866,52.0661,507,29608,0.393173,0.17,1,624530,624023,507
48372061,16.3173,71.2132,433,29679,0.422635,0.17,1,624532,624099,433
48374981,30.4635,15.8426,465,29750,0.444527,0.21,1,624566,624101,465
48377901,27.6927,30.3685,458,29821,0.480905,0.21,1,624593,624135,458
48380821,7.13854,26.8737,434,29892,0.456181,0.23,1,624595,624161,434
48383741,49.4277,54.1747,433,29963,0.451236,0.21,1,624655,624222,433
48386661,97.8855,99.635,432,30034,0.530247,0.23,1,624765,624333,432
48389581,46.7771,46.327,433,30104,0.578049,0.23,1,624799,624366,433
48392501,33.3554,31.6654,435,30174,0.55561,0.35,1,624829,624394,435
48395421,57.0711,51.9331,441,30244,0.599122,0.41,1,624892,624451,441
48398341,77.0142,73.5866,444,30314,0.607824,0.43,1,624974,624530,444
48401261,17.0028,16.3173,444,30384,0.609565,0.45,1,624976,624532,444
48404181,30.6006,30.4635,444,30454,0.609913,0.49,1,625010,624566,444
48407101,27.7201,27.6927,444,30523,0.625983,0.45,1,625037,624593,444
48410021,7.14402,7.13854,444,30592,0.629197,0.45,1,625039,624595,444
48412941,49.4288,49.4277,444,30661,0.661839,0.55,1,625099,624655,444
48415861,100.286,97.8855,447,30730,0.684368,0.59,1,625212,624765,447
48418781,48.8572,46.7771,449,30799,0.656874,0.55,1,625248,624799,449
48421701,35.3714,33.3554,451,30868,0.651375,0.61,1,625280,624829,451
48424621,56.6743,57.0711,450,30937,0.682275,0.61,1,625342,624892,450
48427541,76.9349,77.0142,450,31005,0.768455,0.61,2,625424,624974,450
48430461,16.987,17.0028,450,31073,0.785691,0.61,2,625426,624976,450
48433381,30.5974,30.6006,450,31141,0.837138,0.63,2,625460,625010,450
48436301,28.5195,27.7201,451,31209,0.815428,0.63,2,625488,625037,451
48439221,7.3039,7.14402,451,31277,0.843086,0.63,2,625490,625039,451
48442141,50.2608,1.4288,512,31345,0.848617,0.67,2,625551,625039,512
48445061,101.252,48.2858,566,31413,0.897723,0.69,2,625665,625099,566
48447981,49.0504,100.057,489,31480,0.923545,0.65,2,625701,625212,489
48459661,2,82,460,31748,0.93,0.79,2,625884,625424,460
48599821,61,57,521,15606,0.21,0.83,1,628173,627652,521
48602741,108.2,129,494,15742,0.178,0.51,1,628293,627799,494
48605661,63.24,96.2,458,15877,0.2196,0.51,1,628345,627887,458
48608581,39.048,44.84,459,16011,0.25992,0.23,1,628378,627919,459
48611501,141.41,163.368,433,16144,0.379984,0.21,1,628545,628112,433
48614421,76.2819,81.4736,432,16276,0.419997,0.17,1,628605,628173,432
48617341,109.656,112.295,430,16406,0.491999,0.23,1,628723,628293,430
48620261,65.9313,64.0589,433,16535,0.5544,0.27,1,628778,628345,433
48623181,41.9863,39.2118,436,16663,0.56688,0.27,1,628814,628378,436
48626101,144.397,7.84236,606,16790,0.569376,0.41,1,628984,628378,606
48629021,77.6794,135.168,500,16916,0.569875,0.43,1,629045,628545,500
48631941,113.136,75.0337,562,17042,0.601975,0.51,1,629167,628605,562
48634861,69.0272,109.407,502,17167,0.624395,0.57,1,629225,628723,502
48637781,42.6054,65.8813,483,17291,0.660879,0.57,1,629261,628778,483
48640701,146.121,41.9763,619,17414,0.796176,0.57,2,629433,628814,619
48643621,78.0242,144.395,510,17536,0.871235,0.57,2,629494,628984,510
48646541,114.805,77.679,573,17657,0.934247,0.61,2,629618,629045,573
48725381,186,47,657,20655,0.65,1,1,631787,631130,657
48728301,54,149.4,503,20758,0.65,1,1,631808,631305,503
48731221,41.2,52.28,513,20860,0.714,1,1,631846,631333,513
48734141,101.04,46.456,584,20962,0.6468,1,1,631962,631378,584
48737061,21.808,102.091,470,21063,0.63336,0.95,1,631964,631494,470
48739981,59.5616,79.6182,465,21164,0.678672,0.83,1,632033,631568,465
48742901,35.9123,42.3236,462,21264,0.687734,0.65,1,632063,631601,462
48745821,151.182,157.265,456,21364,0.705547,0.65,1,632243,631787,456
48748741,45.4365,48.2529,454,21463,0.741109,0.73,1,632262,631808,454
48751661,41.0873,40.0506,456,21562,0.716222,0.63,1,632302,631846,456
48754581,101.817,100.81,457,21660,0.775244,0.63,2,632419,631962,457
48757501,21.9635,21.762,457,21758,0.787049,0.69,2,632421,631964,457
48760421,58.7927,59.5524,456,21855,0.85341,0.69,2,632489,632033,456
48763341,34.1585,35.9105,454,21952,0.850682,0.71,2,632517,632063,454
48853861,36,22,503,24770,0.73,1,1,634630,634127,503
48856781,28,21.2,508,24856,0.682,1,1,634656,634148,508
48859701,21.6,27.44,499,24941,0.6724,0.96,1,634676,634177,499
48862621,86.72,103.088,480,25026,0.55848,1,1,634779,634299,480
48865541,39.744,43.0176,480,25111,0.551696,1,1,634807,634327,480
48868461,52.7488,55.8035,477,25195,0.550339,0.85,1,634863,634386,477
48871381,37.7498,42.3607,472,25279,0.550068,0.79,1,634897,634425,472
48874301,132.35,143.672,459,25363,0.454014,0.73,1,635053,634594,459
48877221,51.27,57.5344,454,25447,0.418803,0.73,1,635084,634630,454
48880141,29.454,11.5069,478,25530,0.395761,0.67,1,635108,634630,478
48883061,19.4908,23.1014,469,25613,0.375152,0.67,1,635125,634656,469
48885981,85.4982,20.6203,551,25696,0.38703,0.53,1,635227,634676,551
48888901,38.6996,86.5241,475,25778,0.341406,0.55,1,635254,634779,475
48891821,49.3399,39.7048,499,25860,0.332281,0.55,1,635306,634807,499
48894741,38.668,52.741,479,25942,0.378456,0.55,1,635342,634863,479
48897661,129.334,37.7482,597,26024,0.419691,0.43,1,635494,634897,597
48900581,49.8667,132.35,471,26105,0.475938,0.41,1,635524,635053,471
48903501,29.9733,51.2699,465,26186,0.503188,0.39,1,635549,635084,465
48906421,17.9947,29.454,456,26267,0.492638,0.37,1,635564,635108,456
48909341,84.3989,19.4908,540,26348,0.554528,0.39,1,635665,635125,540
48912261,36.0798,85.4982,462,26428,0.566905,0.33,1,635689,635227,462
48915181,50.416,38.6996,489,26508,0.601381,0.33,1,635743,635254,489
48918101,40.4832,49.3399,475,26588,0.608276,0.39,1,635781,635306,475
48921021,134.497,38.668,597,26668,0.673655,0.43,1,635939,635342,597
48923941,49.2993,129.334,473,26747,0.686731,0.49,1,635967,635494,473
48926861,32.2599,49.8667,471,26826,0.705346,0.51,1,635995,635524,471
48929781,17.652,29.9733,460,26905,0.709069,0.49,1,636009,635549,460
48932701,5.13039,17.9947,447,26984,0.709814,0.57,1,636011,635564,447
48935621,84.2261,84.3989,450,27062,0.725963,0.57,1,636115,635665,450
48938541,36.0452,36.0798,450,27140,0.729193,0.61,1,636139,635689,450
48941461,52.809,50.416,453,27218,0.761839,0.61,2,636196,635743,453
48944381,42.5618,40.4832,455,27296,0.816368,0.69,2,636236,635781,455
48956061,14,14,457,27605,0.95,0.71,2,636466,636009,457
48958981,4.4,4.4,457,27682,0.95,0.73,2,636468,636011,457
49093301,29,36,497,31003,0.91,1,2,638889,638392,497
49096221,32.2,39.2,490,31071,0.846,1,2,638922,638432,490
49099141,39.24,38.24,493,31139,0.6572,1,1,638963,638470,493
49102061,35.848,39.648,488,31207,0.66744,1,1,638998,638510,488
49104981,35.9696,38.3296,486,31275,0.637488,1,1,639034,638548,486
49107901,29.5939,33.2659,482,31343,0.551498,1,1,639062,638580,482
49110821,25.1188,6.65318,506,31411,0.3583,1,1,639086,638580,506
49113741,137.024,29.3306,636,31478,0.14366,0.82,1,639251,638615,636
49116661,61.0048,141.866,508,31545,0.100732,0.94,1,639293,638785,508
49119581,33.801,62.7732,492,31612,0.0441464,0.89,1,639320,638828,492
49122501,29.9602,38.1546,489,31679,0.0648293,0.91,1,639349,638860,489
49125421,32.392,30.8309,493,31746,0.0369659,0.83,1,639382,638889,493
49128341,33.6784,32.5662,494,31813,0.0313932,0.61,1,639416,638922,494
49131261,35.5357,39.3132,489,31880,0.0142786,0.67,1,639452,638963,489
49134181,31.1071,35.8626,484,31946,0.0268557,0.63,1,639482,638998,484
49137101,24.6214,35.9725,471,32012,0.0453711,0.53,1,639505,639034,471
49140021,20.9243,29.5945,463,32078,0.0810742,0.31,1,639525,639062,463
49142941,124.985,25.1189,590,32144,0.0882148,0.09,1,639676,639086,590
49145861,60.197,137.024,469,32210,0.105643,0.09,1,639720,639251,469
49148781,29.6394,61.0048,449,32276,0.141129,0.03,1,639742,639293,449
49151701,29.9279,33.801,452,32342,0.164226,0.07,1,639772,639320,452
49154621,31.5856,29.9602,455,32407,0.152845,0.03,1,639804,639349,455
49157541,33.5171,32.392,456,32472,0.118569,0.03,1,639838,639382,456
49160461,35.5034,33.6784,458,32537,0.0797138,0.01,1,639874,639416,458
49163381,31.9007,35.5357,453,32602,0.135943,0.03,1,639905,639452,453
49166301,24.7801,31.1071,446,32667,0.147189,0.05,1,639928,639482,446
49169221,22.556,24.6214,445,32732,0.165438,0.09,1,639950,639505,445
49172141,6.11121,20.9243,427,32797,0.169088,0.09,1,639952,639525,427
49175061,122.022,124.985,427,32861,0.169818,0.11,1,640103,639676,427
49177981,61.2044,60.197,429,32925,0.201964,0.15,1,640149,639720,429
49180901,29.8409,29.6394,429,32989,0.224393,0.17,1,640171,639742,429
49183821,31.5682,29.9279,431,33053,0.292879,0.15,1,640203,639772,431
49186741,30.3136,31.5856,429,33117,0.338576,0.11,1,640233,639804,429
49189661,31.6627,33.5171,427,33181,0.331715,0.07,1,640265,639838,427
49192581,33.5325,35.5034,425,33245,0.330343,0.15,1,640299,639874,425
49195501,35.5065,31.9007,430,33309,0.330069,0.15,1,640335,639905,430
49198421,25.5013,24.7801,430,33372,0.314014,0.17,1,640358,639928,430
49201341,22.7003,22.556,430,33435,0.278803,0.17,1,640380,639950,430
49204261,6.14005,6.11121,430,33498,0.303761,0.17,1,640382,639952,430
49207181,122.028,122.022,430,33561,0.308752,0.21,1,640533,640103,430
49210101,63.6056,61.2044,433,33624,0.37375,0.23,1,640582,640149,433
49213021,31.1211,29.8409,434,33687,0.37075,0.31,1,640605,640171,434
49215941,33.4242,31.5682,436,33750,0.37015,0.35,1,640639,640203,436
49218861,31.4848,30.3136,437,33813,0.43403,0.33,1,640670,640233,437
49221781,32.697,31.6627,438,33876,0.462806,0.33,1,640703,640265,438
49224701,33.7394,33.5325,438,33938,0.484561,0.33,1,640737,640299,438
49227621,33.9479,35.5065,436,34000,0.488912,0.31,1,640771,640335,436
49230541,24.3896,25.5013,435,34062,0.489782,0.27,1,640793,640358,435
49233461,22.4779,22.7003,435,34124,0.505956,0.31,1,640815,640380,435
49236381,6.09558,6.14005,435,34186,0.509191,0.31,1,640817,640382,435
49239301,124.419,122.028,438,34248,0.541838,0.31,1,640971,640533,438
49242221,64.0838,24.4056,487,34310,0.548368,0.39,1,641020,640533,487
49245141,30.4168,44.0811,460,34372,0.549674,0.37,1,641042,640582,460
49248061,34.8834,27.2162,473,34434,0.549935,0.37,1,641078,640605,473
49250981,34.9767,32.6432,474,34495,0.517987,0.45,1,641113,640639,474
49253901,32.5953,31.3286,475,34556,0.575597,0.47,1,641145,640670,475
49256821,34.5191,32.6657,477,34617,0.619119,0.49,1,641180,640703,477
49259741,34.1038,33.7331,477,34678,0.627824,0.49,1,641214,640737,477
49262661,24.4208,33.9466,465,34739,0.629565,0.49,1,641236,640771,465
49265581,23.2842,24.3893,466,34800,0.645913,0.51,1,641259,640793,466
49268501,6.25683,22.4779,446,34861,0.649183,0.51,1,641261,640815,446
49271421,127.651,6.09557,602,34922,0.713836,0.55,1,641419,640817,602
49274341,64.7303,124.419,497,34983,0.758767,0.55,2,641468,640971,497
49277261,30.5461,64.0838,470,35043,0.799753,0.55,2,641490,641020,470
49280181,34.9092,30.4168,484,35103,0.823951,0.55,2,641526,641042,484
49283101,35.7818,34.8834,484,35163,0.82879,0.51,2,641562,641078,484
49286021,33.5564,34.9767,482,35223,0.829758,0.59,2,641595,641113,482
49288941,36.3113,32.5953,487,35283,0.877952,0.63,2,641632,641145,487
49291861,34.4623,34.5191,486,35343,0.88759,0.63,2,641666,641180,486
49294781,24.4925,34.1038,474,35403,0.905518,0.63,2,641688,641214,474
49297701,24.0985,24.4208,476,35463,0.909104,0.65,2,641712,641236,476
49300621,6.4197,23.2842,455,35523,0.909821,0.65,2,641714,641259,455
49507941,141,136,500,17761,0.05,0.39,1,644740,644240,500
49510861,80.2,97.6,477,17881,0.066,0.17,1,644805,644328,477
49513781,69.64,69.12,482,18000,0.0692,0.05,1,644872,644390,482
49516701,45.928,74.624,446,18118,0.02184,0.11,1,644912,644466,446
49519621,20.3856,41.3248,427,18235,0.076368,0.07,1,644926,644499,427
49522541,80.8771,88.265,423,18351,0.0872736,0.05,1,645022,644599,423
49525461,129.775,130.453,424,18467,0.105455,0.07,1,645164,644740,424
49528381,78.7551,78.0906,425,18582,0.109091,0.07,1,645230,644805,425
49531301,67.751,69.2181,423,18696,0.141818,0.01,1,645295,644872,423
49534221,46.3502,45.8436,424,18810,0.132364,0.09,1,645336,644912,424
49537141,20.47,20.3687,424,18923,0.162473,0.09,1,645350,644926,424
49540061,80.894,80.8737,424,19035,0.0564945,0.11,1,645446,645022,424
49542981,130.579,129.775,425,19146,0.0832989,0.11,1,645589,645164,425
49545901,78.9158,78.7549,425,19257,0.0726598,0.15,1,645655,645230,425
49548821,69.3832,67.751,427,19367,0.086532,0.13,1,645722,645295,427
49551741,47.4766,46.3502,428,19477,0.153306,0.17,1,645764,645336,428
49554661,20.6953,20.47,428,19586,0.166661,0.17,1,645778,645350,428
49557581,76.9391,4.09401,519,19694,0.105332,0.03,1,645869,645350,519
49560501,130.588,77.6188,567,19802,0.173066,0.09,1,646013,645446,567
49563421,78.9176,129.924,490,19909,0.234613,0.07,1,646079,645589,490
49566341,70.1835,78.7847,492,20016,0.214923,0.09,1,646147,645655,492
49569261,49.2367,69.357,469,20122,0.194985,0.17,1,646191,645722,469
49572181,21.0473,47.4714,441,20227,0.190997,0.17,1,646205,645764,441
49575101,77.8095,20.6943,519,20332,0.158199,0.09,1,646297,645778,519
49578021,133.962,76.9389,576,20436,0.24764,0.19,1,646445,645869,576
49580941,80.3924,130.588,499,20540,0.313528,0.25,1,646512,646013,499
49583861,69.6785,78.9176,500,20643,0.358706,0.21,1,646579,646079,500
49586781,47.5357,70.1835,474,20746,0.367741,0.19,1,646621,646147,474
49589701,20.7071,49.2367,444,20848,0.369548,0.19,1,646635,646191,444
49592621,76.1414,21.0473,520,20950,0.44991,0.15,1,646725,646205,520
49595541,138.428,77.8095,582,21051,0.481982,0.27,1,646879,646297,582
49598461,29.2857,133.962,436,21152,0.488396,0.33,1,646881,646445,436
49601381,61.0571,80.3924,438,21252,0.521679,0.37,1,646950,646512,438
49604301,67.4114,69.6785,440,21352,0.512336,0.37,1,647019,646579,440
49607221,47.0823,47.5357,440,21451,0.526467,0.37,1,647061,646621,440
49610141,21.4165,20.7071,441,21550,0.561293,0.47,1,647076,646635,441
49613061,79.4833,76.1414,445,21648,0.664259,0.49,1,647170,646725,445
49615981,139.897,138.428,446,21746,0.748852,0.49,1,647325,646879,446
49618901,29.5793,29.2857,446,21844,0.79777,0.53,2,647327,646881,446
49621821,61.1159,61.0571,446,21941,0.823554,0.51,2,647396,646950,446
49624741,68.2232,67.4114,447,22038,0.860711,0.53,2,647466,647019,447
49627661,48.8446,47.0823,449,22134,0.868142,0.57,2,647510,647061,449
49630581,22.5689,21.4165,450,22230,0.869628,0.69,2,647526,647076,450
49633501,82.9138,79.4833,454,22325,0.901926,0.77,2,647624,647170,454
49747381,172,88,645,25768,0,1,1,650171,649526,645
49750301,55.2,144.8,512,25850,0.024,1,1,650197,649685,512
49753221,40.64,56.16,515,25932,0.0128,1,1,650234,649719,515
49756141,74.528,53.632,545,26014,0.00256,0.97,1,650317,649772,545
49759061,39.7056,67.5264,505,26095,0.040512,0.99,1,650348,649843,505
49761981,29.5411,41.5053,497,26176,0.0961024,0.86,1,650375,649878,497
49764901,21.9082,35.5011,483,26257,0.0752205,0.76,1,650395,649912,483
49767821,42.7816,31.9002,500,26338,0.119044,0.47,1,650443,649943,500
49770741,128.556,51.18,594,26418,0.0638088,0,1,650593,649999,594
49773661,46.5113,147.836,448,26498,0.0367618,0.03,1,650619,650171,448
49776581,38.9023,50.3672,459,26578,0.0313524,0.01,1,650656,650197,459
49779501,73.3804,39.6734,504,26658,0.0782705,0,1,650738,650234,504
49782421,41.0761,74.3347,454,26737,0.0556541,0.05,1,650771,650317,454
49785341,30.6152,39.6669,451,26816,0.0511308,0.11,1,650799,650348,451
49788261,19.723,29.5334,441,26895,0.0502262,0.07,1,650816,650375,441
49791181,5.54461,21.9067,423,26974,0.0500452,0.13,1,650818,650395,423
49794101,41.9089,42.7813,426,27053,0.082009,0.05,1,650869,650443,426
49797021,125.982,128.556,423,27131,0.0724018,0.03,1,651016,650593,423
49799941,45.1964,46.5113,422,27209,0.0224804,0.03,1,651041,650619,422
49802861,39.4393,38.9023,423,27287,0.0124961,0.09,1,651079,650656,423
49805781,74.2879,73.3804,424,27365,0.0584992,0.05,1,651162,650738,424
49808701,39.6576,41.0761,422,27442,0.0116998,0.05,1,651193,650771,422
49811621,30.3315,30.6152,422,27519,0.04234,0.05,1,651221,650799,422
49814541,21.2663,19.723,424,27596,0.096468,0.05,1,651240,650816,424
49817461,5.85326,5.54461,424,27673,0.0752936,0.09,1,651242,650818,424
49820381,41.9707,41.9089,424,27750,0.0710587,0.07,1,651293,650869,424
49823301,125.194,125.982,423,27826,0.102212,0.01,1,651439,651016,423
49826221,44.2388,45.1964,422,27902,0.0764423,0.01,1,651463,651041,422
49829141,39.2478,39.4393,422,27978,0.0232885,0.07,1,651501,651079,422
49832061,76.6496,74.2879,425,28054,0.0446577,0,1,651587,651162,425
49834981,37.7299,39.6576,422,28129,0.00893154,0.05,1,651615,651193,422
49837901,32.346,30.3315,425,28204,0.0257863,0.11,1,651646,651221,425
49840821,21.6692,21.2663,425,28279,0.0451573,0.07,1,651665,651240,425
49843741,5.93384,5.85326,425,28354,0.0810315,0.07,1,651667,651242,425
49846661,41.1868,1.17065,475,28429,0.0722063,0.07,1,651717,651242,475
49849581,126.637,41.0341,572,28503,0.118441,0.11,1,651865,651293,572
49852501,41.3275,125.007,446,28577,0.127688,0.07,1,651885,651439,446
49855421,37.8655,44.2014,459,28651,0.0655376,0.01,1,651922,651463,459
49858341,76.3731,39.2403,507,28725,0.0211075,0.05,1,652008,651501,507
49861261,37.6746,76.6481,449,28799,0.0122215,0,1,652036,651587,449
49864181,33.1349,37.7296,453,28873,0.0264443,0.03,1,652068,651615,453
49867101,22.627,32.3459,442,28946,0.0292889,0.05,1,652088,651646,442
49870021,6.1254,21.6692,425,29019,0.0458578,0.09,1,652090,651665,425
49872941,42.0251,5.93384,474,29092,0.129172,0.07,1,652141,651667,474
49875861,129.205,41.1868,575,29165,0.225834,0.13,1,652292,651717,575
49878781,40.241,126.637,445,29238,0.261167,0.13,1,652310,651865,445
49881701,34.4482,41.3275,458,29310,0.300233,0.05,1,652343,651885,458
49884621,76.4896,37.8655,508,29382,0.180047,0.01,1,652430,651922,508
49887541,37.6979,76.3731,450,29454,0.172009,0.01,1,652458,652008,450
49890461,33.1396,37.6746,454,29526,0.154402,0.03,1,652490,652036,454
49893381,24.2279,33.1349,444,29598,0.15088,0.03,1,652512,652068,444
49896301,6.44558,22.627,426,29670,0.150176,0.05,1,652514,652088,426
49899221,45.2891,6.1254,479,29741,0.150035,0.15,1,652569,652090,479
49902141,133.858,42.0251,584,29812,0.150007,0.25,1,652725,652141,584
49905061,28.3716,129.205,435,29883,0.150001,0.27,1,652727,652292,435
49907981,20.0743,40.241,435,29954,0.182,0.31,1,652745,652310,435
49910901,32.8149,34.4482,438,30025,0.1564,0.15,1,652781,652343,438
49913821,68.963,76.4896,429,30095,0.19928,0.17,1,652859,652430,429
49916741,35.3926,37.6979,428,30165,0.223856,0.15,1,652886,652458,428
49919661,33.4785,33.1396,429,30235,0.276771,0.15,1,652919,652490,429
49922581,24.2957,24.2279,429,30305,0.255354,0.15,1,652941,652512,429
49925501,6.45914,6.44558,429,30375,0.251071,0.15,1,652943,652514,429
49928421,45.2918,45.2891,429,30445,0.298214,0.15,1,652998,652569,429
49931341,133.858,133.858,429,30515,0.355643,0.15,1,653154,652725,429
49934261,28.3717,28.3716,429,30584,0.399129,0.19,1,653156,652727,429
49937181,20.0743,20.0743,429,30653,0.423826,0.15,1,653174,652745,429
49940101,32.8149,32.8149,429,30722,0.412765,0.21,1,653210,652781,429
49943021,71.363,68.963,432,30791,0.474553,0.23,1,653291,652859,432
49945941,36.6726,35.3926,433,30860,0.470911,0.29,1,653319,652886,433
49948861,34.5345,33.4785,434,30929,0.518182,0.25,1,653353,652919,434
49951781,25.3069,24.2957,435,30997,0.543636,0.25,1,653376,652941,435
49954701,6.66138,6.45914,435,31065,0.548727,0.31,1,653378,652943,435
49957621,46.9323,45.2918,437,31133,0.533745,0.37,1,653435,652998,437
49960541,136.586,133.858,440,31201,0.562749,0.41,1,653594,653154,440
49963461,28.9173,28.3717,440,31269,0.56855,0.43,1,653596,653156,440
49966381,20.9835,20.0743,441,31337,0.58571,0.43,1,653615,653174,441
49969301,32.9967,4.01487,477,31405,0.605142,0.41,1,653651,653174,477
49972221,72.9993,29.603,524,31472,0.609028,0.49,1,653734,653210,524
49975141,38.5999,70.7206,473,31539,0.625806,0.47,1,653764,653291,473
49978061,35.72,36.5441,480,31606,0.613161,0.53,1,653799,653319,480
49980981,25.544,34.5088,469,31673,0.594632,0.55,1,653822,653353,469
49983901,6.7088,25.3018,448,31740,0.590926,0.55,1,653824,653376,448
49986821,48.5418,6.66035,505,31807,0.622185,0.53,1,653883,653378,505
49989741,137.708,46.9321,608,31874,0.644437,0.57,1,654043,653435,608
49992661,29.1417,136.586,451,31940,0.648887,0.57,1,654045,653594,451
49995581,21.8283,28.9173,469,32006,0.665778,0.59,1,654065,653596,469
49998501,33.9657,20.9835,487,32072,0.701155,0.61,1,654102,653615,487
50001421,73.1931,32.9967,534,32138,0.788231,0.61,2,654185,653651,534
50004341,39.4386,72.9993,482,32204,0.837646,0.63,2,654216,653734,482
50007261,35.0877,38.5999,486,32270,0.879529,0.61,2,654250,653764,486
50010181,24.6175,35.72,473,32336,0.887906,0.59,2,654272,653799,473
50013101,6.52351,25.544,452,32401,0.889581,0.59,2,654274,653822,452
50016021,48.5047,6.7088,509,32466,0.905916,0.63,2,654333,653824,509
50018941,140.101,48.5418,613,32531,0.925183,0.65,2,654496,653883,613
50021861,29.6202,137.708,455,32596,0.929037,0.65,2,654498,654043,455
50024781,22.724,29.1417,474,32661,0.945807,0.67,2,654519,654045,474
50167861,162,76,591,15606,0.13,0.05,1,656812,656221,591
50170781,84.4,175.2,456,15742,0.146,0.01,1,656877,656421,456
50173701,58.48,103.04,423,15877,0.1012,0.09,1,656929,656506,423
50176621,48.496,50.208,432,16011,0.06024,0.05,1,656975,656543,432
50179541,89.6992,95.6416,425,16144,0.036048,0.13,1,657075,656650,425
50182461,151.54,148.728,430,16276,0.15921,0.15,1,657242,656812,430
50185381,81.508,81.7457,429,16406,0.231842,0.09,1,657306,656877,429
50188301,53.9016,57.9491,424,16535,0.230368,0.05,1,657353,656929,424
50191221,47.5803,48.3898,424,16663,0.166074,0.05,1,657399,656975,424
50194141,87.9161,9.67796,522,16790,0.0412147,0.03,1,657497,656975,522
50197061,157.583,81.9356,597,16916,0.0642429,0.19,1,657672,657075,597
50199981,83.5166,149.987,495,17042,0.0688486,0.25,1,657737,657242,495
50202901,55.1033,81.1974,479,17167,0.0697697,0.23,1,657785,657306,479
50205821,44.6207,53.8395,474,17291,0.0699539,0.15,1,657827,657353,474
50208741,82.5241,47.5679,520,17414,0.117991,0.01,1,657919,657399,520
50211661,158.105,87.9136,599,17536,0.303598,0.07,1,658096,657497,599
50214581,83.621,157.583,489,17657,0.38872,0.07,1,658161,657672,489
50217501,55.1242,83.5165,472,17777,0.405744,0.07,1,658209,657737,472
50220421,45.4248,55.1033,467,17896,0.425149,0.07,1,658252,657785,467
50223341,84.285,44.6207,519,18015,0.39703,0.13,1,658346,657827,519
50226261,18.457,82.5241,429,18133,0.391406,0.35,1,658348,657919,429
50229181,153.291,158.105,439,18250,0.470281,0.41,1,658535,658096,439
50232101,85.0583,83.621,442,18366,0.518056,0.41,1,658603,658161,442
50235021,55.4117,55.1242,442,18482,0.527611,0.43,1,658651,658209,442
50237941,44.6823,45.4248,441,18597,0.529522,0.39,1,658693,658252,441
50240861,84.1365,84.285,441,18711,0.577904,0.39,1,658787,658346,441
50243781,18.4273,18.457,441,18824,0.587581,0.49,1,658789,658348,441
50246701,155.685,153.291,444,18937,0.573516,0.53,1,658979,658535,444
50249621,88.7371,85.0583,448,19049,0.730703,0.53,1,659051,658603,448
50252541,56.1474,55.4117,448,19160,0.762141,0.53,2,659099,658651,448
50255461,44.8295,44.6823,448,19271,0.768428,0.59,2,659141,658693,448
50258381,87.3659,84.1365,452,19381,0.801686,0.59,2,659239,658787,452
50261301,19.0732,18.4273,452,19490,0.808337,0.57,2,659241,658789,452
50264221,155.015,155.685,451,19599,0.873667,0.57,2,659430,658979,451
50267141,93.4029,31.1371,529,19707,0.838733,0.77,2,659508,658979,529
50270061,58.6806,63.8274,507,19815,0.831747,0.77,2,659558,659051,507
50272981,45.3361,51.1655,501,19922,0.830349,0.77,2,659600,659099,501
50275901,89.0672,43.8331,559,20028,0.86207,0.81,2,659700,659141,559
50278821,19.4134,87.1666,463,20134,0.868414,0.81,2,659702,659239,463
50366421,38,67,523,23085,0.35,1,1,661921,661398,523
50369341,34.8,38.2,526,23177,0.222,1,1,661955,661429,526
50372261,38.96,42.04,523,23268,0.1644,1,1,661995,661472,523
50375181,84.592,38.008,582,23359,0.10488,1,1,662091,661509,582
50378101,44.1184,87.6016,516,23450,0.020976,1,1,662125,661609,516
50381021,109.624,51.1203,600,23540,0.0281952,0.85,1,662251,661651,600
50383941,80.3247,124.624,530,23630,0.013639,0.37,1,662324,661794,530
50386861,42.4649,96.1248,474,23720,0.0267278,0.35,1,662357,661883,474
50389781,29.293,49.625,462,23809,0.0133456,0.19,1,662383,661921,462
50392701,35.4586,37.125,465,23898,0.0586691,0.15,1,662420,661955,465
50395621,85.4917,39.425,523,23987,0.0117338,0.09,1,662518,661995,523
50398541,18.6983,84.685,429,24075,0.0423468,0,1,662520,662091,429
50401461,27.7397,44.137,425,24163,0.0324694,0.03,1,662550,662125,425
50404381,104.748,109.627,423,24251,0.0304939,0.01,1,662674,662251,423
50407301,79.3496,80.3255,423,24338,0.0300988,0.03,1,662747,662324,423
50410221,41.4699,42.4651,422,24425,0.0300198,0.01,1,662779,662357,422
50413141,29.894,29.293,423,24512,0.0300039,0.07,1,662806,662383,423
50416061,37.9788,35.4586,426,24598,0.0300008,0,1,662846,662420,426
50418981,85.9958,85.4917,426,24684,0.0140002,0.05,1,662944,662518,426
50421901,18.7992,18.6983,426,24770,0.0108,0.03,1,662946,662520,426
50424821,25.3598,27.7397,423,24856,0.09016,0.03,1,662973,662550,423
50427741,103.472,104.748,422,24941,0.106032,0.03,1,663096,662674,422
50430661,79.8944,79.3496,423,25026,0.0612064,0.03,1,663170,662747,423
50433581,40.7789,41.4699,422,25111,0.0682413,0.03,1,663201,662779,422
50436501,29.7558,29.894,422,25195,0.0376483,0.03,1,663228,662806,422
50439421,38.7512,37.9788,423,25279,0.0155297,0.01,1,663269,662846,423
50442341,86.1502,85.9958,423,25363,0.0751059,0.01,1,663367,662944,423
50445261,18.83,18.7992,423,25447,0.0870212,0.01,1,663369,662946,423
50448181,26.966,3.75983,452,25530,0.105404,0.11,1,663398,662946,452
50451101,102.993,22.352,547,25613,0.0610808,0.11,1,663520,662973,547
50454021,78.9986,102.87,497,25696,0.100216,0.05,1,663593,663096,497
50456941,38.9997,79.7741,452,25778,0.108043,0.07,1,663622,663170,452
50459861,29.3999,40.7548,448,25860,0.109609,0.03,1,663649,663201,448
50462781,38.68,29.751,462,25942,0.0619217,0.01,1,663690,663228,462
50465701,87.736,38.7502,521,26024,0.100384,0.09,1,663790,663269,521
50468621,19.1472,86.15,425,26105,0.108077,0.09,1,663792,663367,425
50471541,27.8294,18.83,453,26186,0.157615,0.11,1,663822,663369,453
50474461,102.366,26.966,545,26267,0.231523,0.05,1,663943,663398,545
50477381,81.2732,102.993,499,26348,0.246305,0.11,1,664019,663520,499
50480301,39.4546,78.9986,455,26428,0.265261,0.11,1,664048,663593,455
50483221,29.4909,38.9997,453,26508,0.317052,0.11,1,664075,663622,453
50486141,36.2982,29.3999,464,26588,0.32741,0.05,1,664113,663649,464
50489061,89.6596,38.68,526,26668,0.361482,0.11,1,664216,663690,526
50491981,19.5319,87.736,428,26747,0.368296,0.11,1,664218,663790,428
50494901,30.3064,19.1472,459,26826,0.385659,0.17,1,664251,663792,459
50497821,106.061,27.8294,554,26905,0.437132,0.25,1,664376,663822,554
50500741,22.8123,102.366,435,26984,0.447426,0.25,1,664378,663943,435
50503661,64.5625,81.2732,434,27062,0.497485,0.27,1,664453,664019,434
50506581,37.7125,39.4546,436,27140,0.539497,0.33,1,664484,664048,436
50509501,30.7425,29.4909,438,27218,0.563899,0.33,1,664513,664075,438
50512421,36.5485,36.2982,438,27296,0.58478,0.37,1,664551,664113,438
50515341,91.3097,89.6596,440,27374,0.524956,0.37,1,664656,664216,440
50518261,19.8619,19.5319,440,27451,0.512991,0.39,1,664658,664218,440
50521181,31.1724,30.3064,441,27528,0.558598,0.45,1,664692,664251,441
50524101,108.634,106.061,444,27605,0.63172,0.45,1,664820,664376,444
50527021,23.3269,22.8123,444,27682,0.614344,0.51,1,664822,664378,444
50529941,67.0654,64.5625,447,27759,0.690869,0.55,1,664900,664453,447
50532861,38.2131,37.7125,447,27835,0.722174,0.57,1,664931,664484,447
50535781,31.6426,30.7425,448,27911,0.744435,0.59,1,664961,664513,448
50538701,37.5285,36.5485,449,27987,0.700887,0.51,1,665000,664551,449
50541621,89.9057,91.3097,447,28063,0.740177,0.51,1,665103,664656,447
50544541,19.5811,19.8619,447,28138,0.748035,0.57,1,665105,664658,447
50547461,31.9162,31.1724,448,28213,0.765607,0.65,2,665140,664692,448
50550381,112.783,108.634,453,28288,0.801121,0.61,2,665273,664820,453
50553301,24.1566,23.3269,453,28363,0.808224,0.61,2,665275,664822,453
50556221,69.6313,4.66538,534,28438,0.793645,0.71,2,665356,664822,534
50559141,37.9263,63.3331,486,28512,0.790729,0.73,2,665386,664900,486
50562061,32.3853,37.4666,486,28586,0.790146,0.75,2,665417,664931,486
50564981,36.877,31.4933,494,28660,0.822029,0.69,2,665455,664961,494
50567901,92.1754,37.4987,561,28734,0.844406,0.75,2,665561,665000,561
50570821,20.0351,89.8997,460,28808,0.848881,0.75,2,665563,665103,460
50573741,31.207,19.5799,492,28881,0.849776,0.77,2,665597,665105,492
50576661,114.241,31.916,592,28954,0.913955,0.81,2,665732,665140,592
50579581,24.4483,112.783,461,29027,0.926791,0.81,2,665734,665273,461
50687621,34,23,515,31612,0.83,1,2,667513,666998,515
50690541,103.6,22.2,614,31679,0.782,1,2,667634,667020,614
50693461,55.92,120.44,513,31746,0.7244,1,1,667678,667165,513
50696381,60.784,51.288,541,31813,0.71288,1,1,667740,667199,541
50699301,40.9568,62.2576,512,31880,0.742576,1,1,667776,667264,512
50702221,34.5914,42.0515,508,31946,0.764515,0.99,2,667809,667301,508
50705141,12.5183,32.4103,485,32012,0.768903,1,2,667816,667331,485
50708061,33.7037,16.8821,511,32078,0.769781,0.94,2,667855,667344,511
50710981,60.3407,37.7764,535,32144,0.801956,0.91,2,667922,667387,535
50713901,28.0681,62.7553,486,32210,0.824391,0.85,2,667942,667456,486
50716821,30.4136,30.9511,494,32276,0.844878,0.83,2,667973,667479,494
50719741,101.283,33.3902,579,32342,0.864976,0.77,2,668092,667513,579
50722661,56.2565,103.478,503,32407,0.900995,0.71,2,668137,667634,503
50725581,60.0513,55.8956,520,32472,0.924199,0.71,2,668198,667678,520
50728501,41.6103,60.7791,495,32537,0.89684,0.75,2,668235,667740,495
50889101,68,83,468,35937,0.83,0.99,2,670582,670114,468
50892021,40.8,43,469,35996,0.798,0.91,2,670616,670147,469
50894941,39.36,36.6,473,36055,0.7916,0.93,2,670655,670182,473
50897861,28.672,30.52,470,36114,0.72632,0.99,1,670681,670211,470
50900781,30.5344,23.704,479,36173,0.681264,1,1,670712,670233,479
50903701,28.5069,31.9408,473,36231,0.720253,0.87,1,670740,670267,473
50906621,28.1014,29.5882,472,36289,0.712051,0.97,1,670768,670296,472
50909541,27.2203,29.1176,470,36347,0.77441,1,2,670795,670325,470
50912461,16.6441,20.2235,466,36405,0.802882,0.99,2,670809,670343,466
50915381,24.9288,25.6447,466,36463,0.808576,0.91,2,670836,670370,466
50918301,93.7858,93.9289,466,36521,0.841715,0.85,2,670947,670481,466
50921221,42.7572,45.1858,463,36579,0.864343,0.83,2,670977,670514,463
50924141,61.3514,63.4372,461,36637,0.916869,0.79,2,671043,670582,461
50927061,40.2703,39.8874,462,36695,0.911374,0.79,2,671078,670616,462
51061381,94,109,475,39255,0.87,1,2,672825,672350,475
51064301,57.2,47.4,491,39309,0.678,1,1,672873,672382,491
51067221,36.24,27.88,499,39363,0.6716,1,1,672904,672405,499
51070141,36.048,51.176,478,39417,0.57432,1,1,672940,672462,478
51073061,48.0096,39.0352,493,39471,0.490864,1,1,672991,672498,493
51075981,35.2019,40.607,484,39525,0.474173,1,1,673023,672539,484
51078901,24.6404,30.5214,478,39578,0.470835,0.94,1,673045,672567,478
51081821,37.7281,34.9043,483,39631,0.422167,1,1,673086,672603,483
51084741,23.5456,24.5809,481,39684,0.428433,1,1,673106,672625,481
51087661,24.7091,29.7162,475,39737,0.349687,0.94,1,673131,672656,475
51090581,28.1418,32.3432,471,39790,0.333937,0.87,1,673160,672689,471
51093501,20.8284,25.6686,466,39843,0.330787,0.93,1,673179,672713,466
51096421,18.5657,19.5337,466,39896,0.330157,0.87,1,673197,672731,466
51099341,72.5131,79.1068,458,39949,0.330031,0.63,1,673283,672825,458
51102261,48.9026,54.2214,453,40002,0.330006,0.67,1,673326,672873,453
51105181,32.9805,35.6443,451,40055,0.362001,0.55,1,673355,672904,451
51108101,32.1961,35.9289,447,40108,0.4004,0.55,1,673387,672940,447
51111021,47.2392,7.18577,498,40161,0.37608,0.47,1,673438,672940,498
51113941,34.2478,42.2372,478,40214,0.387216,0.47,1,673469,672991,478
51116861,20.4496,34.0474,463,40267,0.341443,0.47,1,673486,673023,463
51119781,33.6899,24.4095,478,40319,0.396289,0.41,1,673523,673045,478
51122701,25.938,37.6819,461,40371,0.375258,0.43,1,673547,673086,461
51125621,20.3876,23.5364,460,40423,0.387052,0.33,1,673566,673106,460
51128541,29.6775,24.7073,467,40475,0.37341,0.33,1,673598,673131,467
51131461,19.5355,28.1415,455,40527,0.386682,0.33,1,673615,673160,455
51134381,18.3071,20.8283,454,40579,0.421336,0.33,1,673633,673179,454
51137301,73.2614,18.5657,523,40631,0.460267,0.33,1,673720,673197,523
51140221,49.0523,72.5131,480,40683,0.500053,0.33,1,673763,673283,480
51143141,33.0105,48.9026,466,40735,0.524011,0.37,1,673792,673326,466
51146061,32.2021,32.9805,469,40787,0.528802,0.41,1,673824,673355,469
51148981,48.8404,32.1961,490,40839,0.52976,0.37,1,673877,673387,490
51151901,33.7681,47.2392,469,40891,0.545952,0.39,1,673907,673438,469
51154821,21.1536,34.2478,456,40943,0.56519,0.33,1,673925,673469,456
51157741,33.8307,20.4496,476,40995,0.553038,0.41,1,673962,673486,476
51160661,25.9661,33.6899,463,41046,0.550608,0.37,1,673986,673523,463
51163581,21.1932,25.938,459,41097,0.566122,0.39,1,674006,673547,459
51166501,29.0386,20.3876,471,41148,0.585224,0.37,1,674037,673566,471
51169421,20.2077,29.6775,457,41199,0.589045,0.39,1,674055,673598,457
51172341,18.4415,19.5355,458,41250,0.589809,0.43,1,674073,673615,458
51175261,77.2883,18.3071,532,41301,0.621962,0.47,1,674165,673633,532
51178181,50.6577,73.2614,489,41352,0.660392,0.51,1,674209,673720,489
51181101,34.1315,49.0523,476,41403,0.684078,0.53,1,674239,673763,476
51184021,33.2263,33.0105,480,41454,0.704816,0.53,1,674272,673792,480
51186941,48.2453,32.2021,500,41505,0.708963,0.53,1,674324,673824,500
51189861,11.2491,48.8404,449,41556,0.709793,0.55,1,674326,673877,449
51192781,27.0498,33.7681,450,41607,0.725959,0.57,1,674357,673907,450
51195701,19.81,21.1536,450,41658,0.729192,0.55,1,674375,673925,450
51198621,32.762,33.8307,449,41709,0.777838,0.55,2,674411,673962,449
51201541,26.5524,25.9661,450,41760,0.771568,0.57,2,674436,673986,450
51204461,21.3105,21.1932,450,41811,0.738313,0.59,1,674456,674006,450
51207381,29.8621,29.0386,451,41861,0.763663,0.59,2,674488,674037,451
51210301,20.3724,20.2077,451,41911,0.736733,0.59,1,674506,674055,451
51213221,19.2745,18.4415,452,41961,0.747347,0.63,1,674525,674073,452
51216141,78.2549,77.2883,453,42011,0.749469,0.67,1,674618,674165,453
51219061,53.251,50.6577,456,42061,0.829894,0.69,2,674665,674209,456
51221981,34.6502,34.1315,456,42111,0.893979,0.71,2,674695,674239,456
51224901,34.13,33.2263,457,42161,0.906796,0.71,2,674729,674272,457
51227821,48.426,48.2453,457,42211,0.941359,0.71,2,674781,674324,457
51230741,11.2852,11.2491,457,42261,0.948272,0.73,2,674783,674326,457
51233661,27.857,27.0498,458,42311,0.949654,0.73,2,674815,674357,458
51417621,123,122,508,20647,0.39,1,1,677053,676545,508
51420541,99.8,81.2,531,20750,0.39,1,1,677147,676616,531
51423461,87.96,104.24,506,20852,0.406,0.86,1,677232,676726,506
51426381,64.792,66.448,508,20954,0.4892,0.81,1,677291,676783,508
51429301,36.9584,65.2896,473,21055,0.48984,0.65,1,677321,676848,473
51432221,24.1917,37.8579,463,21156,0.505968,0.53,1,677342,676879,463
51435141,35.2383,48.3716,450,21256,0.477194,0.39,1,677380,676930,450
51438061,95.8477,108.074,438,21356,0.519439,0.39,1,677491,677053,438
51440981,98.3695,96.8149,443,21455,0.559888,0.41,1,677590,677147,443
51443901,88.4739,87.363,444,21554,0.631978,0.51,1,677676,677232,444
51446821,66.4948,64.6726,446,21652,0.694396,0.49,1,677737,677291,446
51449741,37.299,36.9345,446,21750,0.690879,0.51,1,677767,677321,446
51452661,25.0598,24.1869,447,21848,0.722176,0.47,1,677789,677342,447
51455581,33.812,35.2374,445,21945,0.712435,0.53,1,677825,677380,445
51458501,100.362,95.8475,451,22042,0.742487,0.57,1,677942,677491,451
51461421,98.4725,98.3695,450,22138,0.796497,0.65,2,678040,677590,450
51464341,91.6945,88.4739,454,22234,0.7913,0.71,2,678130,677676,454
51467261,67.9389,66.4948,455,22329,0.82226,0.69,2,678192,677737,455
51470181,38.3878,37.299,456,22424,0.860452,0.73,2,678223,677767,456
51473101,25.2776,25.0598,456,22519,0.91609,0.73,2,678245,677789,456
51476021,34.6555,5.01196,493,22613,0.879218,0.71,2,678282,677789,493
51478941,99.7311,29.8024,573,22707,0.871844,0.75,2,678398,677825,573
51481861,100.746,99.5605,557,22800,0.886369,0.81,2,678499,677942,557
51484781,91.3492,98.3121,548,22893,0.889274,0.79,2,678588,678040,548
51487701,71.8699,91.6624,525,22986,0.921855,0.83,2,678655,678130,525
51566541,103,122,474,25356,0.31,1,1,680296,679822,474
51569461,67.8,54,496,25440,0.198,1,1,680355,679859,496
51572381,49.56,10.8,541,25523,0.0636,1,1,680400,679859,541
51575301,79.512,60.56,555,25606,0.03672,1,1,680487,679932,555
51578221,69.5024,80.912,536,25689,0.015344,1,1,680554,680018,536
51581141,38.7005,68.9824,501,25771,0.0110688,0.95,1,680585,680084,501
51584061,37.3401,40.9965,504,25853,0.0422138,0.89,1,680622,680118,504
51586981,36.268,37.7993,503,25935,0.0484428,0.83,1,680658,680155,503
51589901,68.0536,37.9599,541,26017,0.0976885,0.31,1,680734,680193,541
51592821,50.4107,89.992,484,26098,0.0595377,0.17,1,680780,680296,484
51595741,44.4821,65.1984,468,26179,0.115908,0.03,1,680823,680355,468
51598661,77.6964,49.0397,509,26260,0.0951815,0.03,1,680909,680400,509
51601581,69.1393,79.4079,489,26341,0.0750363,0.01,1,680976,680487,489
51604501,37.8279,69.4816,452,26421,0.0550073,0.01,1,681006,680554,452
51607421,38.7656,38.6963,460,26501,0.0510015,0.05,1,681045,680585,460
51610341,35.7531,37.3393,458,26581,0.0502003,0.05,1,681080,680622,458
51613261,71.1506,36.2679,502,26661,0.0980401,0.11,1,681160,680658,502
51616181,48.6301,68.0536,469,26740,0.107608,0.05,1,681203,680734,469
51619101,44.926,50.4107,467,26819,0.125522,0.13,1,681247,680780,467
51622021,77.7852,44.4821,510,26898,0.113104,0.09,1,681333,680823,510
51624941,17.157,77.6964,426,26977,0.0786209,0.07,1,681335,680909,426
51627861,55.4314,69.1393,424,27056,0.0237242,0.05,1,681400,680976,424
51630781,35.0863,37.8279,424,27134,0.0607448,0.05,1,681430,681006,424
51633701,38.2173,38.7656,424,27212,0.068149,0.05,1,681469,681045,424
51636621,34.0435,35.7531,422,27290,0.0696298,0.11,1,681502,681080,422
51639541,75.6087,71.1506,428,27368,0.149926,0.11,1,681588,681160,428
51642461,48.7217,48.6301,427,27445,0.181985,0.13,1,681630,681203,427
51645381,47.3443,44.926,430,27522,0.188397,0.11,1,681677,681247,430
51648301,75.8689,77.7852,427,27599,0.189679,0.07,1,681760,681333,427
51651221,16.7738,17.157,427,27676,0.189936,0.01,1,681762,681335,427
51654141,52.1548,55.4314,423,27753,0.205987,0.07,1,681823,681400,423
51657061,34.431,35.0863,423,27829,0.241197,0.07,1,681853,681430,423
51659981,38.0862,38.2173,423,27905,0.200239,0.07,1,681892,681469,423
51662901,35.6172,34.0435,425,27981,0.144048,0.17,1,681927,681502,425
51665821,79.9235,75.6087,430,28057,0.21281,0.19,1,682018,681588,430
51668741,50.3847,48.7217,431,28132,0.258562,0.19,1,682061,681630,431
51671661,47.6769,47.3443,431,28207,0.267712,0.19,1,682108,681677,431
51674581,75.9354,75.8689,431,28282,0.285542,0.19,1,682191,681760,431
51677501,16.7871,16.7738,431,28357,0.289109,0.19,1,682193,681762,431
51680421,51.3574,3.35475,491,28432,0.257822,0.21,1,682253,681762,491
51683341,35.0715,49.471,461,28506,0.267564,0.25,1,682284,681823,461
51686261,35.8143,33.8942,467,28580,0.269513,0.19,1,682320,681853,467
51689181,34.3629,37.9788,462,28654,0.269903,0.13,1,682354,681892,462
51692101,84.4726,35.5958,524,28728,0.253981,0.23,1,682451,681927,524
51695021,52.0945,79.9192,477,28802,0.282796,0.27,1,682495,682018,477
51697941,48.0189,50.3838,481,28876,0.336559,0.27,1,682542,682061,481
51700861,75.2038,47.6768,516,28949,0.363312,0.29,1,682624,682108,516
51703781,16.6408,75.9354,435,29022,0.368662,0.29,1,682626,682191,435
51706701,51.3282,16.7871,493,29095,0.401732,0.25,1,682686,682193,493
51709621,35.8656,51.3574,465,29168,0.408346,0.27,1,682718,682253,465
51712541,35.9731,35.0715,470,29241,0.457669,0.27,1,682754,682284,470
51715461,34.3946,35.8143,468,29313,0.499534,0.27,1,682788,682320,468
51718381,84.4789,34.3629,531,29385,0.571907,0.25,1,682885,682354,531
51721301,52.8958,84.4726,479,29457,0.570381,0.29,1,682930,682451,479
51724221,50.5792,52.0945,485,29529,0.586076,0.35,1,682980,682495,485
51727141,76.5158,48.0189,521,29601,0.637215,0.37,1,683063,682542,521
51730061,16.9032,75.2038,441,29673,0.647443,0.37,1,683065,682624,441
51732981,52.9806,16.6408,501,29744,0.665489,0.41,1,683127,682626,501
51735901,36.1961,51.3282,473,29815,0.669098,0.41,1,683159,682686,473
51738821,8.83922,35.8656,443,29886,0.66982,0.47,1,683161,682718,443
51741741,33.7678,35.9731,447,29957,0.701964,0.51,1,683201,682754,447
51744661,33.9536,34.3946,447,30028,0.724393,0.59,1,683235,682788,447
51747581,87.5907,84.4789,451,30098,0.760879,0.57,2,683336,682885,451
51750501,53.5181,52.8958,451,30168,0.784176,0.59,2,683381,682930,451
51753421,50.7036,50.5792,451,30238,0.836835,0.65,2,683431,682980,451
51756341,78.9407,76.5158,454,30308,0.879367,0.65,2,683517,683063,454
51759261,17.3881,16.9032,454,30378,0.903873,0.67,2,683519,683065,454
51762181,53.8776,52.9806,455,30448,0.924775,0.67,2,683582,683127,455
51765101,36.3755,36.1961,455,30518,0.928955,0.67,2,683614,683159,455
51768021,8.8751,8.83922,455,30587,0.897791,0.71,2,683616,683161,455
51770941,35.375,33.7678,457,30656,0.939558,0.73,2,683658,683201,457
51773861,35.075,33.9536,458,30725,0.915912,0.77,2,683693,683235,458
51902341,50,49,486,33622,0.75,0.98,2,685753,685267,486
51905261,56.4,49,495,33685,0.75,1,1,685811,685316,495
51908181,78.48,83.4,487,33748,0.59,1,1,685895,685408,487
51911101,42.096,41.48,489,33811,0.494,1,1,685928,685439,489
51914021,36.4192,37.096,488,33874,0.3948,1,1,685963,685475,488
51916941,29.6838,34.6192,482,33936,0.39096,0.84,1,685991,685509,482
51919861,25.9368,32.5238,475,33998,0.390192,0.98,1,686016,685541,475
51922781,23.5874,28.1048,471,34060,0.406038,1,1,686039,685568,471
51925701,30.3175,32.021,470,34122,0.409208,0.88,1,686071,685601,470
51928621,30.0635,33.6042,466,34184,0.345842,0.85,1,686101,685635,466
51931541,57.2127,61.1208,462,34246,0.285168,0.85,1,686165,685703,462
51934461,53.0425,12.2242,514,34308,0.193034,0.75,1,686217,685703,514
51937381,49.8085,42.4448,513,34370,0.206607,0.75,1,686266,685753,513
51940301,69.1617,54.889,529,34432,0.161321,0.55,1,686340,685811,529
51943221,36.2323,78.1778,473,34493,0.200264,0.47,1,686368,685895,473
51946141,38.4465,42.0356,479,34554,0.160053,0.37,1,686407,685928,479
51949061,29.2893,36.4071,471,34615,0.200011,0.39,1,686434,685963,471
51951981,24.2579,29.6814,466,34676,0.192002,0.39,1,686457,685991,466
51954901,23.2516,25.9363,464,34737,0.2544,0.41,1,686480,686016,464
51957821,26.2503,23.5873,468,34798,0.25088,0.41,1,686507,686039,468
51960741,28.4501,30.3175,465,34859,0.282176,0.33,1,686536,686071,465
51963661,51.29,30.0635,492,34920,0.272435,0.27,1,686593,686101,492
51966581,53.458,57.2127,482,34981,0.302487,0.17,1,686647,686165,482
51969501,49.0916,53.0425,478,35041,0.388497,0.21,1,686695,686217,478
51972421,69.0183,49.8085,503,35101,0.437699,0.15,1,686769,686266,503
51975341,37.8037,69.1617,459,35161,0.44754,0.21,1,686799,686340,459
51978261,37.9607,36.2323,469,35221,0.449508,0.15,1,686837,686368,469
51981181,28.3921,38.4465,456,35281,0.465902,0.21,1,686863,686407,456
51984101,27.2784,29.2893,456,35341,0.45318,0.19,1,686890,686434,456
51987021,24.6557,24.2579,457,35401,0.466636,0.27,1,686914,686457,457
51989941,25.7311,23.2516,460,35461,0.469327,0.25,1,686940,686480,460
51992861,29.9462,26.2503,464,35521,0.533865,0.29,1,686971,686507,464
51995781,52.3892,28.4501,493,35581,0.546773,0.27,1,687029,686536,493
51998701,53.6778,51.29,490,35640,0.565355,0.31,1,687083,686593,490
52001621,12.3356,53.458,438,35699,0.569071,0.41,1,687085,686647,438
52004541,44.0671,49.0916,442,35758,0.601814,0.45,1,687137,686695,442
52007461,69.6134,69.0183,444,35817,0.608363,0.45,1,687213,686769,444
52010381,37.9227,37.8037,444,35876,0.641673,0.45,1,687243,686799,444
52013301,38.7845,37.9607,445,35935,0.680335,0.47,1,687282,686837,445
52016221,28.5569,28.3921,445,35994,0.688067,0.45,1,687308,686863,445
52019141,26.5114,27.2784,444,36053,0.673613,0.47,1,687334,686890,444
52022061,25.3023,24.6557,445,36112,0.702723,0.47,1,687359,686914,445
52024981,26.6605,25.7311,446,36171,0.692545,0.55,1,687386,686940,446
52027901,32.5321,29.9462,449,36229,0.722509,0.55,1,687420,686971,449
52030821,52.9064,52.3892,449,36287,0.760502,0.57,2,687478,687029,449
52033741,55.3813,53.6778,451,36345,0.7361,0.57,1,687534,687083,451
52036661,12.6763,12.3356,451,36403,0.73122,0.61,1,687536,687085,451
52039581,44.9353,44.0671,452,36461,0.746244,0.61,1,687589,687137,452
52042501,71.3871,69.6134,454,36519,0.813249,0.65,2,687667,687213,454
52045421,38.2774,37.9227,454,36577,0.84265,0.69,2,687697,687243,454
52048341,38.8555,38.7845,454,36635,0.80053,0.69,2,687736,687282,454
52051261,28.5711,28.5569,454,36693,0.824106,0.67,2,687762,687308,454
52054181,27.3142,26.5114,455,36751,0.780821,0.71,2,687789,687334,455
52057101,25.4628,25.3023,455,36809,0.788164,0.69,2,687814,687359,455
52060021,25.8926,26.6605,454,36866,0.821633,0.73,2,687840,687386,454
52062941,33.9785,32.5321,456,36923,0.844327,0.77,2,687876,687420,456
52065861,54.7957,52.9064,458,36980,0.864865,0.73,2,687936,687478,458
52068781,55.7591,55.3813,458,37037,0.884973,0.73,2,687992,687534,458
52071701,12.7518,12.6763,458,37094,0.920995,0.75,2,687994,687536,458
52074621,44.1504,44.9353,457,37151,0.960199,0.75,2,688046,687589,457
52077541,73.6301,8.98705,538,37208,0.93604,0.83,2,688127,687589,538
52214781,75,66,497,39789,0.59,1,1,689915,689418,497
52217701,41.4,38.8,498,39842,0.558,1,1,689948,689450,498
52220621,32.28,27.76,503,39895,0.4716,1,1,689978,689475,503
52223541,64.056,64.752,501,39948,0.40632,1,1,690050,689549,501
52226461,36.0112,39.3504,497,40001,0.425264,1,1,690079,689582,497
52229381,30.4022,43.8701,481,40054,0.381053,0.97,1,690108,689627,481
52232301,30.8804,34.374,480,40107,0.388211,0.97,1,690139,689659,480
52235221,24.5761,6.8748,503,40160,0.325642,0.97,1,690162,689659,503
52238141,14.5152,24.575,486,40213,0.313128,1,1,690174,689688,486
52241061,22.903,19.315,493,40266,0.326626,1,1,690199,689706,493
52243981,32.5806,23.863,503,40318,0.265325,0.99,1,690234,689731,503
52246901,29.7161,35.9726,493,40370,0.253065,0.85,1,690263,689770,493
52249821,33.9432,32.7945,496,40422,0.250613,0.81,1,690298,689802,496
52252741,61.1886,36.9589,526,40474,0.330123,0.59,1,690366,689840,526
52255661,36.2377,67.3918,481,40526,0.330025,0.55,1,690396,689915,481
52258581,28.8475,39.8784,475,40578,0.330005,0.45,1,690423,689948,475
52261501,60.1695,31.9757,513,40630,0.346001,0.39,1,690491,689978,513
52264421,36.8339,63.9951,472,40682,0.3972,0.43,1,690522,690050,472
52267341,28.9668,35.999,470,40734,0.39144,0.37,1,690549,690079,470
52270261,28.1934,30.3998,469,40786,0.390288,0.39,1,690577,690108,469
52273181,22.4387,30.88,459,40838,0.406058,0.31,1,690598,690139,459
52276101,13.2877,24.576,447,40890,0.457212,0.31,1,690609,690162,447
52279021,22.6575,14.5152,460,40942,0.451442,0.33,1,690634,690174,460
52281941,30.9315,22.903,468,40994,0.434288,0.25,1,690667,690199,468
52284861,29.3863,32.5806,462,41045,0.414858,0.25,1,690696,690234,462
52287781,34.6773,29.7161,469,41096,0.458972,0.25,1,690732,690263,469
52290701,63.7355,33.9432,505,41147,0.483794,0.35,1,690803,690298,505
52293621,36.7471,61.1886,467,41198,0.536759,0.33,1,690833,690366,467
52296541,29.7494,36.2377,465,41249,0.515352,0.33,1,690861,690396,465
52299461,60.3499,28.8475,506,41300,0.57507,0.35,1,690929,690423,506
52302381,37.67,60.1695,470,41351,0.603014,0.41,1,690961,690491,470
52305301,29.934,36.8339,467,41402,0.624603,0.39,1,690989,690522,467
52308221,28.3868,28.9668,468,41453,0.660921,0.39,1,691017,690549,468
52311141,24.0774,28.1934,463,41504,0.652184,0.41,1,691040,690577,463
52314061,6.41547,22.4387,444,41555,0.650437,0.47,1,691042,690598,444
52316981,9.28309,13.2877,443,41606,0.682087,0.45,1,691052,690609,443
52319901,22.6566,22.6575,444,41657,0.688417,0.43,1,691078,690634,444
52322821,30.1313,30.9315,443,41708,0.721684,0.41,1,691110,690667,443
52325741,28.4263,29.3863,442,41759,0.696337,0.47,1,691138,690696,442
52328661,36.8853,34.6773,445,41810,0.691267,0.49,1,691177,690732,445
52331581,67.3771,63.7355,449,41860,0.754253,0.55,2,691252,690803,449
52334501,35.8754,36.7471,447,41910,0.798851,0.51,2,691280,690833,447
52337421,30.3751,29.7494,448,41960,0.79177,0.59,2,691309,690861,448
52340341,62.875,60.3499,451,42010,0.790354,0.61,2,691380,690929,451
52343261,39.775,37.67,453,42060,0.790071,0.63,2,691414,690961,453
52346181,30.355,29.934,453,42110,0.806014,0.67,2,691442,690989,453
52349101,30.071,28.3868,455,42160,0.809203,0.65,2,691472,691017,455
52352021,25.2142,24.0774,456,42210,0.777841,0.65,2,691496,691040,456
52354941,6.64284,6.41547,456,42260,0.771568,0.69,2,691498,691042,456
52357861,9.32857,9.28309,456,42310,0.770314,0.69,2,691508,691052,456
52360781,22.6657,22.6566,456,42360,0.818063,0.73,2,691534,691078,456
52363701,30.1331,30.1313,456,42410,0.811613,0.69,2,691566,691110,456
52366621,28.4266,28.4263,456,42460,0.842323,0.69,2,691594,691138,456
52369541,36.8853,36.8853,456,42510,0.800464,0.77,2,691633,691177,456
52372461,69.7771,67.3771,459,42560,0.808093,0.81,2,691711,691252,459
52375381,37.1554,35.8754,460,42610,0.793619,0.79,2,691740,691280,460
52378301,32.2311,30.3751,462,42660,0.790724,0.79,2,691771,691309,462
52381221,62.4462,62.875,461,42709,0.854145,0.79,2,691841,691380,461
52384141,38.0892,39.775,459,42758,0.882829,0.81,2,691873,691414,459
52387061,30.8178,30.355,460,42807,0.888566,0.81,2,691902,691442,460
52389981,30.1636,30.071,460,42856,0.937713,0.77,2,691932,691472,460
52404581,33,26,493,43101,0.93,0.81,2,692027,691534,493
52887841,61,61,475,23541,0.05,0.21,1,697378,696903,475
52890761,62.6,73.8,461,23631,0.034,0.09,1,697441,696980,461
52893681,62.92,64.36,462,23721,0.0308,0.09,1,697504,697042,462
52896601,54.184,68.072,445,23810,0.00616,0.05,1,697556,697111,445
52899521,59.6368,56.0144,453,23899,0.041232,0.03,1,697617,697164,453
52902441,27.9274,49.6029,425,23988,0.0642464,0.01,1,697637,697212,425
52905361,24.7855,23.5206,432,24076,0.0368493,0.05,1,697661,697229,432
52908281,70.5571,75.1041,426,24164,0.0153699,0.05,1,697743,697317,426
52911201,61.3114,63.8208,424,24252,0.091074,0.03,1,697802,697378,424
52914121,62.6623,63.1642,424,24339,0.0742148,0.03,1,697865,697441,424
52917041,62.1325,63.0328,423,24426,0.022843,0,1,697927,697504,423
52919961,54.0265,54.2066,423,24513,0.0285686,0.05,1,697979,697556,423
52922881,61.2053,59.6413,425,24599,0.0297137,0.07,1,698042,697617,425
52925801,26.6411,27.9283,423,24685,0.0299427,0.03,1,698060,697637,423
52928721,24.5282,24.7857,423,24771,0.0619885,0.01,1,698084,697661,423
52931641,69.7056,70.5571,422,24857,0.0363977,0.11,1,698165,697743,422
52934561,63.5411,61.3114,425,24942,0.0952795,0.07,1,698227,697802,425
52937481,63.9082,62.6623,426,25027,0.107056,0.01,1,698291,697865,426
52940401,59.1816,62.1325,422,25112,0.0774112,0.03,1,698349,697927,422
52943321,53.4363,54.0265,422,25196,0.135482,0.03,1,698401,697979,422
52946241,61.8873,61.2053,423,25280,0.0990964,0.03,1,698465,698042,423
52949161,25.9775,26.6411,422,25364,0.0758193,0.07,1,698482,698060,422
52952081,25.1955,24.5282,423,25448,0.0871639,0.07,1,698507,698084,423
52955001,68.2391,4.90564,502,25531,0.0734328,0.03,1,698586,698084,502
52957921,66.4478,65.7811,487,25614,0.0386866,0.11,1,698652,698165,487
52960841,66.8896,62.7562,492,25697,0.111737,0.11,1,698719,698227,492
52963761,56.5779,63.7512,482,25779,0.158347,0.07,1,698773,698291,482
52966681,51.3156,59.1502,474,25861,0.199669,0.15,1,698823,698349,474
52969601,62.2631,53.4301,487,25943,0.207934,0.09,1,698888,698401,487
52972521,25.2526,61.886,439,26025,0.209587,0.07,1,698904,698465,439
52975441,25.8505,25.9772,448,26106,0.241917,0.09,1,698930,698482,448
52978361,67.5701,25.1954,501,26187,0.248383,0.07,1,699008,698507,501
52981281,67.914,68.2391,490,26268,0.249677,0.03,1,699076,698586,490
52984201,69.5828,66.4478,494,26349,0.313935,0.13,1,699146,698652,494
52987121,58.7166,66.8896,483,26429,0.342787,0.17,1,699202,698719,483
52990041,54.1433,56.5779,482,26509,0.380557,0.21,1,699255,698773,482
52992961,62.0287,51.3156,496,26589,0.404111,0.21,1,699319,698823,496
52995881,25.2057,62.2631,447,26669,0.408822,0.21,1,699335,698888,447
52998801,27.4411,25.2526,459,26748,0.377764,0.25,1,699363,698904,459
53001721,67.8882,25.8505,511,26827,0.387553,0.25,1,699441,698930,511
53004641,67.9776,67.5701,501,26906,0.357511,0.25,1,699509,699008,501
53007561,15.1955,67.914,435,26985,0.351502,0.33,1,699511,699076,435
53010481,61.4391,69.5828,438,27063,0.3503,0.35,1,699584,699146,438
53013401,58.6878,58.7166,440,27141,0.41406,0.39,1,699642,699202,440
53016321,53.3376,54.1433,439,27219,0.474812,0.41,1,699694,699255,439
53019241,64.2675,62.0287,442,27297,0.470962,0.41,1,699761,699319,442
53022161,25.6535,25.2057,442,27375,0.470192,0.37,1,699777,699335,442
53025081,25.9307,27.4411,440,27452,0.470039,0.39,1,699803,699363,440
53028001,68.3861,67.8882,441,27529,0.502008,0.35,1,699882,699441,441
53030921,66.4772,67.9776,439,27606,0.524402,0.35,1,699948,699509,439
53033841,14.8954,15.1955,439,27683,0.52888,0.35,1,699950,699511,439
53036761,61.3791,61.4391,439,27760,0.561776,0.43,1,700023,699584,439
53039681,62.6758,58.6878,444,27836,0.648355,0.49,1,700086,699642,444
53042601,54.1352,53.3376,444,27912,0.681671,0.47,1,700138,699694,444
53045521,63.627,64.2675,443,27988,0.736334,0.47,1,700204,699761,443
53048441,25.5254,25.6535,443,28064,0.747267,0.47,1,700220,699777,443
53051361,25.9051,25.9307,443,28139,0.749453,0.51,1,700246,699803,443
53054281,70.781,68.3861,446,28214,0.781891,0.53,2,700328,699882,446
53057201,66.9562,66.4772,446,28289,0.836378,0.53,2,700394,699948,446
53060121,14.9912,14.8954,446,28364,0.815276,0.53,2,700396,699950,446
53063041,62.1982,2.97909,520,28439,0.811055,0.57,2,700470,699950,520
53065961,68.4396,58.9958,517,28513,0.810211,0.67,2,700540,700023,517
53068881,56.0879,62.1992,507,28587,0.890042,0.69,2,700593,700086,507
53071801,64.8176,54.0398,522,28661,0.922008,0.75,2,700660,700138,522
53074721,25.7635,63.608,472,28735,0.944402,0.75,2,700676,700204,472
53077641,25.9527,25.5216,482,28809,0.94888,0.75,2,700702,700220,482
53203201,52,32,528,31814,0.75,1,2,702857,702329,528
53206121,48.8,36.8,538,31881,0.798,1,2,702905,702367,538
53209041,60.16,71.36,521,31947,0.7756,1,2,702968,702447,521
53211961,32.032,44.672,508,32013,0.65912,0.99,1,702993,702485,508
53214881,32.8064,32.1344,512,32079,0.683824,1,1,703026,702514,512
53217801,35.3613,38.4269,508,32145,0.640765,1,1,703062,702554,508
53220721,36.6723,34.8854,511,32211,0.632153,0.98,1,703099,702588,511
53223641,36.1345,34.1771,513,32277,0.598431,1,1,703135,702622,513
53226561,90.4269,46.8354,567,32343,0.559686,0.9,1,703239,702672,567
53229481,41.2854,87.7671,498,32408,0.599937,0.79,1,703268,702770,498
53232401,50.6571,45.5534,516,32473,0.623987,0.75,1,703321,702805,516
53235321,41.3314,50.7107,503,32538,0.628797,0.81,1,703360,702857,503
53238241,60.2663,48.5421,520,32603,0.64576,0.77,1,703425,702905,520
53241161,27.2533,60.1084,476,32668,0.665152,0.63,1,703444,702968,476
53244081,31.8507,32.0217,484,32733,0.65303,0.69,1,703477,702993,484
53247001,7.97013,32.8043,453,32798,0.650606,0.63,1,703479,703026,453
53249921,30.394,35.3609,453,32862,0.618121,0.63,1,703515,703062,453
53252841,34.0788,36.6722,451,32926,0.643624,0.59,1,703550,703099,451
53255761,38.0158,36.1344,454,32990,0.680725,0.55,1,703589,703135,454
53258681,88.4032,90.4269,451,33054,0.720145,0.61,1,703690,703239,451
53261601,41.6806,41.2854,452,33118,0.744029,0.63,1,703720,703268,452
53264521,51.5361,50.6571,453,33182,0.748806,0.63,1,703774,703321,453
53267441,41.5072,41.3314,453,33246,0.733761,0.65,1,703813,703360,453
53270361,61.1014,60.2663,454,33310,0.762752,0.67,2,703879,703425,454
53273281,26.6203,27.2533,453,33373,0.80055,0.65,2,703897,703444,453
53276201,32.5241,31.8507,454,33436,0.80811,0.65,2,703931,703477,454
53279121,8.10481,7.97013,454,33499,0.809622,0.61,2,703933,703479,454
53282041,29.621,30.394,453,33562,0.793924,0.65,2,703968,703515,453
53284961,34.7242,34.0788,454,33625,0.774785,0.69,2,704004,703550,454
53287881,39.7448,38.0158,456,33688,0.834957,0.73,2,704045,703589,456
53430961,34,33,498,36638,0.73,1,1,706143,705645,498
53433881,41.2,54.6,481,36696,0.65,1,1,706186,705705,481
53436801,61.84,60.52,486,36754,0.634,1,1,706253,705767,486
53439721,37.968,38.504,485,36811,0.5988,1,1,706285,705800,485
53442641,32.3936,32.5008,485,36868,0.62376,0.96,1,706316,705831,485
53445561,20.8787,27.3002,477,36925,0.676752,1,1,706334,705857,477
53448481,29.7757,29.46,479,36982,0.68735,1,1,706366,705887,479
53451401,27.5551,31.492,474,37039,0.64147,0.91,1,706393,705919,474
53454321,23.111,25.4984,472,37096,0.632294,0.89,1,706415,705943,472
53457241,15.0222,18.6997,468,37153,0.646459,0.89,1,706428,705960,468
53460161,83.0044,3.73994,568,37210,0.665292,0.85,1,706528,705960,568
53463081,44.6009,84.748,498,37267,0.669058,0.81,1,706563,706065,498
53466001,34.5202,52.1496,486,37324,0.669812,0.73,1,706595,706109,486
53468921,43.704,37.6299,498,37381,0.701962,0.63,1,706641,706143,498
53471841,58.3408,41.926,517,37438,0.724392,0.63,1,706703,706186,517
53474761,38.0682,61.9852,483,37494,0.712878,0.59,1,706736,706253,483
53477681,32.4136,37.997,482,37550,0.742576,0.63,1,706767,706285,482
53480601,22.4827,32.3994,471,37606,0.764515,0.69,2,706787,706316,471
53483521,28.4965,20.8799,483,37662,0.784903,0.69,2,706817,706334,483
53486441,29.6993,29.776,481,37718,0.804981,0.63,2,706847,706366,481
53489361,21.9399,27.5552,474,37774,0.808996,0.63,2,706867,706393,474
53492281,15.588,23.111,466,37830,0.809799,0.65,2,706881,706415,466
53495201,84.7176,15.0222,555,37886,0.82596,0.67,2,706983,706428,555
53498121,45.7435,83.0044,491,37942,0.845192,0.67,2,707019,706528,491
53501041,33.1487,44.6009,486,37998,0.865038,0.67,2,707049,706563,486
53503961,43.4297,34.5202,500,38054,0.901008,0.71,2,707095,706595,500
53506881,60.6859,43.704,519,38110,0.892202,0.73,2,707160,706641,519
53509801,38.5372,58.3408,490,38165,0.93844,0.71,2,707193,706703,490
53690841,33,37,515,41455,0.73,1,1,709455,708940,515
53693761,34.6,21,533,41506,0.746,1,1,709490,708957,533
53696681,22.92,28.2,523,41557,0.7012,1,1,709510,708987,523
53699601,53.384,76.84,495,41608,0.61224,1,1,709571,709076,495
53702521,35.4768,42.568,492,41659,0.722448,1,1,709602,709110,492
53705441,23.0954,34.9136,479,41710,0.72849,0.98,1,709622,709143,479
53708361,23.0191,26.1827,478,41761,0.697698,0.94,1,709645,709167,478
53711281,28.6038,25.2365,483,41812,0.67554,1,1,709675,709192,483
53714201,28.9208,33.0473,477,41862,0.639108,0.96,1,709704,709227,477
53717121,35.3842,37.8095,475,41912,0.647822,0.93,1,709741,709266,475
53720041,31.0768,35.5619,470,41962,0.601564,0.97,1,709771,709301,470
53722961,35.8154,38.3124,468,42012,0.544313,0.89,1,709808,709340,468
53725881,40.7631,44.4625,464,42062,0.564863,0.83,1,709850,709386,464
53728801,36.1526,37.6925,463,42112,0.616973,0.73,1,709885,709422,463
53731721,28.8305,33.9385,457,42162,0.659395,0.75,1,709912,709455,457
53734641,33.7661,34.7877,457,42212,0.635879,0.69,1,709947,709490,457
53737561,21.1532,22.9575,455,42262,0.663176,0.59,1,709965,709510,455
53740481,52.2306,53.3915,454,42312,0.668635,0.75,1,710025,709571,454
53743401,35.2461,35.4783,454,42362,0.685727,0.73,1,710056,709602,454
53746321,23.8492,23.0957,455,42412,0.705145,0.69,1,710077,709622,455
53749241,22.3698,23.0191,454,42462,0.709029,0.67,1,710099,709645,454
53752161,26.074,28.6038,451,42512,0.709806,0.63,1,710126,709675,451
53755081,28.4148,28.9208,451,42562,0.725961,0.65,1,710155,709704,451
53758001,35.283,35.3842,451,42612,0.745192,0.59,1,710192,709741,451
53760921,30.2566,31.0768,450,42662,0.749038,0.53,1,710221,709771,450
53763841,34.0513,35.8154,448,42711,0.765808,0.57,2,710256,709808,448
53766761,42.8103,40.7631,451,42760,0.785161,0.63,2,710301,709850,451
53769681,36.5621,36.1526,451,42809,0.837032,0.67,2,710336,709885,451
53772601,30.5124,28.8305,453,42858,0.847406,0.63,2,710365,709912,453
53775521,34.1025,33.7661,453,42907,0.865481,0.67,2,710400,709947,453
53778441,22.8205,21.1532,455,42956,0.901096,0.67,2,710420,709965,455
53781361,51.7641,52.2306,454,43005,0.908219,0.67,2,710479,710025,454
53784281,35.9528,10.4461,486,43054,0.925644,0.69,2,710511,710025,486
53787201,23.1906,26.8892,475,43103,0.929129,0.71,2,710531,710056,475
53790121,22.2381,22.1778,476,43152,0.929826,0.71,2,710553,710077,476
53793041,27.6476,22.0356,483,43201,0.913965,0.71,2,710582,710099,483
53795961,29.5295,26.0071,486,43250,0.910793,0.73,2,710612,710126,486
53798881,34.7059,28.4014,493,43299,0.926159,0.75,2,710648,710155,493
53801801,31.7412,35.2803,487,43348,0.913232,0.75,2,710679,710192,487
53804721,34.3482,30.2561,493,43397,0.894646,0.77,2,710714,710221,493
53979921,37,33,515,46224,0.71,1,1,712678,712163,515
53982841,42.6,37,521,46270,0.63,1,1,712722,712201,521
53985761,35.72,37,518,46316,0.454,1,1,712756,712238,518
53988681,36.744,36.2,519,46362,0.3388,1,1,712793,712274,519
53991601,45.7488,42.44,523,46407,0.33176,1,1,712841,712318,523
53994521,29.1498,35.688,514,46452,0.250352,1,1,712866,712352,514
53997441,33.83,32.7376,517,46497,0.18607,1,1,712901,712384,517
54000361,25.966,34.5475,506,46542,0.109214,1,1,712925,712419,506
54003281,25.9932,22.9095,512,46587,0.0458428,1,1,712951,712439,512
54006201,22.7986,25.3819,508,46632,0.0171686,0.99,1,712973,712465,508
54009121,16.5597,29.0764,493,46677,0.0114337,1,1,712988,712495,493
54012041,26.5119,20.2153,504,46722,0.0742867,1,1,713017,712513,504
54014961,33.3024,32.0431,504,46767,0.118857,0.95,1,713052,712548,504
54017881,29.0605,33.6086,498,46812,0.0957715,0.83,1,713080,712582,498
54020801,21.0121,34.7217,482,46857,0.0591543,0.79,1,713099,712617,482
54023721,32.2024,26.1443,493,46902,0.0198309,0.71,1,713134,712641,493
54026641,34.4405,34.8289,491,46947,0.0439662,0.61,1,713169,712678,491
54029561,26.0881,42.1658,471,46992,0.0327932,0.41,1,713193,712722,471
54032481,31.6176,35.6332,470,47037,0.0625586,0.31,1,713226,712756,470
54035401,43.1235,36.7266,479,47082,0.0845117,0.33,1,713272,712793,479
54038321,27.8247,45.7453,455,47127,0.0729023,0.23,1,713296,712841,455
54041241,32.7649,29.1491,464,47172,0.0865805,0.17,1,713330,712866,464
54044161,24.153,33.8298,451,47217,0.0413161,0.09,1,713352,712901,451
54047081,21.6306,25.966,448,47262,0.0802632,0.03,1,713373,712925,448
54050001,21.1261,25.9932,443,47307,0.0720526,0.01,1,713394,712951,443
54052921,17.8252,22.7986,438,47352,0.0224105,0.01,1,713411,712973,438
54055841,5.16504,16.5597,425,47397,0.0124821,0.09,1,713413,712988,425
54058761,25.833,26.5119,427,47441,0.0424964,0.13,1,713444,713017,427
54061681,32.3666,33.3024,426,47485,0.0644993,0.09,1,713478,713052,426
54064601,28.0733,29.0605,425,47529,0.0368999,0.05,1,713505,713080,425
54067521,19.2147,21.0121,423,47573,0.04738,0.01,1,713522,713099,423
54070441,31.8429,32.2024,423,47617,0.049476,0.05,1,713557,713134,423
54073361,34.3686,34.4405,423,47661,0.0658952,0.03,1,713592,713169,423
54076281,26.8737,26.0881,424,47705,0.021179,0.07,1,713617,713193,424
54079201,33.3747,31.6176,426,47749,0.0442358,0.09,1,713652,713226,426
54082121,43.4749,43.1235,426,47793,0.0168472,0.07,1,713698,713272,426
54085041,27.095,27.8247,425,47837,0.0113694,0.09,1,713721,713296,425
54087961,32.619,32.7649,425,47881,0.0582739,0.03,1,713755,713330,425
54090881,24.1238,24.153,425,47925,0.0356548,0.09,1,713777,713352,425
54093801,20.8248,21.6306,424,47969,0.047131,0.07,1,713797,713373,424
54096721,20.165,21.1261,423,48013,0.0814262,0.01,1,713817,713394,423
54099641,17.633,17.8252,423,48057,0.0722852,0.01,1,713834,713411,423
54102561,5.1266,5.16504,423,48101,0.038457,0.05,1,713836,713413,423
54105481,27.4253,25.833,425,48145,0.0636914,0.07,1,713869,713444,425
54108401,31.0851,32.3666,423,48189,0.116738,0.03,1,713901,713478,423
54111321,27.817,28.0733,423,48233,0.127348,0.05,1,713928,713505,423
54114241,19.9634,19.2147,424,48277,0.17747,0.05,1,713946,713522,424
54117161,30.3927,31.8429,422,48321,0.139494,0.07,1,713979,713557,422
54120081,34.8785,34.3686,423,48365,0.163899,0.01,1,714015,713592,423
54123001,26.9757,26.8737,423,48409,0.16878,0.05,1,714040,713617,423
54125921,34.1951,33.3747,424,48453,0.169756,0.01,1,714076,713652,424
54128841,42.039,43.4749,422,48496,0.201951,0.01,1,714120,713698,422
54131761,27.6078,27.095,423,48539,0.20839,0.07,1,714144,713721,423
54134681,32.7216,32.619,423,48582,0.225678,0.03,1,714178,713755,423
54137601,24.9443,24.1238,424,48625,0.245136,0.05,1,714201,713777,424
54140521,20.9889,20.8248,424,48668,0.217027,0.09,1,714221,713797,424
54143441,20.1978,20.165,424,48711,0.259405,0.07,1,714241,713817,424
54146361,16.8396,17.633,423,48754,0.267881,0.03,1,714257,713834,423
54149281,4.96791,5.1266,423,48797,0.269576,0.07,1,714259,713836,423
54152201,28.9936,27.4253,425,48840,0.221915,0.07,1,714294,713869,425
54155121,33.7987,5.48506,460,48883,0.244383,0.13,1,714329,713869,460
54158041,28.3597,26.697,455,48926,0.264877,0.13,1,714356,713901,455
54160961,20.0719,26.9394,446,48969,0.268975,0.19,1,714374,713928,446
54163881,29.6144,19.7879,460,49012,0.285795,0.13,1,714406,713946,460
54166801,35.5229,30.3576,464,49055,0.289159,0.17,1,714443,713979,464
54169721,27.9046,34.8715,454,49098,0.305832,0.17,1,714469,714015,454
54172641,34.3809,26.9743,465,49141,0.309166,0.17,1,714505,714040,465
54175561,43.6762,34.1949,475,49184,0.325833,0.21,1,714551,714076,475
54178481,26.3352,42.039,453,49227,0.329167,0.21,1,714573,714120,453
54181401,33.267,27.6078,464,49270,0.345833,0.23,1,714608,714144,464
54184321,25.8534,32.7216,454,49313,0.349167,0.25,1,714632,714178,454
54187241,21.1707,24.9443,451,49356,0.365833,0.21,1,714652,714201,451
54190161,21.0341,20.9889,452,49399,0.353167,0.27,1,714673,714221,452
54193081,17.0068,20.1978,448,49442,0.350633,0.27,1,714689,714241,448
54196001,5.00137,16.8396,434,49485,0.350127,0.27,1,714691,714257,434
54198921,28.2003,4.96791,466,49528,0.350025,0.21,1,714725,714259,466
54201841,36.8401,28.9936,470,49571,0.382005,0.25,1,714764,714294,470
54204761,28.168,33.7987,461,49614,0.404401,0.27,1,714790,714329,461
54207681,20.0336,28.3597,452,49656,0.45688,0.27,1,714808,714356,452
54210601,30.4067,20.0719,467,49698,0.467376,0.29,1,714841,714374,467
54213521,36.4813,29.6144,473,49740,0.469475,0.29,1,714879,714406,473
54216441,28.0963,35.5229,462,49782,0.469895,0.31,1,714905,714443,462
54219361,35.2193,27.9046,473,49824,0.517979,0.31,1,714942,714469,473
54222281,43.8438,34.3809,483,49866,0.495596,0.33,1,714988,714505,483
54225201,26.3688,43.6762,459,49908,0.507119,0.33,1,715010,714551,459
54228121,34.0738,26.3352,473,49950,0.509424,0.35,1,715046,714573,473
54231041,26.0148,33.267,462,49992,0.557885,0.35,1,715070,714608,462
54233961,22.003,25.8534,459,50034,0.583577,0.37,1,715091,714632,459
54236881,20.4006,21.1707,459,50076,0.588715,0.35,1,715111,714652,459
54239801,16.8801,21.0341,454,50118,0.589743,0.35,1,715127,714673,454
54242721,4.97602,17.0068,440,50160,0.589949,0.35,1,715129,714689,440
54245641,28.1952,5.00137,472,50202,0.58999,0.35,1,715163,714691,472
54248561,38.439,28.2003,479,50244,0.573998,0.39,1,715204,714725,479
54251481,29.2878,36.8401,467,50286,0.5868,0.41,1,715231,714764,467
54254401,7.45756,28.168,443,50328,0.60536,0.47,1,715233,714790,443
54257321,17.4915,20.0336,445,50370,0.625072,0.47,1,715253,714808,445
54260241,29.8983,30.4067,445,50412,0.629014,0.47,1,715286,714841,445
54263161,36.3797,36.4813,445,50454,0.661803,0.47,1,715324,714879,445
54266081,28.0759,28.0963,445,50496,0.668361,0.53,1,715350,714905,445
54269001,36.0152,35.2193,446,50538,0.685672,0.49,1,715388,714942,446
54271921,44.803,43.8438,447,50580,0.737134,0.51,1,715435,714988,447
54274841,26.5606,26.3688,447,50622,0.763427,0.51,2,715457,715010,447
54277761,34.1121,34.0738,447,50664,0.736685,0.57,1,715493,715046,447
54280681,28.4224,26.0148,450,50706,0.715337,0.59,1,715520,715070,450
54283601,23.2845,22.003,451,50748,0.711067,0.59,1,715542,715091,451
54286521,20.6569,20.4006,451,50790,0.742213,0.59,1,715562,715111,451
54289441,16.9314,16.8801,451,50831,0.764443,0.59,2,715578,715127,451
54292361,4.98628,4.97602,451,50872,0.736889,0.59,1,715580,715129,451
54295281,28.1973,28.1952,451,50913,0.763378,0.57,2,715614,715163,451
54298201,37.6395,38.439,450,50954,0.768676,0.59,2,715654,715204,450
54301121,31.5279,29.2878,453,50995,0.785735,0.61,2,715684,715231,453
54304041,7.90558,7.45756,453,51036,0.789147,0.63,2,715686,715233,453
54306961,18.3811,17.4915,454,51077,0.773829,0.63,2,715707,715253,454
54309881,29.2762,29.8983,453,51118,0.818766,0.67,2,715739,715286,453
54312801,36.2552,36.3797,453,51159,0.875753,0.67,2,715777,715324,453
54315721,28.051,28.0759,453,51200,0.903151,0.69,2,715803,715350,453
54318641,38.4102,36.0152,456,51241,0.87663,0.75,2,715844,715388,456
54553701,70,79,469,24820,0.05,0.94,1,718220,717751,469
54556621,74,50.2,501,24905,0.066,0.75,1,718295,717794,501
54559541,63.6,78.04,477,24990,0.0532,0.51,1,718356,717879,477
54562461,59.12,54.008,487,25075,0.08264,0.39,1,718414,717927,487
54565381,36.624,62.0016,454,25160,0.072528,0.29,1,718445,717991,454
54568301,27.3248,36.4003,449,25244,0.118506,0.33,1,718470,718021,449
54571221,13.465,20.8801,442,25328,0.159701,0.17,1,718480,718038,442
54574141,41.893,36.976,450,25412,0.15194,0.09,1,718529,718079,450
54577061,76.3786,64.1952,464,25495,0.166388,0.05,1,718614,718150,464
54579981,98.4757,68.839,498,25578,0.169278,0.07,1,718718,718220,498
54582901,69.2951,73.7678,485,25661,0.233856,0.05,1,718780,718295,485
54585821,62.659,63.5536,485,25744,0.214771,0.09,1,718841,718356,485
54588741,36.5318,59.1107,457,25826,0.226954,0.07,1,718871,718414,457
54591661,29.7064,36.6221,454,25908,0.229391,0.13,1,718899,718445,454
54594581,13.9413,27.3244,439,25990,0.197878,0.17,1,718909,718470,439
54597501,41.9883,13.4649,478,26072,0.223576,0.15,1,718958,718480,478
54600421,76.3977,41.893,514,26153,0.260715,0.17,1,719043,718529,514
54603341,98.4795,76.3786,533,26234,0.284143,0.17,1,719147,718614,533
54606261,70.8959,98.4757,493,26315,0.320829,0.25,1,719211,718718,493
54609181,63.7792,69.2951,493,26396,0.344166,0.21,1,719273,718780,493
54612101,36.7558,62.659,462,26476,0.412833,0.23,1,719303,718841,462
54615021,28.1512,36.5318,458,26556,0.426567,0.23,1,719329,718871,458
54617941,13.6302,29.7064,440,26636,0.429313,0.19,1,719339,718899,440
54620861,44.326,13.9413,482,26716,0.461863,0.23,1,719391,718909,482
54623781,77.6652,41.9883,519,26795,0.484373,0.27,1,719477,718958,519
54626701,99.533,76.3977,539,26874,0.520875,0.29,1,719582,719043,539
54629621,21.5066,98.4795,437,26953,0.528175,0.33,1,719584,719147,437
54632541,56.3013,70.8959,438,27032,0.577635,0.35,1,719649,719211,438
54635461,63.2603,63.7792,441,27110,0.651527,0.43,1,719714,719273,441
54638381,38.2521,36.7558,443,27188,0.666305,0.43,1,719746,719303,443
54641301,28.4504,28.1512,443,27266,0.717261,0.43,1,719772,719329,443
54644221,13.6901,13.6302,443,27344,0.695452,0.47,1,719782,719339,443
54647141,45.938,44.326,445,27421,0.75509,0.49,2,719836,719391,445
54650061,78.7876,77.6652,446,27498,0.783018,0.53,2,719923,719477,446
54652981,101.358,99.533,448,27575,0.756604,0.53,2,720030,719582,448
54655901,21.8715,21.5066,448,27652,0.751321,0.59,2,720032,719584,448
54658821,58.7743,56.3013,451,27729,0.734264,0.67,1,720100,719649,451
54661741,66.9549,63.2603,455,27805,0.778853,0.67,2,720169,719714,455
54664661,39.791,38.2521,456,27881,0.803771,0.73,2,720202,719746,456
54667581,28.7582,28.4504,456,27957,0.856754,0.69,2,720228,719772,456
54670501,13.7516,13.6901,456,28033,0.867351,0.77,2,720238,719782,456
54673421,47.5503,45.938,458,28109,0.88547,0.79,2,720294,719836,458
54798981,60,64,491,31183,0.73,1,1,722537,722046,491
54801901,39.2,38.4,493,31251,0.634,1,1,722571,722078,493
54804821,34.24,30.88,497,31319,0.6628,1,1,722604,722107,497
54807741,22.848,6.176,517,31387,0.65256,1,1,722624,722107,517
54810661,30.9696,27.6352,517,31454,0.602512,1,1,722657,722140,517
54813581,22.9939,34.327,502,31521,0.576502,1,1,722678,722176,502
54816501,70.9988,27.6654,559,31588,0.4753,1,1,722761,722202,559
54819421,97.3998,68.7331,584,31655,0.43906,0.96,1,722865,722281,584
54822341,56.28,105.747,515,31722,0.399812,0.92,1,722911,722396,515
54825261,36.856,57.9493,501,31789,0.423962,0.88,1,722943,722442,501
54828181,48.1712,39.5899,517,31856,0.380792,0.73,1,722994,722477,517
54831101,32.8342,55.918,486,31922,0.356158,0.61,1,723023,722537,486
54834021,31.3668,38.3836,483,31988,0.367232,0.67,1,723054,722571,483
54836941,20.6734,34.0767,468,32054,0.369446,0.65,1,723072,722604,468
54839861,32.1347,22.8153,483,32120,0.417889,0.59,1,723107,722624,483
54842781,21.6269,30.9631,469,32186,0.459578,0.57,1,723126,722657,469
54845701,64.3254,22.9926,523,32252,0.483916,0.45,1,723201,722678,523
54848621,96.0651,70.9985,544,32318,0.520783,0.43,1,723305,722761,544
54851541,56.013,97.3997,486,32383,0.576157,0.39,1,723351,722865,486
54854461,36.8026,56.2799,472,32448,0.587231,0.43,1,723383,722911,472
54857381,47.3605,36.856,490,32513,0.589446,0.37,1,723433,722943,490
54860301,31.8721,48.1712,467,32578,0.605889,0.35,1,723461,722994,467
54863221,33.5744,32.8342,472,32643,0.609178,0.37,1,723495,723023,472
54866141,21.1149,31.3668,459,32708,0.609836,0.37,1,723513,723054,459
54869061,5.82298,20.6734,443,32773,0.609967,0.43,1,723515,723072,443
54871981,29.1646,32.1347,443,32838,0.625993,0.47,1,723550,723107,443
54874901,22.6329,21.6269,445,32902,0.677199,0.49,1,723571,723126,445
54877821,65.3266,64.3254,446,32966,0.73544,0.53,1,723647,723201,446
54880741,98.6653,96.0651,449,33030,0.827088,0.59,2,723754,723305,449
54883661,58.1331,56.013,451,33094,0.845418,0.59,2,723802,723351,451
54886581,37.2266,36.8026,451,33158,0.817084,0.59,2,723834,723383,451
54889501,48.2453,47.3605,452,33222,0.827417,0.61,2,723885,723433,452
54892421,32.0491,31.8721,452,33286,0.829483,0.61,2,723913,723461,452
54895341,33.6098,33.5744,452,33350,0.861897,0.61,2,723947,723495,452
54898261,21.122,21.1149,452,33413,0.868379,0.61,2,723965,723513,452
54901181,5.82439,5.82298,452,33476,0.869676,0.63,2,723967,723515,452
54904101,29.1649,29.1646,452,33539,0.853935,0.69,2,724002,723550,452
54907021,24.233,22.6329,454,33602,0.818787,0.75,2,724025,723571,454
54909941,68.0466,65.3266,457,33665,0.859757,0.85,2,724104,723647,457
54912861,104.809,98.6653,464,33728,0.915951,0.85,2,724218,723754,464
55073461,11,29,504,37017,0.85,1,2,726445,725941,504
55076381,30.2,35.4,502,37074,0.674,1,1,726480,725978,502
55079301,32.44,40.68,493,37131,0.5268,1,1,726513,726020,493
55082221,82.488,91.336,484,37188,0.33736,1,1,726608,726124,484
55085141,50.8976,18.2672,527,37245,0.219472,1,1,726651,726124,527
55088061,37.3795,44.4534,510,37302,0.179894,1,1,726685,726175,510
55090981,51.4759,37.6907,529,37359,0.0599789,1,1,726740,726211,529
55093901,43.0952,53.1381,513,37416,0.0199958,0.95,1,726781,726268,513
55096821,31.819,41.8276,503,37472,0.0439992,1,1,726810,726307,503
55099741,29.5638,33.1655,501,37528,0.0487998,0.97,1,726839,726338,501
55102661,27.5128,33.0331,495,37584,0.03376,0.95,1,726866,726371,495
55105581,29.5026,29.0066,497,37640,0.062752,0.89,1,726896,726399,497
55108501,13.1005,33.8013,471,37696,0.0365504,0.85,1,726905,726434,471
55111421,25.0201,15.5603,488,37752,0.0473101,0.63,1,726933,726445,488
55114341,26.604,31.1121,480,37808,0.033462,0.49,1,726960,726480,480
55117261,68.5208,32.6224,526,37864,0.0306924,0.29,1,727039,726513,526
55120181,48.1042,82.5245,474,37920,0.0941385,0.19,1,727082,726608,474
55123101,31.2208,50.9049,458,37976,0.0428277,0.17,1,727109,726651,458
55126021,47.8442,37.381,476,38032,0.0485655,0.03,1,727161,726685,476
55128941,42.3688,51.4762,462,38088,0.0657131,0.01,1,727202,726740,462
55131861,31.6738,43.0952,450,38143,0.0211426,0.05,1,727231,726781,450
55134781,29.5348,31.819,450,38198,0.0282285,0.05,1,727260,726810,450
55137701,29.907,29.5638,451,38253,0.0296457,0.03,1,727290,726839,451
55140621,29.1814,27.5128,453,38308,0.0779291,0.07,1,727319,726866,453
55143541,11.4363,29.5026,430,38363,0.0715858,0.03,1,727326,726896,430
55146461,25.4873,13.1005,450,38418,0.102317,0.05,1,727355,726905,450
55149381,26.6975,25.0201,449,38473,0.140463,0.03,1,727382,726933,449
55152301,68.5395,26.604,501,38528,0.0680927,0.03,1,727461,726960,501
55155221,49.7079,68.5208,467,38583,0.0856185,0.11,1,727506,727039,467
55158141,11.5416,48.1042,426,38638,0.0891237,0.03,1,727508,727082,426
55161061,23.1083,31.2208,425,38693,0.137825,0.05,1,727534,727109,425
55163981,44.6217,47.8442,423,38748,0.115565,0.07,1,727584,727161,423
55166901,41.7243,42.3688,423,38803,0.063113,0.01,1,727625,727202,423
55169821,30.7449,31.6738,422,38857,0.0686226,0.03,1,727653,727231,422
55172741,29.349,29.5348,422,38911,0.0377245,0.03,1,727682,727260,422
55175661,29.8698,29.907,422,38965,0.0475449,0.09,1,727712,727290,422
55178581,32.374,29.1814,426,39019,0.097509,0.07,1,727745,727319,426
55181501,11.2748,11.4363,425,39073,0.107502,0.11,1,727751,727326,425
55184421,28.655,25.4873,429,39127,0.1255,0.15,1,727784,727355,429
55187341,27.331,26.6975,429,39181,0.1451,0.05,1,727811,727382,429
55190261,64.6662,68.5395,424,39235,0.18102,0.09,1,727885,727461,424
55193181,50.5332,49.7079,426,39289,0.140204,0.09,1,727932,727506,426
55196101,11.7066,11.5416,426,39343,0.132041,0.15,1,727934,727508,426
55199021,23.9413,23.1083,427,39397,0.162408,0.11,1,727961,727534,427
55201941,41.5883,44.6217,423,39451,0.184482,0.05,1,728007,727584,423
55204861,41.1177,41.7243,423,39505,0.204896,0.07,1,728048,727625,423
55207781,29.8235,30.7449,422,39558,0.224979,0.03,1,728075,727653,422
55210701,29.1647,29.349,422,39611,0.148996,0.05,1,728104,727682,422
55213621,29.8329,29.8698,422,39664,0.117799,0.11,1,728134,727712,422
55216541,34.7666,32.374,425,39717,0.11156,0.11,1,728170,727745,425
55219461,11.7533,11.2748,425,39770,0.110312,0.13,1,728176,727751,425
55222381,31.1507,28.655,428,39823,0.142062,0.15,1,728212,727784,428
55225301,27.0301,27.331,427,39876,0.148412,0.19,1,728238,727811,427
55228221,66.206,64.6662,429,39929,0.213683,0.13,1,728314,727885,429
55231141,50.0412,50.5332,428,39982,0.226736,0.13,1,728360,727932,428
55234061,11.6082,11.7066,428,40035,0.229347,0.17,1,728362,727934,428
55236981,23.9216,23.9413,428,40088,0.229869,0.17,1,728389,727961,428
55239901,43.1843,4.78827,476,40141,0.245974,0.19,1,728437,727961,476
55242821,42.2369,37.7577,472,40194,0.265195,0.21,1,728479,728007,472
55245741,26.0474,40.3515,453,40247,0.285039,0.23,1,728501,728048,453
55248661,28.4095,29.6703,455,40299,0.321008,0.13,1,728530,728075,455
55251581,30.4819,29.1341,457,40351,0.280202,0.11,1,728561,728104,457
55254501,34.0964,29.8268,462,40403,0.28804,0.11,1,728596,728134,462
55257421,11.6193,34.7654,432,40455,0.305608,0.11,1,728602,728170,432
55260341,32.7239,11.7531,464,40507,0.277122,0.15,1,728640,728176,464
55263261,27.3448,31.1506,454,40559,0.287424,0.15,1,728666,728212,454
55266181,69.469,27.0301,508,40611,0.289485,0.23,1,728746,728238,508
55269101,50.6938,66.206,478,40663,0.305897,0.23,1,728792,728314,478
55272021,11.7388,50.0412,434,40715,0.309179,0.23,1,728794,728360,434
55274941,23.9478,11.6082,459,40767,0.325836,0.23,1,728821,728362,459
55277861,44.7896,23.9216,482,40819,0.361167,0.25,1,728871,728389,482
55280781,43.3579,43.1843,477,40871,0.336233,0.27,1,728914,728437,477
55283701,26.2716,42.2369,457,40923,0.387247,0.29,1,728936,728479,457
55286621,28.4543,26.0474,464,40975,0.373449,0.33,1,728965,728501,464
55289541,31.2909,28.4095,467,41027,0.37069,0.27,1,728997,728530,467
55292461,34.2582,30.4819,471,41078,0.354138,0.29,1,729032,728561,471
55295381,11.6516,34.0964,442,41129,0.350828,0.31,1,729038,728596,442
55298301,31.9303,11.6193,473,41180,0.398166,0.27,1,729075,728602,473
55301221,27.1861,32.7239,461,41231,0.391633,0.29,1,729101,728640,461
55304141,69.4372,27.3448,515,41282,0.438327,0.29,1,729181,728666,515
55307061,51.4874,69.469,482,41333,0.495665,0.31,1,729228,728746,482
55309981,11.8975,50.6938,438,41384,0.507133,0.31,1,729230,728792,438
55312901,24.7795,11.7388,464,41435,0.509427,0.33,1,729258,728794,464
55315821,44.9559,23.9478,487,41486,0.541885,0.37,1,729308,728821,487
55318741,44.9912,44.7896,482,41537,0.612377,0.33,1,729353,728871,482
55321661,10.5982,43.3579,441,41588,0.626475,0.4,1,729355,728914,441
55324581,19.7196,26.2716,441,41639,0.645295,0.37,1,729377,728936,441
55327501,26.3439,28.4543,440,41690,0.665059,0.37,1,729405,728965,440
55330421,30.8688,31.2909,440,41741,0.685012,0.35,1,729437,728997,440
55333341,33.3738,34.2582,439,41792,0.721002,0.35,1,729471,729032,439
55336261,11.4748,11.6516,439,41843,0.7282,0.41,1,729477,729038,439
55339181,32.6949,31.9303,440,41893,0.74564,0.39,1,729515,729075,440
55342101,28.139,27.1861,441,41943,0.781128,0.45,2,729542,729101,441
55345021,72.0278,69.4372,444,41993,0.852226,0.51,2,729625,729181,444
55347941,54.4056,51.4874,447,42043,0.850445,0.51,2,729675,729228,447
55350861,12.4811,11.8975,447,42093,0.850089,0.51,2,729677,729230,447
55353781,25.6962,24.7795,448,42143,0.866018,0.55,2,729706,729258,448
55356701,46.7392,44.9559,450,42193,0.869204,0.63,2,729758,729308,450
55359621,48.5478,44.9912,454,42243,0.869841,0.63,2,729807,729353,454
55362541,11.3096,10.5982,454,42293,0.869968,0.65,2,729809,729355,454
55365461,20.6619,19.7196,455,42343,0.885994,0.67,2,729832,729377,455
55368381,26.5324,26.3439,455,42393,0.921199,0.69,2,729860,729405,455
55371301,31.7065,30.8688,456,42443,0.94424,0.73,2,729893,729437,456
55374221,33.5413,33.3738,456,42493,0.948848,0.73,2,729927,729471,456
55377141,11.5083,11.4748,456,42543,0.91777,0.75,2,729933,729477,456
55591761,89,103,512,20647,0.03,0.78,1,732553,732041,512
55594681,75.4,85.4,503,20750,0.03,0.63,1,732625,732122,503
55597601,67.88,89.08,479,20852,0.03,0.31,1,732691,732212,479
55600521,59.176,72.216,468,20954,0.062,0.21,1,732748,732280,468
55603441,28.6352,53.6432,440,21055,0.0844,0.07,1,732769,732329,440
55606361,28.127,33.9286,439,21156,0.07288,0,1,732797,732358,439
55609281,77.6254,91.5857,423,21256,0.022576,0.03,1,732887,732464,423
55612201,87.5251,89.5171,424,21356,0.0045152,0.03,1,732977,732553,424
55615121,75.105,75.5034,424,21455,0.056903,0.03,1,733049,732625,424
55618041,67.021,67.9007,423,21554,0.131381,0.07,1,733114,732691,423
55620961,59.8042,59.1801,424,21652,0.0822761,0.09,1,733172,732748,424
55623881,30.3608,28.636,426,21750,0.152455,0.07,1,733195,732769,426
55626801,27.6722,28.1272,425,21848,0.182491,0.01,1,733222,732797,425
55629721,75.1344,77.6254,422,21945,0.204498,0,1,733309,732887,422
55632641,87.0269,87.5251,422,22042,0.0408996,0.07,1,733399,732977,422
55635561,78.2054,75.105,426,22138,0.0641799,0.15,1,733475,733049,426
55638481,68.4411,67.021,427,22234,0.084836,0.07,1,733541,733114,427
55641401,59.2882,59.8042,426,22329,0.0889672,0.17,1,733598,733172,426
55644321,33.4576,30.3608,430,22424,0.0897934,0.19,1,733625,733195,430
55647241,28.2915,27.6722,430,22519,0.0899587,0.19,1,733652,733222,430
55650161,72.8583,5.53443,514,22613,0.0739917,0.21,1,733736,733222,514
55653081,81.7717,70.7069,511,22707,0.0147983,0,1,733820,733309,511
55656001,77.9543,86.1414,498,22800,0.0269597,0.07,1,733897,733399,498
55658921,69.1909,78.0283,489,22893,0.0453919,0.09,1,733964,733475,489
55661841,60.2382,68.4057,481,22986,0.0650784,0.09,1,734022,733541,481
55664761,33.6476,59.2811,451,23078,0.0530157,0.09,1,734049,733598,451
55667681,29.1295,33.4562,452,23170,0.0986031,0.09,1,734077,733625,452
55670601,72.2259,28.2912,508,23261,0.155721,0.07,1,734160,733652,508
55673521,80.0452,72.8583,506,23352,0.231144,0,1,734242,733736,506
55676441,77.609,81.7717,499,23443,0.230229,0.03,1,734319,733820,499
55679361,70.7218,77.9543,491,23533,0.246046,0.05,1,734388,733897,491
55682281,60.5444,69.1909,482,23623,0.281209,0.07,1,734446,733964,482
55685201,35.3089,60.2382,453,23713,0.272242,0.05,1,734475,734022,453
55688121,30.2618,33.6476,455,23802,0.254448,0.11,1,734504,734049,455
55691041,74.0524,29.1295,512,23891,0.34689,0.17,1,734589,734077,512
55693961,82.0105,72.2259,513,23980,0.397378,0.25,1,734673,734160,513
55696881,18.0021,80.0452,433,24068,0.407476,0.23,1,734675,734242,433
55699801,65.2004,77.609,433,24156,0.393495,0.25,1,734752,734319,433
55702721,69.0401,70.7218,434,24244,0.454699,0.29,1,734822,734388,434
55705641,61.808,60.5444,436,24331,0.48294,0.27,1,734882,734446,436
55708561,34.7616,35.3089,435,24418,0.504588,0.25,1,734910,734475,435
55711481,30.9523,30.2618,436,24505,0.476918,0.37,1,734940,734504,436
55714401,77.3905,74.0524,440,24591,0.583384,0.41,1,735029,734589,440
55717321,84.2781,82.0105,442,24677,0.620677,0.41,1,735115,734673,442
55720241,18.4556,18.0021,442,24763,0.628135,0.39,1,735117,734675,442
55723161,64.4911,65.2004,441,24849,0.677627,0.47,1,735193,734752,441
55726081,70.4982,69.0401,443,24934,0.751525,0.49,2,735265,734822,443
55729001,63.6996,61.808,445,25019,0.734305,0.51,1,735327,734882,445
55731921,35.1399,34.7616,445,25104,0.778861,0.47,2,735355,734910,445
55734841,31.028,30.9523,445,25188,0.803772,0.61,2,735385,734940,445
55737761,81.4056,77.3905,450,25272,0.792754,0.63,2,735479,735029,450
55740681,87.4811,84.2781,453,25356,0.822551,0.63,2,735568,735115,453
55743601,19.0962,18.4556,453,25440,0.82851,0.63,2,735570,735117,453
55746521,66.2192,3.69112,531,25523,0.797702,0.69,2,735648,735117,531
55749441,72.4438,61.5382,529,25606,0.79154,0.77,2,735722,735193,529
55752361,64.0888,69.9076,519,25689,0.790308,0.73,2,735784,735265,519
55755281,36.0178,63.5815,486,25771,0.806062,0.79,2,735813,735327,486
55758201,32.0036,35.1163,489,25853,0.825212,0.81,2,735844,735355,489
55761121,80.8007,31.0233,552,25935,0.813042,0.79,2,735937,735385,552
55764041,88.9601,81.4047,549,26017,0.842609,0.83,2,736028,735479,549
55766961,19.392,87.4809,462,26098,0.864522,0.83,2,736030,735568,462
55769881,66.2784,19.0962,538,26179,0.916904,0.79,2,736108,735570,538
55866241,78,98,558,28728,0.35,1,1,737918,737360,558
55869161,37.2,84.4,504,28802,0.318,1,1,737945,737441,504
55872081,64.24,37.68,549,28876,0.2316,1,1,738016,737467,549
55875001,77.648,65.936,557,28949,0.08632,1,1,738097,737540,557
55877921,38.7296,77.1872,506,29022,0.057264,1,1,738126,737620,506
55880841,34.1459,41.8374,506,29095,0.0194528,1,1,738159,737653,506
55883761,22.8292,32.3675,496,29168,0.0438906,1,1,738179,737683,496
55886681,25.3658,26.4735,497,29241,0.0487781,0.9,1,738205,737708,497
55889601,68.2732,30.0947,545,29313,0.0337556,0.59,1,738284,737739,545
55892521,74.4546,86.8189,520,29385,0.0147511,0.35,1,738360,737840,520
55895441,32.4909,79.7638,464,29457,0.0109502,0.31,1,738382,737918,464
55898361,55.2982,37.5528,498,29529,0.02619,0.21,1,738443,737945,498
55901281,71.8596,64.3106,503,29601,0.029238,0.05,1,738519,738016,503
55904201,43.1719,77.6621,458,29673,0.0298476,0.05,1,738555,738097,458
55907121,31.0344,38.7324,457,29744,0.0779695,0.01,1,738583,738126,457
55910041,20.6069,34.1465,442,29815,0.135594,0.05,1,738601,738159,442
55912961,5.72138,22.8293,424,29886,0.147119,0.05,1,738603,738179,424
55915881,21.1443,25.3659,423,29957,0.101424,0.03,1,738628,738205,423
55918801,67.4289,68.2732,423,30028,0.0602847,0.01,1,738707,738284,423
55921721,74.2858,74.4546,423,30098,0.084057,0.01,1,738783,738360,423
55924641,34.0572,32.4909,425,30168,0.0408114,0.03,1,738807,738382,425
55927561,54.8114,55.2982,424,30238,0.0481623,0.03,1,738867,738443,424
55930481,70.9623,71.8596,423,30308,0.0336325,0.03,1,738942,738519,423
55933401,42.9925,43.1719,423,30378,0.0147265,0.09,1,738978,738555,423
55936321,34.9985,31.0344,428,30448,0.0429453,0.15,1,739011,738583,428
55939241,20.5997,20.6069,427,30518,0.0645891,0.15,1,739028,738601,427
55942161,5.71994,5.72138,427,30587,0.0849178,0.09,1,739030,738603,427
55945081,20.344,21.1443,426,30656,0.104984,0.05,1,739054,738628,426
55948001,64.0688,67.4289,422,30725,0.0769967,0.09,1,739129,738707,422
55950921,75.2138,74.2858,424,30794,0.135399,0.03,1,739207,738783,424
55953841,32.6428,34.0572,422,30863,0.13108,0.05,1,739229,738807,422
55956761,54.5285,54.8114,422,30932,0.114216,0.03,1,739289,738867,422
55959681,70.9057,70.9623,422,31000,0.110843,0.01,1,739364,738942,422
55962601,42.9811,42.9925,422,31068,0.0461686,0.05,1,739400,738978,422
55965521,36.5962,34.9985,424,31136,0.0172337,0.07,1,739435,739011,424
55968441,21.7192,20.5997,425,31204,0.0434467,0.09,1,739453,739028,425
55971361,5.94385,5.71994,425,31272,0.0486893,0.11,1,739455,739030,425
55974281,21.1888,20.344,426,31340,0.0497379,0.11,1,739480,739054,426
55977201,61.0378,4.0688,497,31408,0.0339476,0.07,1,739551,739054,497
55980121,77.8075,60.8138,504,31475,0.0307895,0.15,1,739633,739129,504
55983041,32.3615,74.5628,447,31542,0.0461579,0.13,1,739654,739207,447
55985961,53.6723,32.5126,484,31609,0.0652316,0.11,1,739713,739229,484
55988881,70.7345,54.5025,499,31676,0.0690463,0.11,1,739788,739289,499
55991801,41.3469,70.9005,458,31743,0.0698093,0.03,1,739822,739364,458
55994721,35.4694,42.9801,456,31810,0.101962,0.01,1,739856,739400,456
55997641,21.4939,36.596,439,31877,0.140392,0.05,1,739874,739435,439
56000561,5.89877,21.7192,423,31943,0.148078,0.05,1,739876,739453,423
56003481,22.7798,5.94384,448,32009,0.181616,0.05,1,739903,739455,448
56006401,61.356,21.1888,494,32075,0.252323,0.03,1,739974,739480,494
56009321,77.0712,61.0378,504,32141,0.202465,0.03,1,740055,739551,504
56012241,33.0142,77.8075,444,32207,0.192493,0.05,1,740077,739633,444
56015161,55.4028,32.3615,484,32273,0.270499,0.07,1,740138,739654,484
56018081,70.2806,53.6723,499,32339,0.3021,0.07,1,740212,739713,499
56021001,41.2561,70.7345,458,32404,0.30842,0.07,1,740246,739788,458
56023921,37.8512,41.3469,461,32469,0.357684,0.11,1,740283,739822,461
56026841,23.5702,35.4694,447,32534,0.335537,0.15,1,740303,739856,447
56029761,6.31405,21.4939,431,32599,0.331107,0.15,1,740305,739874,431
56032681,23.6628,5.89877,457,32664,0.330221,0.19,1,740333,739876,457
56035601,63.1326,22.7798,503,32729,0.362044,0.27,1,740406,739903,503
56038521,14.2265,61.356,434,32794,0.368409,0.19,1,740408,739974,434
56041441,65.2453,77.0712,431,32858,0.433682,0.19,1,740486,740055,431
56044361,32.2491,33.0142,433,32922,0.446736,0.29,1,740510,740077,433
56047281,57.6498,55.4028,436,32986,0.465347,0.31,1,740574,740138,436
56050201,71.53,70.2806,437,33050,0.469069,0.31,1,740649,740212,437
56053121,42.306,41.2561,438,33114,0.485814,0.37,1,740684,740246,438
56056041,38.0612,37.8512,438,33178,0.505163,0.33,1,740721,740283,438
56058961,23.6122,23.5702,438,33242,0.557033,0.33,1,740741,740303,438
56061881,6.32245,6.31405,438,33306,0.567407,0.33,1,740743,740305,438
56064801,23.6645,23.6628,438,33370,0.569481,0.37,1,740771,740333,438
56067721,64.7329,63.1326,440,33433,0.569896,0.37,1,740846,740406,440
56070641,14.5466,14.2265,440,33496,0.601979,0.45,1,740848,740408,440
56073561,66.9093,65.2453,442,33559,0.672396,0.45,1,740928,740486,442
56076481,34.9819,32.2491,445,33622,0.686479,0.47,1,740955,740510,445
56079401,58.1964,57.6498,445,33685,0.721296,0.47,1,741019,740574,445
56082321,71.6393,71.53,445,33748,0.744259,0.49,1,741094,740649,445
56085241,43.1279,42.306,446,33811,0.764852,0.51,2,741130,740684,446
56088161,39.0256,38.0612,447,33874,0.78497,0.57,2,741168,740721,447
56091081,24.6051,23.6122,448,33936,0.852994,0.57,2,741189,740741,448
56094001,6.52102,6.32245,448,33998,0.866599,0.57,2,741191,740743,448
56096921,25.3042,23.6645,450,34060,0.80532,0.57,2,741221,740771,450
56099841,65.0608,64.7329,450,34122,0.809064,0.61,2,741296,740846,450
56102761,14.6122,14.5466,450,34184,0.809813,0.69,2,741298,740848,450
56105681,70.1224,66.9093,454,34246,0.825963,0.69,2,741382,740928,454
56108601,37.2245,13.3819,483,34308,0.813193,0.69,2,741411,740928,483
56111521,59.4449,24.2764,521,34370,0.794639,0.73,2,741476,740955,521
56114441,72.689,56.0553,533,34432,0.822928,0.75,2,741552,741019,533
56117361,44.1378,71.2111,495,34493,0.860585,0.77,2,741589,741094,495
56120281,40.8276,43.0422,499,34554,0.836117,0.79,2,741629,741130,499
56123201,25.7655,39.0084,483,34615,0.831223,0.87,2,741651,741168,483
56126121,6.7531,24.6017,464,34676,0.830245,0.87,2,741653,741189,464
56129041,23.7506,6.52034,490,34737,0.846049,0.79,2,741681,741191,490
56131961,65.5501,25.3041,536,34798,0.89721,0.81,2,741757,741221,536
56134881,14.71,65.0608,463,34859,0.907442,0.81,2,741759,741296,463
56260441,31,35,511,37379,0.91,1,2,743560,743049,511
56263361,25.4,23.8,514,37436,0.926,1,2,743584,743070,514
56266281,21.08,19.16,516,37492,0.8812,1,2,743604,743088,516
56269201,29.816,25.432,521,37548,0.88824,1,2,743636,743115,521
56272121,37.1632,54.6864,498,37604,0.889648,1,2,743675,743177,498
56275041,69.8326,33.3373,548,37660,0.87393,1,2,743753,743205,548
56277961,37.1665,68.2675,500,37716,0.902786,1,2,743782,743282,500
56280881,37.0333,37.6535,507,37772,0.924557,1,2,743819,743312,507
56283801,41.0067,30.7307,520,37828,0.912911,0.97,2,743861,743341,520
56467761,97,137,469,18482,0.03,0.21,1,746342,745873,469
56470681,70.6,84.2,462,18597,0.006,0.03,1,746406,745944,462
56473601,69.32,77.64,455,18711,0.0092,0.01,1,746475,746020,455
56476521,59.464,72.328,441,18824,0.00184,0.05,1,746532,746091,441
56479441,35.0928,41.6656,436,18937,0.040368,0.05,1,746561,746125,436
56482361,92.6186,104.333,423,19049,0.0320736,0.03,1,746668,746245,423
56485281,96.9237,98.4666,424,19160,0.0624147,0,1,746766,746342,424
56488201,70.5847,70.8933,424,19271,0.0364829,0.01,1,746830,746406,424
56491121,67.7169,69.3787,422,19381,0.0152966,0,1,746897,746475,422
56494041,59.1434,59.4757,422,19490,0.00305932,0.05,1,746954,746532,422
56496961,38.2287,35.0951,426,19599,0.0886119,0.05,1,746987,746561,426
56499881,89.2457,7.01903,528,19707,0.0257224,0.03,1,747089,746561,528
56502801,99.4491,87.0038,523,19815,0.0291445,0.07,1,747191,746668,523
56505721,68.6898,95.8008,486,19922,0.0778289,0.03,1,747252,746766,486
56508641,66.538,70.3602,488,20028,0.0395658,0.01,1,747318,746830,488
56511561,58.9076,67.672,478,20134,0.00791316,0,1,747375,746897,478
56514481,40.5815,59.1344,457,20239,0.0575826,0.11,1,747411,746954,457
56517401,87.3163,38.2269,523,20344,0.0355165,0.01,1,747510,746987,523
56520321,101.463,89.2454,526,20448,0.0631033,0.03,1,747615,747089,526
56523241,69.8927,99.4491,486,20552,0.0846207,0.09,1,747677,747191,486
56526161,63.5785,68.6898,487,20655,0.104924,0.03,1,747739,747252,487
56529081,59.1157,66.538,479,20758,0.0209848,0,1,747797,747318,479
56532001,42.2231,58.9076,460,20860,0.028197,0.07,1,747835,747375,460
56534921,86.0446,40.5815,521,20962,0.0616394,0.03,1,747932,747411,521
56537841,18.8089,87.3163,424,21063,0.0683279,0.07,1,747934,747510,424
56540761,88.5618,101.463,425,21164,0.117666,0.09,1,748040,747615,425
56543681,68.1124,69.8927,426,21264,0.111533,0.11,1,748103,747677,426
56546601,60.8225,63.5785,423,21364,0.142307,0,1,748162,747739,423
56549521,58.5645,59.1157,423,21463,0.0684613,0.03,1,748220,747797,423
56552441,42.1129,42.2231,423,21562,0.0536923,0.07,1,748258,747835,423
56555361,87.6226,86.0446,425,21660,0.0667385,0.07,1,748357,747932,425
56558281,19.1245,18.8089,425,21758,0.0693477,0.13,1,748359,747934,425
56561201,89.4249,88.5618,426,21855,0.0858695,0.11,1,748466,748040,426
56564121,67.485,68.1124,425,21952,0.121174,0.15,1,748528,748103,425
56567041,63.897,60.8225,429,22049,0.240235,0.05,1,748591,748162,429
56569961,53.5794,58.5645,422,22145,0.280047,0.05,1,748642,748220,422
56572881,41.1159,42.1129,422,22241,0.272009,0.07,1,748680,748258,422
56575801,88.2232,87.6226,423,22336,0.222402,0.07,1,748780,748357,423
56578721,19.2446,19.1245,423,22431,0.21248,0.09,1,748782,748359,423
56581641,91.8489,89.4249,426,22526,0.290496,0.09,1,748892,748466,426
56584561,70.3698,17.885,491,22620,0.290099,0.13,1,748957,748466,491
56587481,66.874,53.177,495,22714,0.27402,0.27,1,749023,748528,495
56590401,55.7748,61.0354,485,22807,0.350804,0.29,1,749076,748591,485
56593321,39.955,53.0071,470,22900,0.382161,0.27,1,749112,748642,470
56596241,87.991,41.0014,532,22993,0.356432,0.21,1,749212,748680,532
56599161,19.1982,88.2003,434,23085,0.351286,0.21,1,749214,748780,434
56602081,95.0396,19.2401,546,23177,0.430257,0.31,1,749328,748782,546
56605001,70.2079,91.848,500,23268,0.446051,0.29,1,749392,748892,500
56607921,66.8416,70.3696,501,23359,0.44921,0.27,1,749458,748957,501
56610841,58.9683,66.8739,492,23450,0.513842,0.37,1,749515,749023,492
56613761,41.3937,55.7748,476,23540,0.542768,0.39,1,749552,749076,476
56616681,88.2787,39.955,540,23630,0.580554,0.35,1,749652,749112,540
56619601,19.2557,87.991,442,23720,0.588111,0.35,1,749654,749212,442
56622521,97.4511,19.1982,557,23809,0.589622,0.45,1,749771,749214,557
56625441,71.4902,95.0396,508,23898,0.621924,0.45,1,749836,749328,508
56628361,66.298,70.2079,509,23987,0.612385,0.45,1,749901,749392,509
56631281,14.8596,66.8416,445,24075,0.610477,0.53,1,749903,749458,445
56634201,50.9719,58.9683,448,24163,0.626095,0.55,1,749963,749515,448
56637121,42.1944,41.3937,451,24251,0.645219,0.59,1,750003,749552,451
56640041,88.4389,88.2787,451,24338,0.713044,0.59,1,750103,749652,451
56642961,19.2878,19.2557,451,24425,0.694609,0.59,1,750105,749654,451
56645881,97.4576,97.4511,451,24512,0.690922,0.63,1,750222,749771,451
56648801,71.4915,71.4902,451,24598,0.722184,0.61,1,750287,749836,451
56651721,67.0983,66.298,452,24684,0.792437,0.61,2,750353,749901,452
56654641,15.0197,14.8596,452,24770,0.774487,0.63,2,750355,749903,452
56657561,51.8039,50.9719,453,24856,0.802898,0.65,2,750416,749963,453
56660481,43.1608,42.1944,454,24941,0.87258,0.73,2,750457,750003,454
56759761,33,28,489,27682,0.49,1,1,752385,751896,489
56762681,69.8,72.8,484,27759,0.33,1,1,752464,751980,484
56765601,41.16,36.96,490,27835,0.25,0.98,1,752498,752008,490
56768521,88.232,83.392,495,27911,0.09,1,1,752598,752103,495
56771441,53.6464,69.4784,474,27987,0.018,0.97,1,752643,752169,474
56774361,66.7293,73.8957,469,28063,0.0596,0.97,1,752713,752244,469
56777281,36.5459,40.3791,466,28138,0.06792,0.79,1,752742,752276,466
56780201,28.9092,34.4758,460,28213,0.117584,0.63,1,752769,752309,460
56783121,32.9818,41.2952,451,28288,0.0795168,0.49,1,752803,752352,451
56786041,26.5964,34.659,443,28363,0.0719034,0.49,1,752828,752385,443
56788961,58.9193,6.93181,510,28438,0.0863807,0.29,1,752895,752385,510
56791881,38.1839,64.5864,464,28512,0.0892761,0.23,1,752928,752464,464
56794801,82.0368,40.1173,523,28586,0.0738552,0.05,1,753021,752498,523
56797721,51.6074,88.0235,467,28660,0.038771,0,1,753065,752598,467
56800641,67.1215,53.6047,493,28734,0.0317542,0.07,1,753136,752643,493
56803561,38.2243,66.7209,454,28808,0.0943508,0.07,1,753167,752713,454
56806481,29.2449,36.5442,452,28881,0.0908702,0.13,1,753194,752742,452
56809401,31.449,28.9088,457,28954,0.138174,0.07,1,753226,752769,457
56812321,27.0898,32.9818,449,29027,0.131635,0.07,1,753252,752803,449
56815241,58.218,26.5964,490,29100,0.146327,0.09,1,753318,752828,490
56818161,40.4436,58.9193,459,29173,0.117265,0.09,1,753354,752895,459
56821081,80.8887,38.1839,517,29246,0.191453,0.07,1,753445,752928,517
56824001,50.5777,82.0368,467,29318,0.190291,0.03,1,753488,753021,467
56826921,67.7156,51.6074,495,29390,0.126058,0.03,1,753560,753065,495
56829841,39.9431,67.1215,457,29462,0.0812116,0.11,1,753593,753136,457
56832761,29.5886,38.2243,453,29534,0.0882423,0.09,1,753620,753167,453
56835681,32.3177,29.2449,459,29606,0.0736485,0.15,1,753653,753194,459
56838601,27.2635,31.449,453,29677,0.0387297,0.13,1,753679,753226,453
56841521,59.0527,27.0898,494,29748,0.0477459,0.15,1,753746,753252,494
56844441,39.0105,58.218,462,29819,0.0495492,0.11,1,753780,753318,462
56847361,9.40211,40.4436,428,29890,0.0499098,0.21,1,753782,753354,428
56850281,79.4804,80.8887,434,29961,0.065982,0.19,1,753879,753445,434
56853201,46.2961,50.5777,429,30032,0.0851964,0.11,1,753917,753488,429
56856121,63.6592,67.7156,425,30102,0.121039,0.07,1,753985,753560,425
56859041,39.1318,39.9431,425,30172,0.112208,0.09,1,754018,753593,425
56861961,28.6264,29.5886,424,30242,0.110442,0.07,1,754044,753620,424
56864881,31.3253,32.3177,423,30312,0.126088,0.03,1,754076,753653,423
56867801,27.0651,27.2635,423,30382,0.113218,0.05,1,754102,753679,423
56870721,59.813,59.0527,424,30452,0.222644,0.05,1,754170,753746,424
56873641,39.1626,39.0105,424,30521,0.244529,0.05,1,754204,753780,424
56876561,9.43252,9.40211,424,30590,0.216906,0.07,1,754206,753782,424
56879481,80.2865,79.4804,425,30659,0.323381,0.09,1,754304,753879,425
56882401,47.2573,46.2961,426,30728,0.360676,0.13,1,754343,753917,426
56885321,63.8515,63.6592,426,30797,0.432135,0.11,1,754411,753985,426
56888241,38.3703,39.1318,425,30866,0.446427,0.11,1,754443,754018,425
56891161,28.4741,28.6264,425,30935,0.481285,0.13,1,754469,754044,425
56894081,32.0948,31.3253,426,31003,0.472257,0.11,1,754502,754076,426
56897001,28.819,27.0651,428,31071,0.502451,0.25,1,754530,754102,428
56899921,63.3638,59.813,432,31139,0.54049,0.25,1,754602,754170,432
56902841,39.8728,39.1626,432,31207,0.548098,0.21,1,754636,754204,432
56905761,9.57455,9.43252,432,31275,0.54962,0.35,1,754638,754206,432
56908681,85.1149,80.2865,438,31343,0.597924,0.35,1,754742,754304,438
56911601,50.623,16.0573,480,31411,0.639585,0.37,1,754784,754304,480
56914521,66.1246,34.4115,511,31478,0.663917,0.45,1,754854,754343,511
56917441,38.8249,61.2823,475,31545,0.668783,0.45,1,754886,754411,475
56920361,28.565,37.8565,469,31612,0.669757,0.49,1,754912,754443,469
56923281,32.913,28.3713,477,31679,0.669951,0.47,1,754946,754469,477
56926201,30.5826,32.0743,474,31746,0.66999,0.51,1,754976,754502,474
56929121,65.3165,28.8149,520,31813,0.701998,0.55,1,755050,754530,520
56932041,41.0633,63.363,483,31880,0.7404,0.55,1,755085,754602,483
56934961,9.81266,39.8726,451,31946,0.78008,0.55,2,755087,754636,451
56937881,86.7625,9.57452,555,32012,0.772016,0.61,2,755193,754638,555
56940801,52.5525,85.1149,495,32078,0.754403,0.65,2,755237,754742,495
56943721,67.3105,50.623,524,32144,0.814881,0.67,2,755308,754784,524
56946641,39.0621,66.1246,486,32210,0.826976,0.67,2,755340,754854,486
56949561,28.6124,38.8249,480,32276,0.845395,0.67,2,755366,754886,480
56952481,32.9225,28.565,488,32342,0.865079,0.67,2,755400,754912,488
56955401,30.5845,32.913,484,32407,0.869016,0.67,2,755430,754946,484
56958321,67.7169,30.5826,531,32472,0.837803,0.71,2,755507,754976,531
56961241,42.3434,65.3165,493,32537,0.831561,0.75,2,755543,755050,493
56964161,10.0687,41.0633,460,32602,0.830312,0.79,2,755545,755085,460
56967081,88.4137,9.81266,566,32667,0.862062,0.77,2,755653,755087,566
56970001,52.0827,86.7625,503,32732,0.820413,0.75,2,755696,755193,503
56972921,12.0165,52.5525,461,32797,0.844082,0.83,2,755698,755237,461
56975841,60.8033,67.3105,463,32861,0.848816,0.83,2,755771,755308,463
56978761,38.5607,39.0621,464,32925,0.865763,0.85,2,755804,755340,464
56981681,29.3121,28.6124,465,32989,0.885153,0.87,2,755831,755366,465
56984601,33.0624,32.9225,465,33053,0.921031,0.87,2,755865,755400,465
56987521,30.6125,30.5845,465,33117,0.896206,0.83,2,755895,755430,465
56990441,66.1225,67.7169,463,33181,0.907241,0.83,2,755970,755507,463
56993361,42.8245,42.3434,464,33245,0.893448,0.83,2,756007,755543,464
56996281,10.1649,10.0687,464,33309,0.89069,0.87,2,756009,755545,464
57127681,23,30,479,36055,0.75,1,2,757936,757457,479
57130601,67.8,60.4,490,36114,0.494,1,1,758015,757525,490
57133521,37.56,41.68,483,36173,0.4108,0.89,1,758045,757562,483
57136441,47.512,48.336,483,36231,0.34616,1,1,758095,757612,483
57139361,35.9024,36.0672,483,36289,0.365232,0.91,1,758128,757645,483
57142281,33.5805,35.2134,481,36347,0.257046,0.89,1,758161,757680,481
57145201,22.7161,28.6427,474,36405,0.235409,1,1,758181,757707,474
57148121,26.1432,29.7285,471,36463,0.199082,1,1,758208,757737,471
57151041,34.0286,34.7457,471,36521,0.271816,0.97,1,758244,757773,471
57153961,23.6057,27.7491,466,36579,0.238363,0.79,1,758265,757799,466
57156881,62.3211,67.1498,461,36637,0.247673,0.75,1,758337,757876,461
57159801,40.4642,43.03,459,36695,0.297535,0.75,1,758372,757913,459
57162721,20.0928,27.006,451,36753,0.275507,0.43,1,758387,757936,451
57165641,64.8186,68.6012,448,36810,0.335101,0.39,1,758463,758015,448
57168561,32.9637,37.7202,443,36867,0.36302,0.33,1,758488,758045,443
57171481,43.3927,47.544,439,36924,0.384604,0.37,1,758534,758095,439
57174401,35.8785,35.9088,440,36981,0.372921,0.23,1,758568,758128,440
57177321,29.5757,33.5818,435,37038,0.386584,0.23,1,758596,758161,435
57180241,17.1151,22.7164,429,37095,0.389317,0.19,1,758610,758181,429
57183161,25.023,26.1433,429,37152,0.421863,0.19,1,758637,758208,429
57186081,35.4046,5.22865,467,37209,0.444373,0.29,1,758675,758208,467
57189001,23.8809,29.8457,452,37266,0.448875,0.23,1,758696,758244,452
57191921,64.7762,22.7691,506,37323,0.481775,0.25,1,758771,758265,506
57194841,40.9552,62.1538,469,37380,0.536355,0.31,1,758806,758337,469
57197761,20.191,40.4308,449,37437,0.531271,0.27,1,758821,758372,449
57200681,66.4382,20.0862,512,37493,0.530254,0.35,1,758899,758387,512
57203601,34.8876,64.8172,463,37549,0.514051,0.37,1,758926,758463,463
57206521,43.7775,32.9634,484,37605,0.54281,0.39,1,758972,758488,484
57209441,37.5555,43.3927,474,37661,0.548562,0.37,1,759008,758534,474
57212361,29.9111,35.8785,468,37717,0.565712,0.39,1,759036,758568,468
57215281,17.1822,29.5757,454,37773,0.569143,0.39,1,759050,758596,454
57218201,27.4364,17.1151,470,37829,0.569829,0.43,1,759080,758610,470
57221121,36.6873,25.023,482,37885,0.585966,0.45,1,759119,758637,482
57224041,25.7375,35.4046,467,37941,0.573193,0.45,1,759142,758675,467
57226961,65.1475,23.8809,521,37997,0.586639,0.49,1,759217,758696,521
57229881,42.6295,64.7762,483,38053,0.573328,0.55,1,759254,758771,483
57232801,19.7259,40.9552,462,38109,0.586666,0.53,1,759268,758806,462
57235721,66.3452,20.191,525,38164,0.621333,0.53,1,759346,758821,525
57238641,34.869,66.4382,474,38219,0.628267,0.51,1,759373,758899,474
57241561,44.5738,34.8876,494,38274,0.613653,0.55,1,759420,758926,494
57244481,38.5148,43.7775,485,38329,0.642731,0.55,1,759457,758972,485
57247401,30.103,37.5555,477,38384,0.632546,0.57,1,759485,759008,477
57250321,17.2206,29.9111,463,38439,0.630509,0.57,1,759499,759036,463
57253241,27.4441,17.1822,479,38494,0.630102,0.57,1,759529,759050,479
57256161,35.8888,27.4364,487,38549,0.64602,0.59,1,759567,759080,487
57259081,26.3778,36.6873,472,38604,0.649204,0.57,1,759591,759119,472
57262001,6.87555,25.7375,451,38659,0.649841,0.59,1,759593,759142,451
57264921,61.3751,65.1475,451,38714,0.697968,0.57,1,759668,759217,451
57267841,41.875,42.6295,451,38769,0.707594,0.59,1,759705,759254,451
57270761,19.575,19.7259,451,38823,0.757519,0.63,2,759719,759268,451
57273681,68.715,66.3452,454,38877,0.767504,0.63,2,759800,759346,454
57276601,34.543,34.869,453,38931,0.817501,0.61,2,759826,759373,453
57279521,43.7086,44.5738,452,38985,0.8275,0.65,2,759872,759420,452
57282441,38.3417,38.5148,452,39039,0.8615,0.63,2,759909,759457,452
57285361,30.8683,30.103,453,39093,0.8523,0.63,2,759938,759485,453
57288281,17.3737,17.2206,453,39147,0.81846,0.63,2,759952,759499,453
57291201,27.4747,27.4441,453,39201,0.859692,0.65,2,759982,759529,453
57294121,36.6949,35.8888,454,39255,0.851938,0.65,2,760021,759567,454
57297041,26.539,26.3778,454,39309,0.914388,0.65,2,760045,759591,454
57299961,6.9078,6.87555,454,39363,0.926877,0.71,2,760047,759593,454
57428441,63,68,492,41658,0.93,1,2,761699,761207,492
57445961,25,30,479,41961,0.89,0.98,2,761885,761406,479
57448881,33,30,484,42011,0.922,1,2,761920,761436,484
57580281,29,28,506,44215,0.77,1,2,763420,762914,506
57583201,32.2,29.6,509,44263,0.786,1,2,763453,762944,509
57586121,36.84,41.12,503,44311,0.7572,1,2,763491,762988,503
57589041,35.368,33.024,507,44359,0.75144,0.93,2,763526,763019,507
57591961,42.2736,29.8048,522,44407,0.750288,1,2,763570,763048,522
57594881,42.8547,53.161,506,44455,0.750058,1,2,763613,763107,506
57597801,15.7709,34.6322,485,44502,0.766011,0.88,2,763622,763137,485
57600721,19.1542,29.3264,477,44549,0.769202,0.95,2,763642,763165,477
57603641,43.8308,42.6653,481,44596,0.801841,0.96,2,763692,763211,481
57606561,27.1662,35.7331,470,44643,0.824368,0.93,2,763715,763245,470
57609481,29.4332,29.5466,472,44690,0.796874,0.93,2,763745,763273,472
57612401,25.8866,29.9093,467,44737,0.839375,0.91,2,763770,763303,467
57615321,34.7773,32.3819,471,44784,0.863875,0.95,2,763807,763336,471
57618241,30.9555,32.0764,469,44831,0.900775,0.83,2,763837,763368,469
57621161,21.3911,24.8153,465,44878,0.924155,0.77,2,763856,763391,465
57624081,23.4782,28.1631,460,44925,0.928831,0.79,2,763880,763420,460
57627001,32.6956,32.0326,462,44972,0.929766,0.75,2,763915,763453,462
57916081,40,31,530,49398,0.59,1,1,767015,766485,530
57919001,38.4,42.2,523,49441,0.558,1,1,767053,766530,523
57921921,31.68,36.44,518,49484,0.5356,1,1,767083,766565,518
57924841,26.336,29.688,515,49527,0.54712,1,1,767108,766593,515
57927761,17.2672,27.5376,503,49570,0.485424,1,1,767123,766620,503
57930681,13.0534,15.9075,502,49613,0.489085,0.97,1,767135,766633,502
57933601,20.2107,18.3815,505,49655,0.505817,1,1,767157,766652,505
57936521,30.4421,31.6763,503,49697,0.461163,1,1,767190,766687,503
57939441,32.4884,34.3353,501,49739,0.484233,1,1,767223,766722,501
57942361,29.6977,29.2671,502,49781,0.488847,1,1,767252,766750,502
57945281,36.3395,32.2534,507,49823,0.425769,1,1,767290,766783,507
57948201,33.6679,36.8507,502,49865,0.445154,0.94,1,767323,766821,502
57951121,24.3336,36.1701,488,49907,0.433031,0.96,1,767345,766857,488
57954041,20.8667,24.834,486,49949,0.430606,0.99,1,767365,766879,486
57956961,32.1733,22.5668,499,49991,0.462121,0.93,1,767400,766901,499
57959881,30.4347,35.7134,490,50033,0.500424,0.77,1,767430,766940,490
57962801,35.6869,35.1427,492,50075,0.476085,0.59,1,767467,766975,492
57965721,39.9374,39.0285,493,50117,0.455217,0.55,1,767508,767015,493
57968641,28.7875,38.2057,481,50159,0.483043,0.53,1,767534,767053,481
57971561,19.3575,31.6411,468,50201,0.472609,0.55,1,767551,767083,468
57974481,17.4715,26.3282,460,50243,0.502522,0.47,1,767568,767108,460
57977401,14.6943,17.2656,459,50285,0.476504,0.49,1,767582,767123,459
57980321,4.53886,13.0531,449,50327,0.471301,0.51,1,767584,767135,449
57983241,18.5078,20.2106,449,50369,0.50226,0.45,1,767606,767157,449
57986161,29.3016,30.4421,448,50411,0.540452,0.49,1,767638,767190,448
57989081,29.0603,32.4884,444,50453,0.53209,0.49,1,767667,767223,444
57992001,30.6121,29.6977,446,50495,0.514418,0.41,1,767698,767252,446
57994921,32.5224,36.3395,441,50537,0.574884,0.45,1,767731,767290,441
57997841,34.5045,33.6679,443,50579,0.570977,0.43,1,767766,767323,443
58000761,22.9009,24.3336,441,50621,0.618195,0.43,1,767786,767345,441
58003681,22.9802,20.8667,444,50663,0.611639,0.47,1,767809,767365,444
58006601,33.396,32.1733,445,50705,0.610328,0.51,1,767845,767400,445
58009521,30.6792,30.4347,445,50747,0.626066,0.47,1,767875,767430,445
58012441,35.7358,35.6869,445,50789,0.645213,0.45,1,767912,767467,445
58015361,39.1472,39.9374,444,50830,0.697043,0.49,1,767952,767508,444
58018281,28.6294,28.7875,444,50871,0.691409,0.47,1,767978,767534,444
58021201,20.9259,19.3575,446,50912,0.722282,0.51,1,767997,767551,446
58024121,16.9852,17.4715,445,50953,0.744456,0.47,1,768013,767568,445
58027041,14.597,14.6943,445,50994,0.796891,0.47,2,768027,767582,445
58029961,4.51941,4.53886,445,51035,0.807378,0.51,2,768029,767584,445
58032881,20.1039,18.5078,447,51076,0.777476,0.55,2,768053,767606,447
58035801,29.6208,29.3016,447,51117,0.835495,0.53,2,768085,767638,447
58038721,28.3242,29.0603,446,51158,0.863099,0.51,2,768113,767667,446
58041641,32.8648,30.6121,449,51199,0.83662,0.59,2,768147,767698,449
58044561,32.973,32.5224,449,51240,0.895324,0.57,2,768180,767731,449
58047481,35.3946,34.5045,450,51281,0.907065,0.63,2,768216,767766,450
58050401,23.8789,22.9009,451,51322,0.925413,0.61,2,768237,767786,451
58053321,22.3758,22.9802,450,51363,0.929083,0.61,2,768259,767809,450
58380361,168,40,653,14822,0.47,1,1,775308,774655,653
58383281,84.8,154.4,534,14965,0.39,1,1,775372,774838,534
58386201,151.36,78.88,642,15107,0.182,0.9,1,775540,774898,642
58389121,31.872,155.776,469,15248,0.1404,0.83,1,775542,775073,469
58392041,51.9744,84.7552,459,15387,0.13208,0.47,1,775599,775140,459
58394961,134.395,151.351,446,15525,0.146416,0.37,1,775754,775308,446
58397881,75.679,81.4702,443,15662,0.117283,0.13,1,775815,775372,443
58400801,138.336,150.694,429,15798,0.207457,0.13,1,775969,775540,429
58403721,29.2672,31.7388,429,15932,0.193491,0.13,1,775971,775542,429
58406641,48.2534,51.9478,425,16065,0.286698,0.15,1,776024,775599,425
58409561,134.451,134.39,426,16197,0.40134,0.11,1,776180,775754,426
58412481,74.8901,75.6779,425,16328,0.456268,0.23,1,776240,775815,425
58415401,143.778,138.336,432,16458,0.483254,0.19,1,776401,775969,432
58418321,30.3556,29.2671,432,16587,0.488651,0.19,1,776403,775971,432
58421241,51.6711,5.85342,489,16715,0.52173,0.31,1,776460,775971,489
58424161,140.734,43.5707,599,16842,0.464346,0.43,1,776623,776024,599
58427081,75.3468,133.514,502,16968,0.516869,0.47,1,776682,776180,502
58430001,145.469,74.7028,605,17093,0.511374,0.49,1,776845,776240,605
58432921,30.6939,143.741,446,17217,0.542275,0.49,1,776847,776401,446
58435841,54.1388,30.3481,504,17340,0.580455,0.53,1,776907,776403,504
58438761,139.628,51.6696,608,17462,0.684091,0.45,1,777068,776460,608
58441681,76.7255,140.734,506,17584,0.720818,0.53,1,777129,776623,506
58444601,146.545,75.3468,611,17705,0.792164,0.51,2,777293,776682,611
58447521,30.909,145.469,450,17825,0.806433,0.55,2,777295,776845,450
58450441,56.5818,30.6939,511,17944,0.825287,0.59,2,777358,776847,511
58453361,144.116,54.1388,617,18062,0.861057,0.71,2,777524,776907,617
58456281,30.4233,139.628,458,18180,0.868211,0.73,2,777526,777068,458
58459201,54.8847,76.7255,458,18297,0.917642,0.81,2,777587,777129,458
58462121,145.377,146.545,462,18413,0.927528,0.81,2,777755,777293,462
58465041,30.6754,30.909,462,18528,0.897506,0.83,2,777757,777295,462
58546801,39,36,475,21504,0.91,1,2,779915,779440,475
58549721,39,37.6,476,21603,0.942,0.99,2,779954,779478,476
58552641,120.6,125.92,469,21701,0.9004,1,2,780095,779626,469
58555561,44.92,44.384,471,21799,0.92408,0.95,2,780121,779650,471
58558481,40.184,40.0768,471,21896,0.880816,0.86,2,780160,779689,471
58643161,36,38,496,24550,0.77,1,2,782063,781567,496
58646081,31.2,31.6,496,24636,0.738,1,1,782093,781597,496
58649001,19.04,27.92,485,24722,0.6996,0.95,1,782109,781624,485
58651921,117.408,123.984,479,24808,0.62792,1,1,782251,781772,479
58654841,59.4816,55.9968,485,24893,0.549584,1,1,782296,781811,485
58657761,28.6963,38.3994,472,24978,0.597917,0.87,1,782317,781845,472
58660681,112.139,118.88,466,25063,0.703583,0.79,1,782450,781984,466
58663601,53.6279,58.176,462,25148,0.740717,0.77,1,782489,782027,462
58666521,37.1256,40.4352,459,25232,0.700143,0.73,1,782522,782063,459
58669441,30.6251,32.087,458,25316,0.708029,0.69,1,782551,782093,458
58672361,16.525,19.2174,455,25400,0.693606,0.61,1,782564,782109,455
58675281,112.905,117.443,450,25483,0.738721,0.61,1,782701,782251,450
58678201,60.181,23.4887,497,25566,0.763744,0.53,2,782748,782251,497
58681121,28.0362,40.6977,472,25649,0.768749,0.61,2,782768,782296,472
58684041,116.807,24.9395,590,25732,0.84975,0.73,2,782907,782317,590
58686961,53.7614,111.388,495,25814,0.89795,0.75,2,782945,782450,495
58689881,36.3523,53.4776,488,25896,0.92359,0.69,2,782977,782489,488
58692801,29.6705,37.0955,483,25978,0.944718,0.71,2,783005,782522,483
58806681,35,75,504,28988,0.67,1,1,785160,784656,504
58809601,39.8,39.8,514,29061,0.574,1,1,785201,784687,514
58812521,47.16,35.96,528,29134,0.4588,1,1,785250,784722,528
58815441,71.832,63.992,535,29207,0.32376,0.99,1,785328,784793,535
58818361,35.9664,54.3984,510,29279,0.152752,1,1,785355,784845,510
58821281,41.5933,49.2797,505,29351,0.0865504,1,1,785398,784893,505
58824201,41.1187,39.4559,509,29423,0.13731,1,1,785439,784930,509
58827121,68.2237,33.4912,552,29495,0.099462,0.9,1,785514,784962,552
58830041,65.6447,73.8982,533,29567,0.0918924,0.67,1,785579,785046,533
58832961,40.3289,77.9796,488,29639,0.0903785,0.67,1,785613,785125,488
58835881,32.0658,43.5959,483,29710,0.122076,0.55,1,785643,785160,483
58838801,42.4132,41.5192,487,29781,0.0804151,0.43,1,785688,785201,487
58841721,10.0826,47.5038,440,29852,0.072083,0.29,1,785690,785250,440
58844641,59.6165,71.9008,434,29923,0.102417,0.11,1,785762,785328,434
58847561,27.9233,35.9802,427,29994,0.0764833,0.07,1,785782,785355,427
58850481,35.9847,41.596,422,30065,0.0552967,0.15,1,785820,785398,422
58853401,42.3969,41.1192,425,30135,0.0510593,0.09,1,785864,785439,425
58856321,67.6794,68.2238,424,30205,0.130212,0.09,1,785938,785514,424
58859241,67.1359,65.6448,426,30275,0.178042,0.09,1,786005,785579,426
58862161,40.6272,40.329,426,30345,0.187608,0.13,1,786039,785613,426
58865081,33.7254,32.0658,428,30415,0.221522,0.07,1,786071,785643,428
58868001,40.3451,42.4132,425,30485,0.260304,0.07,1,786113,785688,425
58870921,9.66902,10.0826,425,30554,0.268061,0.11,1,786115,785690,425
58873841,59.5338,59.6165,425,30623,0.285612,0.07,1,786187,785762,425
58876761,26.3068,27.9233,423,30692,0.305122,0.05,1,786205,785782,423
58879681,34.8614,35.9847,422,30761,0.325024,0.05,1,786242,785820,422
58882601,44.5723,42.3969,425,30830,0.313005,0.15,1,786289,785864,425
58885521,72.1145,67.6794,430,30899,0.310601,0.19,1,786368,785938,430
58888441,68.8229,67.1359,431,30967,0.34212,0.19,1,786436,786005,431
58891361,42.5646,40.6272,433,31035,0.364424,0.23,1,786472,786039,433
58894281,34.1129,33.7254,433,31103,0.336885,0.27,1,786504,786071,433
58897201,40.4226,40.3451,433,31171,0.315377,0.27,1,786546,786113,433
58900121,9.68452,9.66902,433,31239,0.343075,0.29,1,786548,786115,433
58903041,60.3369,59.5338,434,31307,0.348615,0.29,1,786621,786187,434
58905961,27.2674,11.9068,453,31375,0.365723,0.31,1,786640,786187,453
58908881,36.6535,16.7814,474,31442,0.417145,0.33,1,786679,786205,474
58911801,44.1307,32.9563,483,31509,0.427429,0.31,1,786725,786242,483
58914721,72.0261,44.1913,515,31576,0.493486,0.31,1,786804,786289,515
58917641,68.8052,72.0383,504,31643,0.570697,0.35,1,786872,786368,504
58920561,41.761,68.8077,471,31710,0.570139,0.37,1,786907,786436,471
58923481,33.9522,42.5615,467,31777,0.586028,0.33,1,786939,786472,467
58926401,41.1904,34.1123,478,31844,0.589206,0.31,1,786982,786504,478
58929321,9.83809,40.4225,438,31910,0.589841,0.35,1,786984,786546,438
58932241,61.9676,9.68449,511,31976,0.637968,0.35,1,787059,786548,511
58935161,28.3935,60.3369,458,32042,0.647594,0.37,1,787079,786621,458
58938081,39.2787,27.2674,481,32108,0.713519,0.43,1,787121,786640,481
58941001,44.6557,36.6535,488,32174,0.742704,0.43,1,787167,786679,488
58943921,75.3311,44.1307,525,32240,0.748541,0.51,1,787250,786725,525
58946841,72.6662,72.0261,518,32306,0.749708,0.59,1,787322,786804,518
58949761,42.5332,68.8052,485,32371,0.733942,0.57,1,787357,786872,485
58952681,34.1066,41.761,482,32436,0.762788,0.59,2,787389,786907,482
58955601,42.0213,33.9522,494,32501,0.800558,0.59,2,787433,786939,494
58958521,10.0043,41.1904,453,32566,0.776112,0.59,2,787435,786982,453
58961441,63.6009,9.83809,528,32631,0.835222,0.65,2,787512,786984,528
58964361,29.5202,61.9676,474,32696,0.831044,0.65,2,787533,787059,474
58967281,41.904,28.3935,499,32761,0.782209,0.73,2,787578,787079,499
58970201,9.98081,39.2787,459,32826,0.772442,0.75,2,787580,787121,459
58973121,38.7962,44.6557,459,32890,0.770488,0.75,2,787626,787167,459
58976041,74.1592,75.3311,459,32954,0.786098,0.75,2,787709,787250,459
58978961,72.4318,72.6662,459,33018,0.82122,0.73,2,787781,787322,459
58981881,43.2864,42.5332,460,33082,0.860244,0.77,2,787817,787357,460
58984801,34.2573,34.1066,460,33146,0.884049,0.81,2,787849,787389,460
58987721,43.6515,42.0213,462,33210,0.93681,0.77,2,787895,787433,462
58990641,10.3303,10.0043,462,33274,0.947362,0.85,2,787897,787435,462
59119121,39,33,489,35962,0.92,1,2,789788,789299,489
59122041,35,34.6,488,36021,0.864,1,2,789822,789334,488
59124961,51.8,58.92,479,36080,0.8528,1,2,789878,789399,479
59127881,39.96,32.584,490,36139,0.77056,1,2,789915,789425,490
59130801,35.192,32.1168,492,36197,0.594112,1,1,789949,789457,492
59133721,35.0384,28.8234,499,36255,0.526822,1,1,789984,789485,499
59136641,27.0077,26.5647,498,36313,0.481364,1,1,790009,789511,498
59139561,61.4015,66.1129,492,36371,0.280273,1,1,790079,789587,492
59142481,39.4803,39.6226,493,36429,0.224055,0.98,1,790113,789620,493
59145401,33.4961,44.7245,479,36487,0.148811,0.95,1,790145,789666,479
59148321,46.6992,48.9449,479,36545,0.101762,0.93,1,790195,789716,479
59151241,34.1398,36.189,477,36603,0.0763524,0.92,1,790226,789749,477
59154161,28.428,38.4378,465,36661,0.0552705,0.85,1,790253,789788,465
59157081,31.2856,34.8876,463,36719,0.0670541,0.85,1,790285,789822,463
59160001,48.6571,51.7775,460,36777,0.0374108,0.75,1,790338,789878,460
59162921,35.3314,39.9555,455,36834,0.0474822,0.55,1,790370,789915,455
59165841,30.2663,35.1911,450,36891,0.0494964,0.51,1,790399,789949,450
59168761,30.8533,35.0382,446,36948,0.0338993,0.47,1,790430,789984,446
59171681,23.7707,27.0076,443,37005,0.0467799,0.23,1,790452,790009,443
59174601,50.3541,61.4015,430,37062,0.097356,0.21,1,790509,790079,430
59177521,34.0708,39.4803,426,37119,0.107471,0.13,1,790539,790113,426
59180441,30.8142,33.4961,424,37176,0.141494,0.13,1,790569,790145,424
59183361,45.3628,6.69921,473,37233,0.148299,0.09,1,790618,790145,473
59186281,33.8726,41.3398,454,37290,0.21366,0.07,1,790649,790195,454
59189201,26.7745,33.068,448,37347,0.194732,0.05,1,790674,790226,448
59192121,32.5549,28.2136,455,37404,0.222946,0.07,1,790708,790253,455
59195041,47.311,31.2427,474,37460,0.164589,0.03,1,790759,790285,474
59197961,35.0622,48.6485,453,37516,0.184918,0.05,1,790791,790338,453
59200881,30.2124,35.3297,450,37572,0.204984,0.05,1,790820,790370,450
59203801,30.8425,30.2659,452,37628,0.224997,0.03,1,790851,790399,452
59206721,24.5685,30.8532,444,37684,0.228999,0.05,1,790874,790430,444
59209641,52.1137,23.7706,481,37740,0.2138,0.11,1,790933,790452,481
59212561,34.4227,50.3541,454,37796,0.22676,0.11,1,790963,790509,454
59215481,30.8845,34.0708,454,37852,0.229352,0.15,1,790993,790539,454
59218401,50.1769,30.8142,479,37908,0.24587,0.15,1,791048,790569,479
59221321,34.0354,45.3628,460,37964,0.249174,0.23,1,791078,790618,460
59224241,27.6071,33.8726,455,38020,0.249835,0.19,1,791104,790649,455
59227161,32.7214,26.7745,464,38076,0.249967,0.23,1,791138,790674,464
59230081,48.1443,32.5549,482,38131,0.297993,0.15,1,791190,790708,482
59233001,36.0289,47.311,464,38186,0.307599,0.19,1,791223,790759,464
59235921,29.6058,35.0622,460,38241,0.29352,0.21,1,791251,790791,460
59238841,31.5212,30.2124,463,38296,0.338704,0.23,1,791283,790820,463
59241761,23.1042,30.8425,453,38351,0.363741,0.23,1,791304,790851,453
59244681,52.6208,24.5685,490,38406,0.384748,0.21,1,791364,790874,490
59247601,35.3242,52.1137,462,38461,0.40495,0.23,1,791395,790933,462
59250521,31.0648,34.4227,462,38516,0.42499,0.23,1,791425,790963,462
59253441,51.013,30.8845,488,38571,0.396998,0.25,1,791481,790993,488
59256361,11.8026,50.1769,435,38626,0.3914,0.25,1,791483,791048,435
59259281,25.5605,34.0354,434,38681,0.37428,0.25,1,791512,791078,434
59262201,25.9121,27.6071,434,38736,0.386856,0.25,1,791538,791104,434
59265121,32.3824,32.7214,434,38791,0.389371,0.31,1,791572,791138,434
59268041,50.4765,48.1443,437,38845,0.405874,0.31,1,791627,791190,437
59270961,34.8953,36.0289,435,38899,0.393175,0.29,1,791658,791223,435
59273881,30.1791,29.6058,436,38953,0.470635,0.35,1,791687,791251,436
59276801,34.0358,31.5212,439,39007,0.566127,0.37,1,791722,791283,439
59279721,24.4072,23.1042,440,39061,0.553225,0.39,1,791744,791304,440
59282641,53.6814,52.6208,441,39115,0.598645,0.41,1,791805,791364,441
59285561,36.3363,35.3242,442,39169,0.575729,0.43,1,791837,791395,442
59288481,32.0673,31.0648,443,39223,0.635146,0.39,1,791868,791425,443
59291401,49.6135,51.013,441,39277,0.615029,0.39,1,791922,791481,441
59294321,11.5227,11.8026,441,39331,0.643006,0.37,1,791924,791483,441
59297241,24.7045,25.5605,440,39385,0.664601,0.39,1,791952,791512,440
59300161,26.5409,25.9121,441,39439,0.66892,0.39,1,791979,791538,441
59303081,32.5082,32.3824,441,39493,0.685784,0.41,1,792013,791572,441
59306001,49.7016,50.4765,440,39546,0.705157,0.39,1,792067,791627,440
59308921,35.5403,34.8953,441,39599,0.741031,0.49,1,792099,791658,441
59311841,34.3081,30.1791,446,39652,0.796206,0.59,2,792133,791687,446
59314761,37.2616,34.0358,449,39705,0.743241,0.55,1,792171,791722,449
59317681,25.8523,24.4072,450,39758,0.748648,0.61,1,792194,791744,450
59320601,53.9705,53.6814,450,39811,0.76573,0.57,2,792255,791805,450
59323521,36.3941,36.3363,450,39864,0.769146,0.65,2,792287,791837,450
59326441,33.6788,32.0673,452,39917,0.753829,0.61,2,792320,791868,452
59329361,49.9358,49.6135,452,39970,0.782766,0.65,2,792374,791922,452
59332281,11.5872,11.5227,452,40023,0.756553,0.67,2,792376,791924,452
59335201,25.5174,24.7045,453,40076,0.799311,0.67,2,792405,791952,453
59338121,28.3035,4.94091,482,40129,0.791862,0.67,2,792434,791952,482
59341041,32.8607,22.5882,489,40182,0.806372,0.69,2,792468,791979,489
59343961,50.5721,31.7176,510,40235,0.825275,0.71,2,792523,792013,510
59346881,36.5144,49.5435,489,40287,0.877055,0.75,2,792556,792067,489
59349801,36.1029,35.5087,493,40339,0.887411,0.81,2,792592,792099,493
59352721,36.0206,34.3017,495,40391,0.905482,0.73,2,792628,792133,495
59355641,24.8041,37.2603,479,40443,0.925096,0.75,2,792650,792171,479
59548361,98,84,515,19925,0.05,0.45,1,795078,794563,515
59551281,71.6,93.6,484,20031,0.098,0.11,1,795143,794659,484
59554201,75.12,96.32,463,20137,0.0596,0.05,1,795219,794756,463
59557121,81.424,79.264,471,20242,0.03592,0.05,1,795302,794831,471
59560041,25.8848,58.2528,430,20347,0.047184,0.01,1,795314,794884,430
59562961,75.577,30.0506,495,20451,0.0334368,0.05,1,795402,794907,495
59565881,94.3154,64.4101,521,20555,0.0466874,0.05,1,795501,794980,521
59568801,73.2631,91.282,491,20658,0.0813375,0.11,1,795569,795078,491
59571721,71.4526,70.2564,497,20761,0.184268,0.05,1,795640,795143,497
59574641,80.6905,74.8513,504,20863,0.0608535,0.03,1,795723,795219,504
59577561,28.1381,81.3703,436,20965,0.0201707,0.05,1,795738,795302,436
59580481,7.22762,25.8741,426,21066,0.00403414,0.03,1,795740,795314,426
59583401,69.4455,75.5748,423,21167,0.0728068,0.05,1,795825,795402,423
59586321,93.8891,94.315,424,21267,0.0225614,0.09,1,795925,795501,424
59589241,76.3778,73.263,428,21367,0.0285123,0.21,1,795997,795569,428
59592161,73.6756,71.4526,430,21466,0.0617025,0.03,1,796070,795640,430
59595081,75.5351,80.6905,423,21565,0.0123405,0.01,1,796146,795723,423
59598001,27.107,28.1381,423,21663,0.0024681,0,1,796161,795738,423
59600921,7.0214,7.22762,423,21761,0.00849362,0.09,1,796163,795740,423
59603841,71.8043,69.4455,426,21858,0.0736987,0.01,1,796251,795825,426
59606761,91.9609,93.8891,423,21955,0.13474,0.03,1,796348,795925,423
59609681,75.1922,76.3778,422,22052,0.146948,0.07,1,796419,795997,422
59612601,74.2384,73.6756,423,22148,0.13339,0,1,796493,796070,423
59615521,74.8477,75.5351,422,22244,0.0666779,0,1,796568,796146,422
59618441,27.7695,27.107,423,22339,0.0533356,0.01,1,796584,796161,423
59621361,7.15391,7.0214,423,22434,0.0186671,0.09,1,796586,796163,423
59624281,74.2308,71.8043,426,22529,0.0917334,0.09,1,796677,796251,426
59627201,92.4462,14.3609,523,22623,0.122347,0.15,1,796774,796251,523
59630121,75.2892,80.4722,497,22717,0.144469,0.15,1,796845,796348,497
59633041,75.0578,72.8944,501,22810,0.132894,0.13,1,796920,796419,501
59635961,71.8116,73.7789,498,22903,0.146579,0.05,1,796991,796493,498
59638881,25.5623,74.7558,437,22996,0.181316,0.05,1,797005,796568,437
59641801,6.71246,27.7512,423,23088,0.188263,0.01,1,797007,796584,423
59644721,76.5425,7.15023,515,23180,0.205653,0.11,1,797101,796586,515
59647641,96.1085,74.23,525,23271,0.289131,0.13,1,797202,796677,525
59650561,76.0217,92.446,499,23362,0.305826,0.15,1,797273,796774,499
59653481,74.4043,75.2892,502,23453,0.325165,0.13,1,797347,796845,502
59656401,74.0809,75.0578,501,23543,0.361033,0.15,1,797421,796920,501
59659321,24.4162,71.8116,442,23633,0.400207,0.19,1,797433,796991,442
59662241,6.48323,25.5623,430,23723,0.408041,0.19,1,797435,797005,430
59665161,79.6966,6.71246,526,23812,0.441608,0.21,1,797533,797007,526
59668081,99.9393,76.5425,537,23901,0.496322,0.31,1,797638,797101,537
59671001,21.5879,96.1085,438,23990,0.523264,0.31,1,797640,797202,438
59673921,60.3176,76.0217,437,24078,0.592653,0.33,1,797710,797273,437
59676841,72.0635,74.4043,438,24166,0.590531,0.37,1,797785,797347,438
59679761,76.8127,74.0809,442,24254,0.590106,0.41,1,797863,797421,442
59682681,24.9625,24.4162,442,24341,0.558021,0.41,1,797875,797433,442
59685601,6.59251,6.48323,442,24428,0.583604,0.45,1,797877,797435,442
59688521,81.3185,79.6966,444,24515,0.556721,0.51,1,797977,797533,444
59691441,104.264,99.9393,449,24601,0.599344,0.53,1,798087,797638,449
59694361,22.4527,21.5879,449,24687,0.607869,0.61,1,798089,797640,449
59697281,61.2905,60.3176,450,24773,0.641574,0.59,1,798160,797710,450
59700201,71.4581,72.0635,449,24859,0.680315,0.59,1,798234,797785,449
59703121,76.6916,76.8127,449,24944,0.768063,0.55,2,798312,797863,449
59706041,24.9383,24.9625,449,25029,0.753613,0.59,2,798324,797875,449
59708961,6.58766,6.59251,449,25114,0.782723,0.55,2,798326,797877,449
59711881,81.3175,81.3185,449,25198,0.772545,0.61,2,798426,797977,449
59714801,106.664,104.264,452,25282,0.786509,0.61,2,798539,798087,452
59717721,22.9327,22.4527,452,25366,0.789302,0.65,2,798541,798089,452
59720641,62.9865,61.2905,454,25450,0.82186,0.65,2,798614,798160,454
59723561,72.5973,12.2581,529,25533,0.892372,0.69,2,798689,798160,529
59726481,79.3195,61.6516,536,25616,0.890474,0.79,2,798770,798234,536
59729401,25.4639,74.7303,470,25699,0.890095,0.75,2,798782,798312,470
59732321,6.69278,24.5461,460,25781,0.890019,0.79,2,798784,798324,460
59735241,82.1386,6.50921,559,25863,0.922004,0.77,2,798885,798326,559
59901681,37,45,487,30174,0.51,1,1,801954,801467,487
59904601,43.4,46.6,485,30244,0.414,1,1,801999,801514,485
59907521,77.48,88.52,472,30314,0.1228,1,1,802085,801613,472
59910441,89.096,76.104,491,30384,0.02456,1,1,802177,801686,491
59913361,41.8192,40.8208,489,30454,0.076912,1,1,802207,801718,489
59916281,33.9638,38.5642,483,30523,0.0393824,0.93,1,802239,801756,483
59919201,22.7928,28.5128,477,30592,0.0478765,0.98,1,802259,801782,477
59922121,23.7586,28.9026,472,30661,0.0655753,0.89,1,802283,801811,472
59925041,35.1517,42.5805,464,30730,0.0211151,0.67,1,802321,801857,464
59927961,44.6303,56.5161,451,30799,0.044223,0.51,1,802368,801917,451
59930881,33.7261,40.9032,445,30868,0.0488446,0.39,1,802399,801954,445
59933801,40.3452,44.1806,442,30937,0.0497689,0.05,1,802441,801999,442
59936721,65.669,77.6361,428,31005,0.0499538,0,1,802513,802085,428
59939641,81.9338,89.1272,422,31073,0.00999076,0.09,1,802599,802177,422
59942561,40.3868,41.8254,422,31141,0.121998,0.03,1,802629,802207,422
59945481,33.6774,33.9651,422,31209,0.1124,0.05,1,802661,802239,422
59948401,22.7355,22.793,422,31277,0.11048,0.05,1,802681,802259,422
59951321,22.9471,4.5586,445,31345,0.094096,0.07,1,802704,802259,445
59954241,35.7894,20.1117,460,31413,0.0428192,0.01,1,802743,802283,460
59957161,43.9579,34.4223,468,31480,0.0325638,0.05,1,802789,802321,468
59960081,33.5916,44.4845,452,31547,0.0145128,0.05,1,802820,802368,452
59963001,41.1183,33.6969,464,31614,0.0429026,0.05,1,802863,802399,464
59965921,65.0237,40.3394,493,31681,0.0325805,0.05,1,802934,802441,493
59968841,82.6047,65.6679,508,31748,0.0065161,0,1,803021,802513,508
59971761,42.1209,81.9336,454,31815,0.0253032,0.15,1,803053,802599,454
59974681,34.0242,40.3867,456,31881,0.0450606,0.11,1,803085,802629,456
59977601,21.2048,33.6773,442,31947,0.0490121,0.11,1,803103,802661,442
59980521,21.841,22.7355,444,32013,0.0498024,0.09,1,803125,802681,444
59983441,36.3682,22.9471,461,32079,0.0499605,0.03,1,803165,802704,461
59986361,44.0736,35.7894,468,32145,0.0339921,0.03,1,803211,802743,468
59989281,36.8147,43.9579,457,32211,0.0627984,0.01,1,803246,802789,457
59992201,40.1629,33.5916,467,32277,0.11656,0.05,1,803287,802820,467
59995121,62.4326,41.1183,492,32343,0.127312,0.03,1,803355,802863,492
59998041,82.8865,65.0237,509,32408,0.0254624,0,1,803443,802934,509
60000961,42.1773,82.6047,454,32473,0.0290925,0.03,1,803475,803021,454
60003881,34.8355,42.1209,455,32538,0.0298185,0.05,1,803508,803053,455
60006801,21.3671,34.0242,441,32603,0.0459637,0.05,1,803526,803085,441
60009721,22.6734,21.2048,446,32668,0.0651927,0.05,1,803549,803103,446
60012641,34.1347,21.841,461,32733,0.0530385,0.05,1,803586,803125,461
60015561,8.42694,36.3682,423,32798,0.0506077,0.03,1,803588,803165,423
60018481,39.2854,44.0736,424,32862,0.0181215,0.07,1,803635,803211,424
60021401,36.6571,36.8147,425,32926,0.0276243,0.13,1,803671,803246,425
60024321,40.9314,40.1629,426,32990,0.0455249,0.13,1,803713,803287,426
60027241,64.1863,62.4326,428,33054,0.049105,0,1,803783,803355,428
60030161,79.2373,82.8865,423,33118,0.00982099,0.03,1,803866,803443,423
60033081,41.4475,42.1773,423,33182,0.0259642,0.03,1,803898,803475,423
60036001,34.6895,34.8355,423,33246,0.0771928,0.05,1,803931,803508,423
60038921,23.7379,21.3671,426,33310,0.103439,0.07,1,803952,803526,426
60041841,23.9476,22.6734,427,33373,0.124688,0.05,1,803976,803549,427
60044761,31.9895,34.1347,424,33436,0.128938,0.05,1,804010,803586,424
60047681,7.9979,8.42694,424,33499,0.0977875,0.01,1,804012,803588,424
60050601,38.3996,39.2854,423,33562,0.0435575,0.03,1,804058,803635,423
60053521,36.4799,36.6571,423,33625,0.0647115,0.05,1,804094,803671,423
60056441,41.696,40.9314,424,33688,0.0849423,0.05,1,804137,803713,424
60059361,64.3392,64.1863,424,33751,0.152988,0,1,804207,803783,424
60062281,77.6678,79.2373,422,33814,0.134598,0.03,1,804288,803866,422
60065201,41.9336,41.4475,423,33877,0.0509195,0.09,1,804321,803898,423
60068121,37.1867,34.6895,426,33939,0.0501839,0.11,1,804357,803931,426
60071041,24.2373,23.7379,426,34001,0.0820368,0.13,1,804378,803952,426
60073961,24.0475,23.9476,426,34063,0.0884074,0.13,1,804402,803976,426
60076881,32.0095,31.9895,426,34125,0.0736815,0.09,1,804436,804010,426
60079801,8.0019,7.9979,426,34187,0.0707363,0.03,1,804438,804012,426
60082721,36.0004,38.3996,423,34249,0.118147,0.03,1,804481,804058,423
60085641,36.8001,7.67992,460,34311,0.111629,0.07,1,804518,804058,460
60088561,44.16,30.336,470,34373,0.110326,0.09,1,804564,804094,470
60091481,64.832,40.4672,497,34435,0.0940652,0.17,1,804634,804137,497
60094401,74.5664,64.0934,504,34496,0.122813,0.13,1,804711,804207,504
60097321,39.7133,77.6187,454,34557,0.192563,0.03,1,804742,804288,454
60100241,38.3427,41.9237,459,34618,0.206513,0.05,1,804780,804321,459
60103161,24.4685,37.1847,444,34679,0.193302,0.09,1,804801,804357,444
60106081,24.8937,24.237,448,34740,0.19066,0.09,1,804826,804378,448
60109001,32.1787,24.0474,458,34801,0.206132,0.07,1,804860,804402,458
60111921,8.03575,32.0095,426,34862,0.209226,0.07,1,804862,804436,426
60114841,38.4071,8.0019,470,34923,0.209845,0.13,1,804908,804438,470
60117761,36.4814,36.0004,463,34984,0.241969,0.11,1,804944,804481,463
60120681,42.4963,36.8001,470,35044,0.280394,0.11,1,804988,804518,470
60123601,65.2993,44.16,495,35104,0.304079,0.09,1,805059,804564,495
60126521,77.8599,64.832,506,35164,0.340816,0.13,1,805140,804634,506
60129441,40.372,74.5664,460,35224,0.380163,0.21,1,805171,804711,460
60132361,40.0744,39.7133,469,35284,0.356033,0.21,1,805211,804742,469
60135281,24.8149,38.3427,452,35344,0.335207,0.19,1,805232,804780,452
60138201,24.163,24.4685,455,35404,0.363041,0.19,1,805256,804801,455
60141121,32.8326,24.8937,465,35464,0.384608,0.21,1,805291,804826,465
60144041,8.16652,32.1787,433,35524,0.388922,0.21,1,805293,804860,433
60146961,40.0333,8.03575,479,35584,0.421784,0.21,1,805341,804862,479
60149881,36.8067,38.4071,469,35643,0.428357,0.25,1,805377,804908,469
60152801,8.96133,36.4814,435,35702,0.429671,0.29,1,805379,804944,435
60155721,37.7923,42.4963,436,35761,0.477934,0.31,1,805424,804988,436
60158641,65.1585,65.2993,437,35820,0.487587,0.35,1,805496,805059,437
60161561,79.4317,77.8599,439,35879,0.489517,0.39,1,805579,805140,439
60164481,42.2863,40.372,441,35938,0.521904,0.35,1,805612,805171,441
60167401,38.8573,40.0744,439,35997,0.528381,0.33,1,805650,805211,439
60170321,25.3715,24.8149,440,36056,0.545676,0.37,1,805672,805232,440
60173241,24.2743,24.163,440,36115,0.581135,0.39,1,805696,805256,440
60176161,34.4549,32.8326,442,36174,0.588227,0.39,1,805733,805291,442
60179081,8.49097,8.16652,442,36232,0.589645,0.43,1,805735,805293,442
60182001,40.8982,40.0333,443,36290,0.669929,0.43,1,805784,805341,443
60184921,38.5796,36.8067,445,36348,0.685986,0.43,1,805822,805377,445
60187841,9.31593,8.96133,445,36406,0.689197,0.49,1,805824,805379,445
60190761,37.0632,37.7923,444,36464,0.657839,0.49,1,805868,805424,444
60193681,66.6126,65.1585,446,36522,0.715568,0.49,1,805942,805496,446
60196601,80.5225,79.4317,447,36580,0.775114,0.53,2,806026,805579,447
60199521,43.3045,42.2863,448,36638,0.771023,0.53,2,806060,805612,448
60202441,39.0609,38.8573,448,36696,0.770205,0.55,2,806098,805650,448
60205361,26.2122,25.3715,449,36754,0.802041,0.59,2,806121,805672,449
60208281,24.4424,24.2743,449,36811,0.824408,0.59,2,806145,805696,449
60211201,36.0885,34.4549,451,36868,0.812882,0.59,2,806184,805733,451
60214121,8.8177,8.49097,451,36925,0.810576,0.69,2,806186,805735,451
60217041,44.9635,40.8982,456,36982,0.874115,0.69,2,806240,805784,456
60219961,37.7927,38.5796,454,37039,0.886823,0.69,2,806276,805822,454
60222881,9.15854,9.31593,454,37096,0.857365,0.65,2,806278,805824,454
60225801,37.0317,37.0632,454,37153,0.883473,0.65,2,806322,805868,454
60228721,67.4063,7.41264,529,37210,0.904695,0.73,2,806397,805868,529
60231641,83.0813,60.6825,542,37267,0.892939,0.79,2,806484,805942,542
60234561,44.6163,79.3365,493,37324,0.906588,0.77,2,806519,806026,493
60237481,40.1233,43.0673,498,37381,0.925318,0.77,2,806558,806060,498
60240401,25.6247,39.0135,482,37438,0.897063,0.81,2,806580,806098,482
60243321,25.1249,26.2027,484,37494,0.907413,0.83,2,806605,806121,484
60246241,37.025,24.4405,500,37550,0.941483,0.81,2,806645,806145,500
60249161,9.005,36.0881,463,37606,0.948296,0.81,2,806647,806184,463
60383481,29,25,503,40109,0.63,1,1,808456,807953,503
60386401,27.4,5,530,40162,0.598,1,1,808483,807953,530
60389321,14.28,25,511,40215,0.5436,1,1,808494,807983,511
60392241,25.256,25,514,40268,0.48472,0.96,1,808522,808008,514
60395161,22.6512,29.8,505,40320,0.424944,1,1,808544,808039,505
60398081,27.7302,32.36,501,40372,0.348989,1,1,808573,808072,501
60401001,36.746,24.072,518,40424,0.237798,1,1,808612,808094,518
60403921,36.1492,37.6144,513,40476,0.15156,0.98,1,808648,808135,513
60406841,24.0298,35.5229,499,40528,0.0863119,1,1,808669,808170,499
60409761,28.006,28.7046,501,40580,0.0732624,1,1,808698,808197,501
60412681,72.8012,30.5409,554,40632,0.0226525,0.96,1,808782,808228,554
60415601,64.1602,75.7082,529,40684,0.0445305,0.85,1,808844,808315,529
60418521,40.032,71.1416,493,40736,0.0649061,0.75,1,808878,808385,493
60421441,28.8064,47.8283,477,40788,0.0369812,0.63,1,808904,808427,477
60424361,25.7613,32.7657,473,40840,0.0313962,0.59,1,808929,808456,473
60427281,14.7523,28.1531,458,40892,0.0942793,0.53,1,808941,808483,458
60430201,21.3505,14.4306,470,40944,0.0908559,0.47,1,808964,808494,470
60433121,24.2701,25.2861,467,40996,0.0901712,0.41,1,808989,808522,467
60436041,20.854,22.6572,465,41047,0.0580342,0.33,1,809009,808544,465
60438961,29.7708,27.7314,468,41098,0.0836069,0.21,1,809041,808573,468
60441881,33.9542,36.7463,464,41149,0.104721,0.13,1,809076,808612,464
60444801,19.5908,36.1493,444,41200,0.124944,0.07,1,809092,808648,444
60447721,27.1182,24.0299,452,41251,0.128989,0.07,1,809121,808669,452
60450641,72.6236,28.006,507,41302,0.145798,0.01,1,809205,808698,507
60453561,64.1247,72.8012,485,41353,0.19716,0.05,1,809267,808782,485
60456481,39.2249,64.1602,456,41404,0.223432,0.07,1,809300,808844,456
60459401,27.845,40.032,447,41455,0.244686,0.03,1,809325,808878,447
60462321,28.769,28.8064,450,41506,0.200937,0.03,1,809354,808904,450
60465241,7.3538,25.7613,427,41557,0.160187,0.11,1,809356,808929,427
60468161,11.0708,14.7523,427,41608,0.232037,0.09,1,809368,808941,427
60471081,19.0142,21.3505,425,41659,0.230407,0.09,1,809389,808964,425
60474001,24.6028,24.2701,426,41710,0.278082,0.05,1,809415,808989,426
60476921,19.3206,20.854,424,41761,0.287616,0.09,1,809433,809009,424
60479841,31.8641,29.7708,427,41812,0.289523,0.11,1,809468,809041,427
60482761,35.1728,33.9542,428,41862,0.289905,0.13,1,809504,809076,428
60485681,19.8346,19.5908,428,41912,0.321981,0.13,1,809520,809092,428
60488601,27.1669,27.1182,428,41962,0.312396,0.15,1,809549,809121,428
60491521,73.4334,72.6236,429,42012,0.390479,0.21,1,809634,809205,429
60494441,66.6867,64.1247,432,42062,0.406096,0.23,1,809699,809267,432
60497361,40.5373,39.2249,433,42112,0.441219,0.25,1,809733,809300,433
60500281,27.3075,27.845,432,42162,0.432244,0.19,1,809757,809325,432
60503201,28.6615,28.769,432,42212,0.446449,0.15,1,809786,809354,432
60506121,7.3323,7.3538,432,42262,0.44929,0.25,1,809788,809356,432
60509041,11.0665,11.0708,432,42312,0.465858,0.23,1,809800,809368,432
60511961,19.8133,19.0142,433,42362,0.453172,0.29,1,809822,809389,433
60514881,25.5627,24.6028,434,42412,0.514634,0.29,1,809849,809415,434
60517801,19.5125,19.3206,434,42462,0.526927,0.29,1,809867,809433,434
60520721,33.5025,31.8641,436,42512,0.545385,0.29,1,809904,809468,436
60523641,35.5005,35.1728,436,42562,0.533077,0.33,1,809940,809504,436
60526561,19.9001,19.8346,436,42612,0.530615,0.31,1,809956,809520,436
60529481,26.38,27.1669,435,42662,0.578123,0.41,1,809984,809549,435
60532401,77.276,73.4334,440,42711,0.555625,0.41,1,810074,809634,440
60535321,69.0552,66.6867,442,42760,0.583125,0.45,1,810141,809699,442
60538241,41.011,40.5373,442,42809,0.604625,0.43,1,810175,809733,442
60541161,28.2022,27.3075,443,42858,0.624925,0.45,1,810200,809757,443
60544081,28.8404,28.6615,443,42907,0.660985,0.45,1,810229,809786,443
60547001,7.36809,7.3323,443,42956,0.668197,0.47,1,810231,809788,443
60549921,11.0736,11.0665,443,43005,0.685639,0.47,1,810243,809800,443
60552841,19.8147,2.21329,465,43054,0.689128,0.45,1,810265,809800,465
60555761,27.1629,18.0427,472,43103,0.673826,0.53,1,810294,809822,472
60558681,19.8326,25.2085,463,43152,0.670765,0.53,1,810312,809849,463
60561601,35.1665,19.4417,484,43201,0.654153,0.55,1,810351,809867,484
60564521,35.8333,33.4883,483,43250,0.650831,0.53,1,810387,809904,483
60567441,20.7667,35.4977,464,43299,0.666166,0.53,1,810404,809940,464
60570361,26.5533,19.8995,476,43348,0.701233,0.59,1,810432,809956,476
60573281,77.3107,26.3799,538,43397,0.676247,0.55,1,810522,809984,538
60576201,71.4621,77.276,518,43446,0.735249,0.59,1,810592,810074,518
60579121,42.2924,69.0552,486,43495,0.73105,0.61,1,810627,810141,486
60582041,28.4585,41.011,477,43544,0.74621,0.63,1,810652,810175,477
60584961,31.2917,28.2022,484,43592,0.749242,0.67,1,810684,810200,484
60587881,7.85834,28.8404,457,43640,0.749848,0.67,1,810686,810229,457
60590801,11.1717,7.36809,467,43688,0.78197,0.69,2,810698,810231,467
60593721,19.8343,11.0736,477,43736,0.804394,0.69,2,810720,810243,477
60596641,26.3669,19.8147,483,43784,0.808879,0.67,2,810748,810265,483
60599561,19.6734,27.1629,472,43832,0.825776,0.67,2,810766,810294,472
60602481,34.3347,19.8326,492,43880,0.829155,0.65,2,810804,810312,492
60605401,37.2669,35.1665,491,43928,0.845831,0.65,2,810842,810351,491
60608321,21.8534,35.8333,473,43976,0.817166,0.67,2,810860,810387,473
60611241,26.7707,20.7667,484,44024,0.811433,0.71,2,810888,810404,484
60614161,75.7541,26.5533,544,44072,0.874287,0.67,2,810976,810432,544
60617081,74.3508,77.3107,528,44120,0.886857,0.75,2,811050,810522,528
60620001,43.6702,71.4621,494,44168,0.905371,0.73,2,811086,810592,494
60622921,27.934,42.2924,483,44216,0.909074,0.75,2,811110,810627,483
60625841,32.7868,28.4585,492,44264,0.941815,0.75,2,811144,810652,492
60628761,8.15736,31.2917,462,44312,0.964363,0.75,2,811146,810684,462
60780601,167,137,543,21370,0.17,1,1,812941,812398,543
60783521,86.2,117.8,496,21469,0.074,1,1,813007,812511,496
60786441,71.64,78.76,495,21568,0.0868,0.99,1,813075,812580,495
60789361,79.128,54.952,527,21666,0.07336,0.91,1,813156,812629,527
60792281,27.0256,68.5904,469,21764,0.102672,0.8,1,813170,812701,469
60795201,27.0051,32.1181,473,21861,0.0605344,0.69,1,813197,812724,473
60798121,31.801,46.4236,456,21958,0.0521069,0.17,1,813230,812774,456
60801041,116.76,142.885,427,22055,0.194421,0.05,1,813368,812941,427
60803961,72.952,81.3769,423,22151,0.238884,0.09,1,813430,813007,423
60806881,68.9904,70.6754,423,22247,0.183777,0.07,1,813498,813075,423
60809801,80.1981,78.9351,425,22342,0.108755,0.11,1,813581,813156,425
60812721,25.6396,26.987,423,22437,0.141751,0.05,1,813593,813170,423
60815641,25.9279,26.9974,422,22532,0.11635,0.05,1,813619,813197,422
60818561,33.9856,5.39948,458,22626,0.14327,0.05,1,813655,813197,458
60821481,121.197,27.4799,568,22720,0.212654,0.23,1,813798,813230,568
60824401,74.6394,115.896,493,22813,0.258531,0.25,1,813861,813368,493
60827321,66.1279,72.7792,495,22906,0.283706,0.17,1,813925,813430,495
60830241,78.8256,68.9558,509,22999,0.352741,0.09,1,814007,813498,509
60833161,25.3651,80.1912,438,23091,0.334548,0.15,1,814019,813581,438
60836081,25.873,25.6382,452,23183,0.33091,0.11,1,814045,813593,452
60839001,35.5746,25.9276,464,23274,0.346182,0.15,1,814083,813619,464
60841921,124.715,33.9855,575,23365,0.349236,0.23,1,814230,813655,575
60844841,77.743,121.197,498,23456,0.349847,0.27,1,814296,813798,498
60847761,66.7486,74.6394,499,23546,0.349969,0.29,1,814360,813861,499
60850681,80.5497,66.1279,519,23636,0.349994,0.37,1,814444,813925,519
60853601,25.7099,78.8256,449,23726,0.365999,0.33,1,814456,814007,449
60856521,25.942,25.3651,463,23815,0.3692,0.33,1,814482,814019,463
60859441,36.3884,25.873,476,23904,0.38584,0.35,1,814521,814045,476
60862361,8.87768,35.5746,440,23993,0.405168,0.35,1,814523,814083,440
60865281,118.576,124.715,439,24081,0.441034,0.35,1,814669,814230,439
60868201,76.5151,77.743,439,24169,0.496207,0.35,1,814735,814296,439
60871121,66.503,66.7486,439,24257,0.507241,0.35,1,814799,814360,439
60874041,81.3006,80.5497,440,24344,0.557448,0.37,1,814884,814444,440
60876961,25.8601,25.7099,440,24431,0.59949,0.37,1,814896,814456,440
60879881,25.972,25.942,440,24518,0.607898,0.39,1,814922,814482,440
60882801,37.9944,36.3884,442,24604,0.60958,0.41,1,814963,814521,442
60885721,9.19888,8.87768,442,24690,0.641916,0.45,1,814965,814523,442
60888641,121.04,118.576,445,24776,0.648383,0.51,1,815114,814669,445
60891561,77.008,76.5151,445,24862,0.745677,0.51,1,815180,814735,445
60894481,68.2016,66.503,447,24947,0.797135,0.57,2,815246,814799,447
60897401,84.0403,81.3006,450,25032,0.839427,0.61,2,815334,814884,450
60900321,26.4081,25.8601,450,25117,0.879885,0.61,2,815346,814896,450
60903241,26.0816,25.972,450,25201,0.855977,0.61,2,815372,814922,450
60906161,39.6163,37.9944,452,25285,0.851195,0.65,2,815415,814963,452
60909081,9.52326,9.19888,452,25369,0.850239,0.65,2,815417,814965,452
61022961,64,0,555,28443,0.77,1,2,817707,817152,555
61025881,46.4,68.8,511,28517,0.658,1,1,817749,817238,511
61028801,34.08,39.36,510,28591,0.5716,1,1,817780,817270,510
61031721,31.616,23.072,522,28665,0.53832,1,1,817811,817289,522
61034641,25.5232,25.4144,520,28739,0.483664,1,1,817835,817315,520
61037561,77.9046,35.4829,573,28813,0.280733,1,1,817926,817353,573
61040481,95.5809,89.4966,570,28886,0.128147,1,1,818026,817456,570
61043401,55.9162,95.4993,519,28959,0.0256293,0.91,1,818072,817553,519
61046321,35.9832,63.8999,494,29032,0.0131259,0.87,1,818103,817609,494
61049241,54.3966,39.98,519,29105,0.0106252,0.77,1,818162,817643,519
61052161,41.2793,59.196,493,29178,0.042125,0.63,1,818200,817707,493
61055081,30.6559,45.4392,479,29251,0.048425,0.55,1,818228,817749,479
61058001,28.5312,33.8878,476,29323,0.049685,0.53,1,818256,817780,476
61060921,23.3062,31.5776,467,29395,0.017937,0.47,1,818278,817811,467
61063841,65.4612,25.5155,519,29467,0.0275874,0.23,1,818354,817835,519
61066761,89.0922,77.9031,523,29539,0.0135175,0.09,1,818449,817926,523
61069681,53.8184,95.5806,468,29611,0.0427035,0,1,818494,818026,468
61072601,35.5637,55.9161,453,29682,0.0485407,0.01,1,818525,818072,453
61075521,54.3127,35.9832,481,29753,0.0817081,0.01,1,818584,818103,481
61078441,41.2625,54.3966,460,29824,0.0563416,0.05,1,818622,818162,460
61081361,9.85251,41.2793,424,29895,0.0512683,0.05,1,818624,818200,424
61084281,23.5705,30.6559,423,29966,0.0982537,0.05,1,818651,818228,423
61087201,27.1141,28.5312,423,30037,0.107651,0.01,1,818679,818256,423
61090121,22.2228,23.3062,422,30107,0.0935301,0.03,1,818700,818278,422
61093041,67.6446,65.4612,425,30177,0.058706,0.01,1,818779,818354,425
61095961,87.9289,89.0922,423,30247,0.0357412,0.05,1,818872,818449,423
61098881,54.3858,53.8184,424,30317,0.00714824,0.05,1,818918,818494,424
61101801,34.0772,35.5637,422,30387,0.0414297,0.09,1,818947,818525,422
61104721,58.8154,54.3127,428,30457,0.0482859,0.05,1,819012,818584,428
61107641,38.9631,41.2625,424,30526,0.0176572,0.05,1,819046,818622,424
61110561,9.39262,9.85251,424,30595,0.0435314,0.11,1,819048,818624,424
61113481,24.2785,23.5705,425,30664,0.0807063,0.11,1,819076,818651,425
61116401,27.2557,27.1141,425,30733,0.120141,0.09,1,819104,818679,425
61119321,19.8511,22.2228,422,30802,0.128028,0.05,1,819122,818700,422
61122241,67.1702,67.6446,422,30871,0.177606,0.03,1,819201,818779,422
61125161,89.434,87.9289,424,30940,0.155521,0,1,819296,818872,424
61128081,53.0868,54.3858,422,31008,0.103104,0.05,1,819340,818918,422
61131001,33.8174,34.0772,422,31076,0.108621,0.05,1,819369,818947,422
61133921,60.3635,58.8154,424,31144,0.0617242,0.01,1,819436,819012,424
61136841,37.6727,38.9631,422,31212,0.0843448,0.05,1,819468,819046,422
61139761,9.13454,9.39262,422,31280,0.088869,0.05,1,819470,819048,422
61142681,26.6269,1.87852,453,31348,0.0577738,0.09,1,819501,819048,453
61145601,29.3254,22.7757,455,31415,0.0515548,0.13,1,819531,819076,455
61148521,20.2651,26.9551,445,31482,0.0663109,0.13,1,819549,819104,445
61151441,70.453,19.791,510,31549,0.0852622,0.19,1,819632,819122,510
61154361,86.0906,67.1582,521,31616,0.169052,0.15,1,819722,819201,521
61157281,50.0181,89.4316,467,31683,0.16981,0.09,1,819763,819296,467
61160201,32.4036,53.0863,451,31750,0.169962,0.11,1,819791,819340,451
61163121,60.8807,33.8173,490,31817,0.0899924,0.05,1,819859,819369,490
61166041,37.7761,60.3635,455,31883,0.0899985,0.09,1,819891,819436,455
61168961,9.15523,37.6727,425,31949,0.0899997,0.09,1,819893,819468,425
61171881,26.631,9.13454,454,32015,0.0739999,0.05,1,819924,819470,454
61174801,30.1262,26.6269,454,32081,0.0868,0.05,1,819955,819501,454
61177721,20.4252,29.3254,442,32147,0.12136,0.07,1,819973,819531,442
61180641,72.8851,20.2651,510,32213,0.176272,0.09,1,820059,819549,510
61183561,88.977,70.453,520,32279,0.251254,0.19,1,820152,819632,520
61186481,49.7954,86.0906,470,32345,0.266251,0.17,1,820192,819722,470
61189401,32.3591,50.0181,457,32410,0.28525,0.17,1,820220,819763,457
61192321,57.6718,32.4036,493,32475,0.30505,0.07,1,820284,819791,493
61195241,37.1344,60.8807,457,32540,0.32501,0.09,1,820316,819859,457
61198161,9.02687,37.7761,427,32605,0.329002,0.09,1,820318,819891,427
61201081,26.6054,9.15523,456,32670,0.3138,0.07,1,820349,819893,456
61204001,30.1211,26.631,456,32735,0.32676,0.09,1,820380,819924,456
61206921,7.62421,30.1262,427,32800,0.329352,0.13,1,820382,819955,427
61209841,16.7248,20.4252,428,32864,0.34587,0.19,1,820401,819973,428
61212761,75.345,72.8851,432,32928,0.381174,0.27,1,820491,820059,432
61215681,91.869,88.977,435,32992,0.372235,0.27,1,820587,820152,435
61218601,50.3738,49.7954,435,33056,0.370447,0.29,1,820627,820192,435
61221521,34.0748,32.3591,437,33120,0.370089,0.31,1,820657,820220,437
61224441,58.015,57.6718,437,33184,0.386018,0.33,1,820721,820284,437
61227361,38.003,37.1344,438,33248,0.373204,0.33,1,820754,820316,438
61230281,9.2006,9.02687,438,33312,0.418641,0.31,1,820756,820318,438
61233201,27.4401,26.6054,439,33375,0.427728,0.33,1,820788,820349,439
61236121,29.488,30.1211,438,33438,0.445546,0.33,1,820818,820380,438
61239041,7.4976,7.62421,438,33501,0.417109,0.35,1,820820,820382,438
61241961,16.6995,16.7248,438,33564,0.427422,0.39,1,820839,820401,438
61244881,77.7399,75.345,441,33627,0.541484,0.37,1,820932,820491,441
61247801,89.948,91.869,438,33690,0.644297,0.37,1,821025,820587,438
61250721,49.9896,50.3738,438,33753,0.664859,0.37,1,821065,820627,438
61253641,33.9979,34.0748,438,33816,0.716972,0.39,1,821095,820657,438
61256561,58.7996,58.015,439,33879,0.759394,0.37,2,821160,820721,439
61259481,39.7599,38.003,441,33941,0.767879,0.43,2,821195,820754,441
61262401,9.55198,9.2006,441,34003,0.769576,0.43,2,821197,820756,441
61265321,28.3104,27.4401,442,34065,0.753915,0.45,2,821230,820788,442
61268241,29.6621,29.488,442,34127,0.734783,0.41,1,821260,820818,442
61271161,7.53242,7.4976,442,34189,0.762957,0.43,2,821262,820820,442
61274081,17.5065,16.6995,443,34251,0.736591,0.43,1,821282,820839,443
61277001,81.1013,3.3399,540,34313,0.747318,0.57,1,821379,820839,540
61279921,94.6203,75.068,545,34375,0.781464,0.67,2,821477,820932,545
61282841,52.5241,89.4136,494,34437,0.836293,0.67,2,821519,821025,494
61285761,35.3048,49.8827,485,34498,0.863259,0.73,2,821550,821065,485
61288681,61.461,33.9765,523,34559,0.868652,0.77,2,821618,821095,523
61291601,39.4922,58.7953,492,34620,0.86973,0.77,2,821652,821160,492
61294521,9.49844,39.7591,459,34681,0.869946,0.77,2,821654,821195,459
61297441,27.4997,9.55181,489,34742,0.869989,0.75,2,821686,821197,489
61300361,30.2999,28.3104,487,34803,0.869998,0.73,2,821717,821230,487
61303281,7.65999,29.6621,459,34864,0.87,0.77,2,821719,821260,459
61306201,17.532,7.53241,477,34925,0.886,0.73,2,821739,821262,477
61309121,81.9064,17.5065,555,34986,0.8732,0.75,2,821837,821282,555
61458041,45,30,517,37944,0.65,1,1,823922,823405,517
61460961,52.2,44.4,523,38000,0.634,1,1,823976,823453,523
61463881,47.24,51.28,516,38056,0.6788,1,1,824022,823506,516
61466801,35.848,36.656,516,38112,0.68776,1,1,824055,823539,516
61469721,36.7696,31.3312,523,38167,0.673552,1,1,824092,823569,523
61472641,25.7539,32.6662,513,38222,0.62271,1,1,824115,823602,513
61475561,30.7508,30.5332,515,38277,0.548542,1,1,824147,823632,515
61478481,27.7502,33.3066,508,38332,0.581708,1,1,824174,823666,508
61481401,27.95,21.8613,517,38387,0.524342,1,1,824202,823685,517
61484321,35.19,38.7723,511,38442,0.528868,0.98,1,824239,823728,511
61487241,52.638,38.9545,529,38497,0.545774,0.95,1,824296,823767,529
61490161,41.7276,58.1909,505,38552,0.517155,0.75,1,824335,823830,505
61493081,41.1455,49.2382,499,38607,0.511431,0.65,1,824376,823877,499
61496001,9.8291,45.8476,456,38662,0.510286,0.63,1,824378,823922,456
61498921,40.3658,52.3695,450,38717,0.494057,0.69,1,824426,823976,450
61501841,44.8732,47.2739,450,38772,0.506811,0.69,1,824472,824022,450
61504761,37.7746,35.8548,453,38826,0.477362,0.67,1,824508,824055,453
61507681,36.3549,36.771,452,38880,0.519472,0.61,1,824544,824092,452
61510601,22.471,25.7542,448,38934,0.495895,0.53,1,824563,824115,448
61513521,30.8942,30.7508,449,38988,0.523179,0.59,1,824596,824147,449
61516441,30.1788,27.7502,452,39042,0.496636,0.51,1,824626,824174,452
61519361,24.4358,27.95,447,39096,0.507327,0.53,1,824649,824202,447
61522281,34.4872,35.19,447,39150,0.541465,0.55,1,824686,824239,447
61525201,54.0974,52.638,449,39204,0.580293,0.51,1,824745,824296,449
61528121,40.4195,41.7276,447,39258,0.588059,0.51,1,824782,824335,447
61531041,40.8839,41.1455,447,39312,0.573612,0.51,1,824823,824376,447
61533961,9.77678,9.8291,447,39366,0.602722,0.49,1,824825,824378,447
61536881,38.7554,40.3658,445,39420,0.656545,0.51,1,824871,824426,445
61539801,45.3511,44.8732,446,39474,0.683309,0.47,1,824918,824472,446
61542721,37.8702,37.7746,446,39528,0.704662,0.53,1,824954,824508,446
61545641,35.574,36.3549,445,39581,0.740932,0.49,1,824989,824544,445
61548561,22.3148,22.471,445,39634,0.732186,0.53,1,825008,824563,445
61551481,31.663,30.8942,446,39687,0.746437,0.49,1,825042,824596,446
61554401,30.3326,30.1788,446,39740,0.765287,0.51,2,825072,824626,446
61557321,23.6665,24.4358,445,39793,0.817057,0.55,2,825094,824649,445
61560241,35.9333,34.4872,447,39846,0.875412,0.59,2,825133,824686,447
61563161,55.9867,54.0974,449,39899,0.903082,0.59,2,825194,824745,449
61566081,40.7973,40.4195,449,39952,0.924616,0.57,2,825231,824782,449
61569001,41.7595,40.8839,450,40005,0.944923,0.61,2,825273,824823,450
61571921,9.95189,9.77678,450,40058,0.916985,0.61,2,825275,824825,450
61583601,35,36,491,40270,0.95,0.75,2,825445,824954,491
61586521,23,35.2,476,40322,0.95,0.73,2,825465,824989,476
61735441,37,41,490,42909,0.83,1,2,827289,826799,490
61738361,37.8,37,492,42958,0.798,1,2,827327,826835,492
61741281,33.16,33.8,491,43007,0.7756,1,2,827359,826868,491
61744201,21.032,6.76,509,43056,0.73912,1,1,827377,826868,509
61747121,28.2064,20.552,515,43105,0.683824,1,1,827407,826892,515
61750041,33.6413,25.7104,523,43154,0.672765,1,1,827442,826919,523
61752961,24.3283,29.1421,515,43203,0.670553,1,1,827464,826949,515
61755881,24.8657,30.6284,509,43252,0.702111,0.95,1,827489,826980,509
61758801,18.5731,29.3257,497,43301,0.724422,1,1,827506,827009,497
61761721,63.7146,29.8651,542,43350,0.760884,0.93,2,827581,827039,542
61764641,30.3429,59.573,497,43399,0.768177,1,2,827603,827106,497
61767561,45.2686,31.1146,522,43448,0.721635,0.99,1,827652,827130,522
61770481,34.6537,49.4229,500,43497,0.744327,0.95,1,827684,827184,500
61773401,35.7307,35.4846,504,43546,0.764865,0.91,2,827720,827216,504
61776321,35.9461,35.8969,504,43594,0.736973,0.83,1,827756,827252,504
61779241,33.5892,36.7794,500,43642,0.795395,0.79,2,827789,827289,500
61782161,26.7178,37.7559,487,43690,0.807079,0.77,2,827814,827327,487
61785081,19.7436,33.1512,473,43738,0.825416,0.73,2,827832,827359,473
61788001,30.3487,21.0302,488,43786,0.861083,0.67,2,827865,827377,488
61790921,33.2697,28.206,492,43834,0.900217,0.67,2,827899,827407,492
61793841,21.0539,33.6412,475,43882,0.908043,0.67,2,827917,827442,475
61796761,26.6108,24.3282,481,43930,0.909609,0.71,2,827945,827464,481
61799681,14.9222,24.8656,468,43978,0.909922,0.73,2,827957,827489,468
61802601,69.3844,18.5731,534,44026,0.909984,0.77,2,828040,827506,534
62025981,85,65,485,21997,0.01,0.33,1,830508,830023,485
62028901,95.4,104.2,469,22093,0.042,0.17,1,830606,830137,469
62031821,55.08,70.44,452,22189,0.0644,0.05,1,830651,830199,452
62034741,62.216,69.288,447,22285,0.02088,0.13,1,830715,830268,447
62037661,49.2432,49.8576,448,22380,0.012176,0.01,1,830761,830313,448
62040581,52.2486,50.7715,450,22475,0.0264352,0.03,1,830814,830364,450
62043501,20.8497,32.5543,435,22569,0.013287,0.01,1,830827,830392,435
62046421,86.5699,31.3109,507,22663,0.0586574,0.01,1,830930,830423,507
62049341,96.514,74.2622,521,22757,0.115731,0.05,1,831029,830508,521
62052261,58.5028,93.2524,472,22850,0.159146,0.07,1,831078,830606,472
62055181,58.9006,54.6505,486,22943,0.135829,0.01,1,831137,830651,486
62058101,50.1801,62.1301,470,23035,0.0991658,0.01,1,831185,830715,470
62061021,50.836,49.226,475,23127,0.0438332,0.03,1,831236,830761,475
62063941,21.3672,52.2452,436,23219,0.0327666,0.01,1,831250,830814,436
62066861,85.8734,20.849,525,23310,0.0785533,0.07,1,831352,830827,525
62069781,100.375,86.5698,526,23401,0.151711,0.13,1,831456,830930,526
62072701,61.6749,96.514,479,23492,0.134342,0.17,1,831508,831029,479
62075621,53.935,58.5028,482,23582,0.162868,0.13,1,831560,831078,482
62078541,49.187,58.9006,471,23672,0.200574,0.09,1,831608,831137,471
