#Ack,ack_ewma(ms),send_ewma(ms),rtt_ratio,cwnd (Bytes),Last Router Ocupation Ack Arriaval(Packets),Last Router Ocupation Packet Sent(Packets),Network Situation,AckArrival(ms),TSInsideAck(ms),RTTAck(ms)
410601,2952.1,2960.04,66,28226,0.01,0,1,52594,52528,66
413521,2586.09,2593.03,66,31146,0.01,0,1,52618,52552,66
416441,2265.83,2271.9,66,34066,0.03,0,1,52642,52576,66
419361,1985.6,1990.91,66,36499,0.05,0,1,52666,52600,66
422281,1740.4,1744.3,72,35039,0.05,0,1,52690,52618,72
425201,1525.85,1528.51,78,34066,0.07,0,1,52714,52636,78
428121,1338.12,1339.7,84,33336,0.09,0,1,52738,52654,84
431041,1173.85,1174.49,90,32849,0.09,0,1,52762,52672,90
433961,1030.12,1029.93,96,32606,0.11,0,1,52786,52690,96
436881,904.357,903.435,102,32606,0.13,0,1,52810,52708,102
439801,794.312,792.755,108,32606,0.13,0,1,52834,52726,108
442721,698.023,695.911,114,32606,0.15,0,1,52858,52744,114
445641,613.77,611.172,120,32606,0.17,0,1,52882,52762,120
448561,540.049,537.026,126,32606,0.17,0,1,52906,52780,126
451481,475.543,472.147,132,29686,0.17,0,1,52930,52798,132
454401,419.1,415.379,138,29686,0.17,0,1,52954,52816,138
457321,369.713,365.707,144,29686,0.15,0,1,52978,52834,144
460241,326.499,322.243,150,29686,0.15,0,1,53002,52852,150
463161,288.686,284.213,156,29686,0.15,0,1,53026,52870,156
466081,255.6,250.936,162,29686,0.15,0,1,53050,52888,162
469001,226.65,221.819,168,29686,0.15,0,1,53074,52906,168
471921,201.319,197.217,167,29686,0.15,0,1,53098,52931,167
474841,179.154,176.565,159,29686,0.15,0,1,53122,52963,159
477761,159.76,158.494,151,29686,0.15,0,1,53146,52995,151
480681,142.79,142.182,147,29686,0.15,0,1,53170,53023,147
483601,127.941,127.41,147,29686,0.15,0,1,53194,53047,147
486521,114.949,114.483,147,29686,0.15,0,1,53218,53071,147
489441,103.58,103.173,147,29686,0.15,0,1,53242,53095,147
492361,93.6325,93.2763,147,29686,0.15,0,1,53266,53119,147
495281,84.9284,84.6168,147,29686,0.15,0,1,53290,53143,147
498201,77.3124,77.0397,147,29686,0.15,0,1,53314,53167,147
501121,70.6483,70.4097,147,29686,0.15,0,1,53338,53191,147
504041,64.8173,64.6085,147,29686,0.15,0,1,53362,53215,147
506961,59.7151,59.5324,147,29686,0.15,0,1,53386,53239,147
509881,55.2507,55.0909,147,29686,0.15,0,1,53410,53263,147
512801,51.3444,51.2045,147,29686,0.15,0,1,53434,53287,147
515721,47.9263,47.804,147,29686,0.15,0,1,53458,53311,147
518641,44.9355,44.8285,147,29686,0.15,0,1,53482,53335,147
521561,42.3186,42.2249,147,29686,0.15,0,1,53506,53359,147
524481,40.0288,39.9468,147,29686,0.15,0,1,53530,53383,147
527401,38.0252,37.9534,147,29686,0.15,0,1,53554,53407,147
530321,36.272,36.2093,147,29686,0.15,0,1,53578,53431,147
533241,34.738,34.6831,147,32606,0.15,0,1,53602,53455,147
536161,33.3958,33.3477,147,32606,0.17,0,1,53626,53479,147
539081,32.2213,32.1793,147,32606,0.17,0,1,53650,53503,147
542001,31.1936,31.1568,147,32606,0.19,0,1,53674,53527,147
544921,30.2944,30.2622,147,29686,0.19,0,1,53698,53551,147
547841,29.5076,29.4795,147,29686,0.17,0,1,53722,53575,147
550761,28.8192,28.4195,150,29686,0.17,0,1,53746,53596,150
553681,28.2168,27.1171,156,29686,0.15,0,1,53770,53614,156
556601,27.6897,25.9775,162,29686,0.15,0,1,53794,53632,162
559521,27.2285,24.9803,168,29686,0.15,0,1,53818,53650,168
562441,26.8249,24.1077,174,29686,0.15,0,1,53842,53668,174
565361,26.4718,24.2193,173,29686,0.15,0,1,53866,53693,173
568281,26.1628,25.1919,165,29686,0.15,0,1,53890,53725,165
571201,25.8925,26.0429,157,29686,0.15,0,1,53914,53757,157
574121,25.6559,26.2875,153,29686,0.15,0,1,53938,53785,153
577041,25.4489,26.0016,153,29686,0.15,0,1,53962,53809,153
579961,25.2678,25.7514,153,29686,0.15,0,1,53986,53833,153
582881,25.1093,25.5325,153,29686,0.15,0,1,54010,53857,153
585801,24.9707,25.3409,153,29686,0.15,0,1,54034,53881,153
588721,24.8493,25.1733,153,29686,0.15,0,1,54058,53905,153
591641,24.7432,25.0266,153,29686,0.15,0,1,54082,53929,153
594561,24.6503,24.8983,153,29686,0.15,0,1,54106,53953,153
597481,24.569,24.786,153,29686,0.15,0,1,54130,53977,153
600401,24.4979,24.6878,153,29686,0.15,0,1,54154,54001,153
603321,24.4356,24.6018,153,29686,0.15,0,1,54178,54025,153
606241,24.3812,24.5266,153,29686,0.15,0,1,54202,54049,153
609161,24.3335,24.4607,153,29686,0.15,0,1,54226,54073,153
612081,24.2918,24.4032,153,29686,0.15,0,1,54250,54097,153
615001,24.2554,24.3528,153,29686,0.15,0,1,54274,54121,153
617921,24.2234,24.3087,153,29686,0.15,0,1,54298,54145,153
620841,24.1955,24.2701,153,29686,0.15,0,1,54322,54169,153
623761,24.1711,24.2363,153,29686,0.15,0,1,54346,54193,153
626681,24.1497,24.2068,153,32606,0.17,0,1,54370,54217,153
629601,24.131,24.1809,153,32606,0.17,0,1,54394,54241,153
632521,24.1146,24.1583,153,32606,0.19,0,1,54418,54265,153
635441,24.1003,24.1385,153,32606,0.21,0,1,54442,54289,153
638361,24.0877,24.1212,153,29686,0.21,0,1,54466,54313,153
641281,24.0768,24.1061,153,29686,0.19,0,1,54490,54337,153
644201,24.0672,23.7178,156,29686,0.19,0,1,54514,54358,156
647121,24.0588,23.0031,162,29686,0.17,0,1,54538,54376,162
650041,24.0514,22.3777,168,29686,0.17,0,1,54562,54394,168
652961,24.045,21.8305,174,29686,0.17,0,1,54586,54412,174
655881,24.0394,21.3517,180,29686,0.17,0,1,54610,54430,180
658801,24.0345,20.9327,186,29686,0.17,0,1,54634,54448,186
661721,24.0301,22.3161,178,29686,0.17,0,1,54658,54480,178
664641,24.0264,23.5266,170,29686,0.17,0,1,54682,54512,170
667561,24.0231,24.5858,162,29686,0.17,0,1,54706,54544,162
670481,24.0202,24.5126,162,29686,0.17,0,1,54730,54568,162
673401,24.0177,24.4485,162,29686,0.17,0,1,54754,54592,162
676321,24.0155,24.3924,162,29686,0.17,0,1,54778,54616,162
679241,24.0135,24.3434,162,29686,0.17,0,1,54802,54640,162
682161,24.0118,24.3005,162,29686,0.17,0,1,54826,54664,162
685081,24.0104,24.2629,162,29686,0.17,0,1,54850,54688,162
688001,24.0091,24.23,162,29686,0.17,0,1,54874,54712,162
690921,24.0079,24.2013,162,29686,0.17,0,1,54898,54736,162
693841,24.0069,24.1761,162,29686,0.17,0,1,54922,54760,162
696761,24.0061,24.1541,162,29686,0.17,0,1,54946,54784,162
699681,24.0053,24.1348,162,29686,0.17,0,1,54970,54808,162
702601,24.0046,24.118,162,29686,0.17,0,1,54994,54832,162
705521,24.0041,24.1032,162,29686,0.17,0,1,55018,54856,162
708441,24.0036,24.0903,162,29686,0.17,0,1,55042,54880,162
711361,24.0031,24.079,162,29686,0.17,0,1,55066,54904,162
714281,24.0027,24.0692,162,29686,0.17,0,1,55090,54928,162
717201,24.0024,24.0605,162,29686,0.17,0,1,55114,54952,162
720121,24.0021,24.053,162,32606,0.17,0,1,55138,54976,162
723041,24.0018,24.0463,162,32606,0.19,0,1,55162,55000,162
725961,24.0016,24.0405,162,32606,0.21,0,1,55186,55024,162
728881,24.0014,24.0355,162,32606,0.21,0,1,55210,55048,162
731801,24.0012,24.031,162,29686,0.21,0,1,55234,55072,162
734721,24.0011,24.0272,162,29686,0.21,0,1,55258,55096,162
737641,24.0009,24.0238,162,29686,0.19,0,1,55282,55120,162
740561,24.0008,23.2708,168,29686,0.19,0,1,55306,55138,168
743481,24.0007,22.6119,174,29686,0.19,0,1,55330,55156,174
746401,24.0006,22.0355,180,29686,0.19,0,1,55354,55174,180
749321,24.0005,21.531,186,29686,0.19,0,1,55378,55192,186
752241,24.0005,21.0896,192,29686,0.19,0,1,55402,55210,192
755161,24.0004,21.5784,191,29686,0.19,0,1,55426,55235,191
758081,24.0004,22.8811,183,29686,0.19,0,1,55450,55267,183
761001,24.0003,24.021,175,29686,0.19,0,1,55474,55299,175
763921,24.0003,24.5184,171,29686,0.19,0,1,55498,55327,171
766841,24.0002,24.4536,171,29686,0.19,0,1,55522,55351,171
769761,24.0002,24.3969,171,29686,0.19,0,1,55546,55375,171
772681,24.0002,24.3473,171,29686,0.19,0,1,55570,55399,171
775601,24.0002,24.3039,171,29686,0.19,0,1,55594,55423,171
778521,24.0001,24.2659,171,29686,0.19,0,1,55618,55447,171
781441,24.0001,24.2326,171,29686,0.19,0,1,55642,55471,171
784361,24.0001,24.2036,171,29686,0.19,0,1,55666,55495,171
787281,24.0001,24.1781,171,29686,0.19,0,1,55690,55519,171
790201,24.0001,24.1559,171,29686,0.19,0,1,55714,55543,171
793121,24.0001,24.1364,171,29686,0.19,0,1,55738,55567,171
796041,24.0001,24.1193,171,29686,0.16,0,1,55762,55591,171
798961,24.0001,24.1044,171,29686,0.12,0,1,55786,55615,171
801881,24,24.0914,171,29686,0.08,0,1,55810,55639,171
804801,24,24.0799,171,29686,0.06,0,1,55834,55663,171
807721,24,24.0699,171,29686,0.03,0,1,55858,55687,171
810641,24,24.0612,171,29686,0.01,0,1,55882,55711,171
812241,22.625,24.0536,160,32606,0.01,0,1,55895,55735,160
831221,604.354,475.004,2144,54506,0.76,0,2,68678,66534,2144
831221,536.31,415.629,2204,52560,0.84,0,2,68738,66534,2204
831221,481.271,363.675,2300,45260,0.94,0,2,68834,66534,2300
841441,312.202,394.928,504,7300,0.83,0,2,69986,69482,504
844361,285.177,356.062,516,7300,0.77,0,2,70082,69566,516
844361,261.53,311.554,612,7300,0.72,0,2,70178,69566,612
844361,236.339,272.61,672,7300,0.67,0,2,70238,69566,672
844361,247.296,238.534,996,7300,0.65,0,2,70562,69566,996
844361,226.884,208.717,1080,7300,0.61,0,2,70646,69566,1080
851661,665.024,710.252,591,1460,0.91,0,2,74378,73787,591
858961,456.843,481.565,588,11680,0.91,0,2,75566,74978,588
860421,413.238,422.994,683,13140,0.73,0,2,75674,74991,683
860421,376.583,370.12,803,14600,0.74,0,2,75794,74991,803
860421,340.01,323.855,887,16060,0.78,0,2,75878,74991,887
860421,305.009,283.373,947,17520,0.86,0,2,75938,74991,947
860421,272.883,247.951,995,18980,0.87,0,2,75986,74991,995
860421,241.773,216.958,1019,20440,0.87,0,2,76010,74991,1019
860421,225.051,189.838,1127,21900,0.83,0,2,76118,74991,1127
860421,198.42,166.108,1139,23360,0.83,0,2,76130,74991,1139
860421,187.117,145.345,1247,24820,0.81,0,2,76238,74991,1247
860421,165.228,127.177,1259,26280,0.81,0,2,76250,74991,1259
860421,159.574,111.279,1379,27740,0.83,0,2,76370,74991,1379
860421,148.627,97.3695,1451,29200,0.81,0,2,76442,74991,1451
860421,140.549,85.1983,1535,30660,0.79,0,2,76526,74991,1535
860421,127.48,74.5485,1571,32120,0.77,0,2,76562,74991,1571
860421,114.545,65.23,1595,33580,0.79,0,2,76586,74991,1595
860421,110.727,57.0762,1679,35040,0.75,0,2,76670,74991,1679
860421,101.386,49.9417,1715,19921,0.77,0,2,76706,74991,1715
860421,97.7129,43.699,1787,21381,0.75,0,2,76778,74991,1787
860421,88.4988,38.2366,1811,21467,0.73,0,2,76802,74991,1811
860421,92.4365,33.457,1931,18817,0.71,0,2,76922,74991,1931
860421,88.3819,29.2749,1991,18817,0.71,0,2,76982,74991,1991
860421,86.3342,25.6155,2063,18817,0.71,0,2,77054,74991,2063
860421,78.5424,22.4136,2087,18817,0.71,0,2,77078,74991,2087
860421,73.2246,19.6119,2123,18842,0.77,0,2,77114,74991,2123
902761,527.813,640.453,708,5840,0.99,0,2,81326,80618,708
905681,488.836,576.396,796,8760,0.97,0,2,81542,80746,796
918821,308.461,312.456,1032,27740,0.96,0,2,83006,81974,1032
918821,284.904,273.399,1152,18980,0.97,0,2,83126,81974,1152
942181,127.07,148.66,848,10949,0.94,0,2,84242,83394,848
942181,126.186,130.078,968,12409,0.84,0,2,84362,83394,968
942181,125.413,113.818,1088,13869,0.8,0,2,84482,83394,1088
942181,121.736,99.5908,1184,11680,0.87,0,2,84578,83394,1184
942181,115.519,87.142,1256,7300,0.87,0,2,84650,83394,1256
942181,104.079,76.2492,1280,7300,0.92,0,2,84674,83394,1280
942181,103.07,66.7181,1376,7300,0.91,0,2,84770,83394,1376
948021,116.884,168.321,588,7300,0.98,0,2,85238,84650,588
962001,147.819,162.387,775,12409,0.98,0,2,85845,85070,775
964921,281.924,294.327,771,14709,0.92,0,2,87201,86430,771
964921,261.683,257.537,891,17629,0.93,0,2,87321,86430,891
964921,244.598,225.344,1016,19089,0.95,0,2,87446,86430,1016
969301,129.31,155.516,965,24820,0.97,0,2,88747,87782,965
969301,110.218,31.3235,2177,5840,0.91,0,2,89959,87782,2177
969301,109.941,27.4081,2285,7300,0.95,0,2,90067,87782,2285
969301,111.198,23.9821,2405,8760,0.93,0,2,90187,87782,2405
1020401,115.365,157.45,800,20440,0.92,0,2,91159,90359,800
1021861,127.945,159.019,846,23360,0.93,0,2,91375,90529,846
1021861,119.451,139.141,906,26280,0.94,0,2,91435,90529,906
1021861,118.02,121.749,1014,27740,0.94,0,2,91543,90529,1014
1021861,106.859,93.2138,1158,11680,0.97,0,2,91687,90529,1158
1021861,101.002,81.562,1218,11680,0.99,0,2,91747,90529,1218
1046681,124.982,162.469,760,16789,0.97,0,2,92743,91983,760
1090481,131.985,144.708,868,17520,0.97,0,2,96367,95499,868
1090481,137.987,126.62,1048,20440,0.78,0,2,96547,95499,1048
1090481,128.239,110.792,1108,21900,0.79,0,2,96607,95499,1108
1090481,125.709,96.9431,1216,16060,0.85,0,2,96715,95499,1216
1090481,115.995,84.8252,1264,13140,0.87,0,2,96763,95499,1264
1090481,114.996,74.222,1372,14600,0.97,0,2,96871,95499,1372
1090481,108.121,64.9443,1432,16060,0.97,0,2,96931,95499,1432
1115301,109.559,28.0831,2128,7300,0.98,0,2,99223,97095,2128
1115301,102.819,21.5011,2284,10220,0.91,0,2,99379,97095,2284
1176621,94.3474,59.4994,1232,24820,0.97,0,2,102913,101681,1232
1176621,105.171,10.4862,2540,13140,0.97,0,2,104221,101681,2540
1176621,99.5246,9.17541,2600,14600,0.92,0,2,104281,101681,2600
1176621,102.084,8.02848,2720,16060,0.97,0,2,104401,101681,2720
1226261,101.433,256.726,1072,18980,0.94,0,2,106729,105657,1072
1226261,103.754,224.635,1192,18980,0.86,0,2,106849,105657,1192
1226261,105.785,196.556,1312,20440,0.92,0,2,106969,105657,1312
1242321,96.9176,248.641,812,17520,0.98,0,2,108181,107369,812
1242321,99.8029,217.561,932,18980,0.96,0,2,108301,107369,932
1242321,110.795,50.0806,2180,8760,0.94,0,2,109549,107369,2180
1242321,111.946,43.8205,2300,10220,0.9,0,2,109669,107369,2300
1242321,112.953,38.343,2420,11680,0.91,0,2,109789,107369,2420
1242321,114.152,5.17376,4124,7300,0.98,0,2,111493,107369,4124
1242321,114.883,4.52704,4244,8760,0.96,0,2,111613,107369,4244
1242321,114.022,3.96116,4352,10220,0.98,0,2,111721,107369,4352
1315321,118.5,151.686,1144,33580,0.91,0,2,113273,112129,1144
1315321,118.688,132.725,1264,30660,0.94,0,2,113393,112129,1264
1315321,121.852,116.134,1408,30660,0.96,0,2,113537,112129,1408
1315321,120.12,101.618,1516,24820,0.96,0,2,113645,112129,1516
1329921,104.743,46.0436,1544,8760,0.86,0,2,115337,113793,1544
1329921,102.15,40.2881,1628,10220,0.91,0,2,115421,113793,1628
1329921,104.382,35.2521,1748,11680,0.96,0,2,115541,113793,1748
1329921,112.923,7.10038,3044,29200,0.99,0,2,116837,113793,3044
1329921,106.492,1.86794,4064,17520,0.92,0,2,117857,113793,4064
1329921,102.181,1.63445,4136,18980,0.99,0,2,117929,113793,4136
1329921,104.408,1.43014,4256,20440,0.85,0,2,118049,113793,4256
1329921,106.357,1.25137,4376,20440,0.89,0,2,118169,113793,4376
1329921,105.062,1.09495,4472,21900,0.96,0,2,118265,113793,4472
1329921,105.797,0.329205,5427,35040,0.95,0,2,119220,113793,5427
1329921,107.572,0.288055,5547,36500,0.89,0,2,119340,113793,5547
1329921,109.126,0.252048,5667,37960,0.86,0,2,119460,113793,5667
1329921,109.86,0.220542,5782,39420,0.89,0,2,119575,113793,5782
1329921,106.628,0.192974,5866,40880,0.96,0,2,119659,113793,5866
1329921,98.6992,0.147746,6010,43800,0.97,0,2,119803,113793,6010
1329921,48.5814,0.00685016,7090,70728,0.99,0,2,120883,113793,7090
1329921,53.0088,0.00599389,7174,1460,0.96,0,2,120967,113793,7174
1335761,92.6714,888.004,636,9060,0.98,0,2,121533,120897,636
1452561,90.0875,785.753,638,10520,0.98,0,2,121605,120967,638
1455481,90.8265,692.034,698,11980,0.98,0,2,121701,121003,698
1468921,110.983,105.436,1416,16060,0.95,0,2,124521,123105,1416
1468921,104.61,92.2562,1476,16060,0.97,0,2,124581,123105,1476
1468921,106.534,80.7242,1596,17520,0.94,0,2,124701,123105,1596
1468921,106.717,70.6337,1704,18980,0.93,0,2,124809,123105,1704
1468921,105.378,61.8045,1800,1460,0.97,0,2,124905,123105,1800
1505421,99.5285,133.635,1073,17520,0.98,0,2,126021,124948,1073
1505421,99.0875,116.931,1169,17520,0.92,0,2,126117,124948,1169
1505421,98.7015,102.314,1265,17520,0.91,0,2,126213,124948,1265
1505421,95.3638,89.5251,1337,18980,0.93,0,2,126285,124948,1337
1505421,126.183,59.9748,1853,1460,0.99,0,2,126801,124948,1853
1512721,116.931,181.246,753,13140,0.95,0,2,127581,126828,753
1512721,117.314,158.59,873,14600,0.86,0,2,127701,126828,873
1512721,117.65,138.767,993,16060,0.81,0,2,127821,126828,993
1512721,135.944,121.421,1257,17520,0.99,0,2,128085,126828,1257
1512721,132.382,41.7212,2265,8760,0.96,0,2,129093,126828,2265
1512721,130.834,36.5061,2385,10220,0.96,0,2,129213,126828,2385
1512721,129.48,31.9428,2505,11680,0.97,0,2,129333,126828,2505
1512721,141.791,14.3358,3381,18980,0.97,0,2,130209,126828,3381
1512721,139.067,12.5438,3501,20440,0.92,0,2,130329,126828,3501
1512721,136.683,10.9758,3621,21900,0.88,0,2,130449,126828,3621
1512721,134.598,9.60386,3741,23360,0.85,0,2,130569,126828,3741
1512721,146.523,8.40338,3971,1460,0.89,0,2,130799,126828,3971
1512721,144.708,7.35296,4103,5840,0.93,0,2,130931,126828,4103
1512721,140.119,6.43384,4211,7300,0.91,0,2,131039,126828,4211
1512721,137.604,5.62961,4331,8760,0.99,0,2,131159,126828,4331
1517101,123.404,474.051,602,10220,0.99,0,2,131183,130581,602
1568201,115.507,79.7992,1738,5840,0.97,0,2,133128,131390,1738
1591561,114.552,95.8854,1212,39420,0.98,0,2,134688,133476,1212
1591561,96.4806,14.7865,2436,14600,0.96,0,2,135912,133476,2436
1591561,99.4205,12.9382,2556,16060,0.87,0,2,136032,133476,2556
1591561,100.493,11.3209,2664,16060,0.85,0,2,136140,133476,2664
1591561,102.931,9.9058,2784,17520,0.88,0,2,136260,133476,2784
1591561,103.565,8.66758,2892,18980,0.93,0,2,136368,133476,2892
1603241,129.285,471.78,624,11680,0.99,0,2,137856,137232,624
1603241,128.609,361.207,876,13140,0.97,0,2,138108,137232,876
1603241,127.533,316.056,996,14600,0.97,0,2,138228,137232,996
1603241,123.591,276.549,1092,14600,0.99,0,2,138324,137232,1092
1603241,123.142,241.98,1212,14600,0.99,0,2,138444,137232,1212
1652881,121.12,266.659,776,11680,0.94,0,2,139632,138856,776
1652881,120.98,233.327,896,13140,0.92,0,2,139752,138856,896
1652881,120.858,204.161,1016,13140,0.96,0,2,139872,138856,1016
1673321,123.612,140.405,1020,10220,0.94,0,2,142332,141312,1020
1673321,123.161,122.854,1140,11680,0.87,0,2,142452,141312,1140
1673321,122.766,107.497,1260,11680,0.78,0,2,142572,141312,1260
1673321,120.92,94.0603,1368,11680,0.79,0,2,142680,141312,1368
1673321,116.305,82.3027,1452,11680,0.79,0,2,142764,141312,1452
1673321,110.767,72.0149,1524,13140,0.81,0,2,142836,141312,1524
1673321,107.421,63.013,1608,14600,0.82,0,2,142920,141312,1608
1673321,101.493,55.1364,1668,16060,0.79,0,2,142980,141312,1668
1673321,100.807,48.2444,1764,17520,0.79,0,2,143076,141312,1764
1673321,115.206,42.2138,1980,1460,0.83,0,2,143292,141312,1980
1673321,111.305,36.9371,2064,5840,0.83,0,2,143376,141312,2064
1673321,107.892,32.32,2148,7300,0.81,0,2,143460,141312,2148
1673321,101.905,28.28,2208,8760,0.85,0,2,143520,141312,2208
1673321,102.667,24.745,2316,10220,0.87,0,2,143628,141312,2316
1703981,92.8339,244.152,560,11680,0.89,0,2,143652,143092,560
1703981,105.23,213.633,752,13140,0.93,0,2,143844,143092,752
1715661,144.715,149.586,1054,26280,0.97,0,2,145176,144122,1054
1715661,141.626,130.888,1174,27740,0.94,0,2,145296,144122,1174
1734641,132.132,163.916,876,8760,0.93,0,2,146460,145584,876
1734641,130.616,143.427,996,11680,0.91,0,2,146580,145584,996
1734641,129.289,125.498,1116,11680,0.92,0,2,146700,145584,1116
1747781,119.082,34.2318,2108,10220,0.94,0,2,149052,146944,2108
1747781,119.197,29.9528,2228,11680,0.97,0,2,149172,146944,2228
1747781,125.709,11.7624,3130,17520,0.95,0,2,150074,146944,3130
1747781,141.495,10.2921,3382,18980,0.96,0,2,150326,146944,3382
1747781,140.308,9.00556,3514,20440,0.97,0,2,150458,146944,3514
1747781,136.52,7.87986,3624,1460,0.96,0,2,150568,146944,3624
1801801,161.85,253.514,776,24910,0.99,0,2,152800,152024,776
1816401,193.74,239.957,786,24910,0.93,0,2,153940,153154,786
1819321,195.022,237.963,766,24910,0.91,0,2,154144,153378,766
1822241,196.77,236.217,751,27830,0.97,0,2,154353,153602,751
1825161,196.173,234.69,719,28392,0.91,0,2,154545,153826,719
1828081,198.652,233.354,711,28392,0.79,0,2,154761,154050,711
1831001,199.32,229.435,713,28392,0.71,0,2,154965,154252,713
1833921,192.405,223.255,677,29805,0.67,0,2,155109,154432,677
1836841,186.355,217.098,647,29748,0.63,0,2,155253,154606,647
1839761,178.06,211.711,593,29407,0.61,0,2,155373,154780,593
1842681,169.303,206.997,527,28923,0.57,0,2,155481,154954,527
1845601,167.64,202.248,514,28269,0.51,0,2,155637,155123,514
1848521,164.685,197.467,494,31189,0.47,0,2,155781,155287,494
1851441,160.599,193.283,462,31071,0.45,0,2,155913,155451,462
1854361,157.024,189.623,430,30282,0.49,0,2,156045,155615,430
1857281,150.896,184.795,387,29459,0.51,0,2,156153,155766,387
1860201,151.534,178.821,406,28532,0.59,0,2,156309,155903,406
1863121,150.592,173.468,414,27812,0.61,0,2,156453,156039,414
1866041,152.768,168.785,446,27229,0.73,0,2,156621,156175,446
1868961,154.672,164.686,478,26852,0.85,0,2,156789,156311,478
1871881,156.338,161.101,510,26646,0.91,0,2,156957,156447,510
1887941,178.693,147.265,858,26612,0.98,0,2,158121,157263,858
1887941,171.357,128.857,978,23692,0.89,0,2,158241,157263,978
1887941,164.937,112.75,1098,23692,0.99,0,2,158361,157263,1098
1898161,131.767,139.27,858,10220,0.96,0,2,159525,158667,858
1898161,136.296,121.862,1026,11680,0.91,0,2,159693,158667,1026
1898161,125.259,106.629,1074,11680,0.86,0,2,159741,158667,1074
1908381,126.102,175.55,548,11680,0.98,0,2,159873,159325,548
1920061,155.149,140.342,936,23275,0.93,0,2,160941,160005,936
1920061,150.755,122.799,1056,23275,0.93,0,2,161061,160005,1056
1920061,146.911,107.449,1176,23275,0.92,0,2,161181,160005,1176
1920061,143.547,94.0179,1296,13140,0.98,0,2,161301,160005,1296
1944881,125.117,196.25,708,14600,0.98,0,2,163557,162849,708
1955101,124.477,204.719,564,14600,0.94,0,2,163677,163113,564
1968241,150.094,188.113,816,10949,0.96,0,2,165057,164241,816
1968241,146.332,164.599,936,13869,0.96,0,2,165177,164241,936
1982841,159.434,202.637,840,5840,0.96,0,2,166317,165477,840
1982841,154.504,177.308,960,8760,0.93,0,2,166437,165477,960
1982841,150.191,155.144,1080,10220,0.94,0,2,166557,165477,1080
1988681,164.417,208.849,745,5840,0.95,0,2,167282,166537,745
1991601,164.865,203.868,744,5840,0.83,0,2,167450,166706,744
1994521,175.757,197.134,846,5840,0.55,0,2,167702,166856,846
1997441,195.787,246.743,588,5840,0.47,0,2,168038,167450,588
2000361,187.814,247.4,468,18249,0.43,0,2,168170,167702,468
2003281,194.337,258.475,372,21169,0.33,0,2,168410,168038,372
2006201,192.545,249.665,364,24089,0.37,0,2,168590,168226,364
2009121,192.477,241.957,368,24614,0.36,0,2,168782,168414,368
2012041,192.417,235.213,372,23688,0.3,0,2,168974,168602,372
2014961,186.49,229.311,329,22886,0.22,0,1,169119,168790,329
2017881,183.304,224.147,302,22023,0.13,0,1,169280,168978,302
2020801,173.891,219.629,222,21159,0.09,0,1,169388,169166,222
2023721,167.155,215.675,154,20110,0.01,0,1,169508,169354,154
2026641,169.26,212.216,150,18907,0,0,1,169692,169542,150
2029561,171.853,209.189,152,17859,0.01,0,1,169882,169730,152
2032481,173.371,206.54,148,16933,0,0,1,170066,169918,148
2035401,175.2,204.223,148,16100,0,0,1,170254,170106,148
2038321,177.925,202.195,157,14451,0.01,0,1,170451,170294,157
2041241,184.559,202.67,182,13915,0.01,0,1,170682,170500,182
2044161,184.114,203.087,157,16440,0.01,0,1,170863,170706,157
2047081,189.1,203.451,175,16017,0,0,1,171087,170912,175
2050001,189.337,203.769,160,15706,0,0,1,171278,171118,160
2052921,194.295,204.048,183,15396,0.07,0,1,171507,171324,183
2055841,206.008,204.292,265,12039,0.11,0,1,171795,171530,265
2058761,225.257,221.756,281,12039,0.13,0,1,172155,171874,281
2061681,242.1,237.036,297,12039,0.17,0,1,172515,172218,297
2064601,259.838,250.407,337,12039,0.27,0,1,172899,172562,337
2067521,276.858,262.106,389,12039,0.33,0,2,173295,172906,389
2070441,293.251,272.343,453,12039,0.49,0,2,173703,173250,453
2073361,297.094,277.05,467,10770,0.61,0,2,174027,173560,467
2074821,308.958,276.919,583,11402,0.77,0,2,174419,173836,583
2076281,297.338,265.804,611,11402,0.83,0,2,174635,174024,611
2077741,288.671,256.078,651,11402,0.95,0,2,174863,174212,651
2092341,271.402,253.149,736,12091,0.94,0,2,176379,175643,736
2104021,277.07,262.876,777,12091,0.96,0,2,177531,176754,777
2106941,272.436,264.016,745,12091,0.9,0,2,177771,177026,745
2109861,274.381,265.014,761,12091,0.99,0,2,178059,177298,761
2112781,273.084,265.887,753,12091,0.99,0,2,178323,177570,753
2124461,271.759,268.417,757,12091,0.96,0,2,179415,178658,757
2127381,269.289,268.865,737,12091,0.99,0,2,179667,178930,737
2141981,273.475,270.392,781,12091,0.98,0,2,181071,180290,781
2144901,278.291,270.593,821,12091,0.99,0,2,181383,180562,821
2147821,275.005,270.769,801,9171,0.95,0,2,181635,180834,801
2150741,270.629,270.923,769,5840,0.93,0,2,181875,181106,769
2153661,269.8,271.057,761,5840,0.97,0,2,182139,181378,761
2156581,299.075,299.3,768,5840,0.97,0,2,182643,181875,768
2160961,327.48,319.839,836,18345,0.75,0,2,183479,182643,836
2163881,303.545,301.109,802,18345,0.62,0,2,183615,182813,802
2166801,303.102,305.971,762,18345,0.53,0,2,183915,183153,762
2169721,287.714,310.224,602,18345,0.43,0,2,184095,183493,602
2172641,280.25,313.946,490,18174,0.31,0,2,184323,183833,490
2175561,276.718,317.203,402,20512,0.37,0,2,184575,184173,402
2178481,279.629,315.803,396,19725,0.37,0,2,184875,184479,396
2181401,280.675,310.452,411,19114,0.43,0,2,185163,184752,411
2184321,284.591,305.896,449,18605,0.49,0,2,185475,185026,449
2187241,286.517,301.909,475,20111,0.53,0,2,185775,185300,475
2190161,283.702,298.42,465,19813,0.57,0,2,186039,185574,465
2193081,281.239,290.368,495,19516,0.63,0,2,186303,185808,495
2196001,279.085,283.322,525,19337,0.67,0,2,186567,186042,525
2198921,275.699,277.156,543,19257,0.73,0,2,186819,186276,543
2201841,275.737,271.762,585,19218,0.8,0,2,187095,186510,585
2204761,272.77,267.042,603,19218,0.8,0,2,187347,186744,603
2207681,274.173,262.911,653,19218,0.85,0,2,187631,186978,653
2210601,266.902,259.298,635,20776,0.89,0,2,187847,187212,635
2213521,265.039,256.135,653,20776,0.99,0,2,188099,187446,653
2228121,166.404,70.5326,1975,10220,0.92,0,2,190487,188512,1975
2228121,160.604,61.716,2095,1460,0.96,0,2,190607,188512,2095
2293821,203.251,219.561,790,18825,0.93,0,2,196043,195253,790
2299661,218.051,231.601,776,18825,0.97,0,2,196571,195795,776
2302581,220.795,234.651,760,18825,0.83,0,2,196811,196051,760
2305501,224.696,235.57,770,18825,0.63,0,2,197063,196293,770
2308421,220.609,236.373,720,5840,0.45,0,2,197255,196535,720
2311341,212.533,237.077,634,5840,0.37,0,2,197411,196777,634
2314261,206.966,237.692,560,5840,0.31,0,2,197579,197019,560
2317181,208.095,256.981,384,20120,0.31,0,2,197795,197411,384
2320101,219.583,260.108,402,19952,0.51,0,2,198095,197693,402
2323021,237.135,262.095,486,19217,0.62,0,2,198455,197969,486
2325941,251.744,263.083,570,18806,0.65,0,2,198809,198239,570
2328861,256.276,263.947,588,18676,0.65,0,2,199097,198509,588
2331781,257.241,264.704,582,21531,0.6,0,2,199361,198779,582
2334701,258.086,265.366,576,21445,0.47,0,2,199625,199049,576
2337621,246.95,262.57,502,21358,0.41,0,2,199794,199292,502
2340541,235.581,256.749,442,21077,0.33,0,2,199950,199508,442
2343461,225.634,251.655,382,22833,0.29,0,1,200106,199724,382
2346381,219.93,247.198,346,22230,0.27,0,1,200286,199940,346
2349301,213.438,241.299,314,21601,0.23,0,1,200454,200140,314
2352221,209.259,234.136,310,20948,0.25,0,1,200634,200324,310
2355141,205.601,227.869,306,20370,0.27,0,1,200814,200508,306
2358061,199.401,222.386,278,19842,0.23,0,1,200970,200692,278
2360981,196.976,217.587,274,19289,0.23,0,1,201150,200876,274
2363901,196.354,213.389,282,18786,0.25,0,1,201342,201060,282
2366821,195.81,209.715,290,18384,0.2,0,1,201534,201244,290
2369741,191.459,206.501,267,20737,0.19,0,1,201695,201428,267
2372661,187.026,203.688,239,20297,0.16,0,1,201851,201612,239
2375581,177.148,196.727,199,19795,0.09,0,1,201959,201760,199
2378501,171.879,190.636,186,19198,0.05,0,1,202094,201908,186
2381421,162.394,185.307,134,18633,0.03,0,1,202190,202056,134
2384341,163.595,180.643,158,17911,0,0,1,202362,202204,158
2387261,165.021,181.313,147,17377,0.03,0,1,202537,202390,147
2390181,167.643,181.899,147,16875,0.01,0,1,202723,202576,147
2393101,171.438,182.412,159,16435,0,0,1,202921,202762,159
2396021,173.258,182.86,159,16090,0,0,1,203107,202948,159
2398241,172.601,183.253,141,15807,0.01,0,1,203275,203134,141
2401161,407.901,412.596,178,15493,0.09,0,1,205330,205152,178
2404081,385.413,384.272,220,15336,0.31,0,2,205558,205338,220
2407001,376.236,359.488,346,13771,0.69,0,2,205870,205524,346
2418681,339.644,286.951,785,10851,0.98,0,2,207046,206261,785
2418681,312.188,251.082,905,10851,0.98,0,2,207166,206261,905
2418681,288.165,219.697,1025,9999,0.96,0,2,207286,206261,1025
2433281,221.495,247.018,672,9999,0.95,0,2,208522,207850,672
2436201,238.808,252.266,743,9999,0.99,0,2,208882,208139,743
2447881,249.719,251.199,801,9999,0.99,0,2,209950,209149,801
2449341,247.004,255.174,746,9999,0.95,0,2,210178,209432,746
2463941,190.776,236.586,732,10949,0.95,0,2,211498,210766,732
2466861,196.929,240.263,706,12919,0.8,0,2,211738,211032,706
2469781,206.813,243.48,716,9999,0.83,0,2,212014,211298,716
2472701,200.462,239.545,660,9999,0.91,0,2,212170,211510,660
2475621,200.904,236.102,652,9999,0.97,0,2,212374,211722,652
2487301,236.319,250.652,738,9999,0.99,0,2,213550,212812,738
2490221,236.779,252.57,712,9718,0.89,0,2,213790,213078,712
2493141,243.182,254.249,734,12638,0.92,0,2,214078,213344,734
2496061,247.284,255.718,744,12638,0.89,0,2,214354,213610,744
2498981,250.873,258.753,740,9718,0.83,0,2,214630,213890,740
2501901,246.514,254.409,732,9718,0.85,0,2,214846,214114,732
2504821,238.2,250.608,688,9718,0.79,0,2,215026,214338,688
2507741,250.425,256.532,726,9718,0.75,0,2,215362,214636,726
2510661,249.122,259.465,686,5840,0.75,0,2,215602,214916,686
2513581,249.482,262.032,658,5840,0.71,0,2,215854,215196,658
2516501,261.796,280.028,600,5840,0.57,0,2,216202,215602,600
2519421,260.572,280.025,572,12919,0.47,0,2,216454,215882,572
2522341,258,285.022,492,15839,0.41,0,2,216694,216202,492
2525261,254.25,280.894,468,18759,0.41,0,2,216922,216454,468
2528181,247.969,277.282,420,20045,0.49,0,2,217126,216706,420
2531101,255.973,274.122,480,19442,0.61,0,2,217438,216958,480
2534021,261.476,271.357,528,19095,0.71,0,2,217738,217210,528
2536941,266.292,268.937,576,18909,0.79,0,2,218038,217462,576
2539861,269.005,266.82,612,18886,0.87,0,2,218326,217714,612
2554461,253.153,227.151,876,21806,0.95,0,2,219850,218974,876
2554461,236.509,198.757,996,21806,0.96,0,2,219970,218974,996
2570521,163.319,196.82,876,10949,0.95,0,2,221086,220210,876
2570521,157.904,172.218,996,13869,0.92,0,2,221206,220210,996
2570521,153.166,150.691,1116,15329,0.85,0,2,221326,220210,1116
2570521,147.52,131.854,1224,8760,0.86,0,2,221434,220210,1224
2570521,144.08,115.373,1344,8760,0.92,0,2,221554,220210,1344
2570521,144.07,100.951,1488,8760,0.95,0,2,221698,220210,1488
2570521,141.061,88.3321,1608,10220,0.95,0,2,221818,220210,1608
2570521,136.929,77.2906,1716,11680,0.97,0,2,221926,220210,1716
2583661,121.313,207.129,612,13140,0.95,0,2,221938,221326,612
2586581,136.149,194.738,744,10949,0.95,0,2,222178,221434,744
2589501,150.63,203.396,732,13869,0.91,0,2,222430,221698,732
2592421,158.801,206.221,722,16789,0.99,0,2,222646,221924,722
2595341,168.951,208.694,736,19709,0.99,0,2,222886,222150,736
2598261,176.332,210.857,738,20535,0.99,0,2,223114,222376,738
2624541,204.844,191.251,959,23455,0.99,0,2,225346,224387,959
2627461,137.209,158.772,1044,8760,0.99,0,2,226630,225586,1044
2653741,163.533,179.191,839,20440,0.97,0,2,228058,227219,839
2653741,158.092,156.792,959,5840,0.9,0,2,228178,227219,959
2653741,153.33,137.193,1079,5840,0.82,0,2,228298,227219,1079
2653741,149.164,120.044,1199,5840,0.71,0,2,228418,227219,1199
2653741,144.018,105.039,1307,5840,0.6,0,2,228526,227219,1307
2653741,133.516,91.9088,1367,5840,0.54,0,2,228586,227219,1367
2653741,124.327,80.4202,1427,5840,0.51,0,2,228646,227219,1427
2656661,135.786,205.243,564,1460,0.35,0,2,228862,228298,564
2658121,129.313,208.087,420,24915,0.31,0,2,228946,228526,420
2668341,116.148,192.076,364,26375,0.31,0,2,228970,228606,364
2669801,116.63,178.067,404,27835,0.31,0,2,229090,228686,404
2669801,112.551,155.809,488,29295,0.31,0,2,229174,228686,488
2669801,104.482,136.332,536,29295,0.25,0,1,229222,228686,536
2672721,104.922,163.791,288,29295,0.25,0,1,229330,229042,288
2675641,103.807,159.317,256,32215,0.27,0,1,229426,229170,256
2678561,105.831,155.402,248,35135,0.23,0,1,229546,229298,248
2681481,107.602,151.977,240,34401,0.23,0,1,229666,229426,240
2684401,112.152,148.98,256,32302,0.19,0,1,229810,229554,256
2687321,111.633,146.357,236,30522,0.23,0,1,229918,229682,236
2690241,115.679,144.063,252,28880,0.27,0,1,230062,229810,252
2693161,120.719,142.055,280,27511,0.31,0,2,230218,229938,280
2696081,123.629,140.298,296,26462,0.39,0,2,230362,230066,296
2699001,127.675,138.761,324,25641,0.49,0,2,230518,230194,324
2701921,132.716,137.416,364,25093,0.53,0,2,230686,230322,364
2704841,137.126,136.239,404,24865,0.63,0,2,230854,230450,404
2707761,142.486,135.209,456,24865,0.77,0,2,231034,230578,456
2710681,142.675,134.308,472,27785,0.81,0,2,231178,230706,472
2713601,145.841,133.519,512,27785,0.92,0,2,231346,230834,512
2729661,157.798,119.718,832,24865,0.98,0,2,232330,231498,832
2729661,151.573,104.753,940,24865,0.95,0,2,232438,231498,940
2729661,149.127,91.6589,1072,24865,0.86,0,2,232570,231498,1072
2729661,142.486,80.2016,1168,18980,0.91,0,2,232666,231498,1168
2729661,136.675,70.1764,1264,17520,0.95,0,2,232762,231498,1264
2729661,129.954,53.7288,1480,14600,0.99,0,2,232978,231498,1480
2755941,106.766,93.9913,924,13869,0.89,0,2,233974,233050,924
2755941,106.92,82.2424,1032,15329,0.77,0,2,234082,233050,1032
2755941,108.555,71.9621,1152,16789,0.77,0,2,234202,233050,1152
2755941,108.486,62.9668,1260,13140,0.87,0,2,234310,233050,1260
2755941,112.925,55.096,1404,10220,0.89,0,2,234454,233050,1404
2755941,103.309,48.209,1440,10220,0.97,0,2,234490,233050,1440
2755941,100.896,42.1829,1524,10220,0.95,0,2,234574,233050,1524
2755941,95.7838,36.91,1584,11680,0.95,0,2,234634,233050,1584
2755941,92.8108,32.2962,1656,13140,0.99,0,2,234706,233050,1656
2809961,120.308,133.233,870,10949,0.9,0,2,237682,236812,870
2809961,118.77,116.579,978,13869,0.94,0,2,237790,236812,978
2809961,118.924,102.007,1098,15329,0.89,0,2,237910,236812,1098
2809961,117.558,89.2559,1206,11680,0.88,0,2,238018,236812,1206
2828941,117.758,117.085,924,12409,0.99,0,2,239350,238426,924
2828941,126.238,45.9788,1848,11680,0.92,0,2,240274,238426,1848
2828941,123.958,40.2315,1956,11680,0.94,0,2,240382,238426,1956
2828941,123.463,35.2025,2076,1460,0.96,0,2,240502,238426,2076
2852301,125.502,183.847,1009,5840,0.95,0,2,241486,240477,1009
2852301,121.815,160.866,1105,5840,0.75,0,2,241582,240477,1105
2855221,132.088,220.383,672,5840,0.59,0,2,241786,241114,672
2858141,135.077,213.835,660,16789,0.52,0,2,241942,241282,660
2861061,158.692,250.106,480,19709,0.51,0,2,242266,241786,480
2863981,156.856,239.842,456,22629,0.47,0,2,242410,241954,456
2866901,158.249,230.862,456,25549,0.47,0,2,242578,242122,456
2869821,154.968,223.004,420,27600,0.49,0,2,242710,242290,420
2872741,155.097,216.129,408,26731,0.53,0,2,242866,242458,408
2875661,161.21,210.113,444,25897,0.59,0,2,243070,242626,444
2878581,163.558,204.849,456,25341,0.73,0,2,243250,242794,456
2881501,170.114,200.243,504,24889,0.79,0,2,243466,242962,504
2884421,175.849,196.212,552,24715,0.89,0,2,243682,243130,552
2897561,187.819,159.662,936,27635,0.98,0,2,244906,243970,936
2942821,105.901,145.978,804,21900,0.95,0,2,248854,248050,804
2951581,106.163,154.731,696,23360,0.97,0,2,248962,248266,696
2951581,106.393,135.389,804,10949,0.96,0,2,249070,248266,804
2951581,109.594,118.466,936,12409,0.98,0,2,249202,248266,936
2976401,133.931,68.092,1608,13140,0.96,0,2,251890,250282,1608
2995381,121.753,92.3874,1200,13869,0.95,0,2,253558,252358,1200
2995381,146.092,70.7341,1632,5840,0.93,0,2,253990,252358,1632
2995381,154.831,61.8924,1848,5840,0.83,0,2,254206,252358,1848
2995381,184.977,54.1558,2244,1460,0.53,0,2,254602,252358,2244
2995381,170.855,47.3863,2316,15329,0.53,0,2,254674,252358,2316
3014361,164.498,285.713,482,16789,0.41,0,2,254794,254312,482
3014361,166.436,249.999,662,18249,0.49,0,2,254974,254312,662
3015821,154.631,267.874,341,18249,0.45,0,2,255046,254705,341
3021661,142.802,247.265,298,19709,0.47,0,2,255106,254808,298
3024581,154.952,229.232,435,21169,0.51,0,2,255346,254911,435
3027501,158.083,226.328,409,24089,0.63,0,2,255526,255117,409
3030421,175.823,223.787,503,23762,0.83,0,2,255826,255323,503
3042101,218.989,217.747,795,25987,0.92,0,2,256954,256159,795
3042101,205.115,190.528,903,25987,0.85,0,2,257062,256159,903
3042101,192.976,166.712,1011,25987,0.84,0,2,257170,256159,1011
3042101,176.935,127.639,1259,10220,0.97,0,2,257418,256159,1259
3042101,166.818,111.684,1355,8760,0.99,0,2,257514,256159,1355
3042101,157.966,97.7236,1451,10220,0.97,0,2,257610,256159,1451
3065461,169.155,194.625,772,16789,0.99,0,2,258750,257978,772
3068381,172.011,196.547,754,19709,0.96,0,2,258942,258188,754
3077141,187.28,203.38,753,23067,0.99,0,2,259596,258843,753
3080061,192.37,204.207,771,22548,0.97,0,2,259824,259053,771
3082981,193.824,204.932,765,22934,0.85,0,2,260028,259263,765
3085901,195.096,205.565,759,22934,0.74,0,2,260232,259473,759
3088821,194.334,206.119,738,22934,0.54,0,2,260421,259683,738
3091741,186.667,207.355,655,22934,0.46,0,2,260554,259899,655
3094661,182.334,207.685,597,22934,0.33,0,2,260706,260109,597
3097581,173.042,207.975,495,22934,0.23,0,1,260814,260319,495
3100501,163.412,208.228,381,22934,0.18,0,1,260910,260529,381
3103421,157.985,208.449,291,22934,0.03,0,1,261030,260739,291
3106341,148.987,208.643,167,22344,0,0,1,261116,260949,167
3106481,166.989,208.813,250,20842,0.01,0,1,261409,261159,250
3109401,1083.99,1124.34,220,19813,0.25,0,1,268912,268692,220
3112321,988.991,1010.04,334,21732,0.55,0,2,269236,268902,334
3115241,901.368,907.414,433,21259,0.85,0,2,269524,269091,433
3126921,638.22,601.431,829,21176,0.92,0,2,270592,269763,829
3126921,573.442,526.252,949,21176,0.81,0,2,270712,269763,949
3126921,515.262,460.47,1057,21176,0.85,0,2,270820,269763,1057
3126921,464.354,402.912,1165,21176,0.94,0,2,270928,269763,1165
3150281,192.136,217.349,747,10949,0.9,0,2,272272,271525,747
3153201,192.119,216.43,729,13869,0.87,0,2,272464,271735,729
3156121,190.604,215.626,699,16789,0.99,0,2,272644,271945,699
3169261,198.384,187.154,909,18256,0.97,0,2,273916,273007,909
3169261,188.586,163.76,1029,18256,0.93,0,2,274036,273007,1029
3169261,178.512,143.29,1137,8760,0.98,0,2,274144,273007,1137
3202841,130.515,174.116,780,13140,0.96,0,2,276400,275620,780
3237881,189.072,206.594,816,17257,0.9,0,2,279028,278212,816
3239341,192.438,209.019,806,17257,0.85,0,2,279244,278438,806
3239341,181.883,182.892,914,17257,0.9,0,2,279352,278438,914
3239341,163.769,122.523,1294,5840,0.97,0,2,279732,278438,1294
3239341,155.298,107.208,1390,5840,0.87,0,2,279828,278438,1390
3239341,152.386,93.8069,1522,5840,0.75,0,2,279960,278438,1522
3239341,146.838,82.081,1630,1460,0.71,0,2,280068,278438,1630
3252481,135.983,201.071,656,5840,0.71,0,2,280128,279472,656
3255401,162.485,220.437,648,18717,0.61,0,2,280476,279828,648
3255401,146.674,192.882,684,21637,0.59,0,2,280512,279828,684
3255401,140.34,168.772,780,21637,0.57,0,2,280608,279828,780
3255401,136.298,147.676,888,21637,0.53,0,2,280716,279828,888
3258321,141.76,196.591,529,21637,0.53,0,2,280896,280367,529
3261241,145.04,200.267,471,24277,0.49,0,2,281064,280593,471
3264161,153.91,203.484,461,23451,0.55,0,2,281280,280819,461
3267081,164.672,206.298,475,22703,0.67,0,2,281520,281045,475
3270001,177.088,208.761,513,22083,0.67,0,2,281784,281271,513
3272921,187.952,210.916,551,21670,0.77,0,2,282048,281497,551
3275841,195.958,212.801,577,21438,0.89,0,2,282300,281723,577
3278761,207.463,214.451,639,21309,0.91,0,2,282588,281949,639
3294821,224.42,220.817,747,21686,0.95,0,2,284052,283305,747
3294821,152.296,66.3903,1815,5840,0.98,0,2,285120,283305,1815
3294821,148.259,58.0916,1935,7300,0.94,0,2,285240,283305,1935
3294821,141.727,50.8301,2031,8760,0.93,0,2,285336,283305,2031
3319641,138.284,145.971,1014,18980,0.93,0,2,286536,285522,1014
3319641,134.499,127.725,1122,20440,0.94,0,2,286644,285522,1122
3326941,123.792,135.826,992,18980,0.95,0,2,287916,286924,992
3326941,105.352,31.2659,2036,11680,0.98,0,2,288960,286924,2036
3341541,105.683,207.983,699,13140,0.99,0,2,289068,288369,699
3341541,105.973,181.985,807,14600,0.98,0,2,289176,288369,807
3341541,107.755,41.8913,2031,7300,0.95,0,2,290400,288369,2031
3341541,107.785,36.6549,2139,8760,0.98,0,2,290508,288369,2139
3389721,111.785,123.839,948,23360,0.98,0,2,291576,290628,948
3389721,111.312,108.359,1056,24820,0.99,0,2,291684,290628,1056
3392641,93.1352,179.579,696,5840,0.98,0,2,292500,291804,696
3395561,93.4933,170.632,684,5840,0.89,0,2,292596,291912,684
3397021,95.3066,161.303,696,5840,0.69,0,2,292704,292008,696
3398481,93.8933,156.14,660,5840,0.65,0,2,292788,292128,660
3401401,92.6566,144.622,680,5840,0.58,0,2,292872,292192,680
3413081,90.0746,134.545,688,5840,0.51,0,2,292944,292256,688
3414541,115.815,125.727,920,5840,0.43,0,2,293240,292320,920
3417461,107.838,168.511,504,5840,0.43,0,2,293292,292788,504
3418921,123.859,166.947,584,29200,0.41,0,2,293528,292944,584
3421841,119.376,183.079,376,30589,0.43,0,2,293616,293240,376
3424761,122.454,178.444,374,29176,0.45,0,2,293760,293386,374
3427681,129.647,176.638,390,27939,0.45,0,2,293940,293550,390
3430601,135.941,175.058,406,26915,0.49,0,2,294120,293714,406
3433521,139.949,173.676,410,26103,0.51,0,2,294288,293878,410
3436441,146.455,172.467,438,25396,0.59,0,2,294480,294042,438
3439361,149.148,171.408,442,24902,0.63,0,2,294648,294206,442
3442281,156.005,170.482,482,27398,0.71,0,2,294852,294370,482
3445201,160.504,169.672,510,27221,0.77,0,2,295044,294534,510
3448121,159.941,168.963,502,27186,0.81,0,2,295200,294698,502
3451041,162.449,164.343,550,27115,0.87,0,2,295380,294830,550
3453961,160.142,160.3,562,27115,0.95,0,2,295524,294962,562
3470021,158.727,110.787,1069,24753,0.98,0,2,296823,295754,1069
3470021,135.884,64.941,1489,10220,0.99,0,2,297243,295754,1489
3480241,117.21,128.337,833,13140,0.98,0,2,298076,297243,833
3480241,113.551,98.2584,1037,16060,0.97,0,2,298280,297243,1037
3480241,109.857,85.9761,1121,17520,0.95,0,2,298364,297243,1121
3480241,101.526,13.2584,2441,16060,0.96,0,2,299684,297243,2441
3480241,103.835,11.6011,2561,16060,0.88,0,2,299804,297243,2561
3480241,104.356,10.1509,2669,16060,0.87,0,2,299912,297243,2669
3480241,106.311,8.88208,2789,17520,0.91,0,2,300032,297243,2789
3480241,103.522,7.77182,2873,18980,0.95,0,2,300116,297243,2873
3547401,120.962,75.1335,1837,20440,0.94,0,2,303884,302047,1837
3547401,120.842,65.7418,1957,1460,0.85,0,2,304004,302047,1957
3547401,120.737,57.5241,2077,5840,0.88,0,2,304124,302047,2077
3547401,120.644,50.3336,2197,7300,0.94,0,2,304244,302047,2197
3576601,127.645,173.915,851,17520,0.81,0,2,305312,304461,851
3576601,129.69,152.176,995,5840,0.67,0,2,305456,304461,995
3576601,125.479,133.154,1091,5840,0.57,0,2,305552,304461,1091
3579521,165.294,252.884,444,5840,0.35,0,2,305996,305552,444
3579521,177.632,221.274,708,5840,0.25,0,1,306260,305552,708
3580981,335.428,418.365,350,1460,0.61,0,2,307700,307350,350
3582441,346,409.819,420,24041,0.82,0,2,308120,307700,420
3585361,308.75,363.342,430,25501,0.86,0,2,308168,307738,430
3586821,277.656,322.674,452,26961,0.84,0,2,308228,307776,452
3588281,248.074,287.09,455,28421,0.91,0,2,308269,307814,455
3589741,224.565,255.953,477,29881,0.87,0,2,308329,307852,477
3594121,200.994,228.709,475,31341,0.97,0,2,308365,307890,475
3597041,189.37,204.871,545,32801,0.99,0,2,308473,307928,545
3599961,174.699,188.762,541,35721,0.98,0,2,308545,308004,541
3629161,104.167,9.55159,2596,14600,0.95,0,2,311360,308764,2596
3629161,104.647,8.35764,2704,16060,0.91,0,2,311468,308764,2704
3629161,105.066,7.31294,2812,16060,0.94,0,2,311576,308764,2812
3629161,105.432,6.39882,2920,17520,0.99,0,2,311684,308764,2920
3677341,151.23,309.97,780,16060,0.96,0,2,313916,313136,780
3677341,132.231,81.5455,2004,8760,0.92,0,2,315140,313136,2004
3709461,100.346,183.481,897,18980,0.89,0,2,317336,316439,897
3709461,102.802,160.546,1017,20440,0.74,0,2,317456,316439,1017
3709461,104.952,140.478,1137,21900,0.84,0,2,317576,316439,1137
3709461,105.333,122.918,1245,23360,0.95,0,2,317684,316439,1245
3709461,108.666,107.553,1377,24820,0.99,0,2,317816,316439,1377
3709461,94.512,48.2694,1881,1460,0.97,0,2,318320,316439,1881
3709461,88.698,42.2358,1929,5840,0.95,0,2,318368,316439,1929
3709461,89.6108,36.9563,2025,7300,0.91,0,2,318464,316439,2025
3709461,90.4094,32.3368,2121,8760,0.84,0,2,318560,316439,2121
3709461,91.1083,28.2947,2217,10220,0.72,0,2,318656,316439,2217
3709461,91.7197,24.7578,2313,11680,0.63,0,2,318752,316439,2313
3709461,86.2548,21.6631,2361,13140,0.65,0,2,318800,316439,2361
3709461,79.9729,18.9552,2397,14600,0.65,0,2,318836,316439,2397
3744501,74.4763,244.961,606,16060,0.61,0,2,318872,318266,606
3744501,69.6668,214.341,642,17520,0.61,0,2,318908,318266,642
3744501,65.4584,187.548,678,17520,0.57,0,2,318944,318266,678
3744501,61.7761,164.105,714,17520,0.57,0,2,318980,318266,714
3747421,58.5541,169.092,546,17520,0.55,0,2,319016,318470,546
3747421,57.2348,147.955,594,18980,0.59,0,2,319064,318470,594
3750341,53.0805,141.961,518,5840,0.57,0,2,319088,318570,518
3750341,55.4454,124.216,590,5840,0.49,0,2,319160,318570,590
3753261,54.5147,131.439,456,5840,0.49,0,2,319208,318752,456
3753261,52.2004,115.009,492,5840,0.47,0,2,319244,318752,492
3756181,53.1754,113.133,452,5840,0.43,0,2,319304,318852,452
3759101,57.0284,111.491,436,5840,0.43,0,2,319388,318952,436
3762021,78.3999,110.055,564,5840,0.41,0,2,319616,319052,564
3764941,83.5999,138.298,348,36500,0.43,0,2,319736,319388,348
3767861,98.6499,149.511,324,39420,0.55,0,2,319940,319616,324
3770781,98.3187,139.822,348,42340,0.67,0,2,320036,319688,348
3773701,99.5288,131.344,384,45260,0.77,0,2,320144,319760,384
3776621,91.5877,123.926,348,48180,0.79,0,2,320180,319832,348
3779541,98.1393,117.435,420,50369,0.97,0,2,320324,319904,420
3799981,112.552,64.742,1020,46314,0.91,0,2,321380,320360,1020
3799981,76.2715,8.73589,2052,1460,0.9,0,2,322412,320360,2052
3799981,87.7376,7.6439,2220,5840,0.71,0,2,322580,320360,2220
3799981,85.7704,6.68841,2292,7300,0.74,0,2,322652,320360,2292
3799981,84.0491,5.85236,2364,8760,0.83,0,2,322724,320360,2364
3799981,79.5429,5.12082,2412,10220,0.88,0,2,322772,320360,2412
3802901,75.6001,246.231,526,11680,0.91,0,2,322820,322294,526
3804361,70.6501,230.202,444,13140,0.95,0,2,322856,322412,444
3851081,89.8089,71.8607,972,33580,0.99,0,2,323972,323000,972
3851081,98.0828,62.8781,1128,35040,0.96,0,2,324128,323000,1128
3851081,96.3224,55.0183,1212,33580,0.99,0,2,324212,323000,1212
3858381,84.0473,133.194,744,8760,0.96,0,2,325136,324392,744
3858381,88.5414,116.545,864,10220,0.99,0,2,325256,324392,864
3891961,90.6915,73.3606,972,26280,0.97,0,2,326468,325496,972
3891961,94.355,64.1905,1092,27740,0.89,0,2,326588,325496,1092
3891961,97.5607,56.1667,1212,29200,0.93,0,2,326708,325496,1212
3897801,109.709,34.0522,1956,1460,0.95,0,2,328844,326888,1956
3897801,107.995,29.7957,2052,5840,0.98,0,2,328940,326888,2052
3941601,92.1609,90.2013,1108,30098,0.94,0,2,330308,329200,1108
3941601,97.1408,78.9262,1240,30098,0.98,0,2,330440,329200,1240
3941601,93.8734,60.4278,1408,5840,0.93,0,2,330608,329200,1408
3941601,94.1393,52.8744,1504,5840,0.87,0,2,330704,329200,1504
3941601,86.8719,46.2651,1540,5840,0.89,0,2,330740,329200,1540
3941601,85.0129,40.4819,1612,5840,0.85,0,2,330812,329200,1612
3941601,81.8863,35.4217,1672,5840,0.83,0,2,330872,329200,1672
3941601,83.6505,30.994,1768,5840,0.77,0,2,330968,329200,1768
3941601,86.6942,27.1197,1876,5840,0.69,0,2,331076,329200,1876
3941601,81.8574,23.7298,1924,5840,0.71,0,2,331124,329200,1924
3941601,124.125,20.7635,2344,1460,0.65,0,2,331544,329200,2344
3941601,116.11,18.1681,2404,34478,0.73,0,2,331604,329200,2404
3959121,128.596,288.272,441,35938,0.79,0,2,331820,331379,441
3959121,133.521,252.238,609,37398,0.89,0,2,331988,331379,609
3960581,130.331,248.833,492,37398,0.97,0,2,332096,331604,492
3963501,120.04,225.229,480,37557,0.97,0,2,332144,331664,480
3992701,132.436,117.875,1020,35424,0.94,0,2,333224,332204,1020
3992701,133.882,103.14,1164,35424,0.99,0,2,333368,332204,1164
4000001,108.23,124.439,960,20440,0.97,0,2,334532,333572,960
4000001,109.702,108.884,1080,20440,0.98,0,2,334652,333572,1080
4000001,103.098,19.1897,2376,16060,0.99,0,2,335948,333572,2376
4000001,136.223,6.59375,3528,24820,0.96,0,2,337100,333572,3528
4048181,104.214,69.2645,1974,5840,0.95,0,2,339584,337610,1974
4048181,106.187,60.6064,2094,7300,0.92,0,2,339704,337610,2094
4048181,106.414,53.0306,2202,8760,0.95,0,2,339812,337610,2202
4094901,102.177,30.3849,1956,1460,0.95,0,2,341936,339980,1956
4094901,102.905,26.5868,2064,5840,0.96,0,2,342044,339980,2064
4118261,91.3557,199.194,709,5840,0.9,0,2,342645,341936,709
4118261,94.9363,174.295,829,5840,0.74,0,2,342765,341936,829
4124101,98.0692,181.758,715,5840,0.59,0,2,342885,342170,715
4124101,99.3106,159.038,823,5840,0.41,0,2,342993,342170,823
4127021,121.397,169.659,855,5840,0.33,0,2,343269,342414,855
4129941,116.722,215.576,402,30660,0.31,0,2,343353,342951,402
4132861,129.132,228.379,300,33580,0.33,0,2,343569,343269,300
4135781,129.49,216.332,300,33160,0.35,0,2,343701,343401,300
4138701,134.304,205.79,336,31485,0.41,0,2,343869,343533,336
4141621,134.016,196.567,336,30207,0.45,0,2,344001,343665,336
4144541,136.764,188.496,360,29105,0.51,0,2,344157,343797,360
4147461,139.169,181.434,384,28268,0.57,0,2,344313,343929,384
4150381,142.772,175.255,420,27650,0.65,0,2,344481,344061,420
4153301,141.426,169.848,420,27298,0.71,0,2,344613,344193,420
4156221,146.248,165.117,468,26989,0.77,0,2,344793,344325,468
4159141,150.467,160.977,516,26989,0.83,0,2,344973,344457,516
4162061,151.158,157.355,540,26989,0.91,0,2,345129,344589,540
4182501,92.0549,37.3454,1467,17520,0.95,0,2,346980,345513,1467
4182501,83.548,32.6772,1491,18980,0.97,0,2,347004,345513,1491
4182501,82.1045,28.5926,1563,20440,0.95,0,2,347076,345513,1563
4182501,80.8414,25.0185,1635,21900,0.87,0,2,347148,345513,1635
4182501,82.7363,21.8912,1731,23360,0.89,0,2,347244,345513,1731
4192721,76.8942,145.53,756,24820,0.83,0,2,347280,346524,756
4192721,80.7825,127.339,864,24820,0.81,0,2,347388,346524,864
4192721,76.6846,111.421,912,26280,0.79,0,2,347436,346524,912
4192721,76.9741,97.4936,991,27740,0.75,0,2,347515,346524,991
4205861,71.8523,136.307,619,27740,0.78,0,2,347551,346932,619
4205861,71.2458,119.269,686,10949,0.7,0,2,347618,346932,686
4205861,69.84,104.36,746,12409,0.7,0,2,347678,346932,746
4205861,70.11,91.315,818,13869,0.65,0,2,347750,346932,818
4205861,65.8463,79.9006,854,12360,0.66,0,2,347786,346932,854
4205861,64.3655,69.913,908,13820,0.64,0,2,347840,346932,908
4205861,63.8198,61.1739,968,15280,0.63,0,2,347900,346932,968
4205861,63.3423,53.5272,1028,16740,0.56,0,2,347960,346932,1028
4205861,59.9245,46.8363,1064,18200,0.56,0,2,347996,346932,1064
4223381,59.934,116.982,516,19660,0.5,0,2,348056,347540,516
4225521,66.5672,119.609,491,19660,0.4,0,2,348169,347678,491
4225521,61.2463,104.658,515,11629,0.38,0,2,348193,347678,515
4225521,56.5905,91.5756,539,11629,0.38,0,2,348217,347678,539
4225521,55.5167,80.1287,587,11629,0.32,0,2,348265,347678,587
4225521,56.0771,70.1126,647,11629,0.3,0,2,348325,347678,647
4225521,52.0675,61.3485,671,11629,0.3,0,2,348349,347678,671
4225521,51.5591,53.68,719,11629,0.24,0,1,348397,347678,719
4225521,47.2392,46.97,736,11629,0.23,0,1,348414,347678,736
4228441,60.8343,115.474,297,11629,0.17,0,1,348570,348273,297
4231361,60.73,115.29,243,14549,0.19,0,1,348630,348387,243
4234281,63.6387,115.128,213,17469,0.17,0,1,348714,348501,213
4237201,69.1839,114.987,207,20389,0.21,0,1,348822,348615,207
4240121,78.5359,114.864,237,23309,0.29,0,1,348966,348729,237
4243041,83.7189,114.756,243,26229,0.31,0,2,349086,348843,243
4245961,89.7541,114.661,261,27534,0.37,0,2,349218,348957,261
4248881,99.5348,114.579,315,26612,0.45,0,2,349386,349071,315
4251801,102.093,114.506,321,26151,0.55,0,2,349506,349185,321
4254721,110.331,114.443,375,25792,0.69,0,2,349674,349299,375
4257641,114.54,114.388,405,25792,0.79,0,2,349818,349413,405
4273701,144.685,98.5897,909,25792,0.93,0,2,350994,350085,909
4273701,140.099,86.266,1017,25792,0.79,0,2,351102,350085,1017
4273701,136.087,75.4828,1125,21900,0.88,0,2,351210,350085,1125
4273701,132.576,66.0474,1233,20440,0.95,0,2,351318,350085,1233
4285381,108.675,98.4305,912,16060,0.8,0,2,352446,351534,912
4285381,110.09,86.1267,1032,17520,0.78,0,2,352566,351534,1032
4285381,111.329,75.3609,1152,18980,0.86,0,2,352686,351534,1152
4285381,122.504,19.8256,2472,14600,0.99,0,2,354006,351534,2472
4285381,122.191,17.3474,2592,14600,0.95,0,2,354126,351534,2592
4285381,123.417,15.179,2724,14600,0.97,0,2,354258,351534,2724
4285381,165.629,6.81225,3960,17093,0.86,0,2,355494,351534,3960
4335021,154.537,397.275,756,13140,0.93,0,2,356946,356190,756
4337941,162.219,385.115,672,13140,0.91,0,2,357162,356490,672
4340861,167.442,360.976,684,16060,0.98,0,2,357366,356682,684
4375901,123.226,171.034,852,5840,0.98,0,2,359898,359046,852
4375901,122.823,149.655,972,5840,0.92,0,2,360018,359046,972
4375901,122.47,130.948,1092,5840,0.75,0,2,360138,359046,1092
4375901,119.161,114.579,1188,5840,0.73,0,2,360234,359046,1188
4375901,119.266,100.257,1308,5840,0.72,0,2,360354,359046,1308
4378821,146.358,224.225,552,5840,0.61,0,2,360690,360138,552
4386121,134.063,208.197,504,17093,0.65,0,2,360738,360234,504
4389041,136.805,193.922,566,10949,0.67,0,2,360894,360328,566
4391961,161.705,214.932,540,13869,0.81,0,2,361230,360690,540
4394881,168.491,211.565,568,16789,0.91,0,2,361446,360878,568
4476641,104.331,131.563,850,17520,0.95,0,2,369246,368396,850
4476641,106.29,115.117,970,17520,0.94,0,2,369366,368396,970
4476641,126.009,45.2061,1966,27740,0.89,0,2,370362,368396,1966
4476641,125.258,39.5554,2086,1460,0.86,0,2,370482,368396,2086
4476641,124.6,34.6109,2206,5840,0.86,0,2,370602,368396,2206
4511681,103.872,165.135,885,21900,0.91,0,2,371622,370737,885
4511681,105.888,144.493,1005,21900,0.79,0,2,371742,370737,1005
4511681,104.652,126.431,1101,5840,0.7,0,2,371838,370737,1101
4511681,102.07,110.627,1185,5840,0.74,0,2,371922,370737,1185
4511681,95.3117,96.799,1233,5840,0.73,0,2,371970,370737,1233
4511681,86.3977,84.6991,1257,5840,0.72,0,2,371994,370737,1257
4511681,83.098,74.1117,1317,5840,0.67,0,2,372054,370737,1317
4511681,77.2107,64.8477,1353,5840,0.63,0,2,372090,370737,1353
4511681,73.5594,56.7418,1401,5840,0.61,0,2,372138,370737,1401
4511681,67.3645,49.6491,1425,5840,0.61,0,2,372162,370737,1425
4511681,61.9439,43.4429,1449,5840,0.59,0,2,372186,370737,1449
4513141,87.2009,186.138,528,5840,0.43,0,2,372450,371922,528
4516061,89.8008,189.87,420,5840,0.35,0,2,372558,372138,420
4517521,81.5757,169.262,419,29200,0.35,0,2,372582,372163,419
4520441,72.8787,151.229,406,29200,0.41,0,2,372594,372188,406
4533581,84.7689,165.075,312,29200,0.55,0,2,372762,372450,312
4536501,86.1728,157.941,300,10949,0.63,0,2,372858,372558,300
4539421,85.9012,144.448,334,13869,0.69,0,2,372942,372608,334
4542341,84.1635,132.642,356,16789,0.81,0,2,373014,372658,356
4545261,85.6431,122.312,402,19709,0.89,0,2,373110,372708,402
4568621,105.443,62.195,1021,47449,0.93,0,2,374238,373217,1021
4568621,105.762,54.4207,1129,48909,0.88,0,2,374346,373217,1129
4568621,106.042,47.6181,1237,46720,0.85,0,2,374454,373217,1237
4568621,104.787,41.6658,1333,40880,0.9,0,2,374550,373217,1333
4568621,99.1885,36.4576,1393,35040,0.91,0,2,374610,373217,1393
4580301,67.9185,89.9692,874,13140,0.89,0,2,375534,374660,874
4580301,72.9287,78.7231,982,14600,0.81,0,2,375642,374660,982
4583221,75.8126,131.883,574,16060,0.81,0,2,375738,375164,574
4583221,76.8361,115.397,658,17520,0.83,0,2,375822,375164,658
4583221,74.7316,100.973,718,18980,0.81,0,2,375882,375164,718
4583221,77.3901,88.3511,814,20440,0.88,0,2,375978,375164,814
4583221,73.7163,77.3072,862,21900,0.87,0,2,376026,375164,862
4583221,70.5018,67.6438,910,23360,0.89,0,2,376074,375164,910
4583221,78.1891,59.1883,1042,24820,0.89,0,2,376206,375164,1042
4583221,81.9154,51.7898,1150,26280,0.85,0,2,376314,375164,1150
4583221,73.176,45.3161,1162,27740,0.95,0,2,376326,375164,1162
4583221,65.529,39.6516,1174,29200,0.93,0,2,376338,375164,1174
4583221,63.3379,34.6951,1222,30660,0.95,0,2,376386,375164,1222
4583221,61.4206,30.3582,1270,32120,0.93,0,2,376434,375164,1270
4583221,63.6455,4.09635,2242,20440,0.97,0,2,377406,375164,2242
4583221,73.6898,3.58431,2386,21900,0.87,0,2,377550,375164,2386
4583221,68.9786,3.13627,2422,21900,0.89,0,2,377586,375164,2422
4583221,73.8563,2.74424,2530,21900,0.87,0,2,377694,375164,2530
4583221,75.1242,2.40121,2614,21900,0.86,0,2,377778,375164,2614
4583221,73.2337,2.10106,2674,21900,0.86,0,2,377838,375164,2674
4583221,80.5795,1.83842,2806,23360,0.91,0,2,377970,375164,2806
4583221,127.507,1.60862,3262,24820,0.99,0,2,378426,375164,3262
4583221,129.569,1.40754,3406,26280,0.99,0,2,378570,375164,3406
4670821,150.036,202.58,1020,23360,0.94,0,2,380754,379734,1020
4670821,146.282,177.258,1140,24820,0.94,0,2,380874,379734,1140
4670821,139.996,155.101,1236,23360,0.99,0,2,380970,379734,1236
4681041,112.546,123.462,997,14600,0.94,0,2,382279,381282,997
4681041,111.977,108.03,1105,16060,0.95,0,2,382387,381282,1105
4691261,112.749,210.295,660,14600,0.97,0,2,383575,382915,660
4691261,113.655,184.008,780,16060,0.91,0,2,383695,382915,780
4691261,114.449,161.007,900,5840,0.76,0,2,383815,382915,900
4691261,115.142,140.881,1020,5840,0.75,0,2,383935,382915,1020
4691261,114.25,123.271,1128,5840,0.68,0,2,384043,382915,1128
4691261,108.968,107.862,1200,5840,0.69,0,2,384115,382915,1200
4691261,99.8474,94.3794,1236,5840,0.67,0,2,384151,382915,1236
4691261,97.8665,82.582,1320,5840,0.71,0,2,384235,382915,1320
4701481,196.633,302.634,365,24820,0.63,0,2,385123,384758,365
4723381,178.054,271.18,362,26280,0.65,0,2,385171,384809,362
4726301,170.797,243.657,431,27740,0.69,0,2,385291,384860,431
4729221,164.448,225.95,449,30660,0.75,0,2,385411,384962,449
4732141,155.892,210.456,443,33580,0.81,0,2,385507,385064,443
4735061,154.405,196.899,485,36500,0.89,0,2,385651,385166,485
4737981,151.605,185.037,515,39420,0.95,0,2,385783,385268,515
4755501,138.77,93.2978,1127,42568,0.99,0,2,387007,385880,1127
4762801,94.4518,22.1232,2096,11680,0.95,0,2,389251,387155,2096
4762801,97.6453,19.3578,2216,13140,0.9,0,2,389371,387155,2216
4762801,98.9396,16.9381,2324,14600,0.85,0,2,389479,387155,2324
4762801,101.572,14.8208,2444,16060,0.95,0,2,389599,387155,2444
4762801,99.3757,12.9682,2528,17520,0.94,0,2,389683,387155,2528
4762801,108.832,2.98517,3752,1460,0.98,0,2,390907,387155,3752
4762801,110.228,2.61203,3872,5840,0.93,0,2,391027,387155,3872
4762801,111.449,2.28552,3992,7300,0.91,0,2,391147,387155,3992
4762801,111.018,1.99983,4100,8760,0.91,0,2,391255,387155,4100
4762801,112.141,1.74985,4220,10220,0.93,0,2,391375,387155,4220
4846021,119.482,131.877,1168,35040,0.93,0,2,392875,391707,1168
4846021,116.547,115.392,1264,24820,0.91,0,2,392971,391707,1264
4846021,112.478,100.968,1348,24820,0.97,0,2,393055,391707,1348
4846021,95.8661,77.3037,1432,21900,0.99,0,2,393139,391707,1432
4846021,95.8829,67.6408,1528,23360,0.99,0,2,393235,391707,1528
4878141,89.8033,98.5373,882,10949,0.99,0,2,394231,393349,882
4885441,161.23,136.949,1146,5840,0.98,0,2,396187,395041,1146
4885441,157.576,119.83,1278,5840,0.89,0,2,396319,395041,1278
4885441,202.379,104.851,1794,1460,0.81,0,2,396835,395041,1794
4885441,187.582,91.7449,1878,16789,0.84,0,2,396919,395041,1878
4892741,177.634,254.152,595,18249,0.9,0,2,397027,396432,595
4923861,111.658,139.104,840,10220,0.93,0,2,399647,398807,840
4926781,112.701,190.216,412,11680,0.93,0,2,399767,399355,412
4926781,113.613,166.439,532,13140,0.97,0,2,399887,399355,532
4953061,140.63,109.28,1041,29200,0.93,0,2,401063,400022,1041
4953061,133.551,95.6202,1125,30660,0.97,0,2,401147,400022,1125
4958901,95.9261,157.802,684,10220,0.92,0,2,402071,401387,684
4958901,98.9353,138.077,804,11680,0.88,0,2,402191,401387,804
4958901,101.568,120.817,924,13140,0.89,0,2,402311,401387,924
4958901,102.372,105.715,1032,13140,0.92,0,2,402419,401387,1032
4958901,105.941,80.938,1272,14600,0.99,0,2,402659,401387,1272
4958901,104.922,18.6312,2376,11680,0.99,0,2,403763,401387,2376
4958901,106.807,16.3023,2496,13140,0.96,0,2,403883,401387,2496
4958901,106.956,14.2645,2604,13140,0.96,0,2,403991,401387,2604
4958901,101.086,12.4815,2664,13140,0.91,0,2,404051,401387,2664
4958901,101.951,10.9213,2772,13140,0.93,0,2,404159,401387,2772
4958901,96.7067,9.55612,2832,14600,0.99,0,2,404219,401387,2832
4958901,95.1184,8.3616,2916,14600,0.99,0,2,404303,401387,2916
4958901,98.2286,7.3164,3036,14600,0.97,0,2,404423,401387,3036
4958901,97.95,6.40185,3132,16060,0.97,0,2,404519,401387,3132
4958901,118.706,5.60162,3396,17520,0.97,0,2,404783,401387,3396
4958901,138.368,4.90142,3672,18980,0.99,0,2,405059,401387,3672
4958901,113.307,0.98723,4956,13140,0.98,0,2,406343,401387,4956
4958901,111.144,0.863826,5052,13140,0.98,0,2,406439,401387,5052
4958901,112.251,0.755848,5172,13140,0.95,0,2,406559,401387,5172
4958901,113.219,0.661367,5292,14600,0.93,0,2,406679,401387,5292
4958901,168.867,0.339221,6444,21900,0.98,0,2,407831,401387,6444
4958901,161.259,0.296818,6552,5840,0.88,0,2,407939,401387,6552
4958901,156.101,0.259716,6672,5840,0.79,0,2,408059,401387,6672
4958901,148.589,0.227252,6768,5840,0.73,0,2,408155,401387,6768
4958901,140.515,0.198845,6852,5840,0.71,0,2,408239,401387,6852
4958901,136.451,0.173989,6960,5840,0.65,0,2,408347,401387,6960
4958901,131.394,0.152241,7056,5840,0.59,0,2,408443,401387,7056
5028981,303.97,1029.76,331,23360,0.53,0,2,409955,409624,331
5034821,280.974,916.663,326,22415,0.59,0,2,410075,409749,326
5037741,283.352,817.706,501,22415,0.68,0,2,410375,409874,501
5040661,285.433,746.742,551,21762,0.81,0,2,410675,410124,551
5043581,288.754,684.65,613,21342,0.95,0,2,410987,410374,613
5055261,284.941,504.784,753,21155,0.98,0,2,412127,411374,753
5056721,279.323,472.936,743,21155,0.93,0,2,412367,411624,743
5056721,265.408,413.819,911,21155,0.99,0,2,412535,411624,911
5072781,200.468,259.433,907,13140,0.95,0,2,414035,413128,907
5072781,188.91,227.004,1015,13140,0.97,0,2,414143,413128,1015
5116581,122.706,87.5541,1512,17520,0.96,0,2,418415,416903,1512
5120961,111.335,130.943,1152,16060,0.97,0,2,419567,418415,1152
5120961,112.418,114.575,1272,16060,0.86,0,2,419687,418415,1272
5120961,111.866,100.253,1380,17520,0.88,0,2,419795,418415,1380
5120961,111.383,87.7212,1488,18980,0.97,0,2,419903,418415,1488
5153081,134.951,207.575,738,5840,0.88,0,2,421403,420665,738
5153081,133.082,181.628,858,5840,0.73,0,2,421523,420665,858
5153081,128.447,158.924,954,5840,0.67,0,2,421619,420665,954
5153081,121.391,139.059,1026,5840,0.72,0,2,421691,420665,1026
5163301,213.373,242.018,832,10949,0.91,0,2,423083,422251,832
5163301,201.701,211.765,952,13869,0.76,0,2,423203,422251,952
5163301,191.489,185.295,1072,15329,0.78,0,2,423323,422251,1072
5163301,206.928,162.133,1387,13140,0.97,0,2,423638,422251,1387
5180821,145.299,183.082,684,11680,0.97,0,2,424526,423842,684
5180821,138.057,140.172,912,13140,0.95,0,2,424754,423842,912
5182281,147.8,166.776,775,13140,0.91,0,2,424970,424195,775
5182281,136.825,145.929,835,16060,0.95,0,2,425030,424195,835
5182281,128.722,127.688,907,17520,0.91,0,2,425102,424195,907
5182281,121.631,111.727,979,10220,0.95,0,2,425174,424195,979
5182281,113.927,97.7609,1039,10220,0.91,0,2,425234,424195,1039
5182281,110.187,85.5408,1123,10220,0.91,0,2,425318,424195,1123
5182281,102.413,74.8482,1171,10220,0.91,0,2,425366,424195,1171
5182281,115.112,65.4921,1375,1460,0.91,0,2,425570,424195,1375
5182281,111.223,57.3056,1459,5840,0.95,0,2,425654,424195,1459
5196881,103.32,163.517,600,7300,0.97,0,2,425702,425102,600
5199801,108.405,152.078,672,8760,0.97,0,2,425846,425174,672
5210021,109.337,48.2962,1590,23360,0.96,0,2,427670,426080,1590
5224621,105.529,153.294,688,13140,0.98,0,2,428582,427894,688
5229001,104.795,138.928,708,16060,0.99,0,2,428786,428078,708
5230461,105.196,133.062,724,17520,0.97,0,2,428894,428170,724
5262581,112.43,152.04,964,17520,0.95,0,2,431042,430078,964
5262581,113.376,133.035,1084,17520,0.94,0,2,431162,430078,1084
5262581,114.204,116.406,1204,18980,0.99,0,2,431282,430078,1204
5287401,94.8927,68.8708,1515,5840,0.96,0,2,433010,431495,1515
5287401,95.0311,60.262,1611,5840,0.88,0,2,433106,431495,1611
5287401,96.6522,52.7292,1719,5840,0.78,0,2,433214,431495,1719
5287401,89.0707,46.1381,1755,5840,0.79,0,2,433250,431495,1755
5287401,79.4369,40.3708,1767,5840,0.79,0,2,433262,431495,1767
5287401,101.007,35.3245,2019,20440,0.74,0,2,433514,431495,2019
5291781,140.881,274.784,488,21900,0.99,0,2,433934,433446,488
5323901,114.918,83.9596,1136,48180,0.99,0,2,435086,433950,1136
5323901,115.553,73.4647,1256,40880,0.97,0,2,435206,433950,1256
5332661,92.3025,119.162,908,29200,0.91,0,2,436262,435354,908
5332661,95.7647,104.267,1028,29200,0.77,0,2,436382,435354,1028
5332661,98.7941,91.2338,1148,29200,0.78,0,2,436502,435354,1148
5332661,98.4449,79.8296,1244,30660,0.86,0,2,436598,435354,1244
5332661,99.6392,69.8509,1352,32120,0.89,0,2,436706,435354,1352
5332661,133.684,61.1195,1724,1460,0.87,0,2,437078,435354,1724
5332661,121.474,53.4796,1760,5840,0.91,0,2,437114,435354,1760
5332661,113.79,46.7946,1820,7300,0.95,0,2,437174,435354,1820
5332661,105.566,40.9453,1868,8760,0.99,0,2,437222,435354,1868
5372081,100.579,90.634,912,30660,0.96,0,2,438650,437738,912
5372081,103.007,79.3048,1032,32120,0.92,0,2,438770,437738,1032
5372081,103.631,69.3917,1140,33580,0.99,0,2,438878,437738,1140
5372081,73.4391,6.27267,2100,7300,0.93,0,2,439838,437738,2100
5372081,78.3842,5.48858,2213,8760,0.84,0,2,439951,437738,2213
5372081,83.5862,4.80251,2333,10220,0.83,0,2,440071,437738,2333
5372081,86.6379,4.2022,2441,11680,0.82,0,2,440179,437738,2441
5372081,92.3082,3.67692,2573,13140,0.83,0,2,440311,437738,2573
5372081,94.2697,3.21731,2681,14600,0.84,0,2,440419,437738,2681
5372081,96.611,2.81514,2794,14600,0.81,0,2,440532,437738,2794
5372081,101.035,2.46325,2926,16060,0.85,0,2,440664,437738,2926
5372081,98.9053,2.15534,3010,17520,0.87,0,2,440748,437738,3010
5372081,101.542,1.88593,3130,18980,0.89,0,2,440868,437738,3130
5372081,114.349,1.65019,3334,20440,0.91,0,2,441072,437738,3334
5372081,119.556,1.44391,3490,21900,0.97,0,2,441228,437738,3490
5372081,116.611,1.26342,3586,23360,0.97,0,2,441324,437738,3586
5372081,118.535,1.1055,3718,24820,0.97,0,2,441456,437738,3718
5439241,128.224,432.762,648,11680,0.97,0,2,442320,441672,648
5439241,125.696,378.667,756,13140,0.88,0,2,442428,441672,756
5439241,123.484,331.333,864,13140,0.81,0,2,442536,441672,864
5439241,121.549,289.917,972,13140,0.77,0,2,442644,441672,972
5439241,122.23,253.677,1099,14600,0.77,0,2,442771,441672,1099
5439241,117.576,221.967,1184,16060,0.8,0,2,442856,441672,1184
5439241,110.379,194.221,1244,11180,0.78,0,2,442916,441672,1244
5439241,101.082,169.944,1280,11180,0.84,0,2,442952,441672,1280
5439241,94.4466,148.701,1328,12640,0.84,0,2,443000,441672,1328
5439241,88.6408,130.113,1376,14100,0.8,0,2,443048,441672,1376
5439241,82.0607,113.849,1412,15560,0.82,0,2,443084,441672,1412
5439241,82.3031,99.6179,1496,17020,0.79,0,2,443168,441672,1496
5439241,77.5152,87.1657,1540,18480,0.76,0,2,443212,441672,1540
5454801,90.3258,224.27,536,1460,0.76,0,2,443392,442856,536
5454801,85.0351,196.236,584,5840,0.78,0,2,443440,442856,584
5454801,84.9057,171.707,668,5840,0.76,0,2,443524,442856,668
5454801,78.7925,150.243,704,5840,0.76,0,2,443560,442856,704
5454801,74.9434,131.463,752,5840,0.69,0,2,443608,442856,752
5454801,71.8255,115.03,802,5840,0.68,0,2,443658,442856,802
5454801,85.3473,100.651,982,5840,0.52,0,2,443838,442856,982
5457721,359.304,479.695,126,5840,0.03,0,1,446115,445989,126
5460641,333.516,437.733,135,8760,0.03,0,1,446268,446133,135
5463561,317.326,401.016,195,11680,0.23,0,1,446472,446277,195
5466481,306.161,368.889,279,14600,0.45,0,2,446700,446421,279
5469401,294.891,340.778,351,17520,0.67,0,2,446916,446565,351
5472321,286.529,316.181,435,20440,0.93,0,2,447144,446709,435
5484001,230.57,187.524,1035,25191,0.95,0,2,448320,447285,1035
5488381,155.15,178.73,876,16060,0.96,0,2,449424,448548,876
5488381,158.257,156.389,1056,16060,0.72,0,2,449604,448548,1056
5488381,145.975,136.84,1116,17520,0.82,0,2,449664,448548,1116
5488381,142.728,119.735,1236,18980,0.85,0,2,449784,448548,1236
5488381,127.887,104.768,1260,20440,0.85,0,2,449808,448548,1260
5488381,116.401,91.6723,1296,21900,0.83,0,2,449844,448548,1296
5495681,111.577,227.461,694,16060,0.99,0,2,451428,450734,694
5495681,112.63,199.028,814,17520,0.99,0,2,451548,450734,814
5495681,109.051,174.15,898,18980,0.94,0,2,451632,450734,898
5495681,105.919,152.381,982,18980,0.97,0,2,451716,450734,982
5562841,103.872,41.8822,1986,16060,0.99,0,2,455028,453042,1986
5562841,104.388,36.6469,2094,1460,0.97,0,2,455136,453042,2094
5562841,104.84,32.0661,2202,5840,0.98,0,2,455244,453042,2202
5596421,108.409,132.576,922,24820,0.94,0,2,456648,455726,922
5596421,108.357,116.004,1030,26280,0.88,0,2,456756,455726,1030
5596421,109.813,101.503,1150,20440,0.84,0,2,456876,455726,1150
5596421,111.086,88.8155,1270,13140,0.81,0,2,456996,455726,1270
5596421,107.7,77.7136,1354,13140,0.82,0,2,457080,455726,1354
5596421,98.7379,67.9994,1390,13140,0.81,0,2,457116,455726,1390
5596421,96.8956,59.4995,1474,13140,0.81,0,2,457200,455726,1474
5596421,89.2837,52.062,1510,5840,0.79,0,2,457236,455726,1510
5596421,87.1232,45.5543,1582,5840,0.76,0,2,457308,455726,1582
5599341,83.7328,168.61,612,5840,0.72,0,2,457368,456756,612
5600801,83.7662,162.534,576,5840,0.62,0,2,457452,456876,576
5602261,86.7954,157.217,564,5840,0.52,0,2,457560,456996,564
5603721,84.946,148.065,552,5840,0.5,0,2,457632,457080,552
5605181,80.3278,137.307,538,5840,0.46,0,2,457680,457142,538
5612481,96.1618,158.893,435,5840,0.29,0,1,457887,457452,435
5621241,90.1416,152.532,375,26280,0.25,0,1,457935,457560,375
5624161,87.8739,142.465,375,10949,0.23,0,1,458007,457632,375
5627081,93.3896,156.532,252,13869,0.23,0,1,458139,457887,252
5630001,93.7159,152.466,224,16789,0.23,0,1,458235,458011,224
5632921,97.0014,148.907,220,19709,0.19,0,1,458355,458135,220
5635841,101.376,145.794,228,22629,0.21,0,1,458487,458259,228
5638761,106.704,143.07,248,25549,0.27,0,1,458631,458383,248
5641681,111.366,140.686,268,25390,0.41,0,2,458775,458507,268
5644601,118.445,138.6,312,24594,0.57,0,2,458943,458631,312
5647521,126.14,136.775,368,19965,0.69,0,2,459123,458755,368
5650441,135.872,135.178,448,19928,0.87,0,2,459327,458879,448
5653361,142.888,133.781,516,19928,0.99,0,2,459519,459003,516
5672341,142.474,165.346,732,13140,0.89,0,2,461775,461043,732
5672341,139.664,144.678,852,13140,0.81,0,2,461895,461043,852
5672341,137.206,126.593,972,13140,0.75,0,2,462015,461043,972
5672341,132.056,110.769,1068,14600,0.83,0,2,462111,461043,1068
5672341,126.049,96.9227,1152,16060,0.85,0,2,462195,461043,1152
5672341,123.793,84.8073,1260,13140,0.95,0,2,462303,461043,1260
5672341,129.654,64.9306,1572,16060,0.99,0,2,462615,461043,1572
5704461,108.226,215.103,846,16060,0.98,0,2,463719,462873,846
5704461,109.698,188.215,966,16060,0.89,0,2,463839,462873,966
5704461,110.986,164.688,1086,16060,0.87,0,2,463959,462873,1086
5705921,121.113,213.977,719,16060,0.98,0,2,464151,463432,719
5724901,112.632,134.412,984,8760,0.99,0,2,465411,464427,984
5724901,113.553,117.611,1104,10220,0.94,0,2,465531,464427,1104
5761401,93.6092,140.176,732,23360,0.91,0,2,467931,467199,732
5761401,96.9081,122.654,852,10949,0.77,0,2,468051,467199,852
5761401,99.7946,107.322,972,12409,0.75,0,2,468171,467199,972
5761401,102.32,93.9067,1092,13869,0.82,0,2,468291,467199,1092
5761401,103.03,82.1684,1200,11680,0.91,0,2,468399,467199,1200
5761401,94.6514,71.8973,1236,4380,0.97,0,2,468435,467199,1236
5762861,138.32,199.41,588,4380,0.91,0,2,468879,468291,588
5764321,136.03,187.984,600,5840,0.93,0,2,468999,468399,600
5765781,129.526,171.611,627,5840,0.95,0,2,469083,468456,627
5768701,162.835,203.035,600,5840,0.88,0,2,469479,468879,600
5770161,152.981,184.78,627,5840,0.76,0,2,469563,468936,627
5771621,139.858,169.558,612,5840,0.74,0,2,469611,468999,612
5773081,134.376,158.863,624,5840,0.64,0,2,469707,469083,624
5774541,161.954,188.505,583,5840,0.33,0,2,470062,469479,583
5781841,143.21,175.442,511,13869,0.33,0,2,470074,469563,511
5784761,134.309,160.637,526,10949,0.31,0,2,470146,469620,526
5787681,144.52,195.807,300,13869,0.27,0,1,470362,470062,300
5790601,138.455,185.581,282,16789,0.25,0,1,470458,470176,282
5793521,133.148,176.634,264,19709,0.25,0,1,470554,470290,264
5796441,130.005,168.804,258,22629,0.25,0,1,470662,470404,258
5799361,127.254,161.954,252,25549,0.23,0,1,470770,470518,252
5802281,124.847,155.96,246,28469,0.21,0,1,470878,470632,246
5805201,122.741,150.715,240,27637,0.21,0,1,470986,470746,240
5808121,122.399,146.125,246,26561,0.21,0,1,471106,470860,246
5811041,120.599,142.11,240,28559,0.21,0,1,471214,470974,240
5813961,120.524,138.596,246,27739,0.25,0,1,471334,471088,246
5816881,117.459,134.021,240,22327,0.19,0,1,471430,471190,240
5819801,110.276,128.519,210,21860,0.23,0,1,471490,471280,210
5822721,109.992,123.704,228,24780,0.23,0,1,471598,471370,228
5825641,114.243,123.241,252,26117,0.23,0,1,471742,471490,252
5828561,110.462,120.711,233,25792,0.27,0,1,471826,471593,233
5831481,108.655,116.372,243,25360,0.24,0,1,471922,471679,243
5834401,105.573,112.575,241,25035,0.23,0,1,472006,471765,241
5835441,121.376,109.254,387,24765,0.11,0,1,472238,471851,387
5838361,1072.95,1096.22,116,24765,0.05,0,1,479972,479856,116
5841281,951.335,972.694,108,24332,0.01,0,1,480072,479964,108
5844201,846.418,863.232,123,23251,0.03,0,1,480184,480061,123
5847121,751.116,766.078,121,22385,0.05,0,1,480268,480147,121
5850041,669.226,681.069,131,21628,0.07,0,1,480364,480233,131
5852961,594.573,606.685,117,21034,0.07,0,1,480436,480319,117
5855881,532.251,541.599,127,23067,0.11,0,1,480532,480405,127
5858801,479.22,483.774,156,22483,0.15,0,1,480640,480484,156
5861721,428.317,432.303,156,22918,0.19,0,1,480712,480556,156
5864641,386.778,387.265,180,22714,0.19,0,1,480808,480628,180
5867561,348.931,347.607,194,22714,0.23,0,1,480892,480698,194
5870481,312.814,312.656,186,22714,0.27,0,1,480952,480766,186
5873401,287.212,282.074,226,23081,0.29,0,1,481060,480834,226
5876321,260.311,255.315,230,23081,0.33,0,2,481132,480902,230
5879241,239.772,231.9,258,22525,0.35,0,2,481228,480970,258
5882161,217.301,211.163,252,22525,0.39,0,2,481288,481036,252
5885081,202.138,193.017,282,22525,0.45,0,2,481384,481102,282
5888001,187.371,177.14,300,22525,0.51,0,2,481468,481168,300
5890921,174.449,163.248,318,22981,0.53,0,2,481552,481234,318
5893841,163.143,151.092,336,22981,0.57,0,2,481636,481300,336
5896761,154.75,140.455,366,20061,0.63,0,2,481732,481366,366
5899681,145.907,131.148,384,20061,0.65,0,2,481816,481432,384
5902601,138.168,123.005,402,20061,0.69,0,2,481900,481498,402
5905521,131.397,115.629,422,20061,0.73,0,2,481984,481562,422
5908441,123.973,109.176,430,20061,0.77,0,2,482056,481626,430
5911361,124.976,106.279,476,20061,0.83,0,2,482188,481712,476
5914281,124.354,106.494,488,20061,0.93,0,2,482308,481820,488
5917201,123.81,103.182,528,20061,0.97,0,2,482428,481900,528
5939101,132,90.8406,872,22981,0.89,0,2,483436,482564,872
5939101,130.5,79.4855,992,20061,0.75,0,2,483556,482564,992
5939101,129.188,69.5498,1112,20061,0.75,0,2,483676,482564,1112
5939101,132.539,60.8561,1268,17520,0.75,0,2,483832,482564,1268
5939101,121.972,53.2491,1316,14600,0.81,0,2,483880,482564,1316
5939101,130.725,46.5929,1508,10220,0.81,0,2,484072,482564,1508
5942021,130.885,179.769,528,7300,0.83,0,2,484204,483676,528
5943481,132.524,176.798,516,7300,0.83,0,2,484348,483832,516
5946401,124.958,160.698,540,7300,0.85,0,2,484420,483880,540
5947861,134.839,164.611,552,7300,0.83,0,2,484624,484072,552
5949321,120.984,149.034,536,7300,0.87,0,2,484648,484112,536
5952241,120.861,141.905,564,7300,0.87,0,2,484768,484204,564
5953701,122.253,142.167,552,7300,0.83,0,2,484900,484348,552
5955161,117.472,133.396,564,7300,0.79,0,2,484984,484420,564
5961001,126.788,142.222,552,7300,0.79,0,2,485176,484624,552
5963921,131.939,129.444,680,10949,0.79,0,2,485344,484664,680
5966841,136.447,142.763,612,13869,0.91,0,2,485512,484900,612
5969761,147.891,159.418,564,16789,0.93,0,2,485740,485176,564
5972681,145.905,147.491,632,19709,0.91,0,2,485872,485240,632
5975601,138.167,146.054,580,20061,0.93,0,2,485956,485376,580
5978521,140.396,135.798,672,20061,0.99,0,2,486112,485440,672
5981441,128.846,131.823,616,20061,0.99,0,2,486160,485544,616
6001881,143.142,110.645,930,20061,0.93,0,2,487180,486250,930
6001881,140.25,96.8148,1050,20061,0.88,0,2,487300,486250,1050
6001881,136.218,84.7129,1158,20061,0.83,0,2,487408,486250,1158
6001881,129.691,74.1238,1242,21521,0.92,0,2,487492,486250,1242
6001881,128.48,64.8583,1362,18980,0.93,0,2,487612,486250,1362
6001881,119.92,56.751,1422,17520,0.91,0,2,487672,486250,1422
6001881,118.43,49.6572,1530,16060,0.91,0,2,487780,486250,1530
6001881,109.626,43.45,1578,13140,0.95,0,2,487828,486250,1578
6001881,104.923,38.0188,1650,14600,0.93,0,2,487900,486250,1650
6001881,103.807,33.2664,1746,14900,0.99,0,2,487996,486250,1746
6001881,95.3315,29.1081,1782,14900,0.95,0,2,488032,486250,1782
6004801,93.9151,180.72,624,14900,0.99,0,2,488116,487492,624
6007721,97.1757,173.13,624,14900,0.99,0,2,488236,487612,624
6028161,93.2969,125.045,678,10949,0.99,0,2,488668,487990,678
6031081,98.1348,125.164,684,13869,0.97,0,2,488800,488116,684
6047141,150.151,136.904,927,14900,0.99,0,2,489916,488989,927
6047141,146.382,119.791,1047,14273,0.98,0,2,490036,488989,1047
6047141,143.084,104.817,1167,14273,0.93,0,2,490156,488989,1167
6054441,135.783,176.472,708,7300,0.98,0,2,491068,490360,708
6063201,133.81,178.413,636,8760,0.94,0,2,491188,490552,636
6064661,145.584,164.486,797,10220,0.83,0,2,491416,490619,797
6064661,142.386,143.925,917,11680,0.82,0,2,491536,490619,917
6064661,133.587,125.935,989,11680,0.87,0,2,491608,490619,989
6064661,119.889,110.193,1013,11680,0.85,0,2,491632,490619,1013
6067581,118.403,151.544,680,11680,0.83,0,2,491740,491060,680
6070501,117.103,149.351,654,14600,0.83,0,2,491848,491194,654
6073421,118.965,147.432,652,17520,0.81,0,2,491980,491328,652
6076341,117.594,145.753,626,20440,0.77,0,2,492088,491462,626
6079261,132.895,162.284,588,23360,0.81,0,2,492328,491740,588
6082181,128.283,155.248,578,26280,0.85,0,2,492424,491846,578
6085101,127.248,149.092,592,29200,0.89,0,2,492544,491952,592
6088021,124.842,143.706,594,32120,0.93,0,2,492652,492058,594
6090941,124.236,138.993,608,34142,0.97,0,2,492772,492164,608
6093861,119.207,134.868,586,37062,0.95,0,2,492856,492270,586
6096781,120.806,131.26,612,39982,0.99,0,2,492988,492376,612
6115761,131.216,98.1568,967,40905,0.99,0,2,494056,493089,967
6115761,129.814,85.8872,1087,40905,0.96,0,2,494176,493089,1087
6115761,128.587,75.1513,1207,27740,0.94,0,2,494296,493089,1207
6115761,124.514,65.7574,1303,26280,0.94,0,2,494392,493089,1303
6130361,116.693,234.841,620,8760,0.98,0,2,496852,496232,620
6131821,132.107,240.986,576,10220,0.95,0,2,497092,496516,576
6168321,131.878,122.989,1042,26280,0.89,0,2,498244,497202,1042
6168321,134.893,107.616,1198,27740,0.89,0,2,498400,497202,1198
6168321,128.531,94.1637,1282,23360,0.92,0,2,498484,497202,1282
6177081,95.8884,128.91,857,10220,0.93,0,2,499516,498659,857
6177081,97.4024,112.797,965,11680,0.93,0,2,499624,498659,965
6177081,98.7271,98.6969,1073,13140,0.94,0,2,499732,498659,1073
6210661,134.269,127.235,888,27740,0.98,0,2,501004,500116,888
6213581,111.721,131.283,1020,8760,0.96,0,2,502240,501220,1020
6213581,112.756,114.873,1140,10220,0.95,0,2,502360,501220,1140
6213581,112.161,100.514,1248,11680,0.97,0,2,502468,501220,1248
6213581,113.141,87.9497,1368,13140,0.99,0,2,502588,501220,1368
6213581,113.998,76.956,1488,13140,0.97,0,2,502708,501220,1488
6213581,95.4907,45.1102,1764,14600,0.99,0,2,502984,501220,1764
6213581,125.855,23.1374,2532,8760,0.97,0,2,503752,501220,2532
6213581,123.623,20.2452,2640,10220,0.92,0,2,503860,501220,2640
6245701,118.67,256.965,810,11680,0.95,0,2,503944,503134,810
6245701,105.857,196.739,942,13140,0.94,0,2,504076,503134,942
6245701,106.125,172.146,1050,13140,0.98,0,2,504184,503134,1050
6267601,127.743,69.2268,1623,16060,0.99,0,2,506356,504733,1623
6267601,126.775,60.5734,1743,1460,0.96,0,2,506476,504733,1743
6279281,96.8559,88.3598,986,14600,0.96,0,2,507332,506346,986
6285121,98.2489,127.065,696,14600,0.91,0,2,507440,506744,696
6292421,100.968,122.057,729,16060,0.95,0,2,507560,506831,729
6292421,102.347,106.8,841,17520,0.92,0,2,507672,506831,841
6292421,95.5535,93.4497,889,18980,0.93,0,2,507720,506831,889
6292421,92.6093,81.7685,961,20440,0.93,0,2,507792,506831,961
6292421,85.5331,71.5474,997,14600,0.95,0,2,507828,506831,997
6292421,85.3415,62.604,1081,14600,0.93,0,2,507912,506831,1081
6292421,80.6738,54.7785,1129,14600,0.97,0,2,507960,506831,1129
6292421,78.0896,47.9312,1189,14600,0.93,0,2,508020,506831,1189
6292421,78.8284,41.9398,1273,14600,0.93,0,2,508104,506831,1273
6292421,77.9748,36.6973,1345,14600,0.95,0,2,508176,506831,1345
6292421,75.728,32.1102,1405,14600,0.91,0,2,508236,506831,1405
6292421,75.262,28.0964,1477,14600,0.91,0,2,508308,506831,1477
6292421,73.3542,24.5843,1537,14600,0.91,0,2,508368,506831,1537
6311401,68.685,141.636,612,16060,0.89,0,2,508404,507792,612
6314321,75.0993,130.057,683,10949,0.87,0,2,508524,507841,683
6317241,85.2119,131.55,697,13869,0.91,0,2,508680,507983,697
6320161,89.5604,132.856,675,16789,0.91,0,2,508800,508125,675
6323081,94.8654,133.999,665,19709,0.93,0,2,508932,508267,665
6326001,114.507,149.374,660,22629,0.97,0,2,509184,508524,660
6328921,119.694,148.452,674,25549,0.97,0,2,509340,508666,674
6337681,129.029,145.823,696,34309,0.98,0,2,509784,509088,696
6340601,130.901,144.845,702,35760,0.92,0,2,509928,509226,702
6343521,131.038,143.989,696,35760,0.94,0,2,510060,509364,696
6344001,150.658,143.241,846,35718,0.95,0,2,510348,509502,846
6346921,281.076,307.46,583,35718,0.93,0,2,511542,510959,583
6365901,199.864,172.064,959,37715,0.96,0,2,512814,511855,959
6365901,188.381,150.556,1067,37715,0.93,0,2,512922,511855,1067
6373201,106.368,153.011,716,11680,0.98,0,2,513930,513214,716
6403861,117.715,102.865,944,29200,0.99,0,2,515262,514318,944
6403861,115.001,90.0066,1040,30660,0.99,0,2,515358,514318,1040
6425761,94.3175,129.641,783,10949,0.97,0,2,516570,515787,783
6425761,96.0278,113.435,891,12409,0.96,0,2,516678,515787,891
6425761,97.5243,99.256,999,13869,0.95,0,2,516786,515787,999
6425761,98.8338,86.849,1107,8760,0.99,0,2,516894,515787,1107
6425761,93.9796,75.9929,1167,10220,0.99,0,2,516954,515787,1167
6425761,91.2321,66.4938,1239,10220,0.95,0,2,517026,515787,1239
6425761,109.975,50.9093,1599,13140,0.97,0,2,517386,515787,1599
6444741,107.221,143.991,716,10949,0.99,0,2,517782,517066,716
6462261,130.494,82.286,1335,16060,0.99,0,2,519462,518127,1335
6497301,139.993,124.211,1066,27643,0.99,0,2,522126,521060,1066
6497301,132.994,108.685,1150,5840,0.95,0,2,522210,521060,1150
6497301,128.37,95.099,1246,5840,0.87,0,2,522306,521060,1246
6497301,119.824,83.2116,1306,5840,0.81,0,2,522366,521060,1306
6497301,115.346,72.8101,1390,5840,0.67,0,2,522450,521060,1390
6497301,114.428,63.7089,1498,5840,0.55,0,2,522558,521060,1498
6497301,112.124,55.7453,1594,5840,0.51,0,2,522654,521060,1594
6497301,107.109,48.7771,1666,1460,0.51,0,2,522726,521060,1666
6513361,102.72,175.93,672,5840,0.49,0,2,522798,522126,672
6516281,116.88,207.939,456,29103,0.45,0,2,523014,522558,456
6516281,108.27,181.946,504,30659,0.45,0,2,523062,522558,504
6516281,100.736,159.203,552,30659,0.47,0,2,523110,522558,552
6516281,98.6442,139.303,636,30659,0.47,0,2,523194,522558,636
6519201,108.814,173.015,407,30659,0.47,0,2,523374,522967,407
6522121,120.712,174.138,429,29183,0.47,0,2,523578,523149,429
6525041,126.623,175.121,415,27996,0.51,0,2,523746,523331,415
6527961,136.295,175.981,437,26905,0.51,0,2,523950,523513,437
6530881,144.758,176.733,459,26038,0.54,0,2,524154,523695,459
6533801,149.163,177.391,457,25365,0.54,0,2,524334,523877,457
6536721,152.018,177.968,447,24755,0.47,0,2,524506,524059,447
6539641,157.016,178.472,457,24177,0.48,0,2,524698,524241,457
6542561,155.389,178.913,419,23728,0.37,0,2,524842,524423,419
6545481,158.84,179.299,420,23183,0.33,0,2,525025,524605,420
6548401,153.985,179.636,358,22701,0.27,0,1,525145,524787,358
6551321,154.237,179.932,332,22027,0.25,0,1,525301,524969,332
6554241,154.457,180.19,306,21354,0.22,0,1,525457,525151,306
6556161,152.15,180.416,260,20648,0.11,0,1,525593,525333,260
6559081,286.881,302.614,332,22568,0.47,0,2,526823,526491,332
6562001,284.021,287.538,414,22348,0.67,0,2,527087,526673,414
6564921,277.019,274.345,460,22316,0.85,0,2,527315,526855,460
6579521,247.816,210.855,820,19396,0.98,0,2,528395,527575,820
6579521,231.839,184.498,940,19396,0.82,0,2,528515,527575,940
6579521,217.859,161.436,1060,19396,0.82,0,2,528635,527575,1060
6579521,205.626,141.257,1180,19396,0.88,0,2,528755,527575,1180
6579521,191.923,123.6,1276,13140,0.94,0,2,528851,527575,1276
6599961,163.086,172.835,773,10949,0.99,0,2,530147,529374,773
6602881,169.7,173.98,807,13869,0.98,0,2,530363,529556,807
6618941,194.024,188.634,851,19396,0.99,0,2,531635,530784,851
6618941,184.771,165.055,971,22316,0.97,0,2,531755,530784,971
6637921,116.696,146.918,852,10949,0.93,0,2,532931,532079,852
6637921,117.109,128.553,972,12409,0.96,0,2,533051,532079,972
6651061,125.808,186.982,804,14600,0.98,0,2,533975,533171,804
6651061,125.082,163.61,924,10949,0.93,0,2,534095,533171,924
6665661,119.22,169.042,912,10949,0.97,0,2,535235,534323,912
6665661,118.09,129.423,1140,13869,0.98,0,2,535463,534323,1140
6683181,133.294,178.697,864,10949,0.98,0,2,536543,535679,864
6684641,143.841,130.876,1200,8760,0.87,0,2,537191,535991,1200
6684641,142.361,114.517,1332,5840,0.67,0,2,537323,535991,1332
6684641,139.566,100.202,1452,5840,0.57,0,2,537443,535991,1452
6684641,135.62,87.6767,1560,5840,0.53,0,2,537551,535991,1560
6684641,127.668,76.7171,1632,5840,0.52,0,2,537623,535991,1632
6697781,119.209,196.127,660,5840,0.47,0,2,537683,537023,660
6700701,135.808,224.112,492,5840,0.35,0,2,537935,537443,492
6703621,135.332,222.098,416,20896,0.41,0,2,538067,537651,416
6706541,149.916,229.835,384,23816,0.57,0,2,538319,537935,384
6709461,156.676,221.106,428,26736,0.75,0,2,538523,538095,428
6712381,165.592,213.468,496,26359,0.97,0,2,538751,538255,496
6724061,187.374,167.424,936,23615,0.86,0,2,539831,538895,936
6724061,178.952,146.496,1056,23615,0.82,0,2,539951,538895,1056
6724061,170.083,128.184,1164,23615,0.9,0,2,540059,538895,1164
6741581,141.737,183.319,614,13140,0.95,0,2,541259,540645,614
6743041,154.02,174.654,740,10949,0.83,0,2,541499,540759,740
6743041,154.267,152.823,896,13869,0.98,0,2,541655,540759,896
6743041,133.214,45.9473,2036,7300,0.93,0,2,542795,540759,2036
6743041,131.562,40.2039,2156,8760,0.96,0,2,542915,540759,2156
6769321,134.333,77.6375,1647,11680,0.92,0,2,544775,543128,1647
6769321,131.041,67.9328,1755,10220,0.89,0,2,544883,543128,1755
6772241,129.661,208.316,684,11680,0.96,0,2,545003,544319,684
6773701,120.953,195.777,636,11680,0.93,0,2,545063,544427,636
6783921,115.178,171.491,600,11680,0.97,0,2,545375,544775,600
6783921,115.78,150.055,720,11680,0.95,0,2,545495,544775,720
6805821,109.314,21.4231,2336,8760,0.93,0,2,548015,545679,2336
6805821,106.15,18.7452,2420,10220,0.99,0,2,548099,545679,2420
6805821,97.3812,16.402,2456,11680,0.98,0,2,548135,545679,2456
6805821,94.2086,14.3518,2528,13140,0.97,0,2,548207,545679,2528
6842321,123.412,157.414,845,5840,0.48,0,2,549371,548526,845
6842321,121.486,137.737,953,5840,0.24,0,1,549479,548526,953
6842321,121.3,120.52,1073,5840,0.23,0,1,549599,548526,1073
6842321,112.137,105.455,1121,5840,0.25,0,1,549647,548526,1121
6842321,101.12,92.273,1145,5840,0.23,0,1,549671,548526,1145
6842321,89.9802,80.7389,1157,5840,0.23,0,1,549683,548526,1157
6845241,95.2326,204.772,216,5840,0.25,0,1,549815,549599,216
6846701,89.3286,188.175,192,5840,0.27,0,1,549863,549671,192
6849621,87.1625,170.653,216,5840,0.31,0,2,549935,549719,216
6851081,88.2672,161.322,216,22629,0.35,0,2,550031,549815,216
6855461,83.2338,147.156,216,22629,0.41,0,2,550079,549863,216
6855461,84.8296,128.762,312,22629,0.49,0,2,550175,549863,312
6855461,80.2259,112.667,360,22629,0.55,0,2,550223,549863,360
6855461,79.1976,98.5833,432,24089,0.61,0,2,550295,549863,432
6855461,79.7979,86.2603,516,25549,0.67,0,2,550379,549863,516
6855461,71.3232,75.4778,528,27009,0.67,0,2,550391,549863,528
6855461,71.4078,66.0431,600,28469,0.75,0,2,550463,549863,600
6855461,71.4818,57.7877,672,29929,0.83,0,2,550535,549863,672
6870061,71.5466,95.5642,384,31389,0.81,0,2,550607,550223,384
6872981,82.1033,89.6187,492,10949,0.85,0,2,550763,550271,492
6875901,91.3404,90.4164,552,13869,0.97,0,2,550919,550367,552
6890501,125.002,80.3692,999,32849,0.98,0,2,551966,550967,999
6890501,122.877,70.3231,1107,34309,0.85,0,2,552074,550967,1107
6890501,121.017,61.5327,1215,27740,0.87,0,2,552182,550967,1215
6890501,116.39,53.8411,1299,26280,0.97,0,2,552266,550967,1299
6900721,92.8433,118.394,822,24820,0.98,0,2,553148,552326,822
6900721,94.7379,103.595,930,24820,0.84,0,2,553256,552326,930
6900721,96.3957,90.6457,1038,24820,0.72,0,2,553364,552326,1038
6900721,97.8462,79.3149,1146,26280,0.72,0,2,553472,552326,1146
6900721,96.1154,69.4006,1230,27740,0.77,0,2,553556,552326,1230
6900721,87.101,60.7255,1254,27740,0.79,0,2,553580,552326,1254
6900721,86.7134,53.1348,1338,23360,0.81,0,2,553664,552326,1338
6900721,101.374,46.493,1542,1460,0.95,0,2,553868,552326,1542
6900721,96.2024,40.6813,1602,5840,0.97,0,2,553928,552326,1602
6900721,91.6771,35.5962,1662,7300,0.99,0,2,553988,552326,1662
6900721,84.7175,31.1467,1698,8760,0.99,0,2,554024,552326,1698
6900721,80.1278,27.2533,1746,10220,0.99,0,2,554072,552326,1746
6932841,92.2913,70.8984,1188,24820,0.8,0,2,555200,554012,1188
6932841,89.7549,62.0361,1260,26280,0.86,0,2,555272,554012,1260
6945981,142.209,220.513,660,11680,0.89,0,2,556424,555764,660
6945981,139.433,192.949,780,13140,0.86,0,2,556544,555764,780
6945981,137.004,168.831,900,14600,0.84,0,2,556664,555764,900
6945981,149.878,147.727,1140,16060,0.97,0,2,556904,555764,1140
6945981,141.644,129.261,1224,17520,0.99,0,2,556988,555764,1224
6945981,115.571,98.9654,1284,20440,0.99,0,2,557048,555764,1284
6950361,115.192,193.83,780,16060,0.99,0,2,558320,557540,780
6950361,115.793,169.601,900,16060,0.96,0,2,558440,557540,900
6950361,116.319,148.401,1020,16060,0.88,0,2,558560,557540,1020
6950361,116.779,129.851,1140,17520,0.92,0,2,558680,557540,1140
6950361,117.182,113.619,1260,18980,0.94,0,2,558800,557540,1260
6950361,103.983,26.1542,2376,14600,0.96,0,2,559916,557540,2376
6950361,105.985,22.8849,2496,16060,0.94,0,2,560036,557540,2496
6950361,107.737,20.0243,2616,16060,0.91,0,2,560156,557540,2616
6950361,107.77,17.5213,2724,16060,0.91,0,2,560264,557540,2724
6950361,113.798,15.3311,2880,16060,0.93,0,2,560420,557540,2880
6950361,114.574,13.4147,3000,17520,0.95,0,2,560540,557540,3000
6950361,163.252,11.7379,3504,18980,0.99,0,2,561044,557540,3504
6950361,151.845,10.2706,3576,20440,0.97,0,2,561116,557540,3576
6950361,138.865,8.98681,3624,21900,0.97,0,2,561164,557540,3624
6950361,133.507,7.86346,3720,23360,0.95,0,2,561260,557540,3720
6950361,170.818,6.88053,4152,1460,0.75,0,2,561692,557540,4152
6950361,153.966,6.02046,4188,5840,0.77,0,2,561728,557540,4188
6950361,143.72,5.2679,4260,7300,0.73,0,2,561800,557540,4260
6950361,128.755,4.60942,4284,8760,0.75,0,2,561824,557540,4284
6950361,120.161,4.03324,4344,10220,0.75,0,2,561884,557540,4344
7016061,106.641,474.904,585,11680,0.77,0,2,561896,561311,585
7016061,130.811,415.541,885,13140,0.81,0,2,562196,561311,885
7016061,123.459,363.598,957,13140,0.83,0,2,562268,561311,957
7016061,118.527,318.149,1041,13140,0.91,0,2,562352,561311,1041
7018981,120.211,353.255,574,13140,0.89,0,2,562484,561910,574
7021901,118.685,322.598,574,16060,0.95,0,2,562592,562018,574
7036501,142.365,199.233,906,33580,0.93,0,2,563552,562646,906
7036501,139.57,174.328,1026,35040,0.87,0,2,563672,562646,1026
7036501,141.623,152.537,1182,36500,0.92,0,2,563828,562646,1182
7036501,140.42,133.47,1314,24820,0.99,0,2,563960,562646,1314
7042341,115.634,119.779,1085,11680,0.97,0,2,565088,564003,1085
7042341,116.18,104.806,1205,11680,0.94,0,2,565208,564003,1205
7046721,116.658,166.456,727,11680,0.87,0,2,565328,564601,727
7048181,112.575,161.399,685,13140,0.95,0,2,565412,564727,685
7048181,113.503,141.224,805,14600,0.98,0,2,565532,564727,805
7048181,120.47,28.4449,2233,8760,0.99,0,2,566960,564727,2233
7049641,120.411,236.389,661,10220,0.9,0,2,567080,566419,661
7051101,120.36,229.466,600,11680,0.93,0,2,567200,566600,600
7094901,137.859,134.695,1008,27740,0.97,0,2,568316,567308,1008
7094901,135.627,117.858,1128,29200,0.99,0,2,568436,567308,1128
7094901,133.673,103.126,1248,18980,0.99,0,2,568556,567308,1248
7103661,112.409,115.713,1021,13140,0.99,0,2,569732,568711,1021
7118261,110.358,164.499,611,13140,0.92,0,2,569828,569217,611
7119721,126.563,157.937,739,14600,0.96,0,2,570068,569329,739
7122641,112.369,148.438,788,13140,0.96,0,2,571040,570252,788
7124101,113.323,153.383,720,14600,0.9,0,2,571160,570440,720
7124101,114.157,134.21,840,14600,0.91,0,2,571280,570440,840
7124101,114.888,117.434,960,16060,0.99,0,2,571400,570440,960
7124101,93.5794,27.0323,1853,5840,0.99,0,2,572293,570440,1853
7124101,96.882,23.6532,1973,7300,0.98,0,2,572413,570440,1973
7124101,99.4878,18.1095,2189,10220,0.99,0,2,572629,570440,2189
7157681,100.552,222.346,645,11680,0.93,0,2,572737,572092,645
7157681,103.983,194.553,773,13140,0.84,0,2,572865,572092,773
7157681,98.485,170.234,833,5840,0.81,0,2,572925,572092,833
7162061,99.6744,180.829,686,5840,0.75,0,2,573033,572347,686
7162061,96.2151,158.226,758,5840,0.67,0,2,573105,572347,758
7162061,93.1882,138.447,830,5840,0.67,0,2,573177,572347,830
7164561,99.0397,153.017,715,5840,0.6,0,2,573317,572602,715
7167481,619.785,739.014,139,5840,0.01,0,1,577582,577443,139
7170401,566.187,667.888,160,27784,0.09,0,1,577773,577613,160
7173321,523.913,605.652,218,25731,0.21,0,1,578001,577783,218
7176241,492.924,551.195,324,24191,0.45,0,2,578277,577953,324
7179161,459.809,503.546,382,23302,0.65,0,2,578505,578123,382
7182081,433.833,461.853,464,22754,0.81,0,2,578757,578293,464
7195221,340.095,319.694,826,22651,0.92,0,2,579969,579143,826
7195221,312.583,279.732,946,22651,0.9,0,2,580089,579143,946
7195221,288.51,244.766,1066,24111,0.91,0,2,580209,579143,1066
7214201,178.165,192.194,816,10949,0.83,0,2,581517,580701,816
7214201,170.894,168.17,936,13869,0.79,0,2,581637,580701,936
7214201,164.532,147.148,1056,15329,0.86,0,2,581757,580701,1056
7214201,157.466,128.755,1164,8760,0.93,0,2,581865,580701,1164
7233181,152.416,169.134,843,10949,0.83,0,2,583161,582318,843
7233181,151.364,147.992,987,13869,0.81,0,2,583305,582318,987
7233181,144.444,129.493,1083,15329,0.77,0,2,583401,582318,1083
7233181,166.888,113.306,1407,8760,0.87,0,2,583725,582318,1407
7233181,159.527,99.1432,1515,5840,0.83,0,2,583833,582318,1515
7233181,151.586,86.7503,1611,5840,0.87,0,2,583929,582318,1611
7236101,134.138,211.282,540,7300,0.85,0,2,583941,583401,540
7237561,162.371,225.371,576,7300,0.91,0,2,584301,583725,576
7246321,155.574,211.7,568,7300,0.89,0,2,584409,583841,568
7249241,167.628,199.737,704,10949,0.89,0,2,584661,583957,704
7252161,176.674,203.77,712,13869,0.93,0,2,584901,584189,712
7255081,178.59,207.299,672,16789,0.95,0,2,585093,584421,672
7258001,178.766,204.387,668,19709,0.97,0,2,585273,584605,668
7272601,195.701,194.456,804,21736,0.97,0,2,586329,585525,804
7274061,201.238,191.649,872,21736,0.99,0,2,586569,585697,872
7276981,136.744,172.043,888,7300,0.99,0,2,587697,586809,888
7297421,135.775,162.355,804,13140,0.82,0,2,588717,587913,804
7300341,148.803,169.061,828,16060,0.57,0,2,588957,588129,828
7300341,145.203,147.928,948,5840,0.55,0,2,589077,588129,948
7300341,137.553,129.437,1032,5840,0.57,0,2,589161,588129,1032
7300341,127.859,113.257,1092,5840,0.55,0,2,589221,588129,1092
7300341,117.876,99.1002,1140,4380,0.53,0,2,589269,588129,1140
7300341,110.642,86.7126,1200,4380,0.53,0,2,589329,588129,1200
7309101,131.311,212.374,384,4380,0.59,0,2,589605,589221,384
7312021,137.398,199.327,456,20276,0.67,0,2,589785,589329,456
7314941,166.723,208.911,552,23196,0.87,0,2,590157,589605,552
7328081,203.107,185.818,936,24008,0.95,0,2,591621,590685,936
7328081,192.718,162.591,1056,24008,0.98,0,2,591741,590685,1056
7344141,149.45,190.797,672,10220,0.96,0,2,592785,592113,672
7344141,145.768,166.948,792,11680,0.86,0,2,592905,592113,792
7344141,141.047,146.079,900,13140,0.8,0,2,593013,592113,900
7344141,135.416,127.819,996,13140,0.89,0,2,593109,592113,996
7347061,137.989,181.717,593,13140,0.97,0,2,593265,592672,593
7364581,174.841,172.423,823,26227,0.98,0,2,594609,593786,823
7364581,167.986,150.87,943,26227,0.97,0,2,594729,593786,943
7364581,161.988,132.011,1063,26227,0.97,0,2,594849,593786,1063
7364581,155.239,115.51,1171,26227,0.99,0,2,594957,593786,1171
7385021,124.663,170.659,797,8760,0.97,0,2,595989,595192,797
7385021,124.08,149.327,917,11680,0.9,0,2,596109,595192,917
7385021,123.57,130.661,1037,13140,0.95,0,2,596229,595192,1037
7385021,118.624,114.328,1121,13140,0.97,0,2,596313,595192,1121
7395241,152.215,167.695,850,20440,0.93,0,2,597429,596579,850
7395241,148.188,146.734,970,23360,0.93,0,2,597549,596579,970
7395241,144.664,128.392,1090,24820,0.97,0,2,597669,596579,1090
7412761,130.787,168.043,828,8760,0.92,0,2,598713,597885,828
7412761,129.439,147.038,948,11680,0.89,0,2,598833,597885,948
7412761,128.259,128.658,1068,13140,0.84,0,2,598953,597885,1068
7412761,121.227,112.576,1140,13140,0.93,0,2,599025,597885,1140
7417141,116.573,176.504,600,13140,0.93,0,2,599109,598509,600
7417141,109.502,154.441,660,14600,0.95,0,2,599169,598509,660
7434661,166.713,172.635,804,28712,0.92,0,2,600561,599757,804
7434661,160.874,151.055,924,5840,0.82,0,2,600681,599757,924
7434661,155.765,132.173,1044,5840,0.79,0,2,600801,599757,1044
7434661,145.294,115.652,1116,5840,0.73,0,2,600873,599757,1116
7434661,140.632,101.195,1224,5840,0.65,0,2,600981,599757,1224
7434661,130.553,88.5458,1284,5840,0.58,0,2,601041,599757,1284
7434661,117.234,77.4776,1308,5840,0.59,0,2,601065,599757,1308
7434661,114.205,67.7929,1401,5840,0.51,0,2,601158,599757,1401
7437581,128.429,198.819,513,5840,0.39,0,2,601386,600873,513
7447801,119.876,194.966,405,5840,0.39,0,2,601446,601041,405
7450721,119.891,182.971,426,28122,0.39,0,2,601566,601140,426
7453641,127.405,190.849,360,26883,0.39,0,2,601746,601386,360
7456561,136.979,191.743,366,25556,0.37,0,2,601950,601584,366
7459481,146.857,192.525,384,24435,0.39,0,2,602166,601782,384
7462401,152.5,193.21,378,23521,0.43,0,2,602358,601980,378
7465321,160.437,193.808,396,22695,0.47,0,2,602574,602178,396
7468241,170.383,194.332,438,22046,0.55,0,2,602814,602376,438
7471161,174.585,194.791,444,21633,0.59,0,2,603018,602574,444
7474081,184.262,195.192,498,21279,0.61,0,2,603270,602772,498
7477001,183.729,195.543,480,21161,0.59,0,2,603450,602970,480
7479921,189.263,195.85,510,21014,0.63,0,2,603678,603168,510
7482841,188.105,196.119,492,20984,0.67,0,2,603858,603366,492
7485761,194.592,196.354,534,20896,0.71,0,2,604098,603564,534
7488681,198.768,196.56,564,21064,0.79,0,2,604326,603762,564
7491601,197.922,196.74,558,21064,0.89,0,2,604518,603960,558
7494521,201.682,196.897,588,21064,0.97,0,2,604746,604158,588
7506201,196.309,148.551,1048,23984,0.96,0,2,605970,604922,1048
7506201,186.77,129.982,1168,23984,0.97,0,2,606090,604922,1168
7506201,178.424,113.734,1288,14600,0.98,0,2,606210,604922,1288
7531021,126.464,139.908,1008,17520,0.94,0,2,608610,607602,1008
7531021,125.656,122.42,1128,18980,0.93,0,2,608730,607602,1128
7531021,124.949,107.117,1248,20440,0.99,0,2,608850,607602,1248
7568981,125.359,132.749,1083,23360,0.93,0,2,611334,610251,1083
7568981,124.689,116.155,1203,24567,0.93,0,2,611454,610251,1203
7568981,122.09,88.9314,1431,14600,0.96,0,2,611682,610251,1431
7593801,116.18,131.889,870,10949,0.96,0,2,612930,612060,870
7593801,115.158,115.402,978,13869,0.97,0,2,613038,612060,978
7593801,112.355,88.355,1182,10220,0.97,0,2,613242,612060,1182
7611321,134.654,164.458,864,5840,0.8,0,2,614226,613362,864
7614241,146.322,181.401,792,5840,0.55,0,2,614454,613662,792
7617161,165.532,180.851,915,5840,0.51,0,2,614754,613839,915
7620081,170.34,235.12,504,18249,0.45,0,2,614958,614454,504
7623001,176.048,243.23,420,21169,0.45,0,2,615174,614754,420
7625921,166.042,228.826,388,24089,0.49,0,2,615270,614882,388
7628841,161.787,216.223,392,27009,0.45,0,2,615402,615010,392
7631761,155.063,205.195,372,29929,0.49,0,2,615510,615138,372
7634681,155.18,195.545,400,29938,0.55,0,2,615666,615266,400
7637601,155.283,187.102,428,29109,0.69,0,2,615822,615394,428
7640521,153.872,179.715,444,28532,0.75,0,2,615966,615522,444
7643441,157.138,173.25,496,28099,0.89,0,2,616146,615650,496
7659501,179.419,148.308,880,27955,0.97,0,2,617298,616418,880
7659501,171.991,129.77,1000,24659,0.87,0,2,617418,616418,1000
7690161,142.3,141.931,876,21900,0.96,0,2,619938,619062,876
7690161,139.512,124.19,996,24659,0.96,0,2,620058,619062,996
7690161,137.073,108.666,1116,24659,0.97,0,2,620178,619062,1116
7709141,109.867,149.299,736,18980,0.94,0,2,621162,620426,736
7709141,111.133,130.637,856,10949,0.81,0,2,621282,620426,856
7709141,112.242,114.307,976,12409,0.8,0,2,621402,620426,976
7709141,113.212,100.019,1096,13869,0.9,0,2,621522,620426,1096
7709141,111.06,87.5165,1192,11680,0.92,0,2,621618,620426,1192
7726661,143.301,143.831,945,13869,0.98,0,2,622998,622053,945
7726661,140.388,125.852,1065,15329,0.93,0,2,623118,622053,1065
7745641,156.715,189.044,770,13869,0.94,0,2,624378,623608,770
7745641,152.126,165.414,890,16789,0.88,0,2,624498,623608,890
7745641,148.11,144.737,1010,18249,0.84,0,2,624618,623608,1010
7745641,144.596,126.645,1130,19709,0.93,0,2,624738,623608,1130
7764621,140.307,185.596,792,13869,0.92,0,2,625854,625062,792
7764621,137.769,162.397,912,16789,0.91,0,2,625974,625062,912
7764621,135.547,142.097,1032,18249,0.95,0,2,626094,625062,1032
7764621,127.794,95.194,1370,5840,0.95,0,2,626432,625062,1370
7764621,120.82,83.2948,1442,5840,0.87,0,2,626504,625062,1442
7764621,117.718,72.8829,1538,5840,0.85,0,2,626600,625062,1538
7764621,115.003,63.7726,1634,5840,0.87,0,2,626696,625062,1634
7779221,106.628,184.801,650,5840,0.89,0,2,626744,626094,650
7782141,150.299,212.951,696,5840,0.61,0,2,627200,626504,696
7785061,154.012,210.332,684,21169,0.61,0,2,627380,626696,684
7787981,179.76,247.041,540,24089,0.57,0,2,627740,627200,540
7790901,179.79,239.66,532,27009,0.61,0,2,627920,627388,532
7793821,175.316,233.203,488,29929,0.69,0,2,628064,627576,488
7796741,177.402,227.553,492,29206,0.87,0,2,628256,627764,492
7809881,207.485,195.437,868,26064,0.9,0,2,629444,628576,868
7809881,196.55,171.007,988,26064,0.81,0,2,629564,628576,988
7809881,186.981,149.631,1108,26064,0.94,0,2,629684,628576,1108
7833241,141.233,168.45,809,13140,0.95,0,2,631021,630212,809
7833241,130.264,112.848,1133,14600,0.95,0,2,631345,630212,1133
7847841,136.402,3.90866,4400,5840,0.95,0,2,636145,631745,4400
7847841,134.351,3.42008,4520,7300,0.94,0,2,636265,631745,4520
7847841,131.058,2.99257,4628,8760,0.92,0,2,636373,631745,4628
7847841,129.675,2.6185,4748,10220,0.96,0,2,636493,631745,4748
7897481,141.545,295.309,841,18980,0.99,0,2,637657,636816,841
7897481,138.852,258.395,961,21900,0.97,0,2,637777,636816,961
7897481,136.496,226.096,1081,23360,0.93,0,2,637897,636816,1081
7897481,132.934,197.834,1189,17520,0.97,0,2,638005,636816,1189
7904781,110.962,167.777,832,5840,0.89,0,2,638905,638073,832
7904781,124.092,146.805,1048,5840,0.77,0,2,639121,638073,1048
7904781,111.58,128.454,1072,5840,0.71,0,2,639145,638073,1072
7907701,112.633,191.897,556,5840,0.64,0,2,639265,638709,556
7907701,109.054,167.91,640,5840,0.71,0,2,639349,638709,640
7919381,102.922,163.921,564,5840,0.67,0,2,639409,638845,564
7920841,124.057,151.931,768,24820,0.67,0,2,639681,638913,768
7923761,125.55,176.94,552,26280,0.67,0,2,639817,639265,552
7926681,123.356,172.822,516,29200,0.63,0,2,639925,639409,516
7929601,119.937,164.72,504,32120,0.61,0,2,640021,639517,504
7932521,118.444,157.63,504,35040,0.63,0,2,640129,639625,504
7935441,114.139,151.426,480,37960,0.69,0,2,640213,639733,480
7938361,111.872,145.998,468,37101,0.71,0,2,640309,639841,468
7941281,112.888,141.248,480,38544,0.77,0,2,640429,639949,480
7944201,113.777,137.092,492,38503,0.81,0,2,640549,640057,492
7947121,116.055,133.455,516,37835,0.91,0,2,640681,640165,516
7950041,118.048,130.274,540,37358,0.96,0,2,640813,640273,540
7971941,134.257,72.6154,1234,23360,0.98,0,2,642287,641053,1234
7983621,119.054,139.042,756,11680,0.97,0,2,643271,642515,756
7983621,119.172,121.662,876,13140,0.9,0,2,643391,642515,876
7983621,119.276,106.454,996,14600,0.87,0,2,643511,642515,996
7983621,119.366,93.1472,1116,14600,0.84,0,2,643631,642515,1116
7983621,119.446,81.5038,1236,14600,0.91,0,2,643751,642515,1236
7983621,112.015,71.3158,1296,16060,0.99,0,2,643811,642515,1296
7986541,116.095,247.511,582,11680,0.99,0,2,644927,644345,582
7988001,113.583,224.073,618,13140,0.98,0,2,645023,644405,618
8036181,111.315,29.8443,2228,8760,0.88,0,2,649055,646827,2228
8050781,112.401,246.239,587,10220,0.93,0,2,649175,648588,587
8074141,101.297,177.649,696,5840,0.89,0,2,651347,650651,696
8078521,103.635,168.943,708,5840,0.78,0,2,651467,650759,708
8081441,104.181,161.325,708,5840,0.71,0,2,651575,650867,708
8084361,119.658,183.159,600,5840,0.58,0,2,651803,651203,600
8093121,118.201,178.264,564,26280,0.67,0,2,651911,651347,564
8096041,122.926,170.981,600,10949,0.67,0,2,652067,651467,600
8098961,137.56,191.609,504,13869,0.71,0,2,652307,651803,504
8101881,138.365,182.658,528,16789,0.73,0,2,652451,651923,528
8104801,133.069,174.825,504,19709,0.87,0,2,652547,652043,504
8107721,131.436,167.972,504,22629,0.95,0,2,652667,652163,504
8123781,153.883,123.838,960,36061,0.99,0,2,653843,652883,960
8123781,157.148,108.359,1140,36061,0.92,0,2,654023,652883,1140
8129621,107.133,134.79,869,13140,0.96,0,2,655031,654162,869
8129621,108.742,117.941,989,14600,0.96,0,2,655151,654162,989
8129621,110.149,103.199,1109,14600,0.95,0,2,655271,654162,1109
8129621,109.88,90.2987,1217,14600,0.95,0,2,655379,654162,1217
8129621,104.251,23.7554,2189,7300,0.98,0,2,656351,654162,2189
8169041,139.701,173.668,864,17520,0.92,0,2,657515,656651,864
8169041,137.238,151.96,984,20440,0.91,0,2,657635,656651,984
8169041,135.083,132.965,1104,21900,0.83,0,2,657755,656651,1104
8169041,133.198,116.344,1224,23360,0.89,0,2,657875,656651,1224
8169041,128.548,101.801,1320,14600,0.95,0,2,657971,656651,1320
8193861,97.7074,128.615,726,17520,0.99,0,2,658973,658247,726
8193861,100.494,112.538,846,10949,0.94,0,2,659093,658247,846
8193861,102.932,98.4706,966,12409,0.9,0,2,659213,658247,966
8193861,105.066,86.1618,1086,13869,0.94,0,2,659333,658247,1086
8193861,101.441,65.9676,1266,10220,0.98,0,2,659513,658247,1266
8215761,164.744,129.822,1180,10220,0.98,0,2,662117,660937,1180
8220141,135.092,209.344,780,5840,0.94,0,2,663257,662477,780
8231821,133.206,217.676,624,5840,0.85,0,2,663377,662753,624
8231821,131.555,190.467,744,5840,0.74,0,2,663497,662753,744
8231821,128.611,166.658,852,14600,0.81,0,2,663605,662753,852
8231821,123.034,145.826,936,14600,0.8,0,2,663689,662753,936
8231821,121.155,127.598,1044,14600,0.81,0,2,663797,662753,1044
8231821,115.011,111.648,1116,14600,0.79,0,2,663869,662753,1116
8231821,112.634,97.6921,1212,16060,0.75,0,2,663965,662753,1212
8231821,109.055,85.4806,1296,17520,0.77,0,2,664049,662753,1296
8231821,107.423,74.7955,1392,18980,0.77,0,2,664145,662753,1392
8231821,104.495,65.4461,1476,20440,0.73,0,2,664229,662753,1476
8231821,97.4333,57.2653,1524,21900,0.83,0,2,664277,662753,1524
8231821,92.7542,50.1072,1584,23360,0.79,0,2,664337,662753,1584
8231821,93.1599,43.8438,1680,24820,0.87,0,2,664433,662753,1680
8231821,90.5149,38.3633,1752,26280,0.91,0,2,664505,662753,1752
8231821,89.7005,33.5679,1836,1460,0.93,0,2,664589,662753,1836
8259561,115.089,167.653,1068,13140,0.99,0,2,667073,666005,1068
8259561,119.215,17.32,3180,14600,0.92,0,2,669185,666005,3180
8259561,117.813,15.155,3288,14600,0.9,0,2,669293,666005,3288
8259561,118.086,13.2606,3408,16060,0.86,0,2,669413,666005,3408
8259561,118.326,11.603,3528,17520,0.86,0,2,669533,666005,3528
8309201,127.491,529.927,717,11680,0.95,0,2,670937,670220,717
8309201,126.554,463.687,837,13140,0.98,0,2,671057,670220,837
8317961,163.603,282.296,1116,23360,0.86,0,2,672257,671141,1116
8317961,158.153,247.009,1236,24820,0.84,0,2,672377,671141,1236
8317961,153.384,216.133,1356,13140,0.91,0,2,672497,671141,1356
8342781,154.608,206.752,818,16789,0.86,0,2,673961,673143,818
8342781,150.282,180.908,938,19709,0.84,0,2,674081,673143,938
8342781,146.497,158.294,1058,21169,0.91,0,2,674201,673143,1058
8342781,146.185,138.508,1202,8760,0.96,0,2,674345,673143,1202
8342781,145.912,121.194,1346,8760,0.95,0,2,674489,673143,1346
8342781,145.673,106.045,1490,7300,0.97,0,2,674633,673143,1490
8342781,139.464,92.7893,1586,7300,0.97,0,2,674729,673143,1586
8363221,159.763,193.927,756,13869,0.97,0,2,675593,674837,756
8366141,169.792,195.187,792,16789,0.94,0,2,675833,675041,792
8398261,141.848,170.094,852,7300,0.95,0,2,678413,677561,852
8398261,137.617,148.833,960,8760,0.92,0,2,678521,677561,960
8398261,133.915,130.229,1068,10220,0.97,0,2,678629,677561,1068
8412861,146.377,151.706,854,20440,0.9,0,2,679841,678987,854
8412861,143.08,132.743,974,23360,0.86,0,2,679961,678987,974
8412861,140.195,116.15,1094,24820,0.91,0,2,680081,678987,1094
8412861,137.671,101.631,1214,21900,0.95,0,2,680201,678987,1214
8440601,72.7457,48.9558,1116,5840,0.97,0,2,681587,680471,1116
8443521,77.1525,106.336,716,5840,0.91,0,2,681695,680979,716
8443521,79.5084,93.0443,812,5840,0.88,0,2,681791,680979,812
8443521,83.0699,81.4138,920,5840,0.86,0,2,681899,680979,920
8443521,147.686,71.2371,1520,5840,0.87,0,2,682499,680979,1520
8443521,201.225,62.3324,2096,1460,0.99,0,2,683075,680979,2096
8471261,115.759,117.438,974,14600,0.96,0,2,685823,684849,974
8471261,116.289,102.758,1094,14600,0.85,0,2,685943,684849,1094
8471261,116.753,89.9134,1214,16060,0.91,0,2,686063,684849,1214
8478561,130.185,54.3623,2087,8760,0.99,0,2,688655,686568,2087
8478561,134.912,47.567,2255,10220,0.9,0,2,688823,686568,2255
8478561,125.548,41.6211,2315,11680,0.98,0,2,688883,686568,2315
8478561,123.355,36.4185,2423,13140,0.94,0,2,688991,686568,2423
8478561,119.935,31.8662,2519,13140,0.99,0,2,689087,686568,2519
8538421,110.33,176.772,1130,20440,0.92,0,2,691679,690549,1130
8538421,110.039,154.676,1238,21900,0.81,0,2,691787,690549,1238
8538421,109.784,135.341,1346,23360,0.92,0,2,691895,690549,1346
8538421,106.561,118.424,1430,24820,0.96,0,2,691979,690549,1430
8538421,86.9418,23.8526,2426,18980,0.95,0,2,692975,690549,2426
8538421,89.5741,20.871,2534,20440,0.8,0,2,693083,690549,2534
8538421,93.3773,18.2621,2654,21900,0.87,0,2,693203,690549,2654
8538421,96.7052,15.9793,2774,23360,0.93,0,2,693323,690549,2774
8538421,89.8629,3.21852,3914,7300,0.99,0,2,694463,690549,3914
8538421,89.13,2.8162,3998,8760,0.98,0,2,694547,690549,3998
8538421,91.4914,1.88663,4274,13140,0.94,0,2,694823,690549,4274
8538421,89.055,1.65081,4346,14600,0.93,0,2,694895,690549,4346
8555941,86.9231,462.194,732,16060,0.96,0,2,694967,694235,732
8555941,80.5577,404.42,768,17520,0.99,0,2,695003,694235,768
8555941,73.488,353.868,792,17520,0.99,0,2,695027,694235,792
8555941,74.802,309.634,876,17520,0.99,0,2,695111,694235,876
8555941,73.0203,237.064,1008,18980,0.99,0,2,695243,694235,1008
8555941,74.3927,207.431,1092,18980,0.99,0,2,695327,694235,1092
8555941,74.3944,158.814,1236,20440,0.99,0,2,695471,694235,1236
8555941,72.5951,138.962,1296,20440,0.97,0,2,695531,694235,1296
8555941,94.1832,31.9879,2412,14600,0.96,0,2,696647,694235,2412
8555941,97.4103,27.9894,2532,16060,0.77,0,2,696767,694235,2532
8555941,100.234,24.4907,2652,16060,0.72,0,2,696887,694235,2652
8555941,101.205,21.4294,2760,17520,0.75,0,2,696995,694235,2760
8555941,114.804,18.7507,2970,18980,0.89,0,2,697205,694235,2970
8555941,128.954,16.4069,3198,20440,0.91,0,2,697433,694235,3198
8555941,126.334,14.356,3306,21900,0.93,0,2,697541,694235,3306
8555941,118.043,12.5615,3366,23360,0.99,0,2,697601,694235,3366
8555941,101.676,3.77672,4266,13140,0.95,0,2,698501,694235,4266
8555941,100.966,3.30463,4362,14600,0.89,0,2,698597,694235,4362
8555941,104.845,2.89155,4494,16060,0.89,0,2,698729,694235,4494
8555941,100.74,2.53011,4566,16060,0.82,0,2,698801,694235,4566
8555941,97.1472,2.21384,4638,16060,0.82,0,2,698873,694235,4638
8555941,98.5038,1.93711,4746,16060,0.76,0,2,698981,694235,4746
8555941,90.6909,1.69497,4782,16060,0.74,0,2,699017,694235,4782
8555941,86.8545,1.4831,4842,17520,0.75,0,2,699077,694235,4842
8555941,80.4977,1.29771,4878,17520,0.73,0,2,699113,694235,4878
8555941,79.4355,1.1355,4950,18980,0.73,0,2,699185,694235,4950
8555941,112.131,0.993562,5291,20440,0.57,0,2,699526,694235,5291
8555941,107.49,0.869367,5366,21900,0.61,0,2,699601,694235,5366
8555941,100.053,0.760696,5414,23360,0.67,0,2,699649,694235,5414
8555941,95.0468,0.665609,5474,24820,0.67,0,2,699709,694235,5474
8555941,90.6659,0.582408,5534,26280,0.71,0,2,699769,694235,5534
8555941,98.2077,0.509607,5685,27740,0.71,0,2,699920,694235,5685
8555941,99.4317,0.445906,5793,29200,0.75,0,2,700028,694235,5793
8555941,100.503,0.390168,5901,30660,0.89,0,2,700136,694235,5901
8555941,101.44,0.341397,6009,32120,0.99,0,2,700244,694235,6009
8555941,114.298,0.0785865,7269,31360,0.94,0,2,701504,694235,7269
8555941,110.511,0.0687632,7353,31360,0.94,0,2,701588,694235,7353
8680041,144.13,845.715,835,10220,0.95,0,2,702802,701967,835
8680041,141.114,740,955,10220,0.89,0,2,702922,701967,955
8686081,138.475,722.125,478,10220,0.92,0,2,703042,702564,478
8697761,175.151,387.132,1039,24820,0.93,0,2,704398,703359,1039
8697761,156.009,259.348,1387,8760,0.97,0,2,704746,703359,1387
8697761,153.008,226.93,1519,8760,0.99,0,2,704878,703359,1519
8729881,178.971,201.494,917,24820,0.94,0,2,707410,706493,917
8729881,171.6,176.307,1037,24869,0.9,0,2,707530,706493,1037
8729881,165.15,154.269,1157,24869,0.95,0,2,707650,706493,1157
8748861,176.101,206.419,840,11680,0.87,0,2,708994,708154,840
8748861,169.089,180.617,960,13140,0.9,0,2,709114,708154,960
8748861,154.771,138.285,1176,13140,0.99,0,2,709330,708154,1176
8760541,174.958,166.276,1016,23547,0.95,0,2,710698,709682,1016
8760541,172.588,145.492,1172,23547,0.93,0,2,710854,709682,1172
8760541,169.014,127.305,1316,7300,0.79,0,2,710998,709682,1316
8760541,165.888,111.392,1460,7300,0.63,0,2,711142,709682,1460
8760541,160.152,97.4682,1580,8760,0.53,0,2,711262,709682,1580
8760541,156.633,85.2847,1712,10220,0.49,0,2,711394,709682,1712
8772221,146.054,221.124,612,1460,0.47,0,2,711466,710854,612
8775141,141.297,211.484,576,5840,0.53,0,2,711574,710998,576
8778061,143.135,218.548,464,8760,0.63,0,2,711730,711266,464
8778061,132.743,191.23,524,11680,0.59,0,2,711790,711266,524
8778061,135.65,167.326,680,11680,0.69,0,2,711946,711266,680
8778061,139.694,146.41,848,11680,0.91,0,2,712114,711266,848
8788281,205.627,214.912,764,20440,0.93,0,2,713338,712574,764
8788281,194.924,188.048,884,23171,0.99,0,2,713458,712574,884
8788281,177.873,84.395,1892,7300,0.84,0,2,714466,712574,1892
8801421,175.139,264.346,524,8760,0.78,0,2,714622,714098,524
8801421,163.747,231.302,608,10220,0.81,0,2,714706,714098,608
8801421,153.778,202.39,692,10220,0.85,0,2,714790,714098,692
8804341,172.056,217.341,670,10220,0.91,0,2,715090,714420,670
8807261,179.049,217.173,682,13140,0.93,0,2,715318,714636,682
8810181,186.668,217.027,706,16060,0.97,0,2,715558,714852,706
8837921,238.924,244.775,777,21255,0.93,0,2,718174,717397,777
8864201,255.424,263.815,705,23462,0.98,0,2,720550,719845,705
8874421,168.502,74.61,1982,5840,0.99,0,2,722734,720752,1982
8874421,162.439,65.2838,2102,7300,0.81,0,2,722854,720752,2102
8874421,157.134,57.1233,2222,8760,0.55,0,2,722974,720752,2222
8874421,152.493,49.9829,2342,10220,0.53,0,2,723094,720752,2342
8889021,140.931,272.485,572,11680,0.55,0,2,723154,722582,572
8889021,130.815,238.424,632,13140,0.47,0,2,723214,722582,632
8894861,126.463,240.871,470,13140,0.47,0,2,723310,722840,470
8894861,121.155,210.762,554,14600,0.43,0,2,723394,722840,554
8897781,127.011,216.667,464,14600,0.35,0,2,723562,723098,464
8900701,132.134,220.709,383,17520,0.33,0,2,723730,723347,383
8903621,133.618,215.62,347,20440,0.33,0,2,723874,723527,347
8906541,139.415,211.168,347,23360,0.37,0,2,724054,723707,347
8909461,145.988,207.272,359,25792,0.57,0,2,724246,723887,359
8912381,157.74,203.863,419,24754,0.79,0,2,724486,724067,419
8924061,176.137,148.522,947,23976,0.96,0,2,725734,724787,947
8926981,160.541,173.715,996,5840,0.74,0,2,726838,725842,996
8926981,153.973,152,1104,7300,0.69,0,2,726946,725842,1104
8926981,148.227,133,1212,8760,0.7,0,2,727054,725842,1212
8926981,143.198,116.375,1320,10220,0.72,0,2,727162,725842,1320
8938661,144.799,222.703,509,10220,0.81,0,2,727318,726809,509
8940121,137.199,206.115,503,11680,0.79,0,2,727402,726899,503
8944501,133.549,189.351,539,13140,0.91,0,2,727510,726971,539
8957641,169.624,157.85,911,23976,0.95,0,2,728722,727811,911
8964941,149.004,207.346,588,10220,0.86,0,2,729894,729306,588
8964941,145.378,181.428,708,11680,0.76,0,2,730014,729306,708
8973701,142.206,212.249,400,11680,0.83,0,2,730134,729734,400
8976621,178.68,200.968,712,13140,0.99,0,2,730568,729856,712
8985381,203.491,215.172,748,18835,0.99,0,2,731336,730588,748
8988301,214.055,218.776,792,21755,0.98,0,2,731624,730832,792
8991221,212.798,221.929,752,21755,0.96,0,2,731828,731076,752
8994141,214.698,224.688,736,21755,0.88,0,2,732056,731320,736
8997061,213.361,223.977,721,21755,0.82,0,2,732260,731539,721
8999981,212.441,220.229,733,21755,0.87,0,2,732466,731733,733
9002901,203.886,216.951,683,21755,0.95,0,2,732610,731927,683
9005821,196.4,214.082,633,24056,0.99,0,2,732754,732121,633
9020421,193.165,173.431,903,24590,0.96,0,2,733942,733039,903
9029181,124.831,141.127,936,27682,0.9,0,2,735226,734290,936
9029181,124.227,123.486,1056,29142,0.79,0,2,735346,734290,1056
9029181,123.699,108.05,1176,30602,0.78,0,2,735466,734290,1176
9042321,121.737,188.044,536,30602,0.86,0,2,735574,735038,536
9042321,121.52,164.538,656,32062,0.97,0,2,735694,735038,656
9061301,149.455,135.248,918,36000,0.96,0,2,737122,736204,918
9061301,128.029,35.5805,2118,10220,0.72,0,2,738322,736204,2118
9061301,124.025,31.1329,2214,11680,0.78,0,2,738418,736204,2214
9061301,123.522,27.2413,2334,13140,0.88,0,2,738538,736204,2334
9061301,110.744,2.46248,4482,17520,0.9,0,2,740686,736204,4482
9061301,111.901,2.15467,4602,18980,0.75,0,2,740806,736204,4602
9061301,112.913,1.88534,4722,18980,0.71,0,2,740926,736204,4722
9061301,113.799,1.64967,4842,18980,0.72,0,2,741046,736204,4842
9061301,113.074,1.44346,4950,18980,0.73,0,2,741154,736204,4950
9061301,101.94,1.26303,4974,20440,0.77,0,2,741178,736204,4974
9061301,90.6973,1.10515,4986,21900,0.81,0,2,741190,736204,4986
9061301,83.8601,0.967005,5022,23360,0.83,0,2,741226,736204,5022
9061301,125.878,0.84613,5442,24820,0.93,0,2,741646,736204,5442
9061301,125.143,0.740364,5562,26280,0.97,0,2,741766,736204,5562
9061301,85.4298,0.076486,6894,35991,0.95,0,2,743098,736204,6894
9061301,89.7511,0.0669252,7014,35991,0.82,0,2,743218,736204,7014
9061301,93.5322,0.0585596,7134,35991,0.81,0,2,743338,736204,7134
9061301,93.8407,0.0512396,7230,35991,0.88,0,2,743434,736204,7230
9061301,108.903,0.0229961,7974,8760,0.96,0,2,744178,736204,7974
9061301,110.29,0.0201216,8094,10220,0.84,0,2,744298,736204,8094
9061301,111.504,0.0176064,8214,11680,0.7,0,2,744418,736204,8214
9150361,112.566,947.765,752,13140,0.7,0,2,744538,743786,752
9150361,111.995,829.295,860,14600,0.74,0,2,744646,743786,860
9150361,103.996,725.633,908,14600,0.75,0,2,744694,743786,908
9151821,95.4964,678.554,595,14600,0.71,0,2,744730,744135,595
9153281,92.5594,602.36,598,16060,0.71,0,2,744802,744204,598
9163501,85.4894,538.815,540,17520,0.69,0,2,744838,744298,540
9166421,100.303,486.463,624,18980,0.67,0,2,745042,744418,624
9169341,104.265,449.28,567,21900,0.69,0,2,745174,744607,567
9172261,104.732,410.37,537,24820,0.67,0,2,745282,744745,537
9175181,103.641,376.324,495,27740,0.69,0,2,745378,744883,495
9178101,108.686,346.533,501,30660,0.69,0,2,745522,745021,501
9181021,114.6,320.467,519,33071,0.67,0,2,745678,745159,519
9183941,119.775,297.658,537,32478,0.71,0,2,745834,745297,537
9186861,121.303,277.701,531,32055,0.75,0,2,745966,745435,531
9189781,125.64,260.238,549,31632,0.77,0,2,746122,745573,549
9192701,126.435,244.959,543,31378,0.75,0,2,746254,745711,543
9195621,128.631,231.589,549,31124,0.75,0,2,746398,745849,549
9198541,132.052,219.89,567,30912,0.77,0,2,746554,745987,567
9201461,133.545,209.654,573,30828,0.79,0,2,746698,746125,573
9204381,133.352,200.697,567,29296,0.81,0,2,746830,746263,567
9207301,133.183,192.86,561,29256,0.85,0,2,746962,746401,561
9210221,134.535,186.003,567,29176,0.91,0,2,747106,746539,567
9213141,137.218,180.002,585,29136,0.97,0,2,747262,746677,585
9227741,147.393,124.909,987,32056,0.94,0,2,748390,747403,987
9227741,142.469,109.296,1095,32056,0.96,0,2,748498,747403,1095
9227741,138.16,95.6337,1203,18980,0.98,0,2,748606,747403,1203
9251101,101.649,105.317,945,12409,0.9,0,2,749818,748873,945
9251101,102.443,92.1527,1053,13869,0.9,0,2,749926,748873,1053
9251101,103.138,80.6336,1161,11680,0.86,0,2,750034,748873,1161
9251101,99.2454,70.5544,1233,8760,0.91,0,2,750106,748873,1233
9270081,144.271,159.531,826,10949,0.84,0,2,751414,750588,826
9270081,139.737,139.59,934,13869,0.85,0,2,751522,750588,934
9270081,135.77,122.141,1042,15329,0.85,0,2,751630,750588,1042
9270081,132.299,106.873,1150,8760,0.89,0,2,751738,750588,1150
9270081,145.762,93.5143,1390,8760,0.95,0,2,751978,750588,1390
9270081,139.541,81.825,1486,10220,0.97,0,2,752074,750588,1486
9290521,136.959,154.913,797,13140,0.97,0,2,753490,752693,797
9290521,133.339,135.549,905,16060,0.97,0,2,753598,752693,905
9294901,118.77,122.778,1068,13140,0.95,0,2,754846,753778,1068
9294901,118.924,107.431,1188,13140,0.98,0,2,754966,753778,1188
9294901,117.467,28.2624,2376,8760,0.94,0,2,756154,753778,2376
9331401,148.942,195.485,883,5840,0.88,0,2,757354,756471,883
9331401,145.325,171.05,1003,5840,0.87,0,2,757474,756471,1003
9331401,142.159,149.669,1123,5840,0.83,0,2,757594,756471,1123
9334321,197.889,271.335,588,5840,0.49,0,2,758182,757594,588
9334321,216.653,237.418,936,21621,0.47,0,2,758530,757594,936
9334321,201.571,207.741,1032,21621,0.57,0,2,758626,757594,1032
9334321,185.375,181.773,1104,20161,0.59,0,2,758698,757594,1104
9334321,172.703,159.052,1188,21621,0.63,0,2,758782,757594,1188
9334321,160.115,139.17,1260,23081,0.69,0,2,758854,757594,1260
9337241,146.101,242.774,340,24541,0.69,0,2,758902,758562,340
9338701,142.838,221.927,384,24541,0.81,0,2,759022,758638,384
9348921,136.983,203.686,404,24541,0.91,0,2,759118,758714,404
9360601,157.177,117.862,1144,25549,0.97,0,2,760390,759246,1144
9369361,109.82,163.24,816,8760,0.99,0,2,761434,760618,816
9369361,111.093,142.835,936,10220,0.88,0,2,761554,760618,936
9369361,112.206,124.981,1056,11680,0.85,0,2,761674,760618,1056
9369361,113.18,109.358,1176,13140,0.83,0,2,761794,760618,1176
9383961,109.533,187.563,525,13140,0.89,0,2,761878,761353,525
9383961,104.841,164.118,597,14600,0.87,0,2,761950,761353,597
9385421,105.236,162.603,553,14600,0.87,0,2,762058,761505,553
9388341,102.582,151.778,561,16060,0.87,0,2,762142,761581,561
9388341,101.759,132.806,657,17520,0.89,0,2,762238,761581,657
9391261,108.539,135.205,661,17520,0.85,0,2,762394,761733,661
9394181,118.972,141.804,665,20440,0.99,0,2,762586,761921,665
9408781,156.828,123.518,1073,28096,0.95,0,2,763906,762833,1073
9408781,152.225,108.079,1193,28096,0.99,0,2,764026,762833,1193
9426301,118.244,115.214,1068,11680,0.92,0,2,765310,764242,1068
9426301,116.964,100.812,1176,11680,0.91,0,2,765418,764242,1176
9440901,145.181,130.669,992,24820,0.93,0,2,766642,765650,992
9440901,142.034,114.335,1112,24143,0.88,0,2,766762,765650,1112
9440901,139.28,100.043,1232,11680,0.92,0,2,766882,765650,1232
9459881,124.45,147.094,804,13140,0.92,0,2,768058,767254,804
9459881,123.893,128.707,924,13140,0.82,0,2,768178,767254,924
9461341,145.407,183.618,652,13140,0.97,0,2,768474,767822,652
9475941,190.806,207.694,710,21205,0.86,0,2,769666,768956,710
9537261,227.245,243.171,784,22782,0.99,0,2,775198,774414,784
9537261,213.839,212.775,904,22782,0.93,0,2,775318,774414,904
9537261,214.109,186.178,1120,22782,0.96,0,2,775534,774414,1120
9551861,172.078,221.722,852,7300,0.95,0,2,776686,775834,852
9551861,165.568,194.007,972,10220,0.85,0,2,776806,775834,972
9554781,161.372,246.881,487,10220,0.88,0,2,776938,776451,487
9554781,166.7,216.021,691,11680,0.97,0,2,777142,776451,691
9566461,187.065,171.372,1049,24820,0.95,0,2,778450,777401,1049
9566461,178.682,149.95,1169,25702,0.94,0,2,778570,777401,1169
9566461,171.346,131.206,1289,10220,0.95,0,2,778690,777401,1289
9566461,164.928,114.806,1409,10220,0.95,0,2,778810,777401,1409
9585441,132.785,163.607,801,11680,0.85,0,2,779866,779065,801
9585441,131.187,143.156,921,11680,0.8,0,2,779986,779065,921
9585441,129.789,125.261,1041,11680,0.85,0,2,780106,779065,1041
9591281,170.619,198.997,747,14600,0.99,0,2,780718,779971,747
9594201,185.917,205.622,788,17520,0.91,0,2,781011,780223,788
9597121,191.177,211.42,764,20440,0.83,0,2,781239,780475,764
9600041,198.78,216.492,764,22733,0.75,0,2,781491,780727,764
9602961,199.433,220.931,716,22733,0.75,0,2,781695,780979,716
9605881,197.004,224.814,644,22733,0.81,0,2,781875,781231,644
9608801,196.378,228.212,584,22617,0.83,0,2,782067,781483,584
9611721,210.831,231.186,644,22154,0.91,0,2,782379,781735,644
9614641,218.977,233.788,668,21922,0.97,0,2,782655,781987,668
9617561,227.605,236.064,704,21806,0.99,0,2,782943,782239,704
9635081,238.509,244.848,716,24726,0.88,0,2,784467,783751,716
9638001,234.195,242.492,694,24726,0.95,0,2,784671,783977,694
9651141,229.614,221.795,810,27646,0.9,0,2,785787,784977,810
9651141,215.912,194.07,930,28212,0.83,0,2,785907,784977,930
9651141,203.923,169.811,1050,28212,0.94,0,2,786027,784977,1050
9651141,191.933,148.585,1158,11680,0.96,0,2,786135,784977,1158
9673041,156.541,175.58,825,13140,0.95,0,2,787395,786570,825
9673041,150.473,153.633,933,14600,0.92,0,2,787503,786570,933
9673041,146.664,134.429,1053,14600,0.95,0,2,787623,786570,1053
9687641,181.666,193.468,806,25292,0.99,0,2,788847,788041,806
9689101,188.957,195.534,836,25292,0.98,0,2,789087,788251,836
9689101,180.338,171.093,956,25292,0.98,0,2,789207,788251,956
9735821,116.02,175.62,644,10220,0.97,0,2,792975,792331,644
9735821,116.517,153.667,764,5840,0.9,0,2,793095,792331,764
9735821,116.953,134.459,884,5840,0.85,0,2,793215,792331,884
9738741,130.834,169.401,698,5840,0.72,0,2,793443,792745,698
9741661,142.979,174.726,714,5840,0.63,0,2,793671,792957,714
9744581,167.107,213.635,564,24113,0.57,0,2,794007,793443,564
9747501,170.219,215.431,528,23505,0.61,0,2,794199,793671,528
9750421,175.941,218.502,504,22872,0.67,0,2,794415,793911,504
9753341,189.949,221.189,552,22239,0.75,0,2,794703,794151,552
9756261,197.705,223.541,564,21826,0.85,0,2,794955,794391,564
9759181,208.992,225.598,612,21509,0.97,0,2,795243,794631,612
9770861,236.033,231.558,768,21363,0.98,0,2,796359,795591,768
9773781,236.529,232.613,768,21363,0.92,0,2,796599,795831,768
9788381,225.633,204.06,936,23869,0.94,0,2,797943,797007,936
9788381,212.429,178.552,1056,23869,0.87,0,2,798063,797007,1056
9788381,200.875,156.233,1176,23869,0.94,0,2,798183,797007,1176
9826341,138.731,208.74,744,5840,0.97,0,2,800847,800103,744
9833641,118.45,107.158,1135,14600,0.99,0,2,801951,800816,1135
9835101,133.644,161.888,830,14600,0.99,0,2,802191,801361,830
9835101,131.938,141.652,950,17520,0.99,0,2,802311,801361,950
9835101,128.946,123.946,1058,18980,0.99,0,2,802419,801361,1058
9835101,125.993,83.0339,1418,7300,0.99,0,2,802779,801361,1418
9855541,136.774,138.612,949,21900,0.95,0,2,804267,803318,949
9855541,134.677,121.285,1069,23360,0.96,0,2,804387,803318,1069
9855541,132.842,106.125,1189,11680,0.97,0,2,804507,803318,1189
9855541,129.737,92.859,1297,13140,0.94,0,2,804615,803318,1297
9875981,126.661,141.111,912,25714,0.92,0,2,805647,804735,912
9875981,125.828,123.472,1032,25714,0.79,0,2,805767,804735,1032
9875981,125.1,108.038,1152,25714,0.67,0,2,805887,804735,1152
9875981,122.962,94.5331,1260,25714,0.63,0,2,805995,804735,1260
9878901,128.592,174.216,696,25714,0.61,0,2,806163,805467,696
9881821,132.018,180.439,628,25455,0.55,0,2,806319,805691,628
9884741,132.016,185.884,536,27933,0.57,0,2,806451,805915,536
9887661,138.014,190.649,492,27233,0.59,0,2,806631,806139,492
9890581,147.762,194.818,484,26480,0.63,0,2,806847,806363,484
9893501,153.292,192.966,496,25805,0.65,0,2,807039,806543,496
9896421,158.13,191.345,508,25260,0.69,0,2,807231,806723,508
9899341,163.864,189.927,532,27411,0.78,0,2,807435,806903,532
9902261,170.381,188.686,568,27053,0.79,0,2,807651,807083,568
9905181,172.208,187.6,573,26875,0.85,0,2,807836,807263,573
9908101,173.182,183.65,597,26726,0.93,0,2,808016,807419,597
9911021,172.535,180.194,609,26696,0.99,0,2,808184,807575,609
9925621,170.41,128.938,1053,27603,0.98,0,2,809408,808355,1053
9925621,164.109,112.821,1173,27603,0.96,0,2,809528,808355,1173
9934381,121.161,109.486,1079,21900,0.97,0,2,810932,809853,1079
9934381,121.016,95.8004,1199,23360,0.96,0,2,811052,809853,1199
9934381,114.889,83.8253,1271,24683,0.93,0,2,811124,809853,1271
9934381,108.408,49.1369,1667,7300,0.99,0,2,811520,809853,1667
9934381,103.813,37.6204,1847,10220,0.97,0,2,811700,809853,1847
9934381,102.836,32.9179,1943,11680,0.99,0,2,811796,809853,1943
10019061,95.0308,193.062,630,11680,0.99,0,2,816512,815882,630
10019061,98.1519,168.929,750,13140,0.96,0,2,816632,815882,750
10019061,100.883,147.813,870,13140,0.96,0,2,816752,815882,870
10019061,102.519,29.7721,2034,5840,0.98,0,2,817916,815882,2034
10019061,110.705,26.0505,2202,7300,0.76,0,2,818084,815882,2202
10019061,107.366,22.7942,2286,5840,0.71,0,2,818168,815882,2286
10019061,108.946,19.9449,2406,5840,0.61,0,2,818288,815882,2406
10038041,104.327,246.827,643,5840,0.57,0,2,818360,817717,643
10040961,92.7865,227.348,564,5840,0.55,0,2,818372,817808,564
10040961,88.6882,198.93,624,5840,0.61,0,2,818432,817808,624
10042421,83.6022,188.314,558,5840,0.55,0,2,818480,817922,558
10043881,79.1519,171.899,549,5840,0.49,0,2,818528,817979,549
10045341,97.7579,199.537,384,5840,0.29,0,1,818756,818372,384
10049721,96.0382,181.72,411,30660,0.29,0,1,818840,818429,411
10052641,87.0334,166.13,378,32120,0.31,0,2,818864,818486,378
10055561,94.1542,152.489,465,33580,0.33,0,2,819008,818543,465
10058481,95.885,167.178,303,36500,0.37,0,2,819116,818813,303
10061401,97.3993,160.53,297,39265,0.33,0,2,819224,818927,297
10064321,98.7244,154.714,291,37114,0.37,0,2,819332,819041,291
10067241,102.884,149.625,309,35167,0.37,0,2,819464,819155,309
10070161,106.523,145.172,327,36499,0.45,0,2,819596,819269,327
10073081,109.708,141.275,345,35218,0.47,0,2,819728,819383,345
10076001,109.494,137.866,339,34245,0.49,0,2,819836,819497,339
10078921,109.308,131.883,357,33323,0.53,0,2,819944,819587,357
10081841,109.144,126.647,375,32657,0.61,0,2,820052,819677,375
10084761,109.001,122.066,393,32196,0.69,0,2,820160,819767,393
10087681,108.876,118.058,411,30659,0.81,0,2,820268,819857,411
10090601,110.267,114.551,441,30513,0.93,0,2,820388,819947,441
10108121,134.872,90.3437,924,27593,0.99,0,2,821432,820508,924
10108121,133.013,79.0508,1044,27593,0.84,0,2,821552,820508,1044
10108121,131.387,69.1694,1164,27593,0.96,0,2,821672,820508,1164
10113961,107.543,115.012,972,14600,0.9,0,2,822824,821852,972
10113961,109.1,100.636,1092,14600,0.8,0,2,822944,821852,1092
10113961,107.463,88.0563,1188,16060,0.8,0,2,823040,821852,1188
10113961,107.53,77.0493,1296,17520,0.78,0,2,823148,821852,1296
10113961,103.089,67.4181,1368,18980,0.82,0,2,823220,821852,1368
10113961,126.203,58.9909,1656,20440,0.89,0,2,823508,821852,1656
10113961,114.927,51.617,1692,20440,0.91,0,2,823544,821852,1692
10113961,111.061,45.1649,1776,1460,0.93,0,2,823628,821852,1776
10113961,100.179,39.5193,1800,5840,0.93,0,2,823652,821852,1800
10113961,98.1564,34.5794,1884,7300,0.97,0,2,823736,821852,1884
10156301,105.623,149.76,850,20440,0.97,0,2,824852,824002,850
10156301,107.42,131.04,970,23360,0.95,0,2,824972,824002,970
10162141,101.579,158.358,696,11680,0.95,0,2,826172,825476,696
10162141,103.882,138.563,816,13140,0.92,0,2,826292,825476,816
10166521,99.8966,150.243,656,13140,0.89,0,2,826364,825708,656
10166521,100.91,131.463,764,14600,0.94,0,2,826472,825708,764
10166521,94.2959,115.03,812,16060,0.95,0,2,826520,825708,812
10166521,84.0089,100.651,824,17520,0.99,0,2,826532,825708,824
10166521,90.0078,88.0696,956,18980,0.99,0,2,826664,825708,956
10166521,89.4594,11.8836,2156,1460,0.93,0,2,827864,825708,2156
10166521,93.277,10.3981,2276,5840,0.96,0,2,827984,825708,2276
10166521,96.6174,9.09836,2396,7300,0.95,0,2,828104,825708,2396
10216161,94.9663,124.994,888,24820,0.98,0,2,829112,828224,888
10216161,98.0955,109.369,1008,26280,0.94,0,2,829232,828224,1008
10216161,100.834,95.6982,1128,27740,0.94,0,2,829352,828224,1128
10216161,103.914,25.1759,2172,40880,0.88,0,2,830396,828224,2172
10216161,105.925,22.0289,2292,42340,0.94,0,2,830516,828224,2292
10224921,85.6589,197.71,630,32662,0.99,0,2,831092,830462,630
10226381,77.9515,175.496,634,32662,0.97,0,2,831116,830482,634
10227841,72.7076,156.059,650,32662,0.93,0,2,831152,830502,650
10229301,66.6191,139.052,654,32662,0.91,0,2,831176,830522,654
10240981,61.2918,124.17,658,32662,0.89,0,2,831200,830542,658
10242441,58.1303,111.149,674,32662,0.85,0,2,831236,830562,674
10257041,59.864,99.7555,726,32662,0.81,0,2,831308,830582,726
10258501,55.381,89.7861,730,32662,0.81,0,2,831332,830602,730
10258501,61.9584,78.5628,838,32662,0.67,0,2,831440,830602,838
10258501,67.7136,68.7425,946,34122,0.61,0,2,831548,830602,946
10258501,63.7494,60.1497,982,35582,0.64,0,2,831584,830602,982
10258501,58.7807,52.6309,1006,37042,0.68,0,2,831608,830602,1006
10258501,52.9331,46.0521,1018,38502,0.7,0,2,831620,830602,1018
10258501,47.8165,40.2956,1030,38502,0.68,0,2,831632,830602,1030
10258501,43.3394,35.2586,1042,39962,0.67,0,2,831644,830602,1042
10258501,42.422,30.8513,1078,41422,0.67,0,2,831680,830602,1078
10258501,38.6192,26.9949,1090,42882,0.69,0,2,831692,830602,1090
10258501,38.2918,23.6205,1126,44342,0.69,0,2,831728,830602,1126
10258501,36.5054,20.668,1150,45477,0.69,0,2,831752,830602,1150
10258501,43.9422,18.0845,1246,45477,0.69,0,2,831848,830602,1246
10258501,47.4494,15.8239,1318,45477,0.69,0,2,831920,830602,1318
10258501,47.5182,13.8459,1366,45477,0.73,0,2,831968,830602,1366
10258501,55.0785,12.1152,1474,45477,0.79,0,2,832076,830602,1474
10258501,54.1937,10.6008,1522,45477,0.85,0,2,832124,830602,1522
10258501,54.9194,9.27568,1582,45477,0.81,0,2,832184,830602,1582
10258501,55.5545,8.11622,1642,45477,0.85,0,2,832244,830602,1642
10258501,51.6102,7.10169,1666,45477,0.83,0,2,832268,830602,1666
10258501,51.1589,6.21398,1714,45477,0.87,0,2,832316,830602,1714
10258501,49.2641,5.43724,1750,45477,0.89,0,2,832352,830602,1750
10258501,52.1061,4.75758,1822,45477,0.87,0,2,832424,830602,1822
10258501,53.0928,4.16288,1882,45477,0.99,0,2,832484,830602,1882
10258501,73.1415,0.561714,2866,18980,0.98,0,2,833468,830602,2866
10258501,78.9988,0.491499,2986,20440,0.89,0,2,833588,830602,2986
10258501,84.124,0.430062,3106,21900,0.84,0,2,833708,830602,3106
10258501,88.6085,0.376304,3226,21900,0.83,0,2,833828,830602,3226
10258501,89.5324,0.329266,3322,21900,0.93,0,2,833924,830602,3322
10258501,136.909,0.113139,4558,32120,0.84,0,2,835160,830602,4558
10258501,133.296,0.0989965,4666,33580,0.86,0,2,835268,830602,4666
10258501,130.134,0.0866219,4774,35040,0.98,0,2,835376,830602,4774
10264341,99.527,478.889,842,18560,0.99,0,2,836440,835598,842
10264341,102.086,419.027,962,20020,0.88,0,2,836560,835598,962
10264341,104.325,366.649,1082,21480,0.85,0,2,836680,835598,1082
10264341,104.285,320.818,1186,21480,0.82,0,2,836784,835598,1186
10264341,224.749,280.716,2254,1460,0.93,0,2,837852,835598,2254
10264341,202.655,245.626,2302,5840,0.97,0,2,837900,835598,2302
10367581,102.592,103.723,1308,20440,0.94,0,2,839160,837852,1308
10367581,104.768,90.7578,1428,18980,0.95,0,2,839280,837852,1428
10379261,108.058,144.866,840,16060,0.94,0,2,840432,839592,840
10379261,109.551,126.757,960,16060,0.85,0,2,840552,839592,960
10379261,110.857,110.913,1080,17520,0.9,0,2,840672,839592,1080
10379261,112,97.0486,1200,18980,0.96,0,2,840792,839592,1200
10379261,106.802,25.5311,2268,13140,0.94,0,2,841860,839592,2268
10379261,108.452,22.3397,2388,13140,0.81,0,2,841980,839592,2388
10379261,109.895,19.5473,2508,13140,0.82,0,2,842100,839592,2508
10379261,120.158,17.1039,2700,14600,0.8,0,2,842292,839592,2700
10379261,156.138,14.9659,3108,16060,0.75,0,2,842700,839592,3108
10379261,154.621,13.0951,3252,17520,0.75,0,2,842844,839592,3252
10379261,180.294,11.4582,3612,18980,0.61,0,2,843204,839592,3612
10379261,165.257,10.026,3672,20440,0.63,0,2,843264,839592,3672
10379261,155.1,8.77272,3756,21900,0.63,0,2,843348,839592,3756
10379261,141.712,7.67613,3804,23360,0.65,0,2,843396,839592,3804
10379261,152.498,6.71661,4032,24820,0.55,0,2,843624,839592,4032
10379261,137.936,5.87704,4068,26280,0.61,0,2,843660,839592,4068
10379261,125.194,5.14241,4104,27740,0.63,0,2,843696,839592,4104
10379261,115.545,4.49961,4152,29200,0.65,0,2,843744,839592,4152
10379261,105.602,3.93716,4188,30660,0.69,0,2,843780,839592,4188
10379261,96.9014,3.44501,4224,32120,0.71,0,2,843816,839592,4224
10379261,89.2887,3.01438,4260,33580,0.67,0,2,843852,839592,4260
10379261,81.1277,2.63759,4284,35040,0.75,0,2,843876,839592,4284
10379261,88.9867,2.30789,4428,1460,0.85,0,2,844020,839592,4428
10379261,83.8634,2.0194,4476,5840,0.87,0,2,844068,839592,4476
10379261,77.8804,1.76698,4512,7300,0.87,0,2,844104,839592,4512
10379261,72.6454,1.5461,4548,8760,0.93,0,2,844140,839592,4548
10379261,66.5647,1.35284,4572,10220,0.93,0,2,844164,839592,4572
10379261,61.2441,1.18374,4596,11680,0.93,0,2,844188,839592,4596
10379261,62.5886,1.03577,4668,13140,0.97,0,2,844260,839592,4668
10458101,90.8133,181.54,978,30660,0.8,0,2,845460,844482,978
10459561,87.4618,163.184,960,11680,0.89,0,2,846576,845616,960
10459561,91.529,142.786,1080,13140,0.85,0,2,846696,845616,1080
10459561,95.0879,124.938,1200,14600,0.93,0,2,846816,845616,1200
10523801,84.7065,23.3817,1920,45260,0.97,0,2,850800,848880,1920
10523801,89.1182,20.459,2040,46720,0.8,0,2,850920,848880,2040
10523801,92.9784,17.9016,2160,48180,0.78,0,2,851040,848880,2160
10523801,96.3561,15.6639,2280,49640,0.99,0,2,851160,848880,2280
10526721,79.5215,298.739,819,20440,0.98,0,2,852072,851253,819
10526721,90.5813,261.396,987,21900,0.9,0,2,852240,851253,987
10526721,88.2587,228.722,1059,23360,0.89,0,2,852312,851253,1059
10526721,90.7263,200.132,1167,24820,0.96,0,2,852420,851253,1167
10526721,106.816,60.1711,2175,34151,0.94,0,2,853428,851253,2175
10526721,108.464,52.6497,2295,34151,0.9,0,2,853548,851253,2295
10531101,201.545,360.209,588,7300,0.82,0,2,854748,854160,588
10534021,191.352,322.933,646,8760,0.65,0,2,854868,854222,646
10534021,182.433,282.566,766,10220,0.48,0,2,854988,854222,766
10534021,174.629,247.245,886,11680,0.45,0,2,855108,854222,886
10534021,172.3,216.34,1042,13140,0.35,0,2,855264,854222,1042
10534021,156.763,189.297,1090,5840,0.35,0,2,855312,854222,1090
10534021,141.667,165.635,1126,5840,0.33,0,2,855348,854222,1126
10534021,126.959,144.931,1150,5840,0.31,0,2,855372,854222,1150
10534021,114.089,126.814,1174,5840,0.29,0,1,855396,854222,1174
10534021,105.828,110.963,1222,5840,0.29,0,1,855444,854222,1222
10609941,272.599,382.967,375,1460,0.67,0,2,856884,856509,375
10624541,241.346,240.816,920,35653,0.88,0,2,858300,857380,920
10624541,226.178,210.714,1040,35653,0.74,0,2,858420,857380,1040
10624541,214.405,184.375,1172,35653,0.75,0,2,858552,857380,1172
10624541,201.105,161.328,1280,20440,0.85,0,2,858660,857380,1280
10624541,190.342,141.162,1395,17520,0.93,0,2,858775,857380,1395
10624541,176.424,123.517,1474,13140,0.85,0,2,858854,857380,1474
10624541,160.371,108.077,1522,14600,0.89,0,2,858902,857380,1522
10624541,149.325,94.5674,1594,16060,0.85,0,2,858974,857380,1594
10624541,136.659,82.7465,1642,17520,0.83,0,2,859022,857380,1642
10627461,130.077,218.903,554,18980,0.85,0,2,859106,858552,554
10628921,130.317,205.04,578,18980,0.84,0,2,859238,858660,578
10630381,129.027,192.535,593,18980,0.87,0,2,859358,858765,593
10633301,121.899,181.593,560,18980,0.91,0,2,859430,858870,560
10634761,120.162,172.019,563,18980,0.86,0,2,859538,858975,563
10636221,115.641,161.017,563,18980,0.86,0,2,859622,859059,563
10637681,110.186,150.515,558,18980,0.85,0,2,859694,859136,558
10649361,105.038,141.325,550,18980,0.75,0,2,859763,859213,550
10652281,114.033,133.285,650,10949,0.62,0,2,859940,859290,650
10654801,118.779,134.749,657,13869,0.57,0,2,860092,859435,657
10654801,108.432,117.905,693,16389,0.59,0,2,860128,859435,693
10654801,102.378,103.167,753,16389,0.53,0,2,860188,859435,753
10654801,95.5805,90.2714,801,16389,0.51,0,2,860236,859435,801
10657721,2073.01,2146.24,178,16389,0.15,0,1,876151,875973,178
10660641,1842.38,1899.21,236,19309,0.25,0,1,876379,876143,236
10663561,1640.58,1683.06,294,22229,0.33,0,2,876607,876313,294
10666481,1461.01,1493.92,328,23584,0.45,0,2,876811,876483,328
10669401,1306.88,1328.43,386,22767,0.59,0,2,877039,876653,386
10672321,1169.02,1183.63,420,22324,0.69,0,2,877243,876823,420
10675241,1051.4,1056.93,478,22052,0.87,0,2,877471,876993,478
10688381,656.723,624.912,840,22052,0.87,0,2,878683,877843,840
10688381,589.633,546.798,960,22052,0.81,0,2,878803,877843,960
10688381,530.929,478.449,1080,22052,0.95,0,2,878923,877843,1080
10688381,479.563,418.642,1200,13140,0.97,0,2,879043,877843,1200
10688381,431.617,366.312,1296,10220,0.91,0,2,879139,877843,1296
10688381,389.665,320.523,1392,8760,0.97,0,2,879235,877843,1392
10688381,352.957,280.458,1488,8760,0.99,0,2,879331,877843,1488
10688381,323.837,245.401,1608,8760,0.99,0,2,879451,877843,1608
10711741,229.148,239.397,784,13869,0.9,0,2,880303,879519,784
10713201,230.505,232.222,842,16789,0.85,0,2,880543,879701,842
10713201,219.692,203.194,986,19709,0.91,0,2,880687,879701,986
10713201,202.73,177.795,1070,17672,0.97,0,2,880771,879701,1070
10736561,160.499,168.923,932,19709,0.99,0,2,882199,881267,932
10736561,128.062,50.7881,1952,16060,0.9,0,2,883219,881267,1952
10736561,127.054,44.4396,2072,17520,0.93,0,2,883339,881267,2072
10765761,105.991,195.451,942,17520,0.98,0,2,884407,883465,942
10765761,107.742,171.02,1062,17520,0.96,0,2,884527,883465,1062
10765761,96.0381,30.1405,2262,7300,0.97,0,2,885727,883465,2262
10765761,99.0333,26.373,2382,8760,0.97,0,2,885847,883465,2382
10799341,104.601,145.331,804,21900,0.87,0,2,886855,886051,804
10799341,105.026,127.164,912,24820,0.97,0,2,886963,886051,912
10799341,106.898,111.269,1032,26280,0.91,0,2,887083,886051,1032
10799341,105.535,97.3601,1128,24820,0.95,0,2,887179,886051,1128
10799341,101.343,85.1901,1200,21900,0.93,0,2,887251,886051,1200
10799341,96.1755,74.5413,1260,5840,0.87,0,2,887311,886051,1260
10799341,97.6535,65.2237,1368,5840,0.81,0,2,887419,886051,1368
10799341,86.9469,57.0707,1380,5840,0.79,0,2,887431,886051,1380
10799341,83.5785,49.9369,1440,5840,0.73,0,2,887491,886051,1440
10799341,77.6312,43.6948,1476,5840,0.73,0,2,887527,886051,1476
10799341,73.9273,38.2329,1524,5840,0.65,0,2,887575,886051,1524
10799341,69.1864,33.4538,1560,5840,0.59,0,2,887611,886051,1560
10802261,75.5381,158.272,648,5840,0.47,0,2,887731,887083,648
10803721,78.0958,150.488,648,5840,0.41,0,2,887827,887179,648
10805181,71.3338,135.052,645,5840,0.39,0,2,887851,887206,645
10808101,83.4171,168.796,408,5840,0.35,0,2,888019,887611,408
10809561,78.99,162.696,336,26280,0.41,0,2,888067,887731,336
10811021,76.6162,154.359,300,26280,0.45,0,2,888127,887827,300
10812481,68.5392,139.314,278,26280,0.47,0,2,888139,887861,278
10828541,77.9718,141.65,264,26280,0.55,0,2,888283,888019,264
10831461,78.7253,127.319,321,10949,0.61,0,2,888367,888046,321
10834381,79.3847,118.154,351,13869,0.67,0,2,888451,888100,351
10837301,78.4616,110.135,369,16789,0.75,0,2,888523,888154,369
10840221,77.6539,103.118,387,19709,0.87,0,2,888595,888208,387
10862121,68.3895,4.67363,2127,14600,0.94,0,2,890875,888748,2127
10862121,74.8408,4.08942,2247,16060,0.88,0,2,890995,888748,2247
10862121,80.4857,3.57825,2367,17520,0.93,0,2,891115,888748,2367
10862121,80.6372,0.482826,3387,36500,0.9,0,2,892135,888748,3387
10862121,85.5575,0.422473,3507,36500,0.74,0,2,892255,888748,3507
10862121,88.3628,0.369664,3615,37960,0.7,0,2,892363,888748,3615
10862121,90.8175,0.323456,3723,39420,0.85,0,2,892471,888748,3723
10892781,127.839,117.222,2230,7300,0.95,0,2,895051,892821,2230
10962861,114.514,167.682,804,23360,0.87,0,2,896191,895387,804
10962861,115.2,146.722,924,24820,0.79,0,2,896311,895387,924
10962861,115.8,128.381,1044,26280,0.82,0,2,896431,895387,1044
10962861,113.325,112.334,1140,27740,0.91,0,2,896527,895387,1140
10962861,103.659,98.2921,1176,25560,0.92,0,2,896563,895387,1176
10962861,93.7019,86.0056,1200,21180,0.96,0,2,896587,895387,1200
10976001,74.4234,120.797,774,30680,0.89,0,2,897409,896635,774
10976001,80.1205,105.697,894,30680,0.86,0,2,897529,896635,894
10976001,85.1054,92.4853,1014,30680,0.86,0,2,897649,896635,1014
10976001,89.4672,80.9246,1134,30680,0.83,0,2,897769,896635,1134
10976001,89.5338,70.809,1224,30680,0.91,0,2,897859,896635,1224
10995721,1007.55,1125.39,88,5840,0,0,1,905509,905421,88
10998641,886.356,990.712,78,8760,0.01,0,1,905547,905469,78
11001561,780.936,872.873,73,11680,0,0,1,905590,905517,73
11004481,688.069,768.514,73,14600,0.05,0,1,905628,905555,73
11007401,608.936,677.2,90,17520,0.03,0,1,905683,905593,90
11010321,537.319,597.3,88,20440,0.03,0,1,905719,905631,88
11013241,474.654,527.387,86,23360,0.01,0,1,905755,905669,86
11016161,419.822,466.214,84,26280,0.03,0,1,905791,905707,84
11019081,371.844,412.687,82,29200,0.05,0,1,905827,905745,82
11022001,331.364,365.851,92,32120,0.05,0,1,905875,905783,92
11024921,295.943,324.87,102,35040,0.05,0,1,905923,905821,102
11027841,263.45,289.011,100,36266,0.09,0,1,905959,905859,100
11030761,235.019,257.635,98,34563,0.15,0,1,905995,905897,98
11033681,213.142,230.18,120,35116,0.29,0,1,906055,905935,120
11036601,195.499,206.158,154,34054,0.45,0,2,906127,905973,154
11039521,181.562,185.138,200,33656,0.61,0,2,906211,906011,200
11042441,170.866,166.246,262,33656,0.83,0,2,906307,906045,262
11045361,155.508,149.715,276,29996,0.89,0,2,906355,906079,276
11073101,126.706,72.3637,896,29996,0.87,0,2,907387,906491,896
11073101,119.868,63.3182,968,29996,0.91,0,2,907459,906491,968
11073101,113.885,55.4034,1040,29996,0.92,0,2,907531,906491,1040
11073101,110.149,48.478,1124,27740,0.96,0,2,907615,906491,1124
11073101,100.88,42.4183,1160,27740,0.97,0,2,907651,906491,1160
11109601,87.939,119.574,1077,13869,0.98,0,2,908752,907675,1077
11109601,91.9466,104.627,1197,16789,0.96,0,2,908872,907675,1197
11113981,108.884,140.159,1200,31456,0.81,0,2,910192,908992,1200
11113981,110.273,122.639,1320,29996,0.83,0,2,910312,908992,1320
11113981,111.489,107.309,1440,29996,0.85,0,2,910432,908992,1440
11113981,72.853,7.42673,2520,29996,0.85,0,2,911512,908992,2520
11113981,78.7464,6.49839,2640,29996,0.77,0,2,911632,908992,2640
11113981,82.4031,5.68609,2748,31456,0.78,0,2,911740,908992,2748
11113981,84.1027,4.97533,2844,32916,0.85,0,2,911836,908992,2844
11113981,81.0899,4.35341,2904,29996,0.87,0,2,911896,908992,2904
11113981,75.4536,3.80923,2940,29996,0.84,0,2,911932,908992,2940
11113981,72.0219,3.33308,2988,29996,0.82,0,2,911980,908992,2988
11113981,67.5192,2.91644,3024,29996,0.89,0,2,912016,908992,3024
11113981,62.0793,2.55189,3048,29996,0.95,0,2,912040,908992,3048
11113981,57.3194,2.2329,3072,29996,0.98,0,2,912064,908992,3072
11113981,53.1545,1.95379,3096,1460,0.98,0,2,912088,908992,3096
11208881,67.7748,156.69,756,29996,0.94,0,2,913324,912568,756
11208881,63.8029,137.104,792,21169,0.93,0,2,913360,912568,792
11208881,75.3276,119.966,948,21169,0.75,0,2,913516,912568,948
11208881,74.9116,104.97,1020,20440,0.77,0,2,913588,912568,1020
11208881,76.0477,91.8488,1104,18980,0.74,0,2,913672,912568,1104
11208881,68.0417,80.3677,1116,18980,0.77,0,2,913684,912568,1116
11208881,61.0365,70.3217,1128,18980,0.8,0,2,913696,912568,1128
11208881,56.4069,61.5315,1152,17520,0.8,0,2,913720,912568,1152
11208881,50.8561,53.8401,1164,17520,0.78,0,2,913732,912568,1164
11208881,53.4991,47.11,1236,17520,0.77,0,2,913804,912568,1236
11208881,48.3117,41.2213,1248,17520,0.75,0,2,913816,912568,1248
11208881,43.7727,36.0686,1260,17520,0.79,0,2,913828,912568,1260
11210341,65.3011,150.06,528,14600,0.76,0,2,914044,913516,528
11211801,72.1385,140.303,576,14600,0.72,0,2,914164,913588,576
11214721,69.1212,133.265,540,14600,0.7,0,2,914212,913672,540
11220561,64.981,120.107,548,14600,0.7,0,2,914248,913700,548
11229321,61.3584,111.093,536,14600,0.7,0,2,914284,913748,536
11229321,56.6886,97.2066,560,14600,0.72,0,2,914308,913748,560
11230781,58.6025,97.0558,536,16060,0.68,0,2,914380,913844,536
11238081,57.2772,90.9238,536,16060,0.67,0,2,914428,913892,536
11241001,60.6176,85.5584,572,10949,0.61,0,2,914512,913940,572
11243921,69.5404,87.8636,600,13869,0.59,0,2,914644,914044,600
11246841,69.8478,97.8806,504,16789,0.63,0,2,914716,914212,504
11249761,70.1168,94.6455,504,19709,0.61,0,2,914788,914284,504
11252681,68.8522,91.8148,492,21169,0.65,0,2,914848,914356,492
11255601,85.7457,99.838,540,21169,0.73,0,2,915052,914512,540
11258521,87.0275,108.358,468,21169,0.71,0,2,915148,914680,468
11261441,83.6491,103.813,456,21169,0.73,0,2,915208,914752,456
11264361,85.1929,99.8368,480,21169,0.75,0,2,915304,914824,480
11267281,85.0438,96.3572,492,24089,0.79,0,2,915388,914896,492
11270201,83.4133,93.3125,492,24089,0.77,0,2,915460,914968,492
11273121,83.4867,90.6485,504,24089,0.79,0,2,915544,915040,504
11276041,83.5508,88.3174,516,21169,0.79,0,2,915628,915112,516
11278961,83.607,86.2777,528,21169,0.75,0,2,915712,915184,528
11281881,83.6561,84.493,540,21169,0.77,0,2,915796,915256,540
11284801,82.1991,82.9314,540,21169,0.69,0,2,915868,915328,540
11287721,79.4242,79.565,544,21169,0.69,0,2,915928,915384,544
11290641,76.9962,76.6193,548,21169,0.73,0,2,915988,915440,548
11293561,76.3717,74.0419,564,21169,0.67,0,2,916060,915496,564
11296481,83.3252,81.2867,564,21169,0.71,0,2,916192,915628,564
11299401,84.9096,83.1259,564,5840,0.67,0,2,916288,915724,564
11302321,78.7959,84.7351,504,5840,0.67,0,2,916324,915820,504
11305241,79.4464,83.1432,516,5840,0.59,0,2,916408,915892,516
11308161,78.5156,81.7503,516,5840,0.59,0,2,916480,915964,516
11311081,76.2011,80.5315,504,5840,0.53,0,2,916540,916036,504
11314001,78.676,79.4651,528,5840,0.53,0,2,916636,916108,528
11316921,107.841,123.532,408,5840,0.38,0,2,916948,916540,408
11319841,106.361,120.09,408,24089,0.38,0,2,917044,916636,408
11322761,118.816,144.079,302,27009,0.33,0,2,917250,916948,302
11325681,112.964,135.069,302,29929,0.33,0,2,917322,917020,302
11328601,107.844,127.186,302,32849,0.33,0,2,917394,917092,302
11331521,100.363,120.287,278,35769,0.3,0,2,917442,917164,278
11334441,96.8178,114.251,278,38689,0.24,0,1,917514,917236,278
11337361,92.2155,108.97,266,39338,0.22,0,1,917574,917308,266
11339121,89.9386,104.349,268,37959,0.13,0,1,917648,917380,268
11342041,768.196,799.18,121,36824,0.03,0,1,923164,923043,121
11344961,679.672,708.283,109,34309,0.08,0,1,923224,923115,109
11347881,606.713,628.747,133,32038,0.07,0,1,923320,923187,133
11350801,538.374,559.154,121,29046,0.05,0,1,923380,923259,121
11353721,480.077,498.26,121,27432,0.15,0,1,923452,923331,121
11356641,433.567,445.477,153,26049,0.26,0,1,923560,923407,153
11359561,397.371,399.293,221,25127,0.37,0,2,923704,923483,221
11362481,361.2,358.881,253,27893,0.55,0,2,923812,923559,253
11365401,334.05,323.521,321,27893,0.67,0,2,923956,923635,321
11368321,305.794,292.581,353,27893,0.75,0,2,924064,923711,353
11371241,282.57,263.508,413,27893,0.83,0,2,924184,923771,413
11374161,257.748,238.07,437,24973,0.91,0,2,924268,923831,437
11377081,236.03,215.811,461,24973,0.97,0,2,924352,923891,461
11380001,217.026,196.335,485,24973,0.99,0,2,924436,923951,485
11401901,147.12,104.2,901,24973,0.93,0,2,925456,924555,901
11401901,143.105,91.1752,1016,21046,0.72,0,2,925571,924555,1016
11401901,134.217,79.7783,1088,21900,0.73,0,2,925643,924555,1088
11401901,124.94,69.806,1148,18980,0.7,0,2,925703,924555,1148
11401901,124.322,61.0803,1268,13140,0.71,0,2,925823,924555,1268
11401901,116.282,53.4452,1328,10220,0.69,0,2,925883,924555,1328
11404821,124.247,173.765,492,7300,0.73,0,2,926063,925571,492
11406281,119.216,161.044,504,7300,0.77,0,2,926147,925643,504
11409201,107.314,148.414,468,7300,0.77,0,2,926171,925703,468
11410661,110.4,144.862,480,7300,0.83,0,2,926303,925823,480
11412121,102.6,134.254,468,7300,0.81,0,2,926351,925883,468
11413581,115.275,139.972,492,7300,0.87,0,2,926555,926063,492
11416501,114.365,132.976,516,7300,0.85,0,2,926663,926147,516
11417961,104.57,121.229,513,7300,0.91,0,2,926699,926186,513
11420881,110.999,120.7,552,7300,0.85,0,2,926855,926303,552
11422341,101.624,111.613,540,7300,0.85,0,2,926891,926351,540
11428181,118.921,123.161,576,7300,0.81,0,2,927131,926555,576
11431101,128.056,121.266,660,10949,0.86,0,2,927323,926663,660
11434021,128.549,130.108,600,13869,0.86,0,2,927455,926855,600
11436941,146.605,148.344,597,16789,0.91,0,2,927728,927131,597
11439861,149.279,141.801,669,19709,0.91,0,2,927896,927227,669
11442781,139.62,142.076,597,21046,0.97,0,2,927968,927371,597
11463221,128.686,88.6995,1008,21046,0.83,0,2,929072,928064,1008
11463221,127.601,77.6121,1128,21046,0.65,0,2,929192,928064,1128
11463221,123.651,67.9106,1224,18980,0.61,0,2,929288,928064,1224
11463221,115.694,59.4217,1284,16060,0.66,0,2,929348,928064,1284
11466141,146.232,192.994,516,8760,0.83,0,2,929708,929192,516
11467601,136.953,180.87,492,8760,0.89,0,2,929780,929288,492
11470521,127.334,165.761,492,8760,0.93,0,2,929840,929348,492
11471981,163.917,190.041,552,8760,0.99,0,2,930260,929708,552
11476361,187.835,193.266,660,1460,0.97,0,2,930920,930260,660
11488041,139.05,100.907,1104,16060,0.95,0,2,932168,931064,1104
11488041,133.669,88.2938,1200,14600,0.98,0,2,932264,931064,1200
11488041,125.961,77.257,1272,14600,0.99,0,2,932336,931064,1272
11488041,120.715,67.5999,1356,14600,0.97,0,2,932420,931064,1356
11512861,109.468,119.423,1032,14600,0.98,0,2,933452,932420,1032
11512861,109.285,104.495,1140,14230,0.92,0,2,933560,932420,1140
11512861,116.624,91.433,1308,14230,0.74,0,2,933728,932420,1308
11512861,108.046,80.0039,1356,5840,0.7,0,2,933776,932420,1356
11512861,102.04,70.0034,1416,5840,0.71,0,2,933836,932420,1416
11512861,105.785,61.253,1548,5840,0.63,0,2,933968,932420,1548
11512861,98.5621,53.5964,1596,5840,0.65,0,2,934016,932420,1596
11512861,95.2419,46.8968,1668,5840,0.63,0,2,934088,932420,1668
11512861,92.3366,41.0347,1740,5840,0.55,0,2,934160,932420,1740
11512861,88.2946,35.9054,1800,17154,0.51,0,2,934220,932420,1800
11526001,120.758,255.417,356,18614,0.39,0,2,934568,934212,356
11528921,120.663,233.865,393,20074,0.37,0,2,934688,934295,393
11531841,123.58,225.382,371,22994,0.43,0,2,934832,934461,371
11534761,127.633,217.959,361,25914,0.51,0,2,934988,934627,361
11537681,141.679,211.464,435,25628,0.59,0,2,935228,934793,435
11540601,149.469,205.781,473,25101,0.69,0,2,935432,934959,473
11543521,153.285,200.809,487,24784,0.71,0,2,935612,935125,487
11546441,158.124,196.458,513,24573,0.87,0,2,935804,935291,513
11549361,168.359,192.65,587,24503,0.99,0,2,936044,935457,587
11562501,190.123,159.836,993,21923,0.99,0,2,937304,936311,993
11566881,146.341,196.905,720,7300,0.95,0,2,938300,937580,720
11566881,143.049,172.292,840,8760,0.89,0,2,938420,937580,840
11566881,140.167,150.756,960,10220,0.84,0,2,938540,937580,960
11566881,134.647,131.911,1056,11680,0.94,0,2,938636,937580,1056
11566881,122.316,115.422,1092,11680,0.93,0,2,938672,937580,1092
11580021,126.526,188.619,547,11680,0.97,0,2,938828,938281,547
11597541,170.531,167.147,847,21923,0.96,0,2,940268,939421,847
11597541,164.214,146.254,967,21923,0.91,0,2,940388,939421,967
11597541,158.688,127.972,1087,21923,0.88,0,2,940508,939421,1087
11597541,153.852,111.976,1207,11680,0.95,0,2,940628,939421,1207
11597541,140.62,97.9787,1255,10220,0.97,0,2,940676,939421,1255
11597541,129.665,65.6381,1579,10220,0.97,0,2,941000,939421,1579
11600461,116.15,186.129,636,11680,0.97,0,2,941144,940508,636
11638421,185.647,184.5,881,23271,0.99,0,2,943184,942303,881
11638421,177.441,161.437,1001,23271,0.97,0,2,943304,942303,1001
11638421,170.261,141.257,1121,23271,0.98,0,2,943424,942303,1121
11660321,126.838,168.155,754,11680,0.99,0,2,944552,943798,754
11669081,142.428,143.499,944,23360,0.98,0,2,945692,944748,944
11669081,116.472,64.4015,1544,5840,0.96,0,2,946292,944748,1544
11669081,115.413,56.3513,1652,5840,0.91,0,2,946400,944748,1652
11672001,129.486,197.307,696,1460,0.74,0,2,946628,945932,696
11674921,147.8,211.644,660,26044,0.69,0,2,946904,946244,660
11685141,132.325,195.438,602,27504,0.67,0,2,946928,946326,602
11686601,135.285,181.259,676,28964,0.61,0,2,947084,946408,676
11686601,127.374,158.601,748,30424,0.63,0,2,947156,946408,748
11686601,118.952,138.776,808,30424,0.61,0,2,947216,946408,808
11686601,114.583,121.429,892,30424,0.61,0,2,947300,946408,892
11689521,115.26,167.751,520,30424,0.67,0,2,947420,946900,520
11692441,120.353,167.282,512,33344,0.75,0,2,947576,947064,512
11695361,124.809,166.871,504,33933,0.73,0,2,947732,947228,504
11698281,136.208,166.513,556,33049,0.83,0,2,947948,947392,556
11701201,138.682,164.198,564,32484,0.87,0,2,948104,947540,564
11704121,137.846,160.174,564,32025,0.91,0,2,948236,947672,564
11707041,140.116,156.652,588,31637,0.99,0,2,948392,947804,588
11723101,154.681,109.533,1116,31597,0.99,0,2,949712,948596,1116
11727481,112.303,145.143,926,10220,0.98,0,2,950758,949832,926
11727481,113.265,127,1046,11680,0.96,0,2,950878,949832,1046
11731861,114.844,161.438,699,13140,0.99,0,2,951118,950419,699
11759601,138.077,114.101,1065,28677,0.99,0,2,952294,951229,1065
11759601,135.817,99.8382,1185,28677,0.97,0,2,952414,951229,1185
11769821,114.632,150.107,828,8760,0.98,0,2,953482,952654,828
11769821,115.303,131.343,948,10220,0.94,0,2,953602,952654,948
11769821,115.89,114.925,1068,11680,0.89,0,2,953722,952654,1068
11769821,116.404,100.56,1188,13140,0.96,0,2,953842,952654,1188
11828221,129.552,113.222,1170,27740,0.95,0,2,957838,956668,1170
11828221,128.358,99.0694,1290,17520,0.92,0,2,957958,956668,1290
11839901,104.807,157.648,732,5840,0.89,0,2,958882,958150,732
11839901,106.706,137.942,852,5840,0.7,0,2,959002,958150,852
11839901,108.368,120.699,972,5840,0.51,0,2,959122,958150,972
11839901,109.822,105.612,1092,5840,0.48,0,2,959242,958150,1092
11839901,103.594,92.4105,1152,5840,0.48,0,2,959302,958150,1152
11839901,96.6447,80.8592,1200,5840,0.51,0,2,959350,958150,1200
11839901,123.564,70.7518,1512,1460,0.63,0,2,959662,958150,1512
11839901,115.619,61.9078,1572,29200,0.63,0,2,959722,958150,1572
11839901,111.666,54.1693,1656,30660,0.59,0,2,959806,958150,1656
11861801,112.708,218.898,404,32120,0.61,0,2,959926,959522,404
11861801,119.62,191.536,572,33580,0.77,0,2,960094,959522,572
11861801,113.667,167.594,644,33580,0.87,0,2,960166,959522,644
11864721,117.459,182.145,504,33580,0.95,0,2,960310,959806,504
11877861,166.286,163.565,864,34917,0.94,0,2,961390,960526,864
11877861,160.5,143.119,984,34917,0.92,0,2,961510,960526,984
11877861,155.438,125.229,1104,34917,0.96,0,2,961630,960526,1104
11883701,117.826,125.654,972,11680,0.97,0,2,962782,961810,972
11883701,118.097,109.948,1092,11680,0.92,0,2,962902,961810,1092
11883701,122.835,96.2041,1248,11680,0.97,0,2,963058,961810,1248
11883701,111.131,14.8356,2724,14600,0.95,0,2,964534,961810,2724
11883701,112.24,12.9812,2844,14600,0.97,0,2,964654,961810,2844
11883701,113.21,11.3585,2964,14600,0.94,0,2,964774,961810,2964
11883701,114.059,9.93872,3084,16060,0.92,0,2,964894,961810,3084
11883701,155.596,3.90289,4524,8760,0.98,0,2,966334,961810,4524
11934801,143.095,328.02,804,13140,0.99,0,2,967222,966418,804
11937721,150.708,312.518,804,16060,0.97,0,2,967426,966622,804
11978601,177.482,204.317,805,24738,0.99,0,2,970942,970137,805
11981521,185.297,205.778,829,5840,0.88,0,2,971182,970353,829
11981521,177.135,180.055,949,5840,0.77,0,2,971302,970353,949
11981521,169.993,157.548,1069,5840,0.74,0,2,971422,970353,1069
11981521,163.744,137.855,1189,5840,0.85,0,2,971542,970353,1189
11981521,182.276,120.623,1501,4380,0.97,0,2,971854,970353,1501
11981521,172.991,105.545,1609,26198,0.97,0,2,971962,970353,1609
12013641,148.36,160.408,1020,10220,0.98,0,2,974542,973522,1020
12013641,144.815,140.357,1140,11680,0.93,0,2,974662,973522,1140
12013641,140.213,122.812,1248,11680,0.95,0,2,974770,973522,1248
12053061,213.715,221.053,768,24259,0.98,0,2,977894,977126,768
12055981,212.5,223.422,732,24259,0.99,0,2,978098,977366,732
12102701,219.862,216.421,807,28401,0.87,0,2,981797,980990,807
12102701,205.879,189.368,915,28401,0.82,0,2,981905,980990,915
12102701,193.644,165.697,1023,28401,0.75,0,2,982013,980990,1023
12102701,182.939,144.985,1131,28401,0.66,0,2,982121,980990,1131
12102701,172.072,126.862,1227,4760,0.66,0,2,982217,980990,1227
12102701,161.438,111.004,1314,4760,0.63,0,2,982304,980990,1314
12108541,177.258,238.504,471,4760,0.55,0,2,982592,982121,471
12108541,164.101,208.691,543,5840,0.45,0,2,982664,982121,543
12108541,182.588,182.604,855,5840,0.51,0,2,982976,982121,855
12114761,171.39,232.654,365,7300,0.57,0,2,983069,982704,365
12117681,178.466,217.572,481,10949,0.67,0,2,983297,982816,481
12120601,187.658,218.376,509,13869,0.83,0,2,983549,983040,509
12123521,203.2,219.079,597,16789,0.99,0,2,983861,983264,597
12135201,230.32,221.115,793,23638,0.96,0,2,984953,984160,793
12135201,216.53,193.476,913,23638,0.95,0,2,985073,984160,913
12135201,204.464,169.291,1033,23638,0.99,0,2,985193,984160,1033
12135201,162.3,66.48,1969,1460,0.99,0,2,986129,984160,1969
12135201,157.013,58.17,2089,5840,0.96,0,2,986249,984160,2089
12162941,119.599,189.772,792,5840,0.93,0,2,988661,987869,792
12162941,119.649,166.05,912,7300,0.85,0,2,988781,987869,912
12162941,119.693,145.294,1032,8760,0.91,0,2,988901,987869,1032
12190681,116.532,85.1616,1157,24820,0.97,0,2,990185,989028,1157
12190681,116.965,74.5164,1277,14600,0.95,0,2,990305,989028,1277
12199441,111.418,94.6437,1176,21900,0.91,0,2,991577,990401,1176
12199441,107.991,82.8133,1260,23360,0.92,0,2,991661,990401,1260
12199441,112.492,72.4616,1404,21900,0.98,0,2,991805,990401,1404
12199441,107.431,63.4039,1476,21900,0.99,0,2,991877,990401,1476
12199441,103.553,16.68,2460,16060,0.9,0,2,992861,990401,2460
12199441,104.109,14.595,2568,17520,0.93,0,2,992969,990401,2568
12199441,109.99,4.38811,3624,28408,0.91,0,2,994025,990401,3624
12199441,111.241,3.83959,3744,1460,0.69,0,2,994145,990401,3744
12199441,112.336,3.35964,3864,5840,0.59,0,2,994265,990401,3864
12199441,116.294,2.93969,4008,5840,0.61,0,2,994409,990401,4008
12199441,118.257,2.57223,4140,5840,0.49,0,2,994541,990401,4140
12237401,104.975,467.251,432,5840,0.47,0,2,994553,994121,432
12250541,105.353,420.094,450,5840,0.43,0,2,994661,994211,450
12252001,102.684,378.833,444,5840,0.37,0,2,994745,994301,444
12253461,95.8487,342.728,402,29868,0.37,0,2,994793,994391,402
12259301,97.3676,320.137,348,30351,0.35,0,2,994901,994553,348
12262221,100.197,293.62,360,30351,0.29,0,1,995021,994661,360
12265141,107.172,279.418,336,28765,0.25,0,1,995177,994841,336
12268061,111.776,266.991,300,27275,0.25,0,1,995321,995021,300
12270981,118.804,256.117,288,24514,0.43,0,2,995489,995201,288
12273901,138.453,246.602,384,23267,0.71,0,2,995765,995381,384
12285581,190.842,196.006,912,22416,0.92,0,2,997061,996149,912
12285581,181.987,171.505,1032,22416,0.85,0,2,997181,996149,1032
12285581,173.238,150.067,1144,22416,0.86,0,2,997293,996149,1144
12285581,162.084,131.309,1228,10220,0.85,0,2,997377,996149,1228
12285581,157.198,114.895,1351,8760,0.87,0,2,997500,996149,1351
12285581,149.548,100.533,1447,8760,0.87,0,2,997596,996149,1447
12285581,141.355,87.9665,1531,8760,0.81,0,2,997680,996149,1531
12285581,135.686,76.9707,1627,10220,0.79,0,2,997776,996149,1627
12288501,130.725,210.349,579,11680,0.85,0,2,997872,997293,579
12300181,123.384,194.556,567,11680,0.83,0,2,997944,997377,567
12303101,137.961,185.611,684,10949,0.8,0,2,998184,997500,684
12306021,140.216,186.41,648,13869,0.77,0,2,998340,997692,648
12308941,143.689,187.109,624,16789,0.7,0,2,998508,997884,624
12311861,152.103,182.72,683,19709,0.65,0,2,998719,998036,683
12314781,148.965,187.88,586,22629,0.6,0,2,998846,998260,586
12317701,145.344,183.395,554,25336,0.52,0,2,998966,998412,554
12320621,145.176,179.471,546,25336,0.41,0,2,999110,998564,546
12320881,156.779,176.037,632,25336,0.25,0,1,999348,998716,632
12323801,649.182,726.532,148,25596,0,0,1,1003444,1003296,148
12326721,593.784,659.216,166,25689,0,0,1,1003650,1003484,166
12329641,542.061,600.314,158,24325,0.01,0,1,1003830,1003672,158
12332561,500.304,548.775,178,22991,0.05,0,1,1004038,1003860,178
12335481,465.516,503.678,212,21906,0.21,0,1,1004260,1004048,212
12338401,444.826,464.218,324,21069,0.63,0,2,1004560,1004236,324
12350081,313.904,257.081,1037,17869,0.82,0,2,1005892,1004855,1037
12350081,288.166,224.946,1145,17869,0.85,0,2,1006000,1004855,1145
12350081,262.645,196.828,1229,13140,0.96,0,2,1006084,1004855,1229
12357381,211.471,250.007,564,7300,0.96,0,2,1007152,1006588,564
12360301,200.037,230.506,590,7300,0.82,0,2,1007272,1006682,590
12360301,190.033,201.693,710,7300,0.78,0,2,1007392,1006682,710
12360301,187.279,176.481,878,8760,0.94,0,2,1007560,1006682,878
12383661,138.339,221.553,713,11680,0.92,0,2,1008796,1008083,713
12383661,136.047,193.859,833,13140,0.82,0,2,1008916,1008083,833
12383661,134.041,169.626,953,13140,0.81,0,2,1009036,1008083,953
12386581,154.786,221.048,672,13140,0.87,0,2,1009336,1008664,672
12389501,165.438,225.417,656,15720,0.91,0,2,1009576,1008920,656
12392421,167.258,219.49,658,15720,0.85,0,2,1009756,1009098,658
12395341,170.351,214.304,672,15720,0.81,0,2,1009948,1009276,672
12398261,182.057,217.266,698,15720,0.79,0,2,1010212,1009514,698
12401181,189.3,227.358,640,15720,0.81,0,2,1010452,1009812,640
12404101,194.137,226.938,644,15720,0.83,0,2,1010680,1010036,644
12407021,195.37,226.571,624,15720,0.89,0,2,1010884,1010260,624
12409941,202.449,226.249,652,15720,0.93,0,2,1011136,1010484,652
12424541,223.796,225.154,768,15720,0.92,0,2,1012372,1011604,768
12426001,224.321,225.009,772,15720,0.9,0,2,1012600,1011828,772
12426001,211.281,196.883,892,18640,0.9,0,2,1012720,1011828,892
12426001,199.871,172.273,1012,18640,0.97,0,2,1012840,1011828,1012
12444981,157.988,177.337,828,13140,0.98,0,2,1014056,1013228,828
12450821,164.746,191.697,787,5840,0.96,0,2,1015008,1014221,787
12453741,171.153,195.735,779,5840,0.84,0,2,1015224,1014445,779
12463961,215.799,235.555,736,20181,0.99,0,2,1016556,1015820,736
12477101,240.489,240.182,832,23101,0.95,0,2,1017900,1017068,832
12477101,225.428,210.159,952,23101,0.99,0,2,1018020,1017068,952
12496081,152.124,137.846,1110,13140,0.99,0,2,1019568,1018458,1110
12510681,197.929,224.153,742,20911,0.97,0,2,1021092,1020350,742
12522361,228.186,238.987,782,20911,0.99,0,2,1022172,1021390,782
12525281,229.662,241.614,762,20911,0.98,0,2,1022412,1021650,762
12539881,245.303,250.569,782,23831,0.98,0,2,1023732,1022950,782
12539881,228.14,219.248,890,23831,0.97,0,2,1023840,1022950,890
12560321,164.754,200.44,831,5840,0.96,0,2,1026168,1025337,831
12560321,159.16,175.385,951,1460,0.87,0,2,1026288,1025337,951
12560321,151.265,153.462,1047,5840,0.82,0,2,1026384,1025337,1047
12560321,177.357,134.279,1407,24171,0.93,0,2,1026744,1025337,1407
12582221,198.584,216.243,743,25408,0.93,0,2,1028316,1027573,743
12595361,217.942,213.704,860,27944,0.87,0,2,1029504,1028644,860
12595361,208.699,186.991,1004,27944,0.77,0,2,1029648,1028644,1004
12595361,194.612,163.617,1100,27944,0.76,0,2,1029744,1028644,1100
12595361,180.786,143.165,1184,13140,0.87,0,2,1029828,1028644,1184
12595361,182.187,125.269,1376,8760,0.97,0,2,1030020,1028644,1376
12617261,142.285,163.405,770,13140,0.87,0,2,1031604,1030834,770
12620181,152.999,171.479,770,16060,0.92,0,2,1031832,1031062,770
12636241,198.238,202.634,794,23776,0.83,0,2,1033224,1032430,794
12636241,188.458,177.305,914,23776,0.84,0,2,1033344,1032430,914
12636241,178.401,155.141,1022,23776,0.87,0,2,1033452,1032430,1022
12636241,172.601,135.749,1154,7300,0.89,0,2,1033584,1032430,1154
12636241,167.526,118.78,1286,8760,0.91,0,2,1033716,1032430,1286
12636241,160.085,103.933,1394,10220,0.93,0,2,1033824,1032430,1394
12636241,155.074,90.9411,1514,11680,0.93,0,2,1033944,1032430,1514
12647921,149.19,207.323,600,1460,0.89,0,2,1034052,1033452,600
12650841,162.041,197.908,720,5840,0.91,0,2,1034304,1033584,720
12653761,173.286,203.42,730,8760,0.95,0,2,1034556,1033826,730
12653761,157.625,177.992,778,11680,0.99,0,2,1034604,1033826,778
12653761,152.922,155.743,898,11680,0.97,0,2,1034724,1033826,898
12707781,212.17,246.712,696,24995,0.99,0,2,1040280,1039584,696
12719461,150.412,83.6014,1693,13140,0.99,0,2,1042237,1040544,1693
12741361,140.902,143.908,989,13140,0.99,0,2,1043293,1042304,989
12755961,167.549,167.298,918,27317,0.97,0,2,1044714,1043796,918
12755961,160.105,146.386,1026,27317,0.95,0,2,1044822,1043796,1026
12755961,153.592,128.088,1134,27317,0.93,0,2,1044930,1043796,1134
12755961,147.893,112.077,1242,8760,0.92,0,2,1045038,1043796,1242
12755961,145.906,98.067,1374,10220,0.9,0,2,1045170,1043796,1374
12755961,143.293,85.8086,1499,11680,0.83,0,2,1045295,1043796,1499
12755961,135.881,75.0825,1583,13140,0.79,0,2,1045379,1043796,1583
12755961,129.396,65.6972,1667,14600,0.75,0,2,1045463,1043796,1667
12769101,126.722,199.235,641,16060,0.71,0,2,1045571,1044930,641
12772021,131.882,187.831,701,10949,0.67,0,2,1045739,1045038,701
12774941,133.396,190.352,637,13869,0.61,0,2,1045883,1045246,637
12777861,136.222,192.558,585,16789,0.49,0,2,1046039,1045454,585
12780781,140.194,194.488,545,19709,0.43,0,2,1046207,1045662,545
12783701,142.17,196.177,493,22629,0.39,0,2,1046363,1045870,493
12786621,139.399,197.53,406,25074,0.37,0,2,1046483,1046077,406
12789541,144.474,198.589,380,24703,0.37,0,2,1046663,1046283,380
12792461,151.915,199.515,378,26630,0.37,0,2,1046867,1046489,378
12795381,153.925,199.576,346,25754,0.41,0,2,1047035,1046689,346
12798301,157.185,194.629,366,24878,0.37,0,2,1047215,1046849,366
12801221,154.037,190.3,338,24177,0.39,0,2,1047347,1047009,338
12804141,158.782,186.513,370,23476,0.41,0,2,1047539,1047169,370
12807061,156.934,183.199,354,22980,0.43,0,2,1047683,1047329,354
12809981,159.817,180.299,374,22484,0.43,0,2,1047863,1047489,374
12812901,160.84,177.761,382,22133,0.43,0,2,1048031,1047649,382
12815821,158.735,175.541,366,21841,0.47,0,2,1048175,1047809,366
12818741,164.393,173.599,410,21520,0.46,0,2,1048379,1047969,410
12821661,161.844,171.899,394,21403,0.41,0,2,1048523,1048129,394
12824581,162.989,170.411,405,21257,0.43,0,2,1048694,1048289,405
12827501,160.615,169.11,389,24177,0.45,0,2,1048838,1048449,389
12830421,160.038,167.971,385,24036,0.47,0,2,1048994,1048609,385
12833341,159.533,166.975,381,25048,0.43,0,2,1049150,1048769,381
12836261,154.592,162.353,371,24857,0.39,0,2,1049270,1048899,371
12838801,152.893,158.309,382,24666,0.27,0,1,1049411,1049029,382
12841721,1015.03,1047.77,158,24552,0.07,0,1,1056461,1056303,158
12844641,910.652,935.799,186,23368,0.11,0,1,1056641,1056455,186
12847561,817.821,835.949,217,22452,0.27,0,1,1056809,1056592,217
12850481,738.093,746.705,275,21804,0.43,0,2,1056989,1056714,275
12853401,665.331,668.617,309,21536,0.55,0,2,1057145,1056836,309
12856321,606.165,600.29,379,21460,0.71,0,2,1057337,1056958,379
12859241,552.894,540.504,437,21460,0.89,0,2,1057517,1057080,437
12873841,342.591,294.573,883,18540,0.88,0,2,1058573,1057690,883
12873841,313.267,257.751,991,18540,0.77,0,2,1058681,1057690,991
12873841,287.609,225.532,1099,18540,0.72,0,2,1058789,1057690,1099
12873841,265.157,197.341,1207,14600,0.85,0,2,1058897,1057690,1207
12873841,229.449,151.089,1435,10220,0.99,0,2,1059125,1057690,1435
12897201,169.988,164.626,880,13869,0.76,0,2,1060289,1059409,880
12897201,163.739,144.048,1000,16789,0.74,0,2,1060409,1059409,1000
12897201,167.272,126.042,1192,18249,0.87,0,2,1060601,1059409,1192
12897201,156.863,110.286,1276,14600,0.93,0,2,1060685,1059409,1276
12897201,146.255,96.5006,1348,11680,0.93,0,2,1060757,1059409,1348
12897201,133.973,84.438,1396,11680,0.97,0,2,1060805,1059409,1396
12897201,124.727,73.8833,1456,11680,0.99,0,2,1060865,1059409,1456
12897201,121.136,64.6479,1552,11680,0.99,0,2,1060961,1059409,1552
12923481,133.873,149.55,858,16789,0.87,0,2,1061957,1061099,858
12923481,132.139,130.856,978,17276,0.92,0,2,1062077,1061099,978
12923481,130.622,114.499,1098,17276,0.96,0,2,1062197,1061099,1098
12942461,120.596,157.516,864,10949,0.91,0,2,1063253,1062389,864
12942461,120.521,137.827,984,13869,0.86,0,2,1063373,1062389,984
12942461,120.456,120.599,1104,15329,0.94,0,2,1063493,1062389,1104
12990641,136.097,196.501,732,5840,0.87,0,2,1067297,1066565,732
12990641,132.585,171.938,840,5840,0.76,0,2,1067405,1066565,840
12990641,132.512,150.446,972,5840,0.62,0,2,1067537,1066565,972
12990641,129.448,131.64,1080,5840,0.63,0,2,1067645,1066565,1080
12990641,126.767,115.185,1188,5840,0.67,0,2,1067753,1066565,1188
12990641,125.921,100.787,1308,5840,0.67,0,2,1067873,1066565,1308
12999401,140.181,223.189,468,5840,0.47,0,2,1068113,1067645,468
13002321,142.158,205.79,540,18736,0.49,0,2,1068269,1067729,540
13005241,146.889,201.066,552,21656,0.49,0,2,1068449,1067897,552
13008161,151.028,213.433,432,22935,0.49,0,2,1068629,1068197,432
13011081,153.149,207.754,432,22161,0.57,0,2,1068797,1068365,432
13014001,159.505,202.785,468,25081,0.71,0,2,1069001,1068533,468
13016921,177.067,205.687,542,26245,0.93,0,2,1069301,1068759,542
13028601,189.917,148.537,1075,26007,0.95,0,2,1070549,1069474,1075
13028601,172.177,129.97,1123,26007,0.99,0,2,1070597,1069474,1123
13032981,144.256,165.258,924,7300,0.96,0,2,1071641,1070717,924
13032981,141.224,144.601,1044,8760,0.92,0,2,1071761,1070717,1044
13070941,134.044,174.905,876,14600,0.97,0,2,1074245,1073369,876
13070941,132.289,153.042,996,16060,0.92,0,2,1074365,1073369,996
13070941,124.753,133.912,1068,17520,0.96,0,2,1074437,1073369,1068
13103061,121.278,56.3027,1740,14600,0.95,0,2,1077821,1076081,1740
13103061,121.118,49.2648,1860,16060,0.92,0,2,1077941,1076081,1860
13103061,120.978,43.1067,1980,1460,0.94,0,2,1078061,1076081,1980
13129341,117.072,168.485,925,16060,0.9,0,2,1079085,1078160,925
13129341,117.438,147.425,1045,16060,0.85,0,2,1079205,1078160,1045
13129341,117.758,128.997,1165,17520,0.79,0,2,1079325,1078160,1165
13129341,115.289,112.872,1263,5840,0.75,0,2,1079423,1078160,1263
13129341,118.878,98.7631,1407,5840,0.7,0,2,1079567,1078160,1407
13129341,116.018,86.4177,1503,5840,0.66,0,2,1079663,1078160,1503
13129341,115.016,75.6155,1611,5840,0.6,0,2,1079771,1078160,1611
13129341,112.139,66.1635,1703,5840,0.52,0,2,1079863,1078160,1703
13132261,108.621,215.768,524,5840,0.46,0,2,1079947,1079423,524
13142481,116.044,218.797,452,5840,0.32,0,2,1080115,1079663,452
13145401,117.538,204.947,472,18980,0.25,0,1,1080243,1079771,472
13148321,117.846,205.579,382,21900,0.21,0,1,1080363,1079981,382
13151241,121.115,209.757,287,22817,0.1,0,1,1080507,1080220,287
13154161,122.601,209.787,210,21677,0.03,0,1,1080640,1080430,210
13157081,127.151,209.814,159,20397,0,0,1,1080799,1080640,159
13159121,137.632,209.837,160,18166,0,0,1,1081010,1080850,160
13162041,1136.68,1196.11,190,17125,0.01,0,1,1089140,1088950,190
13164961,1020.34,1074.59,172,19213,0.09,0,1,1089346,1089174,172
13167881,928.8,968.27,236,18433,0.17,0,1,1089634,1089398,236
13170801,844.2,875.236,264,17964,0.23,0,1,1089886,1089622,264
13173721,767.175,790.956,291,17652,0.39,0,2,1090114,1089823,291
13176641,698.278,714.337,329,17444,0.47,0,2,1090330,1090001,329
13179561,640.994,647.295,391,17392,0.57,0,2,1090570,1090179,391
13182481,587.869,588.633,429,17392,0.63,0,2,1090786,1090357,429
13185401,541.386,537.304,467,17392,0.79,0,2,1091002,1090535,467
13188321,502.212,492.391,517,17392,0.83,0,2,1091230,1090713,517
13202921,370.13,339.129,792,14679,0.97,0,2,1092394,1091602,792
13202921,278.333,227.19,1068,14679,0.99,0,2,1092670,1091602,1068
13202921,254.041,198.791,1152,8760,0.94,0,2,1092754,1091602,1152
13218981,208.224,219.927,840,10949,0.97,0,2,1093750,1092910,840
13221901,210.696,236.187,718,13869,0.82,0,2,1093978,1093260,718
13224821,205.359,234.163,666,14679,0.9,0,2,1094146,1093480,666
13236501,224.027,228.302,782,14679,0.99,0,2,1095142,1094360,782
13237961,226.024,227.264,802,14679,0.87,0,2,1095382,1094580,802
13237961,211.271,198.856,910,14679,0.86,0,2,1095490,1094580,910
13237961,198.362,173.999,1018,16139,0.89,0,2,1095598,1094580,1018
13237961,185.567,152.249,1114,8760,0.87,0,2,1095694,1094580,1114
13237961,177.371,133.218,1234,8760,0.83,0,2,1095814,1094580,1234
13237961,173.199,116.566,1378,10220,0.85,0,2,1095958,1094580,1378
13237961,163.55,101.995,1474,11680,0.87,0,2,1096054,1094580,1474
13237961,155.106,89.2458,1570,13140,0.87,0,2,1096150,1094580,1570
13251101,143.218,205.34,612,14600,0.85,0,2,1096210,1095598,612
13254021,144.815,191.673,672,10949,0.87,0,2,1096366,1095694,672
13256941,150.713,193.714,656,13869,0.91,0,2,1096558,1095902,656
13270081,201.412,206.859,825,15974,0.93,0,2,1097818,1096993,825
13270081,197.236,181.001,993,15974,0.89,0,2,1097986,1096993,993
13270081,187.581,158.376,1113,15974,0.88,0,2,1098106,1096993,1113
13270081,183.634,138.579,1269,11680,0.99,0,2,1098262,1096993,1269
13289061,125.725,62.2146,1692,13140,0.94,0,2,1100170,1098478,1692
13289061,123.509,54.4377,1800,13140,0.89,0,2,1100278,1098478,1800
13289061,120.071,47.633,1896,1460,0.89,0,2,1100374,1098478,1896
13289061,117.062,41.6789,1992,5840,0.88,0,2,1100470,1098478,1992
13289061,112.929,36.469,2076,7300,0.82,0,2,1100554,1098478,2076
13289061,112.313,31.9104,2184,8760,0.75,0,2,1100662,1098478,2184
13289061,111.774,27.9216,2292,10220,0.69,0,2,1100770,1098478,2292
13289061,114.302,24.4314,2424,11680,0.65,0,2,1100902,1098478,2424
13296361,103.014,254.627,582,13140,0.67,0,2,1100926,1100344,582
13303661,105.137,234.924,605,14600,0.67,0,2,1101046,1100441,605
13310961,99.4953,217.684,568,16060,0.63,0,2,1101106,1100538,568
13310961,91.5584,190.473,604,17520,0.63,0,2,1101142,1100538,604
13310961,89.1136,166.664,676,17520,0.61,0,2,1101214,1100538,676
13310961,88.4744,145.831,760,17520,0.57,0,2,1101298,1100538,760
13313881,95.4151,176.102,516,17520,0.54,0,2,1101442,1100926,516
13316801,105.988,178.339,502,20440,0.52,0,2,1101622,1101120,502
13319721,101.74,171.047,454,23360,0.56,0,2,1101694,1101240,454
13322641,100.147,164.666,423,26280,0.55,0,2,1101783,1101360,423
13325561,102.629,159.083,423,29200,0.59,0,2,1101903,1101480,423
13328481,104.8,154.197,423,32120,0.61,0,2,1102023,1101600,423
13331401,108.2,149.923,435,34358,0.63,0,2,1102155,1101720,435
13334321,112.675,146.182,459,33530,0.69,0,2,1102299,1101840,459
13337241,115.091,142.91,471,32946,0.73,0,2,1102431,1101960,471
13340161,115.704,140.046,471,32508,0.85,0,2,1102551,1102080,471
13356221,157.934,128.997,867,32022,0.91,0,2,1103667,1102800,867
13356221,153.192,112.872,987,32022,0.85,0,2,1103787,1102800,987
13356221,149.043,98.763,1107,32022,0.85,0,2,1103907,1102800,1107
13363521,121.821,109.796,1068,13140,0.83,0,2,1105233,1104165,1068
13367901,109.593,163.322,554,13140,0.85,0,2,1105257,1104703,554
13370821,110.894,154.907,578,14600,0.89,0,2,1105377,1104799,578
13370821,112.032,135.543,698,16060,0.89,0,2,1105497,1104799,698
13370821,111.528,118.6,806,17520,0.96,0,2,1105605,1104799,806
13370821,103.587,103.775,854,18980,0.97,0,2,1105653,1104799,854
13370821,92.1389,90.8034,866,20440,0.97,0,2,1105665,1104799,866
13370821,89.9353,16.0032,1946,5840,0.96,0,2,1106745,1104799,1946
13370821,93.6934,14.0028,2066,7300,0.9,0,2,1106865,1104799,2066
13370821,95.4817,12.2524,2174,8760,0.89,0,2,1106973,1104799,2174
13370821,94.0465,10.7209,2258,10220,0.91,0,2,1107057,1104799,2258
13370821,97.2907,9.38078,2378,11680,0.92,0,2,1107177,1104799,2378
13404401,91.1293,236.458,600,13140,0.95,0,2,1107225,1106625,600
13407321,87.2382,215.901,588,14600,0.97,0,2,1107285,1106697,588
13408781,85.3334,197.913,588,16060,0.95,0,2,1107357,1106769,588
13411701,85.1667,182.174,600,17520,0.99,0,2,1107441,1106841,600
13413161,89.5209,168.402,648,18980,0.99,0,2,1107561,1106913,648
13421921,83.2923,127.582,708,23360,0.97,0,2,1107765,1107057,708
13468641,104.298,160.696,554,14600,0.91,0,2,1111569,1111015,554
13468641,106.261,140.609,674,16060,0.95,0,2,1111689,1111015,674
13468641,105.062,24.7809,1970,7300,0.94,0,2,1112985,1111015,1970
13468641,106.93,21.6833,2090,8760,0.83,0,2,1113105,1111015,2090
13468641,105.563,18.9729,2186,10220,0.84,0,2,1113201,1111015,2186
13468641,101.368,16.6013,2258,11680,0.8,0,2,1113273,1111015,2258
13496381,99.197,223.026,674,13140,0.81,0,2,1113357,1112683,674
13499301,89.7974,204.148,626,14600,0.79,0,2,1113381,1112755,626
13500761,86.0727,185.754,629,16060,0.77,0,2,1113441,1112812,629
13503681,84.3136,169.66,644,17520,0.73,0,2,1113513,1112869,644
13505141,82.7744,155.578,659,18980,0.67,0,2,1113585,1112926,659
13512441,78.4276,143.505,648,20440,0.71,0,2,1113633,1112985,648
13512441,76.1242,125.567,708,21900,0.67,0,2,1113693,1112985,708
13512441,75.6086,109.871,780,21900,0.71,0,2,1113765,1112985,780
13515361,82.6576,132.137,624,21900,0.73,0,2,1113897,1113273,624
13518281,81.3254,133.87,550,24820,0.75,0,2,1113969,1113419,550
13521201,78.6597,129.636,510,27740,0.81,0,2,1114029,1113519,510
13524121,76.3272,121.682,504,30660,0.85,0,2,1114089,1113585,504
13527041,71.2863,114.097,479,33580,0.91,0,2,1114125,1113646,479
13529961,68.3755,105.835,479,36500,0.93,0,2,1114173,1113694,479
13532881,70.3286,98.6052,515,39420,0.95,0,2,1114257,1113742,515
13562081,66.8979,1.34999,2304,18980,0.9,0,2,1116609,1114305,2304
13562081,60.0357,1.18124,2316,20440,0.84,0,2,1116621,1114305,2316
13562081,67.5312,1.03359,2436,21900,0.88,0,2,1116741,1114305,2436
13565001,69.5898,218.904,776,23360,0.92,0,2,1116825,1116049,776
13565001,69.8911,191.541,848,24820,0.98,0,2,1116897,1116049,848
13565001,66.6944,19.7879,1712,45260,0.98,0,2,1117761,1116049,1712
13565001,78.6254,15.1501,1952,5840,0.99,0,2,1118001,1116049,1952
13643841,94.6315,110.655,960,24820,0.9,0,2,1119201,1118241,960
13643841,97.8026,96.8232,1080,26280,0.85,0,2,1119321,1118241,1080
13643841,99.0772,84.7203,1188,27740,0.93,0,2,1119429,1118241,1188
13643841,101.693,74.1302,1308,29200,0.96,0,2,1119549,1118241,1308
13643841,75.5317,11.4316,2268,16060,0.93,0,2,1120509,1118241,2268
13643841,81.0902,10.0027,2388,17520,0.83,0,2,1120629,1118241,2388
13643841,85.9539,8.75234,2508,18980,0.82,0,2,1120749,1118241,2508
13643841,90.2097,7.6583,2628,18980,0.85,0,2,1120869,1118241,2628
13643841,90.9335,6.70101,2724,20440,0.97,0,2,1120965,1118241,2724
13643841,91.5668,5.86338,2820,20440,0.97,0,2,1121061,1118241,2820
13664281,199.872,468.007,545,1460,0.83,0,2,1122506,1121961,545
13667201,246.888,477.631,576,5840,0.87,0,2,1123082,1122506,576
13668661,222.027,423.928,576,7300,0.87,0,2,1123130,1122554,576
13692641,201.773,376.937,588,8760,0.95,0,2,1123190,1122602,588
13694101,209.052,335.82,800,10220,0.97,0,2,1123450,1122650,800
13697021,217.92,347.842,648,11680,0.99,0,2,1123730,1123082,648
13710161,208.923,252.594,852,26280,0.99,0,2,1124678,1123826,852
13710161,197.808,221.02,972,5840,0.89,0,2,1124798,1123826,972
13710161,188.082,193.393,1092,5840,0.68,0,2,1124918,1123826,1092
13710161,178.072,169.219,1200,5840,0.61,0,2,1125026,1123826,1200
13710161,170.813,148.066,1320,5840,0.54,0,2,1125146,1123826,1320
13713081,182.461,266.058,492,5840,0.37,0,2,1125410,1124918,492
13714541,194.153,294.301,276,5840,0.25,0,1,1125686,1125410,276
13717461,195.384,292.013,204,5840,0.23,0,1,1125890,1125686,204
13718921,194.961,281.011,192,5840,0.25,0,1,1126082,1125890,192
13720381,196.091,269.885,204,5840,0.21,0,1,1126286,1126082,204
13721841,194.08,261.649,180,26900,0.25,0,1,1126466,1126286,180
13721841,193.82,228.943,372,24572,0.21,0,1,1126658,1126286,372
13724761,183.092,235.7,197,24572,0.23,0,1,1126766,1126569,197
13726221,172.206,219.488,187,24572,0.23,0,1,1126862,1126675,187
13729141,164.18,205.302,189,24572,0.23,0,1,1126970,1126781,189
13730601,158.658,192.889,203,24572,0.23,0,1,1127090,1126887,203
13732061,150.825,182.028,193,24572,0.25,0,1,1127186,1126993,193
13734981,143.972,172.524,183,24572,0.23,0,1,1127282,1127099,183
13737901,155.976,164.209,317,24572,0.25,0,1,1127522,1127205,317
13740821,161.979,170.183,309,17658,0.29,0,1,1127726,1127417,309
13743741,180.731,181.035,364,16849,0.25,0,1,1128038,1127674,364
13746661,194.14,196.156,350,16271,0.27,0,1,1128326,1127976,350
13749581,213.372,209.386,396,15731,0.49,0,2,1128674,1128278,396
13751041,238.701,220.963,510,15384,0.73,0,2,1129090,1128580,510
13752501,234.363,212.218,563,15346,0.89,0,2,1129294,1128731,563
13753961,232.068,204.565,628,16806,0.95,0,2,1129510,1128882,628
13764181,238.789,207.008,788,18266,0.98,0,2,1130486,1129698,788
13765641,238.94,211.382,786,18266,0.92,0,2,1130726,1129940,786
13780241,185.206,210.539,768,10949,0.97,0,2,1131938,1131170,768
13783161,195.055,221.972,730,13869,0.99,0,2,1132202,1131472,730
13819661,239.575,252.409,708,18465,0.95,0,2,1135910,1135202,708
13822581,242.628,250.608,734,18465,0.93,0,2,1136174,1135440,734
13857621,239.293,235.116,814,18784,0.84,0,2,1139042,1138228,814
13859081,239.381,234.477,824,18784,0.62,0,2,1139282,1138458,824
13859081,224.459,205.167,944,5840,0.59,0,2,1139402,1138458,944
13859081,215.901,179.521,1100,5840,0.67,0,2,1139558,1138458,1100
13859081,194.914,157.081,1148,5840,0.69,0,2,1139606,1138458,1148
13859081,179.549,137.446,1220,5840,0.67,0,2,1139678,1138458,1220
13859081,163.106,120.265,1268,5840,0.67,0,2,1139726,1138458,1268
13869301,178.718,242.732,456,5840,0.55,0,2,1140014,1139558,456
13872221,183.378,230.391,528,20244,0.57,0,2,1140230,1139702,528
13875141,187.456,231.592,504,23164,0.59,0,2,1140446,1139942,504
13878061,192.524,232.643,492,23067,0.69,0,2,1140674,1140182,492
13880981,204.458,233.562,540,22361,0.77,0,2,1140962,1140422,540
13883901,217.901,234.367,612,21899,0.89,0,2,1141274,1140662,612
13920401,161.671,188.229,818,13140,0.99,0,2,1145114,1144296,818
13920401,151.905,144.112,1058,17520,0.98,0,2,1145354,1144296,1058
13920401,147.917,126.098,1178,18980,0.95,0,2,1145474,1144296,1178
13939381,125.375,172.848,688,17520,0.97,0,2,1146662,1145974,688
13939381,124.703,151.242,808,10949,0.92,0,2,1146782,1145974,808
13952521,118.563,133.194,936,12409,0.98,0,2,1147886,1146950,936
13952521,118.742,116.545,1056,13869,0.89,0,2,1148006,1146950,1056
13952521,118.9,101.977,1176,11680,0.8,0,2,1148126,1146950,1176
13952521,117.537,89.2298,1284,11680,0.86,0,2,1148234,1146950,1284
13952521,116.345,78.0761,1392,10220,0.99,0,2,1148342,1146950,1392
13974421,120.462,31.7719,2226,10220,0.98,0,2,1150850,1148624,2226
14003621,143.781,180.526,815,5840,0.75,0,2,1151870,1151055,815
14003621,140.809,157.96,935,5840,0.65,0,2,1151990,1151055,935
14003621,136.708,138.215,1043,5840,0.62,0,2,1152098,1151055,1043
14003621,125.619,120.938,1091,5840,0.64,0,2,1152146,1151055,1091
14003621,112.917,105.821,1115,5840,0.65,0,2,1152170,1151055,1115
14006541,151.302,228.968,444,4380,0.75,0,2,1152590,1152146,444
14010921,142.889,207.847,468,18980,0.83,0,2,1152674,1152206,468
14037201,122.745,123.816,965,17520,0.97,0,2,1154918,1153953,965
14037201,134.402,108.339,1181,18980,0.68,0,2,1155134,1153953,1181
14037201,120.601,94.7966,1205,20440,0.74,0,2,1155158,1153953,1205
14037201,131.026,82.9471,1409,21900,0.85,0,2,1155362,1153953,1409
14037201,123.648,72.5787,1481,23360,0.87,0,2,1155434,1153953,1481
14037201,136.692,63.5063,1709,24820,0.95,0,2,1155662,1153953,1709
14037201,127.105,55.568,1769,26280,0.95,0,2,1155722,1153953,1769
14037201,118.717,48.622,1829,27740,0.99,0,2,1155782,1153953,1829
14067861,96.4994,19.5421,2405,13140,0.93,0,2,1158266,1155861,2405
14067861,96.437,17.0993,2501,13140,0.94,0,2,1158362,1155861,2501
14067861,96.3824,14.9619,2597,14600,0.96,0,2,1158458,1155861,2597
14067861,116.858,1.18342,4865,14600,0.97,0,2,1160726,1155861,4865
14067861,115.751,1.0355,4973,14600,0.99,0,2,1160834,1155861,4973
14067861,113.559,0.792802,5177,14600,0.94,0,2,1161038,1155861,5177
14067861,103.864,0.693702,5213,14600,0.95,0,2,1161074,1155861,5213
14067861,158.981,0.159684,7565,5840,0.99,0,2,1163426,1155861,7565
14110201,242.304,690.233,980,25927,0.94,0,2,1165070,1164090,980
14110201,157.858,207.524,2072,7300,0.91,0,2,1166162,1164090,2072
14110201,151.625,181.583,2180,8760,0.91,0,2,1166270,1164090,2180
14148161,146.172,378.26,533,10220,0.85,0,2,1166378,1165845,533
14148161,139.901,330.978,629,11680,0.88,0,2,1166474,1165845,629
14148161,140.413,289.606,773,11680,0.93,0,2,1166618,1165845,773
14167141,117.82,65.162,1632,1460,0.98,0,2,1168706,1167074,1632
14196341,108.076,142.113,872,20440,0.91,0,2,1169810,1168938,872
14198081,121.816,151.349,874,20440,0.89,0,2,1170028,1169154,874
14211221,997.385,1003.89,895,33860,0.92,0,2,1182453,1181558,895
14211221,887.712,878.402,1015,36780,0.79,0,2,1182573,1181558,1015
14211221,791.748,768.602,1135,38240,0.75,0,2,1182693,1181558,1135
14211221,704.78,672.526,1231,23360,0.84,0,2,1182789,1181558,1231
14211221,621.182,588.461,1267,18980,0.87,0,2,1182825,1181558,1267
14211221,546.534,514.903,1291,16060,0.94,0,2,1182849,1181558,1291
14211221,482.718,450.54,1327,14600,0.91,0,2,1182885,1181558,1327
14211221,431.378,394.223,1399,14600,0.99,0,2,1182957,1181558,1399
14211221,387.956,344.945,1483,14600,0.97,0,2,1183041,1181558,1483
14211221,346.961,301.827,1543,16060,0.95,0,2,1183101,1181558,1543
14211221,311.091,264.098,1603,17520,0.95,0,2,1183161,1181558,1603
14238961,134.752,115.714,1020,16060,0.92,0,2,1184193,1183173,1020
14238961,132.908,101.25,1140,16060,0.93,0,2,1184313,1183173,1140
14238961,126.133,77.5195,1356,17520,0.98,0,2,1184529,1183173,1356
14241881,110.311,145.531,996,14600,0.97,0,2,1185705,1184709,996
14241881,105.522,127.339,1068,14600,0.95,0,2,1185777,1184709,1068
14241881,107.332,111.422,1188,14600,0.89,0,2,1185897,1184709,1188
14241881,108.915,97.4942,1308,16060,0.83,0,2,1186017,1184709,1308
14241881,113.301,85.3075,1452,17520,0.92,0,2,1186161,1184709,1452
14241881,111.138,74.644,1548,18980,0.93,0,2,1186257,1184709,1548
14241881,125.746,65.3135,1776,1460,0.93,0,2,1186485,1184709,1776
14241881,119.028,57.1493,1848,5840,0.95,0,2,1186557,1184709,1848
14241881,114.649,50.0057,1932,7300,0.95,0,2,1186641,1184709,1932
14241881,109.318,43.755,2004,8760,0.95,0,2,1186713,1184709,2004
14241881,103.153,38.2856,2064,10220,0.97,0,2,1186773,1184709,2064
14241881,90.0344,25.6484,2256,14600,0.99,0,2,1186965,1184709,2256
14281301,103.04,71.6477,1417,17520,0.92,0,2,1188417,1187000,1417
14281301,96.1602,62.6917,1465,17520,0.95,0,2,1188465,1187000,1465
14281301,87.1402,54.8553,1489,18980,0.96,0,2,1188489,1187000,1489
14281301,91.2477,47.9983,1609,20440,0.95,0,2,1188609,1187000,1609
14281301,82.8417,41.9986,1633,21900,0.99,0,2,1188633,1187000,1633
14281301,75.4865,36.7487,1657,23360,0.97,0,2,1188657,1187000,1657
14326561,90.7204,20.9072,1694,1460,0.95,0,2,1190721,1189027,1694
14326561,92.8803,18.2938,1802,5840,0.97,0,2,1190829,1189027,1802
14326561,93.2703,16.0071,1898,7300,0.98,0,2,1190925,1189027,1898
14357221,83.8338,126.596,720,23360,0.99,0,2,1191837,1191117,720
14357221,86.8545,110.771,828,24820,0.91,0,2,1191945,1191117,828
14357221,89.4977,96.925,936,26280,0.86,0,2,1192053,1191117,936
14357221,91.8105,84.8094,1044,27740,0.82,0,2,1192161,1191117,1044
14357221,91.8342,74.2082,1136,29200,0.82,0,2,1192253,1191117,1136
14357221,150.855,64.9322,1700,30180,0.83,0,2,1192817,1191117,1700
14357221,136.498,56.8156,1736,1460,0.84,0,2,1192853,1191117,1736
14368901,186.061,264.714,549,5840,0.93,0,2,1193386,1192837,549
14384481,133.958,66.9085,1656,17520,0.95,0,2,1195630,1193974,1656
14384481,132.213,58.5449,1776,1460,0.92,0,2,1195750,1193974,1776
14384481,130.687,51.2268,1896,5840,0.94,0,2,1195870,1193974,1896
14384481,129.351,44.8235,2016,7300,0.95,0,2,1195990,1193974,2016
14418061,114.491,93.5956,1128,26280,0.95,0,2,1197454,1196326,1128
14423901,148.434,41.1748,2207,7300,0.89,0,2,1199866,1197659,2207
14423901,144.88,36.028,2327,8760,0.85,0,2,1199986,1197659,2327
14423901,138.77,31.5245,2423,10220,0.85,0,2,1200082,1197659,2423
14423901,136.424,27.5839,2543,10220,0.75,0,2,1200202,1197659,2543
14423901,138.871,24.1359,2699,10220,0.67,0,2,1200358,1197659,2699
14423901,133.512,21.1189,2795,11680,0.69,0,2,1200454,1197659,2795
14423901,131.823,18.4791,2915,13140,0.65,0,2,1200574,1197659,2915
14423901,145.345,16.1692,3155,14600,0.71,0,2,1200814,1197659,3155
14423901,139.177,14.148,3251,16060,0.75,0,2,1200910,1197659,3251
14423901,129.28,12.3795,3311,17520,0.75,0,2,1200970,1197659,3311
14423901,125.12,10.8321,3407,18980,0.77,0,2,1201066,1197659,3407
14423901,118.48,9.47808,3479,20440,0.77,0,2,1201138,1197659,3479
14423901,114.17,8.29332,3563,21900,0.83,0,2,1201222,1197659,3563
14423901,111.899,7.25666,3659,23360,0.81,0,2,1201318,1197659,3659
14423901,106.911,6.34958,3731,1460,0.87,0,2,1201390,1197659,3731
14423901,102.547,5.55588,3803,5840,0.91,0,2,1201462,1197659,3803
14423901,101.729,4.86139,3899,7300,0.92,0,2,1201558,1197659,3899
14423901,99.5128,4.25372,3983,8760,0.95,0,2,1201642,1197659,3983
14423901,94.5737,3.722,4043,10220,0.99,0,2,1201702,1197659,4043
14423901,94.752,3.25675,4139,11680,0.97,0,2,1201798,1197659,4139
14483761,128.142,266.904,829,18980,0.96,0,2,1202938,1202109,829
14483761,127.124,233.541,949,21900,0.97,0,2,1203058,1202109,949
14483761,126.233,204.349,1069,23360,0.96,0,2,1203178,1202109,1069
14501281,113.014,192.246,708,8760,0.91,0,2,1204114,1203406,708
14501281,113.887,168.215,828,5840,0.89,0,2,1204234,1203406,828
14501281,114.652,147.188,948,5840,0.89,0,2,1204354,1203406,948
14501281,113.82,128.79,1056,5840,0.94,0,2,1204462,1203406,1056
14504201,114.593,188.441,570,5840,0.94,0,2,1204582,1204012,570
14512961,187.849,212.289,768,29200,0.97,0,2,1205686,1204918,768
14514421,194.368,208.753,824,32120,0.99,0,2,1205926,1205102,824
14568441,139.315,188.763,788,17520,0.99,0,2,1210491,1209703,788
14569901,117.276,181.159,821,1460,0.95,0,2,1211576,1210755,821
14569901,119.117,158.514,953,5840,0.97,0,2,1211708,1210755,953
14599101,120.764,116.276,960,21900,0.97,0,2,1213028,1212068,960
14599101,116.168,101.742,1044,23360,0.99,0,2,1213112,1212068,1044
14603481,137.452,118.634,1054,8760,0.92,0,2,1214246,1213192,1054
14603481,138.271,103.805,1198,8760,0.84,0,2,1214390,1213192,1198
14613041,136.237,172.579,666,8760,0.9,0,2,1214512,1213846,666
14627641,157.277,219.839,996,7300,0.85,0,2,1220702,1219706,996
14659761,113.64,113.714,888,24820,0.98,0,2,1221830,1220942,888
14659761,117.435,99.4995,1032,26280,0.92,0,2,1221974,1220942,1032
14659761,119.256,87.0621,1164,27740,0.93,0,2,1222106,1220942,1164
14667061,126.87,143.419,883,10220,0.93,0,2,1223366,1222483,883
14667061,124.266,37.73,2112,5840,0.86,0,2,1224595,1222483,2112
14667061,126.733,33.0138,2256,7300,0.87,0,2,1224739,1222483,2256
14700641,153.065,190.965,828,14600,0.91,0,2,1225699,1224871,828
14700641,152.432,167.094,976,17520,0.94,0,2,1225847,1224871,976
14703561,125.186,130.272,1212,8760,0.97,0,2,1227287,1226075,1212
14737141,127.894,151.883,861,29200,0.99,0,2,1229775,1228914,861
14737141,128.408,132.897,993,30660,0.96,0,2,1229907,1228914,993
14761961,146.836,124.028,1018,32937,0.99,0,2,1231291,1230273,1018
14761961,122.471,28.5501,2242,10220,0.99,0,2,1232515,1230273,2242
14761961,122.162,24.9813,2362,11680,0.97,0,2,1232635,1230273,2362
14761961,120.392,21.8587,2470,11680,0.99,0,2,1232743,1230273,2470
14761961,122.343,19.1263,2606,13140,0.88,0,2,1232879,1230273,2606
14761961,117.55,16.7355,2690,13140,0.93,0,2,1232963,1230273,2690
14761961,108.856,14.6436,2738,13140,0.93,0,2,1233011,1230273,2738
14761961,139.378,6.57198,3746,1460,0.99,0,2,1234019,1230273,3746
14761961,136.956,5.75048,3866,5840,0.98,0,2,1234139,1230273,3866
14761961,134.836,5.03167,3986,7300,0.94,0,2,1234259,1230273,3986
14761961,132.982,4.40271,4106,8760,0.86,0,2,1234379,1230273,4106
14761961,131.359,3.85237,4226,10220,0.91,0,2,1234499,1230273,4226
14766341,122.439,468.621,564,11680,0.97,0,2,1234559,1233995,564
14810141,146.644,249.652,898,23360,0.96,0,2,1235663,1234765,898
14810141,143.313,218.445,1018,24820,0.9,0,2,1235783,1234765,1018
14810141,140.399,191.14,1138,26280,0.91,0,2,1235903,1234765,1138
14810141,137.849,167.247,1258,8760,0.93,0,2,1236023,1234765,1258
14810141,129.728,128.049,1462,11680,0.99,0,2,1236227,1234765,1462
14830581,157.226,213.467,792,11680,0.98,0,2,1237235,1236443,792
14830581,152.573,186.784,912,13140,0.98,0,2,1237355,1236443,912
14830581,148.501,163.436,1032,13140,0.98,0,2,1237475,1236443,1032
14840801,182.144,207.747,825,21900,0.97,0,2,1238663,1237838,825
14840801,174.376,181.779,945,24820,0.91,0,2,1238783,1237838,945
14840801,166.079,159.056,1053,26253,0.93,0,2,1238891,1237838,1053
14840801,161.819,139.174,1185,8760,0.95,0,2,1239023,1237838,1185
14840801,155.092,121.778,1293,8760,0.91,0,2,1239131,1237838,1293
14840801,149.205,106.555,1401,8760,0.87,0,2,1239239,1237838,1401
14840801,145.555,93.236,1521,8760,0.89,0,2,1239359,1237838,1521
14840801,136.36,81.5815,1593,1460,0.95,0,2,1239431,1237838,1593
14853941,129.815,203.009,624,5840,0.91,0,2,1239515,1238891,624
14856861,140.588,194.133,708,7300,0.91,0,2,1239731,1239023,708
14859781,150.015,197.866,700,10220,0.93,0,2,1239947,1239247,700
14859781,143.263,173.133,796,13140,0.97,0,2,1240043,1239247,796
14859781,137.355,151.491,892,13140,0.95,0,2,1240139,1239247,892
14859781,132.186,132.555,988,13140,0.97,0,2,1240235,1239247,988
14868541,120.075,36.791,2105,7300,0.98,0,2,1242467,1240362,2105
14896281,119.721,33.0428,2304,11680,0.97,0,2,1245203,1242899,2304
14947381,102.222,185.853,700,16060,0.99,0,2,1249223,1248523,700
14947381,104.445,162.622,820,17520,0.94,0,2,1249343,1248523,820
14947381,106.389,142.294,940,17520,0.91,0,2,1249463,1248523,940
14947381,104.964,21.9432,2296,11680,0.87,0,2,1250819,1248523,2296
14948841,106.844,231.7,716,13140,0.81,0,2,1250939,1250223,716
14948841,108.488,202.738,836,14600,0.73,0,2,1251059,1250223,836
14948841,108.427,177.396,944,5840,0.73,0,2,1251167,1250223,944
14948841,103.874,155.221,1016,5840,0.69,0,2,1251239,1250223,1016
14948841,101.39,135.818,1100,5840,0.61,0,2,1251323,1250223,1100
14948841,100.716,118.841,1196,5840,0.55,0,2,1251419,1250223,1196
14948841,97.1264,103.986,1268,5840,0.55,0,2,1251491,1250223,1268
14948841,93.9856,90.9877,1340,5840,0.47,0,2,1251563,1250223,1340
14988261,160.237,294.114,248,30660,0.33,0,2,1252187,1251939,248
14991181,153.708,264.85,296,32120,0.42,0,2,1252295,1251999,296
14994101,150.994,246.744,308,35040,0.46,0,2,1252427,1252119,308
14997021,153.12,230.901,356,37960,0.53,0,2,1252595,1252239,356
14999941,151.98,217.038,380,37862,0.6,0,2,1252739,1252359,380
15002861,153.982,204.908,428,36256,0.68,0,2,1252907,1252479,428
15005781,152.735,194.295,452,35136,0.76,0,2,1253051,1252599,452
15008701,153.143,185.008,488,34309,0.81,0,2,1253207,1252719,488
15011621,150.5,176.882,500,33822,0.89,0,2,1253339,1252839,500
15030601,153.962,108.977,1088,33482,0.98,0,2,1254767,1253679,1088
15039361,111.46,135.18,816,11680,0.98,0,2,1255931,1255115,816
15039361,112.527,118.283,936,13140,0.96,0,2,1256051,1255115,936
15081701,128.549,147.673,860,20440,0.97,0,2,1258547,1257687,860
15081701,126.545,113.062,1100,24820,0.96,0,2,1258787,1257687,1100
15081701,125.727,98.9294,1220,23360,0.98,0,2,1258907,1257687,1220
15091921,98.0047,102.467,994,18980,0.94,0,2,1260143,1259149,994
15091921,100.754,89.6584,1114,20440,0.93,0,2,1260263,1259149,1114
15091921,103.16,78.4511,1234,21900,0.95,0,2,1260383,1259149,1234
15091921,105.673,18.0588,2398,16060,0.95,0,2,1261547,1259149,2398
15091921,111.964,15.8014,2554,16060,0.89,0,2,1261703,1259149,2554
15091921,108.468,13.8262,2638,17520,0.87,0,2,1261787,1259149,2638
15091921,109.91,12.098,2758,18980,0.9,0,2,1261907,1259149,2758
15091921,109.671,10.5857,2866,20440,0.95,0,2,1262015,1259149,2866
15091921,119.309,3.18268,4030,33580,0.98,0,2,1263179,1259149,4030
15091921,119.396,2.78484,4150,35040,0.95,0,2,1263299,1259149,4150
15091921,119.471,2.43674,4270,1460,0.94,0,2,1263419,1259149,4270
15091921,119.537,2.13214,4390,5840,0.98,0,2,1263539,1259149,4390
15091921,118.095,1.86563,4498,7300,0.96,0,2,1263647,1259149,4498
15091921,112.333,1.63242,4570,8760,0.95,0,2,1263719,1259149,4570
15091921,108.792,1.42837,4654,10220,0.99,0,2,1263803,1259149,4654
15091921,98.1926,1.24982,4678,11680,0.97,0,2,1263827,1259149,4678
15091921,91.9185,1.0936,4726,13140,0.93,0,2,1263875,1259149,4726
15091921,89.4287,0.956896,4798,14600,0.89,0,2,1263947,1259149,4798
15091921,84.2501,0.837284,4846,16060,0.87,0,2,1263995,1259149,4846
15145941,82.7189,531.858,669,17520,0.83,0,2,1264067,1263398,669
15148861,75.379,471.375,645,18980,0.83,0,2,1264091,1263446,645
15151781,76.4566,417.203,691,20440,0.79,0,2,1264175,1263484,691
15153241,69.8995,369.803,677,21900,0.75,0,2,1264199,1263522,677
15154701,67.1621,328.328,687,23360,0.75,0,2,1264247,1263560,687
15157621,64.7668,298.162,648,24820,0.71,0,2,1264295,1263647,648
15159081,65.671,269.892,648,26280,0.75,0,2,1264367,1263719,648
15172221,67.9621,246.655,648,27740,0.81,0,2,1264451,1263803,648
15172221,60.9668,215.823,660,29200,0.83,0,2,1264463,1263803,660
15172221,56.346,188.845,684,29200,0.87,0,2,1264487,1263803,684
15172221,58.3027,165.24,756,29200,0.87,0,2,1264559,1263803,756
15175141,63.0149,176.335,598,29200,0.87,0,2,1264655,1264057,598
15178061,61.138,168.793,530,32120,0.95,0,2,1264703,1264173,530
15216021,65.4862,65.2882,736,70080,0.99,0,2,1265495,1264759,736
15216021,69.3004,57.1272,832,73000,0.96,0,2,1265591,1264759,832
15216021,72.6379,49.9863,928,74460,0.97,0,2,1265687,1264759,928
15216021,73.5581,43.738,1008,75920,0.99,0,2,1265767,1264759,1008
15225401,1103.91,1192.55,98,10949,0.15,0,1,1274289,1274191,98
15228321,968.917,1046.73,96,13869,0.19,0,1,1274313,1274217,96
15231241,855.302,919.141,130,16789,0.31,0,2,1274373,1274243,130
15234161,755.89,807.498,164,19709,0.38,0,2,1274433,1274269,164
15237081,667.403,710.686,179,22629,0.45,0,2,1274481,1274302,179
15240001,589.978,625.1,201,25549,0.53,0,2,1274529,1274328,201
15242921,525.231,550.213,247,28469,0.63,0,2,1274601,1274354,247
15245841,464.077,484.686,257,31389,0.69,0,2,1274637,1274380,257
15248761,410.567,427.35,267,34309,0.75,0,2,1274673,1274406,267
15251681,369.746,377.181,325,37229,0.91,0,2,1274757,1274432,325
15254601,328.028,333.284,335,40149,0.97,0,2,1274793,1274458,335
15295481,87.8337,7.58144,2251,1460,0.76,0,2,1277073,1274822,2251
15298401,84.3545,253.759,334,5840,0.88,0,2,1277133,1276799,334
15308621,131.665,223.545,432,14600,0.96,0,2,1278261,1277829,432
15317381,130.207,197.227,539,16060,0.83,0,2,1278381,1277842,539
15318841,128.931,174.198,646,17520,0.9,0,2,1278501,1277855,646
15324681,85.633,27.1495,1581,37960,0.84,0,2,1279449,1277868,1581
15324681,89.9289,23.7558,1701,39420,0.68,0,2,1279569,1277868,1701
15324681,93.6877,20.7864,1821,40880,0.73,0,2,1279689,1277868,1821
15324681,92.4768,18.1881,1905,42340,0.86,0,2,1279773,1277868,1905
15324681,89.9172,15.9146,1977,1460,0.93,0,2,1279845,1277868,1977
15369941,91.6792,156.405,576,21900,0.95,0,2,1280961,1280385,576
15369941,94.8443,136.855,693,23360,0.99,0,2,1281078,1280385,693
15369941,91.7009,27.5649,1701,40520,0.92,0,2,1282086,1280385,1701
15369941,95.2383,24.1193,1821,1460,0.86,0,2,1282206,1280385,1821
15369941,95.3335,21.1044,1917,5840,0.89,0,2,1282302,1280385,1917
15369941,98.4168,18.4663,2037,7300,0.98,0,2,1282422,1280385,2037
15392941,121.545,164.736,763,16060,0.88,0,2,1283370,1282607,763
15403161,121.352,178.019,612,17415,0.72,0,2,1283490,1282878,612
15403161,119.683,155.767,720,17415,0.75,0,2,1283598,1282878,720
15403161,115.223,136.296,804,17415,0.91,0,2,1283682,1282878,804
15407541,230.036,276.582,802,1460,0.99,0,2,1285518,1284716,802
15422141,273.282,342.26,576,5840,0.37,0,2,1286094,1285518,576
15423601,242.121,309.977,516,7300,0.37,0,2,1286118,1285602,516
15425061,214.856,281.73,456,8760,0.37,0,2,1286142,1285686,456
15426521,193.999,257.014,420,10220,0.35,0,2,1286190,1285770,420
15427981,192.249,265.387,276,11680,0.39,0,2,1286370,1286094,276
15433821,181.718,246.214,272,13140,0.43,0,2,1286478,1286206,272
15436741,181.503,225.937,368,14600,0.55,0,2,1286658,1286290,368
15439661,185.815,218.695,416,17520,0.71,0,2,1286874,1286458,416
15442581,192.589,212.358,488,20440,0.87,0,2,1287114,1286626,488
15454261,192.004,148.533,1040,23429,0.89,0,2,1288338,1287298,1040
15454261,181.503,129.966,1148,23429,0.97,0,2,1288446,1287298,1148
15460101,146.848,190.1,792,16060,0.89,0,2,1289346,1288554,792
15460101,141.992,166.337,900,16060,0.8,0,2,1289454,1288554,900
15460101,137.743,145.545,1008,17520,0.77,0,2,1289562,1288554,1008
15460101,133.65,127.352,1113,18980,0.88,0,2,1289667,1288554,1113
15460101,125.944,111.433,1185,20440,0.9,0,2,1289739,1288554,1185
15460101,129.701,97.5038,1341,21093,0.99,0,2,1289895,1288554,1341
15460101,129.988,85.3158,1473,21093,0.97,0,2,1290027,1288554,1473
15460101,118.94,29.3153,2385,10220,0.89,0,2,1290939,1288554,2385
15460101,116.072,25.6509,2481,11680,0.83,0,2,1291035,1288554,2481
15460101,115.063,22.4445,2589,13140,0.79,0,2,1291143,1288554,2589
15460101,114.18,19.6389,2697,14600,0.83,0,2,1291251,1288554,2697
15460101,114.283,17.1841,2812,14600,0.91,0,2,1291366,1288554,2812
15460101,119.622,15.0361,2969,14600,0.87,0,2,1291523,1288554,2969
15460101,121.17,13.1566,3101,16060,0.87,0,2,1291655,1288554,3101
15460101,119.523,11.512,3209,17520,0.87,0,2,1291763,1288554,3209
15460101,116.583,10.073,3305,18980,0.91,0,2,1291859,1288554,3305
15460101,115.51,8.81387,3413,20440,0.91,0,2,1291967,1288554,3413
15460101,107.071,7.71213,3461,21900,0.89,0,2,1292015,1288554,3461
15460101,104.187,6.74812,3545,23360,0.95,0,2,1292099,1288554,3545
15460101,107.664,5.9046,3677,24382,0.95,0,2,1292231,1288554,3677
15460101,103.206,5.16653,3749,24382,0.95,0,2,1292303,1288554,3749
15460101,93.3992,2.31871,4265,24382,0.99,0,2,1292819,1288554,4265
15528721,88.7387,483.862,818,17520,0.94,0,2,1293791,1292973,818
15528721,86.6463,423.379,890,17520,0.91,0,2,1293863,1292973,890
15528721,86.3155,370.457,974,17520,0.92,0,2,1293947,1292973,974
15528721,87.5261,324.15,1070,17520,0.92,0,2,1294043,1292973,1070
15528721,87.0853,283.631,1154,17520,0.97,0,2,1294127,1292973,1154
15549161,114.322,130.27,1158,14600,0.98,0,2,1295603,1294445,1158
15573981,126.701,148.868,820,13869,0.95,0,2,1296983,1296163,820
15573981,122.863,130.26,916,16789,0.95,0,2,1297079,1296163,916
15573981,121.005,113.977,1024,18249,0.95,0,2,1297187,1296163,1024
15573981,116.63,99.7302,1110,5840,0.94,0,2,1297273,1296163,1110
15573981,116.482,76.356,1338,5840,0.97,0,2,1297501,1296163,1338
15573981,112.422,66.8115,1422,5840,0.93,0,2,1297585,1296163,1422
15573981,110.369,58.46,1518,5840,0.87,0,2,1297681,1296163,1518
15573981,105.573,51.1525,1590,5840,0.82,0,2,1297753,1296163,1590
15588581,102.876,172.758,650,5840,0.78,0,2,1297837,1297187,650
15590641,141.642,200.914,665,5840,0.54,0,2,1298250,1297585,665
15590641,129.937,175.799,713,20309,0.52,0,2,1298298,1297585,713
15590641,120.32,153.825,766,20309,0.51,0,2,1298351,1297585,766
15593561,1184.78,1292.6,138,20309,0,0,1,1306987,1306849,138
15596481,1057.68,1152.02,138,23229,0,0,1,1307155,1307017,138
15599401,946.472,1029.02,138,26149,0,0,1,1307323,1307185,138
15602321,849.163,921.392,138,26870,0.01,0,1,1307491,1307353,138
15605241,765.768,827.218,152,25236,0.07,0,1,1307673,1307521,152
15608161,700.047,744.816,224,23094,0.21,0,1,1307913,1307689,224
15611081,644.041,673.714,300,22231,0.45,0,2,1308165,1307865,300
15614001,589.036,609.249,346,21800,0.67,0,2,1308369,1308023,346
15616921,543.906,550.593,434,21601,0.89,0,2,1308597,1308163,434
15630061,387.626,359.581,775,18740,0.83,0,2,1309713,1308938,775
15630061,351.173,314.634,871,18740,0.74,0,2,1309809,1308938,871
15630061,320.776,275.304,979,18740,0.77,0,2,1309917,1308938,979
15630061,297.179,240.891,1111,11680,0.85,0,2,1310049,1308938,1111
15630061,272.032,210.78,1207,8760,0.89,0,2,1310145,1308938,1207
15630061,248.528,184.432,1291,8760,0.91,0,2,1310229,1308938,1291
15630061,230.962,161.378,1399,8760,0.99,0,2,1310337,1308938,1399
15651961,201.787,208.717,784,13869,0.97,0,2,1311309,1310525,784
15654881,205.063,208.628,804,16480,0.85,0,2,1311537,1310733,804
15657801,204.93,208.549,800,16480,0.87,0,2,1311741,1310941,800
15660721,198.814,212.981,712,16480,0.99,0,2,1311897,1311185,712
15666561,199.28,211.813,692,16480,0.99,0,2,1312293,1311601,692
15669481,205.87,211.337,736,16480,0.99,0,2,1312545,1311809,736
15714741,136.752,129.457,1016,15329,0.95,0,2,1316001,1314985,1016
15714741,133.158,113.275,1124,16538,0.99,0,2,1316109,1314985,1124
15732261,139.681,162.142,924,11680,0.99,0,2,1317357,1316433,924
15741021,150.97,150.764,969,5840,0.96,0,2,1318545,1317576,969
15741021,142.599,131.918,1053,5840,0.94,0,2,1318629,1317576,1053
15741021,135.274,115.428,1137,5840,0.93,0,2,1318713,1317576,1137
15741021,125.865,101,1197,5840,0.95,0,2,1318773,1317576,1197
15741021,123.631,88.3749,1305,5840,0.87,0,2,1318881,1317576,1305
15741021,121.678,77.328,1413,5840,0.8,0,2,1318989,1317576,1413
15745401,143.968,199.287,660,1460,0.73,0,2,1319289,1318629,660
15754161,139.472,192.376,624,17998,0.69,0,2,1319397,1318773,624
15757081,138.538,181.829,648,19458,0.67,0,2,1319529,1318881,648
15757081,142.221,159.1,816,22378,0.73,0,2,1319697,1318881,816
15757081,136.443,139.213,912,22378,0.75,0,2,1319793,1318881,912
15757081,128.388,121.811,984,22378,0.81,0,2,1319865,1318881,984
15760001,142.339,187.71,575,22378,0.97,0,2,1320105,1319530,575
15771681,190.646,194.451,803,26201,0.97,0,2,1321149,1320346,803
15771681,181.815,170.145,923,26201,0.96,0,2,1321269,1320346,923
15771681,172.588,148.877,1031,26201,0.99,0,2,1321377,1320346,1031
15824241,105.764,130.417,888,21900,0.97,0,2,1325817,1324929,888
15824241,104.543,114.115,984,23360,0.97,0,2,1325913,1324929,984
15830081,96.93,120.744,996,8760,0.95,0,2,1327113,1326117,996
15830081,98.3138,105.651,1104,8760,0.86,0,2,1327221,1326117,1104
15833001,99.5246,186.444,460,8760,0.93,0,2,1327329,1326869,460
15856361,144.55,145.427,888,18980,0.98,0,2,1328361,1327473,888
15856361,101.102,33.4759,1848,18980,0.86,0,2,1329321,1327473,1848
15856361,103.464,29.2914,1968,1460,0.89,0,2,1329441,1327473,1968
15856361,107.031,25.63,2100,5840,0.84,0,2,1329573,1327473,2100
15856361,105.652,22.4262,2196,7300,0.98,0,2,1329669,1327473,2196
15894321,93.8894,122.671,840,24820,0.98,0,2,1330689,1329849,840
15894321,94.1532,107.337,936,5840,0.93,0,2,1330785,1329849,936
15894321,97.384,93.9202,1056,5840,0.8,0,2,1330905,1329849,1056
15894321,100.211,82.1802,1176,5840,0.78,0,2,1331025,1329849,1176
15894321,99.6847,71.9077,1272,5840,0.76,0,2,1331121,1329849,1272
15894321,99.2241,62.9192,1368,5840,0.75,0,2,1331217,1329849,1368
15894321,91.3211,55.0543,1404,5840,0.75,0,2,1331253,1329849,1404
15897241,103.906,180.173,540,5840,0.71,0,2,1331445,1330905,540
15898701,129.918,201.151,504,5840,0.61,0,2,1331757,1331253,504
15903081,122.678,183.507,516,24820,0.63,0,2,1331829,1331313,516
15906001,119.343,177.069,480,24820,0.59,0,2,1331925,1331445,480
15908921,137.425,193.935,432,24820,0.65,0,2,1332189,1331757,432
15908921,126.247,169.693,480,24820,0.65,0,2,1332237,1331757,480
15908921,119.466,148.482,552,24820,0.69,0,2,1332309,1331757,552
15908921,110.533,129.921,600,26280,0.69,0,2,1332357,1331757,600
15908921,105.716,113.681,672,27740,0.71,0,2,1332429,1331757,672
15908921,100.002,99.471,732,1460,0.71,0,2,1332489,1331757,732
15908921,95.0016,87.0372,792,5840,0.77,0,2,1332549,1331757,792
15908921,92.1264,76.1575,864,7300,0.73,0,2,1332621,1331757,864
15908921,82.1106,66.6378,876,8760,0.75,0,2,1332633,1331757,876
15908921,77.8468,58.3081,924,10220,0.75,0,2,1332681,1331757,924
15926441,77.1159,118.52,456,11680,0.77,0,2,1332753,1332297,456
15929361,83.9764,111.205,528,13140,0.77,0,2,1332885,1332357,528
15930821,80.9794,112.304,468,16060,0.83,0,2,1332945,1332477,468
15930821,81.357,98.2661,552,17520,0.81,0,2,1333029,1332477,552
15930821,78.6873,85.9828,612,17520,0.83,0,2,1333089,1332477,612
15930821,77.8514,75.2349,684,17520,0.85,0,2,1333161,1332477,684
15930821,77.12,65.8306,756,17520,0.85,0,2,1333233,1332477,756
15930821,76.48,57.6018,828,17520,0.85,0,2,1333305,1332477,828
15930821,75.92,50.4015,900,17520,0.87,0,2,1333377,1332477,900
15933741,84.43,99.1013,604,17520,0.99,0,2,1333521,1332917,604
15949801,125.02,89.7582,1012,38767,0.95,0,2,1334721,1333709,1012
15958561,120.274,105.642,1050,11680,0.85,0,2,1336017,1334967,1050
15958561,120.24,92.4369,1170,13140,0.84,0,2,1336137,1334967,1170
15958561,117.21,80.8823,1266,13140,0.9,0,2,1336233,1334967,1266
15958561,110.059,70.772,1326,13140,0.91,0,2,1336293,1334967,1326
15965861,99.3014,137.301,747,13140,0.92,0,2,1336317,1335570,747
15965861,89.8887,120.138,771,14600,0.94,0,2,1336341,1335570,771
15971701,81.6526,117.621,695,14600,0.93,0,2,1336365,1335670,695
15973161,72.946,109.168,657,16060,0.93,0,2,1336377,1335720,657
15976081,65.3278,101.772,619,17520,0.99,0,2,1336389,1335770,619
15976081,60.1618,89.0506,643,18980,0.99,0,2,1336413,1335770,643
15989221,127.791,94.2046,1080,33580,0.95,0,2,1337649,1336569,1080
15989221,120.817,82.429,1152,35040,0.92,0,2,1337721,1336569,1152
15989221,120.715,72.1254,1272,20440,0.91,0,2,1337841,1336569,1272
15989221,119.126,63.1097,1380,16060,0.9,0,2,1337949,1336569,1380
15989221,119.235,55.221,1500,17520,0.93,0,2,1338069,1336569,1500
15989221,110.331,48.3184,1548,17520,0.93,0,2,1338117,1336569,1548
15989221,108.539,42.2786,1644,16060,0.97,0,2,1338213,1336569,1644
16019881,105.072,95.9154,888,16789,0.95,0,2,1339341,1338453,888
16019881,106.938,83.9259,1008,18249,0.86,0,2,1339461,1338453,1008
16019881,108.571,73.4352,1128,19709,0.87,0,2,1339581,1338453,1128
16019881,123.5,64.2558,1356,14600,0.93,0,2,1339809,1338453,1356
16019881,114.062,56.2238,1404,11680,0.91,0,2,1339857,1338453,1404
16019881,110.304,49.1958,1488,10220,0.91,0,2,1339941,1338453,1488
16019881,104.016,43.0464,1548,11680,0.89,0,2,1340001,1338453,1548
16019881,97.0143,37.6656,1596,13140,0.91,0,2,1340049,1338453,1596
16019881,93.8875,32.9574,1668,14600,0.91,0,2,1340121,1338453,1668
16022801,91.1516,169.838,612,16060,0.89,0,2,1340193,1339581,612
16024261,108.258,177.108,612,16060,0.93,0,2,1340421,1339809,612
16027181,99.2254,162.844,585,16060,0.93,0,2,1340457,1339872,585
16038861,97.3223,151.114,600,16060,0.95,0,2,1340541,1339941,600
16041781,100.157,141.475,646,10949,0.99,0,2,1340661,1340015,646
16054921,147.048,112.401,1130,29929,0.97,0,2,1341909,1340779,1130
16054921,137.667,98.3508,1202,23360,0.98,0,2,1341981,1340779,1202
16065141,99.1328,105.444,967,17520,0.91,0,2,1343241,1342274,967
16069521,101.741,153.389,598,17520,0.87,0,2,1343361,1342763,598
16082661,104.024,144.215,638,18980,0.86,0,2,1343481,1342843,638
16085581,112.021,136.188,726,20440,0.95,0,2,1343649,1342923,726
16088501,114.518,139.165,698,23360,0.89,0,2,1343781,1343083,698
16091421,119.703,141.769,694,26280,0.87,0,2,1343937,1343243,694
16094341,125.74,144.048,702,29200,0.85,0,2,1344105,1343403,702
16097261,129.523,146.042,698,31718,0.75,0,2,1344261,1343563,698
16100181,129.832,147.787,670,5840,0.73,0,2,1344393,1343723,670
16103101,134.603,149.313,678,5840,0.61,0,2,1344561,1343883,678
16106021,132.778,150.649,638,5840,0.59,0,2,1344681,1344043,638
16107481,147.181,151.818,726,5840,0.53,0,2,1344929,1344203,726
16110401,148.783,177.591,528,5840,0.45,0,2,1345089,1344561,528
16113321,157.185,179.642,550,32873,0.41,0,2,1345305,1344755,550
16116241,160.037,198.937,396,32245,0.45,0,2,1345485,1345089,396
16119161,156.532,192.57,380,30950,0.47,0,2,1345617,1345237,380
16122081,156.466,186.998,388,29733,0.47,0,2,1345773,1345385,388
16125001,156.408,182.124,396,28712,0.49,0,2,1345929,1345533,396
16127921,156.357,177.858,404,27849,0.53,0,2,1346085,1345681,404
16130841,151.812,174.126,376,27143,0.55,0,2,1346205,1345829,376
16133761,155.336,170.86,408,26358,0.57,0,2,1346385,1345977,408
16136681,158.419,168.003,440,25847,0.67,0,2,1346565,1346125,440
16139601,161.116,165.502,472,25533,0.69,0,2,1346745,1346273,472
16142521,161.977,163.315,492,25416,0.77,0,2,1346913,1346421,492
16145441,164.23,161.4,524,28336,0.85,0,2,1347093,1346569,524
16148361,164.701,159.725,544,28336,0.91,0,2,1347261,1346717,544
16165881,156.336,93.6206,1195,25416,0.87,0,2,1348665,1347470,1195
16174641,119.977,117.753,994,16060,0.95,0,2,1349925,1348931,994
16174641,119.98,103.034,1114,17520,0.97,0,2,1350045,1348931,1114
16177561,96.9706,56.5527,1660,23560,0.99,0,2,1352121,1350461,1660
16177561,108.502,37.8859,2052,5840,0.98,0,2,1352513,1350461,2052
16177561,108.439,33.1502,2160,7300,0.96,0,2,1352621,1350461,2160
16177561,89.5865,19.432,2412,13140,0.97,0,2,1352873,1350461,2412
16177561,88.8882,17.003,2496,14600,0.95,0,2,1352957,1350461,2496
16177561,91.2771,14.8776,2604,16060,0.97,0,2,1353065,1350461,2604
16233041,84.3675,248.518,756,17520,0.96,0,2,1353101,1352345,756
16233041,75.3216,217.453,768,18980,0.94,0,2,1353113,1352345,768
16233041,70.6056,166.488,876,18980,0.96,0,2,1353221,1352345,876
16233041,67.7799,145.677,924,18980,0.98,0,2,1353269,1352345,924
16233041,68.3074,127.467,996,18980,0.97,0,2,1353341,1352345,996
16233041,72.5322,97.592,1169,18980,0.97,0,2,1353514,1352345,1169
16233041,72.4657,85.393,1241,18980,0.99,0,2,1353586,1352345,1241
16269541,117.647,97.4685,1278,5840,0.98,0,2,1357054,1355776,1278
16269541,117.941,85.2849,1398,5840,0.84,0,2,1357174,1355776,1398
16269541,118.199,74.6243,1518,5840,0.75,0,2,1357294,1355776,1518
16269541,118.424,65.2963,1638,5840,0.63,0,2,1357414,1355776,1638
16269541,115.621,57.1342,1734,5840,0.59,0,2,1357510,1355776,1734
16269541,152.168,49.9925,2142,1460,0.45,0,2,1357918,1355776,2142
16282681,143.647,272.368,397,28856,0.45,0,2,1358002,1357605,397
16284141,155.691,277.447,324,30316,0.51,0,2,1358242,1357918,324
16287061,142.23,249.516,318,31776,0.55,0,2,1358290,1357972,318
16292901,133.451,225.077,336,33236,0.57,0,2,1358362,1358026,336
16295821,131.77,203.692,402,34696,0.65,0,2,1358482,1358080,402
16298741,130.299,191.731,414,37229,0.73,0,2,1358602,1358188,414
16301661,130.511,181.264,438,35941,0.87,0,2,1358734,1358296,438
16304581,130.697,172.106,462,34953,0.93,0,2,1358866,1358404,462
16322101,146.428,119.674,918,33837,0.97,0,2,1359970,1359052,918
16322101,143.124,104.715,1038,30917,0.88,0,2,1360090,1359052,1038
16322101,140.234,91.6256,1158,29442,0.93,0,2,1360210,1359052,1158
16327941,118.834,110.535,1092,13140,0.95,0,2,1361530,1360438,1092
16327941,118.979,96.7183,1212,13140,0.96,0,2,1361650,1360438,1212
16395101,99.6703,167.507,708,16060,0.99,0,2,1367170,1366462,708
16395101,102.211,146.569,828,16060,0.89,0,2,1367290,1366462,828
16395101,105.935,128.248,960,16060,0.9,0,2,1367422,1366462,960
16395101,106.193,112.217,1068,17520,0.91,0,2,1367530,1366462,1068
16395101,113.589,11.593,3012,5840,0.93,0,2,1369474,1366462,3012
16395101,112.891,10.1439,3120,5840,0.84,0,2,1369582,1366462,3120
16395101,118.279,8.87588,3276,5840,0.67,0,2,1369738,1366462,3276
16400941,238.495,516.641,285,26280,0.57,0,2,1370818,1370533,285
16403861,217.683,457.061,317,27740,0.61,0,2,1370890,1370573,317
16443281,194.972,404.929,313,29200,0.63,0,2,1370926,1370613,313
16446201,188.601,359.312,417,30660,0.71,0,2,1371070,1370653,417
16449121,175.526,324.398,421,33580,0.83,0,2,1371154,1370733,421
16452041,167.085,293.849,449,36500,0.91,0,2,1371262,1370813,449
16454961,156.699,266.118,461,26491,0.95,0,2,1371346,1370885,461
16457881,150.612,240.853,505,29411,0.97,0,2,1371454,1370949,505
16476861,154.682,153.012,881,41871,0.97,0,2,1372450,1371569,881
16476861,150.347,133.885,1001,41871,0.92,0,2,1372570,1371569,1001
16476861,146.553,117.15,1121,41871,0.96,0,2,1372690,1371569,1121
16481241,93.1663,158.256,792,7300,0.97,0,2,1373602,1372810,792
16481241,96.5205,138.474,912,8760,0.93,0,2,1373722,1372810,912
16481241,99.4554,121.165,1032,10220,0.97,0,2,1373842,1372810,1032
16485621,100.523,179.269,554,11680,0.94,0,2,1373950,1373396,554
16485621,101.458,156.86,662,13140,0.98,0,2,1374058,1373396,662
16519201,119.705,112.029,866,26280,0.93,0,2,1375030,1374164,866
16519201,121.242,98.0252,998,29200,0.99,0,2,1375162,1374164,998
16519201,119.587,85.7721,1106,30660,0.96,0,2,1375270,1374164,1106
16519201,119.638,75.0506,1226,29200,0.98,0,2,1375390,1374164,1226
16526501,86.9779,139.828,720,18980,0.96,0,2,1376302,1375582,720
16526501,91.1057,122.349,840,18980,0.9,0,2,1376422,1375582,840
16526501,94.7175,107.056,960,18980,0.85,0,2,1376542,1375582,960
16526501,102.378,93.6738,1116,18980,0.86,0,2,1376698,1375582,1116
16526501,100.081,81.9646,1200,20440,0.91,0,2,1376782,1375582,1200
16535261,127.077,187.471,865,16060,0.92,0,2,1378174,1377309,865
16535261,126.192,164.037,985,17520,0.97,0,2,1378294,1377309,985
16535261,118.797,56.3646,1909,29200,0.98,0,2,1379218,1377309,1909
16535261,118.947,49.3191,2029,30660,0.98,0,2,1379338,1377309,2029
16535261,119.079,43.1542,2149,1460,0.92,0,2,1379458,1377309,2149
16584901,108.643,121.369,1220,23360,0.99,0,2,1380790,1379570,1220
16584901,103.959,36.4906,2132,31924,0.94,0,2,1381702,1379570,2132
16584901,104.464,31.9292,2240,33384,0.78,0,2,1381810,1379570,2240
16584901,106.406,27.9381,2360,34316,0.68,0,2,1381930,1379570,2360
16584901,108.106,24.4458,2480,34316,0.71,0,2,1382050,1379570,2480
16587821,103.592,279.015,491,34316,0.7,0,2,1382122,1381631,491
16589281,101.143,252.888,505,34316,0.75,0,2,1382206,1381701,505
16592201,96.0004,230.027,495,34316,0.77,0,2,1382266,1381771,495
16603881,94.5004,210.024,509,34316,0.81,0,2,1382350,1381841,509
16606801,90.1878,192.521,499,34316,0.79,0,2,1382410,1381911,499
16622861,86.4144,177.206,489,34316,0.83,0,2,1382470,1381981,489
16625781,84.6126,163.805,491,34316,0.86,0,2,1382542,1382051,491
16627241,80.036,152.079,469,34316,0.93,0,2,1382590,1382121,469
16628701,82.0315,141.819,495,34316,0.99,0,2,1382686,1382191,495
16644761,136.713,131.2,827,31556,0.98,0,2,1383718,1382891,827
16644761,134.624,114.8,947,31556,0.87,0,2,1383838,1382891,947
16644761,132.796,100.45,1067,31556,0.89,0,2,1383958,1382891,1067
16644761,129.696,87.8934,1175,16060,0.99,0,2,1384066,1382891,1175
16653521,110.754,130.309,816,11680,0.93,0,2,1385074,1384258,816
16653521,119.409,114.021,996,13140,0.78,0,2,1385254,1384258,996
16653521,111.983,99.7682,1056,13140,0.76,0,2,1385314,1384258,1056
16653521,111.485,87.2972,1164,14600,0.89,0,2,1385422,1384258,1164
16653521,109.55,76.385,1260,16060,0.93,0,2,1385518,1384258,1260
16653521,106.356,66.8369,1344,17520,0.97,0,2,1385602,1384258,1344
16653521,100.561,58.4823,1404,18980,0.99,0,2,1385662,1384258,1404
16690021,97.8251,236.279,736,14600,0.93,0,2,1386790,1386054,736
16690021,100.597,206.744,856,16060,0.86,0,2,1386910,1386054,856
16690021,103.022,180.901,976,16060,0.83,0,2,1387030,1386054,976
16692941,114.145,224.789,636,16060,0.86,0,2,1387222,1386586,636
16695861,122.376,215.69,664,18980,0.87,0,2,1387402,1386738,664
16698781,131.079,210.729,680,21900,0.91,0,2,1387594,1386914,680
16701701,137.194,206.388,684,24820,0.91,0,2,1387774,1387090,684
16704621,139.545,202.589,664,27740,0.93,0,2,1387930,1387266,664
16707541,144.602,199.266,668,28005,0.93,0,2,1388110,1387442,668
16710461,147.527,196.357,660,28005,0.99,0,2,1388278,1387618,660
16723601,179.719,186.441,836,28005,0.97,0,2,1389334,1388498,836
16723601,172.254,163.136,956,28005,0.91,0,2,1389454,1388498,956
16723601,165.722,142.744,1076,28005,0.9,0,2,1389574,1388498,1076
16723601,160.007,124.901,1196,13140,0.91,0,2,1389694,1388498,1196
16723601,153.506,109.289,1304,10220,0.99,0,2,1389802,1388498,1304
16745501,123.799,43.5284,1980,5840,0.92,0,2,1392058,1390078,1980
16745501,123.324,38.0873,2100,7300,0.89,0,2,1392178,1390078,2100
16745501,122.909,33.3264,2220,8760,0.93,0,2,1392298,1390078,2220
16770321,135.782,175.856,796,5840,0.92,0,2,1393442,1392646,796
16770321,132.31,153.874,904,5840,0.86,0,2,1393550,1392646,904
16770321,129.271,134.64,1012,5840,0.76,0,2,1393658,1392646,1012
16773241,182.112,244.31,552,5840,0.75,0,2,1394210,1393658,552
16773241,223.848,213.771,1068,17520,0.99,0,2,1394726,1393658,1068
16779081,117.005,121.413,954,13140,0.96,0,2,1395854,1394900,954
16779081,120.379,106.236,1098,14600,0.99,0,2,1395998,1394900,1098
16779081,118.268,27.9482,2202,8760,0.94,0,2,1397102,1394900,2202
16779081,118.485,24.4547,2322,10220,0.93,0,2,1397222,1394900,2322
16779081,118.674,21.3978,2442,11680,0.97,0,2,1397342,1394900,2442
16779081,118.84,18.7231,2562,13140,0.99,0,2,1397462,1394900,2562
16834561,119.445,117.996,1679,1460,0.91,0,2,1400582,1398903,1679
16853541,121.57,36.4382,2221,8760,0.95,0,2,1403054,1400833,2221
16863761,125.068,111.929,1433,18980,0.96,0,2,1404038,1402605,1433
16863761,124.434,97.9376,1553,20440,0.9,0,2,1404158,1402605,1553
16863761,123.88,85.6954,1673,1460,0.86,0,2,1404278,1402605,1673
16903181,116.601,173.098,793,17520,0.96,0,2,1405324,1404531,793
16903181,115.526,151.461,901,17520,0.88,0,2,1405432,1404531,901
16903181,113.085,132.528,997,17520,0.8,0,2,1405528,1404531,997
16903181,110.95,115.962,1093,18980,0.73,0,2,1405624,1404531,1093
16903181,111.706,101.467,1210,20440,0.64,0,2,1405741,1404531,1210
16903181,107.118,88.7836,1285,1800,0.6,0,2,1405816,1404531,1285
16909361,140.228,228.936,447,1800,0.38,0,2,1406188,1405741,447
16912281,2229.32,2350.07,102,10949,0.03,0,1,1423041,1422939,102
16915201,1964.16,2068.31,114,13869,0.05,0,1,1423149,1423035,114
16918121,1733.64,1821.77,138,16789,0.11,0,1,1423269,1423131,138
16921041,1533.43,1606.05,174,19709,0.21,0,1,1423401,1423227,174
16923961,1358.25,1417.29,210,22629,0.33,0,2,1423533,1423323,210
16926881,1206.47,1252.13,258,25549,0.45,0,2,1423677,1423419,258
16929801,1075.16,1107.62,318,28469,0.61,0,2,1423833,1423515,318
16932721,954.268,979.914,340,31389,0.75,0,2,1423941,1423601,340
16935641,851.485,866.924,396,34309,0.91,0,2,1424073,1423677,396
16953161,379.415,329.956,996,31633,0.87,0,2,1425129,1424133,996
16953161,346.988,288.712,1116,31633,0.82,0,2,1425249,1424133,1116
16953161,318.615,252.623,1236,27740,0.99,0,2,1425369,1424133,1236
16961921,145.378,174.34,852,24820,0.94,0,2,1426317,1425465,852
16961921,142.206,152.547,972,24820,0.96,0,2,1426437,1425465,972
16961921,139.43,133.479,1092,24820,0.87,0,2,1426557,1425465,1092
16961921,134.001,116.794,1188,25849,0.92,0,2,1426653,1425465,1188
16961921,130.751,102.195,1296,25849,0.92,0,2,1426761,1425465,1296
16961921,121.907,89.4205,1356,24389,0.97,0,2,1426821,1425465,1356
16961921,121.014,20.5838,2664,17520,0.85,0,2,1428129,1425465,2664
16961921,111.887,18.0108,2712,17520,0.91,0,2,1428177,1425465,2712
16961921,112.901,15.7595,2832,17520,0.92,0,2,1428297,1425465,2832
16961921,153.327,6.18868,4104,20249,0.95,0,2,1429569,1425465,4104
16961921,155.161,5.4151,4272,1460,0.95,0,2,1429737,1425465,4272
17029081,116.082,114.797,1284,15905,0.96,0,2,1432509,1431225,1284
17029081,116.572,100.448,1404,17365,0.96,0,2,1432629,1431225,1404
17029081,117,87.8917,1524,18825,0.93,0,2,1432749,1431225,1524
17029081,117.014,23.1221,2688,11680,0.9,0,2,1433913,1431225,2688
17029081,117.387,20.2319,2808,13140,0.79,0,2,1434033,1431225,2808
17029081,116.214,17.7029,2916,13140,0.87,0,2,1434141,1431225,2916
17029081,116.687,15.49,3036,5840,0.81,0,2,1434261,1431225,3036
17029081,115.601,13.5538,3144,5840,0.81,0,2,1434369,1431225,3144
17029081,113.151,11.8596,3240,5840,0.75,0,2,1434465,1431225,3240
17029081,114.007,10.3771,3360,5840,0.65,0,2,1434585,1431225,3360
17029081,116.256,9.07997,3492,5840,0.65,0,2,1434717,1431225,3492
17100621,256.436,306.772,742,18784,0.95,0,2,1439441,1438699,742
17115221,246.55,274.248,734,18784,0.94,0,2,1440633,1439899,734
17118141,242.731,269.967,710,18784,0.95,0,2,1440849,1440139,710
17128361,236.324,220.12,986,21704,0.93,0,2,1442037,1441051,986
17153181,195.898,217.04,716,16383,0.91,0,2,1444497,1443781,716
17156101,201.411,225.91,668,16383,0.93,0,2,1444737,1444069,668
17173621,245.739,260.134,692,16383,0.96,0,2,1446489,1445797,692
17176541,261.522,263.618,776,19303,0.87,0,2,1446861,1446085,776
17179461,263.332,266.665,764,5840,0.83,0,2,1447137,1446373,764
17182381,255.915,265.707,709,5840,0.87,0,2,1447341,1446632,709
17194061,303.942,308.854,732,23338,0.98,0,2,1448877,1448145,732
17194061,216.902,121.286,1920,5840,0.82,0,2,1450065,1448145,1920
17194061,204.789,106.125,2040,7300,0.77,0,2,1450185,1448145,2040
17194061,192.69,92.8594,2148,8760,0.84,0,2,1450293,1448145,2148
17194061,182.104,81.2519,2256,10220,0.98,0,2,1450401,1448145,2256
17221801,178.788,160.048,1186,8760,0.96,0,2,1452393,1451207,1186
17240781,154.913,158.097,1032,13140,0.99,0,2,1453653,1452621,1032
17240781,149.049,138.335,1140,13140,0.99,0,2,1453761,1452621,1140
17240781,145.418,121.043,1260,13140,0.97,0,2,1453881,1452621,1260
17258301,136.301,173.391,912,8760,0.93,0,2,1456245,1455333,912
17258301,138.763,151.718,1068,10220,0.84,0,2,1456401,1455333,1068
17269981,131.918,211.753,520,10220,0.85,0,2,1456485,1455965,520
17272901,128.928,199.284,516,11680,0.93,0,2,1456593,1456077,516
17286041,191.435,200.201,808,24489,0.94,0,2,1458021,1457213,808
17286041,182.506,175.176,928,5840,0.94,0,2,1458141,1457213,928
17286041,175.568,153.279,1055,5840,0.91,0,2,1458268,1457213,1055
17286041,168.622,134.119,1175,5840,0.91,0,2,1458388,1457213,1175
17286041,165.544,117.354,1319,5840,0.91,0,2,1458532,1457213,1319
17286041,158.351,102.685,1427,5840,0.89,0,2,1458640,1457213,1427
17296261,168.557,221.724,612,1460,0.9,0,2,1458880,1458268,612
17299181,178.988,209.009,744,25353,0.9,0,2,1459132,1458388,744
17300641,183.614,215.133,702,25353,0.83,0,2,1459348,1458646,702
17300641,175.912,188.241,824,25353,0.77,0,2,1459470,1458646,824
17300641,170.423,164.711,956,25353,0.69,0,2,1459602,1458646,956
17300641,161.12,144.122,1052,25353,0.63,0,2,1459698,1458646,1052
17303561,163.48,198.482,653,25353,0.51,0,2,1459878,1459225,653
17306481,162.545,202.172,581,24946,0.47,0,2,1460034,1459453,581
17309401,161.727,205.4,509,24362,0.37,0,2,1460190,1459681,509
17312321,161.011,208.225,437,23624,0.35,0,2,1460346,1459909,437
17315241,161.885,210.697,377,22760,0.27,0,1,1460514,1460137,377
17318161,164.149,212.86,329,21819,0.19,0,1,1460694,1460365,329
17321081,164.631,214.752,269,20828,0.17,0,1,1460862,1460593,269
17324001,169.552,216.408,245,19786,0.06,0,1,1461066,1460821,245
17326921,168.483,217.857,178,18258,0.01,0,1,1461227,1461049,178
17329841,176.672,219.75,179,17206,0.01,0,1,1461461,1461282,179
17332761,183.588,222.031,173,16300,0,0,1,1461693,1461520,173
17335681,190.39,224.027,173,15492,0,0,1,1461931,1461758,173
17338601,203.216,225.774,228,11512,0.01,0,1,1462224,1461996,228
17341521,221.314,241.052,228,14113,0.03,0,1,1462572,1462344,228
17344441,237.15,254.421,228,13844,0,0,1,1462920,1462692,228
17347361,251.006,266.118,228,13609,0,0,1,1463268,1463040,228
17350281,263.63,276.353,232,13391,0.01,0,1,1463620,1463388,232
17352401,272.927,285.309,222,13207,0.01,0,1,1463958,1463736,222
17355321,647.561,628.896,458,12772,0.51,0,2,1467228,1466770,458
17356781,621.616,595.784,534,12772,0.71,0,2,1467668,1467134,534
17359701,569.914,544.061,560,12772,0.81,0,2,1467876,1467316,560
17362621,546.674,512.553,652,12159,0.91,0,2,1468260,1467608,652
17364081,527.34,484.984,752,12159,0.97,0,2,1468652,1467900,752
17375761,428.397,405.413,755,12373,0.99,0,2,1469796,1469041,755
17378681,406.348,393.986,693,12373,0.93,0,2,1470048,1469355,693
17390361,368.386,349.746,814,13620,0.96,0,2,1471332,1470518,814
17393281,352.338,337.528,802,13620,0.71,0,2,1471572,1470770,802
17393281,323.295,295.337,922,13620,0.7,0,2,1471692,1470770,922
17393281,299.384,258.42,1054,13620,0.82,0,2,1471824,1470770,1054
17393281,278.461,226.117,1186,13620,0.91,0,2,1471956,1470770,1186
17393281,254.153,197.852,1270,7300,0.93,0,2,1472040,1470770,1270
17393281,235.884,173.121,1378,8760,0.91,0,2,1472148,1470770,1378
17393281,225.898,151.481,1534,10220,0.89,0,2,1472304,1470770,1534
17393281,220.161,132.546,1714,11201,0.95,0,2,1472484,1470770,1714
17404961,201.641,264.227,600,11201,0.95,0,2,1472556,1471956,600
17407881,209.436,241.699,780,10949,0.99,0,2,1472820,1472040,780
17410801,232.756,261.987,772,11201,0.99,0,2,1473216,1472444,772
17425401,252.884,276.606,704,5840,0.99,0,2,1474608,1473904,704
17434161,309.053,324.851,732,19460,0.87,0,2,1475892,1475160,732
17437081,303.421,320.745,704,19976,0.74,0,2,1476156,1475452,704
17440001,302.994,317.152,712,19976,0.59,0,2,1476456,1475744,712
17442921,295.12,314.008,660,19976,0.55,0,2,1476696,1476036,660
17445841,283.73,311.257,572,19917,0.54,0,2,1476900,1476328,572
17448761,279.763,308.85,532,22438,0.62,0,2,1477152,1476620,532
17451681,278.043,306.743,506,21979,0.73,0,2,1477418,1476912,506
17454601,279.288,297.651,560,21520,0.79,0,2,1477706,1477146,560
17457521,277.377,289.694,590,21261,0.87,0,2,1477970,1477380,590
17460441,277.205,282.732,632,21101,0.99,0,2,1478246,1477614,632
17470661,276.656,262.566,812,21898,0.87,0,2,1479362,1478550,812
17470661,257.074,229.745,932,21898,0.91,0,2,1479482,1478550,932
17502781,215.315,233.929,737,18978,0.98,0,2,1482722,1481985,737
17531981,241.726,225.691,937,20928,0.97,0,2,1485626,1484689,937
17531981,226.51,197.479,1057,20928,0.93,0,2,1485746,1484689,1057
17531981,213.196,172.794,1177,20928,0.93,0,2,1485866,1484689,1177
17553881,201.143,222.352,835,16060,0.98,0,2,1488370,1487535,835
17556801,191.5,212.933,812,5840,0.87,0,2,1488494,1487682,812
17559721,200.563,223.067,782,5840,0.75,0,2,1488758,1487976,782
17562641,215.992,231.933,812,5840,0.59,0,2,1489082,1488270,812
17565561,226.493,263.942,624,20504,0.51,0,2,1489382,1488758,624
17568481,228.182,271.449,540,20194,0.55,0,2,1489622,1489082,540
17571401,232.659,275.018,504,19632,0.71,0,2,1489886,1489382,504
17591841,243.33,240.195,788,18934,0.82,0,2,1492418,1491630,788
17591841,227.914,210.171,908,18934,0.94,0,2,1492538,1491630,908
17613741,192.919,175.076,1063,20440,0.96,0,2,1495166,1494103,1063
17635641,145.41,214.601,720,13140,0.92,0,2,1497278,1496558,720
17638561,154.234,217.776,696,16060,0.96,0,2,1497494,1496798,696
17672141,138.298,232.565,788,13140,0.92,0,2,1500590,1499802,788
17672141,136.011,203.494,908,5840,0.75,0,2,1500710,1499802,908
17672141,134.009,178.058,1028,5840,0.68,0,2,1500830,1499802,1028
17675061,144.258,218.8,740,5840,0.48,0,2,1501046,1500306,740
17677981,142.726,215.45,680,5840,0.47,0,2,1501178,1500498,680
17680901,160.885,257.019,420,25330,0.37,0,2,1501466,1501046,420
17683821,157.274,248.892,360,28250,0.35,0,2,1501598,1501238,360
17686741,155.615,236.78,352,29046,0.43,0,2,1501742,1501390,352
17689661,158.663,226.183,380,27830,0.47,0,2,1501922,1501542,380
17692581,158.33,216.91,384,26887,0.61,0,2,1502078,1501694,384
17695501,161.039,208.796,412,26066,0.65,0,2,1502258,1501846,412
17698421,167.909,201.697,476,26959,0.81,0,2,1502474,1501998,476
17701341,170.921,195.485,516,26663,0.99,0,2,1502666,1502150,516
17713021,176.548,132.858,1060,26564,0.9,0,2,1503782,1502722,1060
17713021,164.98,116.251,1144,23644,0.99,0,2,1503866,1502722,1144
17718861,135.138,182.054,708,10220,0.99,0,2,1504850,1504142,708
17718861,133.246,159.297,828,10220,0.94,0,2,1504970,1504142,828
17718861,131.59,139.385,948,10220,0.93,0,2,1505090,1504142,948
17718861,128.642,121.962,1056,10220,0.96,0,2,1505198,1504142,1056
17718861,123.061,106.717,1140,10220,0.98,0,2,1505282,1504142,1140
17743681,129.384,93.8179,1544,16060,0.98,0,2,1507262,1505718,1544
17743681,128.211,82.0907,1664,17520,0.88,0,2,1507382,1505718,1664
17743681,127.184,71.8293,1784,18980,0.94,0,2,1507502,1505718,1784
17765581,117.337,157.553,1084,16060,0.99,0,2,1508714,1507630,1084
17765581,95.3338,31.7339,2159,7300,0.78,0,2,1509789,1507630,2159
17765581,98.4171,27.7672,2279,8760,0.75,0,2,1509909,1507630,2279
17765581,101.115,24.2963,2399,10220,0.82,0,2,1510029,1507630,2399
17765581,96.8506,21.2592,2466,10220,0.82,0,2,1510096,1507630,2466
17765581,95.2442,18.6018,2550,10220,0.8,0,2,1510180,1507630,2550
17765581,90.8387,16.2766,2610,11680,0.85,0,2,1510240,1507630,2610
17765581,86.9839,14.242,2670,13140,0.87,0,2,1510300,1507630,2670
17765581,94.1109,12.4618,2814,14600,0.83,0,2,1510444,1507630,2814
17765581,118.347,10.904,3102,16060,0.7,0,2,1510732,1507630,3102
17765581,112.554,9.54104,3174,17520,0.72,0,2,1510804,1507630,3174
17765581,108.984,8.34841,3258,18980,0.74,0,2,1510888,1507630,3258
17765581,108.861,7.30486,3366,20440,0.72,0,2,1510996,1507630,3366
17765581,121.629,6.39175,3577,21900,0.6,0,2,1511207,1507630,3577
17765581,115.425,5.59278,3649,23360,0.58,0,2,1511279,1507630,3649
17765581,105.497,4.89369,3685,24820,0.56,0,2,1511315,1507630,3685
17765581,101.31,4.28198,3757,26280,0.53,0,2,1511387,1507630,3757
17765581,95.5211,3.74673,3812,27740,0.5,0,2,1511442,1507630,3812
17805841,152.956,518.278,247,1460,0.13,0,1,1511997,1511750,247
17808761,899.086,1230.87,150,5840,0.15,0,1,1518119,1517969,150
17811681,810.701,1092.01,222,8760,0.39,0,2,1518311,1518089,222
17814601,727.363,969.009,258,11680,0.53,0,2,1518455,1518197,258
17817521,661.943,859.883,366,14600,0.77,0,2,1518659,1518293,366
17820441,597.2,764.397,414,17520,0.93,0,2,1518803,1518389,414
17835041,322.321,335.977,978,22670,0.85,0,2,1519847,1518869,978
17835041,295.531,293.98,1086,22670,0.84,0,2,1519955,1518869,1086
17835041,269.089,257.232,1170,16060,0.94,0,2,1520039,1518869,1170
17843801,163.571,180.148,970,16060,0.7,0,2,1521167,1520197,970
17843801,156.625,157.63,1078,16060,0.68,0,2,1521275,1520197,1078
17843801,149.047,137.926,1174,17520,0.79,0,2,1521371,1520197,1174
17843801,121.202,41.4686,2194,10220,0.97,0,2,1522391,1520197,2194
17843801,118.052,36.285,2290,11680,0.98,0,2,1522487,1520197,2290
17843801,116.795,31.7494,2398,11680,0.88,0,2,1522595,1520197,2398
17843801,112.696,27.7807,2482,13140,0.97,0,2,1522679,1520197,2482
17843801,115.223,8.35248,3538,22670,0.97,0,2,1523735,1520197,3538
17843801,113.281,2.19733,4654,10220,0.97,0,2,1524851,1520197,4654
17843801,114.121,1.92267,4774,11680,0.85,0,2,1524971,1520197,4774
17843801,113.356,1.68233,4882,13140,0.79,0,2,1525079,1520197,4882
17843801,112.686,1.47204,4990,14600,0.8,0,2,1525187,1520197,4990
17843801,107.601,1.28804,5062,14600,0.79,0,2,1525259,1520197,5062
17843801,104.651,1.12703,5146,16060,0.85,0,2,1525343,1520197,5146
17843801,102.069,0.986153,5230,17520,0.87,0,2,1525427,1520197,5230
17843801,102.811,0.862884,5338,18756,0.91,0,2,1525535,1520197,5338
17843801,101.959,0.755024,5434,18756,0.95,0,2,1525631,1520197,5434
17843801,112.16,0.227004,6526,18756,0.98,0,2,1526723,1520197,6526
17843801,107.14,0.198628,6598,18756,0.97,0,2,1526795,1520197,6598
17843801,124.42,0.017955,8693,18777,0.87,0,2,1528890,1520197,8693
17843801,120.868,0.0157106,8789,5840,0.66,0,2,1528986,1520197,8789
17843801,116.259,0.0137468,8873,5840,0.59,0,2,1529070,1520197,8873
17843801,116.727,0.0120285,8993,22670,0.48,0,2,1529190,1520197,8993
17843801,111.136,0.0105249,9065,21234,0.49,0,2,1529262,1520197,9065
17843801,103.244,0.00920929,9113,21234,0.51,0,2,1529310,1520197,9113
17843801,100.839,0.00805813,9197,21234,0.47,0,2,1529394,1520197,9197
17960601,106.234,1123.63,352,21234,0.39,0,2,1529538,1529186,352
17960601,106.455,983.178,460,22694,0.31,0,2,1529646,1529186,460
17960601,102.148,860.281,532,22694,0.29,0,1,1529718,1529186,532
17963521,104.379,790.621,349,22694,0.33,0,2,1529838,1529489,349
17966441,104.832,712.668,290,25614,0.27,0,1,1529946,1529656,290
17969361,109.728,640.085,302,27916,0.27,0,1,1530090,1529788,302
17972281,111.012,576.574,290,26899,0.3,0,2,1530210,1529920,290
17974321,111.26,521.002,271,25925,0.23,0,1,1530323,1530052,271
17990381,149.607,218.331,972,16060,0.88,0,2,1534367,1533395,972
17990381,145.906,191.039,1092,16060,0.92,0,2,1534487,1533395,1092
17990381,141.168,167.159,1200,16060,0.81,0,2,1534595,1533395,1200
17990381,135.522,146.264,1296,17520,0.79,0,2,1534691,1533395,1296
17990381,124.581,127.981,1344,18980,0.88,0,2,1534739,1533395,1344
17990381,119.509,111.984,1428,20440,0.93,0,2,1534823,1533395,1428
17990381,115.07,97.9858,1512,21900,0.95,0,2,1534907,1533395,1512
17990381,95.6564,17.269,2748,10220,0.95,0,2,1536143,1533395,2748
17990381,97.1993,15.1104,2856,11680,0.96,0,2,1536251,1533395,2856
17990381,97.0494,13.2216,2952,13140,0.98,0,2,1536347,1533395,2952
17990381,108.286,3.04349,4116,26280,0.97,0,2,1537511,1533395,4116
17990381,108.25,2.66306,4224,27740,0.84,0,2,1537619,1533395,4224
17990381,108.219,2.33018,4332,29200,0.95,0,2,1537727,1533395,4332
17990381,106.691,2.0389,4428,30660,0.97,0,2,1537823,1533395,4428
17990381,92.7746,0.314419,5520,7300,0.95,0,2,1538915,1533395,5520
18091121,83.3869,263.818,852,27740,0.99,0,2,1539959,1539107,852
18091121,87.9635,230.841,972,27740,0.81,0,2,1540079,1539107,972
18091121,90.4681,201.986,1080,29200,0.74,0,2,1540187,1539107,1080
18091121,92.6596,176.737,1188,30660,0.88,0,2,1540295,1539107,1188
18091121,81.7597,35.598,2100,5840,0.87,0,2,1541207,1539107,2100
18091121,85.0398,31.1482,2208,37072,0.78,0,2,1541315,1539107,2208
18132001,72.3509,83.8874,876,54592,0.93,0,2,1542263,1541387,876
18132001,75.307,73.4015,972,56052,0.84,0,2,1542359,1541387,972
18132001,74.8936,64.2263,1044,57512,0.65,0,2,1542431,1541387,1044
18132001,73.0319,56.198,1104,55480,0.64,0,2,1542491,1541387,1104
18132001,66.9029,49.1733,1128,54020,0.66,0,2,1542515,1541387,1128
18132001,60.0401,43.0266,1140,49640,0.69,0,2,1542527,1541387,1140
18132001,54.0351,37.6483,1152,48180,0.7,0,2,1542539,1541387,1152
18132001,48.7807,32.9422,1164,48180,0.71,0,2,1542551,1541387,1164
18132001,44.1831,28.8245,1176,48180,0.74,0,2,1542563,1541387,1176
18132001,40.1602,25.2214,1188,48180,0.75,0,2,1542575,1541387,1188
18132001,36.6402,22.0687,1200,48180,0.76,0,2,1542587,1541387,1200
18132001,33.5602,19.3101,1212,48180,0.79,0,2,1542599,1541387,1212
18132001,30.8651,16.8964,1224,48180,0.8,0,2,1542611,1541387,1224
18132001,28.507,14.7843,1236,48180,0.87,0,2,1542623,1541387,1236
18132001,26.4436,12.9363,1248,48180,0.88,0,2,1542635,1541387,1248
18132001,24.6382,11.3192,1260,48180,0.88,0,2,1542647,1541387,1260
18132001,23.0584,9.90434,1272,48180,0.89,0,2,1542659,1541387,1272
18132001,21.6761,8.6663,1284,48180,0.9,0,2,1542671,1541387,1284
18132001,21.9666,7.58301,1308,48180,0.91,0,2,1542695,1541387,1308
18132001,20.7208,6.63514,1320,48180,0.92,0,2,1542707,1541387,1320
18132001,19.6307,5.80574,1332,48180,0.93,0,2,1542719,1541387,1332
18132001,20.1768,5.08003,1356,48180,0.95,0,2,1542743,1541387,1356
18132001,19.1547,4.44502,1368,46720,0.94,0,2,1542755,1541387,1368
18216681,46.5094,22.3556,978,10949,0.87,0,2,1543889,1542911,978
18216681,51.1957,19.5612,1062,10949,0.89,0,2,1543973,1542911,1062
18242281,43.5934,5.95025,1920,7300,0.99,0,2,1546073,1544153,1920
18242281,51.6443,5.20647,2028,8760,0.86,0,2,1546181,1544153,2028
18242281,60.1887,4.55566,2148,10220,0.77,0,2,1546301,1544153,2148
18272601,66.1651,227.361,469,11680,0.77,0,2,1546409,1545940,469
18272601,68.3945,198.941,553,13140,0.85,0,2,1546493,1545940,553
18274061,67.3452,177.073,589,13140,0.94,0,2,1546553,1545964,589
18275521,63.427,156.439,613,14600,0.93,0,2,1546589,1545976,613
18276981,56.9987,138.384,613,16060,0.95,0,2,1546601,1545988,613
18295961,76.1347,29.7154,1209,40880,0.86,0,2,1547825,1546616,1209
18295961,80.1179,26.001,1317,42340,0.87,0,2,1547933,1546616,1317
18295961,85.1032,22.7508,1437,43800,0.94,0,2,1548053,1546616,1437
18295961,73.8694,4.00961,2337,1460,0.85,0,2,1548953,1546616,2337
18295961,79.6357,3.50841,2457,5840,0.74,0,2,1549073,1546616,2457
18295961,83.1813,3.06986,2565,7300,0.72,0,2,1549181,1546616,2565
18295961,80.7836,2.68613,2629,8760,0.83,0,2,1549245,1546616,2629
18295961,75.1857,2.35036,2665,10220,0.91,0,2,1549281,1546616,2665
18295961,70.2875,2.05657,2701,11680,0.92,0,2,1549317,1546616,2701
18323701,40.2334,177.5,613,36220,0.95,0,2,1549794,1549181,613
18328081,48.7042,163.312,657,36715,0.97,0,2,1549902,1549245,657
18331001,50.1162,147.398,681,36715,0.94,0,2,1549962,1549281,681
18347061,48.8517,133.474,685,36715,0.94,0,2,1550002,1549317,685
18349981,48.7452,119.789,709,36715,0.94,0,2,1550050,1549341,709
18354361,45.6521,107.816,709,36715,0.92,0,2,1550074,1549365,709
18357281,47.4456,101.839,709,36715,0.86,0,2,1550134,1549425,709
18357281,55.0149,89.1089,817,36715,0.86,0,2,1550242,1549425,817
18357281,52.638,77.9703,853,36715,0.92,0,2,1550278,1549425,853
18357281,47.5583,68.224,865,36715,0.9,0,2,1550290,1549425,865
18357281,43.1135,59.696,877,36715,0.9,0,2,1550302,1549425,877
18357281,43.3493,52.234,922,36715,0.91,0,2,1550347,1549425,922
18371601,246.806,317.58,418,1460,0.43,0,2,1552018,1551600,418
18380361,938.044,959.472,684,11680,0.92,0,2,1559910,1559226,684
18380361,834.288,839.538,792,14600,0.83,0,2,1560018,1559226,792
18380361,743.502,734.596,900,16060,0.84,0,2,1560126,1559226,900
18380361,661.064,642.772,984,17520,0.94,0,2,1560210,1559226,984
18397881,274.646,323.051,666,18980,0.96,0,2,1561194,1560528,666
18397881,253.815,282.67,774,10949,0.73,0,2,1561302,1560528,774
18397881,235.588,247.336,882,12409,0.74,0,2,1561410,1560528,882
18397881,219.64,216.419,990,13869,0.72,0,2,1561518,1560528,990
18397881,207.185,189.367,1110,13140,0.8,0,2,1561638,1560528,1110
18397881,190.287,165.696,1182,10220,0.89,0,2,1561710,1560528,1182
18411021,157.118,145.596,888,8760,0.95,0,2,1562946,1562058,888
18411021,150.979,127.396,996,10220,0.79,0,2,1563054,1562058,996
18411021,145.606,111.472,1104,11680,0.7,0,2,1563162,1562058,1104
18419781,155.905,195.038,552,1460,0.71,0,2,1563390,1562838,552
18419781,151.417,170.658,672,5840,0.73,0,2,1563510,1562838,672
18419781,142.99,149.326,756,7300,0.75,0,2,1563594,1562838,756
18419781,131.116,130.66,804,8760,0.75,0,2,1563642,1562838,804
18419781,126.727,114.328,900,10220,0.73,0,2,1563738,1562838,900
18427081,127.386,169.037,480,10220,0.65,0,2,1563870,1563390,480
18427081,123.463,147.907,576,11680,0.61,0,2,1563966,1563390,576
18427081,124.53,129.419,708,11680,0.65,0,2,1564098,1563390,708
18430001,125.464,149.616,549,11680,0.67,0,2,1564230,1563681,549
18432921,127.781,151.664,527,14600,0.61,0,2,1564374,1563847,527
18435841,131.308,153.456,517,17520,0.63,0,2,1564530,1564013,517
18438761,134.395,155.024,507,20440,0.67,0,2,1564686,1564179,507
18441681,138.595,156.396,509,23360,0.65,0,2,1564854,1564345,509
18444601,142.271,157.597,511,24482,0.63,0,2,1565022,1564511,511
18447521,145.487,158.647,513,24285,0.69,0,2,1565190,1564677,513
18450441,148.301,159.566,515,24117,0.77,0,2,1565358,1564843,515
18453361,150.763,160.37,517,23976,0.83,0,2,1565526,1565009,517
18456281,157.418,161.074,555,23864,0.97,0,2,1565730,1565175,555
18462121,174.148,162.229,679,23864,0.99,0,2,1566186,1565507,679
18465041,176.38,162.7,705,23864,0.97,0,2,1566378,1565673,705
18467961,176.832,163.113,719,23864,0.91,0,2,1566558,1565839,719
18470881,178.728,163.473,745,23864,0.91,0,2,1566750,1566005,745
18473801,175.887,163.789,735,23864,0.83,0,2,1566906,1566171,735
18476721,170.401,164.066,701,23864,0.73,0,2,1567038,1566337,701
18479641,167.101,164.307,679,23864,0.65,0,2,1567182,1566503,679
18482561,167.213,164.519,681,23905,0.59,0,2,1567350,1566669,681
18485481,161.312,164.704,635,24701,0.59,0,2,1567470,1566835,635
18488401,151.648,164.866,553,26441,0.57,0,2,1567554,1567001,553
18491321,146.192,165.008,495,28056,0.57,0,2,1567662,1567167,495
18494241,147.418,165.132,485,28056,0.55,0,2,1567818,1567333,485
18497161,146.991,164.74,467,28056,0.63,0,2,1567962,1567495,467
18500081,145.117,161.398,461,28309,0.7,0,2,1568094,1567633,461
18503001,146.477,157.723,485,28309,0.79,0,2,1568250,1567765,485
18505921,146.168,154.508,497,28309,0.87,0,2,1568394,1567897,497
18521981,168.672,140.063,828,31226,0.9,0,2,1569498,1568670,828
18521981,161.088,122.555,936,28306,0.88,0,2,1569606,1568670,936
18521981,154.452,107.236,1044,28306,0.88,0,2,1569714,1568670,1044
18521981,143.521,93.8313,1111,18980,0.92,0,2,1569781,1568670,1111
18521981,136.081,82.1024,1195,17520,0.93,0,2,1569865,1568670,1195
18521981,126.571,71.8396,1255,14600,0.97,0,2,1569925,1568670,1255
18521981,121.249,62.8596,1339,16060,0.93,0,2,1570009,1568670,1339
18521981,115.093,55.0022,1411,16060,0.93,0,2,1570081,1568670,1411
18521981,115.706,48.1269,1531,17520,0.99,0,2,1570201,1568670,1531
18526361,110.713,159.41,612,5840,0.99,0,2,1570393,1569781,612
18546801,97.8877,67.1332,1044,16060,0.92,0,2,1571305,1570261,1044
18546801,97.6517,58.7416,1140,16060,0.89,0,2,1571401,1570261,1140
18546801,97.4452,51.3989,1236,16060,0.87,0,2,1571497,1570261,1236
18546801,97.2646,44.974,1332,17520,0.94,0,2,1571593,1570261,1332
18546801,97.1065,39.3523,1428,18980,0.91,0,2,1571689,1570261,1428
18546801,92.4682,34.4332,1488,13140,0.97,0,2,1571749,1570261,1488
18546801,89.9097,30.1291,1560,13140,0.95,0,2,1571821,1570261,1560
18546801,86.171,26.3629,1620,13140,0.99,0,2,1571881,1570261,1620
18546801,87.3996,23.0676,1716,13140,0.99,0,2,1571977,1570261,1716
18546801,82.4746,20.1841,1764,13140,0.99,0,2,1572025,1570261,1764
18570161,97.5258,170.285,744,13140,0.97,0,2,1572637,1571893,744
18571621,100.335,168.499,708,16060,0.95,0,2,1572757,1572049,708
18571621,95.2932,147.437,768,17520,0.99,0,2,1572817,1572049,768
18571621,91.5214,112.881,924,17520,0.99,0,2,1572973,1572049,924
18571621,89.0812,98.7713,996,17520,0.95,0,2,1573045,1572049,996
18571621,86.946,86.4249,1068,17520,0.95,0,2,1573117,1572049,1068
18571621,85.0778,75.6218,1140,17520,0.88,0,2,1573189,1572049,1140
18571621,81.9431,66.1691,1200,17520,0.82,0,2,1573249,1572049,1200
18574541,92.7002,138.398,724,17520,0.68,0,2,1573417,1572693,724
18577461,102.113,140.598,736,20440,0.54,0,2,1573585,1572849,736
18580381,102.974,142.523,689,23360,0.41,0,2,1573694,1573005,689
18580641,119.852,144.208,771,26280,0.47,0,2,1573932,1573161,771
18583561,124.87,195.432,377,26540,0.57,0,2,1574092,1573715,377
18586481,127.262,186.503,397,29386,0.63,0,2,1574236,1573839,397
18589401,130.854,178.69,429,29386,0.65,0,2,1574392,1573963,429
18592321,133.997,171.854,461,29386,0.79,0,2,1574548,1574087,461
18595241,135.248,165.872,481,29386,0.89,0,2,1574692,1574211,481
18611301,165.454,142.792,853,5840,0.94,0,2,1575808,1574955,853
18611301,158.272,124.943,961,5840,0.83,0,2,1575916,1574955,961
18611301,151.988,109.325,1069,5840,0.82,0,2,1576024,1574955,1069
18611301,146.489,95.6595,1177,5840,0.86,0,2,1576132,1574955,1177
18614221,189.678,217.327,600,5840,0.87,0,2,1576624,1576024,600
18615681,179.468,203.661,600,5840,0.93,0,2,1576732,1576132,600
18620061,170.44,149.554,900,28600,0.98,0,2,1577632,1576732,900
18620061,164.135,130.86,1020,30060,0.9,0,2,1577752,1576732,1020
18620061,155.618,114.502,1116,1460,0.87,0,2,1577848,1576732,1116
18620061,146.666,100.189,1200,5840,0.89,0,2,1577932,1576732,1200
18620061,135.833,87.6657,1260,7300,0.88,0,2,1577992,1576732,1260
18620061,129.354,76.7075,1344,8760,0.93,0,2,1578076,1576732,1344
18620061,116.184,67.119,1368,10220,0.92,0,2,1578100,1576732,1368
18620061,109.161,58.7291,1428,11680,0.93,0,2,1578160,1576732,1428
18620061,100.016,51.388,1464,13140,0.91,0,2,1578196,1576732,1464
18620061,95.0142,44.9645,1524,14600,0.93,0,2,1578256,1576732,1524
18620061,92.1374,39.3439,1596,16060,0.85,0,2,1578328,1576732,1596
18620061,86.6202,34.4259,1644,17520,0.89,0,2,1578376,1576732,1644
18631741,83.2927,169.248,591,18980,0.91,0,2,1578436,1577845,591
18631741,78.8811,148.092,639,20440,0.91,0,2,1578484,1577845,639
18646341,78.021,147.08,571,20440,0.97,0,2,1578556,1577985,571
18672621,74.4907,97.8852,867,18980,0.98,0,2,1581448,1580581,867
18672621,87.6794,85.6495,1047,20440,0.81,0,2,1581628,1580581,1047
18672621,81.2195,74.9433,1083,21900,0.84,0,2,1581664,1580581,1083
18672621,84.567,65.5754,1191,23360,0.83,0,2,1581772,1580581,1191
18672621,85.9962,57.3785,1287,24820,0.95,0,2,1581868,1580581,1287
18672621,79.7466,50.2062,1323,26280,0.95,0,2,1581904,1580581,1323
18675541,109.408,221.47,740,13140,0.97,0,2,1582972,1582232,740
18675541,115.49,50.9804,2012,7300,0.89,0,2,1584244,1582232,2012
18675541,114.553,44.6079,2120,8760,0.88,0,2,1584352,1582232,2120
18691601,113.734,256.532,488,10220,0.88,0,2,1584460,1583972,488
18748541,123.248,143.027,804,23360,0.85,0,2,1585372,1584568,804
18748541,121.342,125.149,912,26280,0.84,0,2,1585480,1584568,912
18748541,130.175,109.505,1104,27740,0.72,0,2,1585672,1584568,1104
18748541,116.903,95.8172,1128,29200,0.8,0,2,1585696,1584568,1128
18748541,111.29,83.84,1200,21900,0.77,0,2,1585768,1584568,1200
18748541,109.379,73.36,1296,14600,0.73,0,2,1585864,1584568,1296
18748541,98.7064,64.19,1320,16060,0.79,0,2,1585888,1584568,1320
18748541,89.3681,56.1663,1344,17520,0.81,0,2,1585912,1584568,1344
18748541,81.1971,49.1455,1368,18980,0.83,0,2,1585936,1584568,1368
18748541,78.5474,43.0023,1428,20440,0.95,0,2,1585996,1584568,1428
18748541,71.729,37.627,1452,21900,0.97,0,2,1586020,1584568,1452
18790881,79.5792,68.6471,792,5840,0.95,0,2,1587028,1586236,792
18790881,83.1318,60.0662,900,5840,0.91,0,2,1587136,1586236,900
18795261,74.8885,15.6923,1966,13140,0.98,0,2,1589848,1587882,1966
18795261,71.8257,10.5126,2158,17520,0.99,0,2,1590040,1587882,2158
18795261,81.2931,1.4185,3286,36500,0.99,0,2,1591168,1587882,3286
18795261,81.2104,0.249997,4336,18980,0.93,0,2,1592218,1587882,4336
18795261,86.0591,0.218748,4456,20440,0.78,0,2,1592338,1587882,4456
18795261,88.8017,0.191404,4564,21900,0.77,0,2,1592446,1587882,4564
18795261,91.2015,0.167479,4672,21900,0.79,0,2,1592554,1587882,4672
18795261,97.8013,0.146544,4816,21900,0.87,0,2,1592698,1587882,4816
18795261,100.576,0.128226,4936,23360,0.93,0,2,1592818,1587882,4936
18795261,98.5041,0.112198,5020,24820,0.99,0,2,1592902,1587882,5020
18795261,125.968,0.0440595,6088,35040,0.94,0,2,1593970,1587882,6088
18795261,123.722,0.0385521,6196,36500,0.8,0,2,1594078,1587882,6196
18795261,120.256,0.0337331,6292,37960,0.75,0,2,1594174,1587882,6292
18795261,117.224,0.0295165,6388,39420,0.85,0,2,1594270,1587882,6388
18795261,110.071,0.0258269,6448,40880,0.88,0,2,1594330,1587882,6448
18795261,108.312,0.0225985,6544,42340,0.98,0,2,1594426,1587882,6544
18795261,73.0922,0.00887435,6909,43474,0.99,0,2,1594791,1587882,6909
18927381,111.852,101.505,1920,8760,0.94,0,2,1598193,1596273,1920
18927381,111.37,88.8169,2028,10220,0.93,0,2,1598301,1596273,2028
18930301,110.949,265.715,632,11680,0.96,0,2,1598409,1597777,632
18960961,124.652,154.764,858,21900,0.98,0,2,1599321,1598463,858
18960961,122.57,135.418,966,24820,0.97,0,2,1599429,1598463,966
18960961,120.749,118.491,1074,26280,0.98,0,2,1599537,1598463,1074
18965341,74.4317,133.401,924,7300,0.95,0,2,1600641,1599717,924
18965341,80.1277,116.726,1044,8760,0.64,0,2,1600761,1599717,1044
18965341,85.1118,102.135,1164,10220,0.72,0,2,1600881,1599717,1164
18965341,84.9728,89.3685,1248,11680,0.82,0,2,1600965,1599717,1248
18965341,84.8512,78.1974,1332,13140,0.93,0,2,1601049,1599717,1332
18965341,78.7448,68.4227,1368,14600,0.96,0,2,1601085,1599717,1368
19009141,69.021,65.0627,821,36500,0.91,0,2,1601925,1601104,821
19009141,73.8933,56.9299,929,37960,0.72,0,2,1602033,1601104,929
19009141,76.6567,49.8137,1025,39420,0.74,0,2,1602129,1601104,1025
19009141,71.5746,43.587,1061,40880,0.77,0,2,1602165,1601104,1061
19009141,68.6278,38.1386,1109,42340,0.86,0,2,1602213,1601104,1109
19009141,66.0493,33.3713,1157,43800,0.96,0,2,1602261,1601104,1157
19009141,41.6338,2.30958,2009,11680,0.84,0,2,1603113,1601104,2009
19009141,49.9295,2.02089,2117,13140,0.73,0,2,1603221,1601104,2117
19009141,55.6883,1.76827,2213,14600,0.71,0,2,1603317,1601104,2213
19009141,59.3523,1.54724,2298,16060,0.71,0,2,1603402,1601104,2298
19038341,53.4333,224.854,522,16240,0.73,0,2,1603414,1602892,522
19038341,52.7541,196.747,570,17700,0.81,0,2,1603462,1602892,570
19038341,49.1598,172.154,594,17700,0.83,0,2,1603486,1602892,594
19038341,50.5149,150.635,654,17700,0.79,0,2,1603546,1602892,654
19038341,53.2005,131.805,726,19160,0.79,0,2,1603618,1602892,726
19038341,58.5504,115.33,822,20620,0.73,0,2,1603714,1602892,822
19038341,63.2316,100.913,918,22080,0.71,0,2,1603810,1602892,918
19038341,68.8277,88.2992,1026,23540,0.75,0,2,1603918,1602892,1026
19038341,61.7242,77.2618,1038,25000,0.77,0,2,1603930,1602892,1038
19038341,55.5087,67.6041,1050,26460,0.81,0,2,1603942,1602892,1050
19038341,53.0701,59.1536,1086,27920,0.83,0,2,1603978,1602892,1086
19038341,50.9363,51.7594,1122,29380,0.93,0,2,1604014,1602892,1122
19038341,46.0693,45.2894,1134,30840,0.93,0,2,1604026,1602892,1134
19038341,46.3106,39.6283,1182,32300,0.95,0,2,1604074,1602892,1182
19038341,50.8316,30.3404,1314,35220,0.99,0,2,1604206,1602892,1314
19038341,54.9776,26.5478,1398,36680,0.91,0,2,1604290,1602892,1398
19038341,64.6054,23.2294,1530,38140,0.88,0,2,1604422,1602892,1530
19038341,59.5298,20.3257,1554,39600,0.88,0,2,1604446,1602892,1554
19038341,56.5885,17.785,1590,41060,0.86,0,2,1604482,1602892,1590
19038341,55.515,15.5619,1638,1460,0.88,0,2,1604530,1602892,1638
19038341,60.5756,13.6166,1734,5840,0.86,0,2,1604626,1602892,1734
19088161,106.254,211.54,563,7300,0.61,0,2,1605052,1604489,563
19088161,100.472,185.097,623,8760,0.56,0,2,1605112,1604489,623
19091081,294.913,436.46,83,8760,0.11,0,1,1606768,1606685,83
19094001,264.049,384.902,107,11680,0.23,0,1,1606816,1606709,107
19096921,235.543,339.79,119,14600,0.35,0,2,1606852,1606733,119
19099841,213.6,301.691,144,17520,0.49,0,2,1606912,1606768,144
19102761,192.9,266.23,174,20440,0.59,0,2,1606960,1606786,174
19105681,179.287,236.701,228,23360,0.75,0,2,1607044,1606816,228
19108601,162.876,209.363,258,26280,0.85,0,2,1607092,1606834,258
19111521,148.517,185.443,288,29200,0.97,0,2,1607140,1606852,288
19145101,62.0877,120.042,1068,11680,0.81,0,2,1609300,1608232,1068
19145101,67.8268,105.037,1176,13140,0.8,0,2,1609408,1608232,1176
19145101,71.3484,91.9072,1272,14600,0.88,0,2,1609504,1608232,1272
19145101,74.4299,80.4188,1368,16060,0.95,0,2,1609600,1608232,1368
19203501,80.1908,79.1743,984,36500,0.97,0,2,1610680,1609696,984
19203501,78.8135,5.47956,2268,5840,0.93,0,2,1611964,1609696,2268
19203501,82.4618,4.79461,2376,7300,0.81,0,2,1612072,1609696,2376
19203501,85.6541,4.19529,2484,8760,0.84,0,2,1612180,1609696,2484
19203501,86.9473,3.67087,2580,10220,0.92,0,2,1612276,1609696,2580
19207881,107.835,140.023,1152,18980,0.98,0,2,1612996,1611844,1152
19207881,107.856,122.52,1260,20440,0.98,0,2,1613104,1611844,1260
19207881,104.874,107.205,1344,21900,0.92,0,2,1613188,1611844,1344
19207881,103.764,93.8045,1440,23360,0.8,0,2,1613284,1611844,1440
19207881,104.294,82.0789,1548,24820,0.77,0,2,1613392,1611844,1548
19207881,101.757,71.819,1632,26280,0.8,0,2,1613476,1611844,1632
19207881,98.0375,62.8417,1704,27740,0.85,0,2,1613548,1611844,1704
19207881,90.2828,54.9864,1740,29200,0.81,0,2,1613584,1611844,1740
19207881,92.4974,48.1131,1848,30660,0.83,0,2,1613692,1611844,1848
19207881,88.4353,42.099,1908,32120,0.89,0,2,1613752,1611844,1908
19207881,89.3808,36.8366,2004,33580,0.89,0,2,1613848,1611844,2004
19207881,90.2082,32.232,2100,35040,0.91,0,2,1613944,1611844,2100
19207881,89.4322,28.203,2184,36500,0.97,0,2,1614028,1611844,2184
19207881,74.6214,8.47946,2820,16060,0.98,0,2,1614664,1611844,2820
19251681,66.3967,254.368,696,20440,0.94,0,2,1614808,1614112,696
19251681,70.0971,222.572,792,21900,0.94,0,2,1614904,1614112,792
19251681,71.835,194.751,876,21900,0.92,0,2,1614988,1614112,876
19251681,74.8556,170.407,972,21900,0.86,0,2,1615084,1614112,972
19251681,74.4987,149.106,1044,21900,0.88,0,2,1615156,1614112,1044
19251681,71.1863,130.468,1092,21900,0.85,0,2,1615204,1614112,1092
19251681,68.288,114.159,1140,21900,0.91,0,2,1615252,1614112,1140
19251681,64.252,99.8893,1176,21900,0.93,0,2,1615288,1614112,1176
19251681,62.2205,87.4031,1224,23360,0.93,0,2,1615336,1614112,1224
19251681,63.443,76.4777,1296,24820,0.95,0,2,1615408,1614112,1296
19251681,61.5126,66.918,1344,26280,0.95,0,2,1615456,1614112,1344
19251681,56.8235,58.5533,1368,27740,0.97,0,2,1615480,1614112,1368
19251681,57.2206,51.2341,1428,29200,0.97,0,2,1615540,1614112,1428
19251681,87.6845,39.2261,1824,32120,0.97,0,2,1615936,1614112,1824
19251681,79.7239,34.3229,1848,33580,0.95,0,2,1615960,1614112,1848
19251681,75.7585,30.0325,1896,35040,0.93,0,2,1616008,1614112,1896
19251681,72.2886,26.2784,1944,36500,0.99,0,2,1616056,1614112,1944
19251681,69.2526,22.9936,1992,36824,0.97,0,2,1616104,1614112,1992
19251681,63.596,20.1194,2016,36824,0.97,0,2,1616128,1614112,2016
19251681,61.6465,17.6045,2064,36824,0.97,0,2,1616176,1614112,2064
19251681,62.9121,1.8187,3048,21900,0.89,0,2,1617160,1614112,3048
19251681,67.048,1.59136,3144,23360,0.81,0,2,1617256,1614112,3144
19251681,70.667,1.39244,3240,24820,0.76,0,2,1617352,1614112,3240
19251681,72.3337,1.21839,3324,5840,0.7,0,2,1617436,1614112,3324
19251681,70.792,1.06609,3384,5840,0.68,0,2,1617496,1614112,3384
19251681,70.943,0.932826,3456,5840,0.68,0,2,1617568,1614112,3456
19251681,68.0751,0.816223,3504,5840,0.67,0,2,1617616,1614112,3504
19251681,62.5657,0.714195,3528,5840,0.65,0,2,1617640,1614112,3528
19251681,60.745,0.624921,3576,5840,0.61,0,2,1617688,1614112,3576
19251681,65.1519,0.546806,3672,5840,0.49,0,2,1617784,1614112,3672
19330521,321.383,711.478,99,36824,0.13,0,1,1619899,1619800,99
19336361,287.21,627.544,107,38284,0.17,0,1,1619947,1619840,107
19339281,267.809,554.101,199,39744,0.23,0,1,1620079,1619880,199
19342201,246.333,494.838,215,42664,0.29,0,1,1620175,1619960,215
19345121,227.541,442.983,231,43873,0.33,0,2,1620271,1620040,231
19348041,214.098,397.61,271,41391,0.41,0,2,1620391,1620120,271
19350961,200.836,357.909,299,39566,0.49,0,2,1620499,1620200,299
19353881,189.232,323.17,327,38252,0.55,0,2,1620607,1620280,327
19356801,176.078,292.774,331,37303,0.57,0,2,1620691,1620360,331
19359721,170.568,266.177,383,36573,0.65,0,2,1620823,1620440,383
19362641,161.247,242.905,399,36354,0.71,0,2,1620919,1620520,399
19365561,154.591,222.542,427,36354,0.81,0,2,1621027,1620600,427
19368481,150.267,204.724,467,36354,0.91,0,2,1621147,1620680,467
19371401,143.484,189.134,483,36354,0.91,0,2,1621243,1620760,483
19374321,140.548,175.492,523,39274,0.99,0,2,1621363,1620840,523
19394761,121.252,100.296,875,36354,0.98,0,2,1622251,1621376,875
19394761,118.096,87.7593,971,36354,0.95,0,2,1622347,1621376,971
19394761,115.334,76.7894,1067,36354,0.93,0,2,1622443,1621376,1067
19394761,112.917,67.1907,1163,30660,0.9,0,2,1622539,1621376,1163
19394761,110.803,58.7918,1259,30660,0.99,0,2,1622635,1621376,1259
19394761,101.452,51.4429,1295,27740,0.99,0,2,1622671,1621376,1295
19407901,71.0113,82.422,840,29296,0.91,0,2,1623595,1622755,840
19407901,72.6348,72.1192,924,29296,0.92,0,2,1623679,1622755,924
19407901,75.5555,63.1043,1020,29745,0.9,0,2,1623775,1622755,1020
19407901,78.1111,55.2163,1116,29745,0.84,0,2,1623871,1622755,1116
19407901,80.3472,48.3143,1212,28285,0.88,0,2,1623967,1622755,1212
19407901,79.3038,42.275,1284,25365,0.95,0,2,1624039,1622755,1284
19407901,72.3908,36.9906,1308,26825,0.93,0,2,1624063,1622755,1308
19407901,67.4242,28.3209,1416,28285,0.99,0,2,1624171,1622755,1416
19477981,71.3605,137.666,852,24820,0.97,0,2,1626607,1625755,852
19477981,74.4404,120.458,948,26280,0.9,0,2,1626703,1625755,948
19477981,77.1354,105.401,1044,27740,0.96,0,2,1626799,1625755,1044
19477981,76.4935,92.2255,1116,21900,0.95,0,2,1626871,1625755,1116
19477981,71.3459,14.2221,2088,7300,0.97,0,2,1627843,1625755,2088
19477981,74.4277,12.4443,2184,8760,0.87,0,2,1627939,1625755,2184
19477981,77.1242,10.8888,2280,10220,0.81,0,2,1628035,1625755,2280
19499881,79.4837,245.153,491,11680,0.82,0,2,1628131,1627640,491
19499881,80.0482,214.509,575,13140,0.87,0,2,1628215,1627640,575
19504261,82.0422,195.945,605,13140,0.88,0,2,1628311,1627706,605
19504261,80.7869,171.452,677,14600,0.97,0,2,1628383,1627706,677
19518861,73.6886,158.27,635,14600,0.93,0,2,1628407,1627772,635
19520321,67.4775,147.362,588,16060,0.97,0,2,1628431,1627843,588
19526161,75.5796,130.408,576,20440,0.99,0,2,1628707,1628131,576
19549521,85.9529,76.1099,840,41888,0.97,0,2,1629547,1628707,840
19549521,87.2088,66.5962,936,41888,0.88,0,2,1629643,1628707,936
19549521,88.3077,58.2716,1032,41888,0.8,0,2,1629739,1628707,1032
19549521,90.7692,50.9877,1140,36500,0.76,0,2,1629847,1628707,1140
19549521,89.9231,44.6142,1224,32120,0.85,0,2,1629931,1628707,1224
19549521,83.1827,39.0374,1260,24820,0.86,0,2,1629967,1628707,1260
19549521,83.2849,34.1578,1344,18980,0.91,0,2,1630051,1628707,1344
19549521,77.3743,29.888,1380,20440,0.95,0,2,1630087,1628707,1380
19549521,70.7025,26.152,1404,21900,0.97,0,2,1630111,1628707,1404
19549521,69.3647,22.883,1464,23360,0.95,0,2,1630171,1628707,1464
19549521,65.1941,20.0227,1500,24820,0.95,0,2,1630207,1628707,1500
19549521,63.0448,17.5198,1548,26280,0.97,0,2,1630255,1628707,1548
19552441,61.1642,144.33,564,27740,0.99,0,2,1630303,1629739,564
19553901,64.0187,139.789,540,27740,0.99,0,2,1630387,1629847,540
19564121,54.6255,82.2451,612,27740,0.99,0,2,1630675,1630063,612
19565581,52.2973,76.0895,615,27740,0.97,0,2,1630711,1630096,615
19567041,51.7601,70.7033,630,27740,0.93,0,2,1630759,1630129,630
19569961,48.2901,65.9904,621,27740,0.91,0,2,1630783,1630162,621
19571421,46.7538,61.8666,624,27740,0.89,0,2,1630819,1630195,624
19572881,48.4096,58.2583,651,27740,0.81,0,2,1630879,1630228,651
19574341,43.8584,55.101,630,27740,0.81,0,2,1630891,1630261,630
19575801,44.3761,52.3384,645,27740,0.75,0,2,1630939,1630294,645
19590401,43.3291,49.9211,648,5840,0.71,0,2,1630975,1630327,648
19593321,46.913,47.8059,687,5840,0.61,0,2,1631047,1630360,687
19596241,50.0488,50.0802,693,5840,0.53,0,2,1631119,1630426,693
19599161,52.7927,52.0702,699,5840,0.47,0,2,1631191,1630492,699
19602081,53.6936,53.8114,693,5840,0.41,0,2,1631251,1630558,693
19605001,54.4819,55.335,687,5840,0.33,0,2,1631311,1630624,687
19607921,53.6717,56.6681,669,5840,0.31,0,2,1631359,1630690,669
19610841,49.9627,58.2096,624,5840,0.27,0,1,1631383,1630759,624
19613761,48.2174,59.1834,594,5840,0.29,0,1,1631419,1630825,594
19616681,66.1902,62.6605,699,5840,0.25,0,1,1631611,1630912,699
19619601,68.4164,118.203,276,44808,0.31,0,2,1631695,1631419,276
19622521,80.8644,127.428,252,47728,0.37,0,2,1631863,1631611,252
19625441,82.7563,119.999,280,50648,0.43,0,2,1631959,1631679,280
19628361,81.4118,113.499,284,52212,0.47,0,2,1632031,1631747,284
19631281,83.2353,107.812,312,49570,0.53,0,2,1632127,1631815,312
19634201,86.3309,102.835,352,47610,0.57,0,2,1632235,1631883,352
19637121,81.5395,98.4809,332,46246,0.55,0,2,1632283,1631951,332
19640041,83.3471,94.6708,360,44883,0.61,0,2,1632379,1632019,360
19642961,84.9287,91.337,388,43945,0.67,0,2,1632475,1632087,388
19645881,81.8126,88.4198,380,43434,0.71,0,2,1632535,1632155,380
19648801,83.586,85.8674,408,42923,0.77,0,2,1632631,1632223,408
19651721,86.6378,83.6339,448,45672,0.81,0,2,1632739,1632291,448
19654641,84.8081,81.6797,452,45672,0.85,0,2,1632811,1632359,452
19657561,84.7071,79.9697,468,45672,0.91,0,2,1632895,1632427,468
19660481,87.6187,78.4735,508,45672,0.98,0,2,1633003,1632495,508
19663401,85.6663,77.1643,512,45672,0.96,0,2,1633075,1632563,512
19666321,85.458,76.0188,528,45672,0.94,0,2,1633159,1632631,528
19669241,86.7758,74.1414,563,45672,0.96,0,2,1633255,1632692,563
19672161,83.4288,71.6238,569,45672,0.96,0,2,1633315,1632746,569
19675081,83.5002,69.4208,599,45672,0.92,0,2,1633399,1632800,599
19678001,82.0627,67.4932,617,45672,0.96,0,2,1633471,1632854,617
19679921,81.3049,65.8065,639,45672,0.95,0,2,1633547,1632908,639
19682841,1154.02,1209.33,88,45672,0,0,1,1642210,1642122,88
19685761,1018.51,1066.66,90,45672,0.07,0,1,1642280,1642190,90
19688681,901.825,940.956,114,45672,0.13,0,1,1642365,1642251,114
19691601,796.597,830.087,120,43030,0.19,0,1,1642425,1642305,120
19694521,709.023,733.076,162,40133,0.25,0,1,1642521,1642359,162
19697441,629.395,648.191,180,38087,0.33,0,2,1642593,1642413,180
19700361,564.22,573.918,234,36468,0.47,0,2,1642701,1642467,234
19703281,504.193,508.928,264,35616,0.55,0,2,1642785,1642521,264
19706201,451.669,452.062,294,35190,0.65,0,2,1642869,1642575,294
19709121,407.21,402.304,336,35190,0.73,0,2,1642965,1642629,336
19712041,366.809,358.766,366,35190,0.77,0,2,1643049,1642683,366
19714961,332.958,320.67,408,35190,0.89,0,2,1643145,1642737,408
19717881,303.338,287.337,450,32270,0.95,0,2,1643241,1642791,450
19744161,133.947,77.723,1116,27740,0.95,0,2,1644465,1643349,1116
19744161,129.204,68.0076,1212,26280,0.98,0,2,1644561,1643349,1212
19758761,97.3301,72.7113,1008,16060,0.86,0,2,1645761,1644753,1008
19758761,97.1638,63.6224,1104,16060,0.85,0,2,1645857,1644753,1104
19758761,98.5183,55.6696,1212,17520,0.92,0,2,1645965,1644753,1212
19777741,106.693,186.602,658,16060,0.99,0,2,1647165,1646507,658
19789421,106.856,172.777,690,17520,0.97,0,2,1647273,1646583,690
19789421,82.2316,26.644,1770,20440,0.96,0,2,1648353,1646583,1770
19789421,83.9526,23.3135,1866,21900,0.89,0,2,1648449,1646583,1866
19789421,85.4586,20.3993,1962,23360,0.95,0,2,1648545,1646583,1962
19792341,80.953,257.196,806,18980,0.85,0,2,1649409,1648603,806
19792341,81.3339,225.046,890,20440,0.83,0,2,1649493,1648603,890
19792341,83.1671,196.915,986,20440,0.91,0,2,1649589,1648603,986
19792341,83.3623,150.763,1154,21900,0.95,0,2,1649757,1648603,1154
19792341,83.442,131.918,1238,23360,0.99,0,2,1649841,1648603,1238
19792341,87.1755,26.5706,2366,7300,0.89,0,2,1650969,1648603,2366
19792341,86.7785,23.2492,2450,8760,0.89,0,2,1651053,1648603,2450
19792341,89.4312,20.3431,2558,10220,0.88,0,2,1651161,1648603,2558
19792341,87.2523,17.8002,2630,11680,0.95,0,2,1651233,1648603,2630
19812781,83.8458,282.575,554,13140,0.98,0,2,1651293,1650739,554
19868261,82.806,70.992,1083,26280,0.94,0,2,1652409,1651326,1083
19868261,82.9552,62.118,1167,26280,0.89,0,2,1652493,1651326,1167
19868261,83.0858,54.3532,1251,24820,0.9,0,2,1652577,1651326,1251
19868261,84.7001,47.5591,1347,23360,0.86,0,2,1652673,1651326,1347
19868261,80.1126,41.6142,1395,23360,0.94,0,2,1652721,1651326,1395
19874101,74.5985,147.787,540,20440,0.96,0,2,1652757,1652217,540
19874101,81.7737,129.314,672,20440,0.99,0,2,1652889,1652217,672
19878481,87.0086,127.318,600,5840,0.97,0,2,1653177,1652577,600
19881401,77.6325,114.528,587,5840,0.95,0,2,1653189,1652602,587
19884321,79.9284,109.087,612,5840,0.93,0,2,1653285,1652673,612
19884321,72.9374,95.4512,636,5840,0.93,0,2,1653309,1652673,636
19885781,68.3202,89.7698,622,5840,0.95,0,2,1653345,1652723,622
19887241,64.2802,81.6735,633,5840,0.97,0,2,1653381,1652748,633
19890161,57.7452,74.5894,620,5840,0.97,0,2,1653393,1652773,620
19891621,118.027,132.266,624,5840,0.77,0,2,1653933,1653309,624
19893081,107.774,120.232,624,30660,0.77,0,2,1653969,1653345,624
19894541,100.302,109.703,636,30660,0.77,0,2,1654017,1653381,636
19903301,90.7642,99.1155,635,30660,0.77,0,2,1654041,1653406,635
19906221,133.419,152.601,540,10949,0.49,0,2,1654473,1653933,540
19909141,122.741,139.776,538,13869,0.55,0,2,1654521,1653983,538
19912061,113.399,128.554,536,16789,0.53,0,2,1654569,1654033,536
19913521,128.724,118.735,722,19709,0.53,0,2,1654805,1654083,722
19916441,120.633,152.643,396,21169,0.59,0,2,1654869,1654473,396
19919361,111.554,139.812,394,24089,0.69,0,2,1654917,1654523,394
19922281,103.61,127.336,402,27009,0.77,0,2,1654965,1654563,402
19925201,93.6587,116.419,386,29929,0.83,0,2,1654989,1654603,386
19928121,89.4513,106.867,406,32849,0.91,0,2,1655049,1654643,406
19931041,82.7699,98.5083,402,35769,0.97,0,2,1655085,1654683,402
19957321,67.4377,111.973,1068,8760,0.7,0,2,1657173,1656105,1068
19957321,71.008,97.9766,1164,10220,0.66,0,2,1657269,1656105,1164
19957321,74.132,85.7295,1260,11680,0.72,0,2,1657365,1656105,1260
19957321,73.8655,75.0133,1332,13140,0.78,0,2,1657437,1656105,1332
19960241,72.1323,161.887,622,14600,0.78,0,2,1657497,1656875,622
19960241,73.6158,141.651,706,16060,0.86,0,2,1657581,1656875,706
19960241,68.9138,123.944,742,17520,0.91,0,2,1657617,1656875,742
19960241,63.2996,108.451,766,18980,0.93,0,2,1657641,1656875,766
19960241,65.8871,94.895,850,20440,0.97,0,2,1657725,1656875,850
20033241,95.2683,129.996,696,20440,0.99,0,2,1659837,1659141,696
20033241,95.6098,113.746,794,23360,0.98,0,2,1659935,1659141,794
20036161,83.7738,104.074,948,7300,0.97,0,2,1660967,1660019,948
20036161,85.3021,91.0647,1044,8760,0.82,0,2,1661063,1660019,1044
20036161,86.6393,79.6816,1140,10220,0.83,0,2,1661159,1660019,1140
20036161,86.3094,69.7214,1224,11680,0.89,0,2,1661243,1660019,1224
20036161,87.5207,61.0062,1320,13140,0.86,0,2,1661339,1660019,1320
20039081,85.5806,144.88,660,14600,0.88,0,2,1661411,1660751,660
20044921,82.383,136.02,646,16060,0.99,0,2,1661471,1660825,646
20044921,75.0852,119.018,670,17520,0.99,0,2,1661495,1660825,670
20044921,67.1995,104.141,682,17520,0.97,0,2,1661507,1660825,682
20072661,113.199,76.7443,1146,26280,0.99,0,2,1662743,1661597,1146
20079961,87.794,118.068,843,27740,0.94,0,2,1663631,1662788,843
20079961,88.8197,103.31,939,27740,0.87,0,2,1663727,1662788,939
20079961,89.7173,90.3962,1035,29200,0.85,0,2,1663823,1662788,1035
20079961,90.5026,79.0966,1131,30660,0.84,0,2,1663919,1662788,1131
20079961,89.6898,69.2096,1215,32120,0.77,0,2,1664003,1662788,1215
20079961,88.9786,60.5584,1299,27740,0.87,0,2,1664087,1662788,1299
20079961,83.8562,52.9886,1347,29200,0.91,0,2,1664135,1662788,1347
20079961,76.3742,46.365,1371,30660,0.95,0,2,1664159,1662788,1371
20079961,68.3274,40.5694,1383,32120,0.97,0,2,1664171,1662788,1383
20079961,76.2865,35.4982,1515,32120,0.93,0,2,1664303,1662788,1515
20079961,69.4694,27.1783,1611,35040,0.99,0,2,1664399,1662788,1611
20085801,64.0469,115.226,968,5840,0.96,0,2,1665503,1664535,968
20085801,60.541,100.823,1004,5840,0.89,0,2,1665539,1664535,1004
20085801,60.4734,88.2202,1064,5840,0.87,0,2,1665599,1664535,1064
20085801,63.4142,77.1927,1148,5840,0.72,0,2,1665683,1664535,1148
20085801,65.9875,67.5436,1232,5840,0.59,0,2,1665767,1664535,1232
20085801,63.739,59.1007,1280,5840,0.53,0,2,1665815,1664535,1280
20085801,67.7716,51.7131,1376,5840,0.35,0,2,1665911,1664535,1376
20085801,68.3002,45.2489,1448,5840,0.26,0,1,1665983,1664535,1448
20085801,68.7627,39.5928,1520,5840,0.27,0,1,1666055,1664535,1520
20139821,135.167,278.019,173,37797,0.39,0,2,1666655,1666482,173
20142741,125.771,246.266,209,39257,0.47,0,2,1666715,1666506,209
20145661,117.55,218.483,245,40717,0.55,0,2,1666775,1666530,245
20148581,114.856,197.173,293,43637,0.64,0,2,1666871,1666578,293
20151501,107.999,178.526,305,46557,0.68,0,2,1666931,1666626,305
20154421,103.499,162.21,329,49477,0.76,0,2,1667003,1666674,329
20157341,99.5619,146.684,363,52397,0.8,0,2,1667075,1666712,363
20160261,94.6167,133.099,385,55317,0.86,0,2,1667135,1666750,385
20163181,90.2896,121.211,407,58237,0.88,0,2,1667195,1666788,407
20166101,86.5034,110.81,429,61157,0.95,0,2,1667255,1666826,429
20180701,69.4802,75.3448,504,64604,0.99,0,2,1667520,1667016,504
20183621,69.7952,70.6767,538,64604,0.97,0,2,1667592,1667054,538
20186541,68.5708,66.5921,560,64604,0.93,0,2,1667652,1667092,560
20189461,67.4994,63.0181,582,64604,0.91,0,2,1667712,1667130,582
20192381,65.062,59.8908,592,64604,0.89,0,2,1667760,1667168,592
20195301,64.4293,57.1545,614,64604,0.85,0,2,1667820,1667206,614
20198221,65.3756,54.7602,648,64604,0.83,0,2,1667892,1667244,648
20201141,64.7036,52.6652,670,64604,0.79,0,2,1667952,1667282,670
20203041,64.4907,50.832,695,64604,0.79,0,2,1668015,1667320,695
20236621,89.8349,7.91061,2144,10220,0.98,0,2,1670547,1668403,2144
20236621,90.6055,6.92178,2240,11680,0.88,0,2,1670643,1668403,2240
20236621,89.7798,6.05656,2324,13140,0.91,0,2,1670727,1668403,2324
20236621,90.5574,5.29949,2420,14600,0.88,0,2,1670823,1668403,2420
20236621,89.7377,4.63705,2504,16060,0.89,0,2,1670907,1668403,2504
20236621,109.496,1.21989,3596,27740,0.94,0,2,1671999,1668403,3596
20236621,106.309,1.06741,3680,29200,0.96,0,2,1672083,1668403,3680
20236621,103.521,0.933982,3764,30660,0.92,0,2,1672167,1668403,3764
20242461,118.107,386.059,792,14600,0.96,0,2,1673199,1672407,792
20242461,115.343,337.802,888,14600,0.92,0,2,1673295,1672407,888
20242461,112.925,295.577,984,14600,0.9,0,2,1673391,1672407,984
20242461,109.31,258.63,1068,16060,0.91,0,2,1673475,1672407,1068
20305241,112.651,288.164,483,10220,0.9,0,2,1674651,1674168,483
20305241,109.07,252.144,567,11680,0.93,0,2,1674735,1674168,567
20324221,110.304,88.9669,1158,29200,0.94,0,2,1676091,1674933,1158
20324221,108.516,77.8461,1254,27740,0.91,0,2,1676187,1674933,1254
20324221,105.451,68.1153,1338,24820,0.96,0,2,1676271,1674933,1338
20346121,95.9533,115.397,738,18980,0.89,0,2,1677327,1676589,738
20346121,95.9592,100.972,834,5840,0.66,0,2,1677423,1676589,834
20346121,95.9643,88.3508,930,5840,0.55,0,2,1677519,1676589,930
20346121,95.9687,77.3069,1026,5840,0.47,0,2,1677615,1676589,1026
20346121,94.4726,67.6435,1110,5840,0.47,0,2,1677699,1676589,1110
20346121,127.664,59.1881,1470,1460,0.25,0,1,1678059,1676589,1470
20351961,113.206,192.29,358,32120,0.27,0,1,1678071,1677713,358
20354881,123.055,211.503,204,33580,0.35,0,2,1678263,1678059,204
20357801,115.173,190.065,224,35040,0.37,0,2,1678323,1678099,224
20359261,106.776,171.307,232,36500,0.37,0,2,1678371,1678139,232
20360721,99.4294,154.894,240,37960,0.41,0,2,1678419,1678179,240
20362181,91.5007,140.532,236,39420,0.45,0,2,1678455,1678219,236
20368021,87.5631,127.966,256,40880,0.55,0,2,1678515,1678259,256
20370941,88.6177,116.97,312,42340,0.67,0,2,1678611,1678299,312
20373861,91.0405,112.349,340,45260,0.83,0,2,1678719,1678379,340
20389921,92.5172,11.1595,2128,10220,0.82,0,2,1680987,1678859,2128
20389921,93.0776,9.76453,2225,11680,0.83,0,2,1681084,1678859,2225
20389921,93.4429,8.54396,2321,13140,0.91,0,2,1681180,1678859,2321
20389921,93.7625,7.47596,2417,14600,0.95,0,2,1681276,1678859,2417
20389921,92.5422,6.54147,2501,16060,0.96,0,2,1681360,1678859,2501
20394301,74.6421,56.2014,1619,30660,0.95,0,2,1682152,1680533,1619
20394301,77.3119,49.1763,1715,30660,0.78,0,2,1682248,1680533,1715
20394301,79.6479,43.0292,1811,30660,0.6,0,2,1682344,1680533,1811
20394301,80.1919,37.6506,1895,32120,0.61,0,2,1682428,1680533,1895
20394301,79.1679,32.9442,1967,33580,0.61,0,2,1682500,1680533,1967
20394301,79.7719,28.8262,2051,35040,0.73,0,2,1682584,1680533,2051
20394301,93.8004,25.2229,2243,1460,0.91,0,2,1682776,1680533,2243
20394301,88.0754,22.0701,2291,5840,0.93,0,2,1682824,1680533,2291
20394301,83.066,19.3113,2339,7300,0.93,0,2,1682872,1680533,2339
20394301,74.1827,16.8974,2351,8760,0.95,0,2,1682884,1680533,2351
20394301,73.9099,14.7852,2423,10220,0.95,0,2,1682956,1680533,2423
20394301,66.1711,12.9371,2435,11680,0.95,0,2,1682968,1680533,2435
20394301,60.8997,11.3199,2459,13140,0.97,0,2,1682992,1680533,2459
20394301,63.7873,9.90495,2543,14600,0.99,0,2,1683076,1680533,2543
20394301,57.3139,8.66683,2555,16060,0.99,0,2,1683088,1680533,2555
20394301,46.4818,5.8061,2627,20440,0.98,0,2,1683160,1680533,2627
20394301,43.6715,5.08033,2651,21900,0.98,0,2,1683184,1680533,2651
20445401,51.7126,275.445,591,23360,0.96,0,2,1683292,1682701,591
20445401,55.7485,241.015,675,24820,0.9,0,2,1683376,1682701,675
20445401,51.78,210.888,699,24820,0.9,0,2,1683400,1682701,699
20445401,46.8075,184.527,711,24820,0.88,0,2,1683412,1682701,711
20445401,43.9565,161.461,735,24820,0.9,0,2,1683436,1682701,735
20445401,44.462,141.278,783,24820,0.84,0,2,1683484,1682701,783
20461461,41.9042,146.494,624,24820,0.82,0,2,1683508,1682884,624
20461461,45.6662,128.182,696,26280,0.82,0,2,1683580,1682884,696
20461461,41.4579,112.159,708,26280,0.8,0,2,1683592,1682884,708
20461461,40.7757,98.1392,744,26280,0.78,0,2,1683628,1682884,744
20461461,47.6787,85.8718,840,26280,0.72,0,2,1683724,1682884,840
20462001,67.2189,100.638,840,26280,0.58,0,2,1683928,1683088,840
20464921,526.192,650.683,78,26820,0.07,0,1,1687667,1687589,78
20467841,464.918,572.348,90,29740,0.11,0,1,1687703,1687613,90
20470761,411.303,503.804,102,32660,0.19,0,1,1687739,1687637,102
20473681,365.89,443.829,126,35580,0.21,0,1,1687787,1687661,126
20476601,323.154,391.35,126,38500,0.27,0,1,1687811,1687685,126
20479521,287.26,345.431,138,41420,0.29,0,1,1687847,1687709,138
20482441,258.852,305.252,174,44340,0.37,0,2,1687907,1687733,174
20485361,230.996,270.096,186,47260,0.43,0,2,1687943,1687757,186
20488281,205.121,239.334,186,50180,0.47,0,2,1687967,1687781,186
20491201,186.981,212.417,222,53100,0.55,0,2,1688027,1687805,222
20494121,168.108,188.865,234,56020,0.61,0,2,1688063,1687829,234
20497041,151.595,168.257,246,58940,0.71,0,2,1688099,1687853,246
20499961,137.145,150.225,258,61860,0.77,0,2,1688135,1687877,258
20502881,129.002,134.447,306,64780,0.93,0,2,1688207,1687901,306
20505801,117.377,120.641,318,67700,0.99,0,2,1688243,1687925,318
20552521,63.4973,23.5085,891,73243,0.89,0,2,1689131,1688240,891
20552521,66.0602,20.5699,975,73243,0.86,0,2,1689215,1688240,975
20552521,65.3027,17.9987,1035,71540,0.88,0,2,1689275,1688240,1035
20552521,64.6398,15.7488,1095,67160,0.95,0,2,1689335,1688240,1095
20552521,61.0598,13.7802,1131,50306,0.96,0,2,1689371,1688240,1131
20552521,56.4274,12.0577,1155,50306,0.91,0,2,1689395,1688240,1155
20552521,53.8739,10.5505,1191,50306,0.98,0,2,1689431,1688240,1191
20552521,48.6397,9.23168,1203,50306,0.97,0,2,1689443,1688240,1203
20552521,44.0597,8.07772,1215,50306,0.96,0,2,1689455,1688240,1215
20552521,40.0523,7.068,1227,50306,0.95,0,2,1689467,1688240,1227
20552521,36.5457,6.1845,1239,50306,0.96,0,2,1689479,1688240,1239
20552521,33.4775,5.41144,1251,50306,0.99,0,2,1689491,1688240,1251
20561281,50.6908,100.312,870,50306,0.86,0,2,1690391,1689521,870
20561281,54.8545,87.7731,954,50306,0.62,0,2,1690475,1689521,954
20561281,58.4977,76.8015,1038,51766,0.63,0,2,1690559,1689521,1038
20561281,61.6855,67.2013,1122,53226,0.74,0,2,1690643,1689521,1122
20561281,64.4748,58.8011,1206,43006,0.81,0,2,1690727,1689521,1206
20561281,60.9154,51.451,1242,38626,0.88,0,2,1690763,1689521,1242
20561281,54.801,45.0196,1254,35706,0.93,0,2,1690775,1689521,1254
20561281,49.4509,39.3922,1266,34246,0.97,0,2,1690787,1689521,1266
20561281,44.7695,34.4681,1278,32786,0.97,0,2,1690799,1689521,1278
20561281,40.6733,30.1596,1290,34246,0.97,0,2,1690811,1689521,1290
20561281,62.4957,4.65092,2190,14600,0.91,0,2,1691711,1689521,2190
20561281,66.6838,4.06955,2286,16060,0.71,0,2,1691807,1689521,2286
20561281,70.3483,3.56086,2382,17520,0.69,0,2,1691903,1689521,2382
20561281,73.5548,3.11575,2478,17520,0.68,0,2,1691999,1689521,2478
20561281,92.8604,2.72628,2706,18980,0.77,0,2,1692227,1689521,2706
20561281,97.7529,2.3855,2838,20440,0.77,0,2,1692359,1689521,2838
20561281,103.534,2.08731,2982,21900,0.81,0,2,1692503,1689521,2982
20561281,120.592,1.8264,3222,23360,0.87,0,2,1692743,1689521,3222
20561281,122.018,1.5981,3354,24820,0.91,0,2,1692875,1689521,3354
20561281,127.766,1.39833,3522,26280,0.95,0,2,1693043,1689521,3522
20561281,146.295,1.22354,3798,27740,0.77,0,2,1693319,1689521,3798
20561281,147.508,1.0706,3954,29200,0.81,0,2,1693475,1689521,3954
20561281,153.07,0.936775,4146,1460,0.87,0,2,1693667,1689521,4146
20685381,145.322,292.367,700,18980,0.97,0,2,1694915,1694215,700
20685381,96.6609,45.0859,1924,5840,0.97,0,2,1696139,1694215,1924
20685381,95.0783,39.4502,2008,7300,0.96,0,2,1696223,1694215,2008
20726261,84.0296,124.535,779,24820,0.71,0,2,1697351,1696572,779
20726261,85.5259,108.968,875,27740,0.68,0,2,1697447,1696572,875
20726261,86.8351,95.3472,971,29200,0.71,0,2,1697543,1696572,971
20726261,87.9807,83.4288,1067,27740,0.78,0,2,1697639,1696572,1067
20726261,100.983,73.0002,1259,21900,0.81,0,2,1697831,1696572,1259
20726261,89.8603,63.8752,1271,17520,0.85,0,2,1697843,1696572,1271
20726261,81.6277,55.8908,1295,14600,0.93,0,2,1697867,1696572,1295
20726261,72.9243,48.9044,1307,16060,0.97,0,2,1697879,1696572,1307
20726261,72.8087,42.7914,1379,17520,0.99,0,2,1697951,1696572,1379
20740861,59.0401,82.5586,628,5840,0.99,0,2,1698503,1697875,628
20745241,49.3276,65.0839,648,5840,0.99,0,2,1698539,1697891,648
20758381,51.8289,57.3924,700,5840,0.91,0,2,1698659,1697959,700
20758381,54.3503,50.2183,772,5840,0.85,0,2,1698731,1697959,772
20758381,55.0565,43.941,832,5840,0.82,0,2,1698791,1697959,832
20758381,106.674,38.4484,1300,5840,0.85,0,2,1699259,1697959,1300
20758381,99.3402,33.6424,1348,29200,0.97,0,2,1699307,1697959,1348
20778821,97.8548,116.472,662,19709,0.95,0,2,1699979,1699317,662
20778821,108.123,101.913,842,22629,0.77,0,2,1700159,1699317,842
20778821,106.608,89.1736,938,24089,0.86,0,2,1700255,1699317,938
20778821,105.282,78.0269,1034,25549,0.94,0,2,1700351,1699317,1034
20778821,104.121,68.2736,1130,23360,0.99,0,2,1700447,1699317,1130
20787581,81.5926,99.9061,900,10220,0.98,0,2,1701419,1700519,900
20787581,83.3935,87.4178,996,11680,0.83,0,2,1701515,1700519,996
20787581,87.9693,76.4906,1116,13140,0.71,0,2,1701635,1700519,1116
20787581,88.9732,66.9293,1212,13140,0.73,0,2,1701731,1700519,1212
20787581,88.3515,58.5631,1296,14600,0.85,0,2,1701815,1700519,1296
20787581,96.8076,51.2427,1452,16060,0.87,0,2,1701971,1700519,1452
20787581,95.2066,44.8374,1536,17520,0.93,0,2,1702055,1700519,1536
20810941,125.542,212.435,708,11680,0.97,0,2,1702979,1702271,708
20810941,121.85,185.881,804,13140,0.99,0,2,1703075,1702271,804
20810941,118.618,162.646,900,13140,0.98,0,2,1703171,1702271,900
20810941,115.791,142.315,996,13140,0.95,0,2,1703267,1702271,996
20810941,117.817,124.526,1128,14600,0.99,0,2,1703399,1702271,1128
20810941,113.218,37.4396,2148,10220,0.98,0,2,1704419,1702271,2148
20837221,102.014,56.6868,1568,1460,0.95,0,2,1705547,1703979,1568
20837221,107.604,43.4008,1824,7300,0.99,0,2,1705803,1703979,1824
20837221,106.154,37.9757,1920,8760,0.94,0,2,1705899,1703979,1920
20837221,110.885,33.2288,2064,10220,0.94,0,2,1706043,1703979,2064
20857661,112.024,221.075,648,11680,0.91,0,2,1706163,1705515,648
20857661,110.021,193.441,744,13140,0.91,0,2,1706259,1705515,744
20857661,106.768,169.261,828,13140,0.89,0,2,1706343,1705515,828
20857661,106.922,148.103,936,13140,0.85,0,2,1706451,1705515,936
20857661,101.057,129.59,996,13140,0.81,0,2,1706511,1705515,996
20860581,107.925,170.891,692,13140,0.81,0,2,1706667,1705975,692
20863501,115.434,172.53,676,16060,0.77,0,2,1706835,1706159,676
20866421,122.005,173.964,660,18980,0.81,0,2,1707003,1706343,660
20869341,126.254,175.218,632,21900,0.77,0,2,1707159,1706527,632
20872261,131.473,176.316,616,24820,0.73,0,2,1707327,1706711,616
20875181,140.539,177.276,636,24850,0.71,0,2,1707531,1706895,636
20878101,142.471,178.117,608,24850,0.65,0,2,1707687,1707079,608
20881021,142.662,178.852,568,24850,0.63,0,2,1707831,1707263,568
20883941,147.33,179.496,564,23403,0.61,0,2,1708011,1707447,564
20886861,149.913,180.059,548,23403,0.59,0,2,1708179,1707631,548
20889781,150.674,180.551,520,23403,0.55,0,2,1708335,1707815,520
20892701,152.84,181.858,497,23314,0.51,0,2,1708503,1708006,497
20895621,156.235,183.875,479,22960,0.49,0,2,1708683,1708204,479
20898541,157.706,185.641,449,22577,0.49,0,2,1708851,1708402,449
20901461,163.492,187.186,455,22135,0.47,0,2,1709055,1708600,455
20904381,167.056,188.538,449,21751,0.49,0,2,1709247,1708798,449
20907301,170.174,189.72,443,21397,0.51,0,2,1709439,1708996,443
20910221,171.402,190.755,425,23993,0.51,0,2,1709619,1709194,425
20913141,176.977,191.661,443,23639,0.55,0,2,1709835,1709392,443
20916061,177.355,189.953,445,23403,0.61,0,2,1710015,1709570,445
20918981,174.685,185.959,443,23196,0.6,0,2,1710171,1709728,443
20921901,176.85,182.464,477,23511,0.64,0,2,1710363,1709886,477
20924821,176.369,179.406,492,23480,0.61,0,2,1710536,1710044,492
20927741,173.822,176.73,490,23480,0.59,0,2,1710692,1710202,490
20930661,173.095,173.639,506,23480,0.57,0,2,1710860,1710354,506
20933581,167.958,170.934,486,23480,0.54,0,2,1710992,1710506,486
20936501,164.963,168.567,478,23480,0.5,0,2,1711136,1710658,478
20939421,162.343,166.497,470,23480,0.44,0,2,1711280,1710810,470
20942341,157.55,164.684,442,23480,0.35,0,2,1711404,1710962,442
20945261,152.856,163.099,410,24272,0.26,0,1,1711524,1711114,410
20948181,147.499,161.712,368,24358,0.17,0,1,1711634,1711266,368
20951101,137.437,160.498,283,25066,0.07,0,1,1711701,1711418,283
20954021,129.257,158.435,211,27399,0.03,0,1,1711773,1711562,211
20956941,120.6,156.131,131,28728,0,0,1,1711833,1711702,131
20959861,117.275,150.615,113,27079,0.01,0,1,1711927,1711814,113
20962781,113.616,144.038,103,25525,0.01,0,1,1712015,1711912,103
20965701,111.664,138.283,103,24112,0.03,0,1,1712113,1712010,103
20967441,108.956,133.248,95,22888,0,0,1,1712203,1712108,95
20970361,1050.21,1068.84,116,21757,0,0,1,1719842,1719726,116
20973281,935.435,950.736,124,20910,0.07,0,1,1719974,1719850,124
20976201,842.505,847.394,192,20203,0.27,0,1,1720166,1719974,192
20979121,753.692,755.345,213,20015,0.41,0,2,1720298,1720085,213
20982041,683.481,673.177,307,19968,0.67,0,2,1720490,1720183,307
20984961,617.546,601.28,365,19968,0.81,0,2,1720646,1720281,365
21001021,376.626,323.87,845,17048,0.84,0,2,1721714,1720869,845
21001021,343.047,283.386,953,14322,0.7,0,2,1721822,1720869,953
21001021,312.166,247.963,1049,14322,0.77,0,2,1721918,1720869,1049
21001021,283.646,216.967,1133,11680,0.77,0,2,1722002,1720869,1133
21001021,291.69,189.846,1481,8760,0.93,0,2,1722350,1720869,1481
21011241,212.908,195.314,845,7300,0.98,0,2,1723274,1722429,845
21011241,211.794,170.9,1049,8760,0.68,0,2,1723478,1722429,1049
21011241,198.82,149.538,1157,10220,0.67,0,2,1723586,1722429,1157
21012701,185.968,224.47,504,11680,0.75,0,2,1723682,1723178,504
21022921,179.222,206.287,557,11680,0.81,0,2,1723814,1723257,557
21025841,168.819,190.376,574,10949,0.81,0,2,1723910,1723336,574
21028761,165.717,186.329,560,13869,0.79,0,2,1724054,1723494,560
21031681,169.002,182.788,594,14322,0.85,0,2,1724246,1723652,594
21034601,173.377,175.689,672,14322,0.87,0,2,1724450,1723778,672
21037521,175.705,183.353,627,14322,0.83,0,2,1724642,1724015,627
21040441,179.242,183.434,647,14322,0.79,0,2,1724846,1724199,647
21043361,176.336,180.255,645,14322,0.83,0,2,1725002,1724357,645
21046281,175.294,177.473,655,14322,0.89,0,2,1725170,1724515,655
21062341,182.368,166.739,799,17242,0.96,0,2,1726262,1725463,799
21062341,171.572,145.897,895,17242,0.87,0,2,1726358,1725463,895
21062341,162.126,127.66,991,14322,0.97,0,2,1726454,1725463,991
21087161,132.765,158.233,730,12710,0.87,0,2,1728590,1727860,730
21090081,141.669,161.954,746,15630,0.88,0,2,1728794,1728048,746
21093001,147.96,165.209,750,15630,0.85,0,2,1728986,1728236,750
21095921,153.465,168.058,754,12710,0.79,0,2,1729178,1728424,754
21098841,146.282,170.551,662,11566,0.77,0,2,1729274,1728612,662
21101761,145.997,167.982,656,11566,0.71,0,2,1729418,1728762,656
21104681,147.247,165.734,662,11566,0.77,0,2,1729574,1728912,662
21107601,158.841,178.267,636,11566,0.73,0,2,1729814,1729178,636
21110521,165.986,187.734,598,11566,0.77,0,2,1730030,1729432,598
21113441,173.738,191.517,608,11566,0.83,0,2,1730258,1729650,608
21116361,180.521,194.828,618,11566,0.87,0,2,1730486,1729868,618
21119281,187.956,197.724,640,5840,0.83,0,2,1730726,1730086,640
21122201,195.961,200.259,674,5840,0.65,0,2,1730978,1730304,674
21125121,216.466,227.976,612,5840,0.37,0,2,1731338,1730726,612
21128041,205.908,230.979,492,17242,0.27,0,1,1731470,1730978,492
21130961,205.669,247.107,336,20162,0.35,0,2,1731674,1731338,336
21133881,209.961,243.469,358,20524,0.41,0,2,1731914,1731556,358
21136801,213.716,240.285,380,19793,0.51,0,2,1732154,1731774,380
21139721,226.001,238.999,462,22132,0.65,0,2,1732466,1732004,462
21142641,230.751,237.874,496,21880,0.81,0,2,1732730,1732234,496
21145561,231.907,231.14,552,21779,0.97,0,2,1732970,1732418,552
21157241,231.386,211.633,752,21779,0.98,0,2,1733906,1733154,752
21177681,159.339,184.806,720,13869,0.98,0,2,1735322,1734602,720
21180601,164.922,190.205,696,16789,0.99,0,2,1735526,1734830,696
21198121,191.674,202.219,732,20116,0.88,0,2,1736834,1736102,732
21201041,190.215,203.441,700,20116,0.8,0,2,1737014,1736314,700
21203961,190.438,204.511,680,20116,0.74,0,2,1737206,1736526,680
21206881,192.133,205.447,672,20116,0.69,0,2,1737410,1736738,672
21209801,189.117,206.266,628,20116,0.61,0,2,1737578,1736950,628
21212721,186.477,206.983,584,20116,0.59,0,2,1737746,1737162,584
21215641,185.668,207.61,552,20116,0.53,0,2,1737926,1737374,552
21218561,184.959,208.159,520,20116,0.45,0,2,1738106,1737586,520
21221481,182.839,208.639,476,23036,0.43,0,2,1738274,1737798,476
21224401,179.484,209.059,420,23036,0.43,0,2,1738430,1738010,420
21227321,176.549,206.802,385,23036,0.41,0,2,1738586,1738201,385
21230241,176.98,202.202,395,23036,0.39,0,2,1738766,1738371,395
21233161,174.358,198.176,381,23036,0.39,0,2,1738922,1738541,381
21236081,175.063,194.654,391,23036,0.37,0,2,1739102,1738711,391
21239001,174.18,191.573,389,22570,0.51,0,2,1739270,1738881,389
21241921,174.908,188.876,399,22159,0.49,0,2,1739450,1739051,399
21244841,177.044,186.516,421,21830,0.67,0,2,1739642,1739221,421
21247761,178.914,184.452,443,21611,0.73,0,2,1739834,1739391,443
21250681,189.549,182.645,537,20567,0.87,0,2,1740098,1739561,537
21265281,201.478,179.822,736,21304,0.95,0,2,1741178,1740442,736
21266741,197.293,178.844,732,21304,0.84,0,2,1741346,1740614,732
21266741,186.132,156.489,840,21304,0.77,0,2,1741454,1740614,840
21266741,172.24,136.928,915,21304,0.79,0,2,1741529,1740614,915
21266741,159.71,119.812,987,10220,0.83,0,2,1741601,1740614,987
21266741,151.746,104.835,1083,10220,0.81,0,2,1741697,1740614,1083
21266741,143.278,91.7308,1167,10220,0.75,0,2,1741781,1740614,1167
21266741,135.868,80.2644,1251,11680,0.71,0,2,1741865,1740614,1251
21266741,127.885,70.2314,1323,13140,0.71,0,2,1741937,1740614,1323
21266741,122.399,61.4524,1407,14600,0.69,0,2,1742021,1740614,1407
21281341,114.599,168.146,552,16060,0.71,0,2,1742081,1741529,552
21284261,119.774,156.128,636,10949,0.68,0,2,1742237,1741601,636
21287181,122.803,162.487,573,13869,0.58,0,2,1742381,1741808,573
21290101,129.952,166.926,555,16789,0.52,0,2,1742561,1742006,555
21293021,135.458,170.06,537,19709,0.37,0,2,1742735,1742198,537
21295941,135.026,172.553,479,20372,0.35,0,2,1742867,1742388,479
21298861,131.648,174.484,399,20372,0.31,0,2,1742975,1742576,399
21301781,133.192,176.173,355,20372,0.25,0,1,1743119,1742764,355
21304701,134.543,177.651,311,20643,0.21,0,1,1743263,1742952,311
21307621,134.225,178.945,255,20643,0.15,0,1,1743395,1743140,255
21310541,138.447,179.827,237,20548,0.09,0,1,1743563,1743326,237
21313461,136.141,180.599,171,19638,0.03,0,1,1743683,1743512,171
21316381,139.373,181.274,147,18570,0,0,1,1743845,1743698,147
21319301,145.827,181.865,152,17566,0,0,1,1744036,1743884,152
21322221,151.098,182.381,154,16687,0,0,1,1744224,1744070,154
21325141,154.586,182.834,147,15933,0,0,1,1744403,1744256,147
21328061,158.513,183.23,147,15242,0,0,1,1744589,1744442,147
21330981,161.949,183.576,147,17566,0,0,1,1744775,1744628,147
21333901,164.955,183.879,147,17032,0,0,1,1744961,1744814,147
21336821,167.586,184.144,147,16561,0,0,1,1745147,1745000,147
21339741,175.888,184.376,195,13139,0,0,1,1745381,1745186,195
21340801,196.027,196.579,250,13035,0,0,1,1745718,1745468,250
21343721,253.023,259.757,200,13035,0.01,0,1,1746370,1746170,200
21346641,256.645,262.537,200,12994,0.01,0,1,1746652,1746452,200
21349561,262.44,264.97,221,12051,0.01,0,1,1746955,1746734,221
21352481,271.385,273.349,223,12051,0.05,0,1,1747289,1747066,223
21355401,285.462,280.68,275,12051,0.15,0,1,1747673,1747398,275
21358321,302.279,287.095,363,12051,0.37,0,2,1748093,1747730,363
21359781,316.494,292.708,447,12051,0.59,0,2,1748509,1748062,447
21362701,302.932,276.87,489,12051,0.71,0,2,1748717,1748228,489
21365621,310.066,275.511,583,12051,0.91,0,2,1749077,1748494,583
21368541,313.308,274.322,653,12051,0.99,0,2,1749413,1748760,653
21383141,304.821,270.268,823,12010,0.99,0,2,1750913,1750090,823
21386061,301.218,281.485,739,12010,0.96,0,2,1751189,1750450,739
21388981,301.066,279.799,771,12010,0.97,0,2,1751489,1750718,771
21391901,299.433,278.324,791,12010,0.99,0,2,1751777,1750986,791
21397741,291.316,275.905,783,12010,0.99,0,2,1752305,1751522,783
21400661,289.401,274.917,791,12010,0.93,0,2,1752581,1751790,791
21403581,281.726,274.052,751,12010,0.93,0,2,1752809,1752058,751
21406501,278.01,273.295,735,12010,0.99,0,2,1753061,1752326,735
21421101,274.623,270.716,763,12010,0.86,0,2,1754429,1753666,763
21424021,276.295,270.377,783,12010,0.99,0,2,1754717,1753934,783
21426941,268.758,270.08,731,12010,0.91,0,2,1754933,1754202,731
21429861,269.664,269.82,739,12010,0.99,0,2,1755209,1754470,739
21432781,271.956,269.592,759,12010,0.93,0,2,1755497,1754738,759
21435701,269.461,269.393,743,12010,0.91,0,2,1755749,1755006,743
21438621,271.779,269.219,763,12010,0.97,0,2,1756037,1755274,763
21447381,273.664,268.817,787,12010,0.97,0,2,1756865,1756078,787
21450301,272.456,268.715,783,12010,0.97,0,2,1757129,1756346,783
21453221,272.899,268.625,791,12010,0.99,0,2,1757405,1756614,791
21456141,270.287,268.547,775,5840,0.93,0,2,1757657,1756882,775
21459061,271.001,268.479,783,5840,0.87,0,2,1757933,1757150,783
21461981,298.626,298.294,768,5840,0.35,0,2,1758425,1757657,768
21464901,286.798,303.007,636,18423,0.21,0,1,1758629,1757993,636
21467821,270.448,319.131,360,18215,0.17,0,1,1758785,1758425,360
21470741,269.642,321.24,288,17060,0.09,0,1,1759049,1758761,288
21473661,279.437,323.585,296,16177,0.11,0,1,1759397,1759101,296
21476581,291.007,326.137,324,18350,0.19,0,1,1759769,1759445,324
21478041,302.131,328.37,360,17756,0.31,0,2,1760149,1759789,360
21479501,289.865,308.823,392,17315,0.39,0,2,1760353,1759961,392
21480961,280.632,291.721,436,16992,0.43,0,2,1760569,1760133,436
21483881,267.053,276.755,436,16806,0.51,0,2,1760741,1760305,436
21486801,275.671,276.411,498,16636,0.63,0,2,1761077,1760579,498
21489721,281.712,276.11,548,16619,0.77,0,2,1761401,1760853,548
21492641,288.498,275.846,610,16619,0.85,0,2,1761737,1761127,610
21495561,294.436,275.615,672,16619,0.89,0,2,1762073,1761401,672
21507241,296.926,282.494,725,15416,0.9,0,2,1763285,1762560,725
21510161,292.81,286.682,673,15416,0.86,0,2,1763549,1762876,673
21513081,299.709,290.347,705,17846,0.89,0,2,1763897,1763192,705
21516001,305.745,293.553,737,17846,0.95,0,2,1764245,1763508,737
21518921,299.027,291.734,710,17846,0.97,0,2,1764497,1763787,710
21521841,291.649,285.517,708,17846,0.85,0,2,1764737,1764029,708
21524761,294.193,280.078,778,17846,0.89,0,2,1765049,1764271,778
21527681,282.919,275.318,740,17846,0.93,0,2,1765253,1764513,740
21530601,270.054,271.153,678,17846,0.99,0,2,1765433,1764755,678
21553961,248.682,252.017,686,18280,0.99,0,2,1767377,1766691,686
21571481,233.191,241.697,660,18431,0.93,0,2,1768757,1768097,660
21574401,238.542,240.235,706,19248,0.98,0,2,1769033,1768327,706
21594841,221.17,226.226,688,21741,0.99,0,2,1770545,1769857,688
21597761,223.524,224.698,714,21741,0.97,0,2,1770785,1770071,714
21600681,228.583,223.36,764,21741,0.75,0,2,1771049,1770285,764
21603601,221.01,219.815,737,21741,0.57,0,2,1771217,1770480,737
21606521,212.884,214.338,717,5840,0.39,0,2,1771373,1770656,717
21609441,202.774,209.546,673,5840,0.27,0,1,1771505,1770832,673
21612361,184.927,205.353,557,5840,0.23,0,1,1771565,1771008,557
21615281,181.311,201.684,537,5840,0.17,0,1,1771721,1771184,537
21618201,176.647,230.098,252,24661,0.13,0,1,1771865,1771613,252
21621121,175.566,225.586,226,27454,0.19,0,1,1772033,1771807,226
21624041,176.121,216.888,250,25957,0.29,0,1,1772213,1771963,250
21626961,178.105,209.277,286,24729,0.33,0,2,1772405,1772119,286
21629881,178.342,202.617,310,25793,0.43,0,2,1772585,1772275,310
21632801,180.049,196.79,346,24987,0.48,0,2,1772777,1772431,346
21635721,178.543,189.441,376,24416,0.59,0,2,1772945,1772569,376
21638641,177.225,183.011,406,24047,0.67,0,2,1773113,1772707,406
21641561,177.572,177.385,448,23846,0.81,0,2,1773293,1772845,448
21644481,179.376,172.462,502,23846,0.95,0,2,1773485,1772983,502
21659081,171.43,136.216,844,20926,0.95,0,2,1774517,1773673,844
21659081,160.501,119.189,928,20926,0.92,0,2,1774601,1773673,928
21659081,150.938,104.291,1012,20926,0.91,0,2,1774685,1773673,1012
21659081,142.571,91.2542,1096,13140,0.87,0,2,1774769,1773673,1096
21659081,135.25,79.8474,1180,13140,0.87,0,2,1774853,1773673,1180
21659081,128.844,69.8665,1264,13140,0.96,0,2,1774937,1773673,1264
21659081,121.738,61.1332,1336,13140,0.99,0,2,1775009,1773673,1336
21659081,115.521,53.4916,1408,14600,0.99,0,2,1775081,1773673,1408
21659081,116.081,46.8051,1528,16060,0.99,0,2,1775201,1773673,1528
21683901,128.924,145.004,731,13869,0.92,0,2,1775993,1775262,731
21686821,136.808,148.629,749,16789,0.85,0,2,1776185,1775436,749
21689741,151.207,151.8,827,19709,0.81,0,2,1776437,1775610,827
21692661,150.306,170.575,669,20926,0.87,0,2,1776581,1775912,669
21695581,148.018,171.003,627,20926,0.87,0,2,1776713,1776086,627
21698501,152.016,171.378,633,20926,0.93,0,2,1776893,1776260,633
21701421,155.514,171.706,639,20926,0.97,0,2,1777073,1776434,639
21704341,160.075,171.992,657,20926,0.97,0,2,1777265,1776608,657
21707261,165.565,172.243,687,20926,0.93,0,2,1777469,1776782,687
21710181,168.87,172.463,705,20926,0.97,0,2,1777661,1776956,705
21713101,170.261,172.655,711,20926,0.99,0,2,1777841,1777130,711
21727701,178.928,173.31,765,23846,0.97,0,2,1778765,1778000,765
21730621,177.562,171.146,777,23846,0.95,0,2,1778933,1778156,777
21732081,175.116,167.003,797,20926,0.93,0,2,1779091,1778294,797
21732081,162.227,146.128,869,20494,0.94,0,2,1779163,1778294,869
21732081,150.949,127.862,941,20494,0.93,0,2,1779235,1778294,941
21732081,141.08,111.879,1013,13140,0.95,0,2,1779307,1778294,1013
21732081,130.945,97.8941,1073,13140,0.97,0,2,1779367,1778294,1073
21732081,122.077,85.6574,1133,13140,0.95,0,2,1779427,1778294,1133
21732081,115.817,74.9502,1205,13140,0.93,0,2,1779499,1778294,1205
21732081,110.34,65.5814,1277,13140,0.95,0,2,1779571,1778294,1277
21732081,104.048,57.3837,1337,13140,0.97,0,2,1779631,1778294,1337
21764201,132.63,150.519,751,22994,0.88,0,2,1780891,1780140,751
21764201,126.551,131.704,835,22994,0.91,0,2,1780975,1780140,835
21764201,122.732,115.241,931,22994,0.96,0,2,1781071,1780140,931
21764201,119.391,100.836,1027,11680,0.97,0,2,1781167,1780140,1027
21764201,114.967,88.2313,1111,11680,0.97,0,2,1781251,1780140,1111
21764201,114.096,77.2024,1219,11680,0.97,0,2,1781359,1780140,1219
21764201,110.334,67.5521,1303,11680,0.95,0,2,1781443,1780140,1303
21764201,107.042,59.1081,1387,11680,0.97,0,2,1781527,1780140,1387
21794861,141.135,171.409,715,22629,0.98,0,2,1782679,1781964,715
21809461,149.545,158.929,769,5840,0.94,0,2,1783471,1782702,769
21812381,150.352,154.313,803,5840,0.67,0,2,1783627,1782824,803
21813841,151.058,150.274,837,5840,0.51,0,2,1783783,1782946,837
21813841,142.676,131.49,921,5840,0.4,0,2,1783867,1782946,921
21813841,135.341,115.053,1005,5840,0.39,0,2,1783951,1782946,1005
21818221,155.923,226.297,300,4380,0.23,0,1,1784251,1783951,300
21818221,160.433,198.01,492,25914,0.27,0,1,1784443,1783951,492
21818221,149.379,173.258,564,27374,0.27,0,1,1784515,1783951,564
21818221,142.707,151.601,660,25914,0.27,0,1,1784611,1783951,660
21818221,132.368,132.651,720,27374,0.29,0,1,1784671,1783951,720
21819681,127.822,192.07,208,28834,0.31,0,2,1784767,1784559,208
21828441,122.344,177.686,215,28834,0.33,0,2,1784851,1784636,215
21831361,129.551,165.1,318,10949,0.41,0,2,1785031,1784713,318
21834281,134.357,163.713,332,13869,0.45,0,2,1785199,1784867,332
21837201,141.563,162.499,370,16789,0.55,0,2,1785391,1785021,370
21840121,146.367,161.436,396,19709,0.61,0,2,1785571,1785175,396
21843041,153.571,160.507,446,22629,0.67,0,2,1785775,1785329,446
21845961,161.375,160.818,499,25352,0.79,0,2,1785991,1785492,499
21848881,168.203,162.216,543,25047,0.87,0,2,1786207,1785664,543
21851801,172.678,163.439,575,24946,0.93,0,2,1786411,1785836,575
21866401,150.886,107.951,1017,27866,0.99,0,2,1787659,1786642,1017
21866401,142.526,94.4575,1101,14600,0.99,0,2,1787743,1786642,1101
21892681,108.828,132.452,722,10949,0.98,0,2,1788979,1788257,722
21895601,116.225,137.396,718,13869,0.85,0,2,1789147,1788429,718
21898521,122.696,141.721,714,16789,0.87,0,2,1789315,1788601,714
21899981,144.359,145.506,838,19709,0.95,0,2,1789611,1788773,838
21902901,132.814,153.068,684,21169,0.97,0,2,1789663,1788979,684
21905821,137.213,155.434,680,23134,0.97,0,2,1789831,1789151,680
21908741,144.061,159.505,684,23134,0.99,0,2,1790023,1789339,684
21911661,154.553,163.067,724,23134,0.99,0,2,1790251,1789527,724
21926261,174,175.212,756,23134,0.97,0,2,1791223,1790467,756
21929181,174.75,176.81,748,23134,0.93,0,2,1791403,1790655,748
21955461,177.94,175.729,764,26054,0.94,0,2,1793035,1792271,764
21956921,176.698,172.513,782,26482,0.94,0,2,1793203,1792421,782
21977361,107.029,126.9,900,8760,0.99,0,2,1794319,1793419,900
21986121,90.642,115.449,776,17520,0.99,0,2,1795267,1794491,776
21987581,100.312,117.518,812,17520,0.84,0,2,1795435,1794623,812
21987581,98.2728,102.828,896,20440,0.86,0,2,1795519,1794623,896
21987581,97.9887,89.9749,992,21900,0.93,0,2,1795615,1794623,992
21987581,93.2401,78.728,1052,17520,0.91,0,2,1795675,1794623,1052
21987581,92.0851,68.887,1136,16060,0.95,0,2,1795759,1794623,1136
21987581,89.5745,60.2761,1208,13140,0.97,0,2,1795831,1794623,1208
21987581,85.8777,52.7416,1268,13140,0.97,0,2,1795891,1794623,1268
21987581,88.6429,46.1489,1376,13140,0.89,0,2,1795999,1794623,1376
21987581,86.5626,40.3803,1448,14600,0.89,0,2,1796071,1794623,1448
21987581,84.7423,35.3328,1520,16060,0.87,0,2,1796143,1794623,1520
21987581,81.6495,30.9162,1580,1460,0.81,0,2,1796203,1794623,1580
21990501,77.4433,151.052,636,5840,0.75,0,2,1796251,1795615,636
21993421,73.7629,139.67,624,5840,0.71,0,2,1796299,1795675,624
21994881,75.0425,132.711,624,5840,0.65,0,2,1796383,1795759,624
22009481,76.1622,125.122,636,5840,0.59,0,2,1796467,1795831,636
22012401,81.6419,116.982,696,23360,0.49,0,2,1796587,1795891,696
22015321,81.9367,122.859,616,26280,0.37,0,2,1796671,1796055,616
22016781,79.1946,121.502,564,29200,0.35,0,2,1796731,1796167,564
22016781,70.7953,106.314,576,30660,0.35,0,2,1796743,1796167,576
22016781,64.9459,93.025,600,30660,0.35,0,2,1796767,1796167,600
22016781,61.3276,81.3968,636,30660,0.31,0,2,1796803,1796167,636
22016781,58.1617,71.2222,672,30660,0.29,0,1,1796839,1796167,672
22016781,53.8915,62.3195,696,30660,0.29,0,1,1796863,1796167,696
22016781,51.655,54.5295,732,30660,0.23,0,1,1796899,1796167,732
22016781,46.6982,47.7133,744,30660,0.25,0,1,1796911,1796167,744
22016781,43.8609,41.7492,768,30660,0.25,0,1,1796935,1796167,768
22019701,47.3783,101.531,320,30660,0.25,0,1,1797007,1796687,320
22022621,50.456,102.839,280,33580,0.27,0,1,1797079,1796799,280
22025541,54.649,103.984,252,36500,0.33,0,2,1797163,1796911,252
22028461,64.3179,104.986,272,37855,0.41,0,2,1797295,1797023,272
22031381,74.2781,105.863,304,35769,0.51,0,2,1797439,1797135,304
22034301,87.4934,106.63,372,34153,0.61,0,2,1797619,1797247,372
22037221,94.5567,107.301,404,33162,0.75,0,2,1797763,1797359,404
22040141,102.237,107.889,448,32484,0.81,0,2,1797919,1797471,448
22043061,107.457,108.403,480,32171,0.93,0,2,1798063,1797583,480
22059121,140.379,110.386,804,35039,0.97,0,2,1799059,1798255,804
22059121,133.331,96.5873,888,32119,0.93,0,2,1799143,1798255,888
22059121,127.165,84.5139,972,32119,0.88,0,2,1799227,1798255,972
22059121,121.769,73.9497,1056,23360,0.89,0,2,1799311,1798255,1056
22059121,117.048,64.706,1140,23360,0.95,0,2,1799395,1798255,1140
22059121,111.417,56.6177,1212,20440,0.97,0,2,1799467,1798255,1212
