#Ack,ack_ewma(ms),send_ewma(ms),rtt_ratio,cwnd (Bytes),Last Router Ocupation Ack Arriaval(Packets),Last Router Ocupation Packet Sent(Packets),Network Situation,AckArrival(ms),TSInsideAck(ms),RTTAck(ms)
192721,644,644,644,1460,0.042,0,1,80848,80204,644
194181,721.9,644,726,1460,0.1068,0,1,81574,80848,726
195641,811.295,721.9,816,1460,0.26472,0,1,82390,81574,816
197101,1066.56,811.295,1080,1460,0.705888,0,2,83470,82390,1080
198561,1763.33,1066.56,1800,1460,0.852355,0,2,85270,83470,1800
200021,1731.67,1763.33,1730,1460,0.748942,0,2,87000,85270,1730
201481,1449.83,1731.67,1435,1460,0.899577,0,2,88435,87000,1435
204401,1827.81,1463.29,1847,1460,0.803932,0,2,91746,89899,1847
205861,1485.99,1827.81,1468,1460,0.321573,0,1,93214,91746,1468
207321,686.1,1485.99,644,1460,0.128629,0,1,93858,93214,644
208781,646.105,686.1,644,1460,0.0514517,0,1,94502,93858,644
210241,644.105,646.105,644,1460,0.206581,0,1,95146,94502,644
211701,997.405,644.105,1016,1460,0.352632,0,1,96162,95146,1016
213161,1155.67,997.405,1164,1460,0.471053,0,1,97326,96162,1164
214621,1288.98,1155.67,1296,1460,0.554421,0,2,98622,97326,1296
216081,1364.05,1288.98,1368,1460,0.731768,0,2,99990,98622,1368
217541,1641.4,1364.05,1656,1460,0.892707,0,2,101646,99990,1656
219001,1467.17,1641.4,1458,1460,0.753083,0,2,103104,101646,1458
220461,1391.96,1467.17,1388,1460,0.715233,0,2,104492,103104,1388
221921,1450.9,1391.96,1454,1460,0.820093,0,2,105946,104492,1454
223381,1638.14,1450.9,1648,1460,0.730037,0,2,107594,105946,1648
224841,1419.51,1638.14,1408,1460,0.892015,0,2,109002,107594,1408
227761,1834.44,1766.73,1838,1460,0.724722,0,2,112625,110787,1838
229221,1340.02,1834.44,1314,1460,0.547889,0,2,113939,112625,1314
230681,1163.3,1340.02,1154,1460,0.645156,0,2,115093,113939,1154
232141,1471.77,1163.3,1488,1460,0.732062,0,2,116581,115093,1488
233601,1578.39,1471.77,1584,1460,0.790825,0,2,118165,116581,1584
235061,1629.32,1578.39,1632,1460,0.89833,0,2,119797,118165,1632
236521,1791.47,1629.32,1800,1460,0.947332,0,2,121597,119797,1800
237981,1650.42,1791.47,1643,1460,0.744933,0,2,123240,121597,1643
239441,1387.82,1650.42,1374,1460,0.897973,0,2,124614,123240,1374
242361,1656.47,1665.39,1656,1460,0.737676,0,2,127950,126294,1656
243821,1374.82,1656.47,1360,1460,0.54707,0,2,129310,127950,1360
245281,1155.54,1374.82,1144,1460,0.698828,0,2,130454,129310,1144
246741,1562.58,1155.54,1584,1460,0.879531,0,2,132038,130454,1584
248201,1674.13,1562.58,1680,1460,0.885813,0,2,133718,132038,1680
249661,1725.31,1674.13,1728,1460,0.762325,0,2,135446,133718,1728
251121,1466.62,1725.31,1453,1460,0.81493,0,2,136899,135446,1453
252581,1601.88,1466.62,1609,1460,0.811972,0,2,138508,136899,1609
254041,1607.69,1601.88,1608,1460,0.726789,0,2,140116,138508,1608
255501,1439.83,1607.69,1431,1460,0.866716,0,2,141547,140116,1431
256961,1703.14,1439.83,1717,1460,0.946686,0,2,143264,141547,1717
259881,1591.14,1726.76,1584,1460,0.74547,0,2,146576,144992,1584
261341,1379.16,1591.14,1368,1460,0.484188,0,1,147944,146576,1368
262801,1026.56,1379.16,1008,1460,0.793675,0,2,148952,147944,1008
264261,1546.63,1026.56,1574,1460,0.74347,0,2,150526,148952,1574
265721,1490.93,1546.63,1488,1460,0.657388,0,2,152014,150526,1488
267181,1359.9,1490.93,1353,1460,0.784955,0,2,153367,152014,1353
268641,1663.99,1359.9,1680,1460,0.835982,0,2,155047,153367,1680
270101,1633.6,1663.99,1632,1460,0.664393,0,2,156679,155047,1632
271561,1312.88,1633.6,1296,1460,0.715757,0,2,157975,156679,1296
273021,1524.84,1312.88,1536,1460,0.784303,0,2,159511,157975,1536
274481,1626.64,1524.84,1632,1460,0.871721,0,2,161143,159511,1632
275941,1745.73,1626.64,1752,1460,0.948688,0,2,162895,161143,1752
277401,1614.89,1745.73,1608,1460,0.817475,0,2,164503,162895,1608
278861,1608.34,1614.89,1608,1460,0.88499,0,2,166111,164503,1608
281781,1523.64,1744.82,1512,1460,0.783598,0,2,169375,167863,1512
283241,1444.18,1523.64,1440,1460,0.787439,0,2,170815,169375,1440
284701,1577.01,1444.18,1584,1460,0.914976,0,2,172399,170815,1584
286161,1811.65,1577.01,1824,1460,0.92999,0,2,174223,172399,1824
287621,1800.58,1811.65,1800,1460,0.833996,0,2,176023,174223,1800
289081,1572.03,1800.58,1560,1460,0.795598,0,2,177583,176023,1560
290541,1560.6,1572.03,1560,1460,0.900239,0,2,179143,177583,1560
294921,1660.89,1753.8,1656,1460,0.722655,0,2,184351,182695,1656
296381,1314.24,1660.89,1296,1460,0.889062,0,2,185647,184351,1296
297841,1791.86,1314.24,1817,1460,0.829625,0,2,187464,185647,1817
299301,1617.19,1791.86,1608,1460,0.66185,0,2,189072,187464,1608
300761,1312.06,1617.19,1296,1460,0.79874,0,2,190368,189072,1296
302221,1684.4,1312.06,1704,1460,0.889496,0,2,192072,190368,1704
303681,1771.42,1684.4,1776,1460,0.793798,0,2,193848,192072,1776
305141,1570.57,1771.42,1560,1460,0.659519,0,2,195408,193848,1560
306601,1332.53,1570.57,1320,1460,0.821808,0,2,196728,195408,1320
308061,1731.03,1332.53,1752,1460,0.826723,0,2,198480,196728,1752
309521,1568.55,1731.03,1560,1460,0.744689,0,2,200040,198480,1560
310981,1469.23,1568.55,1464,1460,0.747876,0,2,201504,200040,1464
312441,1532.66,1469.23,1536,1460,0.88115,0,2,203040,201504,1536
315361,1753.73,1786.63,1752,1460,0.944984,0,2,206592,204840,1752
316821,1660.89,1753.73,1656,1460,0.911994,0,2,208248,206592,1656
319741,1795.09,1701.84,1800,1460,0.817919,0,2,211752,209952,1800
321201,1685.75,1795.09,1680,1460,0.741168,0,2,213432,211752,1680
322661,1475.09,1685.75,1464,1460,0.830467,0,2,214896,213432,1464
324121,1692.55,1475.09,1704,1460,0.932187,0,2,216600,214896,1704
325581,1680.63,1692.55,1680,1460,0.822875,0,2,218280,216600,1680
327041,1543.23,1680.63,1536,1460,0.87515,0,2,219816,218280,1536
329961,1681.94,1718.76,1680,1460,0.860024,0,2,223224,221544,1680
331421,1611.7,1681.94,1608,1460,0.89001,0,2,224832,223224,1608
334341,1590.91,1722.18,1584,1460,0.880402,0,2,228144,226560,1584
335801,1629.95,1590.91,1632,1460,0.862161,0,2,229776,228144,1632
337261,1654.7,1629.95,1656,1460,0.764864,0,2,231432,229776,1656
338721,1450.73,1654.7,1440,1460,0.635946,0,2,232872,231432,1440
340181,1303.74,1450.73,1296,1460,0.776378,0,2,234168,232872,1296
341641,1661.19,1303.74,1680,1460,0.760551,0,2,235848,234168,1680
343101,1701.86,1661.19,1704,1460,0.79022,0,2,237552,235848,1704
344561,1612.69,1701.86,1608,1460,0.916088,0,2,239160,237552,1608
346021,1722.23,1612.69,1728,1460,0.606435,0,2,240888,239160,1728
347481,1180.51,1722.23,1152,1460,0.416574,0,1,242040,240888,1152
348941,993.826,1180.51,984,1460,0.65263,0,2,243024,242040,984
350401,1577.29,993.826,1608,1460,0.855052,0,2,244632,243024,1608
351861,1811.66,1577.29,1824,1460,0.942021,0,2,246456,244632,1824
353321,1526.98,1811.66,1512,1460,0.826808,0,2,247968,246456,1512
354781,1535.55,1526.98,1536,1460,0.924723,0,2,249504,247968,1536
356241,1809.58,1535.55,1824,1460,0.939889,0,2,251328,249504,1824
357701,1526.88,1809.58,1512,1460,0.813956,0,2,252840,251328,1512
359161,1512.74,1526.88,1512,1460,0.811582,0,2,254352,252840,1512
360621,1603.24,1512.74,1608,1460,0.924633,0,2,255960,254352,1608
362081,1653.36,1603.24,1656,1460,0.855853,0,2,257616,255960,1656
363541,1610.27,1653.36,1608,1460,0.942341,0,2,259224,257616,1608
365001,1744.91,1610.27,1752,1460,0.742936,0,2,260976,259224,1752
366461,1478.05,1744.91,1464,1460,0.639175,0,2,262440,260976,1464
367921,1327.9,1478.05,1320,1460,0.75367,0,2,263760,262440,1320
369381,1616.8,1327.9,1632,1460,0.859468,0,2,265392,263760,1632
370841,1676.84,1616.8,1680,1460,0.793787,0,2,267072,265392,1680
372301,1543.04,1676.84,1536,1460,0.731515,0,2,268608,267072,1536
373761,1467.95,1543.04,1464,1460,0.892606,0,2,270072,268608,1464
375221,1692.2,1467.95,1704,1460,0.903042,0,2,271776,270072,1704
376681,1726.21,1692.2,1728,1460,0.799217,0,2,273504,271776,1728
378141,1522.71,1726.21,1512,1460,0.919687,0,2,275016,273504,1512
379601,1649.34,1522.71,1656,1460,0.829875,0,2,276672,275016,1656
381061,1564.47,1649.34,1560,1460,0.68595,0,2,278232,276672,1560
382521,1355.02,1564.47,1344,1460,0.77238,0,2,279576,278232,1344
383981,1618.15,1355.02,1632,1460,0.908952,0,2,281208,279576,1632
386901,1595.49,1813.71,1584,1460,0.859432,0,2,284616,283032,1584
388361,1584.57,1595.49,1584,1460,0.913773,0,2,286200,284616,1584
391281,1387.92,1766.43,1368,1460,0.716204,0,2,289344,287976,1368
392741,1300.6,1387.92,1296,1460,0.784481,0,2,290640,289344,1296
394201,1615.43,1300.6,1632,1460,0.913793,0,2,292272,290640,1632
395661,1653.97,1615.43,1656,1460,0.911517,0,2,293928,292272,1656
397121,1747.1,1653.97,1752,1460,0.754607,0,2,295680,293928,1752
398581,1432.55,1747.1,1416,1460,0.901843,0,2,297096,295680,1416
400041,1599.23,1432.55,1608,1460,0.774737,0,2,298704,297096,1608
401501,1493.56,1599.23,1488,1460,0.615895,0,2,300192,298704,1488
402961,1260.28,1493.56,1248,1460,0.828358,0,2,301440,300192,1248
404421,1773.01,1260.28,1800,1460,0.925343,0,2,303240,301440,1800
407341,1641.47,1821.45,1632,1460,0.844055,0,2,306696,305064,1632
408801,1586.87,1641.47,1584,1460,0.937622,0,2,308280,306696,1584
410261,1720.94,1586.87,1728,1460,0.855049,0,2,310008,308280,1728
411721,1636.45,1720.94,1632,1460,0.708019,0,2,311640,310008,1632
413181,1381.42,1636.45,1368,1460,0.883208,0,2,313008,311640,1368
414641,1710.67,1381.42,1728,1460,0.917283,0,2,314736,313008,1728
416101,1772.73,1710.67,1776,1460,0.864913,0,2,316512,314736,1776
417561,1639.04,1772.73,1632,1460,0.945965,0,2,318144,316512,1632
419021,1381.55,1639.04,1368,1460,0.936386,0,2,319512,318144,1368
420481,1733.48,1381.55,1752,1460,0.932554,0,2,321264,319512,1752
421941,1751.07,1733.48,1752,1460,0.769022,0,2,323016,321264,1752
423401,1501.15,1751.07,1488,1460,0.637609,0,2,324504,323016,1488
424861,1306.26,1501.15,1296,1460,0.657043,0,2,325800,324504,1296
426321,1433.31,1306.26,1440,1460,0.724817,0,2,327240,325800,1440
427781,1553.67,1433.31,1560,1460,0.889927,0,2,328800,327240,1560
430701,1730.98,1787.68,1728,1460,0.796388,0,2,332328,330600,1728
432161,1477.35,1730.98,1464,1460,0.918555,0,2,333792,332328,1464
433621,1396.27,1477.35,1392,1460,0.781422,0,2,335184,333792,1392
435081,1506.21,1396.27,1512,1460,0.642569,0,2,336696,335184,1512
436541,1306.51,1506.21,1296,1460,0.857028,0,2,337992,336696,1296
438001,1729.73,1306.51,1752,1460,0.924811,0,2,339744,337992,1752
439461,1728.09,1729.73,1728,1460,0.819924,0,2,341472,339744,1728
440921,1545.6,1728.09,1536,1460,0.92797,0,2,343008,341472,1536
443841,1866.62,1764.48,1872,1460,0.838475,0,2,346656,344784,1872
445301,1552.53,1866.62,1536,1460,0.93539,0,2,348192,346656,1536
446761,1126.43,1552.53,1104,1460,0.746156,0,2,349296,348192,1104
448221,1561.12,1126.43,1584,1460,0.628462,0,2,350880,349296,1584
449681,1309.26,1561.12,1296,1460,0.785385,0,2,352176,350880,1296
451141,1684.26,1309.26,1704,1460,0.836154,0,2,353880,352176,1704
452601,1680.21,1684.26,1680,1460,0.934462,0,2,355560,353880,1680
455521,1807.68,1497.61,1824,1460,0.851514,0,2,358872,357048,1824
456981,1572.38,1807.68,1560,1460,0.940606,0,2,360432,358872,1560
458441,1287.02,1572.38,1272,1460,0.598242,0,2,361704,360432,1272
459901,1090.35,1287.02,1080,1460,0.617297,0,2,362784,361704,1080
461361,1376.92,1090.35,1392,1460,0.708919,0,2,364176,362784,1392
462821,1550.85,1376.92,1560,1460,0.883568,0,2,365736,364176,1560
464281,1263.14,1550.85,1248,1460,0.833427,0,2,366984,365736,1248
465741,1590.76,1263.14,1608,1460,0.933371,0,2,368592,366984,1608
467201,1812.34,1590.76,1824,1460,0.919348,0,2,370416,368592,1824
468661,1800.62,1812.34,1800,1460,0.889739,0,2,372216,370416,1800
471581,1566.3,1686.03,1560,1460,0.916358,0,2,375456,373896,1560
473041,1697.12,1566.3,1704,1460,0.888543,0,2,377160,375456,1704
475961,1497.64,1680.86,1488,1460,0.712167,0,2,380328,378840,1488
477421,1306.08,1497.64,1296,1460,0.686867,0,2,381624,380328,1296
478881,1433.3,1306.08,1440,1460,0.808747,0,2,383064,381624,1440
480341,1690.47,1433.3,1704,1460,0.923499,0,2,384768,383064,1704
481801,1794.52,1690.47,1800,1460,0.945399,0,2,386568,384768,1800
486181,1568.52,1730.45,1560,1460,0.762506,0,2,391632,390072,1560
487641,1378.03,1568.52,1368,1460,0.455002,0,1,393000,391632,1368
489101,958.101,1378.03,936,1460,0.782001,0,2,393936,393000,936
490561,1666.71,958.101,1704,1460,0.9068,0,2,395640,393936,1704
492021,1838.94,1666.71,1848,1460,0.84872,0,2,397488,395640,1848
493481,1619.55,1838.94,1608,1460,0.939488,0,2,399096,397488,1608
494941,1768.18,1619.55,1776,1460,0.873795,0,2,400872,399096,1776
496401,1638.81,1768.18,1632,1460,0.751518,0,2,402504,400872,1632
497861,1449.94,1638.81,1440,1460,0.894607,0,2,403944,402504,1440
499321,1805.3,1449.94,1824,1460,0.891843,0,2,405768,403944,1824
500781,1686.26,1805.3,1680,1460,0.902737,0,2,407448,405768,1680
503701,1545.5,1725.91,1536,1460,0.846438,0,2,410712,409176,1536
505161,1650.47,1545.5,1656,1460,0.848575,0,2,412368,410712,1656
506621,1655.72,1650.47,1656,1460,0.93943,0,2,414024,412368,1656
509541,1610.4,1655.99,1608,1460,0.569109,0,2,417288,415680,1608
511001,1038.12,1610.4,1008,1460,0.617644,0,2,418296,417288,1008
512461,1397.11,1038.12,1416,1460,0.847057,0,2,419712,418296,1416
513921,1574.66,1397.11,1584,1460,0.836823,0,2,421296,419712,1584
515381,1629.13,1574.66,1632,1460,0.928729,0,2,422928,421296,1632
516841,1814.26,1629.13,1824,1460,0.917492,0,2,424752,422928,1824
518301,1641.11,1814.26,1632,1460,0.732997,0,2,426384,424752,1632
519761,1381.66,1641.11,1368,1460,0.731199,0,2,427752,426384,1368
521221,1505.48,1381.66,1512,1460,0.892479,0,2,429264,427752,1512
522681,1557.27,1505.48,1560,1460,0.848992,0,2,430824,429264,1560
524141,1628.26,1557.27,1632,1460,0.789597,0,2,432456,430824,1632
525601,1540.61,1628.26,1536,1460,0.879839,0,2,433992,432456,1536
527061,1695.83,1540.61,1704,1460,0.909935,0,2,435696,433992,1704
528521,1749.19,1695.83,1752,1460,0.837974,0,2,437448,435696,1752
529981,1592.26,1749.19,1584,1460,0.85119,0,2,439032,437448,1584
531441,1447.61,1592.26,1440,1460,0.814476,0,2,440472,439032,1440
532901,1577.18,1447.61,1584,1460,0.84779,0,2,442056,440472,1584
534361,1674.86,1577.18,1680,1460,0.939116,0,2,443736,442056,1680
535821,1725.34,1674.86,1728,1460,0.813646,0,2,445464,443736,1728
537281,1522.67,1725.34,1512,1460,0.925459,0,2,446976,445464,1512
538741,1763.33,1522.67,1776,1460,0.832183,0,2,448752,446976,1776
540201,1592.97,1763.33,1584,1460,0.746873,0,2,450336,448752,1584
541661,1470.45,1592.97,1464,1460,0.898749,0,2,451800,450336,1464
543121,1737.92,1470.45,1752,1460,0.8755,0,2,453552,451800,1752
544581,1751.3,1737.92,1752,1460,0.8122,0,2,455304,453552,1752
546041,1569.56,1751.3,1560,1460,0.92488,0,2,456864,455304,1560
547501,1788.48,1569.56,1800,1460,0.813952,0,2,458664,456864,1800
548961,1617.02,1788.48,1608,1460,0.727581,0,2,460272,458664,1608
550421,1448.85,1617.02,1440,1460,0.891032,0,2,461712,460272,1440
551881,1805.24,1448.85,1824,1460,0.944413,0,2,463536,461712,1824
553341,1823.06,1805.24,1824,1460,0.827765,0,2,465360,463536,1824
554801,1527.55,1823.06,1512,1460,0.931106,0,2,466872,465360,1512
556261,1626.78,1527.55,1632,1460,0.762442,0,2,468504,466872,1632
557721,1472.14,1626.78,1464,1460,0.742977,0,2,469968,468504,1464
559181,1510.01,1472.14,1512,1460,0.891191,0,2,471480,469968,1512
560641,1808.3,1510.01,1824,1460,0.872476,0,2,473304,471480,1824
562101,1754.82,1808.3,1752,1460,0.798991,0,2,475056,473304,1752
563561,1546.94,1754.82,1536,1460,0.919596,0,2,476592,475056,1536
566481,2427.51,1126.15,2496,1460,0.765135,0,2,480192,477696,2496
567941,1375.38,2427.51,1320,1460,0.684054,0,2,481512,480192,1320
569401,1391.17,1375.38,1392,1460,0.735622,0,2,482904,481512,1392
570861,1551.56,1391.17,1560,1460,0.894249,0,2,484464,482904,1560
572321,1559.58,1551.56,1560,1460,0.915699,0,2,486024,484464,1560
573781,1810.78,1559.58,1824,1460,0.81028,0,2,487848,486024,1824
575241,1549.74,1810.78,1536,1460,0.774112,0,2,489384,487848,1536
576701,1536.69,1549.74,1536,1460,0.909645,0,2,490920,489384,1536
579621,1708.14,1786.83,1704,1460,0.727543,0,2,494424,492720,1704
581081,1385.01,1708.14,1368,1460,0.741017,0,2,495792,494424,1368
582541,1528.45,1385.01,1536,1460,0.896407,0,2,497328,495792,1536
584001,1695.22,1528.45,1704,1460,0.784563,0,2,499032,497328,1704
585461,1589.56,1695.22,1584,1460,0.703825,0,2,500616,499032,1584
586921,1424.68,1589.56,1416,1460,0.85153,0,2,502032,500616,1416
588381,1758.43,1424.68,1776,1460,0.898612,0,2,503808,502032,1776
589841,1683.92,1758.43,1680,1460,0.773445,0,2,505488,503808,1680
591301,1475,1683.92,1464,1460,0.843378,0,2,506952,505488,1464
592761,1692.55,1475,1704,1460,0.697351,0,2,508656,506952,1704
594221,1429.83,1692.55,1416,1460,0.51294,0,2,510072,508656,1416
595681,1120.29,1429.83,1104,1460,0.619176,0,2,511176,510072,1104
597141,1446.81,1120.29,1464,1460,0.70967,0,2,512640,511176,1464
598601,1554.34,1446.81,1560,1460,0.883868,0,2,514200,512640,1560
601521,1752.65,1764.92,1752,1460,0.891419,0,2,517728,515976,1752
605901,1703.89,1701.84,1704,1460,0.735051,0,2,522792,521088,1704
607361,1339.19,1703.89,1320,1460,0.84602,0,2,524112,522792,1320
608821,1708.56,1339.19,1728,1460,0.842408,0,2,525840,524112,1728
610281,1772.63,1708.56,1776,1460,0.738963,0,2,527616,525840,1776
611741,1570.63,1772.63,1560,1460,0.613585,0,2,529176,527616,1560
613201,1286.93,1570.63,1272,1460,0.707434,0,2,530448,529176,1272
614661,1546.35,1286.93,1560,1460,0.852974,0,2,532008,530448,1560
616121,1764.52,1546.35,1776,1460,0.941189,0,2,533784,532008,1776
617581,1547.43,1764.52,1536,1460,0.904476,0,2,535320,533784,1536
619041,1718.97,1547.43,1728,1460,0.93179,0,2,537048,535320,1728
621961,1456.66,1773.15,1440,1460,0.797086,0,2,540264,538824,1440
623421,1463.63,1456.66,1464,1460,0.864835,0,2,541728,540264,1464
624881,1714.78,1463.63,1728,1460,0.729934,0,2,543456,541728,1728
626341,1476.54,1714.78,1464,1460,0.681974,0,2,544920,543456,1464
627801,1419.03,1476.54,1416,1460,0.638789,0,2,546336,544920,1416
629261,1370.55,1419.03,1368,1460,0.813516,0,2,547704,546336,1368
630721,1732.93,1370.55,1752,1460,0.925406,0,2,549456,547704,1752
633641,1749.67,1705.45,1752,1460,0.907665,0,2,552912,551160,1752
636561,1816.97,1683.48,1824,1460,0.823226,0,2,556416,554592,1824
638021,1550.05,1816.97,1536,1460,0.743291,0,2,557952,556416,1536
639481,1468.3,1550.05,1464,1460,0.897316,0,2,559416,557952,1464
640941,1737.82,1468.3,1752,1460,0.814926,0,2,561168,559416,1752
642401,1477.69,1737.82,1464,1460,0.679971,0,2,562632,561168,1464
643861,1350.68,1477.69,1344,1460,0.769988,0,2,563976,562632,1344
645321,1617.93,1350.68,1632,1460,0.907995,0,2,565608,563976,1632
646781,1540.1,1617.93,1536,1460,0.861198,0,2,567144,565608,1536
648241,1878.2,1540.1,1896,1460,0.722479,0,2,569040,567144,1896
649701,1416.31,1878.2,1392,1460,0.888992,0,2,570432,569040,1392
651161,1416.02,1416.31,1416,1460,0.769597,0,2,571848,570432,1416
652621,1461.6,1416.02,1464,1460,0.685839,0,2,573312,571848,1464
654081,1395.48,1461.6,1392,1460,0.874335,0,2,574704,573312,1392
655541,1802.57,1395.48,1824,1460,0.913734,0,2,576528,574704,1824
657001,1777.33,1802.57,1776,1460,0.773494,0,2,578304,576528,1776
658461,1479.67,1777.33,1464,1460,0.867397,0,2,579768,578304,1464
659921,1738.38,1479.67,1752,1460,0.928959,0,2,581520,579768,1752
661381,1774.12,1738.38,1776,1460,0.917584,0,2,583296,581520,1776
664301,1568.52,1730.31,1560,1460,0.806813,0,2,586584,585024,1560
665761,1970.83,1568.52,1992,1460,0.814725,0,2,588576,586584,1992
667221,1603.34,1970.83,1584,1460,0.83589,0,2,590160,588576,1584
668681,1630.57,1603.34,1632,1460,0.904356,0,2,591792,590160,1632
670141,1814.33,1630.57,1824,1460,0.907742,0,2,593616,591792,1824
673061,1430.68,1709.52,1416,1460,0.787239,0,2,596736,595320,1416
674521,1439.53,1430.68,1440,1460,0.884896,0,2,598176,596736,1440
677441,1387.56,1759.18,1368,1460,0.777583,0,2,601320,599952,1368
678901,1756.58,1387.56,1776,1460,0.785033,0,2,603096,601320,1776
680361,1592.63,1756.58,1584,1460,0.914013,0,2,604680,603096,1584
681821,1037.23,1592.63,1008,1460,0.845605,0,2,605688,604680,1008
683281,1967.06,1037.23,2016,1460,0.860242,0,2,607704,605688,2016
684741,1694.35,1967.06,1680,1460,0.944097,0,2,609384,607704,1680
686201,1179.12,1694.35,1152,1460,0.773639,0,2,610536,609384,1152
687661,1426.96,1179.12,1440,1460,0.699455,0,2,611976,610536,1440
689121,1416.55,1426.96,1416,1460,0.879782,0,2,613392,611976,1416
690581,1621.23,1416.55,1632,1460,0.807913,0,2,615024,613392,1632
692041,1608.66,1621.23,1608,1460,0.761165,0,2,616632,615024,1608
693501,1516.83,1608.66,1512,1460,0.904466,0,2,618144,616632,1512
694961,1785.84,1516.83,1800,1460,0.889786,0,2,619944,618144,1800
696421,1753.69,1785.84,1752,1460,0.877915,0,2,621696,619944,1752
699341,1588.98,1683.68,1584,1460,0.914466,0,2,624960,623376,1584
702261,1774.39,1743.85,1776,1460,0.830315,0,2,628488,626712,1776
703721,1730.32,1774.39,1728,1460,0.794126,0,2,630216,628488,1728
705181,1568.52,1730.32,1560,1460,0.91765,0,2,631776,630216,1560
706641,1355.23,1568.52,1344,1460,0.90106,0,2,633120,631776,1344
708101,2165.36,1355.23,2208,1460,0.648424,0,2,635328,633120,2208
709561,1316.67,2165.36,1272,1460,0.85937,0,2,636600,635328,1272
711021,1297.03,1316.67,1296,1460,0.811748,0,2,637896,636600,1296
712481,1706.45,1297.03,1728,1460,0.882699,0,2,639624,637896,1728
715401,1136.29,1749.72,1104,1460,0.945232,0,2,642480,641376,1104
716861,2040.41,1136.29,2088,1460,0.876093,0,2,644568,642480,2088
722701,1880.01,1576.19,1896,1460,0.942828,0,2,652008,650112,1896
724161,1750.8,1880.01,1744,1460,0.683131,0,2,653752,652008,1744
725621,1273.14,1750.8,1248,1460,0.657252,0,2,655000,653752,1248
727081,1386.06,1273.14,1392,1460,0.628901,0,2,656392,655000,1392
728541,1368.9,1386.06,1368,1460,0.79756,0,2,657760,656392,1368
730001,1710.05,1368.9,1728,1460,0.919024,0,2,659488,657760,1728
731461,1613.1,1710.05,1608,1460,0.79961,0,2,661096,659488,1608
732921,1533.21,1613.1,1529,1460,0.919844,0,2,662625,661096,1529
734381,1711.61,1533.21,1721,1460,0.925938,0,2,664346,662625,1721
735841,1749.98,1711.61,1752,1460,0.688375,0,2,666098,664346,1752
737301,1295.9,1749.98,1272,1460,0.87535,0,2,667370,666098,1272
738761,1159.19,1295.9,1152,1460,0.83014,0,2,668522,667370,1152
740221,1722.36,1159.19,1752,1460,0.662056,0,2,670274,668522,1752
741681,1317.32,1722.36,1296,1460,0.822822,0,2,671570,670274,1296
743141,1730.27,1317.32,1752,1460,0.905129,0,2,673322,671570,1752
744601,1796.51,1730.27,1800,1460,0.812052,0,2,675122,673322,1800
746061,1594.63,1796.51,1584,1460,0.924821,0,2,676706,675122,1584
748981,1870.17,1379.33,1896,1460,0.831971,0,2,679970,678074,1896
750441,1712.31,1870.17,1704,1460,0.932789,0,2,681674,679970,1704
751901,929.215,1712.31,888,1460,0.829115,0,2,682562,681674,888
753361,2098.46,929.215,2160,1460,0.931646,0,2,684722,682562,2160
756281,1303.71,1450.12,1296,1460,0.857063,0,2,687434,686138,1296
757741,1797.99,1303.71,1824,1460,0.840825,0,2,689258,687434,1824
759201,1640.3,1797.99,1632,1460,0.59433,0,2,690890,689258,1632
760661,1176.42,1640.3,1152,1460,0.327732,0,1,692042,690890,1152
762121,834.021,1176.42,816,1460,0.341093,0,1,692858,692042,816
763581,1044.9,834.021,1056,1460,0.598437,0,2,693914,692858,1056
765041,1534.25,1044.9,1560,1460,0.839375,0,2,695474,693914,1560
766501,1193.91,1534.25,1176,1460,0.93575,0,2,696650,695474,1176
767961,1769.7,1193.91,1800,1460,0.8543,0,2,698450,696650,1800
769421,1638.88,1769.7,1632,1460,0.94172,0,2,700082,698450,1632
772341,1743.74,1586.74,1752,1460,0.888675,0,2,703418,701666,1752
775261,1381.48,1637.59,1368,1460,0.760188,0,2,706418,705050,1368
776721,1573.87,1381.48,1584,1460,0.646075,0,2,708002,706418,1584
778181,1332.69,1573.87,1320,1460,0.85843,0,2,709322,708002,1320
779641,1548.63,1332.69,1560,1460,0.745372,0,2,710882,709322,1560
781101,1445.43,1548.63,1440,1460,0.700149,0,2,712322,710882,1440
782561,1440.27,1445.43,1440,1460,0.86206,0,2,713762,712322,1440
784021,1782.01,1440.27,1800,1460,0.944824,0,2,715562,713762,1800
785481,1707.9,1782.01,1704,1460,0.76793,0,2,717266,715562,1704
786941,1430.6,1707.9,1416,1460,0.673172,0,2,718682,717266,1416
788401,1371.13,1430.6,1368,1460,0.869269,0,2,720050,718682,1368
789861,1755.76,1371.13,1776,1460,0.815707,0,2,721826,720050,1776
791321,1638.19,1755.76,1632,1460,0.728283,0,2,723458,721826,1632
792781,1449.91,1638.19,1440,1460,0.891313,0,2,724898,723458,1440
794241,1782.5,1449.91,1800,1460,0.914525,0,2,726698,724898,1800
795701,1776.32,1782.5,1776,1460,0.75581,0,2,728474,726698,1776
797161,1434.02,1776.32,1416,1460,0.824324,0,2,729890,728474,1416
798621,1667.7,1434.02,1680,1460,0.90573,0,2,731570,729890,1680
800081,1770.59,1667.7,1776,1460,0.830292,0,2,733346,731570,1776
801541,1433.73,1770.59,1416,1460,0.746117,0,2,734762,733346,1416
803001,1462.49,1433.73,1464,1460,0.820447,0,2,736226,734762,1464
804461,1669.12,1462.49,1680,1460,0.922179,0,2,737906,736226,1680
805921,1542.66,1669.12,1536,1460,0.758871,0,2,739442,737906,1536
807381,1422.33,1542.66,1416,1460,0.729549,0,2,740858,739442,1416
808841,1484.72,1422.33,1488,1460,0.771819,0,2,742346,740858,1488
810301,1579.04,1484.72,1584,1460,0.554728,0,2,743930,742346,1584
811761,1150.55,1579.04,1128,1460,0.683891,0,2,745058,743930,1128
813221,1539.53,1150.55,1560,1460,0.819556,0,2,746618,745058,1560
814681,1718.58,1539.53,1728,1460,0.927823,0,2,748346,746618,1728
816141,1567.93,1718.58,1560,1460,0.929129,0,2,749906,748346,1560
817601,1788.4,1567.93,1800,1460,0.917652,0,2,751706,749906,1800
820521,1431.75,1731.02,1416,1460,0.848824,0,2,754850,753434,1416
821981,1553.59,1431.75,1560,1460,0.81353,0,2,756410,754850,1560
823441,1582.48,1553.59,1584,1460,0.925412,0,2,757994,756410,1584
827821,1780.54,1866.72,1776,1460,0.912426,0,2,763418,761642,1776
832201,1866.97,1771.45,1872,1460,0.868395,0,2,768746,766874,1872
833661,1598.15,1866.97,1584,1460,0.947358,0,2,770330,768746,1584
835121,1470.71,1598.15,1464,1460,0.852943,0,2,771794,770330,1464
836581,1601.14,1470.71,1608,1460,0.683177,0,2,773402,771794,1608
838041,1334.06,1601.14,1320,1460,0.873271,0,2,774722,773402,1320
839501,1548.7,1334.06,1560,1460,0.703308,0,2,776282,774722,1560
840961,1354.24,1548.7,1344,1460,0.815323,0,2,777626,776282,1344
842421,1686.51,1354.24,1704,1460,0.914129,0,2,779330,777626,1704
843881,1589.13,1686.51,1584,1460,0.887652,0,2,780914,779330,1584
846801,1725.37,1675.46,1728,1460,0.886024,0,2,784322,782594,1728
855561,1650.68,1549.55,1656,1460,0.73392,0,2,795220,793564,1656
857021,1323.23,1650.68,1306,1460,0.815568,0,2,796526,795220,1306
858481,1662.16,1323.23,1680,1460,0.926227,0,2,798206,796526,1680
861401,2274.94,1266.81,2328,1460,0.736196,0,2,801780,799452,2328
862861,1560.6,2274.94,1523,1460,0.894479,0,2,803303,801780,1523
864321,1810.83,1560.6,1824,1460,0.807791,0,2,805127,803303,1824
865781,1846.14,1810.83,1848,1460,0.743117,0,2,806975,805127,1848
867241,1586.66,1846.14,1573,1460,0.423247,0,1,808548,806975,1573
868701,922.933,1586.66,888,1460,0.769299,0,2,809436,808548,888
870161,1710.55,922.933,1752,1460,0.847719,0,2,811188,809436,1752
871621,2091.93,1710.55,2112,1460,0.837088,0,2,813300,811188,2112
873081,2031.2,2091.93,2028,1460,0.586835,0,2,815328,813300,2028
874541,1217.81,2031.2,1175,1460,0.672734,0,2,816503,815328,1175
876001,1497.29,1217.81,1512,1460,0.869094,0,2,818015,816503,1512
877461,1810.51,1497.29,1827,1460,0.881637,0,2,819842,818015,1827
878921,2250.83,1810.51,2274,1460,0.634655,0,2,822116,819842,2274
880381,1252.54,2250.83,1200,1460,0.763862,0,2,823316,822116,1200
881841,1635.83,1252.54,1656,1460,0.857545,0,2,824972,823316,1656
883301,1654.99,1635.83,1656,1460,0.895018,0,2,826628,824972,1656
886221,1659.42,1724.35,1656,1460,0.869203,0,2,830012,828356,1656
887681,1633.37,1659.42,1632,1460,0.845681,0,2,831644,830012,1632
889141,1632.07,1633.37,1632,1460,0.938272,0,2,833276,831644,1632
890601,1449.6,1632.07,1440,1460,0.765309,0,2,834716,833276,1440
892061,1486.08,1449.6,1488,1460,0.636124,0,2,836204,834716,1488
893521,1305.5,1486.08,1296,1460,0.692449,0,2,837500,836204,1296
894981,1501.68,1305.5,1512,1460,0.87698,0,2,839012,837500,1512
896441,1716.68,1501.68,1728,1460,0.896792,0,2,840740,839012,1728
897901,1681.83,1716.68,1680,1460,0.772717,0,2,842420,840740,1680
899361,1474.89,1681.83,1464,1460,0.807087,0,2,843884,842420,1464
900821,1624.14,1474.89,1632,1460,0.922835,0,2,845516,843884,1632
902281,1677.21,1624.14,1680,1460,0.921134,0,2,847196,845516,1680
903741,1771.06,1677.21,1776,1460,0.902454,0,2,848972,847196,1776
908121,1696.03,1544.57,1704,1460,0.890797,0,2,853916,852212,1704
909581,1635.2,1696.03,1632,1460,0.806319,0,2,855548,853916,1632
911041,1540.96,1635.2,1536,1460,0.922528,0,2,857084,855548,1536
912501,1011.85,1540.96,984,1460,0.825011,0,2,858068,857084,984
913961,1783.39,1011.85,1824,1460,0.876004,0,2,859892,858068,1824
916881,1317.74,1730.77,1296,1460,0.920161,0,2,862916,861620,1296
918341,2026.69,1317.74,2064,1460,0.734064,0,2,864980,862916,2064
919801,1400.93,2026.69,1368,1460,0.647626,0,2,866348,864980,1368
921261,1346.85,1400.93,1344,1460,0.84105,0,2,867692,866348,1344
922721,1777.34,1346.85,1800,1460,0.92442,0,2,869492,867692,1800
924181,1730.47,1777.34,1728,1460,0.891768,0,2,871220,869492,1728
925641,1659.72,1730.47,1656,1460,0.794707,0,2,872876,871220,1656
927101,1519.39,1659.72,1512,1460,0.683883,0,2,874388,872876,1512
928561,1375.57,1519.39,1368,1460,0.783553,0,2,875756,874388,1368
930021,1641.98,1375.57,1656,1460,0.913421,0,2,877412,875756,1656
931481,1723.7,1641.98,1728,1460,0.929368,0,2,879140,877412,1728
932941,1796.18,1723.7,1800,1460,0.929747,0,2,880940,879140,1800
935861,1615.31,1754.21,1608,1460,0.77876,0,2,884300,882692,1608
937321,1494.37,1615.31,1488,1460,0.653504,0,2,885788,884300,1488
938781,1328.72,1494.37,1320,1460,0.759402,0,2,887108,885788,1320
940241,1616.84,1328.72,1632,1460,0.903761,0,2,888740,887108,1632
941701,1654.04,1616.84,1656,1460,0.877504,0,2,890396,888740,1656
943161,1633.1,1654.04,1632,1460,0.873002,0,2,892028,890396,1632
944621,1677.66,1633.1,1680,1460,0.907201,0,2,893708,892028,1680
946081,1588.68,1677.66,1584,1460,0.89088,0,2,895292,893708,1584
947541,1675.43,1588.68,1680,1460,0.926352,0,2,896972,895292,1680
949001,1770.97,1675.43,1776,1460,0.712541,0,2,898748,896972,1776
950461,1661.75,1770.97,1656,1460,0.687016,0,2,900404,898748,1656
951921,1451.09,1661.75,1440,1460,0.874807,0,2,901844,900404,1440
953381,1326.55,1451.09,1320,1460,0.895923,0,2,903164,901844,1320
954841,1890.33,1326.55,1920,1460,0.676369,0,2,905084,903164,1920
956301,1302.92,1890.33,1272,1460,0.816548,0,2,906356,905084,1272
957761,1706.75,1302.92,1728,1460,0.926619,0,2,908084,906356,1728
960681,1775.83,1772.54,1776,1460,0.850259,0,2,911636,909860,1776
962141,1570.79,1775.83,1560,1460,0.940104,0,2,913196,911636,1560
963601,1771.44,1570.79,1782,1460,0.910041,0,2,914978,913196,1782
965061,1479.37,1771.44,1464,1460,0.670017,0,2,916442,914978,1464
966521,1259.57,1479.37,1248,1460,0.742007,0,2,917690,916442,1248
967981,1567.78,1259.57,1584,1460,0.890803,0,2,919274,917690,1584
969441,1628.79,1567.78,1632,1460,0.902321,0,2,920906,919274,1632
972361,1636.55,1723.04,1632,1460,0.864371,0,2,924266,922634,1632
973821,1883.03,1636.55,1896,1460,0.831749,0,2,926162,924266,1896
975281,1621.75,1883.03,1608,1460,0.932699,0,2,927770,926162,1608
976741,1585.89,1621.75,1584,1460,0.80508,0,2,929354,927770,1584
978201,1538.49,1585.89,1536,1460,0.772032,0,2,930890,929354,1536
979661,1536.12,1538.49,1536,1460,0.818813,0,2,932426,930890,1536
981121,1650.01,1536.12,1656,1460,0.861525,0,2,934082,932426,1656
982581,1701.3,1650.01,1704,1460,0.94461,0,2,935786,934082,1704
984041,1635.47,1701.3,1632,1460,0.869844,0,2,937418,935786,1632
985501,1632.17,1635.47,1632,1460,0.947938,0,2,939050,937418,1632
986961,1677.61,1632.17,1680,1460,0.889175,0,2,940730,939050,1680
988421,1657.08,1677.61,1656,1460,0.70967,0,2,942386,940730,1656
989881,1359.65,1657.08,1344,1460,0.883868,0,2,943730,942386,1344
991341,1595.58,1359.65,1608,1460,0.767547,0,2,945338,943730,1608
992801,1470.58,1595.58,1464,1460,0.685019,0,2,946802,945338,1464
994261,1395.93,1470.58,1392,1460,0.874008,0,2,948194,946802,1392
995721,1506.2,1395.93,1512,1460,0.823603,0,2,949706,948194,1512
997181,1580.11,1506.2,1584,1460,0.929441,0,2,951290,949706,1584
998641,1766.21,1580.11,1776,1460,0.869776,0,2,953066,951290,1776
1000101,1661.51,1766.21,1656,1460,0.797911,0,2,954722,953066,1656
1001561,1542.28,1661.51,1536,1460,0.829164,0,2,956258,954722,1536
1003021,1650.31,1542.28,1656,1460,0.901666,0,2,957914,956258,1656
1004481,1701.32,1650.31,1704,1460,0.882666,0,2,959618,957914,1704
1008861,2338.92,1178.45,2400,1460,0.740491,0,2,964850,962450,2400
1010321,1416.55,2338.92,1368,1460,0.638196,0,2,966218,964850,1368
1011781,1324.83,1416.55,1320,1460,0.549278,0,2,967538,966218,1320
1013241,1229.04,1324.83,1224,1460,0.729711,0,2,968762,967538,1224
1014701,1634.65,1229.04,1656,1460,0.891885,0,2,970418,968762,1656
1016161,1677.73,1634.65,1680,1460,0.818754,0,2,972098,970418,1680
1017621,1657.09,1677.73,1656,1460,0.777502,0,2,973754,972098,1656
1019081,1542.05,1657.09,1536,1460,0.911001,0,2,975290,973754,1536
1020541,1718.7,1542.05,1728,1460,0.8264,0,2,977018,975290,1728
1022001,1659.14,1718.7,1656,1460,0.73256,0,2,978674,977018,1656
1023461,1450.96,1659.14,1440,1460,0.839024,0,2,980114,978674,1440
1024921,1714.15,1450.96,1728,1460,0.81561,0,2,981842,980114,1728
1026381,1567.71,1714.15,1560,1460,0.752244,0,2,983402,981842,1560
1027841,1491.99,1567.71,1488,1460,0.900898,0,2,984890,983402,1488
1029301,1784.6,1491.99,1800,1460,0.924359,0,2,986690,984890,1800
1030761,1708.03,1784.6,1704,1460,0.771744,0,2,988394,986690,1704
1032221,1453.4,1708.03,1440,1460,0.902697,0,2,989834,988394,1440
1033681,1805.47,1453.4,1824,1460,0.775079,0,2,991658,989834,1824
1035141,1549.47,1805.47,1536,1460,0.688032,0,2,993194,991658,1536
1036601,1399.87,1549.47,1392,1460,0.821213,0,2,994586,993194,1392
1038061,1711.59,1399.87,1728,1460,0.886485,0,2,996314,994586,1728
1039521,1704.38,1711.59,1704,1460,0.804594,0,2,998018,996314,1704
1040981,1544.42,1704.38,1536,1460,0.759838,0,2,999554,998018,1536
1042441,1513.62,1544.42,1512,1460,0.903935,0,2,1001066,999554,1512
1043901,1626.08,1513.62,1632,1460,0.871574,0,2,1002698,1001066,1632
1045361,1654.5,1626.08,1656,1460,0.94863,0,2,1004354,1002698,1656
1046821,1815.53,1654.5,1824,1460,0.895452,0,2,1006178,1004354,1824
1048281,1755.18,1815.53,1752,1460,0.760181,0,2,1007930,1006178,1752
1049741,1455.76,1755.18,1440,1460,0.850072,0,2,1009370,1007930,1440
1051201,1714.39,1455.76,1728,1460,0.754029,0,2,1011098,1009370,1728
1052661,1453.72,1714.39,1440,1460,0.643612,0,2,1012538,1011098,1440
1054121,1326.69,1453.72,1320,1460,0.683445,0,2,1013858,1012538,1320
1055581,1479.93,1326.69,1488,1460,0.873378,0,2,1015346,1013858,1488
1057041,1624.4,1479.93,1632,1460,0.895351,0,2,1016978,1015346,1632
1058501,1768.42,1624.4,1776,1460,0.89214,0,2,1018754,1016978,1776
1061421,1476.16,1707.22,1464,1460,0.784743,0,2,1021922,1020458,1464
1062881,1441.81,1476.16,1440,1460,0.835897,0,2,1023362,1021922,1440
1064341,1668.09,1441.81,1680,1460,0.874359,0,2,1025042,1023362,1680
1065801,1679.4,1668.09,1680,1460,0.949744,0,2,1026722,1025042,1680
1067261,1816.77,1679.4,1824,1460,0.919897,0,2,1028546,1026722,1824
1068721,1527.24,1816.77,1512,1460,0.745959,0,2,1030058,1028546,1512
1070181,1398.76,1527.24,1392,1460,0.760384,0,2,1031450,1030058,1392
1071641,1551.94,1398.76,1560,1460,0.904153,0,2,1033010,1031450,1560
1073101,1696.4,1551.94,1704,1460,0.913661,0,2,1034714,1033010,1704
1074561,1749.22,1696.4,1752,1460,0.875465,0,2,1036466,1034714,1752
1077481,1519.43,1660.66,1512,1460,0.866074,0,2,1039634,1038122,1512
1078941,1603.57,1519.43,1608,1460,0.80843,0,2,1041242,1039634,1608
1080401,1562.18,1603.57,1560,1460,0.923372,0,2,1042802,1041242,1560
1081861,1651.31,1562.18,1656,1460,0.891349,0,2,1044458,1042802,1656
1083321,1678.57,1651.31,1680,1460,0.93854,0,2,1046138,1044458,1680
1084781,1793.93,1678.57,1800,1460,0.801416,0,2,1047938,1046138,1800
1086241,1434.9,1793.93,1416,1460,0.674566,0,2,1049354,1047938,1416
1087701,1348.54,1434.9,1344,1460,0.779827,0,2,1050698,1049354,1344
1089161,1640.63,1348.54,1656,1460,0.821931,0,2,1052354,1050698,1656
1090621,1358.83,1640.63,1344,1460,0.670772,0,2,1053698,1052354,1344
1092081,1321.94,1358.83,1320,1460,0.766309,0,2,1055018,1053698,1320
1093541,1616.5,1321.94,1632,1460,0.906524,0,2,1056650,1055018,1632
1095001,1494.42,1616.5,1488,1460,0.836609,0,2,1058138,1056650,1488
1096461,1602.32,1494.42,1608,1460,0.724644,0,2,1059746,1058138,1608
1097921,1425.32,1602.32,1416,1460,0.889857,0,2,1061162,1059746,1416
1100841,1595,1804.07,1584,1460,0.712377,0,2,1064570,1062986,1584
1102301,1310.95,1595,1296,1460,0.662951,0,2,1065866,1064570,1296
1103761,1387.95,1310.95,1392,1460,0.86518,0,2,1067258,1065866,1392
1105221,1711,1387.95,1728,1460,0.928072,0,2,1068986,1067258,1728
1108141,1778.12,1818.35,1776,1460,0.832492,0,2,1072586,1070810,1776
1109601,1593.71,1778.12,1584,1460,0.920997,0,2,1074170,1072586,1584
1112521,1434.68,1789.69,1416,1460,0.615359,0,2,1077386,1075970,1416
1113981,1166.13,1434.68,1152,1460,0.564144,0,2,1078538,1077386,1152
1115441,1266.71,1166.13,1272,1460,0.687658,0,2,1079810,1078538,1272
1116901,1545.34,1266.71,1560,1460,0.749063,0,2,1081370,1079810,1560
1118361,1582.07,1545.34,1584,1460,0.899625,0,2,1082954,1081370,1584
1119821,1629.5,1582.07,1632,1460,0.88785,0,2,1084586,1082954,1632
1121281,1791.48,1629.5,1800,1460,0.82914,0,2,1086386,1084586,1800
1122741,1594.37,1791.48,1584,1460,0.931656,0,2,1087970,1086386,1584
1124201,1789.72,1594.37,1800,1460,0.864662,0,2,1089770,1087970,1800
1125661,1662.69,1789.72,1656,1460,0.735865,0,2,1091426,1089770,1656
1127121,1428.33,1662.69,1416,1460,0.852346,0,2,1092842,1091426,1416
1128581,1735.82,1428.33,1752,1460,0.934938,0,2,1094594,1092842,1752
1135881,2155.79,1619.71,2184,1460,0.81295,0,2,1103786,1101602,2184
1137341,1498.59,2155.79,1464,1460,0.92518,0,2,1105250,1103786,1464
1138801,986.929,1498.59,960,1460,0.652072,0,2,1106210,1105250,960
1140261,1554.15,986.929,1584,1460,0.662829,0,2,1107794,1106210,1584
1141721,1445.71,1554.15,1440,1460,0.775132,0,2,1109234,1107794,1440
1143181,1645.49,1445.71,1656,1460,0.910053,0,2,1110890,1109234,1656
1146101,1972.89,1153.87,2016,1460,0.829608,0,2,1114034,1112018,2016
1147561,1550.24,1972.89,1528,1460,0.409843,0,1,1115562,1114034,1528
1149021,829.912,1550.24,792,1460,0.343937,0,1,1116354,1115562,792
1150481,998.146,829.912,1007,1460,0.575575,0,2,1117361,1116354,1007
1151941,1486.31,998.146,1512,1460,0.83023,0,2,1118873,1117361,1512
1153401,1647.52,1486.31,1656,1460,0.926092,0,2,1120529,1118873,1656
1154861,1701.18,1647.52,1704,1460,0.928437,0,2,1122233,1120529,1704
1159241,1721.21,1592.27,1728,1460,0.85742,0,2,1127297,1125569,1728
1160701,1590.86,1721.21,1584,1460,0.888968,0,2,1128881,1127297,1584
1163621,2046.86,1721.14,2064,1460,0.880235,0,2,1132673,1130609,2064
1166541,1678.64,1652.74,1680,1460,0.866838,0,2,1135985,1134305,1680
1168001,1611.53,1678.64,1608,1460,0.712735,0,2,1137593,1135985,1608
1169461,1380.18,1611.53,1368,1460,0.885094,0,2,1138961,1137593,1368
1170921,1596.61,1380.18,1608,1460,0.684038,0,2,1140569,1138961,1608
1172381,1311.03,1596.61,1296,1460,0.639615,0,2,1141865,1140569,1296
1173841,1365.15,1311.03,1368,1460,0.849846,0,2,1143233,1141865,1368
1175301,1801.06,1365.15,1824,1460,0.855938,0,2,1145057,1143233,1824
1176761,1731.65,1801.06,1728,1460,0.732375,0,2,1146785,1145057,1728
1178221,1431.78,1731.65,1416,1460,0.82695,0,2,1148201,1146785,1416
1179681,1690.39,1431.78,1704,1460,0.93078,0,2,1149905,1148201,1704
1181141,1680.52,1690.39,1680,1460,0.918312,0,2,1151585,1149905,1680
1184061,1682.28,1725.63,1680,1460,0.88493,0,2,1154993,1153313,1680
1185521,1657.31,1682.28,1656,1460,0.827972,0,2,1156649,1154993,1656
1186981,1587.67,1657.31,1584,1460,0.931189,0,2,1158233,1156649,1584
1188441,1766.58,1587.67,1776,1460,0.918476,0,2,1160009,1158233,1776
1189901,1729.93,1766.58,1728,1460,0.81739,0,2,1161737,1160009,1728
1191361,1545.7,1729.93,1536,1460,0.926956,0,2,1163273,1161737,1536
1192821,1126.08,1545.7,1104,1460,0.826782,0,2,1164377,1163273,1104
1194281,2245.1,1126.08,2304,1460,0.528713,0,2,1166681,1164377,2304
1195741,1092.66,2245.1,1032,1460,0.811485,0,2,1167713,1166681,1032
1197201,1354.23,1092.66,1368,1460,0.858594,0,2,1169081,1167713,1368
1198661,2074.11,1354.23,2112,1460,0.739438,0,2,1171193,1169081,2112
1200121,1517.31,2074.11,1488,1460,0.769775,0,2,1172681,1171193,1488
1201581,1535.07,1517.31,1536,1460,0.88391,0,2,1174217,1172681,1536
1203041,1741.15,1535.07,1752,1460,0.947564,0,2,1175969,1174217,1752
1207421,1754.45,1800.99,1752,1460,0.933764,0,2,1181345,1179593,1752
1208881,1706.52,1754.45,1704,1460,0.853506,0,2,1183049,1181345,1704
1210341,1612.93,1706.52,1608,1460,0.941402,0,2,1184657,1183049,1608
1211801,1767.85,1612.93,1776,1460,0.874561,0,2,1186433,1184657,1776
1213261,1638.79,1767.85,1632,1460,0.949824,0,2,1188065,1186433,1632
1216181,1677.62,1632.34,1680,1460,0.817972,0,2,1191377,1189697,1680
1217641,1497.48,1677.62,1488,1460,0.927189,0,2,1192865,1191377,1488
1220561,1746.8,1648.07,1752,1460,0.92835,0,2,1196273,1194521,1752
1222021,1820.14,1746.8,1824,1460,0.90534,0,2,1198097,1196273,1824
1223481,1709.81,1820.14,1704,1460,0.848136,0,2,1199801,1198097,1704
1224941,1613.09,1709.81,1608,1460,0.861254,0,2,1201409,1199801,1608
1226401,1676.65,1613.09,1680,1460,0.944502,0,2,1203089,1201409,1680
1227861,1337.83,1676.65,1320,1460,0.899801,0,2,1204409,1203089,1320
1232241,1322,1815.94,1296,1460,0.818627,0,2,1209209,1207913,1296
1233701,1502.5,1322,1512,1460,0.909451,0,2,1210721,1209209,1512
1236621,1685.26,1785.13,1680,1460,0.895512,0,2,1214201,1212521,1680
1238081,1657.46,1685.26,1656,1460,0.880205,0,2,1215857,1214201,1656
1242461,1841.88,1725.54,1848,1460,0.827933,0,2,1221113,1219265,1848
1243921,1528.49,1841.88,1512,1460,0.865173,0,2,1222625,1221113,1512
1245381,1695.22,1528.49,1704,1460,0.946069,0,2,1224329,1222625,1704
1246841,1543.96,1695.22,1536,1460,0.876428,0,2,1225865,1224329,1536
1248301,1673.2,1543.96,1680,1460,0.824571,0,2,1227545,1225865,1680
1249761,1588.46,1673.2,1584,1460,0.929828,0,2,1229129,1227545,1584
1251221,1333.42,1588.46,1320,1460,0.797931,0,2,1230449,1229129,1320
1252681,1503.07,1333.42,1512,1460,0.553173,0,2,1231961,1230449,1512
1254141,1123.95,1503.07,1104,1460,0.623269,0,2,1233065,1231961,1104
1255601,1424.2,1123.95,1440,1460,0.735308,0,2,1234505,1233065,1440
1257061,1598.81,1424.2,1608,1460,0.894123,0,2,1236113,1234505,1608
1258521,1653.14,1598.81,1656,1460,0.909649,0,2,1237769,1236113,1656
1259981,1701.46,1653.14,1704,1460,0.89786,0,2,1239473,1237769,1704
1262901,1521.59,1703.87,1512,1460,0.905658,0,2,1242689,1241177,1512
1264361,1672.08,1521.59,1680,1460,0.872263,0,2,1244369,1242689,1680
1265821,1656.8,1672.08,1656,1460,0.948905,0,2,1246025,1244369,1656
1267281,1724.44,1656.8,1728,1460,0.913562,0,2,1247753,1246025,1728
1268741,1796.22,1724.44,1800,1460,0.827425,0,2,1249553,1247753,1800
1270201,1571.81,1796.22,1560,1460,0.93097,0,2,1251113,1249553,1560
1271661,1742.99,1571.81,1752,1460,0.906388,0,2,1252865,1251113,1752
1273121,1751.55,1742.99,1752,1460,0.752555,0,2,1254617,1252865,1752
1274581,1432.78,1751.55,1416,1460,0.901022,0,2,1256033,1254617,1416
1276041,1188.84,1432.78,1176,1460,0.690409,0,2,1257209,1256033,1176
1277501,1381.84,1188.84,1392,1460,0.642164,0,2,1258601,1257209,1392
1278961,1368.69,1381.84,1368,1460,0.856865,0,2,1259969,1258601,1368
1280421,1801.23,1368.69,1824,1460,0.900746,0,2,1261793,1259969,1824
1281881,1777.26,1801.23,1776,1460,0.774298,0,2,1263569,1261793,1776
1283341,1479.66,1777.26,1464,1460,0.909719,0,2,1265033,1263569,1464
1284801,1806.78,1479.66,1824,1460,0.849888,0,2,1266857,1265033,1824
1286261,1617.94,1806.78,1608,1460,0.681955,0,2,1268465,1266857,1608
1287721,1334.9,1617.94,1320,1460,0.782782,0,2,1269785,1268465,1320
1289181,1639.94,1334.9,1656,1460,0.913113,0,2,1271441,1269785,1656
1290641,1746.4,1639.94,1752,1460,0.941245,0,2,1273193,1271441,1752
1292101,1797.32,1746.4,1800,1460,0.802498,0,2,1274993,1273193,1800
1293561,1503.47,1797.32,1488,1460,0.890999,0,2,1276481,1274993,1488
1297941,1750.89,1729.72,1752,1460,0.876624,0,2,1281737,1279985,1752
1299401,1615.14,1750.89,1608,1460,0.87865,0,2,1283345,1281737,1608
1302321,1679.84,1676.76,1680,1460,0.818584,0,2,1286705,1285025,1680
1303781,1543.19,1679.84,1536,1460,0.927434,0,2,1288241,1286705,1536
1305241,1809.96,1543.19,1824,1460,0.814973,0,2,1290065,1288241,1824
1306701,1526.9,1809.96,1512,1460,0.727989,0,2,1291577,1290065,1512
1308161,1467.14,1526.9,1464,1460,0.891196,0,2,1293041,1291577,1464
1309621,1760.56,1467.14,1776,1460,0.914478,0,2,1294817,1293041,1776
1311081,1752.43,1760.56,1752,1460,0.935791,0,2,1296569,1294817,1752
1314001,1616.34,1774.82,1608,1460,0.875727,0,2,1299953,1298345,1608
1318381,2339.88,1653.62,2376,1460,0.686047,0,2,1305593,1303217,2376
1319841,1279.79,2339.88,1224,1460,0.874419,0,2,1306817,1305593,1224
1321301,1591.59,1279.79,1608,1460,0.847767,0,2,1308425,1306817,1608
1322761,1629.98,1591.59,1632,1460,0.927107,0,2,1310057,1308425,1632
1325681,1183.97,1791.5,1152,1460,0.814337,0,2,1313009,1311857,1152
1327141,1700.8,1183.97,1728,1460,0.925735,0,2,1314737,1313009,1728
1332981,2220.5,1546.05,2256,1460,0.747299,0,2,1321949,1319693,2256
1334441,1413.48,2220.5,1371,1460,0.29892,0,1,1323320,1321949,1371
1335901,682.474,1413.48,644,1460,0.485568,0,1,1323964,1323320,644
1337361,1338.47,682.474,1373,1460,0.608227,0,2,1325337,1323964,1373
1338821,1457.72,1338.47,1464,1460,0.843291,0,2,1326801,1325337,1464
1340281,1760.09,1457.72,1776,1460,0.877316,0,2,1328577,1326801,1776
1341741,1912,1760.09,1920,1460,0.812927,0,2,1330497,1328577,1920
1343201,1582.35,1912,1565,1460,0.895171,0,2,1332062,1330497,1565
1344661,1763.47,1582.35,1773,1460,0.784068,0,2,1333835,1332062,1773
1346121,1501.77,1763.47,1488,1460,0.913627,0,2,1335323,1333835,1488
1350501,1635.26,1697.22,1632,1460,0.742472,0,2,1340060,1338428,1632
1351961,1341.46,1635.26,1326,1460,0.896989,0,2,1341386,1340060,1326
1353421,1784.67,1341.46,1808,1460,0.886796,0,2,1343194,1341386,1808
1357801,2278.82,1021.34,2345,1460,0.566755,0,2,1348251,1345906,2345
1359261,1071.54,2278.82,1008,1460,0.826702,0,2,1349259,1348251,1008
1360721,1603.98,1071.54,1632,1460,0.768681,0,2,1350891,1349259,1632
1362181,1516.6,1603.98,1512,1460,0.769472,0,2,1352403,1350891,1512
1363641,1557.83,1516.6,1560,1460,0.907789,0,2,1353963,1352403,1560
1365101,1377.49,1557.83,1368,1460,0.849116,0,2,1355331,1353963,1368
1366561,1984.07,1377.49,2016,1460,0.939646,0,2,1357347,1355331,2016
1368021,1757.9,1984.07,1746,1460,0.561858,0,2,1359093,1357347,1746
1369481,1404.6,1757.9,1386,1460,0.224743,0,1,1360479,1359093,1386
1370941,682.03,1404.6,644,1460,0.0898974,0,1,1361123,1360479,644
1372401,645.901,682.03,644,1460,0.0479589,0,1,1361767,1361123,644
1373861,657.395,645.901,658,1460,0.0731836,0,1,1362425,1361767,658
1375321,739.67,657.395,744,1460,0.131273,0,1,1363169,1362425,744
1376781,834.983,739.67,840,1460,0.262509,0,1,1364009,1363169,840
1378241,1044.95,834.983,1056,1460,0.555004,0,2,1365065,1364009,1056
1379701,1511.45,1044.95,1536,1460,0.822002,0,2,1366601,1365065,1536
1381161,1397.97,1511.45,1392,1460,0.790801,0,2,1367993,1366601,1392
1382621,1643.1,1397.97,1656,1460,0.68232,0,2,1369649,1367993,1656
1384081,1381.75,1643.1,1368,1460,0.734928,0,2,1371017,1369649,1368
1385541,1551.09,1381.75,1560,1460,0.893971,0,2,1372577,1371017,1560
1387001,1445.55,1551.09,1440,1460,0.747589,0,2,1374017,1372577,1440
1388461,1531.48,1445.55,1536,1460,0.689035,0,2,1375553,1374017,1536
1389921,1421.77,1531.48,1416,1460,0.875614,0,2,1376969,1375553,1416
1391381,1712.69,1421.77,1728,1460,0.878246,0,2,1378697,1376969,1728
1394301,1841.96,1727.23,1848,1460,0.914519,0,2,1382273,1380425,1848
1395761,1733.7,1841.96,1728,1460,0.779808,0,2,1384001,1382273,1728
1397221,1477.48,1733.7,1464,1460,0.911923,0,2,1385465,1384001,1464
1398681,1669.87,1477.48,1680,1460,0.880769,0,2,1387145,1385465,1680
1400141,1702.29,1669.87,1704,1460,0.874308,0,2,1388849,1387145,1704
1401601,1681.11,1702.29,1680,1460,0.949723,0,2,1390529,1388849,1680
1403061,1771.26,1681.11,1776,1460,0.871889,0,2,1392305,1390529,1776
1404521,1661.76,1771.26,1656,1460,0.750756,0,2,1393961,1392305,1656
1405981,1451.09,1661.76,1440,1460,0.900302,0,2,1395401,1393961,1440
1407441,1759.75,1451.09,1776,1460,0.870121,0,2,1397177,1395401,1776
1408901,1706.79,1759.75,1704,1460,0.822048,0,2,1398881,1397177,1704
1410361,1590.14,1706.79,1584,1460,0.928819,0,2,1400465,1398881,1584
1411821,1470.31,1590.14,1464,1460,0.863528,0,2,1401929,1400465,1464
1413281,1646.72,1470.31,1656,1460,0.807411,0,2,1403585,1401929,1656
1414741,1564.34,1646.72,1560,1460,0.922964,0,2,1405145,1403585,1560
1416201,1651.42,1564.34,1656,1460,0.867186,0,2,1406801,1405145,1656
1417661,1632.97,1651.42,1632,1460,0.808874,0,2,1408433,1406801,1632
1419121,1563.65,1632.97,1560,1460,0.92355,0,2,1409993,1408433,1560
1420581,1719.78,1563.65,1728,1460,0.90342,0,2,1411721,1409993,1728
1422041,1704.79,1719.78,1704,1460,0.727368,0,2,1413425,1411721,1704
1423501,1384.84,1704.79,1368,1460,0.884947,0,2,1414793,1413425,1368
1424961,1802.04,1384.84,1824,1460,0.803979,0,2,1416617,1414793,1824
1426421,1594.9,1802.04,1584,1460,0.699592,0,2,1418201,1416617,1584
1427881,1402.15,1594.9,1392,1460,0.801837,0,2,1419593,1418201,1392
1429341,1666.11,1402.15,1680,1460,0.836735,0,2,1421273,1419593,1680
1430801,1656.51,1666.11,1656,1460,0.724694,0,2,1422929,1421273,1656
1432261,1428.03,1656.51,1416,1460,0.871877,0,2,1424345,1422929,1416
1433721,1781.4,1428.03,1800,1460,0.702751,0,2,1426145,1424345,1800
1435181,1388.67,1781.4,1368,1460,0.5991,0,2,1427513,1426145,1368
1436641,1277.83,1388.67,1272,1460,0.68964,0,2,1428785,1427513,1272
1438101,1523.09,1277.83,1536,1460,0.809856,0,2,1430321,1428785,1536
1439561,1694.95,1523.09,1704,1460,0.923942,0,2,1432025,1430321,1704
1442481,1882.96,1635.15,1896,1460,0.861831,0,2,1435553,1433657,1896
1443941,1598.95,1882.96,1584,1460,0.938732,0,2,1437137,1435553,1584
1445401,1630.35,1598.95,1632,1460,0.849493,0,2,1438769,1437137,1632
1446861,1586.32,1630.35,1584,1460,0.885797,0,2,1440353,1438769,1584
1449781,1750.45,1720.92,1752,1460,0.927728,0,2,1443833,1442081,1752
1451241,1729.12,1750.45,1728,1460,0.845091,0,2,1445561,1443833,1728
1452701,1591.26,1729.12,1584,1460,0.920036,0,2,1447145,1445561,1584
1454161,1789.56,1591.26,1800,1460,0.884015,0,2,1448945,1447145,1800
1455621,1685.48,1789.56,1680,1460,0.851606,0,2,1450625,1448945,1680
1457081,1634.67,1685.48,1632,1460,0.940642,0,2,1452257,1450625,1632
1458541,1700.53,1634.67,1704,1460,0.886257,0,2,1453961,1452257,1704
1460001,1703.83,1700.53,1704,1460,0.804503,0,2,1455665,1453961,1704
1461461,1544.39,1703.83,1536,1460,0.921801,0,2,1457201,1455665,1536
1464381,1819.88,1741.62,1824,1460,0.931088,0,2,1460777,1458953,1824
1465841,1732.59,1819.88,1728,1460,0.948435,0,2,1462505,1460777,1728
1467301,1454.63,1732.59,1440,1460,0.817374,0,2,1463945,1462505,1440
1468761,1509.13,1454.63,1512,1460,0.83695,0,2,1465457,1463945,1512
1470221,1648.66,1509.13,1656,1460,0.93478,0,2,1467113,1465457,1656
1471681,1450.43,1648.66,1440,1460,0.823912,0,2,1468553,1467113,1440
1473141,1531.72,1450.43,1536,1460,0.731565,0,2,1470089,1468553,1536
1474601,1444.59,1531.72,1440,1460,0.892626,0,2,1471529,1470089,1440
1476061,1805.03,1444.59,1824,1460,0.81905,0,2,1473353,1471529,1824
1477521,1549.45,1805.03,1536,1460,0.77762,0,2,1474889,1473353,1536
1478981,1536.67,1549.45,1536,1460,0.911048,0,2,1476425,1474889,1536
1480441,1627.23,1536.67,1632,1460,0.892419,0,2,1478057,1476425,1632
1481901,1700.16,1627.23,1704,1460,0.854968,0,2,1479761,1478057,1704
1483361,1635.41,1700.16,1632,1460,0.941987,0,2,1481393,1479761,1632
1484821,1358.57,1635.41,1344,1460,0.766795,0,2,1482737,1481393,1344
1486281,1413.13,1358.57,1416,1460,0.804718,0,2,1484153,1482737,1416
1487741,1621.06,1413.13,1632,1460,0.921887,0,2,1485785,1484153,1632
1490661,1885.05,1677.05,1896,1460,0.897502,0,2,1489361,1487465,1896
1493581,1018.17,1667.45,984,1460,0.9356,0,2,1492001,1491017,984
1499421,1765.85,1573.04,1776,1460,0.883583,0,2,1499417,1497641,1776
1503801,2325.14,902.735,2400,1460,0.565349,0,2,1504313,1501913,2400
1505261,1187.86,2325.14,1128,1460,0.62814,0,2,1505441,1504313,1128
1506721,1427.39,1187.86,1440,1460,0.641256,0,2,1506881,1505441,1440
1508181,1416.57,1427.39,1416,1460,0.730502,0,2,1508297,1506881,1416
1509641,1666.83,1416.57,1680,1460,0.772201,0,2,1509977,1508297,1680
1511101,1588.14,1666.83,1584,1460,0.90888,0,2,1511561,1509977,1584
1514021,2721.92,1542.41,2784,1460,0.649421,0,2,1515885,1513101,2784
1515481,1331.2,2721.92,1258,1460,0.601768,0,2,1517143,1515885,1258
1516941,1320.56,1331.2,1320,1460,0.702707,0,2,1518463,1517143,1320
1518401,1548.03,1320.56,1560,1460,0.881083,0,2,1520023,1518463,1560
1522781,2186.75,1023.03,2248,1460,0.818389,0,2,1525031,1522783,2248
1524241,1549.54,2186.75,1516,1460,0.537356,0,2,1526547,1525031,1516
1525701,1080.68,1549.54,1056,1460,0.472942,0,1,1527603,1526547,1056
1527161,1148.43,1080.68,1152,1460,0.765177,0,2,1528755,1527603,1152
1528621,1750.32,1148.43,1782,1460,0.906071,0,2,1530537,1528755,1782
1530081,2344.72,1750.32,2376,1460,0.776428,0,2,1532913,1530537,2376
1531541,1622.04,2344.72,1584,1460,0.556571,0,2,1534497,1532913,1584
1533001,1152.7,1622.04,1128,1460,0.504629,0,2,1535625,1534497,1128
1534461,1197.64,1152.7,1200,1460,0.801851,0,2,1536825,1535625,1200
1535921,1473.48,1197.64,1488,1460,0.920741,0,2,1538313,1536825,1488
1540301,2158.55,1047.92,2217,1460,0.796927,0,2,1543362,1541145,2217
1541761,1497.78,2158.55,1463,1460,0.342771,0,1,1544825,1543362,1463
1543221,722.789,1497.78,682,1460,0.737108,0,2,1545507,1544825,682
1544681,1359.49,722.789,1393,1460,0.894843,0,2,1546900,1545507,1393
1546141,2393.57,1359.49,2448,1460,0.723937,0,2,1549348,1546900,2448
1547601,1578.88,2393.57,1536,1460,0.679575,0,2,1550884,1549348,1536
1549061,1424.14,1578.88,1416,1460,0.87183,0,2,1552300,1550884,1416
1550521,1690.01,1424.14,1704,1460,0.738732,0,2,1554004,1552300,1704
1551981,1406.9,1690.01,1392,1460,0.721493,0,2,1555396,1554004,1392
1553441,1475.39,1406.9,1479,1460,0.798597,0,2,1556875,1555396,1479
1554901,1646.97,1475.39,1656,1460,0.829439,0,2,1558531,1556875,1656
1556361,1678.35,1646.97,1680,1460,0.931776,0,2,1560211,1558531,1680
1560741,1730.96,1787.16,1728,1460,0.929634,0,2,1565275,1563547,1728
1563661,1658.47,1705.35,1656,1460,0.772741,0,2,1568635,1566979,1656
1565121,1496.52,1658.47,1488,1460,0.759097,0,2,1570123,1568635,1488
1566581,1534.03,1496.52,1536,1460,0.873639,0,2,1571659,1570123,1536
1568041,1763.9,1534.03,1776,1460,0.871455,0,2,1573435,1571659,1776
1569501,1615.8,1763.9,1608,1460,0.798582,0,2,1575043,1573435,1608
1570961,1539.99,1615.8,1536,1460,0.865433,0,2,1576579,1575043,1536
1572421,1718.6,1539.99,1728,1460,0.718173,0,2,1578307,1576579,1728
1573881,1545.13,1718.6,1536,1460,0.629269,0,2,1579843,1578307,1536
1575341,1331.26,1545.13,1320,1460,0.701708,0,2,1581163,1579843,1320
1576801,1525.76,1331.26,1536,1460,0.862683,0,2,1582699,1581163,1536
1578261,1786.29,1525.76,1800,1460,0.945073,0,2,1584499,1582699,1800
1579721,1571.31,1786.29,1560,1460,0.840029,0,2,1586059,1584499,1560
1581181,1560.57,1571.31,1560,1460,0.858012,0,2,1587619,1586059,1560
1582641,1674.03,1560.57,1680,1460,0.943205,0,2,1589299,1587619,1680
1584101,1474.5,1674.03,1464,1460,0.839282,0,2,1590763,1589299,1464
1585561,1555.73,1474.5,1560,1460,0.701713,0,2,1592323,1590763,1560
1587021,1377.39,1555.73,1368,1460,0.802685,0,2,1593691,1592323,1368
1588481,1664.87,1377.39,1680,1460,0.891074,0,2,1595371,1593691,1680
1589941,1770.44,1664.87,1776,1460,0.90843,0,2,1597147,1595371,1776
1591401,1707.32,1770.44,1704,1460,0.933372,0,2,1598851,1597147,1704
1597241,1800.46,1809.11,1800,1460,0.91895,0,2,1605787,1603987,1800
1598701,1594.82,1800.46,1584,1460,0.75758,0,2,1607371,1605787,1584
1600161,1424.94,1594.82,1416,1460,0.903032,0,2,1608787,1607371,1416
1601621,1507.65,1424.94,1512,1460,0.745213,0,2,1610299,1608787,1512
1603081,1488.98,1507.65,1488,1460,0.556085,0,2,1611787,1610299,1488
1604541,1168.85,1488.98,1152,1460,0.648434,0,2,1612939,1611787,1152
1606001,1472.04,1168.85,1488,1460,0.757374,0,2,1614427,1612939,1488
1607461,1624,1472.04,1632,1460,0.902949,0,2,1616059,1614427,1632
1608921,1563.2,1624,1560,1460,0.84718,0,2,1617619,1616059,1560
1610381,1651.36,1563.2,1656,1460,0.896872,0,2,1619275,1617619,1656
1613301,1592.15,1746.97,1584,1460,0.821499,0,2,1622611,1621027,1584
1614761,1538.81,1592.15,1536,1460,0.8746,0,2,1624147,1622611,1536
1616221,1718.54,1538.81,1728,1460,0.77584,0,2,1625875,1624147,1728
1617681,1841.53,1718.54,1848,1460,0.676336,0,2,1627723,1625875,1848
1619141,1391.68,1841.53,1368,1460,0.870534,0,2,1629091,1627723,1368
1620601,1711.18,1391.68,1728,1460,0.888214,0,2,1630819,1629091,1728
1622061,1727.16,1711.18,1728,1460,0.781285,0,2,1632547,1630819,1728
1623521,1499.96,1727.16,1488,1460,0.912514,0,2,1634035,1632547,1488
1624981,1693.8,1499.96,1704,1460,0.779006,0,2,1635739,1634035,1704
1626441,1475.49,1693.8,1464,1460,0.689602,0,2,1637203,1635739,1464
1627901,1396.17,1475.49,1392,1460,0.869841,0,2,1638595,1637203,1392
1629361,1802.61,1396.17,1824,1460,0.827936,0,2,1640419,1638595,1824
1630821,1617.73,1802.61,1608,1460,0.805175,0,2,1642027,1640419,1608
1632281,1585.69,1617.73,1584,1460,0.92207,0,2,1643611,1642027,1584
1633741,1652.48,1585.69,1656,1460,0.914828,0,2,1645267,1643611,1656
1635201,1701.42,1652.48,1704,1460,0.815931,0,2,1646971,1645267,1704
1636661,1544.27,1701.42,1536,1460,0.926372,0,2,1648507,1646971,1536
1638121,1490.81,1544.27,1488,1460,0.688549,0,2,1649995,1648507,1488
1639581,1282.94,1490.81,1272,1460,0.61742,0,2,1651267,1649995,1272
1641041,1318.15,1282.94,1320,1460,0.804968,0,2,1652587,1651267,1320
1642501,1730.31,1318.15,1752,1460,0.909987,0,2,1654339,1652587,1752
1643961,1773.72,1730.31,1776,1460,0.825995,0,2,1656115,1654339,1776
1645421,1570.69,1773.72,1560,1460,0.792398,0,2,1657675,1656115,1560
1646881,1560.53,1570.69,1560,1460,0.838959,0,2,1659235,1657675,1560
1648341,1674.03,1560.53,1680,1460,0.917584,0,2,1660915,1659235,1680
1649801,1497.3,1674.03,1488,1460,0.745034,0,2,1662403,1660915,1488
1651261,1397.27,1497.3,1392,1460,0.676013,0,2,1663795,1662403,1392
1652721,1392.26,1397.27,1392,1460,0.870405,0,2,1665187,1663795,1392
1654181,1711.21,1392.26,1728,1460,0.918162,0,2,1666915,1665187,1728
1657101,1708.58,1795.56,1704,1460,0.890906,0,2,1670419,1668715,1704
1658561,1658.63,1708.58,1656,1460,0.746362,0,2,1672075,1670419,1656
1660021,1428.13,1658.63,1416,1460,0.808545,0,2,1673491,1672075,1416
1661481,1644.61,1428.13,1656,1460,0.803418,0,2,1675147,1673491,1656
1662941,1518.63,1644.61,1512,1460,0.699367,0,2,1676659,1675147,1512
1664401,1398.33,1518.63,1392,1460,0.879747,0,2,1678051,1676659,1392
1665861,1757.12,1398.33,1776,1460,0.759899,0,2,1679827,1678051,1776
1667321,1455.86,1757.12,1440,1460,0.57396,0,2,1681267,1679827,1440
1668781,1189.99,1455.86,1176,1460,0.667584,0,2,1682443,1681267,1176
1670241,1495.9,1189.99,1512,1460,0.861034,0,2,1683955,1682443,1512
1671701,1807.59,1495.9,1824,1460,0.944413,0,2,1685779,1683955,1824
1673161,1709.18,1807.59,1704,1460,0.767765,0,2,1687483,1685779,1704
1674621,1476.26,1709.18,1464,1460,0.793106,0,2,1688947,1687483,1464
1676081,1601.41,1476.26,1608,1460,0.863243,0,2,1690555,1688947,1608
1677541,1721.67,1601.41,1728,1460,0.945297,0,2,1692283,1690555,1728
1679001,1818.88,1721.67,1824,1460,0.918119,0,2,1694107,1692283,1824
1680461,1732.54,1818.88,1728,1460,0.853248,0,2,1695835,1694107,1728
1681921,1614.23,1732.54,1608,1460,0.941299,0,2,1697443,1695835,1608
1683381,1676.71,1614.23,1680,1460,0.88652,0,2,1699123,1697443,1680
1684841,1679.84,1676.71,1680,1460,0.720608,0,2,1700803,1699123,1680
1686301,1383.59,1679.84,1368,1460,0.834243,0,2,1702171,1700803,1368
1687761,1710.78,1383.59,1728,1460,0.903697,0,2,1703899,1702171,1728
1695061,1659.61,1728.23,1656,1460,0.715094,0,2,1712611,1710955,1656
1696521,1291.38,1659.61,1272,1460,0.496038,0,1,1713883,1712611,1272
1697981,1067.77,1291.38,1056,1460,0.360415,0,1,1714939,1713883,1056
1699441,965.388,1067.77,960,1460,0.366166,0,1,1715899,1714939,960
1700901,1074.27,965.388,1080,1460,0.488466,0,1,1716979,1715899,1080
1702361,1307.71,1074.27,1320,1460,0.795387,0,2,1718299,1716979,1320
1703821,1775.39,1307.71,1800,1460,0.858155,0,2,1720099,1718299,1800
1705281,1867.17,1775.39,1872,1460,0.865262,0,2,1721971,1720099,1872
1706741,1689.36,1867.17,1680,1460,0.946105,0,2,1723651,1721971,1680
1709661,1550.06,1817.27,1536,1460,0.865377,0,2,1727011,1725475,1536
1711121,1696.3,1550.06,1704,1460,0.868151,0,2,1728715,1727011,1704
1712581,1680.82,1696.3,1680,1460,0.89326,0,2,1730395,1728715,1680
1715501,1683.42,1748.44,1680,1460,0.832922,0,2,1733827,1732147,1680
1716961,1543.37,1683.42,1536,1460,0.831169,0,2,1735363,1733827,1536
1718421,1627.57,1543.37,1632,1460,0.932468,0,2,1736995,1735363,1632
1721341,1793.87,1677.38,1800,1460,0.791195,0,2,1740475,1738675,1800
1722801,1457.69,1793.87,1440,1460,0.916478,0,2,1741915,1740475,1440
1724261,1440.88,1457.69,1440,1460,0.768591,0,2,1743355,1741915,1440
1725721,1440.04,1440.88,1440,1460,0.661436,0,2,1744795,1743355,1440
1727181,1348.8,1440.04,1344,1460,0.762575,0,2,1746139,1744795,1344
1728641,1617.84,1348.8,1632,1460,0.90503,0,2,1747771,1746139,1632
1730101,1836.49,1617.84,1848,1460,0.938012,0,2,1749619,1747771,1848
1731561,1801.82,1836.49,1800,1460,0.807205,0,2,1751419,1749619,1800
1733021,1594.89,1801.82,1584,1460,0.772882,0,2,1753003,1751419,1584
1734481,1538.94,1594.89,1536,1460,0.909153,0,2,1754539,1753003,1536
1735941,1718.55,1538.94,1728,1460,0.699661,0,2,1756267,1754539,1728
1737401,1385.53,1718.55,1368,1460,0.453864,0,1,1757635,1756267,1368
1738861,1004.08,1385.53,984,1460,0.499546,0,1,1758619,1757635,984
1740321,1258.6,1004.08,1272,1460,0.625818,0,2,1759891,1758619,1272
1741781,1476.53,1258.6,1488,1460,0.820327,0,2,1761379,1759891,1488
1743241,1761.03,1476.53,1776,1460,0.808131,0,2,1763155,1761379,1776
1744701,1592.85,1761.03,1584,1460,0.821252,0,2,1764739,1763155,1584
1746161,1630.04,1592.85,1632,1460,0.928501,0,2,1766371,1764739,1632
1747621,1723.1,1630.04,1728,1460,0.8814,0,2,1768099,1766371,1728
1749081,1636.56,1723.1,1632,1460,0.85056,0,2,1769731,1768099,1632
1750541,1632.23,1636.56,1632,1460,0.940224,0,2,1771363,1769731,1632
1752001,1791.61,1632.23,1800,1460,0.91009,0,2,1773163,1771363,1800
1753461,1708.38,1791.61,1704,1460,0.730036,0,2,1774867,1773163,1704
1754921,1407.82,1708.38,1392,1460,0.892014,0,2,1776259,1774867,1392
1756381,1803.19,1407.82,1824,1460,0.878806,0,2,1778083,1776259,1824
1757841,1686.16,1803.19,1680,1460,0.897522,0,2,1779763,1778083,1680
1760761,2503.1,1725.91,2544,1460,0.885204,0,2,1784035,1781491,2544
1762221,1538.75,2503.1,1488,1460,0.930081,0,2,1785523,1784035,1488
1763681,1778.39,1538.75,1791,1460,0.894033,0,2,1787314,1785523,1791
1765141,1684.92,1778.39,1680,1460,0.789613,0,2,1788994,1787314,1680
1766601,1543.45,1684.92,1536,1460,0.861845,0,2,1790530,1788994,1536
1768061,1718.77,1543.45,1728,1460,0.926738,0,2,1792258,1790530,1728
1769521,1795.94,1718.77,1800,1460,0.844695,0,2,1794058,1792258,1800
1770981,1571.8,1795.94,1560,1460,0.703878,0,2,1795618,1794058,1560
1772441,1378.19,1571.8,1368,1460,0.827551,0,2,1796986,1795618,1368
1773901,1710.51,1378.19,1728,1460,0.88902,0,2,1798714,1796986,1728
1775361,1590.33,1710.51,1584,1460,0.805608,0,2,1800298,1798714,1584
1776821,1538.72,1590.33,1536,1460,0.808243,0,2,1801834,1800298,1536
1778281,1604.54,1538.72,1608,1460,0.923297,0,2,1803442,1801834,1608
1779741,1653.43,1604.54,1656,1460,0.867319,0,2,1805098,1803442,1656
1781201,1633.07,1653.43,1632,1460,0.946928,0,2,1806730,1805098,1632
1782661,1540.85,1633.07,1536,1460,0.894771,0,2,1808266,1806730,1536
1784121,1627.44,1540.85,1632,1460,0.915908,0,2,1809898,1808266,1632
1787041,1683.29,1745.77,1680,1460,0.668545,0,2,1813330,1811650,1680
1788501,1292.56,1683.29,1272,1460,0.561418,0,2,1814602,1813330,1272
1789961,1227.43,1292.56,1224,1460,0.650567,0,2,1815826,1814602,1224
1791421,1474.97,1227.43,1488,1460,0.638227,0,2,1817314,1815826,1488
1792881,1396.15,1474.97,1392,1460,0.765291,0,2,1818706,1817314,1392
1794341,1643.01,1396.15,1656,1460,0.906116,0,2,1820362,1818706,1656
1795801,1381.75,1643.01,1368,1460,0.884447,0,2,1821730,1820362,1368
1797261,1665.09,1381.75,1680,1460,0.947779,0,2,1823410,1821730,1680
1800181,1458.8,1816.05,1440,1460,0.727645,0,2,1826674,1825234,1440
1801641,1440.94,1458.8,1440,1460,0.885058,0,2,1828114,1826674,1440
1806021,1691.71,1458.24,1704,1460,0.794644,0,2,1833082,1831378,1704
1807481,1452.59,1691.71,1440,1460,0.635857,0,2,1834522,1833082,1440
1808941,1281.03,1452.59,1272,1460,0.788343,0,2,1835794,1834522,1272
1810401,1682.85,1281.03,1704,1460,0.837337,0,2,1837498,1835794,1704
1811861,1680.14,1682.85,1680,1460,0.934935,0,2,1839178,1837498,1680
1816241,1710.32,1830.48,1704,1460,0.868876,0,2,1844218,1842514,1704
1817701,1863.92,1710.32,1872,1460,0.89355,0,2,1846090,1844218,1872
1820621,1477.54,1734.8,1464,1460,0.784968,0,2,1849282,1847818,1464
1822081,1533.08,1477.54,1536,1460,0.775987,0,2,1850818,1849282,1536
1823541,1558.65,1533.08,1560,1460,0.880395,0,2,1852378,1850818,1560
1825001,1765.13,1558.65,1776,1460,0.934158,0,2,1854154,1852378,1776
1826461,1661.46,1765.13,1656,1460,0.811663,0,2,1855810,1854154,1656
1827921,1519.47,1661.46,1512,1460,0.870665,0,2,1857322,1855810,1512
1829381,1717.57,1519.47,1728,1460,0.858266,0,2,1859050,1857322,1728
1830841,1681.88,1717.57,1680,1460,0.793306,0,2,1860730,1859050,1680
1832301,1543.29,1681.88,1536,1460,0.917323,0,2,1862266,1860730,1536
1833761,1809.96,1543.29,1824,1460,0.684929,0,2,1864090,1862266,1824
1835221,1344.5,1809.96,1320,1460,0.615972,0,2,1865410,1864090,1320
1836681,1321.22,1344.5,1320,1460,0.846389,0,2,1866730,1865410,1320
1838141,1753.26,1321.22,1776,1460,0.938555,0,2,1868506,1866730,1776
1839601,1706.46,1753.26,1704,1460,0.825422,0,2,1870210,1868506,1704
1841061,1544.52,1706.46,1536,1460,0.912169,0,2,1871746,1870210,1536
1842521,1787.23,1544.52,1800,1460,0.814868,0,2,1873546,1871746,1800
1843981,1548.56,1787.23,1536,1460,0.703947,0,2,1875082,1873546,1536
1845441,1399.83,1548.56,1392,1460,0.827579,0,2,1876474,1875082,1392
1846901,1711.59,1399.83,1728,1460,0.931031,0,2,1878202,1876474,1728
1851281,1664.04,1816.88,1656,1460,0.724626,0,2,1883362,1881706,1656
1852741,1428.4,1664.04,1416,1460,0.79985,0,2,1884778,1883362,1416
1854201,1644.62,1428.4,1656,1460,0.91994,0,2,1886434,1884778,1656
1855661,1541.43,1644.62,1536,1460,0.895976,0,2,1887970,1886434,1536
1857121,2129.07,1541.43,2160,1460,0.88039,0,2,1890130,1887970,2160
1860041,1384.72,1702.45,1368,1460,0.848862,0,2,1893178,1891810,1368
1861501,1665.24,1384.72,1680,1460,0.789545,0,2,1894858,1893178,1680
1862961,1542.46,1665.24,1536,1460,0.915818,0,2,1896394,1894858,1536
1864421,1650.32,1542.46,1656,1460,0.936327,0,2,1898050,1896394,1656
1865881,1769.72,1650.32,1776,1460,0.896531,0,2,1899826,1898050,1776
1873181,1788.56,1571.24,1800,1460,0.914988,0,2,1908154,1906354,1800
1876101,1407.81,1708.23,1392,1460,0.836398,0,2,1911250,1909858,1392
1877561,1529.59,1407.81,1536,1460,0.760559,0,2,1912786,1911250,1536
1879021,1490.08,1529.59,1488,1460,0.850224,0,2,1914274,1912786,1488
1880481,1602.1,1490.08,1608,1460,0.53809,0,2,1915882,1914274,1608
1881941,1060.51,1602.1,1032,1460,0.689236,0,2,1916914,1915882,1032
1883401,1557.83,1060.51,1584,1460,0.875694,0,2,1918498,1916914,1584
1884861,1651.09,1557.83,1656,1460,0.908278,0,2,1920154,1918498,1656
1886321,1952.15,1651.09,1968,1460,0.843311,0,2,1922122,1920154,1968
1887781,1625.21,1952.15,1608,1460,0.727324,0,2,1923730,1922122,1608
1889241,1426.46,1625.21,1416,1460,0.84893,0,2,1925146,1923730,1416
1890701,1735.72,1426.46,1752,1460,0.939572,0,2,1926898,1925146,1752
1895081,1802.27,1845.44,1800,1460,0.909973,0,2,1932346,1930546,1800
1896541,1663.31,1802.27,1656,1460,0.717989,0,2,1934002,1932346,1656
1898001,1359.97,1663.31,1344,1460,0.887196,0,2,1935346,1934002,1344
1899461,1664,1359.97,1680,1460,0.828878,0,2,1937026,1935346,1680
1900921,1610.8,1664,1608,1460,0.685551,0,2,1938634,1937026,1608
1902381,1357.34,1610.8,1344,1460,0.832221,0,2,1939978,1938634,1344
1903841,1732.27,1357.34,1752,1460,0.932888,0,2,1941730,1939978,1752
1908221,1775.99,1775.89,1776,1460,0.885305,0,2,1947058,1945282,1776
1909681,1684.8,1775.99,1680,1460,0.612122,0,2,1948738,1947058,1680
1911141,1178.64,1684.8,1152,1460,0.844849,0,2,1949890,1948738,1152
1912601,1776.53,1178.64,1808,1460,0.87794,0,2,1951698,1949890,1808
1914061,1753.23,1776.53,1752,1460,0.825176,0,2,1953450,1951698,1752
1915521,1592.46,1753.23,1584,1460,0.87607,0,2,1955034,1953450,1584
1916981,1721.22,1592.46,1728,1460,0.830428,0,2,1956762,1955034,1728
1918441,1545.26,1721.22,1536,1460,0.722171,0,2,1958298,1956762,1536
1919901,1422.46,1545.26,1416,1460,0.786869,0,2,1959714,1958298,1416
1921361,1621.52,1422.46,1632,1460,0.866747,0,2,1961346,1959714,1632
1922821,1654.28,1621.52,1656,1460,0.688699,0,2,1963002,1961346,1656
1924281,1336.71,1654.28,1320,1460,0.73748,0,2,1964322,1963002,1320
1925741,1548.84,1336.71,1560,1460,0.882992,0,2,1965882,1964322,1560
1927201,1696.24,1548.84,1704,1460,0.923197,0,2,1967586,1965882,1704
1930121,1525,1772.01,1512,1460,0.909711,0,2,1970874,1969362,1512
1933041,1721.79,1603.85,1728,1460,0.613554,0,2,1974210,1972482,1728
1934501,1157.69,1721.79,1128,1460,0.443422,0,1,1975338,1974210,1128
1935961,1038.28,1157.69,1032,1460,0.543369,0,2,1976370,1975338,1032
1937421,1351.51,1038.28,1368,1460,0.727347,0,2,1977738,1976370,1368
1938881,1640.78,1351.51,1656,1460,0.890939,0,2,1979394,1977738,1656
1940341,1358.84,1640.78,1344,1460,0.782376,0,2,1980738,1979394,1344
1941801,1572.74,1358.84,1584,1460,0.71495,0,2,1982322,1980738,1584
1943261,1446.64,1572.74,1440,1460,0.88598,0,2,1983762,1982322,1440
1944721,1691.13,1446.64,1704,1460,0.792392,0,2,1985466,1983762,1704
1946181,1589.36,1691.13,1584,1460,0.646957,0,2,1987050,1985466,1584
1947641,1310.67,1589.36,1296,1460,0.720783,0,2,1988346,1987050,1296
1949101,1547.53,1310.67,1560,1460,0.888313,0,2,1989906,1988346,1560
1952021,1752.63,1764.58,1752,1460,0.94013,0,2,1993434,1991682,1752
1953481,1774.83,1752.63,1776,1460,0.868052,0,2,1995210,1993434,1776
1954941,1616.34,1774.83,1608,1460,0.947221,0,2,1996818,1995210,1608
1957861,2103.92,1038.42,2160,1460,0.793555,0,2,1999986,1997826,2160
1959321,1496,2103.92,1464,1460,0.695422,0,2,2001450,1999986,1464
1960781,1398.15,1496,1393,1460,0.812169,0,2,2002843,2001450,1393
1962241,1590.86,1398.15,1601,1460,0.876868,0,2,2004444,2002843,1601
1966621,1786.12,1522.46,1800,1460,0.89492,0,2,2009484,2007684,1800
1969541,1656.33,1662.51,1656,1460,0.863187,0,2,2012796,2011140,1656
1971001,1633.22,1656.33,1632,1460,0.831275,0,2,2014428,2012796,1632
1972461,1609.26,1633.22,1608,1460,0.93251,0,2,2016036,2014428,1608
1973921,1197.66,1609.26,1176,1460,0.847004,0,2,2017212,2016036,1176
1975381,1678.68,1197.66,1704,1460,0.848802,0,2,2018916,2017212,1704
1976841,1657.13,1678.68,1656,1460,0.915521,0,2,2020572,2018916,1656
1978301,1656.06,1657.13,1656,1460,0.756208,0,2,2022228,2020572,1656
1979761,1428,1656.06,1416,1460,0.740483,0,2,2023644,2022228,1416
1981221,1507.8,1428,1512,1460,0.896193,0,2,2025156,2023644,1512
1982681,1671.39,1507.8,1680,1460,0.880477,0,2,2026836,2025156,1680
1984141,1679.57,1671.39,1680,1460,0.886191,0,2,2028516,2026836,1680
1987061,1430.34,1702.78,1416,1460,0.831791,0,2,2031636,2030220,1416
1988521,1530.72,1430.34,1536,1460,0.842716,0,2,2033172,2031636,1536
1989981,1649.74,1530.72,1656,1460,0.937086,0,2,2034828,2033172,1656
1991441,1678.49,1649.74,1680,1460,0.902835,0,2,2036508,2034828,1680
1992901,1702.72,1678.49,1704,1460,0.799134,0,2,2038212,2036508,1704
1994361,1521.54,1702.72,1512,1460,0.919654,0,2,2039724,2038212,1512
1995821,1193.28,1521.54,1176,1460,0.739861,0,2,2040900,2039724,1176
1997281,1450.46,1193.28,1464,1460,0.709945,0,2,2042364,2040900,1464
1998741,1463.32,1450.46,1464,1460,0.817978,0,2,2043828,2042364,1464
2000201,1691.97,1463.32,1704,1460,0.885191,0,2,2045532,2043828,1704
2001661,1657.8,1691.97,1656,1460,0.828076,0,2,2047188,2045532,1656
2003121,1587.69,1657.8,1584,1460,0.913231,0,2,2048772,2047188,1584
2006041,1753.87,1789.38,1752,1460,0.788117,0,2,2052324,2050572,1752
2007501,1455.69,1753.87,1440,1460,0.861247,0,2,2053764,2052324,1440
2008961,1714.38,1455.69,1728,1460,0.830499,0,2,2055492,2053764,1728
2010421,1704.52,1714.38,1704,1460,0.932199,0,2,2057196,2055492,1704
2013341,1678.92,1658.43,1680,1460,0.863152,0,2,2060532,2058852,1680
2014801,1588.75,1678.92,1584,1460,0.795261,0,2,2062116,2060532,1584
2016261,1538.64,1588.75,1536,1460,0.906104,0,2,2063652,2062116,1536
2017721,1695.73,1538.64,1704,1460,0.704442,0,2,2065356,2063652,1704
2019181,1338.79,1695.73,1320,1460,0.683777,0,2,2066676,2065356,1320
2020641,1434.94,1338.79,1440,1460,0.807511,0,2,2068116,2066676,1440
2022101,1690.55,1434.94,1704,1460,0.923004,0,2,2069820,2068116,1704
2026481,1779.18,1839.63,1776,1460,0.652112,0,2,2075124,2073348,1776
2027941,1365.76,1779.18,1344,1460,0.446845,0,1,2076468,2075124,1344
2029401,1025.89,1365.76,1008,1460,0.460738,0,1,2077476,2076468,1008
2030861,1191.29,1025.89,1200,1460,0.478295,0,1,2078676,2077476,1200
2032321,1222.36,1191.29,1224,1460,0.785318,0,2,2079900,2078676,1224
2033781,1793.92,1222.36,1824,1460,0.914127,0,2,2081724,2079900,1824
2035241,1708.5,1793.92,1704,1460,0.917651,0,2,2083428,2081724,1704
2036701,1749.82,1708.5,1752,1460,0.86506,0,2,2085180,2083428,1752
2038161,1637.89,1749.82,1632,1460,0.946024,0,2,2086812,2085180,1632
2039621,1632.29,1637.89,1632,1460,0.92441,0,2,2088444,2086812,1632
2041081,1723.21,1632.29,1728,1460,0.783764,0,2,2090172,2088444,1728
2042541,1476.96,1723.21,1464,1460,0.913506,0,2,2091636,2090172,1464
2045461,1775.25,1761.05,1776,1460,0.824161,0,2,2095188,2093412,1776
2046921,1525.16,1775.25,1512,1460,0.767664,0,2,2096700,2095188,1512
2048381,1512.66,1525.16,1512,1460,0.907066,0,2,2098212,2096700,1512
2049841,1671.63,1512.66,1680,1460,0.764826,0,2,2099892,2098212,1680
2051301,1519.98,1671.63,1512,1460,0.635931,0,2,2101404,2099892,1512
2052761,1307.2,1519.98,1296,1460,0.854372,0,2,2102700,2101404,1296
2054221,1775.36,1307.2,1800,1460,0.887749,0,2,2104500,2102700,1800
2055681,1730.37,1775.36,1728,1460,0.9371,0,2,2106228,2104500,1728
2061521,1094.17,1819.37,1056,1460,0.90743,0,2,2112636,2111580,1056
2062981,1833.11,1094.17,1872,1460,0.860972,0,2,2114508,2112636,1872
2064441,1642.06,1833.11,1632,1460,0.944389,0,2,2116140,2114508,1632
2065901,1495.7,1642.06,1488,1460,0.743756,0,2,2117628,2116140,1488
2067361,1419.99,1495.7,1416,1460,0.651502,0,2,2119044,2117628,1416
2068821,1347.8,1419.99,1344,1460,0.662601,0,2,2120388,2119044,1344
2070281,1435.39,1347.8,1440,1460,0.84704,0,2,2121828,2120388,1440
2071741,1781.77,1435.39,1800,1460,0.938816,0,2,2123628,2121828,1800
2073201,1685.09,1781.77,1680,1460,0.933526,0,2,2125308,2123628,1680
2074661,1771.45,1685.09,1776,1460,0.883411,0,2,2127084,2125308,1776
2077581,1473.89,1661.77,1464,1460,0.867346,0,2,2130204,2128740,1464
2079041,1601.29,1473.89,1608,1460,0.808938,0,2,2131812,2130204,1608
2080501,1562.06,1601.29,1560,1460,0.923575,0,2,2133372,2131812,1560
2081961,1719.7,1562.06,1728,1460,0.90343,0,2,2135100,2133372,1728
2083421,1750.39,1719.7,1752,1460,0.775372,0,2,2136852,2135100,1752
2084881,1478.32,1750.39,1464,1460,0.910149,0,2,2138316,2136852,1464
2086341,1259.52,1478.32,1248,1460,0.72406,0,2,2139564,2138316,1248
2087801,1476.58,1259.52,1488,1460,0.631624,0,2,2141052,2139564,1488
2089261,1327.83,1476.58,1320,1460,0.82265,0,2,2142372,2141052,1320
2090721,1753.59,1327.83,1776,1460,0.89906,0,2,2144148,2142372,1776
2092181,1706.48,1753.59,1704,1460,0.845624,0,2,2145852,2144148,1704
2093641,1612.92,1706.48,1608,1460,0.93825,0,2,2147460,2145852,1608
2095101,1790.65,1612.92,1800,1460,0.8373,0,2,2149260,2147460,1800
2096561,1662.73,1790.65,1656,1460,0.76092,0,2,2150916,2149260,1656
2098021,1496.74,1662.73,1488,1460,0.898368,0,2,2152404,2150916,1488
2099481,1807.64,1496.74,1824,1460,0.905347,0,2,2154228,2152404,1824
2100941,1731.98,1807.64,1728,1460,0.728139,0,2,2155956,2154228,1728
2102401,1386.2,1731.98,1368,1460,0.825256,0,2,2157324,2155956,1368
2103861,1688.11,1386.2,1704,1460,0.930102,0,2,2159028,2157324,1704
2106781,1752.98,1771.61,1752,1460,0.934816,0,2,2162556,2160804,1752
2109701,1796.46,1729.25,1800,1460,0.772371,0,2,2166084,2164284,1800
2111161,1731.42,1796.46,1728,1460,0.710948,0,2,2167812,2166084,1728
2112621,1454.57,1731.42,1440,1460,0.806379,0,2,2169252,2167812,1440
2114081,1668.73,1454.57,1680,1460,0.910552,0,2,2170932,2169252,1680
2119921,1663.18,1799.7,1656,1460,0.806046,0,2,2177868,2176212,1656
2121381,1473.96,1663.18,1464,1460,0.922418,0,2,2179332,2177868,1464
2122841,1532.9,1473.96,1536,1460,0.830967,0,2,2180868,2179332,1536
2124301,1558.64,1532.9,1560,1460,0.578387,0,2,2182428,2180868,1560
2125761,1149.53,1558.64,1128,1460,0.693355,0,2,2183556,2182428,1128
2127221,1539.48,1149.53,1560,1460,0.871342,0,2,2185116,2183556,1560
2128681,1809.77,1539.48,1824,1460,0.864537,0,2,2186940,2185116,1824
2130141,1663.69,1809.77,1656,1460,0.813815,0,2,2188596,2186940,1656
2131601,1587.98,1663.69,1584,1460,0.919526,0,2,2190180,2188596,1584
2134521,1709.41,1812.2,1704,1460,0.657124,0,2,2193708,2192004,1704
2135981,1202.67,1709.41,1176,1460,0.62885,0,2,2194884,2193708,1176
2137441,1359.73,1202.67,1368,1460,0.64154,0,2,2196252,2194884,1368
2138901,1413.19,1359.73,1416,1460,0.814616,0,2,2197668,2196252,1416
2140361,1735.06,1413.19,1752,1460,0.925846,0,2,2199420,2197668,1752
2141821,1545.95,1735.06,1536,1460,0.940338,0,2,2200956,2199420,1536
2146201,1785.09,1501.82,1800,1460,0.764582,0,2,2206020,2204220,1800
2147661,1434.45,1785.09,1416,1460,0.905833,0,2,2207436,2206020,1416
2149121,960.923,1434.45,936,1460,0.878333,0,2,2208372,2207436,936
2150581,2122.85,960.923,2184,1460,0.855333,0,2,2210556,2208372,2184
2152041,1952.94,2122.85,1944,1460,0.858133,0,2,2212500,2210556,1944
2153501,1534.05,1952.94,1512,1460,0.709253,0,2,2214012,2212500,1512
2154961,1376.3,1534.05,1368,1460,0.685701,0,2,2215380,2214012,1368
2156421,1434.92,1376.3,1438,1460,0.496281,0,1,2216818,2215380,1438
2157881,1097.75,1434.92,1080,1460,0.552512,0,2,2217898,2216818,1080
2159341,1331.69,1097.75,1344,1460,0.779005,0,2,2219242,2217898,1344
2160801,1730.98,1331.69,1752,1460,0.911602,0,2,2220994,2219242,1752
2162261,1477.35,1730.98,1464,1460,0.838641,0,2,2222458,2220994,1464
2163721,1578.67,1477.35,1584,1460,0.905456,0,2,2224042,2222458,1584
2166641,1452.51,1766.13,1436,1460,0.768873,0,2,2227254,2225818,1436
2168101,1440.63,1452.51,1440,1460,0.799549,0,2,2228694,2227254,1440
2169561,1621.48,1440.63,1631,1460,0.91982,0,2,2230325,2228694,1631
2171021,1540.27,1621.48,1536,1460,0.829928,0,2,2231861,2230325,1536
2172481,1787.01,1540.27,1800,1460,0.913971,0,2,2233661,2231861,1800
2175401,1845.57,1799.35,1848,1460,0.783435,0,2,2237309,2235461,1848
2176861,1483.08,1845.57,1464,1460,0.913374,0,2,2238773,2237309,1464
2182701,1502.46,1777.16,1488,1460,0.889782,0,2,2245181,2243693,1488
2184161,1671.12,1502.46,1680,1460,0.709913,0,2,2246861,2245181,1680
2185621,1360.36,1671.12,1344,1460,0.883965,0,2,2248205,2246861,1344
2188541,2324.44,888.818,2400,1460,0.681434,0,2,2251469,2249069,2400
2190001,1370.22,2324.44,1320,1460,0.590574,0,2,2252789,2251469,1320
2191461,1276.91,1370.22,1272,1460,0.806229,0,2,2254061,2252789,1272
2192921,1751.05,1276.91,1776,1460,0.808492,0,2,2255837,2254061,1776
2194381,1774.75,1751.05,1776,1460,0.761397,0,2,2257613,2255837,1776
2195841,1525.14,1774.75,1512,1460,0.904559,0,2,2259125,2257613,1512
2197301,1786.26,1525.14,1800,1460,0.943823,0,2,2260925,2259125,1800
2198761,1708.11,1786.26,1704,1460,0.815529,0,2,2262629,2260925,1704
2200221,1521.81,1708.11,1512,1460,0.848212,0,2,2264141,2262629,1512
2201681,1672.09,1521.81,1680,1460,0.897285,0,2,2265821,2264141,1680
2203141,1770.8,1672.09,1776,1460,0.886914,0,2,2267597,2265821,1776
2206061,1657.43,1684.54,1656,1460,0.735906,0,2,2270933,2269277,1656
2207521,1770.07,1657.43,1776,1460,0.456362,0,1,2272709,2270933,1776
2208981,1000.5,1770.07,960,1460,0.692545,0,2,2273669,2272709,960
2210441,1623.23,1000.5,1656,1460,0.859018,0,2,2275325,2273669,1656
2211901,1791.16,1623.23,1800,1460,0.943607,0,2,2277125,2275325,1800
2213361,1708.36,1791.16,1704,1460,0.863443,0,2,2278829,2277125,1704
2214821,1613.02,1708.36,1608,1460,0.735377,0,2,2280437,2278829,1608
2216281,1425.85,1613.02,1416,1460,0.684151,0,2,2281853,2280437,1416
2217741,1416.49,1425.85,1416,1460,0.74766,0,2,2283269,2281853,1416
2219201,1575.62,1416.49,1584,1460,0.881064,0,2,2284853,2283269,1584
2220661,1788.78,1575.62,1800,1460,0.808426,0,2,2286653,2284853,1800
2222121,1480.24,1788.78,1464,1460,0.79737,0,2,2288117,2286653,1464
2223581,1578.81,1480.24,1584,1460,0.918948,0,2,2289701,2288117,1584
2226501,1685.45,1788.94,1680,1460,0.777032,0,2,2293181,2291501,1680
2227961,1429.47,1685.45,1416,1460,0.820813,0,2,2294597,2293181,1416
2229421,1644.67,1429.47,1656,1460,0.880325,0,2,2296253,2294597,1656
2230881,1609.83,1644.67,1608,1460,0.77813,0,2,2297861,2296253,1608
2232341,1494.09,1609.83,1488,1460,0.911252,0,2,2299349,2297861,1488
2233801,1739.1,1494.09,1752,1460,0.724501,0,2,2301101,2299349,1752
2235261,1409.36,1739.1,1392,1460,0.6078,0,2,2302493,2301101,1392
2236721,1278.87,1409.36,1272,1460,0.81312,0,2,2303765,2302493,1272
2238181,1751.14,1278.87,1776,1460,0.895248,0,2,2305541,2303765,1776
2239641,1615.16,1751.14,1608,1460,0.724099,0,2,2307149,2305541,1608
2241101,1380.36,1615.16,1368,1460,0.71564,0,2,2308517,2307149,1368
2242561,1482.62,1380.36,1488,1460,0.886256,0,2,2310005,2308517,1488
2244021,1670.13,1482.62,1680,1460,0.930502,0,2,2311685,2310005,1680
2246941,1801.96,1839.11,1800,1460,0.74768,0,2,2315333,2313533,1800
2248401,1708.9,1801.96,1704,1460,0.797072,0,2,2317037,2315333,1704
2249861,1635.84,1708.9,1632,1460,0.918829,0,2,2318669,2317037,1632
2251321,1267.39,1635.84,1248,1460,0.529532,0,2,2319917,2318669,1248
2252781,975.37,1267.39,960,1460,0.445813,0,1,2320877,2319917,960
2254241,1097.57,975.37,1104,1460,0.340325,0,1,2321981,2320877,1104
2255701,966.878,1097.57,960,1460,0.41813,0,1,2322941,2321981,960
2257161,1188.34,966.878,1200,1460,0.485252,0,1,2324141,2322941,1200
2258621,1267.82,1188.34,1272,1460,0.644101,0,2,2325413,2324141,1272
2260081,1522.59,1267.82,1536,1460,0.85764,0,2,2326949,2325413,1536
2261541,1489.73,1522.59,1488,1460,0.907056,0,2,2328437,2326949,1488
2265921,1802.3,1845.96,1800,1460,0.741092,0,2,2333909,2332109,1800
2267381,1435.31,1802.3,1416,1460,0.650437,0,2,2335325,2333909,1416
2268841,1348.57,1435.31,1344,1460,0.710175,0,2,2336669,2335325,1344
2270301,1526.63,1348.57,1536,1460,0.88407,0,2,2338205,2336669,1536
2271761,1581.13,1526.63,1584,1460,0.779628,0,2,2339789,2338205,1584
2273221,1492.66,1581.13,1488,1460,0.773851,0,2,2341277,2339789,1488
2274681,1556.63,1492.66,1560,1460,0.90354,0,2,2342837,2341277,1560
2276141,1673.83,1556.63,1680,1460,0.943416,0,2,2344517,2342837,1680
2279061,1819.06,1725.29,1824,1460,0.870947,0,2,2348069,2346245,1824
2280521,1618.55,1819.06,1608,1460,0.948379,0,2,2349677,2348069,1608
2281981,2041.73,1618.55,2064,1460,0.757351,0,2,2351741,2349677,2064
2283441,1424.49,2041.73,1392,1460,0.902941,0,2,2353133,2351741,1392
2284901,1416.42,1424.49,1416,1460,0.607176,0,2,2354549,2353133,1416
2286361,1142.42,1416.42,1128,1460,0.416871,0,1,2355677,2354549,1128
2287821,991.921,1142.42,984,1460,0.496748,0,1,2356661,2355677,984
2289281,1280.8,991.921,1296,1460,0.612699,0,2,2357957,2356661,1296
2290741,1454.84,1280.8,1464,1460,0.83908,0,2,2359421,2357957,1464
2292201,1805.54,1454.84,1824,1460,0.839632,0,2,2361245,2359421,1824
2293661,1640.68,1805.54,1632,1460,0.749853,0,2,2362877,2361245,1632
2295121,1472.83,1640.68,1464,1460,0.899941,0,2,2364341,2362877,1464
2296581,1760.84,1472.83,1776,1460,0.713976,0,2,2366117,2364341,1776
2298041,1547.24,1760.84,1536,1460,0.543591,0,2,2367653,2366117,1536
2299501,1171.76,1547.24,1152,1460,0.817436,0,2,2368805,2367653,1152
2300961,1380.99,1171.76,1392,1460,0.638974,0,2,2370197,2368805,1392
2302421,1573.85,1380.99,1584,1460,0.42959,0,1,2371781,2370197,1584
2303881,1013.49,1573.85,984,1460,0.525836,0,2,2372765,2371781,984
2305341,1327.47,1013.49,1344,1460,0.792334,0,2,2374109,2372765,1344
2306801,1776.37,1327.47,1800,1460,0.904934,0,2,2375909,2374109,1800
2308261,1502.42,1776.37,1488,1460,0.883973,0,2,2377397,2375909,1488
2311181,1428.76,1671.12,1416,1460,0.891436,0,2,2380493,2379077,1416
2312641,1644.64,1428.76,1656,1460,0.662574,0,2,2382149,2380493,1656
2314101,1267.83,1644.64,1248,1460,0.78703,0,2,2383397,2382149,1248
2315561,1659.39,1267.83,1680,1460,0.866812,0,2,2385077,2383397,1680
2317021,1610.57,1659.39,1608,1460,0.868725,0,2,2386685,2385077,1608
2318481,1653.73,1610.57,1656,1460,0.94749,0,2,2388341,2386685,1656
2319941,1678.69,1653.73,1680,1460,0.912996,0,2,2390021,2388341,1680
2328701,1641.37,1819.38,1632,1460,0.766882,0,2,2400509,2398877,1632
2330161,1404.47,1641.37,1392,1460,0.540753,0,2,2401901,2400509,1392
2331621,1119.02,1404.47,1104,1460,0.630301,0,2,2403005,2401901,1104
2333081,1446.75,1119.02,1464,1460,0.85212,0,2,2404469,2403005,1464
2334541,1805.14,1446.75,1824,1460,0.796848,0,2,2406293,2404469,1824
2336001,1686.26,1805.14,1680,1460,0.804739,0,2,2407973,2406293,1680
2337461,1611.91,1686.26,1608,1460,0.921896,0,2,2409581,2407973,1608
2338921,1591.1,1611.91,1590,1460,0.806758,0,2,2411171,2409581,1590
2340381,1629.95,1591.1,1632,1460,0.820703,0,2,2412803,2411171,1632
2341841,1631.9,1629.95,1632,1460,0.928281,0,2,2414435,2412803,1632
2343301,1654.79,1631.9,1656,1460,0.869313,0,2,2416091,2414435,1656
2344761,1633.14,1654.79,1632,1460,0.893725,0,2,2417723,2416091,1632
2346221,1723.26,1633.14,1728,1460,0.82549,0,2,2419451,2417723,1728
2347681,1818.96,1723.26,1824,1460,0.828196,0,2,2421275,2419451,1824
2349141,1641.35,1818.96,1632,1460,0.931278,0,2,2422907,2421275,1632
2353521,1258.25,2821.04,1176,1460,0.929602,0,2,2428211,2427035,1176
2354981,1750.11,1258.25,1776,1460,0.821841,0,2,2429987,2428211,1776
2356441,1546.71,1750.11,1536,1460,0.754736,0,2,2431523,2429987,1536
2357901,1490.94,1546.71,1488,1460,0.763894,0,2,2433011,2431523,1488
2359361,1565.1,1490.94,1569,1460,0.743558,0,2,2434580,2433011,1569
2360821,1523.2,1565.1,1521,1460,0.783423,0,2,2436101,2434580,1521
2362281,1603.76,1523.2,1608,1460,0.913369,0,2,2437709,2436101,1608
2365201,2222.64,809.788,2297,1460,0.674139,0,2,2440774,2438477,2297
2366661,1387.93,2222.64,1344,1460,0.869656,0,2,2442118,2440774,1344
2368121,1460.2,1387.93,1464,1460,0.749862,0,2,2443582,2442118,1464
2369581,1440.06,1460.2,1439,1460,0.611945,0,2,2445021,2443582,1439
2371041,1279.45,1440.06,1271,1460,0.244778,0,1,2446292,2445021,1271
2372501,675.773,1279.45,644,1460,0.139911,0,1,2446936,2446292,644
2373961,722.539,675.773,725,1460,0.265964,0,1,2447661,2446936,725
2375421,1039.33,722.539,1056,1460,0.592386,0,2,2448717,2447661,1056
2376881,1579.57,1039.33,1608,1460,0.836954,0,2,2450325,2448717,1608
2378341,1378.58,1579.57,1368,1460,0.862782,0,2,2451693,2450325,1368
2379801,1687.73,1378.58,1704,1460,0.945113,0,2,2453397,2451693,1704
2382721,1480.52,1794.39,1464,1460,0.949218,0,2,2456661,2455197,1464
2384181,1968.33,1480.52,1994,1460,0.829687,0,2,2458655,2456661,1994
2385641,1552.87,1968.33,1531,1460,0.637875,0,2,2460186,2458655,1531
2387101,1263.24,1552.87,1248,1460,0.85515,0,2,2461434,2460186,1248
2388561,1659.16,1263.24,1680,1460,0.77406,0,2,2463114,2461434,1680
2390021,1694.16,1659.16,1696,1460,0.711624,0,2,2464810,2463114,1696
2391481,1452.71,1694.16,1440,1460,0.69865,0,2,2466250,2464810,1440
2392941,1463.44,1452.71,1464,1460,0.81346,0,2,2467714,2466250,1464
2394401,1691.97,1463.44,1704,1460,0.925384,0,2,2469418,2467714,1704
2395861,1634.05,1691.97,1631,1460,0.904154,0,2,2471049,2469418,1631
2397321,1677.7,1634.05,1680,1460,0.907661,0,2,2472729,2471049,1680
2398781,1725.49,1677.7,1728,1460,0.945065,0,2,2474457,2472729,1728
2400241,1499.87,1725.49,1488,1460,0.828026,0,2,2475945,2474457,1488
2401701,1534.19,1499.87,1536,1460,0.91321,0,2,2477481,2475945,1536
2403161,1786.71,1534.19,1800,1460,0.869284,0,2,2479281,2477481,1800
2404621,1685.34,1786.71,1680,1460,0.857714,0,2,2480961,2479281,1680
2406081,1657.47,1685.34,1656,1460,0.937086,0,2,2482617,2480961,1656
2407541,1815.67,1657.47,1824,1460,0.830834,0,2,2484441,2482617,1824
2409001,1572.78,1815.67,1560,1460,0.734334,0,2,2486001,2484441,1560
2410461,1446.64,1572.78,1440,1460,0.851733,0,2,2487441,2486001,1440
2411921,1736.73,1446.64,1752,1460,0.904693,0,2,2489193,2487441,1752
2413381,1614.44,1736.73,1608,1460,0.751877,0,2,2490801,2489193,1608
2414841,1425.92,1614.44,1416,1460,0.714751,0,2,2492217,2490801,1416
2416301,1462.1,1425.92,1464,1460,0.8859,0,2,2493681,2492217,1464
2417761,1714.7,1462.1,1728,1460,0.91236,0,2,2495409,2493681,1728
2419221,1795.74,1714.7,1800,1460,0.898944,0,2,2497209,2495409,1800
2422141,1339.43,1708.59,1320,1460,0.845831,0,2,2500233,2498913,1320
2423601,1548.97,1339.43,1560,1460,0.740332,0,2,2501793,2500233,1560
2425061,1445.45,1548.97,1440,1460,0.842133,0,2,2503233,2501793,1440
2426521,1713.87,1445.45,1728,1460,0.936853,0,2,2504961,2503233,1728
2427981,1567.69,1713.87,1560,1460,0.896741,0,2,2506521,2504961,1560
2430901,1565.72,1674.38,1560,1460,0.833479,0,2,2509761,2508201,1560
2432361,1583.09,1565.72,1584,1460,0.711391,0,2,2511345,2509761,1584
2433821,1401.55,1583.09,1392,1460,0.842557,0,2,2512737,2511345,1392
2435281,1734.48,1401.55,1752,1460,0.787023,0,2,2514489,2512737,1752
2436741,1523.12,1734.48,1512,1460,0.704809,0,2,2516001,2514489,1512
2438201,1421.36,1523.12,1416,1460,0.881924,0,2,2517417,2516001,1416
2439661,1461.87,1421.36,1464,1460,0.778769,0,2,2518881,2517417,1464
2441121,1623.49,1461.87,1632,1460,0.725508,0,2,2520513,2518881,1632
2442581,1471.97,1623.49,1464,1460,0.764203,0,2,2521977,2520513,1464
2444041,1578.4,1471.97,1584,1460,0.905681,0,2,2523561,2521977,1584
2445501,1560.92,1578.4,1560,1460,0.908273,0,2,2525121,2523561,1560
2446961,1719.65,1560.92,1728,1460,0.849309,0,2,2526849,2525121,1728
2448421,1613.58,1719.65,1608,1460,0.939724,0,2,2528457,2526849,1608
2449881,1653.88,1613.58,1656,1460,0.945889,0,2,2530113,2528457,1656
2454261,1838.74,1662.83,1848,1460,0.918537,0,2,2535417,2533569,1848
2457181,1794.4,1687.94,1800,1460,0.902966,0,2,2538897,2537097,1800
2458641,1708.52,1794.4,1704,1460,0.775186,0,2,2540601,2538897,1704
2460101,1476.23,1708.52,1464,1460,0.910075,0,2,2542065,2540601,1464
2461561,1578.61,1476.23,1584,1460,0.79003,0,2,2543649,2542065,1584
2463021,1560.93,1578.61,1560,1460,0.742012,0,2,2545209,2543649,1560
2464481,1491.65,1560.93,1488,1460,0.896805,0,2,2546697,2545209,1488
2467401,1842.55,1738.98,1848,1460,0.857489,0,2,2550297,2548449,1848
2468861,1596.93,1842.55,1584,1460,0.936995,0,2,2551881,2550297,1584
2471781,1846.23,1812.65,1848,1460,0.887919,0,2,2555553,2553705,1848
2474701,1747.68,1665.51,1752,1460,0.916067,0,2,2558961,2557209,1752
2476161,1842.98,1747.68,1848,1460,0.792427,0,2,2560809,2558961,1848
2477621,1505.75,1842.98,1488,1460,0.916971,0,2,2562297,2560809,1488
2479081,1101.29,1505.75,1080,1460,0.780788,0,2,2563377,2562297,1080
2480541,1787.86,1101.29,1824,1460,0.912315,0,2,2565201,2563377,1824
2482001,1822.19,1787.86,1824,1460,0.898926,0,2,2567025,2565201,1824
2484921,1688.91,2143.11,1665,1460,0.647828,0,2,2570850,2569185,1665
2486381,1278.6,1688.91,1257,1460,0.577131,0,2,2572107,2570850,1257
2487841,1272.33,1278.6,1272,1460,0.818853,0,2,2573379,2572107,1272
2489301,1778.37,1272.33,1805,1460,0.777541,0,2,2575184,2573379,1805
2490761,1593.72,1778.37,1584,1460,0.629016,0,2,2576768,2575184,1584
2492221,1288.09,1593.72,1272,1460,0.749607,0,2,2578040,2576768,1272
2493681,1614.8,1288.09,1632,1460,0.899843,0,2,2579672,2578040,1632
2495141,1653.94,1614.8,1656,1460,0.809937,0,2,2581328,2579672,1656
2496601,1541.9,1653.94,1536,1460,0.905975,0,2,2582864,2581328,1536
2498061,1787.09,1541.9,1800,1460,0.83039,0,2,2584664,2582864,1800
2499521,1616.95,1787.09,1608,1460,0.710156,0,2,2586272,2584664,1608
2500981,1403.25,1616.95,1392,1460,0.782062,0,2,2587664,2586272,1392
2502441,1620.56,1403.25,1632,1460,0.912825,0,2,2589296,2587664,1632
2503901,1563.03,1620.56,1560,1460,0.86913,0,2,2590856,2589296,1560
2505361,1674.15,1563.03,1680,1460,0.929652,0,2,2592536,2590856,1680
2506821,1793.71,1674.15,1800,1460,0.917861,0,2,2594336,2592536,1800
2508281,1776.89,1793.71,1776,1460,0.709144,0,2,2596112,2594336,1776
2509741,1342.84,1776.89,1320,1460,0.883658,0,2,2597432,2596112,1320
2511201,1503.54,1342.84,1512,1460,0.689463,0,2,2598944,2597432,1512
2512661,1351.98,1503.54,1344,1460,0.437785,0,1,2600288,2598944,1344
2514121,979.599,1351.98,960,1460,0.481114,0,1,2601248,2600288,960
2515581,1234.58,979.599,1248,1460,0.654446,0,2,2602496,2601248,1248
2517041,1543.73,1234.58,1560,1460,0.855778,0,2,2604056,2602496,1560
2518501,1809.99,1543.73,1824,1460,0.942311,0,2,2605880,2604056,1824
2519961,1595.3,1809.99,1584,1460,0.850925,0,2,2607464,2605880,1584
2521421,1584.56,1595.3,1584,1460,0.94037,0,2,2609048,2607464,1584
2522881,1812.03,1584.56,1824,1460,0.826148,0,2,2610872,2609048,1824
2524341,1481.4,1812.03,1464,1460,0.624459,0,2,2612336,2610872,1464
2525801,1236.87,1481.4,1224,1460,0.771784,0,2,2613560,2612336,1224
2527261,1657.84,1236.87,1680,1460,0.908713,0,2,2615240,2613560,1680
2528721,1610.49,1657.84,1608,1460,0.921485,0,2,2616848,2615240,1608
2533101,2320.84,1728.85,2352,1460,0.844975,0,2,2622680,2620328,2352
2534561,1598.04,2320.84,1560,1460,0.93199,0,2,2624240,2622680,1560
2536021,1584.7,1598.04,1584,1460,0.858796,0,2,2625824,2624240,1584
2537481,1606.84,1584.7,1608,1460,0.649518,0,2,2627432,2625824,1608
2538941,1265.94,1606.84,1248,1460,0.577807,0,2,2628680,2627432,1248
2540401,1271.7,1265.94,1272,1460,0.621123,0,2,2629952,2628680,1272
2541861,1408.78,1271.7,1416,1460,0.758449,0,2,2631368,2629952,1416
2543321,1643.64,1408.78,1656,1460,0.90338,0,2,2633024,2631368,1656
2546241,1781.37,1427.38,1800,1460,0.906541,0,2,2636240,2634440,1800
2547701,1685.07,1781.37,1680,1460,0.512616,0,2,2637920,2636240,1680
2549161,973.453,1685.07,936,1460,0.415047,0,1,2638856,2637920,936
2550621,1051.87,973.453,1056,1460,0.760019,0,2,2639912,2638856,1056
2552081,1635.29,1051.87,1666,1460,0.886007,0,2,2641578,2639912,1666
2553541,1791.76,1635.29,1800,1460,0.882403,0,2,2643378,2641578,1800
2556461,1498.21,1692.24,1488,1460,0.783185,0,2,2646553,2645065,1488
2557921,1693.71,1498.21,1704,1460,0.835274,0,2,2648257,2646553,1704
2559381,1680.69,1693.71,1680,1460,0.93411,0,2,2649937,2648257,1680
2560841,1566.03,1680.69,1560,1460,0.823644,0,2,2651497,2649937,1560
2562301,1537.5,1566.03,1536,1460,0.719458,0,2,2653033,2651497,1536
2563761,1422.08,1537.5,1416,1460,0.821783,0,2,2654449,2653033,1416
2565221,1689.9,1422.08,1704,1460,0.910713,0,2,2656153,2654449,1704
2568141,1594.52,1794.5,1584,1460,0.937714,0,2,2659537,2657953,1584
2569601,1766.93,1594.52,1776,1460,0.945086,0,2,2661313,2659537,1776
2572521,1616.38,1775.55,1608,1460,0.883214,0,2,2664697,2663089,1608
2573981,1631.22,1616.38,1632,1460,0.887285,0,2,2666329,2664697,1632
2576901,1658.22,1700.36,1656,1460,0.867966,0,2,2669689,2668033,1656
2578361,1610.51,1658.22,1608,1460,0.845186,0,2,2671297,2669689,1608
2579821,1630.93,1610.51,1632,1460,0.938074,0,2,2672929,2671297,1632
2581281,1495.15,1630.93,1488,1460,0.86123,0,2,2674417,2672929,1488
2582741,1602.36,1495.15,1608,1460,0.782492,0,2,2676025,2674417,1608
2584201,1516.52,1602.36,1512,1460,0.912997,0,2,2677537,2676025,1512
2585661,1580.63,1516.52,1584,1460,0.875199,0,2,2679121,2677537,1584
2587121,1720.63,1580.63,1728,1460,0.68008,0,2,2680849,2679121,1728
2588581,1317.23,1720.63,1296,1460,0.872032,0,2,2682145,2680849,1296
2590041,1411.06,1317.23,1416,1460,0.642813,0,2,2683561,2682145,1416
2591501,1256.15,1411.06,1248,1460,0.623125,0,2,2684809,2683561,1248
2592961,1362.41,1256.15,1368,1460,0.79525,0,2,2686177,2684809,1368
2594421,1709.72,1362.41,1728,1460,0.9181,0,2,2687905,2686177,1728
2595881,1772.69,1709.72,1776,1460,0.94924,0,2,2689681,2687905,1776
2597341,1707.43,1772.69,1704,1460,0.805696,0,2,2691385,2689681,1704
2598801,1498.97,1707.43,1488,1460,0.922278,0,2,2692873,2691385,1488
2600261,1807.75,1498.97,1824,1460,0.806911,0,2,2694697,2692873,1824
2601721,1663.59,1807.75,1656,1460,0.676765,0,2,2696353,2694697,1656
2603181,1359.98,1663.59,1344,1460,0.744706,0,2,2697697,2696353,1344
2604641,1572.8,1359.98,1584,1460,0.897882,0,2,2699281,2697697,1584
2607561,1817.67,1697.44,1824,1460,0.941661,0,2,2702809,2700985,1824
2609021,1755.28,1817.67,1752,1460,0.922664,0,2,2704561,2702809,1752
2610481,1524.16,1755.28,1512,1460,0.771066,0,2,2706073,2704561,1512
2611941,1444.21,1524.16,1440,1460,0.794426,0,2,2707513,2706073,1440
2613401,1599.81,1444.21,1608,1460,0.917771,0,2,2709121,2707513,1608
2614861,1607.59,1599.81,1608,1460,0.937108,0,2,2710729,2709121,1608
2616321,1835.98,1607.59,1848,1460,0.836843,0,2,2712577,2710729,1848
2617781,1596.6,1835.98,1584,1460,0.880737,0,2,2714161,2712577,1584
2619241,1379.43,1596.6,1368,1460,0.454295,0,1,2715529,2714161,1368
2620701,866.972,1379.43,840,1460,0.355718,0,1,2716369,2715529,840
2622161,978.149,866.972,984,1460,0.472287,0,1,2717353,2716369,984
2623621,1280.11,978.149,1296,1460,0.590915,0,2,2718649,2717353,1296
2625081,1432.01,1280.11,1440,1460,0.836366,0,2,2720089,2718649,1440
2626541,1804.4,1432.01,1824,1460,0.898546,0,2,2721913,2720089,1824
2628001,1640.62,1804.4,1632,1460,0.785419,0,2,2723545,2721913,1632
2629461,1495.63,1640.62,1488,1460,0.914167,0,2,2725033,2723545,1488
2630921,1784.78,1495.63,1800,1460,0.767667,0,2,2726833,2725033,1800
2632381,1571.24,1784.78,1560,1460,0.661067,0,2,2728393,2726833,1560
2633841,1355.36,1571.24,1344,1460,0.822427,0,2,2729737,2728393,1344
2635301,1732.17,1355.36,1752,1460,0.928971,0,2,2731489,2729737,1752
2636761,1705.41,1732.17,1704,1460,0.893588,0,2,2733193,2731489,1704
2639681,1680.06,1681.27,1680,1460,0.838974,0,2,2736553,2734873,1680
2641141,1634.4,1680.06,1632,1460,0.73759,0,2,2738185,2736553,1632
2642601,1449.72,1634.4,1440,1460,0.793036,0,2,2739625,2738185,1440
2644061,1622.89,1449.72,1632,1460,0.917214,0,2,2741257,2739625,1632
2645521,1585.94,1622.89,1584,1460,0.720886,0,2,2742841,2741257,1584
2646981,1356.1,1585.94,1344,1460,0.810354,0,2,2744185,2742841,1344
2648441,1663.8,1356.1,1680,1460,0.912142,0,2,2745865,2744185,1680
2649901,1542.39,1663.8,1536,1460,0.838857,0,2,2747401,2745865,1536
2651361,1581.92,1542.39,1584,1460,0.935543,0,2,2748985,2747401,1584
2652821,1789.1,1581.92,1800,1460,0.866217,0,2,2750785,2748985,1800
2654281,1662.65,1789.1,1656,1460,0.736487,0,2,2752441,2750785,1656
2655741,1428.33,1662.65,1416,1460,0.804595,0,2,2753857,2752441,1416
2657201,1644.62,1428.33,1656,1460,0.807838,0,2,2755513,2753857,1656
2658661,1587.03,1644.62,1584,1460,0.737135,0,2,2757097,2755513,1584
2660121,1470.15,1587.03,1464,1460,0.894854,0,2,2758561,2757097,1464
2661581,1669.51,1470.15,1680,1460,0.909942,0,2,2760241,2758561,1680
2665961,1709.75,1819.05,1704,1460,0.676236,0,2,2765497,2763793,1704
2667421,1248.29,1709.75,1224,1460,0.684494,0,2,2766721,2765497,1224
2668881,1453.21,1248.29,1464,1460,0.873798,0,2,2768185,2766721,1464
2670341,1805.46,1453.21,1824,1460,0.949519,0,2,2770009,2768185,1824
2671801,1640.67,1805.46,1632,1460,0.895808,0,2,2771641,2770009,1632
2676181,1436.26,1821.26,1416,1460,0.830372,0,2,2776657,2775241,1416
2677641,1508.21,1436.26,1512,1460,0.830149,0,2,2778169,2776657,1512
2679101,1625.81,1508.21,1632,1460,0.932059,0,2,2779801,2778169,1632
2680561,1631.69,1625.81,1632,1460,0.906824,0,2,2781433,2779801,1632
2682021,1700.38,1631.69,1704,1460,0.82473,0,2,2783137,2781433,1704
2683481,1567.02,1700.38,1560,1460,0.929892,0,2,2784697,2783137,1560
2684941,1332.35,1567.02,1320,1460,0.677957,0,2,2786017,2784697,1320
2686401,1252.22,1332.35,1248,1460,0.589183,0,2,2787265,2786017,1248
2687861,1271.01,1252.22,1272,1460,0.835673,0,2,2788537,2787265,1272
2689321,1750.75,1271.01,1776,1460,0.928269,0,2,2790313,2788537,1776
2690781,1820.34,1750.75,1824,1460,0.935308,0,2,2792137,2790313,1824
2693701,1659.83,1732.62,1656,1460,0.911649,0,2,2795521,2793865,1656
2695161,1747.39,1659.83,1752,1460,0.80266,0,2,2797273,2795521,1752
2696621,1523.77,1747.39,1512,1460,0.921064,0,2,2798785,2797273,1512
2699541,1623.75,1466.99,1632,1460,0.77737,0,2,2801881,2800249,1632
2701001,1426.39,1623.75,1416,1460,0.880948,0,2,2803297,2801881,1416
2703921,1729.53,1758.52,1728,1460,0.674952,0,2,2806801,2805073,1728
2705381,1522.88,1729.53,1512,1460,0.779981,0,2,2808313,2806801,1512
2706841,1649.34,1522.88,1656,1460,0.845992,0,2,2809969,2808313,1656
2708301,1701.27,1649.34,1704,1460,0.620397,0,2,2811673,2809969,1704
2709761,1430.26,1701.27,1416,1460,0.434159,0,1,2813089,2811673,1416
2711221,1029.11,1430.26,1008,1460,0.503664,0,2,2814097,2813089,1008
2712681,1282.66,1029.11,1296,1460,0.627465,0,2,2815393,2814097,1296
2714141,1477.73,1282.66,1488,1460,0.844986,0,2,2816881,2815393,1488
2715601,1806.69,1477.73,1824,1460,0.925995,0,2,2818705,2816881,1824
2717061,1731.93,1806.69,1728,1460,0.808398,0,2,2820433,2818705,1728
2718521,1523,1731.93,1512,1460,0.923359,0,2,2821945,2820433,1512
2719981,1808.95,1523,1824,1460,0.867344,0,2,2823769,2821945,1824
2721441,1686.45,1808.95,1680,1460,0.808937,0,2,2825449,2823769,1680
2722901,1566.32,1686.45,1560,1460,0.923575,0,2,2827009,2825449,1560
2724361,1560.32,1566.32,1560,1460,0.85543,0,2,2828569,2827009,1560
2725821,1696.82,1560.32,1704,1460,0.756172,0,2,2830273,2828569,1704
2727281,1475.64,1696.82,1464,1460,0.902469,0,2,2831737,2830273,1464
2728741,1510.18,1475.64,1512,1460,0.750988,0,2,2833249,2831737,1512
2730201,1443.51,1510.18,1440,1460,0.630395,0,2,2834689,2833249,1440
2731661,1303.38,1443.51,1296,1460,0.762158,0,2,2835985,2834689,1296
2733121,1638.37,1303.38,1656,1460,0.898863,0,2,2837641,2835985,1656
2734581,1814.72,1638.37,1824,1460,0.947545,0,2,2839465,2837641,1824
2736041,1595.54,1814.72,1584,1460,0.895018,0,2,2841049,2839465,1584
2738961,1408.47,1721.38,1392,1460,0.929203,0,2,2844169,2842777,1392
2740421,1734.82,1408.47,1752,1460,0.941681,0,2,2845921,2844169,1752
2741881,1773.94,1734.82,1776,1460,0.652673,0,2,2847697,2845921,1776
2743341,1502.3,1773.94,1488,1460,0.495069,0,1,2849185,2847697,1488
2744801,1123.91,1502.3,1104,1460,0.744028,0,2,2850289,2849185,1104
2746261,1697.8,1123.91,1728,1460,0.819611,0,2,2852017,2850289,1728
2747721,1680.89,1697.8,1680,1460,0.927844,0,2,2853697,2852017,1680
2749181,1497.64,1680.89,1488,1460,0.941138,0,2,2855185,2853697,1488
2750641,1762.08,1497.64,1776,1460,0.922455,0,2,2856961,2855185,1776
2753561,1636.89,1729.7,1632,1460,0.861593,0,2,2860321,2858689,1632
2755021,1586.64,1636.89,1584,1460,0.944637,0,2,2861905,2860321,1584
2757941,1818.85,1720.93,1824,1460,0.824342,0,2,2865457,2863633,1824
2759401,1527.34,1818.85,1512,1460,0.929737,0,2,2866969,2865457,1512
2760861,1626.77,1527.34,1632,1460,0.749895,0,2,2868601,2866969,1632
2762321,1403.74,1626.77,1392,1460,0.653958,0,2,2869993,2868601,1392
2763781,1346.99,1403.74,1344,1460,0.861583,0,2,2871337,2869993,1344
2765241,1549.35,1346.99,1560,1460,0.902633,0,2,2872897,2871337,1560
2766701,1741.87,1549.35,1752,1460,0.823053,0,2,2874649,2872897,1752
2768161,1569.09,1741.87,1560,1460,0.929221,0,2,2876209,2874649,1560
2769621,1651.65,1569.09,1656,1460,0.905689,0,2,2877865,2876209,1656
2771081,1769.78,1651.65,1776,1460,0.788275,0,2,2879641,2877865,1776
2772541,1502.09,1769.78,1488,1460,0.91531,0,2,2881129,2879641,1488
2774001,1807.9,1502.09,1824,1460,0.912124,0,2,2882953,2881129,1824
2775461,1754.8,1807.9,1752,1460,0.82685,0,2,2884705,2882953,1752
2776921,1569.74,1754.8,1560,1460,0.87674,0,2,2886265,2884705,1560
2778381,1720.09,1569.74,1728,1460,0.866696,0,2,2887993,2886265,1728
2779841,1659.2,1720.09,1656,1460,0.832678,0,2,2889649,2887993,1656
2781301,1610.56,1659.2,1608,1460,0.933071,0,2,2891257,2889649,1608
2782761,1471.33,1610.56,1464,1460,0.781229,0,2,2892721,2891257,1464
2784221,1555.57,1471.33,1560,1460,0.762491,0,2,2894281,2892721,1560
2785681,1536.98,1555.57,1536,1460,0.904997,0,2,2895817,2894281,1536
2787141,1786.85,1536.98,1800,1460,0.889999,0,2,2897617,2895817,1800
2788601,1708.14,1786.85,1704,1460,0.877999,0,2,2899321,2897617,1704
2791521,904.87,1681.41,864,1460,0.88448,0,2,2901865,2901001,864
2801741,1784.1,2393.99,1752,1460,0.845011,0,2,2914921,2913169,1752
2803201,1571.2,1784.1,1560,1460,0.938004,0,2,2916481,2914921,1560
2806121,1816.53,1674.56,1824,1460,0.936081,0,2,2919985,2918161,1824
2807581,1732.43,1816.53,1728,1460,0.944432,0,2,2921713,2919985,1728
2809041,1819.42,1732.43,1824,1460,0.719773,0,2,2923537,2921713,1824
2810501,1344.97,1819.42,1320,1460,0.749909,0,2,2924857,2923537,1320
2811961,1549.25,1344.97,1560,1460,0.899964,0,2,2926417,2924857,1560
2813421,1696.26,1549.25,1704,1460,0.911985,0,2,2928121,2926417,1704
2814881,1772.01,1696.26,1776,1460,0.874794,0,2,2929897,2928121,1776
2816341,1661.8,1772.01,1656,1460,0.949918,0,2,2931553,2929897,1656
2817801,1565.09,1661.8,1560,1460,0.871967,0,2,2933113,2931553,1560
2819261,1674.25,1565.09,1680,1460,0.858787,0,2,2934793,2933113,1680
2820721,1656.91,1674.25,1656,1460,0.943515,0,2,2936449,2934793,1656
2822181,1496.45,1656.91,1488,1460,0.947406,0,2,2937937,2936449,1488
2825101,1616.84,1784.82,1608,1460,0.865585,0,2,2941345,2939737,1608
2826561,1654.04,1616.84,1656,1460,0.772234,0,2,2943001,2941345,1656
2828021,1496.3,1654.04,1488,1460,0.908894,0,2,2944489,2943001,1488
2829481,1488.42,1496.3,1488,1460,0.831557,0,2,2945977,2944489,1488
2830941,1647.62,1488.42,1656,1460,0.842623,0,2,2947633,2945977,1656
2832401,1655.58,1647.62,1656,1460,0.811049,0,2,2949289,2947633,1656
2833861,1405.18,1655.58,1392,1460,0.60642,0,2,2950681,2949289,1392
2835321,1210.26,1405.18,1200,1460,0.632568,0,2,2951881,2950681,1200
2836781,1405.71,1210.26,1416,1460,0.799027,0,2,2953297,2951881,1416
2838241,1711.89,1405.71,1728,1460,0.859611,0,2,2955025,2953297,1728
2839701,1704.39,1711.89,1704,1460,0.889844,0,2,2956729,2955025,1704
2842621,952.741,1726.82,912,1460,0.736375,0,2,2959369,2958457,912
2844081,1506.84,952.741,1536,1460,0.78055,0,2,2960905,2959369,1536
2845541,1602.94,1506.84,1608,1460,0.91222,0,2,2962513,2960905,1608
2847001,832.547,1602.94,792,1460,0.904888,0,2,2963305,2962513,792
2848461,2344.43,832.547,2424,1460,0.817955,0,2,2965729,2963305,2424
2849921,1394.02,2344.43,1344,1460,0.837182,0,2,2967073,2965729,1344
2851381,1642.9,1394.02,1656,1460,0.934873,0,2,2968729,2967073,1656
2852841,1700.94,1642.9,1704,1460,0.919949,0,2,2970433,2968729,1704
2854301,1840.65,1700.94,1848,1460,0.92598,0,2,2972281,2970433,1848
2855761,1756.43,1840.65,1752,1460,0.874392,0,2,2974033,2972281,1752
2857221,1569.82,1756.43,1560,1460,0.763757,0,2,2975593,2974033,1560
2858681,1469.29,1569.82,1464,1460,0.719503,0,2,2977057,2975593,1464
2860141,1464.26,1469.29,1464,1460,0.833801,0,2,2978521,2977057,1464
2861601,1714.81,1464.26,1728,1460,0.93352,0,2,2980249,2978521,1728
2864521,1747.35,1658.94,1752,1460,0.851363,0,2,2983657,2981905,1752
2865981,1592.17,1747.35,1584,1460,0.886545,0,2,2985241,2983657,1584
2870361,2204.5,1682.06,2232,1460,0.770739,0,2,2990881,2988649,2232
2871821,1455.43,2204.5,1416,1460,0.326296,0,1,2992297,2990881,1416
2873281,711.171,1455.43,672,1460,0.724518,0,2,2992969,2992297,672
2874741,1768.36,711.171,1824,1460,0.889807,0,2,2994793,2992969,1824
2876201,1410.82,1768.36,1392,1460,0.709923,0,2,2996185,2994793,1392
2877661,1438.54,1410.82,1440,1460,0.625969,0,2,2997625,2996185,1440
2879121,1325.93,1438.54,1320,1460,0.850388,0,2,2998945,2997625,1320
2880581,1707.9,1325.93,1728,1460,0.940155,0,2,3000673,2998945,1728
2882041,1840.99,1707.9,1848,1460,0.922062,0,2,3002521,3000673,1848
2883501,1733.65,1840.99,1728,1460,0.920825,0,2,3004249,3002521,1728
2884961,1933.48,1733.65,1944,1460,0.89033,0,2,3006193,3004249,1944
2887881,1452.63,1692.67,1440,1460,0.940453,0,2,3009313,3007873,1440
2892261,1618.47,1817.37,1608,1460,0.809229,0,2,3014449,3012841,1608
2893721,1654.12,1618.47,1656,1460,0.677692,0,2,3016105,3014449,1656
2895181,1359.51,1654.12,1344,1460,0.781077,0,2,3017449,3016105,1344
2896641,1641.18,1359.51,1656,1460,0.912431,0,2,3019105,3017449,1656
2898101,1564.06,1641.18,1560,1460,0.826972,0,2,3020665,3019105,1560
2899561,1560.2,1564.06,1560,1460,0.900789,0,2,3022225,3020665,1560
2901021,1765.21,1560.2,1776,1460,0.948316,0,2,3024001,3022225,1776
2902481,1661.46,1765.21,1656,1460,0.901326,0,2,3025657,3024001,1656
2905401,1543.15,1679.07,1536,1460,0.918212,0,2,3028873,3027337,1536
2906861,1695.96,1543.15,1704,1460,0.793285,0,2,3030577,3028873,1704
2908321,1498.4,1695.96,1488,1460,0.863314,0,2,3032065,3030577,1488
2909781,1716.52,1498.4,1728,1460,0.945326,0,2,3033793,3032065,1728
2911241,1795.83,1716.52,1800,1460,0.92413,0,2,3035593,3033793,1800
2912701,1685.79,1795.83,1680,1460,0.831652,0,2,3037273,3035593,1680
2914161,1566.29,1685.79,1560,1460,0.782661,0,2,3038833,3037273,1560
2915621,1537.51,1566.29,1536,1460,0.913064,0,2,3040369,3038833,1536
2918541,1775.4,1764.08,1776,1460,0.86609,0,2,3043921,3042145,1776
2920001,1616.37,1775.4,1608,1460,0.940436,0,2,3045529,3043921,1608
2922921,1321.88,1813.62,1296,1460,0.75647,0,2,3048649,3047353,1296
2924381,1365.69,1321.88,1368,1460,0.800588,0,2,3050017,3048649,1368
2925841,1618.68,1365.69,1632,1460,0.920235,0,2,3051649,3050017,1632
2927301,1426.13,1618.68,1416,1460,0.602094,0,2,3053065,3051649,1416
2928761,1120.11,1426.13,1104,1460,0.582838,0,2,3054169,3053065,1104
2930221,1310.01,1120.11,1320,1460,0.779135,0,2,3055489,3054169,1320
2931681,1707.1,1310.01,1728,1460,0.905654,0,2,3057217,3055489,1728
2933141,1818.15,1707.1,1824,1460,0.932262,0,2,3059041,3057217,1824
2934601,1778.11,1818.15,1776,1460,0.822905,0,2,3060817,3059041,1776
2936061,1593.71,1778.11,1584,1460,0.929162,0,2,3062401,3060817,1584
2937521,1538.89,1593.71,1536,1460,0.785665,0,2,3063937,3062401,1536
2938981,1467.74,1538.89,1464,1460,0.704266,0,2,3065401,3063937,1464
2940441,1418.59,1467.74,1416,1460,0.695706,0,2,3066817,3065401,1416
2941901,1461.73,1418.59,1464,1460,0.788283,0,2,3068281,3066817,1464
2943361,1646.29,1461.73,1656,1460,0.915313,0,2,3069937,3068281,1656
2949201,1913.89,1797.81,1920,1460,0.844568,0,2,3076801,3074881,1920
2950661,1623.29,1913.89,1608,1460,0.847827,0,2,3078409,3076801,1608
2952121,1654.36,1623.29,1656,1460,0.939131,0,2,3080065,3078409,1656
2953581,1427.92,1654.36,1416,1460,0.867652,0,2,3081481,3080065,1416
2955041,1827,1427.92,1848,1460,0.653061,0,2,3083329,3081481,1848
2956501,1276.95,1827,1248,1460,0.861224,0,2,3084577,3083329,1248
2957961,1203.85,1276.95,1200,1460,0.86649,0,2,3085777,3084577,1200
2959421,2294.59,1203.85,2352,1460,0.634596,0,2,3088129,3085777,2352
2960881,1368.73,2294.59,1320,1460,0.835838,0,2,3089449,3088129,1320
2962341,1596.04,1368.73,1608,1460,0.934335,0,2,3091057,3089449,1608
2963801,1470.6,1596.04,1464,1460,0.841734,0,2,3092521,3091057,1464
2965261,1785.43,1470.6,1802,1460,0.888694,0,2,3094323,3092521,1802
2966721,1708.07,1785.43,1704,1460,0.373477,0,1,3096027,3094323,1704
2968181,728.554,1708.07,677,1460,0.749391,0,2,3096704,3096027,677
2969641,1678.03,728.554,1728,1460,0.899756,0,2,3098432,3096704,1728
2971101,2409.5,1678.03,2448,1460,0.743903,0,2,3100880,3098432,2448
2972561,1556.88,2409.5,1512,1460,0.825561,0,2,3102392,3100880,1512
2974021,2389.19,1556.88,2433,1460,0.708224,0,2,3104825,3102392,2433
2975481,1396.26,2389.19,1344,1460,0.31329,0,1,3106169,3104825,1344
2976941,731.013,1396.26,696,1460,0.581316,0,2,3106865,3106169,696
2978401,1519.5,731.013,1561,1460,0.796526,0,2,3108426,3106865,1561
2979861,1945.58,1519.5,1968,1460,0.882611,0,2,3110394,3108426,1968
2981321,1761.68,1945.58,1752,1460,0.851044,0,2,3112146,3110394,1752
2982781,1638.48,1761.68,1632,1460,0.940418,0,2,3113778,3112146,1632
2984241,1632.32,1638.48,1632,1460,0.886167,0,2,3115410,3113778,1632
2985701,1654.82,1632.32,1656,1460,0.780467,0,2,3117066,3115410,1656
2987161,1496.34,1654.82,1488,1460,0.912187,0,2,3118554,3117066,1488
2990081,1843.7,1762.02,1848,1460,0.85995,0,2,3122178,3120330,1848
2991541,1596.98,1843.7,1584,1460,0.94398,0,2,3123762,3122178,1584
2993001,1311.05,1596.98,1296,1460,0.845592,0,2,3125058,3123762,1296
2994461,1843.95,1311.05,1872,1460,0.824237,0,2,3126930,3125058,1872
2995921,1619.8,1843.95,1608,1460,0.929695,0,2,3128538,3126930,1608
2997381,1243.79,1619.8,1224,1460,0.413878,0,1,3129762,3128538,1224
2998841,746.19,1243.79,720,1460,0.255551,0,1,3130482,3129762,720
3000301,812.509,746.19,816,1460,0.33622,0,1,3131298,3130482,816
3001761,1089.43,812.509,1104,1460,0.536488,0,2,3132402,3131298,1104
3003221,1422.47,1089.43,1440,1460,0.700595,0,2,3133842,3132402,1440
3004681,1598.72,1422.47,1608,1460,0.880238,0,2,3135450,3133842,1608
3006141,1607.54,1598.72,1608,1460,0.916095,0,2,3137058,3135450,1608
3007601,1813.18,1607.54,1824,1460,0.780438,0,2,3138882,3137058,1824
3009061,1481.46,1813.18,1464,1460,0.912175,0,2,3140346,3138882,1464
3010521,1738.47,1481.46,1752,1460,0.76087,0,2,3142098,3140346,1752
3011981,1454.92,1738.47,1440,1460,0.730348,0,2,3143538,3142098,1440
3013441,1486.35,1454.92,1488,1460,0.850139,0,2,3145026,3143538,1488
3014901,1738.72,1486.35,1752,1460,0.940056,0,2,3146778,3145026,1752
3016361,1523.34,1738.72,1512,1460,0.850022,0,2,3148290,3146778,1512
3017821,1580.97,1523.34,1584,1460,0.934009,0,2,3149874,3148290,1584
3019281,1811.85,1580.97,1824,1460,0.895604,0,2,3151698,3149874,1824
3020741,1777.79,1811.85,1776,1460,0.808241,0,2,3153474,3151698,1776
3022201,1548.09,1777.79,1536,1460,0.923297,0,2,3155010,3153474,1536
3023661,1536.6,1548.09,1536,1460,0.747319,0,2,3156546,3155010,1536
3025121,1581.63,1536.6,1584,1460,0.808927,0,2,3158130,3156546,1584
3026581,1652.28,1581.63,1656,1460,0.923571,0,2,3159786,3158130,1656
3028041,1587.41,1652.28,1584,1460,0.873428,0,2,3161370,3159786,1584
3029501,1675.37,1587.41,1680,1460,0.763371,0,2,3163050,3161370,1680
3030961,1474.57,1675.37,1464,1460,0.905349,0,2,3164514,3163050,1464
3033881,1617.93,1806.53,1608,1460,0.744856,0,2,3167946,3166338,1608
3035341,1403.3,1617.93,1392,1460,0.711942,0,2,3169338,3167946,1392
3036801,1460.96,1403.3,1464,1460,0.884777,0,2,3170802,3169338,1464
3039721,1776.35,1783.05,1776,1460,0.807564,0,2,3174378,3172602,1776
3041181,1548.02,1776.35,1536,1460,0.923026,0,2,3175914,3174378,1536
3042641,1741.8,1548.02,1752,1460,0.83121,0,2,3177666,3175914,1752
3044101,1569.09,1741.8,1560,1460,0.710484,0,2,3179226,3177666,1560
3045561,1400.85,1569.09,1392,1460,0.818194,0,2,3180618,3179226,1392
3047021,1688.84,1400.85,1704,1460,0.915277,0,2,3182322,3180618,1704
3048481,1703.24,1688.84,1704,1460,0.912111,0,2,3184026,3182322,1704
3049941,1658.36,1703.24,1656,1460,0.898844,0,2,3185682,3184026,1656
3052861,1795.09,1701.72,1800,1460,0.947815,0,2,3189186,3187386,1800
3054321,1799.75,1795.09,1800,1460,0.877126,0,2,3190986,3189186,1800
3055781,1640.39,1799.75,1632,1460,0.89085,0,2,3192618,3190986,1632
3057241,1700.82,1640.39,1704,1460,0.91434,0,2,3194322,3192618,1704
3058701,1749.44,1700.82,1752,1460,0.743736,0,2,3196074,3194322,1752
3060161,1409.87,1749.44,1392,1460,0.855494,0,2,3197466,3196074,1392
3061621,1734.89,1409.87,1752,1460,0.924198,0,2,3199218,3197466,1752
3063081,1819.54,1734.89,1824,1460,0.897679,0,2,3201042,3199218,1824
3064541,1595.78,1819.54,1584,1460,0.797072,0,2,3202626,3201042,1584
3066001,1516.19,1595.78,1512,1460,0.876829,0,2,3204138,3202626,1512
3067461,1740.21,1516.19,1752,1460,0.890731,0,2,3205890,3204138,1752
3068921,1523.41,1740.21,1512,1460,0.698293,0,2,3207402,3205890,1512
3070381,1330.17,1523.41,1320,1460,0.765317,0,2,3208722,3207402,1320
3071841,1594.11,1330.17,1608,1460,0.840127,0,2,3210330,3208722,1608
3073301,1698.51,1594.11,1704,1460,0.882051,0,2,3212034,3210330,1704
3074761,1703.73,1698.51,1704,1460,0.74282,0,2,3213738,3212034,1704
3076221,1430.39,1703.73,1416,1460,0.831128,0,2,3215154,3213738,1416
3077681,1690.32,1430.39,1704,1460,0.764451,0,2,3216858,3215154,1704
3079141,1498.12,1690.32,1488,1460,0.73178,0,2,3218346,3216858,1488
3080601,1488.51,1498.12,1488,1460,0.862712,0,2,3219834,3218346,1488
3082061,1761.63,1488.51,1776,1460,0.927085,0,2,3221610,3219834,1776
3083521,1661.28,1761.63,1656,1460,0.748834,0,2,3223266,3221610,1656
3084981,1405.46,1661.28,1392,1460,0.821534,0,2,3224658,3223266,1392
3086441,1666.27,1405.46,1680,1460,0.928613,0,2,3226338,3224658,1680
3087901,1565.31,1666.27,1560,1460,0.833445,0,2,3227898,3226338,1560
3089361,1560.27,1565.31,1560,1460,0.759378,0,2,3229458,3227898,1560
3090821,1491.61,1560.27,1488,1460,0.903751,0,2,3230946,3229458,1488
3092281,1647.78,1491.61,1656,1460,0.9015,0,2,3232602,3230946,1656
3093741,1723.99,1647.78,1728,1460,0.9426,0,2,3234330,3232602,1728
3095201,1796.2,1723.99,1800,1460,0.88104,0,2,3236130,3234330,1800
3096661,1526.21,1796.2,1512,1460,0.730416,0,2,3237642,3236130,1512
3098121,1398.71,1526.21,1392,1460,0.790166,0,2,3239034,3237642,1392
3099581,1620.34,1398.71,1632,1460,0.898067,0,2,3240666,3239034,1632
3101041,1540.22,1620.34,1536,1460,0.797227,0,2,3242202,3240666,1536
3102501,1513.41,1540.22,1512,1460,0.918891,0,2,3243714,3242202,1512
3103961,1831.27,1513.41,1848,1460,0.751556,0,2,3245562,3243714,1848
3105421,1459.56,1831.27,1440,1460,0.666622,0,2,3247002,3245562,1440
3106881,1372.58,1459.56,1368,1460,0.764649,0,2,3248370,3247002,1368
3108341,1619.03,1372.58,1632,1460,0.90586,0,2,3250002,3248370,1632
3109801,1585.75,1619.03,1584,1460,0.848344,0,2,3251586,3250002,1584
3111261,1606.89,1585.75,1608,1460,0.885338,0,2,3253194,3251586,1608
3121481,1705.72,1738.38,1704,1460,0.800201,0,2,3265218,3263514,1704
3122941,1476.09,1705.72,1464,1460,0.602081,0,2,3266682,3265218,1464
3124401,1213.8,1476.09,1200,1460,0.726832,0,2,3267882,3266682,1200
3125861,1588.29,1213.8,1608,1460,0.884733,0,2,3269490,3267882,1608
3128781,1778.95,1835.01,1776,1460,0.855557,0,2,3273114,3271338,1776
3130241,1593.75,1778.95,1584,1460,0.888223,0,2,3274698,3273114,1584
3136081,1798.57,1771.3,1800,1460,0.944339,0,2,3281682,3279882,1800
3137541,1640.33,1798.57,1632,1460,0.731735,0,2,3283314,3281682,1632
3139001,1358.82,1640.33,1344,1460,0.802694,0,2,3284658,3283314,1344
3140461,1641.14,1358.82,1656,1460,0.921078,0,2,3286314,3284658,1656
3141921,1769.26,1641.14,1776,1460,0.854431,0,2,3288090,3286314,1776
3143381,1638.86,1769.26,1632,1460,0.827772,0,2,3289722,3288090,1632
3144841,1609.54,1638.86,1608,1460,0.913109,0,2,3291330,3289722,1608
3147761,1639.92,1790.48,1632,1460,0.920097,0,2,3294762,3293130,1632
3149221,1700.8,1639.92,1704,1460,0.842039,0,2,3296466,3294762,1704
3150681,1589.84,1700.8,1584,1460,0.858816,0,2,3298050,3296466,1584
3152141,1675.49,1589.84,1680,1460,0.943526,0,2,3299730,3298050,1680
3153601,1702.57,1675.49,1704,1460,0.87541,0,2,3301434,3299730,1704
3155061,1635.53,1702.57,1632,1460,0.884164,0,2,3303066,3301434,1632
3156521,1700.58,1635.53,1704,1460,0.611666,0,2,3304770,3303066,1704
3157981,1339.03,1700.58,1320,1460,0.490666,0,1,3306090,3304770,1320
3159441,1138.55,1339.03,1128,1460,0.598267,0,2,3307218,3306090,1128
3160901,1424.93,1138.55,1440,1460,0.797307,0,2,3308658,3307218,1440
3162361,1735.65,1424.93,1752,1460,0.918923,0,2,3310410,3308658,1752
3163821,1659.98,1735.65,1656,1460,0.901569,0,2,3312066,3310410,1656
3168201,1708.55,1795.09,1704,1460,0.8917,0,2,3317274,3315570,1704
3171121,1747.33,1658.63,1752,1460,0.856672,0,2,3320682,3318930,1752
3172581,1797.37,1747.33,1800,1460,0.780669,0,2,3322482,3320682,1800
3174041,1526.27,1797.37,1512,1460,0.912268,0,2,3323994,3322482,1512
3175501,1398.71,1526.27,1392,1460,0.658907,0,2,3325386,3323994,1392
3176961,1232.74,1398.71,1224,1460,0.449563,0,1,3326610,3325386,1224
3178421,1019.24,1232.74,1008,1460,0.509825,0,2,3327618,3326610,1008
3179881,1282.16,1019.24,1296,1460,0.58193,0,2,3328914,3327618,1296
3181341,1386.51,1282.16,1392,1460,0.706772,0,2,3330306,3328914,1392
3182801,1574.13,1386.51,1584,1460,0.882709,0,2,3331890,3330306,1584
3184261,1583.51,1574.13,1584,1460,0.923083,0,2,3333474,3331890,1584
3188641,1732.83,1824.54,1728,1460,0.947077,0,2,3338874,3337146,1728
3190101,1682.64,1732.83,1680,1460,0.864831,0,2,3340554,3338874,1680
3191561,1611.73,1682.64,1608,1460,0.843932,0,2,3342162,3340554,1608
3193021,1630.99,1611.73,1632,1460,0.937573,0,2,3343794,3342162,1632
3194481,1198.75,1630.99,1176,1460,0.921029,0,2,3344970,3343794,1176
3197401,1944.42,1952.34,1944,1460,0.657365,0,2,3348906,3346962,1944
3198861,1374.02,1944.42,1344,1460,0.568946,0,2,3350250,3348906,1344
3200321,1254.3,1374.02,1248,1460,0.629578,0,2,3351498,3350250,1248
3201781,1430.72,1254.3,1440,1460,0.689831,0,2,3352938,3351498,1440
3203241,1507.94,1430.72,1512,1460,0.797933,0,2,3354450,3352938,1512
3204701,1671.4,1507.94,1680,1460,0.919173,0,2,3356130,3354450,1680
3209081,1616.5,1778.02,1608,1460,0.760827,0,2,3360882,3359274,1608
3210541,1380.43,1616.5,1368,1460,0.304331,0,1,3362250,3360882,1368
3212001,680.821,1380.43,644,1460,0.139732,0,1,3362894,3362250,644
3213461,666.741,680.821,666,1460,0.655893,0,2,3363560,3362894,666
3214921,1574.24,666.741,1622,1460,0.730357,0,2,3365182,3363560,1622
3216381,1674.71,1574.24,1680,1460,0.820143,0,2,3366862,3365182,1680
3217841,1684.49,1674.71,1685,1460,0.916057,0,2,3368547,3366862,1685
3219301,1748.62,1684.49,1752,1460,0.936423,0,2,3370299,3368547,1752
3222221,1812.98,1774.63,1815,1460,0.831428,0,2,3373890,3372075,1815
3223681,1618.25,1812.98,1608,1460,0.830571,0,2,3375498,3373890,1608
3225141,1631.31,1618.25,1632,1460,0.920228,0,2,3377130,3375498,1632
3226601,1791.57,1631.31,1800,1460,0.944091,0,2,3378930,3377130,1800
3228061,1708.38,1791.57,1704,1460,0.791637,0,2,3380634,3378930,1704
3229521,1476.22,1708.38,1464,1460,0.802655,0,2,3382098,3380634,1464
3230981,1601.41,1476.22,1608,1460,0.921062,0,2,3383706,3382098,1608
3232441,1470.87,1601.41,1464,1460,0.830425,0,2,3385170,3383706,1464
3233901,1555.54,1470.87,1560,1460,0.93217,0,2,3386730,3385170,1560
3236821,1548.59,1787.78,1536,1460,0.815147,0,2,3390066,3388530,1536
3238281,1491.03,1548.59,1488,1460,0.848059,0,2,3391554,3390066,1488
3239741,1670.55,1491.03,1680,1460,0.939224,0,2,3393234,3391554,1680
3241201,1451.53,1670.55,1440,1460,0.873689,0,2,3394674,3393234,1440
3242661,1622.98,1451.53,1632,1460,0.847476,0,2,3396306,3394674,1632
3244121,1631.55,1622.98,1632,1460,0.72899,0,2,3397938,3396306,1632
3245581,1700.38,1631.55,1704,1460,0.513596,0,2,3399642,3397938,1704
3247041,1111.02,1700.38,1080,1460,0.799438,0,2,3400722,3399642,1080
3248501,1788.35,1111.02,1824,1460,0.919775,0,2,3402546,3400722,1824
3249961,1845.02,1788.35,1848,1460,0.84791,0,2,3404394,3402546,1848
3251421,1597.05,1845.02,1584,1460,0.765164,0,2,3405978,3404394,1584
3252881,1493.45,1597.05,1488,1460,0.906066,0,2,3407466,3405978,1488
3254341,1720.07,1493.45,1732,1460,0.908426,0,2,3409198,3407466,1732
3258721,1656.12,1658.44,1656,1460,0.796139,0,2,3414214,3412558,1656
3260181,1496.41,1656.12,1488,1460,0.744456,0,2,3415702,3414214,1488
3261641,1488.42,1496.41,1488,1460,0.897782,0,2,3417190,3415702,1488
3263101,1738.82,1488.42,1752,1460,0.677113,0,2,3418942,3417190,1752
3264561,1363.74,1738.82,1344,1460,0.516845,0,2,3420286,3418942,1344
3266021,1139.79,1363.74,1128,1460,0.512738,0,2,3421414,3420286,1128
3267481,1242.59,1139.79,1248,1460,0.607095,0,2,3422662,3421414,1248
3268941,1430.13,1242.59,1440,1460,0.728838,0,2,3424102,3422662,1440
3270401,1599.11,1430.13,1608,1460,0.891535,0,2,3425710,3424102,1608
3271861,1744.36,1599.11,1752,1460,0.926614,0,2,3427462,3425710,1752
3273321,1820.02,1744.36,1824,1460,0.904646,0,2,3429286,3427462,1824
3274781,1709.8,1820.02,1704,1460,0.937858,0,2,3430990,3429286,1704
3276241,1590.29,1709.8,1584,1460,0.765143,0,2,3432574,3430990,1584
3277701,1424.71,1590.29,1416,1460,0.864057,0,2,3433990,3432574,1416
3279161,1735.64,1424.71,1752,1460,0.849623,0,2,3435742,3433990,1752
3280621,1591.58,1735.64,1584,1460,0.837849,0,2,3437326,3435742,1584
3282081,1629.98,1591.58,1632,1460,0.93514,0,2,3438958,3437326,1632
3283541,1586.3,1629.98,1584,1460,0.878056,0,2,3440542,3438958,1584
3285001,1720.91,1586.3,1728,1460,0.909222,0,2,3442270,3440542,1728
3287921,1318.72,1750.45,1296,1460,0.691476,0,2,3445318,3444022,1296
3289381,1251.54,1318.72,1248,1460,0.58259,0,2,3446566,3445318,1248
3290841,1248.18,1251.54,1248,1460,0.707036,0,2,3447814,3446566,1248
3292301,1567.21,1248.18,1584,1460,0.882814,0,2,3449398,3447814,1584
3293761,1651.56,1567.21,1656,1460,0.845126,0,2,3451054,3449398,1656
3295221,1655.78,1651.56,1656,1460,0.70405,0,2,3452710,3451054,1656
3296681,1382.39,1655.78,1368,1460,0.86362,0,2,3454078,3452710,1368
3298141,1779.12,1382.39,1800,1460,0.939448,0,2,3455878,3454078,1800
3299601,1684.96,1779.12,1680,1460,0.915779,0,2,3457558,3455878,1680
3302521,1795.15,1703.05,1800,1460,0.915725,0,2,3461062,3459262,1800
3306901,2324.07,1793.34,2352,1460,0.628606,0,2,3466779,3464427,2352
3308361,1215.35,2324.07,1157,1460,0.809443,0,2,3467936,3466779,1157
3309821,1405.97,1215.35,1416,1460,0.653777,0,2,3469352,3467936,1416
3311281,1301.5,1405.97,1296,1460,0.759511,0,2,3470648,3469352,1296
3312741,1615.47,1301.5,1632,1460,0.801804,0,2,3472280,3470648,1632
3314201,1699.57,1615.47,1704,1460,0.878722,0,2,3473984,3472280,1704
3317121,1409.87,1749.38,1392,1460,0.734595,0,2,3477128,3475736,1392
3318581,1347.29,1409.87,1344,1460,0.659838,0,2,3478472,3477128,1344
3320041,1366.96,1347.29,1368,1460,0.533935,0,2,3479840,3478472,1368
3321501,1185.55,1366.96,1176,1460,0.507574,0,2,3481016,3479840,1176
3322961,1222.08,1185.55,1224,1460,0.54503,0,2,3482240,3481016,1224
3324421,1315.1,1222.08,1320,1460,0.716012,0,2,3483560,3482240,1320
3325881,1616.16,1315.1,1632,1460,0.820405,0,2,3485192,3483560,1632
3327341,1448.81,1616.16,1440,1460,0.886162,0,2,3486632,3485192,1440
3328801,1736.84,1448.81,1752,1460,0.876465,0,2,3488384,3486632,1752
3331721,1520.54,1682.84,1512,1460,0.806234,0,2,3491576,3490064,1512
3333181,1489.63,1520.54,1488,1460,0.772494,0,2,3493064,3491576,1488
3334641,1533.68,1489.63,1536,1460,0.854997,0,2,3494600,3493064,1536
3336101,1718.28,1533.68,1728,1460,0.941999,0,2,3496328,3494600,1728
3337561,1795.91,1718.28,1800,1460,0.9048,0,2,3498128,3496328,1800
3339021,1663,1795.91,1656,1460,0.82392,0,2,3499784,3498128,1656
3340481,1565.15,1663,1560,1460,0.911568,0,2,3501344,3499784,1560
3341941,1788.26,1565.15,1800,1460,0.826627,0,2,3503144,3501344,1800
3343401,1662.61,1788.26,1656,1460,0.756651,0,2,3504800,3503144,1656
3344861,1496.73,1662.61,1488,1460,0.86066,0,2,3506288,3504800,1488
3346321,1739.24,1496.73,1752,1460,0.920264,0,2,3508040,3506288,1752
3347781,1728.56,1739.24,1728,1460,0.896106,0,2,3509768,3508040,1728
3350701,1726.86,1705.23,1728,1460,0.899377,0,2,3513200,3511472,1728
3352161,1750.74,1726.86,1752,1460,0.911751,0,2,3514952,3513200,1752
3353621,1865.94,1750.74,1872,1460,0.7727,0,2,3516824,3514952,1872
3355081,1542.05,1865.94,1525,1460,0.55508,0,2,3518349,3516824,1525
3356541,1148.7,1542.05,1128,1460,0.822032,0,2,3519477,3518349,1128
3358001,1790.24,1148.7,1824,1460,0.928813,0,2,3521301,3519477,1824
3363841,1776.13,1778.57,1776,1460,0.842226,0,2,3528117,3526341,1776
3365301,1548.01,1776.13,1536,1460,0.93689,0,2,3529653,3528117,1536
3366761,1354.2,1548.01,1344,1460,0.770756,0,2,3530997,3529653,1344
3368221,2005.71,1354.2,2040,1460,0.854302,0,2,3533037,3530997,2040
3369681,1741.89,2005.71,1728,1460,0.815721,0,2,3534765,3533037,1728
3371141,1637.49,1741.89,1632,1460,0.836288,0,2,3536397,3534765,1632
3372601,1655.07,1637.49,1656,1460,0.934515,0,2,3538053,3536397,1656
3374061,1724.35,1655.07,1728,1460,0.841806,0,2,3539781,3538053,1728
3375521,1613.82,1724.35,1608,1460,0.666722,0,2,3541389,3539781,1608
3376981,1311.89,1613.82,1296,1460,0.776689,0,2,3542685,3541389,1296
3378441,1638.79,1311.89,1656,1460,0.850676,0,2,3544341,3542685,1656
3379901,1677.94,1638.79,1680,1460,0.76627,0,2,3546021,3544341,1680
3381361,1497.5,1677.94,1488,1460,0.768508,0,2,3547509,3546021,1488
3382821,1556.87,1497.5,1560,1460,0.907403,0,2,3549069,3547509,1560
3388661,1777.3,1802.08,1776,1460,0.856461,0,2,3556221,3554445,1776
3390121,1593.67,1777.3,1584,1460,0.942585,0,2,3557805,3556221,1584
3391581,1698.48,1593.67,1704,1460,0.857034,0,2,3559509,3557805,1704
3393041,1635.32,1698.48,1632,1460,0.756814,0,2,3561141,3559509,1632
3394501,1472.57,1635.32,1464,1460,0.902725,0,2,3562605,3561141,1464
3395961,1760.83,1472.57,1776,1460,0.83509,0,2,3564381,3562605,1776
3397421,1638.44,1760.83,1632,1460,0.832036,0,2,3566013,3564381,1632
3398881,1632.32,1638.44,1632,1460,0.932814,0,2,3567645,3566013,1632
3400341,1518.02,1632.32,1512,1460,0.877126,0,2,3569157,3567645,1512
3401801,1694.7,1518.02,1704,1460,0.92085,0,2,3570861,3569157,1704
3404721,1547.8,1771.94,1536,1460,0.759336,0,2,3574173,3572637,1536
3406181,1422.59,1547.8,1416,1460,0.789734,0,2,3575589,3574173,1416
3407641,1598.73,1422.59,1608,1460,0.915894,0,2,3577197,3575589,1608
3409101,1447.94,1598.73,1440,1460,0.864358,0,2,3578637,3577197,1440
3410561,1622.8,1447.94,1632,1460,0.723743,0,2,3580269,3578637,1632
3412021,1403.54,1622.8,1392,1460,0.859497,0,2,3581661,3580269,1392
3413481,1757.38,1403.54,1776,1460,0.871799,0,2,3583437,3581661,1776
3414941,1706.67,1757.38,1704,1460,0.94872,0,2,3585141,3583437,1704
3416401,1772.53,1706.67,1776,1460,0.871488,0,2,3586917,3585141,1776
3417861,1639.03,1772.53,1632,1460,0.774595,0,2,3588549,3586917,1632
3419321,1495.55,1639.03,1488,1460,0.909838,0,2,3590037,3588549,1488
3420781,1784.78,1495.55,1800,1460,0.783935,0,2,3591837,3590037,1800
3422241,1502.84,1784.78,1488,1460,0.679574,0,2,3593325,3591837,1488
3423701,1374.74,1502.84,1368,1460,0.84183,0,2,3594693,3593325,1368
3425161,1755.94,1374.74,1776,1460,0.870732,0,2,3596469,3594693,1776
3426621,1706.6,1755.94,1704,1460,0.786293,0,2,3598173,3596469,1704
3428081,1521.73,1706.6,1512,1460,0.812517,0,2,3599685,3598173,1512
3429541,1626.49,1521.73,1632,1460,0.907007,0,2,3601317,3599685,1632
3431001,1654.52,1626.49,1656,1460,0.788803,0,2,3602973,3601317,1656
3432461,1496.33,1654.52,1488,1460,0.765521,0,2,3604461,3602973,1488
3433921,1534.02,1496.33,1536,1460,0.906208,0,2,3605997,3604461,1536
3436841,1639.74,1786.7,1632,1460,0.942993,0,2,3609429,3607797,1632
3438301,1700.79,1639.74,1704,1460,0.899197,0,2,3611133,3609429,1704
3441221,1566.05,1681.04,1560,1460,0.863872,0,2,3614373,3612813,1560
3442681,1788.3,1566.05,1800,1460,0.795549,0,2,3616173,3614373,1800
3444141,1548.62,1788.3,1536,1460,0.840219,0,2,3617709,3616173,1536
3445601,1673.43,1548.62,1680,1460,0.936088,0,2,3619389,3617709,1680
3449981,1747.2,1656.04,1752,1460,0.77991,0,2,3624453,3622701,1752
3451441,1500.96,1747.2,1488,1460,0.485964,0,1,3625941,3624453,1488
3452901,1009.85,1500.96,984,1460,0.632385,0,2,3626925,3625941,984
3454361,1486.89,1009.85,1512,1460,0.762954,0,2,3628437,3626925,1512
3455821,1647.54,1486.89,1656,1460,0.905182,0,2,3630093,3628437,1656
3458741,1720.96,1587.18,1728,1460,0.822829,0,2,3633405,3631677,1728
3460201,1522.45,1720.96,1512,1460,0.899132,0,2,3634917,3633405,1512
3461661,1763.32,1522.45,1776,1460,0.935653,0,2,3636693,3634917,1776
3463121,1798.17,1763.32,1800,1460,0.920261,0,2,3638493,3636693,1800
3466041,1340.58,1731.51,1320,1460,0.849242,0,2,3641541,3640221,1320
3467501,1549.03,1340.58,1560,1460,0.885697,0,2,3643101,3641541,1560
3470421,1339.95,1719.05,1320,1460,0.927711,0,2,3646149,3644829,1320
3473341,1821.65,1777,1824,1460,0.626034,0,2,3649773,3647949,1824
3474801,1276.68,1821.65,1248,1460,0.424414,0,1,3651021,3649773,1248
3476261,1021.43,1276.68,1008,1460,0.451765,0,1,3652029,3651021,1008
3477721,1191.07,1021.43,1200,1460,0.462706,0,1,3653229,3652029,1200
3479181,1199.55,1191.07,1200,1460,0.611082,0,2,3654429,3653229,1200
3480641,1473.58,1199.55,1488,1460,0.844433,0,2,3655917,3654429,1488
3482101,1555.68,1473.58,1560,1460,0.931773,0,2,3657477,3655917,1560
3483561,1901.78,1555.68,1920,1460,0.846709,0,2,3659397,3657477,1920
3485021,1599.89,1901.78,1584,1460,0.938684,0,2,3660981,3659397,1584
3486481,1539.19,1599.89,1536,1460,0.897473,0,2,3662517,3660981,1536
3495241,1822.55,1795.04,1824,1460,0.760738,0,2,3672981,3671157,1824
3496701,1390.73,1822.55,1368,1460,0.838295,0,2,3674349,3672981,1368
3498161,1688.34,1390.73,1704,1460,0.935318,0,2,3676053,3674349,1704
3499621,1634.82,1688.34,1632,1460,0.830127,0,2,3677685,3676053,1632
3501081,1518.14,1634.82,1512,1460,0.854051,0,2,3679197,3677685,1512
3502541,1671.91,1518.14,1680,1460,0.94162,0,2,3680877,3679197,1680
3504001,1702.4,1671.91,1704,1460,0.754648,0,2,3682581,3680877,1704
3505461,1567.12,1702.4,1560,1460,0.703859,0,2,3684141,3682581,1560
3506921,1446.36,1567.12,1440,1460,0.767544,0,2,3685581,3684141,1440
3508381,1599.92,1446.36,1608,1460,0.799017,0,2,3687189,3685581,1608
3509841,1584.8,1599.92,1584,1460,0.817607,0,2,3688773,3687189,1584
3511301,1629.64,1584.8,1632,1460,0.927043,0,2,3690405,3688773,1632
3512761,1700.28,1629.64,1704,1460,0.904817,0,2,3692109,3690405,1704
3514221,1749.41,1700.28,1752,1460,0.835927,0,2,3693861,3692109,1752
3515681,1592.27,1749.41,1584,1460,0.934371,0,2,3695445,3693861,1584
3517141,1310.81,1592.27,1296,1460,0.763748,0,2,3696741,3695445,1296
3518601,1410.74,1310.81,1416,1460,0.683499,0,2,3698157,3696741,1416
3520061,1392.94,1410.74,1392,1460,0.8074,0,2,3699549,3698157,1392
3521521,1688.45,1392.94,1704,1460,0.92296,0,2,3701253,3699549,1704
3522981,1589.22,1688.45,1584,1460,0.915184,0,2,3702837,3701253,1584
3524441,1743.86,1589.22,1752,1460,0.888074,0,2,3704589,3702837,1752
3527361,1588.96,1683.19,1584,1460,0.892092,0,2,3707853,3706269,1584
3528821,1652.65,1588.96,1656,1460,0.878837,0,2,3709509,3707853,1656
3530281,1678.63,1652.65,1680,1460,0.855535,0,2,3711189,3709509,1680
3531741,1543.13,1678.63,1536,1460,0.564214,0,2,3712725,3711189,1536
3533201,1103.16,1543.13,1080,1460,0.579686,0,2,3713805,3712725,1080
3534661,1331.96,1103.16,1344,1460,0.657874,0,2,3715149,3713805,1344
3536121,1480.2,1331.96,1488,1460,0.82115,0,2,3716637,3715149,1488
3537581,1738.41,1480.2,1752,1460,0.92846,0,2,3718389,3716637,1752
3539041,1340.92,1738.41,1320,1460,0.839384,0,2,3719709,3718389,1320
3540501,1571.85,1340.92,1584,1460,0.761754,0,2,3721293,3719709,1584
3541961,1492.19,1571.85,1488,1460,0.904701,0,2,3722781,3721293,1488
3544881,1728.55,1739.01,1728,1460,0.726752,0,2,3726261,3724533,1728
3546341,1340.43,1728.55,1320,1460,0.752701,0,2,3727581,3726261,1320
3547801,1549.02,1340.43,1560,1460,0.90108,0,2,3729141,3727581,1560
3549261,1650.65,1549.02,1656,1460,0.774432,0,2,3730797,3729141,1656
3550721,1587.33,1650.65,1584,1460,0.663773,0,2,3732381,3730797,1584
3552181,1356.17,1587.33,1344,1460,0.865509,0,2,3733725,3732381,1344
3553641,1800.61,1356.17,1824,1460,0.808204,0,2,3735549,3733725,1824
3555101,1594.83,1800.61,1584,1460,0.689281,0,2,3737133,3735549,1584
3556561,1379.34,1594.83,1368,1460,0.833713,0,2,3738501,3737133,1368
3558021,1733.37,1379.34,1752,1460,0.933485,0,2,3740253,3738501,1752
3559481,1705.47,1733.37,1704,1460,0.919394,0,2,3741957,3740253,1704
3566781,977.891,1773.82,936,1460,0.750717,0,2,3749925,3748989,936
3568241,1508.09,977.891,1536,1460,0.834287,0,2,3751461,3749925,1536
3569701,1694.2,1508.09,1704,1460,0.933715,0,2,3753165,3751461,1704
3571161,1338.71,1694.2,1320,1460,0.865486,0,2,3754485,3753165,1320
3572621,1776.94,1338.71,1800,1460,0.844194,0,2,3756285,3754485,1800
3574081,1639.25,1776.94,1632,1460,0.937678,0,2,3757917,3756285,1632
3575541,1609.56,1639.25,1608,1460,0.849071,0,2,3759525,3757917,1608
3577001,1585.28,1609.56,1584,1460,0.741628,0,2,3761109,3759525,1584
3578461,1447.26,1585.28,1440,1460,0.818651,0,2,3762549,3761109,1440
3579921,1668.36,1447.26,1680,1460,0.927461,0,2,3764229,3762549,1680
3581381,1725.02,1668.36,1728,1460,0.916984,0,2,3765957,3764229,1728
3585761,1663.93,1814.63,1656,1460,0.874687,0,2,3771069,3769413,1656
3587221,1588,1663.93,1584,1460,0.949875,0,2,3772653,3771069,1584
3588681,1493,1588,1488,1460,0.90795,0,2,3774141,3772653,1488
3590141,1739.05,1493,1752,1460,0.74118,0,2,3775893,3774141,1752
3591601,1409.35,1739.05,1392,1460,0.896472,0,2,3777285,3775893,1392
3593061,1370.07,1409.35,1368,1460,0.688589,0,2,3778653,3777285,1368
3594521,1527.7,1370.07,1536,1460,0.833436,0,2,3780189,3778653,1536
3595981,1740.79,1527.7,1752,1460,0.891374,0,2,3781941,3780189,1752
3597441,1318.24,1740.79,1296,1460,0.68655,0,2,3783237,3781941,1296
3598901,1297.11,1318.24,1296,1460,0.73662,0,2,3784533,3783237,1296
3600361,1546.86,1297.11,1560,1460,0.804648,0,2,3786093,3784533,1560
3601821,1650.54,1546.86,1656,1460,0.921859,0,2,3787749,3786093,1656
3603281,1382.13,1650.54,1368,1460,0.890744,0,2,3789117,3787749,1368
3604741,1665.11,1382.13,1680,1460,0.770297,0,2,3790797,3789117,1680
3606201,1474.06,1665.11,1464,1460,0.908119,0,2,3792261,3790797,1464
3607661,1601.3,1474.06,1608,1460,0.849248,0,2,3793869,3792261,1608
3609121,1607.67,1601.3,1608,1460,0.939699,0,2,3795477,3793869,1608
3610581,1813.18,1607.67,1824,1460,0.83788,0,2,3797301,3795477,1824
3612041,1663.86,1813.18,1656,1460,0.773152,0,2,3798957,3797301,1656
3613501,1519.59,1663.86,1512,1460,0.843261,0,2,3800469,3798957,1512
3614961,1694.78,1519.59,1704,1460,0.937304,0,2,3802173,3800469,1704
3616421,1521.14,1694.78,1512,1460,0.848922,0,2,3803685,3802173,1512
3617881,1580.86,1521.14,1584,1460,0.885569,0,2,3805269,3803685,1584
3619341,1720.64,1580.86,1728,1460,0.510227,0,2,3806997,3805269,1728
3620801,1066.43,1720.64,1032,1460,0.306091,0,1,3808029,3806997,1032
3622261,851.322,1066.43,840,1460,0.332436,0,1,3808869,3808029,840
3623721,1045.77,851.322,1056,1460,0.402975,0,1,3809925,3808869,1056
3625181,1169.49,1045.77,1176,1460,0.55119,0,2,3811101,3809925,1176
3626641,1403.67,1169.49,1416,1460,0.706476,0,2,3812517,3811101,1416
3628101,1597.78,1403.67,1608,1460,0.88259,0,2,3814125,3812517,1608
3629561,1584.69,1597.78,1584,1460,0.809036,0,2,3815709,3814125,1584
3631021,1629.63,1584.69,1632,1460,0.857614,0,2,3817341,3815709,1632
3632481,1700.28,1629.63,1704,1460,0.943046,0,2,3819045,3817341,1704
3633941,1589.81,1700.28,1584,1460,0.803218,0,2,3820629,3819045,1584
3635401,1561.49,1589.81,1560,1460,0.771287,0,2,3822189,3820629,1560
3636861,1537.27,1561.49,1536,1460,0.908515,0,2,3823725,3822189,1536
3638321,1764.06,1537.27,1776,1460,0.873406,0,2,3825501,3823725,1776
3639781,1707,1764.06,1704,1460,0.883362,0,2,3827205,3825501,1704
3642701,951.607,1704.15,912,1460,0.831338,0,2,3829821,3828909,912
3644161,1689.18,951.607,1728,1460,0.806535,0,2,3831549,3829821,1728
3645621,1612.06,1689.18,1608,1460,0.922614,0,2,3833157,3831549,1608
3647081,1266.2,1612.06,1248,1460,0.615046,0,2,3834405,3833157,1248
3648541,1134.91,1266.2,1128,1460,0.504018,0,2,3835533,3834405,1128
3650001,1151.15,1134.91,1152,1460,0.351607,0,1,3836685,3835533,1152
3651461,946.757,1151.15,936,1460,0.482643,0,1,3837621,3836685,936
3652921,1301.34,946.757,1320,1460,0.595057,0,2,3838941,3837621,1320
3654381,1433.07,1301.34,1440,1460,0.784023,0,2,3840381,3838941,1440
3655841,1713.25,1433.07,1728,1460,0.847609,0,2,3842109,3840381,1728
3657301,1408.06,1713.25,1392,1460,0.861044,0,2,3843501,3842109,1392
3658761,1666.4,1408.06,1680,1460,0.914418,0,2,3845181,3843501,1680
3661681,1570.53,1770.52,1560,1460,0.824307,0,2,3848517,3846957,1560
3663141,1514.93,1570.53,1512,1460,0.875723,0,2,3850029,3848517,1512
3666061,1339.87,1717.35,1320,1460,0.734116,0,2,3853077,3851757,1320
3667521,1343.79,1339.87,1344,1460,0.671646,0,2,3854421,3853077,1344
3668981,1389.59,1343.79,1392,1460,0.778659,0,2,3855813,3854421,1392
3670441,1642.68,1389.59,1656,1460,0.905463,0,2,3857469,3855813,1656
3671901,1814.93,1642.68,1824,1460,0.920185,0,2,3859293,3857469,1824
3673361,1800.75,1814.93,1800,1460,0.782074,0,2,3861093,3859293,1800
3674821,1458.04,1800.75,1440,1460,0.86483,0,2,3862533,3861093,1440
3676281,1714.5,1458.04,1728,1460,0.933932,0,2,3864261,3862533,1728
3680661,1777.7,1810.05,1776,1460,0.785772,0,2,3869397,3867621,1776
3682121,1434.09,1777.7,1416,1460,0.704309,0,2,3870813,3869397,1416
3683581,1416.9,1434.09,1416,1460,0.881723,0,2,3872229,3870813,1416
3689421,1664.1,1818.08,1656,1460,0.786972,0,2,3879165,3877509,1656
3690881,1428.41,1664.1,1416,1460,0.896789,0,2,3880581,3879165,1416
3692341,1781.42,1428.41,1800,1460,0.868716,0,2,3882381,3880581,1800
3693801,1662.27,1781.42,1656,1460,0.899486,0,2,3884037,3882381,1656
3695261,1724.71,1662.27,1728,1460,0.845794,0,2,3885765,3884037,1728
3696721,1408.64,1724.71,1392,1460,0.824318,0,2,3887157,3885765,1392
3698181,1598.03,1408.64,1608,1460,0.929727,0,2,3888765,3887157,1608
3701101,1651.3,1561.9,1656,1460,0.706756,0,2,3891981,3890325,1656
3702561,1290.96,1651.3,1272,1460,0.684703,0,2,3893253,3891981,1272
3704021,1432.55,1290.96,1440,1460,0.873881,0,2,3894693,3893253,1440
3705481,1371.23,1432.55,1368,1460,0.739552,0,2,3896061,3894693,1368
3706941,1459.36,1371.23,1464,1460,0.685821,0,2,3897525,3896061,1464
3708401,1418.17,1459.36,1416,1460,0.772328,0,2,3898941,3897525,1416
3709861,1621.31,1418.17,1632,1460,0.908931,0,2,3900573,3898941,1632
3711321,1768.27,1621.31,1776,1460,0.939573,0,2,3902349,3900573,1776
3712781,1798.41,1768.27,1800,1460,0.861829,0,2,3904149,3902349,1800
3714241,1617.52,1798.41,1608,1460,0.944732,0,2,3905757,3904149,1608
3715701,1722.48,1617.52,1728,1460,0.779893,0,2,3907485,3905757,1728
3717161,1476.92,1722.48,1464,1460,0.677957,0,2,3908949,3907485,1464
3718621,1373.45,1476.92,1368,1460,0.781183,0,2,3910317,3908949,1368
3720081,1641.87,1373.45,1656,1460,0.900473,0,2,3911973,3910317,1656
3723001,1571.6,1792.09,1560,1460,0.870076,0,2,3915333,3913773,1560
3724461,1606.18,1571.6,1608,1460,0.85803,0,2,3916941,3915333,1608
3725921,1653.51,1606.18,1656,1460,0.547212,0,2,3918597,3916941,1656
3727381,1336.68,1653.51,1320,1460,0.452885,0,1,3919917,3918597,1320
3728841,1115.63,1336.68,1104,1460,0.535154,0,2,3921021,3919917,1104
3730301,1332.58,1115.63,1344,1460,0.784062,0,2,3922365,3921021,1344
3731761,1753.83,1332.58,1776,1460,0.913625,0,2,3924141,3922365,1776
3734681,1587.84,1660.89,1584,1460,0.74018,0,2,3927381,3925797,1584
3736141,1356.19,1587.84,1344,1460,0.722072,0,2,3928725,3927381,1344
3737601,1481.41,1356.19,1488,1460,0.888829,0,2,3930213,3928725,1488
3739061,1487.67,1481.41,1488,1460,0.769531,0,2,3931701,3930213,1488
3740521,1510.78,1487.67,1512,1460,0.565813,0,2,3933213,3931701,1512
3741981,1169.94,1510.78,1152,1460,0.640325,0,2,3934365,3933213,1152
3743441,1449.3,1169.94,1464,1460,0.85613,0,2,3935829,3934365,1464
3744901,1782.46,1449.3,1800,1460,0.942452,0,2,3937629,3935829,1800
3747821,1796.54,1730.72,1800,1460,0.893592,0,2,3941157,3939357,1800
3749281,1663.03,1796.54,1656,1460,0.813437,0,2,3942813,3941157,1656
3750741,1587.95,1663.03,1584,1460,0.619375,0,2,3944397,3942813,1584
3752201,1242.2,1587.95,1224,1460,0.84775,0,2,3945621,3944397,1224
3753661,1772.11,1242.2,1800,1460,0.8791,0,2,3947421,3945621,1800
3755121,1753.01,1772.11,1752,1460,0.74164,0,2,3949173,3947421,1752
3756581,1432.85,1753.01,1416,1460,0.896656,0,2,3950589,3949173,1416
3758041,1485.24,1432.85,1488,1460,0.700662,0,2,3952077,3950589,1488
3759501,1693.06,1485.24,1704,1460,0.526265,0,2,3953781,3952077,1704
3760961,1156.25,1693.06,1128,1460,0.810506,0,2,3954909,3953781,1128
3762421,1767.81,1156.25,1800,1460,0.798202,0,2,3956709,3954909,1800
3763881,1593.19,1767.81,1584,1460,0.919281,0,2,3958293,3956709,1584
3765341,1812.46,1593.19,1824,1460,0.937712,0,2,3960117,3958293,1824
3766801,1777.82,1812.46,1776,1460,0.885085,0,2,3961893,3960117,1776
3769721,1291.5,1662.09,1272,1460,0.747614,0,2,3964821,3963549,1272
3771181,1500.98,1291.5,1512,1460,0.653045,0,2,3966333,3964821,1512
3772641,1351.85,1500.98,1344,1460,0.861218,0,2,3967677,3966333,1344
3774101,1686.39,1351.85,1704,1460,0.878487,0,2,3969381,3967677,1704
3775561,1862.72,1686.39,1872,1460,0.837395,0,2,3971253,3969381,1872
3777021,1620.74,1862.72,1608,1460,0.934958,0,2,3972861,3971253,1608
3778481,1152.64,1620.74,1128,1460,0.865983,0,2,3973989,3972861,1128
3779941,1836.03,1152.64,1872,1460,0.832393,0,2,3975861,3973989,1872
3781401,1619.4,1836.03,1608,1460,0.932957,0,2,3977469,3975861,1608
3784321,2328.51,1426.17,2376,1460,0.640073,0,2,3981261,3978885,2376
3785781,1370.43,2328.51,1320,1460,0.814029,0,2,3982581,3981261,1320
3787241,1664.52,1370.43,1680,1460,0.769612,0,2,3984261,3982581,1680
3788701,1588.03,1664.52,1584,1460,0.673845,0,2,3985845,3984261,1584
3790161,1379,1588.03,1368,1460,0.587538,0,2,3987213,3985845,1368
3791621,1277.35,1379,1272,1460,0.793015,0,2,3988485,3987213,1272
3793081,1728.27,1277.35,1752,1460,0.917206,0,2,3990237,3988485,1752
3794541,1750.81,1728.27,1752,1460,0.882882,0,2,3991989,3990237,1752
3796001,1706.34,1750.81,1704,1460,0.815153,0,2,3993693,3991989,1704
3797461,1567.32,1706.34,1560,1460,0.926061,0,2,3995253,3993693,1560
3798921,1514.77,1567.32,1512,1460,0.790425,0,2,3996765,3995253,1512
3800381,1580.54,1514.77,1584,1460,0.79017,0,2,3998349,3996765,1584
3801841,1583.83,1580.54,1584,1460,0.916068,0,2,3999933,3998349,1584
3803301,1811.99,1583.83,1824,1460,0.912427,0,2,4001757,3999933,1824
3804761,1732.2,1811.99,1728,1460,0.778971,0,2,4003485,4001757,1728
3806221,1477.41,1732.2,1464,1460,0.833588,0,2,4004949,4003485,1464
3807681,1669.87,1477.41,1680,1460,0.933435,0,2,4006629,4004949,1680
3810601,1731.27,1793.49,1728,1460,0.89215,0,2,4010157,4008429,1728
3813521,1792.99,1659.76,1800,1460,0.826744,0,2,4013613,4011813,1800
3814981,1731.25,1792.99,1728,1460,0.732698,0,2,4015341,4013613,1728
3816441,1454.56,1731.25,1440,1460,0.893079,0,2,4016781,4015341,1440
3817901,1577.53,1454.56,1584,1460,0.687232,0,2,4018365,4016781,1584
3819361,1310.08,1577.53,1296,1460,0.532893,0,2,4019661,4018365,1296
3820821,1159.9,1310.08,1152,1460,0.759157,0,2,4020813,4019661,1152
3822281,1699.6,1159.9,1728,1460,0.903663,0,2,4022541,4020813,1728
3825201,1846.49,1817.78,1848,1460,0.816586,0,2,4026213,4024365,1848
3826661,1528.72,1846.49,1512,1460,0.926634,0,2,4027725,4026213,1512
3828121,1604.04,1528.72,1608,1460,0.808654,0,2,4029333,4027725,1608
3829581,1539.4,1604.04,1536,1460,0.905461,0,2,4030869,4029333,1536
3832501,1662.55,1786.97,1656,1460,0.930874,0,2,4034325,4032669,1656
3833961,1724.73,1662.55,1728,1460,0.90635,0,2,4036053,4034325,1728
3836881,1818.05,1705.04,1824,1460,0.859016,0,2,4039581,4037757,1824
3838341,1595.7,1818.05,1584,1460,0.793606,0,2,4041165,4039581,1584
3839801,1538.99,1595.7,1536,1460,0.899442,0,2,4042701,4041165,1536
3842721,1708.15,1786.95,1704,1460,0.863911,0,2,4046205,4044501,1704
3844181,1635.81,1708.15,1632,1460,0.879564,0,2,4047837,4046205,1632
3847101,1498.63,1700.59,1488,1460,0.81873,0,2,4051029,4049541,1488
3848561,1511.33,1498.63,1512,1460,0.789492,0,2,4052541,4051029,1512
3850021,1557.57,1511.33,1560,1460,0.915797,0,2,4054101,4052541,1560
3852941,1840.43,1696.68,1848,1460,0.834127,0,2,4057653,4055805,1848
3854401,1551.22,1840.43,1536,1460,0.933651,0,2,4059189,4057653,1536
3855861,1240.36,1551.22,1224,1460,0.70946,0,2,4060413,4059189,1224
3857321,1384.42,1240.36,1392,1460,0.469784,0,1,4061805,4060413,1392
3858781,1026.82,1384.42,1008,1460,0.541914,0,2,4062813,4061805,1008
3860241,1328.14,1026.82,1344,1460,0.726765,0,2,4064157,4062813,1344
3861701,1639.61,1328.14,1656,1460,0.890706,0,2,4065813,4064157,1656
3864621,1659.38,1723.58,1656,1460,0.830113,0,2,4069197,4067541,1656
3866081,1542.17,1659.38,1536,1460,0.932045,0,2,4070733,4069197,1536
3867541,1673.11,1542.17,1680,1460,0.948818,0,2,4072413,4070733,1680
3869001,1862.06,1673.11,1872,1460,0.877527,0,2,4074285,4072413,1872
3871921,1518.58,1643.5,1512,1460,0.686404,0,2,4077429,4075917,1512
3873381,1261.53,1518.58,1248,1460,0.616562,0,2,4078677,4077429,1248
3874841,1317.08,1261.53,1320,1460,0.846625,0,2,4079997,4078677,1320
3876301,1616.25,1317.08,1632,1460,0.89665,0,2,4081629,4079997,1632
3880681,1635.7,1706.06,1632,1460,0.848186,0,2,4086717,4085085,1632
3882141,1563.79,1635.7,1560,1460,0.897274,0,2,4088277,4086717,1560
3883601,1742.59,1563.79,1752,1460,0.88691,0,2,4090029,4088277,1752
3886521,1779.34,2298.73,1752,1460,0.855906,0,2,4094109,4092357,1752
3887981,1662.17,1779.34,1656,1460,0.780362,0,2,4095765,4094109,1656
3889441,1519.51,1662.17,1512,1460,0.750145,0,2,4097277,4095765,1512
3890901,1512.38,1519.51,1512,1460,0.882058,0,2,4098789,4097277,1512
3892361,1785.62,1512.38,1800,1460,0.922823,0,2,4100589,4098789,1800
3893821,1662.48,1785.62,1656,1460,0.843129,0,2,4102245,4100589,1656
3895281,1587.92,1662.48,1584,1460,0.937252,0,2,4103829,4102245,1584
3896741,1652.6,1587.92,1656,1460,0.746901,0,2,4105485,4103829,1656
3898201,1405.03,1652.6,1392,1460,0.59276,0,2,4106877,4105485,1392
3899661,1233.05,1405.03,1224,1460,0.711104,0,2,4108101,4106877,1224
3901121,1566.45,1233.05,1584,1460,0.806442,0,2,4109685,4108101,1584
3902581,1674.32,1566.45,1680,1460,0.922577,0,2,4111365,4109685,1680
3908421,2779.4,1780.03,2832,1460,0.945218,0,2,4119405,4116573,2832
3909881,1529.77,2779.4,1464,1460,0.804087,0,2,4120869,4119405,1464
3911341,1490.09,1529.77,1488,1460,0.921635,0,2,4122357,4120869,1488
3912801,1602.1,1490.09,1608,1460,0.920654,0,2,4123965,4122357,1608
3914261,1630.51,1602.1,1632,1460,0.890262,0,2,4125597,4123965,1632
3915721,1677.53,1630.51,1680,1460,0.542105,0,2,4127277,4125597,1680
3917181,1041.48,1677.53,1008,1460,0.330842,0,1,4128285,4127277,1008
3918641,876.674,1041.48,868,1460,0.222337,0,1,4129153,4128285,868
3920101,819.034,876.674,816,1460,0.262935,0,1,4129969,4129153,816
3921561,976.702,819.034,985,1460,0.471174,0,1,4130954,4129969,985
3923021,1348.44,976.702,1368,1460,0.78847,0,2,4132322,4130954,1368
3924481,1595.02,1348.44,1608,1460,0.915388,0,2,4133930,4132322,1608
3925941,1789.75,1595.02,1800,1460,0.792155,0,2,4135730,4133930,1800
3927401,1503.09,1789.75,1488,1460,0.916862,0,2,4137218,4135730,1488
3930321,1793.56,1671.15,1800,1460,0.872698,0,2,4140698,4138898,1800
3931781,1617.28,1793.56,1608,1460,0.907079,0,2,4142306,4140698,1608
3934701,1728.86,1745.26,1728,1460,0.715133,0,2,4145786,4144058,1728
3936161,1431.64,1728.86,1416,1460,0.628053,0,2,4147202,4145786,1416
3937621,1325.58,1431.64,1320,1460,0.821221,0,2,4148522,4147202,1320
3939081,1753.48,1325.58,1776,1460,0.928488,0,2,4150298,4148522,1776
3940541,1774.87,1753.48,1776,1460,0.893395,0,2,4152074,4150298,1776
3942001,1684.74,1774.87,1680,1460,0.819358,0,2,4153754,4152074,1680
3943461,1566.24,1684.74,1560,1460,0.885743,0,2,4155314,4153754,1560
3944921,1605.91,1566.24,1608,1460,0.732297,0,2,4156922,4155314,1608
3946381,1402.7,1605.91,1392,1460,0.682919,0,2,4158314,4156922,1392
3947841,1415.33,1402.7,1416,1460,0.843168,0,2,4159730,4158314,1416
3949301,1757.97,1415.33,1776,1460,0.937267,0,2,4161506,4159730,1776
3950761,1752.3,1757.97,1752,1460,0.896907,0,2,4163258,4161506,1752
3952221,1683.61,1752.3,1680,1460,0.940763,0,2,4164938,4163258,1680
3953681,1794.18,1683.61,1800,1460,0.940305,0,2,4166738,4164938,1800
3955141,1662.91,1794.18,1656,1460,0.778122,0,2,4168394,4166738,1656
3956601,1451.15,1662.91,1440,1460,0.833249,0,2,4169834,4168394,1440
3958061,1668.56,1451.15,1680,1460,0.927299,0,2,4171514,4169834,1680
3959521,1565.43,1668.56,1560,1460,0.83292,0,2,4173074,4171514,1560
3960981,1560.27,1565.43,1560,1460,0.891168,0,2,4174634,4173074,1560
3963901,1477.92,1742.41,1464,1460,0.844587,0,2,4177850,4176386,1464
3965361,1555.9,1477.92,1560,1460,0.937835,0,2,4179410,4177850,1560
3966821,1810.59,1555.9,1824,1460,0.633134,0,2,4181234,4179410,1824
3968281,1298.93,1810.59,1272,1460,0.511254,0,2,4182506,4181234,1272
3969741,1159.35,1298.93,1152,1460,0.510501,0,2,4183658,4182506,1152
3971201,1243.57,1159.35,1248,1460,0.786201,0,2,4184906,4183658,1248
3972661,1772.18,1243.57,1800,1460,0.91448,0,2,4186706,4184906,1800
3974121,1616.21,1772.18,1608,1460,0.893792,0,2,4188314,4186706,1608
3975581,1745.21,1616.21,1752,1460,0.891517,0,2,4190066,4188314,1752
3978501,1521.7,1706.06,1512,1460,0.880643,0,2,4193282,4191770,1512
3979961,1626.49,1521.7,1632,1460,0.814257,0,2,4194914,4193282,1632
3981421,1563.32,1626.49,1560,1460,0.925703,0,2,4196474,4194914,1560
3982881,1810.97,1563.32,1824,1460,0.940281,0,2,4198298,4196474,1824
3985801,1753.29,1777.75,1752,1460,0.858445,0,2,4201826,4200074,1752
3987261,1615.26,1753.29,1608,1460,0.685378,0,2,4203434,4201826,1608
3988721,1334.76,1615.26,1320,1460,0.748151,0,2,4204754,4203434,1320
3990181,1571.54,1334.76,1584,1460,0.89926,0,2,4206338,4204754,1584
3991641,1674.58,1571.54,1680,1460,0.857704,0,2,4208018,4206338,1680
3993101,1634.13,1674.58,1632,1460,0.817082,0,2,4209650,4208018,1632
3994561,1586.51,1634.13,1584,1460,0.926833,0,2,4211234,4209650,1584
3996021,1652.53,1586.51,1656,1460,0.922733,0,2,4212890,4211234,1656
3997481,1769.83,1652.53,1776,1460,0.795093,0,2,4214666,4212890,1776
3998941,1502.09,1769.83,1488,1460,0.918037,0,2,4216154,4214666,1488
4000401,1648.3,1502.09,1656,1460,0.919215,0,2,4217810,4216154,1656
4001861,1746.82,1648.3,1752,1460,0.781686,0,2,4219562,4217810,1752
4003321,1478.14,1746.82,1464,1460,0.906674,0,2,4221026,4219562,1464
4004781,1806.71,1478.14,1824,1460,0.89667,0,2,4222850,4221026,1824
4006241,1709.14,1806.71,1704,1460,0.784668,0,2,4224554,4222850,1704
4007701,1499.06,1709.14,1488,1460,0.913867,0,2,4226042,4224554,1488
4009161,1807.75,1499.06,1824,1460,0.629547,0,2,4227866,4226042,1824
4010621,1207.59,1807.75,1176,1460,0.485819,0,1,4229042,4227866,1176
4012081,1109.18,1207.59,1104,1460,0.584328,0,2,4230146,4229042,1104
4013541,1400.66,1109.18,1416,1460,0.803731,0,2,4231562,4230146,1416
4015001,1757.23,1400.66,1776,1460,0.921492,0,2,4233338,4231562,1776
4017921,1818.13,1706.66,1824,1460,0.933439,0,2,4236866,4235042,1824
4020841,1067.03,1732.51,1032,1460,0.80335,0,2,4239626,4238594,1032
4022301,1603.75,1067.03,1632,1460,0.53134,0,2,4241258,4239626,1632
4023761,1083.39,1603.75,1056,1460,0.746536,0,2,4242314,4241258,1056
4025221,1672.97,1083.39,1704,1460,0.850614,0,2,4244018,4242314,1704
4026681,1725.25,1672.97,1728,1460,0.910246,0,2,4245746,4244018,1728
4031061,1816.01,1664.15,1824,1460,0.834656,0,2,4251050,4249226,1824
4032521,1550,1816.01,1536,1460,0.933862,0,2,4252586,4251050,1536
4033981,1308.7,1550,1296,1460,0.751545,0,2,4253882,4252586,1296
4035441,1410.63,1308.7,1416,1460,0.630618,0,2,4255298,4253882,1416
4036901,1301.73,1410.63,1296,1460,0.774247,0,2,4256594,4255298,1296
4038361,1661.09,1301.73,1680,1460,0.909699,0,2,4258274,4256594,1680
4039821,1770.25,1661.09,1776,1460,0.77788,0,2,4260050,4258274,1776
4041281,1570.51,1770.25,1560,1460,0.629152,0,2,4261610,4260050,1560
4042741,1286.93,1570.51,1272,1460,0.761661,0,2,4262882,4261610,1272
4044201,1637.55,1286.93,1656,1460,0.904664,0,2,4264538,4262882,1656
4045661,1746.28,1637.55,1752,1460,0.943866,0,2,4266290,4264538,1752
4051501,1183.32,1778.39,1152,1460,0.807763,0,2,4272866,4271714,1152
4052961,1723.57,1183.32,1752,1460,0.737105,0,2,4274618,4272866,1752
4054421,1476.98,1723.57,1464,1460,0.894842,0,2,4276082,4274618,1464
4055881,1647.05,1476.98,1656,1460,0.795937,0,2,4277738,4276082,1656
4057341,1518.75,1647.05,1512,1460,0.918375,0,2,4279250,4277738,1512
4058801,1763.14,1518.75,1776,1460,0.90135,0,2,4281026,4279250,1776
4060261,1729.76,1763.14,1728,1460,0.83454,0,2,4282754,4281026,1728
4061721,1591.29,1729.76,1584,1460,0.933816,0,2,4284338,4282754,1584
4063181,1493.16,1591.29,1488,1460,0.865526,0,2,4285826,4284338,1488
4064641,2081.06,1493.16,2112,1460,0.886211,0,2,4287938,4285826,2112
4069021,1640.21,1568.14,1644,1460,0.866717,0,2,4292846,4291202,1644
4070481,1564.01,1640.21,1560,1460,0.784687,0,2,4294406,4292846,1560
4071941,1516.5,1564.01,1514,1460,0.913875,0,2,4295920,4294406,1514
4076321,1843.95,2032.99,1834,1460,0.880728,0,2,4301258,4299424,1834
4077781,1626.45,1843.95,1615,1460,0.778291,0,2,4302873,4301258,1615
4079241,1494.92,1626.45,1488,1460,0.911316,0,2,4304361,4302873,1488
4080701,1397.15,1494.92,1392,1460,0.862527,0,2,4305753,4304361,1392
4082161,1620.26,1397.15,1632,1460,0.819011,0,2,4307385,4305753,1632
4083621,1585.81,1620.26,1584,1460,0.849604,0,2,4308969,4307385,1584
4085081,1561.29,1585.81,1560,1460,0.645842,0,2,4310529,4308969,1560
4086541,1263.66,1561.29,1248,1460,0.852337,0,2,4311777,4310529,1248
4088001,1795.98,1263.66,1824,1460,0.874935,0,2,4313601,4311777,1824
4089461,1708.6,1795.98,1704,1460,0.949974,0,2,4315305,4313601,1704
4090921,1499.03,1708.6,1488,1460,0.931989,0,2,4316793,4315305,1488
4092381,1784.95,1499.03,1800,1460,0.912796,0,2,4318593,4316793,1800
4096761,2391.54,1774.88,2424,1460,0.946419,0,2,4324545,4322121,2424
4098221,1555.98,2391.54,1512,1460,0.858568,0,2,4326057,4324545,1512
4099681,1582.6,1555.98,1584,1460,0.835427,0,2,4327641,4326057,1584
4101141,1789.13,1582.6,1800,1460,0.934171,0,2,4329441,4327641,1800
4102601,1594.26,1789.13,1584,1460,0.811668,0,2,4331025,4329441,1584
4104061,1516.11,1594.26,1512,1460,0.756667,0,2,4332537,4331025,1512
4105521,1492.26,1516.11,1491,1460,0.644667,0,2,4334028,4332537,1491
4106981,1328.61,1492.26,1320,1460,0.635867,0,2,4335348,4334028,1320
4108441,1388.83,1328.61,1392,1460,0.836347,0,2,4336740,4335348,1392
4109901,1779.44,1388.83,1800,1460,0.868539,0,2,4338540,4336740,1800
4111361,1625.12,1779.44,1617,1460,0.821415,0,2,4340157,4338540,1617
4112821,1586.06,1625.12,1584,1460,0.928566,0,2,4341741,4340157,1584
4114281,1778.85,1586.06,1789,1460,0.749426,0,2,4343530,4341741,1789
4115741,1570.94,1778.85,1560,1460,0.605771,0,2,4345090,4343530,1560
4117201,1264.15,1570.94,1248,1460,0.704308,0,2,4346338,4345090,1248
4118661,1545.21,1264.15,1560,1460,0.881723,0,2,4347898,4346338,1560
4120121,1810.06,1545.21,1824,1460,0.934689,0,2,4349722,4347898,1824
4121581,1663.7,1810.06,1656,1460,0.763876,0,2,4351378,4349722,1656
4123041,1428.39,1663.7,1416,1460,0.80355,0,2,4352794,4351378,1416
4124501,1621.82,1428.39,1632,1460,0.92142,0,2,4354426,4352794,1632
4125961,1517.49,1621.82,1512,1460,0.830568,0,2,4355938,4354426,1512
4127421,1557.87,1517.49,1560,1460,0.770227,0,2,4357498,4355938,1560
4128881,1514.29,1557.87,1512,1460,0.908091,0,2,4359010,4357498,1512
4130341,1694.51,1514.29,1704,1460,0.897236,0,2,4360714,4359010,1704
4131801,1703.53,1694.51,1704,1460,0.724895,0,2,4362418,4360714,1704
4133261,1384.78,1703.53,1368,1460,0.889958,0,2,4363786,4362418,1368
4134721,1505.64,1384.78,1512,1460,0.673983,0,2,4365298,4363786,1512
4136181,1283.68,1505.64,1272,1460,0.575593,0,2,4366570,4365298,1272
4137641,1249.78,1283.68,1248,1460,0.764237,0,2,4367818,4366570,1248
4139101,1681.29,1249.78,1704,1460,0.887695,0,2,4369522,4367818,1704
4142021,1503.3,1794.06,1488,1460,0.940031,0,2,4372810,4371322,1488
4144941,1478.92,1762.37,1464,1460,0.906405,0,2,4376050,4374586,1464
4146401,1715.55,1478.92,1728,1460,0.776562,0,2,4377778,4376050,1728
4147861,1476.58,1715.55,1464,1460,0.772625,0,2,4379242,4377778,1464
4149321,1555.83,1476.58,1560,1460,0.86705,0,2,4380802,4379242,1560
4150781,1742.19,1555.83,1752,1460,0.94682,0,2,4382554,4380802,1752
4153701,1802.14,1386.71,1824,1460,0.865491,0,2,4385746,4383922,1824
4155161,1617.71,1802.14,1608,1460,0.946196,0,2,4387354,4385746,1608
4156621,1790.89,1617.71,1800,1460,0.846479,0,2,4389154,4387354,1800
4158081,1948.69,1790.89,1957,1460,0.818591,0,2,4391111,4389154,1957
4159541,1488.23,1948.69,1464,1460,0.765437,0,2,4392575,4391111,1464
4161001,1510.81,1488.23,1512,1460,0.636175,0,2,4394087,4392575,1512
4162461,1306.74,1510.81,1296,1460,0.85447,0,2,4395383,4394087,1296
4163921,1364.94,1306.74,1368,1460,0.731788,0,2,4396751,4395383,1368
4165381,1413.45,1364.94,1416,1460,0.646715,0,2,4398167,4396751,1416
4166841,1347.47,1413.45,1344,1460,0.780686,0,2,4399511,4398167,1344
4168301,1663.37,1347.47,1680,1460,0.912274,0,2,4401191,4399511,1680
4171221,1774.58,1747.57,1776,1460,0.871964,0,2,4404719,4402943,1776
4172681,1616.33,1774.58,1608,1460,0.918786,0,2,4406327,4404719,1608
4175601,1274,1768.02,1248,1460,0.723006,0,2,4409351,4408103,1248
4177061,1522.9,1274,1536,1460,0.679202,0,2,4410887,4409351,1536
4178521,1421.34,1522.9,1416,1460,0.421681,0,1,4412303,4410887,1416
4179981,960.267,1421.34,936,1460,0.570672,0,2,4413239,4412303,936
4181441,1416.01,960.267,1440,1460,0.666269,0,2,4414679,4413239,1440
4182901,1507.2,1416.01,1512,1460,0.866508,0,2,4416191,4414679,1512
4184361,1466.16,1507.2,1464,1460,0.946603,0,2,4417655,4416191,1464
4188741,1618.81,1824.25,1608,1460,0.732583,0,2,4422935,4421327,1608
4190201,1357.74,1618.81,1344,1460,0.887033,0,2,4424279,4422935,1344
4191661,1732.29,1357.74,1752,1460,0.912813,0,2,4426031,4424279,1752
4194581,1697.23,1568.61,1704,1460,0.84205,0,2,4429295,4427591,1704
4196041,1749.26,1697.23,1752,1460,0.73882,0,2,4431047,4429295,1752
4197501,1455.46,1749.26,1440,1460,0.895528,0,2,4432487,4431047,1440
4198961,1645.97,1455.46,1656,1460,0.886211,0,2,4434143,4432487,1656
4200421,2065.9,1645.97,2088,1460,0.816484,0,2,4436231,4434143,2088
4201881,1585.29,2065.9,1560,1460,0.926594,0,2,4437791,4436231,1560
4203341,991.265,1585.29,960,1460,0.868638,0,2,4438751,4437791,960
4204801,2261.16,991.265,2328,1460,0.947455,0,2,4441079,4438751,2328
4207721,1933.39,1275.86,1968,1460,0.871593,0,2,4444271,4442303,1968
4209181,1614.77,1933.39,1598,1460,0.672637,0,2,4445869,4444271,1598
4210641,1307.19,1614.77,1291,1460,0.713055,0,2,4447160,4445869,1291
4212101,1519.81,1307.19,1531,1460,0.771222,0,2,4448691,4447160,1531
4213561,1603.59,1519.81,1608,1460,0.908489,0,2,4450299,4448691,1608
4216481,1554.98,1402.58,1563,1460,0.781358,0,2,4453254,4451691,1563
4217941,1435.3,1554.98,1429,1460,0.912543,0,2,4454683,4453254,1429
4219401,1652.56,1435.3,1664,1460,0.803017,0,2,4456347,4454683,1664
4220861,1769.83,1652.56,1776,1460,0.735207,0,2,4458123,4456347,1776
4222321,1479.29,1769.83,1464,1460,0.894083,0,2,4459587,4458123,1464
4223781,1560.71,1479.29,1565,1460,0.819633,0,2,4461152,4459587,1565
4225241,1537.24,1560.71,1536,1460,0.813853,0,2,4462688,4461152,1536
4226701,1604.46,1537.24,1608,1460,0.925541,0,2,4464296,4462688,1608
4228161,1721.82,1604.46,1728,1460,0.946217,0,2,4466024,4464296,1728
4229621,1841.69,1721.82,1848,1460,0.936487,0,2,4467872,4466024,1848
4234001,2243.16,954.224,2311,1460,0.617935,0,2,4472847,4470536,2311
4235461,1138.16,2243.16,1080,1460,0.373174,0,1,4473927,4472847,1080
4236921,900.508,1138.16,888,1460,0.74927,0,2,4474815,4473927,888
4238381,1777.83,900.508,1824,1460,0.899708,0,2,4476639,4474815,1824
4239841,2323.29,1777.83,2352,1460,0.581883,0,2,4478991,4476639,2352
4241301,1187.76,2323.29,1128,1460,0.754753,0,2,4480119,4478991,1128
4242761,1655.39,1187.76,1680,1460,0.901901,0,2,4481799,4480119,1680
4247141,1352.7,1974.06,1320,1460,0.909722,0,2,4486743,4485423,1320
4248601,1871.69,1352.7,1899,1460,0.651889,0,2,4488642,4486743,1899
4250061,1279.18,1871.69,1248,1460,0.500755,0,2,4489890,4488642,1248
4251521,1115.61,1279.18,1107,1460,0.464302,0,1,4490997,4489890,1107
4252981,1153.03,1115.61,1155,1460,0.347721,0,1,4492152,4490997,1155
4254441,969.652,1153.03,960,1460,0.613088,0,2,4493112,4492152,960
4255901,1553.28,969.652,1584,1460,0.845235,0,2,4494696,4493112,1584
4257361,1346.86,1553.28,1336,1460,0.938094,0,2,4496032,4494696,1336
4258821,1708.94,1346.86,1728,1460,0.903238,0,2,4497760,4496032,1728
4260281,1670.05,1708.94,1668,1460,0.535295,0,2,4499428,4497760,1668
4261741,1026.85,1670.05,993,1460,0.448118,0,1,4500421,4499428,993
4263201,1100.14,1026.85,1104,1460,0.485247,0,1,4501525,4500421,1104
4264661,1240.61,1100.14,1248,1460,0.794099,0,2,4502773,4501525,1248
4266121,1634.28,1240.61,1655,1460,0.83964,0,2,4504428,4502773,1655
4267581,1729.96,1634.28,1735,1460,0.713856,0,2,4506163,4504428,1735
4269041,1408.9,1729.96,1392,1460,0.885542,0,2,4507555,4506163,1392
4271961,2131.9,1142.04,2184,1460,0.819687,0,2,4510867,4508683,2184
4273421,1748.2,2131.9,1728,1460,0.873875,0,2,4512595,4510867,1728
4274881,1729.01,1748.2,1728,1460,0.94955,0,2,4514323,4512595,1728
4277801,2431.38,1659.65,2472,1460,0.835928,0,2,4518451,4515979,2472
4279261,1557.97,2431.38,1512,1460,0.928371,0,2,4519963,4518451,1512
4285101,1887.9,1772.1,1894,1460,0.848166,0,2,4527149,4525255,1894
4286561,1599.2,1887.9,1584,1460,0.741267,0,2,4528733,4527149,1584
4288021,1447.96,1599.2,1440,1460,0.896507,0,2,4530173,4528733,1440
4289481,1668.4,1447.96,1680,1460,0.910603,0,2,4531853,4530173,1680
4290941,1816.22,1668.4,1824,1460,0.826241,0,2,4533677,4531853,1824
4292401,1572.81,1816.22,1560,1460,0.930496,0,2,4535237,4533677,1560
4293861,1059.04,1572.81,1032,1460,0.798199,0,2,4536269,4535237,1032
4295321,1990.95,1059.04,2040,1460,0.919279,0,2,4538309,4536269,2040
4296781,1786.75,1990.95,1776,1460,0.679712,0,2,4540085,4538309,1776
4298241,1525.74,1786.75,1512,1460,0.721885,0,2,4541597,4540085,1512
4299701,1535.49,1525.74,1536,1460,0.810754,0,2,4543133,4541597,1536
4301161,1672.77,1535.49,1680,1460,0.888302,0,2,4544813,4543133,1680
4305541,1704.11,1706.2,1704,1460,0.854851,0,2,4549973,4548269,1704
4307001,1590.01,1704.11,1584,1460,0.941941,0,2,4551557,4549973,1584
4308461,1698.3,1590.01,1704,1460,0.484776,0,1,4553261,4551557,1704
4309921,928.515,1698.3,888,1460,0.29591,0,1,4554149,4553261,888
4311381,844.426,928.515,840,1460,0.280364,0,1,4554989,4554149,840
4312841,954.221,844.426,960,1460,0.538146,0,2,4555949,4554989,960
4314301,1461.31,954.221,1488,1460,0.713258,0,2,4557437,4555949,1488
4315761,1623.47,1461.31,1632,1460,0.885303,0,2,4559069,4557437,1632
4317221,1608.77,1623.47,1608,1460,0.900121,0,2,4560677,4559069,1608
4318681,1722.04,1608.77,1728,1460,0.882048,0,2,4562405,4560677,1728
4321601,1611.71,1682.1,1608,1460,0.831128,0,2,4565693,4564085,1608
4323061,1630.99,1611.71,1632,1460,0.770451,0,2,4567325,4565693,1632
4324521,1517.95,1630.99,1512,1460,0.90818,0,2,4568837,4567325,1512
4325981,1763.1,1517.95,1776,1460,0.921272,0,2,4570613,4568837,1776
4327441,1752.55,1763.1,1752,1460,0.902509,0,2,4572365,4570613,1752
4330361,1453.32,1706.43,1440,1460,0.864401,0,2,4575509,4574069,1440
4331821,1600.27,1453.32,1608,1460,0.915761,0,2,4577117,4575509,1608
4334741,1547.56,1767.21,1536,1460,0.758522,0,2,4580429,4578893,1536
4336201,1399.78,1547.56,1392,1460,0.693409,0,2,4581821,4580429,1392
4337661,1415.19,1399.78,1416,1460,0.823363,0,2,4583237,4581821,1416
4339121,1712.36,1415.19,1728,1460,0.773345,0,2,4584965,4583237,1728
4340581,1476.42,1712.36,1464,1460,0.627338,0,2,4586429,4584965,1464
4342041,1282.22,1476.42,1272,1460,0.736935,0,2,4587701,4586429,1272
4343501,1591.71,1282.22,1608,1460,0.894774,0,2,4589309,4587701,1608
4344961,1743.99,1591.71,1752,1460,0.83791,0,2,4591061,4589309,1752
4346421,1592,1743.99,1584,1460,0.653164,0,2,4592645,4591061,1584
4347881,1288,1592,1272,1460,0.699266,0,2,4593917,4592645,1272
4349341,1500.8,1288,1512,1460,0.879706,0,2,4595429,4593917,1512
4350801,1534.24,1500.8,1536,1460,0.813883,0,2,4596965,4595429,1536
4352261,1558.71,1534.24,1560,1460,0.799553,0,2,4598525,4596965,1560
4353721,1582.74,1558.71,1584,1460,0.919821,0,2,4600109,4598525,1584
4355181,1675.14,1582.74,1680,1460,0.889929,0,2,4601789,4600109,1680
4356641,1679.76,1675.14,1680,1460,0.793971,0,2,4603469,4601789,1680
4358101,1520.39,1679.76,1512,1460,0.917589,0,2,4604981,4603469,1512
4359561,1808.82,1520.39,1824,1460,0.943035,0,2,4606805,4604981,1824
4362481,1778.36,1823.24,1776,1460,0.891286,0,2,4610405,4608629,1776
4363941,1662.12,1778.36,1656,1460,0.878514,0,2,4612061,4610405,1656
4365401,2226.31,1662.12,2256,1460,0.789406,0,2,4614317,4612061,2256
4366861,1547.72,2226.31,1512,1460,0.915762,0,2,4615829,4614317,1512
4369781,1777.71,1810.19,1776,1460,0.932522,0,2,4619429,4617653,1776
4371241,1730.49,1777.71,1728,1460,0.811009,0,2,4621157,4619429,1728
4372701,1522.92,1730.49,1512,1460,0.924404,0,2,4622669,4621157,1512
4374161,1535.35,1522.92,1536,1460,0.777761,0,2,4624205,4622669,1536
4375621,1649.97,1535.35,1656,1460,0.689105,0,2,4625861,4624205,1656
4377081,1404.9,1649.97,1392,1460,0.875642,0,2,4627253,4625861,1392
4378541,1734.64,1404.9,1752,1460,0.908257,0,2,4629005,4627253,1752
4380001,1751.13,1734.64,1752,1460,0.909303,0,2,4630757,4629005,1752
4382921,1363.26,1729.16,1344,1460,0.811488,0,2,4633829,4632485,1344
4384381,1481.76,1363.26,1488,1460,0.924595,0,2,4635317,4633829,1488
4385841,1784.09,1481.76,1800,1460,0.867838,0,2,4637117,4635317,1800
4387301,1662.4,1784.09,1656,1460,0.773135,0,2,4638773,4637117,1656
4388761,1496.72,1662.4,1488,1460,0.909254,0,2,4640261,4638773,1488
4390221,1784.84,1496.72,1800,1460,0.909702,0,2,4642061,4640261,1800
4391681,1639.64,1784.84,1632,1460,0.849881,0,2,4643693,4642061,1632
4393141,1609.58,1639.64,1608,1460,0.939952,0,2,4645301,4643693,1608
4394601,1767.68,1609.58,1776,1460,0.831981,0,2,4647077,4645301,1776
4396061,1661.58,1767.68,1656,1460,0.782792,0,2,4648733,4647077,1656
4397521,1542.28,1661.58,1536,1460,0.913117,0,2,4650269,4648733,1536
4398981,1741.51,1542.28,1752,1460,0.839247,0,2,4652021,4650269,1752
4400441,1591.88,1741.51,1584,1460,0.833699,0,2,4653605,4652021,1584
4401901,1629.99,1591.88,1632,1460,0.933479,0,2,4655237,4653605,1632
4403361,1381.1,1629.99,1368,1460,0.817392,0,2,4656605,4655237,1368
4404821,1528.25,1381.1,1536,1460,0.812957,0,2,4658141,4656605,1536
4406281,1604.01,1528.25,1608,1460,0.895183,0,2,4659749,4658141,1608
4407741,1699,1604.01,1704,1460,0.850073,0,2,4661453,4659749,1704
4409201,1544.15,1699,1536,1460,0.862029,0,2,4662989,4661453,1536
4410661,1673.21,1544.15,1680,1460,0.854812,0,2,4664669,4662989,1680
4412121,1656.86,1673.21,1656,1460,0.941925,0,2,4666325,4664669,1656
4413581,1017.64,1656.86,984,1460,0.70677,0,2,4667309,4666325,984
4415041,1350.48,1017.64,1368,1460,0.564708,0,2,4668677,4667309,1368
4416501,1207.52,1350.48,1200,1460,0.711883,0,2,4669877,4668677,1200
4417961,1587.98,1207.52,1608,1460,0.806753,0,2,4671485,4669877,1608
4419421,1675.4,1587.98,1680,1460,0.922701,0,2,4673165,4671485,1680
4422341,1812.23,1588.57,1824,1460,0.885632,0,2,4676573,4674749,1824
4423801,1641.01,1812.23,1632,1460,0.948253,0,2,4678205,4676573,1632
4425261,1678.05,1641.01,1680,1460,0.493301,0,1,4679885,4678205,1680
4426721,904.703,1678.05,864,1460,0.57532,0,2,4680749,4679885,864
4428181,1368.59,904.703,1393,1460,0.692128,0,2,4682142,4680749,1393
4429641,1550.43,1368.59,1560,1460,0.876851,0,2,4683702,4682142,1560
4432561,1981.78,1787.52,1992,1460,0.866296,0,2,4687494,4685502,1992
4434021,1626.69,1981.78,1608,1460,0.946518,0,2,4689102,4687494,1608
4436941,1708.37,1791.33,1704,1460,0.727443,0,2,4692606,4690902,1704
4438401,1681.42,1708.37,1680,1460,0.572977,0,2,4694286,4692606,1680
4439861,1224.07,1681.42,1200,1460,0.571191,0,2,4695486,4694286,1200
4441321,1315.2,1224.07,1320,1460,0.510476,0,2,4696806,4695486,1320
4442781,1205.76,1315.2,1200,1460,0.726191,0,2,4698006,4696806,1200
4444241,1656.29,1205.76,1680,1460,0.890476,0,2,4699686,4698006,1680
4445701,1564.81,1656.29,1560,1460,0.90819,0,2,4701246,4699686,1560
4447161,1719.84,1564.81,1728,1460,0.939276,0,2,4702974,4701246,1728
4448621,1659.19,1719.84,1656,1460,0.897711,0,2,4704630,4702974,1656
4450081,1678.96,1659.19,1680,1460,0.677084,0,2,4706310,4704630,1680
4451541,1292.35,1678.96,1272,1460,0.870834,0,2,4707582,4706310,1272
4453001,1592.22,1292.35,1608,1460,0.948333,0,2,4709190,4707582,1608
4454461,1516.01,1592.22,1512,1460,0.901333,0,2,4710702,4709190,1512
4455921,1671.8,1516.01,1680,1460,0.936533,0,2,4712382,4710702,1680
4457381,1702.39,1671.8,1704,1460,0.872613,0,2,4714086,4712382,1704
4458841,1635.52,1702.39,1632,1460,0.829045,0,2,4715718,4714086,1632
4460301,1700.58,1635.52,1704,1460,0.829618,0,2,4717422,4715718,1704
4461761,1635.43,1700.58,1632,1460,0.931847,0,2,4719054,4717422,1632
4463221,1472.57,1635.43,1464,1460,0.846739,0,2,4720518,4719054,1464
4464681,1624.03,1472.57,1632,1460,0.896696,0,2,4722150,4720518,1632
4467601,1546.48,1745.6,1536,1460,0.839471,0,2,4725438,4723902,1536
4469061,1582.12,1546.48,1584,1460,0.929789,0,2,4727022,4725438,1584
4471981,1732.2,1811.91,1728,1460,0.809966,0,2,4730574,4728846,1728
4473441,1637.01,1732.2,1632,1460,0.773986,0,2,4732206,4730574,1632
4474901,1541.05,1637.01,1536,1460,0.843595,0,2,4733742,4732206,1536
4476361,1695.85,1541.05,1704,1460,0.937438,0,2,4735446,4733742,1704
4477821,1543.99,1695.85,1536,1460,0.848975,0,2,4736982,4735446,1536
4479281,1582,1543.99,1584,1460,0.77759,0,2,4738566,4736982,1584
4480741,1515.5,1582,1512,1460,0.911036,0,2,4740078,4738566,1512
4482201,1603.37,1515.5,1608,1460,0.874414,0,2,4741686,4740078,1608
4483661,1653.37,1603.37,1656,1460,0.859766,0,2,4743342,4741686,1656
4485121,1655.87,1653.37,1656,1460,0.943906,0,2,4744998,4743342,1656
4486581,1450.79,1655.87,1440,1460,0.929563,0,2,4746438,4744998,1440
4488041,1736.94,1450.79,1752,1460,0.893825,0,2,4748190,4746438,1752
4490961,1520.54,1682.85,1512,1460,0.857012,0,2,4751382,4749870,1512
4492421,1580.83,1520.54,1584,1460,0.768805,0,2,4752966,4751382,1584
4493881,1492.64,1580.83,1488,1460,0.907522,0,2,4754454,4752966,1488
4495341,1670.63,1492.64,1680,1460,0.819009,0,2,4756134,4754454,1680
4496801,1588.33,1670.63,1584,1460,0.717604,0,2,4757718,4756134,1584
4498261,1424.62,1588.33,1416,1460,0.857041,0,2,4759134,4757718,1416
4499721,1758.43,1424.62,1776,1460,0.876817,0,2,4760910,4759134,1776
4501181,1706.72,1758.43,1704,1460,0.926727,0,2,4762614,4760910,1704
4504101,1754.17,1795.34,1752,1460,0.886276,0,2,4766166,4764414,1752
4505561,1660.91,1754.17,1656,1460,0.75651,0,2,4767822,4766166,1656
4507021,1451.05,1660.91,1440,1460,0.902604,0,2,4769262,4767822,1440
4508481,1759.75,1451.05,1776,1460,0.781042,0,2,4771038,4769262,1776
4509941,1478.79,1759.75,1464,1460,0.678417,0,2,4772502,4771038,1464
4511401,1373.54,1478.79,1368,1460,0.817367,0,2,4773870,4772502,1368
4512861,1710.28,1373.54,1728,1460,0.908947,0,2,4775598,4773870,1728
4514321,1613.11,1710.28,1608,1460,0.849579,0,2,4777206,4775598,1608
4515781,1608.26,1613.11,1608,1460,0.825831,0,2,4778814,4777206,1608
4517241,1608.01,1608.26,1608,1460,0.930333,0,2,4780422,4778814,1608
4518701,1585.2,1608.01,1584,1460,0.834133,0,2,4782006,4780422,1584
4520161,1561.26,1585.2,1560,1460,0.819653,0,2,4783566,4782006,1560
4521621,1605.66,1561.26,1608,1460,0.867861,0,2,4785174,4783566,1608
4523081,1516.68,1605.66,1512,1460,0.677145,0,2,4786686,4785174,1512
4524541,1307.03,1516.68,1296,1460,0.600858,0,2,4787982,4786686,1296
4526001,1296.55,1307.03,1296,1460,0.726343,0,2,4789278,4787982,1296
4527461,1592.43,1296.55,1608,1460,0.884537,0,2,4790886,4789278,1608
4530381,1458.62,1812.42,1440,1460,0.831526,0,2,4794150,4792710,1440
4531841,1554.93,1458.62,1560,1460,0.93261,0,2,4795710,4794150,1560
4534761,1595.33,1810.55,1584,1460,0.810418,0,2,4799118,4797534,1584
4536221,1561.77,1595.33,1560,1460,0.906167,0,2,4800678,4799118,1560
4537681,1788.09,1561.77,1800,1460,0.818467,0,2,4802478,4800678,1800
4539141,1548.6,1788.09,1536,1460,0.717387,0,2,4804014,4802478,1536
4540601,1422.63,1548.6,1416,1460,0.760955,0,2,4805430,4804014,1416
4542061,1575.93,1422.63,1584,1460,0.904382,0,2,4807014,4805430,1584
4547901,1817.2,1688.08,1824,1460,0.835168,0,2,4814094,4812270,1824
4549361,1527.26,1817.2,1512,1460,0.934067,0,2,4815606,4814094,1512
4550821,1740.76,1527.26,1752,1460,0.895627,0,2,4817358,4815606,1752
4552281,1728.64,1740.76,1728,1460,0.736251,0,2,4819086,4817358,1728
4553741,1408.83,1728.64,1392,1460,0.8945,0,2,4820478,4819086,1392
4555201,1757.64,1408.83,1776,1460,0.8558,0,2,4822254,4820478,1776
4556661,1683.88,1757.64,1680,1460,0.86432,0,2,4823934,4822254,1680
4558121,1680.19,1683.88,1680,1460,0.945728,0,2,4825614,4823934,1680
4559581,1429.21,1680.19,1416,1460,0.852291,0,2,4827030,4825614,1416
4561041,1576.26,1429.21,1584,1460,0.766917,0,2,4828614,4827030,1584
4562501,1492.41,1576.26,1488,1460,0.906767,0,2,4830102,4828614,1488
4563961,1670.62,1492.41,1680,1460,0.836707,0,2,4831782,4830102,1680
4565421,1588.33,1670.62,1584,1460,0.736683,0,2,4833366,4831782,1584
4566881,1447.42,1588.33,1440,1460,0.894673,0,2,4834806,4833366,1440
4568341,1782.37,1447.42,1800,1460,0.753869,0,2,4836606,4834806,1800
4569801,1479.92,1782.37,1464,1460,0.691548,0,2,4838070,4836606,1464
4571261,1419.2,1479.92,1416,1460,0.846619,0,2,4839486,4838070,1416
4572721,1758.16,1419.2,1776,1460,0.818648,0,2,4841262,4839486,1776
4574181,1524.31,1758.16,1512,1460,0.669459,0,2,4842774,4841262,1512
4575641,1330.22,1524.31,1320,1460,0.729784,0,2,4844094,4842774,1320
4577101,1548.51,1330.22,1560,1460,0.891913,0,2,4845654,4844094,1560
4580021,1750.35,1719.03,1752,1460,0.904706,0,2,4849134,4847382,1752
4581481,1683.52,1750.35,1680,1460,0.811882,0,2,4850814,4849134,1680
4582941,1543.38,1683.52,1536,1460,0.924753,0,2,4852350,4850814,1536
4584401,1422.37,1543.38,1416,1460,0.729901,0,2,4853766,4852350,1416
4585861,1370.72,1422.37,1368,1460,0.60996,0,2,4855134,4853766,1368
4587321,1276.94,1370.72,1272,1460,0.801984,0,2,4856406,4855134,1272
4588781,1728.25,1276.94,1752,1460,0.854794,0,2,4858158,4856406,1752
4590241,1705.21,1728.25,1704,1460,0.941917,0,2,4859862,4858158,1704
4591701,1430.46,1705.21,1416,1460,0.940767,0,2,4861278,4859862,1416
4594621,1703.32,1690.32,1704,1460,0.858523,0,2,4864686,4862982,1704
4596081,1635.57,1703.32,1632,1460,0.697409,0,2,4866318,4864686,1632
4597541,1472.58,1635.57,1464,1460,0.806964,0,2,4867782,4866318,1464
4599001,1669.63,1472.58,1680,1460,0.922786,0,2,4869462,4867782,1680
4601921,1844.13,1770.68,1848,1460,0.904846,0,2,4873086,4871238,1848
4604841,1520.81,1688.21,1512,1460,0.906775,0,2,4876278,4874766,1512
4609221,1773.46,1725.2,1776,1460,0.832034,0,2,4881462,4879686,1776
4610681,1525.07,1773.46,1512,1460,0.932813,0,2,4882974,4881462,1512
4613601,1639.71,1786.25,1632,1460,0.78525,0,2,4886406,4884774,1632
4615061,1449.99,1639.71,1440,1460,0.5841,0,2,4887846,4886406,1440
4616521,1189.7,1449.99,1176,1460,0.58764,0,2,4889022,4887846,1176
4617981,1336.28,1189.7,1344,1460,0.835056,0,2,4890366,4889022,1344
4619441,1503.21,1336.28,1512,1460,0.886022,0,2,4891878,4890366,1512
4620901,1739.56,1503.21,1752,1460,0.840409,0,2,4893630,4891878,1752
4622361,1614.58,1739.56,1608,1460,0.834164,0,2,4895238,4893630,1608
4623821,1517.13,1614.58,1512,1460,0.627665,0,2,4896750,4895238,1512
4625281,1238.66,1517.13,1224,1460,0.689066,0,2,4897974,4896750,1224
4626741,1498.33,1238.66,1512,1460,0.833627,0,2,4899486,4897974,1512
4628201,1556.92,1498.33,1560,1460,0.843451,0,2,4901046,4899486,1560
4629661,1651.05,1556.92,1656,1460,0.82338,0,2,4902702,4901046,1656
4631121,1610.15,1651.05,1608,1460,0.755352,0,2,4904310,4902702,1608
4632581,1744.91,1610.15,1752,1460,0.620141,0,2,4906062,4904310,1752
4634041,1295.65,1744.91,1272,1460,0.782056,0,2,4907334,4906062,1272
4635501,1683.58,1295.65,1704,1460,0.810823,0,2,4909038,4907334,1704
4636961,1634.58,1683.58,1632,1460,0.924329,0,2,4910670,4909038,1632
4639881,1810.99,1563.73,1824,1460,0.921893,0,2,4914054,4912230,1824
4641341,1777.75,1810.99,1776,1460,0.650757,0,2,4915830,4914054,1776
4642801,1228.89,1777.75,1200,1460,0.860303,0,2,4917030,4915830,1200
4644261,1201.44,1228.89,1200,1460,0.848121,0,2,4918230,4917030,1200
4645721,1656.07,1201.44,1680,1460,0.747248,0,2,4919910,4918230,1680
4647181,1459.35,1656.07,1449,1460,0.898899,0,2,4921359,4919910,1449
4648641,1805.77,1459.35,1824,1460,0.89356,0,2,4923183,4921359,1824
4650101,1731.89,1805.77,1728,1460,0.879424,0,2,4924911,4923183,1728
4653021,1634.53,1682.59,1632,1460,0.842708,0,2,4928223,4926591,1632
4654481,1677.73,1634.53,1680,1460,0.835083,0,2,4929903,4928223,1680
4655941,1634.29,1677.73,1632,1460,0.934033,0,2,4931535,4929903,1632
4657401,1723.31,1634.29,1728,1460,0.937613,0,2,4933263,4931535,1728
4660321,1684.67,1773.37,1680,1460,0.948018,0,2,4936719,4935039,1680
4661781,1771.43,1684.67,1776,1460,0.841207,0,2,4938495,4936719,1776
4663241,1570.57,1771.43,1560,1460,0.936483,0,2,4940055,4938495,1560
4664701,1058.93,1570.57,1032,1460,0.806593,0,2,4941087,4940055,1032
4666161,1899.75,1058.93,1944,1460,0.922637,0,2,4943031,4941087,1944
4670541,1882.85,2279.05,1862,1460,0.767049,0,2,4948997,4947135,1862
4672001,1439.34,1882.85,1416,1460,0.66082,0,2,4950413,4948997,1416
4673461,1348.77,1439.34,1344,1460,0.654328,0,2,4951757,4950413,1344
4674921,1412.64,1348.77,1416,1460,0.801731,0,2,4953173,4951757,1416
4676381,1697.03,1412.64,1712,1460,0.920692,0,2,4954885,4953173,1712
4680761,1754.22,1796.32,1752,1460,0.916924,0,2,4959709,4957957,1752
4682221,1843.31,1754.22,1848,1460,0.81677,0,2,4961557,4959709,1848
4683681,1619.77,1843.31,1608,1460,0.872708,0,2,4963165,4961557,1608
4685141,1722.59,1619.77,1728,1460,0.949083,0,2,4964893,4963165,1728
4686601,1704.93,1722.59,1704,1460,0.805633,0,2,4966597,4964893,1704
4688061,1498.85,1704.93,1488,1460,0.922253,0,2,4968085,4966597,1488
4689521,1716.54,1498.85,1728,1460,0.674901,0,2,4969813,4968085,1728
4690981,1431.03,1716.54,1416,1460,0.491961,0,1,4971229,4969813,1416
4692441,1097.55,1431.03,1080,1460,0.586784,0,2,4972309,4971229,1080
4693901,1400.08,1097.55,1416,1460,0.696714,0,2,4973725,4972309,1416
4695361,1552,1400.08,1560,1460,0.878685,0,2,4975285,4973725,1560
4698281,1770.88,1673.6,1776,1460,0.81859,0,2,4978741,4976965,1776
4699741,1524.94,1770.88,1512,1460,0.927436,0,2,4980253,4978741,1512
4701201,1649.45,1524.94,1656,1460,0.898974,0,2,4981909,4980253,1656
4702661,1746.87,1649.45,1752,1460,0.77359,0,2,4983661,4981909,1752
4704121,1478.14,1746.87,1464,1460,0.879436,0,2,4985125,4983661,1464
4705581,1761.11,1478.14,1776,1460,0.933774,0,2,4986901,4985125,1776
4707041,1820.86,1761.11,1824,1460,0.94351,0,2,4988725,4986901,1824
4711421,2349.43,932.512,2424,1460,0.762385,0,2,4993813,4991389,2424
4712881,1417.07,2349.43,1368,1460,0.904954,0,2,4995181,4993813,1368
4714341,1484.45,1417.07,1488,1460,0.775982,0,2,4996669,4995181,1488
4715801,1510.62,1484.45,1512,1460,0.640393,0,2,4998181,4996669,1512
4717261,1306.73,1510.62,1296,1460,0.742157,0,2,4999477,4998181,1296
4718721,1592.94,1306.73,1608,1460,0.818863,0,2,5001085,4999477,1608
4720181,1675.65,1592.94,1680,1460,0.927545,0,2,5002765,5001085,1680
4721641,1725.38,1675.65,1728,1460,0.941018,0,2,5004493,5002765,1728
4723101,1796.27,1725.38,1800,1460,0.862407,0,2,5006293,5004493,1800
4724561,1617.41,1796.27,1608,1460,0.944963,0,2,5007901,5006293,1608
4726021,1198.07,1617.41,1176,1460,0.815985,0,2,5009077,5007901,1176
4727481,1496.3,1198.07,1512,1460,0.800394,0,2,5010589,5009077,1512
4728941,1579.62,1496.3,1584,1460,0.920158,0,2,5012173,5010589,1584
4730401,1629.38,1579.62,1632,1460,0.878063,0,2,5013805,5012173,1632
4731861,1654.67,1629.38,1656,1460,0.897225,0,2,5015461,5013805,1656
4733321,1724.33,1654.67,1728,1460,0.91689,0,2,5017189,5015461,1728
4734781,2594.22,1724.33,2640,1460,0.894756,0,2,5019829,5017189,2640
4736241,1725.71,2594.22,1680,1460,0.687902,0,2,5021509,5019829,1680
4737701,1317.49,1725.71,1296,1460,0.875161,0,2,5022805,5021509,1296
4739161,1661.87,1317.49,1680,1460,0.896064,0,2,5024485,5022805,1680
4740621,2112.29,1661.87,2136,1460,0.814426,0,2,5026621,5024485,2136
4742081,1587.61,2112.29,1560,1460,0.92577,0,2,5028181,5026621,1560
4745001,2423.05,1492.98,2472,1460,0.646123,0,2,5032141,5029669,2472
4746461,1215.55,2423.05,1152,1460,0.276449,0,1,5033293,5032141,1152
4747921,699.178,1215.55,672,1460,0.29058,0,1,5033965,5033293,672
4749381,987.809,699.178,1003,1460,0.716232,0,2,5034968,5033965,1003
4750841,1326.19,987.809,1344,1460,0.844493,0,2,5036312,5034968,1344
4752301,1913.11,1326.19,1944,1460,0.835797,0,2,5038256,5036312,1944
4753761,1646.06,1913.11,1632,1460,0.934319,0,2,5039888,5038256,1632
4756681,2188.36,903.103,2256,1460,0.683491,0,2,5043008,5040752,2256
4758141,1295.02,2188.36,1248,1460,0.363396,0,1,5044256,5043008,1248
4759601,839.951,1295.02,816,1460,0.583359,0,2,5045072,5044256,816
4761061,1483.15,839.951,1517,1460,0.563343,0,2,5046589,5045072,1517
4762521,1305.36,1483.15,1296,1460,0.807337,0,2,5047885,5046589,1296
4763981,1775.27,1305.36,1800,1460,0.874935,0,2,5049685,5047885,1800
4765441,1734.16,1775.27,1732,1460,0.835974,0,2,5051417,5049685,1732
4766901,1614.31,1734.16,1608,1460,0.93439,0,2,5053025,5051417,1608
4769821,1771.99,1562.72,1783,1460,0.785502,0,2,5056368,5054585,1783
4771281,1440.45,1771.99,1423,1460,0.620201,0,2,5057791,5056368,1423
4772741,1257.62,1440.45,1248,1460,0.72208,0,2,5059039,5057791,1248
4774201,1567.68,1257.62,1584,1460,0.774832,0,2,5060623,5059039,1584
4775661,1605.98,1567.68,1608,1460,0.909933,0,2,5062231,5060623,1608
4778581,1755.06,1813.1,1752,1460,0.842789,0,2,5065807,5064055,1752
4780041,1569.75,1755.06,1560,1460,0.937116,0,2,5067367,5065807,1560
4781501,1742.89,1569.75,1752,1460,0.764846,0,2,5069119,5067367,1752
4782961,1455.14,1742.89,1440,1460,0.623939,0,2,5070559,5069119,1440
4784421,1281.16,1455.14,1272,1460,0.735575,0,2,5071831,5070559,1272
4785881,1591.66,1281.16,1608,1460,0.87023,0,2,5073439,5071831,1608
4787341,1721.18,1591.66,1728,1460,0.822092,0,2,5075167,5073439,1728
4788801,1590.86,1721.18,1584,1460,0.730837,0,2,5076751,5075167,1584
4790261,1447.54,1590.86,1440,1460,0.682335,0,2,5078191,5076751,1440
4791721,1421.38,1447.54,1420,1460,0.482934,0,1,5079611,5078191,1420
4793181,1074.27,1421.38,1056,1460,0.415174,0,1,5080667,5079611,1056
4794641,1079.71,1074.27,1080,1460,0.436069,0,1,5081747,5080667,1080
4796101,1171.19,1079.71,1176,1460,0.564428,0,2,5082923,5081747,1176
4797561,1403.76,1171.19,1416,1460,0.825771,0,2,5084339,5082923,1416
4799021,1666.19,1403.76,1680,1460,0.756308,0,2,5086019,5084339,1680
4800481,1413.31,1666.19,1400,1460,0.698523,0,2,5087419,5086019,1400
4801941,1415.87,1413.31,1416,1460,0.879409,0,2,5088835,5087419,1416
4803401,1614.54,1415.87,1625,1460,0.849764,0,2,5090460,5088835,1625
4804861,1547.53,1614.54,1544,1460,0.789905,0,2,5092004,5090460,1544
4806321,1536.58,1547.53,1536,1460,0.771962,0,2,5093540,5092004,1536
4807781,1806.78,1536.58,1821,1460,0.698785,0,2,5095361,5093540,1821
4809241,1462.14,1806.78,1444,1460,0.735514,0,2,5096805,5095361,1444
4810701,1540.86,1462.14,1545,1460,0.732206,0,2,5098350,5096805,1545
4812161,1513.44,1540.86,1512,1460,0.778882,0,2,5099862,5098350,1512
4813621,1603.27,1513.44,1608,1460,0.497553,0,1,5101470,5099862,1608
4815081,871.514,1603.27,833,1460,0.199021,0,1,5102303,5101470,833
4816541,655.376,871.514,644,1460,0.0796085,0,1,5102947,5102303,644
4818001,644.569,655.376,644,1460,0.0318434,0,1,5103591,5102947,644
4819461,644.028,644.569,644,1460,0.0127374,0,1,5104235,5103591,644
4820921,644.001,644.028,644,1460,0.00509494,0,1,5104879,5104235,644
