#Ack,ack_ewma(ms),send_ewma(ms),rtt_ratio,cwnd (Bytes),Last Router Ocupation Ack Arriaval(Packets),Last Router Ocupation Packet Sent(Packets),Network Situation,AckArrival(ms),TSInsideAck(ms),RTTAck(ms)
62781,493,562,450,13140,0.01,0.03,1,182014,181564,450
65701,351.4,366.8,448,14023,0.002,0.03,1,182330,181882,448
68621,109.48,114.16,446,14175,0.0244,0.03,1,182379,181933,446
71541,41.096,43.632,444,14325,0.01288,0.01,1,182403,181959,444
74461,23.4192,37.5264,427,14473,0.090576,0.01,1,182422,181995,427
75921,175.084,22.7053,621,14620,0.0421152,0,1,182635,182014,621
78841,131.017,257.341,425,14765,0.032423,0.03,1,182755,182330,425
81761,64.6034,90.6682,424,14909,0.0144846,0.01,1,182803,182379,424
84681,32.1207,37.3336,424,15051,0.0268969,0.11,1,182827,182403,424
87601,20.0241,22.6667,422,15192,0.0293794,0.11,1,182844,182422,422
89061,164.805,4.53335,623,15332,0.0138759,0.03,1,183045,182422,623
91981,137.761,171.307,541,15471,0.0267752,0.03,1,183176,182635,541
94901,65.9522,130.261,469,15608,0.029355,0.01,1,183224,182755,469
97821,32.3904,64.4523,445,15744,0.045871,0.03,1,183248,182803,445
100741,20.0781,32.0905,438,15879,0.0171742,0.03,1,183265,182827,438
102201,164.816,20.0181,622,16013,0.0114348,0.01,1,183466,182844,622
105121,138.563,164.804,553,16146,0.026287,0.03,1,183598,183045,553
108041,65.3126,137.761,469,16278,0.00525739,0.03,1,183645,183176,469
110961,33.0625,65.9521,446,16408,0.00105148,0.05,1,183670,183224,446
113881,19.4125,32.3904,438,16537,0.0402103,0.01,1,183686,183248,438
115341,164.683,20.0781,622,16665,0.0320421,0.01,1,183887,183265,622
118261,35.3365,164.816,424,16792,0.0464084,0.03,1,183890,183466,424
121181,111.867,138.563,423,16918,0.0172817,0,1,184021,183598,423
124101,59.9735,65.3126,423,17043,0.0114563,0,1,184068,183645,423
127021,32.7947,33.0625,424,17168,0.0102913,0.05,1,184094,183670,424
129941,19.3589,19.4125,424,17292,0.0420583,0.03,1,184110,183686,424
132861,164.672,164.683,424,17415,0.0324116,0.05,1,184311,183887,424
135781,137.734,35.3365,552,17537,0.0304823,0.01,1,184442,183890,552
138701,65.1469,111.867,468,17658,0.0300965,0.01,1,184489,184021,468
141621,33.8294,59.9735,447,17778,0.0140193,0.01,1,184515,184068,447
144541,19.5659,32.7947,437,17897,0.0268039,0.05,1,184531,184094,437
146001,164.713,19.3589,622,18016,0.00536077,0.03,1,184732,184110,622
148921,33.7426,164.672,422,18134,0.0250722,0.03,1,184733,184311,422
151841,111.549,32.9344,553,18251,0.0290144,0.03,1,184864,184311,553
154761,59.9097,111.387,469,18367,0.0618029,0.03,1,184911,184442,469
157681,32.7819,59.8774,448,18483,0.0523606,0.01,1,184937,184489,448
160601,19.3564,32.7755,438,18598,0.0344721,0.03,1,184953,184515,438
162061,164.671,19.3551,623,18712,0.00689442,0,1,185154,184531,623
164981,33.7343,164.671,423,18825,0.0253789,0.03,1,185155,184732,423
167901,110.747,33.7342,552,18938,0.0610758,0.03,1,185285,184733,552
170821,60.5494,111.547,469,19050,0.0362152,0.07,1,185333,184864,469
173741,32.9099,59.9094,448,19161,0.031243,0.05,1,185359,184911,448
176661,19.382,32.7819,438,19272,0.0302486,0.03,1,185375,184937,438
178121,164.676,19.3564,623,19382,0.0300497,0,1,185576,184953,623
181041,33.7353,164.671,423,19491,0.0140099,0.03,1,185577,185154,423
183961,110.747,33.7343,552,19600,0.026802,0.07,1,185707,185155,552
186881,23.7494,110.747,424,19708,0.0293604,0.03,1,185709,185285,424
189801,42.3499,60.5494,423,19816,0.0298721,0.03,1,185756,185333,423
192721,29.27,32.9099,423,19923,0.0619744,0.03,1,185782,185359,423
195641,18.654,19.382,423,20029,0.100395,0.03,1,185798,185375,423
198561,163.731,164.676,422,20135,0.044079,0.01,1,185998,185576,422
201481,138.346,33.7353,553,20240,0.0168158,0.03,1,186130,185577,553
204401,29.2692,110.747,425,20345,0.0433632,0.03,1,186132,185707,425
207321,43.4538,23.7494,470,20449,0.0326726,0.03,1,186179,185709,470
210241,30.2908,42.3499,450,20553,0.0145345,0.07,1,186206,185756,450
213161,18.8582,29.27,440,20656,0.0269069,0.11,1,186222,185782,440
216081,161.372,18.654,621,20759,0.0133814,0.03,1,186419,185798,621
219001,139.474,163.731,555,20861,0.0266763,0.01,1,186553,185998,555
221921,29.4949,138.346,425,20963,0.0293353,0.05,1,186555,186130,425
224841,7.49897,29.2692,425,21064,0.0298671,0.03,1,186557,186132,425
227761,37.4998,43.4538,423,21165,0.00597341,0.01,1,186602,186179,423
230681,29.1,30.2908,423,21265,0.0731947,0.03,1,186629,186206,423
233601,18.62,18.8582,423,21365,0.0546389,0.01,1,186645,186222,423
236521,160.524,161.372,422,21464,0.0349278,0.03,1,186841,186419,422
239441,140.105,139.474,423,21563,0.0469856,0.03,1,186976,186553,423
242361,29.621,29.4949,423,21661,0.0493971,0.03,1,186978,186555,423
245281,7.52419,7.49897,423,21759,0.0818794,0,1,186980,186557,423
248201,38.3048,37.4998,424,21856,0.0403759,0.09,1,187026,186602,424
251121,29.261,29.1,424,21953,0.0480752,0.05,1,187053,186629,424
254041,18.6522,18.62,424,22050,0.049615,0.03,1,187069,186645,424
256961,159.73,160.524,423,22146,0.049923,0.05,1,187264,186841,423
259881,140.746,140.105,424,22242,0.0979846,0.05,1,187400,186976,424
262801,29.7492,29.621,424,22337,0.107597,0.09,1,187402,186978,424
265721,7.54984,7.52419,424,22432,0.0775194,0.03,1,187404,186980,424
268641,36.71,38.3048,422,22527,0.103504,0.03,1,187448,187026,422
271561,29.742,7.66097,450,22621,0.0927008,0.05,1,187476,187026,450
274481,18.7484,23.1322,439,22715,0.0905402,0.05,1,187492,187053,439
277401,158.15,17.4264,616,22808,0.122108,0.05,1,187685,187069,616
280321,142.83,159.485,560,22901,0.112422,0.11,1,187824,187264,560
283241,30.166,140.697,426,22994,0.110484,0.11,1,187826,187400,426
286161,7.6332,29.7394,426,23086,0.110097,0.07,1,187828,187402,426
289081,37.5266,7.54788,469,23178,0.126019,0.11,1,187873,187404,469
292001,29.9053,36.7096,453,23269,0.113204,0.09,1,187901,187448,453
294921,19.5811,29.7419,442,23360,0.142641,0.09,1,187918,187476,442
297841,159.916,18.7484,621,23451,0.148528,0.13,1,188113,187492,621
300761,141.583,158.15,565,23541,0.165706,0.11,1,188250,187685,565
303681,29.9166,142.83,428,23631,0.169141,0.11,1,188252,187824,428
306601,7.58333,30.166,428,23721,0.169828,0.11,1,188254,187826,428
309521,36.7167,7.6332,470,23810,0.169966,0.13,1,188298,187828,470
312441,30.5433,37.5266,454,23899,0.169993,0.11,1,188327,187873,454
315361,7.70867,29.9053,428,23988,0.169999,0.15,1,188329,187901,428
318281,14.3417,19.5811,427,24076,0.17,0.15,1,188345,187918,427
321201,162.068,159.916,431,24164,0.282,0.17,1,188544,188113,431
324121,141.214,141.583,430,24252,0.3684,0.17,1,188680,188250,430
327041,29.8427,29.9166,430,24339,0.38568,0.17,1,188682,188252,430
329961,7.56855,7.58333,430,24426,0.421136,0.17,1,188684,188254,430
332881,36.7137,36.7167,430,24513,0.412227,0.17,1,188728,188298,430
335801,30.5427,30.5433,430,24599,0.426445,0.17,1,188757,188327,430
338721,7.70855,7.70867,430,24685,0.477289,0.17,1,188759,188329,430
341641,14.3417,14.3417,430,24771,0.471458,0.31,1,188775,188345,430
344561,167.668,162.068,437,24857,0.518292,0.39,1,188981,188544,437
347481,146.334,141.214,442,24942,0.495658,0.39,1,189122,188680,442
350401,30.8667,29.8427,442,25027,0.491132,0.43,1,189124,188682,442
353321,7.77335,7.56855,442,25112,0.490226,0.41,1,189126,188684,442
356241,36.7547,36.7137,442,25196,0.522045,0.43,1,189170,188728,442
359161,32.1509,30.5427,444,25280,0.528409,0.49,1,189201,188757,444
362081,8.03019,7.70855,444,25364,0.529682,0.47,1,189203,188759,444
365001,15.206,14.3417,445,25448,0.577936,0.47,1,189220,188775,445
366461,163.841,2.86834,646,25531,0.635587,0.53,1,189421,188775,646
369381,37.5682,165.374,446,25614,0.679117,0.49,1,189427,188981,446
372301,120.314,145.875,446,25697,0.719824,0.49,1,189568,189122,446
375221,25.6627,30.7749,446,25779,0.695965,0.49,1,189570,189124,446
378141,6.73255,7.75499,446,25861,0.723193,0.53,1,189572,189126,446
381061,36.5465,36.751,446,25943,0.760639,0.53,2,189616,189170,446
383981,33.7093,32.1502,448,26025,0.736128,0.53,1,189649,189201,448
386901,8.34186,8.03004,448,26106,0.731226,0.59,1,189651,189203,448
389821,16.0684,15.206,449,26187,0.778245,0.65,2,189669,189220,449
392741,172.814,163.841,460,26268,0.771649,0.69,2,189881,189421,460
395661,148.163,37.5682,596,26349,0.81033,0.73,2,190023,189427,596
398581,31.2325,120.314,457,26429,0.818066,0.69,2,190025,189568,457
401501,7.84651,25.6627,457,26509,0.819613,0.73,2,190027,189570,457
404421,38.3693,6.73255,501,26589,0.811923,0.77,2,190073,189572,501
407341,34.8739,36.5465,491,26669,0.810385,0.73,2,190107,189616,491
410261,8.57477,33.7093,460,26748,0.810077,0.73,2,190109,189649,460
413181,16.115,8.34186,476,26827,0.810015,0.79,2,190127,189651,476
414641,164.023,16.0684,659,26906,0.874003,0.77,2,190328,189669,659
417561,43.2046,172.814,460,26985,0.902801,0.77,2,190341,189881,460
497861,132,32,603,29101,0.35,1,1,191886,191283,603
500781,47.2,115.2,493,29174,0.302,1,1,191912,191419,493
503701,27.84,40.64,494,29247,0.2284,1,1,191935,191441,494
506621,19.968,24.128,492,29319,0.18168,1,1,191953,191461,492
509541,35.1936,21.6256,510,29391,0.108336,1,1,191992,191482,510
512461,25.4387,27.5251,504,29463,0.0616672,1,1,192015,191511,504
515381,27.4877,26.305,506,29535,0.0363334,1,1,192043,191537,506
518301,127.898,28.461,630,29607,0.00726669,0.86,1,192196,191566,630
521221,43.1795,136.092,489,29678,0.0254533,0.88,1,192218,191729,489
524141,90.2359,47.2184,566,29749,0.109091,0.35,1,192320,191754,566
527061,38.0472,115.044,459,29820,0.0938181,0.29,1,192345,191886,459
529981,9.20944,43.8087,435,29891,0.0907636,0.21,1,192347,191912,435
532901,17.0419,27.1617,431,29962,0.0901527,0.17,1,192366,191935,431
535821,14.6084,19.8323,427,30033,0.0900305,0.09,1,192380,191953,427
538741,30.1217,35.1665,422,30103,0.0740061,0.05,1,192414,191992,422
541661,26.8243,25.4333,425,30173,0.0388012,0.03,1,192440,192015,425
544581,26.1649,27.4867,423,30243,0.0157602,0,1,192466,192043,423
547501,127.633,127.897,423,30313,0.011152,0.03,1,192619,192196,423
550421,42.3266,43.1795,422,30383,0.0262304,0.13,1,192640,192218,422
553341,93.2653,90.2359,426,30453,0.0932461,0.09,1,192746,192320,426
556261,40.2531,38.0472,428,30522,0.0746492,0.09,1,192773,192345,428
559181,9.65061,9.20943,428,30591,0.10293,0.09,1,192775,192347,428
562101,14.7301,17.0419,425,30660,0.092586,0.09,1,192791,192366,425
565021,12.546,14.6084,423,30729,0.0905172,0.07,1,192803,192380,423
567941,28.9092,30.1217,422,30798,0.122103,0.03,1,192836,192414,422
570861,26.5818,26.8243,422,30867,0.0964207,0.01,1,192862,192440,422
573781,26.1164,26.1649,422,30936,0.123284,0.01,1,192888,192466,422
576701,127.623,127.633,422,31004,0.0486568,0.03,1,193041,192619,422
579621,43.1247,42.3266,423,31072,0.0337314,0.11,1,193063,192640,423
582541,95.0249,93.2653,425,31140,0.0467463,0.07,1,193171,192746,425
585461,40.605,40.2531,425,31208,0.0813493,0.11,1,193198,192773,425
588381,9.721,9.65061,425,31276,0.0882699,0.11,1,193200,192775,425
591301,14.7442,1.93012,441,31344,0.089654,0.09,1,193216,192775,441
594221,13.3488,13.186,438,31412,0.0739308,0.09,1,193229,192791,438
597141,28.2698,12.2372,458,31479,0.102786,0.13,1,193261,192803,458
600061,26.454,28.8474,451,31546,0.108557,0.09,1,193287,192836,451
602981,26.0908,26.5695,451,31613,0.141711,0.13,1,193313,192862,451
605901,124.418,26.1139,574,31680,0.0363423,0.03,1,193462,192888,574
608821,43.2836,127.623,444,31747,0.0312685,0.03,1,193485,193041,444
611741,96.6567,43.1246,532,31814,0.0782537,0.05,1,193595,193063,532
614661,41.7313,95.0249,452,31881,0.0876507,0.09,1,193623,193171,452
617581,9.94627,40.605,427,31947,0.0895302,0.09,1,193625,193198,427
620501,14.7893,9.721,441,32013,0.105906,0.09,1,193641,193200,441
623421,12.5579,14.7442,437,32079,0.109181,0.07,1,193653,193216,437
626341,29.7116,13.3488,458,32145,0.157836,0.11,1,193687,193229,458
629261,26.7423,28.2698,452,32211,0.167567,0.11,1,193713,193261,452
632181,28.5485,26.454,455,32277,0.153513,0.15,1,193742,193287,455
635101,118.51,26.0908,570,32343,0.0547027,0.01,1,193883,193313,570
638021,42.9019,124.418,445,32408,0.0349405,0.03,1,193907,193462,445
640941,98.9804,43.2836,535,32473,0.0789881,0.09,1,194020,193485,535
643861,42.9961,96.6567,454,32538,0.0877976,0.09,1,194049,193595,454
646781,10.1992,41.7313,428,32603,0.12156,0.09,1,194051,193623,428
649701,14.8398,9.94627,442,32668,0.128312,0.11,1,194067,193625,442
652621,12.568,14.7893,438,32733,0.145662,0.11,1,194079,193641,438
655541,4.11359,12.5579,428,32798,0.149132,0.17,1,194081,193653,428
658461,29.6227,29.7116,430,32862,0.149826,0.17,1,194117,193687,430
661381,27.5245,26.7423,431,32926,0.181965,0.15,1,194144,193713,431
664301,27.1049,28.5485,429,32990,0.172393,0.03,1,194171,193742,429
667221,112.621,118.51,422,33054,0.186479,0.03,1,194305,193883,422
670141,42.5242,42.9019,423,33118,0.173296,0.09,1,194330,193907,423
673061,101.305,98.9804,426,33182,0.218659,0.09,1,194446,194020,426
675981,45.061,42.9961,428,33246,0.211732,0.13,1,194477,194049,428
678901,10.6122,10.1992,428,33310,0.210346,0.13,1,194479,194051,428
681821,15.7224,14.8398,429,33373,0.194069,0.15,1,194496,194067,429
684741,12.7445,12.568,429,33436,0.206814,0.15,1,194508,194079,429
687661,4.1489,4.11359,429,33499,0.241363,0.15,1,194510,194081,429
690581,30.4298,29.6227,430,33562,0.232273,0.19,1,194547,194117,430
693501,26.886,27.5245,429,33625,0.246455,0.17,1,194573,194144,429
696421,27.7772,27.1049,430,33688,0.249291,0.19,1,194601,194171,430
699341,111.955,112.621,429,33751,0.313858,0.17,1,194734,194305,429
702261,41.5911,42.5242,428,33814,0.326772,0.23,1,194758,194330,428
705181,103.518,101.305,431,33877,0.361354,0.21,1,194877,194446,431
708101,44.7036,45.061,430,33939,0.368271,0.21,1,194907,194477,430
711021,10.5407,10.6122,430,34001,0.369654,0.19,1,194909,194479,430
713941,17.3081,15.7224,432,34063,0.401931,0.21,1,194928,194496,432
716861,13.0616,12.7445,432,34125,0.408386,0.25,1,194940,194508,432
719781,4.21233,4.1489,432,34187,0.409677,0.23,1,194942,194510,432
722701,29.6425,30.4298,431,34249,0.457935,0.23,1,194978,194547,431
725621,26.7285,6.08596,457,34311,0.435587,0.25,1,195004,194547,457
728541,27.7457,22.0172,459,34373,0.431117,0.25,1,195032,194573,459
731461,116.749,26.8034,570,34435,0.494223,0.33,1,195171,194601,570
734381,42.5498,111.761,461,34496,0.514845,0.33,1,195195,194734,461
737301,105.31,41.5521,558,34557,0.526969,0.37,1,195316,194758,558
740221,45.062,103.51,469,34618,0.545394,0.37,1,195346,194877,469
743141,10.6124,44.7021,441,34679,0.549079,0.37,1,195348,194907,441
746061,18.9225,10.5404,460,34740,0.565816,0.41,1,195369,194909,460
748981,14.1845,17.3081,454,34801,0.601163,0.41,1,195382,194928,454
751901,4.4369,13.0616,444,34862,0.576233,0.41,1,195384,194940,444
754821,29.6874,4.21232,478,34923,0.571247,0.47,1,195420,194942,478
757741,26.7375,29.6425,468,34984,0.570249,0.43,1,195446,194978,468
760661,27.7475,26.7285,470,35044,0.58605,0.43,1,195474,195004,470
763581,119.95,27.7457,585,35104,0.58921,0.51,1,195617,195032,585
766501,43.1899,116.749,470,35164,0.589842,0.52,1,195641,195171,470
769421,106.238,42.5498,568,35224,0.637968,0.53,1,195763,195195,568
772341,46.0476,105.31,478,35284,0.647594,0.55,1,195794,195316,478
775261,10.8095,45.062,450,35344,0.649519,0.55,1,195796,195346,450
778181,20.5619,10.6124,471,35404,0.681904,0.57,1,195819,195348,471
781101,13.7124,18.9225,462,35464,0.656381,0.61,1,195831,195369,462
784021,4.34248,14.1845,451,35524,0.667276,0.57,1,195833,195382,451
786941,29.6685,4.4369,485,35584,0.685455,0.57,1,195869,195384,485
789861,26.7337,29.6874,475,35643,0.705091,0.57,1,195895,195420,475
792781,6.94674,26.7375,451,35702,0.709018,0.59,1,195897,195446,451
795701,23.7893,27.7475,451,35761,0.709804,0.59,1,195925,195474,451
798621,119.158,119.95,451,35820,0.805961,0.59,2,196068,195617,451
801541,43.0316,43.1899,451,35879,0.825192,0.65,2,196092,195641,451
804461,108.606,106.238,454,35938,0.861038,0.65,2,196217,195763,454
807381,46.5213,46.0476,454,35997,0.884208,0.65,2,196248,195794,454
810301,10.9043,10.8095,454,36056,0.888842,0.69,2,196250,195796,454
813221,20.5808,20.5619,454,36115,0.873768,0.65,2,196273,195819,454
816141,14.5162,13.7124,455,36174,0.854754,0.67,2,196286,195831,455
819061,4.50323,4.34248,455,36232,0.882951,0.69,2,196288,195833,455
821981,30.5006,29.6685,456,36290,0.87259,0.71,2,196325,195869,456
824901,27.7001,26.7337,457,36348,0.918518,0.71,2,196352,195895,457
827821,7.14003,6.94674,457,36406,0.895704,0.71,2,196354,195897,457
830741,23.828,23.7893,457,36464,0.923141,0.83,2,196382,195925,457
1005941,29,21,498,39791,0.91,1,2,198778,198280,498
1008861,29,7.4,523,39844,0.894,1,2,198807,198284,523
1011781,26.6,13.48,534,39897,0.8108,1,2,198833,198299,534
1014701,58.92,110.696,466,39950,0.60216,1,1,198900,198434,466
1017621,46.984,43.7392,483,40003,0.416432,0.98,1,198944,198461,483
1020541,38.1968,25.5478,498,40056,0.235286,1,1,198980,198482,498
1023461,81.2394,88.3096,486,40109,0.0870573,1,1,199072,198586,486
1026381,41.0479,17.6619,517,40162,0.0734115,1,1,199103,198586,517
1029301,33.0096,30.7324,514,40215,0.0706823,1,1,199134,198620,514
1032221,26.6019,27.7465,512,40268,0.0541365,1,1,199159,198647,512
1035141,22.9204,27.9493,506,40320,0.0348273,1,1,199181,198675,506
1038061,19.7841,27.9899,497,40372,0.0309655,0.82,1,199200,198703,497
1040981,19.1568,23.198,494,40424,0.0621931,0.89,1,199219,198725,494
1043901,27.0314,23.8396,499,40476,0.100439,0.91,1,199248,198749,499
1046821,23.8063,27.9679,493,40528,0.0600877,0.89,1,199271,198778,493
1049741,22.3613,28.7936,486,40580,0.0520175,0.79,1,199293,198807,486
1052661,45.2722,26.5587,511,40632,0.0824035,0.55,1,199344,198833,511
1055581,38.6544,58.9117,481,40684,0.0724807,0.37,1,199381,198900,481
1058501,30.1309,46.9823,465,40736,0.118496,0.19,1,199409,198944,465
1061421,74.0262,38.1965,514,40788,0.0476992,0.05,1,199494,198980,514
1064341,38.8052,81.2393,452,40840,0.0335398,0.07,1,199524,199072,452
1067261,34.961,41.0479,455,40892,0.030708,0.07,1,199558,199103,455
1070181,27.7922,33.0096,450,40944,0.0621416,0.05,1,199584,199134,450
1073101,22.3584,26.6019,446,40996,0.0684283,0.03,1,199605,199159,446
1076021,18.8717,22.9204,442,41047,0.0696857,0.03,1,199623,199181,442
1078941,19.7743,19.7841,443,41098,0.0699371,0.07,1,199643,199200,443
1081861,26.3549,19.1568,452,41149,0.0699874,0.11,1,199671,199219,452
1084781,23.671,27.0314,446,41200,0.0859975,0.05,1,199694,199248,446
1087701,22.3342,23.8063,445,41251,0.1052,0.05,1,199716,199271,445
1090621,46.0668,22.3613,475,41302,0.10904,0.09,1,199768,199293,475
1093541,39.6134,45.2722,462,41353,0.109808,0.07,1,199806,199344,462
1096461,30.3227,38.6544,453,41404,0.109962,0.13,1,199834,199381,453
1099381,74.8645,30.1309,511,41455,0.0779923,0.03,1,199920,199409,511
1102301,36.5729,74.0262,453,41506,0.0395985,0.03,1,199947,199494,453
1105221,8.91458,38.8052,425,41557,0.0319197,0.03,1,199949,199524,425
1108141,27.3829,34.961,423,41608,0.0623839,0.07,1,199981,199558,423
1111061,27.8766,27.7922,425,41659,0.0364768,0.07,1,200009,199584,425
1113981,22.3753,22.3584,425,41710,0.0632954,0.07,1,200030,199605,425
1116901,18.8751,18.8717,425,41761,0.0686591,0.07,1,200048,199623,425
1119821,19.775,19.7743,425,41812,0.0857318,0.07,1,200068,199643,425
1122741,26.355,26.3549,425,41862,0.0571464,0.09,1,200096,199671,425
1125661,25.271,23.671,427,41912,0.0834293,0.11,1,200121,199694,427
1128581,23.4542,22.3342,428,41962,0.104686,0.11,1,200144,199716,428
1131501,45.4908,46.0668,427,42012,0.140937,0.11,1,200195,199768,427
1134421,39.4982,39.6134,427,42062,0.132187,0.11,1,200233,199806,427
1137341,30.2996,30.3227,427,42112,0.130437,0.07,1,200261,199834,427
1140261,72.4599,74.8645,424,42162,0.178088,0.03,1,200344,199920,424
1143181,36.092,36.5729,424,42212,0.171618,0.03,1,200371,199947,424
1146101,8.8184,8.91458,424,42262,0.138324,0.07,1,200373,199949,424
1149021,26.5637,27.3829,423,42312,0.211665,0.03,1,200404,199981,423
1151941,28.5127,27.8766,424,42362,0.226333,0.07,1,200433,200009,424
1154861,21.7025,22.3753,423,42412,0.389267,0.07,1,200453,200030,423
1157781,18.7405,18.8751,423,42462,0.421853,0.09,1,200471,200048,423
1160701,20.5481,19.775,424,42512,0.460371,0.05,1,200492,200068,424
1163621,26.5096,26.355,424,42562,0.436074,0.09,1,200520,200096,424
1166541,26.9019,25.271,426,42612,0.415215,0.11,1,200547,200121,426
1169461,24.5804,23.4542,427,42662,0.411043,0.15,1,200571,200144,427
1172381,45.7161,45.4908,427,42711,0.506209,0.13,1,200622,200195,427
1175301,40.3432,39.4982,428,42760,0.525242,0.13,1,200661,200233,428
1178221,32.0686,30.2996,430,42809,0.577048,0.19,1,200691,200261,430
1181141,72.0137,72.4599,429,42858,0.55541,0.17,1,200773,200344,429
1184061,35.2027,36.092,428,42907,0.551082,0.13,1,200799,200371,428
1186981,8.64055,8.8184,428,42956,0.582216,0.23,1,200801,200373,428
1189901,28.9281,26.5637,431,43005,0.604443,0.23,1,200835,200404,431
1192821,36.1856,5.31274,469,43054,0.624889,0.23,1,200873,200404,469
1195741,23.2371,24.2625,460,43103,0.660978,0.43,1,200893,200433,460
1198661,19.8474,20.8525,459,43152,0.652196,0.43,1,200912,200453,459
1201581,21.5695,18.5705,463,43201,0.682439,0.47,1,200934,200471,463
1204501,26.7139,20.5141,470,43250,0.720488,0.43,1,200962,200492,470
1207421,26.1428,26.5028,468,43299,0.728098,0.41,1,200988,200520,468
1210341,24.4286,26.9006,465,43348,0.72962,0.41,1,201012,200547,465
1213261,48.8857,24.5801,496,43397,0.761924,0.53,2,201067,200571,496
1216181,42.5771,45.716,486,43446,0.784385,0.53,2,201108,200622,486
1219101,33.3154,40.3432,478,43495,0.804877,0.59,2,201139,200661,478
1222021,72.2631,32.0686,530,43544,0.824975,0.55,2,201221,200691,530
1224941,35.2526,72.0137,474,43592,0.828995,0.55,2,201247,200773,474
1227861,8.65052,35.2027,450,43640,0.829799,0.59,2,201249,200799,450
1230781,29.7301,8.64055,483,43688,0.81396,0.61,2,201284,200801,483
1233701,39.546,28.9281,491,43736,0.906792,0.63,2,201326,200835,491
1397221,29,82,497,46362,0.59,1,1,203152,202655,497
1400141,41.8,39.6,513,46407,0.478,1,1,203197,202684,513
1403061,30.76,35.12,507,46452,0.3756,0.99,1,203225,202718,507
1405981,28.552,27.024,510,46497,0.27512,1,1,203253,202743,510
1408901,28.9104,19.8048,521,46542,0.223024,1,1,203282,202761,521
1411821,19.3821,16.761,522,46587,0.100605,1,1,203299,202777,522
1414741,19.8764,26.5522,513,46632,0.060121,1,1,203319,202806,513
1417661,18.3753,26.9104,504,46677,0.0360242,1,1,203337,202833,504
1420581,15.6751,13.3821,509,46722,0.0632048,0.97,1,203352,202843,509
1423501,25.535,30.6764,502,46767,0.052641,1,1,203380,202878,502
1426421,30.707,29.3353,505,46812,0.0185282,1,1,203412,202907,505
1429341,31.7414,33.0671,503,46857,0.0277056,1,1,203444,202941,503
1432261,32.7483,32.2134,504,46902,0.0455411,0.97,1,203477,202973,504
1435181,32.1497,35.2427,500,46947,0.0171082,0.93,1,203509,203009,500
1438101,60.0299,33.4485,534,46992,0.0274216,0.69,1,203576,203042,534
1441021,33.606,71.4897,480,47037,0.0614843,0.59,1,203603,203123,480
1443941,33.9212,37.4979,485,47082,0.0362969,0.45,1,203637,203152,485
1446861,26.7842,43.4996,465,47127,0.0472594,0.35,1,203662,203197,465
1449781,22.9568,31.0999,459,47172,0.0174519,0.25,1,203684,203225,459
1452701,25.3914,28.62,457,47217,0.0594904,0.21,1,203710,203253,457
1455621,16.2783,28.924,442,47262,0.0678981,0.07,1,203724,203282,442
1458541,20.0557,19.3848,446,47307,0.0855796,0.05,1,203745,203299,446
1461461,15.2111,19.877,440,47352,0.0891159,0.03,1,203759,203319,440
1464381,4.64223,18.3754,424,47397,0.0578232,0.07,1,203761,203337,424
1467301,12.9284,15.6751,424,47441,0.0515646,0.05,1,203776,203352,424
1470221,23.3857,25.535,422,47485,0.0823129,0.01,1,203802,203380,422
1473141,31.8771,30.707,424,47529,0.0564626,0.03,1,203836,203412,424
1476061,30.3754,31.7414,422,47573,0.0352925,0.05,1,203866,203444,422
1478981,33.2751,32.7483,423,47617,0.0310585,0.01,1,203900,203477,423
1481901,33.055,32.1497,424,47661,0.110212,0.03,1,203933,203509,424
1484821,59.411,60.0299,423,47705,0.0780423,0.07,1,203999,203576,423
1487741,34.2822,33.606,424,47749,0.135608,0.03,1,204027,203603,424
1490661,33.2564,33.9212,423,47793,0.115122,0.05,1,204060,203637,423
1493581,26.6513,26.7842,423,47837,0.127024,0.01,1,204085,203662,423
1496501,23.7303,22.9568,424,47881,0.113405,0.07,1,204108,203684,424
1499421,26.3461,25.3914,425,47925,0.094681,0.07,1,204135,203710,425
1502341,18.0692,16.2783,427,47969,0.138936,0.09,1,204151,203724,427
1505261,19.6138,20.0557,426,48013,0.115787,0.09,1,204171,203745,426
1508181,12.7228,15.2111,423,48057,0.127157,0.05,1,204182,203759,423
1511101,4.14455,4.64223,423,48101,0.129432,0.05,1,204184,203761,423
1514021,12.0289,12.9284,422,48145,0.129886,0.09,1,204198,203776,422
1516941,24.8058,23.3857,424,48189,0.145977,0.05,1,204226,203802,424
1519861,31.3612,31.8771,423,48233,0.149195,0.03,1,204259,203836,423
1522781,30.2722,30.3754,423,48277,0.117839,0.03,1,204289,203866,423
1525701,32.4544,33.2751,422,48321,0.0955678,0.13,1,204322,203900,422
1528621,34.4909,33.055,424,48365,0.0911136,0.07,1,204357,203933,424
1531541,58.8982,59.411,423,48409,0.138223,0.15,1,204422,203999,423
1534461,39.7796,34.2822,430,48453,0.163645,0.11,1,204457,204027,430
1537381,31.9559,33.2564,427,48496,0.136729,0.13,1,204487,204060,427
1540301,25.5912,26.6513,426,48539,0.147346,0.11,1,204511,204085,426
1543221,24.3182,23.7303,427,48582,0.181469,0.09,1,204535,204108,427
1546141,26.4636,26.3461,427,48625,0.204294,0.15,1,204562,204135,427
1549061,18.0927,18.0692,427,48668,0.240859,0.11,1,204578,204151,427
1551981,19.6185,19.6138,427,48711,0.248172,0.13,1,204598,204171,427
1554901,11.9237,12.7228,426,48754,0.217634,0.13,1,204608,204182,426
1557821,3.98474,4.14455,426,48797,0.211527,0.13,1,204610,204184,426
1560741,11.9969,12.0289,426,48840,0.210305,0.13,1,204624,204198,426
1563661,24.7994,2.40578,454,48883,0.210061,0.15,1,204652,204198,454
1566581,29.7599,22.8812,457,48926,0.194012,0.15,1,204683,204226,457
1569501,30.752,30.9762,455,48969,0.222802,0.11,1,204714,204259,455
1572421,30.9504,30.1952,456,49012,0.212561,0.09,1,204745,204289,456
1575341,35.7901,32.439,460,49055,0.226512,0.09,1,204782,204322,460
1578261,59.958,34.4878,491,49098,0.325302,0.15,1,204848,204357,491
1581181,40.7916,58.8976,462,49141,0.34506,0.17,1,204884,204422,462
1584101,32.1583,39.7795,457,49184,0.365012,0.13,1,204914,204457,457
1587021,27.2317,31.9559,453,49227,0.369002,0.15,1,204940,204487,453
1589941,25.4463,25.5912,454,49270,0.3698,0.19,1,204965,204511,454
1592861,27.4893,24.3182,458,49313,0.38596,0.21,1,204993,204535,458
1595781,18.2979,26.4636,447,49356,0.389192,0.25,1,205009,204562,447
1598701,19.6596,18.0927,451,49399,0.389838,0.25,1,205029,204578,451
1601621,11.9319,19.6185,441,49442,0.405968,0.21,1,205039,204598,441
1604541,3.98638,11.9237,433,49485,0.409194,0.21,1,205041,204608,433
1607461,11.9973,3.98474,445,49528,0.409839,0.21,1,205055,204610,445
1610381,24.7995,11.9969,459,49571,0.409968,0.21,1,205083,204624,459
1613301,28.9599,24.7994,461,49614,0.409994,0.19,1,205113,204652,461
1616221,32.192,29.7599,463,49656,0.409999,0.23,1,205146,204683,463
1619141,30.4384,30.752,462,49698,0.41,0.21,1,205176,204714,462
1622061,37.2877,30.9504,470,49740,0.458,0.23,1,205215,204745,470
1624981,64.2575,35.7901,504,49782,0.4836,0.35,1,205286,204782,504
1627901,41.6515,59.958,474,49824,0.50472,0.35,1,205322,204848,474
1630821,33.1303,40.7916,469,49866,0.508944,0.37,1,205353,204884,469
1633741,27.4261,32.1583,465,49908,0.509789,0.37,1,205379,204914,465
1636661,26.2852,27.2317,465,49950,0.509958,0.37,1,205405,204940,465
1639581,27.657,25.4463,468,49992,0.541992,0.39,1,205433,204965,468
1642501,18.3314,27.4893,456,50034,0.548398,0.39,1,205449,204993,456
1645421,20.4663,18.2979,461,50076,0.53368,0.39,1,205470,205009,461
1648341,12.0933,19.6596,451,50118,0.530736,0.41,1,205480,205029,451
1651261,4.01865,11.9319,443,50160,0.530147,0.41,1,205482,205039,443
1654181,12.0037,3.98638,455,50202,0.530029,0.41,1,205496,205041,455
1657101,24.8007,11.9973,469,50244,0.530006,0.41,1,205524,205055,469
1660021,28.9601,24.7995,471,50286,0.546001,0.41,1,205554,205083,471
1662941,7.39203,28.9599,443,50328,0.5492,0.41,1,205556,205113,443
1665861,27.0784,32.192,442,50370,0.54984,0.41,1,205588,205146,442
1668781,31.0157,30.4384,444,50412,0.581968,0.47,1,205620,205176,444
1671701,38.2031,37.2877,445,50454,0.572394,0.49,1,205660,205215,445
1674621,65.2406,64.2575,446,50496,0.602479,0.51,1,205732,205286,446
1677541,43.4481,41.6515,448,50538,0.624496,0.51,1,205770,205322,448
1680461,32.6896,33.1303,447,50580,0.628899,0.51,1,205800,205353,447
1683381,27.3379,27.4261,447,50622,0.62978,0.51,1,205826,205379,447
1686301,26.2676,26.2852,447,50664,0.645956,0.55,1,205852,205405,447
1689221,29.2535,27.657,449,50706,0.649191,0.55,1,205882,205433,449
1692141,18.6507,18.3314,449,50748,0.649838,0.53,1,205898,205449,449
1695061,19.7301,20.4663,448,50790,0.633968,0.53,1,205918,205470,448
1697981,11.946,12.0933,448,50831,0.630794,0.53,1,205928,205480,448
1700901,3.98921,4.01865,448,50872,0.630159,0.53,1,205930,205482,448
1703821,11.9978,12.0037,448,50913,0.662032,0.53,1,205944,205496,448
1706741,25.5996,24.8007,449,50954,0.684406,0.55,1,205973,205524,449
1709661,29.1199,28.9601,449,50995,0.720881,0.55,1,206003,205554,449
1712581,7.42398,7.39203,449,51036,0.728176,0.55,1,206005,205556,449
1715501,27.0848,27.0784,449,51077,0.697635,0.59,1,206037,205588,449
1718421,31.017,31.0157,449,51118,0.707527,0.57,1,206069,205620,449
1721341,39.0034,38.2031,450,51159,0.773505,0.61,2,206110,205660,450
1724261,67.8007,65.2406,453,51200,0.770701,0.63,2,206185,205732,453
1727181,42.3601,43.4481,451,51241,0.78614,0.63,2,206221,205770,451
1730101,32.472,32.6896,451,51282,0.789228,0.63,2,206251,205800,451
1733021,28.0944,27.3379,452,51323,0.821846,0.65,2,206278,205826,452
1735941,26.4189,26.2676,452,51364,0.844369,0.65,2,206304,205852,452
1738861,29.2838,29.2535,452,51405,0.880874,0.65,2,206334,205882,452
1741781,19.4568,18.6507,453,51446,0.872175,0.63,2,206351,205898,453
1744701,19.8914,19.7301,453,51487,0.870435,0.63,2,206371,205918,453
1747621,11.9783,11.946,453,51528,0.854087,0.63,2,206381,205928,453
1750541,3.99565,3.98921,453,51569,0.850817,0.67,2,206383,205930,453
1753461,12.7991,11.9978,454,51610,0.866163,0.69,2,206398,205944,454
1756381,27.3598,25.5996,456,51651,0.901233,0.73,2,206429,205973,456
2011881,28,32,540,55121,0.77,1,2,208887,208347,540
2068821,398.4,464.8,458,24820,0.21,0.63,1,209378,208920,458
2071741,113.28,129.76,454,25633,0.05,0.57,1,209420,208966,454
2074661,61.056,37.152,488,25716,0.034,0.13,1,209468,208980,488
2077581,63.4112,80.2304,461,25798,0.0068,0.03,1,209532,209071,461
2080501,71.0822,75.2461,460,25880,0.02536,0.07,1,209605,209145,460
2083421,53.4164,60.6492,452,25962,0.013072,0.03,1,209654,209202,452
2086341,49.0833,51.3298,451,26044,0.0106144,0.05,1,209702,209251,451
2089261,65.0167,68.666,447,26125,0.0421229,0.01,1,209771,209324,447
2092181,25.8033,33.7332,438,26206,0.0164246,0.07,1,209787,209349,438
2095101,49.9607,29.9466,465,26287,0.0272849,0.01,1,209843,209378,465
2098021,48.3921,39.5893,471,26368,0.093457,0.03,1,209891,209420,471
2100941,60.0784,46.3179,486,26448,0.0186914,0,1,209954,209468,486
2103861,71.2157,60.4636,496,26528,0.0117383,0.03,1,210028,209532,496
2106781,52.6431,70.4927,471,26608,0.00234766,0.01,1,210076,209605,471
2109701,48.1286,53.2985,469,26688,0.0244695,0.01,1,210123,209654,469
2112621,64.8257,49.0597,490,26767,0.0128939,0.05,1,210192,209702,490
2115541,27.3651,65.0119,439,26846,0.0265788,0.01,1,210210,209771,439
2118461,7.07303,25.8024,425,26925,0.00531576,0.03,1,210212,209787,425
2121381,45.4146,49.9605,424,27004,0.0890631,0.11,1,210267,209843,424
2124301,50.6829,48.3921,428,27082,0.121813,0,1,210319,209891,428
2127221,56.5366,60.0784,423,27160,0.112363,0.01,1,210377,209954,423
2130141,70.5073,71.2157,423,27238,0.110473,0,1,210451,210028,423
2133061,54.1015,52.6431,425,27316,0.0460945,0.03,1,210501,210076,425
2135981,46.0203,48.1286,422,27394,0.0492189,0.01,1,210545,210123,422
2138901,65.2041,64.8257,423,27471,0.0338438,0.03,1,210615,210192,423
2141821,28.2408,27.3651,424,27548,0.00676876,0,1,210634,210210,424
2144741,7.24816,7.07303,424,27625,0.0413538,0.11,1,210636,210212,424
2147661,47.8496,45.4146,427,27702,0.0482708,0.13,1,210694,210267,427
2150581,51.9699,50.6829,428,27778,0.0976541,0.11,1,210747,210319,428
2153501,55.194,56.5366,426,27854,0.155531,0.11,1,210803,210377,426
2156421,69.4388,70.5073,425,27930,0.135106,0.03,1,210876,210451,425
2159341,52.2878,54.1015,423,28006,0.0670212,0.05,1,210924,210501,423
2162261,46.4576,46.0203,424,28082,0.117404,0.03,1,210969,210545,424
2165181,63.6915,65.2041,422,28157,0.0474809,0,1,211037,210615,422
2168101,27.9383,28.2408,422,28232,0.0334962,0.05,1,211056,210634,422
2171021,7.18766,7.24816,422,28307,0.00669923,0.05,1,211058,210636,422
2173941,50.2375,47.8496,425,28382,0.0893398,0.05,1,211119,210694,425
2176861,54.0475,9.56993,480,28457,0.073868,0.11,1,211174,210694,480
2179781,56.4095,44.314,484,28531,0.0547736,0.17,1,211231,210747,484
2182701,68.8819,53.6628,500,28605,0.194955,0.13,1,211303,210803,500
2185621,48.9764,69.1326,471,28679,0.222991,0.05,1,211347,210876,471
2188541,48.1953,52.2265,471,28753,0.244598,0.13,1,211395,210924,471
2191461,60.0391,46.4453,489,28827,0.26492,0.03,1,211458,210969,489
2194381,28.8078,63.6891,442,28900,0.236984,0.03,1,211479,211037,442
2197301,7.36156,27.9378,425,28973,0.231397,0,1,211481,211056,425
2200221,51.0723,7.18756,485,29046,0.214279,0.11,1,211543,211058,485
2203141,54.2145,50.2375,479,29119,0.194856,0.07,1,211598,211119,479
2206061,55.6429,54.0475,480,29192,0.206971,0.05,1,211654,211174,480
2208981,75.9286,56.4095,504,29265,0.401394,0.23,1,211735,211231,504
2211901,50.3857,68.8819,476,29337,0.472279,0.23,1,211779,211303,476
2214821,49.2771,48.9764,481,29409,0.502456,0.25,1,211828,211347,481
2217741,60.2554,48.1953,496,29481,0.556491,0.27,1,211891,211395,496
2220661,28.8511,60.0391,454,29553,0.551298,0.23,1,211912,211458,454
2223581,7.37022,28.8078,435,29625,0.51826,0.23,1,211914,211479,435
2226501,49.474,7.36156,493,29696,0.591652,0.21,1,211974,211481,493
2229421,53.8948,51.0723,486,29767,0.68633,0.19,1,212029,211543,486
2232341,55.579,54.2145,487,29838,0.705266,0.21,1,212085,211598,487
2235261,12.7158,55.6429,433,29909,0.709053,0.45,1,212087,211654,433
2325781,85,29,554,32029,0.17,1,1,213611,213057,554
2328701,40.2,78.6,492,32095,0.034,1,1,213640,213148,492
2331621,60.84,33.32,536,32161,0.0068,1,1,213706,213170,536
2334541,43.368,49.864,521,32227,0.00136,1,1,213745,213224,521
2337461,45.4736,60.3728,504,32293,0.056272,1,1,213791,213287,504
2340381,41.0947,39.2746,510,32359,0.0992544,1,1,213831,213321,510
2343301,31.4189,31.8549,509,32424,0.0198509,1,1,213860,213351,509
2346221,37.4838,30.371,518,32489,0.15597,1,1,213899,213381,518
2349141,54.6968,48.4742,524,32554,0.031194,0.77,1,213958,213434,524
2352061,32.5394,56.0948,493,32619,0.0302388,0.81,1,213985,213492,493
2354981,47.3079,38.419,510,32684,0.0460478,0.17,1,214036,213526,510
2357901,31.8616,75.6838,453,32749,0.0332096,0,1,214064,213611,453
2360821,7.97231,38.3368,426,32814,0.0146419,0,1,214066,213640,426
2363741,51.1945,60.4674,422,32878,0.00292838,0,1,214128,213706,422
2366661,41.4389,43.2935,422,32942,0.000585676,0.07,1,214167,213745,422
2369581,45.0878,45.4587,422,33006,0.0401171,0.11,1,214213,213791,422
2372501,41.0176,41.0917,422,33070,0.0480234,0,1,214253,213831,422
2375421,40.2035,31.4183,433,33134,0.0416047,0.19,1,214293,213860,433
2378341,36.0407,37.4837,429,33198,0.00832094,0,1,214328,213899,429
2381261,48.8081,54.6967,422,33262,0.0416642,0.03,1,214380,213958,422
2384181,32.1616,32.5393,423,33326,0.0323328,0.05,1,214408,213985,423
2387101,47.2323,47.3079,423,33389,0.0784666,0.03,1,214459,214036,423
2390021,31.0465,31.8616,422,33452,0.0396933,0.01,1,214486,214064,422
2392941,7.80929,7.97231,422,33515,0.0479387,0,1,214488,214066,422
2395861,51.1619,51.1945,422,33578,0.00958773,0,1,214550,214128,422
2398781,42.2324,41.4389,423,33641,0.00191755,0.05,1,214590,214167,423
2401701,44.4465,45.0878,422,33704,0.00838351,0.05,1,214635,214213,422
2404621,40.8893,41.0176,422,33767,0.0096767,0.04,1,214675,214253,422
2407541,40.1779,40.2035,422,33830,0.0259353,0,1,214715,214293,422
2410461,39.2356,36.0407,426,33893,0.0131871,0.05,1,214754,214328,426
2413381,46.2471,48.8081,422,33955,0.0266374,0.03,1,214802,214380,422
2416301,32.4494,32.1616,423,34017,0.0293275,0.09,1,214831,214408,423
2419221,46.4899,47.2323,422,34079,0.0938655,0.03,1,214881,214459,422
2422141,32.498,31.0465,424,34141,0.0427731,0.05,1,214910,214486,424
2425061,8.0996,7.80929,424,34203,0.0325546,0,1,214912,214488,424
2427981,49.6199,51.1619,422,34265,0.00651092,0,1,214972,214550,422
2430901,41.124,10.2324,461,34327,0.00930218,0,1,215011,214550,461
2433821,44.2248,34.0465,466,34389,0.0258604,0.01,1,215056,214590,466
2436741,40.845,42.8093,461,34450,0.0291721,0.01,1,215096,214635,461
2439661,40.169,40.5619,461,34511,0.00583442,0.03,1,215136,214675,461
2442581,39.2338,40.1124,460,34572,0.0251669,0.01,1,215175,214715,460
2445501,47.0468,39.2225,470,34633,0.0450334,0.03,1,215224,214754,470
2448421,32.6094,46.2445,451,34694,0.0330067,0.03,1,215253,214802,451
2451341,48.1219,32.4489,474,34755,0.0466013,0.11,1,215305,214831,474
2454261,31.2244,46.4898,451,34816,0.0173203,0.03,1,215332,214881,451
2457181,7.84487,32.498,424,34877,0.0114641,0.03,1,215334,214910,424
2460101,48.769,8.09959,481,34938,0.00229281,0,1,215393,214912,481
2463021,41.7538,49.6199,461,34999,0.0244586,0.01,1,215433,214972,461
2465941,44.3508,41.124,467,35059,0.0288917,0.03,1,215478,215011,467
2468861,40.0702,44.2248,461,35119,0.0617783,0.03,1,215517,215056,461
2471781,40.014,40.845,461,35179,0.0203557,0,1,215557,215096,461
2474701,40.0028,40.169,461,35239,0.0440711,0.03,1,215597,215136,461
2477621,48.0006,39.2338,472,35299,0.0488142,0.05,1,215647,215175,472
2480541,32.0001,47.0468,451,35359,0.0497628,0.03,1,215675,215224,451
2483461,48.8,32.6094,475,35419,0.0339526,0.05,1,215728,215253,475
2486381,29.76,48.1219,448,35479,0.0147905,0.01,1,215753,215305,448
2489301,7.552,31.2244,423,35539,0.0269581,0.01,1,215755,215332,423
2492221,48.7104,7.84487,480,35598,0.00539162,0,1,215814,215334,480
2495141,42.5421,48.769,462,35657,0.0250783,0.03,1,215855,215393,462
2498061,10.1084,41.7538,424,35716,0.0290157,0.03,1,215857,215433,424
2500981,38.0217,44.3508,424,35775,0.0298031,0.07,1,215902,215478,424
2503901,38.0043,40.0702,423,35834,0.0779606,0.01,1,215940,215517,423
2506821,38.8009,40.014,422,35893,0.0395921,0.05,1,215979,215557,422
2509741,41.3602,40.0028,424,35952,0.0479184,0.05,1,216021,215597,424
2512661,48.272,48.0006,424,36011,0.0655837,0.05,1,216071,215647,424
2515581,32.0544,32.0001,424,36070,0.0691167,0.03,1,216099,215675,424
2518501,48.0109,48.8,423,36129,0.0538233,0.01,1,216151,215728,423
2521421,28.8022,29.76,422,36187,0.0187647,0.03,1,216175,215753,422
2524341,7.36044,7.552,422,36245,0.0277529,0,1,216177,215755,422
2527261,48.6721,48.7104,422,36303,0.00555059,0.03,1,216236,215814,422
2530181,42.5344,42.5421,422,36361,0.00911012,0.03,1,216277,215855,422
2533101,10.1069,10.1084,422,36419,0.025822,0.03,1,216279,215857,422
2536021,39.6214,38.0217,424,36477,0.0451644,0.09,1,216326,215902,424
2538941,38.3243,38.0043,424,36535,0.129033,0.03,1,216364,215940,424
2541861,37.2649,38.8009,422,36593,0.0978066,0.05,1,216401,215979,422
2544781,41.053,41.3602,422,36651,0.0275613,0.07,1,216443,216021,422
2547701,49.0106,48.272,423,36709,0.0135123,0.07,1,216494,216071,423
2550621,33.0021,32.0544,424,36767,0.0427025,0.05,1,216523,216099,424
2553541,46.6004,48.0109,422,36824,0.0485405,0.01,1,216573,216151,422
2556461,29.3201,28.8022,423,36881,0.0337081,0.03,1,216598,216175,423
2559381,7.46402,7.36044,423,36938,0.00674162,0,1,216600,216177,423
2562301,47.8928,48.6721,422,36995,0.00134832,0.01,1,216658,216236,422
2565221,42.3786,42.5344,422,37052,0.000269665,0.03,1,216699,216277,422
2568141,10.0757,10.1069,422,37109,0.00805393,0.05,1,216701,216279,422
2571061,42.0151,39.6214,425,37166,0.0256108,0.05,1,216751,216326,425
2573981,41.203,7.92428,466,37223,0.0451222,0.15,1,216792,216326,466
2576901,32.2406,31.9849,458,37280,0.0490244,0.09,1,216822,216364,458
2579821,40.0481,35.997,463,37337,0.0338049,0.01,1,216864,216401,463
2582741,48.8096,40.7994,472,37394,0.030761,0.01,1,216915,216443,472
2585661,32.9619,48.9599,450,37451,0.0621522,0.05,1,216944,216494,450
2588581,46.5924,32.992,471,37507,0.10043,0.05,1,216994,216523,471
2591501,29.3185,46.5984,446,37563,0.0440861,0.03,1,217019,216573,446
2594421,7.46369,29.3197,423,37619,0.00881722,0,1,217021,216598,423
2597341,47.8927,7.46394,479,37675,0.00976344,0,1,217079,216600,479
2600261,42.3785,47.8928,462,37731,0.0259527,0,1,217120,216658,462
2603181,10.0757,42.3786,423,37787,0.0291905,0.01,1,217122,216699,423
2606101,42.0151,10.0757,471,37843,0.0138381,0.03,1,217172,216701,471
2609021,42.803,42.0151,464,37899,0.0267676,0.05,1,217215,216751,464
2611941,30.9606,41.203,451,37955,0.0613535,0.05,1,217243,216792,451
2614861,40.5921,32.2406,464,38011,0.0522707,0.03,1,217286,216822,464
2617781,49.7184,40.0481,474,38067,0.0984541,0.03,1,217338,216864,474
2620701,33.9437,48.8096,453,38122,0.107691,0.07,1,217368,216915,453
2623621,49.1887,32.9619,477,38177,0.157538,0.11,1,217421,216944,477
2626541,25.8377,46.5924,447,38232,0.199508,0.03,1,217441,216994,447
2629461,6.76755,29.3185,424,38287,0.175902,0,1,217443,217019,424
2632381,46.9535,7.46369,479,38342,0.0591803,0.01,1,217500,217021,479
2635301,43.7907,47.8927,464,38397,0.0198361,0.03,1,217543,217079,464
2638221,10.3581,42.3785,425,38452,0.0119672,0.03,1,217545,217120,425
2641141,40.4716,10.0757,471,38507,0.0103934,0.01,1,217593,217122,471
2644061,44.0943,42.0151,466,38562,0.0260787,0.03,1,217638,217172,466
2646981,29.6189,42.803,449,38617,0.0612157,0.07,1,217664,217215,449
2649901,7.52377,30.9606,423,38672,0.0682431,0.05,1,217666,217243,423
2652821,37.5048,40.5921,425,38727,0.101649,0.11,1,217711,217286,425
2655741,50.701,49.7184,427,38782,0.12433,0.11,1,217765,217338,427
2658661,34.1402,33.9437,427,38836,0.160866,0.17,1,217795,217368,427
2661581,53.228,49.1887,432,38890,0.200173,0.21,1,217853,217421,432
2664501,25.0456,25.8377,430,38944,0.192035,0.17,1,217871,217441,430
2667421,6.60912,6.76755,430,38998,0.238407,0.03,1,217873,217443,430
2670341,40.5218,46.9535,422,39052,0.167681,0.01,1,217922,217500,422
2673261,42.5044,43.7907,422,39106,0.0335363,0.01,1,217965,217543,422
2676181,10.1009,10.3581,422,39160,0.0147073,0.01,1,217967,217545,422
2679101,40.4202,40.4716,422,39214,0.0269415,0.03,1,218015,217593,422
2682021,45.684,44.0943,424,39268,0.0133883,0.07,1,218062,217638,424
2684941,30.7368,29.6189,425,39322,0.0426777,0.07,1,218089,217664,425
2687861,7.74736,7.52377,425,39376,0.0485355,0.11,1,218091,217666,425
2690781,37.5495,37.5048,425,39430,0.129707,0.13,1,218136,217711,425
2693701,53.1099,50.701,428,39484,0.129941,0.17,1,218193,217765,428
2696621,34.622,34.1402,428,39537,0.161988,0.21,1,218223,217795,428
2699541,54.9244,53.228,430,39590,0.344398,0.19,1,218283,217853,430
2702461,26.9849,25.0456,432,39643,0.34888,0.25,1,218303,217871,432
2705381,6.99698,6.60912,432,39696,0.317776,0.15,1,218305,217873,432
2708301,32.5994,40.5218,422,39749,0.327555,0,1,218344,217922,422
2711221,40.9199,42.5044,422,39802,0.249511,0.01,1,218387,217965,422
2714141,9.78398,10.1009,422,39855,0.233902,0.03,1,218389,217967,422
2717061,41.9568,40.4202,424,39908,0.18278,0.01,1,218439,218015,424
2719981,45.1914,45.684,423,39961,0.156556,0.05,1,218485,218062,423
2722901,31.4383,30.7368,424,40014,0.135311,0.05,1,218513,218089,424
2725821,7.88765,7.74736,424,40067,0.131062,0.05,1,218515,218091,424
2728741,40.7775,1.54947,473,40120,0.146212,0.15,1,218564,218091,473
2731661,53.7555,36.3099,485,40173,0.181242,0.13,1,218621,218136,485
2734581,37.1511,52.862,461,40226,0.188249,0.17,1,218654,218193,461
2737501,61.0302,34.5724,498,40278,0.22165,0.39,1,218721,218223,498
2740421,26.606,54.9145,456,40330,0.22833,0.35,1,218739,218283,456
2743341,6.92121,26.9829,438,40382,0.229666,0.31,1,218741,218303,438
2746261,30.1842,6.99658,472,40434,0.245933,0.33,1,218777,218305,472
2749181,38.0368,32.5993,473,40486,0.265187,0.23,1,218817,218344,473
2752101,9.20737,40.9199,432,40538,0.269037,0.23,1,218819,218387,432
2755021,40.2415,9.78397,478,40590,0.237807,0.17,1,218867,218389,478
2757941,43.2483,41.9568,472,40642,0.247561,0.15,1,218911,218439,472
2760861,31.8497,45.1914,455,40694,0.249512,0.13,1,218940,218485,455
2763781,7.96993,31.4383,429,40746,0.249902,0.13,1,218942,218513,429
2766701,41.594,7.88765,477,40798,0.217981,0.15,1,218992,218515,477
2769621,56.3188,40.7775,488,40850,0.227596,0.19,1,219052,218564,488
2772541,37.6638,53.7555,464,40902,0.277519,0.19,1,219085,218621,464
2775461,61.9328,37.1511,499,40954,0.303504,0.23,1,219153,218654,499
2778381,26.7866,61.0302,450,41006,0.308701,0.23,1,219171,218721,450
2781301,6.95731,26.606,434,41057,0.30974,0.23,1,219173,218739,434
2784221,30.9915,6.92121,469,41108,0.357948,0.25,1,219210,218741,469
2787141,38.9983,30.1842,474,41159,0.38359,0.27,1,219251,218777,474
2790061,9.39966,38.0368,436,41210,0.388718,0.27,1,219253,218817,436
2792981,38.6799,9.20737,480,41261,0.405744,0.23,1,219299,218819,480
2795901,43.736,40.2415,477,41312,0.409149,0.25,1,219344,218867,477
2798821,31.9472,43.2483,462,41363,0.39383,0.25,1,219373,218911,462
2801741,7.98944,31.8497,435,41414,0.390766,0.25,1,219375,218940,435
2804661,39.9979,7.96993,481,41465,0.406153,0.21,1,219423,218942,481
2807581,57.5996,41.594,493,41516,0.457231,0.23,1,219485,218992,493
2810501,13.1199,56.3188,435,41567,0.435446,0.29,1,219487,219052,435
2813421,30.624,37.6638,437,41618,0.511089,0.31,1,219522,219085,437
2816341,60.5248,61.9328,437,41669,0.542218,0.31,1,219590,219153,437
2819261,26.505,26.7866,437,41720,0.516444,0.31,1,219608,219171,437
2822181,6.90099,6.95731,437,41771,0.543289,0.37,1,219610,219173,437
2825101,33.3802,30.9915,440,41822,0.548658,0.39,1,219650,219210,440
2828021,40.276,38.9983,441,41872,0.533732,0.39,1,219692,219251,441
2830941,9.65521,9.39966,441,41922,0.546746,0.41,1,219694,219253,441
2833861,40.331,38.6799,443,41972,0.581349,0.41,1,219742,219299,443
2836781,43.2662,43.736,442,42022,0.58827,0.39,1,219786,219344,442
2839701,31.8532,31.9472,442,42072,0.605654,0.39,1,219815,219373,442
2842621,7.97065,7.98944,442,42122,0.609131,0.41,1,219817,219375,442
2845541,39.9941,39.9979,442,42172,0.641826,0.47,1,219865,219423,442
2848461,58.3988,57.5996,443,42222,0.664365,0.43,1,219928,219485,443
2851381,13.2798,13.1199,443,42272,0.700873,0.53,1,219930,219487,443
2854301,33.856,30.624,447,42322,0.740175,0.55,1,219969,219522,447
2857221,61.1712,60.5248,447,42372,0.820035,0.51,2,220037,219590,447
2860141,26.6342,26.505,447,42422,0.796007,0.55,2,220055,219608,447
2863061,6.92685,6.90099,447,42472,0.791201,0.55,2,220057,219610,447
2865981,33.3854,33.3802,447,42522,0.80624,0.53,2,220097,219650,447
2868901,41.8771,40.276,449,42572,0.825248,0.55,2,220141,219692,449
2871821,9.97541,9.65521,449,42622,0.82905,0.59,2,220143,219694,449
2874741,41.9951,40.331,451,42672,0.81381,0.59,2,220193,219742,451
2877661,43.599,43.2662,451,42721,0.858762,0.61,2,220237,219786,451
2880581,32.7198,31.8532,452,42770,0.835752,0.61,2,220267,219815,452
2883501,8.14396,7.97065,452,42819,0.831151,0.65,2,220269,219817,452
2886421,40.0288,39.9941,452,42868,0.84623,0.67,2,220317,219865,452
2889341,60.8058,58.3988,455,42917,0.881246,0.71,2,220383,219928,455
2892261,13.7612,13.2798,455,42966,0.920249,0.75,2,220385,219930,455
2895181,35.5522,33.856,457,43015,0.94405,0.75,2,220426,219969,457
3061621,50,17,475,20544,0.07,0.09,1,222651,222176,475
3064541,65.2,88.2,438,20647,0.07,0.05,1,222720,222282,438
3067461,104.24,48.84,513,20750,0.022,0.11,1,222834,222321,513
3070381,70.448,109.768,450,20852,0.0284,0.01,1,222896,222446,450
3073301,61.2896,76.3536,441,20954,0.04568,0.05,1,222955,222514,441
3076221,34.6579,43.2707,434,21055,0.033136,0.01,1,222983,222549,434
3079141,39.7316,50.2541,423,21156,0.0306272,0.07,1,223024,222601,423
3082061,50.3463,50.0508,426,21256,0.110125,0.07,1,223077,222651,426
3084981,62.8693,65.2102,423,21356,0.110025,0.01,1,223143,222720,423
3087901,103.774,104.242,423,21455,0.022005,0.03,1,223257,222834,423
3090821,70.3548,70.4484,423,21554,0.012401,0.05,1,223319,222896,423
3093741,62.871,61.2897,425,21652,0.0424802,0.03,1,223380,222955,425
3096661,34.1742,34.6579,424,21750,0.016496,0.03,1,223407,222983,424
3099581,39.6348,39.7316,424,21848,0.0272992,0.13,1,223448,223024,424
3102501,52.727,50.3463,427,21945,0.0774598,0.11,1,223504,223077,427
3105421,63.3454,62.8693,427,22042,0.103492,0,1,223570,223143,427
3108341,99.8691,103.774,422,22138,0.0446984,0.01,1,223679,223257,422
3111261,69.5738,70.3548,422,22234,0.0329397,0.05,1,223741,223319,422
3114181,62.7148,62.871,422,22329,0.0785879,0.01,1,223802,223380,422
3117101,34.143,34.1742,422,22424,0.0877176,0.03,1,223829,223407,422
3120021,40.4286,39.6348,423,22519,0.105544,0.03,1,223871,223448,423
3122941,52.8857,7.92697,479,22613,0.109109,0.09,1,223927,223448,479
3125861,64.1771,46.3854,490,22707,0.141822,0.11,1,223994,223504,490
3128781,97.6354,62.0771,530,22800,0.116364,0.03,1,224100,223570,530
3131701,69.1271,99.6154,483,22893,0.0632729,0.03,1,224162,223679,483
3134621,65.0254,69.5231,485,22986,0.0686546,0.09,1,224226,223741,485
3137541,33.8051,62.7046,450,23078,0.0697309,0.09,1,224252,223802,450
3140461,41.161,34.1409,466,23170,0.0699462,0.11,1,224295,223829,466
3143381,55.4322,40.4282,483,23261,0.0859892,0.11,1,224354,223871,483
3146301,66.2864,52.8856,496,23352,0.153198,0.15,1,224423,223927,496
3149221,94.0573,64.1771,530,23443,0.19864,0.11,1,224524,223994,530
3152141,66.8115,97.6354,484,23533,0.159728,0.05,1,224584,224100,484
3155061,66.1623,69.1271,488,23623,0.135946,0.07,1,224650,224162,488
3157981,34.0325,65.0254,450,23713,0.131189,0.07,1,224676,224226,450
3160901,41.2065,33.8051,467,23802,0.130238,0.07,1,224719,224252,467
3163821,57.8413,41.161,486,23891,0.0980476,0.09,1,224781,224295,486
3166741,69.9683,55.4322,500,23980,0.18761,0.17,1,224854,224354,500
3169661,15.5937,66.2864,433,24068,0.205522,0.21,1,224856,224423,433
3172581,83.1187,94.0573,432,24156,0.273104,0.15,1,224956,224524,432
3175501,62.2237,66.8115,429,24244,0.302621,0.13,1,225013,224584,429
3178421,64.4447,66.1623,428,24331,0.292524,0.13,1,225078,224650,428
3181341,33.689,34.0325,428,24418,0.306505,0.13,1,225104,224676,428
3184261,41.1378,41.2065,428,24505,0.373301,0.09,1,225147,224719,428
3187181,57.0276,57.8413,427,24591,0.38666,0.21,1,225208,224781,427
3190101,73.8055,69.9683,432,24677,0.437332,0.21,1,225286,224854,432
3193021,16.3611,15.5937,432,24763,0.415466,0.29,1,225288,224856,432
3195941,87.2722,83.1187,437,24849,0.427093,0.31,1,225393,224956,437
3198861,63.0544,62.2237,437,24934,0.477419,0.29,1,225450,225013,437
3201781,63.8109,64.4447,436,25019,0.487484,0.31,1,225514,225078,436
3204701,34.3622,33.689,437,25104,0.537497,0.39,1,225541,225104,437
3207621,42.8724,41.1378,439,25188,0.579499,0.39,1,225586,225147,439
3210541,57.3745,57.0276,439,25272,0.6199,0.45,1,225647,225208,439
3213461,77.0749,73.8055,443,25356,0.65998,0.41,1,225729,225286,443
3216381,17.015,16.3611,443,25440,0.667996,0.41,1,225731,225288,443
3219301,86.603,3.27222,547,25523,0.701599,0.43,1,225835,225288,547
3222221,63.7206,84.6544,500,25606,0.70832,0.49,1,225893,225393,500
3225141,65.5441,62.5309,509,25689,0.741664,0.49,1,225959,225450,509
3228061,35.5088,63.7062,473,25771,0.748333,0.55,1,225987,225514,473
3230981,44.7018,34.3412,493,25853,0.781667,0.59,2,226034,225541,493
3233901,59.3404,42.8682,511,25935,0.788333,0.63,2,226097,225586,511
3236821,79.0681,57.3736,534,26017,0.821667,0.67,2,226181,225647,534
3239741,17.4136,77.0747,454,26098,0.828333,0.67,2,226183,225729,454
3242661,89.8827,17.0149,560,26179,0.877667,0.71,2,226291,225731,560
3245581,64.3765,86.603,514,26260,0.935533,0.71,2,226349,225835,514
3248501,67.2753,63.7206,524,26341,0.947107,0.75,2,226417,225893,524
3368221,46,87,504,29457,0.63,1,1,228569,228065,504
3371141,66,37.4,550,29529,0.518,1,1,228640,228090,550
3374061,76.4,81.88,536,29601,0.3836,1,1,228719,228183,536
3376981,37.68,57.976,512,29673,0.34072,1,1,228747,228235,512
3379901,33.936,41.1952,508,29744,0.332144,1,1,228780,228272,508
3382821,32.3872,37.039,504,29815,0.330429,0.95,1,228812,228308,504
3385741,8.07744,33.8078,473,29886,0.330086,0.97,1,228814,228341,473
3388661,28.0155,35.5616,470,29957,0.346017,0.83,1,228847,228377,470
3391581,59.2031,66.3123,463,30028,0.365203,0.71,1,228914,228451,463
3394501,61.4406,70.8625,453,30098,0.337041,0.63,1,228976,228523,453
3397421,45.8881,50.9725,449,30168,0.379408,0.49,1,229018,228569,449
3400341,60.3776,66.9945,442,30238,0.371882,0.35,1,229082,228640,442
3403261,72.8755,76.5989,439,30308,0.370376,0.33,1,229158,228719,439
3406181,36.1751,37.7198,438,30378,0.418075,0.33,1,229185,228747,438
3409101,32.835,33.944,437,30448,0.427615,0.33,1,229217,228780,437
3412021,34.567,32.3888,440,30518,0.445523,0.33,1,229252,228812,440
3414941,8.5134,8.07776,440,30587,0.497105,0.35,1,229254,228814,440
3417861,26.5027,28.0156,438,30656,0.523421,0.37,1,229285,228847,438
3420781,58.9005,59.2031,438,30725,0.512684,0.33,1,229352,228914,438
3423701,62.1801,61.4406,439,30794,0.590537,0.39,1,229415,228976,439
3426621,46.036,45.8881,439,30863,0.670107,0.37,1,229457,229018,439
3429541,61.2072,60.3776,440,30932,0.670022,0.37,1,229522,229082,440
3432461,73.8414,72.8755,441,31000,0.686004,0.43,1,229599,229158,441
3435381,36.3683,36.1751,441,31068,0.769201,0.43,2,229626,229185,441
3438301,35.2737,32.835,444,31136,0.76984,0.45,2,229661,229217,444
3441221,35.8547,34.567,445,31204,0.737968,0.51,1,229697,229252,445
3444141,8.77095,8.5134,445,31272,0.731594,0.53,1,229699,229254,445
3447061,27.3542,26.5027,446,31340,0.762319,0.53,2,229731,229285,446
3449981,59.8708,5.30054,514,31408,0.752464,0.51,2,229799,229285,514
3452901,65.5742,54.6601,514,31475,0.750493,0.61,2,229866,229352,514
3455821,48.3148,61.332,495,31542,0.782099,0.69,2,229910,229415,495
3458741,62.463,45.8664,519,31609,0.82042,0.67,2,229976,229457,519
3461661,76.4926,61.1733,534,31676,0.844084,0.69,2,230056,229522,534
3464581,37.6985,73.8347,485,31743,0.832817,0.79,2,230084,229599,485
3467501,34.7397,36.3669,492,31810,0.862563,0.77,2,230118,229626,492
3470421,34.9479,35.2734,492,31877,0.900513,0.73,2,230153,229661,492
3473341,8.58959,35.8547,458,31943,0.876103,0.73,2,230155,229697,458
3476261,28.1179,8.77094,489,32009,0.85522,0.77,2,230188,229699,489
3479181,60.8236,27.3542,526,32075,0.915044,0.75,2,230257,229731,526
3482101,65.7647,59.8708,525,32141,0.943009,0.75,2,230324,229799,525
3604741,59,22,539,34798,0.65,1,1,232154,231615,539
3607661,41.4,57.2,510,34859,0.522,1,1,232191,231681,510
3610581,35.48,33.84,516,34920,0.3684,1,1,232225,231709,516
3613501,43.896,46.768,512,34981,0.25768,1,1,232271,231759,512
3616421,48.7792,34.9536,530,35041,0.155536,1,1,232321,231791,530
3619341,88.9558,60.5907,562,35101,0.103107,1,1,232420,231858,562
3622261,44.1912,83.3181,506,35161,0.0606214,1,1,232453,231947,506
3625181,36.0382,43.0636,507,35221,0.0841243,1,1,232487,231980,507
3628101,24.8076,35.0127,496,35281,0.0568249,0.96,1,232509,232013,496
3631021,22.5615,26.2025,494,35341,0.035365,0.9,1,232531,232037,494
3633941,25.3123,30.0405,489,35401,0.063073,0.83,1,232557,232068,489
3636861,43.4625,27.6081,510,35461,0.0366146,0.65,1,232605,232095,510
3639781,31.8925,52.7216,480,35521,0.0633229,0.49,1,232634,232154,480
3642701,27.9785,40.1443,470,35581,0.0846646,0.33,1,232661,232191,470
3645621,39.9957,35.2289,479,35640,0.0729329,0.23,1,232704,232225,479
3648541,9.59914,43.8458,435,35699,0.0705866,0.13,1,232706,232271,435
3651461,34.7198,48.7692,426,35758,0.102117,0.09,1,232747,232321,426
3654381,84.544,88.9538,424,35817,0.0764235,0.05,1,232844,232420,424
3657301,46.5088,44.1908,428,35876,0.0152847,0.09,1,232881,232453,428
3660221,34.9018,36.0382,426,35935,0.0750569,0.05,1,232913,232487,426
3663141,22.9804,24.8076,424,35994,0.103011,0.03,1,232933,232509,424
3666061,22.9961,22.5615,425,36053,0.0926023,0.07,1,232956,232531,425
3668981,23.7992,25.3123,423,36112,0.12252,0.03,1,232980,232557,423
3671901,43.1598,43.4625,423,36171,0.128504,0.07,1,233028,232605,423
3674821,35.032,31.8925,427,36229,0.129701,0.09,1,233061,232634,427
3677741,26.2064,27.9785,424,36287,0.12994,0.07,1,233085,232661,424
3680661,40.4413,39.9957,425,36345,0.065988,0.07,1,233129,232704,425
3683581,9.68826,9.59914,425,36403,0.0691976,0.11,1,233131,232706,425
3686501,36.3377,34.7198,427,36461,0.0858395,0.07,1,233174,232747,427
3689421,81.6675,84.544,423,36519,0.169168,0,1,233267,232844,423
3692341,45.1335,46.5088,422,36577,0.185834,0.09,1,233303,232881,422
3695261,36.2267,34.9018,424,36635,0.205167,0.11,1,233337,232913,424
3698181,24.0453,22.9804,425,36693,0.177033,0.09,1,233358,232933,425
3701101,24.0091,22.9961,426,36751,0.235407,0.13,1,233382,232956,426
3704021,24.0018,23.7992,426,36809,0.263081,0.13,1,233406,232980,426
3706941,43.2004,43.1598,426,36866,0.268616,0.13,1,233454,233028,426
3709861,35.0401,35.032,426,36923,0.221723,0.13,1,233487,233061,426
3712781,26.208,26.2064,426,36980,0.228345,0.05,1,233511,233085,426
3715701,39.6416,40.4413,425,37037,0.245669,0.07,1,233554,233129,425
3718621,9.52832,9.68826,425,37094,0.249134,0.09,1,233556,233131,425
3721541,37.9057,36.3377,427,37151,0.281827,0.09,1,233601,233174,427
3724461,82.7811,7.26753,521,37208,0.304365,0.19,1,233695,233174,521
3727381,46.1562,75.8535,465,37265,0.356873,0.19,1,233732,233267,465
3730301,37.2312,43.9707,464,37322,0.383375,0.21,1,233767,233303,464
3733221,24.2462,35.9941,451,37379,0.372675,0.17,1,233788,233337,451
3736141,25.6493,23.9988,456,37436,0.434535,0.25,1,233814,233358,456
3739061,24.3299,23.9998,456,37492,0.430907,0.27,1,233838,233382,456
3741981,43.266,24,480,37548,0.430181,0.27,1,233886,233406,480
3744901,35.0532,43.2,465,37604,0.414036,0.21,1,233919,233454,465
3747821,26.2106,35.04,456,37660,0.458807,0.23,1,233943,233487,456
3750741,38.8421,26.208,474,37716,0.483761,0.25,1,233985,233511,474
3753661,9.36843,39.6416,433,37772,0.488752,0.25,1,233987,233554,433
3756581,41.0737,9.52832,480,37828,0.48975,0.29,1,234036,233556,480
3759501,84.2147,37.9057,530,37884,0.50595,0.31,1,234131,233601,530
3762421,48.8429,82.7811,476,37940,0.50919,0.37,1,234171,233695,476
3765341,38.5686,46.1562,475,37996,0.573838,0.39,1,234207,233732,475
3768261,25.3137,37.2312,462,38052,0.602768,0.37,1,234229,233767,462
3771181,25.8627,24.2462,467,38108,0.624554,0.45,1,234255,233788,467
3774101,25.1725,25.6493,466,38163,0.612911,0.43,1,234280,233814,466
3777021,43.4345,24.3299,490,38218,0.626582,0.43,1,234328,233838,490
3779941,36.6869,43.266,477,38273,0.645316,0.41,1,234363,233886,477
3782861,26.5374,35.0532,468,38328,0.649063,0.47,1,234387,233919,468
3785781,39.7075,26.2106,487,38383,0.665813,0.49,1,234430,233943,487
3788701,9.5415,38.8421,447,38438,0.669163,0.49,1,234432,233985,447
3791621,41.1083,9.36843,494,38493,0.669833,0.49,1,234481,233987,494
3794541,85.0217,41.0737,541,38548,0.717967,0.51,1,234577,234036,541
3797461,49.0043,84.2147,486,38603,0.759593,0.51,2,234617,234131,486
3800381,11.4009,48.8429,448,38658,0.767919,0.59,2,234619,234171,448
3803301,34.2802,38.5686,452,38713,0.737584,0.61,1,234659,234207,452
3806221,24.456,25.3137,452,38768,0.747517,0.63,1,234681,234229,452
3809141,26.4912,25.8627,453,38822,0.733503,0.61,1,234708,234255,453
3812061,24.4982,25.1725,452,38876,0.794701,0.63,2,234732,234280,452
3814981,44.0996,43.4345,453,38930,0.80694,0.65,2,234781,234328,453
3817901,37.6199,36.6869,454,38984,0.777388,0.65,2,234817,234363,454
3820821,26.724,26.5374,454,39038,0.803478,0.67,2,234841,234387,454
3823741,41.3448,39.7075,456,39092,0.792696,0.67,2,234886,234430,456
3826661,9.86896,9.5415,456,39146,0.806539,0.67,2,234888,234432,456
3829581,41.1738,41.1083,456,39200,0.825308,0.73,2,234937,234481,456
3832501,87.4348,85.0217,459,39254,0.813062,0.77,2,235036,234577,459
3835421,50.287,49.0043,460,39308,0.890612,0.77,2,235077,234617,460
3838341,11.6574,11.4009,460,39362,0.906123,0.73,2,235079,234619,460
3841261,33.5315,34.2802,459,39416,0.925225,0.75,2,235118,234659,459
4012081,77,86,492,19203,0.07,0.87,1,237303,236811,492
4015001,134.6,105.2,531,19314,0.022,0.63,1,237452,236921,531
4017921,62.92,110.64,464,19424,0.0764,0.43,1,237497,237033,464
4020841,46.984,62.928,456,19533,0.08728,0.35,1,237540,237084,456
4023761,35.7968,39.7856,455,19642,0.105456,0.33,1,237573,237118,455
4026681,67.1594,31.9571,500,19750,0.125091,0.03,1,237648,237148,500
4029601,75.0319,68.7914,499,19857,0.129018,0.07,1,237725,237226,499
4032521,135.006,75.3583,572,19964,0.0978037,0.01,1,237875,237303,572
4035441,63.0013,134.272,468,20070,0.107561,0.09,1,237920,237452,468
4038361,47.0003,62.8543,466,20176,0.0935121,0.09,1,237963,237497,466
4041281,38.2001,46.9709,459,20281,0.106702,0.11,1,237999,237540,459
4044201,68.44,35.7942,502,20386,0.14134,0.13,1,238075,237573,502
4047121,77.688,67.1588,507,20490,0.100268,0.13,1,238155,237648,507
4050041,131.538,75.0318,575,20594,0.156054,0.09,1,238300,237725,575
4052961,63.1075,135.006,471,20697,0.183211,0.11,1,238346,237875,471
4055881,46.2215,63.0013,468,20799,0.204642,0.09,1,238388,237920,468
4058801,38.8443,47.0003,462,20901,0.256928,0.11,1,238425,237963,462
4061721,70.1689,38.2001,504,21002,0.283386,0.15,1,238503,237999,504
4064641,15.6338,68.44,430,21103,0.288677,0.09,1,238505,238075,430
4067561,65.5268,77.688,428,21204,0.305735,0.17,1,238583,238155,428
4070481,130.705,131.538,430,21304,0.389147,0.19,1,238730,238300,430
4073401,63.7411,63.1075,431,21404,0.437829,0.21,1,238777,238346,431
4076321,47.9482,46.2215,433,21503,0.415566,0.27,1,238821,238388,433
4079241,40.7896,38.8443,435,21602,0.459113,0.29,1,238860,238425,435
4082161,71.3579,70.1689,436,21700,0.499823,0.29,1,238939,238503,436
4085081,15.8716,15.6338,436,21798,0.507964,0.31,1,238941,238505,436
4088001,66.3743,65.5268,437,21895,0.557593,0.41,1,239020,238583,437
4090921,134.875,130.705,442,21992,0.615519,0.45,1,239172,238730,442
4093841,64.575,63.7411,442,22088,0.723104,0.41,1,239219,238777,442
4096761,48.115,47.9482,442,22184,0.712621,0.47,1,239263,238821,442
4099681,41.623,40.7896,443,22280,0.726524,0.51,1,239303,238860,443
4102601,74.7246,71.3579,447,22375,0.793305,0.51,2,239386,238939,447
4105521,16.5449,15.8716,447,22470,0.774661,0.57,2,239388,238941,447
4108441,68.909,66.3743,450,22564,0.818932,0.57,2,239470,239020,450
4111361,136.982,13.2749,604,22658,0.859786,0.63,2,239624,239020,604
4114281,68.1964,124.255,503,22752,0.883957,0.75,2,239675,239172,503
4117201,48.8393,62.451,500,22845,0.888792,0.71,2,239719,239219,500
4120121,43.3679,47.6902,498,22938,0.889758,0.73,2,239761,239263,498
4123041,75.8736,41.538,542,23030,0.921952,0.81,2,239845,239303,542
4125961,16.7747,74.7076,461,23122,0.92839,0.77,2,239847,239386,461
4128881,69.7549,16.5415,542,23214,0.945678,0.83,2,239930,239388,542
4131801,140.351,68.9083,618,23305,0.933136,0.87,2,240088,239470,618
4134721,69.6702,136.982,516,23396,0.930627,0.89,2,240140,239624,516
4315761,32,0,520,28471,0.85,1,2,243632,243112,520
4318681,48,35.2,528,28545,0.786,1,2,243684,243156,528
4321601,51.2,50.24,526,28619,0.7732,1,2,243736,243210,526
4324521,142.24,52.448,638,28693,0.53064,1,1,243901,243263,638
4327441,55.648,146.49,502,28767,0.466128,0.95,1,243935,243433,502
4330361,40.7296,51.6979,511,28841,0.405226,0.91,1,243972,243461,511
4333281,26.5459,41.5396,495,28914,0.393045,0.97,1,243995,243500,495
4336201,29.3092,29.1079,499,28987,0.326609,0.8,1,244025,243526,499
4339121,37.8618,34.6216,503,29060,0.265322,0.81,1,244065,243562,503
4342041,31.5724,37.3243,495,29133,0.237064,0.85,1,244095,243600,495
4344961,44.7145,33.0649,511,29206,0.167413,0.77,1,244143,243632,511
4347881,48.9429,48.213,509,29278,0.137483,0.77,1,244193,243684,509
4350801,130.589,51.2426,608,29350,0.131497,0.47,1,244344,243736,608
4353721,52.5177,142.249,476,29422,0.114299,0.45,1,244377,243901,476
4356641,36.9035,55.6497,475,29494,0.14286,0.39,1,244410,243935,475
4359561,25.7807,40.7299,461,29566,0.132572,0.39,1,244433,243972,461
4362481,28.3561,26.546,467,29638,0.0825144,0.31,1,244462,243995,467
4365401,35.2712,29.3092,474,29709,0.168503,0.25,1,244499,244025,474
4368321,29.4542,37.8618,462,29780,0.169701,0.23,1,244527,244065,462
4371241,7.49085,31.5724,434,29851,0.16994,0.15,1,244529,244095,434
4374161,35.8982,44.7145,429,29922,0.201988,0.13,1,244572,244143,429
4377081,47.1796,48.9429,429,29993,0.176398,0.13,1,244622,244193,429
4380001,129.436,130.589,428,30064,0.28328,0.11,1,244772,244344,428
4382921,51.4872,52.5177,427,30134,0.320656,0.15,1,244804,244377,427
4385841,38.2974,36.9035,429,30204,0.312131,0.13,1,244839,244410,429
4388761,25.2595,25.7807,428,30274,0.358426,0.07,1,244861,244433,428
4391681,28.2519,28.3561,428,30344,0.351685,0.19,1,244890,244462,428
4394601,36.0504,35.2712,429,30414,0.398337,0.17,1,244928,244499,429
4397521,31.2101,29.4542,431,30484,0.423667,0.17,1,244958,244527,431
4400441,7.84201,7.49085,431,30553,0.428733,0.21,1,244960,244529,431
4403361,35.1684,35.8982,430,30622,0.461747,0.17,1,245002,244572,430
4406281,47.8337,47.1796,431,30691,0.468349,0.31,1,245053,244622,431
4409201,132.767,129.436,435,30760,0.50167,0.33,1,245207,244772,435
4412121,52.9533,51.4872,436,30829,0.540334,0.31,1,245240,244804,436
4415041,40.1907,38.2974,438,30898,0.580067,0.37,1,245277,244839,438
4417961,25.6381,25.2595,438,30966,0.604013,0.35,1,245299,244861,438
4420881,29.1276,28.2519,439,31034,0.608803,0.41,1,245329,244890,439
4423801,37.8255,36.0504,441,31102,0.625761,0.43,1,245369,244928,441
4426721,33.1651,31.2101,443,31170,0.661152,0.43,1,245401,244958,443
4429641,8.23302,7.84201,443,31238,0.66823,0.47,1,245403,244960,443
4432561,35.2466,35.1684,443,31306,0.669646,0.47,1,245445,245002,443
4435481,48.6493,7.03368,495,31374,0.685929,0.47,1,245497,245002,495
4438401,135.33,42.2067,601,31441,0.753186,0.51,2,245654,245053,601
4441321,54.266,131.641,481,31508,0.814637,0.55,2,245688,245207,481
4444241,42.0532,52.7283,487,31575,0.858927,0.59,2,245727,245240,487
4447161,26.8106,40.1457,473,31642,0.851785,0.61,2,245750,245277,473
4450081,30.1621,25.6291,482,31709,0.834357,0.61,2,245781,245299,482
4453001,38.0324,29.1258,492,31776,0.846871,0.63,2,245821,245329,492
4455921,33.2065,37.8252,484,31843,0.865374,0.67,2,245853,245369,484
4458841,8.2413,33.165,454,31909,0.869075,0.67,2,245855,245401,454
4461761,36.8483,8.23301,496,31975,0.853815,0.67,2,245899,245403,496
4464681,50.5697,35.2466,508,32041,0.850763,0.69,2,245953,245445,508
4467601,139.714,48.6493,618,32107,0.882153,0.77,2,246115,245497,618
4470521,55.9428,135.33,496,32173,0.904431,0.83,2,246150,245654,496
4473441,43.9886,54.266,503,32239,0.892886,0.87,2,246191,245688,503
4476361,26.3977,42.0532,486,32305,0.906577,0.85,2,246213,245727,486
4479281,29.2795,26.8106,493,32370,0.909315,0.83,2,246243,245750,493
4482201,38.6559,30.1621,503,32435,0.893863,0.85,2,246284,245781,503
4485121,34.9312,38.0324,497,32500,0.890773,0.87,2,246318,245821,497
4488041,8.58624,33.2065,467,32565,0.922155,0.87,2,246320,245853,467
4490961,35.3172,8.2413,507,32630,0.928431,0.85,2,246362,245855,507
4616521,30,37,505,35308,0.95,1,2,248248,247743,505
4619441,36.4,33,511,35368,0.902,1,2,248286,247775,511
4622361,32.08,29.8,513,35428,0.9324,1,2,248317,247804,513
4761061,71,193,489,17042,0.09,0.57,1,250427,249938,489
4763981,83.8,112.2,484,17167,0.138,0.59,1,250514,250030,484
4766901,58.36,66.44,481,17291,0.2276,0.43,1,250566,250085,481
4769821,32.472,54.888,455,17414,0.21352,0.43,1,250592,250137,455
4772741,158.494,27.7776,624,17536,0.306704,0.13,1,250782,250158,624
4775661,87.6989,163.956,496,17657,0.357341,0.09,1,250852,250356,496
4778581,89.5398,89.5911,515,17777,0.367468,0.15,1,250942,250427,515
4781501,61.908,87.5182,483,17896,0.385494,0.25,1,250997,250514,483
4784421,33.1816,59.1036,457,18015,0.389099,0.21,1,251023,250566,457
4787341,8.23632,32.6207,433,18133,0.38982,0.33,1,251025,250592,433
4790261,157.647,158.524,438,18250,0.421964,0.37,1,251220,250782,438
4793181,89.1295,87.7048,440,18366,0.460393,0.37,1,251292,250852,440
4796101,89.8259,89.541,440,18482,0.516079,0.39,1,251382,250942,440
4799021,62.7652,61.9082,441,18597,0.543216,0.39,1,251438,250997,441
4801941,34.153,33.1816,442,18711,0.612643,0.39,1,251465,251023,442
4804861,8.43061,8.23633,442,18824,0.626529,0.43,1,251467,251025,442
4807781,158.486,157.647,443,18937,0.693306,0.47,1,251663,251220,443
4810701,90.8972,89.1295,445,19049,0.770661,0.53,2,251737,251292,445
4813621,91.7794,89.8259,447,19160,0.834132,0.55,2,251829,251382,447
4816541,64.7559,62.7652,449,19271,0.830826,0.63,2,251887,251438,449
4819461,36.1512,34.153,451,19381,0.846165,0.63,2,251916,251465,451
4822381,8.83024,8.43061,451,19490,0.849233,0.71,2,251918,251467,451
4825301,163.366,158.486,457,19599,0.913847,0.71,2,252120,251663,457
4828221,94.2732,31.6972,534,19707,0.894769,0.79,2,252197,251663,534
4831141,94.0546,65.5394,554,19815,0.858954,0.85,2,252291,251737,554
4834061,65.2109,86.7079,520,19922,0.899791,0.83,2,252349,251829,520
4920201,36,31,512,22900,0.57,1,1,254323,253811,512
4923121,161.6,28.6,677,22993,0.426,1,1,254516,253839,677
4926041,58.72,169.72,505,23085,0.3492,1,1,254549,254044,505
4928961,36.544,61.144,502,23177,0.38184,1,1,254580,254078,502
4931881,64.9088,37.8288,542,23268,0.388368,0.99,1,254652,254110,542
4934801,69.7818,68.3658,537,23359,0.373674,0.85,1,254723,254186,537
4937721,33.1564,76.0732,483,23450,0.386735,0.77,1,254747,254264,483
4940641,30.6313,33.6146,490,23540,0.405347,0.57,1,254777,254287,490
4943561,152.526,35.5229,637,23630,0.393069,0.39,1,254960,254323,637
4946481,55.3053,161.505,475,23720,0.406614,0.33,1,254991,254516,475
4949401,35.8611,58.7009,473,23809,0.361323,0.39,1,255022,254549,473
4952321,63.1722,36.5402,512,23898,0.384265,0.39,1,255092,254580,512
4955241,68.6344,64.908,510,23987,0.388853,0.37,1,255162,254652,510
4958161,15.3269,69.7816,441,24075,0.389771,0.39,1,255164,254723,441
4961081,23.0654,33.1563,442,24163,0.421954,0.41,1,255189,254747,442
4964001,28.6131,30.6313,442,24251,0.460391,0.39,1,255219,254777,442
4966921,151.323,152.526,441,24338,0.548078,0.41,1,255401,254960,441
4969841,55.8645,55.3053,442,24425,0.549616,0.35,1,255433,254991,442
4972761,33.5729,35.8611,439,24512,0.613923,0.39,1,255461,255022,439
4975681,64.3146,63.1722,441,24598,0.642785,0.39,1,255533,255092,441
4978601,69.6629,68.6344,442,24684,0.712557,0.39,1,255604,255162,442
4981521,15.5326,15.3269,442,24770,0.726511,0.43,1,255606,255164,442
4984441,23.9065,23.0654,443,24856,0.745302,0.47,1,255632,255189,443
4987361,28.7813,28.6131,443,24941,0.78106,0.57,2,255662,255219,443
4990281,155.356,151.323,448,25026,0.852212,0.55,2,255849,255401,448
4993201,58.2713,55.8645,450,25111,0.866442,0.63,2,255883,255433,450
4996121,34.8543,33.5729,451,25195,0.901289,0.65,2,255912,255461,451
4999041,66.9708,64.3146,454,25279,0.892258,0.73,2,255987,255533,454
5001961,73.3942,69.6629,458,25363,0.874452,0.73,2,256062,255604,458
5004881,16.2788,15.5326,458,25447,0.87089,0.73,2,256064,255606,458
5007801,24.0558,3.10652,484,25530,0.870178,0.75,2,256090,255606,484
5010721,29.6112,21.4213,489,25613,0.886036,0.79,2,256121,255632,489
5013641,157.922,28.2843,649,25696,0.953207,0.87,2,256311,255662,649
5147961,78,172,475,12750,0.03,0,1,258959,258484,475
5150881,66.8,113.6,440,12917,0.03,0.03,1,259023,258583,440
5153801,92.56,104.32,437,13082,0.006,0.01,1,259122,258685,437
5156721,164.112,177.664,423,13244,0.0252,0.03,1,259304,258881,423
5159641,95.2224,97.9328,423,13404,0.06104,0.03,1,259382,258959,423
5162561,69.4445,70.7866,422,13563,0.036208,0,1,259445,259023,422
