#Ack,ack_ewma(ms),send_ewma(ms),rtt_ratio,cwnd (Bytes),Last Router Ocupation Ack Arriaval(Packets),Last Router Ocupation Packet Sent(Packets),Network Situation,AckArrival(ms),TSInsideAck(ms),RTTAck(ms)
7301,21,0,525,18980,0.81,1,2,160988,160463,525
10221,25,0,551,21900,0.826,1,2,161014,160463,551
13141,27.4,0,579,24820,0.8292,1,2,161042,160463,579
14601,176.68,0,793,27740,0.52584,0.85,1,161256,160463,793
17521,153.736,383.2,462,29200,0.465168,0.85,1,161404,160942,462
20441,47.5472,96.64,458,32120,0.517034,0.85,1,161425,160967,458
23361,11.1094,19.328,460,35040,0.527407,0.81,1,161427,160967,460
26281,21.4219,20.6656,463,37960,0.641481,0.81,1,161451,160988,463
29201,5.88438,4.13312,465,40880,0.648296,0.83,1,161453,160988,465
32121,19.5769,21.6266,462,43800,0.729659,0.83,1,161476,161014,462
35041,5.51537,4.32532,464,46720,0.761932,0.83,2,161478,161014,464
37961,20.3031,23.2651,460,49640,0.848386,0.83,2,161502,161042,460
40881,5.66061,4.65301,462,52560,0.897677,0.45,2,161504,161042,462
267701,634,432,626,1460,0.09,0,1,165128,164502,626
270621,467.6,587.2,426,2920,0.234,0,1,165554,165128,426
273541,439.92,458.24,433,5840,0.4868,0.27,1,165987,165554,433
276461,89.584,91.648,435,8760,0.50536,0.55,1,165989,165554,435
279381,373.917,364.73,447,11680,0.717072,0.55,1,166434,165987,447
282301,76.3834,72.9459,449,14600,0.759414,0.51,2,166436,165987,449
285221,16.8767,16.1892,449,17520,0.799883,0.51,2,166438,165989,449
288141,4.97533,3.23784,451,20440,0.775977,0.77,2,166440,165989,451
404941,83,85,421,43800,0.15,0.05,1,168508,168087,421
412241,58.2,58.6,421,43800,0.15,0.15,1,168560,168139,421
454581,141.24,135.72,428,43800,0.374,0.15,1,168722,168294,428
457501,48.248,35.144,443,45260,0.3868,0.17,1,168747,168304,443
460421,21.6496,25.4288,435,46720,0.54936,0.17,1,168762,168327,435
463341,13.9299,13.8858,436,48180,0.581872,0.11,1,168774,168338,436
466261,25.186,15.5772,448,49640,0.668374,0.15,1,168802,168354,448
469181,11.4372,19.1154,436,51100,0.669675,0.15,1,168810,168374,436
472101,13.4874,13.4231,438,51100,0.685935,0.19,1,168824,168386,438
475021,31.4975,16.2846,457,51100,0.689187,0.29,1,168860,168403,457
477941,26.2995,20.8569,460,51100,0.689837,0.33,1,168885,168425,460
480861,37.2599,32.9714,464,51100,0.721967,0.15,1,168925,168461,464
483781,26.652,44.1943,441,51100,0.664393,0.11,1,168949,168508,441
486701,28.5304,29.6389,444,52560,0.652879,0.15,1,168978,168534,444
489621,24.1061,26.7278,441,52560,0.666576,0.21,1,169001,168560,441
492541,25.6212,26.1456,441,52560,0.733315,0.19,1,169027,168586,441
495461,14.7242,22.0291,432,52560,0.714663,0.21,1,169039,168607,432
498381,108.545,6.00582,562,52560,0.886933,0.43,2,169171,168609,562
683801,93,109,465,40880,0.27,0.83,1,170834,170369,465
686721,34.6,29,476,42340,0.254,0.85,1,170854,170378,476
689641,24.52,25,474,43800,0.2348,0.81,1,170876,170402,474
692561,23.304,24.2,473,43800,0.27896,0.81,1,170899,170426,473
695481,22.2608,23.24,472,45260,0.271792,0.98,1,170921,170449,472
698401,27.6522,23.848,477,45260,0.398358,0.96,1,170950,170473,477
701321,73.5304,19.1696,544,45260,0.375672,0.57,1,171035,170491,544
704241,47.5061,94.2339,472,45260,0.419134,0.49,1,171076,170604,472
707161,22.3012,46.8468,453,45260,0.507827,0.47,1,171092,170639,453
710081,24.4602,26.9694,456,45260,0.621565,0.43,1,171117,170661,456
713001,29.692,18.9939,470,45260,0.676313,0.43,1,171148,170678,470
715921,33.1384,40.5988,458,46720,0.767263,0.41,2,171182,170724,458
718841,21.0277,28.1198,451,46720,0.817453,0.39,2,171200,170749,451
721761,30.6055,21.624,464,46720,0.891491,0.27,2,171233,170769,464
724681,32.5211,41.9248,450,46720,0.890298,0.27,2,171266,170816,450
891121,38,41,481,36500,0.51,0.73,1,172985,172504,481
894041,41.2,56.2,463,37960,0.574,0.53,1,173027,172564,463
896961,43.44,45.64,464,39420,0.6188,0.35,1,173071,172607,464
899881,32.688,38.728,457,40880,0.64376,0.21,1,173101,172644,457
902801,34.5376,38.9456,453,42340,0.616752,0.11,1,173136,172683,453
905721,46.1075,41.3891,460,42340,0.56335,0.03,1,173185,172725,460
908641,38.0215,54.6778,438,42340,0.64867,0.13,1,173221,172783,438
911561,29.2043,30.9356,440,42340,0.729734,0.13,1,173248,172808,440
914481,22.6409,25.3871,437,42340,0.841947,0.11,2,173269,172832,437
917401,14.1282,17.0774,434,42340,0.800389,0.15,2,173281,172847,434
920321,13.2256,15.4155,432,43800,0.760078,0.31,2,173294,172862,432
1054641,18,18,505,49640,0.86,1,2,174775,174270,505
1057561,10,11.6,503,49640,0.876,1,2,174783,174280,503
1060481,19.6,10.32,515,49640,0.8712,1,2,174805,174290,515
1063401,34.32,48.464,495,49640,0.82224,1,2,174843,174348,495
1066321,43.664,31.2928,514,49640,0.732448,1,1,174889,174375,514
1069241,10.3328,26.2586,491,49640,0.73049,1,1,174891,174400,491
1072161,41.2666,62.0517,469,49640,0.586098,1,1,174940,174471,469
1075081,41.8533,36.4103,481,49640,0.79722,0.97,2,174982,174501,481
1078001,29.9707,29.6821,480,49640,0.783444,1,2,175009,174529,480
1080921,38.7941,35.5364,484,49640,0.772689,1,2,175050,174566,484
1083841,27.7588,31.1073,479,49640,0.738538,0.99,1,175075,174596,479
1086761,24.7518,31.0215,472,49640,0.699708,0.95,1,175099,174627,472
1089681,24.1504,28.6043,468,49640,0.707942,0.97,1,175123,174655,468
1092601,25.6301,26.5209,468,49640,0.661588,0.97,1,175149,174681,468
1095521,25.926,27.7042,466,49640,0.684318,0.95,1,175175,174709,466
1098441,24.3852,27.9408,462,49640,0.736864,0.93,1,175199,174737,462
1101361,21.677,21.5882,463,49640,0.779373,0.86,2,175220,174757,463
1104281,20.3354,18.7176,465,49640,0.771875,0.88,2,175240,174775,465
1107201,11.2671,10.1435,466,49640,0.722375,0.87,1,175249,174783,466
1110121,18.2534,19.6287,464,49640,0.680475,0.81,1,175269,174805,464
1113041,31.6507,34.3257,461,49640,0.736095,0.71,1,175304,174843,461
1645941,30,0,518,58400,0.72,1,1,180483,179965,518
1648861,27.6,16,525,58400,0.568,1,1,180510,179985,525
1651781,27.92,23.2,528,58400,0.4576,1,1,180538,180010,528
1654701,27.984,27.04,528,58400,0.33952,1,1,180566,180038,528
1657621,28.7968,27.008,530,58400,0.171904,1,1,180595,180065,530
1660541,25.7594,22.2016,534,58400,0.0583808,1,1,180620,180086,534
1662001,24.3519,14.0403,546,59860,0.0196762,1,1,180644,180098,546
1673681,356.07,451.608,424,40880,0.459935,0.01,1,181083,180659,424
1729161,145.614,167.122,421,40880,0.627987,0,1,181176,180755,421
1732081,55.5228,51.8243,431,42340,0.709597,0.15,1,181209,180778,431
1735001,23.1046,23.1649,430,43800,0.88592,0.13,2,181224,180794,430
1737921,36.6209,24.633,445,43800,0.857184,0.13,2,181264,180819,445
1740841,43.3242,52.1266,431,45260,0.899437,0.23,2,181309,180878,431
1914581,11,15,449,33580,0.03,0.33,1,183199,182750,449
1917501,51.8,27.8,480,35040,0.062,0.07,1,183261,182781,480
1920421,71.16,59.96,488,36500,0.0124,0.01,1,183337,182849,488
1923341,31.832,67.192,441,37960,0.01048,0.05,1,183359,182918,441
1926261,31.1664,39.0384,440,39420,0.154096,0.03,1,183390,182950,440
1929181,24.6333,31.8077,433,40880,0.150819,0.01,1,183413,182980,433
1932101,48.9267,25.5615,464,40880,0.0381638,0.38,1,183468,183004,464
1935021,28.1853,33.9123,451,42340,0.0956328,0.32,1,183491,183040,451
1937941,22.4371,28.3825,445,42340,0.0911266,0.21,1,183512,183067,445
1940861,31.6874,24.8765,455,42340,0.0742253,0.11,1,183546,183091,455
1943781,29.5375,36.1753,445,42340,0.118845,0.01,1,183575,183130,445
1946701,33.9075,33.6351,447,42340,0.143769,0.03,1,183610,183163,447
1949621,17.9815,35.527,425,42340,0.260754,0.07,1,183624,183199,425
1952541,55.5963,56.7054,428,43800,0.284151,0.07,1,183689,183261,428
1955461,66.3193,11.3411,497,43800,0.19283,0,1,183758,183261,497
1958381,14.8639,63.0682,423,43800,0.142566,0.01,1,183760,183337,423
1961301,21.3728,30.2136,424,43800,0.0365132,0.01,1,183783,183359,424
1964221,33.0746,6.04273,460,43800,0.0473026,0.19,1,183819,183359,460
1967141,8.21491,26.0085,431,45260,0.0494605,0.15,1,183821,183390,431
1970061,16.843,23.6017,427,45260,0.113892,0.01,1,183840,183413,427
1972981,44.9686,48.7203,424,45260,0.0227784,0.01,1,183892,183468,424
1975901,32.1937,9.74407,453,45260,0.0445557,0.11,1,183921,183468,453
1978821,20.0387,20.3488,447,45260,0.0489111,0.09,1,183938,183491,447
1981741,31.2077,20.8698,460,45260,0.0977822,0.07,1,183972,183512,460
1984661,31.8415,31.374,458,45260,0.139556,0.13,1,184004,183546,458
1987581,37.5683,29.4748,468,45260,0.179911,0.15,1,184043,183575,468
1990501,16.3137,33.895,444,45260,0.235982,0.29,1,184054,183610,444
1993421,4.86273,17.979,432,45260,0.247196,0.29,1,184056,183624,432
1996341,53.7725,55.5958,433,45260,0.297439,0.17,1,184122,183689,433
1999261,57.9545,66.3192,423,46720,0.323488,0.13,1,184181,183758,423
2002181,13.1909,14.8638,423,46720,0.328698,0.01,1,184183,183760,423
2005101,20.2382,21.3728,422,46720,0.36174,0.05,1,184205,183783,422
2008021,34.4476,33.0746,424,46720,0.320348,0.05,1,184243,183819,424
2010941,8.48953,6.61491,426,46720,0.28007,0.05,1,184245,183819,426
2013861,19.2979,2.92298,446,46720,0.288014,0.13,1,184267,183821,446
2016781,40.6596,15.7846,473,46720,0.0576028,0,1,184313,183840,473
2019701,33.7319,44.7569,453,46720,0.0515206,0.05,1,184345,183892,453
2022621,21.1464,32.1514,442,46720,0.0503041,0.05,1,184363,183921,442
2025541,33.8293,20.0303,462,46720,0.0820608,0.11,1,184400,183938,462
2028461,32.3659,31.2061,460,48180,0.0884122,0.15,1,184432,183972,460
2031381,40.8732,31.8412,471,48180,0.0896824,0.19,1,184475,184004,471
2034301,17.7746,37.5682,444,48180,0.0899365,0.25,1,184487,184043,444
2037221,5.15493,16.3136,435,48180,0.0899873,0.25,1,184489,184054,435
2040141,54.631,4.86273,500,48180,0.0899975,0.31,1,184556,184056,500
2043061,12.5262,53.7725,436,48180,0.0899995,0.33,1,184558,184122,436
2045981,52.9052,57.9545,440,48180,0.154,0.33,1,184621,184181,440
2048901,12.181,13.1909,440,48180,0.1668,0.37,1,184623,184183,440
2051821,16.8362,20.2382,436,48180,0.20136,0.31,1,184641,184205,436
2054741,32.9672,34.4476,435,48180,0.240272,0.27,1,184678,184243,435
2057661,8.19345,8.48953,435,48180,0.248054,0.29,1,184680,184245,435
2060581,22.4387,19.2979,439,48180,0.265611,0,1,184706,184267,439
2063501,28.4877,40.6596,423,48180,0.205122,0.05,1,184736,184313,423
2066421,32.0975,33.7319,424,48180,0.0810244,0.05,1,184769,184345,424
2069341,20.8195,21.1464,424,48180,0.0882049,0.09,1,184787,184363,424
2072261,36.1639,33.8293,427,48180,0.105641,0.09,1,184827,184400,427
2075181,30.4328,6.76585,456,48180,0.0931282,0.09,1,184856,184400,456
2078101,41.2866,26.9532,468,49640,0.138626,0.09,1,184900,184432,468
2081021,17.8573,39.7906,437,49640,0.147725,0.09,1,184912,184475,437
2083941,5.17146,17.5581,427,49640,0.165545,0.09,1,184914,184487,427
2086861,54.6343,5.11163,492,49640,0.169109,0.09,1,184981,184489,492
2089781,12.5269,54.6223,427,49640,0.169822,0.09,1,184983,184556,427
2092701,56.1054,12.5245,492,49640,0.169964,0.17,1,185050,184558,492
2095621,12.8211,52.9049,431,49640,0.169993,0.17,1,185052,184621,431
2098541,16.9642,12.181,447,49640,0.233999,0.21,1,185070,184623,447
2101461,34.5928,16.8362,468,49640,0.2628,0.25,1,185109,184641,468
2104381,8.51857,32.9672,433,49640,0.26856,0.25,1,185111,184678,433
2107301,24.9037,8.19345,460,49640,0.253712,0.27,1,185140,184680,460
2110221,24.1807,22.4387,458,49640,0.250742,0.19,1,185164,184706,458
2113141,27.2361,28.4877,456,49640,0.250148,0.05,1,185192,184736,456
2116061,19.8472,32.0975,441,49640,0.25003,0.09,1,185210,184769,441
2118981,38.3694,20.8195,466,49640,0.250006,0.11,1,185253,184787,466
2121901,31.6739,36.1639,456,49640,0.250001,0.09,1,185283,184827,456
2124821,7.93478,30.4328,429,49640,0.25,0.15,1,185285,184856,429
2127741,36.787,41.2866,429,49640,0.282,0.15,1,185329,184900,429
2130661,17.7574,17.8573,430,49640,0.2724,0.17,1,185342,184912,430
2133581,5.15148,5.17146,430,49640,0.30248,0.17,1,185344,184914,430
2136501,54.6303,54.6343,430,49640,0.292496,0.17,1,185411,184981,430
2139421,12.5261,12.5269,430,49640,0.290499,0.17,1,185413,184983,430
2142341,59.3052,56.1054,434,49640,0.3541,0.17,1,185484,185050,434
2145261,13.461,12.8211,434,49640,0.33482,0.25,1,185486,185052,434
2148181,17.0922,16.9642,434,49640,0.458964,0.27,1,185504,185070,434
2151101,35.4184,34.5928,435,49640,0.547793,0.27,1,185544,185109,435
2154021,8.68369,8.51857,435,49640,0.533559,0.25,1,185546,185111,435
2156941,24.1367,24.9037,434,49640,0.546712,0.25,1,185574,185140,434
2159861,24.0273,24.1807,434,49640,0.549342,0.25,1,185598,185164,434
2162781,27.2055,27.2361,434,49640,0.549868,0.25,1,185626,185192,434
2165701,19.8411,19.8472,434,49640,0.581974,0.25,1,185644,185210,434
2168621,38.3682,38.3694,434,49640,0.588395,0.25,1,185687,185253,434
2171541,31.6736,31.6739,434,49640,0.589679,0.25,1,185717,185283,434
2174461,7.93473,7.93478,434,49640,0.589936,0.29,1,185719,185285,434
2177381,36.7869,36.787,434,49640,0.589987,0.27,1,185763,185329,434
2180301,18.5574,17.7574,435,49640,0.557997,0.31,1,185777,185342,435
2183221,5.31148,5.15148,435,49640,0.583599,0.29,1,185779,185344,435
2186141,55.4623,54.6303,436,49640,0.55672,0.29,1,185847,185411,436
2189061,12.6925,12.5261,436,49640,0.551344,0.37,1,185849,185413,436
2191981,67.3385,59.3052,446,49640,0.630269,0.33,1,185930,185484,446
2194901,15.0677,13.461,446,49640,0.646054,0.49,1,185932,185486,446
2197821,17.4135,17.0922,446,49640,0.649211,0.57,1,185950,185504,446
2200741,37.0827,35.4184,448,49640,0.745842,0.53,1,185992,185544,448
2203661,9.01654,8.68369,448,49640,0.733168,0.55,1,185994,185546,448
2206581,25.0033,24.1367,449,49640,0.714634,0.55,1,186023,185574,449
2209501,24.2007,24.0273,449,49640,0.726927,0.55,1,186047,185598,449
2212421,27.2401,27.2055,449,49640,0.729385,0.59,1,186075,185626,449
2215341,19.848,19.8411,449,49640,0.761877,0.59,2,186093,185644,449
2218261,38.3696,38.3682,449,49640,0.784375,0.59,2,186136,185687,449
2221181,31.6739,31.6736,449,49640,0.788875,0.59,2,186166,185717,449
2224101,7.93478,7.93473,449,49640,0.789775,0.59,2,186168,185719,449
2227021,36.787,36.7869,449,49640,0.805955,0.55,2,186212,185763,449
2229941,18.5574,18.5574,449,49640,0.777191,0.59,2,186226,185777,449
2232861,5.31148,5.31148,449,49640,0.771438,0.55,2,186228,185779,449
2235781,55.4623,55.4623,449,49640,0.786288,0.55,2,186296,185847,449
2238701,12.6925,12.6925,449,49640,0.789258,0.65,2,186298,185849,449
2241621,71.3385,67.3385,454,49640,0.821851,0.65,2,186384,185930,454
2244541,15.8677,15.0677,454,49640,0.82837,0.65,2,186386,185932,454
2247461,17.5735,17.4135,454,49640,0.797674,0.77,2,186404,185950,454
2441641,33,30,485,39420,0.23,0.81,1,188301,187816,485
2444561,35.4,41.2,477,40880,0.286,0.79,1,188337,187860,477
2447481,32.68,34.64,476,42340,0.3772,0.47,1,188369,187893,476
2450401,40.936,58.928,454,43800,0.45144,0.27,1,188412,187958,454
2453321,37.7872,45.3856,449,45260,0.530288,0.15,1,188449,188000,449
2456241,33.9574,44.2771,438,45260,0.706058,0.03,1,188482,188044,438
2459161,48.3915,51.2554,437,45260,0.773212,0.01,2,188534,188097,437
2462081,35.2783,33.4511,440,46720,0.786642,0.07,2,188566,188126,440
2473761,19,21,426,46720,0.75,0.11,2,188650,188224,426
2476681,41.4,39.4,429,46720,0.798,0.11,2,188697,188268,429
2479601,35.48,7.88,463,48180,0.8076,0.23,2,188731,188268,463
2482521,8.696,27.976,432,48180,0.82552,0.3,2,188733,188301,432
2485441,37.7392,34.3952,441,48180,0.893104,0.3,2,188778,188337,441
2488361,33.9478,6.87904,474,48180,0.890621,0.4,2,188811,188337,474
2491281,8.38957,26.9758,444,48180,0.890124,0.47,2,188813,188369,444
2646041,28,26,496,52560,0.79,1,2,190322,189826,496
2648961,27.2,22.8,501,52560,0.79,1,2,190349,189848,501
2651881,27.04,28.56,498,52560,0.71,1,1,190376,189878,498
2654801,58.208,53.712,504,52560,0.71,1,1,190442,189938,504
2657721,34.0416,27.5424,511,52560,0.846,1,2,190470,189959,511
2660641,24.4083,19.9085,515,52560,0.8732,1,2,190492,189977,515
2663561,18.4817,27.1817,503,52560,0.87064,1,2,190509,190006,503
2666481,14.0963,26.2363,490,52560,0.870128,0.98,2,190522,190032,490
2669401,18.8193,24.4473,486,52560,0.870026,1,2,190542,190056,486
2672321,23.7639,24.0895,487,52560,0.838005,1,2,190567,190080,487
2675241,25.5528,26.4179,486,52560,0.783601,1,2,190593,190107,486
2678161,21.9106,29.2836,477,52560,0.77272,0.95,2,190614,190137,477
2681081,27.5821,27.4567,479,52560,0.898544,1,2,190643,190164,479
2684001,21.5164,25.4913,474,52560,0.907709,1,2,190663,190189,474
2686921,24.3033,26.6983,472,52560,0.845542,0.98,2,190688,190216,472
2689841,20.8607,26.1397,466,52560,0.801108,0.85,2,190708,190242,466
2692761,22.5721,25.2279,464,52560,0.840222,0.91,2,190731,190267,464
2695681,22.9144,26.6456,460,52560,0.864044,0.79,2,190754,190294,460
2698601,26.1829,27.7291,459,52560,0.884809,0.79,2,190781,190322,459
2701521,26.0366,27.1458,458,52560,0.904962,0.69,2,190807,190349,458
2924901,425,473,455,11680,0.25,0.69,1,195184,194729,455
2927821,86.6,94.6,457,14600,0.25,0.65,1,195186,194729,457
2930741,38.12,42.92,453,17520,0.362,0.65,1,195212,194759,453
2933661,9.224,8.584,455,20440,0.3844,0.25,1,195214,194759,455
3051921,255,251,427,24906,0.75,0.17,2,197454,197027,427
3054841,88.6,68.6,451,24048,0.846,0.21,2,197501,197050,451
3057761,48.12,38.52,458,22330,0.7852,0.27,2,197539,197081,458
3060681,49.624,36.504,472,20440,0.86904,0.43,2,197589,197117,472
3063601,31.5248,40.1008,458,20440,0.917808,0.55,2,197616,197158,458
3132221,41,30,515,24820,0.55,1,1,199074,198559,515
3135141,32.2,29.2,516,24820,0.486,1,1,199104,198588,516
3138061,32.84,27.44,522,24820,0.4252,1,1,199137,198615,522
3140981,26.568,32.688,513,24820,0.34904,1,1,199162,198649,513
3143901,146.914,28.1376,663,24820,0.301808,1,1,199339,198676,663
3146821,81.3827,156.828,539,24820,0.404362,0.95,1,199404,198865,539
3149741,48.2765,87.3655,509,24820,0.440872,0.69,1,199444,198935,509
3152661,38.4553,60.6731,491,24820,0.480174,0.61,1,199480,198989,491
3155581,38.0911,47.3346,485,24820,0.600035,0.55,1,199518,199033,485
3158501,29.2182,42.2669,471,24820,0.592007,0.47,1,199545,199074,471
3161421,30.6436,32.4534,472,24820,0.686401,0.41,1,199576,199104,472
3164341,24.5287,32.8907,462,24820,0.73728,0.33,1,199599,199137,462
3243181,91,85,500,29200,0.63,1,1,201286,200786,500
3246101,43,46.6,494,29200,0.614,1,1,201317,200823,494
3249021,51,51.72,494,29200,0.5308,1,1,201370,200876,494
3251941,35.8,31.944,499,30660,0.48216,1,1,201402,200903,499
3254861,27.96,6.3888,525,30660,0.520432,1,1,201428,200903,525
3257781,16.792,26.0778,508,30660,0.512086,1,1,201442,200934,508
3260701,40.1584,32.4156,520,30660,0.542417,1,1,201488,200968,520
3263621,118.432,44.0831,611,30660,0.676483,0.85,1,201626,201015,611
3266541,25.2863,127.217,465,32120,0.671297,0.79,1,201628,201163,465
3269461,26.6573,51.0433,460,32120,0.798259,0.63,2,201655,201195,460
3345381,39,27,516,43800,0.79,1,2,202751,202235,516
3348301,32.6,45.4,497,43800,0.646,1,1,202782,202285,497
3351221,32.92,38.68,493,45260,0.5052,1,1,202815,202322,493
3354141,33.784,34.136,494,45260,0.44504,1,1,202849,202355,494
3357061,32.3568,30.8272,496,45260,0.337008,1,1,202881,202385,496
3359981,32.0714,6.16544,528,46720,0.251402,1,1,202913,202385,528
3362901,34.4143,22.8331,536,46720,0.17028,1,1,202948,202412,536
3365821,74.8829,30.9666,588,48180,0.106056,1,1,203033,202445,588
3368741,35.7766,89.3933,510,48180,0.0772112,1,1,203059,202549,510
3371661,32.7553,40.2787,514,49640,0.0554422,1,1,203091,202577,514
3374581,20.9511,32.0557,502,49640,0.115088,1,1,203109,202607,502
3377501,19.3902,6.41115,521,51100,0.111018,1,1,203128,202607,521
3380421,23.878,23.6822,518,51100,0.142204,0.91,1,203153,202635,518
3383341,6.37561,41.5364,474,51100,0.132441,0.82,1,203155,202681,474
3386261,19.6751,33.1073,466,52560,0.146488,0.79,1,203178,202712,466
3389181,27.135,37.8215,456,52560,0.165298,0.61,1,203207,202751,456
3392101,26.227,32.3643,451,54020,0.13706,0.61,1,203233,202782,451
3395021,26.0454,6.47286,477,54020,0.163412,0.47,1,203259,202782,477
3397941,26.0091,27.6946,470,54020,0.184682,0.43,1,203285,202815,470
3400861,29.2018,32.7389,466,55480,0.332936,0.31,1,203315,202849,466
3403781,7.44036,32.1478,436,55480,0.362587,0.23,1,203317,202881,436
3406701,22.2881,32.0296,430,56940,0.416517,0.15,1,203343,202913,430
3409621,31.6576,34.4059,429,56940,0.619304,0.15,1,203377,202948,429
3412541,71.1315,6.88118,510,56940,0.723861,0.09,1,203458,202948,510
3415461,34.2263,69.3762,450,58400,0.792772,0.07,2,203483,203033,450
3418381,8.44526,34.6752,426,58400,0.854554,0.05,2,203485,203059,426
3421301,27.2891,32.535,426,59860,0.866911,0.13,2,203517,203091,426
3642301,433,623,433,2920,0.65,0,1,206632,206199,433
3824801,25,21,445,26280,0.27,0.23,1,210637,210192,445
3827721,16.2,17.8,442,27740,0.27,0.07,1,210651,210209,442
3830641,70.44,32.36,490,27740,0.158,0.09,1,210735,210245,490
3833561,137.288,147.272,468,27740,0.3596,0.25,1,210889,210421,468
3836481,71.4576,90.2544,447,29200,0.67192,0.27,1,210944,210497,447
3839401,50.2915,54.0509,447,29200,0.654384,0.25,1,210989,210542,447
3842321,29.2583,30.8102,446,29200,0.618877,0.29,1,211013,210567,446
3845241,25.8517,26.962,445,29200,0.675775,0.29,1,211038,210593,445
3848161,13.1703,20.5924,436,29200,0.639155,0.27,1,211048,210612,436
3851081,21.0341,24.1185,434,29200,0.663831,0.27,1,211071,210637,434
3854001,16.2068,4.8237,449,29200,0.700766,0.27,1,211086,210637,449
3856921,64.0414,12.1647,511,29200,0.740153,0.13,1,211162,210651,511
3859841,146.408,69.633,594,29200,0.892031,0.41,2,211329,210735,594
3862761,30.8817,137.127,442,29200,0.938406,0.75,2,211331,210889,442
4220461,34,25,503,30660,0.81,1,2,217808,217305,503
4223381,34.8,33,503,30660,0.554,1,1,217843,217340,503
4226301,34.96,32.2,506,30660,0.4228,1,1,217878,217372,506
4229221,32.592,32.04,506,30660,0.30056,1,1,217910,217404,506
4232141,50.5184,61.608,492,30660,0.116112,1,1,217965,217473,492
4235061,38.1037,38.7216,494,30660,0.127222,1,1,218000,217506,494
4237981,48.4207,7.74432,545,30660,0.0494445,1,1,218051,217506,545
4240901,32.0841,57.5489,503,30660,0.00988889,1,1,218079,217576,503
4243821,100.817,33.9098,593,30660,0.105978,0.94,1,218197,217604,593
4246741,51.3634,102.782,512,30660,0.205196,0.91,1,218236,217724,512
4249661,34.2727,60.5564,492,30660,0.225039,0.81,1,218266,217774,492
4252581,24.4545,39.3113,480,30660,0.245008,0.49,1,218288,217808,480
4255501,27.2909,35.8623,473,30660,0.313002,0.39,1,218316,217843,473
4258421,26.2582,35.1725,464,30660,0.2786,0.27,1,218342,217878,464
4261341,42.0516,32.6345,478,30660,0.43172,0.07,1,218388,217910,478
4264261,38.0103,50.5269,460,30660,0.670344,0.13,1,218425,217965,460
4267181,45.2021,38.1054,472,30660,0.766069,0.03,2,218472,218000,472
4270101,33.0404,48.4211,451,30660,0.721214,0,1,218502,218051,451
4357701,57,72,519,30660,0.65,1,1,219935,219416,519
4360621,85,43.2,575,30660,0.45,1,1,220027,219452,575
4363541,67.4,90.24,536,30660,0.402,1,1,220090,219554,536
4366461,41.48,64.448,513,32120,0.3924,1,1,220125,219612,513
4369381,33.896,40.8896,510,32120,0.39048,1,1,220157,219647,510
4372301,32.3792,36.1779,507,32120,0.342096,0.9,1,220189,219682,507
4375221,29.6758,33.6356,503,32120,0.316419,0.91,1,220218,219715,503
4378141,33.1352,33.1271,504,32120,0.327284,1,1,220252,219748,504
4381061,40.227,34.6254,511,32120,0.377457,0.9,1,220294,219783,511
4383981,41.6454,45.3251,505,32120,0.435491,0.79,1,220336,219831,505
4386901,47.5291,46.665,507,32120,0.511098,0.65,1,220385,219878,507
4389821,75.9058,54.933,533,32120,0.75822,0.4,2,220468,219935,533
4392741,63.1812,84.5866,501,33580,0.831644,0.39,2,220528,220027,501
4395661,14.2362,67.3173,440,33580,0.894329,0.39,2,220530,220090,440
4398581,30.0472,41.4635,439,33580,0.890866,0.39,2,220564,220125,439
4528521,180,192,449,29200,0.77,0.49,2,222832,222383,449
4556261,46.4,52.8,444,30660,0.898,0.51,2,222845,222401,444
4791321,63,78,470,17520,0.41,1,1,229704,229234,470
4794241,75.8,43.6,514,17520,0.154,1,1,229783,229269,514
4797161,43.16,38.32,512,17520,0.0708,1,1,229818,229306,512
4800081,34.232,37.264,507,17520,0.02216,0.9,1,229850,229343,507
4803001,110.846,137.853,474,17520,0.028432,0.59,1,229980,229506,474
4805921,110.969,135.571,450,17520,0.125686,0.41,1,230091,229641,450
4808841,62.9939,77.5141,438,17520,0.305137,0.09,1,230142,229704,438
4811761,66.1988,78.7028,426,17520,0.581027,0.05,1,230209,229783,426
4814681,38.0398,43.7406,422,17520,0.572205,0.01,1,230240,229818,422
4817601,33.208,34.3481,422,17520,0.634441,0.03,1,230272,229850,422
4820521,112.242,110.87,424,17520,0.838888,0.15,2,230404,229980,424
4870161,34,25,508,17520,0.73,1,1,231714,231206,508
4873081,113.2,117.8,500,17520,0.346,1,1,231847,231347,500
4876001,115.44,121.16,494,18980,0.1412,1,1,231963,231469,494
4878921,79.088,82.632,491,18980,0.10024,0.89,1,232033,231542,491
4881841,80.6176,98.1264,470,18980,0.076048,0.93,1,232114,231644,470
4884761,42.5235,48.4253,467,20440,0.13521,0.73,1,232147,231680,467
4887681,29.3047,36.8851,459,20440,0.0990419,0.25,1,232173,231714,459
4890601,93.0609,113.777,435,20440,0.0198084,0.25,1,232282,231847,435
4893521,105.012,22.7554,543,20440,0.203962,0.09,1,232390,231847,543
4896441,73.8024,97.3511,493,21900,0.352792,0.09,1,232456,231963,493
4899361,79.5605,75.4702,504,21900,0.526559,0.07,1,232537,232033,504
4902281,17.5121,79.894,425,23360,0.577312,0.15,1,232539,232114,425
4905201,31.5024,42.3788,427,23360,0.667462,0.09,1,232574,232147,427
4908121,25.5005,29.2758,425,23360,0.765492,0,2,232598,232173,425
4911041,92.3001,93.0552,425,23360,0.785098,0.25,2,232707,232282,425
4913961,112.86,105.011,435,24820,0.86902,0.25,2,232825,232390,435
4916881,82.572,21.0022,510,24820,0.901804,0.39,2,232900,232390,510
5121281,35,29,530,36500,0.43,1,1,236313,235783,530
5124201,35.8,32.2,533,36500,0.334,1,1,236349,235816,533
5127121,37.56,40.84,528,36500,0.2988,1,1,236387,235859,528
5166541,392.312,471.368,430,24820,0.29176,0.13,1,236868,236438,430
5169461,126.462,134.274,440,26280,0.386352,0.09,1,236928,236488,440
5172381,70.0925,62.8547,451,27740,0.67727,0.07,1,236984,236533,451
5175301,65.2185,84.5709,425,29200,0.815454,0.05,2,237048,236623,425
5268741,38,104,518,30660,0.59,1,1,238622,238104,518
5271661,36.4,43.2,526,30660,0.462,1,1,238658,238132,526
5274581,31.28,36.64,521,30660,0.4044,1,1,238688,238167,521
5277501,27.056,35.328,512,30660,0.36088,1,1,238714,238202,512
5280421,36.6112,31.8656,520,30660,0.368176,1,1,238753,238233,520
5283341,34.5222,33.5731,520,30660,0.401635,1,1,238787,238267,520
5286261,52.5044,39.5146,536,30660,0.472327,1,1,238844,238308,536
5289181,47.3009,64.7029,511,30660,0.438465,1,1,238890,238379,511
5292101,51.0602,40.9406,528,30660,0.431693,0.91,1,238942,238414,528
5295021,87.012,53.7881,567,30660,0.526339,0.65,1,239038,238471,567
5297941,43.0024,101.158,486,30660,0.577268,0.59,1,239070,238584,486
5300861,31.8005,50.6315,477,30660,0.603454,0.43,1,239099,238622,477
5303781,26.3601,38.9263,466,30660,0.640691,0.39,1,239124,238658,466
5306701,30.072,31.7853,467,30660,0.808138,0.35,2,239155,238688,467
5309621,37.2144,27.1571,480,30660,0.857628,0.37,2,239194,238714,480
5527161,58,38,489,32120,0.11,0.88,1,242373,241884,489
5530081,42.8,42.8,484,33580,0.126,0.55,1,242412,241928,484
5533001,60.56,73.36,468,35040,0.1452,0.55,1,242477,242009,468
5535921,40.112,45.872,464,36500,0.16504,0.45,1,242512,242048,464
5538841,33.6224,41.1744,456,36500,0.233008,0.33,1,242544,242088,456
5541761,27.5245,39.4349,443,37960,0.230602,0.19,1,242570,242127,443
5544681,16.7049,26.287,434,37960,0.27812,0.09,1,242584,242150,434
5547601,30.541,25.2574,443,37960,0.287624,0.03,1,242618,242175,443
5550521,37.3082,34.6515,445,37960,0.225525,0.11,1,242657,242212,445
5553441,57.0616,52.5303,450,37960,0.341105,0.01,1,242719,242269,450
5556361,27.4123,47.3061,424,37960,0.332221,0.11,1,242739,242315,424
5559281,52.6825,55.8612,425,39420,0.378444,0.11,1,242798,242373,425
5562201,42.5365,11.1722,465,39420,0.227689,0.13,1,242838,242373,465
5565121,10.1073,33.4344,428,39420,0.213538,0.15,1,242840,242412,428
5568041,54.8215,58.6869,429,39420,0.306708,0.15,1,242906,242477,429
5570961,41.3643,11.7374,467,39420,0.405342,0.17,1,242944,242477,467
5573881,34.6729,30.3475,465,39420,0.361068,0.25,1,242977,242512,465
5576801,8.53457,31.6695,435,39420,0.368214,0.23,1,242979,242544,435
5579721,24.9069,27.1339,438,39420,0.417643,0.29,1,243008,242570,438
5582641,15.3814,16.6268,437,40880,0.395529,0.29,1,243021,242584,437
5585561,28.6763,30.5254,435,40880,0.471106,0.21,1,243053,242618,435
5588481,37.7353,37.3051,436,40880,0.486221,0.37,1,243093,242657,436
5591401,57.1471,57.061,436,40880,0.601244,0.33,1,243155,242719,436
5594321,31.4294,27.4122,441,40880,0.576249,0.33,1,243180,242739,441
5597241,50.2859,5.48244,496,40880,0.69925,0.39,1,243235,242739,496
5600161,40.4572,48.2965,475,40880,0.65985,0.19,1,243273,242798,475
5603081,9.69143,41.6593,437,40880,0.65197,0.21,1,243275,242838,437
5606001,54.7383,9.93186,501,40880,0.746394,0.33,1,243341,242840,501
5608921,46.1477,54.7864,479,42340,0.829279,0.43,2,243385,242906,479
5611841,32.4295,41.3573,470,42340,0.861856,0.35,2,243414,242944,470
5614761,8.08591,34.6715,439,42340,0.868371,0.37,2,243416,242977,439
5617681,27.2172,8.53429,469,42340,0.885674,0.43,2,243448,242979,469
5620601,7.04344,24.9069,442,42340,0.889135,0.39,2,243450,243008,442
5623521,12.6087,15.3814,443,42340,0.905827,0.49,2,243464,243021,443
5626441,29.7217,28.6763,445,42340,0.941165,0.49,2,243498,243053,445
5756381,43,63,503,33580,0.55,1,1,245078,244575,503
5759301,33.4,39.8,500,35040,0.582,1,1,245109,244609,500
5762221,58.68,59.16,501,36500,0.5884,1,1,245174,244673,501
5765141,48.536,53.432,495,37960,0.71768,0.93,1,245220,244725,495
5768061,94.5072,105.086,483,37960,0.791536,0.89,2,245326,244843,483
5770981,35.7014,46.6173,472,39420,0.806307,0.79,2,245347,244875,472
5773901,22.3403,30.9235,464,39420,0.873262,0.61,2,245366,244902,464
5776821,26.0681,25.3847,467,39420,0.886652,0.59,2,245393,244926,467
5779741,34.8136,33.8769,468,39420,0.90533,0.57,2,245430,244962,468
5782661,26.1627,36.3754,455,39420,0.861066,0.53,2,245454,244999,455
5785581,30.8325,36.0751,451,39420,0.932213,0.53,2,245486,245035,451
5788501,38.1665,7.21502,491,39420,0.946443,0.55,2,245526,245035,491
5791421,9.2333,35.843,450,39420,0.917289,0.59,2,245528,245078,450
5957861,38,45,458,33580,0.45,0.33,1,247517,247059,458
5960781,38,47.4,448,35040,0.642,0.21,1,247555,247107,448
6074661,48,73,494,30660,0.01,0.97,1,249083,248589,494
6077581,60.8,51.4,512,32120,0.09,0.81,1,249147,248635,512
6080501,48.96,63.08,492,32120,0.17,0.49,1,249193,248701,492
6083421,54.592,63.816,484,32120,0.202,0.17,1,249249,248765,484
6086341,33.3184,71.9632,438,32120,0.3204,0.01,1,249277,248839,438
6089261,35.4637,42.3926,439,32120,0.36008,0.01,1,249313,248874,439
6092181,34.2927,37.2785,437,32120,0.304016,0.01,1,249347,248910,437
6095101,33.2585,29.8557,442,33580,0.388803,0.01,1,249380,248938,442
6098021,21.0517,36.3711,422,33580,0.357761,0.01,1,249398,248976,422
6100941,51.4103,54.4742,422,33580,0.367552,0.01,1,249457,249035,422
6103861,48.6821,10.8948,470,33580,0.43351,0.01,1,249505,249035,470
6106781,11.3364,40.579,424,33580,0.478702,0.11,1,249507,249083,424
6109701,57.4673,59.3158,429,33580,0.71174,0.19,1,249576,249147,429
6112621,48.2935,48.6632,429,33580,0.790348,0.21,2,249622,249193,429
6115541,59.2587,54.5326,435,33580,0.83807,0.35,2,249684,249249,435
6118461,35.0517,33.3065,436,33580,0.911614,0.37,2,249713,249277,436
6121381,35.0103,35.4613,435,33580,0.862323,0.29,2,249748,249313,435
6372501,38,28,498,42340,0.77,1,2,253314,252816,498
6375421,34,47.2,479,43800,0.802,1,2,253347,252868,479
6378341,58,9.44,543,43800,0.9044,0.98,2,253411,252868,543
6458641,41,51,470,35040,0.45,1,1,254754,254284,470
6465941,61,58.2,476,35040,0.354,1,1,254820,254344,476
6487841,71.4,69.24,478,35040,0.3188,0.53,1,254894,254416,478
6519961,203.08,227.448,447,35040,0.39176,0.51,1,255130,254683,447
6522881,65.416,69.4896,448,36500,0.374352,0.51,1,255161,254713,448
6525801,42.6832,26.6979,469,37960,0.40287,0.47,1,255198,254729,469
6528721,54.9366,40.5396,483,39420,0.456574,0.33,1,255256,254773,483
6531641,70.9873,58.5079,495,40880,0.483315,0.33,1,255331,254836,495
6534561,52.5975,71.7016,468,40880,0.456663,0.47,1,255379,254911,468
6537481,27.3195,42.3403,454,40880,0.531333,0.51,1,255400,254946,454
6540401,31.0639,32.4681,456,40880,0.530267,0.51,1,255432,254976,456
6543321,31.8128,32.8936,455,42340,0.562053,0.49,1,255464,255009,455
6546241,28.7626,28.9787,455,42340,0.552411,0.49,1,255492,255037,455
6549161,33.7525,29.7957,460,42340,0.550482,0.49,1,255527,255067,460
6552081,17.9505,32.3591,441,42340,0.646096,0.37,1,255541,255100,441
6555001,25.9901,20.0718,452,42340,0.617219,0.41,1,255569,255117,452
6557921,29.998,14.4144,470,43800,0.659444,0.37,1,255600,255130,470
6560841,7.5996,27.6829,441,43800,0.667889,0.41,1,255602,255161,441
6563761,31.9199,35.1366,442,43800,0.717578,0.41,1,255640,255198,442
6566681,51.984,7.02731,499,43800,0.791516,0.47,2,255697,255198,499
6569601,11.9968,47.8055,443,43800,0.806303,0.49,2,255699,255256,443
6572521,62.3994,69.5611,443,43800,0.825261,0.45,2,255774,255331,443
6873281,32,21,546,30660,0.75,1,2,259635,259089,546
6876201,48.8,103.4,475,30660,0.734,1,1,259688,259213,475
6879121,108.16,112.68,483,30660,0.5708,1,1,259811,259328,483
6882041,80.032,82.536,481,30660,0.57016,1,1,259884,259403,481
6884961,30.4064,36.5072,474,30660,0.506032,0.93,1,259902,259428,474
6887881,30.8813,36.1014,469,30660,0.541206,0.87,1,259933,259464,469
6890801,37.3763,38.4203,469,30660,0.580241,0.97,1,259972,259503,469
6893721,33.0753,34.0841,468,30660,0.620048,0.89,1,260004,259536,468
6896641,29.8151,33.2168,464,30660,0.58001,0.89,1,260033,259569,464
6899561,31.563,6.64336,496,30660,0.556002,0.83,1,260065,259569,496
6902481,26.3126,28.5287,487,30660,0.5992,0.75,1,260090,259603,487
6905401,49.2625,31.3057,510,30660,0.62384,0.73,1,260145,259635,510
6908321,101.053,48.6611,571,30660,0.644768,0.53,1,260259,259688,571
6911241,78.6105,108.132,521,30660,0.600954,0.57,1,260332,259811,521
6914161,29.3221,80.0264,465,30660,0.560191,0.49,1,260349,259884,465
6917081,30.6644,30.4053,478,30660,0.584038,0.55,1,260380,259902,478
6920001,39.7329,30.8811,489,30660,0.908808,0.59,2,260422,259933,489
6922921,34.3466,37.3762,483,30660,0.925762,0.63,2,260455,259972,483
6925841,27.6693,33.0752,477,30660,0.929152,0.57,2,260481,260004,477
6928761,31.9339,29.815,481,30660,0.913831,0.55,2,260514,260033,481
7010521,47,53,511,32120,0.75,1,2,261870,261359,511
7013441,30.2,32.2,510,32120,0.702,1,1,261896,261386,510
7016361,30.84,34.44,506,32120,0.5484,1,1,261927,261421,506
7019281,42.168,37.288,513,32120,0.54968,1,1,261972,261459,513
7022201,42.0336,33.0576,523,32120,0.501936,1,1,262014,261491,523
7025121,86.8067,50.6115,566,33580,0.444387,1,1,262112,261546,566
7028041,36.5613,90.9223,489,33580,0.496877,1,1,262136,261647,489
7030961,63.3123,75.7845,487,33580,0.651376,1,1,262206,261719,487
7033881,39.8625,47.9569,480,33580,0.698275,0.94,1,262240,261760,480
7036801,24.7725,31.9914,473,35040,0.787655,0.88,2,262261,261788,473
7039721,25.7545,34.3983,464,35040,0.837531,0.75,2,262287,261823,464
7042641,36.3509,44.4797,456,35040,0.911506,0.69,2,262326,261870,456
7045561,24.8702,29.6959,452,35040,0.926301,0.51,2,262348,261896,452
7162361,38,45,485,32120,0.01,0.85,1,263884,263399,485
7165281,85.2,93,477,33580,0.202,0.69,1,263981,263504,477
7168201,45.84,59.4,462,35040,0.3204,0.45,1,264017,263555,462
7171121,79.568,67.08,481,35040,0.53608,0.25,1,264105,263624,481
7174041,38.3136,63.816,446,36500,0.611216,0.19,1,264133,263687,446
7176961,29.2627,34.3632,446,36500,0.738243,0.07,1,264160,263714,446
7179881,30.6525,36.4726,440,36500,0.827649,0.03,2,264191,263751,440
7182801,25.3305,32.0945,433,36500,0.87753,0.01,2,264215,263782,433
7315661,65,50,495,32120,0.07,1,1,265932,265437,495
7318581,65,68.4,487,33580,0.134,0.87,1,265997,265510,487
7321501,60.2,56.08,493,35040,0.2428,0.67,1,266056,265563,493
7324421,62.44,63.216,491,35040,0.32856,0.41,1,266119,265628,491
7327341,28.488,62.2432,449,35040,0.425712,0.37,1,266139,265690,449
7330261,27.2976,31.6486,452,36500,0.445142,0.21,1,266166,265714,452
7333181,29.4595,35.9297,445,36500,0.561028,0.09,1,266196,265751,445
7336101,26.6919,35.1859,436,36500,0.648206,0.09,1,266222,265786,436
7339021,21.3384,25.4372,433,36500,0.745641,0.01,1,266242,265809,433
7341941,43.4677,14.6874,470,36500,0.685128,0.05,1,266291,265821,470
7344861,10.2935,39.7375,426,36500,0.689026,0.07,1,266293,265867,426
7347781,53.2587,59.9475,425,37960,0.769805,0.07,2,266357,265932,425
7350701,63.4517,11.9895,491,37960,0.785961,0.15,2,266423,265932,491
7353621,14.2903,54.3979,428,37960,0.821192,0.27,2,266425,265997,428
7356541,55.6581,58.0796,435,37960,0.860238,0.35,2,266491,266056,435
7508381,44,50,466,32120,0.37,0.49,1,268355,267889,466
7511301,43.2,46,464,33580,0.45,0.53,1,268398,267934,464
7514221,63.04,64.4,463,35040,0.642,0.43,1,268466,268003,463
7648541,517,587,459,27740,0.09,0.67,1,270166,269707,459
7651461,158.6,165.4,468,29200,0.266,0.55,1,270235,269767,468
7654381,65.32,74.68,458,30660,0.4772,0.47,1,270277,269819,458
7657301,60.264,47.736,476,32120,0.55144,0.31,1,270336,269860,476
7660221,63.2528,52.7472,486,32120,0.614288,0.27,1,270400,269914,486
7663141,68.6506,76.9494,473,32120,0.834858,0.15,2,270470,269997,473
7768261,37,21,528,33580,0.61,1,1,271999,271471,528
7771181,33.8,34.6,523,33580,0.642,1,1,272032,271509,523
7774101,30.76,34.92,518,33580,0.6804,1,1,272062,271544,518
7777021,35.752,26.184,531,33580,0.67208,1,1,272099,271568,531
7779941,37.5504,44.4368,520,33580,0.638416,1,1,272137,271617,520
7782861,33.1101,40.8874,512,33580,0.615683,1,1,272169,271657,512
7785781,32.222,34.5775,511,33580,0.643137,1,1,272201,271690,511
7788701,80.8444,34.1155,570,33580,0.616627,0.97,1,272294,271724,570
7791621,45.7689,86.8231,507,33580,0.611325,0.99,1,272331,271824,507
7794541,60.3538,48.5646,532,33580,0.658265,0.77,1,272395,271863,532
7797461,33.6708,64.1129,491,33580,0.667653,0.73,1,272422,271931,491
7800381,32.3342,37.6226,492,33580,0.701531,0.61,1,272454,271962,492
7803301,32.0668,37.1245,487,33580,0.756306,0.65,2,272486,271999,487
7806221,33.6134,33.8249,488,33580,0.847261,0.69,2,272520,272032,488
7809141,33.9227,30.765,492,33580,0.913452,0.67,2,272554,272062,492
7920101,63,0,567,39420,0.73,1,1,274167,273600,567
7923021,43.8,72,516,39420,0.73,1,1,274206,273690,516
7925941,37.56,48.8,509,40880,0.634,1,1,274242,273733,509
7928861,40.312,37.76,515,40880,0.6468,1,1,274283,273768,515
7931781,35.2624,37.152,512,40880,0.69736,1,1,274317,273805,512
7934701,35.0525,41.0304,505,40880,0.723472,1,1,274352,273847,505
7937621,30.2105,38.6061,496,42340,0.840694,1,2,274381,273885,496
7940541,25.2421,38.1212,482,42340,0.880139,1,2,274405,273923,482
8035441,67,71,462,33580,0.05,0.45,1,275940,275478,462
8041281,73.4,87.8,445,33580,0.05,0.41,1,276015,275570,445
8044201,25.88,34.36,438,33580,0.05,0.33,1,276029,275591,438
8058801,18.776,21.272,437,33580,0.066,0.05,1,276046,275609,437
8083621,126.955,140.254,421,33580,0.2292,0.01,1,276200,275779,421
8086541,40.591,40.8509,424,35040,0.34184,0.01,1,276219,275795,424
8089461,9.71821,8.17018,426,36500,0.364368,0.13,1,276221,275795,426
8092381,44.3436,35.234,437,37960,0.576874,0.01,1,276274,275837,437
8095301,38.4687,35.8468,438,37960,0.731375,0.01,1,276311,275873,438
8098221,47.6937,50.3694,434,39420,0.730275,0.01,1,276361,275927,434
8101141,71.1388,43.6739,469,39420,0.826055,0.05,2,276438,275969,469
8104061,39.8277,56.7348,441,39420,0.893211,0.07,2,276470,276029,441
8106981,35.1656,36.947,443,39420,0.922642,0.11,2,276504,276061,443
8267581,54,40,459,35040,0.47,0.13,1,278336,277877,459
8270501,49.2,56,447,36500,0.646,0.11,1,278384,277937,447
8273421,48.24,49.6,447,37960,0.7452,0.03,1,278432,277985,447
8276341,54.448,65.12,434,37960,0.84504,0.07,2,278488,278054,434
8279261,26.8896,33.824,428,37960,0.913008,0.07,2,278508,278080,428
8282181,22.1779,25.1648,426,37960,0.862602,0.11,2,278529,278103,426
8285101,23.6356,24.233,426,37960,0.91652,0.13,2,278553,278127,426
8534761,42,30,491,39420,0.81,1,2,281848,281357,491
8537681,39.6,34.8,494,40880,0.746,1,1,281887,281393,494
8540601,37.52,6.96,531,40880,0.6372,1,1,281924,281393,531
8543521,37.104,36.592,524,40880,0.47144,1,1,281961,281437,524
8546441,37.0208,36.9184,524,40880,0.406288,1,1,281998,281474,524
8549361,28.2042,31.3837,520,40880,0.473258,1,1,282024,281504,520
8552281,34.4408,32.6767,523,40880,0.374652,1,1,282060,281537,523
8555201,36.4882,33.7353,526,40880,0.41893,1,1,282097,281571,526
8558121,27.2976,33.9471,517,40880,0.539786,1,1,282122,281605,517
8561041,29.4595,32.3894,515,40880,0.547957,1,1,282152,281637,515
8563961,25.8919,33.6779,506,40880,0.453591,1,1,282177,281671,506
8566881,55.5784,35.5356,533,40880,0.466718,0.88,1,282240,281707,533
8569801,37.5157,58.3071,502,40880,0.517344,0.93,1,282273,281771,502
8572721,35.5031,39.6614,502,40880,0.527469,0.81,1,282308,281806,502
8575641,8.70063,41.5323,462,40880,0.561494,0.73,1,282310,281848,462
8578561,28.9401,39.5065,457,40880,0.568299,0.61,1,282344,281887,457
8581481,31.388,37.5013,452,40880,0.63366,0.43,1,282376,281924,452
8584401,31.8776,37.1003,447,40880,0.710732,0.39,1,282408,281961,447
8587321,31.9755,37.0201,442,40880,0.774146,0.49,2,282440,281998,442
8590241,30.3951,28.204,446,40880,0.786829,0.35,2,282470,282024,446
8593161,30.879,34.4408,441,40880,0.885366,0.43,2,282501,282060,441
8717261,40,53,460,30660,0.31,0.35,1,284022,283562,460
8720181,56.8,53.8,467,32120,0.406,0.15,1,284083,283616,467
8723101,63.36,67.56,461,33580,0.5052,0.03,1,284148,283687,461
8726021,76.672,59.912,483,35040,0.65304,0.07,1,284228,283745,483
8728941,40.9344,70.3824,442,36500,0.778608,0.15,2,284260,283818,442
8731861,36.9869,40.4765,445,36500,0.835722,0.15,2,284296,283851,445
8734781,28.1974,30.4953,443,36500,0.863144,0.21,2,284322,283879,443
8737701,20.8395,17.2991,448,36500,0.852629,0.17,2,284341,283893,448
8740621,16.9679,29.0598,432,36500,0.930526,0.19,2,284357,283925,432
8857421,33,22,514,40880,0.69,1,1,285862,285348,514
8860341,33,23.6,523,40880,0.546,1,1,285895,285372,523
8904141,399.4,467.12,436,27740,0.4532,0.21,1,286386,285950,436
8907061,132.68,135.024,450,29200,0.65864,0.15,1,286452,286002,450
9010721,95,70,503,29200,0.15,0.92,1,287960,287457,503
9013641,77.4,78.8,495,30660,0.214,0.86,1,288033,287538,495
9016561,52.28,52.56,495,30660,0.1948,0.45,1,288079,287584,495
9019481,60.056,85.712,463,30660,0.25496,0.43,1,288141,287678,463
9022401,36.0112,46.7424,456,30660,0.298992,0.27,1,288171,287715,456
9025321,33.6022,38.9485,452,30660,0.403798,0.21,1,288204,287752,452
9028241,27.5204,35.7897,443,32120,0.50476,0.23,1,288230,287787,443
9031161,20.7041,20.7579,445,32120,0.604952,0.17,1,288249,287804,445
9034081,40.1408,16.9516,474,32120,0.73699,0.21,1,288294,287820,474
9037001,9.62816,39.3903,431,32120,0.779398,0.15,2,288296,287865,431
9118761,38,53,482,32120,0.61,1,1,289630,289148,482
9121681,40.4,37.8,489,32120,0.386,1,1,289671,289182,489
9124601,33.68,30.76,492,32120,0.2932,1,1,289703,289211,492
9127521,32.336,22.952,503,32120,0.22664,1,1,289735,289232,503
9130441,36.0672,33.3904,504,32120,0.053328,1,1,289772,289268,504
9133361,34.4134,37.0781,500,32120,0.0186656,1,1,289806,289306,500
9136281,40.4827,54.6156,483,32120,0.0117331,1,1,289848,289365,483
9139201,71.2965,78.9231,477,32120,0.106347,1,1,289927,289450,477
9142121,49.4593,45.3846,484,32120,0.109269,0.77,1,289971,289487,484
9145041,46.6919,65.8769,459,32120,0.173854,0.73,1,290017,289558,459
9147961,35.7384,40.3754,458,32120,0.202771,0.61,1,290050,289592,458
9150881,28.7477,38.4751,447,32120,0.224554,0.33,1,290077,289630,447
9153801,31.3495,40.495,438,32120,0.244911,0.27,1,290109,289671,438
9156721,25.4699,33.699,430,32120,0.328982,0.21,1,290133,289703,430
9159641,28.294,32.3398,427,32120,0.377796,0.01,1,290162,289735,427
9162561,31.2588,36.068,422,32120,0.323559,0.01,1,290194,289772,422
9165481,34.2518,34.4136,423,32120,0.360712,0.01,1,290229,289806,423
9168401,40.4504,40.4827,423,32120,0.352142,0.13,1,290271,289848,423
9171321,72.8901,71.2965,425,32120,0.510428,0.11,1,290352,289927,425
9174241,51.378,49.4593,427,32120,0.574086,0.19,1,290398,289971,427
9177161,47.8756,46.6919,428,32120,0.666817,0.21,1,290445,290017,428
9180081,39.1751,35.7384,432,32120,0.717363,0.23,1,290482,290050,432
9183001,29.435,28.7477,432,32120,0.727473,0.25,1,290509,290077,432
9185921,33.887,31.3495,435,32120,0.761495,0.35,2,290544,290109,435
9188841,28.3774,25.4699,438,32120,0.784299,0.39,2,290571,290133,438
9191761,28.8755,28.294,438,32120,0.75686,0.31,2,290600,290162,438
9194681,30.5751,31.2588,437,32120,0.767372,0.37,2,290631,290194,437
9197601,34.115,34.2518,437,32120,0.689474,0.35,1,290666,290229,437
9200521,46.023,40.4504,444,32120,0.689895,0.55,1,290715,290271,444
9203441,76.4046,72.8901,447,32120,0.833979,0.59,2,290799,290352,447
9206361,54.4809,51.378,450,32120,0.878796,0.69,2,290848,290398,450
9349441,28,33,510,46720,0.81,1,2,292752,292242,510
9352361,32.8,29.8,515,46720,0.73,1,1,292786,292271,515
9355281,32.96,35.56,511,46720,0.746,1,1,292819,292308,511
9358201,25.792,37.512,497,46720,0.8612,1,2,292843,292346,497
9361121,21.1584,33.9024,484,48180,0.86824,1,2,292863,292379,484
9364041,36.2317,34.7805,489,48180,0.901648,1,2,292903,292414,489
9736341,73,74,469,23360,0.14,0.31,1,300762,300293,469
9739261,68.2,52.4,489,23360,0.228,0.13,1,300829,300340,489
9742181,36.04,73.68,438,23360,0.2776,0.05,1,300857,300419,438
9745101,28.808,36.336,438,24820,0.39952,0.11,1,300884,300446,438
9748021,20.1616,27.2672,431,24820,0.535904,0.05,1,300902,300471,431
9750941,121.632,13.4534,568,24820,0.723181,0.03,1,301049,300481,568
9753861,76.3265,119.491,487,24820,0.728636,0.07,1,301114,300627,487
9756781,16.8653,73.4981,427,24820,0.729727,0.14,1,301116,300689,427
9759701,60.1731,73.0996,425,24820,0.729945,0.25,1,301187,300762,425
9762621,75.2346,68.2199,437,24820,0.793989,0.29,2,301266,300829,437
9835621,57,75,524,24820,0.63,1,1,302719,302195,524
9838541,38.6,47,518,24820,0.694,1,1,302753,302235,518
9841461,35.72,37.4,518,24820,0.6428,1,1,302788,302270,518
9844381,85.544,33.08,584,24820,0.52056,1,1,302886,302302,584
9847301,90.7088,102.616,556,24820,0.480112,1,1,302978,302422,556
9850221,44.5418,89.3232,503,24820,0.456022,1,1,303011,302508,503
9853141,58.5084,44.2646,532,24820,0.515204,0.72,1,303073,302541,532
9856061,49.3017,60.8529,514,24820,0.559041,0.79,1,303120,302606,514
9858981,53.8603,56.9706,513,24820,0.615808,0.63,1,303175,302662,513
9861901,37.1721,56.9941,489,24820,0.659162,0.71,1,303208,302719,489
9864821,34.6344,38.5988,489,24820,0.763832,0.63,2,303242,302753,489
9940741,36,43,490,33580,0.77,1,2,304643,304153,490
9943661,41.6,39.8,494,33580,0.722,1,1,304686,304192,494
9946581,73.12,77.56,488,33580,0.5204,1,1,304767,304279,488
9949501,79.424,15.512,569,35040,0.22408,1,1,304848,304279,569
9952421,40.6848,79.9024,504,35040,0.132816,1,1,304879,304375,504
9955341,56.137,43.1805,530,35040,0.114563,1,1,304939,304409,530
9958261,35.2274,53.4361,504,35040,0.110913,1,1,304969,304465,504
9961181,23.0455,37.0872,491,35040,0.110183,1,1,304989,304498,491
9964101,13.4091,33.0174,470,35040,0.142036,0.86,1,305000,304530,470
9967021,37.8818,43.4035,468,36500,0.0524073,0.81,1,305044,304576,468
9969941,26.7764,33.4807,461,36500,0.130481,0.81,1,305068,304607,461
9972861,29.3553,6.69614,491,36500,0.194096,0.77,1,305098,304607,491
9975781,41.8711,30.1392,500,36500,0.254819,0.71,1,305143,304643,500
9978701,60.3742,40.4278,522,37960,0.410964,0.47,1,305208,304686,522
9981621,13.6748,72.8856,443,37960,0.490193,0.15,1,305210,304767,443
9984541,57.135,79.3771,430,37960,0.810039,0.11,2,305278,304848,430
9987461,33.027,40.6754,426,37960,0.938008,0.11,2,305305,304879,426
10111561,20,29,439,40880,0.39,0.03,1,307108,306669,439
10114481,71.2,87.4,421,40880,0.582,0,1,307192,306771,421
10120321,27.04,30.28,421,40880,0.6044,0.01,1,307208,306787,421
10158281,16.608,17.256,421,40880,0.56088,0.01,1,307222,306801,421
10161201,17.7216,5.8512,436,42340,0.536176,0.01,1,307240,306804,436
10164121,29.1443,23.5702,440,43800,0.531235,0.07,1,307272,306832,440
10167041,34.6289,35.114,438,45260,0.546247,0.05,1,307308,306870,438
10169961,30.1258,31.0228,437,46720,0.709249,0.07,1,307337,306900,437
10172881,18.8252,21.4046,434,46720,0.74185,0.09,1,307353,306919,434
10175801,22.165,11.4809,448,46720,0.73237,0.11,1,307376,306928,448
10178721,14.033,20.6962,437,46720,0.746474,0.07,1,307388,306951,437
10181641,24.4066,26.5392,436,48180,0.685295,0.11,1,307415,306979,436
10184561,44.0813,22.1078,464,48180,0.801059,0.25,2,307464,307000,464
10187481,44.0163,42.0216,461,48180,0.760212,0.41,2,307508,307047,461
10190401,43.2033,41.2043,463,48180,0.800042,0.45,2,307551,307088,463
10193321,39.8407,33.0409,471,48180,0.856008,0.45,2,307590,307119,471
10196241,52.7681,42.6082,482,49640,0.883202,0.61,2,307646,307164,482
10199161,28.9536,43.7216,461,49640,0.88864,0.55,2,307669,307208,461
10396261,42,30,484,42340,0.81,0.91,2,309489,309005,484
10399181,34.8,35.6,480,43800,0.89,0.93,2,309522,309042,480
10402101,32.56,35.92,476,45260,0.938,0.91,2,309554,309078,476
10543721,12,15,460,33580,0.35,0.51,1,311412,310952,460
10575841,129.6,140.6,447,33580,0.494,0.47,1,311571,311124,447
10578761,53.92,43.32,463,35040,0.5708,0.33,1,311606,311143,463
10581681,36.384,40.664,455,36500,0.69816,0.31,1,311638,311183,455
10584601,30.4768,36.1328,449,37960,0.771632,0.29,2,311667,311218,449
10721841,47,50,431,32120,0.23,0.05,1,313323,312892,431
10724761,51,38.8,447,33580,0.278,0.07,1,313375,312928,447
10727681,73.4,74.96,442,35040,0.3836,0.11,1,313454,313012,442
10730601,53.88,50.192,447,35040,0.50072,0.09,1,313503,313056,447
10733521,25.976,37.2384,432,36500,0.588144,0.19,1,313522,313090,432
10736441,27.5952,32.2477,429,36500,0.605629,0.17,1,313550,313121,429
10739361,24.719,8.04954,451,36500,0.673126,0.21,1,313574,313123,451
10742281,16.9438,19.2099,444,36500,0.718625,0.17,1,313589,313145,444
10745201,26.5888,29.442,441,36500,0.711725,0.21,1,313618,313177,441
10748121,43.7178,41.8884,444,36500,0.790345,0.23,2,313666,313222,444
10751041,41.5435,40.3777,445,36500,0.838069,0.23,2,313707,313262,445
10753961,49.1087,39.2755,457,36500,0.831614,0.23,2,313758,313301,457
10756881,52.2217,25.4551,488,36500,0.846323,0.29,2,313811,313323,488
10759801,12.0443,46.691,438,36500,0.849265,0.41,2,313813,313375,438
10762721,68.0089,72.5382,441,37960,0.881853,0.53,2,313895,313454,441
10774401,28,28,482,37960,0.91,0.69,2,314032,313550,482
10777321,14.4,24.8,469,37960,0.926,0.73,2,314043,313574,469
11060561,45,57,471,32120,0.11,0.53,1,317623,317152,471
11063481,48.2,57.8,462,33580,0.094,0.39,1,317672,317210,462
11066401,43.24,56.36,448,35040,0.1548,0.19,1,317714,317266,448
11069321,78.248,51.272,485,36500,0.29496,0.15,1,317801,317316,485
11072241,38.8496,66.2544,444,37960,0.418992,0.09,1,317830,317386,444
11075161,29.3699,38.0509,440,37960,0.555798,0.13,1,317857,317417,440
11078081,18.674,27.6102,431,37960,0.67916,0.03,1,317873,317442,431
11081001,26.9348,23.922,437,37960,0.719832,0.03,1,317902,317465,437
11083921,26.187,24.7844,438,37960,0.887966,0.05,2,317928,317490,438
11203641,66,89,498,32120,0.11,0.94,1,319474,318976,498
11206561,51.6,63.4,489,33580,0.094,0.85,1,319522,319033,489
11209481,43.92,55.08,478,35040,0.0908,0.65,1,319564,319086,478
11212401,58.384,52.616,488,36500,0.21816,0.35,1,319626,319138,488
11215321,35.6768,64.9232,450,37960,0.275632,0.21,1,319656,319206,450
11218241,23.9354,38.5846,439,37960,0.335126,0.13,1,319677,319238,439
11221161,27.1871,32.5169,436,37960,0.459025,0,1,319705,319269,436
11224081,31.8374,30.5034,439,37960,0.467805,0.13,1,319738,319299,439
11227001,29.5675,31.7007,436,37960,0.645561,0.03,1,319767,319331,436
11229921,57.9135,17.5401,487,37960,0.793112,0.01,2,319832,319345,487
11232841,13.1827,53.908,426,37960,0.790622,0.11,2,319834,319408,426
11336501,33,25,526,42340,0.79,1,2,321164,320638,526
11381761,396.2,451.4,455,29200,0.662,0.63,1,321651,321196,455
11384681,131.24,134.28,465,30660,0.8284,0.45,2,321716,321251,465
11387601,68.648,67.656,467,32120,0.87768,0.41,2,321769,321302,467
11390521,44.1296,58.3312,449,33580,0.903536,0.35,2,321807,321358,449
11483961,29,37,516,42340,0.91,1,2,323079,322563,516
11486881,37,31.4,525,42340,0.942,1,2,323118,322593,525
11498561,33,28,524,42340,0.89,1,2,323249,322725,524
11624121,38,36,524,42340,0.71,1,1,324710,324186,524
11627041,37.2,32.8,529,42340,0.662,1,1,324747,324218,529
11629961,33.84,32.16,530,42340,0.5564,1,1,324780,324250,530
11632881,30.768,33.632,526,42340,0.45528,1,1,324810,324284,526
11635801,34.9536,39.5264,521,42340,0.483056,1,1,324846,324325,521
11638721,31.7907,44.7053,506,42340,0.440611,1,1,324877,324371,506
11641641,37.5581,36.9411,510,42340,0.384122,1,1,324916,324406,510
11644561,33.9116,35.3882,508,42340,0.324824,1,1,324949,324441,508
11647481,32.3823,35.0776,505,42340,0.264965,0.99,1,324981,324476,505
11650401,32.0765,33.4155,504,42340,0.268993,0.9,1,325013,324509,504
11653321,25.6153,33.8831,494,42340,0.253799,0.93,1,325037,324543,494
11656241,26.7231,29.1766,493,42340,0.21876,0.91,1,325064,324571,493
11659161,29.3446,31.4353,491,42340,0.243752,0.77,1,325094,324603,491
11662081,29.8689,35.0871,485,42340,0.28075,0.69,1,325124,324639,485
11665001,34.7738,33.4174,488,42340,0.35215,0.71,1,325160,324672,488
11667921,35.7548,37.0835,486,42340,0.39843,0.65,1,325196,324710,486
11670841,31.151,37.0167,479,42340,0.487686,0.53,1,325226,324747,479
11673761,26.2302,33.8033,471,42340,0.649537,0.43,1,325251,324780,471
11676681,35.646,30.7607,479,42340,0.745907,0.49,1,325289,324810,479
11679601,29.5292,34.9521,471,42340,0.893182,0.43,2,325317,324846,471
11794941,86,110,439,33580,0.13,0.25,1,327027,326588,439
11799321,66,78.8,429,33580,0.13,0.09,1,327088,326659,429
11835821,35.6,42.96,423,33580,0.226,0.05,1,327116,326693,423
11838741,62.32,49.392,441,35040,0.4532,0.05,1,327185,326744,441
11841661,34.064,37.8784,433,36500,0.61064,0.05,1,327212,326779,433
11844581,29.2128,28.3757,435,37960,0.754128,0.07,2,327240,326805,435
11847501,35.4426,20.8751,453,39420,0.894826,0.09,2,327277,326824,453
11850421,18.2885,33.775,430,40880,0.922965,0.09,2,327291,326861,430
11996421,43,31,486,35040,0.29,0.96,1,329031,328545,486
11999341,59.8,59,484,36500,0.29,0.79,1,329095,328611,484
12002261,51.96,55.8,479,36500,0.258,0.69,1,329145,328666,479
12005181,47.992,63.16,461,36500,0.3956,0.67,1,329192,328731,461
12008101,33.5984,30.232,469,37960,0.45512,0.65,1,329222,328753,469
12011021,32.3197,35.6464,464,37960,0.515024,0.57,1,329254,328790,464
12013941,31.2639,35.9293,459,37960,0.623005,0.51,1,329285,328826,459
12016861,21.4528,26.3859,454,37960,0.676601,0.51,1,329304,328850,454
12019781,13.0906,19.6772,447,37960,0.79932,0.43,2,329315,328868,447
12022701,26.6181,8.73543,471,37960,0.759864,0.39,2,329345,328874,471
12025621,54.9236,37.7471,488,37960,0.879973,0.37,2,329407,328919,488
12028541,27.7847,62.7494,440,37960,0.903995,0.29,2,329428,328988,440
12176001,39,16,499,29200,0.37,0.95,1,331356,330857,499
12178921,54.2,58.4,488,30660,0.354,0.81,1,331414,330926,488
12181841,66.04,72.48,481,32120,0.4468,0.73,1,331483,331002,481
12184761,62.008,72.096,470,33580,0.44936,0.59,1,331544,331074,470
12187681,39.6016,42.4192,469,35040,0.401872,0.49,1,331578,331109,469
12190601,34.3203,37.2838,466,36500,0.440374,0.53,1,331611,331145,466
12193521,33.2641,33.0568,467,36500,0.496075,0.51,1,331644,331177,467
12196441,38.6528,37.0114,469,36500,0.603215,0.57,1,331684,331215,469
12199361,43.7306,44.2023,468,36500,0.736643,0.43,1,331729,331261,468
12202281,30.3461,53.6405,439,36500,0.779329,0.37,2,331756,331317,439
12205201,40.4692,41.9281,443,36500,0.883866,0.37,2,331799,331356,443
12295721,40,65,513,40880,0.63,1,1,332986,332473,513
12298641,39.2,41,517,40880,0.486,1,1,333025,332508,517
12301561,35.84,33.8,520,40880,0.3612,1,1,333060,332540,520
12304481,38.368,35.56,523,40880,0.28824,1,1,333099,332576,523
12307401,37.2736,39.112,520,40880,0.193648,1,1,333136,332616,520
12310321,35.4547,32.6224,524,40880,0.19073,1,1,333171,332647,524
12313241,37.4909,34.5245,527,40880,0.142146,1,1,333209,332682,527
12314701,29.0982,34.9049,519,40880,0.212429,1,1,333236,332717,519
12358501,385.82,456.581,432,27740,0.610486,0.23,1,333711,333279,432
12440261,36,54,510,39420,0.75,1,2,334909,334399,510
12443181,36,30,522,39420,0.606,1,1,334945,334423,522
12446101,37.6,59.6,493,39420,0.5452,1,1,334983,334490,493
12449021,38.72,42.32,494,39420,0.40504,1,1,335022,334528,494
12451941,31.744,38.864,486,39420,0.313008,1,1,335052,334566,486
12454861,34.3488,30.1728,493,39420,0.230602,1,1,335087,334594,493
12457781,34.0698,23.6346,505,40880,0.23012,1,1,335121,334616,505
12460701,21.214,27.9269,494,40880,0.262024,1,1,335139,334645,494
12463621,56.2428,69.5854,479,40880,0.348405,1,1,335204,334725,479
12466541,41.6486,39.5171,485,40880,0.269681,1,1,335242,334757,485
12469461,23.5297,7.90341,504,40880,0.253936,1,1,335261,334757,504
12472381,21.5059,27.1807,493,40880,0.218787,0.91,1,335282,334789,493
12475301,46.7012,26.2361,520,40880,0.243757,0.87,1,335335,334815,520
12478221,30.1402,51.6472,488,40880,0.328751,0.75,1,335361,334873,488
12481141,32.428,39.1294,485,40880,0.34575,0.57,1,335394,334909,485
12484061,34.4856,36.6259,484,40880,0.39715,0.53,1,335429,334945,484
12486981,31.6971,37.7252,477,40880,0.43943,0.37,1,335460,334983,477
12489901,25.5394,38.745,462,40880,0.495886,0.29,1,335484,335022,462
12492821,33.1079,31.749,467,40880,0.507177,0.21,1,335519,335052,467
12495741,8.22158,34.3498,434,40880,0.509435,0.23,1,335521,335087,434
12498661,30.4443,34.07,436,40880,0.621887,0.27,1,335557,335121,436
12501581,18.0889,21.214,433,40880,0.660377,0.37,1,335572,335139,433
12504501,58.0178,56.2428,436,40880,0.908076,0.25,2,335640,335204,436
12507421,42.0036,41.6486,436,40880,0.957615,0.25,2,335678,335242,436
12615461,33,37,488,40880,0.83,1,2,336949,336461,488
12618381,35.4,34.6,490,40880,0.702,1,1,336985,336495,490
12621301,31.08,27.72,494,40880,0.6284,1,1,337015,336521,494
12624221,31.816,23.144,504,40880,0.53368,1,1,337047,336543,504
12627141,33.5632,46.2288,486,40880,0.434736,1,1,337081,336595,486
12630061,45.1126,39.6458,496,40880,0.398947,1,1,337129,336633,496
12632981,36.2225,30.3292,502,40880,0.375789,1,1,337163,336661,502
12635901,32.0445,31.6658,501,40880,0.323158,1,1,337194,336693,501
12638821,38.4089,40.7332,498,40880,0.280632,1,1,337234,336736,498
12641741,34.0818,41.7466,489,40880,0.272126,1,1,337267,336778,489
12644661,32.4164,36.3493,486,40880,0.222425,1,1,337299,336813,486
12647581,28.8833,36.0699,478,40880,0.324485,0.86,1,337327,336849,478
12650501,24.1767,32.814,469,40880,0.296897,0.95,1,337350,336881,469
12653421,31.2353,34.5628,467,40880,0.339379,0.83,1,337383,336916,467
12656341,30.2471,33.3126,464,40880,0.395876,0.67,1,337413,336949,464
12659261,28.4494,35.4625,456,40880,0.471175,0.61,1,337441,336985,456
12662181,24.8899,31.0925,450,40880,0.598235,0.51,1,337465,337015,450
12665101,28.978,31.8185,448,42340,0.655647,0.41,1,337495,337047,448
12668021,27.3956,33.5637,441,42340,0.667129,0.39,1,337522,337081,441
12670941,44.6791,45.1127,442,42340,0.797426,0.37,2,337571,337129,442
12673861,36.9358,36.2225,443,42340,0.855485,0.31,2,337606,337163,443
12676781,27.3872,32.0445,437,42340,0.883097,0.27,2,337631,337194,437
12818401,30,19,457,33580,0.11,0.35,1,339369,338912,457
12821321,14,16.6,451,35040,0.174,0.33,1,339379,338928,451
12824241,31.6,25.72,459,36500,0.2028,0.35,1,339415,338956,459
12827161,52.72,34.744,480,37960,0.32056,0.19,1,339473,338993,480
12830081,33.744,58.9488,444,39420,0.536112,0.13,1,339502,339058,444
12833001,58.7488,40.5898,473,40880,0.771222,0.01,2,339567,339094,473
12996521,42,16,468,32120,0.47,0.11,1,341514,341046,468
12999441,47.6,64,441,33580,0.662,0.01,1,341563,341122,441
13002361,68.72,75.2,437,35040,0.6524,0.01,1,341637,341200,437
13005281,44.144,43.84,439,35040,0.61848,0.07,1,341675,341236,439
13008201,33.6288,35.968,436,36500,0.675696,0.03,1,341706,341270,436
13011121,16.3258,27.1936,423,36500,0.655139,0.03,1,341718,341295,423
13014041,34.4652,31.0387,430,36500,0.715028,0.13,1,341757,341327,430
13016961,28.493,19.0077,441,36500,0.855006,0.21,2,341784,341343,441
13019881,44.8986,39.8015,445,36500,0.899001,0.31,2,341833,341388,445
13168801,69,55,496,29200,0.81,0.67,2,343859,343363,496
13171721,51.4,71,468,30660,0.858,0.51,2,343906,343438,468
13253481,36,37,515,37960,0.67,1,1,345122,344607,515
13256401,33.6,31.4,518,37960,0.574,1,1,345155,344637,518
13259321,32.32,30.28,520,37960,0.5228,1,1,345187,344667,520
13262241,28.864,30.856,517,37960,0.51256,1,1,345215,344698,517
13265161,35.3728,34.9712,518,37960,0.462512,1,1,345252,344734,518
13268081,34.2746,34.1942,518,37960,0.500502,1,1,345286,344768,518
13271001,31.6549,53.2388,491,37960,0.4601,1,1,345317,344826,491
13273921,44.731,41.8478,500,37960,0.66002,1,1,345365,344865,500
13276841,32.9462,37.9696,493,37960,0.652004,1,1,345395,344902,493
13279761,25.7892,37.1939,480,37960,0.618401,0.98,1,345419,344939,480
13282681,54.7578,65.0388,470,37960,0.61168,0.85,1,345481,345011,470
13285601,34.9516,42.6078,463,37960,0.642336,0.77,1,345511,345048,463
13288521,33.3903,38.9216,458,37960,0.680467,0.67,1,345544,345086,458
13291441,32.2781,36.5843,454,37960,0.784093,0.55,2,345576,345122,454
13294361,30.4556,33.7169,451,37960,0.852819,0.51,2,345606,345155,451
13390721,32,35,487,37960,0.61,1,1,346819,346332,487
13393641,36.8,32.6,493,37960,0.466,1,1,346857,346364,493
13396561,42.56,53.72,478,37960,0.3572,1,1,346901,346423,478
13399481,60.512,42.744,503,37960,0.27144,1,1,346966,346463,503
13402401,40.1024,38.9488,500,37960,0.190288,1,1,347001,346501,500
13405321,36.8205,32.5898,505,37960,0.206058,1,1,347037,346532,505
13408241,24.9641,33.718,493,37960,0.145212,1,1,347059,346566,493
13411161,30.5928,34.7436,490,37960,0.117042,1,1,347091,346601,490
13414081,33.3186,37.3487,486,37960,0.207408,1,1,347125,346639,486
13417001,29.0637,36.2697,478,37960,0.273482,1,1,347153,346675,478
13419921,28.2127,33.6539,473,37960,0.254696,0.91,1,347181,346708,473
13422841,25.6425,33.1308,465,37960,0.298939,0.79,1,347206,346741,465
13425761,34.7285,43.4262,456,37960,0.307788,0.61,1,347243,346787,456
13428681,26.9457,34.2852,449,37960,0.341558,0.43,1,347268,346819,449
13431601,30.9891,37.257,443,37960,0.428311,0.33,1,347300,346857,443
13434521,37.3978,42.6514,438,37960,0.493662,0.25,1,347339,346901,438
13437441,51.4796,60.5303,428,37960,0.618732,0.17,1,347394,346966,428
13440361,37.4959,40.1061,427,39420,0.659746,0.21,1,347428,347001,427
13443281,34.6992,36.8212,425,39420,0.843949,0.13,2,347462,347037,425
13446201,25.3398,24.9642,426,39420,0.81679,0.11,2,347485,347059,426
13554241,28,28,532,48180,0.93,1,2,348770,348238,532
13555701,32,32.8,531,48180,0.834,1,2,348803,348272,531
13606801,401.6,458.56,460,33580,0.3348,0.63,1,349297,348837,460
13609721,131.52,140.512,463,35040,0.44296,0.51,1,349361,348898,463
13612641,67.104,71.3024,460,36500,0.528592,0.43,1,349412,348952,460
13615561,42.2208,49.4605,452,37960,0.625718,0.41,1,349448,348996,452
13618481,21.2442,29.8921,443,39420,0.789144,0.41,2,349464,349021,443
13621401,41.8488,25.9784,465,40880,0.869829,0.35,2,349511,349046,465
13624321,34.7698,38.7957,456,42340,0.917966,0.33,2,349544,349088,456
13761561,61,59,481,32120,0.29,0.8,1,351281,350800,481
13764481,37.8,41.4,476,33580,0.322,0.75,1,351313,350837,476
13767401,24.36,35.48,463,35040,0.4404,0.59,1,351334,350871,463
13770321,26.472,32.696,458,35040,0.44808,0.39,1,351361,350903,458
13773241,28.4944,35.3392,451,35040,0.449616,0.27,1,351390,350939,451
13776161,24.0989,34.2678,440,35040,0.609923,0.15,1,351413,350973,440
13779081,36.0198,38.0536,440,35040,0.657985,0.01,1,351452,351012,440
13890041,38,89,491,29200,0.61,1,1,353036,352545,491
13892961,56.4,62.6,496,30660,0.578,1,1,353097,352601,496
13895881,70.48,77.32,489,32120,0.6676,0.85,1,353171,352682,489
13898801,70.096,81.064,477,33580,0.66952,0.83,1,353241,352764,477
13901721,42.0192,42.6128,479,33580,0.669904,0.79,1,353276,352797,479
13904641,31.6038,37.3226,472,33580,0.717981,0.73,1,353305,352833,472
13907561,25.5208,28.2645,470,33580,0.759596,0.73,2,353329,352859,470
13910481,34.7042,31.2529,475,33580,0.815919,0.77,2,353366,352891,475
14009761,33,41,499,37960,0.79,1,2,354751,354252,499
14012681,39.4,37.8,503,37960,0.614,1,1,354792,354289,503
14015601,39.08,33.96,509,37960,0.5468,1,1,354831,354322,509
14018521,44.616,53.992,496,37960,0.56536,1,1,354877,354381,496
14021441,36.9232,37.9984,497,37960,0.633072,1,1,354912,354415,497
14024361,29.7846,33.1997,493,37960,0.614614,1,1,354940,354447,493
14027281,42.7569,38.6399,499,37960,0.578923,1,1,354986,354487,499
14030201,36.5514,36.528,498,37960,0.603785,1,1,355021,354523,498
14033121,23.3103,36.9056,481,37960,0.640757,0.91,1,355041,354560,481
14036041,28.6621,36.9811,474,37960,0.664151,0.95,1,355071,354597,474
14038961,32.1324,36.9962,470,37960,0.68483,0.83,1,355104,354634,470
14041881,36.0265,45.7992,459,37960,0.656966,0.79,1,355141,354682,459
14044801,33.6053,37.9598,456,37960,0.667393,0.79,1,355174,354718,456
14047721,33.1211,33.992,456,37960,0.653479,0.57,1,355207,354751,456
14050641,36.2242,39.5984,452,37960,0.650696,0.53,1,355244,354792,452
14053561,37.6448,39.1197,451,37960,0.730139,0.57,1,355282,354831,451
14056481,42.729,44.6239,449,37960,0.778028,0.65,2,355326,354877,449
14059401,37.3458,36.9248,450,37960,0.899606,0.61,2,355362,354912,450
14152841,35,39,503,37960,0.43,1,1,356558,356055,503
14155761,35.8,34.2,506,39420,0.382,1,1,356594,356088,506
14158681,36.76,34.84,508,39420,0.3084,1,1,356631,356123,508
14161601,38.552,36.568,510,39420,0.24568,1,1,356670,356160,510
14164521,38.1104,36.9136,511,39420,0.201136,1,1,356708,356197,511
14167441,35.6221,37.7827,508,39420,0.208227,1,1,356743,356235,508
14170361,29.5244,41.9565,493,39420,0.177645,1,1,356771,356278,493
14173281,44.3049,54.7913,483,39420,0.219529,1,1,356819,356336,483
14176201,44.061,41.3583,489,39420,0.243906,0.9,1,356863,356374,489
14179121,23.2122,32.2717,477,39420,0.312781,0.97,1,356881,356404,477
14182041,37.4424,44.8543,470,39420,0.262556,0.85,1,356922,356452,470
14184961,30.6885,38.5709,462,40880,0.396511,0.61,1,356951,356489,462
14187881,23.7377,34.9142,450,40880,0.455302,0.43,1,356973,356523,450
14190801,27.9475,34.9828,444,40880,0.48306,0.43,1,357002,356558,444
14193721,30.3895,6.99657,475,40880,0.472612,0.37,1,357033,356558,475
14196641,34.8779,30.1993,475,40880,0.550522,0.29,1,357069,356594,475
14199561,33.3756,35.6399,471,40880,0.550104,0.23,1,357102,356631,471
14202481,33.8751,38.328,466,40880,0.582021,0.19,1,357136,356670,466
14205401,38.775,38.0656,468,40880,0.716404,0.21,1,357176,356708,468
14208321,29.355,35.6131,460,42340,0.839281,0.17,2,357203,356743,460
14211241,45.871,29.5226,482,42340,0.895856,0.23,2,357253,356771,482
14313441,31,35,471,33580,0.01,0.39,1,358620,358149,471
14345561,217.4,244.6,438,33580,0.298,0.33,1,358884,358446,438
14348481,64.28,64.12,445,35040,0.4516,0.13,1,358910,358465,445
14351401,28.056,41.624,428,36500,0.51432,0.05,1,358929,358501,428
14354321,40.0112,35.5248,437,37960,0.734864,0,1,358972,358535,437
14357241,38.4022,35.105,440,39420,0.778973,0.01,2,359010,358570,440
14360161,56.4804,47.021,451,39420,0.755795,0.01,2,359071,358620,451
14363081,48.8961,54.2042,442,39420,0.831159,0.09,2,359118,358676,442
14366001,70.5792,70.8408,443,39420,0.846232,0.17,2,359194,358751,443
14368921,28.5158,32.5682,438,40880,0.865246,0.13,2,359212,358774,438
14371841,35.3032,31.3136,444,40880,0.901049,0.19,2,359249,358805,444
14374761,28.6606,27.0627,445,40880,0.89221,0.29,2,359276,358831,445
14530981,265,303,440,32120,0.67,0.41,1,361195,360755,440
14533901,67.4,71.8,444,33580,0.734,0.41,1,361213,360769,444
14536821,49.48,42.36,454,35040,0.8428,0.37,2,361258,360804,454
14539741,34.696,34.872,452,35040,0.92856,0.33,2,361289,360837,452
14668221,22,13,439,27740,0.91,0.19,2,363150,362711,439
14780641,77,59,469,27740,0.31,0.07,1,364886,364417,469
14783561,64.2,74.2,452,29200,0.39,0.07,1,364947,364495,452
14786481,60.84,53.24,464,29200,0.502,0.05,1,365007,364543,464
14789401,33.768,57.848,432,29200,0.5884,0.05,1,365034,364602,432
14792321,17.9536,25.1696,429,29200,0.66968,0.01,1,365048,364619,429
14795241,22.7907,28.2339,424,29200,0.733936,0.05,1,365072,364648,424
14798161,28.5581,18.4468,438,29200,0.746787,0.05,1,365102,364664,438
14801081,12.9116,22.0894,424,29200,0.781357,0.15,2,365111,364687,424
14879921,33,37,517,30660,0.65,1,1,366476,365959,517
14882841,31.4,30.6,519,30660,0.57,1,1,366507,365988,519
14885761,27.88,30.12,516,30660,0.474,1,1,366534,366018,516
14887221,28.776,26.024,520,30660,0.4068,1,1,366563,366043,520
14920801,438.555,510.805,429,20440,0.58536,0.13,1,367104,366675,429
14923721,162.911,173.361,434,21900,0.749072,0.13,1,367198,366764,434
14926641,116.582,74.6722,489,23360,0.861814,0.25,2,367303,366814,489
15028841,48,61,531,30660,0.89,1,2,369025,368494,531
15119361,57,66,515,30660,0.29,1,1,370494,369979,515
15122281,59.4,44.4,536,30660,0.162,1,1,370554,370018,536
15125201,43.08,63.28,507,30660,0.0724,1,1,370593,370086,507
15128121,77.416,42.256,556,30660,0.03848,1,1,370679,370123,556
15131041,43.4832,74.0512,509,32120,0.015696,1,1,370714,370205,509
15133961,54.2966,44.4102,529,32120,0.203139,0.98,1,370771,370242,529
15136881,34.8593,45.682,513,32120,0.272628,0.96,1,370801,370288,513
15139801,29.3719,36.3364,507,32120,0.318526,1,1,370829,370322,507
15142721,22.6744,37.6673,490,32120,0.407705,0.73,1,370850,370360,490
15145641,30.9349,37.1335,486,32120,0.489541,0.57,1,370883,370397,486
15148561,41.387,39.4267,490,32120,0.617908,0.29,1,370927,370437,490
15151481,48.2774,53.4853,483,32120,0.627582,0.13,1,370977,370494,483
15154401,41.6555,58.6971,463,33580,0.645516,0.05,1,371017,370554,463
15157321,74.7311,42.9394,507,33580,0.649103,0.03,1,371100,370593,507
15160241,16.5462,77.3879,423,33580,0.649821,0.01,1,371102,370679,423
15163161,31.3092,43.4776,423,33580,0.777964,0.25,2,371137,370714,423
15166081,60.6618,54.2955,434,33580,0.867593,0.29,2,371205,370771,434
15312081,27,12,461,32120,0.23,0.37,1,373158,372697,461
15315001,23,28.8,450,33580,0.262,0.27,1,373180,372730,450
15317921,35.8,33.76,454,35040,0.2844,0.31,1,373219,372765,454
15320841,29.56,34.752,447,36500,0.36888,0.23,1,373247,372800,447
15323761,22.712,27.7504,442,36500,0.433776,0.19,1,373268,372826,442
15326681,39.7424,39.1501,444,36500,0.462755,0.09,1,373312,372868,444
15329601,84.7485,43.03,496,36500,0.580551,0.03,1,373408,372912,496
15332521,57.7497,87.006,449,37960,0.68411,0.19,1,373459,373010,449
15335441,41.9499,53.4012,442,37960,0.752822,0.17,2,373497,373055,442
15623061,48,24,458,29200,0.45,0.07,1,377258,376800,458
15625981,80.8,90.4,440,30660,0.626,0.03,1,377347,376907,440
15628901,81.76,75.68,450,30660,0.7572,0.07,2,377429,376979,450
15631821,37.152,38.336,447,30660,0.84744,0.09,2,377455,377008,447
15634741,25.0304,26.0672,446,32120,0.897488,0.13,2,377477,377031,446
15637661,33.8061,34.8134,445,32120,0.939498,0.11,2,377513,377068,445
15744241,49,49,487,26280,0.41,0.9,1,379130,378643,487
15747161,141.8,105,533,27740,0.426,0.61,1,379295,378762,533
15750081,71.56,117.8,466,29200,0.4452,0.59,1,379349,378883,466
15753001,38.312,43.56,471,30660,0.52904,0.51,1,379379,378908,471
15755921,31.6624,43.112,458,30660,0.561808,0.41,1,379409,378951,458
15758841,36.7325,35.0224,463,30660,0.632362,0.45,1,379447,378984,463
15761761,21.7465,31.8045,450,30660,0.662472,0.39,1,379465,379015,450
15764681,45.9493,17.5609,488,30660,0.748495,0.35,1,379517,379029,488
15767601,10.7899,45.1122,438,32120,0.813699,0.41,2,379519,379081,438
15770521,42.158,48.2224,439,32120,0.89074,0.41,2,379569,379130,439
15773441,142.032,9.64449,606,32120,0.906148,0.43,2,379736,379130,606
15776361,30.0063,133.929,443,32120,0.94123,0.45,2,379738,379295,443
15875641,31,32,512,33580,0.51,1,1,381213,380701,512
15878561,33.4,32,514,33580,0.446,1,1,381247,380733,514
15881481,40.28,37.6,517,33580,0.3692,1,1,381289,380772,517
15884401,40.056,35.52,522,33580,0.25784,1,1,381329,380807,522
15887321,34.4112,44.704,508,33580,0.171568,1,1,381362,380854,508
15890241,37.2822,30.5408,519,33580,0.0743136,1,1,381400,380881,519
15893161,38.6564,45.3082,509,33580,0.0708627,0.96,1,381439,380930,509
15896081,32.5313,35.4616,507,33580,0.0541725,0.88,1,381470,380963,507
15899001,32.1063,34.2923,505,33580,0.0348345,1,1,381502,380997,505
15901921,76.0212,34.0585,558,33580,0.142967,0.77,1,381589,381031,558
15904841,48.0042,87.6117,498,33580,0.196593,0.55,1,381630,381132,498
15907761,35.2008,57.5223,480,33580,0.287319,0.51,1,381662,381182,480
15910681,27.8402,36.3045,475,33580,0.369464,0.43,1,381688,381213,475
15913601,34.368,34.4609,477,33580,0.577893,0.35,1,381724,381247,477
15916521,34.8736,40.4922,470,33580,0.635579,0.23,1,381759,381289,470
15919441,29.3747,40.0984,458,33580,0.855116,0.15,2,381787,381329,458
16004121,56,35,525,36500,0.25,1,1,383050,382525,525
16007041,40.8,50.2,508,36500,0.058,1,1,383087,382579,508
16009961,36.16,33.24,514,36500,0.0116,1,1,383122,382608,514
16012881,35.232,41.848,505,36500,0.01032,1,1,383157,382652,505
16015801,35.8464,36.3696,506,37960,0.010064,1,1,383193,382687,506
16018721,35.1693,39.2739,501,37960,0.0580128,1,1,383228,382727,501
16021641,27.8339,35.0548,493,37960,0.0516026,0.98,1,383254,382761,493
16024561,37.5668,35.811,497,37960,0.0343205,1,1,383294,382797,497
16027481,42.7134,49.5622,488,37960,0.0468641,1,1,383338,382850,488
16030401,30.9427,40.3124,478,37960,0.0973728,0.66,1,383366,382888,478
16033321,40.5885,60.8625,455,39420,0.107475,0.66,1,383409,382954,455
16036241,32.1177,12.1725,485,39420,0.173495,0.49,1,383439,382954,485
16039161,38.4235,34.4345,485,39420,0.234699,0.25,1,383479,382994,485
16042081,30.8847,51.6869,458,39420,0.32694,0.01,1,383508,383050,458
16045001,34.1769,39.9374,456,40880,0.377388,0,1,383543,383087,456
16047921,34.8354,35.9875,456,40880,0.403478,0.01,1,383578,383122,456
16050841,8.56708,35.1975,423,40880,0.392696,0.01,1,383580,383157,423
16053761,31.3134,35.8395,424,40880,0.438539,0.07,1,383617,383193,424
16056681,35.0627,35.1679,425,40880,0.511708,0.05,1,383653,383228,425
16059601,26.2125,27.8336,423,42340,0.622342,0.03,1,383677,383254,423
16062521,37.2425,37.5667,423,42340,0.692468,0.05,1,383717,383294,423
16065441,42.6485,42.7133,423,42340,0.770494,0.11,2,383761,383338,423
16068361,32.5297,30.9427,425,42340,0.850099,0.11,2,383791,383366,425
16071281,44.1059,6.18853,472,43800,0.91402,0.11,2,383838,383366,472
16204141,74,83,453,39420,0.73,0.65,1,385691,385238,453
16209981,50,53.4,451,39420,0.762,0.63,2,385735,385284,451
16249401,46,42.68,456,39420,0.7524,0.63,2,385780,385324,456
16252321,37.2,23.736,472,40880,0.78248,0.63,2,385815,385343,472
16255241,27.44,32.7472,462,42340,0.868496,0.59,2,385840,385378,462
16258161,19.888,18.5494,465,43800,0.933699,0.53,2,385858,385393,465
16520961,42,38,477,27740,0.23,0.81,1,389090,388613,477
16523881,63.6,62.8,477,29200,0.214,0.57,1,389159,388682,477
16526801,55.12,65.36,464,30660,0.2908,0.47,1,389212,388748,464
16529721,37.424,42.672,460,32120,0.40216,0.37,1,389245,388785,460
16532641,33.8848,38.9344,455,32120,0.472432,0.31,1,389278,388823,455
16535561,29.977,34.9869,450,32120,0.534486,0.25,1,389307,388857,450
16538481,33.1954,36.5974,447,32120,0.578897,0.11,1,389341,388894,447
16541401,33.8391,38.5195,442,32120,0.635779,0.13,1,389375,388933,442
16544321,53.9678,54.9039,442,32120,0.759156,0.11,2,389434,388992,442
16547241,45.1936,39.7808,449,32120,0.863831,0.23,2,389477,389028,449
16646521,57,49,525,33580,0.43,1,1,390934,390409,525
16649441,71.4,54.6,544,33580,0.238,1,1,391009,390465,544
16652361,47.08,68.52,513,33580,0.1516,1,1,391050,390537,513
16655281,50.216,51.304,517,33580,0.07032,1,1,391101,390584,517
16658201,34.8432,39.0608,512,33580,0.038064,1,1,391132,390620,512
16661121,30.9686,33.4122,510,33580,0.0156128,1,1,391162,390652,510
16664041,27.7937,31.4824,506,33580,0.0431226,1,1,391189,390683,506
16666961,30.3587,25.4965,513,33580,0.0326245,1,1,391220,390707,513
16669881,26.0717,32.2993,504,33580,0.0145249,1,1,391245,390741,504
16672801,46.8144,32.8599,523,33580,0.058905,0.89,1,391297,390774,523
16675721,35.7629,55.372,495,33580,0.115781,0.69,1,391330,390835,495
16678641,41.5526,44.6744,496,33580,0.223156,0.43,1,391373,390877,496
16681561,63.5105,54.5349,508,33580,0.260631,0.19,1,391442,390934,508
16684481,39.9021,70.907,467,33580,0.412126,0.13,1,391476,391009,467
16687401,45.5804,46.9814,473,33580,0.586425,0.05,1,391523,391050,473
16690321,33.1161,50.1963,452,33580,0.685285,0.03,1,391553,391101,452
16693241,31.4232,34.8393,452,33580,0.705057,0.01,1,391584,391132,452
16696161,29.4846,30.9679,451,33580,0.757011,0.05,2,391613,391162,451
16699081,31.4969,27.7936,456,33580,0.783402,0.03,2,391645,391189,456
16702001,25.4994,30.3587,449,33580,0.78868,0.01,2,391669,391220,449
16704921,47.4999,26.0717,477,33580,0.757736,0.07,2,391722,391245,477
16707841,36.7,46.8144,459,33580,0.799547,0.13,2,391756,391297,459
16821721,33,39,486,42340,0.73,1,1,393376,392890,486
16824641,45.8,48.6,484,42340,0.698,1,1,393425,392941,484
16827561,35.56,39.32,480,43800,0.5636,1,1,393458,392978,480
16830481,33.512,7.864,513,43800,0.52072,1,1,393491,392978,513
16833401,30.7024,25.5728,513,43800,0.496144,1,1,393521,393008,513
16836321,33.3405,28.3146,518,43800,0.411229,1,1,393555,393037,518
16839241,33.0681,32.0629,518,43800,0.362246,1,1,393588,393070,518
16842161,29.0136,34.4126,511,43800,0.352449,1,1,393616,393105,511
16845081,20.2027,30.0825,500,43800,0.33449,1,1,393634,393134,500
16848001,13.6405,27.6165,485,45260,0.362898,1,1,393646,393161,485
16850921,39.5281,35.1233,494,45260,0.41658,1,1,393692,393198,494
16853841,23.1056,35.0247,478,45260,0.411316,0.83,1,393711,393233,478
16856761,54.2211,68.6049,463,45260,0.346263,0.83,1,393773,393310,463
16859681,36.4442,13.721,495,46720,0.493253,0.81,1,393805,393310,495
16862601,31.2888,29.1442,492,46720,0.45865,0.73,1,393835,393343,492
16865521,40.6578,32.2288,502,46720,0.62773,0.69,1,393878,393376,502
16868441,9.73155,45.6458,455,46720,0.645546,0.53,1,393880,393425,455
16871361,22.7463,35.5292,448,46720,0.729109,0.51,1,393906,393458,448
16874281,30.1493,33.5058,447,46720,0.825822,0.49,2,393938,393491,447
16982321,63,70,467,42340,0.05,0.83,1,395494,395027,467
16991081,43,46.8,464,42340,0.034,0.47,1,395532,395068,464
16994001,64.6,81.36,444,42340,0.1268,0.45,1,395602,395158,444
17002761,21.72,28.272,440,42340,0.16136,0.29,1,395613,395173,440
17005681,53.144,60.8544,432,42340,0.152272,0.17,1,395674,395242,432
17008601,21.8288,26.5709,428,42340,0.230454,0.15,1,395688,395260,428
17037801,14.7658,16.5142,427,42340,0.198091,0.13,1,395701,395274,427
17040721,30.1532,13.7028,448,43800,0.319618,0.09,1,395735,395287,448
17043641,34.0306,36.3406,441,45260,0.551924,0.05,1,395770,395329,441
17046561,28.4061,35.2681,433,46720,0.630385,0.03,1,395797,395364,433
17049481,10.4812,20.6536,422,46720,0.710077,0.03,1,395803,395381,422
17052401,3.69624,4.13072,424,48180,0.726015,0.03,1,395805,395381,424
17055321,8.73925,0.826145,434,48180,0.681203,0.05,1,395815,395381,434
17058241,32.9479,18.5652,450,48180,0.800241,0.05,2,395854,395404,450
17218841,88,91,452,40880,0.49,0.49,1,397925,397473,452
17226141,65.6,74.2,442,40880,0.618,0.51,1,397985,397543,442
17231981,37.92,38.84,443,40880,0.6116,0.51,1,398016,397573,443
17237821,47.584,46.168,445,40880,0.70632,0.43,1,398066,397621,445
17269941,35.9168,34.8336,446,40880,0.725264,0.45,1,398099,397653,446
17272861,19.1834,7.76672,460,42340,0.777053,0.51,2,398114,397654,460
17275781,7.83667,15.1533,448,43800,0.739411,0.43,1,398119,397671,448
17278701,15.1673,19.8307,444,43800,0.811882,0.43,2,398136,397692,444
17281621,4.63347,3.96613,446,43800,0.826376,0.53,2,398138,397692,446
17284541,54.5267,22.3932,486,43800,0.909275,0.57,2,398205,397719,486
17287461,38.1053,42.0786,473,45260,0.941855,0.47,2,398239,397766,473
17455361,43,61,476,35040,0.63,1,1,400324,399848,476
17458281,39,27.4,495,36500,0.566,1,1,400362,399867,495
17461201,69.4,46.28,521,37960,0.6332,1,1,400439,399918,521
17464121,40.28,61.256,489,37960,0.66264,0.99,1,400472,399983,489
17467041,68.056,57.0512,508,37960,0.812528,0.91,2,400547,400039,508
17469961,36.0112,57.8102,478,37960,0.858506,0.77,2,400575,400097,478
17589681,38,19,446,29200,0.95,0.19,2,402184,401738,446
17696261,477,565,443,26280,0.15,0.19,1,403684,403241,443
17699181,133.8,152.2,442,27740,0.294,0.07,1,403732,403290,442
17702101,101.96,73.64,482,29200,0.3708,0.01,1,403826,403344,482
17705021,67.592,93.928,442,30660,0.27416,0.01,1,403885,403443,442
17707941,84.7184,73.1856,463,30660,0.334832,0.07,1,403974,403511,463
17710861,40.9437,67.4371,427,30660,0.570966,0.07,1,404004,403577,427
17713781,32.1887,38.2874,426,30660,0.570193,0.11,1,404034,403608,426
17716701,27.2377,26.0575,429,30660,0.650039,0.19,1,404060,403631,429
17719621,27.0475,26.8115,429,30660,0.682008,0.19,1,404087,403658,429
17722541,29.4095,17.3623,444,30660,0.704402,0.15,1,404117,403673,444
17725461,47.4819,12.2725,485,30660,0.77288,0.33,2,404169,403684,485
17728381,11.0964,40.8545,439,30660,0.786576,0.39,2,404171,403732,439
17903581,19,31,484,33580,0.85,1,2,406907,406423,484
17906501,44.6,32.6,502,33580,0.882,1,2,406958,406456,502
17909421,31.32,34.52,495,33580,0.8564,1,2,406986,406491,495
17994101,34,30,510,42340,0.73,1,1,408134,407624,510
17997021,36.4,45.2,498,42340,0.698,1,1,408171,407673,498
17999941,34.48,37.04,497,42340,0.5156,1,1,408205,407708,497
18002861,59.696,73.808,480,42340,0.39912,1,1,408271,407791,480
18005781,38.3392,14.7616,513,42340,0.327824,1,1,408304,407791,513
18008701,42.0678,26.1523,527,42340,0.489565,1,1,408347,407820,527
18011621,34.8136,40.4305,516,43800,0.457913,1,1,408380,407864,516
18014541,32.5627,34.4861,515,43800,0.419583,1,1,408412,407897,515
18017461,18.5125,39.6972,489,43800,0.411916,0.92,1,408427,407938,489
18020381,22.9025,32.7394,482,45260,0.474383,0.94,1,408451,407969,482
18023301,35.7805,32.9479,488,45260,0.374877,1,1,408490,408002,488
18026221,21.5561,29.7896,477,45260,0.354975,0.91,1,408508,408031,477
18029141,25.9112,33.9579,469,45260,0.318995,0.91,1,408535,408066,469
18032061,29.1822,6.79158,499,46720,0.327799,0.82,1,408565,408066,499
18034981,26.6364,28.5583,491,46720,0.36156,0.73,1,408591,408100,491
18037901,30.9273,32.9117,489,46720,0.416312,0.69,1,408623,408134,489
18040821,28.5855,36.1823,480,46720,0.459262,0.47,1,408651,408171,480
18043741,52.9171,34.4365,505,46720,0.451853,0.37,1,408710,408205,505
18046661,34.5834,59.6873,469,48180,0.46637,0.31,1,408740,408271,469
18049581,46.9167,38.3375,486,48180,0.661274,0.53,1,408790,408304,486
18052501,10.9833,42.0675,445,48180,0.684255,0.45,1,408792,408347,445
18055421,24.5967,34.8135,440,49640,0.848851,0.41,2,408820,408380,440
18160541,38,30,488,42340,0.17,0.65,1,410158,409670,488
18169301,151.6,180.4,450,40880,0.378,0.49,1,410338,409888,450
18173681,73.52,86.48,441,42340,0.4836,0.27,1,410392,409951,441
18180981,35.504,45.296,432,42340,0.48872,0.13,1,410418,409986,432
18185361,51.9008,60.2592,424,42340,0.633744,0.05,1,410474,410050,424
18188281,53.5802,55.2518,424,42340,0.694749,0.15,1,410528,410104,424
18373701,90,86,479,26280,0.63,0.35,1,412830,412351,479
18376621,62.8,76.4,461,27740,0.806,0.27,2,412886,412425,461
18475901,31,52,510,35040,0.61,1,1,414416,413906,510
18478821,31,30.4,516,35040,0.53,1,1,414447,413931,516
18481741,24.6,28.48,511,35040,0.45,1,1,414470,413959,511
18483201,34.52,22.496,527,35040,0.306,1,1,414507,413980,527
18521161,420.504,498.899,426,23360,0.5652,0.01,1,415024,414598,426
18524081,154.501,139.78,464,24820,0.74504,0.01,1,415112,414648,464
18527001,87.7002,82.356,467,26280,0.813008,0.13,2,415183,414716,467
18645261,45,52,458,26280,0.63,0.33,1,417068,416610,458
18648181,44.2,49.6,453,27740,0.726,0.27,1,417112,416659,453
18817541,39,66,503,29200,0.81,1,2,420164,419661,503
18820461,55.8,42,527,30660,0.906,1,2,420224,419697,527
18823381,35.96,34.8,525,30660,0.8292,1,2,420255,419730,525
18826301,35.992,50.16,507,30660,0.81384,0.99,2,420291,419784,507
18829221,78.3984,85.232,502,30660,0.890768,1,2,420380,419878,502
18832141,44.4797,44.2464,504,30660,0.874154,1,2,420416,419912,504
18835061,26.4959,38.4493,489,32120,0.934831,0.94,2,420438,419949,489
18950401,60,59,456,29200,0.13,0.15,1,422030,421574,456
18953321,45.6,56.6,442,30660,0.162,0,1,422072,421630,442
18956241,73.12,60.92,460,32120,0.2964,0.05,1,422152,421692,460
18959161,53.824,58.584,451,33580,0.43528,0.09,1,422201,421750,451
18962081,65.9648,63.7168,455,35040,0.527056,0.05,1,422270,421815,455
18965001,37.193,51.9434,436,35040,0.625411,0.09,1,422300,421864,436
18967921,33.8386,23.9887,452,35040,0.709082,0.05,1,422333,421881,452
18970841,32.3677,28.7977,454,35040,0.789816,0.07,2,422365,421911,454
18973761,16.0735,29.7595,436,35040,0.853963,0.15,2,422377,421941,436
18976681,18.4147,29.1519,426,35040,0.866793,0.13,2,422396,421970,426
19073041,35,48,503,40880,0.85,1,2,423684,423181,503
19075961,38.2,27.2,520,40880,0.738,1,1,423723,423203,520
19078881,38.84,35.04,522,40880,0.7476,1,1,423762,423240,522
19081801,36.568,35.008,523,40880,0.68552,1,1,423798,423275,523
19084721,33.7136,38.2016,517,40880,0.641104,1,1,423831,423314,517
19087641,35.5427,34.0403,520,40880,0.600221,1,1,423867,423347,520
19090561,35.1085,33.2081,522,40880,0.528044,1,1,423902,423380,522
19093481,29.4217,51.4416,494,40880,0.433609,1,1,423930,423436,494
19096401,33.0843,38.2883,493,40880,0.510722,1,1,423964,423471,493
19099321,33.8169,33.2577,495,40880,0.430144,1,1,423998,423503,495
19102241,33.9634,41.8515,485,40880,0.414029,0.96,1,424032,423547,485
19105161,31.5927,41.9703,474,40880,0.378806,0.95,1,424063,423589,474
19108081,25.5185,30.7941,470,40880,0.419761,0.87,1,424087,423617,470
19111001,27.5037,31.7588,466,40880,0.395952,0.85,1,424115,423649,466
19113921,31.9007,34.3518,464,40880,0.47119,0.71,1,424148,423684,464
19116841,30.3801,38.0704,455,40880,0.582238,0.75,1,424178,423723,455
19119761,38.076,38.8141,456,40880,0.588448,0.67,1,424218,423762,456
19122681,33.2152,36.5628,452,40880,0.73369,0.63,1,424250,423798,452
19125601,34.643,33.7126,454,40880,0.826738,0.59,2,424285,423831,454
19128521,31.7286,35.5425,449,40880,0.877348,0.51,2,424316,423867,449
19236561,36,37,512,40880,0.71,1,1,425595,425083,512
19239481,37.6,35.4,515,40880,0.678,1,1,425633,425118,515
19242401,32.32,50.28,492,40880,0.5756,1,1,425664,425172,492
19245321,40.864,38.056,500,40880,0.50712,1,1,425707,425207,500
19248241,35.3728,29.2112,507,40880,0.397424,1,1,425741,425234,507
19251161,35.0746,40.2422,499,42340,0.439485,1,1,425776,425277,499
19254081,37.4149,38.4484,499,42340,0.415897,1,1,425814,425315,499
19257001,33.883,34.0897,499,42340,0.379179,1,1,425847,425348,499
19259921,32.3766,35.6179,495,42340,0.339836,1,1,425879,425384,495
19262841,32.0753,36.7236,490,42340,0.315967,1,1,425911,425421,490
19265761,19.2151,26.5447,482,42340,0.343193,1,1,425927,425445,482
19268681,35.043,44.5089,472,42340,0.252639,0.95,1,425966,425494,472
19271601,34.2086,38.5018,469,42340,0.186528,0.85,1,426000,425531,469
19274521,26.0417,30.1004,465,42340,0.173306,0.71,1,426024,425559,465
19277441,29.2083,34.8201,459,42340,0.170661,0.67,1,426054,425595,459
19280361,34.6417,37.364,457,42340,0.170132,0.55,1,426090,425633,457
19283281,26.1283,32.2728,450,43800,0.266026,0.49,1,426114,425664,450
19286201,34.0257,40.8546,443,43800,0.333205,0.37,1,426150,425707,443
19289121,29.2051,35.3709,437,43800,0.378641,0.37,1,426178,425741,437
19292041,37.041,7.07418,476,43800,0.419728,0.45,1,426217,425741,476
19294961,37.0082,29.4148,478,43800,0.507946,0.41,1,426254,425776,478
19297881,33.0016,36.283,472,43800,0.525589,0.37,1,426286,425814,472
19300801,30.6003,33.6566,469,43800,0.657118,0.33,1,426316,425847,469
19303721,32.5201,32.3313,470,45260,0.715424,0.31,1,426349,425879,470
19306641,16.104,32.0663,450,45260,0.775085,0.35,2,426361,425911,450
19309561,32.0208,19.2133,470,45260,0.867017,0.23,2,426397,425927,470
19670181,412,440,451,33580,0.81,0.61,2,430521,430070,451
19766541,61,62,521,40880,0.53,1,1,431821,431300,521
19769461,37,41.2,516,40880,0.498,1,1,431852,431336,516
19772381,37.8,32.24,524,40880,0.4276,1,1,431890,431366,524
19775301,33.16,28.848,528,40880,0.39752,1,1,431922,431394,528
19778221,28.232,34.5696,519,40880,0.423504,1,1,431949,431430,519
19781141,39.2464,34.1139,527,40880,0.460701,1,1,431991,431464,527
19784061,29.4493,34.0228,520,40880,0.45214,1,1,432018,431498,520
19786981,20.2899,37.2046,500,40880,0.482428,1,1,432036,431536,500
19789901,34.458,35.4409,503,40880,0.520486,1,1,432074,431571,503
19792821,19.6916,33.4882,486,40880,0.592097,1,1,432090,431604,486
19795741,27.9383,38.6976,476,40880,0.606419,0.99,1,432120,431644,476
19798661,31.1877,37.3395,471,40880,0.657284,0.91,1,432152,431681,471
19801581,28.6375,39.4679,459,40880,0.763457,0.71,2,432180,431721,459
19804501,34.5275,39.0936,456,40880,0.784691,0.53,2,432216,431760,456
19807421,50.1055,56.6187,449,40880,0.820938,0.49,2,432270,431821,449
19810341,33.2211,36.1237,447,40880,0.876188,0.41,2,432299,431852,447
19813261,36.2442,37.6247,446,40880,0.903238,0.39,2,432336,431890,446
19824941,26,27,445,40880,0.91,0.49,2,432463,432018,445
19827861,20.4,19.8,446,40880,0.878,0.53,2,432482,432036,446
19830781,34.48,34.36,446,40880,0.9356,0.61,2,432520,432074,446
19848301,59,54,463,40880,0.89,0.89,2,432733,432270,463
19851221,37.4,34,466,40880,0.906,0.91,2,432765,432299,466
19973861,33,43,487,43800,0.81,1,2,434207,433720,487
19976781,32.2,35,486,43800,0.794,1,2,434239,433753,486
19979701,36.84,33.4,491,43800,0.6948,1,1,434277,433786,491
19982621,38.568,6.68,530,43800,0.67496,1,1,434316,433786,530
19985541,34.1136,26.136,532,43800,0.622992,1,1,434349,433817,532
19988461,26.8227,37.2272,517,43800,0.564598,1,1,434374,433857,517
19991381,22.1645,29.8454,510,45260,0.64892,1,1,434395,433885,510
19994301,25.2329,25.1691,512,45260,0.649784,1,1,434421,433909,512
19997221,43.4466,45.8338,509,45260,0.585957,1,1,434469,433960,509
20000141,31.0893,34.7668,505,45260,0.589191,0.96,1,434497,433992,505
20003061,32.6179,30.1534,509,45260,0.669838,1,1,434530,434021,509
20005981,34.5236,36.4307,506,45260,0.637968,0.97,1,434565,434059,506
20008901,26.9047,36.0861,495,46720,0.647594,0.89,1,434590,434095,495
20011821,6.98094,28.0172,471,46720,0.649519,0.89,1,434592,434121,471
20014741,38.1962,48.0034,464,46720,0.585904,0.81,1,434638,434174,464
20017661,29.2392,36.0007,458,46720,0.557181,0.79,1,434665,434207,458
20020581,29.8478,32.8001,456,46720,0.487436,0.67,1,434695,434239,456
20023501,34.7696,36.96,454,46720,0.441487,0.67,1,434731,434277,454
20026421,37.3539,38.592,453,48180,0.512297,0.61,1,434769,434316,453
20029341,32.2708,34.1184,451,48180,0.55846,0.55,1,434800,434349,451
20032261,26.4542,26.8237,451,48180,0.679692,0.55,1,434825,434374,451
20035181,22.0908,5.36474,472,48180,0.703938,0.67,1,434846,434374,472
20038101,24.4182,17.8729,476,48180,0.756788,0.65,2,434871,434395,476
20041021,43.2836,24.3746,498,49640,0.815358,0.57,2,434919,434421,498
20043941,35.0567,43.2749,483,49640,0.843072,0.59,2,434952,434469,483
20188481,37,44,457,43800,0.91,0.65,2,436769,436312,457
20440181,449,463,449,5840,0.85,0.63,2,441091,440642,449
20443101,91.4,92.6,451,8760,0.818,0.85,2,441093,440642,451
20554061,32,26,531,23360,0.15,1,1,444512,443981,531
20556981,33.6,48.4,511,23360,0.166,1,1,444546,444035,511
20559901,33.12,36.08,511,24820,0.1852,1,1,444579,444068,511
20562821,31.424,34.416,508,24820,0.23704,1,1,444610,444102,508
20565741,19.8848,30.0832,496,24820,0.263408,1,1,444627,444131,496
20568661,29.577,33.2166,494,24820,0.220682,0.31,1,444659,444165,494
20571581,186.715,232.243,438,24820,0.212136,0.19,1,444885,444447,438
20574501,58.9431,72.8487,432,24820,0.258427,0.15,1,444912,444480,432
20577421,36.5886,40.1697,431,24820,0.347685,0.17,1,444943,444512,431
20580341,32.9177,35.2339,429,24820,0.381537,0.17,1,444975,444546,429
20583261,33.7835,7.04679,463,24820,0.500307,0.19,1,445009,444546,463
20586181,34.7567,27.8094,465,24820,0.604061,0.25,1,445044,444579,465
20589101,19.7513,30.3619,450,24820,0.656812,0.27,1,445060,444610,450
20592021,29.5503,19.6724,465,24820,0.731362,0.21,1,445092,444627,465
20650421,51,35,507,24820,0.69,1,1,446370,445863,507
20653341,39,33.4,510,24820,0.578,1,1,446406,445896,510
20656261,35.8,34.68,510,24820,0.4916,1,1,446441,445931,510
20659181,35.16,33.336,512,24820,0.37832,1,1,446476,445964,512
20662101,35.032,30.6672,517,24820,0.339664,1,1,446511,445994,517
20665021,32.6064,33.3334,515,24820,0.203933,1,1,446543,446028,515
20667941,177.721,178.667,514,24820,0.0807866,0.93,1,446757,446243,514
20670861,61.1443,67.7333,506,24820,0.104157,0.93,1,446789,446283,506
20673781,41.8289,42.3467,507,24820,0.124831,0.69,1,446826,446319,507
20676701,29.9658,49.2693,483,24820,0.192966,0.55,1,446853,446370,483
20679621,30.7932,38.6539,478,24820,0.222593,0.47,1,446884,446406,478
20682541,32.5586,35.7308,476,26280,0.244519,0.35,1,446917,446441,476
20685461,30.5117,35.1462,471,26280,0.328904,0.33,1,446947,446476,471
20688381,26.1023,35.0292,461,26280,0.345781,0.17,1,446972,446511,461
20689841,166.02,32.6058,630,26280,0.781156,0.05,2,447173,446543,630
20692761,38.0041,177.721,422,26280,0.900231,0.11,2,447179,446757,422
20799341,50,47,481,24820,0.05,0.92,1,448858,448377,481
20802261,141.2,44.6,601,26280,0.162,0.45,1,449022,448421,601
20805181,64.24,147.32,473,27740,0.2644,0.33,1,449067,448594,473
20808101,60.848,70.264,482,29200,0.34888,0.17,1,449127,448645,482
20811021,34.5696,68.4528,442,30660,0.397776,0.11,1,449155,448713,442
20813941,28.5139,34.4906,443,30660,0.487555,0.03,1,449182,448739,443
20816861,20.9028,34.8981,427,30660,0.537511,0.01,1,449201,448774,427
20819781,28.1806,21.3796,439,30660,0.579502,0.09,1,449231,448792,439
20822701,45.6361,17.0759,473,30660,0.6359,0.05,1,449281,448808,473
20825621,10.7272,43.4152,425,30660,0.61518,0.19,1,449283,448858,425
20828541,138.145,139.883,431,32120,0.755036,0.19,2,449453,449022,431
20831461,67.6291,27.9766,481,32120,0.751007,0.29,2,449503,449022,481
20834381,15.1258,41.5953,438,32120,0.750201,0.37,2,449505,449067,438
20837301,51.8252,56.3191,439,32120,0.86204,0.37,2,449566,449127,439
20840221,35.165,11.2638,470,32120,0.852408,0.41,2,449597,449127,470
20843141,31.033,24.6528,472,32120,0.834482,0.51,2,449627,449155,472
20846061,26.2066,26.5306,470,32120,0.878896,0.55,2,449652,449182,470
20848981,26.8413,20.5061,478,32120,0.903779,0.59,2,449679,449201,478
20851901,50.1683,28.1012,504,32120,0.908756,0.65,2,449735,449231,504
20854821,11.6337,45.6202,456,33580,0.941751,0.61,2,449737,449281,456
20857741,3.92673,10.724,456,33580,0.94835,0.79,2,449739,449283,456
20968701,30,28,487,35040,0.75,1,2,451426,450939,487
20971621,48.4,41.6,495,35040,0.798,1,2,451479,450984,495
20974541,35.28,42.72,484,35040,0.8876,1,2,451511,451027,484
20977461,29.456,32.544,482,35040,0.87352,0.98,2,451539,451057,482
21059221,40,28,511,36500,0.63,1,1,452656,452145,511
21062141,37.6,29.6,518,36500,0.486,1,1,452693,452175,518
21065061,37.92,30.72,525,36500,0.2812,1,1,452731,452206,525
21067981,73.184,91.744,500,36500,0.17624,1,1,452813,452313,500
21070901,43.4368,47.9488,499,37960,0.091248,1,1,452849,452350,499
21073821,34.2874,33.5898,501,37960,0.0582496,1,1,452881,452380,501
21076741,31.6575,37.118,494,37960,0.0996499,1,1,452912,452418,494
21079661,34.3315,36.2236,493,37960,0.21993,1,1,452947,452454,493
21082581,31.6663,7.24472,524,37960,0.275986,1,1,452978,452454,524
21085501,36.7333,32.6489,523,37960,0.223197,1,1,453016,452493,523
21088421,26.5467,42.5298,502,37960,0.244639,0.91,1,453040,452538,502
21091341,35.7093,35.706,506,39420,0.296928,0.77,1,453078,452572,506
21094261,32.7419,42.3412,494,39420,0.291386,0.63,1,453110,452616,494
21097181,24.9484,40.4682,477,39420,0.338277,0.45,1,453133,452656,477
21100101,30.5897,37.6936,472,39420,0.395655,0.23,1,453165,452693,472
21103021,66.1179,37.9387,509,39420,0.455131,0.15,1,453240,452731,509
21105941,14.8236,73.1877,429,40880,0.483026,0.07,1,453242,452813,429
21108861,30.1647,43.4375,427,40880,0.712605,0.05,1,453276,452849,427
21111781,32.4329,34.2875,428,40880,0.790521,0.11,2,453309,452881,428
21230041,163,194,424,33580,0.15,0.07,1,455037,454613,424
21262161,110.2,115.6,425,33580,0.278,0.09,1,455134,454709,425
21265081,50.04,43.12,435,35040,0.3196,0.05,1,455169,454734,435
21268001,35.608,31.824,438,36500,0.37592,0.09,1,455201,454763,438
21270921,26.3216,27.1648,436,37960,0.467184,0.07,1,455225,454789,436
21273841,46.0643,15.033,475,39420,0.661437,0.17,1,455276,454801,475
21276761,29.2129,48.6066,443,39420,0.684287,0.15,1,455301,454858,443
21279681,35.4426,29.7213,455,39420,0.752858,0.17,2,455338,454883,455
21282601,41.4885,41.9443,453,39420,0.830572,0.29,2,455381,454928,453
21285521,47.4977,39.5889,463,39420,0.878114,0.15,2,455430,454967,463
21419841,34,26,508,48180,0.77,1,2,456959,456451,508
21422761,28.4,30,504,48180,0.738,1,1,456986,456482,504
21425681,36.08,33.2,508,48180,0.7316,1,1,457024,456516,508
21428601,35.216,32.24,511,48180,0.69832,1,1,457059,456548,511
21431521,31.0432,35.248,505,48180,0.659664,1,1,457089,456584,505
21434441,23.8086,34.2496,493,48180,0.699933,1,1,457111,456618,493
21437361,32.7617,26.8499,503,48180,0.707987,1,1,457146,456643,503
21440281,33.7523,20.57,518,48180,0.661597,1,1,457180,456662,518
21443201,25.1505,26.514,513,48180,0.748319,1,1,457203,456690,513
21446121,22.6301,32.5028,501,48180,0.765664,1,2,457225,456724,501
21449041,11.726,30.5006,480,48180,0.785133,1,2,457234,456754,480
21451961,27.9452,30.1001,482,48180,0.901027,1,2,457266,456784,482
21577521,95,107,456,33580,0.15,0.17,1,458899,458443,456
21611101,166.2,191,428,33580,0.502,0.11,1,459083,458655,428
21614021,73.24,59,452,35040,0.6844,0.05,1,459133,458681,452
21616941,49.848,47.8,451,36500,0.81688,0.01,2,459177,458726,451
21708921,33,21,543,46720,0.93,1,2,460298,459755,543
21719141,405.8,469.8,460,32120,0.354,0.43,1,460797,460337,460
21723521,148.36,177.96,439,32120,0.3668,0.23,1,460881,460442,439
21762941,68.872,81.992,430,32120,0.44936,0.19,1,460930,460500,430
21765861,49.7744,27.5984,461,33580,0.561872,0.05,1,460975,460514,461
21768781,76.3549,47.1197,492,35040,0.696374,0.11,1,461058,460566,492
21771701,40.871,75.8239,441,35040,0.851275,0.09,2,461090,460649,441
21774621,28.9742,40.7648,435,36500,0.914255,0.05,2,461116,460681,435
21897261,79,55,516,29200,0.29,1,1,462771,462255,516
21900181,65.4,65.4,510,30660,0.258,1,1,462833,462323,510
21903101,55.48,54.68,511,32120,0.3156,0.89,1,462886,462375,511
21906021,79.896,106.936,477,33580,0.35912,0.73,1,462972,462495,477
21908941,37.5792,50.1872,468,33580,0.383824,0.73,1,462999,462531,468
21911861,29.9158,35.6374,464,33580,0.436765,0.51,1,463027,462563,464
21914781,30.7832,35.1275,460,33580,0.399353,0.41,1,463058,462598,460
21917701,32.5566,34.2255,459,33580,0.455871,0.49,1,463091,462632,459
21920621,33.7113,20.4451,476,35040,0.547174,0.39,1,463125,462649,476
21923541,8.34227,38.489,435,35040,0.565435,0.29,1,463127,462692,435
21926461,64.0685,70.8978,434,35040,0.665087,0.29,1,463205,462771,434
21929381,60.8137,14.1796,494,35040,0.733017,0.25,1,463265,462771,494
21932301,13.7627,52.4359,434,35040,0.714603,0.33,1,463267,462833,434
21935221,47.5525,52.8872,437,35040,0.774921,0.33,2,463323,462886,437
21938141,79.9105,10.5774,525,36500,0.914984,0.37,2,463411,462886,525
22084141,117,107,484,29200,0.81,0.55,2,465333,464849,484
22087061,61,60.6,482,30660,0.906,0.47,2,465380,464898,482
22180501,72,92,501,27740,0.15,0.83,1,466784,466283,501
22183421,56.8,74.4,484,29200,0.246,0.63,1,466837,466353,484
22186341,63.36,57.28,496,29200,0.3932,0.11,1,466902,466406,496
22189261,37.472,80.256,441,29200,0.47064,0.01,1,466933,466492,441
22192181,33.0944,44.0512,438,29200,0.422128,0,1,466965,466527,438
22195101,35.4189,36.0102,440,29200,0.412426,0.01,1,467001,466561,440
22198021,35.8838,36.802,439,30660,0.442485,0.01,1,467037,466598,439
22200941,21.5768,34.5604,423,30660,0.496497,0.13,1,467055,466632,423
22203861,70.7154,70.9121,426,30660,0.763299,0.13,2,467138,466712,426
22291461,76,29,551,30660,0.73,1,1,468531,467980,551
22294381,100.8,80.2,565,30660,0.602,1,1,468638,468073,565
22297301,45.76,82.44,514,30660,0.5284,1,1,468670,468156,514
22300221,37.152,39.688,520,30660,0.49768,1,1,468705,468185,520
22303141,53.0304,34.3376,544,30660,0.443536,1,1,468762,468218,544
22306061,40.2061,64.4675,509,30660,0.416707,1,1,468799,468290,509
22308981,30.4412,43.2935,499,30660,0.411341,1,1,468827,468328,499
22311901,33.2882,34.2587,501,30660,0.410268,1,1,468861,468360,501
22314821,33.0576,32.4517,502,30660,0.442054,0.96,1,468894,468392,502
22317741,26.6115,33.6903,493,30660,0.464411,0.91,1,468919,468426,493
22320661,57.3223,29.9381,529,30660,0.516882,0.73,1,468984,468455,529
22323581,89.8645,66.7876,551,30660,0.559376,0.57,1,469082,468531,551
22326501,43.5729,98.9575,476,30660,0.615875,0.51,1,469114,468638,476
22329421,34.3146,45.3915,476,30660,0.691175,0.49,1,469146,468670,476
22332341,51.6629,37.0783,497,30660,0.738235,0.43,1,469202,468705,497
22335261,38.3326,53.0157,475,30660,0.827647,0.41,2,469237,468762,475
22338181,30.8665,40.2031,467,30660,0.845529,0.41,2,469266,468799,467
22341101,35.7733,30.4406,476,30660,0.833106,0.41,2,469303,468827,476
22344021,35.1547,33.2881,477,30660,0.862621,0.45,2,469338,468861,477
22346941,27.0309,33.0576,469,30660,0.916524,0.47,2,469363,468894,469
22615581,54,48,462,27740,0.47,0.03,1,473215,472753,462
22618501,99.6,97.6,463,29200,0.502,0.03,1,473326,472863,463
22621421,79.92,66.72,479,30660,0.6204,0.11,1,473401,472922,479
22624341,72.784,72.544,476,30660,0.83608,0.35,2,473472,472996,476
22744061,89,57,499,24820,0.85,0.39,2,475409,474910,499
22939701,39,40,492,32120,0.81,1,2,478499,478007,492
22942621,41.4,37.6,497,32120,0.826,1,2,478541,478044,497
22945541,37.08,33.92,500,32120,0.7492,1,1,478577,478077,500
22948461,28.216,33.984,492,32120,0.79784,0.91,2,478603,478111,492
22951381,20.0432,35.5968,474,32120,0.855568,0.81,2,478621,478147,474
22954301,33.6086,43.1194,466,32120,0.915114,0.92,2,478658,478192,466
23027301,48,36,493,39420,0.29,1,1,479795,479302,493
23030221,40.8,7.2,532,39420,0.21,1,1,479834,479302,532
23033141,37.76,29.44,534,40880,0.05,1,1,479871,479337,534
23034601,36.352,33.888,535,40880,0.01,1,1,479907,479372,535
23078401,375.27,465.978,421,27740,0.522,0.01,1,480367,479946,421
23081321,126.254,133.996,434,29200,0.5924,0.15,1,480431,479997,434
23084241,69.2508,65.1991,441,30660,0.54248,0.15,1,480486,480045,441
23087161,51.4502,44.2398,449,32120,0.644496,0.19,1,480533,480084,449
23203961,41,25,510,40880,0.85,1,2,482121,481611,510
23206881,27.4,29,504,40880,0.818,1,2,482145,481641,504
23209801,35.08,22.6,520,40880,0.8436,1,2,482182,481662,520
23212721,35.016,45.32,504,40880,0.78472,1,2,482217,481713,504
23215641,29.4032,35.464,499,40880,0.804944,1,2,482245,481746,499
23218561,17.0806,31.0928,483,40880,0.808989,0.97,2,482259,481776,483
23221481,40.2161,33.4186,495,40880,0.745798,1,1,482305,481810,495
23224401,34.4432,33.8837,494,40880,0.70116,1,1,482338,481844,494
23227321,22.8886,36.3767,477,40880,0.804232,0.85,2,482358,481881,477
23230241,23.7777,28.8753,474,40880,0.808846,1,2,482382,481908,474
23233161,23.9555,28.1751,470,40880,0.809769,0.97,2,482406,481936,470
23236081,29.5911,32.035,468,40880,0.809954,0.87,2,482437,481969,468
23239001,68.3182,68.807,468,40880,0.857991,0.81,2,482515,482047,468
23241921,38.4636,40.1614,466,40880,0.867598,0.85,2,482546,482080,466
23244841,37.2927,40.8323,462,40880,0.86952,0.81,2,482583,482121,462
23247761,28.2585,27.3665,464,40880,0.853904,0.85,2,482609,482145,464
23541221,91,98,467,35040,0.41,0.71,1,486429,485962,467
23548521,55,65.2,456,35040,0.378,0.73,1,486475,486019,456
23552901,55.8,58.64,455,35040,0.4516,0.57,1,486531,486076,455
23582101,32.76,40.528,446,35040,0.51432,0.55,1,486558,486112,446
23585021,36.952,23.3056,465,36500,0.478864,0.55,1,486596,486131,465
23587941,35.3904,36.6611,460,37960,0.583773,0.47,1,486631,486171,460
23590861,24.6781,32.9322,450,39420,0.732755,0.35,1,486653,486203,450
23593781,6.53562,16.9864,439,40880,0.730551,0.43,1,486655,486216,439
23596701,33.3071,21.7973,456,40880,0.73011,0.45,1,486695,486239,456
23599621,44.2614,37.1595,462,42340,0.874022,0.37,2,486742,486280,462
23719341,16,11,495,35040,0.03,1,1,488150,487655,495
23722261,20,17.4,497,36500,0.094,1,1,488171,487674,497
23725181,38.4,49.08,483,36500,0.0748,0.71,1,488214,487731,483
23728101,55.68,68.216,470,36500,0.03896,0.25,1,488274,487804,470
23731021,78.336,76.0432,476,36500,0.079792,0,1,488358,487882,476
23733941,46.0672,75.2086,439,36500,0.0879584,0.11,1,488396,487957,439
23736861,38.0134,42.2417,441,36500,0.0175917,0.03,1,488432,487991,441
23739781,38.0027,38.8483,441,36500,0.0435183,0,1,488470,488029,441
23742701,35.6005,38.1697,438,36500,0.0167037,0,1,488505,488067,438
23745621,32.7201,34.8339,436,36500,0.123341,0.03,1,488537,488101,436
23748541,21.744,17.3668,442,36500,0.192668,0.05,1,488556,488114,442
23751461,5.9488,19.4734,424,36500,0.190534,0.03,1,488558,488134,424
23754381,12.3898,16.6947,422,37960,0.222107,0.03,1,488572,488150,422
23757301,19.278,3.33893,443,37960,0.212421,0.11,1,488593,488150,443
23760221,37.4556,17.4678,464,37960,0.354484,0.07,1,488635,488171,464
23763141,56.2911,37.8936,482,37960,0.414897,0.03,1,488696,488214,482
23766061,79.2582,55.5787,507,37960,0.490979,0.09,1,488781,488274,507
23768981,47.8516,78.3157,463,37960,0.490196,0.09,1,488821,488358,463
23771901,36.7703,46.0631,459,37960,0.474039,0,1,488855,488396,459
23774821,41.7541,38.0126,466,37960,0.454808,0.05,1,488898,488432,466
23777741,35.5508,38.0025,462,37960,0.418962,0.01,1,488932,488470,462
23780661,31.9102,35.6005,458,37960,0.443792,0.15,1,488963,488505,458
23783581,23.982,32.7201,448,37960,0.432758,0.21,1,488985,488537,448
23786501,6.39641,21.744,431,37960,0.430552,0.19,1,488987,488556,431
23789421,2.87928,5.9488,431,37960,0.43011,0.23,1,488989,488558,431
23792341,11.7759,12.3898,431,39420,0.494022,0.21,1,489003,488572,431
23795261,23.1552,19.278,436,39420,0.554804,0.39,1,489029,488593,436
23798181,43.831,37.4556,443,39420,0.566961,0.43,1,489078,488635,443
23801101,59.9662,56.2911,446,39420,0.681392,0.51,1,489142,488696,446
23804021,79.1932,79.2582,445,39420,0.640278,0.49,1,489226,488781,445
23806941,47.0386,47.8516,444,39420,0.696056,0.47,1,489265,488821,444
23809861,34.2077,36.7703,441,39420,0.723211,0.45,1,489296,488855,441
23812781,42.0415,41.7541,442,39420,0.728642,0.41,1,489340,488898,442
23815701,35.6083,35.5508,442,39420,0.777728,0.45,2,489374,488932,442
23818621,34.3217,31.9102,445,39420,0.835546,0.43,2,489408,488963,445
23821541,23.6643,23.982,444,39420,0.863109,0.43,2,489429,488985,444
23824461,6.33287,6.39641,444,39420,0.868622,0.43,2,489431,488987,444
23827381,2.86657,2.87928,444,39420,0.869724,0.43,2,489433,488989,444
23830301,13.3733,0.575856,460,39420,0.901945,0.51,2,489449,488989,460
23982141,21,21,520,40880,0.79,1,2,491389,490869,520
23985061,18.6,22.6,515,40880,0.79,1,2,491407,490892,515
24028861,426.12,477.32,452,27740,0.758,0.51,2,491935,491483,452
24135441,85,78,499,29200,0.01,0.83,1,493573,493074,499
24138361,41.8,58.8,476,30660,0.074,0.43,1,493604,493128,476
24141281,43.56,49.36,473,30660,0.1188,0.15,1,493648,493175,473
24144201,47.112,77.872,436,30660,0.25576,0.01,1,493696,493260,436
24147121,36.6224,39.5744,440,30660,0.187152,0.01,1,493730,493290,440
24150041,35.3245,35.9149,440,30660,0.17343,0.01,1,493765,493325,440
24152961,30.2649,35.983,433,32120,0.266686,0.03,1,493794,493361,433
24155881,30.853,30.3966,435,32120,0.269337,0.01,1,493825,493390,435
24158801,74.1706,16.4793,507,32120,0.493867,0.03,1,493910,493403,507
24161721,16.4341,71.2959,424,32120,0.554774,0.01,1,493912,493488,424
24164641,70.4868,82.2592,423,32120,0.726955,0.01,1,493996,493573,423
24167561,40.4974,16.4518,456,32120,0.793391,0.09,2,494029,493573,456
24170481,45.6995,28.0904,472,32120,0.886678,0.13,2,494076,493604,472
24269761,61,72,481,32120,0.51,1,1,495585,495104,481
24272681,47.4,40.8,492,32120,0.382,1,1,495629,495137,492
24275601,31.88,30.56,492,32120,0.2444,1,1,495657,495165,492
24278521,33.576,44.512,478,32120,0.13688,1,1,495691,495213,478
24281441,37.9152,36.1024,483,32120,0.027376,1,1,495730,495247,483
24284361,42.783,32.8205,495,32120,0.0054752,1,1,495774,495279,495
24287281,37.3566,50.5641,476,32120,0.025095,1,1,495810,495334,476
24290201,37.0713,35.7128,481,32120,0.077019,0.98,1,495847,495366,481
24293121,44.2143,51.9426,471,32120,0.0234038,0.89,1,495893,495422,471
24296041,48.8429,55.9885,464,32120,0.0286808,0.69,1,495943,495479,464
24298961,36.9686,47.1977,453,32120,0.0777362,0.51,1,495977,495524,453
24301881,51.3937,58.2395,447,32120,0.0715472,0.35,1,496032,495585,447
24304801,36.6787,46.8479,436,32120,0.150309,0.21,1,496065,495629,436
24307721,23.3357,31.7696,428,32120,0.150062,0.11,1,496085,495657,428
24310641,27.8672,33.5539,423,32120,0.262012,0,1,496114,495691,423
24313561,38.3734,37.9108,425,32120,0.268402,0,1,496155,495730,425
24316481,41.2747,42.7822,423,32120,0.397681,0.03,1,496197,495774,423
24319401,37.0549,37.3564,423,32120,0.439536,0.09,1,496233,495810,423
24322321,38.611,37.0713,425,32120,0.559907,0.01,1,496272,495847,425
24325241,42.1222,44.2143,422,32120,0.631981,0.03,1,496315,495893,422
24328161,49.2244,48.8429,423,32120,0.742396,0.09,1,496366,495943,423
24331081,36.2449,36.9686,422,32120,0.796479,0.07,2,496399,495977,422
24433281,36,48,499,42340,0.77,1,2,497832,497333,499
24436201,35.2,31.2,507,42340,0.674,1,1,497867,497360,507
24439121,39.04,46.24,497,43800,0.5908,1,1,497907,497410,497
24442041,39.808,47.648,489,43800,0.47816,1,1,497947,497458,489
24444961,35.1616,9.5296,523,43800,0.375632,1,1,497981,497458,523
24447881,33.4323,27.5059,524,45260,0.307126,1,1,498014,497490,524
24450801,31.4865,29.5012,525,45260,0.277425,1,1,498045,497520,525
24453721,33.4973,31.5002,527,45260,0.223485,1,1,498079,497552,527
24456641,30.6995,38.3,517,45260,0.116697,1,1,498109,497592,517
24459561,23.7399,35.66,504,45260,0.0953394,1,1,498131,497627,504
24462481,28.748,41.532,491,46720,0.139068,1,1,498161,497670,491
24465401,27.3496,40.3064,478,46720,0.115814,0.88,1,498188,497710,478
24468321,41.4699,49.6613,471,46720,0.111163,0.88,1,498233,497762,471
24471241,31.494,9.93226,500,46720,0.110233,0.88,1,498262,497762,500
24474161,27.8988,29.1865,493,46720,0.158047,0.77,1,498289,497796,493
24477081,30.3798,34.6373,488,46720,0.183609,0.65,1,498320,497832,488
24480001,7.67595,34.9275,455,48180,0.172722,0.57,1,498322,497867,455
24482921,26.3352,38.9855,446,48180,0.186544,0.45,1,498353,497907,446
24485841,34.067,39.7971,442,48180,0.317309,0.35,1,498389,497947,442
24488761,30.0134,35.1594,437,48180,0.391462,0.35,1,498418,497981,437
24491681,30.0027,7.03188,467,48180,0.470292,0.29,1,498448,497981,467
24494601,30.8005,27.8064,465,49640,0.550058,0.27,1,498479,498014,465
24497521,29.3601,30.3613,463,49640,0.662012,0.21,1,498508,498045,463
24500441,27.472,33.2723,456,49640,0.764402,0.09,2,498535,498079,456
24503361,22.2944,30.6545,447,49640,0.81688,0.09,2,498556,498109,447
24506281,6.05888,23.7309,427,51100,0.875376,0.15,2,498558,498131,427
24509201,22.0118,28.7462,423,51100,0.935075,0.11,2,498584,498161,423
24871281,31,25,496,30660,0.83,1,2,505962,505466,496
24874201,29.4,24.2,501,30660,0.718,1,1,505991,505490,501
24877121,26.68,21.64,506,32120,0.5676,1,1,506017,505511,506
24880041,31.736,26.728,511,32120,0.45752,1,1,506050,505539,511
24882961,31.1472,31.7456,509,32120,0.355504,1,1,506081,505572,509
24885881,175.829,197.549,482,32120,0.143101,1,1,506293,505811,482
24888801,58.3659,39.5098,511,32120,0.16462,1,1,506322,505811,511
24891721,38.8732,31.902,515,32120,0.200924,1,1,506356,505841,515
24894641,21.3746,30.3804,502,32120,0.256185,0.93,1,506373,505871,502
24897561,24.2749,29.2761,498,32120,0.251237,0.91,1,506398,505900,498
24900481,21.655,30.6552,488,32120,0.282247,0.83,1,506419,505931,488
24903401,22.731,30.931,480,32120,0.288449,0.69,1,506442,505962,480
24906321,6.1462,29.3862,453,32120,0.30569,0.53,1,506444,505991,453
24909241,18.0292,26.6772,448,32120,0.341138,0.43,1,506465,506017,448
24912161,25.2058,31.7354,442,32120,0.444228,0.33,1,506492,506050,442
24915081,24.2412,31.1471,435,32120,0.480846,0.09,1,506516,506081,435
25007061,180,208,484,24820,0.03,1,1,508162,507678,484
25009981,119.2,80.8,539,26280,0.03,0.98,1,508266,507727,539
25012901,48.64,84.16,485,27740,0.062,0.97,1,508297,507812,485
25015821,33.728,44.832,480,29200,0.1164,0.84,1,508327,507847,480
25018741,30.7456,36.1664,476,29200,0.15928,0.69,1,508357,507881,476
25021661,30.1491,37.6333,468,29200,0.191856,0.59,1,508387,507919,468
25024581,18.8298,34.7267,450,29200,0.222371,0.53,1,508403,507953,450
25027501,23.766,30.1453,446,30660,0.260474,0.53,1,508428,507982,446
25030421,130.353,6.02907,603,30660,0.476095,0.03,1,508585,507982,603
25033341,27.6706,145.206,425,30660,0.519219,0.03,1,508587,508162,425
25036261,87.1341,112.241,423,30660,0.607844,0.03,1,508689,508266,423
25039181,47.0268,22.4482,460,30660,0.545569,0.07,1,508726,508266,460
25042101,11.0054,29.2896,431,30660,0.549114,0.13,1,508728,508297,431
25045021,26.2011,29.8579,431,30660,0.517823,0.17,1,508758,508327,431
25047941,30.8402,29.9716,433,32120,0.575565,0.2,1,508790,508357,433
25050861,30.168,29.9943,433,32120,0.683113,0.23,1,508820,508387,433
25053781,19.6336,18.7989,434,32120,0.688623,0.23,1,508837,508403,434
25056701,23.9267,3.75977,459,32120,0.673725,0.27,1,508862,508403,459
25059621,139.985,20.752,603,32120,0.862745,0.53,2,509031,508428,603
25062541,29.5971,129.75,448,32120,0.900549,0.53,2,509033,508585,448
25065461,91.5194,27.5501,553,32120,0.92411,0.63,2,509140,508587,553
25068381,45.5039,87.11,485,32120,0.944822,0.53,2,509174,508689,485
25071301,10.7008,47.022,450,32120,0.948964,0.55,2,509176,508726,450
25161821,71,70,489,32120,0.75,1,2,510578,510089,489
25164741,44.6,41.2,493,32120,0.654,1,1,510616,510123,493
25167661,35.32,29.04,500,32120,0.5548,1,1,510649,510149,500
25170581,26.264,19.408,507,32120,0.50296,1,1,510673,510166,507
25173501,29.2528,27.0816,508,32120,0.396592,1,1,510703,510195,508
25176421,13.0506,31.0163,485,32120,0.343318,1,1,510712,510227,485
25179341,37.8101,27.8033,502,32120,0.300664,1,1,510756,510254,502
25182261,29.162,19.1607,512,32120,0.260133,1,1,510783,510271,512
25185181,13.8324,33.4321,485,32120,0.204027,0.87,1,510793,510308,485
25188101,118.766,140.286,463,32120,0.208805,0.81,1,510938,510475,463
25191021,46.9533,53.6573,460,32120,0.193761,0.75,1,510967,510507,460
25193941,63.7907,67.5315,457,32120,0.286752,0.63,1,511035,510578,457
25196861,37.5581,43.9063,450,32120,0.35335,0.53,1,511066,510616,450
25199781,29.9116,35.1813,445,32120,0.36667,0.49,1,511094,510649,445
25202701,21.9823,26.2363,441,32120,0.481334,0.37,1,511114,510673,441
25205621,25.1965,29.2473,437,32120,0.584267,0.33,1,511140,510703,437
25208541,12.2393,13.0494,437,32120,0.604853,0.29,1,511149,510712,437
25211461,33.6479,37.8099,432,32120,0.736971,0.25,1,511188,510756,432
25214381,27.5296,29.162,431,32120,0.763394,0.19,2,511214,510783,431
25217301,13.5059,13.8324,431,32120,0.752679,0.21,2,511224,510793,431
25315121,125,140,473,27740,0.05,0.63,1,512788,512315,473
25318041,77,68.8,487,29200,0.194,0.13,1,512853,512366,487
25320961,72.2,75.36,481,30660,0.1908,0.03,1,512924,512443,481
25323881,44.84,78.272,440,32120,0.25416,0.03,1,512962,512522,440
25326801,35.368,45.2544,436,33580,0.266832,0.03,1,512995,512559,436
25329721,27.8736,29.0509,437,33580,0.333366,0.17,1,513021,512584,437
25332641,28.7747,25.0102,442,33580,0.458673,0.15,1,513050,512608,442
25335561,20.1549,31.402,427,33580,0.515735,0.05,1,513068,512641,427
25338481,18.431,23.8804,423,33580,0.639147,0.05,1,513086,512663,423
25341401,105.286,4.77608,550,33580,0.743829,0.05,1,513213,512663,550
25344321,22.6572,100.955,427,35040,0.780766,0.23,2,513215,512788,427
25458201,40,76,512,36500,0.81,1,2,514833,514321,512
25461121,35.2,41.6,513,36500,0.778,1,2,514867,514354,513
25464041,30.24,37.12,506,36500,0.7076,1,1,514896,514390,506
25466961,28.448,28.224,508,36500,0.72552,1,1,514924,514416,508
25469881,16.0896,17.6448,506,36500,0.681104,1,1,514937,514431,506
25472801,24.0179,21.929,509,36500,0.672221,1,1,514963,514454,509
25475721,28.8036,33.1858,503,36500,0.622444,1,1,514993,514490,503
25478641,96.1607,29.0372,588,36500,0.628489,0.93,1,515106,514518,588
25481561,41.6321,98.6074,500,36500,0.581698,0.95,1,515134,514634,500
25484481,35.5264,45.3215,502,36500,0.63634,0.96,1,515168,514666,502
25487401,27.1053,37.8643,491,36500,0.695268,0.87,1,515193,514702,491
25490321,54.2211,31.5729,522,36500,0.883054,0.79,2,515254,514732,522
25493241,40.4442,55.1146,498,36500,0.888611,0.81,2,515291,514793,498
25626101,83,55,507,29200,0.65,0.69,1,517127,516620,507
25629021,53.4,81.4,465,30660,0.826,0.55,2,517173,516708,465
25721001,78,77,508,27740,0.09,1,1,518588,518080,508
25723921,56.4,58.6,505,29200,0.218,1,1,518639,518134,505
25726841,64.88,55.72,517,29200,0.3556,0.67,1,518706,518189,517
25729761,40.976,81.544,464,29200,0.44712,0.55,1,518741,518277,464
25732681,34.5952,46.7088,459,29200,0.513424,0.39,1,518774,518315,459
25735601,23.719,34.9418,448,30660,0.606685,0.23,1,518795,518347,448
25738521,30.3438,31.7884,449,30660,0.609337,0.17,1,518827,518378,449
25741441,17.2688,35.9577,426,30660,0.721867,0.05,1,518841,518415,426
25744361,76.2538,83.1915,422,30660,0.856374,0.05,2,518932,518510,422
25834881,99,62,556,30660,0.13,1,1,520416,519860,556
25837801,77.4,94,526,30660,0.034,1,1,520488,519962,526
25840721,45.08,50,524,30660,0.0788,1,1,520525,520001,524
25843641,37.816,35.6,528,30660,0.05576,1,1,520561,520033,528
25846561,34.7632,45.52,514,30660,0.035152,1,1,520595,520081,514
25849481,37.3526,39.504,514,30660,0.12703,1,1,520633,520119,514
25852401,40.2705,46.3008,507,30660,0.129406,1,1,520674,520167,507
25855321,35.2541,38.0602,505,30660,0.225881,1,1,520708,520203,505
25858241,30.2508,39.612,494,30660,0.261176,0.73,1,520737,520243,494
25861161,30.0502,37.5224,487,30660,0.316235,0.61,1,520767,520280,487
25864081,65.21,37.1045,524,30660,0.503247,0.13,1,520841,520317,524
25867001,68.242,86.6209,494,30660,0.508649,0.01,1,520910,520416,494
25869921,43.2484,74.9242,459,30660,0.49373,0.09,1,520947,520488,459
25872841,39.0497,44.5848,460,30660,0.442746,0.05,1,520985,520525,460
25875761,35.0099,37.717,458,30660,0.512549,0.03,1,521019,520561,458
25878681,41.402,34.7434,467,30660,0.62251,0.15,1,521062,520595,467
25881601,41.0804,37.3487,470,30660,0.740502,0.13,1,521103,520633,470
25884521,39.4161,40.2697,468,30660,0.7801,0.25,2,521142,520674,468
25887441,31.8832,35.2539,464,30660,0.83602,0.27,2,521172,520708,464
25972121,36,34,514,37960,0.73,1,1,522493,521979,514
25975041,35.2,33.2,516,37960,0.698,1,1,522528,522012,516
25977961,37.44,41.04,511,37960,0.5956,1,1,522566,522055,511
25980881,37.088,37.808,511,37960,0.46312,1,1,522603,522092,511
25983801,33.0176,33.9616,510,39420,0.420624,1,1,522635,522125,510
25986721,34.6035,40.3923,503,39420,0.348125,1,1,522670,522167,503
25989641,54.1207,70.4785,484,39420,0.269625,1,1,522729,522245,484
25992561,63.6241,66.0957,485,40880,0.173925,1,1,522795,522310,485
25995481,40.7248,13.2191,520,40880,0.090785,1,1,522830,522310,520
25998401,36.945,39.4438,510,40880,0.042157,1,1,522866,522356,510
26001321,32.189,35.8888,506,42340,0.0964314,0.96,1,522897,522391,506
26004241,23.2378,37.5778,489,42340,0.139286,0.83,1,522918,522429,489
26007161,6.24756,29.9155,463,42340,0.131857,0.73,1,522920,522457,463
26010081,26.8495,34.7831,459,42340,0.114371,0.69,1,522952,522493,459
26013001,30.1699,34.9566,455,43800,0.190874,0.57,1,522983,522528,455
26015921,29.234,37.3913,446,43800,0.270175,0.43,1,523012,522566,446
26018841,32.2468,37.0783,442,43800,0.398035,0.43,1,523045,522603,442
26021761,29.6494,7.41565,471,43800,0.471607,0.41,1,523074,522603,471
26024681,32.3299,27.0831,472,45260,0.470321,0.33,1,523107,522635,472
26027601,49.666,33.4166,491,45260,0.646064,0.25,1,523161,522670,491
26030521,11.5332,53.8833,434,46720,0.697213,0.15,1,523163,522729,434
26173601,32,36,457,43800,0.75,0.67,2,525052,524595,457
26177981,53.6,59.2,451,43800,0.814,0.57,2,525111,524660,451
26186741,34.72,40.64,445,43800,0.8588,0.45,2,525141,524696,445
26189661,78.944,83.328,441,43800,0.91576,0.41,2,525231,524790,441
26194041,26.9888,27.8656,441,43800,0.879152,0.41,2,525245,524804,441
26201341,12.5978,12.7731,441,43800,0.85583,0.51,2,525254,524813,441
26537141,88,117,460,24820,0.49,0.19,1,529069,528609,460
26540061,104,97,476,24820,0.65,0.03,1,529177,528701,476
26542981,50.4,77.8,440,24820,0.698,0.03,1,529214,528774,440
26545901,37.28,43.56,439,24820,0.7876,0.07,2,529248,528809,439
26548821,24.256,31.912,431,24820,0.82152,0.01,2,529269,528838,431
26551741,36.8512,17.5824,457,24820,0.876304,0.19,2,529309,528852,457
26615981,141,120,498,26280,0,1,1,530631,530133,498
26618901,57.8,53.6,498,26280,0.008,1,1,530668,530170,498
26621821,37.96,37.92,497,26280,0.0896,1,1,530701,530204,497
26624741,30.792,33.184,494,26280,0.05792,1,1,530730,530236,494
26627661,35.7584,37.0368,493,26280,0.051584,1,1,530767,530274,493
26630581,15.9517,33.8074,471,26280,0.0663168,0.99,1,530778,530307,471
26633501,25.5903,33.9615,465,26280,0.0212634,0.67,1,530806,530341,465
26636421,37.9181,48.3923,454,26280,0.108253,0.33,1,530847,530393,454
26639341,68.3836,87.2785,433,26280,0.141651,0,1,530923,530490,433
26642261,120.077,130.256,425,26280,0.30833,0.01,1,531056,530631,425
26645181,54.4153,55.6511,426,26280,0.357666,0.11,1,531094,530668,426
26648101,35.6831,37.5302,424,26280,0.447533,0.05,1,531125,530701,424
26651021,31.1366,30.706,425,26280,0.545507,0.05,1,531155,530730,425
26653941,35.0273,35.7412,424,26280,0.549101,0.07,1,531191,530767,424
26656861,15.8055,15.9482,424,26280,0.59782,0.01,1,531202,530778,424
26659781,23.9611,25.5896,422,26280,0.655564,0.13,1,531228,530806,422
26662701,40.7922,37.9179,426,26280,0.699113,0.15,1,531273,530847,426
26665621,71.3584,68.3836,429,26280,0.867823,0.35,2,531352,530923,429
26782421,46,63,468,24820,0.53,0.57,1,533462,532994,468
26785341,95.6,69.4,505,26280,0.578,0.59,1,533570,533065,505
26788261,35.92,68.28,458,27740,0.6676,0.55,1,533591,533133,458
26791181,13.584,27.256,449,29200,0.66952,0.51,1,533599,533150,449
26794101,32.3168,27.0512,459,29200,0.653904,0.57,1,533636,533177,459
26797021,33.6634,28.6102,464,29200,0.650781,0.49,1,533670,533206,464
26799941,28.3327,41.722,446,29200,0.698156,0.63,1,533697,533251,446
26802861,140.867,140.344,450,29200,0.643631,0.63,1,533866,533416,450
26805781,63.3733,28.0689,494,30660,0.664726,0.53,1,533910,533416,494
26808701,14.2747,42.4138,450,30660,0.668945,0.59,1,533912,533462,450
26811621,90.8549,94.8828,452,30660,0.781789,0.59,2,534022,533570,452
26814541,36.571,18.9766,475,30660,0.804358,0.69,2,534045,533570,475
26817461,8.9142,20.5953,456,30660,0.808872,0.67,2,534047,533591,456
26820381,8.18284,10.5191,456,30660,0.793774,0.65,2,534055,533599,456
26823301,32.0366,31.7038,457,32120,0.870755,0.65,2,534093,533636,457
26826221,34.4073,33.5408,458,32120,0.918151,0.71,2,534128,533670,458
26829141,27.6815,28.3082,457,32120,0.91163,0.63,2,534154,533697,457
26995581,38,27,530,32120,0.85,1,2,537144,536614,530
26998501,40.4,60.6,502,32120,0.754,1,2,537185,536683,502
27001421,51.28,39.32,522,32120,0.7348,1,1,537239,536717,522
27004341,91.056,48.664,572,32120,0.49096,1,1,537340,536768,572
27007261,44.6112,88.1328,507,32120,0.442192,1,1,537373,536866,507
27010181,26.5222,45.6266,494,32120,0.464438,0.91,1,537395,536901,494
27013101,42.1044,61.9253,474,32120,0.404888,1,1,537441,536967,474
27016021,30.8209,37.9851,470,32120,0.344978,0.87,1,537469,536999,470
27018941,32.5642,38.797,464,32120,0.300995,0.89,1,537502,537038,464
27021861,33.7128,35.7594,463,32120,0.276199,0.89,1,537536,537073,463
27024781,32.3426,33.5519,462,32120,0.25524,0.85,1,537568,537106,462
27027701,36.8685,37.1104,462,32120,0.203048,0.73,1,537606,537144,462
27030621,38.5737,40.2221,460,32120,0.17661,0.73,1,537645,537185,460
27033541,47.7147,51.2444,456,32120,0.155322,0.43,1,537695,537239,456
27036461,81.5429,91.0489,445,32120,0.215064,0.43,1,537785,537340,445
27039381,41.9086,44.6098,444,32120,0.275013,0.47,1,537817,537373,444
27042301,26.7817,26.522,445,32120,0.303003,0.39,1,537840,537395,445
27045221,38.9563,42.1044,441,32120,0.372601,0.33,1,537882,537441,441
27048141,26.9913,30.8209,437,32120,0.57852,0.29,1,537906,537469,437
27051061,29.3983,32.5642,434,32120,0.699704,0.27,1,537936,537502,434
27053981,32.2796,33.7128,433,32120,0.659941,0.25,1,537969,537536,433
27056901,32.0559,32.3426,433,32120,0.747988,0.19,1,538001,537568,433
27059821,33.6112,36.8685,429,32120,0.829598,0.17,2,538035,537606,429
27062741,36.3222,38.5737,427,32120,0.81392,0.15,2,538072,537645,427
27065661,46.4644,47.7147,426,32120,0.874784,0.23,2,538121,537695,426
27068581,88.4929,81.5429,435,32120,0.934957,0.29,2,538220,537785,435
27167861,31,39,492,33580,0.81,1,2,539701,539209,492
27170781,28.6,33.4,488,33580,0.794,1,2,539729,539241,488
27173701,39.32,38.68,490,33580,0.8228,1,2,539771,539281,490
27176621,27.064,29.336,487,33580,0.79656,1,2,539795,539308,487
27179541,47.8128,55.4672,478,33580,0.807312,0.97,2,539848,539370,478
27182461,35.1626,39.0934,475,33580,0.825462,0.78,2,539880,539405,475
27185381,27.8325,30.2187,473,33580,0.781093,1,2,539906,539433,473
27188301,35.9665,38.0437,471,33580,0.868219,0.98,2,539944,539473,471
27191221,35.9933,37.2087,470,33580,0.933644,0.91,2,539980,539510,470
27515341,47,53,471,30660,0.29,1,1,544020,543549,471
27518261,37.4,24.2,489,32120,0.37,0.57,1,544055,543566,489
27521181,56.28,76.84,460,33580,0.386,0.37,1,544116,543656,460
27524101,32.856,44.968,450,33580,0.3732,0.17,1,544143,543693,450
27527021,30.5712,37.7936,444,33580,0.38664,0.05,1,544173,543729,444
27529941,34.1142,37.9587,441,35040,0.389328,0,1,544208,543767,441
27532861,36.4228,37.9917,440,35040,0.357866,0.03,1,544245,543805,440
27535781,42.4846,38.7983,445,35040,0.319573,0.09,1,544289,543844,445
27538701,34.0969,35.7597,442,35040,0.359915,0.01,1,544321,543879,442
27541621,47.6194,46.3519,444,35040,0.335983,0.31,1,544372,543928,444
27544541,49.5239,45.2704,449,35040,0.443197,0.29,1,544422,543973,449
27547461,37.1048,46.6541,436,35040,0.544639,0.39,1,544456,544020,436
27550381,38.621,37.3308,440,35040,0.676928,0.39,1,544495,544055,440
27553301,58.1242,7.46616,503,35040,0.799386,0.39,2,544558,544055,503
27556221,32.4248,50.2932,468,36500,0.823877,0.37,2,544584,544116,468
27559141,31.285,31.6586,472,36500,0.844775,0.39,2,544615,544143,472
27562061,7.85699,30.3317,444,36500,0.816955,0.39,2,544617,544173,444
27564981,24.7714,34.0663,438,36500,0.891391,0.35,2,544646,544208,438
27567901,32.9543,36.4133,436,36500,0.938278,0.31,2,544681,544245,436
27661341,36,34,492,37960,0.63,1,1,545925,545433,492
27664261,60.8,57.2,496,37960,0.47,1,1,545992,545496,496
27667181,36.96,41.84,489,37960,0.358,1,1,546023,545534,489
27670101,37.792,37.968,490,37960,0.2876,1,1,546061,545571,490
27673021,34.7584,31.5936,494,37960,0.25752,1,1,546095,545601,494
27675941,31.7517,25.5187,501,37960,0.219504,1,1,546126,545625,501
27678861,16.7503,24.3037,490,37960,0.195901,1,1,546139,545649,490
27681781,33.7501,31.2607,495,37960,0.15918,1,1,546177,545682,495
27684701,31.55,31.0522,495,37960,0.039836,1,1,546208,545713,495
27687621,42.31,57.4104,476,37960,0.111967,1,1,546253,545777,476
27690541,35.662,42.6821,471,37960,0.142393,0.85,1,546287,545816,471
27693461,35.1324,42.1364,464,37960,0.164479,0.71,1,546322,545858,464
27696381,27.0265,33.2273,458,37960,0.136896,0.63,1,546347,545889,458
27699301,30.2053,35.4455,453,37960,0.211379,0.43,1,546378,545925,453
27702221,50.8411,60.6891,442,37960,0.290276,0.33,1,546434,545992,442
27705141,30.1682,36.9378,436,37960,0.290055,0.27,1,546459,546023,436
27708061,34.8336,37.7876,434,37960,0.418011,0.25,1,546495,546061,434
27710981,30.9667,34.7575,430,37960,0.555602,0.21,1,546525,546095,430
27713901,30.9933,31.7515,430,37960,0.59912,0.19,1,546556,546126,430
27716821,14.9987,16.7503,428,37960,0.623824,0.15,1,546567,546139,428
27719741,33.3997,33.7501,428,37960,0.676765,0.01,1,546605,546177,428
27722661,28.2799,31.55,424,37960,0.735353,0.13,1,546632,546208,424
27725581,44.856,42.31,428,37960,0.795071,0.15,2,546681,546253,428
27859901,37,36,493,45260,0.73,1,1,548358,547865,493
27862821,34.6,7.2,527,45260,0.666,1,1,548392,547865,527
27865741,36.52,27.04,532,46720,0.6052,1,1,548429,547897,532
27868661,32.104,37.408,523,46720,0.60904,1,1,548460,547937,523
27871581,31.2208,33.8816,521,46720,0.545808,1,1,548491,547970,521
27874501,30.2442,29.9763,522,46720,0.533162,1,1,548521,547999,522
27877421,30.0488,40.3953,509,46720,0.514632,1,1,548551,548042,509
27880341,20.4098,36.8791,491,48180,0.526926,1,1,548569,548078,491
27883261,28.882,35.3758,487,48180,0.545385,1,1,548600,548113,487
27886181,29.7764,30.2752,488,48180,0.517077,0.97,1,548630,548142,488
27889101,28.3553,31.655,484,48180,0.543415,0.94,1,548658,548174,484
27892021,23.2711,33.531,472,48180,0.500683,0.98,1,548680,548208,472
27894941,23.8542,29.9062,467,48180,0.508137,0.98,1,548704,548237,467
27897861,40.7708,5.98124,512,48180,0.493627,0.86,1,548749,548237,512
27900781,32.9542,38.7963,496,48180,0.522725,0.79,1,548780,548284,496
27903701,32.9908,37.3592,492,49640,0.560545,0.73,1,548813,548321,492
27906621,36.1982,37.0718,492,49640,0.560109,0.65,1,548850,548358,492
27909541,8.83963,34.6144,460,49640,0.536022,0.59,1,548852,548392,460
27912461,28.1679,36.5229,456,49640,0.595204,0.61,1,548885,548429,456
27915381,27.2336,32.1046,452,49640,0.623041,0.53,1,548912,548460,452
27918301,27.8467,31.2209,449,49640,0.628608,0.53,1,548940,548491,449
27921221,28.7693,30.2442,448,51100,0.725722,0.51,1,548969,548521,448
27924141,28.1539,30.0488,446,51100,0.761144,0.51,2,548997,548551,446
27927061,21.6308,6.00977,466,51100,0.816229,0.53,2,549017,548551,466
28062841,90,94,476,43800,0.81,1,2,550698,550222,476
28067221,72.4,78,470,43800,0.762,0.93,2,550766,550296,470
28075981,33.68,38,466,43800,0.7364,0.79,1,550790,550324,466
28078901,70.736,74.8,462,40909,0.69928,0.67,1,550870,550408,462
28116861,28.5472,34.16,456,40038,0.755856,0.65,2,550888,550432,456
28119781,43.3094,33.232,470,39168,0.719171,0.63,1,550935,550465,470
28122701,35.0619,32.2464,471,37427,0.727834,0.61,1,550968,550497,471
28125621,45.4124,33.6493,485,35686,0.777567,0.81,2,551016,550531,485
28128541,50.6825,51.5299,481,33945,0.867513,0.77,2,551068,550587,481
28131461,11.7365,27.106,462,32205,0.885503,0.83,2,551070,550608,462
28207381,31,30,535,36500,0.71,1,1,552217,551682,535
28246801,395,467.6,444,24820,0.326,0.19,1,552703,552259,444
28249721,105.4,125.52,437,26280,0.3132,0,1,552736,552299,437
28252641,85.08,74.704,455,27740,0.29464,0.01,1,552816,552361,455
28255561,101.016,69.3408,492,29200,0.306928,0.03,1,552921,552429,492
28258481,123.403,82.6682,535,29200,0.613386,0.11,1,553050,552515,535
28261401,26.2806,102.134,430,29200,0.642677,0.15,1,553052,552622,430
28264321,22.8561,38.8267,429,29200,0.696535,0.21,1,553074,552645,429
28267241,23.7712,26.9653,429,29200,0.755307,0.15,2,553098,552669,429
28270161,25.5542,16.5931,441,29200,0.783061,0.23,2,553124,552683,441
28273081,17.1108,19.3186,436,29200,0.836612,0.31,2,553139,552703,436
28276001,28.2222,30.2637,434,29200,0.895323,0.31,2,553170,552736,434
28354841,32,21,527,30660,0.81,1,2,554539,554012,527
28357761,27.2,25,527,30660,0.746,1,1,554565,554038,527
28360681,27.04,30.6,522,30660,0.6852,1,1,554592,554070,522
28363601,31.008,32.52,521,30660,0.65704,1,1,554624,554103,521
28366521,32.6016,25.704,530,30660,0.491408,1,1,554657,554127,530
28369441,41.7203,48.3408,520,30660,0.330282,1,1,554701,554181,520
28372361,61.1441,52.0682,533,30660,0.170056,1,1,554767,554234,533
28375281,126.629,58.4136,616,30660,0.0420113,1,1,554910,554294,616
28378201,50.1258,127.683,502,30660,0.0484023,0.92,1,554941,554439,502
28381121,36.4252,52.7365,501,30660,0.0336805,0.89,1,554974,554473,501
28384041,28.085,37.7473,493,30660,0.0467361,0.81,1,555000,554507,493
28386961,21.617,33.1495,481,30660,0.0813472,0.73,1,555020,554539,481
28389881,26.7234,27.4299,483,30660,0.184269,0.67,1,555048,554565,483
28392801,26.9447,27.086,483,30660,0.172854,0.65,1,555075,554592,483
28395721,22.9889,31.0172,473,30660,0.234571,0.45,1,555097,554624,473
28398641,33.3978,32.6034,476,30660,0.342914,0.29,1,555133,554657,476
28401561,54.6796,41.7207,492,30660,0.540583,0.13,1,555193,554701,492
28404481,123.736,61.1441,567,30660,0.612117,0.01,1,555334,554767,567
28407401,47.1472,126.629,452,30660,0.754423,0.05,2,555362,554910,452
28410321,36.6294,50.1258,455,30660,0.846885,0.03,2,555396,554941,455
28503761,24,33,531,37960,0.92,1,2,556845,556314,531
28506681,32,33.8,531,37960,0.864,1,2,556879,556348,531
28509601,33.6,29.16,537,37960,0.7728,1,2,556913,556376,537
28512521,30.72,21.832,547,39420,0.61056,1,1,556943,556396,547
28515441,17.344,37.1664,520,39420,0.594112,1,1,556957,556437,520
28518361,33.8688,31.4333,528,39420,0.590822,1,1,556995,556467,528
28521281,33.1738,30.2867,531,39420,0.558164,1,1,557028,556497,531
28524201,31.4348,33.2573,528,39420,0.567633,1,1,557059,556531,528
28527121,31.887,58.6515,495,39420,0.521527,1,1,557091,556596,495
28530041,109.577,11.7303,624,40880,0.624305,1,1,557220,556596,624
28532961,34.7155,125.546,486,40880,0.660861,0.95,1,557236,556750,486
28535881,28.5431,53.1092,478,40880,0.668172,0.88,1,557263,556785,478
28538801,25.7086,39.4218,467,40880,0.733634,0.92,1,557288,556821,467
28541721,25.1417,27.0844,468,40880,0.730727,0.85,1,557313,556845,468
28544641,28.2283,32.6169,463,40880,0.778145,0.75,2,557342,556879,463
28547561,30.4457,33.7234,460,40880,0.771629,0.75,2,557373,556913,460
28550481,22.0891,6.74467,480,42340,0.866326,0.57,2,557393,556913,480
28684801,161,185,454,40880,0.57,0.35,1,559237,558783,454
28693561,101.8,121,436,40880,0.682,0.19,1,559324,558888,436
28696481,74.76,84.2,429,40880,0.8644,0.15,2,559392,558963,429
28845401,64,70,451,36500,0.29,0.53,1,561131,560680,451
28851241,35.2,41.2,445,36500,0.338,0.37,1,561159,560714,445
28857081,36.64,41.04,441,36500,0.4436,0.33,1,561196,560755,441
28890661,31.328,35.408,437,36500,0.49672,0.31,1,561226,560789,437
28893581,23.8656,19.8816,443,37960,0.523344,0.17,1,561248,560805,443
28896501,38.3731,24.7763,459,39420,0.704669,0.15,1,561290,560831,459
28899421,24.4746,36.1553,441,39420,0.756934,0,2,561311,560870,441
28902341,33.6949,36.8311,440,40880,0.639387,0.03,1,561347,560907,440
28905261,29.939,31.3662,439,40880,0.711877,0.03,1,561376,560937,439
28908181,13.9878,24.6732,426,40880,0.726376,0.03,1,561386,560960,426
28911101,16.3976,19.3346,425,40880,0.761275,0.05,2,561403,560978,425
29153461,32,78,452,16060,0.63,0.31,1,567378,566926,452
29156381,30.4,42.8,448,17520,0.694,0.27,1,567408,566960,448
29159301,22.08,29.36,442,18980,0.7548,0.29,2,567428,566986,442
29162221,14.816,22.672,434,18980,0.75096,0.63,2,567441,567007,434
29226461,31,60,468,16060,0.51,0.55,1,569342,568874,468
29229381,34.2,43.2,464,17520,0.526,0.45,1,569377,568913,464
29232301,72.44,37.44,510,18980,0.7212,0.47,1,569459,568949,510
29286321,39,23,521,20440,0.81,1,2,570860,570339,521
29289241,35.8,32.6,521,20440,0.714,1,1,570895,570374,521
29292161,154.36,175.32,494,20440,0.4388,1,1,571079,570585,494
29295081,60.472,72.664,484,20440,0.25576,1,1,571116,570632,484
29298001,72.0944,85.7328,470,20440,0.283152,0.89,1,571191,570721,470
29300921,50.4189,56.3466,466,20440,0.35263,0.83,1,571236,570770,466
29303841,46.8838,52.0693,461,20440,0.350526,0.81,1,571282,570821,461
29306761,36.5768,41.6139,456,20440,0.398105,0.69,1,571316,570860,456
29309681,32.1154,36.3228,452,20440,0.423621,0.37,1,571347,570895,452
29312601,140.823,154.465,436,20440,0.524724,0.21,1,571515,571079,436
29315521,56.1646,60.4929,434,20440,0.544945,0.29,1,571550,571116,434
29318441,75.2329,72.0986,439,20440,0.708989,0.37,1,571630,571191,439
29321361,52.6466,50.4197,441,20440,0.709798,0.35,1,571677,571236,441
29324281,46.5293,46.8839,440,20440,0.74196,0.41,1,571722,571282,440
29327201,34.9059,36.5768,438,20440,0.828392,0.43,2,571754,571316,438
29330121,34.9812,32.1154,442,20440,0.861678,0.55,2,571789,571347,442
29333041,146.996,140.823,449,20440,0.884336,0.55,2,571964,571515,449
29335961,54.1992,56.1646,445,20440,0.920867,0.75,2,571995,571550,445
29408961,49,0,528,27740,0.83,0.98,2,573614,573086,528
29411881,37.8,30.4,525,29200,0.894,1,2,573649,573124,525
29414801,34.76,46.88,508,29200,0.8908,1,2,573683,573175,508
29505321,87,102,449,26280,0.31,0.51,1,575557,575108,449
29512621,43.8,50,445,26280,0.374,0.19,1,575590,575145,445
29537441,170.36,183.6,430,26280,0.6268,0.19,1,575792,575362,430
29540361,84.472,58.32,466,27740,0.78936,0.19,2,575855,575389,466
29676141,23,13,449,27740,0.61,0.33,1,577921,577472,449
29679061,31.8,25.8,454,29200,0.578,0.37,1,577955,577501,454
29681981,17.56,29.96,437,29200,0.6036,0.29,1,577969,577532,437
29684901,77.112,68.392,451,29200,0.72072,0.31,1,578061,577610,451
29687821,54.6224,55.2784,448,29200,0.696144,0.29,1,578110,577662,448
29690741,84.5245,83.0557,450,29200,0.851229,0.31,2,578202,577752,450
29908281,39,12,454,23360,0.63,0.01,1,582013,581559,454
29987121,21,25,520,32120,0.47,1,1,583429,582909,520
29990041,27.4,22.6,527,32120,0.438,1,1,583458,582931,527
29992961,82.28,28.52,593,32120,0.1276,1,1,583554,582961,593
29995881,45.256,94.504,518,32120,0.09752,1,1,583590,583072,518
29998801,33.8512,48.5008,512,32120,0.027504,1,1,583621,583109,512
30001721,21.1702,35.3002,498,32120,0.0295008,1,1,583639,583141,498
30004641,28.234,31.86,497,32120,0.0619002,1,1,583669,583172,497
30007561,29.6468,31.972,495,32120,0.08438,1,1,583699,583204,495
30010481,25.9294,31.1944,489,32120,0.136876,0.67,1,583724,583235,489
30013401,91.5859,119.839,455,32120,0.227375,0.51,1,583832,583377,455
30016321,37.5172,48.7678,448,32120,0.325475,0.47,1,583856,583408,448
30019241,21.1034,26.5536,444,32120,0.393095,0.43,1,583873,583429,444
30022161,25.8207,28.5107,442,32120,0.438619,0.05,1,583900,583458,442
30025081,69.9641,82.5021,427,32120,0.591724,0.09,1,583981,583554,427
30028001,40.3928,45.3004,424,32120,0.686345,0.01,1,584014,583590,424
30030921,32.0786,33.8601,423,32120,0.785269,0.03,2,584044,583621,423
30033841,20.8157,21.172,423,32120,0.773054,0.07,2,584062,583639,423
30036761,28.9631,28.2344,424,32120,0.738611,0.09,1,584093,583669,424
30039681,30.5926,29.6469,425,32120,0.795722,0.15,2,584124,583699,425
30042601,30.1185,25.9294,430,32120,0.807144,0.25,2,584154,583724,430
30261601,44,56,443,26280,0.53,0.03,1,587724,587281,443
30264521,52,53.6,444,27740,0.546,0.05,1,587778,587334,444
30267441,91.2,96.32,438,29200,0.7092,0.05,1,587879,587441,438
30362341,39,49,480,26280,0.15,0.75,1,589402,588922,480
30365261,45.4,53.8,472,27740,0.15,0.31,1,589449,588977,472
30368181,63.48,85.96,446,29200,0.326,0.09,1,589517,589071,446
30371101,48.696,49.192,451,30660,0.3772,0.03,1,589562,589111,451
30374021,38.5392,47.4384,440,30660,0.40344,0.01,1,589598,589158,440
30376941,34.9078,39.0877,437,30660,0.392688,0.01,1,589632,589195,437
30379861,25.3816,31.0175,431,30660,0.374538,0.05,1,589655,589224,431
30382781,112.276,14.2035,555,30660,0.418908,0.05,1,589789,589234,555
30385701,24.0553,106.041,428,32120,0.427782,0.15,1,589791,589363,428
30388621,36.8111,52.4081,429,32120,0.445556,0.15,1,589831,589402,429
30391541,47.3622,10.4816,479,32120,0.433111,0.15,1,589881,589402,479
30394461,11.0724,39.6963,434,32120,0.430622,0.37,1,589883,589449,434
30397381,61.4145,62.3393,440,32120,0.462124,0.37,1,589957,589517,440
30400301,46.6829,12.4679,483,32120,0.436425,0.39,1,590000,589517,483
30403221,38.1366,38.4936,474,32120,0.447285,0.41,1,590036,589562,474
30406141,34.0273,36.4987,471,32120,0.417457,0.39,1,590069,589598,471
30409061,25.2055,34.4997,460,32120,0.459491,0.37,1,590092,589632,460
30411981,113.041,25.2999,572,33580,0.627898,0.43,1,590227,589655,572
30414901,24.2082,112.26,440,33580,0.66158,0.43,1,590229,589789,440
30417821,6.44164,24.052,440,33580,0.668316,0.45,1,590231,589791,440
30420741,36.4883,36.8104,444,33580,0.685663,0.43,1,590275,589831,444
30423661,46.4977,47.3621,443,33580,0.673133,0.43,1,590324,589881,443
30426581,10.8995,11.0724,443,33580,0.702626,0.47,1,590326,589883,443
30429501,64.5799,61.4145,447,33580,0.708525,0.43,1,590404,589957,447
30432421,44.916,46.6829,444,33580,0.789705,0.45,2,590444,590000,444
30435341,36.1832,38.1366,442,33580,0.789941,0.41,2,590478,590036,442
30438261,34.4366,34.0273,443,33580,0.837988,0.47,2,590512,590069,443
30441181,28.4873,25.2055,447,33580,0.863598,0.47,2,590539,590092,447
30444101,120.097,5.04109,590,33580,0.90072,0.67,2,590682,590092,590
30447021,25.6195,109.008,457,33580,0.908144,0.67,2,590684,590227,457
30449941,6.7239,23.4016,457,33580,0.941629,0.67,2,590686,590229,457
30692301,37,38,492,33580,0.15,1,1,594508,594016,492
30695221,35.4,32.4,496,33580,0.038,1,1,594543,594047,496
30698141,63.88,54.48,507,33580,0.0156,1,1,594614,594107,507
30701061,42.376,10.896,544,33580,0.02712,1,1,594651,594107,544
30703981,27.6752,31.7792,531,33580,0.005424,1,1,594675,594144,531
30706901,26.335,34.3558,522,33580,0.0410848,0.92,1,594701,594179,522
30709821,24.467,34.0712,512,33580,0.064217,0.99,1,594725,594213,512
30712741,28.8934,33.2142,509,33580,0.0208434,1,1,594755,594246,509
30715661,30.5787,30.6428,510,33580,0.0281687,1,1,594786,594276,510
30718581,26.9157,35.7286,499,33580,0.0136337,0.77,1,594812,594313,499
30721501,77.3831,33.5457,556,33580,0.138727,0.25,1,594902,594346,556
30724421,40.2766,106.709,462,33580,0.211745,0.15,1,594933,594471,462
30727341,32.8553,50.9418,456,33580,0.338349,0.01,1,594964,594508,456
30730261,63.3711,38.1884,492,33580,0.39567,0.01,1,595035,594543,492
30733181,42.2742,64.4377,458,33580,0.455134,0.03,1,595072,594614,458
30736101,29.2548,42.4875,447,33580,0.451027,0,1,595098,594651,447
30739021,25.051,27.6975,447,33580,0.466205,0.05,1,595122,594675,447
30741941,25.0102,26.3395,446,33580,0.517241,0.07,1,595147,594701,446
30744861,29.802,24.4679,453,33580,0.623448,0.01,1,595178,594725,453
30747781,29.1604,28.8936,452,33580,0.56469,0.03,1,595207,594755,452
30750701,26.6321,30.5787,447,33580,0.648938,0.01,1,595233,594786,447
30753621,84.5264,26.9157,520,33580,0.633788,0.17,1,595332,594812,520
30756541,46.5053,77.3831,467,33580,0.662758,0.23,1,595369,594902,467
30759461,38.1011,40.2766,472,33580,0.652551,0.37,1,595405,594933,472
30762381,67.6202,32.8553,516,33580,0.81051,0.41,2,595480,594964,516
30765301,46.324,63.3711,486,33580,0.858102,0.47,2,595521,595035,486
30768221,27.6648,42.2742,472,33580,0.85162,0.45,2,595544,595072,472
30771141,24.733,29.2548,470,33580,0.850324,0.47,2,595568,595098,470
30774061,25.7466,25.051,472,33580,0.898065,0.53,2,595594,595122,472
30867501,30,25,505,35040,0.65,1,1,596993,596488,505
30870421,33.2,27.4,511,35040,0.522,1,1,597027,596516,511
30873341,33.04,29.48,514,35040,0.4644,1,1,597060,596546,514
30876261,33.808,29.896,518,35040,0.37288,1,1,597094,596576,518
30879181,30.7616,25.9792,523,35040,0.258576,1,1,597124,596601,523
30882101,60.5523,26.7958,564,35040,0.0597152,1,1,597192,596628,564
30885021,42.5105,76.5592,513,36500,0.019943,1,1,597230,596717,513
30887941,48.5021,56.1118,512,36500,0.0439886,0.97,1,597280,596768,512
30890861,12.9004,37.6224,483,36500,0.0487977,0.99,1,597284,596801,483
30893781,60.1801,73.9245,472,36500,0.0817595,0.89,1,597356,596884,472
30896701,37.636,46.7849,464,36500,0.0563519,0.77,1,597388,596924,464
30899621,30.7272,40.557,454,37960,0.22727,0.65,1,597417,596963,454
30902541,25.3454,32.1114,448,37960,0.309454,0.49,1,597441,596993,448
30905461,27.4691,33.6223,442,37960,0.261891,0.45,1,597469,597027,442
30908381,29.4938,33.1245,439,37960,0.364378,0.35,1,597499,597060,439
