#Ack,ack_ewma(ms),send_ewma(ms),rtt_ratio,cwnd (Bytes),Last Router Ocupation Ack Arriaval(Packets),Last Router Ocupation Packet Sent(Packets),Network Situation,AckArrival(ms),TSInsideAck(ms),RTTAck(ms)
4381,2,0,468,16060,0.79,0.91,2,150938,150470,468
7301,7.6,0,477,17520,0.806,0.91,2,150947,150470,477
10221,7.92,0,485,18980,0.8412,0.91,2,150955,150470,485
13141,6.384,0,491,20440,0.84824,0.91,2,150961,150470,491
188341,217,240,459,33706,0.13,0.19,1,153294,152835,459
191261,71.4,92.8,438,33769,0.066,0.05,1,153329,152891,438
194181,32.68,46.56,426,33832,0.0372,0.01,1,153352,152926,426
197101,37.736,24.512,446,33895,0.00744,0.03,1,153391,152945,446
200021,39.5472,50.5024,429,33957,0.001488,0,1,153431,153002,429
202941,12.7094,19.7005,423,34019,0.0002976,0.01,1,153437,153014,423
205861,5.74189,7.1401,423,34081,0.0240595,0.01,1,153441,153018,423
208781,12.3484,8.62802,428,34143,0.0128119,0,1,153455,153027,428
211701,4.06968,8.1256,422,34205,0.0265624,0.01,1,153457,153035,422
214621,2.41394,3.22512,422,34267,0.00531248,0,1,153459,153037,422
217541,33.2828,2.24502,461,34329,0.0010625,0,1,153500,153039,461
219001,167.457,30.849,624,34391,0.0082125,0.13,1,153701,153077,624
221921,47.8913,179.77,425,34452,0.0416425,0.05,1,153719,153294,425
224841,36.7783,63.954,424,34513,0.0483285,0.03,1,153753,153329,424
227761,24.1557,31.1908,422,34574,0.0656657,0,1,153774,153352,422
230681,36.0311,37.4382,422,34635,0.0371331,0,1,153813,153391,422
233601,40.0062,39.4876,423,34696,0.00742663,0,1,153854,153431,423
236521,12.0012,12.6975,422,34757,0.00148533,0.03,1,153859,153437,422
239441,5.60025,5.73951,422,34818,0.00829707,0.01,1,153863,153441,422
242361,12.32,12.3479,422,34879,0.00965941,0.03,1,153877,153455,422
245281,4.06401,4.06958,422,34940,0.00993188,0,1,153879,153457,422
248201,2.4128,2.41392,422,35001,0.00198638,0,1,153881,153459,422
251121,33.2826,33.2828,422,35061,0.000397275,0.01,1,153922,153500,422
254041,182.657,167.457,441,35121,0.0240795,0.05,1,154142,153701,441
256961,63.7313,47.8913,457,35181,0.0448159,0.05,1,154176,153719,457
259881,27.9463,36.7783,442,35241,0.0329632,0.07,1,154195,153753,442
262801,36.7893,24.1557,460,35301,0.0305926,0.03,1,154234,153774,460
265721,40.1578,36.0311,462,35361,0.00611853,0,1,154275,153813,462
268641,12.0316,40.0062,426,35421,0.00122371,0,1,154280,153854,426
271561,5.60631,12.0012,425,35481,0.0242447,0.01,1,154284,153859,425
274481,12.3213,5.60025,435,35541,0.0288489,0.01,1,154298,153863,435
277401,4.06425,12.32,423,35600,0.0297698,0.01,1,154300,153877,423
280321,2.41285,4.06401,423,35659,0.00595396,0,1,154302,153879,423
283241,2.08257,2.4128,423,35718,0.00119079,0,1,154304,153881,423
286161,32.4165,33.2826,422,35777,0.000238158,0.03,1,154344,153922,422
289081,183.283,182.657,423,35836,0.0560476,0.05,1,154565,154142,423
292001,64.6567,63.7313,424,35895,0.0512095,0.03,1,154600,154176,424
294921,26.5313,27.9463,422,35954,0.0342419,0.03,1,154617,154195,422
297841,36.5063,36.7893,422,36013,0.0308484,0,1,154656,154234,422
300761,40.1013,40.1578,422,36072,0.00616968,0,1,154697,154275,422
303681,12.0202,12.0316,422,36131,0.00123394,0.03,1,154702,154280,422
306601,5.60405,5.60631,422,36189,0.0242468,0.03,1,154706,154284,422
309521,12.3208,12.3213,422,36247,0.0128494,0.03,1,154720,154298,422
312441,4.06416,4.06425,422,36305,0.0265699,0,1,154722,154300,422
315361,2.41283,2.41285,422,36363,0.00531397,0,1,154724,154302,422
318281,2.08257,2.08257,422,36421,0.0250628,0,1,154726,154304,422
321201,33.2165,32.4165,423,36479,0.00501256,0.07,1,154767,154344,423
324121,183.443,183.283,423,36537,0.0570025,0.05,1,154988,154565,423
327041,63.8887,64.6567,422,36595,0.0834005,0.03,1,155022,154600,422
329961,26.3777,26.5313,422,36653,0.0886801,0.03,1,155039,154617,422
332881,36.4755,36.5063,422,36711,0.041736,0,1,155078,154656,422
335801,40.0951,40.1013,422,36769,0.0083472,0,1,155119,154697,422
338721,12.019,12.0202,422,36826,0.00166944,0.03,1,155124,154702,422
341641,5.6038,5.60405,422,36883,0.00833389,0.01,1,155128,154706,422
344561,12.3208,12.3208,422,36940,0.00966678,0.03,1,155142,154720,422
347481,4.06415,4.06416,422,36997,0.00993336,0,1,155144,154722,422
350401,2.41283,2.41283,422,37054,0.00198667,0.03,1,155146,154724,422
353321,2.08257,2.08257,422,37111,0.00839733,0,1,155148,154726,422
356241,33.2165,33.2165,422,37168,0.0256795,0,1,155189,154767,422
357701,167.443,6.6433,623,37225,0.0451359,0.07,1,155390,154767,623
360621,50.2887,178.129,423,37282,0.0810272,0.09,1,155411,154988,423
363541,38.0577,62.8257,424,37339,0.136205,0.09,1,155446,155022,424
366461,21.2115,26.1651,424,37396,0.131241,0.03,1,155463,155039,424
369381,33.8423,36.433,422,37453,0.0342482,0,1,155500,155078,422
372301,39.5685,40.0866,422,37509,0.00684964,0,1,155541,155119,422
375221,11.9137,12.0173,422,37565,0.0253699,0.01,1,155546,155124,422
378141,5.58274,5.60346,422,37621,0.00507399,0.01,1,155550,155128,422
381061,12.3165,12.3207,422,37677,0.0410148,0.01,1,155564,155142,422
383981,4.06331,4.06414,422,37733,0.016203,0,1,155566,155144,422
386901,2.41266,2.41283,422,37789,0.00324059,0.01,1,155568,155146,422
389821,2.08253,2.08257,422,37845,0.00864812,0.03,1,155570,155148,422
392741,33.2165,33.2165,422,37901,0.0257296,0.05,1,155611,155189,422
395661,186.643,167.443,446,37957,0.0771459,0.09,1,155836,155390,446
398581,66.1287,50.2887,461,38013,0.103429,0.15,1,155872,155411,461
401501,27.6257,38.0577,444,38069,0.108686,0.13,1,155890,155446,444
404421,30.3251,21.2115,458,38124,0.125737,0.01,1,155921,155463,458
407341,38.865,33.8423,462,38179,0.0251474,0,1,155962,155500,462
410261,11.773,39.5685,426,38234,0.00502949,0.03,1,155967,155541,426
413181,5.5546,11.9137,425,38289,0.0090059,0,1,155971,155546,425
416101,12.3109,5.58274,435,38344,0.0258012,0.05,1,155985,155550,435
419021,4.06218,12.3165,423,38399,0.0291602,0.01,1,155987,155564,423
421941,2.41244,4.06331,423,38454,0.00583205,0,1,155989,155566,423
424861,2.08249,2.41266,423,38509,0.0251664,0.01,1,155991,155568,423
427781,33.2165,2.08253,462,38564,0.00503328,0.03,1,156032,155570,462
429241,167.443,33.2165,622,38619,0.0570067,0.09,1,156233,155611,622
432161,56.6887,186.643,426,38674,0.115401,0.09,1,156262,155836,426
435081,40.1377,37.3287,462,38729,0.11108,0.11,1,156298,155836,462
438001,22.4275,36.2657,444,38784,0.110216,0.11,1,156316,155872,444
440921,28.4855,21.6531,456,38838,0.110043,0.13,1,156346,155890,456
443841,35.2971,29.1306,462,38892,0.0940086,0,1,156383,155921,462
446761,11.0594,38.6261,426,38946,0.0188017,0,1,156388,155962,426
449681,5.41188,11.7252,425,39000,0.0277603,0.01,1,156392,155967,425
452601,12.2824,5.54504,435,39054,0.0295521,0.03,1,156406,155971,435
455521,4.05648,12.309,423,39108,0.00591041,0.03,1,156408,155985,423
458441,2.4113,4.0618,423,39162,0.00918208,0,1,156410,155987,423
461361,2.08226,2.41236,423,39216,0.0258364,0.03,1,156412,155989,423
464281,33.2165,2.08247,462,39270,0.00516728,0,1,156453,155991,462
465741,167.443,33.2165,622,39324,0.0730335,0.07,1,156654,156032,622
468661,59.8887,167.443,454,39378,0.0706067,0.13,1,156687,156233,454
471581,41.5777,56.6887,462,39432,0.0701213,0.11,1,156724,156262,462
474501,22.7155,40.1377,444,39486,0.0700243,0.11,1,156742,156298,444
477421,29.3431,22.4275,457,39539,0.0860049,0.11,1,156773,156316,457
480341,30.6686,28.4855,458,39592,0.121201,0.09,1,156804,156346,458
483261,10.1337,35.2971,426,39645,0.12824,0,1,156809,156383,426
486181,5.22674,11.0594,425,39698,0.129648,0.03,1,156813,156388,425
489101,12.2453,5.41188,435,39751,0.0659296,0.03,1,156827,156392,435
492021,4.04907,12.2824,423,39804,0.0211859,0,1,156829,156406,423
494941,2.40981,4.05648,423,39857,0.0122372,0.01,1,156831,156408,423
497861,2.08196,2.4113,423,39910,0.0264474,0.03,1,156833,156410,423
500781,33.2164,2.08226,462,39963,0.00528949,0,1,156874,156412,462
502241,167.443,33.2165,622,40016,0.0250579,0.09,1,157075,156453,622
505161,62.2887,167.443,457,40069,0.0450116,0.07,1,157111,156654,457
508081,14.0577,59.8887,426,40122,0.0490023,0.07,1,157113,156687,426
511001,31.6115,41.5777,425,40175,0.0978005,0.07,1,157149,156724,425
513921,21.5223,22.7155,426,40228,0.0915601,0.09,1,157168,156742,426
516841,29.1045,29.3431,426,40280,0.122312,0.13,1,157199,156773,426
519761,31.4209,30.6686,427,40332,0.160462,0.13,1,157231,156804,427
522681,9.48418,10.1337,426,40384,0.200092,0.13,1,157235,156809,426
525601,3.49684,5.22674,424,40436,0.208019,0.05,1,157237,156813,424
528521,10.2994,12.2453,422,40488,0.177604,0.01,1,157249,156827,422
531441,3.65987,4.04907,422,40540,0.203521,0.01,1,157251,156829,422
534361,2.33197,2.40981,422,40592,0.176704,0.03,1,157253,156831,422
537281,2.06639,2.08196,422,40644,0.171341,0,1,157255,156833,422
540201,33.2133,33.2164,422,40696,0.0342682,0.03,1,157296,156874,422
543121,197.043,167.443,459,40748,0.0308536,0.05,1,157534,157075,459
546041,41.0085,62.2887,425,40800,0.0301707,0.05,1,157536,157111,425
548961,37.8017,14.0577,460,40852,0.0780341,0.11,1,157573,157113,460
551881,23.5603,31.6115,444,40904,0.103607,0.09,1,157593,157149,444
554801,29.5121,21.5223,456,40956,0.156721,0.13,1,157624,157168,456
557721,34.7024,29.1045,461,41008,0.135344,0.17,1,157660,157199,461
560641,10.1405,31.4209,433,41059,0.131069,0.21,1,157664,157231,433
563561,3.6281,9.48418,431,41110,0.130214,0.21,1,157666,157235,431
566481,7.12562,3.49684,437,41161,0.130043,0.17,1,157674,157237,437
569401,3.02512,10.2994,427,41212,0.130009,0.21,1,157676,157249,427
572321,2.20502,3.65987,427,41263,0.130002,0.17,1,157678,157251,427
575241,2.041,2.33197,427,41314,0.13,0.17,1,157680,157253,427
578161,30.0082,2.06639,462,41365,0.0500001,0,1,157717,157255,462
579621,166.802,33.2133,622,41416,0.05,0.03,1,157918,157296,622
582541,65.3603,197.043,424,41467,0.034,0.03,1,157958,157534,424
585461,14.6721,41.0085,424,41518,0.0308,0.09,1,157960,157536,424
588381,34.1344,37.8017,426,41569,0.04616,0.09,1,157999,157573,426
591301,23.6269,7.56034,447,41620,0.033232,0.11,1,158020,157573,447
594221,31.1254,17.5121,460,41671,0.0626464,0.17,1,158053,157593,460
597141,33.4251,28.3024,463,41722,0.0685293,0.13,1,158087,157624,463
600061,9.88501,34.4605,431,41773,0.0697059,0.13,1,158091,157660,431
602981,3.577,10.0921,429,41824,0.0699412,0.13,1,158093,157664,429
605901,7.1154,3.61842,435,41874,0.0699882,0.13,1,158101,157666,435
608821,3.02308,7.12368,429,41924,0.0699976,0.13,1,158103,157674,429
611741,2.20462,3.02474,429,41974,0.0699995,0.13,1,158105,157676,429
614661,2.04092,2.20495,429,42024,0.0699999,0.13,1,158107,157678,429
617581,25.2082,2.04099,458,42074,0.07,0.03,1,158138,157680,458
619041,165.842,30.0082,622,42124,0.038,0.05,1,158339,157717,622
621961,65.9683,166.802,462,42174,0.0316,0.03,1,158380,157918,462
624881,14.7937,65.3603,424,42224,0.03032,0.03,1,158382,157958,424
627801,34.9587,14.6721,462,42274,0.062064,0.05,1,158422,157960,462
630721,24.5917,34.1344,445,42324,0.0684128,0.03,1,158444,157999,445
633641,31.3183,23.6269,457,42374,0.0856826,0.07,1,158477,158020,457
636561,33.4637,31.1254,458,42424,0.105137,0.07,1,158511,158053,458
639481,9.89273,33.4251,428,42474,0.109027,0.07,1,158515,158087,428
642401,3.57855,9.88501,426,42524,0.109805,0.07,1,158517,158091,426
645321,7.11571,3.577,432,42574,0.109961,0.07,1,158525,158093,432
648241,3.02314,7.1154,426,42624,0.109992,0.07,1,158527,158101,426
651161,2.20463,3.02308,426,42674,0.109998,0.07,1,158529,158103,426
654081,2.04093,2.20462,426,42723,0.11,0.07,1,158531,158105,426
657001,23.6082,2.04092,453,42772,0.0939999,0.07,1,158560,158107,453
658461,165.522,25.2082,623,42821,0.0428,0.03,1,158761,158138,623
661381,65.9043,165.842,463,42870,0.04856,0.03,1,158802,158339,463
664301,14.7809,65.9683,424,42919,0.049712,0.03,1,158804,158380,424
667221,36.5562,14.7937,464,42968,0.0339424,0.07,1,158846,158382,464
670141,24.1112,34.9587,445,43017,0.0467885,0.07,1,158867,158422,445
673061,6.42225,24.5917,425,43066,0.0493577,0.09,1,158869,158444,425
675981,28.4845,31.3183,426,43115,0.0658715,0.11,1,158903,158477,426
678901,33.6969,33.4637,427,43164,0.0851743,0.11,1,158938,158511,427
681821,9.93938,9.89273,427,43213,0.0890349,0.11,1,158942,158515,427
684741,3.58788,3.57855,427,43262,0.105807,0.11,1,158944,158517,427
687661,7.11758,7.11571,427,43311,0.0771614,0.11,1,158952,158525,427
690581,3.02351,3.02314,427,43360,0.0714323,0.11,1,158954,158527,427
693501,2.2047,2.20463,427,43409,0.0702865,0.11,1,158956,158529,427
696421,2.04094,2.04093,427,43458,0.102057,0.09,1,158958,158531,427
699341,23.6082,23.6082,427,43507,0.0924115,0.03,1,158987,158560,427
702261,195.122,165.522,464,43555,0.0584823,0.05,1,159225,158761,464
705181,40.6243,65.9043,425,43603,0.0516965,0.05,1,159227,158802,425
708101,40.9249,14.7809,464,43651,0.0343393,0.03,1,159268,158804,464
711021,24.185,36.5562,442,43699,0.0628679,0.05,1,159288,158846,442
713941,6.43699,24.1112,423,43747,0.0685736,0.05,1,159290,158867,423
716861,29.2874,6.42225,456,43795,0.0697147,0.07,1,159325,158869,456
719781,35.4575,28.4845,459,43843,0.0699429,0.09,1,159362,158903,459
722701,10.2915,33.6969,428,43891,0.0699886,0.09,1,159366,158938,428
725621,3.6583,9.93938,426,43939,0.101998,0.11,1,159368,158942,426
728541,7.13166,3.58788,432,43987,0.1084,0.07,1,159376,158944,432
731461,3.02633,7.11758,426,44035,0.10968,0.07,1,159378,158952,426
734381,2.20527,3.02351,426,44083,0.109936,0.07,1,159380,158954,426
737301,2.04105,2.2047,426,44131,0.125987,0.11,1,159382,158956,426
740221,24.4082,2.04094,454,44179,0.129197,0.09,1,159412,158958,454
741681,165.682,23.6082,626,44227,0.113839,0.05,1,159613,158987,626
744601,61.9363,195.122,424,44275,0.126768,0.05,1,159649,159225,424
747521,13.9873,40.6243,424,44323,0.0973536,0.03,1,159651,159227,424
750441,36.3975,40.9249,425,44371,0.139471,0.07,1,159693,159268,425
753361,24.0795,24.185,426,44419,0.163894,0.07,1,159714,159288,426
756281,6.4159,6.43699,426,44466,0.168779,0.07,1,159716,159290,426
759201,28.4832,29.2874,425,44513,0.153756,0.07,1,159750,159325,425
762121,36.0966,5.85748,463,44560,0.150751,0.07,1,159788,159325,463
765041,10.4193,30.7715,430,44607,0.15015,0.07,1,159792,159362,430
767961,3.68387,9.3543,428,44654,0.15003,0.11,1,159794,159366,428
770881,7.93677,3.47086,435,44701,0.166006,0.11,1,159803,159368,435
773801,3.18735,7.09417,429,44748,0.169201,0.11,1,159805,159376,429
776721,2.23747,3.01883,429,44795,0.13784,0.11,1,159807,159378,429
779641,2.04749,2.20377,429,44842,0.131568,0.13,1,159809,159380,429
782561,24.4095,2.04075,457,44889,0.146314,0.13,1,159839,159382,457
785481,164.082,24.4082,626,44936,0.213263,0.13,1,160038,159412,626
788401,62.4164,194.482,426,44983,0.210653,0.09,1,160075,159649,426
791321,14.0833,40.4963,426,45030,0.242131,0.15,1,160077,159651,426
794241,38.8167,41.6993,429,45077,0.200426,0.17,1,160122,159693,429
797161,24.5633,25.1399,429,45124,0.208085,0.17,1,160143,159714,429
800081,6.51267,6.62797,429,45171,0.225617,0.15,1,160145,159716,429
803001,28.5025,28.5256,429,45218,0.213123,0.15,1,160179,159750,429
805921,36.1005,36.1051,429,45265,0.274625,0.15,1,160217,159788,429
808841,10.4201,10.421,429,45312,0.254925,0.15,1,160221,159792,429
811761,3.68402,3.6842,429,45359,0.250985,0.17,1,160223,159794,429
814681,7.1368,7.93684,428,45405,0.250197,0.17,1,160231,159803,428
817601,3.02736,3.18737,428,45451,0.250039,0.13,1,160233,159805,428
820521,2.20547,2.23747,428,45497,0.282008,0.13,1,160235,159807,428
823441,2.04109,2.04749,428,45543,0.288402,0.15,1,160237,159809,428
826361,25.2082,24.4095,429,45589,0.30568,0.23,1,160268,159839,429
829281,165.842,164.082,431,45635,0.501136,0.21,1,160469,160038,431
832201,63.5683,62.4164,432,45681,0.508227,0.25,1,160507,160075,432
835121,14.3137,14.0833,432,45727,0.541645,0.19,1,160509,160077,432
838041,38.0627,38.8167,431,45773,0.516329,0.21,1,160553,160122,431
840961,24.4125,24.5633,431,45819,0.543266,0.23,1,160574,160143,431
843881,6.48251,6.51267,431,45865,0.548653,0.21,1,160576,160145,431
846801,30.0965,28.5025,433,45911,0.517731,0.21,1,160612,160179,433
849721,36.4193,5.70051,471,45957,0.479546,0.29,1,160650,160179,471
852641,10.4839,31.5401,437,46003,0.471909,0.25,1,160654,160217,437
855561,3.69677,9.50802,435,46049,0.470382,0.25,1,160656,160221,435
858481,7.13935,3.5016,441,46095,0.470076,0.25,1,160664,160223,441
861401,3.02787,7.10032,435,46141,0.470015,0.25,1,160666,160231,435
864321,2.20557,3.02006,435,46187,0.470003,0.29,1,160668,160233,435
867241,2.04111,2.20401,435,46233,0.470001,0.29,1,160670,160235,435
870161,26.8082,2.0408,466,46279,0.486,0.31,1,160703,160237,466
871621,166.162,25.2082,636,46325,0.6972,0.55,1,160904,160268,636
874541,42.8323,165.842,447,46371,0.72344,0.51,1,160916,160469,447
877461,38.9665,63.5683,447,46416,0.760688,0.55,2,160954,160507,447
880381,9.39329,14.3137,447,46461,0.736138,0.51,1,160956,160509,447
883301,37.8787,38.0627,448,46506,0.747227,0.55,1,161001,160553,448
886221,23.5757,24.4125,447,46551,0.765445,0.55,2,161021,160574,447
889141,6.31515,6.48251,447,46596,0.769089,0.51,2,161023,160576,447
892061,28.463,30.0965,445,46641,0.801818,0.47,2,161057,160612,445
894981,36.0926,36.4193,445,46686,0.824364,0.47,2,161095,160650,445
897901,10.4185,10.4839,445,46731,0.860873,0.47,2,161099,160654,445
900821,3.6837,3.69677,445,46776,0.868174,0.47,2,161101,160656,445
903741,7.13674,7.13935,445,46821,0.853635,0.47,2,161109,160664,445
906661,3.02735,3.02787,445,46866,0.850727,0.47,2,161111,160666,445
909581,2.20547,2.20557,445,46911,0.850145,0.47,2,161113,160668,445
912501,2.04109,2.04111,445,46956,0.850029,0.49,2,161115,160670,445
915421,27.6082,26.8082,446,47001,0.850006,0.75,2,161149,160703,446
1062881,24,42,468,49236,0.51,1,1,162841,162373,468
1065801,38.4,26.8,487,49279,0.382,1,1,162883,162396,487
1068721,37.28,22.16,503,49322,0.1324,1,1,162920,162417,503
1071641,29.856,16.432,516,49365,0.05048,1,1,162948,162432,516
1074561,26.7712,16.8864,525,49408,0.050096,1,1,162974,162449,525
1077481,19.7542,28.9773,511,49451,0.0500192,1,1,162992,162481,511
1080401,17.5508,27.3955,501,49494,0.0500038,1,1,163009,162508,501
1083321,12.3102,23.0791,490,49537,0.0500008,0.94,1,163020,162530,490
1086241,10.462,16.6158,485,49580,0.0180002,0.97,1,163030,162545,485
1089161,12.4924,12.9232,486,49622,0.0276,0.99,1,163043,162557,486
1092081,8.89848,9.78463,485,49664,0.01352,1,1,163051,162566,485
1095001,3.3797,7.55693,480,49706,0.026704,1,1,163053,162573,480
1097921,7.87594,3.11139,487,49748,0.0773408,1,1,163062,162575,487
1100841,15.9752,2.22228,503,49790,0.0234682,1,1,163080,162577,503
1103761,19.995,14.8445,506,49832,0.0286936,0.63,1,163101,162595,506
1106681,135.199,170.169,461,49874,0.0137387,0.59,1,163265,162804,461
1109601,45.4398,44.4338,471,49916,0.0107477,0.51,1,163288,162817,471
1112521,30.688,28.0868,474,49958,0.0581495,0.35,1,163315,162841,474
1115441,26.9376,39.2174,458,50000,0.0676299,0.07,1,163341,162883,458
1118361,27.7875,37.4435,449,50042,0.037526,0.03,1,163369,162920,449
1121281,26.3575,29.8887,447,50084,0.0475052,0.05,1,163395,162948,447
1124201,19.6715,26.7777,439,50126,0.065501,0.05,1,163413,162974,439
1127121,18.3343,19.7555,439,50168,0.0371002,0.05,1,163431,162992,439
1130041,11.6669,17.5511,432,50210,0.07942,0.05,1,163441,163009,432
1132961,10.3334,12.3102,431,50252,0.119884,0.01,1,163451,163020,431
1135881,13.2667,10.462,435,50294,0.127977,0.03,1,163465,163030,435
1138801,4.25333,12.4924,424,50336,0.0975954,0.01,1,163467,163043,424
1141721,8.05067,8.89848,425,50378,0.107519,0.03,1,163476,163051,425
1144641,3.21013,3.3797,425,50420,0.109504,0.09,1,163478,163053,425
1147561,7.84203,7.87594,425,50462,0.0939008,0.01,1,163487,163062,425
1150481,16.7684,15.9752,426,50504,0.10678,0.03,1,163506,163080,426
1153401,19.3537,19.995,425,50546,0.077356,0.01,1,163526,163101,425
1156321,132.671,135.199,422,50588,0.0874712,0.01,1,163687,163265,422
1159241,48.1341,45.4398,426,50630,0.0734942,0.07,1,163714,163288,426
1162161,29.6268,30.688,424,50672,0.102699,0.07,1,163739,163315,424
1165081,25.1254,26.9376,422,50714,0.10854,0.03,1,163763,163341,422
1168001,27.4251,27.7875,422,50756,0.061708,0.05,1,163791,163369,422
1170921,26.285,26.3575,422,50797,0.0203416,0.07,1,163817,163395,422
1173841,20.457,19.6715,423,50838,0.0440683,0.03,1,163836,163413,423
1176761,20.8914,18.3343,426,50879,0.00881366,0.09,1,163857,163431,426
1179681,13.7783,11.6669,428,50920,0.00976273,0.13,1,163869,163441,428
1182601,10.7557,10.3334,428,50961,0.00995255,0.13,1,163879,163451,428
1185521,11.7511,13.2667,426,51002,0.0419905,0.09,1,163891,163465,426
1188441,3.95023,4.25333,426,51043,0.0483981,0.11,1,163893,163467,426
1191361,7.19005,8.05067,425,51084,0.0176796,0.11,1,163901,163476,425
1194281,3.03801,3.21013,425,51125,0.0115359,0.09,1,163903,163478,425
1197201,8.6076,7.84203,426,51166,0.0263072,0.11,1,163913,163487,426
1200121,16.1215,16.7684,425,51207,0.0612614,0.07,1,163931,163506,425
1203041,19.2243,19.3537,425,51248,0.0682523,0.09,1,163951,163526,425
1205961,131.845,132.671,424,51289,0.0696505,0.07,1,164111,163687,424
1208881,49.569,48.1341,426,51330,0.0699301,0.11,1,164140,163714,426
1211801,29.1138,29.6268,425,51371,0.037986,0.11,1,164164,163739,425
1214721,25.0228,25.1254,425,51412,0.0475972,0.05,1,164188,163763,425
1217641,25.0046,27.4251,422,51453,0.0655194,0.01,1,164213,163791,422
1220561,25.8009,26.285,422,51494,0.0691039,0.05,1,164239,163817,422
1223481,20.3602,20.457,422,51535,0.0218208,0,1,164258,163836,422
1226401,20.872,20.8914,422,51576,0.00436415,0.01,1,164279,163857,422
1229321,13.7744,13.7783,422,51617,0.0408728,0.01,1,164291,163869,422
1232241,10.7549,10.7557,422,51658,0.0161746,0.05,1,164301,163879,422
1235161,11.751,11.7511,422,51699,0.0112349,0.05,1,164313,163891,422
1238081,3.9502,3.95023,422,51740,0.042247,0.01,1,164315,163893,422
1241001,7.19004,7.19005,422,51781,0.0324494,0.01,1,164323,163901,422
1243921,3.03801,1.43801,424,51822,0.0304899,0.01,1,164325,163901,424
1246841,8.6076,1.8876,432,51863,0.030098,0.03,1,164335,163903,432
1249761,16.1215,8.37752,440,51904,0.0300196,0.07,1,164353,163913,440
1252681,19.2243,16.0755,442,51945,0.0300039,0.07,1,164373,163931,442
1255601,132.645,19.2151,583,51986,0.0940008,0.07,1,164534,163951,583
1258521,48.929,131.843,451,52027,0.1228,0.07,1,164562,164111,451
1261441,29.7858,49.5686,447,52067,0.11256,0.03,1,164587,164140,447
1264361,25.1572,29.1137,447,52107,0.126512,0.05,1,164611,164164,447
1267281,23.4314,25.0227,446,52147,0.113302,0.07,1,164634,164188,446
1270201,25.4863,25.0045,447,52187,0.0946605,0.07,1,164660,164213,447
1273121,20.2973,25.8009,440,52227,0.122932,0.01,1,164679,164239,440
1276041,20.8595,20.3602,442,52267,0.0965864,0,1,164700,164258,442
1278961,13.7719,20.872,433,52307,0.0913173,0.05,1,164712,164279,433
1281881,10.7544,13.7744,431,52347,0.0582635,0.01,1,164722,164291,431
1284801,12.5509,10.7549,434,52387,0.0356527,0.01,1,164735,164301,434
1287721,4.11018,11.751,424,52427,0.0311305,0.05,1,164737,164313,424
1290641,7.22204,3.9502,430,52467,0.0622261,0.03,1,164745,164315,430
1293561,3.04441,7.19004,424,52507,0.0684452,0.03,1,164747,164323,424
1296481,8.60888,3.03801,432,52547,0.069689,0.03,1,164757,164325,432
1299401,16.1218,8.6076,440,52587,0.0859378,0.03,1,164775,164335,440
1302321,20.0244,16.1215,443,52627,0.105188,0.03,1,164796,164353,443
1305241,135.205,19.2243,587,52667,0.125038,0.11,1,164960,164373,587
1308161,50.241,132.645,455,52707,0.145008,0.13,1,164989,164534,455
1311081,29.2482,48.929,451,52747,0.165002,0.11,1,165013,164562,451
1314001,25.8496,29.7858,451,52787,0.185,0.13,1,165038,164587,451
1316921,23.5699,25.1572,450,52827,0.173,0.11,1,165061,164611,450
1319841,26.314,23.4314,454,52867,0.2186,0.09,1,165088,164634,454
1322761,19.6628,25.4863,446,52907,0.24372,0.13,1,165106,164660,446
1325681,19.1326,20.2973,446,52947,0.232744,0.09,1,165125,164679,446
1328601,11.8265,20.8595,435,52987,0.230549,0.09,1,165135,164700,435
1331521,10.3653,13.7719,433,53027,0.23011,0.05,1,165145,164712,433
1334441,13.2731,10.7544,437,53067,0.230022,0.03,1,165159,164722,437
1337361,4.25461,12.5509,426,53107,0.230004,0.03,1,165161,164735,426
1340281,7.25092,4.11018,432,53147,0.246001,0.07,1,165169,164737,432
1343201,3.05018,7.22204,426,53187,0.2492,0.07,1,165171,164745,426
1346121,8.61004,3.04441,434,53227,0.24984,0.07,1,165181,164747,434
1349041,3.32201,8.60888,426,53267,0.249968,0.09,1,165183,164757,426
1351961,15.0644,16.1218,426,53307,0.281994,0.11,1,165201,164775,426
1354881,20.6129,20.0244,427,53346,0.256399,0.13,1,165223,164796,427
1357801,136.123,135.205,428,53385,0.28328,0.15,1,165388,164960,428
1360721,51.2245,50.241,429,53424,0.304656,0.17,1,165418,164989,429
1363641,30.2449,29.2482,430,53463,0.340931,0.19,1,165443,165013,430
1366561,26.849,25.8496,431,53502,0.316186,0.17,1,165469,165038,431
1369481,24.5698,23.5699,432,53541,0.311237,0.23,1,165493,165061,432
1372401,27.314,26.314,433,53580,0.326247,0.25,1,165521,165088,433
1375321,20.6628,19.6628,434,53619,0.393249,0.23,1,165540,165106,434
1378241,18.5326,19.1326,433,53658,0.39065,0.23,1,165558,165125,433
1381161,11.7065,11.8265,433,53697,0.39013,0.23,1,165568,165135,433
1384081,10.3413,10.3653,433,53736,0.390026,0.23,1,165578,165145,433
1387001,14.0683,13.2731,434,53775,0.406005,0.23,1,165593,165159,434
1389921,4.41365,4.25461,434,53814,0.409201,0.25,1,165595,165161,434
1392841,7.28273,7.25092,434,53853,0.37784,0.25,1,165603,165169,434
1395761,3.05655,3.05018,434,53892,0.371568,0.25,1,165605,165171,434
1398681,8.61131,8.61004,434,53931,0.370314,0.25,1,165615,165181,434
1401601,3.32226,3.32201,434,53970,0.370063,0.29,1,165617,165183,434
1404521,15.0645,15.0644,434,54009,0.418013,0.25,1,165635,165201,434
1407441,20.6129,20.6129,434,54048,0.411603,0.29,1,165657,165223,434
1410361,138.523,136.123,437,54087,0.41032,0.31,1,165825,165388,437
1413281,51.7045,51.2245,437,54126,0.410064,0.35,1,165855,165418,437
1416201,30.3409,30.2449,437,54165,0.362013,0.31,1,165880,165443,437
1419121,26.8682,26.849,437,54204,0.416403,0.31,1,165906,165469,437
1422041,25.3736,24.5698,438,54243,0.411281,0.33,1,165931,165493,438
1424961,28.2747,27.314,439,54282,0.394256,0.41,1,165960,165521,439
1427881,22.4549,20.6628,441,54321,0.374851,0.39,1,165981,165540,441
1430801,18.891,18.5326,441,54360,0.33897,0.39,1,165999,165558,441
1433721,11.7782,11.7065,441,54399,0.347794,0.39,1,166009,165568,441
1436641,10.3556,10.3413,441,54438,0.349559,0.41,1,166019,165578,441
1439561,13.2711,14.0683,440,54477,0.381912,0.41,1,166033,165593,440
1442481,4.25423,4.41365,440,54516,0.388382,0.37,1,166035,165595,440
1445401,7.25085,7.28273,440,54555,0.357676,0.37,1,166043,165603,440
1448321,3.05017,3.05655,440,54594,0.351535,0.37,1,166045,165605,440
1451241,8.61003,8.61131,440,54633,0.350307,0.37,1,166055,165615,440
1454161,3.32201,3.32226,440,54672,0.382061,0.43,1,166057,165617,440
1457081,15.8644,15.0645,441,54710,0.372412,0.43,1,166076,165635,441
1460001,20.7729,3.01289,463,54748,0.370482,0.41,1,166098,165635,463
1462921,136.955,18.2026,607,54786,0.418097,0.41,1,166264,165657,607
1465841,51.3909,138.041,469,54824,0.443619,0.41,1,166294,165825,469
1468761,29.4782,51.6081,463,54862,0.464724,0.35,1,166318,165855,463
1471681,28.2956,30.3216,466,54900,0.532945,0.43,1,166346,165880,466
1474601,24.8591,26.8643,464,54938,0.546589,0.41,1,166370,165906,464
1477521,27.3718,25.3729,467,54976,0.549318,0.39,1,166398,165931,467
1480441,21.4744,28.2746,458,55014,0.549864,0.37,1,166418,165960,458
1483361,19.4949,22.4549,456,55052,0.533973,0.33,1,166437,165981,456
1486281,11.899,18.891,448,55090,0.530795,0.35,1,166447,165999,448
1489201,10.3798,11.7782,448,55128,0.530159,0.35,1,166457,166009,448
1492121,13.276,10.3556,452,55166,0.530032,0.39,1,166471,166019,452
1495041,4.25519,13.2711,440,55204,0.530006,0.39,1,166473,166033,440
1497961,7.25104,4.25423,446,55242,0.530001,0.35,1,166481,166035,446
1500881,3.05021,7.25085,440,55280,0.53,0.35,1,166483,166043,440
1503801,8.61004,3.05017,448,55318,0.53,0.35,1,166493,166045,448
1506721,3.32201,8.61003,440,55356,0.53,0.39,1,166495,166055,440
1509641,16.6644,3.32201,458,55394,0.53,0.37,1,166515,166057,458
1512561,20.9329,15.8644,461,55432,0.562,0.37,1,166537,166076,461
1515481,139.387,20.7729,608,55470,0.6164,0.43,1,166706,166098,608
1518401,53.4773,136.955,474,55508,0.61128,0.45,1,166738,166264,474
1521321,31.4955,51.3909,470,55546,0.642256,0.47,1,166764,166294,470
1524241,30.2991,29.4782,476,55584,0.680451,0.55,1,166794,166318,476
1527161,25.2598,28.2956,472,55622,0.70409,0.55,1,166818,166346,472
1530081,27.452,24.8591,476,55660,0.724818,0.55,1,166846,166370,476
1533001,21.4904,27.3718,468,55698,0.728964,0.55,1,166866,166398,468
1535921,18.6981,21.4744,466,55736,0.729793,0.53,1,166884,166418,466
1538841,11.7396,19.4949,457,55774,0.729959,0.53,1,166894,166437,457
1541761,10.3479,11.899,457,55812,0.745992,0.53,1,166904,166447,457
1544681,13.2696,10.3798,461,55850,0.749198,0.53,1,166918,166457,461
1547601,4.25392,13.276,449,55888,0.74984,0.53,1,166920,166471,449
1550521,7.25078,4.25519,455,55926,0.749968,0.53,1,166928,166473,455
1553441,3.05016,7.25104,449,55964,0.749994,0.53,1,166930,166481,449
1556361,8.61003,3.05021,457,56002,0.749999,0.53,1,166940,166483,457
1559281,3.32201,8.61004,449,56040,0.75,0.53,1,166942,166493,449
1562201,18.2644,3.32201,469,56078,0.75,0.53,1,166964,166495,469
1565121,21.2529,16.6644,471,56116,0.75,0.57,1,166986,166515,471
1568041,141.851,20.9329,621,56153,0.814,0.63,2,167158,166537,621
1570961,29.9701,139.387,454,56190,0.8268,0.61,2,167160,166706,454
1573881,31.594,53.4773,454,56227,0.82936,0.65,2,167192,166738,454
1576801,28.7188,31.4955,456,56264,0.845872,0.69,2,167220,166764,456
1579721,29.7438,30.2991,456,56301,0.849174,0.71,2,167250,166794,456
1582641,25.9488,25.2598,457,56338,0.881835,0.73,2,167275,166818,457
1585561,28.3898,27.452,458,56375,0.872367,0.73,2,167304,166846,458
1588481,21.6779,21.4904,458,56412,0.902473,0.73,2,167324,166866,458
1591401,18.7356,18.6981,458,56449,0.908495,0.73,2,167342,166884,458
1594321,12.5471,11.7396,459,56486,0.893699,0.75,2,167353,166894,459
1597241,10.5094,10.3479,459,56523,0.89074,0.75,2,167363,166904,459
1600161,13.3019,13.2696,459,56560,0.922148,0.75,2,167377,166918,459
1603081,4.26038,4.25392,459,56597,0.92843,0.75,2,167379,166920,459
1606001,7.25208,7.25078,459,56634,0.897686,0.75,2,167387,166928,459
1608921,3.05042,3.05016,459,56671,0.891537,0.75,2,167389,166930,459
1611841,8.61008,8.61003,459,56708,0.890307,0.75,2,167399,166940,459
1614761,3.32202,3.32201,459,56745,0.890062,0.75,2,167401,166942,459
1617681,18.2644,18.2644,459,56782,0.922012,0.75,2,167423,166964,459
1620601,21.2529,21.2529,459,56819,0.896403,0.83,2,167445,166986,459
1643961,20,20,465,57115,0.93,0.91,2,167789,167324,465
1924281,2,14,472,27892,0.53,1,1,170308,169836,472
1927201,6.8,4.4,478,27968,0.466,0.95,1,170316,169838,478
1930121,122.16,109.68,493,28044,0.3892,0.86,1,170467,169974,493
1933041,77.232,85.136,480,28120,0.58184,0.77,1,170533,170053,480
1935961,51.4464,49.8272,484,28195,0.604368,0.71,1,170578,170094,484
1938881,55.0893,66.7654,469,28270,0.640874,0.63,1,170634,170165,469
1941801,34.2179,37.3531,468,28345,0.600175,0.59,1,170663,170195,468
1944721,45.2436,37.8706,478,28420,0.624035,0.57,1,170711,170233,478
1947641,39.4487,46.7741,467,28495,0.660807,0.53,1,170749,170282,467
1950561,9.48974,28.5548,445,28569,0.668161,0.53,1,170751,170306,445
1953481,10.6979,7.31096,454,28643,0.701632,0.45,1,170762,170308,454
1956401,126.14,7.86219,601,28717,0.708326,0.37,1,170917,170316,601
1959321,78.0279,122.372,516,28791,0.821665,0.63,2,170983,170467,516
1962241,54.0056,77.2745,498,28865,0.844333,0.61,2,171031,170533,498
1965161,55.6011,51.4549,509,28938,0.880867,0.65,2,171087,170578,509
1968081,33.5202,55.091,481,29011,0.888173,0.59,2,171115,170634,481
1971001,45.104,34.2182,500,29084,0.921635,0.63,2,171163,170663,500
2076121,78,90,537,31599,0.17,1,1,172946,172409,537
2079041,37.2,57.2,515,31666,0.034,1,1,172973,172458,515
2081961,33.04,50.64,498,31733,0.0628,1,1,173005,172507,498
2084881,54.608,35.728,526,31800,0.02056,1,1,173065,172539,526
2087801,31.7216,46.3456,503,31867,0.012112,1,1,173091,172588,503
2090721,47.1443,41.2691,514,31933,0.0024224,1,1,173142,172628,514
2093641,23.8289,34.6538,499,31999,0.0404845,0.97,1,173160,172661,499
2096561,15.1658,21.3308,494,32065,0.0080969,0.95,1,173173,172679,494
2099481,74.2332,17.8662,566,32131,0.0576194,0.87,1,173262,172696,566
2102401,54.8466,84.3732,515,32197,0.0355239,0.61,1,173312,172797,515
2105321,62.1693,73.6746,508,32263,0.0471048,0.17,1,173376,172868,508
2108241,31.6339,77.1349,454,32329,0.049421,0,1,173400,172946,454
2111161,28.7268,37.027,455,32394,0.0338842,0.07,1,173428,172973,455
2114081,52.1454,33.0054,481,32459,0.0307768,0.01,1,173486,173005,481
2117001,32.8291,54.6011,449,32524,0.00615537,0.01,1,173514,173065,449
2119921,47.3658,31.7202,474,32589,0.00123107,0,1,173565,173091,474
2122841,22.2732,47.144,439,32654,0.0402462,0.05,1,173581,173142,439
2125761,15.6546,23.8288,435,32719,0.0800492,0,1,173595,173160,435
2128681,4.73093,15.1658,424,32784,0.0560098,0.07,1,173597,173173,424
2131601,72.9462,74.2332,425,32849,0.083202,0.03,1,173687,173262,425
2134521,53.7892,54.8466,424,32913,0.0886404,0.05,1,173736,173312,424
2137441,62.7578,62.1693,425,32977,0.0417281,0.05,1,173801,173376,425
2140361,30.9516,31.6339,424,33041,0.0643456,0.03,1,173824,173400,424
2143281,26.9903,28.7268,422,33105,0.0368691,0.03,1,173850,173428,422
2146201,51.7981,52.1454,422,33169,0.0313738,0,1,173908,173486,422
2149121,33.5596,32.8291,423,33233,0.00627476,0,1,173937,173514,423
2152041,46.7119,47.3658,422,33297,0.00125495,0.05,1,173987,173565,422
2154961,25.3424,22.2732,426,33361,0.024251,0.09,1,174007,173581,426
2157881,13.0685,15.6546,422,33424,0.0128502,0.05,1,174017,173595,422
2160801,4.2137,4.73093,422,33487,0.04257,0.09,1,174019,173597,422
2163721,75.2427,72.9462,425,33550,0.064514,0.09,1,174112,173687,425
2166641,53.4485,53.7892,424,33613,0.116903,0.03,1,174160,173736,424
2169561,61.0897,62.7578,422,33676,0.159381,0.07,1,174223,173801,422
2172481,31.4179,30.9516,423,33739,0.183876,0.03,1,174247,173824,423
2175401,26.2836,26.9903,422,33802,0.188775,0.03,1,174272,173850,422
2178321,51.6567,51.7981,422,33865,0.093755,0,1,174330,173908,422
2181241,33.5313,33.5596,422,33927,0.018751,0,1,174359,173937,422
2184161,46.7063,46.7119,422,33989,0.0037502,0.03,1,174409,173987,422
2187081,25.3413,25.3424,422,34051,0.00875004,0.01,1,174429,174007,422
2190001,13.0683,13.0685,422,34113,0.00975001,0.05,1,174439,174017,422
2192921,4.21365,4.2137,422,34175,0.00995,0.07,1,174441,174019,422
2195841,76.0427,75.2427,423,34237,0.04199,0.07,1,174535,174112,423
2198761,55.2085,15.0485,473,34299,0.080398,0.13,1,174585,174112,473
2201681,63.0417,41.4097,490,34361,0.12008,0.17,1,174650,174160,490
2204601,32.6083,58.6819,452,34423,0.160016,0.19,1,174675,174223,452
2207521,24.9217,30.9364,451,34484,0.152003,0.19,1,174698,174247,451
2210441,47.3843,26.1873,479,34545,0.134401,0.07,1,174751,174272,479
2213361,34.2769,51.6375,452,34606,0.0508801,0,1,174782,174330,452
2216281,45.2554,33.5275,471,34667,0.050176,0,1,174830,174359,471
2219201,25.0511,46.7055,441,34728,0.0340352,0.01,1,174850,174409,441
2222121,13.0102,25.3411,431,34789,0.030807,0.01,1,174860,174429,431
2225041,4.20204,13.0682,423,34850,0.0301614,0.01,1,174862,174439,423
2227961,77.6404,4.21364,517,34911,0.0460323,0.05,1,174958,174441,517
2230881,57.9281,76.0427,476,34972,0.0652065,0.09,1,175011,174535,476
2233801,64.3856,55.2085,492,35032,0.101041,0.13,1,175077,174585,492
2236721,34.4771,63.0417,454,35092,0.124208,0.17,1,175104,174650,454
2239641,24.4954,32.6083,451,35152,0.128842,0.15,1,175126,174675,451
2242561,44.8991,24.9217,478,35212,0.145768,0.13,1,175176,174698,478
2245481,32.9798,47.3843,455,35272,0.101154,0.03,1,175206,174751,455
2248401,42.596,34.2769,469,35332,0.108231,0.05,1,175251,174782,469
2251321,25.3192,45.2554,442,35392,0.0616461,0.03,1,175272,174830,442
2254241,13.0638,25.0511,432,35452,0.0203292,0.03,1,175282,174850,432
2257161,4.21277,13.0102,424,35512,0.0120658,0.03,1,175284,174860,424
2260081,78.4426,4.20204,519,35572,0.0264132,0.05,1,175381,174862,519
2263001,58.8885,77.6404,477,35631,0.0132826,0.07,1,175435,174958,477
2265921,66.1777,57.9281,492,35690,0.0106565,0.11,1,175503,175011,492
2268841,14.8355,64.3856,428,35749,0.0261313,0.13,1,175505,175077,428
2271761,24.5671,34.4771,428,35808,0.0452263,0.13,1,175532,175104,428
2274681,22.5134,24.4954,428,35867,0.0650453,0.15,1,175554,175126,428
2277601,46.1027,44.8991,430,35926,0.069009,0.09,1,175606,175176,430
2280521,30.0205,32.9798,426,35985,0.101802,0.11,1,175632,175206,426
2283441,41.2041,42.596,425,36044,0.0923604,0.05,1,175676,175251,425
2286361,22.6408,25.3192,422,36103,0.106472,0.01,1,175694,175272,422
2289281,13.3282,13.0638,423,36162,0.0932944,0.01,1,175705,175282,423
2292201,4.26563,4.21277,423,36220,0.0906589,0.03,1,175707,175284,423
2295121,78.4531,78.4426,423,36278,0.0421318,0.01,1,175804,175381,423
2298041,58.8906,58.8885,423,36336,0.0484264,0.01,1,175858,175435,423
2300961,66.1781,66.1777,423,36394,0.0496853,0.03,1,175926,175503,423
2303881,14.8356,14.8355,423,36452,0.0179371,0.05,1,175928,175505,423
2306801,23.7671,24.5671,422,36510,0.0595874,0.07,1,175954,175532,422
2309721,23.1534,22.5134,423,36568,0.0999175,0.07,1,175977,175554,423
2312641,47.8307,46.1027,425,36626,0.155983,0.11,1,176031,175606,425
2315561,30.3661,30.0205,425,36684,0.183197,0.09,1,176057,175632,425
2318481,40.4732,41.2041,424,36742,0.204639,0.11,1,176100,175676,424
2321401,23.2946,22.6408,425,36800,0.224928,0.09,1,176119,175694,425
2324321,12.6589,13.3282,424,36857,0.196986,0.09,1,176129,175705,424
2327241,4.13179,4.26563,424,36914,0.191397,0.03,1,176131,175707,424
2330161,77.6264,78.4531,423,36971,0.158279,0.05,1,176227,175804,423
2333081,57.9253,58.8906,422,37028,0.167656,0.05,1,176280,175858,422
2336001,65.9851,66.1781,422,37085,0.201531,0.01,1,176348,175926,422
2338921,14.797,14.8356,422,37142,0.176306,0.01,1,176350,175928,422
2341841,24.5594,2.96712,449,37199,0.155261,0.07,1,176377,175928,449
2344761,24.9119,21.3934,448,37256,0.183052,0.11,1,176402,175954,448
2347681,49.7824,22.6787,481,37313,0.22061,0.17,1,176458,175977,481
2350601,31.5565,47.7357,454,37370,0.212122,0.19,1,176485,176031,454
2353521,41.5113,30.3471,472,37427,0.226424,0.21,1,176529,176057,472
2356441,24.3023,40.4694,449,37483,0.229285,0.23,1,176549,176100,449
2359361,12.8605,23.2939,440,37539,0.229857,0.19,1,176559,176119,440
2362281,4.17209,12.6588,432,37595,0.229971,0.19,1,176561,176129,432
2365201,76.0344,4.13176,524,37651,0.293994,0.15,1,176655,176131,524
2368121,58.4069,77.6264,482,37707,0.306799,0.17,1,176709,176227,482
2371041,66.0814,57.9253,497,37763,0.32536,0.21,1,176777,176280,497
2373961,14.8163,65.9851,431,37819,0.329072,0.17,1,176779,176348,431
2376881,25.3633,14.797,457,37875,0.345814,0.15,1,176807,176350,457
2379801,26.6727,24.5594,457,37931,0.365163,0.19,1,176834,176377,457
2382721,50.1345,24.9119,488,37987,0.417033,0.23,1,176890,176402,488
2385641,30.8269,49.7824,458,38043,0.443407,0.21,1,176916,176458,458
2388561,42.1654,31.5565,476,38099,0.432681,0.23,1,176961,176485,476
2391481,24.4331,41.5113,452,38154,0.446536,0.23,1,176981,176529,452
2394401,13.6866,24.3023,443,38209,0.465307,0.23,1,176992,176549,443
2397321,4.33732,12.8605,435,38264,0.437061,0.23,1,176994,176559,435
2400241,78.4675,4.17209,530,38319,0.463412,0.31,1,177091,176561,530
2403161,58.8935,76.0344,490,38374,0.468682,0.31,1,177145,176655,490
2406081,67.7787,58.4069,506,38429,0.437737,0.33,1,177215,176709,506
2409001,15.1557,66.0814,440,38484,0.463547,0.33,1,177217,176777,440
2411921,27.0311,14.8163,468,38539,0.436709,0.35,1,177247,176779,468
2414841,27.0062,25.3633,467,38594,0.415342,0.37,1,177274,176807,467
2417761,7.00125,26.6727,442,38649,0.411068,0.43,1,177276,176834,442
2420681,47.8003,50.1345,444,38704,0.378214,0.45,1,177334,176890,444
2423601,30.3601,30.8269,444,38759,0.403643,0.43,1,177360,176916,444
2426521,42.072,42.1654,444,38813,0.408729,0.45,1,177405,176961,444
2429441,24.4144,24.4331,444,38867,0.457746,0.47,1,177425,176981,444
2432361,12.8829,13.6866,443,38921,0.435549,0.43,1,177435,176992,443
2435281,4.17658,4.33732,443,38975,0.46311,0.47,1,177437,176994,443
2438201,80.0353,78.4675,445,39029,0.420622,0.47,1,177536,177091,445
2441121,59.2071,58.8935,445,39083,0.460124,0.43,1,177590,177145,445
2444041,66.2414,67.7787,443,39137,0.484025,0.47,1,177658,177215,443
2446961,14.8483,15.1557,443,39191,0.456805,0.43,1,177660,177217,443
2449881,25.3697,27.0311,441,39245,0.499361,0.41,1,177688,177247,441
2452801,25.8739,27.0062,440,39299,0.507872,0.41,1,177714,177274,440
2455721,6.77479,7.00125,440,39353,0.509574,0.37,1,177716,177276,440
2458641,47.755,47.8003,440,39407,0.509915,0.41,1,177774,177334,440
2461561,30.351,30.3601,440,39461,0.589983,0.41,1,177800,177360,440
2464481,43.6702,42.072,442,39515,0.637997,0.47,1,177847,177405,442
2467401,25.534,24.4144,443,39568,0.663599,0.43,1,177868,177425,443
2470321,13.1068,12.8829,443,39621,0.65272,0.47,1,177878,177435,443
2473241,4.22136,4.17658,443,39674,0.682544,0.41,1,177880,177437,443
2476161,79.2443,80.0353,442,39727,0.688509,0.47,1,177978,177536,442
2479081,59.8489,59.2071,443,39780,0.721702,0.49,1,178033,177590,443
2482001,67.9698,66.2414,445,39833,0.76034,0.45,2,178103,177658,445
2484921,15.194,14.8483,445,39886,0.768068,0.51,2,178105,177660,445
2487841,25.4388,25.3697,445,39939,0.801614,0.51,2,178133,177688,445
2490761,25.8878,25.8739,445,39992,0.776323,0.51,2,178159,177714,445
2493681,6.77755,6.77479,445,40045,0.803265,0.51,2,178161,177716,445
2496601,49.3555,47.755,447,40098,0.808653,0.51,2,178221,177774,447
2499521,32.2711,9.55099,475,40151,0.809731,0.61,2,178249,177774,475
2502441,45.6542,22.7102,498,40204,0.841946,0.65,2,178298,177800,498
2505361,27.5308,42.142,474,40257,0.832389,0.67,2,178321,177847,474
2508281,13.5062,25.2284,463,40309,0.846478,0.65,2,178331,177868,463
2511201,4.30123,13.0457,455,40361,0.849296,0.69,2,178333,177878,455
2514121,80.8602,4.20914,553,40413,0.849859,0.69,2,178433,177880,553
2517041,61.7721,79.2418,512,40465,0.897972,0.73,2,178490,177978,512
2519961,69.9544,59.8484,529,40517,0.923594,0.77,2,178562,178033,529
2522881,15.5909,67.9697,461,40569,0.928719,0.77,2,178564,178103,461
2525801,25.5182,15.1939,487,40621,0.929744,0.81,2,178592,178105,487
2528721,25.9036,25.4388,485,40673,0.945949,0.77,2,178618,178133,485
2531641,6.78073,25.8878,461,40725,0.94919,0.81,2,178620,178159,461
2724361,34,58,495,44014,0.45,1,1,180939,180444,495
2727281,23.6,23.6,501,44062,0.434,1,1,180960,180459,501
2730201,28.72,23.92,507,44110,0.3348,1,1,180990,180483,507
2733121,22.544,21.584,507,44158,0.31496,1,1,181011,180504,507
2736041,41.3088,21.9168,531,44206,0.214992,1,1,181057,180526,531
2738961,28.2618,37.1834,515,44254,0.114998,1,1,181082,180567,515
2741881,25.6524,25.8367,517,44302,0.0469997,1,1,181107,180590,517
2744801,23.5305,23.5673,517,44350,0.0173999,1,1,181130,180613,517
2747721,27.1061,40.7135,500,44398,0.02748,1,1,181158,180658,500
2750641,22.2212,22.5427,503,44446,0.029496,1,1,181179,180676,503
2753561,22.0442,22.1085,503,44493,0.0058992,1,1,181201,180698,503
2756481,14.0088,18.8217,497,44540,0.0411798,0.98,1,181213,180716,497
2759401,34.8018,56.5643,471,44587,0.00823597,0.85,1,181253,180782,471
2762321,61.3604,77.7129,456,44634,0.00964719,0.61,1,181321,180865,456
2765241,43.4721,47.5426,455,44681,0.0259294,0.45,1,181360,180905,455
2768161,26.2944,36.7085,443,44728,0.0451859,0.43,1,181382,180939,443
2771081,20.4589,24.1417,441,44775,0.0650372,0.31,1,181401,180960,441
2774001,24.0918,28.8283,436,44822,0.0530074,0.31,1,181426,180990,436
2776921,19.2184,22.5657,433,44869,0.0666015,0.19,1,181444,181011,433
2779841,37.4437,41.3131,429,44916,0.16532,0.09,1,181486,181057,429
2782761,26.6887,28.2626,428,44963,0.201064,0.03,1,181510,181082,428
2785681,22.9377,25.6525,425,45010,0.224213,0.01,1,181532,181107,425
2788601,22.9875,23.5305,425,45057,0.148843,0.03,1,181555,181130,425
2791521,27.7975,27.1061,426,45104,0.0537685,0.03,1,181584,181158,426
2794441,21.5595,22.2212,425,45151,0.0507537,0,1,181604,181179,425
2797361,21.1119,22.0442,424,45198,0.0821507,0.05,1,181625,181201,424
2800281,13.0224,14.0088,423,45245,0.0404302,0,1,181636,181213,423
2803201,35.4045,34.8018,424,45292,0.032086,0.01,1,181677,181253,424
2806121,59.8809,61.3604,422,45339,0.0304172,0.03,1,181743,181321,422
2809041,43.1762,43.4721,422,45386,0.0460834,0.05,1,181782,181360,422
2811961,26.2352,26.2944,422,45432,0.0492167,0.07,1,181804,181382,422
2814881,20.447,20.4589,422,45478,0.0498433,0.05,1,181823,181401,422
2817801,24.8894,24.0918,423,45524,0.129969,0.07,1,181849,181426,423
2820721,22.5779,19.2184,427,45570,0.145994,0.19,1,181871,181444,427
2823641,39.7156,37.4437,429,45616,0.229199,0.21,1,181915,181486,429
2826561,31.1431,26.6887,434,45662,0.24584,0.23,1,181944,181510,434
2829481,21.4286,22.9377,431,45708,0.297168,0.13,1,181963,181532,431
2832401,18.6857,22.9875,426,45754,0.307434,0.03,1,181981,181555,426
2835321,23.7371,27.7975,422,45800,0.293487,0.05,1,182006,181584,422
2838241,24.7474,21.5595,427,45846,0.242697,0.09,1,182031,181604,427
2841161,17.7495,21.1119,422,45892,0.264539,0.03,1,182047,181625,422
2844081,12.3499,13.0224,422,45938,0.220908,0.03,1,182058,181636,422
2847001,36.87,2.60448,465,45984,0.164182,0.03,1,182101,181636,465
2849921,57.774,33.3209,487,46030,0.232836,0.03,1,182164,181677,487
2852841,42.7548,59.4642,460,46076,0.262567,0.05,1,182203,181743,460
2855761,26.151,43.0928,443,46122,0.236513,0.05,1,182225,181782,443
2858681,21.2302,26.2186,441,46168,0.231303,0.05,1,182245,181804,441
2861601,28.246,20.4437,452,46214,0.246261,0.15,1,182275,181823,452
2864521,25.6492,24.8887,451,46260,0.281252,0.15,1,182300,181849,451
2867441,41.9298,22.5777,475,46306,0.46425,0.25,1,182346,181871,475
2870361,33.186,39.7156,462,46352,0.50085,0.25,1,182377,181915,462
2873281,22.6372,31.1431,453,46397,0.55617,0.31,1,182397,181944,453
2876201,18.9274,21.4286,452,46442,0.567234,0.31,1,182415,181963,452
2879121,22.9855,18.6857,458,46487,0.569447,0.29,1,182439,181981,458
2882041,23.7971,23.7371,457,46532,0.569889,0.23,1,182463,182006,457
2884961,15.9594,24.7474,446,46577,0.569978,0.27,1,182477,182031,446
2887881,11.1919,17.7495,440,46622,0.569996,0.21,1,182487,182047,440
2890801,37.4384,12.3499,473,46667,0.617999,0.15,1,182531,182058,473
2893721,60.2877,36.87,496,46712,0.6596,0.25,1,182597,182101,496
2896641,42.4575,57.774,471,46757,0.71592,0.27,1,182635,182164,471
2899561,24.4915,42.7548,452,46802,0.727184,0.23,1,182655,182203,452
2902481,20.8983,26.151,450,46847,0.697437,0.23,1,182675,182225,450
2905401,30.5797,21.2302,463,46892,0.803487,0.25,2,182708,182245,463
2908321,31.7159,28.246,465,46937,0.888698,0.29,2,182740,182275,465
3039721,26,0,527,48917,0.77,1,2,184099,183572,527
3042641,18,20,518,48960,0.722,1,1,184115,183597,518
3045561,22.8,24,517,49003,0.6324,1,1,184139,183622,517
3048481,21.36,30.4,506,49046,0.53448,1,1,184160,183654,506
3051401,62.672,22.88,558,49089,0.106896,1,1,184233,183675,558
3054321,31.7344,71.776,498,49132,0.0213792,1,1,184257,183759,498
3057241,27.1469,36.7552,496,49175,0.00427584,1,1,184283,183787,496
3060161,31.8294,28.151,503,49218,0.0248552,1,1,184316,183813,503
3063081,27.9659,20.8302,511,49261,0.00497103,1,1,184343,183832,511
3066001,29.5932,22.566,518,49304,0.0249942,1,1,184373,183855,518
3068921,29.1186,28.5132,517,49347,0.0289988,1,1,184402,183885,517
3071841,18.6237,26.5026,507,49390,0.0457998,1,1,184418,183911,507
3074761,21.3247,21.3005,509,49433,0.04916,0.98,1,184440,183931,509
3077681,40.2649,25.0601,528,49476,0.049832,1,1,184485,183957,528
3080601,29.653,51.412,497,49519,0.0499664,0.91,1,184512,184015,497
3083521,24.3306,34.2824,490,49562,0.0179933,0.83,1,184535,184045,490
3086441,20.0661,29.2565,481,49605,0.0595987,0.77,1,184554,184073,481
3089361,15.2132,26.6513,469,49647,0.0199197,0.71,1,184568,184099,469
3092281,14.2426,18.1303,467,49689,0.0279839,0.61,1,184582,184115,467
3095201,18.0485,22.8261,462,49731,0.0455968,0.51,1,184601,184139,462
3098121,48.4097,21.3652,497,49773,0.00911936,0,1,184657,184160,497
3101041,26.4819,62.673,445,49815,0.00982387,0,1,184678,184233,445
3103961,27.6964,31.7346,449,49857,0.00196477,0,1,184706,184257,449
3106881,31.1393,27.1469,455,49899,0.024393,0.03,1,184738,184283,455
3109801,28.6279,31.8294,450,49941,0.0288786,0,1,184766,184316,450
3112721,28.9256,27.9659,452,49983,0.0297757,0.03,1,184795,184343,452
3115641,28.1851,29.5932,450,50025,0.573955,0.03,1,184823,184373,450
3118561,19.237,29.1186,438,50067,0.634791,0.05,1,184840,184402,438
3121481,21.4474,18.6237,444,50109,0.518958,0.05,1,184862,184418,444
3124401,41.8895,21.3247,469,50151,0.415792,0.05,1,184909,184440,469
3127321,27.5779,40.2649,448,50193,0.411158,0.05,1,184933,184485,448
3130241,25.5156,29.653,446,50235,0.410232,0.01,1,184958,184512,446
3133161,18.7031,24.3306,440,50277,0.426046,0.07,1,184975,184535,440
3136081,5.34062,20.0661,423,50319,0.429209,0.01,1,184977,184554,423
3139001,13.0681,15.2132,424,50361,0.413842,0.03,1,184992,184568,424
3141921,12.2136,14.2426,422,50403,0.410768,0.05,1,185004,184582,422
3144841,20.0427,18.0485,425,50445,0.346154,0,1,185026,184601,425
3147761,47.2085,48.4097,423,50487,0.0932307,0.01,1,185080,184657,423
3150681,25.4417,26.4819,422,50529,0.0266461,0,1,185100,184678,422
3153601,28.2883,27.6964,423,50571,0.00532923,0.03,1,185129,184706,423
3156521,30.4577,31.1393,422,50613,0.0250658,0.03,1,185160,184738,422
3159441,29.2915,28.6279,423,50655,0.0290132,0.03,1,185189,184766,423
3162361,29.0583,28.9256,423,50697,0.0298026,0.71,1,185218,184795,423
3165281,52.2117,28.1851,453,50739,0.0459605,0.65,1,185276,184823,453
3168201,21.6423,19.237,450,50781,0.0811921,0.49,1,185290,184840,450
3171121,20.3285,21.4474,448,50822,0.0562384,0.39,1,185310,184862,448
3174041,38.4657,41.8895,444,50863,0.147248,0.41,1,185353,184909,444
3176961,25.2931,27.5779,442,50904,0.16545,0.41,1,185375,184933,442
3179881,25.0586,25.5156,442,50945,0.20109,0.43,1,185400,184958,442
3182801,19.4117,18.7031,443,50986,0.208218,0.43,1,185418,184975,443
3185721,5.48234,5.34062,443,51027,0.177644,0.41,1,185420,184977,443
3188641,10.6965,13.0681,440,51068,0.203529,0.41,1,185432,184992,440
3191561,10.1393,12.2136,438,51109,0.176706,0.33,1,185442,185004,438
3194481,19.6279,20.0427,438,51150,0.235341,0.03,1,185464,185026,438
3197401,34.3256,47.2085,422,51191,0.167068,0.01,1,185502,185080,422
3200321,22.8651,25.4417,422,51232,0.137414,0,1,185522,185100,422
3203241,27.773,28.2883,422,51273,0.0274827,0.03,1,185551,185129,422
3206161,30.3546,30.4577,422,51314,0.0294965,0.03,1,185582,185160,422
3209081,29.2709,29.2915,422,51355,0.0138993,0.03,1,185611,185189,422
3212001,29.0542,29.0583,422,51396,0.0107799,0.05,1,185640,185218,422
3214921,53.8108,52.2117,424,51437,0.026156,0.09,1,185700,185276,424
3217841,21.9622,21.6423,424,51478,0.0132312,0.05,1,185714,185290,424
3220761,20.3924,20.3285,424,51519,0.0106462,0.17,1,185734,185310,424
3223681,41.6785,38.4657,428,51560,0.0741293,0.17,1,185781,185353,428
3226601,25.9357,25.2931,428,51601,0.0868258,0.21,1,185803,185375,428
3229521,26.7871,25.0586,430,51642,0.121365,0.21,1,185830,185400,430
3232441,19.7574,19.4117,430,51683,0.096273,0.17,1,185848,185418,430
3235361,5.55149,5.48234,430,51724,0.123255,0.21,1,185850,185420,430
3238281,10.7103,10.6965,430,51765,0.128651,0.21,1,185862,185432,430
3241201,10.1421,2.13929,440,51806,0.0977302,0.17,1,185872,185432,440
3244121,22.0284,8.42786,455,51847,0.107546,0.25,1,185897,185442,455
3247041,30.0057,19.2856,465,51888,0.141509,0.15,1,185929,185464,465
3249961,20.4011,34.2571,445,51929,0.180302,0.13,1,185947,185502,445
3252881,24.0802,22.8514,450,51970,0.14006,0,1,185972,185522,450
3255801,29.616,27.7703,452,52011,0.0280121,0.03,1,186003,185551,452
3258721,29.1232,30.3541,450,52051,0.0296024,0.01,1,186032,185582,450
3261641,29.0246,29.2708,450,52091,0.0299205,0.01,1,186061,185611,450
3264561,53.8049,29.0542,481,52131,0.0459841,0.03,1,186121,185640,481
3267481,21.961,53.8108,435,52171,0.0331968,0.01,1,186135,185700,435
3270401,20.3922,21.9622,441,52211,0.0306394,0.01,1,186155,185714,441
3273321,43.2784,20.3924,470,52251,0.0461279,0.09,1,186204,185734,470
3276241,26.2557,41.6785,445,52291,0.0812256,0.09,1,186226,185781,445
3279161,28.4511,25.9357,452,52331,0.0722451,0.13,1,186255,185803,452
3282081,20.0902,26.7871,443,52371,0.070449,0.09,1,186273,185830,443
3285001,5.61805,19.7574,427,52411,0.0860898,0.13,1,186275,185848,427
3287921,10.7236,5.55149,437,52451,0.089218,0.13,1,186287,185850,437
3290841,10.1447,10.7103,435,52491,0.0898436,0.09,1,186297,185862,435
3293761,22.8289,10.1421,451,52531,0.105969,0.11,1,186323,185872,451
3296681,33.3658,22.0284,462,52571,0.173194,0.15,1,186359,185897,462
3299601,21.0732,30.0057,448,52611,0.202639,0.19,1,186377,185929,448
3302521,18.6146,20.4011,448,52651,0.224528,0.13,1,186395,185947,448
3305441,26.9229,24.0802,452,52691,0.180906,0,1,186424,185972,452
3308361,28.5846,29.616,450,52731,0.0441811,0.03,1,186453,186003,450
3311281,29.7169,29.1232,451,52771,0.0328362,0.03,1,186483,186032,451
3314201,53.1434,29.0246,481,52811,0.0465672,0.05,1,186542,186061,481
3317121,22.6287,53.8049,436,52851,0.0333134,0.03,1,186557,186121,436
3320041,20.5257,21.961,442,52891,0.0306627,0.03,1,186577,186135,442
3322961,44.9051,20.3922,473,52931,0.0301325,0.05,1,186628,186155,473
3325881,27.381,43.2784,447,52971,0.0300265,0.09,1,186651,186204,447
3328801,27.8762,26.2557,453,53011,0.0300053,0.07,1,186679,186226,453
3331721,20.7752,28.4511,443,53051,0.0140011,0.07,1,186698,186255,443
3334641,5.75505,20.0902,427,53091,0.0108002,0.09,1,186700,186273,427
3337561,10.751,5.61805,437,53131,0.02616,0.09,1,186712,186275,437
3340481,10.9502,10.7236,436,53171,0.061232,0.09,1,186723,186287,436
3343401,23.79,10.1447,453,53211,0.0522464,0.11,1,186750,186297,453
3346321,6.35801,22.8289,429,53251,0.0504493,0.19,1,186752,186323,429
3349241,32.4716,33.3658,432,53291,0.0340899,0.21,1,186791,186359,432
3352161,21.6943,21.0732,433,53330,0.030818,0.23,1,186810,186377,433
3355081,20.3389,18.6146,435,53369,0.0141636,0.17,1,186830,186395,435
3358001,20.0678,26.9229,426,53408,0.0428327,0.01,1,186850,186424,426
3360921,24.0136,28.5846,422,53447,0.0325665,0.03,1,186875,186453,422
3363841,29.6027,29.7169,423,53486,0.00651331,0.05,1,186906,186483,423
3366761,53.9205,53.1434,424,53525,0.0253027,0.03,1,186966,186542,424
3369681,21.9841,22.6287,423,53564,0.0610605,0.03,1,186980,186557,423
3372601,20.3968,20.5257,423,53603,0.0362121,0.03,1,187000,186577,423
3375521,44.8794,44.9051,423,53642,0.0792424,0.03,1,187051,186628,423
3378441,27.3759,27.381,423,53681,0.0878485,0.03,1,187074,186651,423
3381361,27.8752,27.8762,423,53720,0.10557,0.01,1,187102,186679,423
3384281,20.775,20.7752,423,53759,0.0931139,0.01,1,187121,186698,423
3387201,5.75501,5.75505,423,53798,0.0586228,0.03,1,187123,186700,423
3390121,11.551,10.751,424,53837,0.0677246,0.07,1,187136,186712,424
3393041,10.3102,10.9502,423,53876,0.0695449,0.05,1,187146,186723,423
3395961,24.462,23.79,424,53915,0.085909,0.05,1,187174,186750,424
3398881,6.49241,6.35801,424,53954,0.121182,0.03,1,187176,186752,424
3401801,30.8985,32.4716,422,53993,0.144236,0.03,1,187213,186791,422
3404721,21.3797,21.6943,422,54032,0.148847,0.01,1,187232,186810,422
3407641,20.2759,20.3389,422,54071,0.213769,0.05,1,187252,186830,422
3410561,20.0552,20.0678,422,54110,0.210754,0.03,1,187272,186850,422
3413481,24.011,24.0136,422,54149,0.178151,0,1,187297,186875,422
3416401,29.6022,29.6027,422,54188,0.0916302,0.03,1,187328,186906,422
3419321,54.7204,53.9205,423,54227,0.058326,0.07,1,187389,186966,423
3422241,22.1441,21.9841,423,54266,0.0196652,0.03,1,187403,186980,423
3425161,20.4288,20.3968,423,54305,0.011933,0.09,1,187423,187000,423
3428081,46.4858,44.8794,425,54344,0.0583866,0.09,1,187476,187051,425
3431001,27.6972,27.3759,425,54383,0.0516773,0.11,1,187499,187074,425
3433921,27.9394,27.8752,425,54422,0.0823355,0.09,1,187527,187102,425
3436841,19.9879,20.775,424,54461,0.0884671,0.05,1,187545,187121,424
3439761,5.59758,5.75501,424,54500,0.0896934,0.07,1,187547,187123,424
3442681,12.3195,11.551,425,54539,0.0579387,0.07,1,187561,187136,425
3445601,10.4639,10.3102,425,54578,0.0515877,0.09,1,187571,187146,425
3448521,26.0928,24.462,427,54617,0.0983175,0.13,1,187601,187174,427
3451441,6.81856,6.49241,427,54656,0.107664,0.15,1,187603,187176,427
3454361,30.9637,30.8985,427,54695,0.0935327,0.15,1,187640,187213,427
3457281,20.5927,6.1797,445,54733,0.0587065,0.15,1,187658,187213,445
3460201,21.7185,16.4359,448,54771,0.115741,0.23,1,187680,187232,448
3463121,21.9437,19.2872,450,54809,0.127148,0.21,1,187702,187252,450
3466041,22.7887,19.8574,453,54847,0.14543,0.17,1,187725,187272,453
3468961,24.5577,23.9715,453,54885,0.165086,0.07,1,187750,187297,453
3471881,52.9115,29.5943,482,54923,0.185017,0.05,1,187810,187328,482
3474801,21.7823,54.7189,435,54961,0.189003,0.01,1,187824,187389,435
3477721,20.3565,22.1438,441,54999,0.189801,0.01,1,187844,187403,441
3480641,47.2713,20.4288,475,55037,0.15796,0.07,1,187898,187423,475
3483561,28.6543,46.4858,446,55075,0.151592,0.05,1,187922,187476,446
3486481,28.1309,27.6971,451,55113,0.150318,0.09,1,187950,187499,451
3489401,20.0262,27.9394,441,55151,0.182064,0.09,1,187968,187527,441
3492321,5.60523,19.9879,425,55189,0.188413,0.09,1,187970,187545,425
3495241,12.321,5.59758,437,55227,0.189683,0.05,1,187984,187547,437
3498161,10.4642,12.3195,433,55265,0.189937,0.05,1,187994,187561,433
3501081,26.8928,10.4639,454,55303,0.173987,0.11,1,188025,187571,454
3504001,6.97857,26.0928,426,55341,0.170797,0.11,1,188027,187601,426
3506921,30.1957,6.81856,460,55379,0.170159,0.09,1,188063,187603,460
3509841,20.4391,30.9637,441,55417,0.186032,0.05,1,188081,187640,441
3512761,24.8878,20.5927,449,55455,0.237206,0.13,1,188107,187658,449
3515681,24.1776,21.7185,451,55493,0.279441,0.13,1,188131,187680,451
3518601,24.0355,21.9437,453,55531,0.319888,0.15,1,188155,187702,453
3521521,24.0071,22.7887,454,55569,0.359978,0.17,1,188179,187725,454
3524441,53.6014,24.5577,490,55607,0.399996,0.19,1,188240,187750,490
3527361,21.9203,52.9115,444,55645,0.407999,0.19,1,188254,187810,444
3530281,20.3841,21.7823,450,55683,0.4256,0.19,1,188274,187824,450
3533201,45.6768,20.3565,482,55721,0.42912,0.15,1,188326,187844,482
3536121,28.3354,47.2713,452,55759,0.429824,0.15,1,188350,187898,452
3539041,29.6671,28.6543,458,55797,0.429965,0.15,1,188380,187922,458
3541961,20.3334,28.1309,448,55835,0.429993,0.19,1,188398,187950,448
3544881,5.66668,20.0262,432,55873,0.429999,0.19,1,188400,187968,432
3547801,12.3333,5.60523,444,55911,0.43,0.19,1,188414,187970,444
3550721,10.4667,12.321,440,55949,0.43,0.19,1,188424,187984,440
3553641,26.0933,10.4642,460,55987,0.43,0.17,1,188454,187994,460
3556561,6.81867,26.8928,431,56025,0.43,0.17,1,188456,188025,431
3559481,30.1637,6.97857,465,56063,0.43,0.17,1,188492,188027,465
3562401,22.8327,30.1957,450,56101,0.43,0.19,1,188513,188063,450
3565321,26.1665,20.4391,459,56138,0.446,0.25,1,188540,188081,459
3568241,6.83331,24.8878,435,56175,0.4492,0.29,1,188542,188107,435
3571161,21.3667,24.1776,436,56212,0.43384,0.33,1,188567,188131,436
3574081,25.8733,24.0355,439,56249,0.414768,0.37,1,188594,188155,439
3577001,25.1747,24.0071,440,56286,0.394954,0.41,1,188619,188179,440
3579921,55.4349,53.6014,442,56323,0.390991,0.41,1,188682,188240,442
3582841,22.287,21.9203,442,56360,0.422198,0.43,1,188696,188254,442
3585761,21.2574,20.3841,443,56397,0.38044,0.43,1,188717,188274,443
3588681,45.8515,45.6768,443,56434,0.404088,0.43,1,188769,188326,443
3591601,28.3703,28.3354,443,56471,0.408818,0.43,1,188793,188350,443
3594521,29.6741,29.6671,443,56508,0.409763,0.43,1,188823,188380,443
3597441,20.3348,20.3334,443,56545,0.409953,0.43,1,188841,188398,443
3600361,5.66696,5.66668,443,56582,0.377991,0.43,1,188843,188400,443
3603281,12.3334,12.3333,443,56619,0.403598,0.43,1,188857,188414,443
3606201,10.4667,10.4667,443,56656,0.39272,0.43,1,188867,188424,443
3609121,26.0933,26.0933,443,56693,0.390544,0.43,1,188897,188454,443
3612041,6.81867,6.81867,443,56730,0.422109,0.43,1,188899,188456,443
3614961,30.1637,30.1637,443,56767,0.428422,0.43,1,188935,188492,443
3617881,24.4327,22.8327,445,56804,0.413684,0.45,1,188958,188513,445
3620801,25.6866,26.1665,444,56841,0.458737,0.45,1,188984,188540,444
3623721,6.73731,6.83331,444,56878,0.467747,0.43,1,188986,188542,444
3626641,20.5475,21.3667,443,56915,0.469549,0.41,1,189010,188567,443
3629561,23.3095,25.8733,440,56952,0.53391,0.39,1,189034,188594,440
3632481,23.8619,25.1747,439,56989,0.578782,0.39,1,189058,188619,439
3635401,56.7724,55.4349,441,57026,0.587756,0.43,1,189123,188682,441
3638321,22.5545,22.287,441,57063,0.573551,0.37,1,189137,188696,441
3641241,20.5109,21.2574,440,57100,0.61871,0.41,1,189157,188717,440
3644161,45.7022,45.8515,440,57137,0.675742,0.41,1,189209,188769,440
3647081,28.3404,28.3703,440,57174,0.687148,0.41,1,189233,188793,440
3650001,29.6681,29.6741,440,57211,0.68943,0.41,1,189263,188823,440
3652921,20.3336,20.3348,440,57248,0.689886,0.37,1,189281,188841,440
3655841,5.66672,5.66696,440,57285,0.689977,0.41,1,189283,188843,440
3658761,13.1333,12.3334,441,57322,0.673995,0.39,1,189298,188857,441
3661681,10.6267,10.4667,441,57359,0.638799,0.39,1,189308,188867,441
3664601,26.1253,26.0933,441,57396,0.63176,0.43,1,189338,188897,441
3667521,6.82507,6.81867,441,57433,0.662352,0.43,1,189340,188899,441
3670441,30.165,30.1637,441,57470,0.66847,0.41,1,189376,188935,441
3673361,26.033,24.4327,443,57507,0.653694,0.47,1,189401,188958,443
3676281,26.8066,25.6866,444,57544,0.666739,0.47,1,189428,188984,444
3679201,6.96132,6.73731,444,57581,0.669348,0.47,1,189430,188986,444
3682121,22.1923,20.5475,446,57618,0.66987,0.47,1,189456,189010,446
3685041,24.4385,4.10949,471,57654,0.653974,0.55,1,189481,189010,471
3687961,24.8877,20.0219,472,57690,0.682795,0.59,1,189506,189034,472
3690881,57.7775,23.2044,514,57726,0.736559,0.59,1,189572,189058,514
3693801,24.3555,56.6409,465,57762,0.747312,0.57,1,189588,189123,465
3696721,21.6711,22.5282,472,57798,0.765462,0.63,2,189609,189137,472
3699641,46.7342,20.5056,505,57834,0.785092,0.69,2,189662,189157,505
3702561,28.5468,45.7011,477,57870,0.789018,0.69,2,189686,189209,477
3705481,29.7094,28.3402,483,57906,0.789804,0.69,2,189716,189233,483
3708401,20.3419,29.668,471,57942,0.789961,0.69,2,189734,189263,471
3711321,5.66837,20.3336,455,57978,0.789992,0.69,2,189736,189281,455
3714241,12.3337,5.66672,467,58014,0.789998,0.67,2,189750,189283,467
3717161,10.4667,13.1333,462,58050,0.79,0.63,2,189760,189298,462
3720081,26.0933,10.6267,482,58086,0.79,0.63,2,189790,189308,482
3723001,6.81867,26.1253,454,58122,0.79,0.67,2,189792,189338,454
3725921,30.1637,6.82507,488,58158,0.79,0.67,2,189828,189340,488
3728841,26.8327,30.165,478,58194,0.806,0.65,2,189854,189376,478
3731761,26.1666,26.033,479,58230,0.8252,0.67,2,189880,189401,479
3734681,6.83331,26.8066,454,58266,0.82904,0.67,2,189882,189428,454
3737601,22.1667,6.96132,478,58302,0.829808,0.67,2,189908,189430,478
3740521,25.2333,22.1923,478,58338,0.829962,0.65,2,189934,189456,478
3743441,26.6467,24.4385,480,58374,0.829992,0.69,2,189961,189481,480
3746361,60.5293,24.8877,524,58410,0.901998,0.75,2,190030,189506,524
3749281,26.5059,57.7775,476,58446,0.9484,0.75,2,190048,189572,476
3752201,21.3012,24.3555,480,58482,0.94968,0.77,2,190068,189588,480
4020841,47,34,477,28618,0.01,0.07,1,192335,191858,477
4023761,28.6,62.8,431,28692,0.01,0.05,1,192359,191928,431
4026681,39.32,38.96,440,28766,0.002,0,1,192401,191961,440
4029601,67.864,61.392,448,28840,0.0724,0.03,1,192476,192028,448
4032521,87.9728,81.8784,454,28913,0.07048,0.03,1,192569,192115,454
4035441,63.1946,64.3757,451,28986,0.022096,0.03,1,192626,192175,451
4038361,31.0389,43.2751,436,29059,0.0284192,0,1,192649,192213,436
4041281,16.6078,23.855,430,29132,0.0456838,0.01,1,192662,192232,430
4044201,41.7216,20.771,458,29205,0.0651368,0.07,1,192710,192252,458
4047121,45.9443,32.9542,469,29277,0.0210274,0.01,1,192757,192288,469
4050041,27.5889,44.1908,445,29349,0.0442055,0.01,1,192780,192335,445
4052961,39.1178,28.0382,463,29421,0.00884109,0,1,192822,192359,463
4055881,67.8236,39.2076,496,29493,0.0577682,0.09,1,192897,192401,496
4058801,91.1647,67.8415,518,29565,0.0195536,0.07,1,192994,192476,518
4061721,62.2329,87.9683,480,29637,0.0599107,0.01,1,193049,192569,480
4064641,30.0466,63.1937,445,29708,0.0359821,0.03,1,193071,192626,445
4067561,17.2093,31.0387,436,29779,0.0311964,0.05,1,193085,192649,436
4070481,5.04186,16.6077,425,29850,0.0302393,0.07,1,193087,192662,425
4073401,39.4084,41.7216,425,29921,0.0620479,0.01,1,193135,192710,425
4076321,43.0817,45.9443,422,29992,0.10841,0.05,1,193179,192757,422
4079241,27.0163,27.5889,422,30063,0.0936819,0,1,193202,192780,422
4082161,39.0033,39.1178,422,30133,0.0427364,0.07,1,193244,192822,422
4085081,68.6007,67.8236,423,30203,0.0165473,0.01,1,193320,192897,423
4088001,91.3201,91.1647,423,30273,0.0273095,0.07,1,193417,192994,423
4090921,62.264,62.2329,423,30343,0.0134619,0.03,1,193472,193049,423
4093841,30.0528,30.0466,423,30413,0.0266924,0.03,1,193494,193071,423
4096761,18.8106,17.2093,425,30483,0.0293385,0.03,1,193510,193085,425
4099681,5.36211,5.04186,425,30552,0.0618677,0.07,1,193512,193087,425
4102601,40.2724,39.4084,426,30621,0.116374,0.12,1,193561,193135,426
4105521,42.4545,43.0817,425,30690,0.143275,0.09,1,193604,193179,425
4108441,24.4909,27.0163,422,30759,0.116655,0.03,1,193624,193202,422
4111361,38.4982,39.0033,422,30828,0.047331,0.01,1,193666,193244,422
4114281,68.4996,68.6007,422,30897,0.0094662,0.03,1,193742,193320,422
4117201,91.2999,91.3201,422,30965,0.0418932,0.01,1,193839,193417,422
4120121,62.26,62.264,422,31033,0.0803786,0.03,1,193894,193472,422
4123041,30.052,30.0528,422,31101,0.0560757,0.03,1,193916,193494,422
4125961,21.2104,18.8106,425,31169,0.0352151,0.07,1,193935,193510,425
4128881,5.84208,5.36211,425,31237,0.031043,0.13,1,193937,193512,425
4131801,41.1684,40.2724,426,31305,0.126209,0.13,1,193987,193561,426
4134721,42.6337,8.05448,469,31373,0.177242,0.15,1,194030,193561,469
4137641,24.5267,36.0109,446,31440,0.203448,0.11,1,194050,193604,446
4140561,34.5053,23.2022,463,31507,0.0966897,0.03,1,194087,193624,463
4143481,67.7011,38.2404,497,31574,0.0273379,0,1,194163,193666,497
4146401,91.1402,68.4481,518,31641,0.0454676,0.05,1,194260,193742,518
4149321,63.828,91.2896,478,31708,0.0490935,0.09,1,194317,193839,478
4152241,28.7656,62.2579,443,31775,0.0498187,0.05,1,194337,193894,443
4155161,22.5531,30.0516,442,31842,0.0179637,0.03,1,194358,193916,442
4158081,6.11062,21.2103,425,31908,0.0115927,0.03,1,194360,193935,425
4161001,44.4221,5.84206,477,31974,0.0583185,0.15,1,194414,193937,477
4163921,45.6844,41.1684,473,32040,0.0676637,0.19,1,194460,193987,473
4166841,25.9369,42.6337,451,32106,0.0855327,0.21,1,194481,194030,451
4169761,26.7874,24.5267,458,32172,0.0891066,0.07,1,194508,194050,458
4172681,66.9575,34.5053,498,32238,0.0578213,0.01,1,194585,194087,498
4175601,91.7915,67.7011,520,32304,0.0355643,0.05,1,194683,194163,520
4178521,63.9583,91.1402,480,32369,0.0951129,0.05,1,194740,194260,480
4181441,27.1917,63.828,441,32434,0.107023,0.05,1,194758,194317,441
4184361,23.0383,28.7656,443,32499,0.125405,0.01,1,194780,194337,443
4187281,6.20767,22.5531,424,32564,0.129081,0.01,1,194782,194358,424
4190201,47.6415,6.11062,480,32629,0.161816,0.07,1,194840,194360,480
4193121,44.7283,44.4221,470,32694,0.168363,0.07,1,194884,194414,470
4196041,26.5457,45.6844,446,32759,0.201673,0.09,1,194906,194460,446
4198961,6.90913,25.9369,427,32824,0.224335,0.09,1,194908,194481,427
4201881,22.1818,26.7874,426,32888,0.228867,0.05,1,194934,194508,426
4204801,62.8364,66.9575,422,32952,0.0537734,0.03,1,195007,194585,422
4207721,91.7673,91.7915,423,33016,0.0187547,0.11,1,195106,194683,423
4210641,67.1535,63.9583,427,33080,0.0117509,0.11,1,195167,194740,427
4213561,27.8307,27.1917,427,33144,0.0103502,0.13,1,195185,194758,427
4216481,22.3661,23.0383,426,33208,0.05807,0.13,1,195206,194780,426
4219401,6.07323,6.20767,426,33272,0.067614,0.17,1,195208,194782,426
4222321,50.8146,47.6415,430,33336,0.0695228,0.17,1,195270,194840,430
4225241,45.3629,44.7283,430,33399,0.101905,0.21,1,195314,194884,430
4228161,29.0726,26.5457,433,33462,0.0603809,0.23,1,195339,194906,433
4231081,7.41452,6.90913,433,33525,0.0520762,0.23,1,195341,194908,433
4234001,22.2829,22.1818,433,33588,0.0984152,0.01,1,195367,194934,433
4236921,54.0566,62.8364,422,33651,0.059683,0.01,1,195429,195007,422
4239841,90.0113,91.7673,422,33714,0.0519366,0.01,1,195528,195106,422
4242761,66.8023,67.1535,422,33777,0.0503873,0.01,1,195589,195167,422
4245681,27.7605,27.8307,422,33840,0.0660775,0.07,1,195607,195185,422
4248601,23.1521,22.3661,423,33902,0.0692155,0.07,1,195629,195206,423
4251521,6.23042,6.07323,423,33964,0.0698431,0.07,1,195631,195208,423
4254441,52.4461,50.8146,425,34026,0.0699686,0.11,1,195695,195270,425
4257361,45.6892,45.3629,425,34088,0.133994,0.05,1,195739,195314,425
4260281,28.3378,29.0726,424,34150,0.146799,0.05,1,195763,195339,424
4263201,7.26757,7.41452,424,34212,0.14936,0.05,1,195765,195341,424
4266121,23.0535,1.4829,451,34274,0.181872,0.11,1,195792,195341,451
4269041,52.6107,21.0966,485,34336,0.236374,0.05,1,195852,195367,485
4271961,88.1221,53.8193,520,34398,0.0712749,0.05,1,195949,195429,520
4274881,67.2244,89.9639,483,34459,0.054255,0.05,1,196011,195528,483
4277801,29.4449,66.7928,442,34520,0.066851,0.07,1,196031,195589,442
4280721,23.489,27.7586,446,34581,0.0693702,0.07,1,196053,195607,446
4283641,6.2978,23.1517,426,34642,0.069874,0.07,1,196055,195629,426
4286561,52.4596,6.23034,488,34703,0.0539748,0.07,1,196119,195631,488
4289481,47.2919,52.4461,470,34764,0.050795,0.15,1,196165,195695,470
4292401,31.0584,45.6892,453,34825,0.034159,0.15,1,196192,195739,453
4295321,7.81168,28.3378,431,34886,0.0628318,0.15,1,196194,195763,431
4298241,25.5623,7.26757,459,34947,0.0685664,0.19,1,196224,195765,459
4301161,53.9125,23.0535,493,35007,0.0697133,0.25,1,196285,195792,493
4304081,79.5825,52.6107,519,35067,0.0379427,0.03,1,196371,195852,519
4307001,67.1165,88.1221,486,35127,0.0475885,0.05,1,196435,195949,486
4309921,29.4233,67.2244,444,35187,0.0495177,0.07,1,196455,196011,444
4312841,23.4847,29.4449,446,35247,0.0659035,0.07,1,196477,196031,446
4315761,6.29693,23.489,426,35307,0.0691807,0.07,1,196479,196053,426
4318681,51.6594,6.2978,487,35367,0.0858361,0.05,1,196542,196055,487
4321601,47.1319,52.4596,469,35427,0.105167,0.05,1,196588,196119,469
4324521,31.8264,47.2919,451,35487,0.141033,0.03,1,196616,196165,451
4327441,7.96527,31.0584,426,35547,0.148207,0.07,1,196618,196192,426
4330361,26.3931,7.81168,455,35606,0.181641,0.07,1,196649,196194,455
4333281,53.2786,25.5623,485,35665,0.204328,0.07,1,196709,196224,485
4336201,12.2557,53.9125,426,35724,0.208866,0.03,1,196711,196285,426
4339121,68.8511,79.5825,423,35783,0.257773,0.05,1,196794,196371,423
4342041,65.7702,67.1165,424,35842,0.251555,0.05,1,196859,196435,424
4344961,29.954,29.4233,425,35901,0.266311,0.07,1,196880,196455,425
4347881,24.3908,23.4847,426,35960,0.269262,0.07,1,196903,196477,426
4350801,6.47816,6.29693,426,36019,0.269852,0.09,1,196905,196479,426
4353721,52.4956,51.6594,427,36078,0.285971,0.11,1,196969,196542,427
4356641,48.8991,47.1319,429,36137,0.289194,0.15,1,197017,196588,429
4359561,32.9798,31.8264,430,36195,0.305839,0.15,1,197046,196616,430
4362481,8.19596,7.96527,430,36253,0.309168,0.19,1,197048,196618,430
4365401,27.2392,26.3931,431,36311,0.277834,0.21,1,197080,196649,431
4368321,55.0478,53.2786,433,36369,0.271567,0.21,1,197142,196709,433
4371241,12.6096,12.2557,433,36427,0.270313,0.27,1,197144,196711,433
4374161,70.5219,68.8511,435,36485,0.334063,0.25,1,197229,196794,435
4377081,65.3044,65.7702,434,36543,0.330813,0.27,1,197293,196859,434
4380001,29.8609,29.954,434,36601,0.346162,0.27,1,197314,196880,434
4382921,23.5722,24.3908,433,36659,0.317233,0.27,1,197336,196903,433
4385841,6.31443,6.47816,433,36717,0.311447,0.29,1,197338,196905,433
4388761,54.8629,52.4956,436,36775,0.342289,0.29,1,197405,196969,436
4391681,49.3726,48.8991,436,36832,0.412458,0.31,1,197453,197017,436
4394601,32.2745,32.9798,435,36889,0.394492,0.31,1,197481,197046,435
4397521,8.0549,8.19596,435,36946,0.390898,0.27,1,197483,197048,435
4400441,27.211,27.2392,435,37003,0.48618,0.27,1,197515,197080,435
4403361,55.0422,55.0478,435,37060,0.505236,0.27,1,197577,197142,435
4406281,12.6084,12.6096,435,37117,0.477047,0.35,1,197579,197144,435
4409201,72.1217,70.5219,437,37174,0.567409,0.35,1,197666,197229,437
4412121,65.6243,14.1044,501,37231,0.601482,0.33,1,197730,197229,501
4415041,29.1249,54.0209,457,37288,0.608296,0.35,1,197750,197293,457
4417961,23.425,27.6042,458,37345,0.609659,0.31,1,197772,197314,458
4420881,6.28499,23.1208,438,37402,0.609932,0.31,1,197774,197336,438
4423801,56.457,6.22417,505,37458,0.641986,0.35,1,197843,197338,505
4426721,51.2914,54.8448,488,37514,0.632397,0.43,1,197893,197405,488
4429641,33.4583,49.369,469,37570,0.646479,0.39,1,197922,197453,469
4432561,8.29166,32.2738,443,37626,0.617296,0.39,1,197924,197481,443
4435481,29.6583,8.05476,476,37682,0.627459,0.51,1,197959,197483,476
4438401,55.5317,27.211,506,37738,0.629492,0.51,1,198021,197515,506
4441321,12.7063,55.0422,446,37794,0.629898,0.47,1,198023,197577,446
4444241,76.1413,12.6084,536,37850,0.59798,0.59,1,198115,197579,536
4447161,68.0283,72.1217,515,37906,0.639596,0.61,1,198181,197666,515
4450081,29.6056,65.6243,471,37962,0.663919,0.61,1,198201,197730,471
4453001,23.5211,29.1249,473,38018,0.668784,0.61,1,198223,197750,473
4455921,6.30423,23.425,453,38074,0.669757,0.61,1,198225,197772,453
4458841,58.0608,6.28499,522,38129,0.653951,0.65,1,198296,197774,522
4461761,50.8122,56.457,502,38184,0.69879,0.63,1,198345,197843,502
4464681,32.5624,51.2914,480,38239,0.707758,0.65,1,198373,197893,480
4467601,8.11249,33.4583,453,38294,0.725552,0.61,1,198375,197922,453
4470521,30.4225,8.29166,487,38349,0.74511,0.63,1,198411,197924,487
4473441,55.6845,29.6583,514,38404,0.813022,0.63,2,198473,197959,514
4476361,12.7369,55.5317,454,38459,0.826604,0.63,2,198475,198021,454
4479281,76.1474,12.7063,544,38514,0.845321,0.59,2,198567,198023,544
4482201,68.8295,76.1413,519,38569,0.881064,0.65,2,198634,198115,519
4485121,15.3659,68.0283,455,38624,0.888213,0.67,2,198636,198181,455
4488041,19.0732,29.6056,455,38679,0.889643,0.67,2,198656,198201,455
4490961,21.4146,23.5211,455,38734,0.921929,0.67,2,198678,198223,455
4493881,5.88293,6.30423,455,38789,0.928386,0.65,2,198680,198225,455
4740621,97,98,495,19203,0.01,0.03,1,201843,201348,495
4743541,108.2,119.6,481,19314,0.026,0.01,1,201954,201473,481
4746461,71.24,100.72,447,19424,0.0132,0.05,1,202016,201569,447
4749381,51.048,63.344,439,19533,0.02664,0.07,1,202062,201623,439
4752301,33.4096,37.4688,437,19642,0.045328,0.07,1,202091,201654,437
4755221,69.8819,25.8938,493,19750,0.0650656,0.07,1,202170,201677,493
4758141,90.7764,60.3788,520,19857,0.0850131,0.01,1,202266,201746,520
4761061,106.155,89.6757,533,19964,0.0890026,0.03,1,202376,201843,533
4763981,70.0311,106.735,483,20070,0.0898005,0.01,1,202437,201954,483
4766901,53.2062,70.947,470,20176,0.0579601,0.03,1,202486,202016,470
4769821,33.8412,50.9894,453,20281,0.067592,0.05,1,202515,202062,453
4772741,69.9682,33.3979,503,20386,0.133518,0.07,1,202594,202091,503
4775661,90.7937,69.8796,520,20490,0.226704,0.09,1,202690,202170,520
4778581,106.959,90.7759,535,20594,0.309341,0.09,1,202801,202266,535
4781501,67.7917,106.155,483,20697,0.453868,0.09,1,202859,202376,483
4784421,52.7583,70.031,471,20799,0.498774,0.05,1,202908,202437,471
4787341,35.3517,53.2062,453,20901,0.491755,0.07,1,202939,202486,453
4790261,73.4703,33.8412,507,21002,0.594351,0.15,1,203022,202515,507
4793181,16.2941,69.9682,430,21103,0.61487,0.25,1,203024,202594,430
4796101,82.4588,90.7937,433,21204,0.674974,0.33,1,203123,202690,433
4799021,109.292,106.959,438,21304,0.846995,0.49,2,203239,202801,438
4801941,76.2584,67.7917,448,21404,0.969399,0.51,2,203307,202859,448
4889541,29,26,486,24200,0.31,1,1,205249,204763,486
4892461,38.6,44.4,478,24288,0.198,1,1,205290,204812,478
4895381,79.72,79.28,480,24375,0.0956,1,1,205380,204900,480
4898301,55.944,43.856,495,24462,0.04312,1,1,205430,204935,495
4901221,55.1888,62.3712,483,24549,0.064624,0.99,1,205485,205002,483
4904141,85.4378,98.8742,468,24635,0.0209248,0.91,1,205578,205110,468
4907061,33.8876,40.5748,463,24721,0.028185,0.39,1,205599,205136,463
4909981,53.1775,75.315,437,24807,0.029637,0.31,1,205657,205220,437
4912901,29.0355,38.263,431,24892,0.0459274,0.17,1,205680,205249,431
4915821,34.6071,40.4526,426,24977,0.0651855,0.07,1,205716,205290,426
4918741,77.3214,80.0905,424,25062,0.0210371,0.03,1,205804,205380,424
4921661,56.2643,56.0181,425,25147,0.0122074,0.07,1,205855,205430,425
4924581,52.8529,55.2036,422,25231,0.602441,0.01,1,205907,205485,422
4927501,84.9706,85.4407,422,25315,0.592488,0.03,1,206000,205578,422
4930421,33.7941,33.8881,422,25399,0.542498,0.03,1,206021,205599,422
4933341,53.1588,53.1776,422,25482,0.3885,0.03,1,206079,205657,422
4936261,28.2318,10.6355,444,25565,0.3257,0.05,1,206101,205657,444
4939181,36.0464,20.5271,459,25648,0.24914,0.07,1,206139,205680,459
4942101,76.8093,32.9054,510,25731,0.153828,0.01,1,206226,205716,510
4945021,56.9619,76.9811,474,25813,0.0547656,0.01,1,206278,205804,474
4947941,79.3924,56.1962,508,25895,0.0829531,0.75,1,206363,205855,508
4950861,82.2785,52.8392,539,25977,0.152591,0.59,1,206446,205907,539
4953781,32.4557,84.9678,466,26059,0.182518,0.53,1,206466,206000,466
4956701,45.6911,33.7936,494,26140,0.204504,0.35,1,206515,206021,494
4959621,26.7382,53.1587,458,26221,0.208901,0.31,1,206537,206079,458
4962541,34.1476,28.2317,472,26302,0.22578,0.23,1,206573,206101,472
4965461,70.0295,36.0463,513,26383,0.261156,0.13,1,206652,206139,513
4968381,52.4059,76.8093,474,26463,0.236231,0.03,1,206700,206226,474
4971301,80.8812,56.9619,510,26543,0.167246,0.09,1,206788,206278,510
4974221,85.7762,79.3924,512,26623,0.185449,0.17,1,206875,206363,512
4977141,33.9552,82.2785,450,26703,0.20509,0.19,1,206896,206446,450
4980061,46.791,32.4557,480,26782,0.225018,0.21,1,206946,206466,480
4982981,26.9582,45.6911,453,26861,0.245004,0.21,1,206968,206515,453
4985901,6.99164,26.7382,433,26940,0.249001,0.23,1,206970,206537,433
4988821,30.1983,34.1476,433,27019,0.2498,0.27,1,207006,206573,433
4991741,72.4397,70.0295,437,27097,0.28196,0.23,1,207089,206652,437
4994661,49.6879,52.4059,433,27175,0.336392,0.15,1,207133,206700,433
4997581,77.1376,80.8812,429,27253,0.363278,0.19,1,207217,206788,429
5000501,86.6275,85.7762,431,27331,0.432656,0.21,1,207306,206875,431
5003421,34.9255,33.9552,432,27408,0.462531,0.23,1,207328,206896,432
5006341,48.5851,46.791,434,27485,0.468506,0.25,1,207380,206946,434
5009261,27.317,26.9582,434,27562,0.501701,0.25,1,207402,206968,434
5012181,7.0634,6.99164,434,27639,0.50834,0.25,1,207404,206970,434
5015101,30.2127,30.1983,434,27716,0.525668,0.29,1,207440,207006,434
5018021,73.2425,72.4397,435,27792,0.545134,0.35,1,207524,207089,435
5020941,51.4485,49.6879,437,27868,0.517027,0.37,1,207570,207133,437
5023861,78.2897,77.1376,438,27944,0.495405,0.45,1,207655,207217,438
5026781,90.8579,86.6275,443,28020,0.523081,0.47,1,207749,207306,443
5029701,36.5716,34.9255,444,28096,0.560616,0.47,1,207772,207328,444
5032621,49.7143,48.5851,445,28171,0.552123,0.51,1,207825,207380,445
5035541,27.5429,27.317,445,28246,0.518425,0.51,1,207847,207402,445
5038461,7.10857,7.0634,445,28321,0.543685,0.53,1,207849,207404,445
5041381,31.0217,30.2127,446,28396,0.548737,0.53,1,207886,207440,446
5044301,73.4043,6.04254,530,28471,0.565747,0.55,1,207970,207440,530
5047221,49.8809,68.4085,490,28545,0.569149,0.51,1,208014,207524,490
5050141,78.7762,50.4817,530,28619,0.64983,0.49,1,208100,207570,530
5053061,93.3552,78.0963,542,28693,0.681966,0.53,1,208197,207655,542
5055981,36.271,90.8193,470,28767,0.688393,0.57,1,208219,207749,470
5058901,48.8542,36.5639,499,28841,0.705679,0.55,1,208271,207772,499
5061821,27.3708,49.7128,468,28914,0.725136,0.51,1,208293,207825,468
5064741,7.07417,27.5426,448,28987,0.729027,0.55,1,208295,207847,448
5067661,31.8148,7.10851,484,29060,0.729805,0.55,1,208333,207849,484
5070581,75.163,31.0217,533,29133,0.809961,0.57,2,208419,207886,533
5073501,51.0326,73.4043,494,29206,0.825992,0.57,2,208464,207970,494
5076421,82.2065,49.8809,540,29278,0.893198,0.67,2,208554,208014,540
5079341,94.8413,78.7762,552,29350,0.87464,0.69,2,208652,208100,552
5082261,36.5683,93.3552,477,29422,0.870928,0.69,2,208674,208197,477
5085181,49.7137,36.271,508,29494,0.870186,0.71,2,208727,208219,508
5088101,29.1427,48.8542,480,29566,0.902037,0.73,2,208751,208271,480
5091021,7.42855,27.3708,460,29638,0.876407,0.73,2,208753,208293,460
5093941,32.6857,7.07417,497,29709,0.919281,0.73,2,208792,208295,497
5312941,123,173,470,15606,0.05,0.25,1,212457,211987,470
5315861,85.4,98.6,466,15742,0.034,0.01,1,212533,212067,466
5318781,65.08,91.72,436,15877,0.0308,0,1,212593,212157,436
5321701,44.216,41.544,446,16011,0.01416,0.01,1,212632,212186,446
5324621,108.043,126.709,422,16144,0.026832,0.05,1,212756,212334,422
5327541,121.609,123.742,424,16276,0.0133664,0.03,1,212881,212457,424
5330461,85.1217,85.5483,424,16406,0.0586733,0.03,1,212957,212533,424
5333381,63.4243,65.1097,422,16535,0.0357347,0.01,1,213015,212593,422
5336301,44.6849,44.2219,423,16663,0.0151469,0.01,1,213055,212632,423
5339221,106.537,8.84439,545,16790,0.0590294,0.03,1,213177,212632,545
5342141,121.307,100.969,546,16916,0.0118059,0.01,1,213302,212756,546
5345061,85.8615,120.194,498,17042,0.0263612,0.07,1,213379,212881,498
5347981,63.5723,84.8388,480,17167,0.0292722,0.03,1,213437,212957,480
5350901,43.9145,63.3678,461,17291,0.0138544,0.01,1,213476,213015,461
5353821,106.383,44.6735,543,17414,0.0107709,0.07,1,213598,213055,543
5356741,122.077,106.535,547,17536,0.0261542,0,1,213724,213177,547
5359661,86.8153,121.307,500,17657,0.0292308,0.03,1,213802,213302,500
5362581,62.9631,85.8614,480,17777,0.0138462,0.03,1,213859,213379,480
5365501,43.7926,63.5723,461,17896,0.0427692,0.01,1,213898,213437,461
5368421,105.559,43.9145,543,18015,0.0325538,0.01,1,214019,213476,543
5371341,22.7117,106.383,423,18133,0.0305108,0.03,1,214021,213598,423
5374261,106.142,122.077,424,18250,0.0461022,0.03,1,214148,213724,424
5377181,83.6285,86.8153,424,18366,0.0332204,0.01,1,214226,213802,424
5380101,62.3257,62.9631,424,18482,0.0466441,0.05,1,214283,213859,424
5383021,43.6651,43.7926,424,18597,0.113329,0.03,1,214322,213898,424
5385941,104.733,105.559,423,18711,0.0626658,0.03,1,214442,214019,423
5388861,22.5466,22.7117,423,18824,0.0205332,0.05,1,214444,214021,423
5391781,105.309,106.142,422,18937,0.0441066,0.03,1,214570,214148,422
5394701,83.4619,83.6285,422,19049,0.0488213,0.05,1,214648,214226,422
5397621,62.2924,62.3257,422,19160,0.0337643,0.13,1,214705,214283,422
5400541,46.8585,43.6651,426,19271,0.0307529,0.05,1,214748,214322,426
5403461,102.172,104.733,422,19381,0.0461506,0.01,1,214864,214442,422
5406381,22.0343,22.5466,422,19490,0.0812301,0.05,1,214866,214444,422
5409301,106.807,105.309,424,19599,0.040246,0.05,1,214994,214570,424
5412221,82.1614,21.0619,500,19707,0.0320492,0.05,1,215070,214570,500
5415141,61.2323,66.6124,478,19815,0.0624098,0.03,1,215126,214648,478
5418061,47.4465,58.9225,465,19922,0.068482,0.03,1,215170,214705,465
5420981,103.089,46.1845,539,20028,0.0376964,0.05,1,215287,214748,539
5423901,22.2179,102.037,425,20134,0.0475393,0.09,1,215289,214864,425
5426821,106.844,22.0074,551,20239,0.0495079,0.03,1,215417,214866,551
5429741,83.7687,106.801,501,20344,0.0499016,0.03,1,215495,214994,501
5432661,61.5537,82.1603,481,20448,0.0819803,0.07,1,215551,215070,481
5435581,46.7107,61.2321,468,20552,0.104396,0.07,1,215594,215126,468
5438501,102.142,47.4464,540,20655,0.156879,0.03,1,215710,215170,540
5441421,22.0284,103.089,425,20758,0.167376,0.05,1,215712,215287,425
5444341,105.206,22.2179,549,20860,0.201475,0.05,1,215838,215289,549
5447261,85.8411,106.844,502,20962,0.192295,0.05,1,215919,215417,502
5450181,18.7682,83.7687,426,21063,0.190459,0.09,1,215921,215495,426
5453101,48.5536,61.5537,426,21164,0.254092,0.11,1,215977,215551,426
5456021,44.9107,46.7107,427,21264,0.266818,0.17,1,216021,215594,427
5458941,104.982,102.142,431,21364,0.333364,0.17,1,216141,215710,431
5461861,22.5964,22.0284,431,21463,0.346673,0.21,1,216143,215712,431
5464781,106.919,105.206,433,21562,0.413335,0.19,1,216271,215838,433
5467701,84.5839,85.8411,431,21660,0.442667,0.19,1,216350,215919,431
5470621,18.5168,18.7682,431,21758,0.448533,0.27,1,216352,215921,431
5473541,50.1034,48.5536,433,21855,0.497707,0.27,1,216410,215977,433
5476461,45.2207,44.9107,433,21952,0.507541,0.35,1,216454,216021,433
5479381,109.844,104.982,439,22049,0.605508,0.35,1,216580,216141,439
5482301,23.5688,22.5964,439,22145,0.593102,0.43,1,216582,216143,439
5485221,110.314,106.919,443,22241,0.60662,0.45,1,216714,216271,443
5488141,86.0628,84.5839,444,22336,0.657324,0.45,1,216794,216350,444
5491061,18.8125,18.5168,444,22431,0.667465,0.51,1,216796,216352,444
5493981,51.7625,50.1034,446,22526,0.653493,0.51,1,216856,216410,446
5496901,45.5525,10.0207,490,22620,0.650699,0.51,1,216900,216410,490
5499821,113.11,37.2041,576,22714,0.73014,0.63,1,217030,216454,576
5502741,24.2221,108.241,452,22807,0.746028,0.59,1,217032,216580,452
5505661,109.644,23.2482,581,22900,0.781206,0.61,2,217163,216582,581
5508581,88.3289,110.25,532,22993,0.740241,0.67,1,217246,216714,532
5511501,19.2658,86.0499,454,23085,0.732048,0.67,1,217248,216794,454
5514421,52.6532,18.81,513,23177,0.71441,0.65,1,217309,216796,513
5517341,46.5306,51.762,498,23268,0.742882,0.65,1,217354,216856,498
5520261,116.506,45.5524,588,23359,0.748576,0.75,1,217488,216900,588
5523181,24.9012,113.11,460,23450,0.749715,0.75,1,217490,217030,460
5526101,111.38,24.2221,591,23540,0.861943,0.79,2,217623,217032,591
5529021,86.276,109.644,540,23630,0.916389,0.73,2,217703,217163,540
5531941,18.8552,88.3289,459,23720,0.927278,0.73,2,217705,217246,459
5631221,46,41,514,26588,0.83,1,2,219706,219192,514
5634141,138,39.4,636,26668,0.318,1,1,219867,219231,636
5637061,53.2,131.88,513,26747,0.1516,1,1,219899,219386,513
5639981,35.44,53.576,510,26826,0.11832,1,1,219930,219420,510
5642901,56.688,35.5152,541,26905,0.063664,1,1,219992,219451,541
5645821,36.9376,60.703,506,26984,0.0687328,1,1,220024,219518,506
5648741,48.1875,78.5406,474,27062,0.0217466,0.9,1,220075,219601,474
5651661,32.0375,40.5081,471,27140,0.0603493,0.93,1,220103,219632,471
5654581,28.8075,30.5016,471,27218,0.0840699,0.83,1,220131,219660,471
5657501,30.5615,42.9003,456,27296,0.152814,0.19,1,220162,219706,456
5660421,113.312,137.38,429,27374,0.150563,0.11,1,220296,219867,429
5663341,45.8625,53.076,426,27451,0.198113,0.11,1,220325,219899,426
5666261,30.7725,35.4152,422,27528,0.127623,0.05,1,220352,219930,422
5669181,55.7545,56.683,422,27605,0.0335245,0.07,1,220414,219992,422
5672101,37.5509,36.9366,423,27682,0.222705,0.01,1,220447,220024,423
5675021,47.5102,48.1873,422,27759,0.164541,0.07,1,220497,220075,422
5677941,32.702,32.0375,423,27835,0.136908,0.09,1,220526,220103,423
5680861,31.3404,28.8075,426,27911,0.115382,0.17,1,220557,220131,426
5683781,31.0681,30.5615,426,27987,0.111076,0.15,1,220588,220162,426
5686701,114.214,113.312,427,28063,0.238215,0.21,1,220723,220296,427
5689621,48.4427,45.8625,430,28138,0.263643,0.11,1,220755,220325,430
5692541,25.6885,30.7725,423,28213,0.268729,0.01,1,220775,220352,423
5695461,53.9377,55.7545,422,28288,0.173746,0.27,1,220836,220414,422
5698381,45.9875,37.5509,433,28363,0.218749,0.27,1,220880,220447,433
5701301,43.5975,7.51018,476,28438,0.25975,0.15,1,220923,220447,476
5704221,31.1195,41.502,454,28512,0.26795,0.13,1,220951,220497,454
5707141,30.2239,31.5004,455,28586,0.28559,0.11,1,220981,220526,455
5710061,33.2448,31.1001,458,28660,0.289118,0.11,1,221015,220557,458
5712981,118.649,31.02,567,28734,0.305824,0.27,1,221155,220588,567
5715901,49.3298,114.204,464,28808,0.309165,0.27,1,221187,220723,464
5718821,25.866,48.4408,452,28881,0.309833,0.27,1,221207,220755,452
5721741,50.7732,25.6882,489,28954,0.325967,0.15,1,221264,220775,489
5724661,48.5546,53.9376,476,29027,0.473193,0.23,1,221312,220836,476
5727581,45.7109,45.9875,477,29100,0.518639,0.27,1,221357,220880,477
5730501,32.3422,43.5975,463,29173,0.543728,0.27,1,221386,220923,463
5733421,31.2684,31.1195,466,29246,0.596746,0.29,1,221417,220951,466
5736341,32.6537,30.2239,469,29318,0.639349,0.29,1,221450,220981,469
5739261,119.331,33.2448,576,29390,0.67987,0.31,1,221591,221015,576
5742181,49.4661,118.649,468,29462,0.719974,0.31,1,221623,221155,468
5745101,25.8932,49.3298,456,29534,0.743995,0.31,1,221643,221187,456
5748021,52.3786,25.866,495,29606,0.780799,0.33,2,221702,221207,495
5750941,55.2757,50.7732,494,29677,0.91616,0.51,2,221758,221264,494
5860441,127,138,516,14175,0.11,0.15,1,223713,223197,516
5863361,83.8,123.6,469,14325,0.046,0.03,1,223786,223317,469
5866281,43.96,76.72,438,14473,0.0092,0.05,1,223820,223382,438
5869201,163.192,75.344,556,14620,0.04184,0,1,224013,223457,556
5872121,132.638,118.269,552,14765,0.048368,0.11,1,224138,223586,552
5875041,81.7277,125.254,494,14909,0.0176736,0.03,1,224207,223713,494
5877961,44.3455,83.4508,456,15051,0.00353472,0,1,224242,223786,456
5880881,10.4691,43.8902,424,15192,0.00870694,0.05,1,224244,223820,424
5883801,156.494,163.178,424,15332,0.00974139,0.05,1,224437,224013,424
5886721,132.899,132.636,426,15471,0.137948,0.01,1,224564,224138,426
5889641,78.5798,81.7271,422,15608,0.14759,0,1,224629,224207,422
5892561,43.7159,44.3454,422,15744,0.0695179,0.01,1,224664,224242,422
5895481,10.3432,10.4691,422,15879,0.0219036,0.01,1,224666,224244,422
5898401,156.469,156.494,422,16013,0.0283807,0.17,1,224859,224437,422
5901321,137.694,132.899,428,16146,0.0936761,0.15,1,224992,224564,428
5904241,77.1387,78.5798,425,16278,0.122735,0.05,1,225054,224629,425
5907161,41.0277,43.7159,422,16408,0.128547,0.01,1,225086,224664,422
5910081,9.80555,10.3432,422,16537,0.129709,0.03,1,225088,224666,422
5913001,157.161,156.469,423,16665,0.161942,0.03,1,225282,224859,423
5915921,138.632,31.2937,557,16792,0.0723884,0.11,1,225416,224859,557
5918841,78.1264,112.659,487,16918,0.0864777,0.13,1,225479,224992,487
5921761,38.0253,72.1318,453,17043,0.105296,0.13,1,225507,225054,453
5924681,9.20506,40.0263,423,17168,0.109059,0.13,1,225509,225086,423
5927601,161.841,9.60527,621,17292,0.125812,0.17,1,225709,225088,621
5930521,136.368,157.121,557,17415,0.177162,0.05,1,225839,225282,557
5933441,79.2736,138.624,488,17537,0.283432,0.09,1,225904,225416,488
5936361,39.0547,78.1248,454,17658,0.288687,0.11,1,225933,225479,454
5939281,9.41095,38.025,428,17778,0.289737,0.11,1,225935,225507,428
5940741,162.682,9.20499,627,17897,0.353947,0.13,1,226136,225509,627
5943661,34.1364,161.841,429,18016,0.366789,0.19,1,226138,225709,429
5946581,112.427,136.368,431,18134,0.417358,0.19,1,226270,225839,431
5949501,78.4855,27.2736,501,18251,0.475472,0.31,1,226340,225839,501
5952421,38.8971,57.4547,465,18367,0.503094,0.29,1,226369,225904,465
5955341,9.37942,34.6909,438,18483,0.476619,0.29,1,226371,225933,438
5956801,162.676,8.53819,637,18598,0.551324,0.37,1,226572,225935,637
5959721,35.7352,162.508,440,18712,0.534265,0.37,1,226576,226136,440
5962641,114.347,34.1015,572,18825,0.610853,0.43,1,226710,226138,572
5965561,82.8694,112.42,515,18938,0.610171,0.49,1,226785,226270,515
5968481,40.5739,78.4841,475,19050,0.642034,0.51,1,226815,226340,475
5971401,9.71478,38.8968,448,19161,0.648407,0.47,1,226817,226369,448
5972861,162.743,9.37936,647,19272,0.729681,0.57,1,227018,226371,647
5975781,37.3486,162.676,452,19382,0.745936,0.53,1,227024,226572,452
5978701,117.87,35.7352,586,19491,0.797187,0.63,2,227162,226576,586
5981621,83.5739,114.347,527,19600,0.807437,0.61,2,227237,226710,527
5984541,18.3148,82.8694,454,19708,0.809488,0.65,2,227239,226785,454
5987461,28.463,40.5739,455,19816,0.841897,0.65,2,227270,226815,455
5990381,7.29259,9.71478,455,19923,0.848379,0.75,2,227272,226817,455
5993301,168.659,162.743,463,20029,0.897676,0.75,2,227481,227018,463
5996221,147.332,37.3486,599,20135,0.891535,0.81,2,227623,227024,599
6064841,33,17,521,22527,0.93,1,2,229204,228683,521
6067761,31.4,3.4,552,22621,0.85,1,2,229235,228683,552
6070681,106.28,14.28,660,22715,0.53,1,1,229360,228700,660
6073601,45.256,149.256,507,22808,0.466,1,1,229390,228883,507
6076521,111.451,53.8512,605,22901,0.2132,1,1,229518,228913,605
6079441,94.2902,118.77,560,22994,0.06664,0.93,1,229608,229048,560
6082361,39.658,97.354,494,23086,0.021328,0.93,1,229634,229140,494
6085281,34.3316,44.2708,496,23178,0.0442656,0.93,1,229667,229171,496
6088201,30.0663,35.2542,492,23269,0.0328531,0.83,1,229696,229204,492
6091121,94.0133,31.8508,571,23360,0.0305706,0.45,1,229806,229235,571
6094041,41.2027,106.37,474,23451,0.0301141,0.45,1,229834,229360,474
6096961,97.0405,45.274,555,23541,0.0620228,0.15,1,229945,229390,555
6099881,86.6081,111.455,511,23631,0.0684046,0.03,1,230029,229518,511
6102801,38.1216,94.291,447,23721,0.0216809,0.01,1,230055,229608,447
6105721,35.6243,39.6582,456,23810,0.0283362,0.05,1,230090,229634,456
6108641,29.5249,34.3316,451,23899,0.0136672,0.03,1,230118,229667,451
6111561,7.50497,30.0663,424,23988,0.0267334,0.03,1,230120,229696,424
6114481,89.501,94.0133,424,24076,0.0933467,0.03,1,230230,229806,424
6117401,40.3002,41.2027,424,24164,0.122669,0.07,1,230258,229834,424
6120321,99.26,97.0405,427,24252,0.208534,0.07,1,230372,229945,427
6123241,85.452,86.6081,425,24339,0.225707,0.01,1,230454,230029,425
6126161,36.2904,38.1216,423,24426,0.197141,0.03,1,230478,230055,423
6129081,36.0581,35.6243,424,24513,0.127428,0.01,1,230514,230090,424
6132001,29.6116,29.5249,424,24599,0.0974857,0.03,1,230542,230118,424
6134921,7.52232,7.50497,424,24685,0.0914971,0.11,1,230544,230120,424
6137841,91.9045,89.501,427,24771,0.0262994,0.13,1,230657,230230,427
6140761,39.9809,40.3002,426,24857,0.0612599,0.23,1,230684,230258,426
6143681,104.796,99.26,433,24942,0.052252,0.23,1,230805,230372,433
6146601,86.5592,85.452,433,25027,0.0984504,0.19,1,230887,230454,433
6149521,33.3118,36.2904,429,25112,0.10769,0.11,1,230907,230478,429
6152441,33.8624,36.0581,427,25196,0.077538,0.09,1,230941,230514,427
6155361,26.7725,29.6116,424,25280,0.119508,0.09,1,230966,230542,424
6158281,6.95449,7.52232,424,25364,0.127902,0.01,1,230968,230544,424
6161201,90.1909,91.9045,422,25448,0.14558,0.01,1,231079,230657,422
6164121,40.4382,18.3809,450,25531,0.117116,0.07,1,231107,230657,450
6167041,104.888,25.2762,544,25614,0.127423,0.05,1,231228,230684,544
6169961,87.3775,101.855,506,25697,0.193485,0.11,1,231311,230805,506
6172881,33.4755,85.971,444,25779,0.206697,0.11,1,231331,230887,444
6175801,33.8951,33.1942,458,25861,0.209339,0.07,1,231365,230907,458
6178721,27.579,33.8388,450,25943,0.225868,0.13,1,231391,230941,450
6181641,7.1158,26.7678,427,26025,0.229174,0.13,1,231393,230966,427
6184561,91.0232,6.95355,537,26106,0.245835,0.15,1,231505,230968,537
6187481,40.6046,90.1907,454,26187,0.249167,0.11,1,231533,231079,454
6190401,105.721,40.4381,548,26268,0.377833,0.13,1,231655,231107,548
6193321,90.7442,104.888,514,26349,0.515567,0.21,1,231742,231228,514
6196241,34.1488,87.3775,451,26429,0.543113,0.21,1,231762,231311,451
6199161,34.0298,33.4755,465,26509,0.564623,0.21,1,231796,231331,465
6202081,28.406,33.8951,458,26589,0.552925,0.23,1,231823,231365,458
6205001,7.28119,27.579,434,26669,0.550585,0.23,1,231825,231391,434
6207921,91.8562,7.1158,545,26748,0.566117,0.25,1,231938,231393,545
6210841,40.7712,91.0232,461,26827,0.569223,0.25,1,231966,231505,461
6213761,112.954,40.6046,564,26906,0.665845,0.41,1,232097,231533,564
6216681,24.1908,105.721,444,26985,0.685169,0.55,1,232099,231655,444
6219601,78.4382,90.7442,449,27063,0.737034,0.55,1,232191,231742,449
6222521,32.4876,34.1488,450,27141,0.763407,0.57,2,232212,231762,450
6225441,33.6975,34.0298,450,27219,0.736681,0.55,1,232246,231796,450
6228361,27.5395,28.406,449,27297,0.731336,0.55,1,232272,231823,449
6231281,7.1079,7.28119,449,27375,0.730267,0.57,1,232274,231825,449
6234201,92.6216,91.8562,450,27452,0.762053,0.57,2,232388,231938,450
6237121,40.9243,40.7712,450,27529,0.800411,0.69,2,232416,231966,450
6240041,117.785,112.954,456,27606,0.776082,0.69,2,232553,232097,456
6242961,25.157,24.1908,456,27683,0.771216,0.75,2,232555,232099,456
6245881,81.0314,78.4382,459,27760,0.850243,0.77,2,232650,232191,459
6248801,32.2063,32.4876,458,27836,0.866049,0.73,2,232670,232212,458
6251721,33.6413,33.6975,458,27912,0.83721,0.73,2,232704,232246,458
6254641,28.3283,27.5395,459,27988,0.847442,0.73,2,232731,232272,459
6257561,7.26565,7.1079,459,28064,0.849488,0.77,2,232733,232274,459
6260481,93.4531,92.6216,460,28139,0.897898,0.81,2,232848,232388,460
6263401,41.0906,40.9243,460,28214,0.90758,0.77,2,232876,232416,460
6266321,118.618,117.785,461,28289,0.909516,0.77,2,233014,232553,461
6269241,25.3236,25.157,461,28364,0.909903,0.77,2,233016,232555,461
6272161,81.8647,5.03139,557,28439,0.909981,0.87,2,233112,232555,557
6275081,32.3729,77.0063,482,28513,0.925996,0.87,2,233132,232650,482
6278001,33.6746,31.4013,496,28587,0.945199,0.83,2,233166,232670,496
6377281,135,136,497,31004,0.35,1,1,234929,234432,497
6380201,51.8,52.8,496,31072,0.27,1,1,234960,234464,496
6383121,66.36,71.36,490,31140,0.238,1,1,235030,234540,490
6386041,39.672,41.472,489,31208,0.1996,1,1,235063,234574,489
6388961,22.3344,33.8944,475,31276,0.20792,1,1,235081,234606,475
6391881,27.6669,6.77888,504,31344,0.129584,1,1,235110,234606,504
6394801,23.9334,26.9558,495,31412,0.113917,1,1,235133,234638,495
6397721,29.5867,26.1912,500,31479,0.0627834,0.98,1,235164,234664,500
6400641,43.5173,30.0382,516,31546,0.0205567,0.89,1,235211,234695,516
6403561,44.7035,46.8076,510,31613,0.0441113,0.75,1,235256,234746,510
6406481,100.141,47.7615,576,31680,0.0808223,0.35,1,235370,234794,576
6409401,40.8281,117.552,467,31747,0.136164,0.25,1,235396,234929,467
6412321,56.9656,48.3105,497,31814,0.163233,0.23,1,235457,234960,497
6415241,37.7931,65.6621,460,31881,0.152647,0.19,1,235490,235030,460
6418161,22.7586,39.5324,446,31947,0.182529,0.21,1,235509,235063,446
6421081,26.1517,22.3065,455,32013,0.204506,0.11,1,235536,235081,455
6424001,21.2303,27.6613,446,32079,0.176901,0.11,1,235556,235110,446
6426921,29.0461,23.9323,454,32145,0.29938,0.05,1,235587,235133,454
6429841,42.6092,29.5865,469,32211,0.355876,0.01,1,235633,235164,469
6432761,45.3218,43.5173,468,32277,0.367175,0.05,1,235679,235211,468
6435681,101.864,44.7035,539,32343,0.369435,0.09,1,235795,235256,539
6438601,43.5729,100.141,454,32408,0.401887,0.15,1,235824,235370,454
6441521,59.9146,40.8281,492,32473,0.456377,0.17,1,235888,235396,492
6444441,37.5829,56.9656,463,32538,0.467276,0.15,1,235920,235457,463
6447361,22.7166,37.7931,449,32603,0.453455,0.19,1,235939,235490,449
6450281,26.9433,22.7586,458,32668,0.450691,0.21,1,235967,235509,458
6453201,21.3887,26.1517,451,32733,0.466138,0.17,1,235987,235536,451
6456121,5.87773,21.2303,433,32798,0.469228,0.33,1,235989,235556,433
6459041,30.7755,29.0461,439,32862,0.485846,0.37,1,236026,235587,439
6461961,42.1551,42.6092,438,32926,0.505169,0.37,1,236071,235633,438
6464881,46.831,45.3218,440,32990,0.509034,0.37,1,236119,235679,440
6467801,102.966,101.864,441,33054,0.557807,0.41,1,236236,235795,441
6470721,44.5932,43.5729,442,33118,0.583561,0.47,1,236266,235824,442
6473641,62.5186,59.9146,445,33182,0.572712,0.47,1,236333,235888,445
6476561,38.1037,37.5829,445,33246,0.586542,0.45,1,236365,235920,445
6479481,22.0207,22.7166,444,33310,0.621309,0.45,1,236383,235939,444
6482401,27.6041,26.9433,445,33373,0.628262,0.47,1,236412,235967,445
6485321,21.5208,21.3887,445,33436,0.597652,0.47,1,236432,235987,445
6488241,5.90417,5.87773,445,33499,0.63953,0.49,1,236434,235989,445
6491161,31.5808,30.7755,446,33562,0.631906,0.51,1,236472,236026,446
6494081,43.1162,42.1551,447,33625,0.662381,0.51,1,236518,236071,447
6497001,47.0232,46.831,447,33688,0.716476,0.57,1,236566,236119,447
6499921,105.405,102.966,450,33751,0.743295,0.59,1,236686,236236,450
6502841,45.8809,44.5932,451,33814,0.780659,0.57,2,236717,236266,451
6505761,61.9762,62.5186,450,33877,0.788132,0.59,2,236783,236333,450
6508681,38.7952,38.1037,451,33939,0.757626,0.63,2,236816,236365,451
6511601,22.959,22.0207,452,34001,0.767525,0.63,2,236835,236383,452
6514521,26.9918,27.6041,451,34063,0.769505,0.59,2,236863,236412,451
6517441,22.1984,21.5208,452,34125,0.785901,0.65,2,236884,236432,452
6520361,6.03967,5.90417,452,34187,0.78918,0.63,2,236886,236434,452
6523281,32.4079,31.5808,453,34249,0.773836,0.63,2,236925,236472,453
6526201,44.8816,6.31617,501,34311,0.738767,0.67,1,236973,236472,501
6529121,48.1763,38.0632,504,34373,0.763753,0.73,2,237022,236518,504
6532041,108.035,46.0126,579,34435,0.848751,0.75,2,237145,236566,579
6534961,45.6071,105.203,489,34496,0.83375,0.79,2,237175,236686,489
6537881,61.9214,45.8405,524,34557,0.83075,0.79,2,237241,236717,524
6540801,38.7843,61.9681,491,34618,0.84615,0.75,2,237274,236783,491
6543721,23.7569,38.7936,478,34679,0.84923,0.77,2,237294,236816,478
6546641,27.1514,22.9587,487,34740,0.881846,0.77,2,237322,236835,487
6549561,23.0303,26.9917,481,34801,0.904369,0.79,2,237344,236863,481
6552481,6.20605,22.1983,462,34862,0.908874,0.79,2,237346,236884,462
6555401,31.6412,6.03967,498,34923,0.909775,0.77,2,237384,236886,498
6558321,43.1282,32.4079,505,34984,0.909955,0.73,2,237430,236925,505
6675121,58,36,536,37324,0.91,1,2,239147,238611,536
6678041,35.6,47.2,516,37381,0.894,1,2,239177,238661,516
6680961,34.32,45.44,505,37438,0.8588,1,2,239211,238706,505
6683881,27.664,33.088,501,37494,0.83576,1,2,239237,238736,501
6686801,25.5328,26.6176,501,37550,0.847152,1,2,239262,238761,501
6689721,22.7066,20.5235,504,37606,0.83343,1,2,239284,238780,504
6692641,31.7413,28.1047,508,37662,0.798686,1,2,239318,238810,508
6695561,35.9483,33.6209,510,37718,0.839737,1,2,239355,238845,510
6698481,29.5897,32.3242,506,37774,0.831948,0.95,2,239383,238877,506
6701401,21.1179,28.0648,498,37830,0.846389,1,2,239402,238904,498
6704321,100.224,28.013,590,37886,0.833278,0.91,2,239522,238932,590
6707241,48.8447,101.603,506,37942,0.846656,0.89,2,239558,239052,506
6710161,49.7689,49.9205,519,37998,0.881331,0.91,2,239608,239089,519
6713081,41.1538,56.3841,500,38054,0.888266,0.89,2,239647,239147,500
6716001,32.2308,35.2768,500,38110,0.873653,0.85,2,239677,239177,500
6718921,25.6462,34.2554,490,38165,0.918731,0.83,2,239701,239211,490
6721841,24.3292,27.6511,488,38220,0.943746,0.85,2,239725,239237,488
6897041,25,33,503,41404,0.63,1,1,241955,241452,503
6899961,30.6,29,507,41455,0.646,1,1,241987,241480,507
6902881,26.92,29,504,41506,0.6172,1,1,242013,241509,504
6905801,26.184,32.2,497,41557,0.54744,1,1,242039,241542,497
6908721,20.4368,33.64,482,41608,0.549488,1,1,242058,241576,482
6911641,28.0874,35.528,476,41659,0.533898,1,1,242088,241612,476
6914561,23.2175,25.5056,475,41710,0.57878,1,1,242110,241635,475
6917481,27.8435,29.1011,474,41761,0.491756,1,1,242139,241665,474
6920401,27.9687,32.2202,469,41812,0.458351,0.95,1,242167,241698,469
6923321,25.5937,25.644,470,41862,0.48367,1,1,242192,241722,470
6926241,31.5187,31.5288,470,41912,0.536734,0.96,1,242225,241755,470
6929161,22.3037,25.5058,466,41962,0.515347,0.71,1,242245,241779,466
6932081,87.6608,97.1012,455,42012,0.527069,0.71,1,242349,241894,455
6935001,44.7322,48.2202,453,42062,0.513414,0.63,1,242383,241930,453
6937921,28.1464,29.644,452,42112,0.574683,0.65,1,242407,241955,452
6940841,31.2293,31.5288,452,42162,0.586937,0.61,1,242439,241987,452
6943761,24.6459,27.1058,449,42212,0.605387,0.53,1,242462,242013,449
6946681,24.1292,26.2212,447,42262,0.609077,0.55,1,242486,242039,447
6949601,23.2258,20.4442,451,42312,0.593816,0.53,1,242509,242058,451
6952521,24.6452,28.0888,446,42362,0.670763,0.59,1,242534,242088,446
6955441,23.329,23.2178,447,42412,0.702153,0.47,1,242557,242110,447
6958361,25.4658,27.8436,444,42462,0.70843,0.45,1,242583,242139,444
6961281,28.2932,27.9687,445,42512,0.709686,0.49,1,242612,242167,445
6964201,25.6586,25.5937,445,42562,0.709937,0.55,1,242637,242192,445
6967121,33.1317,31.5187,447,42612,0.709987,0.51,1,242672,242225,447
6970041,22.6263,22.3037,447,42662,0.709997,0.53,1,242692,242245,447
6972961,89.3253,87.6608,449,42711,0.693999,0.51,1,242798,242349,449
6975881,44.2651,44.7322,448,42760,0.6748,0.59,1,242831,242383,448
6978801,30.453,28.1464,451,42809,0.71896,0.59,1,242858,242407,451
6981721,30.0906,31.2293,449,42858,0.727792,0.61,1,242888,242439,449
6984641,26.8181,24.6459,452,42907,0.697558,0.61,1,242914,242462,452
6987561,24.5636,24.1292,452,42956,0.691512,0.59,1,242938,242486,452
6990481,23.3127,23.2258,452,43005,0.690302,0.59,1,242961,242509,452
6993401,27.0625,4.64517,480,43054,0.69006,0.69,1,242989,242509,480
6996321,23.0125,20.929,477,43103,0.690012,0.71,1,243011,242534,477
6999241,25.4025,22.5858,480,43152,0.690002,0.71,1,243037,242557,480
7002161,29.0805,25.3172,484,43201,0.69,0.71,1,243067,242583,484
7005081,25.0161,28.2634,479,43250,0.69,0.71,1,243091,242612,479
7008001,33.0032,25.6527,489,43299,0.674,0.71,1,243126,242637,489
7010921,22.6006,33.1305,474,43348,0.7188,0.71,1,243146,242672,474
7013841,88.5201,22.6261,559,43397,0.79176,0.69,2,243251,242692,559
7016761,44.904,89.3252,487,43446,0.822352,0.67,2,243285,242798,487
7019681,31.3808,44.265,482,43495,0.84447,0.73,2,243313,242831,482
7022601,30.2762,30.453,485,43544,0.864894,0.73,2,243343,242858,485
7025521,25.2552,30.0906,479,43592,0.884979,0.69,2,243367,242888,479
7028441,24.251,26.8181,477,43640,0.888996,0.69,2,243391,242914,477
7031361,24.8502,24.5636,478,43688,0.905799,0.69,2,243416,242938,478
7034281,27.37,23.3127,483,43736,0.92516,0.69,2,243444,242961,483
7224081,51,32,481,21270,0.19,0.41,1,245722,245241,481
7227001,67.8,60.8,485,21370,0.222,0.13,1,245794,245309,485
7229921,49.56,77.76,448,21469,0.2444,0,1,245839,245391,448
7232841,59.512,75.552,435,21568,0.13688,0.09,1,245901,245466,435
7235761,35.9024,37.5104,437,21666,0.115376,0.09,1,245931,245494,437
7238681,39.9805,23.5021,458,21764,0.0470752,0.15,1,245972,245514,458
7241601,110.396,89.5004,480,21861,0.145415,0.19,1,246100,245620,480
7244521,63.6792,99.5001,430,21958,0.165083,0.23,1,246152,245722,430
7247441,73.5358,77.5,434,22055,0.217017,0.25,1,246228,245794,434
7250361,49.9072,51.5,433,22151,0.259403,0.11,1,246272,245839,433
7253281,53.9814,59.9,426,22247,0.283881,0.11,1,246327,245901,426
7256201,32.3963,35.98,423,22342,0.288776,0.03,1,246354,245931,423
7259121,39.2793,39.996,423,22437,0.305755,0.17,1,246395,245972,423
7262041,114.256,110.399,428,22532,0.389151,0.17,1,246528,246100,428
7264961,65.2512,22.0798,481,22626,0.38983,0.17,1,246581,246100,481
7267881,75.4502,46.016,507,22720,0.421966,0.23,1,246659,246152,507
7270801,51.09,70.0032,476,22813,0.380393,0.27,1,246704,246228,476
7273721,57.418,49.2006,491,22906,0.388079,0.29,1,246763,246272,491
7276641,32.2836,53.8401,462,22999,0.389616,0.29,1,246789,246327,462
7279561,40.0567,32.368,477,23091,0.389923,0.31,1,246831,246354,477
7282481,116.811,39.2736,572,23183,0.453985,0.41,1,246967,246395,572
7285401,66.5623,114.255,493,23274,0.466797,0.39,1,247021,246528,493
7288321,75.7125,65.2509,518,23365,0.517359,0.43,1,247099,246581,518
7291241,50.3425,75.4502,484,23456,0.543472,0.37,1,247143,246659,484
7294161,58.0685,51.09,499,23546,0.596694,0.39,1,247203,246704,499
7297081,32.4137,57.418,466,23636,0.623339,0.39,1,247229,246763,466
7300001,40.0827,32.2836,482,23726,0.644668,0.39,1,247271,246789,482
7302921,120.017,40.0567,580,23815,0.728934,0.47,1,247411,246831,580
7305841,67.2033,116.811,498,23904,0.777787,0.47,2,247465,246967,498
7308761,15.0407,66.5623,446,23993,0.787557,0.53,2,247467,247021,446
7311681,67.0081,75.7125,448,24081,0.805511,0.55,2,247547,247099,448
7314601,49.4016,50.3425,449,24169,0.857102,0.61,2,247592,247143,449
7317521,61.0803,58.0685,453,24257,0.88342,0.63,2,247656,247203,453
7320441,33.0161,32.4137,453,24344,0.888684,0.65,2,247682,247229,453
7323361,41.0032,40.0827,454,24431,0.873737,0.75,2,247725,247271,454
7326281,124.201,120.017,459,24518,0.902747,0.79,2,247870,247411,459
7329201,69.6401,67.2033,461,24604,0.924549,0.79,2,247926,247465,461
7332121,15.528,15.0407,461,24690,0.92891,0.81,2,247928,247467,461
7335041,67.9056,67.0081,462,24776,0.881782,0.87,2,248009,247547,462
7337961,50.3811,49.4016,463,24862,0.904356,0.89,2,248055,247592,463
7443081,48,33,500,27764,0.59,1,1,250098,249598,500
7446001,40,29,510,27840,0.542,1,1,250136,249626,510
7448921,98.4,125.8,473,27916,0.2764,1,1,250249,249776,473
7451841,70.88,56.36,498,27992,0.17528,1,1,250313,249815,498
7454761,30.176,35.272,488,28068,0.187056,0.98,1,250333,249845,488
7457681,43.6352,55.0544,475,28143,0.141411,0.93,1,250380,249905,475
7460601,35.127,41.4109,470,28218,0.0842822,0.73,1,250413,249943,470
7463521,58.2254,65.8822,462,28293,0.0568564,0.67,1,250477,250015,462
7466441,36.4451,41.1764,458,28368,0.0193713,0.67,1,250508,250050,458
7469361,39.289,8.23529,498,28443,0.0438743,0.59,1,250548,250050,498
7472281,35.0578,40.0471,484,28517,0.0487749,0.53,1,250582,250098,484
7475201,82.2116,38.4094,540,28591,0.033755,0.21,1,250676,250136,540
7478121,70.8423,98.0819,495,28665,0.046751,0.15,1,250744,250249,495
7481041,26.1685,70.8164,446,28739,0.0333502,0.19,1,250759,250313,446
7483961,41.2337,30.1633,471,28813,0.07867,0.13,1,250804,250333,471
7486881,34.6467,43.6327,457,28886,0.103734,0.07,1,250837,250380,457
7489801,56.5293,35.1265,486,28959,0.108747,0.05,1,250899,250413,486
7492721,35.3059,58.2253,452,29032,0.0937494,0.01,1,250929,250477,452
7495641,40.6612,36.4451,463,29105,0.12275,0.05,1,250971,250508,463
7498561,34.5322,39.289,456,29178,0.04855,0.05,1,251004,250548,456
7501481,82.1065,35.0578,516,29251,0.08171,0.03,1,251098,250582,516
7504401,71.6213,82.2116,491,29323,0.072342,0.05,1,251167,250676,491
7507321,25.5243,70.8423,437,29395,0.0704684,0.03,1,251181,250744,437
7510241,41.9049,26.1685,468,29467,0.0540937,0.09,1,251227,250759,468
7513161,37.181,41.2337,459,29539,0.0668187,0.11,1,251263,250804,459
7516081,57.8362,34.6467,489,29611,0.117364,0.11,1,251326,250837,489
7519001,32.3672,56.5293,453,29682,0.0954728,0.09,1,251352,250899,453
7521921,43.2734,35.3059,469,29753,0.0590945,0.13,1,251398,250929,469
7524841,30.2547,40.6612,454,29824,0.0998189,0.03,1,251425,250971,454
7527761,7.65094,34.5322,423,29895,0.0759638,0.09,1,251427,251004,423
7530681,79.9302,82.1065,427,29966,0.151193,0.07,1,251525,251098,427
7533601,69.586,71.6213,425,30037,0.246239,0.07,1,251592,251167,425
7536521,23.5172,25.5243,423,30107,0.233248,0.05,1,251604,251181,423
7539441,42.3034,41.9049,424,30177,0.24665,0.07,1,251651,251227,424
7542361,38.0607,37.181,425,30247,0.26533,0.13,1,251688,251263,425
7545281,58.8121,57.8362,426,30317,0.237066,0.09,1,251752,251326,426
7548201,32.5624,32.3672,426,30387,0.231413,0.05,1,251778,251352,426
7551121,42.5125,43.2734,425,30457,0.214283,0.11,1,251823,251398,425
7554041,30.1025,30.2547,425,30526,0.210857,0.07,1,251850,251425,425
7556961,7.6205,7.65094,425,30595,0.242171,0.17,1,251852,251427,425
7559881,84.7241,79.9302,431,30664,0.280434,0.27,1,251956,251525,431
7562801,72.1448,69.586,433,30733,0.384087,0.23,1,252025,251592,433
7565721,24.029,23.5172,433,30802,0.372817,0.25,1,252037,251604,433
7568641,41.6058,42.3034,432,30871,0.434563,0.27,1,252083,251651,432
7571561,38.7212,38.0607,433,30940,0.414913,0.23,1,252121,251688,433
7574481,57.3442,58.8121,431,31008,0.458983,0.23,1,252183,251752,431
7577401,32.2688,32.5624,431,31076,0.483797,0.21,1,252209,251778,431
7580321,43.2538,42.5125,432,31144,0.504759,0.21,1,252255,251823,432
7583241,30.2508,30.1025,432,31212,0.524952,0.25,1,252282,251850,432
7586161,7.65015,7.6205,432,31280,0.56099,0.25,1,252284,251852,432
7589081,87.13,1.5241,539,31348,0.552198,0.29,1,252391,251852,539
7592001,75.826,83.5048,508,31415,0.51844,0.41,1,252464,251956,508
7594921,25.5652,71.901,452,31482,0.511688,0.37,1,252477,252025,452
7597841,42.713,23.9802,487,31549,0.510338,0.45,1,252524,252037,487
7600761,40.5426,41.596,481,31616,0.510067,0.41,1,252564,252083,481
7603681,59.3085,38.7192,507,31683,0.510014,0.47,1,252628,252121,507
7606601,32.6617,57.3438,471,31750,0.542003,0.49,1,252654,252183,471
7609521,44.1323,32.2688,492,31817,0.564401,0.51,1,252701,252209,492
7612441,32.0265,43.2538,475,31883,0.60088,0.53,1,252730,252255,475
7615361,8.00529,30.2508,450,31949,0.576176,0.57,1,252732,252282,450
7618281,87.2011,7.65015,555,32015,0.603235,0.55,1,252839,252284,555
7621201,75.0402,87.13,520,32081,0.592647,0.51,1,252911,252391,520
7624121,24.608,75.826,459,32147,0.606529,0.51,1,252923,252464,459
7627041,42.5216,25.5652,493,32213,0.689306,0.51,1,252970,252477,493
7629961,42.1043,42.713,488,32279,0.721861,0.51,1,253012,252524,488
7632881,59.6209,40.5426,512,32345,0.792372,0.51,2,253076,252564,512
7635801,32.7242,59.3085,474,32410,0.806474,0.55,2,253102,252628,474
7638721,44.9448,32.6617,496,32475,0.825295,0.57,2,253150,252654,496
7641641,32.189,44.1323,478,32540,0.813059,0.61,2,253179,252701,478
7644561,8.03779,32.0265,451,32605,0.810612,0.57,2,253181,252730,451
7647481,88.8076,8.00529,558,32670,0.842122,0.61,2,253290,252732,558
7650401,74.5615,87.2011,522,32735,0.864424,0.59,2,253361,252839,522
7653321,16.5123,75.0402,452,32800,0.868885,0.61,2,253363,252911,452
7656241,12.9025,24.608,452,32864,0.901777,0.71,2,253375,252923,452
7936561,36,31,523,38552,0.75,1,2,257375,256852,523
7939481,34.4,31.8,525,38607,0.75,1,1,257409,256884,525
7942401,29.28,24.76,530,38662,0.686,1,1,257437,256907,530
7945321,9.856,36.152,496,38717,0.6892,1,1,257442,256946,496
7948241,45.9712,48.8304,499,38772,0.80184,1,2,257497,256998,499
7951161,34.7942,37.7661,496,38826,0.792368,1,2,257529,257033,496
7954081,22.9588,34.7532,482,38880,0.726474,1,1,257549,257067,482
7957001,61.3918,64.5506,481,38934,0.713295,1,1,257620,257139,481
7959921,39.4784,44.1101,476,38988,0.758659,0.92,2,257654,257178,476
7962841,53.4957,55.222,475,39042,0.767732,0.99,2,257711,257236,475
7965761,33.0991,40.6444,466,39096,0.737546,0.9,1,257739,257273,466
7968681,31.4198,34.5289,464,39150,0.747509,0.79,1,257770,257306,464
7971601,29.484,33.3058,460,39204,0.733502,0.75,1,257799,257339,460
7974521,30.6968,35.4612,455,39258,0.7627,0.75,2,257830,257375,455
7977441,32.5394,34.2922,454,39312,0.76854,0.67,2,257863,257409,454
7980361,28.9079,29.2584,454,39366,0.785708,0.69,2,257891,257437,454
7983281,9.78157,9.85169,454,39420,0.805142,0.83,2,257896,257442,454
7986201,45.1563,45.9703,453,39474,0.857028,0.79,2,257950,257497,453
7989121,34.6313,34.7941,453,39528,0.867406,0.71,2,257982,257529,453
7992041,24.5263,22.9588,455,39581,0.853481,0.71,2,258004,257549,455
7994961,64.9053,61.3918,459,39634,0.914696,0.77,2,258079,257620,459
8146801,21,26,494,42314,0.65,1,1,259900,259406,494
8149721,27.4,23.6,500,42364,0.618,1,1,259929,259429,500
8152641,44.68,58.32,482,42414,0.5956,1,1,259978,259496,482
8155561,56.136,54.064,488,42464,0.49512,1,1,260037,259549,488
8158481,46.4272,50.0128,483,42514,0.475024,1,1,260081,259598,483
8161401,42.0854,37.2026,490,42564,0.455005,1,1,260122,259632,490
8164321,34.8171,30.6405,494,42614,0.435001,1,1,260155,259661,494
8167241,31.7634,35.7281,488,42664,0.351,1,1,260186,259698,488
8170161,29.5527,34.3456,483,42713,0.3822,0.91,1,260215,259732,483
8173081,25.9105,31.6691,477,42762,0.38844,0.93,1,260240,259763,477
8176001,18.7821,25.5338,470,42811,0.389688,0.98,1,260257,259787,470
8178921,16.5564,21.9068,465,42860,0.405938,0.87,1,260273,259808,465
8181841,29.7113,31.5814,464,42909,0.457188,0.75,1,260306,259842,464
8184761,30.7423,35.9163,458,42958,0.451438,0.65,1,260337,259879,458
8187681,22.1485,23.9833,457,43007,0.450288,0.65,1,260357,259900,457
8190601,23.6297,4.79665,481,43056,0.418057,0.61,1,260381,259900,481
8193521,40.7259,24.1593,497,43105,0.459612,0.59,1,260426,259929,497
8196441,52.1452,44.0319,503,43154,0.419922,0.47,1,260481,259978,503
8199361,46.429,56.0064,489,43203,0.363984,0.47,1,260526,260037,489
8202281,36.4858,46.4013,479,43252,0.384797,0.45,1,260560,260081,479
8205201,32.0972,42.0803,469,43301,0.372959,0.43,1,260591,260122,469
8208121,30.4194,34.816,466,43350,0.402592,0.33,1,260621,260155,466
8211041,29.2839,31.7632,464,43399,0.392518,0.39,1,260650,260186,464
8213961,29.8568,29.5526,465,43448,0.406504,0.39,1,260680,260215,465
8216881,19.5714,25.9105,457,43497,0.425301,0.39,1,260697,260240,457
8219801,16.7143,18.7821,456,43546,0.46106,0.41,1,260713,260257,456
8222721,32.1429,16.5564,476,43594,0.484212,0.47,1,260749,260273,476
8225641,29.6286,29.7113,472,43642,0.488842,0.45,1,260778,260306,472
8228561,23.5257,30.7423,463,43690,0.489768,0.45,1,260800,260337,463
8231481,22.3051,22.1485,465,43738,0.505954,0.41,1,260822,260357,465
8234401,41.261,23.6297,487,43786,0.525191,0.47,1,260868,260381,487
8237321,51.4522,40.7259,496,43834,0.545038,0.41,1,260922,260426,496
8240241,45.4904,52.1452,485,43882,0.597008,0.35,1,260966,260481,485
8243161,36.2981,46.429,474,43930,0.639401,0.39,1,261000,260526,474
8246081,31.2596,36.4858,470,43978,0.64788,0.37,1,261030,260560,470
8249001,31.8519,32.0972,471,44026,0.681576,0.41,1,261062,260591,471
8251921,29.5704,30.4194,470,44074,0.720315,0.39,1,261091,260621,470
8254841,29.9141,29.2839,471,44122,0.728063,0.41,1,261121,260650,471
8257761,21.9828,29.8568,461,44170,0.729613,0.43,1,261141,260680,461
8260681,15.5966,19.5714,458,44218,0.729923,0.47,1,261155,260697,458
8263601,34.3193,16.7143,481,44266,0.729985,0.49,1,261194,260713,481
8266521,30.0639,32.1429,474,44314,0.713997,0.49,1,261223,260749,474
8269441,23.6128,29.6286,467,44362,0.710799,0.49,1,261245,260778,467
8272361,23.1226,23.5257,468,44410,0.72616,0.51,1,261268,260800,468
8275281,42.2245,22.3051,493,44457,0.729232,0.53,1,261315,260822,493
8278201,10.0449,41.261,449,44504,0.729846,0.55,1,261317,260868,449
8281121,45.209,51.4522,449,44551,0.761969,0.61,2,261371,260922,449
8284041,46.6418,45.4904,452,44598,0.784394,0.65,2,261418,260966,452
8286961,38.1284,36.2981,454,44645,0.820879,0.65,2,261454,261000,454
8289881,32.4257,31.2596,455,44692,0.844176,0.69,2,261485,261030,455
8292801,32.8851,31.8519,456,44739,0.896835,0.73,2,261518,261062,456
8295721,29.777,29.5704,456,44786,0.859367,0.73,2,261547,261091,456
8298641,31.5554,29.9141,458,44833,0.851873,0.73,2,261579,261121,458
8301561,22.3111,21.9828,458,44880,0.850375,0.73,2,261599,261141,458
8304481,16.4622,15.5966,459,44927,0.866075,0.73,2,261614,261155,459
8307401,33.6924,34.3193,458,44974,0.853215,0.71,2,261652,261194,458
8310321,29.1385,30.0639,457,45021,0.850643,0.71,2,261680,261223,457
8313241,23.4277,23.6128,457,45068,0.882129,0.73,2,261702,261245,457
8316161,23.8855,23.1226,458,45115,0.856426,0.73,2,261726,261268,458
8319081,42.3771,42.2245,458,45162,0.899285,0.73,2,261773,261315,458
8322001,10.0754,10.0449,458,45209,0.907857,0.77,2,261775,261317,458
8324921,45.2151,45.209,458,45256,0.893571,0.79,2,261829,261371,458
8545381,61,85,477,22093,0.05,0.47,1,264288,263811,477
8548301,58.6,65.8,474,22189,0.066,0.09,1,264346,263872,474
8551221,72.52,87.56,457,22285,0.0532,0.03,1,264422,263965,457
8554141,56.104,65.512,449,22380,0.03464,0.01,1,264474,264025,449
8557061,59.2208,69.1024,439,22475,0.030928,0.07,1,264534,264095,439
8559981,39.0442,41.8205,438,22569,0.0621856,0.03,1,264568,264130,438
8562901,75.0088,23.5641,503,22663,0.100437,0.05,1,264652,264149,503
8565821,61.4018,67.1128,483,22757,0.108087,0.05,1,264710,264227,483
8568741,60.2804,62.2226,482,22850,0.141617,0.07,1,264770,264288,482
8571661,71.2561,58.8445,498,22943,0.132324,0.05,1,264844,264346,498
8574581,55.8512,72.5689,474,23035,0.0984647,0.03,1,264896,264422,474
8577501,58.3702,56.1138,481,23127,0.0276929,0.03,1,264955,264474,481
8580421,41.274,59.2228,458,23219,0.0455386,0.07,1,264992,264534,458
8583341,77.8548,39.0446,511,23310,0.0651077,0.11,1,265079,264568,511
8586261,61.171,75.0089,484,23401,0.0690215,0.11,1,265136,264652,484
8589181,61.8342,61.4018,488,23492,0.0538043,0.15,1,265198,264710,488
8592101,70.7668,60.2804,501,23582,0.114761,0.13,1,265271,264770,501
8595021,51.7534,71.2561,474,23672,0.110952,0.09,1,265318,264844,474
8597941,57.5507,55.8512,481,23762,0.0301904,0.01,1,265377,264896,481
8600861,42.7101,58.3702,461,23851,0.0620381,0.05,1,265416,264955,461
8603781,78.142,41.274,511,23940,0.0684076,0.07,1,265503,264992,511
8606701,17.2284,77.8548,426,24029,0.0696815,0.07,1,265505,265079,426
8609621,48.2457,61.171,425,24117,0.117936,0.05,1,265561,265136,425
8612541,58.4491,61.8342,424,24205,0.0795873,0.13,1,265622,265198,424
8615461,73.2898,70.7668,428,24293,0.151917,0.11,1,265699,265271,428
8618381,49.858,51.7534,425,24380,0.182383,0.01,1,265743,265318,425
8621301,55.5716,57.5507,423,24467,0.124477,0.07,1,265800,265377,423
8624221,43.9143,42.7101,425,24554,0.0808953,0.07,1,265841,265416,425
8627141,78.3829,78.142,425,24640,0.184179,0.07,1,265928,265503,425
8630061,17.2766,17.2284,425,24726,0.204836,0.13,1,265930,265505,425
8632981,49.0553,48.2457,426,24812,0.256967,0.07,1,265987,265561,426
8635901,59.4111,58.4491,427,24897,0.251393,0.17,1,266049,265622,427
8638821,74.2822,73.2898,428,24982,0.314279,0.19,1,266127,265699,428
8641741,52.4564,49.858,431,25067,0.326856,0.11,1,266174,265743,431
8644661,51.2913,55.5716,425,25152,0.313371,0.07,1,266225,265800,425
8647581,43.0583,43.9143,425,25236,0.294674,0.21,1,266266,265841,425
8650501,82.2116,78.3829,430,25320,0.274935,0.21,1,266358,265928,430
8653421,18.0423,17.2766,430,25404,0.302987,0.27,1,266360,265930,430
8656341,51.6085,49.0553,433,25487,0.308597,0.27,1,266420,265987,433
8659261,61.5217,9.81106,497,25570,0.325719,0.25,1,266484,265987,497
8662181,75.5043,51.5622,514,25653,0.361144,0.33,1,266563,266049,514
8665101,51.9009,72.7124,482,25736,0.416229,0.33,1,266609,266127,482
8668021,50.3802,52.1425,485,25818,0.459246,0.31,1,266659,266174,485
8670941,44.476,51.2285,477,25900,0.531849,0.29,1,266702,266225,477
8673861,80.8952,43.0457,526,25982,0.57837,0.27,1,266792,266266,526
8676781,17.779,82.2091,436,26064,0.587674,0.31,1,266794,266358,436
8679701,53.9558,18.0418,497,26145,0.621535,0.31,1,266857,266360,497
8682621,62.7912,51.6084,502,26226,0.644307,0.33,1,266922,266420,502
8685541,78.1582,61.5217,520,26307,0.632861,0.37,1,267004,266484,520
8688461,54.0316,75.5043,489,26388,0.630572,0.43,1,267052,266563,489
8691381,53.2063,51.9009,496,26468,0.630114,0.47,1,267105,266609,496
8694301,46.6413,50.3802,491,26548,0.678023,0.55,1,267150,266659,491
8697221,82.9283,44.476,540,26628,0.671605,0.59,1,267242,266702,540
8700141,18.1856,80.8952,452,26708,0.670321,0.59,1,267244,266792,452
8703061,56.4371,17.779,516,26787,0.702064,0.63,1,267310,266794,516
8705981,63.2874,53.9558,518,26866,0.692413,0.65,1,267375,266857,518
8708901,14.2575,62.7912,455,26945,0.690483,0.63,1,267377,266922,455
8711821,66.8515,78.1582,453,27024,0.738097,0.63,1,267457,267004,453
8714741,51.7703,54.0316,453,27102,0.747619,0.63,1,267505,267052,453
8717661,54.3541,53.2063,455,27180,0.765524,0.69,2,267560,267105,455
8720581,48.4708,46.6413,457,27258,0.817105,0.67,2,267607,267150,457
8723501,81.6942,82.9283,455,27336,0.875421,0.67,2,267697,267242,455
8726421,17.9388,18.1856,455,27413,0.887084,0.71,2,267699,267244,455
8729341,57.9878,56.4371,457,27490,0.905417,0.69,2,267767,267310,457
8849061,37,35,491,30489,0.77,1,2,269869,269378,491
8851981,41,36.6,496,30558,0.626,1,1,269911,269415,496
8854901,34.6,42.52,485,30627,0.5332,1,1,269944,269459,485
8857821,38.92,41.304,484,30696,0.51464,1,1,269984,269500,484
8860741,77.384,81.8608,479,30765,0.350928,1,1,270071,269592,479
8863661,51.4768,44.3722,489,30834,0.270186,1,1,270116,269627,489
8866581,43.8954,44.8744,486,30903,0.0940371,1,1,270158,269672,486
8869501,42.3791,48.9749,478,30971,0.0588074,0.91,1,270200,269722,478
8872421,32.4758,42.595,467,31039,0.0997615,0.85,1,270230,269763,467
8875341,56.8952,63.719,461,31107,0.139952,0.77,1,270293,269832,461
8878261,39.379,42.3438,459,31175,0.0999905,0.59,1,270328,269869,459
8881181,36.6758,42.0688,453,31243,0.0919981,0.51,1,270364,269911,453
8884101,29.7352,34.8138,448,31311,0.0903996,0.51,1,270392,269944,448
8887021,36.347,6.96275,486,31379,0.10608,0.51,1,270430,269944,486
8889941,67.2694,33.3925,521,31446,0.141216,0.31,1,270505,269984,521
8892861,45.4539,76.2785,474,31513,0.180243,0.25,1,270545,270071,474
8895781,38.6908,51.2557,466,31580,0.220049,0.05,1,270582,270116,466
8898701,42.1382,43.8511,467,31647,0.22801,0.05,1,270625,270158,467
8901621,31.6276,42.3702,454,31714,0.229602,0.11,1,270654,270200,454
8904541,58.3255,32.474,489,31781,0.27792,0.15,1,270719,270230,489
8907461,37.2651,56.8948,458,31848,0.287584,0.09,1,270751,270293,458
8910381,37.853,39.379,461,31914,0.321517,0.09,1,270789,270328,461
8913301,29.9706,36.6758,453,31980,0.344303,0.09,1,270817,270364,453
8916221,38.7941,29.7352,466,32046,0.332861,0.11,1,270858,270392,466
8919141,67.7588,36.347,503,32112,0.330572,0.15,1,270933,270430,503
8922061,47.9518,67.2694,471,32178,0.362114,0.19,1,270976,270505,471
8924981,39.9904,45.4539,469,32244,0.352423,0.23,1,271014,270545,469
8927901,42.3981,38.6908,475,32310,0.366485,0.23,1,271057,270582,475
8930821,31.6796,42.1382,461,32375,0.385297,0.23,1,271086,270625,461
8933741,60.7359,31.6276,500,32440,0.421059,0.29,1,271154,270654,500
8936661,38.5472,58.3255,468,32505,0.428212,0.29,1,271187,270719,468
8939581,39.7094,37.2651,476,32570,0.461642,0.33,1,271227,270751,476
8942501,30.3419,37.853,466,32635,0.436329,0.35,1,271255,270789,466
8945421,38.0684,29.9706,478,32700,0.431266,0.33,1,271295,270817,478
8948341,67.6137,38.7941,512,32765,0.462253,0.33,1,271370,270858,512
8951261,15.1227,67.7588,439,32830,0.468451,0.37,1,271372,270933,439
8954181,36.6245,47.9518,438,32894,0.50169,0.35,1,271414,270976,438
8957101,38.5249,39.9904,439,32958,0.556338,0.37,1,271453,271014,439
8960021,42.905,42.3981,440,33022,0.567268,0.39,1,271497,271057,440
8962941,32.581,31.6796,441,33086,0.601454,0.43,1,271527,271086,441
8965861,62.5162,60.7359,443,33150,0.656291,0.43,1,271597,271154,443
8968781,38.9032,38.5472,443,33214,0.667258,0.47,1,271630,271187,443
8971701,39.7806,39.7094,443,33278,0.685452,0.43,1,271670,271227,443
8974621,30.3561,30.3419,443,33342,0.70509,0.43,1,271698,271255,443
8977541,38.0712,38.0684,443,33405,0.677018,0.47,1,271738,271295,443
8980461,69.2142,67.6137,445,33468,0.719404,0.47,1,271815,271370,445
8983381,15.4428,15.1227,445,33531,0.727881,0.51,1,271817,271372,445
8986301,38.2886,36.6245,447,33594,0.745576,0.57,1,271861,271414,447
8989221,39.6577,38.5249,448,33657,0.813115,0.57,2,271901,271453,448
8992141,44.7315,42.905,450,33720,0.810623,0.61,2,271947,271497,450
8995061,32.9463,32.581,450,33783,0.810125,0.67,2,271977,271527,450
8997981,64.9893,62.5162,453,33846,0.794025,0.67,2,272050,271597,453
9000901,39.3979,38.9032,453,33908,0.806805,0.69,2,272083,271630,453
9003821,40.6796,39.7806,454,33970,0.825361,0.71,2,272124,271670,454
9006741,31.3359,30.3561,455,34032,0.813072,0.67,2,272153,271698,455
9009661,38.2672,38.0712,455,34094,0.842614,0.73,2,272193,271738,455
9012581,71.6534,69.2142,458,34156,0.864523,0.73,2,272273,271815,458
9015501,15.9307,15.4428,458,34218,0.868905,0.73,2,272275,271817,458
9018421,38.3861,3.08857,502,34280,0.869781,0.75,2,272319,271817,502
9021341,41.2772,35.8177,500,34342,0.869956,0.83,2,272361,271861,500
9024261,45.8554,39.1635,507,34404,0.917991,0.81,2,272408,271901,507
9155661,35,34,505,37066,0.69,1,1,274282,273777,505
9158581,17.4,33.2,485,37123,0.69,1,1,274295,273810,485
9161501,36.28,31.44,495,37180,0.498,1,1,274336,273841,495
9164421,35.256,6.288,530,37237,0.2836,1,1,274371,273841,530
9167341,42.2512,26.8576,542,37294,0.11272,1,1,274415,273873,542
9170261,40.4502,54.9715,520,37351,0.046544,1,1,274455,273935,520
9173181,40.89,55.7943,505,37408,0.0173088,1,1,274496,273991,505
9176101,36.178,34.3589,511,37464,0.0594618,1,1,274531,274020,511
9179021,39.2356,33.2718,518,37520,0.0518924,0.98,1,274571,274053,518
9181941,62.2471,42.6544,541,37576,0.0983785,1,1,274639,274098,541
9184861,38.0494,63.7309,504,37632,0.0436757,0.78,1,274671,274167,504
9187781,34.0099,47.1462,494,37688,0.00873514,0.71,1,274704,274210,494
9190701,31.602,39.0292,488,37744,0.073747,0.69,1,274735,274247,488
9193621,13.5204,35.8058,462,37800,0.0707494,0.69,1,274744,274282,462
9196541,29.1041,17.5612,482,37856,0.0701499,0.45,1,274777,274295,482
9199461,27.4208,36.3122,468,37912,0.07003,0.23,1,274804,274336,468
9202381,31.8842,35.2624,466,37968,0.102006,0.07,1,274837,274371,466
9205301,39.1768,42.2525,463,38024,0.0284012,0.03,1,274878,274415,463
9208221,42.2354,40.4505,466,38080,0.0296802,0.01,1,274921,274455,466
9211141,34.8471,40.8901,458,38135,0.029936,0.07,1,274954,274496,458
9214061,37.3694,36.178,461,38190,0.0299872,0.05,1,274992,274531,461
9216981,61.8739,39.2356,489,38245,0.109997,0.11,1,275060,274571,489
9219901,38.7748,62.2471,454,38300,0.0619995,0.03,1,275093,274639,454
9222821,35.755,38.0494,457,38355,0.0523999,0,1,275128,274671,457
9225741,32.751,34.0099,456,38410,0.08248,0.09,1,275160,274704,456
9228661,12.9502,31.602,433,38465,0.088496,0.07,1,275168,274735,433
9231581,28.19,13.5204,456,38520,0.0896992,0.07,1,275200,274744,456
9234501,28.038,29.1041,451,38575,0.12194,0.07,1,275228,274777,451
9237421,7.2076,27.4208,426,38630,0.128388,0.11,1,275230,274804,426
9240341,27.8415,31.8842,426,38685,0.145678,0.01,1,275263,274837,426
9243261,36.7683,39.1768,424,38740,0.0291355,0.03,1,275302,274878,424
9246181,40.9537,42.2354,423,38795,0.0298271,0.03,1,275344,274921,423
9249101,34.5907,34.8471,423,38849,0.00596542,0.03,1,275377,274954,423
9252021,37.3181,37.3694,423,38903,0.0411931,0.13,1,275415,274992,423
9254941,65.0636,61.8739,427,38957,0.0322386,0.05,1,275487,275060,427
9257861,36.2127,38.7748,423,39011,0.0464477,0.05,1,275516,275093,423
9260781,36.8425,35.755,425,39065,0.0332895,0.09,1,275553,275128,425
9263701,33.7685,32.751,426,39119,0.0466579,0.09,1,275586,275160,426
9266621,13.1537,12.9502,426,39173,0.0973316,0.09,1,275594,275168,426
9269541,28.2307,28.19,426,39227,0.123466,0.13,1,275626,275200,426
9272461,29.6461,28.038,428,39281,0.128693,0.13,1,275656,275228,428
9275381,7.52923,7.2076,428,39335,0.161739,0.15,1,275658,275230,428
9278301,27.1058,27.8415,427,39389,0.168348,0,1,275690,275263,427
9281221,32.6212,36.7683,422,39443,0.12167,0.03,1,275724,275302,422
9284141,40.1242,40.9537,422,39497,0.0643339,0,1,275766,275344,422
9287061,34.4248,34.5907,422,39550,0.0128668,0.05,1,275799,275377,422
9289981,37.285,37.3181,422,39603,0.0105734,0.03,1,275837,275415,422
9292901,65.057,65.0636,422,39656,0.0421147,0.05,1,275909,275487,422
9295821,37.0114,36.2127,423,39709,0.0324229,0.03,1,275939,275516,423
9298741,36.2023,36.8425,422,39762,0.0304846,0.05,1,275975,275553,422
9301661,36.0405,33.7685,425,39815,0.0620969,0.11,1,276011,275586,425
9304581,13.6081,13.1537,425,39868,0.0684194,0.13,1,276019,275594,425
9307501,29.1216,28.2307,426,39921,0.0856839,0.13,1,276052,275626,426
9310421,31.4243,29.6461,428,39974,0.0891368,0.17,1,276084,275656,428
9313341,7.88486,7.52923,428,40027,0.0578274,0.17,1,276086,275658,428
9316261,27.177,27.1058,428,40080,0.0675655,0.17,1,276118,275690,428
9319181,27.8354,5.42117,456,40133,0.0695131,0.11,1,276146,275690,456
9322101,38.3671,28.2842,463,40186,0.0699026,0.05,1,276187,275724,463
9325021,34.8734,39.2568,455,40239,0.0219805,0,1,276221,275766,455
9327941,36.5747,34.2514,459,40291,0.0283961,0.01,1,276258,275799,459
9330861,64.9149,37.2503,493,40343,0.0456792,0.05,1,276330,275837,493
9333781,36.983,65.0501,451,40395,0.0491358,0.03,1,276360,275909,451
9336701,36.1966,37.01,457,40447,0.0338272,0.03,1,276396,275939,457
9339621,38.4393,36.202,460,40499,0.0467654,0.07,1,276435,275975,460
9342541,14.0879,36.0404,432,40551,0.0493531,0.07,1,276443,276011,432
9345461,28.4176,13.6081,456,40603,0.0658706,0.09,1,276475,276019,456
9348381,32.0835,29.1216,456,40655,0.149174,0.09,1,276508,276052,456
9351301,8.0167,31.4243,426,40707,0.133835,0.05,1,276510,276084,426
9354221,27.2033,7.88486,456,40759,0.130767,0.07,1,276542,276086,456
9357141,27.8407,27.177,452,40811,0.162153,0.07,1,276570,276118,452
9360061,38.3681,27.8354,465,40863,0.184431,0.07,1,276611,276146,465
9362981,33.2736,38.3671,456,40915,0.204886,0.01,1,276643,276187,456
9365901,37.0547,34.8734,460,40967,0.160977,0.03,1,276681,276221,460
9368821,65.0109,36.5747,495,41019,0.0561954,0.05,1,276753,276258,495
9371741,35.4022,64.9149,451,41070,0.0352391,0.05,1,276781,276330,451
9374661,36.6804,36.983,458,41121,0.0310478,0.03,1,276818,276360,458
9377581,39.3361,36.1966,462,41172,0.0622096,0.05,1,276858,276396,462
9380501,14.2672,38.4393,431,41223,0.0684419,0.05,1,276866,276435,431
9383421,30.0534,14.0879,457,41274,0.0696884,0.07,1,276900,276443,457
9386341,34.0107,28.4176,460,41325,0.0859377,0.17,1,276935,276475,460
9389261,8.40214,32.0835,429,41376,0.0891875,0.13,1,276937,276508,429
9392181,28.8804,8.0167,461,41427,0.105838,0.13,1,276971,276510,461
9395101,28.9761,27.2033,458,41478,0.125168,0.17,1,277000,276542,458
9398021,38.5952,27.8407,471,41529,0.193034,0.19,1,277041,276570,471
9400941,9.31904,38.3681,432,41580,0.206607,0.21,1,277043,276611,432
9403861,25.8638,33.2736,430,41631,0.225321,0.15,1,277073,276643,430
9406781,34.7728,37.0547,429,41682,0.245064,0.03,1,277110,276681,429
9409701,59.7546,65.0109,423,41733,0.297013,0.03,1,277176,276753,423
9412621,34.3509,35.4022,423,41784,0.275403,0.03,1,277204,276781,423
9415541,37.2702,36.6804,424,41835,0.271081,0.07,1,277242,276818,424
9418461,40.254,39.3361,425,41885,0.254216,0.07,1,277283,276858,425
9421381,14.4508,14.2672,425,41935,0.250843,0.07,1,277291,276866,425
9424301,30.0902,30.0534,425,41985,0.266169,0.09,1,277325,276900,425
9427221,34.818,34.0107,426,42035,0.269234,0.09,1,277361,276935,426
9430141,8.56361,8.40214,426,42085,0.301847,0.11,1,277363,276937,426
9433061,30.5127,28.8804,428,42135,0.324369,0.13,1,277399,276971,428
9435981,30.9025,28.9761,430,42185,0.328874,0.21,1,277430,277000,430
9438901,41.3805,38.5952,433,42235,0.345775,0.21,1,277474,277041,433
9441821,9.8761,9.31904,433,42285,0.349155,0.23,1,277476,277043,433
9444741,25.9752,25.8638,433,42335,0.349831,0.25,1,277506,277073,433
9447661,33.995,34.7728,432,42385,0.429966,0.31,1,277542,277110,432
9450581,61.999,59.7546,435,42435,0.445993,0.27,1,277611,277176,435
9453501,34.7998,34.3509,435,42485,0.481199,0.27,1,277639,277204,435
9456421,35.76,37.2702,433,42535,0.45624,0.25,1,277675,277242,433
9459341,39.152,40.254,432,42585,0.451248,0.25,1,277715,277283,432
9462261,14.2304,14.4508,432,42635,0.48225,0.27,1,277723,277291,432
9465181,31.6461,30.0902,434,42684,0.47245,0.27,1,277759,277325,434
9468101,35.9292,34.818,435,42733,0.45449,0.31,1,277796,277361,435
9471021,8.78584,8.56361,435,42782,0.418898,0.33,1,277798,277363,435
9473941,32.1572,30.5127,437,42831,0.47578,0.33,1,277836,277399,437
9476861,30.4314,30.9025,436,42880,0.471156,0.35,1,277866,277430,436
9479781,43.6863,41.3805,439,42929,0.454231,0.35,1,277913,277474,439
9482701,10.3373,9.8761,439,42978,0.482846,0.35,1,277915,277476,439
9485621,26.0675,25.9752,439,43027,0.504569,0.35,1,277945,277506,439
9488541,35.6135,5.19504,477,43076,0.492914,0.45,1,277983,277506,477
9491461,63.9227,29.839,512,43125,0.538583,0.45,1,278054,277542,512
9494381,35.1845,61.1678,471,43174,0.547717,0.49,1,278082,277611,471
9497301,35.8369,34.6336,479,43223,0.565543,0.45,1,278118,277639,479
9500221,39.1674,35.7267,483,43272,0.585109,0.45,1,278158,277675,483
9503141,14.2335,39.1453,451,43321,0.589022,0.49,1,278166,277715,451
9506061,30.8467,14.2291,478,43370,0.605804,0.47,1,278201,277723,478
9508981,34.9693,31.6458,478,43419,0.609161,0.45,1,278237,277759,478
9511901,8.59387,35.9292,443,43468,0.609832,0.41,1,278239,277796,443
9514821,33.7188,8.78583,481,43517,0.641966,0.49,1,278279,277798,481
9517741,31.5438,32.1572,474,43565,0.680393,0.47,1,278310,277836,474
9520661,43.1087,30.4314,490,43613,0.704079,0.45,1,278356,277866,490
9523581,10.2217,43.6863,445,43661,0.708816,0.49,1,278358,277913,445
9526501,26.8444,10.3373,474,43709,0.693763,0.51,1,278389,277915,474
9529421,37.3689,26.0675,484,43757,0.674753,0.49,1,278429,277945,484
9532341,65.8738,35.6135,519,43805,0.73495,0.55,1,278502,277983,519
9535261,36.3748,63.9227,477,43853,0.77899,0.55,2,278531,278054,477
9538181,36.075,35.1845,485,43901,0.771798,0.57,2,278567,278082,485
9541101,40.015,35.8369,490,43949,0.78636,0.59,2,278608,278118,490
9544021,14.403,39.1674,458,43997,0.789272,0.59,2,278616,278158,458
9546941,31.6806,14.2335,486,44045,0.789854,0.61,2,278652,278166,486
9549861,35.9361,30.8467,488,44093,0.821971,0.61,2,278689,278201,488
9552781,8.78722,34.9693,454,44141,0.828394,0.61,2,278691,278237,454
9555701,34.5574,8.59387,493,44189,0.861679,0.65,2,278732,278239,493
9558621,33.3115,33.7188,486,44237,0.852336,0.69,2,278765,278279,486
9561541,44.2623,31.5438,502,44285,0.882467,0.71,2,278812,278310,502
9564461,10.4525,43.1087,458,44333,0.888493,0.71,2,278814,278356,458
9567381,26.8905,10.2217,487,44381,0.905699,0.69,2,278845,278358,487
9570301,37.3781,26.8444,496,44429,0.92514,0.67,2,278885,278389,496
9573221,9.07562,37.3689,458,44476,0.945028,0.75,2,278887,278429,458
9742581,30,21,514,47146,0.87,1,2,280758,280244,514
9745501,30,22.6,521,47191,0.806,1,2,280788,280267,521
9748421,32.4,33.32,518,47236,0.7772,1,2,280821,280303,518
9751341,36.08,28.264,528,47281,0.70744,1,1,280858,280330,528
9754261,36.016,50.4528,508,47326,0.629488,1,1,280894,280386,508
9757181,30.4032,35.6906,505,47371,0.581898,1,1,280923,280418,505
9760101,25.2806,31.9381,498,47415,0.49238,1,1,280947,280449,498
9763021,33.0561,39.1876,492,47459,0.442476,1,1,280982,280490,492
9765941,30.6112,32.6375,491,47503,0.352495,1,1,281012,280521,491
9768861,29.3222,32.9275,487,47547,0.318499,0.95,1,281041,280554,487
9771781,21.8644,26.5855,482,47591,0.3437,0.93,1,281061,280579,482
9774701,26.7729,33.3171,475,47635,0.26874,1,1,281089,280614,475
9777621,33.3546,26.6634,485,47679,0.173748,1,1,281124,280639,485
9780541,19.4709,26.1327,475,47723,0.21875,0.92,1,281140,280665,475
9783461,28.6942,32.4265,472,47767,0.22775,0.94,1,281171,280699,472
9786381,24.1388,29.6853,466,47811,0.21355,0.87,1,281194,280728,466
9789301,25.6278,29.9371,462,47855,0.16271,0.79,1,281220,280758,462
9792221,27.5256,29.9874,460,47899,0.136542,0.77,1,281248,280788,460
9795141,30.3051,32.3975,458,47943,0.163308,0.69,1,281279,280821,458
9798061,34.061,36.0795,456,47987,0.168662,0.61,1,281314,280858,456
9800981,31.6122,36.0159,451,48031,0.185732,0.57,1,281345,280894,451
9803901,27.1224,30.4032,448,48075,0.173146,0.47,1,281371,280923,448
9806821,21.4245,25.2806,444,48119,0.138629,0.43,1,281391,280947,444
9809741,29.8849,33.0561,441,48163,0.179726,0.33,1,281423,280982,441
9812661,25.977,30.6112,436,48207,0.171945,0.31,1,281448,281012,436
9815581,29.1954,29.3222,437,48251,0.202389,0.35,1,281478,281041,437
9818501,21.8391,21.8644,437,48295,0.272478,0.25,1,281498,281061,437
9821421,24.3678,26.7729,434,48339,0.238496,0.15,1,281523,281089,434
9824341,28.8736,33.3546,429,48383,0.263699,0.23,1,281553,281124,429
9827261,20.9747,19.4709,432,48427,0.25274,0.23,1,281572,281140,432
9830181,28.9949,28.6942,432,48471,0.234548,0.21,1,281603,281171,432
9833101,22.599,24.1388,430,48514,0.26291,0.15,1,281624,281194,430
9836021,24.5198,25.6278,429,48557,0.284582,0.13,1,281649,281220,429
9838941,25.704,27.5256,427,48600,0.224916,0.17,1,281675,281248,427
9841861,32.3408,30.3051,430,48643,0.276983,0.17,1,281709,281279,430
9844781,33.6682,34.061,429,48686,0.303397,0.19,1,281743,281314,429
9847701,33.1336,31.6122,431,48729,0.324679,0.17,1,281776,281345,431
9850621,23.4267,27.1224,426,48772,0.312936,0.13,1,281797,281371,426
9853541,20.6853,21.4245,426,48815,0.326587,0.19,1,281817,281391,426
9856461,32.1371,29.8849,429,48858,0.345317,0.19,1,281852,281423,429
9859381,26.4274,5.97698,454,48901,0.301063,0.17,1,281877,281423,454
9862301,32.4855,21.1954,463,48944,0.308213,0.21,1,281911,281448,463
9865221,24.0971,28.2391,455,48987,0.341643,0.29,1,281933,281478,455
9868141,22.4194,21.6478,457,49030,0.348329,0.23,1,281955,281498,457
9871061,28.4839,24.3296,462,49073,0.349666,0.27,1,281985,281523,462
9873981,20.0968,28.8659,450,49116,0.349933,0.25,1,282003,281553,450
9876901,30.4194,20.9732,464,49159,0.365987,0.23,1,282036,281572,464
9879821,22.0839,28.9946,453,49202,0.369197,0.27,1,282056,281603,453
9882741,23.6168,22.5989,456,49245,0.369839,0.29,1,282080,281624,456
9885661,25.5234,24.5198,457,49288,0.385968,0.21,1,282106,281649,457
9888581,33.9047,25.704,467,49331,0.405194,0.29,1,282142,281675,467
9891501,37.1809,32.3408,471,49374,0.473039,0.31,1,282180,281709,471
9894421,33.8362,33.6682,470,49417,0.470608,0.33,1,282213,281743,470
9897341,22.7672,33.1336,457,49460,0.470122,0.31,1,282233,281776,457
9900261,21.3534,23.4267,457,49503,0.502024,0.33,1,282254,281797,457
9903181,31.4707,20.6853,471,49546,0.508405,0.35,1,282288,281817,471
9906101,25.4941,32.1371,460,49589,0.509681,0.29,1,282312,281852,460
9909021,33.8988,26.4274,471,49631,0.541936,0.31,1,282348,281877,471
9911941,25.1798,32.4855,460,49673,0.548387,0.35,1,282371,281911,460
9914861,22.636,24.0971,460,49715,0.549677,0.35,1,282393,281933,460
9917781,28.5272,22.4194,468,49757,0.581936,0.35,1,282423,281955,468
9920701,20.1054,28.4839,456,49799,0.588387,0.35,1,282441,281985,456
9923621,31.2211,20.0968,472,49841,0.589677,0.37,1,282475,282003,472
9926541,22.2442,30.4194,459,49883,0.605935,0.37,1,282495,282036,459
9929461,24.4488,22.0839,464,49925,0.625187,0.37,1,282520,282056,464
9932381,25.6898,23.6168,466,49967,0.629037,0.39,1,282546,282080,466
9935301,34.738,25.5234,477,50009,0.645808,0.41,1,282583,282106,477
9938221,40.5476,33.9047,483,50051,0.649161,0.49,1,282625,282142,483
9941141,33.7095,37.1809,477,50093,0.665832,0.47,1,282657,282180,477
9944061,22.7419,33.8362,464,50135,0.669167,0.47,1,282677,282213,464
9946981,22.9484,22.7672,467,50177,0.701833,0.51,1,282700,282233,467
9949901,31.7897,21.3534,480,50219,0.756367,0.51,2,282734,282254,480
9952821,26.3579,31.4707,471,50261,0.799273,0.51,2,282759,282288,471
9955741,34.8716,25.4941,484,50303,0.823855,0.55,2,282796,282312,484
9958661,8.57432,33.8988,450,50345,0.828771,0.55,2,282798,282348,450
9961581,19.3149,25.1798,449,50387,0.861754,0.55,2,282820,282371,449
9964501,22.263,22.636,450,50429,0.868351,0.59,2,282843,282393,450
9967421,29.2526,28.5272,451,50471,0.85367,0.59,2,282874,282423,451
9970341,20.2505,20.1054,451,50513,0.850734,0.59,2,282892,282441,451
9973261,32.0501,31.2211,452,50555,0.882147,0.61,2,282927,282475,452
9976181,22.41,22.2442,452,50597,0.856429,0.63,2,282947,282495,452
9979101,25.282,24.4488,453,50639,0.851286,0.63,2,282973,282520,453
9982021,25.8564,25.6898,453,50681,0.898257,0.65,2,282999,282546,453
9984941,35.5713,34.738,454,50723,0.891651,0.65,2,283037,282583,454
9987861,40.7143,40.5476,454,50765,0.93833,0.67,2,283079,282625,454
9990781,34.5429,33.7095,455,50806,0.899666,0.67,2,283112,282657,455
9993701,23.7086,22.7419,456,50847,0.939933,0.71,2,283133,282677,456
10005381,38,37,463,51011,0.95,0.83,2,283259,282796,463
10228761,101,124,438,24820,0.05,0.15,1,285828,285390,438
10237521,49,63.2,426,24820,0.066,0.05,1,285864,285438,426
10271101,59.4,62.24,426,24820,0.0372,0,1,285926,285500,426
10274021,55.88,38.048,449,24905,0.06344,0,1,285981,285532,449
10276941,79.176,46.8096,485,24990,0.052688,0.07,1,286066,285581,485
10279861,36.6352,58.9619,449,25075,0.0185376,0.03,1,286092,285643,449
10282781,28.127,34.9924,446,25160,0.0277075,0.01,1,286118,285672,446
10285701,16.8254,27.7985,434,25244,0.0615415,0.05,1,286132,285698,434
10288621,50.5651,28.7597,464,25328,0.0363083,0.01,1,286191,285727,464
10291541,58.913,59.3519,458,25412,0.0152617,0.07,1,286252,285794,458
10294461,62.9826,67.8704,452,25495,0.0910523,0.03,1,286316,285864,452
10297381,81.3965,63.1741,476,25578,0.0262105,0.07,1,286402,285926,476
10300301,85.8793,56.6348,508,25661,0.0772421,0.05,1,286489,285981,508
10303221,37.1759,79.327,448,25744,0.103448,0.01,1,286514,286066,448
10306141,29.8352,36.6654,450,25826,0.0446897,0.03,1,286542,286092,450
10309061,17.167,28.1331,438,25908,0.0649379,0.07,1,286556,286118,438
10311981,49.0334,16.8266,481,25990,0.0849876,0.03,1,286613,286132,481
10314901,59.4067,50.5653,484,26072,0.120998,0.01,1,286675,286191,484
10317821,66.2813,58.9131,491,26153,0.1602,0.11,1,286743,286252,491
10320741,77.2563,62.9826,507,26234,0.18404,0.01,1,286823,286316,507
10323661,88.2513,81.3965,512,26315,0.092808,0.09,1,286914,286402,512
10326581,35.2503,85.8793,447,26396,0.0745616,0.11,1,286936,286489,447
10329501,31.05,37.1759,452,26476,0.0389123,0.03,1,286966,286514,452
10332421,18.21,29.8352,439,26556,0.0157825,0.07,1,286981,286542,439
10335341,49.242,17.167,482,26636,0.0271565,0.09,1,287038,286556,482
10338261,61.8484,49.0334,490,26716,0.0454313,0.13,1,287103,286613,490
10341181,67.5697,59.4067,497,26795,0.0490863,0.17,1,287172,286675,497
10344101,76.7139,66.2813,508,26874,0.0978172,0.19,1,287251,286743,508
10347021,16.9428,77.2563,430,26953,0.107563,0.07,1,287253,286823,430
10349941,72.1886,88.2513,425,27032,0.0775127,0.07,1,287339,286914,425
10352861,32.0377,35.2503,425,27110,0.0395025,0.03,1,287361,286936,425
10355781,28.8075,31.05,423,27188,0.0319005,0.01,1,287389,286966,423
10358701,17.7615,18.21,423,27266,0.0783801,0.03,1,287404,286981,423
10361621,49.9523,49.242,424,27344,0.055676,0.05,1,287462,287038,424
10364541,61.9905,61.8484,424,27421,0.0671352,0.05,1,287527,287103,424
10367461,67.5981,67.5697,424,27498,0.069427,0.11,1,287596,287172,424
10370381,79.1196,76.7139,427,27575,0.101885,0.11,1,287678,287251,427
10373301,17.4239,16.9428,427,27652,0.140377,0.07,1,287680,287253,427
10376221,69.0848,72.1886,423,27729,0.164075,0.03,1,287762,287339,423
