#Ack,ack_ewma(ms),send_ewma(ms),rtt_ratio,cwnd (Bytes),Last Router Ocupation Ack Arriaval(Packets),Last Router Ocupation Packet Sent(Packets),Network Situation,AckArrival(ms),TSInsideAck(ms),RTTAck(ms)
4381,2,0,462,16060,0.94,0.74,2,80921,80459,462
7301,2,0,464,18980,0.988,0.74,2,80923,80459,464
10221,2,0,466,21900,0.9976,0.74,2,80925,80459,466
13141,2,0,468,24820,0.99952,0.74,2,80927,80459,468
472161,8,6,509,87600,0.42,0.55,1,84506,83997,509
877341,8,13,482,55480,0.26,1,1,87586,87104,482
880261,8.8,12.2,479,56940,0.396,1,1,87595,87116,479
954181,8,10,505,61320,0.77,1,2,88430,87925,505
957101,8,10.8,502,61320,0.81,1,2,88438,87936,502
960021,7.2,9.36,500,61320,0.882,1,2,88445,87945,500
962941,7.84,9.872,498,61320,0.8964,1,2,88453,87955,498
965861,7.968,16.3744,488,61320,0.83528,1,2,88461,87973,488
968781,7.9936,15.2749,481,61320,0.823056,1,2,88469,87988,481
971701,7.99872,5.45498,486,61320,0.836611,1,2,88477,87991,486
974621,27.1997,5.891,512,61320,0.791322,1,2,88509,87997,512
977541,10.2399,4.3782,514,62780,0.694264,1,1,88515,88001,514
980461,6.84799,4.07564,516,62780,0.842853,1,2,88521,88005,516
983381,6.1696,3.21513,519,62780,0.888571,1,2,88527,88008,519
986301,7.63392,14.243,510,62780,0.857714,1,2,88535,88025,510
989221,7.92678,4.44861,516,62780,0.867543,1,2,88543,88027,516
992141,7.98536,4.88972,519,62780,0.781509,1,2,88551,88032,519
995061,8.79707,22.5779,501,62780,0.796302,1,2,88560,88059,501
997981,10.5594,8.51559,507,62780,0.80726,1,2,88571,88064,507
1063681,381.312,417.703,461,43800,0.393452,0.49,1,89045,88584,461
1138141,4,5,512,51100,0.9,1,2,89953,89441,512
1141061,4,5.8,510,52560,0.916,1,2,89957,89447,510
1143981,7.2,6.76,511,52560,0.9112,1,2,89965,89454,511
1146901,5.44,6.952,509,52560,0.94224,1,2,89970,89461,509
1167341,9,8,482,52560,0.6,1,1,90320,89838,482
1373201,3,8,498,49640,0.69,0.93,1,92383,91885,498
1376121,8.6,11.2,496,49640,0.778,0.93,2,92393,91897,496
1379041,3.32,7.04,492,49640,0.8036,1,2,92395,91903,492
1381961,7.864,27.008,469,49640,0.87272,1,2,92404,91935,469
1384881,7.9728,15.0016,465,49640,0.894544,1,2,92412,91947,465
1387801,7.99456,12.6003,461,49640,0.890909,1,2,92420,91959,461
1390721,8.79891,10.5201,460,49640,0.882182,1,2,92429,91969,460
1405321,6,8,487,51100,0.46,1,1,92663,92176,487
1408241,72.4,7.2,569,51100,0.34,1,1,92752,92183,569
1411161,18.48,73.44,484,51100,0.284,1,1,92757,92273,484
1595121,8,6,490,52560,0.85,1,2,94350,93860,490
1598041,8,6,492,52560,0.898,1,2,94358,93866,492
1600961,9.6,6,496,52560,0.9156,1,2,94368,93872,496
1603881,11.52,25.2,478,52560,0.85512,1,2,94380,93902,478
1720681,23,20,483,54020,0.87,1,2,95575,95092,483
1723601,13.4,12,484,54020,0.918,0.85,2,95586,95102,484
1726521,77.88,76,486,54020,0.5836,0.8,1,95680,95194,486
1729441,22.776,21.6,487,54020,0.43672,0.84,1,95689,95202,487
1732361,10.9552,10.72,487,54020,0.391344,1,1,95697,95210,487
1735281,21.391,33.344,472,54020,0.342269,1,1,95721,95249,472
1738201,58.6782,47.4688,489,55480,0.220454,1,1,95789,95300,489
1741121,16.5356,15.0938,488,55480,0.180091,1,1,95795,95307,488
1744041,8.10713,9.41875,486,55480,0.156018,1,1,95801,95315,486
1746961,8.82143,9.08375,486,55480,0.135204,1,1,95810,95324,486
1749881,8.96429,8.21675,487,55480,0.0990407,1,1,95819,95332,487
1752801,8.99286,8.04335,488,55480,0.0758081,1,1,95828,95340,488
1755721,9.79857,8.80867,489,55480,0.0231616,1,1,95838,95349,489
1758641,10.7597,9.76173,490,55480,0.0286323,1,1,95849,95359,490
1761561,10.9519,11.5523,489,55480,0.0297265,1,1,95860,95371,489
1773241,20,15,490,56940,0.3,0.87,1,96042,95552,490
1776161,13.6,21.4,479,56940,0.212,0.93,1,96054,95575,479
1928001,8,6,497,67160,0.82,1,2,97254,96757,497
1930921,6.4,6,497,67160,0.764,1,2,97260,96763,497
1933841,6.08,6,497,67160,0.7288,1,1,97266,96769,497
1936761,16.416,8.4,507,68620,0.51376,1,1,97285,96778,507
1939681,10.4832,19.28,494,68620,0.342752,1,1,97294,96800,494
1942601,94.0966,102.256,486,68620,0.81255,1,2,97409,96923,486
1980561,5,8,480,73000,0.26,0.97,1,97693,97213,480
1983481,2.6,8,474,73000,0.244,0.94,1,97695,97221,474
1986401,3.72,8,470,73000,0.2408,0.91,1,97699,97229,470
2228761,7,4,495,110960,0.92,1,2,99122,98627,495
2231681,10.2,7.2,498,112420,0.936,1,2,99133,98635,498
2234601,12.44,7.84,503,112420,0.9232,1,2,99146,98643,503
2237521,10.488,7.168,506,112420,0.88064,1,2,99156,98650,506
2240441,10.0976,7.8336,508,113880,0.848128,1,2,99166,98658,508
2243361,9.21952,9.56672,507,113880,0.825626,1,2,99175,98668,507
2246281,10.6439,1.91334,518,113880,0.757125,1,2,99186,98668,518
2249201,9.32878,7.58267,518,115340,0.631425,1,1,99195,98677,518
2252121,8.26576,8.71653,517,115340,0.542285,1,1,99203,98686,517
2255041,8.05315,8.14331,517,115340,0.444457,1,1,99211,98694,517
2257961,8.01063,7.22866,518,116800,0.368891,1,1,99219,98701,518
2377681,353.602,425.446,428,81280,0.553778,0.59,1,99659,99231,428
2380601,113.12,93.0891,471,83220,0.662756,0,1,99712,99241,471
2383521,37.8241,61.8178,436,84680,0.372551,0,1,99731,99295,436
2386441,23.5648,29.9636,434,86140,0.22651,0,1,99751,99317,434
2388881,14.313,23.5927,424,87600,0.069302,0.6,1,99763,99339,424
2483781,4,0,470,100740,0.46,1,1,100579,100109,470
2486701,4,1.6,472,100740,0.396,1,1,100583,100111,472
2489621,4,1.92,474,100740,0.4392,1,1,100587,100113,474
2492541,4,0.384,478,100740,0.42384,1,1,100591,100113,478
2495461,4,1.6768,480,102200,0.436768,1,1,100595,100115,480
2498381,4,1.93536,482,102200,0.407354,1,1,100599,100117,482
2501301,4,0.387072,486,102200,0.393471,1,1,100603,100117,486
2504221,2.4,1.67741,486,102200,0.446694,1,1,100605,100119,486
2507141,2.08,1.93548,486,102200,0.457339,1,1,100607,100121,486
2510061,2.016,1.9871,486,102200,0.435468,1,1,100609,100123,486
2512981,2.0032,1.99742,486,102200,0.431094,1,1,100611,100125,486
2515901,2.00064,1.99948,486,102200,0.470219,1,1,100613,100127,486
2518821,2.00013,1.9999,486,103660,0.478044,1,1,100615,100129,486
2521741,2.00003,1.99998,486,103660,0.479609,1,1,100617,100131,486
2524661,2.00001,2,486,103660,0.487922,0.91,1,100619,100133,486
2527581,2,2,486,103660,0.489584,0.94,1,100621,100135,486
2530501,2,2,486,103660,0.489917,0.96,1,100623,100137,486
2533421,2.8,2,487,103660,0.521983,0.98,1,100626,100139,487
2536341,2.16,2,487,103660,0.528397,0.99,1,100628,100141,487
2539261,2.032,2,487,103660,0.537679,1,1,100630,100143,487
2542181,2.0064,2,487,103660,0.539536,1,1,100632,100145,487
2545101,2.00128,2,487,103660,0.539907,1,1,100634,100147,487
2548021,2.00026,0.4,489,103660,0.507981,1,1,100636,100147,489
2550941,4.40005,1.68,492,103660,0.525596,1,1,100641,100149,492
2553861,4.08001,1.936,494,105120,0.529119,1,1,100645,100151,494
2556781,4.016,1.9872,496,105120,0.497824,1,1,100649,100153,496
2559701,2.4032,1.99744,496,105120,0.523565,1,1,100651,100155,496
2562621,2.08064,2.79949,495,105120,0.544713,1,1,100653,100158,495
2565541,2.01613,2.1599,495,105120,0.548943,1,1,100655,100160,495
2568461,2.00323,4.43198,492,105120,0.549789,1,1,100657,100165,492
2571381,2.00065,6.4864,487,105120,0.549958,1,1,100659,100172,487
2574301,2.00013,2.89728,487,105120,0.549992,1,1,100661,100174,487
2577221,117.2,9.37946,622,105120,0.117998,0.01,1,100807,100185,622
2578681,184.24,162.676,622,105120,0.3276,0.32,1,101008,100386,622
2581601,46.448,183.735,445,106580,0.42552,0.46,1,101020,100575,445
2584521,10.8896,39.947,443,106580,0.413104,0.38,1,101022,100579,443
2587441,3.77792,11.1894,441,106580,0.378621,0.45,1,101024,100583,441
2590361,5.55558,5.43788,443,106580,0.291724,0.42,1,101030,100587,443
2593281,2.71112,4.28758,441,106580,0.458345,0.42,1,101032,100591,441
2596201,6.94222,0.857515,449,106580,0.419669,0.44,1,101040,100591,449
2599121,2.98844,3.3715,447,108040,0.411934,0.4,1,101042,100595,447
2602041,6.19769,3.8743,450,108040,0.410387,0.39,1,101049,100599,450
2604961,2.83954,3.97486,448,108040,0.426077,0.46,1,101051,100603,448
2607881,2.16791,2.39497,448,108040,0.501215,0.46,1,101053,100605,448
2610801,2.03358,2.07899,448,108040,0.484243,0.43,1,101055,100607,448
2613721,2.00672,2.0158,448,108040,0.448849,0.43,1,101057,100609,448
2616641,2.00134,2.00316,448,108040,0.41777,0.48,1,101059,100611,448
2619561,2.00027,2.00063,448,108040,0.411554,0.48,1,101061,100613,448
2622481,2.00005,2.00013,448,108040,0.410311,0.48,1,101063,100615,448
2625401,2.00001,2.00003,448,108040,0.410062,0.49,1,101065,100617,448
2628321,2,2.00001,448,108040,0.466012,0.49,1,101067,100619,448
2631241,2,2,448,108040,0.477203,0.49,1,101069,100621,448
2634161,2,2,448,109500,0.48744,0.53,1,101071,100623,448
2637081,2,2.8,447,109500,0.489488,0.53,1,101073,100626,447
2640001,2,2.16,447,109500,0.489898,0.54,1,101075,100628,447
2642921,2,2.032,447,109500,0.48998,0.54,1,101077,100630,447
2645841,2,2.0064,447,109500,0.481996,0.54,1,101079,100632,447
2648761,2,2.00128,447,109500,0.496399,0.5,1,101081,100634,447
2651681,2,2.00026,447,109500,0.49928,0.53,1,101083,100636,447
2654601,5.2,4.40005,448,109500,0.507856,0.53,1,101089,100641,448
2657521,4.24,0.88001,452,109500,0.541571,0.53,1,101093,100641,452
2660441,4.048,3.376,452,109500,0.564314,0.49,1,101097,100645,452
2663361,2.4096,3.8752,450,109500,0.536863,0.53,1,101099,100649,450
2666281,2.08192,2.37504,450,109500,0.531373,0.55,1,101101,100651,450
2669201,2.01638,2.07501,450,109500,0.530275,0.55,1,101103,100653,450
2672121,2.00328,2.015,450,109500,0.530055,0.55,1,101105,100655,450
2675041,2.00066,2.003,450,109500,0.530011,0.55,1,101107,100657,450
2677961,2.00013,2.0006,450,109500,0.530002,0.55,1,101109,100659,450
2680881,95.6,2.00012,567,109500,0.434,0.01,1,101228,100661,567
2682341,179.92,117.2,622,110960,0.5908,0.38,1,101429,100807,622
2685261,46.384,184.24,434,110960,0.65416,0.45,1,101442,101008,434
2688181,21.2768,46.448,437,110960,0.658832,0.41,1,101457,101020,437
2691101,13.8554,10.8896,447,110960,0.627766,0.37,1,101469,101022,447
2694021,4.37107,3.77792,447,110960,0.589553,0.27,1,101471,101024,447
2696941,2.47421,5.55558,443,110960,0.661911,0.5,1,101473,101030,443
2699861,2.09484,2.71112,443,110960,0.644382,0.41,1,101475,101032,443
2702781,6.01897,6.94222,442,110960,0.600876,0.41,1,101482,101040,442
2705701,6.00379,1.38844,448,110960,0.656175,0.41,1,101488,101040,448
2708621,2.80076,1.87769,448,112420,0.635235,0.41,1,101490,101042,448
2711541,2.16015,5.97554,443,112420,0.687047,0.43,1,101492,101049,443
2714461,2.03203,2.79511,443,112420,0.705409,0.52,1,101494,101051,443
2717381,2.80641,2.15902,444,112420,0.661082,0.48,1,101497,101053,444
2720301,4.56128,2.0318,447,112420,0.716216,0.44,1,101502,101055,447
2723221,2.51226,2.00636,447,112420,0.727243,0.41,1,101504,101057,447
2726141,2.10245,2.00127,447,112420,0.729449,0.41,1,101506,101059,447
2729061,2.02049,2.00025,447,112420,0.72989,0.41,1,101508,101061,447
2731981,2.0041,2.00005,447,112420,0.705978,0.41,1,101510,101063,447
2734901,2.00082,2.00001,447,112420,0.669196,0.48,1,101512,101065,447
2737821,2.00016,2,447,112420,0.661839,0.48,1,101514,101067,447
2740741,2.00003,2,447,112420,0.660368,0.49,1,101516,101069,447
2743661,2.00001,2,447,112420,0.660074,0.49,1,101518,101071,447
2746581,2,2,447,112420,0.716015,0.49,1,101520,101073,447
2749501,2,2,447,112420,0.735203,0.49,1,101522,101075,447
2752421,2,2,447,112420,0.739041,0.48,1,101524,101077,447
2755341,3.6,2,449,112420,0.739808,0.5,1,101528,101079,449
2758261,2.32,2,449,112420,0.747962,0.5,1,101530,101081,449
2761181,2.064,2,449,112420,0.749592,0.51,1,101532,101083,449
2764101,4.4128,5.2,448,113880,0.733918,0.55,1,101537,101089,448
2767021,4.08256,4.24,448,113880,0.802784,0.57,2,101541,101093,448
2769941,4.01651,4.048,448,113880,0.832557,0.53,2,101545,101097,448
2772861,2.4033,2.4096,448,113880,0.806511,0.53,2,101547,101099,448
2775781,2.08066,2.08192,448,113880,0.849302,0.53,2,101549,101101,448
2778701,2.01613,2.01638,448,113880,0.82586,0.53,2,101551,101103,448
2781621,2.00323,2.00328,448,113880,0.853172,0.53,2,101553,101105,448
2784541,2.00065,2.00066,448,113880,0.826634,0.53,2,101555,101107,448
2787461,2.00013,2.00013,448,113880,0.821327,0.41,2,101557,101109,448
2790381,85.2,95.6,435,113880,0.788265,0.41,2,101663,101228,435
3513181,9,0,461,75920,0.18,1,1,105998,105537,461
3516101,6.6,0,467,75920,0.292,1,1,106004,105537,467
3519021,6.12,0,473,75920,0.2904,1,1,106010,105537,473
3521941,6.024,0,479,75920,0.29808,1,1,106016,105537,479
3524861,6.8048,0,486,75920,0.307616,1,1,106023,105537,486
3527781,5.36096,0,491,75920,0.325523,1,1,106028,105537,491
3530701,4.27219,0,495,75920,0.265105,1,1,106032,105537,495
3533621,4.05444,0,499,77380,0.317021,1,1,106036,105537,499
3536541,4.01089,0,503,77380,0.327404,1,1,106040,105537,503
3539461,5.60218,0,509,77380,0.361481,1,1,106046,105537,509
3542381,35.5204,0,552,77380,0.416296,1,1,106089,105537,552
3545301,18.3041,43.2,512,77380,0.403259,1,1,106103,105591,512
3548221,13.2608,16.64,514,77380,0.432652,1,1,106115,105601,514
3551141,10.6522,15.328,509,77380,0.40653,1,1,106125,105616,509
3554061,10.1304,5.4656,516,77380,0.425306,1,1,106135,105619,516
3556981,10.0261,2.69312,524,78840,0.421061,1,1,106145,105621,524
3559901,9.20522,2.13862,531,78840,0.428212,1,1,106154,105623,531
3562821,7.44104,0.427725,538,78840,0.405642,1,1,106161,105623,538
3565741,6.28821,1.68554,542,78840,0.441128,1,1,106167,105625,542
3568661,4.45764,29.1371,510,78840,0.416226,1,1,106171,105661,510
3571581,4.09153,12.2274,506,78840,0.419245,1,1,106175,105669,506
3574501,4.01831,7.24548,504,78840,0.427849,1,1,106179,105675,504
3577421,47.2037,39.0491,515,78840,0.34157,1,1,106237,105722,515
3580341,18.2407,21.4098,509,78840,0.388314,0.12,1,106248,105739,509
3583261,110.048,169.882,435,78840,0.141663,0.27,1,106381,105946,435
3586181,56.4096,68.3764,435,80300,0.132333,0.18,1,106424,105989,435
3589101,18.4819,20.8753,435,80300,0.178467,0.32,1,106433,105998,435
3592021,9.29638,8.97506,436,80300,0.251693,0.29,1,106440,106004,436
3594941,7.45928,6.59501,437,80300,0.226339,0.3,1,106447,106010,437
3597861,7.09186,6.119,438,80300,0.189268,0.31,1,106454,106016,438
3600781,7.81837,6.8238,439,80300,0.189854,0.33,1,106462,106023,439
3603701,4.76367,5.36476,438,80300,0.213971,0.25,1,106466,106028,438
3606621,4.95273,4.27295,439,80300,0.154794,0.25,1,106471,106032,439
3609541,4.19055,0.85459,443,80300,0.206959,0.33,1,106475,106032,443
3612461,4.03811,3.37092,443,80300,0.201392,0.33,1,106479,106036,443
3615381,5.60762,3.87418,445,80300,0.176278,0.37,1,106485,106040,445
3618301,37.1215,5.57484,484,80300,0.0432557,0.43,1,106530,106046,484
3621221,17.8243,35.515,454,80300,0.0326511,0.4,1,106543,106089,454
3624141,14.7649,18.303,454,81760,0.0545302,0.44,1,106557,106103,454
3627061,10.953,13.2606,452,81760,0.050906,0.4,1,106567,106115,452
3629981,9.39059,10.6521,451,81760,0.682181,0.43,1,106576,106125,451
3632901,3.47812,10.1304,443,81760,0.840436,0.42,2,106578,106135,443
3635821,10.2956,10.0261,445,81760,0.912087,0.43,2,106590,106145,445
3638741,9.25912,9.20522,445,81760,0.902417,0.4,2,106599,106154,445
3641661,5.05182,7.44104,442,81760,0.956483,0.45,2,106603,106161,442
3667941,8,43,442,83220,0.74,0.19,1,106866,106424,442
3670861,4.8,15.8,437,83220,0.708,0.27,1,106870,106433,437
3673781,8.96,8.76,440,83220,0.7096,0.22,1,106880,106440,440
3676701,5.792,7.352,438,83220,0.66992,0.18,1,106885,106447,438
3679621,7.5584,7.0704,439,83220,0.653984,0.19,1,106893,106454,439
3682541,4.71168,7.81408,435,83220,0.618797,0.22,1,106897,106462,435
3685461,4.14234,4.76282,435,83220,0.547759,0.14,1,106901,106466,435
3688381,3.22847,4.95256,433,83220,0.549552,0.22,1,106904,106471,433
3691301,2.24569,4.19051,431,83220,0.51791,0.2,1,106906,106475,431
3694221,3.64914,4.0381,431,83220,0.479582,0.17,1,106910,106479,431
3697141,35.1298,5.60762,468,83220,0.0959164,0.01,1,106953,106485,468
3700061,16.626,37.1215,435,83220,0.0431833,0.03,1,106965,106530,435
3702981,5.72519,17.8243,425,83220,0.00863666,0.06,1,106968,106543,425
3705901,13.145,14.7649,426,83220,0.00172733,0.05,1,106983,106557,426
3708821,41.829,10.953,465,83220,0.120345,0.84,1,107032,106567,465
3711741,18.7658,9.39059,469,83220,0.0640691,0.88,1,107045,106576,469
3714661,5.35316,3.47812,469,83220,0.0528138,0.93,1,107047,106578,469
3717581,9.07063,10.2956,467,83220,0.0825628,0.9,1,107057,106590,467
3720501,10.6141,9.25912,469,83220,0.144513,0.97,1,107068,106599,469
3723421,7.72283,5.05182,472,83220,0.156903,0.93,1,107075,106603,472
3726341,6.34457,5.81037,472,83220,0.127381,0.98,1,107081,106609,472
3729261,2.86891,2.76207,472,83220,0.121476,0.95,1,107083,106611,472
3732181,2.17378,6.95241,466,83220,0.152295,0.98,1,107085,106619,466
3735101,6.83476,4.59048,470,83220,0.182459,0.86,1,107093,106623,470
3738021,46.167,44.9181,471,83220,0.156492,0.99,1,107149,106678,471
3740941,18.0334,18.5836,470,83220,0.199298,0.68,1,107160,106690,470
3743861,95.6067,103.717,460,83220,0.18386,0.68,1,107275,106815,460
3746781,50.3213,20.7433,499,84680,0.196772,0.69,1,107314,106815,499
3749701,14.8643,38.5487,462,84680,0.247354,0.74,1,107320,106858,462
3752621,7.77285,14.1097,460,84680,0.193471,0.7,1,107326,106866,460
3755541,4.75457,6.02195,460,84680,0.270694,0.71,1,107330,106870,460
3758461,5.75091,9.20439,456,84680,0.254139,0.66,1,107336,106880,456
3761381,5.15018,5.84088,456,84680,0.234828,0.65,1,107341,106885,456
3764301,2.63004,7.56818,450,84680,0.206966,0.61,1,107343,106893,450
3767221,2.12601,4.71364,448,84680,0.169393,0.53,1,107345,106897,448
3770141,3.6252,4.14273,448,84680,0.249879,0.55,1,107349,106901,448
3773061,2.32504,3.22855,447,84680,0.241976,0.51,1,107351,106904,447
3775981,3.66501,2.24571,449,84680,0.240395,0.47,1,107355,106906,449
3778901,16.733,3.64914,465,84680,0.240079,0,1,107375,106910,465
3781821,12.1466,35.1298,433,84680,0.232016,0.03,1,107386,106953,433
3784741,4.82932,16.626,424,84680,0.182403,0,1,107389,106965,424
3787661,12.9659,5.72519,436,84680,0.0924806,0,1,107404,106968,436
3790581,44.1932,13.145,473,84680,0.122496,0.15,1,107456,106983,473
3793501,20.0386,41.829,438,84680,0.128499,0.05,1,107470,107032,438
3796421,5.60773,18.7658,427,84680,0.0976999,0.05,1,107472,107045,427
3799341,10.7215,5.35316,437,84680,0.05954,0.09,1,107484,107047,437
3802261,11.7443,9.07063,439,84680,0.107908,0.16,1,107496,107057,439
3805181,8.74886,10.6141,436,84680,0.0935816,0.16,1,107504,107068,436
3808101,4.94977,7.72283,433,84680,0.114716,0.12,1,107508,107075,433
3811021,5.78995,6.34457,433,84680,0.0629433,0.12,1,107514,107081,433
3813941,2.75799,2.86891,433,84680,0.0525887,0.16,1,107516,107083,433
3816861,2.1516,2.17378,433,84680,0.106518,0.19,1,107518,107085,433
3819781,50.0303,6.83476,487,84680,0.0853035,0.15,1,107580,107093,487
3822701,16.4061,46.167,439,84680,0.129061,0.21,1,107588,107149,439
3825621,98.4812,18.0334,547,84680,0.153812,0.18,1,107707,107160,547
3828541,21.2962,95.6067,434,84680,0.126762,0.2,1,107709,107275,434
3831461,33.0592,50.3213,431,84680,0.153352,0.26,1,107745,107314,431
3834381,16.2118,14.8643,437,84680,0.19067,0.18,1,107757,107320,437
3837301,6.44237,7.77285,435,84680,0.134134,0.29,1,107761,107326,435
3840221,2.88847,4.75457,433,84680,0.122827,0.25,1,107763,107330,433
3843141,2.17769,5.75091,429,84680,0.120565,0.23,1,107765,107336,429
3846061,7.63554,5.15018,433,84680,0.184113,0.2,1,107774,107341,433
3848981,3.12711,2.63004,433,84680,0.196823,0.16,1,107776,107343,433
3851901,2.22542,2.12601,433,84680,0.191365,0.27,1,107778,107345,433
3854821,2.04508,3.6252,431,84680,0.166273,0.24,1,107780,107349,431
3857741,2.00902,2.32504,431,84680,0.129255,0.24,1,107782,107351,431
3860661,7.6018,3.66501,436,84680,0.233851,0.24,1,107791,107355,436
3863581,14.3204,16.733,432,84680,0.27077,0.23,1,107807,107375,432
3866501,9.26407,12.1466,429,84680,0.246154,0.17,1,107815,107386,429
3869421,3.45281,4.82932,428,84680,0.249231,0.07,1,107817,107389,428
3872341,7.89056,12.9659,422,84680,0.265846,0.13,1,107826,107404,422
3875261,47.9781,44.1932,428,84680,0.213169,0.13,1,107884,107456,428
3878181,17.5956,20.0386,424,84680,0.210634,0.09,1,107894,107470,424
3881101,5.11912,5.60773,424,84680,0.210127,0.05,1,107896,107472,424
3884021,10.6238,10.7215,424,84680,0.242025,0.12,1,107908,107484,424
3886941,14.9248,11.7443,428,84680,0.152405,0.09,1,107924,107496,428
3889861,6.18495,8.74886,424,84680,0.174481,0.12,1,107928,107504,424
3892781,7.63699,4.94977,428,84680,0.210896,0.05,1,107936,107508,428
3895701,7.9274,5.78995,430,84680,0.162179,0.05,1,107944,107514,430
3898621,3.18548,2.75799,430,84680,0.120436,0.12,1,107946,107516,430
3901541,2.2371,2.1516,430,84680,0.112087,0.08,1,107948,107518,430
3904461,47.6474,50.0303,427,84680,0.198417,0.14,1,108007,107580,427
3907381,20.7295,16.4061,433,84680,0.231683,0.16,1,108021,107588,433
3910301,95.3459,98.4812,428,84680,0.166337,0.12,1,108135,107707,428
3913221,20.6692,21.2962,428,84680,0.121267,0.16,1,108137,107709,428
3916141,36.1338,33.0592,432,84680,0.216253,0.2,1,108177,107745,432
3919061,17.6268,16.2118,433,84680,0.275251,0.12,1,108190,107757,433
3921981,5.12535,6.44237,431,84680,0.28705,0.12,1,108192,107761,431
3924901,2.62507,2.88847,431,84680,0.25741,0.12,1,108194,107763,431
3927821,2.12501,2.17769,431,84680,0.227482,0.2,1,108196,107765,431
3930741,3.625,7.63554,426,84680,0.157496,0.2,1,108200,107774,426
3933661,3.925,3.12711,428,84680,0.271499,0.19,1,108204,107776,428
3936581,6.385,2.22542,433,84680,0.2863,0.16,1,108211,107778,433
3939501,2.877,2.04508,433,84680,0.24926,0.12,1,108213,107780,433
3942421,2.1754,2.00902,433,84680,0.265852,0.26,1,108215,107782,433
3945341,5.23508,7.6018,430,84680,0.18917,0.28,1,108221,107791,430
3948261,17.047,14.3204,434,84680,0.237834,0.24,1,108241,107807,434
3951181,9.8094,9.26407,434,84680,0.303567,0.25,1,108249,107815,434
3954101,3.56188,3.45281,434,84680,0.316713,0.27,1,108251,107817,434
3957021,7.11238,7.89056,433,84680,0.319343,0.2,1,108259,107826,433
3959941,47.0225,47.9781,432,84680,0.303869,0.21,1,108316,107884,432
3962861,17.4045,17.5956,432,84680,0.300774,0.21,1,108326,107894,432
3965781,5.0809,5.11912,432,84680,0.332155,0.25,1,108328,107896,432
3968701,9.01618,10.6238,430,84680,0.314431,0.13,1,108338,107908,430
3971621,15.4032,14.9248,431,84680,0.262886,0.18,1,108355,107924,431
3974541,6.28065,6.18495,431,84680,0.268577,0.22,1,108359,107928,431
3977461,4.45613,7.63699,427,84680,0.205715,0.15,1,108363,107936,427
3980381,10.4912,7.9274,431,84680,0.281143,0.11,1,108375,107944,431
3983301,6.09825,3.18548,434,84680,0.408229,0.11,1,108380,107946,434
3986221,2.81965,2.2371,434,84680,0.465646,0.22,1,108382,107948,434
3989141,38.9639,47.6474,423,84680,0.245129,0.24,1,108430,108007,423
3992061,21.3928,20.7295,426,84680,0.281026,0.15,1,108447,108021,426
3994981,101.079,95.3459,433,84680,0.328205,0.11,1,108568,108135,433
3997901,21.8157,20.6692,433,84680,0.305641,0.24,1,108570,108137,433
4000821,37.1631,36.1338,434,84680,0.365128,0.29,1,108611,108177,434
4003741,15.4326,17.6268,431,84680,0.337026,0.29,1,108621,108190,431
4006661,8.68653,5.12535,436,84680,0.379405,0.25,1,108628,108192,436
4009581,3.3373,2.62507,436,84680,0.355881,0.22,1,108630,108194,436
4012501,2.26746,2.12501,436,84680,0.351176,0.14,1,108632,108196,436
4015421,2.05349,3.625,434,84680,0.318235,0.3,1,108634,108200,434
4018341,3.6107,3.925,434,84680,0.247647,0.29,1,108638,108204,434
4021261,3.92214,6.385,431,84680,0.241529,0.24,1,108642,108211,431
4024181,2.38443,2.877,431,84680,0.360306,0.27,1,108644,108213,431
4027101,2.07689,2.1754,431,84680,0.384061,0.17,1,108646,108215,431
4030021,8.41538,5.23508,435,84680,0.372812,0.25,1,108656,108221,435
4032941,19.2831,17.047,437,84680,0.386562,0.32,1,108678,108241,437
4035861,10.2566,9.8094,437,84680,0.301312,0.32,1,108686,108249,437
4038781,3.65132,3.56188,437,84680,0.340263,0.32,1,108688,108251,437
4041701,5.53026,7.11238,435,84680,0.348052,0.3,1,108694,108259,435
4044621,48.3061,47.0225,437,84680,0.37361,0.3,1,108753,108316,437
4047541,17.6612,17.4045,437,84680,0.346722,0.34,1,108763,108326,437
4050461,5.13224,5.0809,437,84680,0.349344,0.31,1,108765,108328,437
4053381,7.42645,9.01618,435,84680,0.373869,0.25,1,108773,108338,435
4056301,12.6853,15.4032,432,84680,0.378774,0.27,1,108787,108355,432
4059221,8.93706,6.28065,436,84680,0.323755,0.19,1,108795,108359,436
4062141,4.98741,4.45613,436,84680,0.368751,0.3,1,108799,108363,436
4065061,15.3975,10.4912,442,84680,0.45775,0.44,1,108817,108375,442
4067981,4.6795,6.09825,439,84680,0.51555,0.48,1,108819,108380,439
4070901,2.5359,2.81965,439,84680,0.56711,0.19,1,108821,108382,439
4073821,36.5072,38.9639,436,84680,0.617422,0.29,1,108866,108430,436
4076741,16.9014,21.3928,431,84680,0.659484,0.34,1,108878,108447,431
4079661,107.38,101.079,440,84680,0.699897,0.3,1,109008,108568,440
4082581,23.0761,21.8157,440,84680,0.747979,0.38,1,109010,108570,440
4085501,36.6152,37.1631,439,84680,0.717596,0.33,1,109050,108611,439
4088421,15.323,15.4326,439,84680,0.671519,0.39,1,109060,108621,439
4091341,4.66461,8.68653,434,84680,0.694304,0.35,1,109062,108628,434
4094261,2.53292,3.3373,434,84680,0.738861,0.35,1,109064,108630,434
4097181,2.10658,2.26746,434,84680,0.715772,0.31,1,109066,108632,434
4100101,7.62132,2.05349,441,84680,0.671154,0.23,1,109075,108634,441
4103021,3.12426,3.6107,439,84680,0.718231,0.24,1,109077,108638,439
4105941,2.22485,3.92214,437,84680,0.695646,0.39,1,109079,108642,437
4108861,2.04497,2.38443,437,84680,0.659129,0.39,1,109081,108644,437
4111781,4.40899,2.07689,440,84680,0.611826,0.37,1,109086,108646,440
4114701,8.8818,8.41538,440,84680,0.666365,0.39,1,109096,108656,440
4117621,19.3764,19.2831,440,84680,0.725273,0.28,1,109118,108678,440
4120541,10.2753,10.2566,440,84680,0.689055,0.35,1,109126,108686,440
4123461,3.65505,3.65132,440,84680,0.649811,0.35,1,109128,108688,440
4126381,5.53101,5.53026,440,84680,0.641962,0.38,1,109134,108694,440
4129301,47.5062,48.3061,439,84680,0.704392,0.34,1,109192,108753,439
4132221,19.1012,17.6612,441,84680,0.716879,0.35,1,109204,108763,441
4135141,5.42025,5.13224,441,84680,0.727376,0.38,1,109206,108765,441
4138061,7.48405,7.42645,441,84680,0.697475,0.38,1,109214,108773,441
4140981,9.49681,12.6853,437,84680,0.723495,0.31,1,109224,108787,437
4143901,8.29936,8.93706,437,84680,0.736699,0.38,1,109232,108795,437
4146821,4.85987,4.98741,437,84680,0.73934,0.48,1,109236,108799,437
4149741,31.372,15.3975,457,84680,0.835868,0.53,2,109274,108817,457
4152661,7.87439,4.6795,457,84680,0.855174,0.58,2,109276,108819,457
4155581,3.17488,2.5359,457,84680,0.859035,0.63,2,109278,108821,457
4158501,35.835,36.5072,456,84680,0.867807,0.67,2,109322,108866,456
4161421,11.967,16.9014,450,84680,0.861561,0.71,2,109328,108878,450
4164341,109.593,107.38,454,84680,0.924312,0.76,2,109462,109008,454
4167261,28.3187,23.0761,460,86140,0.904862,0.71,2,109470,109010,460
4170181,34.4637,36.6152,456,86140,0.980972,0.66,2,109506,109050,456
4755981,37,43,473,51880,0.36,0.53,1,113245,112772,473
4783721,195.4,219.8,444,53340,0.464,0.23,1,113480,113036,444
4835601,131.88,149.56,428,41962,0.1008,0.16,1,113596,113168,428
4838521,37.576,36.312,434,41186,0.04416,0.13,1,113610,113176,434
4841441,18.7152,20.0624,432,37960,0.632832,0.03,1,113624,113192,432
4860421,21,199,443,37960,0.81,0.49,2,113919,113476,443
4863341,5.8,43,441,37960,0.81,0.37,2,113921,113480,441
4866261,2.76,16.6,433,37960,0.826,0.23,2,113923,113490,433
4877941,24,17,435,42340,0.63,0.78,1,114031,113596,435
4880861,74.4,25.8,494,42340,0.59,1,1,114118,113624,494
4883781,43.68,34.76,493,42340,0.55,1,1,114154,113661,493
4886701,14.336,18.152,486,42340,0.606,1,1,114161,113675,486
4889621,6.0672,7.6304,485,42340,0.5852,0.95,1,114165,113680,485
4892541,10.8134,5.52608,492,42340,0.56504,0.95,1,114177,113685,492
4895461,147.763,9.90522,663,42340,0.801008,0.81,2,114359,113696,663
4898381,47.9525,180.381,463,43800,0.896202,0.81,2,114382,113919,463
4901301,11.1905,37.6762,463,43800,0.91524,0.83,2,114384,113921,463
4904221,3.8381,9.13524,463,43800,0.887048,0.83,2,114386,113923,463
4907141,39.1676,1.82705,511,43800,0.85741,0.93,2,114434,113923,511
4910061,9.43352,33.9654,471,43800,0.907482,0.8,2,114436,113965,471
4912981,13.8867,26.7931,461,43800,0.941496,0.8,2,114451,113990,461
4915901,9.97734,5.35862,470,43800,0.956299,0.69,2,114460,113990,470
4927581,6,36,455,45260,0.92,0.62,2,114609,114154,455
4930501,5.2,12.8,453,45260,0.912,0.58,2,114614,114161,453
5076501,22,21,478,46720,0.21,1,1,116266,115788,478
5079421,23.6,20.2,482,46720,0.146,1,1,116290,115808,482
5082341,18.32,17.64,482,46720,0.0532,1,1,116307,115825,482
5085261,14.864,15.528,481,46720,0.01864,1,1,116321,115840,481
5088181,11.7728,13.5056,479,46720,0.027728,1,1,116332,115853,479
5091101,19.9546,23.5011,475,46720,0.0135456,1,1,116354,115879,475
5094021,20.7909,16.7002,481,46720,0.0107091,1,1,116375,115894,481
5096941,18.5582,15.34,484,46720,0.0261418,1,1,116393,115909,484
5099861,15.7116,16.668,482,46720,0.00522836,1,1,116408,115926,482
5102781,12.7423,13.7336,481,46720,0.0250457,1,1,116420,115939,481
5105701,33.7485,40.3467,473,46720,0.0130091,1,1,116459,115986,473
5108621,19.5497,20.8693,473,46720,0.0266018,1,1,116475,116002,473
5111541,27.1099,27.3739,473,46720,0.00532037,0.99,1,116504,116031,473
5114461,12.622,16.6748,468,46720,0.00906407,0.92,1,116513,116045,468
5117381,24.9244,25.735,468,46720,0.00181281,0.23,1,116541,116073,468
5164101,30,28,424,46720,0.79,1,2,116965,116541,424
5187461,20,21,481,46720,0.77,1,2,117278,116797,481
5190381,44,18.6,513,46720,0.802,1,2,117328,116815,513
5193301,16.8,15.72,508,48180,0.8404,1,2,117338,116830,508
5196221,11.36,12.744,506,48180,0.86408,1,2,117348,116842,506
5199141,8.672,33.7488,475,48180,0.900816,1,2,117356,116881,475
5202061,6.5344,19.5498,465,48180,0.908163,0.86,2,117362,116897,465
5204981,36.5069,27.11,480,48180,0.925633,0.77,2,117406,116926,480
5207901,12.1014,12.622,477,48180,0.929127,0.79,2,117412,116935,477
5210821,14.4203,26.5244,462,48180,0.929825,1,2,117427,116965,462
5450261,13,14,483,68620,0.89,1,2,119665,119182,483
5453181,7.4,2.8,489,68620,0.906,1,2,119671,119182,489
5456101,37.48,8.56,524,68620,0.6532,1,1,119716,119192,524
5459021,19.496,44.112,486,70080,0.55464,1,1,119731,119245,486
5461941,14.2992,20.8224,484,70080,0.518928,1,1,119744,119260,484
5464861,14.0598,13.7645,486,70080,0.511786,1,1,119758,119272,486
5467781,14.012,10.7529,490,70080,0.494357,1,1,119772,119282,490
5470701,10.8024,10.9506,489,71540,0.506871,1,1,119782,119293,489
5473621,9.36048,10.1901,488,71540,0.509374,1,1,119791,119303,488
5476541,6.6721,8.43802,486,71540,0.493875,1,1,119797,119311,486
5479461,5.33442,6.4876,485,71540,0.554775,0.82,1,119802,119317,485
5482381,20.2669,24.4975,480,73000,0.534955,1,1,119826,119346,480
5485301,121.653,132.1,468,73000,0.858991,1,2,119973,119505,468
5718901,63,78,421,67160,0.25,0.05,1,121682,121261,421
5724741,86.2,72.4,442,67160,0.114,0.37,1,121774,121332,442
5757441,37.24,37.68,438,67160,0.0228,0.31,1,121799,121361,438
5760361,29.848,22.736,447,68620,0.00456,0.34,1,121827,121380,447
5763281,18.7696,20.5472,443,70080,0.088912,0.23,1,121843,121400,443
5766201,40.5539,24.1094,464,71540,0.265782,0.11,1,121889,121425,464
5769121,19.3108,40.0219,434,73000,0.445156,0.03,1,121903,121469,434
5772041,29.4622,25.6044,444,73000,0.657031,0,1,121935,121491,444
5774961,18.6924,29.9209,429,73000,0.555406,0.01,1,121951,121522,429
5777881,14.1385,17.1842,428,73000,0.471081,0.01,1,121964,121536,428
5780801,12.4277,12.2368,429,74460,0.390216,0,1,121976,121547,429
5783721,16.0855,14.4474,431,74460,0.246043,0.03,1,121993,121562,431
5786641,14.4171,14.8895,430,74460,0.121209,0.01,1,122007,121577,430
5789561,35.6834,15.7779,455,74460,0.0642417,0.31,1,122048,121593,455
5792481,8.73668,23.9556,431,74460,0.0528483,0.31,1,122050,121619,431
5795401,3.34734,4.79112,433,75920,0.0185697,0.31,1,122052,121619,433
5798321,43.8695,0.958223,487,75920,0.0917139,0.25,1,122106,121619,487
5801241,10.3739,50.5916,426,75920,0.106343,0.25,1,122108,121682,426
5804161,3.67478,10.1183,428,75920,0.109269,0.25,1,122110,121682,428
5807081,2.33496,2.02367,430,75920,0.109854,0.25,1,122112,121682,430
5810001,2.06699,0.404733,432,75920,0.0779707,0.25,1,122114,121682,432
5812921,65.2134,0.0809466,513,75920,0.0715941,0.08,1,122195,121682,513
5815841,14.6427,73.6162,423,77380,0.0703188,0,1,122197,121774,423
5818761,26.1285,34.7232,427,77380,0.102064,0,1,122226,121799,427
5821681,6.82571,6.94465,429,77380,0.0764128,0,1,122228,121799,429
5824601,2.96514,1.38893,431,77380,0.103283,0,1,122230,121799,431
5827521,18.993,0.277786,454,77380,0.140657,0,1,122253,121799,454
5830441,5.39861,22.4556,428,78840,0.148131,0.11,1,122255,121827,428
5833361,12.2797,17.2911,426,78840,0.197626,0.11,1,122269,121843,426
5836281,53.6559,3.45822,490,78840,0.519525,0.31,1,122333,121843,490
5839201,12.3312,37.4916,446,78840,0.575905,0.49,1,122335,121889,446
5842121,17.6662,18.6983,451,78840,0.555181,0.71,1,122354,121903,451
5845041,28.3332,29.3397,450,80300,0.639036,0.53,1,122385,121935,450
5847961,12.8666,18.6679,443,80300,0.679807,0.45,1,122394,121951,443
5850881,7.37333,14.1336,436,80300,0.687961,0.45,1,122400,121964,436
5853801,5.47467,2.82672,441,80300,0.705592,0.37,1,122405,121964,441
5856721,11.4949,10.1653,442,80300,0.741118,0.21,1,122418,121976,442
5859641,10.299,15.6331,435,81760,0.732224,0.09,1,122428,121993,435
5862561,39.6598,14.3266,468,81760,0.506445,0.05,1,122475,122007,468
5865481,9.53196,35.6653,429,81760,0.429289,0.05,1,122477,122048,429
5868401,3.50639,8.73306,429,81760,0.381858,0.01,1,122479,122050,429
5871321,2.30128,3.34661,429,81760,0.340372,0.11,1,122481,122052,429
5874241,41.2603,43.8693,426,81760,0.508074,0.11,1,122532,122106,426
5877161,9.85205,10.3739,426,81760,0.557615,0.11,1,122534,122108,426
5880081,3.57041,3.67477,426,83220,0.567523,0.11,1,122536,122110,426
5883001,2.31408,2.33495,426,83220,0.569505,0.07,1,122538,122112,426
5885921,2.06282,2.06699,426,83220,0.569901,0.07,1,122540,122114,426
5888841,62.0126,65.2134,422,83220,0.28198,0.07,1,122617,122195,422
5891761,14.0025,13.0427,424,83220,0.224396,0.07,1,122619,122195,424
5894681,34.0005,4.20854,461,83220,0.308879,0.11,1,122658,122197,461
5897601,8.4001,24.0417,434,83220,0.293776,0.07,1,122660,122226,434
5900521,3.28002,6.40834,434,84680,0.258755,0.11,1,122662,122228,434
5903441,11.056,2.88167,445,84680,0.427751,0.15,1,122675,122230,445
5906361,3.8112,18.9763,424,84680,0.46155,0.15,1,122677,122253,424
5909281,3.96224,5.39527,426,84680,0.46831,0.21,1,122681,122255,426
5912201,16.7924,12.2791,432,84680,0.461662,0.6,1,122701,122269,432
5915121,64.9585,53.6558,445,84680,0.644332,0.59,1,122778,122333,445
5918041,19.3917,12.3312,451,84680,0.648866,0.55,1,122786,122335,451
5920961,19.0783,17.6662,451,86140,0.737773,0.55,1,122805,122354,451
5923881,31.0157,3.53325,485,86140,0.643555,0.66,1,122839,122354,485
5926801,14.2031,25.5067,464,86140,0.752711,0.69,2,122849,122385,464
5929721,8.44063,12.3013,462,86140,0.790542,0.69,2,122856,122394,462
5932641,7.28813,7.26027,463,86140,0.790108,0.71,2,122863,122400,463
5935561,11.0576,5.45205,470,86140,0.790022,0.75,2,122875,122405,470
5938481,3.81152,11.4904,459,86140,0.782004,0.73,2,122877,122418,459
5941401,5.56231,10.2981,455,86140,0.788401,0.45,2,122883,122428,455
5944321,32.3125,39.6596,447,86140,0.80568,0.41,2,122922,122475,447
5947241,8.06249,9.53192,447,87600,0.777136,0.37,2,122924,122477,447
5950161,3.2125,3.50638,447,87600,0.771427,0.33,2,122926,122479,447
5953081,2.2425,2.30128,447,87600,0.738285,0.55,1,122928,122481,447
6303481,18,9,501,96360,0.74,1,1,124820,124319,501
6306401,15.6,10.6,505,96360,0.684,1,1,124835,124330,505
6309321,15.92,11.72,509,96360,0.6008,1,1,124851,124342,509
6312241,13.584,11.944,510,96360,0.52016,1,1,124864,124354,510
6315161,12.3168,23.9888,495,96360,0.416032,1,1,124876,124381,495
6318081,11.2634,13.5978,495,96360,0.323206,1,1,124887,124392,495
6321001,9.45267,8.31955,497,96360,0.232641,1,1,124896,124399,497
6323921,8.29053,8.06391,497,96360,0.166528,1,1,124904,124407,497
6326841,7.25811,8.81278,495,96360,0.105306,1,1,124911,124416,495
6329761,6.25162,9.76256,491,96360,0.0610611,1,1,124917,124426,491
6332681,14.8503,9.95251,498,96360,0.0362122,1,1,124934,124436,498
6335601,10.1701,7.5905,500,96360,0.111242,1,1,124943,124443,500
6338521,6.83401,11.9181,493,96360,0.126248,1,1,124949,124456,493
6341441,11.7668,23.1836,480,96360,0.0812497,1,1,124962,124482,480
6344361,12.7534,23.8367,469,96360,0.13625,1,1,124975,124506,469
6347281,14.5507,15.1673,471,96360,0.09925,1,1,124990,124519,471
6350201,12.5101,12.6335,471,96360,0.05985,1,1,125002,124531,471
6353121,24.902,13.7267,485,96360,0.03597,1,1,125030,124545,485
6356041,24.9804,15.5453,494,96360,0.079194,1,1,125055,124561,494
6358961,19.3961,20.7091,490,96360,0.0158388,1,1,125073,124583,490
6361881,18.2792,17.7418,491,96360,0.0111678,1,1,125091,124600,491
6364801,18.0558,15.5484,494,96360,0.0102336,1,1,125109,124615,494
6367721,14.8112,15.9097,492,96360,0.00204671,1,1,125123,124631,492
6370641,10.9622,15.9819,486,96360,0.00840934,1,1,125133,124647,486
6373561,19.7924,16.7964,491,96360,0.00168187,1,1,125155,124664,491
6376481,31.1585,34.5593,486,96360,0.0563364,1,1,125189,124703,486
6379401,19.0317,18.1119,488,96360,0.0272673,1,1,125205,124717,488
6382321,15.8063,15.6224,488,96360,0.0614535,1,1,125220,124732,488
6385241,11.9613,15.9245,483,96360,0.0522907,1,1,125231,124748,483
6388161,10.3923,14.3849,479,96360,0.0184581,0.98,1,125241,124762,479
6391081,6.87845,14.077,471,96360,0.0916916,0.78,1,125247,124776,471
6394001,10.1757,14.0154,468,96360,0.138338,0.78,1,125258,124790,468
6396921,8.43514,12.4031,464,96360,0.131668,0.74,1,125266,124802,464
6399841,10.487,16.8806,457,96360,0.162334,0.67,1,125277,124820,457
6402761,10.0974,15.3761,452,96360,0.168467,0.58,1,125287,124835,452
6405681,10.8195,15.8752,447,96360,0.169693,0.5,1,125298,124851,447
6408601,7.7639,13.575,441,96360,0.169939,0.39,1,125305,124864,441
6411521,7.15278,12.315,436,96360,0.185988,0.3,1,125312,124876,436
6414441,7.03056,11.263,432,96360,0.205198,0.21,1,125319,124887,432
6417361,5.40611,9.4526,428,96360,0.17704,0.15,1,125324,124896,428
6420281,4.28122,8.29052,424,96360,0.171408,0.09,1,125328,124904,424
6423201,4.85624,7.2581,422,96360,0.122282,0.05,1,125333,124911,422
6426121,5.77125,6.25162,422,96360,0.0804563,0.03,1,125339,124917,422
6429041,19.5542,14.8503,428,96360,0.0560913,0.13,1,125362,124934,428
6431961,8.71085,10.1701,425,96360,0.0512183,0.13,1,125368,124943,425
6434881,6.54217,6.83401,425,96360,0.0502436,0.07,1,125374,124949,425
6437801,10.9084,11.7668,424,96360,0.0180487,0.15,1,125386,124962,424
6440721,12.5817,12.7534,424,96360,0.0276097,0.09,1,125399,124975,424
6443641,12.9163,14.5507,422,96360,0.0295219,0.05,1,125412,124990,422
6446561,12.1833,12.5101,422,96360,0.0139044,0.03,1,125424,125002,422
6449481,26.4367,24.902,424,96360,0.0267809,0.09,1,125454,125030,424
6452401,24.4873,24.9804,423,96360,0.00535618,0,1,125478,125055,423
6455321,20.8975,19.3961,425,96360,0.00907123,0.01,1,125498,125073,425
6458241,16.9795,18.2792,423,96360,0.00981425,0.01,1,125514,125091,423
6461161,16.9959,18.0558,422,96360,0.00996285,0,1,125531,125109,422
6464081,14.5992,14.8112,422,96360,0.00199257,0.01,1,125545,125123,422
6467001,10.9198,10.9622,422,96360,0.00839851,0,1,125555,125133,422
6469921,19.784,19.7924,422,96360,0.0016797,0.07,1,125577,125155,422
6472841,32.7568,31.1585,424,96360,0.0723359,0.02,1,125613,125189,424
6475761,19.3514,19.0317,424,96360,0.0144672,0.07,1,125629,125205,424
6478681,15.0703,15.8063,423,96360,0.0588934,0.05,1,125643,125220,423
6481601,11.0141,11.9613,422,96360,0.0357787,0.01,1,125653,125231,422
6484521,13.4028,10.3923,426,96360,0.0471557,0.11,1,125667,125241,426
6487441,9.08056,6.87845,428,96360,0.0494311,0.15,1,125675,125247,428
6490361,9.81611,10.1757,427,96360,0.0178862,0.13,1,125685,125258,427
6493281,9.96322,8.43514,429,96360,0.0115772,0.17,1,125695,125266,429
6496201,11.5926,10.487,430,96360,0.0423154,0.17,1,125707,125277,430
6499121,9.51853,10.0974,429,96360,0.0484631,0.17,1,125716,125287,429
6502041,13.1037,10.8195,432,96360,0.0816926,0.17,1,125730,125298,432
6504961,6.62074,7.7639,430,96360,0.0563385,0.19,1,125735,125305,430
6507881,6.92415,7.15278,430,96360,0.0352677,0.21,1,125742,125312,430
6510801,6.18483,7.03056,429,96360,0.0310535,0.17,1,125748,125319,429
6513721,2.83697,5.40611,426,96360,0.0302107,0.17,1,125750,125324,426
6516641,2.16739,4.28122,424,96360,0.0460421,0.11,1,125752,125328,424
6519561,2.83348,4.85624,422,96360,0.0652084,0.07,1,125755,125333,422
6522481,5.3667,5.77125,422,96360,0.0690417,0.05,1,125761,125339,422
6525401,21.0733,19.5542,424,96360,0.0218083,0.05,1,125786,125362,424
6528321,7.41467,8.71085,422,96360,0.0123617,0.05,1,125790,125368,422
6531241,6.28293,6.54217,422,96360,0.00247233,0.01,1,125796,125374,422
6534161,10.8566,10.9084,422,96360,0.00849447,0.03,1,125808,125386,422
6537081,12.5713,12.5817,422,96360,0.0416989,0.03,1,125821,125399,422
6540001,12.9143,12.9163,422,96360,0.0323398,0.01,1,125834,125412,422
6542921,12.1829,12.1833,422,96360,0.014468,0.03,1,125846,125424,422
6545841,26.4366,26.4367,422,96360,0.0428936,0,1,125876,125454,422
6548761,24.4873,24.4873,422,96360,0.00857872,0.01,1,125900,125478,422
6551681,22.4975,20.8975,424,96360,0.00971574,0.01,1,125922,125498,424
6554601,15.6995,16.9795,422,96360,0.0899431,0.01,1,125936,125514,422
6557521,17.5399,16.9959,423,96360,0.0179886,0,1,125954,125531,423
6560441,13.908,14.5992,422,96360,0.00359773,0.01,1,125967,125545,422
6563361,10.7816,10.9198,422,96360,0.00871954,0,1,125977,125555,422
6566281,19.7563,19.784,422,96360,0.00174391,0.09,1,125999,125577,422
6569201,32.7513,32.7568,422,96360,0.0563488,0,1,126035,125613,422
6572121,20.9503,19.3514,424,96360,0.0112698,0.07,1,126053,125629,424
6575041,14.5901,15.0703,423,96360,0.026254,0.03,1,126066,125643,423
6577961,11.718,11.0141,424,96360,0.0292508,0.05,1,126077,125653,424
6580881,13.5436,13.4028,424,96360,0.0778502,0.05,1,126091,125667,424
6583801,7.50872,9.08056,422,96360,0.08757,0.01,1,126097,125675,422
6586721,9.50174,9.81611,422,96360,0.073514,0.01,1,126107,125685,422
6589641,11.5003,9.96322,424,96360,0.118703,0.05,1,126119,125695,424
6592561,11.1001,11.5926,423,96360,0.111741,0.05,1,126130,125707,423
6595481,10.22,9.51853,424,96360,0.110348,0.09,1,126140,125716,424
6598401,12.444,13.1037,423,96360,0.12607,0.05,1,126153,125730,423
6601321,5.6888,6.62074,422,96360,0.145214,0.03,1,126157,125735,422
6604241,8.33776,6.92415,424,96360,0.133043,0.03,1,126166,125742,424
6607161,6.46755,6.18483,424,96360,0.146609,0.03,1,126172,125748,424
6610081,2.89351,2.83697,424,96360,0.117322,0.05,1,126174,125750,424
6613001,2.1787,2.16739,424,96360,0.111464,0.07,1,126176,125752,424
6615921,2.83574,2.83348,424,96360,0.126293,0.07,1,126179,125755,424
6618841,3.76715,5.3667,422,96360,0.129259,0.01,1,126183,125761,422
6621761,20.7534,21.0733,422,96360,0.0338517,0.01,1,126208,125786,422
6624681,7.35069,7.41467,422,96360,0.0147703,0,1,126212,125790,422
6627601,6.27014,6.28293,422,96360,0.00295407,0.01,1,126218,125796,422
6630521,11.654,10.8566,423,96360,0.000590814,0.05,1,126231,125808,423
6633441,11.9308,12.5713,422,96360,0.0401182,0.03,1,126243,125821,422
6636361,12.7862,12.9143,422,96360,0.0320236,0.01,1,126256,125834,422
6639281,12.1572,12.1829,422,96360,0.0464047,0.05,1,126268,125846,422
6642201,27.2314,26.4366,423,96360,0.0652809,0,1,126299,125876,423
6645121,23.8463,24.4873,422,96360,0.0530562,0.01,1,126322,125900,422
6648041,23.9693,22.4975,424,96360,0.0186112,0.11,1,126346,125922,424
6650961,16.7939,15.6995,425,96360,0.0117222,0,1,126361,125936,425
6653881,15.3588,17.5399,422,96360,0.00234445,0,1,126376,125954,422
6656801,13.4718,13.908,422,96360,0.00046889,0.01,1,126389,125967,422
6659721,10.6944,10.7816,422,96360,0.00809378,0,1,126399,125977,422
6662641,19.7389,19.7563,422,96360,0.0256188,0.07,1,126421,125999,422
6665561,32.7478,32.7513,422,97820,0.0611237,0,1,126457,126035,422
6668481,20.9496,20.9503,422,97820,0.0122247,0.03,1,126475,126053,422
6671401,14.5899,14.5901,422,97820,0.0744449,0.03,1,126488,126066,422
6674321,13.318,11.718,424,97820,0.086889,0.09,1,126501,126077,424
6677241,14.6636,13.5436,425,97820,0.121378,0.09,1,126516,126091,425
6680161,7.73272,7.50872,425,97820,0.144276,0.07,1,126522,126097,425
6683081,10.3465,9.50174,426,97820,0.132855,0.13,1,126533,126107,426
6686001,11.6693,11.5003,426,97820,0.098571,0.11,1,126545,126119,426
6688921,11.9339,11.1001,427,97820,0.0917142,0.11,1,126557,126130,427
6691841,10.3868,10.22,427,97820,0.122343,0.13,1,126567,126140,427
6694761,12.4774,12.444,427,97820,0.144469,0.15,1,126580,126153,427
6697681,5.69547,5.6888,427,97820,0.148894,0.13,1,126584,126157,427
6700601,8.33909,8.33776,427,97820,0.133779,0.15,1,126593,126166,427
6703521,6.46782,6.46755,427,97820,0.146756,0.11,1,126599,126172,427
6706441,2.89356,2.89351,427,97820,0.117351,0.11,1,126601,126174,427
6709361,2.17871,2.1787,427,97820,0.11147,0.13,1,126603,126176,427
6712281,2.83574,2.83574,427,97820,0.126294,0.13,1,126606,126179,427
6715201,2.16715,3.76715,425,97820,0.145259,0.01,1,126608,126183,425
6718121,18.0334,20.7534,422,97820,0.101052,0.01,1,126630,126208,422
6721041,6.80669,7.35069,422,97820,0.0922104,0,1,126634,126212,422
6723961,6.16134,6.27014,422,97820,0.0744421,0,1,126640,126218,422
6726881,11.6323,11.654,422,97820,0.0548884,0.05,1,126653,126231,422
6729801,11.9265,11.9308,422,97820,0.0669777,0.03,1,126665,126243,422
6732721,12.7853,12.7862,422,97820,0.0533955,0.05,1,126678,126256,422
6735641,12.1571,12.1572,422,97820,0.0506791,0.07,1,126690,126268,422
6738561,28.0314,27.2314,423,97820,0.0181358,0.05,1,126722,126299,423
6741481,23.2063,23.8463,422,97820,0.0436272,0.01,1,126744,126322,422
6744401,23.8413,23.9693,422,97820,0.0487254,0.01,1,126768,126346,422
6747321,16.7683,16.7939,422,97820,0.0817451,0,1,126783,126361,422
6750241,15.3537,15.3588,422,99280,0.056349,0,1,126798,126376,422
6753161,13.4707,13.4718,422,99280,0.0112698,0.01,1,126811,126389,422
6756081,10.6941,10.6944,422,99280,0.058254,0.03,1,126821,126399,422
6759001,19.7388,19.7389,422,99280,0.0516508,0.03,1,126843,126421,422
6761921,32.7478,3.94777,458,99280,0.0343302,0.07,1,126879,126421,458
6764841,21.7496,29.5896,441,99280,0.00686603,0,1,126898,126457,441
6767761,15.5499,20.3179,437,99280,0.0253732,0.09,1,126912,126475,437
6770681,15.11,14.4636,439,99280,0.0610746,0.09,1,126927,126488,439
6773601,15.022,13.2927,441,99280,0.0682149,0.13,1,126942,126501,441
6776521,7.8044,14.6585,432,99280,0.069643,0.15,1,126948,126516,432
6779441,9.56088,7.73171,436,99280,0.0699286,0.13,1,126958,126522,436
6782361,11.5122,10.3463,437,99280,0.0699857,0.09,1,126970,126533,437
6785281,13.5024,11.6693,439,99280,0.0699971,0.09,1,126984,126545,439
6788201,10.7005,11.9339,437,99280,0.101999,0.13,1,126994,126557,437
6791121,11.7401,10.3868,439,99280,0.1244,0.15,1,127006,126567,439
6794041,6.34802,12.4774,431,99280,0.14488,0.15,1,127011,126580,431
6796961,7.6696,5.69547,435,99280,0.164976,0.13,1,127019,126584,435
6799881,7.13392,8.33909,433,100740,0.152995,0.15,1,127026,126593,433
6802801,3.02678,6.46782,429,100740,0.118599,0.11,1,127028,126599,429
6805721,2.20536,2.89356,429,100740,0.15972,0.11,1,127030,126601,429
6808641,2.04107,2.17871,429,100740,0.167944,0.13,1,127032,126603,429
6811561,2.00821,2.83574,428,100740,0.137589,0.15,1,127034,126606,428
6814481,16.4016,2.16715,446,100740,0.131518,0.09,1,127054,126608,446
6817401,6.48033,18.0334,428,100740,0.130304,0.09,1,127058,126630,428
6820321,4.49607,6.80669,428,100740,0.130061,0.07,1,127062,126634,428
6823241,10.4992,6.16134,434,100740,0.130012,0.05,1,127074,126640,434
6826161,12.4998,11.6323,434,100740,0.0820024,0.07,1,127087,126653,434
6829081,12.1,11.9265,434,100740,0.0724005,0.05,1,127099,126665,434
6832001,12.02,12.7853,433,100740,0.0704801,0.05,1,127111,126678,433
6834921,28.804,12.1571,454,100740,0.038096,0.01,1,127144,126690,454
6837841,23.3608,28.0314,444,100740,0.0316192,0.05,1,127166,126722,444
6840761,23.0722,23.2063,445,100740,0.0303238,0.05,1,127189,126744,445
6843681,18.2144,23.8413,438,100740,0.0300648,0.09,1,127206,126768,438
6846601,5.24289,16.7683,425,100740,0.030013,0.05,1,127208,126783,425
6849521,10.6486,15.3537,422,100740,0.0620026,0,1,127220,126798,422
6852441,14.9297,13.4707,425,102200,0.0524005,0.07,1,127236,126811,425
6855361,10.9859,10.6941,425,102200,0.0504801,0.05,1,127246,126821,425
6858281,17.3972,19.7388,422,102200,0.066096,0.03,1,127265,126843,422
6861201,33.0794,32.7478,423,102200,0.0212192,0,1,127302,126879,423
6864121,21.8159,21.7496,423,102200,0.0442438,0.03,1,127321,126898,423
6867041,16.3632,15.5499,424,102200,0.0328488,0.07,1,127336,126912,424
6869961,16.8726,15.11,426,102200,0.0785698,0.07,1,127353,126927,426
6872881,14.5745,15.022,425,102200,0.0557139,0.07,1,127367,126942,425
6875801,7.71491,7.8044,425,102200,0.0831428,0.07,1,127373,126948,425
6878721,9.54298,9.56088,425,102200,0.0566286,0.07,1,127383,126958,425
6881641,11.5086,11.5122,425,103660,0.115326,0.07,1,127395,126970,425
6884561,15.1017,13.5024,427,103660,0.0950651,0.11,1,127411,126984,427
6887481,11.8203,10.7005,428,103660,0.171013,0.13,1,127422,126994,428
6890401,11.9641,11.7401,428,103660,0.234203,0.15,1,127434,127006,428
6893321,6.39281,6.34802,428,103660,0.230841,0.17,1,127439,127011,428
6896241,7.67856,7.6696,428,103660,0.246168,0.17,1,127447,127019,428
6899161,6.33571,1.53392,434,103660,0.249234,0.15,1,127453,127019,434
6902081,2.86714,5.90678,429,103660,0.281847,0.11,1,127455,127026,429
6905001,2.17343,2.78136,429,103660,0.256369,0.17,1,127457,127028,429
6907921,2.03469,2.15627,429,103660,0.251274,0.17,1,127459,127030,429
6910841,2.00694,2.03125,429,103660,0.250255,0.13,1,127461,127032,429
6913761,16.4014,2.00625,447,103660,0.250051,0.13,1,127481,127034,447
6916681,6.48028,16.4013,431,103660,0.25001,0.13,1,127485,127054,431
6919601,4.49606,6.48025,431,103660,0.250002,0.13,1,127489,127058,431
6922521,7.29921,4.49605,435,103660,0.25,0.13,1,127497,127062,435
6925441,12.6598,10.4992,437,103660,0.282,0.07,1,127511,127074,437
6928361,12.132,12.4998,436,103660,0.2884,0.07,1,127523,127087,436
6931281,9.62639,12.1,433,103660,0.27368,0.07,1,127532,127099,433
6934201,29.9253,12.02,456,105120,0.222736,0.03,1,127567,127111,456
6937121,21.9851,28.804,443,105120,0.212547,0.03,1,127587,127144,443
6940041,22.797,23.3608,444,105120,0.162509,0.03,1,127610,127166,444
6942961,18.9594,23.0722,439,105120,0.152502,0.03,1,127628,127189,439
6945881,5.39188,18.2144,424,105120,0.1505,0.03,1,127630,127206,424
6948801,10.6784,5.24289,434,105120,0.1661,0.07,1,127642,127208,434
6951721,3.73568,10.6486,424,105120,0.16922,0.05,1,127644,127220,424
6954641,13.5471,14.9297,424,105120,0.169844,0.05,1,127660,127236,424
6957561,10.7094,10.9859,424,106580,0.233969,0.07,1,127670,127246,424
6960481,15.7419,17.3972,422,106580,0.294794,0.01,1,127687,127265,422
6963401,32.7484,33.0794,422,106580,0.290959,0.05,1,127724,127302,422
6966321,21.7497,21.8159,422,106580,0.242192,0.03,1,127743,127321,422
6969241,18.7499,16.3632,425,106580,0.232438,0.09,1,127761,127336,425
6972161,16.55,16.8726,424,106580,0.246488,0.05,1,127777,127353,424
6975081,14.51,14.5745,424,106580,0.281298,0.09,1,127791,127367,424
6978001,7.702,7.71491,424,106580,0.27226,0.05,1,127797,127373,424
6980921,9.5404,9.54298,424,106580,0.270452,0.05,1,127807,127383,424
6983841,12.3081,1.9086,437,106580,0.25409,0.13,1,127820,127383,437
6986761,18.4616,9.98172,445,106580,0.330818,0.09,1,127840,127395,445
6989681,14.0923,14.7963,442,106580,0.426164,0.19,1,127853,127411,442
6992601,13.2185,11.7593,444,106580,0.397233,0.25,1,127866,127422,444
6995521,7.44369,11.9519,438,106580,0.391447,0.23,1,127872,127434,438
6998441,7.88874,6.39037,441,106580,0.390289,0.25,1,127880,127439,441
7001361,6.37775,7.67807,439,106580,0.390058,0.25,1,127886,127447,439
7004281,2.87555,6.33561,435,108040,0.406012,0.29,1,127888,127453,435
7007201,2.17511,2.86712,435,108040,0.409202,0.25,1,127890,127455,435
7010121,2.03502,2.17342,435,108040,0.40984,0.25,1,127892,127457,435
7013041,2.007,2.03468,435,108040,0.409968,0.25,1,127894,127459,435
7015961,16.4014,2.00694,453,108040,0.441994,0.25,1,127914,127461,453
7018881,6.48028,16.4014,437,108040,0.448399,0.25,1,127918,127481,437
7021801,4.49606,6.48028,437,108040,0.44968,0.25,1,127922,127485,437
7024721,8.09921,4.49606,442,108040,0.465936,0.25,1,127931,127489,442
7027641,13.6198,7.29921,449,108040,0.485187,0.29,1,127946,127497,449
7030561,12.324,12.6598,447,108040,0.521037,0.29,1,127958,127511,447
7033481,8.86479,12.132,443,108040,0.528208,0.27,1,127966,127523,443
7036401,3.37296,9.62639,436,108040,0.529642,0.21,1,127968,127532,436
7039321,25.4746,29.9253,432,108040,0.561928,0.21,1,127999,127567,432
7042241,18.6949,21.9851,429,109500,0.600386,0.15,1,128016,127587,429
7045161,22.139,22.797,429,109500,0.592077,0.15,1,128039,127610,429
7048081,19.6278,18.9594,430,109500,0.606415,0.15,1,128058,127628,430
7051001,5.52556,5.39188,430,109500,0.609283,0.17,1,128060,127630,430
7053921,10.7051,10.6784,430,109500,0.609857,0.17,1,128072,127642,430
7056841,3.74102,3.73568,430,109500,0.609971,0.17,1,128074,127644,430
7059761,16.7482,13.5471,434,109500,0.641994,0.17,1,128094,127660,434
7062681,11.3496,2.70943,444,109500,0.728399,0.25,1,128104,127660,444
7065601,17.4699,8.54189,453,109500,0.76168,0.31,2,128123,127670,453
7068521,32.294,15.3084,472,109500,0.784336,0.29,2,128159,127687,472
7071441,19.2588,32.6617,451,109500,0.804867,0.23,2,128175,127724,451
7074361,19.0518,21.7323,451,110960,0.856973,0.23,2,128194,127743,451
7077281,16.6104,18.7465,449,110960,0.867395,0.25,2,128210,127761,449
7080201,15.3221,16.5493,448,110960,0.885479,0.29,2,128225,127777,448
7083121,7.86441,14.5099,440,110960,0.857096,0.27,2,128231,127791,440
7086041,9.57288,7.70197,444,110960,0.883419,0.27,2,128241,127797,444
7088961,11.5146,9.54039,446,110960,0.888684,0.25,2,128253,127807,446
7380961,108,134,439,62780,0.29,0.05,1,129853,129414,439
7396301,2,0,446,90520,0.39,0.49,1,130191,129745,446
7399221,2,0,448,91980,0.406,0.49,1,130193,129745,448
7402141,2,0,450,91980,0.4572,0.49,1,130195,129745,450
7405061,2,0,452,91980,0.43544,0.49,1,130197,129745,452
7407981,2,0,454,91980,0.399088,0.49,1,130199,129745,454
7410901,2,0,456,91980,0.391818,0.49,1,130201,129745,456
7413821,2,0,458,93440,0.406364,0.49,1,130203,129745,458
7416741,2,0,460,93440,0.409273,0.49,1,130205,129745,460
7419661,2,0,462,93440,0.409855,0.49,1,130207,129745,462
7422581,2,0,464,93440,0.409971,0.49,1,130209,129745,464
7425501,60.4,0,539,94900,0.569994,0.29,1,130284,129745,539
7428421,13.68,86.4,433,94900,0.601999,0.29,1,130286,129853,433
7431341,4.336,17.28,435,94900,0.6084,0.29,1,130288,129853,435
7434261,2.4672,3.456,437,94900,0.57768,0.29,1,130290,129853,437
7437181,2.09344,0.6912,439,94900,0.587536,0.29,1,130292,129853,439
7440101,2.01869,0.13824,441,96360,0.589507,0.29,1,130294,129853,441
7443021,2.00374,0.027648,443,96360,0.589901,0.29,1,130296,129853,443
7445941,2.00075,0.0055296,445,96360,0.58998,0.29,1,130298,129853,445
7448861,2.00015,0.00110592,447,96360,0.589996,0.29,1,130300,129853,447
7451781,2.00003,0.000221184,449,96360,0.589999,0.29,1,130302,129853,449
7454701,2.00001,4.42368e-05,451,96360,0.606,0.29,1,130304,129853,451
7457621,2,8.84735e-06,453,97820,0.6092,0.29,1,130306,129853,453
7460541,2,1.76947e-06,455,97820,0.60984,0.29,1,130308,129853,455
7463461,2,3.53894e-07,457,97820,0.609968,0.29,1,130310,129853,457
7466381,2,7.07788e-08,459,97820,0.609994,1,1,130312,129853,459
7469301,95.6,66.4,495,97820,0.801999,1,2,130431,129936,495
7472221,31.92,13.28,511,99280,0.8404,1,2,130447,129936,511
7475141,16.784,2.656,524,99280,0.86408,1,2,130460,129936,524
7478061,8.9568,13.3312,515,99280,0.836816,0.25,2,130467,129952,515
7797101,426,623,426,2920,0.11,0,1,133807,133381,426
7800021,425.2,465.4,425,5840,0.062,0.11,1,134232,133807,425
7802941,86.64,93.08,427,8760,0.0524,0.05,1,134234,133807,427
7805861,354.928,358.616,424,11680,0.06648,0.05,1,134656,134232,424
7808781,72.5856,71.7232,426,14600,0.037296,0.05,1,134658,134232,426
7811701,16.1171,15.9446,426,17520,0.0314592,0.05,1,134660,134234,426
7814621,4.82342,3.18893,428,20440,0.0302918,0.07,1,134662,134234,428
7817541,334.565,338.238,423,23360,0.142058,0.07,1,135079,134656,423
7820461,68.5129,67.6476,425,26280,0.132412,0.03,1,135081,134656,425
7823381,15.3026,15.1295,425,29200,0.130482,0.03,1,135083,134658,425
7826301,4.66052,3.0259,427,32120,0.130096,0.03,1,135085,134658,427
7829221,2.5321,2.20518,427,35040,0.162019,0.03,1,135087,134660,427
7832141,2.10642,0.441036,429,37960,0.136404,0.03,1,135089,134660,429
7835061,2.02128,1.68821,429,40880,0.163281,0.03,1,135091,134662,429
7837981,2.00426,0.337641,431,43800,0.200656,0.17,1,135093,134662,431
7840901,331.601,333.668,428,46720,0.464131,0.17,1,135507,135079,428
7843821,67.9202,66.7335,430,49640,0.484826,0.13,1,135509,135079,430
7846741,15.184,14.9467,430,49640,0.488965,0.13,1,135511,135081,430
7849661,4.63681,2.98934,432,49640,0.489793,0.13,1,135513,135081,432
7852581,2.52736,2.19787,432,49640,0.521959,0.13,1,135515,135083,432
7855501,2.10547,0.439574,434,49640,0.496392,0.13,1,135517,135083,434
7858421,2.02109,1.68791,434,49640,0.523278,0.13,1,135519,135085,434
7861341,2.00422,0.337583,436,49640,0.528656,0.17,1,135521,135085,436
7864261,2.00084,1.66752,436,51100,0.529731,0.17,1,135523,135087,436
7867181,2.00017,0.333503,438,51100,0.529946,0.13,1,135525,135087,438
7870101,2.00003,1.6667,438,51100,0.529989,0.13,1,135527,135089,438
7873021,2.00001,0.33334,440,51100,0.529998,0.17,1,135529,135089,440
7875941,2,1.66667,440,51100,0.53,0.17,1,135531,135091,440
7878861,2,0.333334,442,51100,0.546,0.21,1,135533,135091,442
7881781,2,1.66667,442,51100,0.5492,0.21,1,135535,135093,442
7884701,2,0.333333,444,51100,0.54984,0.53,1,135537,135093,444
7887621,333.2,331.267,446,51100,0.725968,0.53,1,135953,135507,446
7890541,68.24,66.2533,448,51100,0.729194,0.49,1,135955,135507,448
7893461,15.248,14.8507,448,52560,0.729839,0.49,1,135957,135509,448
7896381,4.6496,4.57013,448,52560,0.729968,0.49,1,135959,135511,448
7899301,2.52992,2.51403,448,52560,0.761994,0.53,2,135961,135513,448
7902221,2.10598,2.10281,448,52560,0.736399,0.49,1,135963,135515,448
7905141,2.0212,2.02056,448,52560,0.73128,0.53,1,135965,135517,448
7908061,2.00424,2.00411,448,52560,0.746256,0.53,1,135967,135519,448
7910981,2.00085,2.00082,448,52560,0.749251,0.53,1,135969,135521,448
7913901,2.00017,0.400164,450,52560,0.74985,0.53,1,135971,135521,450
7916821,2.00003,1.68003,450,52560,0.74997,0.53,1,135973,135523,450
7919741,2.00001,1.93601,450,52560,0.749994,0.53,1,135975,135525,450
7922661,2,1.9872,450,54020,0.749999,0.53,1,135977,135527,450
7925581,2,1.99744,450,54020,0.75,0.53,1,135979,135529,450
7928501,2,1.99949,450,54020,0.75,0.55,1,135981,135531,450
7931421,2,1.9999,450,54020,0.75,0.55,1,135983,135533,450
7934341,2,1.99998,450,54020,0.75,0.55,1,135985,135535,450
7935801,161.2,2,649,54020,0.862,0.77,2,136186,135537,649
8334381,364,403,447,36500,0.21,0.03,1,140336,139889,447
8373801,313.6,336.6,428,30932,0.242,0.12,1,140637,140209,428
8376721,100.32,91.32,445,30083,0.1044,0.07,1,140684,140239,445
8379641,32.064,43.864,428,28386,0.02888,0.05,1,140699,140271,428
8382561,16.8128,19.9728,427,26280,0.013776,0.03,1,140712,140285,427
8385481,12.1626,13.5946,426,26280,0.0267552,0.01,1,140723,140297,426
8388401,21.6325,13.1189,437,26280,0.029351,0.15,1,140747,140310,437
8391321,17.1265,16.2238,436,26280,0.0298702,0.21,1,140763,140327,436
8394241,5.0253,10.4448,429,26280,0.045974,0.17,1,140765,140336,429
8397161,5.00506,6.88895,428,26280,0.0491948,0.15,1,140770,140342,428
8400081,28.201,8.57779,453,27740,0.033839,0.09,1,140804,140351,453
8401541,180.04,40.9156,622,27740,0.0307678,0.25,1,141022,140400,622
8404461,68.808,186.583,440,29200,0.0941536,0.07,1,141063,140623,440
8407381,59.3616,86.1166,436,29200,0.0428307,0.01,1,141120,140684,436
8410301,31.0723,39.6233,432,29200,0.0325661,0.03,1,141144,140712,432
8413221,26.2145,16.7247,446,29200,0.0785132,0.03,1,141169,140723,446
8416141,18.0429,22.5449,438,29200,0.103703,0.03,1,141185,140747,438
8419061,5.20858,17.309,424,30660,0.108741,0.05,1,141187,140763,424
8421981,5.04172,5.0618,427,30660,0.0937481,0.05,1,141192,140765,427
8424901,2.60834,5.01236,424,30660,0.0907496,0.03,1,141194,140770,424
8427821,26.1217,28.2025,422,30660,0.0741499,0.03,1,141226,140804,422
8430741,179.624,180.041,422,30660,0.02283,0.11,1,141444,141022,422
8433661,73.5249,68.8081,428,30660,0.076566,0.03,1,141491,141063,428
8436581,57.905,59.3616,425,30660,0.135313,0.03,1,141545,141120,425
8439501,28.381,31.0723,422,30660,0.179063,0.09,1,141566,141144,422
8442421,29.6762,26.2145,427,30660,0.139813,0.11,1,141596,141169,427
8445341,18.7352,18.0429,427,30660,0.131963,0.11,1,141612,141185,427
8448261,5.34705,3.60858,429,30660,0.146392,0.11,1,141614,141185,429
8451181,4.26941,2.32172,431,32120,0.149278,0.09,1,141618,141187,431
8454101,2.45388,4.46434,428,32120,0.181856,0.09,1,141620,141192,428
8457021,22.8908,2.49287,454,32120,0.220371,0.07,1,141648,141194,454
8604481,20,28,476,33580,0.88,1,2,143972,143496,476
8607401,19.2,21.6,475,33580,0.88,1,2,143991,143516,475
8610321,24.64,19.52,482,33580,0.872,1,2,144017,143535,482
8613241,32.128,18.304,498,33580,0.8864,1,2,144051,143553,498
8616161,119.226,134.861,475,33580,0.17728,1,1,144192,143717,475
8619081,40.6451,47.7722,470,33580,0.107456,0.87,1,144213,143743,470
8622001,69.729,74.3544,466,35040,0.0214912,1,1,144290,143824,466
8624921,45.9458,45.2709,468,35040,0.804298,1,2,144330,143862,468
8712521,17,20,492,43800,0.95,1,2,145435,144943,492
8715441,21.8,18.4,497,43800,0.87,1,2,145458,144961,497
8718361,18.76,18.08,497,43800,0.87,1,2,145476,144979,497
8721281,21.352,26.016,491,43800,0.894,1,2,145498,145007,491
8744641,69,18,545,46720,0.39,1,1,145836,145291,545
8747561,15.4,62,474,48180,0.406,0.95,1,145838,145364,474
8750481,18.28,28.4,473,48180,0.4732,0.95,1,145857,145384,473
8753401,26.856,32.88,468,48180,0.48664,0.95,1,145886,145418,468
8756321,14.9712,20.176,463,48180,0.409328,0.85,1,145898,145435,463
8759241,22.1942,22.4352,464,49640,0.393866,0.87,1,145922,145458,464
8881881,38,25,516,73000,0.63,1,1,147059,146543,516
8884801,19.6,41,486,73000,0.654,1,1,147074,146588,486
8887721,18.32,20.2,489,74460,0.6348,1,1,147092,146603,489
8890641,18.864,19.24,489,74460,0.59096,1,1,147111,146622,489
8893561,24.5728,20.648,494,74460,0.630192,1,1,147137,146643,494
8896481,14.5146,4.1296,506,75920,0.662038,1,1,147149,146643,506
8899401,28.5029,15.2259,520,75920,0.628408,1,1,147181,146661,520
8919841,21,21,501,80300,0.89,1,2,147303,146802,501
8951961,2,34,459,87600,0.67,0.63,1,147480,147021,459
8972401,11,12,453,91980,0.79,0.62,2,147602,147149,453
9141761,11,29,513,84680,0.25,1,1,148988,148475,513
9146141,46.2,69.8,488,84680,0.186,1,1,149043,148555,488
9165121,15.64,28.36,478,84680,0.2052,1,1,149051,148573,478
9168041,75.128,75.272,481,84680,0.09704,1,1,149141,148660,481
9184101,20.6256,21.4544,480,84680,0.091408,0.88,1,149148,148668,480
9197241,28.9251,42.6909,463,84680,0.106282,0.77,1,149179,148716,463
9200161,34.585,42.1382,457,75440,0.0212563,0.7,1,149215,148758,457
9206001,17.317,19.6276,456,74460,0.0202513,0.6,1,149228,148772,456
9219141,17.0634,23.1255,449,72520,0.0280503,0.43,1,149245,148796,449
9222061,49.8127,59.0251,439,61320,0.0296101,0.37,1,149303,148864,439
9224981,17.9625,22.205,436,62300,0.013922,0.31,1,149313,148877,436
9230821,13.1925,14.041,436,61320,0.0267844,0.23,1,149325,148889,436
9236661,25.8385,31.6082,429,59380,0.0293569,0.2,1,149354,148925,429
9238321,20.3677,23.1216,427,84680,0.301871,0.25,1,149373,148946,427
9241241,16.0735,10.2243,435,86140,0.356374,0.25,1,149388,148953,435
9244161,4.81471,2.04487,437,86140,0.367275,0.12,1,149390,148953,437
9247081,2.56294,0.408973,439,86140,0.369455,0.11,1,149392,148953,439
9250001,9.31259,4.08179,445,86140,0.433891,0.3,1,149403,148958,445
9252921,7.46252,16.0164,433,87600,0.398778,0.25,1,149410,148977,433
9255841,8.6925,12.0033,431,87600,0.423756,0.25,1,149419,148988,431
9258081,3.3385,2.40065,433,87600,0.428751,0.17,1,149421,148988,433
9278521,47,31,470,90520,0.55,0.02,1,149649,149179,470
9281441,69.4,45.4,496,90520,0.406,0.03,1,149724,149228,496
9284361,31.48,69.08,443,91980,0.3132,0.03,1,149746,149303,443
9287281,31.096,31.416,452,91980,0.32664,0.03,1,149777,149325,452
9290201,7.8192,29.4832,425,91980,0.329328,0.03,1,149779,149354,425
9293121,3.16384,5.89664,427,93440,0.361866,0.03,1,149781,149354,427
9296041,2.23277,1.17933,429,93440,0.368373,0.03,1,149783,149354,429
9298961,2.04655,0.235866,431,93440,0.369675,0.03,1,149785,149354,431
9301881,2.00931,0.0471731,433,93440,0.369935,0.03,1,149787,149354,433
9304801,2.00186,0.00943462,435,94900,0.369987,0.03,1,149789,149354,435
9307721,2.00037,0.00188692,437,94900,0.385997,0.03,1,149791,149354,437
9310641,2.00007,0.000377385,439,94900,0.389199,0.03,1,149793,149354,439
9313561,2.00001,7.5477e-05,441,94900,0.38984,0.03,1,149795,149354,441
9316481,12.4,1.50954e-05,456,96360,0.453968,0.37,1,149810,149354,456
9319401,4.08,15.2,439,96360,0.434794,0.37,1,149812,149373,439
9322321,13.616,15.04,440,96360,0.414959,0.37,1,149828,149388,440
9325241,4.3232,3.008,442,96360,0.378992,0.37,1,149830,149388,442
9328161,2.46464,2.2016,442,96360,0.339798,0.37,1,149832,149390,442
9331081,2.09293,0.44032,444,96360,0.29996,0.37,1,149834,149390,444
9334001,8.41859,1.68806,452,97820,0.259992,0.45,1,149844,149392,452
9336921,3.28372,9.13761,443,97820,0.267998,0.39,1,149846,149403,443
9339841,5.45674,7.42752,442,97820,0.2696,0.43,1,149852,149410,442
9342761,10.6913,8.6855,445,97820,0.26992,0.43,1,149864,149419,445
9345681,3.73827,3.3371,445,97820,0.285984,1,1,149866,149421,445
9348601,71.1477,48.6674,473,99280,0.401197,1,1,149954,149481,473
9351521,15.8295,9.73348,475,99280,0.440239,1,1,149956,149481,475
9354441,4.76591,3.5467,475,99280,0.416048,1,1,149958,149483,475
9357361,5.75318,2.30934,479,99280,0.41121,1,1,149964,149485,479
9360281,3.55064,2.06187,480,99280,0.426242,0.97,1,149967,149487,480
9363201,58.3101,64.4124,472,99280,0.445248,0.75,1,150039,149567,472
9366121,30.062,40.8825,460,100740,0.48105,0.55,1,150062,149602,460
9369041,31.6124,45.7765,445,100740,0.52021,0.37,1,150094,149649,445
9371961,61.5225,69.1553,439,100740,0.624042,0.37,1,150163,149724,439
9374881,28.3045,13.8311,459,102200,0.676808,0.29,1,150183,149724,459
9377801,32.0609,20.3662,470,102200,0.671362,0.33,1,150216,149746,470
9380721,8.01218,28.8732,441,102200,0.686272,0.33,1,150218,149777,441
9383641,3.20244,7.37465,441,102200,0.705254,0.37,1,150220,149779,441
9386561,2.24049,3.07493,441,102200,0.709051,0.37,1,150222,149781,441
9389481,2.0481,2.21499,441,102200,0.70981,0.37,1,150224,149783,441
9392401,2.00962,2.043,441,103660,0.709962,0.37,1,150226,149785,441
9395321,2.00192,2.0086,441,103660,0.709992,0.37,1,150228,149787,441
9398241,2.00038,0.40172,443,103660,0.709998,0.37,1,150230,149787,443
9401161,2.00008,1.68034,443,103660,0.71,0.39,1,150232,149789,443
9404081,2.00002,1.93607,443,103660,0.71,0.39,1,150234,149791,443
9407001,2,1.98721,443,105120,0.726,0.39,1,150236,149793,443
9409921,2,1.99744,443,105120,0.7292,0.47,1,150238,149795,443
9412841,11.6,12.3995,442,105120,0.74584,0.43,1,150252,149810,442
9415761,3.92,4.0799,442,105120,0.765168,0.41,2,150254,149812,442
9418681,7.184,13.616,434,105120,0.753034,0.37,2,150262,149828,434
9421601,3.0368,4.3232,434,105120,0.750607,0.33,2,150264,149830,434
9424521,2.20736,2.46464,434,105120,0.782121,0.29,2,150266,149832,434
9427441,2.04147,2.09293,434,106580,0.788424,0.29,2,150268,149834,434
9430361,8.40829,0.418586,444,106580,0.773685,0.25,2,150278,149834,444
9433281,3.28166,8.08372,436,106580,0.770737,0.27,2,150280,149844,436
9436201,3.85633,3.21674,438,106580,0.770147,0.27,2,150284,149846,438
9439121,15.1713,5.44335,450,106580,0.802029,0.27,2,150302,149852,450
9442041,4.63425,10.6887,440,106580,0.808406,0.29,2,150304,149864,440
9444961,2.52685,3.73773,440,106580,0.809681,0.43,2,150306,149866,440
9447881,72.5054,71.1475,442,106580,0.857936,0.45,2,150396,149954,442
9450801,16.1011,15.8295,442,108040,0.867587,0.41,2,150398,149956,442
9453721,4.82021,4.7659,442,108040,0.869517,0.41,2,150400,149958,442
9456641,7.36404,5.75318,444,108040,0.901904,0.43,2,150408,149964,444
9459561,3.07281,3.55064,443,108040,0.908381,0.45,2,150410,149967,443
9774361,18,4,471,86140,0.68,0.41,1,152314,151843,471
9777281,45.2,67.2,440,86140,0.784,0.41,2,152366,151926,440
9780201,10.64,13.44,442,86140,0.8528,0.41,2,152368,151926,442
9783121,3.728,2.688,444,86140,0.86656,0.41,2,152370,151926,444
9786041,2.3456,0.5376,446,86140,0.901312,0.41,2,152372,151926,446
9788961,2.06912,0.10752,448,87600,0.908262,0.41,2,152374,151926,448
9791881,2.01382,0.021504,450,87600,0.893652,0.41,2,152376,151926,450
9794801,2.00276,0.0043008,452,87600,0.890731,0.41,2,152378,151926,452
9797721,2.00055,0.00086016,454,87600,0.890146,0.41,2,152380,151926,454
9800641,2.00011,0.000172032,456,87600,0.890029,0.41,2,152382,151926,456
9803561,2.00002,3.44064e-05,458,87600,0.906006,0.91,2,152384,151926,458
10119461,16,0,499,61393,0.81,1,2,154724,154225,499
10122381,18.4,31.2,479,59948,0.794,1,2,154743,154264,479
10125301,22.88,23.04,482,58502,0.7588,1,2,154767,154285,482
10128221,30.176,23.808,490,57057,0.86376,1,2,154799,154309,490
10131141,20.4352,22.3616,486,55611,0.900752,1,2,154817,154331,486
10134061,25.687,30.0723,481,54166,0.84415,1,2,154844,154363,481
10326781,25,32,468,39420,0.35,0.59,1,156641,156173,468
10329701,43.4,35.2,480,40880,0.382,0.33,1,156689,156209,480
10332621,50.28,66.24,458,40880,0.3884,0.27,1,156741,156283,458
10335541,36.456,42.848,454,40880,0.42168,0.03,1,156774,156320,454
10338461,41.6912,42.9696,454,40880,0.412336,0.03,1,156817,156363,454
10341381,49.9382,44.5939,461,40880,0.378467,0.05,1,156869,156408,461
10344301,56.3876,46.5188,472,40880,0.435693,0.03,1,156927,156455,472
10347221,28.8775,56.5038,435,42340,0.527139,0.11,1,156949,156514,435
10350141,22.5755,27.3008,436,42340,0.609428,0.19,1,156970,156534,436
10353061,20.5151,15.8602,443,42340,0.657886,0.15,1,156990,156547,443
10355981,12.903,20.772,432,42340,0.699577,0.17,1,157001,156569,432
10358901,16.9806,16.1544,435,42340,0.739915,0.31,1,157019,156584,435
10361821,30.5961,28.8309,437,42340,0.811983,0.31,2,157053,156616,437
10364741,25.3192,5.76618,461,42340,0.826397,0.35,2,157077,156616,461
10367661,6.66384,21.1532,438,42340,0.829279,0.39,2,157079,156641,438
10370581,43.7328,42.6306,443,42340,0.909856,0.39,2,157132,156689,443
10493221,19,43,501,45260,0.73,1,1,158496,157995,501
10496141,22.2,27,501,45260,0.666,1,1,158519,158018,501
10499061,32.44,22.2,515,45260,0.6212,1,1,158554,158039,515
10501981,40.088,38.04,515,45260,0.50024,1,1,158596,158081,515
10504901,41.6176,42.008,514,45260,0.444048,1,1,158638,158124,514
10507821,39.5235,48.4016,503,45260,0.46481,1,1,158677,158174,503
10510741,27.9047,28.0803,505,45260,0.404962,1,1,158702,158197,505
10513661,23.9809,26.4161,502,45260,0.360992,1,1,158725,158223,502
10516581,56.7962,27.6832,539,45260,0.320198,1,1,158790,158251,539
10519501,32.9592,52.7366,507,45260,0.32004,0.98,1,158817,158310,507
10522421,32.9918,34.5473,510,45260,0.312008,1,1,158850,158340,510
10525341,20.1984,38.1095,488,45260,0.326402,0.99,1,158867,158379,488
10528261,18.4397,24.4219,485,45260,0.32928,0.93,1,158885,158400,485
10531181,14.8879,20.8844,479,45260,0.361856,0.89,1,158899,158420,479
10534101,27.7776,18.5769,492,45260,0.368371,0.73,1,158930,158438,492
10537021,20.7555,34.9154,472,45260,0.385674,0.73,1,158949,158477,472
10539941,20.1511,22.1831,473,45260,0.389135,0.65,1,158969,158496,473
10542861,30.4302,22.8366,483,45260,0.421827,0.61,1,159002,158519,483
10545781,36.486,32.5673,486,45260,0.412365,0.47,1,159040,158554,486
10548701,37.6972,40.1135,482,45260,0.410473,0.43,1,159078,158596,482
10551621,40.3394,41.6227,481,45260,0.474095,0.47,1,159119,158638,481
10554541,27.2679,39.5245,466,45260,0.470819,0.39,1,159143,158677,466
10557461,24.6536,27.9049,465,45260,0.502164,0.35,1,159167,158702,465
10560381,52.1307,23.981,501,45260,0.588433,0.31,1,159226,158725,501
10563301,32.8261,56.7962,464,45260,0.637687,0.32,1,159254,158790,464
10566221,32.9652,32.9592,470,45260,0.695537,0.31,1,159287,158817,470
10569141,20.993,32.9918,455,45260,0.771107,0.33,2,159305,158850,455
10572061,17.7986,20.1984,455,45260,0.754221,0.33,2,159322,158867,455
10574981,16.3597,18.4397,453,45260,0.798844,0.37,2,159338,158885,453
10577901,27.2719,14.8879,469,45260,0.791769,0.37,2,159368,158899,469
10580821,23.8544,27.7776,461,45260,0.854354,0.39,2,159391,158930,461
10583741,19.9709,20.7555,461,45260,0.866871,0.39,2,159410,158949,461
10732661,54,25,524,52560,0.89,1,2,160999,160475,524
10735581,31.6,44.2,501,52560,0.874,1,2,161025,160524,501
10738501,28.72,28.04,505,52560,0.8388,1,2,161053,160548,505
10741421,51.344,25.608,537,52560,0.76776,1,2,161110,160573,537
10744341,26.2688,57.9216,491,54020,0.705552,1,1,161130,160639,491
10747261,24.4538,31.5843,490,54020,0.66111,1,1,161154,160664,490
10750181,23.2908,27.9169,486,54020,0.588222,1,1,161177,160691,486
10753101,22.2582,28.7834,479,54020,0.525644,1,1,161199,160720,479
10756021,25.2516,27.3567,478,54020,0.465129,1,1,161225,160747,478
10758941,29.0503,22.2713,487,54020,0.469026,1,1,161255,160768,487
10761861,18.6101,25.2543,477,54020,0.469805,1,1,161271,160794,477
10764781,20.522,5.05085,498,54020,0.453961,1,1,161292,160794,498
10767701,19.3044,20.2102,493,54020,0.498792,1,1,161311,160818,493
10770621,23.0609,20.842,496,55480,0.491758,1,1,161335,160839,496
10773541,24.6122,26.5684,493,55480,0.474352,0.97,1,161360,160867,493
10776461,21.7224,26.1137,488,55480,0.53487,0.89,1,161381,160893,488
10779381,24.3445,26.8227,486,55480,0.466974,0.83,1,161406,160920,486
10782301,6.4689,25.3645,463,55480,0.453395,0.89,1,161408,160945,463
10785221,44.4938,48.2729,463,55480,0.658679,0.87,1,161462,160999,463
10788141,31.2988,30.4546,465,55480,0.827736,0.83,2,161490,161025,465
10925381,25,38,464,45260,0.51,0.95,1,162909,162445,464
10937061,205,202.8,470,45260,0.35,0.83,1,163159,162689,470
10941441,107.4,114.96,460,45260,0.382,0.79,1,163242,162782,460
10979401,39.08,43.792,456,45260,0.3244,0.71,1,163264,162808,456
10982321,21.416,17.5584,462,46720,0.42488,0.73,1,163281,162819,462
10985241,5.8832,12.3117,453,48180,0.460976,0.73,1,163283,162830,453
10988161,11.5766,2.46234,466,49640,0.436195,0.71,1,163296,162830,466
10991081,16.7153,14.8925,466,51100,0.447239,0.65,1,163314,162848,466
10994001,19.3431,22.9785,461,51100,0.481448,0.59,1,163334,162873,461
10996921,21.4686,23.7957,459,51100,0.48829,0.47,1,163356,162897,459
10999841,68.2937,29.5591,508,51100,0.233658,0.33,1,163436,162928,508
11002761,43.2587,73.1118,461,51100,0.0467316,0.29,1,163473,163012,461
11005681,47.0517,45.8224,470,51100,0.0493463,0.37,1,163521,163051,470
11008601,30.2104,39.5645,458,52560,0.0498693,0.31,1,163547,163089,458
11011521,44.4421,32.7129,475,52560,0.0339739,0.31,1,163595,163120,475
11014441,29.6884,46.5426,451,52560,0.0147948,0.39,1,163621,163170,451
11017361,21.9377,25.3085,451,52560,0.026959,0.32,1,163641,163190,451
11020281,27.5875,25.8617,454,54020,0.0773918,0.39,1,163670,163216,454
11023201,23.1175,25.9723,450,54020,0.0394784,0.31,1,163692,163242,450
11026121,15.0235,22.7945,441,54020,0.0478957,0.45,1,163705,163264,441
11029041,17.4047,18.1589,442,54020,0.0655791,0.45,1,163723,163281,442
11031961,5.08094,3.63178,444,54020,0.0371158,0.47,1,163725,163281,444
11034881,2.61619,2.32636,444,55480,0.0314232,0.43,1,163727,163283,444
11037801,10.9232,10.8653,444,55480,0.0782846,0.43,1,163740,163296,444
11040721,14.1846,2.17305,459,55480,0.0396569,0.45,1,163755,163296,459
11043641,20.4369,14.8346,463,55480,0.103931,0.49,1,163777,163314,463
11046561,26.4874,18.9669,471,55480,0.108786,0.49,1,163805,163334,471
11049481,48.4975,21.3934,503,55480,0.141757,0.17,1,163859,163356,503
11052401,38.4995,68.2787,459,56940,0.196351,0,1,163895,163436,459
11055321,46.8999,43.2557,471,56940,0.0392703,0.05,1,163944,163473,471
11058241,10.98,47.0511,425,56940,0.00785406,0.05,1,163946,163521,425
11061161,22.196,30.2102,424,56940,0.0415708,0.03,1,163971,163547,424
11064081,41.2392,44.442,422,56940,0.0483142,0.01,1,164017,163595,422
11067001,29.0478,29.6884,422,56940,0.0176628,0.03,1,164043,163621,422
11069921,22.6096,21.9377,423,58400,0.0435326,0.03,1,164064,163641,423
11072841,27.7219,4.38754,452,58400,0.0327065,0.09,1,164093,163641,452
11075761,23.9444,24.0775,446,58400,0.0305413,0.03,1,164116,163670,446
11078681,12.7889,22.4155,434,58400,0.0301083,0.05,1,164126,163692,434
11081601,16.9578,14.8831,439,58400,0.0460217,0.07,1,164144,163705,439
11084521,4.99155,17.3766,423,58400,0.0492043,0.03,1,164146,163723,423
11087441,2.59831,5.07532,423,58400,0.0178409,0.03,1,164148,163725,423
11090361,2.11966,2.61506,423,58400,0.0435682,0.09,1,164150,163727,423
11093281,11.6239,10.923,424,59860,0.0647136,0.03,1,164164,163740,424
11096201,13.5248,14.1846,423,59860,0.0689427,0.12,1,164178,163755,423
11099121,21.905,20.4369,425,59860,0.117789,0.11,1,164202,163777,425
11102041,29.181,26.4874,428,59860,0.127558,0.15,1,164233,163805,428
11104961,52.2362,48.4975,432,59860,0.0975115,0.15,1,164291,163859,432
11107881,35.2472,9.69949,463,59860,0.0755023,0.21,1,164322,163859,463
11110801,42.2494,30.7399,471,59860,0.0551005,0,1,164366,163895,471
11113721,10.0499,45.348,424,59860,0.0190201,0,1,164368,163944,424
11116641,21.21,10.6696,446,59860,0.027804,0.05,1,164392,163946,446
11119561,41.042,22.1339,467,61320,0.0295608,0.05,1,164438,163971,467
11122481,29.8084,41.2268,448,61320,0.0139122,0.01,1,164465,164017,448
11125401,7.56168,29.0454,424,61320,0.0427824,0.05,1,164467,164043,424
11128321,18.3123,22.6091,424,61320,0.0645565,0.03,1,164488,164064,424
11131241,26.0625,27.7218,423,61320,0.132911,0.03,1,164516,164093,423
11134161,23.6125,23.9444,423,61320,0.130582,0.03,1,164539,164116,423
11137081,13.5225,12.7889,424,61320,0.114116,0.05,1,164550,164126,424
11140001,15.5045,16.9578,422,61320,0.158823,0.05,1,164566,164144,422
11142921,4.7009,4.99155,422,61320,0.167765,0.01,1,164568,164146,422
11145841,2.54018,2.59831,422,61320,0.169553,0.05,1,164570,164148,422
11148761,2.10804,2.11966,422,62780,0.137911,0.05,1,164572,164150,422
11151681,11.6216,0.423932,436,62780,0.147582,0.07,1,164586,164150,436
11154601,14.3243,11.2848,437,62780,0.133516,0.07,1,164601,164164,437
11157521,23.6649,13.457,449,62780,0.146703,0.13,1,164627,164178,449
11160441,29.533,21.8914,456,62780,0.133341,0.13,1,164658,164202,456
11163361,50.7066,29.1783,481,62780,0.146668,0.09,1,164714,164233,481
11166281,35.7413,52.2357,455,62780,0.181334,0.07,1,164746,164291,455
11169201,39.9483,35.2471,465,62780,0.204267,0.05,1,164787,164322,465
11172121,9.58965,42.2494,423,62780,0.208853,0.01,1,164789,164366,423
11175041,21.9179,10.0499,446,62780,0.145771,0.03,1,164814,164368,446
11177961,5.98359,21.21,424,62780,0.133154,0.03,1,164816,164392,424
11180881,37.1967,41.042,423,64240,0.130631,0.01,1,164861,164438,423
11183801,29.8393,29.8084,424,64240,0.0661262,0.05,1,164889,164465,424
11186721,7.56787,7.56168,424,64240,0.0532252,0.07,1,164891,164467,424
11189641,19.9136,18.3123,426,64240,0.066645,0.15,1,164914,164488,426
11192561,27.1827,26.0625,427,64240,0.101329,0.13,1,164943,164516,427
11195481,23.0365,23.6125,426,64240,0.108266,0.11,1,164965,164539,426
11198401,14.2073,13.5225,427,64240,0.0776532,0.17,1,164977,164550,427
11201321,16.4415,15.5045,428,64240,0.0875306,0.17,1,164994,164566,428
11204241,4.88829,4.7009,428,64240,0.0575061,0.17,1,164996,164568,428
11207161,2.57766,2.54018,428,64240,0.0835012,0.17,1,164998,164570,428
11210081,2.11553,0.508036,430,64240,0.0567002,0.13,1,165000,164570,430
11213001,11.6231,1.70161,442,64240,0.05134,0.15,1,165014,164572,442
11215921,13.5246,11.5403,442,64240,0.050268,0.13,1,165028,164586,442
11218841,24.3049,14.3081,454,64240,0.0660536,0.15,1,165055,164601,454
11221761,28.861,23.6616,458,64240,0.0692107,0.13,1,165085,164627,458
11224681,51.3722,29.5323,484,64240,0.117842,0.15,1,165142,164658,484
11227601,37.4744,50.7065,462,64240,0.191568,0.19,1,165176,164714,462
11230521,37.8949,35.7413,468,64240,0.206314,0.21,1,165214,164746,468
11233441,9.17898,39.9483,429,64240,0.209263,0.21,1,165216,164787,429
11236361,21.8358,9.58965,452,64240,0.193853,0.13,1,165241,164789,452
11239281,5.96716,21.9179,429,64240,0.190771,0.13,1,165243,164814,429
11242201,2.79343,5.98359,429,64240,0.190154,0.13,1,165245,164816,429
11245121,34.1587,37.1967,426,65700,0.206031,0.05,1,165287,164861,426
11248041,27.6317,29.8393,424,65700,0.209206,0.05,1,165313,164889,424
11250961,7.12635,7.56787,424,65700,0.209841,0.07,1,165315,164891,424
11253881,20.6253,19.9136,425,65700,0.241968,0.11,1,165339,164914,425
11256801,27.3251,27.1827,425,65700,0.248394,0.11,1,165368,164943,425
11259721,23.065,23.0365,425,65700,0.249679,0.07,1,165390,164965,425
11262641,14.213,14.2073,425,65700,0.217936,0.09,1,165402,164977,425
11265561,15.6426,16.4415,424,65700,0.243587,0.05,1,165418,164994,424
11268481,4.72852,4.88829,424,65700,0.216717,0.09,1,165420,164996,424
11271401,2.5457,2.57766,424,65700,0.243343,0.05,1,165422,164998,424
11274321,2.10914,2.11553,424,65700,0.216669,0.05,1,165424,165000,424
11277241,11.6218,11.6231,424,65700,0.243334,0.05,1,165438,165014,424
11280161,13.5244,13.5246,424,65700,0.248667,0.07,1,165452,165028,424
11283081,25.1049,24.3049,425,65700,0.249733,0.07,1,165480,165055,425
11286001,29.021,28.861,425,65700,0.249947,0.13,1,165510,165085,425
11288921,53.8042,51.3722,428,65700,0.297989,0.21,1,165570,165142,428
11291841,41.1608,37.4744,432,65700,0.403598,0.21,1,165608,165176,432
11294761,38.6322,37.8949,432,65700,0.45672,0.21,1,165646,165214,432
11297681,9.32643,9.17898,432,65700,0.435344,0.19,1,165648,165216,432
11300601,21.0653,21.8358,431,65700,0.431069,0.19,1,165672,165241,431
11303521,5.81306,5.96716,431,65700,0.430214,0.19,1,165674,165243,431
11306441,2.76261,2.79343,431,65700,0.430043,0.19,1,165676,165245,431
11309361,34.1525,0.558686,473,65700,0.430009,0.21,1,165718,165245,473
11312281,27.6305,33.7117,457,65700,0.430002,0.21,1,165744,165287,457
11315201,7.1261,27.5423,433,65700,0.43,0.21,1,165746,165313,433
11318121,20.6252,7.10847,455,65700,0.43,0.25,1,165770,165315,455
11321041,27.325,20.6217,460,65700,0.446,0.25,1,165799,165339,460
11323961,23.065,27.3243,453,65700,0.4492,0.25,1,165821,165368,453
11326881,14.213,23.0649,443,65700,0.46584,0.21,1,165833,165390,443
11329801,15.6426,14.213,447,65700,0.469168,0.25,1,165849,165402,447
11332721,4.72852,15.6426,433,65700,0.469834,0.21,1,165851,165418,433
11335641,2.5457,4.72852,433,65700,0.469967,0.25,1,165853,165420,433
11338561,2.10914,2.5457,433,65700,0.469993,0.21,1,165855,165422,433
11341481,11.6218,2.10914,445,65700,0.469999,0.25,1,165869,165424,445
11344401,13.5244,11.6218,445,65700,0.47,0.25,1,165883,165438,445
11347321,25.1049,13.5244,459,65700,0.486,0.25,1,165911,165452,459
11350241,29.021,25.1049,461,65700,0.4892,0.25,1,165941,165480,461
11353161,56.2042,29.021,494,65700,0.58584,0.31,1,166004,165510,494
11356081,48.0408,53.8042,480,65700,0.669168,0.43,1,166050,165570,480
11359001,40.0082,41.1608,480,65700,0.685834,0.47,1,166088,165608,480
11361921,9.60163,38.6322,444,65700,0.689167,0.43,1,166090,165646,444
11364841,21.1203,9.32643,466,65700,0.689833,0.43,1,166114,165648,466
11367761,5.82407,21.0653,444,65700,0.689967,0.43,1,166116,165672,444
11370681,2.76481,5.81306,444,65700,0.689993,0.43,1,166118,165674,444
11373601,34.153,2.76261,484,65700,0.705999,0.43,1,166160,165676,484
11376521,27.6306,34.1525,468,65700,0.7092,0.43,1,166186,165718,468
11379441,7.12612,27.6305,444,65700,0.70984,0.43,1,166188,165744,444
11382361,20.6252,7.1261,466,65700,0.709968,0.43,1,166212,165746,466
11385281,28.125,20.6252,472,65700,0.725994,0.45,1,166242,165770,472
11388201,24.025,27.325,466,65700,0.713199,0.45,1,166265,165799,466
11391121,14.405,23.065,456,65700,0.74264,0.47,1,166277,165821,456
11394041,15.681,14.213,460,65700,0.748528,0.47,1,166293,165833,460
11396961,4.7362,15.6426,446,65700,0.749706,0.47,1,166295,165849,446
11399881,2.54724,4.72852,446,65700,0.749941,0.47,1,166297,165851,446
11402801,2.10945,2.5457,446,65700,0.749988,0.47,1,166299,165853,446
11405721,11.6219,2.10914,458,65700,0.749998,0.47,1,166313,165855,458
11408641,14.3244,11.6218,459,65700,0.734,0.47,1,166328,165869,459
11411561,25.2649,13.5244,473,65700,0.7628,0.49,2,166356,165883,473
11414481,29.053,25.1049,475,65700,0.76856,0.49,2,166386,165911,475
11417401,61.0106,29.021,514,65700,0.913712,0.61,2,166455,165941,514
11598441,57,67,467,46720,0.09,0.85,1,168264,167797,467
11607201,29.8,39,458,46720,0.122,0.41,1,168287,167829,458
11627641,72.36,88.6,440,46720,0.1604,0.01,1,168370,167930,440
11634941,131.272,148.92,422,46720,0.10408,0.03,1,168516,168094,422
11677281,75.0544,78.584,422,46720,0.156816,0.02,1,168577,168155,422
11680201,37.4109,28.5168,434,48180,0.119363,0.05,1,168605,168171,434
11683121,29.0822,34.5034,425,49640,0.207873,0.13,1,168632,168207,425
11686041,32.2164,17.3007,445,51100,0.353575,0.15,1,168665,168220,445
11688961,28.0433,24.2601,446,52560,0.414715,0.17,1,168692,168246,446
11691881,24.8087,25.652,444,54020,0.410943,0.17,1,168716,168272,444
11694801,25.7617,25.1304,445,55480,0.442189,0.17,1,168742,168297,445
11697721,51.5523,25.8261,477,56940,0.624438,0.15,1,168800,168323,477
11700641,31.9105,58.7652,437,56940,0.660888,0.17,1,168827,168390,437
11703561,29.5821,27.753,446,56940,0.684177,0.29,1,168856,168410,446
11706481,23.5164,19.9506,450,58400,0.656835,0.37,1,168878,168428,450
11709401,19.9033,23.9901,444,58400,0.715367,0.23,1,168897,168453,444
11712321,22.3807,22.398,445,58400,0.743073,0.19,1,168920,168475,445
11715241,22.8761,25.2796,442,58400,0.668615,0.13,1,168943,168501,442
11718161,24.5752,26.6559,440,58400,0.653723,0.01,1,168968,168528,440
11721081,15.315,18.1312,437,59860,0.650745,0.13,1,168981,168544,437
11724001,23.863,20.4262,442,59860,0.634149,0.17,1,169007,168565,442
11726921,25.5726,13.6852,456,59860,0.70283,0.11,1,169033,168577,456
11729841,8.31452,25.137,432,59860,0.676566,0.23,1,169037,168605,432
11732761,26.4629,26.6274,436,59860,0.767313,0.23,2,169068,168632,436
11735681,34.0926,5.32548,472,59860,0.817463,0.39,2,169104,168632,472
11738601,8.41852,27.4651,441,61320,0.795493,0.43,2,169106,168665,441
11741521,21.6837,27.093,439,61320,0.871099,0.43,2,169131,168692,439
11744441,25.9367,5.4186,466,61320,0.90222,0.41,2,169158,168692,466
11747361,6.78735,20.2837,444,61320,0.908444,0.45,2,169160,168716,444
11944461,26,30,490,48180,0.41,1,1,170751,170261,490
11947381,24.4,30.8,483,49640,0.362,1,1,170775,170292,483
11950301,32.08,33.36,483,51100,0.3204,0.88,1,170809,170326,483
11953221,27.216,33.872,475,51100,0.28008,0.93,1,170835,170360,475
11956141,31.8432,30.7744,478,51100,0.256016,0.83,1,170868,170390,478
11959061,31.9686,35.7549,473,51100,0.283203,0.83,1,170900,170427,473
11961981,41.5937,35.951,481,51100,0.416641,0.96,1,170944,170463,481
11964901,24.3187,30.3902,472,51100,0.411328,0.79,1,170964,170492,472
11967821,30.4637,34.078,469,51100,0.346266,0.63,1,170996,170527,469
11970741,34.0927,42.0156,460,51100,0.301253,0.61,1,171031,170571,460
11973661,17.2186,23.6031,454,51100,0.388251,0.53,1,171044,170590,454
11976581,15.4437,18.3206,452,51100,0.42165,0.51,1,171059,170607,452
11979501,21.4887,16.4641,459,51100,0.47633,0.53,1,171082,170623,459
11982421,22.6977,20.8928,460,51100,0.551266,0.51,1,171105,170645,460
11985341,12.5395,24.1786,445,52560,0.614253,0.43,1,171115,170670,445
11988261,42.5079,48.8357,440,52560,0.738851,0.43,1,171165,170725,440
11991181,26.9016,9.76714,463,52560,0.77977,0.41,2,171188,170725,463
11994101,6.98032,22.7534,439,52560,0.787954,0.35,2,171190,170751,439
11997021,18.9961,23.7507,437,52560,0.837591,0.35,2,171212,170775,437
11999941,28.5992,4.75014,468,52560,0.863518,0.31,2,171243,170775,468
12002861,25.7198,28.15,459,52560,0.884704,0.27,2,171268,170809,459
12005781,29.944,26.43,464,52560,0.920941,0.25,2,171299,170835,464
12164921,103,121,424,37960,0.65,0.11,1,173157,172733,424
12202881,91.8,93,427,37960,0.73,0.25,1,173246,172819,427
12205801,107.16,90.6,448,39420,0.706,0.19,1,173357,172909,448
12392681,34,39,470,39420,0.73,0.82,1,175307,174837,470
12919741,36,42,484,42340,0.09,0.91,1,180845,180361,484
12922661,31.2,38.8,476,43800,0.122,0.77,1,180875,180399,476
12925581,27.04,34.16,469,45260,0.1604,0.74,1,180901,180432,469
12928501,41.408,46.032,465,46720,0.31208,0.49,1,180946,180481,465
12931421,32.2816,41.2064,455,46720,0.294416,0.35,1,180976,180521,455
12934341,31.2563,41.0413,445,46720,0.338883,0.11,1,181007,180562,445
12937261,31.8513,43.4083,433,48180,0.459777,0.01,1,181039,180606,433
12940181,40.7703,44.6817,431,48180,0.547955,0.07,1,181082,180651,431
12943101,26.554,24.9363,434,48180,0.533591,0.01,1,181105,180671,434
12946021,30.1108,27.3873,437,48180,0.626718,0.05,1,181136,180699,437
12948941,26.8222,28.6775,434,48180,0.693344,0.01,1,181162,180728,434
12951861,18.9644,22.5355,430,48180,0.674669,0.01,1,181179,180749,430
12954781,17.3929,21.3071,426,48180,0.718934,0.13,1,181196,180770,426
12957701,36.2786,35.4614,428,49640,0.855787,0.13,2,181237,180809,428
12960621,33.6557,7.09228,461,49640,0.835157,0.09,2,181270,180809,461
12963541,8.33114,30.2185,427,49640,0.831032,0.13,2,181272,180845,427
12966461,27.2662,30.0437,429,49640,0.910206,0.13,2,181304,180875,429
12969381,27.0532,6.00874,456,49640,0.894041,0.17,2,181331,180875,456
12972301,7.01065,22.0017,432,49640,0.890808,0.35,2,181333,180901,432
13108081,27,26,530,55480,0.89,1,2,182700,182170,530
13121221,394.2,454.8,454,37960,0.218,0.07,1,183186,182732,454
13127061,154.04,192.56,421,37960,0.1476,0.01,1,183280,182859,421
13173781,48.408,54.512,423,37960,0.10152,0.05,1,183302,182879,423
13176701,26.4816,25.3024,426,39420,0.060304,0.01,1,183323,182897,426
13179621,53.2963,33.0605,451,40880,0.100061,0.01,1,183383,182932,451
13182541,85.8593,41.8121,501,42340,0.0440122,0.4,1,183477,182976,501
13185461,33.1719,65.1624,450,42340,0.112802,0.29,1,183497,183047,450
13188381,23.4344,36.2325,442,42340,0.0625605,0.23,1,183518,183076,442
13191301,25.4869,22.4465,449,42340,0.0685121,0.09,1,183544,183095,449
13194221,18.6974,23.6893,442,43800,0.0857024,0.05,1,183561,183119,442
13197141,20.5395,22.3379,441,43800,0.12114,0.01,1,183582,183141,441
13200061,15.3079,21.2676,434,43800,0.128228,0.05,1,183596,183162,434
13202981,36.6616,23.4535,452,43800,0.193646,0.15,1,183638,183186,452
13205901,35.3323,36.6907,447,43800,0.222729,0.11,1,183673,183226,447
13208821,35.0665,32.9381,450,43800,0.244546,0.15,1,183708,183258,450
13211741,19.8133,32.1876,434,43800,0.312909,0.09,1,183724,183290,434
13214661,19.9627,16.0375,442,43800,0.294582,0.05,1,183744,183302,442
13217581,5.59253,20.0075,423,43800,0.290916,0.11,1,183746,183323,423
13220501,53.1185,52.0015,428,43800,0.0821833,0.11,1,183811,183383,428
13223421,84.2237,10.4003,520,43800,0.0404367,0.03,1,183903,183383,520
13226341,34.4447,77.2801,448,43800,0.0640873,0.13,1,183925,183477,448
13229261,22.8889,31.456,448,43800,0.100817,0.05,1,183945,183497,448
13232181,23.7778,23.0912,451,43800,0.0761635,0.07,1,183969,183518,451
13235101,6.35556,25.4182,427,43800,0.119233,0.09,1,183971,183544,427
13238021,14.8711,18.6836,427,45260,0.143847,0.13,1,183988,183561,427
13240941,22.1742,20.5367,430,45260,0.148769,0.13,1,184012,183582,430
13243861,14.8348,15.3073,429,45260,0.197754,0.21,1,184025,183596,429
13246781,42.167,36.6615,436,45260,0.271551,0.23,1,184074,183638,436
13249701,38.0334,35.3323,438,45260,0.28631,0.25,1,184111,183673,438
13252621,34.0067,35.0665,436,45260,0.321262,0.33,1,184144,183708,436
13255541,18.0013,19.8133,434,45260,0.296252,0.29,1,184158,183724,434
13258461,16.4003,19.9627,430,45260,0.32325,0.29,1,184174,183744,430
13261381,4.88005,5.59253,430,45260,0.29665,0.03,1,184176,183746,430
13264301,48.176,53.1185,424,45260,0.30733,0.03,1,184235,183811,424
13267221,83.2352,84.2237,424,45260,0.085466,0.07,1,184327,183903,424
13270141,35.047,34.4447,425,45260,0.0410932,0.11,1,184350,183925,425
13273061,24.6094,22.8889,427,45260,0.0322186,0.07,1,184372,183945,427
13275981,24.1219,23.7778,427,45260,0.0784437,0.13,1,184396,183969,427
13278901,6.42438,6.35556,427,45260,0.0876888,0.13,1,184398,183971,427
13281821,15.6849,1.27111,445,46720,0.121538,0.15,1,184416,183971,445
13284741,22.337,13.8542,452,46720,0.0803076,0.15,1,184440,183988,452
13287661,16.4674,21.9708,443,46720,0.0880615,0.21,1,184455,184012,443
13290581,45.6935,14.7942,483,46720,0.105612,0.29,1,184508,184025,483
13293501,39.5387,42.1588,472,46720,0.0931225,0.29,1,184546,184074,472
13296421,34.3077,38.0318,468,46720,0.122624,0.33,1,184579,184111,468
13299341,18.0615,34.0064,449,46720,0.128525,0.29,1,184593,184144,449
13302261,17.2123,18.0013,452,46720,0.145705,0.33,1,184610,184158,452
13305181,5.04246,16.4003,438,46720,0.149141,0.29,1,184612,184174,438
13308101,46.6085,4.88005,493,46720,0.213828,0.31,1,184669,184176,493
13311021,73.3217,48.176,514,46720,0.178766,0.03,1,184749,184235,514
13313941,33.0643,83.2352,445,46720,0.0917531,0.03,1,184772,184327,445
13316861,24.2129,35.047,444,46720,0.0743506,0.03,1,184794,184350,444
13319781,26.4426,24.6094,449,46720,0.10287,0.09,1,184821,184372,449
13322701,6.88851,24.1219,427,46720,0.108574,0.09,1,184823,184396,427
13325621,2.9777,6.42438,427,46720,0.109715,0.13,1,184825,184398,427
13328541,14.1955,15.6849,426,46720,0.093943,0.07,1,184842,184416,426
13331461,21.2391,22.337,425,46720,0.106789,0.09,1,184865,184440,425
13334381,16.2478,16.4674,425,46720,0.141358,0.11,1,184880,184455,425
13337301,45.6496,45.6935,425,46720,0.148272,0.09,1,184933,184508,425
13340221,40.3299,39.5387,426,46720,0.181654,0.13,1,184972,184546,426
13343141,36.066,34.3077,428,46720,0.172331,0.13,1,185007,184579,428
13346061,18.4132,18.0615,428,46720,0.138466,0.15,1,185021,184593,428
13348981,18.0826,17.2123,429,46720,0.131693,0.15,1,185039,184610,429
13351901,5.21653,5.04246,429,46720,0.130339,0.23,1,185041,184612,429
13354821,49.8433,46.6085,433,46720,0.258068,0.17,1,185102,184669,433
13357741,68.3687,73.3217,426,46720,0.267614,0.07,1,185175,184749,426
13360661,31.2737,33.0643,425,46720,0.269523,0.07,1,185197,184772,425
13363581,24.6547,24.2129,426,46720,0.253905,0.11,1,185220,184794,426
13366501,27.3309,26.4426,427,46720,0.250781,0.11,1,185248,184821,427
13369421,7.06619,6.88851,427,46720,0.266156,0.11,1,185250,184823,427
13372341,3.01324,2.9777,427,46720,0.269231,0.09,1,185252,184825,427
13375261,13.4026,14.1955,426,46720,0.269846,0.11,1,185268,184842,426
13378181,22.6805,21.2391,428,46720,0.253969,0.15,1,185293,184865,428
13381101,17.3361,16.2478,429,46720,0.282794,0.15,1,185309,184880,429
13384021,45.8672,45.6496,429,46720,0.272559,0.19,1,185362,184933,429
13386941,40.3734,40.3299,429,46720,0.318512,0.17,1,185401,184972,429
13389861,35.2747,36.066,428,46720,0.343702,0.13,1,185435,185007,428
13392781,18.2549,18.4132,428,46720,0.31674,0.13,1,185449,185021,428
13395701,18.851,18.0826,429,46720,0.327348,0.13,1,185468,185039,429
13398621,5.3702,5.21653,429,46720,0.32947,0.29,1,185470,185041,429
13401541,53.874,49.8433,434,46720,0.521894,0.27,1,185536,185102,434
13404461,68.3748,68.3687,433,46720,0.544379,0.27,1,185608,185175,433
13407381,31.275,31.2737,433,46720,0.580876,0.25,1,185630,185197,433
13410301,23.855,24.6547,432,46720,0.556175,0.25,1,185652,185220,432
13413221,27.971,27.3309,433,46720,0.567235,0.27,1,185681,185248,433
13416141,7.1942,7.06619,433,46720,0.585447,0.27,1,185683,185250,433
13419061,3.03884,3.01324,433,46720,0.589089,0.27,1,185685,185252,433
13421981,13.4078,13.4026,433,46720,0.557818,0.25,1,185701,185268,433
13424901,23.4816,22.6805,434,46720,0.551564,0.29,1,185727,185293,434
13427821,17.4963,17.3361,434,46720,0.550313,0.27,1,185743,185309,434
13430741,46.6993,45.8672,435,46720,0.550063,0.33,1,185797,185362,435
13433661,41.3399,40.3734,436,46720,0.582013,0.35,1,185837,185401,436
13436581,36.268,35.2747,437,46720,0.604402,0.31,1,185872,185435,437
13439501,18.4536,18.2549,437,46720,0.576881,0.33,1,185886,185449,437
13442421,19.6907,18.851,438,46720,0.571376,0.33,1,185906,185468,438
13445341,5.53814,5.3702,438,46720,0.570275,0.57,1,185908,185470,438
13448261,61.9076,53.874,448,46720,0.730055,0.55,1,185984,185536,448
13451181,70.7815,68.3748,449,46720,0.730011,0.59,1,186057,185608,449
13454101,31.7563,31.275,449,46720,0.762002,0.55,2,186079,185630,449
13457021,23.9513,23.855,449,46720,0.7364,0.57,1,186101,185652,449
13459941,27.9903,27.971,449,46720,0.74728,0.59,1,186130,185681,449
13462861,7.19805,7.1942,449,46720,0.749456,0.59,1,186132,185683,449
13465781,3.03961,3.03884,449,46720,0.781891,0.55,2,186134,185685,449
13468701,13.4079,13.4078,449,46720,0.756378,0.55,2,186150,185701,449
13471621,23.4816,23.4816,449,46720,0.751276,0.55,2,186176,185727,449
13474541,17.4963,17.4963,449,46720,0.750255,0.55,2,186192,185743,449
13477461,46.6993,46.6993,449,46720,0.782051,0.59,2,186246,185797,449
13480381,41.3399,41.3399,449,46720,0.82041,0.61,2,186286,185837,449
13483301,37.068,36.268,450,46720,0.844082,0.57,2,186322,185872,450
13486221,18.6136,18.4536,450,46720,0.816816,0.57,2,186336,185886,450
13489141,20.5227,19.6907,451,46720,0.827363,0.57,2,186357,185906,451
13492061,5.70454,5.53814,451,46720,0.829473,0.77,2,186359,185908,451
13676021,20,21,483,37960,0.23,1,1,188284,187801,483
13678941,35.2,33,486,39420,0.262,0.61,1,188323,187837,486
13681861,71.84,88.2,465,40880,0.4444,0.37,1,188404,187939,465
13684781,44.768,60.04,450,42340,0.62488,0.13,1,188442,187992,450
13687701,45.7536,58.408,438,43800,0.644976,0.05,1,188488,188050,438
13690621,28.3507,32.4816,436,45260,0.712995,0.03,1,188512,188076,436
13693541,27.2701,28.8963,435,45260,0.726599,0.01,1,188539,188104,435
13696461,30.254,28.1793,438,46720,0.77732,0.05,2,188570,188132,438
13708141,35,27,446,46720,0.81,0.11,2,188678,188232,446
13711061,18.2,31,428,46720,0.826,0.23,2,188692,188264,428
13713981,22.84,22.2,432,46720,0.8132,0.23,2,188716,188284,432
13716901,38.168,4.44,474,48180,0.90664,0.27,2,188758,188284,474
13719821,9.2336,32.088,437,48180,0.925328,0.49,2,188760,188323,437
13874581,27,46,505,52560,0.79,1,2,190345,189840,505
13877501,25.4,26.8,508,52560,0.742,1,1,190370,189862,508
13880421,28.28,26.96,510,52560,0.6524,1,1,190399,189889,510
13883341,31.256,24.592,518,52560,0.66648,1,1,190431,189913,518
13886261,27.0512,25.7184,518,52560,0.653296,1,1,190457,189939,518
13889181,26.2102,22.7437,522,52560,0.802659,1,2,190483,189961,522
13892101,21.242,21.3487,521,52560,0.824532,1,2,190503,189982,521
13895021,13.0484,25.0697,506,52560,0.860906,1,2,190514,190008,506
13897941,14.6097,25.814,495,52560,0.852181,0.97,2,190529,190034,495
13900861,14.9219,23.5628,487,52560,0.866436,1,2,190544,190057,487
13903781,22.1844,23.9126,487,52560,0.821287,1,2,190568,190081,487
13906701,25.2369,21.5825,492,52560,0.796257,1,2,190594,190102,492
13909621,17.8474,26.7165,480,52560,0.791252,1,2,190610,190130,480
13912541,25.9695,28.5433,479,52560,0.82225,1,2,190638,190159,479
13915461,33.9939,30.5087,484,52560,0.90845,1,2,190674,190190,484
13918381,15.5988,26.1017,470,52560,0.87769,0.9,2,190685,190215,470
13921301,34.3198,39.6203,466,52560,0.855538,0.81,2,190724,190258,466
13924221,50.864,55.9241,461,52560,0.883108,0.79,2,190779,190318,461
13927141,30.9728,32.7848,460,52560,0.904622,0.73,2,190805,190345,460
14111101,46,16,464,37960,0.33,0.19,1,192682,192218,464
14114021,49.2,43.2,464,39420,0.33,0.25,1,192732,192268,464
14116941,54.64,44.64,475,40880,0.426,0.23,1,192788,192313,475
14119861,39.728,52.128,457,42340,0.5092,0.29,1,192824,192367,457
14122781,37.5456,36.8256,461,43800,0.62184,0.27,1,192861,192400,461
14125701,43.5091,36.1651,470,45260,0.692368,0.27,1,192906,192436,470
14128621,26.3018,44.833,445,45260,0.706474,0.25,1,192928,192483,445
14131541,24.4604,25.7666,448,46720,0.837295,0.33,2,192952,192504,448
14134461,24.8921,28.3533,444,46720,0.847459,0.23,2,192977,192533,444
14137381,31.3784,27.2707,450,46720,0.817492,0.33,2,193010,192560,450
14140301,24.6757,27.8541,445,46720,0.795498,0.25,2,193033,192588,445
14143221,36.1351,29.5708,454,46720,0.8391,0.27,2,193072,192618,454
14146141,8.82703,20.3142,438,46720,0.84782,0.33,2,193074,192636,438
14352001,36,15,478,37960,0.41,0.61,1,195223,194745,478
14354921,50.4,36.6,490,39420,0.57,0.51,1,195277,194787,490
14357841,32.48,52.12,462,40880,0.634,0.51,1,195305,194843,462
14360761,18.496,32.824,449,42340,0.6948,0.45,1,195320,194871,449
14363681,37.2992,36.1648,454,43800,0.77096,0.39,2,195362,194908,454
14366601,33.0598,31.233,456,43800,0.898192,0.43,2,195394,194938,456
14511141,38,14,494,35040,0.11,0.79,1,197009,196515,494
14514061,38,50.8,472,36500,0.126,0.59,1,197047,196575,472
14516981,32.4,45.36,459,37960,0.1612,0.31,1,197078,196619,459
14519901,49.68,69.072,438,37960,0.32824,0.09,1,197132,196694,438
14522821,41.136,49.8144,432,37960,0.457648,0.07,1,197171,196739,432
14525741,33.0272,29.9629,438,37960,0.46753,0.03,1,197202,196764,438
14528661,29.0054,29.1926,437,37960,0.437506,0.05,1,197230,196793,437
14531581,32.2011,30.6385,439,37960,0.447501,0.05,1,197263,196824,439
14534501,21.6402,28.5277,430,37960,0.4815,0.01,1,197282,196852,430
14537421,36.328,29.7055,440,37960,0.5363,0,1,197322,196882,440
14540341,40.0656,41.1411,437,39420,0.61126,0.09,1,197363,196926,437
14543261,36.8131,44.2282,428,39420,0.722252,0.11,1,197399,196971,428
14546181,36.1626,39.2456,426,39420,0.76045,0.11,2,197435,197009,426
14549101,40.8325,7.84913,468,39420,0.80009,0.13,2,197477,197009,468
14552021,9.7665,31.9698,432,39420,0.808018,0.17,2,197479,197047,432
14554941,25.9533,31.194,431,39420,0.825604,0.37,2,197509,197078,431
14557861,55.5907,49.4388,440,39420,0.845121,0.49,2,197572,197132,440
14560781,48.7181,41.0878,448,39420,0.897024,0.47,2,197619,197171,448
14677581,29,42,477,40880,0.71,1,1,198996,198519,477
14680501,50.6,45.2,487,40880,0.55,1,1,199052,198565,487
14683421,44.52,43.44,487,40880,0.47,1,1,199095,198608,487
14686341,36.104,32.688,491,40880,0.422,1,1,199129,198638,491
14689261,30.4208,30.5376,490,40880,0.3644,1,1,199158,198668,490
14692181,27.6842,27.7075,490,40880,0.33688,1,1,199185,198695,490
14695101,37.5368,42.3415,484,40880,0.299376,1,1,199225,198741,484
14698021,30.7074,33.2683,482,40880,0.291875,1,1,199254,198772,482
14700941,31.7415,29.8537,485,40880,0.242375,1,1,199286,198801,485
14703861,31.9483,29.1707,488,40880,0.264475,1,1,199318,198830,488
14706781,31.9897,32.2341,487,40880,0.284895,1,1,199350,198863,487
14709701,21.5979,32.0468,474,40880,0.320979,0.87,1,199369,198895,474
14712621,35.5196,41.6094,469,40880,0.392196,0.79,1,199408,198939,469
14715541,22.3039,30.7219,460,40880,0.390439,0.71,1,199427,198967,460
14718461,22.8608,29.3444,454,40880,0.438088,0.51,1,199450,198996,454
14721381,42.1722,50.6689,445,40880,0.463618,0.45,1,199497,199052,445
14724301,42.8344,44.5338,445,40880,0.564723,0.41,1,199540,199095,445
14727221,34.1669,36.1068,443,40880,0.632945,0.35,1,199572,199129,443
14730141,26.8334,30.4214,439,40880,0.678589,0.33,1,199597,199158,439
14733061,25.3667,27.6843,437,40880,0.767718,0.29,2,199622,199185,437
14735981,36.2733,37.5369,436,40880,0.833544,0.29,2,199661,199225,436
14738901,28.8547,30.7074,434,40880,0.830709,0.23,2,199688,199254,434
14867381,39,38,493,46720,0.85,1,2,201173,200680,493
14870301,32.6,33.2,492,46720,0.77,1,2,201204,200712,492
14873221,24.12,23.44,493,48180,0.77,1,2,201226,200733,493
14876141,32.024,31.888,493,48180,0.69,1,1,201260,200767,493
14879061,32.8048,38.3776,486,48180,0.658,1,1,201293,200807,486
14881981,30.561,30.0755,488,48180,0.5716,1,1,201323,200835,488
14884901,22.9122,6.0151,509,48180,0.58632,1,1,201344,200835,509
14887821,32.5824,22.803,517,49640,0.493264,1,1,201379,200862,517
14890741,33.7165,30.1606,519,49640,0.522653,1,1,201413,200894,519
14893661,39.5433,47.6321,508,49640,0.528531,1,1,201454,200946,508
14896581,35.9087,35.1264,511,49640,0.561706,1,1,201489,200978,511
14899501,27.1817,38.2253,497,51100,0.536341,1,1,201514,201017,497
14902421,15.8363,30.8451,481,51100,0.547268,1,1,201527,201046,481
14905341,23.9673,32.569,474,51100,0.565454,0.84,1,201553,201079,474
14908261,23.9935,30.5138,468,51100,0.617091,0.91,1,201577,201109,468
14911181,22.3987,26.1028,465,51100,0.739418,0.85,1,201599,201134,465
14914101,36.4797,36.4206,466,51100,0.715884,0.75,1,201639,201173,466
14917021,30.4959,32.0841,464,51100,0.871177,0.75,2,201668,201204,464
14919941,18.8992,6.41682,480,51100,0.902235,0.77,2,201684,201204,480
15032361,32,46,461,42340,0.15,0.65,1,203192,202731,461
15041121,34.4,45.2,451,42340,0.166,0.35,1,203227,202776,451
15044041,58.08,73.84,434,42340,0.2172,0.27,1,203291,202857,434
15051341,25.216,27.568,435,42340,0.30744,0.21,1,203308,202873,435
15057181,38.6432,42.3136,431,42340,0.421488,0.19,1,203350,202919,431
15089301,47.7286,51.6627,427,42340,0.508298,0.15,1,203400,202973,427
15092221,34.3457,23.9325,441,43800,0.60566,0.09,1,203431,202990,441
15095141,20.4691,27.1865,430,45260,0.769132,0.07,2,203448,203018,430
15098061,28.8938,22.2373,440,46720,0.801826,0.05,2,203479,203039,440
15100981,16.1788,24.4475,428,46720,0.840365,0.05,2,203492,203064,428
15103901,4.83575,4.88949,430,48180,0.880073,0.17,2,203494,203064,430
15106821,20.1672,12.9779,439,48180,0.888015,0.11,2,203518,203079,439
15251361,36,34,475,37960,0.03,0.99,1,205012,204537,475
15254281,39.2,17.2,502,39420,0.094,0.95,1,205052,204550,502
15257201,39.84,39.44,497,40880,0.0908,0.79,1,205092,204595,497
15260121,31.968,47.888,477,40880,0.04216,0.57,1,205122,204645,477
15263041,42.3936,42.3776,481,42340,0.128432,0.53,1,205167,204686,481
15265961,56.4787,46.8755,493,42340,0.145686,0.35,1,205227,204734,493
15268881,30.4957,64.5751,448,42340,0.101137,0.37,1,205251,204803,448
15271801,33.2991,34.515,455,42340,0.124227,0.31,1,205285,204830,455
15274721,26.6598,33.303,447,42340,0.128845,0.27,1,205310,204863,447
15277641,24.532,29.0606,443,42340,0.145769,0.21,1,205334,204891,443
15280561,24.9064,29.8121,438,42340,0.181154,0.07,1,205359,204921,438
15283481,24.9813,26.7624,437,43800,0.0922308,0.13,1,205384,204947,437
15286401,17.7963,22.9525,431,43800,0.138446,0.03,1,205400,204969,431
15289321,30.7593,26.9905,437,43800,0.0676892,0.03,1,205434,204997,437
15292241,40.5519,17.3981,465,43800,0.0375378,0.11,1,205477,205012,465
15295161,9.71037,35.4796,427,43800,0.0635076,0.09,1,205479,205052,427
15298081,31.5421,39.0959,424,43800,0.0687015,0.03,1,205516,205092,424
15301001,31.1084,31.8192,425,43800,0.0697403,0.03,1,205547,205122,425
15303921,43.8217,6.36384,472,43800,0.0539481,0.15,1,205594,205122,472
15306841,56.7643,37.2728,487,43800,0.0507896,0.15,1,205654,205167,487
15309761,28.9529,55.4546,449,45260,0.0821579,0.09,1,205676,205227,449
15312681,35.3906,30.2909,462,45260,0.0724316,0.13,1,205713,205251,462
15315601,24.6781,33.2582,450,45260,0.150486,0.13,1,205735,205285,450
15318521,26.5356,26.6516,452,45260,0.214097,0.15,1,205762,205310,452
15321441,23.7071,24.5303,451,45260,0.242819,0.19,1,205785,205334,451
15324361,6.34142,24.9061,428,45260,0.216564,0.07,1,205787,205359,428
15327281,22.0683,24.9812,429,45260,0.275313,0.15,1,205813,205384,429
15330201,17.2137,17.7962,429,45260,0.287063,0.05,1,205829,205400,429
15333121,25.8427,30.7592,423,45260,0.305413,0.03,1,205857,205434,423
15336041,39.5685,40.5519,423,45260,0.229083,0.07,1,205900,205477,423
15338961,9.51371,9.71037,423,45260,0.245816,0.07,1,205902,205479,423
15341881,30.7027,31.5421,422,45260,0.233163,0.07,1,205938,205516,422
15344801,30.9405,31.1084,422,45260,0.262633,0.05,1,205969,205547,422
15347721,43.7881,43.8217,422,45260,0.204527,0.05,1,206016,205594,422
15350641,59.1576,56.7643,425,45260,0.208905,0.05,1,206079,205654,425
15353561,27.8315,11.3529,445,46720,0.241781,0.09,1,206099,205654,445
15356481,39.1663,19.8706,465,46720,0.232356,0.07,1,206141,205676,465
15359401,26.2333,33.5741,451,46720,0.198471,0.17,1,206164,205713,451
15362321,30.0467,24.3148,460,46720,0.191694,0.23,1,206195,205735,460
15365241,22.8093,26.463,454,46720,0.206339,0.25,1,206216,205762,454
15368161,6.16187,23.6926,433,46720,0.209268,0.21,1,206218,205785,433
15371081,25.2324,6.33852,461,46720,0.209854,0.29,1,206248,205787,461
15374001,17.8465,22.0677,451,46720,0.209971,0.29,1,206264,205813,451
15376921,25.9693,17.2135,463,46720,0.177994,0.31,1,206292,205829,463
15379841,36.3939,25.8427,474,46720,0.283599,0.21,1,206331,205857,474
15382761,8.87877,39.5685,433,46720,0.30472,0.25,1,206333,205900,433
15385681,29.7758,9.51371,466,46720,0.356944,0.23,1,206368,205902,466
15388601,34.7552,30.7027,466,46720,0.447389,0.27,1,206404,205938,466
15391521,38.951,30.9405,475,46720,0.545478,0.19,1,206444,205969,475
15394441,61.3902,43.7881,495,46720,0.597096,0.21,1,206511,206016,495
15397361,13.878,59.1576,434,46720,0.575419,0.25,1,206513,206079,434
15400281,19.5756,27.8315,435,46720,0.603084,0.23,1,206534,206099,435
15403201,35.1151,39.1663,432,46720,0.640617,0.19,1,206573,206141,432
15406121,24.623,26.2333,431,46720,0.696123,0.19,1,206595,206164,431
15409041,29.7246,30.0467,431,46720,0.659225,0.21,1,206626,206195,431
15411961,23.5449,22.8093,432,46720,0.683845,0.21,1,206648,206216,432
15414881,6.30898,6.16187,432,46720,0.736769,0.21,1,206650,206218,432
15417801,25.2618,25.2324,432,46720,0.747354,0.21,1,206680,206248,432
15420721,17.8524,17.8465,432,46720,0.749471,0.17,1,206696,206264,432
15423641,25.9705,25.9693,432,46720,0.797894,0.31,2,206724,206292,432
15426561,40.3941,36.3939,437,46720,0.823579,0.31,2,206768,206331,437
15429481,9.67882,8.87877,437,46720,0.860716,0.37,2,206770,206333,437
15432401,33.1358,29.7758,441,46720,0.868143,0.47,2,206809,206368,441
15617821,51,60,486,35040,0.71,0.97,1,208803,208317,486
15620741,80.6,84,484,36500,0.822,1,2,208891,208407,484
15722941,29,17,547,46720,0.75,1,2,210098,209551,547
15734621,398.6,473.8,450,32120,0.382,0.07,1,210589,210139,450
15776961,150.12,188.36,421,32120,0.2924,0.03,1,210677,210256,421
15779881,86.024,80.872,437,33580,0.16248,0.01,1,210747,210310,437
15782801,52.4048,50.5744,438,35040,0.120496,0.09,1,210791,210353,438
15785721,44.081,38.1149,445,36500,0.208099,0.08,1,210833,210388,445
15788641,73.6162,56.423,465,37960,0.48162,0.25,1,210914,210449,465
15791561,37.1232,38.4846,459,39420,0.648324,0.23,1,210942,210483,459
15794481,29.0246,29.2969,459,40880,0.649665,0.27,1,210969,210510,459
15797401,20.2049,25.8594,452,40880,0.681933,0.29,1,210987,210535,452
15800321,13.641,21.1719,444,40880,0.624387,0.25,1,210999,210555,444
15803241,21.9282,21.8344,446,40880,0.580877,0.31,1,211023,210577,446
15806161,37.9856,41.1669,442,42340,0.684175,0.31,1,211065,210623,442
15809081,42.7971,39.4334,447,42340,0.704835,0.27,1,211109,210662,447
15812001,61.3594,19.8867,498,42340,0.772967,0.13,2,211175,210677,498
15814921,13.8719,59.9773,430,42340,0.786593,0.11,2,211177,210747,430
15817841,38.7744,47.1955,431,42340,0.773319,0.11,2,211222,210791,431
15820761,41.3549,9.43909,473,43800,0.802664,0.23,2,211264,210791,473
15823681,9.87097,35.4878,433,43800,0.776533,0.55,2,211266,210833,433
15965301,34,18,495,32120,0.65,1,1,213145,212650,495
15968221,28.4,32.4,486,33580,0.73,1,1,213172,212686,486
16207661,31,33,493,37960,0.77,1,2,216367,215874,493
16210581,27,29.8,490,39420,0.722,1,1,216393,215903,490
16213501,36.6,28.36,501,39420,0.7604,1,2,216432,215931,501
16216421,34.52,33.672,500,39420,0.72008,1,1,216466,215966,500
16219341,30.104,31.5344,498,39420,0.696016,1,1,216495,215997,498
16222261,18.0208,30.3069,483,39420,0.675203,1,1,216510,216027,483
16225181,52.4042,50.0614,489,39420,0.735041,1,1,216571,216082,489
16228101,33.6808,39.6123,481,39420,0.731008,0.98,1,216600,216119,481
16339061,77,102,433,33580,0.29,0.17,1,218345,217912,433
16344901,65.8,74.8,428,33580,0.45,0.03,1,218408,217980,428
16350741,58.76,66.16,421,33580,0.69,0.05,1,218465,218044,421
16381401,48.552,47.632,424,33580,0.77,0.13,2,218511,218087,424
16527401,44,31,481,32120,0.39,0.71,1,220325,219844,481
16530321,55.2,56.6,476,33580,0.502,0.55,1,220383,219907,476
16533241,61.44,50.52,490,35040,0.5244,0.44,1,220446,219956,490
16536161,38.688,63.704,456,35040,0.76088,0.41,2,220479,220023,456
16539081,36.5376,47.9408,448,35040,0.752176,0.39,2,220515,220067,448
16542001,23.3075,21.5882,453,35040,0.830435,0.39,2,220535,220082,453
16544921,31.8615,32.3176,452,35040,0.862087,0.31,2,220569,220117,452
16667561,46,36,493,37960,0.73,1,1,222210,221717,493
16670481,39.6,33.6,498,37960,0.762,1,2,222248,221750,498
16673401,40.72,47.52,488,37960,0.7204,1,1,222289,221801,488
16676321,35.344,36.704,488,37960,0.66408,1,1,222323,221835,488
16679241,38.2688,35.3408,492,37960,0.572816,1,1,222362,221870,492
16682161,39.6538,35.8682,496,37960,0.522563,1,1,222402,221906,496
16685081,31.9308,30.3736,497,37960,0.480513,1,1,222432,221935,497
16688001,22.3861,24.4747,494,37960,0.552103,1,1,222452,221958,494
16690921,57.2772,53.6949,499,37960,0.53442,1,1,222518,222019,499
16693841,34.6554,40.339,491,37960,0.498884,1,1,222547,222056,491
16696761,20.5311,35.2678,474,37960,0.475777,0.85,1,222564,222090,474
16699681,30.5062,36.6536,470,37960,0.439155,0.89,1,222597,222127,470
16702601,30.9012,36.9307,464,37960,0.447831,0.73,1,222628,222164,464
16705521,38.1802,44.1861,458,37960,0.529566,0.77,1,222668,222210,458
16708441,38.036,39.2372,458,37960,0.545913,0.71,1,222706,222248,458
16711361,38.0072,40.6474,455,37960,0.645183,0.65,1,222744,222289,455
16714281,33.2014,35.3295,453,37960,0.697037,0.55,1,222776,222323,453
16717201,35.4403,38.2659,450,37960,0.755407,0.51,2,222812,222362,450
16720121,35.0881,39.6532,445,37960,0.895081,0.47,2,222847,222402,445
16810641,36,25,509,40880,0.77,1,2,224016,223507,509
16813561,37.6,36.2,508,40880,0.642,1,1,224054,223546,508
16816481,33.92,7.24,541,40880,0.4884,1,1,224087,223546,541
16819401,27.584,29.448,532,40880,0.39368,1,1,224113,223581,532
16822321,35.9168,32.2896,537,40880,0.294736,1,1,224151,223614,537
16825241,33.5834,36.0579,533,42340,0.194947,1,1,224184,223651,533
16828161,30.7167,35.2116,528,42340,0.142989,1,1,224214,223686,528
16831081,35.7433,41.4423,522,42340,0.0525979,1,1,224251,223729,522
16834001,46.3487,35.4885,537,42340,0.0345196,1,1,224300,223763,537
16836921,31.6697,50.2977,511,42340,0.0149039,0.94,1,224328,223817,511
16839841,25.5339,35.6595,503,42340,0.0429808,1,1,224352,223849,503
16842761,49.9068,27.1319,534,43800,0.0165962,0.9,1,224408,223874,534
16845681,11.5814,60.6264,467,43800,0.00331923,0.87,1,224410,223943,467
16848601,27.1163,41.7253,461,43800,0.104664,0.77,1,224441,223980,461
16851521,27.8233,37.1451,453,43800,0.108933,0.61,1,224469,224016,453
16854441,31.9647,37.829,448,43800,0.141787,0.45,1,224502,224054,448
16857361,27.9929,33.9658,442,45260,0.228357,0.37,1,224529,224087,442
16860281,22.3986,27.5932,437,45260,0.261671,0.27,1,224550,224113,437
16863201,31.6797,35.9186,433,45260,0.332334,0.27,1,224584,224151,433
16866121,31.1359,7.18373,464,45260,0.458467,0.17,1,224615,224151,464
16869041,26.2272,27.8367,456,45260,0.547693,0.13,1,224640,224184,456
16871961,31.6454,29.5673,459,45260,0.645539,0.03,1,224673,224214,459
16874881,44.7291,35.5135,470,46720,0.745108,0.03,1,224721,224251,470
16877801,32.9458,46.3027,451,46720,0.765022,0.01,2,224751,224300,451
16880721,26.5892,31.6605,448,46720,0.865004,0.05,2,224776,224328,448
16883641,6.91783,25.5321,426,48180,0.853001,0.01,2,224778,224352,426
17396101,81,51,519,33580,0.03,0.65,1,230039,229520,519
17399021,72.2,91,488,33580,0.222,0.43,1,230109,229621,488
17401941,38.44,67.8,456,33580,0.2924,0.33,1,230139,229683,456
17404861,32.488,45.56,447,33580,0.33848,0.17,1,230170,229723,447
17407781,43.2976,49.112,443,33580,0.523696,0.09,1,230216,229773,443
17410701,37.4595,39.4224,442,33580,0.640739,0.01,1,230252,229810,442
17413621,29.8919,35.0845,436,33580,0.568148,0.05,1,230280,229844,436
17416541,29.1784,35.0169,430,33580,0.66563,0.01,1,230309,229879,430
17419461,31.4357,26.2034,438,35040,0.733126,0.01,1,230341,229903,438
17422381,7.88713,17.2407,425,35040,0.778625,0.01,2,230343,229918,425
17521661,29,29,516,36500,0.67,1,1,231763,231247,516
17524581,33,23.4,528,36500,0.574,1,1,231797,231269,528
17527501,25,18.28,534,36500,0.4268,1,1,231820,231286,534
17528961,22.6,15.656,541,36500,0.28536,1,1,231842,231301,541
17568381,382.92,471.131,429,24820,0.097072,0.11,1,232315,231886,429
17571301,186.184,195.826,439,26280,0.299414,0.07,1,232452,232013,439
17574221,97.2368,77.5652,466,27740,0.515883,0.11,1,232527,232061,466
17577141,65.0474,69.1131,456,29200,0.703177,0.11,1,232584,232128,456
17580061,54.6095,38.6226,477,30660,0.820635,0.05,2,232636,232159,477
17582981,32.5219,51.7245,449,32120,0.892127,0.05,2,232663,232214,449
17585901,19.3044,31.1449,439,33580,0.890425,0.07,2,232679,232240,439
17588821,16.6609,20.629,437,33580,0.906085,0.03,2,232695,232258,437
17591741,28.9322,17.7258,452,33580,0.797217,0.05,2,232727,232275,452
17594661,19.3864,35.5452,429,33580,0.823443,0.35,2,232744,232315,429
17597581,125.477,116.709,444,33580,0.876689,0.35,2,232896,232452,444
17737741,84,83,490,27740,0.63,0.88,1,234919,234429,490
17740661,72,61.4,503,29200,0.678,0.77,1,234988,234485,503
17743581,65.6,64.28,502,30660,0.8796,0.57,2,235052,234550,502
17858921,515,578,457,24820,0.13,0.57,1,236665,236208,457
17861841,187.8,157.2,511,26280,0.114,0.21,1,236771,236260,511
17864761,81.56,121.84,453,27740,0.1268,0.27,1,236826,236373,453
17867681,69.912,69.968,463,29200,0.30536,0.13,1,236893,236430,463
17870601,61.9824,55.5936,471,30660,0.533072,0.05,1,236953,236482,471
17873521,33.1965,69.5187,424,32120,0.706614,0.07,1,236979,236555,424
17876441,37.0393,39.5037,430,32120,0.805323,0.09,2,237017,236587,430
17879361,26.6079,31.9007,424,32120,0.857064,0.07,2,237041,236617,424
17987401,20,37,538,36500,0.71,1,1,238571,238033,538
17990321,31.2,29.8,544,36500,0.71,1,1,238605,238061,544
17993241,84.64,78.76,551,36500,0.422,1,1,238703,238152,551
17996161,46.528,67.752,523,36500,0.3804,1,1,238740,238217,523
17999081,38.1056,41.5504,524,36500,0.37208,1,1,238776,238252,524
18002001,54.0211,37.9101,545,36500,0.434416,1,1,238834,238289,545
18004921,35.6042,66.782,502,36500,0.462883,1,1,238865,238363,502
18007841,38.3208,42.1564,505,36500,0.420577,0.96,1,238904,238399,505
18010761,22.0642,32.4313,493,36500,0.412115,0.84,1,238922,238429,493
18013681,29.2128,24.8863,501,36500,0.442423,1,1,238953,238452,501
18016601,33.0426,32.1773,501,36500,0.432485,0.87,1,238987,238486,501
18019521,22.6085,36.8354,483,36500,0.526497,0.77,1,239007,238524,483
18022441,18.1217,28.9671,473,36500,0.513299,0.71,1,239024,238551,473
18025361,30.0243,21.7934,486,36500,0.60666,0.71,1,239057,238571,486
18028281,72.4049,31.5587,535,36500,0.721332,0.35,1,239140,238605,535
18031201,44.081,84.7117,474,36500,0.760266,0.37,2,239177,238703,474
18034121,40.0162,46.5423,476,36500,0.896053,0.37,2,239216,238740,476
18295461,65,76,429,33580,0.25,0.13,1,242563,242134,429
18298381,53.8,44.8,443,35040,0.314,0.07,1,242614,242171,443
18301301,41.96,39.36,444,36500,0.2468,0.09,1,242653,242209,444
18304221,37.192,37.472,443,37960,0.34536,0.09,1,242689,242246,443
18307141,33.0384,33.8944,442,39420,0.333072,0,1,242721,242279,442
18310061,40.2077,38.7789,444,39420,0.378614,0.17,1,242763,242319,444
18312981,20.0415,25.3558,437,39420,0.419723,0.15,1,242778,242341,437
18315901,6.40831,13.8712,429,39420,0.379945,0.15,1,242781,242352,429
18318821,42.8817,12.3742,469,39420,0.275989,0.13,1,242833,242364,469
18321741,46.1763,47.2748,460,39420,0.255198,0.15,1,242880,242420,460
18324661,47.6353,47.055,461,40880,0.28304,0.21,1,242928,242467,461
18327581,55.9271,52.611,465,40880,0.336608,0.25,1,242986,242521,465
18330501,21.5854,44.1222,436,40880,0.363322,0.33,1,242999,242563,436
18333421,43.5171,49.6244,434,40880,0.480664,0.33,1,243048,242614,434
18336341,39.9034,9.92489,473,40880,0.488133,0.23,1,243087,242614,473
18339261,9.58068,33.185,436,40880,0.521627,0.37,1,243089,242653,436
18342181,33.1161,35.437,439,40880,0.560325,0.37,1,243128,242689,439
18345101,29.0232,7.0874,467,42340,0.632065,0.33,1,243156,242689,467
18348021,41.8046,27.0175,480,42340,0.630413,0.39,1,243201,242721,480
18350941,20.3609,39.0035,453,42340,0.678083,0.43,1,243216,242763,453
18353861,7.27219,19.8007,442,42340,0.687617,0.37,1,243220,242778,442
18356781,37.4544,6.36014,484,43800,0.657523,0.25,1,243265,242781,484
18359701,45.8909,42.872,480,43800,0.683505,0.25,1,243313,242833,480
18362621,10.7782,46.1744,435,43800,0.688701,0.29,1,243315,242880,435
18365541,45.3556,47.6349,441,43800,0.78574,0.35,2,243369,242928,441
18368461,53.8711,55.927,439,43800,0.869148,0.37,2,243425,242986,439
18371381,23.5742,21.5854,442,43800,0.88583,0.51,2,243441,242999,442
18374301,47.1148,43.5171,446,43800,0.937166,0.49,2,243494,243048,446
18710101,54,41,487,33580,0.21,0.93,1,247409,246922,487
18713021,40.4,45.8,477,35040,0.194,0.71,1,247446,246969,477
18715941,31.28,42.76,464,35040,0.3668,0.45,1,247475,247011,464
18718861,59.056,67.752,456,35040,0.56136,0.31,1,247541,247085,456
18721781,35.8112,47.1504,444,35040,0.680272,0.19,1,247571,247127,444
18724701,35.1622,36.6301,445,36500,0.848054,0.11,2,247606,247161,445
18812301,47,74,492,39420,0.49,1,1,248746,248254,492
18815221,38.2,52.4,481,39420,0.426,1,1,248782,248301,481
18818141,40.44,34.48,492,39420,0.3012,1,1,248823,248331,492
18821061,36.888,6.896,528,39420,0.11624,1,1,248859,248331,528
18823981,36.1776,27.7792,531,39420,0.047248,1,1,248895,248364,531
18866321,384.036,470.356,421,26280,0.35345,0.05,1,249366,248945,421
18869241,157.607,134.071,472,27740,0.51069,0.03,1,249467,248995,472
18872161,79.5214,93.2142,449,29200,0.526138,0.19,1,249527,249078,449
18875081,38.3043,35.4428,456,30660,0.561228,0.15,1,249555,249099,456
18878001,59.6609,51.8886,465,32120,0.744246,0.21,1,249620,249155,465
18880921,66.3322,63.1777,467,33580,0.828849,0.21,2,249688,249221,467
18883841,36.4664,38.2355,464,35040,0.87777,0.29,2,249717,249253,464
18886761,36.0933,30.0471,472,35040,0.839554,0.33,2,249753,249281,472
18991881,31,21,513,39420,0.92,1,2,251179,250666,513
19130581,36,34,512,37960,0.95,1,2,253174,252662,512
19145181,25,36,492,39420,0.93,1,2,253365,252873,492
19148101,29,36,486,39420,0.882,1,2,253395,252909,486
19241541,37,31,530,39420,0.73,1,1,254567,254037,530
19244461,33,35,526,39420,0.666,1,1,254599,254073,526
19247381,37,31.8,533,39420,0.6372,1,1,254637,254104,533
19250301,37,43.16,524,39420,0.55144,1,1,254674,254150,524
19253221,33.8,40.632,517,39420,0.534288,1,1,254707,254190,517
19256141,38.76,33.7264,525,39420,0.482858,1,1,254747,254222,525
19259061,42.952,53.9453,510,39420,0.408572,1,1,254791,254281,510
19261981,37.3904,39.5891,510,39420,0.313714,1,1,254827,254317,510
19264901,33.8781,37.5178,506,39420,0.326743,1,1,254860,254354,506
19267821,41.9756,33.9036,517,39420,0.329349,0.98,1,254904,254387,517
19270741,34.7951,38.7807,510,39420,0.47387,1,1,254937,254427,510
19273661,23.759,37.3561,494,39420,0.438774,0.93,1,254958,254464,494
19276581,29.5518,31.4712,495,39420,0.463755,0.82,1,254989,254494,495
19279501,31.5104,35.0942,491,39420,0.468751,0.73,1,255021,254530,491
19282421,33.5021,36.6188,488,39420,0.48575,0.65,1,255055,254567,488
19285341,33.9004,32.9238,490,39420,0.48915,0.63,1,255089,254599,490
19288261,31.5801,36.9848,483,39420,0.39383,0.53,1,255120,254637,483
19291181,32.716,36.997,479,39420,0.358766,0.53,1,255153,254674,479
19294101,36.1432,33.7994,483,39420,0.335753,0.47,1,255190,254707,483
19297021,40.0286,38.7599,484,39420,0.443151,0.39,1,255231,254747,484
19299941,34.4057,42.952,473,39420,0.41663,0.29,1,255264,254791,473
19302861,34.8811,37.3904,472,39420,0.491326,0.33,1,255299,254827,472
19305781,44.5762,33.8781,486,39420,0.522265,0.33,1,255346,254860,486
19308701,36.1152,41.9756,476,39420,0.480453,0.51,1,255380,254904,476
19311621,24.823,34.7951,465,39420,0.536091,0.43,1,255402,254937,465
19314541,29.7646,23.759,475,39420,0.515218,0.47,1,255433,254958,475
19317461,31.5529,29.5518,476,39420,0.543044,0.47,1,255465,254989,476
19320381,34.3106,31.5104,479,39420,0.500609,0.49,1,255500,255021,479
19323301,33.2621,33.5021,478,39420,0.540122,0.49,1,255533,255055,478
19326221,29.0524,33.9004,472,39420,0.612024,0.37,1,255561,255089,472
19329141,31.4105,31.5801,473,39420,0.674405,0.35,1,255593,255120,473
19332061,39.0821,32.716,481,40880,0.686881,0.33,1,255634,255153,481
19334981,40.6164,36.1432,485,40880,0.721376,0.47,1,255675,255190,485
19337901,32.9233,40.0286,475,40880,0.776275,0.41,2,255706,255231,475
19340821,37.7847,34.4057,481,40880,0.819255,0.51,2,255745,255264,481
19343741,44.3569,34.8811,492,40880,0.891851,0.53,2,255791,255299,492
19759841,204,217,450,36500,0.55,0.59,1,260235,259785,450
19762761,58.4,51.4,462,37960,0.598,0.55,1,260257,259795,462
19765681,26.88,34.28,451,39420,0.6396,0.55,1,260276,259825,451
19768601,29.376,28.456,454,39420,0.66392,0.55,1,260306,259852,454
19771521,25.8752,23.2912,457,39420,0.620784,0.53,1,260331,259874,457
19774441,18.775,24.6582,449,39420,0.548157,0.55,1,260348,259899,449
19777361,28.555,17.7316,464,39420,0.597631,0.65,1,260379,259915,464
19780281,65.711,62.7463,465,39420,0.879526,0.59,2,260454,259989,465
19783201,47.5422,46.1493,466,40880,0.887905,0.61,2,260497,260031,466
19942341,54,53,466,32120,0.95,0.55,2,262345,261879,466
20059141,51,80,485,30660,0.15,0.9,1,263932,263447,485
20062061,55.8,59.2,488,32120,0.214,0.69,1,263989,263501,488
20064981,66.36,53.44,505,32120,0.4508,0.41,1,264058,263553,505
20067901,55.672,74.688,478,32120,0.53016,0.17,1,264111,263633,478
20070821,34.3344,68.5376,440,32120,0.610032,0.17,1,264140,263700,440
20073741,30.0669,36.1075,441,32120,0.738006,0.07,1,264169,263728,441
20076661,29.2134,36.0215,434,32120,0.843601,0.03,2,264198,263764,434
20079581,22.6427,28.0043,429,33580,0.92872,0.01,2,264219,263790,429
20175941,35,33,520,33580,0.57,1,1,265664,265144,520
20178861,28.6,33,514,33580,0.442,1,1,265691,265177,514
20181781,29.72,29.8,515,33580,0.3524,1,1,265721,265206,515
20184701,35.544,39.56,510,33580,0.23848,1,1,265758,265248,510
20187621,59.1088,39.912,535,33580,0.071696,1,1,265823,265288,535
20190541,37.4218,46.3824,519,33580,0.0863392,1,1,265855,265336,519
20193461,49.8844,38.0765,536,33580,0.0892678,1,1,265908,265372,536
20196381,61.9769,52.4153,545,33580,0.0738536,1,1,265973,265428,545
20199301,38.7954,70.4831,503,33580,0.0867707,1,1,266006,265503,503
20202221,48.5591,41.2966,520,33580,0.233354,0.73,1,266057,265537,520
20205141,28.9118,57.0593,483,33580,0.230671,0.67,1,266081,265598,483
20208061,28.1824,36.2119,480,33580,0.294134,0.57,1,266109,265629,480
20210981,23.2365,35.2424,467,33580,0.434827,0.41,1,266131,265664,467
20213901,24.6473,28.6485,465,33580,0.494965,0.33,1,266156,265691,465
20216821,30.5295,29.7297,467,33580,0.586993,0.21,1,266188,265721,467
20219741,52.5059,35.5459,488,33580,0.701399,0.03,1,266246,265758,488
20222661,34.5012,59.1092,453,33580,0.72428,0.09,1,266276,265823,453
20225581,50.9002,37.4218,476,33580,0.808856,0.09,2,266331,265855,476
20228501,62.18,49.8844,488,33580,0.809771,0.07,2,266396,265908,488
20231421,44.436,61.9769,463,33580,0.889954,0.09,2,266436,265973,463
20234341,53.6872,38.7954,486,33580,0.889991,0.27,2,266492,266006,486
20237261,26.7374,48.5591,455,33580,0.905998,0.23,2,266512,266057,455
20333621,33,47,504,39420,0.61,1,1,267875,267371,504
20336541,34.6,35.8,506,40880,0.498,1,1,267910,267404,506
20339461,38.92,35.16,511,40880,0.5236,1,1,267950,267439,511
20342381,32.584,39.032,502,40880,0.48072,1,1,267981,267479,502
20345301,33.7168,36.6064,500,40880,0.488144,1,1,268015,267515,500
20348221,26.7434,31.3213,495,42340,0.457629,1,1,268040,267545,495
20351141,16.5487,26.2643,484,42340,0.435526,1,1,268054,267570,484
20354061,22.5097,25.2529,483,42340,0.367105,1,1,268078,267595,483
20356981,50.1019,48.2506,486,42340,0.225421,1,1,268135,267649,486
20359901,30.8204,38.4501,476,43800,0.261084,1,1,268161,267685,476
20362821,51.7641,58.09,470,43800,0.220217,1,1,268218,267748,470
20365741,49.5528,11.618,519,43800,0.196043,0.89,1,268267,267748,519
20368661,32.3106,46.3236,492,43800,0.255209,0.65,1,268295,267803,492
20371581,29.6621,40.4647,482,43800,0.315042,0.61,1,268324,267842,482
20374501,7.53242,34.4929,451,43800,0.327008,0.47,1,268326,267875,451
20377421,27.9065,34.8986,449,43800,0.361402,0.53,1,268359,267910,449
20380341,39.1813,38.9797,451,43800,0.43228,0.47,1,268401,267950,451
20383261,24.6363,32.5959,441,45260,0.590456,0.49,1,268422,267981,441
20386181,34.5273,33.7192,444,45260,0.686091,0.49,1,268459,268015,444
20389101,25.3054,6.74384,467,45260,0.833218,0.45,2,268482,268015,467
20392021,13.8611,21.3488,453,46720,0.878644,0.43,2,268493,268040,453
20394941,20.3722,15.4698,461,46720,0.919729,0.35,2,268515,268054,461
20497141,58,77,473,39420,0.15,0.91,1,270049,269576,473
20505901,46.8,52.2,471,39420,0.15,0.81,1,270093,269622,471
20508821,61.36,68.04,464,39420,0.102,0.87,1,270158,269694,464
20542401,21.072,26.408,459,39420,0.1084,0.77,1,270169,269710,459
20545321,25.0144,17.2816,470,40880,0.17368,0.69,1,270195,269725,470
20548241,30.6029,29.8563,469,42340,0.250736,0.59,1,270227,269758,469
20551161,31.7206,34.7713,465,43800,0.378147,0.53,1,270259,269794,465
20554081,26.3441,33.3543,457,45260,0.435629,0.55,1,270284,269827,457
20557001,20.4688,21.0709,458,45260,0.527126,0.37,1,270303,269845,458
20559921,31.2938,32.2142,457,45260,0.545425,0.31,1,270337,269880,457
20562841,20.6588,34.4428,440,45260,0.597085,0.31,1,270355,269915,440
20565761,14.5318,6.88857,453,45260,0.623417,0.35,1,270368,269915,453
20568681,38.9064,22.1777,472,45260,0.676683,0.27,1,270413,269941,472
20571601,26.9813,44.4355,446,46720,0.767337,0.17,2,270437,269991,446
20574521,37.3963,32.8871,456,46720,0.913467,0.15,2,270477,270021,456
20717601,13,14,461,37960,0.65,0.59,1,272361,271900,461
20720521,78.6,82.8,456,37960,0.698,0.71,1,272456,272000,456
20758481,26.92,29.36,454,37960,0.7236,0.63,1,272470,272016,454
20761401,28.584,19.472,466,39420,0.79272,0.71,2,272499,272033,466
20764321,35.3168,28.6944,472,40880,0.902544,0.67,2,272536,272064,472
20922001,40,53,482,35040,0.77,1,2,274347,273865,482
21062161,74,74,421,30660,0.33,0.01,1,276197,275776,421
21065081,56.4,27.6,457,32120,0.522,0.17,1,276249,275792,457
21068001,20.88,29.52,439,33580,0.5444,0.07,1,276261,275822,439
21070921,29.776,32.304,438,33580,0.67688,0.05,1,276293,275855,438
21073841,33.1552,18.4608,457,35040,0.863376,0.01,2,276327,275870,457
21076761,47.431,50.0922,450,35040,0.868675,0.01,2,276378,275928,450
21079681,43.8862,43.6184,451,35040,0.885735,0.03,2,276421,275970,451
21082601,48.7772,45.5237,455,35040,0.937147,0.07,2,276471,276016,455
21181881,34,19,532,36500,0.53,1,1,277815,277283,532
21184801,34.8,33.4,530,36500,0.498,1,1,277850,277320,530
21187721,43.76,37.88,537,36500,0.3476,1,1,277896,277359,537
21190641,38.352,48.376,523,36500,0.18952,1,1,277933,277410,523
21193561,61.2704,48.8752,541,36500,0.157904,1,1,278000,277459,541
21196481,38.6541,56.175,516,36500,0.119581,1,1,278033,277517,516
21199401,35.7308,44.035,510,36500,0.111916,1,1,278068,277558,510
21202321,52.7462,39.207,529,36500,0.110383,1,1,278125,277596,529
21205241,31.3492,49.4414,503,36500,0.0780766,1,1,278151,277648,503
21208161,31.0698,37.8883,499,36500,0.167615,0.96,1,278182,277683,499
21211081,28.614,33.9777,494,36500,0.185523,0.76,1,278210,277716,494
21214001,28.1228,33.9955,488,36500,0.269105,0.73,1,278238,277750,488
21216921,20.8246,31.5991,476,36500,0.269821,0.53,1,278257,277781,476
21219841,30.5649,33.5198,475,36500,0.349964,0.49,1,278290,277815,475
21222761,39.713,34.704,482,36500,0.413993,0.31,1,278332,277850,482
21225681,31.1426,43.7408,465,36500,0.538799,0.15,1,278361,277896,465
21228601,57.4285,38.3482,492,36500,0.73976,0.15,1,278425,277933,492
21231521,37.8857,61.2696,458,36500,0.795952,0.11,2,278458,278000,458
21234441,33.9771,38.6539,458,36500,0.80719,0.11,2,278491,278033,458
21237361,53.9954,35.7308,482,36500,0.841438,0.11,2,278550,278068,482
21517681,66,38,494,29200,0.59,0.65,1,282347,281853,494
21520601,83.6,54,524,30660,0.718,0.43,1,282435,281911,524
21523521,57.52,90,476,30660,0.8556,0.37,2,282486,282010,476
21595061,38,33,549,33580,0.43,1,1,283593,283044,549
21631561,382,474.6,432,23360,0.382,0.15,1,284061,283629,432
21634481,128.4,139.72,441,24820,0.4044,0,1,284126,283685,441
21637401,99.28,74.344,475,26280,0.56888,0.11,1,284218,283743,475
21640321,86.256,109.269,440,27740,0.809776,0.21,2,284301,283861,440
21736681,38,33,522,33580,0.78,1,2,285814,285292,522
21739601,51.6,55.4,516,33580,0.676,1,1,285869,285353,516
21742521,35.12,38.28,513,33580,0.5592,1,1,285900,285387,513
21745441,36.624,36.456,514,33580,0.40784,1,1,285937,285423,514
21748361,36.1248,32.0912,519,33580,0.297568,1,1,285973,285454,519
21751281,35.225,36.0182,517,33580,0.243514,1,1,286008,285491,517
21754201,36.645,38.4036,515,33580,0.184703,1,1,286045,285530,515
21757121,37.729,34.0807,520,33580,0.156941,1,1,286083,285563,520
21760041,36.3458,38.0161,517,33580,0.167388,1,1,286119,285602,517
21762961,66.4692,37.2032,554,33580,0.233478,0.94,1,286193,285639,554
21765881,49.2938,70.6406,520,33580,0.214696,0.95,1,286238,285718,520
21768801,35.4588,60.5281,494,33580,0.242939,0.78,1,286270,285776,494
21771721,45.4918,42.5056,504,33580,0.344588,0.65,1,286318,285814,504
21774641,31.4983,52.5011,477,33580,0.396918,0.53,1,286346,285869,477
21777561,28.6997,35.3002,474,33580,0.391384,0.37,1,286374,285900,474
21780481,30.5399,36.66,468,33580,0.566277,0.27,1,286405,285937,468
21783401,31.708,36.132,464,33580,0.649255,0.23,1,286437,285973,464
21786321,35.1416,35.2264,465,33580,0.857851,0.17,2,286473,286008,465
21789241,36.6283,36.6453,465,33580,0.91557,0.15,2,286510,286045,465
21865161,37,36,516,35040,0.61,1,1,287653,287137,516
21868081,41,38.4,519,35040,0.514,1,1,287695,287176,519
21871001,37,41.28,513,35040,0.4308,1,1,287731,287218,513
21873921,37,38.656,512,35040,0.33416,1,1,287768,287256,512
21876841,43.4,33.3312,525,35040,0.234832,1,1,287813,287288,525
21879761,39.88,33.8662,530,35040,0.214966,1,1,287852,287322,530
21882681,34.376,41.9732,519,35040,0.226993,1,1,287885,287366,519
21885601,41.2752,41.9947,520,35040,0.181399,1,1,287928,287408,520
21888521,37.855,37.1989,521,35040,0.18828,1,1,287965,287444,521
21891441,69.971,43.4398,554,36500,0.157656,0.9,1,288043,287489,554
21894361,34.7942,79.888,491,36500,0.167531,0.71,1,288069,287578,491
21897281,8.55884,46.3776,455,36500,0.169506,0.61,1,288071,287616,455
21900201,28.1118,38.8755,451,36500,0.217901,0.49,1,288104,287653,451
21903121,33.6224,41.3751,444,36500,0.27558,0.41,1,288139,287695,444
21906041,30.7245,37.075,438,36500,0.303116,0.31,1,288169,287731,438
21908961,32.5449,37.015,434,36500,0.404623,0.21,1,288202,287768,434
21911881,39.309,43.403,430,37960,0.552925,0.21,1,288243,287813,430
21914801,39.8618,39.8806,431,37960,0.678585,0.23,1,288283,287852,431
22025761,37,0,540,49640,0.55,1,1,289637,289097,540
22028681,31.4,16,550,49640,0.406,1,1,289667,289117,550
22040361,387.88,480,431,35040,0.3612,0.09,1,290144,289713,431
22044741,169.576,196,421,35040,0.41624,0.03,1,290259,289838,421
22087081,55.5152,60.8,421,35040,0.443248,0.03,1,290286,289865,421
22090001,54.303,25.76,458,36500,0.44865,0.15,1,290340,289882,458
22092921,32.4606,33.952,449,37960,0.52973,0.15,1,290367,289918,449
22095841,56.0921,46.7904,461,39420,0.689946,0.09,1,290429,289968,461
22098761,35.2184,36.5581,457,40880,0.705989,0.15,1,290459,290002,457
22101681,28.6437,30.5116,455,40880,0.693198,0.21,1,290486,290031,455
22104601,27.3287,24.5023,459,42340,0.72264,0.23,1,290513,290054,459
22107521,26.2657,25.7005,459,42340,0.744528,0.29,1,290539,290080,459
22110441,6.85315,25.1401,436,42340,0.748906,0.29,1,290541,290105,436
22113361,22.9706,17.028,448,42340,0.797781,0.35,2,290568,290120,448
22116281,52.5941,22.6056,484,42340,0.759556,0.35,2,290628,290144,484
22119201,58.5188,54.9211,481,42340,0.671911,0.43,1,290688,290207,481
22122121,42.9038,52.5842,468,42340,0.734382,0.45,1,290727,290259,468
22125041,54.9808,32.1168,499,43800,0.778876,0.45,2,290785,290286,499
22127961,12.5962,49.6234,447,43800,0.787775,0.55,2,290787,290340,447
22130881,25.7192,31.5247,449,43800,0.837555,0.55,2,290816,290367,449
22133801,59.5438,6.30493,517,43800,0.895511,0.73,2,290884,290367,517
22136721,13.5088,50.861,457,43800,0.907102,0.71,2,290886,290429,457
22307541,66,46,531,37960,0.77,1,2,292817,292286,531
22310461,44.4,69.2,495,37960,0.834,1,2,292856,292361,495
22415581,35,32,504,40880,0.69,1,1,294101,293597,504
22418501,35.8,32.8,507,40880,0.594,1,1,294137,293630,507
22421421,39.16,44.96,499,40880,0.5108,1,1,294177,293678,499
22424341,46.232,68.992,472,40880,0.43016,1,1,294225,293753,472
22427261,67.6464,42.5984,509,40880,0.366032,1,1,294298,293789,509
22430181,40.7293,34.1197,511,40880,0.385206,1,1,294332,293821,511
22433101,28.9459,30.8239,507,40880,0.373041,1,1,294358,293851,507
22436021,27.3892,34.9648,498,40880,0.338608,1,1,294385,293887,498
22438941,18.2778,30.193,485,40880,0.347722,1,1,294401,293916,485
22441861,24.4556,27.6386,484,40880,0.365544,1,1,294427,293943,484
22444781,24.8911,23.1277,487,40880,0.417109,1,1,294452,293965,487
22447701,21.7782,34.2255,471,40880,0.403422,0.93,1,294473,294002,471
22450621,28.3556,34.0451,467,40880,0.488684,0.81,1,294503,294036,467
22453541,24.0711,30.809,460,40880,0.489737,0.69,1,294526,294066,460
22456461,25.6142,34.1618,451,40880,0.489947,0.57,1,294552,294101,451
22459381,30.7228,35.6324,447,40880,0.553989,0.49,1,294584,294137,447
22462301,36.5446,39.1265,445,40880,0.694798,0.41,1,294622,294177,445
22465221,42.5089,46.2253,441,40880,0.81896,0.35,2,294666,294225,441
22468141,66.1018,67.6451,440,40880,0.811792,0.39,2,294738,294298,440
22634581,23,64,503,46720,0.81,1,2,296653,296150,503
22637501,28.6,50.4,486,46720,0.73,1,1,296683,296197,486
22640421,29.72,31.68,489,46720,0.714,1,1,296713,296224,489
22643341,35.544,29.536,497,48180,0.8548,1,2,296750,296253,497
22646261,31.9088,25.1072,504,48180,0.89896,1,2,296781,296277,504
22649181,29.5818,27.4214,505,48180,0.923792,1,2,296810,296305,505
22786421,83,94,467,40880,0.39,0.88,1,298619,298152,467
22795181,27,33.2,462,40880,0.454,0.65,1,298632,298170,462
22799561,70.2,78.64,453,40880,0.5788,0.57,1,298713,298260,453
22803941,19.64,28.528,444,40880,0.65176,0.49,1,298720,298276,444
22837521,16.728,18.5056,444,40880,0.586352,0.47,1,298736,298292,444
22840441,25.7456,12.5011,461,42340,0.71727,0.45,1,298764,298303,461
22843361,25.1491,27.3002,455,43800,0.791454,0.41,2,298789,298334,455
22846281,30.6298,31.06,455,45260,0.918291,0.37,2,298821,298366,455
23062361,422,473,453,11680,0.83,0.59,2,303234,302781,453
23065281,86,94.6,455,14600,0.83,0.61,2,303236,302781,455
23068201,38.8,43.72,451,17520,0.894,0.61,2,303263,302812,451
23071121,9.36,8.744,453,20440,0.9228,0.83,2,303265,302812,453
23160181,7,8,438,20440,0.61,0.33,1,305244,304806,438
23241941,71,57,486,21900,0.37,0.29,1,307115,306629,486
23244861,36.6,61.8,451,23360,0.45,0.19,1,307143,306692,451
23247781,29.72,38.76,446,23360,0.466,0.09,1,307171,306725,446
23250701,28.344,36.552,438,23360,0.6452,0,1,307199,306761,438
23253621,72.8688,32.9104,490,24820,0.61704,0.05,1,307283,306793,490
23256541,49.7738,93.7821,425,24820,0.691408,0.21,1,307327,306902,425
23259461,131.555,132.356,435,24820,0.754282,0.21,2,307479,307044,435
23262381,87.1109,26.4713,511,24820,0.766856,0.37,2,307555,307044,511
23265301,19.0222,62.0943,442,26280,0.769371,0.47,2,307557,307115,442
23268221,29.4044,34.8188,446,26280,0.833874,0.47,2,307589,307143,446
23271141,30.6809,29.3638,449,26280,0.846775,0.69,2,307620,307171,449
23274061,30.1362,28.2728,451,26280,0.881355,0.69,2,307650,307199,451
23352901,26,29,512,27740,0.91,1,2,309075,308563,512
23355821,66,28.2,560,27740,0.91,1,2,309151,308591,560
23358741,54,71.24,529,27740,0.814,1,2,309202,308673,529
23361661,129.2,55.848,625,27740,0.7308,1,1,309350,308725,625
23364581,83.44,131.17,547,27740,0.79416,0.92,2,309422,308875,547
23367501,33.488,83.0339,497,27740,0.774832,1,2,309443,308946,497
23370421,27.4976,37.4068,497,27740,0.866966,1,2,309469,308972,497
23373341,26.2995,29.0814,496,27740,0.837393,0.94,2,309495,308999,496
23376261,24.4599,27.4163,493,27740,0.911479,0.87,2,309519,309026,493
23458021,27,21,502,32120,0.79,1,2,310981,310479,502
23460941,31,21,513,32120,0.71,1,1,311013,310500,513
23463861,33.4,34.6,509,32120,0.582,1,1,311047,310538,509
23466781,57.88,70.12,494,32120,0.4924,1,1,311111,310617,494
23469701,114.776,14.024,623,33580,0.36248,1,1,311240,310617,623
23472621,49.3552,119.605,510,35040,0.336496,1,1,311273,310763,510
23475541,38.671,51.921,511,35040,0.283299,1,1,311309,310798,511
23478461,43.7342,37.5842,522,35040,0.20866,0.98,1,311354,310832,522
23481381,10.3468,52.3168,468,35040,0.193732,0.93,1,311356,310888,468
23484301,25.2694,38.4634,462,35040,0.254746,0.85,1,311385,310923,462
23487221,29.0539,32.4927,461,36500,0.314949,0.79,1,311415,310954,461
23490141,25.0108,28.0985,458,36500,0.34299,0.69,1,311439,310981,458
23493061,25.8022,31.2197,452,36500,0.348598,0.55,1,311465,311013,452
23495981,29.1604,33.4439,448,36500,0.41372,0.47,1,311495,311047,448
23498901,53.8321,57.8888,444,36500,0.490744,0.47,1,311555,311111,444
23501821,107.566,11.5778,565,36500,0.762149,0.33,2,311676,311111,565
23504741,23.1133,105.516,438,37960,0.88043,0.33,2,311678,311240,438
23604021,102,133,425,32120,0.25,0.07,1,313302,312877,425
23609861,63.6,69.8,425,32120,0.314,0.05,1,313356,312931,425
23615701,55.12,57.16,424,32120,0.3588,0.17,1,313409,312985,424
23644901,131.024,126.632,430,32120,0.62376,0.25,1,313559,313129,430
23647821,53.4048,40.5264,445,33580,0.724752,0.19,1,313593,313148,445
23650741,41.081,40.1053,443,35040,0.74495,0.21,1,313631,313188,443
23653661,29.8162,17.6211,458,36500,0.78099,0.25,2,313658,313200,458
23656581,37.1632,32.3242,461,37960,0.852198,0.25,2,313697,313236,461
23659501,37.0326,40.0648,456,37960,0.85044,0.25,2,313734,313278,456
23662421,39.4065,47.213,447,37960,0.786088,0.33,2,313774,313327,447
23665341,40.6813,32.6426,459,37960,0.837218,0.35,2,313815,313356,459
23668261,36.1363,35.3285,458,37960,0.863444,0.43,2,313850,313392,458
23671181,30.4273,33.4657,454,37960,0.900689,0.39,2,313879,313425,454
23674101,7.68545,17.0931,443,39420,0.908138,0.63,2,313881,313438,443
23677021,106.337,83.4186,474,39420,0.941628,0.69,2,314012,313538,474
23679941,49.2674,33.4837,488,39420,0.932326,0.75,2,314047,313559,488
23682861,11.4535,33.8967,456,39420,0.930465,0.75,2,314049,313593,456
23915001,38,38,515,37960,0.65,1,1,317185,316670,515
23955881,404.4,463.6,441,26280,0.234,0.29,1,317681,317240,441
23958801,132.88,135.92,452,27740,0.1988,0.21,1,317746,317294,452
23961721,76.176,88.784,437,29200,0.31976,0.13,1,317808,317371,437
23964641,84.0352,52.1568,480,30660,0.663952,0.03,1,317894,317414,480
23967561,52.807,80.8314,437,32120,0.90879,0.05,2,317939,317502,437
24052241,32,32,539,37960,0.65,1,1,319139,318600,539
24053701,32,44.8,523,37960,0.506,1,1,319171,318648,523
24094581,384.8,456.16,437,26280,0.3172,0.01,1,319644,319207,437
24097501,148.96,162.432,438,27740,0.43944,0.03,1,319734,319296,438
24100421,86.592,69.2864,463,29200,0.703888,0.13,1,319805,319342,463
24195321,31,73,493,27740,0.61,1,1,321262,320769,493
24198241,93.4,67.4,536,29200,0.482,1,1,321371,320835,536
24201161,85.88,68.68,551,29200,0.3604,0.91,1,321455,320904,551
24204081,46.776,81.736,503,29200,0.36808,0.98,1,321492,320989,503
24207001,30.9552,50.7472,487,29200,0.369616,1,1,321519,321032,487
24209921,32.591,38.9494,484,29200,0.433923,0.85,1,321552,321068,484
24212841,30.5182,34.1899,481,29200,0.494785,0.79,1,321582,321101,481
24215761,18.9036,32.438,465,29200,0.490957,0.61,1,321598,321133,465
24218681,72.5807,84.8876,453,30660,0.730191,0.61,1,321684,321231,453
24221601,36.1161,16.9775,480,30660,0.810038,0.61,2,321711,321231,480
24224521,8.82323,28.1955,451,30660,0.842008,0.45,2,321713,321262,451
24227441,83.3646,92.8391,444,30660,0.928401,0.33,2,321815,321371,444
24309201,36,90,500,30660,0.95,1,2,323117,322617,500
24312121,42.4,41.2,515,30660,0.902,1,2,323161,322646,515
24315041,54.88,33.04,542,30660,0.8924,1,2,323219,322677,542
24317961,83.776,69.808,554,30660,0.89048,1,2,323310,322756,554
24405561,99,47,564,33580,0.63,1,1,324715,324151,564
24408481,47,84.6,504,33580,0.646,1,1,324749,324245,504
24411401,35.8,41.72,506,33580,0.5372,1,1,324782,324276,506
24414321,34.36,53.944,483,33580,0.41944,1,1,324816,324333,483
24417241,39.672,40.3888,487,35040,0.459888,1,1,324857,324370,487
24420161,31.9344,35.2778,483,35040,0.403978,1,1,324887,324404,483
24423081,37.5869,35.8556,486,35040,0.360796,1,1,324926,324440,486
24426001,37.9174,35.1711,489,35040,0.352159,0.98,1,324964,324475,489
24428921,31.5835,37.4342,481,35040,0.366432,0.87,1,324994,324513,481
24431841,44.7167,57.0868,467,36500,0.273286,0.87,1,325042,324575,467
24434761,39.3433,11.4174,505,36500,0.270657,0.81,1,325080,324575,505
24437681,76.6687,35.0835,550,36500,0.366131,0.63,1,325166,324616,550
24440601,41.7337,86.2167,484,37960,0.449226,0.65,1,325199,324715,484
24443521,32.3467,44.4433,480,37960,0.513845,0.51,1,325229,324749,480
24446441,30.4693,35.2887,477,37960,0.670769,0.39,1,325259,324782,477
24449361,7.69387,34.2577,445,37960,0.702154,0.47,1,325261,324816,445
24452281,34.3388,39.6515,445,37960,0.772431,0.39,2,325302,324857,445
24551561,46,53,463,33580,0.03,0.57,1,326937,326474,463
24573461,58,73.8,445,33580,0.094,0.07,1,326998,326553,445
24604121,189.2,209.96,423,33580,0.4908,0.09,1,327220,326797,423
24607041,59.44,54.792,434,35040,0.69816,0.07,1,327247,326813,434
24609961,34.288,18.1584,453,36500,0.883632,0.11,2,327275,326822,453
24732601,75,84,455,32120,0.47,0.55,1,329211,328756,455
24770561,64.6,73.6,446,32120,0.646,0.49,1,329273,328827,446
24773481,45.72,45.12,449,33580,0.7772,0.33,2,329314,328865,449
24776401,77.944,77.824,449,35040,0.86744,0.35,2,329400,328951,449
24779321,36.3888,26.7648,461,35040,0.933488,0.37,2,329426,328965,461
24904881,37,22,526,39420,0.77,1,2,331045,330519,526
24907801,34.6,38,518,39420,0.722,1,1,331079,330561,518
24910721,33.32,37.2,514,39420,0.6164,1,1,331112,330598,514
24913641,36.264,36.24,515,39420,0.48328,1,1,331149,330634,515
24916561,33.6528,34.448,514,39420,0.488656,1,1,331182,330668,514
24919481,38.7306,35.6896,518,39420,0.505731,1,1,331222,330704,518
24922401,34.1461,37.5379,513,39420,0.541146,1,1,331255,330742,513
24925321,43.6292,30.7076,530,39420,0.500229,1,1,331301,330771,530
24928241,32.7258,43.7415,513,39420,0.412046,1,1,331331,330818,513
24931161,35.3452,46.3483,502,39420,0.458409,1,1,331367,330865,502
24934081,37.469,34.0697,509,39420,0.339682,0.99,1,331405,330896,509
24937001,34.6938,35.6139,507,39420,0.443936,0.89,1,331439,330932,507
24939921,29.3388,40.7228,493,39420,0.496787,0.73,1,331467,330974,493
24942841,36.2678,35.3446,497,39420,0.459357,0.77,1,331505,331008,497
24945761,31.2535,36.6689,490,39420,0.515872,0.71,1,331535,331045,490
24948681,30.2507,34.5338,486,39420,0.463174,0.59,1,331565,331079,486
24951601,31.6501,33.3068,485,39420,0.436635,0.45,1,331597,331112,485
24954521,31.93,36.2614,480,39420,0.543327,0.49,1,331629,331149,480
24957441,38.386,33.6523,487,39420,0.612665,0.51,1,331669,331182,487
24960361,35.6772,38.7305,482,39420,0.690533,0.55,1,331704,331222,482
24963281,39.1354,34.1461,489,39420,0.770107,0.49,2,331744,331255,489
24966201,31.8271,43.6292,473,39420,0.898021,0.39,2,331774,331301,473
25062561,39,33,509,42340,0.71,1,1,332977,332468,509
25065481,36.6,35.4,509,42340,0.598,1,1,333013,332504,509
25068401,35.32,31.08,514,42340,0.4316,1,1,333048,332534,514
25071321,39.064,35.816,517,42340,0.36632,1,1,333088,332571,517
25074241,38.2128,39.1632,515,42340,0.289264,1,1,333126,332611,515
25077161,37.2426,33.4326,520,43800,0.225853,1,1,333163,332643,520
25078621,36.2485,34.6865,521,43800,0.181171,1,1,333199,332678,521
25125341,376.85,450.137,429,30660,0.428234,0.23,1,333661,333232,429
25128261,130.57,129.227,449,32120,0.653647,0.23,1,333730,333281,449
25218781,37,2,564,43800,0.73,1,1,334897,334333,564
25220241,36.2,26.8,567,43800,0.618,1,1,334933,334366,567
25266961,394.44,488.56,447,30660,0.4356,0.39,1,335417,334970,447
25269881,126.888,142.512,451,32120,0.47912,0.25,1,335477,335026,451
25272801,58.1776,63.7024,448,33580,0.503824,0.23,1,335518,335070,448
25275721,50.0355,52.7405,446,35040,0.604765,0.19,1,335566,335120,446
25278641,58.0071,40.1481,469,36500,0.864953,0.31,2,335626,335157,469
25281561,35.6014,52.8296,443,36500,0.900991,0.29,2,335656,335213,443
25389601,33,25,531,43800,0.65,1,1,337004,336473,531
25392521,34.6,31.4,533,43800,0.586,1,1,337039,336506,533
25395441,26.12,48.68,504,43800,0.5412,1,1,337063,336559,504
25398361,34.024,24.936,521,43800,0.42024,1,1,337099,336578,521
25401281,34.0048,34.5872,518,43800,0.412048,1,1,337133,336615,518
25404201,34.801,30.1174,524,43800,0.39441,1,1,337168,336644,524
25407121,29.3602,49.2235,498,43800,0.310882,1,1,337196,336698,498
25410041,33.072,37.0447,498,43800,0.294176,1,1,337230,336732,498
25412961,33.8144,32.2089,501,43800,0.306835,1,1,337264,336763,501
25415881,33.1629,37.6418,495,43800,0.261367,1,1,337297,336802,495
25418801,21.8326,33.9284,481,43800,0.300273,0.94,1,337316,336835,481
25421721,23.5665,33.1857,472,43800,0.340055,0.97,1,337340,336868,472
25424641,27.1133,32.2371,468,43800,0.300011,0.87,1,337368,336900,468
25427561,31.0227,36.8474,462,43800,0.388002,0.75,1,337400,336938,462
25430481,25.4045,33.7695,453,43800,0.4216,0.65,1,337424,336971,453
25433401,29.8809,33.1539,451,43800,0.55632,0.57,1,337455,337004,451
25436321,31.5762,34.6308,448,43800,0.663264,0.53,1,337487,337039,448
25439241,20.7152,26.1262,442,43800,0.636653,0.39,1,337505,337063,442
25442161,31.343,34.0252,440,43800,0.663331,0.41,1,337539,337099,440
25445081,34.2686,34.005,441,43800,0.780666,0.39,2,337574,337133,441
25448001,35.6537,34.801,442,43800,0.820133,0.29,2,337610,337168,442
25450921,26.3307,29.3602,438,43800,0.892027,0.29,2,337634,337196,438
25558961,37,29,520,43800,0.65,1,1,338850,338330,520
25561881,39.4,33.8,525,43800,0.586,1,1,338890,338365,525
25564801,35.88,35.56,524,43800,0.4132,1,1,338925,338401,524
25566261,29.576,32.712,520,43800,0.34664,1,1,338953,338433,520
25612981,383.515,452.942,434,30660,0.221328,0.15,1,339425,338991,434
25615901,115.903,121.788,444,32120,0.324266,0.19,1,339474,339030,444
25618821,63.1806,62.7577,446,33580,0.648853,0.07,1,339524,339078,446
25621741,60.6361,49.3515,460,35040,0.825771,0.03,2,339584,339124,460
25775041,40,47,468,33580,0.27,0.43,1,341448,340980,468
25777961,48.8,55.8,461,35040,0.43,0.17,1,341499,341038,461
25780881,42.56,59.16,442,36500,0.574,0.01,1,341540,341098,442
25783801,45.312,56.632,432,37960,0.6188,0.01,1,341586,341154,432
25786721,64.2624,61.7264,438,39420,0.51576,0,1,341655,341217,438
25789641,41.6525,26.7453,456,39420,0.623152,0.07,1,341691,341235,456
25792561,26.7305,42.9491,432,39420,0.67663,0.03,1,341714,341282,432
25795481,36.5461,18.1898,459,39420,0.671326,0.07,1,341753,341294,459
25798401,19.3092,31.638,439,39420,0.702265,0.11,1,341768,341329,439
25801321,15.8618,27.1276,428,39420,0.836453,0.19,2,341783,341355,428
25804241,49.5724,47.8255,433,40880,0.927291,0.19,2,341841,341408,433
25807161,45.9145,9.5651,478,40880,0.913458,0.27,2,341886,341408,478
25810081,10.7829,33.913,440,40880,0.942692,0.47,2,341888,341448,440
25941481,42,25,516,43800,0.59,1,1,343452,342936,516
25944401,37.2,31.4,519,43800,0.558,1,1,343488,342969,519
25947321,35.44,35.08,518,43800,0.5356,1,1,343523,343005,518
26094781,59,55,491,30660,0.57,1,1,345436,344945,491
26097701,62.2,53.4,501,32120,0.618,0.81,1,345499,344998,501
26100621,53.24,57.08,494,32120,0.7076,0.65,1,345550,345056,494
26103541,60.248,55.416,501,32120,0.80552,0.55,2,345612,345111,501
26106461,32.0496,64.6832,459,32120,0.905104,0.51,2,345637,345178,459
26188221,54,52,538,33580,0.57,1,1,346826,346288,538
26191141,39.6,61.6,510,33580,0.458,1,1,346862,346352,510
26194061,36.72,40.32,511,33580,0.3556,1,1,346898,346387,511
26196981,55.344,37.664,534,33580,0.28712,1,1,346958,346424,534
26199901,57.4688,44.3328,546,33580,0.145424,1,1,347016,346470,546
26202821,53.8938,75.2666,516,33580,0.101085,1,1,347069,346553,516
26205741,37.9788,43.8533,514,33580,0.188217,1,1,347103,346589,514
26208661,35.5958,45.5707,503,33580,0.205643,1,1,347138,346635,503
26211581,39.1191,37.9141,507,33580,0.257129,1,1,347178,346671,507
26214501,27.8238,33.9828,499,33580,0.299426,0.92,1,347203,346704,499
26217421,27.9648,33.1966,494,33580,0.323885,0.81,1,347231,346737,494
26220341,39.193,34.6393,501,33580,0.376777,0.57,1,347273,346772,501
26223261,31.8386,50.1279,477,33580,0.451355,0.43,1,347303,346826,477
26226181,30.3677,38.8256,471,33580,0.482271,0.33,1,347333,346862,471
26229101,50.8735,36.5651,491,33580,0.648454,0.27,1,347389,346898,491
26232021,53.3747,55.313,485,33580,0.825691,0.11,2,347443,346958,485
26234941,52.2749,57.4626,479,33580,0.877138,0.09,2,347495,347016,479
26325461,55,27,547,36500,0.89,1,2,348796,348249,547
26328381,39,61.4,512,36500,0.922,1,2,348831,348319,512
26331301,75,55.48,542,36500,0.6404,1,1,348915,348373,542
26334221,43.8,69.496,505,36500,0.53608,1,1,348951,348446,505
26337141,35.16,42.6992,502,36500,0.435216,1,1,348984,348482,502
26340061,25.432,33.3398,494,37960,0.415043,1,1,349007,348513,494
26342981,28.2864,42.668,478,37960,0.427009,1,1,349036,348558,478
26345901,38.4573,35.7336,485,37960,0.397402,1,1,349077,348592,485
26348821,32.4915,35.1467,481,37960,0.35948,0.99,1,349108,348627,481
26351741,26.4983,36.6293,469,37960,0.335896,0.93,1,349133,348664,469
26354661,31.6997,38.5259,463,37960,0.251179,0.91,1,349166,348703,463
26357581,35.9399,38.1052,462,37960,0.218236,0.91,1,349203,348741,462
26360501,49.588,7.62103,515,39420,0.243647,0.89,1,349256,348741,515
26363421,40.3176,45.5242,498,39420,0.216729,0.93,1,349294,348796,498
26366341,63.2635,37.1048,532,39420,0.435346,0.57,1,349363,348831,532
26369261,37.4527,74.621,479,40880,0.479069,0.51,1,349394,348915,479
26372181,32.2905,43.7242,474,40880,0.615814,0.41,1,349425,348951,474
26375101,8.05811,35.1448,443,40880,0.643163,0.41,1,349427,348984,443
26378021,17.6116,25.429,440,40880,0.664633,0.43,1,349447,349007,440
26380941,28.3223,28.2858,442,40880,0.748927,0.39,1,349478,349036,442
26383861,35.2645,38.4572,438,40880,0.861785,0.35,2,349515,349077,438
26386781,32.6529,32.4914,439,42340,0.948357,0.33,2,349547,349108,439
26481681,46,55,473,33580,0.01,1,1,351089,350616,473
26506501,75.6,82.2,467,33580,0.074,0.23,1,351172,350705,467
26538621,203.92,236.44,428,33580,0.5028,0.15,1,351408,350980,428
26541541,74.384,68.888,443,35040,0.66856,0.01,1,351450,351007,443
26544461,26.8768,42.5776,422,36500,0.861712,0.07,2,351465,351043,422
26686081,41,20,478,32120,0.87,0.75,2,353356,352878,478
26689001,38.6,35.2,477,33580,0.934,0.75,2,353394,352917,477
26811641,51,91,476,29200,0.65,0.79,1,355143,354667,476
26814561,67,60.6,494,30660,0.618,0.63,1,355214,354720,494
26817481,48.6,64.12,473,32120,0.6596,0.61,1,355258,354785,473
26820401,60.92,70.424,465,32120,0.76392,0.55,2,355322,354857,465
26823321,42.584,42.0848,468,33580,0.912784,0.57,2,355360,354892,468
26940121,61,65,457,27740,0.41,0.37,1,357010,356553,457
26943041,56.2,57,457,29200,0.474,0.21,1,357065,356608,457
26945961,51.24,56.2,451,30660,0.5188,0.15,1,357115,356664,451
26948881,53.448,56.04,449,32120,0.68776,0.29,1,357169,356720,449
26951801,77.0896,77.608,449,32120,0.881552,0.27,2,357252,356803,449
27030641,38,50,510,37960,0.79,1,2,358363,357853,510
27033561,53.2,66,497,37960,0.55,1,1,358420,357923,497
27036481,39.44,13.2,533,37960,0.39,1,1,358456,357923,533
27039401,36.688,28.24,537,37960,0.182,1,1,358492,357955,537
27042321,33.7376,33.648,535,37960,0.0444,1,1,358525,357990,535
27045241,22.7475,34.7296,520,37960,0.04888,0.94,1,358545,358025,520
27048161,30.9495,32.5459,521,37960,0.017776,1,1,358578,358057,521
27051081,34.1899,34.5092,521,37960,0.0035552,1,1,358613,358092,521
27054001,70.838,36.5018,564,37960,0.024711,1,1,358693,358129,564
27056921,47.7676,80.9004,514,37960,0.0609422,1,1,358735,358221,514
27059841,21.5535,47.3801,490,37960,0.0841884,0.9,1,358750,358260,490
27062761,17.9107,36.676,473,37960,0.136838,0.88,1,358767,358294,473
27065681,21.9821,32.1352,465,37960,0.131368,0.79,1,358790,358325,465
27068601,29.1964,36.827,458,37960,0.210273,0.49,1,358821,358363,458
27071521,37.8393,52.9654,441,37960,0.338055,0.35,1,358861,358420,441
27074441,33.1679,39.3931,437,37960,0.363611,0.13,1,358893,358456,437
27077361,28.2336,36.6786,428,37960,0.544722,0.01,1,358920,358492,428
27080281,28.8467,33.7357,424,37960,0.644944,0.05,1,358949,358525,424
27083201,20.1693,22.7471,422,37960,0.728989,0.01,1,358967,358545,422
27086121,30.4339,30.9494,422,37960,0.857798,0,2,359000,358578,422
27089041,34.0868,34.1899,422,37960,0.85156,0.03,2,359035,358613,422
27091961,71.6174,70.838,423,37960,0.850312,0.07,2,359116,358693,423
27094881,50.3235,47.7676,426,37960,0.770062,0.09,2,359161,358735,426
27097801,21.2647,21.5535,425,37960,0.834012,0.15,2,359175,358750,425
27100721,21.0529,17.9107,429,37960,0.846803,0.13,2,359196,358767,429
27103641,20.2106,21.9821,426,37960,0.881361,0.23,2,359216,358790,426
27106561,32.8421,29.1964,431,37960,0.920272,0.37,2,359252,358821,431
27211681,35,29,504,39420,0.69,1,1,360634,360130,504
27214601,30.2,25,509,39420,0.658,1,1,360663,360154,509
27217521,22.04,22.6,507,39420,0.5876,1,1,360683,360176,507
27220441,36.408,30.92,514,39420,0.49352,1,1,360723,360209,514
27223361,38.4816,46.984,502,39420,0.410704,1,1,360762,360260,502
27226281,34.8963,43.7968,493,39420,0.426141,1,1,360796,360303,493
27229201,33.3793,35.9594,492,39420,0.365228,1,1,360829,360337,492
27232121,34.6759,43.1919,482,39420,0.305046,0.98,1,360864,360382,482
27235041,37.3352,37.4384,484,39420,0.341009,1,1,360902,360418,484
27237961,39.467,33.8877,491,39420,0.428202,1,1,360942,360451,491
27240881,21.4934,27.5775,482,40880,0.39764,0.9,1,360959,360477,482
27243801,47.4987,59.1155,469,40880,0.487528,0.77,1,361013,360544,469
27246721,45.4997,55.8231,459,40880,0.505506,0.77,1,361058,360599,459
27249641,30.6999,11.1646,486,40880,0.509101,0.69,1,361085,360599,486
27252561,30.14,30.2329,481,40880,0.50982,0.65,1,361115,360634,481
27255481,18.828,29.2466,468,40880,0.493964,0.57,1,361131,360663,468
27258401,32.5656,21.8493,484,40880,0.634793,0.47,1,361167,360683,484
27261321,36.1131,36.3699,481,40880,0.694959,0.39,1,361204,360723,481
27264241,33.6226,38.474,475,42340,0.802992,0.43,2,361237,360762,475
27267161,32.3245,34.8948,473,42340,0.920598,0.35,2,361269,360796,473
27397101,91,115,445,33580,0.63,0.17,1,363058,362613,445
27429221,97.4,112.6,432,33580,0.806,0.19,2,363157,362725,432
27563541,66,57,450,32120,0.17,0.09,1,364828,364378,450
27566461,65.2,57,458,33580,0.25,0.11,1,364893,364435,458
27569381,65.84,53,472,35040,0.458,0.01,1,364959,364487,472
27572301,37.168,65,434,35040,0.4676,0.03,1,364989,364555,434
27575221,29.0336,33.8,435,35040,0.51752,0.07,1,365016,364581,435
27578141,24.2067,27.56,432,35040,0.639504,0.09,1,365039,364607,432
27581061,16.8413,24.712,423,35040,0.727901,0.03,1,365054,364631,423
27583981,26.5683,14.5424,440,35040,0.71358,0.03,1,365083,364643,440
27586901,38.9137,27.7085,451,35040,0.774716,0.03,2,365125,364674,451
27589821,42.9827,38.3417,454,35040,0.882943,0.07,2,365169,364715,454
27686181,30,29,497,37960,0.65,1,1,366461,365964,497
27689101,33.2,30.6,500,37960,0.554,1,1,366495,365995,500
27692021,29.04,28.52,500,37960,0.5348,1,1,366523,366023,500
27694941,25.808,24.104,502,37960,0.46696,1,1,366548,366046,502
27697861,33.1616,33.6208,501,37960,0.357392,1,1,366583,366082,501
27700781,29.8323,33.1242,497,37960,0.287478,1,1,366612,366115,497
27703701,27.5665,32.2248,492,37960,0.193496,1,1,366639,366147,492
27706621,59.9133,62.445,490,37960,0.158699,0.95,1,366707,366217,490
27709541,66.3827,68.489,488,37960,0.16774,1,1,366775,366287,488
27712461,33.2765,43.2978,476,37960,0.105548,0.99,1,366800,366324,476
27715381,37.0553,37.4596,478,37960,0.12511,0.83,1,366838,366360,478
27718301,27.4111,36.2919,467,37960,0.241022,0.83,1,366863,366396,467
27721221,26.2822,35.2584,458,37960,0.232204,0.65,1,366889,366431,458
27724141,23.6564,31.0517,451,37960,0.230441,0.53,1,366912,366461,451
27727061,28.7313,33.4103,447,37960,0.230088,0.53,1,366942,366495,447
27729981,24.9463,29.0821,443,37960,0.294018,0.45,1,366966,366523,443
27732901,21.7893,25.8164,439,37960,0.306804,0.33,1,366987,366548,439
27735821,32.3579,33.1633,439,37960,0.357361,0.27,1,367022,366583,439
27738741,24.0716,29.8327,432,37960,0.399472,0.17,1,367044,366612,432
27741661,24.8143,27.5665,430,37960,0.487894,0.15,1,367069,366639,430
27744581,54.5629,59.9133,424,37960,0.697579,0.17,1,367131,366707,424
27747501,66.9126,66.3827,426,37960,0.755516,0.09,2,367201,366775,426
27750421,33.3825,33.2765,426,37960,0.799103,0.13,2,367226,366800,426
27753341,39.4765,37.0553,429,37960,0.807821,0.27,2,367267,366838,429
27756261,31.0953,27.4111,433,37960,0.921564,0.23,2,367296,366863,433
27911021,32,37,502,46720,0.87,1,2,369198,368696,502
27913941,36.8,35.4,505,46720,0.934,1,2,369236,368731,505
28030741,63,91,438,39420,0.55,0.31,1,370904,370466,438
28038041,25.4,33.4,435,39420,0.598,0.07,1,370920,370485,435
28042421,61.88,74.68,421,39420,0.7036,0.05,1,370991,370570,421
28045341,30.776,30.936,424,39420,0.66072,0.09,1,371014,370590,424
28051181,18.9552,20.5872,422,39420,0.652144,0.03,1,371030,370608,422
28080381,38.991,37.7174,424,39420,0.634429,0.07,1,371074,370650,424
28083301,37.3982,21.1435,444,40880,0.646886,0.09,1,371111,370667,444
28086221,33.0796,30.6287,443,42340,0.745377,0.09,1,371143,370700,443
28089141,26.6159,32.5257,435,43800,0.781075,0.05,2,371168,370733,435
28092061,14.9232,20.1051,430,43800,0.836215,0.05,2,371180,370750,430
28094981,4.58464,5.62103,430,43800,0.847243,0.05,2,371182,370752,430
28097901,28.1169,1.12421,464,45260,0.929449,0.25,2,371216,370752,464
28280401,139,155,430,36500,0.43,0.19,1,373269,372839,430
28283321,53.4,43.8,446,37960,0.446,0.15,1,373301,372855,446
28286241,59.48,37.56,471,39420,0.5612,0.15,1,373362,372891,471
28289161,39.096,49.112,453,39420,0.60024,0.11,1,373396,372943,453
28292081,31.8192,40.2224,445,39420,0.640048,0.11,1,373426,372981,445
28295001,49.5638,41.6445,457,39420,0.80801,0.17,2,373480,373023,457
28442461,41,52,486,33580,0.39,1,1,375214,374728,486
28445381,61.8,49.6,504,35040,0.326,1,1,375281,374777,504
28448301,49.96,60.32,488,36500,0.3772,0.84,1,375328,374840,488
28451221,52.392,63.264,477,37960,0.38744,0.57,1,375381,374904,477
28454141,64.8784,70.2528,473,37960,0.581488,0.59,1,375449,374976,473
28457061,36.1757,42.8506,466,37960,0.572298,0.45,1,375478,375012,466
28459981,33.6351,38.1701,462,37960,0.682459,0.49,1,375511,375049,462
28462901,31.527,34.834,459,37960,0.752492,0.37,2,375542,375083,459
28465821,31.1054,36.5668,453,37960,0.814498,0.37,2,375573,375120,453
28468741,16.6211,30.5134,437,37960,0.8589,0.29,2,375586,375149,437
28471661,23.3242,25.3027,438,39420,0.89978,0.29,2,375611,375173,438
28604521,45,53,453,33580,0.35,0.03,1,377228,376775,453
28607441,45,58.6,438,35040,0.462,0.05,1,377273,376835,438
28610361,60.2,46.92,458,36500,0.5324,0.09,1,377337,376879,458
28613281,56.04,67.784,440,36500,0.77048,0.09,2,377392,376952,440
28616201,51.208,64.7568,426,37960,0.818096,0.07,2,377442,377016,426
28619121,45.4416,34.5514,443,37960,0.891619,0.17,2,377486,377043,443
28760741,56,57,487,32120,0.39,0.81,1,379221,378734,487
28763661,56.8,67.4,474,33580,0.358,0.77,1,379278,378804,474
28766581,41.76,43.88,474,33580,0.4476,0.57,1,379316,378842,474
28769501,71.552,45.576,507,33580,0.56152,0.51,1,379395,378888,507
28772421,33.5104,69.9152,455,33580,0.568304,0.35,1,379419,378964,455
28775341,34.7021,41.983,455,33580,0.617661,0.41,1,379454,378999,455
28778261,34.1404,30.7966,461,33580,0.659532,0.37,1,379488,379027,461
28781181,26.0281,32.5593,452,35040,0.731906,0.31,1,379512,379060,452
28784101,32.4056,31.3119,455,35040,0.794381,0.39,2,379546,379091,455
28787021,52.8811,18.2624,498,35040,0.886876,0.31,2,379604,379106,498
28789941,12.1762,50.8525,441,35040,0.905375,0.39,2,379606,379165,441
28900901,37,48,486,35040,0.71,1,1,381158,380672,486
28903821,39.4,34.4,495,35040,0.566,1,1,381198,380703,495
28906741,92.68,88.48,499,35040,0.3452,1,1,381304,380805,499
28909661,45.736,44.096,500,35040,0.22104,1,1,381338,380838,500
28912581,37.1472,38.4192,498,35040,0.132208,1,1,381373,380875,498
28915501,32.2294,35.6838,494,35040,0.0504416,1,1,381404,380910,494
28918421,24.0459,30.3368,487,35040,0.0180883,0.99,1,381426,380939,487
28921341,20.8092,31.6674,475,35040,0.0116177,0.96,1,381446,380971,475
28924261,33.7618,35.1335,476,35040,0.0263235,1,1,381483,381007,476
28927181,30.7524,40.6267,464,35040,0.0452647,0.91,1,381513,381049,464
28930101,32.5505,35.3253,463,35040,0.0330529,0.81,1,381546,381083,463
28933021,33.7101,37.4651,459,35040,0.0626106,0.71,1,381580,381121,459
28935941,28.342,37.093,449,35040,0.196522,0.53,1,381607,381158,449
28938861,35.2684,39.4186,446,35040,0.239304,0.29,1,381644,381198,446
28941781,82.2537,92.6837,434,35040,0.583861,0.19,1,381738,381304,434
28944701,39.6507,45.7367,429,35040,0.620772,0.11,1,381767,381338,429
28947621,35.1301,37.1473,428,35040,0.868154,0.03,2,381801,381373,428
29038141,40,31,533,39420,0.51,1,1,382990,382457,533
29041061,36,43,522,40880,0.398,1,1,383025,382503,522
29043981,36.8,36.6,524,40880,0.2316,1,1,383062,382538,524
29046901,37.76,29.72,534,40880,0.04632,1,1,383100,382566,534
29049821,73.952,95.544,505,40880,0.049264,1,1,383183,382678,505
29052741,44.3904,46.3088,508,42340,0.0818528,1,1,383220,382712,508
29055661,32.0781,36.4618,503,42340,0.0563706,1,1,383249,382746,503
29058581,26.4156,36.0924,492,42340,0.0512741,1,1,383274,382782,492
29061501,22.8831,32.0185,483,42340,0.0342548,1,1,383296,382813,483
29064421,19.7766,6.40369,502,43800,0.014851,1,1,383315,382813,502
29067341,31.1553,24.4807,507,43800,0.0429702,1,1,383349,382842,507
29070261,30.2311,34.4961,500,43800,0.096594,0.75,1,383379,382879,500
29073181,25.2462,38.0992,485,43800,0.139319,0.72,1,383403,382918,485
29076101,29.8492,33.2198,484,43800,0.147864,0.51,1,383434,382950,484
29079021,7.56985,38.644,446,45260,0.149573,0.37,1,383436,382990,446
29081941,23.114,35.7288,438,45260,0.261915,0.19,1,383463,383025,438
29084861,24.6228,36.7458,426,45260,0.364383,0,1,383488,383062,426
29087781,32.1246,37.7492,422,45260,0.416877,0.05,1,383522,383100,422
29090701,72.8249,73.9498,422,45260,0.427375,0.05,1,383605,383183,422
29093621,44.965,14.79,460,46720,0.525475,0.09,1,383643,383183,460
29096541,30.593,32.558,450,46720,0.609095,0.05,1,383670,383220,450
29099461,27.7186,29.7116,448,46720,0.657819,0.05,1,383697,383249,448
29102381,22.3437,25.9423,444,46720,0.715564,0.03,1,383718,383274,444
29105301,6.06874,22.7885,424,46720,0.727113,0.01,1,383720,383296,424
29108221,17.2137,19.7577,425,46720,0.713423,0.05,1,383740,383315,425
29111141,31.4427,31.1515,426,46720,0.742684,0.11,1,383775,383349,426
29114061,31.0886,30.2303,427,48180,0.876537,0.15,2,383806,383379,427
29116981,25.4177,25.2461,427,48180,0.903307,0.15,2,383830,383403,427
29230861,38,32,475,40880,0.59,1,1,385408,384933,475
29235241,78.8,79.2,473,40880,0.542,1,1,385497,385024,473
29241081,27.76,28.64,472,40880,0.5324,0.98,1,385512,385040,472
29246921,39.952,42.528,469,40880,0.53048,0.88,1,385555,385086,469
29249841,47.1904,49.3056,467,40880,0.594096,0.99,1,385604,385137,467
29257141,19.0381,22.6611,463,40880,0.606819,0.69,1,385616,385153,463
29284881,46.2076,55.7322,452,40880,0.609364,0.65,1,385669,385217,452
29287801,38.0415,27.1464,468,42340,0.689873,0.59,1,385705,385237,468
29290721,30.8083,33.4293,462,43800,0.769975,0.63,2,385734,385272,462
29293641,14.1617,25.8859,448,45260,0.737995,0.63,1,385744,385296,448
29296561,4.43233,5.17717,450,46720,0.763599,0.63,2,385746,385296,450
29299481,16.8865,1.03543,470,46720,0.78472,0.71,2,385766,385296,470
29302401,34.5773,27.4071,475,46720,0.788944,0.63,2,385805,385330,475
29524321,57,74,466,29200,0.13,1,1,388919,388453,466
29554981,75.4,61.2,488,29200,0.146,1,1,388999,388511,488
29557901,46.28,37.84,495,30660,0.1492,1,1,389038,388543,495
29560821,41.256,38.768,496,32120,0.19784,0.85,1,389078,388582,496
29563741,39.4512,38.9536,496,32120,0.239568,0.83,1,389117,388621,496
29566661,35.0902,50.1907,477,32120,0.231914,0.75,1,389151,388674,477
29569581,41.418,42.0381,480,32120,0.326383,0.53,1,389194,388714,480
29572501,34.6836,47.6076,464,32120,0.329277,0.49,1,389227,388763,464
29575421,32.5367,39.1215,459,33580,0.377855,0.35,1,389259,388800,459
29578341,35.3073,35.8243,460,33580,0.451571,0.25,1,389295,388835,460
29581261,32.6615,43.1649,447,33580,0.450314,0.13,1,389327,388880,447
29584181,85.7323,39.833,507,33580,0.706063,0.15,1,389426,388919,507
29587101,49.9465,71.9666,468,33580,0.789213,0.15,2,389467,388999,468
29590021,11.5893,45.5933,431,33580,0.853842,0.21,2,389469,389038,431
29592941,35.1179,41.1187,432,33580,0.914769,0.25,2,389510,389078,432
29692221,35,28,495,35040,0.43,1,1,390935,390440,495
29695141,31,28.8,496,35040,0.302,1,1,390965,390469,496
29698061,36.6,36.16,496,35040,0.1804,1,1,391003,390507,496
29700981,35.32,33.632,498,35040,0.15608,1,1,391038,390540,498
29703901,32.664,43.5264,484,35040,0.071216,1,1,391070,390586,484
29706821,45.7328,38.3053,496,35040,0.0382432,1,1,391119,390623,496
29709741,33.9466,34.8611,493,35040,0.0316486,1,1,391150,390657,493
29712661,27.5893,32.5722,487,35040,0.0463297,1,1,391176,390689,487
29715581,30.3179,29.7144,489,35040,0.097266,0.96,1,391207,390718,489
29718501,30.8636,33.9429,485,35040,0.0754532,0.75,1,391238,390753,485
29721421,70.1727,93.9886,456,35040,0.103091,0.63,1,391318,390862,456
29724341,40.4345,49.1977,451,35040,0.140618,0.43,1,391351,390900,451
29727261,28.0869,37.8395,441,35040,0.260124,0.27,1,391376,390935,441
29730181,24.8174,31.5679,435,35040,0.236025,0.15,1,391400,390965,435
29733101,32.9635,36.7136,432,35040,0.279205,0.15,1,391435,391003,432
29736021,30.5927,35.3427,427,35040,0.415841,0.05,1,391465,391038,427
29738941,28.5185,32.6685,423,35040,0.459168,0.03,1,391493,391070,423
29741861,44.9037,45.7337,423,35040,0.579834,0.03,1,391542,391119,423
29744781,32.9807,33.9467,422,35040,0.635967,0.05,1,391572,391150,422
29747701,28.9961,27.5893,424,35040,0.647193,0.11,1,391600,391176,424
29750621,28.9992,30.3179,422,35040,0.777439,0.07,2,391629,391207,422
29753541,30.5998,30.8636,422,35040,0.835488,0.11,2,391660,391238,422
29756461,74.12,70.1727,427,35040,0.799098,0.15,2,391745,391318,427
29879101,35,37,515,43800,0.79,1,2,393344,392829,515
29882021,37.4,37.8,515,43800,0.742,1,1,393382,392867,515
29884941,35.48,36.36,514,45260,0.7324,1,1,393417,392903,514
29887861,35.096,47.272,499,45260,0.61848,1,1,393452,392953,499
29890781,33.4192,36.6544,498,45260,0.579696,1,1,393485,392987,498
29893701,33.0838,30.5309,502,45260,0.523939,1,1,393518,393016,502
29896621,33.8168,30.9062,505,45260,0.416788,1,1,393552,393047,505
29899541,33.1634,6.18124,538,45260,0.347358,1,1,393585,393047,538
29902461,25.0327,28.4362,527,45260,0.365471,1,1,393608,393081,527
29905381,41.0065,34.4873,536,46720,0.385094,1,1,393653,393117,536
29908301,37.0013,51.6974,516,46720,0.421019,1,1,393689,393173,516
29911221,23.4003,40.7395,498,46720,0.396204,1,1,393709,393211,498
29914141,16.6801,31.3479,484,46720,0.439241,0.86,1,393724,393240,484
29917061,20.936,34.2696,471,46720,0.447848,0.84,1,393746,393275,471
29919981,24.1872,34.0539,462,48180,0.36957,0.79,1,393771,393309,462
29922901,34.4374,34.8108,464,48180,0.529914,0.73,1,393808,393344,464
29925821,34.0875,37.3622,460,48180,0.513983,0.73,1,393842,393382,460
29928741,31.6175,7.47243,491,48180,0.622797,0.73,1,393873,393382,491
29931661,27.1235,29.4945,482,48180,0.692559,0.59,1,393899,393417,482
29934581,30.2247,33.8989,478,48180,0.834512,0.57,2,393930,393452,478
30033861,41,47,468,40880,0.05,1,1,395358,394890,468
30039701,59.4,50.2,481,42340,0.066,1,1,395422,394941,481
30044081,46.28,54.04,469,42340,0.0212,0.85,1,395465,394996,469
30047001,46.856,50.008,467,42340,0.02824,0.89,1,395512,395045,467
30058681,15.7712,19.6016,463,42340,0.045648,0.65,1,395520,395057,463
30061601,58.3542,71.1203,448,42340,0.0491296,0.47,1,395589,395141,448
30063061,22.8708,28.6241,444,42340,0.129826,0.45,1,395603,395159,444
30071821,13.3742,17.7248,440,42340,0.161965,0.11,1,395614,395174,440
30074741,84.2748,96.345,426,42340,0.328393,0.07,1,395716,395290,426
30106861,48.855,55.269,421,42340,0.393679,0.05,1,395756,395335,421
30109781,30.571,29.4538,424,43800,0.566736,0.09,1,395782,395358,424
30112701,56.5142,33.8908,452,45260,0.681347,0.03,1,395845,395393,452
30115621,46.5028,39.5782,455,46720,0.84827,0.07,2,395889,395434,455
30118541,45.3006,49.5156,448,48180,0.865654,0.05,2,395934,395486,448
30133141,20,25,438,48180,0.97,0.09,2,396052,395614,438
30263081,78,82,463,39420,0.47,0.83,1,397818,397355,463
30270381,25.2,31.6,456,39420,0.502,0.62,1,397830,397374,456
30276221,61.84,65.52,453,39420,0.4604,0.61,1,397901,397448,453
30280601,39.568,40.304,453,39420,0.48408,0.49,1,397935,397482,453
30295201,32.7136,35.2608,450,39420,0.552816,0.43,1,397966,397516,450
30328781,130.543,136.652,443,39420,0.694563,0.45,1,398121,397678,443
30331701,67.7085,40.9304,478,40880,0.786913,0.55,2,398173,397695,478
30334621,26.3417,44.1861,449,42340,0.853382,0.55,2,398189,397740,449
30337541,38.8683,32.0372,462,42340,0.930677,0.47,2,398231,397769,462
30340461,43.7737,45.6074,458,43800,0.946135,0.49,2,398276,397818,458
30502521,54,33,487,33580,0.61,0.87,1,400297,399810,487
30534641,226,241.8,462,33580,0.85,0.79,2,400566,400104,462
30631001,41,78,484,32120,0.31,1,1,401833,401349,484
30633921,65,60.4,499,33580,0.47,1,1,401904,401405,499
30636841,42.6,48.08,491,33580,0.678,0.98,1,401941,401450,491
30639761,65.32,55.216,505,33580,0.7356,0.65,1,402012,401507,505
30642681,36.264,66.2432,465,33580,0.77912,0.41,2,402041,401576,465
30645601,31.2528,43.6486,457,33580,0.803824,0.29,2,402071,401614,457
30648521,29.4506,37.5297,450,33580,0.840765,0.21,2,402100,401650,450
30651441,37.0901,38.7059,450,33580,0.832153,0.13,2,402139,401689,450
30730281,31,27,510,35040,0.47,1,1,403259,402749,510
30733201,33.4,26.2,518,35040,0.246,1,1,403293,402775,518
30736121,30.68,47.64,495,35040,0.1532,1,1,403323,402828,495
30739041,42.936,55.128,484,35040,0.03864,1,1,403369,402885,484
30741961,71.7872,65.4256,495,35040,0.007728,1,1,403448,402953,495
30744881,38.3574,42.6851,488,35040,0.0095456,1,1,403478,402990,488
30747801,38.0715,39.737,487,35040,0.00990912,1,1,403516,403029,487
30750721,31.6143,36.7474,481,35040,0.0579818,0.92,1,403546,403065,481
30753641,34.3229,32.9495,484,35040,0.0355964,1,1,403581,403097,484
30756561,25.2646,36.1899,470,35040,0.0151193,0.73,1,403604,403134,470
30759481,38.6529,52.038,456,35040,0.123024,0.59,1,403646,403190,456
30762401,33.3306,40.8076,450,35040,0.160605,0.47,1,403678,403228,450
30765321,25.0661,32.9615,442,35040,0.232121,0.19,1,403701,403259,442
30768241,21.8132,33.7923,429,35040,0.262424,0.13,1,403722,403293,429
30771161,27.5626,30.7585,428,35040,0.316485,0.01,1,403751,403323,428
30774081,37.5125,42.9517,422,35040,0.359297,0,1,403791,403369,422
30777001,71.5025,71.7903,423,35040,0.303859,0.01,1,403871,403448,423
30779921,38.3005,38.3581,423,35040,0.308772,0.01,1,403901,403478,423
30782841,38.8601,38.0716,424,35040,0.325754,0.07,1,403940,403516,424
30785761,34.172,31.6143,427,35040,0.361151,0.03,1,403973,403546,427
30788681,30.8344,34.3229,422,35040,0.56023,0.01,1,404003,403581,422
30791601,26.9669,25.2646,425,35040,0.536046,0.15,1,404029,403604,425
30794521,42.9934,38.6529,430,35040,0.579209,0.17,1,404076,403646,430
30797441,33.3987,33.3306,429,35040,0.715842,0.25,1,404107,403678,429
30800361,31.4797,25.0661,437,35040,0.727168,0.27,1,404138,403701,437
30803281,23.8959,21.8132,438,35040,0.793434,0.33,2,404160,403722,438
30806201,28.7792,27.5626,439,35040,0.854687,0.37,2,404190,403751,439
30809121,34.5558,37.5125,435,35040,0.882937,0.29,2,404226,403791,435
30812041,68.5112,71.5025,432,35040,0.912587,0.31,2,404303,403871,432
31123021,36,58,520,45260,0.65,1,1,408159,407639,520
31125941,36.8,43.6,517,45260,0.586,1,1,408196,407679,517
31128861,31.36,35.92,513,45260,0.4932,1,1,408226,407713,513
31131781,31.072,39.184,504,45260,0.37864,1,1,408257,407753,504
31134701,34.2144,35.0368,505,46720,0.339728,1,1,408292,407787,505
31137621,30.8429,31.8074,504,46720,0.299946,1,1,408322,407818,504
31140541,22.1686,28.7615,496,46720,0.451989,1,1,408342,407846,496
31143461,35.6337,32.1523,502,46720,0.450398,1,1,408381,407879,502
31146381,32.7267,40.8305,491,46720,0.41808,0.96,1,408413,407922,491
31149301,28.9453,40.9661,478,46720,0.491616,0.98,1,408441,407963,478
31152221,40.1891,36.1932,486,46720,0.394323,0.98,1,408484,407998,486
31155141,26.4378,7.23864,509,46720,0.374865,1,1,408507,407998,509
31158061,18.8876,25.4477,496,46720,0.354973,0.95,1,408524,408028,496
31160981,26.9775,29.0895,495,46720,0.286995,0.85,1,408553,408058,495
31163901,26.1955,32.2179,488,46720,0.353399,0.75,1,408579,408091,488
31166821,32.4391,32.0436,490,46720,0.33468,0.65,1,408613,408123,490
31169741,28.0878,35.2087,481,46720,0.394936,0.57,1,408640,408159,481
31172661,25.6176,36.6417,469,46720,0.422987,0.47,1,408665,408196,469
31175581,27.5235,31.3283,467,46720,0.428597,0.35,1,408693,408226,467
31178501,7.1047,31.0657,438,46720,0.42972,0.33,1,408695,408257,438
31181421,27.0209,34.2131,435,48180,0.509944,0.29,1,408727,408292,435
31184341,31.0042,30.8426,437,48180,0.541989,0.49,1,408759,408322,437
31187261,28.6008,22.1685,445,48180,0.644398,0.45,1,408787,408342,445
31190181,33.7202,35.6337,441,48180,0.85688,0.41,2,408822,408381,441
31346401,36,17,442,35040,0.83,0.13,2,410553,410111,442
31349321,33.6,24.2,449,36500,0.846,0.17,2,410586,410137,449
31524521,42,16,479,32120,0.49,0.57,1,412798,412319,479
31527441,61.2,45.6,492,33580,0.762,0.39,2,412864,412372,492
31530361,33.84,65.12,449,35040,0.8644,0.23,2,412891,412442,449
31664681,42,54,489,29200,0.09,0.92,1,414768,414279,489
31667601,46,56.4,479,30660,0.042,0.75,1,414815,414336,479
31670521,81.2,52.88,517,32120,0.1284,0.21,1,414905,414388,517
31673441,61.84,114.576,444,33580,0.32168,0.15,1,414962,414518,444
31676361,36.368,44.5152,447,33580,0.488336,0.15,1,414992,414545,447
31679281,22.4736,25.703,445,33580,0.553667,0.13,1,415011,414566,445
31682201,32.4947,36.3406,441,33580,0.758733,0.05,2,415046,414605,441
31685121,28.8989,34.4681,435,33580,0.703747,0,1,415074,414639,435
31688041,65.7798,17.2936,497,33580,0.756749,0.03,2,415149,414652,497
31690961,14.756,62.6587,425,33580,0.76735,0.09,2,415151,414726,425
31693881,34.9512,46.1317,423,35040,0.84947,0.09,2,415191,414768,423
31696801,43.7902,9.22635,469,35040,0.897894,0.03,2,415237,414768,469
31699721,10.358,39.4453,424,35040,0.907579,0.15,2,415239,414815,424
31810681,57,100,487,29200,0.27,0.83,1,416876,416389,487
31813601,41.8,56,480,30660,0.366,0.75,1,416914,416434,480
31816521,41.16,51.2,471,32120,0.4332,0.57,1,416955,416484,471
31819441,77.032,87.84,460,33580,0.57464,0.47,1,417041,416581,460
31822361,40.2064,45.568,456,33580,0.634928,0.39,1,417072,416616,456
31825281,34.4413,30.7136,462,33580,0.742986,0.29,1,417105,416643,462
31828201,32.4883,38.9427,453,33580,0.876597,0.25,2,417137,416684,453
32053041,39,36,512,37960,0.81,1,2,420158,419646,512
32055961,33.4,42.4,500,37960,0.874,1,2,420190,419690,500
32058881,35.48,36.48,501,37960,0.9188,1,2,420226,419725,501
32061801,34.296,31.296,505,37960,0.91176,1,2,420260,419755,505
32064721,36.4592,40.6592,499,37960,0.886352,1,2,420297,419798,499
32076401,33,40,480,39420,0.89,1,2,420424,419944,480
32216561,202,208,423,30660,0.39,0.03,1,422241,421818,423
32219481,58.8,53.6,431,32120,0.55,0.05,1,422264,421833,431
32222401,20.56,25.92,423,33580,0.566,0.05,1,422275,421852,423
32225321,58.512,48.384,437,35040,0.7132,0.07,1,422343,421906,437
32228241,50.9024,44.0768,443,36500,0.87064,0.17,2,422392,421949,443
32366941,16,15,454,30660,0.77,0.67,2,424261,423807,454
32369861,26.4,15.8,467,32120,0.818,0.57,2,424290,423823,467
32372781,31.68,31.96,464,32120,0.8916,0.49,2,424323,423859,464
32486661,38,18,460,24820,0.33,0.41,1,426207,425747,460
32489581,28.4,30.8,452,26280,0.458,0.37,1,426233,425781,452
32492501,38.48,28.56,465,27740,0.5316,0.37,1,426274,425809,465
32495421,102.096,27.312,556,29200,0.78632,0.23,2,426392,425836,556
32715881,78,27,572,35040,0.57,1,1,429911,429339,572
32718801,43.6,72.6,523,35040,0.506,1,1,429946,429423,523
32721721,35.92,48.92,514,35040,0.4932,1,1,429980,429466,514
32724641,39.184,34.584,523,35040,0.50664,1,1,430020,429497,523
32727561,33.4368,46.9168,505,35040,0.541328,1,1,430052,429547,505
32730481,32.2874,28.5834,513,35040,0.580266,1,1,430084,429571,513
32733401,28.8575,24.9167,517,35040,0.604053,1,1,430112,429595,517
32736321,22.5715,32.1833,504,35040,0.640811,1,1,430133,429629,504
32739241,45.3143,67.2367,479,35040,0.632162,1,1,430184,429705,479
32742161,40.2629,46.2473,477,35040,0.710432,0.95,1,430223,429746,477
32745081,42.4526,51.6495,467,35040,0.662086,0.88,1,430266,429799,467
32748001,32.4905,37.5299,463,35040,0.700417,0.57,1,430296,429833,463
32750921,58.4981,69.906,450,35040,0.708083,0.49,1,430361,429911,450
32753841,36.4996,41.9812,446,35040,0.725617,0.49,1,430392,429946,446
32756761,34.4999,35.5962,446,35040,0.761123,0.51,2,430426,429980,446
32759681,38.9,39.1192,446,35040,0.864225,0.55,2,430466,430020,446
32762601,33.38,33.4238,446,35040,0.820845,0.59,2,430498,430052,446
32765521,34.676,32.2848,449,35040,0.908169,0.61,2,430533,430084,449
32853121,48,43,502,35040,0.79,1,2,431751,431249,502
32856041,40,58.2,478,35040,0.71,1,1,431789,431311,478
32858961,52.8,39.64,499,35040,0.534,1,1,431845,431346,499
32861881,41.76,33.528,506,35040,0.4828,1,1,431884,431378,506
32864801,33.952,39.5056,497,35040,0.47256,1,1,431916,431419,497
32867721,40.3904,35.1011,505,35040,0.422512,1,1,431958,431453,505
32870641,37.6781,43.8202,496,36500,0.476502,1,1,431995,431499,496
32873561,29.1356,39.164,485,36500,0.471301,1,1,432022,431537,485
32876481,48.2271,35.8328,503,36500,0.51826,0.99,1,432075,431572,503
32879401,40.8454,52.7666,485,36500,0.559652,0.96,1,432114,431629,485
32882321,26.5691,41.7533,469,36500,0.61593,0.81,1,432137,431668,469
32885241,32.5138,36.3507,468,36500,0.739186,0.79,1,432171,431703,468
32888161,36.1028,45.6701,457,36500,0.779837,0.69,2,432208,431751,457
32891081,34.4206,39.534,453,36500,0.771967,0.49,2,432242,431789,453
32894001,47.6841,52.7068,448,36500,0.834393,0.47,2,432293,431845,448
32896921,36.7368,41.7414,443,37960,0.910879,0.47,2,432327,431884,443
32899841,32.9474,33.9483,443,37960,0.910176,0.41,2,432359,431916,443
32902761,41.7895,40.3897,445,37960,0.926035,0.41,2,432403,431958,445
32905681,39.5579,8.07793,484,37960,0.913207,0.49,2,432442,431958,484
32908601,27.9116,31.2156,472,37960,0.926641,0.47,2,432467,431995,472
32911521,48.7823,27.8431,499,37960,0.929328,0.53,2,432521,432022,499
32914441,45.7565,47.9686,491,39420,0.913866,0.57,2,432566,432075,491
32917361,27.5513,40.7937,475,39420,0.926773,0.63,2,432589,432114,475
32920281,38.3103,26.5587,493,39420,0.913355,0.77,2,432630,432137,493
33104241,25,16,462,35040,0.65,0.53,1,434813,434351,462
33107161,23.4,23.2,460,36500,0.746,0.59,1,434836,434376,460
33110081,27.08,10.24,481,37960,0.7332,0.59,1,434864,434383,481
33113001,51.016,39.648,491,39420,0.82664,0.63,2,434921,434430,491
33237101,35,45,490,33580,0.61,1,1,436405,435915,490
33240021,80.6,80.2,493,35040,0.53,1,1,436497,436004,493
33242941,75.32,53.64,520,35040,0.61,0.97,1,436571,436051,520
33245861,46.264,53.128,506,35040,0.658,1,1,436610,436104,506
33248781,56.4528,51.4256,514,35040,0.6836,0.81,1,436669,436155,514
33251701,39.2906,66.2851,479,35040,0.78472,0.89,2,436704,436225,479
33254621,33.4581,37.257,481,35040,0.836944,0.85,2,436736,436255,481
33257541,28.2916,33.0514,476,35040,0.895389,0.77,2,436763,436287,476
33260461,20.8583,29.8103,466,35040,0.907078,0.71,2,436782,436316,466
33263381,12.9717,22.7621,456,36500,0.925416,0.59,2,436793,436337,456
33387481,63,75,476,29200,0.49,0.71,1,438536,438060,476
33390401,55.8,66.2,466,30660,0.57,0.45,1,438590,438124,466
33393321,55.96,65.24,457,32120,0.858,0.23,2,438646,438189,457
33495521,29,23,508,37960,0.91,1,2,440076,439568,508
33498441,57,28.6,542,37960,0.926,1,2,440140,439598,542
33501361,39.4,66.52,501,37960,0.9132,1,2,440175,439674,501
33504281,38.28,37.304,509,37960,0.87864,1,2,440213,439704,509
33507201,28.456,32.2608,504,37960,0.839728,1,2,440239,439735,504
33510121,24.0912,28.8522,499,37960,0.863946,1,2,440262,439763,499
33521801,26,26,475,37960,0.93,0.93,2,440369,439894,475
33524721,36.4,42,468,37960,0.898,0.91,2,440408,439940,468
33527641,64.88,66,468,37960,0.8596,0.89,2,440480,440012,468
33530561,41.776,41.2,469,37960,0.73992,0.91,1,440516,440047,469
33533481,32.3552,31.44,470,37960,0.715984,0.93,1,440546,440076,470
33536401,56.071,57.488,468,37960,0.567197,0.91,1,440608,440140,468
33539321,36.0142,39.4976,464,37960,0.553439,0.87,1,440639,440175,464
33542241,39.2028,38.2995,466,37960,0.630688,0.83,1,440679,440213,466
33545161,27.0406,28.4599,464,37960,0.582138,0.87,1,440703,440239,464
33548081,24.6081,24.092,465,37960,0.588427,0.96,1,440727,440262,465
33551001,28.9216,28.8184,465,37960,0.621686,0.92,1,440757,440292,465
33553921,20.9843,20.9637,465,37960,0.564337,0.89,1,440776,440311,465
33556841,30.5969,29.7927,466,37960,0.536867,0.93,1,440809,440343,466
33559761,25.3194,26.7585,464,37960,0.467373,0.89,1,440833,440369,464
33562681,36.2639,36.5517,464,37960,0.373475,0.85,1,440872,440408,464
33565601,61.6528,64.9103,460,37960,0.578695,0.71,1,440940,440480,460
33568521,38.7306,41.7821,457,37960,0.667739,0.71,1,440973,440516,457
33571441,30.9461,32.3564,456,37960,0.733548,0.53,1,441002,440546,456
33574361,54.1892,56.0713,454,37960,0.73071,0.55,1,441062,440608,454
33577281,32.4378,36.0143,450,37960,0.794142,0.65,2,441089,440639,450
33580201,38.4876,39.2029,450,37960,0.886828,0.57,2,441129,440679,450
33583121,25.2975,27.0406,448,37960,0.905366,0.59,2,441151,440703,448
33860521,63,77,454,37960,0.31,0.57,1,444809,444355,454
33867821,39.8,49.8,445,37960,0.31,0.31,1,444843,444398,445
33904321,39.96,48.36,437,37960,0.23,0.31,1,444883,444446,437
33907241,29.592,23.272,447,39420,0.262,0.23,1,444910,444463,447
33910161,30.7184,30.2544,446,40880,0.3484,0.17,1,444941,444495,446
33913081,31.7437,31.6509,446,42340,0.38168,0.21,1,444973,444527,446
33916001,34.3487,35.1302,445,43800,0.500336,0.25,1,445008,444563,445
33918921,34.0697,31.026,449,43800,0.540067,0.27,1,445042,444593,449
33921841,20.4139,27.0052,440,43800,0.628013,0.25,1,445059,444619,440
33924761,22.4828,16.601,449,43800,0.693603,0.21,1,445082,444633,449
33927681,39.6966,29.7202,460,43800,0.738721,0.37,1,445126,444666,460
34051781,19,16,495,35040,0.11,0.19,1,446582,446087,495
34086821,319.8,372.8,428,35040,0.334,0.13,1,446977,446549,428
34089741,74.36,85.76,427,36500,0.4428,0.11,1,446990,446563,427
34092661,45.272,32.352,446,37960,0.51256,0.01,1,447028,446582,446
34095581,56.2544,50.4704,450,37960,0.670512,0.03,1,447087,446637,450
34098501,54.4509,43.6941,462,37960,0.814102,0.01,2,447141,446679,462
34206541,32,27,512,42340,0.71,1,1,448470,447958,512
34209461,32,5.4,544,42340,0.694,1,1,448502,447958,544
34210921,33.6,19.48,555,42340,0.6108,1,1,448536,447981,555
34256181,390.72,474.296,447,29200,0.25816,0.31,1,449016,448569,447
34259101,148.544,161.259,452,30660,0.331632,0.17,1,449104,448652,452
34262021,63.3088,73.8518,442,32120,0.362326,0.07,1,449146,448704,442
34264941,49.4618,57.1704,435,33580,0.464465,0.07,1,449192,448757,435
34267861,50.6924,50.6341,437,35040,0.532893,0.03,1,449243,448806,437
34270781,58.1385,42.9268,456,36500,0.658579,0.13,1,449303,448847,456
34273701,30.8277,50.9854,427,36500,0.731716,0.13,1,449327,448900,427
34276621,28.5655,31.7971,428,36500,0.698343,0.19,1,449355,448927,428
34279541,28.9131,27.9594,430,36500,0.803669,0.15,2,449384,448954,430
34282461,33.7826,32.7919,431,37960,0.824734,0.19,2,449419,448988,431
34285381,29.1565,16.9584,446,37960,0.812947,0.17,2,449447,449001,446
34288301,81.8313,15.3917,526,37960,0.794589,0.35,2,449542,449016,526
34291221,17.9663,73.4783,440,37960,0.790918,0.37,2,449544,449104,440
34294141,37.9933,48.2957,441,37960,0.838184,0.37,2,449587,449146,441
34297061,49.1987,9.65913,493,37960,0.831637,0.49,2,449639,449146,493
34299981,11.4397,38.7318,449,37960,0.830327,0.55,2,449641,449192,449
34302901,46.2879,48.5464,453,37960,0.910065,0.55,2,449696,449243,453
34437221,28,27,512,42340,0.83,1,2,451317,450805,512
34440141,29.6,31,510,42340,0.798,1,2,451347,450837,510
34443061,32.32,30.2,513,42340,0.7436,1,1,451380,450867,513
34445981,32.064,22.84,524,42340,0.70072,1,1,451412,450888,524
34448901,43.2128,49.368,514,42340,0.804144,1,2,451458,450944,514
34451821,31.8426,33.0736,514,42340,0.760829,1,2,451487,450973,514
34454741,32.7685,26.6147,522,42340,0.832166,1,2,451520,450998,522
34457661,28.1537,27.7229,521,42340,0.830433,1,2,451547,451026,521
34574461,31,49,483,32120,0.27,1,1,452966,452483,483
34577381,55.8,53,491,33580,0.206,0.91,1,453028,452537,491
34580301,39.16,49,478,35040,0.2092,0.73,1,453063,452585,478
34583221,70.232,56.2,498,36500,0.30584,0.33,1,453141,452643,498
34586141,38.0464,72.04,452,37960,0.357168,0.23,1,453171,452719,452
34589061,31.6093,44.008,445,37960,0.431434,0.17,1,453201,452756,445
34591981,31.9219,32.0016,448,37960,0.446287,0.13,1,453233,452785,448
34594901,31.9844,36.8003,442,37960,0.641257,0.11,1,453265,452823,442
34597821,35.1969,36.1601,442,37960,0.760251,0.05,2,453301,452859,442
34726301,55,53,441,30660,0.15,0.01,1,454981,454540,441
34729221,39,41,438,32120,0.134,0.03,1,455016,454578,438
34732141,35,35.4,438,33580,0.1628,0.03,1,455050,454612,438
34735061,35,34.28,439,35040,0.18456,0.07,1,455085,454646,439
34737981,32.6,34.056,437,36500,0.252912,0.03,1,455117,454680,437
34740901,21.72,28.4112,429,36500,0.282582,0.09,1,455136,454707,429
34743821,78.744,69.6822,442,36500,0.448516,0.17,1,455229,454787,442
34746741,61.3488,57.9364,444,37960,0.625703,0.17,1,455286,454842,444
34749661,31.4698,35.5873,438,37960,0.773141,0.19,2,455310,454872,438
34752581,42.294,35.1175,448,37960,0.834628,0.21,2,455355,454907,448
34755501,54.0588,22.2235,486,37960,0.910926,0.15,2,455412,454926,486
34758421,12.4118,48.4447,433,37960,0.894185,0.13,2,455414,454981,433
34901501,51,49,492,32120,0.79,0.91,2,457207,456715,492
34904421,56.6,54.6,494,33580,0.87,1,2,457265,456771,494
34986181,38,0,528,40880,0.81,1,2,458417,457889,528
34989101,36.4,24.8,533,40880,0.73,1,1,458453,457920,533
34990561,36.08,32.96,534,40880,0.554,1,1,458489,457955,534
35034361,389.616,462.592,442,27740,0.3748,0.29,1,458967,458525,442
35037281,118.723,130.118,446,29200,0.45096,0.17,1,459018,458572,446
35040201,61.3446,66.0237,443,30660,0.530192,0.17,1,459065,458622,443
35043121,45.0689,45.2047,444,32120,0.642038,0.05,1,459106,458662,444
35046041,45.0138,36.2409,455,32120,0.872408,0.03,2,459151,458696,455
35136561,40,45,495,26280,0.03,1,1,460557,460062,495
35139481,128.8,129,496,27740,0.11,0.93,1,460708,460212,496
35142401,89.76,97.8,486,29200,0.142,0.85,1,460788,460302,486
35145321,39.552,49.96,475,30660,0.2764,0.69,1,460815,460340,475
35148241,30.3104,37.992,468,30660,0.28728,0.55,1,460843,460375,468
35151161,30.8621,38.7984,460,30660,0.369456,0.35,1,460874,460414,460
35154081,28.5724,36.5597,452,30660,0.449891,0.41,1,460902,460450,452
35157001,36.9145,19.3119,476,30660,0.497978,0.13,1,460941,460465,476
35159921,8.9829,45.4624,426,32120,0.523596,0.03,1,460943,460517,426
35162841,32.9966,41.0925,425,32120,0.576719,0.03,1,460982,460557,425
35291321,120,140,466,26280,0.41,0.47,1,463041,462575,466
35294241,75.2,86.4,457,27740,0.458,0.35,1,463105,462648,457
35297161,64.64,77.28,444,29200,0.5636,0.23,1,463167,462723,444
35300081,50.528,51.456,446,30660,0.63272,0.31,1,463214,462768,446
35303001,37.3056,32.6912,452,30660,0.694544,0.27,1,463248,462796,452
35305921,38.6611,34.5382,456,30660,0.722909,0.37,1,463287,462831,456
35308841,26.1322,26.9076,454,30660,0.808582,0.27,2,463310,462856,454
35311761,42.0264,18.9815,483,30660,0.857716,0.29,2,463356,462873,483
35314681,10.0053,42.1963,437,32120,0.835543,0.41,2,463358,462921,437
35411041,35,14,516,33580,0.87,1,2,464824,464308,516
35413961,63.8,29.2,554,33580,0.63,1,1,464895,464341,554
35416881,79.96,82.64,542,33580,0.454,1,1,464979,464437,542
35419801,40.792,73.328,502,33580,0.4508,1,1,465010,464508,502
35422721,36.1584,32.2656,515,33580,0.38616,1,1,465045,464530,515
35425641,56.8317,36.0531,540,33580,0.421232,1,1,465107,464567,540
35428561,36.1663,57.6106,508,33580,0.556246,1,1,465138,464630,508
35431481,31.2333,37.9221,505,33580,0.551249,1,1,465168,464663,505
35434401,26.2467,35.5844,495,33580,0.59825,0.97,1,465193,464698,495
35437321,30.8493,32.7169,495,33580,0.62365,0.87,1,465225,464730,495
35440241,26.9699,31.3434,490,33580,0.69273,0.83,1,465251,464761,490
35443161,32.594,28.6687,496,33580,0.770546,0.87,2,465285,464789,496
35446081,49.7188,33.7337,515,33580,0.770109,0.57,2,465339,464824,515
35519081,49,32,518,33580,0.41,1,1,466435,465917,518
35522001,47.4,38.4,525,35040,0.202,1,1,466482,465957,525
35524921,46.28,55.68,511,35040,0.0404,1,1,466528,466017,511
35527841,38.056,38.336,513,35040,0.01608,1,1,466564,466051,513
35530761,36.4112,37.2672,512,35040,0.011216,1,1,466600,466088,512
35533681,40.0822,35.4534,518,35040,0.0262432,1,1,466641,466123,518
35536601,36.8164,34.2907,520,35040,0.0932486,1,1,466677,466157,520
35539521,36.1633,35.6581,520,35040,0.10665,1,1,466713,466193,520
35542441,30.4327,32.7316,517,35040,0.12533,1,1,466742,466225,517
35545361,61.2865,41.7463,542,35040,0.193066,0.81,1,466811,466269,542
35548281,33.8573,72.3493,489,36500,0.254613,0.65,1,466838,466349,489
35551201,34.7715,44.0699,487,36500,0.298923,0.41,1,466873,466386,487
35554121,8.55429,48.014,440,36500,0.291785,0.15,1,466875,466435,440
35557041,28.9109,47.2028,427,36500,0.418357,0,1,466909,466482,427
35559961,38.5822,46.2406,422,36500,0.491671,0.01,1,466950,466528,422
35562881,37.3164,38.0481,423,36500,0.362334,0.01,1,466987,466564,423
35565801,36.2633,36.4096,423,36500,0.432467,0.03,1,467023,466600,423
35568721,45.6527,40.0819,430,37960,0.494493,0.11,1,467071,466641,430
35571641,34.7305,36.8164,426,37960,0.602899,0.11,1,467103,466677,426
35574561,37.3461,36.1633,428,37960,0.73658,0.13,1,467141,466713,428
35577481,31.4692,30.4327,429,37960,0.795316,0.21,2,467171,466742,429
35735161,30,37,448,33580,0.53,0.59,1,469027,468579,448
35738081,40.4,19.4,476,35040,0.53,0.47,1,469070,468594,476
35741001,46.48,47.08,470,36500,0.642,0.41,1,469118,468648,470
35743921,68.496,75.816,461,37960,0.6804,0.46,1,469192,468731,461
35746841,37.6992,31.1632,471,39420,0.73608,0.43,1,469222,468751,471
35749761,32.3398,30.2326,472,40880,0.811216,0.39,2,469253,468781,472
35752681,32.068,43.6465,457,40880,0.810243,0.45,2,469285,468828,457
35755601,13.6136,23.1293,448,40880,0.826049,0.43,2,469294,468846,448
35758521,15.5227,20.6259,444,40880,0.84521,0.47,2,469310,468866,444
35761441,27.9045,22.5252,452,40880,0.881042,0.51,2,469341,468889,452
35764361,51.9809,45.305,459,40880,0.920208,0.51,2,469399,468940,459
35926421,86,90,467,33580,0.79,0.93,2,471434,470967,467
36033001,33,22,519,39420,0.57,1,1,472742,472223,519
36034461,33.8,4.4,553,40880,0.49,1,1,472776,472223,553
36044681,381.96,473.68,431,27740,0.602,0.07,1,473245,472814,431
36081181,190.792,214.736,424,27740,0.5924,0.09,1,473388,472964,424
36084101,93.3584,57.3472,475,29200,0.81448,0.35,2,473457,472982,475
36215501,99,17,531,27740,0.93,0.39,2,475427,474896,531
36411141,34,23,507,33580,0.85,1,2,478473,477966,507
36414061,28.4,36.6,494,33580,0.818,1,2,478500,478006,494
36416981,37.68,36.92,497,33580,0.8276,1,2,478540,478043,497
36419901,36.336,33.784,500,33580,0.74952,1,1,478576,478076,500
36422821,28.0672,33.9568,492,33580,0.813904,0.92,2,478602,478110,492
36425741,19.2134,35.5914,473,33580,0.858781,0.83,2,478619,478146,473
36428661,37.4427,47.1183,465,33580,0.915756,0.88,2,478661,478196,465
36552761,33,15,446,29200,0.63,0.15,1,480494,480048,446
36555681,25.8,27,440,30660,0.598,0.15,1,480518,480078,440
36558601,24.36,19.8,446,32120,0.6556,0.11,1,480542,480096,446
36561521,24.072,31.96,435,33580,0.77912,0.51,2,480566,480131,435
36910461,37,36,507,33580,0.73,1,1,486041,485534,507
36913381,38.6,41.6,503,35040,0.746,1,1,486080,485577,503
36916301,37.32,37.92,503,35040,0.5892,1,1,486117,485614,503
36919221,41.064,56.384,484,35040,0.52584,1,1,486159,485675,484
36922141,69.0128,53.6768,507,35040,0.417168,1,1,486235,485728,507
36925061,64.2026,10.7354,570,35040,0.427434,1,1,486298,485728,570
36927981,44.0405,78.9471,513,36500,0.381487,1,1,486337,485824,513
36930901,29.6081,45.3894,502,36500,0.420297,1,1,486363,485861,502
36933821,37.1216,31.4779,513,36500,0.380059,1,1,486402,485889,513
36936741,29.8243,37.4956,502,36500,0.404012,0.95,1,486430,485928,502
36939661,32.3649,37.8991,497,36500,0.408802,0.87,1,486463,485966,497
36942581,33.673,37.9798,493,36500,0.36176,0.73,1,486497,486004,493
36945501,8.33459,37.196,458,37960,0.336352,0.75,1,486499,486041,458
36948421,30.4669,38.6392,455,37960,0.44327,0.55,1,486535,486080,455
36951341,30.8934,37.3278,449,37960,0.496654,0.51,1,486566,486117,449
36954261,38.9787,41.0656,448,37960,0.523331,0.39,1,486607,486159,448
36957181,62.9957,69.0131,441,37960,0.704666,0.43,1,486676,486235,441
36960101,62.1991,64.2026,440,39420,0.868933,0.43,2,486738,486298,440
37072521,91,91,421,32120,0.09,0.05,1,488474,488053,421
37104641,71.8,69.4,424,32120,0.106,0.01,1,488541,488117,424
37107561,66.36,44.28,451,33580,0.2372,0.07,1,488606,488155,451
37110481,47.672,48.056,445,35040,0.35944,0.01,1,488649,488204,445
37113401,39.1344,36.0112,449,36500,0.463888,0.03,1,488686,488237,449
37116321,41.4269,41.6022,448,37960,0.420778,0.07,1,488728,488280,448
37119241,42.6854,34.7204,458,37960,0.524155,0.03,1,488771,488313,458
37122161,35.7371,62.9441,422,37960,0.560831,0.09,1,488805,488383,422
37125081,35.9474,30.9888,435,37960,0.504166,0.03,1,488841,488406,435
37128001,39.9895,31.7978,444,37960,0.396833,0.09,1,488882,488438,444
37130921,34.3979,35.1596,441,39420,0.423367,0.07,1,488915,488474,441
37133841,38.8796,35.0319,446,39420,0.428673,0.15,1,488955,488509,446
37136761,17.3759,22.2064,439,39420,0.445735,0.11,1,488967,488528,439
37139681,60.2752,14.8413,497,39420,0.561147,0.27,1,489038,488541,497
37142601,13.655,54.9683,434,39420,0.584229,0.39,1,489040,488606,434
37145521,40.331,45.3937,438,39420,0.604846,0.39,1,489087,488649,438
37148441,40.8662,9.07873,479,40880,0.656969,0.49,1,489128,488649,479
37151361,9.77324,31.4157,444,40880,0.667394,0.41,1,489130,488686,444
37154281,36.3546,39.8832,445,40880,0.653479,0.55,1,489173,488728,445
37157201,43.2709,42.3766,447,40880,0.650696,0.57,1,489218,488771,447
37160121,35.0542,35.6753,446,40880,0.682139,0.49,1,489251,488805,446
37163041,35.0108,35.9351,445,42340,0.688428,0.37,1,489286,488841,445
37165961,37.4022,39.987,442,42340,0.721686,0.37,1,489324,488882,442
37168881,32.2804,7.9974,473,42340,0.776337,0.43,2,489355,488882,473
37171801,40.8561,27.9995,483,42340,0.803267,0.43,2,489398,488915,483
37174721,18.5712,37.5999,456,42340,0.824653,0.45,2,489411,488955,456
37487161,33,44,534,43800,0.45,1,1,493174,492640,534
37533881,394.6,479.2,431,30660,0.226,0.01,1,493659,493228,431
37536801,133.32,143.04,440,32120,0.1972,0.03,1,493727,493287,440
37539721,68.264,70.208,440,33580,0.25544,0.05,1,493779,493339,440
37542641,48.8528,53.2416,435,35040,0.283088,0,1,493823,493388,435
37545561,44.9706,42.6483,439,35040,0.336618,0.01,1,493867,493428,439
37548481,41.7941,46.9297,432,35040,0.539324,0.01,1,493908,493476,432
37551401,51.5588,60.5859,422,35040,0.707865,0.01,1,493962,493540,422
37554321,35.9118,36.9172,423,35040,0.757573,0.11,2,493994,493571,423
37557241,27.1824,24.9834,426,35040,0.735515,0.11,1,494019,493593,426
37560161,22.2365,22.5967,425,35040,0.891103,0.05,2,494040,493615,425
37563081,32.4473,18.1193,443,36500,0.922221,0.17,2,494075,493632,443
37674041,36,27,529,36500,0.57,1,1,495580,495051,529
37676961,44.8,43,529,36500,0.378,1,1,495627,495098,529
37679881,43.36,48.6,522,36500,0.1956,1,1,495670,495148,522
37682801,33.472,48.92,504,36500,0.06312,1,1,495701,495197,504
37685721,41.8944,35.384,516,36500,0.052624,1,1,495745,495229,516
37688641,37.1789,33.4768,519,36500,0.0185248,1,1,495781,495262,519
37691561,49.0358,41.8954,527,36500,0.091705,0.98,1,495833,495306,527
37694481,45.0072,49.9791,519,36500,0.042341,1,1,495877,495358,519
37697401,35.4014,49.9958,502,36500,0.0484682,1,1,495910,495408,502
37700321,29.4803,35.5992,498,36500,0.0336936,0.95,1,495938,495440,498
37703241,26.6961,34.3198,490,36500,0.0787387,0.75,1,495964,495474,490
37706161,33.3392,32.464,493,36500,0.103748,0.73,1,495999,495506,493
37709081,28.2678,36.8928,482,36500,0.0927496,0.57,1,496026,495544,482
37712001,33.6536,36.1786,481,36500,0.13855,0.33,1,496061,495580,481
37714921,37.9307,44.8357,473,36500,0.16371,0.15,1,496100,495627,473
37717841,26.7861,43.3671,454,36500,0.216742,0.03,1,496124,495670,454
37720761,41.3572,33.4734,468,36500,0.387348,0.05,1,496169,495701,468
37723681,36.2714,41.8947,459,36500,0.35747,0.01,1,496204,495745,459
37726601,48.8543,37.1789,475,36500,0.575494,0.11,1,496256,495781,475
37729521,44.1709,49.0358,466,36500,0.571099,0.03,1,496299,495833,466
37732441,34.4342,45.0072,454,36500,0.68222,0.05,1,496331,495877,454
37735361,30.8868,35.4014,451,36500,0.752444,0.03,2,496361,495910,451
37738281,29.3774,29.4803,452,36500,0.750489,0.09,2,496390,495938,452
37741201,33.0755,26.6961,460,36500,0.894098,0.11,2,496424,495964,460
37744121,27.4151,33.3392,451,36500,0.89082,0.09,2,496450,495999,451
37849241,36,37,513,43800,0.79,1,2,497830,497317,513
37852161,36,29.8,521,43800,0.678,1,1,497866,497345,521
37855081,31.2,33.16,517,45260,0.6396,1,1,497896,497379,517
37856541,36.64,33.832,521,45260,0.51992,1,1,497934,497413,521
37904721,387.328,453.166,438,30660,0.351984,0.27,1,498409,497971,438
37907641,128.666,131.433,451,32120,0.542397,0.27,1,498473,498022,451
37910561,56.9331,63.0867,444,33580,0.660479,0.07,1,498512,498068,444
37913481,63.3866,66.2173,442,35040,0.892096,0.07,2,498577,498135,442
38066781,494,570,457,30660,0.31,0.69,1,500411,499954,457
38069701,152.4,154.8,473,32120,0.31,0.75,1,500478,500005,473
38072621,66.48,69.36,470,33580,0.374,0.59,1,500523,500053,470
38075541,59.696,63.472,466,35040,0.4668,0.55,1,500581,500115,466
38078461,42.3392,51.8944,455,35040,0.51736,0.43,1,500619,500164,455
38081381,44.4678,46.3789,455,35040,0.495472,0.4,1,500664,500209,455
38084301,56.0936,49.2758,464,35040,0.683094,0.35,1,500723,500259,464
38087221,37.6187,41.0552,458,35040,0.608619,0.35,1,500756,500298,458
38090141,30.7237,34.611,454,35040,0.673724,0.33,1,500785,500331,454
38093061,29.3447,20.5222,466,36500,0.654745,0.27,1,500814,500348,466
38095981,21.8689,29.7044,454,36500,0.634949,0.31,1,500834,500380,454
38098901,16.3738,30.7409,438,36500,0.66299,0.31,1,500849,500411,438
38101821,52.8748,59.7482,433,36500,0.652598,0.31,1,500911,500478,433
38104741,51.375,11.9496,484,36500,0.65052,0.39,1,500962,500478,484
38107661,11.875,38.3899,441,36500,0.698104,0.49,1,500964,500523,441
38110581,53.575,54.078,447,36500,0.691621,0.53,1,501028,500581,447
38113501,38.715,41.2156,444,36500,0.706324,0.49,1,501063,500619,444
38116421,46.943,44.2431,448,36500,0.853265,0.73,2,501112,500664,448
38119341,62.9886,56.0486,456,36500,0.818653,0.59,2,501179,500723,456
38122261,35.7977,37.6097,452,36500,0.779731,0.69,2,501208,500756,452
38125181,33.5595,30.7219,456,36500,0.803946,0.69,2,501241,500785,456
38128101,26.7119,6.14439,481,36500,0.856789,0.65,2,501266,500785,481
38131021,22.1424,24.4289,473,36500,0.883358,0.63,2,501287,500814,473
38133941,15.6285,20.8858,467,36500,0.888672,0.67,2,501301,500834,467
38344181,30,29,509,40880,0.85,1,2,504183,503674,509
38347101,29.2,29.8,508,40880,0.834,1,2,504212,503704,508
38350021,31.44,29.16,511,40880,0.8628,1,2,504244,503733,511
38515001,93,97,474,37960,0.27,0.49,1,506378,505904,474
38520841,99.4,125,443,37960,0.366,0.31,1,506479,506036,443
38532521,51.08,63.4,434,37960,0.4652,0.09,1,506518,506084,434
38728161,63,83,430,35040,0.29,0.25,1,508469,508039,430
38731081,43,31,450,36500,0.402,0.01,1,508507,508057,450
38734001,53.4,39,465,37960,0.4884,0,1,508563,508098,465
38736921,39.48,55.8,441,37960,0.50568,0.07,1,508599,508158,441
38739841,26.296,35.16,434,39420,0.573136,0.01,1,508622,508188,434
38742761,25.2592,31.032,429,39420,0.586627,0.01,1,508647,508218,429
38745681,23.4518,28.6064,424,39420,0.573325,0.03,1,508670,508246,424
38748601,25.4904,22.5213,429,39420,0.650665,0.11,1,508696,508267,429
38751521,35.4981,18.9043,449,39420,0.570133,0.17,1,508734,508285,449
38754441,55.0996,30.9809,475,39420,0.586027,0.25,1,508794,508319,475
38757361,47.8199,53.3962,462,39420,0.653205,0.27,1,508840,508378,462
38760281,34.364,41.0792,455,39420,0.650641,0.23,1,508871,508416,455
38763201,34.0728,30.6158,461,39420,0.682128,0.29,1,508905,508444,461
38766121,40.4146,26.1232,478,39420,0.720426,0.43,1,508947,508469,478
38769041,9.68291,35.6246,442,39420,0.744085,0.51,1,508949,508507,442
38771961,53.9366,51.9249,451,39420,0.812817,0.51,2,509014,508563,451
38783641,23,25,471,40880,0.87,0.57,2,509118,508647,471
38786561,27.8,23.4,477,40880,0.918,0.67,2,509147,508670,477
38915041,69,60,498,32120,0.29,1,1,510747,510249,498
38917961,55.4,58.4,492,33580,0.21,0.89,1,510799,510307,492
38920881,50.28,54.88,487,35040,0.146,0.89,1,510848,510361,487
38923801,80.456,61.376,512,36500,0.1972,0.85,1,510936,510424,512
38926721,39.2912,66.6752,473,37960,0.19144,0.79,1,510965,510492,473
38929641,33.4582,37.335,475,37960,0.174288,0.77,1,510997,510522,475
38932561,22.6916,31.467,465,37960,0.250858,0.71,1,511017,510552,465
38935481,24.5383,25.4934,466,37960,0.282172,0.61,1,511042,510576,466
38938401,28.9077,30.6987,464,37960,0.336434,0.59,1,511072,510608,464
38941321,43.3815,18.9397,495,37960,0.459287,0.45,1,511119,510624,495
38944241,10.2763,46.9879,443,37960,0.451857,0.29,1,511121,510678,443
38947161,50.8553,64.5976,435,37960,0.658371,0.29,1,511182,510747,435
38950081,48.5711,12.9195,483,37960,0.779674,0.19,2,511230,510747,483
38953001,11.3142,44.1839,433,37960,0.803935,0.13,2,511232,510799,433
39078561,37,19,442,30660,0.21,0.03,1,512923,512481,442
39081481,37.8,35.8,440,32120,0.258,0,1,512961,512521,440
39084401,33.16,35.96,436,33580,0.2516,0.01,1,512993,512557,436
39087321,30.632,19.192,451,33580,0.36232,0.13,1,513023,512572,451
39090241,36.5264,34.2384,451,33580,0.448464,0.05,1,513061,512610,451
39093161,60.1053,53.2477,459,35040,0.593693,0.11,1,513127,512668,459
39096081,63.2211,51.4495,472,35040,0.766739,0.09,2,513191,512719,472
39099001,46.2442,59.8899,452,35040,0.897348,0.13,2,513233,512781,452
39218721,38,35,493,42340,0.81,1,2,514786,514293,493
39221641,35.6,24.6,506,42340,0.746,1,1,514821,514315,506
39224561,27.92,32.12,498,42340,0.7492,1,1,514847,514349,498
39227481,31.184,36.024,493,42340,0.71784,1,1,514879,514386,493
39230401,27.8368,29.6048,492,42340,0.695568,1,1,514906,514414,492
39233321,27.1674,17.121,505,42340,0.691114,1,1,514933,514428,505
39236241,11.0335,18.6242,493,42340,0.658223,1,1,514940,514447,493
39239161,28.6067,33.3248,489,42340,0.587645,1,1,514973,514484,489
39242081,20.1213,6.66497,507,42340,0.589529,1,1,514991,514484,507
39245001,22.4243,25.333,500,42340,0.605906,1,1,515014,514514,500
39247921,27.6849,27.4666,501,42340,0.577181,1,1,515043,514542,501
39250841,51.937,29.4933,529,42340,0.619436,0.94,1,515101,514572,529
39253761,44.7874,50.6987,516,42340,0.579887,0.91,1,515144,514628,516
39256681,61.7575,46.9397,536,42340,0.715977,0.81,1,515210,514674,536
39259601,42.7515,68.5879,500,42340,0.887196,0.81,2,515248,514748,500
39262521,35.7503,44.1176,496,42340,0.889439,0.73,2,515282,514786,496
39265441,23.1501,36.8235,481,42340,0.921888,0.75,2,515302,514821,481
39409981,113,118,464,29200,0.47,0.77,1,517041,516577,464
39412901,89.8,58.8,504,30660,0.614,0.67,1,517125,516621,504
39415821,55.56,79.76,466,32120,0.8028,0.49,2,517172,516706,466
39538461,174,191,424,27740,0.85,0.07,2,518940,518516,424
39541381,108.4,94.2,446,29200,0.93,0.23,2,519032,518586,446
39626061,36,37,520,33580,0.76,1,2,520294,519774,520
39628981,35.2,35.4,520,33580,0.656,1,1,520329,519809,520
39631901,49.44,45.48,525,33580,0.3152,1,1,520382,519857,525
39634821,59.488,39.496,549,33580,0.08704,1,1,520444,519895,549
39637741,62.2976,71.0992,533,33580,0.025408,1,1,520507,519974,533
39640661,48.4595,66.2198,513,33580,0.0130816,1,1,520552,520039,513
39643581,41.6919,41.244,518,33580,0.0266163,1,1,520592,520074,518
39646501,36.3384,38.6488,515,33580,0.0453233,1,1,520627,520112,515
39649421,37.6677,38.1298,515,33580,0.0970647,0.99,1,520665,520150,515
39652341,33.9335,38.026,510,33580,0.155413,0.94,1,520698,520188,510
39655261,22.7867,36.4052,494,33580,0.247083,0.88,1,520718,520224,494
39658181,27.7573,34.481,489,33580,0.281417,0.76,1,520747,520258,489
39661101,28.7515,35.6962,482,33580,0.336283,0.63,1,520776,520294,482
39664021,36.9503,35.1392,486,33580,0.443257,0.23,1,520815,520329,486
39666941,48.1901,49.4278,484,33580,0.528651,0.03,1,520866,520382,484
39669861,59.238,59.4856,484,33580,0.56173,0.01,1,520928,520444,484
39672781,49.4476,62.2971,468,33580,0.440346,0.01,1,520975,520507,468
39675701,41.8895,48.4594,463,33580,0.464069,0.03,1,521015,520552,463
39678621,39.5779,41.6919,462,33580,0.564814,0.05,1,521054,520592,462
39681541,38.3156,36.3384,465,33580,0.648963,0.11,1,521092,520627,465
39684461,38.8631,37.6677,466,33580,0.745793,0.17,1,521131,520665,466
39687381,25.3726,33.9335,455,33580,0.813159,0.27,2,521153,520698,455
39690301,28.2745,22.7867,464,33580,0.842632,0.29,2,521182,520718,464
39780821,43,40,516,36500,0.69,1,1,522530,522014,516
39783741,38.2,50.4,500,36500,0.61,1,1,522567,522067,500
39786661,37.24,36.48,504,36500,0.466,1,1,522604,522100,504
39789581,33.048,31.296,506,36500,0.4052,1,1,522636,522130,506
39792501,34.6096,29.4592,512,37960,0.36104,1,1,522671,522159,512
39833381,411.722,477.092,429,26280,0.784208,0.09,2,523177,522748,429
39836301,147.144,154.618,436,27740,0.852842,0.07,2,523258,522822,436
39926821,35,25,526,37960,0.77,1,2,524575,524049,526
39929741,30.2,25.8,529,37960,0.738,1,1,524604,524075,529
39932661,32.44,33.16,527,37960,0.6676,1,1,524637,524110,527
39935581,43.288,84.232,476,37960,0.57352,1,1,524683,524207,476
39938501,55.0576,44.8464,499,37960,0.554704,1,1,524741,524242,499
39941421,41.4115,37.7693,501,37960,0.486941,1,1,524779,524278,501
39944341,30.6823,34.7539,495,37960,0.425388,1,1,524807,524312,495
39947261,26.9365,32.5508,489,37960,0.493078,1,1,524833,524344,489
39950181,35.7873,32.9102,494,37960,0.490616,1,1,524871,524377,494
39953101,34.3575,44.182,481,37960,0.442123,0.97,1,524905,524424,481
39956021,42.8715,48.0364,477,37960,0.576425,0.9,1,524950,524473,477
39958941,29.3743,34.4073,472,37960,0.603285,0.91,1,524976,524504,472
39961861,29.8749,35.6815,466,37960,0.672657,0.77,1,525006,524540,466
39964781,32.375,35.1363,464,37960,0.702531,0.73,1,525039,524575,464
39967701,24.075,30.2273,457,37960,0.788506,0.65,2,525061,524604,457
39970621,27.215,32.4455,452,37960,0.805701,0.55,2,525089,524637,452
39973541,41.443,43.2891,451,37960,0.80914,0.55,2,525134,524683,451
39976461,51.4886,55.0578,447,37960,0.793828,0.47,2,525188,524741,447
39979381,37.4977,41.4116,443,37960,0.838766,0.41,2,525222,524779,443
39982301,28.2995,30.6823,441,37960,0.847753,0.51,2,525248,524807,441
40119541,35,29,498,39420,0.83,1,2,526981,526483,498
40122461,29.4,37.8,486,39420,0.83,1,2,527009,526523,486
40125381,41.08,34.76,496,39420,0.798,1,2,527053,526557,496
40128301,38.616,54.152,475,39420,0.6956,1,1,527091,526616,475
40131221,41.3232,38.0304,483,39420,0.72312,1,1,527133,526650,483
40134141,38.6646,30.8061,492,39420,0.856624,1,2,527171,526679,492
40137061,34.1329,36.5612,487,40880,0.867325,1,2,527204,526717,487
40139981,29.2266,34.5122,481,40880,0.853465,0.94,2,527232,526751,481
40243641,24,37,470,33580,0.11,0.97,1,528895,528425,470
40272841,44,43.4,474,33580,0.318,0.01,1,528944,528470,474
40304961,274.4,315.08,423,33580,0.7116,0.11,1,529276,528853,423
40307881,72.48,77.416,427,35040,0.85432,0.11,2,529298,528871,427
40434901,127,150,422,30660,0.31,0.03,1,531008,530586,422
40437821,52.6,42.8,440,32120,0.374,0.09,1,531042,530602,440
40440741,40.92,41.36,437,33580,0.3868,0.11,1,531080,530643,437
40443661,64.184,37.072,471,33580,0.54936,0.07,1,531150,530679,471
40446581,50.4368,74.6144,434,33580,0.597872,0.01,1,531197,530763,434
40449501,41.2874,45.3229,435,35040,0.639574,0.15,1,531236,530801,435
40452421,68.2575,73.0646,430,35040,0.727915,0.19,1,531311,530881,430
40455341,37.6515,23.4129,449,35040,0.889583,0.15,2,531341,530892,449
40458261,27.5303,30.2826,442,35040,0.873917,0.15,2,531366,530924,442
40572141,36,25,516,37960,0.81,1,2,532880,532364,516
40575061,34.4,32.2,516,37960,0.794,1,2,532914,532398,516
40576521,34.88,36.04,514,37960,0.7108,1,1,532949,532435,514
40617401,397.376,447.208,452,26280,0.61416,0.49,1,533437,532985,452
40620321,164.275,160.642,469,27740,0.546832,0.53,1,533543,533074,469
40623241,68.055,73.7283,461,29200,0.645366,0.55,1,533587,533126,461
40626161,60.811,41.9457,486,30660,0.697073,0.45,1,533646,533160,486
40629081,45.7622,75.5891,444,32120,0.691415,0.53,1,533688,533244,444
40632001,66.7524,69.5178,448,33580,0.706283,0.55,1,533760,533312,448
40634921,42.1505,39.5036,452,33580,0.677257,0.61,1,533796,533344,452
40637841,31.6301,29.5007,454,35040,0.639451,0.65,1,533825,533371,454
40640761,31.926,32.3001,453,35040,0.64789,0.57,1,533857,533404,453
40643681,30.3852,22.46,463,35040,0.681578,0.59,1,533887,533424,463
40646601,89.277,14.892,554,35040,0.704316,0.53,1,533991,533437,554
40649521,19.4554,87.7784,450,35040,0.740863,0.67,1,533993,533543,450
40652441,42.2911,52.7557,454,35040,0.796173,0.67,2,534041,533587,454
40655361,55.6582,10.5511,513,36500,0.855235,0.71,2,534100,533587,513
40658281,12.7316,49.3102,456,36500,0.867047,0.69,2,534102,533646,456
40661201,36.1463,43.462,456,36500,0.885409,0.69,2,534144,533688,456
40891881,34,28,493,39420,0.85,1,2,537164,536671,493
40894801,34,32,494,39420,0.802,1,2,537198,536704,494
40897721,30.8,30.4,494,39420,0.7284,1,1,537228,536734,494
40900641,30.96,30.08,495,39420,0.69768,1,1,537259,536764,495
40903561,30.992,30.816,495,39420,0.595536,1,1,537290,536795,495
40906481,59.7984,65.3632,488,39420,0.495107,1,1,537357,536869,488
40909401,34.3597,40.2726,482,39420,0.459021,1,1,537385,536903,482
40912321,30.8719,28.8545,486,39420,0.451804,0.93,1,537415,536929,486
40915241,22.1744,32.1709,473,39420,0.418361,1,1,537435,536962,473
40918161,30.0349,35.2342,469,40880,0.347672,0.89,1,537467,536998,469
40921081,32.407,38.2468,463,40880,0.301534,0.91,1,537500,537037,463
40924001,33.6814,35.6494,462,40880,0.260307,0.83,1,537534,537072,462
40926921,55.5363,53.5299,465,40880,0.220061,0.83,1,537595,537130,465
40929841,35.1073,10.706,495,40880,0.180012,0.85,1,537625,537130,495
40932761,31.8215,29.3412,492,40880,0.140002,0.79,1,537656,537164,492
40935681,28.7643,33.0682,486,40880,0.132,0.71,1,537684,537198,486
40938601,26.5529,30.6136,482,42340,0.1144,0.69,1,537710,537228,482
40941521,26.9106,30.9227,478,42340,0.15888,0.57,1,537737,537259,478
40944441,54.1821,30.9845,508,42340,0.231776,0.47,1,537798,537290,508
40947361,35.6364,59.7969,472,42340,0.278355,0.45,1,537829,537357,472
40950281,27.9273,34.3594,470,42340,0.303671,0.45,1,537855,537385,470
40953201,21.5855,30.8719,460,42340,0.372734,0.41,1,537875,537415,460
40956121,5.91709,22.1744,442,43800,0.434547,0.33,1,537877,537435,442
40959041,22.7834,30.0349,437,43800,0.574909,0.29,1,537904,537467,437
40961961,28.5567,32.407,434,43800,0.666982,0.25,1,537934,537500,434
40964881,32.1113,33.6814,433,43800,0.637396,0.21,1,537967,537534,433
40967801,52.8223,55.5363,430,43800,0.791479,0.17,2,538025,537595,430
40970721,35.3645,35.1073,431,43800,0.774296,0.13,2,538056,537625,431
40973641,30.2729,31.8215,429,45260,0.818859,0.13,2,538085,537656,429
40976561,26.8546,28.7643,427,45260,0.891772,0.13,2,538111,537684,427
40979481,25.3709,5.75286,452,45260,0.922354,0.11,2,538136,537684,452
40982401,29.8742,21.9506,457,45260,0.928471,0.17,2,538167,537710,457
41348861,33,34,471,39420,0.85,1,2,542290,541819,471
41353241,89,89.2,471,39420,0.85,1,2,542393,541922,471
41359081,39.4,43.44,466,39420,0.818,0.86,2,542420,541954,466
41363461,27.88,31.888,462,39420,0.7796,0.79,2,542445,541983,462
41367841,29.576,32.7776,459,39420,0.81992,0.81,2,542475,542016,459
41397041,30.7152,32.1555,458,39420,0.891984,0.81,2,542506,542048,458
41515301,107,129,421,32120,0.37,0.07,1,544216,543795,421
41545961,112.6,116.2,422,32120,0.402,0.03,1,544330,543908,422
41548881,54.52,36.04,446,33580,0.3444,0.13,1,544370,543924,446
41551801,37.304,34.408,445,35040,0.41288,0.31,1,544403,543958,445
41554721,37.0608,17.2816,469,36500,0.490576,0.29,1,544440,543971,469
41557641,18.6122,31.4563,448,36500,0.506115,0.33,1,544454,544006,448
41560561,19.7224,29.4913,439,36500,0.637223,0.39,1,544474,544035,439
41563481,44.7445,31.4983,458,36500,0.631445,0.39,1,544525,544067,458
41566401,39.3489,39.8997,454,36500,0.774289,0.39,2,544563,544109,454
41569321,40.6698,39.1799,456,36500,0.738858,0.45,1,544604,544148,456
41572241,48.934,47.036,458,36500,0.859772,0.25,2,544655,544197,458
41575161,74.5868,73.4072,459,36500,0.931954,0.37,2,544736,544277,459
41706561,481,565,455,26280,0.19,0.53,1,546362,545907,455
41709481,139.4,153,459,27740,0.19,0.41,1,546416,545957,459
41712401,70.28,69,464,29200,0.302,0.25,1,546469,546005,464
41715321,109.256,66.6,517,30660,0.5804,0.13,1,546588,546071,517
41718241,51.4512,95.72,451,32120,0.63608,0.11,1,546625,546174,451
41721161,68.6902,96.744,427,33580,0.839216,0.15,2,546698,546271,427
41884681,173,182,449,26280,0.65,0.51,1,548946,548497,449
41887601,99.4,73.2,484,27740,0.826,0.49,2,549027,548543,484
41983961,75,25,571,39420,0.65,1,1,550460,549889,571
41986881,42.2,73.8,519,39420,0.65,1,1,550494,549975,519
41989801,35.64,34.76,528,39420,0.634,1,1,550528,550000,528
41992721,34.328,45.352,514,39420,0.6468,1,1,550562,550048,514
41995641,24.4656,33.8704,505,39420,0.77736,1,2,550584,550079,505
41998561,27.2931,30.7741,503,39420,0.755472,1,2,550612,550109,503
42001481,31.8586,23.7548,514,39420,0.751094,1,2,550645,550131,514
42004401,29.5717,33.551,507,39420,0.702219,1,1,550674,550167,507
42007321,21.1143,33.9102,492,39420,0.804444,1,2,550693,550201,492
42010241,12.2229,26.782,477,39420,0.824889,1,2,550703,550226,477
42013161,23.2446,5.35641,503,39420,0.828978,0.95,2,550729,550226,503
42016081,71.0489,22.6713,559,39420,0.813796,0.85,2,550812,550253,559
42019001,38.2098,84.5343,489,39420,0.762759,0.83,2,550842,550353,489
42021921,62.842,42.5069,526,39420,0.752552,0.65,2,550911,550385,526
42024841,41.3684,68.5014,487,39420,0.73451,0.65,1,550947,550460,487
42027761,34.6737,40.9003,486,39420,0.730902,0.63,1,550980,550494,486
42030681,37.3347,35.3801,490,39420,0.81018,0.65,2,551018,550528,490
42033601,27.4669,34.276,481,39420,0.906036,0.81,2,551043,550562,481
42036521,30.2934,24.4552,490,39420,0.893207,0.75,2,551074,550584,490
42154781,54,50,500,29200,0.13,0.88,1,552612,552112,500
42157701,39.6,47.6,489,30660,0.146,0.71,1,552648,552159,489
42160621,41.52,52.72,477,32120,0.1172,0,1,552690,552213,477
42163541,78.704,108.144,443,33580,0.22344,0,1,552778,552335,443
42166461,60.5408,54.4288,458,35040,0.308688,0.01,1,552834,552376,458
42169381,41.7082,54.0858,441,35040,0.293738,0,1,552871,552430,441
42172301,34.7416,40.4172,437,35040,0.306748,0.01,1,552904,552467,437
42175221,34.9483,30.4834,444,35040,0.405349,0.03,1,552939,552495,444
42178141,42.1897,22.8967,467,35040,0.50507,0.13,1,552983,552516,467
42181061,10.0379,38.1793,427,36500,0.493014,0.13,1,552985,552558,427
42183981,45.2076,50.8359,427,36500,0.650603,0.13,1,553039,552612,427
42186901,38.6415,10.1672,464,36500,0.698121,0.15,1,553076,552612,464
42189821,9.3283,30.8334,430,36500,0.707624,0.11,1,553078,552648,430
42192741,36.2657,39.7667,431,36500,0.789525,0.11,2,553121,552690,431
42331441,71,67,498,29200,0.03,0.84,1,554987,554489,498
42334361,43.8,52.6,486,30660,0.014,0.69,1,555024,554538,486
42337281,76.76,68.12,499,32120,0.1868,0.25,1,555109,554610,499
42340201,59.352,96.024,451,33580,0.36536,0.25,1,555164,554713,451
42343121,31.0704,44.8048,443,35040,0.513072,0.11,1,555188,554745,443
42346041,31.0141,34.561,442,35040,0.526614,0.07,1,555219,554777,442
42348961,27.8028,36.5122,432,35040,0.657323,0.01,1,555246,554814,432
42351881,29.5606,28.1024,436,35040,0.667465,0.07,1,555276,554840,436
42354801,56.3121,16.8205,485,35040,0.621493,0.05,1,555339,554854,485
42357721,12.8624,52.9641,425,36500,0.660299,0.03,1,555341,554916,425
42360641,56.9725,67.3928,422,36500,0.89206,0.03,2,555409,554987,422
42477441,36,41,513,39420,0.69,1,1,556908,556395,513
42480361,52.8,28.2,545,39420,0.61,1,1,556965,556420,545
42483281,40.16,52.04,524,39420,0.642,1,1,557002,556478,524
42486201,32.832,35.208,524,39420,0.5524,1,1,557033,556509,524
42489121,36.1664,42.2416,517,39420,0.53448,1,1,557070,556553,517
42492041,34.4333,30.8483,523,39420,0.594896,1,1,557104,556581,523
42494961,32.4867,23.7697,533,39420,0.606979,1,1,557136,556603,533
42497881,25.6973,31.9539,523,39420,0.561396,1,1,557160,556637,523
42500801,20.3395,33.5908,508,39420,0.600279,0.91,1,557179,556671,508
42503721,33.6679,30.7182,515,39420,0.560056,1,1,557216,556701,515
42506641,33.9336,42.1436,504,39420,0.616011,0.97,1,557250,556746,504
42509561,51.5867,35.6287,526,39420,0.691202,0.94,1,557306,556780,526
42512481,33.5173,53.5257,497,39420,0.77024,0.87,2,557335,556838,497
42515401,31.5035,37.9051,494,39420,0.770048,0.69,2,557366,556872,494
42629281,57,41,533,40880,0.67,1,1,558794,558261,533
42632201,37.8,49.8,514,40880,0.542,1,1,558827,558313,514
42635121,35.56,36.36,516,40880,0.4044,1,1,558862,558346,516
42638041,56.712,50.472,524,40880,0.26488,1,1,558924,558400,524
42640961,37.7424,35.6944,525,40880,0.188976,1,1,558957,558432,525
42643881,33.9485,32.7389,526,42340,0.157795,1,1,558990,558464,526
42646801,33.9897,35.3478,524,42340,0.279559,1,1,559024,558500,524
42649721,24.3979,31.0696,516,42340,0.271912,1,1,559046,558530,516
42652641,32.8796,33.4139,517,42340,0.334382,1,1,559081,558564,517
42655561,24.9759,31.4828,509,42340,0.426876,1,1,559104,558595,509
42658481,17.7952,29.4966,496,42340,0.429375,0.98,1,559120,558624,496
42661401,18.759,29.8993,485,42340,0.429875,0.89,1,559139,558654,485
42664321,30.1518,42.7799,472,42340,0.509975,0.85,1,559172,558700,472
42667241,28.4304,38.156,463,42340,0.509995,0.67,1,559200,558737,463
42670161,42.4861,53.2312,452,42340,0.573999,0.51,1,559246,558794,452
42673081,31.6972,37.0462,448,43800,0.6988,0.37,1,559275,558827,448
42676001,27.1394,35.4092,439,43800,0.75576,0.23,2,559301,558862,439
42678921,50.2279,56.6819,433,43800,0.863152,0.17,2,559357,558924,433
42681841,34.0456,37.7364,430,43800,0.90063,0.17,2,559387,558957,430
42808861,487,621,451,37960,0.27,0.33,1,561140,560689,451
42814701,173.4,213.8,434,37960,0.43,0.19,1,561235,560801,434
42861421,61.08,73.16,429,37960,0.59,0.17,1,561268,560839,429
42864341,17.016,20.232,428,39420,0.654,0.17,1,561274,560846,428
42867261,24.2032,21.6464,432,40880,0.7308,0.01,1,561300,560868,432
42870181,43.2406,36.3293,440,42340,0.65016,0.03,1,561348,560908,440
42873101,53.4481,50.4659,442,43800,0.762032,0.03,2,561404,560962,442
43020561,106,123,421,36500,0.75,0.07,2,563378,562957,421
43054141,47.6,51,421,36500,0.766,0.01,2,563411,562990,421
43057061,37.52,23.8,439,37960,0.7212,0.11,1,563446,563007,439
43059981,29.904,15.96,453,39420,0.77624,0.09,2,563474,563021,453
43062901,33.1808,39.192,442,39420,0.803248,0.15,2,563508,563066,442
43065821,29.8362,32.6384,440,39420,0.80865,0.15,2,563537,563097,440
43068741,7.56723,14.5277,432,39420,0.80973,0.23,2,563539,563107,432
43071661,23.9134,15.7055,444,39420,0.857946,0.29,2,563567,563123,444
43074581,39.9827,35.9411,447,39420,0.867589,0.37,2,563611,563164,447
43246861,49,49,485,33580,0.83,0.81,2,565670,565185,485
43331541,47,29,503,42340,0.69,1,1,566786,566283,503
43334461,37.4,30.6,507,42340,0.594,1,1,566821,566314,507
43337381,36.28,50.92,487,42340,0.4788,1,1,566857,566370,487
43340301,47.256,37.384,503,42340,0.40776,1,1,566907,566404,503
43343221,36.6512,28.2768,511,42340,0.345552,1,1,566941,566430,511
43346141,32.9302,35.2554,506,43800,0.33311,1,1,566973,566467,506
43349061,30.586,35.0511,501,43800,0.298622,1,1,567003,566502,501
43351981,33.3172,36.6102,498,43800,0.291724,1,1,567037,566539,498
43354901,29.0634,32.922,494,43800,0.306345,1,1,567065,566571,494
43357821,29.0127,36.1844,486,43800,0.293269,1,1,567094,566608,486
43360741,33.0025,36.0369,484,43800,0.386654,1,1,567128,566644,484
43363661,18.6005,7.20738,499,43800,0.405331,0.95,1,567143,566644,499
43366581,26.9201,22.2415,502,43800,0.361066,0.93,1,567172,566670,502
43369501,27.784,31.6483,496,43800,0.288213,0.83,1,567200,566704,496
43372421,35.1568,34.3297,498,43800,0.385643,0.69,1,567237,566739,498
43375341,33.4314,44.4659,484,43800,0.405129,0.57,1,567270,566786,484
43378261,33.8863,36.8932,483,43800,0.521026,0.45,1,567304,566821,483
43381181,38.7773,36.1786,487,43800,0.608205,0.39,1,567344,566857,487
43384101,32.5555,47.2357,468,43800,0.625641,0.33,1,567375,566907,468
43387021,8.11109,36.6471,436,43800,0.629128,0.33,1,567377,566941,436
43389941,25.6222,32.9294,434,43800,0.709826,0.29,1,567407,566973,434
43392861,28.3244,30.5859,433,43800,0.741965,0.29,1,567436,567003,433
43395781,35.2649,33.3172,436,43800,0.844393,0.31,2,567473,567037,436
43398701,31.853,29.0634,439,43800,0.864879,0.29,2,567504,567065,439
43401621,27.9706,29.0127,437,43800,0.900976,0.41,2,567531,567094,437
43533021,45,47,487,33580,0.45,1,1,569059,568572,487
43535941,49.8,41.4,498,35040,0.45,1,1,569110,568612,498
43538861,44.36,45.08,495,36500,0.402,0.93,1,569153,568658,495
43541781,54.472,67.416,479,37960,0.4404,0.81,1,569210,568731,479
43544701,62.0944,67.8832,475,39420,0.46408,0.75,1,569274,568799,475
43547621,33.2189,39.9766,468,39420,0.468816,0.57,1,569300,568832,468
43550541,27.4438,35.1953,460,39420,0.469763,0.49,1,569326,568866,460
43553461,38.2888,33.4391,468,39420,0.485953,0.49,1,569367,568899,468
43556381,33.2578,37.0878,462,39420,0.553191,0.43,1,569399,568937,462
43559301,19.4515,35.4176,443,39420,0.694638,0.49,1,569415,568972,443
43562221,39.8903,40.6835,446,40880,0.738928,0.49,1,569460,569014,446
43565141,41.5781,8.1367,488,40880,0.795786,0.45,2,569502,569014,488
43568061,9.91561,37.6273,445,40880,0.823157,0.45,2,569504,569059,445
43679021,45,48,514,43800,0.75,1,2,570847,570333,514
43681941,37,28,526,43800,0.654,1,1,570882,570356,526
43684861,31.4,36.8,517,43800,0.5708,1,1,570912,570395,517
43686321,31.08,31.36,518,43800,0.52216,1,1,570943,570425,518
43733041,387.016,448.672,441,30660,0.496432,0.41,1,571419,570978,441
43735961,117.403,123.334,449,32120,0.571286,0.39,1,571469,571020,449
43738881,55.4806,48.6669,459,33580,0.522257,0.33,1,571509,571050,459
43741801,45.4961,46.5334,456,35040,0.512451,0.35,1,571552,571096,456
43744721,57.8992,73.3067,437,36500,0.62249,0.37,1,571613,571176,437
43747641,65.9798,43.4613,469,37960,0.692498,0.39,1,571681,571212,469
43750561,67.596,51.8923,483,39420,0.8345,0.35,2,571749,571266,483
43753481,36.7192,43.9785,470,39420,0.8789,0.47,2,571778,571308,470
43756401,28.1438,31.9957,467,39420,0.82378,0.45,2,571804,571337,467
43759321,28.8288,24.7991,473,39420,0.844756,0.43,2,571833,571360,473
43762241,22.5658,29.7598,463,39420,0.864951,0.49,2,571854,571391,463
43765161,10.9132,28.352,443,40880,0.85299,0.59,2,571862,571419,443
43768081,44.5826,45.6704,446,40880,0.818598,0.59,2,571915,571469,446
43771001,43.3165,9.13408,489,40880,0.87572,0.51,2,571958,571469,489
43773921,10.2633,33.8268,451,40880,0.887144,0.51,2,571960,571509,451
44058621,381,426,432,27740,0.65,0.19,1,575761,575329,432
44061541,115.4,113.2,446,29200,0.698,0.17,1,575810,575364,446
44064461,48.68,35.44,462,30660,0.7556,0.17,2,575842,575380,462
44160821,30,34,509,33580,0.75,1,2,577291,576782,509
44163741,34,26.8,519,33580,0.638,1,1,577326,576807,519
44166661,99.6,29.36,605,33580,0.4396,1,1,577442,576837,605
44169581,57.52,117.872,512,33580,0.33592,1,1,577489,576977,512
44172501,35.504,47.5744,512,33580,0.315184,1,1,577519,577007,512
44175421,37.5008,32.7149,521,33580,0.327037,1,1,577557,577036,521
44178341,33.1002,42.543,508,33580,0.329407,1,1,577589,577081,508
44181261,29.82,33.3086,506,33580,0.281881,1,1,577618,577112,506
44184181,28.364,35.4617,498,33580,0.240376,1,1,577646,577148,498
44187101,32.8728,31.8923,501,33580,0.296075,0.87,1,577680,577179,501
44190021,40.9746,36.7785,506,33580,0.339215,0.83,1,577723,577217,506
44192941,24.1949,42.5557,482,33580,0.283843,0.75,1,577743,577261,482
44195861,31.239,32.5111,485,33580,0.256769,0.61,1,577776,577291,485
44198781,91.0478,34.5022,556,33580,0.411354,0.39,1,577882,577326,556
44201701,51.8096,99.7004,482,33580,0.570271,0.31,1,577924,577442,482
44204621,35.9619,57.5401,467,33580,0.554054,0.31,1,577956,577489,467
44207541,40.7924,35.508,479,33580,0.566811,0.33,1,577998,577519,479
44210461,31.3585,37.5016,470,33580,0.649362,0.33,1,578027,577557,470
44213381,27.0717,33.1003,464,33580,0.697872,0.27,1,578053,577589,464
44216301,27.0143,29.8201,462,33580,0.691574,0.23,1,578080,577618,462
44219221,33.4029,28.364,469,33580,0.690315,0.31,1,578115,577646,469
44338941,31,26,509,40880,0.85,1,2,579853,579344,509
44341861,27,25.2,510,40880,0.834,1,2,579879,579369,510
44344781,31,29.04,512,40880,0.8788,1,2,579911,579399,512
44347701,31,32.208,510,40880,0.90376,1,2,579942,579432,510
44350621,30.2,36.8416,502,40880,0.924752,1,2,579972,579470,502
44353541,26.04,35.3683,492,42340,0.88095,1,2,579997,579505,492
44356461,22.008,31.0737,483,42340,0.85619,1,2,580018,579535,483
44476181,41,41,478,33580,0.01,0.09,1,581536,581058,478
44509761,301.8,345,424,33580,0.138,0.05,1,581903,581479,424
44512681,71.56,81.8,422,35040,0.2916,0.05,1,581917,581495,422
44515601,47.112,39.56,434,36500,0.30632,0.09,1,581958,581524,434
44518521,58.2224,44.712,449,37960,0.613264,0.01,1,582019,581570,449
44521441,71.6445,49.7424,473,39420,0.834653,0.11,2,582094,581621,473
44676201,78,102,447,32120,0.31,0.45,1,583859,583412,447
44679121,66,55.6,466,33580,0.438,0.11,1,583922,583456,466
44682041,62.8,79.12,443,35040,0.5756,0.03,1,583984,583541,443
44684961,50.96,58.224,438,36500,0.65112,0.03,1,584032,583594,438
44687881,46.992,49.2448,437,36500,0.714224,0.07,1,584078,583641,437
44690801,27.7984,29.049,436,36500,0.726845,0.13,1,584101,583665,436
44693721,30.3597,28.2098,439,36500,0.761369,0.09,2,584132,583693,439
44696641,27.6719,23.242,444,36500,0.816274,0.17,2,584159,583715,444
44699561,24.7344,32.6484,433,36500,0.843255,0.21,2,584183,583750,433
44702481,27.3469,16.1297,449,36500,0.880651,0.27,2,584211,583762,449
44936081,37,33,523,40880,0.57,1,1,587199,586676,523
44939001,36.2,52.2,502,40880,0.49,1,1,587235,586733,502
44941921,37.64,40.04,503,40880,0.282,1,1,587273,586770,503
44944841,35.528,34.408,505,40880,0.1444,1,1,587308,586803,505
44947761,37.5056,31.6816,512,40880,0.03688,1,1,587346,586834,512
44950681,38.7011,35.1363,515,40880,0.015376,1,1,587385,586870,515
44953601,43.7402,36.6273,523,40880,0.0430752,1,1,587430,586907,523
44956521,38.348,37.7255,522,40880,0.032615,1,1,587467,586945,522
44959441,34.0696,39.5451,515,42340,0.158523,1,1,587500,586985,515
44962361,39.6139,40.709,515,42340,0.295705,0.93,1,587541,587026,515
44965281,29.5228,36.1418,507,42340,0.339141,1,1,587568,587061,507
44968201,25.1046,37.6284,493,42340,0.331828,0.92,1,587592,587099,493
44971121,6.62091,30.7257,466,42340,0.362366,0.72,1,587594,587128,466
44974041,22.9242,33.3451,459,42340,0.368473,0.57,1,587621,587162,459
44976961,25.3848,36.269,448,42340,0.385695,0.47,1,587647,587199,448
44979881,26.677,36.0538,439,42340,0.453139,0.23,1,587674,587235,439
44982801,28.5354,37.6108,430,42340,0.466628,0.11,1,587703,587273,430
44985721,28.9071,35.5222,424,42340,0.469326,0.01,1,587732,587308,424
44988641,36.1814,37.5044,424,43800,0.517865,0.01,1,587770,587346,424
44991561,38.4363,38.7009,424,43800,0.495573,0.05,1,587809,587385,424
44994481,42.8873,43.7402,423,43800,0.619115,0.03,1,587853,587430,423
44997401,38.1775,38.348,423,43800,0.739823,0.03,1,587890,587467,423
45293781,90,136,466,18980,0.43,0.01,1,595013,594547,466
45296701,47.6,77.6,440,20440,0.462,0.03,1,595050,594610,440
45299621,35.12,45.92,434,21900,0.5484,0,1,595082,594648,434
45302541,24.624,27.584,433,21900,0.45368,0.05,1,595104,594671,433
45305461,13.7248,21.5168,424,21900,0.514736,0.15,1,595115,594691,424
45308381,195.545,189.903,433,21900,0.622947,0.15,1,595356,594923,433
45311301,119.909,37.9807,534,21900,0.740589,0.43,1,595457,594923,534
45314221,25.5818,79.5961,446,23360,0.780118,0.47,2,595459,595013,446
45317141,28.3164,45.5192,438,23360,0.852024,0.47,2,595488,595050,438
45320061,36.8633,9.10384,477,23360,0.866405,0.57,2,595527,595050,477
45322981,25.7727,27.4208,468,23360,0.853281,0.43,2,595550,595082,468
45325901,13.9545,23.0842,457,23360,0.866656,0.53,2,595561,595104,457
45390141,23,23,496,23360,0.69,1,1,596988,596492,496
45393061,37.4,29.4,506,23360,0.514,1,1,597029,596523,506
45395981,130.68,143.48,488,23360,0.1588,1,1,597183,596695,488
45398901,68.536,82.296,474,23360,0.03976,1,1,597236,596762,474
45401821,99.3072,104.459,471,23360,0.015952,0.83,1,597343,596872,471
45404741,39.8614,45.6918,465,23360,0.10719,0.87,1,597368,596903,465
45407661,33.5723,36.3384,463,23360,0.141438,0.75,1,597400,596937,463
45410581,23.5145,29.6677,456,23360,0.212288,0.69,1,597421,596965,456
45413501,19.1029,24.3335,451,23360,0.306458,0.47,1,597439,596988,451
45416421,29.4206,37.6667,442,23360,0.277292,0.07,1,597471,597029,442
