#Ack,ack_ewma(ms),send_ewma(ms),rtt_ratio,cwnd (Bytes),Last Router Ocupation Ack Arriaval(Packets),Last Router Ocupation Packet Sent(Packets),Network Situation,AckArrival(ms),TSInsideAck(ms),RTTAck(ms)
4381,2,0,423,16060,0,0,1,40843,40420,423
7301,2,0,425,17520,0,0,1,40845,40420,425
10221,2,0,427,18980,0,0,1,40847,40420,427
13141,2,0,429,20440,0,0,1,40849,40420,429
14601,161.2,0,630,21900,0,0,1,41050,40420,630
17521,202.64,336.8,422,23360,0,0,1,41263,40841,422
20441,42.128,68.96,422,24820,0,0,1,41265,40843,422
23361,10.0256,13.792,424,26280,0,0,1,41267,40843,424
26281,3.60512,4.3584,424,27740,0,0,1,41269,40845,424
29201,2.32102,2.47168,424,29200,0,0,1,41271,40847,424
32121,2.0642,0.494336,426,30660,0,0,1,41273,40847,426
35041,2.01284,1.69887,426,32120,0.024,0,1,41275,40849,426
37961,158.003,161.14,422,33580,0.0048,0,1,41472,41050,422
40881,202.001,202.628,422,35040,0.08096,0,1,41685,41263,422
43801,42.0001,40.5256,424,36500,0.064192,0,1,41687,41263,424
46721,10,9.70512,424,37960,0.0688384,0,1,41689,41265,424
49641,3.6,3.54102,424,39420,0.0297677,0,1,41691,41267,424
52561,2.32,0.708205,426,40880,0.00595354,0,1,41693,41267,426
55481,2.064,1.74164,426,42340,0.00119071,0,1,41695,41269,426
58401,2.0128,1.94833,426,43800,0.0242381,0,1,41697,41271,426
61321,2.00256,0.389666,428,45260,0.0448476,0,1,41699,41271,428
64241,2.00051,1.67793,428,46720,0.0649695,0.03,1,41701,41273,428
67161,2.0001,1.93559,428,48180,0.0849939,0.03,1,41703,41275,428
70081,152.4,0.387117,618,49640,0.0169988,0,1,41893,41275,618
73001,32.08,157.677,423,51100,0.00339976,0.1,1,41895,41472,423
75921,176.016,201.935,422,52560,0.14468,0.1,1,42107,41685,422
78841,36.8032,40.3871,424,54020,0.140936,0.06,1,42109,41685,424
81761,8.96064,9.67742,424,55480,0.260187,0.07,1,42111,41687,424
84681,3.39213,3.53548,424,56940,0.292037,0.07,1,42113,41689,424
87601,2.27843,0.707097,426,58400,0.266407,0.02,1,42115,41689,426
90521,2.05569,1.74142,426,59860,0.221282,0,1,42117,41691,426
93441,2.01114,1.94828,426,61320,0.228256,0,1,42119,41693,426
96361,2.00223,0.389657,428,62780,0.245651,0,1,42121,41693,428
99281,2.00045,1.67793,428,64240,0.26513,0.03,1,42123,41695,428
102201,2.00009,1.93559,428,65700,0.277026,0.03,1,42125,41697,428
105121,2.00002,0.387117,430,67160,0.295405,0.05,1,42127,41697,430
108041,2,1.67742,430,68620,0.323081,0.07,1,42129,41699,430
110961,2,1.93548,430,70080,0.344616,0.07,1,42131,41701,430
113881,2,0.387097,432,71540,0.364923,0.09,1,42133,41701,432
116801,2,1.67742,432,73000,0.384985,0,1,42135,41703,432
119721,144.4,152.335,422,74460,0.0769969,0,1,42315,41893,422
122641,30.48,30.4671,424,75920,0.0153994,0,1,42317,41893,424
125561,7.696,7.69342,424,77380,0.00307988,0.18,1,42319,41895,424
128481,177.539,171.139,432,78840,0.096616,0.18,1,42539,42107,432
131401,37.1078,34.2277,434,80300,0.0833232,0.14,1,42541,42107,434
134321,9.02157,8.44555,434,81760,0.0486646,0.29,1,42543,42109,434
137241,3.40431,3.28911,434,83220,0.00973293,0.29,1,42545,42111,434
140161,2.28086,0.657822,436,84680,0.193947,0.3,1,42547,42111,436
143081,2.05617,1.73156,436,86140,0.198789,0.26,1,42549,42113,436
146001,2.01123,1.94631,436,87600,0.215758,0.26,1,42551,42115,436
148921,2.00225,0.389263,438,89060,0.235152,0.21,1,42553,42115,438
151841,2.00045,1.67785,438,90520,0.25503,0.23,1,42555,42117,438
154761,2.00009,1.93557,438,91980,0.315006,0.23,1,42557,42119,438
157681,2.00002,0.387114,440,93440,0.343001,0.25,1,42559,42119,440
160601,2,1.67742,440,94900,0.3726,0.27,1,42561,42121,440
163521,2,1.93548,440,96360,0.39452,0.27,1,42563,42123,440
166441,2,0.387097,442,97820,0.414904,0.28,1,42565,42123,442
169361,2,1.67742,442,99280,0.434981,0.3,1,42567,42125,442
172281,2,1.93548,442,100740,0.454996,0.3,1,42569,42127,442
175201,2,0.387097,444,102200,0.474999,0.33,1,42571,42127,444
178121,2,1.67742,444,103660,0.495,0.35,1,42573,42129,444
181041,2,1.93548,444,105120,0.507,0.35,1,42575,42131,444
183961,2,0.387097,446,106580,0.5254,0.37,1,42577,42131,446
186881,2,1.67742,446,108040,0.54508,0.39,1,42579,42133,446
189801,2,1.93548,446,109500,0.565016,0.39,1,42581,42135,446
192721,124.4,0.387097,601,110960,0.113003,0,1,42736,42135,601
195641,26.48,144.077,423,112420,0.0226006,0,1,42738,42315,423
198561,6.896,30.4155,423,113880,0.00452013,0,1,42740,42317,423
201481,2.9792,6.0831,425,115340,0.000904025,0,1,42742,42317,425
204401,2.19584,2.81662,425,116800,0.000180805,0.12,1,42744,42319,425
207321,182.039,176.563,432,118260,0.0960362,0.12,1,42971,42539,432
210241,38.0078,35.3127,434,119720,0.139207,0.08,1,42973,42539,434
213161,9.20157,8.66253,434,121180,0.115841,0.04,1,42975,42541,434
216081,3.44031,3.33251,434,122640,0.0791683,0.04,1,42977,42543,434
219001,3.08806,0.666501,437,124100,0.135834,0,1,42980,42543,437
221921,3.01761,1.7333,438,125560,0.155167,0.24,1,42983,42545,438
224841,2.20352,1.94666,438,127020,0.175033,0.24,1,42985,42547,438
227761,2.0407,0.389332,440,128480,0.187007,0.2,1,42987,42547,440
230681,2.00814,1.67787,440,129940,0.213401,0.22,1,42989,42549,440
233601,2.00163,1.93557,440,131400,0.25868,0.22,1,42991,42551,440
236521,2.00033,0.387115,442,132860,0.235736,0.24,1,42993,42551,442
239441,2.00007,1.67742,442,134320,0.223147,0.26,1,42995,42553,442
242361,2.00001,1.93548,442,135780,0.236629,0.26,1,42997,42555,442
245281,2,0.387097,444,137240,0.207326,0.33,1,42999,42555,444
248201,2,1.67742,444,138700,0.177465,0.35,1,43001,42557,444
251121,2,1.93548,444,140160,0.291493,0.35,1,43003,42559,444
254041,2,0.387097,446,141620,0.282299,0.38,1,43005,42559,446
256961,2,1.67742,446,143080,0.25646,0.4,1,43007,42561,446
259881,2,1.93548,446,144540,0.323292,0.4,1,43009,42563,446
262801,2,0.387097,448,146000,0.312658,0.42,1,43011,42563,448
265721,2,1.67742,448,147460,0.278532,0.44,1,43013,42565,448
268641,2,1.93548,448,148920,0.239706,0.44,1,43015,42567,448
271561,2,0.387097,450,150380,0.199941,0.46,1,43017,42567,450
274481,2,1.67742,450,151840,0.311988,0.48,1,43019,42569,450
277401,2,1.93548,450,153300,0.310398,0.48,1,43021,42571,450
280321,2,0.387097,452,154760,0.27808,0.5,1,43023,42571,452
283241,2,1.67742,452,156220,0.239616,0.51,1,43025,42573,452
286161,2,1.93548,452,157680,0.199923,0.51,1,43027,42575,452
289081,2,0.387097,454,159140,0.167985,0.53,1,43029,42575,454
292001,2,1.67742,454,160600,0.129597,0.55,1,43031,42577,454
294921,2,1.93548,454,162060,0.0899194,0.55,1,43033,42579,454
297841,2,0.387097,456,163520,0.297984,0.57,1,43035,42579,456
300761,2,1.67742,456,164980,0.307597,0,1,43037,42581,456
303681,97.2,124.335,422,166440,0.0615194,0,1,43158,42736,422
306601,21.04,24.8671,424,167900,0.0123039,0,1,43160,42736,424
309521,5.808,6.57342,424,169360,0.00246077,0,1,43162,42738,424
312441,2.7616,2.91468,424,170820,0.000492155,0,1,43164,42740,424
315361,2.15232,0.582937,426,172280,9.84309e-05,0,1,43166,42740,426
318281,2.03046,1.71659,426,173740,1.96862e-05,0,1,43168,42742,426
321201,2.00609,1.94332,426,175200,3.93724e-06,0,1,43170,42744,426
322661,161.201,0.388663,627,176660,0.0480008,0.12,1,43371,42744,627
325581,55.4402,181.678,429,178120,0.1296,0.12,1,43400,42971,429
328501,12.688,36.3355,431,179580,0.12192,0.15,1,43402,42971,431
331421,4.13761,8.86711,431,181040,0.088384,0.11,1,43404,42973,431
334341,2.42752,3.37342,431,182500,0.0496768,0.11,1,43406,42975,431
336341,1.2855,0.674684,432,183960,0.0259354,0.19,1,43407,42975,432
339261,1.8571,2.53494,431,185420,0.149187,0.15,1,43409,42978,431
342181,3.57142,2.10699,433,186880,0.109837,0.15,1,43413,42980,433
345101,2.31428,0.421397,435,188340,0.0699675,0.16,1,43415,42980,435
347781,5.26286,2.48428,438,189800,0.0139935,0.27,1,43421,42983,438
350701,2.65257,6.89686,432,191260,0.186799,0.27,1,43423,42991,432
353621,2.13051,1.37937,434,192720,0.18936,0.27,1,43425,42991,434
356541,2.0261,0.275874,436,194180,0.157872,0.27,1,43427,42991,436
359461,2.00522,0.0551748,438,195640,0.119574,0.27,1,43429,42991,438
362341,2.00104,0.011035,440,197100,0.135915,0.24,1,43431,42991,440
365261,2.00021,4.80221,436,198560,0.107183,0.24,1,43433,42997,436
368181,2.00004,0.960441,438,200020,0.149437,0.24,1,43435,42997,438
370241,2.00001,0.192088,440,201480,0.237887,0.25,1,43437,42997,440
373161,2,8.03842,432,202940,0.223577,0.25,1,43439,43007,432
376081,2,1.60768,434,204400,0.196715,0.25,1,43441,43007,434
379001,2,0.321537,436,205860,0.159343,0.25,1,43443,43007,436
381921,2,0.0643073,438,207320,0.127869,0.25,1,43445,43007,438
384801,2,0.0128615,440,208780,0.0895737,0.27,1,43447,43007,440
387721,2,12.8026,426,210240,0.201915,0.27,1,43449,43023,426
390641,2,2.56051,428,211700,0.192383,0.27,1,43451,43023,428
393561,2,0.512103,430,213160,0.166477,0.27,1,43453,43023,430
396481,2,0.102421,432,214620,0.129295,0.27,1,43455,43023,432
399401,2,0.0204841,434,216080,0.0898591,0.27,1,43457,43023,434
402321,2,0.00409682,436,217540,0.0499718,0.27,1,43459,43023,436
405241,2,0.000819364,438,219000,0.193994,0.27,1,43461,43023,438
407681,2,0.000163873,440,220460,0.198799,0.08,1,43463,43023,440
410601,2,8.00003,432,221920,0.16776,0.08,1,43465,43033,432
413521,2,1.60001,434,223380,0.129552,0.08,1,43467,43033,434
416441,2,0.320001,436,224840,0.0899104,0.08,1,43469,43033,436
419361,2,0.0640003,438,226300,0.201982,0.08,1,43471,43033,438
422241,2,0.0128,440,227760,0.192396,0.26,1,43473,43033,440
425161,2,5.60256,435,229220,0.166479,0.26,1,43475,43040,435
428081,2,1.12051,437,230680,0.249296,0.26,1,43477,43040,437
431001,2,0.224102,439,232140,0.233859,0.26,1,43479,43040,439
433061,90,0.0448205,551,233600,0.0467718,0,1,43591,43040,551
435981,19.6,104.009,423,235060,0.00935437,0,1,43593,43170,423
438901,5.52,20.8018,425,236520,0.00187087,0,1,43595,43170,425
441821,2.704,4.16036,427,237980,0.000374175,0,1,43597,43170,427
444741,2.1408,0.832072,429,239440,7.48349e-05,0,1,43599,43170,429
447661,2.02816,0.166414,431,240900,1.4967e-05,0,1,43601,43170,431
449281,1.20563,0.0332829,432,242360,2.9934e-06,0,1,43602,43170,432
451361,1.84113,4.80666,428,243820,0.0160006,0.12,1,43604,43176,428
453441,165.168,164.961,429,245280,0.00320012,0.14,1,43810,43381,429
456361,51.4336,56.9923,422,246740,0.01664,0.14,1,43833,43411,422
459281,11.8867,11.3985,424,248200,0.003328,0.14,1,43835,43411,424
462201,3.97735,2.27969,426,249660,0.000665601,0.14,1,43837,43411,426
465121,2.39547,0.455938,428,251120,0.00013312,0.14,1,43839,43411,428
468041,2.07909,0.0911876,430,252580,0.224027,0.14,1,43841,43411,430
470081,2.01582,0.0182375,432,254040,0.236805,0,1,43843,43411,432
473001,3.60316,6.40365,428,255500,0.175361,0,1,43847,43419,428
475281,2.32063,1.28073,430,256960,0.131072,0.17,1,43849,43419,430
478201,6.06413,5.85615,430,258420,0.138214,0.17,1,43856,43426,430
481121,2.81283,1.17123,432,259880,0.107643,0.17,1,43858,43426,432
484041,2.16257,0.234246,434,261340,0.0695286,0.17,1,43860,43426,434
486101,2.03251,0.0468492,436,262800,0.0539057,0.26,1,43862,43426,436
489021,2.0065,8.80937,427,264260,0.0267811,0.26,1,43864,43437,427
491941,2.0013,1.76187,429,265720,0.117356,0.26,1,43866,43437,429
494861,2.00026,0.352375,431,267180,0.159471,0.26,1,43868,43437,431
497781,2.00005,0.0704749,433,268640,0.135894,0.26,1,43870,43437,433
500661,2.00001,0.014095,435,270100,0.0991789,0.23,1,43872,43437,435
503581,2,9.60282,425,271560,0.0518358,0.23,1,43874,43449,425
506501,2,1.92056,427,273020,0.0103672,0.23,1,43876,43449,427
509421,2,0.384113,429,274480,0.00207343,0.23,1,43878,43449,429
512341,2,0.0768225,431,275940,0.160415,0.23,1,43880,43449,431
515261,2,0.0153645,433,277400,0.160083,0.23,1,43882,43449,433
517301,2,0.0030729,435,278860,0.128017,0.04,1,43884,43449,435
520221,2,8.00061,427,280320,0.0896033,0.04,1,43886,43459,427
523141,2,1.60012,429,281780,0.169921,0.04,1,43888,43459,429
526061,2,0.320025,431,283240,0.153984,0.04,1,43890,43459,431
528981,2,0.0640049,433,284700,0.182797,0.04,1,43892,43459,433
531861,2,0.012801,435,286160,0.156559,0.14,1,43894,43459,435
534781,2,5.60256,430,287620,0.207312,0.14,1,43896,43466,430
537701,2,1.12051,432,289080,0.185462,0.14,1,43898,43466,432
540621,2,0.224102,434,290540,0.157092,0.14,1,43900,43466,434
542261,1.2,0.0448205,435,292000,0.135419,0.08,1,43901,43466,435
543921,1.04,2.40896,433,293460,0.203084,0.27,1,43902,43469,433
546841,1.808,6.88179,427,294920,0.192617,0.27,1,43904,43477,427
549761,1.9616,1.37636,429,296380,0.158523,0.27,1,43906,43477,429
552681,1.99232,0.275272,431,297840,0.119705,0.27,1,43908,43477,431
555361,1.99846,0.0550543,433,299300,0.223941,0.19,1,43910,43477,433
558281,1.99969,5.61101,428,300760,0.212788,0.19,1,43912,43484,428
561201,1.99994,1.1222,430,302220,0.218558,0.19,1,43914,43484,430
563061,80.4,0.22444,530,303680,0.0437115,0,1,44014,43484,530
565141,20.88,87.2449,427,305140,0.0087423,0,1,44020,43593,427
568061,5.776,22.249,423,306600,0.00174846,0,1,44022,43599,423
570981,2.7552,4.4498,425,308060,0.000349692,0,1,44024,43599,425
573461,2.95104,0.889959,428,309520,6.99384e-05,0,1,44027,43599,428
576381,2.19021,5.77799,423,310980,1.39877e-05,0,1,44029,43606,423
579301,2.03804,1.1556,425,312440,2.79754e-06,0,1,44031,43606,425
582221,2.00761,0.23112,427,313900,5.59507e-07,0,1,44033,43606,427
582401,160.402,0.0462239,627,315360,1.11901e-07,0.12,1,44233,43606,627
584481,40.8803,168.809,427,315360,2.23803e-08,0.28,1,44244,43817,427
587401,26.5761,52.9618,426,316820,0.048,0.28,1,44267,43841,426
590321,6.91521,10.5924,428,318280,0.0256,0.28,1,44269,43841,428
593241,2.98304,2.11847,430,319740,0.00512,0.28,1,44271,43841,430
595921,2.19661,0.423695,432,321200,0.129024,0.15,1,44273,43841,432
598841,3.63932,11.2847,422,322660,0.0898048,0.15,1,44277,43855,422
601761,2.32786,2.25695,424,324120,0.049961,0.15,1,44279,43855,424
604681,2.06557,0.451389,426,325580,0.0979922,0.15,1,44281,43855,426
606321,1.21311,0.0902779,427,327040,0.0995984,0.17,1,44282,43855,427
609241,6.64262,10.4181,422,328500,0.0999197,0.17,1,44290,43868,422
612161,2.92852,2.08361,424,329960,0.0679839,0.17,1,44292,43868,424
615081,2.1857,0.416722,426,331420,0.0535968,0.17,1,44294,43868,426
618001,2.03714,0.0833444,428,332880,0.0267194,0.17,1,44296,43868,428
620921,2.00743,0.0166689,430,334340,0.00534387,0.17,1,44298,43868,430
622961,2.00149,0.00333378,432,335800,0.0970688,0,1,44300,43868,432
625881,2.0003,6.40067,426,337260,0.0834137,0,1,44302,43876,426
628801,2.00006,1.28013,428,338720,0.0486828,0,1,44304,43876,428
631721,2.00001,0.256027,430,340180,0.00973655,0,1,44306,43876,430
634401,2,0.0512053,432,341640,0.121947,0.2,1,44308,43876,432
637321,2,3.21024,430,343100,0.112389,0.2,1,44310,43880,430
639601,2,0.642048,432,344560,0.0784779,0.1,1,44312,43880,432
642521,2,4.12841,429,346020,0.0476956,0.1,1,44314,43885,429
645441,2,0.825682,431,347480,0.00953912,0.1,1,44316,43885,431
647921,2,0.165136,433,348940,0.00190782,0.21,1,44318,43885,433
650841,2,4.83303,429,350400,0.160382,0.21,1,44320,43891,429
653761,2,0.966605,431,351860,0.160076,0.21,1,44322,43891,431
656241,2,0.193321,433,353320,0.128015,0.17,1,44324,43891,433
659161,2,6.43866,427,354780,0.0896031,0.17,1,44326,43899,427
662081,2,1.28773,429,356240,0.201921,0.17,1,44328,43899,429
665001,2,0.257547,431,357700,0.192384,0.17,1,44330,43899,431
667921,2,0.0515093,433,359160,0.166477,0.17,1,44332,43899,433
670181,2,0.0103019,435,360620,0.129295,0.22,1,44334,43899,435
672881,2,2.40206,434,362080,0.177859,0.22,1,44336,43902,434
675801,2,10.0804,424,363540,0.155572,0.22,1,44338,43914,424
678721,2,2.01608,426,365000,0.111114,0.22,1,44340,43914,426
681641,2,0.403216,428,366460,0.190223,0.22,1,44342,43914,428
684561,2,0.0806433,430,367920,0.174045,0.22,1,44344,43914,430
687481,2,0.0161287,432,369380,0.146809,0.22,1,44346,43914,432
689941,2,0.00322573,434,370840,0.109362,0.23,1,44348,43914,434
691601,1.2,8.80065,424,372300,0.0858724,0,1,44349,43925,424
694521,79.44,82.5601,422,373760,0.0171745,0,1,44448,44026,422
697441,17.488,16.512,424,375220,0.00343489,0,1,44450,44026,424
700361,5.0976,3.3024,426,376680,0.000686979,0,1,44452,44026,426
702001,1.81952,0.660481,427,378140,0.000137396,0.02,1,44453,44026,427
704921,9.9639,13.7321,422,379600,2.74791e-05,0.02,1,44465,44043,422
707841,3.59278,2.74642,424,381060,5.49583e-06,0.02,1,44467,44043,424
710761,2.31856,0.549284,426,382520,1.09917e-06,0.02,1,44469,44043,426
712401,1.26371,0.109857,427,383980,2.19833e-07,0,1,44470,44043,427
714901,163.453,156.822,435,385440,4.39666e-08,0,1,44674,44239,435
716981,51.8905,39.3644,449,386900,0.048,0.14,1,44698,44249,449
719901,11.9781,27.8729,426,388360,0.0496,0.14,1,44700,44274,426
722821,3.99562,5.57458,428,389820,0.00992,0.14,1,44702,44274,428
725741,2.39912,1.11491,430,391280,0.001984,0.14,1,44704,44274,430
728421,4.47982,0.222983,435,392740,0.128397,0.14,1,44709,44274,435
731341,2.49596,11.2446,423,394200,0.217679,0.14,1,44711,44288,423
734261,2.09919,2.24892,425,395660,0.203536,0.14,1,44713,44288,425
737181,2.01984,0.449784,427,397120,0.168707,0.14,1,44715,44288,427
738821,2.00397,0.0899568,429,398580,0.129741,0.02,1,44717,44288,429
741741,2.00079,6.41799,423,400040,0.129948,0.02,1,44719,44296,423
744661,2.00016,1.2836,425,401500,0.18599,0.02,1,44721,44296,425
747141,6.80003,0.25672,433,402960,0.141198,0.15,1,44729,44296,433
750061,2.96001,9.65134,423,404420,0.10024,0.15,1,44731,44308,423
752981,2.192,1.93027,425,405880,0.220048,0.15,1,44733,44308,425
755901,2.0384,0.386054,427,407340,0.21201,0.15,1,44735,44308,427
758821,2.00768,0.0772107,429,408800,0.170402,0.15,1,44737,44308,429
761741,2.00154,0.0154421,431,410260,0.13008,0.15,1,44739,44308,431
763781,2.00031,0.00308843,433,411720,0.146016,0,1,44741,44308,433
766701,2.00006,7.20062,426,413180,0.117203,0,1,44743,44317,426
769621,2.00001,1.44012,428,414640,0.0714406,0,1,44745,44317,428
772541,2,0.288025,430,416100,0.0302881,0,1,44747,44317,430
775461,2,0.0576049,432,417560,0.118058,0,1,44749,44317,432
777301,1.2,0.011521,433,419020,0.119612,0.12,1,44750,44317,433
780221,1.84,5.6023,428,420480,0.0879223,0.12,1,44752,44324,428
783141,1.968,1.12046,430,421940,0.0495845,0.12,1,44754,44324,430
785621,1.9936,0.224092,432,423400,0.00991689,0.18,1,44756,44324,432
788541,1.99872,5.64482,427,424860,0.145983,0.18,1,44758,44331,427
791461,1.99974,1.12896,429,426320,0.141197,0.18,1,44760,44331,429
794381,1.99995,0.225793,431,427780,0.164239,0.18,1,44762,44331,431
797061,4.39999,0.0451585,436,429240,0.0888479,0.14,1,44767,44331,436
799981,2.48,12.009,423,430700,0.0497696,0.14,1,44769,44346,423
802901,2.096,2.40181,425,432160,0.161954,0.14,1,44771,44346,425
805821,2.0192,0.480361,427,433620,0.160391,0.14,1,44773,44346,427
808741,2.00384,0.0960722,429,435080,0.128078,0.14,1,44775,44346,429
811661,2.00077,0.0192144,431,436540,0.0896156,0.14,1,44777,44346,431
814581,2.00015,0.00384289,433,438000,0.0499231,0.14,1,44779,44346,433
816821,2.00003,0.000768578,435,439460,0.00998462,0.08,1,44781,44346,435
819741,2.00001,2.40015,434,440920,0.00199692,0.08,1,44783,44349,434
822021,2.8,0.480031,437,442380,0.112399,0.17,1,44786,44349,437
824101,77.36,12.896,517,443840,0.0224799,0,1,44882,44365,517
827021,17.072,79.3792,423,445300,0.00449597,0,1,44884,44461,423
829941,5.0144,15.8758,425,446760,0.000899195,0,1,44886,44461,425
832861,2.60288,3.17517,427,448220,0.000179839,0,1,44888,44461,427
834501,5.32058,0.635034,433,449680,3.59678e-05,0.12,1,44894,44461,433
837421,2.66412,9.72701,423,451140,7.19356e-06,0.12,1,44896,44473,423
840341,2.13282,1.9454,425,452600,1.43871e-06,0.12,1,44898,44473,425
843261,2.02656,0.38908,427,454060,2.87742e-07,0.12,1,44900,44473,427
843441,160.405,0.077816,627,455520,5.75485e-08,0,1,45100,44473,627
845521,41.6811,172.016,424,455520,0.064,0.05,1,45112,44688,424
847601,22.7362,44.0031,430,456980,0.0688,0.16,1,45130,44700,430
850521,10.1472,16.0006,428,458440,0.01376,0.16,1,45137,44709,428
853441,3.62945,3.20012,430,459900,0.002752,0.16,1,45139,44709,430
855921,2.32589,0.640025,432,461360,0.0005504,0.2,1,45141,44709,432
858841,2.06518,3.32801,430,462820,0.14411,0.2,1,45143,44713,430
861761,2.01304,0.665601,432,464280,0.140822,0.2,1,45145,44713,432
863621,1.20261,0.13312,433,465740,0.124164,0.18,1,45146,44713,433
866541,1.84052,7.22662,426,467200,0.0888329,0.18,1,45148,44722,426
869461,1.9681,1.44532,428,468660,0.0897666,0.18,1,45150,44722,428
872381,1.99362,0.289065,430,470120,0.0499533,0.18,1,45152,44722,430
875301,1.99872,0.057813,432,471580,0.00999066,0.18,1,45154,44722,432
877141,4.39974,0.0115626,437,473040,0.0339981,0.16,1,45159,44722,437
880061,2.47995,12.0023,424,474500,0.0627996,0.16,1,45161,44737,424
882981,2.09599,2.40046,426,475960,0.0445599,0.16,1,45163,44737,426
885901,2.0192,0.480092,428,477420,0.160912,0.16,1,45165,44737,428
887541,2.80384,0.0960185,431,478880,0.144182,0.02,1,45168,44737,431
890461,2.16077,8.0192,423,480340,0.108836,0.02,1,45170,44747,423
893381,2.03215,1.60384,425,481800,0.125767,0.02,1,45172,44747,425
896301,2.00643,0.320768,427,483260,0.0971535,0.02,1,45174,44747,427
899221,2.00129,0.0641536,429,484720,0.179431,0.02,1,45176,44747,429
902101,2.00026,0.0128307,431,486180,0.163886,0.12,1,45178,44747,431
905021,2.00005,2.40257,430,487640,0.136777,0.12,1,45180,44750,430
907301,2.00001,0.480513,432,489100,0.0993555,0.16,1,45182,44750,432
910221,2,7.2961,425,490560,0.0678711,0.16,1,45184,44759,425
913141,2,1.45922,427,492020,0.0295742,0.16,1,45186,44759,427
916061,2,0.291844,429,493480,0.117915,0.16,1,45188,44759,429
918981,2,0.0583688,431,494940,0.103583,0.16,1,45190,44759,431
920821,3.6,0.0116738,435,496400,0.0367166,0.16,1,45194,44759,435
923741,2.32,11.2023,423,497860,0.00734332,0.16,1,45196,44773,423
926661,2.064,2.24047,425,499320,0.00146866,0.16,1,45198,44773,425
929581,2.0128,0.448093,427,500780,0.176294,0.16,1,45200,44773,427
932501,2.00256,0.0896187,429,502240,0.179259,0.16,1,45202,44773,429
935381,2.00051,0.0179237,431,503700,0.147852,0.08,1,45204,44773,431
938301,2.0001,3.20358,429,505160,0.10957,0.08,1,45206,44777,429
940581,2.00002,0.640717,431,506620,0.0699141,0.17,1,45208,44777,431
943501,2,5.72814,426,508080,0.149983,0.17,1,45210,44784,426
946421,2,1.14563,428,509540,0.125997,0.17,1,45212,44784,428
949341,2,0.229126,430,511000,0.0891993,0.17,1,45214,44784,430
952021,2.8,0.0458251,433,512460,0.0338399,0.17,1,45217,44784,433
954101,78.16,9.60917,518,513920,0.00676797,0,1,45314,44796,518
957021,17.232,79.5218,423,515380,0.00135359,0,1,45316,44893,423
959941,5.0464,15.9044,425,516840,0.000270719,0,1,45318,44893,425
962861,2.60928,3.18087,427,518300,5.41438e-05,0,1,45320,44893,427
964501,1.32186,0.636175,428,519760,1.08288e-05,0,1,45321,44893,428
967421,1.86437,4.12723,425,521220,2.16575e-06,0,1,45323,44898,425
969701,8.37287,0.825447,435,522680,4.3315e-07,0.04,1,45333,44898,435
972621,3.27457,11.3651,423,524140,8.663e-08,0.04,1,45335,44912,423
974481,155.055,2.27302,616,525600,1.7326e-08,0.02,1,45528,44912,616
976561,43.011,162.855,428,527060,0.048,0,1,45543,45115,428
979481,24.6022,50.9709,425,528520,0.0576,0,1,45563,45138,425
982181,7.32044,10.1942,428,529980,0.03552,0.14,1,45566,45138,428
985101,3.06409,7.63884,423,531440,0.031104,0.14,1,45568,45145,423
988021,2.21282,1.52777,425,532900,0.0062208,0.14,1,45570,45145,425
990501,5.24256,0.305553,431,534360,0.00124416,0,1,45576,45145,431
993421,2.64851,7.26111,424,535820,0.112249,0,1,45578,45154,424
996341,2.1297,1.45222,426,537280,0.10245,0,1,45580,45154,426
999261,2.02594,0.290444,428,538740,0.18849,0,1,45582,45154,428
1002181,2.00519,0.0580889,430,540200,0.173698,0,1,45584,45154,430
1004021,1.20104,0.0116178,431,541660,0.15474,0.07,1,45585,45154,431
1006941,1.84021,5.60232,426,543120,0.182948,0.07,1,45587,45161,426
1009221,5.16804,1.12046,432,544580,0.14859,0.19,1,45593,45161,432
1012141,2.63361,3.42409,430,546040,0.117718,0.19,1,45595,45165,430
1014001,1.32672,0.684819,431,547500,0.0955436,0.2,1,45596,45165,431
1016921,1.86534,8.93696,422,548960,0.0671087,0.2,1,45598,45176,422
1019841,1.97307,1.78739,424,550420,0.0294217,0.2,1,45600,45176,424
1022761,1.99461,0.357479,426,551880,0.00588435,0.2,1,45602,45176,426
1025681,1.99892,0.0714957,428,553340,0.145177,0.2,1,45604,45176,428
1027941,4.39978,0.0142991,433,554800,0.149035,0.14,1,45609,45176,433
1030861,2.47996,9.60286,423,556260,0.117807,0.14,1,45611,45188,423
1033781,2.09599,1.92057,425,557720,0.0715614,0.14,1,45613,45188,425
1036701,2.0192,0.384114,427,559180,0.0303123,0.14,1,45615,45188,427
1039621,2.00384,0.0768229,429,560640,0.198062,0.14,1,45617,45188,429
1042541,2.00077,0.0153646,431,562100,0.199612,0.14,1,45619,45188,431
1044161,1.20015,0.00307291,432,563560,0.183922,0,1,45620,45188,432
1047081,1.84003,8.00061,424,565020,0.148784,0,1,45622,45198,424
1050001,1.96801,1.60012,426,566480,0.165757,0,1,45624,45198,426
1052921,1.9936,0.320025,428,567940,0.137151,0,1,45626,45198,428
1054561,1.19872,0.0640049,429,569400,0.11543,0.17,1,45627,45198,429
1057481,4.23974,9.6128,422,570860,0.159086,0.17,1,45632,45210,422
1060401,2.44795,1.92256,424,572320,0.143817,0.17,1,45634,45210,424
1063321,2.08959,0.384512,426,573780,0.108763,0.17,1,45636,45210,426
1066241,2.01792,0.0769024,428,575240,0.0697527,0.17,1,45638,45210,428
1069161,2.00358,0.0153805,430,576700,0.0299505,0.17,1,45640,45210,430
1071201,2.00072,0.0030761,432,578160,0.13399,0.06,1,45642,45210,432
1074121,2.00014,4.00062,429,579620,0.122798,0.06,1,45644,45215,429
1077041,2.00003,0.800123,431,581080,0.11256,0.06,1,45646,45215,431
1079521,2.00001,0.160025,433,582540,0.0785119,0.18,1,45648,45215,433
1082441,2,6.43201,427,584000,0.0397024,0.18,1,45650,45223,427
1084101,78.8,1.2864,525,585460,0.00794048,0,1,45748,45223,525
1087021,17.36,83.4573,423,586920,0.0015881,0,1,45750,45327,423
1089941,5.072,16.6915,425,588380,0.000317619,0,1,45752,45327,425
1092861,2.6144,3.33829,427,589840,6.35238e-05,0,1,45754,45327,427
1095781,2.12288,0.667658,429,591300,1.27048e-05,0,1,45756,45327,429
1098241,2.02458,0.133532,431,592760,2.54095e-06,0.2,1,45758,45327,431
1101161,2.00492,8.02671,423,594220,5.0819e-07,0.2,1,45760,45337,423
1103441,2.00098,1.60534,425,595680,1.01638e-07,0.14,1,45762,45337,425
1105521,158.8,161.121,422,597140,2.03276e-08,0.13,1,45960,45538,422
1107601,46.16,44.2242,425,598600,0.056,0,1,45978,45553,425
1110521,24.432,23.2448,426,600060,0.0272,0,1,45997,45571,426
1113441,6.4864,4.64897,428,601520,0.00544,0,1,45999,45571,428
1116361,2.89728,0.929794,430,602980,0.001088,0,1,46001,45571,430
1119041,2.17946,0.185959,432,604440,0.0002176,0.12,1,46003,45571,432
1121961,5.23589,6.43719,430,605900,0.0640435,0.12,1,46009,45579,430
1124241,2.64718,1.28744,432,607360,0.100809,0.14,1,46011,45579,432
1127161,3.72944,11.4575,422,608820,0.0361617,0.14,1,46015,45593,422
1130081,2.34589,2.2915,424,610280,0.0552323,0.14,1,46017,45593,424
1133001,2.06918,0.458299,426,611740,0.0990465,0.14,1,46019,45593,426
1135921,2.01384,0.0916599,428,613200,0.0838093,0.14,1,46021,45593,428
1137761,1.20277,0.018332,429,614660,0.0647619,0.21,1,46022,45593,429
1140681,5.04055,10.4037,422,616120,0.0609524,0.21,1,46028,45606,422
1143601,2.60811,2.08073,424,617580,0.0281905,0.21,1,46030,45606,424
1146521,2.12162,0.416147,426,619040,0.0696381,0.21,1,46032,45606,426
1149441,2.02432,0.0832293,428,620500,0.0459276,0.21,1,46034,45606,428
1152361,2.00486,0.0166459,430,621960,0.00918552,0.21,1,46036,45606,430
1155281,2.00097,0.00332917,432,623420,0.0018371,0.21,1,46038,45606,432
1157941,2.00019,0.000665834,434,624880,0.000367421,0.09,1,46040,45606,434
1160861,2.00004,4.80013,430,626340,7.34842e-05,0.09,1,46042,45612,430
1163141,2.00001,0.960027,432,627800,0.152015,0.18,1,46044,45612,432
1166061,2,6.59201,426,629260,0.150403,0.18,1,46046,45620,426
1168981,2,1.3184,428,630720,0.118081,0.18,1,46048,45620,428
1171901,2,0.26368,430,632180,0.0716161,0.18,1,46050,45620,430
1174581,2,0.052736,432,633640,0.182323,0.21,1,46052,45620,432
1177501,2,8.01055,424,635100,0.180465,0.21,1,46054,45630,424
1180421,2,1.60211,426,636560,0.148093,0.21,1,46056,45630,426
1183341,2,0.320422,428,638020,0.109619,0.21,1,46058,45630,428
1185601,2,0.0640844,430,639480,0.0699237,0.14,1,46060,45630,430
1187681,2,3.21282,428,640940,0.181985,0.13,1,46062,45634,428
1190601,4.4,9.44256,422,642400,0.132397,0.13,1,46067,45645,422
1193521,2.48,1.88851,424,643860,0.0904794,0.13,1,46069,45645,424
1196441,2.096,0.377702,426,645320,0.170096,0.13,1,46071,45645,426
1199361,2.0192,0.0755405,428,646780,0.146019,0.13,1,46073,45645,428
1202281,2.00384,0.0151081,430,648240,0.109204,0.13,1,46075,45645,430
1204321,2.00077,0.00302162,432,649700,0.0698408,0,1,46077,45645,432
1207241,2.00015,6.4006,426,651160,0.0299682,0,1,46079,45653,426
1210161,2.00003,1.28012,428,652620,0.00599363,0,1,46081,45653,428
1212641,2.00001,0.256024,430,654080,0.0971987,0,1,46083,45653,430
1215561,78.8,84.8512,422,655540,0.0194397,0,1,46181,45759,422
1218481,17.36,16.9702,424,657000,0.00388795,0,1,46183,45759,424
1221401,5.072,3.39405,426,658460,0.00077759,0,1,46185,45759,426
1224321,2.6144,0.67881,428,659920,0.000155518,0,1,46187,45759,428
1227241,2.12288,0.135762,430,661380,3.11036e-05,0,1,46189,45759,430
1229281,2.02458,0.0271524,432,662840,6.22072e-06,0,1,46191,45759,432
1232201,2.00492,4.00543,429,664300,1.24414e-06,0,1,46193,45764,429
1234481,2.00098,0.801086,431,665760,2.48829e-07,0.14,1,46195,45764,431
1236561,159.6,166.56,422,667220,4.97657e-08,0.05,1,46394,45972,422
1238641,40.72,38.912,426,668680,0.064,0,1,46405,45979,426
1241561,23.344,24.5824,424,670140,0.0128,0,1,46424,46000,424
1243841,6.2688,4.91648,426,671600,0.01856,0.12,1,46426,46000,426
1246761,6.05376,6.5833,425,673060,0.003712,0.12,1,46432,46007,425
1249681,2.81075,1.31666,427,674520,0.0007424,0.12,1,46434,46007,427
1251541,2.96215,0.263332,430,675980,0.136148,0.07,1,46437,46007,430
1254461,2.19243,7.25267,423,677440,0.13123,0.07,1,46439,46016,423
1257361,2.03849,1.45053,425,678900,0.106246,0.08,1,46441,46016,425
1260281,2.0077,4.29011,422,680360,0.125249,0.08,1,46443,46021,422
1263201,2.00154,0.858021,424,681820,0.0970498,0.08,1,46445,46021,424
1265061,6.80031,0.171604,432,683280,0.08341,0.08,1,46453,46021,432
1267981,2.96006,8.83432,423,684740,0.072682,0.08,1,46455,46032,423
1270901,2.19201,1.76686,425,686200,0.0305364,0.08,1,46457,46032,425
1273821,2.0384,0.353373,427,687660,0.118107,0.08,1,46459,46032,427
1275461,4.40768,0.0706746,432,689120,0.0556215,0,1,46464,46032,432
1278381,2.48154,7.21414,425,690580,0.0111243,0,1,46466,46041,425
1281301,2.09631,1.44283,427,692040,0.00222486,0,1,46468,46041,427
1284221,2.01926,0.288565,429,693500,0.080445,0,1,46470,46041,429
1287141,2.00385,0.0577131,431,694960,0.064089,0,1,46472,46041,431
1290021,2.00077,0.0115426,433,696420,0.0288178,0.23,1,46474,46041,433
1292941,2.00015,8.00231,425,697880,0.00576356,0.23,1,46476,46051,425
1295861,2.00003,1.60046,427,699340,0.00115271,0.23,1,46478,46051,427
1298781,2.00001,0.320092,429,700800,0.000230542,0.23,1,46480,46051,429
1301701,2,0.0640185,431,702260,4.61085e-05,0.23,1,46482,46051,431
1303541,1.2,0.0128037,432,703720,9.22169e-06,0.06,1,46483,46051,432
1306461,1.84,7.20256,425,705180,0.160002,0.06,1,46485,46060,425
1309381,1.968,1.44051,427,706640,0.216,0.06,1,46487,46060,427
1312301,1.9936,0.288102,429,708100,0.1952,0.06,1,46489,46060,429
1314981,2.79872,0.0576205,432,709560,0.14304,0.19,1,46492,46060,432
1317901,2.15974,8.81152,423,711020,0.100608,0.19,1,46494,46071,423
1320821,2.03195,1.7623,425,712480,0.0681216,0.19,1,46496,46071,425
1323741,2.00639,0.352461,427,713940,0.245624,0.19,1,46498,46071,427
1325381,6.80128,0.0704922,435,715400,0.201125,0.08,1,46506,46071,435
1328301,2.96026,11.2141,423,716860,0.160225,0.08,1,46508,46085,423
1331221,2.19205,2.24282,425,718320,0.120045,0.08,1,46510,46085,425
1334141,2.03841,0.448564,427,719780,0.232009,0.08,1,46512,46085,427
1337061,2.00768,0.0897128,429,721240,0.230402,0.08,1,46514,46085,429
1339981,2.00154,0.0179426,431,722700,0.19008,0.08,1,46516,46085,431
1342901,2.00031,0.00358851,433,724160,0.150016,0.08,1,46518,46085,433
1345141,70.8001,0.000717702,521,725620,0.0300032,0,1,46606,46085,521
1348061,15.76,80.0001,423,727080,0.00600064,0,1,46608,46185,423
1350341,5.552,16,426,728540,0.00120013,0,1,46611,46185,426
1353261,2.7104,7.20001,423,730000,0.000240026,0,1,46613,46190,423
1356181,2.14208,1.44,425,731460,4.80051e-05,0,1,46615,46190,425
1358241,2.02842,0.288,427,732920,9.60102e-06,0.04,1,46617,46190,427
1361161,2.00568,5.6576,422,734380,1.9202e-06,0.04,1,46619,46197,422
1364081,2.00114,1.13152,424,735840,3.84041e-07,0.04,1,46621,46197,424
1365521,161.2,0.226304,625,737300,7.68082e-08,0,1,46822,46197,625
1367601,33.04,162.445,423,738760,1.53616e-08,0.08,1,46823,46400,423
1369681,17.808,44.4891,422,740220,0.08,0.02,1,46837,46415,422
1371761,13.1616,17.6978,423,741680,0.08,0.13,1,46849,46426,423
1374681,12.2323,13.9396,422,743140,0.016,0.13,1,46861,46439,422
1377601,4.04646,2.78791,424,744600,0.0032,0.13,1,46863,46439,424
1380521,2.40929,0.557582,426,746060,0.00064,0.13,1,46865,46439,426
1382161,1.28186,0.111516,427,747520,0.000128,0.02,1,46866,46439,427
1385081,3.45637,7.2223,422,748980,2.56e-05,0.02,1,46870,46448,422
1388001,2.29127,1.44446,424,750440,0.0160051,0.02,1,46872,46448,424
1390921,2.05825,0.288892,426,751900,0.147201,0.02,1,46874,46448,426
1393601,2.01165,0.0577784,428,753360,0.14144,0.14,1,46876,46448,428
1396521,4.40233,8.81156,422,754820,0.180288,0.14,1,46881,46459,422
1399441,2.48047,1.76231,424,756280,0.148058,0.14,1,46883,46459,424
1401921,2.09609,0.352462,426,757740,0.133612,0.02,1,46885,46459,426
1404841,9.21922,12.0705,422,759200,0.0747223,0.02,1,46896,46474,422
1407761,3.44384,2.4141,424,760660,0.118944,0.02,1,46898,46474,424
1410681,2.28877,0.48282,426,762120,0.103789,0.02,1,46900,46474,426
1413601,2.05775,0.0965639,428,763580,0.0687578,0.02,1,46902,46474,428
1416521,2.01155,0.0193128,430,765040,0.0297516,0.02,1,46904,46474,430
1418981,5.20231,0.00386256,436,766500,0.00595031,0.23,1,46910,46474,436
1421901,2.64046,10.4008,425,767960,0.00119006,0.23,1,46912,46487,425
1424821,2.12809,2.08015,427,769420,0.000238012,0.23,1,46914,46487,427
1427741,2.02562,0.416031,429,770880,4.76025e-05,0.23,1,46916,46487,429
1430661,2.00512,0.0832062,431,772340,9.5205e-06,0.23,1,46918,46487,431
1433581,2.00102,0.0166412,433,773800,0.144002,0.23,1,46920,46487,433
1436501,2.0002,0.00332825,435,775260,0.1408,0.23,1,46922,46487,435
1438741,2.00004,0.000665649,437,776720,0.16416,0.21,1,46924,46487,437
1440401,1.20001,0.800133,437,778180,0.152832,0.31,1,46925,46488,437
1443321,1.84,9.76003,427,779640,0.206566,0.31,1,46927,46500,427
1446241,1.968,1.95201,429,781100,0.185313,0.31,1,46929,46500,429
1449161,1.9936,0.390401,431,782560,0.157063,0.31,1,46931,46500,431
1452081,1.99872,0.0780802,433,784020,0.119413,0.31,1,46933,46500,433
1453921,1.19974,0.015616,434,785480,0.103883,0.24,1,46934,46500,434
1456841,1.83995,10.4031,423,786940,0.188777,0.24,1,46936,46513,423
1459761,1.96799,2.08062,425,788400,0.173755,0.24,1,46938,46513,425
1462681,1.9936,0.416125,427,789860,0.146751,0.24,1,46940,46513,427
1464321,1.19872,0.083225,428,791320,0.12535,0.06,1,46941,46513,428
1467241,8.23974,12.8166,422,792780,0.16907,0.06,1,46951,46529,422
1470161,3.24795,2.56333,424,794240,0.145814,0.06,1,46953,46529,424
1473081,2.24959,0.512666,426,795700,0.109163,0.06,1,46955,46529,426
1475141,68.4499,0.102533,511,797160,0.0218326,0,1,47040,46529,511
1478061,15.29,72.0205,423,798620,0.00436651,0,1,47042,46619,423
1480981,4.658,14.4041,425,800080,0.000873302,0,1,47044,46619,425
1483901,2.5316,2.88082,427,801540,0.00017466,0,1,47046,46619,427
1486821,2.10632,0.576164,429,803000,3.49321e-05,0,1,47048,46619,429
1489281,2.02126,0.115233,431,804460,6.98642e-06,0,1,47050,46619,431
1492201,2.00425,6.42305,425,805920,1.39728e-06,0,1,47052,46627,425
1494481,2.00085,1.28461,427,807380,2.79457e-07,0,1,47054,46627,427
1497401,160.4,164.257,422,808840,0.0160001,0,1,47254,46832,422
1500101,41.68,32.8514,434,810300,0.00320001,0.02,1,47266,46832,434
1502181,21.136,16.1703,438,811760,0.08864,0,1,47282,46844,438
1504261,13.0272,16.8341,432,813220,0.017728,0,1,47293,46861,432
1507181,4.20544,10.5668,425,814680,0.0035456,0,1,47295,46870,425
1510101,2.44109,2.11336,427,816140,0.0167091,0,1,47297,46870,427
1513021,2.08822,0.422672,429,817600,0.00334182,0,1,47299,46870,429
1514661,2.81764,0.0845345,432,819060,0.0806684,0.12,1,47302,46870,432
1517581,2.16353,5.61691,427,820520,0.0641337,0.12,1,47304,46877,427
1520501,2.03271,1.12338,429,821980,0.0288267,0.12,1,47306,46877,429
1523421,2.00654,0.224676,431,823440,0.0537653,0.12,1,47308,46877,431
1526101,2.00131,0.0449352,433,824900,0.0267531,0.24,1,47310,46877,433
1529021,2.00026,8.00899,425,826360,0.00535061,0.24,1,47312,46887,425
1531941,2.00005,1.6018,427,827820,0.00107012,0.24,1,47314,46887,427
1534421,13.2,0.320359,443,829280,0.104214,0,1,47330,46887,443
1537341,4.24,17.6641,423,830740,0.0928428,0,1,47332,46909,423
1540261,2.448,3.53281,425,832200,0.0665686,0,1,47334,46909,425
1543181,2.0896,0.706563,427,833660,0.0293137,0,1,47336,46909,427
1546101,2.01792,0.141313,429,835120,0.00586274,0,1,47338,46909,429
1548981,5.20358,0.0282625,435,836580,0.00117255,0,1,47344,46909,435
1551901,2.64072,5.60565,430,838040,0.00023451,0,1,47346,46916,430
1554821,2.12814,1.12113,432,839500,4.69019e-05,0,1,47348,46916,432
1557301,2.02563,0.224226,434,840960,9.38039e-06,0.17,1,47350,46916,434
1560221,2.00513,6.44485,428,842420,0.144002,0.17,1,47352,46924,428
1563141,2.00103,1.28897,430,843880,0.1408,0.17,1,47354,46924,430
1566061,2.00021,0.257794,432,845340,0.10816,0.17,1,47356,46924,432
1568741,2.00004,0.0515588,434,846800,0.125632,0.21,1,47358,46924,434
1571661,2.00001,9.61031,424,848260,0.0971264,0.21,1,47360,46936,424
1574581,2,1.92206,426,849720,0.0514253,0.21,1,47362,46936,426
1577501,2,0.384412,428,851180,0.130285,0.21,1,47364,46936,428
1580421,2,0.0768825,430,852640,0.122057,0.21,1,47366,46936,430
1583341,2,0.0153765,432,854100,0.0884114,0.21,1,47368,46936,432
1584961,1.2,0.0030753,433,855560,0.153682,0.25,1,47369,46936,433
1587881,1.84,8.80062,424,857020,0.134736,0.25,1,47371,46947,424
1590801,1.968,1.76012,426,858480,0.106947,0.25,1,47373,46947,426
1593721,1.9936,0.352025,428,859940,0.0693895,0.25,1,47375,46947,428
1595361,1.19872,0.0704049,429,861400,0.0458779,0.16,1,47376,46947,429
1597441,1.83974,4.01408,426,862860,0.00917558,0.13,1,47378,46952,426
1600361,5.16795,8.80282,422,864320,0.129835,0.13,1,47384,46962,422
1603281,2.63359,1.76056,424,865780,0.121967,0.13,1,47386,46962,424
1605141,65.3267,0.352113,505,867240,0.0243934,0,1,47467,46962,505
1608061,14.6653,67.2704,423,868700,0.00487868,0,1,47469,47046,423
1610981,4.53307,13.4541,425,870160,0.000975736,0,1,47471,47046,425
1613461,8.10661,2.69082,434,871620,0.000195147,0.06,1,47480,47046,434
1616381,3.22132,10.9382,423,873080,3.90294e-05,0.06,1,47482,47059,423
1619301,2.24426,2.18763,425,874540,7.80589e-06,0.06,1,47484,47059,425
1622221,2.04885,0.437527,427,876000,1.56118e-06,0.06,1,47486,47059,427
1625141,2.00977,0.0875053,429,877460,3.12235e-07,0.06,1,47488,47059,429
1626981,159.602,0.0175011,628,878920,0.0320001,0,1,47687,47059,628
1629061,39.1204,164.804,431,880380,0.00640001,0.13,1,47696,47265,431
1630721,8.62408,36.9607,427,881840,0.00128,0.07,1,47697,47270,427
1632801,10.5248,20.1921,422,883300,0.048256,0.02,1,47708,47286,422
1635721,10.905,12.8384,422,884760,0.0096512,0.02,1,47719,47297,422
1638001,3.78099,2.56769,424,886220,0.00193024,0.07,1,47721,47297,424
1640921,8.7562,8.51354,424,887680,0.000386048,0.07,1,47731,47307,424
1643841,3.35124,1.70271,426,889140,7.72096e-05,0.07,1,47733,47307,426
1646761,2.27025,0.340541,428,890600,0.0320154,0.07,1,47735,47307,428
1649681,2.05405,0.0681083,430,892060,0.0944031,0.07,1,47737,47307,430
1651521,1.21081,0.0136217,431,893520,0.0988806,0,1,47738,47307,431
1654441,1.84216,4.00272,428,894980,0.0677761,0,1,47740,47312,428
1656721,1.96843,0.800545,430,896440,0.0295552,0.23,1,47742,47312,430
1659641,1.99369,4.16011,427,897900,0.00591104,0.23,1,47744,47317,427
1662561,1.99874,0.832022,429,899360,0.00118221,0.23,1,47746,47317,429
1664421,13.1997,0.166404,445,900820,0.0482364,0,1,47762,47317,445
1667341,4.23995,19.2333,423,902280,0.0656473,0,1,47764,47341,423
1670261,2.44799,3.84666,425,903740,0.0451295,0,1,47766,47341,425
1673181,2.0896,0.769331,427,905200,0.00902589,0,1,47768,47341,427
1676101,2.01792,0.153866,429,906660,0.00180518,0,1,47770,47341,429
1677941,4.40358,0.0307732,434,908120,0.000361036,0.18,1,47775,47341,434
1680861,2.48072,8.80615,425,909580,7.22071e-05,0.18,1,47777,47352,425
1683781,2.09614,1.76123,427,911040,1.44414e-05,0.18,1,47779,47352,427
1686701,2.01923,0.352246,429,912500,2.88828e-06,0.18,1,47781,47352,429
1689381,2.00385,0.0704492,431,913960,5.77657e-07,0.13,1,47783,47352,431
1692301,2.00077,4.81409,427,915420,0.128,0.13,1,47785,47358,427
1695221,2.00015,0.962818,429,916880,0.1936,0.13,1,47787,47358,429
1697701,2.80003,0.192564,432,918340,0.15872,0.17,1,47790,47358,432
1700621,2.16001,8.83851,423,919800,0.119744,0.17,1,47792,47369,423
1703541,2.032,1.7677,425,921260,0.0719488,0.17,1,47794,47369,425
1706461,2.0064,0.35354,427,922720,0.18239,0.17,1,47796,47369,427
1709381,2.00128,0.0707081,429,924180,0.164478,0.17,1,47798,47369,429
1712301,2.00026,0.0141416,431,925640,0.128896,0.17,1,47800,47369,431
1713921,1.20005,0.00282832,432,927100,0.177779,0.04,1,47801,47369,432
1716841,1.84001,5.60057,427,928560,0.155556,0.04,1,47803,47376,427
1719761,1.968,1.12011,429,930020,0.119111,0.04,1,47805,47376,429
1722681,1.9936,0.224023,431,931480,0.0718222,0.04,1,47807,47376,431
1724321,1.19872,0.0448045,432,932940,0.0463644,0.23,1,47808,47376,432
1727241,1.83974,9.60896,422,934400,0.00927289,0.23,1,47810,47388,422
1730161,1.96795,1.92179,424,935860,0.177855,0.23,1,47812,47388,424
1733081,1.99359,0.384358,426,937320,0.179571,0.23,1,47814,47388,426
1735141,68.3987,0.0768717,511,938780,0.0359142,0,1,47899,47388,511
1738061,15.2797,72.0154,423,940240,0.00718284,0,1,47901,47478,423
1740981,4.65595,14.4031,425,941700,0.00143657,0,1,47903,47478,425
1743461,5.73119,2.88061,431,943160,0.000287313,0,1,47909,47478,431
1746381,2.74624,8.57612,423,944620,5.74627e-05,0,1,47911,47488,423
1749301,2.14925,1.71522,425,946080,1.14925e-05,0,1,47913,47488,425
1752221,2.02985,0.343045,427,947540,2.29851e-06,0,1,47915,47488,427
1753861,4.40597,0.068609,432,949000,4.59701e-07,0.14,1,47920,47488,432
1755521,1.68119,8.81372,422,950460,9.19403e-08,0.14,1,47921,47499,422
1758441,161.936,160.963,425,951920,1.83881e-08,0.14,1,48123,47698,425
1761361,33.9872,32.1925,427,953380,3.67761e-09,0.14,1,48125,47698,427
1763221,13.1974,6.43851,435,954840,0.064,0.13,1,48133,47698,435
1765301,11.4395,12.4877,432,956300,0.1008,0.02,1,48144,47712,432
1768221,3.8879,11.2975,423,957760,0.08416,0.02,1,48146,47723,423
1770501,9.57758,2.25951,434,959220,0.016832,0.13,1,48157,47723,434
1773421,3.51552,10.8519,423,960680,0.0033664,0.13,1,48159,47736,423
1776341,2.3031,2.17038,425,962140,0.00067328,0.13,1,48161,47736,425
1778821,5.26062,0.434076,431,963600,0.104135,0.04,1,48167,47736,431
1781741,2.65212,4.08682,428,965060,0.100827,0.04,1,48169,47741,428
1784641,2.13042,0.817363,430,966520,0.0681654,0,1,48171,47741,430
1787561,2.02608,4.16347,427,967980,0.0296331,0,1,48173,47746,427
1789841,2.00522,0.832694,429,969440,0.00592662,0.15,1,48175,47746,429
1792761,2.00104,5.76654,424,970900,0.0811853,0.15,1,48177,47753,424
1794421,14.0002,1.15331,441,972360,0.0642371,0,1,48194,47753,441
1797341,4.40004,16.2307,423,973820,0.0528474,0,1,48196,47773,423
1800261,2.48001,3.24613,425,975280,0.0105695,0,1,48198,47773,425
1803181,2.096,0.649226,427,976740,0.0021139,0,1,48200,47773,427
1806101,2.0192,0.129845,429,978200,0.000422779,0,1,48202,47773,429
1807941,4.40384,0.0259691,434,979660,8.45558e-05,0.18,1,48207,47773,434
1810861,2.48077,8.80519,425,981120,1.69112e-05,0.18,1,48209,47784,425
1813781,2.09615,1.76104,427,982580,3.38223e-06,0.18,1,48211,47784,427
1816701,2.01923,0.352208,429,984040,6.76447e-07,0.18,1,48213,47784,429
1819621,2.00385,0.0704415,431,985500,1.35289e-07,0.18,1,48215,47784,431
1821461,1.20077,0.0140883,432,986960,2.70579e-08,0.15,1,48216,47784,432
1824381,1.84015,4.80282,428,988420,5.41157e-09,0.15,1,48218,47790,428
1826241,1.16803,0.960564,429,989880,1.08231e-09,0.19,1,48219,47790,429
1829161,3.43361,8.99211,422,991340,0.184,0.19,1,48223,47801,422
1832081,2.28672,1.79842,424,992800,0.1888,0.19,1,48225,47801,424
1835001,2.05734,0.359684,426,994260,0.15776,0.19,1,48227,47801,426
1837921,2.01147,0.0719369,428,995720,0.271552,0.19,1,48229,47801,428
1840841,2.00229,0.0143874,430,997180,0.27031,0.19,1,48231,47801,430
1842881,2.00046,0.00287748,432,998640,0.238062,0.06,1,48233,47801,432
1845801,2.00009,4.80058,428,1000100,0.199612,0.06,1,48235,47807,428
1848721,2.00002,0.960115,430,1001560,0.167922,0.06,1,48237,47807,430
1851621,2,0.192023,432,1003020,0.129584,0.14,1,48239,47807,432
1854541,2,7.2384,425,1004480,0.241917,0.14,1,48241,47816,425
1857461,2,1.44768,427,1005940,0.232383,0.14,1,48243,47816,427
1860381,2,0.289536,429,1007400,0.262477,0.14,1,48245,47816,429
1863301,2,0.0579072,431,1008860,0.236495,0.14,1,48247,47816,431
1865141,68.4,0.0115814,516,1010320,0.0472991,0,1,48332,47816,516
1868061,15.28,76.0023,423,1011780,0.00945981,0,1,48334,47911,423
1870981,4.656,15.2005,425,1013240,0.00189196,0,1,48336,47911,425
1873901,2.5312,3.04009,427,1014700,0.000378392,0,1,48338,47911,427
1875541,4.50624,0.608018,432,1016160,7.56785e-05,0.14,1,48343,47911,432
1878461,2.50125,8.9216,423,1017620,1.51357e-05,0.14,1,48345,47922,423
1881381,2.10025,1.78432,425,1019080,3.02714e-06,0.14,1,48347,47922,425
1884301,2.02005,0.356864,427,1020540,0.0800006,0.14,1,48349,47922,427
1886561,2.00401,0.0713728,429,1022000,0.0640001,0.14,1,48351,47922,429
1889481,161.201,166.414,422,1023460,0.0128,0.14,1,48552,48130,422
1891761,33.8402,33.2829,424,1024920,0.00256,0.06,1,48554,48130,424
1893841,13.168,14.6566,422,1026380,0.000512001,0,1,48562,48140,422
1896761,13.0336,13.3313,422,1027840,0.144102,0,1,48575,48153,422
1899041,4.20672,2.66626,424,1029300,0.14082,0.15,1,48577,48153,424
1901961,9.64134,10.9333,422,1030760,0.0441641,0.15,1,48588,48166,422
1904881,3.52827,2.18665,424,1032220,0.00883282,0.15,1,48590,48166,424
1907361,2.30565,0.43733,426,1033680,0.00176656,0.1,1,48592,48166,426
1910281,6.06113,8.88747,422,1035140,0.0483533,0.1,1,48599,48177,422
1913201,2.81223,1.77749,424,1036600,0.0816707,0.1,1,48601,48177,424
1916121,2.16245,0.355499,426,1038060,0.104334,0.1,1,48603,48177,426
1919041,2.03249,0.0710997,428,1039520,0.0768668,0.1,1,48605,48177,428
1920881,1.2065,0.0142199,429,1040980,0.0553734,0.04,1,48606,48177,429
1922961,1.8413,5.60284,424,1042440,0.0670747,0,1,48608,48184,424
1925881,18.7683,21.1206,422,1043900,0.0294149,0,1,48631,48209,422
1928801,5.35365,4.22411,424,1045360,0.00588299,0,1,48633,48209,424
1931721,2.67073,0.844823,426,1046820,0.0011766,0,1,48635,48209,426
1934641,2.13415,0.168965,428,1048280,0.000235319,0,1,48637,48209,428
1937561,2.02683,0.0337929,430,1049740,4.70639e-05,0,1,48639,48209,430
1940021,6.00537,0.00675858,437,1051200,9.41278e-06,0,1,48646,48209,437
1942941,2.80107,6.40135,431,1052660,1.88256e-06,0,1,48648,48217,431
1945861,2.16021,1.28027,433,1054120,3.76511e-07,0,1,48650,48217,433
1948781,2.03204,0.256054,435,1055580,7.53022e-08,0,1,48652,48217,435
1951701,2.00641,0.0512108,437,1057040,0.144,0,1,48654,48217,437
1953541,1.20128,0.0102422,438,1058500,0.1568,0.3,1,48655,48217,438
1956461,1.84026,9.60205,428,1059960,0.12736,0.3,1,48657,48229,428
1959381,1.96805,1.92041,430,1061420,0.089472,0.3,1,48659,48229,430
1962301,1.99361,0.384082,432,1062880,0.105894,0.3,1,48661,48229,432
1965221,1.99872,0.0768164,434,1064340,0.165179,0.3,1,48663,48229,434
1967061,1.19974,0.0153633,435,1065800,0.169036,0.23,1,48664,48229,435
1969981,1.83995,3.20307,433,1067260,0.137807,0.23,1,48666,48233,433
1971841,1.16799,0.640615,434,1068720,0.115561,0.29,1,48667,48233,434
1974761,1.8336,5.72812,429,1070180,0.0871123,0.29,1,48669,48240,429
1977681,1.96672,1.14562,431,1071640,0.233422,0.29,1,48671,48240,431
1980601,1.99334,0.229125,433,1073100,0.230684,0.29,1,48673,48240,433
1982241,1.19867,0.045825,434,1074560,0.222137,0.23,1,48674,48240,434
1985161,1.83973,11.2092,422,1076020,0.188427,0.23,1,48676,48254,422
1988081,1.96795,2.24183,424,1077480,0.221685,0.23,1,48678,48254,424
1991001,1.99359,0.448367,426,1078940,0.196337,0.23,1,48680,48254,426
1993681,1.99872,0.0896733,428,1080400,0.159267,0,1,48682,48254,428
1996601,62.7997,67.2179,422,1081860,0.0318535,0,1,48760,48338,422
1999521,14.1599,13.4436,424,1083320,0.0063707,0,1,48762,48338,424
2002001,4.43199,2.68872,426,1084780,0.00127414,0,1,48764,48338,426
2004921,3.2864,6.13774,422,1086240,0.000254828,0,1,48767,48345,422
2007621,8.65728,1.22755,432,1087700,5.09656e-05,0.04,1,48777,48345,432
2010541,3.33146,9.04551,423,1089160,1.01931e-05,0.04,1,48779,48356,423
2013461,2.26629,1.8091,425,1090620,0.096002,0.04,1,48781,48356,425
2016381,2.05326,0.36182,427,1092080,0.0832004,0.04,1,48783,48356,427
2017601,161.211,0.0723641,628,1093540,0.0966401,0.06,1,48984,48356,628
2020521,34.6421,165.614,424,1093540,0.051328,0.06,1,48987,48563,424
2023441,10.1284,33.1229,428,1095000,0.0102656,0.06,1,48991,48563,428
2026341,7.62568,6.62458,435,1096460,0.0340531,0.14,1,48998,48563,435
2028421,13.5251,12.5249,436,1097920,0.0388106,0,1,49013,48577,436
2031341,4.30503,12.905,425,1099380,0.0397621,0,1,49015,48590,425
2033621,2.46101,2.581,427,1100840,0.00795242,0,1,49017,48590,427
2035281,1.2922,2.1162,426,1102300,0.00159048,0.09,1,49018,48592,426
2038201,1.85844,4.42324,423,1103760,0.000318097,0.09,1,49020,48597,423
2039861,9.97169,0.884648,435,1105220,0.152064,0,1,49032,48597,435
2042781,3.59434,11.3769,423,1106680,0.150413,0,1,49034,48611,423
2045701,2.31887,2.27539,425,1108140,0.110083,0,1,49036,48611,425
2048621,2.06377,0.455077,427,1109600,0.0700165,0,1,49038,48611,427
2051541,2.01275,0.0910154,429,1111060,0.0300033,0,1,49040,48611,429
2054001,2.00255,0.0182031,431,1112520,0.00600066,0,1,49042,48611,431
2056921,18.8005,25.6036,422,1113980,0.00120013,0,1,49065,48643,422
2059841,5.3601,5.12073,424,1115440,0.000240026,0,1,49067,48643,424
2062761,2.67202,1.02415,426,1116900,4.80053e-05,0,1,49069,48643,426
2065681,2.1344,0.204829,428,1118360,9.60105e-06,0,1,49071,48643,428
2068561,2.02688,0.0409658,430,1119820,1.92021e-06,0,1,49073,48643,430
2071481,2.00538,4.80819,426,1121280,3.84042e-07,0,1,49075,48649,426
2073761,2.00108,0.961639,428,1122740,7.68084e-08,0.13,1,49077,48649,428
2076681,6.80022,8.99233,425,1124200,1.53617e-08,0.13,1,49085,48660,425
2079601,2.96004,1.79847,427,1125660,3.07234e-09,0.13,1,49087,48660,427
2082521,2.19201,0.359693,429,1127120,6.14467e-10,0.13,1,49089,48660,429
2085441,2.0384,0.0719386,431,1128580,0.192,0.13,1,49091,48660,431
2088361,2.00768,0.0143877,433,1130040,0.1984,0.13,1,49093,48660,433
2090401,2.00154,0.00287754,435,1131500,0.16768,0.13,1,49095,48660,435
2093321,2.00031,4.80058,431,1132960,0.129536,0.13,1,49097,48666,431
2096241,2.00006,0.960115,433,1134420,0.177907,0.13,1,49099,48666,433
2099141,2.00001,0.192023,435,1135880,0.155581,0.25,1,49101,48666,435
2102061,2,8.8384,426,1137340,0.119116,0.25,1,49103,48677,426
2104981,2,1.76768,428,1138800,0.0878233,0.25,1,49105,48677,428
2107901,2,0.353536,430,1140260,0.0495647,0.25,1,49107,48677,430
2110821,2,0.0707072,432,1141720,0.193913,0.25,1,49109,48677,432
2113741,2,0.0141414,434,1143180,0.198783,0.25,1,49111,48677,434
2115361,1.2,0.00282829,435,1144640,0.183757,0.31,1,49112,48677,435
2118281,1.84,8.00057,427,1146100,0.148751,0.31,1,49114,48687,427
2121201,1.968,1.60011,429,1147560,0.10975,0.31,1,49116,48687,429
2124121,1.9936,0.320023,431,1149020,0.0699501,0.31,1,49118,48687,431
2126181,57.9987,0.0640045,503,1150480,0.01399,0,1,49190,48687,503
2129101,13.1997,65.6128,423,1151940,0.002798,0,1,49192,48769,423
2132021,4.23995,13.1226,425,1153400,0.0005596,0,1,49194,48769,425
2134941,2.44799,2.62451,427,1154860,0.00011192,0,1,49196,48769,427
2136581,2.8896,0.524902,430,1156320,2.2384e-05,0,1,49199,48769,430
2138241,1.37792,7.30498,422,1157780,4.4768e-06,0.04,1,49200,48778,422
2141161,9.07558,10.261,422,1159240,8.9536e-07,0.04,1,49211,48789,422
2144081,3.41512,2.0522,424,1160700,0.128,0.04,1,49213,48789,424
2146561,2.28302,0.41044,426,1162160,0.1216,0.06,1,49215,48789,426
2149481,163.657,165.682,423,1163620,0.02432,0.06,1,49419,48996,423
2152401,34.3313,33.1364,425,1165080,0.004864,0.06,1,49421,48996,425
2155301,10.0663,6.62728,429,1166540,0.0169728,0.06,1,49425,48996,429
2156961,2.81325,6.92546,423,1168000,0.00339456,0.06,1,49426,49003,423
2159881,15.7627,15.7851,424,1169460,0.0406789,0.06,1,49445,49021,424
2162801,4.75253,3.15702,426,1170920,0.00813578,0.06,1,49447,49021,426
2165721,2.55051,0.631404,428,1172380,0.00162716,0.06,1,49449,49021,428
2168401,2.1101,0.126281,430,1173840,0.0323254,0,1,49451,49021,430
2171321,10.022,16.0253,422,1175300,0.118465,0,1,49463,49041,422
2174241,3.6044,3.20505,424,1176760,0.103693,0,1,49465,49041,424
2177161,2.32088,0.64101,426,1178220,0.0687386,0,1,49467,49041,426
2180081,2.06418,0.128202,428,1179680,0.0857477,0,1,49469,49041,428
2181921,1.21284,0.0256404,429,1181140,0.0731495,0,1,49470,49041,429
2184841,1.84257,6.40513,423,1182600,0.0466299,0,1,49472,49049,423
2186501,22.7685,1.28103,451,1184060,0.00932598,0,1,49500,49049,451
2189421,6.1537,24.2562,423,1185520,0.0018652,0,1,49502,49079,423
2192341,2.83074,4.85124,425,1186980,0.000373039,0,1,49504,49079,425
2195261,2.16615,0.970248,427,1188440,7.46078e-05,0,1,49506,49079,427
2198181,2.03323,0.19405,429,1189900,1.49216e-05,0,1,49508,49079,429
2201101,2.00665,0.0388099,431,1191360,2.98431e-06,0,1,49510,49079,431
2204021,2.00133,0.00776198,433,1192820,5.96863e-07,0,1,49512,49079,433
2206261,6.80027,0.0015524,441,1194280,0.144,0.12,1,49520,49079,441
2209181,2.96005,14.4003,425,1195740,0.1808,0.12,1,49522,49097,425
2212101,2.19201,2.88006,427,1197200,0.15616,0.12,1,49524,49097,427
2215021,2.0384,0.576012,429,1198660,0.119232,0.12,1,49526,49097,429
2217941,2.00768,0.115202,431,1200120,0.0798464,0.12,1,49528,49097,431
2220861,2.00154,0.0230405,433,1201580,0.0319693,0.12,1,49530,49097,433
2222901,2.00031,0.0046081,435,1203040,0.0703939,0.2,1,49532,49097,435
2225821,2.00006,11.2009,423,1204500,0.0460788,0.2,1,49534,49111,423
2228741,2.00001,2.24018,425,1205960,0.00921575,0.2,1,49536,49111,425
2231661,2,0.448037,427,1207420,0.0978431,0.2,1,49538,49111,427
2234581,2,0.0896074,429,1208880,0.0835686,0.2,1,49540,49111,429
2237501,2,0.0179215,431,1210340,0.0487137,0.2,1,49542,49111,431
2240421,2,0.00358429,433,1211800,0.00974274,0.2,1,49544,49111,433
2242661,2,0.000716859,435,1213260,0.00194855,0.1,1,49546,49111,435
2245581,2,4.00014,432,1214720,0.00038971,0.1,1,49548,49116,432
2248481,2,0.800029,434,1216180,7.79419e-05,0.02,1,49550,49116,434
2251401,2,3.36001,432,1217640,0.176016,0.02,1,49552,49120,432
2254321,2,0.672001,434,1219100,0.179203,0.02,1,49554,49120,434
2256181,54.8,0.1344,502,1220560,0.0358406,0,1,49622,49120,502
2259101,12.56,64.8269,423,1222020,0.00716812,0,1,49624,49201,423
2262021,4.112,12.9654,425,1223480,0.00143362,0,1,49626,49201,425
2264941,2.4224,2.59308,427,1224940,0.000286725,0,1,49628,49201,427
2267861,2.08448,0.518615,429,1226400,5.7345e-05,0,1,49630,49201,429
2270741,8.4169,0.103723,439,1227860,1.1469e-05,0.04,1,49640,49201,439
2273661,3.28338,14.4207,423,1229320,2.2938e-06,0.04,1,49642,49219,423
2276581,2.25668,2.88415,425,1230780,4.5876e-07,0.04,1,49644,49219,425
2277601,161.251,0.57683,626,1232240,0.0160001,0.06,1,49845,49219,626
2280521,36.2503,167.315,422,1233700,0.0352,0.06,1,49850,49428,422
2283441,8.85005,33.4631,424,1235160,0.00704,0.06,1,49852,49428,424
2286361,3.37001,6.69261,426,1236620,0.001408,0.06,1,49854,49428,426
2288001,1.474,1.33852,427,1238080,0.0482816,0.02,1,49855,49428,427
2290921,15.4948,19.4677,422,1239540,0.0576563,0.02,1,49874,49452,422
2293841,4.69896,3.89354,424,1241000,0.0835313,0.02,1,49876,49452,424
2296761,2.53979,0.778708,426,1242460,0.0647063,0.02,1,49878,49452,426
2299441,2.10796,0.155742,428,1243920,0.0289412,0.09,1,49880,49452,428
2302361,9.22159,13.6311,422,1245380,0.00578825,0.09,1,49891,49469,422
2305281,3.44432,2.72623,424,1246840,0.0171576,0.09,1,49893,49469,424
2307761,2.28886,0.545246,426,1248300,0.00343153,0.02,1,49895,49469,426
2310681,9.25777,12.109,422,1249760,0.0406863,0.02,1,49906,49484,422
2313601,3.45155,2.42181,424,1251220,0.0241373,0.02,1,49908,49484,424
2316501,18.2903,0.484362,446,1252680,0.00482745,0,1,49930,49484,446
2319421,5.25806,20.0969,423,1254140,0.00096549,0,1,49932,49509,423
2322341,2.65161,4.01937,425,1255600,0.000193098,0,1,49934,49509,425
2325261,2.13032,0.803875,427,1257060,3.86196e-05,0,1,49936,49509,427
2328181,2.02606,0.160775,429,1258520,7.72392e-06,0,1,49938,49509,429
2330021,1.20521,0.032155,430,1259980,1.54478e-06,0,1,49939,49509,430
2331681,1.04104,1.60643,429,1261440,3.08957e-07,0.11,1,49940,49511,429
2334601,6.60821,12.3213,422,1262900,6.17914e-08,0.11,1,49948,49526,422
2337521,2.92164,2.46426,424,1264360,1.23583e-08,0.11,1,49950,49526,424
2340441,2.18433,0.492851,426,1265820,2.47165e-09,0.11,1,49952,49526,426
2343121,2.03687,0.0985703,428,1267280,4.94331e-10,0.08,1,49954,49526,428
2346041,6.80737,11.2197,422,1268740,0.184,0.08,1,49962,49540,422
2348961,2.96147,2.24394,424,1270200,0.1888,0.08,1,49964,49540,424
2351881,2.19229,0.448789,426,1271660,0.15776,0.08,1,49966,49540,426
2354801,2.03846,0.0897577,428,1273120,0.119552,0.08,1,49968,49540,428
2357721,2.00769,0.0179515,430,1274580,0.20791,0.08,1,49970,49540,430
2360641,2.00154,0.00359031,432,1276040,0.193582,0.08,1,49972,49540,432
2363301,2.00031,0.000718061,434,1277500,0.158716,0,1,49974,49540,434
2366221,2.00006,3.20014,432,1278960,0.183743,0,1,49976,49544,432
2368081,1.20001,0.640029,433,1280420,0.172749,0,1,49977,49544,433
2371001,1.84,4.12801,430,1281880,0.13855,0,1,49979,49549,430
2373921,1.968,0.825601,432,1283340,0.09971,0,1,49981,49549,432
2376401,1.9936,0.16512,434,1284800,0.067942,0.26,1,49983,49549,434
2379321,1.99872,8.83302,425,1286260,0.0295884,0.26,1,49985,49560,425
2382241,1.99974,1.7666,427,1287720,0.149918,0.26,1,49987,49560,427
2384721,1.99995,0.353321,429,1289180,0.141984,0,1,49989,49560,429
2387641,47.6,52.8707,422,1290640,0.0283967,0,1,50048,49626,422
2389921,11.12,10.5741,424,1292100,0.00567934,0,1,50050,49626,424
2392841,7.024,8.51483,422,1293560,0.00113587,0,1,50056,49634,422
2395761,3.0048,1.70297,424,1295020,0.000227174,0,1,50058,49634,424
2398241,2.20096,0.340593,426,1296480,4.54347e-05,0.04,1,50060,49634,426
2401161,8.44019,11.2681,422,1297940,9.08694e-06,0.04,1,50070,49648,422
2404081,3.28804,2.25362,424,1299400,1.81739e-06,0.04,1,50072,49648,424
2407001,2.25761,0.450725,426,1300860,3.63478e-07,0.04,1,50074,49648,426
2407601,161.252,0.0901449,627,1302320,0.0640001,0,1,50275,49648,627
2410521,33.0503,164.818,422,1303780,0.0608,0,1,50276,49854,422
2413441,8.21006,32.9636,424,1305240,0.02816,0,1,50278,49854,424
2415301,6.44201,6.59272,430,1306700,0.085632,0,1,50284,49854,430
2418221,2.8884,8.51854,423,1308160,0.0651264,0,1,50286,49863,423
2420501,18.9777,1.70371,446,1309620,0.0130253,0,1,50309,49863,446
2423421,5.39554,20.3407,423,1311080,0.00260506,0,1,50311,49888,423
2426341,2.67911,4.06815,425,1312540,0.000521011,0,1,50313,49888,425
2429261,2.13582,0.81363,427,1314000,0.0801042,0,1,50315,49888,427
2431941,8.42716,0.162726,437,1315460,0.0160208,0.09,1,50325,49888,437
2434861,3.28543,12.8325,423,1316920,0.0672042,0.09,1,50327,49904,423
2437781,2.25709,2.56651,425,1318380,0.0694408,0.09,1,50329,49904,425
2440261,4.45142,0.513302,430,1319840,0.0298882,0,1,50334,49904,430
2443181,2.49028,7.30266,423,1321300,0.00597763,0,1,50336,49913,423
2445461,24.4981,1.46053,453,1322760,0.00119553,0,1,50366,49913,453
2448381,6.49961,25.8921,423,1324220,0.000239105,0,1,50368,49945,423
2451301,2.89992,5.17842,425,1325680,4.78211e-05,0,1,50370,49945,425
2454221,2.17998,1.03568,427,1327140,9.56421e-06,0,1,50372,49945,427
2457141,2.036,0.207137,429,1328600,1.91284e-06,0,1,50374,49945,429
2460061,2.0072,0.0414274,431,1330060,3.82568e-07,0,1,50376,49945,431
2462721,2.00144,0.00828547,433,1331520,7.65137e-08,0.29,1,50378,49945,433
2465641,6.80029,11.2017,427,1332980,0.032,0.29,1,50386,49959,427
2468561,2.96006,2.24033,429,1334440,0.0064,0.29,1,50388,49959,429
2471481,2.19201,0.448066,431,1335900,0.06528,0.29,1,50390,49959,431
2474161,2.0384,0.0896132,433,1337360,0.045056,0.17,1,50392,49959,433
2477081,2.00768,4.81792,429,1338820,0.105011,0.17,1,50394,49965,429
2479361,2.00154,0.963585,431,1340280,0.101002,0.19,1,50396,49965,431
2482281,2.00031,8.99272,422,1341740,0.0922005,0.19,1,50398,49976,422
2485201,2.00006,1.79854,424,1343200,0.0424401,0.19,1,50400,49976,424
2488121,2.00001,0.359709,426,1344660,0.048488,0.19,1,50402,49976,426
2491041,2,0.0719417,428,1346120,0.0256976,0.19,1,50404,49976,428
2493921,2,0.0143883,430,1347580,0.00513952,0.06,1,50406,49976,430
2496841,2,5.60288,425,1349040,0.0970279,0.06,1,50408,49983,425
2499761,2,1.12058,427,1350500,0.0834056,0.06,1,50410,49983,427
2502681,2,0.224115,429,1351960,0.0486811,0.06,1,50412,49983,429
2504321,1.2,0.044823,430,1353420,0.0257362,0.19,1,50413,49983,430
2507241,1.84,2.40896,429,1354880,0.00514724,0.19,1,50415,49986,429
2509521,1.968,0.481793,431,1356340,0.145029,0.19,1,50417,49986,431
2512441,1.9936,6.49636,425,1357800,0.141006,0.19,1,50419,49994,425
2515361,1.99872,1.29927,427,1359260,0.108201,0.19,1,50421,49994,427
2517221,45.1997,0.259854,483,1360720,0.0216402,0,1,50477,49994,483
2520141,10.6399,49.652,423,1362180,0.00432805,0,1,50479,50056,423
2522421,13.328,9.93039,437,1363640,0.000865609,0,1,50493,50056,437
2525341,4.2656,14.7861,423,1365100,0.000173122,0,1,50495,50072,423
2528261,2.45312,2.95722,425,1366560,3.46244e-05,0,1,50497,50072,425
2531181,2.09062,0.591443,427,1368020,6.92487e-06,0,1,50499,50072,427
2532821,6.01812,0.118289,434,1369480,1.38497e-06,0.1,1,50506,50072,434
2535741,2.80362,10.4237,423,1370940,2.76995e-07,0.1,1,50508,50085,423
2537601,1.36072,2.08473,424,1372400,5.5399e-08,0.1,1,50509,50085,424
2540521,157.072,158.817,422,1373860,0.08,0.1,1,50705,50283,422
2543441,33.0144,31.7634,424,1375320,0.088,0.1,1,50707,50283,424
2545301,8.20289,6.35268,426,1376780,0.0576,0.02,1,50709,50283,426
2548221,3.24058,5.27054,423,1378240,0.02752,0.02,1,50711,50288,423
2550501,20.6481,1.05411,448,1379700,0.005504,0.1,1,50736,50288,448
2553421,5.72962,21.8108,423,1381160,0.0171008,0.1,1,50738,50315,423
2556341,2.74592,4.36216,425,1382620,0.00342016,0.1,1,50740,50315,425
2558821,6.94918,0.872433,433,1384080,0.000684032,0.08,1,50748,50315,433
2561741,2.98984,9.77449,423,1385540,0.0481368,0.08,1,50750,50327,423
2564021,2.99797,1.9549,426,1387000,0.00962736,0.02,1,50753,50327,426
2566941,2.19959,4.39098,423,1388460,0.0659255,0.02,1,50755,50332,423
2568801,1.23992,0.878196,424,1389920,0.0611851,0.05,1,50756,50332,424
2571721,3.44798,4.97564,422,1391380,0.044237,0.05,1,50760,50338,422
2574001,2.2896,0.995128,424,1392840,0.0088474,0,1,50762,50338,424
2576921,26.0579,27.399,422,1394300,0.00176948,0,1,50794,50372,422
2579841,6.81158,5.4798,424,1395760,0.000353896,0,1,50796,50372,424
2582321,2.96232,1.09596,426,1397220,7.07792e-05,0,1,50798,50372,426
2585241,2.19246,5.01919,422,1398680,1.41558e-05,0,1,50800,50378,422
2588161,2.03849,1.00384,424,1400140,2.83117e-06,0,1,50802,50378,424
2590641,2.0077,0.200768,426,1401600,5.66234e-07,0.1,1,50804,50378,426
2593561,3.60154,3.24015,426,1403060,1.13247e-07,0.1,1,50808,50382,426
2595221,3.12031,0.648031,429,1404520,2.26493e-08,0.02,1,50811,50382,429
2597301,5.42406,4.12961,430,1405980,0.176,0.1,1,50817,50387,430
2600221,2.68481,8.02592,423,1407440,0.1792,0.1,1,50819,50396,423
2603141,2.13696,1.60518,425,1408900,0.17184,0.1,1,50821,50396,425
2606061,2.02739,0.321037,427,1410360,0.138368,0.1,1,50823,50396,427
2608741,3.60548,0.0642074,431,1411820,0.107674,0,1,50827,50396,431
2611661,2.3211,8.01284,423,1413280,0.0775347,0,1,50829,50406,423
2614581,2.06422,1.60257,425,1414740,0.119507,0,1,50831,50406,425
2617501,2.01284,0.320514,427,1416200,0.199901,0,1,50833,50406,427
2620421,2.00257,0.0641027,429,1417660,0.18398,0,1,50835,50406,429
2623301,2.00051,0.0128205,431,1419120,0.140796,0.04,1,50837,50406,431
2626221,2.0001,4.80256,427,1420580,0.100159,0.04,1,50839,50412,427
2629141,2.00002,0.960513,429,1422040,0.0680318,0.04,1,50841,50412,429
2631621,2,0.192103,431,1423500,0.0296064,0.18,1,50843,50412,431
2634541,2,4.03842,428,1424960,0.101921,0.18,1,50845,50417,428
2637441,2,0.807684,430,1426420,0.140384,0.19,1,50847,50417,430
2640361,2,4.16154,427,1427880,0.116077,0.19,1,50849,50422,427
2643281,2,0.832307,429,1429340,0.0792154,0.19,1,50851,50422,429
2645761,2,0.166461,431,1430800,0.0478431,0,1,50853,50422,431
2648681,49.2,56.0333,422,1432260,0.00956861,0,1,50914,50492,422
2650961,11.44,11.2067,424,1433720,0.00191372,0,1,50916,50492,424
2653881,7.088,8.64133,422,1435180,0.000382745,0,1,50922,50500,422
2656801,3.0176,1.72827,424,1436640,7.65489e-05,0,1,50924,50500,424
2659721,2.20352,0.345653,426,1438100,1.53098e-05,0,1,50926,50500,426
2661361,1.2407,0.0691306,427,1439560,3.06196e-06,0.14,1,50927,50500,427
2664281,4.24814,8.01383,422,1441020,6.12391e-07,0.14,1,50932,50510,422
2667201,2.44963,1.60277,424,1442480,0.0640001,0.14,1,50934,50510,424
2668641,161.29,0.320553,625,1443940,0.0928,0,1,51135,50510,625
2671561,33.058,163.264,422,1445400,0.08256,0,1,51136,50714,422
2674481,8.2116,32.6528,424,1446860,0.048512,0,1,51138,50714,424
2677401,3.24232,6.53056,426,1448320,0.0097024,0,1,51140,50714,426
2679041,1.44846,1.30611,427,1449780,0.00194048,0,1,51141,50714,427
2681961,19.4897,23.4612,422,1451240,0.136388,0,1,51165,50743,422
2684881,5.49794,4.69224,424,1452700,0.131278,0,1,51167,50743,424
2687361,2.69959,0.938449,426,1454160,0.0982555,0.07,1,51169,50743,426
2690281,9.33992,12.1877,422,1455620,0.0196511,0.07,1,51180,50758,422
2693201,3.46798,2.43754,424,1457080,0.0359302,0.07,1,51182,50758,424
2696121,2.2936,0.487508,426,1458540,0.00718604,0.07,1,51184,50758,426
2699041,2.05872,0.0975015,428,1460000,0.0654372,0.07,1,51186,50758,428
2701301,6.01174,0.0195003,435,1461460,0.0290874,0.1,1,51193,50758,435
2704221,2.80235,11.2039,423,1462920,0.00581749,0.1,1,51195,50772,423
2706501,26.1605,2.24078,455,1464380,0.0011635,0,1,51227,50772,455
2709421,6.83209,27.6482,423,1465840,0.0002327,0,1,51229,50806,423
2712341,2.96642,5.52963,425,1467300,4.65399e-05,0,1,51231,50806,425
2715261,2.19328,1.10593,427,1468760,9.30798e-06,0,1,51233,50806,427
2718181,2.03866,0.221185,429,1470220,1.8616e-06,0,1,51235,50806,429
2721101,2.00773,0.044237,431,1471680,3.72319e-07,0,1,51237,50806,431
2723141,5.20155,0.00884741,437,1473140,7.44638e-08,0.18,1,51243,50806,437
2726061,2.64031,10.4018,426,1474600,1.48928e-08,0.18,1,51245,50819,426
2727921,1.32806,2.08035,427,1476060,0.112,0.15,1,51246,50819,427
2730841,4.26561,2.81607,429,1477520,0.0544,0.15,1,51251,50822,429
2733761,2.45312,0.563214,431,1478980,0.01088,0.15,1,51253,50822,431
2735621,1.29062,0.112643,432,1480440,0.002176,0.22,1,51254,50822,432
2738541,1.85812,8.82253,423,1481900,0.0804352,0.22,1,51256,50833,423
2741461,1.97162,1.76451,425,1483360,0.064087,0.22,1,51258,50833,425
2744381,1.99432,0.352901,427,1484820,0.0288174,0.22,1,51260,50833,427
2747061,1.99886,0.0705802,429,1486280,0.101763,0.16,1,51262,50833,429
2749981,1.99977,2.41412,428,1487740,0.0843527,0.16,1,51264,50836,428
2752261,5.19995,0.482823,434,1489200,0.160871,0.11,1,51270,50836,434
2755181,2.63999,10.4966,423,1490660,0.144174,0.11,1,51272,50849,423
2758101,2.128,2.09931,425,1492120,0.108835,0.11,1,51274,50849,425
2761021,2.0256,0.419863,427,1493580,0.069767,0.11,1,51276,50849,427
2763941,2.00512,0.0839725,429,1495040,0.0299534,0.11,1,51278,50849,429
2766861,2.00102,0.0167945,431,1496500,0.117991,0.11,1,51280,50849,431
2768481,1.2002,0.0033589,432,1497960,0.119598,0.18,1,51281,50849,432
2771401,13.04,11.2007,434,1499420,0.0959196,0.18,1,51297,50863,434
2774321,4.20801,2.24013,436,1500880,0.195184,0.18,1,51299,50863,436
2776801,2.4416,0.448027,438,1502340,0.231037,0,1,51301,50863,438
2779721,35.6883,48.0896,422,1503800,0.0462074,0,1,51345,50923,422
2782641,8.73766,9.61792,424,1505260,0.00924147,0,1,51347,50923,424
2785541,8.14753,1.92358,432,1506720,0.00184829,0.08,1,51355,50923,432
2788461,3.22951,9.18472,423,1508180,0.000369659,0.08,1,51357,50934,423
2791381,2.2459,1.83694,425,1509640,7.39318e-05,0.08,1,51359,50934,425
2794301,2.04918,0.367389,427,1511100,1.47863e-05,0.08,1,51361,50934,427
2795941,2.80984,0.0734777,430,1512560,0.016003,0,1,51364,50934,430
2797601,1.36197,7.2147,422,1514020,0.00320059,0,1,51365,50943,422
2800521,165.872,167.043,422,1515480,0.0326401,0,1,51572,51150,422
2803441,34.7745,33.4086,424,1516940,0.00652802,0,1,51574,51150,424
2806361,8.5549,6.68172,426,1518400,0.0013056,0,1,51576,51150,426
2809281,3.31098,1.33634,428,1519860,0.0482611,0,1,51578,51150,428
2811541,14.2622,0.267269,445,1521320,0.105652,0,1,51595,51150,445
2814461,4.45244,19.2535,423,1522780,0.0851304,0,1,51597,51174,423
2817381,2.49049,3.85069,425,1524240,0.0490261,0,1,51599,51174,425
2819861,6.0981,0.770138,432,1525700,0.00980522,0.1,1,51606,51174,432
2822781,2.81962,8.95403,423,1527160,0.00196104,0.1,1,51608,51185,423
2825701,2.16392,1.79081,425,1528620,0.000392209,0.1,1,51610,51185,425
2828181,5.23278,0.358161,431,1530080,0.0800784,0,1,51616,51185,431
2831101,2.64656,8.07163,423,1531540,0.0640157,0,1,51618,51195,423
2833381,6.12931,1.61433,430,1533000,0.132803,0,1,51625,51195,430
2835041,2.02586,7.52287,422,1534460,0.130561,0,1,51626,51204,422
2837961,25.2052,26.3046,422,1535920,0.0261121,0,1,51657,51235,422
2840881,6.64103,5.26091,424,1537380,0.00522242,0,1,51659,51235,424
2843801,2.92821,1.05218,426,1538840,0.00104448,0,1,51661,51235,426
2845441,1.38564,0.210437,427,1540300,0.000208897,0,1,51662,51235,427
2848361,4.27713,8.04209,422,1541760,4.17794e-05,0,1,51667,51245,422
2851281,2.45543,1.60842,424,1543220,8.35588e-06,0,1,51669,51245,424
2853761,2.09109,0.321683,426,1544680,1.67118e-06,0.06,1,51671,51245,426
2856681,7.61822,10.4643,422,1546140,0.0320003,0.06,1,51680,51258,422
2859601,3.12364,2.09287,424,1547600,0.00640007,0.06,1,51682,51258,424
2862521,2.22473,0.418573,426,1549060,0.00128001,0.06,1,51684,51258,426
2865441,2.04495,0.0837147,428,1550520,0.064256,0.06,1,51686,51258,428
2868361,2.00899,0.0167429,430,1551980,0.0448512,0.06,1,51688,51258,430
2870821,2.0018,0.00334859,432,1553440,0.00897024,0.21,1,51690,51258,432
2873741,2.00036,8.00067,424,1554900,0.00179405,0.21,1,51692,51268,424
2876661,2.00007,1.60013,426,1556360,0.00035881,0.21,1,51694,51268,426
2879581,2.00001,0.320027,428,1557820,7.17619e-05,0.21,1,51696,51268,428
2882261,2.8,0.0640053,431,1559280,0.224014,0.02,1,51699,51268,431
2885181,2.16,8.0128,423,1560740,0.236803,0.02,1,51701,51278,423
2888101,2.032,1.60256,425,1562200,0.207361,0.02,1,51703,51278,425
2891021,2.0064,0.320512,427,1563660,0.169472,0.02,1,51705,51278,427
2892661,8.40128,0.0641024,437,1565120,0.217894,0.14,1,51715,51278,437
2895581,3.28026,8.01282,429,1566580,0.195579,0.14,1,51717,51288,429
2898501,2.25605,1.60256,431,1568040,0.207116,0.14,1,51719,51288,431
2900981,11.6512,0.320513,445,1569500,0.305423,0.3,1,51733,51288,445
2903901,3.93024,12.8641,431,1570960,0.341085,0.3,1,51735,51304,431
2906821,2.38605,2.57282,433,1572420,0.372217,0.3,1,51737,51304,433
2909301,28.4772,0.514564,468,1573880,0.186443,0,1,51772,51304,468
2912221,7.29544,37.7029,423,1575340,0.117289,0,1,51774,51351,423
2914501,6.25909,7.54058,429,1576800,0.0234577,0,1,51780,51351,429
2917421,2.85182,7.90812,423,1578260,0.00469155,0,1,51782,51359,423
2919281,1.37036,1.58162,424,1579720,0.000938309,0,1,51783,51359,424
2922201,5.07407,6.71632,422,1581180,0.000187662,0,1,51789,51367,422
2925121,2.61481,1.34326,424,1582640,3.75324e-05,0,1,51791,51367,424
2928041,2.12296,0.268653,426,1584100,7.50647e-06,0,1,51793,51367,426
2928641,161.225,0.0537306,627,1585560,1.50129e-06,0,1,51994,51367,627
2931561,41.0449,172.811,422,1585560,3.00259e-07,0,1,52005,51583,422
2934481,9.80898,34.5621,424,1587020,0.0320001,0,1,52007,51583,424
2937401,3.5618,6.91243,426,1588480,0.00640001,0,1,52009,51583,426
2940081,2.31236,1.38249,428,1589940,0.00128,0.02,1,52011,51583,428
2943001,13.2625,17.0765,423,1591400,0.080256,0.02,1,52027,51604,423
2945921,4.25249,3.4153,425,1592860,0.0640512,0.02,1,52029,51604,425
2948401,2.4505,0.68306,427,1594320,0.0288102,0.13,1,52031,51604,427
2951321,6.8901,8.13661,425,1595780,0.085762,0.13,1,52039,51614,425
2954241,2.97802,1.62732,427,1597240,0.0651524,0.13,1,52041,51614,427
2956721,2.1956,0.325464,429,1598700,0.0290305,0.13,1,52043,51614,429
2959641,4.43912,9.66509,422,1600160,0.0058061,0.13,1,52048,51626,422
2962561,2.48782,1.93302,424,1601620,0.121161,0.13,1,52050,51626,424
2965461,4.49756,0.386604,429,1603080,0.128232,0,1,52055,51626,429
2967541,24.8995,6.47732,451,1604540,0.0256464,0,1,52085,51634,451
2970461,6.5799,25.2955,423,1606000,0.00512929,0,1,52087,51664,423
2973381,2.91598,5.05909,425,1607460,0.00102586,0,1,52089,51664,425
2976301,2.1832,1.01182,427,1608920,0.000205172,0,1,52091,51664,427
2977941,3.63664,0.202364,431,1610380,4.10343e-05,0.14,1,52095,51664,431
2980861,2.32733,8.04047,423,1611840,8.20686e-06,0.14,1,52097,51674,423
2983781,2.06547,1.60809,425,1613300,1.64137e-06,0.14,1,52099,51674,425
2986261,8.41309,0.321619,435,1614760,3.28274e-07,0.06,1,52109,51674,435
2989181,4.88262,10.4643,426,1616220,0.176,0.06,1,52113,51687,426
2992101,4.17652,2.09286,430,1617680,0.1472,0.06,1,52117,51687,430
2995021,4.0353,0.418573,434,1619140,0.07744,0.06,1,52121,51687,434
2997701,2.40706,0.0837146,436,1620600,0.031488,0.28,1,52123,51687,436
3000621,2.08141,9.61674,426,1622060,0.0222976,0.28,1,52125,51699,426
3003541,2.01628,1.92335,428,1623520,0.00445952,0.28,1,52127,51699,428
3006461,2.00326,0.38467,430,1624980,0.000891904,0.28,1,52129,51699,430
3009381,2.00065,0.0769339,432,1626440,0.144178,0.28,1,52131,51699,432
3011221,1.20013,0.0153868,433,1627900,0.148836,0.21,1,52132,51699,433
3014141,1.84003,2.40308,432,1629360,0.141767,0.21,1,52134,51702,432
3016001,1.16801,0.480615,433,1630820,0.132353,0.24,1,52135,51702,433
3018921,6.6336,6.49612,433,1632280,0.0904707,0.24,1,52143,51710,433
3021201,2.92672,1.29922,435,1633740,0.0500941,0.33,1,52145,51710,435
3024121,9.38534,9.85985,434,1635200,0.170019,0.33,1,52156,51722,434
3027041,3.47707,1.97197,436,1636660,0.202004,0.33,1,52158,51722,436
3029521,2.29541,0.394394,438,1638120,0.296401,0.42,1,52160,51722,438
3032441,14.0591,17.6789,433,1639580,0.31528,0.42,1,52177,51744,433
3035361,4.41182,3.53578,435,1641040,0.335056,0.42,1,52179,51744,435
3037841,2.48236,0.707155,437,1642500,0.355011,0,1,52181,51744,437
3040761,19.6965,31.3414,422,1643960,0.415002,0,1,52205,51783,422
3043681,5.53929,6.26829,424,1645420,0.395,0,1,52207,51783,424
3046601,2.70786,1.25366,426,1646880,0.359,0,1,52209,51783,426
3048241,1.34157,0.250731,427,1648340,0.3278,0.06,1,52210,51783,427
3051161,8.26831,12.0501,422,1649800,0.16956,0.06,1,52220,51798,422
3054081,3.25366,2.41003,424,1651260,0.105912,0.06,1,52222,51798,424
3057001,2.25073,0.482006,426,1652720,0.173182,0.06,1,52224,51798,426
3058641,1.25015,0.0964012,427,1654180,0.170636,0.1,1,52225,51798,427
3061141,162.65,161.619,428,1655640,0.0341273,0.04,1,52428,52000,428
3063221,38.93,37.9239,429,1657100,0.0388255,0,1,52436,52007,429
3066141,9.386,13.9848,423,1658560,0.00776509,0,1,52438,52015,423
3069061,3.4772,2.79695,425,1660020,0.00155302,0,1,52440,52015,425
3071121,2.29544,0.559391,427,1661480,0.000310604,0.1,1,52442,52015,427
3074041,18.0591,19.3119,425,1662940,6.21207e-05,0.1,1,52464,52039,425
3076961,5.21182,3.86238,427,1664400,1.24241e-05,0.1,1,52466,52039,427
3079441,2.64236,0.772475,429,1665860,0.0960025,0.02,1,52468,52039,429
3082361,2.12847,3.3545,427,1667320,0.0832005,0.02,1,52470,52043,427
3084641,2.02569,0.670899,429,1668780,0.0486401,0.07,1,52472,52043,429
3087561,6.80514,12.1342,422,1670240,0.025728,0.07,1,52480,52058,422
3090481,2.96103,2.42684,424,1671700,0.0851456,0.07,1,52482,52058,424
3093401,2.19221,0.485367,426,1673160,0.0650291,0.07,1,52484,52058,426
3096081,2.03844,0.0970734,428,1674620,0.0290058,0,1,52486,52058,428
3099001,30.0077,34.4194,422,1676080,0.00580116,0,1,52523,52101,422
3101921,7.60154,6.88388,424,1677540,0.00116023,0,1,52525,52101,424
3104841,3.12031,1.37678,426,1679000,0.000232047,0,1,52527,52101,426
3107761,2.22406,0.275355,428,1680460,4.64093e-05,0,1,52529,52101,428
3110681,2.04481,0.0550711,430,1681920,9.28186e-06,0,1,52531,52101,430
3113601,2.00896,0.0110142,432,1683380,1.85637e-06,0,1,52533,52101,432
3116261,2.00179,0.00220284,434,1684840,3.71274e-07,0.22,1,52535,52101,434
3118341,5.20036,9.60044,428,1686300,7.42549e-08,0.1,1,52541,52113,428
3121261,4.24007,6.72009,426,1687760,0.112,0.1,1,52545,52119,426
3123121,3.24801,1.34402,429,1689220,0.0864,0,1,52548,52119,429
3126041,4.6496,5.8688,427,1690680,0.01728,0,1,52553,52126,427
3128961,2.52992,1.17376,429,1692140,0.003456,0,1,52555,52126,429
3131441,2.10598,0.234752,431,1693600,0.0486912,0.13,1,52557,52126,431
3134361,2.0212,7.24695,424,1695060,0.0257382,0.13,1,52559,52135,424
3137281,2.00424,1.44939,426,1696520,0.00514765,0.13,1,52561,52135,426
3140201,2.00085,0.289878,428,1697980,0.00102953,0.13,1,52563,52135,428
3143121,2.00017,0.0579756,430,1699440,0.0322059,0.13,1,52565,52135,430
3144961,1.20003,0.0115951,431,1700900,0.142441,0.24,1,52566,52135,431
3147881,11.44,10.4023,432,1702360,0.236488,0.24,1,52580,52148,432
3150801,3.888,2.08046,434,1703820,0.271298,0.24,1,52582,52148,434
3153701,9.5776,0.416093,445,1705280,0.35026,0.21,1,52593,52148,445
3155781,18.7155,8.08322,456,1706740,0.550052,0.33,1,52614,52158,456
3158701,6.9431,13.6166,445,1708200,0.62201,0.33,1,52618,52173,445
3160561,2.18862,2.72333,446,1709660,0.620402,0.36,1,52619,52173,446
3163481,4.43772,6.94467,443,1711120,0.63608,0.36,1,52624,52181,443
3165761,2.48754,1.38893,445,1712580,0.655216,0.51,1,52626,52181,445
3168681,7.69751,8.27779,444,1714040,0.603043,0.51,1,52635,52191,444
3170341,2.3395,1.65556,445,1715500,0.576609,0.26,1,52636,52191,445
3173261,2.0679,17.9311,425,1716960,0.539322,0.26,1,52638,52213,425
3176181,2.01358,3.58622,427,1718420,0.635864,0.26,1,52640,52213,427
3179101,2.00272,0.717244,429,1719880,0.623173,0.26,1,52642,52213,429
3180741,1.20054,0.143449,430,1721340,0.604635,0.09,1,52643,52213,430
3182821,7.44011,7.22869,430,1722800,0.648927,0.04,1,52652,52222,430
3185741,3.08802,8.64574,423,1724260,0.625785,0.04,1,52654,52231,423
3188661,2.2176,1.72915,425,1725720,0.589157,0.04,1,52656,52231,425
3191141,159.644,0.345829,624,1727180,0.189831,0.08,1,52855,52231,624
3193221,37.5287,162.469,428,1728640,0.133966,0,1,52862,52434,428
3196141,9.10574,38.0938,423,1730100,0.0907933,0,1,52864,52441,423
3199061,3.42115,7.61877,425,1731560,0.0501586,0,1,52866,52441,425
3201541,7.88423,1.52375,434,1733020,0.0420317,0.06,1,52875,52441,434
3203621,13.5768,10.7048,436,1734480,0.00840634,0,1,52890,52454,436
3205701,4.31537,11.741,426,1735940,0.00168127,0.06,1,52892,52466,426
3208621,2.46307,6.34819,423,1737400,0.000336254,0.06,1,52894,52471,423
3211541,2.09261,1.26964,425,1738860,6.72508e-05,0.06,1,52896,52471,425
3214021,7.61852,0.253928,434,1740320,0.0720135,0.06,1,52905,52471,434
3216941,3.1237,10.4508,423,1741780,0.0544027,0.06,1,52907,52484,423
3219861,2.22474,2.09016,425,1743240,0.0668805,0.06,1,52909,52484,425
3222341,10.0449,0.418031,437,1744700,0.0133761,0,1,52921,52484,437
3225261,3.60899,12.8836,423,1746160,0.00267522,0,1,52923,52500,423
3227121,1.5218,2.57672,424,1747620,0.080535,0,1,52924,52500,424
3230041,24.3044,26.1153,422,1749080,0.016107,0,1,52954,52532,422
3232961,6.46087,5.22307,424,1750540,0.0032214,0,1,52956,52532,424
3235881,2.89217,1.04461,426,1752000,0.00064428,0,1,52958,52532,426
3238801,2.17843,0.208923,428,1753460,0.000128856,0,1,52960,52532,428
3241681,2.03569,0.0417845,430,1754920,2.57712e-05,0.14,1,52962,52532,430
3244601,4.40714,10.4084,422,1756380,5.15424e-06,0.14,1,52967,52545,422
3247521,2.48143,2.08167,424,1757840,1.03085e-06,0.14,1,52969,52545,424
3250421,4.49629,0.416334,429,1759300,0.0320002,0,1,52974,52545,429
3253341,2.49926,6.48327,423,1760760,0.00640004,0,1,52976,52553,423
3255621,9.29985,1.29665,434,1762220,0.06528,0.17,1,52987,52553,434
3258541,3.45997,10.6593,423,1763680,0.045056,0.17,1,52989,52566,423
3261461,2.29199,2.13187,425,1765140,0.0090112,0.17,1,52991,52566,425
3264381,2.0584,0.426373,427,1766600,0.00180224,0.17,1,52993,52566,427
3267301,2.01168,0.0852746,429,1768060,0.000360448,0.17,1,52995,52566,429
3270221,2.00234,0.0170549,431,1769520,0.184072,0.17,1,52997,52566,431
3273141,2.00047,0.00341098,433,1770980,0.188814,0.17,1,52999,52566,433
3275381,14.0001,0.000682197,450,1772440,0.213763,0.26,1,53016,52566,450
3277461,6.80002,8.80014,444,1773900,0.178753,0.3,1,53021,52577,444
3279541,15.76,4.96003,458,1775360,0.227751,0.41,1,53039,52581,458
3282461,6.352,13.792,446,1776820,0.27755,0.41,1,53043,52597,446
3284321,2.0704,2.7584,447,1778280,0.26351,0.68,1,53044,52597,447
3287241,26.0141,25.3517,448,1779740,0.372702,0.68,1,53076,52628,448
3290161,6.80282,5.07034,450,1781200,0.37054,0.68,1,53078,52628,450
3293081,2.96056,1.01407,452,1782660,0.394108,0.68,1,53080,52628,452
3296001,2.19211,0.202813,454,1784120,0.366822,0.68,1,53082,52628,454
3298261,7.63842,0.0405627,463,1785580,0.313364,0.66,1,53091,52628,463
3301181,3.12768,9.60811,453,1787040,0.270673,0.66,1,53093,52640,453
3304081,2.22554,1.92162,455,1788500,0.350135,0.63,1,53095,52640,455
3307001,2.04511,7.58432,448,1789960,0.342027,0.63,1,53097,52649,448
3309921,2.00902,1.51686,450,1791420,0.308405,0.63,1,53099,52649,450
3312821,2.0018,0.303373,452,1792880,0.277681,0.53,1,53101,52649,452
3315741,2.00036,11.2607,440,1794340,0.239536,0.53,1,53103,52663,440
3318661,2.00007,2.25213,442,1795800,0.319907,0.53,1,53105,52663,442
3321141,144.4,0.450427,622,1797260,0.135981,0.08,1,53285,52663,622
3323841,30.48,160.89,423,1798720,0.0751963,0,1,53287,52864,423
3326761,10.096,36.978,422,1800180,0.0150393,0,1,53292,52870,422
3329681,3.6192,7.3956,424,1801640,0.0830078,0,1,53294,52870,424
3331541,7.92384,1.47912,433,1803100,0.0166016,0.06,1,53303,52870,433
3333621,13.5848,9.89582,436,1804560,0.0193203,0,1,53318,52882,436
3336321,4.31695,11.5792,426,1806020,0.00386406,0.12,1,53320,52894,426
3339241,4.06339,7.91583,423,1807480,0.0487728,0.12,1,53324,52901,423
3342161,2.41268,1.58317,425,1808940,0.0657546,0.12,1,53326,52901,425
3344021,6.88254,0.316633,433,1810400,0.133151,0.08,1,53334,52901,433
3346941,2.97651,9.66333,423,1811860,0.11463,0.08,1,53336,52913,423
3349861,2.1953,1.93267,425,1813320,0.078926,0.08,1,53338,52913,425
3352341,7.63906,0.386533,434,1814780,0.0157852,0.06,1,53347,52913,434
3355261,3.12781,10.4773,423,1816240,0.00315704,0.06,1,53349,52926,423
3358161,2.22556,2.09546,425,1817700,0.000631408,0,1,53351,52926,425
3361081,25.2451,27.6191,422,1819160,0.000126282,0,1,53382,52960,422
3364001,6.64902,5.52382,424,1820620,2.52563e-05,0,1,53384,52960,424
3366481,2.9298,1.10476,426,1822080,5.05126e-06,0.06,1,53386,52960,426
3369401,7.78596,10.621,422,1823540,1.01025e-06,0.06,1,53395,52973,422
3372321,3.15719,2.12419,424,1825000,2.02051e-07,0.06,1,53397,52973,424
3375241,2.23144,0.424838,426,1826460,4.04101e-08,0.06,1,53399,52973,426
3377921,2.04629,0.0849676,428,1827920,0.064,0.1,1,53401,52973,428
3380841,7.60926,10.417,424,1829380,0.0128,0.1,1,53410,52986,424
3383761,4.72185,2.0834,428,1830840,0.05056,0.1,1,53414,52986,428
3385621,4.14437,0.41668,432,1832300,0.010112,0,1,53418,52986,432
3388541,2.42887,4.88334,428,1833760,0.0020224,0,1,53420,52992,428
3391461,2.08577,0.976667,430,1835220,0.0564045,0,1,53422,52992,430
3393941,2.01715,0.195333,432,1836680,0.0432809,0.18,1,53424,52992,432
3396861,2.00343,6.43907,426,1838140,0.0646562,0.18,1,53426,53000,426
3399781,2.00069,1.28781,428,1839600,0.0449312,0.18,1,53428,53000,428
3402701,2.00014,0.257563,430,1841060,0.00898625,0.18,1,53430,53000,430
3405381,18.8,0.0515125,453,1842520,0.137797,0.23,1,53453,53000,453
3407461,9.36001,14.4103,442,1843980,0.179559,0.31,1,53460,53018,442
3409541,20.272,10.0821,456,1845440,0.147912,0.3,1,53483,53027,456
3412461,5.6544,22.8164,432,1846900,0.109582,0.3,1,53485,53053,432
3415361,2.73088,4.56328,434,1848360,0.0699165,0.34,1,53487,53053,434
3418281,26.1462,24.9127,436,1849820,0.133983,0.34,1,53519,53083,436
3421201,6.82923,4.98253,438,1851280,0.266797,0.34,1,53521,53083,438
3424121,2.96585,0.996506,440,1852740,0.261359,0.34,1,53523,53083,440
3426801,2.19317,0.199301,442,1854200,0.236272,0.32,1,53525,53083,442
3429721,7.63863,12.0399,436,1855660,0.215254,0.32,1,53534,53098,436
3432641,3.12773,2.40797,438,1857120,0.179051,0.32,1,53536,53098,438
3435561,2.22555,0.481594,440,1858580,0.13181,0.32,1,53538,53098,440
3437201,1.24511,0.0963189,441,1860040,0.106362,0.23,1,53539,53098,441
3440121,1.84902,4.01926,438,1861500,0.0692724,0.23,1,53541,53103,438
3443041,1.9698,0.803853,440,1862960,0.0298545,0.23,1,53543,53103,440
3444901,1.19396,0.160771,441,1864420,0.117971,0.43,1,53544,53103,441
3447821,1.83879,8.03215,433,1865880,0.103594,0.43,1,53546,53113,433
3449681,1.16776,1.60643,434,1867340,0.0847188,0.06,1,53547,53113,434
3452601,137.034,146.721,422,1868800,0.0649438,0.06,1,53718,53296,422
3455521,29.0067,29.3443,424,1870260,0.0289888,0.06,1,53720,53296,424
3458441,7.40134,5.86885,426,1871720,0.0697977,0.06,1,53722,53296,426
3460081,2.28027,1.17377,427,1873180,0.0619596,0.13,1,53723,53296,427
3462161,5.25605,9.03475,422,1874640,0.0123919,0.08,1,53729,53307,422
3465081,15.4512,14.607,424,1876100,0.00247838,0.08,1,53747,53323,424
3467361,5.49024,2.92139,427,1877560,0.0804957,0.15,1,53750,53323,427
3470281,5.09805,8.58428,422,1879020,0.0160991,0.15,1,53755,53333,422
3472561,2.61961,1.71686,424,1880480,0.00321983,0.02,1,53757,53333,424
3475481,5.32392,6.74337,422,1881940,0.048644,0.02,1,53763,53341,422
3478401,2.66478,1.34867,424,1883400,0.0257288,0.02,1,53765,53341,424
3480881,2.13296,0.269735,426,1884860,0.00514576,0.04,1,53767,53341,426
3483801,8.42659,11.2539,422,1886320,0.0490292,0.04,1,53777,53355,422
3486721,3.28532,2.25079,424,1887780,0.0258058,0.04,1,53779,53355,424
3489201,2.25706,0.450158,426,1889240,0.0371612,0,1,53781,53355,426
3492121,24.4514,27.29,422,1890700,0.00743223,0,1,53811,53389,422
3495041,6.49028,5.45801,424,1892160,0.00148645,0,1,53813,53389,424
3497521,2.89806,1.0916,426,1893620,0.000297289,0.08,1,53815,53389,426
3500441,6.97961,9.81832,422,1895080,5.94578e-05,0.08,1,53823,53401,422
3503361,2.99592,1.96366,424,1896540,1.18916e-05,0.08,1,53825,53401,424
3505841,2.19918,0.392733,426,1898000,2.37831e-06,0.1,1,53827,53401,426
3508761,6.03984,8.07855,423,1899460,4.75663e-07,0.1,1,53834,53411,423
3511041,2.80797,1.61571,425,1900920,0.112,0.04,1,53836,53411,425
3513961,10.1616,10.7231,424,1902380,0.0224,0.04,1,53848,53424,424
3516881,5.23232,2.14463,428,1903840,0.00448,0.04,1,53852,53424,428
3519801,2.64646,0.428926,430,1905300,0.016896,0.04,1,53854,53424,430
3522481,2.12929,0.0857851,432,1906760,0.0513792,0.04,1,53856,53424,432
3525401,2.02586,3.21716,430,1908220,0.0262758,0.04,1,53858,53428,430
3527681,2.00517,0.643431,432,1909680,0.0212552,0.2,1,53860,53428,432
3530601,2.00103,8.92869,423,1911140,0.00425103,0.2,1,53862,53439,423
3532881,2.00021,1.78574,425,1912600,0.000850207,0.17,1,53864,53439,425
3535801,21.2,17.9571,429,1914060,0.08817,0.17,1,53890,53461,429
3538081,5.84001,3.59143,431,1915520,0.201634,0.06,1,53892,53461,431
3541001,25.968,28.7183,427,1916980,0.184327,0.06,1,53923,53496,427
3543921,6.7936,5.74366,429,1918440,0.148865,0.06,1,53925,53496,429
3546401,2.95872,1.14873,431,1919900,0.109773,0.23,1,53927,53496,431
3549321,22.9917,29.8297,422,1921360,0.101955,0.23,1,53955,53533,422
3552241,6.19835,5.96595,424,1922820,0.0683909,0.23,1,53957,53533,424
3555161,2.83967,1.19319,426,1924280,0.0296782,0.23,1,53959,53533,426
3557841,2.16793,0.238638,428,1925740,0.00593564,0.1,1,53961,53533,428
3560761,3.63359,4.84773,426,1927200,0.00118713,0.1,1,53965,53539,426
3563681,3.92672,0.969545,430,1928660,0.176237,0.1,1,53969,53539,430
3566161,3.18534,0.193909,433,1930120,0.163247,0.21,1,53972,53539,433
3569081,3.83707,12.0388,422,1931580,0.216649,0.21,1,53976,53554,422
3572001,2.36741,2.40776,424,1933040,0.19533,0.21,1,53978,53554,424
3574921,2.07348,0.481551,426,1934500,0.159066,0.21,1,53980,53554,426
3577841,2.0147,0.0963102,428,1935960,0.127813,0.21,1,53982,53554,428
3580721,2.00294,0.019262,430,1937420,0.0895626,0,1,53984,53554,430
3583641,134.001,140.004,422,1938880,0.113913,0,1,54151,53729,422
3586561,28.4001,28.0008,424,1940340,0.0867825,0,1,54153,53729,424
3589481,7.28002,5.60015,426,1941800,0.0493565,0,1,54155,53729,426
3591121,2.256,1.12003,427,1943260,0.0258713,0,1,54156,53729,427
3593201,5.2512,7.42401,424,1944720,0.00517426,0.07,1,54162,53738,424
3596121,10.6502,11.8848,423,1946180,0.0650349,0.07,1,54174,53751,423
3598401,3.73005,2.37696,425,1947640,0.045007,0.03,1,54176,53751,425
3601321,6.34601,7.67539,423,1949100,0.00900139,0.03,1,54183,53760,423
3603601,2.8692,1.53508,425,1950560,0.1138,0,1,54185,53760,425
3606521,2.97384,5.10702,422,1952020,0.0867601,0,1,54188,53766,422
3608801,2.19477,1.0214,424,1953480,0.049352,0.06,1,54190,53766,424
3611721,2.03895,2.60428,423,1954940,0.0098704,0.06,1,54192,53769,423
3613381,8.40779,0.520856,433,1956400,0.137974,0.04,1,54202,53769,433
3616301,3.28156,9.70417,423,1957860,0.139595,0.04,1,54204,53781,423
3618581,7.85631,1.94083,432,1959320,0.043919,0.06,1,54213,53781,432
3620241,2.37126,9.18817,422,1960780,0.00878379,0,1,54214,53792,422
3623161,26.8743,28.2376,422,1962240,0.00175676,0,1,54247,53825,422
3626081,6.97485,5.64753,424,1963700,0.000351352,0,1,54249,53825,424
3629001,2.99497,1.12951,426,1965160,7.02703e-05,0,1,54251,53825,426
3630641,1.39899,0.225901,427,1966620,1.40541e-05,0,1,54252,53825,427
3633561,1.8798,3.24518,425,1968080,2.81081e-06,0,1,54254,53829,425
3636481,1.97596,0.649036,427,1969540,5.62162e-07,0,1,54256,53829,427
3638341,1.19519,0.129807,428,1971000,1.12432e-07,0.14,1,54257,53829,428
3640421,5.03904,5.62596,427,1972460,2.24865e-08,0.11,1,54263,53836,427
3642081,1.80781,5.92519,422,1973920,4.4973e-09,0.02,1,54264,53842,422
3644161,5.96156,6.78504,422,1975380,0.16,0.02,1,54271,53849,422
3647081,9.99231,10.157,422,1976840,0.072,0.02,1,54282,53860,422
3650001,3.59846,2.0314,424,1978300,0.0304,0.02,1,54284,53860,424
3652921,2.31969,0.40628,426,1979760,0.02208,0.02,1,54286,53860,426
3655601,2.06394,0.081256,428,1981220,0.004416,0.12,1,54288,53860,428
3658521,6.81279,9.61625,424,1982680,0.0008832,0.12,1,54296,53872,424
3661441,2.96256,1.92325,426,1984140,0.00017664,0.12,1,54298,53872,426
3663921,2.19251,0.38465,428,1985600,3.5328e-05,0.19,1,54300,53872,428
3666841,23.6385,24.0769,427,1987060,0.0640071,0.19,1,54329,53902,427
3669121,6.3277,4.81539,429,1988520,0.0448014,0.15,1,54331,53902,429
3672041,19.6655,23.3631,424,1989980,0.0969603,0.15,1,54354,53930,424
3674961,5.53311,4.67262,426,1991440,0.227392,0.15,1,54356,53930,426
3677441,2.70662,0.934523,428,1992900,0.229478,0,1,54358,53930,428
3680361,27.7413,28.1869,427,1994360,0.101896,0,1,54392,53965,427
3683281,7.14826,5.63738,429,1995820,0.0363791,0,1,54394,53965,429
3686201,3.02965,1.12748,431,1997280,0.00727583,0,1,54396,53965,431
3688881,2.20593,0.225495,433,1998740,0.145455,0.25,1,54398,53965,433
3691801,2.04119,8.0451,425,2000200,0.141091,0.25,1,54400,53975,425
3694721,2.00824,1.60902,427,2001660,0.108218,0.25,1,54402,53975,427
3697201,2.00165,0.321804,429,2003120,0.0696436,0.17,1,54404,53975,429
3700121,7.60033,8.06436,428,2004580,0.0859287,0.17,1,54413,53985,428
3703041,3.12007,1.61287,430,2006040,0.0651857,0.17,1,54415,53985,430
3705961,2.22401,0.322574,432,2007500,0.0290371,0.17,1,54417,53985,432
3708881,2.0448,0.0645149,434,2008960,0.00580743,0.17,1,54419,53985,434
3711761,2.00896,0.012903,436,2010420,0.113161,0,1,54421,53985,436
3714681,129.202,140.003,422,2011880,0.0546323,0,1,54582,54160,422
3717601,27.4404,28.0005,424,2013340,0.0109265,0,1,54584,54160,424
3720521,7.08807,5.6001,426,2014800,0.00218529,0,1,54586,54160,426
3722161,2.21761,1.12002,427,2016260,0.0324371,0.14,1,54587,54160,427
3724241,4.44352,8.224,422,2017720,0.00648741,0,1,54592,54170,422
3727161,11.2887,12.0448,422,2019180,0.00129748,0,1,54605,54183,422
3729441,3.85774,2.40896,424,2020640,0.112259,0.02,1,54607,54183,424
3732361,7.17155,6.88179,424,2022100,0.0224519,0.02,1,54615,54191,424
3735281,3.03431,1.37636,426,2023560,0.00449038,0.02,1,54617,54191,426
3738201,2.20686,0.275272,428,2025020,0.0968981,0.02,1,54619,54191,428
3739841,1.24137,0.0550543,429,2026480,0.0993796,0.17,1,54620,54191,429
3741921,3.44827,8.81101,422,2027940,0.0358759,0.02,1,54624,54202,422
3744841,9.48966,10.5622,422,2029400,0.00717518,0.02,1,54635,54213,422
3747121,3.49793,2.11244,424,2030860,0.00143504,0,1,54637,54213,424
3750041,3.89959,5.22249,422,2032320,0.128287,0,1,54641,54219,422
3752741,31.1799,1.0445,460,2033780,0.0256574,0,1,54679,54219,460
3755661,7.83598,31.4089,423,2035240,0.00513148,0,1,54681,54258,423
3758581,3.1672,6.28178,425,2036700,0.0010263,0,1,54683,54258,425
3761501,2.23344,1.25636,427,2038160,0.000205259,0,1,54685,54258,427
3764421,2.04669,0.251271,429,2039620,4.10518e-05,0,1,54687,54258,429
3767341,2.00934,0.0502542,431,2041080,8.21037e-06,0,1,54689,54258,431
3768961,1.20187,0.0100508,432,2042540,1.64207e-06,0,1,54690,54258,432
3771881,1.84037,5.60201,427,2044000,3.28415e-07,0,1,54692,54265,427
3774581,3.56807,1.1204,431,2045460,6.56829e-08,0.17,1,54696,54265,431
3776661,17.5136,8.22408,442,2046920,0.04,0,1,54717,54275,442
3779581,5.90272,17.6448,425,2048380,0.032,0,1,54720,54295,425
3782501,2.78054,3.52896,427,2049840,0.0064,0,1,54722,54295,427
3785421,2.15611,0.705793,429,2051300,0.00128,0,1,54724,54295,429
3788101,5.23122,0.141159,435,2052760,0.000256,0,1,54730,54295,435
3791021,2.64624,7.22823,428,2054220,5.12e-05,0,1,54732,54304,428
3793941,2.12925,1.44565,430,2055680,0.0320102,0,1,54734,54304,430
3796421,26.8258,0.289129,463,2057140,0.110402,0.18,1,54767,54304,463
3799341,6.96517,29.6578,428,2058600,0.10208,0.18,1,54769,54341,428
3801621,17.393,5.93156,448,2060060,0.0364161,0.23,1,54789,54341,448
3804541,5.07861,14.7863,433,2061520,0.00728322,0.23,1,54791,54358,433
3806821,2.61572,2.95726,435,2062980,0.185457,0.16,1,54793,54358,435
3808481,1.32314,3.79145,432,2064440,0.205091,0.18,1,54794,54362,432
3811401,21.0646,29.5583,422,2065900,0.209018,0.18,1,54820,54398,422
3814321,5.81293,5.91166,424,2067360,0.177804,0.18,1,54822,54398,424
3816801,2.76259,1.18233,426,2068820,0.139561,0.08,1,54824,54398,426
3819721,6.95252,9.83647,422,2070280,0.139912,0.08,1,54832,54410,422
3822641,2.9905,1.96729,424,2071740,0.147982,0.08,1,54834,54410,424
3825561,2.1981,0.393459,426,2073200,0.117596,0.08,1,54836,54410,426
3828241,2.03962,0.0786917,428,2074660,0.167519,0.17,1,54838,54410,428
3831161,8.40792,12.0157,423,2076120,0.0815039,0.17,1,54848,54425,423
3834081,3.28158,2.40315,425,2077580,0.0323008,0.17,1,54850,54425,425
3837001,2.25632,0.480629,427,2079040,0.00646015,0.17,1,54852,54425,427
3839921,2.05126,0.0961259,429,2080500,0.097292,0.17,1,54854,54425,429
3842801,2.01025,0.0192252,431,2081960,0.0834584,0,1,54856,54425,431
3845721,129.202,136.004,422,2083420,0.0166917,0,1,55017,54595,422
3848641,27.4404,27.2008,424,2084880,0.00333834,0,1,55019,54595,424
3851561,7.08808,5.44015,426,2086340,0.000667667,0,1,55021,54595,426
3854481,3.01762,1.08803,428,2087800,0.000133533,0,1,55023,54595,428
3856741,10.2035,0.217606,440,2089260,0.112027,0,1,55035,54595,440
3859661,3.6407,15.2435,423,2090720,0.102405,0,1,55037,54614,423
3861941,11.9281,3.0487,437,2092180,0.116481,0.08,1,55051,54614,437
3864861,3.98563,13.4097,423,2093640,0.111296,0.08,1,55053,54630,423
3867781,2.39713,2.68195,425,2095100,0.118259,0.08,1,55055,54630,425
3870701,2.07943,0.53639,427,2096560,0.0796518,0.08,1,55057,54630,427
3872961,2.01589,0.107278,429,2098020,0.0479304,0,1,55059,54630,429
3875881,2.00318,6.42146,423,2099480,0.00958607,0,1,55061,54638,423
3878161,2.00064,1.28429,425,2100940,0.00191721,0.08,1,55063,54638,425
3880241,3.60013,5.85686,422,2102400,0.0883834,0,1,55067,54645,422
3883161,36.72,37.1714,422,2103860,0.0176767,0,1,55112,54690,422
3886081,8.944,7.43427,424,2105320,0.00353534,0,1,55114,54690,424
3889001,3.3888,1.48685,426,2106780,0.000707067,0,1,55116,54690,426
3891921,2.27776,0.297371,428,2108240,0.000141413,0,1,55118,54690,428
3894841,2.05555,0.0594742,430,2109700,2.82827e-05,0,1,55120,54690,430
3897761,2.01111,0.0118948,432,2111160,5.65654e-06,0,1,55122,54690,432
3899381,2.00222,0.00237897,434,2112620,1.13131e-06,0.2,1,55124,54690,434
3902301,2.00044,10.4005,423,2114080,2.26262e-07,0.2,1,55126,54703,423
3905201,2.00009,2.0801,425,2115540,4.52523e-08,0.04,1,55128,54703,425
3908121,15.6,18.016,422,2117000,0.032,0.04,1,55147,54725,422
3911041,4.72,3.6032,424,2118460,0.0784,0.04,1,55149,54725,424
3913961,2.544,0.720641,426,2119920,0.13568,0.04,1,55151,54725,426
3915601,1.3088,0.144128,427,2121380,0.131136,0,1,55152,54725,427
3918521,1.86176,5.62883,422,2122840,0.0902272,0,1,55154,54732,422
3920181,7.57235,1.12577,431,2124300,0.0180454,0.06,1,55163,54732,431
3923101,4.71447,6.62515,427,2125760,0.00360909,0.06,1,55167,54740,427
3924961,2.54289,1.32503,429,2127220,0.000721817,0.16,1,55169,54740,429
3927881,34.9086,33.865,430,2128680,0.000144363,0.16,1,55212,54782,430
3930161,8.58172,6.773,432,2130140,0.144029,0,1,55214,54782,432
3932241,4.11634,8.5546,426,2131600,0.124806,0.09,1,55217,54791,426
3935161,8.02327,8.91092,426,2133060,0.152961,0.09,1,55226,54800,426
3938081,3.20465,1.78218,428,2134520,0.126592,0.09,1,55228,54800,428
3940981,19.0409,0.356437,451,2135980,0.137318,0.22,1,55251,54800,451
3943901,5.40819,21.6713,426,2137440,0.107464,0.22,1,55253,54827,426
3946821,2.68164,4.33426,428,2138900,0.0694927,0.22,1,55255,54827,428
3949301,6.93633,0.866851,436,2140360,0.0618986,0.17,1,55263,54827,436
3952221,2.98727,12.1734,423,2141820,0.10038,0.17,1,55265,54842,423
3955141,2.19745,2.43467,425,2143280,0.0680759,0.17,1,55267,54842,425
3958061,2.03949,0.486935,427,2144740,0.133615,0.17,1,55269,54842,427
3960741,3.6079,0.0973869,431,2146200,0.090723,0,1,55273,54842,431
3963661,3.92158,7.21948,426,2147660,0.0901446,0,1,55277,54851,426
3965941,7.18432,1.4439,434,2149120,0.0660289,0.17,1,55285,54851,434
3968861,3.03686,10.6888,423,2150580,0.0852058,0.17,1,55287,54864,423
3971781,2.20737,2.13776,425,2152040,0.0650412,0.17,1,55289,54864,425
3973841,2.04147,0.427551,427,2153500,0.0290082,0,1,55291,54864,427
3976761,124.408,128.086,422,2154960,0.0218016,0,1,55446,55024,422
3979681,26.4817,25.6171,424,2156420,0.00436033,0,1,55448,55024,424
3982601,6.89633,5.12342,426,2157880,0.000872066,0,1,55450,55024,426
3985281,2.97927,1.02468,428,2159340,0.000174413,0.1,1,55452,55024,428
3987361,6.19585,10.6049,422,2160800,3.48826e-05,0,1,55459,55037,422
3990281,10.0392,7.72099,426,2162260,0.064007,0,1,55470,55044,426
3991941,6.80783,1.5442,432,2163720,0.0128014,0.14,1,55476,55044,432
3994861,4.56157,8.30884,426,2165180,0.13856,0.14,1,55480,55054,426
3997141,3.31231,1.66177,429,2166640,0.115712,0.02,1,55483,55054,429
4000061,2.26246,5.13235,425,2168100,0.0791424,0.02,1,55485,55060,425
4002981,2.05249,1.02647,427,2169560,0.0398285,0.02,1,55487,55060,427
4005461,2.0105,0.205294,429,2171020,0.0479657,0.14,1,55489,55060,429
4008381,2.0021,4.04106,426,2172480,0.0255931,0.14,1,55491,55065,426
4010661,2.00042,0.808212,428,2173940,0.00511863,0.14,1,55493,55065,428
4012741,43.6001,4.96164,476,2175400,0.00102373,0,1,55547,55071,476
4015661,10.32,44.9923,423,2176860,0.000204745,0,1,55549,55126,423
4018581,3.664,8.99847,425,2178320,4.0949e-05,0,1,55551,55126,425
4021501,2.3328,1.79969,427,2179780,8.1898e-06,0,1,55553,55126,427
4024421,2.06656,0.359939,429,2181240,1.63796e-06,0,1,55555,55126,429
4027341,2.01331,0.0719877,431,2182700,3.27592e-07,0,1,55557,55126,431
4030001,2.00266,0.0143975,433,2184160,6.55184e-08,0.22,1,55559,55126,433
4032921,2.00053,9.60288,423,2185620,1.31037e-08,0.22,1,55561,55138,423
4035841,2.00011,1.92058,425,2187080,2.62074e-09,0.22,1,55563,55138,425
4037701,17.2,0.384115,446,2188540,0.072,0,1,55584,55138,446
4040621,5.04,20.0768,423,2190000,0.1264,0,1,55586,55163,423
4043541,2.608,4.01536,425,2191460,0.11328,0,1,55588,55163,425
4046461,2.1216,0.803073,427,2192920,0.086656,0,1,55590,55163,427
4048721,2.02432,0.160615,429,2194380,0.0493312,0,1,55592,55163,429
4051641,6.00486,4.03212,431,2195840,0.00986624,0,1,55599,55168,431
4053921,2.80097,0.806425,433,2197300,0.00197325,0.24,1,55601,55168,433
4056001,3.76019,4.96129,431,2198760,0.00039465,0.06,1,55605,55174,431
4058921,32.752,37.7923,425,2200220,0.0960789,0.06,1,55645,55220,425
4061841,8.15041,7.55845,427,2201680,0.0832158,0.06,1,55647,55220,427
4064741,9.63008,1.51169,437,2203140,0.0886432,0.1,1,55657,55220,437
4067661,3.52602,7.50234,430,2204600,0.0657286,0.1,1,55659,55229,430
4069941,18.3052,1.50047,452,2206060,0.0611457,0.15,1,55681,55229,452
4072861,5.26104,23.5001,425,2207520,0.156229,0.15,1,55683,55258,425
4075781,2.65221,4.70002,427,2208980,0.151246,0.15,1,55685,55258,427
4077841,2.13044,0.940004,429,2210440,0.110249,0.15,1,55687,55258,429
4080761,6.02609,8.988,425,2211900,0.11805,0.15,1,55694,55269,425
4083681,2.80522,1.7976,427,2213360,0.08761,0.15,1,55696,55269,427
4086161,2.16104,0.35952,429,2214820,0.089522,0.13,1,55698,55269,429
4089081,2.03221,4.8719,425,2216280,0.169904,0.13,1,55700,55275,425
4091361,2.00644,0.974381,427,2217740,0.145981,0.08,1,55702,55275,427
4094281,3.60129,7.39488,422,2219200,0.0771962,0.08,1,55706,55284,422
4095941,12.7203,1.47898,437,2220660,0.0714392,0.08,1,55721,55284,437
4098861,4.14405,13.0958,423,2222120,0.0462878,0.08,1,55723,55300,423
4101781,2.42881,2.61916,425,2223580,0.00925757,0.08,1,55725,55300,425
4104701,2.08576,0.523832,427,2225040,0.129852,0.08,1,55727,55300,427
4106341,120.417,0.104766,577,2226500,0.0819703,0,1,55877,55300,577
4109261,25.6834,124.821,423,2227960,0.0483941,0,1,55879,55456,423
4112181,6.73669,24.9642,425,2229420,0.00967881,0,1,55881,55456,425
4115101,2.94734,4.99284,427,2230880,0.00193576,0,1,55883,55456,427
4117781,12.5895,0.998567,442,2232340,0.0963872,0.1,1,55898,55456,442
4119861,4.11789,10.5997,431,2233800,0.0832774,0,1,55900,55469,431
4122561,2.42358,8.51994,425,2235260,0.0486555,0.03,1,55902,55477,425
4125481,8.48472,9.70399,425,2236720,0.0097311,0.03,1,55912,55487,425
4128401,3.29694,1.9408,427,2238180,0.0979462,0.03,1,55914,55487,427
4130881,2.25939,0.388159,429,2239640,0.0835892,0.13,1,55916,55487,429
4133801,4.45188,9.67763,422,2241100,0.152718,0.13,1,55921,55499,422
4136721,2.49038,1.93553,424,2242560,0.134544,0.13,1,55923,55499,424
4139641,2.09808,0.387105,426,2244020,0.122909,0.13,1,55925,55499,426
4141281,1.21962,0.077421,427,2245480,0.104582,0,1,55926,55499,427
4144201,41.0439,44.8155,422,2246940,0.0209163,0,1,55977,55555,422
4147121,9.80878,8.9631,424,2248400,0.00418327,0,1,55979,55555,424
4150041,3.56176,1.79262,426,2249860,0.000836654,0,1,55981,55555,426
4151681,1.51235,0.358524,427,2251320,0.000167331,0.12,1,55982,55555,427
4154601,5.90247,9.67171,422,2252780,3.34661e-05,0.12,1,55989,55567,422
4157521,2.78049,1.93434,424,2254240,6.69323e-06,0.12,1,55991,55567,424
4160441,2.1561,0.386868,426,2255700,1.33865e-06,0.12,1,55993,55567,426
4163361,2.03122,0.0773736,428,2257160,2.67729e-07,0.12,1,55995,55567,428
4166241,2.00624,0.0154747,430,2258620,0.112,0,1,55997,55567,430
4169161,18.8012,24.8031,422,2260080,0.0944,0,1,56020,55598,422
4172081,5.36025,4.96062,424,2261540,0.05888,0,1,56022,55598,424
4175001,2.67205,0.992124,426,2263000,0.083776,0,1,56024,55598,426
4177921,2.13441,0.198425,428,2264460,0.0647552,0,1,56026,55598,428
4179761,1.22688,0.0396849,429,2265920,0.044951,0.18,1,56027,55598,429
4182681,5.04538,8.80794,424,2267380,0.00899021,0.18,1,56033,55609,424
4185601,2.60908,1.76159,426,2268840,0.00179804,0.18,1,56035,55609,426
4188501,37.3218,0.352317,472,2270300,0.18436,0.06,1,56081,55609,472
4191421,9.06436,40.0705,424,2271760,0.188872,0.06,1,56083,55659,424
4194341,3.41287,8.01409,426,2273220,0.157774,0.06,1,56085,55659,426
4196821,8.68257,1.60282,436,2274680,0.199555,0.19,1,56095,55659,436
4198481,2.53651,9.92056,425,2276140,0.191911,0.08,1,56096,55671,425
4201401,14.1073,15.5841,425,2277600,0.174382,0.08,1,56113,55688,425
4204321,4.42146,3.11682,427,2279060,0.138876,0.08,1,56115,55688,427
4207241,2.48429,0.623364,429,2280520,0.147775,0.08,1,56117,55688,429
4208881,1.29686,0.124673,430,2281980,0.133555,0.19,1,56118,55688,430
4211801,7.45937,9.62493,427,2283440,0.226711,0.19,1,56127,55700,427
4214721,3.09187,1.92499,429,2284900,0.213342,0.19,1,56129,55700,429
4217201,2.21837,0.384997,431,2286360,0.202668,0.12,1,56131,55700,431
4220121,2.04367,2.477,430,2287820,0.224534,0.12,1,56133,55703,430
4222401,2.00873,0.4954,432,2289280,0.196907,0.18,1,56135,55703,432
4224481,2.80175,9.69908,423,2290740,0.151381,0.13,1,56138,55715,423
4227401,10.1603,12.3398,422,2292200,0.182276,0.13,1,56150,55728,422
4230321,3.63207,2.46796,424,2293660,0.228455,0.13,1,56152,55728,424
4233241,2.32641,0.493593,426,2295120,0.261691,0.13,1,56154,55728,426
4234881,1.26528,0.0987185,427,2296580,0.260338,0,1,56155,55728,427
4237801,122.653,126.42,422,2298040,0.0520676,0,1,56308,55886,422
4240721,26.1306,25.2839,424,2299500,0.0904135,0,1,56310,55886,424
4243641,6.82612,5.05679,426,2300960,0.0660827,0,1,56312,55886,426
4245281,2.16522,1.01136,427,2302420,0.0452165,0,1,56313,55886,427
4248201,15.633,17.0023,425,2303880,0.0250433,0,1,56332,55907,425
4251121,4.72661,3.40045,427,2305340,0.00500866,0,1,56334,55907,427
4253601,2.54532,0.680091,429,2306800,0.00100173,0.12,1,56336,55907,429
4255681,5.30906,5.73602,428,2308260,0.000200346,0.03,1,56342,55914,428
4258601,9.06181,13.9472,422,2309720,0.0320401,0.03,1,56352,55930,422
4261521,3.41236,2.78944,424,2311180,0.062408,0.03,1,56354,55930,424
4264441,2.28247,0.557888,426,2312640,0.132482,0.03,1,56356,55930,426
4267361,2.05649,0.111578,428,2314100,0.114496,0.03,1,56358,55930,428
4270281,2.0113,0.0223155,430,2315560,0.0868993,0.03,1,56360,55930,430
4272321,2.00226,0.0044631,432,2317020,0.0493799,0,1,56362,55930,432
4275241,37.2005,44.8009,422,2318480,0.00987597,0,1,56408,55986,422
4278161,9.04009,8.96018,424,2319940,0.00197519,0,1,56410,55986,424
4281081,3.40802,1.79204,426,2321400,0.000395039,0,1,56412,55986,426
4282721,1.4816,0.358407,427,2322860,7.90077e-05,0.02,1,56413,55986,427
4285641,9.89632,13.6717,422,2324320,1.58015e-05,0.02,1,56425,56003,422
4288561,3.57926,2.73434,424,2325780,3.16031e-06,0.02,1,56427,56003,424
4291481,2.31585,0.546867,426,2327240,6.32062e-07,0.02,1,56429,56003,426
4294401,2.06317,0.109373,428,2328700,1.26412e-07,0.02,1,56431,56003,428
4297281,2.01263,0.0218747,430,2330160,2.52825e-08,0,1,56433,56003,430
4300201,17.2025,23.2044,422,2331620,0.016,0,1,56454,56032,422
4303121,5.04051,4.64087,424,2333080,0.0032,0,1,56456,56032,424
4306041,2.6081,0.928175,426,2334540,0.00064,0,1,56458,56032,426
4308961,2.12162,0.185635,428,2336000,0.000128,0,1,56460,56032,428
4310801,1.22432,0.037127,429,2337460,0.0880256,0.21,1,56461,56032,429
4313721,5.04486,10.4074,422,2338920,0.0176051,0.21,1,56467,56045,422
4316001,2.60897,2.08149,424,2340380,0.00352102,0.19,1,56469,56045,424
4318921,36.5218,30.8163,431,2341840,0.0967042,0.19,1,56514,56083,431
4320581,8.10436,6.16326,432,2343300,0.0993408,0.24,1,56515,56083,432
4323501,3.22087,9.23265,424,2344760,0.0678682,0.24,1,56517,56093,424
4325361,1.44417,1.84653,425,2346220,0.0455736,0.23,1,56518,56093,425
4328281,13.0888,9.96931,429,2347680,0.0891147,0.23,1,56534,56105,429
4330981,13.0178,1.99386,442,2349140,0.145823,0.16,1,56547,56105,442
4333901,4.20355,9.19877,433,2350600,0.149165,0.16,1,56549,56116,433
4336181,4.04071,1.83975,437,2352060,0.0858329,0.07,1,56553,56116,437
4339101,2.40814,4.36795,434,2353520,0.0411666,0.07,1,56555,56121,434
4341381,2.08163,0.87359,436,2354980,0.00823332,0.23,1,56557,56121,436
4343461,6.81633,5.77472,437,2356440,0.121647,0.19,1,56565,56128,437
4346381,2.96327,6.75494,432,2357900,0.136329,0.19,1,56567,56135,432
4349301,2.19265,1.35099,434,2359360,0.115266,0.19,1,56569,56135,434
4351781,5.23853,0.270198,440,2360820,0.0230532,0.21,1,56575,56135,440
4354701,2.64771,5.65404,435,2362280,0.140611,0.21,1,56577,56142,435
4356981,5.32954,1.13081,441,2363740,0.164122,0.29,1,56583,56142,441
4359901,2.66591,9.02616,432,2365200,0.136824,0.29,1,56585,56153,432
4362181,2.13318,1.80523,434,2366660,0.107365,0.29,1,56587,56153,434
4365101,2.02664,3.56105,432,2368120,0.125473,0.29,1,56589,56157,432
4367381,118.005,0.712209,579,2369580,0.0890946,0,1,56736,56157,579
4370301,25.2011,126.542,423,2371040,0.137819,0,1,56738,56315,423
4373221,6.64021,25.3085,425,2372500,0.115564,0,1,56740,56315,425
4376141,2.92804,5.0617,427,2373960,0.0871128,0,1,56742,56315,427
4377781,15.7856,1.01234,446,2375420,0.0174225,0,1,56761,56315,446
4380701,4.75712,17.0025,427,2376880,0.00348451,0,1,56763,56336,427
4382981,2.55142,3.40049,429,2378340,0.000696902,0.14,1,56765,56336,429
4385901,2.11028,6.2801,424,2379800,0.00013938,0.14,1,56767,56343,424
4388181,8.42206,1.25602,434,2381260,0.0800279,0.07,1,56777,56343,434
4390261,9.68441,9.0512,433,2382720,0.0640056,0.03,1,56787,56354,433
4393181,3.53688,11.4102,423,2384180,0.0288011,0.03,1,56789,56366,423
4396101,2.30738,2.28205,425,2385640,0.00576022,0.03,1,56791,56366,425
4399021,2.06148,0.45641,427,2387100,0.105152,0.03,1,56793,56366,427
4401941,2.0123,0.0912819,429,2388560,0.0930304,0.03,1,56795,56366,429
4404821,29.2025,0.0182564,465,2390020,0.0186061,0,1,56831,56366,465
4406901,17.8405,35.2037,436,2391480,0.00372122,0,1,56846,56410,436
4409821,5.1681,19.0407,423,2392940,0.0327442,0,1,56848,56425,423
4412741,2.63362,3.80815,425,2394400,0.00654885,0,1,56850,56425,425
4415221,5.32672,0.761629,431,2395860,0.00130977,0.1,1,56856,56425,431
4418141,2.66534,8.15233,423,2397320,0.000261954,0.1,1,56858,56435,423
4421061,2.13307,1.63047,425,2398780,5.23908e-05,0.1,1,56860,56435,425
4423981,2.02661,0.326093,427,2400240,0.0320105,0.1,1,56862,56435,427
4426901,2.00532,0.0652186,429,2401700,0.0064021,0.1,1,56864,56435,429
4429781,13.2011,0.0130437,445,2403160,0.00128042,0,1,56880,56435,445
4432701,4.24021,19.2026,423,2404620,0.128256,0,1,56882,56459,423
4435621,2.44804,3.84052,425,2406080,0.121651,0,1,56884,56459,425
4438101,6.88961,0.768104,433,2407540,0.0243302,0.08,1,56892,56459,433
4441021,2.97792,9.75362,423,2409000,0.00486605,0.08,1,56894,56471,423
4443941,2.19558,1.95072,425,2410460,0.0489732,0.08,1,56896,56471,425
4446861,2.03912,0.390145,427,2411920,0.0497946,0.08,1,56898,56471,427
4448501,36.4078,0.078029,472,2413380,0.0979589,0,1,56943,56471,472
4451421,8.88156,39.2156,425,2414840,0.0755918,0,1,56945,56520,425
4454341,3.37631,7.84312,427,2416300,0.167118,0,1,56947,56520,427
4456401,2.27526,1.56862,429,2417760,0.153424,0.13,1,56949,56520,429
4458481,14.8551,13.9137,430,2419220,0.166685,0.07,1,56967,56537,430
4461401,13.371,15.5827,427,2420680,0.137337,0.07,1,56980,56553,427
4464321,4.2742,3.11655,429,2422140,0.107467,0.07,1,56982,56553,429
4466181,4.05484,0.62331,433,2423600,0.149493,0.15,1,56986,56553,433
4469101,2.41097,9.72466,423,2425060,0.133899,0.15,1,56988,56565,423
4472001,2.08219,1.94493,425,2426520,0.10678,0.07,1,56990,56565,425
4474921,6.81644,5.18899,427,2427980,0.0533559,0.07,1,56998,56571,427
4477841,2.96329,1.0378,429,2429440,0.0986712,0.07,1,57000,56571,429
4480321,2.19266,0.207559,431,2430900,0.0837342,0.15,1,57002,56571,431
4483241,2.03853,5.64151,426,2432360,0.0487468,0.15,1,57004,56578,426
4485521,2.00771,1.1283,428,2433820,0.00974937,0.15,1,57006,56578,428
4488441,6.00154,8.22566,425,2435280,0.0179499,0.15,1,57013,56588,425
4491361,2.80031,1.64513,427,2436740,0.00358997,0.15,1,57015,56588,427
4494261,3.76006,0.329026,431,2438200,0.048718,0.15,1,57019,56588,431
4495921,1.55201,8.06581,422,2439660,0.0417436,0.1,1,57020,56598,422
4498841,114.71,116.013,422,2441120,0.120349,0.1,1,57163,56741,422
4501761,24.5421,23.2026,424,2442580,0.10407,0.1,1,57165,56741,424
4504241,6.50842,4.64053,426,2444040,0.0688139,0.04,1,57167,56741,426
4506321,9.30168,12.1281,422,2445500,0.0137628,0,1,57177,56755,422
4509241,14.6603,12.0256,426,2446960,0.00275256,0,1,57193,56767,426
4512161,4.53207,2.40512,428,2448420,0.000550511,0,1,57195,56767,428
4515061,8.10641,0.481025,437,2449880,0.000110102,0.08,1,57204,56767,437
4517981,4.82128,12.0962,426,2451340,2.20205e-05,0.08,1,57208,56782,426
4520261,5.76426,2.41924,432,2452800,4.40409e-06,0.13,1,57214,56782,432
4523181,2.75285,9.28385,423,2454260,0.0320009,0.13,1,57216,56793,423
4526101,2.15057,1.85677,425,2455720,0.1264,0.13,1,57218,56793,425
4528581,6.83011,0.371354,433,2457180,0.08928,0.08,1,57226,56793,433
4531501,2.96602,9.67427,423,2458640,0.049856,0.08,1,57228,56805,423
4533781,24.5932,1.93485,453,2460100,0.0099712,0,1,57258,56805,453
4535441,5.71864,25.987,422,2461560,0.00199424,0,1,57259,56837,422
4538361,11.5437,15.5974,422,2463020,0.0163988,0,1,57272,56850,422
4540641,3.90875,3.11948,424,2464480,0.00327977,0,1,57274,56850,424
4543561,3.98175,5.4239,422,2465940,0.000655954,0,1,57278,56856,422
4545221,11.1964,1.08478,435,2467400,0.0481312,0,1,57291,56856,435
4548141,3.83927,11.417,423,2468860,0.0256262,0,1,57293,56870,423
4551061,2.36785,2.28339,425,2470320,0.00512525,0,1,57295,56870,425
4553981,2.07357,0.456678,427,2471780,0.00102505,0,1,57297,56870,427
4556901,2.01471,0.0913356,429,2473240,0.00020501,0,1,57299,56870,429
4558741,5.20294,0.0182671,435,2474700,4.1002e-05,0.12,1,57305,56870,435
4561661,2.64059,11.2037,423,2476160,8.20039e-06,0.12,1,57307,56884,423
4563521,1.32812,2.24073,424,2477620,1.64008e-06,0,1,57308,56884,424
4566441,6.66562,8.44815,422,2479080,0.0320003,0,1,57316,56894,422
4568721,2.93312,1.68963,424,2480540,0.00640007,0.09,1,57318,56894,424
4571641,2.98662,4.33793,422,2482000,0.06528,0.09,1,57321,56899,422
4574561,2.19732,0.867585,424,2483460,0.045056,0.09,1,57323,56899,424
4577041,2.03946,0.173517,426,2484920,0.0090112,0.19,1,57325,56899,426
4579961,40.4079,43.2347,422,2486380,0.0498022,0.19,1,57375,56953,422
4582881,9.68158,8.64694,424,2487840,0.17796,0.19,1,57377,56953,424
4585801,3.53632,1.72939,426,2489300,0.179592,0.19,1,57379,56953,426
4587441,1.50726,0.345878,427,2490760,0.163918,0.17,1,57380,56953,427
4589521,15.5015,15.2692,427,2492220,0.200784,0.16,1,57399,56972,427
4592441,10.3003,14.2538,422,2493680,0.128157,0.16,1,57408,56986,422
4594721,3.66006,2.85077,424,2495140,0.0896313,0.04,1,57410,56986,424
4597641,8.73201,10.1702,422,2496600,0.0579263,0.04,1,57420,56998,422
4600561,3.3464,2.03403,424,2498060,0.0115853,0.04,1,57422,56998,424
4603041,2.26928,0.406806,426,2499520,0.00231705,0.02,1,57424,56998,426
4605961,9.25386,12.0814,422,2500980,0.0324634,0.02,1,57435,57013,422
4608881,3.45077,2.41627,424,2502440,0.00649268,0.02,1,57437,57013,424
4611801,2.29015,0.483254,426,2503900,0.105299,0.02,1,57439,57013,426
4614721,2.05803,0.0966509,428,2505360,0.10906,0.02,1,57441,57013,428
4616561,1.21161,0.0193302,429,2506820,0.0938119,0.19,1,57442,57013,429
4619481,7.44232,12.8039,422,2508280,0.0507624,0.19,1,57451,57029,422
4622401,3.08846,2.56077,424,2509740,0.0821525,0.19,1,57453,57029,424
4625321,2.21769,0.512155,426,2511200,0.0644305,0.19,1,57455,57029,426
4626961,1.24354,0.102431,427,2512660,0.0448861,0.1,1,57456,57029,427
4629881,110.649,114.42,422,2514120,0.00897722,0.1,1,57594,57172,422
4632801,23.7297,22.8841,424,2515580,0.00179544,0.1,1,57596,57172,424
4635281,6.34595,4.57682,426,2517040,0.000359089,0,1,57598,57172,426
4637361,4.46919,7.31536,422,2518500,0.208072,0,1,57602,57180,422
4640281,20.0938,20.6631,422,2519960,0.0416144,0,1,57626,57204,422
4642561,5.61877,4.13261,424,2521420,0.00832287,0,1,57628,57204,424
4645481,8.32375,8.82652,423,2522880,0.00166457,0,1,57637,57214,423
4648401,3.26475,1.7653,425,2524340,0.000332915,0,1,57639,57214,425
4650261,8.65295,0.353061,435,2525800,6.6583e-05,0.04,1,57649,57214,435
4653181,3.33059,11.2706,423,2527260,0.0480133,0.04,1,57651,57228,423
4656101,2.26612,2.25412,425,2528720,0.0256027,0.04,1,57653,57228,425
4659021,2.05322,0.450824,427,2530180,0.133121,0.04,1,57655,57228,427
4660661,1.21064,0.0901649,428,2531640,0.138624,0.04,1,57656,57228,428
4662321,1.04213,2.41803,426,2533100,0.123725,0,1,57657,57231,426
4665241,20.2084,23.6836,422,2534560,0.024745,0,1,57682,57260,422
4667941,18.4417,4.73672,440,2536020,0.00494899,0,1,57700,57260,440
4670861,5.28834,16.1473,423,2537480,0.000989798,0,1,57702,57279,423
4673761,2.65767,3.22947,425,2538940,0.00019796,0,1,57704,57279,425
4676681,13.3315,15.8459,422,2540400,0.0480396,0,1,57720,57298,422
4679601,4.26631,3.16918,424,2541860,0.0256079,0,1,57722,57298,424
4682521,2.45326,0.633836,426,2543320,0.00512158,0,1,57724,57298,426
4684161,1.29065,0.126767,427,2544780,0.00102432,0,1,57725,57298,427
4687081,1.85813,5.62535,422,2546240,0.000204863,0,1,57727,57305,422
4688741,3.57163,1.12507,426,2547700,4.09727e-05,0.12,1,57731,57305,426
4691661,2.31433,4.22501,423,2549160,8.19453e-06,0.12,1,57733,57310,423
4694561,2.06287,0.845003,425,2550620,1.63891e-06,0.06,1,57735,57310,425
4697481,13.2126,15.369,422,2552080,0.0320003,0.06,1,57751,57329,422
4700401,4.24251,3.0738,424,2553540,0.0944001,0.06,1,57753,57329,424
4703321,2.4485,0.61476,426,2555000,0.08288,0.06,1,57755,57329,426
4706241,2.0897,0.122952,428,2556460,0.048576,0.06,1,57757,57329,428
4708081,1.21794,0.0245904,429,2557920,0.0257152,0.1,1,57758,57329,429
4711001,39.4436,43.2049,424,2559380,0.093143,0.1,1,57807,57383,424
4713921,9.48872,8.64098,426,2560840,0.0746286,0.1,1,57809,57383,426
4716841,3.49774,1.7282,428,2562300,0.0469257,0.1,1,57811,57383,428
4718481,1.49955,0.345639,429,2563760,0.0253851,0.17,1,57812,57383,429
4720561,16.2999,17.6691,427,2565220,0.173077,0.11,1,57832,57405,427
4723481,13.66,13.1338,428,2566680,0.130615,0.11,1,57845,57417,428
4725761,4.332,2.62677,430,2568140,0.0901231,0.17,1,57847,57417,430
4728681,4.0664,9.32535,423,2569600,0.0980246,0.17,1,57851,57428,423
4731601,2.41328,1.86507,425,2571060,0.0836049,0.17,1,57853,57428,425
4734081,2.08266,0.373014,427,2572520,0.048721,0.13,1,57855,57428,427
4737001,5.21653,8.8746,422,2573980,0.105744,0.13,1,57861,57439,422
4739281,2.64331,1.77492,424,2575440,0.141149,0.02,1,57863,57439,424
4742201,5.32866,5.95498,423,2576900,0.18823,0.02,1,57869,57446,423
4745121,2.66573,1.191,425,2578360,0.165646,0.02,1,57871,57446,425
4747601,2.13315,0.238199,427,2579820,0.145129,0.06,1,57873,57446,427
4750521,7.62663,11.2476,422,2581280,0.133026,0.06,1,57882,57460,422
4753441,3.12533,2.24953,424,2582740,0.0986052,0.06,1,57884,57460,424
4756361,2.22507,0.449906,426,2584200,0.155721,0.06,1,57886,57460,426
4758001,1.24501,0.0899811,427,2585660,0.151144,0.16,1,57887,57460,427
4760921,113.849,117.618,422,2587120,0.0302288,0.16,1,58029,57607,422
4763841,24.3698,23.5236,424,2588580,0.00604577,0.16,1,58031,57607,424
4766761,6.47396,4.70472,426,2590040,0.129209,0.16,1,58033,57607,426
4768401,2.09479,0.940944,427,2591500,0.137842,0,1,58034,57607,427
4771321,22.019,25.7882,422,2592960,0.0275684,0,1,58061,57639,422
4774241,6.00379,5.15764,424,2594420,0.0535137,0,1,58063,57639,424
4777141,10.0008,1.03153,435,2595880,0.0107027,0.08,1,58074,57639,435
4780061,3.60015,9.00631,426,2597340,0.00214055,0.08,1,58076,57650,426
4782341,3.92003,1.80126,430,2598800,0.0484281,0.1,1,58080,57650,430
4785261,2.38401,6.76025,424,2600260,0.0256856,0.1,1,58082,57658,424
4788181,2.0768,1.35205,426,2601720,0.117137,0.1,1,58084,57658,426
4791101,2.01536,0.27041,428,2603180,0.103427,0.1,1,58086,57658,428
4793361,2.00307,0.054082,430,2604640,0.0686855,0,1,58088,57658,430
4795441,21.2006,27.2108,422,2606100,0.0137371,0,1,58114,57692,422
4798361,15.4401,16.6422,422,2607560,0.00274742,0,1,58128,57706,422
4801281,4.68802,3.32843,424,2609020,0.000549484,0,1,58130,57706,424
4804201,2.5376,0.665686,426,2610480,0.000109897,0,1,58132,57706,426
4806261,15.7075,0.133137,445,2611940,2.19793e-05,0,1,58151,57706,445
4809181,4.7415,19.2266,423,2613400,4.39587e-06,0,1,58153,57730,423
4812101,2.5483,3.84533,425,2614860,8.79174e-07,0,1,58155,57730,425
4815021,2.10966,0.769065,427,2616320,1.75835e-07,0,1,58157,57730,427
4817281,2.02193,0.153813,429,2617780,3.51669e-08,0.16,1,58159,57730,429
4820201,5.20439,8.83076,424,2619240,7.03339e-09,0.16,1,58165,57741,424
4823121,2.64088,1.76615,426,2620700,1.40668e-09,0.16,1,58167,57741,426
4825601,2.12818,0.35323,428,2622160,2.81336e-10,0.08,1,58169,57741,428
4828521,7.62564,11.2706,423,2623620,0.112,0.08,1,58178,57755,423
4830801,3.12513,2.25413,425,2625080,0.1024,0.05,1,58180,57755,425
4833721,4.62503,6.85083,422,2626540,0.02048,0.05,1,58185,57763,422
4836641,2.52501,1.37017,424,2628000,0.004096,0.05,1,58187,57763,424
4839121,2.105,0.274033,426,2629460,0.0008192,0.18,1,58189,57763,426
4842041,42.021,42.4548,425,2630920,0.0961638,0.18,1,58241,57816,425
4844961,10.0042,8.49096,427,2632380,0.0832328,0.18,1,58243,57816,427
4847881,3.60084,1.69819,429,2633840,0.0486466,0.18,1,58245,57816,429
4849521,1.52017,0.339638,430,2635300,0.0257293,0.1,1,58246,57816,430
4851601,15.504,16.8679,428,2636760,0.173146,0.1,1,58265,57837,428
4854521,14.3008,14.5736,428,2638220,0.178629,0.1,1,58279,57851,428
4856801,4.46016,2.91472,430,2639680,0.147726,0,1,58281,57851,430
4859721,4.09203,6.18294,427,2641140,0.189545,0,1,58285,57858,427
4862641,3.21841,1.23659,430,2642600,0.149909,0,1,58288,57858,430
4865121,2.24368,0.247318,432,2644060,0.117982,0.11,1,58290,57858,432
4868041,2.04874,5.64946,427,2645520,0.0875964,0.11,1,58292,57865,427
4870321,2.00975,1.12989,429,2646980,0.105519,0.11,1,58294,57865,429
4873241,6.00195,7.42598,427,2648440,0.0691039,0.11,1,58301,57874,427
4876161,2.80039,1.4852,429,2649900,0.101821,0.11,1,58303,57874,429
4878641,2.16008,0.297039,431,2651360,0.0843642,0.11,1,58305,57874,431
4880721,2.03202,7.25941,424,2652820,0.200873,0.07,1,58307,57883,424
4883641,6.8064,9.45188,422,2654280,0.112175,0.07,1,58315,57893,422
4886561,2.96128,1.89038,424,2655740,0.0624349,0.07,1,58317,57893,424
4889041,2.19226,0.378075,426,2657200,0.156487,0.15,1,58319,57893,426
4891961,113.238,116.076,422,2658660,0.0312974,0.15,1,58460,58038,422
4894881,24.2477,23.2151,424,2660120,0.150259,0.15,1,58462,58038,424
4897801,6.44954,4.64302,426,2661580,0.142052,0.15,1,58464,58038,426
4899441,2.08991,0.928605,427,2663040,0.12441,0,1,58465,58038,427
4902361,21.218,24.9857,422,2664500,0.0408821,0,1,58491,58069,422
4904641,5.8436,4.99714,424,2665960,0.00817641,0.06,1,58493,58069,424
4907561,8.36872,9.79943,422,2667420,0.00163528,0.06,1,58502,58080,422
4910481,3.27374,1.95989,424,2668880,0.000327057,0.06,1,58504,58080,424
4912341,5.45475,0.391977,430,2670340,0.0720654,0.04,1,58510,58080,430
4915261,2.69095,7.2784,423,2671800,0.0624131,0.04,1,58512,58089,423
4918181,2.13819,1.45568,425,2673260,0.0284826,0.04,1,58514,58089,425
4921101,2.02764,0.291136,427,2674720,0.00569652,0.04,1,58516,58089,427
4924021,2.00553,0.0582272,429,2676180,0.0011393,0.04,1,58518,58089,429
4925861,21.2011,0.0116454,455,2677640,0.000227861,0,1,58544,58089,455
4927941,11.4402,27.2023,430,2679100,4.55722e-05,0,1,58553,58123,430
4930861,3.88804,12.6405,423,2680560,9.11443e-06,0,1,58555,58132,423
4933141,2.37761,2.52809,425,2682020,1.82289e-06,0.01,1,58557,58132,425
4934801,1.27552,2.10562,424,2683480,3.64577e-07,0,1,58558,58134,424
4937721,20.2551,22.0211,422,2684940,7.29155e-08,0,1,58583,58161,422
4940641,5.65102,4.40422,424,2686400,1.45831e-08,0,1,58585,58161,424
4943561,2.7302,0.880845,426,2687860,2.91662e-09,0,1,58587,58161,426
4946481,2.14604,0.176169,428,2689320,5.83324e-10,0,1,58589,58161,428
4948321,1.22921,0.0352338,429,2690780,1.16665e-10,0,1,58590,58161,429
4950401,3.44584,4.80705,427,2692240,2.33329e-11,0.1,1,58594,58167,427
4953321,7.08917,11.3614,422,2693700,4.66659e-12,0.1,1,58602,58180,422
4956241,3.01783,2.27228,424,2695160,9.33318e-13,0.1,1,58604,58180,424
4958721,2.20357,0.454456,426,2696620,0.128,0.1,1,58606,58180,426
4961641,6.04071,8.09089,423,2698080,0.0656,0.1,1,58613,58190,423
4964561,2.80814,1.61818,425,2699540,0.01312,0.1,1,58615,58190,425
4967481,2.16163,0.323636,427,2701000,0.066624,0.1,1,58617,58190,427
4970161,2.03233,0.0647271,429,2702460,0.0453248,0.14,1,58619,58190,429
4973081,49.2065,50.4129,427,2703920,0.097065,0.14,1,58680,58253,427
4976001,11.4413,10.0826,429,2705380,0.083413,0.14,1,58682,58253,429
4978921,3.88826,2.01652,431,2706840,0.0486826,0.14,1,58684,58253,431
4980561,1.57765,0.403304,432,2708300,0.0257365,0.08,1,58685,58253,432
4982641,12.3155,15.2807,428,2709760,0.0211473,0.22,1,58700,58272,428
4985561,12.0631,12.6561,428,2711220,0.172229,0.22,1,58712,58284,428
4987841,4.01262,2.53123,430,2712680,0.162446,0.16,1,58714,58284,430
4990761,5.60252,9.30625,425,2714140,0.0884892,0.16,1,58720,58295,425
4993681,2.7205,1.86125,427,2715600,0.0656978,0.16,1,58722,58295,427
4996601,2.1441,0.37225,429,2717060,0.15714,0.16,1,58724,58295,429
4999521,2.02882,0.07445,431,2718520,0.151428,0.16,1,58726,58295,431
5001361,1.20576,0.01489,432,2719980,0.142286,0.11,1,58727,58295,432
5003441,1.84115,6.40298,426,2721440,0.108457,0.21,1,58729,58303,426
5006361,3.56823,5.2806,425,2722900,0.109691,0.21,1,58733,58308,425
5009281,3.91365,1.05612,429,2724360,0.0539383,0.21,1,58737,58308,429
5011761,2.38273,0.211224,431,2725820,0.130788,0.07,1,58739,58308,431
5013841,3.67655,6.44224,427,2727280,0.146158,0.08,1,58743,58316,427
5016761,5.53531,8.48845,424,2728740,0.101232,0.08,1,58749,58325,424
5019681,2.70706,1.69769,426,2730200,0.0602463,0.08,1,58751,58325,426
5021541,115.741,0.339538,570,2731660,0.0120493,0.06,1,58895,58325,570
5024461,24.7483,119.268,423,2733120,0.16241,0.06,1,58897,58474,423
5027381,6.54966,23.8536,425,2734580,0.200482,0.06,1,58899,58474,425
5030301,2.90993,4.77072,427,2736040,0.176096,0.06,1,58901,58474,427
5031941,14.182,0.954143,444,2737500,0.0352193,0.06,1,58918,58474,444
5034861,4.4364,18.5908,423,2738960,0.119044,0.06,1,58920,58497,423
5037141,12.0873,3.71817,437,2740420,0.0238088,0.09,1,58934,58497,437
5040061,4.01746,11.1436,426,2741880,0.00476175,0.09,1,58936,58510,426
5042341,2.40349,2.22873,428,2743340,0.000952351,0,1,58938,58510,428
5045261,2.0807,6.04575,423,2744800,0.0481905,0,1,58940,58517,423
5048181,2.01614,1.20915,425,2746260,0.0816381,0,1,58942,58517,425
5051101,2.00323,0.24183,427,2747720,0.0643276,0,1,58944,58517,427
5052741,2.80065,0.048366,430,2749180,0.0128655,0.02,1,58947,58517,430
5054401,1.36013,7.20967,422,2750640,0.0025731,0,1,58948,58526,422
5057321,23.472,24.6419,422,2752100,0.000514621,0,1,58977,58555,422
5060021,8.69441,4.92839,427,2753560,0.000102924,0,1,58982,58555,427
5062941,3.33888,5.78568,423,2755020,2.05848e-05,0,1,58984,58561,423
5065841,2.26778,1.15714,425,2756480,4.11697e-06,0,1,58986,58561,425
5068761,24.4536,26.6314,422,2757940,8.23393e-07,0,1,59016,58594,422
5071681,6.49071,5.32629,424,2759400,1.64679e-07,0,1,59018,58594,424
5074601,2.89814,1.06526,426,2760860,3.29357e-08,0,1,59020,58594,426
5077521,2.17963,0.213051,428,2762320,6.58714e-09,0,1,59022,58594,428
5079361,1.23593,0.0426103,429,2763780,1.31743e-09,0.16,1,59023,58594,429
5082281,4.24719,9.60852,422,2765240,2.63486e-10,0.16,1,59028,58606,422
5085201,2.44944,1.9217,424,2766700,5.26971e-11,0.16,1,59030,58606,424
5088101,5.28989,0.384341,430,2768160,1.05394e-11,0,1,59036,58606,430
5091021,2.65798,7.27687,423,2769620,2.10789e-12,0,1,59038,58615,423
5093301,5.3316,1.45537,429,2771080,0.088,0,1,59044,58615,429
5096221,2.66632,6.69107,423,2772540,0.0736,0,1,59046,58623,423
5099141,2.13326,1.33821,425,2774000,0.03072,0,1,59048,58623,425
5101201,2.02665,0.267643,427,2775460,0.086144,0.16,1,59050,58623,427
5104121,54.0053,56.0535,424,2776920,0.185229,0.16,1,59117,58693,424
5107041,12.4011,11.2107,426,2778380,0.173046,0.16,1,59119,58693,426
5109961,4.08021,2.24214,428,2779840,0.130609,0.16,1,59121,58693,428
5111601,1.61604,0.448428,429,2781300,0.106122,0.23,1,59122,58693,429
5113681,11.5232,14.4897,425,2782760,0.157224,0.06,1,59136,58711,425
5116601,10.3046,11.6979,424,2784220,0.199445,0.06,1,59146,58722,424
5119521,3.66093,2.33959,426,2785680,0.207889,0.06,1,59148,58722,426
5122421,2.33219,0.467917,428,2787140,0.177578,0.12,1,59150,58722,428
5125341,2.06644,4.89358,424,2788600,0.139516,0.12,1,59152,58728,424
5128261,2.01329,0.978717,426,2790060,0.219903,0.12,1,59154,58728,426
5131181,2.00266,0.195743,428,2791520,0.203981,0.12,1,59156,58728,428
5133861,5.20053,0.0391487,434,2792980,0.120796,0.06,1,59162,58728,434
5136561,2.64011,6.40783,428,2794440,0.160159,0.14,1,59164,58736,428
5139481,5.32802,9.28157,424,2795900,0.104032,0.14,1,59170,58746,424
5142401,2.6656,1.85631,426,2797360,0.0608064,0.14,1,59172,58746,426
5144881,2.13312,0.371263,428,2798820,0.148161,0.15,1,59174,58746,428
5147801,6.82662,8.07425,426,2800280,0.0696323,0.15,1,59182,58756,426
5150081,2.96532,1.61485,428,2801740,0.0299265,0.07,1,59184,58756,428
5153001,118.193,122.723,422,2803200,0.0379853,0.07,1,59331,58909,422
5155921,25.2386,24.5446,424,2804660,0.00759706,0.07,1,59333,58909,424
5158841,6.64772,4.90892,426,2806120,0.00151941,0.07,1,59335,58909,426
5160481,2.12954,0.981784,427,2807580,0.000303882,0.02,1,59336,58909,427
5163401,12.4259,16.1964,422,2809040,6.07764e-05,0.02,1,59351,58929,422
5165681,4.08518,3.23927,424,2810500,0.112012,0.06,1,59353,58929,424
5168601,7.21704,8.64785,422,2811960,0.0224024,0.06,1,59361,58939,422
5171521,3.04341,1.72957,424,2813420,0.0364805,0.06,1,59363,58939,424
5174421,9.40868,0.345914,435,2814880,0.0232961,0.04,1,59374,58939,435
5177341,3.48174,10.4692,424,2816340,0.0526592,0.04,1,59376,58952,424
5180261,2.29635,2.09384,426,2817800,0.0265318,0.04,1,59378,58952,426
5183181,2.05927,0.418767,428,2819260,0.0213064,0.04,1,59380,58952,428
5185441,2.01185,0.0837535,430,2820720,0.00426127,0,1,59382,58952,430
5188361,22.8024,28.8168,422,2822180,0.000852255,0,1,59410,58988,422
5191281,6.16047,5.76335,424,2823640,0.000170451,0,1,59412,58988,424
5194201,2.83209,1.15267,426,2825100,3.40902e-05,0,1,59414,58988,426
5196881,2.16642,0.230534,428,2826560,6.81804e-06,0,1,59416,58988,428
5199801,27.6333,32.0461,422,2828020,1.36361e-06,0,1,59450,59028,422
5202721,7.12666,6.40922,424,2829480,2.72721e-07,0,1,59452,59028,424
5205641,3.02533,1.28184,426,2830940,5.45443e-08,0,1,59454,59028,426
5208561,2.20507,0.256369,428,2832400,1.09089e-08,0,1,59456,59028,428
5210401,1.24101,0.0512738,429,2833860,2.18177e-09,0,1,59457,59028,429
5213321,3.4482,8.01025,423,2835320,4.36354e-10,0,1,59461,59038,423
5216241,2.28964,1.60205,425,2836780,8.72708e-11,0,1,59463,59038,425
5218721,2.05793,0.32041,427,2838240,1.74542e-11,0.1,1,59465,59038,427
5221641,6.01159,9.66408,422,2839700,0.144,0.1,1,59472,59050,422
5224561,2.80232,1.93282,424,2841160,0.1408,0.1,1,59474,59050,424
5227481,2.16046,0.386563,426,2842620,0.14816,0.1,1,59476,59050,426
5230161,2.03209,0.0773126,428,2844080,0.117632,0.13,1,59478,59050,428
5232241,8.40642,11.2155,424,2845540,0.0715264,0.1,1,59488,59064,424
5235161,52.0813,48.6431,429,2847000,0.0303053,0.1,1,59551,59122,429
5238081,12.0163,9.72862,431,2848460,0.00606106,0.1,1,59553,59122,431
5240561,4.00325,1.94572,433,2849920,0.161212,0,1,59555,59122,433
5242641,2.40065,4.38914,430,2851380,0.160242,0.18,1,59557,59127,430
5244721,10.0801,8.87783,432,2852840,0.0640485,0.13,1,59569,59137,432
5247641,9.21603,13.7756,426,2854300,0.0288097,0.13,1,59578,59152,426
5250561,3.44321,2.75511,428,2855760,0.133762,0.13,1,59580,59152,428
5253041,2.28864,0.551023,430,2857220,0.122752,0.19,1,59582,59152,430
5255961,3.65773,8.9102,423,2858680,0.0565505,0.19,1,59586,59163,423
5258881,2.33155,1.78204,425,2860140,0.0353101,0.19,1,59588,59163,425
5261801,2.06631,0.356408,427,2861600,0.00706202,0.19,1,59590,59163,427
5264481,2.01326,0.0712816,429,2863060,0.0014124,0.08,1,59592,59163,429
5267401,2.00265,4.01426,426,2864520,0.112282,0.08,1,59594,59168,426
5269061,6.80053,0.802851,434,2865980,0.158457,0.12,1,59602,59168,434
5271981,2.96011,6.56057,428,2867440,0.175691,0.12,1,59604,59176,428
5274901,2.19202,1.31211,430,2868900,0.147138,0.12,1,59606,59176,430
5277381,2.0384,0.262423,432,2870360,0.117428,0.21,1,59608,59176,432
5280301,2.00768,8.85248,423,2871820,0.223486,0.21,1,59610,59187,423
5282581,122.802,1.7705,576,2873280,0.0446971,0.06,1,59763,59187,576
5285501,26.1603,124.354,423,2874740,0.00893942,0.06,1,59765,59342,423
5288421,6.83206,24.8708,425,2876200,0.00178788,0.06,1,59767,59342,425
5291341,2.96641,4.97416,427,2877660,0.0963576,0.06,1,59769,59342,427
5292981,7.79328,0.994833,436,2879120,0.0192715,0.06,1,59778,59342,436
5295901,3.15866,12.199,423,2880580,0.0038543,0.06,1,59780,59357,423
5298181,5.43173,2.43979,429,2882040,0.0807709,0.02,1,59786,59357,429
5301101,2.68635,6.08796,424,2883500,0.0641542,0.02,1,59788,59364,424
5303381,7.73727,1.21759,433,2884960,0.0448308,0.06,1,59797,59364,433
5305041,2.34745,9.84352,422,2886420,0.0249662,0.1,1,59798,59376,422
5307961,11.6695,13.1687,422,2887880,0.0369932,0.1,1,59812,59390,422
5310881,3.9339,2.63374,424,2889340,0.0473986,0.1,1,59814,59390,424
5313801,2.38678,0.526748,426,2890800,0.0254797,0.1,1,59816,59390,426
5316481,2.07736,0.10535,428,2892260,0.0850959,0,1,59818,59390,428
5319401,22.0155,26.4211,422,2893720,0.0170192,0,1,59845,59423,422
5322321,6.00309,5.28421,424,2895180,0.00340384,0,1,59847,59423,424
5325241,2.80062,1.05684,426,2896640,0.000680767,0,1,59849,59423,426
5327921,2.16012,0.211369,428,2898100,0.000136153,0,1,59851,59423,428
5330841,26.032,30.4423,422,2899560,2.72307e-05,0,1,59883,59461,422
5333761,6.8064,6.08845,424,2901020,5.44614e-06,0,1,59885,59461,424
5336681,2.96128,1.21769,426,2902480,1.08923e-06,0,1,59887,59461,426
5339601,2.19226,0.243538,428,2903940,2.17846e-07,0,1,59889,59461,428
5341441,1.23845,0.0487076,429,2905400,4.35691e-08,0.18,1,59890,59461,429
5344361,5.84769,8.80974,425,2906860,8.71382e-09,0.18,1,59897,59472,425
5347281,2.76954,1.76195,427,2908320,1.74276e-09,0.18,1,59899,59472,427
5349761,2.15391,0.35239,429,2909780,0.064,0.16,1,59901,59472,429
5352681,2.83078,8.07048,422,2911240,0.0288,0.16,1,59904,59482,422
5355601,2.16616,1.6141,424,2912700,0.00576,0.16,1,59906,59482,424
5358521,2.03323,0.322819,426,2914160,0.001152,0.16,1,59908,59482,426
5361201,2.00665,0.0645638,428,2915620,0.0002304,0.06,1,59910,59482,428
5363281,9.20133,12.0129,424,2917080,0.0160461,0.21,1,59921,59497,424
5366201,51.4403,52.8026,423,2918540,0.00320922,0.21,1,59983,59560,423
5369121,11.8881,10.5605,425,2920000,0.000641843,0.21,1,59985,59560,425
5372041,3.97761,2.1121,427,2921460,0.128128,0.21,1,59987,59560,427
5373681,1.59552,0.422421,428,2922920,0.137626,0.06,1,59988,59560,428
5375761,9.9191,12.8845,424,2924380,0.0275251,0.04,1,60000,59576,424
5378681,12.3838,10.5769,427,2925840,0.141505,0.04,1,60013,59586,427
5381601,4.07676,2.11538,429,2927300,0.228301,0.04,1,60015,59586,429
5384081,2.41535,0.423076,431,2928760,0.21366,0,1,60017,59586,431
5387001,2.08307,3.28462,429,2930220,0.178732,0,1,60019,59590,429
5389281,2.01661,0.656923,431,2931680,0.139746,0.15,1,60021,59590,431
5392201,6.00332,7.33138,429,2933140,0.163949,0.15,1,60028,59599,429
5395121,4.40066,1.46628,433,2934600,0.18479,0.15,1,60032,59599,433
5397601,2.48013,0.293255,435,2936060,0.156958,0.18,1,60034,59599,435
5399681,2.09603,4.05865,432,2937520,0.119392,0.23,1,60036,59604,432
5402601,5.21921,11.2117,425,2938980,0.127878,0.23,1,60042,59617,425
5405521,2.64384,2.24235,427,2940440,0.153576,0.23,1,60044,59617,427
5408441,2.12877,0.448469,429,2941900,0.126715,0.23,1,60046,59617,429
5411121,2.02575,0.0896938,431,2943360,0.129343,0.04,1,60048,59617,431
5414041,118.005,124.818,422,2944820,0.0738686,0.04,1,60195,59773,422
5416961,25.201,24.9636,424,2946280,0.0307737,0.04,1,60197,59773,424
5419881,6.64021,4.99272,426,2947740,0.00615474,0.04,1,60199,59773,426
5421521,2.12804,0.998543,427,2949200,0.0972309,0,1,60200,59773,427
5424441,2.82561,6.59971,422,2950660,0.0674462,0,1,60203,59781,422
5426721,2.16512,1.31994,424,2952120,0.0294892,0.07,1,60205,59781,424
5429641,10.033,11.464,422,2953580,0.00589785,0.07,1,60217,59795,422
5431921,3.6066,2.2928,424,2955040,0.00117957,0,1,60219,59795,424
5434841,6.32132,6.85856,423,2956500,0.120236,0,1,60226,59803,423
5437541,12.4643,1.37171,437,2957960,0.0880472,0.08,1,60240,59803,437
5440461,4.09285,13.0743,423,2959420,0.0496094,0.08,1,60242,59819,423
5443381,2.41857,2.61487,425,2960880,0.00992189,0.08,1,60244,59819,425
5446301,2.08371,0.522974,427,2962340,0.0819844,0.08,1,60246,59819,427
5448981,22.8167,0.104595,455,2963800,0.0163969,0,1,60274,59819,455
5451901,6.16335,27.2209,423,2965260,0.00327937,0,1,60276,59853,423
5454821,2.83267,5.44418,425,2966720,0.000655875,0,1,60278,59853,425
5457741,2.16653,1.08884,427,2968180,0.000131175,0,1,60280,59853,427
5460421,24.4333,0.217767,457,2969640,2.6235e-05,0,1,60310,59853,457
5463341,6.48666,28.8436,423,2971100,5.247e-06,0,1,60312,59889,423
5466261,2.89733,5.76871,425,2972560,1.0494e-06,0,1,60314,59889,425
5468741,6.97947,1.15374,433,2974020,2.0988e-07,0.08,1,60322,59889,433
5471661,2.99589,9.83075,423,2975480,4.1976e-08,0.08,1,60324,59901,423
5474581,2.19918,1.96615,425,2976940,0.048,0.08,1,60326,59901,425
5477501,2.03984,0.39323,427,2978400,0.0256,0.08,1,60328,59901,427
5479141,6.80797,0.078646,435,2979860,0.00512,0.11,1,60336,59901,435
5482061,2.96159,11.2157,423,2981320,0.001024,0.11,1,60338,59915,423
5484981,2.19232,2.24315,425,2982780,0.0962048,0.11,1,60340,59915,425
5487901,2.03846,0.448629,427,2984240,0.083241,0.11,1,60342,59915,427
5490821,2.00769,0.0897258,429,2985700,0.0486482,0.11,1,60344,59915,429
5493701,5.20154,0.0179452,435,2987160,0.0977296,0.14,1,60350,59915,435
5495781,50.6403,10.4036,484,2988620,0.131546,0.1,1,60412,59928,484
5498701,13.3281,51.6807,426,2990080,0.0743092,0.1,1,60416,59990,426
5501621,5.86561,10.3361,430,2991540,0.0148618,0.1,1,60420,59990,430
5504541,4.37312,2.06723,434,2993000,0.0989724,0.1,1,60424,59990,434
5506181,10.4746,0.413446,446,2994460,0.115794,0.24,1,60436,59990,446
5508261,3.69492,11.2827,434,2995920,0.0951589,0.28,1,60438,60004,434
5510341,8.73898,10.2565,434,2997380,0.187032,0.17,1,60448,60014,434
5513261,3.3478,6.05131,431,2998840,0.173406,0.17,1,60450,60019,431
5515121,1.46956,1.21026,432,3000300,0.274681,0.18,1,60451,60019,432
5518041,3.49391,6.64205,428,3001760,0.230936,0.18,1,60455,60027,428
5520321,3.89878,1.32841,432,3003220,0.278187,0.17,1,60459,60027,432
5523241,2.37976,5.06568,428,3004680,0.255637,0.17,1,60461,60033,428
5525521,2.07595,1.01314,430,3006140,0.323127,0.19,1,60463,60033,430
5528441,3.61519,8.20263,424,3007600,0.280625,0.19,1,60467,60043,424
5531361,2.32304,1.64053,426,3009060,0.240125,0.19,1,60469,60043,426
5534261,5.26461,0.328105,432,3010520,0.304025,0.09,1,60475,60043,432
5537181,2.65292,6.46562,426,3011980,0.324805,0.09,1,60477,60051,426
5540101,2.13058,1.29312,428,3013440,0.296961,0.09,1,60479,60051,428
5542161,2.02612,0.258625,430,3014900,0.267392,0,1,60481,60051,430
5545081,120.405,126.452,422,3016360,0.149478,0,1,60631,60209,422
5548001,25.681,25.2903,424,3017820,0.0938957,0,1,60633,60209,424
5550921,6.73621,5.05807,426,3019280,0.0507791,0,1,60635,60209,426
5553841,2.94724,1.01161,428,3020740,0.0661558,0,1,60637,60209,428
5556761,2.18945,0.202323,430,3022200,0.0452312,0,1,60639,60209,430
5559221,9.23789,0.0404645,441,3023660,0.00904623,0.09,1,60650,60209,441
5562141,3.44758,16.0081,423,3025120,0.00180925,0.09,1,60652,60229,423
5565041,2.28952,3.20162,425,3026580,0.000361849,0.08,1,60654,60229,425
5567961,12.4579,15.0403,422,3028040,0.168072,0.08,1,60669,60247,422
5570881,4.09158,3.00806,424,3029500,0.169614,0.08,1,60671,60247,424
5573801,2.41832,0.601613,426,3030960,0.137923,0.08,1,60673,60247,426
5576481,2.08366,0.120323,428,3032420,0.0915846,0,1,60675,60247,428
5579401,26.8167,31.2241,422,3033880,0.0183169,0,1,60708,60286,422
5582321,6.96335,6.24481,424,3035340,0.00366338,0,1,60710,60286,424
5585241,2.99267,1.24896,426,3036800,0.000732677,0,1,60712,60286,426
5587921,2.19853,0.249792,428,3038260,0.000146535,0,1,60714,60286,428
5590841,18.0397,22.45,422,3039720,2.93071e-05,0,1,60736,60314,422
5593761,5.20794,4.48999,424,3041180,5.86141e-06,0,1,60738,60314,424
5595621,9.84159,0.897998,435,3042640,1.17228e-06,0.02,1,60749,60314,435
5598541,3.56832,11.3796,423,3044100,2.34456e-07,0.02,1,60751,60328,423
5601461,2.31366,2.27592,425,3045560,0.048,0.02,1,60753,60328,425
5604381,2.06273,0.455184,427,3047020,0.0256,0.02,1,60755,60328,427
5607061,5.21255,0.0910368,433,3048480,0.00512,0.14,1,60761,60328,433
5609981,3.44251,8.81821,425,3049940,0.049024,0.14,1,60764,60339,425
5612881,2.2885,1.76364,427,3051400,0.0258048,0.11,1,60766,60339,427
5615801,5.2577,9.15273,422,3052860,0.037161,0.11,1,60772,60350,422
5618721,2.65154,1.83055,424,3054320,0.00743219,0.11,1,60774,60350,424
5621201,2.13031,0.366109,426,3055780,0.0654864,0.05,1,60776,60350,426
5624121,5.22606,4.07322,427,3057240,0.0130973,0.05,1,60782,60355,427
5625781,49.8452,0.814644,488,3058700,0.0346195,0.02,1,60843,60355,488
5628701,11.569,50.5629,427,3060160,0.00692389,0.02,1,60845,60418,427
5630981,5.51381,10.1126,431,3061620,0.0653848,0.13,1,60849,60418,431
5633901,2.70276,7.62252,426,3063080,0.045077,0.13,1,60851,60425,426
5636181,26.9406,1.5245,459,3064540,0.201015,0.3,1,60884,60425,459
5639101,6.98811,21.1049,435,3066000,0.256203,0.3,1,60886,60451,435
5642021,2.99762,4.22098,437,3067460,0.235241,0.3,1,60888,60451,437
5644081,2.19952,0.844196,439,3068920,0.199048,0.36,1,60890,60451,439
5647001,5.23991,8.96884,434,3070380,0.28781,0.36,1,60896,60462,434
5649921,2.64798,1.79377,436,3071840,0.273562,0.36,1,60898,60462,436
5652841,2.1296,0.358754,438,3073300,0.326712,0.36,1,60900,60462,438
5654901,2.02592,0.0717507,440,3074760,0.313342,0.28,1,60902,60462,440
5656561,1.20518,3.21435,437,3076220,0.294668,0.34,1,60903,60466,437
5659481,4.24104,7.04287,434,3077680,0.258934,0.34,1,60908,60474,434
5661761,2.44821,1.40857,436,3079140,0.259787,0.27,1,60910,60474,436
5664681,5.28964,7.48172,433,3080600,0.259957,0.27,1,60916,60483,433
5667601,2.65793,1.49634,435,3082060,0.227991,0.27,1,60918,60483,435
5670521,2.13159,0.299269,437,3083520,0.253598,0.27,1,60920,60483,437
5673201,2.02632,0.0598537,439,3084980,0.33872,0,1,60922,60483,439
5676121,117.205,130.412,422,3086440,0.163744,0,1,61068,60646,422
5679041,25.0411,26.0824,424,3087900,0.0967488,0,1,61070,60646,424
5681961,6.60821,5.21648,426,3089360,0.0513498,0,1,61072,60646,426
5684881,2.92164,1.0433,428,3090820,0.01027,0,1,61074,60646,428
5687761,2.18433,0.208659,430,3092280,0.00205399,0.16,1,61076,60646,430
5690681,7.63687,9.64173,427,3093740,0.000410798,0.16,1,61085,60658,427
5693601,3.12737,1.92835,429,3095200,8.21596e-05,0.16,1,61087,60658,429
5696081,2.22547,0.385669,431,3096660,0.144016,0.17,1,61089,60658,431
5699001,7.6451,14.4771,422,3098120,0.0288033,0.17,1,61098,60676,422
5701921,3.12902,2.89543,424,3099580,0.173761,0.17,1,61100,60676,424
5704841,2.2258,0.579085,426,3101040,0.170752,0.17,1,61102,60676,426
5707521,2.04516,0.115817,428,3102500,0.16215,0,1,61104,60676,428
5710441,28.409,32.8232,422,3103960,0.0324301,0,1,61139,60717,422
5713361,7.28181,6.56463,424,3105420,0.00648602,0,1,61141,60717,424
5716281,3.05636,1.31293,426,3106880,0.0012972,0,1,61143,60717,426
5718961,2.21127,0.262585,428,3108340,0.000259441,0,1,61145,60717,428
5721881,15.6423,20.0525,422,3109800,0.0640519,0,1,61164,60742,422
5724161,4.72845,4.0105,424,3111260,0.0448104,0.06,1,61166,60742,424
5727081,8.14569,9.6021,422,3112720,0.00896208,0.06,1,61175,60753,422
5729361,3.22914,1.92042,424,3114180,0.00179241,0,1,61177,60753,424
5732281,4.64583,5.98408,422,3115640,0.000358483,0,1,61182,60760,422
5734561,2.52917,1.19682,424,3117100,7.16966e-05,0.04,1,61184,60760,424
5737481,2.90583,4.23936,422,3118560,0.0160143,0.04,1,61187,60765,422
5740401,2.18117,0.847873,424,3120020,0.00320287,0.04,1,61189,60765,424
5742261,10.0362,0.169575,436,3121480,0.000640574,0.02,1,61201,60765,436
5745181,5.20725,11.2339,426,3122940,0.0321281,0.02,1,61205,60779,426
5748101,2.64145,2.24678,428,3124400,0.00642562,0.02,1,61207,60779,428
5751021,2.12829,0.449357,430,3125860,0.00128512,0.02,1,61209,60779,430
5753701,2.02566,0.0898713,432,3127320,0.000257025,0.19,1,61211,60779,432
5755781,55.6051,8.81797,490,3128780,5.1405e-05,0,1,61280,60790,490
5758701,12.721,55.3636,425,3130240,0.0640103,0,1,61282,60857,425
5761621,4.14421,11.0727,427,3131700,0.0448021,0,1,61284,60857,427
5764541,2.42884,2.21454,429,3133160,0.00896041,0,1,61286,60857,429
5766181,30.0858,0.442909,466,3134620,0.249792,0.21,1,61323,60857,466
5769101,7.61715,25.6886,436,3136080,0.273958,0.21,1,61325,60889,436
5772021,3.12343,5.13772,438,3137540,0.246792,0.21,1,61327,60889,438
5774501,3.82469,1.02754,442,3139000,0.257358,0.33,1,61331,60889,442
5776581,3.96494,5.00551,440,3140460,0.203472,0.33,1,61335,60895,440
5779501,2.39299,5.8011,436,3141920,0.216694,0.33,1,61337,60901,436
5782421,2.0786,1.16022,438,3143380,0.275339,0.33,1,61339,60901,438
5784901,5.21572,0.232044,444,3144840,0.199068,0.35,1,61345,60901,444
5787821,2.64314,8.04641,436,3146300,0.159814,0.35,1,61347,60911,436
5790741,2.12863,1.60928,438,3147760,0.119963,0.35,1,61349,60911,438
5792801,2.02573,0.321856,440,3149220,0.207993,0.36,1,61351,60911,440
5795721,5.20515,8.86437,435,3150680,0.249599,0.36,1,61357,60922,435
5798641,2.64103,1.77287,437,3152140,0.26592,0.36,1,61359,60922,437
5801121,2.12821,0.354575,439,3153600,0.237184,0.28,1,61361,60922,439
5804041,3.62564,11.2709,429,3155060,0.271437,0.28,1,61365,60936,429
5805701,107.925,2.25418,563,3156520,0.118287,0.03,1,61499,60936,563
5808621,23.185,114.051,423,3157980,0.103657,0.03,1,61501,61078,423
5811541,6.237,22.8102,425,3159440,0.0687315,0.03,1,61503,61078,425
5814461,2.8474,4.56203,427,3160900,0.0377463,0.03,1,61505,61078,427
5817381,2.16948,0.912407,429,3162360,0.00754926,0.03,1,61507,61078,429
5820261,3.6339,0.182481,433,3163820,0.00150985,0.18,1,61511,61078,433
5823181,3.92678,8.8365,426,3165280,0.00030197,0.18,1,61515,61089,426
5825461,8.78536,1.7673,436,3166740,0.0640604,0.04,1,61525,61089,436
5827121,2.55707,5.95346,430,3168200,0.0608121,0.19,1,61526,61096,430
5830041,2.11141,6.79069,425,3169660,0.0281624,0.19,1,61528,61103,425
5832961,2.02228,1.35814,427,3171120,0.0376325,0.19,1,61530,61103,427
5835441,2.00446,0.271628,429,3172580,0.0875265,0.1,1,61532,61103,429
5838361,6.00089,11.2543,422,3174040,0.0815053,0.1,1,61539,61117,422
5840021,26.8002,2.25086,454,3175500,0.0163011,0,1,61571,61117,454
5842941,6.96004,26.8502,423,3176960,0.00326021,0,1,61573,61150,423
5845861,2.99201,5.37003,425,3178420,0.000652042,0,1,61575,61150,425
5848781,2.1984,1.07401,427,3179880,0.000130408,0,1,61577,61150,427
5851461,14.8397,0.214801,445,3181340,0.0320261,0,1,61595,61150,445
5854381,4.56794,19.243,423,3182800,0.00640522,0,1,61597,61174,423
5856661,7.31359,3.84859,431,3184260,0.00128104,0,1,61605,61174,431
5859581,3.06272,8.76972,423,3185720,0.000256209,0,1,61607,61184,423
5862481,2.21254,1.75394,425,3187180,5.12417e-05,0,1,61609,61184,425
5865401,3.64251,5.95079,422,3188640,1.02483e-05,0,1,61613,61191,422
5868321,2.3285,1.19016,424,3190100,2.04967e-06,0,1,61615,61191,424
5870801,2.0657,0.238032,426,3191560,0.0800004,0.08,1,61617,61191,426
5872881,6.81314,9.64761,422,3193020,0.0160001,0.02,1,61625,61203,422
5875801,10.1626,9.92952,423,3194480,0.0992,0.02,1,61636,61213,423
5878721,3.63253,1.9859,425,3195940,0.08384,0.02,1,61638,61213,425
5881641,2.32651,0.397181,427,3197400,0.048768,0.02,1,61640,61213,427
5884321,2.0653,0.0794362,429,3198860,0.0097536,0,1,61642,61213,429
5887241,59.6131,60.8159,427,3200320,0.00195072,0,1,61716,61289,427
5890161,13.5226,12.1632,429,3201780,0.000390144,0,1,61718,61289,429
5893081,4.30452,2.43264,431,3203240,7.80288e-05,0,1,61720,61289,431
5894721,1.6609,0.486527,432,3204700,0.0800156,0.25,1,61721,61289,432
5897641,29.1322,29.6973,431,3206160,0.304003,0.25,1,61757,61326,431
5899921,7.42644,5.93946,433,3207620,0.316801,0.29,1,61759,61326,433
5902841,7.88529,11.5879,428,3209080,0.31136,0.29,1,61767,61339,428
5905761,3.17706,2.31758,430,3210540,0.278272,0.29,1,61769,61339,430
5908681,2.23541,0.463516,432,3212000,0.239654,0.29,1,61771,61339,432
5910321,1.24708,0.0927031,433,3213460,0.215931,0.24,1,61772,61339,433
5913241,1.84942,2.41854,432,3214920,0.187186,0.24,1,61774,61342,432
5914901,5.96988,0.483708,439,3216380,0.261437,0.31,1,61781,61342,439
5917821,2.79398,9.69674,429,3217840,0.236287,0.31,1,61783,61354,429
5920741,2.1588,1.93935,431,3219300,0.199257,0.31,1,61785,61354,431
5923661,2.03176,0.38787,433,3220760,0.159851,0.31,1,61787,61354,433
5925301,4.40635,0.0775739,438,3222220,0.27197,0.23,1,61792,61354,438
5928221,2.48127,5.61551,433,3223680,0.262394,0.23,1,61794,61361,433
5930501,6.89625,1.1231,441,3225140,0.260479,0.26,1,61802,61361,441
5933421,2.97925,9.02462,432,3226600,0.228096,0.26,1,61804,61372,432
5935701,98.1958,1.80492,554,3228060,0.125619,0.03,1,61926,61372,554
5938621,21.2392,106.761,423,3229520,0.121124,0.03,1,61928,61505,423
5941541,5.84783,21.3522,425,3230980,0.0962248,0.03,1,61930,61505,425
5944021,4.36957,4.27044,429,3232440,0.027245,0,1,61934,61505,429
5946941,2.47391,7.25409,423,3233900,0.053449,0,1,61936,61513,423
5949861,2.09478,1.45082,425,3235360,0.0266898,0,1,61938,61513,425
5952341,2.01896,0.290163,427,3236820,0.00533796,0.04,1,61940,61513,427
5954001,1.20379,4.85803,422,3238280,0.0490676,0.04,1,61941,61519,422
5956921,10.6408,9.77161,424,3239740,0.00981352,0.04,1,61954,61530,424
5959841,3.72815,1.95432,426,3241200,0.0019627,0.04,1,61956,61530,426
5961701,5.54563,0.390864,432,3242660,0.0323925,0.13,1,61962,61530,432
5964621,2.70913,8.87817,423,3244120,0.182479,0.13,1,61964,61541,423
5967541,2.14183,1.77563,425,3245580,0.180496,0.13,1,61966,61541,425
5970021,27.6284,0.355127,459,3247040,0.0360991,0,1,62000,61541,459
5972941,7.12567,30.471,423,3248500,0.00721983,0,1,62002,61579,423
5975861,3.02513,6.0942,425,3249960,0.00144397,0,1,62004,61579,425
5978781,2.20503,1.21884,427,3251420,0.000288793,0,1,62006,61579,427
5980421,17.241,0.243768,448,3252880,5.77586e-05,0,1,62027,61579,448
5983341,5.0482,21.6488,423,3254340,1.15517e-05,0,1,62029,61606,423
5986261,2.60964,4.32975,425,3255800,2.31034e-06,0,1,62031,61606,425
5988741,10.1219,0.86595,437,3257260,0.0320005,0,1,62043,61606,437
5991661,3.62439,12.9732,423,3258720,0.00640009,0,1,62045,61622,423
5994581,2.32488,2.59464,425,3260180,0.00128002,0,1,62047,61622,425
5997501,2.06498,0.518928,427,3261640,0.000256004,0,1,62049,61622,427
6000421,2.013,0.103786,429,3263100,5.12007e-05,0,1,62051,61622,429
6003301,2.0026,0.0207571,431,3264560,1.02401e-05,0.18,1,62053,61622,431
6005381,9.20052,8.00415,432,3266020,2.04803e-06,0.02,1,62064,61632,432
6008301,3.4401,10.4008,423,3267480,4.09606e-07,0.02,1,62066,61643,423
6011221,2.28802,2.08017,425,3268940,0.144,0.02,1,62068,61643,425
6014141,2.0576,0.416033,427,3270400,0.1808,0.02,1,62070,61643,427
6016821,69.2115,0.0832066,513,3271860,0.08416,0.03,1,62156,61643,513
6019741,17.0423,68.0166,432,3273320,0.104832,0.03,1,62160,61728,432
6022661,5.00846,13.6033,434,3274780,0.124966,0.03,1,62162,61728,434
6025581,2.60169,2.72067,436,3276240,0.184993,0.03,1,62164,61728,436
6027221,30.1203,0.544133,473,3277700,0.348999,0.27,1,62201,61728,473
6030141,7.62407,32.9088,434,3279160,0.3498,0.27,1,62203,61769,434
6033041,3.12481,6.58176,436,3280620,0.31796,0.28,1,62205,61769,436
6035961,6.22496,10.9164,431,3282080,0.367592,0.28,1,62212,61781,431
6038881,2.84499,2.18327,433,3283540,0.345518,0.28,1,62214,61781,433
6041801,2.169,0.436654,435,3285000,0.317104,0.28,1,62216,61781,435
6043441,1.2338,0.0873308,436,3286460,0.295421,0.17,1,62217,61781,436
6046361,1.84676,4.01747,433,3287920,0.259084,0.17,1,62219,61786,433
6049281,1.96935,0.803493,435,3289380,0.219817,0.17,1,62221,61786,435
6051761,1.99387,0.160699,437,3290840,0.275963,0.32,1,62223,61786,437
6054681,6.79877,8.83214,434,3292300,0.263193,0.32,1,62231,61797,434
6057601,2.95975,1.76643,436,3293760,0.236639,0.32,1,62233,61797,436
6060501,6.19195,0.353286,443,3295220,0.335328,0.21,1,62240,61797,443
6063421,2.83839,12.0707,430,3296680,0.323066,0.21,1,62242,61812,430
6065701,87.7677,2.41413,539,3298140,0.312613,0.09,1,62351,61812,539
6068621,19.1535,94.8828,423,3299600,0.326523,0.09,1,62353,61930,423
6070901,7.03071,18.9766,427,3301060,0.321305,0.06,1,62357,61930,427
6073821,3.00614,8.59531,423,3302520,0.288261,0.06,1,62359,61936,423
6076101,7.00123,1.71906,431,3303980,0.201652,0.06,1,62367,61936,431
6079021,3.00025,8.34381,423,3305440,0.15233,0.06,1,62369,61946,423
6081941,2.20005,1.66876,425,3306900,0.230466,0.06,1,62371,61946,425
6084861,2.04001,0.333752,427,3308360,0.214093,0.06,1,62373,61946,427
6086501,12.408,0.0667505,442,3309820,0.0748186,0.2,1,62388,61946,442
6089421,4.0816,15.2133,425,3311280,0.0149637,0.2,1,62390,61965,425
6092341,2.41632,3.04267,427,3312740,0.00299275,0.2,1,62392,61965,427
6095261,2.08326,0.608534,429,3314200,0.000598549,0.2,1,62394,61965,429
6096901,1.21665,0.121707,430,3315660,0.00011971,0.05,1,62395,61965,430
6098561,1.04333,7.22434,422,3317120,2.3942e-05,0,1,62396,61974,422
6101481,27.4087,28.6449,422,3318580,4.78839e-06,0,1,62430,62008,422
6104401,7.08173,5.72897,424,3320040,9.57678e-07,0,1,62432,62008,424
6107321,3.01635,1.14579,426,3321500,1.91536e-07,0,1,62434,62008,426
6108961,1.40327,0.229159,427,3322960,3.83071e-08,0,1,62435,62008,427
6111881,14.6807,18.4458,422,3324420,0.048,0,1,62453,62031,422
6114161,4.53613,3.68917,424,3325880,0.0256,0,1,62455,62031,424
6117081,10.5072,11.9378,422,3327340,0.00512,0,1,62467,62045,422
6119361,3.70145,2.38757,424,3328800,0.001024,0.04,1,62469,62045,424
6122281,8.74029,10.0775,422,3330260,0.0002048,0.04,1,62479,62057,422
6125201,3.34806,2.0155,424,3331720,4.096e-05,0.04,1,62481,62057,424
6128121,2.26961,0.4031,426,3333180,8.192e-06,0.04,1,62483,62057,426
6131041,2.05392,0.0806201,428,3334640,1.6384e-06,0.04,1,62485,62057,428
6133921,2.01078,0.016124,430,3336100,3.2768e-07,0.11,1,62487,62057,430
6136841,7.60216,13.6032,422,3337560,6.5536e-08,0.11,1,62496,62074,422
6139761,3.12043,2.72064,424,3339020,0.112,0.11,1,62498,62074,424
6142681,2.22409,0.544129,426,3340480,0.1024,0.11,1,62500,62074,426
6144321,1.24482,0.108826,427,3341940,0.08448,0.15,1,62501,62074,427
6147241,72.249,69.6218,430,3343400,0.264896,0.15,1,62591,62161,430
6150161,16.0498,13.9244,432,3344860,0.268979,0.15,1,62593,62161,432
6152021,8.80996,2.78487,439,3346320,0.285796,0.24,1,62600,62161,439
6154941,3.36199,6.15697,434,3347780,0.257159,0.24,1,62602,62168,434
6157221,33.4724,1.23139,475,3349240,0.419432,0.38,1,62643,62168,475
6160141,8.29448,35.4463,433,3350700,0.491886,0.38,1,62645,62212,433
6163061,3.2589,7.08926,435,3352160,0.474377,0.38,1,62647,62212,435
6165541,7.85178,1.41785,444,3353620,0.478875,0.29,1,62656,62212,444
6168461,3.17036,9.08357,435,3355080,0.447775,0.29,1,62658,62223,435
6171381,2.23407,1.81671,437,3356540,0.409555,0.29,1,62660,62223,437
6174301,2.04681,0.363343,439,3358000,0.457911,0.29,1,62662,62223,439
6177221,2.00936,0.0726686,441,3359460,0.435582,0.29,1,62664,62223,441
6179681,2.00187,0.0145337,443,3360920,0.399116,0.34,1,62666,62223,443
6182601,2.00037,3.20291,441,3362380,0.367823,0.34,1,62668,62227,441
6184261,5.20008,0.640581,447,3363840,0.449565,0.32,1,62674,62227,447
6187181,2.64001,12.1281,434,3365300,0.433913,0.32,1,62676,62242,434
6190101,2.128,2.42562,436,3366760,0.398783,0.32,1,62678,62242,436
6192581,6.8256,0.485125,444,3368220,0.391757,0.21,1,62686,62242,444
6194241,2.16512,4.89703,439,3369680,0.374351,0.26,1,62687,62248,439
6197161,81.233,90.5794,428,3371140,0.40287,0.26,1,62788,62360,428
6200081,17.8466,18.1159,430,3372600,0.424574,0.26,1,62790,62360,430
6203001,5.16932,3.62318,432,3374060,0.444915,0.26,1,62792,62360,432
6204641,1.83386,0.724635,433,3375520,0.456983,0.14,1,62793,62360,433
6206721,1.96677,7.34493,426,3376980,0.531397,0.21,1,62795,62369,426
6209641,1.99335,4.66899,424,3378440,0.514279,0.21,1,62797,62373,424
6212561,1.99867,0.933797,426,3379900,0.486856,0.21,1,62799,62373,426
6214421,7.59973,0.186759,435,3381360,0.345371,0.06,1,62808,62373,435
6216501,15.1199,11.2374,438,3382820,0.325074,0,1,62825,62387,438
6219421,4.62399,12.6475,427,3384280,0.289015,0,1,62827,62400,427
6222341,2.5248,2.52949,429,3385740,0.249803,0,1,62829,62400,429
6225261,2.10496,0.505899,431,3387200,0.209961,0,1,62831,62400,431
6228181,2.02099,0.10118,433,3388660,0.177992,0,1,62833,62400,433
6231061,21.2042,0.0202359,459,3390120,0.123598,0,1,62859,62400,459
6233981,5.84084,30.404,423,3391580,0.0807197,0,1,62861,62438,423
6236901,2.76817,6.08081,425,3393040,0.0321439,0,1,62863,62438,425
6239821,2.15363,1.21616,427,3394500,0.00642879,0,1,62865,62438,427
6241461,9.23073,0.243232,438,3395960,0.00128576,0.02,1,62876,62438,438
6243541,9.04615,13.6486,430,3397420,0.0962572,0,1,62885,62455,430
6245201,2.60923,9.92973,422,3398880,0.0992514,0,1,62886,62464,422
6248121,12.5218,13.9859,422,3400340,0.0198503,0,1,62901,62479,422
6250401,4.10437,2.79719,424,3401800,0.0199701,0,1,62903,62479,424
6253321,5.62087,6.95944,422,3403260,0.00399401,0,1,62909,62487,422
6256241,2.72417,1.39189,424,3404720,0.000798802,0,1,62911,62487,424
6259161,2.14483,0.278377,426,3406180,0.00015976,0,1,62913,62487,426
6261841,2.02897,0.0556755,428,3407640,3.19521e-05,0.14,1,62915,62487,428
6264761,4.40579,8.81114,422,3409100,6.39042e-06,0.14,1,62920,62498,422
6267041,2.48116,1.76223,424,3410560,1.27808e-06,0.02,1,62922,62498,424
6269961,3.69623,5.15245,422,3412020,2.55617e-07,0.02,1,62926,62504,422
6272881,2.33925,1.03049,424,3413480,5.11233e-08,0.02,1,62928,62504,424
6275361,2.06785,0.206098,426,3414940,1.02247e-08,0.31,1,62930,62504,426
6278281,86.0136,76.0412,438,3416400,0.136,0.31,1,63037,62599,438
6280561,18.8027,15.2082,440,3417860,0.1312,0.3,1,63039,62599,440
6283481,10.1605,9.44165,440,3419320,0.17824,0.3,1,63047,62607,440
6285761,3.63211,1.88833,442,3420780,0.155648,0.41,1,63049,62607,442
6288681,35.9264,34.7777,443,3422240,0.22313,0.41,1,63093,62650,443
6291601,8.78528,6.95553,445,3423700,0.204626,0.41,1,63095,62650,445
6294081,3.35706,1.39111,447,3425160,0.176925,0.47,1,63097,62650,447
6297001,7.07141,9.87822,443,3426620,0.179385,0.47,1,63105,62662,443
6299921,3.01428,1.97564,445,3428080,0.187877,0.47,1,63107,62662,445
6302401,2.20286,0.395129,447,3429540,0.157575,0.34,1,63109,62662,447
6305321,2.04057,5.67903,442,3431000,0.119515,0.34,1,63111,62669,442
6308241,2.00811,1.13581,444,3432460,0.239903,0.34,1,63113,62669,444
6311161,2.00162,0.227161,446,3433920,0.239981,0.34,1,63115,62669,446
6312801,1.20032,0.0454322,447,3435380,0.223996,0.48,1,63116,62669,447
6315721,6.64006,9.60909,443,3436840,0.156799,0.48,1,63124,62681,443
6318641,2.92801,1.92182,445,3438300,0.11136,0.48,1,63126,62681,445
6321121,2.1856,0.384363,447,3439760,0.062272,0.37,1,63128,62681,447
6323201,6.83712,4.87687,449,3441220,0.212454,0.48,1,63136,62687,449
6325281,7.76742,12.1754,443,3442680,0.202491,0.48,1,63144,62701,443
6328201,76.7535,80.8351,439,3444140,0.160498,0.48,1,63238,62799,439
6331121,18.5507,16.167,443,3445600,0.1841,0.48,1,63242,62799,443
6334041,5.31014,3.2334,445,3447060,0.15682,0.48,1,63244,62799,445
6336961,2.66203,0.64668,447,3448520,0.119364,0.48,1,63246,62799,447
6339841,2.13241,0.129336,449,3449980,0.175873,0.51,1,63248,62799,449
6342761,2.02648,9.62587,439,3451440,0.155175,0.51,1,63250,62811,439
6345041,2.0053,1.92517,441,3452900,0.143035,0.19,1,63252,62811,441
6347961,11.6011,17.185,434,3454360,0.100607,0.19,1,63266,62832,434
6350881,3.92021,3.43701,436,3455820,0.148121,0.19,1,63268,62832,436
6353801,2.38404,0.687401,438,3457280,0.133624,0.19,1,63270,62832,438
6355441,1.27681,0.13748,439,3458740,0.226725,0.32,1,63271,62832,439
6358361,1.85536,10.4275,428,3460200,0.213345,0.32,1,63273,62845,428
6360021,17.1711,2.0855,449,3461660,0.074669,0,1,63294,62845,449
6362941,5.03421,22.8171,423,3463120,0.0149338,0,1,63296,62873,423
6365861,2.60684,4.56342,425,3464580,0.00298676,0,1,63298,62873,425
6368781,2.12137,0.912684,427,3466040,0.000597352,0,1,63300,62873,427
6371461,3.62427,0.182537,431,3467500,0.00011947,0.14,1,63304,62873,431
6373541,7.12485,8.03651,429,3468960,2.38941e-05,0,1,63312,62883,429
6376241,3.02497,8.0073,423,3470420,4.77881e-06,0,1,63314,62891,423
6379161,11.005,12.8015,422,3471880,9.55763e-07,0,1,63327,62905,422
6381441,3.801,2.56029,424,3473340,1.91153e-07,0,1,63329,62905,424
6383521,3.1602,4.51206,422,3474800,3.82305e-08,0,1,63332,62910,422
6386441,10.232,10.5024,422,3476260,7.6461e-09,0,1,63344,62922,422
6389361,3.64641,2.10048,424,3477720,0.064,0,1,63346,62922,424
6392281,2.32928,0.420096,426,3479180,0.0448,0,1,63348,62922,426
6394961,2.06586,0.0840193,428,3480640,0.00896,0,1,63350,62922,428
6397881,3.61317,5.6168,425,3482100,0.001792,0,1,63354,62929,425
6400801,2.32263,1.12336,427,3483560,0.0003584,0,1,63356,62929,427
6403281,2.06453,0.224672,429,3485020,7.168e-05,0.06,1,63358,62929,429
6406201,2.01291,6.44493,423,3486480,1.4336e-05,0.06,1,63360,62937,423
6407861,93.2026,1.28899,539,3487940,0.0960029,0.15,1,63476,62937,539
6410781,20.2405,89.8578,429,3489400,0.0832006,0.15,1,63478,63049,429
6413681,5.6481,17.9716,431,3490860,0.18464,0.15,1,63480,63049,431
6416601,9.12962,9.99431,433,3492320,0.140928,0.15,1,63490,63057,433
6418261,31.4259,1.99886,470,3493780,0.132186,0.27,1,63527,63057,470
6421181,7.88518,35.5998,428,3495240,0.234437,0.27,1,63529,63101,428
6424101,3.17704,7.11995,430,3496700,0.230887,0.27,1,63531,63101,430
6426581,5.43541,1.42399,436,3498160,0.142177,0.21,1,63537,63101,436
6428661,5.88708,4.2848,437,3499620,0.204435,0.18,1,63543,63106,437
6431581,2.77742,11.257,426,3501080,0.200887,0.18,1,63545,63119,426
6434501,2.15548,2.25139,428,3502540,0.168177,0.18,1,63547,63119,428
6437421,2.0311,0.450278,430,3504000,0.201635,0.18,1,63549,63119,430
6440341,2.00622,0.0900557,432,3505460,0.264327,0.18,1,63551,63119,432
6443261,2.00124,0.0180111,434,3506920,0.244865,0.18,1,63553,63119,434
6445301,5.20025,0.00360223,440,3508380,0.192973,0.23,1,63559,63119,440
6448221,2.64005,10.4007,429,3509840,0.158595,0.23,1,63561,63132,429
6451141,2.12801,2.08014,431,3511300,0.119719,0.23,1,63563,63132,431
6453621,2.0256,0.416029,433,3512760,0.231944,0.21,1,63565,63132,433
6455701,9.20512,4.88321,438,3514220,0.206389,0.28,1,63576,63138,438
6457781,77.841,11.3766,520,3515680,0.273278,0.21,1,63671,63151,520
6460701,17.1682,79.0753,426,3517140,0.254656,0.21,1,63673,63247,426
6463621,5.03364,15.8151,428,3518600,0.218931,0.21,1,63675,63247,428
6466541,2.60673,3.16301,430,3520060,0.171786,0.21,1,63677,63247,430
6469221,3.72135,0.632603,434,3521520,0.0983572,0.2,1,63681,63247,434
6472141,2.34427,8.12652,426,3522980,0.243671,0.2,1,63683,63257,426
6475061,2.06885,1.6253,428,3524440,0.232734,0.2,1,63685,63257,428
6477541,10.8138,0.325061,441,3525900,0.126547,0.15,1,63698,63257,441
6480461,3.76275,15.265,424,3527360,0.0733094,0.15,1,63700,63276,424
6483381,2.35255,3.053,426,3528820,0.102662,0.15,1,63702,63276,426
6486301,2.07051,0.6106,428,3530280,0.108532,0.15,1,63704,63276,428
6488561,2.0141,0.12212,430,3531740,0.181706,0,1,63706,63276,430
6491481,18.8028,24.8244,422,3533200,0.132341,0,1,63729,63307,422
6494401,5.36056,4.96488,424,3534660,0.0904683,0,1,63731,63307,424
6497321,2.67211,0.992977,426,3536120,0.0500937,0,1,63733,63307,426
6500241,2.13442,0.198595,428,3537580,0.0100187,0,1,63735,63307,428
6502081,1.22688,0.0397191,429,3539040,0.00200375,0.1,1,63736,63307,429
6505001,6.64538,12.0079,422,3540500,0.000400749,0.1,1,63744,63322,422
6507281,2.92908,2.40159,424,3541960,8.01498e-05,0.02,1,63746,63322,424
6510201,9.38582,10.8803,422,3543420,0.016016,0.02,1,63757,63335,422
6513121,3.47716,2.17606,424,3544880,0.0352032,0.02,1,63759,63335,424
6516021,12.6954,0.435213,439,3546340,0.00704064,0,1,63774,63335,439
6518941,4.13909,14.487,423,3547800,0.00140813,0,1,63776,63353,423
6521861,2.42782,2.89741,425,3549260,0.000281626,0,1,63778,63353,425
6524781,2.08556,0.579482,427,3550720,5.63251e-05,0,1,63780,63353,427
6527461,5.21711,0.115896,433,3552180,1.1265e-05,0.12,1,63786,63353,433
6530381,2.64342,9.62318,423,3553640,2.253e-06,0.12,1,63788,63365,423
6533301,2.12868,1.92464,425,3555100,4.50601e-07,0.12,1,63790,63365,425
6536221,2.02574,0.384927,427,3556560,9.01202e-08,0.12,1,63792,63365,427
6537861,94.8051,0.0769854,545,3558020,0.192,0.19,1,63910,63365,545
6540781,20.561,97.6154,425,3559480,0.1984,0.19,1,63912,63487,425
6543701,5.71221,19.5231,427,3560940,0.16768,0.19,1,63914,63487,427
6546181,10.7424,3.90462,439,3562400,0.153536,0.11,1,63926,63487,439
6548261,25.3485,5.58092,462,3563860,0.126707,0.26,1,63955,63493,462
6550341,17.8697,29.9162,442,3565320,0.129341,0.3,1,63971,63529,442
6553261,5.17394,13.9832,434,3566780,0.0978683,0.3,1,63973,63539,434
6556181,2.63479,2.79665,436,3568240,0.0915737,0.3,1,63975,63539,436
6558661,4.52696,0.559329,441,3569700,0.122315,0.24,1,63980,63539,441
6561581,2.50539,11.3119,429,3571160,0.104463,0.24,1,63982,63553,429
6564501,2.10108,2.26237,431,3572620,0.0688926,0.24,1,63984,63553,431
6567421,2.02022,0.452475,433,3574080,0.117779,0.24,1,63986,63553,433
6570341,2.00404,0.0904949,435,3575540,0.103556,0.24,1,63988,63553,435
6572181,1.20081,0.018099,436,3577000,0.0847111,0.18,1,63989,63553,436
6573841,1.04016,4.80362,431,3578460,0.0649422,0.21,1,63990,63559,431
6576761,5.80803,8.16072,429,3579920,0.0289884,0.21,1,63997,63568,429
6579681,2.76161,1.63214,431,3581380,0.197798,0.21,1,63999,63568,431
6582601,2.15232,0.326429,433,3582840,0.19956,0.21,1,64001,63568,433
6584241,1.23046,0.0652858,434,3584300,0.183912,0.28,1,64002,63568,434
6586321,9.84609,12.8131,430,3585760,0.156782,0.08,1,64014,63584,430
6589241,76.3692,80.1626,426,3587220,0.143356,0.08,1,64107,63681,426
6592161,16.8738,16.0325,428,3588680,0.108671,0.08,1,64109,63681,428
6595081,4.97477,3.2065,430,3590140,0.253734,0.08,1,64111,63681,430
6596721,1.79495,0.641301,431,3591600,0.266747,0.19,1,64112,63681,431
6599641,7.55899,10.5283,427,3593060,0.309349,0.19,1,64121,63694,427
6602561,3.1118,2.10565,429,3594520,0.34187,0.19,1,64123,63694,429
6605481,2.22236,0.42113,431,3595980,0.316374,0.19,1,64125,63694,431
6607541,9.24447,0.0842261,442,3597440,0.327275,0.15,1,64136,63694,442
6610461,3.44889,12.0168,429,3598900,0.289455,0.15,1,64138,63709,429
6613381,2.28978,2.40337,431,3600360,0.249891,0.15,1,64140,63709,431
6616301,2.05796,0.480674,433,3601820,0.217978,0.15,1,64142,63709,433
6619221,2.01159,0.0961347,435,3603280,0.323596,0.15,1,64144,63709,435
6621061,12.4023,0.0192269,450,3604740,0.312719,0,1,64159,63709,450
6623981,4.08046,23.2038,423,3606200,0.278544,0,1,64161,63738,423
6626901,2.41609,4.64077,425,3607660,0.247709,0,1,64163,63738,425
6629821,2.08322,0.928154,427,3609120,0.217542,0,1,64165,63738,427
6632741,2.01664,0.185631,429,3610580,0.179508,0,1,64167,63738,429
6634581,1.20333,0.0371261,430,3612040,0.155902,0,1,64168,63738,430
6637501,1.84067,7.20743,423,3613500,0.12718,0,1,64170,63747,423
6639781,18.7681,1.44149,446,3614960,0.0574361,0,1,64193,63747,446
6642701,5.35363,20.2883,423,3616420,0.0114872,0,1,64195,63772,423
6644981,7.47073,4.05766,431,3617880,0.00229744,0.06,1,64203,63772,431
6647901,3.09414,8.81153,423,3619340,0.000459488,0.06,1,64205,63782,423
6650821,2.21883,1.76231,425,3620800,9.18977e-05,0.06,1,64207,63782,425
6653741,2.04377,0.352461,427,3622260,1.83795e-05,0.06,1,64209,63782,427
6656421,2.80875,0.0704922,430,3623720,0.0160037,0,1,64212,63782,430
6659341,2.96175,6.4141,425,3625180,0.0192007,0,1,64215,63790,425
6661201,1.39235,1.28282,426,3626640,0.00384015,0.12,1,64216,63790,426
6664121,5.07847,8.25656,422,3628100,0.000768029,0.12,1,64222,63800,422
6666401,2.61569,1.65131,424,3629560,0.0641536,0.19,1,64224,63800,424
6669321,98.1231,99.5303,422,3631020,0.0128307,0.19,1,64346,63924,422
6672241,21.2246,19.9061,424,3632480,0.0985662,0.19,1,64348,63924,424
6674721,5.84493,3.98121,426,3633940,0.0837132,0.11,1,64350,63924,426
6676801,9.96899,3.99624,433,3635400,0.112743,0.21,1,64361,63928,433
6678881,25.1938,28.7992,427,3636860,0.166549,0.1,1,64390,63963,427
6681801,21.0388,25.7598,422,3638320,0.12131,0.1,1,64410,63988,422
6684721,5.80775,5.15197,424,3639780,0.0882619,0.1,1,64412,63988,424
6687641,2.76155,1.03039,426,3641240,0.0496524,0.1,1,64414,63988,426
6690561,2.15231,0.206079,428,3642700,0.16193,0.1,1,64416,63988,428
6693481,2.03046,0.0412157,430,3644160,0.160386,0.1,1,64418,63988,430
6696401,2.00609,0.00824315,432,3645620,0.128077,0.1,1,64420,63988,432
6699061,2.80122,0.00164863,435,3647080,0.0736154,0.24,1,64423,63988,435
6701981,3.76024,8.80033,428,3648540,0.0147231,0.24,1,64427,63999,428
6704901,3.15205,1.76007,431,3650000,0.0509446,0.24,1,64430,63999,431
6706961,2.23041,0.352013,433,3651460,0.178189,0.19,1,64432,63999,433
6709881,2.04608,10.4704,422,3652920,0.179638,0.19,1,64434,64012,422
6712801,2.00922,2.09408,424,3654380,0.147928,0.19,1,64436,64012,424
6715281,2.00184,0.418816,426,3655840,0.109586,0.19,1,64438,64012,426
6717361,16.4004,12.8838,430,3657300,0.0699171,0.29,1,64458,64028,430
6720281,76.0801,68.9768,438,3658760,0.149983,0.29,1,64549,64111,438
6722561,16.816,13.7953,440,3660220,0.213997,0.34,1,64551,64111,440
6725481,4.9632,9.95907,433,3661680,0.194799,0.34,1,64553,64120,433
6727761,2.59264,1.99181,435,3663140,0.15896,0.41,1,64555,64120,435
6730681,7.71853,9.99836,432,3664600,0.175792,0.41,1,64564,64132,432
6733601,3.14371,1.99967,434,3666060,0.147158,0.41,1,64566,64132,434
6736081,2.22874,0.399934,436,3667520,0.117432,0.28,1,64568,64132,436
6738161,5.24575,4.87999,436,3668980,0.223486,0.32,1,64574,64138,436
6741081,5.84915,7.376,434,3670440,0.156697,0.32,1,64580,64146,434
6744001,2.76983,1.4752,436,3671900,0.111339,0.32,1,64582,64146,436
6746921,2.15397,0.29504,438,3673360,0.110268,0.32,1,64584,64146,438
6749601,2.03079,0.059008,440,3674820,0.0780536,0.08,1,64586,64146,440
6752521,6.80616,20.8118,422,3676280,0.127611,0.08,1,64594,64172,422
6755441,2.96123,4.16236,424,3677740,0.145522,0.08,1,64596,64172,424
6758361,2.19225,0.832472,426,3679200,0.117104,0.08,1,64598,64172,426
6761281,2.03845,0.166494,428,3680660,0.199421,0.08,1,64600,64172,428
6764201,2.00769,0.0332989,430,3682120,0.175884,0.08,1,64602,64172,430
6767121,2.00154,0.00665977,432,3683580,0.131177,0.08,1,64604,64172,432
6769781,13.2003,0.00133195,448,3685040,0.0262354,0,1,64620,64172,448
6772701,4.24006,21.6003,423,3686500,0.00524707,0,1,64622,64199,423
6774981,3.24801,4.32005,426,3687960,0.0650494,0,1,64625,64199,426
6777061,7.0496,4.86401,429,3689420,0.0130099,0.02,1,64633,64204,429
6779981,3.00992,7.3728,423,3690880,0.00260198,0.02,1,64635,64212,423
6782901,2.20198,1.47456,425,3692340,0.000520395,0.02,1,64637,64212,425
6785381,3.6404,0.294912,429,3693800,0.000104079,0,1,64641,64212,429
6788301,2.32808,6.45898,423,3695260,2.08158e-05,0,1,64643,64220,423
6791221,2.06562,1.2918,425,3696720,4.16316e-06,0,1,64645,64220,425
6793701,3.61312,0.258359,429,3698180,0.0640008,0.02,1,64649,64220,429
6796621,2.32262,5.65167,424,3699640,0.0448002,0.02,1,64651,64227,424
6798901,99.6645,1.13033,548,3701100,0.08896,0.08,1,64775,64227,548
6801821,21.5329,98.6261,427,3702560,0.065792,0.08,1,64777,64350,427
6804101,9.10658,19.7252,433,3704020,0.125158,0.12,1,64783,64350,433
6805761,3.42132,12.745,424,3705480,0.105032,0.03,1,64785,64361,424
6807841,7.08426,8.14901,425,3706940,0.0610063,0.1,1,64793,64368,425
6809921,23.8169,22.4298,427,3708400,0.100201,0.12,1,64821,64394,427
6812841,23.9634,25.286,425,3709860,0.13204,0.12,1,64845,64420,425
6815761,6.39267,5.05719,427,3711320,0.106408,0.12,1,64847,64420,427
6818681,2.87853,1.01144,429,3712780,0.157282,0.12,1,64849,64420,429
6821601,2.17571,0.202288,431,3714240,0.135456,0.12,1,64851,64420,431
6824481,2.03514,0.0404575,433,3715700,0.107091,0.06,1,64853,64420,433
6827401,2.00703,7.20809,426,3717160,0.0694183,0.06,1,64855,64429,426
6830321,2.00141,1.44162,428,3718620,0.0298836,0.06,1,64857,64429,428
6832801,2.00028,0.288324,430,3720080,0.0539767,0.1,1,64859,64429,430
6835721,5.20006,7.25767,427,3721540,0.154795,0.1,1,64865,64438,427
6838641,2.64001,1.45153,429,3723000,0.142959,0.1,1,64867,64438,429
6841561,2.128,0.290307,431,3724460,0.108592,0.1,1,64869,64438,431
6843201,1.2256,0.0580613,432,3725920,0.0857184,0.24,1,64870,64438,432
6846121,1.84512,8.01161,424,3727380,0.0491437,0.24,1,64872,64448,424
6847781,21.969,1.60232,451,3728840,0.00982873,0.25,1,64899,64448,451
6849861,77.1938,18.7205,519,3730300,0.113966,0.19,1,64990,64471,519
6852781,17.0388,77.3441,429,3731760,0.206793,0.19,1,64992,64563,429
6855701,5.00775,15.4688,431,3733220,0.313359,0.19,1,64994,64563,431
6858621,2.60155,3.09376,433,3734680,0.302672,0.19,1,64996,64563,433
6860261,6.92031,0.618753,441,3736140,0.284534,0.17,1,65004,64563,441
6863181,2.98406,12.1238,428,3737600,0.304907,0.17,1,65006,64578,428
6866101,2.19681,2.42475,430,3739060,0.276981,0.17,1,65008,64578,430
6869021,2.03936,0.48495,432,3740520,0.239396,0.17,1,65010,64578,432
6870661,2.80787,0.09699,435,3741980,0.239879,0.24,1,65013,64578,435
6873581,2.16157,8.0194,427,3743440,0.207976,0.24,1,65015,64588,427
6876501,2.03231,1.60388,429,3744900,0.209595,0.24,1,65017,64588,429
6879421,2.00646,0.320776,431,3746360,0.305919,0.24,1,65019,64588,431
6882101,2.00129,0.0641552,433,3747820,0.293184,0.24,1,65021,64588,433
6885021,2.00026,8.81283,424,3749280,0.322637,0.24,1,65023,64599,424
6887941,2.00005,1.76257,426,3750740,0.296527,0.24,1,65025,64599,426
6890421,7.60001,0.352513,435,3752200,0.243305,0.06,1,65034,64599,435
6893341,3.12,11.2705,423,3753660,0.192661,0.06,1,65036,64613,423
6896261,2.224,2.2541,425,3755120,0.150532,0.06,1,65038,64613,425
6898741,14.8448,0.45082,443,3756580,0.118106,0,1,65056,64613,443
6901661,4.56896,17.6902,423,3758040,0.0876213,0,1,65058,64635,423
6904581,2.51379,3.53803,425,3759500,0.0495243,0,1,65060,64635,425
6907501,2.10276,0.707606,427,3760960,0.00990485,0,1,65062,64635,427
6909141,5.22055,0.141521,433,3762420,0.00198097,0.12,1,65068,64635,433
6912061,2.64411,9.6283,423,3763880,0.000396194,0.12,1,65070,64647,423
6914981,2.12882,1.92566,425,3765340,7.92388e-05,0.12,1,65072,64647,425
6917901,2.02576,0.385132,427,3766800,1.58478e-05,0.12,1,65074,64647,427
6920821,2.00515,0.0770264,429,3768260,0.112003,0.12,1,65076,64647,429
6923701,4.40103,0.0154053,434,3769720,0.0544006,0.14,1,65081,64647,434
6926621,2.48021,10.4031,423,3771180,0.0108801,0.14,1,65083,64660,423
6928901,98.896,2.08062,546,3772640,0.146176,0.14,1,65206,64660,546
6931821,21.3792,98.8161,425,3774100,0.133235,0.14,1,65208,64783,425
6934101,8.27584,19.7632,430,3775560,0.058647,0.06,1,65213,64783,430
6936801,4.85517,10.3526,426,3777020,0.155729,0.07,1,65217,64791,426
6938881,5.77103,6.87053,426,3778480,0.0791459,0.07,1,65223,64797,426
6940961,25.9542,25.3741,427,3779940,0.167829,0.08,1,65254,64827,427
6943881,22.7908,26.6748,422,3781400,0.0335658,0.08,1,65276,64854,422
6946801,6.15817,5.33496,424,3782860,0.150713,0.08,1,65278,64854,424
6949721,2.83163,1.06699,426,3784320,0.166143,0.08,1,65280,64854,426
6952641,2.16633,0.213399,428,3785780,0.137229,0.08,1,65282,64854,428
6955521,2.03327,0.0426797,430,3787240,0.0994457,0.18,1,65284,64854,430
6958441,2.80665,8.80854,422,3788700,0.131889,0.18,1,65287,64865,422
6961361,2.16133,1.76171,424,3790160,0.114378,0.18,1,65289,64865,424
6963841,2.03227,0.352341,426,3791620,0.142876,0.11,1,65291,64865,426
6966761,8.40645,11.2705,422,3793080,0.172575,0.11,1,65301,64879,422
6969681,3.28129,2.25409,424,3794540,0.146515,0.11,1,65303,64879,424
6972601,2.25626,0.450819,426,3796000,0.109303,0.11,1,65305,64879,426
6975521,2.05125,0.0901637,428,3797460,0.109861,0.11,1,65307,64879,428
6977781,22.8102,0.0180327,456,3798920,0.101972,0.3,1,65335,64879,456
6979861,79.7621,18.4036,527,3800380,0.228394,0.34,1,65429,64902,527
6982781,17.5524,77.2807,437,3801840,0.221679,0.34,1,65431,64994,437
6985061,9.91048,15.4561,445,3803300,0.284336,0.27,1,65439,64994,445
6987981,3.5821,14.2912,433,3804760,0.264867,0.27,1,65441,65008,433
6990901,2.31642,2.85825,435,3806220,0.260973,0.27,1,65443,65008,435
6993821,2.06328,0.571649,437,3807680,0.284195,0.27,1,65445,65008,437
6995461,1.21266,0.11433,438,3809140,0.272839,0.25,1,65446,65008,438
6998381,1.84253,3.22287,436,3810600,0.238568,0.25,1,65448,65012,436
7000661,1.96851,0.644573,438,3812060,0.199714,0.21,1,65450,65012,438
7003581,1.9937,4.12891,435,3813520,0.159943,0.21,1,65452,65017,435
7005861,4.39874,0.825783,440,3814980,0.183989,0.29,1,65457,65017,440
7008781,2.47975,11.3652,428,3816440,0.292798,0.29,1,65459,65031,428
7011701,2.09595,2.27303,430,3817900,0.29056,0.29,1,65461,65031,430
7014621,2.01919,0.454606,432,3819360,0.258112,0.29,1,65463,65031,432
7017541,2.00384,0.0909212,434,3820820,0.219622,0.29,1,65465,65031,434
7020421,2.00077,0.0181842,436,3822280,0.179924,0.26,1,65467,65031,436
7023341,2.00015,8.80364,427,3823740,0.235985,0.26,1,65469,65042,427
7026261,2.00003,1.76073,429,3825200,0.215197,0.26,1,65471,65042,429
7028741,12.4,0.352145,444,3826660,0.275039,0,1,65486,65042,444
7031661,4.08,18.4704,423,3828120,0.255008,0,1,65488,65065,423
7034581,2.416,3.69409,425,3829580,0.219002,0,1,65490,65065,425
7037501,2.0832,0.738817,427,3831040,0.1718,0,1,65492,65065,427
7039141,4.41664,0.147763,432,3832500,0.0823601,0.14,1,65497,65065,432
7042061,2.48333,8.82955,423,3833960,0.032472,0.14,1,65499,65076,423
7044981,2.09667,1.76591,425,3835420,0.0064944,0.14,1,65501,65076,425
7047901,2.01933,0.353182,427,3836880,0.00129888,0.14,1,65503,65076,427
7049541,7.60387,0.0706364,436,3838340,0.0482598,0.08,1,65512,65076,436
7052461,3.92077,11.2141,425,3839800,0.121652,0.08,1,65515,65090,425
7055381,2.38415,2.24283,427,3841260,0.10433,0.08,1,65517,65090,427
7057441,2.07683,0.448565,429,3842720,0.0688661,0.02,1,65519,65090,429
7060361,95.6154,99.2897,424,3844180,0.165773,0.02,1,65638,65214,424
7063281,20.7231,19.8579,426,3845640,0.161155,0.02,1,65640,65214,426
7066181,6.54461,3.97159,429,3847100,0.112231,0.12,1,65643,65214,429
7067841,3.70892,5.59432,426,3848560,0.206446,0.18,1,65646,65220,426
7069921,7.94178,9.11886,425,3850020,0.161289,0.1,1,65655,65230,425
7072001,36.7884,33.0238,430,3851480,0.160258,0.19,1,65699,65269,430
7074921,13.7577,14.6048,428,3852940,0.0320516,0.19,1,65707,65279,428
7077201,4.35153,2.92095,430,3854400,0.10241,0.17,1,65709,65279,430
7080121,3.27031,9.38419,422,3855860,0.0684821,0.17,1,65712,65290,422
7083041,2.25406,1.87684,424,3857320,0.0296964,0.17,1,65714,65290,424
7085961,2.05081,0.375368,426,3858780,0.00593928,0.17,1,65716,65290,426
7088881,2.01016,0.0750735,428,3860240,0.00118786,0.17,1,65718,65290,428
7091761,2.00203,0.0150147,430,3861700,0.0962376,0.07,1,65720,65290,430
7094681,2.00041,4.003,427,3863160,0.155248,0.07,1,65722,65295,427
7096341,10.0001,0.800601,439,3864620,0.143049,0.06,1,65734,65295,439
7099261,3.60002,14.5601,423,3866080,0.10861,0.06,1,65736,65313,423
7102181,2.32,2.91202,425,3867540,0.069722,0.06,1,65738,65313,425
7105101,2.064,0.582405,427,3869000,0.0299444,0.06,1,65740,65313,427
7107781,24.4128,0.116481,457,3870460,0.00598888,0.14,1,65770,65313,457
7109861,82.4826,28.0233,519,3871920,0.209198,0.18,1,65867,65348,519
7112781,18.0965,73.6047,436,3873380,0.21784,0.18,1,65869,65433,436
7115061,10.8193,14.7209,445,3874840,0.227568,0.23,1,65878,65433,445
7117981,3.76386,14.9442,432,3876300,0.197514,0.23,1,65880,65448,432
7120901,2.35277,2.98884,434,3877760,0.191503,0.23,1,65882,65448,434
7123821,2.07055,0.597767,436,3879220,0.158301,0.23,1,65884,65448,436
7126081,2.01411,0.119553,438,3880680,0.11966,0.19,1,65886,65448,438
7129001,2.00282,7.22391,431,3882140,0.183932,0.19,1,65888,65457,431
7131921,2.00056,1.44478,433,3883600,0.204786,0.19,1,65890,65457,433
7134401,2.00011,0.288956,435,3885060,0.256957,0.21,1,65892,65457,435
7137321,3.60002,6.45779,431,3886520,0.211391,0.21,1,65896,65465,431
7140241,2.32,1.29156,433,3887980,0.170278,0.21,1,65898,65465,433
7143161,2.064,0.258312,435,3889440,0.138056,0.21,1,65900,65465,435
7144801,1.2128,0.0516623,436,3890900,0.115611,0.19,1,65901,65465,436
7147721,1.84256,5.61033,431,3892360,0.0711222,0.19,1,65903,65472,431
7150641,1.96851,1.12207,433,3893820,0.0302244,0.19,1,65905,65472,433
7153561,1.9937,0.224413,435,3895280,0.214045,0.19,1,65907,65472,435
7156481,1.99874,0.0448827,437,3896740,0.218809,0.19,1,65909,65472,437
7158741,7.59975,0.00897653,446,3898200,0.219762,0.06,1,65918,65472,446
7161661,3.11995,20.0018,423,3899660,0.187952,0.06,1,65920,65497,423
7164581,2.22399,4.00036,425,3901120,0.27759,0.06,1,65922,65497,425
7167501,2.0448,0.800072,427,3902580,0.263518,0.06,1,65924,65497,427
7169141,1.20896,0.160014,428,3904040,0.244704,0,1,65925,65497,428
7172061,1.84179,5.632,423,3905500,0.208941,0,1,65927,65504,423
7174981,1.96836,1.1264,425,3906960,0.161788,0,1,65929,65504,425
7177901,1.99367,0.22528,427,3908420,0.128358,0,1,65931,65504,427
7179541,8.39873,0.045056,437,3909880,0.0896715,0.04,1,65941,65504,437
7182461,3.27975,12.809,423,3911340,0.0499343,0.04,1,65943,65520,423
7185381,2.25595,2.5618,425,3912800,0.00998686,0.04,1,65945,65520,425
7188301,2.05119,0.51236,427,3914260,0.00199737,0.04,1,65947,65520,427
7189941,101.21,0.102472,553,3915720,0.144399,0.16,1,66073,65520,553
7192861,21.842,104.02,425,3917180,0.14088,0.16,1,66075,65650,425
7195781,5.96841,20.8041,427,3918640,0.108176,0.16,1,66077,65650,427
7198701,2.79368,4.16082,429,3920100,0.173635,0.16,1,66079,65650,429
7200341,7.75874,0.832164,438,3921560,0.122727,0.17,1,66088,65650,438
7202421,40.7517,9.76643,475,3923020,0.224545,0.08,1,66137,65662,475
7205341,9.75035,41.1533,428,3924480,0.212909,0.08,1,66139,65711,428
7208241,3.55007,8.23066,430,3925940,0.178582,0.19,1,66141,65711,430
7211161,2.31001,9.64613,422,3927400,0.131716,0.19,1,66143,65721,422
7214081,2.062,1.92923,424,3928860,0.0903433,0.19,1,66145,65721,424
7217001,2.0124,0.385845,426,3930320,0.0500687,0.19,1,66147,65721,426
7219921,2.00248,0.077169,428,3931780,0.0100137,0.19,1,66149,65721,428
7222801,2.0005,0.0154338,430,3933240,0.114003,0.19,1,66151,65721,430
7224881,2.0001,8.00309,422,3934700,0.102801,0.06,1,66153,65731,422
7227801,8.40002,7.20062,425,3936160,0.14856,0.06,1,66163,65738,425
7230081,3.28,1.44012,427,3937620,0.125712,0.02,1,66165,65738,427
7233001,2.256,3.48802,425,3939080,0.0891424,0.02,1,66167,65742,425
7235281,2.0512,0.697605,427,3940540,0.137828,0,1,66169,65742,427
7238201,27.6102,29.7395,424,3942000,0.0915657,0,1,66203,65779,424
7239861,92.7221,5.9479,533,3943460,0.0503131,0.19,1,66312,65779,533
7242781,20.1444,81.9896,434,3944920,0.162063,0.19,1,66314,65880,434
7245681,5.62888,16.3979,436,3946380,0.160413,0.22,1,66316,65880,436
7248601,2.72578,15.2796,423,3947840,0.128082,0.22,1,66318,65895,423
7251521,2.14516,3.05592,425,3949300,0.0896165,0.22,1,66320,65895,425
7254441,2.02903,0.611183,427,3950760,0.0739233,0.22,1,66322,65895,427
7257361,2.00581,0.122237,429,3952220,0.190785,0.22,1,66324,65895,429
7260281,2.00116,0.0244473,431,3953680,0.190157,0.22,1,66326,65895,431
7263201,2.00023,0.00488947,433,3955140,0.166031,0.22,1,66328,65895,433
7265441,2.00005,0.000977893,435,3956600,0.129206,0.08,1,66330,65895,435
7268361,2.00001,5.6002,430,3958060,0.0898413,0.08,1,66332,65902,430
7271281,2,1.12004,432,3959520,0.0499683,0.08,1,66334,65902,432
7274201,2,0.224008,434,3960980,0.00999365,0.08,1,66336,65902,434
7275841,1.2,0.0448016,435,3962440,0.00199873,0.18,1,66337,65902,435
7278761,3.44,7.20896,430,3963900,0.2084,0.18,1,66341,65911,430
7281681,2.288,1.44179,432,3965360,0.21768,0.18,1,66343,65911,432
7284601,2.0576,0.288358,434,3966820,0.187536,0.18,1,66345,65911,434
7287281,2.01152,0.0576717,436,3968280,0.149507,0.24,1,66347,65911,436
7290201,2.0023,11.2115,424,3969740,0.109901,0.24,1,66349,65925,424
7293121,2.00046,2.24231,426,3971200,0.23798,0.24,1,66351,65925,426
7296041,2.00009,0.448461,428,3972660,0.231596,0.24,1,66353,65925,428
7297681,1.20002,0.0896923,429,3974120,0.214319,0.12,1,66354,65925,429
7300601,5.84,11.2179,422,3975580,0.106864,0.12,1,66361,65939,422
7303521,2.768,2.24359,424,3977040,0.229373,0.12,1,66363,65939,424
7306441,2.1536,0.448717,426,3978500,0.221875,0.12,1,66365,65939,426
7308081,1.23072,0.0897435,427,3979960,0.212375,0,1,66366,65939,427
7311001,1.84614,5.61795,422,3981420,0.178475,0,1,66368,65946,422
7313921,1.96923,1.12359,424,3982880,0.139695,0,1,66370,65946,424
7316401,1.99385,0.224718,426,3984340,0.099939,0.04,1,66372,65946,426
7318481,4.39877,7.24494,422,3985800,0.203988,0.21,1,66377,65955,422
7321401,104.08,99.849,428,3987260,0.120798,0.21,1,66506,66078,428
7324321,22.416,19.9698,430,3988720,0.0721595,0.21,1,66508,66078,430
7326801,6.08319,3.99396,432,3990180,0.0304319,0.15,1,66510,66078,432
7328881,6.01664,7.19879,430,3991640,0.0700864,0.15,1,66516,66086,430
7330961,6.80333,12.6398,423,3993100,0.0780173,0,1,66523,66100,423
7333881,39.7607,41.728,422,3994560,0.0476035,0,1,66571,66149,422
7336801,9.55213,8.34559,424,3996020,0.00952069,0,1,66573,66149,424
7339721,3.51043,1.66912,426,3997480,0.161904,0,1,66575,66149,426
7342641,2.30209,0.333824,428,3998940,0.160381,0,1,66577,66149,428
7345561,2.06042,0.0667647,430,4000400,0.128076,0,1,66579,66149,430
7347601,2.01208,0.0133529,432,4001860,0.0896152,0,1,66581,66149,432
7350521,2.00242,7.20267,425,4003320,0.049923,0,1,66583,66158,425
7353441,2.00048,1.44053,427,4004780,0.00998461,0,1,66585,66158,427
7355921,2.0001,0.288107,429,4006240,0.00199692,0.17,1,66587,66158,429
7358841,2.80002,8.05762,422,4007700,0.192399,0.17,1,66590,66168,422
7361761,2.16,1.61152,424,4009160,0.19848,0.17,1,66592,66168,424
7364661,5.232,0.322305,430,4010620,0.159696,0.11,1,66598,66168,430
7366321,1.8464,2.46446,428,4012080,0.127939,0,1,66599,66171,428
7368401,34.7693,34.0929,429,4013540,0.0255878,0.16,1,66642,66213,429
7371321,93.3539,98.8186,422,4015000,0.0851176,0.16,1,66750,66328,422
7374241,20.2708,19.7637,424,4016460,0.0650235,0.16,1,66752,66328,424
7377161,5.65415,3.95274,426,4017920,0.149005,0.16,1,66754,66328,426
7380081,2.73083,0.790548,428,4019380,0.165801,0.16,1,66756,66328,428
7383001,2.14617,0.15811,430,4020840,0.13716,0.16,1,66758,66328,430
7385921,2.02923,0.0316219,432,4022300,0.099432,0.16,1,66760,66328,432
7388841,2.00585,0.00632439,434,4023760,0.115886,0.16,1,66762,66328,434
7391281,2.00117,0.00126488,436,4025220,0.0951773,0.28,1,66764,66328,436
7394201,2.00023,9.60025,426,4026680,0.123035,0.28,1,66766,66340,426
7397121,2.00005,1.92005,428,4028140,0.0966071,0.28,1,66768,66340,428
7400041,2.00001,0.38401,430,4029600,0.0673214,0.28,1,66770,66340,430
7402961,2,0.076802,432,4031060,0.0294643,0.28,1,66772,66340,432
7405881,2,0.0153604,434,4032520,0.149893,0.28,1,66774,66340,434
7408341,2,0.00307208,436,4033980,0.141979,0.27,1,66776,66340,436
7411261,2,8.80061,427,4035440,0.108396,0.27,1,66778,66351,427
7414181,2,1.76012,429,4036900,0.0696791,0.27,1,66780,66351,429
7417101,2,0.352025,431,4038360,0.0299358,0.27,1,66782,66351,431
7420021,2,0.0704049,433,4039820,0.00598717,0.27,1,66784,66351,433
7421861,2.8,0.014081,436,4041280,0.113197,0.28,1,66787,66351,436
7424781,2.16,8.80282,427,4042740,0.102639,0.28,1,66789,66362,427
7427701,2.032,1.76056,429,4044200,0.0685279,0.28,1,66791,66362,429
7430621,2.0064,0.352113,431,4045660,0.0297056,0.28,1,66793,66362,431
7432261,1.20128,0.0704225,432,4047120,0.157941,0.21,1,66794,66362,432
7435181,1.84026,3.21408,430,4048580,0.159588,0.21,1,66796,66366,430
7437041,1.16805,0.642817,431,4050040,0.143918,0.13,1,66797,66366,431
7439961,5.83361,12.9286,422,4051500,0.0767835,0.13,1,66804,66382,422
7442881,2.76672,2.58571,424,4052960,0.0313567,0.13,1,66806,66382,424
7445801,2.15334,0.517142,426,4054420,0.00627134,0.13,1,66808,66382,426
7448721,2.03067,0.103428,428,4055880,0.0172543,0.13,1,66810,66382,428
7450981,98.0061,0.0206857,550,4057340,0.00345085,0.18,1,66932,66382,550
7453901,21.2012,103.204,423,4058800,0.14469,0.18,1,66934,66511,423
7456821,5.84024,20.6408,425,4060260,0.140938,0.18,1,66936,66511,425
7459301,13.968,4.12817,441,4061720,0.0281876,0.06,1,66952,66511,441
7462001,4.39361,11.2256,430,4063180,0.125638,0.14,1,66954,66524,430
7464921,39.2787,45.4451,424,4064640,0.137128,0.14,1,67002,66578,424
7467841,11.0557,9.08902,428,4066100,0.0754255,0.14,1,67006,66578,428
7470761,5.41115,1.8178,432,4067560,0.0150851,0.14,1,67010,66578,432
7473441,2.68223,0.363561,434,4069020,0.00301702,0.06,1,67012,66578,434
7476361,2.13645,3.27271,432,4070480,0.0966034,0.06,1,67014,66582,432
7478641,2.02729,0.654542,434,4071940,0.0833207,0.2,1,67016,66582,434
7481561,2.00546,8.13091,426,4073400,0.0486641,0.2,1,67018,66592,426
7484481,2.00109,1.62618,428,4074860,0.00973283,0.2,1,67020,66592,428
7487401,2.00022,0.325236,430,4076320,0.00194657,0.2,1,67022,66592,430
7489041,1.20004,0.0650473,431,4077780,0.0803893,0.19,1,67023,66592,431
7491961,5.04001,9.61301,425,4079240,0.128078,0.19,1,67029,66604,425
7494881,2.608,1.9226,427,4080700,0.105616,0.19,1,67031,66604,427
7497361,2.1216,0.38452,429,4082160,0.0691231,0.04,1,67033,66604,429
7499441,38.0243,38.4769,428,4083620,0.109825,0.17,1,67080,66652,428
7502361,88.4049,89.2954,427,4085080,0.237965,0.17,1,67181,66754,427
7504641,19.281,17.8591,429,4086540,0.255593,0.1,1,67183,66754,429
7507561,5.45619,10.7718,422,4088000,0.235119,0.1,1,67185,66763,422
7510481,2.69124,2.15436,424,4089460,0.199024,0.1,1,67187,66763,424
7513401,2.13825,0.430873,426,4090920,0.183805,0.1,1,67189,66763,426
7516321,2.02765,0.0861745,428,4092380,0.148761,0.1,1,67191,66763,428
7519201,2.00553,0.0172349,430,4093840,0.229752,0.18,1,67193,66763,430
7522121,2.80111,8.80345,422,4095300,0.20595,0.18,1,67196,66774,422
7525041,2.16022,1.76069,424,4096760,0.24919,0.18,1,67198,66774,424
7527961,2.03204,0.352138,426,4098220,0.233838,0.18,1,67200,66774,426
7530881,2.00641,0.0704276,428,4099680,0.270768,0.18,1,67202,66774,428
7533761,2.00128,0.0140855,430,4101140,0.246154,0,1,67204,66774,430
7536681,2.00026,7.20282,423,4102600,0.281231,0,1,67206,66783,423
7539601,2.00005,1.44056,425,4104060,0.264246,0,1,67208,66783,425
7542521,2.00001,0.288113,427,4105520,0.284849,0,1,67210,66783,427
7545441,2,0.0576225,429,4106980,0.25697,0,1,67212,66783,429
7547281,1.2,0.0115245,430,4108440,0.243394,0.1,1,67213,66783,430
7550201,1.84,4.80231,426,4109900,0.208679,0.1,1,67215,66789,426
7552481,1.968,0.960461,428,4111360,0.161736,0.13,1,67217,66789,428
7555401,5.1936,9.79209,422,4112820,0.168347,0.13,1,67223,66801,422
7558321,2.63872,1.95842,424,4114280,0.265669,0.13,1,67225,66801,424
7561241,2.12774,0.391684,426,4115740,0.253134,0.13,1,67227,66801,426
7564161,2.02555,0.0783367,428,4117200,0.218627,0.13,1,67229,66801,428
7567081,2.00511,0.0156673,430,4118660,0.179725,0.13,1,67231,66801,430
7569541,5.20102,0.00313347,436,4120120,0.139945,0.12,1,67237,66801,436
7572461,2.6402,12.0006,423,4121580,0.099989,0.12,1,67239,66816,423
7575381,2.12804,2.40013,425,4123040,0.0919978,0.12,1,67241,66816,425
7578301,2.02561,0.480025,427,4124500,0.1784,0.12,1,67243,66816,427
7580981,99.6051,0.096005,551,4125960,0.0676799,0,1,67367,66816,551
7583901,21.521,101.619,426,4127420,0.013536,0,1,67369,66943,426
7586821,5.9042,20.3238,428,4128880,0.0027072,0,1,67371,66943,428
7589301,9.98084,4.06477,439,4130340,0.120541,0.15,1,67382,66943,439
7591381,10.7962,9.61295,439,4131800,0.120108,0.11,1,67393,66954,439
7593041,2.95923,13.1226,426,4133260,0.256022,0.12,1,67394,66968,426
7595961,37.3918,39.4245,426,4134720,0.187204,0.12,1,67440,67014,426
7598881,9.07837,7.8849,428,4136180,0.141441,0.12,1,67442,67014,428
7601801,3.41567,1.57698,430,4137640,0.108288,0.12,1,67444,67014,430
7604481,2.28313,0.315396,432,4139100,0.0696576,0.1,1,67446,67014,432
7607401,2.05663,7.26308,425,4140560,0.0299315,0.1,1,67448,67023,425
7610321,2.01133,1.45262,427,4142020,0.0059863,0.1,1,67450,67023,427
7613241,2.00227,0.290523,429,4143480,0.00119726,0.1,1,67452,67023,429
7616161,2.00045,0.0581046,431,4144940,0.000239452,0.1,1,67454,67023,431
7618001,1.20009,0.0116209,432,4146400,0.112048,0.12,1,67455,67023,432
7620921,5.04002,5.60232,431,4147860,0.0384096,0.12,1,67461,67030,431
7623621,2.608,1.12046,433,4149320,0.183682,0.08,1,67463,67030,433
7625281,1.3216,1.82409,432,4150780,0.196736,0.18,1,67464,67032,432
7628201,1.86432,4.36482,429,4152240,0.167347,0.18,1,67466,67037,429
7629861,39.5729,0.872964,478,4153700,0.105469,0.11,1,67515,67037,478
7631941,90.3146,44.1746,526,4155160,0.157094,0.21,1,67618,67092,526
7634861,19.6629,84.0349,434,4156620,0.159419,0.21,1,67620,67186,434
7637761,5.53258,16.807,436,4158080,0.135884,0.16,1,67622,67186,436
7640681,2.70652,6.5614,434,4159540,0.0991767,0.16,1,67624,67190,434
7643601,2.1413,1.31228,436,4161000,0.0598353,0.16,1,67626,67190,436
7645461,1.22826,0.262456,437,4162460,0.0359671,0.21,1,67627,67190,437
7648381,1.84565,4.05249,434,4163920,0.0311934,0.21,1,67629,67195,434
7650241,1.16913,0.810498,435,4165380,0.0222387,0.24,1,67630,67195,435
7653161,1.83383,3.3621,433,4166840,0.00444774,0.24,1,67632,67199,433
7655441,1.96677,0.67242,435,4168300,0.000889547,0.26,1,67634,67199,435
7658361,1.99335,7.33448,428,4169760,0.000177909,0.26,1,67636,67208,428
7661281,1.99867,1.4669,430,4171220,3.55819e-05,0.26,1,67638,67208,430
7664201,1.99973,0.293379,432,4172680,0.264007,0.26,1,67640,67208,432
7666881,1.99995,0.0586759,434,4174140,0.284801,0.22,1,67642,67208,434
7669801,1.99999,4.81174,430,4175600,0.25696,0.22,1,67644,67214,430
7672721,2,0.962347,432,4177060,0.219392,0.22,1,67646,67214,432
7675641,2,0.192469,434,4178520,0.187878,0.22,1,67648,67214,434
7678321,2,0.0384939,436,4179980,0.285576,0.21,1,67650,67214,436
7681241,2,5.6077,431,4181440,0.273115,0.21,1,67652,67221,431
7683521,2,1.12154,433,4182900,0.238623,0.17,1,67654,67221,433
7686441,3.6,8.22431,427,4184360,0.295725,0.17,1,67658,67231,427
7689361,2.32,1.64486,429,4185820,0.275145,0.17,1,67660,67231,429
7692281,2.064,0.328972,431,4187280,0.311029,0.17,1,67662,67231,431
7694961,2.0128,0.0657945,433,4188740,0.286206,0.17,1,67664,67231,433
7697881,4.40256,11.2132,424,4190200,0.297241,0.17,1,67669,67245,424
7700801,4.08051,2.24263,428,4191660,0.235448,0.17,1,67673,67245,428
7703721,2.4161,0.448526,430,4193120,0.19909,0.17,1,67675,67245,430
7706641,2.08322,0.0897053,432,4194580,0.159818,0.17,1,67677,67245,432
7708481,1.21664,0.017941,433,4196040,0.135964,0.23,1,67678,67245,433
7711401,101.043,106.404,426,4197500,0.0271927,0.23,1,67804,67378,426
7714321,21.8087,21.2807,428,4198960,0.00543854,0.23,1,67806,67378,428
7717241,5.96173,4.25614,430,4200420,0.00108771,0.23,1,67808,67378,430
7719301,9.99235,0.851229,441,4201880,0.0882175,0.1,1,67819,67378,441
7721381,10.7985,7.37025,443,4203340,0.0896435,0.27,1,67830,67387,443
7724081,3.75969,10.274,434,4204800,0.153929,0,1,67832,67398,434
7727001,34.3519,45.2548,422,4206260,0.174786,0,1,67874,67452,422
7729921,8.47039,9.05096,424,4207720,0.146957,0,1,67876,67452,424
7732841,3.29408,1.81019,426,4209180,0.109391,0,1,67878,67452,426
7735761,2.25882,0.362038,428,4210640,0.0698783,0,1,67880,67452,428
7738681,2.05176,0.0724077,430,4212100,0.117976,0,1,67882,67452,430
7740721,2.01035,0.0144815,432,4213560,0.103595,0.02,1,67884,67452,432
7743641,2.00207,7.2029,425,4215020,0.068719,0.02,1,67886,67461,425
7746561,2.00041,1.44058,427,4216480,0.0537438,0.02,1,67888,67461,427
7749041,2.00008,0.288116,429,4217940,0.0507488,0.08,1,67890,67461,429
7751961,5.20002,7.25762,426,4219400,0.0101498,0.08,1,67896,67470,426
7754881,2.64,1.45152,428,4220860,0.13003,0.08,1,67898,67470,428
7757801,2.128,0.290305,430,4222320,0.122006,0.08,1,67900,67470,430
7759861,40.4256,0.058061,480,4223780,0.0404012,0.05,1,67950,67470,480
7761941,93.6851,47.2116,528,4225240,0.0560802,0.03,1,68057,67529,528
7764861,20.337,89.4423,430,4226700,0.067216,0.03,1,68059,67629,430
7767781,5.6674,17.8885,432,4228160,0.0294432,0.03,1,68061,67629,432
7770701,2.73348,3.57769,434,4229620,0.0218886,0.03,1,68063,67629,434
7773621,2.1467,0.715538,436,4231080,0.00437773,0.03,1,68065,67629,436
7776081,2.02934,0.143108,438,4232540,0.000875546,0,1,68067,67629,438
7779001,2.00587,7.22862,431,4234000,0.0801751,0,1,68069,67638,431
7781921,2.00117,1.44572,433,4235460,0.064035,0,1,68071,67638,433
7784841,2.00023,0.289145,435,4236920,0.028807,0,1,68073,67638,435
7787761,2.00005,0.057829,437,4238380,0.117761,0,1,68075,67638,437
7790021,2.00001,0.0115658,439,4239840,0.143552,0.21,1,68077,67638,439
7792941,2,6.40231,433,4241300,0.11671,0.21,1,68079,67646,433
7795861,2,1.28046,435,4242760,0.0793421,0.21,1,68081,67646,435
7798781,2,0.256092,437,4244220,0.0318684,0.21,1,68083,67646,437
7801461,2,0.0512185,439,4245680,0.00637368,0.31,1,68085,67646,439
7804381,2,3.21024,437,4247140,0.00127474,0.31,1,68087,67650,437
7806241,1.2,0.642049,438,4248600,0.144255,0.32,1,68088,67650,438
7809161,1.84,5.72841,433,4250060,0.140851,0.32,1,68090,67657,433
7812081,1.968,1.14568,435,4251520,0.10817,0.32,1,68092,67657,435
7814561,1.9936,0.229136,437,4252980,0.069634,0.3,1,68094,67657,437
7817481,3.59872,9.64583,429,4254440,0.0139268,0.3,1,68098,67669,429
7820401,2.31974,1.92917,431,4255900,0.162785,0.3,1,68100,67669,431
7823321,2.06395,0.385833,433,4257360,0.160557,0.3,1,68102,67669,433
7826001,2.01279,0.0771666,435,4258820,0.128111,0.19,1,68104,67669,435
7828921,2.00256,4.81543,431,4260280,0.0896223,0.19,1,68106,67675,431
7831201,2.00051,0.963087,433,4261740,0.0499245,0.2,1,68108,67675,433
7834121,5.2001,6.59262,431,4263200,0.153985,0.2,1,68114,67683,431
7837041,2.64002,1.31852,433,4264660,0.166797,0.2,1,68116,67683,433
7839521,2.128,0.263705,435,4266120,0.137359,0.2,1,68118,67683,435
7842441,95.6256,101.653,427,4267580,0.139472,0.2,1,68237,67810,427
7845361,20.7251,20.3305,429,4269040,0.107894,0.2,1,68239,67810,429
7847841,5.74502,4.06611,431,4270500,0.141579,0.17,1,68241,67810,431
7849921,10.749,13.6132,427,4271960,0.0763158,0.13,1,68253,67826,427
7852841,10.1498,9.12264,429,4273420,0.0632632,0.13,1,68263,67834,429
7855121,3.62996,1.82453,431,4274880,0.116653,0.14,1,68265,67834,431
7857201,29.526,33.9649,425,4276340,0.0793305,0.06,1,68301,67876,425
7860121,11.5052,14.793,422,4277800,0.0158661,0.06,1,68308,67886,422
7863041,3.90104,2.9586,424,4279260,0.179173,0.06,1,68310,67886,424
7865961,2.38021,0.591719,426,4280720,0.179835,0.06,1,68312,67886,426
7868881,2.07604,0.118344,428,4282180,0.187967,0.06,1,68314,67886,428
7871761,2.01521,0.0236688,430,4283640,0.157593,0,1,68316,67886,430
7874681,2.00304,6.40473,424,4285100,0.143519,0,1,68318,67894,424
7877601,2.00061,1.28095,426,4286560,0.108704,0,1,68320,67894,426
7880081,2.00012,0.256189,428,4288020,0.0857407,0.17,1,68322,67894,428
7882161,2.00002,2.45124,427,4289480,0.0411481,0.13,1,68324,67897,427
7885081,5.20001,6.89025,425,4290940,0.0402296,0.13,1,68330,67905,425
7888001,2.64,1.37805,427,4292400,0.00804593,0.13,1,68332,67905,427
7889861,38.928,0.27561,475,4293860,0.121609,0.04,1,68380,67905,475
7891941,91.7856,43.2551,526,4295320,0.0243218,0,1,68485,67959,526
7894861,19.9571,92.651,423,4296780,0.00486437,0,1,68487,68064,423
7897781,5.59142,18.5302,425,4298240,0.000972873,0,1,68489,68064,425
7900701,2.71828,3.70604,427,4299700,0.0801946,0,1,68491,68064,427
7902341,1.34366,0.741208,428,4301160,0.0800389,0,1,68492,68064,428
7904001,1.06873,1.74824,427,4302620,0.0640078,0.15,1,68493,68066,427
7906921,5.01375,9.14965,422,4304080,0.0848016,0.15,1,68499,68077,422
7909841,2.60275,1.82993,424,4305540,0.0569603,0.15,1,68501,68077,424
7912761,2.12055,0.365986,426,4307000,0.0273921,0.15,1,68503,68077,426
7915681,2.02411,0.0731972,428,4308460,0.00547841,0.15,1,68505,68077,428
7918561,2.00482,0.0146394,430,4309920,0.00109568,0.18,1,68507,68077,430
7921481,2.80096,8.80293,422,4311380,0.128219,0.18,1,68510,68088,422
7924401,2.16019,1.76059,424,4312840,0.121644,0.18,1,68512,68088,424
7927321,2.03204,0.352117,426,4314300,0.0883288,0.18,1,68514,68088,426
7930241,2.00641,0.0704234,428,4315760,0.0496658,0.18,1,68516,68088,428
7933161,2.00128,0.0140847,430,4317220,0.00993315,0.18,1,68518,68088,430
7935201,2.00026,0.00281694,432,4318680,0.129987,0.16,1,68520,68088,432
7938121,3.60005,11.2006,422,4320140,0.0899973,0.16,1,68524,68102,422
7941041,2.32001,2.24011,424,4321600,0.0499995,0.16,1,68526,68102,424
7943961,2.064,0.448022,426,4323060,0.00999989,0.16,1,68528,68102,426
7946881,2.0128,0.0896045,428,4324520,0.00199998,0.16,1,68530,68102,428
7949801,2.00256,0.0179209,430,4325980,0.1284,0.16,1,68532,68102,430
7952261,3.60051,0.00358418,434,4327440,0.08968,0.04,1,68536,68102,434
7955181,2.3201,4.80072,430,4328900,0.049936,0.04,1,68538,68108,430
7958101,2.06402,0.960143,432,4330360,0.0819872,0.04,1,68540,68108,432
7960581,5.2128,0.192029,438,4331820,0.112397,0.22,1,68546,68108,438
7963501,2.64256,8.83841,429,4333280,0.0864795,0.22,1,68548,68119,429
7966421,2.12851,1.76768,431,4334740,0.0492959,0.22,1,68550,68119,431
7969341,2.0257,0.353536,433,4336200,0.121859,0.22,1,68552,68119,433
7972021,92.4051,0.0707072,548,4337660,0.0243718,0.06,1,68667,68119,548
7974941,20.081,101.614,423,4339120,0.116874,0.06,1,68669,68246,423
7977861,5.61621,20.3228,425,4340580,0.103375,0.06,1,68671,68246,425
7980341,10.7232,4.06457,437,4342040,0.132675,0.13,1,68683,68246,437
7982421,9.34465,11.2129,433,4343500,0.210535,0.08,1,68692,68259,433
7985341,3.46893,9.44258,426,4344960,0.194107,0.08,1,68694,68268,426
7987621,31.8938,1.88852,465,4346420,0.0388214,0,1,68733,68268,465
7989701,9.57876,30.7777,431,4347880,0.127764,0.19,1,68737,68306,431
7992621,3.51575,12.5555,425,4349340,0.113553,0.19,1,68739,68314,425
7995541,2.30315,2.51111,427,4350800,0.0787106,0.19,1,68741,68314,427
7998021,5.26063,0.502222,433,4352260,0.111742,0.11,1,68747,68314,433
8000941,2.65213,9.70044,423,4353720,0.0863484,0.11,1,68749,68326,423
8003861,2.13043,1.94009,425,4355180,0.0492697,0.11,1,68751,68326,425
8006781,2.02609,0.388018,427,4356640,0.00985394,0.11,1,68753,68326,427
8009701,2.00522,0.0776035,429,4358100,0.00197079,0.11,1,68755,68326,429
8012621,2.00104,0.0155207,431,4359560,0.112394,0.11,1,68757,68326,431
8014661,6.00021,0.00310414,438,4361020,0.0944788,0.22,1,68764,68326,438
8017581,2.80004,8.00062,430,4362480,0.122896,0.22,1,68766,68336,430
8019861,34.96,1.60012,473,4363940,0.104579,0.09,1,68809,68336,473
8021941,90.192,40.32,527,4365400,0.0929158,0,1,68913,68386,527
8024021,23.6384,88.864,433,4366860,0.0825832,0.09,1,68920,68487,433
8026941,6.32768,27.3728,423,4368320,0.0485166,0.09,1,68922,68499,423
8029861,2.86554,5.47456,425,4369780,0.00970333,0.09,1,68924,68499,425
8032781,2.17311,1.09491,427,4371240,0.0659407,0.09,1,68926,68499,427
8035041,2.03462,0.218982,429,4372700,0.0451881,0,1,68928,68499,429
8037961,2.00692,7.2438,422,4374160,0.00903763,0,1,68930,68508,422
8040881,2.00138,1.44876,424,4375620,0.00180753,0,1,68932,68508,424
8043801,2.00028,0.289752,426,4377080,0.0163615,0,1,68934,68508,426
8046721,2.00006,0.0579504,428,4378540,0.0032723,0,1,68936,68508,428
8049601,2.00001,0.0115901,430,4380000,0.0806545,0.16,1,68938,68508,430
8052521,3.6,9.60232,422,4381460,0.0321309,0.16,1,68942,68520,422
8055441,2.32,1.92046,424,4382920,0.00642618,0.16,1,68944,68520,424
8058361,2.064,0.384093,426,4384380,0.0652852,0.16,1,68946,68520,426
8061281,2.0128,0.0768185,428,4385840,0.045057,0.16,1,68948,68520,428
8064161,2.00256,0.0153637,430,4387300,0.00901141,0,1,68950,68520,430
8067081,2.00051,6.40307,424,4388760,0.0818023,0,1,68952,68528,424
8070001,2.0001,1.28061,426,4390220,0.0643605,0,1,68954,68528,426
8072901,2.00002,0.256123,428,4391680,0.0288721,0.1,1,68956,68528,428
8075821,2,5.65122,423,4393140,0.00577442,0.1,1,68958,68535,423
8078741,2,1.13024,425,4394600,0.00115488,0.1,1,68960,68535,425
8080801,2,0.226049,427,4396060,0.000230977,0.08,1,68962,68535,427
8083721,3.6,4.84521,425,4397520,4.61953e-05,0.08,1,68966,68541,425
8086641,2.32,0.969042,427,4398980,0.192009,0.08,1,68968,68541,427
8089121,2.064,0.193808,429,4400440,0.198402,0.1,1,68970,68541,429
8091201,3.6128,4.83876,427,4401900,0.13568,0.14,1,68974,68547,427
8094121,3.92256,6.56775,424,4403360,0.0591361,0.14,1,68978,68554,424
8097041,2.38451,1.31355,426,4404820,0.163827,0.14,1,68980,68554,426
8099521,2.0769,0.26271,428,4406280,0.160765,0,1,68982,68554,428
8102441,95.6154,98.4525,424,4407740,0.0641531,0,1,69101,68677,424
8105361,20.7231,19.6905,426,4409200,0.124831,0,1,69103,68677,426
8108281,5.74461,3.9381,428,4410660,0.104966,0,1,69105,68677,428
8110341,8.34892,0.78762,437,4412120,0.0209932,0.08,1,69114,68677,437
8112421,9.66978,7.35752,438,4413580,0.0361986,0.18,1,69124,68686,438
8115341,3.53396,9.4715,430,4415040,0.0232397,0.18,1,69126,68696,430
8117621,33.5068,1.8943,471,4416500,0.0526479,0.14,1,69167,68696,471
8120541,8.30136,40.3789,423,4417960,0.0265296,0.14,1,69169,68746,423
8123461,3.26027,8.07577,425,4419420,0.00530592,0.14,1,69171,68746,425
8126381,2.25205,1.61515,427,4420880,0.129061,0.14,1,69173,68746,427
8128021,2.85041,0.323031,430,4422340,0.129812,0.04,1,69176,68746,430
8130941,2.17008,4.06461,427,4423800,0.0979624,0.04,1,69178,68751,427
8133221,2.03402,0.812921,429,4425260,0.0595925,0,1,69180,68751,429
8136141,2.0068,2.56258,428,4426720,0.0279185,0,1,69182,68754,428
8138421,2.00136,0.512517,430,4428180,0.0055837,0.11,1,69184,68754,430
8141341,2.00027,4.9025,426,4429640,0.0171167,0.11,1,69186,68760,426
8143201,1.20005,0.980501,427,4431100,0.00342335,0.15,1,69187,68760,427
8146121,4.24001,8.1961,422,4432560,0.0806847,0.15,1,69192,68770,422
8148401,2.448,1.63922,424,4434020,0.0641369,0.02,1,69194,68770,424
8150481,39.6896,41.1278,422,4435480,0.0288274,0.04,1,69243,68821,422
8153401,88.7379,89.0256,422,4436940,0.133765,0.04,1,69344,68922,422
8156101,20.9476,17.8051,426,4438400,0.0987531,0.06,1,69348,68922,426
8159021,5.78952,7.56102,423,4439860,0.0597506,0.06,1,69350,68927,423
8161941,2.7579,1.5122,425,4441320,0.17995,0.06,1,69352,68927,425
8164421,2.95158,0.302441,428,4442780,0.16399,0.02,1,69355,68927,428
8167341,2.19032,5.66049,423,4444240,0.128798,0.02,1,69357,68934,423
8170261,2.03806,1.1321,425,4445700,0.0897596,0.02,1,69359,68934,425
8172741,2.00761,0.226419,427,4447160,0.0499519,0.06,1,69361,68934,427
8175661,2.00152,4.84528,423,4448620,0.00999038,0.06,1,69363,68940,423
8178581,2.0003,0.969057,425,4450080,0.113998,0.06,1,69365,68940,425
8180641,2.00006,0.193811,427,4451540,0.1028,0.02,1,69367,68940,427
8183561,9.20001,12.8388,422,4453000,0.0205599,0.02,1,69378,68956,422
8186481,3.44,2.56775,424,4454460,0.116112,0.02,1,69380,68956,424
8189401,2.288,0.51355,426,4455920,0.103222,0.02,1,69382,68956,426
8192321,2.0576,0.10271,428,4457380,0.0686445,0.02,1,69384,68956,428
8195241,2.01152,0.020542,430,4458840,0.0297289,0.02,1,69386,68956,430
8198161,2.0023,0.0041084,432,4460300,0.00594578,0.02,1,69388,68956,432
8200401,2.00046,0.000821681,434,4461760,0.00118916,0.24,1,69390,68956,434
8203321,2.00009,9.60016,424,4463220,0.000237831,0.24,1,69392,68968,424
8206241,2.00002,1.92003,426,4464680,0.0320476,0.24,1,69394,68968,426
8209161,2,0.384007,428,4466140,0.00640951,0.24,1,69396,68968,428
8212081,2,0.0768013,430,4467600,0.0012819,0.24,1,69398,68968,430
8213921,1.2,0.0153603,431,4469060,0.000256381,0.19,1,69399,68968,431
8216841,4.24,9.60307,424,4470520,0.0640513,0.19,1,69404,68980,424
8219761,2.448,1.92061,426,4471980,0.0448103,0.19,1,69406,68980,426
8222681,2.0896,0.384123,428,4473440,0.00896205,0.19,1,69408,68980,428
8224321,1.21792,0.0768246,429,4474900,0.00179241,0.14,1,69409,68980,429
8227241,5.04358,10.4154,422,4476360,0.160358,0.14,1,69415,68993,422
8230161,2.60872,2.08307,424,4477820,0.184072,0.14,1,69417,68993,424
8232021,88.5217,0.416615,534,4479280,0.204814,0.1,1,69527,68993,534
8234941,20.9043,89.6833,426,4480740,0.144963,0.1,1,69531,69105,426
8237221,6.58087,17.9367,429,4482200,0.212993,0.04,1,69534,69105,429
8238881,2.11617,9.18733,423,4483660,0.210599,0.13,1,69535,69112,423
8240961,2.02323,4.23747,422,4485120,0.17812,0.06,1,69537,69115,422
8243881,14.0046,14.4475,422,4486580,0.0676239,0.06,1,69554,69132,422
8246161,4.40093,2.8895,424,4488040,0.109525,0.09,1,69556,69132,424
8249081,36.0802,37.3779,422,4489500,0.053905,0.09,1,69600,69178,422
8252001,8.81604,7.47558,424,4490960,0.010781,0.09,1,69602,69178,424
8254921,3.36321,1.49512,426,4492420,0.146156,0.09,1,69604,69178,426
8257841,2.27264,0.299023,428,4493880,0.141231,0.09,1,69606,69178,428
8260101,2.05453,0.0598046,430,4495340,0.108246,0,1,69608,69178,430
8263021,2.01091,7.21196,423,4496800,0.0696492,0,1,69610,69187,423
8265941,2.00218,1.44239,425,4498260,0.0539299,0,1,69612,69187,425
8268861,2.00044,0.288478,427,4499720,0.026786,0,1,69614,69187,427
8271781,2.00009,0.0576957,429,4501180,0.00535719,0,1,69616,69187,429
8273621,1.20002,0.0115391,430,4502640,0.00107144,0.1,1,69617,69187,430
8275701,1.84,4.00231,427,4504100,0.000214288,0.06,1,69619,69192,427
8277781,9.168,2.40046,436,4505560,0.128043,0.12,1,69630,69194,436
8279441,2.6336,8.48009,427,4507020,0.137609,0.08,1,69631,69204,427
8281521,38.9267,38.496,429,4508480,0.203522,0.18,1,69679,69250,429
8284441,85.3853,90.8992,422,4509940,0.240704,0.18,1,69776,69354,422
8287361,18.6771,18.1798,424,4511400,0.216141,0.18,1,69778,69354,424
8290281,5.33541,3.63597,426,4512860,0.179228,0.18,1,69780,69354,426
8292961,2.66708,0.727194,428,4514320,0.139846,0.04,1,69782,69354,428
8295881,2.13342,5.74544,423,4515780,0.227969,0.04,1,69784,69361,423
8298801,2.02668,1.14909,425,4517240,0.213594,0.04,1,69786,69361,425
8301281,2.00534,0.229818,427,4518700,0.178719,0.06,1,69788,69361,427
8304201,2.80107,6.44596,422,4520160,0.131744,0.06,1,69791,69369,422
8307121,2.16021,1.28919,424,4521620,0.0903488,0.06,1,69793,69369,424
8310041,2.03204,0.257839,426,4523080,0.0500698,0.06,1,69795,69369,426
8311681,1.20641,0.0515677,427,4524540,0.178014,0.1,1,69796,69369,427
8314601,6.64128,10.4103,422,4526000,0.195603,0.1,1,69804,69382,422
8316881,2.92826,2.08206,424,4527460,0.167121,0,1,69806,69382,424
8319801,5.38565,6.81641,422,4528920,0.169424,0,1,69812,69390,422
8322721,2.67713,1.36328,424,4530380,0.129885,0,1,69814,69390,424
8325641,2.13543,0.272656,426,4531840,0.089977,0,1,69816,69390,426
8328321,2.02709,0.0545313,428,4533300,0.0499954,0.1,1,69818,69390,428
8331241,6.00542,10.4109,422,4534760,0.00999908,0.1,1,69825,69403,422
8334161,2.80108,2.08218,424,4536220,0.00199982,0.1,1,69827,69403,424
8337081,2.16022,0.416436,426,4537680,0.000399963,0.1,1,69829,69403,426
8340001,2.03204,0.0832872,428,4539140,7.99926e-05,0.1,1,69831,69403,428
8342921,2.00641,0.0166574,430,4540600,1.59985e-05,0.1,1,69833,69403,430
8344961,2.00128,0.00333149,432,4542060,0.112003,0,1,69835,69403,432
8347881,3.60026,4.00067,431,4543520,0.0704006,0,1,69839,69408,431
8350161,2.32005,0.800133,433,4544980,0.0300801,0.2,1,69841,69408,433
8353081,2.06401,5.76003,428,4546440,0.00601602,0.2,1,69843,69415,428
8355361,2.0128,1.15201,430,4547900,0.0012032,0.16,1,69845,69415,430
8358281,3.60256,5.8304,427,4549360,0.000240641,0.16,1,69849,69422,427
8360561,2.32051,1.16608,429,4550820,0.160048,0.13,1,69851,69422,429
8362641,86.0641,87.4332,427,4552280,0.0960096,0.16,1,69958,69531,427
8365561,24.4128,27.8866,423,4553740,0.123202,0.16,1,69967,69544,423
8368481,6.48256,5.57733,425,4555200,0.18464,0.16,1,69969,69544,425
8371401,2.89651,1.11547,427,4556660,0.164928,0.16,1,69971,69544,427
8373461,15.7793,0.223093,446,4558120,0.152986,0.21,1,69990,69544,446
8376381,4.75586,12.8446,432,4559580,0.118597,0.21,1,69992,69560,432
8378661,35.3512,2.56892,475,4561040,0.119719,0.02,1,70035,69560,475
8381581,8.67023,43.7138,423,4562500,0.0879439,0.02,1,70037,69614,423
8384501,3.33405,8.74276,425,4563960,0.0495888,0.02,1,70039,69614,425
8387421,2.26681,1.74855,427,4565420,0.00991775,0.02,1,70041,69614,427
8390341,2.05336,0.34971,429,4566880,0.0979836,0.02,1,70043,69614,429
8393261,2.01067,0.069942,431,4568340,0.0835967,0.02,1,70045,69614,431
8396181,2.00213,0.0139884,433,4569800,0.0487193,0.02,1,70047,69614,433
8398421,2.00043,0.00279768,435,4571260,0.00974387,0,1,70049,69614,435
8401341,2.00009,5.60056,430,4572720,0.00194877,0,1,70051,69621,430
8404261,2.00002,1.12011,432,4574180,0.000389755,0,1,70053,69621,432
8406321,2,0.224022,434,4575640,7.79509e-05,0.23,1,70055,69621,434
8409241,7.6,9.6448,431,4577100,0.192016,0.23,1,70064,69633,431
8411941,35.12,1.92896,473,4578560,0.126403,0.15,1,70106,69633,473
8414021,88.624,39.5858,526,4580020,0.169281,0.23,1,70208,69682,526
8416941,19.3248,90.3172,425,4581480,0.137856,0.23,1,70210,69785,425
8419861,5.46496,18.0634,427,4582940,0.187571,0.23,1,70212,69785,427
8422781,2.69299,3.61269,429,4584400,0.165514,0.23,1,70214,69785,429
8425701,2.1386,0.722537,431,4585860,0.137103,0.23,1,70216,69785,431
8427541,2.82772,0.144507,434,4587320,0.0754206,0.12,1,70219,69785,434
8430461,2.16554,4.8289,430,4588780,0.0310841,0.12,1,70221,69791,430
8432321,1.23311,0.96578,431,4590240,0.126217,0.23,1,70222,69791,431
8435241,1.84662,5.79316,426,4591700,0.121243,0.23,1,70224,69798,426
8438161,1.96932,1.15863,428,4593160,0.0882487,0.23,1,70226,69798,428
8441081,1.99386,0.231726,430,4594620,0.0496497,0.23,1,70228,69798,430
8442721,1.19877,0.0463452,431,4596080,0.0259299,0.21,1,70229,69798,431
8445641,2.63975,9.60927,422,4597540,0.00518599,0.21,1,70232,69810,422
8447921,2.12795,1.92185,424,4599000,0.177037,0,1,70234,69810,424
8450841,10.0256,11.5844,422,4600460,0.211407,0,1,70246,69824,422
8453761,3.60512,2.31687,424,4601920,0.194281,0,1,70248,69824,424
8456681,2.32102,0.463375,426,4603380,0.158856,0,1,70250,69824,426
8459361,2.0642,0.0926749,428,4604840,0.159771,0.06,1,70252,69824,428
8462281,7.61284,12.0185,422,4606300,0.0319543,0.06,1,70261,69839,422
8465201,3.12257,2.40371,424,4607760,0.0863908,0.06,1,70263,69839,424
8468121,2.22451,0.480741,426,4609220,0.0652782,0.06,1,70265,69839,426
8471041,2.0449,0.0961483,428,4610680,0.0290556,0.06,1,70267,69839,428
8473961,2.00898,0.0192297,430,4612140,0.00581113,0.06,1,70269,69839,430
8476001,2.0018,0.00384593,432,4613600,0.00116223,0,1,70271,69839,432
8478921,3.60036,7.20077,427,4615060,0.0322324,0,1,70275,69848,427
8481841,2.32007,1.44015,429,4616520,0.00644649,0,1,70277,69848,429
8484761,2.06401,0.288031,431,4617980,0.0012893,0,1,70279,69848,431
8486401,1.2128,0.0576061,432,4619440,0.00025786,0.24,1,70280,69848,432
8489321,3.44256,8.01152,426,4620900,0.144052,0.24,1,70284,69858,426
8491601,2.28851,1.6023,428,4622360,0.16481,0.17,1,70286,69858,428
8493681,83.6577,85.9205,425,4623820,0.0969621,0.18,1,70390,69965,425
8496601,27.9315,27.5841,426,4625280,0.131392,0.18,1,70404,69978,426
8499521,7.18631,5.51682,428,4626740,0.130278,0.18,1,70406,69978,428
8502001,3.03726,1.10336,430,4628200,0.0980557,0.06,1,70408,69978,430
8504921,12.6075,13.8207,428,4629660,0.0996111,0.06,1,70423,69995,428
8507201,4.12149,2.76413,430,4631120,0.0919222,0,1,70425,69995,430
8510121,39.2243,45.3528,422,4632580,0.314384,0,1,70473,70051,422
8513041,9.44486,9.07056,424,4634040,0.334877,0,1,70475,70051,424
8515961,3.48897,1.81411,426,4635500,0.306975,0,1,70477,70051,426
8518881,2.29779,0.362823,428,4636960,0.269395,0,1,70479,70051,428
8521801,2.05956,0.0725645,430,4638420,0.269879,0,1,70481,70051,430
8524721,2.01191,0.0145129,432,4639880,0.245976,0,1,70483,70051,432
8527641,2.00238,0.00290258,434,4641340,0.209195,0,1,70485,70051,434
8530501,2.00048,0.000580516,436,4642800,0.169839,0,1,70487,70051,436
8533421,2.0001,5.60012,431,4644260,0.129968,0,1,70489,70058,431
8536341,2.00002,1.12002,433,4645720,0.169994,0,1,70491,70058,433
8538821,7.6,0.224005,442,4647180,0.113999,0.19,1,70500,70058,442
8540901,38.32,11.2448,474,4648640,0.1108,0.28,1,70546,70072,474
8542561,8.464,37.449,431,4650100,0.15816,0.15,1,70547,70116,431
8545481,79.2928,92.2898,422,4651560,0.087632,0.15,1,70644,70222,422
8548401,17.4586,18.458,424,4653020,0.0495264,0.15,1,70646,70222,424
8551321,5.09171,3.69159,426,4654480,0.00990528,0.15,1,70648,70222,426
8554241,2.61834,0.738318,428,4655940,0.129981,0.15,1,70650,70222,428
8557161,2.12367,0.147664,430,4657400,0.121996,0.15,1,70652,70222,430
8560081,2.02473,0.0295327,432,4658860,0.160399,0.15,1,70654,70222,432
8562741,3.60495,0.00590654,436,4660320,0.0960798,0,1,70658,70222,436
8565661,2.32099,6.40118,430,4661780,0.051216,0,1,70660,70230,430
8568581,2.0642,1.28024,432,4663240,0.0902432,0,1,70662,70230,432
8571501,2.01284,0.256047,434,4664700,0.0660486,0,1,70664,70230,434
8573761,2.00257,0.0512094,436,4666160,0.0292097,0.23,1,70666,70230,436
8575841,2.00051,2.41024,435,4667620,0.00584195,0.3,1,70668,70233,435
8578761,2.0001,6.08205,430,4669080,0.113168,0.3,1,70670,70240,430
8580421,2.80002,1.21641,433,4670540,0.0866337,0.16,1,70673,70240,433
8583341,2.16,9.84328,423,4672000,0.0493267,0.16,1,70675,70252,423
8586261,2.032,1.96866,425,4673460,0.00986535,0.16,1,70677,70252,425
8588741,6.0064,0.393731,432,4674920,0.0979731,0.1,1,70684,70252,432
8591661,2.80128,8.87875,423,4676380,0.0835946,0.1,1,70686,70263,423
8593941,6.96026,1.77575,431,4677840,0.0647189,0.06,1,70694,70263,431
8596861,2.99205,8.35515,423,4679300,0.0289438,0.06,1,70696,70273,423
8599781,2.19841,1.67103,425,4680760,0.00578876,0.06,1,70698,70273,425
8602701,2.03968,0.334206,427,4682220,0.00115775,0.06,1,70700,70273,427
8605621,2.00794,0.0668412,429,4683680,0.0482316,0.06,1,70702,70273,429
8608501,5.20159,0.0133682,435,4685140,0.00964631,0.18,1,70708,70273,435
8611421,2.64032,8.80267,426,4686600,0.00192926,0.18,1,70710,70284,426
8614341,2.12806,1.76053,428,4688060,0.000385852,0.18,1,70712,70284,428
8617261,2.02561,0.352107,430,4689520,0.0960772,0.18,1,70714,70284,430
8618901,2.00512,0.0704214,432,4690980,0.0832154,0.18,1,70716,70284,432
8621821,2.00102,8.81408,423,4692440,0.0486431,0.18,1,70718,70295,423
8624101,85.2002,1.76282,529,4693900,0.00972862,0.16,1,70824,70295,529
8626181,30.64,86.7526,438,4695360,0.0419457,0.22,1,70841,70403,438
8629101,7.72801,28.5505,426,4696820,0.112389,0.22,1,70843,70417,426
8632021,3.1456,5.7101,428,4698280,0.126478,0.22,1,70845,70417,428
8634501,19.0291,1.14202,451,4699740,0.161296,0.08,1,70868,70417,451
8637421,5.40582,12.2284,438,4701200,0.184259,0.08,1,70870,70432,438
8639701,28.2812,2.44568,472,4702660,0.124852,0.26,1,70904,70432,472
8642621,7.25623,38.0891,427,4704120,0.0889704,0.26,1,70906,70479,427
8645541,3.05125,7.61783,429,4705580,0.201794,0.26,1,70908,70479,429
8648021,2.21025,1.52357,431,4707040,0.184359,0.2,1,70910,70479,431
8650941,2.04205,5.10471,427,4708500,0.148872,0.2,1,70912,70485,427
8653861,2.00841,1.02094,429,4709960,0.109774,0.2,1,70914,70485,429
8656341,2.00168,0.204189,431,4711420,0.221955,0.1,1,70916,70485,431
8659261,2.00034,7.24084,424,4712880,0.212391,0.1,1,70918,70494,424
8662181,2.00007,1.44817,426,4714340,0.170478,0.1,1,70920,70494,426
8665101,2.00001,0.289633,428,4715800,0.218096,0.1,1,70922,70494,428
8667361,2,0.0579267,430,4717260,0.195619,0.19,1,70924,70494,430
8669441,3.6,8.01159,424,4718720,0.215124,0.09,1,70928,70504,424
8672361,43.92,39.2023,431,4720180,0.179025,0.09,1,70982,70551,431
8675061,80.784,7.84046,521,4721640,0.155805,0.16,1,71072,70551,521
8677981,17.7568,80.7681,424,4723100,0.127161,0.16,1,71074,70650,424
8680901,5.15136,16.1536,426,4724560,0.0894322,0.16,1,71076,70650,426
8683381,4.23027,3.23072,430,4726020,0.257886,0.06,1,71080,70650,430
8686301,2.44605,7.84614,423,4727480,0.267577,0.06,1,71082,70659,423
8689221,2.08921,1.56923,425,4728940,0.237515,0.06,1,71084,70659,425
8692141,2.01784,0.313846,427,4730400,0.279503,0.06,1,71086,70659,427
8694821,4.40357,0.0627691,432,4731860,0.207901,0.14,1,71091,70659,432
8697741,2.48071,8.81255,423,4733320,0.16158,0.14,1,71093,70670,423
8700661,2.09614,1.76251,425,4734780,0.120316,0.14,1,71095,70670,425
8703581,2.01923,0.352502,427,4736240,0.0720632,0.14,1,71097,70670,427
8706501,2.00385,0.0705004,429,4737700,0.246413,0.14,1,71099,70670,429
8708341,1.20077,0.0141001,430,4739160,0.265283,0.02,1,71100,70670,430
8711261,1.84015,6.40282,424,4740620,0.245057,0.02,1,71102,70678,424
8714181,1.96803,1.28056,426,4742080,0.209011,0.02,1,71104,70678,426
8717101,1.99361,0.256113,428,4743540,0.169802,0.02,1,71106,70678,428
8718741,5.19872,0.0512226,434,4745000,0.20996,0.12,1,71112,70678,434
8721661,2.63974,10.4102,423,4746460,0.185992,0.12,1,71114,70691,423
8723941,7.72795,2.08205,432,4747920,0.205198,0.06,1,71123,70691,432
8726861,3.14559,9.21641,423,4749380,0.18504,0.06,1,71125,70702,423
8729781,2.22912,1.84328,425,4750840,0.149008,0.06,1,71127,70702,425
8732701,2.04582,0.368656,427,4752300,0.109802,0.06,1,71129,70702,427
8734341,5.20916,0.0737313,433,4753760,0.0539603,0.12,1,71135,70702,433
8737261,2.64183,9.61475,423,4755220,0.0107921,0.12,1,71137,70714,423
8740181,2.12837,1.92295,425,4756680,0.00215841,0.12,1,71139,70714,425
8743101,2.02567,0.38459,427,4758140,0.000431682,0.12,1,71141,70714,427
8745361,2.00513,0.076918,429,4759600,0.112086,0.17,1,71143,70714,429
8748281,5.20103,10.4154,422,4761060,0.0384173,0.17,1,71149,70727,422
8751201,2.64021,2.08308,424,4762520,0.00768345,0.17,1,71151,70727,424
8754101,88.528,0.416615,534,4763980,0.00153669,0.16,1,71261,70727,534
8756181,28.9056,85.6833,441,4765440,0.0323073,0.13,1,71275,70834,441
8759101,7.38112,31.5367,425,4766900,0.0224615,0.13,1,71277,70852,425
8762021,3.07622,6.30733,427,4768360,0.00449229,0.13,1,71279,70852,427
8764501,20.6152,1.26147,452,4769820,0.224898,0.16,1,71304,70852,452
8767421,5.72305,18.6523,431,4771280,0.29298,0.16,1,71306,70875,431
8769701,27.5446,3.73046,464,4772740,0.170596,0.18,1,71339,70875,464
8772621,7.10892,28.7461,431,4774200,0.114119,0.18,1,71341,70910,431
8775541,3.02178,5.74922,433,4775660,0.246824,0.18,1,71343,70910,433
8778021,2.20436,1.14984,435,4777120,0.281365,0.27,1,71345,70910,435
8780941,2.04087,4.22997,432,4778580,0.264273,0.27,1,71347,70915,432
8783861,2.00817,0.845994,434,4780040,0.236855,0.27,1,71349,70915,434
8786341,2.00163,0.169199,436,4781500,0.199371,0.26,1,71351,70915,436
8789261,2.00033,8.83384,427,4782960,0.159874,0.26,1,71353,70926,427
8792181,2.00007,1.76677,429,4784420,0.119975,0.26,1,71355,70926,429
8795101,2.00001,0.353354,431,4785880,0.079995,0.26,1,71357,70926,431
8798021,2,0.0706707,433,4787340,0.303999,0.26,1,71359,70926,433
8799861,1.2,0.0141341,434,4788800,0.3328,0.1,1,71360,70926,434
8801941,45.04,7.20283,481,4790260,0.17856,0.15,1,71416,70935,481
8804021,85.008,44.6406,522,4791720,0.179712,0.25,1,71511,70989,522
8806941,18.6016,88.1281,425,4793180,0.155942,0.25,1,71513,71088,425
8809861,5.32032,17.6256,427,4794640,0.119188,0.25,1,71515,71088,427
8812781,2.66406,3.52512,429,4796100,0.0718377,0.25,1,71517,71088,429
8815701,2.13281,0.705025,431,4797560,0.0303675,0.25,1,71519,71088,431
8818621,2.02656,0.141005,433,4799020,0.150074,0.25,1,71521,71088,433
8821541,2.00531,0.028201,435,4800480,0.142015,0.25,1,71523,71088,435
8823781,2.00106,0.0056402,437,4801940,0.108403,0.29,1,71525,71088,437
8826701,2.00021,8.80113,428,4803400,0.0696806,0.29,1,71527,71099,428
8829621,2.00004,1.76023,430,4804860,0.117936,0.29,1,71529,71099,430
8832541,2.00001,0.352045,432,4806320,0.0875872,0.29,1,71531,71099,432
8835221,3.6,0.070409,436,4807780,0.0575174,0.14,1,71535,71099,436
8838141,2.32,6.41408,430,4809240,0.0275035,0.14,1,71537,71107,430
8841061,2.064,1.28282,432,4810700,0.181501,0.14,1,71539,71107,432
8843981,2.0128,0.256563,434,4812160,0.1803,0.14,1,71541,71107,434
8846901,2.00256,0.0513126,436,4813620,0.14806,0.14,1,71543,71107,436
8848741,1.20051,0.0102625,437,4815080,0.125612,0.22,1,71544,71107,437
8851661,1.8401,12.0021,424,4816540,0.0891224,0.22,1,71546,71122,424
8853941,5.96802,2.40041,431,4818000,0.121824,0.11,1,71553,71122,431
8856861,2.7936,8.48008,423,4819460,0.0963649,0.11,1,71555,71132,423
8859781,2.15872,1.69602,425,4820920,0.059273,0.11,1,71557,71132,425
8862701,2.03174,0.339203,427,4822380,0.179855,0.11,1,71559,71132,427
8864341,4.40635,0.0678406,432,4823840,0.131971,0.14,1,71564,71132,432
8867261,2.48127,8.81357,423,4825300,0.114394,0.14,1,71566,71143,423
8870181,2.09625,1.76271,425,4826760,0.0788788,0.14,1,71568,71143,425
8873101,2.01925,0.352543,427,4828220,0.0317758,0.14,1,71570,71143,427
8874741,1.20385,0.0705085,428,4829680,0.00635515,0,1,71571,71143,428
8877661,1.84077,5.6141,423,4831140,0.00127103,0,1,71573,71150,423
8879941,8.36815,1.12282,433,4832600,0.0162542,0.06,1,71583,71150,433
8881601,2.47363,9.02456,423,4834060,0.00325084,0.17,1,71584,71161,423
8884521,87.6947,88.2049,424,4835520,0.0406502,0.17,1,71693,71269,424
8886181,26.3389,17.641,435,4836980,0.00813003,0.18,1,71704,71269,435
8889101,8.46779,13.1282,427,4838440,0.065626,0.18,1,71708,71281,427
8892021,3.29356,2.62564,429,4839900,0.0691252,0.18,1,71710,71281,429
8894501,25.4587,0.525128,460,4841360,0.357825,0.19,1,71741,71281,460
8897421,6.69174,26.505,429,4842820,0.431565,0.19,1,71743,71314,429
8899701,29.3383,5.301,464,4844280,0.206313,0.25,1,71778,71314,464
8902621,7.46767,28.2602,432,4845740,0.353263,0.25,1,71780,71348,432
8905541,3.09353,5.65204,434,4847200,0.350653,0.25,1,71782,71348,434
8908461,2.21871,1.13041,436,4848660,0.318131,0.25,1,71784,71348,436
8911381,2.04374,0.226082,438,4850120,0.271626,0.25,1,71786,71348,438
8913221,1.20875,0.0452163,439,4851580,0.246325,0.36,1,71787,71348,439
8916141,1.84175,8.80904,430,4853040,0.345265,0.36,1,71789,71359,430
8919061,1.96835,1.76181,432,4854500,0.333053,0.36,1,71791,71359,432
8921981,1.99367,0.352362,434,4855960,0.298611,0.36,1,71793,71359,434
8924901,1.99873,0.0704723,436,4857420,0.259722,0.36,1,71795,71359,436
8926741,1.19975,0.0140945,437,4858880,0.235944,0.29,1,71796,71359,437
8929661,1.83995,2.40282,436,4860340,0.351189,0.29,1,71798,71362,436
8931941,47.568,0.480564,495,4861800,0.366238,0.18,1,71857,71362,495
8934021,75.9136,52.8961,512,4863260,0.145248,0.06,1,71940,71428,512
8936941,16.7827,81.7792,425,4864720,0.18905,0.06,1,71942,71517,425
8939861,4.95654,16.3558,427,4866180,0.16581,0.06,1,71944,71517,427
8942341,4.99131,3.27117,432,4867640,0.105162,0.15,1,71949,71517,432
8945261,2.59826,9.45423,423,4869100,0.245032,0.15,1,71951,71528,423
8948181,2.11965,1.89085,425,4870560,0.233006,0.15,1,71953,71528,425
8951101,2.02393,0.378169,427,4872020,0.206601,0.15,1,71955,71528,427
8954021,2.00479,0.0756339,429,4873480,0.16932,0.15,1,71957,71528,429
8956941,2.00096,0.0151268,431,4874940,0.217864,0.15,1,71959,71528,431
8958981,2.00019,0.00302535,433,4876400,0.195573,0.22,1,71961,71528,433
8961901,2.00004,8.80061,424,4877860,0.183115,0.22,1,71963,71539,424
8964821,2.00001,1.76012,426,4879320,0.148623,0.22,1,71965,71539,426
8967741,2,0.352024,428,4880780,0.117725,0.22,1,71967,71539,428
8970421,3.6,0.0704048,432,4882240,0.223545,0.06,1,71971,71539,432
8973341,2.32,6.41408,426,4883700,0.220709,0.06,1,71973,71547,426
8976261,2.064,1.28282,428,4885160,0.196142,0.06,1,71975,71547,428
8979181,2.0128,0.256563,430,4886620,0.167228,0.06,1,71977,71547,430
8982101,2.00256,0.0513126,432,4888080,0.129446,0.06,1,71979,71547,432
8983941,1.20051,0.0102625,433,4889540,0.105889,0.09,1,71980,71547,433
8986021,5.8401,6.40205,432,4891000,0.157178,0.11,1,71987,71555,432
8988941,2.76802,10.0804,423,4892460,0.159436,0.11,1,71989,71566,423
8991861,2.1536,2.01608,425,4893920,0.127887,0.11,1,71991,71566,425
8994781,2.03072,0.403216,427,4895380,0.0815774,0.11,1,71993,71566,427
8996421,9.20614,0.0806433,438,4896840,0.136315,0.02,1,72004,71566,438
8999341,3.44123,13.6161,423,4898300,0.107263,0.02,1,72006,71583,423
9002261,2.28825,2.72323,425,4899760,0.0694526,0.02,1,72008,71583,425
9005181,2.05765,0.544645,427,4901220,0.0298905,0.02,1,72010,71583,427
9008101,2.01153,0.108929,429,4902680,0.0059781,0.02,1,72012,71583,429
9009941,8.40231,0.0217858,439,4904140,0.00119562,0.16,1,72022,71583,439
9012641,3.28046,9.60436,429,4905600,0.000239124,0.1,1,72024,71595,429
9014721,79.8561,85.1209,424,4907060,0.0880478,0.09,1,72123,71699,424
9017641,26.3712,25.0242,427,4908520,0.0976096,0.09,1,72136,71709,427
9019921,6.87424,5.00483,429,4909980,0.115522,0.19,1,72138,71709,429
9022841,6.97485,5.00097,431,4911440,0.0631044,0.19,1,72145,71714,431
9024501,33.395,1.00019,471,4912900,0.380621,0.31,1,72185,71714,471
9027421,8.27899,31.4,434,4914360,0.460124,0.31,1,72187,71753,434
9029701,27.2558,6.28001,466,4915820,0.332025,0.24,1,72219,71753,466
9032621,7.05116,28.456,434,4917280,0.458405,0.24,1,72221,71787,434
9035541,3.01023,5.6912,436,4918740,0.451681,0.24,1,72223,71787,436
9038461,2.20205,1.13824,438,4920200,0.426336,0.24,1,72225,71787,438
9041381,2.04041,0.227648,440,4921660,0.389267,0.24,1,72227,71787,440
9043221,1.20808,0.0455296,441,4923120,0.373853,0.27,1,72228,71787,441
9046141,1.84162,5.60911,436,4924580,0.338771,0.27,1,72230,71794,436
9049061,1.96832,1.12182,438,4926040,0.451754,0.27,1,72232,71794,438
9051981,1.99366,0.224364,440,4927500,0.442351,0.27,1,72234,71794,440
9053621,1.19873,0.0448728,441,4928960,0.41647,0.35,1,72235,71794,441
9056541,1.83975,4.80897,437,4930420,0.379294,0.35,1,72237,71800,437
9059461,1.96795,0.961795,439,4931880,0.339859,0.35,1,72239,71800,439
9061941,50.7936,0.192359,502,4933340,0.419972,0.29,1,72302,71800,502
9064021,69.3587,53.6385,509,4934800,0.491994,0.13,1,72376,71867,509
9066941,15.4717,74.7277,431,4936260,0.466399,0.13,1,72378,71947,431
9069861,4.69435,14.9455,433,4937720,0.42928,0.13,1,72380,71947,433
9072341,2.53887,2.98911,435,4939180,0.389856,0.28,1,72382,71947,435
9074421,3.70777,3.79782,435,4940640,0.317971,0.21,1,72386,71951,435
9077341,2.34155,7.95956,428,4942100,0.271594,0.21,1,72388,71960,428
9080261,2.06831,1.59191,430,4943560,0.422319,0.21,1,72390,71960,430
9083181,2.01366,0.318383,432,4945020,0.420464,0.21,1,72392,71960,432
9086101,2.00273,0.0636765,434,4946480,0.388093,0.21,1,72394,71960,434
9088981,2.00055,0.0127353,436,4947940,0.469619,0.25,1,72396,71960,436
9091901,2.00011,8.80255,427,4949400,0.453924,0.25,1,72398,71971,427
9094821,2.00002,1.76051,429,4950860,0.410785,0.25,1,72400,71971,429
9097741,2,0.352102,431,4952320,0.386157,0.25,1,72402,71971,431
9099381,1.2,0.0704204,432,4953780,0.365231,0.22,1,72403,71971,432
9101041,1.04,1.61408,431,4955240,0.345046,0.22,1,72404,71973,431
9103961,3.408,9.12282,424,4956700,0.277009,0.22,1,72408,71984,424
9106881,2.2816,1.82456,426,4958160,0.231402,0.22,1,72410,71984,426
9109801,2.05632,0.364913,428,4959620,0.40628,0.22,1,72412,71984,428
9112721,2.01126,0.0729825,430,4961080,0.417256,0.22,1,72414,71984,430
9114561,1.20225,0.0145965,431,4962540,0.403451,0.07,1,72415,71984,431
9117481,1.84045,7.20292,424,4964000,0.36869,0.07,1,72417,71993,424
9120401,1.96809,1.44058,426,4965460,0.329738,0.07,1,72419,71993,426
9122881,1.99362,0.288117,428,4966920,0.281948,0.08,1,72421,71993,428
9124961,2.79872,7.25762,422,4968380,0.23239,0,1,72424,72002,422
9127881,13.3597,14.2515,422,4969840,0.318478,0,1,72440,72018,422
9130801,4.27195,2.8503,424,4971300,0.303696,0,1,72442,72018,424
9133721,2.45439,0.570061,426,4972760,0.324739,0,1,72444,72018,426
9136641,2.09088,0.114012,428,4974220,0.296948,0,1,72446,72018,428
9138481,1.21818,0.0228024,429,4975680,0.27539,0.18,1,72447,72018,429
9141401,3.44364,8.00456,423,4977140,0.207078,0.18,1,72451,72028,423
9143681,2.28873,1.60091,425,4978600,0.161416,0.17,1,72453,72028,425
9145761,84.4577,83.5202,426,4980060,0.0642831,0.11,1,72558,72132,426
9148681,30.4915,24.704,433,4981520,0.140857,0.11,1,72575,72142,433
9150961,7.69831,4.94081,435,4982980,0.124171,0.02,1,72577,72142,435
9153041,5.53966,4.98816,435,4984440,0.144834,0.51,1,72582,72147,435
9155961,43.5079,36.1976,444,4985900,0.492967,0.51,1,72635,72191,444
9158241,10.3016,7.23953,446,4987360,0.530593,0.33,1,72637,72191,446
9161161,26.8603,32.6479,438,4988820,0.498119,0.33,1,72668,72230,438
9164081,6.97206,6.52958,440,4990280,0.467624,0.33,1,72670,72230,440
9167001,2.99441,1.30592,442,4991740,0.429525,0.33,1,72672,72230,442
9169921,2.19888,0.261183,444,4993200,0.397905,0.33,1,72674,72230,444
9172841,2.03978,0.0522366,446,4994660,0.359581,0.33,1,72676,72230,446
9175301,2.00796,0.0104473,448,4996120,0.311916,0.46,1,72678,72230,448
9178221,2.00159,10.4021,437,4997580,0.518383,0.46,1,72680,72243,437
9181141,2.00032,2.08042,439,4999040,0.535677,0.46,1,72682,72243,439
9184061,2.00006,0.416084,441,5000500,0.507135,0.46,1,72684,72243,441
9186981,2.00001,0.0832167,443,5001960,0.469427,0.46,1,72686,72243,443
9189901,2,0.0166433,445,5003420,0.573885,0.46,1,72688,72243,445
9191941,57.2,0.00332867,516,5004880,0.554777,0.47,1,72759,72243,516
9194021,62.64,59.2007,506,5006340,0.678955,0.32,1,72823,72317,506
9196941,14.128,66.2401,440,5007800,0.703791,0.32,1,72825,72385,440
9199861,4.4256,13.248,442,5009260,0.676758,0.32,1,72827,72385,442
9202781,2.48512,2.64961,444,5010720,0.727352,0.32,1,72829,72385,444
9204421,2.89702,0.529921,447,5012180,0.68947,0.4,1,72832,72385,447
9207341,2.1794,12.106,434,5013640,0.649894,0.4,1,72834,72400,434
9210261,2.03588,2.4212,436,5015100,0.609979,0.4,1,72836,72400,436
9213181,2.00718,0.484239,438,5016560,0.657996,0.4,1,72838,72400,438
9216101,2.00144,0.0968479,440,5018020,0.635599,0.4,1,72840,72400,440
9219021,2.00029,0.0193696,442,5019480,0.72712,0.4,1,72842,72400,442
9221941,2.00006,0.00387391,444,5020940,0.713424,0.4,1,72844,72400,444
9224181,2.00001,0.000774783,446,5022400,0.678685,0.42,1,72846,72400,446
9227101,2,11.2002,434,5023860,0.751737,0.42,2,72848,72414,434
9230021,2,2.24003,436,5025320,0.726347,0.42,1,72850,72414,436
9232941,2,0.448006,438,5026780,0.689269,0.42,1,72852,72414,438
9235861,2,0.0896012,440,5028240,0.649854,0.42,1,72854,72414,440
9238781,2,0.0179202,442,5029700,0.609971,0.42,1,72856,72414,442
9240401,1.2,0.00358405,443,5031160,0.585994,0.27,1,72857,72414,443
9243321,3.44,5.60072,440,5032620,0.517199,0.27,1,72861,72421,440
9246241,2.288,1.12014,442,5034080,0.68744,0.27,1,72863,72421,442
9249161,2.0576,0.224029,444,5035540,0.689488,0.27,1,72865,72421,444
9250801,1.21152,0.0448057,445,5037000,0.673898,0.49,1,72866,72421,445
9253721,1.8423,8.80896,436,5038460,0.73478,0.49,1,72868,72432,436
9256001,1.96846,1.76179,438,5039920,0.714956,0.19,1,72870,72432,438
9258921,2.79369,15.5524,422,5041380,0.670991,0.19,1,72873,72451,422
9261841,2.15874,3.11047,424,5042840,0.630198,0.19,1,72875,72451,424
9264761,2.03175,0.622094,426,5044300,0.71004,0.19,1,72877,72451,426
9267681,2.00635,0.124419,428,5045760,0.718008,0.19,1,72879,72451,428
9269521,1.20127,0.0248838,429,5047220,0.695602,0.04,1,72880,72451,429
9272441,1.84025,5.60498,424,5048680,0.66712,0.04,1,72882,72458,424
9274721,1.96805,1.121,426,5050140,0.701424,0.21,1,72884,72458,426
9276801,90.7936,87.4242,430,5051600,0.612285,0.21,1,72997,72567,430
9279721,29.3587,27.0848,432,5053060,0.618457,0.21,1,73011,72579,432
9282001,7.47174,5.41697,434,5054520,0.587691,0.29,1,73013,72579,434
9284081,17.4943,12.2834,440,5055980,0.613538,0.6,1,73033,72593,440
9287001,47.4989,40.8567,447,5057440,0.674708,0.6,1,73088,72641,447
9289281,11.0998,8.17134,449,5058900,0.654942,0.32,1,73090,72641,449
9292201,27.02,30.4343,444,5060360,0.746988,0.32,1,73121,72677,444
9295121,7.00399,6.08685,446,5061820,0.733398,0.32,1,73123,72677,446
9298041,3.0008,1.21737,448,5063280,0.84268,0.32,2,73125,72677,448
9300961,2.20016,0.243474,450,5064740,0.832536,0.32,2,73127,72677,450
9303841,2.04003,0.0486948,452,5066200,0.806507,0.5,2,73129,72677,452
9306761,2.00801,5.60974,447,5067660,0.769301,0.5,2,73131,72684,447
9309681,2.0016,1.12195,449,5069120,0.82586,0.5,2,73133,72684,449
9312161,2.00032,0.22439,451,5070580,0.805172,0.52,2,73135,72684,451
9315081,2.80006,6.44488,446,5072040,0.753034,0.52,2,73138,72692,446
9318001,2.16001,1.28898,448,5073500,0.830607,0.52,2,73140,72692,448
9320481,2.032,0.257795,450,5074960,0.814121,0.57,2,73142,72692,450
9322561,62.8064,62.4516,450,5076420,0.810824,0.7,2,73220,72770,450
9325481,63.7613,61.2903,453,5077880,0.698165,0.7,1,73284,72831,453
9328401,14.3523,12.2581,455,5079340,0.659633,0.7,1,73286,72831,455
9331321,4.47045,2.45161,457,5080800,0.643927,0.7,1,73288,72831,457
9332961,1.69409,0.490322,458,5082260,0.616785,0.69,1,73289,72831,458
9335881,3.53882,4.89806,456,5083720,0.715357,0.69,1,73293,72837,456
9338801,2.30776,0.979613,458,5085180,0.703071,0.69,1,73295,72837,458
9341281,2.06155,0.195923,460,5086640,0.668614,0.68,1,73297,72837,460
9344201,2.01231,12.0392,447,5088100,0.685723,0.68,1,73299,72852,447
9347121,2.00246,2.40784,449,5089560,0.657145,0.68,1,73301,72852,449
9350041,2.00049,0.481567,451,5091020,0.619429,0.68,1,73303,72852,451
9352961,2.0001,0.0963135,453,5092480,0.587886,0.68,1,73305,72852,453
9355881,2.00002,0.0192627,455,5093940,0.717577,0.68,1,73307,72852,455
9358801,2,0.00385254,457,5095400,0.711515,0.68,1,73309,72852,457
9361041,2,0.000770508,459,5096860,0.678303,0.58,1,73311,72852,459
9363961,2,4.00015,456,5098320,0.647661,0.58,1,73313,72857,456
9366881,2,0.800031,458,5099780,0.609532,0.58,1,73315,72857,458
9369361,2,0.160006,460,5101240,0.761906,0.67,2,73317,72857,460
9372281,2,7.232,453,5102700,0.752381,0.67,2,73319,72866,453
9375201,2,1.4464,455,5104160,0.726476,0.67,1,73321,72866,455
9378121,2,0.28928,457,5105620,0.745295,0.67,1,73323,72866,457
9379761,1.2,0.057856,458,5107080,0.733059,0.66,1,73324,72866,458
9382681,3.44,5.61157,455,5108540,0.666612,0.66,1,73328,72873,455
9385601,2.288,1.12231,457,5110000,0.741322,0.66,1,73330,72873,457
9388501,2.0576,0.224463,459,5111460,0.732264,0.75,1,73332,72873,459
9391421,2.01152,2.44489,458,5112920,0.698453,0.75,1,73334,72876,458
9393701,2.0023,0.488979,460,5114380,0.667691,0.71,1,73336,72876,460
9396621,2.00046,6.4978,454,5115840,0.749538,0.71,1,73338,72884,454
9399541,2.00009,1.29956,456,5117300,0.733908,0.71,1,73340,72884,456
9402461,2.00002,0.259912,458,5118760,0.706782,0.71,1,73342,72884,458
9404101,1.2,0.0519824,459,5120220,0.685356,0.63,1,73343,72884,459
9405761,1.04,6.4104,452,5121680,0.665071,0.66,1,73344,72892,452
9407841,97.008,93.2821,458,5123140,0.749014,0.78,1,73465,73007,458
9410761,25.8016,27.4564,455,5124600,0.701803,0.78,1,73473,73018,455
9413041,6.76032,5.49128,457,5126060,0.660361,0.79,1,73475,73018,457
9415121,24.5521,18.6983,464,5127520,0.620072,0.73,1,73504,73040,464
9418041,44.9104,46.1397,461,5128980,0.724014,0.73,1,73554,73093,461
9420321,10.5821,9.22793,463,5130440,0.712803,0.8,1,73556,73093,463
9423241,27.7164,30.6456,459,5131900,0.590561,0.8,1,73588,73129,459
9426161,7.14328,6.12912,461,5133360,0.742112,0.8,1,73590,73129,461
9429081,3.02866,1.22582,463,5134820,0.740422,0.8,1,73592,73129,463
9431761,2.20573,0.245165,465,5136280,0.716084,0.78,1,73594,73129,465
9434681,2.04115,5.64903,460,5137740,0.687217,0.78,1,73596,73136,460
9437601,2.00823,1.12981,462,5139200,0.649443,0.78,1,73598,73136,462
9440521,2.00165,0.225961,464,5140660,0.617889,0.78,1,73600,73136,464
9443201,2.00033,0.0451923,466,5142120,0.579578,0.83,1,73602,73136,466
9446121,2.00007,4.00904,463,5143580,0.667916,0.83,1,73604,73141,463
9448401,2.00001,0.801808,465,5145040,0.653583,0.78,1,73606,73141,465
9451321,2,2.56036,464,5146500,0.626717,0.78,1,73608,73144,464
9452981,60.4,0.512072,539,5147960,0.661343,0.75,1,73683,73144,539
9455061,59.28,63.3024,519,5149420,0.644269,0.64,1,73742,73223,519
9457981,13.456,64.6605,456,5150880,0.608854,0.64,1,73744,73288,456
9460261,4.2912,12.9321,458,5152340,0.665771,0.7,1,73746,73288,458
9463181,2.45824,8.18642,453,5153800,0.645154,0.7,1,73748,73295,453
9466081,2.09165,1.63728,455,5155260,0.617031,0.76,1,73750,73295,455
9469001,6.81833,9.12746,452,5156720,0.691406,0.76,1,73758,73306,452
9471921,2.96367,1.82549,454,5158180,0.794281,0.76,2,73760,73306,454
9474841,2.19273,0.365098,456,5159640,0.782856,0.76,2,73762,73306,456
9477761,2.03855,0.0730196,458,5161100,0.748571,0.76,1,73764,73306,458
9480681,2.00771,0.0146039,460,5162560,0.709714,0.76,1,73766,73306,460
9483601,2.00154,0.00292079,462,5164020,0.677943,0.76,1,73768,73306,462
9485221,1.20031,0.000584157,463,5165480,0.655589,0.67,1,73769,73306,463
9488141,1.84006,4.00012,460,5166940,0.675118,0.67,1,73771,73311,460
9490421,1.96801,0.800023,462,5168400,0.647024,0.75,1,73773,73311,462
9493341,1.9936,6.56,456,5169860,0.617405,0.75,1,73775,73319,456
9496261,1.99872,1.312,458,5171320,0.675481,0.75,1,73777,73319,458
9499181,1.99974,0.2624,460,5172780,0.655096,0.75,1,73779,73319,460
9501861,1.99995,0.05248,462,5174240,0.619019,0.67,1,73781,73319,462
9504781,1.99999,6.4105,456,5175700,0.587804,0.67,1,73783,73327,456
9507701,2,1.2821,458,5177160,0.549561,0.67,1,73785,73327,458
9510621,2,0.25642,460,5178620,0.733912,0.67,1,73787,73327,460
9512261,2.8,0.051284,463,5180080,0.722782,0.77,1,73790,73327,463
9515181,2.16,8.81026,454,5181540,0.688556,0.77,1,73792,73338,454
9518101,2.032,1.76205,456,5183000,0.769711,0.77,2,73794,73338,456
9521021,2.0064,0.35241,458,5184460,0.761942,0.77,2,73796,73338,458
9523941,2.00128,0.070482,460,5185920,0.728388,0.77,1,73798,73338,460
9525781,2.80026,0.0140964,463,5187380,0.673678,0.67,1,73801,73338,463
9528701,2.16005,13.6028,448,5188840,0.622736,0.67,1,73803,73355,448
9531621,2.03201,2.72056,450,5190300,0.732547,0.67,1,73805,73355,450
9534541,2.0064,0.544113,452,5191760,0.730509,0.67,1,73807,73355,452
9536801,2.00128,0.108823,454,5193220,0.778102,0.69,2,73809,73355,454
9538881,96.4003,94.4218,456,5194680,0.79562,0.76,2,73929,73473,456
9541801,25.6801,22.8844,459,5196140,0.791124,0.76,2,73937,73478,459
9544081,6.73601,4.57687,461,5197600,0.758225,0.73,2,73939,73478,461
9546161,26.1472,26.5154,460,5199060,0.807645,0.75,2,73970,73510,460
9549081,41.2294,45.3031,455,5200520,0.761529,0.75,2,74015,73560,455
9551361,9.84589,9.06061,457,5201980,0.720306,0.69,1,74017,73560,457
9554281,30.7692,37.0121,449,5203440,0.624061,0.69,1,74053,73604,449
9557201,7.75384,7.40242,451,5204900,0.572812,0.69,1,74055,73604,451
9560121,3.15077,1.48048,453,5206360,0.730562,0.69,1,74057,73604,453
9563041,2.23015,0.296097,455,5207820,0.730113,0.69,1,74059,73604,455
9565961,2.04603,0.0592194,457,5209280,0.698022,0.69,1,74061,73604,457
9568881,2.00921,0.0118439,459,5210740,0.651604,0.69,1,74063,73604,459
9571801,2.00184,0.00236878,461,5212200,0.610321,0.69,1,74065,73604,461
9574241,2.00037,0.000473755,463,5213660,0.562064,0.76,1,74067,73604,463
9577161,3.60007,10.4001,454,5215120,0.584413,0.76,1,74071,73617,454
9580081,3.92001,2.08002,458,5216580,0.692883,0.76,1,74075,73617,458
9582981,57.584,0.416004,529,5218040,0.674577,0.73,1,74146,73617,529
9585061,59.5168,58.4832,516,5219500,0.758915,0.62,2,74206,73690,516
9587981,13.5034,58.8966,459,5220960,0.735783,0.62,1,74208,73749,459
9590901,4.30067,11.7793,461,5222420,0.699157,0.62,1,74210,73749,461
9593821,2.46013,2.35587,463,5223880,0.659831,0.62,1,74212,73749,463
9595461,1.29203,0.471173,464,5225340,0.635966,0.82,1,74213,73749,464
9598381,1.85841,8.89423,455,5226800,0.607193,0.82,1,74215,73760,455
9600661,6.77168,1.77885,463,5228260,0.785439,0.61,2,74223,73760,463
9603581,2.95434,12.3558,450,5229720,0.789088,0.61,2,74225,73775,450
9606501,2.19087,2.47115,452,5231180,0.757818,0.61,2,74227,73775,452
9609421,2.03817,0.494231,454,5232640,0.719564,0.61,1,74229,73775,454
9612341,2.00763,0.0988461,456,5234100,0.679913,0.61,1,74231,73775,456
9615261,2.00153,0.0197692,458,5235560,0.647983,0.61,1,74233,73775,458
9618181,2.00031,0.00395385,460,5237020,0.681597,0.61,1,74235,73775,460
9621041,2.00006,0.000790769,462,5238480,0.656319,0.59,1,74237,73775,462
9623961,2.00001,5.60016,457,5239940,0.715264,0.59,1,74239,73782,457
9626881,2,1.12003,459,5241400,0.703053,0.59,1,74241,73782,459
9629801,2,0.224006,461,5242860,0.668611,0.59,1,74243,73782,461
9632481,2,0.0448013,463,5244320,0.821722,0.79,2,74245,73782,463
9635401,2,9.60896,453,5245780,0.820344,0.79,2,74247,73794,453
9638321,2,1.92179,455,5247240,0.796069,0.79,2,74249,73794,455
9641241,2,0.384358,457,5248700,0.759214,0.79,2,74251,73794,457
9644161,2,0.0768717,459,5250160,0.847843,0.79,2,74253,73794,459
9646001,1.2,0.0153743,460,5251620,0.849569,0.74,2,74254,73794,460
9648921,3.44,2.40307,461,5253080,0.785914,0.74,2,74258,73797,461
9651201,2.288,0.480615,463,5254540,0.741183,0.79,1,74260,73797,463
9654121,3.6576,9.69612,455,5256000,0.660237,0.79,1,74264,73809,455
9657041,2.33152,1.93922,457,5257460,0.612047,0.79,1,74266,73809,457
9659961,2.0663,0.387845,459,5258920,0.578409,0.79,1,74268,73809,459
9662881,2.01326,0.077569,461,5260380,0.755682,0.79,2,74270,73809,461
9664721,1.20265,0.0155138,462,5261840,0.775136,0.82,2,74271,73809,462
9667641,1.84053,8.0031,454,5263300,0.755027,0.82,2,74273,73819,454
9669301,97.9681,1.60062,576,5264760,0.775006,0.8,2,74395,73819,576
9672221,21.1936,97.9201,456,5266220,0.747001,0.8,1,74397,73941,456
9675121,5.83872,19.584,458,5267680,0.7094,0.81,1,74399,73941,458
9677201,31.5677,34.3168,458,5269140,0.65388,0.79,1,74437,73979,458
9680121,41.5135,44.4634,455,5270600,0.706776,0.79,1,74481,74026,455
9682401,9.90271,8.89267,457,5272060,0.845355,0.64,2,74483,74026,457
9685321,26.7805,31.3785,451,5273520,0.713071,0.64,1,74514,74063,451
9688241,6.95611,6.27571,453,5274980,0.806614,0.64,2,74516,74063,453
9691161,2.99122,1.25514,455,5276440,0.793323,0.64,2,74518,74063,455
9694081,2.19824,0.251028,457,5277900,0.766665,0.64,2,74520,74063,457
9696961,2.03965,0.0502056,459,5279360,0.729333,0.55,1,74522,74063,459
9699881,2.00793,3.21004,457,5280820,0.689867,0.55,1,74524,74067,457
9702161,2.00159,0.642008,459,5282280,0.649973,0.69,1,74526,74067,459
9705081,2.00032,10.5284,448,5283740,0.753995,0.69,2,74528,74080,448
9708001,2.00006,2.10568,450,5285200,0.742799,0.69,1,74530,74080,450
9710481,2.00001,0.421136,452,5286660,0.70856,0.67,1,74532,74080,452
9713401,68.4,60.8842,461,5288120,0.797712,0.67,2,74617,74156,461
9715061,57.68,12.1768,516,5289580,0.727542,0.67,1,74672,74156,516
9717981,13.136,46.4354,463,5291040,0.761508,0.67,2,74674,74211,463
9720901,4.2272,9.28707,465,5292500,0.744302,0.67,1,74676,74211,465
9723381,2.44544,1.85741,467,5293960,0.71686,0.83,1,74678,74211,467
9726301,2.08909,9.97148,457,5295420,0.767372,0.83,2,74680,74223,457
9729201,2.01782,1.9943,459,5296880,0.745474,0.71,1,74682,74223,459
9732121,6.80356,9.19886,456,5298340,0.661095,0.71,1,74690,74234,456
9735041,2.96071,1.83977,458,5299800,0.724219,0.71,1,74692,74234,458
9737961,2.19214,0.367954,460,5301260,0.704844,0.71,1,74694,74234,460
9740881,2.03843,0.0735909,462,5302720,0.732969,0.71,1,74696,74234,462
9743801,2.00769,0.0147182,464,5304180,0.714594,0.71,1,74698,74234,464
9745841,2.00154,0.00294363,466,5305640,0.750919,0.69,2,74700,74234,466
9748761,2.00031,6.40059,460,5307100,0.814184,0.69,2,74702,74242,460
9751681,2.00006,1.28012,462,5308560,0.802837,0.69,2,74704,74242,462
9754601,2.00001,0.256024,464,5310020,0.768567,0.69,2,74706,74242,464
9757281,2,0.0512047,466,5311480,0.721713,0.77,1,74708,74242,466
9760201,2,12.8102,452,5312940,0.808343,0.77,2,74710,74258,452
9763121,2,2.56205,454,5314400,0.793669,0.77,2,74712,74258,454
9766041,2,0.51241,456,5315860,0.814734,0.77,2,74714,74258,456
9768961,2,0.102482,458,5317320,0.794947,0.77,2,74716,74258,458
9771881,2,0.0204964,460,5318780,0.758989,0.77,2,74718,74258,460
9774801,2,0.00409928,462,5320240,0.839798,0.77,2,74720,74258,462
9777041,2,0.000819855,464,5321700,0.83196,0.57,2,74722,74258,464
9779961,4.4,8.00016,459,5323160,0.758392,0.57,2,74727,74268,459
9782881,2.48,1.60003,461,5324620,0.711678,0.57,1,74729,74268,461
9785801,2.096,0.320007,463,5326080,0.670336,0.57,1,74731,74268,463
9787441,1.2192,0.0640013,464,5327540,0.638067,0.76,1,74732,74268,464
9790361,1.84384,5.6128,459,5329000,0.599613,0.76,1,74734,74275,459
9793281,1.96877,1.12256,461,5330460,0.783923,0.76,2,74736,74275,461
9796201,1.99375,0.224512,463,5331920,0.788785,0.76,2,74738,74275,463
9797841,1.19875,0.0449024,464,5333380,0.773757,0.66,2,74739,74275,464
9800761,98.6398,100.809,461,5334840,0.778751,0.66,2,74862,74401,461
9803681,21.3279,20.1618,463,5336300,0.77975,0.66,2,74864,74401,463
9806161,5.86559,4.03236,465,5337760,0.85195,0.67,2,74866,74401,465
9808241,35.5731,38.4065,461,5339220,0.73839,0.83,1,74909,74448,461
9811161,39.1146,41.2813,459,5340680,0.755678,0.83,2,74949,74490,459
9813441,9.42292,8.25626,461,5342140,0.751136,0.64,2,74951,74490,461
9816361,25.0846,30.4513,454,5343600,0.726227,0.64,1,74980,74526,454
9819281,6.61692,6.09025,456,5345060,0.689245,0.64,1,74982,74526,456
9822201,2.92338,1.21805,458,5346520,0.649849,0.64,1,74984,74526,458
9825121,2.18468,0.24361,460,5347980,0.80197,0.64,2,74986,74526,460
9828041,2.03694,0.048722,462,5349440,0.808394,0.64,2,74988,74526,462
9830081,2.00739,0.0097444,464,5350900,0.833679,0.69,2,74990,74526,464
9833001,2.00148,5.60195,459,5352360,0.806736,0.69,2,74992,74533,459
9835921,2.0003,1.12039,461,5353820,0.809347,0.69,2,74994,74533,461
9838841,2.00006,0.224078,463,5355280,0.777869,0.69,2,74996,74533,463
9841521,2.00001,0.0448156,465,5356740,0.731574,0.74,1,74998,74533,465
9843601,69.2,70.409,463,5358200,0.714315,0.78,1,75084,74621,463
9846521,55.44,61.2818,456,5359660,0.742863,0.78,1,75136,74680,456
9849441,12.688,12.2564,458,5361120,0.764573,0.78,2,75138,74680,458
9852361,4.1376,2.45127,460,5362580,0.744915,0.78,1,75140,74680,460
9854001,1.62752,0.490254,461,5364040,0.724983,0.68,1,75141,74680,461
9856921,5.1255,6.49805,459,5365500,0.784997,0.68,2,75147,74688,459
9859841,2.6251,1.29961,461,5366960,0.820999,0.68,2,75149,74688,461
9861701,6.12502,0.259922,468,5368420,0.7882,0.71,2,75156,74688,468
9864621,2.825,8.05198,460,5369880,0.80564,0.71,2,75158,74698,460
9867541,2.165,1.6104,462,5371340,0.769128,0.71,2,75160,74698,462
9870461,2.033,0.322079,464,5372800,0.729826,0.71,1,75162,74698,464
9873141,2.0066,0.0644159,466,5374260,0.801965,0.83,2,75164,74698,466
9876061,2.00132,3.21288,464,5375720,0.776393,0.83,2,75166,74702,464
9878341,2.00026,0.642577,466,5377180,0.739279,0.85,1,75168,74702,466
9881261,2.00005,5.72852,461,5378640,0.699856,0.85,1,75170,74709,461
9884181,2.00001,1.1457,463,5380100,0.659971,0.85,1,75172,74709,463
9887101,2,0.229141,465,5381560,0.715994,0.85,1,75174,74709,465
9889781,2,0.0458281,467,5383020,0.823199,0.79,2,75176,74709,467
9892701,2,12.0092,454,5384480,0.81264,0.79,2,75178,74724,454
9895621,2,2.40183,456,5385940,0.786528,0.79,2,75180,74724,456
9898541,2,0.480367,458,5387400,0.749306,0.79,1,75182,74724,458
9901461,2,0.0960733,460,5388860,0.709861,0.79,1,75184,74724,460
9904381,2,0.0192147,462,5390320,0.853972,0.79,2,75186,74724,462
9907301,2,0.00384293,464,5391780,0.850794,0.79,2,75188,74724,464
9909541,2.8,0.000768586,467,5393240,0.810159,0.66,2,75191,74724,467
9912461,2.96,5.60015,463,5394700,0.882032,0.66,2,75194,74731,463
9914741,2.192,1.12003,465,5396160,0.864406,0.8,2,75196,74731,465
9917661,2.0384,9.02401,456,5397620,0.836881,0.8,2,75198,74742,456
9920581,2.00768,1.8048,458,5399080,0.799376,0.8,2,75200,74742,458
9923501,2.00154,0.36096,460,5400540,0.767875,0.8,2,75202,74742,460
9926421,2.00031,0.072192,462,5402000,0.729575,0.8,1,75204,74742,462
9928881,2.00006,0.0144384,464,5403460,0.689915,0.75,1,75206,74742,464
9931801,101.2,104.003,460,5404920,0.737983,0.75,1,75332,74872,460
9934721,21.84,20.8006,462,5406380,0.715597,0.75,1,75334,74872,462
9937201,5.968,4.16012,464,5407840,0.767119,0.81,2,75336,74872,464
9939281,33.9936,36.832,460,5409300,0.705424,0.78,1,75377,74917,460
9942201,39.5987,42.5664,457,5410760,0.797085,0.78,2,75418,74961,457
9944481,9.51974,8.51328,459,5412220,0.783417,0.8,2,75420,74961,459
9947401,24.3039,26.5027,456,5413680,0.660683,0.8,1,75448,74992,456
9950321,6.46079,5.30053,458,5415140,0.756137,0.8,2,75450,74992,458
9953241,2.89216,1.06011,460,5416600,0.743227,0.8,1,75452,74992,460
9956161,2.17843,0.212021,462,5418060,0.708645,0.8,1,75454,74992,462
9959081,2.03569,0.0424042,464,5419520,0.677729,0.8,1,75456,74992,464
9961121,2.00714,0.00848085,466,5420980,0.759546,0.84,2,75458,74992,466
9964041,2.00143,8.8017,457,5422440,0.751909,0.84,2,75460,75003,457
9966961,2.00029,1.76034,459,5423900,0.726382,0.84,1,75462,75003,459
9969881,2.00006,0.352068,461,5425360,0.777276,0.84,2,75464,75003,461
9972561,2.00001,0.0704136,463,5426820,0.755455,0.88,2,75466,75003,463
9974641,68.4,72.8141,457,5428280,0.823091,0.74,2,75551,75094,457
9977561,56.08,51.3628,464,5429740,0.756618,0.74,2,75604,75140,464
9979841,12.816,10.2726,466,5431200,0.719324,0.84,1,75606,75140,466
9982761,7.3632,12.4545,459,5432660,0.615865,0.84,1,75612,75153,459
9985681,3.07264,2.4909,461,5434120,0.707173,0.84,1,75614,75153,461
9988601,2.21453,0.49818,463,5435580,0.693435,0.84,1,75616,75153,463
9990241,1.24291,0.0996361,464,5437040,0.674687,0.82,1,75617,75153,464
9993161,6.64858,8.81993,461,5438500,0.638937,0.82,1,75625,75164,461
9996081,2.92972,1.76399,463,5439960,0.727787,0.82,1,75627,75164,463
9999001,2.18594,0.352797,465,5441420,0.713557,0.82,1,75629,75164,465
10000641,1.23719,0.0705594,466,5442880,0.702711,0.87,1,75630,75164,466
10003561,1.84744,8.81411,457,5444340,0.724542,0.87,1,75632,75175,457
10006481,1.96949,1.76282,459,5445800,0.784908,0.87,2,75634,75175,459
10009401,1.9939,0.352564,461,5447260,0.764982,0.87,2,75636,75175,461
10012321,1.99878,0.0705129,463,5448720,0.736996,0.87,1,75638,75175,463
10015241,1.99976,0.0141026,465,5450180,0.763399,0.87,2,75640,75175,465
10017281,1.99995,0.00282052,467,5451640,0.73668,0.72,1,75642,75175,467
10020201,1.99999,6.40056,461,5453100,0.747336,0.72,1,75644,75183,461
10023121,2,1.28011,463,5454560,0.837467,0.72,2,75646,75183,463
10026041,2,0.256023,465,5456020,0.823493,0.72,2,75648,75183,465
10028721,2,0.0512045,467,5457480,0.788699,0.86,2,75650,75183,467
10031641,2,10.4102,456,5458940,0.74974,0.86,1,75652,75196,456
10034561,2,2.08205,458,5460400,0.821948,0.86,2,75654,75196,458
10037481,2,0.41641,460,5461860,0.79639,0.86,2,75656,75196,460
10040401,2,0.0832819,462,5463320,0.783278,0.86,2,75658,75196,462
10043281,2,0.0166564,464,5464780,0.756656,0.78,2,75660,75196,464
10046201,3.6,11.2033,454,5466240,0.791331,0.78,2,75664,75210,454
10049121,2.32,2.24067,456,5467700,0.758266,0.78,2,75666,75210,456
10052041,2.064,0.448133,458,5469160,0.719653,0.78,1,75668,75210,458
10054961,2.0128,0.0896266,460,5470620,0.807931,0.78,2,75670,75210,460
10057881,2.00256,0.0179253,462,5472080,0.793586,0.78,2,75672,75210,462
10059921,2.00051,0.00358506,464,5473540,0.758717,0.78,2,75674,75210,464
10062841,96.4001,100.801,458,5475000,0.807743,0.78,2,75794,75336,458
10065121,20.88,20.1601,460,5476460,0.793549,0.72,2,75796,75336,460
10068041,12.176,11.232,461,5477920,0.75071,0.72,2,75806,75345,461
10069701,24.8352,2.24641,489,5479380,0.694142,0.85,1,75834,75345,489
10071781,42.567,29.2493,500,5480840,0.762828,0.74,2,75881,75381,500
10074701,10.1134,38.6499,461,5482300,0.840566,0.74,2,75883,75422,461
10076981,23.6227,7.72997,488,5483760,0.696113,0.72,1,75910,75422,488
10079901,6.32454,26.346,459,5485220,0.811223,0.72,2,75912,75453,459
10082821,2.86491,5.2692,461,5486680,0.802244,0.72,2,75914,75453,461
10085301,2.97298,1.05384,464,5488140,0.760449,0.76,2,75917,75453,464
10088221,2.9946,5.01077,461,5489600,0.70409,0.76,1,75920,75459,461
10091141,2.19892,1.00215,463,5491060,0.660818,0.76,1,75922,75459,463
10093621,2.03978,0.200431,465,5492520,0.780164,0.77,2,75924,75459,465
10096541,2.00796,4.84009,461,5493980,0.772033,0.77,2,75926,75465,461
10099461,2.00159,0.968017,463,5495440,0.738407,0.77,1,75928,75465,463
10101941,8.40032,0.193603,473,5496900,0.795681,0.78,2,75938,75465,473
10103601,2.48006,12.8387,458,5498360,0.799136,0.75,2,75939,75481,458
10105681,61.296,62.5677,459,5499820,0.887827,0.71,2,76015,75556,459
10108601,56.2592,59.7135,455,5501280,0.873565,0.71,2,76070,75615,455
10111521,12.8518,11.9427,457,5502740,0.838713,0.71,2,76072,75615,457
10114441,4.17037,2.38854,459,5504200,0.807743,0.71,2,76074,75615,459
10116081,1.63407,0.477708,460,5505660,0.785549,0.65,2,76075,75615,460
10119001,1.92681,4.09554,457,5507120,0.86911,0.65,2,76077,75620,457
10121281,1.98536,0.819108,459,5508580,0.853822,0.71,2,76079,75620,459
10124201,6.79707,7.36382,458,5510040,0.722764,0.71,1,76087,75629,458
10126481,2.95941,1.47276,460,5511500,0.784553,0.78,2,76089,75629,460
10129401,3.79188,5.09455,458,5512960,0.780911,0.78,2,76093,75635,458
10132321,2.35838,1.01891,460,5514420,0.756182,0.78,2,76095,75635,460
10135241,2.07168,0.203782,462,5515880,0.775236,0.78,2,76097,75635,462
10136881,1.21434,0.0407564,463,5517340,0.763047,0.76,2,76098,75635,463
10139801,1.84287,6.40815,457,5518800,0.82461,0.76,2,76100,75643,457
10142721,1.96857,1.28163,459,5520260,0.836922,0.76,2,76102,75643,459
10145641,1.99371,0.256326,461,5521720,0.807384,0.76,2,76104,75643,461
10148321,1.99874,0.0512652,463,5523180,0.769477,0.86,2,76106,75643,463
10150401,1.99975,2.41025,462,5524640,0.841895,0.76,2,76108,75646,462
10153321,1.99995,4.48205,459,5526100,0.824379,0.76,2,76110,75651,459
10156241,1.99999,0.89641,461,5527560,0.820876,0.76,2,76112,75651,461
10159161,2,0.179282,463,5529020,0.788175,0.76,2,76114,75651,463
10161221,2,0.0358564,465,5530480,0.757635,0.77,2,76116,75651,465
10164141,2,6.40717,459,5531940,0.719527,0.77,1,76118,75659,459
10167061,2,1.28143,461,5533400,0.679905,0.77,1,76120,75659,461
10169981,2,0.256287,463,5534860,0.839981,0.77,2,76122,75659,463
10172661,3.6,0.0512574,467,5536320,0.799996,0.75,2,76126,75659,467
10175581,2.32,12.0103,454,5537780,0.759999,0.75,2,76128,75674,454
10178501,2.064,2.40205,456,5539240,0.712,0.75,1,76130,75674,456
10181421,2.0128,0.48041,458,5540700,0.6704,0.75,1,76132,75674,458
10184341,2.00256,0.096082,460,5542160,0.63808,0.75,1,76134,75674,460
10187261,2.00051,0.0192164,462,5543620,0.799616,0.75,2,76136,75674,462
10188881,1.2001,0.00384328,463,5545080,0.815923,0.84,2,76137,75674,463
10190961,3.44002,8.00077,457,5546540,0.763185,0.79,2,76141,75684,457
10193881,93.488,96.0002,455,5548000,0.840637,0.79,2,76257,75802,455
10196161,20.2976,19.2,457,5549460,0.832127,0.64,2,76259,75802,457
10198241,15.2595,11.04,462,5550920,0.782425,0.84,2,76273,75811,462
10200321,31.0519,29.408,463,5552380,0.860485,0.78,2,76308,75845,463
10203241,43.0104,47.4816,457,5553840,0.860097,0.78,2,76354,75897,457
10205521,10.2021,9.49632,459,5555300,0.876019,0.81,2,76356,75897,459
10208441,22.0404,23.4993,457,5556760,0.855204,0.81,2,76381,75924,457
10211361,6.00808,4.69985,459,5558220,0.843041,0.81,2,76383,75924,459
10214281,2.80162,0.93997,461,5559680,0.928608,0.81,2,76385,75924,461
10217201,2.16032,0.187994,463,5561140,0.913722,0.81,2,76387,75924,463
10220121,2.03206,0.0375988,465,5562600,0.886744,0.81,2,76389,75924,465
10222161,2.00641,0.00751976,467,5564060,0.849349,0.81,2,76391,75924,467
10225081,2.00128,11.2015,455,5565520,0.90587,0.81,2,76393,75938,455
10228001,2.00026,2.2403,457,5566980,0.885174,0.81,2,76395,75938,457
10230481,2.00005,0.44806,459,5568440,0.905035,0.75,2,76397,75938,459
10233401,7.60001,8.08961,458,5569900,0.909007,0.75,2,76406,75948,458
10236101,69.52,1.61792,543,5571360,0.901801,0.87,2,76491,75948,543
10238181,47.504,64.3236,505,5572820,0.81236,0.89,2,76533,76028,505
10241101,11.1008,52.0647,458,5574280,0.882472,0.89,2,76535,76077,458
10244021,3.82016,10.4129,460,5575740,0.864494,0.89,2,76537,76077,460
10246941,2.36403,2.08259,462,5577200,0.836899,0.89,2,76539,76077,462
10248581,4.47281,0.416518,467,5578660,0.91938,0.73,2,76544,76077,467
10251501,2.49456,6.4833,461,5580120,0.895876,0.73,2,76546,76085,461
10253781,8.49891,1.29666,471,5581580,0.867175,0.78,2,76556,76085,471
10256701,3.29978,9.85933,461,5583040,0.885435,0.78,2,76558,76097,461
10259621,2.25996,1.97187,463,5584500,0.873087,0.78,2,76560,76097,463
10262541,2.05199,0.394373,465,5585960,0.894617,0.78,2,76562,76097,465
10264181,2.8104,0.0788746,468,5587420,0.858923,0.82,2,76565,76097,468
10267101,2.16208,10.4158,457,5588880,0.819785,0.82,2,76567,76110,457
10270021,2.03242,2.08315,459,5590340,0.811957,0.82,2,76569,76110,459
10272941,2.00648,0.416631,461,5591800,0.858391,0.82,2,76571,76110,461
10275861,2.0013,0.0833262,463,5593260,0.835678,0.82,2,76573,76110,463
10278781,2.00026,0.0166652,465,5594720,0.807136,0.82,2,76575,76110,465
10281441,2.00005,0.00333305,467,5596180,0.857427,0.83,2,76577,76110,467
10284361,2.00001,11.2007,455,5597640,0.859485,0.83,2,76579,76124,455
10287281,2,2.24013,457,5599100,0.819897,0.83,2,76581,76124,457
10290201,2,0.448027,459,5600560,0.779979,0.83,2,76583,76124,459
10293121,2,0.0896053,461,5602020,0.739996,0.83,1,76585,76124,461
10296041,2,0.0179211,463,5603480,0.851999,0.83,2,76587,76124,463
10298961,2,0.00358421,465,5604940,0.8824,0.83,2,76589,76124,465
10301621,3.6,0.000716842,469,5606400,0.82448,0.63,2,76593,76124,469
10304541,2.32,8.00014,461,5607860,0.900896,0.63,2,76595,76134,461
10307461,2.064,1.60003,463,5609320,0.884179,0.63,2,76597,76134,463
10310381,2.0128,0.320006,465,5610780,0.840836,0.63,2,76599,76134,465
10313061,3.60256,0.0640011,469,5612240,0.864167,0.83,2,76603,76134,469
10315981,2.32051,10.4128,458,5613700,0.844833,0.83,2,76605,76147,458
10318901,2.0641,2.08256,460,5615160,0.848967,0.83,2,76607,76147,460
10321821,2.01282,0.416512,462,5616620,0.849793,0.83,2,76609,76147,462
10323461,93.2026,0.0833024,578,5618080,0.865959,0.84,2,76725,76147,578
10326381,20.2405,93.6167,463,5619540,0.845192,0.84,2,76727,76264,463
10328661,12.8481,18.7233,474,5621000,0.857038,0.83,2,76738,76264,474
10330741,33.7696,12.5447,502,5622460,0.867408,0.97,2,76777,76275,502
10332821,49.9539,34.5089,516,5623920,0.877482,0.72,2,76831,76315,516
10335741,11.5908,49.3018,465,5625380,0.847496,0.72,2,76833,76368,465
10338021,16.7182,9.86036,483,5626840,0.793499,0.95,2,76851,76368,483
10340941,4.94363,15.5721,468,5628300,0.8147,0.95,2,76853,76385,468
10343221,2.58873,3.11441,470,5629760,0.84294,0.88,2,76855,76385,470
10346141,2.11775,8.62288,462,5631220,0.816588,0.88,2,76857,76395,462
10349061,2.02355,1.72458,464,5632680,0.779318,0.88,2,76859,76395,464
10351981,2.00471,0.344915,466,5634140,0.747864,0.88,1,76861,76395,466
10354901,2.00094,0.0689831,468,5635600,0.861573,0.88,2,76863,76395,468
10356741,1.20019,0.0137966,469,5637060,0.868315,0.91,2,76864,76395,469
10359661,1.84004,8.80276,460,5638520,0.837663,0.91,2,76866,76406,460
10361521,1.16801,1.76055,461,5639980,0.815533,0.81,2,76867,76406,461
10363601,7.4336,8.35211,460,5641440,0.835107,0.82,2,76876,76416,460
10366521,64.6867,66.4704,458,5642900,0.759021,0.82,2,76955,76497,458
10368181,50.5373,13.2941,505,5644360,0.767804,0.94,2,77002,76497,505
10371101,11.7075,40.2588,460,5645820,0.857561,0.94,2,77004,76544,460
10374021,3.94149,8.05176,462,5647280,0.843512,0.94,2,77006,76544,462
10376941,2.3883,1.61035,464,5648740,0.816702,0.94,2,77008,76544,464
10378581,6.07766,0.32207,471,5650200,0.83534,0.82,2,77015,76544,471
10381501,2.81553,5.66441,466,5651660,0.807068,0.82,2,77017,76551,466
10383781,2.16311,1.13288,468,5653120,0.769414,0.91,2,77019,76551,468
10385861,6.83262,5.02658,470,5654580,0.849883,0.85,2,77027,76557,470
10388781,2.96652,7.40532,464,5656040,0.849976,0.85,2,77029,76565,464
10391701,2.1933,1.48106,466,5657500,0.817995,0.85,2,77031,76565,466
10394181,3.63866,0.296213,470,5658960,0.779599,0.8,2,77035,76565,470
10397101,2.32773,8.05924,462,5660420,0.81192,0.8,2,77037,76575,462
10400021,2.06555,1.61185,464,5661880,0.794384,0.8,2,77039,76575,464
10402941,2.01311,0.32237,466,5663340,0.766877,0.8,2,77041,76575,466
10405861,2.00262,0.0644739,468,5664800,0.777375,0.8,2,77043,76575,468
10407701,1.20052,0.0128948,469,5666260,0.763475,0.87,2,77044,76575,469
10409361,1.0401,1.60258,468,5667720,0.816695,0.75,2,77045,76577,468
10412281,1.80802,5.92052,463,5669180,0.795339,0.75,2,77047,76584,463
10415201,1.9616,1.1841,465,5670640,0.815068,0.75,2,77049,76584,465
10418121,1.99232,0.236821,467,5672100,0.779014,0.75,2,77051,76584,467
10420801,1.99846,0.0473641,469,5673560,0.763803,0.84,2,77053,76584,469
10423721,1.99969,5.60947,464,5675020,0.728761,0.84,1,77055,76591,464
10426641,1.99994,1.12189,466,5676480,0.841752,0.84,2,77057,76591,466
10429121,1.99999,0.224379,468,5677940,0.84035,0.92,2,77059,76591,468
10432041,2,3.24488,466,5679400,0.80807,0.92,2,77061,76595,466
10433701,2.8,0.648975,469,5680860,0.881614,0.85,2,77064,76595,469
10436621,2.16,11.3298,457,5682320,0.872323,0.85,2,77066,76609,457
10439541,2.032,2.26596,459,5683780,0.838465,0.85,2,77068,76609,459
10442461,2.0064,0.453192,461,5685240,0.799693,0.85,2,77070,76609,461
10445381,2.00128,0.0906383,463,5686700,0.751939,0.85,2,77072,76609,463
10448301,2.00026,0.0181277,465,5688160,0.718388,0.85,1,77074,76609,465
10449921,1.20005,0.00362553,466,5689620,0.847678,0.69,2,77075,76609,466
10452001,4.24001,7.20073,462,5691080,0.913536,0.82,2,77080,76618,462
10454921,92.048,89.4401,466,5692540,0.734707,0.82,1,77194,76728,466
10457201,20.0096,17.888,468,5694000,0.674941,0.84,1,77196,76728,468
10459281,18.4019,21.1776,464,5695460,0.718988,0.74,1,77214,76750,464
10461361,28.4804,30.6355,462,5696920,0.727798,0.89,1,77245,76783,462
10464281,53.6961,54.1271,462,5698380,0.79356,0.89,2,77305,76843,462
10466561,12.3392,10.8254,464,5699840,0.830712,0.89,2,77307,76843,464
10469481,12.8678,18.1651,457,5701300,0.742142,0.89,1,77320,76863,457
10472401,4.17357,3.63302,459,5702760,0.692429,0.89,1,77322,76863,459
10475321,2.43471,0.726603,461,5704220,0.642486,0.89,1,77324,76863,461
10478241,2.08694,0.145321,463,5705680,0.656497,0.89,1,77326,76863,463
10481161,2.01739,0.0290641,465,5707140,0.787299,0.89,2,77328,76863,465
10483621,6.80348,0.00581283,473,5708600,0.82146,0.84,2,77336,76863,473
10486541,2.9607,10.4012,462,5710060,0.804292,0.84,2,77338,76876,462
10489461,2.19214,2.08023,464,5711520,0.768858,0.84,2,77340,76876,464
10492381,2.03843,0.416046,466,5712980,0.833772,0.84,2,77342,76876,466
10494021,3.60769,0.0832093,470,5714440,0.846754,0.85,2,77346,76876,470
10496101,67.9215,9.61664,542,5715900,0.785351,0.76,2,77430,76888,542
10498181,49.5843,67.5233,505,5717360,0.88507,0.84,2,77475,76970,505
10501101,11.5169,49.5047,462,5718820,0.873014,0.84,2,77477,77015,462
10504021,3.90337,9.90093,464,5720280,0.838603,0.84,2,77479,77015,464
10506941,2.38067,1.98019,466,5721740,0.799721,0.84,2,77481,77015,466
10508581,4.47613,0.396037,471,5723200,0.839944,0.91,2,77486,77015,471
10511501,2.49523,8.07921,463,5724660,0.815989,0.91,2,77488,77025,463
10514401,2.09905,1.61584,465,5726120,0.779198,0.81,2,77490,77025,465
10517321,2.01981,5.12317,461,5727580,0.81184,0.81,2,77492,77031,461
10519601,2.00396,1.02463,463,5729040,0.914368,0.82,2,77494,77031,463
10522521,5.20079,5.00493,463,5730500,0.846874,0.82,2,77500,77037,463
10524801,2.64016,1.00099,465,5731960,0.809375,0.83,2,77502,77037,465
10527721,3.72803,6.6002,461,5733420,0.921875,0.83,2,77506,77045,461
10530641,2.34561,1.32004,463,5734880,0.912375,0.83,2,77508,77045,463
10533561,2.06912,0.264008,465,5736340,0.878475,0.83,2,77510,77045,465
10536481,2.01382,0.0528016,467,5737800,0.919695,0.83,2,77512,77045,467
10538321,1.20276,0.0105603,468,5739260,0.911939,0.78,2,77513,77045,468
10541241,1.84055,5.60211,463,5740720,0.870388,0.78,2,77515,77052,463
10544161,1.96811,1.12042,465,5742180,0.838078,0.78,2,77517,77052,465
10547081,1.99362,0.224084,467,5743640,0.919616,0.78,2,77519,77052,467
10548721,1.19872,0.0448169,468,5745100,0.919923,0.9,2,77520,77052,468
10551641,1.83974,9.60896,458,5746560,0.887985,0.9,2,77522,77064,458
10554561,1.96795,1.92179,460,5748020,0.865597,0.9,2,77524,77064,460
10557481,1.99359,0.384359,462,5749480,0.829119,0.9,2,77526,77064,462
10560401,1.99872,0.0768717,464,5750940,0.941824,0.9,2,77528,77064,464
10562241,1.19974,0.0153743,465,5752400,0.948365,0.81,2,77529,77064,465
10565161,3.43995,4.00307,464,5753860,0.989673,0.81,2,77533,77069,464
10568081,2.28799,0.800615,466,5755320,0.965935,0.81,2,77535,77069,466
10570561,2.0576,0.160123,468,5756780,0.937187,0.88,2,77537,77069,468
10573481,2.01152,11.232,456,5758240,0.899437,0.88,2,77539,77083,456
10576401,2.0023,2.2464,458,5759700,0.859887,0.88,2,77541,77083,458
10579321,2.00046,0.449281,460,5761160,0.971977,0.88,2,77543,77083,460
10589701,19,0,477,5767000,0.77,0.79,2,77681,77204,477
10591781,34.2,12.8,499,5768460,0.898,0.74,2,77719,77220,499
10593861,46.84,32.96,511,5769920,0.8596,0.82,2,77769,77258,511
10596781,10.968,52.192,456,5771380,0.94792,0.82,2,77771,77315,456
10599061,11.7936,10.4384,468,5772840,0.893584,0.65,2,77783,77315,468
10601981,5.55872,8.48768,464,5774300,0.850717,0.65,2,77787,77323,464
10604261,3.51174,1.69754,467,5775760,0.802143,0.77,2,77790,77323,467
10607181,2.30235,6.73951,461,5777220,0.912429,0.77,2,77792,77331,461
10610101,2.06047,1.3479,463,5778680,0.902486,0.77,2,77794,77331,463
10612161,2.01209,0.26958,465,5780140,0.868497,0.82,2,77796,77331,465
10614241,5.20242,4.85392,465,5781600,0.957699,0.83,2,77802,77337,465
10617161,2.64048,5.77078,461,5783060,0.94354,0.83,2,77804,77343,461
10620081,2.1281,1.15416,463,5784520,0.916708,0.83,2,77806,77343,463
10622561,2.02562,0.230831,465,5785980,0.871342,0.85,2,77808,77343,465
10624641,6.80512,11.2462,459,5787440,0.870268,0.92,2,77816,77357,459
10626721,76.561,69.4492,469,5788900,0.854054,0.9,2,77910,77441,469
10629641,45.7122,47.4898,465,5790360,0.810811,0.9,2,77948,77483,465
10632561,10.7424,9.49797,467,5791820,0.946162,0.9,2,77950,77483,467
10635481,3.74849,1.89959,469,5793280,0.933232,0.9,2,77952,77483,469
10637121,1.5497,0.379919,470,5794740,0.914647,0.94,2,77953,77483,470
10640041,5.10994,8.87598,465,5796200,0.862929,0.94,2,77959,77494,465
10642961,2.62199,1.7752,467,5797660,0.820586,0.94,2,77961,77494,467
10645881,2.1244,0.355039,469,5799120,0.772117,0.94,2,77963,77494,469
10647521,1.22488,0.0710079,470,5800580,0.802423,0.91,2,77964,77494,470
10650441,5.84498,11.2142,463,5802040,0.760485,0.91,2,77971,77508,463
10653361,2.769,2.24284,465,5803500,0.728097,0.91,1,77973,77508,465
10656281,2.1538,0.448568,467,5804960,0.865619,0.91,2,77975,77508,467
10657921,1.23076,0.0897136,468,5806420,0.877124,0.85,2,77976,77508,468
10660841,3.44615,6.41794,464,5807880,0.839425,0.85,2,77980,77516,464
10663761,2.28923,1.28359,466,5809340,0.791885,0.85,2,77982,77516,466
10666681,2.05785,0.256718,468,5810800,0.822377,0.85,2,77984,77516,468
10669601,2.01157,0.0513435,470,5812260,0.796475,0.85,2,77986,77516,470
10671441,1.20231,0.0102687,471,5813720,0.783295,0.88,2,77987,77516,471
10674361,1.84046,4.80205,467,5815180,0.844659,0.88,2,77989,77522,467
10677281,1.96809,0.960411,469,5816640,0.896932,0.88,2,77991,77522,469
10679761,1.99362,0.192082,471,5818100,0.875386,1,2,77993,77522,471
10682681,1.99872,8.03842,463,5819560,0.847077,1,2,77995,77532,463
10685601,1.99974,1.60768,465,5821020,0.809415,1,2,77997,77532,465
10688521,1.99995,0.321537,467,5822480,0.921883,1,2,77999,77532,467
10691441,1.99999,0.0643073,469,5823940,0.920377,1,2,78001,77532,469
10693281,1.2,0.0128615,470,5825400,0.904075,0.98,2,78002,77532,470
10695361,1.84,1.60257,470,5826860,0.868815,1,2,78004,77534,470
10698281,3.568,6.72051,466,5828320,0.805763,1,2,78008,77542,466
10701201,2.3136,1.3441,468,5829780,0.769153,1,2,78010,77542,468
10704121,2.06272,0.268821,470,5831240,0.913831,1,2,78012,77542,470
10706801,2.01254,0.0537641,472,5832700,0.918766,1,2,78014,77542,472
10709721,2.00251,1.61075,472,5834160,0.887753,1,2,78016,77544,472
10711381,1.2005,0.322151,473,5835620,0.865551,0.9,2,78017,77544,473
10713041,1.0401,5.66443,467,5837080,0.84511,0.89,2,78018,77551,467
10715961,90.608,93.9329,464,5838540,0.849022,0.89,2,78131,77667,464
10718241,19.7216,18.7866,466,5840000,0.857804,0.87,2,78133,77667,466
10720321,20.7443,18.9573,468,5841460,0.923561,0.94,2,78154,77686,468
10722401,38.5489,36.5915,470,5842920,0.896712,0.92,2,78197,77727,470
10725321,49.3098,50.5183,468,5844380,0.827342,0.92,2,78249,77781,468
10727601,11.462,10.1037,470,5845840,0.901468,0.81,2,78251,77781,470
10730521,3.89239,8.42073,464,5847300,0.884294,0.81,2,78253,77789,464
10732801,2.37848,1.68415,466,5848760,0.848859,1,2,78255,77789,466
10735721,9.2757,9.13683,466,5850220,0.785772,1,2,78266,77800,466
10738641,3.45514,1.82737,468,5851680,0.733154,1,1,78268,77800,468
10741561,2.29103,0.365473,470,5853140,0.746631,1,1,78270,77800,470
10743201,1.25821,0.0730946,471,5854600,0.733326,0.87,1,78271,77800,471
10746121,1.85164,7.21462,464,5856060,0.826665,0.87,2,78273,77809,464
10749041,1.97033,1.44292,466,5857520,0.821333,0.87,2,78275,77809,466
10751961,1.99407,0.288585,468,5858980,0.788267,0.87,2,78277,77809,468
10753601,1.19881,0.0577169,469,5860440,0.773653,0.94,2,78278,77809,469
10755681,7.43976,11.2115,464,5861900,0.786731,0.9,2,78287,77823,464
10757761,78.288,81.4423,461,5863360,0.797346,0.76,2,78383,77922,461
10760681,48.4576,49.0885,461,5864820,0.799469,0.76,2,78424,77963,461
10763601,11.2915,9.81769,463,5866280,0.895894,0.76,2,78426,77963,463
10766521,3.8583,1.96354,465,5867740,0.883179,0.76,2,78428,77963,465
10769441,2.37166,0.392708,467,5869200,0.848636,0.76,2,78430,77963,467
10772361,2.07433,0.0785415,469,5870660,0.849727,0.76,2,78432,77963,469
10774821,3.61487,0.0157083,473,5872120,0.833945,0.72,2,78436,77963,473
10777741,2.32297,8.00314,465,5873580,0.854789,0.72,2,78438,77973,465
10780641,2.06459,1.60063,467,5875040,0.826958,0.87,2,78440,77973,467
10783561,2.01292,4.32013,464,5876500,0.781392,0.87,2,78442,77978,464
10786481,2.00258,0.864025,466,5877960,0.748278,0.87,1,78444,77978,466
10788961,2.00052,0.172805,468,5879420,0.861656,0.87,2,78446,77978,468
10791881,5.2001,8.03456,464,5880880,0.868331,0.87,2,78452,77988,464
10794801,2.64002,1.60691,466,5882340,0.837666,0.87,2,78454,77988,466
10797721,2.128,0.321382,468,5883800,0.799533,0.87,2,78456,77988,468
10800641,2.0256,0.0642765,470,5885260,0.791907,0.87,2,78458,77988,470
10802481,1.20512,0.0128553,471,5886720,0.774381,0.92,2,78459,77988,471
10805401,1.84102,10.4026,460,5888180,0.738876,0.92,1,78461,78001,460
10808321,1.9682,2.08051,462,5889640,0.699775,0.92,1,78463,78001,462
10811241,1.99364,0.416103,464,5891100,0.651955,0.92,1,78465,78001,464
10814161,1.99873,0.0832206,466,5892560,0.818391,0.92,2,78467,78001,466
10817081,1.99975,0.0166441,468,5894020,0.819678,0.92,2,78469,78001,468
10819121,1.99995,0.00332882,470,5895480,0.779936,0.78,2,78471,78001,470
10822041,1.99999,6.40067,464,5896940,0.731987,0.78,1,78473,78009,464
10824961,2,1.28013,466,5898400,0.690397,0.78,1,78475,78009,466
10827881,2,0.256027,468,5899860,0.658079,0.78,1,78477,78009,468
10829941,3.6,0.0512053,472,5901320,0.811616,0.95,2,78481,78009,472
10832861,2.32,8.01024,464,5902780,0.810323,0.95,2,78483,78019,464
10835781,2.064,1.60205,466,5904240,0.778065,0.95,2,78485,78019,466
10838701,2.0128,0.32041,468,5905700,0.739613,0.95,1,78487,78019,468
10841621,2.00256,0.0640819,470,5907160,0.699923,0.95,1,78489,78019,470
10844081,2.00051,0.0128164,472,5908620,0.667984,0.87,1,78491,78019,472
10847001,90.0001,96.0026,464,5910080,0.741597,0.87,1,78603,78139,464
10849281,19.6,19.2005,466,5911540,0.724319,0.95,1,78605,78139,466
10851361,22.32,23.0401,465,5913000,0.784864,0.91,2,78628,78163,465
10853441,40.464,41.408,464,5914460,0.812973,0.85,2,78673,78209,464
10856361,48.0928,49.8816,462,5915920,0.810595,0.85,2,78723,78261,462
10859281,11.2186,9.97632,464,5917380,0.778119,0.85,2,78725,78261,464
10862201,3.84371,1.99526,466,5918840,0.747624,0.85,1,78727,78261,466
10863841,1.56874,0.399053,467,5920300,0.725525,0.73,1,78728,78261,467
10866761,2.71375,8.07981,460,5921760,0.681105,0.73,1,78731,78271,460
10869681,2.14275,1.61596,462,5923220,0.640221,0.73,1,78733,78271,462
10872161,2.02855,0.323192,464,5924680,0.776044,0.77,2,78735,78271,464
10875081,6.00571,5.66464,464,5926140,0.827209,0.77,2,78742,78278,464
10878001,2.80114,1.13293,466,5927600,0.829442,0.77,2,78744,78278,466
10880921,2.16023,0.226586,468,5929060,0.797888,0.77,2,78746,78278,468
10882561,1.23205,0.0453171,469,5930520,0.775578,0.78,2,78747,78278,469
10884641,5.04641,4.00906,470,5931980,0.763116,0.88,2,78753,78283,470
10886721,5.00928,11.2018,462,5933440,0.760623,0.84,2,78758,78296,462
10888801,77.0019,76.6404,464,5934900,0.856125,0.87,2,78853,78389,464
10891721,46.6004,51.3281,458,5936360,0.827225,0.87,2,78892,78434,458
10894641,10.9201,10.2656,460,5937820,0.797445,0.87,2,78894,78434,460
10897561,3.78401,2.05312,462,5939280,0.759489,0.87,2,78896,78434,462
10900481,2.3568,0.410625,464,5940740,0.855898,0.87,2,78898,78434,464
10903361,2.07136,0.0821249,466,5942200,0.85118,0.8,2,78900,78434,466
10906281,2.01427,5.61642,461,5943660,0.818236,0.8,2,78902,78441,461
10909201,2.00285,1.12328,463,5945120,0.835647,0.8,2,78904,78441,463
10911681,2.00057,0.224657,465,5946580,0.863129,0.79,2,78906,78441,465
10914601,5.20011,12.0449,456,5948040,0.900626,0.79,2,78912,78456,456
10917521,4.24002,2.40899,460,5949500,0.844125,0.79,2,78916,78456,460
10920441,2.448,0.481797,462,5950960,0.800825,0.79,2,78918,78456,462
10923361,2.0896,0.0963594,464,5952420,0.752165,0.79,2,78920,78456,464
10925201,1.21792,0.0192719,465,5953880,0.846433,0.82,2,78921,78456,465
10928121,1.84358,10.4039,454,5955340,0.833287,0.82,2,78923,78469,454
10931041,1.96872,2.08077,456,5956800,0.838657,0.82,2,78925,78469,456
10933961,1.99374,0.416154,458,5958260,0.823731,0.82,2,78927,78469,458
10936881,1.99875,0.0832308,460,5959720,0.788746,0.82,2,78929,78469,460
10939801,1.99975,0.0166462,462,5961180,0.837749,0.82,2,78931,78469,462
10942721,1.99995,0.00332923,464,5962640,0.85555,0.82,2,78933,78469,464
10944961,1.99999,0.000665846,466,5964100,0.81911,0.85,2,78935,78469,466
10947881,2,9.60013,456,5965560,0.779822,0.85,2,78937,78481,456
10950801,2,1.92003,458,5967020,0.739964,0.85,1,78939,78481,458
10953721,2,0.384005,460,5968480,0.883993,0.85,2,78941,78481,460
10956641,2,0.0768011,462,5969940,0.880799,0.85,2,78943,78481,462
10958481,1.2,0.0153602,463,5971400,0.87216,0.73,2,78944,78481,463
10961401,3.44,4.80307,461,5972860,0.814432,0.73,2,78948,78487,461
10964321,2.288,0.960614,463,5974320,0.890886,0.73,2,78950,78487,463
10966801,2.0576,0.192123,465,5975780,0.882177,0.85,2,78952,78487,465
10969721,6.81152,9.63842,461,5977240,0.880435,0.85,2,78960,78499,461
10972641,2.9623,1.92768,463,5978700,0.872087,0.85,2,78962,78499,463
10975121,2.19246,0.385537,465,5980160,0.838417,0.76,2,78964,78499,465
10978041,83.6385,86.4771,461,5981620,0.839684,0.76,2,79068,78607,461
10980321,18.3277,17.2954,463,5983080,0.815937,0.71,2,79070,78607,463
10982401,31.6655,31.4591,463,5984540,0.851187,0.73,2,79105,78642,463
10984481,32.7331,35.0918,460,5986000,0.818237,0.67,2,79138,78678,460
10987401,46.5466,49.4184,457,5987460,0.771648,0.67,2,79188,78731,457
10990321,10.9093,9.88367,459,5988920,0.874329,0.67,2,79190,78731,459
10993241,3.78186,1.97673,461,5990380,0.886866,0.67,2,79192,78731,461
10994881,1.55637,0.395347,462,5991840,0.881373,0.73,2,79193,78731,462
10997801,3.51127,7.27907,457,5993300,0.816275,0.73,2,79197,78740,457
11000721,2.30225,1.45581,459,5994760,0.891255,0.73,2,79199,78740,459
11003201,2.06045,0.291163,461,5996220,0.874251,0.76,2,79201,78740,461
11006121,8.41209,10.4582,458,5997680,0.81485,0.76,2,79211,78753,458
11009041,4.88242,2.09165,462,5999140,0.76297,0.76,2,79215,78753,462
11011961,2.57648,0.418329,464,6000600,0.840594,0.76,2,79217,78753,464
11013601,1.3153,0.0836658,465,6002060,0.944119,0.76,2,79218,78753,465
11015681,1.86306,4.01673,462,6003520,0.924824,0.83,2,79220,78758,462
11017761,1.97261,6.40335,457,6004980,0.920965,0.9,2,79222,78765,457
11019841,81.1945,80.4807,459,6006440,0.808193,0.86,2,79323,78864,459
11022761,48.2389,44.0961,464,6007900,0.793639,0.86,2,79363,78899,464
11025681,11.2478,8.81923,466,6009360,0.886728,0.86,2,79365,78899,466
11028601,3.84956,1.76385,468,6010820,0.873345,0.86,2,79367,78899,468
11031281,2.36991,0.352769,470,6012280,0.870669,0.93,2,79369,78899,470
11034201,2.07398,8.87055,461,6013740,0.838134,0.93,2,79371,78910,461
11037121,2.0148,1.77411,463,6015200,0.799627,0.93,2,79373,78910,463
11040041,2.00296,0.354822,465,6016660,0.863925,0.93,2,79375,78910,465
11042721,2.00059,0.0709644,467,6018120,0.844785,0.74,2,79377,78910,467
11045641,4.40012,8.01419,462,6019580,0.768957,0.74,2,79382,78920,462
11048561,2.48002,1.60284,464,6021040,0.729791,0.74,1,79384,78920,464
11051041,2.096,0.320568,466,6022500,0.873958,0.87,2,79386,78920,466
11053961,3.6192,8.06411,460,6023960,0.846792,0.87,2,79390,78930,460
11056881,2.32384,1.61282,462,6025420,0.881358,0.87,2,79392,78930,462
11059801,2.06477,0.322565,464,6026880,0.912272,0.87,2,79394,78930,464
11062721,2.01295,0.0645129,466,6028340,0.878454,0.87,2,79396,78930,466
11065641,2.00259,0.0129026,468,6029800,0.847691,0.87,2,79398,78930,468
11067681,2.00052,0.00258052,470,6031260,0.833538,0.73,2,79400,78930,470
11070601,2.0001,7.20052,463,6032720,0.894708,0.73,2,79402,78939,463
11073521,2.00002,1.4401,465,6034180,0.874941,0.73,2,79404,78939,465
11076441,2,0.288021,467,6035640,0.846988,0.73,2,79406,78939,467
11078081,1.2,0.0576041,468,6037100,0.825398,0.85,2,79407,78939,468
11081001,1.84,4.81152,464,6038560,0.789079,0.85,2,79409,78945,464
11083921,1.968,0.962304,466,6040020,0.749816,0.85,1,79411,78945,466
11086841,1.9936,0.192461,468,6041480,0.709963,0.85,1,79413,78945,468
11089521,1.99872,0.0384922,470,6042940,0.877993,0.91,2,79415,78945,470
11091601,1.99974,4.0077,467,6044400,0.895599,0.89,2,79417,78950,467
11094521,3.59995,9.60154,460,6045860,0.92312,0.89,2,79421,78961,460
11097441,2.31999,1.92031,462,6047320,0.896624,0.89,2,79423,78961,462
11099921,2.064,0.384062,464,6048780,0.867325,0.77,2,79425,78961,464
11102841,6.8128,4.87681,466,6050240,0.885465,0.77,2,79433,78967,466
11105761,2.96256,0.975362,468,6051700,0.857093,0.77,2,79435,78967,468
11107621,83.7925,0.195072,572,6053160,0.883419,0.88,2,79539,78967,572
11110541,18.3585,86.439,466,6054620,0.848684,0.88,2,79541,79075,466
11112821,35.6717,17.2878,506,6056080,0.857737,0.79,2,79581,79075,506
11114901,23.1343,38.6576,482,6057540,0.747547,0.85,1,79601,79119,482
11116981,50.2269,27.7315,514,6059000,0.773509,0.88,2,79658,79144,514
11119901,11.6454,44.7463,467,6060460,0.898702,0.88,2,79660,79193,467
11122821,3.92907,8.94926,469,6061920,0.89974,0.88,2,79662,79193,469
11125301,3.98581,1.78985,473,6063380,0.851948,0.91,2,79666,79193,473
11128221,2.39716,9.95797,463,6064840,0.93839,0.91,2,79668,79205,463
11131141,2.07943,1.99159,465,6066300,0.923678,0.91,2,79670,79205,465
11134061,2.01589,0.398319,467,6067760,0.928736,0.91,2,79672,79205,467
11135701,10.0032,0.0796638,479,6069220,0.913747,0.88,2,79684,79205,479
11138621,3.60064,15.2159,462,6070680,0.878749,0.88,2,79686,79224,462
11141541,2.32013,3.04319,464,6072140,0.83975,0.88,2,79688,79224,464
11144461,2.06403,0.608637,466,6073600,0.90395,0.88,2,79690,79224,466
11147381,2.01281,0.121727,468,6075060,0.91679,0.88,2,79692,79224,468
11150261,91.6026,0.0243455,582,6076520,0.911358,0.88,2,79806,79224,582
11152341,40.7205,90.4049,497,6077980,0.918272,0.88,2,79834,79337,497
11155261,9.7441,48.481,461,6079440,0.887654,0.88,2,79836,79375,461
11158181,3.54882,9.69619,463,6080900,0.849531,0.88,2,79838,79375,463
11161101,2.30976,1.93924,465,6082360,0.809906,0.88,2,79840,79375,465
11164021,2.06195,0.387848,467,6083820,0.769981,0.88,2,79842,79375,467
11166941,2.01239,0.0775695,469,6085280,0.777996,0.88,2,79844,79375,469
11168981,2.00248,0.0155139,471,6086740,0.763599,0.78,2,79846,79375,471
11171901,2.0005,4.0031,468,6088200,0.82472,0.78,2,79848,79380,468
11173761,1.2001,0.800621,469,6089660,0.820944,0.84,2,79849,79380,469
11176681,6.64002,8.16012,467,6091120,0.700189,0.84,1,79857,79390,467
11179601,2.928,1.63202,469,6092580,0.836038,0.84,2,79859,79390,469
11182081,2.1856,0.326405,471,6094040,0.831208,0.87,2,79861,79390,471
11185001,2.03712,11.2653,459,6095500,0.798241,0.87,2,79863,79404,459
11187921,2.00742,2.25306,461,6096960,0.815648,0.87,2,79865,79404,461
11190841,2.00148,0.450611,463,6098420,0.77913,0.87,2,79867,79404,463
11193761,2.0003,0.0901222,465,6099880,0.811826,0.87,2,79869,79404,465
11196681,2.00006,0.0180244,467,6101340,0.786365,0.87,2,79871,79404,467
11199601,2.00001,0.00360489,469,6102800,0.797273,0.87,2,79873,79404,469
11202261,2,0.000720978,471,6104260,0.767455,0.78,2,79875,79404,471
11205181,2,4.00014,468,6105720,0.729491,0.78,1,79877,79409,468
11208101,2,0.800029,470,6107180,0.697898,0.78,1,79879,79409,470
11210581,2,0.160006,472,6108640,0.77958,0.93,2,79881,79409,472
11213501,2,9.632,462,6110100,0.771916,0.93,2,79883,79421,462
11216421,2,1.9264,464,6111560,0.818383,0.93,2,79885,79421,464
11219341,2,0.38528,466,6113020,0.795677,0.93,2,79887,79421,466
11222261,2,0.077056,468,6114480,0.759135,0.93,2,79889,79421,468
11224101,2.8,0.0154112,471,6115940,0.703827,0.76,1,79892,79421,471
11227021,2.16,7.20308,464,6117400,0.812765,0.76,2,79894,79430,464
11229941,2.032,1.44062,466,6118860,0.802553,0.76,2,79896,79430,466
11232421,2.8064,0.288123,469,6120320,0.752511,0.85,2,79899,79430,469
11234501,9.36128,4.05762,475,6121780,0.758502,0.93,2,79910,79435,475
11236161,2.67226,9.61153,465,6123240,0.7437,0.84,1,79911,79446,465
11238241,78.9345,77.9223,468,6124700,0.73274,0.85,1,80009,79541,468
11241161,19.7869,26.7845,459,6126160,0.762548,0.85,2,80014,79555,459
11242821,41.5574,5.35689,506,6127620,0.69651,0.85,1,80061,79555,506
11244901,17.9115,32.2714,479,6129080,0.731302,0.87,1,80073,79594,479
11246981,48.3823,16.8543,522,6130540,0.74626,0.86,1,80129,79607,522
11249901,11.2765,49.7709,466,6132000,0.717252,0.86,1,80131,79665,466
11252821,3.85529,9.95417,468,6133460,0.67945,0.86,1,80133,79665,468
11255301,2.37106,1.99083,470,6134920,0.63989,0.95,1,80135,79665,470
11258221,2.07421,5.19817,466,6136380,0.599978,0.95,1,80137,79671,466
11261141,2.01484,1.03963,468,6137840,0.567996,0.95,1,80139,79671,468
11263621,8.40297,0.207927,478,6139300,0.721599,0.97,1,80149,79671,478
11265701,6.48059,8.04159,474,6140760,0.65632,0.95,1,80155,79681,474
11268621,2.89612,12.8083,462,6142220,0.611264,0.95,1,80157,79695,462
11271541,2.17922,2.56166,464,6143680,0.698253,0.95,1,80159,79695,464
11274461,2.03584,0.512333,466,6145140,0.683651,0.95,1,80161,79695,466
11277381,2.00717,0.102467,468,6146600,0.66473,0.95,1,80163,79695,468
11279221,80.4014,0.0204933,568,6148060,0.708946,0.87,1,80263,79695,568
11280881,16.8803,91.2041,455,6149520,0.693789,0.84,1,80264,79809,455
11283801,33.7761,49.4408,454,6150980,0.674758,0.84,1,80302,79848,454
11286721,8.35521,9.88816,456,6152440,0.798952,0.84,2,80304,79848,456
11289641,3.27104,1.97763,458,6153900,0.79179,0.84,2,80306,79848,458
11292561,2.25421,0.395526,460,6155360,0.782358,0.84,2,80308,79848,460
11295481,2.05084,0.0791053,462,6156820,0.748472,0.84,1,80310,79848,462
11298401,2.01017,0.0158211,464,6158280,0.701694,0.84,1,80312,79848,464
11301061,2.00203,0.00316421,466,6159740,0.772339,0.74,2,80314,79848,466
11303981,2.00041,4.80063,462,6161200,0.754468,0.74,2,80316,79854,462
11306261,6.00008,0.960127,469,6162660,0.782894,0.83,2,80323,79854,469
11309181,2.80002,5.79203,464,6164120,0.756579,0.83,2,80325,79861,464
11311461,2.16,1.1584,466,6165580,0.727316,0.82,1,80327,79861,466
11314381,2.032,6.63168,460,6167040,0.689463,0.82,1,80329,79869,460
11317301,2.0064,1.32634,462,6168500,0.769893,0.82,2,80331,79869,462
11320221,2.00128,0.265267,464,6169960,0.753978,0.82,2,80333,79869,464
11322901,2.00026,0.0530534,466,6171420,0.718796,0.8,1,80335,79869,466
11325821,2.00005,3.21061,464,6172880,0.735759,0.8,1,80337,79873,464
11327681,1.20001,0.642122,465,6174340,0.731152,0.78,1,80338,79873,465
11330601,1.84,7.32842,458,6175800,0.78623,0.78,2,80340,79882,458
11333521,1.968,1.46568,460,6177260,0.765246,0.78,2,80342,79882,460
11336441,1.9936,0.293137,462,6178720,0.737049,0.78,1,80344,79882,462
11339361,1.99872,0.0586274,464,6180180,0.69941,0.78,1,80346,79882,464
11341201,1.19974,0.0117255,465,6181640,0.675882,0.84,1,80347,79882,465
11344121,1.83995,9.60235,455,6183100,0.831176,0.84,2,80349,79894,455
11347041,1.96799,1.92047,457,6184560,0.838235,0.84,2,80351,79894,457
11349961,1.9936,0.384094,459,6186020,0.807647,0.84,2,80353,79894,459
11352881,1.99872,0.0768188,461,6187480,0.769529,0.84,2,80355,79894,461
11354721,1.19974,0.0153637,462,6188940,0.753906,0.66,2,80356,79894,462
11357641,3.43995,7.20307,457,6190400,0.846781,0.66,2,80360,79903,457
11360561,2.28799,1.44061,459,6191860,0.833356,0.66,2,80362,79903,459
11363041,2.0576,0.288123,461,6193320,0.798671,0.86,2,80364,79903,461
11365961,10.0115,11.2576,459,6194780,0.831734,0.86,2,80376,79917,459
11384281,2,0,459,6205000,1,0.59,2,80596,80137,459
11385921,1.2,0,460,6206460,1,0.78,2,80597,80137,460
11388841,5.04,8.8,455,6207920,0.968,0.78,2,80603,80148,455
11391761,2.608,1.76,457,6209380,0.9376,0.78,2,80605,80148,457
11393621,2.9216,0.352,460,6210840,0.93152,0.67,2,80608,80148,460
11414841,38,36,461,6222520,0.9,0.76,2,80770,80309,461
11417761,9.2,7.2,463,6223980,0.908,0.76,2,80772,80309,463
11420681,3.44,1.44,465,6225440,0.8936,0.76,2,80774,80309,465
11423361,2.288,0.288,467,6226900,0.86672,0.85,2,80776,80309,467
11426281,2.0576,8.0576,459,6228360,0.973344,0.85,2,80778,80319,459
11429201,2.01152,1.61152,461,6229820,0.978669,0.85,2,80780,80319,461
11935041,7,7,491,6508680,0.8,1,2,82682,82191,491
11937961,21.4,35.8,473,6510140,0.704,1,1,82707,82234,473
11940241,8.28,7.16,478,6511600,0.6288,1,1,82712,82234,478
11943161,4.856,8.632,473,6513060,0.59776,1,1,82716,82243,473
11946081,4.1712,1.7264,477,6514520,0.551552,1,1,82720,82243,477
11947941,2.43424,0.34528,479,6515980,0.52631,1,1,82722,82243,479
11950861,3.68685,7.26906,474,6517440,0.481262,1,1,82726,82252,474
11953781,3.93737,1.45381,478,6518900,0.408252,1,1,82730,82252,478
11956261,3.98747,0.290762,482,6520360,0.47365,1,1,82734,82252,482
11959181,3.99749,6.45815,478,6521820,0.43873,1,1,82738,82260,478
11962101,3.9995,1.29163,482,6523280,0.439746,1,1,82742,82260,482
11965021,3.9999,0.258326,486,6524740,0.399949,1,1,82746,82260,486
11966661,2.39998,0.0516652,488,6526200,0.35999,1,1,82748,82260,488
11969581,5.28,5.61033,487,6527660,0.367998,1,1,82754,82267,487
11972501,5.856,1.12207,493,6529120,0.3536,1,1,82760,82267,493
11974981,6.7712,0.224413,500,6530580,0.27072,1,1,82767,82267,500
11977901,4.55424,6.44488,496,6532040,0.262144,1,1,82771,82275,496
11980821,4.11085,1.28898,500,6533500,0.236429,1,1,82775,82275,500
11982881,5.62217,0.257795,506,6534960,0.175286,1,1,82781,82275,506
11985801,4.32443,7.25156,501,6536420,0.195057,1,1,82785,82284,501
11988721,4.86489,1.45031,506,6537880,0.135011,1,1,82790,82284,506
11991621,5.77298,0.290062,512,6539340,0.123002,1,1,82796,82284,512
11994541,5.1546,7.25801,508,6540800,0.0566005,1,1,82801,82293,508
11997461,4.23092,1.4516,512,6542260,0.0753201,1,1,82805,82293,512
11999941,2.44618,0.29032,514,6543720,0.063064,1,1,82807,82293,514
12002861,2.08924,12.8581,500,6545180,0.0286128,1,1,82809,82309,500
12004321,11.6178,2.57161,514,6546640,0.00572256,1,1,82823,82309,514
12134721,347.124,419.714,421,59000,0.337145,0,1,83254,82833,421
12137641,419.025,431.943,423,62314,0.0674289,0.19,1,83691,83268,423
12140561,85.4049,86.3886,425,62348,0.0134858,0.19,1,83693,83268,425
12143481,18.681,17.2777,427,62382,0.00269716,0.19,1,83695,83268,427
12146401,5.3362,3.45554,429,62416,0.000539431,0.19,1,83697,83268,429
12149321,2.66724,0.691108,431,62450,0.0241079,0.19,1,83699,83268,431
12152241,2.13345,0.138222,433,62484,0.0288216,0.19,1,83701,83268,433
12155161,2.02669,0.0276443,435,62518,0.0297643,0.19,1,83703,83268,435
12158081,2.00534,0.00552887,437,62552,0.0299529,0.19,1,83705,83268,437
12161001,2.00107,0.00110577,439,62586,0.0299906,0.19,1,83707,83268,439
12163921,2.00021,0.000221155,441,62620,0.0299981,0.19,1,83709,83268,441
12166841,2.00004,4.42309e-05,443,62654,0.0299996,0.19,1,83711,83268,443
12169761,2.00001,8.84618e-06,445,62688,0.0299999,0.19,1,83713,83268,445
12172681,2,1.76924e-06,447,62722,0.03,0.19,1,83715,83268,447
12175601,2,3.53847e-07,449,62755,0.03,0.19,1,83717,83268,449
12178521,2,7.07695e-08,451,62788,0.03,0.19,1,83719,83268,451
12181441,2,1.41539e-08,453,62821,0.03,0.19,1,83721,83268,453
12184361,2,2.83078e-09,455,62854,0.03,0.19,1,83723,83268,455
12187281,2,5.66156e-10,457,62887,0.03,0.19,1,83725,83268,457
12190201,2,1.13231e-10,459,62920,0.03,0.19,1,83727,83268,459
12193121,2,2.26462e-11,461,62953,0.046,0.19,1,83729,83268,461
12196041,2,4.52924e-12,463,62986,0.0492,0,1,83731,83268,463
12198961,306.8,338.4,423,63019,0.00984,0,1,84114,83691,423
12201881,62.96,69.28,423,63052,0.001968,0,1,84116,83693,423
12204801,14.192,15.456,423,63085,0.0003936,0,1,84118,83695,423
12207721,4.4384,4.6912,423,63118,0.0240787,0.03,1,84120,83697,423
12210641,2.48768,2.53824,423,63151,0.0288157,0.03,1,84122,83699,423
12213561,2.09754,2.10765,423,63184,0.00576315,0.03,1,84124,83701,423
12216481,2.01951,2.02153,423,63217,0.00915263,0.03,1,84126,83703,423
12219401,2.0039,2.00431,423,63250,0.00983053,0.03,1,84128,83705,423
12222321,2.00078,2.00086,423,63283,0.00996611,0.03,1,84130,83707,423
12225241,2.00016,2.00017,423,63316,0.00999322,0.03,1,84132,83709,423
12228161,2.00003,2.00003,423,63349,0.00999864,0.03,1,84134,83711,423
12231081,2.00001,2.00001,423,63382,0.00999973,0.03,1,84136,83713,423
12234001,2,2,423,63415,0.00999995,0.03,1,84138,83715,423
12236921,2,2,423,63448,0.00999999,0.03,1,84140,83717,423
12239841,2,0.4,425,63481,0.01,0.03,1,84142,83717,425
12242761,2,1.68,425,63514,0.01,0.03,1,84144,83719,425
12245681,2,1.936,425,63547,0.01,0.03,1,84146,83721,425
12248601,2,1.9872,425,63580,0.01,0.03,1,84148,83723,425
12251521,2,1.99744,425,63613,0.01,0.03,1,84150,83725,425
12254441,2,1.99949,425,63646,0.01,0.05,1,84152,83727,425
12257361,2,1.9999,425,63679,0.01,0.05,1,84154,83729,425
12258821,161.2,1.99998,624,63712,0.002,0,1,84355,83731,624
12261741,177.04,306.8,422,63745,0.0004,0,1,84536,84114,422
12264661,37.008,62.96,422,63778,8e-05,0,1,84538,84116,422
12267581,9.0016,14.192,422,63811,1.6e-05,0.03,1,84540,84118,422
12270501,3.40032,4.4384,422,63844,0.0240032,0.03,1,84542,84120,422
12273421,2.28006,2.48768,422,63877,0.0288006,0,1,84544,84122,422
12276341,2.05601,2.09754,422,63910,0.00576013,0.01,1,84546,84124,422
12279261,2.0112,2.01951,422,63943,0.00915203,0.01,1,84548,84126,422
12282181,2.00224,2.0039,422,63976,0.00983041,0.01,1,84550,84128,422
12285101,2.00045,2.00078,422,64009,0.00996608,0.01,1,84552,84130,422
12288021,2.00009,2.00016,422,64042,0.00999322,0.01,1,84554,84132,422
12290941,2.00002,2.00003,422,64075,0.00999864,0.01,1,84556,84134,422
12293861,2,2.00001,422,64108,0.00999973,0.01,1,84558,84136,422
12296781,2,2,422,64141,0.00999995,0.01,1,84560,84138,422
12299701,2,2,422,64174,0.00999999,0.01,1,84562,84140,422
12302621,2,2,422,64207,0.01,0.01,1,84564,84142,422
12305541,2,2,422,64240,0.01,0.01,1,84566,84144,422
12308461,2,2,422,64273,0.01,0.01,1,84568,84146,422
12311381,2,2,422,64306,0.01,0.01,1,84570,84148,422
12314301,2,2,422,64339,0.01,0.01,1,84572,84150,422
12317221,2,2,422,64372,0.01,0.01,1,84574,84152,422
12320141,2,2,422,64405,0.026,0,1,84576,84154,422
12323061,305.2,161.2,602,64438,0.0052,0,1,84957,84355,602
12325981,62.64,177.04,423,64471,0.00104,0,1,84959,84536,423
12328901,14.128,37.008,423,64504,0.000208,0,1,84961,84538,423
12331821,4.4256,9.0016,423,64537,4.16e-05,0.03,1,84963,84540,423
12334741,2.48512,3.40032,423,64570,0.00800832,0.03,1,84965,84542,423
12337661,2.09702,2.28006,423,64603,0.00960166,0,1,84967,84544,423
12340581,2.0194,2.05601,423,64635,0.00992033,0.01,1,84969,84546,423
12343501,2.00388,2.0112,423,64667,0.00998407,0.01,1,84971,84548,423
12346421,2.00078,2.00224,423,64699,0.00999681,0.01,1,84973,84550,423
12349341,2.00016,2.00045,423,64731,0.00999936,0.01,1,84975,84552,423
12352261,2.00003,2.00009,423,64763,0.00999987,0.01,1,84977,84554,423
12355181,2.00001,2.00002,423,64795,0.00999997,0.01,1,84979,84556,423
12358101,2,2,423,64827,0.00999999,0.01,1,84981,84558,423
12361021,2,2,423,64859,0.01,0.01,1,84983,84560,423
12363941,2,2,423,64891,0.01,0.01,1,84985,84562,423
12366861,2,2,423,64923,0.01,0.01,1,84987,84564,423
12369781,2,2,423,64955,0.01,0.01,1,84989,84566,423
12372701,2,2,423,64987,0.01,0.01,1,84991,84568,423
12375621,2,2,423,65019,0.01,0.01,1,84993,84570,423
12378541,2,2,423,65051,0.01,0.01,1,84995,84572,423
12381461,2,2,423,65083,0.01,0.03,1,84997,84574,423
12384381,2,2,423,65115,0.01,0,1,84999,84576,423
12387301,304.4,305.2,422,65147,0.002,0,1,85379,84957,422
12390221,62.48,62.64,422,65179,0.0004,0,1,85381,84959,422
12393141,14.096,14.128,422,65211,8e-05,0,1,85383,84961,422
12396061,4.4192,4.4256,422,65243,0.024016,0.01,1,85385,84963,422
12398981,2.48384,2.48512,422,65275,0.0288032,0.01,1,85387,84965,422
12401901,2.09677,2.09702,422,65307,0.00576064,0.01,1,85389,84967,422
12404821,2.01935,2.0194,422,65339,0.00915213,0.01,1,85391,84969,422
12407741,2.00387,2.00388,422,65371,0.00983043,0.01,1,85393,84971,422
12410661,2.00077,2.00078,422,65403,0.00996608,0.01,1,85395,84973,422
12413581,2.00015,2.00016,422,65435,0.00999322,0.01,1,85397,84975,422
12416501,2.00003,2.00003,422,65467,0.00999864,0.01,1,85399,84977,422
12419421,2.00001,2.00001,422,65499,0.00999973,0.01,1,85401,84979,422
12422341,2,2,422,65531,0.00999995,0.01,1,85403,84981,422
12425261,2,2,422,65563,0.00999999,0.01,1,85405,84983,422
12428181,2,2,422,65595,0.01,0.01,1,85407,84985,422
12431101,2,2,422,65627,0.01,0.01,1,85409,84987,422
12434021,2,2,422,65659,0.01,0.01,1,85411,84989,422
12436941,2,2,422,65691,0.01,0.01,1,85413,84991,422
12439861,2,2,422,65723,0.01,0.01,1,85415,84993,422
12442781,2,2,422,65755,0.01,0.01,1,85417,84995,422
12445701,2,2,422,65787,0.01,0.01,1,85419,84997,422
12448621,2,2,422,65819,0.01,0,1,85421,84999,422
12451541,304.4,304.4,422,65851,0.002,0,1,85801,85379,422
12454461,62.48,62.48,422,65883,0.0004,0,1,85803,85381,422
12457381,14.096,14.096,422,65915,8e-05,0.03,1,85805,85383,422
12460301,4.4192,4.4192,422,65947,0.008016,0.03,1,85807,85385,422
12463221,2.48384,2.48384,422,65979,0.0096032,0,1,85809,85387,422
12466141,2.09677,2.09677,422,66011,0.00192064,0.01,1,85811,85389,422
12469061,2.01935,2.01935,422,66043,0.00838413,0.01,1,85813,85391,422
12471981,2.00387,2.00387,422,66075,0.00967683,0.01,1,85815,85393,422
12474901,2.00077,2.00077,422,66107,0.00993537,0.01,1,85817,85395,422
12477821,2.00015,2.00015,422,66139,0.00998707,0.01,1,85819,85397,422
12480741,2.00003,2.00003,422,66171,0.00999741,0.01,1,85821,85399,422
12483661,2.00001,2.00001,422,66203,0.00999948,0.01,1,85823,85401,422
12486581,2,2,422,66235,0.0099999,0.01,1,85825,85403,422
12489501,2,2,422,66267,0.00999998,0.01,1,85827,85405,422
12492421,2,2,422,66299,0.01,0.01,1,85829,85407,422
12495341,2,2,422,66331,0.01,0.01,1,85831,85409,422
12498261,2,2,422,66363,0.01,0.01,1,85833,85411,422
12501181,2,2,422,66395,0.01,0.01,1,85835,85413,422
12504101,2,0.4,424,66427,0.01,0.01,1,85837,85413,424
12507021,2,1.68,424,66459,0.01,0.01,1,85839,85415,424
12509941,2,1.936,424,66491,0.01,0.01,1,85841,85417,424
12512861,2,1.9872,424,66523,0.01,0.01,1,85843,85419,424
12514321,161.2,1.99744,623,66555,0.002,0,1,86044,85421,623
12517241,175.44,304.399,422,66587,0.0004,0,1,86223,85801,422
12520161,36.688,62.4799,422,66619,8e-05,0,1,86225,85803,422
12523081,8.9376,14.096,422,66650,1.6e-05,0.01,1,86227,85805,422
12526001,3.38752,4.4192,422,66681,0.0080032,0.01,1,86229,85807,422
12528921,2.2775,2.48384,422,66712,0.00960064,0,1,86231,85809,422
12531841,2.0555,2.09677,422,66743,0.00192013,0.01,1,86233,85811,422
12534761,2.0111,2.01935,422,66774,0.00838403,0.01,1,86235,85813,422
12537681,2.00222,2.00387,422,66805,0.0096768,0.01,1,86237,85815,422
12540601,2.00044,2.00077,422,66836,0.00993536,0.01,1,86239,85817,422
12543521,2.00009,2.00015,422,66867,0.00998707,0.01,1,86241,85819,422
12546441,2.00002,2.00003,422,66898,0.00999741,0.01,1,86243,85821,422
12549361,2,2.00001,422,66929,0.00999948,0.01,1,86245,85823,422
12552281,2,2,422,66960,0.0099999,0.01,1,86247,85825,422
12555201,2,2,422,66991,0.00999998,0.01,1,86249,85827,422
12558121,2,2,422,67022,0.01,0.01,1,86251,85829,422
12561041,2,2,422,67053,0.01,0.01,1,86253,85831,422
12563961,2,2,422,67084,0.01,0.01,1,86255,85833,422
12566881,2,2,422,67115,0.01,0.01,1,86257,85835,422
12569801,2,2,422,67146,0.01,0.01,1,86259,85837,422
12572721,2,2,422,67177,0.01,0.01,1,86261,85839,422
12575641,2,2,422,67208,0.01,0.01,1,86263,85841,422
12578561,2,2,422,67239,0.01,0,1,86265,85843,422
12581481,303.6,161.2,600,67270,0.002,0,1,86644,86044,600
12584401,62.32,175.44,423,67301,0.0004,0,1,86646,86223,423
12587321,14.064,36.688,423,67332,8e-05,0,1,86648,86225,423
12590241,4.4128,8.9376,423,67363,0.024016,0.01,1,86650,86227,423
12593161,2.48256,3.38752,423,67394,0.0288032,0.01,1,86652,86229,423
12596081,2.09651,2.2775,423,67425,0.00576064,0,1,86654,86231,423
12599001,2.0193,2.0555,423,67456,0.00915213,0.01,1,86656,86233,423
12601921,2.00386,2.0111,423,67487,0.00983043,0.01,1,86658,86235,423
12604841,2.00077,2.00222,423,67518,0.00996608,0.01,1,86660,86237,423
12607761,2.00015,2.00044,423,67549,0.00999322,0.01,1,86662,86239,423
12610681,2.00003,2.00009,423,67580,0.00999864,0.01,1,86664,86241,423
12613601,2.00001,2.00002,423,67611,0.00999973,0.01,1,86666,86243,423
12616521,2,2,423,67642,0.00999995,0.01,1,86668,86245,423
12619441,2,2,423,67673,0.00999999,0.01,1,86670,86247,423
12622361,2,2,423,67704,0.01,0.01,1,86672,86249,423
12625281,2,2,423,67735,0.01,0.01,1,86674,86251,423
12628201,2,2,423,67766,0.01,0.01,1,86676,86253,423
12631121,2,2,423,67797,0.01,0.01,1,86678,86255,423
12634041,2,2,423,67828,0.01,0.01,1,86680,86257,423
12636961,2,2,423,67859,0.01,0.01,1,86682,86259,423
12639881,2,2,423,67890,0.01,0.01,1,86684,86261,423
12642801,2,2,423,67921,0.01,0.01,1,86686,86263,423
12645721,2,2,423,67952,0.01,0,1,86688,86265,423
12648641,302.8,303.6,422,67983,0.002,0,1,87066,86644,422
12651561,62.16,62.32,422,68014,0.0004,0,1,87068,86646,422
12654481,14.032,14.064,422,68045,8e-05,0.03,1,87070,86648,422
12657401,4.4064,4.4128,422,68076,0.008016,0.03,1,87072,86650,422
12660321,2.48128,2.48256,422,68107,0.0096032,0,1,87074,86652,422
12663241,2.09626,2.09651,422,68138,0.00192064,0.01,1,87076,86654,422
12666161,2.01925,2.0193,422,68169,0.00838413,0.01,1,87078,86656,422
12669081,2.00385,2.00386,422,68200,0.00967683,0.01,1,87080,86658,422
12672001,2.00077,2.00077,422,68231,0.00993537,0.01,1,87082,86660,422
12674921,2.00015,2.00015,422,68262,0.00998707,0.01,1,87084,86662,422
12677841,2.00003,2.00003,422,68293,0.00999741,0.01,1,87086,86664,422
12680761,2.00001,2.00001,422,68324,0.00999948,0.01,1,87088,86666,422
12683681,2,2,422,68355,0.0099999,0.01,1,87090,86668,422
12686601,2,2,422,68386,0.00999998,0.01,1,87092,86670,422
12689521,2,2,422,68417,0.01,0.01,1,87094,86672,422
12692441,2,2,422,68448,0.01,0.01,1,87096,86674,422
12695361,2,2,422,68479,0.01,0.01,1,87098,86676,422
12698281,2,2,422,68510,0.01,0.01,1,87100,86678,422
12701201,2,2,422,68541,0.01,0.01,1,87102,86680,422
12704121,2,2,422,68572,0.01,0.01,1,87104,86682,422
12707041,2,2,422,68603,0.01,0.01,1,87106,86684,422
12709961,2,2,422,68634,0.01,0.01,1,87108,86686,422
12712881,2,2,422,68665,0.01,0,1,87110,86688,422
12715801,302.8,302.8,422,68696,0.002,0,1,87488,87066,422
12718721,62.16,62.16,422,68727,0.0004,0,1,87490,87068,422
12721641,14.032,14.032,422,68758,0.02408,0.01,1,87492,87070,422
12724561,4.4064,4.4064,422,68789,0.028816,0.01,1,87494,87072,422
12727481,2.48128,2.48128,422,68819,0.0057632,0,1,87496,87074,422
12730401,2.09626,2.09626,422,68849,0.00115264,0.01,1,87498,87076,422
12733321,2.01925,2.01925,422,68879,0.00823053,0.01,1,87500,87078,422
12736241,2.00385,2.00385,422,68909,0.00964611,0.01,1,87502,87080,422
12739161,2.00077,2.00077,422,68939,0.00992922,0.01,1,87504,87082,422
12742081,2.00015,2.00015,422,68969,0.00998584,0.01,1,87506,87084,422
12745001,2.00003,2.00003,422,68999,0.00999717,0.01,1,87508,87086,422
12747921,2.00001,2.00001,422,69029,0.00999943,0.01,1,87510,87088,422
12750841,2,2,422,69059,0.00999989,0.01,1,87512,87090,422
12753761,2,2,422,69089,0.00999998,0.01,1,87514,87092,422
12756681,2,2,422,69119,0.01,0.01,1,87516,87094,422
12759601,2,2,422,69149,0.01,0.01,1,87518,87096,422
12762521,2,2,422,69179,0.01,0.01,1,87520,87098,422
12765441,2,2,422,69209,0.01,0.01,1,87522,87100,422
12768361,2,2,422,69239,0.01,0.01,1,87524,87102,422
12771281,2,2,422,69269,0.01,0.01,1,87526,87104,422
12774201,2,2,422,69299,0.01,0.01,1,87528,87106,422
12777121,2,0.4,424,69329,0.01,0.01,1,87530,87106,424
12780041,2,1.68,424,69359,0.01,0.01,1,87532,87108,424
12781501,161.2,1.936,623,69389,0.002,0,1,87733,87110,623
12784421,173.84,302.787,422,69419,0.0004,0,1,87910,87488,422
12787341,36.368,62.1574,422,69449,8e-05,0.03,1,87912,87490,422
12790261,8.8736,14.0315,422,69479,0.024016,0.03,1,87914,87492,422
12793181,3.37472,4.4063,422,69509,0.0288032,0,1,87916,87494,422
12796101,2.27494,2.48126,422,69539,0.00576064,0,1,87918,87496,422
12799021,2.05499,2.09625,422,69569,0.00115213,0.01,1,87920,87498,422
12801941,2.011,2.01925,422,69599,0.00823043,0.01,1,87922,87500,422
12804861,2.0022,2.00385,422,69629,0.00964609,0.01,1,87924,87502,422
12807781,2.00044,2.00077,422,69659,0.00992922,0.01,1,87926,87504,422
12810701,2.00009,2.00015,422,69689,0.00998584,0.01,1,87928,87506,422
12813621,2.00002,2.00003,422,69719,0.00999717,0.01,1,87930,87508,422
12816541,2,2.00001,422,69749,0.00999943,0.01,1,87932,87510,422
12819461,2,2,422,69779,0.00999989,0.01,1,87934,87512,422
12822381,2,2,422,69809,0.00999998,0.01,1,87936,87514,422
12825301,2,2,422,69839,0.01,0.01,1,87938,87516,422
12828221,2,2,422,69869,0.01,0.01,1,87940,87518,422
12831141,2,2,422,69899,0.01,0.01,1,87942,87520,422
12834061,2,2,422,69929,0.01,0.01,1,87944,87522,422
12836981,2,2,422,69959,0.01,0.01,1,87946,87524,422
12839901,2,2,422,69989,0.01,0.01,1,87948,87526,422
12842821,2,2,422,70019,0.01,0.01,1,87950,87528,422
12845741,2,2,422,70049,0.01,0.01,1,87952,87530,422
12848661,2,2,422,70079,0.01,0,1,87954,87532,422
12851581,302,161.2,598,70109,0.002,0,1,88331,87733,598
12854501,62,173.84,423,70139,0.0004,0,1,88333,87910,423
12857421,14,36.368,423,70169,8e-05,0.03,1,88335,87912,423
12860341,4.4,8.8736,423,70199,0.008016,0.03,1,88337,87914,423
12863261,2.48,3.37472,423,70229,0.0096032,0,1,88339,87916,423
12866181,2.096,2.27494,423,70259,0.00192064,0,1,88341,87918,423
12869101,2.0192,2.05499,423,70289,0.00838413,0.01,1,88343,87920,423
12872021,2.00384,2.011,423,70319,0.00967683,0.01,1,88345,87922,423
12874941,2.00077,2.0022,423,70349,0.00993537,0.01,1,88347,87924,423
12877861,2.00015,2.00044,423,70379,0.00998707,0.01,1,88349,87926,423
12880781,2.00003,2.00009,423,70409,0.00999741,0.01,1,88351,87928,423
12883701,2.00001,2.00002,423,70439,0.00999948,0.01,1,88353,87930,423
12886621,2,2,423,70469,0.0099999,0.01,1,88355,87932,423
12889541,2,2,423,70499,0.00999998,0.01,1,88357,87934,423
12892461,2,2,423,70529,0.01,0.01,1,88359,87936,423
12895381,2,2,423,70559,0.01,0.01,1,88361,87938,423
12898301,2,2,423,70589,0.01,0.01,1,88363,87940,423
12901221,2,2,423,70619,0.01,0.01,1,88365,87942,423
12904141,2,2,423,70649,0.01,0.01,1,88367,87944,423
12907061,2,2,423,70679,0.01,0.01,1,88369,87946,423
12909981,2,2,423,70709,0.01,0.01,1,88371,87948,423
12912901,2,2,423,70739,0.01,0.01,1,88373,87950,423
12915821,2,2,423,70769,0.01,0.01,1,88375,87952,423
12918741,2,2,423,70799,0.01,0,1,88377,87954,423
12921661,301.2,302,422,70829,0.002,0,1,88753,88331,422
12924581,61.84,62,422,70859,0.0004,0,1,88755,88333,422
12927501,13.968,14,422,70889,0.02408,0.01,1,88757,88335,422
12930421,4.3936,4.4,422,70919,0.028816,0.01,1,88759,88337,422
12933341,2.47872,2.48,422,70949,0.0057632,0,1,88761,88339,422
12936261,2.09574,2.096,422,70979,0.00115264,0.01,1,88763,88341,422
12939181,2.01915,2.0192,422,71009,0.00823053,0.01,1,88765,88343,422
12942101,2.00383,2.00384,422,71039,0.00964611,0.01,1,88767,88345,422
12945021,2.00077,2.00077,422,71069,0.00992922,0.01,1,88769,88347,422
12947941,2.00015,2.00015,422,71098,0.00998584,0.01,1,88771,88349,422
12950861,2.00003,2.00003,422,71127,0.00999717,0.01,1,88773,88351,422
12953781,2.00001,2.00001,422,71156,0.00999943,0.01,1,88775,88353,422
12956701,2,2,422,71185,0.00999989,0.01,1,88777,88355,422
12959621,2,2,422,71214,0.00999998,0.01,1,88779,88357,422
12962541,2,2,422,71243,0.01,0.01,1,88781,88359,422
12965461,2,2,422,71272,0.01,0.01,1,88783,88361,422
12968381,2,2,422,71301,0.01,0.01,1,88785,88363,422
12971301,2,2,422,71330,0.01,0.01,1,88787,88365,422
12974221,2,2,422,71359,0.01,0.01,1,88789,88367,422
12977141,2,2,422,71388,0.01,0.01,1,88791,88369,422
12980061,2,2,422,71417,0.01,0.01,1,88793,88371,422
12982981,2,2,422,71446,0.01,0.01,1,88795,88373,422
12985901,2,2,422,71475,0.01,0.01,1,88797,88375,422
12988821,2,2,422,71504,0.01,0,1,88799,88377,422
12991741,301.2,301.2,422,71533,0.002,0,1,89175,88753,422
12994661,61.84,61.84,422,71562,0.0004,0.03,1,89177,88755,422
12997581,13.968,13.968,422,71591,0.00808,0.03,1,89179,88757,422
13000501,4.3936,4.3936,422,71620,0.025616,0,1,89181,88759,422
13003421,2.47872,2.47872,422,71649,0.0051232,0,1,89183,88761,422
13006341,2.09574,2.09574,422,71678,0.00102464,0.01,1,89185,88763,422
13009261,2.01915,2.01915,422,71707,0.0242049,0.01,1,89187,88765,422
13012181,2.00383,2.00383,422,71736,0.028841,0.01,1,89189,88767,422
13015101,2.00077,2.00077,422,71765,0.0297682,0.01,1,89191,88769,422
13018021,2.00015,2.00015,422,71794,0.0299536,0.01,1,89193,88771,422
13020941,2.00003,2.00003,422,71823,0.0299907,0.01,1,89195,88773,422
13023861,2.00001,2.00001,422,71852,0.0299981,0.01,1,89197,88775,422
13026781,2,2,422,71881,0.0299996,0.01,1,89199,88777,422
13029701,2,2,422,71910,0.0299999,0.01,1,89201,88779,422
13032621,2,2,422,71939,0.03,0.01,1,89203,88781,422
13035541,2,2,422,71968,0.03,0.01,1,89205,88783,422
13038461,2,2,422,71997,0.03,0.01,1,89207,88785,422
13041381,2,2,422,72026,0.03,0.01,1,89209,88787,422
13044301,2,2,422,72055,0.03,0.01,1,89211,88789,422
13047221,2,2,422,72084,0.03,0.01,1,89213,88791,422
13050141,2,2,422,72113,0.03,0.01,1,89215,88793,422
13053061,2,2,422,72142,0.03,0.01,1,89217,88795,422
13055981,2,2,422,72171,0.03,0.01,1,89219,88797,422
13058901,2,2,422,72200,0.03,0,1,89221,88799,422
13061821,301.2,301.2,422,72229,0.006,0,1,89597,89175,422
13064741,61.84,60.24,424,72258,0.0252,0,1,89599,89175,424
13067661,13.968,13.648,424,72287,0.02904,0.01,1,89601,89177,424
13070581,4.3936,4.3296,424,72316,0.029808,0.03,1,89603,89179,424
13073501,2.47872,2.46592,424,72345,0.0059616,0,1,89605,89181,424
13076421,2.09574,2.09318,424,72374,0.00119232,0,1,89607,89183,424
13079341,2.01915,2.01864,424,72403,0.00823846,0.03,1,89609,89185,424
13082261,2.00383,2.00373,424,72432,0.00964769,0.03,1,89611,89187,424
13085181,2.00077,2.00075,424,72461,0.00992954,0.03,1,89613,89189,424
13088101,2.00015,2.00015,424,72490,0.00998591,0.03,1,89615,89191,424
13091021,2.00003,2.00003,424,72519,0.00999718,0.03,1,89617,89193,424
13093941,2.00001,2.00001,424,72548,0.00999944,0.03,1,89619,89195,424
13096861,2,2,424,72577,0.00999989,0.03,1,89621,89197,424
13099781,2,2,424,72606,0.00999998,0.03,1,89623,89199,424
13102701,2,2,424,72635,0.01,0.03,1,89625,89201,424
13105621,2,2,424,72664,0.01,0.03,1,89627,89203,424
13108541,2,2,424,72693,0.01,0.03,1,89629,89205,424
13111461,2,2,424,72722,0.01,0.03,1,89631,89207,424
13114381,2,2,424,72751,0.01,0.03,1,89633,89209,424
13117301,2,2,424,72780,0.01,0.03,1,89635,89211,424
13120221,2,2,424,72809,0.01,0.03,1,89637,89213,424
13123141,2,2,424,72838,0.01,0.03,1,89639,89215,424
13126061,2,2,424,72867,0.01,0.03,1,89641,89217,424
13128981,2,2,424,72896,0.01,0.03,1,89643,89219,424
13130441,161.2,2,623,72925,0.026,0,1,89844,89221,623
13133361,172.24,301.2,422,72954,0.0052,0.03,1,90019,89597,422
13136281,36.048,61.84,422,72983,0.02504,0.03,1,90021,89599,422
13139201,8.8096,13.968,422,73012,0.029008,0.03,1,90023,89601,422
13142121,3.36192,4.3936,422,73041,0.0298016,0,1,90025,89603,422
13145041,2.27238,2.47872,422,73070,0.00596032,0,1,90027,89605,422
13147961,2.05448,2.09574,422,73099,0.00119206,0.01,1,90029,89607,422
13150881,2.0109,2.01915,422,73128,0.00823841,0.01,1,90031,89609,422
13153801,2.00218,2.00383,422,73157,0.0256477,0.01,1,90033,89611,422
13156721,2.00044,2.00077,422,73186,0.0291295,0.01,1,90035,89613,422
13159641,2.00009,2.00015,422,73215,0.0298259,0.01,1,90037,89615,422
13162561,2.00002,2.00003,422,73244,0.0299652,0.01,1,90039,89617,422
13165481,2,2.00001,422,73273,0.029993,0.01,1,90041,89619,422
13168401,2,2,422,73302,0.0299986,0.01,1,90043,89621,422
13171321,2,2,422,73331,0.0299997,0.01,1,90045,89623,422
13174241,2,2,422,73360,0.0299999,0.01,1,90047,89625,422
13177161,2,2,422,73389,0.03,0.01,1,90049,89627,422
13180081,2,2,422,73418,0.03,0.01,1,90051,89629,422
13183001,2,2,422,73447,0.03,0.01,1,90053,89631,422
13185921,2,2,422,73476,0.03,0.01,1,90055,89633,422
13188841,2,2,422,73505,0.03,0.01,1,90057,89635,422
13191761,2,2,422,73533,0.03,0.01,1,90059,89637,422
13194681,2,2,422,73561,0.03,0.01,1,90061,89639,422
13197601,2,2,422,73589,0.03,0.01,1,90063,89641,422
13200521,2,2,422,73617,0.03,0.03,1,90065,89643,422
13203441,300.4,161.2,596,73645,0.11,0,1,90440,89844,596
13206361,61.68,172.24,423,73673,0.094,0.03,1,90442,90019,423
13209281,13.936,36.048,423,73701,0.0908,0.03,1,90444,90021,423
13212201,4.3872,8.8096,423,73729,0.09016,0.03,1,90446,90023,423
13215121,2.47744,3.36192,423,73757,0.090032,0,1,90448,90025,423
13218041,2.09549,2.27238,423,73785,0.0580064,0,1,90450,90027,423
13220961,2.0191,2.05448,423,73813,0.0516013,0.01,1,90452,90029,423
13223881,2.00382,2.0109,423,73841,0.0503203,0.03,1,90454,90031,423
13226801,2.00076,2.00218,423,73869,0.050064,0.03,1,90456,90033,423
13229721,2.00015,2.00044,423,73897,0.0500128,0.03,1,90458,90035,423
13232641,2.00003,2.00009,423,73925,0.0500026,0.03,1,90460,90037,423
13235561,2.00001,2.00002,423,73953,0.0500005,0.03,1,90462,90039,423
13238481,2,2,423,73981,0.0500001,0.03,1,90464,90041,423
13241401,2,2,423,74009,0.05,0.03,1,90466,90043,423
13244321,2,2,423,74037,0.05,0.03,1,90468,90045,423
13247241,2,2,423,74065,0.05,0.03,1,90470,90047,423
13250161,2,2,423,74093,0.05,0.03,1,90472,90049,423
13253081,2,2,423,74121,0.05,0.03,1,90474,90051,423
13256001,2,2,423,74149,0.05,0.03,1,90476,90053,423
13258921,2,2,423,74177,0.05,0.03,1,90478,90055,423
13261841,2,2,423,74205,0.05,0.03,1,90480,90057,423
13264761,2,2,423,74233,0.05,0.03,1,90482,90059,423
13267681,2,2,423,74261,0.05,0.03,1,90484,90061,423
13270601,2,2,423,74289,0.05,0.03,1,90486,90063,423
13273521,2,2,423,74317,0.05,0.13,1,90488,90065,423
13276441,301.2,300.4,424,74345,0.098,0.09,1,90864,90440,424
13279361,61.84,61.68,424,74373,0.1076,0.09,1,90866,90442,424
13282281,13.968,13.936,424,74401,0.10952,0.09,1,90868,90444,424
13285201,4.3936,4.3872,424,74429,0.109904,0.09,1,90870,90446,424
13288121,2.47872,2.47744,424,74457,0.109981,0.05,1,90872,90448,424
13291041,2.09574,2.09549,424,74485,0.0779962,0.05,1,90874,90450,424
13293961,2.01915,2.0191,424,74513,0.0715992,0.05,1,90876,90452,424
13296881,2.00383,2.00382,424,74541,0.0703198,0.05,1,90878,90454,424
13299801,2.00077,2.00076,424,74569,0.070064,0.05,1,90880,90456,424
13302721,2.00015,2.00015,424,74597,0.0700128,0.05,1,90882,90458,424
13305641,2.00003,2.00003,424,74625,0.0860026,0.05,1,90884,90460,424
13308561,2.00001,2.00001,424,74653,0.0892005,0.05,1,90886,90462,424
13311481,2,2,424,74681,0.0898401,0.05,1,90888,90464,424
13314401,2,2,424,74709,0.089968,0.05,1,90890,90466,424
13317321,2,2,424,74737,0.0899936,0.05,1,90892,90468,424
13320241,2,2,424,74765,0.0899987,0.05,1,90894,90470,424
13323161,2,2,424,74793,0.0899997,0.05,1,90896,90472,424
13326081,2,2,424,74821,0.09,0.05,1,90898,90474,424
13329001,2,2,424,74849,0.09,0.05,1,90900,90476,424
13331921,2,2,424,74877,0.09,0.05,1,90902,90478,424
13334841,2,2,424,74905,0.09,0.05,1,90904,90480,424
13337761,2,2,424,74933,0.09,0.05,1,90906,90482,424
13340681,2,2,424,74961,0.09,0.05,1,90908,90484,424
13343601,2,2,424,74989,0.09,0.05,1,90910,90486,424
13346521,2,2,424,75017,0.09,0.11,1,90912,90488,424
13349441,302,301.2,425,75045,0.122,0.11,1,91289,90864,425
13352361,62,61.84,425,75073,0.1764,0.11,1,91291,90866,425
13355281,14,13.968,425,75101,0.18728,0.11,1,91293,90868,425
13358201,4.4,4.3936,425,75129,0.189456,0.11,1,91295,90870,425
13361121,2.48,2.47872,425,75157,0.189891,0.11,1,91297,90872,425
13364041,2.096,0.495744,427,75185,0.157978,0.07,1,91299,90872,427
13366961,2.0192,1.69915,427,75213,0.151596,0.07,1,91301,90874,427
13369881,2.00384,1.93983,427,75241,0.150319,0.07,1,91303,90876,427
13372801,2.00077,1.98797,427,75269,0.150064,0.07,1,91305,90878,427
13375721,2.00015,1.99759,427,75297,0.150013,0.07,1,91307,90880,427
13378641,2.00003,1.99952,427,75325,0.150003,0.09,1,91309,90882,427
13381561,2.00001,1.9999,427,75353,0.150001,0.09,1,91311,90884,427
13384481,2,1.99998,427,75381,0.15,0.09,1,91313,90886,427
13387401,2,2,427,75409,0.15,0.09,1,91315,90888,427
13390321,2,2,427,75437,0.15,0.09,1,91317,90890,427
13393241,2,2,427,75465,0.15,0.09,1,91319,90892,427
13396161,2,2,427,75493,0.15,0.09,1,91321,90894,427
13399081,2,2,427,75521,0.15,0.09,1,91323,90896,427
13402001,2,2,427,75549,0.15,0.09,1,91325,90898,427
13404921,2,2,427,75577,0.15,0.09,1,91327,90900,427
13407841,2,2,427,75605,0.15,0.09,1,91329,90902,427
13410761,2,2,427,75633,0.15,0.09,1,91331,90904,427
13413681,2,2,427,75661,0.15,0.09,1,91333,90906,427
13416601,2,2,427,75689,0.15,0.09,1,91335,90908,427
13419521,2,2,427,75717,0.15,0.09,1,91337,90910,427
13420981,161.2,2,626,75745,0.03,0.13,1,91538,90912,626
13423901,176.24,302,429,75773,0.19,0.19,1,91718,91289,429
13426821,36.848,62,429,75801,0.19,0.19,1,91720,91291,429
13429741,8.9696,14,429,75829,0.19,0.19,1,91722,91293,429
13432661,3.39392,4.4,429,75857,0.19,0.19,1,91724,91295,429
13435581,2.27878,2.48,429,75885,0.19,0.15,1,91726,91297,429
13438501,2.05576,2.096,429,75913,0.19,0.15,1,91728,91299,429
13441421,2.01115,2.0192,429,75941,0.19,0.15,1,91730,91301,429
13444341,2.00223,2.00384,429,75969,0.19,0.15,1,91732,91303,429
13447261,2.00045,2.00077,429,75997,0.19,0.15,1,91734,91305,429
13450181,2.00009,2.00015,429,76025,0.19,0.15,1,91736,91307,429
13453101,2.00002,2.00003,429,76053,0.19,0.15,1,91738,91309,429
13456021,2,2.00001,429,76081,0.206,0.15,1,91740,91311,429
13458941,2,2,429,76109,0.2092,0.15,1,91742,91313,429
13461861,2,2,429,76137,0.20984,0.15,1,91744,91315,429
13464781,2,2,429,76164,0.209968,0.15,1,91746,91317,429
13467701,2,2,429,76191,0.209994,0.15,1,91748,91319,429
13470621,2,2,429,76218,0.209999,0.15,1,91750,91321,429
13473541,2,2,429,76245,0.21,0.15,1,91752,91323,429
13476461,2,2,429,76272,0.21,0.15,1,91754,91325,429
13479381,2,2,429,76299,0.21,0.15,1,91756,91327,429
13482301,2,2,429,76326,0.21,0.15,1,91758,91329,429
13485221,2,2,429,76353,0.21,0.15,1,91760,91331,429
13488141,2,2,429,76380,0.21,0.15,1,91762,91333,429
13491061,2,2,429,76407,0.21,0.15,1,91764,91335,429
13493981,2,2,429,76434,0.21,0,1,91766,91337,429
13496901,306,161.2,610,76461,0.306,0.23,1,92148,91538,610
13499821,62.8,176.24,432,76488,0.3412,0.19,1,92150,91718,432
13502741,14.16,36.848,432,76515,0.34824,0.19,1,92152,91720,432
13505661,4.432,8.9696,432,76542,0.349648,0.19,1,92154,91722,432
13508581,2.4864,3.39392,432,76569,0.34993,0.19,1,92156,91724,432
13511501,2.09728,2.27878,432,76596,0.349986,0.19,1,92158,91726,432
13514421,2.01946,2.05576,432,76623,0.349997,0.19,1,92160,91728,432
13517341,2.00389,2.01115,432,76650,0.349999,0.19,1,92162,91730,432
13520261,2.00078,2.00223,432,76677,0.35,0.19,1,92164,91732,432
13523181,2.00016,2.00045,432,76704,0.35,0.19,1,92166,91734,432
13526101,2.00003,2.00009,432,76731,0.35,0.19,1,92168,91736,432
13529021,2.00001,2.00002,432,76758,0.35,0.21,1,92170,91738,432
13531941,2,2,432,76785,0.35,0.21,1,92172,91740,432
13534861,2,2,432,76812,0.35,0.21,1,92174,91742,432
13537781,2,2,432,76839,0.35,0.21,1,92176,91744,432
13540701,2,2,432,76866,0.35,0.21,1,92178,91746,432
13543621,2,2,432,76893,0.35,0.21,1,92180,91748,432
13546541,2,2,432,76920,0.35,0.21,1,92182,91750,432
13549461,2,2,432,76947,0.35,0.21,1,92184,91752,432
13552381,2,2,432,76974,0.35,0.21,1,92186,91754,432
13555301,2,2,432,77001,0.35,0.21,1,92188,91756,432
13558221,2,2,432,77028,0.35,0.21,1,92190,91758,432
13561141,2,2,432,77055,0.35,0.21,1,92192,91760,432
13564061,2,2,432,77082,0.35,0.21,1,92194,91762,432
13566981,2,2,432,77109,0.35,0.21,1,92196,91764,432
13569901,2,2,432,77136,0.35,0.33,1,92198,91766,432
13572821,311.6,306,439,77163,0.462,0.35,1,92587,92148,439
13575741,63.92,62.8,439,77190,0.4844,0.35,1,92589,92150,439
13578661,14.384,14.16,439,77217,0.45688,0.35,1,92591,92152,439
13581581,4.4768,4.432,439,77244,0.451376,0.35,1,92593,92154,439
13584501,2.49536,2.4864,439,77271,0.450275,0.35,1,92595,92156,439
13587421,2.09907,2.09728,439,77298,0.450055,0.35,1,92597,92158,439
13590341,2.01981,2.01946,439,77325,0.450011,0.35,1,92599,92160,439
13593261,2.00396,2.00389,439,77352,0.450002,0.35,1,92601,92162,439
13596181,2.00079,2.00078,439,77379,0.45,0.35,1,92603,92164,439
13599101,2.00016,2.00016,439,77406,0.45,0.35,1,92605,92166,439
13602021,2.00003,2.00003,439,77433,0.45,0.35,1,92607,92168,439
13604941,2.00001,2.00001,439,77460,0.45,0.35,1,92609,92170,439
13607861,2,2,439,77487,0.45,0.35,1,92611,92172,439
13610781,2,2,439,77514,0.45,0.35,1,92613,92174,439
13613701,2,2,439,77541,0.466,0.35,1,92615,92176,439
13616621,2,2,439,77568,0.4692,0.35,1,92617,92178,439
13619541,2,2,439,77595,0.46984,0.35,1,92619,92180,439
13622461,2,2,439,77622,0.469968,0.35,1,92621,92182,439
13625381,2,2,439,77649,0.469994,0.35,1,92623,92184,439
13628301,2,2,439,77676,0.469999,0.35,1,92625,92186,439
13631221,2,2,439,77703,0.47,0.35,1,92627,92188,439
13634141,2,2,439,77730,0.47,0.35,1,92629,92190,439
13637061,2,2,439,77757,0.47,0.35,1,92631,92192,439
13639981,2,2,439,77784,0.47,0.35,1,92633,92194,439
13642901,2,2,439,77811,0.47,0.35,1,92635,92196,439
13645821,2,2,439,77838,0.47,0.49,1,92637,92198,439
13648741,315.6,311.6,444,77865,0.31,0.49,1,93031,92587,444
13651661,64.72,63.92,444,77892,0.278,0.45,1,93033,92589,444
13654581,14.544,14.384,444,77919,0.2716,0.45,1,93035,92591,444
13657501,4.5088,4.4768,444,77946,0.27032,0.45,1,93037,92593,444
13660421,2.50176,2.49536,444,77973,0.270064,0.45,1,93039,92595,444
13663341,2.10035,2.09907,444,78000,0.246013,0.45,1,93041,92597,444
13666261,2.02007,2.01981,444,78027,0.241203,0.45,1,93043,92599,444
13669181,2.00401,2.00396,444,78054,0.312241,0.45,1,93045,92601,444
13672101,2.0008,2.00079,444,78081,0.334448,0.45,1,93047,92603,444
13675021,2.00016,0.400158,446,78108,0.33889,0.45,1,93049,92603,446
13677941,2.00003,1.68003,446,78135,0.339778,0.45,1,93051,92605,446
13680861,2.00001,1.93601,446,78162,0.339956,0.45,1,93053,92607,446
13683781,2,1.9872,446,78189,0.339991,0.45,1,93055,92609,446
13686701,2,1.99744,446,78216,0.347998,0.45,1,93057,92611,446
13689621,2,1.99949,446,78243,0.3496,0.47,1,93059,92613,446
13692541,2,1.9999,446,78270,0.34192,0.47,1,93061,92615,446
13695461,2,1.99998,446,78297,0.332384,0.47,1,93063,92617,446
13698381,2,2,446,78324,0.346477,0.47,1,93065,92619,446
13701301,2,2,446,78351,0.349295,0.47,1,93067,92621,446
13704221,2,2,446,78378,0.349859,0.47,1,93069,92623,446
13707141,2,2,446,78405,0.349972,0.47,1,93071,92625,446
13710061,2,2,446,78432,0.349994,0.47,1,93073,92627,446
13712981,2,2,446,78459,0.349999,0.47,1,93075,92629,446
13715901,2,2,446,78486,0.35,0.47,1,93077,92631,446
13718821,2,2,446,78513,0.35,0.47,1,93079,92633,446
13721741,2,2,446,78540,0.358,0.47,1,93081,92635,446
13723201,161.2,2,645,78567,0.0956,0.27,1,93282,92637,645
13726121,178.64,315.6,434,78594,0.01912,0.27,1,93465,93031,434
13729041,38.928,64.72,436,78621,0.163824,0.27,1,93469,93033,436
13731961,10.9856,14.544,438,78648,0.192765,0.27,1,93473,93035,438
13734881,3.79712,4.5088,438,78675,0.198553,0.27,1,93475,93037,438
13737801,2.35942,2.50176,438,78702,0.199711,0.24,1,93477,93039,438
13740721,2.07188,2.10035,438,78729,0.175942,0.24,1,93479,93041,438
13743641,2.01438,2.02007,438,78756,0.211188,0.33,1,93481,93043,438
13746561,2.00288,2.00401,438,78783,0.186238,0.34,1,93483,93045,438
13749481,2.00058,2.0008,438,78810,0.181248,0.34,1,93485,93047,438
13752401,2.00012,2.00016,438,78837,0.23625,0.34,1,93487,93049,438
13755321,2.00002,2.00003,438,78864,0.25525,0.34,1,93489,93051,438
13758241,2.8,2.00001,439,78891,0.25905,0.34,1,93492,93053,439
13761161,2.16,2,439,78918,0.25981,0.35,1,93494,93055,439
13764081,2.032,2,439,78945,0.259962,0.35,1,93496,93057,439
13767001,2.0064,2,439,78972,0.275992,0.34,1,93498,93059,439
13769921,2.00128,2,439,78998,0.287198,0.33,1,93500,93061,439
13772841,2.00026,2,439,79024,0.25744,0.35,1,93502,93063,439
13775761,2.00005,2,439,79050,0.251488,0.35,1,93504,93065,439
13778681,2.00001,2,439,79076,0.250298,0.35,1,93506,93067,439
13781601,2,2,439,79102,0.25006,0.35,1,93508,93069,439
13784521,2,2,439,79128,0.250012,0.35,1,93510,93071,439
13787441,2,2,439,79154,0.250002,0.35,1,93512,93073,439
13790361,2,2,439,79180,0.25,0.35,1,93514,93075,439
13793281,2,2,439,79206,0.25,0.35,1,93516,93077,439
13796201,2,2,439,79232,0.25,0.36,1,93518,93079,439
13799121,2,2,439,79258,0.25,0.03,1,93520,93081,439
13802041,301.2,161.2,614,79284,0.05,0,1,93896,93282,614
13804961,62.64,178.64,434,79310,0.218,0.2,1,93899,93465,434
13807881,14.928,38.928,433,79336,0.2676,0.2,1,93902,93469,433
13810801,5.3856,10.9856,432,79362,0.26152,0.2,1,93905,93473,432
13813721,5.07712,3.79712,435,79388,0.276304,0.2,1,93910,93475,435
13816641,2.61542,2.35942,435,79414,0.247261,0.17,1,93912,93477,435
13819561,2.12308,2.07188,435,79440,0.249452,0.22,1,93914,93479,435
13822481,2.02462,2.01438,435,79466,0.24989,0.18,1,93916,93481,435
13825401,2.00492,2.00288,435,79492,0.217978,0.18,1,93918,93483,435
13828321,2.00098,2.00058,435,79518,0.179596,0.25,1,93920,93485,435
13831241,2.0002,2.00012,435,79544,0.275919,0.26,1,93922,93487,435
13834161,2.00004,2.00002,435,79570,0.295184,0.26,1,93924,93489,435
13837081,2.00001,2.8,434,79596,0.299037,0.26,1,93926,93492,434
13840001,2,2.16,434,79622,0.299807,0.26,1,93928,93494,434
13842921,2,2.032,434,79648,0.299961,0.28,1,93930,93496,434
13845841,2,2.0064,434,79674,0.299992,0.29,1,93932,93498,434
13848761,2,2.00128,434,79700,0.299998,0.25,1,93934,93500,434
13851681,2,2.00026,434,79726,0.3,0.25,1,93936,93502,434
13854601,2,2.00005,434,79752,0.308,0.25,1,93938,93504,434
13857521,2,2.00001,434,79778,0.3096,0.25,1,93940,93506,434
13860441,2,2,434,79804,0.30992,0.25,1,93942,93508,434
13863361,2,2,434,79830,0.309984,0.25,1,93944,93510,434
13866281,2,2,434,79856,0.309997,0.25,1,93946,93512,434
13869201,2,2,434,79882,0.309999,0.25,1,93948,93514,434
13872121,2,2,434,79908,0.31,0.25,1,93950,93516,434
13875041,2,2,434,79934,0.31,0.25,1,93952,93518,434
13877961,2,2,434,79960,0.31,0,1,93954,93520,434
13880881,302.8,301.2,436,79986,0.062,0.26,1,94332,93896,436
13883801,62.16,62.64,435,80012,0.0364,0.28,1,94334,93899,435
13886721,14.032,14.928,434,80038,0.00728,0.26,1,94336,93902,434
13889641,4.4064,5.3856,433,80064,0.129456,0.28,1,94338,93905,433
13892561,2.48128,5.07712,430,80090,0.153891,0.24,1,94340,93910,430
13895481,7.69626,2.61542,437,80116,0.182778,0.25,1,94349,93912,437
13898401,3.13925,2.12308,437,80142,0.188556,0.25,1,94351,93914,437
13901321,2.22785,2.02462,437,80168,0.157711,0.21,1,94353,93916,437
13904241,2.04557,2.00492,437,80194,0.119542,0.17,1,94355,93918,437
13907161,2.00911,2.00098,437,80220,0.0799084,0.3,1,94357,93920,437
13910081,2.00182,2.0002,437,80246,0.0399817,0.3,1,94359,93922,437
13913001,2.00036,2.00004,437,80272,0.0319963,0.3,1,94361,93924,437
13915921,2.00007,2.00001,437,80298,0.0303993,0.3,1,94363,93926,437
13918841,2.00001,2,437,80324,0.0300799,0.3,1,94365,93928,437
13921761,2,2,437,80350,0.118016,0.3,1,94367,93930,437
13924681,2,2,437,80376,0.135603,0.3,1,94369,93932,437
13927601,2,2,437,80402,0.139121,0.3,1,94371,93934,437
13930521,2,2,437,80428,0.139824,0.31,1,94373,93936,437
13933441,2,2,437,80454,0.163965,0.31,1,94375,93938,437
13936361,2,2,437,80480,0.168793,0.31,1,94377,93940,437
13939281,2,2,437,80506,0.169759,0.31,1,94379,93942,437
13942201,2,2,437,80532,0.169952,0.31,1,94381,93944,437
13945121,2,2,437,80558,0.16999,0.31,1,94383,93946,437
13948041,2,2,437,80584,0.185998,0.31,1,94385,93948,437
13950961,2,2,437,80610,0.1892,0.31,1,94387,93950,437
13953881,2,2,437,80636,0.18984,0.31,1,94389,93952,437
13956801,2,2,437,80662,0.189968,0,1,94391,93954,437
13959721,297.2,302.8,430,80688,0.197994,0.03,1,94762,94332,430
13962641,61.04,62.16,430,80714,0.167599,0,1,94764,94334,430
13965561,13.808,14.032,430,80740,0.21752,0.16,1,94766,94336,430
13968481,4.3616,4.4064,430,80766,0.235504,0.16,1,94768,94338,430
13971401,2.47232,2.48128,430,80792,0.239101,0.19,1,94770,94340,430
13974321,2.09446,7.69626,423,80818,0.20782,0.19,1,94772,94349,423
13977241,2.01889,3.13925,423,80844,0.201564,0.15,1,94774,94351,423
13980161,2.00378,2.22785,423,80870,0.200313,0.11,1,94776,94353,423
13983081,2.00076,2.04557,423,80896,0.224063,0.07,1,94778,94355,423
13986001,6.80015,2.00911,429,80922,0.236813,0.03,1,94786,94357,429
13988921,2.96003,2.00182,429,80948,0.247362,0.03,1,94788,94359,429
13991841,2.19201,2.00036,429,80974,0.249472,0.03,1,94790,94361,429
13994761,2.0384,2.00007,429,81000,0.217895,0.03,1,94792,94363,429
13997681,2.00768,0.400015,431,81026,0.179579,0.03,1,94794,94363,431
14000601,2.00154,1.68,431,81052,0.243916,0.14,1,94796,94365,431
14003521,2.00031,1.936,431,81078,0.256783,0.14,1,94798,94367,431
14006441,2.00006,1.9872,431,81104,0.259357,0.14,1,94800,94369,431
14009361,2.00001,1.99744,431,81130,0.259871,0.14,1,94802,94371,431
14012281,2.8,1.99949,432,81156,0.275974,0.17,1,94805,94373,432
14015201,2.16,1.9999,432,81182,0.279195,0.17,1,94807,94375,432
14018121,2.032,1.99998,432,81208,0.279839,0.17,1,94809,94377,432
14021041,2.0064,2,432,81234,0.287968,0.17,1,94811,94379,432
14023961,2.00128,2,432,81260,0.289594,0.17,1,94813,94381,432
14026881,2.00026,2,432,81286,0.257919,0.19,1,94815,94383,432
14029801,2.00005,2,432,81312,0.251584,0.19,1,94817,94385,432
14032721,2.00001,2,432,81338,0.250317,0.19,1,94819,94387,432
14035641,2,2,432,81364,0.250063,0.19,1,94821,94389,432
14037101,161.2,2,631,81390,0.330013,0.2,1,95022,94391,631
14040021,169.84,297.2,432,81416,0.210003,0.16,1,95194,94762,432
14042941,35.568,61.04,432,81442,0.154001,0.23,1,95196,94764,432
14045861,10.3136,13.808,434,81468,0.1828,0.24,1,95200,94766,434
14048781,3.66272,4.3616,434,81494,0.18856,0.24,1,95202,94768,434
14051701,2.33254,2.47232,434,81520,0.197712,0.2,1,95204,94770,434
14054621,2.06651,2.09446,434,81546,0.199542,0.2,1,95206,94772,434
14057541,2.0133,2.01889,434,81572,0.199908,0.2,1,95208,94774,434
14060461,2.00266,2.00378,434,81598,0.167982,0.23,1,95210,94776,434
14063381,2.00053,2.00076,434,81624,0.169596,0.24,1,95212,94778,434
14066301,7.60011,6.80015,435,81650,0.185919,0.25,1,95221,94786,435
14069221,3.12002,2.96003,435,81676,0.213184,0.25,1,95223,94788,435
14072141,2.224,2.19201,435,81702,0.186637,0.21,1,95225,94790,435
14075061,2.0448,2.0384,435,81728,0.149327,0.17,1,95227,94792,435
14077981,2.00896,2.00768,435,81754,0.109865,0.26,1,95229,94794,435
14080901,2.00179,2.00154,435,81780,0.189973,0.26,1,95231,94796,435
14083821,2.00036,2.00031,435,81806,0.213995,0.26,1,95233,94798,435
14086741,2.00007,2.00006,435,81832,0.218799,0.26,1,95235,94800,435
14089661,2.00001,2.00001,435,81858,0.21976,0.28,1,95237,94802,435
14092581,2,2.8,434,81884,0.219952,0.28,1,95239,94805,434
14095501,2,2.16,434,81910,0.23599,0.28,1,95241,94807,434
14098421,2,2.032,434,81936,0.231198,0.29,1,95243,94809,434
14101341,2,2.0064,434,81962,0.23024,0.29,1,95245,94811,434
14104261,2,2.00128,434,81988,0.230048,0.25,1,95247,94813,434
14107181,2,2.00026,434,82013,0.23001,0.25,1,95249,94815,434
14110101,2,2.00005,434,82038,0.230002,0.25,1,95251,94817,434
14113021,2,2.00001,434,82063,0.23,0.25,1,95253,94819,434
14115941,2,2,434,82088,0.23,0.35,1,95255,94821,434
14118861,296.4,161.2,603,82113,0.07,0.18,1,95625,95022,603
14121781,60.88,169.84,433,82138,0.014,0.14,1,95627,95194,433
14124701,13.776,35.568,433,82163,0.1468,0.19,1,95629,95196,433
14127621,4.3552,10.3136,431,82188,0.14136,0.19,1,95631,95200,431
14130541,2.47104,3.66272,431,82213,0.140272,0.2,1,95633,95202,431
14133461,2.09421,2.33254,431,82238,0.212054,0.2,1,95635,95204,431
14136381,2.01884,2.06651,431,82263,0.226411,0.2,1,95637,95206,431
14139301,2.00377,2.0133,431,82288,0.237282,0.16,1,95639,95208,431
14142221,3.60075,2.00266,433,82313,0.239456,0.17,1,95643,95210,433
14145141,7.92015,2.00053,440,82338,0.215891,0.19,1,95652,95212,440
14148061,3.18403,7.60011,433,82363,0.211178,0.22,1,95654,95221,433
14150981,2.23681,3.12002,433,82388,0.178236,0.18,1,95656,95223,433
14153901,2.04736,2.224,433,82413,0.139647,0.14,1,95658,95225,433
14156821,2.00947,2.0448,433,82438,0.0999294,0.1,1,95660,95227,433
14159741,2.00189,2.00896,433,82463,0.0599859,0.21,1,95662,95229,433
14162661,2.00038,2.00179,433,82488,0.0519972,0.22,1,95664,95231,433
14165581,2.00008,2.00036,433,82513,0.0503994,0.22,1,95666,95233,433
14168501,2.00002,2.00007,433,82538,0.0500799,0.22,1,95668,95235,433
14171421,2,2.00001,433,82563,0.186016,0.22,1,95670,95237,433
14174341,2,2,433,82588,0.221203,0.24,1,95672,95239,433
14177261,2,2,433,82613,0.228241,0.23,1,95674,95241,433
14180181,2,2,433,82638,0.221648,0.23,1,95676,95243,433
14183101,2,2,433,82663,0.22033,0.23,1,95678,95245,433
14186021,2,2,433,82688,0.220066,0.23,1,95680,95247,433
14188941,2,2,433,82713,0.228013,0.23,1,95682,95249,433
14191861,2,2,433,82738,0.229603,0.23,1,95684,95251,433
14194781,2,2,433,82763,0.229921,0.23,1,95686,95253,433
14197701,2,2,433,82788,0.229984,0.03,1,95688,95255,433
14200621,296.4,296.4,433,82813,0.0939968,0,1,96058,95625,433
14203541,60.88,60.88,433,82838,0.186799,0.18,1,96060,95627,433
14206461,13.776,13.776,433,82863,0.19736,0.14,1,96062,95629,433
14209381,4.3552,4.3552,433,82888,0.167472,0.14,1,96064,95631,433
14212301,2.47104,2.47104,433,82913,0.129494,0.23,1,96066,95633,433
14215221,2.09421,2.09421,433,82938,0.193899,0.23,1,96068,95635,433
14218141,2.01884,2.01884,433,82963,0.20678,0.24,1,96070,95637,433
14221061,2.00377,2.00377,433,82988,0.217356,0.24,1,96072,95639,433
14223981,2.00075,3.60075,431,83013,0.219471,0.21,1,96074,95643,431
14226901,2.00015,7.92015,424,83038,0.219894,0.21,1,96076,95652,424
14229821,2.00003,3.18403,424,83063,0.219979,0.17,1,96078,95654,424
14232741,2.00001,2.23681,424,83088,0.227996,0.13,1,96080,95656,424
14235661,3.6,2.04736,426,83113,0.229599,0.09,1,96084,95658,426
14238581,7.92,2.00947,433,83138,0.21392,0.05,1,96093,95660,433
14241501,3.184,2.00189,433,83163,0.210784,0.05,1,96095,95662,433
14244421,2.2368,2.00038,433,83188,0.178157,0.05,1,96097,95664,433
14247341,2.04736,2.00008,433,83213,0.139631,0.05,1,96099,95666,433
14250261,2.00947,2.00002,433,83238,0.0999263,0.22,1,96101,95668,433
14253181,2.00189,2,433,83263,0.179985,0.23,1,96103,95670,433
14256101,2.00038,2,433,83288,0.195997,0.23,1,96105,95672,433
14259021,2.00008,2,433,83313,0.199199,0.22,1,96107,95674,433
14261941,2.00002,2,433,83338,0.19984,0.22,1,96109,95676,433
14264861,2,2,433,83363,0.215968,0.22,1,96111,95678,433
14267781,2,2,433,83388,0.219194,0.23,1,96113,95680,433
14270701,2,2,433,83413,0.227839,0.23,1,96115,95682,433
14273621,2,2,433,83438,0.229568,0.23,1,96117,95684,433
14276541,2,2,433,83463,0.245914,0.23,1,96119,95686,433
14279461,2,2,433,83488,0.249183,0.06,1,96121,95688,433
14282381,296.4,296.4,433,83513,0.0818365,0.21,1,96491,96058,433
14285301,60.88,60.88,433,83538,0.0403673,0.2,1,96493,96060,433
14288221,13.776,13.776,433,83563,0.0480735,0.16,1,96495,96062,433
14291141,4.3552,4.3552,433,83588,0.0176147,0.12,1,96497,96064,433
14294061,2.47104,2.47104,433,83613,0.115523,0.21,1,96499,96066,433
14296981,2.09421,2.09421,433,83638,0.103105,0.21,1,96501,96068,433
14299901,2.01884,2.01884,433,83663,0.100621,0.22,1,96503,96070,433
14302821,2.00377,2.00377,433,83688,0.100124,0.22,1,96505,96072,433
14305741,2.00075,2.00075,433,83713,0.108025,0.22,1,96507,96074,433
14308661,2.00015,2.00015,433,83738,0.149605,0.22,1,96509,96076,433
14311581,2.00003,2.00003,433,83763,0.157921,0.23,1,96511,96078,433
14314501,2.00001,2.00001,433,83788,0.159584,0.23,1,96513,96080,433
14317421,2,3.6,431,83813,0.159917,0.21,1,96515,96084,431
14320341,8.4,7.92,432,83838,0.151983,0.21,1,96525,96093,432
14323261,3.28,3.184,432,83863,0.150397,0.17,1,96527,96095,432
14326181,2.256,2.2368,432,83888,0.118079,0.13,1,96529,96097,432
14329101,2.0512,2.04736,432,83913,0.0796159,0.13,1,96531,96099,432
14332021,2.01024,0.409472,434,83938,0.0399232,0.09,1,96533,96099,434
14334941,2.00205,1.68189,434,83963,0.00798463,0.2,1,96535,96101,434
14337861,2.00041,1.93638,434,83988,0.00959693,0.2,1,96537,96103,434
14340781,2.80008,1.98728,435,84013,0.0259194,0.2,1,96540,96105,435
14343701,2.16002,1.99746,435,84038,0.0291839,0.2,1,96542,96107,435
14346621,2.032,1.99949,435,84063,0.149837,0.22,1,96544,96109,435
14349541,2.0064,1.9999,435,84088,0.173967,0.22,1,96546,96111,435
14352461,2.00128,1.99998,435,84113,0.178793,0.23,1,96548,96113,435
14355381,2.00026,2,435,84138,0.147759,0.23,1,96550,96115,435
14358301,2.00005,2,435,84163,0.149552,0.25,1,96552,96117,435
14361221,2.00001,2,435,84188,0.14991,0.25,1,96554,96119,435
14362681,161.2,2,634,84213,0.261982,0.04,1,96755,96121,634
14365601,162.64,296.4,427,84238,0.108396,0.03,1,96918,96491,427
14368521,34.128,60.88,427,84263,0.133679,0.05,1,96920,96493,427
14371441,8.4256,13.776,427,84288,0.106736,0.01,1,96922,96495,427
14374361,3.28512,4.3552,427,84313,0.0693472,0.14,1,96924,96497,427
14377281,3.85702,2.47104,429,84338,0.0138694,0.1,1,96928,96499,429
14380201,2.3714,2.09421,429,84363,0.0107739,0.1,1,96930,96501,429
14383121,2.07428,2.01884,429,84388,0.0101548,0.1,1,96932,96503,429
14386041,2.01486,2.00377,429,84413,0.010031,0.11,1,96934,96505,429
14388961,2.00297,2.00075,429,84438,0.138006,0.16,1,96936,96507,429
14391881,2.00059,2.00015,429,84463,0.131601,0.16,1,96938,96509,429
14394801,2.00012,2.00003,429,84488,0.12232,0.16,1,96940,96511,429
14397721,2.00002,2.00001,429,84513,0.120464,0.16,1,96942,96513,429
14400641,2,2,429,84538,0.112093,0.15,1,96944,96515,429
14403561,2.8,8.4,422,84563,0.126419,0.15,1,96947,96525,422
14406481,2.16,3.28,422,84588,0.185284,0.11,1,96949,96527,422
14409401,2.032,2.256,422,84613,0.197057,0.07,1,96951,96529,422
14412321,2.0064,2.0512,422,84638,0.199411,0.03,1,96953,96531,422
14415241,8.40128,2.01024,430,84663,0.175882,0,1,96963,96533,430
14418161,3.28026,2.00205,430,84688,0.171176,0.01,1,96965,96535,430
14421081,2.25605,2.00041,430,84713,0.138235,0.03,1,96967,96537,430
14424001,2.05121,2.80008,429,84738,0.0996471,0.03,1,96969,96540,429
14426921,2.01024,2.16002,429,84763,0.0599294,0.18,1,96971,96542,429
14429841,2.00205,2.032,429,84788,0.139986,0.18,1,96973,96544,429
14432761,2.00041,2.0064,429,84813,0.171997,0.18,1,96975,96546,429
14435681,2.00008,2.00128,429,84838,0.178399,0.14,1,96977,96548,429
14438601,2.00002,2.00026,429,84863,0.17968,0.15,1,96979,96550,429
14441521,2,2.00005,429,84888,0.179936,0.15,1,96981,96552,429
14444441,2,2.00001,429,84913,0.187987,0.29,1,96983,96554,429
14447361,285.2,161.2,584,84938,0.0855974,0.07,1,97339,96755,584
14450281,58.64,162.64,423,84963,0.169119,0.14,1,97341,96918,423
14453201,13.328,34.128,423,84988,0.193824,0.1,1,97343,96920,423
14456121,5.0656,8.4256,424,85013,0.182765,0.06,1,97346,96922,424
14459041,7.41312,3.28512,430,85038,0.220553,0,1,97354,96924,430
14461961,3.08262,3.85702,428,85063,0.204111,0.01,1,97356,96928,428
14464881,2.21652,2.3714,428,85088,0.200822,0.01,1,97358,96930,428
14467801,2.0433,2.07428,428,85113,0.168164,0.01,1,97360,96932,428
14470721,2.00866,2.01486,428,85138,0.129633,0.17,1,97362,96934,428
14473641,2.80173,2.00297,429,85163,0.105927,0.13,1,97365,96936,429
14476561,4.56035,2.00059,432,85188,0.197185,0.12,1,97370,96938,432
14479481,2.51207,2.00012,432,85213,0.215437,0.12,1,97372,96940,432
14482401,2.10241,2.00002,432,85238,0.219087,0.11,1,97374,96942,432
14485321,2.02048,2,432,85263,0.219817,0.13,1,97376,96944,432
14488241,2.0041,2.8,431,85288,0.179963,0.2,1,97378,96947,431
14491161,2.00082,2.16,431,85312,0.163993,0.2,1,97380,96949,431
14494081,2.00016,2.032,431,85336,0.160799,0.2,1,97382,96951,431
14497001,8.40003,2.0064,439,85360,0.21616,0.17,1,97392,96953,439
14499921,3.28001,8.40128,431,85384,0.227232,0.17,1,97394,96963,431
14502841,2.256,3.28026,431,85408,0.181446,0.13,1,97396,96965,431
14505761,2.0512,2.25605,431,85432,0.140289,0.09,1,97398,96967,431
14508681,2.01024,2.05121,431,85456,0.100058,0.05,1,97400,96969,431
14511601,2.00205,2.01024,431,85480,0.0600116,0.16,1,97402,96971,431
14514521,2.00041,2.00205,431,85504,0.172002,0.18,1,97404,96973,431
14517441,2.00008,2.00041,431,85528,0.2024,0.18,1,97406,96975,431
14520361,2.00002,2.00008,431,85552,0.20848,0.18,1,97408,96977,431
14523281,2,2.00002,431,85576,0.201696,0.18,1,97410,96979,431
14526201,2,2,431,85600,0.200339,0.19,1,97412,96981,431
14529121,2,2,431,85624,0.192068,0.06,1,97414,96983,431
14532041,282.8,285.2,428,85648,0.174414,0.19,1,97767,97339,428
14534961,58.16,58.64,428,85672,0.138883,0.2,1,97769,97341,428
14537881,14.832,13.328,430,85696,0.0997765,0.18,1,97773,97343,430
14540801,6.1664,5.0656,431,85720,0.0679553,0.23,1,97777,97346,431
14543721,2.83328,7.41312,425,85744,0.125591,0.2,1,97779,97354,425
14546641,7.76666,3.08262,432,85768,0.0971182,0.2,1,97788,97356,432
14549561,3.15333,2.21652,432,85792,0.0914236,0.16,1,97790,97358,432
14552481,2.23067,2.0433,432,85816,0.0582847,0.12,1,97792,97360,432
14555401,2.04613,2.00866,432,85840,0.0196569,0.1,1,97794,97362,432
14558321,2.00923,2.80173,431,85864,0.0999314,0.22,1,97796,97365,431
14561241,3.60185,4.56035,430,85888,0.139986,0.22,1,97800,97370,430
14564161,3.92037,2.51207,432,85912,0.139997,0.22,1,97804,97372,432
14567081,2.38407,2.10241,432,85936,0.147999,0.22,1,97806,97374,432
14570001,2.07681,2.02048,432,85960,0.1496,0.17,1,97808,97376,432
14572921,2.01536,2.0041,432,85984,0.11792,0.16,1,97810,97378,432
14575841,2.00307,2.00082,432,86008,0.135584,0.16,1,97812,97380,432
14578761,2.00061,2.00016,432,86032,0.107117,0.23,1,97814,97382,432
14581681,3.60012,8.40003,426,86056,0.125423,0.23,1,97818,97392,426
14584601,6.32002,3.28001,431,86080,0.161085,0.17,1,97825,97394,431
14587521,2.864,2.256,431,86104,0.160217,0.13,1,97827,97396,431
14590441,2.1728,2.0512,431,86128,0.160043,0.09,1,97829,97398,431
14593361,2.03456,2.01024,431,86152,0.128009,0.05,1,97831,97400,431
14596281,2.00691,2.00205,431,86176,0.0896017,0.2,1,97833,97402,431
14599201,2.00138,2.00041,431,86200,0.13792,0.21,1,97835,97404,431
14602121,2.00028,2.00008,431,86224,0.155584,0.21,1,97837,97406,431
14605041,2.00006,2.00002,431,86248,0.159117,0.2,1,97839,97408,431
14607961,2.00001,2,431,86272,0.175823,0.2,1,97841,97410,431
14610881,2,2,431,86296,0.203165,0.19,1,97843,97412,431
14613801,2,2,431,86320,0.216633,0.17,1,97845,97414,431
14616721,278.8,282.8,426,86344,0.107327,0.13,1,98193,97767,426
14619641,59.76,58.16,429,86368,0.181465,0.09,1,98198,97769,429
14622561,13.552,14.832,427,86392,0.196293,0.06,1,98200,97773,427
14625481,4.3104,6.1664,425,86416,0.167259,0.14,1,98202,97777,425
14628401,2.46208,2.83328,425,86440,0.161452,0.09,1,98204,97779,425
14631321,10.8924,7.76666,429,86464,0.19229,0.09,1,98217,97788,429
14634241,3.77848,3.15333,429,86488,0.166458,0.05,1,98219,97790,429
14637161,2.3557,2.23067,429,86512,0.121292,0.01,1,98221,97792,429
14640081,2.07114,2.04613,429,86536,0.168258,0.12,1,98223,97794,429
14643001,2.01423,2.00923,429,86560,0.145652,0.15,1,98225,97796,429
14645921,2.00285,3.60185,427,86584,0.10913,0.14,1,98227,97800,427
14648841,5.20057,3.92037,429,86608,0.125826,0.15,1,98233,97804,429
14651761,2.64011,2.38407,429,86632,0.129165,0.15,1,98235,97806,429
14654681,2.12802,2.07681,429,86656,0.129833,0.11,1,98237,97808,429
14657601,2.0256,2.01536,429,86680,0.201967,0.14,1,98239,97810,429
14660521,2.00512,2.00307,429,86704,0.184393,0.1,1,98241,97812,429
14663441,2.00102,2.00061,429,86728,0.148879,0.13,1,98243,97814,429
14666361,3.6002,3.60012,429,86752,0.141776,0.17,1,98247,97818,429
14669281,7.12004,6.32002,430,86776,0.188355,0.16,1,98255,97825,430
14672201,3.02401,2.864,430,86800,0.165671,0.16,1,98257,97827,430
14675121,2.2048,2.1728,430,86824,0.161134,0.16,1,98259,97829,430
14678041,2.04096,0.43456,432,86848,0.136227,0.12,1,98261,97829,432
14680961,3.60819,1.68691,434,86872,0.0672454,0.08,1,98265,97831,434
14683881,2.32164,1.93738,434,86896,0.0534491,0.15,1,98267,97833,434
14686801,2.06433,1.98748,434,86920,0.17069,0.16,1,98269,97835,434
14689721,2.01287,1.9975,434,86944,0.194138,0.16,1,98271,97837,434
14692641,2.00257,1.9995,434,86968,0.198828,0.18,1,98273,97839,434
14695561,2.00051,1.9999,434,86992,0.167766,0.21,1,98275,97841,434
14698481,2.8001,1.99998,435,87016,0.201553,0.22,1,98278,97843,435
14699941,161.36,2,634,87040,0.232311,0.08,1,98479,97845,634
14702861,145.872,278.8,428,87064,0.182462,0.2,1,98621,98193,428
14705781,32.3744,59.76,427,87088,0.116492,0.2,1,98625,98198,427
14708701,12.0749,13.552,432,87112,0.215299,0.16,1,98632,98200,432
14711621,4.01498,4.3104,432,87136,0.20306,0.16,1,98634,98202,432
14714541,2.403,2.46208,432,87160,0.200612,0.2,1,98636,98204,432
14717461,7.6806,10.8924,428,87184,0.248122,0.16,1,98645,98217,428
14720381,3.13612,3.77848,428,87208,0.257625,0.11,1,98647,98219,428
14723301,2.22722,2.3557,428,87232,0.227525,0.18,1,98649,98221,428
14726221,2.04544,2.07114,428,87256,0.189505,0.14,1,98651,98223,428
14729141,2.00909,2.01423,428,87280,0.149901,0.1,1,98653,98225,428
14732061,2.00182,2.00285,428,87304,0.10998,0.13,1,98655,98227,428
14734981,6.00036,5.20057,429,87328,0.197996,0.13,1,98662,98233,429
14737901,2.80007,2.64011,429,87352,0.215599,0.13,1,98664,98235,429
14740821,3.76001,2.12802,431,87376,0.19512,0.22,1,98668,98237,431
14743741,3.152,2.0256,432,87400,0.143024,0.18,1,98671,98239,432
14746661,2.2304,2.00512,432,87424,0.132605,0.14,1,98673,98241,432
14749581,2.04608,2.00102,432,87448,0.130521,0.14,1,98675,98243,432
14752501,2.00922,3.6002,430,87472,0.0981042,0.2,1,98677,98247,430
14755421,2.00184,7.12004,424,87496,0.0916208,0.16,1,98679,98255,424
14758341,2.00037,3.02401,424,87520,0.146324,0.16,1,98681,98257,424
14761261,7.60007,2.2048,431,87544,0.221265,0.13,1,98690,98259,431
14764181,3.12001,2.04096,431,87568,0.236253,0.05,1,98692,98261,431
14767101,3.824,3.60819,431,87592,0.175251,0.05,1,98696,98265,431
14770021,2.3648,2.32164,431,87616,0.18705,0.2,1,98698,98267,431
14772941,2.07296,2.06433,431,87640,0.14941,0.2,1,98700,98269,431
14775861,2.01459,2.01287,431,87664,0.141882,0.2,1,98702,98271,431
14778781,2.00292,2.00257,431,87688,0.140376,0.16,1,98704,98273,431
14781701,2.00058,2.00051,431,87712,0.108075,0.21,1,98706,98275,431
14784621,2.00012,2.8001,430,87736,0.125615,0.24,1,98708,98278,430
14787541,268.4,161.36,564,87760,0.193123,0.17,1,99043,98479,564
14790461,63.28,145.872,434,87784,0.126625,0.1,1,99055,98621,434
14793381,15.056,32.3744,433,87808,0.217325,0.24,1,99058,98625,433
14796301,9.4112,12.0749,434,87832,0.139465,0.2,1,99066,98632,434
14799221,3.48224,4.01498,434,87856,0.091893,0.2,1,99068,98634,434
14802141,2.29645,2.403,434,87880,0.0743786,0.26,1,99070,98636,434
14805061,6.85929,7.6806,433,87904,0.158876,0.26,1,99078,98645,433
14807981,2.97186,3.13612,433,87928,0.175775,0.22,1,99080,98647,433
14810901,2.19437,2.22722,433,87952,0.179155,0.18,1,99082,98649,433
14813821,2.03887,2.04544,433,87976,0.147831,0.14,1,99084,98651,433
14816741,2.00777,2.00909,433,88000,0.237566,0.1,1,99086,98653,433
14819661,2.00155,2.00182,433,88024,0.223513,0.22,1,99088,98655,433
14822581,2.00031,6.00036,428,88048,0.220703,0.22,1,99090,98662,428
14825501,2.00006,2.80007,428,88072,0.220141,0.19,1,99092,98664,428
14828421,6.80001,3.76001,432,88096,0.284028,0.13,1,99100,98668,432
14831341,2.96,3.152,431,88120,0.296806,0.13,1,99102,98671,431
14834261,2.192,2.2304,431,88144,0.299361,0.13,1,99104,98673,431
14837181,2.0384,2.04608,431,88168,0.267872,0.09,1,99106,98675,431
14840101,3.60768,2.00922,433,88192,0.205574,0.09,1,99110,98677,433
14843021,2.32154,2.00184,433,88216,0.185115,0.16,1,99112,98679,433
14845941,5.26431,2.00037,437,88240,0.261023,0.24,1,99118,98681,437
14848861,2.65286,7.60007,430,88264,0.244205,0.24,1,99120,98690,430
14851781,2.13057,3.12001,430,88288,0.240841,0.16,1,99122,98692,430
14854701,2.02611,3.824,428,88312,0.240168,0.19,1,99124,98696,428
14857621,2.00522,2.3648,428,88336,0.256034,0.14,1,99126,98698,428
14860541,6.00104,2.07296,433,88360,0.243207,0.14,1,99133,98700,433
14863461,2.80021,2.01459,433,88384,0.240641,0.14,1,99135,98702,433
14866381,2.16004,2.00292,433,88408,0.240128,0.1,1,99137,98704,433
14869301,2.03201,2.00058,433,88432,0.264026,0.13,1,99139,98706,433
14872221,2.0064,2.00012,433,88456,0.244805,0.21,1,99141,98708,433
14875141,263.601,268.4,427,88480,0.232961,0.11,1,99470,99043,427
14878061,61.5203,63.28,426,88504,0.302592,0.24,1,99481,99055,426
14880981,13.9041,15.056,425,88528,0.284518,0.12,1,99483,99058,425
14883901,13.9808,9.4112,431,88552,0.288904,0.08,1,99497,99066,431
14886821,4.39616,3.48224,431,88576,0.257781,0.07,1,99499,99068,431
14889741,2.47923,2.29645,431,88600,0.211556,0.18,1,99501,99070,431
14892661,7.69585,6.85929,432,88624,0.322311,0.18,1,99510,99078,432
14895581,3.13917,2.97186,432,88648,0.344462,0.18,1,99512,99080,432
14898501,2.22783,2.19437,432,88672,0.316892,0.14,1,99514,99082,432
14901421,2.04557,2.03887,432,88696,0.279379,0.26,1,99516,99084,432
14904341,3.60911,2.00777,434,88720,0.263876,0.22,1,99520,99086,434
14907261,3.92182,2.00155,436,88744,0.308775,0.22,1,99524,99088,436
14910181,2.38436,2.00031,436,88768,0.309755,0.22,1,99526,99090,436
14913101,2.07687,2.00006,436,88792,0.309951,0.3,1,99528,99092,436
14916021,2.01537,6.80001,430,88816,0.27799,0.3,1,99530,99100,430
14918941,2.00307,2.96,430,88840,0.271598,0.3,1,99532,99102,430
14921861,2.00061,2.192,430,88863,0.24632,0.26,1,99534,99104,430
14924781,3.60012,2.0384,432,88886,0.313264,0.19,1,99538,99106,432
14927701,5.52002,3.60768,434,88909,0.334653,0.18,1,99544,99110,434
14930621,2.704,2.32154,434,88932,0.338931,0.28,1,99546,99112,434
14933541,4.5408,5.26431,433,88955,0.291786,0.24,1,99551,99118,433
14936461,2.50816,2.65286,433,88978,0.250357,0.24,1,99553,99120,433
14939381,2.10163,2.13057,433,89001,0.330071,0.24,1,99555,99122,433
14942301,2.02033,2.02611,433,89024,0.354014,0.26,1,99557,99124,433
14945221,2.00407,2.00522,433,89047,0.326803,0.24,1,99559,99126,433
14948141,5.20081,6.00104,432,89070,0.289361,0.24,1,99565,99133,432
14951061,2.64016,2.80021,432,89093,0.313872,0.24,1,99567,99135,432
14953981,2.12803,2.16004,432,89116,0.318774,0.27,1,99569,99137,432
14956901,2.02561,2.03201,432,89139,0.327755,0.24,1,99571,99139,432
14959821,3.60512,2.0064,434,89162,0.345551,0.23,1,99575,99141,434
14962741,266.321,263.601,437,89185,0.33311,0.32,1,99907,99470,437
14965661,62.8642,61.5203,438,89208,0.378622,0.28,1,99919,99481,438
14968581,14.1728,13.9041,438,89231,0.355724,0.29,1,99921,99483,438
14971501,11.6346,13.9808,435,89254,0.367145,0.25,1,99932,99497,435
14974421,5.52691,4.39616,437,89277,0.385429,0.2,1,99936,99499,437
14977341,2.70538,2.47923,437,89300,0.357086,0.35,1,99938,99501,437
14980261,5.34108,7.69585,434,89323,0.287417,0.35,1,99944,99510,434
14983181,2.66822,3.13917,434,89346,0.233483,0.31,1,99946,99512,434
14986101,5.33364,2.22783,438,89369,0.358697,0.27,1,99952,99514,438
14989021,2.66673,2.04557,438,89392,0.351739,0.26,1,99954,99516,438
14991941,2.13335,3.60911,436,89415,0.398348,0.32,1,99956,99520,436
14994861,2.02667,3.92182,434,89438,0.40767,0.31,1,99958,99524,434
14997781,2.00533,2.38436,434,89461,0.377534,0.31,1,99960,99526,434
15000701,6.00107,2.07687,439,89484,0.427507,0.27,1,99967,99528,439
15003621,2.80021,2.01537,439,89507,0.437501,0.27,1,99969,99530,439
15006541,2.16004,2.00307,439,89530,0.4395,0.24,1,99971,99532,439
15009461,2.03201,2.00061,439,89553,0.4159,0.33,1,99973,99534,439
15012381,2.0064,3.60012,437,89576,0.43518,0.34,1,99975,99538,437
15015301,3.60128,5.52002,435,89599,0.399036,0.34,1,99979,99544,435
15018221,5.52026,2.704,439,89622,0.431807,0.28,1,99985,99546,439
15021141,2.70405,4.5408,436,89645,0.446361,0.24,1,99987,99551,436
15024061,2.14081,2.50816,436,89668,0.417272,0.35,1,99989,99553,436
15026981,3.62816,2.10163,438,89691,0.379454,0.36,1,99993,99555,438
15029901,2.32563,2.02033,438,89714,0.339891,0.32,1,99995,99557,438
15032821,2.06513,2.00407,438,89737,0.419978,0.32,1,99997,99559,438
15035741,5.21303,0.400813,444,89760,0.411996,0.28,1,100003,99559,444
15038661,2.64261,4.88016,440,89783,0.418399,0.32,1,100005,99565,440
15041581,2.12852,2.57603,440,89806,0.41968,0.32,1,100007,99567,440
15044501,2.0257,2.11521,440,89829,0.427936,0.33,1,100009,99569,440
15047421,2.00514,2.02304,440,89852,0.405587,0.35,1,100011,99571,440
15048881,161.201,3.60461,637,89875,0.425117,0.33,1,100212,99575,637
15051801,141.04,266.321,441,89898,0.373023,0.39,1,100348,99907,441
15054721,35.408,62.8642,438,89921,0.402605,0.35,1,100357,99919,438
15057641,8.68161,14.1728,438,89944,0.408521,0.37,1,100359,99921,438
15060561,8.13632,11.6346,435,89967,0.441704,0.39,1,100367,99932,435
15063481,3.22726,5.52691,433,89990,0.448341,0.35,1,100369,99936,433
15066401,2.24545,2.70538,433,90013,0.449668,0.27,1,100371,99938,433
15069321,12.4491,5.34108,442,90036,0.465934,0.22,1,100386,99944,442
15072241,4.08982,2.66822,442,90059,0.437187,0.39,1,100388,99946,442
15075161,2.41796,5.33364,438,90082,0.391437,0.35,1,100390,99952,438
15078081,3.68359,2.66673,440,90105,0.470287,0.41,1,100394,99954,440
15081001,4.73672,2.13335,443,90128,0.470058,0.41,1,100399,99956,443
15083921,2.54734,2.02667,443,90151,0.470012,0.37,1,100401,99958,443
15086841,2.10947,2.00533,443,90174,0.494002,0.44,1,100403,99960,443
15089761,5.22189,6.00107,442,90197,0.4268,0.44,1,100409,99967,442
15092681,2.64438,2.80021,442,90220,0.41336,0.44,1,100411,99969,442
15095601,2.12888,2.16004,442,90243,0.410672,0.41,1,100413,99971,442
15098521,3.62578,2.03201,444,90266,0.378134,0.44,1,100417,99973,444
15101441,2.32516,2.0064,444,90289,0.451627,0.39,1,100419,99975,444
15104361,2.06503,3.60128,442,90312,0.466325,0.44,1,100421,99979,442
15107281,3.61301,5.52026,440,90335,0.469265,0.45,1,100425,99985,440
15110201,5.5226,2.70405,444,90358,0.445853,0.41,1,100431,99987,444
15113121,2.70452,2.14081,444,90381,0.441171,0.37,1,100433,99989,444
15116041,2.1409,3.62816,442,90404,0.408234,0.33,1,100435,99993,442
15118961,2.02818,2.32563,442,90427,0.401647,0.44,1,100437,99995,442
15121881,3.60564,2.06513,444,90450,0.408329,0.41,1,100441,99997,444
15124801,2.32113,5.21303,440,90473,0.401666,0.42,1,100443,100003,440
15127721,2.06423,2.64261,440,90496,0.400333,0.42,1,100445,100005,440
15130641,2.01285,2.12852,440,90519,0.400067,0.43,1,100447,100007,440
15133561,3.60257,2.0257,442,90542,0.440013,0.4,1,100451,100009,442
15136481,3.92051,2.00514,444,90565,0.640003,0.43,1,100455,100011,444
15139401,267.984,161.201,577,90588,0.656,0.36,1,100789,100212,577
15142321,62.3968,141.04,452,90611,0.6992,0.41,1,100800,100348,452
15145241,14.0794,35.408,445,90634,0.67584,0.41,1,100802,100357,445
15148161,5.21587,8.68161,446,90657,0.623168,0.45,1,100805,100359,446
15151081,9.04317,8.13632,448,90680,0.668634,0.45,1,100815,100367,448
15154001,3.40863,3.22726,448,90703,0.677727,0.45,1,100817,100369,448
15156921,9.48173,2.24545,457,90726,0.599545,0.47,1,100828,100371,457
15159841,3.49635,12.4491,444,90749,0.671909,0.43,1,100830,100386,444
15162761,2.29927,4.08982,444,90772,0.654382,0.38,1,100832,100388,444
15165681,5.25985,2.41796,448,90795,0.546876,0.49,1,100838,100390,448
15168601,2.65197,3.68359,446,90818,0.525375,0.47,1,100840,100394,446
15171521,2.13039,4.73672,443,90841,0.521075,0.47,1,100842,100399,443
15174441,2.02608,2.54734,443,90864,0.520215,0.5,1,100844,100401,443
15177361,7.60522,2.10947,450,90887,0.688043,0.41,1,100853,100403,450
15180281,3.12104,5.22189,446,90910,0.729609,0.41,1,100855,100409,446
15183201,2.22421,2.64438,446,90933,0.705922,0.41,1,100857,100411,446
15186121,2.04484,2.12888,446,90956,0.669184,0.37,1,100859,100413,446
15189041,2.00897,3.62578,444,90979,0.629837,0.47,1,100861,100417,444
15191961,2.00179,2.32516,444,91002,0.589967,0.47,1,100863,100419,444
15194881,2.00036,2.06503,444,91025,0.581993,0.47,1,100865,100421,444
15197801,5.20007,3.61301,446,91048,0.708399,0.44,1,100871,100425,446
15200721,2.64001,5.5226,442,91071,0.73368,0.44,1,100873,100431,442
15203641,2.128,2.70452,442,91094,0.738736,0.4,1,100875,100433,442
15206561,2.0256,2.1409,442,91117,0.739747,0.4,1,100877,100435,442
15209481,5.20512,2.02818,446,91140,0.667949,0.41,1,100883,100437,446
15212401,11.441,3.60564,455,91163,0.74959,0.4,1,100896,100441,455
15215321,4.6882,2.32113,456,91186,0.757918,0.4,2,100899,100443,456
15218241,2.53764,2.06423,456,91209,0.775584,0.4,2,100901,100445,456
15221161,2.10753,2.01285,456,91232,0.795117,0.45,2,100903,100447,456
15224081,2.02151,3.60257,454,91255,0.807023,0.69,2,100905,100451,454
15227001,2.0043,3.92051,452,91278,0.809405,0.66,2,100907,100455,452
15229921,270.801,267.984,456,91301,0.865881,0.71,2,101245,100789,456
15232841,55.7602,62.3968,447,91324,0.845176,0.67,2,101247,100800,447
15235761,20.752,14.0794,457,91347,0.801035,0.61,2,101259,100802,457
15238681,5.75041,5.21587,456,91370,0.760207,0.68,2,101261,100805,456
15241601,4.35008,9.04317,450,91393,0.808041,0.68,2,101265,100815,450
15244521,2.47002,3.40863,450,91416,0.785608,0.58,2,101267,100817,450
15247441,8.494,9.48173,449,91439,0.837122,0.69,2,101277,100828,449
15250361,3.2988,3.49635,449,91462,0.847424,0.65,2,101279,100830,449
15253281,2.25976,2.29927,449,91485,0.817485,0.52,2,101281,100832,449
15256201,10.852,5.25985,456,91508,0.827497,0.52,2,101294,100838,456
15259121,5.37039,2.65197,458,91531,0.773499,0.52,2,101298,100840,458
15262041,2.67408,2.13039,458,91554,0.8187,0.52,2,101300,100842,458
15264961,2.13482,2.02608,458,91577,0.79574,0.73,2,101302,100844,458
15267881,2.02696,7.60522,451,91600,0.815148,0.74,2,101304,100853,451
15270801,3.60539,3.12104,453,91623,0.77903,0.7,2,101308,100855,453
15273721,6.32108,2.22421,458,91646,0.843806,0.66,2,101315,100857,458
15276641,2.86422,2.04484,458,91669,0.824761,0.62,2,101317,100859,458
15279561,2.17284,2.00897,458,91692,0.828952,0.58,2,101319,100861,458
15282481,2.03457,2.00179,458,91715,0.79779,0.58,2,101321,100863,458
15285401,2.00691,2.00036,458,91738,0.759558,0.74,2,101323,100865,458
15288321,2.00138,5.20007,454,91761,0.839912,0.74,2,101325,100871,454
15291241,2.00028,2.64001,454,91784,0.855982,0.74,2,101327,100873,454
15294161,2.00006,2.128,454,91807,0.859196,0.74,2,101329,100875,454
15297081,3.60001,2.0256,456,91830,0.867839,0.65,2,101333,100877,456
15300001,6.32,5.20512,457,91853,0.885568,0.77,2,101340,100883,457
15302921,15.664,11.441,462,91876,0.905114,0.76,2,101358,100896,462
15305841,4.7328,4.6882,461,91899,0.925023,0.78,2,101360,100899,461
15308761,2.54656,2.53764,461,91922,0.945005,0.8,2,101362,100901,461
15600761,7,16,476,94177,0.84,1,2,103151,102675,476
15603681,6.2,8.8,475,94199,0.896,1,2,103157,102682,475
15606601,6.04,5.76,476,94221,0.8752,1,2,103163,102687,476
15609521,6.008,7.552,474,94243,0.87904,1,2,103169,102695,474
15612441,6.0016,3.9104,477,94265,0.847808,1,2,103175,102698,477
15615361,6.00032,3.98208,479,94287,0.905562,1,2,103181,102702,479
15618281,6.00006,3.99642,481,94309,0.885112,1,2,103187,102706,481
15621201,9.20001,3.99928,487,94331,0.849023,1,2,103197,102710,487
15624121,10.64,6.39986,491,94353,0.897804,1,2,103208,102717,491
15627041,7.728,4.47997,494,94375,0.851561,1,2,103215,102721,494
15629961,6.3456,4.09599,496,94397,0.866312,1,2,103221,102725,496
15632881,7.66912,4.0192,500,94419,0.893262,1,2,103229,102729,500
15635801,7.93382,4.00384,504,94441,0.906653,1,2,103237,102733,504
15638721,7.98676,4.00077,508,94463,0.869331,1,2,103245,102737,508
15641641,7.99735,4.00015,512,94485,0.821866,1,2,103253,102741,512
15644561,10.3995,6.40003,516,94507,0.764373,1,2,103264,102748,516
15647481,9.27989,6.08001,519,94529,0.640875,1,1,103273,102754,519
15650401,9.85598,5.216,524,94551,0.624175,1,1,103283,102759,524
15653321,8.3712,5.0432,527,94573,0.612835,1,1,103291,102764,527
15656241,8.07424,4.20864,531,94595,0.546567,1,1,103299,102768,531
15659161,8.81485,4.04173,536,94617,0.509313,1,1,103308,102772,536
15660621,8.16297,4.00835,540,94639,0.517863,1,1,103316,102776,540
15756981,361.633,440.002,441,44600,0.103573,0,1,103766,103325,441
15759901,84.3265,100.8,440,45307,0.148714,0.17,1,103781,103341,440
15770121,12,17,428,45492,0.01,0.01,1,104043,103615,428
15773041,13.6,12.2,431,45538,0.01,0.01,1,104057,103626,431
15775961,12.32,13.64,429,45584,0.01,0,1,104069,103640,429
15778881,22.464,12.328,442,45630,0.002,0,1,104094,103652,442
15781801,15.6928,22.4656,431,45676,0.0004,0,1,104108,103677,431
15784721,14.3386,18.0931,428,45722,8e-05,0.01,1,104122,103694,428
15787641,11.6677,12.4186,428,45768,0.056016,0.03,1,104133,103705,428
15789281,9.53354,15.2837,421,45814,0.0192032,0.03,1,104142,103721,421
15791361,14.7067,13.4567,424,45860,0.0118406,0.25,1,104158,103734,424
15794281,38.9413,34.6913,429,45906,0.0103681,0.25,1,104203,103774,429
15797201,9.38827,6.93827,431,45952,0.0100736,0.25,1,104205,103774,431
15800121,3.47765,1.38765,433,45998,0.0100147,0.16,1,104207,103774,433
15803041,6.29553,5.87753,433,46044,0.0580029,0.16,1,104214,103781,433
15805961,41.2591,1.17551,483,46090,0.0836006,1,1,104264,103781,483
15808881,145.052,15.4351,635,46136,0.0407201,0.05,1,104435,103800,635
15811801,43.4104,187.887,422,46182,0.048144,0.01,1,104453,104031,422
15814721,18.2821,47.1774,422,46228,0.0176288,0.01,1,104465,104043,422
15817641,14.8564,20.6355,422,46274,0.0115258,0.01,1,104479,104057,422
15820561,12.5713,13.7271,422,46320,0.0103052,0,1,104491,104069,422
15823481,22.5143,22.7454,422,46366,0.00206103,0,1,104516,104094,422
15826401,15.7029,15.7491,422,46411,0.000412206,0,1,104530,104108,422
15829321,15.9406,14.3498,424,46456,8.24412e-05,0.07,1,104546,104122,424
15832241,10.3881,11.67,422,46501,0.00801649,0.01,1,104555,104133,422
15835161,21.2776,9.53399,437,46546,0.0096033,0.01,1,104579,104142,437
15838081,41.0555,14.7068,467,46591,0.0259207,0.01,1,104625,104158,467
15841001,10.6111,38.9414,425,46636,0.0131841,0.01,1,104628,104203,425
15843921,3.72222,9.38827,425,46681,0.00263683,0.01,1,104630,104205,425
15846841,7.14444,3.47765,431,46726,0.0405274,0.07,1,104638,104207,431
15849761,43.8289,6.29553,477,46771,0.0481055,0.09,1,104691,104214,477
15852681,140.766,41.2591,592,46816,0.0336211,0.03,1,104856,104264,592
15855601,42.5532,145.052,439,46861,0.0307242,0.05,1,104874,104435,439
15858521,18.1106,43.4104,433,46906,0.0141448,0.01,1,104886,104453,433
15861441,14.8221,18.2821,435,46951,0.034829,0.01,1,104900,104465,435
15864361,12.5644,14.8564,433,46996,0.0149658,0.01,1,104912,104479,433
15867281,22.5129,12.5713,446,47041,0.00299316,0,1,104937,104491,446
15870201,15.7026,22.5143,435,47086,0.000598632,0,1,104951,104516,435
15873121,15.9405,15.7029,437,47131,0.000119726,0,1,104967,104530,437
15876041,10.3881,15.9406,430,47176,0.00802394,0.01,1,104976,104546,430
15878961,22.0776,10.3881,446,47221,0.00960479,0.01,1,105001,104555,446
15881881,40.4155,21.2776,467,47266,0.025921,0.03,1,105046,104579,467
15884801,12.0831,41.0555,426,47311,0.00518419,0.01,1,105051,104625,426
15887721,4.01662,10.6111,425,47356,0.0250368,0,1,105053,104628,425
15890641,2.40332,3.72222,425,47401,0.00500737,0.05,1,105055,104630,425
15893561,5.28066,7.14444,423,47445,0.00900147,0.05,1,105061,104638,423
15896481,44.2561,43.8289,424,47489,0.1058,0.03,1,105115,104691,424
15899401,140.051,140.766,423,47533,0.0291601,0.03,1,105279,104856,423
15902321,41.6102,42.5532,422,47577,0.029832,0.01,1,105296,104874,422
15905241,17.922,18.1106,422,47621,0.0139664,0.04,1,105308,104886,422
15908161,14.7844,14.8221,422,47665,0.0107933,0.01,1,105322,104900,422
15911081,12.5569,12.5644,422,47709,0.0421587,0,1,105334,104912,422
15914001,22.5114,22.5129,422,47753,0.0324317,0,1,105359,104937,422
15916921,15.7023,15.7026,422,47797,0.00648635,0,1,105373,104951,422
15919841,15.9405,15.9405,422,47841,0.00129727,0.01,1,105389,104967,422
15922761,10.3881,10.3881,422,47885,0.000259454,0.01,1,105398,104976,422
15925681,22.8776,22.0776,423,47929,5.18908e-05,0.03,1,105424,105001,423
15928601,39.7755,40.4155,422,47973,0.0240104,0,1,105468,105046,422
15931521,11.9551,12.0831,422,48017,0.00480208,0.03,1,105473,105051,422
15934441,3.99102,4.01662,422,48061,0.00896041,0,1,105475,105053,422
15937361,2.3982,2.40332,422,48105,0.00179208,0.01,1,105477,105055,422
15940281,5.27964,5.28066,422,48149,0.000358417,0.13,1,105483,105061,422
15943201,47.4559,44.2561,426,48193,0.0400717,0.01,1,105541,105115,426
15946121,137.491,140.051,422,48237,0.0160143,0.03,1,105701,105279,422
15949041,41.0982,41.6102,422,48281,0.0272029,0.01,1,105718,105296,422
15951961,17.8196,17.922,422,48325,0.0134406,0.01,1,105730,105308,422
15954881,14.7639,14.7844,422,48369,0.0106881,0.05,1,105744,105322,422
15957801,12.5528,12.5569,422,48413,0.0101376,0.03,1,105756,105334,422
15960721,22.5106,22.5114,422,48457,0.0260275,0,1,105781,105359,422
15963641,15.7021,15.7023,422,48500,0.00520551,0,1,105795,105373,422
15966561,15.9404,15.9405,422,48543,0.0010411,0,1,105811,105389,422
15969481,10.3881,10.3881,422,48586,0.00820822,0,1,105820,105398,422
15972401,22.8776,22.8776,422,48629,0.00164164,0.03,1,105846,105424,422
15975321,39.7755,39.7755,422,48672,0.0243283,0,1,105890,105468,422
15978241,11.9551,11.9551,422,48715,0.00486567,0.01,1,105895,105473,422
15981161,3.99102,3.99102,422,48758,0.00897313,0,1,105897,105475,422
15984081,2.3982,2.3982,422,48801,0.00179463,0,1,105899,105477,422
15987001,5.27964,5.27964,422,48844,0.000358925,0,1,105905,105483,422
15989921,47.4559,1.05593,480,48887,0.0720718,0.05,1,105963,105483,480
15992841,136.691,46.6112,581,48930,0.0384144,0.01,1,106122,105541,581
15995761,40.9382,137.322,438,48973,0.0156829,0.03,1,106139,105701,438
15998681,17.7876,41.0644,433,49016,0.0111366,0.01,1,106151,105718,433
16001601,14.7575,17.8129,435,49059,0.0262273,0.01,1,106165,105730,435
16004521,12.5515,14.7626,433,49102,0.0132455,0.01,1,106177,105744,433
16007441,22.5103,12.5525,446,49145,0.00264909,0.03,1,106202,105756,446
16010361,15.7021,22.5105,435,49188,0.000529818,0,1,106216,105781,435
16013281,15.9404,15.7021,437,49231,0.000105964,0,1,106232,105795,437
16016201,10.3881,15.9404,430,49274,0.0240212,0.01,1,106241,105811,430
16019121,22.8776,10.3881,447,49317,0.0128042,0,1,106267,105820,447
16022041,39.7755,22.8776,465,49360,0.0265608,0.03,1,106311,105846,465
16024961,11.9551,39.7755,426,49403,0.00531217,0,1,106316,105890,426
16027881,3.99102,11.9551,423,49446,0.0250624,0.01,1,106318,105895,423
16030801,2.3982,3.99102,423,49489,0.00501249,0,1,106320,105897,423
16033721,6.07964,2.3982,428,49532,0.0250025,0,1,106327,105899,428
16036641,50.0159,5.27964,483,49575,0.0290005,0.09,1,106388,105905,483
16039561,134.003,47.4559,580,49617,0.0298001,0.03,1,106543,105963,580
16042481,40.4006,136.691,438,49659,0.02996,0.01,1,106560,106122,438
16045401,17.6801,40.9382,433,49701,0.013992,0.01,1,106572,106139,433
16048321,14.736,17.7876,435,49743,0.0267984,0.03,1,106586,106151,435
16051241,12.5472,14.7575,433,49785,0.0133597,0.01,1,106598,106165,433
16054161,22.5094,12.5515,446,49827,0.00267194,0,1,106623,106177,446
16057081,15.7019,22.5103,435,49869,0.000534387,0,1,106637,106202,435
16060001,15.9404,15.7021,437,49911,0.000106877,0,1,106653,106216,437
16062921,10.3881,15.9404,430,49953,0.0240214,0.03,1,106662,106232,430
16065841,22.8776,10.3881,447,49995,0.0288043,0.01,1,106688,106241,447
16068761,39.7755,22.8776,465,50037,0.0457609,0.03,1,106732,106267,465
16071681,11.9551,39.7755,426,50079,0.00915217,0,1,106737,106311,426
16074601,3.99102,11.9551,423,50121,0.00183043,0.03,1,106739,106316,423
16077521,2.3982,3.99102,423,50163,0.00836609,0,1,106741,106318,423
16080441,6.07964,2.3982,428,50205,0.0416732,0.03,1,106748,106320,428
16083361,50.8159,6.07964,483,50247,0.0323346,0.03,1,106810,106327,483
16086281,134.163,50.0159,577,50289,0.0624669,0.03,1,106965,106388,577
16089201,28.4326,134.003,424,50331,0.0684934,0.03,1,106967,106543,424
16092121,17.6865,40.4006,422,50373,0.0536987,0.01,1,106982,106560,422
16095041,13.1373,17.6801,422,50415,0.0187397,0.03,1,106994,106572,422
16097961,13.8275,14.736,422,50457,0.0117479,0.01,1,107008,106586,422
16100881,12.3655,12.5472,422,50499,0.0103496,0,1,107020,106598,422
16103801,22.4731,22.5094,422,50541,0.0260699,0,1,107045,106623,422
16106721,15.6946,15.7019,422,50583,0.00521398,0,1,107059,106637,422
16109641,15.9389,15.9404,422,50625,0.0010428,0.03,1,107075,106653,422
16112561,10.3878,10.3881,422,50667,0.00820856,0.03,1,107084,106662,422
16115481,23.6776,22.8776,423,50709,0.00964171,0.05,1,107111,106688,423
16118401,39.1355,39.7755,422,50751,0.00992834,0,1,107154,106732,422
16121321,12.6271,11.9551,423,50793,0.00198567,0,1,107160,106737,423
16124241,4.12542,3.99102,423,50834,0.00839713,0.01,1,107162,106739,423
16127161,2.42508,2.3982,423,50875,0.00167943,0.05,1,107164,106741,423
16130081,6.08502,6.07964,423,50916,0.0243359,0.03,1,107171,106748,423
16133001,50.817,50.8159,423,50957,0.0448672,0.07,1,107233,106810,423
16135921,134.163,134.163,423,50998,0.0329734,0.07,1,107388,106965,423
16138841,28.4327,28.4326,423,51039,0.0625947,0.05,1,107390,106967,423
16141761,16.8865,17.6865,422,51080,0.0685189,0.01,1,107404,106982,422
16144681,12.9773,13.1373,422,51121,0.0377038,0.01,1,107416,106994,422
16147601,13.7955,13.8275,422,51162,0.0155408,0.01,1,107430,107008,422
16150521,12.3591,12.3655,422,51203,0.0111082,0.03,1,107442,107020,422
16153441,22.4718,22.4731,422,51244,0.0262216,0,1,107467,107045,422
16156361,15.6944,15.6946,422,51285,0.00524433,0,1,107481,107059,422
16159281,15.9389,15.9389,422,51326,0.00104887,0.01,1,107497,107075,422
16162201,10.3878,10.3878,422,51367,0.00820977,0.01,1,107506,107084,422
16165121,23.6776,23.6776,422,51408,0.00964195,0.01,1,107533,107111,422
16168041,39.1355,39.1355,422,51449,0.0259284,0,1,107576,107154,422
16170961,12.6271,12.6271,422,51490,0.00518568,0.01,1,107582,107160,422
16173881,4.12542,4.12542,422,51531,0.00903714,0,1,107584,107162,422
16176801,2.42508,2.42508,422,51572,0.00180743,0.03,1,107586,107164,422
16179721,6.08502,6.08502,422,51613,0.0243615,0.05,1,107593,107171,422
16182641,50.817,50.817,422,51654,0.0288723,0.03,1,107655,107233,422
16185561,134.963,134.163,423,51695,0.0297745,0.07,1,107811,107388,423
16188481,28.5927,28.4327,423,51736,0.0459549,0.07,1,107813,107390,423
16191401,16.1185,16.8865,422,51777,0.065191,0.07,1,107826,107404,422
16194321,12.0237,3.37731,433,51818,0.0530382,0.03,1,107837,107404,433
16197241,13.6047,10.2755,435,51859,0.0346076,0.01,1,107851,107416,435
16200161,12.3209,13.2551,433,51900,0.0149215,0.01,1,107863,107430,433
16203081,22.4642,12.251,446,51941,0.00298431,0.03,1,107888,107442,446
16206001,15.6928,22.4502,435,51982,0.000596861,0,1,107902,107467,435
16208921,15.9386,15.69,437,52023,0.000119372,0,1,107918,107481,437
16211841,10.3877,15.938,430,52063,0.0240239,0.01,1,107927,107497,430
16214761,23.6775,10.3876,448,52103,0.0288048,0.01,1,107954,107506,448
16217681,39.1355,23.6775,464,52143,0.029761,0.03,1,107997,107533,464
16220601,12.6271,39.1355,427,52183,0.00595219,0,1,108003,107576,427
16223521,4.12542,12.6271,423,52223,0.0251904,0.01,1,108005,107582,423
16226441,2.42508,4.12542,423,52263,0.00503809,0,1,108007,107584,423
16229361,6.08502,2.42508,428,52303,0.0250076,0.03,1,108014,107586,428
16232281,51.617,6.08502,484,52343,0.0290015,0.03,1,108077,107593,484
16235201,135.923,50.817,579,52383,0.0138003,0.03,1,108234,107655,579
16238121,28.7847,134.963,425,52423,0.0107601,0.05,1,108236,107811,425
16241041,15.3569,28.5927,435,52463,0.026152,0.07,1,108248,107813,435
16243961,11.0714,16.1185,432,52503,0.0292304,0.05,1,108258,107826,432
16246881,13.4143,12.0237,435,52543,0.0298461,0.03,1,108272,107837,435
16249801,12.2829,13.6047,433,52583,0.0539692,0.01,1,108284,107851,433
16252721,22.4566,12.3209,446,52623,0.0107938,0,1,108309,107863,446
16255641,15.6913,22.4642,435,52663,0.00215877,0,1,108323,107888,435
16258561,15.9383,15.6928,437,52703,0.000431754,0,1,108339,107902,437
16261481,10.3877,15.9386,430,52743,0.0240864,0.03,1,108348,107918,430
16264401,23.6775,10.3877,448,52783,0.0288173,0.03,1,108375,107927,448
16267321,39.1355,23.6775,464,52823,0.0617635,0.03,1,108418,107954,464
16270241,12.6271,39.1355,427,52863,0.0363527,0,1,108424,107997,427
16273161,4.12542,12.6271,423,52903,0.00727054,0.03,1,108426,108003,423
16276081,2.42508,4.12542,423,52943,0.00945411,0,1,108428,108005,423
16279001,6.08502,2.42508,428,52983,0.0258908,0.03,1,108435,108007,428
16281921,52.417,6.08502,485,53023,0.0291782,0.03,1,108499,108014,485
16284841,136.083,51.617,579,53063,0.0458356,0.01,1,108656,108077,579
16287761,28.8167,135.923,424,53103,0.0171671,0.01,1,108658,108234,424
16290681,15.3633,28.7847,434,53143,0.0274334,0.03,1,108670,108236,434
16293601,10.2727,15.3569,431,53183,0.0614867,0.03,1,108679,108248,431
16296521,14.0545,11.0714,436,53223,0.0202973,0.03,1,108694,108258,436
16299441,4.41091,13.4143,424,53263,0.00405947,0.06,1,108696,108272,424
16302361,8.88218,12.2829,422,53303,0.00881189,0,1,108706,108284,422
16305281,21.7764,22.4566,422,53342,0.0257624,0,1,108731,108309,422
16308201,15.5553,15.6913,422,53381,0.00515248,0,1,108745,108323,422
16311121,15.9111,15.9383,422,53420,0.0010305,0.03,1,108761,108339,422
16314041,10.3822,10.3877,422,53459,0.0082061,0.03,1,108770,108348,422
16316961,24.4764,23.6775,423,53498,0.00164122,0.07,1,108798,108375,423
16319881,38.4953,39.1355,422,53537,0.0243282,0.03,1,108840,108418,422
16322801,12.4991,12.6271,422,53576,0.0288657,0,1,108846,108424,422
16325721,4.09981,4.12542,422,53615,0.0297731,0.01,1,108848,108426,422
16328641,2.41996,2.42508,422,53654,0.00595463,0.03,1,108850,108428,422
16331561,6.88399,6.08502,423,53693,0.00919093,0.03,1,108858,108435,423
16334481,52.5768,52.417,423,53732,0.0418382,0.05,1,108922,108499,423
16337401,136.115,136.083,423,53771,0.0323676,0.01,1,109079,108656,423
16340321,28.8231,28.8167,423,53810,0.0304735,0.03,1,109081,108658,423
16343241,16.1646,15.3633,424,53849,0.0300947,0.07,1,109094,108670,424
16346161,8.83292,10.2727,422,53888,0.0460189,0.01,1,109101,108679,422
16349081,13.7666,14.0545,422,53927,0.0172038,0,1,109116,108694,422
16352001,4.35332,4.41091,422,53966,0.00344076,0.01,1,109118,108696,422
16354921,8.87066,8.88218,422,54005,0.00868815,0.03,1,109128,108706,422
16357841,21.7741,21.7764,422,54044,0.0257376,0,1,109153,108731,422
16360761,15.5548,15.5553,422,54083,0.00514753,0,1,109167,108745,422
16363681,15.911,15.9111,422,54122,0.00102951,0.01,1,109183,108761,422
16366601,10.3822,10.3822,422,54161,0.0082059,0,1,109192,108770,422
16369521,24.4764,24.4764,422,54200,0.0256412,0.03,1,109220,108798,422
16372441,38.4953,38.4953,422,54239,0.0291282,0.03,1,109262,108840,422
16375361,12.4991,12.4991,422,54278,0.0458256,0.03,1,109268,108846,422
16378281,4.09981,4.09981,422,54317,0.0491651,0,1,109270,108848,422
16381201,2.41996,2.41996,422,54356,0.017833,0.01,1,109272,108850,422
16384121,6.88399,6.88399,422,54395,0.0115666,0.05,1,109280,108858,422
16387041,52.5768,52.5768,422,54434,0.0263133,0.03,1,109344,108922,422
16389961,136.115,136.115,422,54473,0.0772627,0.03,1,109501,109079,422
16392881,28.8231,28.8231,422,54512,0.0874525,0.03,1,109503,109081,422
16395801,16.9646,16.1646,423,54551,0.0574905,0.05,1,109517,109094,423
16398721,8.19292,8.83292,422,54590,0.0514981,0.01,1,109523,109101,422
16401641,13.6386,13.7666,422,54629,0.0182996,0,1,109538,109116,422
16404561,4.32772,4.35332,422,54668,0.00365992,0.01,1,109540,109118,422
16407481,8.86554,8.87066,422,54706,0.00873199,0.01,1,109550,109128,422
16410401,20.9731,1.77413,446,54744,0.0017464,0.03,1,109574,109128,446
16413321,15.3946,20.3548,435,54782,0.000349279,0,1,109588,109153,435
16416241,15.8789,15.271,437,54820,6.98559e-05,0,1,109604,109167,437
16419161,10.3758,15.8542,430,54858,0.024014,0.01,1,109613,109183,430
16422081,24.4752,10.3708,449,54896,0.0128028,0.03,1,109641,109192,449
16425001,38.495,24.4742,463,54934,0.0265606,0.03,1,109683,109220,463
16427921,12.499,38.4948,427,54972,0.0293121,0.05,1,109689,109262,427
16430841,4.0998,12.499,423,55010,0.0298624,0.05,1,109691,109268,423
16433761,2.41996,4.09979,423,55048,0.0299725,0.01,1,109693,109270,423
16436681,6.88399,2.41996,429,55086,0.0139945,0.01,1,109701,109272,429
16439601,53.3768,6.88399,486,55124,0.0267989,0.03,1,109766,109280,486
16442521,137.075,52.5768,580,55162,0.0613598,0.09,1,109924,109344,580
16445441,29.0151,136.115,425,55200,0.068272,0.09,1,109926,109501,425
16448361,17.803,28.8231,438,55238,0.0536544,0.05,1,109941,109503,438
16451281,6.7606,16.9646,428,55276,0.0507309,0.05,1,109945,109517,428
16454201,12.5521,8.19292,436,55314,0.0501462,0.01,1,109959,109523,436
16457121,4.11042,13.6386,423,55352,0.0180292,0,1,109961,109538,423
16460041,8.82208,4.32772,431,55390,0.0116058,0.01,1,109971,109540,431
16462961,20.9644,8.86554,445,55428,0.00232117,0,1,109995,109550,445
16465881,15.3929,20.9731,435,55466,0.000464234,0,1,110009,109574,435
16468801,15.8786,15.3946,437,55504,9.28468e-05,0,1,110025,109588,437
16471721,10.3757,15.8789,430,55542,0.0240186,0.03,1,110034,109604,430
16474641,24.4751,10.3758,449,55580,0.0128037,0.01,1,110062,109613,449
16477561,39.295,24.4752,464,55618,0.0265607,0.03,1,110105,109641,464
16480481,11.859,38.495,427,55656,0.0453121,0.03,1,110110,109683,427
16483401,3.9718,12.499,423,55694,0.0490624,0.03,1,110112,109689,423
16486321,2.39436,4.0998,423,55732,0.0178125,0.03,1,110114,109691,423
16489241,6.87887,2.41996,429,55770,0.0115625,0.01,1,110122,109693,429
16492161,54.1758,6.88399,487,55808,0.0263125,0.03,1,110188,109701,487
16495081,138.835,53.3768,582,55846,0.0452625,0.07,1,110348,109766,582
16498001,29.367,137.075,426,55884,0.0490525,0.07,1,110350,109924,426
16500921,17.0734,29.0151,438,55922,0.0498105,0.05,1,110364,109926,438
16503841,6.61468,17.803,427,55960,0.0499621,0.05,1,110368,109941,427
16506761,10.9229,6.7606,435,55998,0.0499924,0.05,1,110380,109945,435
16509681,4.58459,12.5521,424,56036,0.0499985,0.01,1,110383,109959,424
16512601,8.11692,4.11042,431,56074,0.0179997,0.01,1,110392,109961,431
16515521,20.8234,8.82208,445,56112,0.00359994,0,1,110416,109971,445
16518441,15.3647,20.9644,435,56149,0.000719988,0,1,110430,109995,435
16521361,4.67294,15.3929,423,56186,0.136144,0,1,110432,110009,423
16524281,12.9346,15.8786,422,56223,0.0272288,0.03,1,110447,110025,422
16527201,9.78692,10.3757,422,56260,0.0134458,0.01,1,110456,110034,422
16530121,25.1574,24.4751,423,56297,0.0266892,0.03,1,110485,110062,423
16533041,39.4315,39.295,423,56334,0.0293378,0.05,1,110528,110105,423
16535961,11.0863,11.859,422,56371,0.0298676,0.05,1,110532,110110,422
16538881,3.81726,3.9718,422,56408,0.0299735,0.01,1,110534,110112,422
16541801,2.36345,2.39436,422,56445,0.0299947,0.01,1,110536,110114,422
16544721,7.67269,6.87887,423,56482,0.0299989,0.03,1,110545,110122,423
16547641,54.3345,54.1758,423,56519,0.0619998,0.05,1,110611,110188,423
16550561,139.667,138.835,424,56556,0.0844,0.05,1,110772,110348,424
16553481,29.5334,29.367,424,56593,0.08888,0.05,1,110774,110350,424
16556401,17.1067,17.0734,424,56630,0.089776,0.05,1,110788,110364,424
16559321,6.62133,6.61468,424,56667,0.0899552,0.05,1,110792,110368,424
16562241,9.32427,10.9229,422,56704,0.057991,0.05,1,110802,110380,422
16565161,4.26485,4.58459,422,56741,0.0675982,0.01,1,110805,110383,422
16568081,8.05297,8.11692,422,56778,0.0215196,0,1,110814,110392,422
16571001,20.8106,20.8234,422,56815,0.00430393,0,1,110838,110416,422
16573921,15.3621,15.3647,422,56852,0.0248608,0.17,1,110852,110430,422
16576841,4.67242,4.67294,422,56889,0.0449722,0,1,110854,110432,422
16579761,12.9345,12.9346,422,56926,0.0169944,0.01,1,110869,110447,422
16582681,9.7869,9.78692,422,56963,0.0113989,0.03,1,110878,110456,422
16585601,25.1574,25.1574,422,57000,0.0102798,0.03,1,110907,110485,422
16588521,39.4315,39.4315,422,57037,0.026056,0.03,1,110950,110528,422
16591441,11.0863,11.0863,422,57074,0.0292112,0.03,1,110954,110532,422
16594361,3.81726,3.81726,422,57111,0.0298422,0.03,1,110956,110534,422
16597281,2.36345,2.36345,422,57148,0.0299684,0.03,1,110958,110536,422
16600201,7.67269,7.67269,422,57185,0.0299937,0.07,1,110967,110545,422
16603121,55.1345,54.3345,423,57222,0.0619987,0.09,1,111034,110611,423
16606041,140.627,139.667,424,57259,0.1324,0.09,1,111196,110772,424
16608961,29.7254,29.5334,424,57296,0.14648,0.09,1,111198,110774,424
16611881,17.1451,17.1067,424,57333,0.149296,0.09,1,111212,110788,424
16614801,6.62901,6.62133,424,57370,0.149859,0.05,1,111216,110792,424
16617721,7.7258,9.32427,422,57407,0.149972,0.07,1,111224,110802,422
16620641,3.94516,4.26485,422,57444,0.165994,0.01,1,111227,110805,422
16623561,7.98903,8.05297,422,57481,0.121199,0,1,111236,110814,422
16626481,20.7978,20.8106,422,57518,0.0242398,0.03,1,111260,110838,422
16629401,17.7596,15.3621,425,57555,0.044848,0.05,1,111277,110852,425
16632321,5.15191,4.67242,425,57592,0.0649696,0.01,1,111279,110854,425
16635241,10.6304,12.9345,422,57629,0.132994,0.01,1,111291,110869,422
16638161,8.52608,2.5869,430,57665,0.114599,0.01,1,111299,110869,430
16641081,24.9052,7.71738,450,57701,0.0469198,0.01,1,111328,110878,450
16644001,39.381,24.7435,464,57737,0.017384,0.03,1,111371,110907,464
16646921,11.0762,39.3487,425,57773,0.0114768,0.03,1,111375,110950,425
16649841,3.81524,11.0697,423,57809,0.0102954,0.03,1,111377,110954,423
16652761,2.36305,3.81395,423,57845,0.0100591,0.03,1,111379,110956,423
16655681,7.67261,2.36279,430,57881,0.0420118,0.03,1,111388,110958,430
16658601,55.9345,7.67256,489,57917,0.0324024,0.07,1,111456,110967,489
16661521,145.587,55.1345,590,57953,0.0784805,0.15,1,111624,111034,590
16664441,30.7174,140.627,430,57989,0.0876961,0.15,1,111626,111196,430
16667361,17.3435,29.7254,442,58025,0.0895392,0.15,1,111640,111198,442
16670281,6.66869,17.1451,432,58061,0.0899078,0.15,1,111644,111212,432
16673201,6.13374,6.62901,434,58097,0.0899816,0.15,1,111650,111216,434
16676121,2.82675,7.7258,428,58133,0.0899963,0.17,1,111652,111224,428
16679041,4.56535,3.94516,430,58169,0.0739993,0.11,1,111657,111227,430
16681961,20.1131,7.98903,445,58205,0.0147999,0,1,111681,111236,445
16684881,23.2226,20.7978,445,58241,0.09096,0.05,1,111705,111260,445
16687801,6.24452,17.7596,430,58277,0.122192,0.07,1,111707,111277,430
16690721,7.6489,5.15191,436,58313,0.192438,0.15,1,111715,111279,436
16693641,6.32978,10.6304,430,58349,0.206488,0.11,1,111721,111291,430
16696561,23.666,8.52608,450,58385,0.113298,0.03,1,111749,111299,450
16699481,39.9332,24.9052,465,58421,0.0466595,0.01,1,111793,111328,465
16702401,11.1866,39.381,426,58457,0.0333319,0.01,1,111797,111371,426
16705321,3.83733,11.0762,424,58493,0.0306664,0.01,1,111799,111375,424
16708241,2.36747,3.81524,424,58529,0.00613328,0.01,1,111801,111377,424
16711161,6.87349,2.36305,430,58565,0.0252267,0.05,1,111809,111379,430
16714081,56.5747,7.67261,490,58601,0.0450453,0.03,1,111878,111388,490
16717001,148.115,55.9345,593,58637,0.0970091,0.09,1,112049,111456,593
16719921,31.223,145.587,427,58673,0.107402,0.09,1,112051,111624,427
16722841,17.4446,30.7174,439,58709,0.10948,0.09,1,112065,111626,439
16725761,6.68892,17.3435,429,58745,0.109896,0.09,1,112069,111640,429
16728681,6.13778,6.66869,431,58781,0.109979,0.09,1,112075,111644,431
16731601,3.62756,6.13374,428,58817,0.125996,0.09,1,112078,111650,428
16734521,3.92551,2.82675,430,58853,0.129199,0.07,1,112082,111652,430
16737441,16.7851,4.56535,445,58889,0.0258398,0,1,112102,111657,445
16740361,30.557,20.1131,455,58925,0.189168,0.11,1,112136,111681,455
16743281,7.7114,23.2226,433,58961,0.237834,0.13,1,112138,111705,433
16746201,7.94228,6.24452,439,58997,0.311567,0.21,1,112146,111707,439
16749121,6.38846,7.6489,437,59033,0.326313,0.21,1,112152,111715,437
16752041,16.4777,6.32978,450,59069,0.345263,0.09,1,112171,111721,450
16754961,4.89554,23.666,424,59105,0.349053,0.03,1,112173,111749,424
16757881,34.5791,39.9332,422,59141,0.0938105,0.03,1,112215,111793,422
16760801,10.9158,11.1866,423,59177,0.0587621,0.03,1,112220,111797,423
16763721,3.78316,3.83733,423,59213,0.0197524,0,1,112222,111799,423
16766641,2.35663,2.36747,423,59248,0.0119505,0.03,1,112224,111801,423
16769561,6.07133,6.87349,422,59283,0.0263901,0.05,1,112231,111809,422
16772481,58.0143,56.5747,424,59318,0.061278,0.11,1,112302,111878,424
16775401,150.803,148.115,427,59353,0.132256,0.11,1,112476,112049,427
16778321,31.7606,31.223,427,59388,0.146451,0.11,1,112478,112051,427
16781241,17.5521,17.4446,427,59423,0.14929,0.11,1,112492,112065,427
16784161,6.71042,6.68892,427,59458,0.149858,0.11,1,112496,112069,427
16787081,6.14208,6.13778,427,59493,0.133972,0.13,1,112502,112075,427
16790001,2.82842,3.62756,426,59528,0.162794,0.13,1,112504,112078,426
16792921,3.76568,3.92551,426,59563,0.168559,0,1,112508,112082,426
16795841,13.5531,16.7851,422,59598,0.105712,0.23,1,112524,112102,422
16798761,42.7106,30.557,438,59633,0.333142,0.25,1,112574,112136,438
16801681,10.1421,7.7114,438,59668,0.394628,0.33,1,112576,112138,438
16804601,8.42842,7.94228,438,59703,0.422926,0.33,1,112584,112146,438
16807521,6.48569,6.38846,438,59738,0.428585,0.35,1,112590,112152,438
16810441,15.6971,16.4777,437,59773,0.429717,0.35,1,112608,112171,437
16813361,4.73943,4.89554,437,59808,0.429943,0.03,1,112610,112173,437
16816281,22.5479,34.5791,422,59843,0.461989,0.05,1,112637,112215,422
16819201,8.50958,10.9158,422,59878,0.452398,0.01,1,112642,112220,422
16822121,3.30192,3.78316,422,59913,0.45048,0.01,1,112644,112222,422
16825041,2.26038,2.35663,422,59948,0.450096,0.03,1,112646,112224,422
16827961,6.05208,6.07133,422,59983,0.450019,0.07,1,112653,112231,422
16830881,58.8104,58.0143,423,60018,0.354004,0.15,1,112725,112302,423
16833801,154.162,150.803,427,60053,0.462801,0.15,1,112903,112476,427
16836721,32.4324,31.7606,427,60088,0.51656,0.15,1,112905,112478,427
16839641,18.4865,17.5521,428,60123,0.511312,0.15,1,112920,112492,428
16842561,6.8973,6.71042,428,60158,0.510262,0.13,1,112924,112496,428
16845481,6.17946,6.14208,428,60193,0.510052,0.17,1,112930,112502,428
16848401,2.83589,2.82842,428,60228,0.51001,0.17,1,112932,112504,428
16851321,3.76718,3.76568,428,60263,0.510002,0.09,1,112936,112508,428
16854241,10.3534,13.5531,424,60298,0.51,0.39,1,112948,112524,424
16857161,57.2707,42.7106,443,60333,0.598,0.41,1,113017,112574,443
16860081,13.0541,10.1421,443,60368,0.5836,0.43,1,113019,112576,443
16863001,9.01083,8.42842,443,60403,0.62072,0.43,1,113027,112584,443
16865921,6.60217,6.48569,443,60438,0.668144,0.43,1,113033,112590,443
16868841,16.5204,15.6971,444,60473,0.709629,0.43,1,113052,112608,444
16871761,4.90409,4.73943,444,60508,0.725926,0.47,1,113054,112610,444
16874681,21.7808,22.5479,443,60543,0.681185,0.47,1,113080,112637,443
16877601,7.55616,4.50958,447,60578,0.672237,0.45,1,113084,112637,447
16880521,3.11123,4.90192,444,60613,0.670447,0.45,1,113086,112642,444
16883441,2.22225,2.58038,444,60648,0.702089,0.45,1,113088,112644,444
16886361,5.24445,2.11608,448,60683,0.676418,0.45,1,113094,112646,448
16889281,54.6489,6.02322,508,60718,0.687284,0.33,1,113161,112653,508
16892201,160.53,58.8046,623,60753,0.673457,0.49,1,113348,112725,623
16895121,33.706,154.161,447,60788,0.670691,0.53,1,113350,112903,447
16898041,19.5412,32.4322,461,60823,0.670138,0.51,1,113366,112905,461
16900961,7.10824,18.4864,450,60858,0.686028,0.51,1,113370,112920,450
16903881,6.22165,6.89729,452,60893,0.689206,0.51,1,113376,112924,452
16906801,2.84433,6.17946,448,60928,0.689841,0.51,1,113378,112930,448
16909721,3.76887,2.83589,450,60962,0.689968,0.51,1,113382,112932,450
16912641,10.3538,3.76718,458,60996,0.689994,0.51,1,113394,112936,458
16915561,61.2708,10.3534,520,61030,0.617999,0.62,1,113468,112948,520
16918481,15.4542,57.2707,455,61064,0.6596,0.58,1,113472,113017,455
16921401,10.2908,13.0541,462,61098,0.68392,0.63,1,113481,113019,462
16924321,7.65817,9.01083,461,61132,0.752784,0.68,2,113488,113027,461
16927241,15.9316,6.60217,473,61166,0.734557,0.72,1,113506,113033,473
16930161,4.78633,16.5204,456,61200,0.730911,0.73,1,113508,113052,456
16933081,21.7573,4.90409,480,61234,0.746182,0.67,1,113534,113054,480
16936001,7.55145,21.7808,458,61268,0.749236,0.67,1,113538,113080,458
16938921,3.11029,7.55616,456,61302,0.749847,0.67,1,113540,113084,456
16941841,2.22206,3.11123,456,61336,0.749969,0.71,1,113542,113086,456
16944761,5.24441,2.22225,460,61370,0.749994,0.67,1,113548,113088,460
16947681,53.8489,5.24445,520,61404,0.765999,0.69,2,113614,113094,520
16950601,161.17,54.6489,641,61438,0.7852,0.67,2,113802,113161,641
16953521,33.834,160.53,456,61472,0.78904,0.67,2,113804,113348,456
16956441,20.3668,33.706,471,61506,0.789808,0.67,2,113821,113350,471
16959361,7.27336,19.5412,459,61540,0.789962,0.69,2,113825,113366,459
16962281,6.25467,7.10824,461,61574,0.789992,0.69,2,113831,113370,461
16965201,2.85093,6.22165,457,61608,0.789998,0.69,2,113833,113376,457
16968121,3.77019,2.84433,459,61642,0.79,0.69,2,113837,113378,459
16971041,10.354,3.76887,467,61676,0.79,0.69,2,113849,113382,467
16973961,61.2708,10.3538,529,61710,0.71,0.6,1,113923,113394,529
16976881,13.8542,61.2708,457,61744,0.662,0.67,1,113925,113468,457
16979801,13.9708,15.4542,467,61778,0.6924,0.69,1,113939,113472,467
16982721,7.59417,10.2908,464,61812,0.65848,0.77,1,113945,113481,464
16985641,16.7188,7.65817,476,61846,0.771696,0.73,2,113964,113488,476
16988561,4.94377,15.9316,460,61880,0.794339,0.73,2,113966,113506,460
16991481,21.7888,4.78633,484,61914,0.806868,0.75,2,113992,113508,484
16994401,7.55775,21.7573,462,61948,0.809374,0.75,2,113996,113534,462
16997321,3.11155,7.55145,460,61982,0.809875,0.75,2,113998,113538,460
17000241,2.22231,3.11029,460,62016,0.809975,0.75,2,114000,113540,460
17003161,2.04446,2.22206,460,62050,0.809995,0.75,2,114002,113542,460
17006081,5.20889,5.24441,460,62084,0.809999,0.77,2,114008,113548,460
17009001,53.8418,53.8489,460,62118,0.858,0.79,2,114074,113614,460
17011921,162.768,161.17,462,62152,0.8996,0.79,2,114264,113802,462
17014841,34.1537,33.834,462,62186,0.90792,0.79,2,114266,113804,462
17017761,19.6307,20.3668,461,62220,0.925584,0.79,2,114282,113821,461
17020681,7.12615,7.27336,461,62254,0.929117,0.79,2,114286,113825,461
17023601,6.22523,6.25467,461,62288,0.897823,0.79,2,114292,113831,461
17026521,2.84505,2.85093,461,62322,0.923565,0.79,2,114294,113833,461
17029441,3.76901,3.77019,461,62356,0.928713,0.79,2,114298,113837,461
17032361,10.3538,10.354,461,62390,0.929743,0.69,2,114310,113849,461
17035281,59.6708,61.2708,459,62424,0.873949,0.65,2,114382,113923,459
17038201,13.5342,13.8542,459,62458,0.83079,0.7,2,114384,113925,459
17041121,15.5068,13.9708,461,62492,0.878158,0.65,2,114400,113939,461
17044041,7.90137,7.59417,461,62526,0.855632,0.8,2,114406,113945,461
17046961,16.7803,16.7188,461,62560,0.883126,0.8,2,114425,113964,461
17049881,4.95605,4.94377,461,62594,0.888625,0.81,2,114427,113966,461
17052801,22.5912,21.7888,462,62628,0.913725,0.81,2,114454,113992,462
17055721,7.71824,7.55775,462,62662,0.918745,0.81,2,114458,113996,462
17058641,3.14365,3.11155,462,62696,0.919749,0.81,2,114460,113998,462
17061561,2.22873,2.22231,462,62729,0.91995,0.81,2,114462,114000,462
17064481,2.04575,2.04446,462,62762,0.92799,0.81,2,114464,114002,462
17067401,5.20915,5.20889,462,62795,0.929598,0.87,2,114470,114008,462
17102441,18,16,461,63191,0.96,0.85,2,114861,114400,461
17163761,23,2,489,63884,0.89,0.96,2,115332,114843,489
17166681,9.4,14.8,477,63917,0.978,0.93,2,115338,114861,477
17435321,13,14,492,66874,0.91,1,2,117328,116836,492
17438241,9.8,10,492,66905,0.878,1,2,117337,116845,492
17441161,9.96,7.6,495,66936,0.8796,1,2,117347,116852,495
17444081,5.192,5.52,494,66967,0.91192,1,2,117351,116857,494
17447001,21.8384,5.104,515,66998,0.894384,1,2,117377,116862,515
17449921,29.1677,38.6208,499,67029,0.842877,1,2,117408,116909,499
17452841,129.034,18.9242,639,67060,0.432575,1,1,117562,116923,639
17455761,37.0067,140.585,482,67091,0.350515,1,1,117576,117094,482
17458681,15.4013,36.117,482,67122,0.254103,1,1,117586,117104,482
17461601,11.8803,15.2234,483,67153,0.250821,1,1,117597,117114,483
17464521,11.9761,11.0447,485,67184,0.186164,1,1,117609,117124,485
17467441,12.7952,11.8089,486,67215,0.0772328,1,1,117622,117136,486
17470361,8.15904,8.76179,485,67246,0.0554466,1,1,117629,117144,485
17473281,6.43181,6.55236,485,67277,0.0830893,1,1,117635,117150,485
17476201,42.8864,6.11047,531,67308,0.200618,0.96,1,117687,117156,531
17479121,14.9773,46.8221,482,67339,0.104124,1,1,117695,117213,482
17482041,10.1955,18.1644,480,67370,0.292825,1,1,117704,117224,480
17484961,13.2391,10.0329,486,67401,0.338565,1,1,117718,117232,486
17487881,7.44782,12.4066,479,67432,0.307713,1,1,117724,117245,479
17490801,10.2896,8.08132,483,67463,0.357543,1,1,117735,117252,483
17493721,31.6579,11.2163,508,67494,0.319509,0.98,1,117772,117264,508
17496641,14.3316,33.4433,479,67525,0.311902,0.93,1,117782,117303,479
17499561,12.4663,16.2887,479,67556,0.32638,0.91,1,117794,117315,479
17502481,9.69326,13.6577,475,67587,0.345276,0.87,1,117803,117328,475
17505401,9.93865,9.93155,476,67618,0.349055,0.88,1,117813,117337,476
17508321,5.18773,9.98631,470,67649,0.349811,0.92,1,117817,117347,470
17511241,21.0375,5.19726,491,67680,0.413962,0.89,1,117842,117351,491
17514161,26.6075,21.8395,493,67711,0.394792,0.83,1,117870,117377,493
17517081,108.522,29.1679,591,67742,0.246959,0.33,1,117999,117408,591
17520001,28.9043,129.034,446,67773,0.233392,0.33,1,118008,117562,446
17522921,13.7809,37.0067,442,67804,0.214678,0.23,1,118018,117576,442
17525841,8.35617,15.4013,439,67835,0.226936,0.25,1,118025,117586,439
17528761,3.27123,11.8803,430,67866,0.229387,0.17,1,118027,117597,430
17531681,5.45425,11.9761,424,67897,0.197877,0.05,1,118033,117609,424
17534601,11.4908,12.7952,424,67928,0.207576,0.05,1,118046,117622,424
17537521,7.89817,8.15904,424,67959,0.225515,0.09,1,118053,117629,424
17540441,5.57963,6.43181,423,67990,0.261103,0.23,1,118058,117635,423
17543361,43.5159,42.8864,424,68021,0.132221,0.08,1,118111,117687,424
17546281,27.9032,14.9773,440,68052,0.114444,0.34,1,118135,117695,440
17549201,10.3806,10.1955,437,68083,0.118889,0.35,1,118141,117704,437
17552121,14.0761,13.2391,438,68114,0.151778,0.3,1,118156,117718,438
17555041,9.21523,7.44782,440,68145,0.158356,0.37,1,118164,117724,440
17557961,9.84304,10.2896,439,68176,0.127671,0.31,1,118174,117735,439
17560881,29.9686,31.6579,437,68207,0.0575342,0.31,1,118209,117772,437
17563801,14.7937,14.3316,438,68238,0.0595068,0.33,1,118220,117782,438
17566721,14.1587,12.4663,440,68269,0.123901,0.35,1,118234,117794,440
17569641,9.23175,9.69326,439,68300,0.16078,0.35,1,118242,117803,439
17572561,11.4464,9.93865,441,68331,0.128156,0.35,1,118254,117813,441
17575481,5.48927,5.18773,441,68362,0.185631,0.43,1,118258,117817,441
17578401,22.6979,21.0375,443,68393,0.197126,0.39,1,118285,117842,443
17581321,25.3396,26.6075,441,68424,0.207425,0.21,1,118311,117870,441
17584241,101.068,108.522,432,68455,0.257485,0.23,1,118431,117999,432
17587161,27.4136,28.9043,432,68486,0.251497,0.21,1,118440,118008,432
17590081,13.4827,13.7809,432,68517,0.250299,0.23,1,118450,118018,432
17593001,7.49654,8.35617,431,68548,0.25006,0.23,1,118456,118025,431
17595921,3.09931,3.27123,431,68579,0.250012,0.19,1,118458,118027,431
17598841,7.01986,5.45425,433,68610,0.250002,0.21,1,118466,118033,433
17601761,11.804,11.4908,433,68641,0.282,0.23,1,118479,118046,433
17604681,7.16079,7.89817,432,68672,0.2884,0.27,1,118485,118053,432
17607601,6.23216,5.57963,433,68703,0.25768,0.1,1,118491,118058,433
17610521,39.6464,43.5159,428,68734,0.147536,0.11,1,118539,118111,428
17613441,27.1293,27.9032,428,68765,0.157507,0.12,1,118563,118135,428
17616361,12.6259,10.3806,431,68795,0.207501,0.16,1,118572,118141,431
17619281,13.7252,14.0761,430,68825,0.2175,0.16,1,118586,118156,430
17622201,7.54503,9.21523,428,68855,0.2275,0.12,1,118592,118164,428
17625121,11.109,9.84304,430,68885,0.2375,0.04,1,118604,118174,430
17628041,25.4218,29.9686,424,68915,0.2155,0.06,1,118633,118209,424
17630961,15.4844,14.7937,426,68945,0.2511,0.14,1,118646,118220,426
17633881,15.8969,14.1587,428,68975,0.25022,0.17,1,118662,118234,428
17636801,9.57937,9.23175,428,69005,0.186044,0.12,1,118670,118242,428
17639721,12.3159,11.4464,429,69035,0.181209,0.2,1,118683,118254,429
17642641,5.66317,5.48927,429,69065,0.228242,0.2,1,118687,118258,429
17645561,25.1326,22.6979,432,69095,0.237648,0.21,1,118717,118285,432
17648481,25.8265,25.3396,432,69125,0.24753,0.27,1,118743,118311,432
17651401,101.965,101.068,433,69155,0.297506,0.25,1,118864,118431,433
17654321,28.3931,27.4136,434,69185,0.307501,0.25,1,118874,118440,434
17657241,13.6786,13.4827,434,69215,0.3095,0.25,1,118884,118450,434
17660161,7.53572,7.49654,434,69245,0.3099,0.25,1,118890,118456,434
17663081,3.10714,3.09931,434,69275,0.30998,0.25,1,118892,118458,434
17666001,7.02143,7.01986,434,69305,0.325996,0.25,1,118900,118466,434
17668921,11.0043,1.40397,446,69335,0.329199,0.29,1,118912,118466,446
17671841,7.00086,10.6808,439,69365,0.32984,0.29,1,118918,118479,439
17674761,7.00017,6.93616,440,69395,0.313968,0.25,1,118925,118485,440
17677681,31,6.18723,471,69425,0.158794,0.12,1,118962,118491,471
17680601,31.8,39.6374,455,69455,0.175759,0.16,1,118994,118539,455
17683521,14.36,27.1275,441,69485,0.115152,0.22,1,119004,118563,441
17686441,13.272,12.6255,445,69515,0.11903,0.22,1,119017,118572,445
17689361,9.0544,13.7251,439,69545,0.151806,0.23,1,119025,118586,439
17692281,9.81088,7.54502,443,69575,0.206361,0.24,1,119035,118592,443
17695201,25.9622,11.109,461,69605,0.185272,0.21,1,119065,118604,461
17698121,16.3924,25.4218,446,69635,0.0930544,0.26,1,119079,118633,446
17701041,16.0785,15.4844,449,69665,0.186611,0.25,1,119095,118646,449
17703961,8.0157,15.8969,439,69695,0.213322,0.17,1,119101,118662,439
17706881,12.8031,9.57937,445,69725,0.210664,0.18,1,119115,118670,445
17709801,5.76063,12.3159,436,69755,0.146133,0.24,1,119119,118683,436
17712721,25.9521,5.66317,463,69785,0.197227,0.24,1,119150,118687,463
17715641,25.9904,25.1326,459,69815,0.239445,0.25,1,119176,118717,459
17718561,104.398,25.8265,557,69845,0.199889,0.31,1,119300,118743,557
17721481,28.8796,101.965,446,69875,0.207978,0.31,1,119310,118864,446
17724401,14.5759,28.3931,447,69905,0.225596,0.31,1,119321,118874,447
17727321,7.71518,13.6786,443,69935,0.229119,0.31,1,119327,118884,443
17730241,3.14304,7.53572,439,69965,0.197824,0.31,1,119329,118890,439
17733161,7.02861,3.10714,445,69995,0.191565,0.33,1,119337,118892,445
17736081,11.0057,7.02143,449,70025,0.190313,0.33,1,119349,118900,449
17739001,7.00114,11.0043,443,70055,0.190063,0.33,1,119355,118912,443
17741921,6.20023,7.00086,443,70085,0.190013,0.31,1,119361,118918,443
17744841,22.84,7.00017,463,70115,0.126003,0.12,1,119388,118925,463
17747761,30.968,31,459,70145,0.0572005,0.18,1,119421,118962,459
17750681,14.9936,31.8,438,70175,0.0354401,0.1,1,119432,118994,438
17753601,14.1987,14.36,442,70205,0.119088,0.12,1,119446,119004,442
17756521,11.6397,13.272,440,70235,0.119818,0.16,1,119457,119017,440
17759441,7.92795,9.0544,439,70265,0.0879635,0.22,1,119464,119025,439
17762361,21.5856,9.81088,454,70295,0.0575927,0.18,1,119489,119035,454
17765281,19.5171,25.9622,443,70325,0.0355185,0.07,1,119508,119065,443
17768201,15.9034,16.3924,444,70355,0.119104,0.21,1,119523,119079,444
17771121,10.3807,16.0785,437,70385,0.215821,0.22,1,119532,119095,437
17774041,13.2761,8.0157,445,70415,0.235164,0.21,1,119546,119101,445
17776961,8.25523,12.8031,438,70445,0.231033,0.13,1,119553,119115,438
17779881,25.651,5.76063,464,70475,0.246207,0.21,1,119583,119119,464
17782801,25.9302,25.9521,459,70505,0.241241,0.25,1,119609,119150,459
17785721,102.786,25.9904,555,70535,0.256248,0.19,1,119731,119176,555
17788641,28.5572,104.398,441,70565,0.25925,0.21,1,119741,119300,441
17791561,13.7114,28.8796,441,70595,0.26785,0.23,1,119751,119310,441
17794481,7.54229,14.5759,436,70625,0.26957,0.23,1,119757,119321,436
17797401,3.10846,7.71518,432,70655,0.269914,0.19,1,119759,119327,432
17800321,7.02169,3.14304,438,70685,0.269983,0.19,1,119767,119329,438
17803241,11.0043,7.02861,442,70715,0.269997,0.19,1,119779,119337,442
17806161,7.00087,11.0057,436,70745,0.285999,0.19,1,119785,119349,436
17809081,3.00017,7.00114,432,70775,0.2892,0.19,1,119787,119355,432
17812001,5.40003,6.20023,432,70805,0.28984,0.11,1,119793,119361,432
17814921,20.28,22.84,429,70835,0.257968,0.04,1,119817,119388,429
17817841,24.856,30.968,422,70865,0.115594,0.03,1,119843,119421,422
17820761,16.1712,14.9936,425,70895,0.167119,0.14,1,119857,119432,425
17823681,16.0342,14.1987,427,70925,0.169424,0.12,1,119873,119446,427
17826601,9.60685,11.6397,424,70955,0.225885,0.08,1,119881,119457,424
17829521,9.92137,7.92795,427,70985,0.189177,0.05,1,119891,119464,427
17832441,21.1843,21.5856,426,71015,0.205835,0.03,1,119915,119489,426
17835361,21.8369,19.5171,429,71045,0.217167,0.14,1,119937,119508,429
17838281,19.5674,15.9034,433,71075,0.203433,0.24,1,119956,119523,433
17841201,11.9135,10.3807,434,71104,0.168687,0.24,1,119966,119532,434
17844121,11.9827,13.2761,432,71133,0.201737,0.23,1,119978,119546,432
17847041,8.79654,8.25523,433,71162,0.248347,0.25,1,119986,119553,433
17849961,24.9593,25.651,432,71191,0.24167,0.24,1,120015,119583,432
17852881,27.3919,25.9302,434,71220,0.224334,0.26,1,120043,119609,434
17855801,103.878,102.786,435,71249,0.228867,0.26,1,120166,119731,435
17858721,28.7757,28.5572,435,71278,0.253773,0.27,1,120176,119741,435
17861641,13.7551,13.7114,435,71307,0.266755,0.27,1,120186,119751,435
17864561,7.55103,7.54229,435,71336,0.269351,0.27,1,120192,119757,435
17867481,3.11021,3.10846,435,71365,0.30187,0.27,1,120194,119759,435
17870401,7.02204,7.02169,435,71394,0.276374,0.27,1,120202,119767,435
17873321,11.8044,11.0043,436,71423,0.287275,0.29,1,120215,119779,436
17876241,7.16088,7.00087,436,71452,0.289455,0.29,1,120221,119785,436
17879161,3.03218,3.00017,436,71481,0.321891,0.29,1,120223,119787,436
17882081,5.40644,5.40003,436,71510,0.296378,0.25,1,120229,119793,436
17885001,13.8813,20.28,428,71539,0.291276,0.08,1,120245,119817,428
17887921,27.5763,24.856,433,71568,0.274255,0.18,1,120276,119843,433
17890841,16.7153,16.1712,433,71597,0.230851,0.17,1,120290,119857,433
17893761,16.1431,16.0342,433,71626,0.26217,0.24,1,120306,119873,433
17896681,8.02861,9.60685,431,71655,0.212434,0.18,1,120312,119881,431
17899601,8.80572,9.92137,430,71684,0.266487,0.21,1,120321,119891,430
17902521,23.3611,21.1843,433,71713,0.277297,0.22,1,120348,119915,433
17905441,15.8722,21.8369,425,71742,0.319459,0.2,1,120362,119937,425
17908361,22.3744,19.5674,430,71771,0.303892,0.16,1,120386,119956,430
17911281,12.4749,11.9135,430,71800,0.308778,0.21,1,120396,119966,430
17914201,13.695,11.9827,432,71829,0.253756,0.26,1,120410,119978,432
17917121,5.939,8.79654,428,71858,0.330751,0.24,1,120414,119986,428
17920041,28.3878,24.9593,433,71887,0.49015,0.22,1,120448,120015,433
17922961,28.0776,27.3919,433,71916,0.53003,0.23,1,120476,120043,433
17925881,105.616,103.878,435,71945,0.554006,0.26,1,120601,120166,435
17928801,29.1231,28.7757,435,71974,0.582801,0.27,1,120611,120176,435
17931721,13.8246,13.7551,435,72003,0.59656,0.27,1,120621,120186,435
17934641,7.56492,7.55103,435,72032,0.599312,0.31,1,120627,120192,435
17937561,3.11298,3.11021,435,72061,0.599862,0.27,1,120629,120194,435
17940481,7.0226,7.02204,435,72090,0.599972,0.29,1,120637,120202,435
17943401,12.6045,11.8044,436,72119,0.607994,0.29,1,120651,120215,436
17946321,7.3209,7.16088,436,72148,0.609599,0.33,1,120657,120221,436
17949241,3.06418,3.03218,436,72177,0.60992,0.29,1,120659,120223,436
17952161,5.41284,5.40644,436,72206,0.625984,0.29,1,120665,120229,436
17955081,10.6826,13.8813,432,72235,0.629197,0.29,1,120677,120245,432
17958001,28.5365,2.77626,465,72264,0.621839,0.27,1,120710,120245,465
17960921,13.7073,25.3553,444,72293,0.492368,0.22,1,120720,120276,444
17963841,18.7415,16.2711,450,72322,0.578474,0.27,1,120740,120290,450
17966761,8.54829,16.0542,440,72351,0.595695,0.2,1,120746,120306,440
17969681,8.90966,8.01084,443,72380,0.551139,0.28,1,120755,120312,443
17972601,23.3819,8.80217,461,72409,0.630228,0.28,1,120782,120321,461
17975521,15.8764,23.3604,448,72438,0.654046,0.33,1,120796,120348,448
17978441,23.1753,15.8721,459,72467,0.634809,0.3,1,120821,120362,459
17981361,12.6351,22.3744,445,72496,0.646962,0.31,1,120831,120386,445
17984281,15.327,12.4749,451,72525,0.601392,0.24,1,120847,120396,451
17987201,6.2654,13.695,441,72554,0.592278,0.35,1,120851,120410,441
17990121,37.2531,5.939,482,72583,0.694456,0.53,1,120896,120414,482
17993041,29.8506,28.3878,476,72612,0.690891,0.54,1,120924,120448,476
17995961,108.37,28.0776,576,72641,0.674178,0.56,1,121052,120476,576
17998881,29.674,105.616,461,72670,0.614836,0.59,1,121062,120601,461
18001801,13.9348,29.1231,461,72699,0.658967,0.6,1,121072,120611,461
18004721,7.58696,13.8246,457,72728,0.675793,0.6,1,121078,120621,457
18007641,3.11739,7.56492,453,72757,0.679159,0.6,1,121080,120627,453
18010561,7.02348,3.11298,459,72786,0.679832,0.6,1,121088,120629,459
18013481,12.6047,7.0226,465,72815,0.719966,0.61,1,121102,120637,465
18016401,8.12094,12.6045,458,72844,0.743993,0.61,1,121109,120651,458
18019321,3.22419,7.3209,454,72873,0.716799,0.61,1,121111,120657,454
18022241,5.44484,3.06418,458,72902,0.71136,0.63,1,121117,120659,458
18025161,10.689,5.41284,464,72931,0.710272,0.63,1,121129,120665,464
18028081,22.1378,10.6826,477,72960,0.654054,0.62,1,121154,120677,477
18031001,16.4276,28.5365,459,72989,0.618811,0.46,1,121169,120710,459
18033921,19.2855,13.7073,469,73018,0.683762,0.6,1,121189,120720,469
18036841,9.4571,18.7415,456,73047,0.664752,0.6,1,121196,120740,456
18039761,10.6914,8.54829,461,73076,0.69295,0.54,1,121207,120746,461
18042681,25.3383,8.90966,481,73105,0.62659,0.65,1,121236,120755,481
18045601,9.86766,23.3819,460,73134,0.701318,0.66,1,121242,120782,460
18048521,28.3735,15.8764,479,73163,0.724264,0.63,1,121275,120796,479
18051441,13.6747,23.1753,464,73192,0.712853,0.65,1,121285,120821,464
18054361,13.9349,12.6351,468,73221,0.70257,0.59,1,121299,120831,468
18057281,7.58699,15.327,458,73250,0.668514,0.59,1,121305,120847,458
18060201,39.9174,6.2654,502,73279,0.837703,0.72,2,121353,120851,502
18063121,30.3835,37.2531,485,73308,0.895541,0.69,2,121381,120896,485
18066041,103.677,29.8506,579,73337,0.891108,0.67,2,121503,120924,579
18068961,31.9353,108.37,465,73366,0.922222,0.6,2,121517,121052,465
18071881,14.3871,29.674,465,73395,0.864444,0.67,2,121527,121062,465
18074801,7.67741,13.9348,461,73424,0.860889,0.68,2,121533,121072,461
18077721,3.93548,7.58696,458,73453,0.932178,0.68,2,121536,121078,458
18080641,7.9871,3.11739,465,73482,0.930436,0.68,2,121545,121080,465
18106921,26,20,458,73735,1,0.66,2,121647,121189,458
18109841,10,9.6,457,73763,0.944,0.7,2,121653,121196,457
18127361,16,14,459,73931,0.96,0.66,2,121758,121299,459
18130281,8,7.6,459,73959,0.896,0.88,2,121764,121305,459
18337601,11,9,501,75947,0.8,1,2,123126,122625,501
18340521,31,12.2,524,75975,0.6,1,1,123162,122638,524
18343441,15.8,36.84,493,76003,0.536,1,1,123174,122681,493
18346361,14.36,16.968,495,76031,0.4512,1,1,123188,122693,495
18349281,9.272,13.7936,490,76059,0.37824,1,1,123196,122706,490
18352201,28.2544,9.15872,515,76087,0.099648,1,1,123229,122714,515
18355121,30.4509,41.0317,497,76115,0.0279296,1,1,123260,122763,497
18358041,116.49,29.8063,608,76143,0.0455859,1,1,123398,122790,608
18360961,37.698,116.361,488,76170,0.0171172,1,1,123416,122928,488
18363881,21.9396,35.2723,491,76197,0.0114234,1,1,123434,122943,491
18366801,25.1879,20.6545,500,76224,0.0102847,1,1,123460,122960,500
18369721,22.6376,19.3309,503,76251,0.00205694,1,1,123482,122979,503
18372641,14.9275,17.4662,499,76278,0.000411387,1,1,123495,122996,499
18375561,10.9855,15.4932,494,76305,0.0400823,1,1,123505,123011,494
18378481,7.7971,11.0986,491,76332,0.0160165,1,1,123512,123021,491
18381401,6.35942,8.61973,489,76359,0.0432033,1,1,123518,123029,489
18384321,6.87188,8.12395,488,76386,0.0166407,1,1,123525,123037,488
18387241,6.97438,6.42479,489,76413,0.0113281,1,1,123532,123043,489
18390161,5.39488,6.08496,488,76440,0.0102656,1,1,123537,123049,488
18393081,2.67898,4.41699,486,76467,0.0100531,1,1,123539,123053,486
18396001,6.13579,7.2834,485,76494,0.00201063,1,1,123546,123061,485
18398921,4.42716,7.85668,481,76521,0.0244021,1,1,123550,123069,481
18401841,7.28543,10.3713,478,76548,0.0128804,0.99,1,123558,123080,478
18404761,8.65709,12.4743,474,76575,0.00257608,0.77,1,123567,123093,474
18407681,8.13142,12.0949,470,76602,0.0405152,0.74,1,123575,123105,470
18410601,3.22628,10.419,462,76629,0.032103,0.8,1,123577,123115,462
18413521,6.24526,10.8838,458,76656,0.0304206,0.55,1,123584,123126,458
18416441,19.6491,30.9768,445,76683,0.0300841,0.52,1,123607,123162,445
18419361,12.7298,15.7954,444,76710,0.0300168,0.43,1,123618,123174,444
18422281,8.94596,14.3591,438,76737,0.00600336,0.36,1,123626,123188,438
18425201,4.98919,9.27181,434,76764,0.0252007,0.03,1,123630,123196,434
18428121,17.7978,28.2544,422,76791,0.00504013,0.01,1,123651,123229,422
18431041,28.3596,30.4509,422,76818,0.00100803,0.05,1,123682,123260,422
18433961,116.072,116.49,422,76845,0.104202,0.01,1,123820,123398,422
18436881,38.4144,37.698,423,76872,0.0288403,0.01,1,123839,123416,423
18439801,21.2829,21.9396,422,76899,0.00576806,0.01,1,123856,123434,422
18442721,25.0566,25.1879,422,76926,0.00915361,0,1,123882,123460,422
18445641,22.6113,22.6376,422,76953,0.0258307,0,1,123904,123482,422
18448561,16.5223,14.9275,424,76980,0.0131661,0.05,1,123919,123495,424
18451481,9.70445,10.9855,422,77007,0.0266332,0.01,1,123927,123505,422
18454401,7.54089,7.7971,422,77034,0.0293266,0.05,1,123934,123512,422
18457321,6.30818,6.35942,422,77061,0.0298653,0.01,1,123940,123518,422
18460241,6.86164,6.87188,422,77088,0.00597307,0.01,1,123947,123525,422
18463161,6.97233,6.97438,422,77115,0.00119461,0.01,1,123954,123532,422
18466081,5.39447,5.39488,422,77142,0.00823892,0.01,1,123959,123537,422
18469001,2.67889,2.67898,422,77169,0.00964778,0,1,123961,123539,422
18471921,6.13578,6.13579,422,77196,0.00192956,0.03,1,123968,123546,422
18474841,4.42716,4.42716,422,77223,0.0243859,0.01,1,123972,123550,422
18477761,7.28543,7.28543,422,77250,0.0448772,0,1,123980,123558,422
18480681,10.2571,8.65709,424,77277,0.0329754,0.05,1,123991,123567,424
18483601,7.65142,8.13142,423,77304,0.0305951,0.03,1,123998,123575,423
18486521,3.13028,3.22628,423,77331,0.030119,0.03,1,124000,123577,423
18489441,5.42606,6.24526,422,77358,0.0060238,0.03,1,124006,123584,422
18492361,19.4852,19.6491,422,77385,0.0412048,0.03,1,124029,123607,422
18495281,12.697,12.7298,422,77412,0.032241,0,1,124040,123618,422
18498201,8.93941,8.94596,422,77439,0.00644819,0.03,1,124048,123626,422
18501121,4.98788,4.98919,422,77466,0.00928964,0,1,124052,123630,422
18504041,17.7976,17.7978,422,77493,0.00185793,0,1,124073,123651,422
18506961,28.3595,28.3596,422,77520,0.000371585,0.13,1,124104,123682,422
18509881,116.072,116.072,422,77547,0.0240743,0.01,1,124242,123820,422
18512801,38.4144,38.4144,422,77574,0.0128149,0,1,124261,123839,422
18515721,21.2829,21.2829,422,77601,0.00256297,0.01,1,124278,123856,422
18518641,25.0566,25.0566,422,77628,0.00851259,0.03,1,124304,123882,422
18521561,22.6113,22.6113,422,77655,0.0257025,0.01,1,124326,123904,422
18524481,16.5223,16.5223,422,77682,0.0131405,0.03,1,124341,123919,422
18527401,9.70445,9.70445,422,77709,0.0266281,0.03,1,124349,123927,422
18530321,7.54089,7.54089,422,77736,0.0293256,0.03,1,124356,123934,422
18533241,6.30818,6.30818,422,77763,0.0298651,0,1,124362,123940,422
18536161,6.86164,6.86164,422,77790,0.00597302,0,1,124369,123947,422
18539081,6.97233,6.97233,422,77817,0.0011946,0.01,1,124376,123954,422
18542001,5.39447,5.39447,422,77844,0.00823892,0.01,1,124381,123959,422
18544921,2.67889,2.67889,422,77871,0.0256478,0,1,124383,123961,422
18547841,7.73578,6.13578,424,77898,0.0291296,0.03,1,124392,123968,424
18550761,3.14716,4.42716,422,77925,0.0298259,0.05,1,124394,123972,422
18553681,7.02943,7.28543,422,77952,0.0299652,0.03,1,124402,123980,422
18556601,10.2059,10.2571,422,77979,0.029993,0.03,1,124413,123991,422
18559521,7.64118,7.65142,422,78006,0.0139986,0.03,1,124420,123998,422
18562441,3.12824,3.13028,422,78033,0.0267997,0,1,124422,124000,422
18565361,5.42565,5.42606,422,78060,0.0133599,0,1,124428,124006,422
18568281,18.6851,1.08521,444,78087,0.010672,0.05,1,124450,124006,444
18571201,12.537,18.617,432,78114,0.0421344,0.03,1,124461,124029,432
18574121,8.90741,12.5234,429,78141,0.00842688,0,1,124469,124040,429
18577041,4.98148,8.90468,425,78168,0.00968538,0.01,1,124473,124048,425
18579961,17.7963,4.98094,442,78195,0.00193708,0,1,124494,124052,442
18582881,28.3593,17.7962,452,78222,0.000387415,0,1,124525,124073,452
18585801,116.072,28.3592,559,78249,0.0400775,0.03,1,124663,124104,559
18588721,39.2144,116.072,441,78276,0.0160155,0.01,1,124683,124242,441
18591641,20.6429,38.4144,438,78303,0.0032031,0,1,124699,124261,438
18594561,24.9286,21.2829,447,78330,0.0246406,0.01,1,124725,124278,447
18597481,22.5857,25.0566,443,78357,0.00492812,0.03,1,124747,124304,443
18600401,16.5171,22.6113,436,78384,0.00898562,0.01,1,124762,124326,436
18603321,9.70343,16.5223,429,78411,0.00979713,0.03,1,124770,124341,429
18606241,7.54069,9.70445,428,78438,0.00195942,0.03,1,124777,124349,428
18609161,6.30814,7.54089,427,78465,0.0243919,0.03,1,124783,124356,427
18612081,6.86163,6.30818,428,78492,0.00487838,0,1,124790,124362,428
18615001,6.97233,6.86164,428,78519,0.000975675,0,1,124797,124369,428
18617921,5.39446,6.97233,426,78546,0.0241951,0.01,1,124802,124376,426
18620841,2.67889,5.39447,423,78573,0.028839,0.03,1,124804,124381,423
18623761,8.53578,2.67889,431,78600,0.0137678,0.03,1,124814,124383,431
18626681,3.30716,7.73578,424,78627,0.0107536,0.03,1,124816,124392,424
18629601,6.26143,3.14716,429,78654,0.0261507,0.03,1,124823,124394,429
18632521,10.8523,7.02943,433,78681,0.0132301,0.03,1,124835,124402,433
18635441,6.97046,10.2059,428,78708,0.010646,0.01,1,124841,124413,428
18638361,2.99409,7.64118,423,78735,0.00212921,0.03,1,124843,124420,423
18641281,5.39882,3.12824,427,78762,0.0404258,0.01,1,124849,124422,427
18644201,19.4798,5.42565,444,78789,0.0160852,0.01,1,124872,124428,444
18647121,11.896,18.6851,432,78816,0.011217,0.05,1,124882,124450,432
18650041,8.77919,12.537,429,78843,0.0102434,0,1,124890,124461,429
18652961,4.95584,8.90741,425,78870,0.0260487,0.01,1,124894,124469,425
18655881,17.7912,4.98148,442,78897,0.00520974,0,1,124915,124473,442
18658801,28.3582,17.7963,452,78924,0.00104195,0,1,124946,124494,452
18661721,117.672,28.3593,561,78951,0.0242084,0.05,1,125086,124525,561
18664641,38.7343,116.072,442,78977,0.0288417,0.01,1,125105,124663,442
18667561,20.5469,39.2144,438,79003,0.00576834,0,1,125121,124683,438
18670481,24.1094,20.6429,447,79029,0.00115367,0.03,1,125146,124699,447
18673401,22.4219,24.9286,443,79055,0.000230733,0,1,125168,124725,443
18676321,16.4844,22.5857,436,79081,0.00804615,0.01,1,125183,124747,436
18679241,9.69687,16.5171,429,79107,0.00960923,0.01,1,125191,124762,429
18682161,7.53937,9.70343,428,79133,0.00192185,0,1,125198,124770,428
18685081,7.10787,7.54069,428,79159,0.00838437,0.03,1,125205,124777,428
18688001,7.02157,6.30814,429,79185,0.00167687,0,1,125212,124783,429
18690921,7.00431,6.86163,429,79211,0.000335375,0,1,125219,124790,429
18693841,4.60086,6.97233,426,79237,0.0240671,0.03,1,125223,124797,426
18696761,2.52017,5.39446,423,79263,0.0288134,0.03,1,125225,124802,423
18699681,10.104,2.67889,433,79289,0.0137627,0.01,1,125237,124804,433
18702601,3.62081,8.53578,425,79315,0.0267525,0.01,1,125239,124814,425
18705521,4.72416,3.30716,428,79341,0.0133505,0.03,1,125244,124816,428
18708441,10.5448,6.26143,433,79367,0.0106701,0.01,1,125256,124823,433
18711361,6.90897,10.8523,427,79393,0.026134,0.01,1,125262,124835,427
18714281,2.98179,6.97046,423,79419,0.0052268,0,1,125264,124841,423
18717201,5.39636,2.99409,427,79445,0.00104536,0.05,1,125270,124843,427
18720121,19.4793,5.39882,444,79471,0.00820907,0.01,1,125293,124849,444
18723041,11.8959,19.4798,431,79497,0.0336418,0.01,1,125303,124872,431
18725961,3.97917,11.896,423,79523,0.0307284,0.01,1,125305,124882,423
18728881,6.39583,8.77919,422,79549,0.0141457,0.03,1,125312,124890,422
18731801,4.47917,4.95584,422,79575,0.0268291,0,1,125316,124894,422
18734721,17.6958,17.7912,422,79601,0.00536583,0,1,125337,124915,422
18737641,28.3392,28.3582,422,79627,0.00107317,0.03,1,125368,124946,422
18740561,119.268,117.672,424,79653,0.0242146,0.03,1,125510,125086,424
18743481,38.2536,38.7343,423,79679,0.0448429,0,1,125528,125105,423
18746401,20.4507,20.5469,423,79705,0.00896858,0,1,125544,125121,423
18749321,23.2901,24.1094,422,79731,0.0257937,0,1,125568,125146,422
18752241,22.258,22.4219,422,79757,0.0451587,0.01,1,125590,125168,422
18755161,16.4516,16.4844,422,79783,0.0170317,0.01,1,125605,125183,422
18758081,9.69032,9.69687,422,79809,0.0434063,0,1,125613,125191,422
18761001,7.53806,7.53937,422,79835,0.00868127,0.01,1,125620,125198,422
18763921,7.10761,7.10787,422,79861,0.00973625,0,1,125627,125205,422
18766841,7.02152,7.02157,422,79887,0.00194725,0,1,125634,125212,422
18769761,7.0043,7.00431,422,79913,0.00038945,0.03,1,125641,125219,422
18772681,4.60086,4.60086,422,79939,0.0240779,0.03,1,125645,125223,422
18775601,2.52017,2.52017,422,79965,0.0288156,0.01,1,125647,125225,422
18778521,10.904,10.104,423,79991,0.0297631,0.03,1,125660,125237,423
18781441,3.78081,3.62081,423,80017,0.00595262,0.01,1,125662,125239,423
18784361,3.95616,4.72416,422,80043,0.0571905,0.01,1,125666,125244,422
18787281,11.1912,10.5448,423,80069,0.0114381,0.03,1,125679,125256,423
18790201,6.23825,6.90897,422,80095,0.0262876,0,1,125684,125262,422
18793121,2.84765,2.98179,422,80121,0.0292575,0,1,125686,125264,422
18796041,5.36953,5.39636,422,80147,0.0298515,0.01,1,125692,125270,422
18798961,20.2739,19.4793,423,80173,0.0299703,0.04,1,125716,125293,423
18801881,11.2548,11.8959,422,80199,0.0459941,0.03,1,125725,125303,422
18804801,3.85096,3.97917,422,80225,0.0491988,0.01,1,125727,125305,422
18807721,6.37019,6.39583,422,80251,0.0178398,0.03,1,125734,125312,422
18810641,4.47404,4.47917,422,80277,0.027568,0,1,125738,125316,422
18813561,17.6948,17.6958,422,80303,0.00551359,0,1,125759,125337,422
18816481,28.339,28.3392,422,80329,0.00110272,0.03,1,125790,125368,422
18819401,119.268,119.268,422,80355,0.0722205,0.05,1,125932,125510,422
18822321,38.2536,38.2536,422,80381,0.102444,0,1,125950,125528,422
18825241,20.4507,20.4507,422,80407,0.0204888,0.03,1,125966,125544,422
18828161,23.2901,23.2901,422,80433,0.0120978,0.05,1,125990,125568,422
18831081,22.258,22.258,422,80459,0.0104196,0.01,1,126012,125590,422
18834001,16.4516,16.4516,422,80485,0.0260839,0.05,1,126027,125605,422
18836921,9.69032,9.69032,422,80511,0.0452168,0,1,126035,125613,422
18839841,7.53806,7.53806,422,80537,0.0330434,0.01,1,126042,125620,422
18842761,7.10761,7.10761,422,80563,0.0466087,0,1,126049,125627,422
18845681,7.02152,7.02152,422,80589,0.0333217,0,1,126056,125634,422
18848601,7.0043,7.0043,422,80615,0.0306643,0.03,1,126063,125641,422
18851521,4.60086,4.60086,422,80641,0.0301329,0.03,1,126067,125645,422
18854441,2.52017,2.52017,422,80667,0.0300266,0.03,1,126069,125647,422
18857361,11.704,10.904,423,80693,0.0140053,0,1,126083,125660,423
18860281,3.94081,3.78081,423,80719,0.0268011,0.07,1,126085,125662,423
18863201,3.18816,3.95616,422,80745,0.0133602,0,1,126088,125666,422
18866121,11.0376,11.1912,422,80771,0.00267204,0.03,1,126101,125679,422
18869041,6.20753,6.23825,422,80797,0.00853441,0.03,1,126106,125684,422
18871961,2.84151,2.84765,422,80823,0.00970688,0.03,1,126108,125686,422
18874881,5.3683,5.36953,422,80849,0.0259414,0.03,1,126114,125692,422
18877801,21.0737,20.2739,423,80875,0.0451883,0.05,1,126139,125716,423
18880721,10.6147,11.2548,422,80901,0.0170377,0.05,1,126147,125725,422
18883641,3.72295,3.85096,422,80927,0.0114075,0.01,1,126149,125727,422
18886561,6.34459,6.37019,422,80953,0.0102815,0.03,1,126156,125734,422
18889481,4.46892,4.47404,422,80979,0.0260563,0.03,1,126160,125738,422
18892401,16.8938,0.894808,442,81005,0.00521126,0,1,126180,125738,442
18895321,28.1788,16.979,452,81031,0.00104225,0,1,126211,125759,452
18898241,121.636,28.1958,566,81057,0.0242085,0.09,1,126356,125790,566
18901161,37.1271,119.239,440,81083,0.0768417,0.11,1,126372,125932,440
18904081,19.4254,38.2478,437,81109,0.0713683,0,1,126387,125950,437
18907001,23.0851,20.4496,445,81135,0.0382737,0.01,1,126411,125966,445
18909921,22.217,23.2899,443,81161,0.0316547,0.01,1,126433,125990,443
18912841,16.4434,22.258,436,81187,0.0303309,0.03,1,126448,126012,436
18915761,9.68868,16.4516,429,81213,0.0460662,0.05,1,126456,126027,429
18918681,7.53774,9.69032,428,81239,0.0332132,0.03,1,126463,126035,428
18921601,7.10755,7.53806,428,81265,0.0146426,0.05,1,126470,126042,428
18924521,7.02151,7.10761,428,81291,0.00292853,0.03,1,126477,126049,428
18927441,7.0043,7.02152,428,81317,0.000585706,0.03,1,126484,126056,428
18930361,4.60086,7.0043,425,81343,0.0241171,0.03,1,126488,126063,425
18933281,2.52017,4.60086,423,81369,0.00482343,0.03,1,126490,126067,423
18936201,11.704,2.52017,435,81395,0.0249647,0.01,1,126504,126069,435
18939121,3.94081,11.704,423,81421,0.0289929,0.03,1,126506,126083,423
18942041,3.18816,3.94081,424,81447,0.0137986,0.01,1,126509,126085,424
18944961,11.0376,3.18816,434,81473,0.00275972,0,1,126522,126088,434
18947881,6.20753,11.0376,426,81499,0.00855194,0.01,1,126527,126101,426
18950801,2.84151,6.20753,423,81525,0.0257104,0.01,1,126529,126106,423
18953721,5.3683,2.84151,427,81551,0.00514208,0.03,1,126535,126108,427
18956641,21.0737,5.3683,446,81577,0.00902842,0.05,1,126560,126114,446
18959561,10.6147,21.0737,429,81603,0.0418057,0.01,1,126568,126139,429
18962481,3.72295,10.6147,423,81629,0.0483611,0.01,1,126570,126147,423
18965401,6.34459,3.72295,428,81655,0.0656722,0.01,1,126577,126149,428
18968321,4.46892,6.34459,425,81681,0.0691344,0.03,1,126581,126156,425
18971241,16.8938,4.46892,441,81707,0.0138269,0,1,126601,126160,441
18974161,28.1788,16.8938,452,81733,0.00276538,0,1,126632,126180,452
18977081,124.836,28.1788,570,81759,0.0245531,0.03,1,126781,126211,570
18980001,37.7671,121.636,441,81785,0.108911,0.09,1,126797,126356,441
18982921,16.3534,37.1271,436,81811,0.141782,0.07,1,126808,126372,436
18985841,22.4707,19.4254,445,81837,0.0843564,0.03,1,126832,126387,445
18988761,22.0941,23.0851,443,81863,0.0168713,0.03,1,126854,126411,443
18991681,18.0188,22.217,438,81889,0.00337426,0.03,1,126871,126433,438
18994601,8.40377,16.4434,429,81915,0.000674851,0.05,1,126877,126448,429
18997521,7.28075,9.68868,428,81941,0.024135,0.03,1,126884,126456,428
19000441,7.05615,7.53774,428,81967,0.044827,0.01,1,126891,126463,428
19003361,7.01123,7.10755,428,81993,0.0089654,0,1,126898,126470,428
19006281,7.00225,7.02151,428,82018,0.00179308,0,1,126905,126477,428
19009201,4.60045,7.0043,425,82043,0.0243586,0.03,1,126909,126484,425
19012121,2.52009,4.60086,423,82068,0.00487172,0,1,126911,126488,423
19015041,11.704,2.52017,435,82093,0.0249743,0.03,1,126925,126490,435
19017961,3.9408,11.704,423,82118,0.0289949,0.03,1,126927,126504,423
19020881,3.18816,3.94081,424,82143,0.013799,0.01,1,126930,126506,424
19023801,11.0376,3.18816,434,82168,0.00275979,0,1,126943,126509,434
19026721,6.20753,11.0376,426,82193,0.00855196,0.01,1,126948,126522,426
19029641,2.84151,6.20753,423,82218,0.0257104,0.03,1,126950,126527,423
19032561,5.3683,2.84151,427,82243,0.00514208,0,1,126956,126529,427
19035481,22.6737,5.3683,448,82268,0.0250284,0.01,1,126983,126535,448
19038401,10.9347,21.0737,431,82293,0.0770057,0.05,1,126991,126560,431
19041321,3.78695,10.6147,425,82318,0.0874011,0.05,1,126993,126568,425
19044241,4.75739,3.72295,428,82343,0.0894802,0.07,1,126998,126570,428
19047161,4.15148,6.34459,425,82368,0.0898961,0.07,1,127002,126577,425
19050081,16.8303,4.46892,441,82393,0.0179792,0,1,127022,126581,441
19053001,28.1661,16.8938,452,82418,0.00359584,0,1,127053,126601,452
19055921,128.033,28.1788,574,82443,0.0887192,0.03,1,127206,126632,574
19058841,27.2066,124.836,427,82468,0.105744,0.13,1,127208,126781,427
19061761,19.0413,37.7671,428,82493,0.125149,0.15,1,127225,126797,428
19064681,11.8083,16.3534,427,82518,0.0970298,0.07,1,127235,126808,427
19067601,17.5617,22.4707,422,82543,0.107406,0,1,127254,126832,422
19070521,21.1123,22.0941,422,82568,0.0454812,0,1,127276,126854,422
19073441,17.8225,18.0188,422,82593,0.0330962,0,1,127293,126871,422
19076361,9.16449,8.40377,423,82618,0.0146192,0.03,1,127300,126877,423
19079281,7.4329,7.28075,423,82643,0.0109238,0.05,1,127307,126884,423
19082201,6.28658,7.05615,422,82668,0.0261848,0,1,127313,126891,422
19085121,6.85732,7.01123,422,82693,0.045237,0,1,127320,126898,422
19088041,6.97146,7.00225,422,82718,0.0330474,0.03,1,127327,126905,422
19090961,4.59429,4.60045,422,82743,0.0306095,0,1,127331,126909,422
19093881,2.51886,2.52009,422,82768,0.0301219,0.03,1,127333,126911,422
19096801,12.5038,11.704,423,82793,0.00602438,0.03,1,127348,126925,423
19099721,4.10075,3.9408,423,82818,0.00920488,0.01,1,127350,126927,423
19102641,2.42015,3.18816,422,82843,0.00984098,0,1,127352,126930,422
19105561,10.884,11.0376,422,82868,0.00196819,0.01,1,127365,126943,422
19108481,6.97681,6.20753,423,82893,0.0243936,0.03,1,127371,126948,423
19111401,2.99536,2.84151,423,82918,0.00487873,0,1,127373,126950,423
19114321,4.59907,5.3683,422,82943,0.000975745,0.03,1,127378,126956,422
19117241,25.7198,22.6737,426,82968,0.00819515,0.09,1,127409,126983,426
19120161,10.744,10.9347,425,82993,0.041639,0.09,1,127416,126991,425
19123081,3.74879,3.78695,425,83018,0.0483278,0.09,1,127418,126993,425
19126001,3.94976,4.75739,424,83043,0.0496656,0.09,1,127422,126998,424
19128921,2.38995,4.15148,422,83068,0.0819331,0,1,127424,127002,422
19131841,16.478,16.8303,422,83093,0.0163866,0,1,127444,127022,422
19134761,28.0956,28.1661,422,83118,0.00327732,0.11,1,127475,127053,422
19137681,132.019,128.033,427,83143,0.0406555,0.11,1,127633,127206,427
19140601,28.0038,27.2066,427,83168,0.0161311,0.13,1,127635,127208,427
19143521,18.4008,19.0413,426,83193,0.0112262,0.09,1,127651,127225,426
19146441,11.6802,11.8083,426,83218,0.0102452,0.11,1,127661,127235,426
19149361,15.136,17.5617,423,83243,0.0740491,0.03,1,127677,127254,423
19152281,19.8272,21.1123,422,83268,0.0228098,0.03,1,127698,127276,422
19155201,17.5654,17.8225,422,83293,0.028562,0.01,1,127715,127293,422
19158121,9.11309,9.16449,422,83318,0.0297124,0.01,1,127722,127300,422
19161041,8.22262,7.4329,423,83343,0.0299425,0.03,1,127730,127307,423
19163961,5.64452,6.28658,422,83368,0.0299885,0.05,1,127735,127313,422
19166881,6.7289,6.85732,422,83393,0.0459977,0.03,1,127742,127320,422
19169801,6.94578,6.97146,422,83418,0.0171995,0.03,1,127749,127327,422
19172721,4.58916,4.59429,422,83443,0.0274399,0.03,1,127753,127331,422
19175641,2.51783,2.51886,422,83468,0.029488,0,1,127755,127333,422
19178561,12.5036,12.5038,422,83493,0.0058976,0.01,1,127770,127348,422
19181481,4.10071,4.10075,422,83518,0.00917952,0.01,1,127772,127350,422
19184401,2.42014,2.42015,422,83543,0.0098359,0,1,127774,127352,422
19187321,10.884,10.884,422,83568,0.00196718,0.03,1,127787,127365,422
19190241,6.97681,6.97681,422,83593,0.0243934,0,1,127793,127371,422
19193161,2.99536,2.99536,422,83618,0.00487869,0,1,127795,127373,422
19196081,4.59907,4.59907,422,83643,0.0249757,0.01,1,127800,127378,422
19199001,26.5198,25.7198,423,83668,0.0129951,0.05,1,127832,127409,423
19201921,11.704,10.744,424,83693,0.026599,0.05,1,127840,127416,424
19204841,3.94079,3.74879,424,83718,0.0293198,0.05,1,127842,127418,424
19207761,3.98816,3.94976,424,83743,0.061864,0.09,1,127846,127422,424
19210681,2.39763,2.38995,424,83768,0.0683728,0,1,127848,127424,424
19213601,14.8795,16.478,422,83793,0.0136746,0,1,127866,127444,422
19216521,27.7759,28.0956,422,83818,0.00273491,0.05,1,127897,127475,422
19219441,131.955,132.019,422,83843,0.056547,0.01,1,128055,127633,422
19222361,27.991,28.0038,422,83868,0.0673094,0.01,1,128057,127635,422
19225281,18.3982,18.4008,422,83893,0.0374619,0.01,1,128073,127651,422
19228201,11.6796,11.6802,422,83918,0.0474924,0.01,1,128083,127661,422
19231121,15.9359,2.33603,439,83943,0.0654985,0.09,1,128100,127661,439
19234041,18.3872,13.2672,442,83968,0.0530997,0.01,1,128119,127677,442
19236961,17.2774,19.4534,438,83993,0.0106199,0.03,1,128136,127698,438
19239881,9.05549,17.4907,428,84018,0.010124,0.03,1,128143,127715,428
19242801,8.2111,9.09814,429,84043,0.0100248,0.03,1,128151,127722,429
19245721,5.64222,8.21963,426,84068,0.00200496,0.03,1,128156,127730,426
19248641,6.72844,5.64393,428,84093,0.024401,0.05,1,128163,127735,428
19251561,6.94569,6.72878,428,84118,0.0288802,0.01,1,128170,127742,428
19254481,4.58914,6.94576,425,84143,0.029776,0.03,1,128174,127749,425
19257401,2.51783,4.58915,423,84168,0.00595521,0.03,1,128176,127753,423
19260321,12.5036,2.51783,436,84193,0.00919104,0,1,128191,127755,436
19263241,4.10071,12.5036,423,84218,0.00983821,0.01,1,128193,127770,423
19266161,2.42014,4.10071,423,84243,0.00996764,0.01,1,128195,127772,423
19269081,10.884,2.42014,434,84268,0.00199353,0,1,128208,127774,434
19272001,6.97681,10.884,427,84293,0.000398706,0.03,1,128214,127787,427
19274921,2.99536,6.97681,423,84318,0.00807974,0,1,128216,127793,423
19277841,4.59907,2.99536,426,84343,0.00161595,0.03,1,128221,127795,426
19280761,27.3198,4.59907,454,84368,0.0403232,0.01,1,128254,127800,454
19283681,11.864,26.5198,430,84393,0.0160646,0.03,1,128262,127832,430
19286601,3.97279,11.704,424,84418,0.0112129,0.03,1,128264,127840,424
19289521,3.99456,3.94079,426,84443,0.0102426,0.07,1,128268,127842,426
19292441,2.39891,3.98816,424,84468,0.0100485,0.07,1,128270,127846,424
19295361,14.0798,2.39763,439,84493,0.0020097,0,1,128287,127848,439
19298281,27.616,14.8795,452,84518,0.000401941,0,1,128318,127866,452
19301201,132.723,27.7759,580,84543,0.0560804,0.07,1,128477,127897,580
19304121,28.1446,131.955,424,84568,0.0672161,0.07,1,128479,128055,424
19307041,19.2289,27.991,439,84593,0.0534432,0.03,1,128496,128057,439
19309961,11.8458,18.3982,433,84618,0.0506886,0.05,1,128506,128073,433
19312881,16.7692,11.6796,441,84643,0.0501377,0.07,1,128524,128083,441
19315801,16.1538,15.9359,440,84668,0.0500275,0.05,1,128540,128100,440
19318721,16.8308,18.3872,438,84693,0.0100055,0,1,128557,128119,438
19321641,8.96615,17.2774,428,84718,0.0260011,0.01,1,128564,128136,428
19324561,8.99323,9.05549,430,84743,0.00520022,0.01,1,128573,128143,430
19327481,4.99865,8.2111,426,84768,0.00904004,0,1,128577,128151,426
19330401,6.59973,5.64222,428,84793,0.025808,0.03,1,128584,128156,428
19333321,6.91995,6.72844,428,84818,0.0291616,0.03,1,128591,128163,428
19336241,4.58399,6.94569,425,84843,0.0298323,0.03,1,128595,128170,425
19339161,2.5168,4.58914,423,84868,0.00596646,0,1,128597,128174,423
19342081,12.5034,2.51783,436,84893,0.00919329,0.01,1,128612,128176,436
19345001,4.10067,12.5036,423,84918,0.00983866,0.01,1,128614,128191,423
19347921,2.42013,4.10071,423,84943,0.00996773,0.01,1,128616,128193,423
19350841,10.884,2.42014,434,84968,0.00199355,0,1,128629,128195,434
19353761,6.97681,10.884,427,84993,0.000398709,0,1,128635,128208,427
19356681,2.99536,6.97681,423,85018,0.00807974,0.01,1,128637,128214,423
19359601,4.59907,2.99536,426,85043,0.00161595,0,1,128642,128216,426
19362521,27.3198,4.59907,454,85068,0.0243232,0.05,1,128675,128221,454
19365441,12.664,27.3198,430,85093,0.0448646,0.01,1,128684,128254,430
19368361,4.13279,11.864,424,85118,0.0489729,0.01,1,128686,128262,424
19371281,4.02656,3.97279,426,85143,0.0177946,0.01,1,128690,128264,426
19374201,2.40531,3.99456,424,85168,0.0115589,0.01,1,128692,128268,424
19377121,13.2811,2.39891,438,85193,0.00231178,0,1,128708,128270,438
19380041,27.4562,14.0798,452,85218,0.000462357,0,1,128739,128287,452
19382961,135.091,27.616,583,85243,0.0240925,0.07,1,128901,128318,583
19385881,28.6182,132.723,426,85268,0.0288185,0.07,1,128903,128477,426
19388801,18.5236,28.1446,440,85292,0.0297637,0.05,1,128919,128479,440
19391721,11.7047,19.2289,433,85316,0.0299527,0.05,1,128929,128496,433
19394641,16.7409,11.8458,441,85340,0.0299905,0.05,1,128947,128506,441
19397561,14.5482,16.7692,437,85364,0.0459981,0.05,1,128961,128524,437
19400481,4.50964,16.1538,423,85388,0.0491996,0,1,128963,128540,423
19403401,14.5019,16.8308,423,85412,0.0338399,0.03,1,128980,128557,423
19406321,8.50039,8.96615,423,85436,0.00676798,0,1,128987,128564,423
19409241,8.10008,8.99323,422,85460,0.0253536,0.01,1,128995,128573,422
19412161,4.82002,4.99865,422,85484,0.0450707,0.03,1,128999,128577,422
19415081,6.564,6.59973,422,85508,0.0330141,0.03,1,129006,128584,422
19418001,6.9128,6.91995,422,85532,0.0146028,0.03,1,129013,128591,422
19420921,4.58256,4.58399,422,85556,0.0269206,0,1,129017,128595,422
19423841,2.51651,2.5168,422,85580,0.0293841,0.01,1,129019,128597,422
19426761,12.5033,12.5034,422,85604,0.00587682,0.01,1,129034,128612,422
19429681,4.10066,4.10067,422,85628,0.00917536,0.01,1,129036,128614,422
19432601,2.42013,2.42013,422,85652,0.00983507,0,1,129038,128616,422
19435521,10.884,10.884,422,85676,0.00196701,0,1,129051,128629,422
19438441,6.97681,6.97681,422,85700,0.0243934,0.01,1,129057,128635,422
19441361,2.99536,2.99536,422,85724,0.00487868,0,1,129059,128637,422
19444281,4.59907,4.59907,422,85748,0.000975736,0.03,1,129064,128642,422
19447201,28.1198,27.3198,423,85772,0.00819515,0.05,1,129098,128675,423
19450121,12.824,12.664,423,85796,0.025639,0.05,1,129107,128684,423
19453041,4.16479,4.13279,423,85820,0.0291278,0.01,1,129109,128686,423
19455961,4.03296,4.02656,423,85844,0.0298256,0.01,1,129113,128690,423
19458881,2.40659,2.40531,423,85868,0.0299651,0,1,129115,128692,423
19461801,12.4813,13.2811,422,85892,0.00599302,0,1,129130,128708,422
19464721,27.2963,27.4562,422,85916,0.0011986,0.03,1,129161,128739,422
19467641,135.859,135.091,423,85940,0.00823972,0.03,1,129324,128901,423
19470561,28.7719,28.6182,423,85964,0.00964794,0.03,1,129326,128903,423
19473481,18.5544,18.5236,423,85988,0.0419296,0.03,1,129342,128919,423
19476401,11.7109,11.7047,423,86012,0.0323859,0.03,1,129352,128929,423
19479321,17.5422,16.7409,424,86036,0.0464772,0.05,1,129371,128947,424
19482241,14.7084,14.5482,424,86060,0.0492954,0.05,1,129385,128961,424
19485161,4.54169,4.50964,424,86084,0.0818591,0.03,1,129387,128963,424
19488081,12.9083,14.5019,422,86108,0.0723718,0,1,129402,128980,422
19491001,8.18167,8.50039,422,86132,0.0704744,0.03,1,129409,128987,422
19493921,8.03633,8.10008,422,86156,0.0380949,0.05,1,129417,128995,422
19496841,4.80727,4.82002,422,86180,0.031619,0.03,1,129421,128999,422
19499761,6.56145,6.564,422,86204,0.0463238,0.01,1,129428,129006,422
19502681,6.91229,6.9128,422,86228,0.0332648,0.03,1,129435,129013,422
19505601,4.58246,4.58256,422,86252,0.030653,0.03,1,129439,129017,422
19508521,2.51649,2.51651,422,86276,0.0301306,0,1,129441,129019,422
19511441,12.5033,12.5033,422,86300,0.00602612,0.01,1,129456,129034,422
19514361,4.10066,4.10066,422,86324,0.00920522,0.01,1,129458,129036,422
19517281,2.42013,2.42013,422,86348,0.00984104,0,1,129460,129038,422
19520201,10.884,10.884,422,86372,0.00196821,0.03,1,129473,129051,422
19523121,6.97681,6.97681,422,86396,0.0243936,0,1,129479,129057,422
19526041,2.99536,2.99536,422,86420,0.00487873,0,1,129481,129059,422
19528961,4.59907,4.59907,422,86444,0.0249757,0.01,1,129486,129064,422
19531881,28.1198,28.1198,422,86468,0.00499515,0.03,1,129520,129098,422
19534801,12.824,12.824,422,86492,0.024999,0.03,1,129529,129107,422
19537721,4.16479,4.16479,422,86516,0.0289998,0.03,1,129531,129109,422
19540641,4.03296,4.03296,422,86540,0.0298,0.03,1,129535,129113,422
19543561,2.40659,2.40659,422,86564,0.02996,0,1,129537,129115,422
19546481,12.4813,12.4813,422,86588,0.005992,0,1,129552,129130,422
19549401,27.2963,27.2963,422,86612,0.0011984,0.01,1,129583,129161,422
19552321,135.859,135.859,422,86636,0.0402397,0.01,1,129746,129324,422
19555241,28.7719,28.7719,422,86660,0.0480479,0.05,1,129748,129326,422
19558161,19.3544,18.5544,423,86684,0.0336096,0.03,1,129765,129342,423
19561081,11.8709,11.7109,423,86708,0.0307219,0.05,1,129775,129352,423
19564001,18.3742,17.5422,424,86732,0.0301444,0.05,1,129795,129371,424
19566921,14.8748,14.7084,424,86756,0.0300289,0.09,1,129809,129385,424
19569841,4.57497,4.54169,424,86780,0.0300058,0.07,1,129811,129387,424
19572761,11.315,12.9083,422,86804,0.0620012,0.07,1,129824,129402,422
19575681,7.863,8.18167,422,86828,0.0844002,0.07,1,129831,129409,422
19578601,7.9726,1.63633,430,86852,0.0888801,0.03,1,129839,129409,430
19581521,4.79452,6.72727,426,86876,0.057776,0.03,1,129843,129417,426
19584441,5.7589,4.54545,428,86900,0.0515552,0.05,1,129849,129421,428
19587361,6.75178,6.50909,428,86924,0.034311,0.03,1,129856,129428,428
19590281,4.55036,6.90182,425,86948,0.0308622,0.03,1,129860,129435,425
19593201,2.51007,4.58036,423,86972,0.00617244,0.03,1,129862,129439,423
19596121,12.502,2.51607,436,86996,0.00923449,0,1,129877,129441,436
19599041,4.1004,12.5032,423,87020,0.0098469,0.01,1,129879,129456,423
19601961,2.42008,4.10064,423,87044,0.00996938,0.01,1,129881,129458,423
19604881,10.884,2.42013,434,87068,0.00199388,0,1,129894,129460,434
19607801,6.9768,10.884,427,87092,0.000398775,0.03,1,129900,129473,427
19610721,2.99536,6.97681,423,87116,0.00807976,0,1,129902,129479,423
19613641,4.59907,2.99536,426,87140,0.00161595,0.03,1,129907,129481,426
19616561,28.1198,4.59907,455,87164,0.00832319,0,1,129941,129486,455
19619481,12.824,28.1198,430,87188,0.00966464,0.03,1,129950,129520,430
19622401,4.16479,12.824,423,87212,0.0419329,0.03,1,129952,129529,423
19625321,4.03296,4.16479,425,87236,0.0643866,0.03,1,129956,129531,425
19628241,2.40659,4.03296,423,87260,0.0368773,0.03,1,129958,129535,423
19631161,12.4813,2.40659,436,87284,0.00737546,0,1,129973,129537,436
19634081,27.2963,12.4813,452,87308,0.00147509,0,1,130004,129552,452
19637001,135.859,27.2963,584,87332,0.024295,0.05,1,130167,129583,584
19639921,28.7719,135.859,423,87356,0.028859,0.05,1,130169,129746,423
19642841,20.1544,28.7719,439,87380,0.0457718,0.03,1,130187,129748,439
19645761,12.0309,19.3544,432,87404,0.0491544,0.03,1,130197,129765,432
19648681,18.4062,11.8709,442,87428,0.0658309,0.03,1,130217,129775,442
19651601,15.6812,18.3742,437,87452,0.0851662,0.03,1,130232,129795,437
19654521,4.73625,14.8748,425,87476,0.0570332,0.03,1,130234,129809,425
19657441,12.1472,4.57497,437,87500,0.0514066,0.07,1,130248,129811,437
19660361,7.22945,11.315,430,87524,0.0502813,0.09,1,130254,129824,430
19663281,7.84589,7.863,431,87548,0.0500563,0.09,1,130262,129831,431
19666201,4.76918,7.9726,427,87572,0.0500113,0.05,1,130266,129839,427
19669121,4.15384,4.79452,427,87596,0.0500023,0.05,1,130270,129843,427
19672041,6.43077,5.7589,428,87620,0.0820005,0.03,1,130277,129849,428
19674961,4.48615,6.75178,425,87644,0.1044,0.03,1,130281,129856,425
19677881,2.49723,4.55036,423,87668,0.07688,0,1,130283,129860,423
19680801,12.4994,2.51007,436,87692,0.023376,0.01,1,130298,129862,436
19683721,4.09989,12.502,423,87716,0.0126752,0.01,1,130300,129877,423
19686641,2.41998,4.1004,423,87740,0.010535,0.01,1,130302,129879,423
19689561,10.884,2.42008,434,87764,0.00210701,0,1,130315,129881,434
19692481,6.9768,10.884,427,87788,0.000421402,0,1,130321,129894,427
19695401,2.99536,6.9768,423,87812,0.00808428,0.01,1,130323,129900,423
19698321,4.59907,2.99536,426,87836,0.00161686,0,1,130328,129902,426
19701241,28.9198,4.59907,456,87860,0.0403234,0.01,1,130363,129907,456
19704161,12.984,28.1198,431,87884,0.0320647,0.01,1,130372,129941,431
19707081,4.19679,12.824,424,87908,0.0304129,0.05,1,130374,129950,424
19710001,4.03936,4.16479,426,87932,0.0300826,0.07,1,130378,129952,426
19712921,2.40787,4.03296,424,87956,0.0300165,0.03,1,130380,129956,424
19715841,11.6816,2.40659,436,87980,0.0060033,0,1,130394,129958,436
19718761,27.1363,12.4813,452,88004,0.00120066,0,1,130425,129973,452
19721681,137.427,27.2963,586,88028,0.0402401,0.03,1,130590,130004,586
19724601,29.0855,135.859,425,88052,0.080048,0.03,1,130592,130167,425
19727521,20.2171,28.7719,441,88076,0.0880096,0.05,1,130610,130169,441
19730441,12.8434,20.1544,434,88100,0.105602,0.05,1,130621,130187,434
19733361,18.5687,12.0309,444,88124,0.0771204,0.07,1,130641,130197,444
19736281,14.9137,18.4062,438,88148,0.0714241,0.09,1,130655,130217,438
19739201,4.58275,15.6812,425,88172,0.0702848,0.05,1,130657,130232,425
19742121,12.1165,4.73625,437,88196,0.070057,0.05,1,130671,130234,437
19745041,7.22331,12.1472,429,88220,0.0700114,0.05,1,130677,130248,429
19747961,8.64466,7.22945,432,88244,0.0860023,0.05,1,130686,130254,432
19750881,4.92893,7.84589,428,88268,0.0892005,0.05,1,130690,130262,428
19753801,4.18579,4.76918,428,88292,0.0578401,0.05,1,130694,130266,428
19756721,2.43716,4.15384,426,88316,0.051568,0.09,1,130696,130270,426
19759641,5.28743,6.43077,425,88340,0.0503136,0.11,1,130702,130277,425
19762561,2.65749,4.48615,423,88364,0.0500627,0.07,1,130704,130281,423
19765481,2.1315,2.49723,423,88388,0.0500125,0.01,1,130706,130283,423
19768401,11.6263,12.4994,422,88412,0.0660025,0.01,1,130720,130298,422
19771321,3.92526,4.09989,422,88436,0.0692005,0.01,1,130722,130300,422
19774241,2.38505,2.41998,422,88460,0.0698401,0,1,130724,130302,422
19777161,10.877,10.884,422,88484,0.021968,0,1,130737,130315,422
19780081,6.9754,6.9768,422,88508,0.0283936,0.01,1,130743,130321,422
19783001,2.99508,2.99536,422,88532,0.00567872,0,1,130745,130323,422
19785921,4.59902,4.59907,422,88556,0.00113574,0.05,1,130750,130328,422
19788841,28.9198,28.9198,422,88580,0.000227149,0.03,1,130785,130363,422
19791761,13.784,12.984,423,88604,0.00804543,0.03,1,130795,130372,423
19794681,4.35679,4.19679,423,88628,0.00960909,0.03,1,130797,130374,423
19797601,4.07136,4.03936,423,88652,0.00992182,0.03,1,130801,130378,423
19800521,2.41427,2.40787,423,88676,0.0579844,0,1,130803,130380,423
19803441,10.8829,11.6816,422,88700,0.0195969,0,1,130816,130394,422
19806361,30.9766,27.1363,427,88724,0.0279194,0.05,1,130852,130425,427
19809281,137.395,137.427,426,88748,0.0775839,0.09,1,131016,130590,426
19812201,29.0791,29.0855,426,88772,0.0875168,0.09,1,131018,130592,426
19815121,20.2158,20.2171,426,88796,0.121503,0.11,1,131036,130610,426
19818041,12.0432,12.8434,425,88820,0.0963007,0.07,1,131046,130621,425
19820961,18.4086,18.5687,425,88843,0.17126,0.07,1,131066,130641,425
19823881,14.8817,14.9137,425,88866,0.154252,0.07,1,131080,130655,425
19826801,4.57635,4.58275,425,88889,0.18285,0.07,1,131082,130657,425
19829721,12.1153,12.1165,425,88912,0.20457,0.07,1,131096,130671,425
19832641,7.22305,7.22331,425,88935,0.208914,0.09,1,131102,130677,425
19835561,7.84461,8.64466,424,88958,0.209783,0.09,1,131110,130686,424
19838481,4.76892,4.92893,424,88981,0.177957,0.05,1,131114,130690,424
19841401,4.15378,4.18579,424,89004,0.203591,0.05,1,131118,130694,424
19844321,2.43076,2.43716,424,89027,0.176718,0.05,1,131120,130696,424
19847241,6.08615,5.28743,425,89050,0.203344,0.05,1,131127,130702,425
19850161,2.81723,2.65749,425,89073,0.208669,0.05,1,131129,130704,425
19853081,2.16345,2.1315,425,89096,0.209734,0.07,1,131131,130706,425
19856001,10.0327,11.6263,423,89119,0.257947,0.07,1,131143,130720,423
19858921,3.60654,3.92526,423,89142,0.235589,0.07,1,131145,130722,423
19861841,2.32131,2.38505,423,89165,0.231118,0.01,1,131147,130724,423
19864761,10.0643,10.877,422,89188,0.230224,0.03,1,131159,130737,422
19867681,6.81285,6.9754,422,89211,0.230045,0,1,131165,130743,422
19870601,2.96257,2.99508,422,89234,0.198009,0,1,131167,130745,422
19873521,4.59251,4.59902,422,89257,0.207602,0,1,131172,130750,422
19876441,28.9185,28.9198,422,89280,0.0415204,0.01,1,131207,130785,422
19879361,14.5837,13.784,423,89303,0.0323041,0.01,1,131218,130795,423
19882281,4.51674,4.35679,423,89326,0.0304608,0.01,1,131220,130797,423
19885201,4.10335,4.07136,423,89349,0.0300922,0.07,1,131224,130801,423
19888121,2.42067,2.41427,423,89372,0.0300184,0.01,1,131226,130803,423
19891041,10.0841,10.8829,422,89395,0.0140037,0.03,1,131238,130816,422
19893961,33.2168,30.9766,425,89418,0.0428007,0.09,1,131277,130852,425
19896881,138.643,137.395,426,89441,0.0645601,0.09,1,131442,131016,426
19899801,29.3287,29.0791,426,89464,0.068912,0.13,1,131444,131018,426
19902721,20.2657,20.2158,426,89487,0.0697824,0.09,1,131462,131036,426
19905641,12.8531,12.0432,427,89510,0.0859565,0.19,1,131473,131046,427
19908561,20.1706,18.4086,429,89533,0.0731913,0.15,1,131495,131066,429
19911481,16.0341,14.8817,430,89556,0.0866383,0.19,1,131510,131080,430
19914401,4.80682,4.57635,430,89579,0.0893276,0.21,1,131512,131082,430
19917321,12.1614,12.1153,430,89602,0.0898655,0.21,1,131526,131096,430
19920241,7.23227,7.22305,430,89625,0.121973,0.21,1,131532,131102,430
19923161,7.84645,7.84461,430,89648,0.0963946,0.17,1,131540,131110,430
19926081,5.56929,4.76892,431,89671,0.107279,0.21,1,131545,131114,431
19929001,4.31386,4.15378,431,89694,0.109456,0.17,1,131549,131118,431
19931921,2.46277,2.43076,431,89717,0.109891,0.21,1,131551,131120,431
19934841,6.89255,6.08615,432,89740,0.109978,0.21,1,131559,131127,432
19937761,2.97851,1.21723,434,89763,0.109996,0.21,1,131561,131127,434
19940681,2.1957,1.84345,434,89786,0.109999,0.21,1,131563,131129,434
19943601,10.0391,1.96869,444,89809,0.126,0.27,1,131575,131131,444
19946521,3.60783,9.99374,434,89832,0.1292,0.23,1,131577,131143,434
19949441,2.32157,3.59875,434,89855,0.12984,0.23,1,131579,131145,434
19952361,8.46431,2.31975,442,89878,0.129968,0.23,1,131589,131147,442
19955281,4.89286,10.064,434,89901,0.129994,0.23,1,131593,131159,434
19958201,2.57857,6.81279,430,89924,0.129999,0.19,1,131595,131165,430
19961121,3.71571,2.96256,432,89947,0.13,0.21,1,131599,131167,432
19964041,23.9431,4.59251,456,89970,0.114,0,1,131628,131172,456
19966961,13.5886,28.9185,432,89993,0.1268,0.03,1,131639,131207,432
19969881,4.31773,14.5837,423,90016,0.12936,0.03,1,131641,131218,423
19972801,4.06355,4.51674,425,90039,0.129872,0.03,1,131645,131220,425
19975721,2.41271,4.10335,423,90062,0.0979744,0.03,1,131647,131224,423
19978641,10.0825,2.42067,433,90085,0.0915949,0.01,1,131659,131226,433
19981561,38.8165,10.0841,467,90108,0.106319,0.05,1,131705,131238,467
19984481,136.563,33.2168,589,90131,0.0612638,0.07,1,131866,131277,589
19987401,28.9127,138.643,426,90154,0.0522528,0.07,1,131868,131442,426
19990321,20.1825,29.3287,442,90177,0.0664506,0.07,1,131886,131444,442
19993241,12.0365,20.2657,434,90200,0.0692901,0.09,1,131896,131462,434
19996161,20.8073,12.8531,446,90223,0.117858,0.07,1,131919,131473,446
19999081,16.9615,20.1706,440,90246,0.143572,0.09,1,131935,131495,440
20002001,4.99229,16.0341,427,90269,0.148714,0.09,1,131937,131510,427
20004921,12.1985,4.80682,439,90292,0.149743,0.09,1,131951,131512,439
20007841,7.23969,12.1614,431,90315,0.149949,0.13,1,131957,131526,431
20010761,7.84794,7.23227,433,90338,0.14999,0.09,1,131965,131532,433
20013681,6.36959,7.84645,431,90361,0.165998,0.11,1,131971,131540,431
20016601,4.47392,5.56929,430,90384,0.1692,0.11,1,131975,131545,430
20019521,2.49478,4.31386,428,90407,0.16984,0.11,1,131977,131549,428
20022441,7.69896,2.46277,435,90430,0.201968,0.11,1,131986,131551,435
20025361,3.13979,6.89255,429,90453,0.208394,0.11,1,131988,131559,429
20028281,2.22796,2.97851,429,90476,0.177679,0.11,1,131990,131561,429
20031201,10.0456,2.1957,439,90499,0.171536,0.13,1,132002,131563,439
20034121,3.60912,10.0391,429,90522,0.170307,0.13,1,132004,131575,429
20037041,2.32182,3.60783,429,90545,0.170061,0.13,1,132006,131577,429
20039961,8.46436,2.32157,437,90568,0.186012,0.13,1,132016,131579,437
20042881,4.89287,8.46431,431,90591,0.189202,0.13,1,132020,131589,431
20045801,2.57857,4.89286,429,90614,0.20584,0.13,1,132022,131593,429
20048721,3.71571,2.57857,431,90637,0.209168,0.13,1,132026,131595,431
20051641,23.1431,3.71571,455,90660,0.209834,0.11,1,132054,131599,455
20054561,12.6286,23.9431,436,90683,0.209967,0.13,1,132064,131628,436
20057481,4.12573,13.5886,427,90706,0.209993,0.13,1,132066,131639,427
20060401,4.02515,4.31773,429,90729,0.209999,0.13,1,132070,131641,429
20063321,2.40503,4.06355,427,90752,0.21,0.09,1,132072,131645,427
20066241,6.88101,2.41271,433,90775,0.21,0.09,1,132080,131647,433
20069161,46.1762,10.0825,477,90798,0.226,0.11,1,132136,131659,477
20072081,132.435,38.8165,585,90821,0.1652,0.05,1,132290,131705,585
20075001,28.087,136.563,426,90844,0.15304,0.05,1,132292,131866,426
20077921,20.0174,28.9127,442,90867,0.134608,0.07,1,132310,131868,442
20080841,12.0035,20.1825,434,90890,0.146922,0.07,1,132320,131886,434
20083761,24.0007,12.0365,451,90913,0.213384,0.13,1,132347,131896,451
20086681,17.6001,20.8073,444,90936,0.226677,0.15,1,132363,131919,444
20089601,5.12003,16.9615,430,90959,0.229335,0.15,1,132365,131935,430
20092521,12.224,4.99229,442,90982,0.229867,0.15,1,132379,131937,442
20095441,8.0448,12.1985,435,91005,0.213973,0.15,1,132386,131951,435
20098361,8.00896,7.23969,437,91028,0.210795,0.15,1,132394,131957,437
20101281,6.40179,7.84794,435,91051,0.210159,0.17,1,132400,131965,435
20104201,5.28036,6.36959,434,91074,0.226032,0.17,1,132405,131971,434
20107121,2.65607,4.47392,432,91097,0.197206,0.17,1,132407,131975,432
20110041,6.93121,2.49478,438,91120,0.191441,0.21,1,132415,131977,438
20112961,2.98624,7.69896,431,91143,0.190288,0.21,1,132417,131986,431
20115881,2.19725,3.13979,431,91166,0.190058,0.17,1,132419,131988,431
20118801,10.0395,2.22796,441,91189,0.190012,0.17,1,132431,131990,441
20121721,3.60789,10.0456,431,91212,0.190002,0.17,1,132433,132002,431
20124641,2.32158,3.60912,431,91235,0.19,0.17,1,132435,132004,431
20127561,2.06432,2.32182,431,91258,0.19,0.19,1,132437,132006,431
20130481,9.21286,8.46436,432,91281,0.222,0.19,1,132448,132016,432
20133401,5.04257,4.89287,432,91304,0.2284,0.21,1,132452,132020,432
20136321,2.60851,2.57857,432,91327,0.22968,0.21,1,132454,132022,432
20139241,3.7217,3.71571,432,91350,0.197936,0.21,1,132458,132026,432
20142161,23.1443,23.1431,432,91373,0.207587,0.21,1,132486,132054,432
20145081,12.6289,12.6286,432,91396,0.209517,0.21,1,132496,132064,432
20148001,4.12577,4.12573,432,91419,0.209904,0.21,1,132498,132066,432
20150921,4.02515,4.02515,432,91442,0.209981,0.21,1,132502,132070,432
20153841,2.40503,2.40503,432,91465,0.241996,0.21,1,132504,132072,432
20156761,3.68101,6.88101,428,91488,0.216399,0.23,1,132508,132080,428
20159681,53.5362,46.1762,438,91511,0.35528,0.15,1,132574,132136,438
20162601,125.107,132.435,427,91534,0.447056,0.15,1,132717,132290,427
20165521,26.6214,28.087,427,91557,0.465411,0.13,1,132719,132292,427
20168441,21.3243,20.0174,429,91580,0.501082,0.15,1,132739,132310,429
20171361,12.2649,12.0035,429,91603,0.508216,0.23,1,132749,132320,429
20174281,27.253,24.0007,433,91626,0.645643,0.23,1,132780,132347,433
20177201,18.2506,17.6001,433,91649,0.673129,0.23,1,132796,132363,433
20180121,5.25012,5.12003,433,91672,0.678626,0.23,1,132798,132365,433
20183041,12.25,12.224,433,91695,0.687725,0.21,1,132812,132379,433
20185961,7.25,8.0448,432,91718,0.673545,0.21,1,132818,132386,432
20188881,7.85,8.00896,432,91741,0.702709,0.21,1,132826,132394,432
20191801,6.37,6.40179,432,91764,0.676542,0.23,1,132832,132400,432
20194721,4.474,5.28036,431,91787,0.671308,0.19,1,132836,132405,431
20197641,2.4948,2.65607,431,91810,0.670262,0.19,1,132838,132407,431
20200561,6.89896,6.93121,431,91833,0.670052,0.19,1,132846,132415,431
20203481,2.97979,2.98624,431,91856,0.67001,0.19,1,132848,132417,431
20206401,2.19596,2.19725,431,91879,0.702002,0.19,1,132850,132419,431
20209321,10.0392,10.0395,431,91902,0.6924,0.19,1,132862,132431,431
20212241,3.60784,3.60789,431,91925,0.69048,0.19,1,132864,132433,431
20215161,3.12157,2.32158,432,91948,0.706096,0.19,1,132867,132435,432
20218081,2.22431,2.06432,432,91971,0.709219,0.23,1,132869,132437,432
20221001,8.44486,9.21286,431,91994,0.725844,0.23,1,132879,132448,431
20223921,4.88897,5.04257,431,92017,0.745169,0.23,1,132883,132452,431
20226841,2.57779,2.60851,431,92040,0.749034,0.19,1,132885,132454,431
20229761,3.71556,3.7217,431,92063,0.749807,0.21,1,132889,132458,431
20232681,23.9431,23.1443,432,92086,0.765961,0.21,2,132918,132486,432
20235601,12.7886,12.6289,432,92109,0.769192,0.21,2,132928,132496,432
20238521,4.15772,4.12577,432,92132,0.769839,0.21,2,132930,132498,432
20241441,4.03154,4.02515,432,92155,0.769968,0.25,2,132934,132502,432
20244361,2.40631,2.40503,432,92178,0.801994,0.21,2,132936,132504,432
20247281,3.68126,3.68101,432,92201,0.776399,0.39,2,132940,132508,432
20250201,62.3363,53.5362,443,92224,0.68328,0.47,1,133017,132574,443
20253121,128.467,125.107,445,92247,0.768656,0.47,2,133162,132717,445
20256041,27.2934,26.6214,445,92270,0.785731,0.51,2,133164,132719,445
20258961,23.0587,21.3243,447,92293,0.805146,0.51,2,133186,132739,447
20261881,13.4117,12.2649,448,92316,0.841029,0.68,2,133197,132749,448
20264801,32.2823,27.253,454,92339,0.808206,0.68,2,133234,132780,454
20267721,19.2565,18.2506,454,92362,0.825641,0.68,2,133250,132796,454
20270641,5.45129,5.25012,454,92385,0.829128,0.69,2,133252,132798,454
20273561,13.0903,12.25,455,92408,0.845826,0.67,2,133267,132812,455
20276481,7.41805,7.25,455,92431,0.809165,0.71,2,133273,132818,455
20279401,7.88361,7.85,455,92454,0.841833,0.67,2,133281,132826,455
20282321,6.37672,6.37,455,92477,0.816367,0.67,2,133287,132832,455
20285241,4.47534,4.474,455,92500,0.811273,0.67,2,133291,132836,455
20288161,2.49507,2.4948,455,92523,0.810255,0.67,2,133293,132838,455
20291081,7.69901,6.89896,456,92546,0.826051,0.67,2,133302,132846,456
20294001,3.1398,2.97979,456,92569,0.82921,0.71,2,133304,132848,456
20296921,2.22796,2.19596,456,92592,0.829842,0.69,2,133306,132850,456
20299841,12.4456,10.0392,459,92615,0.829968,0.69,2,133321,132862,459
20302761,4.08912,3.60784,459,92638,0.829994,0.71,2,133323,132864,459
20305681,2.41782,3.12157,458,92661,0.829999,0.71,2,133325,132867,458
20308601,2.08356,2.22431,458,92684,0.83,0.71,2,133327,132869,458
20311521,8.41671,0.444863,468,92706,0.83,0.73,2,133337,132869,468
20314441,4.88334,8.08897,462,92728,0.83,0.75,2,133341,132879,462
20317361,2.57667,4.81779,460,92750,0.83,0.75,2,133343,132883,460
20320281,3.71533,2.56356,462,92772,0.83,0.75,2,133347,132885,462
20323201,24.7431,3.71271,488,92794,0.862,0.77,2,133377,132889,488
20326121,12.9486,23.9425,469,92816,0.8684,0.77,2,133387,132918,469
20329041,4.18972,12.7885,461,92838,0.86968,0.77,2,133389,132928,461
20331961,4.03794,4.1577,463,92860,0.869936,0.77,2,133393,132930,463
20334881,2.40759,4.03154,461,92882,0.869987,0.81,2,133395,132934,461
20337801,3.68152,2.40631,463,92904,0.869997,0.77,2,133399,132936,463
20340721,62.3363,3.68126,536,92926,0.757999,0.66,2,133476,132940,536
20896521,40,31,455,46036,0.05,0.57,1,136697,136242,455
20899441,9.6,11,451,46082,0.066,0.57,1,136699,136248,451
20902361,3.52,3.8,451,46128,0.0692,0.59,1,136701,136250,451
20905281,2.304,2.36,451,46174,0.06984,0.36,1,136703,136252,451
20908201,126.061,29.272,572,46220,0.213968,0.03,1,136860,136288,572
20911121,69.2122,155.454,440,46266,0.0827936,0.03,1,136915,136475,440
20914041,45.8424,64.6909,438,46312,0.0405587,0.04,1,136955,136517,438
20916961,36.3685,34.5382,445,46358,0.0161117,0.07,1,136989,136544,445
20919881,25.6737,33.3076,435,46403,0.0992224,0.05,1,137012,136577,435
20922801,29.1347,25.0615,442,46448,0.147844,0.05,1,137042,136600,442
20925721,35.4269,50.6123,422,46493,0.181569,0.05,1,137079,136657,422
20928641,8.68539,10.1225,424,46538,0.156314,0.05,1,137081,136657,424
20931561,3.33708,2.02449,426,46583,0.183263,0.05,1,137083,136657,426
20934481,2.26742,0.404898,428,46628,0.156653,0.05,1,137085,136657,428
20937401,2.05348,0.0809797,430,46673,0.151331,0.05,1,137087,136657,430
20940321,27.6107,0.0161959,464,46718,0.118266,0.05,1,137121,136657,464
20943241,7.12214,32.0032,426,46763,0.111653,0.07,1,137123,136697,426
20946161,3.02443,8.00065,426,46808,0.110331,0.07,1,137125,136699,426
20949081,2.20489,3.20013,426,46853,0.110066,0.07,1,137127,136701,426
20952001,130.041,2.24003,586,46898,0.198013,0.25,1,137289,136703,586
20954921,65.2082,126.048,478,46943,0.159603,0.05,1,137338,136860,478
20957841,43.4416,69.2096,461,46988,0.183921,0.03,1,137376,136915,461
20960761,37.4883,45.8419,457,47033,0.0607841,0.01,1,137412,136955,457
20963681,30.6977,36.3684,452,47078,0.0921568,0.12,1,137441,136989,452
20966601,30.1395,25.6737,459,47123,0.0744314,0.16,1,137471,137012,459
20969521,34.8279,29.1347,465,47168,0.166886,0.19,1,137507,137042,465
20972441,8.56558,35.4269,430,47213,0.185377,0.15,1,137509,137079,430
20975361,3.31312,8.68539,430,47258,0.189075,0.19,1,137511,137081,430
20978281,2.26262,3.33708,430,47303,0.189815,0.15,1,137513,137083,430
20981201,2.05252,2.26742,430,47348,0.189963,0.15,1,137515,137085,430
20984121,26.0105,2.05348,460,47393,0.189993,0.11,1,137547,137087,460
20987041,6.8021,27.6107,428,47437,0.189999,0.11,1,137549,137121,428
20989961,2.96042,7.12214,428,47481,0.19,0.11,1,137551,137123,428
20992881,2.19208,3.02443,428,47525,0.19,0.11,1,137553,137125,428
20995801,2.03842,2.20489,428,47569,0.19,0.22,1,137555,137127,428
20998721,133.208,130.041,432,47613,0.35,0.15,1,137721,137289,432
21001641,63.4415,65.2082,429,47657,0.35,0.19,1,137767,137338,429
21004561,38.2883,43.4416,423,47701,0.35,0.03,1,137799,137376,423
21007481,35.6577,37.4883,422,47745,0.238,0.1,1,137834,137412,422
21010401,37.5315,30.6977,431,47789,0.0556,0.07,1,137872,137441,431
21013321,31.5063,30.1395,431,47833,0.11512,0.19,1,137902,137471,431
21016241,35.1013,34.8279,431,47877,0.143024,0.19,1,137938,137507,431
21019161,8.62025,8.56558,431,47921,0.180605,0.19,1,137940,137509,431
21022081,3.32405,3.31312,431,47965,0.156121,0.19,1,137942,137511,431
21025001,2.26481,2.26262,431,48009,0.183224,0.19,1,137944,137513,431
21027921,2.05296,2.05252,431,48053,0.188645,0.19,1,137946,137515,431
21030841,26.0106,26.0105,431,48097,0.189729,0.19,1,137978,137547,431
21033761,6.80212,6.8021,431,48141,0.189946,0.19,1,137980,137549,431
21036681,2.96042,2.96042,431,48185,0.189989,0.19,1,137982,137551,431
21039601,2.19208,2.19208,431,48229,0.157998,0.19,1,137984,137553,431
21042521,2.03842,2.03842,431,48273,0.1516,0.39,1,137986,137555,431
21045441,139.608,133.208,439,48317,0.17432,0.35,1,138160,137721,439
21048361,64.7215,63.4415,439,48361,0.170864,0.35,1,138206,137767,439
21051281,38.5443,38.2883,439,48405,0.202173,0.21,1,138238,137799,439
21054201,25.3089,35.6577,426,48449,0.208435,0.01,1,138260,137834,426
21057121,33.8618,37.5315,424,48492,0.113687,0.13,1,138296,137872,424
21060041,33.9724,31.5063,428,48535,0.0307374,0.15,1,138330,137902,428
21062961,36.3945,35.1013,429,48578,0.0781475,0.19,1,138367,137938,429
21065881,8.87889,8.62025,429,48621,0.119629,0.15,1,138369,137940,429
21068801,3.37578,3.32405,429,48664,0.127926,0.19,1,138371,137942,429
21071721,2.27516,2.26481,429,48707,0.0975852,0.19,1,138373,137944,429
21074641,2.05503,2.05296,429,48750,0.091517,0.19,1,138375,137946,429
21077561,26.011,26.0106,429,48793,0.0903034,0.19,1,138407,137978,429
21080481,6.8022,6.80212,429,48836,0.122061,0.19,1,138409,137980,429
21083401,2.96044,1.36042,431,48879,0.128412,0.19,1,138411,137980,431
21086321,2.19209,1.87208,431,48922,0.0976824,0.15,1,138413,137982,431
21089241,2.03842,1.97442,431,48965,0.123536,0.15,1,138415,137984,431
21092161,139.608,1.99488,603,49008,0.0807073,0.18,1,138589,137986,603
21095081,64.7215,139.599,475,49051,0.168141,0.17,1,138635,138160,475
21098001,39.3443,64.7198,462,49094,0.217628,0.21,1,138668,138206,462
21100921,24.6689,38.544,451,49137,0.211526,0.21,1,138689,138238,451
21103841,30.5338,25.3088,461,49180,0.186305,0.09,1,138721,138260,461
21106761,34.1068,33.8618,460,49223,0.133261,0.01,1,138756,138296,460
21109681,35.6214,33.9724,462,49266,0.162652,0.09,1,138792,138330,462
21112601,8.72427,36.3945,427,49309,0.16853,0.13,1,138794,138367,427
21115521,3.34485,8.87889,427,49352,0.169706,0.13,1,138796,138369,427
21118441,2.26897,3.37578,427,49395,0.169941,0.09,1,138798,138371,427
21121361,2.05379,2.27516,427,49438,0.169988,0.09,1,138800,138373,427
21124281,26.0108,2.05503,457,49481,0.169998,0.09,1,138832,138375,457
21127201,6.80215,26.011,427,49524,0.17,0.13,1,138834,138407,427
21130121,2.96043,6.8022,427,49567,0.17,0.13,1,138836,138409,427
21133041,2.19209,2.96044,427,49610,0.17,0.09,1,138838,138411,427
21135961,2.03842,2.19209,427,49652,0.17,0.13,1,138840,138413,427
21138881,143.608,2.03842,604,49694,0.186,0.07,1,139019,138415,604
21141801,66.3215,139.608,477,49736,0.2052,0.19,1,139066,138589,477
21144721,38.8643,64.7215,463,49778,0.20904,0.23,1,139098,138635,463
21147641,25.3729,39.3443,452,49820,0.209808,0.21,1,139120,138668,452
21150561,29.8746,24.6689,462,49862,0.217962,0.18,1,139151,138689,462
21153481,29.9749,30.5338,460,49904,0.219592,0.12,1,139181,138721,460
21156401,37.995,34.1068,465,49946,0.243918,0.17,1,139221,138756,465
21159321,9.199,35.6214,431,49988,0.264784,0.17,1,139223,138792,431
21162241,3.4398,8.72427,431,50030,0.268957,0.17,1,139225,138794,431
21165161,2.28796,3.34485,431,50072,0.269791,0.17,1,139227,138796,431
21168081,2.05759,2.26897,431,50114,0.269958,0.17,1,139229,138798,431
21171001,26.0115,2.05379,461,50156,0.269992,0.17,1,139261,138800,461
21173921,6.8023,26.0108,431,50198,0.269998,0.17,1,139263,138832,431
21176841,2.96046,6.80215,431,50240,0.27,0.17,1,139265,138834,431
21179761,2.19209,2.96043,431,50282,0.27,0.17,1,139267,138836,431
21182681,2.03842,2.19209,431,50324,0.27,0.17,1,139269,138838,431
21185601,2.00768,2.03842,431,50366,0.27,0.19,1,139271,138840,431
21188521,143.602,143.608,431,50408,0.254,0.21,1,139450,139019,431
21191441,67.1203,66.3215,432,50450,0.2668,0.21,1,139498,139066,432
21194361,39.0241,38.8643,432,50492,0.26936,0.21,1,139530,139098,432
21197281,26.2048,25.3729,433,50534,0.285872,0.22,1,139553,139120,433
21200201,29.241,29.8746,432,50576,0.225174,0.22,1,139583,139151,432
21203121,29.8482,29.9749,432,50618,0.245035,0.25,1,139613,139181,432
21206041,40.3696,37.995,435,50660,0.249007,0.27,1,139656,139221,435
21208961,9.67393,9.199,435,50702,0.281801,0.27,1,139658,139223,435
21211881,3.53479,3.4398,435,50744,0.25636,0.27,1,139660,139225,435
21214801,2.30696,2.28796,435,50786,0.283272,0.27,1,139662,139227,435
21217721,2.06139,2.05759,435,50827,0.288654,0.27,1,139664,139229,435
21220641,26.0123,26.0115,435,50868,0.289731,0.27,1,139696,139261,435
21223561,6.80246,6.8023,435,50909,0.289946,0.27,1,139698,139263,435
21226481,2.96049,2.96046,435,50950,0.289989,0.27,1,139700,139265,435
21229401,2.1921,2.19209,435,50991,0.257998,0.27,1,139702,139267,435
21232321,2.03842,2.03842,435,51032,0.2516,0.27,1,139704,139269,435
21235241,2.00768,2.00768,435,51073,0.25032,0.25,1,139706,139271,435
21238161,141.202,143.602,432,51114,0.202064,0.27,1,139882,139450,432
21241081,67.4403,67.1203,433,51155,0.224413,0.27,1,139931,139498,433
21244001,40.6881,39.0241,435,51196,0.260883,0.29,1,139965,139530,435
21246921,25.7376,26.2048,434,51237,0.236177,0.21,1,139987,139553,434
21249841,27.5475,29.241,432,51278,0.239235,0.25,1,140015,139583,432
21252761,29.5095,29.8482,432,51319,0.255847,0.25,1,140045,139613,432
21255681,41.9019,40.3696,434,51360,0.259169,0.29,1,140090,139656,434
21258601,9.98038,9.67393,434,51401,0.291834,0.25,1,140092,139658,434
21261521,3.59608,3.53479,434,51442,0.306367,0.29,1,140094,139660,434
21264441,2.31922,2.30696,434,51483,0.277273,0.29,1,140096,139662,434
21267361,2.06384,2.06139,434,51524,0.271455,0.29,1,140098,139664,434
21270281,26.0128,26.0123,434,51565,0.286291,0.29,1,140130,139696,434
21273201,6.80255,6.80246,434,51606,0.321258,0.29,1,140132,139698,434
21276121,2.96051,2.96049,434,51647,0.328252,0.25,1,140134,139700,434
21279041,2.1921,2.1921,434,51688,0.29765,0.25,1,140136,139702,434
21281961,2.03842,2.03842,434,51729,0.32353,0.25,1,140138,139704,434
21284881,2.00768,2.00768,434,51770,0.296706,0.25,1,140140,139706,434
21287801,135.602,0.401537,603,51811,0.211341,0.19,1,140309,139706,603
21290721,70.3203,140.88,481,51852,0.258268,0.23,1,140363,139882,481
21293641,41.2641,67.3761,466,51893,0.283654,0.27,1,140397,139931,466
21296561,25.8528,40.6752,454,51934,0.304731,0.23,1,140419,139965,454
21299481,25.9706,25.735,458,51975,0.476946,0.24,1,140445,139987,458
21302401,30.7941,27.547,462,52016,0.463389,0.26,1,140477,140015,462
21305321,43.7588,29.5094,479,52056,0.508678,0.26,1,140524,140045,479
21308241,10.3518,41.9019,436,52096,0.525736,0.3,1,140526,140090,436
21311161,3.67035,9.98038,436,52136,0.537147,0.31,1,140528,140092,436
21314081,2.33407,3.59608,436,52176,0.539429,0.27,1,140530,140094,436
21317001,2.06681,2.31921,436,52216,0.531886,0.27,1,140532,140096,436
21319921,26.8134,2.06384,467,52256,0.514377,0.29,1,140565,140098,467
21322841,6.96267,26.0128,437,52296,0.510875,0.33,1,140567,140130,437
21325761,2.99253,6.80255,437,52336,0.510175,0.33,1,140569,140132,437
21328681,2.19851,2.96051,437,52376,0.510035,0.29,1,140571,140134,437
21331601,2.0397,2.1921,437,52416,0.510007,0.33,1,140573,140136,437
21334521,2.00794,2.03842,437,52456,0.510001,0.29,1,140575,140138,437
21337441,134.002,2.00768,602,52496,0.398,0.19,1,140742,140140,602
21340361,70.8003,135.602,488,52536,0.4476,0.27,1,140797,140309,488
21343281,42.1601,70.3203,469,52576,0.46552,0.29,1,140832,140363,469
21346201,26.832,41.2641,458,52616,0.485104,0.31,1,140855,140397,458
21349121,34.1664,25.8528,472,52656,0.553021,0.52,1,140891,140419,472
21352041,34.0333,25.9706,480,52696,0.542604,0.46,1,140925,140445,480
21354961,43.6067,30.7941,494,52736,0.556521,0.52,1,140971,140477,494
21357881,10.3213,43.7588,449,52776,0.559304,0.53,1,140973,140524,449
21360801,3.66427,10.3518,449,52816,0.559861,0.54,1,140975,140526,449
21363721,2.33285,3.67035,449,52856,0.559972,0.54,1,140977,140528,449
21366641,2.06657,2.33407,449,52896,0.559994,0.53,1,140979,140530,449
21369561,26.0133,2.06681,479,52936,0.567999,0.51,1,141011,140532,479
21372481,6.80266,26.8134,448,52976,0.5696,0.51,1,141013,140565,448
21375401,2.96053,6.96267,448,53016,0.56992,0.51,1,141015,140567,448
21378321,2.19211,2.99253,448,53056,0.569984,0.51,1,141017,140569,448
21381241,2.03842,2.19851,448,53096,0.585997,0.51,1,141019,140571,448
21384161,2.00768,2.0397,448,53136,0.589199,0.51,1,141021,140573,448
21387081,131.602,2.00794,610,53176,0.65384,0.37,1,141185,140575,610
21390001,71.1203,134.002,499,53216,0.706768,0.46,1,141241,140742,499
21392921,15.8241,70.8003,446,53256,0.717354,0.47,1,141243,140797,446
21395841,30.3648,42.1601,445,53296,0.743471,0.49,1,141277,140832,445
21398761,25.273,26.832,446,53335,0.764694,0.57,2,141301,140855,446
21401681,37.0546,34.1664,450,53374,0.896939,0.54,2,141341,140891,450
21404601,35.4109,34.0333,451,53413,0.875388,0.56,2,141376,140925,451
21407521,43.0822,43.6067,450,53452,0.879078,0.56,2,141421,140971,450
21410441,10.2164,10.3213,450,53491,0.879816,0.56,2,141423,140973,450
21413361,3.64329,3.66427,450,53530,0.879963,0.56,2,141425,140975,450
21416281,2.32866,2.33285,450,53569,0.911993,0.56,2,141427,140977,450
21419201,2.06573,2.06657,450,53608,0.918398,0.57,2,141429,140979,450
21422121,26.8131,26.0133,451,53647,0.90368,0.57,2,141462,141011,451
21425041,6.96263,6.80266,451,53686,0.900736,0.57,2,141464,141013,451
21427961,2.99253,2.96053,451,53725,0.900147,0.57,2,141466,141015,451
21430881,2.19851,2.19211,451,53764,0.900029,0.59,2,141468,141017,451
21433801,2.0397,2.03842,451,53803,0.908006,0.59,2,141470,141019,451
21436721,2.00794,2.00768,451,53842,0.909601,0.67,2,141472,141021,451
21439641,135.602,131.602,456,53881,0.82192,0.72,2,141641,141185,456
21442561,73.5203,71.1203,458,53920,0.892384,0.72,2,141699,141241,458
21445481,16.3041,15.8241,458,53959,0.906477,0.75,2,141701,141243,458
21657181,39,64,466,26441,0.07,0.33,1,143661,143195,466
21660101,62.2,76.8,454,26521,0.502,0.01,1,143729,143275,454
21663021,59.64,65.76,450,26601,0.2844,0.03,1,143788,143338,450
21665941,41.528,53.952,436,26681,0.08088,0.07,1,143825,143389,436
21668861,30.7056,35.5904,433,26760,0.040176,0,1,143853,143420,433
21671781,28.5411,35.9181,425,26839,0.0320352,0.03,1,143881,143456,425
21674701,11.3082,11.9836,426,26918,0.030407,0.01,1,143888,143462,426
21677621,53.4616,48.7967,432,26997,0.0300814,0,1,143952,143520,432
21680541,85.0923,91.3593,423,27075,0.0140163,0.07,1,144045,143622,423
21683461,47.4185,49.4719,422,27153,0.00280326,0.61,1,144083,143661,422
21686381,87.8837,64.2944,452,27231,0.0725607,0.23,1,144181,143729,452
21689301,46.3767,60.0589,429,27309,0.0865121,0.03,1,144217,143788,429
21692221,33.2753,41.6118,422,27387,0.0413024,0.03,1,144247,143825,422
21695141,29.0551,30.7224,422,27464,0.0642605,0.03,1,144275,143853,422
21698061,29.011,28.5445,423,27541,0.0208521,0.03,1,144304,143881,423
21700981,12.2022,11.3089,424,27618,0.0281704,0.03,1,144312,143888,424
21703901,52.8404,53.4618,423,27695,0.00563408,0.01,1,144375,143952,423
21706821,84.1681,85.0924,422,27771,0.00912682,0,1,144467,144045,422
21709741,47.2336,47.4185,422,27847,0.0258254,0.09,1,144505,144083,422
21712661,91.0467,87.8837,426,27923,0.0451651,0.09,1,144607,144181,426
21715581,47.0093,46.3767,426,27999,0.065033,0.03,1,144643,144217,426
21718501,30.2019,33.2753,422,28075,0.0530066,0.07,1,144669,144247,422
21721421,29.2404,29.0551,423,28150,0.0346013,0.01,1,144698,144275,423
21724341,29.0481,29.011,423,28225,0.0309203,0.03,1,144727,144304,423
21727261,12.2096,12.2022,423,28300,0.0301841,0,1,144735,144312,423
21730181,52.0419,52.8404,422,28375,0.00603681,0,1,144797,144375,422
21733101,83.2084,10.5681,513,28450,0.0252074,0.01,1,144888,144375,513
21736021,47.0417,75.7136,459,28524,0.0290415,0.03,1,144926,144467,459
21738941,91.0083,45.5427,523,28598,0.0778083,0.05,1,145028,144505,523
21741861,48.6017,90.7085,459,28672,0.135562,0.07,1,145066,144607,459
21744781,28.9203,46.9417,447,28746,0.131112,0.05,1,145090,144643,447
21747701,28.9841,30.1883,450,28820,0.0662225,0.03,1,145119,144669,450
21750621,28.9968,29.2377,450,28893,0.0372445,0.03,1,145148,144698,450
21753541,12.1994,29.0475,429,28966,0.0634489,0.03,1,145156,144727,429
21756461,52.0399,12.2095,483,29039,0.0126898,0,1,145218,144735,483
21759381,83.208,52.0419,512,29112,0.042538,0.03,1,145309,144797,512
21762301,47.0416,83.2084,459,29185,0.00850759,0.03,1,145347,144888,459
21765221,94.2083,47.0417,527,29258,0.0737015,0.09,1,145453,144926,527
21768141,50.0417,91.0083,464,29330,0.0867403,0.15,1,145492,145028,464
21771061,25.2083,48.6017,445,29402,0.0733481,0.13,1,145511,145066,445
21773981,29.0417,28.9203,451,29474,0.10267,0.05,1,145541,145090,451
21776901,29.0083,28.9841,451,29546,0.0445339,0.03,1,145570,145119,451
21779821,12.2017,28.9968,430,29618,0.0489068,0.07,1,145578,145148,430
21782741,51.2403,12.1994,483,29689,0.0177814,0,1,145639,145156,483
21785661,83.0481,52.0399,512,29760,0.0115563,0.05,1,145730,145218,512
21788581,47.0096,83.208,459,29831,0.0103113,0,1,145768,145309,459
21791501,11.0019,47.0416,423,29902,0.0260623,0.09,1,145770,145347,423
21794421,89.4004,94.2083,426,29973,0.0132124,0.09,1,145879,145453,426
21797341,49.0801,50.0417,426,30044,0.0106425,0.07,1,145918,145492,426
21800261,26.616,25.2083,428,30114,0.0421285,0.11,1,145939,145511,428
21803181,28.5232,29.0417,427,30184,0.0484257,0.03,1,145968,145541,427
21806101,26.5046,29.0083,424,30254,0.0336851,0.05,1,145994,145570,424
21809021,11.7009,12.2017,424,30324,0.014737,0.01,1,146002,145578,424
21811941,49.5402,51.2403,422,30394,0.00294741,0.01,1,146061,145639,422
21814861,83.508,83.0481,423,30464,0.000589481,0.01,1,146153,145730,423
21817781,46.3016,47.0096,422,30533,0.0081179,0.03,1,146190,145768,422
21820701,10.8603,11.0019,422,30602,0.00962358,0.01,1,146192,145770,422
21823621,90.1721,89.4004,423,30671,0.0259247,0.01,1,146302,145879,423
21826541,48.4344,49.0801,422,30740,0.0131849,0.05,1,146340,145918,422
21829461,28.8869,26.616,425,30809,0.042637,0.05,1,146364,145939,425
21832381,28.1774,28.5232,424,30878,0.0805274,0.03,1,146392,145968,424
21835301,24.8355,26.5046,422,30947,0.0881055,0.01,1,146416,145994,422
21838221,12.1671,11.7009,423,31015,0.0736211,0,1,146425,146002,423
21841141,48.8334,49.5402,422,31083,0.0147242,0,1,146483,146061,422
21844061,83.3667,83.508,422,31151,0.0269448,0.01,1,146575,146153,422
21846981,46.2733,46.3016,422,31219,0.029389,0.01,1,146612,146190,422
21849901,10.8547,10.8603,422,31287,0.00587779,0.01,1,146614,146192,422
21852821,89.3709,2.17206,531,31355,0.0571756,0.03,1,146723,146192,531
21855741,48.2742,88.4344,459,31422,0.0354351,0.01,1,146761,146302,459
21858661,28.8548,48.0869,445,31489,0.063087,0.05,1,146785,146340,445
21861581,31.371,28.8174,453,31556,0.0686174,0.09,1,146817,146364,453
21864501,23.8742,28.1635,447,31623,0.101723,0.09,1,146839,146392,447
21867421,11.1748,24.8327,431,31690,0.108345,0.07,1,146847,146416,431
21870341,47.835,12.1665,479,31757,0.0216689,0,1,146904,146425,479
21873261,83.167,48.8333,513,31824,0.0283338,0.03,1,146996,146483,513
21876181,46.2334,83.3667,458,31890,0.0136668,0.03,1,147033,146575,458
21879101,10.8467,46.2733,423,31956,0.0107334,0,1,147035,146612,423
21882021,90.1693,10.8547,531,32022,0.0421467,0.07,1,147145,146614,531
21884941,49.2339,89.3709,461,32088,0.0644293,0.03,1,147184,146723,461
21887861,29.8468,48.2742,448,32154,0.0688859,0.07,1,147209,146761,448
21890781,33.1694,28.8548,458,32220,0.0857772,0.07,1,147243,146785,458
21893701,24.2339,31.371,448,32286,0.105155,0.11,1,147265,146817,448
21896621,11.2468,23.8742,434,32352,0.141031,0.11,1,147273,146839,434
21899541,43.8494,11.1748,478,32417,0.116206,0,1,147325,146847,478
21902461,83.1699,47.835,514,32482,0.0472412,0.03,1,147418,146904,514
21905381,45.434,83.167,458,32547,0.0334482,0.01,1,147454,146996,458
21908301,10.6868,46.2334,423,32612,0.0306896,0.01,1,147456,147033,423
21911221,91.7374,10.8467,533,32677,0.0301379,0.05,1,147568,147035,533
21914141,50.3475,90.1693,463,32742,0.0300276,0.07,1,147608,147145,463
21917061,11.6695,49.2339,426,32807,0.0300055,0.07,1,147610,147184,426
21919981,21.5339,29.8468,425,32871,0.0300011,0.09,1,147634,147209,425
21922901,32.3068,33.1694,426,32935,0.0460002,0.11,1,147669,147243,426
21925821,26.4614,24.2339,429,32999,0.0652,0.15,1,147694,147265,429
21928741,11.6923,11.2468,429,33063,0.03704,0.11,1,147702,147273,429
21931661,40.7385,43.8494,425,33127,0.063408,0.03,1,147750,147325,425
21934581,80.9477,83.1699,423,33191,0.0206816,0.03,1,147841,147418,423
21937501,44.1895,45.434,422,33255,0.0281363,0.03,1,147876,147454,422
21940421,10.4379,10.6868,422,33319,0.0296273,0.03,1,147878,147456,422
21943341,92.4876,91.7374,423,33382,0.0299255,0.03,1,147991,147568,423
21946261,50.4975,50.3475,423,33445,0.0299851,0.03,1,148031,147608,423
21949181,11.6995,11.6695,423,33508,0.061997,0.03,1,148033,147610,423
21952101,22.3399,21.5339,424,33571,0.0523994,0.05,1,148058,147634,424
21955021,32.468,32.3068,424,33634,0.0504799,0.07,1,148093,147669,424
21957941,25.6936,26.4614,423,33697,0.066096,0.03,1,148117,147694,423
21960861,11.5387,11.6923,423,33760,0.0372192,0.07,1,148125,147702,423
21963781,40.7077,40.7385,423,33823,0.0954438,0.01,1,148173,147750,423
21966701,80.1415,80.9477,422,33886,0.0590888,0.03,1,148263,147841,422
21969621,44.0283,44.1895,422,33948,0.0358178,0.03,1,148298,147876,422
21972541,10.4057,10.4379,422,34010,0.0311636,0.03,1,148300,147878,422
21975461,93.2811,92.4876,423,34072,0.0462327,0.03,1,148414,147991,423
21978381,50.6562,50.4975,423,34134,0.0652465,0.07,1,148454,148031,423
21981301,11.7312,11.6995,423,34196,0.0690493,0.05,1,148456,148033,423
21984221,21.5462,22.3399,422,34258,0.0698099,0.05,1,148480,148058,422
21987141,31.5093,4.46798,456,34320,0.037962,0.05,1,148514,148058,456
21990061,26.3018,28.8936,446,34382,0.0315924,0.07,1,148539,148093,446
21992981,11.6604,24.9787,430,34443,0.0303185,0.03,1,148547,148117,430
21995901,42.3321,11.3957,472,34504,0.0780637,0.11,1,148597,148125,472
21998821,78.0664,40.6792,511,34565,0.119613,0.05,1,148684,148173,511
22001741,43.6133,80.1358,456,34626,0.0639225,0.03,1,148719,148263,456
22004661,10.3227,44.0272,423,34687,0.0527845,0.03,1,148721,148298,423
22007581,94.0645,10.4054,536,34748,0.0505569,0.05,1,148836,148300,536
22010501,50.8129,93.2811,462,34809,0.0661114,0.07,1,148876,148414,462
22013421,11.7626,50.6562,424,34870,0.0692223,0.07,1,148878,148454,424
22016341,21.5525,11.7312,446,34931,0.0698445,0.07,1,148902,148456,446
22019261,32.3105,21.5462,457,34992,0.0539689,0.03,1,148937,148480,457
22022181,25.6621,31.5093,447,35052,0.0987938,0.03,1,148961,148514,447
22025101,11.5324,26.3018,430,35112,0.107759,0.03,1,148969,148539,430
22028021,44.7065,11.6604,475,35172,0.141552,0.09,1,149022,148547,475
22030941,80.1413,42.3321,514,35232,0.18031,0.13,1,149111,148597,514
22033861,39.2283,78.0664,456,35292,0.204062,0.05,1,149140,148684,456
22036781,9.44565,43.6133,423,35352,0.208812,0.05,1,149142,148719,423
22039701,96.2891,10.3227,539,35412,0.145762,0.05,1,149260,148721,539
22042621,51.2578,94.0645,464,35472,0.149153,0.07,1,149300,148836,464
22045541,11.8516,50.8129,426,35532,0.14983,0.07,1,149302,148876,426
22048461,21.5703,11.7626,448,35591,0.149966,0.07,1,149326,148878,448
22051381,33.1141,21.5525,460,35650,0.149993,0.05,1,149362,148902,460
22054301,8.22281,32.3105,427,35709,0.149999,0.11,1,149364,148937,427
22057221,20.8446,25.6621,427,35768,0.15,0.11,1,149388,148961,427
22060141,10.5689,11.5324,427,35827,0.15,0.15,1,149396,148969,427
22063061,46.1138,44.7065,429,35886,0.198,0.19,1,149451,149022,429
22065981,82.0228,80.1413,431,35945,0.1596,0.21,1,149542,149111,431
22068901,38.8046,39.2283,430,36004,0.15192,0.21,1,149570,149140,430
22071821,9.36091,9.44565,430,36063,0.150384,0.13,1,149572,149142,430
22074741,94.6722,96.2891,428,36122,0.198077,0.15,1,149688,149260,428
22077661,51.7344,51.2578,429,36181,0.207615,0.15,1,149729,149300,429
22080581,11.9469,11.8516,429,36239,0.241523,0.15,1,149731,149302,429
22083501,21.5894,21.5703,429,36297,0.216305,0.15,1,149755,149326,429
22086421,33.1179,33.1141,429,36355,0.243261,0.15,1,149791,149362,429
22089341,8.22357,8.22281,429,36413,0.248652,0.15,1,149793,149364,429
22092261,20.8447,20.8446,429,36471,0.24973,0.15,1,149817,149388,429
22095181,10.5689,10.5689,429,36529,0.217946,0.21,1,149825,149396,429
22098101,48.5138,46.1138,432,36587,0.227589,0.15,1,149883,149451,432
22101021,80.1028,82.0228,429,36645,0.277518,0.15,1,149971,149542,429
22103941,38.4206,38.8046,429,36703,0.255504,0.15,1,149999,149570,429
22106861,9.28411,9.36091,429,36761,0.251101,0.21,1,150001,149572,429
22109781,97.0568,94.6722,432,36818,0.25022,0.21,1,150120,149688,432
22112701,52.2114,51.7344,432,36875,0.266044,0.25,1,150161,149729,432
22115621,12.0423,11.9469,432,36932,0.269209,0.21,1,150163,149731,432
22118541,21.6085,21.5894,432,36989,0.269842,0.25,1,150187,149755,432
22121461,33.1217,33.1179,432,37046,0.285968,0.25,1,150223,149791,432
22124381,8.22434,8.22357,432,37103,0.289194,0.25,1,150225,149793,432
22127301,20.8449,20.8447,432,37160,0.289839,0.25,1,150249,149817,432
22130221,10.569,4.16894,440,37217,0.289968,0.21,1,150257,149817,440
22133141,47.7138,7.23379,489,37274,0.289994,0.23,1,150314,149825,489
22136061,81.5428,47.8468,521,37331,0.305999,0.29,1,150404,149883,521
22138981,38.7086,79.9694,461,37388,0.3092,0.25,1,150432,149971,461
22141901,9.34171,38.3939,435,37445,0.30984,0.25,1,150434,149999,435
22144821,97.0683,9.27877,552,37501,0.533968,0.25,1,150553,150001,552
22147741,51.4137,97.0558,473,37557,0.594794,0.27,1,150593,150120,473
22150661,11.8827,52.2111,434,37613,0.606959,0.27,1,150595,150161,434
22153581,22.3765,12.0422,457,37669,0.625392,0.27,1,150620,150163,457
22156501,33.2753,21.6084,469,37725,0.629078,0.29,1,150656,150187,469
22159421,8.25506,33.1217,435,37781,0.629816,0.29,1,150658,150223,435
22162341,20.851,8.22434,457,37837,0.629963,0.29,1,150682,150225,457
22165261,10.5702,20.8449,441,37893,0.629993,0.29,1,150690,150249,441
22168181,47.714,10.569,490,37949,0.645999,0.29,1,150747,150257,490
22171101,83.9428,47.7138,526,38005,0.6972,0.31,1,150840,150314,526
22174021,39.1886,81.5428,464,38061,0.73944,0.31,1,150868,150404,464
22176941,17.4377,38.7086,448,38117,0.747888,0.31,1,150880,150432,448
22179861,101.888,9.34171,569,38172,0.845578,0.59,2,151003,150434,569
22182781,53.1775,97.0683,491,38227,0.881116,0.61,2,151044,150553,491
22185701,12.2355,51.4137,453,38282,0.888223,0.61,2,151046,150593,453
22188621,23.2471,11.8827,477,38337,0.889645,0.63,2,151072,150595,477
22191541,33.4494,22.3765,488,38392,0.937929,0.63,2,151108,150620,488
22194461,8.28988,33.2753,454,38447,0.947586,0.63,2,151110,150656,454
22197381,20.858,8.25506,476,38502,0.949517,0.63,2,151134,150658,476
22200301,10.5716,20.851,460,38557,0.949903,0.63,2,151142,150682,460
22331701,158,18,634,40949,0.69,1,1,152910,152276,634
22334621,46.8,116.4,512,41001,0.626,1,1,152929,152417,512
22337541,25.36,53.68,494,41052,0.5652,1,1,152949,152455,494
22340461,24.272,22.736,503,41103,0.45704,1,1,152973,152470,503
22343381,33.6544,18.9472,521,41154,0.323408,1,1,153009,152488,521
22346301,24.3309,26.1894,515,41205,0.264682,1,1,153031,152516,515
22349221,20.8662,20.4379,516,41256,0.188936,1,1,153051,152535,516
22352141,19.3732,21.6876,513,41307,0.0937873,1,1,153070,152557,513
22355061,17.4746,13.1375,519,41358,0.0187575,1,1,153087,152568,519
22357981,29.0949,33.0275,513,41409,0.00375149,1,1,153119,152606,513
22360901,59.419,27.4055,554,41460,0.0087503,1,1,153186,152632,554
22363821,27.0838,69.4811,493,41511,0.0257501,0.96,1,153205,152712,493
22366741,7.01676,31.4962,473,41562,0.01315,0.96,1,153207,152734,473
22369661,17.4034,20.6992,475,41613,0.01063,0.69,1,153227,152752,475
22372581,109.881,130.54,450,41664,0.026126,0.61,1,153360,152910,450
22375501,33.1761,41.308,445,41715,0.0292252,0.55,1,153374,152929,445
22378421,21.0352,24.2616,443,41766,0.013845,0.43,1,153392,152949,443
22381341,20.207,24.0523,439,41817,0.058769,0.29,1,153412,152973,439
22384261,29.6414,33.6105,435,41867,0.0197538,0.25,1,153444,153009,435
22387181,20.3283,24.3221,431,41917,0.0119508,0.17,1,153462,153031,431
22390101,17.6657,20.8644,428,41967,0.0583902,0.07,1,153479,153051,428
22393021,15.5331,19.3729,424,42017,0.099678,0,1,153494,153070,424
22395941,15.9066,17.4746,423,42067,0.0439356,0,1,153510,153087,423
22398861,29.5813,29.0949,424,42117,0.0327871,0.01,1,153543,153119,424
22401781,58.7163,59.419,423,42167,0.0305574,0.03,1,153609,153186,423
22404701,26.9433,27.0838,423,42217,0.0301115,0.01,1,153628,153205,423
22407621,6.98865,7.01676,423,42267,0.0300223,0.01,1,153630,153207,423
22410541,16.5977,17.4034,422,42317,0.00600446,0.03,1,153649,153227,422
22413461,109.72,109.881,422,42367,0.0572009,0.03,1,153782,153360,422
22416381,33.1439,33.1761,422,42417,0.0514402,0.01,1,153796,153374,422
22419301,21.0288,21.0352,422,42467,0.018288,0.07,1,153814,153392,422
22422221,20.2058,20.207,422,42517,0.0436576,0.01,1,153834,153412,422
22425141,29.6412,29.6414,422,42567,0.0167315,0.01,1,153866,153444,422
22428061,20.3282,20.3283,422,42617,0.0433463,0.07,1,153884,153462,422
22430981,17.6656,17.6657,422,42667,0.0326693,0.11,1,153901,153479,422
22433901,17.9331,15.5331,425,42716,0.0145339,0.03,1,153919,153494,425
22436821,13.9866,15.9066,422,42765,0.0429068,0.03,1,153932,153510,422
22439741,29.1973,29.5813,422,42814,0.0325814,0.03,1,153965,153543,422
22442661,58.6395,58.7163,422,42863,0.0145163,0.03,1,154031,153609,422
22445581,26.9279,26.9433,422,42912,0.0269033,0.03,1,154050,153628,422
22448501,6.98558,6.98865,422,42961,0.0293807,0,1,154052,153630,422
22451421,16.5971,16.5977,422,43010,0.00587613,0,1,154071,153649,422
22454341,108.919,3.31955,554,43059,0.0251752,0.07,1,154203,153649,554
22457261,32.9839,107.064,435,43108,0.013035,0.05,1,154217,153782,435
22460181,20.9968,32.6128,439,43157,0.010607,0.01,1,154235,153796,439
22463101,20.1994,20.9226,441,43206,0.0421214,0.05,1,154255,153814,441
22466021,30.4399,20.1845,454,43255,0.0164243,0.01,1,154288,153834,454
22468941,19.688,29.6369,439,43304,0.0432849,0.05,1,154305,153866,439
22471861,17.5376,20.3274,438,43353,0.048657,0.03,1,154322,153884,438
22474781,18.7075,17.6655,440,43402,0.0337314,0.01,1,154341,153901,440
22477701,13.3415,17.9331,434,43451,0.0307463,0.05,1,154353,153919,434
22480621,29.0683,13.9866,454,43500,0.00614926,0.03,1,154386,153932,454
22483541,58.6137,29.1973,487,43549,0.00922985,0.01,1,154452,153965,487
22486461,26.9227,58.6395,440,43597,0.00984597,0.03,1,154471,154031,440
22489381,6.98455,26.9279,423,43645,0.00996919,0.03,1,154473,154050,423
22492301,16.5969,6.98558,440,43693,0.00199384,0,1,154492,154052,440
22495221,108.919,16.5971,553,43741,0.000398768,0.03,1,154624,154071,553
22498141,32.9839,108.919,435,43789,0.0240798,0.01,1,154638,154203,435
22501061,20.9968,32.9839,439,43837,0.028816,0.01,1,154656,154217,439
22503981,20.1994,20.9968,441,43885,0.0297632,0.05,1,154676,154235,441
22506901,32.8399,20.1994,457,43933,0.0139526,0.01,1,154712,154255,457
22509821,17.768,30.4399,438,43981,0.0267905,0.05,1,154726,154288,438
22512741,18.7536,19.688,440,44029,0.0293581,0.05,1,154745,154305,440
22515661,18.1507,17.5376,441,44077,0.0458716,0.03,1,154763,154322,441
22518581,13.2301,18.7075,434,44125,0.0491743,0.03,1,154775,154341,434
22521501,29.046,13.3415,455,44173,0.0338349,0,1,154808,154353,455
22524421,57.8092,29.0683,487,44221,0.030767,0.01,1,154873,154386,487
22527341,26.7618,58.6137,440,44269,0.0301534,0.01,1,154892,154452,440
22530261,6.95237,26.9227,423,44317,0.0460307,0.01,1,154894,154471,423
22533181,16.5905,6.98455,440,44365,0.00920613,0,1,154913,154473,440
22536101,109.718,16.5969,554,44413,0.00184123,0,1,155046,154492,554
22539021,33.1436,108.919,436,44460,0.0243682,0.03,1,155060,154624,436
22541941,8.22872,32.9839,424,44507,0.0288737,0.03,1,155062,154638,424
22544861,14.4457,20.9968,422,44554,0.0297747,0.03,1,155078,154656,422
22547781,20.4891,20.1994,424,44601,0.0299549,0.01,1,155100,154676,424
22550701,32.0978,32.8399,423,44648,0.029991,0.03,1,155135,154712,423
22553621,17.6196,17.768,423,44695,0.0619982,0.03,1,155149,154726,423
22556541,18.7239,18.7536,423,44742,0.0523996,0.05,1,155168,154745,423
22559461,18.9448,18.1507,424,44789,0.0344799,0.05,1,155187,154763,424
22562381,13.389,13.2301,424,44836,0.046896,0.03,1,155199,154775,424
22565301,29.0778,29.046,424,44883,0.0493792,0.03,1,155232,154808,424
22568221,57.0156,57.8092,423,44930,0.0178758,0.03,1,155296,154873,423
22571141,27.4031,26.7618,424,44977,0.0275752,0.05,1,155316,154892,424
22574061,7.08062,6.95237,424,45024,0.029515,0,1,155318,154894,424
22576981,15.0161,16.5905,422,45071,0.00590301,0,1,155335,154913,422
22579901,110.203,109.718,423,45118,0.0091806,0.03,1,155469,155046,423
22582821,32.4406,33.1436,422,45165,0.0258361,0.03,1,155482,155060,422
22585741,8.08813,8.22872,422,45212,0.0291672,0.03,1,155484,155062,422
22588661,14.4176,14.4457,422,45259,0.0138334,0.03,1,155500,155078,422
22591581,20.4835,20.4891,422,45306,0.0267667,0.03,1,155522,155100,422
22594501,32.0967,32.0978,422,45353,0.0133533,0.07,1,155557,155135,422
22597421,18.4193,17.6196,423,45400,0.0266707,0.05,1,155572,155149,423
22600341,18.0839,18.7239,422,45446,0.0453341,0.03,1,155590,155168,422
22603261,18.8168,18.9448,422,45492,0.0810668,0.05,1,155609,155187,422
22606181,13.3634,13.389,422,45538,0.0882134,0.05,1,155621,155199,422
22609101,29.0727,29.0778,422,45584,0.0576427,0.01,1,155654,155232,422
22612021,57.0145,57.0156,422,45630,0.0355285,0.03,1,155718,155296,422
22614941,27.4029,27.4031,422,45676,0.0151057,0.03,1,155738,155316,422
22617861,7.08058,7.08062,422,45722,0.0270211,0,1,155740,155318,422
22620781,15.0161,15.0161,422,45768,0.00540423,0.01,1,155757,155335,422
22623701,110.203,110.203,422,45814,0.0250808,0.03,1,155891,155469,422
22626621,32.4406,32.4406,422,45860,0.0290162,0.03,1,155904,155482,422
22629541,8.08813,8.08813,422,45906,0.0298032,0.01,1,155906,155484,422
22632461,14.4176,14.4176,422,45952,0.0139606,0.01,1,155922,155500,422
22635381,19.6835,2.88352,443,45998,0.0427921,0.03,1,155943,155500,443
22638301,31.9367,18.1767,456,46044,0.0325584,0.01,1,155978,155522,456
22641221,19.9873,31.6353,438,46090,0.0145117,0.03,1,155995,155557,438
22644141,19.1975,18.3271,442,46136,0.0269023,0.05,1,156014,155572,442
22647061,18.2395,18.0654,442,46182,0.0613805,0.09,1,156032,155590,442
22649981,14.0479,18.8131,436,46228,0.0682761,0.09,1,156045,155609,436
22652901,26.8096,13.3626,454,46274,0.101655,0.05,1,156075,155621,454
22655821,56.5619,29.0725,485,46320,0.020331,0.03,1,156139,155654,485
22658741,27.3124,57.0145,441,46366,0.0280662,0.01,1,156159,155718,441
22661661,7.06248,27.4029,423,46411,0.00561324,0.03,1,156161,155738,423
22664581,15.0125,7.08058,438,46456,0.00912265,0,1,156178,155740,438
22667501,110.203,15.0161,555,46501,0.00982453,0.03,1,156312,155757,555
22670421,32.4405,110.203,434,46546,0.00196491,0.03,1,156325,155891,434
22673341,8.0881,32.4406,423,46591,0.040393,0.03,1,156327,155904,423
22676261,14.4176,8.08813,437,46636,0.0480786,0.01,1,156343,155906,437
22679181,20.4835,14.4176,443,46681,0.0336157,0.05,1,156365,155922,443
22682101,31.2967,19.6835,456,46726,0.0147231,0.03,1,156399,155943,456
22685021,21.4593,31.9367,440,46771,0.0269446,0.01,1,156418,155978,440
22687941,20.2919,19.9873,443,46816,0.0293889,0.03,1,156438,155995,443
22690861,19.2584,19.1975,443,46861,0.0618778,0.07,1,156457,156014,443
22693781,15.0517,18.2395,439,46906,0.0523756,0.07,1,156471,156032,439
22696701,27.0103,14.0479,456,46951,0.0664751,0.11,1,156501,156045,456
22699621,52.6021,26.8096,485,46996,0.053295,0,1,156560,156075,485
22702541,26.5204,56.5619,441,47041,0.018659,0.03,1,156580,156139,441
22705461,6.90408,27.3124,423,47086,0.0117318,0,1,156582,156159,423
22708381,14.9808,7.06248,438,47131,0.0263464,0.01,1,156599,156161,438
22711301,110.196,15.0125,555,47176,0.0292693,0.01,1,156733,156178,555
22714221,34.0392,110.203,436,47221,0.0298539,0,1,156748,156312,436
22717141,8.40785,32.4405,425,47266,0.0299708,0.05,1,156750,156325,425
22720061,12.8816,8.0881,437,47311,0.0299942,0.05,1,156764,156327,437
22722981,20.9763,14.4176,444,47356,0.0299988,0.03,1,156787,156343,444
22725901,5.79526,20.4835,424,47401,0.0299998,0.01,1,156789,156365,424
22728821,27.5591,31.2967,423,47445,0.046,0.03,1,156822,156399,423
22731741,20.7118,21.4593,423,47489,0.00919999,0.03,1,156841,156418,423
22734661,20.9424,20.2919,424,47533,0.04184,0.07,1,156862,156438,424
22737581,19.3885,19.2584,424,47577,0.032368,0.05,1,156881,156457,424
22740501,15.8777,15.0517,425,47621,0.0304736,0.07,1,156896,156471,425
22743421,27.1755,27.0103,425,47665,0.0460947,0.05,1,156926,156501,425
22746341,51.8351,52.6021,424,47709,0.081219,0.01,1,156984,156560,424
22749261,25.567,26.5204,423,47753,0.0882438,0.01,1,157003,156580,423
22752181,6.7134,6.90408,423,47797,0.0896488,0.03,1,157005,156582,423
22755101,14.1427,14.9808,422,47841,0.0899298,0.03,1,157021,156599,422
22758021,111.629,110.196,424,47885,0.041986,0.03,1,157157,156733,424
22760941,32.7257,34.0392,422,47929,0.0323972,0.03,1,157170,156748,422
22763861,8.14514,8.40785,422,47973,0.0304794,0.03,1,157172,156750,422
22766781,12.829,12.8816,422,48017,0.0300959,0.03,1,157186,156764,422
22769701,21.7658,20.9763,423,48061,0.0140192,0.03,1,157210,156787,423
22772621,5.95316,5.79526,423,48105,0.0108038,0.05,1,157212,156789,423
22775541,26.7906,27.5591,422,48149,0.0421608,0,1,157244,156822,422
22778461,20.5581,20.7118,422,48193,0.0484322,0.05,1,157263,156841,422
22781381,20.9116,20.9424,422,48237,0.0496864,0.03,1,157284,156862,422
22784301,19.3823,19.3885,422,48281,0.0339373,0.03,1,157303,156881,422
22787221,15.8765,15.8777,422,48325,0.0307875,0.05,1,157318,156896,422
22790141,27.1753,27.1755,422,48369,0.0621575,0.09,1,157348,156926,422
22793061,53.4351,51.8351,424,48413,0.0684315,0.09,1,157408,156984,424
22795981,27.487,25.567,426,48457,0.0216863,0.09,1,157429,157003,426
22798901,7.0974,6.7134,426,48500,0.0603373,0.09,1,157431,157005,426
22801821,11.0195,14.1427,422,48543,0.0520675,0.03,1,157443,157021,422
22804741,111.004,111.629,422,48586,0.0184135,0.03,1,157579,157157,422
22807661,32.6008,32.7257,422,48629,0.0276827,0.03,1,157592,157170,422
22810581,8.12016,8.14514,422,48672,0.0295365,0.03,1,157594,157172,422
22813501,12.824,12.829,422,48715,0.0139073,0.01,1,157608,157186,422
22816421,21.7648,21.7658,422,48758,0.0427815,0.01,1,157632,157210,422
22819341,5.95296,5.95316,422,48801,0.0485563,0.05,1,157634,157212,422
22822261,26.7906,26.7906,422,48844,0.0657113,0.05,1,157666,157244,422
22825181,19.7581,5.35813,440,48887,0.0371423,0.05,1,157684,157244,440
22828101,20.7516,16.2716,442,48930,0.0474285,0.05,1,157705,157263,442
22831021,19.3503,20.0543,440,48973,0.0334857,0.03,1,157724,157284,440
22833941,15.8701,19.2109,436,49016,0.0466971,0.03,1,157739,157303,436
22836861,27.974,15.8422,452,49059,0.0813394,0.07,1,157770,157318,452
22839781,53.5948,27.1684,482,49102,0.0882679,0.07,1,157830,157348,482
22842701,26.719,53.4337,442,49145,0.0896536,0.01,1,157850,157408,442
22845621,6.94379,27.4867,423,49188,0.105931,0.07,1,157852,157429,423
22848541,10.9888,7.09735,433,49231,0.109186,0.05,1,157864,157431,433
22851461,110.998,11.0195,557,49274,0.0458372,0.01,1,158000,157443,557
22854381,32.5996,111.004,434,49317,0.00916744,0.03,1,158013,157579,434
22857301,8.11991,32.6008,423,49360,0.0418335,0.03,1,158015,157592,423
22860221,12.824,8.12016,435,49403,0.0163667,0.01,1,158029,157594,435
22863141,21.7648,12.824,445,49446,0.0112733,0.05,1,158053,157608,445
22866061,5.95296,21.7648,423,49489,0.0102547,0.05,1,158055,157632,423
22868981,27.5906,5.95296,454,49532,0.0420509,0.07,1,158088,157634,454
22871901,19.9181,26.7906,440,49575,0.0484102,0.03,1,158106,157666,440
22874821,21.5836,19.7581,444,49617,0.049682,0.05,1,158128,157684,444
22877741,18.7167,20.7516,441,49659,0.0819364,0.03,1,158146,157705,441
22880661,16.5433,19.3503,438,49701,0.0883873,0.05,1,158162,157724,438
22883581,29.7087,15.8701,456,49743,0.121677,0.09,1,158195,157739,456
22886501,53.9417,27.974,485,49785,0.144335,0.09,1,158255,157770,485
22889421,27.5883,53.5948,446,49827,0.132867,0.09,1,158276,157830,446
22892341,7.11767,26.719,428,49869,0.130573,0.11,1,158278,157850,428
22895261,9.42353,6.94379,436,49911,0.130115,0.11,1,158288,157852,436
22898181,108.285,10.9888,557,49953,0.0500229,0.03,1,158421,157864,557
22901101,32.0569,110.998,434,49995,0.0180046,0,1,158434,158000,434
22904021,8.01139,32.5996,423,50037,0.0276009,0.05,1,158436,158013,423
22906941,12.8023,8.11991,435,50079,0.0295202,0.01,1,158450,158015,435
22909861,22.5605,12.824,446,50121,0.013904,0.01,1,158475,158029,446
22912781,6.11209,21.7648,424,50163,0.0107808,0.01,1,158477,158053,424
22915701,28.4224,5.95296,456,50205,0.0421562,0.05,1,158511,158055,456
22918621,20.0845,27.5906,441,50247,0.0484312,0.05,1,158529,158088,441
22921541,21.6169,19.9181,445,50289,0.0496862,0.05,1,158551,158106,445
22924461,5.92338,21.5836,425,50331,0.0499372,0.09,1,158553,158128,425
22927381,16.3847,18.7167,426,50373,0.0659874,0.09,1,158572,158146,426
22930301,16.0769,16.5433,426,50415,0.0371975,0.13,1,158588,158162,426
22933221,32.0154,29.7087,429,50457,0.0314395,0.15,1,158624,158195,429
22936141,54.4031,53.9417,429,50499,0.0622879,0.13,1,158684,158255,429
22939061,26.8806,27.5883,428,50541,0.0684576,0.13,1,158704,158276,428
22941981,6.97612,7.11767,428,50583,0.0376915,0.13,1,158706,158278,428
22944901,9.39522,9.42353,428,50625,0.0315383,0.03,1,158716,158288,428
22947821,104.279,108.285,423,50667,0.0143077,0.01,1,158844,158421,423
22950741,31.2558,32.0569,423,50709,0.0268615,0.03,1,158857,158434,423
22953661,7.85116,8.01139,423,50751,0.00537231,0.03,1,158859,158436,423
22956581,12.7702,12.8023,423,50793,0.00907446,0.01,1,158873,158450,423
22959501,22.554,22.5605,423,50834,0.0258149,0.01,1,158898,158475,423
22962421,6.11081,6.11209,423,50875,0.029163,0.05,1,158900,158477,423
22965341,29.2222,28.4224,424,50916,0.0458326,0.05,1,158935,158511,424
22968261,20.2444,20.0845,424,50957,0.0491665,0.05,1,158953,158529,424
22971181,21.6489,21.6169,424,50998,0.0498333,0.05,1,158975,158551,424
22974101,5.92978,5.92338,424,51039,0.0499667,0.07,1,158977,158553,424
22977021,15.586,16.3847,423,51080,0.0179933,0.03,1,158995,158572,423
22979941,15.9172,16.0769,423,51121,0.0275987,0.03,1,159011,158588,423
22982861,31.1834,32.0154,422,51162,0.0615197,0.07,1,159046,158624,422
22985781,55.0367,54.4031,423,51203,0.084304,0.07,1,159107,158684,423
22988701,27.0073,26.8806,423,51244,0.0888608,0.03,1,159127,158704,423
22991621,7.00147,6.97612,423,51285,0.0897722,0.03,1,159129,158706,423
22994541,9.40029,9.39522,423,51326,0.0579544,0.01,1,159139,158716,423
22997461,103.48,104.279,422,51367,0.0515909,0.03,1,159266,158844,422
23000381,31.096,31.2558,422,51408,0.0503182,0,1,159279,158857,422
23003301,7.8192,7.85116,422,51449,0.0500636,0.01,1,159281,158859,422
23006221,13.5638,12.7702,423,51490,0.0340127,0.03,1,159296,158873,423
23009141,21.9128,22.554,422,51531,0.0148025,0.03,1,159320,158898,422
23012061,5.98255,6.11081,422,51572,0.0109605,0.05,1,159322,158900,422
23014981,29.1965,29.2222,422,51613,0.0421921,0.05,1,159357,158935,422
23017901,20.2393,20.2444,422,51654,0.0484384,0.05,1,159375,158953,422
23020821,21.6479,21.6489,422,51695,0.0656877,0.05,1,159397,158975,422
23023741,5.92957,5.92978,422,51736,0.0691375,0.01,1,159399,158977,422
23026661,15.5859,15.586,422,51777,0.0378275,0.01,1,159417,158995,422
23029581,15.9172,3.11719,438,51818,0.0315655,0.03,1,159433,158995,438
23032501,31.1834,13.4234,457,51859,0.0463131,0.07,1,159468,159011,457
23035421,55.8367,30.6847,484,51900,0.0972626,0.09,1,159530,159046,484
23038341,27.1673,54.9369,443,51941,0.107453,0.09,1,159550,159107,443
23041261,7.03347,26.9874,425,51982,0.109491,0.09,1,159552,159127,425
23044181,9.40669,6.99748,433,52023,0.109898,0.05,1,159562,159129,433
23047101,101.881,9.3995,548,52063,0.14198,0.05,1,159687,159139,548
23050021,30.7763,103.48,434,52103,0.164396,0.05,1,159700,159266,434
23052941,7.75525,31.096,423,52143,0.168879,0.05,1,159702,159279,423
23055861,13.5511,7.8192,436,52183,0.201776,0.03,1,159717,159281,436
23058781,21.9102,13.5638,445,52223,0.144355,0.01,1,159741,159296,445
23061701,5.98204,21.9128,423,52263,0.132871,0.01,1,159743,159320,423
23064621,29.1964,5.98255,456,52303,0.0825742,0.05,1,159778,159322,456
23067541,20.2393,29.1965,439,52343,0.0885148,0.05,1,159796,159357,439
23070461,22.4479,20.2393,444,52383,0.105703,0.07,1,159819,159375,444
23073381,6.08957,21.6479,424,52423,0.109141,0.07,1,159821,159397,424
23076301,15.6179,5.92957,440,52463,0.109828,0.03,1,159839,159399,440
23079221,15.9236,15.5859,438,52503,0.109966,0.03,1,159855,159417,438
23082141,31.9847,15.9172,458,52543,0.125993,0.05,1,159891,159433,458
23085061,58.3969,31.1834,488,52583,0.161199,0.11,1,159956,159468,488
23087981,27.6794,55.8367,446,52623,0.20024,0.11,1,159976,159530,446
23090901,7.13588,27.1673,428,52663,0.208048,0.11,1,159978,159550,428
23093821,9.42718,7.03347,436,52703,0.20961,0.11,1,159988,159552,436
23096741,103.485,9.40669,553,52743,0.225922,0.15,1,160115,159562,553
23099661,32.6971,101.881,443,52783,0.229184,0.17,1,160130,159687,443
23102581,8.13942,30.7763,432,52823,0.261837,0.17,1,160132,159700,432
23105501,11.2279,7.75525,442,52863,0.268367,0.21,1,160144,159702,442
23108421,19.8456,13.5511,449,52903,0.285673,0.13,1,160166,159717,449
23111341,5.56912,21.9102,427,52943,0.289135,0.13,1,160168,159741,427
23114261,29.1138,5.98204,460,52983,0.273827,0.07,1,160203,159743,460
23117181,20.2228,29.1964,443,53023,0.302765,0.09,1,160221,159778,443
23120101,23.2446,20.2393,449,53063,0.308553,0.11,1,160245,159796,449
23123021,6.24891,22.4479,428,53103,0.309711,0.11,1,160247,159819,428
23125941,15.6498,6.08957,444,53143,0.325942,0.11,1,160265,159821,444
23128861,15.93,15.6179,442,53183,0.329188,0.11,1,160281,159839,442
23131781,32.786,15.9236,463,53223,0.313838,0.13,1,160318,159855,463
23134701,8.1572,31.9847,429,53263,0.310768,0.17,1,160320,159891,429
23137621,54.4314,58.3969,430,53303,0.358153,0.21,1,160386,159956,430
23140541,28.4863,27.6794,432,53342,0.335631,0.21,1,160408,159976,432
23143461,7.29726,7.13588,432,53381,0.299126,0.21,1,160410,159978,432
23146381,9.45945,9.42718,432,53420,0.291825,0.23,1,160420,159988,432
23149301,105.092,103.485,434,53459,0.482365,0.23,1,160549,160115,434
23152221,33.8184,32.6971,435,53498,0.536473,0.27,1,160565,160130,435
23155141,8.36368,8.13942,435,53537,0.547295,0.27,1,160567,160132,435
23158061,11.2727,11.2279,435,53576,0.549459,0.29,1,160579,160144,435
23160981,20.6545,19.8456,436,53615,0.565892,0.29,1,160602,160166,436
23163901,5.73091,5.56912,436,53654,0.569178,0.27,1,160604,160168,436
23166821,29.9462,29.1138,437,53693,0.569836,0.31,1,160640,160203,437
23169741,20.3892,20.2228,437,53732,0.601967,0.31,1,160658,160221,437
23172661,24.0778,23.2446,438,53771,0.608393,0.31,1,160683,160245,438
23175581,6.41557,6.24891,438,53810,0.609679,0.33,1,160685,160247,438
23178501,15.6831,15.6498,438,53849,0.577936,0.33,1,160703,160265,438
23181421,15.9366,15.93,438,53888,0.571587,0.31,1,160719,160281,438
23184341,31.9873,32.786,437,53927,0.602317,0.31,1,160755,160318,437
23187261,7.99746,8.1572,437,53966,0.576464,0.37,1,160757,160320,437
23190181,55.1995,54.4314,438,54005,0.603293,0.33,1,160824,160386,438
23193101,27.0399,28.4863,436,54044,0.624659,0.29,1,160844,160408,436
23196021,7.00798,7.29726,436,54083,0.628932,0.29,1,160846,160410,436
23198941,9.4016,9.45945,436,54122,0.597786,0.53,1,160856,160420,436
23201861,115.48,105.092,449,54161,0.687557,0.55,1,160998,160549,449
23204781,35.8961,33.8184,449,54200,0.705511,0.55,1,161014,160565,449
23207701,8.77921,8.36368,449,54239,0.709102,0.55,1,161016,160567,449
23210621,12.9558,11.2727,451,54278,0.70982,0.57,1,161030,160579,451
23213541,20.1912,20.6545,450,54317,0.725964,0.57,1,161052,160602,450
23216461,5.63823,5.73091,450,54356,0.729193,0.57,1,161054,160604,450
23219381,29.9276,29.9462,450,54395,0.729839,0.61,1,161090,160640,450
23222301,21.1855,20.3892,451,54434,0.761968,0.61,2,161109,160658,451
23225221,23.4371,24.0778,450,54473,0.768394,0.61,2,161133,160683,450
23228141,6.28742,6.41557,450,54512,0.769679,0.57,2,161135,160685,450
23231061,15.6575,15.6831,450,54551,0.737936,0.57,1,161153,160703,450
23233981,15.9315,15.9366,450,54590,0.763587,0.61,2,161169,160719,450
23236901,31.9863,31.9873,450,54629,0.736717,0.57,1,161205,160755,450
23239821,7.99726,7.99746,450,54668,0.763344,0.61,2,161207,160757,450
23242741,55.1995,55.1995,450,54706,0.752669,0.61,2,161274,160824,450
23245661,27.0399,11.0399,470,54744,0.782534,0.63,2,161294,160824,470
23248581,7.00798,18.208,452,54782,0.788507,0.63,2,161296,160844,452
23251501,9.4016,5.2416,460,54820,0.789701,0.59,2,161306,160846,460
23477801,31,19,433,26361,0.01,0.03,1,163649,163216,433
23480721,84.6,79,437,26441,0.042,0.01,1,163747,163310,437
23483641,54.52,40.6,453,26521,0.0164,0,1,163794,163341,453
23486561,38.104,45.72,440,26601,0.01128,0.01,1,163828,163388,440
23489481,66.0208,47.544,465,26681,0.026256,0.01,1,163901,163436,465
23492401,31.6042,54.3088,432,26760,0.0292512,0.07,1,163924,163492,432
23495321,17.5208,26.0618,427,26839,0.0778502,0.01,1,163938,163511,427
23498241,55.5042,24.4124,468,26918,0.03957,0.03,1,164003,163535,468
23501161,41.5008,71.2825,423,26997,0.015914,0.01,1,164041,163618,423
23504081,33.1002,39.0565,423,27075,0.0111828,0.05,1,164072,163649,423
23507001,87.42,86.2113,426,27153,0.0102366,0.01,1,164173,163747,426
23509921,52.684,54.8423,423,27231,0.00204731,0.01,1,164217,163794,423
23512841,36.9368,38.1685,422,27309,0.00840946,0.03,1,164250,163828,422
23515761,65.7874,66.0337,422,27387,0.0256819,0.03,1,164323,163901,422
23518681,33.9575,31.6067,425,27464,0.0291364,0.09,1,164349,163924,425
23521601,15.5915,17.5213,422,27541,0.0458273,0.03,1,164360,163938,422
23524521,55.9183,55.5043,423,27618,0.0171655,0.01,1,164426,164003,423
23527441,40.7837,41.5009,422,27695,0.0114331,0.01,1,164463,164041,422
23530361,32.9567,33.1002,422,27771,0.0582866,0.01,1,164494,164072,422
23533281,88.1913,87.42,423,27847,0.0356573,0,1,164596,164173,423
23536201,52.0383,52.684,422,27923,0.00713146,0.01,1,164639,164217,422
23539121,36.8077,36.9368,422,27999,0.0254263,0.03,1,164672,164250,422
23542041,65.7615,65.7874,422,28075,0.0290853,0.03,1,164745,164323,422
23544961,34.7523,33.9575,423,28150,0.0138171,0.05,1,164772,164349,423
23547881,14.9505,15.5915,422,28225,0.0107634,0.01,1,164782,164360,422
23550801,55.7901,55.9183,422,28300,0.0421527,0.01,1,164848,164426,422
23553721,40.758,40.7837,422,28375,0.00843054,0.01,1,164885,164463,422
23556641,32.9516,8.15673,453,28450,0.0256861,0.07,1,164916,164463,453
23559561,87.3903,26.4313,523,28524,0.0611372,0.03,1,165017,164494,523
23562481,51.8781,86.8863,464,28598,0.0202274,0,1,165060,164596,464
23565401,36.7756,51.7773,454,28672,0.00404549,0.03,1,165093,164639,454
23568321,65.7551,36.7554,494,28746,0.0248091,0.03,1,165166,164672,494
23571241,34.751,65.7511,448,28820,0.0289618,0.01,1,165193,164745,448
23574161,14.9502,34.7502,431,28893,0.0297924,0.01,1,165203,164772,431
23577081,55.79,14.95,487,28966,0.0139585,0.05,1,165269,164782,487
23580001,40.758,55.79,458,29039,0.0427917,0,1,165306,164848,458
23582921,33.7516,40.758,453,29112,0.0165583,0.03,1,165338,164885,453
23585841,87.5503,32.9516,523,29185,0.0753117,0.07,1,165439,164916,523
23588761,51.9101,87.3903,465,29258,0.0710623,0.01,1,165482,165017,465
23591681,35.982,51.8781,454,29330,0.0222125,0,1,165514,165060,454
23594601,65.5964,36.7756,494,29402,0.0444425,0.03,1,165587,165093,494
23597521,35.5193,65.7551,449,29474,0.0328885,0.03,1,165615,165166,449
23600441,15.1039,34.751,432,29546,0.0465777,0.03,1,165625,165193,432
23603361,55.8208,14.9502,488,29618,0.0653155,0.01,1,165691,165203,488
23606281,39.9642,55.79,458,29689,0.0850631,0.05,1,165727,165269,458
23609201,34.3928,40.758,454,29760,0.0570126,0.01,1,165760,165306,454
23612121,90.0786,33.7516,526,29831,0.0674025,0.09,1,165864,165338,526
23615041,19.6157,87.5503,427,29902,0.0694805,0.07,1,165866,165439,427
23617961,37.5231,51.9101,426,29973,0.0698961,0.01,1,165908,165482,426
23620881,30.7046,35.982,423,30044,0.0699792,0.05,1,165937,165514,423
23623801,63.7409,65.5964,422,30114,0.0219958,0.03,1,166009,165587,422
23626721,36.7482,35.5193,424,30184,0.0283992,0.05,1,166039,165615,424
23629641,15.3496,15.1039,424,30254,0.0136798,0.07,1,166049,165625,424
23632561,55.0699,55.8208,423,30324,0.010736,0.09,1,166114,165691,423
23635481,42.214,39.9642,426,30394,0.0581472,0.05,1,166153,165727,426
23638401,33.2428,34.3928,424,30464,0.115629,0.07,1,166184,165760,424
23641321,90.6486,90.0786,425,30533,0.111126,0.07,1,166289,165864,425
23644241,19.7297,19.6157,425,30602,0.110225,0.07,1,166291,165866,425
23647161,35.9459,37.5231,423,30671,0.158045,0.07,1,166331,165908,423
23650081,29.5892,30.7046,422,30740,0.135609,0.01,1,166359,165937,422
23653001,63.5178,63.7409,422,30809,0.0351218,0.03,1,166431,166009,422
23655921,36.7036,36.7482,422,30878,0.0310244,0.01,1,166461,166039,422
23658841,15.3407,15.3496,422,30947,0.0142049,0.01,1,166471,166049,422
23661761,55.8681,55.0699,423,31015,0.026841,0.07,1,166537,166114,423
23664681,43.1736,42.214,424,31083,0.0293682,0.13,1,166577,166153,424
23667601,35.0347,33.2428,426,31151,0.0458736,0.11,1,166610,166184,426
23670521,91.8069,90.6486,427,31219,0.0651747,0.11,1,166716,166289,427
23673441,19.9614,19.7297,427,31287,0.0690349,0.11,1,166718,166291,427
23676361,35.9923,3.94594,467,31355,0.053807,0.17,1,166758,166291,467
23679281,26.3985,32.7892,451,31422,0.0507614,0.13,1,166782,166331,451
23682201,61.2797,28.9578,493,31489,0.0341523,0.01,1,166852,166359,493
23685121,36.2559,63.3916,451,31556,0.0308305,0.03,1,166882,166431,451
23688041,15.2512,36.6783,431,31623,0.0301661,0.01,1,166892,166461,431
23690961,55.8502,15.3357,487,31690,0.0460332,0.03,1,166958,166471,487
23693881,43.17,55.8671,461,31757,0.0172066,0.03,1,166998,166537,461
23696801,35.034,43.1734,454,31824,0.0594413,0.05,1,167031,166577,454
23699721,92.6068,35.0347,528,31890,0.115888,0.07,1,167138,166610,528
23702641,20.1214,91.8069,424,31956,0.127178,0.07,1,167140,166716,424
23705561,36.8243,19.9614,463,32022,0.161436,0.05,1,167181,166718,463
23708481,26.5649,35.9923,447,32088,0.168287,0.05,1,167205,166758,447
23711401,59.713,26.3985,491,32154,0.0896574,0.03,1,167273,166782,491
23714321,36.7426,61.2797,452,32220,0.0259315,0.03,1,167304,166852,452
23717241,15.3485,36.2559,432,32286,0.0451863,0.03,1,167314,166882,432
23720161,56.6697,15.2512,489,32352,0.0330373,0.05,1,167381,166892,489
23723081,41.7339,55.8502,461,32417,0.0466074,0.01,1,167419,166958,461
23726001,37.9468,43.17,458,32482,0.0333215,0.07,1,167456,166998,458
23728921,94.7894,35.034,534,32547,0.142664,0.13,1,167565,167031,534
23731841,20.5579,92.6068,429,32612,0.164533,0.13,1,167567,167138,429
23734761,38.5116,20.1214,470,32677,0.168907,0.17,1,167610,167140,470
23737681,26.9023,36.8243,453,32742,0.169781,0.17,1,167634,167181,453
23740601,6.98046,26.5649,431,32807,0.169956,0.07,1,167636,167205,431
23743521,50.1961,59.713,424,32871,0.185991,0.01,1,167697,167273,424
23746441,34.8392,36.7426,424,32935,0.157198,0.05,1,167728,167304,424
23749361,14.9678,15.3485,424,32999,0.11944,0.03,1,167738,167314,424
23752281,56.5936,56.6697,424,33063,0.0478879,0.05,1,167805,167381,424
23755201,41.7187,41.7339,424,33127,0.0495776,0.03,1,167843,167419,424
23758121,38.7437,37.9468,425,33191,0.0499155,0.17,1,167881,167456,425
23761041,98.9488,94.7894,430,33255,0.0819831,0.17,1,167995,167565,430
23763961,21.3897,20.5579,430,33319,0.0883966,0.17,1,167997,167567,430
23766881,38.678,38.5116,430,33382,0.121679,0.17,1,168040,167610,430
23769801,26.9356,26.9023,430,33445,0.128336,0.17,1,168064,167634,430
23772721,6.98712,6.98046,430,33508,0.0976672,0.19,1,168066,167636,430
23775641,50.1974,50.1961,430,33571,0.123533,0.15,1,168127,167697,430
23778561,32.4395,34.8392,427,33634,0.144707,0.11,1,168155,167728,427
23781481,14.4879,14.9678,427,33697,0.116941,0.03,1,168165,167738,427
23784401,52.4976,56.5936,422,33760,0.143388,0.05,1,168227,167805,422
23787321,40.8995,41.7187,422,33823,0.148678,0.05,1,168265,167843,422
23790241,39.3799,38.7437,423,33886,0.133736,0.09,1,168304,167881,423
23793161,101.476,98.9488,426,33948,0.114747,0.09,1,168421,167995,426
23796081,21.8952,21.3897,426,34010,0.110949,0.13,1,168423,167997,426
23799001,38.779,38.678,426,34072,0.11019,0.13,1,168466,168040,426
23801921,26.9558,26.9356,426,34134,0.110038,0.09,1,168490,168064,426
23804841,6.99116,6.98712,426,34196,0.110008,0.13,1,168492,168066,426
23807761,50.1982,50.1974,426,34258,0.142002,0.13,1,168553,168127,426
23810681,32.4396,10.0395,454,34320,0.1324,0.15,1,168581,168127,454
23813601,15.2879,24.4079,437,34382,0.14648,0.11,1,168592,168155,437
23816521,51.8576,12.8816,488,34443,0.165296,0.15,1,168653,168165,488
23819441,40.7715,52.1763,464,34504,0.169059,0.15,1,168691,168227,464
23822361,38.5543,40.8353,464,34565,0.169812,0.13,1,168729,168265,464
23825281,100.511,39.3671,541,34626,0.201962,0.11,1,168845,168304,541
23828201,21.7022,101.473,426,34687,0.208392,0.11,1,168847,168421,426
23831121,38.7404,21.8947,467,34748,0.225678,0.11,1,168890,168423,467
23834041,26.9481,38.7789,448,34809,0.261136,0.11,1,168914,168466,448
23836961,6.98962,26.9558,426,34870,0.268227,0.11,1,168916,168490,426
23839881,51.7979,6.99116,487,34931,0.301645,0.15,1,168979,168492,487
23842801,33.5596,50.1982,455,34992,0.340329,0.13,1,169008,168553,455
23845721,16.3119,32.4396,439,35052,0.364066,0.15,1,169020,168581,439
23848641,52.8624,15.2879,490,35112,0.400813,0.17,1,169082,168592,490
23851561,40.9725,51.8576,467,35172,0.408163,0.17,1,169120,168653,467
23854481,38.5945,40.7715,467,35232,0.409633,0.17,1,169158,168691,467
23857401,102.119,38.5543,547,35292,0.457927,0.21,1,169276,168729,547
23860321,22.0238,100.511,433,35352,0.467585,0.21,1,169278,168845,433
23863241,39.6048,21.7022,475,35412,0.485517,0.23,1,169322,168847,475
23866161,28.721,38.7404,458,35472,0.521103,0.27,1,169348,168890,458
23869081,7.34419,26.9481,436,35532,0.544221,0.27,1,169350,168914,436
23872001,53.4688,6.98962,499,35591,0.564844,0.31,1,169415,168916,499
23874921,35.4938,51.7979,467,35650,0.552969,0.35,1,169446,168979,467
23877841,8.69875,33.5596,440,35709,0.550594,0.37,1,169448,169008,440
23880761,11.3398,16.3119,440,35768,0.550119,0.41,1,169460,169020,440
23883681,53.468,52.8624,442,35827,0.534024,0.41,1,169524,169082,442
23886601,41.0936,40.9725,442,35886,0.578805,0.41,1,169562,169120,442
23889521,38.6187,38.5945,442,35945,0.555761,0.47,1,169600,169158,442
23892441,104.524,102.119,445,36004,0.551152,0.47,1,169721,169276,445
23895361,22.5047,22.0238,445,36063,0.55023,0.49,1,169723,169278,445
23898281,40.5009,39.6048,446,36122,0.614046,0.53,1,169768,169322,446
23901201,31.3002,28.721,449,36181,0.626809,0.55,1,169797,169348,449
23904121,7.86004,7.34419,449,36239,0.597362,0.57,1,169799,169350,449
23907041,54.372,53.4688,450,36297,0.655472,0.55,1,169865,169415,450
23909961,34.8744,35.4938,449,36355,0.667094,0.55,1,169895,169446,449
23912881,8.57488,8.69875,449,36413,0.669419,0.55,1,169897,169448,449
23915801,11.315,11.3398,449,36471,0.669884,0.53,1,169909,169460,449
23918721,52.663,53.468,448,36529,0.637977,0.59,1,169972,169524,448
23921641,41.7326,41.0936,449,36587,0.687595,0.55,1,170011,169562,449
23924561,38.7465,38.6187,449,36645,0.689519,0.55,1,170049,169600,449
23927481,105.349,104.524,450,36703,0.673904,0.55,1,170171,169721,450
23930401,22.6699,22.5047,450,36761,0.670781,0.63,1,170173,169723,450
23933321,41.334,40.5009,451,36818,0.702156,0.63,1,170219,169768,451
23936241,31.4668,31.3002,451,36875,0.692431,0.59,1,170248,169797,451
23939161,7.89336,7.86004,451,36932,0.690486,0.67,1,170250,169799,451
23942081,55.9787,54.372,453,36989,0.674097,0.67,1,170318,169865,453
23945001,35.1957,34.8744,453,37046,0.670819,0.67,1,170348,169895,453
23947921,8.63915,8.57488,453,37103,0.670164,0.67,1,170350,169897,453
23950841,11.3278,11.315,453,37160,0.670033,0.67,1,170362,169909,453
23953761,53.4656,2.263,517,37217,0.638007,0.63,1,170426,169909,517
23956681,41.0931,50.8526,492,37274,0.831601,0.7,2,170464,169972,492
23959601,38.6186,41.3705,491,37331,0.87832,0.69,2,170502,170011,491
23962521,104.524,38.6741,574,37388,0.919664,0.67,2,170623,170049,574
23965441,22.5047,105.335,454,37445,0.927933,0.67,2,170625,170171,454
23968361,42.901,22.667,500,37501,0.945587,0.71,2,170673,170173,500
24085161,26,19,494,39691,0.63,1,1,172156,171662,494
24088081,33.2,51,470,39744,0.534,1,1,172191,171721,470
24091001,41.84,27,493,39797,0.3868,1,1,172235,171742,493
24093921,29.968,22.2,499,39850,0.29336,1,1,172262,171763,499
24096841,27.5936,18.84,508,39903,0.178672,1,1,172289,171781,508
24099761,21.5187,42.968,479,39956,0.107734,1,1,172309,171830,479
24102681,49.1037,37.3936,499,40009,0.0295469,1,1,172365,171866,499
24105601,30.6207,23.4787,505,40062,0.00590938,1,1,172391,171886,505
24108521,23.7241,4.69574,527,40115,0.0251819,1,1,172413,171886,527
24111441,87.1448,32.9391,590,40168,0.0610364,0.97,1,172516,171926,590
24114361,35.829,101.788,494,40221,0.0362073,0.88,1,172539,172045,494
24117281,26.3658,41.1576,492,40273,0.0952415,0.87,1,172563,172071,492
24120201,21.2732,35.4315,478,40325,0.123048,0.73,1,172583,172105,478
24123121,23.4546,27.0863,477,40377,0.0966097,0.63,1,172607,172130,477
24126041,28.6909,26.2173,481,40429,0.0913219,0.51,1,172637,172156,481
24128961,34.5382,33.2435,482,40481,0.106264,0.35,1,172673,172191,482
24131881,22.9076,41.8487,458,40533,0.109253,0.27,1,172693,172235,458
24134801,22.9815,29.9697,454,40585,0.157851,0.15,1,172716,172262,454
24137721,16.5963,27.5939,442,40637,0.15157,0.09,1,172731,172289,442
24140641,47.3193,21.5188,477,40689,0.038314,0.01,1,172786,172309,477
24143561,30.2639,49.1038,447,40741,0.0076628,0,1,172812,172365,447
24146481,23.6528,30.6208,443,40793,0.0575326,0.03,1,172834,172391,443
24149401,89.5306,23.7242,527,40845,0.0355065,0.07,1,172940,172413,527
24152321,34.7061,87.1448,445,40897,0.0311013,0.03,1,172961,172516,445
24155241,30.1412,35.829,451,40949,0.0142203,0.11,1,172990,172539,451
24158161,20.4282,26.3658,445,41001,0.0428441,0.13,1,173008,172563,445
24161081,24.8856,21.2732,451,41052,0.0485688,0.09,1,173034,172583,451
24164001,28.9771,23.4546,457,41103,0.0657138,0.09,1,173064,172607,457
24166921,33.7954,28.6909,462,41154,0.0851428,0.11,1,173099,172637,462
24169841,24.3591,34.5382,448,41205,0.0890286,0.11,1,173121,172673,448
24172761,22.4718,22.9076,450,41256,0.105806,0.17,1,173143,172693,450
24175681,14.0944,22.9815,439,41307,0.109161,0.15,1,173155,172716,439
24178601,45.2189,16.5963,477,41358,0.0618322,0.01,1,173208,172731,477
24181521,30.6438,47.3193,449,41409,0.0523664,0,1,173235,172786,449
24184441,22.9288,30.2639,444,41460,0.0344733,0.07,1,173256,172812,444
24187361,89.3858,23.6528,528,41511,0.0628947,0.03,1,173362,172834,528
24190281,19.4771,89.5306,424,41562,0.0685789,0.03,1,173364,172940,424
24193201,19.8954,34.7061,423,41613,0.0697158,0.01,1,173384,172961,423
24196121,27.9791,30.1412,424,41664,0.0699432,0.05,1,173414,172990,424
24199041,19.9958,20.4282,424,41715,0.0859886,0.05,1,173432,173008,424
24201961,25.5992,24.8856,425,41766,0.105198,0.07,1,173459,173034,425
24204881,29.1198,28.9771,425,41817,0.10904,0.09,1,173489,173064,425
24207801,34.624,33.7954,426,41867,0.0778079,0.09,1,173525,173099,426
24210721,25.3248,24.3591,427,41917,0.103562,0.11,1,173548,173121,427
24213641,22.665,22.4718,427,41967,0.0767123,0.11,1,173570,173143,427
24216561,14.133,14.0944,427,42017,0.0713425,0.05,1,173582,173155,427
24219481,42.0266,45.2189,423,42067,0.102268,0.05,1,173631,173208,423
24222401,30.0053,30.6438,423,42117,0.0924537,0.03,1,173658,173235,423
24225321,22.0011,22.9288,422,42167,0.106491,0.07,1,173678,173256,422
24228241,91.6002,89.3858,425,42217,0.0292981,0.07,1,173787,173362,425
24231161,19.92,19.4771,425,42267,0.0138596,0.07,1,173789,173364,425
24234081,19.984,19.8954,425,42317,0.0107719,0.07,1,173809,173384,425
24237001,28.7968,27.9791,426,42367,0.0901544,0.09,1,173840,173414,426
24239921,20.1594,19.9958,426,42417,0.106031,0.11,1,173858,173432,426
24242841,24.8319,25.5992,425,42467,0.0772062,0.11,1,173884,173459,425
24245761,28.9664,29.1198,425,42517,0.103441,0.07,1,173914,173489,425
24248681,34.5933,34.624,425,42567,0.0766882,0.11,1,173950,173525,425
24251601,25.3187,25.3248,425,42617,0.0713376,0.07,1,173973,173548,425
24254521,22.6637,22.665,425,42667,0.102268,0.07,1,173995,173570,425
24257441,14.1327,14.133,425,42716,0.0764535,0.11,1,174007,173582,425
24260361,42.0265,42.0266,425,42765,0.0872907,0.09,1,174056,173631,425
24263281,30.8053,30.0053,426,42814,0.0894581,0.11,1,174084,173658,426
24266201,21.3611,22.0011,425,42863,0.105892,0.01,1,174103,173678,425
24269121,89.0722,91.6002,422,42912,0.125178,0.01,1,174209,173787,422
24272041,19.4144,19.92,422,42961,0.129036,0.01,1,174211,173789,422
24274961,19.8829,19.984,422,43010,0.129807,0.01,1,174231,173809,422
24277881,30.3766,3.9968,455,43059,0.0979614,0.11,1,174264,173809,455
24280801,20.4753,25.5994,442,43108,0.0915923,0.11,1,174282,173840,442
24283721,24.8951,19.5199,450,43157,0.106318,0.07,1,174308,173858,450
24286641,28.979,24.704,454,43206,0.109264,0.11,1,174338,173884,454
24289561,35.3958,28.9408,461,43255,0.125853,0.07,1,174375,173914,461
24292481,24.6792,34.5882,447,43304,0.129171,0.07,1,174397,173950,447
24295401,22.5358,25.3176,446,43353,0.129834,0.11,1,174419,173973,446
24298321,14.1072,22.6635,436,43402,0.129967,0.07,1,174431,173995,436
24301241,42.8214,14.1327,474,43451,0.145993,0.09,1,174481,174007,474
24304161,30.9643,42.0265,453,43500,0.149199,0.09,1,174509,174056,453
24307081,21.3929,30.8053,444,43549,0.13384,0.11,1,174528,174084,444
24310001,89.0786,21.3611,531,43597,0.178768,0.13,1,174634,174103,531
24312921,19.4157,89.0722,427,43645,0.187754,0.13,1,174636,174209,427
24315841,20.6831,19.4144,446,43693,0.205551,0.13,1,174657,174211,446
24318761,29.7366,19.8829,458,43741,0.24111,0.09,1,174689,174231,458
24321681,20.3473,30.3766,443,43789,0.248222,0.09,1,174707,174264,443
24324601,25.6695,20.4753,452,43837,0.281644,0.11,1,174734,174282,452
24327521,29.1339,24.8951,456,43885,0.304329,0.11,1,174764,174308,456
24330441,36.2268,28.979,464,43933,0.324866,0.13,1,174802,174338,464
24333361,24.8454,35.3958,449,43981,0.344973,0.13,1,174824,174375,449
24336281,22.5691,24.6792,449,44029,0.348995,0.13,1,174846,174397,449
24339201,14.9138,22.5358,440,44077,0.381799,0.13,1,174859,174419,440
24342121,42.9828,14.1072,478,44125,0.40436,0.15,1,174909,174431,478
24345041,30.9966,42.8214,456,44173,0.424872,0.15,1,174937,174481,456
24347961,21.3993,30.9643,447,44221,0.412974,0.13,1,174956,174509,447
24350881,90.6799,21.3929,536,44269,0.458595,0.19,1,175064,174528,536
24353801,19.736,89.0786,432,44317,0.467719,0.19,1,175066,174634,432
24356721,21.5472,19.4157,452,44365,0.469544,0.21,1,175088,174636,452
24359641,31.5094,20.6831,465,44413,0.469909,0.25,1,175122,174657,465
24362561,20.7019,29.7366,451,44460,0.485982,0.25,1,175140,174689,451
24365481,5.74038,20.3473,435,44507,0.489196,0.29,1,175142,174707,435
24368401,23.5481,25.6695,436,44554,0.489839,0.31,1,175170,174734,436
24371321,29.5096,29.1339,437,44601,0.521968,0.33,1,175201,174764,437
24374241,37.9019,36.2268,439,44648,0.560394,0.35,1,175241,174802,439
24377161,25.1804,24.8454,439,44695,0.536079,0.35,1,175263,174824,439
24380081,23.4361,22.5691,440,44742,0.547216,0.39,1,175286,174846,440
24383001,15.8872,14.9138,441,44789,0.517443,0.41,1,175300,174859,441
24385921,43.9774,42.9828,442,44836,0.511489,0.43,1,175351,174909,442
24388841,31.9955,30.9966,443,44883,0.558298,0.41,1,175380,174937,443
24391761,22.3991,21.3993,444,44930,0.53566,0.47,1,175400,174956,444
24394681,91.6798,90.6799,445,44977,0.595132,0.47,1,175509,175064,445
24397601,19.936,19.736,445,45024,0.607026,0.47,1,175511,175066,445
24400521,21.5872,21.5472,445,45071,0.609405,0.47,1,175533,175088,445
24403441,31.5174,31.5094,445,45118,0.641881,0.49,1,175567,175122,445
24406361,21.5035,20.7019,446,45165,0.648376,0.49,1,175586,175140,446
24409281,5.9007,5.74038,446,45212,0.617675,0.49,1,175588,175142,446
24412201,23.5801,23.5481,446,45259,0.611535,0.53,1,175616,175170,446
24415121,31.116,29.5096,448,45306,0.642307,0.57,1,175649,175201,448
24418041,38.2232,37.9019,448,45353,0.696461,0.53,1,175689,175241,448
24420961,25.2446,25.1804,448,45400,0.675292,0.55,1,175711,175263,448
24423881,22.6489,23.4361,447,45446,0.703058,0.51,1,175733,175286,447
24426801,15.7298,15.8872,447,45492,0.692612,0.51,1,175747,175300,447
24429721,43.946,43.9774,447,45538,0.674522,0.57,1,175798,175351,447
24432641,32.7892,31.9955,448,45584,0.686904,0.53,1,175828,175380,448
24435561,22.5578,22.3991,448,45630,0.737381,0.61,1,175848,175400,448
24438481,94.9116,91.6798,452,45676,0.747476,0.61,1,175961,175509,452
24441401,20.5823,19.936,452,45722,0.749495,0.61,1,175963,175511,452
24444321,21.7165,21.5872,452,45768,0.717899,0.65,1,175985,175533,452
24447241,32.3433,31.5174,453,45814,0.72758,0.65,1,176020,175567,453
24450161,20.8687,21.5035,452,45860,0.729516,0.61,1,176038,175586,452
24453081,5.77373,5.9007,452,45906,0.697903,0.61,1,176040,175588,452
24456001,23.5547,23.5801,452,45952,0.723581,0.61,1,176068,175616,452
24458921,31.1109,4.71603,485,45998,0.728716,0.65,1,176101,175616,485
24461841,39.8222,27.3432,494,46044,0.713743,0.71,1,176143,175649,494
24464761,25.5644,37.4686,476,46090,0.710749,0.67,1,176165,175689,476
24467681,23.5129,25.0937,477,46136,0.72615,0.71,1,176188,175711,477
24470601,15.9026,22.6187,469,46182,0.72923,0.69,1,176202,175733,469
24473521,43.1805,15.7237,505,46228,0.729846,0.67,1,176252,175747,505
24476441,33.4361,43.9447,485,46274,0.729969,0.69,1,176283,175798,485
24479361,23.4872,32.7889,476,46320,0.745994,0.75,1,176304,175828,476
24482281,95.0974,22.5578,569,46366,0.733199,0.75,1,176417,175848,569
24485201,20.6195,94.9116,458,46411,0.73064,0.75,1,176419,175961,458
24488121,21.7239,20.5823,478,46456,0.778128,0.71,2,176441,175963,478
24491041,31.5448,21.7165,490,46501,0.787626,0.73,2,176475,175985,490
24493961,20.709,32.3433,473,46546,0.789525,0.73,2,176493,176020,473
24496881,5.74179,20.8687,457,46591,0.789905,0.69,2,176495,176038,457
24499801,23.5484,5.77373,483,46636,0.805981,0.73,2,176523,176040,483
24502721,32.7097,23.5547,490,46681,0.825196,0.73,2,176558,176068,490
24505641,39.3419,31.1109,498,46726,0.877039,0.71,2,176599,176101,498
24508561,25.4684,39.8222,478,46771,0.887408,0.71,2,176621,176143,478
24511481,24.2937,25.5644,480,46816,0.905482,0.73,2,176645,176165,480
24514401,16.0587,23.5129,471,46861,0.909096,0.73,2,176659,176188,471
24914441,28,107,489,52663,0.77,1,2,180677,180188,489
24917361,49.6,40.6,520,52703,0.594,1,1,180732,180212,520
24920281,29.12,41.72,502,52743,0.4788,1,1,180756,180254,502
24923201,28.224,25.144,509,52783,0.42376,1,1,180784,180275,509
24926121,21.6448,20.2288,510,52823,0.396752,1,1,180804,180294,510
24929041,24.329,24.8458,509,52863,0.37535,1,1,180829,180320,509
24931961,16.8658,24.9692,499,52903,0.37107,1,1,180844,180345,499
24934881,16.1732,19.3938,497,52943,0.386214,1,1,180860,180363,497
24937801,12.8346,23.0788,485,52983,0.405243,1,1,180872,180387,485
24940721,19.3669,14.2158,494,53023,0.345049,1,1,180893,180399,494
24943641,22.2734,22.0432,493,53063,0.41301,0.97,1,180916,180423,493
24946561,20.4547,23.6086,489,53103,0.394602,1,1,180936,180447,489
24949481,16.0909,22.3217,482,53143,0.42292,1,1,180951,180469,482
24952401,17.6182,15.6643,486,53183,0.428584,1,1,180969,180483,486
24955321,31.5236,21.5329,498,53223,0.461717,1,1,181004,180506,498
24958241,14.3047,23.5066,484,53263,0.436343,0.87,1,181014,180530,484
24961161,18.0609,27.1013,475,53303,0.479269,0.85,1,181033,180558,475
24964081,66.8122,78.2203,463,53342,0.487854,0.77,1,181112,180649,463
24967001,31.7624,38.0441,458,53381,0.505571,0.55,1,181135,180677,458
24969921,44.7525,51.6088,451,53420,0.493114,0.45,1,181183,180732,451
24972841,25.7505,29.5218,448,53459,0.570623,0.41,1,181204,180756,448
24975761,25.1501,28.3044,445,53498,0.570125,0.39,1,181229,180784,445
24978681,18.63,21.6609,442,53537,0.554025,0.37,1,181246,180804,442
24981601,22.926,24.3322,441,53576,0.598805,0.37,1,181270,180829,441
24984521,16.5852,16.8664,441,53615,0.527761,0.39,1,181285,180844,441
24987441,16.917,16.1733,442,53654,0.577552,0.41,1,181302,180860,442
24990361,12.1834,12.8347,441,53693,0.57151,0.33,1,181313,180872,441
24993281,20.0367,19.3669,442,53732,0.570302,0.43,1,181335,180893,442
24996201,21.6073,22.2734,441,53771,0.57006,0.39,1,181357,180916,441
24999121,19.5215,20.4547,440,53810,0.586012,0.43,1,181376,180936,440
25002041,17.5043,16.0909,442,53849,0.637202,0.43,1,181393,180951,442
25004961,19.5009,17.6182,444,53888,0.67944,0.47,1,181413,180969,444
25007881,31.1002,31.5236,443,53927,0.783888,0.43,2,181447,181004,443
25010801,14.22,14.3047,443,53966,0.772778,0.49,2,181457,181014,443
25013721,20.444,18.0609,446,54005,0.802556,0.49,2,181479,181033,446
25016641,67.2888,66.8122,446,54044,0.824511,0.51,2,181558,181112,446
25019561,31.8578,31.7624,446,54083,0.828902,0.49,2,181581,181135,446
25022481,44.7716,44.7525,446,54122,0.81378,0.59,2,181629,181183,446
25025401,28.1543,25.7505,449,54161,0.874756,0.57,2,181653,181204,449
25028321,24.8309,25.1501,448,54200,0.886951,0.55,2,181677,181229,448
25031241,19.3662,18.63,449,54239,0.88939,0.61,2,181695,181246,449
25034161,22.2732,22.926,448,54278,0.905878,0.51,2,181718,181270,448
25037081,15.6546,16.5852,447,54317,0.909176,0.59,2,181732,181285,447
25040001,18.3309,16.917,449,54356,0.925835,0.57,2,181751,181302,449
25042921,11.6662,12.1834,448,54395,0.897167,0.57,2,181761,181313,448
25045841,19.9332,20.0367,448,54434,0.923433,0.57,2,181783,181335,448
25048761,23.1866,21.6073,450,54473,0.944687,0.59,2,181807,181357,450
25051681,22.2373,19.5215,453,54512,0.916937,0.65,2,181829,181376,453
25264841,81,54,451,26361,0.03,0,1,183852,183401,451
25267761,84.2,66,467,26441,0.006,0,1,183937,183470,467
25270681,72.84,82,451,26521,0.0252,0.01,1,184007,183556,451
25273601,50.568,56.4,446,26601,0.06104,0.01,1,184052,183606,446
25276521,42.9136,56.88,430,26681,0.036208,0.03,1,184093,183663,430
25279441,23.7827,28.976,427,26760,0.0472416,0.03,1,184112,183685,427
25282361,18.3565,12.1952,436,26839,0.0174483,0.05,1,184129,183693,436
25285281,33.2713,32.839,435,26918,0.0914897,0.05,1,184166,183731,435
25288201,30.6543,24.1678,443,26997,0.0422979,0.03,1,184196,183753,443
25291121,69.3309,84.0336,423,27075,0.0164596,0,1,184275,183852,423
25294041,81.8662,84.8067,423,27153,0.0272919,0.03,1,184360,183937,423
25296961,72.3732,72.9613,423,27231,0.0134584,0.07,1,184430,184007,423
25299881,50.4746,50.5923,423,27309,0.0106917,0.03,1,184475,184052,423
25302801,42.8949,42.9185,423,27387,0.0101383,0.05,1,184516,184093,423
25305721,25.379,23.7837,425,27464,0.0260277,0.01,1,184537,184112,425
25308641,19.4758,18.3567,426,27541,0.0292055,0.11,1,184555,184129,426
25311561,32.6952,33.2713,425,27618,0.0458411,0.03,1,184591,184166,425
25314481,32.139,30.6543,427,27695,0.0491682,0.01,1,184623,184196,427
25317401,65.6278,69.3309,422,27771,0.00983364,0.03,1,184697,184275,422
25320321,81.1256,81.8662,422,27847,0.00996673,0.01,1,184782,184360,422
25323241,72.2251,72.3732,422,27923,0.00199335,0.01,1,184852,184430,422
25326161,51.245,50.4746,423,27999,0.0243987,0.01,1,184898,184475,423
25329081,42.249,42.8949,422,28075,0.0128797,0.03,1,184938,184516,422
25332001,26.0498,25.379,423,28150,0.0105759,0.03,1,184960,184537,423
25334921,19.61,19.4758,423,28225,0.0261152,0.05,1,184978,184555,423
25337841,33.522,32.6952,424,28300,0.045223,0.05,1,185015,184591,424
25340761,31.5044,32.139,423,28375,0.0490446,0.05,1,185046,184623,423
25343681,63.9009,6.42781,495,28450,0.0178089,0,1,185118,184623,495
25346601,80.7802,60.4856,506,28524,0.0115618,0.01,1,185203,184697,506
25349521,72.156,80.0971,491,28598,0.00231236,0,1,185273,184782,491
25352441,51.2312,72.0194,467,28672,0.0244625,0.03,1,185319,184852,467
25355361,42.2462,51.2039,461,28746,0.0288925,0.01,1,185359,184898,461
25358281,26.8492,42.2408,444,28820,0.0137785,0.01,1,185382,184938,444
25361201,19.7698,26.0482,440,28893,0.0267557,0.03,1,185400,184960,440
25364121,32.754,19.6096,458,28966,0.0453511,0.05,1,185436,184978,458
25367041,31.3508,33.5219,452,29039,0.0650702,0.05,1,185467,185015,452
25369961,63.8702,31.5044,493,29112,0.037014,0.01,1,185539,185046,493
25372881,80.774,63.9009,506,29185,0.0314028,0.01,1,185624,185118,506
25375801,72.9548,80.7802,492,29258,0.0302806,0,1,185695,185203,492
25378721,50.591,72.156,467,29330,0.0460561,0.03,1,185740,185273,467
25381641,42.9182,51.2312,462,29402,0.0332112,0.03,1,185781,185319,462
25384561,26.9836,42.2462,445,29474,0.0626422,0.01,1,185804,185359,445
25387481,20.5967,26.8492,441,29546,0.0525284,0.03,1,185823,185382,441
25390401,32.9193,19.7698,459,29618,0.0345057,0.05,1,185859,185400,459
25393321,32.1839,32.754,455,29689,0.0469011,0.07,1,185891,185436,455
25396241,63.2368,31.3508,495,29760,0.0173802,0.03,1,185962,185467,495
25399161,81.4474,63.8702,509,29831,0.043476,0.03,1,186048,185539,509
25402081,17.8895,80.774,426,29902,0.0486952,0.03,1,186050,185624,426
25405001,57.9779,72.9548,423,29973,0.033739,0.05,1,186118,185695,423
25407921,46.7956,50.591,422,30044,0.0147478,0.03,1,186162,185740,422
25410841,43.7591,42.9182,424,30114,0.0269496,0.07,1,186205,185781,424
25413761,26.3518,26.9836,423,30184,0.0293899,0.05,1,186227,185804,423
25416681,19.6704,20.5967,422,30254,0.093878,0.03,1,186245,185823,422
25419601,33.5341,32.9193,423,30324,0.0587756,0.05,1,186282,185859,423
25422521,33.1068,32.1839,424,30394,0.0517551,0.01,1,186315,185891,424
25425441,63.4214,63.2368,424,30464,0.034351,0.05,1,186386,185962,424
25428361,81.4843,81.4474,424,30533,0.0148702,0.05,1,186472,186048,424
25431281,17.8969,17.8895,424,30602,0.010974,0.03,1,186474,186050,424
25434201,56.3794,57.9779,422,30671,0.0261948,0.01,1,186540,186118,422
25437121,46.4759,46.7956,422,30740,0.029239,0.03,1,186584,186162,422
25440041,44.4952,43.7591,423,30809,0.0138478,0.03,1,186628,186205,423
25442961,27.299,26.3518,424,30878,0.0427696,0.11,1,186651,186227,424
25445881,20.6598,19.6704,425,30947,0.00855391,0.05,1,186670,186245,425
25448801,32.932,33.5341,424,31015,0.0417108,0.05,1,186706,186282,424
25451721,32.9864,33.1068,424,31083,0.0643422,0.03,1,186739,186315,424
25454641,62.5973,63.4214,423,31151,0.0368684,0.01,1,186809,186386,423
25457561,80.5195,81.4843,422,31219,0.0793737,0.01,1,186894,186472,422
25460481,17.7039,17.8969,422,31287,0.0878747,0.01,1,186896,186474,422
25463401,55.5408,3.57937,487,31355,0.0895749,0.03,1,186961,186474,487
25466321,47.1082,53.5159,466,31422,0.025915,0.03,1,187006,186540,466
25469241,44.6216,45.9032,466,31489,0.029183,0.01,1,187050,186584,466
25472161,26.5243,44.3806,444,31556,0.0298366,0.05,1,187072,186628,444
25475081,20.5049,27.2761,440,31623,0.0299673,0,1,187091,186651,440
25478001,32.901,20.6552,457,31690,0.0459935,0.05,1,187127,186670,457
25480921,33.7802,32.931,455,31757,0.0651987,0.07,1,187161,186706,455
25483841,62.756,32.9862,492,31824,0.0530397,0.03,1,187231,186739,492
25486761,81.3512,62.5972,508,31890,0.0506079,0.09,1,187317,186809,508
25489681,17.8702,80.5194,425,31956,0.0501216,0.09,1,187319,186894,425
25492601,55.574,17.7039,488,32022,0.0980243,0.09,1,187384,186896,488
25495521,46.3148,55.5408,467,32088,0.0916049,0.01,1,187428,186961,467
25498441,44.463,47.1082,466,32154,0.026321,0.03,1,187472,187006,466
25501361,26.4926,44.6216,444,32220,0.0292642,0.03,1,187494,187050,444
25504281,20.4985,26.5243,441,32286,0.0458528,0.03,1,187513,187072,441
25507201,34.4997,20.5049,460,32352,0.113171,0.05,1,187551,187091,460
25510121,34.0999,32.901,458,32417,0.126634,0.07,1,187585,187127,458
25513041,62.02,33.7802,493,32482,0.113327,0.05,1,187654,187161,493
25515961,81.204,62.756,509,32547,0.0786654,0.05,1,187740,187231,509
25518881,17.8408,81.3512,425,32612,0.0717331,0.05,1,187742,187317,425
25521801,58.7682,17.8702,492,32677,0.118347,0.11,1,187811,187319,492
25524721,43.7536,55.574,467,32742,0.143669,0.09,1,187851,187384,467
25527641,10.3507,46.3148,425,32807,0.148734,0.01,1,187853,187428,425
25530561,35.6701,44.463,423,32871,0.133747,0.03,1,187895,187472,423
25533481,24.734,26.4926,423,32935,0.0987494,0.05,1,187917,187494,423
25536401,21.7468,20.4985,425,32999,0.10775,0.13,1,187938,187513,425
25539321,37.1494,34.4997,428,33063,0.14155,0.13,1,187979,187551,428
25542241,34.6299,34.0999,428,33127,0.16431,0.11,1,188013,187585,428
25545161,61.326,62.02,427,33191,0.184862,0.07,1,188081,187654,427
25548081,79.4652,81.204,425,33255,0.172972,0.07,1,188165,187740,425
25551001,17.493,17.8408,425,33319,0.170594,0.13,1,188167,187742,425
25553921,61.0986,58.7682,428,33382,0.170119,0.15,1,188239,187811,428
25556841,45.0197,43.7536,429,33445,0.218024,0.15,1,188280,187851,429
25559761,10.6039,10.3507,429,33508,0.227605,0.13,1,188282,187853,429
25562681,33.3208,35.6701,426,33571,0.213521,0.09,1,188321,187895,426
25565601,24.2642,24.734,426,33634,0.226704,0.11,1,188343,187917,426
25568521,22.4528,21.7468,427,33697,0.229341,0.15,1,188365,187938,427
25571441,38.8906,37.1494,429,33760,0.245868,0.17,1,188408,187979,429
25574361,35.7781,34.6299,430,33823,0.265174,0.19,1,188443,188013,430
25577281,62.3556,61.326,431,33886,0.221035,0.17,1,188512,188081,431
25580201,78.8711,79.4652,430,33948,0.260207,0.17,1,188595,188165,430
25583121,17.3742,17.493,430,34010,0.268041,0.17,1,188597,188167,430
25586041,61.8748,61.0986,431,34072,0.253608,0.23,1,188670,188239,431
25588961,46.775,45.0197,433,34134,0.282722,0.23,1,188713,188280,433
25591881,10.955,10.6039,433,34196,0.288544,0.21,1,188715,188282,433
25594801,32.591,33.3208,432,34258,0.305709,0.21,1,188753,188321,432
25597721,24.1182,6.66416,454,34320,0.277142,0.23,1,188775,188321,454
25600641,23.2236,18.9328,455,34382,0.255428,0.23,1,188798,188343,455
25603561,39.0447,21.3866,476,34443,0.235086,0.25,1,188841,188365,476
25606481,35.0089,38.6773,467,34504,0.231017,0.27,1,188875,188408,467
25609401,61.4018,35.7355,500,34565,0.278203,0.21,1,188943,188443,500
25612321,79.4804,62.3471,515,34626,0.319641,0.27,1,189027,188512,515
25615241,17.4961,78.8694,434,34687,0.327928,0.27,1,189029,188595,434
25618161,61.0992,17.3739,504,34748,0.361586,0.25,1,189101,188597,504
25621081,48.2198,61.8748,476,34809,0.400317,0.29,1,189146,188670,476
25624001,11.244,46.775,435,34870,0.424063,0.29,1,189148,188713,435
25626921,33.4488,10.955,472,34931,0.444813,0.31,1,189187,188715,472
25629841,24.2898,32.591,456,34992,0.448963,0.27,1,189209,188753,456
25632761,22.458,24.1182,456,35052,0.465793,0.25,1,189231,188775,456
25635681,38.0916,23.2236,475,35112,0.469159,0.23,1,189273,188798,475
25638601,34.8183,39.0447,466,35172,0.485832,0.23,1,189307,188841,466
25641521,63.7637,35.0089,503,35232,0.537166,0.29,1,189378,188875,503
25644441,81.5527,61.4018,521,35292,0.563433,0.33,1,189464,188943,521
25647361,17.9105,79.4804,439,35352,0.568687,0.33,1,189466,189027,439
25650281,63.5821,17.4961,512,35412,0.585737,0.37,1,189541,189029,512
25653201,50.3164,61.0992,487,35472,0.637147,0.41,1,189588,189101,487
25656121,11.6633,48.2198,444,35532,0.64743,0.43,1,189590,189146,444
25659041,34.3327,11.244,482,35591,0.681486,0.45,1,189630,189148,482
25661961,24.4665,33.4488,465,35650,0.688297,0.45,1,189652,189187,465
25664881,6.49331,24.2898,445,35709,0.689659,0.47,1,189654,189209,445
25667801,18.8987,22.458,445,35768,0.721932,0.47,1,189676,189231,445
25670721,37.3797,38.0916,445,35827,0.696386,0.49,1,189718,189273,445
25673641,35.4759,34.8183,446,35886,0.707277,0.55,1,189753,189307,446
25676561,66.2952,63.7637,449,35945,0.741455,0.57,1,189827,189378,449
25679481,82.859,81.5527,450,36004,0.796291,0.57,2,189914,189464,450
25682401,18.1718,17.9105,450,36063,0.807258,0.59,2,189916,189466,450
25685321,64.4344,63.5821,451,36122,0.825452,0.65,2,189992,189541,451
25688241,52.8869,50.3164,454,36181,0.82109,0.65,2,190042,189588,454
25691161,12.1774,11.6633,454,36239,0.836218,0.69,2,190044,189590,454
25694081,36.0355,34.3327,456,36297,0.847244,0.69,2,190086,189630,456
25697001,24.8071,24.4665,456,36355,0.849449,0.69,2,190108,189652,456
25699921,6.56142,6.49331,456,36413,0.84989,0.73,2,190110,189654,456
25702841,18.9123,18.8987,456,36471,0.849978,0.69,2,190132,189676,456
25705761,37.3825,37.3797,456,36529,0.881996,0.71,2,190174,189718,456
25708681,36.2765,35.4759,457,36587,0.920399,0.75,2,190210,189753,457
25711601,68.8553,66.2952,460,36645,0.88008,0.81,2,190287,189827,460
25714521,85.7711,82.859,463,36703,0.872016,0.81,2,190377,189914,463
25717441,18.7542,18.1718,463,36761,0.870403,0.83,2,190379,189916,463
25720361,64.5508,64.4344,463,36818,0.902081,0.82,2,190455,189992,463
25845921,33,24,498,39209,0.69,1,1,192065,191567,498
25848841,29,20.8,506,39263,0.642,1,1,192093,191587,506
25851761,29,34.56,497,39317,0.5684,1,1,192122,191625,497
25854681,26.6,28.512,496,39371,0.53768,1,1,192148,191652,496
25857601,48.52,49.7024,495,39425,0.355536,1,1,192202,191707,495
25860521,68.104,78.7405,482,39479,0.111107,0.93,1,192275,191793,482
25863441,42.4208,36.5481,492,39532,0.0302214,1,1,192311,191819,492
25866361,43.6842,49.7096,483,39585,0.0140443,1,1,192355,191872,483
25869281,40.7368,52.3419,470,39638,0.0268089,0.96,1,192395,191925,470
25872201,28.9474,31.2684,470,39691,0.0133618,0.96,1,192421,191951,470
25875121,27.3895,29.4537,468,39744,0.00267235,0.93,1,192448,191980,468
25878041,23.0779,27.4907,463,39797,0.0245345,0.79,1,192470,192007,463
25880961,20.6156,25.4981,458,39850,0.0289069,0.69,1,192490,192032,458
25883881,25.7231,31.4996,452,39903,0.00578138,0.63,1,192517,192065,452
25886801,25.9446,28.6999,450,39956,0.0251563,0.55,1,192543,192093,450
25889721,23.5889,28.94,444,40009,0.00503126,0.53,1,192566,192122,444
25892641,24.7178,26.588,443,40062,0.0250063,0.53,1,192591,192148,443
25895561,37.7436,5.3176,484,40115,0.0290013,0.31,1,192632,192148,484
25898481,59.5487,44.2635,495,40168,0.0458003,0.05,1,192697,192202,495
25901401,41.5097,67.2527,459,40221,0.00916005,0.01,1,192734,192275,459
25904321,41.902,42.2505,465,40273,0.025832,0.01,1,192776,192311,465
25907241,41.1804,43.6501,462,40325,0.0131664,0.03,1,192817,192355,462
25910161,28.2361,40.73,447,40377,0.0266333,0.01,1,192842,192395,447
25913081,27.2472,28.946,448,40429,0.00532666,0,1,192869,192421,448
25916001,23.0494,27.3892,443,40481,0.0250653,0.03,1,192891,192448,443
25918921,20.6099,23.0778,441,40533,0.0450131,0.03,1,192911,192470,441
25921841,26.522,20.6156,449,40585,0.0330026,0,1,192939,192490,449
25924761,26.1044,25.7231,448,40637,0.0146005,0.03,1,192965,192517,448
25927681,22.8209,25.9446,444,40689,0.0109201,0,1,192987,192543,444
25930601,25.3642,23.5889,447,40741,0.026184,0.03,1,193013,192566,447
25933521,37.8728,24.7178,463,40793,0.0772368,0.03,1,193054,192591,463
25936441,60.3746,37.7436,488,40845,0.0234474,0.05,1,193120,192632,488
25939361,40.8749,59.5487,459,40897,0.00468947,0,1,193156,192697,459
25942281,42.575,41.5097,465,40949,0.0249379,0.03,1,193199,192734,465
25945201,39.715,41.902,462,41001,0.0289876,0.01,1,193238,192776,462
25948121,29.543,41.1804,448,41052,0.00579752,0.03,1,193265,192817,448
25951041,26.7086,28.2361,449,41103,0.0251595,0,1,193291,192842,449
25953961,23.7417,27.2472,445,41154,0.0290319,0.03,1,193314,192869,445
25956881,20.7483,23.0494,443,41205,0.0778064,0.05,1,193334,192891,443
25959801,25.7497,20.6099,450,41256,0.0395613,0.03,1,193361,192911,450
25962721,26.7499,26.522,449,41307,0.0319123,0.01,1,193388,192939,449
25965641,22.15,26.1044,444,41358,0.0463824,0.01,1,193409,192965,444
25968561,24.43,22.8209,447,41409,0.0492765,0.03,1,193434,192987,447
25971481,40.886,25.3642,466,41460,0.0178553,0.09,1,193479,193013,466
25974401,58.5772,37.8728,488,41511,0.0755711,0.01,1,193542,193054,488
25977321,13.3154,60.3746,424,41562,0.0871142,0,1,193544,193120,424
25980241,30.6631,40.8749,423,41613,0.0174228,0.03,1,193579,193156,423
25983161,40.5326,42.575,423,41664,0.0114846,0.03,1,193622,193199,423
25986081,38.5065,39.715,422,41715,0.0262969,0,1,193660,193238,422
25989001,30.1013,29.543,423,41766,0.0292594,0.03,1,193688,193265,423
25991921,27.6203,26.7086,424,41817,0.00585188,0.03,1,193715,193291,424
25994841,24.7241,23.7417,425,41867,0.0251704,0.09,1,193739,193314,425
25997761,21.7448,20.7483,426,41917,0.0450341,0.03,1,193760,193334,426
26000681,24.349,25.7497,424,41967,0.0330068,0.03,1,193785,193361,424
26003601,25.6698,26.7499,423,42017,0.0466014,0.05,1,193811,193388,423
26006521,21.134,22.15,422,42067,0.0493203,0.05,1,193831,193409,422
26009441,24.2268,24.43,422,42117,0.0498641,0.01,1,193856,193434,422
26012361,42.4454,40.886,424,42167,0.0339728,0.09,1,193903,193479,424
26015281,60.4891,58.5772,426,42217,0.0627946,0.09,1,193968,193542,426
26018201,13.6978,13.3154,426,42267,0.100559,0,1,193970,193544,426
26021121,28.3396,30.6631,423,42317,0.0761118,0.01,1,194002,193579,423
26024041,39.2679,40.5326,422,42367,0.0552224,0.03,1,194044,193622,422
26026961,38.2536,38.5065,422,42417,0.0190445,0.03,1,194082,193660,422
26029881,30.0507,30.1013,422,42467,0.0118089,0,1,194110,193688,422
26032801,27.6101,27.6203,422,42517,0.00236178,0.03,1,194137,193715,422
26035721,25.522,24.7241,423,42567,0.0404724,0.05,1,194162,193739,423
26038641,21.1044,21.7448,422,42617,0.0320945,0.03,1,194182,193760,422
26041561,25.8209,24.349,424,42667,0.0624189,0.05,1,194209,193785,424
26044481,25.9642,25.6698,424,42716,0.0684838,0.05,1,194235,193811,424
26047401,19.5928,21.134,422,42765,0.0696968,0.05,1,194253,193831,422
26050321,23.9186,24.2268,422,42814,0.0219393,0.03,1,194278,193856,422
26053241,42.3837,42.4454,422,42863,0.0283879,0.07,1,194325,193903,422
26056161,62.8767,60.4891,425,42912,0.0936776,0.11,1,194393,193968,425
26059081,14.1753,13.6978,425,42961,0.106736,0.07,1,194395,193970,425
26062001,26.8351,28.3396,423,43010,0.173347,0.07,1,194425,194002,423
26064921,37.367,5.66791,463,43059,0.0746694,0.05,1,194465,194002,463
26067841,37.8734,34.7336,459,43108,0.0229339,0.01,1,194503,194044,459
26070761,29.9747,37.3467,449,43157,0.0285868,0.01,1,194531,194082,449
26073681,27.5949,29.8693,448,43206,0.00571735,0,1,194558,194110,448
26076601,26.319,27.5739,447,43255,0.00914347,0.05,1,194584,194137,447
26079521,22.0638,25.5148,443,43304,0.00982869,0.03,1,194605,194162,443
26082441,25.2128,21.103,449,43353,0.0259657,0.07,1,194631,194182,449
26085361,25.8426,25.8206,448,43402,0.0291931,0.07,1,194657,194209,448
26088281,19.5685,25.9641,440,43451,0.0458386,0.07,1,194675,194235,440
26091201,23.9137,19.5928,447,43500,0.0331677,0.01,1,194700,194253,447
26094121,41.5827,23.9186,468,43549,0.0626335,0.03,1,194746,194278,468
26097041,65.9165,42.3837,493,43597,0.100527,0.11,1,194818,194325,493
26099961,14.7833,62.8767,427,43645,0.0761053,0.11,1,194820,194393,427
26102881,29.3567,14.1753,458,43693,0.0712211,0.19,1,194853,194395,458
26105801,34.6713,26.8351,464,43741,0.0702442,0.05,1,194889,194425,464
26108721,35.7343,37.367,460,43789,0.0380488,0.01,1,194925,194465,460
26111641,28.7469,37.8734,449,43837,0.00760977,0.03,1,194952,194503,449
26114561,27.3494,29.9747,448,43885,0.00152195,0,1,194979,194531,448
26117481,26.2699,27.5949,447,43933,0.00830439,0.01,1,195005,194558,447
26120401,22.054,26.319,442,43981,0.0256609,0.01,1,195026,194584,442
26123321,26.0108,22.0638,448,44029,0.0451322,0.03,1,195053,194605,448
26126241,26.8022,25.2128,449,44077,0.0810264,0.03,1,195080,194631,449
26129161,19.7604,25.8426,441,44125,0.0882053,0.05,1,195098,194657,441
26132081,23.1521,19.5685,447,44173,0.0896411,0.03,1,195122,194675,447
26135001,43.0304,23.9137,470,44221,0.121928,0.07,1,195170,194700,470
26137921,66.2061,41.5827,496,44269,0.176386,0.11,1,195242,194746,496
26140841,14.8412,65.9165,426,44317,0.187277,0.07,1,195244,194818,426
26143761,30.1682,14.7833,458,44365,0.173455,0.07,1,195278,194820,458
26146681,35.6336,29.3567,462,44413,0.202691,0.07,1,195315,194853,462
26149601,31.9267,34.6713,457,44460,0.208538,0.03,1,195346,194889,457
26152521,7.98535,35.7343,423,44507,0.257708,0,1,195348,194925,423
26155441,22.3971,28.7469,422,44554,0.235542,0,1,195374,194952,422
26158361,26.0794,27.3494,422,44601,0.183108,0.01,1,195401,194979,422
26161281,26.8159,26.2699,423,44648,0.0926217,0.03,1,195428,195005,423
26164201,22.1632,22.054,423,44695,0.0585243,0.05,1,195449,195026,423
26167121,26.8326,26.0108,424,44742,0.0197049,0.09,1,195477,195053,424
26170041,28.5665,26.8022,426,44789,0.027941,0.09,1,195506,195080,426
26172961,20.1133,19.7604,426,44836,0.0615882,0.09,1,195524,195098,426
26175881,23.2227,23.1521,426,44883,0.0683176,0.13,1,195548,195122,426
26178801,46.2445,43.0304,430,44930,0.0536635,0.19,1,195600,195170,430
26181721,67.6489,66.2061,431,44977,0.0187327,0.19,1,195673,195242,431
26184641,15.1298,14.8412,431,45024,0.0437465,0.17,1,195675,195244,431
26187561,29.426,30.1682,430,45071,0.0327493,0.21,1,195708,195278,430
26190481,37.0852,35.6336,432,45118,0.0145499,0.21,1,195747,195315,432
26193401,33.017,31.9267,433,45165,0.05891,0.27,1,195779,195346,433
26196321,8.20341,7.98535,433,45212,0.083782,0.23,1,195781,195348,433
26199241,20.8407,22.3971,431,45259,0.0887564,0.17,1,195805,195374,431
26202161,21.7681,26.0794,426,45306,0.0737513,0.07,1,195827,195401,426
26205081,23.5536,26.8159,423,45353,0.10275,0.05,1,195851,195428,423
26208001,20.7107,22.1632,422,45400,0.0765501,0.01,1,195871,195449,422
26210921,26.5421,26.8326,422,45446,0.11931,0.03,1,195899,195477,422
26213841,29.3084,28.5665,423,45492,0.143862,0.07,1,195929,195506,423
26216761,20.2617,20.1133,423,45538,0.148772,0.07,1,195947,195524,423
26219681,23.2523,23.2227,423,45584,0.133754,0.05,1,195971,195548,423
26222601,45.4505,46.2445,422,45630,0.146751,0.01,1,196022,195600,422
26225521,67.4901,67.6489,422,45676,0.16535,0.05,1,196095,195673,422
26228441,15.098,15.1298,422,45722,0.16907,0.03,1,196097,195675,422
26231361,30.2196,29.426,423,45768,0.169814,0.01,1,196131,195708,423
26234281,36.4439,37.0852,422,45814,0.185963,0.07,1,196169,195747,422
26237201,34.4888,33.017,424,45860,0.285193,0.09,1,196203,195779,424
26240121,8.49776,8.20341,424,45906,0.305039,0.09,1,196205,195781,424
26243041,20.8996,20.8407,424,45952,0.325008,0.09,1,196229,195805,424
26245961,21.7799,4.16814,446,45998,0.345002,0.07,1,196251,195805,446
26248881,23.556,18.4336,448,46044,0.349,0.11,1,196275,195827,448
26251801,21.5112,22.8867,445,46090,0.3338,0.07,1,196296,195851,445
26254721,26.7022,20.5773,453,46136,0.33076,0.13,1,196324,195871,453
26257641,30.1404,26.5155,456,46182,0.314152,0.15,1,196355,195899,456
26260561,21.2281,29.3031,445,46228,0.29483,0.15,1,196374,195929,445
26263481,23.4456,20.2606,451,46274,0.290966,0.13,1,196398,195947,451
26266401,44.6891,23.2521,477,46320,0.290193,0.15,1,196448,195971,477
26269321,68.1378,45.4504,500,46366,0.306039,0.17,1,196522,196022,500
26272241,15.2276,67.4901,429,46411,0.309208,0.17,1,196524,196095,429
26275161,30.2455,15.098,461,46456,0.309842,0.17,1,196558,196097,461
26278081,39.6491,30.2196,469,46501,0.325968,0.19,1,196600,196131,469
26281001,39.1298,36.4439,470,46546,0.313194,0.31,1,196639,196169,470
26283921,9.42596,34.4888,438,46591,0.310639,0.31,1,196641,196203,438
26286841,21.8852,8.49776,461,46636,0.358128,0.33,1,196666,196205,461
26289761,22.777,20.8996,460,46681,0.383626,0.35,1,196689,196229,460
26292681,23.7554,21.7799,462,46726,0.404725,0.35,1,196713,196251,462
26295601,20.7511,23.556,458,46771,0.408945,0.33,1,196733,196275,458
26298521,26.5502,21.5112,465,46816,0.409789,0.33,1,196761,196296,465
26301441,29.31,26.7022,467,46861,0.409958,0.31,1,196791,196324,467
26304361,20.262,30.1404,454,46906,0.425992,0.29,1,196809,196355,454
26307281,23.2524,21.2281,459,46951,0.445198,0.29,1,196833,196374,459
26310201,44.6505,23.4456,485,46996,0.44904,0.29,1,196883,196398,485
26313121,68.9301,44.6891,510,47041,0.481808,0.31,1,196958,196448,510
26316041,15.386,68.1378,438,47086,0.488362,0.31,1,196960,196522,438
26318961,30.2772,15.2276,470,47131,0.505672,0.31,1,196994,196524,470
26321881,40.4554,30.2455,479,47176,0.541134,0.33,1,197037,196558,479
26324801,40.0911,39.6491,477,47221,0.548227,0.31,1,197077,196600,477
26327721,9.61822,39.1298,440,47266,0.549645,0.31,1,197079,196639,440
26330641,22.7236,9.42596,464,47311,0.565929,0.37,1,197105,196641,464
26333561,23.7447,21.8852,463,47356,0.585186,0.39,1,197129,196666,463
26336481,6.34895,22.777,442,47401,0.589037,0.41,1,197131,196689,442
26339401,20.4698,23.7554,442,47445,0.637807,0.41,1,197155,196713,442
26342321,20.094,20.7511,442,47489,0.663561,0.41,1,197175,196733,442
26345241,26.4188,26.5502,442,47533,0.652712,0.41,1,197203,196761,442
26348161,30.0838,29.31,443,47577,0.666543,0.43,1,197234,196791,443
26351081,21.2168,20.262,444,47621,0.685308,0.45,1,197253,196809,444
26354001,23.4434,23.2524,444,47665,0.721062,0.45,1,197277,196833,444
26356921,44.6887,44.6505,444,47709,0.696212,0.49,1,197327,196883,444
26359841,71.3377,68.9301,447,47753,0.739242,0.49,1,197405,196958,447
26362761,15.8675,15.386,447,47797,0.747849,0.51,1,197407,196960,447
26365681,31.1735,30.2772,448,47841,0.76557,0.55,2,197442,196994,448
26368601,41.4347,40.4554,449,47885,0.737114,0.55,1,197486,197037,449
26371521,38.6869,40.0911,447,47929,0.731423,0.55,1,197524,197077,447
26374441,9.33739,9.61822,447,47973,0.730285,0.57,1,197526,197079,447
26377361,25.8675,22.7236,451,48017,0.714057,0.59,1,197556,197105,451
26380281,24.3735,23.7447,451,48061,0.678811,0.59,1,197580,197129,451
26383201,6.4747,6.34895,451,48105,0.671762,0.65,1,197582,197131,451
26386121,21.2949,20.4698,452,48149,0.686352,0.67,1,197607,197155,452
26389041,21.059,20.094,453,48193,0.68927,0.65,1,197628,197175,453
26391961,27.4118,26.4188,454,48237,0.737854,0.67,1,197657,197203,454
26394881,31.0824,30.0838,455,48281,0.731571,0.69,1,197689,197234,455
26397801,22.2165,21.2168,456,48325,0.730314,0.73,1,197709,197253,456
26400721,23.6433,23.4434,456,48369,0.746063,0.69,1,197733,197277,456
26403641,44.7287,44.6887,456,48413,0.781213,0.75,2,197783,197327,456
26406561,73.7457,71.3377,459,48457,0.788243,0.75,2,197864,197405,459
26409481,16.3491,15.8675,459,48500,0.757648,0.77,2,197866,197407,459
26412401,30.4698,31.1735,458,48543,0.79953,0.73,2,197900,197442,458
26415321,39.694,41.4347,456,48586,0.807906,0.73,2,197942,197486,456
26418241,38.3388,38.6869,456,48629,0.857581,0.73,2,197980,197524,456
26421161,9.26776,9.33739,456,48672,0.867516,0.71,2,197982,197526,456
26424081,25.0536,25.8675,455,48715,0.853503,0.67,2,198011,197556,455
26427001,24.2107,24.3735,455,48758,0.866701,0.67,2,198035,197580,455
26429921,6.44214,6.4747,455,48801,0.88534,0.69,2,198037,197582,455
26432841,20.4884,21.2949,454,48844,0.905068,0.69,2,198061,197607,454
26435761,21.6977,4.25899,476,48887,0.925014,0.69,2,198083,197607,476
26622641,24,16,497,51572,0.85,1,2,199965,199468,497
26625561,24,15.2,506,51613,0.722,1,1,199989,199483,506
26628481,9.6,22.24,488,51654,0.6804,0.96,1,199995,199507,488
26631401,24.32,25.248,490,51695,0.58408,1,1,200023,199533,490
26634321,26.464,22.6496,495,51736,0.524816,1,1,200050,199555,495
26637241,21.2928,22.1299,493,51777,0.464963,1,1,200070,199577,493
26640161,22.6586,4.42598,516,51818,0.420993,1,1,200093,199577,516
26643081,18.1317,25.6852,502,51859,0.396199,1,1,200110,199608,502
26646001,30.0263,25.937,509,51900,0.31124,1,1,200143,199634,509
26648921,70.8053,37.1874,550,51941,0.0862479,1,1,200224,199674,550
26651841,33.3611,67.4375,499,51982,0.0732496,1,1,200248,199749,499
26654761,26.6722,30.2875,503,52023,0.0706499,1,1,200273,199770,503
26657681,40.5344,30.8575,516,52063,0.02213,1,1,200317,199801,516
26660601,34.5069,38.1715,509,52103,0.044426,0.92,1,200350,199841,509
26663521,20.5014,34.0343,493,52143,0.0168852,1,1,200367,199874,493
26666441,14.5003,24.4069,484,52183,0.027377,0.97,1,200380,199896,484
26669361,22.1001,19.2814,490,52223,0.0774754,0.88,1,200404,199914,490
26672281,19.62,25.4563,482,52263,0.0714951,0.85,1,200423,199941,482
26675201,20.724,24.2913,479,52303,0.086299,0.69,1,200444,199965,479
26678121,9.7448,24.0583,462,52343,0.0572598,0.67,1,200451,199989,462
26681041,17.149,9.61165,475,52383,0.195452,0.56,1,200470,199995,475
26683961,23.4298,24.3223,472,52423,0.23909,0.51,1,200495,200023,472
26686881,17.486,26.4645,461,52463,0.247818,0.45,1,200511,200050,461
26689801,19.4972,21.2929,461,52503,0.281564,0.41,1,200531,200070,461
26692721,18.2994,22.6586,456,52543,0.256313,0.39,1,200549,200093,456
26695641,22.8599,18.1317,463,52583,0.267263,0.29,1,200573,200110,463
26698561,62.172,30.0263,502,52623,0.285453,0.03,1,200645,200143,502
26701481,31.6344,70.8053,445,52663,0.24109,0.07,1,200669,200224,445
26704401,27.1269,33.3611,447,52703,0.184218,0.07,1,200695,200248,447
26707321,41.4254,26.6722,467,52743,0.156844,0.01,1,200740,200273,467
26710241,33.8851,40.5344,455,52783,0.119369,0.05,1,200772,200317,455
26713161,21.177,34.5069,440,52823,0.159874,0.01,1,200790,200350,440
26716081,13.8354,20.5014,435,52863,0.103975,0.03,1,200802,200367,435
26719001,24.3671,14.5003,449,52903,0.076795,0.09,1,200829,200380,449
26721921,18.4734,22.1001,442,52943,0.071359,0.07,1,200846,200404,442
26724841,21.2947,19.62,445,52983,0.0702718,0.09,1,200868,200423,445
26727761,9.05894,20.724,430,53023,0.0700544,0.05,1,200874,200444,430
26730681,25.8118,9.7448,453,53063,0.134011,0.23,1,200904,200451,453
26733601,24.3624,17.149,458,53103,0.162802,0.25,1,200928,200470,458
26736521,17.6725,23.4298,449,53143,0.16856,0.25,1,200944,200495,449
26739441,19.5345,17.486,453,53183,0.185712,0.29,1,200964,200511,453
26742361,16.7069,19.4972,449,53223,0.205142,0.25,1,200980,200531,449
26745281,4.94138,18.2994,433,53263,0.209028,0.27,1,200982,200549,433
26748201,21.7883,22.8599,435,53303,0.225806,0.29,1,201008,200573,435
26751121,57.9577,62.172,430,53342,0.277161,0.23,1,201075,200645,430
26754041,31.5915,31.6344,431,53381,0.351432,0.17,1,201100,200669,431
26756961,27.1183,27.1269,431,53420,0.366286,0.15,1,201126,200695,431
26759881,39.8237,41.4254,429,53459,0.353257,0.11,1,201169,200740,429
26762801,32.7647,33.8851,428,53498,0.366651,0.17,1,201200,200772,428
26765721,19.3529,21.177,426,53537,0.40133,0.09,1,201216,200790,426
26768641,10.2706,13.8354,422,53576,0.376266,0.07,1,201224,200802,422
26771561,26.8541,24.3671,426,53615,0.387253,0.07,1,201255,200829,426
26774481,18.1708,18.4734,425,53654,0.389451,0.07,1,201271,200846,425
26777401,21.2342,21.2947,425,53693,0.38989,0.07,1,201293,200868,425
26780321,9.04683,9.05894,425,53732,0.389978,0.15,1,201299,200874,425
26783241,29.8094,25.8118,430,53771,0.485996,0.17,1,201334,200904,430
26786161,25.1619,24.3624,430,53810,0.537199,0.17,1,201358,200928,430
26789081,17.8324,17.6725,430,53849,0.51544,0.19,1,201374,200944,430
26792001,20.3665,19.5345,431,53888,0.511088,0.21,1,201395,200964,431
26794921,18.4733,16.7069,433,53927,0.542218,0.21,1,201413,200980,433
26797841,5.29466,4.94138,433,53966,0.548444,0.23,1,201415,200982,433
26800761,21.8589,21.7883,433,54005,0.549689,0.29,1,201441,201008,433
26803681,59.5718,57.9577,435,54044,0.549938,0.37,1,201510,201075,435
26806601,34.3144,31.5915,438,54083,0.613988,0.37,1,201538,201100,438
26809521,27.6629,27.1183,438,54122,0.594797,0.35,1,201564,201126,438
26812441,40.7326,39.8237,439,54161,0.63896,0.37,1,201608,201169,439
26815361,33.7465,32.7647,440,54200,0.663792,0.41,1,201640,201200,440
26818281,19.5493,19.3529,440,54239,0.636758,0.37,1,201656,201216,440
26821201,10.3099,10.2706,440,54278,0.663352,0.39,1,201664,201224,440
26824121,26.062,26.8541,439,54317,0.70067,0.39,1,201694,201255,439
26827041,18.0124,18.1708,439,54356,0.708134,0.39,1,201710,201271,439
26829961,21.2025,21.2342,439,54395,0.709627,0.39,1,201732,201293,439
26832881,9.0405,9.04683,439,54434,0.677925,0.51,1,201738,201299,439
26835801,36.2081,29.8094,447,54473,0.815585,0.55,2,201781,201334,447
26838721,26.4416,25.1619,447,54512,0.907117,0.51,2,201805,201358,447
26841641,18.8883,17.8324,448,54551,0.925423,0.51,2,201822,201374,448
27081081,83,111,421,26280,0.07,0.01,1,204096,203675,421
27084001,55,38.2,449,26361,0.022,0.03,1,204144,203695,449
27086921,81.4,80.44,446,26441,0.0284,0,1,204232,203786,446
27089841,65.88,67.288,444,26521,0.00568,0,1,204294,203850,444
27092761,32.376,31.8576,445,26601,0.009136,0,1,204318,203873,445
27095681,20.8752,26.3715,438,26681,0.0098272,0.03,1,204336,203898,438
27098601,48.175,26.0743,467,26760,0.00996544,0.01,1,204391,203924,467
27101521,44.035,62.0149,439,26839,0.0899931,0.03,1,204434,203995,439
27104441,48.007,48.403,443,26918,0.0259986,0.01,1,204483,204040,443
27107361,36.8014,46.4806,431,26997,0.0611997,0.01,1,204517,204086,431
27110281,46.5603,55.6961,422,27075,0.0122399,0.03,1,204566,204144,422
27113201,81.3121,81.5392,424,27153,0.042448,0,1,204656,204232,424
27116121,65.0624,65.9078,423,27231,0.0084896,0.01,1,204717,204294,423
27119041,32.2125,32.3816,423,27309,0.00169792,0.01,1,204741,204318,423
27121961,20.0425,20.8763,422,27387,0.00833958,0.01,1,204758,204336,422
27124881,48.8085,48.1753,423,27464,0.0256679,0.11,1,204814,204391,423
27127801,44.1617,44.0351,423,27541,0.0451336,0.01,1,204857,204434,423
27130721,47.2323,48.007,422,27618,0.0170267,0.07,1,204905,204483,422
27133641,36.6465,36.8014,422,27695,0.0594053,0,1,204939,204517,422
27136561,46.5293,46.5603,422,27771,0.0118811,0.05,1,204988,204566,422
27139481,81.3059,81.3121,422,27847,0.0263762,0,1,205078,204656,422
27142401,65.0612,65.0624,422,27923,0.00527524,0,1,205139,204717,422
27145321,32.2122,32.2125,422,27999,0.00105505,0.01,1,205163,204741,422
27148241,20.0424,20.0425,422,28075,0.00821101,0.03,1,205180,204758,422
27151161,48.8085,48.8085,422,28150,0.0256422,0.05,1,205236,204814,422
27154081,47.3617,44.1617,426,28225,0.0131284,0.01,1,205283,204857,426
27157001,44.6723,47.2323,422,28300,0.0266257,0.07,1,205327,204905,422
27159921,37.7345,36.6465,424,28375,0.0453251,0.07,1,205363,204939,424
27162841,44.3469,7.32929,470,28450,0.017065,0,1,205409,204939,470
27165761,80.8694,40.6659,511,28524,0.043413,0.03,1,205499,204988,511
27168681,64.9739,80.1332,482,28598,0.0086826,0,1,205560,205078,482
27171601,32.1948,64.8266,445,28672,0.0417365,0,1,205584,205139,445
27174521,20.039,32.1653,438,28746,0.0163473,0.01,1,205601,205163,438
27177441,48.8078,20.0331,477,28820,0.0272695,0.03,1,205657,205180,477
27180361,47.3616,48.8066,468,28893,0.0454539,0.01,1,205704,205236,468
27183281,44.6723,47.3613,465,28966,0.0490908,0.03,1,205748,205283,465
27186201,37.7345,44.6723,457,29039,0.0338182,0.05,1,205784,205327,457
27189121,45.1469,37.7345,468,29112,0.0467636,0.01,1,205831,205363,468
27192041,81.0294,44.3469,512,29185,0.0173527,0.05,1,205921,205409,512
27194961,64.2059,80.8694,482,29258,0.00347054,0,1,205981,205499,482
27197881,32.0412,64.9739,445,29330,0.0406941,0.05,1,206005,205560,445
27200801,20.8082,32.1948,439,29402,0.0161388,0.01,1,206023,205584,439
27203721,48.1616,20.039,477,29474,0.0272278,0.03,1,206078,205601,477
27206641,48.0323,48.8078,469,29546,0.0454456,0.05,1,206126,205657,469
27209561,44.0065,47.3616,465,29618,0.0330891,0.05,1,206169,205704,465
27212481,38.4013,44.6723,458,29689,0.0306178,0.03,1,206206,205748,458
27215401,46.0803,37.7345,470,29760,0.0301236,0.05,1,206254,205784,470
27218321,80.4161,45.1469,512,29831,0.0140247,0.01,1,206343,205831,512
27221241,17.6832,81.0294,424,29902,0.0428049,0,1,206345,205921,424
27224161,49.9366,64.2059,422,29973,0.00856099,0.05,1,206403,205981,422
27227081,29.1873,32.0412,422,30044,0.0097122,0.01,1,206427,206005,422
27230001,20.2375,20.8082,422,30114,0.00994244,0.03,1,206445,206023,422
27232921,48.8475,48.1616,423,30184,0.00998849,0.05,1,206501,206078,423
27235841,48.9695,48.0323,424,30254,0.0579977,0.03,1,206550,206126,424
27238761,42.5939,44.0065,422,30324,0.0675995,0.03,1,206591,206169,422
27241681,38.9188,38.4013,423,30394,0.0535199,0.03,1,206629,206206,423
27244601,45.3838,46.0803,422,30464,0.050704,0.01,1,206676,206254,422
27247521,82.6767,80.4161,425,30533,0.0501408,0.05,1,206768,206343,425
27250441,18.1353,17.6832,425,30602,0.0660282,0,1,206770,206345,425
27253361,47.6271,49.9366,422,30671,0.0132056,0.01,1,206825,206403,422
27256281,28.7254,29.1873,422,30740,0.0106411,0.01,1,206849,206427,422
27259201,20.1451,20.2375,422,30809,0.0101282,0.01,1,206867,206445,422
27262121,48.829,48.8475,422,30878,0.0100256,0.07,1,206923,206501,422
27265041,51.3658,48.9695,425,30947,0.0100051,0.07,1,206975,206550,425
27267961,41.4732,42.5939,423,31015,0.042001,0.05,1,207014,206591,423
27270881,37.8946,38.9188,422,31083,0.0484002,0.05,1,207051,206629,422
27273801,45.1789,45.3838,422,31151,0.00968004,0.05,1,207098,206676,422
27276721,85.0358,82.6767,425,31219,0.025936,0.07,1,207193,206768,425
27279641,18.6072,18.1353,425,31287,0.0291872,0.07,1,207195,206770,425
27282561,44.5214,3.62707,476,31355,0.00583744,0,1,207246,206770,476
27285481,28.1043,44.7254,445,31422,0.0571675,0.01,1,207270,206825,445
27288401,20.0209,28.1451,439,31489,0.0354335,0.01,1,207288,206849,439
27291321,48.8042,20.029,477,31556,0.0150867,0.01,1,207344,206867,477
27294241,51.3608,48.8058,473,31623,0.0430173,0.01,1,207396,206923,473
27297161,42.2722,51.3612,461,31690,0.0806035,0.05,1,207436,206975,461
27300081,37.2544,41.4722,458,31757,0.0881207,0.05,1,207472,207014,458
27303001,45.0509,37.8944,468,31824,0.0176241,0,1,207519,207051,468
27305921,85.0102,45.1789,516,31890,0.0275248,0.03,1,207614,207098,516
27308841,18.602,85.0358,423,31956,0.029505,0.03,1,207616,207193,423
27311761,44.5204,18.6072,472,32022,0.00590099,0,1,207667,207195,472
27314681,30.5041,44.5214,448,32088,0.0091802,0.07,1,207694,207246,448
27317601,18.1008,28.1043,439,32154,0.089836,0.03,1,207709,207270,439
27320521,48.4202,20.0209,477,32220,0.0419672,0.01,1,207765,207288,477
27323441,52.884,48.8042,475,32286,0.0323934,0.05,1,207819,207344,475
27326361,44.1768,51.3608,465,32352,0.0784787,0.09,1,207861,207396,465
27329281,37.6354,42.2722,461,32417,0.0876957,0.09,1,207897,207436,461
27332201,41.9271,37.2544,468,32482,0.0175391,0,1,207940,207472,468
27335121,85.1854,45.0509,517,32547,0.0275078,0.03,1,208036,207519,517
27338041,18.6371,85.0102,424,32612,0.0295016,0.03,1,208038,207614,424
27340961,45.3274,18.602,474,32677,0.0299003,0,1,208090,207616,474
27343881,30.6655,44.5204,450,32742,0.0299801,0.01,1,208117,207667,450
27346801,7.7331,30.5041,425,32807,0.029996,0.11,1,208119,207694,425
27349721,13.5466,18.1008,425,32871,0.0299992,0.03,1,208134,207709,425
27352641,45.1093,48.4202,422,32935,0.11,0.03,1,208187,207765,422
27355561,53.0219,52.884,423,32999,0.062,0.09,1,208242,207819,423
27358481,46.6044,44.1768,426,33063,0.0364,0.09,1,208287,207861,426
27361401,38.1209,37.6354,426,33127,0.04728,0,1,208323,207897,426
27364321,38.8242,41.9271,422,33191,0.017456,0.03,1,208362,207940,422
27367241,85.3648,85.1854,423,33255,0.0114912,0.03,1,208459,208036,423
27370161,18.673,18.6371,423,33319,0.0102982,0.03,1,208461,208038,423
27373081,45.3346,45.3274,423,33382,0.0100596,0.03,1,208513,208090,423
27376001,29.8669,30.6655,422,33445,0.0260119,0.03,1,208539,208117,422
27378921,7.57338,7.7331,422,33508,0.0292024,0.03,1,208541,208119,422
27381841,15.9147,13.5466,425,33571,0.0298405,0.13,1,208559,208134,425
27384761,46.3829,45.1093,426,33634,0.141968,0.05,1,208613,208187,426
27387681,51.6766,53.0219,424,33697,0.180394,0.03,1,208666,208242,424
27390601,45.5353,46.6044,423,33760,0.188079,0.05,1,208710,208287,423
27393521,39.5071,38.1209,425,33823,0.205616,0.01,1,208748,208323,425
27396441,37.5014,38.8242,423,33886,0.193123,0.01,1,208785,208362,423
27399361,84.3003,85.3648,422,33948,0.0466246,0.01,1,208881,208459,422
27402281,18.4601,18.673,422,34010,0.0173249,0.01,1,208883,208461,422
27405201,45.292,45.3346,422,34072,0.027465,0.03,1,208935,208513,422
27408121,29.8584,29.8669,422,34134,0.013493,0.03,1,208961,208539,422
27411041,7.57168,7.57338,422,34196,0.0106986,0.03,1,208963,208541,422
27413961,18.3143,15.9147,425,34258,0.0261397,0.03,1,208984,208559,425
27416881,50.0629,3.18294,483,34320,0.0612279,0.17,1,209042,208559,483
27419801,53.2126,43.8366,483,34382,0.0842456,0.19,1,209096,208613,483
27422721,46.6425,51.1673,475,34443,0.120849,0.19,1,209141,208666,475
27425641,38.1285,45.4335,467,34504,0.12817,0.21,1,209177,208710,467
27428561,34.8257,39.4867,463,34565,0.145634,0.19,1,209211,208748,463
27431481,79.7651,37.4973,517,34626,0.197127,0.01,1,209302,208785,517
27434401,17.553,84.2995,423,34687,0.207425,0.01,1,209304,208881,423
27437321,45.1106,18.4599,473,34748,0.145485,0.03,1,209356,208883,473
27440241,29.8221,45.292,447,34809,0.085097,0.01,1,209382,208935,447
27443161,7.56442,29.8584,423,34870,0.0730194,0.01,1,209384,208961,423
27446081,18.3129,7.57168,442,34931,0.0546039,0.03,1,209405,208963,442
27449001,52.4626,18.3143,482,34992,0.0349208,0.07,1,209466,208984,482
27451921,55.2925,50.0629,480,35052,0.110984,0.09,1,209522,209042,480
27454841,47.8585,53.2126,472,35112,0.126197,0.13,1,209568,209096,472
27457761,39.1717,46.6425,464,35172,0.129239,0.13,1,209605,209141,464
27460681,35.0343,38.1285,462,35232,0.161848,0.15,1,209639,209177,462
27463601,80.6069,34.8257,520,35292,0.20037,0.21,1,209731,209211,520
27466521,17.7214,79.7651,431,35352,0.208074,0.21,1,209733,209302,431
27469441,41.9443,17.553,477,35412,0.225615,0.13,1,209781,209304,477
27472361,26.7889,45.1106,448,35472,0.245123,0.07,1,209804,209356,448
27475281,6.95777,29.8221,424,35532,0.249025,0.07,1,209806,209382,424
27478201,18.1916,7.56442,443,35591,0.265805,0.05,1,209827,209384,443
27481121,52.4383,18.3129,483,35650,0.221161,0.03,1,209888,209405,483
27484041,12.0877,52.4626,424,35709,0.212232,0.13,1,209890,209466,424
27486961,50.4175,55.2925,428,35768,0.258446,0.13,1,209950,209522,428
27489881,46.8835,47.8585,428,35827,0.299689,0.13,1,209996,209568,428
27492801,40.5767,39.1717,430,35886,0.291938,0.17,1,210035,209605,430
27495721,36.1153,35.0343,431,35945,0.322388,0.21,1,210070,209639,431
27498641,81.6231,80.6069,432,36004,0.280477,0.21,1,210163,209731,432
27501561,17.9246,17.7214,432,36063,0.272096,0.23,1,210165,209733,432
27504481,42.7849,41.9443,433,36122,0.286419,0.25,1,210214,209781,433
27507401,27.757,26.7889,434,36181,0.289284,0.25,1,210238,209804,434
27510321,7.1514,6.95777,434,36239,0.305857,0.27,1,210240,209806,434
27513241,17.4303,18.1916,433,36297,0.309171,0.21,1,210260,209827,433
27516161,51.4861,52.4383,432,36355,0.309834,0.21,1,210320,209888,432
27519081,11.8972,12.0877,432,36413,0.309967,0.27,1,210322,209890,432
27522001,52.7794,50.4175,435,36471,0.357993,0.31,1,210385,209950,435
27524921,48.9559,46.8835,437,36529,0.415599,0.29,1,210433,209996,437
27527841,40.1912,40.5767,436,36587,0.62712,0.33,1,210471,210035,436
27530761,36.0382,36.1153,436,36645,0.645424,0.27,1,210506,210070,436
27533681,81.6076,81.6231,436,36703,0.729085,0.27,1,210599,210163,436
27536601,17.9215,17.9246,436,36761,0.745817,0.29,1,210601,210165,436
27539521,42.7843,42.7849,436,36818,0.765163,0.29,2,210650,210214,436
27542441,28.5569,27.757,437,36875,0.769033,0.31,2,210675,210238,437
27545361,7.31137,7.1514,437,36932,0.769807,0.31,2,210677,210240,437
27548281,17.4623,17.4303,437,36989,0.737961,0.31,1,210697,210260,437
27551201,51.4925,51.4861,437,37046,0.763592,0.31,2,210757,210320,437
27554121,11.8985,11.8972,437,37103,0.768718,0.37,2,210759,210322,437
27557041,55.9797,52.7794,441,37160,0.737744,0.37,1,210826,210385,441
27559961,50.3959,10.5559,490,37217,0.683549,0.43,1,210875,210385,490
27562881,50.0792,40.5112,492,37274,0.80071,0.68,2,210925,210433,492
27565801,38.8158,38.5022,490,37331,0.824142,0.65,2,210961,210471,490
27568721,82.9632,35.7004,549,37388,0.876828,0.75,2,211055,210506,549
27571641,18.1926,81.5401,458,37445,0.887366,0.75,2,211057,210599,458
27574561,44.4385,17.908,507,37501,0.953473,0.77,2,211108,210601,507
27705961,30,35,489,39956,0.91,1,2,212759,212270,489
27708881,64.4,58.2,498,40009,0.686,1,1,212832,212334,498
27711801,34.48,33.24,498,40062,0.6252,1,1,212859,212361,498
27714721,28.496,6.648,525,40115,0.58104,1,1,212886,212361,525
27717641,61.6992,18.9296,573,40168,0.444208,1,1,212956,212383,573
27720561,33.1398,74.1859,511,40221,0.368842,1,1,212982,212471,511
27723481,32.228,28.4372,526,40273,0.401768,1,1,213014,212488,526
27726401,33.6456,50.4874,504,40325,0.424354,0.96,1,213048,212544,504
27729321,19.5291,30.0975,495,40377,0.444871,0.99,1,213064,212569,495
27732241,21.5058,21.2195,498,40429,0.480974,1,1,213086,212588,498
27735161,30.7012,29.0439,500,40481,0.440195,1,1,213119,212619,500
27738081,26.9402,30.6088,495,40533,0.448039,0.89,1,213145,212650,495
27741001,40.588,30.9218,508,40585,0.497608,0.89,1,213189,212681,508
27743921,31.3176,44.5844,489,40637,0.507522,0.91,1,213218,212729,489
27746841,59.0635,32.9169,525,40689,0.461504,0.63,1,213284,212759,525
27749761,30.2127,64.9834,475,40741,0.484301,0.61,1,213307,212832,475
27752681,26.8425,34.5967,474,40793,0.47286,0.57,1,213333,212859,474
27755601,57.3685,28.5193,512,40845,0.486572,0.41,1,213398,212886,512
27758521,33.0737,61.7039,469,40897,0.489314,0.35,1,213425,212956,469
27761441,31.4147,33.1408,474,40949,0.505863,0.41,1,213456,212982,474
27764361,35.0829,32.2282,478,41001,0.525173,0.43,1,213492,213014,478
27767281,19.8166,33.6456,460,41052,0.513035,0.45,1,213508,213048,460
27770201,19.1633,19.5291,463,41103,0.510607,0.49,1,213527,213064,463
27773121,33.4327,21.5058,478,41154,0.494121,0.43,1,213564,213086,478
27776041,26.6865,30.7012,470,41205,0.474824,0.45,1,213589,213119,470
27778961,42.9373,26.9402,491,41256,0.470965,0.51,1,213636,213145,491
27781881,29.3875,40.588,473,41307,0.454193,0.51,1,213662,213189,473
27784801,58.6775,31.3176,510,41358,0.450839,0.45,1,213728,213218,510
27787721,30.1355,59.0635,467,41409,0.498168,0.49,1,213751,213284,467
27790641,26.8271,30.2127,470,41460,0.507634,0.47,1,213777,213307,470
27793561,57.3654,26.8425,509,41511,0.493527,0.49,1,213842,213333,509
27796481,13.0731,57.3685,446,41562,0.490705,0.49,1,213844,213398,446
27799401,25.8146,33.0737,448,41613,0.554141,0.51,1,213873,213425,448
27802321,29.1629,31.4147,447,41664,0.582828,0.53,1,213903,213456,447
27805241,34.6326,35.0829,447,41715,0.572566,0.51,1,213939,213492,447
27808161,18.9265,19.8166,446,41766,0.586513,0.51,1,213954,213508,446
27811081,18.9853,19.1633,446,41817,0.573303,0.49,1,213973,213527,446
27814001,33.3971,33.4327,446,41867,0.586661,0.47,1,214010,213564,446
27816921,26.6794,26.6865,446,41917,0.573332,0.47,1,214035,213589,446
27819841,42.1359,42.9373,445,41967,0.634666,0.45,1,214081,213636,445
27822761,28.4272,29.3875,444,42017,0.630933,0.45,1,214106,213662,444
27825681,58.4854,58.6775,444,42067,0.646187,0.51,1,214172,213728,444
27828601,30.8971,30.1355,445,42117,0.617237,0.51,1,214196,213751,445
27831521,28.5794,26.8271,447,42167,0.611447,0.49,1,214224,213777,447
27834441,58.5159,57.3654,448,42217,0.70629,0.49,1,214290,213842,448
27837361,13.3032,13.0731,448,42267,0.725258,0.57,1,214292,213844,448
27840281,26.6606,25.8146,449,42317,0.697052,0.59,1,214322,213873,449
27843201,29.3321,29.1629,449,42367,0.77141,0.57,2,214352,213903,449
27846121,35.4664,34.6326,450,42417,0.834282,0.59,2,214389,213939,450
27849041,18.2933,18.9265,449,42467,0.814856,0.57,2,214403,213954,449
27851961,19.6587,18.9853,450,42517,0.810971,0.59,2,214423,213973,450
27854881,32.7317,33.3971,449,42567,0.858194,0.57,2,214459,214010,449
27857801,26.5463,26.6794,449,42617,0.867639,0.65,2,214484,214035,449
27860721,44.5093,42.1359,452,42667,0.885528,0.63,2,214533,214081,452
27863641,28.1019,28.4272,451,42716,0.905106,0.65,2,214557,214106,451
27866561,59.2204,58.4854,452,42765,0.893021,0.61,2,214624,214172,452
27869481,31.0441,30.8971,452,42814,0.858604,0.61,2,214648,214196,452
27872401,28.6088,28.5794,452,42863,0.883721,0.73,2,214676,214224,452
27875321,61.7218,58.5159,456,42912,0.856744,0.73,2,214746,214290,456
27878241,13.9444,13.3032,456,42961,0.851349,0.69,2,214748,214292,456
27881161,27.5889,26.6606,457,43010,0.83427,0.69,2,214779,214322,457
27884081,30.3178,5.33213,488,43059,0.814854,0.79,2,214810,214322,488
27887001,38.0636,25.0664,498,43108,0.826971,0.85,2,214850,214352,498
27889921,18.8127,34.6133,475,43157,0.829394,0.81,2,214864,214389,475
27892841,19.7625,18.1227,481,43206,0.829879,0.81,2,214884,214403,481
27895761,33.5525,19.6245,498,43255,0.877976,0.87,2,214921,214423,498
27898681,26.7105,32.7249,487,43304,0.903595,0.87,2,214946,214459,487
27901601,45.3421,26.545,512,43353,0.908719,0.89,2,214996,214484,512
27904521,29.0684,44.509,488,43402,0.941744,0.91,2,215021,214533,488
28122061,82,77,503,21370,0.09,0.37,1,217575,217072,503
28124981,53.2,90.6,455,21469,0.042,0.03,1,217621,217166,455
28127901,73.04,78.12,458,21568,0.0644,0.01,1,217699,217241,458
28130821,80.208,69.224,473,21666,0.05288,0,1,217781,217308,473
28133741,48.0416,69.8448,443,21764,0.018576,0.11,1,217821,217378,443
28136661,26.4083,38.769,433,21861,0.0437152,0.07,1,217842,217409,433
28139581,67.6817,74.9538,427,21958,0.064743,0.09,1,217920,217493,427
28142501,75.9363,80.5908,423,22055,0.0849486,0.03,1,217998,217575,423
28145421,52.7873,52.9181,424,22151,0.12099,0.07,1,218045,217621,424
28148341,73.7575,72.9836,425,22247,0.0481979,0.05,1,218124,217699,425
28151261,79.5515,80.1967,424,22342,0.0656396,0.01,1,218205,217781,424
28154181,47.1103,48.0393,423,22437,0.0211279,0.05,1,218244,217821,423
28157101,25.4221,26.4079,422,22532,0.0442256,0.05,1,218264,217842,422
28160021,67.4844,5.28157,500,22626,0.0168451,0.07,1,218342,217842,500
28162941,76.6969,63.4563,501,22720,0.091369,0.09,1,218421,217920,501
28165861,54.5394,75.0913,472,22813,0.122274,0.13,1,218470,217998,472
28168781,72.5079,52.6183,502,22906,0.0644548,0.03,1,218547,218045,502
28171701,78.5016,73.7237,503,22999,0.0528909,0.07,1,218627,218124,503
28174621,46.1003,79.5447,460,23091,0.0345782,0.01,1,218665,218205,460
28177541,25.2201,47.1089,441,23183,0.0309156,0.05,1,218685,218244,441
28180461,68.244,25.4218,500,23274,0.0141831,0.01,1,218764,218264,500
28183381,80.0488,67.4844,505,23365,0.0748366,0.11,1,218847,218342,505
28186301,56.0098,76.6969,476,23456,0.118967,0.13,1,218897,218421,476
28189221,68.802,54.5394,499,23546,0.159793,0.05,1,218969,218470,499
28192141,78.5604,72.5079,503,23636,0.0559587,0.05,1,219050,218547,503
28195061,44.5121,78.5016,459,23726,0.0191917,0.03,1,219086,218627,459
28197981,25.7024,46.1003,442,23815,0.0118383,0.03,1,219107,218665,442
28200901,69.9405,25.2201,503,23904,0.0103677,0.01,1,219188,218685,503
28203821,15.5881,68.244,426,23993,0.0100735,0.09,1,219190,218764,426
28206741,70.3176,80.0488,427,24081,0.0900147,0.13,1,219274,218847,427
28209661,54.8635,56.0098,428,24169,0.122003,0.17,1,219325,218897,428
28212581,68.5727,68.802,428,24257,0.176401,0.03,1,219397,218969,428
28215501,75.3145,78.5604,424,24344,0.0592801,0.01,1,219474,219050,424
28218421,43.0629,44.5121,423,24431,0.019856,0.01,1,219509,219086,423
28221341,26.2126,25.7024,424,24518,0.0279712,0.01,1,219531,219107,424
28224261,70.0425,69.9405,424,24604,0.0135942,0.01,1,219612,219188,424
28227181,15.6085,15.5881,424,24690,0.0107188,0.11,1,219614,219190,424
28230101,72.7217,70.3176,427,24776,0.0421438,0.13,1,219701,219274,427
28233021,56.9443,54.8635,429,24862,0.0804287,0.19,1,219754,219325,429
28235941,71.3889,68.5727,432,24947,0.136086,0.03,1,219829,219397,432
28238861,67.8778,75.3145,422,25032,0.0512171,0.01,1,219896,219474,422
28241781,41.5756,43.0629,422,25117,0.0342434,0.03,1,219931,219509,422
28244701,26.7151,26.2126,423,25201,0.00684869,0.01,1,219954,219531,423
28247621,69.343,70.0425,422,25285,0.0573697,0.01,1,220034,219612,422
28250541,15.4686,15.6085,422,25369,0.0674739,0.05,1,220036,219614,422
28253461,75.0937,72.7217,425,25453,0.0534948,0.05,1,220126,219701,425
28256381,57.4187,14.5443,478,25536,0.034699,0.09,1,220179,219701,478
28259301,73.8837,45.3089,503,25619,0.0629398,0.15,1,220257,219754,503
28262221,62.7767,69.0618,488,25702,0.052588,0.03,1,220317,219829,488
28265141,40.5553,67.4124,456,25784,0.0185176,0.03,1,220352,219896,456
28268061,27.3111,41.4825,445,25866,0.00370352,0,1,220376,219931,445
28270981,69.4622,26.6965,502,25948,0.200741,0.07,1,220456,219954,502
28273901,15.4924,69.3393,424,26030,0.240148,0.07,1,220458,220034,424
28276821,74.2985,15.4679,511,26111,0.26403,0.05,1,220547,220036,511
28279741,58.8597,75.0936,476,26192,0.300806,0.03,1,220602,220126,476
28282661,75.7719,57.4187,503,26273,0.372161,0.07,1,220682,220179,503
28285581,59.9544,73.8837,481,26354,0.402432,0.05,1,220738,220257,481
28288501,39.9909,62.7767,456,26434,0.360486,0.01,1,220773,220317,456
28291421,27.9982,40.5553,446,26514,0.320097,0,1,220798,220352,446
28294341,78.3996,27.3111,513,26594,0.344019,0.25,1,220889,220376,513
28297261,17.2799,69.4622,435,26674,0.348804,0.25,1,220891,220456,435
28300181,75.456,15.4924,523,26753,0.413761,0.27,1,220981,220458,523
28303101,60.6912,74.2985,491,26832,0.426752,0.31,1,221038,220547,491
28306021,78.5382,58.8597,519,26911,0.49335,0.39,1,221121,220602,519
28308941,17.3076,75.7719,441,26990,0.50667,0.41,1,221123,220682,441
28311861,49.0615,59.9544,442,27068,0.557334,0.35,1,221180,220738,442
28314781,34.6123,39.9909,438,27146,0.583467,0.31,1,221211,220773,438
28317701,24.5225,27.9982,435,27224,0.620693,0.35,1,221233,220798,435
28320621,80.9045,78.3996,439,27302,0.772139,0.35,2,221328,220889,439
28323541,17.7809,17.2799,439,27380,0.802428,0.43,2,221330,220891,439
28326461,78.7562,75.456,443,27457,0.808486,0.43,2,221424,220981,443
28329381,61.3512,60.6912,443,27534,0.841697,0.51,2,221481,221038,443
28332301,81.8702,78.5382,447,27611,0.832339,0.51,2,221568,221121,447
28335221,17.974,17.3076,447,27688,0.878468,0.57,2,221570,221123,447
28338141,51.5948,49.0615,450,27764,0.935694,0.59,2,221630,221180,450
28341061,35.919,34.6123,451,27840,0.947139,0.63,2,221662,221211,451
28343981,24.7838,24.5225,451,27916,0.917428,0.81,2,221684,221233,451
28416981,37,23,509,29753,0.73,1,1,223038,222529,509
28419901,37,31.8,512,29824,0.682,1,1,223075,222563,512
28422821,33.8,39.16,504,29895,0.6564,1,1,223108,222604,504
28425741,30.76,27.832,509,29966,0.65128,1,1,223138,222629,509
28428661,66.152,85.5664,484,30037,0.506256,1,1,223213,222729,484
28431581,32.4304,23.5133,500,30107,0.461251,1,1,223237,222737,500
28434501,64.0861,77.5027,481,30177,0.27625,1,1,223309,222828,481
28437421,64.0172,65.9005,482,30247,0.17525,0.97,1,223373,222891,482
28440341,60.8034,75.5801,464,30317,0.10705,0.85,1,223433,222969,464
28443261,34.5607,40.716,460,30387,0.04541,0.73,1,223461,223001,460
28446181,32.5121,37.7432,455,30457,0.017082,0.67,1,223493,223038,455
28449101,33.7024,37.1486,452,30526,0.0434164,0.65,1,223527,223075,452
28452021,32.3405,33.8297,451,30595,0.0166833,0.65,1,223559,223108,451
28454941,28.0681,30.7659,448,30664,0.0273367,0.47,1,223586,223138,448
28457861,59.2136,66.1532,440,30733,0.0774673,0.45,1,223653,223213,440
28460781,30.2427,32.4306,439,30802,0.103493,0.23,1,223676,223237,439
28463701,58.0485,64.0861,432,30871,0.108699,0.15,1,223741,223309,432
28466621,55.6097,64.0172,423,30940,0.14174,0.09,1,223796,223373,423
28469541,59.1219,60.8034,423,31008,0.148348,0.03,1,223856,223433,423
28472461,34.2244,34.5607,423,31076,0.10167,0.01,1,223884,223461,423
28475381,31.6449,32.5121,422,31144,0.124334,0.05,1,223915,223493,422
28478301,34.329,33.7024,423,31212,0.0808668,0.01,1,223950,223527,423
28481221,33.2658,32.3405,424,31280,0.0561734,0.01,1,223983,223559,424
28484141,26.6532,6.4681,449,31348,0.0672347,0.03,1,224008,223559,449
28487061,61.3306,22.8936,492,31415,0.133447,0.09,1,224078,223586,492
28489981,29.8661,58.1787,447,31482,0.146689,0.11,1,224100,223653,447
28492901,58.7732,30.0357,490,31549,0.165338,0.11,1,224166,223676,490
28495821,56.5546,58.0071,481,31616,0.137068,0.15,1,224222,223741,481
28498741,59.3109,55.6014,486,31683,0.131414,0.15,1,224282,223796,486
28501661,34.2622,59.1203,454,31750,0.130283,0.09,1,224310,223856,454
28504581,30.8524,34.2241,456,31817,0.130057,0.13,1,224340,223884,456
28507501,34.9705,31.6448,461,31883,0.130011,0.07,1,224376,223915,461
28510421,29.3941,34.329,454,31949,0.130002,0.05,1,224404,223950,454
28513341,28.2788,33.2658,449,32015,0.0980005,0.07,1,224432,223983,449
28516261,64.0558,26.6532,497,32081,0.1876,0.15,1,224505,224008,497
28519181,31.2112,61.3306,450,32147,0.20552,0.15,1,224528,224078,450
28522101,59.8422,29.8661,495,32213,0.241104,0.17,1,224595,224100,495
28525021,55.1684,58.7732,483,32279,0.248221,0.13,1,224649,224166,483
28527941,59.0337,56.5546,487,32345,0.313644,0.13,1,224709,224222,487
28530861,34.2067,59.3109,455,32410,0.326729,0.13,1,224737,224282,455
28533781,30.8413,34.2622,457,32475,0.329346,0.13,1,224767,224310,457
28536701,34.9683,30.8524,463,32540,0.361869,0.13,1,224803,224340,463
28539621,27.7937,34.9705,453,32605,0.368374,0.13,1,224829,224376,453
28542541,27.9587,29.3941,453,32670,0.369675,0.09,1,224857,224404,453
28545461,68.7917,28.2788,504,32735,0.433935,0.21,1,224936,224432,504
28548381,15.3583,64.0558,433,32800,0.446787,0.21,1,224938,224505,433
28551301,21.4717,31.2112,433,32864,0.481357,0.25,1,224961,224528,433
28554221,58.6943,59.8422,434,32928,0.568271,0.25,1,225029,224595,434
28557141,54.9389,55.1684,434,32992,0.569654,0.33,1,225083,224649,434
28560061,62.1878,59.0337,438,33056,0.681931,0.33,1,225147,224709,438
28562981,34.8376,34.2067,438,33120,0.704386,0.33,1,225175,224737,438
28565901,30.9675,30.8413,438,33184,0.708877,0.37,1,225205,224767,438
28568821,36.5935,34.9683,440,33248,0.677775,0.37,1,225243,224803,440
28571741,28.1187,27.7937,440,33312,0.703555,0.37,1,225269,224829,440
28574661,28.0237,27.9587,440,33375,0.676711,0.45,1,225297,224857,440
28577581,72.0047,68.7917,444,33438,0.623342,0.45,1,225380,224936,444
28580501,16.0009,15.3583,444,33501,0.612668,0.49,1,225382,224938,444
28583421,23.2002,21.4717,446,33564,0.610534,0.59,1,225407,224961,446
28586341,61.44,58.6943,449,33627,0.658107,0.57,1,225478,225029,449
28589261,57.088,54.9389,451,33690,0.651621,0.71,1,225534,225083,451
28592181,65.8176,62.1878,455,33753,0.714324,0.71,1,225602,225147,455
28595101,35.5635,34.8376,455,33816,0.726865,0.71,1,225630,225175,455
28598021,31.1127,30.9675,455,33879,0.745373,0.67,1,225660,225205,455
28600941,36.6225,36.5935,455,33941,0.749075,0.71,1,225698,225243,455
28603861,28.1245,28.1187,455,34003,0.813815,0.67,2,225724,225269,455
28606781,28.0249,28.0237,455,34065,0.794763,0.61,2,225752,225297,455
28609701,69.605,72.0047,452,34127,0.822953,0.61,2,225832,225380,452
28612621,15.521,16.0009,452,34189,0.828591,0.61,2,225834,225382,452
28615541,23.9042,23.2002,453,34251,0.797718,0.61,2,225860,225407,453
28618461,60.7808,4.64004,523,34313,0.807544,0.67,2,225930,225407,523
28621381,58.5562,57.728,510,34375,0.809509,0.65,2,225988,225478,510
28624301,68.5112,56.3456,525,34437,0.841902,0.73,2,226059,225534,525
28627221,36.9022,65.6691,486,34498,0.83238,0.73,2,226088,225602,486
28630141,31.3804,35.5338,488,34559,0.846476,0.75,2,226118,225630,488
28633061,36.6761,31.1068,496,34620,0.849295,0.75,2,226156,225660,496
28635981,29.7352,36.6214,486,34681,0.849859,0.83,2,226184,225698,486
28638901,28.347,28.1243,488,34742,0.849972,0.79,2,226212,225724,488
28641821,69.6694,28.0249,540,34803,0.849994,0.83,2,226292,225752,540
28644741,15.5339,69.605,462,34864,0.849999,0.83,2,226294,225832,462
28647661,22.3068,15.521,484,34925,0.85,0.79,2,226318,225834,484
28650581,62.8614,23.9042,531,34986,0.898,0.81,2,226391,225860,531
28749861,24,22,500,36984,0.96,1,2,227763,227263,500
28752781,47.2,59.6,484,37041,0.92,1,2,227816,227332,484
28755701,23.04,27.12,482,37098,0.856,1,2,227833,227351,482
28758621,51.008,48.624,486,37155,0.8192,1,2,227891,227405,486
28761541,62.2016,9.7248,551,37212,0.61984,1,1,227956,227405,551
28764461,42.8403,56.345,521,37269,0.563968,1,1,227994,227473,521
28767381,38.9681,47.269,514,37326,0.488794,1,1,228032,227518,514
28770301,43.7936,39.8538,521,37383,0.489759,1,1,228077,227556,521
28773221,30.3587,38.3708,510,37440,0.473952,1,1,228104,227594,510
28776141,28.4717,30.0742,510,37496,0.50279,1,1,228132,227622,510
28779061,53.6943,34.8148,534,37552,0.380558,0.9,1,228192,227658,534
28781981,24.3389,52.563,494,37608,0.340112,0.92,1,228209,227715,494
28784901,22.4678,29.7126,492,37664,0.364022,0.96,1,228231,227739,492
28787821,43.6936,25.1425,517,37720,0.384804,0.91,1,228280,227763,517
28790741,20.7387,47.4285,479,37776,0.356961,0.84,1,228295,227816,479
28793661,48.9477,23.0857,518,37832,0.383392,0.81,1,228351,227833,518
28796581,53.7895,51.0171,515,37888,0.388678,0.57,1,228406,227891,515
28799501,42.7579,62.2034,490,37944,0.437736,0.55,1,228446,227956,490
28802421,36.5516,42.8407,487,38000,0.479547,0.47,1,228481,227994,487
28805341,38.5103,38.9681,488,38056,0.535909,0.49,1,228520,228032,488
28808261,30.1021,43.7936,471,38112,0.547182,0.47,1,228548,228077,471
28811181,27.6204,30.3587,471,38167,0.549436,0.51,1,228575,228104,471
28814101,48.7241,28.4717,497,38222,0.565887,0.35,1,228629,228132,497
28817021,24.9448,53.6943,456,38277,0.585177,0.33,1,228648,228192,456
28819941,23.389,24.3389,462,38332,0.589036,0.37,1,228671,228209,462
28822861,43.0778,22.4678,488,38387,0.589807,0.39,1,228719,228231,488
28825781,19.8156,43.6936,453,38442,0.637961,0.35,1,228733,228280,453
28828701,50.3631,20.7387,496,38497,0.647592,0.39,1,228791,228295,496
28831621,54.0726,48.9477,495,38552,0.697518,0.39,1,228846,228351,495
28834541,45.2145,53.7895,483,38607,0.739504,0.45,1,228889,228406,483
28837461,10.6429,42.7579,445,38662,0.747901,0.49,1,228891,228446,445
28840381,30.9286,36.5516,446,38717,0.79758,0.55,2,228927,228481,446
28843301,39.7857,38.5103,449,38772,0.823516,0.55,2,228969,228520,449
28846221,31.1571,30.1021,450,38826,0.844703,0.55,2,228998,228548,450
28849141,27.0314,27.6204,449,38880,0.832941,0.57,2,229024,228575,449
28852061,51.0063,48.7241,452,38934,0.862588,0.59,2,229081,228629,452
28854981,24.6013,24.9448,451,38988,0.884518,0.59,2,229099,228648,451
28857901,24.9203,23.389,453,39042,0.904904,0.59,2,229124,228671,453
28860821,44.1841,43.0778,454,39096,0.924981,0.65,2,229173,228719,454
28863741,20.0368,19.8156,454,39150,0.912996,0.65,2,229187,228733,454
28866661,52.0074,50.3631,456,39204,0.910599,0.71,2,229247,228791,456
28869581,55.2015,54.0726,457,39258,0.87812,0.75,2,229303,228846,457
28872501,47.0403,45.2145,459,39312,0.887624,0.75,2,229348,228889,459
28875421,11.0081,10.6429,459,39366,0.889525,0.81,2,229350,228891,459
28878341,33.4016,30.9286,462,39420,0.889905,0.83,2,229389,228927,462
28881261,41.0803,39.7857,463,39474,0.905981,0.85,2,229432,228969,463
28884181,30.6161,31.1571,462,39528,0.941196,0.83,2,229460,228998,462
28887101,27.7232,27.0314,463,39581,0.932239,0.87,2,229487,229024,463
29062301,34,62,475,42664,0.83,1,2,231617,231142,475
29065221,50.8,44.4,490,42713,0.734,1,1,231672,231182,490
29068141,62.16,60.08,491,42762,0.5708,1,1,231737,231246,491
29071061,39.632,40.816,489,42811,0.47416,1,1,231771,231282,489
29073981,25.5264,32.9632,480,42860,0.438832,1,1,231793,231313,480
29076901,29.9053,25.7926,487,42909,0.431766,0.98,1,231824,231337,487
29079821,29.9811,29.9585,486,42958,0.398353,0.94,1,231854,231368,486
29082741,30.7962,33.9917,482,43007,0.311671,0.94,1,231885,231403,482
29085661,21.3592,6.79834,501,43056,0.278334,0.95,1,231904,231403,501
29088581,21.0718,25.3597,492,43105,0.191667,1,1,231925,231433,492
29091501,36.2144,23.4719,509,43154,0.238333,0.99,1,231965,231456,509
29094421,33.6429,34.2944,505,43203,0.231667,0.95,1,231998,231493,505
29097341,25.1286,35.6589,492,43252,0.198333,0.81,1,232021,231529,492
29100261,27.4257,27.1318,495,43301,0.223667,0.85,1,232049,231554,495
29103181,27.8851,28.6264,494,43350,0.196733,0.83,1,232077,231583,494
29106101,42.377,32.9253,506,43399,0.191347,0.71,1,232123,231617,506
29109021,56.4754,50.5851,511,43448,0.222269,0.53,1,232183,231672,511
29111941,34.4951,62.117,475,43497,0.244454,0.45,1,232212,231737,475
29114861,22.099,39.6234,460,43546,0.232891,0.43,1,232231,231771,460
29117781,30.0198,25.5247,470,43594,0.262578,0.43,1,232263,231793,470
29120701,27.604,29.9049,466,43642,0.268516,0.39,1,232290,231824,466
29123621,27.9208,29.981,464,43690,0.317703,0.29,1,232318,231854,464
29126541,19.1842,30.7962,450,43738,0.311541,0.27,1,232335,231885,450
29129461,19.8368,21.3592,451,43786,0.310308,0.17,1,232355,231904,451
29132381,37.5674,21.0718,472,43834,0.374062,0.25,1,232397,231925,472
29135301,32.3135,36.2144,463,43882,0.386812,0.23,1,232428,231965,463
29138221,25.6627,33.6429,454,43930,0.421362,0.19,1,232452,231998,454
29141141,28.3325,25.1286,460,43978,0.444272,0.23,1,232481,232021,460
29144061,27.2665,27.4257,459,44026,0.432855,0.19,1,232508,232049,459
29146981,41.4533,27.8851,476,44074,0.446571,0.19,1,232553,232077,476
29149901,57.8907,42.377,492,44122,0.497314,0.23,1,232615,232123,492
29152821,35.5781,56.4754,462,44170,0.507463,0.25,1,232645,232183,462
29155741,22.3156,34.4951,452,44218,0.525493,0.23,1,232664,232212,452
29158661,30.8631,22.099,466,44266,0.561099,0.27,1,232697,232231,466
29161581,27.7726,30.0198,461,44314,0.60022,0.27,1,232724,232263,461
29164501,30.3545,27.604,465,44362,0.624044,0.33,1,232755,232290,465
29167421,18.8709,27.9208,453,44410,0.628809,0.31,1,232771,232318,453
29170341,18.9742,19.1842,455,44457,0.613762,0.31,1,232790,232335,455
29173261,5.39484,19.8368,437,44504,0.642752,0.39,1,232792,232355,437
29176181,38.679,37.5674,442,44551,0.648551,0.39,1,232839,232397,442
29179101,31.7358,32.3135,441,44598,0.64971,0.43,1,232869,232428,441
29182021,27.1472,25.6627,443,44645,0.649942,0.45,1,232895,232452,443
29184941,29.4294,28.3325,444,44692,0.665988,0.43,1,232925,232481,444
29187861,28.2859,27.2665,445,44739,0.749198,0.45,1,232953,232508,445
29190781,41.6572,41.4533,445,44786,0.74984,0.51,1,232998,232553,445
29193701,59.5314,57.8907,447,44833,0.797968,0.51,2,233062,232615,447
29196621,35.9063,35.5781,447,44880,0.775594,0.53,2,233092,232645,447
29199541,23.1813,22.3156,448,44927,0.803119,0.57,2,233112,232664,448
29202461,32.6363,30.8631,450,44974,0.808624,0.61,2,233147,232697,450
29205381,29.7273,27.7726,452,45021,0.761725,0.63,2,233176,232724,452
29208301,31.5455,30.3545,453,45068,0.784345,0.63,2,233208,232755,453
29211221,19.1091,18.8709,453,45115,0.836869,0.61,2,233224,232771,453
29214141,19.8218,18.9742,454,45162,0.815374,0.65,2,233244,232790,454
29217061,5.56436,5.39484,454,45209,0.811075,0.65,2,233246,232792,454
29219981,38.7129,38.679,454,45256,0.842215,0.65,2,233293,232839,454
29222901,31.7426,31.7358,454,45303,0.864443,0.65,2,233323,232869,454
29225821,27.1485,27.1472,454,45350,0.868889,0.67,2,233349,232895,454
29228741,31.0297,29.4294,456,45397,0.869778,0.77,2,233381,232925,456
29231661,30.2059,28.2859,458,45443,0.853956,0.75,2,233411,232953,458
29234581,42.8412,41.6572,459,45489,0.850791,0.81,2,233457,232998,459
29237501,60.5682,59.5314,460,45535,0.914158,0.77,2,233522,233062,460
29240421,36.1136,35.9063,460,45581,0.910832,0.81,2,233552,233092,460
29243341,23.2227,23.1813,460,45627,0.942166,0.81,2,233572,233112,460
29246261,32.6445,32.6363,460,45673,0.948433,0.75,2,233607,233147,460
29249181,29.7289,29.7273,460,45719,0.933687,0.79,2,233636,233176,460
29252101,33.1458,31.5455,462,45765,0.898737,0.85,2,233670,233208,462
29255021,19.4292,19.1091,462,45811,0.859747,0.81,2,233686,233224,462
29257941,19.8858,19.8218,462,45857,0.851949,0.81,2,233706,233244,462
29260861,5.57717,5.56436,462,45903,0.85039,0.85,2,233708,233246,462
29263781,40.3154,38.7129,464,45949,0.898078,0.85,2,233757,233293,464
29266701,32.0631,7.74257,494,45995,0.891616,0.87,2,233787,233293,494
29269621,27.2126,25.5485,490,46041,0.890323,0.87,2,233813,233323,490
29272541,30.2425,25.9097,495,46087,0.906065,0.87,2,233844,233349,495
29275461,28.4485,30.7819,491,46133,0.909213,0.85,2,233872,233381,491
29452121,104,71,524,22093,0.05,0.43,1,235874,235350,524
29455041,64.8,103.8,467,22189,0.082,0.15,1,235929,235462,467
29457961,68.16,79.96,462,22285,0.0724,0.01,1,235998,235536,462
29460881,58.432,68.792,452,22380,0.03848,0.01,1,236054,235602,452
29463801,48.4864,64.9584,434,22475,0.015696,0.01,1,236100,235666,434
29466721,34.4973,36.1917,436,22569,0.0271392,0.05,1,236131,235695,436
29469641,55.6995,25.6383,474,22663,0.0454278,0.05,1,236192,235718,474
29472561,96.7399,46.7277,529,22757,0.0490856,0.05,1,236299,235770,529
29475481,65.748,92.5455,483,22850,0.0978171,0.09,1,236357,235874,483
29478401,65.9496,62.5091,494,22943,0.171563,0.07,1,236423,235929,494
29481321,57.1899,67.7018,480,23035,0.0743127,0.03,1,236478,235998,480
29484241,45.838,58.3404,467,23127,0.0388625,0.01,1,236521,236054,467
29487161,33.9676,48.4681,452,23219,0.0157725,0.03,1,236552,236100,452
29490081,56.3935,34.4936,483,23310,0.0031545,0.05,1,236614,236131,483
29493001,97.6787,55.6987,530,23401,0.0566309,0.05,1,236722,236192,530
29495921,69.9357,96.7397,486,23492,0.0993262,0.11,1,236785,236299,486
29498841,68.3871,65.7479,496,23582,0.155865,0.19,1,236853,236357,496
29501761,52.0774,65.9496,478,23672,0.167173,0.05,1,236901,236423,478
29504681,43.2155,57.1899,464,23762,0.153435,0.03,1,236942,236478,464
29507601,34.2431,45.838,453,23851,0.0706869,0.01,1,236974,236521,453
29510521,57.2486,33.9676,485,23940,0.0541374,0,1,237037,236552,485
29513441,13.0497,56.3935,425,24029,0.0508275,0.07,1,237039,236614,425
29516361,89.0099,97.6787,425,24117,0.0981655,0.11,1,237147,236722,425
29519281,69.802,69.9357,427,24205,0.0916331,0.17,1,237212,236785,427
29522201,70.7604,68.3871,430,24293,0.0903266,0.17,1,237283,236853,430
29525121,52.5521,52.0774,430,24380,0.106065,0.15,1,237331,236901,430
29528041,40.9104,43.2155,427,24467,0.141213,0.05,1,237369,236942,427
29530961,32.9821,34.2431,426,24554,0.132243,0.05,1,237400,236974,426
29533881,53.7964,57.2486,422,24640,0.210449,0.05,1,237459,237037,422
29536801,12.3593,13.0497,422,24726,0.22609,0.11,1,237461,237039,422
29539721,91.2719,89.0099,425,24812,0.229218,0.09,1,237572,237147,425
29542641,71.0544,69.802,426,24897,0.229844,0.09,1,237638,237212,426
29545561,69.4109,70.7604,424,24982,0.277969,0.11,1,237707,237283,424
29548481,53.8822,52.5521,426,25067,0.271594,0.15,1,237757,237331,426
29551401,41.9764,40.9104,427,25152,0.286319,0.13,1,237796,237369,427
29554321,33.9953,32.9821,428,25236,0.273264,0.23,1,237828,237400,428
29557241,56.3991,53.7964,431,25320,0.302653,0.23,1,237890,237459,431
29560161,12.8798,12.3593,431,25404,0.276531,0.23,1,237892,237461,431
29563081,91.376,91.2719,431,25487,0.303306,0.23,1,238003,237572,431
29566001,71.8752,18.2544,498,25570,0.372661,0.23,1,238070,237572,498
29568921,71.175,56.4509,503,25653,0.418532,0.29,1,238141,237638,503
29571841,54.235,66.4902,484,25736,0.475706,0.27,1,238191,237707,484
29574761,41.247,53.298,472,25818,0.519141,0.29,1,238229,237757,472
29577681,34.6494,41.8596,466,25900,0.543828,0.27,1,238262,237796,466
29580601,56.5299,33.9719,496,25982,0.516766,0.31,1,238324,237828,496
29583521,12.906,56.3944,436,26064,0.511353,0.27,1,238326,237890,436
29586441,93.7812,12.8789,548,26145,0.526271,0.31,1,238440,237892,548
29589361,74.7562,91.3758,507,26226,0.593254,0.39,1,238510,238003,507
29592281,74.9512,71.8752,515,26307,0.638651,0.43,1,238585,238070,515
29595201,56.5903,71.175,496,26388,0.72773,0.49,1,238637,238141,496
29598121,42.5181,54.235,485,26468,0.729546,0.53,1,238676,238191,485
29601041,35.7036,41.247,481,26548,0.729909,0.55,1,238710,238229,481
29603961,55.1407,34.6494,508,26628,0.745982,0.51,1,238770,238262,508
29606881,12.6281,56.5299,448,26708,0.749196,0.51,1,238772,238324,448
29609801,96.9256,12.906,564,26787,0.813839,0.53,2,238890,238326,564
29612721,76.1851,93.7812,521,26866,0.858768,0.61,2,238961,238440,521
29615641,16.837,74.7562,453,26945,0.867754,0.65,2,238963,238510,453
29618561,64.1674,74.9512,454,27024,0.933551,0.75,2,239039,238585,454
29621481,56.8335,56.5903,457,27102,0.91471,0.73,2,239094,238637,457
29624401,43.3667,42.5181,458,27180,0.910942,0.73,2,239134,238676,458
29627321,35.8733,35.7036,458,27258,0.894188,0.75,2,239168,238710,458
29630241,55.9747,55.1407,459,27336,0.906838,0.75,2,239229,238770,459
29633161,12.7949,12.6281,459,27413,0.909368,0.83,2,239231,238772,459
29735361,28,37,490,29998,0.83,1,2,241067,240577,490
29738281,48.8,55.4,484,30069,0.686,1,1,241121,240637,484
29741201,32.96,28.68,491,30139,0.5772,1,1,241150,240659,491
29744121,84.192,92.936,479,30209,0.42744,1,1,241247,240768,479
29747041,69.6384,69.7872,481,30279,0.205488,1,1,241313,240832,481
29749961,33.9277,31.5574,484,30349,0.129098,1,1,241338,240854,484
29752881,45.9855,51.9115,476,30419,0.0818195,0.99,1,241387,240911,476
29755801,61.9971,62.3823,477,30489,0.0403639,0.92,1,241453,240976,477
29758721,32.3994,37.2765,471,30558,0.0160728,0.86,1,241478,241007,471
29761641,28.8799,33.0553,467,30627,0.0432146,0.83,1,241506,241039,467
29764561,23.376,29.0111,461,30696,0.0806429,0.65,1,241528,241067,461
29767481,40.6752,49.0022,452,30765,0.0721286,0.55,1,241573,241121,452
29770401,28.935,33.0004,449,30834,0.0544257,0.39,1,241599,241150,449
29773321,72.187,84.2001,435,30903,0.0828851,0.15,1,241682,241247,435
29776241,64.0374,69.64,431,30971,0.088577,0.11,1,241744,241313,431
29779161,27.2075,33.928,424,31039,0.0897154,0.07,1,241762,241338,424
29782081,45.4415,45.9856,425,31107,0.105943,0.03,1,241812,241387,425
29785001,61.0883,61.9971,424,31175,0.0611886,0.01,1,241877,241453,424
29787921,31.4177,32.3994,423,31243,0.0682377,0.05,1,241901,241478,423
29790841,28.6835,28.8799,423,31311,0.101648,0.05,1,241929,241506,423
29793761,22.5367,5.77598,444,31379,0.10833,0.09,1,241950,241506,444
29796681,42.1073,18.7552,469,31446,0.125666,0.07,1,241997,241528,469
29799601,27.6215,39.751,448,31513,0.0971332,0.05,1,242021,241573,448
29802521,74.3243,28.7502,508,31580,0.0754266,0.09,1,242107,241599,508
29805441,62.8649,72.15,485,31647,0.0870853,0.09,1,242167,241682,485
29808361,28.573,64.03,443,31714,0.0894171,0.09,1,242187,241744,443
29811281,44.9146,27.206,474,31781,0.0898834,0.11,1,242236,241762,474
29814201,58.5829,45.4412,486,31848,0.0579767,0.05,1,242298,241812,486
29817121,33.3166,61.0882,448,31914,0.0675953,0.07,1,242325,241877,448
29820041,31.4633,31.4176,455,31980,0.0695191,0.11,1,242356,241901,455
29822961,21.4927,28.6835,446,32046,0.101904,0.11,1,242375,241929,446
29825881,41.8985,22.5367,472,32112,0.140381,0.13,1,242422,241950,472
29828801,27.5797,42.1073,449,32178,0.164076,0.09,1,242446,241997,449
29831721,73.5159,27.6215,510,32244,0.216815,0.07,1,242531,242021,510
29834641,63.5032,74.3243,485,32310,0.259363,0.09,1,242592,242107,485
29837561,28.7006,62.8649,445,32375,0.267873,0.09,1,242612,242167,445
29840481,44.9401,28.573,474,32440,0.269575,0.09,1,242661,242187,474
29843401,56.188,44.9146,484,32505,0.285915,0.05,1,242720,242236,484
29846321,34.4376,58.5829,451,32570,0.273183,0.07,1,242749,242298,451
29849241,32.4875,33.3166,456,32635,0.302637,0.07,1,242781,242325,456
29852161,22.4975,31.4633,445,32700,0.276527,0.11,1,242801,242356,445
29855081,43.6995,21.4927,475,32765,0.319305,0.15,1,242850,242375,475
29858001,10.3399,41.8985,430,32830,0.343861,0.17,1,242852,242422,430
29860921,21.268,27.5797,430,32894,0.380772,0.23,1,242876,242446,430
29863841,75.4536,73.5159,434,32958,0.388154,0.27,1,242965,242531,434
29866761,64.6907,63.5032,435,33022,0.405631,0.27,1,243027,242592,435
29869681,28.9381,28.7006,435,33086,0.441126,0.27,1,243047,242612,435
29872601,44.9876,44.9401,435,33150,0.480225,0.29,1,243096,242661,435
29875521,55.3975,56.188,434,33214,0.504045,0.27,1,243154,242720,434
29878441,35.0795,34.4376,435,33278,0.508809,0.31,1,243184,242749,435
29881361,32.6159,32.4875,435,33342,0.541762,0.27,1,243216,242781,435
29884281,23.3232,22.4975,436,33405,0.548352,0.33,1,243237,242801,436
29887201,46.2646,43.6995,439,33468,0.61367,0.35,1,243289,242850,439
29890121,10.8529,10.3399,439,33531,0.594734,0.39,1,243291,242852,439
29893041,21.3706,21.268,439,33594,0.606947,0.39,1,243315,242876,439
29895961,77.0741,75.4536,441,33657,0.641389,0.41,1,243406,242965,441
29898881,65.8148,64.6907,442,33720,0.632278,0.45,1,243469,243027,442
29901801,29.963,28.9381,443,33783,0.646456,0.49,1,243490,243047,443
29904721,45.9926,44.9876,444,33846,0.633291,0.51,1,243540,243096,444
29907641,56.3985,55.3975,445,33908,0.646658,0.51,1,243599,243154,445
29910561,36.0797,35.0795,446,33970,0.681332,0.55,1,243630,243184,446
29913481,33.6159,32.6159,447,34032,0.640266,0.55,1,243663,243216,447
29916401,25.1232,23.3232,449,34094,0.648053,0.63,1,243686,243237,449
29919321,48.2246,46.2646,451,34156,0.665611,0.59,1,243740,243289,451
29922241,11.2449,10.8529,451,34218,0.669122,0.59,1,243742,243291,451
29925161,22.249,2.17059,476,34280,0.637824,0.61,1,243767,243291,476
29928081,78.0498,19.6341,544,34342,0.711565,0.65,1,243859,243315,544
29931001,65.21,76.7268,515,34404,0.726313,0.63,1,243921,243406,515
29933921,29.042,65.7454,472,34465,0.729263,0.65,1,243941,243469,472
29936841,46.6084,29.9491,502,34526,0.745853,0.63,1,243992,243490,502
29939761,57.3217,45.9898,512,34587,0.765171,0.65,2,244052,243540,512
29942681,36.2643,56.398,484,34648,0.753034,0.69,2,244083,243599,484
29945601,32.8529,36.0796,485,34709,0.750607,0.63,2,244115,243630,485
29948521,24.9706,33.6159,475,34770,0.798121,0.65,2,244138,243663,475
29951441,48.1941,25.1232,506,34831,0.807624,0.67,2,244192,243686,506
29954361,11.2388,48.2246,454,34892,0.809525,0.67,2,244194,243740,454
29957281,24.6478,11.2449,480,34953,0.793905,0.63,2,244222,243742,480
29960201,80.1296,22.249,549,35013,0.854781,0.73,2,244316,243767,549
30097441,75,23,565,37744,0.87,1,2,246230,245665,565
30100361,31.8,66.2,509,37800,0.806,1,2,246251,245742,509
30103281,38.36,31.64,526,37856,0.8572,1,2,246291,245765,526
30106201,30.072,40.728,511,37912,0.91544,1,2,246319,245808,511
30109121,42.8144,31.3456,528,37968,0.895088,0.97,2,246365,245837,528
30112041,29.3629,44.6691,506,38024,0.891018,1,2,246391,245885,506
30114961,57.8726,42.5338,529,38080,0.922204,0.95,2,246456,245927,529
30117881,29.1745,52.5068,496,38135,0.936441,0.99,2,246478,245982,496
30290161,54,36,516,41274,0.71,1,1,248683,248167,516
30293081,35.6,36,511,41325,0.678,1,1,248714,248203,511
30296001,35.92,29.6,519,41376,0.5436,1,1,248750,248231,519
30298921,33.584,24.32,529,41427,0.45272,1,1,248783,248254,529
30301841,29.1168,33.664,521,41478,0.306544,1,1,248811,248290,521
30304761,36.2234,30.7328,529,41529,0.149309,1,1,248849,248320,529
30307681,36.0447,33.3466,531,41580,0.0698618,1,1,248885,248354,531
30310601,28.0089,33.0693,524,41631,0.0379724,1,1,248911,248387,524
30313521,20.8018,33.8139,509,41682,0.0475945,0.94,1,248930,248421,509
30316441,27.3604,34.7628,503,41733,0.0655189,1,1,248959,248456,503
30319361,31.8721,34.9526,501,41784,0.0371038,1,1,248992,248491,501
30322281,24.7744,30.1905,495,41835,0.0474208,0.92,1,249015,248520,495
30325201,50.5549,66.0381,477,41885,0.00948415,0.85,1,249072,248595,477
30328121,30.911,40.4076,469,41935,0.00989683,0.71,1,249098,248629,469
30331041,42.1822,51.2815,460,41985,0.0419794,0.67,1,249143,248683,460
30333961,28.4364,35.0563,454,42035,0.0963959,0.51,1,249168,248714,454
30336881,27.2873,35.8113,445,42085,0.0912792,0.43,1,249195,248750,445
30339801,27.8575,33.5623,440,42135,0.106256,0.27,1,249223,248783,440
30342721,23.1715,29.1124,434,42185,0.141251,0.11,1,249245,248811,434
30345641,28.6343,36.2225,426,42235,0.13225,0.05,1,249275,248849,426
30348561,32.9269,36.0445,424,42285,0.06645,0.03,1,249309,248885,424
30351481,26.5854,28.0089,423,42335,0.05329,0.05,1,249334,248911,423
30354401,20.5171,20.8018,423,42385,0.066658,0.07,1,249353,248930,423
30357321,28.9034,27.3604,425,42435,0.0533316,0.03,1,249384,248959,425
30360241,32.1807,31.8721,425,42485,0.0826663,0.05,1,249417,248992,425
30363161,24.8361,24.7744,425,42535,0.0405333,0,1,249440,249015,425
30366081,48.1672,50.5549,422,42585,0.0321067,0.01,1,249494,249072,422
30369001,32.0334,30.911,424,42635,0.0304213,0.05,1,249522,249098,424
30371921,43.2067,42.1822,425,42684,0.0300843,0.11,1,249568,249143,425
30374841,29.4413,28.4364,426,42733,0.0620169,0.09,1,249594,249168,426
30377761,25.8883,27.2873,424,42782,0.0204034,0.11,1,249619,249195,424
30380681,30.7777,27.8575,428,42831,0.0440807,0.15,1,249651,249223,428
30383601,23.7555,23.1715,428,42880,0.0488161,0.13,1,249673,249245,428
30386521,27.1511,28.6343,426,42929,0.0497632,0.05,1,249701,249275,426
30389441,31.0302,32.9269,424,42978,0.0819526,0.05,1,249733,249309,424
30392361,24.606,26.5854,422,43027,0.0723905,0.05,1,249756,249334,422
30395281,19.3212,5.31707,440,43076,0.0864781,0.07,1,249774,249334,440
30398201,30.2642,16.2634,454,43125,0.0412956,0.05,1,249807,249353,454
30401121,32.4528,28.0527,456,43174,0.0642591,0.09,1,249840,249384,456
30404041,23.2906,32.0105,444,43223,0.0688518,0.03,1,249861,249417,444
30406961,47.8581,24.8021,475,43272,0.10177,0.03,1,249915,249440,475
30409881,32.7716,48.1604,450,43321,0.0603541,0.03,1,249944,249494,450
30412801,42.5543,32.0321,467,43370,0.0680708,0.03,1,249989,249522,467
30415721,30.1109,43.2064,448,43419,0.0376142,0.07,1,250016,249568,448
30418641,25.2222,29.4413,446,43468,0.0315228,0.01,1,250040,249594,446
30421561,32.2444,25.8883,455,43517,0.0463046,0.05,1,250074,249619,455
30424481,24.0489,30.7777,445,43565,0.0652609,0.05,1,250096,249651,445
30427401,27.2098,23.7555,451,43613,0.0370522,0.05,1,250124,249673,451
30430321,32.642,27.1511,457,43661,0.0474104,0.09,1,250158,249701,457
30433241,24.1284,31.0302,447,43709,0.0494821,0.07,1,250180,249733,447
30436161,18.4257,24.606,441,43757,0.0658964,0.09,1,250197,249756,441
30439081,29.2851,19.3212,455,43805,0.0851793,0.03,1,250229,249774,455
30442001,33.857,30.2642,457,43853,0.0890359,0.07,1,250264,249807,457
30444921,24.3714,32.4528,446,43901,0.0898072,0.07,1,250286,249840,446
30447841,47.2743,23.2906,478,43949,0.121961,0.11,1,250339,249861,478
30450761,30.2549,47.8581,450,43997,0.128392,0.05,1,250365,249915,450
30453681,42.851,32.7716,467,44045,0.161678,0.07,1,250411,249944,467
30456601,30.1702,42.5543,449,44093,0.184336,0.03,1,250438,249989,449
30459521,26.034,30.1109,447,44141,0.204867,0.03,1,250463,250016,447
30462441,33.2068,25.2222,458,44189,0.224973,0.05,1,250498,250040,458
30465361,22.6414,32.2444,444,44237,0.228995,0.07,1,250518,250074,444
30468281,26.9283,24.0489,450,44285,0.229799,0.03,1,250546,250096,450
30471201,33.3857,27.2098,457,44333,0.22996,0.05,1,250581,250124,457
30474121,24.2771,32.642,445,44381,0.245992,0.05,1,250603,250158,445
30477041,20.0554,24.1284,442,44429,0.265198,0.07,1,250622,250180,442
30479961,5.61108,18.4257,427,44476,0.23704,0.09,1,250624,250197,427
30482881,25.9222,29.2851,426,44523,0.247408,0.09,1,250655,250229,426
30485801,33.1844,33.857,426,44570,0.249482,0.09,1,250690,250264,426
30488721,24.2369,24.3714,426,44617,0.281896,0.13,1,250712,250286,426
30491641,48.8474,47.2743,428,44664,0.272379,0.13,1,250767,250339,428
30494561,30.5695,30.2549,428,44711,0.270476,0.17,1,250793,250365,428
30497481,44.5139,42.851,430,44758,0.286095,0.19,1,250841,250411,430
30500401,31.3028,30.1702,431,44805,0.353219,0.21,1,250869,250438,431
30503321,27.0606,26.034,432,44852,0.334644,0.23,1,250895,250463,432
30506241,34.2121,33.2068,433,44899,0.346929,0.23,1,250931,250498,433
30509161,22.8424,22.6414,433,44946,0.381386,0.23,1,250951,250518,433
30512081,27.7685,26.9283,434,44993,0.420277,0.23,1,250980,250546,434
30515001,33.5537,33.3857,434,45040,0.444055,0.25,1,251015,250581,434
30517921,24.3107,24.2771,434,45087,0.496811,0.27,1,251037,250603,434
30520841,20.8621,20.0554,435,45134,0.507362,0.23,1,251057,250622,435
30523761,5.77243,5.61108,435,45181,0.509472,0.25,1,251059,250624,435
30526681,25.1545,25.9222,434,45228,0.509894,0.25,1,251089,250655,434
30529601,33.0309,33.1844,434,45275,0.509979,0.29,1,251124,250690,434
30532521,24.2062,24.2369,434,45322,0.493996,0.27,1,251146,250712,434
30535441,49.6412,48.8474,435,45369,0.538799,0.27,1,251202,250767,435
30538361,30.7282,30.5695,435,45415,0.56376,0.29,1,251228,250793,435
30541281,45.3456,44.5139,436,45461,0.600752,0.37,1,251277,250841,436
30544201,33.0691,31.3028,438,45507,0.57615,0.33,1,251307,250869,438
30547121,27.4138,27.0606,438,45553,0.60323,0.35,1,251333,250895,438
30550041,36.6828,34.2121,441,45599,0.592646,0.39,1,251372,250931,441
30552961,23.3366,22.8424,441,45645,0.622529,0.43,1,251392,250951,441
30555881,29.4673,27.7685,443,45691,0.580506,0.45,1,251423,250980,443
30558801,34.6935,33.5537,444,45737,0.572101,0.51,1,251459,251015,444
30561721,25.3387,24.3107,445,45783,0.60242,0.51,1,251482,251037,445
30564641,21.0677,20.8621,445,45829,0.656484,0.51,1,251502,251057,445
30567561,5.81355,5.77243,445,45875,0.667297,0.51,1,251504,251059,445
30570481,25.1627,25.1545,445,45921,0.669459,0.51,1,251534,251089,445
30573401,32.2325,5.0309,479,45967,0.637892,0.51,1,251568,251089,479
30576321,24.8465,29.0062,467,46013,0.615578,0.49,1,251591,251124,467
30579241,52.9693,23.4012,505,46059,0.659116,0.55,1,251651,251146,505
30582161,31.3939,49.4802,475,46105,0.635823,0.57,1,251677,251202,475
30585081,45.4788,30.696,498,46151,0.647165,0.61,1,251726,251228,498
30588001,33.8958,45.3392,480,46197,0.633433,0.57,1,251757,251277,480
30590921,28.3792,33.0678,477,46243,0.678687,0.61,1,251784,251307,477
30593841,36.0758,27.4136,489,46289,0.687737,0.59,1,251822,251333,489
30596761,23.2152,36.6827,470,46335,0.705548,0.63,1,251842,251372,470
30599681,28.643,23.3365,480,46381,0.725109,0.57,1,251872,251392,480
30602601,34.5286,29.4673,485,46426,0.761022,0.57,2,251908,251423,485
30605521,27.7057,34.6935,475,46471,0.736204,0.61,1,251934,251459,475
30608441,21.5411,25.3387,472,46516,0.747241,0.67,1,251954,251482,472
30611361,5.90823,21.0677,454,46561,0.749448,0.67,1,251956,251502,454
30614281,25.1816,5.81355,482,46606,0.76589,0.67,2,251986,251504,482
30617201,32.2363,25.1627,486,46651,0.769178,0.63,2,252020,251534,486
30620121,24.0473,32.2325,474,46696,0.769836,0.61,2,252042,251568,474
30623041,53.6095,24.8465,512,46741,0.833967,0.67,2,252103,251591,512
30625961,31.5219,52.9693,478,46786,0.862793,0.63,2,252129,251651,478
30628881,46.3044,31.3939,502,46831,0.884559,0.65,2,252179,251677,502
30631801,34.0609,45.4788,484,46876,0.888912,0.63,2,252210,251726,484
30634721,30.0122,33.8958,482,46921,0.905782,0.69,2,252239,251757,482
30637641,37.2024,28.3792,494,46966,0.925156,0.69,2,252278,251784,494
30640561,23.4405,36.0758,476,47011,0.913031,0.71,2,252298,251822,476
30932561,34,25,496,51298,0.63,1,1,255264,254768,496
30935481,36.4,33.8,497,51339,0.614,1,1,255301,254804,497
30938401,30.48,34.76,491,51380,0.5628,1,1,255330,254839,491
30941321,29.296,31.752,489,51421,0.52056,1,1,255359,254870,489
30944241,27.4592,26.3504,491,51462,0.416112,1,1,255386,254895,491
30947161,34.2918,26.8701,500,51503,0.379222,1,1,255422,254922,500
30950081,20.4584,34.974,480,51544,0.467844,1,1,255439,254959,480
30953001,20.8917,25.3948,478,51585,0.357569,1,1,255460,254982,478
30955921,28.9783,25.879,483,51626,0.287514,1,1,255491,255008,483
30958841,21.7957,21.9758,482,51667,0.241503,1,1,255511,255029,482
30961761,25.1591,25.9952,481,51708,0.280301,1,1,255537,255056,481
30964681,27.4318,34.799,472,51749,0.27206,0.86,1,255565,255093,472
30967601,28.6864,29.3598,473,51790,0.238412,0.86,1,255594,255121,473
30970521,17.7373,5.87196,488,51831,0.167682,1,1,255609,255121,488
30973441,25.9475,16.3744,497,51872,0.201536,0.99,1,255637,255140,497
30976361,25.9895,27.2749,493,51913,0.192307,0.89,1,255663,255170,493
30979281,24.3979,30.255,486,51954,0.190461,0.75,1,255687,255201,486
30982201,32.0796,29.251,491,51995,0.190092,0.63,1,255721,255230,491
30985121,31.2159,33.0502,488,52035,0.206018,0.61,1,255752,255264,488
30988041,26.2432,36.21,476,52075,0.193204,0.55,1,255777,255301,476
30990961,26.0486,30.442,473,52115,0.206641,0.51,1,255803,255330,473
30993881,25.2097,29.2884,469,52155,0.241328,0.39,1,255828,255359,469
30996801,35.4419,27.4577,480,52195,0.296266,0.37,1,255866,255386,480
30999721,15.8884,34.2915,455,52235,0.323253,0.49,1,255877,255422,455
31002641,17.5777,20.4583,456,52275,0.312651,0.33,1,255895,255439,456
31005561,27.5155,20.8917,465,52315,0.31053,0.27,1,255925,255460,465
31008481,16.7031,28.9783,448,52355,0.310106,0.23,1,255939,255491,448
31011401,25.7406,21.7957,456,52395,0.278021,0.29,1,255967,255511,456
31014321,29.9481,25.1591,461,52435,0.287604,0.27,1,255998,255537,461
31017241,25.1896,27.4318,457,52475,0.273521,0.23,1,256022,255565,457
31020161,18.6379,28.6864,445,52515,0.286704,0.15,1,256039,255594,445
31023081,26.1276,17.7373,458,52555,0.289341,0.21,1,256067,255609,458
31026001,26.0255,25.9475,456,52595,0.337868,0.19,1,256093,255637,456
31028921,25.2051,25.9895,455,52635,0.331574,0.19,1,256118,255663,455
31031841,31.441,24.3979,464,52675,0.410315,0.19,1,256151,255687,464
31034761,31.8882,32.0796,462,52715,0.426063,0.21,1,256183,255721,462
31037681,25.5776,31.2159,455,52755,0.461213,0.19,1,256207,255752,455
31040601,28.3155,26.2432,459,52795,0.484243,0.21,1,256236,255777,459
31043521,24.0631,26.0486,456,52835,0.472849,0.25,1,256259,255803,456
31046441,39.2126,25.2097,474,52875,0.48657,0.31,1,256302,255828,474
31049361,15.8425,35.4419,446,52915,0.489314,0.33,1,256312,255866,446
31052281,18.3685,15.8884,454,52955,0.505863,0.31,1,256331,255877,454
31055201,27.6737,17.5777,466,52995,0.509173,0.31,1,256361,255895,466
31058121,16.7347,27.5155,450,53035,0.509834,0.31,1,256375,255925,450
31061041,24.1469,16.7031,462,53075,0.509967,0.27,1,256401,255939,462
31063961,29.6294,25.7406,465,53115,0.493993,0.29,1,256432,255967,465
31066881,25.1259,29.9481,458,53155,0.506799,0.27,1,256456,255998,458
31069801,19.4252,25.1896,452,53195,0.52536,0.29,1,256474,256022,452
31072721,27.885,18.6379,465,53235,0.545072,0.29,1,256504,256039,465
31075641,7.17701,26.1276,439,53275,0.549014,0.35,1,256506,256067,439
31078561,22.2354,26.0255,439,53315,0.549803,0.33,1,256532,256093,439
31081481,26.0471,25.2051,441,53354,0.533961,0.43,1,256559,256118,441
31084401,33.2094,31.441,443,53393,0.562792,0.43,1,256594,256151,443
31087321,33.0419,31.8882,444,53432,0.552558,0.47,1,256627,256183,444
31090241,26.6084,25.5776,445,53471,0.598512,0.49,1,256652,256207,445
31093161,29.3217,28.3155,446,53510,0.607702,0.47,1,256682,256236,446
31096081,23.4643,24.0631,445,53549,0.57754,0.49,1,256704,256259,445
31099001,39.8929,39.2126,446,53588,0.603508,0.49,1,256748,256302,446
31101921,15.9786,15.8425,446,53627,0.608702,0.51,1,256758,256312,446
31104841,19.1957,18.3685,447,53666,0.64174,0.51,1,256778,256331,447
31107761,27.8391,27.6737,447,53705,0.616348,0.51,1,256808,256361,447
31110681,16.7678,16.7347,447,53744,0.61127,0.51,1,256822,256375,447
31113601,24.1536,24.1469,447,53783,0.658254,0.49,1,256848,256401,447
31116521,28.8307,29.6294,446,53822,0.651651,0.51,1,256878,256432,446
31119441,26.5661,25.1259,448,53861,0.68233,0.53,1,256904,256456,448
31122361,20.5132,19.4252,449,53900,0.704466,0.55,1,256923,256474,449
31125281,26.5026,27.885,447,53939,0.740893,0.55,1,256951,256504,447
31128201,6.90053,7.17701,447,53978,0.716179,0.55,1,256953,256506,447
31131121,22.1801,22.2354,447,54017,0.759236,0.53,2,256979,256532,447
31134041,25.236,26.0471,446,54056,0.783847,0.57,2,257005,256559,446
31136961,34.6472,33.2094,448,54095,0.788769,0.55,2,257042,256594,448
31139881,34.1294,33.0419,449,54134,0.805754,0.61,2,257076,256627,449
31142801,27.6259,26.6084,450,54173,0.857151,0.61,2,257102,256652,450
31145721,29.5252,29.3217,450,54212,0.85143,0.57,2,257132,256682,450
31148641,23.505,23.4643,450,54251,0.882286,0.61,2,257154,256704,450
31151561,41.501,39.8929,452,54290,0.888457,0.61,2,257200,256748,452
31154481,16.3002,15.9786,452,54329,0.857691,0.65,2,257210,256758,452
31157401,19.26,19.1957,452,54368,0.851538,0.61,2,257230,256778,452
31160321,27.852,27.8391,452,54407,0.866308,0.61,2,257260,256808,452
31163241,16.7704,16.7678,452,54446,0.869262,0.67,2,257274,256822,452
31166161,25.7541,24.1536,454,54485,0.901852,0.65,2,257302,256848,454
31169081,29.1508,28.8307,454,54524,0.924371,0.69,2,257332,256878,454
31172001,28.2302,26.5661,456,54563,0.928874,0.71,2,257360,256904,456
31174921,21.646,20.5132,457,54602,0.913775,0.75,2,257380,256923,457
31177841,26.7292,26.5026,457,54641,0.910755,0.71,2,257408,256951,457
31180761,6.94584,6.90053,457,54680,0.942151,0.77,2,257410,256953,457
31382241,31,22,509,57271,0.91,1,2,259240,258731,509
31385161,33.4,24.4,518,57308,0.846,1,2,259274,258756,518
31386621,30.68,28.88,518,57345,0.7532,1,2,259304,258786,518
31446481,389.336,440.976,453,26280,0.17464,0.47,1,259783,259330,453
31449401,121.067,119.395,468,27088,0.122928,0.37,1,259837,259369,468
31452321,64.2134,67.079,464,27166,0.128586,0.19,1,259887,259423,464
31455241,61.6427,67.8158,457,27244,0.129717,0.13,1,259948,259491,457
31458161,41.9285,55.1632,442,27322,0.145943,0.03,1,259985,259543,442
31461081,58.7857,53.4326,452,27400,0.149189,0.07,1,260048,259596,452
31464001,36.5571,42.6865,443,27477,0.133838,0.01,1,260079,259636,443
31466921,71.3114,58.9373,460,27554,0.0987675,0.07,1,260159,259699,460
31469841,32.6623,59.7875,423,27631,0.107754,0.03,1,260182,259759,423
31472761,28.1325,26.3575,432,27708,0.0935507,0.11,1,260209,259777,432
31475681,49.6265,53.2715,427,27784,0.12271,0.13,1,260264,259837,427
31478601,49.1253,50.6543,426,27860,0.144542,0.13,1,260313,259887,426
31481521,60.2251,58.9309,428,27936,0.212908,0.15,1,260376,259948,428
31484441,43.245,41.3862,430,28012,0.226582,0.15,1,260415,259985,430
31487361,59.049,58.6772,430,28088,0.229316,0.13,1,260478,260048,430
31490281,36.6098,36.5354,430,28163,0.277863,0.09,1,260509,260079,430
31493201,68.122,71.3071,426,28238,0.287573,0.11,1,260585,260159,426
31496121,31.2244,32.6614,425,28313,0.289515,0.09,1,260607,260182,425
31499041,27.0449,28.1323,424,28388,0.289903,0.09,1,260633,260209,424
31501961,51.809,5.62646,482,28463,0.289981,0.13,1,260691,260209,482
31504881,50.3618,45.1253,477,28537,0.305996,0.15,1,260741,260264,477
31507801,62.0724,48.2251,493,28611,0.357199,0.23,1,260806,260313,493
31510721,43.6145,60.045,469,28685,0.39944,0.23,1,260845,260376,469
31513641,60.7229,43.209,495,28759,0.423888,0.23,1,260910,260415,495
31516561,37.7446,59.0418,464,28833,0.444778,0.29,1,260942,260478,464
31519481,69.9489,36.6084,511,28906,0.480956,0.29,1,261020,260509,511
31522401,31.5898,68.1217,457,28979,0.504191,0.29,1,261042,260585,457
31525321,27.118,31.2243,461,29052,0.508838,0.29,1,261068,260607,461
31528241,52.6236,27.0449,494,29125,0.525768,0.29,1,261127,260633,494
31531161,50.5247,51.809,486,29198,0.529154,0.31,1,261177,260691,486
31534081,65.3049,50.3618,505,29271,0.529831,0.37,1,261246,260741,505
31537001,45.061,62.0724,480,29343,0.577966,0.41,1,261286,260806,480
31539921,61.8122,43.6145,507,29415,0.587593,0.43,1,261352,260845,507
31542841,38.7624,60.7229,475,29487,0.589519,0.45,1,261385,260910,475
31545761,72.5525,37.7446,524,29559,0.605904,0.49,1,261466,260942,524
31548681,32.1105,69.9489,468,29631,0.609181,0.51,1,261488,261020,468
31551601,27.2221,31.5898,472,29702,0.609836,0.51,1,261514,261042,472
31554521,53.4444,27.118,506,29773,0.625967,0.53,1,261574,261068,506
31557441,50.6889,52.6236,497,29844,0.661193,0.53,1,261624,261127,497
31560361,11.7378,50.5247,449,29915,0.668239,0.53,1,261626,261177,449
31563281,58.3476,65.3049,450,29986,0.749648,0.59,1,261696,261246,450
31566201,44.4695,45.061,451,30057,0.73393,0.59,1,261737,261286,451
31569121,62.4939,61.8122,452,30127,0.778786,0.59,2,261804,261352,452
31572041,38.0988,38.7624,451,30197,0.771757,0.61,2,261836,261385,451
31574961,73.2198,72.5525,452,30267,0.850351,0.61,2,261918,261466,452
31577881,32.244,32.1105,452,30337,0.88207,0.61,2,261940,261488,452
31580801,27.2488,27.2221,452,30407,0.888414,0.63,2,261966,261514,452
31583721,54.2498,53.4444,453,30477,0.873683,0.67,2,262027,261574,453
31586641,52.45,50.6889,455,30546,0.854737,0.67,2,262079,261624,455
31589561,12.09,11.7378,455,30615,0.882947,0.77,2,262081,261626,455
31592481,60.818,58.3476,458,30684,0.936589,0.73,2,262154,261696,458
31703441,53,56,488,33203,0.65,1,1,263923,263435,488
31706361,41.8,44,486,33267,0.49,1,1,263962,263476,486
31709281,30.76,28,490,33331,0.426,1,1,263990,263500,490
31712201,54.152,52.8,491,33394,0.2692,1,1,264050,263559,491
31715121,38.0304,46.56,480,33457,0.18984,1,1,264084,263604,480
31718041,34.0061,33.312,483,33520,0.109968,1,1,264117,263634,483
31720961,52.4012,47.4624,489,33583,0.0619936,1,1,264174,263685,489
31723881,26.4802,30.2925,483,33646,0.0523987,0.99,1,264194,263711,483
31726801,74.0961,86.8585,468,33709,0.0664797,0.89,1,264280,263812,468
31729721,34.8192,40.5717,464,33772,0.0532959,0.73,1,264305,263841,464
31732641,26.9638,31.3143,460,33835,0.0666592,0.65,1,264330,263870,460
31735561,37.3928,48.6629,447,33897,0.117332,0.45,1,264370,263923,447
31738481,36.2786,40.9326,444,33959,0.0634664,0.41,1,264406,263962,444
31741401,26.4557,30.5865,440,34021,0.0846933,0.23,1,264430,263990,440
31744321,48.4911,54.1173,434,34083,0.0889387,0.17,1,264484,264050,434
31747241,31.2982,38.0235,427,34145,0.0737877,0.09,1,264511,264084,427
31750161,28.6596,34.0047,422,34207,0.118758,0.09,1,264539,264117,422
31753081,50.5319,6.80094,478,34269,0.0237515,0.05,1,264595,264117,478
31756001,28.5064,46.9602,444,34331,0.0127503,0.05,1,264618,264174,444
31758921,72.1013,25.392,507,34393,0.10655,0.07,1,264701,264194,507
31761841,35.2203,73.8784,447,34454,0.06131,0.05,1,264727,264280,447
31764761,27.0441,34.7757,447,34515,0.068262,0.07,1,264752,264305,447
31767681,39.8088,26.9551,465,34576,0.0856524,0.13,1,264795,264330,465
31770601,35.1618,37.391,459,34637,0.0891305,0.05,1,264829,264370,459
31773521,26.2324,36.2782,447,34698,0.105826,0.09,1,264853,264406,447
31776441,48.4465,26.4556,477,34759,0.141165,0.09,1,264907,264430,477
31779361,32.8893,48.4911,452,34820,0.132233,0.07,1,264936,264484,452
31782281,28.1779,31.2982,452,34881,0.114447,0.13,1,264963,264511,452
31785201,48.8356,28.6596,478,34942,0.110889,0,1,265017,264539,478
31788121,28.1671,50.5319,445,35003,0.0621779,0.01,1,265040,264595,445
31791041,72.8334,28.5064,506,35063,0.0524356,0.13,1,265124,264618,506
31793961,35.3667,72.1013,449,35123,0.0504871,0.05,1,265150,264701,449
31796881,28.6733,35.2203,450,35183,0.0500974,0.07,1,265177,264727,450
31799801,40.1347,27.0441,468,35243,0.114019,0.09,1,265220,264752,468
31802721,36.0269,39.8088,460,35303,0.126804,0.09,1,265255,264795,460
31805641,26.4054,35.1618,450,35363,0.129361,0.11,1,265279,264829,450
31808561,50.0811,26.2324,482,35423,0.129872,0.15,1,265335,264853,482
31811481,32.4162,48.4465,456,35483,0.129974,0.13,1,265363,264907,456
31814401,28.8832,32.8893,455,35543,0.129995,0.11,1,265391,264936,455
31817321,45.7766,28.1779,478,35602,0.161999,0.11,1,265441,264963,478
31820241,25.9553,48.8356,445,35661,0.2004,0.05,1,265462,265017,445
31823161,6.79107,28.1671,424,35720,0.17608,0.05,1,265464,265040,424
31826081,68.5582,72.8334,424,35779,0.203216,0.05,1,265548,265124,424
31829001,34.5116,35.3667,424,35838,0.240643,0.05,1,265574,265150,424
31831921,30.9023,28.6733,427,35897,0.264129,0.13,1,265604,265177,427
31834841,42.1805,40.1347,429,35956,0.268826,0.13,1,265649,265220,429
31837761,35.6361,36.0269,428,36015,0.285765,0.13,1,265683,265255,428
31840681,26.3272,26.4054,428,36074,0.289153,0.13,1,265707,265279,428
31843601,50.0654,50.0811,428,36133,0.353831,0.13,1,265763,265335,428
31846521,32.4131,32.4162,428,36191,0.382766,0.13,1,265791,265363,428
31849441,28.8826,28.8832,428,36249,0.404553,0.17,1,265819,265391,428
31852361,48.1765,45.7766,431,36307,0.392911,0.21,1,265872,265441,431
31855281,25.6353,25.9553,430,36365,0.358582,0.17,1,265892,265462,430
31858201,6.72706,6.79107,430,36423,0.383716,0.21,1,265894,265464,430
31861121,68.5454,68.5582,430,36481,0.404743,0.25,1,265978,265548,430
31864041,36.1091,34.5116,432,36539,0.440949,0.27,1,266006,265574,432
31866961,32.0218,30.9023,433,36597,0.43219,0.27,1,266037,265604,433
31869881,44.8044,42.1805,436,36655,0.462438,0.29,1,266085,265649,436
31872801,36.1609,35.6361,436,36713,0.532488,0.29,1,266119,265683,436
31875721,26.4322,26.3272,436,36771,0.578498,0.37,1,266143,265707,436
31878641,52.4864,50.0654,439,36828,0.5877,0.39,1,266202,265763,439
31881561,32.8973,32.4131,439,36885,0.58954,0.41,1,266230,265791,439
31884481,29.7795,28.8826,440,36942,0.605908,0.39,1,266259,265819,440
31887401,47.5559,48.1765,439,36999,0.609182,0.35,1,266311,265872,439
31890321,25.5112,25.6353,439,37056,0.593836,0.39,1,266331,265892,439
31893241,6.70224,6.72706,439,37113,0.622767,0.41,1,266333,265894,439
31896161,69.3404,68.5454,440,37170,0.612553,0.41,1,266418,265978,440
31899081,38.6681,13.7091,471,37227,0.594511,0.45,1,266449,265978,471
31902001,31.7336,25.1418,473,37284,0.590902,0.43,1,266479,266006,473
31904921,46.3467,29.8284,492,37341,0.63818,0.47,1,266529,266037,492
31907841,38.8693,44.3657,481,37398,0.679636,0.55,1,266566,266085,481
31910761,27.7739,36.0731,472,37454,0.687927,0.59,1,266591,266119,472
31913681,52.7548,26.4146,507,37510,0.673585,0.59,1,266650,266143,507
31916601,32.951,52.4829,476,37566,0.686717,0.59,1,266678,266202,476
31919521,30.5902,32.8966,478,37622,0.689343,0.61,1,266708,266230,478
31922441,47.718,29.7793,501,37678,0.737869,0.61,1,266760,266259,501
31925361,26.3436,47.5559,470,37734,0.731574,0.59,1,266781,266311,470
31928281,6.86872,25.5112,452,37790,0.730315,0.63,1,266783,266331,452
31931201,70.1737,6.70223,536,37846,0.762063,0.61,2,266869,266333,536
31934121,38.0347,69.3404,481,37902,0.784413,0.59,2,266899,266418,481
31937041,31.6069,38.6681,480,37958,0.788882,0.59,2,266929,266449,480
31939961,48.7214,31.7336,503,38014,0.805777,0.65,2,266982,266479,503
31942881,39.3443,46.3467,490,38070,0.809155,0.69,2,267019,266529,490
31945801,29.4689,38.8693,480,38125,0.809831,0.69,2,267046,266566,480
31948721,53.0938,27.7739,514,38180,0.809966,0.67,2,267105,266591,514
31951641,33.0188,52.7548,483,38235,0.825993,0.69,2,267133,266650,483
31954561,30.6038,32.951,485,38290,0.845199,0.69,2,267163,266678,485
31957481,50.1207,30.5902,510,38345,0.86504,0.75,2,267218,266708,510
31960401,26.0241,47.718,478,38400,0.869008,0.73,2,267238,266760,478
31963321,6.80483,26.3436,459,38455,0.869802,0.73,2,267240,266781,459
31966241,71.761,6.86872,545,38510,0.91796,0.77,2,267328,266783,545
32106401,41,29,513,41060,0.77,1,2,269054,268541,513
32109321,39.4,31.4,520,41111,0.674,1,1,269093,268573,520
32112241,41.48,55.88,500,41162,0.6388,1,1,269135,268635,500
32115161,41.096,34.376,512,41213,0.58376,1,1,269176,268664,512
32118081,35.4192,31.6752,515,41264,0.508752,1,1,269210,268695,515
32121001,43.0838,47.135,509,41315,0.33375,1,1,269255,268746,509
32123921,33.4168,37.427,505,41366,0.25075,1,1,269286,268781,505
32126841,30.6834,29.8854,507,41417,0.25015,1,1,269316,268809,507
32129761,30.9367,34.7771,502,41468,0.26603,1,1,269347,268845,502
32132681,27.7873,23.7554,508,41519,0.205206,1,1,269374,268866,508
32135601,7.15747,28.7511,480,41570,0.241041,1,1,269376,268896,480
32138521,28.6315,34.5502,478,41621,0.216208,0.95,1,269410,268932,478
32141441,39.3263,48.51,468,41672,0.195242,0.87,1,269452,268984,468
32144361,26.2653,32.902,462,41723,0.191048,0.77,1,269475,269013,462
32147281,35.6531,39.3804,459,41774,0.15821,0.65,1,269513,269054,459
32150201,35.9306,39.0761,456,41825,0.167642,0.63,1,269549,269093,456
32153121,36.7861,41.4152,451,41875,0.121528,0.57,1,269586,269135,451
32156041,36.9572,41.083,447,41925,0.128306,0.49,1,269623,269176,447
32158961,30.5914,35.4166,442,41975,0.145661,0.29,1,269652,269210,442
32161881,36.5183,43.0833,435,42025,0.133132,0.23,1,269690,269255,435
32164801,32.1037,33.4167,435,42075,0.0986264,0.25,1,269721,269286,435
32167721,30.4207,30.6833,435,42125,0.0917253,0.27,1,269751,269316,435
32170641,28.4841,30.9367,432,42175,0.106345,0.19,1,269779,269347,432
32173561,27.2968,27.7873,432,42225,0.109269,0.25,1,269806,269374,432
32176481,7.05937,7.15747,432,42275,0.141854,0.21,1,269808,269376,432
32179401,29.4119,28.6315,433,42325,0.180371,0.19,1,269843,269410,433
32182321,37.0824,39.3263,430,42375,0.156074,0.19,1,269882,269452,430
32185241,25.8165,26.2653,430,42425,0.215215,0.15,1,269905,269475,430
32188161,33.1633,35.6531,427,42475,0.211043,0.17,1,269940,269513,427
32191081,37.0327,35.9306,429,42525,0.210209,0.11,1,269978,269549,429
32194001,34.6065,36.7861,426,42575,0.258042,0.13,1,270012,269586,426
32196921,38.1213,36.9572,428,42625,0.283608,0.15,1,270051,269623,428
32199841,30.0243,30.5914,427,42675,0.384722,0.13,1,270079,269652,427
32202761,36.4049,36.5183,427,42724,0.372944,0.09,1,270117,269690,427
32205681,31.281,32.1037,426,42773,0.338589,0.09,1,270147,269721,426
32208601,30.2562,30.4207,426,42822,0.395718,0.11,1,270177,269751,426
32211521,29.2512,28.4841,427,42871,0.391144,0.11,1,270206,269779,427
32214441,27.4502,27.2968,427,42920,0.406229,0.15,1,270233,269806,427
32217361,7.09005,7.05937,427,42969,0.409246,0.19,1,270235,269808,427
32220281,31.818,29.4119,430,43018,0.425849,0.19,1,270273,269843,430
32223201,36.7636,5.88237,468,43067,0.42917,0.15,1,270311,269843,468
32226121,26.5527,32.3765,453,43116,0.429834,0.23,1,270335,269882,453
32229041,34.1105,24.8753,466,43165,0.429967,0.21,1,270371,269905,466
32231961,37.2221,32.9751,469,43214,0.461993,0.21,1,270409,269940,469
32234881,37.0444,36.995,468,43263,0.484399,0.27,1,270446,269978,468
32237801,41.0089,34.599,476,43312,0.52088,0.29,1,270488,270012,476
32240721,32.2018,38.1198,467,43361,0.496176,0.41,1,270518,270051,467
32243641,36.8404,30.024,477,43410,0.491235,0.37,1,270556,270079,477
32246561,31.3681,36.4048,469,43459,0.506247,0.33,1,270586,270117,469
32249481,30.2736,31.281,469,43508,0.509249,0.41,1,270616,270147,469
32252401,30.0547,30.2562,469,43556,0.50985,0.39,1,270646,270177,469
32255321,28.4109,29.2512,468,43604,0.54197,0.41,1,270674,270206,468
32258241,7.28219,27.4502,443,43652,0.548394,0.41,1,270676,270233,443
32261161,32.6564,7.09005,480,43700,0.565679,0.43,1,270715,270235,480
32264081,36.9313,31.818,480,43748,0.601136,0.43,1,270753,270273,480
32267001,26.5863,36.7636,466,43796,0.608227,0.43,1,270777,270311,466
32269921,34.1173,26.5527,478,43844,0.641645,0.43,1,270813,270335,478
32272841,38.8235,34.1105,482,43892,0.648329,0.47,1,270853,270371,482
32275761,38.1647,37.2221,482,43940,0.649666,0.49,1,270891,270409,482
32278681,41.2329,37.0444,487,43988,0.649933,0.53,1,270933,270446,487
32281601,32.2466,41.0089,475,44036,0.665987,0.49,1,270963,270488,475
32284521,36.8493,32.2018,483,44084,0.701197,0.49,1,271001,270518,483
32287441,32.1699,36.8404,476,44132,0.708239,0.51,1,271032,270556,476
32290361,30.434,31.3681,476,44180,0.709648,0.51,1,271062,270586,476
32293281,31.6868,30.2736,478,44228,0.70993,0.51,1,271094,270616,478
32296201,29.5374,30.0547,477,44276,0.725986,0.55,1,271123,270646,477
32299121,7.50747,28.4109,451,44324,0.697197,0.55,1,271125,270674,451
32302041,34.3015,7.28219,490,44372,0.675439,0.57,1,271166,270676,490
32304961,37.2603,32.6564,489,44420,0.639088,0.61,1,271204,270715,489
32307881,26.6521,36.9313,475,44467,0.647818,0.61,1,271228,270753,475
32310801,6.93041,26.5863,453,44514,0.649564,0.65,1,271230,270777,453
32313721,30.9861,34.1173,454,44561,0.665913,0.65,1,271267,270813,454
32316641,38.1972,38.8235,454,44608,0.637183,0.65,1,271307,270853,454
32319561,38.8394,38.1647,455,44655,0.647436,0.65,1,271346,270891,455
32322481,40.5679,41.2329,454,44702,0.697487,0.67,1,271387,270933,454
32325401,32.9136,32.2466,455,44749,0.707497,0.71,1,271418,270963,455
32328321,38.5827,36.8493,457,44796,0.741499,0.71,1,271458,271001,457
32331241,32.5165,32.1699,457,44843,0.7323,0.71,1,271489,271032,457
32334161,30.5033,30.434,457,44890,0.73046,0.71,1,271519,271062,457
32337081,31.7007,31.6868,457,44937,0.794092,0.73,2,271551,271094,457
32340001,28.7401,29.5374,456,44984,0.822818,0.69,2,271579,271123,456
32342921,7.34803,7.50747,456,45031,0.828564,0.67,2,271581,271125,456
32345841,31.8696,34.3015,453,45078,0.829713,0.63,2,271619,271166,453
32348761,36.7739,37.2603,453,45125,0.845943,0.65,2,271657,271204,453
32351681,27.3548,26.6521,454,45172,0.865188,0.65,2,271682,271228,454
32354601,7.07096,6.93041,454,45219,0.885038,0.67,2,271684,271230,454
32357521,30.2142,30.9861,453,45266,0.921008,0.63,2,271720,271267,453
32544401,37,48,487,48155,0.83,1,2,273732,273245,487
32547321,35.4,39.2,485,48199,0.846,0.92,2,273767,273282,485
32550241,34.28,30.24,491,48243,0.8172,1,2,273801,273310,491
32553161,40.456,39.648,491,48287,0.77944,1,2,273843,273352,491
32556081,35.2912,35.9296,490,48331,0.803888,1,2,273877,273387,490
32559001,26.2582,32.7859,482,48375,0.792778,0.86,2,273901,273419,482
32561921,29.2516,30.5572,482,48419,0.790555,1,2,273931,273449,482
32564841,33.8503,31.7114,485,48463,0.790111,1,2,273966,273481,485
32567761,25.1701,31.9423,476,48506,0.886022,0.95,2,273989,273513,476
32570681,16.234,22.3885,470,48549,0.809204,0.83,2,274003,273533,470
32573601,21.6468,22.8777,470,48592,0.825841,1,2,274026,273556,470
32576521,26.7294,26.9755,470,48635,0.813168,1,2,274054,273584,470
32579441,26.9459,28.5951,468,48678,0.858634,0.99,2,274081,273613,468
32582361,30.1892,31.319,467,48721,0.883727,0.89,2,274112,273645,467
32585281,16.4378,18.2638,465,48764,0.872745,0.87,2,274125,273660,465
32588201,35.2876,31.6528,470,48807,0.870549,0.83,2,274165,273695,470
32591121,35.8575,35.9306,469,48850,0.88611,0.83,2,274201,273732,469
32594041,31.1715,7.18611,499,48893,0.889222,0.85,2,274231,273732,499
32596961,32.6343,29.4372,497,48936,0.905844,0.81,2,274264,273767,497
32599881,39.3269,33.0874,504,48979,0.925169,0.77,2,274305,273801,504
32867061,48,27,467,24178,0.05,0.07,1,277148,276681,467
32869981,54.4,73.4,438,24266,0.034,0,1,277204,276766,438
32872901,38.08,41.08,439,24353,0.0068,0.05,1,277238,276799,439
32875821,38.816,35.416,444,24440,0.00136,0.03,1,277277,276833,444
32878741,65.3632,54.2832,457,24527,0.024272,0.01,1,277349,276892,457
32881661,51.4726,57.2566,447,24613,0.0288544,0.01,1,277397,276950,447
32884581,55.0945,57.8513,445,24699,0.00577088,0.01,1,277453,277008,445
32887501,65.4189,61.9703,450,24785,0.105154,0.05,1,277521,277071,450
32890421,54.6838,73.9941,425,24871,0.0610308,0.03,1,277573,277148,425
32893341,54.9368,59.5988,424,24956,0.0842062,0,1,277628,277204,424
32896261,36.5874,39.1198,422,25041,0.0168412,0,1,277660,277238,422
32899181,39.3175,39.024,423,25126,0.0273682,0.03,1,277700,277277,423
32902101,64.6635,65.4048,422,25210,0.0294737,0.03,1,277771,277349,422
32905021,52.1327,51.481,423,25294,0.00589473,0,1,277820,277397,423
32907941,54.4265,55.0962,422,25378,0.0411789,0.13,1,277875,277453,422
32910861,68.4853,65.4192,426,25461,0.0642358,0.13,1,277947,277521,426
32913781,53.6971,13.0838,476,25544,0.0848472,0.05,1,277997,277521,476
32916701,56.3394,44.2168,481,25627,0.0889694,0.09,1,278054,277573,481
32919621,32.8679,52.8434,453,25710,0.105794,0,1,278081,277628,453
32922541,38.5736,36.1687,461,25792,0.0211588,0.03,1,278121,277660,461
32925461,64.5147,39.2337,492,25874,0.0122318,0.03,1,278192,277700,492
32928381,52.1029,64.6467,470,25956,0.0104464,0,1,278241,277771,470
32931301,54.4206,52.1293,476,26038,0.0100893,0.05,1,278296,277820,476
32934221,69.2841,54.4259,494,26119,0.0260179,0.07,1,278369,277875,494
32937141,57.0568,68.4852,476,26200,0.0292036,0.09,1,278423,277947,476
32940061,57.8114,53.697,484,26281,0.109841,0.09,1,278481,277997,484
32942981,28.3623,56.3394,448,26362,0.157968,0.11,1,278502,278054,448
32945901,38.4725,32.8679,462,26442,0.135594,0,1,278543,278081,462
32948821,63.6945,38.5736,492,26522,0.131119,0.01,1,278613,278121,492
32951741,52.7389,64.5147,471,26602,0.0342237,0.01,1,278663,278192,471
32954661,53.7478,52.1029,476,26682,0.0148447,0.01,1,278717,278241,476
32957581,69.9496,54.4206,495,26761,0.058969,0.03,1,278791,278296,495
32960501,58.7899,69.2841,478,26840,0.0997938,0.03,1,278847,278369,478
32963421,13.358,57.0568,426,26919,0.107959,0.13,1,278849,278423,426
32966341,51.4716,57.8114,429,26998,0.109592,0.17,1,278910,278481,429
32969261,27.0943,28.3623,429,27076,0.0939184,0.13,1,278931,278502,429
32972181,35.8189,38.4725,426,27154,0.138784,0.13,1,278969,278543,426
32975101,64.7638,63.6945,428,27232,0.0837567,0.01,1,279041,278613,428
32978021,48.1528,52.7389,422,27310,0.0407513,0.01,1,279085,278663,422
32980941,53.6306,53.7478,423,27388,0.00815027,0.07,1,279140,278717,423
32983861,72.3261,69.9496,426,27465,0.0256301,0.11,1,279217,278791,426
32986781,60.8652,58.7899,428,27542,0.045126,0.11,1,279275,278847,428
32989701,13.773,13.358,428,27619,0.0490252,0.11,1,279277,278849,428
32992621,49.1546,51.4716,425,27696,0.049805,0.09,1,279335,278910,425
32995541,27.4309,27.0943,426,27772,0.033961,0.15,1,279357,278931,426
32998461,36.6862,35.8189,427,27848,0.0947922,0.07,1,279396,278969,427
33001381,62.5372,64.7638,424,27924,0.106958,0.03,1,279465,279041,424
33004301,46.1074,48.1528,422,28000,0.125392,0,1,279507,279085,422
33007221,53.2215,53.6306,422,28076,0.0650783,0.03,1,279562,279140,422
33010141,72.2443,72.3261,422,28151,0.0530157,0.05,1,279639,279217,422
33013061,60.8489,60.8652,422,28226,0.114603,0.05,1,279697,279275,422
33015981,13.7698,13.773,422,28301,0.126921,0.05,1,279699,279277,422
33018901,49.154,49.1546,422,28376,0.145384,0.05,1,279757,279335,422
33021821,29.0308,9.83092,446,28451,0.133077,0.03,1,279781,279335,446
33024741,37.0062,19.5662,463,28525,0.146615,0.11,1,279820,279357,463
33027661,62.6012,35.1132,493,28599,0.181323,0.11,1,279889,279396,493
33030581,46.9202,62.2226,467,28673,0.236265,0.13,1,279932,279465,467
33033501,50.184,46.0445,476,28747,0.295253,0.05,1,279983,279507,476
33036421,72.4368,53.2089,499,28821,0.211051,0.05,1,280061,279562,499
33039341,64.0874,72.2418,484,28894,0.17821,0.13,1,280123,279639,484
33042261,14.4175,60.8484,428,28967,0.171642,0.13,1,280125,279697,428
33045181,49.2835,13.7697,484,29040,0.202328,0.15,1,280183,279699,484
33048101,31.4567,49.1539,453,29113,0.224466,0.13,1,280210,279757,453
33051021,36.6913,29.0308,467,29186,0.228893,0.15,1,280248,279781,467
33053941,64.1383,37.0062,499,29259,0.309779,0.19,1,280319,279820,499
33056861,49.6277,62.6012,476,29331,0.325956,0.25,1,280365,279889,476
33059781,51.5255,46.9202,485,29403,0.393191,0.31,1,280417,279932,485
33062701,70.3051,50.184,509,29475,0.406638,0.19,1,280492,279983,509
33065621,63.661,72.4368,493,29547,0.473328,0.17,1,280554,280061,493
33068541,14.3322,64.0874,433,29619,0.486666,0.17,1,280556,280123,433
33071461,49.2664,14.4175,489,29690,0.537333,0.21,1,280614,280125,489
33074381,32.2533,49.2835,459,29761,0.579467,0.23,1,280642,280183,459
33077301,38.4507,31.4567,472,29832,0.587893,0.23,1,280682,280210,472
33080221,9.29013,36.6913,436,29903,0.589579,0.33,1,280684,280248,436
33083141,60.258,64.1383,438,29974,0.605916,0.33,1,280757,280319,438
33086061,48.8516,49.6277,438,30045,0.593183,0.41,1,280803,280365,438
33088981,55.3703,51.5255,443,30115,0.542637,0.41,1,280860,280417,443
33091901,71.8741,70.3051,444,30185,0.532527,0.49,1,280936,280492,444
33094821,66.3748,63.661,447,30255,0.562505,0.49,1,281001,280554,447
33097741,14.875,14.3322,447,30325,0.568501,0.55,1,281003,280556,447
33100661,50.975,49.2664,449,30395,0.6017,0.59,1,281063,280614,449
33103581,34.195,32.2533,451,30465,0.60834,0.59,1,281093,280642,451
33106501,37.239,38.4507,449,30534,0.609668,0.59,1,281131,280682,449
33109421,9.0478,9.29013,449,30603,0.609934,0.61,1,281133,280684,449
33112341,61.0096,60.258,450,30672,0.641987,0.59,1,281207,280757,450
33115261,49.8019,48.8516,451,30741,0.664397,0.53,1,281254,280803,451
33118181,51.5604,55.3703,446,30810,0.684879,0.53,1,281306,280860,446
33121101,73.5121,71.8741,449,30879,0.752976,0.57,2,281385,280936,449
33124021,65.9024,66.3748,448,30948,0.766595,0.57,2,281449,281001,448
33126941,14.7805,14.875,448,31016,0.769319,0.61,2,281451,281003,448
33129861,52.5561,50.975,450,31084,0.801864,0.61,2,281513,281063,450
33132781,34.5112,34.195,450,31152,0.824373,0.61,2,281543,281093,450
33135701,37.3022,37.239,450,31220,0.812875,0.61,2,281581,281131,450
33138621,9.06045,9.0478,450,31288,0.842575,0.61,2,281583,281133,450
33141541,63.4121,1.80956,527,31356,0.864515,0.65,2,281660,281133,527
33144461,50.2824,59.5619,500,31423,0.916903,0.67,2,281707,281207,500
33147381,51.6565,49.5124,505,31490,0.895381,0.69,2,281759,281254,505
33532821,33,38,488,39372,0.67,1,1,287294,286806,488
33535741,37,34.8,492,39426,0.478,1,1,287332,286840,492
33538661,19.4,21.36,489,39480,0.4876,1,1,287347,286858,489
33541581,37.48,28.272,501,39533,0.34552,1,1,287389,286888,501
33544501,32.296,34.4544,496,39586,0.205104,1,1,287420,286924,496
33547421,28.8592,33.2909,491,39639,0.0650208,1,1,287448,286957,491
33550341,55.3718,58.6582,488,39692,0.0370042,1,1,287510,287022,488
33553261,35.0744,41.3316,481,39745,0.0154008,1,1,287540,287059,481
33556181,31.0149,38.6663,473,39798,0.0110802,0.98,1,287570,287097,473
33559101,37.403,46.9333,463,39851,0.010216,0.93,1,287609,287146,463
33562021,35.4806,38.1867,462,39904,0.0260432,0.78,1,287644,287182,462
33564941,43.0961,42.8373,463,39957,0.0292086,0.65,1,287689,287226,463
33567861,31.8192,36.5675,457,40010,0.0298417,0.67,1,287718,287261,457
33570781,28.7638,33.7135,452,40063,0.0459683,0.67,1,287746,287294,452
33573701,30.5528,6.7427,483,40116,0.0651937,0.43,1,287777,287294,483
33576621,14.9106,31.7485,456,40169,0.0530387,0.49,1,287788,287332,456
33579541,27.7821,18.3497,472,40222,0.0666077,0.31,1,287819,287347,472
33582461,26.3564,37.2699,456,40274,0.0533215,0.17,1,287845,287389,456
33585381,24.4713,32.254,449,40326,0.0986643,0.03,1,287869,287420,449
33588301,57.6943,28.8508,487,40378,0.0597329,0.03,1,287935,287448,487
33591221,35.5389,55.3702,455,40430,0.0679466,0.01,1,287965,287510,455
33594141,27.9078,35.074,451,40482,0.0375893,0.01,1,287991,287540,451
33597061,36.7816,31.0148,460,40534,0.0315179,0.01,1,288030,287570,460
33599981,35.3563,37.403,456,40586,0.0623036,0.03,1,288065,287609,456
33602901,43.0713,35.4806,466,40638,0.0524607,0.03,1,288110,287644,466
33605821,32.6143,43.0961,451,40690,0.0664921,0.03,1,288140,287689,451
33608741,28.9228,31.8192,450,40742,0.0532984,0.05,1,288168,287718,450
33611661,30.5846,28.7638,453,40794,0.0346597,0.07,1,288199,287746,453
33614581,16.5169,30.5528,435,40846,0.0469319,0.05,1,288212,287777,435
33617501,26.5034,14.9106,453,40898,0.113386,0.07,1,288241,287788,453
33620421,26.9007,27.7821,449,40950,0.110677,0.05,1,288268,287819,449
33623341,22.9801,26.3564,445,41002,0.126135,0.11,1,288290,287845,445
33626261,58.996,24.4713,489,41053,0.0652271,0.05,1,288358,287869,489
33629181,35.7992,57.6943,453,41104,0.0370454,0.07,1,288388,287935,453
33632101,26.3598,35.5389,447,41155,0.0154091,0.03,1,288412,287965,447
33635021,36.472,27.9078,460,41206,0.0270818,0.03,1,288451,287991,460
33637941,35.2944,36.7816,456,41257,0.0294164,0.07,1,288486,288030,456
33640861,43.8589,35.3563,467,41308,0.0778833,0.05,1,288532,288065,467
33643781,32.7718,43.0713,452,41359,0.0395767,0.07,1,288562,288110,452
33646701,29.7544,32.6143,451,41410,0.0319153,0.05,1,288591,288140,451
33649621,29.9509,28.9228,453,41461,0.0303831,0.03,1,288621,288168,453
33652541,17.9902,30.5846,437,41512,0.0140766,0.05,1,288636,288199,437
33655461,5.19803,16.5169,426,41563,0.0108153,0.13,1,288638,288212,426
33658381,25.8396,26.5034,428,41614,0.0901631,0.11,1,288669,288241,428
33661301,26.7679,26.9007,428,41665,0.122033,0.13,1,288696,288268,428
33664221,24.5536,22.9801,430,41716,0.0964065,0.05,1,288720,288290,430
33667141,55.3107,58.996,425,41767,0.0592813,0.03,1,288783,288358,425
33670061,33.4621,35.7992,423,41818,0.0678563,0.01,1,288811,288388,423
33672981,25.0924,26.3598,422,41868,0.0215713,0.03,1,288834,288412,422
33675901,36.2185,36.472,422,41918,0.0283143,0.03,1,288873,288451,422
33678821,35.2437,35.2944,422,41968,0.0296628,0.09,1,288908,288486,422
33681741,45.4487,43.8589,424,42018,0.0779326,0.03,1,288956,288532,424
33684661,33.0897,32.7718,424,42068,0.0875865,0.03,1,288986,288562,424
33687581,29.0179,29.7544,423,42118,0.121517,0.03,1,289014,288591,423
33690501,29.8036,29.9509,423,42168,0.0643035,0.01,1,289044,288621,423
33693421,17.9607,17.9902,423,42218,0.0848607,0.01,1,289059,288636,423
33696341,5.19214,5.19803,423,42268,0.0569721,0.11,1,289061,288638,423
33699261,28.2384,25.8396,426,42318,0.0673944,0.13,1,289095,288669,426
33702181,27.2477,26.7679,426,42368,0.0694789,0.09,1,289122,288696,426
33705101,24.6495,24.5536,426,42418,0.0698958,0.05,1,289146,288720,426
33708021,52.1299,55.3107,422,42468,0.0699792,0.07,1,289205,288783,422
33710941,33.626,33.4621,423,42518,0.117996,0.01,1,289234,288811,423
33713861,24.3252,25.0924,422,42568,0.127599,0.03,1,289256,288834,422
33716781,36.065,36.2185,422,42618,0.0815198,0.03,1,289295,288873,422
33719701,35.213,35.2437,422,42668,0.040304,0.09,1,289330,288908,422
33722621,48.6426,45.4487,426,42717,0.0160608,0.09,1,289382,288956,426
33725541,33.7285,33.0897,426,42766,0.0272122,0.13,1,289412,288986,426
33728461,29.1457,29.0179,426,42815,0.0294424,0.05,1,289440,289014,426
33731381,28.2291,29.8036,424,42864,0.0778885,0.09,1,289468,289044,424
33734301,16.8458,17.9607,423,42913,0.0555777,0.05,1,289482,289059,423
33737221,4.96917,5.19214,423,42962,0.0511155,0.07,1,289484,289061,423
33740141,28.1938,28.2384,423,43011,0.0742231,0.07,1,289518,289095,423
33743061,28.0388,5.64769,451,43060,0.102845,0.07,1,289546,289095,451
33745981,24.8078,22.7295,448,43109,0.124569,0.07,1,289570,289122,448
33748901,52.1616,23.7459,483,43158,0.144914,0.07,1,289629,289146,483
33751821,34.4323,51.9492,454,43207,0.148983,0.13,1,289659,289205,454
33754741,22.8865,33.5898,445,43256,0.149797,0.13,1,289679,289234,445
33757661,34.1773,24.318,460,43305,0.213959,0.07,1,289716,289256,460
33760581,34.8355,36.0636,456,43354,0.178792,0.03,1,289751,289295,456
33763501,49.3671,35.2127,474,43403,0.0437584,0.01,1,289804,289330,474
33766421,33.8734,48.6425,452,43452,0.0327517,0.03,1,289834,289382,452
33769341,29.9747,33.7285,451,43501,0.0145503,0.03,1,289863,289412,451
33772261,28.3949,29.1457,451,43550,0.0429101,0.09,1,289891,289440,451
33775181,16.879,28.2291,437,43598,0.064582,0.05,1,289905,289468,437
33778101,4.9758,16.8458,425,43646,0.0689164,0.05,1,289907,289482,425
33781021,29.7952,4.96917,459,43694,0.0697833,0.08,1,289943,289484,459
33783941,29.959,28.1938,455,43742,0.101957,0.11,1,289973,289518,455
33786861,25.1918,28.0388,451,43790,0.124391,0.13,1,289997,289546,451
33789781,53.0384,24.8078,487,43838,0.144878,0.15,1,290057,289570,487
33792701,34.6077,52.1616,458,43886,0.148976,0.15,1,290087,289629,458
33795621,22.9215,34.4323,448,43934,0.149795,0.15,1,290107,289659,448
33798541,36.5843,22.8865,468,43982,0.133959,0.23,1,290147,289679,468
33801461,30.5169,34.1773,460,44030,0.178792,0.17,1,290176,289716,460
33804381,46.1034,34.8355,475,44078,0.171758,0.01,1,290226,289751,475
33807301,33.2207,49.3671,452,44126,0.138352,0.03,1,290256,289804,452
33810221,29.0441,33.8734,450,44174,0.13167,0.01,1,290284,289834,450
33813141,30.6088,29.9747,452,44222,0.162334,0.05,1,290315,289863,452
33816061,18.1218,28.3949,439,44270,0.200467,0.07,1,290330,289891,439
33818981,5.22435,16.879,427,44318,0.208093,0.07,1,290332,289905,427
33821901,29.0449,4.9758,460,44366,0.225619,0.07,1,290367,289907,460
33824821,31.409,29.7952,456,44414,0.229124,0.11,1,290399,289943,456
33827741,26.2818,29.959,451,44461,0.245825,0.13,1,290424,289973,451
33830661,6.85636,25.1918,429,44508,0.249165,0.15,1,290426,289997,429
33833581,49.3713,53.0384,429,44555,0.297833,0.15,1,290486,290057,429
33836501,33.8743,34.6077,429,44602,0.307567,0.15,1,290516,290087,429
33839421,22.7749,22.9215,429,44649,0.325513,0.13,1,290536,290107,429
33842341,35.755,36.5843,428,44696,0.361103,0.19,1,290575,290147,428
33845261,32.751,30.5169,431,44743,0.368221,0.17,1,290607,290176,431
33848181,44.1502,46.1034,428,44790,0.401644,0.13,1,290654,290226,428
33851101,32.83,33.2207,428,44837,0.408329,0.13,1,290684,290256,428
33854021,28.966,29.0441,428,44884,0.409666,0.17,1,290712,290284,428
33856941,32.9932,30.6088,431,44931,0.425933,0.21,1,290746,290315,431
33859861,19.3986,18.1218,432,44978,0.429187,0.21,1,290762,290330,432
33862781,5.47973,5.22435,432,45025,0.429837,0.23,1,290764,290332,432
33865701,29.8959,29.0449,433,45072,0.493967,0.23,1,290800,290367,433
33868621,31.5792,31.409,433,45119,0.474794,0.25,1,290832,290399,433
33871541,27.9158,26.2818,435,45166,0.502959,0.25,1,290859,290424,435
33874461,7.18317,6.85636,435,45213,0.508592,0.31,1,290861,290426,435
33877381,51.0366,49.3713,437,45260,0.509718,0.31,1,290923,290486,437
33880301,35.0073,33.8743,438,45307,0.525944,0.33,1,290954,290516,438
33883221,23.0015,22.7749,438,45354,0.513189,0.37,1,290974,290536,438
33886141,37.4003,35.755,440,45400,0.558638,0.37,1,291015,290575,440
33889061,31.4801,32.751,438,45446,0.567728,0.41,1,291045,290607,438
33891981,45.496,44.1502,440,45492,0.601546,0.41,1,291094,290654,440
33894901,33.0992,32.83,440,45538,0.624309,0.41,1,291124,290684,440
33897821,29.0198,28.966,440,45584,0.628862,0.43,1,291152,290712,440
33900741,35.404,32.9932,443,45630,0.629772,0.43,1,291189,290746,443
33903661,20.6808,19.3986,444,45676,0.645954,0.43,1,291206,290762,444
33906581,5.73616,5.47973,444,45722,0.649191,0.51,1,291208,290764,444
33909501,30.7472,29.8959,445,45768,0.617838,0.47,1,291245,290800,445
33912421,31.7494,31.5792,445,45814,0.643568,0.51,1,291277,290832,445
33915341,27.9499,27.9158,445,45860,0.632714,0.51,1,291304,290859,445
33918261,7.18998,7.18317,445,45906,0.630543,0.51,1,291306,290861,445
33921181,51.838,1.43663,508,45952,0.614109,0.51,1,291369,290861,508
33924101,34.3676,49.8873,476,45998,0.610822,0.53,1,291399,290923,476
33927021,23.6735,34.7775,466,46044,0.594164,0.51,1,291420,290954,466
33929941,38.3347,22.9555,488,46090,0.606833,0.57,1,291462,290974,488
33932861,32.4669,37.3911,478,46136,0.609367,0.57,1,291493,291015,478
33935781,48.8934,31.4782,501,46182,0.657873,0.61,1,291546,291045,501
33938701,33.7787,45.4956,482,46228,0.731575,0.63,1,291576,291094,482
33941621,29.1557,33.0991,480,46274,0.746315,0.63,1,291604,291124,480
33944541,35.4311,29.0198,489,46320,0.733263,0.63,1,291641,291152,489
33947461,19.8862,35.404,468,46366,0.730653,0.65,1,291657,291189,468
33950381,5.57725,20.6808,453,46411,0.730131,0.65,1,291659,291206,453
33953301,30.7154,5.73616,488,46456,0.730026,0.61,1,291696,291208,488
33956221,31.7431,30.7472,483,46501,0.730005,0.65,1,291728,291245,483
33959141,27.1486,31.7494,477,46546,0.746001,0.63,1,291754,291277,477
33962061,7.02972,27.9499,452,46591,0.7492,0.63,1,291756,291304,452
33964981,52.6059,7.18998,514,46636,0.79784,0.61,2,291820,291306,514
33967901,34.5212,51.838,481,46681,0.807568,0.61,2,291850,291369,481
33970821,23.7042,34.3676,472,46726,0.857514,0.59,2,291871,291399,472
33973741,38.3408,23.6735,493,46771,0.867503,0.61,2,291913,291420,493
33976661,32.4682,38.3347,482,46816,0.885501,0.61,2,291944,291462,482
33979581,52.8936,32.4669,509,46861,0.8571,0.67,2,292002,291493,509
33982501,36.1787,48.8934,488,46906,0.86742,0.75,2,292034,291546,488
33985421,29.6357,33.7787,486,46951,0.901484,0.75,2,292062,291576,486
33988341,34.7271,29.1557,494,46996,0.908297,0.73,2,292098,291604,494
33991261,19.7454,35.4311,473,47041,0.925659,0.73,2,292114,291641,473
33994181,5.54909,19.8862,459,47086,0.929132,0.73,2,292116,291657,459
33997101,30.7098,5.57725,494,47131,0.913826,0.73,2,292153,291659,494
34000021,31.742,30.7154,489,47176,0.910765,0.73,2,292185,291696,489
34002941,27.9484,31.7431,484,47221,0.942153,0.75,2,292212,291728,484
34005861,7.18968,27.1486,460,47266,0.948431,0.75,2,292214,291754,460
34195661,59,60,466,22724,0.09,0.51,1,294223,293757,466
34198581,67.8,65.6,469,22817,0.106,0.21,1,294293,293824,469
34201501,53.56,67.52,451,22910,0.1732,0.05,1,294343,293892,451
34204421,91.512,71.104,480,23003,0.07464,0.07,1,294444,293964,480
34207341,63.9024,85.4208,448,23095,0.038928,0.11,1,294501,294053,448
34210261,55.9805,61.0842,447,23187,0.0797856,0.03,1,294555,294108,447
34213181,27.1961,33.0168,441,23278,0.0399571,0.07,1,294575,294134,441
34216101,63.8392,30.6034,484,23369,0.0799914,0.09,1,294648,294164,484
34219021,69.5678,53.3207,496,23460,0.167998,0.11,1,294719,294223,496
34221941,55.5136,66.6641,478,23550,0.1856,0.19,1,294771,294293,478
34224861,87.1027,53.3328,523,23640,0.14112,0.05,1,294866,294343,523
34227781,63.0205,91.4666,479,23730,0.116224,0.03,1,294923,294444,479
34230701,55.0041,63.8933,475,23819,0.0792448,0.09,1,294976,294501,475
34233621,27.8008,55.9787,442,23908,0.071849,0.03,1,294997,294555,442
34236541,7.16016,27.1957,424,23997,0.0703698,0.09,1,294999,294575,424
34239461,61.432,63.8391,426,24085,0.118074,0.19,1,295074,294648,426
34242381,73.0864,69.5678,431,24173,0.0796148,0.19,1,295150,294719,431
34245301,56.2173,55.5136,431,24261,0.071923,0.13,1,295202,294771,431
34248221,84.8435,87.1027,428,24348,0.0703846,0.11,1,295294,294866,428
34251141,61.7687,63.0205,427,24435,0.118077,0.07,1,295350,294923,427
34254061,53.9537,55.0041,426,24522,0.111615,0.07,1,295402,294976,426
34256981,27.5907,27.8008,426,24608,0.126323,0.07,1,295423,294997,426
34259901,7.11815,7.16016,426,24694,0.129265,0.13,1,295425,294999,426
34262821,61.4236,61.432,426,24780,0.177853,0.07,1,295500,295074,426
34265741,70.6847,73.0864,423,24866,0.187571,0.07,1,295573,295150,423
34268661,55.7369,56.2173,423,24951,0.189514,0.07,1,295625,295202,423
34271581,86.3474,84.8435,425,25036,0.253903,0.13,1,295719,295294,425
34274501,62.8695,61.7687,426,25121,0.314781,0.11,1,295776,295350,426
34277421,54.9739,53.9537,427,25205,0.326956,0.13,1,295829,295402,427
34280341,28.5948,27.5907,428,25289,0.329391,0.13,1,295851,295423,428
34283261,7.31896,7.11815,428,25373,0.297878,0.19,1,295853,295425,428
34286181,62.2638,61.4236,429,25457,0.371576,0.19,1,295929,295500,429
34289101,70.0528,12.2847,501,25540,0.402315,0.19,1,296001,295500,501
34292021,57.2106,60.8569,482,25623,0.456463,0.19,1,296055,295573,482
34294941,88.2421,53.7714,526,25706,0.547293,0.27,1,296151,295625,526
34297861,66.4484,85.9543,493,25788,0.549459,0.33,1,296212,295719,493
34300781,54.8897,62.7909,488,25870,0.565892,0.33,1,296264,295776,488
34303701,28.5779,54.9582,457,25952,0.569178,0.33,1,296286,295829,457
34306621,7.31559,28.5916,437,26034,0.569836,0.29,1,296288,295851,437
34309541,66.2631,7.31833,516,26115,0.585967,0.39,1,296369,295853,516
34312461,71.6526,62.2637,513,26196,0.637193,0.41,1,296442,295929,513
34315381,59.9305,70.0527,498,26277,0.679439,0.47,1,296499,296001,498
34318301,92.7861,57.2105,545,26358,0.751888,0.57,2,296600,296055,545
34321221,66.5572,88.2421,509,26438,0.798378,0.55,2,296660,296151,509
34324141,55.7114,66.4484,501,26518,0.807676,0.57,2,296713,296212,501
34327061,28.7423,54.8897,471,26598,0.825535,0.57,2,296735,296264,471
34329981,7.34846,28.5779,451,26678,0.829107,0.57,2,296737,296286,451
34332901,67.0697,7.31559,531,26757,0.813821,0.59,2,296819,296288,531
34335821,74.2139,66.2631,526,26836,0.842764,0.65,2,296895,296369,526
34338741,62.0428,71.6526,512,26915,0.848553,0.69,2,296954,296442,512
34341661,14.0086,59.9305,457,26994,0.849711,0.77,2,296956,296499,457
34344581,86.0017,92.7861,460,27072,0.849942,0.81,2,297060,296600,460
34347501,67.6003,66.5572,463,27150,0.865988,0.81,2,297123,296660,463
34350421,55.1201,55.7114,462,27228,0.869198,0.83,2,297175,296713,462
34353341,29.424,28.7423,463,27306,0.901839,0.83,2,297198,296735,463
34356261,7.4848,7.34846,463,27384,0.940368,0.81,2,297200,296737,463
34709581,33,26,517,35530,0.75,1,2,302937,302420,517
34712501,33,43.6,502,35589,0.782,1,2,302970,302468,502
34715421,34.6,32.72,507,35648,0.7244,1,1,303005,302498,507
34718341,8.52,26.544,484,35707,0.74488,1,1,303007,302523,484
34721261,37.704,29.3088,499,35766,0.668976,1,1,303052,302553,499
34724181,99.5408,101.862,494,35825,0.653795,1,1,303167,302673,494
34727101,47.1082,44.3724,498,35884,0.698759,0.94,1,303201,302703,498
34730021,51.0216,68.0745,476,35943,0.707752,1,1,303253,302777,476
34732941,30.2043,35.2149,474,36002,0.69355,0.99,1,303278,302804,474
34735861,27.6409,34.243,467,36061,0.70671,0.92,1,303305,302838,467
34738781,25.5282,29.2486,464,36120,0.725342,0.87,1,303330,302866,464
34741701,36.3056,36.2497,465,36179,0.761068,0.75,2,303369,302904,465
34744621,28.8611,33.6499,459,36237,0.768214,0.79,2,303396,302937,459
34747541,33.7722,33.13,461,36295,0.753643,0.71,2,303431,302970,461
34750461,33.1544,34.626,459,36353,0.766729,0.75,2,303464,303005,459
34753381,8.23089,8.5252,459,36411,0.769346,0.65,2,303466,303007,459
34756301,33.6462,37.705,454,36469,0.785869,0.65,2,303506,303052,454
34759221,101.129,99.541,457,36527,0.757174,0.71,2,303624,303167,457
34762141,45.8258,47.1082,455,36585,0.767435,0.71,2,303656,303201,455
34765061,52.3652,51.0216,457,36643,0.769487,0.69,2,303710,303253,457
34767981,28.073,30.2043,454,36701,0.817897,0.71,2,303732,303278,454
34770901,29.6146,27.6409,457,36759,0.843579,0.73,2,303762,303305,457
34773821,25.1229,25.5282,456,36816,0.864716,0.77,2,303786,303330,456
34776741,37.8246,36.3056,458,36873,0.884943,0.77,2,303827,303369,458
34779661,29.1649,28.8611,458,36930,0.904989,0.75,2,303854,303396,458
34782581,33.033,33.7722,457,36987,0.908998,0.77,2,303888,303431,457
34785501,34.6066,33.1544,459,37044,0.8938,0.77,2,303923,303464,459
34788421,8.52132,8.23089,459,37101,0.89076,0.79,2,303925,303466,459
34791341,33.7043,33.6462,459,37158,0.906152,0.79,2,303965,303506,459
34981141,37,91,508,40687,0.71,1,1,306501,305993,508
34984061,50.6,51,521,40739,0.662,1,1,306555,306034,521
34986981,29.32,36.6,512,40791,0.5884,1,1,306579,306067,512
34989901,35.464,35.32,514,40843,0.55768,1,1,306616,306102,514
34992821,25.4928,24.664,515,40895,0.503536,1,1,306639,306124,515
34995741,35.4986,32.9328,518,40947,0.428707,1,1,306677,306159,518
34998661,23.0997,35.3866,502,40999,0.461741,1,1,306697,306195,502
35001581,31.0199,29.4773,507,41050,0.324348,1,1,306730,306223,507
35004501,38.204,29.8955,517,41101,0.31287,1,1,306770,306253,517
35007421,35.6408,36.3791,514,41152,0.326574,0.86,1,306805,306291,514
35010341,28.7282,38.4758,502,41203,0.329315,0.99,1,306832,306330,502
35013261,31.3456,33.2952,502,41254,0.345863,0.9,1,306864,306362,502
35016181,52.6691,36.259,523,41305,0.333173,0.77,1,306922,306399,523
35019101,36.9338,59.2518,491,41356,0.346635,0.71,1,306955,306464,491
35022021,48.1868,41.4504,505,41407,0.365327,0.65,1,307006,306501,505
35024941,27.2374,51.4901,473,41458,0.337065,0.57,1,307028,306555,473
35027861,30.2475,29.498,480,41509,0.347413,0.55,1,307059,306579,480
35030781,7.64949,35.4996,445,41560,0.349483,0.49,1,307061,306616,445
35033701,19.9299,25.4999,445,41611,0.413897,0.41,1,307084,306639,445
35036621,31.986,35.5,442,41662,0.458779,0.47,1,307119,306677,442
35039541,19.1972,23.1,438,41713,0.435756,0.29,1,307135,306697,438
35042461,28.6394,31.02,436,41764,0.383151,0.31,1,307166,306730,436
35045381,38.5279,38.204,437,41815,0.48463,0.33,1,307207,306770,437
35048301,37.3056,35.6408,439,41865,0.456926,0.33,1,307244,306805,439
35051221,26.6611,28.7282,436,41915,0.515385,0.35,1,307268,306832,436
35054141,34.9322,31.3456,441,41965,0.543077,0.33,1,307305,306864,441
35057061,52.5864,52.6691,440,42015,0.532615,0.35,1,307362,306922,440
35059981,34.5173,36.9338,437,42065,0.498523,0.37,1,307392,306955,437
35062901,48.5035,48.1868,438,42115,0.523705,0.33,1,307444,307006,438
35065821,27.3007,27.2374,438,42165,0.560741,0.35,1,307466,307028,438
35068741,32.6601,30.2475,441,42215,0.552148,0.35,1,307500,307059,441
35071661,8.13203,7.64949,441,42265,0.55043,0.43,1,307502,307061,441
35074581,18.4264,19.9299,439,42315,0.566086,0.47,1,307523,307084,439
35077501,33.2853,31.986,441,42365,0.569217,0.43,1,307560,307119,441
35080421,19.4571,19.1972,441,42415,0.569843,0.37,1,307576,307135,441
35083341,28.6914,28.6394,441,42465,0.553969,0.51,1,307607,307166,441
35086261,41.7383,38.5279,445,42515,0.566794,0.45,1,307652,307207,445
35089181,38.7477,37.3056,446,42565,0.569359,0.53,1,307690,307244,446
35092101,26.9495,26.6611,446,42615,0.569872,0.55,1,307714,307268,446
35095021,35.7899,34.9322,447,42665,0.633974,0.53,1,307752,307305,447
35097941,51.958,52.5864,446,42714,0.662795,0.49,1,307808,307362,446
35100861,35.1916,34.5173,447,42763,0.700559,0.53,1,307839,307392,447
35103781,49.4383,48.5035,448,42812,0.692112,0.57,1,307892,307444,448
35106701,27.4877,27.3007,448,42861,0.706422,0.55,1,307914,307466,448
35109621,33.4975,32.6601,449,42910,0.773284,0.55,2,307949,307500,449
35112541,8.29951,8.13203,449,42959,0.754657,0.57,2,307951,307502,449
35115461,17.6599,18.4264,448,43008,0.782931,0.57,2,307971,307523,448
35118381,32.332,3.68528,484,43057,0.756586,0.57,2,308007,307523,484
35121301,19.2664,30.3371,463,43106,0.751317,0.57,2,308023,307560,463
35124221,27.8533,18.8674,477,43155,0.750263,0.55,2,308053,307576,477
35127141,42.3707,28.5735,492,43204,0.798053,0.57,2,308099,307607,492
35130061,40.4741,41.7147,487,43253,0.823611,0.57,2,308139,307652,487
35132981,28.0948,38.7429,474,43302,0.812722,0.57,2,308164,307690,474
35135901,38.419,26.9486,491,43351,0.858544,0.65,2,308205,307714,491
35138821,53.2838,35.7897,510,43400,0.851709,0.67,2,308262,307752,510
35141741,35.4568,51.9579,485,43449,0.866342,0.71,2,308293,307808,485
35144661,50.2914,35.1916,508,43498,0.869268,0.69,2,308347,307839,508
35147581,28.4583,49.4383,478,43547,0.885854,0.71,2,308370,307892,478
35150501,35.2917,27.4877,493,43595,0.921171,0.79,2,308407,307914,493
35153421,8.65833,33.4975,460,43643,0.928234,0.75,2,308409,307949,460
35156341,17.7317,8.29951,478,43691,0.929647,0.79,2,308429,307951,478
35159261,32.3463,17.6599,494,43739,0.929929,0.75,2,308465,307971,494
35162181,19.2693,32.332,474,43787,0.929986,0.75,2,308481,308007,474
35387021,29,16,547,47354,0.77,1,2,311043,310496,547
35389941,20.2,29.6,532,47399,0.754,1,2,311061,310529,532
35391401,18.44,35.52,513,47443,0.6548,1,1,311079,310566,513
35441041,387.688,443.904,447,21900,0.17096,0.41,1,311559,311112,447
35443961,151.138,143.181,471,21997,0.106192,0.25,1,311651,311180,471
35446881,92.6275,95.8362,465,22093,0.141238,0.17,1,311729,311264,465
35449801,83.3255,81.5672,468,22189,0.164248,0.07,1,311810,311342,468
35452721,54.2651,80.3134,435,22285,0.20085,0.03,1,311857,311422,435
35455641,65.253,60.0627,448,22380,0.24017,0.05,1,311925,311477,448
35458561,33.8506,42.4125,436,22475,0.216034,0.01,1,311951,311515,436
35461481,20.3701,19.6825,439,22569,0.195207,0.05,1,311968,311529,439
35464401,92.074,27.9365,519,22663,0.143041,0.09,1,312078,311559,519
35467321,84.0148,79.1873,509,22757,0.100608,0.15,1,312160,311651,509
35470241,80.803,78.2375,511,22850,0.156122,0.17,1,312240,311729,511
35473161,54.5606,80.4475,478,22943,0.215224,0.21,1,312288,311810,478
35476081,66.9121,53.6895,501,23035,0.243045,0.25,1,312358,311857,501
35479001,30.9824,65.1379,455,23127,0.264609,0.21,1,312380,311925,455
35481921,20.5965,33.8276,447,23219,0.268922,0.19,1,312398,311951,447
35484841,89.7193,20.3655,537,23310,0.317784,0.13,1,312505,311968,537
35487761,83.5439,92.0731,509,23401,0.359557,0.09,1,312587,312078,509
35490681,83.9088,84.0146,511,23492,0.447911,0.17,1,312671,312160,511
35493601,55.9818,80.8029,480,23582,0.481582,0.23,1,312720,312240,480
35496521,67.9963,54.5606,503,23672,0.488316,0.25,1,312791,312288,503
35499441,31.9993,66.9121,456,23762,0.473663,0.27,1,312814,312358,456
35502361,20.7999,30.9824,452,23851,0.470733,0.27,1,312832,312380,452
35505281,92.16,20.5965,544,23940,0.534147,0.33,1,312942,312398,544
35508201,20.032,89.7193,439,24029,0.546829,0.37,1,312944,312505,439
35511121,70.4064,83.5439,440,24117,0.549366,0.47,1,313027,312587,440
35514041,85.2813,83.9088,445,24205,0.597873,0.49,1,313116,312671,445
35516961,57.0563,55.9818,446,24293,0.671575,0.49,1,313166,312720,446
35519881,68.2112,67.9963,446,24380,0.670315,0.47,1,313237,312791,446
35522801,31.2422,31.9993,445,24467,0.670063,0.47,1,313259,312814,445
35525721,20.6485,20.7999,445,24554,0.702013,0.55,1,313277,312832,445
35528641,95.3297,92.16,449,24640,0.724403,0.55,1,313391,312942,449
35531561,20.6659,20.032,449,24726,0.728881,0.55,1,313393,312944,449
35534481,70.5332,70.4064,449,24812,0.713776,0.61,1,313476,313027,449
35537401,88.5066,85.2813,453,24897,0.774755,0.69,2,313569,313116,453
35540321,58.5013,57.0563,454,24982,0.834951,0.67,2,313620,313166,454
35543241,69.3003,68.2112,455,25067,0.87899,0.67,2,313692,313237,455
35546161,31.4601,31.2422,455,25152,0.855798,0.71,2,313714,313259,455
35549081,21.492,20.6485,456,25236,0.86716,0.73,2,313733,313277,456
35552001,96.2984,95.3297,457,25320,0.901432,0.73,2,313848,313391,457
35554921,20.8597,20.6659,457,25404,0.908286,0.71,2,313850,313393,457
35557841,70.5719,70.5332,457,25487,0.925657,0.71,2,313933,313476,457
35560761,90.9144,14.1066,553,25570,0.929131,0.79,2,314029,313476,553
35657121,65,66,485,28176,0.67,0.97,1,315845,315360,485
35660041,100.2,96.4,490,28251,0.526,1,1,315954,315464,490
35662961,35.24,46.48,475,28326,0.5452,1,1,315973,315498,475
35665881,31.848,34.096,475,28401,0.48504,1,1,316004,315529,475
35668801,46.3696,6.8192,525,28476,0.393008,1,1,316054,315529,525
35671721,35.6739,48.5638,499,28550,0.454602,1,1,316087,315588,499
35674641,29.5348,32.1128,499,28624,0.40292,0.93,1,316115,315616,499
35677561,84.307,30.4226,567,28698,0.392584,0.81,1,316213,315646,567
35680481,36.8614,92.4845,484,28772,0.374517,0.75,1,316238,315754,484
35683401,53.7723,39.2969,516,28846,0.418903,0.67,1,316296,315780,516
35686321,94.7545,59.8594,556,28919,0.427781,0.49,1,316401,315845,556
35689241,30.9509,99.1719,462,28992,0.445556,0.55,1,316416,315954,462
35692161,28.5902,35.0344,471,29065,0.481111,0.47,1,316444,315973,471
35695081,48.118,31.8069,493,29138,0.472222,0.37,1,316497,316004,493
35698001,32.8236,46.3614,472,29211,0.534444,0.47,1,316526,316054,472
35700921,29.7647,35.6723,468,29283,0.578889,0.39,1,316555,316087,468
35703841,84.3529,29.5345,538,29355,0.619778,0.39,1,316653,316115,538
35706761,36.8706,84.3069,465,29427,0.611956,0.37,1,316678,316213,465
35709681,55.3741,36.8614,500,29499,0.642391,0.43,1,316738,316238,500
35712601,95.0748,53.7723,547,29571,0.680478,0.43,1,316843,316296,547
35715521,31.815,94.7545,458,29643,0.688096,0.45,1,316859,316401,458
35718441,30.363,30.9509,473,29714,0.737619,0.49,1,316889,316416,473
35721361,47.6726,28.5902,497,29785,0.763524,0.47,2,316941,316444,497
35724281,11.1345,48.118,446,29856,0.768705,0.55,2,316943,316497,446
35727201,27.0269,32.8236,448,29927,0.785741,0.59,2,316974,316526,448
35730121,29.4054,29.7647,449,29998,0.805148,0.63,2,317004,316555,449
35733041,87.4811,84.3529,453,30069,0.88903,0.61,2,317106,316653,453
35735961,36.6962,36.8706,452,30139,0.873806,0.65,2,317130,316678,452
35738881,56.9392,55.3741,454,30209,0.886761,0.69,2,317192,316738,454
35741801,96.9878,95.0748,456,30279,0.905352,0.69,2,317299,316843,456
35744721,32.1976,31.815,456,30349,0.90907,0.75,2,317315,316859,456
35747641,33.6395,30.363,460,30419,0.909814,0.77,2,317349,316889,460
35896561,51,37,490,33783,0.43,1,1,319730,319240,490
35899481,35,22.6,502,33846,0.318,1,1,319761,319259,502
35902401,35.8,50.12,481,33908,0.2796,1,1,319797,319316,481
35905321,34.36,35.624,483,33970,0.25592,0.96,1,319831,319348,483
35908241,31.672,30.3248,485,34032,0.171184,1,1,319862,319377,485
35911161,25.5344,17.265,495,34094,0.0742368,0.98,1,319886,319391,495
35914081,33.1069,48.253,474,34156,0.0228474,0.92,1,319921,319447,474
35917001,33.8214,38.4506,472,34218,0.0285695,0.92,1,319955,319483,472
35919921,43.5643,7.69012,518,34280,0.0297139,1,1,320001,319483,518
35922841,37.5129,41.538,504,34342,0.0939428,0.92,1,320037,319533,504
35925761,78.7026,38.7076,555,34404,0.0907886,0.53,1,320126,319571,555
35928681,52.5405,94.1415,493,34465,0.122158,0.43,1,320172,319679,493
35931601,32.9081,59.6283,470,34526,0.160432,0.29,1,320200,319730,470
35934521,32.9816,36.7257,472,34587,0.200086,0.27,1,320233,319761,472
35937441,29.7963,36.1451,465,34648,0.208017,0.25,1,320262,319797,465
35940361,25.9593,34.429,456,34709,0.193603,0.15,1,320287,319831,456
35943281,21.9919,31.6858,446,34770,0.174721,0.05,1,320308,319862,446
35946201,31.5984,25.5372,456,34831,0.170944,0.01,1,320342,319886,456
35949121,33.5197,33.1074,455,34892,0.0741888,0.03,1,320376,319921,455
35952041,45.9039,33.8215,470,34953,0.0148378,0.03,1,320425,319955,470
35954961,39.5808,43.5643,462,35013,0.0429676,0.11,1,320463,320001,462
35957881,78.3162,37.5129,514,35073,0.112594,0.09,1,320551,320037,514
35960801,53.2632,78.7026,472,35133,0.158519,0.13,1,320598,320126,472
35963721,35.4526,52.5405,457,35193,0.183704,0.17,1,320629,320172,457
35966641,34.2905,32.9081,463,35253,0.188741,0.21,1,320663,320200,463
35969561,30.8581,32.9816,460,35313,0.189748,0.21,1,320693,320233,460
35972481,23.7716,29.7963,453,35373,0.18995,0.19,1,320715,320262,453
35975401,23.9543,25.9593,452,35433,0.20599,0.17,1,320739,320287,452
35978321,28.7909,21.9919,461,35493,0.225198,0.17,1,320769,320308,461
35981241,30.5582,31.5984,458,35553,0.21304,0.05,1,320800,320342,458
35984161,46.1116,33.5197,474,35612,0.146608,0,1,320850,320376,474
35987081,38.0223,45.9039,461,35671,0.165322,0.05,1,320886,320425,461
35990001,9.20447,39.5808,425,35730,0.169064,0.13,1,320888,320463,425
35992921,74.6409,78.3162,428,35789,0.185813,0.17,1,320979,320551,428
35995841,54.1282,53.2632,430,35848,0.237163,0.19,1,321028,320598,430
35998761,36.4256,35.4526,431,35907,0.279433,0.19,1,321060,320629,431
36001681,34.4851,34.2905,431,35966,0.335887,0.19,1,321094,320663,431
36004601,30.897,30.8581,431,36025,0.379177,0.19,1,321124,320693,431
36007521,23.7794,23.7716,431,36084,0.387835,0.21,1,321146,320715,431
36010441,24.7559,23.9543,432,36143,0.437567,0.23,1,321171,320739,432
36013361,29.7512,28.7909,433,36201,0.431513,0.21,1,321202,320769,433
36016281,31.5502,30.5582,434,36259,0.430303,0.13,1,321234,320800,434
36019201,41.51,46.1116,428,36317,0.446061,0.17,1,321278,320850,428
36022121,39.502,38.0223,431,36375,0.481212,0.17,1,321317,320886,431
36025041,9.5004,9.20447,431,36433,0.488242,0.19,1,321319,320888,431
36027961,75.5001,74.6409,432,36491,0.489648,0.25,1,321411,320979,432
36030881,56.7,54.1282,435,36549,0.52193,0.29,1,321463,321028,435
36033801,38.54,36.4256,437,36607,0.496386,0.35,1,321497,321060,437
36036721,36.508,34.4851,439,36665,0.459277,0.39,1,321533,321094,439
36039641,32.9016,30.897,441,36723,0.499855,0.39,1,321565,321124,441
36042561,24.1803,23.7794,441,36781,0.507971,0.45,1,321587,321146,441
36045481,25.6361,24.7559,442,36838,0.477594,0.43,1,321613,321171,442
36048401,29.1272,29.7512,441,36895,0.503519,0.43,1,321643,321202,441
36051321,31.4254,31.5502,441,36952,0.524704,0.45,1,321675,321234,441
36054241,42.2851,41.51,442,37009,0.496941,0.49,1,321720,321278,442
36057161,41.257,39.502,444,37066,0.507388,0.49,1,321761,321317,444
36060081,9.8514,9.5004,444,37123,0.509478,0.49,1,321763,321319,444
36063001,75.5703,75.5001,444,37180,0.541896,0.49,1,321855,321411,444
36065921,57.5141,15.1,497,37237,0.548379,0.53,1,321908,321411,497
36068841,38.7028,44.62,479,37294,0.581676,0.49,1,321942,321463,479
36071761,34.9406,36.124,479,37351,0.604335,0.45,1,321976,321497,479
36074681,33.3881,36.0248,476,37408,0.608867,0.51,1,322009,321533,476
36077601,24.2776,32.805,466,37464,0.625773,0.51,1,322031,321565,466
36080521,25.6555,24.161,470,37520,0.645155,0.47,1,322057,321587,470
36083441,29.9311,25.6322,475,37576,0.633031,0.51,1,322088,321613,475
36086361,31.5862,29.1264,477,37632,0.678606,0.53,1,322120,321643,477
36089281,42.3172,31.4253,490,37688,0.719721,0.49,1,322165,321675,490
36092201,40.4634,42.2851,485,37744,0.727944,0.51,1,322205,321720,485
36095121,9.69269,41.257,446,37800,0.729589,0.51,1,322207,321761,446
36098041,77.1385,9.8514,538,37856,0.729918,0.55,1,322301,321763,538
36100961,59.4277,75.5703,501,37912,0.713984,0.55,1,322356,321855,501
36103881,41.4855,57.5141,485,37968,0.790797,0.59,2,322393,321908,485
36106801,36.2971,38.7028,486,38024,0.790159,0.61,2,322428,321942,486
36109721,32.8594,34.9406,484,38080,0.758032,0.61,2,322460,321976,484
36112641,25.7719,33.3881,475,38135,0.719606,0.63,1,322484,322009,475
36115561,25.9544,24.2776,479,38190,0.743921,0.65,1,322510,322031,479
36118481,29.9909,25.6555,484,38245,0.748784,0.63,1,322541,322057,484
36121401,33.9982,29.9311,488,38300,0.797757,0.69,2,322576,322088,488
36124321,43.5996,31.5862,502,38355,0.871551,0.73,2,322622,322120,502
36127241,40.7199,42.3172,497,38410,0.88631,0.73,2,322662,322165,497
36130161,9.74398,40.4634,459,38465,0.889262,0.73,2,322664,322205,459
36360841,86,140,483,19203,0.21,0.51,1,325707,325224,483
36363761,75.6,84,486,19314,0.162,0.51,1,325780,325294,486
36366681,47.92,66.4,465,19424,0.1684,0.29,1,325821,325356,465
36369601,60.784,87.68,436,19533,0.29768,0.31,1,325885,325449,436
36372521,30.5568,24.736,450,19642,0.275536,0.27,1,325908,325458,450
36375441,122.111,17.7472,579,19750,0.319107,0.23,1,326053,325474,579
36378361,94.0223,121.149,519,19857,0.407821,0.21,1,326140,325621,519
36381281,74.8045,93.0299,503,19964,0.441564,0.15,1,326210,325707,503
36384201,46.9609,77.006,470,20070,0.464313,0.17,1,326250,325780,470
36387121,65.3922,48.2012,499,20176,0.468863,0.33,1,326320,325821,499
36390041,30.6784,60.8402,457,20281,0.469773,0.27,1,326342,325885,457
36392961,124.536,30.568,582,20386,0.485955,0.33,1,326490,325908,582
36395881,98.5071,122.114,529,20490,0.585191,0.43,1,326582,326053,529
36398801,77.3014,94.0227,514,20594,0.653038,0.45,1,326654,326140,514
36401721,47.4603,74.8045,484,20697,0.666608,0.47,1,326694,326210,484
36404641,65.4921,46.9609,514,20799,0.685322,0.47,1,326764,326250,514
36407561,31.4984,65.3922,467,20901,0.689064,0.47,1,326787,326320,467
36410481,124.7,30.6784,593,21002,0.801813,0.49,2,326935,326342,593
36413401,26.5399,124.536,447,21103,0.824363,0.61,2,326937,326490,447
36536041,34,29,508,24977,0.45,1,1,329668,329160,508
36538961,111.6,125.8,489,25062,0.098,1,1,329799,329310,489
36541881,57.52,57.16,493,25147,0.0196,0.99,1,329843,329350,493
36544801,65.104,72.232,484,25231,0.01192,0.86,1,329910,329426,484
36547721,39.4208,44.0464,480,25315,0.042384,0.97,1,329943,329463,480
36550641,37.4842,48.0093,468,25399,0.0644768,0.73,1,329980,329512,468
36553561,32.2968,40.0019,461,25482,0.0528954,0.73,1,330011,329550,461
36556481,60.8594,8.00037,529,25565,0.0665791,0.57,1,330079,329550,529
36559401,34.5719,68.8001,473,25648,0.0533158,0.45,1,330107,329634,473
36562321,97.3144,40.96,552,25731,0.0666632,0.01,1,330220,329668,552
36565241,54.6629,112.992,465,25813,0.0133326,0,1,330264,329799,465
36568161,66.1326,57.7984,490,25895,0.0746665,0.01,1,330333,329843,490
36571081,38.8265,65.1597,455,25977,0.0389333,0.05,1,330365,329910,455
36574001,37.3653,39.4319,459,26059,0.0157867,0.07,1,330402,329943,459
36576921,31.4731,37.4864,452,26140,0.0431573,0.05,1,330432,329980,452
36579841,61.4946,32.2973,490,26221,0.0806315,0.07,1,330501,330011,490
36582761,35.4989,60.8595,451,26302,0.104126,0.05,1,330530,330079,451
36585681,96.6998,34.5719,535,26383,0.172825,0.07,1,330642,330107,535
36588601,53.74,97.3144,465,26463,0.170565,0,1,330685,330220,465
36591521,65.948,54.6629,490,26543,0.058113,0.09,1,330754,330264,490
36594441,41.1896,66.1326,456,26623,0.0676226,0.03,1,330789,330333,456
36597361,35.4379,38.8265,458,26703,0.0535245,0.01,1,330823,330365,458
36600281,34.2876,37.3653,455,26782,0.0507049,0.05,1,330857,330402,455
36603201,62.0575,31.4731,494,26861,0.050141,0.09,1,330926,330432,494
36606121,14.0115,61.4946,427,26940,0.0500282,0.11,1,330928,330501,427
36609041,27.6023,35.4989,429,27019,0.0980056,0.19,1,330959,330530,429
36611961,96.7205,96.6998,431,27097,0.171601,0.17,1,331073,330642,431
36614881,48.1441,53.74,424,27175,0.12232,0.03,1,331109,330685,424
36617801,67.2288,65.948,427,27253,0.096464,0.07,1,331181,330754,427
36620721,39.8458,41.1896,425,27331,0.155293,0.05,1,331214,330789,425
36623641,33.5692,35.4379,423,27408,0.183059,0.05,1,331246,330823,423
36626561,34.7138,34.2876,424,27485,0.140612,0.05,1,331281,330857,424
36629481,62.1428,62.0575,424,27562,0.0521223,0.05,1,331350,330926,424
36632401,14.0286,14.0115,424,27639,0.0344245,0.11,1,331352,330928,424
36635321,29.2057,27.6023,426,27716,0.0468849,0.19,1,331385,330959,426
36638241,99.4411,96.7205,429,27792,0.097377,0.11,1,331502,331073,429
36641161,47.8882,48.1441,428,27868,0.0914754,0.09,1,331537,331109,428
36644081,65.5776,67.2288,426,27944,0.0902951,0.17,1,331607,331181,426
36647001,41.1155,39.8458,428,28020,0.138059,0.19,1,331642,331214,428
36649921,34.6231,33.5692,429,28096,0.131612,0.13,1,331675,331246,429
36652841,32.5246,34.7138,426,28171,0.162322,0.03,1,331707,331281,426
36655761,59.3049,62.1428,423,28246,0.152464,0.03,1,331773,331350,423
36658681,13.461,14.0286,423,28321,0.182493,0.05,1,331775,331352,423
36661601,29.8922,29.2057,424,28396,0.204499,0.05,1,331809,331385,424
36664521,99.5784,5.84114,541,28471,0.2249,0.11,1,331926,331385,541
36667441,47.1157,94.7682,458,28545,0.24498,0.09,1,331960,331502,458
36670361,67.0231,46.9536,495,28619,0.280996,0.09,1,332032,331537,495
36673281,43.0046,65.3907,462,28693,0.240199,0.15,1,332069,331607,462
36676201,35.0009,41.0781,460,28767,0.24804,0.13,1,332102,331642,460
36679121,32.6002,34.6156,459,28841,0.249608,0.17,1,332134,331675,459
36682041,60.12,32.5231,494,28914,0.249922,0.15,1,332201,331707,494
36684961,13.624,59.3046,430,28987,0.249984,0.19,1,332203,331773,430
36687881,30.7248,13.4609,463,29060,0.281997,0.21,1,332238,331775,463
36690801,102.945,29.8922,550,29133,0.352399,0.23,1,332359,331809,550
36693721,47.789,99.5784,467,29206,0.41448,0.25,1,332393,331926,467
36696641,68.7578,47.1157,507,29278,0.458896,0.29,1,332467,331960,507
36699561,42.5516,67.0231,471,29350,0.467779,0.23,1,332503,332032,471
36702481,34.1103,43.0046,466,29422,0.485556,0.25,1,332535,332069,466
36705401,33.2221,35.0009,466,29494,0.505111,0.25,1,332568,332102,466
36708321,59.4444,32.6002,500,29566,0.573022,0.25,1,332634,332134,500
36711241,13.4889,60.12,435,29638,0.586604,0.25,1,332636,332201,435
36714161,32.2978,13.624,470,29709,0.621321,0.29,1,332673,332203,470
36717081,108.06,30.7248,562,29780,0.708264,0.37,1,332800,332238,562
36720001,23.2119,102.945,443,29851,0.725653,0.43,1,332802,332359,443
36722921,31.8424,47.789,443,29922,0.729131,0.47,1,332836,332393,443
36725841,67.1685,68.7578,445,29993,0.761826,0.47,2,332912,332467,445
36728761,42.2337,42.5516,445,30064,0.800365,0.49,2,332948,332503,445
36731681,36.4467,34.1103,448,30134,0.760073,0.51,2,332983,332535,448
36734601,35.2893,33.2221,450,30204,0.768015,0.59,2,333018,332568,450
36737521,60.6579,59.4444,451,30274,0.801603,0.59,2,333085,332634,451
36740441,13.7316,13.4889,451,30344,0.808321,0.63,2,333087,332636,451
36743361,33.9463,32.2978,453,30414,0.857664,0.73,2,333126,332673,453
36746281,112.389,108.06,458,30484,0.819533,0.73,2,333258,332800,458
36749201,24.0779,23.2119,458,30553,0.811907,0.73,2,333260,332802,458
36752121,32.8156,31.8424,459,30622,0.826381,0.77,2,333295,332836,459
36755041,68.1631,67.1685,460,30691,0.861276,0.81,2,333372,332912,460
36757961,42.4326,42.2337,460,30760,0.868255,0.75,2,333408,332948,460
36760881,35.6865,36.4467,459,30829,0.901651,0.77,2,333442,332983,459
36763801,36.7373,35.2893,461,30898,0.90833,0.81,2,333479,333018,461
36880601,28,30,486,33526,0.77,1,2,335329,334843,486
36883521,26.4,19.6,495,33589,0.802,1,2,335355,334860,495
36886441,30.08,38.32,483,33652,0.6964,1,1,335386,334903,483
36889361,58.816,62.064,481,33715,0.45128,1,1,335452,334971,481
36892281,41.3632,34.0128,491,33778,0.338256,0.99,1,335489,334998,491
36895201,39.4726,33.2026,497,33841,0.219651,0.99,1,335528,335031,497
36898121,91.0945,95.4405,490,33903,0.0519302,1,1,335632,335142,490
36901041,33.4189,36.6881,487,33965,0.018386,1,1,335651,335164,487
36903961,33.0838,32.9376,488,34027,0.0436772,0.87,1,335684,335196,488
36906881,46.6168,60.1875,471,34089,0.00873544,0.83,1,335734,335263,471
36909801,34.1234,42.4375,464,34151,0.0257471,0.77,1,335765,335301,464
36912721,26.0247,30.8875,460,34213,0.0291494,0.77,1,335789,335329,460
36915641,22.0049,6.1775,481,34275,0.0298299,0.81,1,335810,335329,481
36918561,27.601,22.0355,484,34337,0.061966,0.67,1,335839,335355,484
36921481,48.7202,29.2071,507,34399,0.0523932,0.39,1,335893,335386,507
36924401,32.944,58.6414,470,34460,0.0664786,0.31,1,335922,335452,470
36927321,33.7888,41.3283,467,34521,0.0212957,0.19,1,335956,335489,467
36930241,84.3578,39.4657,525,34582,0.0762591,0.01,1,336053,335528,525
36933161,32.8716,91.0931,441,34643,0.0152518,0.01,1,336073,335632,441
36936081,36.9743,33.4186,460,34704,0.0270504,0.05,1,336111,335651,460
36939001,42.5949,33.0837,471,34765,0.0134101,0,1,336155,335684,471
36941921,34.119,46.6167,453,34826,0.058682,0.03,1,336187,335734,453
36944841,25.2238,34.1233,445,34887,0.0197364,0.03,1,336210,335765,445
36947761,23.4448,26.0247,444,34948,0.0119473,0.03,1,336233,335789,444
36950681,27.889,22.0049,452,35008,0.138389,0.07,1,336262,335810,452
36953601,48.7778,27.601,477,35068,0.147678,0.05,1,336316,335839,477
36956521,32.1556,48.7202,451,35128,0.133536,0.07,1,336344,335893,451
36959441,34.4311,32.944,457,35188,0.114707,0.01,1,336379,335922,457
36962361,84.4862,33.7888,520,35248,0.0949414,0.09,1,336476,335956,520
36965281,32.0972,84.3578,442,35308,0.0429883,0,1,336495,336053,442
36968201,40.0195,32.8716,464,35368,0.0325977,0.03,1,336537,336073,464
36971121,39.2039,36.9743,465,35428,0.0785195,0.01,1,336576,336111,465
36974041,35.8408,42.5949,456,35488,0.0557039,0.07,1,336611,336155,456
36976961,23.9682,34.119,445,35548,0.0351408,0.01,1,336632,336187,445
36979881,27.1936,25.2238,450,35607,0.0310282,0.01,1,336660,336210,450
36982801,27.0387,23.4448,454,35666,0.0302056,0.17,1,336687,336233,454
36985721,7.00774,27.889,427,35725,0.0300411,0.15,1,336689,336262,427
36988641,46.2015,48.7778,429,35784,0.00600823,0.13,1,336745,336316,429
36991561,30.8403,32.1556,428,35843,0.0572016,0.11,1,336772,336344,428
36994481,33.3681,34.4311,427,35902,0.0834403,0.09,1,336806,336379,427
36997401,83.4736,84.4862,426,35961,0.0886881,0.03,1,336902,336476,426
37000321,29.4947,32.0972,423,36020,0.0577376,0.03,1,336918,336495,423
37003241,39.4989,40.0195,423,36079,0.0515475,0.09,1,336960,336537,423
37006161,38.2998,39.2039,422,36138,0.0503095,0.05,1,336998,336576,422
37009081,37.26,35.8408,424,36196,0.0500619,0.03,1,337035,336611,424
37012001,23.452,23.9682,423,36254,0.0500124,0.03,1,337055,336632,423
37014921,27.0904,27.1936,423,36312,0.0180025,0.03,1,337083,336660,423
37017841,27.0181,27.0387,423,36370,0.0436005,0.03,1,337110,336687,423
37020761,7.00362,7.00774,423,36428,0.0167201,0,1,337112,336689,423
37023681,45.4007,46.2015,422,36486,0.059344,0.07,1,337167,336745,422
37026601,32.2801,30.8403,424,36544,0.0838688,0.09,1,337196,336772,424
37029521,33.656,33.3681,424,36602,0.152774,0.09,1,337230,336806,424
37032441,83.5312,83.4736,424,36660,0.150555,0.05,1,337326,336902,424
37035361,27.9062,29.4947,422,36718,0.166111,0.05,1,337340,336918,422
37038281,39.1813,39.4989,422,36776,0.0572222,0.05,1,337382,336960,422
37041201,40.6362,38.2998,425,36833,0.0514444,0.05,1,337423,336998,425
37044121,35.3273,37.26,422,36890,0.0342889,0.05,1,337457,337035,422
37047041,23.0654,23.452,422,36947,0.0628578,0.01,1,337477,337055,422
37049961,27.0131,27.0904,422,37004,0.0205716,0.05,1,337505,337083,422
37052881,27.0026,27.0181,422,37061,0.0601143,0.01,1,337532,337110,422
37055801,7.00052,7.00362,422,37118,0.0680229,0.07,1,337534,337112,422
37058721,46.2001,45.4007,423,37175,0.101605,0.07,1,337590,337167,423
37061641,34.04,9.08014,454,37232,0.0923209,0.09,1,337621,337167,454
37064561,36.408,25.016,462,37289,0.0904642,0.17,1,337658,337196,462
37067481,84.0816,32.2032,524,37346,0.0900928,0.15,1,337754,337230,524
37070401,29.6163,83.2406,444,37403,0.0740186,0.17,1,337770,337326,444
37073321,33.1233,27.8481,464,37459,0.102804,0.03,1,337804,337340,464
37076241,38.6247,39.1696,462,37515,0.108561,0.05,1,337844,337382,462
37079161,35.7249,40.6339,456,37571,0.0937122,0.03,1,337879,337423,456
37082081,23.145,35.3268,442,37627,0.122742,0.07,1,337899,337457,442
37085001,26.229,23.0654,449,37683,0.112548,0.01,1,337926,337477,449
37087921,27.6458,27.0131,449,37739,0.12651,0.07,1,337954,337505,449
37090841,7.12916,27.0026,424,37795,0.129302,0.07,1,337956,337532,424
37093761,47.8258,7.00052,480,37851,0.12986,0.11,1,338014,337534,480
37096681,35.1652,46.2001,456,37907,0.145972,0.09,1,338046,337590,456
37099601,36.633,34.04,462,37963,0.149194,0.09,1,338083,337621,462
37102521,84.9266,36.408,522,38019,0.213839,0.09,1,338180,337658,522
37105441,29.7853,84.0816,442,38075,0.226768,0.07,1,338196,337754,442
37108361,33.1571,29.6163,460,38130,0.293354,0.11,1,338230,337770,460
37111281,38.6314,33.1233,466,38185,0.306671,0.11,1,338270,337804,466
37114201,35.7263,38.6247,461,38240,0.341334,0.09,1,338305,337844,461
37117121,23.9453,35.7249,447,38295,0.364267,0.13,1,338326,337879,447
37120041,25.5891,23.145,453,38350,0.384853,0.11,1,338352,337899,453
37122961,28.3178,26.229,455,38405,0.372971,0.13,1,338381,337926,455
37125881,7.26356,27.6458,429,38460,0.370594,0.13,1,338383,337954,429
37128801,47.8527,7.12916,485,38515,0.402119,0.13,1,338441,337956,485
37131721,35.9705,47.8258,460,38570,0.408424,0.15,1,338474,338014,460
37134641,8.79411,35.1652,430,38625,0.409685,0.15,1,338476,338046,430
37137561,31.3588,36.633,430,38680,0.425937,0.23,1,338513,338083,430
37140481,86.2718,84.9266,433,38735,0.397187,0.23,1,338613,338180,433
37143401,30.8544,29.7853,434,38790,0.407437,0.31,1,338630,338196,434
37146321,35.7709,33.1571,437,38844,0.409487,0.31,1,338667,338230,437
37149241,39.9542,38.6314,438,38898,0.409898,0.35,1,338708,338270,438
37152161,36.7908,35.7263,439,38952,0.409979,0.37,1,338744,338305,439
37155081,24.9582,23.9453,440,39006,0.441996,0.39,1,338766,338326,440
37158001,26.5916,25.5891,441,39060,0.448399,0.37,1,338793,338352,441
37160921,27.7183,28.3178,440,39114,0.49768,0.37,1,338821,338381,440
37163841,7.14366,7.26356,440,39168,0.475536,0.41,1,338823,338383,440
37166761,49.4287,47.8527,442,39222,0.487107,0.41,1,338883,338441,442
37169681,36.2857,35.9705,442,39276,0.505421,0.41,1,338916,338474,442
37172601,8.85715,8.79411,442,39330,0.509084,0.43,1,338918,338476,442
37175521,30.5714,31.3588,441,39384,0.509817,0.39,1,338954,338513,441
37178441,86.1143,86.2718,441,39438,0.541963,0.41,1,339054,338613,441
37181361,30.0229,30.8544,440,39492,0.548393,0.41,1,339070,338630,440
37184281,35.6046,35.7709,440,39545,0.581679,0.41,1,339107,338667,440
37187201,41.5209,39.9542,442,39598,0.652336,0.41,1,339150,338708,442
37190121,37.1042,36.7908,442,39651,0.698467,0.45,1,339186,338744,442
37193041,25.8208,24.9582,443,39704,0.755693,0.45,2,339209,338766,443
37195961,28.3642,26.5916,445,39757,0.767139,0.51,2,339238,338793,445
37198881,28.8728,27.7183,446,39810,0.769428,0.47,2,339267,338821,446
37201801,7.37457,7.14366,446,39863,0.769886,0.49,2,339269,338823,446
37204721,47.8749,49.4287,444,39916,0.785977,0.51,2,339327,338883,444
37207641,36.775,36.2857,445,39969,0.805195,0.51,2,339361,338916,445
37210561,8.955,8.85715,445,40022,0.777039,0.51,2,339363,338918,445
37213481,30.591,30.5714,445,40075,0.803408,0.51,2,339399,338954,445
37216401,86.9182,6.11429,546,40128,0.808682,0.55,2,339500,338954,546
37219321,30.1836,81.2229,462,40181,0.809736,0.55,2,339516,339054,462
37222241,40.4367,29.0446,489,40234,0.793947,0.59,2,339559,339070,489
37225161,45.6873,35.4089,499,40286,0.854789,0.67,2,339606,339107,499
37228081,38.7375,41.4818,493,40338,0.898958,0.71,2,339643,339150,493
37231001,26.1475,37.0964,480,40390,0.891792,0.77,2,339666,339186,480
37233921,28.4295,25.8193,486,40442,0.890358,0.77,2,339695,339209,486
37236841,28.8859,28.3639,486,40494,0.874072,0.77,2,339724,339238,486
37239761,7.37718,28.8728,459,40546,0.870814,0.77,2,339726,339267,459
37242681,49.4754,7.37455,517,40598,0.886163,0.79,2,339786,339269,517
37245601,37.0951,47.8749,493,40650,0.921233,0.81,2,339820,339327,493
37248521,9.01902,36.775,461,40702,0.928247,0.77,2,339822,339361,461
37251441,30.6038,8.955,495,40754,0.945649,0.81,2,339858,339363,495
37254361,88.5208,30.591,562,40806,0.94913,0.81,2,339961,339399,562
37420801,35,20,517,43657,0.63,1,1,341933,341416,517
37423721,32.6,26.4,521,43705,0.486,1,1,341965,341444,521
37426641,29.72,29.28,520,43753,0.3132,1,1,341994,341474,520
37429561,29.944,29.856,520,43801,0.19864,1,1,342024,341504,520
37432481,29.9888,31.5712,518,43849,0.111728,1,1,342054,341536,518
37435401,26.7978,27.9142,517,43897,0.0303456,1,1,342080,341563,517
37438321,32.5596,34.3828,515,43945,0.0140691,1,1,342114,341599,515
37441241,30.5119,33.2766,512,43993,0.0268138,1,1,342144,341632,512
37444161,26.9024,29.0553,510,44041,0.0613628,1,1,342170,341660,510
37447081,30.1805,31.4111,509,44089,0.0362726,1,1,342201,341692,509
37450001,25.2361,30.2822,503,44137,0.0312545,1,1,342225,341722,503
37452921,27.4472,26.8564,505,44185,0.0062509,1,1,342253,341748,505
37455841,71.0894,32.5713,553,44233,0.0252502,0.9,1,342335,341782,553
37458761,28.6179,78.5143,481,44281,0.02905,0.73,1,342353,341872,481
37461681,28.1236,36.5029,483,44329,0.02981,0.63,1,342381,341898,483
37464601,25.6247,35.3006,473,44377,0.125962,0.45,1,342406,341933,473
37467521,23.5249,32.6601,464,44425,0.113192,0.27,1,342429,341965,464
37470441,6.30499,29.732,437,44472,0.0786385,0.17,1,342431,341994,437
37473361,18.861,29.9464,429,44519,0.0877277,0.09,1,342453,342024,429
37476281,26.1722,29.9893,427,44566,0.0415455,0.01,1,342481,342054,427
37479201,22.8344,26.7979,423,44613,0.0323091,0.01,1,342503,342080,423
37482121,31.7669,32.5596,423,44660,0.0784618,0.03,1,342537,342114,423
37485041,29.5534,30.5119,422,44707,0.0156924,0.07,1,342566,342144,422
37487961,26.7107,26.9024,422,44754,0.00313847,0.03,1,342592,342170,422
37490881,30.1421,30.1805,422,44801,0.0406277,0.03,1,342623,342201,422
37493801,25.2284,25.2361,422,44848,0.0161255,0,1,342647,342225,422
37496721,29.8457,27.4472,425,44895,0.0112251,0.03,1,342678,342253,425
37499641,69.9691,71.0894,423,44942,0.074245,0.03,1,342758,342335,423
37502561,27.5938,28.6179,422,44989,0.022849,0.03,1,342775,342353,422
37505481,30.3188,28.1236,425,45036,0.0605698,0.15,1,342806,342381,425
37508401,28.4638,25.6247,428,45083,0.052114,0.11,1,342834,342406,428
37511321,21.6928,23.5249,425,45130,0.0504228,0.07,1,342854,342429,425
37514241,5.93855,6.30499,425,45177,0.0820846,0.09,1,342856,342431,425
37517161,18.7877,18.861,425,45224,0.0564169,0.03,1,342878,342453,425
37520081,23.7575,26.1722,422,45271,0.0832834,0.03,1,342903,342481,422
37523001,22.3515,22.8344,422,45318,0.0246567,0.09,1,342925,342503,422
37525921,33.2703,31.7669,424,45365,0.0449313,0,1,342961,342537,424
37528841,28.2541,29.5534,422,45411,0.0169863,0,1,342988,342566,422
37531761,26.4508,26.7107,422,45457,0.00339725,0.05,1,343014,342592,422
37534681,30.0902,30.1421,422,45503,0.00867945,0.01,1,343045,342623,422
37537601,25.218,25.2284,422,45549,0.0417359,0.01,1,343069,342647,422
37540521,29.8436,29.8457,422,45595,0.00834718,0.09,1,343100,342678,422
37543441,69.9687,69.9691,422,45641,0.0576694,0.01,1,343180,342758,422
37546361,27.5937,27.5938,422,45687,0.0195339,0.07,1,343197,342775,422
37549281,31.1187,30.3188,423,45733,0.0439068,0.05,1,343229,342806,423
37552201,27.8237,28.4638,422,45779,0.0327814,0.05,1,343256,342834,422
37555121,23.1648,21.6928,424,45825,0.0625563,0.09,1,343278,342854,424
37558041,6.23295,5.93855,424,45871,0.100511,0.05,1,343280,342856,424
37560961,18.8466,18.7877,424,45917,0.0761022,0.05,1,343302,342878,424
37563881,21.3693,3.75754,446,45963,0.0872205,0.09,1,343324,342878,446
37566801,21.8739,20.7515,443,46009,0.0574441,0.01,1,343346,342903,443
37569721,34.7748,21.7503,459,46055,0.0354888,0.05,1,343384,342925,459
37572641,26.955,33.1501,448,46101,0.0310978,0.01,1,343409,342961,448
37575561,26.191,28.23,447,46147,0.0142196,0,1,343435,342988,447
37578481,30.0382,26.446,452,46193,0.0268439,0.01,1,343466,343014,452
37581401,25.2076,30.0892,445,46239,0.0293688,0.05,1,343490,343045,445
37584321,29.8415,25.2178,452,46285,0.0138738,0,1,343521,343069,452
37587241,70.7683,29.8436,502,46331,0.0587747,0.07,1,343602,343100,502
37590161,26.9537,69.9687,438,46377,0.067755,0.01,1,343618,343180,438
37593081,32.5907,27.5937,455,46422,0.037551,0.05,1,343652,343197,455
37596001,27.3181,31.1187,449,46467,0.0635102,0.03,1,343678,343229,449
37598921,24.6636,27.8237,446,46512,0.036702,0.07,1,343702,343256,446
37601841,6.53273,23.1647,426,46557,0.0313404,0.11,1,343704,343278,426
37604761,19.7065,6.23295,447,46602,0.0142681,0.07,1,343727,343280,447
37607681,21.5413,18.8466,447,46647,0.0268536,0.09,1,343749,343302,447
37610601,18.7083,21.3693,443,46692,0.0293707,0.05,1,343767,343324,443
37613521,34.9417,21.8739,460,46737,0.0298741,0.03,1,343806,343346,460
37616441,26.1883,34.7748,446,46782,0.0139748,0.03,1,343830,343384,446
37619361,26.8377,26.955,448,46827,0.00279497,0.01,1,343857,343409,448
37622281,30.1675,26.191,453,46872,0.024559,0.03,1,343888,343435,453
37625201,25.2335,30.0382,446,46917,0.0289118,0.03,1,343912,343466,446
37628121,29.8467,25.2076,453,46962,0.0137824,0.01,1,343943,343490,453
37631041,72.3693,29.8415,505,47007,0.0747565,0.07,1,344026,343521,505
37633961,24.8739,70.7683,437,47052,0.118951,0.07,1,344039,343602,437
37636881,34.5748,26.9537,458,47097,0.0797903,0.03,1,344076,343618,458
37639801,27.715,32.5907,450,47142,0.0719581,0.07,1,344102,343652,450
37642721,23.143,27.3181,446,47187,0.0703916,0.03,1,344124,343678,446
37645641,6.2286,24.6636,424,47232,0.0700783,0.03,1,344126,343702,424
37648561,19.6457,6.53273,445,47277,0.0860157,0.01,1,344149,343704,445
37651481,21.5291,19.7065,444,47322,0.0892031,0.03,1,344171,343727,444
37654401,17.9058,21.5413,439,47367,0.121841,0.03,1,344188,343749,439
37657321,5.18117,18.7083,423,47412,0.128368,0.03,1,344190,343767,423
37660241,32.2362,34.9417,423,47456,0.0976736,0.01,1,344229,343806,423
37663161,24.8472,26.1883,422,47500,0.0435347,0,1,344252,343830,422
37666081,27.3694,26.8377,423,47544,0.0167069,0.03,1,344280,343857,423
37669001,31.8739,30.1675,425,47588,0.0113414,0.03,1,344313,343888,425
37671921,23.9748,25.2335,423,47632,0.0102683,0.01,1,344335,343912,423
37674841,29.595,29.8467,423,47676,0.0100537,0.09,1,344366,343943,423
37677761,75.519,72.3693,427,47720,0.0420107,0.13,1,344453,344026,427
37680681,24.7038,24.8739,426,47764,0.0964021,0.07,1,344465,344039,426
37683601,33.7408,34.5748,425,47808,0.0752804,0.07,1,344501,344076,425
37686521,27.5482,27.715,425,47852,0.0870561,0.07,1,344527,344102,425
37689441,23.1096,23.143,425,47896,0.0894112,0.07,1,344549,344124,425
37692361,6.22193,6.2286,425,47940,0.121882,0.09,1,344551,344126,425
37695281,19.6444,19.6457,425,47984,0.112376,0.09,1,344574,344149,425
37698201,23.1289,21.5291,427,48028,0.110475,0.13,1,344598,344171,427
37701121,15.8258,17.9058,424,48072,0.110095,0.13,1,344612,344188,424
37704041,4.76515,5.18117,424,48116,0.110019,0.09,1,344614,344190,424
37706961,32.153,32.2362,424,48160,0.126004,0.03,1,344653,344229,424
37709881,23.2306,24.8472,422,48204,0.129201,0.01,1,344674,344252,422
37712801,27.0461,27.3694,422,48248,0.0338401,0.01,1,344702,344280,422
37715721,31.8092,31.8739,422,48292,0.046768,0.01,1,344735,344313,422
37718641,24.7618,23.9748,423,48336,0.0333536,0.01,1,344758,344335,423
37721561,28.9524,29.595,422,48380,0.0306707,0.05,1,344788,344366,422
37724481,77.7905,75.519,425,48424,0.0621341,0.11,1,344878,344453,425
37727401,25.1581,24.7038,425,48468,0.116427,0.07,1,344890,344465,425
37730321,33.8316,33.7408,425,48511,0.143285,0.09,1,344926,344501,425
37733241,28.3663,27.5482,426,48554,0.132657,0.09,1,344953,344527,426
37736161,23.2733,23.1096,426,48597,0.130531,0.13,1,344975,344549,426
37739081,6.25465,6.22193,426,48640,0.162106,0.11,1,344977,344551,426
37742001,18.8509,19.6444,425,48683,0.152421,0.11,1,344999,344574,425
37744921,22.9702,23.1289,425,48726,0.182484,0.11,1,345023,344598,425
37747841,15.794,15.8258,425,48769,0.188497,0.11,1,345037,344612,425
37750761,4.75881,4.76515,425,48812,0.157699,0.13,1,345039,344614,425
37753681,32.9518,32.153,426,48855,0.18354,0.13,1,345079,344653,426
37756601,20.9904,6.43061,444,48898,0.204708,0.13,1,345097,344653,444
37759521,24.9981,18.0861,449,48941,0.208942,0.01,1,345123,344674,449
37762441,31.3996,26.0172,454,48984,0.193788,0.05,1,345156,344702,454
37765361,25.4799,31.6034,445,49027,0.158758,0.03,1,345180,344735,445
37768281,28.296,24.7207,451,49070,0.119752,0.03,1,345209,344758,451
37771201,80.8592,28.9441,515,49113,0.12795,0.07,1,345303,344788,515
37774121,25.7718,77.7888,437,49156,0.12959,0.13,1,345315,344878,437
37777041,34.7544,25.1578,462,49199,0.113918,0.15,1,345352,344890,462
37779961,29.3509,33.8316,454,49242,0.158784,0.13,1,345380,344926,454
37782881,23.4702,28.3663,449,49285,0.167757,0.13,1,345402,344953,449
37785801,6.29403,23.2733,429,49328,0.169551,0.17,1,345404,344975,429
37788721,19.6588,6.25465,450,49371,0.18591,0.15,1,345427,344977,450
37791641,23.1318,18.8509,452,49414,0.189182,0.19,1,345451,344999,452
37794561,15.8264,22.9702,442,49457,0.189836,0.19,1,345465,345023,442
37797481,4.76527,15.794,430,49500,0.189967,0.15,1,345467,345037,430
37800401,35.3531,4.75881,471,49543,0.173993,0.19,1,345510,345039,471
37803321,21.4706,32.9518,449,49586,0.170799,0.21,1,345528,345079,449
37806241,24.2941,20.9904,456,49628,0.18616,0.21,1,345553,345097,456
37809161,29.6588,24.9981,461,49670,0.189232,0.19,1,345584,345123,461
37812081,25.9318,31.3996,453,49712,0.173846,0.15,1,345609,345156,453
37815001,27.5864,25.4799,457,49754,0.186769,0.11,1,345637,345180,457
37817921,79.9173,28.296,521,49796,0.269354,0.13,1,345730,345209,521
37820841,25.5835,80.8592,439,49838,0.285871,0.13,1,345742,345303,439
37823761,34.7167,25.7718,464,49880,0.289174,0.11,1,345779,345315,464
37826681,30.9433,34.7544,457,49922,0.289835,0.17,1,345809,345352,457
37829601,23.7887,29.3509,451,49964,0.289967,0.17,1,345831,345380,451
37832521,6.35773,23.4702,431,50006,0.289993,0.17,1,345833,345402,431
37835441,20.4715,6.29403,453,50048,0.289999,0.19,1,345857,345404,453
37838361,23.2943,19.6588,454,50090,0.29,0.19,1,345881,345427,454
37841281,15.8589,23.1318,444,50132,0.306,0.19,1,345895,345451,444
37844201,4.77177,15.8264,432,50174,0.3092,0.19,1,345897,345465,432
37847121,34.5544,4.76527,472,50216,0.30984,0.17,1,345939,345467,472
37850041,21.3109,35.3531,447,50258,0.309968,0.17,1,345957,345510,447
37852961,25.0622,21.4706,455,50300,0.325994,0.19,1,345983,345528,455
37855881,6.61243,24.2941,432,50342,0.345199,0.19,1,345985,345553,432
37858801,25.3225,29.6588,431,50384,0.38104,0.17,1,346015,345584,431
37861721,24.2645,25.9318,430,50426,0.388208,0.19,1,346039,345609,430
37864641,28.8529,27.5864,432,50468,0.389642,0.29,1,346069,345637,432
37867561,83.3706,79.9173,436,50510,0.405928,0.29,1,346166,345730,436
37870481,26.2741,25.5835,436,50552,0.441186,0.29,1,346178,345742,436
37873401,35.6548,34.7167,437,50594,0.464237,0.29,1,346216,345779,437
37876321,30.331,30.9433,436,50636,0.452847,0.29,1,346245,345809,436
37879241,23.6662,23.7887,436,50678,0.46657,0.29,1,346267,345831,436
37882161,6.33324,6.35773,436,50720,0.501314,0.29,1,346269,345833,436
37885081,20.4666,20.4715,436,50762,0.508263,0.29,1,346293,345857,436
37888001,23.2933,23.2943,436,50803,0.509653,0.31,1,346317,345881,436
37890921,16.6587,15.8589,437,50844,0.493931,0.31,1,346332,345895,437
37893841,4.93173,4.77177,437,50885,0.506786,0.31,1,346334,345897,437
37896761,34.5863,34.5544,437,50926,0.509357,0.31,1,346376,345939,437
37899681,21.3173,21.3109,437,50967,0.525871,0.33,1,346394,345957,437
37902601,26.6635,25.0622,439,51008,0.529174,0.35,1,346422,345983,439
37905521,6.93269,6.61243,439,51049,0.529835,0.39,1,346424,345985,439
37908441,25.3865,25.3225,439,51090,0.529967,0.39,1,346454,346015,439
37911361,25.8773,24.2645,441,51131,0.545993,0.39,1,346480,346039,441
37914281,29.1755,28.8529,441,51172,0.549199,0.41,1,346510,346069,441
37917201,84.2351,83.3706,442,51213,0.58184,0.45,1,346608,346166,442
37920121,26.447,26.2741,442,51254,0.588368,0.47,1,346620,346178,442
37923041,36.4894,35.6548,443,51295,0.637674,0.45,1,346659,346216,443
37925961,32.0979,30.331,445,51336,0.647535,0.47,1,346690,346245,445
37928881,24.0196,23.6662,445,51377,0.681507,0.51,1,346712,346267,445
37931801,6.40391,6.33324,445,51418,0.720301,0.51,1,346714,346269,445
37934721,20.4808,20.4666,445,51459,0.71206,0.51,1,346738,346293,445
37937641,23.2962,23.2933,445,51500,0.742412,0.49,1,346762,346317,445
37940561,16.6592,16.6587,445,51541,0.732482,0.51,1,346777,346332,445
37943481,4.93185,4.93173,445,51582,0.730497,0.51,1,346779,346334,445
37946401,35.3864,34.5863,446,51623,0.762099,0.53,2,346822,346376,446
37949321,21.4773,21.3173,446,51664,0.80042,0.53,2,346840,346394,446
37952241,26.6955,26.6635,446,51705,0.808084,0.53,2,346868,346422,446
37955161,6.93909,6.93269,446,51746,0.777617,0.53,2,346870,346424,446
37958081,25.3878,25.3865,446,51787,0.771523,0.53,2,346900,346454,446
37961001,25.8776,5.07731,472,51828,0.770305,0.55,2,346926,346454,472
37963921,29.1755,21.8155,476,51869,0.802061,0.55,2,346956,346480,476
37966841,85.8351,28.3631,546,51910,0.824412,0.59,2,347056,346510,546
37969761,26.767,84.0726,460,51951,0.828882,0.59,2,347068,346608,460
37972681,38.9534,26.4145,490,51992,0.893776,0.65,2,347110,346620,490
37975601,35.7907,36.4829,486,52032,0.890755,0.65,2,347145,346659,486
37978521,24.7581,32.0966,477,52072,0.922151,0.69,2,347167,346690,477
37981441,6.55163,24.0193,457,52112,0.92843,0.73,2,347169,346712,457
37984361,21.3103,6.40386,480,52152,0.929686,0.71,2,347194,346714,480
37987281,23.4621,20.4808,480,52192,0.929937,0.75,2,347218,346738,480
37990201,18.2924,23.2962,473,52232,0.913987,0.73,2,347235,346762,473
37993121,5.25848,16.6592,460,52272,0.910797,0.73,2,347237,346777,460
38209201,113,21,555,25633,0.39,1,1,349420,348865,555
38212121,81.8,90.6,521,25716,0.31,1,1,349494,348973,521
38215041,67.56,85.32,501,25798,0.166,1,1,349558,349057,501
38217961,57.512,67.464,493,25880,0.0892,0.85,1,349613,349120,493
38220881,35.5024,53.4928,473,25962,0.08984,0.79,1,349643,349170,473
38223801,30.3005,37.8986,468,26044,0.057968,0.69,1,349672,349204,468
38226721,37.2601,28.3797,481,26125,0.0355936,0.73,1,349711,349230,481
38229641,28.252,35.2759,470,26206,0.0471187,0.63,1,349737,349267,470
38232561,100.85,39.0552,549,26287,0.0334237,0.39,1,349856,349307,549
38235481,77.7701,98.211,508,26368,0.0946847,0.29,1,349928,349420,508
38238401,61.154,78.8422,491,26448,0.106937,0.13,1,349985,349494,491
38241321,54.6308,66.9684,480,26528,0.0933874,0.07,1,350038,349558,480
38244241,33.3262,57.3937,453,26608,0.106677,0.09,1,350066,349613,453
38247161,29.0652,35.4787,451,26688,0.109335,0.05,1,350094,349643,451
38250081,36.213,30.2957,460,26767,0.0458671,0.03,1,350132,349672,460
38253001,29.6426,37.2591,449,26846,0.0491734,0.05,1,350160,349711,449
38255921,7.52852,28.2518,425,26925,0.0818347,0.03,1,350162,349737,425
38258841,95.1057,100.85,423,27004,0.0403669,0.11,1,350279,349856,423
38261761,79.0211,77.7701,426,27082,0.0960734,0.11,1,350354,349928,426
38264681,62.2042,61.154,427,27160,0.139215,0.09,1,350412,349985,427
38267601,54.0408,54.6308,426,27238,0.147843,0.11,1,350464,350038,426
38270521,34.0082,33.3262,427,27316,0.133569,0.11,1,350493,350066,427
38273441,29.2016,29.0652,427,27394,0.146714,0.03,1,350521,350094,427
38276361,32.2403,36.213,422,27471,0.181343,0.05,1,350554,350132,422
38279281,32.0481,29.6426,426,27548,0.156269,0.09,1,350586,350160,426
38282201,8.00961,7.52852,426,27625,0.151254,0.03,1,350588,350162,426
38285121,93.6019,95.1057,424,27702,0.198251,0.11,1,350703,350279,424
38288041,81.1204,79.0211,427,27778,0.20765,0.15,1,350781,350354,427
38290961,62.6241,62.2042,427,27854,0.22553,0.15,1,350839,350412,427
38293881,54.1248,54.0408,427,27930,0.325106,0.13,1,350891,350464,427
38296801,33.225,34.0082,426,28006,0.345021,0.15,1,350919,350493,426
38299721,32.245,29.2016,430,28082,0.349004,0.19,1,350951,350521,430
38302641,32.049,32.2403,429,28157,0.349801,0.15,1,350983,350554,429
38305561,32.0098,32.0481,429,28232,0.34996,0.15,1,351015,350586,429
38308481,8.00196,8.00961,429,28307,0.381992,0.21,1,351017,350588,429
38311401,96.0004,93.6019,432,28382,0.404398,0.21,1,351135,350703,432
38314321,80.8001,18.7204,509,28457,0.45688,0.21,1,351212,350703,509
38317241,64.96,66.1441,492,28531,0.499376,0.23,1,351273,350781,492
38320161,56.192,59.6288,488,28605,0.475875,0.35,1,351327,350839,488
38323081,33.6384,53.5258,464,28679,0.471175,0.35,1,351355,350891,464
38326001,33.9277,33.1052,470,28753,0.502235,0.35,1,351389,350919,470
38328921,32.3855,32.221,470,28827,0.524447,0.35,1,351421,350951,470
38331841,32.0771,32.0442,470,28900,0.544889,0.35,1,351453,350983,470
38334761,8.01542,32.0088,440,28973,0.548978,0.39,1,351455,351015,440
38337681,98.4031,8.00177,559,29046,0.581796,0.41,1,351576,351017,559
38340601,83.6806,96.0004,521,29119,0.556359,0.47,1,351656,351135,521
38343521,67.1361,80.8001,507,29192,0.567272,0.51,1,351719,351212,507
38346441,55.0272,64.96,498,29265,0.633454,0.47,1,351771,351273,498
38349361,33.4054,56.192,472,29337,0.678691,0.47,1,351799,351327,472
38352281,35.4811,33.6384,480,29409,0.719738,0.51,1,351835,351355,480
38355201,33.4962,33.9277,479,29481,0.711948,0.53,1,351868,351389,479
38358121,33.0992,32.3855,480,29553,0.710389,0.55,1,351901,351421,480
38361041,8.21985,32.0771,450,29625,0.710078,0.55,1,351903,351453,450
38363961,100.044,8.01542,571,29696,0.774016,0.59,2,352026,351455,571
38366881,82.4088,98.4031,528,29767,0.786803,0.55,2,352104,351576,528
38369801,67.6818,83.6806,512,29838,0.821361,0.57,2,352168,351656,512
38372721,15.1364,67.1361,451,29909,0.828272,0.65,2,352170,351719,451
38375641,47.8273,55.0272,455,29980,0.845654,0.69,2,352226,351771,455
38378561,32.7655,33.4054,456,30051,0.865131,0.73,2,352255,351799,456
38381481,36.9531,35.4811,458,30121,0.853026,0.71,2,352293,351835,458
38384401,33.7906,33.4962,458,30191,0.834605,0.71,2,352326,351868,458
38387321,32.3581,33.0992,457,30261,0.846921,0.71,2,352358,351901,457
38390241,8.07162,8.21985,457,30331,0.849384,0.79,2,352360,351903,457
38393161,103.214,100.044,461,30401,0.913877,0.79,2,352487,352026,461
38501201,25,30,484,32878,0.85,1,2,354177,353693,484
38504121,38.6,40.4,483,32942,0.738,1,1,354219,353736,483
38507041,32.52,28.08,489,33006,0.6836,1,1,354250,353761,489
38509961,27.304,28.816,486,33070,0.65672,1,1,354276,353790,486
38512881,86.2608,87.3632,485,33134,0.539344,1,1,354377,353892,485
38515801,76.4522,83.0726,477,33198,0.499869,1,1,354451,353974,477
38518721,69.6904,71.0145,477,33262,0.459974,0.91,1,354519,354042,477
38521641,33.9381,34.2029,477,33326,0.435995,0.96,1,354544,354067,477
38524561,28.3876,34.8406,469,33389,0.431199,0.91,1,354571,354102,469
38527481,27.2775,30.9681,466,33452,0.43024,0.79,1,354598,354132,466
38530401,20.6555,22.1936,465,33515,0.462048,0.85,1,354617,354152,465
38533321,20.1311,24.4387,460,33578,0.46841,0.71,1,354637,354177,460
38536241,35.2262,38.4877,457,33641,0.501682,0.67,1,354676,354219,457
38539161,29.4452,32.4976,454,33704,0.476336,0.65,1,354704,354250,454
38542081,25.889,27.2995,453,33767,0.471267,0.51,1,354729,354276,453
38545001,79.5778,86.2599,445,33830,0.550254,0.49,1,354822,354377,445
38547921,74.3156,76.452,444,33893,0.630051,0.45,1,354895,354451,444
38550841,68.4631,69.6904,443,33955,0.67801,0.43,1,354962,354519,443
38553761,32.8926,33.9381,442,34017,0.687602,0.43,1,354986,354544,442
38556681,28.9785,28.3876,443,34079,0.73752,0.43,1,355014,354571,443
38559601,27.3957,27.2775,443,34141,0.731504,0.47,1,355041,354598,443
38562521,20.6791,20.6555,443,34203,0.762301,0.47,2,355060,354617,443
38565441,19.3358,20.1311,442,34265,0.75246,0.47,2,355079,354637,442
38568361,36.6672,4.02622,483,34327,0.750492,0.51,2,355120,354637,483
38571281,28.9334,32.0052,471,34389,0.750098,0.47,2,355147,354676,471
38574201,26.5867,28.801,469,34450,0.78202,0.47,2,355173,354704,469
38577121,83.7173,25.7602,542,34511,0.820404,0.57,2,355271,354729,542
38580041,76.7435,79.552,524,34572,0.844081,0.65,2,355346,354822,524
38582961,72.1487,74.3104,522,34633,0.832816,0.69,2,355417,354895,522
38585881,34.4297,68.4621,480,34694,0.830563,0.69,2,355442,354962,480
38588801,29.2859,32.8924,484,34755,0.830113,0.75,2,355470,354986,484
38591721,28.2572,28.9785,484,34816,0.830023,0.73,2,355498,355014,484
38594641,20.8514,27.3957,476,34877,0.814005,0.77,2,355517,355041,476
38597561,20.1703,20.6791,477,34938,0.810801,0.75,2,355537,355060,477
38600481,36.8341,19.3358,499,34999,0.79416,0.75,2,355578,355079,499
38603401,30.5668,36.6672,487,35059,0.790832,0.75,2,355607,355120,487
38606321,26.9134,28.9334,486,35119,0.790166,0.79,2,355633,355147,486
38609241,86.1827,26.5867,561,35179,0.870033,0.83,2,355734,355173,561
38612161,77.2365,83.7173,538,35239,0.870007,0.85,2,355809,355271,538
38615081,72.2473,76.7435,534,35299,0.870001,0.83,2,355880,355346,534
38618001,33.6495,72.1487,487,35359,0.886,0.83,2,355904,355417,487
38758161,28,68,516,38122,0.71,1,1,357813,357297,516
38761081,32.8,39.2,518,38177,0.742,1,1,357847,357329,518
38764001,29.76,35.84,512,38232,0.6684,1,1,357876,357364,512
38766921,34.752,28.768,521,38287,0.55768,1,1,357912,357391,521
38769841,18.1504,31.3536,503,38342,0.599536,1,1,357926,357423,503
38772761,33.2301,18.2707,525,38397,0.671907,1,1,357963,357438,525
38775681,29.046,33.2541,516,38452,0.670381,1,1,357991,357475,516
38778601,25.0092,32.2508,508,38507,0.670076,0.88,1,358015,357507,508
38781521,28.2018,30.4502,507,38562,0.638015,0.86,1,358044,357537,507
38784441,31.2404,31.69,507,38617,0.647603,0.98,1,358076,357569,507
38787361,16.6481,35.938,483,38672,0.681521,0.83,1,358089,357606,483
38790281,63.3296,83.1876,463,38727,0.672304,0.77,1,358164,357701,463
38793201,77.4659,83.8375,460,38782,0.734461,0.71,1,358245,357785,460
38796121,35.4932,39.1675,457,38836,0.730892,0.75,1,358270,357813,457
38799041,33.4986,35.0335,456,38890,0.698178,0.65,1,358303,357847,456
38801961,26.6997,30.2067,452,38944,0.675636,0.53,1,358328,357876,452
38804881,32.5399,34.8413,450,38998,0.751127,0.61,2,358362,357912,450
38807801,20.108,18.1683,453,39052,0.734225,0.69,1,358379,357926,453
38810721,33.6216,33.2337,453,39106,0.794845,0.67,2,358416,357963,453
38813641,32.3243,29.0467,457,39160,0.838969,0.67,2,358448,357991,457
38816561,23.2649,25.0093,454,39214,0.831794,0.63,2,358469,358015,454
38819481,27.053,28.2019,453,39268,0.878359,0.65,2,358497,358044,453
38822401,32.6106,31.2404,455,39322,0.855672,0.69,2,358531,358076,455
38825321,14.5221,16.6481,452,39376,0.851134,0.67,2,358541,358089,452
38828241,65.3044,63.3296,455,39430,0.866227,0.75,2,358619,358164,455
38831161,79.4609,77.4659,457,39484,0.933245,0.73,2,358702,358245,457
38834081,33.4922,35.4932,454,39537,0.946649,0.69,2,358724,358270,454
38837001,34.6984,33.4986,456,39590,0.96533,0.67,2,358759,358303,456
39111481,40,76,516,44321,0.63,1,1,362072,361556,516
39114401,36.8,52.8,505,44369,0.55,1,1,362108,361603,505
39117321,36.16,35.36,510,44417,0.406,0.93,1,362144,361634,510
39120241,24.832,32.672,500,44464,0.2492,1,1,362166,361666,500
39123161,15.3664,24.9344,490,44511,0.20184,1,1,362179,361689,490
39126081,23.0733,22.5869,493,44558,0.144368,1,1,362204,361711,493
39129001,27.8147,31.7174,488,44605,0.0688736,0.98,1,362233,361745,488
39131921,20.7629,31.9435,475,44652,0.0377747,1,1,362252,361777,475
39134841,36.1526,29.5887,486,44699,0.0475549,1,1,362292,361806,486
39137761,37.6305,36.3177,486,44746,0.017511,0.94,1,362330,361844,486
39140681,29.9261,35.2635,479,44793,0.0435022,1,1,362358,361879,479
39143601,24.3852,30.2527,473,44840,0.0327004,0.91,1,362381,361908,473
39146521,25.677,31.6505,467,44887,0.0465401,0.93,1,362407,361940,467
39149441,33.1354,32.7301,469,44934,0.033308,0.77,1,362442,361973,469
39152361,43.4271,53.746,456,44981,0.0306616,0.63,1,362488,362032,456
39155281,37.4854,42.7492,452,45028,0.0621323,0.53,1,362524,362072,452
39158201,29.8971,37.3498,444,45075,0.0684265,0.37,1,362552,362108,444
39161121,29.1794,36.27,437,45122,0.0376853,0.21,1,362581,362144,437
39164041,17.8359,24.854,430,45169,0.0635371,0.19,1,362596,362166,430
39166961,13.9672,15.3708,430,45216,0.0847074,0.13,1,362609,362179,430
39169881,17.1934,23.0742,423,45263,0.136941,0.05,1,362627,362204,423
39172801,25.8387,27.8148,422,45310,0.115388,0.03,1,362655,362233,422
39175721,20.3677,20.763,422,45357,0.0470777,0.05,1,362674,362252,422
39178641,37.6735,36.1526,424,45403,0.0494155,0.01,1,362716,362292,424
39181561,37.1347,37.6305,423,45449,0.0338831,0.05,1,362753,362330,423
39184481,29.0269,29.9261,422,45495,0.0307766,0.03,1,362780,362358,422
39187401,25.0054,24.3852,423,45541,0.0141553,0.05,1,362804,362381,423
39190321,25.0011,25.677,422,45587,0.00283106,0.03,1,362829,362407,422
39193241,33.8002,33.1354,423,45633,0.00856621,0.03,1,362865,362442,423
39196161,42.76,43.4271,422,45679,0.0417132,0.07,1,362910,362488,422
39199081,38.952,37.4854,424,45725,0.0643426,0.07,1,362948,362524,424
39202001,30.1904,29.8971,424,45771,0.0848685,0.03,1,362976,362552,424
39204921,29.2381,29.1794,424,45817,0.0409737,0.07,1,363005,362581,424
39207841,18.6476,17.8359,425,45863,0.0641947,0.09,1,363021,362596,425
39210761,14.9295,13.9672,426,45909,0.0368389,0.09,1,363035,362609,426
39213681,15.7859,2.79344,442,45955,0.0313678,0.15,1,363051,362609,442
39216601,23.9572,14.9587,450,46001,0.0302736,0.11,1,363077,362627,450
39219521,19.1914,25.3917,440,46047,0.0460547,0.03,1,363095,362655,440
39222441,37.4383,20.2783,463,46093,0.0172109,0.05,1,363137,362674,463
39225361,37.0877,37.6557,458,46139,0.0594422,0.03,1,363174,362716,458
39228281,29.0175,37.1311,448,46185,0.0198884,0.03,1,363201,362753,448
39231201,26.6035,29.0262,447,46231,0.0119777,0.01,1,363227,362780,447
39234121,24.5207,25.0052,447,46277,0.00239554,0,1,363251,362804,447
39237041,32.9041,25.001,457,46323,0.0404791,0.01,1,363286,362829,457
39239961,44.9808,33.8002,469,46369,0.0480958,0.05,1,363334,362865,469
39242881,40.1962,42.76,463,46414,0.0656192,0.07,1,363373,362910,463
39245801,28.8392,38.952,451,46459,0.101124,0.09,1,363399,362948,451
39248721,28.1678,30.1904,451,46504,0.140225,0.03,1,363427,362976,451
39251641,18.4336,29.2381,438,46549,0.164045,0.07,1,363443,363005,438
39254561,14.8867,18.6476,436,46594,0.168809,0.03,1,363457,363021,436
39257481,15.7773,14.9295,438,46639,0.169762,0.03,1,363473,363035,438
39260401,23.9555,15.7859,448,46684,0.185952,0.03,1,363499,363051,448
39263321,18.3911,23.9572,439,46729,0.20519,0.05,1,363516,363077,439
39266241,38.0782,19.1914,464,46774,0.0490381,0.01,1,363559,363095,464
39269161,37.2156,37.4383,459,46819,0.0338076,0.07,1,363596,363137,459
39272081,29.0431,37.0877,449,46864,0.0147615,0.01,1,363623,363174,449
39275001,26.6086,29.0175,448,46909,0.0749523,0.01,1,363649,363201,448
39277921,26.1217,26.6035,448,46954,0.0549905,0,1,363675,363227,448
39280841,33.2243,24.5207,459,46999,0.0509981,0.05,1,363710,363251,459
39283761,44.2449,32.9041,471,47044,0.0341996,0.05,1,363757,363286,471
39286681,42.449,44.9808,465,47089,0.0308399,0.07,1,363799,363334,465
39289601,30.0898,40.1962,453,47134,0.046168,0.11,1,363826,363373,453
39292521,30.018,28.8392,457,47179,0.0972336,0.15,1,363856,363399,457
39295441,18.8036,28.1678,445,47224,0.139447,0.17,1,363872,363427,445
39298361,14.9607,18.4336,443,47269,0.163889,0.17,1,363886,363443,443
39301281,16.5921,14.8867,446,47314,0.168778,0.17,1,363903,363457,446
39304201,24.9184,15.7773,457,47359,0.169756,0.19,1,363930,363473,457
39307121,6.58369,23.9555,433,47404,0.217951,0.21,1,363932,363499,433
39310041,14.1167,18.3911,432,47448,0.22759,0.01,1,363948,363516,432
39312961,30.0233,38.0782,423,47492,0.197518,0.03,1,363982,363559,423
39315881,35.6047,37.2156,423,47536,0.159504,0.01,1,364019,363596,423
39318801,30.3209,29.0431,425,47580,0.0719007,0.09,1,364048,363623,425
39321721,26.0642,26.6086,424,47624,0.0863801,0.05,1,364073,363649,424
39324641,24.4128,26.1217,422,47668,0.121276,0.05,1,364097,363675,422
39327561,34.4826,33.2243,424,47712,0.0802552,0.03,1,364134,363710,424
39330481,43.6965,44.2449,423,47756,0.072051,0.03,1,364180,363757,423
39333401,42.3393,42.449,423,47800,0.11841,0.05,1,364222,363799,423
39336321,33.2679,30.0898,427,47844,0.111682,0.11,1,364253,363826,427
39339241,32.2536,30.018,429,47888,0.110336,0.15,1,364285,363856,429
39342161,20.0507,18.8036,430,47932,0.142067,0.17,1,364302,363872,430
39345081,15.2101,14.9607,430,47976,0.116413,0.17,1,364316,363886,430
39348001,17.442,16.5921,431,48020,0.159283,0.17,1,364334,363903,431
39350921,26.6884,24.9184,433,48064,0.183857,0.23,1,364363,363930,433
39353841,6.93768,6.58369,433,48108,0.156771,0.23,1,364365,363932,433
39356761,14.1875,14.1167,433,48152,0.151354,0.19,1,364381,363948,433
39359681,27.6375,30.0233,430,48196,0.182271,0.15,1,364412,363982,430
39362601,34.3275,35.6047,429,48240,0.220454,0.05,1,364448,364019,429
39365521,26.8655,30.3209,425,48284,0.228091,0.09,1,364473,364048,425
39368441,26.1731,26.0642,426,48328,0.197618,0.13,1,364499,364073,426
39371361,22.8346,24.4128,424,48372,0.191524,0.07,1,364521,364097,424
39374281,34.1669,34.4826,424,48416,0.222305,0.07,1,364558,364134,424
39377201,44.4334,43.6965,425,48460,0.228461,0.13,1,364605,364180,425
39380121,43.2867,42.3393,426,48503,0.245692,0.11,1,364648,364222,426
39383041,34.2573,33.2679,427,48546,0.249138,0.11,1,364680,364253,427
39385961,32.4515,32.2536,427,48589,0.281828,0.15,1,364712,364285,427
39388881,20.0903,20.0507,427,48632,0.304366,0.11,1,364729,364302,427
39391801,16.0181,15.2101,428,48675,0.292873,0.17,1,364744,364316,428
39394721,17.6036,17.442,428,48718,0.306575,0.19,1,364762,364334,428
39397641,27.5207,26.6884,429,48761,0.277315,0.15,1,364792,364363,429
39400561,7.10414,6.93768,429,48804,0.271463,0.15,1,364794,364365,429
39403481,14.2208,14.1875,429,48847,0.302293,0.15,1,364810,364381,429
39406401,28.4442,2.83751,461,48890,0.292459,0.19,1,364842,364381,461
39409321,35.2888,25.3675,467,48933,0.354492,0.23,1,364879,364412,467
39412241,26.2578,33.8735,455,48976,0.350898,0.23,1,364903,364448,455
39415161,26.0516,26.7747,456,49019,0.35018,0.19,1,364929,364473,456
39418081,22.8103,26.1549,452,49062,0.350036,0.19,1,364951,364499,452
39421001,34.1621,22.831,467,49105,0.350007,0.23,1,364988,364521,467
39423921,46.0324,34.1662,479,49148,0.366001,0.23,1,365037,364558,479
39426841,44.4065,44.4332,476,49191,0.3852,0.25,1,365081,364605,476
39429761,34.4813,43.2866,465,49234,0.42104,0.25,1,365113,364648,465
39432681,34.0963,34.2573,467,49277,0.428208,0.29,1,365147,364680,467
39435601,19.6193,32.4515,451,49320,0.429642,0.31,1,365163,364712,451
39438521,15.9239,20.0903,449,49363,0.445928,0.29,1,365178,364729,449
39441441,17.5848,16.0181,452,49406,0.417186,0.31,1,365196,364744,452
39444361,27.517,17.6036,464,49449,0.427437,0.27,1,365226,364762,464
39447281,7.10339,27.5207,436,49492,0.429487,0.27,1,365228,364792,436
39450201,14.2207,7.10414,450,49535,0.429897,0.31,1,365244,364794,450
39453121,30.0441,14.2208,468,49578,0.46198,0.29,1,365278,364810,468
39456041,37.2088,28.4442,475,49620,0.484396,0.37,1,365317,364842,475
39458961,26.6418,35.2888,462,49662,0.504879,0.35,1,365341,364879,462
39461881,26.1284,26.2578,464,49704,0.524976,0.35,1,365367,364903,464
39464801,22.8257,26.0516,460,49746,0.544995,0.35,1,365389,364929,460
39467721,34.1651,22.8103,475,49788,0.564999,0.35,1,365426,364951,475
39470641,46.833,34.1621,488,49830,0.585,0.37,1,365476,364988,488
39473561,46.1666,46.0324,485,49872,0.605,0.39,1,365522,365037,485
39476481,35.6333,44.4065,474,49914,0.593,0.43,1,365555,365081,474
39479401,34.3267,34.4813,476,49956,0.5906,0.43,1,365589,365113,476
39482321,19.6653,34.0963,458,49998,0.59012,0.43,1,365605,365147,458
39485241,15.1331,19.6193,456,50040,0.606024,0.45,1,365619,365163,456
39488161,18.2266,15.9239,460,50082,0.593205,0.41,1,365638,365178,460
39491081,27.6453,17.5848,472,50124,0.638641,0.43,1,365668,365196,472
39494001,7.12906,27.517,444,50166,0.647728,0.43,1,365670,365226,444
39496921,14.2258,7.10339,458,50208,0.649546,0.43,1,365686,365228,458
39499841,33.2452,14.2207,480,50250,0.665909,0.47,1,365724,365244,480
39502761,37.049,30.0441,484,50292,0.685182,0.49,1,365762,365278,484
39505681,9.00981,37.2088,447,50334,0.689036,0.51,1,365764,365317,447
39508601,21.802,26.6418,448,50376,0.705807,0.53,1,365789,365341,448
39511521,25.1604,26.1284,448,50418,0.725161,0.55,1,365815,365367,448
39514441,23.4321,22.8257,449,50460,0.793032,0.57,2,365838,365389,449
39517361,35.0864,34.1651,450,50502,0.822607,0.59,2,365876,365426,450
39520281,47.8173,46.833,451,50544,0.828521,0.61,2,365927,365476,451
39523201,47.1635,46.1666,452,50586,0.829704,0.59,2,365974,365522,452
39526121,35.0327,35.6333,451,50628,0.861941,0.59,2,366006,365555,451
39529041,34.2065,34.3267,451,50670,0.852388,0.59,2,366040,365589,451
39531961,20.4413,19.6653,452,50712,0.882478,0.61,2,366057,365605,452
39534881,15.2883,15.1331,452,50754,0.888496,0.59,2,366071,365619,452
39537801,19.0577,18.2266,453,50795,0.889699,0.65,2,366091,365638,453
39540721,28.6115,27.6453,454,50836,0.92194,0.65,2,366122,365668,454
39543641,7.32231,7.12906,454,50877,0.896388,0.65,2,366124,365670,454
39546561,15.0645,14.2258,455,50918,0.907278,0.67,2,366141,365686,455
39549481,34.2129,33.2452,456,50959,0.925456,0.69,2,366180,365724,456
39552401,37.2426,37.049,456,51000,0.929091,0.69,2,366218,365762,456
39555321,9.04852,9.00981,456,51041,0.929818,0.71,2,366220,365764,456
39558241,23.4097,21.802,458,51082,0.961964,0.73,2,366247,365789,458
39777241,36,41,478,54085,0.79,1,2,368350,367872,478
39780161,41.6,31.4,492,54124,0.806,1,2,368393,367901,492
39783081,34.72,31.88,493,54163,0.6812,1,1,368426,367933,493
39786001,27.744,32.776,486,54202,0.70424,1,1,368452,367966,486
39788921,23.1488,26.5552,483,54241,0.724848,1,1,368474,367991,483
39791841,27.0298,26.111,485,54280,0.74497,1,1,368502,368017,485
39794761,20.606,20.4222,485,54319,0.700994,1,1,368521,368036,485
39797681,22.5212,11.2844,499,54358,0.676199,1,1,368544,368045,499
39800601,18.9042,27.8569,485,54397,0.70324,1,1,368562,368077,485
39803521,21.3808,33.5714,472,54436,0.740648,1,1,368584,368112,472
39806441,21.8762,22.7143,474,54475,0.74813,0.98,1,368606,368132,474
39809361,12.3752,15.7429,470,54514,0.717626,0.91,1,368616,368146,470
39812281,28.875,30.3486,469,54553,0.775525,0.98,2,368649,368180,469
39815201,32.975,32.4697,470,54592,0.723105,0.94,1,368683,368213,470
39818121,32.195,31.2939,471,54631,0.760621,1,2,368715,368244,471
39821041,20.039,19.0588,472,54670,0.752124,0.9,2,368732,368260,472
39823961,16.0078,20.6118,466,54708,0.734425,0.9,1,368747,368281,466
39826881,25.6016,4.12235,494,54746,0.730885,0.79,1,368775,368281,494
39829801,33.1203,27.2245,496,54784,0.714177,0.79,1,368810,368314,496
39832721,39.4241,34.2449,501,54822,0.742835,0.81,1,368851,368350,501
39835641,31.8848,41.249,488,54860,0.748567,0.65,1,368881,368393,488
39838561,28.777,34.6498,483,54898,0.781713,0.71,2,368909,368426,483
39841481,22.5554,27.73,478,54936,0.724343,0.73,1,368930,368452,478
39844401,30.1111,23.146,488,54974,0.824869,0.75,2,368962,368474,488
39847321,17.2222,27.0292,474,55012,0.844974,0.69,2,368976,368502,474
39850241,21.0444,20.6058,477,55050,0.864995,0.67,2,368998,368521,477
39853161,18.6089,22.5212,472,55088,0.868999,0.71,2,369016,368544,472
39856081,22.9218,18.9042,478,55126,0.8858,0.75,2,369040,368562,478
39859001,22.1844,21.3808,478,55164,0.92116,0.75,2,369062,368584,478
39861921,13.2369,21.8762,467,55202,0.944232,0.71,2,369073,368606,467
39864841,28.2474,12.3752,489,55240,0.916846,0.79,2,369105,368616,489
39867761,32.8495,28.875,490,55278,0.911369,0.71,2,369139,368649,490
39870681,32.9699,32.975,489,55316,0.894274,0.77,2,369172,368683,489
39873601,20.994,32.195,475,55354,0.890855,0.75,2,369190,368715,475
39876521,15.3988,20.039,472,55392,0.890171,0.73,2,369204,368732,472
39879441,27.0798,16.0078,487,55430,0.906034,0.73,2,369234,368747,487
39882361,31.816,25.6016,492,55468,0.925207,0.71,2,369267,368775,492
40210861,72,42,541,29773,0.81,0.99,2,373463,372922,541
40213781,44.8,50.8,526,29844,0.666,1,1,373501,372975,526
40216701,36.96,27.76,539,29915,0.5892,1,1,373536,372997,539
40219621,16.192,35.152,513,29986,0.60584,0.94,1,373547,373034,513
40222541,29.6384,46.2304,497,30057,0.545168,1,1,373580,373083,497
40225461,34.7277,42.8461,491,30127,0.517034,0.95,1,373616,373125,491
40228381,68.5455,78.1692,481,30197,0.447407,1,1,373693,373212,481
40231301,54.5091,58.8338,478,30267,0.481481,0.94,1,373744,373266,478
40234221,69.3018,82.1668,463,30337,0.408296,0.87,1,373817,373354,463
40237141,41.8604,46.0334,461,30407,0.425659,0.81,1,373852,373391,461
40240061,62.7721,66.8067,457,30477,0.477132,0.63,1,373920,373463,457
40242981,40.5544,43.7613,454,30546,0.503426,0.57,1,373955,373501,454
40245901,33.7109,36.7523,451,30615,0.508685,0.61,1,373987,373536,451
40248821,14.7422,16.1505,450,30684,0.493737,0.53,1,373997,373547,450
40251741,27.7484,29.6301,448,30753,0.522747,0.51,1,374028,373580,448
40254661,33.5497,34.726,447,30822,0.576549,0.43,1,374063,373616,447
40257581,61.9099,68.5452,439,30891,0.63531,0.49,1,374132,373693,439
40260501,54.782,54.509,441,30960,0.663062,0.39,1,374185,373744,441
40263421,70.1564,69.3018,442,31028,0.716612,0.43,1,374259,373817,442
40266341,42.0313,41.8604,442,31096,0.727322,0.49,1,374294,373852,442
40269261,66.0063,62.7721,446,31164,0.713464,0.51,1,374366,373920,446
40272181,42.0013,40.5544,447,31232,0.758693,0.51,2,374402,373955,447
40275101,33.2003,33.7109,446,31300,0.751739,0.51,2,374433,373987,446
40278021,15.44,6.74218,457,31368,0.766348,0.49,2,374444,373987,457
40280941,27.888,9.34844,478,31435,0.78527,0.53,2,374475,373997,478
40283861,34.3776,26.6697,483,31502,0.789054,0.59,2,374511,374028,483
40286781,64.4755,33.3339,520,31569,0.869811,0.65,2,374583,374063,520
40289701,56.8951,61.8668,506,31636,0.901962,0.67,2,374638,374132,506
40292621,72.179,54.7734,529,31703,0.860392,0.73,2,374714,374185,529
40295541,42.4358,70.1547,490,31770,0.868078,0.73,2,374749,374259,490
40298461,66.8872,42.0309,528,31837,0.901616,0.71,2,374822,374294,528
40301381,42.9774,66.0062,493,31903,0.892323,0.77,2,374859,374366,493
40304301,34.1955,42.0012,489,31969,0.906465,0.75,2,374891,374402,489
40307221,16.4391,33.2002,470,32035,0.909293,0.77,2,374903,374433,470
40310141,28.8878,15.44,491,32101,0.909859,0.79,2,374935,374444,491
40450301,104,43,576,35123,0.71,1,1,377099,376523,576
40453221,50.4,85.4,517,35183,0.662,1,1,377136,376619,517
40456141,64.48,45.08,550,35243,0.6364,1,1,377204,376654,550
40459061,43.296,65.016,518,35303,0.53528,1,1,377242,376724,518
40461981,33.4592,46.6032,507,35363,0.531056,1,1,377273,376766,507
40464901,37.8918,35.7206,513,35423,0.498211,0.95,1,377312,376799,513
40467821,27.5784,38.3441,499,35483,0.475642,0.92,1,377337,376838,499
40470741,31.9157,28.4688,506,35543,0.503128,0.98,1,377370,376864,506
40473661,30.3831,34.4938,500,35602,0.524626,0.93,1,377400,376900,500
40476581,26.8766,34.0988,492,35661,0.544925,0.87,1,377426,376934,492
40479501,6.97533,30.0198,465,35720,0.548985,0.85,1,377428,376963,465
40482421,26.1951,31.604,464,35779,0.533797,0.71,1,377459,376995,464
40485341,83.639,89.5208,458,35838,0.498759,0.65,1,377557,377099,458
40488261,41.5278,47.5042,452,35897,0.475752,0.63,1,377588,377136,452
40491181,60.3056,63.9008,449,35956,0.47115,0.51,1,377653,377204,449
40494101,36.8611,43.1802,442,36015,0.50223,0.53,1,377684,377242,442
40497021,31.3722,33.436,441,36074,0.508446,0.49,1,377714,377273,441
40499941,40.6744,37.8872,445,36133,0.509689,0.47,1,377757,377312,445
40502861,29.7349,27.5774,447,36191,0.493938,0.51,1,377784,377337,447
40505781,33.147,31.9155,448,36249,0.506788,0.53,1,377818,377370,448
40508701,31.4294,30.3831,449,36307,0.573358,0.55,1,377849,377400,449
40511621,27.0859,26.8766,449,36365,0.634671,0.55,1,377875,377426,449
40514541,7.01718,6.97532,449,36423,0.646934,0.53,1,377877,377428,449
40517461,25.4034,26.1951,448,36481,0.649387,0.49,1,377907,377459,448
40520381,78.6807,83.639,442,36539,0.681877,0.47,1,377999,377557,442
40523301,42.1361,41.5278,444,36597,0.688375,0.47,1,378032,377588,444
40526221,59.6272,60.3056,443,36655,0.753675,0.51,2,378096,377653,443
40529141,36.7254,36.8611,443,36713,0.782735,0.51,2,378127,377684,443
40532061,31.3451,31.3722,443,36771,0.804547,0.51,2,378157,377714,443
40534981,42.269,40.6744,445,36828,0.840909,0.49,2,378202,377757,445
40537901,30.8538,29.7349,446,36885,0.816182,0.51,2,378230,377784,446
40540821,35.7708,33.147,449,36942,0.843236,0.59,2,378267,377818,449
40543741,31.9542,31.4294,449,36999,0.800647,0.65,2,378298,377849,449
40546661,29.5908,27.0859,452,37056,0.808129,0.65,2,378327,377875,452
40549581,7.51817,7.01718,452,37113,0.809626,0.65,2,378329,377877,452
40552501,25.5036,25.4034,452,37170,0.841925,0.65,2,378359,377907,452
40555421,79.5007,5.08069,545,37227,0.832385,0.69,2,378452,377907,545
40558341,43.1001,74.6161,487,37284,0.830477,0.69,2,378486,377999,487
40561261,62.22,41.3232,521,37341,0.910095,0.77,2,378553,378032,521
40564181,38.044,59.4646,489,37398,0.926019,0.79,2,378585,378096,489
40818221,30,35,504,42025,0.79,1,2,381803,381299,504
40821141,38,39,504,42075,0.662,1,1,381843,381339,504
40824061,36.4,49.4,488,42125,0.5724,1,1,381879,381391,488
40826981,31.28,31.48,491,42175,0.50648,1,1,381909,381418,491
40829901,31.856,28.696,495,42225,0.381296,1,1,381941,381446,495
40832821,31.9712,27.3392,500,42275,0.356259,1,1,381973,381473,500
40835741,31.9942,31.0678,500,42325,0.287252,1,1,382005,381505,500
40838661,22.3988,35.0136,484,42375,0.22545,0.96,1,382025,381541,484
40841581,46.0798,47.0027,486,42425,0.0690901,1,1,382077,381591,486
40844501,38.016,39.8005,484,42475,0.013818,0.97,1,382113,381629,484
40847421,32.4032,35.9601,480,42525,0.0107636,0.82,1,382144,381664,480
40850341,20.8806,27.992,472,42575,0.0101527,0.94,1,382162,381690,472
40853261,32.9761,39.9984,465,42625,0.0420305,0.93,1,382198,381733,465
40856181,36.9952,39.9997,463,42675,0.0324061,0.79,1,382236,381773,463
40859101,27.399,31.9999,458,42724,0.0464812,0.63,1,382261,381803,458
40862021,30.2798,38.4,449,42773,0.00929624,0.55,1,382292,381843,449
40864941,29.256,36.48,442,42822,0.0898592,0.49,1,382321,381879,442
40867861,29.0512,31.296,441,42871,0.0419719,0.35,1,382350,381909,441
40870781,31.4102,31.8592,441,42920,0.0803944,0.35,1,382382,381941,441
40873701,30.282,31.9718,439,42969,0.0560789,0.27,1,382412,381973,439
40876621,30.0564,31.9944,437,43018,0.0352158,0.27,1,382442,382005,437
40879541,15.6113,6.39887,449,43067,0.0310432,0.21,1,382454,382005,449
40882461,40.7223,17.2798,476,43116,0.0302086,0.03,1,382501,382025,476
40885381,36.1445,45.056,459,43165,0.0780417,0,1,382536,382077,459
40888301,31.2289,37.8112,453,43214,0.0156083,0.01,1,382566,382113,453
40891221,19.8458,32.3622,439,43263,0.0431217,0.01,1,382583,382144,439
40894141,32.7692,20.8724,457,43312,0.0646243,0.05,1,382619,382162,457
40897061,37.7538,32.9745,460,43361,0.0369249,0.03,1,382658,382198,460
40899981,26.7508,36.9949,446,43410,0.031385,0.05,1,382682,382236,446
40902901,30.9502,27.399,453,43459,0.046277,0,1,382714,382261,453
40905821,29.39,30.2798,451,43508,0.0332554,0.11,1,382743,382292,451
40908741,28.278,29.256,450,43556,0.00665108,0.03,1,382771,382321,450
40911661,32.8556,29.0512,455,43604,0.0573302,0.09,1,382805,382350,455
40914581,30.5711,31.4102,453,43652,0.115466,0.05,1,382835,382382,453
40917501,29.3142,30.282,452,43700,0.159093,0.03,1,382864,382412,452
40920421,15.4628,30.0564,434,43748,0.183819,0.03,1,382876,382442,434
40923341,41.4926,15.6113,470,43796,0.188764,0.03,1,382924,382454,470
40926261,36.2985,40.7223,458,43844,0.189753,0.09,1,382959,382501,458
40929181,32.0597,36.1445,454,43892,0.0939505,0,1,382990,382536,454
40932101,20.0119,31.2289,441,43940,0.0587901,0.05,1,383007,382566,441
40935021,31.2024,19.8458,458,43988,0.099758,0.07,1,383041,382583,458
40937941,38.2405,32.7692,462,44036,0.0759516,0.03,1,383081,382619,462
40940861,28.4481,37.7538,449,44084,0.0391903,0.03,1,383107,382658,449
40943781,28.8896,26.7508,454,44132,0.0478381,0.05,1,383136,382682,454
40946701,28.9779,30.9502,451,44180,0.0335676,0.03,1,383165,382714,451
40949621,28.1956,29.39,450,44228,0.00671352,0,1,383193,382743,450
40952541,36.0391,28.278,460,44276,0.0413427,0.07,1,383231,382771,460
40955461,32.8078,32.8556,458,44324,0.0482685,0.13,1,383263,382805,458
40958381,31.3616,30.5711,459,44372,0.129654,0.17,1,383294,382835,459
40961301,16.6723,29.3142,443,44420,0.113931,0.19,1,383307,382864,443
40964221,39.3345,15.4628,476,44467,0.126786,0.19,1,383352,382876,476
40967141,9.46689,41.4926,430,44514,0.129357,0.19,1,383354,382924,430
40970061,31.4934,36.2985,432,44561,0.145871,0.07,1,383391,382959,432
40972981,25.4987,32.0597,425,44608,0.149174,0.05,1,383415,382990,425
40975901,19.4997,20.0119,426,44655,0.117835,0.11,1,383433,383007,426
40978821,31.8999,31.2024,427,44702,0.127567,0.07,1,383468,383041,427
40981741,36.78,38.2405,425,44749,0.161513,0.03,1,383506,383081,425
40984661,26.556,28.4481,423,44796,0.152303,0.05,1,383530,383107,423
40987581,28.5112,28.8896,423,44843,0.166461,0.03,1,383559,383136,423
40990501,28.9022,28.9779,423,44890,0.185292,0,1,383588,383165,423
40993421,28.1804,28.1956,423,44937,0.157058,0.05,1,383616,383193,423
40996341,36.8361,36.0391,424,44984,0.183412,0.05,1,383655,383231,424
40999261,32.9672,32.8078,424,45031,0.188682,0.15,1,383687,383263,424
41002181,34.5934,31.3616,428,45078,0.189736,0.11,1,383722,383294,428
41005101,16.5187,16.6723,427,45125,0.173947,0.13,1,383734,383307,427
41008021,40.1037,39.3345,428,45172,0.234789,0.13,1,383780,383352,428
41010941,9.62075,9.46689,428,45219,0.246958,0.15,1,383782,383354,428
41013861,30.7242,31.4934,427,45266,0.265392,0.15,1,383818,383391,427
41016781,25.3448,25.4987,427,45313,0.301078,0.11,1,383842,383415,427
41019701,19.469,19.4997,427,45360,0.308216,0.13,1,383860,383433,427
41022621,31.8938,31.8999,427,45406,0.293643,0.17,1,383895,383468,427
41025541,37.5788,36.78,428,45452,0.322729,0.15,1,383934,383506,428
41028461,27.5158,26.556,429,45498,0.328546,0.17,1,383959,383530,429
41031381,29.5031,28.5112,430,45544,0.329709,0.19,1,383989,383559,430
41034301,28.3006,28.9022,429,45590,0.329942,0.15,1,384017,383588,429
41037221,26.4601,28.1804,427,45636,0.329988,0.19,1,384043,383616,427
41040141,38.092,36.8361,429,45682,0.377998,0.19,1,384084,383655,429
41043061,34.0184,32.9672,430,45728,0.3716,0.19,1,384117,383687,430
41045981,34.8037,34.5934,430,45774,0.37032,0.17,1,384152,383722,430
41048901,17.3607,16.5187,431,45820,0.386064,0.25,1,384165,383734,431
41051821,42.6721,40.1037,434,45866,0.437213,0.25,1,384214,383780,434
41054741,10.1344,9.62075,434,45912,0.415443,0.25,1,384216,383782,434
41057661,30.8269,1.92415,470,45958,0.411088,0.27,1,384252,383782,470
41060581,25.3654,29.1848,458,46004,0.410218,0.31,1,384276,383818,458
41063501,19.4731,25.037,452,46050,0.426044,0.31,1,384294,383842,452
41066421,31.0946,19.4074,468,46096,0.445209,0.29,1,384328,383860,468
41069341,39.0189,31.8815,474,46142,0.465042,0.33,1,384369,383895,474
41072261,27.8038,37.5763,460,46188,0.485008,0.33,1,384394,383934,460
41075181,29.5608,27.5153,465,46234,0.505002,0.33,1,384424,383959,465
41078101,28.3122,29.5031,463,46280,0.509,0.33,1,384452,383989,463
41081021,26.4624,28.3006,461,46326,0.5418,0.33,1,384478,384017,461
41083941,40.4925,26.4601,479,46372,0.53236,0.39,1,384522,384043,479
41086861,33.6985,38.092,470,46417,0.530472,0.37,1,384554,384084,470
41089781,36.3397,34.0184,474,46462,0.530094,0.37,1,384591,384117,474
41092701,16.8679,34.8037,451,46507,0.546019,0.39,1,384603,384152,451
41095621,44.9736,17.3607,490,46552,0.581204,0.45,1,384655,384165,490
41098541,10.5947,42.6721,443,46597,0.588241,0.41,1,384657,384214,443
41101461,30.9189,10.1344,477,46642,0.605648,0.41,1,384693,384216,477
41104381,25.3838,30.8269,465,46687,0.62513,0.41,1,384717,384252,465
41107301,20.2768,25.3654,460,46732,0.661026,0.43,1,384736,384276,460
41110221,32.0554,19.4731,477,46777,0.684205,0.45,1,384771,384294,477
41113141,40.0111,31.0946,485,46822,0.720841,0.47,1,384813,384328,485
41116061,29.6022,39.0189,471,46867,0.712168,0.49,1,384840,384369,471
41118981,29.9204,27.8038,476,46912,0.758434,0.51,2,384870,384394,476
41121901,29.9841,29.5608,476,46957,0.767687,0.51,2,384900,384424,476
41124821,26.7968,28.3122,474,47002,0.769537,0.55,2,384926,384452,474
41127741,39.7594,26.4624,491,47047,0.753907,0.53,2,384969,384478,491
41130661,33.5519,40.4925,479,47092,0.750781,0.53,2,385001,384522,479
41133581,37.1104,33.6985,485,47137,0.766156,0.53,2,385039,384554,485
41136501,17.8221,36.3397,461,47182,0.785231,0.55,2,385052,384591,461
41139421,45.9644,16.8679,502,47227,0.773046,0.59,2,385105,384603,502
41142341,10.7929,44.9736,452,47272,0.770609,0.59,2,385107,384655,452
41145261,31.7586,10.5947,487,47317,0.754122,0.61,2,385144,384657,487
41148181,26.3517,30.9189,476,47362,0.798824,0.63,2,385169,384693,476
41151101,6.87034,25.3838,454,47407,0.807765,0.67,2,385171,384717,454
41154021,17.3741,20.2768,455,47451,0.825553,0.69,2,385191,384736,455
41156941,33.0748,32.0554,457,47495,0.861111,0.73,2,385228,384771,457
41159861,41.015,40.0111,458,47539,0.884222,0.71,2,385271,384813,458
41162781,30.603,29.6022,459,47583,0.888844,0.77,2,385299,384840,459
41165701,30.9206,29.9204,460,47627,0.873769,0.77,2,385330,384870,460
41168621,30.1841,29.9841,460,47671,0.886754,0.77,2,385360,384900,460
41171541,26.8368,26.7968,460,47715,0.889351,0.75,2,385386,384926,460
41174461,38.9674,39.7594,459,47759,0.88987,0.75,2,385428,384969,459
41177381,34.1935,33.5519,460,47803,0.889974,0.77,2,385461,385001,460
41180301,37.2387,37.1104,460,47847,0.937995,0.79,2,385499,385039,460
41405141,75,55,490,23451,0.05,0.59,1,387792,387302,490
41408061,68.6,67.8,486,23541,0.05,0.33,1,387859,387373,486
41410981,66.52,82.36,466,23631,0.066,0.27,1,387925,387459,466
41413901,61.304,64.472,466,23721,0.1172,0.25,1,387985,387519,466
41416821,41.8608,52.8944,453,23810,0.12744,0.13,1,388022,387569,453
41419741,65.9722,46.5789,480,23899,0.177488,0.15,1,388094,387614,480
41422661,19.5944,52.5158,434,23988,0.187498,0.11,1,388102,387668,434
41425581,36.7189,32.1032,448,24076,0.1735,0.05,1,388143,387695,448
41428501,66.5438,84.0206,425,24164,0.2187,0.05,1,388217,387792,425
41431421,66.9088,70.4041,425,24252,0.25974,0.07,1,388284,387859,425
41434341,66.1817,66.8808,425,24339,0.267948,0.13,1,388350,387925,425
41437261,62.0363,61.3762,426,24426,0.30159,0.13,1,388411,387985,426
41440181,43.6073,41.8752,428,24513,0.308318,0.19,1,388450,388022,428
41443101,68.7215,65.975,431,24599,0.309664,0.19,1,388525,388094,431
41446021,18.5443,19.595,429,24685,0.341933,0.17,1,388531,388102,429
41448941,37.3089,36.719,430,24771,0.348387,0.23,1,388573,388143,430
41451861,67.4618,66.5438,431,24857,0.397677,0.27,1,388648,388217,431
41454781,69.4924,66.9088,434,24942,0.423535,0.27,1,388718,388284,434
41457701,67.4985,66.1818,435,25027,0.492707,0.31,1,388785,388350,435
41460621,62.2997,62.0363,435,25112,0.506541,0.31,1,388846,388411,435
41463541,44.4599,43.6073,436,25196,0.509308,0.31,1,388886,388450,436
41466461,69.692,68.7215,437,25280,0.557862,0.35,1,388962,388525,437
41469381,18.7384,18.5443,437,25364,0.535572,0.35,1,388968,388531,437
41472301,37.3477,37.3089,437,25448,0.579114,0.35,1,389010,388573,437
41475221,69.0695,7.46177,514,25531,0.587823,0.41,1,389087,388573,514
41478141,72.2139,61.4924,512,25614,0.637565,0.43,1,389160,388648,512
41481061,69.6428,68.2985,511,25697,0.663513,0.51,1,389229,388718,511
41483981,62.7286,67.2597,505,25779,0.668703,0.51,1,389290,388785,505
41486901,44.5457,62.2519,484,25861,0.685741,0.51,1,389330,388846,484
41489821,72.1091,44.4504,523,25943,0.769148,0.57,2,389409,388886,523
41492741,19.2218,69.6901,453,26025,0.78583,0.53,2,389415,388962,453
41495661,38.2444,18.738,490,26106,0.821166,0.59,2,389458,388968,490
41498581,70.8489,37.3476,527,26187,0.844233,0.59,2,389537,389010,527
41501501,74.9698,69.0695,526,26268,0.832847,0.65,2,389613,389087,526
41504421,70.994,72.2139,523,26349,0.862569,0.67,2,389683,389160,523
41507341,62.9988,69.6428,515,26429,0.868514,0.67,2,389744,389229,515
41510261,45.3998,62.7286,495,26509,0.853703,0.69,2,389785,389290,495
41513181,77.08,44.5457,540,26589,0.85074,0.79,2,389870,389330,540
41516101,20.216,72.1091,467,26669,0.882148,0.79,2,389876,389409,467
41519021,40.0432,19.2218,506,26748,0.90443,0.83,2,389921,389415,506
41521941,71.2086,38.2444,542,26827,0.924886,0.85,2,390000,389458,542
41618301,95,47,561,29319,0.59,1,1,391760,391199,561
41621221,41.4,77.4,504,29391,0.494,1,1,391788,391284,504
41624141,34.68,34.68,513,29463,0.4268,1,1,391821,391308,513
41627061,62.936,28.536,556,29535,0.30136,1,1,391891,391335,556
41629981,74.1872,76.9072,544,29607,0.196272,0.9,1,391968,391424,544
41632901,35.6374,69.7814,502,29678,0.0952544,1,1,391994,391492,502
41635821,31.9275,39.5563,501,29749,0.0270509,1,1,392025,391524,501
41638741,61.5855,34.3113,537,29820,0.0934102,0.87,1,392094,391557,537
41641661,13.9171,67.6623,463,29891,0.106682,0.75,1,392096,391633,463
41644581,22.7834,39.1324,456,29962,0.0613364,0.59,1,392121,391665,456
41647501,74.1567,83.8265,448,30033,0.132267,0.47,1,392208,391760,448
41650421,37.2313,39.1653,448,30103,0.162453,0.41,1,392236,391788,448
41653341,29.0463,34.2331,442,30173,0.136491,0.27,1,392263,391821,442
41656261,56.2093,62.8466,435,30243,0.195298,0.17,1,392326,391891,435
41659181,68.8419,74.1693,430,30313,0.23906,0.07,1,392398,391968,430
41662101,28.1684,35.6339,422,30383,0.215812,0.01,1,392416,391994,422
41665021,30.4337,31.9268,422,30453,0.179162,0.11,1,392447,392025,422
41667941,63.6867,61.5854,425,30522,0.219832,0.11,1,392519,392094,425
41670861,14.3373,13.9171,425,30591,0.227966,0.05,1,392521,392096,425
41673781,23.6675,22.7834,426,30660,0.245593,0.15,1,392547,392121,426
41676701,76.7335,74.1567,429,30729,0.281119,0.17,1,392637,392208,429
41679621,37.7467,37.2313,429,30798,0.288224,0.13,1,392665,392236,429
41682541,30.7493,29.0463,431,30867,0.257645,0.21,1,392694,392263,431
41685461,57.3499,56.2093,432,30936,0.283529,0.25,1,392758,392326,432
41688381,69.07,68.8419,432,31004,0.320706,0.21,1,392830,392398,432
41691301,27.414,28.1684,431,31072,0.312141,0.17,1,392847,392416,431
41694221,30.2828,30.4337,431,31140,0.294428,0.23,1,392878,392447,431
41697141,63.6566,63.6867,431,31208,0.354886,0.23,1,392950,392519,431
41700061,14.3313,14.3373,431,31276,0.366977,0.23,1,392952,392521,431
41702981,23.6663,2.86747,457,31344,0.337395,0.25,1,392978,392521,457
41705901,78.3333,21.3735,523,31412,0.363479,0.29,1,393070,392547,523
41708821,38.8666,76.2747,462,31479,0.352696,0.29,1,393099,392637,462
41711741,30.1733,37.6549,462,31546,0.366539,0.25,1,393127,392665,462
41714661,57.2347,30.731,497,31613,0.417308,0.29,1,393191,392694,497
41717581,70.6469,57.3462,507,31680,0.459462,0.33,1,393265,392758,507
41720501,26.9294,69.0692,451,31747,0.499892,0.31,1,393281,392830,451
41723421,30.9859,27.4138,466,31814,0.539978,0.29,1,393313,392847,466
41726341,65.3972,30.2828,509,31881,0.611996,0.37,1,393387,392878,509
41729261,14.6794,63.6566,439,31947,0.626399,0.37,1,393389,392950,439
41732181,23.7359,14.3313,463,32013,0.62928,0.33,1,393415,392952,463
41735101,79.9472,23.6663,531,32079,0.661856,0.37,1,393509,392978,531
41738021,38.3894,78.3333,467,32145,0.684371,0.35,1,393537,393070,467
41740941,30.8779,38.8666,467,32211,0.672874,0.37,1,393566,393099,467
41743861,59.7756,30.1733,506,32277,0.670575,0.43,1,393633,393127,506
41746781,74.3551,57.2347,520,32343,0.702115,0.47,1,393711,393191,520
41749701,28.471,70.6469,463,32408,0.724423,0.51,1,393728,393265,463
41752621,32.0942,26.9294,480,32473,0.744885,0.55,1,393761,393281,480
41755541,68.8188,30.9859,526,32538,0.764977,0.63,2,393839,393313,526
41758461,15.3638,65.3972,454,32603,0.768995,0.63,2,393841,393387,454
41761381,24.6728,14.6794,479,32668,0.801799,0.63,2,393868,393389,479
41764301,80.9346,23.7359,548,32733,0.79236,0.67,2,393963,393415,548
41767221,17.7869,79.9472,456,32798,0.790472,0.69,2,393965,393509,456
41770141,25.9574,38.3894,456,32862,0.838094,0.67,2,393993,393537,456
41773061,27.5915,30.8779,455,32926,0.815619,0.67,2,394021,393566,455
41775981,59.1183,59.7756,455,32990,0.875124,0.71,2,394088,393633,455
41778901,75.8237,74.3551,457,33054,0.871025,0.73,2,394168,393711,457
41781821,29.5647,28.471,458,33118,0.886205,0.75,2,394186,393728,458
41924901,29,21,492,36115,0.79,1,2,396247,395755,492
41927821,65.8,74.6,479,36174,0.742,1,1,396322,395843,479
41930741,47.56,38.92,492,36232,0.5884,1,1,396365,395873,492
41933661,36.712,33.384,494,36290,0.54168,1,1,396399,395905,494
41936581,24.9424,28.2768,489,36348,0.532336,1,1,396421,395932,489
41939501,15.3885,17.6554,487,36406,0.546467,1,1,396434,395947,487
41942421,27.8777,33.9311,480,36464,0.437293,0.91,1,396465,395985,480
41945341,64.7755,72.3862,472,36522,0.399459,0.94,1,396539,396067,472
41948261,38.5551,43.2772,468,36580,0.423892,1,1,396571,396103,468
41951181,28.511,27.8554,470,36638,0.396778,0.93,1,396597,396127,470
41954101,56.9022,58.3711,468,36696,0.407356,0.89,1,396661,396193,468
41957021,31.3804,31.6742,468,36754,0.393471,0.79,1,396686,396218,468
41959941,27.8761,29.5348,466,36811,0.358694,0.73,1,396713,396247,466
41962861,57.5752,65.907,456,36868,0.383739,0.55,1,396778,396322,456
41965781,40.315,47.5814,449,36925,0.388748,0.53,1,396814,396365,449
41968701,36.063,36.7163,450,36982,0.42175,0.53,1,396849,396399,450
41971621,24.0126,24.9433,449,37039,0.42835,0.55,1,396870,396421,449
41974541,12.8025,15.3887,446,37096,0.41367,0.41,1,396880,396434,446
41977461,24.1605,27.8777,442,37153,0.426734,0.41,1,396907,396465,442
41980381,60.8321,5.57555,512,37210,0.429347,0.39,1,396977,396465,512
41983301,39.3664,60.3151,472,37267,0.397869,0.43,1,397011,396539,472
41986221,27.0733,37.663,464,37324,0.455574,0.39,1,397035,396571,464
41989141,58.2147,28.3326,504,37381,0.451115,0.41,1,397101,396597,504
41992061,30.0429,56.8665,463,37438,0.466223,0.39,1,397124,396661,463
41994981,26.8086,31.3733,464,37494,0.485245,0.35,1,397150,396686,464
41997901,58.9617,27.8747,504,37550,0.569049,0.39,1,397217,396713,504
42000821,41.3923,57.5749,476,37606,0.60181,0.39,1,397254,396778,476
42003741,36.2785,40.315,475,37662,0.608362,0.43,1,397289,396814,475
42006661,24.8557,36.063,462,37718,0.609672,0.43,1,397311,396849,462
42009581,11.3711,24.0126,449,37774,0.625934,0.41,1,397319,396870,449
42012501,24.6742,12.8025,467,37830,0.629187,0.43,1,397347,396880,467
42015421,62.5348,24.1605,512,37886,0.725837,0.43,1,397419,396907,512
42018341,38.107,60.8321,474,37942,0.745167,0.39,1,397451,396977,474
42021261,30.0214,39.3664,468,37998,0.765033,0.47,2,397479,397011,468
42024181,58.0043,27.0733,509,38054,0.769007,0.45,2,397544,397035,509
42027101,30.8009,58.2147,467,38110,0.769801,0.47,2,397568,397101,467
42030021,26.1602,30.0429,469,38165,0.76996,0.49,2,397593,397124,469
42032941,62.832,26.8086,515,38220,0.817992,0.59,2,397665,397150,515
42035861,44.5664,58.9617,488,38275,0.843598,0.61,2,397705,397217,488
42038781,36.9133,41.3923,486,38330,0.86472,0.61,2,397740,397254,486
42041701,25.7827,36.2785,474,38385,0.852944,0.61,2,397763,397289,474
42044621,11.5565,24.8557,460,38440,0.850589,0.63,2,397771,397311,460
42047541,24.7113,11.3711,480,38495,0.850118,0.63,2,397799,397319,480
42050461,67.3423,24.6742,530,38550,0.818024,0.75,2,397877,397347,530
42053381,39.0685,62.5348,490,38605,0.811605,0.75,2,397909,397419,490
42056301,9.41369,38.107,460,38660,0.810321,0.77,2,397911,397451,460
42059221,24.2827,30.0214,460,38715,0.858064,0.77,2,397939,397479,460
42062141,56.8565,58.0043,460,38770,0.899613,0.77,2,398004,397544,460
42065061,31.3713,30.8009,461,38824,0.891923,0.77,2,398029,397568,461
42067981,25.4743,26.1602,460,38878,0.890384,0.83,2,398053,397593,460
42231501,54,52,487,41812,0.59,1,1,400113,399626,487
42234421,35.6,32.8,490,41862,0.558,1,1,400144,399654,490
42237341,27.92,30.56,486,41912,0.4876,1,1,400170,399684,486
42240261,34.384,31.712,490,41962,0.40952,1,1,400206,399716,490
42243181,43.6768,43.1424,490,42012,0.297904,1,1,400252,399762,490
42246101,27.1354,34.2285,481,42062,0.227581,1,1,400275,399794,481
42249021,35.8271,30.8457,489,42112,0.101516,1,1,400313,399824,489
42251941,33.5654,24.5691,499,42162,0.0603032,1,1,400346,399847,499
42254861,30.7131,36.1138,490,42212,0.0360606,1,1,400376,399886,490
42257781,20.5426,32.8228,476,42262,0.00721213,1,1,400394,399918,476
42260701,27.3085,32.1646,473,42312,0.00144243,1,1,400423,399950,473
42263621,27.0617,32.8329,467,42362,0.104288,0.89,1,400450,399983,467
42266541,28.6123,34.5666,461,42412,0.0448577,0.79,1,400479,400018,461
42269461,39.3225,39.7133,462,42462,0.0489715,0.59,1,400521,400059,462
42272381,41.4645,51.1427,450,42512,0.0337943,0.55,1,400563,400113,450
42275301,29.8929,35.0285,446,42562,0.0467589,0.47,1,400590,400144,446
42278221,25.1786,27.8057,444,42612,0.0333518,0.39,1,400614,400170,444
42281141,30.6357,34.3611,440,42662,0.0466704,0.27,1,400646,400206,440
42284061,37.3271,43.6722,433,42711,0.0653341,0.21,1,400685,400252,433
42286981,22.6654,27.1344,429,42760,0.0370668,0.07,1,400704,400275,429
42289901,29.3331,35.8269,422,42809,0.0474134,0.05,1,400735,400313,422
42292821,32.2666,33.5654,422,42858,0.0174827,0.03,1,400768,400346,422
42295741,31.2533,30.7131,423,42907,0.0434965,0,1,400799,400376,423
42298661,21.4507,20.5426,424,42956,0.0166993,0,1,400818,400394,424
42301581,27.4901,27.3085,424,43005,0.00333986,0,1,400847,400423,424
42304501,25.498,5.4617,449,43054,0.056668,0.13,1,400872,400423,449
42307421,27.4996,22.6923,450,43103,0.0833336,0.03,1,400900,400450,450
42310341,39.0999,27.7385,463,43152,0.0726667,0.05,1,400942,400479,463
42313261,41.42,39.1477,463,43201,0.0705333,0.03,1,400984,400521,463
42316181,29.884,41.4295,448,43250,0.0701067,0.05,1,401011,400563,448
42319101,25.1768,29.8859,445,43299,0.0540213,0.03,1,401035,400590,445
42322021,31.4354,25.1772,454,43348,0.0668043,0.05,1,401068,400614,454
42324941,37.4871,30.6354,461,43397,0.0853609,0.07,1,401107,400646,461
42327861,22.6974,37.3271,441,43446,0.0890722,0.03,1,401126,400685,441
42330781,30.1395,22.6654,454,43495,0.0738144,0.05,1,401158,400704,454
42333701,31.6279,29.3331,455,43544,0.0867629,0.01,1,401190,400735,455
42336621,34.3256,32.2666,457,43592,0.0253526,0.05,1,401225,400768,457
42339541,18.0651,31.2533,440,43640,0.0450705,0.01,1,401239,400799,440
42342461,26.813,21.4507,450,43688,0.0090141,0,1,401268,400818,450
42345381,30.1626,27.4901,452,43736,0.00980282,0.07,1,401299,400847,452
42348301,23.6325,25.498,449,43784,0.0259606,0.09,1,401321,400872,449
42351221,39.1265,27.4996,464,43832,0.0451921,0.07,1,401364,400900,464
42354141,41.4253,39.0999,464,43880,0.0490384,0.07,1,401406,400942,464
42357061,29.8851,41.42,449,43928,0.0338077,0.07,1,401433,400984,449
42359981,25.177,29.884,446,43976,0.0307615,0.05,1,401457,401011,446
42362901,31.4354,25.1768,455,44024,0.0461523,0.07,1,401490,401035,455
42365821,40.6871,31.4354,465,44072,0.0332305,0.09,1,401533,401068,465
42368741,22.5374,37.4871,444,44120,0.0466461,0.09,1,401551,401107,444
42371661,29.3075,22.6974,456,44168,0.0653292,0.07,1,401582,401126,456
42374581,32.2615,30.1395,457,44216,0.0690658,0.09,1,401615,401158,457
42377501,32.8523,31.6279,458,44264,0.0698132,0.01,1,401648,401190,458
42380421,17.7705,34.3256,437,44312,0.0699626,0.05,1,401662,401225,437
42383341,25.9541,18.0651,451,44360,0.0139925,0,1,401690,401239,451
42386261,29.1908,26.813,452,44408,0.0427985,0.01,1,401720,401268,452
42389181,23.4382,30.1626,443,44456,0.0165597,0.03,1,401742,401299,443
42392101,6.28763,23.6325,423,44503,0.0113119,0.05,1,401744,401321,423
42395021,37.2575,39.1265,425,44550,0.0422624,0.05,1,401789,401364,425
42397941,40.2515,41.4253,424,44597,0.0484525,0.03,1,401830,401406,424
42400861,28.8503,29.8851,423,44644,0.0496905,0.03,1,401856,401433,423
42403781,26.5701,25.177,425,44691,0.0979381,0.05,1,401882,401457,425
42406701,30.914,31.4354,424,44738,0.0915876,0.03,1,401914,401490,424
42409621,40.5828,40.6871,424,44785,0.154318,0.05,1,401957,401533,424
42412541,22.5166,22.5374,424,44832,0.134864,0.07,1,401975,401551,424
42415461,30.9033,29.3075,426,44879,0.162973,0.07,1,402008,401582,426
42418381,32.5807,32.2615,426,44926,0.200595,0.07,1,402041,401615,426
42421301,32.1161,32.8523,425,44973,0.224119,0.07,1,402073,401648,425
42424221,17.6232,17.7705,425,45020,0.196824,0,1,402087,401662,425
42427141,23.5246,25.9541,422,45067,0.191365,0.05,1,402112,401690,422
42430061,30.3049,29.1908,424,45114,0.190273,0.01,1,402144,401720,424
42432981,22.061,23.4382,422,45161,0.158055,0.01,1,402164,401742,422
42435901,6.0122,6.28763,422,45208,0.167611,0.05,1,402166,401744,422
42438821,37.2024,37.2575,422,45255,0.153522,0.05,1,402211,401789,422
42441741,41.8405,40.2515,424,45302,0.150704,0.05,1,402254,401830,424
42444661,29.1681,28.8503,424,45349,0.150141,0.11,1,402280,401856,424
42447581,28.2336,26.5701,426,45396,0.182028,0.09,1,402308,401882,426
42450501,32.0467,30.914,427,45442,0.188406,0.17,1,402341,401914,427
42453421,41.6093,40.5828,428,45488,0.221681,0.13,1,402385,401957,428
42456341,23.5219,22.5166,429,45534,0.212336,0.17,1,402404,401975,429
42459261,31.9044,30.9033,430,45580,0.242467,0.21,1,402438,402008,430
42462181,33.5809,32.5807,431,45626,0.216493,0.23,1,402472,402041,431
42465101,32.3162,32.1161,431,45672,0.211299,0.19,1,402504,402073,431
42468021,17.6632,17.6232,431,45718,0.21026,0.19,1,402518,402087,431
42470941,23.5326,23.5246,431,45764,0.274052,0.19,1,402543,402112,431
42473861,28.7065,30.3049,429,45810,0.31881,0.15,1,402573,402144,429
42476781,22.5413,22.061,430,45856,0.311762,0.17,1,402594,402164,430
42479701,6.10826,6.0122,430,45902,0.310352,0.15,1,402596,402166,430
42482621,34.8217,37.2024,427,45948,0.32607,0.15,1,402638,402211,427
42485541,42.1643,7.44049,471,45994,0.297214,0.15,1,402682,402211,471
42488461,30.0329,35.8881,455,46040,0.291443,0.15,1,402709,402254,455
42491381,27.6066,27.9776,456,46086,0.306289,0.19,1,402736,402280,456
42494301,33.5213,27.9955,463,46132,0.325258,0.19,1,402771,402308,463
42497221,41.9043,31.9991,474,46178,0.361052,0.23,1,402815,402341,474
42500141,24.3809,41.5998,450,46224,0.40021,0.21,1,402835,402385,450
42503061,32.0762,23.52,465,46270,0.440042,0.25,1,402869,402404,465
42505981,33.6152,31.904,465,46316,0.448008,0.21,1,402903,402438,465
42508901,32.323,33.5808,463,46362,0.465602,0.21,1,402935,402472,463
42511821,18.4646,32.3162,446,46407,0.50112,0.21,1,402950,402504,446
42514741,26.0929,17.6632,460,46452,0.508224,0.29,1,402978,402518,460
42517661,29.2186,23.5326,465,46497,0.525645,0.33,1,403008,402543,465
42520581,21.8437,28.7065,455,46542,0.545129,0.31,1,403028,402573,455
42523501,5.96874,22.5413,436,46587,0.549026,0.31,1,403030,402594,436
42526421,35.5938,6.10826,477,46632,0.533805,0.33,1,403073,402596,477
42529341,42.3188,34.8217,479,46677,0.546761,0.29,1,403117,402638,479
42532261,30.0637,42.1643,462,46722,0.581352,0.29,1,403144,402682,462
42535181,28.4127,30.0329,463,46767,0.60427,0.31,1,403172,402709,463
42538101,34.4826,27.6066,472,46812,0.624854,0.33,1,403208,402736,472
42541021,45.2965,33.5213,485,46857,0.612971,0.37,1,403256,402771,485
42543941,25.8593,41.9043,462,46902,0.626594,0.41,1,403277,402815,462
42546861,33.1719,24.3809,477,46947,0.613319,0.45,1,403312,402835,477
42549781,33.8344,32.0762,477,46992,0.610664,0.45,1,403346,402869,477
42552701,33.1669,33.6152,476,47037,0.626133,0.47,1,403379,402903,476
42555621,18.6334,32.323,459,47082,0.645227,0.51,1,403394,402935,459
42558541,27.7267,18.4646,474,47127,0.665045,0.51,1,403424,402950,474
42561461,30.3453,26.0929,477,47172,0.653009,0.53,1,403455,402978,477
42564381,22.8691,29.2186,468,47217,0.666602,0.55,1,403476,403008,468
42567301,6.17381,21.8437,450,47262,0.66932,0.55,1,403478,403028,450
42570221,34.8348,5.96874,490,47307,0.669864,0.53,1,403520,403030,490
42573141,42.967,35.5938,492,47352,0.685973,0.55,1,403565,403073,492
42576061,10.1934,42.3188,450,47397,0.689195,0.59,1,403567,403117,450
42578981,24.4387,30.0637,451,47441,0.737839,0.61,1,403595,403144,451
42581901,28.0877,28.4127,452,47485,0.731568,0.63,1,403624,403172,452
42584821,35.2175,34.4826,453,47529,0.730314,0.61,1,403661,403208,453
42587741,44.6435,45.2965,452,47573,0.714063,0.63,1,403708,403256,452
42590661,26.5287,25.8593,453,47617,0.710813,0.61,1,403730,403277,453
42593581,32.5057,33.1719,452,47661,0.774163,0.61,2,403764,403312,452
42596501,33.7011,33.8344,452,47705,0.786833,0.63,2,403798,403346,452
42599421,33.9402,33.1669,453,47749,0.837366,0.65,2,403832,403379,453
42602341,19.588,18.6334,454,47793,0.815473,0.67,2,403848,403394,454
42605261,28.7176,27.7267,455,47837,0.811095,0.65,2,403879,403424,455
42608181,31.3435,30.3453,456,47881,0.810219,0.67,2,403911,403455,456
42611101,22.2687,22.8691,455,47925,0.826044,0.67,2,403931,403476,455
42614021,6.05374,6.17381,455,47969,0.829209,0.67,2,403933,403478,455
42616941,34.8108,34.8348,455,48013,0.877842,0.69,2,403975,403520,455
42619861,43.7621,42.967,456,48057,0.871568,0.69,2,404021,403565,456
42622781,10.3524,10.1934,456,48101,0.902314,0.75,2,404023,403567,456
42625701,25.2705,24.4387,457,48145,0.908463,0.73,2,404052,403595,457
42821341,32,32,500,50995,0.93,1,2,406043,405543,500
42824261,26.4,32.8,492,51036,0.866,0.98,2,406068,405576,492
42827181,27.68,28.96,492,51077,0.8532,1,2,406096,405604,492
42830101,26.336,25.792,493,51118,0.88264,1,2,406122,405629,493
42833021,35.6672,23.5584,508,51159,0.840528,1,2,406160,405652,508
42835941,21.5334,34.3117,489,51200,0.768106,1,2,406178,405689,489
42838861,25.1067,34.0623,481,51241,0.769621,1,2,406204,405723,481
42841781,31.4213,29.2125,486,51282,0.817924,1,2,406237,405751,486
42844701,32.6843,31.4425,487,51323,0.779585,0.97,2,406270,405783,487
42847621,26.5369,35.0885,476,51364,0.819917,0.92,2,406295,405819,476
42850541,29.3074,31.0177,476,51405,0.827983,1,2,406325,405849,476
42853461,21.0615,17.4035,481,51446,0.813597,1,2,406344,405863,481
42856381,27.4123,25.0807,483,51487,0.762719,1,2,406373,405890,483
42859301,30.2825,36.2161,475,51528,0.768544,0.96,2,406404,405929,475
42862221,23.6565,28.8432,470,51569,0.817709,0.93,2,406426,405956,470
42865141,17.5313,19.3686,469,51610,0.827542,0.93,2,406442,405973,469
42868061,32.3063,34.2737,467,51651,0.845508,0.93,2,406478,406011,467
42870981,31.2613,32.4547,466,51692,0.865102,0.85,2,406509,406043,466
42873901,23.0523,26.4909,462,51733,0.85302,0.85,2,406530,406068,462
42876821,23.8105,27.6982,458,51774,0.898604,0.85,2,406554,406096,458
42879741,27.9621,5.53964,487,51815,0.859721,0.89,2,406583,406096,487
42882661,34.3924,21.9079,497,51856,0.851944,0.83,2,406619,406122,497
42885581,20.4785,34.7816,476,51897,0.866389,0.75,2,406636,406160,476
42888501,24.0957,21.3563,483,51938,0.869278,0.77,2,406661,406178,483
42891421,33.6191,25.0713,493,51979,0.869856,0.83,2,406697,406204,493
42894341,30.7238,31.4143,490,52020,0.885971,0.77,2,406727,406237,490
42897261,30.1448,32.6828,487,52060,0.921194,0.83,2,406757,406270,487
43127941,63,65,509,25716,0.17,0.85,1,409017,408508,509
43130861,55.8,75.4,485,25798,0.17,0.77,1,409071,408586,485
43133781,33.56,51.88,467,25880,0.122,0.59,1,409099,408632,467
43136701,44.312,38.376,479,25962,0.0964,0.43,1,409146,408667,479
43139621,57.6624,60.4752,474,26044,0.05928,0.29,1,409207,408733,474
43142541,69.1325,92.895,445,26125,0.099856,0.21,1,409279,408834,445
43145461,33.0265,41.779,440,26206,0.107971,0.17,1,409303,408863,440
43148381,72.2053,32.3558,492,26287,0.0775942,0.21,1,409385,408893,492
43151301,63.2411,55.2712,492,26368,0.0715188,0.17,1,409446,408954,492
43154221,54.2482,61.4542,481,26448,0.102304,0.17,1,409498,409017,481
43157141,31.6496,55.4908,453,26528,0.140461,0.11,1,409524,409071,453
43160061,43.9299,33.4982,472,26608,0.148092,0.09,1,409571,409099,472
43162981,57.586,44.2996,486,26688,0.101618,0.05,1,409632,409146,486
43165901,69.9172,57.6599,498,26767,0.156324,0.11,1,409705,409207,498
43168821,33.1834,69.132,450,26846,0.167265,0.11,1,409729,409279,450
43171741,8.23669,33.0264,428,26925,0.169453,0.07,1,409731,409303,428
43174661,64.8473,72.2053,425,27004,0.249891,0.07,1,409810,409385,425
43177581,61.7695,63.2411,425,27082,0.329978,0.11,1,409871,409446,425
43180501,55.5539,54.2482,427,27160,0.377996,0.15,1,409925,409498,427
43183421,31.9108,31.6496,427,27238,0.387599,0.15,1,409951,409524,427
43186341,45.5822,43.9299,429,27316,0.42152,0.09,1,410000,409571,429
43189261,55.5164,57.586,426,27394,0.428304,0.17,1,410058,409632,426
43192181,72.7033,69.9172,430,27471,0.397661,0.17,1,410135,409705,430
43195101,33.7407,33.1834,430,27548,0.423532,0.17,1,410159,409729,430
43198021,8.34813,8.23669,430,27625,0.428706,0.27,1,410161,409731,430
43200941,68.8696,64.8473,435,27702,0.429741,0.35,1,410245,409810,435
43203861,64.1739,61.7695,437,27778,0.445948,0.39,1,410308,409871,437
43206781,59.2348,55.5539,441,27854,0.56119,0.39,1,410366,409925,441
43209701,32.647,31.9108,441,27930,0.552238,0.43,1,410392,409951,441
43212621,47.3294,45.5822,443,28006,0.598448,0.43,1,410443,410000,443
43215541,55.8659,55.5164,443,28082,0.62369,0.39,1,410501,410058,443
43218461,71.1732,72.7033,441,28157,0.612738,0.43,1,410576,410135,441
43221381,33.4346,33.7407,441,28232,0.610548,0.43,1,410600,410159,441
43224301,8.28693,8.34813,441,28307,0.64211,0.43,1,410602,410161,441
43227221,68.8574,68.8696,441,28382,0.712422,0.43,1,410686,410245,441
43230141,65.7715,13.7739,506,28457,0.742484,0.45,1,410751,410245,506
43233061,63.5543,53.1548,506,28531,0.748497,0.59,1,410814,410308,506
43235981,35.1109,57.031,476,28605,0.765699,0.55,2,410842,410366,476
43238901,47.0222,32.2062,500,28679,0.80114,0.61,2,410892,410392,500
43241821,56.6044,47.2412,508,28753,0.808228,0.63,2,410951,410443,508
43244741,72.1209,55.8482,526,28827,0.809646,0.61,2,411027,410501,526
43247661,34.4242,71.1696,476,28900,0.793929,0.61,2,411052,410576,476
43250581,8.48483,33.4339,454,28973,0.822786,0.65,2,411054,410600,454
43253501,71.297,8.28679,539,29046,0.892557,0.73,2,411141,410602,539
43256421,68.6594,68.8574,523,29119,0.874511,0.75,2,411209,410686,523
43259341,64.1319,65.7715,521,29192,0.870902,0.75,2,411272,410751,521
43262261,36.8264,63.5543,488,29265,0.886181,0.77,2,411302,410814,488
43265181,48.1653,35.1109,511,29337,0.873236,0.81,2,411353,410842,511
43268101,56.8331,47.0222,520,29409,0.902647,0.81,2,411412,410892,520
43271021,72.1666,56.6044,537,29481,0.924529,0.81,2,411488,410951,537
43273941,35.2333,72.1209,487,29553,0.928906,0.79,2,411514,411027,487
43276861,8.64666,34.4242,464,29625,0.929781,0.83,2,411516,411052,464
43279781,74.5293,8.48483,553,29696,0.945956,0.91,2,411607,411054,553
43379061,30,27,506,32029,0.75,1,2,413225,412719,506
43381981,29.2,23,513,32095,0.734,1,1,413254,412741,513
43384901,39.44,34.2,518,32161,0.5708,1,1,413296,412778,518
43387821,83.888,47.64,562,32227,0.47416,1,1,413391,412829,562
43390741,44.7776,77.528,512,32293,0.422832,1,1,413426,412914,512
43393661,32.1555,41.9056,508,32359,0.380566,1,1,413455,412947,508
43396581,50.4311,33.1811,532,32424,0.276113,1,1,413510,412978,532
43399501,64.4862,50.6362,545,32489,0.207223,1,1,413578,413033,545
43402421,48.0972,66.9272,518,32554,0.129445,0.91,1,413622,413104,518
43405341,33.6194,59.7854,490,32619,0.129889,0.83,1,413652,413162,490
43408261,29.9239,38.3571,486,32684,0.0979778,0.75,1,413681,413195,486
43411181,25.9848,31.6714,481,32749,0.123596,0.73,1,413706,413225,481
43414101,6.79696,29.5343,454,32814,0.128719,0.53,1,413708,413254,454
43417021,30.9594,39.5069,449,32878,0.129744,0.45,1,413745,413296,449
43419941,77.3919,83.9014,443,32942,0.193949,0.41,1,413834,413391,443
43422861,43.4784,44.7803,443,33006,0.19079,0.37,1,413869,413426,443
43425781,27.8957,32.1561,438,33070,0.254158,0.25,1,413893,413455,438
43428701,43.9791,50.4312,431,33134,0.234832,0.19,1,413941,413510,431
43431621,60.7958,64.4862,428,33198,0.230966,0.11,1,414006,413578,428
43434541,45.7592,48.0972,426,33262,0.246193,0.13,1,414048,413622,426
43437461,34.7518,33.6194,428,33326,0.249239,0.09,1,414080,413652,428
43440381,28.5504,29.9239,426,33389,0.233848,0.13,1,414107,413681,426
43443301,26.5101,25.9848,427,33452,0.19877,0.13,1,414133,413706,427
43446221,6.90201,6.79696,427,33515,0.191754,0.13,1,414135,413708,427
43449141,31.7804,30.9594,428,33578,0.222351,0.21,1,414173,413745,428
43452061,79.1561,77.3919,430,33641,0.32447,0.19,1,414264,413834,430
43454981,44.6312,43.4784,431,33704,0.408894,0.27,1,414300,413869,431
43457901,29.7262,27.8957,433,33767,0.409779,0.23,1,414326,413893,433
43460821,45.1452,43.9791,434,33830,0.425956,0.23,1,414375,413941,434
43463741,61.029,60.7958,434,33893,0.445191,0.25,1,414440,414006,434
43466661,45.8058,45.7592,434,33955,0.449038,0.25,1,414482,414048,434
43469581,31.5612,34.7518,430,34017,0.465808,0.23,1,414510,414080,430
43472501,30.3122,28.5504,433,34079,0.501162,0.19,1,414540,414107,433
43475421,23.6624,26.5101,429,34141,0.492232,0.19,1,414562,414133,429
43478341,6.33249,6.90201,429,34203,0.490446,0.23,1,414564,414135,429
43481261,33.2665,31.7804,431,34265,0.506089,0.23,1,414604,414173,431
43484181,85.0533,6.35608,529,34327,0.621218,0.35,1,414702,414173,529
43487101,48.2107,74.0712,477,34389,0.628244,0.43,1,414741,414264,477
43490021,30.4421,43.6142,467,34450,0.661649,0.41,1,414767,414300,467
43492941,46.0884,29.5228,491,34511,0.66833,0.43,1,414817,414326,491
43495861,62.0177,45.1046,508,34572,0.669666,0.45,1,414883,414375,508
43498781,46.0035,61.0209,485,34633,0.685933,0.45,1,414925,414440,485
43501701,32.4007,45.8042,472,34694,0.721187,0.47,1,414954,414482,472
43504621,31.2801,31.5608,475,34755,0.712237,0.51,1,414985,414510,475
43507541,23.856,30.3122,467,34816,0.710447,0.49,1,415007,414540,467
43510461,6.37121,23.6624,447,34877,0.71009,0.49,1,415009,414562,447
43513381,34.8742,6.33249,487,34938,0.710018,0.51,1,415051,414564,487
43516301,88.5748,33.2665,549,34999,0.710004,0.65,1,415153,414604,549
43519221,49.715,85.0533,491,35059,0.710001,0.63,1,415193,414702,491
43522141,32.343,48.2107,480,35119,0.694,0.67,1,415221,414741,480
43525061,46.4686,30.4421,504,35179,0.7068,0.67,1,415271,414767,504
43527981,62.0937,46.0884,520,35239,0.74136,0.67,1,415337,414817,520
43530901,46.8187,62.0177,497,35299,0.732272,0.69,1,415380,414883,497
43533821,34.1637,46.0035,486,35359,0.714454,0.73,1,415411,414925,486
43536741,30.8327,32.4007,487,35419,0.726891,0.71,1,415441,414954,487
43539661,23.7665,31.2801,478,35479,0.729378,0.71,1,415463,414985,478
43542581,6.35331,23.856,458,35539,0.729876,0.71,1,415465,415007,458
43545501,36.4707,6.37121,500,35598,0.745975,0.71,1,415509,415009,500
43548421,87.2941,34.8742,558,35657,0.797195,0.71,2,415609,415051,558
43551341,19.0588,88.5748,458,35716,0.807439,0.71,2,415611,415153,458
43554261,35.8118,49.715,458,35775,0.889488,0.69,2,415651,415193,458
43557181,27.9624,32.343,456,35834,0.905898,0.71,2,415677,415221,456
43560101,47.1925,46.4686,458,35893,0.92518,0.75,2,415729,415271,458
43691501,24,99,506,38452,0.91,1,2,417517,417011,506
43694421,30.4,40.6,512,38507,0.926,1,2,417549,417037,512
43697341,27.68,28.92,513,38562,0.8652,1,2,417576,417063,513
43700261,35.936,29.784,521,38617,0.80504,0.97,2,417614,417093,521
43703181,18.3872,40.3568,492,38672,0.889008,1,2,417628,417136,492
43706101,46.8774,61.6714,479,38727,0.857802,1,2,417682,417203,479
43709021,54.9755,52.3343,486,38782,0.85156,1,2,417739,417253,486
43711941,36.5951,34.4669,488,38836,0.786312,1,2,417771,417283,488
43714861,33.719,33.2934,488,38890,0.725262,1,1,417804,417316,488
43717781,27.5438,32.2587,482,38944,0.745053,1,1,417830,417348,482
43720701,15.9088,19.2517,479,38998,0.765011,0.89,2,417843,417364,479
43723621,27.1818,25.4503,482,39052,0.769002,0.89,2,417873,417391,482
43726541,75.0363,86.6901,467,39106,0.7218,0.91,1,417960,417493,467
43729461,33.4073,36.538,466,39160,0.69636,0.93,1,417983,417517,466
43732381,32.2815,32.9076,466,39214,0.723272,0.85,1,418015,417549,466
43735301,26.4563,28.1815,464,39268,0.680654,0.79,1,418040,417576,464
43738221,38.0913,36.0363,467,39322,0.704131,0.91,1,418081,417614,467
43741141,14.0183,18.4073,461,39376,0.708826,0.85,1,418089,417628,461
43744061,48.4037,46.8815,464,39430,0.741765,0.85,1,418146,417682,464
43746981,50.4807,54.9763,458,39484,0.828353,0.77,2,418197,417739,458
43749901,34.8961,36.5953,457,39537,0.845671,0.71,2,418228,417771,457
43752821,35.7792,33.7191,460,39590,0.881134,0.75,2,418264,417804,460
43755741,26.3558,27.5438,458,39643,0.904227,0.77,2,418288,417830,458
43758661,15.6712,15.9088,458,39696,0.924845,0.77,2,418301,417843,458
44036061,32,30,511,44464,0.69,1,1,421646,421135,511
44038981,33.6,28.4,517,44511,0.578,1,1,421680,421163,517
44041901,24.32,32.88,505,44558,0.5876,1,1,421702,421197,505
44044821,31.264,36.176,501,44605,0.46152,1,1,421735,421234,501
44047741,37.4528,51.2352,485,44652,0.372304,1,1,421774,421289,485
44050661,45.0906,40.647,494,44699,0.242461,1,1,421821,421327,494
44053581,38.6181,36.1294,496,44746,0.152492,1,1,421858,421362,496
44056501,34.9236,35.2259,495,44793,0.0864984,1,1,421892,421397,495
44059421,33.3847,35.8452,492,44840,0.0732997,0.98,1,421925,421433,492
44062341,28.2769,31.169,489,44887,0.10266,1,1,421952,421463,489
44065261,17.6554,26.2338,479,44934,0.124532,1,1,421967,421488,479
44068181,28.3311,29.2468,480,44981,0.144906,1,1,421998,421518,480
44071101,28.0662,33.0494,474,45028,0.0849813,0.82,1,422026,421552,474
44074021,20.8132,28.2099,466,45075,0.104996,0.66,1,422045,421579,466
44076941,29.7626,33.642,463,45122,0.0929992,0.69,1,422077,421614,463
44079861,30.7525,32.3284,462,45169,0.1066,0.55,1,422108,421646,462
44082781,24.5505,33.6657,451,45216,0.07732,0.59,1,422131,421680,451
44085701,16.9101,24.3331,444,45263,0.151464,0.43,1,422146,421702,444
44088621,29.782,31.2666,444,45310,0.150293,0.35,1,422179,421735,444
44091541,33.1564,37.4533,439,45357,0.134059,0.21,1,422213,421774,439
44094461,38.6313,45.0907,432,45403,0.194812,0.13,1,422253,421821,432
44097381,34.1263,38.6181,428,45449,0.174962,0.07,1,422286,421858,428
44100301,31.6253,34.9236,425,45495,0.218992,0.07,1,422317,421892,425
44103221,31.1251,33.3847,423,45541,0.243798,0.11,1,422348,421925,423
44106141,30.225,28.2769,426,45587,0.28076,0.13,1,422378,421952,426
44109061,16.445,17.6554,424,45633,0.288152,0.15,1,422391,421967,424
44111981,27.289,28.3311,423,45679,0.28963,0.07,1,422421,421998,423
44114901,30.2578,28.0662,426,45725,0.305926,0.11,1,422452,422026,426
44117821,20.4516,20.8132,425,45771,0.277185,0.09,1,422470,422045,425
44120741,30.4903,29.7626,426,45817,0.287437,0.11,1,422503,422077,426
44123661,30.0981,30.7525,425,45863,0.321487,0.07,1,422533,422108,425
44126581,26.0196,24.5505,427,45909,0.360297,0.07,1,422558,422131,427
44129501,16.4039,4.9101,441,45955,0.36806,0.17,1,422572,422131,441
44132421,29.6808,12.982,459,46001,0.353612,0.15,1,422605,422146,459
44135341,34.7362,28.9964,462,46047,0.398722,0.13,1,422641,422179,462
44138261,38.9472,32.9993,468,46093,0.407744,0.21,1,422681,422213,468
44141181,37.3894,38.5999,465,46139,0.441549,0.17,1,422718,422253,465
44144101,30.6779,34.12,461,46185,0.43231,0.23,1,422747,422286,461
44147021,32.5356,31.624,463,46231,0.462462,0.25,1,422780,422317,463
44149941,32.1071,31.1248,464,46277,0.404492,0.29,1,422812,422348,464
44152861,17.6214,30.225,448,46323,0.440898,0.29,1,422826,422378,448
44155781,27.5243,16.445,465,46369,0.44818,0.29,1,422856,422391,465
44158701,29.5049,27.289,465,46414,0.449636,0.31,1,422886,422421,465
44161621,21.901,30.2578,454,46459,0.449927,0.27,1,422906,422452,454
44164541,29.9802,20.4516,468,46504,0.465985,0.29,1,422938,422470,468
44167461,31.596,30.4903,467,46549,0.437197,0.33,1,422970,422503,467
44170381,27.9192,30.0981,464,46594,0.447439,0.37,1,422997,422533,464
44173301,16.7838,26.0196,453,46639,0.449488,0.37,1,423011,422558,453
44176221,31.3568,16.4039,474,46684,0.481898,0.35,1,423046,422572,474
44179141,35.0714,29.6808,477,46729,0.47238,0.41,1,423082,422605,477
44182061,39.0143,34.7362,481,46774,0.486476,0.41,1,423122,422641,481
44184981,39.0029,38.9472,480,46819,0.473295,0.45,1,423161,422681,480
44187901,31.0006,37.3894,472,46864,0.454659,0.43,1,423190,422718,472
44190821,31.8001,30.6779,475,46909,0.466932,0.47,1,423222,422747,475
44193741,32.76,32.5356,475,46954,0.469386,0.39,1,423255,422780,475
44196661,17.752,32.1071,457,46999,0.469877,0.45,1,423269,422812,457
44199581,27.5504,17.6214,473,47044,0.485975,0.45,1,423299,422826,473
44202501,29.5101,27.5243,473,47089,0.505195,0.45,1,423329,422856,473
44205421,21.902,29.5049,463,47134,0.509039,0.45,1,423349,422886,463
44208341,30.7804,21.901,476,47179,0.525808,0.47,1,423382,422906,476
44211261,30.1561,29.9802,474,47224,0.545162,0.43,1,423412,422938,474
44214181,28.4312,31.596,470,47269,0.549032,0.45,1,423440,422970,470
44217101,16.8862,27.9192,457,47314,0.549806,0.45,1,423454,422997,457
44220021,31.3772,16.7838,478,47359,0.549961,0.49,1,423489,423011,478
44222941,7.87545,31.3568,445,47404,0.549992,0.47,1,423491,423046,445
44225861,30.3751,35.0714,445,47448,0.597998,0.49,1,423527,423082,445
44228781,38.875,39.0143,446,47492,0.6716,0.47,1,423568,423122,446
44231701,38.175,39.0029,445,47536,0.70232,0.45,1,423606,423161,445
44234621,30.035,31.0006,444,47580,0.676464,0.47,1,423634,423190,444
44237541,33.207,31.8001,446,47624,0.735293,0.47,1,423668,423222,446
44240461,32.2414,32.76,445,47668,0.779059,0.47,2,423700,423255,445
44243381,17.6483,17.752,445,47712,0.787812,0.49,2,423714,423269,445
44246301,29.1297,27.5504,447,47756,0.789562,0.51,2,423746,423299,447
44249221,29.8259,29.5101,447,47800,0.789912,0.51,2,423776,423329,447
44252141,21.9652,21.902,447,47844,0.821983,0.53,2,423796,423349,447
44255061,32.393,30.7804,449,47888,0.812397,0.55,2,423831,423382,449
44257981,30.4786,30.1561,449,47932,0.858479,0.55,2,423861,423412,449
44260901,28.4957,28.4312,449,47976,0.867696,0.55,2,423889,423440,449
44263821,16.8991,16.8862,449,48020,0.837539,0.55,2,423903,423454,449
44266741,31.3798,31.3772,449,48064,0.863508,0.55,2,423938,423489,449
44269661,7.87597,7.87545,449,48108,0.868702,0.61,2,423940,423491,449
44272581,32.7752,30.3751,452,48152,0.86974,0.69,2,423979,423527,452
44275501,41.755,38.875,455,48196,0.917948,0.71,2,424023,423568,455
44517861,61,61,497,23541,0.03,0.69,1,426559,426062,497
44520781,57.8,69.8,482,23631,0.078,0.55,1,426616,426134,482
44523701,53.96,56.36,482,23721,0.0396,0.37,1,426669,426187,482
44526621,53.992,70.472,462,23810,0.11192,0.23,1,426723,426261,462
44529541,58.7984,50.8944,476,23899,0.126384,0.05,1,426783,426307,476
44532461,29.3597,62.9789,432,23988,0.161277,0.13,1,426805,426373,432
44535381,28.2719,26.9958,442,24076,0.0722554,0.03,1,426833,426391,442
44538301,76.0544,90.9992,423,24164,0.0864511,0.03,1,426921,426498,423
44541221,64.0109,66.9998,423,24252,0.0572902,0.09,1,426982,426559,423
44544141,60.0022,59,425,24339,0.067458,0.03,1,427041,426616,425
44547061,52.0004,54.2,422,24426,0.101492,0.13,1,427091,426669,422
44549981,57.6001,54.04,427,24513,0.0762983,0.13,1,427150,426723,427
44552901,61.92,58.808,430,24599,0.0712597,0.17,1,427213,426783,430
44555821,26.784,29.3616,426,24685,0.0702519,0.05,1,427231,426805,426
44558741,27.7568,28.2723,426,24771,0.11805,0.09,1,427259,426833,426
44561661,75.9514,76.0545,426,24857,0.0636101,0.05,1,427347,426921,426
44564581,62.3903,64.0109,424,24942,0.084722,0.07,1,427406,426982,424
44567501,61.2781,60.0022,426,25027,0.136944,0.11,1,427467,427041,426
44570421,51.4556,52.0004,425,25112,0.163389,0.07,1,427516,427091,425
44573341,57.4911,57.6001,425,25196,0.152678,0.07,1,427575,427150,425
44576261,61.8982,61.92,425,25280,0.214536,0.07,1,427638,427213,425
44579181,27.5796,26.784,426,25364,0.210907,0.13,1,427657,427231,426
44582101,27.9159,27.7568,426,25448,0.226181,0.13,1,427685,427259,426
44585021,73.5832,5.55136,511,25531,0.245236,0.05,1,427770,427259,511
44587941,62.7166,71.5103,483,25614,0.281047,0.09,1,427830,427347,483
44590861,62.9433,61.5021,487,25697,0.304209,0.15,1,427893,427406,487
44593781,52.5887,61.1004,476,25779,0.340842,0.17,1,427943,427467,476
44596701,58.5177,51.4201,487,25861,0.380168,0.15,1,428003,427516,487
44599621,63.7035,57.484,493,25943,0.404034,0.23,1,428068,427575,493
44602541,28.7407,61.8968,450,26025,0.424807,0.21,1,428088,427638,450
44605461,28.9481,27.5794,460,26106,0.460961,0.23,1,428117,427657,460
44608381,74.5896,27.9159,518,26187,0.500192,0.25,1,428203,427685,518
44611301,64.5179,73.5832,495,26268,0.508038,0.29,1,428265,427770,495
44614221,64.1036,62.7166,499,26349,0.541608,0.31,1,428329,427830,499
44617141,54.4207,62.9433,488,26429,0.596322,0.35,1,428381,427893,488
44620061,60.4841,52.5887,500,26509,0.623264,0.39,1,428443,427943,500
44622981,65.6968,58.5177,507,26589,0.628653,0.41,1,428510,428003,507
44625901,29.1394,63.7035,462,26669,0.629731,0.43,1,428530,428068,462
44628821,31.4279,28.7407,474,26748,0.677946,0.47,1,428562,428088,474
44631741,75.8856,28.9481,532,26827,0.671589,0.51,1,428649,428117,532
44634661,64.7771,74.5896,508,26906,0.686318,0.51,1,428711,428203,508
44637581,14.5554,64.5179,448,26985,0.689264,0.55,1,428713,428265,448
44640501,54.9111,64.1036,449,27063,0.689853,0.61,1,428778,428329,449
44643421,54.9822,54.4207,452,27141,0.705971,0.63,1,428833,428381,452
44646341,61.3964,60.4841,453,27219,0.757194,0.63,2,428896,428443,453
44649261,65.8793,65.6968,453,27297,0.719439,0.63,1,428963,428510,453
44652181,29.9759,29.1394,454,27375,0.743888,0.69,1,428984,428530,454
44655101,31.5952,31.4279,454,27452,0.748778,0.67,1,429016,428562,454
44658021,76.719,75.8856,455,27529,0.765756,0.69,2,429104,428649,455
44660941,65.7438,64.7771,456,27606,0.833151,0.69,2,429167,428711,456
44663861,14.7488,14.5554,456,27683,0.81463,0.69,2,429169,428713,456
44666781,54.9498,54.9111,456,27760,0.858926,0.71,2,429234,428778,456
44669701,55.7899,54.9822,457,27836,0.883785,0.77,2,429290,428833,457
44672621,62.358,61.3964,458,27912,0.904757,0.71,2,429354,428896,458
44675541,66.0716,65.8793,458,27988,0.924951,0.75,2,429421,428963,458
44678461,29.2143,29.9759,457,28064,0.94499,0.75,2,429441,428984,457
44783581,33,43,489,30660,0.63,1,1,431265,430776,489
44786501,63.4,60.6,495,30729,0.582,1,1,431336,430841,495
44789421,41.48,32.12,506,30798,0.5404,1,1,431372,430866,506
44792341,29.096,34.424,497,30867,0.48408,1,1,431398,430901,497
44795261,65.0192,81.2848,478,30936,0.360816,0.99,1,431472,430994,478
44798181,61.0038,66.657,475,31004,0.336163,1,1,431532,431057,475
44801101,47.4008,49.3314,474,31072,0.267233,0.99,1,431576,431102,474
44804021,35.8802,40.2663,469,31140,0.317447,0.82,1,431609,431140,469
44806941,43.976,48.0533,465,31208,0.375489,0.75,1,431655,431190,465
44809861,36.7952,43.2107,458,31276,0.387098,0.75,1,431690,431232,458
44812781,28.159,8.64213,484,31344,0.38942,0.63,1,431716,431232,484
44815701,61.6318,28.1284,521,31412,0.373884,0.57,1,431786,431265,521
44818621,39.5264,62.4257,484,31479,0.418777,0.53,1,431820,431336,484
44821541,26.3053,41.2851,471,31546,0.379755,0.47,1,431843,431372,471
44824461,55.6611,29.057,508,31613,0.387951,0.33,1,431906,431398,508
44827381,61.5322,65.0114,497,31680,0.48559,0.33,1,431969,431472,497
44830301,47.5064,61.0023,481,31747,0.473118,0.25,1,432013,431532,481
44833221,34.3013,47.4005,468,31814,0.486624,0.33,1,432044,431576,468
44836141,47.6603,35.8801,486,31881,0.537325,0.39,1,432095,431609,486
44839061,35.9321,43.976,473,31947,0.547465,0.39,1,432128,431655,473
44841981,29.5864,36.7952,466,32013,0.549493,0.39,1,432156,431690,466
44844901,61.1173,28.159,509,32079,0.581899,0.37,1,432225,431716,509
44847821,40.2235,61.6318,474,32145,0.62038,0.43,1,432260,431786,474
44850741,25.6447,39.5264,462,32211,0.628076,0.37,1,432282,431820,462
44853661,57.1289,26.3053,504,32277,0.677615,0.39,1,432347,431843,504
44856581,64.2258,55.6611,507,32343,0.735523,0.51,1,432413,431906,507
44859501,48.8452,61.5322,489,32408,0.763105,0.47,2,432458,431969,489
44862421,34.569,47.5064,476,32473,0.752621,0.49,2,432489,432013,476
44865341,50.1138,34.3013,499,32538,0.750524,0.55,2,432543,432044,499
44868261,36.4228,47.6603,481,32603,0.766105,0.55,2,432576,432095,481
44871181,29.6846,35.9321,476,32668,0.769221,0.55,2,432604,432128,476
44874101,62.7369,29.5864,519,32733,0.785844,0.59,2,432675,432156,519
44877021,14.1474,61.1173,452,32798,0.789169,0.63,2,432677,432225,452
44879941,31.6295,40.2235,453,32862,0.789834,0.63,2,432713,432260,453
44882861,23.9259,25.6447,453,32926,0.789967,0.69,2,432735,432282,453
44885781,59.1852,57.1289,456,32990,0.837993,0.75,2,432803,432347,456
44888701,67.037,64.2258,459,33054,0.847599,0.77,2,432872,432413,459
44891621,48.6074,48.8452,458,33118,0.91352,0.75,2,432916,432458,458
44894541,35.3215,34.569,459,33182,0.942704,0.75,2,432948,432489,459
45058061,51,35,494,36580,0.79,0.98,2,435309,434815,494
45060981,35.8,30.2,497,36638,0.678,1,1,435341,434844,497
45063901,47.96,58.84,482,36696,0.4956,1,1,435392,434910,482
45066821,45.592,39.768,492,36754,0.26712,1,1,435437,434945,492
45069741,37.1184,37.5536,490,36811,0.109424,1,1,435472,434982,490
45072661,41.0237,42.7107,488,36868,0.0618848,1,1,435514,435026,488
45075581,44.2047,38.9421,495,36925,0.052377,1,1,435559,435064,495
45078501,33.6409,41.3884,484,36982,0.0984754,1,1,435590,435106,484
45081421,34.7282,37.8777,482,37039,0.0596951,0.97,1,435625,435143,482
45084341,25.3456,31.5755,475,37096,0.067939,0.89,1,435648,435173,475
45087261,13.8691,19.9151,469,37153,0.0535878,0.89,1,435659,435190,469
45090181,49.1738,3.98302,527,37210,0.0347176,0.79,1,435717,435190,527
45093101,46.6348,55.1966,505,37267,0.0309435,0.79,1,435763,435258,505
45096021,29.327,51.8393,479,37324,0.0461887,0.65,1,435788,435309,479
45098941,42.6654,35.9679,493,37381,0.0492377,0.45,1,435834,435341,493
45101861,34.1331,47.9936,474,37438,0.0498475,0.21,1,435866,435392,474
45104781,31.6266,45.5987,460,37494,0.0499695,0.07,1,435897,435437,460
45107701,39.1253,37.1197,466,37550,0.0979939,0.05,1,435938,435472,466
45110621,43.0251,41.024,468,37606,0.0755988,0.05,1,435982,435514,468
45113541,35.005,44.2048,456,37662,0.0551198,0.11,1,436015,435559,456
45116461,35.001,33.641,460,37718,0.035024,0.05,1,436050,435590,460
45119381,23.0002,34.7282,445,37774,0.0630048,0.07,1,436070,435625,445
45122301,15,25.3456,435,37830,0.068601,0.05,1,436083,435648,435
45125221,49.4,13.8691,482,37886,0.0697202,0.03,1,436141,435659,482
45128141,45.08,49.1738,468,37942,0.085944,0.03,1,436185,435717,468
45131061,29.816,46.6348,448,37998,0.121189,0.05,1,436211,435763,448
45133981,42.7632,29.327,469,38054,0.144238,0.05,1,436257,435788,469
45136901,34.9526,42.6654,456,38110,0.180848,0.05,1,436290,435834,456
45139821,30.9905,34.1331,454,38165,0.188169,0.05,1,436320,435866,454
45142741,40.5981,31.6266,466,38220,0.189634,0.11,1,436363,435897,466
45145661,42.5196,39.1253,468,38275,0.253927,0.07,1,436406,435938,468
45148581,34.1039,43.0251,456,38330,0.282785,0.05,1,436438,435982,456
45151501,35.6208,35.005,459,38385,0.304557,0.03,1,436474,436015,459
45154421,23.9242,35.001,445,38440,0.292911,0.07,1,436495,436050,445
45157341,14.3848,23.0002,437,38495,0.290582,0.07,1,436507,436070,437
45160261,49.277,15,482,38550,0.322116,0.07,1,436565,436083,482
45163181,46.6554,49.4,470,38605,0.328423,0.09,1,436611,436141,470
45166101,10.9311,45.08,428,38660,0.329685,0.13,1,436613,436185,428
45169021,22.9862,29.816,428,38715,0.329937,0.15,1,436639,436211,428
45171941,42.1972,42.7632,429,38770,0.345987,0.19,1,436686,436257,429
45174861,36.4394,34.9526,431,38824,0.365197,0.19,1,436721,436290,431
45177781,31.2879,30.9905,431,38878,0.385039,0.19,1,436751,436320,431
45180701,43.0576,40.5981,434,38932,0.357008,0.27,1,436797,436363,434
45183621,43.8115,42.5196,435,38986,0.367402,0.29,1,436841,436406,435
45186541,35.1623,34.1039,436,39040,0.38548,0.31,1,436874,436438,436
45189461,36.6325,35.6208,437,39094,0.437096,0.29,1,436911,436474,437
45192381,23.3265,23.9242,436,39148,0.431419,0.29,1,436931,436495,436
45195301,14.2653,14.3848,436,39202,0.462284,0.33,1,436943,436507,436
45198221,50.8531,49.277,438,39256,0.532457,0.33,1,437003,436565,438
45201141,45.3706,46.6554,436,39310,0.514491,0.33,1,437047,436611,436
45204061,10.6741,10.9311,436,39364,0.542898,0.33,1,437049,436613,436
45206981,22.9348,22.9862,436,39418,0.54858,0.35,1,437075,436639,436
45209901,42.987,42.1972,437,39472,0.565716,0.37,1,437123,436686,437
45212821,38.1974,36.4394,439,39526,0.585143,0.39,1,437160,436721,439
45215741,31.6395,31.2879,439,39579,0.621029,0.35,1,437190,436751,439
45218661,41.5279,43.0576,437,39632,0.596206,0.37,1,437234,436797,437
45221581,45.1056,43.8115,439,39685,0.591241,0.39,1,437280,436841,439
45224501,37.8211,35.1623,442,39738,0.574248,0.45,1,437316,436874,442
45227421,37.9642,36.6325,443,39791,0.57085,0.43,1,437354,436911,443
45230341,23.5928,23.3265,443,39844,0.57017,0.47,1,437374,436931,443
45233261,14.3186,14.2653,443,39897,0.570034,0.55,1,437386,436943,443
45236181,54.0637,50.8531,447,39950,0.634007,0.51,1,437450,437003,447
45239101,46.0127,45.3706,447,40003,0.630801,0.55,1,437494,437047,447
45242021,10.8025,10.6741,447,40056,0.63016,0.55,1,437496,437049,447
45244941,23.7605,22.9348,448,40109,0.662032,0.55,1,437523,437075,448
45247861,43.9521,4.58696,497,40162,0.668406,0.57,1,437572,437075,497
45250781,37.5904,39.3174,485,40215,0.669681,0.59,1,437608,437123,485
45253701,33.1181,37.4635,480,40268,0.669936,0.63,1,437640,437160,480
45256621,41.8236,31.4927,494,40320,0.669987,0.59,1,437684,437190,494
45259541,43.5647,41.4985,494,40372,0.669997,0.59,1,437728,437234,494
45262461,36.7129,45.0997,483,40424,0.701999,0.57,1,437763,437280,483
45265381,37.7426,37.8199,485,40476,0.7244,0.57,1,437801,437316,485
45268301,23.5485,37.964,467,40528,0.74488,0.57,1,437821,437354,467
45271221,15.1097,23.5928,460,40580,0.748976,0.57,1,437834,437374,460
45274141,56.6219,14.3186,515,40632,0.781795,0.65,2,437901,437386,515
45277061,47.3244,54.0637,496,40684,0.804359,0.63,2,437946,437450,496
45279981,11.0649,46.0127,454,40736,0.808872,0.63,2,437948,437494,454
45282901,25.413,10.8025,481,40788,0.825774,0.67,2,437977,437496,481
45285821,44.2826,23.7605,503,40840,0.861155,0.67,2,438026,437523,503
45288741,37.6565,43.9521,490,40892,0.900231,0.67,2,438062,437572,490
45291661,33.1313,37.5904,486,40944,0.924046,0.67,2,438094,437608,486
45677101,39,31,532,47262,0.75,1,2,442512,441980,532
45680021,35,38.2,526,47307,0.782,1,2,442546,442020,526
45682941,35.8,32.44,531,47352,0.6924,1,1,442582,442051,531
45685861,35.16,31.288,535,47397,0.67448,1,1,442617,442082,535
45688781,31.032,35.8576,528,47441,0.670896,1,1,442647,442119,528
45691701,11.8064,35.9715,499,47485,0.718179,1,1,442654,442155,499
45694621,16.7613,27.1943,492,47529,0.727636,0.96,1,442672,442180,492
45697541,26.5523,20.6389,502,47573,0.665527,1,1,442701,442199,502
45700461,32.5105,32.9278,500,47617,0.685105,1,1,442735,442235,500
45703381,24.1021,34.5856,487,47661,0.705021,0.97,1,442757,442270,487
45706301,18.4204,29.3171,476,47705,0.645004,0.98,1,442774,442298,476
45709221,20.4841,25.0634,473,47749,0.601001,1,1,442795,442322,473
45712141,33.6968,36.2127,471,47793,0.6242,0.94,1,442832,442361,471
45715061,37.9394,43.2425,465,47837,0.66084,0.83,1,442871,442406,465
45717981,33.1879,31.8485,468,47881,0.636168,0.79,1,442903,442435,468
45720901,33.8376,36.7697,464,47925,0.647234,0.75,1,442937,442473,464
45723821,37.1675,38.5539,463,47969,0.665447,0.79,1,442975,442512,463
45726741,32.2335,34.9108,460,48013,0.653089,0.67,1,443006,442546,460
45729661,32.0467,35.7822,456,48057,0.730618,0.67,1,443038,442582,456
45732581,35.2093,35.1564,457,48101,0.714124,0.67,1,443074,442617,457
45735501,31.8419,31.0313,458,48145,0.726825,0.73,1,443105,442647,458
45738421,10.3684,11.8063,456,48189,0.729365,0.73,1,443110,442654,456
45741341,16.4737,16.7613,456,48233,0.777873,0.65,2,443128,442672,456
45744261,20.0947,26.5523,448,48277,0.739575,0.69,1,443149,442701,448
45747181,32.8189,32.5105,450,48321,0.731915,0.71,1,443185,442735,450
45750101,26.5638,24.1021,453,48365,0.746383,0.63,1,443210,442757,453
45753021,18.9128,18.4204,453,48409,0.733277,0.59,1,443227,442774,453
45755941,20.5826,20.4841,453,48453,0.714655,0.63,1,443248,442795,453
45758861,32.1165,33.6968,451,48496,0.758931,0.67,2,443283,442832,451
45761781,39.2233,37.9394,453,48539,0.687786,0.63,1,443324,442871,453
45764701,31.8447,33.1879,451,48582,0.705557,0.65,1,443354,442903,451
45767621,34.3689,33.8376,452,48625,0.693111,0.67,1,443389,442937,452
45770541,38.0738,37.1675,453,48668,0.706622,0.65,1,443428,442975,453
45773461,34.0148,32.2335,455,48711,0.709324,0.75,1,443461,443006,455
45776381,34.003,32.0467,457,48754,0.725865,0.71,1,443495,443038,457
45779301,34.0006,35.2093,455,48797,0.745173,0.73,1,443529,443074,455
45782221,34.8001,31.8419,459,48840,0.749035,0.73,1,443564,443105,459
45785141,10.16,6.36837,463,48883,0.781807,0.73,2,443568,443105,463
45788061,16.432,5.27367,476,48926,0.756361,0.79,2,443586,443110,476
45790981,20.0864,15.4547,479,48969,0.735272,0.73,1,443607,443128,479
45793901,32.0173,19.8909,493,49012,0.763054,0.73,2,443642,443149,493
45796821,27.2035,32.7782,483,49055,0.800611,0.75,2,443668,443185,483
45799741,18.2407,26.5556,474,49098,0.808122,0.73,2,443684,443210,474
45802661,19.6481,18.9111,477,49141,0.809624,0.71,2,443704,443227,477
45805581,32.7296,20.5822,492,49184,0.825925,0.77,2,443740,443248,492
45808501,38.5459,32.1164,497,49227,0.845185,0.67,2,443780,443283,497
45811421,31.7092,39.2233,486,49270,0.865037,0.71,2,443810,443324,486
45814341,33.5418,31.8447,490,49313,0.901007,0.69,2,443844,443354,490
45817261,37.9084,34.3689,494,49356,0.940202,0.71,2,443883,443389,494
45820181,33.1817,38.0738,487,49399,0.93204,0.71,2,443915,443428,487
45823101,34.6363,34.0148,489,49442,0.914408,0.73,2,443950,443461,489
46007061,51,36,478,24090,0.85,1,2,446219,445741,478
46039181,55,58.4,470,23360,0.882,0.9,2,446275,445805,470
46042101,72.6,39.68,512,24178,0.8404,0.83,2,446352,445840,512
46045021,92.12,75.936,524,24266,0.84808,0.81,2,446449,445925,524
46047941,47.224,78.3872,481,24353,0.865616,0.77,2,446485,446004,481
46050861,37.4448,46.8774,477,24440,0.853123,0.79,2,446520,446043,477
46053781,23.489,32.5755,468,24527,0.898625,0.81,2,446540,446072,468
46056701,55.0978,46.5151,481,24613,0.939725,0.77,2,446603,446122,481
46196861,39,0,542,28451,0.77,1,2,449384,448842,542
46199781,32.6,29.6,536,28525,0.754,1,2,449415,448879,536
46202701,16.92,34.72,513,28599,0.8308,1,2,449428,448915,513
46205621,20.184,29.344,506,28673,0.79816,1,2,449449,448943,506
46208541,95.2368,25.0688,596,28747,0.807632,1,2,449563,448967,596
46310741,32,27,487,31220,0.63,1,1,451320,450833,487
46313661,31.2,15.8,505,31288,0.55,1,1,451351,450846,505
46316581,33.44,3.16,539,31356,0.454,1,1,451385,450846,539
46319501,30.688,27.032,536,31423,0.3548,1,1,451415,450879,536
46322421,53.3376,32.6064,561,31490,0.14296,1,1,451474,450913,561
46325341,37.8675,73.7213,511,31557,0.028592,1,1,451508,450997,511
46328261,72.3735,42.7443,557,31624,0.0057184,0.95,1,451589,451032,557
46331181,40.8747,72.5489,510,31691,0.0251437,1,1,451622,451112,510
46334101,82.5749,47.3098,562,31758,0.0610287,0.84,1,451715,451153,562
46337021,38.915,89.462,490,31825,0.0202057,0.73,1,451743,451253,490
46339941,27.783,45.8924,480,31891,0.0440411,0.63,1,451768,451288,480
46342861,29.5566,34.7785,478,31957,0.0328082,0.53,1,451798,451320,478
46345781,29.9113,31.7557,477,32023,0.0625616,0.43,1,451828,451351,477
46348701,25.9823,33.5511,468,32089,0.0525123,0.33,1,451853,451385,468
46351621,38.7965,30.7102,480,32155,0.0665025,0.09,1,451895,451415,480
46354541,34.9593,53.342,455,32221,0.0373005,0,1,451929,451474,455
46357461,73.3919,37.8684,504,32287,0.0474601,0,1,452012,451508,504
46360381,39.4784,72.3737,454,32353,0.033492,0.03,1,452043,451589,454
46363301,83.8957,40.8747,516,32418,0.0946984,0.07,1,452138,451622,516
46366221,38.3791,82.5749,450,32483,0.15494,0.01,1,452165,451715,450
46369141,28.4758,38.915,448,32548,0.166988,0.05,1,452191,451743,448
46372061,30.4952,27.783,454,32613,0.153398,0.03,1,452222,451768,454
46374981,28.499,29.5566,452,32678,0.21468,0.07,1,452250,451798,452
46377901,28.0998,29.9113,450,32743,0.242936,0.05,1,452278,451828,450
46380821,7.21996,25.9823,427,32808,0.248587,0.07,1,452280,451853,427
46383741,35.044,38.7965,427,32872,0.297717,0.03,1,452322,451895,427
46386661,30.2088,34.9593,422,32936,0.323543,0.05,1,452351,451929,422
46389581,74.0418,73.3919,424,33000,0.0647087,0.03,1,452436,452012,424
46392501,38.8084,39.4784,423,33064,0.0529417,0.11,1,452466,452043,423
46395421,88.5617,83.8957,429,33128,0.0665883,0.17,1,452567,452138,429
46398341,40.1123,38.3791,430,33192,0.133318,0.17,1,452595,452165,430
46401261,28.8225,28.4758,430,33256,0.130664,0.15,1,452621,452191,430
46404181,30.5645,30.4952,430,33320,0.146133,0.23,1,452652,452222,430
46407101,30.9129,28.499,433,33383,0.101227,0.25,1,452683,452250,433
46410021,29.3826,28.0998,434,33446,0.124245,0.25,1,452712,452278,434
46412941,7.47652,7.21996,434,33509,0.0968491,0.31,1,452714,452280,434
46415861,37.4953,35.044,437,33572,0.0913698,0.33,1,452759,452322,437
46418781,29.8991,30.2088,436,33635,0.122274,0,1,452787,452351,436
46421701,63.5798,74.0418,423,33698,0.0644548,0.05,1,452859,452436,423
46424621,35.916,38.8084,422,33761,0.020891,0.07,1,452888,452466,422
46427541,90.3832,88.5617,425,33824,0.0601782,0.15,1,452992,452567,425
46430461,42.0766,40.1123,427,33887,0.0360356,0.13,1,453022,452595,427
46433381,30.0153,28.8225,428,33949,0.0312071,0.15,1,453049,452621,428
46436301,30.0031,30.5645,427,34011,0.0462414,0.09,1,453079,452652,427
46439221,30.8006,30.9129,427,34073,0.0492483,0.13,1,453110,452683,427
46442141,28.5601,29.3826,426,34135,0.0178497,0.09,1,453138,452712,426
46445061,7.31202,7.47652,426,34197,0.0435699,0.09,1,453140,452714,426
46447981,37.4624,37.4953,426,34259,0.048714,0.09,1,453185,452759,426
46450901,30.6925,7.49906,455,34321,0.0337428,0.13,1,453214,452759,455
46453821,58.9385,23.8998,493,34383,0.0627486,0.05,1,453280,452787,493
46456741,34.9877,62.38,450,34444,0.0685497,0.01,1,453309,452859,450
46459661,90.9975,35.676,526,34505,0.0537099,0.07,1,453414,452888,526
46462581,41.3995,90.3352,451,34566,0.034742,0.03,1,453443,452992,451
46465501,29.8799,42.067,448,34627,0.0789484,0.03,1,453470,453022,448
46468421,29.976,30.0134,451,34688,0.10379,0.05,1,453500,453049,451
46471341,30.7952,30.0027,452,34749,0.0927579,0.05,1,453531,453079,452
46474261,28.559,30.8005,449,34810,0.122552,0.01,1,453559,453110,449
46477181,7.31181,28.5601,423,34871,0.12851,0.05,1,453561,453138,423
46480101,37.4624,7.31202,466,34932,0.161702,0.05,1,453606,453140,466
46483021,33.0925,37.4624,453,34993,0.15234,0.03,1,453638,453185,453
46485941,60.2185,30.6925,491,35053,0.246468,0.07,1,453705,453214,491
46488861,32.0437,58.9385,450,35113,0.281294,0.07,1,453730,453280,450
46491781,92.0087,34.9877,528,35173,0.272259,0.05,1,453837,453309,528
46494701,41.6017,90.9975,452,35233,0.254452,0.03,1,453866,453414,452
46497621,31.5203,41.3995,452,35293,0.29889,0.09,1,453895,453443,452
46500541,31.1041,29.8799,456,35353,0.323778,0.11,1,453926,453470,456
46503461,31.8208,29.976,458,35413,0.328756,0.09,1,453958,453500,458
46506381,29.5642,30.7952,456,35473,0.393751,0.13,1,453987,453531,456
46509301,7.51283,28.559,430,35533,0.40675,0.13,1,453989,453559,430
46512221,38.3026,7.31181,474,35592,0.40935,0.17,1,454035,453561,474
46515141,34.0605,37.4624,462,35651,0.44187,0.15,1,454068,453606,462
46518061,8.4121,33.0925,432,35710,0.448374,0.27,1,454070,453638,432
46520981,57.6824,60.2185,435,35769,0.529675,0.29,1,454140,453705,435
46523901,32.3365,32.0437,436,35828,0.561935,0.27,1,454166,453730,436
46526821,91.2673,92.0087,435,35887,0.552387,0.25,1,454272,453837,435
46529741,42.2535,41.6017,436,35946,0.566477,0.31,1,454302,453866,436
46532661,32.4507,31.5203,437,36005,0.601295,0.33,1,454332,453895,437
46535581,32.0901,31.1041,438,36064,0.608259,0.33,1,454364,453926,438
46538501,33.618,31.8208,440,36123,0.625652,0.41,1,454398,453958,440
46541421,31.5236,29.5642,442,36182,0.62913,0.41,1,454429,453987,442
46544341,7.90472,7.51283,442,36240,0.629826,0.41,1,454431,453989,442
46547261,38.3809,38.3026,442,36298,0.645965,0.45,1,454477,454035,442
46550181,36.4762,34.0605,445,36356,0.697193,0.45,1,454513,454068,445
46553101,8.89524,8.4121,445,36414,0.707439,0.55,1,454515,454070,445
46556021,61.779,57.6824,450,36472,0.661488,0.57,1,454590,454140,450
46558941,33.1558,32.3365,450,36530,0.668298,0.55,1,454616,454166,450
46561861,90.6312,91.2673,449,36588,0.701659,0.57,1,454721,454272,449
46564781,43.7262,42.2535,451,36646,0.724332,0.61,1,454753,454302,451
46567701,33.5452,32.4507,452,36704,0.712866,0.61,1,454784,454332,452
46570621,32.309,32.0901,452,36762,0.694573,0.63,1,454816,454364,452
46573541,35.2618,33.618,454,36819,0.690915,0.63,1,454852,454398,454
46576461,31.8524,31.5236,454,36876,0.674183,0.63,1,454883,454429,454
46579381,7.97047,7.90472,454,36933,0.670837,0.65,1,454885,454431,454
46582301,38.3941,38.3809,454,36990,0.670167,0.71,1,454931,454477,454
46585221,37.2788,36.4762,455,37047,0.654033,0.71,1,454968,454513,455
46588141,9.05576,8.89524,455,37104,0.650807,0.65,1,454970,454515,455
46591061,59.4112,61.779,452,37161,0.666161,0.65,1,455042,454590,452
46593981,34.2822,12.3558,480,37218,0.621232,0.67,1,455070,454590,480
46596901,90.8564,23.2712,559,37275,0.644246,0.71,1,455175,454616,559
46599821,44.5713,88.6542,487,37332,0.664849,0.73,1,455208,454721,487
46602741,32.9143,43.3308,485,37389,0.71697,0.71,1,455238,454753,485
46605661,32.9829,33.4662,487,37446,0.743394,0.69,1,455271,454784,487
46608581,33.7966,32.2932,489,37502,0.748679,0.69,1,455305,454816,489
46611501,30.7593,35.2586,483,37558,0.749736,0.67,1,455335,454852,483
46614421,7.75186,31.8517,454,37614,0.749947,0.67,1,455337,454883,454
46617341,38.3504,7.97035,498,37670,0.781989,0.67,2,455383,454885,498
46620261,36.4701,38.3941,488,37726,0.820398,0.65,2,455419,454931,488
46623181,8.89401,37.2788,453,37782,0.82808,0.65,2,455421,454968,453
46626101,60.1788,9.05576,524,37838,0.861616,0.67,2,455494,454970,524
46629021,33.6358,59.4112,479,37894,0.852323,0.61,2,455521,455042,479
46748741,30,0,548,40116,0.87,1,2,457144,456596,548
46751661,18,19.2,539,40169,0.758,1,2,457159,456620,539
46794001,410,476.64,456,17520,0.1916,0.49,1,457667,457211,456
46796921,134.8,140.928,465,18366,0.09432,0.27,1,457733,457268,465
46799841,92.56,93.7856,465,18482,0.154864,0.23,1,457815,457350,465
46802761,146.512,62.7571,570,18597,0.262973,0.19,1,457975,457405,570
46805681,74.1024,149.351,455,18711,0.348595,0.17,1,458031,457576,455
46808601,38.0205,59.4703,447,18824,0.381719,0.09,1,458060,457613,447
46811521,33.2041,41.4941,442,18937,0.420344,0.07,1,458092,457650,442
46814441,61.0408,74.6988,427,19049,0.444069,0.17,1,458160,457733,427
46817361,81.8082,80.5398,432,19160,0.448814,0.29,1,458247,457815,432
46820281,148.362,144.108,437,19271,0.513763,0.37,1,458412,457975,437
46823201,76.8723,73.6216,440,19381,0.510752,0.39,1,458471,458031,440
46826121,40.1745,37.9243,442,19490,0.526151,0.43,1,458502,458060,442
46829041,35.2349,33.1849,444,19599,0.52923,0.43,1,458536,458092,444
46831961,60.647,6.63697,511,19707,0.481846,0.45,1,458603,458092,511
46834881,82.5294,55.7274,531,19815,0.472369,0.45,1,458691,458160,531
46837801,149.306,80.7455,610,19922,0.422474,0.53,1,458857,458247,610
46840721,77.8612,148.149,505,20028,0.412495,0.51,1,458917,458412,505
46843641,39.5722,76.8298,476,20134,0.426499,0.53,1,458947,458471,476
46846561,35.1144,40.166,479,20239,0.4613,0.53,1,458981,458502,479
46849481,59.8229,35.2332,511,20344,0.48426,0.47,1,459047,458536,511
46852401,82.3646,60.6466,532,20448,0.568852,0.47,1,459135,458603,532
46855321,146.873,82.5293,607,20552,0.66577,0.41,1,459298,458691,607
46858241,77.3746,149.306,501,20655,0.749154,0.41,1,459358,458857,501
46861161,41.0749,77.8612,473,20758,0.813831,0.43,2,459390,458917,473
46864081,36.215,39.5722,478,20860,0.810766,0.47,2,459425,458947,478
46867001,60.843,35.1144,511,20962,0.842153,0.49,2,459492,458981,511
46869921,13.7686,59.8229,447,21063,0.848431,0.59,2,459494,459047,447
46940001,83,163,553,23359,0.59,0.89,1,461247,460694,553
46942921,33.4,95.8,495,23450,0.622,0.99,1,461268,460773,495
46945841,31.48,39.96,500,23540,0.6764,1,1,461299,460799,500
46948761,61.496,32.792,538,23630,0.68728,0.93,1,461368,460830,538
46951681,42.6992,68.1584,499,23720,0.785456,0.95,2,461406,460907,499
46954601,54.9398,41.6317,522,23809,0.805091,0.67,2,461464,460942,522
46957521,131.788,59.5263,609,23898,0.841018,0.61,2,461615,461006,609
46960441,90.3576,138.305,531,23987,0.880204,0.59,2,461695,461164,531
46963361,19.6715,94.0611,450,24075,0.888041,0.63,2,461697,461247,450
46966281,23.1343,35.6122,453,24163,0.921608,0.69,2,461721,461268,453
47100601,39,75,486,27911,0.89,1,2,464340,463854,486
47103521,99.8,111.8,480,27987,0.714,1,1,464455,463975,480
47106441,107.96,107.96,483,28063,0.5828,1,1,464565,464082,483
47109361,63.192,51.192,498,28138,0.41256,1,1,464617,464119,498
47112281,35.0384,36.6384,493,28213,0.362512,1,1,464645,464152,493
47115201,36.6077,40.9277,488,28288,0.240502,0.99,1,464682,464194,488
47118121,35.3215,39.3855,484,28363,0.1361,0.99,1,464717,464233,484
47121041,23.8643,7.87711,505,28438,0.0832201,0.92,1,464738,464233,505
47123961,33.5729,27.1754,509,28512,0.016644,0.92,1,464774,464265,509
47126881,35.5146,34.2351,509,28586,0.0033288,0.89,1,464810,464301,509
47129801,86.3029,38.047,569,28660,0.0406658,0.67,1,464909,464340,569
47132721,100.461,99.6094,558,28734,0.0801332,0.55,1,465013,464455,558
47135641,52.8921,107.922,489,28808,0.0240266,0.37,1,465054,464565,489
47138561,29.7784,63.1844,461,28881,0.0608053,0.35,1,465078,464617,461
47141481,29.9557,35.0369,463,28954,0.0841611,0.21,1,465108,464645,463
47144401,32.3911,36.6074,459,29027,0.0248322,0.11,1,465141,464682,459
47147321,21.6782,35.3215,443,29100,0.0929664,0.07,1,465160,464717,443
47150241,33.1356,23.8643,458,29173,0.0425933,0,1,465196,464738,458
47153161,36.2271,33.5729,459,29246,0.0325187,0,1,465233,464774,459
47156081,85.6454,35.5146,521,29318,0.0465037,0.05,1,465331,464810,521
47159001,101.929,86.3029,528,29390,0.113301,0.09,1,465437,464909,528
47161921,51.5858,100.461,463,29462,0.14266,0.01,1,465476,465013,463
47164841,32.7172,52.8921,450,29534,0.148532,0.07,1,465504,465054,450
47167761,28.1434,29.7784,453,29606,0.133706,0.09,1,465531,465078,453
47170681,31.2287,29.9557,455,29677,0.130741,0.01,1,465563,465108,455
47173601,24.6457,32.3911,445,29748,0.146148,0.11,1,465586,465141,445
47176521,30.5291,21.6782,458,29819,0.16523,0.03,1,465618,465160,458
47179441,7.70583,33.1356,424,29890,0.169046,0.03,1,465620,465196,424
47182361,31.1412,36.2271,424,29961,0.137809,0.05,1,465657,465233,424
47185281,83.8282,85.6454,423,30032,0.0515618,0.13,1,465754,465331,423
47188201,108.766,101.929,432,30102,0.0343124,0.15,1,465869,465437,432
47191121,50.5531,51.5858,429,30172,0.0628625,0.15,1,465905,465476,429
47194041,32.5106,32.7172,429,30242,0.0365725,0.13,1,465933,465504,429
47196961,28.9021,28.1434,430,30312,0.0473145,0.13,1,465961,465531,430
47199881,31.3804,31.2287,430,30382,0.0494629,0.15,1,465993,465563,430
47202801,23.8761,24.6457,429,30452,0.0978926,0.17,1,466015,465586,429
47205721,29.5752,30.5291,428,30521,0.107579,0.17,1,466046,465618,428
47208641,7.51504,7.70583,428,30590,0.109516,0.13,1,466048,465620,428
47211561,31.103,31.1412,428,30659,0.189903,0.03,1,466085,465657,428
47214481,79.0206,83.8282,422,30728,0.189981,0.03,1,466176,465754,422
47217401,107.804,108.766,422,30797,0.0459961,0.07,1,466291,465869,422
47220321,51.1608,50.5531,423,30866,0.0491992,0.03,1,466328,465905,423
47223241,32.6322,32.5106,423,30935,0.0818398,0.05,1,466356,465933,423
47226161,29.7264,28.9021,424,31003,0.104368,0.05,1,466385,465961,424
47229081,31.5453,31.3804,424,31071,0.108874,0.11,1,466417,465993,424
47232001,24.7091,23.8761,425,31139,0.0937747,0.11,1,466440,466015,425
47234921,31.3418,29.5752,427,31207,0.0747549,0.11,1,466473,466046,427
47237841,7.86836,7.51504,427,31275,0.070951,0.21,1,466475,466048,427
47240761,33.5737,31.103,430,31343,0.10219,0.21,1,466515,466085,430
47243681,77.9147,6.2206,519,31411,0.108438,0.19,1,466604,466085,519
47246601,101.983,74.0441,536,31478,0.0776876,0.01,1,466712,466176,536
47249521,50.7966,106.809,459,31545,0.0555375,0.05,1,466750,466291,459
47252441,34.9593,50.9618,453,31612,0.115108,0.09,1,466781,466328,453
47255361,30.9919,32.5924,455,31679,0.159021,0.11,1,466811,466356,455
47258281,31.7984,29.7185,458,31746,0.167804,0.11,1,466843,466385,458
47261201,23.9597,31.5437,448,31813,0.169561,0.09,1,466865,466417,448
47264121,30.3919,24.7087,457,31880,0.185912,0.07,1,466897,466440,457
47267041,7.67839,31.3417,426,31946,0.189182,0.07,1,466899,466473,426
47269961,35.1357,7.86835,466,32012,0.205836,0.11,1,466941,466475,466
47272881,78.2271,33.5737,515,32078,0.225167,0.11,1,467030,466515,515
47275801,99.6454,77.9147,531,32144,0.293033,0.07,1,467135,466604,531
47278721,51.9291,101.983,463,32210,0.370607,0.05,1,467175,466712,463
47281641,38.3858,50.7966,460,32276,0.402121,0.13,1,467210,466750,460
47284561,31.6772,34.9593,459,32342,0.408424,0.17,1,467240,466781,459
47287481,31.9354,30.9919,461,32407,0.425685,0.17,1,467272,466811,461
47290401,23.9871,31.7984,451,32472,0.461137,0.17,1,467294,466843,451
47293321,31.1974,23.9597,462,32537,0.468227,0.19,1,467327,466865,462
47296241,7.83948,30.3919,432,32602,0.469646,0.19,1,467329,466897,432
47299161,36.7679,7.67839,474,32667,0.469929,0.21,1,467373,466899,474
47302081,79.3536,35.1357,522,32732,0.549986,0.23,1,467463,466941,522
47305001,17.4707,78.2271,435,32797,0.565997,0.31,1,467465,467030,435
47307921,91.4941,99.6454,440,32861,0.601199,0.39,1,467575,467135,440
47310841,51.0988,51.9291,441,32925,0.60824,0.41,1,467616,467175,441
47313761,39.0198,38.3858,442,32989,0.609648,0.41,1,467652,467210,442
47316681,31.804,31.6772,442,33053,0.60993,0.43,1,467682,467240,442
47319601,33.5608,31.9354,444,33117,0.625986,0.47,1,467716,467272,444
47322521,25.9122,23.9871,446,33181,0.597197,0.47,1,467740,467294,446
47325441,30.7824,31.1974,445,33245,0.559439,0.47,1,467772,467327,445
47328361,7.75649,7.83948,445,33309,0.551888,0.47,1,467774,467329,445
47331281,36.7513,36.7679,445,33372,0.598378,0.57,1,467818,467373,445
47334201,81.7503,79.3536,448,33435,0.639675,0.57,1,467911,467463,448
47337121,17.9501,17.4707,448,33498,0.647935,0.61,1,467913,467465,448
47340041,94.79,91.4941,452,33561,0.681587,0.61,1,468027,467575,452
47342961,51.758,51.0988,452,33624,0.736317,0.61,1,468068,467616,452
47345881,39.1516,39.0198,452,33687,0.779263,0.61,2,468104,467652,452
47348801,32.6303,31.804,453,33750,0.771853,0.63,2,468135,467682,453
47351721,32.1261,33.5608,451,33813,0.738371,0.59,1,468167,467716,451
47354641,24.0252,25.9122,449,33876,0.731674,0.55,1,468189,467740,449
47357561,30.405,30.7824,449,33938,0.746335,0.55,1,468221,467772,449
47360481,7.68101,7.75649,449,34000,0.749267,0.61,1,468223,467774,449
47363401,37.5362,36.7513,450,34062,0.797853,0.65,2,468268,467818,450
47366321,85.1072,81.7503,454,34124,0.807571,0.65,2,468365,467911,454
47369241,18.6214,17.9501,454,34186,0.809514,0.69,2,468367,467913,454
47372161,96.5243,94.79,456,34248,0.825903,0.69,2,468483,468027,456
47375081,53.7049,18.958,499,34310,0.829181,0.75,2,468526,468027,499
47378001,39.541,36.5916,494,34372,0.829836,0.79,2,468562,468068,494
47380921,31.9082,36.1183,488,34434,0.845967,0.77,2,468592,468104,488
47383841,31.9816,32.0237,489,34495,0.849193,0.73,2,468624,468135,489
47386761,23.9963,32.0047,479,34556,0.849839,0.73,2,468646,468167,479
47389681,31.1993,24.0009,490,34617,0.881968,0.75,2,468679,468189,490
47392601,7.83985,30.4002,460,34678,0.888394,0.75,2,468681,468221,460
47395521,38.368,7.68004,504,34739,0.889679,0.81,2,468727,468223,504
47506481,92,97,492,36981,0.75,1,2,470392,469900,492
47509401,49.6,54.6,487,37038,0.846,1,2,470431,469944,487
47512321,37.12,34.12,492,37095,0.8492,1,2,470465,469973,492
47515241,31.424,31.624,491,37152,0.75384,1,2,470495,470004,491
47518161,23.0848,6.3248,512,37209,0.718768,1,1,470516,470004,512
47521081,31.817,23.665,518,37266,0.775754,1,2,470550,470032,518
47524001,27.9634,28.733,515,37323,0.723151,1,1,470577,470062,515
47526921,28.7927,34.5466,508,37380,0.68063,0.98,1,470606,470098,508
47529841,20.9585,29.3093,499,37437,0.592126,1,1,470625,470126,499
47532761,17.7917,23.4619,494,37493,0.606425,1,1,470642,470148,494
47535681,77.9583,24.6924,562,37549,0.609285,0.87,1,470735,470173,562
47538601,40.3917,80.9385,498,37605,0.641857,0.95,1,470766,470268,498
47541521,75.2783,41.7877,550,37661,0.680371,0.75,1,470850,470300,550
47544441,47.8557,81.9575,499,37717,0.688074,0.87,1,470891,470392,499
47547361,36.7711,47.5915,494,37773,0.657615,0.85,1,470925,470431,494
47550281,25.7542,36.7183,483,37829,0.715523,0.73,1,470948,470465,483
47553201,23.5508,31.3437,476,37885,0.759105,0.71,2,470971,470495,476
47556121,31.9102,23.0687,489,37941,0.799821,0.79,2,471005,470516,489
47559041,26.382,31.8137,480,37997,0.855964,0.71,2,471030,470550,480
47561961,26.0764,27.9627,479,38053,0.851193,0.67,2,471056,470577,479
47564881,20.4153,28.7926,469,38109,0.866239,0.57,2,471075,470606,469
47567801,21.6831,20.9585,472,38164,0.869248,0.61,2,471097,470625,472
47570721,76.3366,17.7917,545,38219,0.88585,0.61,2,471187,470642,545
47573641,40.8673,77.9583,484,38274,0.90517,0.65,2,471219,470735,484
47754681,34,28,529,41556,0.83,1,2,473501,472972,529
47757601,27.6,34.4,519,41607,0.782,1,2,473527,473008,519
47760521,18.32,30.88,505,41658,0.7564,1,2,473543,473038,505
47763441,26.064,34.176,498,41709,0.73528,1,1,473571,473073,498
47766361,33.2128,37.2352,495,41760,0.587056,1,1,473606,473111,495
47769281,67.4426,78.647,482,41811,0.525411,1,1,473682,473200,482
47772201,39.8885,42.1294,482,41861,0.513082,1,1,473715,473233,482
47775121,38.3777,38.0259,483,41911,0.478616,1,1,473753,473270,483
47778041,36.4755,45.2052,472,41961,0.439723,0.97,1,473789,473317,472
47780961,31.2951,34.641,470,42011,0.367945,1,1,473819,473349,470
47783881,34.259,34.9282,470,42061,0.369589,0.91,1,473854,473384,470
47786801,25.2518,26.9856,468,42111,0.321918,0.9,1,473877,473409,468
47789721,22.6504,24.5971,466,42161,0.312384,0.87,1,473899,473433,466
47792641,27.7301,32.1194,461,42211,0.358477,0.83,1,473928,473467,461
47795561,34.346,33.6239,463,42261,0.367695,0.77,1,473964,473501,463
47798481,22.8692,27.5248,457,42311,0.369539,0.75,1,473984,473527,457
47801401,18.1738,18.305,458,42361,0.369908,0.73,1,474001,473543,458
47804321,22.0348,26.061,453,42411,0.401982,0.55,1,474024,473571,453
47807241,30.807,33.2122,451,42461,0.472396,0.51,1,474057,473606,451
47810161,64.5614,67.4424,448,42511,0.470479,0.51,1,474130,473682,448
47813081,36.9123,39.8885,445,42561,0.438096,0.47,1,474160,473715,445
47816001,33.7825,38.3777,440,42611,0.447619,0.43,1,474193,473753,440
47818921,36.3565,36.4755,441,42661,0.449524,0.35,1,474230,473789,441
47821841,28.8713,31.2951,438,42710,0.449905,0.37,1,474257,473819,438
47824761,32.9743,34.259,437,42759,0.529981,0.31,1,474291,473854,437
47827681,23.3949,25.2518,435,42808,0.577996,0.31,1,474312,473877,435
47830601,23.879,22.6504,437,42857,0.555599,0.37,1,474336,473899,437
47833521,27.9758,27.7301,437,42906,0.58312,0.37,1,474365,473928,437
47836441,36.7952,34.346,440,42955,0.620624,0.37,1,474404,473964,440
47839361,21.759,22.8692,438,43004,0.596125,0.37,1,474422,473984,438
47842281,19.5518,4.57384,457,43053,0.623225,0.37,1,474441,473984,457
47845201,23.9104,14.5148,465,43102,0.628645,0.41,1,474466,474001,465
47848121,31.9821,21.303,476,43151,0.661729,0.49,1,474500,474024,476
47851041,63.9964,30.6606,515,43200,0.668346,0.47,1,474572,474057,515
47853961,36.7993,64.5321,472,43249,0.669669,0.43,1,474602,474130,472
47856881,32.9599,36.9064,474,43298,0.685934,0.45,1,474634,474160,474
47859801,37.792,33.7813,480,43347,0.705187,0.45,1,474673,474193,480
47862721,29.1584,36.3563,470,43396,0.725037,0.45,1,474700,474230,470
47865641,37.8317,28.8713,483,43445,0.793007,0.55,2,474740,474257,483
47868561,23.5663,32.9743,469,43494,0.806601,0.59,2,474760,474291,469
47871481,23.9133,23.3949,472,43543,0.80932,0.55,2,474784,474312,472
47874401,27.9827,23.879,477,43591,0.809864,0.59,2,474813,474336,477
47877321,38.3965,27.9758,489,43639,0.825973,0.63,2,474854,474365,489
47880241,22.0793,36.7952,468,43687,0.829195,0.59,2,474872,474404,468
47883161,19.6159,21.759,469,43735,0.813839,0.63,2,474891,474422,469
47886081,26.3232,19.5518,478,43783,0.794768,0.63,2,474919,474441,478
47889001,33.2646,23.9104,488,43831,0.870954,0.67,2,474954,474466,488
47891921,64.2529,31.9821,526,43879,0.902191,0.67,2,475026,474500,526
47894841,36.8506,63.9964,484,43927,0.908438,0.67,2,475056,474572,484
47897761,33.7701,36.7993,487,43975,0.925688,0.69,2,475089,474602,487
47900681,38.754,32.9599,495,44023,0.945138,0.71,2,475129,474634,495
48150341,64,88,456,22093,0.03,0.03,1,477894,477438,456
48153261,63.2,69.6,454,22189,0.078,0.09,1,477957,477503,454
48156181,82.24,86.72,450,22285,0.0156,0.05,1,478044,477594,450
48159101,70.848,62.144,462,22380,0.02712,0.07,1,478112,477650,462
48162021,46.1696,66.0288,435,22475,0.029424,0.03,1,478152,477717,435
48164941,19.6339,24.4058,434,22569,0.0058848,0.05,1,478165,477731,434
48167861,73.5268,27.2812,493,22663,0.041177,0.03,1,478252,477759,493
48170781,66.7054,62.2562,487,22757,0.0642354,0.03,1,478317,477830,487
48173701,64.5411,63.6512,487,22850,0.0528471,0.09,1,478381,477894,487
48176621,81.7082,63.1302,510,22943,0.0185694,0,1,478467,477957,510
48179541,69.9416,82.226,490,23035,0.0277139,0.03,1,478534,478044,490
48182461,45.1883,70.8452,461,23127,0.0455428,0.03,1,478573,478112,461
48185381,19.4377,46.169,434,23219,0.0171086,0,1,478586,478152,434
48188301,76.6875,19.6338,512,23310,0.0594217,0.05,1,478677,478165,512
48191221,68.1375,73.5268,491,23401,0.0998843,0.07,1,478743,478252,491
48194141,63.2275,66.7054,488,23492,0.0599769,0.05,1,478805,478317,488
48197061,79.8455,64.5411,508,23582,0.0199954,0.01,1,478889,478381,508
48199981,69.5691,81.7082,489,23672,0.0279991,0.03,1,478956,478467,489
48202901,45.1138,69.9416,461,23762,0.0295998,0.05,1,478995,478534,461
48205821,18.6228,45.1883,434,23851,0.02992,0.01,1,479007,478573,434
48208741,80.5246,19.4377,517,23940,0.029984,0.07,1,479103,478586,517
48211661,17.7049,76.6875,428,24029,0.0299968,0.11,1,479105,478677,428
48214581,55.541,68.1375,427,24117,0.109999,0.05,1,479170,478743,427
48217501,56.7082,63.2275,422,24205,0.0299999,0.01,1,479227,478805,422
48220421,79.3416,79.8455,423,24293,0.046,0.03,1,479312,478889,423
48223341,69.4683,69.5691,423,24380,0.0172,0.03,1,479379,478956,423
48226261,45.0937,45.1138,423,24467,0.01144,0.03,1,479418,478995,423
48229181,17.8187,18.6228,422,24554,0.026288,0.03,1,479429,479007,422
48232101,81.9637,80.5246,424,24640,0.0772576,0.03,1,479527,479103,424
48235021,17.9927,17.7049,424,24726,0.0874515,0.13,1,479529,479105,424
48237941,57.9986,55.541,427,24812,0.0414903,0.01,1,479597,479170,427
48240861,53.9997,56.7082,423,24897,0.0482981,0.05,1,479650,479227,423
48243781,77.9999,79.3416,422,24982,0.0496596,0.01,1,479734,479312,422
48246701,70,69.4683,423,25067,0.0819319,0.01,1,479802,479379,423
48249621,44.4,45.0937,422,25152,0.120386,0.03,1,479840,479418,422
48252541,17.68,17.8187,422,25236,0.112077,0.09,1,479851,479429,422
48255461,83.536,81.9637,424,25320,0.0624155,0.09,1,479951,479527,424
48258381,18.3072,17.9927,424,25404,0.0524831,0.03,1,479953,479529,424
48261301,56.4614,57.9986,422,25487,0.0344966,0.03,1,480019,479597,422
48264221,54.4923,11.5997,476,25570,0.0628993,0.05,1,480073,479597,476
48267141,76.4985,44.7199,505,25653,0.0525799,0.05,1,480155,479650,505
48270061,71.2997,76.144,491,25736,0.066516,0.09,1,480225,479734,491
48272981,46.2599,69.6288,463,25818,0.0533032,0.13,1,480265,479802,463
48275901,14.852,44.3258,432,25900,0.0346606,0.11,1,480272,479840,432
48278821,82.9704,17.6652,521,25982,0.0469321,0.05,1,480372,479851,521
48281741,18.1941,83.533,423,26064,0.0493864,0.05,1,480374,479951,423
48284661,56.4388,18.3066,487,26145,0.0818773,0.03,1,480440,479953,487
48287581,56.8878,56.4613,478,26226,0.104375,0.07,1,480497,480019,478
48290501,76.1776,54.4923,505,26307,0.156875,0.05,1,480578,480073,505
48293421,72.8355,76.4985,495,26388,0.183375,0.07,1,480650,480155,495
48296341,44.9671,71.2997,463,26468,0.188675,0.05,1,480688,480225,463
48299261,12.9934,46.2599,428,26548,0.173735,0.03,1,480693,480265,428
48302181,84.1987,14.852,523,26628,0.170747,0.05,1,480795,480272,523
48305101,18.4397,82.9704,425,26708,0.170149,0.05,1,480797,480372,425
48308021,58.0879,18.1941,491,26787,0.21803,0.09,1,480865,480374,491
48310941,58.0176,56.4388,483,26866,0.275606,0.11,1,480923,480440,483
48313861,13.2035,56.8878,428,26945,0.287121,0.17,1,480925,480497,428
48316781,69.0407,76.1776,430,27024,0.289424,0.19,1,481008,480578,430
48319701,72.2081,72.8355,431,27102,0.289885,0.19,1,481081,480650,431
48322621,44.8416,44.9671,431,27180,0.321977,0.17,1,481119,480688,431
48325541,12.1683,12.9934,430,27258,0.328395,0.17,1,481123,480693,430
48328461,84.0337,84.1987,430,27336,0.393679,0.17,1,481225,480795,430
48331381,18.4067,18.4397,430,27413,0.406736,0.23,1,481227,480797,430
48334301,60.4813,58.0879,433,27490,0.473347,0.29,1,481298,480865,433
48337221,60.8963,58.0176,436,27567,0.438669,0.29,1,481359,480923,436
48340141,13.7793,13.2035,436,27644,0.463734,0.29,1,481361,480925,436
48343061,69.9559,69.0407,437,27721,0.436747,0.29,1,481445,481008,437
48345981,71.5912,72.2081,436,27797,0.463349,0.33,1,481517,481081,436
48348901,47.1182,44.8416,439,27873,0.50067,0.33,1,481558,481119,439
48351821,12.6236,12.1683,439,27949,0.524134,0.41,1,481562,481123,439
48354741,86.5247,84.0337,442,28025,0.592827,0.41,1,481667,481225,442
48357661,18.9049,18.4067,442,28101,0.606565,0.49,1,481669,481227,442
48360581,62.181,60.4813,444,28176,0.577313,0.43,1,481742,481298,444
48363501,60.4362,60.8963,443,28251,0.539463,0.47,1,481802,481359,443
48366421,13.6872,13.7793,443,28326,0.531893,0.43,1,481804,481361,443
48369341,68.3374,69.9559,441,28401,0.610379,0.43,1,481886,481445,441
48372261,72.0675,13.9912,514,28476,0.610076,0.47,1,481959,481445,514
48375181,51.2135,60.3982,488,28550,0.658015,0.51,1,482005,481517,488
48378101,13.4427,44.8796,451,28624,0.667603,0.53,1,482009,481558,451
48381021,88.2885,12.1759,554,28698,0.701521,0.61,1,482116,481562,554
48383941,19.2577,86.4352,451,28772,0.708304,0.61,1,482118,481667,451
48386861,62.2515,18.887,522,28846,0.725661,0.57,1,482191,481669,522
48389781,58.8503,62.1774,507,28919,0.729132,0.53,1,482249,481742,507
48392701,13.3701,60.4355,449,28992,0.729826,0.53,1,482251,481802,449
48395621,70.674,13.6871,532,29065,0.809965,0.63,2,482336,481804,532
48398541,74.1348,68.3374,525,29138,0.857993,0.61,2,482411,481886,525
48401461,54.027,72.0675,501,29211,0.899599,0.67,2,482460,481959,501
48404381,14.0054,51.2135,459,29283,0.87592,0.67,2,482464,482005,459
48407301,89.2011,13.4427,563,29355,0.903184,0.71,2,482572,482009,563
48410221,19.4402,88.2885,458,29427,0.908637,0.71,2,482574,482116,458
48527021,33,86,520,32178,0.63,1,1,484509,483989,520
48529941,34.6,38,529,32244,0.534,1,1,484544,484015,529
48532861,54.92,48.4,538,32310,0.5148,1,1,484604,484066,538
48535781,41.384,64.08,508,32375,0.44696,1,1,484642,484134,508
48538701,62.6768,36.816,546,32440,0.257392,1,1,484710,484164,546
48541621,59.7354,64.9632,533,32505,0.171478,1,1,484769,484236,533
48544541,33.5471,59.3926,502,32570,0.106296,1,1,484796,484294,502
48547461,37.9094,33.4785,514,32635,0.0932591,0.96,1,484835,484321,514
48550381,25.9819,41.8957,493,32700,0.138652,0.93,1,484858,484365,493
48553301,59.5964,29.1791,535,32765,0.11573,0.63,1,484926,484391,535
48556221,13.5193,73.8358,452,32830,0.111146,0.63,1,484928,484476,452
48559141,28.3039,41.1672,451,32894,0.126229,0.51,1,484960,484509,451
48562061,31.2608,36.2334,448,32958,0.145246,0.51,1,484992,484544,448
48564981,52.6522,55.2467,446,33022,0.213049,0.43,1,485050,484604,446
48567901,36.9304,41.4493,441,33086,0.24261,0.21,1,485083,484642,441
48570821,53.7861,62.6899,431,33150,0.280522,0.15,1,485141,484710,431
48573741,55.5572,59.738,428,33214,0.352104,0.09,1,485197,484769,428
48576661,33.5114,33.5476,429,33278,0.334421,0.09,1,485225,484796,429
48579581,37.9023,37.9095,429,33342,0.378884,0.15,1,485264,484835,429
48582501,25.9805,25.9819,429,33405,0.371777,0.11,1,485287,484858,429
48585421,58.7961,59.5964,428,33468,0.386355,0.11,1,485354,484926,428
48588341,13.3592,13.5193,428,33531,0.389271,0.13,1,485356,484928,428
48591261,26.6718,28.3039,426,33594,0.405854,0.15,1,485386,484960,426
48594181,33.3344,31.2608,429,33657,0.393171,0.23,1,485421,484992,429
48597101,56.2669,52.6522,433,33720,0.454634,0.25,1,485483,485050,433
48600021,38.4534,36.9304,434,33783,0.466927,0.29,1,485517,485083,434
48602941,55.6907,53.7861,436,33846,0.453385,0.37,1,485577,485141,436
48605861,57.5381,55.5572,438,33908,0.514677,0.33,1,485635,485197,438
48608781,34.7076,33.5114,439,33970,0.526935,0.39,1,485664,485225,439
48611701,38.1415,37.9023,439,34032,0.529387,0.37,1,485703,485264,439
48614621,26.8283,25.9805,440,34094,0.545877,0.39,1,485727,485287,440
48617541,58.1657,58.7961,439,34156,0.533176,0.39,1,485793,485354,439
48620461,13.2331,13.3592,439,34218,0.530635,0.39,1,485795,485356,439
48623381,27.4466,2.67184,470,34280,0.514127,0.41,1,485826,485356,470
48626301,33.4893,24.5344,475,34342,0.542825,0.39,1,485861,485386,475
48629221,59.4979,32.9069,506,34404,0.548565,0.47,1,485927,485421,506
48632141,39.8996,56.1814,479,34465,0.549713,0.47,1,485962,485483,479
48635061,55.1799,38.4363,504,34526,0.565943,0.45,1,486021,485517,504
48637981,58.236,55.6873,503,34587,0.521188,0.53,1,486080,485577,503
48640901,34.8472,57.5375,474,34648,0.512238,0.53,1,486109,485635,474
48643821,38.1694,34.7075,484,34709,0.494448,0.53,1,486148,485664,484
48646741,27.6339,38.1415,470,34770,0.49089,0.55,1,486173,485703,470
48649661,59.1268,26.8283,513,34831,0.506178,0.53,1,486240,485727,513
48652581,13.4254,58.1657,449,34892,0.509236,0.53,1,486242,485793,449
48655501,28.2851,13.2331,479,34953,0.525847,0.51,1,486274,485795,479
48658421,33.657,27.4466,483,35013,0.561169,0.55,1,486309,485826,483
48661341,59.5314,33.4893,514,35073,0.600234,0.55,1,486375,485861,514
48664261,39.9063,59.4979,483,35133,0.608047,0.55,1,486410,485927,483
48667181,54.3813,39.8996,506,35193,0.641609,0.57,1,486468,485962,506
48670101,58.0763,55.1799,506,35253,0.680322,0.51,1,486527,486021,506
48673021,34.0152,58.236,475,35313,0.688064,0.51,1,486555,486080,475
48675941,37.203,34.8472,484,35373,0.705613,0.49,1,486593,486109,484
48678861,27.4406,38.1694,470,35433,0.741123,0.49,1,486618,486148,470
48681781,59.8881,27.6339,513,35493,0.780225,0.51,2,486686,486173,513
48684701,13.5776,59.1268,448,35553,0.788045,0.51,2,486688,486240,448
48687621,29.9155,13.4254,480,35612,0.821609,0.53,2,486722,486242,480
48690541,35.5831,28.2851,485,35671,0.828322,0.57,2,486759,486274,485
48693461,8.71662,33.657,452,35730,0.829664,0.61,2,486761,486309,452
48696381,54.5433,59.5314,452,35789,0.893933,0.61,2,486827,486375,452
48969401,92,99,524,18482,0.85,0.98,2,490591,490067,524
48972321,99.2,99,526,18597,0.898,0.89,2,490692,490166,526
49039481,34,107,510,21063,0.59,1,1,492403,491893,510
49042401,54.8,92.6,481,21164,0.542,1,1,492463,491982,481
49045321,91.76,104.92,474,21264,0.1484,1,1,492564,492090,474
49048241,104.752,93.784,491,21364,0.16568,1,1,492672,492181,491
49051161,41.7504,48.3568,480,21463,0.073136,0.83,1,492698,492218,480
49054081,41.9501,52.0714,469,21562,0.0706272,0.69,1,492740,492271,469
49057001,77.99,88.8143,458,21660,0.0381254,0.59,1,492827,492369,458
49059921,39.598,44.9629,454,21758,0.0476251,0.53,1,492857,492403,454
49062841,43.1196,56.9926,438,21855,0.049525,0.05,1,492901,492463,438
49065761,77.4239,92.1985,423,21952,0.033905,0.17,1,492987,492564,423
49068681,102.685,104.84,424,22049,0.078781,0.05,1,493096,492672,424
49071601,42.137,41.7679,425,22145,0.0877562,0.07,1,493123,492698,425
49074521,41.2274,41.9536,424,22241,0.0255512,0.03,1,493164,492740,424
49077441,76.2455,77.9907,422,22336,0.0611102,0.05,1,493249,492827,422
49080361,40.0491,39.5981,423,22431,0.084222,0.05,1,493280,492857,423
49083281,42.4098,43.1196,422,22526,0.120844,0.05,1,493323,492901,422
49086201,76.482,8.62393,507,22620,0.0481689,0.03,1,493408,492901,507
49089121,104.896,70.5248,533,22714,0.0656338,0.09,1,493520,492987,533
49092041,41.7793,101.305,450,22807,0.0691268,0.09,1,493546,493096,450
49094961,40.3559,41.861,463,22900,0.0378253,0.01,1,493586,493123,463
49097881,76.0712,41.1722,507,22993,0.0635651,0.07,1,493671,493164,507
49100801,40.8142,76.2344,454,23085,0.068713,0.09,1,493703,493249,454
49103721,42.5628,40.0469,466,23177,0.133743,0.13,1,493746,493280,466
49106641,75.7126,42.4094,507,23268,0.130749,0.03,1,493830,493323,507
49109561,106.343,76.4819,536,23359,0.0981497,0.07,1,493944,493408,536
49112481,42.0685,104.896,450,23450,0.12363,0.07,1,493970,493520,450
49115401,40.4137,41.7793,464,23540,0.128726,0.03,1,494010,493546,464
49118321,76.0827,40.3559,509,23630,0.129745,0.07,1,494095,493586,509
49121241,40.8165,76.0712,456,23720,0.145949,0.07,1,494127,493671,456
49124161,45.7633,40.8142,471,23809,0.13319,0.15,1,494174,493703,471
49127081,75.5527,42.5628,511,23898,0.130638,0.13,1,494257,493746,511
49130001,104.711,75.7126,539,23987,0.130128,0.09,1,494369,493830,539
49132921,22.5421,106.343,427,24075,0.130026,0.13,1,494371,493944,427
49135841,26.1084,42.0685,428,24163,0.146005,0.13,1,494398,493970,428
49138761,35.6217,40.4137,426,24251,0.197201,0.13,1,494436,494010,426
49141681,76.7243,76.0827,428,24338,0.25544,0.15,1,494523,494095,428
49144601,41.7449,40.8165,429,24425,0.299088,0.13,1,494556,494127,429
49147521,45.149,45.7633,428,24512,0.323818,0.13,1,494602,494174,428
49150441,75.4298,75.5527,428,24598,0.328764,0.13,1,494685,494257,428
49153361,104.686,104.711,428,24684,0.409753,0.13,1,494797,494369,428
49156281,22.5372,22.5421,428,24770,0.425951,0.15,1,494799,494371,428
49159201,26.9074,26.1084,429,24856,0.46119,0.21,1,494827,494398,429
49162121,37.3815,35.6217,431,24941,0.484238,0.27,1,494867,494436,431
49165041,79.4763,76.7243,434,25026,0.536848,0.31,1,494957,494523,434
49167961,43.0953,41.7449,435,25111,0.59537,0.33,1,494991,494556,435
49170881,46.2191,45.149,436,25195,0.623074,0.33,1,495038,494602,436
49173801,77.2438,75.4298,438,25279,0.660615,0.43,1,495123,494685,438
49176721,107.449,104.686,441,25363,0.716123,0.43,1,495238,494797,441
49179641,23.0898,22.5372,441,25447,0.727225,0.43,1,495240,494799,441
49182561,28.6179,4.50744,471,25530,0.745445,0.47,1,495270,494799,471
49185481,39.3236,23.3015,485,25613,0.749089,0.49,1,495312,494827,485
49188401,82.2647,36.6603,538,25696,0.797818,0.55,2,495405,494867,538
49191321,45.2529,79.3321,484,25778,0.791564,0.61,2,495441,494957,484
49194241,48.2506,43.0664,499,25860,0.790313,0.63,2,495490,494991,499
49197161,79.2501,46.2133,539,25942,0.838063,0.67,2,495577,495038,539
49200081,110.25,77.2427,572,26024,0.895613,0.73,2,495695,495123,572
49203001,23.65,107.449,459,26105,0.907122,0.73,2,495697,495238,459
49205921,29.53,23.0897,488,26186,0.893425,0.75,2,495728,495240,488
49208841,39.506,28.6179,500,26267,0.890685,0.75,2,495770,495270,500
49211761,84.7012,39.3236,554,26348,0.922137,0.81,2,495866,495312,554
49214681,45.7402,82.2647,497,26428,0.896427,0.79,2,495902,495405,497
49217601,47.548,45.2529,509,26508,0.907286,0.79,2,495950,495441,509
49319801,46,72,515,29173,0.65,1,1,497787,497272,515
49322721,38,48.8,508,29246,0.522,1,1,497823,497315,508
49325641,84.4,44.96,560,29318,0.2244,1,1,497919,497359,560
49328561,119.28,88.992,588,29390,0.11688,1,1,498047,497459,588
49331481,52.656,111.398,507,29462,0.063376,0.94,1,498083,497576,507
49334401,32.1312,51.0797,498,29534,0.0686752,0.93,1,498110,497612,498
49337321,22.4262,34.2159,488,29606,0.037735,1,1,498130,497642,488
49340241,23.6852,22.8432,492,29677,0.031547,0.94,1,498154,497662,492
49343161,42.3371,26.1686,512,29748,0.0143094,0.79,1,498201,497689,512
49346081,33.2674,46.8337,491,29819,0.0428619,0.65,1,498232,497741,491
49349001,8.25348,46.1667,447,29890,0.0485724,0.49,1,498234,497787,447
49351921,28.0507,38.0333,444,29961,0.0177145,0.15,1,498267,497823,444
49354841,70.4101,84.4067,429,30032,0.0755429,0.09,1,498348,497919,429
49357761,111.682,119.281,423,30102,0.0391086,0.05,1,498470,498047,423
49360681,50.3364,52.6563,422,30172,0.0478217,0.07,1,498505,498083,422
49363601,33.2673,32.1313,424,30242,0.0335643,0.03,1,498534,498110,424
49366521,22.6535,22.4263,424,30312,0.0467129,0.03,1,498554,498130,424
49369441,22.1307,23.6853,422,30382,0.0333426,0.01,1,498576,498154,422
49372361,43.6261,42.3371,424,30452,0.00666851,0.05,1,498625,498201,424
49375281,32.7252,33.2674,423,30521,0.0893337,0.05,1,498655,498232,423
49378201,8.14505,8.25348,423,30590,0.105867,0.01,1,498657,498234,423
49381121,27.229,28.0507,422,30659,0.0771733,0.09,1,498689,498267,422
49384041,71.8458,70.4101,424,30728,0.151435,0.03,1,498772,498348,424
49386961,110.369,111.682,422,30797,0.102287,0.05,1,498892,498470,422
49389881,52.4738,50.3364,425,30866,0.0604574,0.03,1,498930,498505,425
49392801,31.2948,33.2673,422,30935,0.0520915,0.05,1,498956,498534,422
49395721,22.259,22.6535,422,31003,0.0184183,0.03,1,498976,498554,422
49398641,22.0518,22.1307,422,31071,0.0436837,0,1,498998,498576,422
49401561,44.4104,43.6261,423,31139,0.0327367,0.11,1,499048,498625,423
49404481,34.4821,32.7252,425,31207,0.0305473,0.11,1,499080,498655,425
49407401,8.49641,8.14505,425,31275,0.0621095,0.07,1,499082,498657,425
49410321,26.4993,27.229,424,31343,0.0524219,0.07,1,499113,498689,424
49413241,75.6999,5.4458,512,31411,0.0824844,0.17,1,499201,498689,512
49416161,106.34,67.4892,543,31478,0.120497,0.09,1,499315,498772,543
49419081,51.668,109.498,461,31545,0.112099,0.05,1,499353,498892,461
49422001,29.5336,52.2996,447,31612,0.12642,0.05,1,499377,498930,447
49424921,21.9067,31.2599,441,31679,0.145284,0.01,1,499397,498956,441
49427841,21.9813,22.252,443,31746,0.117057,0.05,1,499419,498976,443
49430761,45.1963,22.0504,472,31813,0.143411,0.03,1,499470,498998,472
49433681,34.6393,44.4101,454,31880,0.148682,0.03,1,499502,499048,454
49436601,8.52785,34.482,424,31946,0.149736,0.07,1,499504,499080,424
49439521,27.3056,8.4964,454,32012,0.149947,0.05,1,499536,499082,454
49442441,77.4611,26.4993,513,32078,0.181989,0.09,1,499626,499113,513
49445361,109.092,75.6999,542,32144,0.236398,0.13,1,499743,499201,542
49448281,50.6184,106.34,464,32210,0.24728,0.11,1,499779,499315,464
49451201,30.9237,51.668,452,32276,0.281456,0.13,1,499805,499353,452
49454121,20.5847,29.5336,446,32342,0.256291,0.15,1,499823,499377,446
49457041,22.5169,21.9067,449,32407,0.251258,0.11,1,499846,499397,449
49459961,46.1034,21.9813,479,32472,0.250252,0.15,1,499898,499419,479
49462881,34.8207,45.1963,460,32537,0.26605,0.15,1,499930,499470,460
49465801,8.56414,34.6393,430,32602,0.26921,0.15,1,499932,499502,430
49468721,28.1128,8.52785,461,32667,0.253842,0.15,1,499965,499504,461
49471641,78.4226,27.3056,520,32732,0.250768,0.19,1,500056,499536,520
49474561,17.2845,77.4611,432,32797,0.250154,0.25,1,500058,499626,432
49477481,98.6569,109.092,434,32861,0.266031,0.25,1,500177,499743,434
49480401,48.5314,50.6184,434,32925,0.301206,0.29,1,500213,499779,434
49483321,30.5063,30.9237,434,32989,0.276241,0.25,1,500239,499805,434
49486241,21.3013,20.5847,435,33053,0.303248,0.25,1,500258,499823,435
49489161,23.4603,22.5169,436,33117,0.34065,0.25,1,500282,499846,436
49492081,45.492,46.1034,435,33181,0.36413,0.27,1,500333,499898,435
49495001,34.6984,34.8207,435,33245,0.416826,0.27,1,500365,499930,435
49497921,8.53968,8.56414,435,33309,0.427365,0.25,1,500367,499932,435
49500841,28.1079,28.1128,435,33372,0.445473,0.25,1,500400,499965,435
49503761,77.6216,78.4226,434,33435,0.481095,0.25,1,500490,500056,434
49506681,17.1243,17.2845,434,33498,0.456219,0.27,1,500492,500058,434
49509601,99.4249,98.6569,435,33561,0.563244,0.31,1,500612,500177,435
49512521,48.685,48.5314,435,33624,0.616649,0.27,1,500648,500213,435
49515441,31.337,30.5063,436,33687,0.64333,0.31,1,500675,500239,436
49518361,22.2674,21.3013,437,33750,0.648666,0.35,1,500695,500258,437
49521281,23.6535,23.4603,437,33813,0.697733,0.37,1,500719,500282,437
49524201,47.9307,45.492,440,33876,0.707547,0.43,1,500773,500333,440
49527121,35.9861,34.6984,441,33938,0.693509,0.43,1,500806,500365,441
49530041,8.79723,8.53968,441,34000,0.722702,0.45,1,500808,500367,441
49532961,28.9594,28.1079,442,34062,0.72854,0.49,1,500842,500400,442
49535881,80.1919,77.6216,445,34124,0.713708,0.45,1,500935,500490,445
49538801,17.6384,17.1243,445,34186,0.710742,0.59,1,500937,500492,445
49541721,104.328,99.4249,451,34248,0.806148,0.59,2,501063,500612,451
49544641,50.4655,19.885,488,34310,0.80923,0.63,2,501100,500612,488
49547561,32.4931,32.777,480,34372,0.809846,0.65,2,501128,500648,480
49550481,22.4986,28.1554,473,34434,0.825969,0.65,2,501148,500675,473
49553401,24.4997,21.6311,478,34495,0.813194,0.71,2,501173,500695,478
49556321,48.0999,23.5262,508,34556,0.810639,0.71,2,501227,500719,508
49559241,36.82,47.9052,488,34617,0.810128,0.69,2,501261,500773,488
49562161,8.964,35.981,457,34678,0.810026,0.73,2,501263,500806,457
49565081,28.9928,8.79621,489,34739,0.842005,0.73,2,501297,500808,489
49568001,80.9986,28.9592,549,34800,0.928401,0.71,2,501391,500842,549
49734441,140,127,576,17042,0.13,0.91,1,503901,503325,576
49737361,92.8,155,495,17167,0.114,0.73,1,503982,503487,495
49740281,70.56,86.2,491,17291,0.1108,0.59,1,504047,503556,491
49743201,24.512,56.44,455,17414,0.09416,0.55,1,504060,503605,455
49746121,116.902,21.688,582,17536,0.122832,0.33,1,504200,503618,582
49749041,127.38,118.738,569,17657,0.224566,0.13,1,504330,503761,569
49751961,87.0761,135.748,506,17777,0.260913,0.11,1,504407,503901,506
49754881,68.6152,91.9495,489,17896,0.300183,0.11,1,504471,503982,489
49757801,23.323,70.3899,436,18015,0.340037,0.09,1,504483,504047,436
49760721,6.26461,24.478,425,18133,0.348007,0.13,1,504485,504060,425
49763641,114.053,116.896,426,18250,0.429601,0.25,1,504626,504200,426
49766561,133.211,127.379,434,18366,0.46192,0.27,1,504764,504330,434
49769481,89.8421,87.0758,436,18482,0.468384,0.31,1,504843,504407,436
49772401,71.5684,68.6152,439,18597,0.469677,0.35,1,504910,504471,439
49775321,24.7137,23.323,440,18711,0.485935,0.35,1,504923,504483,440
49778241,6.54274,6.26461,440,18824,0.489187,0.45,1,504925,504485,440
49781161,117.309,114.053,444,18937,0.585837,0.47,1,505070,504626,444
49784081,133.862,133.211,444,19049,0.637167,0.47,1,505208,504764,444
49787001,89.1723,89.8421,443,19160,0.679434,0.47,1,505286,504843,443
49789921,73.0345,71.5684,445,19271,0.703887,0.49,1,505355,504910,445
49792841,24.2069,24.7137,444,19381,0.740777,0.49,1,505367,504923,444
49795761,6.44138,6.54274,444,19490,0.748155,0.61,1,505369,504925,444
49798681,122.088,117.309,450,19599,0.813631,0.61,2,505520,505070,450
49801601,136.418,23.4617,590,19707,0.794726,0.65,2,505660,505070,590
49804521,90.4835,115.092,531,19815,0.822945,0.69,2,505739,505208,531
49807441,75.6967,85.4185,525,19922,0.860589,0.71,2,505811,505286,525
49810361,25.5393,72.2837,469,20028,0.852118,0.75,2,505824,505355,469
49813281,6.70787,24.0567,459,20134,0.882424,0.75,2,505826,505367,459
49816201,124.542,6.41135,611,20239,0.872485,0.83,2,505980,505369,611
49819121,136.908,122.082,600,20344,0.902497,0.79,2,506120,505520,600
49900881,52,149,517,23085,0.31,1,1,508080,507563,517
49903801,43.2,60.2,520,23177,0.166,1,1,508121,507601,520
49906721,38.24,49.64,510,23268,0.0412,1,1,508158,507648,510
49909641,38.048,46.728,502,23359,0.01624,1,1,508196,507694,502
49912561,35.6096,36.5456,503,23450,0.011248,1,1,508231,507728,503
49915481,103.922,32.1091,593,23540,0.0262496,0.88,1,508352,507759,593
49918401,115.184,108.022,584,23630,0.0132499,0.51,1,508470,507886,584
49921321,56.6369,135.204,484,23720,0.04265,0.31,1,508512,508028,484
49924241,37.7274,68.6409,465,23809,0.03253,0.13,1,508545,508080,465
49927161,35.5455,46.5282,459,23898,0.062506,0.01,1,508580,508121,459
49930081,39.1091,38.9056,462,23987,0.0365012,0.01,1,508620,508158,462
49933001,9.42182,38.1811,426,24075,0.00730024,0.01,1,508622,508196,426
49935921,27.4844,35.6362,423,24163,0.00146005,0.03,1,508654,508231,423
49938841,101.497,103.927,422,24251,0.088292,0.01,1,508774,508352,422
49941761,115.499,115.185,423,24338,0.0416584,0.05,1,508893,508470,423
49944681,56.6999,56.6371,423,24425,0.0643317,0.03,1,508935,508512,423
49947601,37.74,37.7274,423,24512,0.0368663,0.07,1,508968,508545,423
49950521,35.548,35.5455,423,24598,0.0953733,0.03,1,509003,508580,423
49953441,38.3096,39.1091,422,24684,0.0430747,0,1,509042,508620,422
49956361,9.26192,9.42182,422,24770,0.00861493,0,1,509044,508622,422
49959281,29.0524,27.4844,424,24856,0.025723,0.11,1,509078,508654,424
49962201,102.61,101.497,425,24941,0.0451446,0.03,1,509199,508774,425
49965121,113.322,115.499,422,25026,0.0650289,0.07,1,509315,508893,422
49968041,56.2644,56.6999,422,25111,0.0530058,0.03,1,509357,508935,422
49970961,39.2529,37.74,424,25195,0.0346012,0.11,1,509392,508968,424
49973881,36.6506,35.548,425,25279,0.0469202,0.03,1,509428,509003,425
49976801,36.9301,38.3096,423,25363,0.017384,0,1,509465,509042,423
49979721,8.98602,9.26192,423,25447,0.0114768,0,1,509467,509044,423
49982641,27.3972,1.85238,455,25530,0.00229536,0.03,1,509499,509044,455
49985561,103.879,27.5705,544,25613,0.0244591,0.05,1,509622,509078,544
49988481,113.576,102.314,539,25696,0.0448918,0.07,1,509738,509199,539
49991401,54.7152,113.263,463,25778,0.0489784,0.05,1,509778,509315,463
49994321,39.743,56.2526,457,25860,0.0657957,0.03,1,509814,509357,457
49997241,37.5486,39.2505,459,25942,0.0211591,0.05,1,509851,509392,459
50000161,35.5097,36.6501,458,26024,0.0122318,0.01,1,509886,509428,458
50003081,8.70194,36.93,423,26105,0.0264464,0.01,1,509888,509465,423
50006001,28.1404,8.986,454,26186,0.00528927,0,1,509921,509467,454
50008921,104.028,27.3972,545,26267,0.0570579,0.03,1,510044,509499,545
50011841,114.406,103.879,539,26348,0.0994116,0.05,1,510161,509622,539
50014761,55.6811,113.576,464,26428,0.0918823,0.05,1,510202,509738,464
50017681,38.3362,54.7152,458,26508,0.0903765,0.07,1,510236,509778,458
50020601,38.0672,39.743,460,26588,0.0580753,0.01,1,510274,509814,460
50023521,34.8134,37.5486,457,26668,0.0196151,0.01,1,510308,509851,457
50026441,8.56269,35.5097,424,26747,0.027923,0.03,1,510310,509886,424
50029361,28.1125,8.70194,455,26826,0.0455846,0,1,510343,509888,455
50032281,105.623,28.1404,547,26905,0.0651169,0.07,1,510468,509921,547
50035201,22.7245,104.028,426,26984,0.0690234,0.11,1,510470,510044,426
50038121,98.9449,114.406,427,27062,0.0858047,0.09,1,510588,510161,427
50041041,50.189,55.6811,424,27140,0.105161,0.09,1,510626,510202,424
50043961,38.8378,38.3362,426,27218,0.0770322,0.05,1,510662,510236,426
50046881,36.5676,38.0672,424,27296,0.119406,0.01,1,510698,510274,424
50049801,34.5135,34.8134,424,27374,0.111881,0.03,1,510732,510308,424
50052721,8.5027,8.56269,424,27451,0.110376,0.05,1,510734,510310,424
50055641,28.1005,28.1125,424,27528,0.158075,0.07,1,510767,510343,424
50058561,107.22,105.623,426,27605,0.071615,0.07,1,510894,510468,426
50061481,23.044,22.7245,426,27682,0.054323,0.09,1,510896,510470,426
50064401,98.2088,98.9449,425,27759,0.146865,0.11,1,511013,510588,425
50067321,50.0418,50.189,425,27835,0.149373,0.07,1,511051,510626,425
50070241,38.8084,38.8378,425,27911,0.181875,0.13,1,511087,510662,425
50073161,37.3617,36.5676,426,27987,0.236375,0.11,1,511124,510698,426
50076081,35.4723,34.5135,427,28063,0.279275,0.11,1,511159,510732,427
50079001,8.69447,8.5027,427,28138,0.287855,0.17,1,511161,510734,427
50081921,28.9389,28.1005,428,28213,0.289571,0.05,1,511195,510767,428
50084841,104.188,107.22,424,28288,0.305914,0.05,1,511318,510894,424
50087761,22.4376,23.044,424,28363,0.277183,0.05,1,511320,510896,424
50090681,100.488,4.6088,544,28438,0.335437,0.17,1,511440,510896,544
50093601,51.2975,94.5218,466,28512,0.379087,0.15,1,511479,511013,466
50096521,39.0595,49.3044,464,28586,0.387817,0.19,1,511515,511051,464
50099441,39.8119,38.6609,468,28660,0.405563,0.25,1,511555,511087,468
50102361,37.5624,37.3322,468,28734,0.393113,0.29,1,511592,511124,468
50105281,9.11248,35.4664,435,28808,0.390623,0.29,1,511594,511159,435
50108201,30.6225,8.69329,469,28881,0.406125,0.29,1,511630,511161,469
50111121,104.525,28.9387,558,28954,0.489225,0.31,1,511753,511195,558
50114041,22.5049,104.188,437,29027,0.473845,0.27,1,511755,511318,437
50116961,102.901,22.4375,558,29100,0.534769,0.35,1,511878,511320,558
50119881,53.3802,100.488,479,29173,0.578954,0.39,1,511919,511440,479
50122801,39.476,51.2975,476,29246,0.619791,0.39,1,511955,511479,476
50125721,40.6952,39.0595,481,29318,0.611958,0.41,1,511996,511515,481
50128641,36.939,39.8119,477,29390,0.626392,0.39,1,512032,511555,477
50131561,8.98781,37.5624,442,29462,0.629278,0.39,1,512034,511592,442
50134481,32.1976,9.11248,478,29534,0.613856,0.41,1,512072,511594,478
50137401,106.44,30.6225,567,29606,0.626771,0.51,1,512197,511630,567
50140321,22.8879,104.525,446,29677,0.629354,0.47,1,512199,511753,446
50143241,106.178,22.5049,571,29748,0.629871,0.55,1,512326,511755,571
50146161,55.6355,102.901,491,29819,0.613974,0.59,1,512369,511878,491
50149081,12.7271,53.3802,452,29890,0.610795,0.63,1,512371,511919,452
50152001,32.1454,39.476,453,29961,0.626159,0.61,1,512408,511955,453
50154921,38.4291,40.6952,452,30032,0.677232,0.63,1,512448,511996,452
50157841,38.0858,36.939,454,30102,0.655446,0.63,1,512486,512032,454
50160761,9.21716,8.98781,454,30172,0.651089,0.61,1,512488,512034,454
50163681,30.6434,32.1976,452,30242,0.682218,0.63,1,512524,512072,452
50166601,106.929,106.44,453,30312,0.736444,0.63,1,512650,512197,453
50169521,22.9857,22.8879,453,30382,0.795289,0.63,2,512652,512199,453
50172441,106.197,106.178,453,30452,0.839058,0.61,2,512779,512326,453
50175361,54.8394,55.6355,452,30521,0.831812,0.61,2,512821,512369,452
50178281,12.5679,12.7271,452,30590,0.862362,0.63,2,512823,512371,452
50181201,32.9136,32.1454,453,30659,0.900472,0.69,2,512861,512408,453
50184121,39.3827,38.4291,454,30728,0.924094,0.65,2,512902,512448,454
50187041,38.2765,38.0858,454,30797,0.928819,0.65,2,512940,512486,454
50189961,9.25531,9.21716,454,30866,0.897764,0.69,2,512942,512488,454
50192881,30.6511,30.6434,454,30935,0.939553,0.75,2,512978,512524,454
50321361,46,115,482,14890,0.11,0.53,1,515251,514769,482
50324281,74.8,79.8,493,15033,0.142,0.37,1,515333,514840,493
50327201,37.36,72.76,450,15174,0.1164,0.09,1,515361,514911,450
50330121,70.672,83.352,443,15314,0.12728,0.09,1,515440,514997,443
50333041,166.134,183.07,425,15453,0.081456,0.11,1,515630,515205,425
50335961,70.8269,73.4141,426,15590,0.0882912,0.15,1,515677,515251,426
50338881,82.1654,80.2828,429,15726,0.153658,0.11,1,515762,515333,429
50341801,38.8331,38.4566,429,15861,0.166732,0.13,1,515790,515361,429
50344721,71.7666,70.8913,430,15995,0.185346,0.07,1,515870,515440,430
50347641,163.153,166.178,426,16128,0.205069,0.09,1,516056,515630,426
50350561,70.2307,70.8357,426,16260,0.225014,0.17,1,516103,515677,426
50353481,85.2461,82.1671,430,16391,0.197003,0.17,1,516192,515762,430
50356401,39.4492,38.8334,430,16521,0.207401,0.19,1,516220,515790,430
50359321,72.6898,71.7667,431,16650,0.24148,0.19,1,516301,515870,431
50362241,163.338,14.3533,617,16778,0.344296,0.21,1,516487,515870,617
50365161,69.4676,151.671,477,16905,0.380859,0.23,1,516533,516056,477
50368081,83.4935,67.9341,517,17031,0.420172,0.19,1,516620,516103,517
50371001,39.8987,84.7868,457,17156,0.444034,0.21,1,516649,516192,457
50373921,74.3797,39.3574,512,17280,0.480807,0.25,1,516732,516220,512
50376841,170.076,72.6715,625,17403,0.568161,0.37,1,516926,516301,625
50379761,71.6152,163.334,486,17525,0.633632,0.39,1,516973,516487,486
50382681,86.323,69.4669,530,17646,0.662726,0.43,1,517063,516533,530
50385601,40.4646,83.4934,472,17766,0.732545,0.45,1,517092,516620,472
50388521,76.0929,39.8987,528,17885,0.778509,0.49,2,517177,516649,528
50391441,175.219,74.3797,645,18004,0.787702,0.59,2,517377,516732,645
50394361,36.6437,170.076,453,18122,0.78954,0.65,2,517379,516926,453
50397281,45.7287,71.6152,454,18239,0.789908,0.67,2,517427,516973,454
50400201,84.3458,86.323,458,18355,0.853982,0.75,2,517521,517063,458
50403121,40.8691,40.4646,459,18471,0.882796,0.79,2,517551,517092,459
50489261,35,33,495,21651,0.09,1,1,519809,519314,495
50492181,83,81.8,496,21749,0.026,1,1,519904,519408,496
50495101,39,39.56,495,21847,0.0292,1,1,519932,519437,495
50498021,24.6,32.712,485,21944,0.04584,1,1,519953,519468,485
50500941,61.72,74.5424,471,22041,0.049168,0.33,1,520024,519553,471
50503861,135.544,166.108,436,22137,0.0818336,0.35,1,520178,519742,436
50506781,49.5088,58.8217,432,22233,0.0243667,0.09,1,520206,519774,432
50509701,32.3018,39.7643,425,22328,0.124873,0.01,1,520234,519809,425
50512621,80.8604,83.9529,423,22423,0.0809747,0.03,1,520327,519904,423
50515541,37.7721,39.1906,422,22518,0.0401949,0.03,1,520354,519932,422
50518461,25.1544,7.83811,444,22612,0.064039,0.05,1,520376,519932,444
50521381,60.2309,18.3676,492,22706,0.0528078,0.05,1,520445,519953,492
50524301,135.246,60.4735,575,22799,0.162562,0.09,1,520599,520024,575
50527221,51.8492,135.295,452,22892,0.184512,0.01,1,520630,520178,452
50530141,35.9698,49.4589,456,22985,0.156902,0.15,1,520662,520206,456
50533061,77.594,32.2918,516,23077,0.16738,0.07,1,520750,520234,516
50535981,35.5188,80.8584,448,23169,0.121476,0.03,1,520775,520327,448
50538901,28.7038,37.7717,448,23261,0.112295,0.07,1,520802,520354,448
50541821,56.9408,25.1543,490,23352,0.126459,0.05,1,520866,520376,490
50544741,141.788,60.2309,584,23443,0.145292,0.19,1,521029,520445,584
50547661,51.5576,135.246,459,23533,0.133058,0.19,1,521058,520599,459
50550581,35.9115,51.8492,460,23623,0.130612,0.15,1,521090,520630,460
50553501,76.7823,35.9698,515,23713,0.162122,0.17,1,521177,520662,515
50556421,33.7565,77.594,450,23802,0.152424,0.11,1,521200,520750,450
50559341,29.1513,35.5188,453,23891,0.166485,0.11,1,521228,520775,453
50562261,54.6303,28.7038,487,23980,0.185297,0.13,1,521289,520802,487
50565181,12.5261,56.9408,425,24068,0.189059,0.15,1,521291,520866,425
50568101,136.105,141.788,429,24156,0.269812,0.13,1,521458,521029,429
50571021,49.621,51.5576,428,24244,0.285962,0.13,1,521486,521058,428
50573941,35.5242,35.9115,428,24331,0.273192,0.17,1,521518,521090,428
50576861,78.3048,76.7823,430,24418,0.350639,0.15,1,521607,521177,430
50579781,34.061,33.7565,430,24505,0.350128,0.17,1,521630,521200,430
50582701,29.2122,29.1513,430,24591,0.350026,0.19,1,521658,521228,430
50585621,55.4424,54.6303,431,24677,0.350005,0.19,1,521720,521289,431
50588541,12.6885,12.5261,431,24763,0.318001,0.29,1,521722,521291,431
50591461,138.538,136.105,434,24849,0.3756,0.29,1,521892,521458,434
50594381,50.1075,49.621,434,24934,0.43512,0.27,1,521920,521486,434
50597301,36.4215,35.5242,435,25019,0.447024,0.37,1,521953,521518,435
50600221,80.8843,78.3048,438,25104,0.465405,0.35,1,522045,521607,438
50603141,33.7769,34.061,437,25188,0.501081,0.35,1,522067,521630,437
50606061,29.1554,29.2122,437,25272,0.524216,0.35,1,522095,521658,437
50608981,55.4311,55.4424,437,25356,0.544843,0.31,1,522157,521720,437
50611901,12.6862,12.6885,437,25440,0.548969,0.31,1,522159,521722,437
50614821,140.937,2.5377,610,25523,0.597794,0.39,1,522332,521722,610
50617741,51.3874,136.508,469,25606,0.623559,0.45,1,522361,521892,469
50620661,39.0775,49.7015,477,25689,0.644712,0.45,1,522397,521920,477
50623581,81.4155,36.3403,536,25771,0.696942,0.47,1,522489,521953,536
50626501,34.6831,80.8681,467,25853,0.707388,0.51,1,522512,522045,467
50629421,29.3366,33.7736,473,25935,0.709478,0.53,1,522540,522067,473
50632341,56.2673,29.1547,508,26017,0.725896,0.55,1,522603,522095,508
50635261,12.8535,55.4309,448,26098,0.729179,0.55,1,522605,522157,448
50638181,144.971,12.6862,624,26179,0.825836,0.61,2,522783,522159,624
50641101,53.7941,140.937,482,26260,0.845167,0.63,2,522814,522332,482
50644021,39.5588,51.3874,489,26341,0.881033,0.65,2,522850,522361,489
50646941,83.9118,39.0775,548,26421,0.904207,0.71,2,522945,522397,548
50649861,35.1824,81.4155,479,26501,0.924841,0.71,2,522968,522489,479
50652781,29.4365,34.6831,484,26581,0.928968,0.71,2,522996,522512,484
50655701,57.0873,29.3366,520,26661,0.929794,0.73,2,523060,522540,520
50658621,13.0175,56.2673,459,26740,0.945959,0.73,2,523062,522603,459
50661541,149.803,12.8535,641,26819,0.949192,0.85,2,523246,522605,641
50772501,38,45,513,29673,0.61,1,1,525217,524704,513
50775421,34,37,511,29744,0.594,1,1,525250,524739,511
50778341,49.2,35.4,529,29815,0.4308,1,1,525303,524774,529
50781261,37.04,51.88,507,29886,0.43016,1,1,525337,524830,507
50784181,24.208,36.776,495,29957,0.430032,1,1,525358,524863,495
50787101,23.2416,34.5552,484,30028,0.398006,1,1,525381,524897,484
50790021,52.6483,53.311,486,30098,0.375601,1,1,525441,524955,486
50792941,37.7297,41.0622,482,30168,0.33912,0.85,1,525475,524993,482
50795861,109.146,125.812,462,30238,0.187824,0.73,1,525602,525140,462
50798781,51.4292,56.3625,460,30308,0.173565,0.61,1,525639,525179,460
50801701,35.8858,41.6725,454,30378,0.154713,0.59,1,525671,525217,454
50804621,28.7772,34.7345,448,30448,0.198943,0.39,1,525698,525250,448
50807541,44.1554,49.3469,443,30518,0.239789,0.43,1,525746,525303,443
50810461,37.6311,37.0694,445,30587,0.215958,0.43,1,525782,525337,445
50813381,21.9262,24.2139,442,30656,0.243192,0.39,1,525800,525358,442
50816301,20.3852,23.2428,439,30725,0.312638,0.37,1,525820,525381,439
50819221,49.6771,52.6486,436,30794,0.326528,0.33,1,525877,525441,436
50822141,32.3354,37.7297,430,30863,0.377306,0.15,1,525905,525475,430
50825061,107.267,109.146,429,30932,0.371461,0.17,1,526031,525602,429
50827981,51.0534,51.4292,429,31000,0.354292,0.15,1,526068,525639,429
50830901,35.8107,35.8858,429,31068,0.382858,0.21,1,526100,525671,429
50833821,27.9621,28.7772,428,31136,0.436572,0.25,1,526126,525698,428
50836741,48.7924,44.1554,434,31204,0.447314,0.21,1,526180,525746,434
50839661,37.7585,37.6311,433,31272,0.481463,0.25,1,526215,525782,433
50842581,23.5517,21.9262,435,31340,0.456293,0.25,1,526235,525800,435
50845501,20.7103,4.38524,455,31408,0.451259,0.33,1,526255,525800,455
50848421,51.3421,16.877,494,31475,0.482252,0.33,1,526314,525820,494
50851341,33.4684,48.9754,466,31542,0.48845,0.39,1,526343,525877,466
50854261,106.694,32.1951,563,31609,0.55369,0.37,1,526468,525905,563
50857181,53.3387,107.239,477,31676,0.566738,0.35,1,526508,526031,477
50860101,36.2677,51.0478,472,31743,0.537348,0.39,1,526540,526068,472
50863021,30.4535,35.8096,469,31810,0.547469,0.45,1,526569,526100,469
50865941,49.2907,27.9619,497,31877,0.533494,0.45,1,526623,526126,497
50868861,37.8581,48.7924,478,31943,0.514699,0.49,1,526658,526180,478
50871781,23.5716,37.7585,463,32009,0.52694,0.45,1,526678,526215,463
50874701,21.5143,23.5517,464,32075,0.513388,0.45,1,526699,526235,464
50877621,53.1029,20.7103,505,32141,0.590678,0.49,1,526760,526255,505
50880541,33.0206,51.3421,474,32207,0.606135,0.49,1,526788,526314,474
50883461,109.804,33.4684,574,32273,0.657227,0.57,1,526917,526343,574
50886381,52.3608,106.694,487,32339,0.667445,0.57,1,526955,526468,487
50889301,36.0722,53.3387,479,32404,0.685489,0.53,1,526987,526508,479
50892221,31.2144,36.2677,477,32469,0.689098,0.55,1,527017,526540,477
50895141,48.6429,30.4535,501,32534,0.70582,0.53,1,527070,526569,501
50898061,36.9286,49.2907,481,32599,0.709164,0.51,1,527104,526623,481
50900981,24.1857,37.8581,467,32664,0.725833,0.53,1,527125,526658,467
50903901,23.2371,23.5716,470,32729,0.745167,0.51,1,527148,526678,470
50906821,6.24743,21.5143,451,32794,0.749033,0.61,1,527150,526699,451
50909741,50.8495,53.1029,452,32858,0.861807,0.61,2,527212,526760,452
50912661,33.3699,33.0206,453,32922,0.868361,0.67,2,527241,526788,453
50915581,111.474,109.804,455,32986,0.885672,0.67,2,527372,526917,455
50918501,52.6948,52.3608,455,33050,0.921134,0.69,2,527410,526955,455
50921421,36.939,36.0722,456,33114,0.896227,0.69,2,527443,526987,456
50924341,32.1878,31.2144,457,33178,0.923245,0.71,2,527474,527017,457
51061581,36,31,494,36053,0.85,1,2,529467,528973,494
51064501,24.8,31,485,36112,0.818,1,2,529489,529004,485
51067421,33.76,28.6,493,36171,0.7316,1,1,529525,529032,493
51070341,37.952,20.92,513,36229,0.68232,1,1,529564,529051,513
51073261,29.1904,29.784,508,36287,0.560464,1,1,529591,529083,508
51076181,17.8381,35.5568,486,36345,0.568093,0.99,1,529606,529120,486
51079101,25.9676,28.7114,487,36403,0.441619,0.97,1,529634,529147,487
51082021,105.194,100.142,494,36461,0.192324,1,1,529759,529265,494
51084941,49.8387,60.0285,480,36519,0.0944647,1,1,529795,529315,480
51087861,41.9677,41.6057,483,36577,0.106893,0.88,1,529835,529352,483
51090781,27.5935,33.9211,475,36635,0.109379,0.92,1,529859,529384,475
51093701,36.7187,44.3842,467,36693,0.125876,0.85,1,529898,529431,467
51096621,32.9437,37.6768,463,36751,0.113175,0.81,1,529930,529467,463
51099541,22.5887,25.1354,461,36809,0.110635,0.71,1,529950,529489,461
51102461,29.3178,33.8271,456,36866,0.126127,0.67,1,529981,529525,456
51105381,35.4636,37.9654,454,36923,0.145225,0.53,1,530018,529564,454
51108301,27.8927,29.1931,453,36980,0.165045,0.57,1,530044,529591,453
51111221,8.77854,17.8386,442,37037,0.169009,0.41,1,530048,529606,442
51114141,20.9557,25.9677,438,37094,0.169802,0.13,1,530072,529634,438
51117061,92.1911,105.194,423,37151,0.23396,0.13,1,530182,529759,423
51119981,48.0382,21.0387,460,37208,0.150792,0.07,1,530219,529759,460
51122901,40.8076,33.0077,463,37265,0.118158,0.11,1,530258,529795,463
51125821,28.1615,38.6015,448,37322,0.175632,0.11,1,530283,529835,448
51128741,38.4323,26.9203,465,37379,0.219126,0.13,1,530324,529859,465
51131661,33.2865,36.5841,458,37436,0.227825,0.11,1,530356,529898,458
51134581,22.6573,32.9168,446,37492,0.229565,0.11,1,530376,529930,446
51137501,30.1315,22.5834,458,37548,0.229913,0.13,1,530408,529950,458
51140421,35.6263,29.3167,464,37604,0.277983,0.15,1,530445,529981,464
51143341,29.5253,35.4633,455,37660,0.271597,0.17,1,530473,530018,455
51146261,9.10505,27.8927,433,37716,0.270319,0.17,1,530477,530044,433
51149181,19.421,8.77853,451,37772,0.270064,0.17,1,530499,530048,451
51152101,93.4842,20.9557,539,37828,0.238013,0.25,1,530611,530072,539
51155021,46.6968,92.1911,464,37884,0.247603,0.13,1,530646,530182,464
51157941,42.9394,48.0382,469,37940,0.249521,0.11,1,530688,530219,469
51160861,29.3879,40.8076,456,37996,0.297904,0.19,1,530714,530258,456
51163781,39.4776,28.1615,473,38052,0.307581,0.23,1,530756,530283,473
51166701,33.4955,38.4323,464,38108,0.341516,0.23,1,530788,530324,464
51169621,22.6991,33.2865,452,38163,0.364303,0.23,1,530808,530356,452
51172541,30.1398,22.6573,464,38218,0.368861,0.23,1,530840,530376,464
51175461,36.428,30.1315,470,38273,0.385772,0.29,1,530878,530408,470
51178381,30.4856,35.6263,462,38328,0.373154,0.27,1,530907,530445,462
51181301,9.29712,29.5253,438,38383,0.370631,0.27,1,530911,530473,438
51184221,19.4594,9.10505,456,38438,0.370126,0.27,1,530933,530477,456
51187141,91.8919,19.421,544,38493,0.386025,0.23,1,531043,530499,544
51190061,47.1784,93.4842,468,38548,0.453205,0.25,1,531079,530611,468
51192981,44.6357,46.6968,477,38603,0.498641,0.25,1,531123,530646,477
51195901,10.5271,42.9394,437,38658,0.523728,0.31,1,531125,530688,437
51198821,22.9054,29.3879,437,38713,0.528746,0.31,1,531151,530714,437
51201741,38.9811,39.4776,438,38768,0.561749,0.35,1,531194,530756,438
51204661,34.9962,33.4955,440,38822,0.58435,0.37,1,531228,530788,440
51207581,22.9992,22.6991,440,38876,0.62087,0.37,1,531248,530808,440
51210501,30.1998,30.1398,440,38930,0.660174,0.39,1,531280,530840,440
51213421,37.24,36.428,441,38984,0.620035,0.37,1,531319,530878,441
51216341,29.848,30.4856,440,39038,0.660007,0.37,1,531347,530907,440
51219261,9.1696,9.29712,440,39092,0.668001,0.37,1,531351,530911,440
51222181,19.4339,19.4594,440,39146,0.6856,0.39,1,531373,530933,440
51225101,93.4868,91.8919,442,39200,0.70512,0.47,1,531485,531043,442
51228021,49.8974,47.1784,445,39254,0.741024,0.51,1,531524,531079,445
51230941,47.5795,44.6357,448,39308,0.764205,0.53,2,531571,531123,448
51233861,11.1159,10.5271,448,39362,0.768841,0.53,2,531573,531125,448
51236781,23.0232,22.9054,448,39416,0.769768,0.57,2,531599,531151,448
51239701,40.6046,38.9811,450,39470,0.785954,0.59,2,531644,531194,450
51242621,36.1209,34.9962,451,39524,0.789191,0.63,2,531679,531228,451
51245541,24.0242,22.9992,452,39577,0.821838,0.67,2,531700,531248,452
51248461,31.2048,30.1998,453,39630,0.860368,0.61,2,531733,531280,453
51251381,36.641,37.24,452,39683,0.868074,0.67,2,531771,531319,452
51254301,30.5282,29.848,453,39736,0.821615,0.67,2,531800,531347,453
51257221,9.30564,9.1696,453,39789,0.812323,0.69,2,531804,531351,453
51260141,20.2611,19.4339,454,39842,0.858465,0.71,2,531827,531373,454
51263061,94.4522,93.4868,455,39895,0.915693,0.75,2,531940,531485,455
51265981,51.6904,49.8974,457,39948,0.879139,0.77,2,531981,531524,457
51268901,50.3381,47.5795,460,40001,0.919828,0.77,2,532031,531571,460
51286421,33,21,495,40318,0.95,0.87,2,532195,531700,495
51429501,26,22,487,42807,0.89,1,2,533956,533469,487
51432421,33.2,22.8,499,42856,0.698,1,1,533991,533492,499
51435341,31.44,30.16,498,42905,0.5316,1,1,534022,533524,498
51438261,30.288,28.432,500,42954,0.41832,1,1,534052,533552,500
51439721,28.4576,28.0864,500,43003,0.363664,1,1,534080,533580,500
51484981,380.092,434.417,432,18980,0.144733,0,1,534548,534116,432
51487901,136.018,126.883,457,19818,0.0529466,0.05,1,534623,534166,457
51490821,123.204,82.9767,505,19925,0.0505893,0.05,1,534743,534238,505
51493741,81.4407,109.395,460,20031,0.0501179,0.05,1,534814,534354,460
51496661,54.6881,69.8791,448,20137,0.0180236,0.03,1,534862,534414,448
51499581,72.5376,56.3758,472,20242,0.0436047,0.05,1,534939,534467,472
51502501,23.3075,52.0752,432,20347,0.0487209,0.09,1,534950,534518,432
51505421,79.8615,34.415,496,20451,0.0497442,0.03,1,535044,534548,496
51508341,111.972,66.883,541,20555,0.0339488,0.05,1,535164,534623,541
51511261,82.3945,109.377,496,20658,0.0307898,0.05,1,535239,534743,496
51514181,54.8789,78.6753,473,20761,0.030158,0.01,1,535287,534814,473
51517101,70.1758,54.1351,499,20863,0.0140316,0.05,1,535361,534862,499
51520021,22.0352,72.427,432,20965,0.0268063,0.05,1,535371,534939,432
51522941,6.00703,23.2854,423,21066,0.0293613,0.05,1,535373,534950,423
51525861,77.2014,79.8571,424,21167,0.0458723,0.03,1,535468,535044,424
51528781,110.64,111.971,423,21267,0.0491745,0.03,1,535587,535164,423
51531701,81.3281,82.3943,422,21367,0.0338349,0.03,1,535661,535239,422
51534621,55.4656,54.8789,423,21466,0.014767,0.01,1,535710,535287,423
51537541,70.2931,70.1758,423,21565,0.0269534,0.03,1,535784,535361,423
51540461,22.0586,22.0352,423,21663,0.0133907,0.03,1,535794,535371,423
51543381,6.01172,6.00703,423,21761,0.0106781,0.05,1,535796,535373,423
51546301,78.8023,77.2014,425,21858,0.0421356,0.05,1,535893,535468,425
51549221,110.16,110.64,424,21955,0.0644271,0.03,1,536011,535587,424
51552141,79.6321,81.3281,422,22052,0.0368854,0.01,1,536083,535661,422
51555061,55.1264,55.4656,422,22148,0.0793771,0.03,1,536132,535710,422
51557981,70.2253,70.2931,422,22244,0.0398754,0.01,1,536206,535784,422
51560901,22.0451,22.0586,422,22339,0.0319751,0.01,1,536216,535794,422
51563821,6.00901,6.01172,422,22434,0.030395,0.05,1,536218,535796,422
51566741,78.8018,78.8023,422,22529,0.046079,0.05,1,536315,535893,422
51569661,111.76,15.7605,542,22623,0.0972158,0.07,1,536435,535893,542
51572581,77.5521,97.5521,493,22717,0.139443,0.03,1,536504,536011,493
51575501,57.1104,77.1104,473,22810,0.115889,0.09,1,536556,536083,473
51578421,69.0221,54.6221,496,22903,0.127178,0.03,1,536628,536132,496
51581341,22.6044,70.1244,433,22996,0.145436,0.03,1,536639,536206,433
51584261,6.12088,22.0249,425,23088,0.117087,0.03,1,536641,536216,425
51587181,77.2242,6.00498,518,23180,0.143417,0.05,1,536736,536218,518
51590101,115.445,78.801,546,23271,0.180683,0.11,1,536861,536315,546
51593021,78.289,111.76,495,23362,0.284137,0.15,1,536930,536435,495
51595941,58.0578,77.552,479,23453,0.336827,0.11,1,536983,536504,479
51598861,69.2116,57.1104,499,23543,0.379365,0.13,1,537055,536556,499
51601781,21.8423,69.0221,437,23633,0.387873,0.15,1,537065,536628,437
51604701,5.96846,22.6044,428,23723,0.389575,0.11,1,537067,536639,428
51607621,78.7937,6.12088,523,23812,0.389915,0.15,1,537164,536641,523
51610541,118.159,77.2242,556,23901,0.421983,0.19,1,537292,536736,556
51613461,25.2317,115.445,433,23990,0.428397,0.31,1,537294,536861,433
51616381,63.4464,78.289,437,24078,0.445679,0.35,1,537367,536930,437
51619301,56.6893,58.0578,439,24166,0.465136,0.39,1,537422,536983,439
51622221,70.5379,69.2116,441,24254,0.469027,0.39,1,537496,537055,441
51625141,22.1076,21.8423,441,24341,0.469805,0.39,1,537506,537065,441
51628061,6.02151,5.96846,441,24428,0.501961,0.39,1,537508,537067,441
51630981,78.8043,78.7937,441,24515,0.508392,0.43,1,537605,537164,441
51633901,119.761,118.159,443,24601,0.525678,0.43,1,537735,537292,443
51636821,25.5522,25.2317,443,24687,0.529136,0.45,1,537737,537294,443
51639741,64.3104,63.4464,444,24773,0.577827,0.47,1,537811,537367,444
51642661,56.0621,56.6893,443,24859,0.619565,0.47,1,537865,537422,443
51645581,72.0124,70.5379,445,24944,0.659913,0.47,1,537941,537496,445
51648501,22.4025,22.1076,445,25029,0.635983,0.51,1,537951,537506,445
51651421,6.0805,6.02151,445,25114,0.631196,0.51,1,537953,537508,445
51654341,78.8161,78.8043,445,25198,0.742239,0.53,1,538050,537605,445
51657261,122.963,119.761,449,25282,0.764448,0.53,2,538184,537735,449
51660181,26.1926,25.5522,449,25366,0.76889,0.59,2,538186,537737,449
51663101,64.4385,64.3104,449,25450,0.817778,0.59,2,538260,537811,449
51666021,56.8877,12.8621,504,25533,0.779556,0.63,2,538315,537811,504
51668941,73.7775,45.7724,528,25616,0.835911,0.67,2,538393,537865,528
51671861,23.5555,69.9545,463,25699,0.863182,0.63,2,538404,537941,463
51674781,6.3111,21.9909,455,25781,0.836636,0.63,2,538406,537951,455
51677701,82.8622,5.99818,555,25863,0.831327,0.77,2,538508,537953,555
51680621,124.572,78.7996,593,25945,0.878265,0.77,2,538643,538050,593
51683541,26.5145,122.96,461,26027,0.887653,0.77,2,538645,538184,461
51794501,93,54,557,28956,0.59,1,1,540773,540216,557
51797421,33,70.8,500,29029,0.654,1,1,540791,540291,500
51800341,33.8,41.36,500,29102,0.6028,1,1,540825,540325,500
51803261,38.76,33.872,508,29175,0.43256,1,1,540865,540357,508
51806181,32.552,27.5744,513,29248,0.526512,0.94,1,540896,540383,513
51809101,104.11,31.9149,602,29320,0.465302,1,1,541018,540416,602
51812021,46.4221,110.383,504,29392,0.50106,1,1,541050,540546,504
51814941,54.8844,50.8766,525,29464,0.508212,0.87,1,541107,540582,525
51817861,36.5769,62.1753,492,29536,0.461642,0.79,1,541139,540647,492
51820781,76.9154,38.8351,546,29608,0.516329,0.59,1,541226,540680,546
51823701,27.3831,82.167,468,29679,0.527266,0.67,1,541241,540773,468
51826621,29.4766,30.8334,480,29750,0.529453,0.59,1,541271,540791,480
51829541,38.6953,33.3667,487,29821,0.545891,0.39,1,541312,540825,487
51832461,9.33906,38.6733,449,29892,0.549178,0.55,1,541314,540865,449
51835381,25.0678,32.5347,447,29963,0.581836,0.45,1,541343,540896,447
51838301,102.614,104.107,447,30034,0.540367,0.51,1,541465,541018,447
51841221,44.5227,46.4214,445,30104,0.500073,0.51,1,541495,541050,445
51844141,53.7045,54.8843,444,30174,0.524015,0.45,1,541551,541107,444
51847061,38.7409,36.5769,447,30244,0.560803,0.53,1,541586,541139,447
51849981,78.9482,76.9154,449,30314,0.616161,0.53,1,541675,541226,449
51852901,28.5896,27.3831,450,30384,0.611232,0.53,1,541691,541241,450
51855821,28.1179,29.4766,448,30454,0.626246,0.55,1,541719,541271,448
51858741,38.4236,38.6953,448,30523,0.645249,0.55,1,541760,541312,448
51861661,9.28472,9.33906,448,30592,0.64905,0.59,1,541762,541314,448
51864581,25.8569,25.0678,449,30661,0.64981,0.53,1,541792,541343,449
51867501,101.971,102.614,448,30730,0.713962,0.49,1,541913,541465,448
51870421,44.3943,44.5227,448,30799,0.742792,0.53,1,541943,541495,448
51873341,53.6789,53.7045,448,30868,0.780558,0.57,2,541999,541551,448
51876261,38.7358,38.7409,448,30937,0.820112,0.63,2,542034,541586,448
51879181,82.1472,78.9482,452,31005,0.844022,0.61,2,542127,541675,452
51882101,30.0294,28.5896,453,31073,0.864804,0.63,2,542144,541691,453
51885021,28.4059,28.1179,453,31141,0.836961,0.65,2,542172,541719,453
51887941,37.6812,38.4236,452,31209,0.879392,0.65,2,542212,541760,452
51890861,9.13623,9.28472,452,31277,0.887878,0.65,2,542214,541762,452
51893781,26.6272,1.85694,483,31345,0.873576,0.65,2,542245,541762,483
52036861,36,106,517,34496,0.67,1,1,544556,544039,517
52039781,34.4,50,515,34557,0.638,1,1,544590,544075,515
52042701,37.28,35.6,521,34618,0.6316,1,1,544628,544107,521
52045621,29.056,32.72,516,34679,0.64632,1,1,544655,544139,516
52048541,33.8112,21.744,532,34740,0.617264,1,1,544690,544158,532
52051461,61.9622,31.5488,567,34801,0.499453,1,1,544759,544192,567
52054381,41.9924,79.1098,513,34862,0.491891,1,1,544796,544283,513
52057301,35.5985,46.222,509,34923,0.442378,1,1,544830,544321,509
52060221,35.1197,37.2444,509,34984,0.432476,1,1,544865,544356,509
52063141,30.2239,32.2489,507,35044,0.494495,0.94,1,544894,544387,507
52066061,74.0448,33.6498,558,35104,0.522899,0.77,1,544979,544421,558
52068981,39.609,85.93,490,35164,0.48058,0.67,1,545010,544520,490
52071901,33.5218,45.986,486,35224,0.504116,0.63,1,545042,544556,486
52074821,34.7044,36.3972,487,35284,0.508823,0.63,1,545077,544590,487
52077741,26.1409,37.6794,473,35344,0.445765,0.65,1,545101,544628,473
52080661,32.4282,29.1359,480,35404,0.401153,0.61,1,545135,544655,480
52083581,56.0856,33.8272,507,35464,0.376231,0.47,1,545197,544690,507
52086501,40.8171,61.9654,475,35524,0.355246,0.49,1,545234,544759,475
52089421,36.9634,41.9931,474,35584,0.351049,0.43,1,545270,544796,474
52092341,38.5927,35.5986,479,35643,0.27021,0.43,1,545309,544830,479
52095261,9.31854,35.1197,446,35702,0.222042,0.51,1,545311,544865,446
52098181,25.8637,30.2239,447,35761,0.212408,0.53,1,545341,544894,447
52101101,73.9727,74.0448,448,35820,0.114482,0.47,1,545427,544979,448
52104021,37.1945,39.609,445,35879,0.0628963,0.51,1,545455,545010,445
52106941,34.6389,33.5218,447,35938,0.0365793,0.51,1,545489,545042,447
52109861,33.3278,34.7044,445,35997,0.0313159,0.43,1,545522,545077,445
52112781,24.2656,26.1409,443,36056,0.0622632,0.39,1,545544,545101,443
52115701,29.6531,32.4282,440,36115,0.0524526,0.37,1,545575,545135,440
52118621,55.5306,56.0856,440,36174,0.0344905,0.35,1,545637,545197,440
52121541,39.9061,40.8171,439,36232,0.0628981,0.35,1,545673,545234,439
52124461,35.1812,36.9634,437,36290,0.0845796,0.25,1,545707,545270,437
52127381,34.2362,38.5927,432,36348,0.0889159,0.21,1,545741,545309,432
52130301,8.44725,9.31854,432,36406,0.0897832,0.21,1,545743,545311,432
52133221,25.6894,25.8637,432,36464,0.121957,0.09,1,545773,545341,432
52136141,67.5379,73.9727,424,36522,0.176391,0.05,1,545851,545427,424
52139061,36.7076,37.1945,425,36580,0.203278,0.03,1,545880,545455,425
52141981,32.1415,34.6389,422,36638,0.256656,0.03,1,545911,545489,422
52144901,33.6283,33.3278,423,36696,0.235331,0.07,1,545945,545522,423
52147821,24.3257,24.2656,423,36754,0.263066,0.05,1,545967,545544,423
52150741,28.8651,29.6531,422,36811,0.268613,0.03,1,545997,545575,422
52153661,56.173,55.5306,423,36868,0.333723,0.07,1,546060,545637,423
52156581,40.0346,39.9061,423,36925,0.314745,0.09,1,546096,545673,423
52159501,36.0069,35.1812,424,36982,0.390949,0.09,1,546131,545707,424
52162421,35.2014,34.2362,425,37039,0.42219,0.09,1,546166,545741,425
52165341,8.64028,8.44725,425,37096,0.428438,0.13,1,546168,545743,425
52168261,26.5281,25.6894,426,37153,0.477688,0.13,1,546199,545773,426
52171181,70.9056,5.13789,508,37210,0.471538,0.19,1,546281,545773,508
52174101,38.9811,63.4276,461,37267,0.486308,0.21,1,546312,545851,461
52177021,32.5962,35.8855,463,37324,0.537261,0.27,1,546343,545880,463
52179941,33.7192,31.9771,466,37381,0.547452,0.23,1,546377,545911,466
52182861,25.9438,33.5954,456,37438,0.54949,0.27,1,546401,545945,456
52185781,29.1888,24.3191,464,37494,0.565898,0.27,1,546431,545967,464
52188701,57.8378,28.8638,499,37550,0.60118,0.35,1,546496,545997,499
52191621,41.1676,56.1728,473,37606,0.592236,0.31,1,546533,546060,473
52194541,39.4335,40.0346,476,37662,0.622447,0.41,1,546572,546096,476
52197461,36.6867,36.0069,477,37718,0.644489,0.43,1,546608,546131,477
52200381,8.93734,35.2014,444,37774,0.648898,0.43,1,546610,546166,444
52203301,27.3875,8.64028,474,37830,0.66578,0.49,1,546642,546168,474
52206221,71.8775,26.5281,526,37886,0.701156,0.47,1,546725,546199,526
52209141,40.7755,70.9056,477,37942,0.692231,0.49,1,546758,546281,477
52212061,34.5551,38.9811,479,37998,0.690446,0.55,1,546791,546312,479
52214981,34.111,32.5962,482,38054,0.722089,0.55,1,546825,546343,482
52217901,26.8222,33.7192,473,38110,0.760418,0.55,2,546850,546377,473
52220821,29.3644,25.9438,479,38165,0.752084,0.57,2,546880,546401,479
52223741,59.4729,29.1888,516,38220,0.750417,0.61,2,546947,546431,516
52226661,40.6946,57.8378,487,38275,0.766083,0.59,2,546983,546496,487
52229581,41.7389,41.1676,492,38330,0.817217,0.63,2,547025,546533,492
52232501,37.9478,39.4335,490,38385,0.795443,0.65,2,547062,546572,490
52235421,9.18956,36.6867,456,38440,0.791089,0.65,2,547064,546608,456
52238341,27.4379,8.93734,486,38495,0.822218,0.67,2,547096,546610,486
52241261,73.4876,27.3875,539,38550,0.780444,0.71,2,547181,546642,539
52244181,40.2975,71.8775,488,38605,0.804089,0.69,2,547213,546725,488
52247101,9.6595,40.7755,457,38660,0.808818,0.69,2,547215,546758,457
52250021,28.3319,34.5551,457,38715,0.873764,0.73,2,547248,546791,457
52252941,34.4664,34.111,459,38770,0.854753,0.77,2,547284,546825,459
52255861,26.0933,26.8222,458,38824,0.882951,0.75,2,547308,546850,458
52258781,30.0187,29.3644,459,38878,0.88859,0.75,2,547339,546880,459
52261701,59.6037,59.4729,459,38932,0.905718,0.77,2,547406,546947,459
52264621,41.5207,40.6946,460,38986,0.941144,0.83,2,547443,546983,460
52267541,43.5041,41.7389,462,39040,0.932229,0.79,2,547487,547025,462
52270461,39.1008,37.9478,463,39094,0.946446,0.79,2,547525,547062,463
52273381,9.42017,9.18956,463,39148,0.917289,0.83,2,547527,547064,463
52276301,27.484,27.4379,463,39202,0.943458,0.77,2,547559,547096,463
52422301,40,38,498,41812,0.63,1,1,549395,548897,498
52425221,32,38,490,41862,0.598,1,1,549425,548935,490
52428141,42.4,42.8,491,41912,0.5276,1,1,549470,548979,491
52431061,35.68,29.36,499,41962,0.41752,1,1,549504,549005,499
52433981,27.936,32.272,492,42012,0.283504,1,1,549530,549038,492
52436901,57.5872,53.6544,498,42062,0.192701,1,1,549595,549097,498
52439821,37.1174,36.3309,498,42112,0.0785402,1,1,549627,549129,498
52442741,25.8235,32.0662,490,42162,0.103708,0.91,1,549650,549160,490
52445661,17.1647,27.2132,479,42212,0.0607416,1,1,549665,549186,479
52448581,15.4329,17.4426,479,42262,0.0201483,0.96,1,549680,549201,479
52451501,24.6866,21.0885,484,42312,0.0440297,1,1,549707,549223,484
52454421,31.3373,34.6177,479,42362,0.112806,0.94,1,549740,549261,479
52457341,23.8675,30.9235,471,42412,0.0625612,0.73,1,549762,549291,471
52460261,45.5735,57.3847,458,42462,0.0685122,0.63,1,549813,549355,458
52463181,38.7147,43.4769,455,42512,0.0537024,0.59,1,549850,549395,455
52466101,27.7429,32.6954,450,42562,0.0347405,0.51,1,549875,549425,450
52469021,37.5486,42.5391,445,42612,0.0469481,0.39,1,549915,549470,445
52471941,31.5097,35.7078,441,42662,0.0333896,0.25,1,549945,549504,441
52474861,20.7019,27.9416,433,42711,0.0466779,0.17,1,549963,549530,433
52477781,48.9404,57.5883,424,42760,0.0813356,0.05,1,550019,549595,424
52480701,33.7881,37.1177,422,42809,0.0562671,0.11,1,550049,549627,422
52483621,25.1576,25.8235,422,42858,0.0352534,0.05,1,550072,549650,422
52486541,17.0315,17.1647,422,42907,0.0470507,0.01,1,550087,549665,422
52489461,15.4063,15.4329,422,42956,0.0334101,0.05,1,550102,549680,422
52492381,24.6813,24.6866,422,43005,0.030682,0.05,1,550129,549707,422
52495301,31.3363,4.93732,455,43054,0.0301364,0.13,1,550162,549707,455
52498221,23.0673,27.3875,443,43103,0.0780273,0.05,1,550183,549740,443
52501141,45.4134,23.0775,472,43152,0.0556055,0.07,1,550234,549762,472
52504061,40.2827,45.4155,460,43201,0.0991211,0.05,1,550273,549813,460
52506981,26.4565,38.6831,446,43250,0.155824,0.03,1,550296,549850,446
52509901,39.6913,27.7366,464,43299,0.0871648,0.05,1,550339,549875,464
52512821,31.1383,37.5473,453,43348,0.057433,0.03,1,550368,549915,453
52515741,22.2277,31.5095,443,43397,0.0994866,0.05,1,550388,549945,443
52518661,47.6455,20.7019,479,43446,0.139897,0.09,1,550442,549963,479
52521581,31.9291,48.9404,451,43495,0.147979,0.05,1,550470,550019,451
52524501,24.7858,33.7881,444,43544,0.101596,0.03,1,550493,550049,444
52527421,18.5572,25.1576,438,43592,0.0603192,0.05,1,550510,550072,438
52530341,14.1114,17.0315,436,43640,0.0360638,0.03,1,550523,550087,436
52533261,26.0223,15.4063,450,43688,0.0152128,0.03,1,550552,550102,450
52536181,35.6045,24.6813,461,43736,0.0270426,0.03,1,550590,550129,461
52539101,21.5209,31.3363,446,43784,0.0614085,0.09,1,550608,550162,446
52542021,45.1042,23.0673,476,43832,0.0362817,0.05,1,550659,550183,476
52544941,41.8208,45.4134,466,43880,0.0312563,0.11,1,550700,550234,466
52547861,25.1642,40.2827,448,43928,0.0302513,0.17,1,550721,550273,448
52550781,40.2328,26.4565,469,43976,0.0300503,0.07,1,550765,550296,469
52553701,31.2466,39.6913,455,44024,0.06201,0.05,1,550794,550339,455
52556621,22.2493,31.1383,446,44072,0.036402,0.11,1,550814,550368,446
52559541,49.2499,22.2277,482,44120,0.0632804,0.15,1,550870,550388,482
52562461,30.65,47.6455,454,44168,0.0846561,0.15,1,550896,550442,454
52565381,22.13,31.9291,446,44216,0.104931,0.09,1,550916,550470,446
52568301,18.026,24.7858,440,44264,0.0929862,0.05,1,550933,550493,440
52571221,12.4052,18.5572,434,44312,0.106597,0.03,1,550944,550510,434
52574141,26.481,14.1114,451,44360,0.0613194,0.01,1,550974,550523,451
52577061,37.2962,26.0223,462,44408,0.0362639,0.03,1,551014,550552,462
52579981,22.6592,35.6045,443,44456,0.0152528,0.07,1,551033,550590,443
52582901,6.13185,21.5209,427,44503,0.0110506,0.03,1,551035,550608,427
52585821,38.8264,45.1042,423,44550,0.0102101,0.03,1,551082,550659,423
52588741,40.5653,41.8208,423,44597,0.074042,0.03,1,551123,550700,423
52591661,24.9131,25.1642,423,44644,0.0708084,0.03,1,551144,550721,423
52594581,40.1826,40.2328,423,44691,0.118162,0.07,1,551188,550765,423
52597501,31.2365,31.2466,423,44738,0.127632,0.03,1,551217,550794,423
52600421,22.2473,22.2493,423,44785,0.0975265,0.07,1,551237,550814,423
52603341,51.6495,49.2499,426,44832,0.0755053,0.09,1,551296,550870,426
52606261,31.9299,30.65,427,44879,0.103101,0.11,1,551323,550896,427
52609181,22.386,22.13,427,44926,0.10862,0.09,1,551343,550916,427
52612101,17.2772,18.026,426,44973,0.157724,0.11,1,551359,550933,426
52615021,13.0554,12.4052,427,45020,0.183545,0.05,1,551371,550944,427
52617941,24.2111,26.481,424,45067,0.204709,0.03,1,551398,550974,424
52620861,36.0422,37.2962,423,45114,0.160942,0.01,1,551437,551014,423
52623781,21.6084,22.6592,422,45161,0.200188,0.01,1,551455,551033,422
52626701,5.92169,6.13185,422,45208,0.176038,0.01,1,551457,551035,422
52629621,38.7843,38.8264,422,45255,0.203208,0.09,1,551504,551082,422
52632541,42.1569,40.5653,424,45302,0.224642,0.07,1,551547,551123,424
52635461,26.0314,24.9131,425,45349,0.196928,0.13,1,551569,551144,425
52638381,41.2063,40.1826,426,45396,0.239386,0.13,1,551614,551188,426
52641301,31.4413,31.2365,426,45442,0.263877,0.09,1,551643,551217,426
52644221,22.2883,22.2473,426,45488,0.300775,0.07,1,551663,551237,426
52647141,50.8577,51.6495,425,45534,0.276155,0.11,1,551721,551296,425
52650061,33.3715,31.9299,427,45580,0.319231,0.11,1,551750,551323,427
52652981,22.6743,22.386,427,45626,0.295846,0.17,1,551770,551343,427
52655901,18.9349,17.2772,429,45672,0.339169,0.19,1,551788,551359,429
52658821,13.387,13.0554,429,45718,0.363834,0.21,1,551800,551371,429
52661741,25.0774,24.2111,430,45764,0.368767,0.15,1,551828,551398,430
52664661,36.2155,36.0422,430,45810,0.385753,0.21,1,551867,551437,430
52667581,21.6431,21.6084,430,45856,0.389151,0.17,1,551885,551455,430
52670501,5.92862,5.92169,430,45902,0.38983,0.21,1,551887,551457,430
52673421,39.5857,38.7843,431,45948,0.405966,0.21,1,551935,551504,431
52676341,41.5171,7.75687,473,45994,0.409193,0.23,1,551977,551504,473
52679261,26.7034,35.9514,453,46040,0.425839,0.19,1,552000,551547,453
52682181,42.9407,24.7903,478,46086,0.429168,0.25,1,552047,551569,478
52685101,32.5881,40.9581,463,46132,0.445834,0.27,1,552077,551614,463
52688021,22.5176,31.3916,454,46178,0.481167,0.31,1,552097,551643,454
52690941,50.9035,22.2783,492,46224,0.504233,0.27,1,552155,551663,492
52693861,34.1807,50.8557,464,46270,0.508847,0.33,1,552185,551721,464
52696781,22.8361,33.3711,455,46316,0.509769,0.29,1,552205,551750,455
52699701,20.5672,22.6742,455,46362,0.525954,0.35,1,552225,551770,455
52702621,13.7134,18.9348,449,46407,0.577191,0.37,1,552237,551788,449
52705541,25.9427,13.387,466,46452,0.587438,0.37,1,552266,551800,466
52708461,36.3885,25.0774,477,46497,0.605488,0.39,1,552305,551828,477
52711381,22.4777,36.2155,457,46542,0.593098,0.39,1,552324,551867,457
52714301,6.09554,21.6431,441,46587,0.62262,0.39,1,552326,551885,441
52717221,41.2191,5.92862,489,46632,0.612524,0.41,1,552376,551887,489
52720141,41.8438,39.5857,483,46677,0.642505,0.41,1,552418,551935,483
52723061,27.5688,41.5171,465,46722,0.680501,0.43,1,552442,551977,465
52725981,43.1138,26.7034,489,46767,0.6881,0.43,1,552489,552000,489
52728901,34.2228,42.9407,474,46812,0.67362,0.45,1,552521,552047,474
52731821,24.4446,32.5881,466,46857,0.702724,0.49,1,552543,552077,466
52734741,51.2889,22.5176,504,46902,0.708545,0.51,1,552601,552097,504
52737661,34.2578,50.9035,476,46947,0.709709,0.51,1,552631,552155,476
52740581,23.6516,34.1807,467,46992,0.725942,0.51,1,552652,552185,467
52743501,23.1303,22.8361,470,47037,0.697188,0.53,1,552675,552205,470
52746421,14.2261,20.5672,462,47082,0.707438,0.59,1,552687,552225,462
52749341,26.0452,13.7134,479,47127,0.725488,0.59,1,552716,552237,479
52752261,37.209,25.9427,490,47172,0.729098,0.61,1,552756,552266,490
52755181,21.8418,36.3885,469,47217,0.729819,0.59,1,552774,552305,469
52758101,5.96836,22.4777,452,47262,0.729964,0.63,1,552776,552324,452
52761021,41.9937,6.09554,501,47307,0.777993,0.61,2,552827,552326,501
52763941,44.3987,41.2191,496,47352,0.739599,0.65,1,552872,552376,496
52766861,10.4797,41.8438,456,47397,0.73192,0.69,1,552874,552418,456
52769781,21.2959,27.5688,456,47441,0.730384,0.69,1,552898,552442,456
52772701,41.8592,43.1138,456,47485,0.746077,0.67,1,552945,552489,456
52775621,33.1718,34.2228,455,47529,0.781215,0.71,2,552976,552521,455
52778541,25.8344,24.4446,457,47573,0.772243,0.71,2,553000,552543,457
52781461,51.5669,51.2889,457,47617,0.850449,0.71,2,553058,552601,457
52784381,34.3134,34.2578,457,47661,0.89809,0.73,2,553088,552631,457
52787301,22.8627,23.6516,456,47705,0.875618,0.69,2,553108,552652,456
52790221,23.7725,23.1303,457,47749,0.871124,0.71,2,553132,552675,457
52793141,14.3545,14.2261,457,47793,0.870225,0.73,2,553144,552687,457
52796061,26.8709,26.0452,458,47837,0.870045,0.73,2,553174,552716,458
52798981,37.3742,37.209,458,47881,0.854009,0.73,2,553214,552756,458
52801901,21.8748,21.8418,458,47925,0.882802,0.73,2,553232,552774,458
52804821,5.97497,5.96836,458,47969,0.85656,0.79,2,553234,552776,458
52807741,44.395,41.9937,461,48013,0.915312,0.73,2,553288,552827,461
53022361,67,29,494,23451,0.17,0.41,1,555650,555156,494
53025281,55.8,72.2,464,23541,0.154,0.25,1,555703,555239,464
53028201,59.16,71.24,453,23631,0.1988,0.27,1,555763,555310,453
53031121,30.232,38.248,446,23721,0.22376,0.27,1,555786,555340,446
53034041,23.6464,29.2496,441,23810,0.196752,0.25,1,555808,555367,441
53036961,67.1293,52.2499,461,23899,0.22335,0.17,1,555886,555425,461
53039881,60.6259,56.85,462,23988,0.27667,0.15,1,555945,555483,462
53042801,64.9252,66.57,459,24076,0.271334,0.17,1,556011,555552,459
53045721,68.185,91.714,430,24164,0.430267,0.15,1,556080,555650,430
53048641,56.037,60.7428,430,24252,0.446053,0.21,1,556133,555703,430
53051561,62.4074,60.1486,434,24339,0.465211,0.23,1,556197,555763,434
53054481,30.0815,30.4297,433,24426,0.469042,0.19,1,556219,555786,433
53057401,22.0163,23.6859,431,24513,0.469808,0.23,1,556239,555808,431
53060321,70.0033,67.1372,435,24599,0.485962,0.29,1,556321,555886,435
53063241,62.8006,60.6274,437,24685,0.521192,0.27,1,556382,555945,437
53066161,67.7601,64.9255,440,24771,0.544238,0.47,1,556451,556011,440
53069081,71.152,68.1851,443,24857,0.548848,0.45,1,556523,556080,443
53072001,57.4304,56.037,444,24942,0.54977,0.47,1,556577,556133,444
53074921,63.4861,62.4074,445,25027,0.565954,0.47,1,556642,556197,445
53077841,30.2972,30.0815,445,25112,0.569191,0.47,1,556664,556219,445
53080761,22.0594,22.0163,445,25196,0.537838,0.49,1,556684,556239,445
53083681,70.8119,70.0033,446,25280,0.579568,0.53,1,556767,556321,446
53086601,62.9624,62.8006,446,25364,0.587914,0.55,1,556828,556382,446
53089521,69.3925,67.7601,448,25448,0.653583,0.55,1,556899,556451,448
53092441,69.8785,13.552,518,25531,0.746717,0.55,1,556969,556451,518
53095361,57.1757,60.3104,500,25614,0.781343,0.55,2,557023,556523,500
53098281,64.2351,55.2621,512,25697,0.756269,0.57,2,557089,556577,512
53101201,30.447,63.0524,469,25779,0.751254,0.57,2,557111,556642,469
53104121,22.0894,30.2105,467,25861,0.750251,0.53,2,557131,556664,467
53107041,72.4179,22.0421,532,25943,0.81405,0.59,2,557216,556684,532
53109961,64.0836,70.8084,511,26025,0.84281,0.59,2,557278,556767,511
53112881,73.6167,62.9617,526,26106,0.864562,0.67,2,557354,556828,526
53115801,73.9233,69.3923,529,26187,0.916912,0.77,2,557428,556899,529
53215081,98,66,564,28809,0.65,1,1,559260,558696,564
53218001,77.2,81.2,551,28882,0.586,1,1,559332,558781,551
53220921,61.04,77.84,531,28955,0.5892,1,1,559389,558858,531
53223841,40.208,63.568,506,29028,0.54184,1,1,559424,558918,506
53226761,33.6416,39.1136,505,29101,0.564368,1,1,559456,558951,505
53229681,25.9283,31.0227,500,29174,0.536874,1,1,559480,558980,500
53232601,19.5857,26.2045,493,29247,0.483375,0.98,1,559498,559005,493
53235521,57.5171,21.2409,540,29319,0.424675,0.93,1,559565,559025,540
53238441,62.7034,62.6482,531,29391,0.428935,0.87,1,559629,559098,531
53241361,78.1407,63.7296,549,29463,0.381787,0.65,1,559711,559162,549
53244281,73.2281,91.1459,523,29535,0.356357,0.57,1,559783,559260,523
53247201,57.0456,75.8292,504,29607,0.319271,0.59,1,559836,559332,504
53250121,40.2091,60.7658,483,29678,0.343854,0.53,1,559872,559389,483
53253041,32.0418,40.1532,478,29749,0.364771,0.57,1,559902,559424,478
53255961,23.2084,33.6306,467,29820,0.368954,0.53,1,559923,559456,467
53258881,6.24167,25.9261,445,29891,0.369791,0.47,1,559925,559480,445
53261801,16.4483,19.5852,446,29962,0.401958,0.41,1,559944,559498,446
53264721,54.4897,57.517,443,30033,0.424392,0.43,1,560008,559565,443
53267641,62.0979,62.7034,443,30103,0.428878,0.37,1,560072,559629,443
53270561,75.6196,78.1407,440,30173,0.525776,0.35,1,560151,559711,440
53273481,73.5239,73.2281,441,30243,0.545155,0.31,1,560224,559783,441
53276401,55.5048,57.0456,439,30313,0.597031,0.35,1,560275,559836,439
53279321,40.701,40.2091,440,30383,0.591406,0.37,1,560312,559872,440
53282241,31.3402,32.0418,439,30453,0.638281,0.37,1,560341,559902,439
53285161,24.668,23.2084,441,30522,0.631656,0.37,1,560364,559923,441
53288081,6.53361,6.24167,441,30591,0.630331,0.41,1,560366,559925,441
53291001,15.7067,16.4483,440,30660,0.646066,0.43,1,560384,559944,440
53293921,55.1413,54.4897,441,30729,0.665213,0.43,1,560449,560008,441
53296841,63.8283,62.0979,443,30798,0.685043,0.55,1,560515,560072,443
53299761,79.9657,75.6196,448,30867,0.705009,0.55,1,560599,560151,448
53302681,75.1931,73.5239,449,30936,0.693002,0.61,1,560673,560224,449
53305601,56.6386,55.5048,450,31004,0.7066,0.59,1,560725,560275,450
53308521,41.7277,40.701,451,31072,0.74132,0.65,1,560763,560312,451
53311441,32.3455,31.3402,452,31140,0.764264,0.63,2,560793,560341,452
53314361,25.6691,24.668,453,31208,0.768853,0.63,2,560817,560364,453
53317281,6.73382,6.53361,453,31276,0.769771,0.63,2,560819,560366,453
53320201,15.7468,1.30672,471,31344,0.769954,0.65,2,560837,560366,471
53323121,55.9494,14.6613,519,31412,0.849991,0.67,2,560903,560384,519
53326041,64.7899,54.9323,521,31479,0.849998,0.69,2,560970,560449,521
53328961,79.358,63.7865,538,31546,0.866,0.71,2,561053,560515,538
53331881,74.2716,79.9573,527,31613,0.8852,0.69,2,561126,560599,527
53463281,57,63,515,34496,0.79,1,2,563128,562613,515
53466201,44.2,39.8,522,34557,0.694,1,1,563169,562647,522
53469121,23.24,47.16,491,34618,0.7548,1,2,563187,562696,491
53472041,35.048,26.232,508,34679,0.73496,1,1,563225,562717,508
53474961,33.4096,33.2464,506,34740,0.730992,0.97,1,563258,562752,506
53477881,21.8819,31.4493,494,34801,0.698198,0.96,1,563277,562783,494
53480801,22.7764,23.0899,496,34862,0.73964,1,1,563300,562804,496
53483721,32.5553,27.018,503,34923,0.683928,1,1,563335,562832,503
53486641,61.7111,31.8036,539,34984,0.592786,1,1,563404,562865,539
53489561,88.3422,64.7607,561,35044,0.590557,0.87,1,563499,562938,561
53492481,40.0684,91.3521,491,35104,0.590111,0.81,1,563527,563036,491
53495401,55.2137,46.2704,515,35164,0.654022,0.79,1,563586,563071,515
53498321,45.4427,54.8541,501,35224,0.634804,0.67,1,563629,563128,501
53501241,23.4885,43.7708,478,35284,0.694961,0.77,1,563647,563169,478
53504161,35.8977,23.1542,499,35344,0.690992,0.73,1,563686,563187,499
53507081,30.3795,35.0308,490,35404,0.690198,0.73,1,563715,563225,490
53510001,21.2759,33.4062,476,35464,0.70604,0.69,1,563734,563258,476
53512921,19.4552,21.8812,476,35524,0.693208,0.75,1,563753,563277,476
53515841,33.491,22.7762,490,35584,0.690642,0.67,1,563790,563300,490
53518761,58.6982,32.5552,520,35643,0.738128,0.57,1,563855,563335,520
53521681,13.3396,61.7111,453,35702,0.747626,0.59,1,563857,563404,453
53524601,78.6679,88.3422,453,35761,0.877525,0.59,2,563952,563499,453
53527521,36.5336,40.0684,451,35820,0.887505,0.67,2,563978,563527,451
53723161,29,16,504,39579,0.79,1,2,566578,566074,504
53726081,30.6,32,499,39632,0.678,1,1,566609,566110,499
53729001,28.52,35.2,491,39685,0.6236,1,1,566637,566146,491
53731921,28.904,27.04,495,39738,0.53272,1,1,566666,566171,495
53734841,56.1808,59.008,491,39791,0.258544,1,1,566729,566238,491
53737761,42.4362,40.6016,494,39844,0.187709,1,1,566768,566274,494
53740681,46.0872,58.5203,478,39897,0.125542,1,1,566815,566337,478
53743601,40.4174,44.5041,476,39950,0.0491084,0.99,1,566854,566378,476
53746521,29.6835,34.5008,471,40003,0.00982167,1,1,566881,566410,471
53749441,28.3367,30.1002,470,40056,0.00196433,0.99,1,566909,566439,470
53752361,32.8673,34.82,468,40109,0.0243929,0.99,1,566943,566475,468
53755281,36.9735,6.96401,506,40162,0.0288786,0.97,1,566981,566475,506
53758201,31.3947,32.5928,497,40215,0.0137757,0.83,1,567011,566514,497
53761121,27.0789,34.5186,488,40268,0.0427551,0.79,1,567037,566549,488
53764041,23.8158,30.1037,482,40320,0.032551,0.65,1,567060,566578,482
53766961,22.3632,30.8207,473,40372,0.0305102,0.61,1,567082,566609,473
53769881,24.4726,28.5641,470,40424,0.046102,0.51,1,567107,566637,470
53772801,48.8945,28.9128,496,40476,0.00922041,0.19,1,567162,566666,496
53775721,38.5789,56.1826,469,40528,0.0898441,0.17,1,567198,566729,469
53778641,38.1158,42.4365,468,40580,0.105969,0.11,1,567236,566768,468
53781561,38.8232,46.0873,460,40632,0.0611938,0.03,1,567275,566815,460
53784481,29.3646,40.4175,448,40684,0.0202388,0,1,567302,566854,448
53787401,28.2729,29.6835,449,40736,0.0120477,0,1,567330,566881,449
53790321,32.8546,28.3367,455,40788,0.00240955,0.03,1,567364,566909,455
53793241,36.9709,32.8673,459,40840,0.0564819,0.03,1,567402,566943,459
53796161,32.1942,36.9735,452,40892,0.0192964,0.01,1,567433,566981,452
53799081,26.4388,31.3947,447,40944,0.0438593,0.05,1,567458,567011,447
53802001,24.4878,27.0789,445,40996,0.0327719,0.03,1,567482,567037,445
53804921,21.6976,23.8158,443,41047,0.0625544,0.03,1,567503,567060,443
53807841,25.9395,22.3632,448,41098,0.0365109,0.05,1,567530,567082,448
53810761,49.9879,24.4726,479,41149,0.111302,0,1,567586,567107,479
53813681,38.7976,48.8945,460,41200,0.12626,0.11,1,567622,567162,460
53816601,38.1595,38.5789,462,41251,0.145252,0.11,1,567660,567198,462
53819521,38.0319,38.1158,462,41302,0.14905,0.05,1,567698,567236,462
53822441,27.6064,38.8232,448,41353,0.16581,0.01,1,567723,567275,448
53825361,28.7213,29.3646,450,41404,0.121162,0.01,1,567752,567302,450
53828281,32.9443,28.2729,456,41455,0.0482324,0,1,567786,567330,456
53831201,36.9889,32.8546,460,41506,0.0816465,0.07,1,567824,567364,460
53834121,8.99777,36.9709,424,41557,0.0883293,0.01,1,567826,567402,424
53837041,24.9996,32.1942,422,41608,0.105666,0.05,1,567855,567433,422
53839961,28.1999,26.4388,426,41659,0.0611332,0.03,1,567884,567458,426
53842881,23.24,24.4878,424,41710,0.0362266,0.07,1,567906,567482,424
53845801,21.448,21.6976,424,41761,0.0312453,0.03,1,567927,567503,424
53848721,26.6896,25.9395,425,41812,0.0462491,0.13,1,567955,567530,425
53851641,52.5379,49.9879,428,41862,0.0492498,0.13,1,568014,567586,428
53854561,40.1076,38.7976,429,41912,0.08185,0.15,1,568051,567622,429
53857481,39.2215,38.1595,430,41962,0.07237,0.15,1,568090,567660,430
53860401,38.2443,38.0319,430,42012,0.038474,0.17,1,568128,567698,430
53863321,26.0489,27.6064,428,42062,0.0796948,0.11,1,568151,567723,428
53866241,24.4098,28.7213,423,42112,0.087939,0.03,1,568175,567752,423
53869161,32.082,32.9443,423,42162,0.0255878,0.09,1,568209,567786,423
53872081,39.2164,36.9889,426,42212,0.0291176,0.09,1,568250,567824,426
53875001,9.44328,8.99777,426,42262,0.0298235,0.11,1,568252,567826,426
53877921,22.6887,24.9996,423,42312,0.0459647,0.05,1,568278,567855,423
53880841,27.7377,28.1999,423,42362,0.0491929,0.03,1,568307,567884,423
53883761,22.3475,23.24,422,42412,0.0658386,0.03,1,568328,567906,422
53886681,22.0695,21.448,423,42462,0.0371677,0.05,1,568350,567927,423
53889601,27.6139,26.6896,424,42512,0.0954335,0.05,1,568379,567955,424
53892521,53.5228,52.5379,425,42562,0.0750867,0.09,1,568439,568014,425
53895441,39.5046,40.1076,424,42612,0.119017,0.07,1,568475,568051,424
53898361,38.3009,39.2215,423,42662,0.159803,0.03,1,568513,568090,423
53901281,37.2602,38.2443,422,42711,0.167961,0.09,1,568550,568128,422
53904201,27.452,26.0489,424,42760,0.137592,0.09,1,568575,568151,424
53907121,24.6904,24.4098,424,42809,0.163518,0.01,1,568599,568175,424
53910041,30.5381,32.082,422,42858,0.152704,0.03,1,568631,568209,422
53912961,38.9076,39.2164,422,42907,0.102541,0.03,1,568672,568250,422
53915881,9.38152,9.44328,422,42956,0.0925082,0.05,1,568674,568252,422
53918801,22.6763,22.6887,422,43005,0.0905016,0.05,1,568700,568278,422
53921721,28.5353,4.53773,452,43054,0.1061,0.05,1,568730,568278,452
53924641,21.7071,24.1075,443,43103,0.12522,0.07,1,568750,568307,443
53927561,22.7414,21.6215,445,43152,0.113044,0.03,1,568773,568328,445
53930481,28.5483,21.9243,453,43201,0.110609,0.11,1,568803,568350,453
53933401,52.9097,27.5849,483,43250,0.142122,0.07,1,568862,568379,483
53936321,40.9819,53.517,461,43299,0.180424,0.13,1,568900,568439,461
53939241,40.1964,39.5034,465,43348,0.172085,0.17,1,568940,568475,465
53942161,37.6393,38.3007,464,43397,0.186417,0.17,1,568977,568513,464
53945081,27.5279,37.2601,452,43446,0.205283,0.13,1,569002,568550,452
53948001,24.7056,27.452,451,43495,0.225057,0.17,1,569026,568575,451
53950921,29.7411,24.6904,458,43544,0.213011,0.15,1,569057,568599,458
53953841,36.3482,30.5381,464,43592,0.226602,0.09,1,569095,568631,464
53956761,8.86964,38.9076,425,43640,0.22932,0.09,1,569097,568672,425
53959681,23.3739,9.38152,450,43688,0.213864,0.09,1,569124,568674,450
53962601,31.0748,22.6763,457,43736,0.258773,0.11,1,569157,568700,457
53965521,22.215,28.5353,447,43784,0.267755,0.13,1,569177,568730,447
53968441,22.043,21.7071,449,43832,0.285551,0.11,1,569199,568750,449
53971361,28.4086,22.7414,456,43880,0.28911,0.11,1,569229,568773,456
53974281,52.8817,28.5483,485,43928,0.273822,0.15,1,569288,568803,485
53977201,44.1763,52.9097,468,43976,0.342764,0.19,1,569330,568862,468
53980121,40.0353,40.9819,469,44024,0.412553,0.17,1,569369,568900,469
53983041,38.4071,40.1964,467,44072,0.442511,0.19,1,569407,568940,467
53985961,28.4814,37.6393,456,44120,0.464502,0.21,1,569433,568977,456
53988881,25.6963,27.5279,456,44168,0.5169,0.23,1,569458,569002,456
53991801,29.1393,24.7056,462,44216,0.54338,0.21,1,569488,569026,462
53994721,37.0279,29.7411,470,44264,0.532676,0.23,1,569527,569057,470
53997641,9.00557,36.3482,434,44312,0.530535,0.23,1,569529,569095,434
54000561,24.2011,8.86964,460,44360,0.530107,0.21,1,569557,569097,460
54003481,32.0402,23.3739,467,44408,0.578021,0.27,1,569591,569124,467
54006401,22.408,31.0748,454,44456,0.587604,0.27,1,569611,569157,454
54009321,6.08161,22.215,436,44503,0.589521,0.29,1,569613,569177,436
54012241,18.8163,22.043,436,44550,0.637904,0.29,1,569635,569199,436
54015161,27.7633,28.4086,436,44597,0.615581,0.27,1,569665,569229,436
54018081,51.9527,52.8817,435,44644,0.611116,0.36,1,569723,569288,435
54021001,47.9905,44.1763,440,44691,0.658223,0.43,1,569770,569330,440
54023921,43.1981,40.0353,443,44738,0.651645,0.45,1,569812,569369,443
54026841,39.8396,38.4071,444,44785,0.666329,0.47,1,569851,569407,444
54029761,30.3679,28.4814,446,44832,0.669266,0.53,1,569879,569433,446
54032681,27.6736,25.6963,448,44879,0.685853,0.55,1,569906,569458,448
54035601,30.3347,29.1393,449,44926,0.705171,0.53,1,569937,569488,449
54038521,36.4669,37.0279,448,44973,0.725034,0.53,1,569975,569527,448
54041441,8.89339,9.00557,448,45020,0.729007,0.53,1,569977,569529,448
54044361,25.7787,24.2011,450,45067,0.745801,0.59,1,570007,569557,450
54047281,33.1557,32.0402,451,45114,0.73316,0.59,1,570042,569591,451
54050201,23.4311,22.408,452,45161,0.714632,0.59,1,570063,569611,452
54053121,6.28623,6.08161,452,45208,0.710926,0.65,1,570065,569613,452
54056041,18.8572,18.8163,452,45255,0.678185,0.61,1,570087,569635,452
54058961,27.7714,27.7633,452,45302,0.719637,0.61,1,570117,569665,452
54061881,51.9543,51.9527,452,45349,0.727927,0.67,1,570175,569723,452
54064801,48.7909,47.9905,453,45396,0.665585,0.65,1,570223,569770,453
54067721,44.1582,43.1981,454,45442,0.733117,0.67,1,570266,569812,454
54070641,40.8316,39.8396,455,45488,0.714623,0.67,1,570306,569851,455
54073561,28.9663,30.3679,453,45534,0.694925,0.69,1,570332,569879,453
54076481,28.1933,27.6736,454,45580,0.754985,0.71,2,570360,569906,454
54079401,31.2387,30.3347,455,45626,0.798997,0.73,2,570392,569937,455
54082321,37.4477,36.4669,456,45672,0.823799,0.73,2,570431,569975,456
54085241,9.08955,8.89339,456,45718,0.82876,0.75,2,570433,569977,456
54088161,26.6179,25.7787,457,45764,0.813752,0.73,2,570464,570007,457
54091081,32.5236,33.1557,456,45810,0.81075,0.71,2,570498,570042,456
54094001,22.5047,23.4311,455,45856,0.85815,0.71,2,570518,570063,455
54096921,6.10094,6.28623,455,45902,0.86763,0.67,2,570520,570065,455
54099841,18.8202,18.8572,455,45948,0.853526,0.67,2,570542,570087,455
54102761,27.764,3.77145,485,45994,0.850705,0.73,2,570572,570087,485
54105681,51.9528,24.7543,513,46040,0.866141,0.73,2,570630,570117,513
54108601,47.1906,51.3509,501,46086,0.885228,0.65,2,570676,570175,501
54111521,46.2381,48.6702,499,46132,0.873046,0.75,2,570722,570223,499
54114441,40.4476,44.134,495,46178,0.902609,0.71,2,570761,570266,495
54117361,28.8895,40.8268,481,46224,0.924522,0.69,2,570787,570306,481
54120281,29.7779,28.9654,485,46270,0.928904,0.77,2,570817,570332,485
54123201,33.1556,28.1931,491,46316,0.929781,0.81,2,570851,570360,491
54301321,19,10,458,21997,0.01,0.41,1,572952,572494,458
54304241,26.2,27.6,454,22093,0.026,0.33,1,572980,572526,454
54307161,51.64,31.92,479,22189,0.0452,0.03,1,573038,572559,479
54310081,69.528,76.784,465,22285,0.03304,0,1,573112,572647,465
54313001,75.5056,79.3568,462,22380,0.014608,0.05,1,573189,572727,462
54315921,78.3011,71.0714,472,22475,0.0269216,0.05,1,573268,572796,472
54318841,60.4602,75.0143,452,22569,0.0773843,0.01,1,573324,572872,452
54321761,52.892,63.8029,442,22663,0.0714769,0.01,1,573375,572933,442
54324681,32.9784,27.9606,451,22757,0.0382954,0.03,1,573403,572952,451
54327601,52.9957,27.9921,481,22850,0.0956591,0.05,1,573461,572980,481
54330521,70.5991,51.9984,498,22943,0.0271318,0.03,1,573536,573038,498
54333441,74.1198,69.5997,499,23035,0.0454264,0.01,1,573611,573112,499
54336361,77.224,75.5199,500,23127,0.00908527,0.03,1,573689,573189,500
54339281,63.4448,78.304,481,23219,0.0578171,0.09,1,573749,573268,481
54342201,52.689,60.4608,475,23310,0.147563,0.07,1,573799,573324,475
54345121,32.9378,52.8922,452,23401,0.181513,0.03,1,573827,573375,452
54348041,54.5876,32.9784,484,23492,0.204303,0.11,1,573887,573403,484
54350961,68.5175,52.9957,498,23582,0.112861,0.01,1,573959,573461,498
54353881,72.9035,70.5991,497,23672,0.0305721,0.05,1,574033,573536,497
54356801,77.7807,74.1198,501,23762,0.0461144,0,1,574112,573611,501
54359721,65.1561,77.224,485,23851,0.0492229,0.07,1,574174,573689,485
54362641,56.2312,63.4448,479,23940,0.0498446,0.17,1,574228,573749,479
54365561,12.8462,52.689,431,24029,0.0499689,0.19,1,574230,573799,431
54368481,24.9692,32.9378,431,24117,0.0979938,0.21,1,574258,573827,431
54371401,53.7938,54.5876,432,24205,0.123599,0.09,1,574319,573887,432
54374321,63.5588,68.5175,426,24293,0.19272,0.01,1,574385,573959,426
54377241,69.5118,72.9035,423,24380,0.110544,0.05,1,574456,574033,423
54380161,77.9023,77.7807,424,24467,0.0461088,0.05,1,574536,574112,424
54383081,65.1805,65.1561,424,24554,0.0492218,0.05,1,574598,574174,424
54386001,56.2361,56.2312,424,24640,0.113844,0.05,1,574652,574228,424
54388921,12.8472,12.8462,424,24726,0.0947689,0.11,1,574654,574230,424
54391841,28.1694,24.9692,428,24812,0.0749538,0.13,1,574686,574258,428
54394761,54.4339,53.7938,428,24897,0.102991,0.21,1,574747,574319,428
54397681,65.2868,63.5588,430,24982,0.204598,0.09,1,574815,574385,430
54400601,65.0574,69.5118,424,25067,0.24092,0.03,1,574880,574456,424
54403521,75.4115,77.9023,422,25152,0.200184,0.05,1,574958,574536,422
54406441,67.0823,65.1805,425,25236,0.128037,0.13,1,575023,574598,425
54409361,57.4165,56.2361,426,25320,0.161607,0.09,1,575078,574652,426
54412281,13.0833,12.8472,426,25404,0.136321,0.07,1,575080,574654,426
54415201,27.4167,28.1694,425,25487,0.147264,0.07,1,575111,574686,425
54418121,55.0833,5.63389,487,25570,0.165453,0.11,1,575173,574686,487
54421041,68.6167,49.9268,498,25653,0.233091,0.23,1,575245,574747,498
54423961,66.5233,64.3854,496,25736,0.294618,0.25,1,575311,574815,496
54426881,73.3047,64.8771,506,25818,0.322924,0.19,1,575386,574880,506
54429801,63.4609,75.3754,489,25900,0.312585,0.11,1,575447,574958,489
54432721,59.0922,67.0751,482,25982,0.326517,0.17,1,575505,575023,482
54435641,13.4184,57.415,429,26064,0.329303,0.13,1,575507,575078,429
54438561,28.2837,13.083,459,26145,0.345861,0.15,1,575539,575080,459
54441481,56.0567,27.4166,491,26226,0.381172,0.17,1,575602,575111,491
54444401,72.8113,55.0833,506,26307,0.484234,0.25,1,575679,575173,506
54447321,68.9623,68.6167,502,26388,0.472847,0.31,1,575747,575245,502
54450241,74.5925,66.5233,512,26468,0.486569,0.33,1,575823,575311,512
54453161,62.9185,73.3047,497,26548,0.489314,0.31,1,575883,575386,497
54456081,59.7837,63.4609,495,26628,0.473863,0.33,1,575942,575447,495
54459001,13.5567,59.0922,439,26708,0.486773,0.33,1,575944,575505,439
54461921,29.1113,13.4184,470,26787,0.505355,0.35,1,575977,575507,470
54464841,57.8223,28.2837,503,26866,0.541071,0.39,1,576042,575539,503
54467761,13.1645,56.0567,442,26945,0.548214,0.51,1,576044,575602,442
54470681,68.2329,72.8113,447,27024,0.645643,0.47,1,576126,575679,447
54473601,66.4466,68.9623,445,27102,0.633129,0.49,1,576192,575747,445
54476521,74.8893,74.5925,446,27180,0.694626,0.49,1,576269,575823,446
54479441,62.9779,62.9185,446,27258,0.674925,0.47,1,576329,575883,446
54482361,59.7956,59.7837,446,27336,0.686985,0.49,1,576388,575942,446
54485281,13.5591,13.5567,446,27413,0.689397,0.51,1,576390,575944,446
54488201,29.9118,29.1113,447,27490,0.689879,0.55,1,576424,575977,447
54491121,59.5824,57.8223,449,27567,0.721976,0.55,1,576491,576042,449
54494041,13.5165,13.1645,449,27644,0.760395,0.67,2,576493,576044,449
54496961,71.5033,68.2329,453,27721,0.768079,0.63,2,576579,576126,453
54499881,67.1007,66.4466,453,27797,0.817616,0.71,2,576645,576192,453
54502801,76.6201,74.8893,455,27873,0.859523,0.67,2,576724,576269,455
54505721,63.324,62.9779,455,27949,0.899905,0.69,2,576784,576329,455
54508641,59.0648,59.7956,454,28025,0.907981,0.69,2,576842,576388,454
54511561,13.413,13.5591,454,28101,0.877596,0.69,2,576844,576390,454
54514481,29.8826,29.9118,454,28176,0.887519,0.73,2,576878,576424,454
54517401,62.7765,59.5824,458,28251,0.953504,0.77,2,576949,576491,458
54628361,37,63,487,30971,0.79,1,2,578853,578366,487
54631281,33.8,29.4,499,31039,0.806,1,2,578886,578387,499
54634201,43.56,57.08,481,31107,0.7932,1,2,578932,578451,481
54637121,70.312,75.416,478,31175,0.77464,1,2,579009,578531,478
54640041,42.0624,43.8832,477,31243,0.770928,1,2,579044,578567,477
54642961,66.8125,67.1766,477,31311,0.770186,1,2,579117,578640,477
54645881,35.7625,13.4353,505,31379,0.722037,1,1,579145,578640,505
54648801,64.7525,31.4871,541,31446,0.712407,0.91,1,579217,578676,541
54651721,41.7505,69.4974,498,31513,0.790482,0.85,2,579253,578755,498
54654641,26.7501,42.6995,485,31580,0.726096,0.83,1,579276,578791,485
54657561,34.95,28.5399,497,31647,0.745219,0.79,1,579313,578816,497
54660481,31.79,35.308,491,31714,0.733044,0.81,1,579344,578853,491
54663401,41.558,33.4616,502,31781,0.794609,0.79,2,579388,578886,502
54666321,71.5116,43.4923,535,31848,0.774922,0.77,2,579467,578932,535
54669241,39.9023,70.2985,490,31914,0.818984,0.77,2,579499,579009,490
54672161,66.3805,42.0597,528,31980,0.827797,0.77,2,579572,579044,528
54675081,36.4761,66.8119,484,32046,0.877559,0.71,2,579601,579117,484
54678001,65.6952,35.7624,529,32112,0.919512,0.71,2,579674,579145,529
54829841,74,36,544,35373,0.55,1,1,581931,581387,544
54832761,58,72.8,516,35433,0.502,1,1,581985,581469,516
54835681,56.4,42.56,537,35493,0.4444,1,1,582041,581504,537
54838601,60.08,70.912,520,35553,0.40088,1,1,582102,581582,520
54841521,28.816,43.7824,504,35612,0.360176,1,1,582123,581619,504
54844441,31.3632,31.9565,507,35671,0.272035,1,1,582155,581648,507
54847361,23.8726,31.1913,498,35730,0.302407,1,1,582177,581679,498
54850281,15.1745,32.6383,478,35789,0.292481,0.94,1,582190,581712,478
54853201,29.4349,34.5277,476,35848,0.290496,1,1,582223,581747,476
54856121,21.087,27.7055,469,35907,0.338099,0.85,1,582242,581773,469
54859041,32.2174,37.5411,464,35966,0.31562,0.75,1,582277,581813,464
54861961,38.4435,42.7082,460,36025,0.343124,0.55,1,582317,581857,460
54864881,58.0887,67.7416,449,36084,0.332625,0.49,1,582380,581931,449
54867801,51.6177,56.7483,445,36143,0.330525,0.43,1,582430,581985,445
54870721,56.7235,56.1497,447,36201,0.330105,0.39,1,582488,582041,447
54873641,54.5447,60.0299,440,36259,0.378021,0.35,1,582542,582102,440
54876561,26.9089,28.806,439,36317,0.387604,0.25,1,582562,582123,439
54879481,26.1818,31.3612,433,36375,0.389521,0.31,1,582588,582155,433
54882401,22.8364,23.8722,433,36433,0.325904,0.29,1,582610,582177,433
54885321,16.5673,15.1744,435,36491,0.361181,0.29,1,582625,582190,435
54888241,29.7135,29.4349,435,36549,0.400236,0.35,1,582658,582223,435
54891161,21.9427,21.087,436,36607,0.408047,0.31,1,582678,582242,436
54894081,32.3885,32.2174,436,36665,0.441609,0.35,1,582713,582277,436
54897001,40.8777,38.4435,439,36723,0.480322,0.33,1,582756,582317,439
54899921,56.1755,58.0887,436,36781,0.456064,0.33,1,582816,582380,436
54902841,52.8351,51.6177,438,36838,0.467213,0.33,1,582868,582430,438
54905761,56.967,56.7235,438,36895,0.469443,0.39,1,582926,582488,438
54908681,56.9934,54.5447,441,36952,0.501889,0.39,1,582983,582542,441
54911601,25.7987,26.9089,439,37009,0.540378,0.39,1,583001,582562,439
54914521,27.5597,26.1818,441,37066,0.548075,0.31,1,583029,582588,441
54917441,21.5119,22.8364,439,37123,0.581615,0.37,1,583049,582610,439
54920361,16.3024,16.5673,439,37180,0.604323,0.37,1,583064,582625,439
54923281,31.2605,3.31345,474,37237,0.608865,0.41,1,583099,582625,474
54926201,20.6521,27.0627,459,37294,0.625773,0.41,1,583117,582658,459
54929121,35.3304,21.4125,478,37351,0.661155,0.45,1,583156,582678,478
54932041,41.4661,32.2825,486,37408,0.684231,0.49,1,583199,582713,486
54934961,56.2932,40.8565,503,37464,0.704846,0.45,1,583259,582756,503
54937881,53.6586,56.1713,496,37520,0.724969,0.47,1,583312,582816,496
54940801,59.5317,52.8343,505,37576,0.728994,0.47,1,583373,582868,505
54943721,56.7063,56.9669,503,37632,0.697799,0.51,1,583429,582926,503
54946641,26.5413,56.9934,465,37688,0.70756,0.55,1,583448,582983,465
54949561,28.5083,25.7987,476,37744,0.693512,0.55,1,583477,583001,476
54952481,23.3017,27.5597,470,37800,0.706702,0.59,1,583499,583029,470
54955401,15.8603,21.5119,464,37856,0.70934,0.61,1,583513,583049,464
54958321,32.7721,16.3024,486,37912,0.693868,0.61,1,583550,583064,486
54961241,21.7544,31.2605,470,37968,0.738774,0.63,1,583569,583099,470
54964161,37.9509,20.6521,494,38024,0.747755,0.67,1,583611,583117,494
54967081,41.9902,35.3304,498,38080,0.765551,0.69,2,583654,583156,498
54970001,57.198,41.4661,516,38135,0.78511,0.71,2,583715,583199,516
54972921,54.6396,56.2932,510,38190,0.789022,0.73,2,583769,583259,510
54975841,58.1279,53.6586,516,38245,0.837804,0.73,2,583828,583312,516
54978761,56.4256,59.5317,511,38300,0.847561,0.69,2,583884,583373,511
54981681,25.6851,56.7063,473,38355,0.849512,0.71,2,583902,583429,473
54984601,29.137,26.5413,484,38410,0.881902,0.69,2,583932,583448,484
54987521,24.2274,28.5083,478,38465,0.92038,0.71,2,583955,583477,478
54990441,16.0455,23.3017,470,38520,0.944076,0.71,2,583969,583499,470
54993361,32.8091,15.8603,493,38575,0.932815,0.69,2,584006,583513,493
54996281,8.16182,32.7721,458,38630,0.930563,0.75,2,584008,583550,458
55161261,96,122,508,18482,0.87,1,2,586284,585776,508
55164181,88.8,86.8,517,18597,0.838,0.89,2,586371,585854,517
55167101,50.56,76.56,484,18711,0.8476,0.91,2,586412,585928,484
55170021,54.912,66.512,476,18824,0.88152,0.85,2,586468,585992,476
55172941,28.5824,30.1024,477,18937,0.904304,0.89,2,586490,586013,477
55260541,44,30,504,22049,0.81,1,2,588804,588300,504
55263461,36,61.2,469,22145,0.794,1,2,588838,588369,469
55266381,54.4,41.04,492,22241,0.7428,1,1,588897,588405,492
55269301,113.28,115.408,486,22336,0.73256,1,1,589025,588539,486
55272221,51.456,55.0816,482,22431,0.698512,0.85,1,589061,588579,482
55275141,75.8912,87.0163,469,22526,0.675702,0.85,1,589143,588674,469
55278061,79.9782,17.4033,550,22620,0.67114,0.91,1,589224,588674,550
55280981,51.9956,72.2807,509,22714,0.718228,0.81,1,589269,588760,509
55283901,33.5991,49.6561,494,22807,0.727646,0.79,1,589298,588804,494
55286821,49.9198,37.1312,514,22900,0.777529,0.73,2,589352,588838,514
55289741,111.584,54.6262,582,22993,0.803506,0.73,2,589479,588897,582
55292661,49.5168,113.325,488,23085,0.776701,0.69,2,589513,589025,488
55295581,76.3034,51.465,535,23177,0.83534,0.67,2,589596,589061,535
55298501,81.6607,75.893,536,23268,0.879068,0.67,2,589679,589143,536
55301421,53.1321,79.9786,501,23359,0.855814,0.73,2,589725,589224,501
55304341,36.2264,51.9957,488,23450,0.899163,0.73,2,589757,589269,488
55307261,51.2453,33.5991,514,23540,0.939833,0.79,2,589812,589298,514
55412381,103,69,568,26588,0.25,1,1,592053,591485,568
55415301,60.6,93.8,518,26668,0.25,1,1,592103,591585,518
55418221,36.92,47.56,513,26747,0.17,1,1,592134,591621,513
55421141,28.984,38.312,504,26826,0.122,1,1,592161,591657,504
55424061,33.7968,29.2624,512,26905,0.0484,1,1,592196,591684,512
55426981,28.3594,37.0525,500,26984,0.04968,0.99,1,592223,591723,500
55429901,70.4719,94.6105,472,27062,0.097936,0.85,1,592304,591832,472
55432821,54.0944,66.9221,462,27140,0.0595872,0.65,1,592354,591892,462
55435741,50.0189,59.7844,453,27218,0.0999174,0.25,1,592403,591950,453
55438661,79.6038,94.3569,437,27296,0.0599835,0.25,1,592490,592053,437
55441581,51.1208,58.8714,431,27374,0.0839967,0.15,1,592534,592103,431
55444501,32.6241,36.5743,428,27451,0.0407993,0.11,1,592562,592134,428
55447421,24.9248,28.9149,424,27528,0.0961599,0.03,1,592585,592161,424
55450341,32.985,33.783,424,27605,0.059232,0.05,1,592620,592196,424
55453261,31.397,28.3566,428,27682,0.0518464,0.11,1,592651,592223,428
55456181,67.8794,70.4713,424,27759,0.0983693,0.05,1,592728,592304,424
55459101,51.9759,54.0943,422,27835,0.0756738,0.11,1,592776,592354,422
55462021,51.9952,50.0189,425,27911,0.0871348,0.05,1,592828,592403,425
55464941,78.399,79.6038,423,27987,0.057427,0.09,1,592913,592490,423
55467861,52.4798,51.1208,425,28063,0.0674854,0.03,1,592959,592534,425
55470781,32.096,32.6241,424,28138,0.0854971,0.11,1,592986,592562,424
55473701,25.6192,24.9248,425,28213,0.0890994,0.05,1,593010,592585,425
55476621,32.3238,32.985,424,28288,0.0898199,0.05,1,593044,592620,424
55479541,31.2648,31.397,424,28363,0.057964,0.05,1,593075,592651,424
55482461,67.853,6.2794,501,28438,0.0835928,0.11,1,593152,592651,501
55485381,54.3706,62.8559,475,28512,0.152719,0.07,1,593203,592728,475
55488301,49.2741,50.9712,475,28586,0.198544,0.09,1,593251,592776,475
55491221,76.2548,51.7942,506,28660,0.223709,0.05,1,593334,592828,506
55494141,54.451,78.3588,470,28734,0.212742,0.07,1,593383,592913,470
55497061,31.6902,52.4718,450,28808,0.210548,0.09,1,593409,592959,450
55499981,25.538,32.0944,447,28881,0.21011,0.09,1,593433,592986,447
55502901,33.1076,25.6189,458,28954,0.210022,0.09,1,593468,593010,458
55505821,29.0215,32.3238,452,29027,0.242004,0.05,1,593496,593044,452
55508741,70.6043,31.2648,502,29100,0.232401,0.09,1,593577,593075,502
55511661,58.9209,67.853,481,29173,0.19848,0.17,1,593633,593152,481
55514581,51.7842,54.3706,480,29246,0.207696,0.21,1,593683,593203,480
55517501,77.5568,49.2741,516,29318,0.257539,0.23,1,593767,593251,516
55520421,53.1114,76.2548,480,29390,0.251508,0.21,1,593814,593334,480
55523341,31.4223,54.451,457,29462,0.250302,0.21,1,593840,593383,457
55526261,25.4845,31.6902,455,29534,0.26606,0.21,1,593864,593409,455
55529181,34.6969,25.538,468,29606,0.253212,0.21,1,593901,593433,468
55532101,29.3394,33.1076,461,29677,0.266642,0.25,1,593929,593468,461
55535021,69.8679,29.0215,513,29748,0.269328,0.23,1,594009,593496,513
55537941,57.1736,70.6043,486,29819,0.301866,0.19,1,594063,593577,486
55540861,13.0347,58.9209,432,29890,0.308373,0.21,1,594065,593633,432
55543781,45.0069,51.7842,435,29961,0.373675,0.27,1,594118,593683,435
55546701,76.2014,77.5568,435,30032,0.498735,0.25,1,594202,593767,435
55549621,52.0403,53.1114,434,30102,0.507747,0.25,1,594248,593814,434
55552541,31.2081,31.4223,434,30172,0.525549,0.27,1,594274,593840,434
55555461,26.2416,25.4845,435,30242,0.54511,0.25,1,594299,593864,435
55558381,34.8483,34.6969,435,30312,0.565022,0.27,1,594336,593901,435
55561301,29.3697,29.3394,435,30382,0.585004,0.27,1,594364,593929,435
55564221,69.8739,69.8679,435,30452,0.621001,0.31,1,594444,594009,435
55567141,58.7748,57.1736,437,30521,0.6442,0.31,1,594500,594063,437
55570061,13.355,13.0347,437,30590,0.64884,0.39,1,594502,594065,437
55572981,48.271,45.0069,441,30659,0.601768,0.53,1,594559,594118,441
55575901,80.8542,76.2014,446,30728,0.704354,0.51,1,594648,594202,446
55578821,54.5708,52.0403,448,30797,0.692871,0.53,1,594696,594248,448
55581741,31.7142,31.2081,448,30866,0.690574,0.55,1,594722,594274,448
55584661,27.1428,26.2416,449,30935,0.722115,0.57,1,594748,594299,449
55587581,34.2286,34.8483,448,31003,0.728423,0.59,1,594784,594336,448
55590501,30.0457,29.3697,449,31071,0.745685,0.63,1,594813,594364,449
55593421,71.6091,69.8739,451,31139,0.749137,0.65,1,594895,594444,451
55596341,59.9218,58.7748,452,31207,0.781827,0.65,2,594952,594500,452
55599261,13.5844,13.355,452,31275,0.788365,0.59,2,594954,594502,452
55602181,47.5169,48.271,451,31343,0.837673,0.59,2,595010,594559,451
55605101,83.9034,9.6542,544,31411,0.911535,0.73,2,595103,594559,544
55739421,35,34,529,34372,0.71,1,1,597139,596610,529
55742341,35,33.2,531,34434,0.646,1,1,597174,596643,531
55745261,31,27.44,535,34495,0.5852,1,1,597204,596669,535
55748181,45.4,33.488,549,34556,0.44504,1,1,597253,596704,549
55751101,57.88,70.6976,530,34617,0.241008,1,1,597314,596784,530
55754021,31.576,57.3395,501,34678,0.184202,0.94,1,597339,596838,501
55756941,39.9152,28.2679,522,34739,0.0928403,0.98,1,597381,596859,522
55759861,91.983,46.4536,576,34800,0.0745681,0.99,1,597486,596910,576
55762781,44.7966,94.0907,503,34861,0.0709136,1,1,597519,597016,503
55765701,27.3593,46.8181,491,34922,0.0701827,0.85,1,597542,597051,491
55768621,22.2719,31.7636,484,34983,0.0540365,0.82,1,597563,597079,484
55771541,30.8544,26.3527,492,35043,0.0188073,0.71,1,597596,597104,492
55774461,27.7709,33.2705,484,35103,0.0757615,0.63,1,597623,597139,484
55777381,29.5542,34.6541,479,35163,0.0711523,0.57,1,597653,597174,479
55780301,34.7108,30.9308,485,35223,0.0862305,0.41,1,597689,597204,485
55783221,48.5422,45.3862,488,35283,0.121246,0.19,1,597741,597253,488
55786141,28.1084,57.8772,450,35343,0.128249,0.17,1,597764,597314,450
55789061,39.2217,31.5754,467,35403,0.12965,0.07,1,597806,597339,467
55791981,91.0443,39.9151,529,35463,0.04993,0.07,1,597910,597381,529
55794901,46.2089,91.983,459,35523,0.113986,0.07,1,597945,597486,459
55797821,24.4418,44.7966,445,35583,0.126797,0.07,1,597964,597519,445
55800741,20.8884,27.3593,442,35642,0.145359,0.05,1,597984,597542,442
55803661,5.77767,22.2719,423,35701,0.149072,0.01,1,597986,597563,423
55806581,29.1555,30.8544,425,35760,0.165814,0.09,1,598021,597596,425
55809501,28.2311,27.7709,426,35819,0.153163,0.07,1,598049,597623,426
55812421,28.8462,29.5542,425,35878,0.166633,0.09,1,598078,597653,425
55815341,35.3692,34.7108,426,35937,0.185327,0.13,1,598115,597689,426
55818261,51.0738,48.5422,429,35996,0.173065,0.13,1,598170,597741,429
55821181,26.2148,28.1084,426,36055,0.218613,0.13,1,598190,597764,426
55824101,39.643,39.2217,427,36114,0.211723,0.03,1,598233,597806,427
55827021,87.9286,91.0443,423,36173,0.130345,0.13,1,598333,597910,423
55829941,47.9857,46.2089,426,36231,0.114069,0.13,1,598371,597945,426
55832861,26.3971,24.4418,428,36289,0.142814,0.15,1,598392,597964,428
55835781,22.0794,20.8884,429,36347,0.164563,0.15,1,598413,597984,429
55838701,6.01589,5.77767,429,36405,0.168913,0.17,1,598415,597986,429
55841621,29.2032,29.1555,429,36463,0.153783,0.15,1,598450,598021,429
55844541,28.2406,28.2311,429,36521,0.166756,0.17,1,598478,598049,429
55847461,29.6481,28.8462,430,36579,0.233351,0.19,1,598508,598078,430
55850381,34.7296,35.3692,429,36637,0.21467,0.17,1,598544,598115,429
55853301,51.7459,51.0738,430,36695,0.226934,0.23,1,598600,598170,430
55856221,27.1492,26.2148,431,36753,0.245387,0.21,1,598621,598190,431
55859141,40.6298,39.643,432,36810,0.265077,0.11,1,598665,598233,432
55862061,84.126,87.9286,427,36867,0.333015,0.11,1,598760,598333,427
55864981,45.6252,47.9857,425,36924,0.330603,0.15,1,598796,598371,425
55867901,27.525,26.3971,427,36981,0.314121,0.17,1,598819,598392,427
55870821,23.105,22.0794,428,37038,0.310824,0.17,1,598841,598413,428
55873741,6.221,6.01589,428,37095,0.310165,0.15,1,598843,598415,428
55876661,30.0442,29.2032,429,37152,0.390033,0.15,1,598879,598450,429
55879581,28.4088,5.84064,457,37209,0.390007,0.17,1,598907,598450,457
55882501,31.2818,23.5681,461,37266,0.406001,0.25,1,598939,598478,461
55885421,35.8564,28.7136,468,37323,0.4412,0.21,1,598976,598508,468
55888341,51.9713,34.5427,488,37380,0.51224,0.23,1,599032,598544,488
55891261,27.9943,51.7085,454,37437,0.526448,0.25,1,599054,598600,454
55894181,41.5989,27.1417,478,37493,0.54529,0.27,1,599099,598621,478
55897101,85.9198,40.6283,531,37549,0.581058,0.35,1,599196,598665,531
55900021,46.784,84.1257,473,37605,0.572212,0.33,1,599233,598760,473
55902941,26.9568,45.6251,459,37661,0.586442,0.31,1,599255,598796,459
55905861,22.9914,27.525,458,37717,0.589288,0.31,1,599277,598819,458
55908781,6.19827,23.105,438,37773,0.589858,0.31,1,599279,598841,438
55911701,33.2397,6.221,476,37829,0.589972,0.41,1,599319,598843,476
55914621,29.0479,30.0442,468,37885,0.557994,0.39,1,599347,598879,468
55917541,32.2096,28.4088,473,37941,0.567599,0.41,1,599380,598907,473
55920461,40.0419,31.2818,483,37997,0.56952,0.45,1,599422,598939,483
55923381,53.6084,35.8564,503,38053,0.553904,0.53,1,599479,598976,503
55926301,28.3217,51.9713,469,38109,0.550781,0.53,1,599501,599032,469
55929221,42.4643,27.9943,493,38164,0.566156,0.55,1,599547,599054,493
55932141,87.6929,41.5989,547,38219,0.537231,0.59,1,599646,599099,547
55935061,47.1386,85.9198,487,38274,0.547446,0.57,1,599683,599196,487
55937981,27.0277,46.784,472,38329,0.565489,0.59,1,599705,599233,472
55940901,23.0055,26.9568,472,38384,0.569098,0.59,1,599727,599255,472
55943821,6.20111,22.9914,452,38439,0.56982,0.59,1,599729,599277,452
55946741,31.6402,6.19827,488,38494,0.569964,0.59,1,599767,599279,488
55949661,28.728,33.2397,476,38549,0.585993,0.55,1,599795,599319,476
55952581,32.9456,29.0479,482,38604,0.637199,0.57,1,599829,599347,482
55955501,8.18912,32.2096,451,38659,0.64744,0.57,1,599831,599380,451
55958421,34.4378,40.0419,450,38714,0.665488,0.55,1,599872,599422,450
55961341,51.6876,53.6084,449,38769,0.813098,0.55,2,599928,599479,449
55964261,27.9375,28.3217,449,38823,0.842619,0.57,2,599950,599501,449
55967181,43.1875,42.4643,450,38877,0.832524,0.53,2,599997,599547,450
55970101,86.2375,87.6929,448,38931,0.798505,0.55,2,600094,599646,448
55973021,48.4475,47.1386,450,38985,0.823701,0.57,2,600133,599683,450
55975941,27.2895,27.0277,450,39039,0.86074,0.57,2,600155,599705,450
55978861,23.0579,23.0055,450,39093,0.884148,0.57,2,600177,599727,450
55981781,6.21158,6.20111,450,39147,0.88883,0.57,2,600179,599729,450
55984701,31.6423,31.6402,450,39201,0.873766,0.59,2,600217,599767,450
55987621,31.1285,28.728,453,39255,0.886753,0.65,2,600248,599795,453
55990541,34.2257,32.9456,454,39309,0.937351,0.65,2,600283,599829,454
55993461,8.44514,8.18912,454,39363,0.91547,0.67,2,600285,599831,454
55996381,36.089,34.4378,456,39417,0.943094,0.85,2,600328,599872,456
56317581,40,22,519,44925,0.75,1,2,604232,603713,519
56320501,36.8,32.4,520,44972,0.686,1,1,604268,603748,520
56323421,28.16,33.68,512,45019,0.7052,1,1,604294,603782,512
56326341,24.832,30.736,506,45066,0.69304,1,1,604318,603812,506
56329261,32.1664,20.5472,522,45113,0.674608,1,1,604352,603830,522
56332181,29.6333,32.9094,515,45160,0.638922,1,1,604381,603866,515
56335101,18.7267,32.9819,498,45207,0.615784,1,1,604397,603899,498
56338021,58.9453,68.9964,489,45254,0.627157,1,1,604466,603977,489
56340941,35.7891,41.7993,484,45301,0.645431,1,1,604496,604012,484
56343861,27.9578,28.3599,485,45348,0.649086,0.94,1,604522,604037,485
56346781,19.9916,22.472,482,45395,0.649817,1,1,604540,604058,482
56349701,31.9983,35.6944,478,45441,0.585963,1,1,604575,604097,478
56352621,31.1997,37.5389,471,45487,0.589193,0.91,1,604606,604135,471
56355541,28.6399,31.5078,469,45533,0.621839,0.78,1,604634,604165,469
56358461,24.928,27.9016,466,45579,0.628368,0.75,1,604658,604192,466
56361381,35.3856,37.5803,464,45625,0.661674,0.67,1,604696,604232,464
56364301,31.8771,36.3161,459,45671,0.700335,0.71,1,604727,604268,459
56367221,24.7754,28.0632,456,45717,0.724067,0.69,1,604750,604294,456
56370141,24.9551,24.8126,457,45763,0.744813,0.67,1,604775,604318,457
56373061,30.591,32.1625,455,45809,0.748963,0.63,1,604807,604352,455
56375981,28.5182,29.6325,454,45855,0.749793,0.61,1,604835,604381,454
56378901,15.3036,18.7265,450,45901,0.749959,0.63,1,604847,604397,450
56381821,57.4607,58.9453,449,45947,0.781992,0.63,2,604915,604466,449
56384741,35.4921,11.7891,479,45993,0.772398,0.65,2,604945,604466,479
56387661,30.2984,26.3578,478,46039,0.80248,0.65,2,604974,604496,478
56390581,20.4597,26.0716,470,46085,0.824496,0.65,2,604992,604522,470
56393501,28.0919,19.6143,482,46131,0.892899,0.57,2,605022,604540,482
56396421,34.4184,31.9229,483,46177,0.87458,0.59,2,605058,604575,483
56399341,30.8837,31.1846,482,46223,0.886916,0.63,2,605088,604606,482
56402261,24.5767,28.6369,477,46269,0.937383,0.63,2,605111,604634,477
56405181,36.9153,24.9274,493,46315,0.915477,0.67,2,605151,604658,493
56416861,31,25,488,46496,0.95,0.75,2,605263,604775,488
56437301,34,18,496,46811,0.91,0.91,2,605488,604992,496
56440221,34,27.6,500,46856,0.91,0.87,2,605522,605022,500
56443141,33.2,34.32,497,46901,0.91,0.89,2,605555,605058,497
56446061,24.24,30.864,489,46946,0.91,0.95,2,605577,605088,489
56448981,39.248,24.5728,509,46991,0.942,0.91,2,605620,605111,509
56451901,31.8496,36.9146,499,47036,0.9164,0.97,2,605650,605151,499
56454821,23.9699,31.3829,491,47081,0.91128,0.91,2,605672,605181,491
56457741,25.594,26.2766,492,47126,0.910256,0.91,2,605698,605206,492
56660681,59,60,474,22817,0.05,0.19,1,607857,607383,474
56663601,58.2,69.6,460,22910,0.114,0.01,1,607915,607455,460
56666521,82.84,85.92,459,23003,0.0628,0.05,1,608004,607545,459
56669441,54.168,63.584,448,23095,0.10056,0.03,1,608051,607603,448
56672361,62.0336,75.1168,434,23187,0.044112,0.01,1,608115,607681,434
56675281,25.2067,29.4234,432,23278,0.0168224,0.09,1,608131,607699,432
56678201,76.2413,30.6847,490,23369,0.0913645,0.05,1,608220,607730,490
56681121,63.2483,60.5369,482,23460,0.106273,0.05,1,608280,607798,482
56684041,63.0497,59.3074,486,23550,0.157255,0.13,1,608343,607857,486
56686961,79.8099,58.2615,512,23640,0.215451,0.05,1,608427,607915,512
56689881,55.962,82.8523,473,23730,0.13109,0.11,1,608477,608004,473
56692801,58.3924,54.1705,485,23819,0.066218,0.03,1,608536,608051,485
56695721,26.0785,62.0341,439,23908,0.0372436,0.01,1,608554,608115,439
56698641,6.8157,25.2068,425,23997,0.0314487,0.11,1,608556,608131,425
56701561,74.1631,76.2414,427,24085,0.0142897,0.11,1,608647,608220,427
56704481,62.8326,63.2483,427,24173,0.0588579,0.17,1,608707,608280,427
56707401,65.3665,63.0497,430,24261,0.0997716,0.23,1,608773,608343,430
56710321,82.6733,79.8099,433,24348,0.171954,0.11,1,608860,608427,433
56713241,51.7347,55.962,427,24435,0.170391,0.05,1,608904,608477,427
56716161,53.5469,58.3924,422,24522,0.218078,0.03,1,608958,608536,422
56719081,25.1094,26.0785,422,24608,0.195616,0.03,1,608976,608554,422
56722001,6.62188,6.8157,422,24694,0.191123,0.01,1,608978,608556,422
56724921,74.1244,74.1631,422,24780,0.206225,0.07,1,609069,608647,422
56727841,63.6249,62.8326,423,24866,0.225245,0.11,1,609130,608707,423
56730761,68.725,65.3665,427,24951,0.277049,0.19,1,609200,608773,427
56733681,86.545,82.6733,431,25036,0.23941,0.17,1,609291,608860,431
56736601,51.709,51.7347,430,25121,0.279882,0.23,1,609334,608904,430
56739521,54.3418,53.5469,431,25205,0.271976,0.19,1,609389,608958,431
56742441,23.6684,25.1094,429,25289,0.238395,0.19,1,609405,608976,429
56745361,6.33367,6.62188,429,25373,0.263679,0.21,1,609407,608978,429
56748281,76.4667,74.1244,432,25457,0.348736,0.21,1,609501,609069,432
56751201,64.0933,14.8249,493,25540,0.349747,0.23,1,609562,609069,493
56754121,71.2187,51.765,505,25623,0.349949,0.29,1,609635,609130,505
56757041,84.6437,66.353,523,25706,0.39799,0.23,1,609723,609200,523
56759961,52.1287,86.0706,476,25788,0.471598,0.29,1,609767,609291,476
56762881,53.6257,51.6141,487,25870,0.50232,0.27,1,609821,609334,487
56765801,23.5251,54.3228,448,25952,0.508464,0.23,1,609837,609389,448
56768721,6.30503,23.6646,434,26034,0.509693,0.27,1,609839,609405,434
56771641,80.461,6.33291,531,26115,0.541939,0.37,1,609938,609407,531
56774561,65.6922,76.4666,499,26196,0.580388,0.35,1,610000,609501,499
56777481,71.5384,64.0933,511,26277,0.588078,0.35,1,610073,609562,511
56780401,87.9077,71.2187,530,26358,0.653615,0.41,1,610165,609635,530
56783321,55.9815,84.6437,490,26438,0.730723,0.49,1,610213,609723,490
56786241,54.3963,52.1287,500,26518,0.746145,0.51,1,610267,609767,500
56789161,23.6793,53.6257,462,26598,0.749229,0.51,1,610283,609821,462
56792081,6.33585,23.5251,448,26678,0.749846,0.51,1,610285,609837,448
56795001,82.8672,6.30503,548,26757,0.781969,0.55,2,610387,609839,548
56797921,66.9734,80.461,512,26836,0.788394,0.59,2,610450,609938,512
56800841,71.7947,65.6922,523,26915,0.773679,0.59,2,610523,610000,523
56803761,15.9589,71.5384,452,26994,0.770736,0.67,2,610525,610073,452
56806681,79.1918,87.9077,455,27072,0.818147,0.75,2,610620,610165,455
56809601,57.4384,55.9815,459,27150,0.859629,0.75,2,610672,610213,459
56943921,34,35,483,30530,0.71,1,1,613024,612541,483
56946841,47.6,33.4,501,30599,0.598,1,1,613075,612574,501
56949761,38.32,47.48,486,30668,0.5596,1,1,613111,612625,486
56952681,31.664,38.296,480,30737,0.50392,1,1,613141,612661,480
56955601,44.7328,33.2592,496,30806,0.540784,1,1,613189,612693,496
56958521,44.9466,56.2518,479,30875,0.516157,1,1,613234,612755,479
56961441,35.3893,38.4504,478,30944,0.495231,0.99,1,613267,612789,478
56964361,72.6779,81.2901,468,31012,0.459046,0.83,1,613349,612881,468
56967281,44.9356,49.058,465,31080,0.483809,0.77,1,613387,612922,465
56970201,59.3871,64.2116,460,31148,0.536762,0.71,1,613450,612990,460
56973121,35.0774,40.0423,455,31216,0.531352,0.57,1,613479,613024,455
56976041,42.2155,48.8085,448,31284,0.562271,0.57,1,613523,613075,448
56978961,33.2431,9.76169,479,31352,0.552454,0.55,1,613554,613075,479
56981881,33.0486,30.7523,476,31419,0.566491,0.49,1,613587,613111,476
56984801,44.2097,30.1505,493,31486,0.601298,0.55,1,613634,613141,493
56987721,45.6419,44.4301,491,31553,0.65626,0.51,1,613680,613189,491
56990641,33.1284,44.886,476,31620,0.667252,0.49,1,613710,613234,476
56993561,73.0257,35.3772,526,31687,0.73345,0.45,1,613793,613267,526
56996481,45.0051,72.6754,482,31754,0.74669,0.49,1,613831,613349,482
56999401,61.001,44.9351,509,31821,0.733338,0.55,1,613896,613387,509
57002321,37.8002,59.387,478,31887,0.746668,0.53,1,613928,613450,478
57005241,41.16,35.0774,491,31953,0.749334,0.57,1,613970,613479,491
57008161,35.432,42.2155,481,32019,0.765867,0.55,2,614004,613523,481
57011081,32.6864,33.2431,482,32085,0.785173,0.57,2,614036,613554,482
57014001,46.5373,33.0486,499,32151,0.837035,0.61,2,614086,613587,499
57016921,47.7075,44.2097,500,32217,0.879407,0.67,2,614134,613634,500
57019841,34.3415,45.6419,485,32283,0.903881,0.67,2,614165,613680,485
57022761,74.0683,33.1284,539,32349,0.940776,0.75,2,614249,613710,539
57157081,82,35,553,35230,0.59,1,1,616266,615713,553
57160001,42,67,510,35290,0.494,1,1,616298,615788,510
57162921,34.8,34.2,517,35350,0.4588,1,1,616331,615814,517
57165841,36.56,31.64,523,35410,0.29176,1,1,616368,615845,523
57168761,36.112,43.928,512,35470,0.242352,1,1,616404,615892,512
57171681,30.4224,34.3856,509,35530,0.18447,1,1,616433,615924,509
57174601,26.8845,28.4771,508,35589,0.124894,1,1,616459,615951,508
57177521,28.5769,28.8954,508,35648,0.0809788,1,1,616488,615980,508
57180441,7.31538,30.5791,479,35707,0.0721958,1,1,616490,616011,479
57183361,42.2631,46.9158,479,35766,0.0544392,0.98,1,616541,616062,479
57186281,74.8526,82.9832,470,35825,0.0508878,0.93,1,616624,616154,470
57189201,34.9705,40.5966,465,35884,0.0341776,0.59,1,616649,616184,465
57192121,61.3941,73.7193,451,35943,0.0788355,0.47,1,616717,616266,451
57195041,33.0788,40.3439,445,36002,0.0237671,0.45,1,616743,616298,445
57197961,28.2158,34.4688,439,36061,0.0607534,0.25,1,616770,616331,439
57200881,29.6432,36.4938,432,36120,0.0681507,0.23,1,616800,616368,432
57203801,34.7286,36.0988,432,36179,0.0856301,0.17,1,616836,616404,432
57206721,28.5457,30.4198,430,36237,0.089126,0.11,1,616863,616433,430
57209641,23.3091,26.884,426,36295,0.0898252,0.07,1,616885,616459,426
57212561,25.4618,28.5768,423,36353,0.089965,0.07,1,616911,616488,423
57215481,6.69237,7.31536,423,36411,0.089993,0.05,1,616913,616490,423
57218401,42.1385,42.2631,423,36469,0.0579986,0.05,1,616964,616541,423
57221321,74.0277,74.8526,422,36527,0.0675997,0.03,1,617046,616624,422
57224241,34.8055,34.9705,422,36585,0.0535199,0.09,1,617071,616649,422
57227161,63.7611,61.3941,425,36643,0.050704,0.01,1,617142,616717,425
57230081,31.9522,33.0788,423,36701,0.0501408,0.07,1,617166,616743,423
57233001,29.5904,28.2158,425,36759,0.0660282,0.07,1,617195,616770,425
57235921,28.3181,29.6432,423,36816,0.0372056,0.09,1,617223,616800,423
57238841,37.6636,34.7286,427,36873,0.0314411,0.09,1,617263,616836,427
57241761,28.3327,28.5457,426,36930,0.0782882,0.09,1,617289,616863,426
57244681,23.2665,23.3091,426,36987,0.0876577,0.09,1,617311,616885,426
57247601,24.6533,25.4618,425,37044,0.0735315,0.09,1,617336,616911,425
57250521,6.53066,6.69237,425,37101,0.0707063,0.05,1,617338,616913,425
57253441,39.7061,42.1385,422,37158,0.134141,0.05,1,617386,616964,422
57256361,75.1412,8.42769,506,37215,0.0988282,0.07,1,617470,616964,506
57259281,32.6282,67.2855,446,37272,0.107766,0.05,1,617492,617046,446
57262201,63.3256,33.4571,492,37329,0.157553,0.05,1,617563,617071,492
57265121,31.8651,63.4914,445,37386,0.183511,0.05,1,617587,617142,445
57268041,30.373,31.8983,451,37443,0.204702,0.07,1,617617,617166,451
57270961,28.4746,29.5797,450,37499,0.20894,0.03,1,617645,617195,450
57273881,37.6949,28.3159,462,37555,0.225788,0.03,1,617685,617223,462
57276801,29.139,37.6632,449,37611,0.213158,0.09,1,617712,617263,449
57279721,23.4278,28.3326,445,37667,0.210632,0.09,1,617734,617289,445
57282641,25.4856,23.2665,449,37723,0.210126,0.07,1,617760,617311,449
57285561,6.69711,24.6533,426,37779,0.210025,0.07,1,617762,617336,426
57288481,41.3394,6.53066,474,37835,0.274005,0.15,1,617812,617338,474
57291401,74.6679,39.7061,509,37891,0.302801,0.09,1,617895,617386,509
57294321,34.1336,75.1412,449,37947,0.32456,0.11,1,617919,617470,449
57297241,65.2267,32.6282,500,38003,0.328912,0.17,1,617992,617492,500
57300161,33.0453,63.3256,454,38059,0.345782,0.19,1,618017,617563,454
57303081,31.4091,31.8651,461,38115,0.381157,0.21,1,618048,617587,461
57306001,28.6818,30.373,459,38170,0.388231,0.21,1,618076,617617,459
57308921,38.5364,28.4746,472,38225,0.405646,0.23,1,618117,617645,472
57311841,28.5073,37.6949,458,38280,0.409129,0.21,1,618143,617685,458
57314761,23.3015,29.139,453,38335,0.425826,0.21,1,618165,617712,453
57317681,25.4603,23.4278,457,38390,0.429165,0.21,1,618191,617734,457
57320601,6.69206,25.4856,433,38445,0.429833,0.21,1,618193,617760,433
57323521,44.5384,6.69711,485,38500,0.397967,0.29,1,618247,617762,485
57326441,76.1077,41.3394,519,38555,0.391593,0.31,1,618331,617812,519
57329361,33.6215,74.6679,459,38610,0.406319,0.33,1,618354,617895,459
57332281,8.32431,34.1336,437,38665,0.409264,0.33,1,618356,617919,437
57335201,60.8649,65.2267,438,38720,0.473853,0.35,1,618430,617992,438
57338121,34.573,33.0453,441,38775,0.502771,0.39,1,618458,618017,441
57341041,31.7146,31.4091,441,38829,0.508554,0.39,1,618489,618048,441
57343961,28.7429,28.6818,441,38883,0.541711,0.41,1,618517,618076,441
57346881,39.3486,38.5364,442,38937,0.580342,0.41,1,618559,618117,442
57349801,28.6697,28.5073,442,38991,0.556068,0.43,1,618585,618143,442
57352721,24.1339,23.3015,443,39045,0.599214,0.43,1,618608,618165,443
57355641,25.6268,25.4603,443,39099,0.607843,0.43,1,618634,618191,443
57358561,6.72536,6.69206,443,39153,0.577569,0.39,1,618636,618193,443
57361481,43.7451,44.5384,442,39207,0.603514,0.39,1,618689,618247,442
57364401,75.149,76.1077,441,39261,0.560703,0.41,1,618772,618331,441
57367321,34.2298,33.6215,442,39315,0.552141,0.41,1,618796,618354,442
57370241,8.44596,8.32431,442,39369,0.582428,0.49,1,618798,618356,442
57373161,63.2892,60.8649,445,39423,0.636486,0.51,1,618875,618430,445
57376081,36.6578,34.573,447,39477,0.663297,0.51,1,618905,618458,447
57379001,33.7316,31.7146,449,39530,0.716659,0.55,1,618938,618489,449
57381921,29.1463,28.7429,449,39583,0.711332,0.59,1,618966,618517,449
57384841,39.4293,39.3486,449,39636,0.774266,0.55,2,619008,618559,449
57387761,28.6859,28.6697,449,39689,0.786853,0.61,2,619034,618585,449
57390681,24.9372,24.1339,450,39742,0.789371,0.61,2,619058,618608,450
57393601,25.7874,25.6268,450,39795,0.757874,0.57,2,619084,618634,450
57396521,6.75749,6.72536,450,39848,0.751575,0.61,2,619086,618636,450
57399441,43.7515,43.7451,450,39901,0.798315,0.55,2,619139,618689,450
57402361,74.3503,75.149,449,39954,0.807663,0.55,2,619221,618772,449
57405281,34.0701,34.2298,449,40007,0.809533,0.59,2,619245,618796,449
57408201,8.41401,8.44596,449,40060,0.809907,0.59,2,619247,618798,449
57411121,66.4828,1.68919,530,40113,0.841981,0.65,2,619328,618798,530
57414041,38.0966,61.9378,484,40166,0.880396,0.67,2,619359,618875,484
57416961,34.8193,36.3876,488,40219,0.920079,0.73,2,619393,618905,488
57624281,492,574,464,18980,0.03,0.53,1,621859,621395,464
57627201,156,162,477,19818,0.046,0.37,1,621931,621454,477
57630121,96.8,102.8,471,19925,0.0972,0.15,1,622013,621542,471
57633041,85.76,90.16,467,20031,0.12344,0.01,1,622096,621629,467
57635961,74.752,85.232,455,20137,0.064688,0.01,1,622168,621713,455
57638881,82.1504,67.4464,476,20242,0.0529376,0.03,1,622252,621776,476
57641801,28.4301,57.4893,436,20347,0.0665875,0.03,1,622267,621831,436
57644721,76.086,33.8979,496,20451,0.0533175,0.05,1,622355,621859,496
57647641,83.2172,64.3796,509,20555,0.114664,0.11,1,622440,621931,509
57650561,81.4434,78.4759,508,20658,0.110933,0.13,1,622521,622013,508
57653481,72.2887,82.0952,495,20761,0.126187,0.05,1,622591,622096,495
57656401,81.6577,74.019,507,20863,0.0972373,0.05,1,622675,622168,507
57659321,29.1315,82.0038,439,20965,0.0914475,0.07,1,622691,622252,439
57662241,7.42631,28.4008,426,21066,0.0902895,0.05,1,622693,622267,426
57665161,70.2853,76.0802,424,21167,0.186058,0.13,1,622779,622355,424
57668081,85.2571,83.216,428,21267,0.205212,0.11,1,622868,622440,428
57671001,81.0514,81.4432,427,21367,0.225042,0.13,1,622948,622521,427
57673921,73.0103,72.2886,428,21466,0.309008,0.09,1,623019,622591,428
57676841,80.2021,81.6577,426,21565,0.341802,0.09,1,623101,622675,426
57679761,29.6404,29.1315,427,21663,0.33236,0.09,1,623118,622691,427
57682681,7.52808,7.42631,427,21761,0.330472,0.21,1,623120,622693,427
57685601,72.7056,70.2853,430,21858,0.410094,0.21,1,623209,622779,430
57688521,87.3411,85.2571,432,21955,0.474019,0.23,1,623300,622868,432
57691441,83.0682,81.0514,434,22052,0.470804,0.33,1,623382,622948,434
57694361,75.0136,73.0103,436,22148,0.502161,0.35,1,623455,623019,436
57697281,81.4027,80.2021,437,22244,0.540432,0.33,1,623538,623101,437
57700201,30.6805,29.6404,438,22339,0.516086,0.33,1,623556,623118,438
57703121,7.73611,7.52808,438,22434,0.511217,0.43,1,623558,623120,438
57706041,75.9472,72.7056,442,22529,0.558244,0.43,1,623651,623209,442
57708961,89.5894,14.5411,535,22623,0.647649,0.49,1,623744,623209,535
57711881,83.5179,75.7082,526,22717,0.68153,0.47,1,623826,623300,526
57714801,76.7036,80.7416,519,22810,0.672306,0.51,1,623901,623382,519
57717721,81.7407,74.5483,529,22903,0.718461,0.55,1,623984,623455,529
57720641,30.7481,81.3097,464,22996,0.727692,0.51,1,624002,623538,464
57723561,7.74963,30.6619,448,23088,0.729538,0.51,1,624004,623556,448
57726481,77.5499,7.73239,541,23180,0.713908,0.57,1,624099,623558,541
57729401,93.11,75.9465,545,23271,0.742782,0.67,1,624196,623651,545
57732321,86.622,89.5893,537,23362,0.828556,0.69,2,624281,623744,537
57735241,76.5244,83.5179,529,23453,0.845711,0.67,2,624355,623826,529
57738161,84.1049,76.7036,540,23543,0.849142,0.73,2,624441,623901,540
57741081,31.221,81.7407,475,23633,0.849828,0.73,2,624459,623984,475
57744001,7.84419,30.7481,459,23723,0.849966,0.73,2,624461,624002,459
57746921,76.7688,7.74963,551,23812,0.881993,0.71,2,624555,624004,551
57837441,37,29,504,26431,0.75,1,2,626382,625878,504
57840361,56.2,29,536,26511,0.542,1,1,626443,625907,536
57843281,94.44,59.4,573,26591,0.1804,1,1,626547,625974,573
57846201,42.888,91.88,503,26671,0.09208,1,1,626577,626074,503
57849121,70.9776,39.176,555,26750,0.138416,1,1,626655,626100,555
57852041,57.3955,67.0352,535,26829,0.0836832,1,1,626709,626174,535
57854961,67.4791,66.207,539,26908,0.0567366,0.95,1,626779,626240,539
57857881,15.0958,71.6414,468,26987,0.0513473,0.83,1,626781,626313,468
57860801,24.6192,39.9283,463,27065,0.0982695,0.75,1,626808,626345,463
57863721,28.1238,37.5857,455,27143,0.107654,0.49,1,626837,626382,455
57866641,44.8248,56.3171,443,27221,0.0935308,0.09,1,626886,626443,443
57869561,75.365,94.4634,422,27299,0.0907062,0.07,1,626969,626547,422
57872481,39.873,42.8927,423,27377,0.0261412,0.15,1,627000,626577,423
57875401,73.5746,70.9785,427,27454,0.0452282,0.07,1,627082,626655,427
57878321,57.9149,57.3957,427,27531,0.0810457,0.05,1,627136,626709,427
57881241,65.183,67.4791,424,27608,0.0722091,0.05,1,627203,626779,424
57884161,14.6366,15.0958,424,27685,0.0384418,0.11,1,627205,626781,424
57887081,26.1273,24.6192,426,27761,0.0316884,0.11,1,627234,626808,426
57890001,28.4255,28.1238,426,27837,0.0943377,0.09,1,627263,626837,426
57892921,43.2851,44.8248,424,27913,0.122868,0.09,1,627310,626886,424
57895841,75.057,75.365,424,27989,0.144574,0.01,1,627393,626969,424
57898761,38.2114,39.873,422,28065,0.0689147,0.05,1,627422,627000,422
57901681,75.6423,73.5746,425,28140,0.0377829,0.09,1,627507,627082,425
57904601,59.1285,57.9149,426,28215,0.0315566,0.07,1,627562,627136,426
57907521,63.0257,65.183,423,28290,0.110311,0.03,1,627626,627203,423
57910441,14.2051,14.6366,423,28365,0.126062,0.03,1,627628,627205,423
57913361,26.041,2.92732,452,28440,0.145212,0.03,1,627657,627205,452
57916281,29.2082,23.7855,453,28514,0.181042,0.11,1,627687,627234,453
57919201,44.2416,27.9571,472,28588,0.204209,0.13,1,627735,627263,472
57922121,76.0483,43.1914,509,28662,0.240842,0.15,1,627819,627310,509
57925041,34.4097,75.0383,450,28736,0.248168,0.05,1,627843,627393,450
57927961,74.8819,38.2077,506,28810,0.153634,0.03,1,627928,627422,506
57930881,60.5764,75.6415,478,28883,0.134727,0.03,1,627985,627507,478
57933801,64.9153,59.1283,489,28956,0.178945,0.13,1,628051,627562,489
57936721,14.5831,63.0257,427,29029,0.187789,0.13,1,628053,627626,427
57939641,28.5166,14.2051,457,29102,0.221558,0.15,1,628085,627628,457
57942561,31.3033,26.041,460,29175,0.244312,0.19,1,628117,627657,460
57945481,46.2607,29.2082,480,29248,0.264862,0.21,1,628167,627687,480
57948401,77.2521,44.2416,517,29320,0.284972,0.25,1,628252,627735,517
57951321,33.0504,76.0483,455,29392,0.288994,0.25,1,628274,627819,455
57954241,69.8101,34.4097,510,29464,0.321799,0.13,1,628353,627843,510
57957161,61.962,74.8819,485,29536,0.34436,0.13,1,628413,627928,485
57960081,66.7924,60.5764,496,29608,0.332872,0.19,1,628481,627985,496
57963001,14.9585,64.9153,432,29679,0.330574,0.19,1,628483,628051,432
57965921,30.1917,14.5831,464,29750,0.346115,0.23,1,628517,628053,464
57968841,32.4383,28.5166,465,29821,0.381223,0.25,1,628550,628085,465
57971761,8.08767,31.3033,435,29892,0.388245,0.27,1,628552,628117,435
57974681,42.4175,46.2607,436,29963,0.405649,0.29,1,628603,628167,436
57977601,76.4835,77.2521,436,30034,0.42513,0.29,1,628688,628252,436
57980521,32.8967,33.0504,436,30104,0.429026,0.33,1,628710,628274,436
57983441,71.3793,69.8101,438,30174,0.381805,0.35,1,628791,628353,438
57986361,61.4759,61.962,437,30244,0.452361,0.33,1,628850,628413,437
57989281,67.4952,66.7924,438,30314,0.466472,0.33,1,628919,628481,438
57992201,15.099,14.9585,438,30384,0.469294,0.35,1,628921,628483,438
57995121,31.8198,30.1917,440,30454,0.469859,0.39,1,628957,628517,440
57998041,33.564,32.4383,441,30523,0.453972,0.39,1,628991,628550,441
58000961,8.31279,8.08767,441,30592,0.482794,0.41,1,628993,628552,441
58003881,41.6626,42.4175,440,30661,0.488559,0.43,1,629043,628603,440
58006801,77.1325,76.4835,441,30730,0.553712,0.43,1,629129,628688,441
58009721,33.0265,32.8967,441,30799,0.566742,0.37,1,629151,628710,441
58012641,70.6053,71.3793,440,30868,0.553348,0.47,1,629231,628791,440
58015561,63.7211,61.4759,443,30937,0.56667,0.47,1,629293,628850,443
58018481,69.5442,67.4952,445,31005,0.665334,0.47,1,629364,628919,445
58021401,15.5088,15.099,445,31073,0.685067,0.47,1,629366,628921,445
58024321,31.9018,31.8198,445,31141,0.689013,0.45,1,629402,628957,445
58027241,32.7804,33.564,444,31209,0.673803,0.49,1,629435,628991,444
58030161,8.15607,8.31279,444,31277,0.670761,0.49,1,629437,628993,444
58033081,42.4312,1.66256,495,31345,0.718152,0.49,1,629488,628993,495
58036001,78.8862,40.3325,533,31413,0.791631,0.57,2,629576,629043,533
58038921,33.3772,76.8665,469,31480,0.806326,0.57,2,629598,629129,469
58041841,71.4755,32.9733,528,31547,0.857265,0.55,2,629679,629151,528
58044761,64.6951,70.5947,511,31614,0.851453,0.57,2,629742,629231,511
58047681,72.939,63.7189,524,31681,0.914291,0.69,2,629817,629293,524
58050601,16.1878,69.5438,455,31748,0.926858,0.69,2,629819,629364,455
58053521,32.0376,15.5088,489,31815,0.929372,0.69,2,629855,629366,489
58056441,32.8075,31.9018,486,31881,0.945874,0.67,2,629888,629402,486
58059361,8.1615,32.7803,455,31947,0.949175,0.67,2,629890,629435,455
58190761,72,44,559,34801,0.61,1,1,631938,631379,559
58193681,60.8,88.8,517,34862,0.546,1,1,631996,631479,517
58196601,37.76,36.96,525,34923,0.5012,1,1,632028,631503,525
58199521,33.152,24.992,535,34984,0.47624,1,1,632060,631525,535
58202441,58.6304,43.3984,552,35044,0.487248,1,1,632125,631573,552
58205361,40.5261,66.2797,516,35104,0.45745,1,1,632161,631645,516
58208281,45.7052,56.4559,509,35164,0.46749,0.95,1,632208,631699,509
58211201,30.741,39.2912,501,35224,0.517498,0.95,1,632235,631734,501
58214121,20.5482,31.0582,490,35284,0.4955,0.99,1,632253,631763,490
58217041,28.1096,23.8116,498,35344,0.5551,0.81,1,632283,631785,498
58219961,40.0219,33.5623,505,35404,0.53502,0.87,1,632326,631821,505
58222881,60.0044,42.7125,525,35464,0.451004,0.61,1,632391,631866,525
58225801,55.2009,66.1425,507,35524,0.434201,0.53,1,632445,631938,507
58228721,35.0402,59.6285,479,35584,0.51084,0.49,1,632475,631996,479
58231641,32.608,37.5257,479,35643,0.542168,0.47,1,632507,632028,479
58234561,8.12161,33.1051,449,35702,0.516434,0.49,1,632509,632060,449
58237481,51.2243,58.621,446,35761,0.543287,0.45,1,632571,632125,446
58240401,34.2449,40.5242,440,35820,0.532657,0.47,1,632601,632161,440
58243321,50.049,45.7048,447,35879,0.562531,0.53,1,632655,632208,447
58246241,32.4098,30.741,448,35938,0.536506,0.49,1,632683,632235,448
58249161,19.282,20.5482,446,35997,0.499301,0.57,1,632699,632253,446
58252081,29.4564,28.1096,448,36056,0.53986,0.53,1,632731,632283,448
58255001,38.6913,40.0219,446,36115,0.531972,0.43,1,632772,632326,446
58257921,58.9383,60.0044,445,36174,0.562394,0.43,1,632836,632391,445
58260841,55.7877,55.2009,446,36232,0.584479,0.53,1,632891,632445,446
58263761,36.7575,35.0402,448,36290,0.588896,0.55,1,632923,632475,448
58266681,32.1515,32.608,447,36348,0.605779,0.51,1,632954,632507,447
58269601,8.0303,8.12161,447,36406,0.657156,0.55,1,632956,632509,447
58272521,52.0061,51.2243,448,36464,0.667431,0.53,1,633019,632571,448
58275441,34.4012,34.2449,448,36522,0.717486,0.57,1,633049,632601,448
58278361,50.0802,50.049,448,36580,0.743497,0.53,1,633103,632655,448
58281281,30.816,32.4098,446,36638,0.764699,0.49,2,633129,632683,446
58284201,18.9632,19.282,446,36696,0.78494,0.55,2,633145,632699,446
58287121,30.1926,29.4564,447,36754,0.740988,0.53,1,633178,632731,447
58290041,40.4385,38.6913,449,36811,0.748198,0.57,1,633221,632772,449
58292961,60.0877,58.9383,450,36868,0.79764,0.59,2,633286,632836,450
58295881,56.8175,55.7877,451,36925,0.871528,0.59,2,633342,632891,451
58298801,37.7635,36.7575,452,36982,0.886306,0.61,2,633375,632923,452
58301721,33.1527,32.1515,453,37039,0.873261,0.67,2,633407,632954,453
58304641,8.23054,8.0303,453,37096,0.870652,0.67,2,633409,632956,453
58529481,31,45,497,41251,0.79,1,2,636326,635829,497
58532401,46.2,33,517,41302,0.614,1,1,636376,635859,517
58535321,38.04,36.2,516,41353,0.4828,1,1,636412,635896,516
58538241,30.808,36.04,509,41404,0.36056,1,1,636441,635932,509
58541161,39.7616,32.808,519,41455,0.192112,1,1,636483,635964,519
58544081,35.9523,36.1616,517,41506,0.0624224,1,1,636518,636001,517
58547001,27.1905,36.0323,506,41557,0.0204845,1,1,636543,636037,506
58549921,27.0381,31.2065,503,41608,0.0440969,1,1,636570,636067,503
58552841,19.0076,31.0413,489,41659,0.00881938,1,1,636587,636098,489
58555761,31.0015,31.0083,492,41710,0.0257639,1,1,636621,636129,492
58558681,49.4003,51.8017,489,41761,0.0131528,0.94,1,636675,636186,489
58561601,26.6801,37.5603,476,41812,0.0746306,0.9,1,636696,636220,476
58564521,35.736,41.9121,471,41862,0.0229261,0.82,1,636734,636263,471
58567441,27.1472,33.9824,464,41912,0.0285852,0.79,1,636759,636295,464
58570361,27.8294,31.5965,461,41962,0.00571704,0.57,1,636787,636326,461
58573281,35.1659,46.3193,448,42012,0.0251434,0.45,1,636824,636376,448
58576201,31.0332,38.0639,442,42062,0.0450287,0.33,1,636854,636412,442
58579121,23.8066,30.8128,435,42112,0.0490057,0.15,1,636876,636441,435
58582041,33.5613,39.7626,429,42162,0.0818011,0.03,1,636912,636483,429
58584961,30.7123,35.9525,424,42212,0.0243602,0.01,1,636942,636518,424
58587881,24.5425,27.1905,422,42262,0.044872,0.05,1,636965,636543,422
58590801,26.5085,27.0381,422,42312,0.0489744,0,1,636992,636570,422
58593721,18.9017,19.0076,422,42362,0.0337949,0.03,1,637009,636587,422
58596641,31.7803,31.0015,423,42412,0.030759,0.01,1,637044,636621,423
58599561,51.9561,49.4003,426,42462,0.0301518,0.09,1,637101,636675,426
58602481,25.5912,26.6801,424,42512,0.0460304,0.01,1,637120,636696,424
58605401,33.9182,35.736,422,42562,0.00920607,0.03,1,637156,636734,422
58608321,27.5836,27.1472,423,42612,0.0898412,0,1,637182,636759,423
58611241,27.1167,27.8294,422,42662,0.0739682,0.03,1,637209,636787,422
58614161,35.0233,35.1659,422,42711,0.0867937,0.05,1,637246,636824,422
58617081,31.8047,31.0332,423,42760,0.0733587,0.05,1,637277,636854,423
58620001,23.9609,23.8066,423,42809,0.102672,0.09,1,637299,636876,423
58622921,35.1922,33.5613,425,42858,0.124534,0.01,1,637337,636912,425
58625841,29.4384,30.7123,423,42907,0.128907,0.05,1,637365,636942,423
58628761,23.4877,24.5425,422,42956,0.113781,0.05,1,637387,636965,422
58631681,26.2975,26.5085,422,43005,0.0947563,0.05,1,637414,636992,422
58634601,18.0595,5.3017,438,43054,0.0589513,0.03,1,637430,636992,438
58637521,31.6119,14.6603,456,43103,0.0677902,0.03,1,637465,637009,456
58640441,51.9224,30.9321,478,43152,0.021558,0.03,1,637522,637044,478
58643361,27.9845,51.7864,443,43201,0.0283116,0.05,1,637544,637101,443
58646281,31.9969,25.5573,457,43250,0.0456623,0,1,637577,637120,457
58649201,29.5994,33.9115,450,43299,0.0491325,0.11,1,637606,637156,450
58652121,25.1199,27.5823,448,43348,0.0178265,0.07,1,637630,637182,448
58655041,36.224,27.1165,460,43397,0.0435653,0.09,1,637669,637209,460
58657961,34.4448,35.0233,457,43446,0.0967131,0.07,1,637703,637246,457
58660881,25.289,31.8047,449,43495,0.0913426,0.11,1,637726,637277,449
58663801,33.8578,23.9609,463,43544,0.106269,0.13,1,637762,637299,463
58666721,29.9716,35.1922,454,43592,0.0932537,0.13,1,637791,637337,454
58669641,21.9943,29.4384,446,43640,0.122651,0.11,1,637811,637365,446
58672561,26.7989,23.4877,452,43688,0.12853,0.09,1,637839,637387,452
58675481,14.9598,26.2975,437,43736,0.145706,0.05,1,637851,637414,437
58678401,31.792,18.0595,457,43784,0.101141,0.07,1,637887,637430,457
58681321,53.5584,31.6119,481,43832,0.0282282,0.01,1,637946,637465,481
58684241,28.3117,51.9224,446,43880,0.0296456,0.03,1,637968,637522,446
58687161,29.6623,27.9845,454,43928,0.0459291,0.05,1,637998,637544,454
58690081,30.7325,31.9969,452,43976,0.0331858,0.05,1,638029,637577,452
58693001,24.5465,29.5994,446,44024,0.0146372,0.01,1,638052,637606,446
58695921,37.7093,25.1199,463,44072,0.0109274,0.05,1,638093,637630,463
58698841,36.3419,36.224,460,44120,0.0101855,0.11,1,638129,637669,460
58701761,24.8684,34.4448,448,44168,0.0420371,0.09,1,638151,637703,448
58704681,34.5737,25.289,462,44216,0.0324074,0.11,1,638188,637726,462
58707601,30.9147,33.8578,456,44264,0.0304815,0.09,1,638218,637762,456
58710521,22.1829,29.9716,447,44312,0.0460963,0.13,1,638238,637791,447
58713441,27.6366,21.9943,456,44360,0.0332193,0.13,1,638267,637811,456
58716361,14.3273,26.7989,439,44408,0.0626439,0.15,1,638278,637839,439
58719281,29.2655,14.9598,460,44456,0.0845288,0.09,1,638311,637851,460
58722201,7.45309,31.792,426,44503,0.0569058,0.01,1,638313,637887,426
58725121,46.2906,53.5584,423,44550,0.0673812,0.03,1,638369,637946,423
58728041,26.8581,28.3117,423,44597,0.0374762,0.05,1,638391,637968,423
58730961,30.1716,29.6623,424,44644,0.0954952,0.03,1,638422,637998,424
58733881,30.0343,30.7325,423,44691,0.0910991,0.01,1,638452,638029,423
58736801,24.4069,24.5465,423,44738,0.12222,0.01,1,638475,638052,423
58739721,36.8814,37.7093,422,44785,0.144444,0.01,1,638515,638093,422
58742641,37.7763,36.3419,424,44832,0.116889,0.05,1,638553,638129,424
58745561,25.1553,24.8684,424,44879,0.111378,0.03,1,638575,638151,424
58748481,33.8311,34.5737,423,44926,0.110276,0.03,1,638611,638188,423
58751401,31.5662,30.9147,424,44973,0.142055,0.05,1,638642,638218,424
58754321,22.3132,22.1829,424,45020,0.116411,0.03,1,638662,638238,424
58757241,27.6626,27.6366,424,45067,0.143282,0.07,1,638691,638267,424
58760161,15.1325,14.3273,425,45114,0.180656,0.09,1,638703,638278,425
58763081,28.6265,29.2655,424,45161,0.188131,0.05,1,638735,638311,424
58766001,7.3253,7.45309,424,45208,0.189626,0.07,1,638737,638313,424
58768921,45.4651,46.2906,423,45255,0.237925,0.03,1,638792,638369,423
58771841,26.693,26.8581,423,45302,0.263585,0.11,1,638814,638391,423
58774761,31.7386,30.1716,425,45349,0.284717,0.09,1,638847,638422,425
58777681,31.9477,30.0343,427,45396,0.288943,0.13,1,638879,638452,427
58780601,23.9895,24.4069,426,45442,0.289789,0.15,1,638901,638475,426
58783521,37.5979,36.8814,427,45488,0.305958,0.11,1,638942,638515,427
58786441,36.3196,37.7763,425,45534,0.309192,0.11,1,638978,638553,425
58789361,24.8639,25.1553,425,45580,0.325838,0.11,1,639000,638575,425
58792281,33.7728,33.8311,425,45626,0.345168,0.15,1,639036,638611,425
58795201,33.1546,31.5662,427,45672,0.397034,0.11,1,639069,638642,427
58798121,23.4309,22.3132,428,45718,0.423407,0.15,1,639090,638662,428
58801041,28.6862,27.6626,429,45764,0.428681,0.19,1,639120,638691,429
58803961,15.3372,15.1325,429,45810,0.461736,0.19,1,639132,638703,429
58806881,29.4674,28.6265,430,45856,0.452347,0.19,1,639165,638735,430
58809801,7.49349,7.3253,430,45902,0.466469,0.25,1,639167,638737,430
58812721,47.0987,45.4651,432,45948,0.469294,0.25,1,639224,638792,432
58815641,27.0197,9.09301,454,45994,0.485859,0.27,1,639246,638792,454
58818561,32.6039,19.4186,466,46040,0.489172,0.29,1,639280,638814,466
58821481,32.1208,30.2837,465,46086,0.489834,0.29,1,639312,638847,465
58824401,24.0242,31.6567,455,46132,0.505967,0.29,1,639334,638879,455
58827321,38.4048,23.9313,475,46178,0.541193,0.31,1,639376,638901,475
58830241,36.481,37.5863,470,46224,0.548239,0.31,1,639412,638942,470
58833161,25.6962,36.3173,457,46270,0.581648,0.33,1,639435,638978,457
58836081,36.3392,24.8635,474,46316,0.60433,0.35,1,639474,639000,474
58839001,36.0678,33.7727,474,46362,0.624866,0.41,1,639510,639036,474
58841921,24.8136,33.1545,463,46407,0.660973,0.43,1,639532,639069,463
58844841,28.9627,23.4309,472,46452,0.684195,0.43,1,639562,639090,472
58847761,15.3925,28.6862,454,46497,0.688839,0.47,1,639574,639120,454
58850681,31.0785,15.3372,477,46542,0.705768,0.45,1,639609,639132,477
58853601,7.8157,29.4674,446,46587,0.709154,0.47,1,639611,639165,446
58856521,47.1631,7.49349,501,46632,0.709831,0.47,1,639668,639167,501
58859441,27.8326,47.0987,467,46677,0.693966,0.49,1,639691,639224,467
58862361,32.7665,27.0197,479,46722,0.722793,0.49,1,639725,639246,479
58865281,32.1533,32.6039,477,46767,0.744559,0.49,1,639757,639280,477
58868201,24.8307,32.1208,468,46812,0.732912,0.51,1,639780,639312,468
58871121,40.1661,24.0242,490,46857,0.730582,0.55,1,639824,639334,490
58874041,37.6332,38.4048,485,46902,0.714116,0.55,1,639861,639376,485
58876961,26.7266,36.481,473,46947,0.758823,0.59,2,639885,639412,473
58879881,37.3453,25.6962,490,46992,0.767765,0.61,2,639925,639435,490
58882801,37.0691,36.3392,488,47037,0.785553,0.63,2,639962,639474,488
58885721,27.4138,36.0678,477,47082,0.741111,0.67,1,639987,639510,477
58888641,29.4828,24.8136,485,47127,0.748222,0.69,1,640017,639532,485
58891561,15.4966,28.9627,467,47172,0.749644,0.69,1,640029,639562,467
58894481,31.8993,15.3925,491,47217,0.765929,0.71,2,640065,639574,491
58897401,7.97986,31.0785,458,47262,0.769186,0.71,2,640067,639609,458
58900321,47.196,7.8157,513,47307,0.769837,0.71,2,640124,639611,513
58903241,27.8392,47.1631,479,47352,0.753967,0.69,2,640147,639668,479
58906161,7.16784,27.8326,458,47397,0.750793,0.73,2,640149,639691,458
58909081,28.6336,32.7665,458,47441,0.814159,0.75,2,640183,639725,458
58912001,32.1267,32.1533,459,47485,0.794832,0.73,2,640216,639757,459
58914921,24.0253,24.8307,458,47529,0.822966,0.73,2,640238,639780,458
58917841,40.0051,40.1661,458,47573,0.860593,0.71,2,640282,639824,458
58920761,38.401,37.6332,459,47617,0.868119,0.77,2,640320,639861,459
58923681,27.6802,26.7266,460,47661,0.885624,0.77,2,640345,639885,460
58926601,38.336,37.3453,461,47705,0.873125,0.79,2,640386,639925,461
58929521,37.2672,37.0691,461,47749,0.902625,0.73,2,640423,639962,461
58932441,25.0534,27.4138,458,47793,0.908525,0.75,2,640445,639987,458
58935361,29.8107,29.4828,459,47837,0.893705,0.75,2,640476,640017,459
58938281,15.5621,15.4966,459,47881,0.858741,0.77,2,640488,640029,459
58941201,32.7124,31.8993,460,47925,0.899748,0.77,2,640525,640065,460
58944121,8.14249,7.97986,460,47969,0.93995,0.77,2,640527,640067,460
58947041,47.2285,47.196,460,48013,0.94799,0.75,2,640584,640124,460
58949961,28.6457,27.8392,461,48057,0.949598,0.75,2,640608,640147,461
58952881,7.32914,7.16784,461,48101,0.91792,0.83,2,640610,640149,461
59116401,35,33,497,50496,0.63,1,1,642288,641791,497
59119321,34.2,37.8,492,50538,0.55,1,1,642322,641830,492
59122241,33.24,28.36,499,50580,0.518,1,1,642355,641856,499
59125161,20.248,28.072,488,50622,0.5276,1,1,642372,641884,488
59128081,34.4496,28.8144,497,50664,0.48152,1,1,642410,641913,497
59131001,30.8899,28.1629,499,50706,0.408304,1,1,642440,641941,499
59133921,22.178,28.0326,491,50748,0.297661,1,1,642460,641969,491
59136841,32.4356,33.6065,491,50790,0.211532,1,1,642495,642004,491
59139761,27.2871,28.3213,490,50831,0.162306,1,1,642521,642031,490
59142681,26.2574,26.4643,490,50872,0.120461,1,1,642547,642057,490
59145601,28.4515,34.0929,483,50913,0.128092,0.98,1,642576,642093,483
59148521,25.6903,33.2186,475,50954,0.0496185,0.97,1,642601,642126,475
59151441,17.9381,22.6437,471,50995,0.0819237,0.96,1,642617,642146,471
59154361,12.3876,18.1287,465,51036,0.0563847,1,1,642628,642163,465
59157281,26.4775,24.4257,469,51077,0.099277,0.93,1,642658,642189,469
59160201,30.0955,33.6852,464,51118,0.0758554,0.77,1,642689,642225,464
59163121,24.4191,29.137,459,51159,0.0711711,0.63,1,642712,642253,459
59166041,28.8838,33.8274,454,51200,0.166234,0.53,1,642742,642288,454
59168961,28.9768,33.9655,449,51241,0.105247,0.51,1,642771,642322,449
59171881,32.1954,33.1931,449,51282,0.109049,0.53,1,642804,642355,449
59174801,15.2391,20.2386,443,51323,0.0938099,0.47,1,642815,642372,443
59177721,30.2478,34.4477,439,51364,0.090762,0.39,1,642849,642410,439
59180641,25.2496,30.8895,433,51405,0.106152,0.27,1,642873,642440,433
59183561,19.4499,22.1779,431,51446,0.10923,0.19,1,642891,642460,431
59186481,31.09,32.4356,430,51487,0.141846,0.15,1,642925,642495,430
59189401,27.818,27.2871,431,51528,0.244369,0.11,1,642952,642521,431
59192321,25.5636,26.2574,430,51569,0.248874,0.13,1,642977,642547,430
59195241,24.3127,28.4515,425,51610,0.265775,0.03,1,643001,642576,425
59198161,22.4625,25.6903,422,51651,0.301155,0.09,1,643023,642601,422
59201081,18.0925,17.9381,423,51692,0.292231,0.05,1,643040,642617,423
59204001,11.6185,12.3876,422,51733,0.290446,0.11,1,643050,642628,422
59206921,27.9237,26.4775,424,51774,0.290089,0.11,1,643082,642658,424
59209841,31.1847,5.2955,456,51815,0.274018,0.07,1,643114,642658,456
59212761,25.4369,25.8591,449,51856,0.270804,0.07,1,643138,642689,449
59215681,29.0874,23.5718,456,51897,0.318161,0.19,1,643168,642712,456
59218601,29.8175,28.7144,456,51938,0.327632,0.09,1,643198,642742,456
59221521,29.9635,28.9429,457,51979,0.329526,0.11,1,643228,642771,457
59224441,15.5927,32.1886,436,52020,0.329905,0.09,1,643240,642804,436
59227361,30.3185,15.2377,459,52060,0.329981,0.09,1,643274,642815,459
59230281,26.0637,30.2475,450,52100,0.329996,0.11,1,643299,642849,450
59233201,22.0127,25.2495,447,52140,0.329999,0.11,1,643320,642873,447
59236121,31.6025,19.4499,463,52180,0.378,0.15,1,643354,642891,463
59239041,30.3205,31.09,459,52220,0.3556,0.27,1,643384,642925,459
59241961,26.0641,27.818,457,52260,0.38312,0.25,1,643409,642952,457
59244881,27.6128,25.5636,460,52300,0.388624,0.27,1,643437,642977,460
59247801,21.5226,24.3127,456,52340,0.405725,0.31,1,643457,643001,456
59250721,18.7045,22.4625,452,52380,0.409145,0.29,1,643475,643023,452
59253641,10.1409,18.0925,443,52420,0.409829,0.29,1,643483,643040,443
59256561,27.6282,11.6185,465,52460,0.409966,0.29,1,643515,643050,465
59259481,31.9256,27.9237,466,52500,0.409993,0.27,1,643548,643082,466
59262401,26.3851,31.1847,459,52540,0.409999,0.27,1,643573,643114,459
59265321,30.877,25.4369,467,52580,0.426,0.33,1,643605,643138,467
59268241,30.1754,29.0874,467,52620,0.4612,0.33,1,643635,643168,467
59271161,30.0351,29.8175,467,52660,0.48424,0.33,1,643665,643198,467
59274081,15.607,29.9635,449,52700,0.488848,0.33,1,643677,643228,449
59277001,30.3214,15.5927,471,52740,0.48977,0.33,1,643711,643240,471
59279921,26.0643,30.3185,462,52780,0.473954,0.33,1,643736,643274,462
59282841,22.0129,26.0637,458,52820,0.486791,0.33,1,643757,643299,458
59285761,32.4026,22.0127,472,52860,0.505358,0.39,1,643792,643320,472
59288681,30.4805,31.6025,468,52900,0.541072,0.35,1,643822,643354,468
59291601,27.6961,30.3205,465,52940,0.532214,0.39,1,643849,643384,465
59294521,28.7392,26.0641,469,52980,0.530443,0.39,1,643878,643409,469
59297441,21.7478,27.6128,461,53020,0.562089,0.41,1,643898,643437,461
59300361,18.7496,21.5226,459,53060,0.600418,0.41,1,643916,643457,459
59303281,10.1499,18.7045,449,53100,0.608084,0.41,1,643924,643475,449
59306201,27.63,10.1409,473,53140,0.609617,0.41,1,643956,643483,473
59309121,32.726,27.6282,475,53180,0.609923,0.41,1,643990,643515,475
59312041,25.7452,31.9256,466,53220,0.609985,0.41,1,644014,643548,466
59314961,6.74904,26.3851,443,53260,0.609997,0.43,1,644016,643573,443
59317881,27.7498,30.877,444,53300,0.625999,0.47,1,644049,643605,444
59320801,30.35,30.1754,445,53339,0.6612,0.49,1,644080,643635,445
59323721,30.87,30.0351,446,53378,0.65224,0.49,1,644111,643665,446
59326641,15.774,15.607,446,53417,0.650448,0.49,1,644123,643677,446
59329561,30.3548,30.3214,446,53456,0.66609,0.47,1,644157,643711,446
59332481,25.271,26.0643,445,53495,0.637218,0.49,1,644181,643736,445
59335401,22.6542,22.0129,446,53534,0.663444,0.51,1,644203,643757,446
59338321,34.1308,32.4026,448,53573,0.700689,0.55,1,644240,643792,448
59341241,31.6262,30.4805,449,53612,0.756138,0.53,2,644271,643822,449
59344161,27.9252,27.6961,449,53651,0.751228,0.53,2,644298,643849,449
59347081,29.585,28.7392,450,53690,0.718245,0.57,1,644328,643878,450
59350001,22.717,21.7478,451,53729,0.695649,0.61,1,644349,643898,451
59352921,19.7434,18.7496,452,53768,0.75513,0.61,2,644368,643916,452
59355841,10.3487,10.1499,452,53807,0.767026,0.61,2,644376,643924,452
59358761,27.6697,27.63,452,53846,0.737405,0.61,1,644408,643956,452
59361681,32.7339,32.726,452,53885,0.779481,0.61,2,644442,643990,452
59364601,25.7468,25.7452,452,53924,0.787896,0.61,2,644466,644014,452
59367521,6.74936,6.74904,452,53963,0.757579,0.63,2,644468,644016,452
59370441,26.9499,27.7498,451,54002,0.799516,0.67,2,644500,644049,451
59373361,31.79,30.35,453,54041,0.807903,0.65,2,644533,644080,453
59376281,30.358,30.87,452,54080,0.825581,0.65,2,644563,644111,452
59379201,15.6716,15.774,452,54119,0.861116,0.67,2,644575,644123,452
59382121,31.1343,30.3548,453,54158,0.868223,0.63,2,644610,644157,453
59385041,25.4269,25.271,453,54197,0.917645,0.67,2,644634,644181,453
59387961,22.6854,22.6542,453,54236,0.927529,0.71,2,644656,644203,453
59390881,37.3371,34.1308,457,54275,0.913506,0.77,2,644697,644240,457
59393801,33.0674,31.6262,458,54314,0.942701,0.75,2,644729,644271,458
59396721,27.4135,27.9252,457,54353,0.94854,0.71,2,644755,644298,457
59399641,27.8827,29.585,455,54392,0.949708,0.69,2,644783,644328,455
59402561,23.1765,22.717,456,54431,0.949942,0.77,2,644805,644349,456
59405481,21.4353,19.7434,458,54470,0.933988,0.77,2,644826,644368,458
59621561,88,96,447,26280,0.15,0.55,1,647226,646779,447
59646381,61.6,60.8,450,26280,0.23,0.61,1,647281,646831,450
59649301,20.32,21.76,448,26361,0.262,0.45,1,647291,646843,448
59652221,39.264,28.352,462,26441,0.2204,0.39,1,647335,646873,462
59655141,78.2528,51.2704,493,26521,0.26008,0.39,1,647423,646930,493
59658061,35.6506,64.6541,450,26601,0.268016,0.33,1,647448,646998,450
59660981,46.3301,39.3308,466,26681,0.253603,0.27,1,647497,647031,466
59663901,66.066,67.0662,463,26760,0.266721,0.19,1,647568,647105,463
59666821,66.8132,67.0132,463,26839,0.285344,0.15,1,647635,647172,463
59669741,45.3626,56.6026,449,26918,0.321069,0.19,1,647675,647226,449
59672661,41.0725,40.1205,453,26997,0.312214,0.27,1,647715,647262,453
59675581,16.2145,31.2241,434,27075,0.342443,0.21,1,647725,647291,434
59678501,38.4429,41.4448,434,27153,0.412489,0.27,1,647769,647335,434
59681421,79.6886,78.689,436,27231,0.394498,0.27,1,647859,647423,436
59684341,33.5377,35.7378,433,27309,0.3909,0.25,1,647881,647448,433
59687261,46.7075,46.3476,434,27387,0.42218,0.27,1,647931,647497,434
59690181,66.9415,66.0695,435,27464,0.460436,0.29,1,648003,647568,435
59693101,67.7883,66.8139,436,27541,0.468087,0.33,1,648071,647635,436
59696021,47.1577,45.3628,438,27618,0.485617,0.31,1,648113,647675,438
59698941,42.2315,41.0726,439,27695,0.473124,0.35,1,648154,647715,439
59701861,16.4463,16.2145,439,27771,0.486625,0.43,1,648164,647725,439
59704781,40.0893,38.4429,441,27847,0.537325,0.39,1,648210,647769,441
59707701,78.4179,79.6886,439,27923,0.515465,0.39,1,648298,647859,439
59710621,34.8836,33.5377,441,27999,0.543093,0.43,1,648322,647881,441
59713541,48.5767,46.7075,443,28075,0.564619,0.47,1,648374,647931,443
59716461,67.3153,66.9415,443,28150,0.616924,0.47,1,648446,648003,443
59719381,68.6631,67.7883,444,28225,0.643385,0.49,1,648515,648071,444
59722301,47.3326,47.1577,444,28300,0.664677,0.47,1,648557,648113,444
59725221,43.8665,42.2315,446,28375,0.652935,0.47,1,648600,648154,446
59728141,16.7733,8.44631,456,28450,0.618587,0.49,1,648610,648154,456
59731061,40.1547,9.68926,492,28524,0.659717,0.55,1,648656,648164,492
59733981,78.4309,38.7379,534,28598,0.699943,0.51,1,648744,648210,534
59736901,35.6862,78.1476,471,28672,0.755989,0.55,2,648769,648298,471
59739821,50.3372,34.8295,501,28746,0.767198,0.57,2,648823,648322,501
59742741,69.2674,48.5659,523,28820,0.81744,0.63,2,648897,648374,523
59745661,70.6535,67.3132,522,28893,0.843488,0.65,2,648968,648446,522
59748581,48.5307,68.6626,496,28966,0.832698,0.67,2,649011,648515,496
59751501,41.7061,47.3325,494,29039,0.84654,0.65,2,649051,648557,494
59754421,16.3412,43.8665,461,29112,0.849308,0.61,2,649061,648600,461
59757341,42.4682,16.7733,500,29185,0.865862,0.67,2,649110,648610,500
59879981,36,52,509,32088,0.69,1,1,651126,650617,509
59882901,52.8,37.6,532,32154,0.546,1,1,651183,650651,532
59885821,56.16,53.12,532,32220,0.4852,1,1,651240,650708,532
59888741,82.432,61.024,558,32286,0.40904,1,1,651329,650771,558
59891661,42.0864,85.8048,498,32352,0.409808,1,1,651361,650863,498
59894581,64.4173,45.161,533,32417,0.409962,0.91,1,651431,650898,533
59897501,32.0835,57.8322,496,32482,0.425992,0.91,1,651455,650959,496
59900421,27.2167,36.3664,491,32547,0.477198,0.95,1,651481,650990,491
59903341,30.2433,29.6733,494,32612,0.48744,0.75,1,651512,651018,494
59906261,32.4487,31.5347,495,32677,0.441488,0.73,1,651545,651050,495
59909181,32.0897,38.3069,487,32742,0.464298,0.69,1,651577,651090,487
59912101,8.01795,36.4614,453,32807,0.46886,0.51,1,651579,651126,453
59915021,44.0036,52.8923,449,32871,0.549772,0.47,1,651632,651183,449
59917941,50.4007,56.1785,444,32935,0.533954,0.39,1,651684,651240,444
59920861,77.2801,82.4357,439,32999,0.562791,0.41,1,651768,651329,439
59923781,41.856,42.0871,440,33063,0.648558,0.41,1,651801,651361,440
59926701,65.9712,64.4174,442,33127,0.665712,0.43,1,651873,651431,442
59929621,34.7942,32.0835,445,33191,0.653142,0.49,1,651900,651455,445
59932541,27.7588,27.2167,445,33255,0.682628,0.49,1,651926,651481,445
59935461,28.7518,30.2433,443,33319,0.672526,0.43,1,651955,651512,443
59938381,32.1504,32.4487,443,33382,0.654505,0.47,1,651988,651545,443
59941301,33.6301,32.0897,445,33445,0.698901,0.47,1,652022,651577,445
59944221,8.32601,8.01795,445,33508,0.70778,0.57,1,652024,651579,445
59947141,46.4652,44.0036,448,33571,0.709556,0.53,1,652080,651632,448
59950061,50.093,50.4007,447,33634,0.741911,0.57,1,652131,651684,447
59952981,79.6186,77.2801,450,33697,0.764382,0.67,2,652218,651768,450
59955901,45.5237,41.856,454,33760,0.784876,0.67,2,652255,651801,454
59958821,65.9047,65.9712,453,33823,0.772975,0.65,2,652326,651873,453
59961741,35.5809,34.7942,454,33886,0.786595,0.69,2,652354,651900,454
59964661,27.9162,27.7588,454,33948,0.805319,0.67,2,652380,651926,454
59967581,29.5832,28.7518,455,34010,0.809064,0.65,2,652410,651955,455
59970501,31.5166,32.1504,454,34072,0.809813,0.71,2,652442,651988,454
59973421,35.9033,33.6301,457,34134,0.841963,0.71,2,652479,652022,457
59976341,8.78067,8.32601,457,34196,0.848392,0.71,2,652481,652024,457
59979261,46.5561,46.4652,457,34258,0.881679,0.71,2,652537,652080,457
59982181,49.3112,9.29304,507,34320,0.840336,0.75,2,652587,652080,507
59985101,80.2622,42.6586,544,34382,0.864067,0.77,2,652675,652131,544
59988021,46.4524,78.1317,495,34443,0.852813,0.79,2,652713,652218,495
59990941,67.6905,45.2263,531,34504,0.882563,0.77,2,652786,652255,531
60128181,63,41,549,37274,0.75,0.9,2,654689,654140,549
60131101,41.4,60.2,520,37331,0.654,1,1,654725,654205,520
60134021,37.88,56.04,502,37388,0.5868,1,1,654762,654260,502
60136941,34.776,37.608,503,37445,0.58936,1,1,654796,654293,503
60139861,28.5552,28.3216,504,37501,0.525872,1,1,654823,654319,504
60142781,32.111,28.8643,508,37557,0.577174,0.95,1,654856,654348,508
60145701,33.6222,36.9729,503,37613,0.587435,0.99,1,654890,654387,503
60148621,28.3244,32.9946,498,37669,0.573487,0.92,1,654917,654419,498
60151541,42.4649,25.7989,520,37725,0.570697,0.97,1,654963,654443,520
60154461,34.893,50.7598,496,37781,0.554139,0.9,1,654996,654500,496
60157381,54.1786,38.952,519,37837,0.550828,0.91,1,655055,654536,519
60160301,39.6357,51.7904,500,37893,0.566166,0.93,1,655091,654591,500
60163221,51.1271,38.3581,519,37949,0.585233,0.75,1,655145,654626,519
60166141,35.8254,58.0716,488,38005,0.621047,0.63,1,655177,654689,488
60169061,34.3651,40.4143,486,38061,0.660209,0.57,1,655211,654725,486
60171981,33.273,37.6829,482,38117,0.652042,0.59,1,655244,654762,482
60174901,27.4546,34.7366,474,38172,0.634408,0.51,1,655270,654796,474
60177821,32.6909,28.5473,481,38227,0.710882,0.59,1,655304,654823,481
60180741,35.3382,32.1095,484,38282,0.774176,0.59,2,655340,654856,484
60183661,26.2676,33.6219,474,38337,0.786835,0.57,2,655364,654890,474
60186581,42.0535,28.3244,493,38392,0.789367,0.57,2,655410,654917,493
60189501,36.4107,42.4649,482,38447,0.805873,0.55,2,655445,654963,482
60192421,54.4821,34.893,508,38502,0.825175,0.55,2,655504,654996,508
60195341,40.4964,54.1786,486,38557,0.845035,0.57,2,655541,655055,486
60198261,51.2993,39.6357,504,38612,0.881007,0.59,2,655595,655091,504
60201181,11.8599,51.1271,452,38667,0.888201,0.63,2,655597,655145,452
60204101,28.772,35.8254,453,38722,0.90564,0.67,2,655630,655177,453
60207021,32.9544,34.3651,453,38777,0.909128,0.65,2,655664,655211,453
60209941,34.5909,33.273,455,38831,0.893826,0.63,2,655699,655244,455
60212861,27.7182,27.4546,455,38885,0.890765,0.73,2,655725,655270,455
60215781,35.9436,32.6909,459,38939,0.906153,0.79,2,655763,655304,459
60468361,87,96,507,19925,0.47,0.75,1,659019,658512,507
60471281,78.2,81.6,505,20031,0.502,0.73,1,659095,658590,505
60474201,56.44,76.32,481,20137,0.5244,0.57,1,659146,658665,481
60477121,57.688,56.064,488,20242,0.51288,0.59,1,659204,658716,488
60480041,19.5376,44.0128,457,20347,0.542576,0.41,1,659214,658757,457
60482961,135.108,32.0026,592,20451,0.676515,0.45,1,659378,658786,592
60485881,95.0215,123.201,531,20555,0.735303,0.47,1,659463,658932,531
60488801,81.4043,94.2401,522,20658,0.779061,0.51,2,659541,659019,522
60491721,57.8809,79.648,498,20761,0.787812,0.53,2,659593,659095,498
60494641,58.7762,56.7296,506,20863,0.805562,0.51,2,659652,659146,506
60497561,19.7552,57.7459,458,20965,0.809112,0.55,2,659662,659204,458
60500481,5.55105,19.5492,450,21066,0.809823,0.71,2,659664,659214,450
60503401,137.91,135.11,457,21167,0.857964,0.75,2,659835,659378,457
60614361,33,31,490,24687,0.69,1,1,662307,661817,490
60617281,69.8,79.8,477,24773,0.61,1,1,662386,661909,477
60620201,55.56,45.56,492,24859,0.37,1,1,662438,661946,492
60623121,67.112,69.112,487,24944,0.114,1,1,662508,662021,487
60626041,48.6224,44.2224,493,25029,0.0468,1,1,662552,662059,493
60628961,32.9245,40.8445,482,25114,0.03336,0.84,1,662581,662099,482
60631881,100.185,117.769,462,25198,0.014672,0.81,1,662698,662236,462
60634801,48.837,53.9538,460,25282,0.0109344,0.69,1,662734,662274,460
60637721,32.9674,37.1908,456,25366,0.0421869,0.59,1,662763,662307,456
60640641,64.1935,70.6382,449,25450,0.0644374,0.59,1,662835,662386,449
60643561,39.2387,14.1276,482,25533,0.0688875,0.31,1,662868,662386,482
60646481,59.8477,44.4255,495,25616,0.0137775,0.05,1,662933,662438,495
60649401,45.5695,64.8851,467,25699,0.0587555,0.03,1,662975,662508,467
60652321,30.7139,48.177,450,25781,0.0117511,0.03,1,663002,662552,450
60655241,99.7428,32.8354,538,25863,0.00235022,0.01,1,663119,662581,538
60658161,48.7486,100.167,457,25945,0.02447,0.01,1,663155,662698,457
60661081,32.9497,48.8334,450,26027,0.044894,0.05,1,663184,662734,450
60664001,65.7899,32.9667,495,26108,0.0649788,0.07,1,663258,662763,495
60666921,41.958,64.1933,459,26189,0.0849958,0.07,1,663294,662835,459
60669841,57.9916,39.2387,488,26270,0.0249992,0,1,663356,662868,488
60672761,43.5983,59.8477,463,26351,0.0129998,0.07,1,663396,662933,463
60675681,31.9197,45.5695,450,26431,0.0266,0,1,663425,662975,450
60678601,98.3839,30.7139,538,26511,0.01332,0,1,663540,663002,538
60681521,48.4768,99.7428,457,26591,0.002664,0.03,1,663576,663119,457
60684441,32.8954,48.7486,450,26671,0.0245328,0.05,1,663605,663155,450
60687361,70.5791,32.9497,501,26750,0.0289066,0.07,1,663685,663184,501
60690281,43.7158,65.7899,464,26829,0.0777813,0.09,1,663722,663258,464
60693201,53.5432,41.958,484,26908,0.119556,0.01,1,663778,663294,484
60696121,12.3086,57.9916,424,26987,0.0959113,0.01,1,663780,663356,424
60699041,32.8617,43.5983,422,27065,0.0191822,0.03,1,663818,663396,422
60701961,30.5723,31.9197,423,27143,0.0278365,0.01,1,663848,663425,423
60704881,97.3145,98.3839,422,27221,0.0135673,0,1,663962,663540,422
60707801,49.8629,48.4768,424,27299,0.00271346,0.03,1,664000,663576,424
60710721,32.3726,32.8954,423,27377,0.0405427,0.03,1,664028,663605,423
60713641,72.0745,70.5791,425,27454,0.0321085,0.09,1,664110,663685,425
60716561,46.4149,43.7158,428,27531,0.0304217,0.13,1,664150,663722,428
60719481,53.283,53.5432,427,27608,0.0780843,0.09,1,664205,663778,427
60722401,12.2566,12.3086,427,27685,0.0876169,0,1,664207,663780,427
60725321,28.8513,32.8617,422,27761,0.137523,0.03,1,664240,663818,422
60728241,30.5703,30.5723,423,27837,0.0995047,0.01,1,664271,663848,423
60731161,96.5141,97.3145,422,27913,0.0199009,0,1,664384,663962,422
60734081,49.7028,49.8629,422,27989,0.00398019,0.05,1,664422,664000,422
60737001,33.1406,32.3726,423,28065,0.024796,0.03,1,664451,664028,423
60739921,71.4281,72.0745,422,28140,0.0289592,0.03,1,664532,664110,422
60742841,47.0856,46.4149,423,28215,0.0617918,0.09,1,664573,664150,423
60745761,55.8171,53.283,426,28290,0.0523584,0.09,1,664631,664205,426
60748681,12.7634,12.2566,426,28365,0.0824717,0.09,1,664633,664207,426
60751601,28.9527,2.45132,459,28440,0.0724943,0.15,1,664666,664207,459
60754521,28.1905,26.8903,454,28514,0.102499,0.09,1,664694,664240,454
60757441,94.4381,30.1781,534,28588,0.0284998,0,1,664805,664271,534
60760361,49.2876,96.4356,459,28662,0.0297,0,1,664843,664384,459
60763281,33.0575,49.6871,450,28736,0.06194,0.03,1,664872,664422,450
60766201,71.4115,33.1374,502,28810,0.020388,0.03,1,664953,664451,502
60769121,47.8823,71.4275,463,28883,0.0280776,0.07,1,664995,664532,463
60772041,56.7765,47.0855,481,28956,0.0616155,0.05,1,665054,664573,481
60774961,12.9553,55.8171,425,29029,0.0683231,0.09,1,665056,664631,425
60777881,31.3911,12.7634,459,29102,0.133665,0.07,1,665092,664633,459
60780801,28.6782,28.9527,454,29175,0.178733,0.11,1,665120,664666,454
60783721,90.5356,28.1905,532,29248,0.219747,0.01,1,665226,664694,532
60786641,50.1071,94.4381,461,29320,0.0999493,0.03,1,665266,664805,461
60789561,34.0214,49.2876,453,29392,0.0919899,0.07,1,665296,664843,453
60792481,70.0043,33.0575,503,29464,0.074398,0.01,1,665375,664872,503
60795401,47.6009,71.4115,464,29536,0.0388796,0.03,1,665417,664953,464
60798321,58.3202,47.8823,483,29608,0.0477759,0.07,1,665478,664995,483
60801241,13.264,56.7765,426,29679,0.0495552,0.07,1,665480,665054,426
60804161,36.2528,12.9553,466,29750,0.081911,0.15,1,665522,665056,466
60807081,29.6506,31.3911,458,29821,0.0883822,0.19,1,665550,665092,458
60810001,7.53011,28.6782,432,29892,0.105676,0.23,1,665552,665120,432
60812921,85.506,90.5356,431,29963,0.109135,0.07,1,665657,665226,431
60815841,42.7012,50.1071,423,30034,0.125827,0.09,1,665689,665266,423
60818761,34.9402,34.0214,426,30104,0.177165,0.07,1,665722,665296,426
60821681,67.788,70.0043,423,30174,0.0754331,0.03,1,665798,665375,423
60824601,47.1576,47.6009,423,30244,0.0550866,0.05,1,665840,665417,423
60827521,59.0315,58.3202,424,30314,0.0830173,0.05,1,665902,665478,424
60830441,13.4063,13.264,424,30384,0.0566035,0.09,1,665904,665480,424
60833361,37.8813,36.2528,426,30454,0.0193207,0.09,1,665948,665522,426
60836281,30.7763,29.6506,427,30523,0.0438641,0.11,1,665977,665550,427
60839201,7.75525,7.53011,427,30592,0.0647728,0.11,1,665979,665552,427
60842121,85.551,85.506,427,30661,0.100955,0.13,1,666084,665657,427
60845041,43.5102,42.7012,428,30730,0.0761909,0.19,1,666117,665689,428
60847961,36.702,34.9402,430,30799,0.103238,0.05,1,666152,665722,430
60850881,61.7404,67.788,422,30868,0.124648,0.05,1,666220,665798,422
60853801,47.5481,47.1576,424,30937,0.16093,0.09,1,666264,665840,424
60856721,59.9096,59.0315,425,31005,0.152186,0.05,1,666327,665902,425
60859641,13.5819,13.4063,425,31073,0.150437,0.01,1,666329,665904,425
60862561,35.5164,37.8813,422,31141,0.134087,0.05,1,666370,665948,422
60865481,31.1033,30.7763,423,31209,0.0988175,0.07,1,666400,665977,423
60868401,7.82065,7.75525,423,31277,0.0917635,0.07,1,666402,665979,423
60871321,87.1641,1.55105,530,31345,0.170353,0.11,1,666509,665979,530
60874241,43.0328,84.3102,457,31413,0.186071,0.07,1,666541,666084,457
60877161,38.2066,43.262,461,31480,0.189214,0.11,1,666578,666117,461
60880081,62.8413,36.6524,495,31547,0.253843,0.13,1,666647,666152,495
60883001,47.7683,61.7305,471,31614,0.282769,0.17,1,666691,666220,471
60885921,59.1537,47.5461,489,31681,0.304554,0.15,1,666753,666264,489
60888841,13.4307,59.9092,428,31748,0.308911,0.15,1,666755,666327,428
60891761,34.6861,13.5818,466,31815,0.325782,0.13,1,666795,666329,466
60894681,30.9372,35.5164,455,31881,0.345156,0.09,1,666825,666370,455
60897601,7.78745,31.1033,427,31947,0.349031,0.09,1,666827,666400,427
60900521,91.1575,7.82065,537,32013,0.477806,0.19,1,666939,666402,537
60903441,43.8315,87.1641,462,32079,0.519561,0.19,1,666971,666509,462
60906361,38.3663,43.0328,467,32145,0.575912,0.19,1,667008,666541,467
60909281,66.0733,38.2066,503,32211,0.603182,0.27,1,667081,666578,503
60912201,49.2147,62.8413,479,32277,0.592636,0.29,1,667126,666647,479
60915121,60.2429,47.7683,498,32343,0.606527,0.31,1,667189,666691,498
60918041,14.4486,59.1537,439,32408,0.593305,0.31,1,667192,666753,439
60920961,35.6897,13.4307,478,32473,0.574661,0.33,1,667233,666755,478
60923881,31.9379,34.6861,469,32538,0.586932,0.35,1,667264,666795,469
60926801,7.98759,30.9372,441,32603,0.589386,0.35,1,667266,666825,441
60929721,97.5975,7.78745,559,32668,0.653877,0.51,1,667386,666827,559
60932641,45.1195,91.1575,479,32733,0.666776,0.53,1,667418,666939,479
60935561,10.6239,43.8315,449,32798,0.685355,0.59,1,667420,666971,449
60938481,33.3248,38.3663,451,32862,0.705071,0.61,1,667459,667008,451
60941401,65.865,66.0733,452,32926,0.741014,0.59,1,667533,667081,452
60944321,48.373,49.2147,451,32990,0.748203,0.61,1,667577,667126,451
60947241,60.8746,60.2429,452,33054,0.797641,0.59,2,667641,667189,452
60950161,13.7749,14.4486,451,33118,0.775528,0.57,2,667643,667192,451
60953081,36.355,35.6897,452,33182,0.787106,0.59,2,667685,667233,452
60956001,31.271,31.9379,451,33246,0.837421,0.59,2,667715,667264,451
60958921,7.8542,7.98759,451,33310,0.847484,0.67,2,667717,667266,451
60961841,100.771,97.5975,455,33373,0.849497,0.67,2,667841,667386,455
60964761,46.5542,45.1195,456,33436,0.801899,0.69,2,667874,667418,456
60967681,10.9108,10.6239,456,33499,0.82438,0.71,2,667876,667420,456
60970601,32.5822,33.3248,455,33562,0.860876,0.75,2,667914,667459,455
60973521,67.3164,65.865,457,33625,0.868175,0.75,2,667990,667533,457
60976441,50.2633,48.373,459,33688,0.901635,0.81,2,668036,667577,459
60979361,62.8527,60.8746,461,33751,0.924327,0.77,2,668102,667641,461
60982281,14.1705,13.7749,461,33814,0.928865,0.79,2,668104,667643,461
60985201,36.4341,36.355,461,33877,0.937773,0.85,2,668146,667685,461
60988121,32.8868,31.271,463,33939,0.931555,0.85,2,668178,667715,463
60991041,8.17736,7.8542,463,34001,0.930311,0.85,2,668180,667717,463
60993961,100.035,100.771,462,34063,0.930062,0.79,2,668303,667841,462
61110761,38,29,496,36464,0.85,1,2,669951,669455,496
61113681,52.4,57.8,487,36522,0.786,1,2,670007,669520,487
61116601,43.28,34.76,499,36580,0.6772,1,1,670048,669549,499
61119521,33.456,28.552,503,36638,0.62344,1,1,670079,669576,503
61122441,28.2912,26.5104,504,36696,0.548688,1,1,670106,669602,504
61125361,22.4582,30.1021,494,36754,0.501738,1,1,670127,669633,494
61128281,59.6916,77.2204,474,36811,0.412348,0.96,1,670196,669722,474
61131201,48.7383,45.0441,483,36868,0.33047,1,1,670242,669759,483
61134121,35.3477,28.2088,491,36925,0.346094,1,1,670274,669783,491
61137041,28.6695,25.6418,493,36982,0.269219,0.83,1,670301,669808,493
61139961,44.1339,59.5284,473,37039,0.269844,0.89,1,670349,669876,473
61142881,34.4268,41.5057,468,37096,0.237969,0.85,1,670381,669913,468
61145801,31.6854,38.7011,461,37153,0.311594,0.85,1,670412,669951,461
61148721,46.3371,7.74023,511,37210,0.262319,0.77,1,670462,669951,511
61151641,37.2674,46.348,490,37267,0.284464,0.65,1,670497,670007,490
61154561,30.6535,42.0696,478,37324,0.272893,0.61,1,670526,670048,478
61157481,26.1307,33.2139,472,37381,0.350579,0.53,1,670551,670079,472
61160401,18.8261,28.2428,462,37438,0.318116,0.49,1,670568,670106,462
61163321,58.9652,22.4486,510,37494,0.279623,0.39,1,670637,670127,510
61166241,42.993,59.6897,480,37550,0.351925,0.31,1,670676,670196,480
61169161,36.5986,48.7379,469,37606,0.414385,0.35,1,670711,670242,469
61172081,26.5197,35.3476,461,37662,0.426877,0.25,1,670735,670274,461
61175001,42.1039,28.6695,480,37718,0.461375,0.27,1,670781,670301,480
61177921,34.0208,44.1339,464,37774,0.484275,0.23,1,670813,670349,464
61180841,34.0042,34.4268,466,37830,0.504855,0.33,1,670847,670381,466
61183761,46.0008,31.6854,484,37886,0.524971,0.25,1,670896,670412,484
61186681,37.2002,46.3371,469,37942,0.528994,0.29,1,670931,670462,469
61189601,31.44,37.2674,464,37998,0.561799,0.27,1,670961,670497,464
61192521,27.888,30.6535,462,38054,0.61636,0.37,1,670988,670526,462
61195441,18.3776,26.1307,453,38110,0.627272,0.31,1,671004,670551,453
61198361,59.6755,18.8261,506,38165,0.629454,0.27,1,671074,670568,506
61201281,44.7351,58.9652,478,38220,0.613891,0.37,1,671115,670637,478
61204201,39.347,42.993,477,38275,0.642778,0.43,1,671153,670676,477
61207121,25.4694,36.5986,464,38330,0.648556,0.43,1,671175,670711,464
61210041,45.0939,26.5197,490,38385,0.617711,0.47,1,671225,670735,490
61212961,35.4188,42.1039,477,38440,0.643542,0.49,1,671258,670781,477
61215881,35.0838,34.0208,480,38495,0.648708,0.51,1,671293,670813,480
61218801,47.8167,34.0042,497,38550,0.665742,0.53,1,671344,670847,497
61221721,38.3634,46.0008,484,38605,0.653148,0.53,1,671380,670896,484
61224641,9.27267,37.2002,451,38660,0.65063,0.57,1,671382,670931,451
61227561,27.4545,31.44,453,38715,0.682126,0.63,1,671414,670961,453
61230481,27.0909,27.888,453,38770,0.672425,0.63,1,671441,670988,453
61233401,18.2182,18.3776,453,38824,0.686485,0.63,1,671457,671004,453
61236321,59.6436,59.6755,453,38878,0.721297,0.61,1,671527,671074,453
61239241,43.9287,44.7351,452,38932,0.776259,0.65,2,671567,671115,452
61242161,40.7857,39.347,454,38986,0.803252,0.65,2,671607,671153,454
61245081,25.7571,25.4694,454,39040,0.79265,0.61,2,671629,671175,454
61248001,43.5514,45.0939,452,39094,0.82253,0.65,2,671677,671225,452
61250921,36.7103,35.4188,454,39148,0.860506,0.65,2,671712,671258,454
61253841,35.3421,35.0838,454,39202,0.916101,0.67,2,671747,671293,454
61256761,47.0684,47.8167,453,39256,0.94322,0.65,2,671797,671344,453
61259681,39.0137,38.3634,454,39310,0.932644,0.65,2,671834,671380,454
61262601,9.40274,9.27267,454,39364,0.930529,0.69,2,671836,671382,454
61265521,27.4805,27.4545,454,39418,0.930106,0.67,2,671868,671414,454
61268441,28.6961,27.0909,456,39472,0.930021,0.69,2,671897,671441,456
61431961,34,31,509,42362,0.93,1,2,673936,673427,509
61434881,27.6,36.6,497,42412,0.858,1,2,673962,673465,497
61437801,30.32,33.72,495,42462,0.8516,1,2,673993,673498,495
61440721,29.264,29.944,495,42512,0.75432,1,2,674022,673527,495
61443641,34.6528,41.9888,486,42562,0.686864,1,1,674058,673572,486
61446561,31.7306,33.1978,486,42612,0.641373,1,1,674089,673603,486
61449481,41.5461,34.6396,495,42662,0.520275,1,1,674133,673638,495
61452401,47.5092,56.5279,482,42711,0.352055,1,1,674182,673700,482
61455321,31.9018,36.9056,478,42760,0.350411,0.96,1,674210,673732,478
61458241,47.9804,40.1811,489,42809,0.110082,1,1,674262,673773,489
61461161,33.5961,33.6362,487,42858,0.0620164,1,1,674292,673805,487
61464081,27.5192,34.7272,478,42907,0.116403,0.91,1,674318,673840,478
61467001,26.3038,29.3454,476,42956,0.0792807,0.96,1,674344,673868,476
61469921,30.8608,33.0691,474,43005,0.0398561,0.96,1,674376,673902,474
61472841,29.3722,6.61382,503,43054,0.0319712,0.93,1,674405,673902,503
61475761,25.0744,28.5228,493,43103,0.0463942,0.84,1,674429,673936,493
61478681,26.6149,26.5046,494,43152,0.0652789,0.85,1,674456,673962,494
61481601,24.523,30.1009,487,43201,0.0530558,0.73,1,674480,673993,487
61484521,30.5046,29.2202,490,43250,0.0666111,0.67,1,674512,674022,490
61487441,26.1009,34.644,479,43299,0.0373222,0.63,1,674537,674058,479
61490361,34.8202,31.7288,485,43348,0.0954644,0.49,1,674574,674089,485
61493281,43.764,41.5458,487,43397,0.0750929,0.31,1,674620,674133,487
61496201,28.7528,47.5092,463,43446,0.0550186,0.35,1,674645,674182,463
61499121,37.7506,31.9018,475,43495,0.115004,0.05,1,674685,674210,475
61502041,32.3501,47.9804,454,43544,0.127001,0.05,1,674716,674262,454
61504961,25.67,33.5961,448,43592,0.0974002,0.13,1,674740,674292,448
61507881,25.134,27.5192,447,43640,0.10748,0.07,1,674765,674318,447
61510801,30.6268,26.3038,453,43688,0.045496,0.03,1,674797,674344,453
61513721,30.9254,30.8608,452,43736,0.0170992,0.03,1,674828,674376,452
61516641,25.3851,29.3722,447,43784,0.0274198,0.05,1,674852,674405,447
61519561,25.077,25.0744,448,43832,0.109484,0.07,1,674877,674429,448
61522481,26.6154,26.6149,448,43880,0.0938968,0.05,1,674904,674456,448
61525401,29.3231,24.523,454,43928,0.106779,0.07,1,674934,674480,454
61528321,26.6646,30.5046,448,43976,0.125356,0.03,1,674960,674512,448
61531241,37.3329,26.1009,463,44024,0.0970712,0.11,1,675000,674537,463
61534161,42.6666,34.8202,470,44072,0.107414,0.07,1,675044,674574,470
61537081,31.7333,43.764,453,44120,0.109483,0.05,1,675073,674620,453
61540001,35.9467,28.7528,465,44168,0.125897,0.13,1,675110,674645,465
61542921,33.5893,37.7506,458,44216,0.145179,0.13,1,675143,674685,458
61545841,23.5179,32.3501,448,44264,0.165036,0.09,1,675164,674716,448
61548761,26.3036,25.67,451,44312,0.169007,0.11,1,675191,674740,451
61551681,27.6607,25.134,454,44360,0.169801,0.03,1,675219,674765,454
61554601,30.3321,30.6268,453,44408,0.15396,0.01,1,675250,674797,453
61557521,25.2664,30.9254,446,44456,0.150792,0.03,1,675274,674828,446
61560441,6.65329,25.3851,424,44503,0.150158,0.13,1,675276,674852,424
61563361,22.9307,25.077,426,44550,0.134032,0.09,1,675303,674877,426
61566281,26.1861,26.6154,426,44597,0.0828063,0.11,1,675330,674904,426
61569201,30.0372,29.3231,427,44644,0.136561,0.13,1,675361,674934,427
61572121,27.6074,26.6646,428,44691,0.147312,0.09,1,675388,674960,428
61575041,35.9215,37.3329,426,44738,0.197462,0.11,1,675426,675000,426
61577961,43.1843,42.6666,427,44785,0.239492,0.11,1,675471,675044,427
61580881,31.8369,31.7333,427,44832,0.279899,0.13,1,675500,675073,427
61583801,36.7674,35.9467,428,44879,0.27198,0.15,1,675538,675110,428
61586721,34.5535,33.5893,429,44926,0.302396,0.17,1,675572,675143,429
61589641,22.9107,23.5179,428,44973,0.308479,0.17,1,675592,675164,428
61592561,27.7821,26.3036,430,45020,0.293696,0.17,1,675621,675191,430
61595481,27.9564,27.6607,430,45067,0.338739,0.15,1,675649,675219,430
61598401,29.5913,30.3321,429,45114,0.363748,0.15,1,675679,675250,429
61601321,23.5183,25.2664,427,45161,0.38475,0.15,1,675701,675274,427
61604241,6.30365,6.65329,427,45208,0.35695,0.13,1,675703,675276,427
61607161,22.0607,22.9307,426,45255,0.36739,0.07,1,675729,675303,426
61610081,25.2121,26.1861,425,45302,0.401478,0.15,1,675755,675330,425
61613001,32.2424,30.0372,428,45349,0.424296,0.15,1,675789,675361,428
61615921,29.6485,27.6074,430,45396,0.444859,0.21,1,675818,675388,430
61618841,36.3297,35.9215,430,45442,0.480972,0.25,1,675856,675426,430
61621761,45.6659,43.1843,433,45488,0.504194,0.29,1,675904,675471,433
61624681,33.1332,31.8369,434,45534,0.572839,0.27,1,675934,675500,434
61627601,37.8266,36.7674,435,45580,0.554568,0.31,1,675973,675538,435
61630521,34.7653,34.5535,435,45626,0.582914,0.31,1,676007,675572,435
61633441,22.9531,22.9107,435,45672,0.556583,0.29,1,676027,675592,435
61636361,29.3906,27.7821,437,45718,0.567317,0.35,1,676058,675621,437
61639281,29.0781,27.9564,438,45764,0.601463,0.37,1,676087,675649,438
61642201,30.6156,29.5913,439,45810,0.592293,0.39,1,676118,675679,439
61645121,23.7231,23.5183,439,45856,0.558459,0.35,1,676140,675701,439
61648041,6.34462,6.30365,439,45902,0.583692,0.37,1,676142,675703,439
61650961,23.6689,22.0607,441,45948,0.588738,0.37,1,676170,675729,441
61653881,25.5338,4.41215,467,45994,0.589748,0.41,1,676196,675729,467
61656801,33.1068,21.6824,476,46040,0.57395,0.43,1,676231,675755,476
61659721,29.8214,31.5365,471,46086,0.60279,0.45,1,676260,675789,471
61662641,37.9643,29.5073,482,46132,0.576558,0.49,1,676300,675818,482
61665561,47.5929,36.3015,494,46178,0.635312,0.51,1,676350,675856,494
61668481,35.1186,45.6603,478,46224,0.647062,0.59,1,676382,675904,478
61671401,38.2237,33.1321,487,46270,0.633412,0.55,1,676421,675934,487
61674321,34.8447,37.8264,482,46316,0.646683,0.59,1,676455,675973,482
61677241,22.9689,34.7653,468,46362,0.649336,0.55,1,676475,676007,468
61680161,30.1938,22.9531,480,46407,0.649867,0.57,1,676507,676027,480
61683081,29.2388,29.3906,478,46452,0.649973,0.61,1,676536,676058,478
61686001,29.8478,29.0781,479,46497,0.649995,0.59,1,676566,676087,479
61688921,23.5696,30.6156,470,46542,0.665999,0.55,1,676588,676118,470
61691841,6.31391,23.7231,450,46587,0.6692,0.59,1,676590,676140,450
61694761,25.2628,6.34462,478,46632,0.66984,0.59,1,676620,676142,478
61697681,25.8526,23.6689,476,46677,0.685968,0.59,1,676646,676170,476
61700601,33.1705,25.5338,485,46722,0.737194,0.57,1,676681,676196,485
61703521,29.0341,33.1068,478,46767,0.715439,0.61,1,676709,676231,478
61706441,39.4068,29.8214,491,46812,0.743088,0.57,1,676751,676260,491
61709361,50.2814,37.9643,504,46857,0.796618,0.65,2,676804,676300,504
61712281,34.8563,47.5929,485,46902,0.791324,0.65,2,676835,676350,485
61715201,38.1713,35.1186,492,46947,0.822265,0.63,2,676874,676382,492
61718121,34.8343,38.2237,487,46992,0.860453,0.65,2,676908,676421,487
61721041,22.9668,34.8447,473,47037,0.868091,0.65,2,676928,676455,473
61723961,30.9934,22.9689,486,47082,0.869618,0.65,2,676961,676475,486
61726881,28.5987,30.1938,482,47127,0.869924,0.65,2,676989,676507,482
61729801,30.5197,29.2388,484,47172,0.853985,0.65,2,677020,676536,484
61732721,23.7039,29.8478,476,47217,0.882797,0.67,2,677042,676566,476
61735641,6.34079,23.5696,456,47262,0.888559,0.67,2,677044,676588,456
61738561,25.2682,6.31391,484,47307,0.889712,0.67,2,677074,676590,484
61741481,26.6536,25.2628,481,47352,0.873942,0.69,2,677101,676620,481
61744401,6.93073,25.8526,457,47397,0.870788,0.75,2,677103,676646,457
61747321,29.3861,33.1705,457,47441,0.854158,0.71,2,677138,676681,457
61750241,29.0772,29.0341,458,47485,0.882832,0.75,2,677167,676709,458
61753161,41.0154,39.4068,460,47529,0.920566,0.81,2,677211,676751,460
61913761,27,26,513,49908,0.71,1,1,678886,678373,513
61916681,32.6,28.4,518,49950,0.694,1,1,678920,678402,518
61919601,28.92,31.28,514,49992,0.6428,1,1,678948,678434,514
61922521,24.984,31.056,507,50034,0.69656,1,1,678972,678465,507
61925441,20.1968,26.2112,501,50076,0.659312,0.97,1,678991,678490,501
61928361,18.4394,22.0422,498,50118,0.683862,1,1,679009,678511,498
61931281,28.4879,20.4084,509,50160,0.704772,1,1,679040,678531,509
61934201,24.8976,15.2817,519,50202,0.692954,1,1,679064,678545,519
61937121,18.5795,25.4563,508,50244,0.674591,1,1,679081,678573,508
61940041,22.9159,31.4913,499,50286,0.654918,1,1,679105,678606,499
61942961,6.18318,25.4983,477,50328,0.618984,1,1,679107,678630,477
61945881,41.2366,43.4997,479,50370,0.595797,1,1,679157,678678,479
61948801,37.0473,37.4999,479,50412,0.671159,0.98,1,679193,678714,479
61951721,36.2095,44.3,469,50454,0.574232,0.93,1,679229,678760,469
61954641,29.6419,31.26,469,50496,0.586846,0.95,1,679257,678788,469
61957561,32.3284,34.252,467,50538,0.557369,0.77,1,679290,678823,467
61960481,28.8657,35.6504,459,50580,0.631474,0.71,1,679318,678859,459
61963401,24.9731,28.7301,456,50622,0.646295,0.69,1,679342,678886,456
61966321,32.9946,32.946,457,50664,0.665259,0.63,1,679377,678920,457
61969241,28.1989,28.9892,456,50706,0.669052,0.71,1,679404,678948,456
61972161,25.6398,24.9978,457,50748,0.65381,0.65,1,679429,678972,457
61975081,21.128,20.1996,458,50790,0.682762,0.69,1,679449,678991,458
61978001,18.6256,18.4399,458,50831,0.704552,0.71,1,679467,679009,458
61980921,27.7251,28.488,457,50872,0.74091,0.69,1,679497,679040,457
61983841,23.945,24.8976,456,50913,0.732182,0.67,1,679520,679064,456
61986761,16.789,18.5795,454,50954,0.762436,0.65,2,679535,679081,454
61989681,21.7578,22.9159,453,50995,0.768487,0.61,2,679558,679105,453
61992601,5.95156,6.18318,453,51036,0.769697,0.59,2,679560,679107,453
61995521,38.7903,41.2366,450,51077,0.785939,0.69,2,679607,679157,450
61998441,36.5581,37.0473,450,51118,0.837188,0.55,2,679643,679193,450
62001361,36.9116,36.2095,451,51159,0.879438,0.59,2,679680,679229,451
62004281,28.1823,29.6419,449,51200,0.871888,0.55,2,679706,679257,449
62007201,33.6365,32.3284,451,51241,0.934377,0.65,2,679741,679290,451
62010121,29.9273,28.8657,452,51282,0.930875,0.65,2,679770,679318,452
62013041,25.1855,24.9731,452,51323,0.930175,0.67,2,679794,679342,452
62015961,33.8371,32.9946,453,51364,0.946035,0.67,2,679830,679377,453
62245181,86,52,534,24990,0.55,0.98,1,682102,681568,534
62248101,44.4,68,496,25075,0.47,1,1,682136,681640,496
62251021,76.08,63.2,518,25160,0.47,0.86,1,682220,681702,518
62253941,50.416,63.04,499,25244,0.438,0.87,1,682264,681765,499
62256861,66.8832,63.808,506,25328,0.3836,0.63,1,682335,681829,506
62259781,43.7766,68.7616,474,25412,0.38872,0.59,1,682373,681899,474
62262701,39.1553,44.1523,474,25495,0.437744,0.75,1,682411,681937,474
62265621,52.6311,30.4305,503,25578,0.463549,0.69,1,682467,681964,503
62268541,76.9262,47.6861,534,25661,0.48471,0.55,1,682550,682016,534
62271461,36.1852,78.3372,474,25744,0.488942,0.45,1,682576,682102,474
62274381,76.0371,42.8674,526,25826,0.537788,0.47,1,682662,682136,526
62277301,49.6074,75.7735,485,25908,0.563558,0.43,1,682705,682220,485
62280221,65.9215,50.3547,511,25990,0.568712,0.37,1,682775,682264,511
62283141,45.1843,66.8709,480,26072,0.617742,0.39,1,682815,682335,480
62286061,38.6369,43.7742,479,26153,0.627548,0.45,1,682852,682373,479
62288981,54.9274,39.1548,500,26234,0.58151,0.47,1,682911,682411,500
62291901,78.1855,52.631,528,26315,0.652302,0.49,1,682995,682467,528
62294821,36.4371,76.9262,471,26396,0.66646,0.49,1,683021,682550,471
62297741,78.4874,36.1852,534,26476,0.669292,0.55,1,683110,682576,534
62300661,50.8975,76.0371,492,26556,0.669858,0.57,1,683154,682662,492
62303581,68.5795,49.6074,522,26636,0.717972,0.57,1,683227,682705,522
62306501,46.5159,65.9215,493,26716,0.727594,0.63,1,683268,682775,493
62309421,38.1032,45.1843,489,26795,0.729519,0.63,1,683304,682815,489
62312341,53.2206,38.6369,509,26874,0.761904,0.57,2,683361,682852,509
62315261,12.2441,54.9274,452,26953,0.768381,0.67,2,683363,682911,452
62318181,72.0488,78.1855,455,27032,0.849676,0.67,2,683450,682995,455
62321101,35.2098,36.4371,455,27110,0.881935,0.67,2,683476,683021,455
62324021,78.242,78.4874,455,27188,0.904387,0.67,2,683565,683110,455
62440821,60,54,484,30147,0.79,1,2,685624,685140,484
62443741,41.6,38,487,30217,0.662,1,1,685661,685174,487
62446661,45.92,52.4,478,30287,0.7164,0.87,1,685708,685230,478
62449581,25.184,28.08,476,30357,0.71128,1,1,685728,685252,476
62452501,62.6368,65.616,473,30427,0.694256,0.94,1,685800,685327,473
62455421,36.5274,41.1232,468,30497,0.674851,0.89,1,685830,685362,468
62458341,20.9055,23.4246,466,30566,0.67097,0.95,1,685847,685381,466
62461261,56.9811,58.2849,465,30635,0.734194,0.87,1,685913,685448,465
62464181,60.1962,63.657,461,30704,0.810839,0.81,2,685974,685513,461
62467101,52.8392,53.5314,461,30773,0.842168,0.79,2,686025,685564,461
62470021,57.7678,58.7063,460,30842,0.816434,0.63,2,686084,685624,460
62472941,38.7536,41.3413,457,30911,0.811287,0.73,2,686118,685661,457
62475861,44.5507,45.8683,456,30979,0.842257,0.71,2,686164,685708,456
62478781,24.1101,25.1737,455,31047,0.880452,0.69,2,686183,685728,455
62481701,63.222,62.6347,456,31115,0.93609,0.67,2,686256,685800,456
62484621,35.0444,36.5269,454,31183,0.915218,0.67,2,686284,685830,454
62487541,22.2089,20.9054,456,31251,0.927044,0.75,2,686303,685847,456
62648141,66,43,530,34778,0.59,1,1,688812,688282,530
62651061,27.6,47,500,34839,0.526,1,1,688830,688330,500
62653981,50.32,32.6,527,34900,0.3852,1,1,688886,688359,527
62656901,46.064,51.32,516,34961,0.27704,0.95,1,688931,688415,516
62659821,39.6128,41.464,515,35021,0.191408,1,1,688969,688454,515
62662741,37.5226,48.2928,502,35081,0.0622816,1,1,689006,688504,502
62665661,39.5045,39.2586,505,35141,0.0684563,1,1,689046,688541,505
62668581,55.1009,34.2517,531,35201,0.0696913,1,1,689105,688574,531
62671501,38.2202,53.2503,507,35261,0.0219383,1,1,689139,688632,507
62674421,37.244,39.4501,508,35321,0.0763877,0.87,1,689176,688668,508
62677341,30.6488,43.09,493,35381,0.103278,0.75,1,689205,688712,493
62680261,50.1298,35.818,514,35441,0.0926555,0.59,1,689260,688746,514
62683181,19.626,59.9636,460,35501,0.0905311,0.51,1,689272,688812,460
62686101,43.9252,26.3927,492,35561,0.138106,0.35,1,689322,688830,492
62689021,39.985,50.0785,475,35620,0.131621,0.25,1,689361,688886,475
62691941,33.597,46.0157,462,35679,0.146324,0.17,1,689393,688931,462
62694861,8.3194,39.6031,426,35738,0.149265,0.03,1,689395,688969,426
62697781,28.0639,37.5206,422,35797,0.165853,0.07,1,689428,689006,422
62700701,40.0128,39.5041,425,35856,0.0891706,0.07,1,689471,689046,425
62703621,56.0026,55.1008,426,35915,0.0738341,0.01,1,689531,689105,426
62706541,39.2005,38.2202,427,35974,0.0867668,0.09,1,689566,689139,427
62709461,36.6401,37.244,426,36033,0.0733534,0.11,1,689602,689176,426
62712381,31.328,30.6488,427,36092,0.0706707,0.09,1,689632,689205,427
62715301,49.4656,50.1298,426,36151,0.0541341,0.09,1,689686,689260,426
62718221,19.4931,19.626,426,36209,0.0828268,0.15,1,689698,689272,426
62721141,47.8986,43.9252,431,36267,0.120565,0.13,1,689753,689322,431
62724061,36.7797,39.985,426,36325,0.144113,0.15,1,689787,689361,426
62726981,36.9559,33.597,431,36383,0.116823,0.15,1,689824,689393,431
62729901,8.99119,8.3194,431,36441,0.143365,0.17,1,689826,689395,431
62732821,24.1982,28.0639,426,36499,0.116673,0.07,1,689854,689428,426
62735741,39.2396,40.0128,426,36557,0.175335,0.07,1,689897,689471,426
62738661,56.6479,56.0026,427,36615,0.267067,0.09,1,689958,689531,427
62741581,36.9296,39.2005,424,36673,0.285413,0.07,1,689990,689566,424
62744501,36.9859,36.6401,425,36731,0.273083,0.07,1,690027,689602,425
62747421,31.3972,31.328,425,36789,0.270617,0.05,1,690057,689632,425
62750341,48.6794,49.4656,424,36846,0.286123,0.09,1,690110,689686,424
62753261,19.3359,19.4931,424,36903,0.257225,0.13,1,690122,689698,424
62756181,50.2672,47.8986,427,36960,0.315445,0.15,1,690180,689753,427
62759101,37.2534,36.7797,427,37017,0.359089,0.11,1,690214,689787,427
62762021,37.0507,36.9559,427,37074,0.399818,0.15,1,690251,689824,427
62764941,9.01014,8.99119,427,37131,0.375964,0.11,1,690253,689826,427
62767861,24.202,24.1982,427,37188,0.371193,0.11,1,690281,689854,427
62770781,41.6404,4.83965,473,37245,0.386239,0.19,1,690327,689854,473
62773701,59.5281,35.3679,494,37302,0.405248,0.29,1,690391,689897,494
62776621,37.5056,55.8736,465,37359,0.40905,0.29,1,690423,689958,465
62779541,36.3011,36.7747,469,37416,0.42581,0.27,1,690459,689990,469
62782461,31.2602,36.9549,462,37472,0.461162,0.27,1,690489,690027,462
62785381,49.452,31.391,486,37528,0.516232,0.29,1,690543,690057,486
62788301,19.4904,48.6782,445,37584,0.543246,0.25,1,690555,690110,445
62791221,51.8981,19.3356,493,37640,0.548649,0.33,1,690615,690122,493
62794141,39.1796,50.2671,471,37696,0.58173,0.37,1,690651,690180,471
62797061,39.0359,37.2534,476,37752,0.588346,0.41,1,690690,690214,476
62799981,9.40718,37.0507,441,37808,0.605669,0.37,1,690692,690251,441
62802901,24.2814,9.01014,467,37864,0.609134,0.37,1,690720,690253,467
62805821,42.4563,24.202,486,37920,0.657827,0.39,1,690767,690281,486
62808741,60.4913,41.6404,505,37976,0.683565,0.41,1,690832,690327,505
62811661,37.6983,59.5281,473,38032,0.688713,0.41,1,690864,690391,473
62814581,37.1397,37.5056,478,38088,0.673743,0.43,1,690901,690423,478
62817501,34.6279,36.3011,476,38143,0.670749,0.47,1,690935,690459,476
62820421,51.7256,31.2602,502,38198,0.63815,0.53,1,690991,690489,502
62823341,19.9451,49.452,460,38253,0.63163,0.55,1,691003,690543,460
62826261,51.989,19.4904,508,38308,0.646326,0.55,1,691063,690555,508
62829181,40.7978,51.8981,486,38363,0.665265,0.59,1,691101,690615,486
62832101,40.1596,39.1796,490,38418,0.669053,0.59,1,691141,690651,490
62835021,9.63191,39.0359,453,38473,0.669811,0.61,1,691143,690690,453
62837941,24.3264,9.40718,479,38528,0.669962,0.61,1,691171,690692,479
62840861,44.8653,24.2814,501,38583,0.669992,0.67,1,691221,690720,501
62843781,10.5731,42.4563,456,38638,0.669998,0.69,1,691223,690767,456
62846701,54.1146,60.4913,456,38693,0.734,0.69,1,691288,690832,456
62849621,36.4229,37.6983,456,38748,0.7628,0.67,2,691320,690864,456
62852541,36.0846,37.1397,455,38803,0.75256,0.67,2,691356,690901,455
62855461,34.4169,34.6279,455,38857,0.750512,0.63,2,691390,690935,455
62858381,50.0834,51.7256,453,38911,0.798102,0.63,2,691444,690991,453
62861301,19.6167,19.9451,453,38965,0.83962,0.65,2,691456,691003,453
62864221,52.7233,51.989,454,39019,0.879924,0.67,2,691517,691063,454
62867141,41.7447,40.7978,455,39073,0.887985,0.67,2,691556,691101,455
62870061,40.3489,40.1596,455,39127,0.857597,0.67,2,691596,691141,455
62872981,9.66979,9.63191,455,39181,0.883519,0.67,2,691598,691143,455
62875901,25.134,24.3264,456,39235,0.888704,0.67,2,691627,691171,456
62878821,44.2268,44.8653,455,39289,0.921741,0.67,2,691676,691221,455
62881741,10.4454,10.5731,455,39343,0.928348,0.75,2,691678,691223,455
63024821,37,41,484,41893,0.81,1,2,693484,693000,484
63027741,29,25.8,489,41943,0.73,1,1,693511,693022,489
63030661,33,24.36,499,41993,0.57,1,1,693545,693046,499
63033581,34.6,36.872,494,42043,0.474,1,1,693580,693086,494
63036501,35.72,31.3744,500,42093,0.3748,1,1,693616,693116,500
63039421,34.344,35.8749,497,42143,0.24296,1,1,693650,693153,497
63042341,34.0688,36.775,494,42193,0.152592,1,1,693684,693190,494
63045261,28.4138,30.555,492,42243,0.0865184,1,1,693711,693219,492
63048181,20.8828,27.711,484,42293,0.0253037,0.98,1,693730,693246,484
63051101,27.3766,31.1422,481,42343,0.0130607,1,1,693759,693278,481
63054021,52.6753,53.4284,481,42393,0.00261215,0.96,1,693818,693337,481
63056941,32.9351,37.8857,475,42443,0.0405224,0.9,1,693846,693371,475
63059861,29.787,33.9771,471,42493,0.0481045,0.95,1,693875,693404,471
63062781,36.3574,41.1954,466,42543,0.0496209,0.81,1,693913,693447,466
63065701,28.8715,37.8391,456,42593,0.0339242,0.71,1,693940,693484,456
63068621,24.9743,29.1678,453,42643,0.0787848,0.53,1,693964,693511,453
63071541,32.1949,33.0336,453,42692,0.119757,0.45,1,693998,693545,453
63074461,28.039,34.6067,445,42741,0.143951,0.35,1,694025,693580,445
63077381,29.6078,35.7213,439,42790,0.14879,0.21,1,694055,693616,439
63080301,26.7216,34.3443,431,42839,0.149758,0.13,1,694081,693650,431
63083221,28.5443,34.0689,426,42888,0.197952,0.07,1,694110,693684,426
63086141,25.7089,28.4138,424,42937,0.17559,0.01,1,694135,693711,424
63089061,19.5418,20.8828,423,42986,0.187118,0.01,1,694153,693730,423
63091981,25.5084,4.17655,450,43035,0.189424,0.01,1,694180,693730,450
63094901,52.3017,24.0353,480,43084,0.0938847,0,1,694239,693759,480
63097821,32.8603,52.0071,449,43133,0.0747769,0.05,1,694267,693818,449
63100741,29.7721,32.8014,450,43182,0.0389554,0.05,1,694296,693846,450
63103661,36.3544,29.7603,459,43231,0.0317911,0.05,1,694334,693875,459
63106581,30.4709,36.3521,450,43280,0.0143582,0.03,1,694363,693913,450
63109501,26.0942,28.8704,448,43329,0.0108716,0.09,1,694388,693940,448
63112421,34.8188,24.9741,461,43378,0.0901743,0.13,1,694425,693964,461
63115341,29.3638,32.1948,455,43427,0.138035,0.15,1,694453,693998,455
63118261,28.2728,28.039,456,43476,0.147607,0.15,1,694481,694025,456
63121181,28.0545,29.6078,454,43525,0.165521,0.15,1,694509,694055,454
63124101,28.0109,26.7216,456,43573,0.169104,0.21,1,694537,694081,456
63127021,25.6022,28.5443,452,43621,0.201821,0.17,1,694562,694110,452
63129941,21.1204,25.7089,447,43669,0.208364,0.19,1,694582,694135,447
63132861,26.6241,19.5418,457,43717,0.193673,0.19,1,694610,694153,457
63135781,45.3248,25.5084,480,43765,0.222735,0.07,1,694660,694180,480
63138701,33.865,52.3017,452,43813,0.244547,0.07,1,694691,694239,452
63141621,28.373,32.8603,451,43861,0.200909,0.03,1,694718,694267,451
63144541,36.0746,29.7721,460,43909,0.192182,0.03,1,694756,694296,460
63147461,30.4149,36.3544,451,43957,0.174436,0.01,1,694785,694334,451
63150381,26.883,30.4709,448,44005,0.170887,0.01,1,694811,694363,448
63153301,38.9766,26.0942,465,44053,0.170177,0.11,1,694853,694388,465
63156221,30.1953,34.8188,456,44101,0.138035,0.15,1,694881,694425,456
63159141,28.4391,29.3638,456,44149,0.131607,0.15,1,694909,694453,456
63162061,28.8878,28.2728,457,44197,0.114321,0.17,1,694938,694481,457
63164981,28.1776,28.0545,457,44245,0.110864,0.17,1,694966,694509,457
63167901,27.2355,28.0109,456,44293,0.110173,0.21,1,694993,694537,456
63170821,19.8471,25.6022,449,44341,0.126035,0.21,1,695011,694562,449
63173741,27.9694,21.1204,459,44389,0.129207,0.19,1,695041,694582,459
63176661,46.3939,26.6241,482,44437,0.161841,0.23,1,695092,694610,482
63179581,10.8788,45.3248,434,44484,0.168368,0.25,1,695094,694660,434
63182501,26.9758,33.865,434,44531,0.201674,0.19,1,695125,694691,434
63185421,24.5952,28.373,431,44578,0.192335,0.19,1,695149,694718,431
63188341,35.319,36.0746,431,44625,0.222467,0.17,1,695187,694756,431
63191261,29.4638,30.4149,430,44672,0.260493,0.17,1,695215,694785,430
63194181,26.6928,26.883,430,44719,0.236099,0.17,1,695241,694811,430
63197101,37.3386,38.9766,428,44766,0.26322,0.13,1,695281,694853,428
63200021,29.8677,30.1953,428,44813,0.252644,0.13,1,695309,694881,428
63202941,28.3735,28.4391,428,44860,0.250529,0.11,1,695337,694909,428
63205861,28.0747,28.8878,427,44907,0.346106,0.11,1,695365,694938,427
63208781,28.0149,28.1776,427,44954,0.365221,0.11,1,695393,694966,427
63211701,27.203,27.2355,427,45001,0.353044,0.13,1,695420,694993,427
63214621,20.6406,19.8471,428,45048,0.334609,0.13,1,695439,695011,428
63217541,28.1281,27.9694,428,45095,0.346922,0.17,1,695469,695041,428
63220461,48.8256,46.3939,431,45142,0.429384,0.17,1,695523,695092,431
63223381,11.3651,10.8788,431,45189,0.445877,0.21,1,695525,695094,431
63226301,26.273,26.9758,430,45236,0.465175,0.19,1,695555,695125,430
63229221,25.2546,24.5952,431,45283,0.501035,0.23,1,695580,695149,431
63232141,35.4509,35.319,431,45330,0.492207,0.27,1,695618,695187,431
63235061,31.0902,29.4638,433,45377,0.522441,0.23,1,695648,695215,433
63237981,27.018,26.6928,433,45423,0.496488,0.27,1,695674,695241,433
63240901,37.4036,37.3386,433,45469,0.539298,0.25,1,695714,695281,433
63243821,30.6807,29.8677,434,45515,0.53186,0.25,1,695743,695309,434
63246741,30.1361,28.3735,436,45561,0.530372,0.37,1,695773,695337,436
63249661,30.0272,28.0747,438,45607,0.530074,0.37,1,695803,695365,438
63252581,28.4054,28.0149,438,45653,0.530015,0.35,1,695831,695393,438
63255501,28.0811,27.203,439,45699,0.562003,0.33,1,695859,695420,439
63258421,20.0162,20.6406,438,45745,0.536401,0.35,1,695877,695439,438
63261341,29.6032,28.1281,440,45791,0.57928,0.45,1,695909,695469,440
63264261,51.5207,48.8256,443,45837,0.651856,0.45,1,695966,695523,443
63267181,11.9041,11.3651,443,45883,0.666371,0.47,1,695968,695525,443
63270101,26.3808,26.273,443,45929,0.653274,0.47,1,695998,695555,443
63273021,26.0762,5.2546,469,45975,0.666655,0.51,1,696024,695555,469
63275941,36.4152,21.0509,483,46021,0.653331,0.49,1,696063,695580,483
63278861,31.283,34.6102,475,46067,0.650666,0.53,1,696093,695618,475
63281781,27.8566,30.922,472,46113,0.698133,0.49,1,696120,695648,472
63284701,37.5713,26.9844,486,46159,0.707627,0.55,1,696160,695674,486
63287621,29.9143,37.3969,474,46205,0.725525,0.53,1,696188,695714,474
63290541,29.9829,30.6794,475,46251,0.729105,0.53,1,696218,695743,475
63293461,31.5966,30.1359,477,46297,0.745821,0.53,1,696250,695773,477
63296381,28.7193,30.0272,475,46343,0.797164,0.53,2,696278,695803,475
63299301,28.1439,28.4054,475,46388,0.807433,0.57,2,696306,695831,475
63302221,20.0288,28.0811,465,46433,0.809487,0.53,2,696324,695859,465
63305141,32.0058,20.0162,482,46478,0.809897,0.59,2,696359,695877,482
63308061,54.4012,29.6032,510,46523,0.841979,0.67,2,696419,695909,510
63310981,12.4802,51.5207,455,46568,0.880396,0.67,2,696421,695966,455
63313901,27.296,11.9041,484,46613,0.856079,0.65,2,696452,695968,484
63316821,26.2592,26.3808,480,46658,0.899216,0.67,2,696478,695998,480
63319741,35.6518,26.0762,492,46703,0.923843,0.65,2,696516,696024,492
63322661,31.9304,36.4152,484,46748,0.928769,0.65,2,696547,696063,484
63325581,29.5861,31.283,483,46793,0.929754,0.71,2,696576,696093,483
63343101,28,28,489,47063,0.93,0.81,2,696767,696278,489
63346021,20,28,479,47108,0.93,0.81,2,696785,696306,479
63348941,32,20,496,47153,0.946,0.81,2,696820,696324,496
63351861,56,32,523,47198,0.9332,0.85,2,696882,696359,523
63354781,12.8,54.4,465,47243,0.93064,0.89,2,696884,696419,465
63357701,29.76,12.48,497,47288,0.898128,0.85,2,696918,696421,497
63360621,27.552,27.296,493,47333,0.907626,0.91,2,696945,696452,493
63573781,516,579,455,23360,0.03,0.57,1,699095,698640,455
63576701,156,160.6,465,23451,0.014,0.35,1,699161,698696,465
63579621,92.8,80.12,482,23541,0.0268,0.13,1,699238,698756,482
63582541,68.96,77.624,468,23631,0.09336,0.01,1,699301,698833,468
63585461,62.592,68.3248,463,23721,0.018672,0.13,1,699362,698899,463
63588381,54.9184,67.265,449,23810,0.0597344,0.07,1,699415,698966,449
63591301,50.9837,37.453,469,23899,0.0359469,0.07,1,699465,698996,469
63594221,30.9967,45.0906,448,23988,0.0951894,0.07,1,699491,699043,448
63597141,26.9993,39.4181,436,24076,0.0750379,0.01,1,699517,699081,436
63600061,61.3999,71.8836,426,24164,0.0390076,0.03,1,699587,699161,426
63602981,71.48,75.9767,423,24252,0.0798015,0.11,1,699661,699238,423
63605901,69.496,65.5953,429,24339,0.10396,0,1,699730,699301,429
63608821,58.6992,61.9191,424,24426,0.0447921,0.07,1,699786,699362,424
63611741,54.9398,54.7838,425,24513,0.0969584,0.03,1,699840,699415,425
63614661,51.788,50.9568,426,24599,0.0433917,0.11,1,699891,699465,426
63617581,31.9576,30.9914,427,24685,0.0486783,0.07,1,699918,699491,427
63620501,24.7915,26.9983,424,24771,0.0657357,0.03,1,699941,699517,424
63623421,59.3583,61.3997,422,24857,0.0531471,0.09,1,700009,699587,422
63626341,72.6717,71.4799,424,24942,0.0346294,0.11,1,700085,699661,424
63629261,72.1343,69.496,427,25027,0.110926,0.03,1,700157,699730,427
63632181,56.0269,58.6992,423,25112,0.158185,0.11,1,700209,699786,423
63635101,58.4054,54.9398,428,25196,0.215637,0.03,1,700268,699840,428
63638021,48.4811,51.788,423,25280,0.243127,0.05,1,700314,699891,423
63640941,32.0962,31.9576,424,25364,0.264625,0.07,1,700342,699918,424
63643861,24.0192,24.7915,423,25448,0.268925,0.07,1,700364,699941,423
63646781,57.6038,4.9583,489,25531,0.301785,0.05,1,700430,699941,489
63649701,73.9208,55.3917,499,25614,0.308357,0.03,1,700508,700009,499
63652621,75.5842,71.8783,499,25697,0.357671,0.13,1,700584,700085,499
63655541,58.3168,71.9757,481,25779,0.335534,0.17,1,700638,700157,481
63658461,62.0634,55.9951,492,25861,0.315107,0.23,1,700701,700209,492
63661381,49.2127,58.399,479,25943,0.359021,0.25,1,700747,700268,479
63664301,33.0425,48.4798,462,26025,0.383804,0.27,1,700776,700314,462
63667221,24.2085,32.096,456,26106,0.388761,0.27,1,700798,700342,456
63670141,59.2417,24.0192,502,26187,0.389752,0.31,1,700866,700364,502
63673061,75.8483,57.6038,516,26268,0.38995,0.31,1,700946,700430,516
63675981,75.1697,73.9208,513,26349,0.45399,0.37,1,701021,700508,513
63678901,58.2339,75.5842,491,26429,0.482798,0.33,1,701075,700584,491
63681821,61.2468,58.3168,499,26509,0.53656,0.31,1,701137,700638,499
63684741,52.2494,62.0634,486,26589,0.547312,0.37,1,701187,700701,486
63687661,33.6499,49.2127,469,26669,0.533462,0.39,1,701216,700747,469
63690581,24.33,33.0425,462,26748,0.530692,0.39,1,701238,700776,462
63693501,59.266,24.2085,508,26827,0.546139,0.39,1,701306,700798,508
63696421,76.6532,59.2417,521,26906,0.597228,0.39,1,701387,700866,521
63699341,16.9306,75.8483,443,26985,0.607446,0.47,1,701389,700946,443
63702261,64.9861,75.1697,445,27063,0.593489,0.49,1,701466,701021,445
63705181,56.9972,58.2339,446,27141,0.606698,0.55,1,701521,701075,446
63708101,63.3994,61.2468,449,27219,0.67334,0.55,1,701586,701137,449
63711021,52.6799,52.2494,449,27297,0.718668,0.53,1,701636,701187,449
63713941,32.936,33.6499,448,27375,0.711734,0.53,1,701664,701216,448
63716861,24.1872,24.33,448,27452,0.710347,0.55,1,701686,701238,448
63719781,60.0374,59.266,449,27529,0.790069,0.61,2,701755,701306,449
63722701,78.4075,76.6532,451,27606,0.790014,0.61,2,701838,701387,451
63725621,17.2815,16.9306,451,27683,0.790003,0.59,2,701840,701389,451
63728541,65.0563,64.9861,451,27760,0.854001,0.61,2,701917,701466,451
63731461,58.6113,56.9972,453,27836,0.8988,0.69,2,701974,701521,453
63734381,64.5223,63.3994,454,27912,0.87576,0.73,2,702040,701586,454
63892061,66,81,527,31747,0.69,1,1,704746,704219,527
63894981,43.6,49.8,523,31814,0.642,1,1,704784,704261,523
63897901,61.52,27.56,567,31881,0.3764,0.99,1,704850,704283,567
63900821,37.904,70.312,518,31947,0.19528,1,1,704882,704364,518
63903741,34.7808,53.2624,503,32013,0.063056,1,1,704916,704413,503
63906661,54.1562,37.0525,529,32079,0.0206112,0.9,1,704975,704446,529
63909581,31.6312,46.6105,506,32145,0.0281222,1,1,705001,704495,506
63912501,31.9262,37.3221,503,32211,0.0136244,0.98,1,705033,704530,503
63915421,51.9853,35.4644,525,32277,0.0427249,0.81,1,705090,704565,525
63918341,48.7971,55.8929,512,32343,0.048545,0.81,1,705138,704626,512
63921261,57.7594,54.3786,518,32408,0.033709,0.69,1,705198,704680,518
63924181,40.3519,63.6757,488,32473,0.0147418,0.63,1,705234,704746,488
63927101,46.4704,43.1351,498,32538,0.0909484,0.31,1,705282,704784,498
63930021,32.4941,61.427,461,32603,0.0741897,0.15,1,705311,704850,461
63932941,30.4988,37.8854,459,32668,0.134838,0.03,1,705341,704882,459
63935861,50.0998,34.7771,480,32733,0.0349676,0.01,1,705396,704916,480
63938781,11.62,54.1554,423,32798,0.00699352,0.03,1,705398,704975,423
63941701,23.124,31.6311,423,32862,0.0413987,0.01,1,705424,705001,423
63944621,31.0248,31.9262,424,32926,0.00827974,0.05,1,705457,705033,424
63947541,50.205,51.9852,422,32990,0.00965595,0.05,1,705512,705090,422
63950461,50.041,48.797,424,33054,0.0259312,0.03,1,705562,705138,424
63953381,58.0082,57.7594,424,33118,0.0451862,0.01,1,705622,705198,424
63956301,39.6016,40.3519,423,33182,0.0330372,0.11,1,705657,705234,423
63959221,47.9203,46.4704,425,33246,0.0786075,0.07,1,705707,705282,425
63962141,32.7841,32.4941,425,33310,0.151721,0.15,1,705736,705311,425
63965061,32.1568,30.4988,427,33373,0.134344,0.01,1,705768,705341,427
63967981,47.2314,50.0998,423,33436,0.114869,0,1,705819,705396,423
63970901,11.0463,11.62,423,33499,0.110974,0.05,1,705821,705398,423
63973821,22.2093,23.124,422,33562,0.0941948,0,1,705846,705424,422
63976741,30.8419,31.0248,422,33625,0.0428389,0.01,1,705879,705457,422
63979661,50.1684,50.205,422,33688,0.0165678,0.03,1,705934,705512,422
63982581,52.4337,50.041,425,33751,0.0593136,0.05,1,705987,705562,425
63985501,57.6867,58.0082,424,33814,0.0678627,0.03,1,706046,705622,424
63988421,37.9373,39.6016,422,33877,0.0695725,0.09,1,706079,705657,422
63991341,49.9875,47.9203,425,33939,0.0539145,0.17,1,706132,705707,425
63994261,35.5975,32.7841,428,34001,0.0507829,0.13,1,706164,705736,428
63997181,32.7195,32.1568,428,34063,0.0981566,0.11,1,706196,705768,428
64000101,44.9439,47.2314,425,34125,0.123631,0.11,1,706244,705819,425
64003021,10.5888,11.0463,425,34187,0.0967263,0.09,1,706246,705821,425
64005941,21.3178,22.2093,424,34249,0.0913453,0.09,1,706270,705846,424
64008861,28.2636,4.44185,454,34311,0.0902691,0.03,1,706300,705846,454
64011781,49.6527,27.2884,476,34373,0.0420538,0.01,1,706355,705879,476
64014701,54.7305,49.4577,477,34435,0.0324108,0.07,1,706411,705934,477
64017621,58.9461,52.2915,484,34496,0.0784822,0.07,1,706471,705987,484
64020541,34.9892,57.6583,454,34557,0.0396964,0.07,1,706500,706046,454
64023461,50.9978,37.9317,476,34618,0.0639393,0.05,1,706555,706079,476
64026381,35.7996,49.9863,455,34679,0.100788,0.05,1,706587,706132,455
64029301,33.5599,35.5973,456,34740,0.108158,0.11,1,706620,706164,456
64032221,45.912,32.7195,473,34801,0.109632,0.13,1,706669,706196,473
64035141,10.7824,44.9439,427,34862,0.109926,0.09,1,706671,706244,427
64038061,22.1565,10.5888,450,34923,0.125985,0.09,1,706696,706246,450
64040981,27.6313,21.3178,455,34984,0.113197,0.09,1,706725,706270,455
64043901,46.3263,28.2636,476,35044,0.110639,0.03,1,706776,706300,476
64046821,54.8653,49.6527,478,35104,0.0621279,0.03,1,706833,706355,478
64049741,59.773,54.7305,483,35164,0.116426,0.09,1,706894,706411,483
64052661,34.3546,58.9461,451,35224,0.127285,0.03,1,706922,706471,451
64055581,52.4709,34.9892,479,35284,0.145457,0.07,1,706979,706500,479
64058501,37.6942,50.9978,458,35344,0.117091,0.11,1,707013,706555,458
64061421,34.7388,35.7996,460,35404,0.111418,0.11,1,707047,706587,460
64064341,45.3478,33.5599,475,35464,0.110284,0.11,1,707095,706620,475
64067261,10.6696,45.912,428,35524,0.110057,0.11,1,707097,706669,428
64070181,22.9339,10.7824,452,35584,0.110011,0.13,1,707123,706671,452
64073101,26.9868,22.1565,455,35643,0.126002,0.11,1,707151,706696,455
64076021,6.99736,27.6313,428,35702,0.1292,0.11,1,707153,706725,428
64078941,39.7995,46.3263,425,35761,0.19384,0.05,1,707201,706776,425
64081861,52.7599,54.8653,424,35820,0.222768,0.13,1,707257,706833,424
64084781,62.552,59.773,428,35879,0.212554,0.13,1,707322,706894,428
64087701,35.7104,34.3546,429,35938,0.242511,0.15,1,707351,706922,429
64090621,52.7421,52.4709,429,35997,0.296502,0.11,1,707408,706979,429
64093541,36.1484,37.6942,427,36056,0.3073,0.11,1,707440,707013,427
64096461,34.4297,34.7388,427,36115,0.30946,0.11,1,707474,707047,427
64099381,45.2859,45.3478,427,36174,0.357892,0.11,1,707522,707095,427
64102301,10.6572,10.6696,427,36232,0.367578,0.11,1,707524,707097,427
64105221,22.9314,22.9339,427,36290,0.385516,0.13,1,707550,707123,427
64108141,28.5863,26.9868,429,36348,0.421103,0.13,1,707580,707151,429
64111061,7.31726,6.99736,429,36406,0.428221,0.21,1,707582,707153,429
64113981,41.4635,39.7995,431,36464,0.445644,0.23,1,707632,707201,431
64116901,53.0927,52.7599,431,36522,0.497129,0.21,1,707688,707257,431
64119821,63.4185,62.552,432,36580,0.523426,0.25,1,707754,707322,432
64122741,37.4837,35.7104,434,36638,0.528685,0.31,1,707785,707351,434
64125661,53.8967,52.7421,435,36696,0.609737,0.31,1,707843,707408,435
64128581,36.3793,36.1484,435,36754,0.593947,0.31,1,707875,707440,435
64131501,36.8759,34.4297,438,36811,0.606789,0.37,1,707912,707474,438
64134421,47.3752,45.2859,440,36868,0.673358,0.37,1,707962,707522,440
64137341,11.075,10.6572,440,36925,0.654672,0.39,1,707964,707524,440
64140261,23.815,22.9314,441,36982,0.634934,0.43,1,707991,707550,441
64143181,28.763,28.5863,441,37039,0.630987,0.43,1,708021,707580,441
64146101,7.3526,7.31726,441,37096,0.662197,0.45,1,708023,707582,441
64149021,43.8705,41.4635,444,37153,0.700439,0.45,1,708076,707632,444
64151941,55.1741,8.29269,502,37210,0.724088,0.51,1,708134,707632,502
64154861,65.4348,46.4585,514,37267,0.728818,0.53,1,708202,707688,514
64157781,37.087,62.0917,478,37324,0.697764,0.53,1,708232,707754,478
64160701,56.2174,37.2183,508,37381,0.691553,0.63,1,708293,707785,508
64163621,36.8435,53.8437,482,37438,0.690311,0.59,1,708325,707843,482
64166541,37.7687,36.3687,488,37494,0.690062,0.61,1,708363,707875,488
64169461,49.1537,36.8737,503,37550,0.722012,0.69,1,708415,707912,503
64172381,11.4307,47.3747,455,37606,0.728402,0.65,1,708417,707962,455
64175301,23.0862,11.0749,479,37662,0.74568,0.63,1,708443,707964,479
64178221,28.6172,23.815,482,37718,0.781136,0.63,2,708473,707991,482
64181141,7.32345,28.763,454,37774,0.788227,0.67,2,708475,708021,454
64184061,47.0647,7.3526,509,37830,0.789645,0.71,2,708532,708023,509
64186981,56.6129,43.8705,515,37886,0.773929,0.73,2,708591,708076,515
64189901,64.1226,55.1741,523,37942,0.802786,0.73,2,708657,708134,523
64192821,36.8245,65.4348,485,37998,0.840557,0.69,2,708687,708202,485
64195741,56.1649,37.087,516,38054,0.912111,0.69,2,708748,708232,516
64198661,36.833,56.2174,487,38110,0.926422,0.69,2,708780,708293,487
64210341,27,2,485,38330,0.93,0.75,2,708902,708417,485
64213261,30.2,21.2,490,38385,0.914,0.79,2,708933,708443,490
64216181,7.64,28.24,462,38440,0.9108,0.79,2,708935,708473,462
64219101,47.128,7.248,517,38495,0.89416,0.79,2,708992,708475,517
64222021,55.8256,47.0496,518,38550,0.922832,0.77,2,709050,708532,518
64378241,54,71,475,18482,0.31,0.67,1,711139,710664,475
64381161,85.2,63.8,506,18597,0.358,0.45,1,711232,710726,506
64384081,57.04,83.96,467,18711,0.4156,0.41,1,711282,710815,467
64387001,58.608,73.592,455,18824,0.41112,0.35,1,711341,710886,455
64389921,50.1216,37.1184,475,18937,0.426224,0.25,1,711389,710914,475
64392841,114.024,144.224,434,19049,0.589245,0.31,1,711519,711085,434
64395761,66.8049,72.0447,435,19160,0.637849,0.37,1,711574,711139,435
64398681,90.161,88.8089,438,19271,0.67957,0.43,1,711670,711232,438
64401601,60.4322,57.7618,441,19381,0.703914,0.41,1,711723,711282,441
64404521,58.4864,58.7524,440,19490,0.740783,0.43,1,711781,711341,440
64407441,52.4973,50.1505,443,19599,0.732157,0.43,1,711832,711389,443
64410361,120.099,10.0301,580,19707,0.794431,0.63,2,711969,711389,580
64413281,68.8199,106.006,506,19815,0.854886,0.65,2,712025,711519,506
64416201,93.764,65.2012,551,19922,0.834977,0.69,2,712125,711574,551
64419121,60.3528,89.8402,507,20028,0.830996,0.71,2,712177,711670,507
64422041,60.0706,60.368,514,20134,0.814199,0.75,2,712237,711723,514
64424961,52.0141,58.4736,506,20239,0.81084,0.73,2,712287,711781,506
64427881,124.803,52.4947,598,20344,0.890168,0.81,2,712430,711832,598
64430801,72.1606,120.099,520,20448,0.922034,0.87,2,712489,711969,520
64509641,34,146,495,23085,0.75,1,2,714346,713851,495
64512561,46,50,518,23177,0.606,1,1,714395,713877,518
64515481,57.2,34.8,547,23268,0.5932,1,1,714455,713908,547
64518401,86.64,74.96,556,23359,0.47864,1,1,714549,713993,556
64521321,45.328,79.792,510,23450,0.519728,1,1,714584,714074,510
64524241,66.6656,47.9584,542,23540,0.495946,0.94,1,714656,714114,542
64527161,101.333,66.3917,581,23630,0.507189,0.79,1,714766,714185,581
64530081,49.8666,114.878,491,23720,0.525438,0.75,1,714803,714312,491
64533001,44.3733,50.1757,500,23809,0.465088,0.57,1,714846,714346,500
64535921,55.2747,49.2351,509,23898,0.389018,0.59,1,714904,714395,509
64538841,82.2549,57.847,538,23987,0.341804,0.45,1,714993,714455,538
64541761,18.051,86.7694,446,24075,0.332361,0.53,1,714995,714549,446
64544681,33.2102,45.3539,448,24163,0.394472,0.49,1,715032,714584,448
64547601,62.642,66.6708,446,24251,0.374894,0.51,1,715102,714656,446
64550521,100.528,101.334,446,24338,0.450979,0.53,1,715212,714766,446
64553441,48.9057,49.8668,445,24425,0.466196,0.45,1,715248,714803,445
64556361,41.7811,44.3734,442,24512,0.469239,0.37,1,715288,714846,442
64559281,54.7562,55.2747,442,24598,0.533848,0.33,1,715346,714904,442
64562201,78.9512,82.2549,438,24684,0.59477,0.33,1,715431,714993,438
64565121,17.3902,18.051,438,24770,0.606954,0.41,1,715433,714995,438
64568041,34.6781,33.2102,440,24856,0.641391,0.37,1,715472,715032,440
64570961,61.3356,62.642,438,24941,0.664278,0.47,1,715540,715102,438
64573881,104.267,100.528,443,25026,0.716856,0.47,1,715655,715212,443
64576801,51.2534,48.9057,445,25111,0.727371,0.47,1,715693,715248,445
64579721,42.2507,41.7811,445,25195,0.761474,0.55,2,715733,715288,445
64582641,56.4501,54.7562,447,25279,0.784295,0.61,2,715793,715346,447
64585561,81.69,78.9512,450,25363,0.820859,0.61,2,715881,715431,450
64588481,17.938,17.3902,450,25447,0.860172,0.61,2,715883,715433,450
64591401,36.3876,3.47805,491,25530,0.852034,0.65,2,715924,715433,491
64594321,61.6775,31.8956,520,25613,0.914407,0.67,2,715992,715472,520
64597241,108.336,60.7791,572,25696,0.910881,0.73,2,716112,715540,572
64600161,52.0671,104.156,495,25778,0.878176,0.73,2,716150,715655,495
64603081,42.4134,51.2312,497,25860,0.871635,0.77,2,716190,715693,497
64606001,57.2827,42.2462,518,25942,0.854327,0.79,2,716251,715733,518
64608921,85.0565,56.4492,550,26024,0.898865,0.83,2,716343,715793,550
64611841,18.6113,81.6899,464,26105,0.907773,0.87,2,716345,715881,464
64614761,38.9223,17.938,506,26186,0.941555,0.85,2,716389,715883,506
64719881,35,35,520,28954,0.69,1,1,718372,717852,520
64722801,49.4,53.4,515,29027,0.61,1,1,718425,717910,515
64725721,50.68,41.08,528,29100,0.498,1,1,718476,717948,528
64728641,52.536,60.216,516,29173,0.4436,1,1,718529,718013,516
64731561,50.5072,43.2432,527,29246,0.40072,1,1,718579,718052,527
64734481,42.1014,45.4486,521,29318,0.360144,1,1,718619,718098,521
64737401,87.6203,47.4897,572,29390,0.352029,0.99,1,718718,718146,572
64740321,44.7241,91.0979,504,29462,0.334406,0.89,1,718752,718248,504
64743241,44.1448,47.0196,512,29534,0.282881,0.81,1,718796,718284,512
64746161,34.429,51.8039,491,29606,0.272576,0.69,1,718828,718337,491
64749081,44.4858,38.3608,503,29677,0.254515,0.59,1,718875,718372,503
64752001,45.6972,50.0722,496,29748,0.218903,0.47,1,718921,718425,496
64754921,46.7394,50.8144,492,29819,0.211781,0.43,1,718968,718476,492
64757841,10.9479,52.5629,441,29890,0.258356,0.39,1,718970,718529,441
64760761,43.7896,50.5126,443,29961,0.315671,0.35,1,719022,718579,443
64763681,35.1579,42.1025,436,30032,0.247134,0.35,1,719055,718619,436
64766601,87.8316,87.6205,438,30102,0.281427,0.33,1,719156,718718,438
64769521,44.7663,44.7241,438,30172,0.288285,0.27,1,719190,718752,438
64772441,40.9533,44.1448,434,30242,0.289657,0.27,1,719230,718796,434
64775361,34.5907,34.429,435,30312,0.273931,0.25,1,719263,718828,435
64778281,44.5181,44.4858,435,30382,0.318786,0.21,1,719310,718875,435
64781201,44.1036,45.6972,433,30452,0.359757,0.21,1,719354,718921,433
64784121,47.2207,46.7394,434,30521,0.351951,0.27,1,719402,718968,434
64787041,11.0441,10.9479,434,30590,0.36639,0.33,1,719404,718970,434
64789961,45.4088,43.7896,436,30659,0.433278,0.23,1,719458,719022,436
64792881,33.0818,35.1579,433,30728,0.494656,0.29,1,719488,719055,433
64795801,88.2164,87.8316,434,30797,0.602931,0.29,1,719590,719156,434
64798721,46.4433,44.7663,436,30866,0.624586,0.29,1,719626,719190,436
64801641,41.2887,40.9533,436,30935,0.596917,0.27,1,719666,719230,436
64804561,34.6577,34.5907,436,31003,0.607383,0.33,1,719699,719263,436
64807481,46.1315,44.5181,438,31071,0.561477,0.37,1,719748,719310,438
64810401,46.0263,44.1036,440,31139,0.616295,0.35,1,719794,719354,440
64813321,47.6053,47.2207,440,31207,0.627259,0.37,1,719842,719402,440
64816241,11.1211,11.0441,440,31275,0.661452,0.45,1,719844,719404,440
64819161,47.8242,45.4088,443,31343,0.66829,0.45,1,719901,719458,443
64822081,35.1648,9.08177,475,31411,0.685658,0.51,1,719933,719458,475
64825001,92.633,25.8164,552,31478,0.721132,0.63,1,720040,719488,552
64827921,47.3266,86.7633,486,31545,0.728226,0.63,1,720076,719590,486
64830841,41.4653,46.1527,490,31612,0.729645,0.59,1,720116,719626,490
64833761,33.8931,41.2305,482,31679,0.729929,0.61,1,720148,719666,482
64836681,45.1786,34.6461,497,31746,0.729986,0.55,1,720196,719699,497
64839601,47.4357,46.1292,496,31813,0.745997,0.63,1,720244,719748,496
64842521,50.2871,46.0258,501,31880,0.797199,0.63,2,720295,719794,501
64845441,11.6574,47.6052,455,31946,0.82344,0.67,2,720297,719842,455
64848361,49.5315,11.121,512,32012,0.812688,0.67,2,720356,719844,512
64851281,36.3063,47.8242,488,32078,0.858538,0.69,2,720389,719901,488
64854201,93.6613,35.1648,564,32144,0.915708,0.73,2,720497,719933,564
65265921,513,615,458,17520,0.01,0.11,1,726623,726165,458
65299501,217.8,267,422,17520,0.058,0.05,1,726767,726345,422
65302421,101.16,82.2,458,18366,0.0116,0.05,1,726839,726381,458
65305341,97.832,91.64,461,18482,0.00232,0.03,1,726936,726475,461
65308261,66.7664,95.128,424,18597,0.000464,0.05,1,726995,726571,424
65311181,39.7533,33.4256,439,18711,0.0240928,0.01,1,727028,726589,439
65314101,63.9507,33.8851,475,18824,0.0288186,0.03,1,727098,726623,475
65317021,85.5901,71.577,485,18937,0.173764,0,1,727189,726704,485
65319941,76.318,122.315,424,19049,0.0587527,0,1,727263,726839,424
65322861,92.8636,102.063,424,19160,0.0357505,0,1,727360,726936,424
65325781,64.1727,67.6126,422,19271,0.0311501,0.03,1,727417,726995,422
65328701,40.8345,39.9225,424,19381,0.01423,0.03,1,727452,727028,424
65331621,64.1669,63.9845,424,19490,0.042846,0.21,1,727522,727098,424
65334541,92.0334,85.5969,432,19599,0.112569,0.21,1,727621,727189,432
65337461,68.8067,17.1194,495,19707,0.0785138,0.03,1,727684,727189,495
65340381,91.3613,62.6239,518,19815,0.0237028,0.03,1,727781,727263,518
65343301,63.8723,90.1248,478,19922,0.00474055,0.03,1,727838,727360,478
65346221,41.5745,63.625,457,20028,0.00894811,0.01,1,727874,727417,457
65349141,65.1149,40.725,493,20134,0.0257896,0.05,1,727945,727452,493
65352061,95.423,64.145,526,20239,0.125158,0.13,1,728048,727522,526
65354981,65.4846,92.029,485,20344,0.193032,0.07,1,728106,727621,485
65357901,89.8969,68.8058,518,20448,0.0626063,0.01,1,728202,727684,518
65360821,64.3794,91.3612,479,20552,0.0365213,0,1,728260,727781,479
65363741,41.6759,63.8722,458,20655,0.0313043,0.01,1,728296,727838,458
65366661,65.1352,41.5744,493,20758,0.0462608,0.03,1,728367,727874,493
65369581,101.027,65.1149,532,20860,0.0172522,0.15,1,728477,727945,532
65372501,68.2054,95.423,489,20962,0.10745,0.21,1,728537,728048,489
65375421,15.2411,65.4846,433,21063,0.12549,0.03,1,728539,728106,433
65378341,71.8482,89.8969,423,21164,0.065098,0.03,1,728625,728202,423
65381261,60.7696,64.3794,423,21264,0.0530196,0.03,1,728683,728260,423
65384181,40.1539,41.6759,422,21364,0.0346039,0.05,1,728718,728296,422
65387101,66.4308,65.1352,424,21463,0.0309208,0.01,1,728791,728367,424
65390021,101.286,101.027,424,21562,0.0461842,0.13,1,728901,728477,424
65392941,71.4572,68.2054,428,21660,0.129237,0.13,1,728965,728537,428
65395861,15.8914,15.2411,428,21758,0.145847,0.05,1,728967,728539,428
65398781,67.1783,71.8482,422,21855,0.197169,0.05,1,729047,728625,422
65401701,59.8357,60.7696,422,21952,0.143434,0.03,1,729105,728683,422
65404621,39.9671,40.1539,422,22049,0.116687,0.03,1,729140,728718,422
65407541,66.3934,66.4308,422,22145,0.0953374,0.05,1,729213,728791,422
65410461,101.279,101.286,422,22241,0.0910675,0.15,1,729323,728901,422
65413381,75.4557,71.4572,427,22336,0.202213,0.15,1,729392,728965,427
65416301,16.6911,15.8914,427,22431,0.224443,0.21,1,729394,728967,427
65419221,69.7382,67.1783,430,22526,0.180889,0.21,1,729477,729047,430
65422141,56.3476,13.4357,483,22620,0.156178,0.13,1,729530,729047,483
65425061,38.4695,49.0871,459,22714,0.151236,0.11,1,729564,729105,459
65427981,65.2939,37.8174,496,22807,0.182247,0.09,1,729636,729140,496
65430901,101.059,65.9635,533,22900,0.236449,0.09,1,729746,729213,533
65433821,81.0118,101.193,499,22993,0.24729,0.23,1,729822,729323,499
65436741,17.8023,75.4385,432,23085,0.249458,0.23,1,729824,729392,432
65439661,69.1605,16.6877,512,23177,0.329892,0.17,1,729906,729394,512
65442581,55.4321,69.7375,481,23268,0.361978,0.15,1,729958,729477,481
65445501,38.2864,56.3475,462,23359,0.384396,0.15,1,729992,729530,462
65448421,68.4573,38.4695,504,23450,0.452879,0.19,1,730068,729564,504
65451341,102.491,65.2939,543,23540,0.482576,0.25,1,730179,729636,543
65454261,82.8983,101.059,511,23630,0.504515,0.25,1,730257,729746,511
65457181,18.1797,81.0118,437,23720,0.508903,0.25,1,730259,729822,437
65460101,72.4359,17.8023,521,23809,0.509781,0.35,1,730345,729824,521
65463021,56.0872,69.1605,491,23898,0.525956,0.37,1,730397,729906,491
65465941,39.2174,55.4321,474,23987,0.545191,0.39,1,730432,729958,474
65468861,9.44349,38.2864,442,24075,0.549038,0.47,1,730434,729992,442
65471781,65.0887,68.4573,445,24163,0.565808,0.49,1,730513,730068,445
65474701,102.618,102.491,446,24251,0.601162,0.51,1,730625,730179,446
65477621,82.1235,82.8983,445,24338,0.592232,0.51,1,730702,730257,445
65480541,18.0247,18.1797,445,24425,0.590446,0.51,1,730704,730259,445
65483461,74.0049,72.4359,447,24512,0.590089,0.53,1,730792,730345,447
65486381,57.201,56.0872,448,24598,0.702018,0.55,1,730845,730397,448
65489301,40.2402,39.2174,449,24684,0.756404,0.55,2,730881,730432,449
65492221,9.64804,9.44349,449,24770,0.767281,0.57,2,730883,730434,449
65495141,64.3296,65.0887,448,24856,0.785456,0.61,2,730961,730513,448
65498061,104.066,102.618,450,24941,0.837091,0.59,2,731075,730625,450
65500981,82.4132,82.1235,450,25026,0.863418,0.59,2,731152,730702,450
65503901,18.0826,18.0247,450,25111,0.868684,0.59,2,731154,730704,450
65506821,75.6165,74.0049,452,25195,0.901737,0.73,2,731244,730792,452
65644061,36,38,521,28881,0.55,1,1,733817,733296,521
65646981,89.6,30.8,595,28954,0.454,1,1,733920,733325,595
65649901,54.72,110.16,511,29027,0.3068,1,1,733966,733455,511
65652821,44.544,52.432,515,29100,0.22936,1,1,734008,733493,515
65655741,33.7088,37.6864,512,29173,0.133872,1,1,734039,733527,512
65658661,32.3418,36.3373,508,29246,0.114774,1,1,734071,733563,508
65661581,69.6684,37.6675,549,29318,0.0629549,0.87,1,734150,733601,549
65664501,41.9337,76.3335,498,29390,0.012591,0.85,1,734185,733687,498
65667421,48.3867,45.6667,510,29462,0.0105182,0.65,1,734235,733725,510
65670341,38.4773,53.9333,490,29534,0.0261036,0.55,1,734271,733781,490
65673261,78.0955,39.5867,542,29606,0.0292207,0.43,1,734359,733817,542
65676181,46.8191,90.3173,478,29677,0.0618441,0.27,1,734398,733920,478
65679101,39.7638,54.8635,470,29748,0.0363688,0.21,1,734436,733966,470
65682021,31.1528,44.5727,457,29819,0.0632738,0.11,1,734465,734008,457
65684941,7.83055,33.7145,428,29890,0.0686548,0.11,1,734467,734039,428
65687861,23.9661,32.3429,424,29961,0.117731,0.05,1,734495,734071,424
65690781,67.1932,69.6686,423,30032,0.0475462,0,1,734573,734150,423
65693701,40.6386,41.9337,422,30102,0.0495092,0.01,1,734607,734185,422
65696621,49.7277,48.3867,424,30172,0.00990185,0.03,1,734659,734235,424
65699541,37.9455,38.4773,423,30242,0.00998037,0.03,1,734694,734271,423
65702461,77.1891,78.0955,422,30312,0.137996,0.07,1,734781,734359,422
65705381,49.0378,46.8191,425,30382,0.163599,0.03,1,734823,734398,425
65708301,39.4076,39.7638,424,30452,0.23272,0.07,1,734860,734436,424
65711221,31.8815,31.1528,425,30521,0.262544,0.07,1,734890,734465,425
65714141,7.9763,7.83055,425,30590,0.236509,0.13,1,734892,734467,425
65717061,24.7953,23.9661,426,30659,0.279302,0.03,1,734921,734495,426
65719981,64.9591,67.1932,423,30728,0.31986,0.05,1,734996,734573,423
65722901,39.3918,40.6386,422,30797,0.343972,0,1,735029,734607,422
65725821,49.4784,49.7277,422,30866,0.188794,0.01,1,735081,734659,422
65728741,37.8957,37.9455,422,30935,0.141759,0.17,1,735116,734694,422
65731661,82.7791,77.1891,429,31003,0.148352,0.17,1,735210,734781,429
65734581,50.9558,49.0378,430,31071,0.16567,0.25,1,735253,734823,430
65737501,42.1912,39.4076,433,31139,0.201134,0.27,1,735293,734860,433
65740421,32.4382,31.8815,433,31207,0.208227,0.23,1,735323,734890,433
65743341,8.08765,7.9763,433,31275,0.177645,0.29,1,735325,734892,433
65746261,28.0175,24.7953,437,31343,0.171529,0.29,1,735358,734921,437
65749181,65.6035,4.95905,512,31411,0.122306,0.33,1,735433,734921,512
65752101,37.1207,60.9918,467,31478,0.128461,0.35,1,735463,734996,467
65755021,44.2241,38.5984,480,31545,0.129692,0.15,1,735509,735029,480
65757941,36.0448,49.3197,462,31612,0.129938,0.13,1,735543,735081,462
65760861,83.209,37.8639,522,31679,0.0979877,0.15,1,735638,735116,522
65763781,51.8418,82.7728,472,31746,0.123598,0.17,1,735682,735210,472
65766701,42.3684,50.9546,469,31813,0.16072,0.21,1,735722,735253,469
65769621,33.2737,42.1909,460,31880,0.184144,0.21,1,735753,735293,460
65772541,8.25473,32.4382,432,31946,0.220829,0.17,1,735755,735323,432
65775461,25.6509,8.08764,460,32012,0.212166,0.17,1,735785,735325,460
65778381,65.1302,28.0175,502,32078,0.258433,0.11,1,735860,735358,502
65781301,37.026,65.6035,457,32144,0.283687,0.13,1,735890,735433,457
65784221,44.2052,37.1207,473,32210,0.320737,0.13,1,735936,735463,473
65787141,36.041,44.2241,461,32276,0.328147,0.13,1,735970,735509,461
65790061,82.4082,36.0448,521,32342,0.329629,0.09,1,736064,735543,521
65792981,52.4816,83.209,471,32407,0.313926,0.13,1,736109,735638,471
65795901,44.0963,51.8418,469,32472,0.358785,0.17,1,736151,735682,469
65798821,35.2193,42.3684,462,32537,0.367757,0.19,1,736184,735722,462
65801741,8.64385,33.2737,433,32602,0.417551,0.23,1,736186,735753,433
65804661,25.7288,8.25473,461,32667,0.42751,0.21,1,736216,735755,461
65807581,67.5458,25.6509,509,32732,0.477502,0.27,1,736294,735785,509
65810501,15.1092,65.1302,436,32797,0.4875,0.29,1,736296,735860,436
65813421,27.0218,37.026,436,32861,0.5215,0.33,1,736326,735890,436
65816341,43.8044,44.2052,438,32925,0.5283,0.33,1,736374,735936,438
65819261,35.9609,36.041,438,32989,0.54566,0.33,1,736408,735970,438
65822181,80.7922,82.4082,436,33053,0.549132,0.31,1,736500,736064,436
65825101,54.5584,52.4816,439,33117,0.613826,0.37,1,736548,736109,439
65828021,45.3117,44.0963,440,33181,0.626765,0.37,1,736591,736151,440
65830941,37.8623,35.2193,443,33245,0.677353,0.43,1,736627,736184,443
65833861,9.17247,8.64385,443,33309,0.719471,0.43,1,736629,736186,443
65836781,26.6345,25.7288,444,33372,0.711894,0.49,1,736660,736216,444
65839701,69.3269,67.5458,446,33435,0.774379,0.49,2,736740,736294,446
65842621,15.4654,15.1092,446,33498,0.786876,0.53,2,736742,736296,446
65845541,27.0931,27.0218,446,33561,0.821375,0.53,2,736772,736326,446
65848461,46.2186,43.8044,449,33624,0.860275,0.55,2,736823,736374,449
65851381,36.4437,35.9609,449,33687,0.852055,0.55,2,736857,736408,449
65854301,80.8887,80.7922,449,33750,0.866411,0.63,2,736949,736500,449
65857221,56.9777,54.5584,452,33813,0.901282,0.63,2,737000,736548,452
65886421,93,34,556,34434,0.93,0.87,2,737413,736857,556
65889341,61,80.4,517,34495,0.914,0.91,2,737466,736949,517
65892261,49,56.88,512,34556,0.9268,0.95,2,737512,737000,512
65895181,41,47.376,506,34617,0.94536,0.95,2,737551,737045,506
65898101,9.8,39.8752,470,34678,0.949072,0.95,2,737553,737083,470
66023661,52,0,557,37209,0.79,1,2,739331,738774,557
66026581,38.4,55.2,523,37266,0.742,1,1,739366,738843,523
66029501,54.08,46.24,537,37323,0.5884,1,1,739424,738887,537
66032421,38.816,50.048,521,37380,0.50968,1,1,739459,738938,521
66035341,33.3632,45.2096,509,37437,0.461936,1,1,739491,738982,509
66038261,37.8726,35.4419,515,37493,0.388387,0.99,1,739530,739015,515
66041181,57.1745,33.4884,544,37549,0.309677,1,1,739592,739048,544
66044101,41.0349,62.6977,511,37605,0.277935,0.94,1,739629,739118,511
66047021,26.607,42.9395,496,37661,0.239587,1,1,739652,739156,496
66049941,18.1214,26.9879,489,37717,0.151917,1,1,739668,739179,489
66052861,33.2243,20.5976,507,37773,0.134383,0.91,1,739705,739198,507
66055781,35.4449,38.5195,500,37829,0.114877,0.86,1,739741,739241,500
66058701,49.489,38.1039,515,37885,0.0629753,0.79,1,739794,739279,515
66061621,36.2978,49.2208,496,37941,0.0525951,0.73,1,739827,739331,496
66064541,42.4596,37.8442,505,37997,0.098519,0.55,1,739871,739366,505
66067461,34.0919,53.9688,479,38053,0.0917038,0.49,1,739903,739424,479
66070381,30.0184,38.7938,473,38109,0.122341,0.45,1,739932,739459,473
66073301,34.0037,33.3588,476,38164,0.128468,0.37,1,739967,739491,476
66076221,56.4007,37.8718,499,38219,0.129694,0.29,1,740029,739530,499
66079141,36.8801,57.1744,469,38274,0.161939,0.27,1,740061,739592,469
66082061,24.976,41.0349,454,38329,0.216388,0.23,1,740083,739629,454
66084981,15.3952,26.607,444,38384,0.211278,0.13,1,740096,739652,444
66087901,31.079,18.1214,463,38439,0.162256,0.13,1,740131,739668,463
66090821,33.4158,33.2243,460,38494,0.216451,0.11,1,740165,739705,460
66093741,49.0832,35.4449,477,38549,0.19529,0.05,1,740218,739741,477
66096661,37.8166,49.489,459,38604,0.303058,0.05,1,740253,739794,459
66099581,9.16333,36.2978,428,38659,0.324612,0.11,1,740255,739827,428
66102501,36.2327,42.4596,427,38714,0.312922,0.09,1,740298,739871,427
66105421,34.4465,34.0919,429,38769,0.326584,0.13,1,740332,739903,429
66108341,29.2893,30.0184,428,38823,0.377317,0.13,1,740360,739932,428
66111261,33.8579,34.0037,428,38877,0.339463,0.13,1,740395,739967,428
66114181,56.3716,56.4007,428,38931,0.395893,0.17,1,740457,740029,428
66117101,40.0743,36.8801,432,38985,0.423179,0.23,1,740493,740061,432
66120021,24.8149,24.976,431,39039,0.476636,0.21,1,740514,740083,431
66122941,16.163,15.3952,432,39093,0.487327,0.15,1,740528,740096,432
66125861,30.4326,31.079,431,39147,0.505465,0.23,1,740562,740131,431
66128781,35.6865,33.4158,434,39201,0.541093,0.19,1,740599,740165,434
66131701,48.7373,49.0832,433,39255,0.548219,0.33,1,740651,740218,433
66134621,41.7475,37.8166,438,39309,0.613644,0.33,1,740691,740253,438
66137541,9.94949,9.16333,438,39363,0.594729,0.31,1,740693,740255,438
66140461,36.3899,36.2327,438,39417,0.606946,0.33,1,740736,740298,438
66143381,35.278,34.4465,439,39471,0.609389,0.39,1,740771,740332,439
66146301,29.4556,29.2893,439,39525,0.593878,0.33,1,740799,740360,439
66149221,33.0911,33.8579,438,39578,0.622776,0.41,1,740833,740395,438
66152141,57.8182,56.3716,440,39631,0.612555,0.43,1,740897,740457,440
66155061,42.7636,40.0743,443,39684,0.626511,0.49,1,740936,740493,443
66157981,26.1527,24.8149,444,39737,0.613302,0.49,1,740958,740514,444
66160901,16.4305,16.163,444,39790,0.64266,0.51,1,740972,740528,444
66163821,32.0861,30.4326,446,39843,0.664532,0.55,1,741008,740562,446
66166741,38.4172,35.6865,449,39896,0.684906,0.55,1,741048,740599,449
66169661,50.0834,48.7373,450,39949,0.752981,0.63,2,741101,740651,450
66172581,42.8167,41.7475,451,40002,0.750596,0.59,2,741142,740691,451
66175501,10.1633,9.94949,451,40055,0.750119,0.61,2,741144,740693,451
66178421,35.6327,36.3899,450,40108,0.750024,0.61,2,741186,740736,450
66181341,35.1265,7.27798,485,40161,0.718005,0.61,1,741221,740736,485
66184261,29.4253,29.4556,478,40214,0.759601,0.59,2,741249,740771,478
66187181,33.0851,28.2911,484,40267,0.78392,0.63,2,741283,740799,484
66190101,57.017,32.8582,513,40319,0.820784,0.61,2,741346,740833,513
66193021,44.2034,57.7716,490,40371,0.844157,0.63,2,741387,740897,490
66195941,26.4407,42.7543,473,40423,0.864831,0.61,2,741409,740936,473
66198861,16.4881,26.1509,465,40475,0.868966,0.65,2,741423,740958,465
66201781,34.4976,16.4302,490,40527,0.853793,0.67,2,741462,740972,490
66204701,39.6995,32.086,495,40579,0.850759,0.69,2,741503,741008,495
66207621,51.9399,38.4172,510,40631,0.818152,0.77,2,741558,741048,510
66210541,42.388,50.0834,497,40683,0.81163,0.75,2,741598,741101,497
66213461,10.0776,42.8167,458,40735,0.810326,0.75,2,741600,741142,458
66216381,35.6155,10.1633,498,40787,0.810065,0.75,2,741642,741144,498
66219301,37.5231,35.6327,494,40839,0.858013,0.71,2,741680,741186,494
66222221,30.7046,35.1265,488,40891,0.867603,0.77,2,741709,741221,488
66225141,33.3409,29.4253,494,40943,0.86952,0.79,2,741743,741249,494
66228061,58.6682,33.0851,525,40995,0.917904,0.83,2,741808,741283,525
66230981,45.3336,57.017,504,41046,0.927581,0.85,2,741850,741346,504
66233901,27.4667,44.2034,486,41097,0.945516,0.87,2,741873,741387,486
66391581,25,22,524,43783,0.73,1,1,743719,743195,524
66394501,32.2,35.6,519,43831,0.826,1,2,743753,743234,519
66397421,32.04,36.72,514,43879,0.7812,1,2,743785,743271,514
66400341,27.208,31.344,510,43927,0.72424,1,1,743811,743301,510
66403261,27.0416,27.8688,510,43975,0.696848,0.98,1,743838,743328,510
66406181,31.0083,27.9738,514,44023,0.72337,1,1,743870,743356,514
66409101,37.4017,36.7948,514,44071,0.744674,1,1,743909,743395,514
66412021,53.0803,37.7589,533,44119,0.668935,1,1,743966,743433,533
66414941,39.4161,57.9518,506,44167,0.781787,1,2,744002,743496,506
66417861,32.6832,40.3904,501,44215,0.804357,0.89,2,744033,743532,501
66420781,30.5366,36.0781,496,44263,0.776872,0.87,2,744063,743567,496
66423701,34.9073,33.6156,499,44311,0.803374,0.85,2,744099,743600,499
66426621,33.3815,36.3231,495,44359,0.840675,0.85,2,744132,743637,495
66429541,21.8763,33.6646,481,44407,0.864135,0.79,2,744151,743670,481
66432461,20.3753,25.9329,477,44455,0.836827,0.73,2,744171,743694,477
66435381,5.67505,25.1866,454,44502,0.831365,0.85,2,744173,743719,454
66438301,31.535,32.2373,458,44549,0.862273,0.77,2,744211,743753,458
66441221,27.907,32.0475,453,44596,0.852455,0.71,2,744238,743785,453
66444141,26.3814,27.2095,453,44643,0.866491,0.69,2,744264,743811,453
66447061,30.0763,27.0419,457,44690,0.869298,0.73,2,744295,743838,457
66449981,30.8153,31.0084,456,44737,0.86986,0.75,2,744326,743870,456
66452901,39.7631,37.4017,459,44784,0.901972,0.65,2,744368,743909,459
66668981,45,47,492,48144,0.79,1,2,746704,746212,492
66671901,37.8,39,491,48188,0.758,1,2,746740,746249,491
66674821,27.56,29.4,489,48232,0.6876,0.96,1,746765,746276,489
66677741,37.512,24.28,506,48276,0.57752,1,1,746805,746299,506
66680661,37.1024,35.256,505,48320,0.491504,1,1,746842,746337,505
66683581,29.0205,37.4512,494,48364,0.474301,0.95,1,746869,746375,494
66686501,22.6041,31.4902,485,48408,0.40686,1,1,746890,746405,485
66689421,42.9208,40.698,490,48452,0.233372,1,1,746938,746448,490
66692341,37.3842,39.3396,487,48495,0.182674,1,1,746974,746487,487
66695261,25.8768,31.0679,481,48538,0.0925349,1,1,746997,746516,481
66698181,31.5754,27.8136,487,48581,0.026507,1,1,747030,746543,487
66701101,37.5151,35.1627,489,48624,0.0453014,1,1,747069,746580,489
66704021,35.503,37.4325,486,48667,0.0170603,0.97,1,747104,746618,486
66706941,17.5006,27.4865,474,48710,0.0434121,0.92,1,747117,746643,474
66709861,9.10012,13.4973,471,48753,0.0806824,0.92,1,747124,746653,471
66712781,6.62002,7.49946,471,48796,0.104136,0.79,1,747130,746659,471
66715701,31.724,37.4999,464,48839,0.0768273,0.79,1,747168,746704,464
66718621,31.1448,7.49998,495,48882,0.0393655,0.75,1,747199,746704,495
66721541,22.229,30.3,479,48925,0.0638731,0.67,1,747219,746740,479
66724461,30.8458,26.06,487,48968,0.0527746,0.55,1,747252,746765,487
66727381,30.9692,37.212,478,49011,0.114555,0.47,1,747283,746805,478
66730301,25.3938,37.0424,465,49054,0.142911,0.47,1,747307,746842,465
66733221,21.8788,29.0085,459,49097,0.148582,0.39,1,747328,746869,459
66736141,37.1758,22.6017,479,49140,0.165716,0.19,1,747369,746890,479
66739061,33.0352,42.9203,463,49183,0.169143,0.17,1,747401,746938,463
66741981,20.207,37.3841,444,49226,0.121829,0.07,1,747418,746974,444
66744901,31.2414,25.8768,455,49269,0.0963657,0.01,1,747452,746997,455
66747821,36.6483,31.5754,460,49312,0.107273,0.05,1,747490,747030,460
66750741,35.3297,37.5151,456,49355,0.0294546,0.01,1,747525,747069,456
66753661,19.8659,35.503,437,49398,0.0458909,0.05,1,747541,747104,437
66756581,7.97319,17.5006,429,49441,0.0331782,0.09,1,747546,747117,429
66759501,7.99464,9.10012,430,49484,0.00663564,0.11,1,747554,747124,430
66762421,30.3989,6.62002,460,49527,0.0573271,0.07,1,747590,747130,460
66765341,30.8798,31.724,453,49570,0.0354654,0.03,1,747621,747168,453
66768261,23.776,31.1448,444,49613,0.0470931,0.07,1,747643,747199,444
66771181,30.3552,22.229,456,49655,0.0814186,0.05,1,747675,747219,456
66774101,33.271,30.8458,457,49697,0.0882837,0.13,1,747709,747252,457
66777021,25.8542,30.9692,450,49739,0.121657,0.15,1,747733,747283,450
66779941,24.3708,25.3938,450,49781,0.128331,0.15,1,747757,747307,450
66782861,37.6742,21.8788,470,49823,0.161666,0.17,1,747798,747328,470
66785781,33.1348,37.1758,461,49865,0.184333,0.17,1,747830,747369,461
66788701,19.427,33.0352,445,49907,0.188867,0.11,1,747846,747401,445
66791621,25.4854,20.207,455,49949,0.205773,0.09,1,747873,747418,455
66794541,39.4971,31.2414,464,49991,0.193155,0.11,1,747916,747452,464
66797461,33.4994,36.6483,458,50033,0.190631,0.01,1,747948,747490,458
66800381,17.8999,35.3297,437,50075,0.174126,0.05,1,747962,747525,437
66803301,7.57998,19.8659,426,50117,0.186825,0.03,1,747967,747541,426
66806221,7.916,7.97319,429,50159,0.157365,0,1,747975,747546,429
66809141,31.1832,7.99464,458,50201,0.183473,0.07,1,748012,747554,458
66812061,31.0366,30.3989,453,50243,0.188695,0.03,1,748043,747590,453
66814981,24.6073,30.8798,445,50285,0.173739,0.05,1,748066,747621,445
66817901,6.52147,23.776,425,50327,0.170748,0.09,1,748068,747643,425
66820821,27.7043,30.3552,426,50369,0.23415,0.09,1,748101,747675,426
66823741,34.3409,33.271,428,50411,0.26283,0.13,1,748137,747709,428
66826661,26.0682,25.8542,428,50453,0.252566,0.13,1,748161,747733,428
66829581,24.4136,24.3708,428,50495,0.282513,0.17,1,748185,747757,428
66832501,39.2827,37.6742,430,50537,0.288503,0.19,1,748228,747798,430
66835421,34.2565,33.1348,431,50579,0.321701,0.19,1,748261,747830,431
66838341,19.6513,19.427,431,50621,0.29634,0.21,1,748277,747846,431
66841261,26.3303,25.4854,432,50663,0.291268,0.19,1,748305,747873,432
66844181,38.8661,39.4971,431,50705,0.338254,0.19,1,748347,747916,431
66847101,31.7732,33.4994,429,50747,0.363651,0.17,1,748377,747948,429
66850021,18.3546,17.8999,430,50789,0.38473,0.19,1,748392,747962,430
66852941,6.87093,7.57998,429,50830,0.388946,0.15,1,748396,747967,429
66855861,9.37419,7.916,431,50871,0.357789,0.19,1,748406,747975,431
66858781,32.2748,31.1832,432,50912,0.431558,0.19,1,748444,748012,432
66861701,30.455,31.0366,431,50953,0.446312,0.17,1,748474,748043,431
66864621,23.691,24.6073,430,50994,0.449262,0.17,1,748496,748066,430
66867541,6.3382,6.52147,430,51035,0.449852,0.25,1,748498,748068,430
66870461,29.2676,27.7043,432,51076,0.51397,0.27,1,748533,748101,432
66873381,36.2535,34.3409,434,51117,0.558794,0.25,1,748571,748137,434
66876301,26.4507,26.0682,434,51158,0.535759,0.29,1,748595,748161,434
66879221,24.4901,24.4136,434,51199,0.563152,0.29,1,748619,748185,434
66882141,40.098,39.2827,435,51240,0.56863,0.33,1,748663,748228,435
66885061,35.2196,34.2565,436,51281,0.521726,0.29,1,748697,748261,436
66887981,19.8439,19.6513,436,51322,0.528345,0.29,1,748713,748277,436
66890901,26.3688,26.3303,436,51363,0.529669,0.35,1,748741,748305,436
66893821,39.6738,38.8661,437,51404,0.513934,0.37,1,748784,748347,437
66896741,32.7348,31.7732,438,51445,0.494787,0.39,1,748815,748377,438
66899661,19.347,18.3546,439,51486,0.490957,0.39,1,748831,748392,439
66902581,7.06939,6.87093,439,51527,0.490191,0.35,1,748835,748396,439
66905501,11.0139,9.37419,441,51568,0.490038,0.45,1,748847,748406,441
66908421,35.0028,32.2748,444,51609,0.522008,0.45,1,748888,748444,444
66911341,31.0006,30.455,444,51650,0.544402,0.45,1,748918,748474,444
66914261,23.8001,23.691,444,51691,0.59688,0.45,1,748940,748496,444
66917181,6.36002,6.3382,444,51732,0.639376,0.53,1,748942,748498,444
66920101,30.872,29.2676,446,51773,0.631875,0.53,1,748979,748533,446
66923021,37.3744,5.85353,485,51814,0.614375,0.57,1,749018,748533,485
66925941,26.6749,31.5707,471,51855,0.610875,0.53,1,749042,748571,471
66928861,24.535,25.5141,471,51896,0.626175,0.57,1,749066,748595,471
66931781,40.107,24.3028,491,51937,0.661235,0.57,1,749110,748619,491
66934701,34.4214,40.0606,480,51978,0.684247,0.51,1,749143,748663,480
66937621,20.4843,35.2121,463,52019,0.720849,0.53,1,749160,748697,463
66940541,26.4969,19.8424,475,52059,0.72817,0.53,1,749188,748713,475
66943461,38.8994,26.3685,489,52099,0.761634,0.51,2,749230,748741,489
66946381,31.7799,39.6737,476,52139,0.784327,0.49,2,749260,748784,476
66949301,19.156,32.7347,461,52179,0.788865,0.49,2,749276,748815,461
66952221,7.03119,19.3469,449,52219,0.789773,0.49,2,749280,748831,449
66955141,11.0062,7.06939,457,52259,0.805955,0.49,2,749292,748835,457
66958061,37.4012,11.0139,489,52299,0.777191,0.53,2,749336,748847,489
66960981,33.0802,35.0028,480,52339,0.771438,0.55,2,749368,748888,480
66963901,25.016,31.0006,473,52379,0.738288,0.61,1,749391,748918,473
66966821,6.60321,23.8001,453,52419,0.731658,0.65,1,749393,748940,453
66969741,31.7206,6.36002,489,52459,0.730331,0.63,1,749431,748942,489
66972661,36.7441,30.872,490,52499,0.746066,0.61,1,749469,748979,490
66975581,27.3488,37.3744,476,52539,0.765213,0.61,2,749494,749018,476
66978501,24.6698,26.6749,476,52579,0.769043,0.63,2,749518,749042,476
66981421,41.734,24.535,498,52619,0.785809,0.67,2,749564,749066,498
66984341,36.3468,40.107,489,52659,0.773162,0.69,2,749599,749110,489
66987261,21.6694,34.4214,474,52699,0.770632,0.73,2,749617,749143,474
66990181,26.7339,20.4843,485,52739,0.770127,0.73,2,749645,749160,485
66993101,41.3468,26.4969,502,52779,0.850025,0.77,2,749690,749188,502
66996021,32.2694,38.8994,490,52819,0.866005,0.79,2,749720,749230,490
66998941,20.0539,31.7799,477,52859,0.885201,0.79,2,749737,749260,477
67001861,7.21077,19.156,465,52899,0.88904,0.79,2,749741,749276,465
67004781,11.0422,7.03119,473,52939,0.889808,0.81,2,749753,749280,473
67007701,35.8084,11.0062,503,52979,0.889962,0.77,2,749795,749292,503
67010621,31.1617,37.4012,489,53019,0.889992,0.77,2,749825,749336,489
67013541,24.6323,33.0802,480,53059,0.889998,0.73,2,749848,749368,480
67016461,6.52647,25.016,459,53099,0.89,0.73,2,749850,749391,459
67019381,31.7053,6.60321,495,53139,0.938,0.73,2,749888,749393,495
67282181,85,110,434,26280,0.09,0.17,1,752351,751917,434
67285101,64.2,52.4,455,26361,0.106,0.03,1,752410,751955,455
67288021,35.24,51.28,432,26441,0.0932,0.03,1,752438,752006,432
67290941,67.848,39.856,471,26521,0.01864,0.01,1,752514,752043,471
67293861,63.9696,76.7712,448,26601,0.027728,0.03,1,752577,752129,448
67296781,51.9939,56.1542,446,26681,0.0295456,0.09,1,752626,752180,446
67299701,35.1988,52.8308,425,26760,0.0299091,0.07,1,752657,752232,425
67302621,21.4398,18.5662,433,26839,0.0939818,0.03,1,752675,752242,433
67305541,53.088,22.9132,470,26918,0.0747964,0.03,1,752736,752266,470
67308461,41.0176,59.7826,439,26997,0.0549593,0.11,1,752774,752335,439
67311381,58.6035,71.9565,427,27075,0.0829919,0.09,1,752837,752410,427
67314301,30.1207,36.7913,422,27153,0.136598,0,1,752860,752438,422
67317221,67.6241,68.1583,423,27231,0.0273197,0.03,1,752937,752514,423
67320141,63.1248,64.0317,422,27309,0.0454639,0.03,1,752999,752577,422
67323061,52.625,52.0063,423,27387,0.0170928,0.03,1,753049,752626,423
67325981,36.925,35.2013,425,27464,0.0114186,0.11,1,753082,752657,425
67328901,23.385,21.4403,427,27541,0.0102837,0.07,1,753102,752675,427
67331821,51.877,53.088,425,27618,0.0420567,0.05,1,753161,752736,425
67334741,40.7754,41.0176,425,27695,0.0644113,0.09,1,753199,752774,425
67337661,59.3551,58.6035,426,27771,0.0688823,0.15,1,753263,752837,426
67340581,31.071,30.1207,427,27847,0.101776,0,1,753287,752860,427
67343501,63.8142,67.6241,422,27923,0.0283553,0.05,1,753359,752937,422
67346421,62.3628,63.1248,422,27999,0.0616711,0.01,1,753421,752999,422
67349341,52.4726,52.625,422,28075,0.0363342,0.01,1,753471,753049,422
67352261,36.8945,36.925,422,28150,0.0312668,0.01,1,753504,753082,422
67355181,23.3789,23.385,422,28225,0.0142534,0.05,1,753524,753102,422
67358101,53.4758,51.877,424,28300,0.0908507,0.07,1,753585,753161,424
67361021,40.2952,40.7754,423,28375,0.13817,0.07,1,753622,753199,423
67363941,60.059,8.15508,488,28450,0.163634,0.07,1,753687,753199,488
67366861,31.2118,52.831,448,28524,0.168727,0.11,1,753711,753263,448
67369781,61.4424,29.7662,493,28598,0.233745,0.01,1,753780,753287,493
67372701,61.8885,63.5532,483,28672,0.118749,0.07,1,753842,753359,483
67375621,52.3777,62.3107,471,28746,0.0477498,0.03,1,753892,753421,471
67378541,36.8755,52.4621,454,28820,0.04955,0.03,1,753925,753471,454
67381461,24.9751,36.8924,443,28893,0.03391,0.01,1,753947,753504,443
67384381,54.595,23.3785,485,28966,0.046782,0.11,1,754009,753524,485
67387301,42.919,53.4757,464,29039,0.0653564,0.15,1,754049,753585,464
67390221,62.1838,40.2951,494,29112,0.117071,0.17,1,754116,753622,494
67393141,32.4368,60.059,454,29185,0.111414,0.17,1,754141,753687,454
67396061,60.8874,31.2118,498,29258,0.206283,0.25,1,754209,753711,498
67398981,58.5775,61.4424,487,29330,0.257257,0.09,1,754267,753780,487
67401901,49.3155,61.8885,472,29402,0.235451,0.03,1,754314,753842,472
67404821,36.2631,52.3777,455,29474,0.19909,0.05,1,754347,753892,455
67407741,24.0526,36.8755,443,29546,0.207818,0.03,1,754368,753925,443
67410661,56.8105,24.9751,486,29618,0.209564,0.05,1,754433,753947,486
67413581,43.3621,54.595,464,29689,0.225913,0.07,1,754473,754009,464
67416501,64.6724,42.919,494,29760,0.229183,0.13,1,754543,754049,494
67419421,33.7345,62.1838,453,29831,0.245837,0.11,1,754569,754116,453
67422341,8.3469,32.4368,430,29902,0.249167,0.23,1,754571,754141,430
67425261,58.4694,60.8874,433,29973,0.249833,0.27,1,754642,754209,433
67428181,60.4939,58.5775,436,30044,0.297967,0.23,1,754703,754267,436
67431101,45.6988,49.3155,431,30114,0.275593,0.19,1,754745,754314,431
67434021,35.5398,36.2631,431,30184,0.287119,0.21,1,754778,754347,431
67436941,23.108,24.0526,430,30254,0.321424,0.21,1,754798,754368,430
67439861,58.2216,56.8105,432,30324,0.360285,0.23,1,754865,754433,432
67442781,44.4443,43.3621,433,30394,0.400057,0.23,1,754906,754473,433
67445701,65.6889,64.6724,434,30464,0.440011,0.25,1,754977,754543,434
67448621,33.9378,33.7345,434,30533,0.432002,0.25,1,755003,754569,434
67451541,8.38755,8.3469,434,30602,0.4624,0.25,1,755005,754571,434
67454461,60.0775,58.4694,436,30671,0.45248,0.31,1,755078,754642,436
67457381,60.0155,60.4939,435,30740,0.482496,0.27,1,755138,754703,435
67460301,45.6031,45.6988,435,30809,0.488499,0.29,1,755180,754745,435
67463221,36.3206,35.5398,436,30878,0.5217,0.33,1,755214,754778,436
67466141,24.0641,23.108,437,30947,0.52834,0.37,1,755235,754798,437
67469061,60.8128,58.2216,440,31015,0.497668,0.41,1,755305,754865,440
67471981,46.5626,44.4443,442,31083,0.523534,0.45,1,755348,754906,442
67474901,66.9125,65.6889,443,31151,0.528707,0.43,1,755420,754977,443
67477821,34.1825,33.9378,443,31219,0.561741,0.47,1,755446,755003,443
67480741,8.4365,8.38755,443,31287,0.568348,0.47,1,755448,755005,443
67483661,58.4873,1.67751,514,31355,0.56967,0.45,1,755519,755005,514
67486581,61.2975,58.7355,503,31422,0.617934,0.49,1,755581,755078,503
67489501,45.8595,59.7471,485,31489,0.643587,0.49,1,755623,755138,485
67492421,37.9719,45.5494,479,31556,0.648717,0.53,1,755659,755180,479
67495341,24.3944,36.3099,466,31623,0.665743,0.53,1,755680,755214,466
67498261,59.2789,24.062,513,31690,0.669149,0.49,1,755748,755235,513
67501181,47.8558,60.8124,488,31757,0.65383,0.53,1,755793,755305,488
67504101,68.7712,46.5625,519,31824,0.682766,0.53,1,755867,755348,519
67507021,34.5542,66.9125,473,31890,0.704553,0.57,1,755893,755420,473
67509941,8.51085,34.1825,449,31956,0.708911,0.57,1,755895,755446,449
67512861,60.1022,8.4365,520,32022,0.725782,0.57,1,755968,755448,520
67515781,64.0204,58.4873,514,32088,0.793156,0.63,2,756033,755519,514
67518701,47.2041,61.2975,495,32154,0.838631,0.65,2,756076,755581,495
67521621,38.2408,45.8595,489,32220,0.879726,0.65,2,756112,755623,489
67524541,25.2482,37.9719,475,32286,0.887945,0.67,2,756134,755659,475
67527461,59.4496,24.3944,522,32352,0.937589,0.67,2,756202,755680,522
67530381,47.0899,59.2789,498,32417,0.947518,0.65,2,756246,755748,498
67836981,36,33,521,38667,0.83,1,2,760574,760053,521
67839901,25.6,51.4,488,38722,0.862,1,2,760597,760109,488
67842821,49.92,59.08,483,38777,0.8364,1,2,760653,760170,483
67845741,37.984,41.416,481,38831,0.83128,0.87,2,760688,760207,481
67848661,49.1968,53.0832,477,38885,0.830256,1,2,760740,760263,477
67851581,33.8394,31.4166,481,38939,0.830051,1,2,760770,760289,481
67854501,33.1679,39.0833,473,38993,0.84601,0.95,2,760803,760330,473
67857421,46.6336,51.0167,469,39047,0.801202,0.99,2,760853,760384,469
67860341,32.5267,36.6033,465,39101,0.90424,0.96,2,760882,760417,465
67863261,36.1053,36.9207,465,39155,0.876848,1,2,760919,760454,465
67866181,25.6211,25.7841,465,39209,0.91937,0.9,2,760942,760477,465
67869101,23.5242,25.9568,462,39263,0.943874,0.85,2,760965,760503,462
68064741,23,40,499,42716,0.79,1,2,763402,762903,499
68067661,22.2,28.8,495,42765,0.774,1,2,763424,762929,495
68070581,13.24,16.16,493,42814,0.7228,1,1,763435,762942,493
68073501,43.448,31.232,509,42863,0.64856,1,1,763486,762977,509
68076421,34.2896,36.6464,503,42912,0.537712,1,1,763518,763015,503
68079341,25.2579,36.9293,489,42961,0.483542,1,1,763541,763052,489
68082261,27.4516,29.7859,489,43010,0.520709,1,1,763569,763080,489
68085181,26.2903,5.95717,515,43059,0.400142,1,1,763595,763080,515
68088101,48.4581,36.3914,525,43108,0.344028,1,1,763649,763124,525
68091021,32.0916,48.0783,502,43157,0.268806,1,1,763677,763175,502
68093941,40.0183,36.8157,510,43206,0.157761,1,1,763719,763209,510
68096861,56.0037,37.7631,532,43255,0.0555522,0.96,1,763779,763247,532
68099781,40.0007,57.9526,505,43304,0.0671104,0.92,1,763815,763310,505
68102701,30.4001,41.9905,495,43353,0.0534221,0.85,1,763843,763348,495
68105621,19.68,33.1981,481,43402,0.0106844,0.79,1,763860,763379,481
68108541,19.136,25.0396,477,43451,0.0421369,0.77,1,763879,763402,477
68111461,12.6272,22.6079,466,43500,0.128427,0.71,1,763890,763424,466
68114381,39.3254,13.3216,501,43549,0.0656855,0.63,1,763936,763435,501
68117301,27.8651,43.4643,475,43597,0.0691371,0.51,1,763961,763486,475
68120221,24.773,34.2929,467,43645,0.0698274,0.47,1,763985,763518,467
68123141,26.5546,25.2586,471,43693,0.0539655,0.53,1,764012,763541,471
68126061,24.5109,27.4517,467,43741,0.0507931,0.37,1,764036,763569,467
68128981,44.1022,26.2903,490,43789,0.0501586,0.33,1,764085,763595,490
68131901,28.0204,48.4581,460,43837,0.0980317,0.25,1,764109,763649,460
68134821,37.6041,32.0916,472,43885,0.139606,0.13,1,764149,763677,472
68137741,48.3208,40.0183,481,43933,0.163921,0.03,1,764200,763719,481
68140661,40.0642,56.0037,459,43981,0.120784,0.07,1,764238,763779,459
68143581,28.8128,40.0007,449,44029,0.112157,0.05,1,764264,763815,449
68146501,20.1626,30.4001,439,44077,0.142431,0,1,764282,763843,439
68149421,23.2325,19.68,446,44125,0.148486,0.05,1,764306,763860,446
68152341,12.6465,19.136,437,44173,0.197697,0.15,1,764316,763879,437
68155261,36.9293,12.6272,469,44221,0.191539,0.05,1,764359,763890,469
68158181,28.1859,39.3254,449,44269,0.190308,0.07,1,764385,763936,449
68161101,23.2372,27.8651,446,44317,0.190062,0.07,1,764407,763961,446
68164021,27.0474,24.773,450,44365,0.190012,0.05,1,764435,763985,450
68166941,24.6095,26.5546,447,44413,0.190002,0.05,1,764459,764012,447
68169861,44.1219,24.5109,472,44460,0.206001,0.05,1,764508,764036,472
68172781,10.4244,44.1022,425,44507,0.2092,0.11,1,764510,764085,425
68175701,21.2849,28.0204,425,44554,0.24184,0.15,1,764534,764109,425
68178621,41.057,37.6041,431,44601,0.248368,0.17,1,764580,764149,431
68181541,46.6114,48.3208,428,44648,0.217674,0.11,1,764628,764200,428
68184461,38.9223,40.0642,427,44695,0.227535,0.11,1,764665,764238,427
68187381,29.3845,28.8128,428,44742,0.261507,0.15,1,764692,764264,428
68190301,20.2769,20.1626,428,44789,0.268301,0.15,1,764710,764282,428
68193221,26.4554,23.2325,432,44836,0.23766,0.21,1,764738,764306,432
68196141,13.2911,12.6465,432,44883,0.231532,0.19,1,764748,764316,432
68199061,36.2582,36.9293,431,44930,0.310306,0.19,1,764790,764359,431
68201981,28.0516,28.1859,431,44977,0.326061,0.19,1,764816,764385,431
68204901,23.2103,23.2372,431,45024,0.297212,0.19,1,764838,764407,431
68207821,27.0421,27.0474,431,45071,0.323442,0.19,1,764866,764435,431
68210741,24.6084,24.6095,431,45118,0.296688,0.21,1,764890,764459,431
68213661,44.9217,44.1219,432,45165,0.355338,0.21,1,764940,764508,432
68216581,10.5843,10.4244,432,45212,0.335068,0.25,1,764942,764510,432
68219501,21.3169,21.2849,432,45259,0.331014,0.25,1,764966,764534,432
68222421,41.0634,41.057,432,45306,0.394203,0.21,1,765012,764580,432
68225341,46.6127,46.6114,432,45353,0.454841,0.23,1,765060,764628,432
68228261,40.5225,38.9223,434,45400,0.466968,0.27,1,765099,764665,434
68231181,28.9045,29.3845,433,45446,0.501394,0.27,1,765125,764692,433
68234101,20.1809,20.2769,433,45492,0.476279,0.23,1,765143,764710,433
68237021,26.4362,26.4554,433,45538,0.471256,0.23,1,765171,764738,433
68239941,14.0872,13.2911,434,45584,0.502251,0.33,1,765182,764748,434
68242861,38.0174,36.2582,436,45630,0.47645,0.33,1,765226,764790,436
68245781,28.4035,28.0516,436,45676,0.47129,0.29,1,765252,764816,436
68248701,23.2807,23.2103,436,45722,0.502258,0.33,1,765274,764838,436
68251621,27.0561,27.0421,436,45768,0.540452,0.29,1,765302,764866,436
68254541,24.6112,24.6084,436,45814,0.56409,0.37,1,765326,764890,436
68257461,46.5222,44.9217,438,45860,0.600818,0.33,1,765378,764940,438
68260381,10.9044,10.5843,438,45906,0.576164,0.33,1,765380,764942,438
68263301,22.1809,21.3169,439,45952,0.587233,0.33,1,765405,764966,439
68266221,42.0362,4.26337,486,45998,0.605447,0.41,1,765452,764966,486
68269141,48.4072,37.6527,490,46044,0.609089,0.47,1,765502,765012,490
68272061,42.4814,45.9305,483,46090,0.657818,0.47,1,765543,765060,483
68274981,29.2963,40.3861,470,46136,0.683564,0.51,1,765569,765099,470
68277901,20.2593,28.8772,462,46182,0.688713,0.47,1,765587,765125,462
68280821,27.2519,20.1754,473,46228,0.705742,0.47,1,765616,765143,473
68283741,13.4504,26.4351,455,46274,0.677149,0.51,1,765626,765171,455
68286661,37.0901,14.087,487,46320,0.65543,0.47,1,765669,765182,487
68289581,29.018,38.0174,470,46366,0.683086,0.47,1,765696,765226,470
68292501,25.0036,28.4035,468,46411,0.720617,0.51,1,765720,765252,468
68295421,27.4007,23.2807,474,46456,0.760123,0.55,2,765748,765274,474
68298341,25.4801,27.0561,471,46501,0.752025,0.57,2,765773,765302,471
68301261,48.296,24.6112,501,46546,0.718405,0.61,1,765827,765326,501
68304181,11.2592,46.5222,451,46591,0.711681,0.57,1,765829,765378,451
68307101,23.0518,10.9044,475,46636,0.710336,0.59,1,765855,765380,475
68310021,43.0104,22.1809,498,46681,0.726067,0.61,1,765903,765405,498
68312941,48.6021,42.0362,501,46726,0.761213,0.61,2,765953,765452,501
68315861,45.7204,48.4072,496,46771,0.768243,0.67,2,765998,765502,496
68318781,29.9441,42.4814,481,46816,0.801649,0.69,2,766024,765543,481
68321701,20.3888,29.2963,473,46861,0.80833,0.69,2,766042,765569,473
68324621,26.4778,20.2593,483,46906,0.809666,0.71,2,766070,765587,483
68327541,13.2956,27.2519,464,46951,0.809933,0.67,2,766080,765616,464
68330461,36.2591,13.4504,496,46996,0.809987,0.65,2,766122,765626,496
68333381,30.4518,37.0901,482,47041,0.841997,0.69,2,766151,765669,482
68336301,26.8904,29.018,481,47086,0.864399,0.73,2,766177,765696,481
68339221,29.3781,25.0036,487,47131,0.91688,0.77,2,766207,765720,487
68342141,25.0756,27.4007,483,47176,0.943376,0.75,2,766231,765748,483
68345061,46.6151,25.4801,510,47221,0.948675,0.71,2,766283,765773,510
68347981,10.923,48.296,458,47266,0.949735,0.71,2,766285,765827,458
68552381,35,34,519,50289,0.87,1,2,768406,767887,519
68555301,28.6,26.8,521,50331,0.886,1,2,768433,767912,521
68558221,16.12,30.96,502,50373,0.9052,0.95,2,768446,767944,502
68561141,22.424,29.392,497,50415,0.82904,1,2,768470,767973,497
68564061,24.4848,23.4784,500,50457,0.781808,1,2,768495,767995,500
68566981,21.697,18.2957,504,50499,0.852362,1,2,768516,768012,504
68569901,29.9394,30.0591,503,50541,0.786472,0.93,2,768548,768045,503
68572821,24.3879,36.4118,488,50583,0.789294,1,2,768571,768083,488
68575741,19.2776,28.0824,480,50625,0.757859,1,2,768589,768109,480
68578661,28.6555,25.6165,486,50667,0.799572,1,2,768620,768134,486
68581581,20.9311,32.3233,471,50709,0.823914,1,2,768639,768168,471
68584501,31.3862,32.8647,472,50751,0.780783,1,2,768673,768201,472
68587421,39.8772,36.1729,477,50793,0.724157,1,1,768715,768238,477
68590341,27.1754,28.0346,475,50834,0.728831,1,1,768739,768264,475
68593261,32.6351,36.0069,471,50875,0.729766,0.91,1,768773,768302,471
68596181,32.127,36.8014,466,50916,0.729953,0.87,1,768805,768339,466
68599101,37.6254,32.9603,473,50957,0.745991,0.87,1,768844,768371,473
68602021,33.9251,34.5921,471,50998,0.765198,0.89,2,768877,768406,471
68604941,24.385,28.5184,466,51039,0.73704,0.91,1,768899,768433,466
68607861,15.277,16.1037,466,51080,0.747408,0.81,1,768912,768446,466
68610781,15.8554,22.4207,458,51121,0.765482,0.77,2,768928,768470,458
68613701,27.1711,24.4841,463,51162,0.769096,0.87,2,768958,768495,463
68616621,19.8342,21.6968,460,51203,0.785819,0.77,2,768976,768516,460
68619541,28.7668,29.9394,459,51244,0.789164,0.79,2,769007,768548,459
68622461,24.1534,24.3879,459,51285,0.805833,0.75,2,769030,768571,459
68625381,20.0307,19.2776,460,51326,0.825167,0.81,2,769049,768589,460
68628301,29.6061,28.6555,461,51367,0.845033,0.83,2,769081,768620,461
68631221,18.7212,20.9311,458,51408,0.849007,0.77,2,769097,768639,458
68634141,31.7442,31.3862,459,51449,0.865801,0.71,2,769132,768673,459
68637061,40.7489,39.8772,460,51490,0.83716,0.73,2,769175,768715,460
68639981,26.5498,27.1754,459,51531,0.847432,0.73,2,769198,768739,459
68642901,31.71,32.6351,458,51572,0.897486,0.73,2,769231,768773,458
68645821,30.342,32.127,456,51613,0.923497,0.75,2,769261,768805,456
68648741,38.0684,37.6254,457,51654,0.9127,0.77,2,769301,768844,457
68901321,31,54,505,26795,0.77,1,2,772454,771949,505
68904241,35.8,35.6,511,26874,0.61,1,1,772491,771980,511
68907161,35.96,33.52,514,26953,0.578,1,1,772527,772013,514
68910081,35.192,65.104,476,27032,0.5396,1,1,772562,772086,476
68913001,95.0384,92.2208,487,27110,0.24392,1,1,772672,772185,487
68915921,42.2077,48.8442,478,27188,0.216784,1,1,772701,772223,478
68918841,82.8415,78.5688,485,27266,0.0833568,0.81,1,772794,772309,485
68921761,60.5683,75.7138,465,27344,0.0726714,0.79,1,772849,772384,465
68924681,38.5137,46.3428,459,27421,0.0705343,0.77,1,772882,772423,459
68927601,25.3027,34.0686,450,27498,0.0701069,0.57,1,772904,772454,450
68930521,31.4605,36.4137,446,27575,0.134021,0.57,1,772937,772491,446
68933441,34.2921,36.0827,445,27652,0.0988043,0.53,1,772972,772527,445
68936361,34.0584,35.2165,444,27729,0.107761,0.17,1,773006,772562,444
68939281,85.2117,95.0433,432,27805,0.157552,0.21,1,773104,772672,432
68942201,38.6423,42.2087,430,27881,0.15151,0.05,1,773131,772701,430
68945121,79.7285,82.8417,427,27957,0.182302,0.07,1,773221,772794,427
68948041,58.3457,60.5683,425,28033,0.23646,0.07,1,773274,772849,425
68950961,37.2691,38.5137,424,28109,0.311292,0.07,1,773306,772882,424
68953881,25.8538,25.3027,425,28184,0.278258,0.15,1,773329,772904,425
68956801,32.3708,31.4605,426,28259,0.303652,0.09,1,773363,772937,426
68959721,33.6742,34.2921,425,28334,0.29273,0.11,1,773397,772972,425
68962641,33.1348,34.0584,424,28409,0.354546,0.11,1,773430,773006,424
68965561,87.427,6.81168,525,28484,0.382909,0.17,1,773531,773006,525
68968481,38.2854,79.7623,453,28558,0.404582,0.15,1,773557,773104,453
68971401,81.2571,37.5525,518,28632,0.424916,0.19,1,773649,773131,518
68974321,64.2514,79.5105,488,28706,0.460983,0.25,1,773709,773221,488
68977241,38.4503,58.3021,467,28780,0.516197,0.33,1,773741,773274,467
68980161,25.2901,37.2604,457,28854,0.527239,0.27,1,773763,773306,457
68983081,32.258,25.8521,468,28927,0.529448,0.31,1,773797,773329,468
68986001,36.8516,32.3704,472,29000,0.49789,0.29,1,773835,773363,472
68988921,32.9703,33.6741,470,29073,0.491578,0.37,1,773867,773397,470
68991841,90.5941,33.1348,542,29146,0.506316,0.39,1,773972,773430,542
68994761,38.9188,87.427,467,29219,0.525263,0.41,1,773998,773531,467
68997681,82.1838,38.2854,534,29291,0.529053,0.43,1,774091,773557,534
69000601,68.4368,81.2571,507,29363,0.545811,0.47,1,774156,773649,507
69003521,39.2873,64.2514,479,29435,0.581162,0.53,1,774188,773709,479
69006441,25.4575,38.4503,469,29507,0.620232,0.53,1,774210,773741,469
69009361,32.2915,25.2901,481,29579,0.644046,0.53,1,774244,773763,481
69012281,35.2583,32.258,483,29651,0.648809,0.49,1,774280,773797,483
69015201,32.6517,36.8516,477,29722,0.665762,0.49,1,774312,773835,477
69018121,91.3303,32.9703,551,29793,0.717152,0.51,1,774418,773867,551
69021041,19.8661,90.5941,448,29864,0.727431,0.53,1,774420,773972,448
69023961,24.7732,38.9188,448,29935,0.729486,0.53,1,774446,773998,448
69026881,79.3546,82.1838,448,30006,0.841897,0.55,2,774539,774091,448
69029801,70.2709,68.4368,451,30077,0.864379,0.59,2,774607,774156,451
69032721,41.2542,39.2873,453,30147,0.900876,0.63,2,774641,774188,453
69035641,26.6508,25.4575,454,30217,0.860175,0.65,2,774664,774210,454
69038561,32.5302,32.2915,454,30287,0.852035,0.65,2,774698,774244,454
69041481,35.306,35.2583,454,30357,0.930407,0.67,2,774734,774280,454
69044401,34.2612,32.6517,456,30427,0.946081,0.73,2,774768,774312,456
69047321,93.2522,91.3303,458,30497,0.949216,0.73,2,774876,774418,458
69050241,20.2504,19.8661,458,30566,0.949843,0.73,2,774878,774420,458
69053161,24.8501,24.7732,458,30635,0.917969,0.87,2,774904,774446,458
69202081,59,36,496,33978,0.65,1,1,777304,776808,496
69205001,41.4,34.4,499,34040,0.506,1,1,777341,776842,499
69207921,36.28,46.08,485,34102,0.3492,1,1,777376,776891,485
69210841,52.856,50.816,490,34164,0.17384,1,1,777433,776943,490
69213761,45.7712,54.1632,479,34226,0.074768,1,1,777477,776998,479
69216681,41.9542,10.8326,520,34288,0.0229536,1,1,777518,776998,520
69219601,30.7908,30.9665,512,34350,0.0605907,1,1,777546,777034,512
69222521,32.5582,29.3933,516,34412,0.132118,1,1,777579,777063,516
69225441,32.1116,29.8787,518,34473,0.0984236,1,1,777611,777093,518
69228361,33.6223,38.7757,511,34534,0.0436847,0.92,1,777645,777134,511
69231281,58.7245,38.1551,538,34595,0.0327369,0.88,1,777710,777172,538
69234201,50.1449,66.031,513,34656,0.0625474,0.65,1,777758,777245,513
69237121,37.229,60.4062,488,34717,0.0365095,0.47,1,777792,777304,488
69240041,26.6458,41.6812,475,34778,0.0473019,0.31,1,777816,777341,475
69242961,41.3292,36.3362,485,34839,0.0494604,0.13,1,777861,777376,485
69245881,38.6658,52.8673,466,34900,0.0498921,0.05,1,777899,777433,466
69248801,40.5332,45.7735,463,34961,0.00997841,0.01,1,777940,777477,463
69251721,29.7066,41.9547,449,35021,0.0259957,0.07,1,777967,777518,449
69254641,32.3413,30.7909,454,35081,0.0611991,0.15,1,778000,777546,454
69257561,36.8683,32.5582,459,35141,0.0682398,0.09,1,778038,777579,459
69260481,32.1737,32.1116,458,35201,0.101648,0.03,1,778069,777611,458
69263401,58.4347,33.6223,489,35261,0.12433,0.03,1,778134,777645,489
69266321,48.4869,58.7245,470,35321,0.0968659,0.07,1,778180,777710,470
69269241,36.8974,50.1449,456,35381,0.123373,0.03,1,778214,777758,456
69272161,28.1795,37.229,448,35441,0.112675,0.05,1,778240,777792,448
69275081,40.0359,26.6458,467,35501,0.110535,0.05,1,778283,777816,467
69278001,40.8072,41.3292,463,35561,0.094107,0.05,1,778324,777861,463
69280921,38.5614,38.6658,463,35620,0.0188214,0,1,778362,777899,463
69283841,28.5123,40.5332,448,35679,0.0437643,0.03,1,778388,777940,448
69286761,7.30246,29.7066,423,35738,0.0807529,0.07,1,778390,777967,423
69289681,28.6605,32.3413,424,35797,0.0401506,0.07,1,778424,778000,424
69292601,36.9321,36.8683,425,35856,0.0160301,0.11,1,778463,778038,425
69295521,32.1864,32.1737,425,35915,0.043206,0.13,1,778494,778069,425
69298441,60.0373,58.4347,427,35974,0.112641,0.09,1,778561,778134,427
69301361,49.6075,48.4869,428,36033,0.0785282,0.13,1,778608,778180,428
69304281,37.1215,36.8974,428,36092,0.119706,0.11,1,778642,778214,428
69307201,27.4243,28.1795,427,36151,0.175941,0.11,1,778667,778240,427
69310121,39.8849,40.0359,427,36209,0.203188,0.09,1,778710,778283,427
69313041,39.977,40.8072,426,36267,0.208638,0,1,778750,778324,426
69315961,37.5954,38.5614,425,36325,0.193728,0.05,1,778787,778362,425
69318881,26.7191,28.5123,423,36383,0.158745,0.09,1,778811,778388,423
69321801,6.94382,7.30246,423,36441,0.151749,0.03,1,778813,778390,423
69324721,28.5888,28.6605,423,36499,0.11835,0.01,1,778847,778424,423
69327641,36.1178,36.9321,422,36557,0.09567,0.05,1,778885,778463,422
69330561,34.4236,32.1864,425,36615,0.091134,0.13,1,778919,778494,425
69333481,61.2847,60.0373,426,36673,0.106227,0.07,1,778987,778561,426
69336401,50.6569,49.6075,427,36731,0.0932454,0.13,1,779035,778608,427
69339321,38.9314,37.1215,429,36789,0.106649,0.19,1,779071,778642,429
69342241,29.3863,27.4243,431,36846,0.10933,0.21,1,779098,778667,431
69345161,41.0773,39.8849,432,36903,0.173866,0.21,1,779142,778710,432
69348081,40.2155,39.977,432,36960,0.202773,0.19,1,779182,778750,432
69351001,35.2431,37.5954,429,37017,0.208555,0.15,1,779216,778787,429
69353921,23.0486,26.7191,425,37074,0.177711,0.15,1,779236,778811,425
69356841,6.20972,6.94382,425,37131,0.171542,0.11,1,779238,778813,425
69359761,28.4419,28.5888,425,37188,0.218308,0.11,1,779272,778847,425
69362681,34.4884,5.71775,461,37245,0.195662,0.09,1,779308,778847,461
69365601,34.0977,31.5436,457,37302,0.223132,0.09,1,779342,778885,457
69368521,62.0195,33.5087,492,37359,0.228626,0.11,1,779411,778919,492
69371441,51.6039,61.1017,473,37416,0.245725,0.09,1,779460,778987,473
69374361,40.7208,50.6203,463,37472,0.249145,0.11,1,779498,779035,463
69377281,29.7442,38.9241,454,37528,0.281829,0.11,1,779525,779071,454
69380201,41.9488,29.3848,472,37584,0.304366,0.19,1,779570,779098,472
69383121,41.1898,41.077,469,37640,0.324873,0.21,1,779611,779142,469
69386041,35.438,40.2154,463,37696,0.328975,0.21,1,779645,779182,463
69388961,23.0876,35.2431,449,37752,0.329795,0.17,1,779665,779216,449
69391881,6.21752,23.0486,431,37808,0.329959,0.17,1,779667,779236,431
69394801,29.2435,6.20972,464,37864,0.361992,0.23,1,779702,779238,464
69397721,34.6487,28.4419,466,37920,0.368398,0.19,1,779738,779272,466
69400641,35.7297,34.4884,466,37976,0.38568,0.23,1,779774,779308,466
69403561,63.1459,34.0977,502,38032,0.357136,0.23,1,779844,779342,502
69406481,51.8292,62.0195,482,38088,0.415427,0.25,1,779893,779411,482
69409401,43.1658,51.6039,474,38143,0.411085,0.25,1,779934,779460,474
69412321,30.2332,40.7208,463,38198,0.442217,0.29,1,779961,779498,463
69415241,42.8466,29.7442,482,38253,0.464443,0.31,1,780007,779525,482
69418161,41.3693,41.9488,478,38308,0.516889,0.33,1,780048,779570,478
69421081,35.4739,41.1898,471,38363,0.543378,0.33,1,780082,779611,471
69424001,23.0948,35.438,457,38418,0.548676,0.33,1,780102,779645,457
69426921,6.21895,23.0876,439,38473,0.565735,0.33,1,780104,779665,439
69429841,30.8438,6.21752,474,38528,0.585147,0.37,1,780141,779667,474
69432761,34.9688,29.2435,475,38583,0.589029,0.37,1,780177,779702,475
69435681,8.59375,34.6487,441,38638,0.605806,0.39,1,780179,779738,441
69438601,30.5188,35.7297,441,38693,0.657161,0.35,1,780215,779774,441
69441521,62.1037,63.1459,441,38748,0.635432,0.43,1,780285,779844,441
69444441,53.2207,51.8292,443,38803,0.695086,0.41,1,780336,779893,443
69447361,42.6441,43.1658,442,38857,0.755017,0.45,2,780376,779934,442
69450281,30.1288,30.2332,442,38911,0.751003,0.47,2,780403,779961,442
69453201,45.2258,42.8466,445,38965,0.782201,0.53,2,780452,780007,445
69456121,45.0452,41.3693,449,39019,0.83644,0.55,2,780497,780048,449
69459041,36.209,35.4739,449,39073,0.847288,0.55,2,780531,780082,449
69461961,24.0418,23.0948,450,39127,0.865458,0.57,2,780552,780102,450
69464881,6.40836,6.21895,450,39181,0.901092,0.59,2,780554,780104,450
69467801,31.6817,30.8438,451,39235,0.892218,0.59,2,780592,780141,451
69470721,35.9363,34.9688,452,39289,0.906444,0.61,2,780629,780177,452
69473641,8.78727,8.59375,452,39343,0.877289,0.67,2,780631,780179,452
69476561,31.3575,30.5188,453,39397,0.855458,0.63,2,780668,780215,453
69479481,63.0715,62.1037,454,39451,0.883092,0.71,2,780739,780285,454
69482401,55.8143,53.2207,457,39505,0.872618,0.77,2,780793,780336,457
69485321,43.9629,42.6441,458,39558,0.918524,0.75,2,780834,780376,458
69488241,30.3926,30.1288,458,39611,0.911705,0.79,2,780861,780403,458
69491161,47.6785,45.2258,461,39664,0.926341,0.85,2,780913,780452,461
69494081,47.9357,45.0452,464,39717,0.913268,0.85,2,780961,780497,464
69657601,39,35,486,42593,0.85,1,2,782941,782455,486
69660521,37.4,32.6,491,42643,0.706,1,1,782978,782487,491
69663441,31.48,24.92,498,42692,0.5812,1,1,783008,782510,498
69666361,34.296,25.784,507,42741,0.58824,1,1,783043,782536,507
69669281,34.8592,26.7568,515,42790,0.525648,1,1,783078,782563,515
69672201,31.7718,28.5514,517,42839,0.41713,1,1,783109,782592,517
69675121,30.3544,41.7103,502,42888,0.283426,1,1,783139,782637,502
69678041,33.2709,43.5421,492,42937,0.272685,1,1,783173,782681,492
69680961,26.6542,32.7084,487,42986,0.286537,1,1,783198,782711,487
69683881,27.7308,6.54168,515,43035,0.209307,1,1,783226,782711,515
69686801,25.5462,27.7083,507,43084,0.145861,1,1,783251,782744,507
69689721,44.3092,31.1417,524,43133,0.101172,0.98,1,783300,782776,524
69692641,34.4618,51.8283,499,43182,0.124234,0.87,1,783332,782833,499
69695561,34.0924,37.5657,499,43231,0.0968469,0.91,1,783366,782867,499
69698481,34.8185,35.5131,499,43280,0.0753694,0.85,1,783401,782902,499
69701401,31.7637,38.3026,491,43329,0.135074,0.67,1,783432,782941,491
69704321,26.3527,37.2605,479,43378,0.131015,0.55,1,783457,782978,479
69707241,31.6705,31.4521,482,43427,0.114203,0.59,1,783490,783008,482
69710161,29.5341,34.2904,476,43476,0.206841,0.51,1,783519,783043,476
69713081,25.9068,34.8581,466,43525,0.177368,0.39,1,783544,783078,466
69716001,25.9814,31.7716,461,43573,0.171474,0.25,1,783570,783109,461
69718921,31.5963,30.3543,464,43621,0.170295,0.27,1,783603,783139,464
69721841,31.1193,33.2709,461,43669,0.186059,0.29,1,783634,783173,461
69724761,22.2239,26.6542,456,43717,0.205212,0.19,1,783654,783198,456
69727681,24.4448,27.7308,453,43765,0.225042,0.13,1,783679,783226,453
69730601,40.889,25.5462,473,43813,0.197008,0.09,1,783724,783251,473
69733521,35.3778,44.3092,458,43861,0.191402,0.13,1,783758,783300,458
69736441,33.4756,34.4618,459,43909,0.20628,0.09,1,783791,783332,459
69739361,35.4951,34.0924,461,43957,0.209256,0.07,1,783827,783366,461
69742281,32.699,34.8185,458,44005,0.289851,0.15,1,783859,783401,458
69745201,26.5398,31.7637,452,44053,0.27397,0.13,1,783884,783432,452
69748121,32.508,26.3527,461,44101,0.302794,0.11,1,783918,783457,461
69751041,31.3016,31.6705,459,44149,0.340559,0.23,1,783949,783490,459
69753961,23.8603,29.5341,452,44197,0.364112,0.17,1,783971,783519,452
69756881,27.1721,25.9068,455,44245,0.384822,0.17,1,783999,783544,455
69759801,31.8344,25.9814,462,44293,0.420964,0.17,1,784032,783570,462
69762721,31.9669,31.5963,461,44341,0.428193,0.19,1,784064,783603,461
69765641,23.1934,31.1193,451,44389,0.461639,0.21,1,784085,783634,451
69768561,25.4387,22.2239,457,44437,0.468328,0.23,1,784111,783654,457
69771481,6.68773,24.4448,434,44484,0.469666,0.19,1,784113,783679,434
69774401,36.5375,40.889,433,44531,0.469933,0.19,1,784157,783724,433
69777321,34.5075,35.3778,433,44578,0.485987,0.21,1,784191,783758,433
69780241,32.5015,33.4756,432,44625,0.489197,0.21,1,784223,783791,432
69783161,36.9003,35.4951,434,44672,0.489839,0.31,1,784261,783827,434
69786081,34.5801,32.699,436,44719,0.553968,0.27,1,784295,783859,436
69789001,26.116,26.5398,435,44766,0.598794,0.31,1,784319,783884,435
69791921,34.8232,32.508,438,44813,0.623759,0.35,1,784356,783918,438
69794841,32.5646,31.3016,439,44860,0.628752,0.37,1,784388,783949,439
69797761,25.7129,23.8603,441,44907,0.67775,0.39,1,784412,783971,441
69800681,27.5426,27.1721,441,44954,0.68755,0.43,1,784440,783999,441
69803601,33.5085,31.8344,443,45001,0.73751,0.43,1,784475,784032,443
69806521,32.3017,31.9669,443,45048,0.747502,0.47,1,784507,784064,443
69809441,24.8603,23.1934,445,45095,0.7335,0.47,1,784530,784085,445
69812361,25.7721,25.4387,445,45142,0.7147,0.47,1,784556,784111,445
69815281,6.75441,6.68773,445,45189,0.74294,0.47,1,784558,784113,445
69818201,36.5509,36.5375,445,45236,0.716588,0.49,1,784602,784157,445
69821121,35.3102,34.5075,446,45283,0.791318,0.49,2,784637,784191,446
69824041,32.662,32.5015,446,45330,0.774264,0.49,2,784669,784223,446
69826961,38.5324,36.9003,448,45377,0.770853,0.57,2,784709,784261,448
69829881,36.5065,34.5801,450,45423,0.738171,0.61,1,784745,784295,450
69832801,26.5013,26.116,450,45469,0.731634,0.63,1,784769,784319,450
69835721,35.7003,34.8232,451,45515,0.826327,0.63,2,784807,784356,451
69838641,35.1401,32.5646,454,45561,0.797265,0.69,2,784842,784388,454
69841561,27.828,25.7129,456,45607,0.759453,0.69,2,784868,784412,456
69844481,27.9656,27.5426,456,45653,0.767891,0.75,2,784896,784440,456
69847401,34.3931,33.5085,457,45699,0.785578,0.75,2,784932,784475,457
69850321,32.4786,32.3017,457,45745,0.837116,0.73,2,784964,784507,457
69853241,24.0957,24.8603,456,45791,0.847423,0.71,2,784986,784530,456
69856161,26.4191,25.7721,457,45837,0.849485,0.75,2,785013,784556,457
69859081,6.88383,6.75441,457,45883,0.849897,0.71,2,785015,784558,457
69862001,36.5768,36.5509,457,45929,0.865979,0.71,2,785059,784602,457
69864921,36.9154,7.31018,494,45975,0.821196,0.81,2,785096,784602,494
69867841,32.9831,29.462,491,46021,0.812239,0.77,2,785128,784637,491
69870761,36.9966,31.4924,497,46067,0.826448,0.77,2,785166,784669,497
69873681,36.1993,38.2985,493,46113,0.84529,0.73,2,785202,784709,493
69876601,27.2399,36.4597,482,46159,0.833058,0.73,2,785227,784745,482
69879521,38.248,26.4919,499,46205,0.846612,0.85,2,785268,784769,499
69882441,33.2496,35.6984,493,46251,0.897322,0.79,2,785300,784807,493
69885361,28.2499,35.1397,485,46297,0.923465,0.75,2,785327,784842,485
70110201,496,571,460,21900,0.07,0.59,1,787659,787199,460
70113121,148.8,158.2,467,22724,0.038,0.49,1,787721,787254,467
70116041,96.16,94.04,472,22817,0.0156,0.29,1,787804,787332,472
70118961,65.632,73.208,462,22910,0.09112,0.25,1,787862,787400,462
70121881,61.1264,69.8416,453,23003,0.186224,0.05,1,787922,787469,453
70124801,59.4253,62.7683,451,23095,0.237245,0.07,1,787981,787530,451
70127721,67.0851,66.1537,453,23187,0.215449,0.01,1,788050,787597,453
70130641,24.617,37.2307,437,23278,0.21109,0.07,1,788064,787627,437
70133561,67.3234,33.0461,483,23369,0.274218,0.03,1,788142,787659,483
70136481,81.4647,56.2092,506,23460,0.270844,0.01,1,788227,787721,506
70139401,67.4929,77.6418,487,23550,0.302169,0.11,1,788291,787804,487
70142321,63.0986,61.9284,491,23640,0.372434,0.21,1,788353,787862,491
70145241,62.2197,60.3857,493,23730,0.434487,0.25,1,788415,787922,493
70148161,65.2439,59.2771,500,23819,0.462897,0.21,1,788481,787981,500
70151081,24.2488,67.0554,445,23908,0.468579,0.21,1,788495,788050,445
70154001,6.44976,24.6111,433,23997,0.469716,0.29,1,788497,788064,433
70156921,64.49,67.3222,434,24085,0.517943,0.27,1,788576,788142,434
70159841,82.498,81.4644,436,24173,0.607589,0.31,1,788663,788227,436
70162761,70.8996,67.4929,440,24261,0.609518,0.39,1,788731,788291,440
70165681,64.5799,63.0986,441,24348,0.609904,0.45,1,788794,788353,441
70168601,65.716,62.2197,445,24435,0.593981,0.47,1,788860,788415,445
70171521,65.9432,65.2439,445,24522,0.590796,0.47,1,788926,788481,445
70174441,25.1886,24.2488,446,24608,0.622159,0.47,1,788941,788495,446
70177361,6.63773,6.44976,446,24694,0.628432,0.53,1,788943,788497,446
70180281,66.1275,64.49,448,24780,0.613686,0.63,1,789024,788576,448
70183201,85.2255,82.498,451,24866,0.642737,0.61,1,789114,788663,451
70186121,70.6451,70.8996,450,24951,0.664548,0.61,1,789181,788731,450
70189041,64.529,64.5799,450,25036,0.652909,0.59,1,789244,788794,450
70191961,64.9058,65.716,449,25121,0.714582,0.59,1,789309,788860,449
70194881,68.1812,65.9432,452,25205,0.710916,0.63,1,789378,788926,452
70197801,24.8362,25.1886,451,25289,0.710183,0.63,1,789392,788941,451
70200721,6.56725,6.63773,451,25373,0.710037,0.61,1,789394,788943,451
70203641,67.7135,66.1275,453,25457,0.710007,0.61,1,789477,789024,453
70206561,83.9427,13.2255,541,25540,0.726001,0.65,1,789565,789024,541
70209481,71.1885,74.6451,519,25623,0.6972,0.67,1,789633,789114,519
70212401,66.2377,68.529,517,25706,0.73944,0.65,1,789698,789181,517
70215321,67.6475,64.1058,522,25788,0.843888,0.73,2,789766,789244,522
70218241,66.3295,64.8212,523,25870,0.864778,0.71,2,789832,789309,523
70221161,24.4659,68.1642,468,25952,0.884956,0.71,2,789846,789378,468
70224081,6.49318,24.8328,456,26034,0.888991,0.71,2,789848,789392,456
70227001,67.6986,6.56657,537,26115,0.921798,0.71,2,789931,789394,537
70311681,42,31,487,28372,0.67,1,1,791563,791076,487
70314601,34,6.2,519,28447,0.59,1,1,791595,791076,519
70317521,58.8,35.64,541,28521,0.478,1,1,791660,791119,541
70320441,64.56,64.728,535,28595,0.2636,1,1,791726,791191,535
70323361,45.712,70.5456,504,28669,0.06072,1,1,791767,791263,504
70326281,40.3424,38.1091,513,28743,0.068144,1,1,791806,791293,513
70329201,29.6685,38.0218,502,28817,0.0376288,0.94,1,791833,791331,502
70332121,74.7337,33.2044,556,28890,0.0475258,0.87,1,791919,791363,556
70335041,61.3467,84.2409,517,28963,0.0655052,0.81,1,791977,791460,517
70337961,42.6693,65.6482,494,29036,0.037101,0.67,1,792015,791521,494
70340881,30.9339,46.7296,480,29109,0.0474202,0.57,1,792043,791563,480
70343801,51.7868,34.9459,505,29182,0.049484,0.45,1,792100,791595,505
70346721,52.7574,58.9892,493,29255,0.0818968,0.21,1,792153,791660,493
70349641,43.3515,64.5978,468,29327,0.0563794,0.01,1,792194,791726,468
70352561,35.8703,45.7196,461,29399,0.0832759,0.07,1,792228,791767,461
70355481,29.5741,40.3439,450,29471,0.0886552,0.03,1,792256,791806,450
70358401,75.5148,29.6688,510,29543,0.073731,0.05,1,792343,791833,510
70361321,60.703,74.7338,481,29615,0.134746,0.07,1,792400,791919,481
70364241,41.7406,61.3468,460,29686,0.162949,0.03,1,792437,791977,460
70367161,29.9481,42.6693,449,29757,0.0565898,0.05,1,792464,792015,449
70370081,53.9896,30.9339,481,29828,0.067318,0.05,1,792524,792043,481
70373001,12.3979,51.7868,426,29899,0.101464,0.09,1,792526,792100,426
70375921,44.8796,52.7574,426,29970,0.124293,0.05,1,792579,792153,426
70378841,40.1759,43.3515,424,30041,0.160859,0.09,1,792618,792194,424
70381761,38.4352,35.8703,428,30111,0.152172,0.09,1,792656,792228,428
70384681,26.887,29.5741,424,30181,0.118434,0.07,1,792680,792256,424
70387601,78.1774,75.5148,428,30251,0.0316869,0.15,1,792771,792343,428
70390521,63.6355,60.703,431,30321,0.0623374,0.17,1,792831,792400,431
70393441,36.7271,41.7406,424,30391,0.0684675,0.03,1,792861,792437,424
70396361,29.7454,29.9481,425,30461,0.0696935,0.07,1,792889,792464,425
70399281,55.5491,53.9896,427,30530,0.0539387,0.11,1,792951,792524,427
70402201,12.7098,12.3979,427,30599,0.0507877,0.13,1,792953,792526,427
70405121,44.142,44.8796,426,30668,0.162158,0.17,1,793005,792579,426
70408041,42.4284,40.1759,429,30737,0.152432,0.15,1,793047,792618,429
70410961,37.2857,38.4352,427,30806,0.150486,0.11,1,793083,792656,427
70413881,26.6571,26.887,427,30875,0.182097,0.01,1,793107,792680,427
70416801,74.1314,78.1774,422,30944,0.156419,0.07,1,793193,792771,422
70419721,63.6263,63.6355,423,31012,0.103284,0.07,1,793254,792831,423
70422641,36.7253,36.7271,423,31080,0.124657,0.07,1,793284,792861,423
70425561,29.7451,29.7454,423,31148,0.144931,0.05,1,793312,792889,423
70428481,56.349,55.5491,424,31216,0.132986,0.05,1,793375,792951,424
70431401,12.8698,12.7098,424,31284,0.162597,0.05,1,793377,792953,424
70434321,47.374,2.54196,480,31352,0.184519,0.19,1,793433,792953,480
70437241,41.4748,42.1084,468,31419,0.236904,0.15,1,793473,793005,468
70440161,39.495,42.0217,465,31486,0.279381,0.15,1,793512,793047,465
70443081,27.899,37.2043,454,31553,0.303876,0.19,1,793537,793083,454
70446001,72.7798,26.6409,514,31620,0.340775,0.15,1,793621,793107,514
70448921,60.956,74.1282,486,31687,0.348155,0.09,1,793679,793193,486
70451841,36.9912,63.6256,456,31754,0.365631,0.13,1,793710,793254,456
70454761,29.7982,36.7251,454,31821,0.401126,0.15,1,793738,793284,454
70457681,57.1596,29.745,490,31887,0.440225,0.13,1,793802,793312,490
70460601,13.0319,56.349,429,31953,0.448045,0.17,1,793804,793375,429
70463521,51.4064,12.8698,488,32019,0.449609,0.19,1,793865,793377,488
70466441,43.8813,47.374,474,32085,0.465922,0.25,1,793907,793433,474
70469361,40.7763,41.4748,474,32151,0.501184,0.29,1,793947,793473,474
70472281,28.9553,39.495,461,32217,0.508237,0.31,1,793973,793512,461
70475201,74.5911,27.899,522,32283,0.573647,0.35,1,794059,793537,522
70478121,61.3182,72.7798,496,32349,0.586729,0.35,1,794117,793621,496
70481041,39.4636,60.956,472,32414,0.621346,0.37,1,794151,793679,472
70483961,30.2927,36.9912,469,32479,0.628269,0.41,1,794179,793710,469
70486881,58.8585,29.7982,507,32544,0.661654,0.45,1,794245,793738,507
70489801,13.3717,57.1596,445,32609,0.668331,0.45,1,794247,793802,445
70492721,51.4743,13.0319,504,32674,0.685666,0.45,1,794308,793804,504
70495641,44.6949,51.4064,486,32739,0.705133,0.47,1,794351,793865,486
70498561,10.539,43.8813,446,32804,0.709027,0.51,1,794353,793907,446
70501481,34.9078,40.7763,447,32868,0.725805,0.51,1,794394,793947,447
70504401,29.3816,28.9553,449,32932,0.745161,0.59,1,794422,793973,449
70507321,76.2763,74.5911,451,32996,0.765032,0.59,2,794510,794059,451
70510241,61.6553,61.3182,451,33060,0.801006,0.63,2,794568,794117,451
70513161,41.1311,39.4636,453,33124,0.792201,0.63,2,794604,794151,453
70516081,30.6262,30.2927,453,33188,0.82244,0.67,2,794632,794179,453
70519001,60.5252,58.8585,455,33252,0.780488,0.67,2,794700,794245,455
70521921,13.705,13.3717,455,33316,0.772098,0.69,2,794702,794247,455
70524841,53.141,51.4743,457,33379,0.802419,0.71,2,794765,794308,457
70527761,45.8282,44.6949,458,33442,0.808484,0.71,2,794809,794351,458
70530681,10.7656,10.539,458,33505,0.809697,0.73,2,794811,794353,458
70533601,34.9531,34.9078,458,33568,0.809939,0.75,2,794852,794394,458
70536521,29.3906,29.3816,458,33631,0.825988,0.77,2,794880,794422,458
70539441,77.8781,76.2763,460,33694,0.877198,0.81,2,794970,794510,460
70551121,66,68,460,33945,0.91,0.77,2,795160,794700,460
70554041,14.8,15.2,460,34007,0.942,0.81,2,795162,794702,460
70556961,53.36,53.44,460,34069,0.9484,0.81,2,795225,794765,460
70559881,45.872,45.888,460,34131,0.91768,0.81,2,795269,794809,460
70562801,10.7744,10.7776,460,34193,0.943536,0.81,2,795271,794811,460
70679601,43,32,495,36585,0.75,1,2,796975,796480,495
70682521,36.6,44,483,36643,0.766,1,2,797010,796527,483
70685441,53.72,47.2,493,36701,0.5772,1,1,797068,796575,493
70688361,36.344,30.24,499,36759,0.58744,1,1,797100,796601,499
70691281,34.4688,53.248,474,36816,0.477488,1,1,797134,796660,474
70694201,44.4938,38.6496,486,36873,0.375498,1,1,797181,796695,486
70697121,26.4988,27.7299,483,36930,0.3231,1,1,797203,796720,483
70700041,28.4998,27.146,485,36987,0.24862,1,1,797232,796747,485
70702961,28.9,32.6292,480,37044,0.217724,0.94,1,797261,796781,480
70705881,30.58,36.1258,474,37101,0.211545,0.94,1,797292,796818,474
70708801,42.116,50.4252,465,37158,0.194309,0.94,1,797337,796872,465
70711721,54.0232,10.085,522,37215,0.174862,0.85,1,797394,796872,522
70714641,41.2046,50.017,500,37272,0.138972,0.75,1,797432,796932,500
70717561,36.2409,44.4034,492,37329,0.179794,0.77,1,797467,796975,492
70720481,44.0482,36.8807,503,37386,0.251959,0.53,1,797513,797010,503
70723401,32.0096,53.7761,474,37443,0.218392,0.59,1,797542,797068,474
70726321,32.0019,36.3552,474,37499,0.243678,0.45,1,797574,797100,474
70729241,40.0004,34.471,482,37555,0.248736,0.35,1,797616,797134,482
70732161,23.2001,44.4942,454,37611,0.345747,0.31,1,797635,797181,454
70735081,27.84,26.4988,461,37667,0.317149,0.23,1,797664,797203,461
70738001,27.968,28.4998,460,37723,0.34343,0.21,1,797692,797232,460
70740921,27.9936,28.9,459,37779,0.316686,0.21,1,797720,797261,459
70743841,42.3987,30.58,474,37835,0.327337,0.19,1,797766,797292,474
70746761,54.0797,42.116,486,37891,0.361467,0.17,1,797823,797337,486
70749681,41.2159,54.0232,467,37947,0.368293,0.13,1,797861,797394,467
70752601,37.8432,41.2046,466,38003,0.433659,0.19,1,797898,797432,466
70755521,45.1686,36.2409,478,38059,0.478732,0.27,1,797945,797467,478
70758441,31.4337,44.0482,460,38115,0.487746,0.21,1,797973,797513,460
70761361,33.4867,32.0096,465,38170,0.489549,0.25,1,798007,797542,465
70764281,43.4973,32.0019,479,38225,0.50591,0.25,1,798053,797574,479
70767201,23.8995,40.0004,456,38280,0.525182,0.37,1,798072,797616,456
70770121,27.1799,23.2001,465,38335,0.529036,0.31,1,798100,797635,465
70773041,29.436,27.84,466,38390,0.529807,0.35,1,798130,797664,466
70775961,29.0872,27.968,467,38445,0.561961,0.31,1,798159,797692,467
70778881,42.6174,27.9936,485,38500,0.584392,0.33,1,798205,797720,485
70781801,54.1235,42.3987,496,38555,0.588878,0.37,1,798262,797766,496
70784721,42.0247,54.0797,478,38610,0.573776,0.37,1,798301,797823,478
70787641,10.0049,41.2159,442,38665,0.570755,0.45,1,798303,797861,442
70790561,34.001,37.8432,445,38720,0.586151,0.49,1,798343,797898,445
70793481,45.2002,45.1686,446,38775,0.52523,0.49,1,798391,797945,446
70796401,31.44,31.4337,446,38829,0.609046,0.49,1,798419,797973,446
70799321,33.488,33.4867,446,38883,0.625809,0.51,1,798453,798007,446
70802241,44.2976,43.4973,447,38937,0.613162,0.53,1,798500,798053,447
70805161,24.8595,23.8995,448,38991,0.594632,0.53,1,798520,798072,448
70808081,27.3719,27.1799,448,39045,0.638926,0.53,1,798548,798100,448
70811001,29.4744,29.436,448,39099,0.647785,0.57,1,798578,798130,448
70813921,30.6949,29.0872,450,39153,0.617557,0.59,1,798609,798159,450
70816841,43.739,42.6174,451,39207,0.659511,0.59,1,798656,798205,451
70819761,54.3478,54.1235,451,39261,0.683902,0.57,1,798713,798262,451
70822681,41.2696,42.0247,450,39315,0.65678,0.57,1,798751,798301,450
70825601,9.85391,10.0049,450,39369,0.651356,0.59,1,798753,798303,450
70828521,33.1708,34.001,449,39423,0.698271,0.51,1,798792,798343,449
70831441,44.2342,45.2002,448,39477,0.707654,0.63,1,798839,798391,448
70834361,33.6468,31.44,451,39530,0.757531,0.63,2,798870,798419,451
70837281,33.9294,33.488,451,39583,0.783506,0.61,2,798904,798453,451
70840201,44.3859,44.2976,451,39636,0.820701,0.59,2,798951,798500,451
70843121,24.8772,24.8595,451,39689,0.82814,0.65,2,798971,798520,451
70846041,28.1754,27.3719,452,39742,0.845628,0.65,2,799000,798548,452
70848961,29.6351,29.4744,452,39795,0.817126,0.61,2,799030,798578,452
70851881,30.727,30.6949,452,39848,0.795425,0.67,2,799061,798609,452
70854801,44.5454,43.739,453,39901,0.775085,0.69,2,799109,798656,453
70857721,55.3091,54.3478,454,39954,0.787017,0.65,2,799167,798713,454
70860641,42.2618,41.2696,455,40007,0.821403,0.65,2,799206,798751,455
70863561,10.0524,9.85391,455,40060,0.828281,0.65,2,799208,798753,455
70866481,32.4105,1.97078,493,40113,0.829656,0.71,2,799246,798753,493
70869401,46.4821,31.5942,504,40166,0.845931,0.71,2,799296,798792,504
71012481,36,35,503,42665,0.83,1,2,801019,800516,503
71015401,54.4,60.6,495,42714,0.782,1,2,801078,800583,495
71018321,35.68,44.12,486,42763,0.7084,1,1,801109,800623,486
71021241,30.336,26.424,493,42812,0.58168,1,1,801138,800645,493
71024161,27.6672,31.6848,487,42861,0.668336,1,1,801165,800678,487
71027081,31.1334,35.937,482,42910,0.573667,1,1,801197,800715,482
71030001,27.8267,25.5874,486,42959,0.458733,1,1,801224,800738,486
71032921,28.7653,32.3175,481,43008,0.403747,1,1,801253,800772,481
71035841,27.3531,6.4635,508,43057,0.328749,1,1,801280,800772,508
71038761,31.8706,25.2927,511,43106,0.26575,1,1,801313,800802,511
71041681,34.3741,38.6585,504,43155,0.26915,1,1,801348,800844,504
71044601,39.6748,38.1317,507,43204,0.26983,1,1,801389,800882,507
71047521,31.135,36.4263,500,43253,0.253966,0.96,1,801418,800918,500
71050441,34.227,27.2853,510,43302,0.314793,0.89,1,801453,800943,510
71053361,31.6454,37.4571,501,43351,0.294959,0.83,1,801484,800983,501
71056281,51.1291,36.2914,521,43400,0.322992,0.77,1,801540,801019,521
71059201,32.6258,54.4583,490,43449,0.344598,0.69,1,801568,801078,490
71062121,24.9252,35.6917,482,43498,0.39692,0.55,1,801591,801109,482
71065041,24.185,30.3383,477,43547,0.423384,0.69,1,801615,801138,477
71067961,28.037,27.6677,479,43595,0.428677,0.55,1,801644,801165,479
71070881,24.8074,31.1335,471,43643,0.445735,0.43,1,801668,801197,471
71073801,24.1615,27.8267,468,43691,0.449147,0.39,1,801692,801224,468
71076721,25.6323,28.7653,465,43739,0.433829,0.31,1,801718,801253,465
71079641,32.3265,27.3531,472,43787,0.430766,0.25,1,801752,801280,472
71082561,32.8653,31.8706,472,43835,0.510153,0.27,1,801785,801313,472
71085481,33.7731,34.3741,471,43883,0.542031,0.27,1,801819,801348,471
71088401,35.5546,39.6748,466,43931,0.532406,0.25,1,801855,801389,466
71091321,35.1109,31.135,472,43979,0.562481,0.33,1,801890,801418,472
71094241,31.8222,34.227,468,44027,0.600496,0.29,1,801921,801453,468
71097161,51.1644,31.6454,493,44075,0.608099,0.33,1,801977,801484,493
71100081,34.2329,51.1291,467,44123,0.59362,0.35,1,802007,801540,467
71103001,26.0466,32.6258,463,44171,0.622724,0.41,1,802031,801568,463
71105921,26.8093,24.9252,467,44219,0.628545,0.43,1,802058,801591,467
71108841,28.5619,24.185,472,44267,0.661709,0.43,1,802087,801615,472
71111761,24.1124,28.037,466,44315,0.684342,0.45,1,802110,801644,466
71114681,23.2225,24.8074,465,44363,0.672868,0.45,1,802133,801668,465
71117601,27.0445,24.1615,469,44411,0.670574,0.43,1,802161,801692,469
71120521,32.6089,25.6323,477,44458,0.670115,0.43,1,802195,801718,477
71123441,8.12178,32.3265,445,44505,0.670023,0.53,1,802197,801752,445
71126361,31.2244,32.8653,449,44552,0.686005,0.55,1,802234,801785,449
71129281,33.4449,33.7731,449,44599,0.705201,0.53,1,802268,801819,449
71132201,36.289,35.5546,450,44646,0.72504,0.57,1,802305,801855,450
71135121,35.2578,35.1109,450,44693,0.777008,0.61,2,802340,801890,450
71138041,33.4516,31.8222,452,44740,0.755402,0.61,2,802373,801921,452
71140961,51.4903,51.1644,452,44787,0.78308,0.59,2,802429,801977,452
71143881,33.4981,34.2329,451,44834,0.740616,0.63,1,802458,802007,451
71146801,27.4996,26.0466,453,44881,0.764123,0.63,2,802484,802031,453
71149721,27.0999,26.8093,453,44928,0.720825,0.67,1,802511,802058,453
71152641,30.22,28.5619,455,44975,0.712165,0.69,1,802542,802087,455
71155561,23.644,24.1124,454,45022,0.742433,0.67,1,802564,802110,454
71158481,23.9288,23.2225,455,45069,0.716487,0.67,1,802588,802133,455
71161401,27.1858,27.0445,455,45116,0.775297,0.67,2,802616,802161,455
71164321,33.4372,32.6089,456,45163,0.77106,0.67,2,802651,802195,456
71167241,8.28743,8.12178,456,45210,0.770212,0.69,2,802653,802197,456
71170161,31.2575,31.2244,456,45257,0.770042,0.71,2,802690,802234,456
71173081,35.0515,33.4449,458,45304,0.818008,0.73,2,802726,802268,458
71176001,38.2103,36.289,460,45351,0.827602,0.79,2,802765,802305,460
71178921,34.8421,35.2578,459,45398,0.84552,0.75,2,802799,802340,459
71181841,33.3684,33.4516,459,45444,0.865104,0.79,2,802832,802373,459
71184761,51.4737,51.4903,459,45490,0.853021,0.73,2,802888,802429,459
71187681,32.6947,33.4981,458,45536,0.882604,0.77,2,802916,802458,458
71190601,27.3389,27.4996,458,45582,0.872521,0.71,2,802942,802484,458
71193521,27.0678,27.0999,458,45628,0.902504,0.71,2,802969,802511,458
71196441,29.4136,30.22,457,45674,0.876501,0.75,2,802999,802542,457
71199361,23.4827,23.644,457,45720,0.8873,0.71,2,803021,802564,457
71202281,25.4965,23.9288,459,45766,0.88946,0.79,2,803047,802588,459
71205201,27.4993,27.1858,459,45812,0.937892,0.77,2,803075,802616,459
71208121,34.2999,33.4372,460,45858,0.947578,0.77,2,803111,802651,460
71211041,8.45997,8.28743,460,45904,0.949516,0.77,2,803113,802653,460
71213961,31.292,31.2575,460,45950,0.949903,0.77,2,803150,802690,460
71216881,35.0584,6.2515,496,45996,0.933981,0.83,2,803186,802690,496
71219801,38.2117,30.0503,499,46042,0.946796,0.83,2,803225,802726,499
71365801,47,69,476,48279,0.77,1,2,804794,804318,476
71368721,55,41.8,498,48323,0.642,1,1,804851,804353,498
71371641,38.2,29.16,506,48367,0.6324,1,1,804885,804379,506
71374561,32.44,23.432,515,48411,0.63048,1,1,804916,804401,515
71377481,24.088,32.6864,502,48455,0.630096,1,1,804938,804436,502
71380401,16.0176,25.7373,492,48498,0.566019,1,1,804952,804460,492
71383321,11.2035,17.1475,487,48541,0.537204,1,1,804962,804475,487
71386241,29.4407,29.8295,488,48584,0.595441,1,1,804996,804508,488
71389161,29.8881,34.7659,482,48627,0.607088,1,1,805026,804544,482
71392081,25.9776,33.3532,474,48670,0.609418,0.95,1,805051,804577,474
71395001,20.3955,23.4706,472,48713,0.561884,0.9,1,805070,804598,472
71397921,8.8791,11.8941,469,48756,0.584377,0.99,1,805076,804607,469
71400841,35.3758,35.9788,469,48799,0.604875,0.95,1,805118,804649,469
71403761,33.4752,35.1958,467,48842,0.640975,0.95,1,805151,804684,467
71406681,25.895,7.03915,491,48885,0.616195,0.87,1,805175,804684,491
71409601,29.979,24.6078,493,48928,0.595239,0.79,1,805206,804713,493
71412521,42.7958,32.1216,505,48971,0.671048,0.77,1,805252,804747,505
71415441,51.7592,44.0243,512,49014,0.71821,0.61,1,805306,804794,512
71418361,35.9518,54.4049,487,49057,0.727642,0.63,1,805338,804851,487
71421281,30.3904,38.081,482,49100,0.777528,0.63,2,805367,804885,482
71424201,20.4781,32.4162,469,49143,0.803506,0.63,2,805385,804916,469
71427121,15.2956,24.0832,461,49186,0.808701,0.55,2,805399,804938,461
71430041,11.8591,16.0166,458,49229,0.82574,0.53,2,805410,804952,458
71432961,33.5718,11.2033,487,49272,0.813148,0.61,2,805449,804962,487
71435881,29.1144,29.4407,481,49315,0.81063,0.61,2,805477,804996,481
71438801,24.2229,29.8881,474,49358,0.826126,0.61,2,805500,805026,474
71441721,20.8446,25.9776,469,49401,0.845225,0.55,2,805520,805051,469
71444641,7.36891,20.3955,454,49444,0.849045,0.59,2,805524,805070,454
71447561,35.8738,8.8791,491,49487,0.865809,0.61,2,805567,805076,491
71450481,35.1748,35.3758,484,49530,0.885162,0.65,2,805602,805118,484
71453401,26.235,33.4752,475,49573,0.889032,0.61,2,805626,805151,475
71456321,30.847,25.895,483,49615,0.921807,0.59,2,805658,805175,483
71752701,67,73,486,24990,0.09,0.45,1,808653,808167,486
71755621,48.6,67.4,464,25075,0.058,0.33,1,808697,808233,464
71758541,59.32,59.88,468,25160,0.0516,0.17,1,808759,808291,468
71761461,37.464,51.976,450,25244,0.09832,0.11,1,808791,808341,450
71764381,78.6928,56.7952,481,25328,0.091664,0.01,1,808880,808399,481
71767301,34.1386,63.359,439,25412,0.0583328,0.07,1,808903,808464,439
71770221,24.4277,32.6718,436,25495,0.0676666,0.11,1,808925,808489,436
71773141,71.2855,29.7344,490,25578,0.101533,0.01,1,809008,808518,490
71776061,69.4571,60.3469,491,25661,0.0763067,0.09,1,809077,808586,491
71778981,48.2914,65.6694,467,25744,0.0872613,0.05,1,809120,808653,467
71781901,58.4583,48.3339,484,25826,0.121452,0.05,1,809181,808697,484
71784821,40.4917,59.2668,458,25908,0.14429,0.11,1,809217,808759,458
71787741,78.4983,37.4534,514,25990,0.0848581,0.09,1,809305,808791,514
71790661,30.8997,78.6907,444,26072,0.0889716,0.05,1,809324,808880,444
71793581,25.3799,34.1381,445,26153,0.121794,0.07,1,809348,808903,445
71796501,72.276,24.4276,507,26234,0.128359,0.11,1,809432,808925,507
71799421,68.8552,71.2855,492,26315,0.145672,0.07,1,809500,809008,492
71802341,50.571,69.4571,469,26396,0.197134,0.09,1,809546,809077,469
71805261,60.5142,48.2914,489,26476,0.255427,0.13,1,809609,809120,489
71808181,40.9028,58.4583,464,26556,0.267085,0.15,1,809645,809181,464
71811101,75.3806,40.4917,512,26636,0.285417,0.07,1,809729,809217,512
71814021,31.8761,78.4983,445,26716,0.289083,0.09,1,809750,809305,445
71816941,26.3752,30.8997,451,26795,0.337817,0.13,1,809775,809324,451
71819861,72.475,25.3799,511,26874,0.427563,0.13,1,809859,809348,511
71822781,16.095,72.276,429,26953,0.445513,0.15,1,809861,809432,429
71825701,59.219,68.8552,431,27032,0.449103,0.21,1,809931,809500,431
71828621,49.4438,50.571,432,27110,0.529821,0.27,1,809978,809546,432
71831541,62.6888,60.5142,435,27188,0.545964,0.27,1,810044,809609,435
71834461,42.1378,40.9028,436,27266,0.581193,0.29,1,810081,809645,436
71837381,75.6276,75.3806,436,27344,0.604239,0.29,1,810165,809729,436
71840301,33.5255,31.8761,438,27421,0.592848,0.35,1,810188,809750,438
71843221,28.3051,26.3752,440,27498,0.62257,0.45,1,810215,809775,440
71846141,76.061,72.475,444,27575,0.628514,0.45,1,810303,809859,444
71849061,16.8122,16.095,444,27652,0.661703,0.45,1,810305,809861,444
71851981,59.3624,59.219,444,27729,0.636341,0.55,1,810375,809931,444
71854901,51.8725,49.4438,447,27805,0.615268,0.55,1,810425,809978,447
71857821,64.7745,62.6888,449,27881,0.675054,0.59,1,810493,810044,449
71860741,43.3549,42.1378,450,27957,0.703011,0.61,1,810531,810081,450
71863661,77.471,75.6276,452,28033,0.724602,0.59,1,810617,810165,452
71866581,33.0942,33.5255,451,28109,0.69692,0.63,1,810639,810188,451
71869501,29.0188,28.3051,452,28184,0.691384,0.63,1,810667,810215,452
71872421,77.0038,76.061,453,28259,0.722277,0.67,1,810756,810303,453
71875341,17.0008,16.8122,453,28334,0.728455,0.63,1,810758,810305,453
71878261,59.4002,59.3624,453,28409,0.761691,0.63,2,810828,810375,453
71881181,50.28,11.8725,501,28484,0.752338,0.61,2,810876,810375,501
71884101,66.056,42.3745,521,28558,0.734468,0.69,1,810946,810425,521
71887021,44.4112,62.8749,492,28632,0.714894,0.71,1,810985,810493,492
71889941,78.4822,42.975,541,28706,0.774979,0.73,2,811072,810531,541
71892861,33.2964,77.395,477,28780,0.818996,0.69,2,811094,810617,477
71895781,27.4593,33.079,481,28854,0.827799,0.69,2,811120,810639,481
71898701,78.2919,29.0158,544,28927,0.86156,0.73,2,811211,810667,544
71901621,17.2584,77.0032,457,29000,0.868312,0.73,2,811213,810756,457
71904541,61.0517,17.0006,527,29073,0.933662,0.77,2,811285,810758,527
71907461,51.4103,59.4001,506,29146,0.930732,0.75,2,811334,810828,506
72015501,35,88,515,31722,0.81,1,2,813158,812643,515
72018421,33.4,43.2,516,31789,0.794,1,2,813191,812675,516
72021341,52.28,37.44,537,31856,0.8548,1,2,813248,812711,537
72024261,36.856,54.688,511,31922,0.83496,1,2,813281,812770,511
72027181,43.3712,50.1376,507,31988,0.830992,1,2,813326,812819,507
72030101,29.4742,32.4275,505,32054,0.814198,0.99,2,813352,812847,505
72033021,69.0948,29.6855,555,32120,0.81084,1,2,813431,812876,555
72035941,45.019,72.3371,511,32186,0.778168,0.88,2,813470,812959,511
72038861,38.6038,52.8674,500,32252,0.819634,0.87,2,813507,813007,500
72041781,74.9208,40.9735,546,32318,0.859927,0.86,2,813591,813045,546
72044701,43.7842,70.5947,504,32383,0.867985,0.81,2,813627,813123,504
72047621,31.9568,42.1189,498,32448,0.869597,0.79,2,813656,813158,498
72050541,50.3914,34.8238,520,32513,0.917919,0.87,2,813711,813191,520
72199461,35,52,507,35679,0.83,1,2,815877,815370,507
72202381,30.2,40.8,498,35738,0.798,1,2,815906,815408,498
72205301,62.04,74.56,485,35797,0.5356,1,1,815976,815491,485
72208221,38.008,43.712,481,35856,0.45112,0.92,1,816008,815527,481
72211141,41.2016,37.5424,487,35915,0.322224,1,1,816050,815563,487
72214061,46.6403,49.1085,483,35974,0.248445,1,1,816098,815615,483
72216981,36.5281,38.6217,481,36033,0.121689,0.95,1,816132,815651,481
72219901,48.9056,55.7243,473,36092,0.0243378,0.97,1,816184,815711,473
72222821,34.5811,37.5449,471,36151,0.0608676,1,1,816215,815744,471
72225741,35.7162,36.309,471,36209,0.0361735,0.91,1,816251,815780,471
72228661,27.1432,30.4618,467,36267,0.0472347,0.85,1,816276,815809,467
72231581,24.6286,32.4924,458,36325,0.0334469,0.83,1,816300,815842,458
72234501,33.7257,34.4985,459,36383,0.0626894,0.79,1,816336,815877,459
72237421,27.5451,30.0997,456,36441,0.100538,0.47,1,816362,815906,456
72240341,52.709,62.0199,445,36499,0.108108,0.43,1,816421,815976,445
72243261,32.1418,38.004,440,36557,0.141622,0.29,1,816448,816008,440
72246181,33.6284,41.2008,432,36615,0.164324,0.23,1,816482,816050,432
72249101,44.3257,46.6402,431,36673,0.152865,0.09,1,816529,816098,431
72252021,31.2651,36.528,425,36731,0.118573,0,1,816557,816132,425
72254941,46.253,48.9056,423,36789,0.0797146,0.07,1,816607,816184,423
72257861,34.0506,34.5811,423,36846,0.0559429,0.03,1,816638,816215,423
72260781,35.6101,35.7162,423,36903,0.0671886,0.05,1,816674,816251,423
72263701,26.322,27.1432,422,36960,0.133438,0.03,1,816698,816276,422
72266621,24.4644,24.6286,422,37017,0.0986875,0.07,1,816722,816300,422
72269541,36.8929,33.7257,426,37074,0.107738,0.11,1,816762,816336,426
72272461,27.3786,27.5451,425,37131,0.0615475,0.11,1,816787,816362,425
72275381,54.2757,52.709,427,37188,0.0843095,0.11,1,816848,816421,427
72278301,33.2551,10.5418,455,37245,0.0888619,0.15,1,816876,816421,455
72281221,31.451,23.7084,459,37302,0.0737724,0.17,1,816907,816448,459
72284141,44.6902,31.9417,473,37359,0.102754,0.15,1,816955,816482,473
72287061,31.338,43.9883,454,37416,0.108551,0.11,1,816983,816529,454
72289981,43.0676,31.1977,472,37472,0.10971,0.07,1,817029,816557,472
72292901,35.0135,46.2395,455,37528,0.125942,0.05,1,817062,816607,455
72295821,35.8027,34.0479,460,37584,0.145188,0.07,1,817098,816638,460
72298741,27.1605,35.6096,449,37640,0.165038,0.15,1,817123,816674,449
72301661,21.4321,26.3219,445,37696,0.169008,0.09,1,817143,816698,445
72304581,38.6864,24.4644,464,37752,0.233801,0.11,1,817186,816722,464
72307501,27.7373,36.8929,449,37808,0.24676,0.05,1,817211,816762,449
72310421,55.1475,27.3786,486,37864,0.249352,0.09,1,817273,816787,486
72313341,33.4295,54.2757,453,37920,0.24987,0.09,1,817301,816848,453
72316261,30.6859,33.2551,455,37976,0.265974,0.07,1,817331,816876,455
72319181,46.1372,31.451,474,38032,0.285195,0.11,1,817381,816907,474
72322101,31.6274,44.6902,454,38088,0.289039,0.11,1,817409,816955,454
72325021,43.1255,31.338,472,38143,0.289808,0.11,1,817455,816983,472
72327941,37.4251,43.0676,462,38198,0.321962,0.13,1,817491,817029,462
72330861,35.485,35.0135,464,38253,0.328392,0.15,1,817526,817062,464
72333781,27.897,35.8027,454,38308,0.329678,0.17,1,817552,817098,454
72336701,21.5794,27.1605,449,38363,0.329936,0.17,1,817572,817123,449
72339621,41.9159,21.4321,476,38418,0.393987,0.25,1,817619,817143,476
72342541,28.3832,38.6864,458,38473,0.422797,0.25,1,817644,817186,458
72345461,55.2766,27.7373,495,38528,0.508559,0.25,1,817706,817211,495
72348381,33.4553,55.1475,461,38583,0.557712,0.25,1,817734,817273,461
72351301,8.29106,33.4295,435,38638,0.567542,0.27,1,817736,817301,435
72354221,25.6582,30.6859,435,38693,0.601508,0.29,1,817766,817331,435
72357141,45.9316,46.1372,436,38748,0.592302,0.29,1,817817,817381,436
72360061,31.5863,31.6274,436,38803,0.60646,0.29,1,817845,817409,436
72362981,43.1173,43.1255,436,38857,0.609292,0.33,1,817891,817455,436
72365901,39.8235,37.4251,439,38911,0.641858,0.33,1,817930,817491,439
72368821,35.1647,35.485,438,38965,0.664372,0.33,1,817964,817526,438
72371741,27.8329,27.897,438,39019,0.636874,0.33,1,817990,817552,438
72374661,22.3666,21.5794,439,39073,0.663375,0.41,1,818011,817572,439
72377581,44.4733,41.9159,442,39127,0.684675,0.43,1,818061,817619,442
72380501,30.4947,28.3832,444,39181,0.672935,0.53,1,818088,817644,444
72383421,59.6989,55.2766,449,39235,0.702587,0.57,1,818155,817706,449
72386341,35.1398,33.4553,450,39289,0.692517,0.57,1,818184,817734,450
72389261,8.62796,8.29106,450,39343,0.690503,0.61,1,818186,817736,450
72392181,25.7256,25.6582,450,39397,0.690101,0.59,1,818216,817766,450
72395101,47.5451,45.9316,452,39451,0.72202,0.61,1,818269,817817,452
72398021,31.909,31.5863,452,39505,0.712404,0.61,1,818297,817845,452
72400941,43.1818,43.1173,452,39558,0.742481,0.65,1,818343,817891,452
72403861,39.8364,39.8235,452,39611,0.764496,0.67,2,818382,817930,452
72406781,35.9673,35.1647,453,39664,0.720899,0.63,1,818417,817964,453
72409701,27.9935,27.8329,453,39717,0.74418,0.67,1,818443,817990,453
72412621,22.3987,22.3666,453,39770,0.732836,0.69,1,818464,818011,453
72415541,45.2797,44.4733,454,39823,0.730567,0.67,1,818515,818061,454
72418461,29.8559,30.4947,453,39876,0.778113,0.71,2,818541,818088,453
72421381,61.1712,59.6989,455,39929,0.755623,0.69,2,818610,818155,455
72424301,36.2342,35.1398,456,39982,0.799125,0.69,2,818640,818184,456
72427221,8.84685,8.62796,456,40035,0.823825,0.69,2,818642,818186,456
72430141,25.7694,25.7256,456,40088,0.828765,0.69,2,818672,818216,456
72433061,47.5539,5.14512,509,40141,0.861753,0.73,2,818725,818216,509
72435981,31.9108,43.429,484,40194,0.836351,0.71,2,818753,818269,484
72438901,43.1822,31.0858,502,40247,0.84727,0.75,2,818799,818297,502
72441821,40.6364,43.0172,496,40299,0.865454,0.77,2,818839,818343,496
72444741,35.3273,39.8034,491,40351,0.885091,0.71,2,818873,818382,491
72447661,27.8655,35.9607,482,40403,0.889018,0.75,2,818899,818417,482
72450581,21.5731,27.9921,476,40455,0.889804,0.73,2,818919,818443,476
72453501,47.5146,22.3984,509,40507,0.905961,0.73,2,818973,818464,509
72593661,37,30,494,42937,0.81,1,2,820666,820172,494
72596581,35.4,24.4,506,42986,0.778,1,2,820701,820195,506
72599501,35.08,4.88,541,43035,0.8036,1,2,820736,820195,541
72602421,15.016,28.176,517,43084,0.77672,1,2,820746,820229,517
72605341,31.0032,32.8352,518,43133,0.771344,1,2,820781,820263,518
72608261,31.0006,38.567,509,43182,0.754269,1,2,820812,820303,509
72611181,31.0001,29.3134,513,43231,0.718854,1,1,820843,820330,513
72614101,37.4,25.0627,528,43280,0.759771,1,2,820882,820354,528
72617021,22.68,46.6125,495,43329,0.703954,1,1,820901,820406,495
72619941,58.936,32.5225,534,43378,0.708791,0.93,1,820969,820435,534
72622861,39.7872,58.5045,504,43427,0.693758,0.91,1,821004,820500,504
72625781,31.1574,41.3009,496,43476,0.658752,1,1,821033,820537,496
72628701,32.6315,32.2602,499,43525,0.68375,0.87,1,821066,820567,499
72631621,24.1263,32.852,488,43573,0.72075,0.89,1,821088,820600,488
72634541,34.4253,29.7704,496,43621,0.71215,0.81,1,821125,820629,496
72637461,37.2851,35.5541,497,43669,0.69443,0.77,1,821163,820666,497
72640381,33.057,35.1108,494,43717,0.690886,0.81,1,821195,820701,494
72643301,13.0114,35.0222,467,43765,0.690177,0.77,1,821203,820736,467
72646221,31.4023,15.0044,493,43813,0.706035,0.77,1,821239,820746,493
72649141,29.4805,31.0009,487,43861,0.725207,0.75,1,821268,820781,487
72652061,31.4961,31.0002,488,43909,0.729041,0.71,1,821300,820812,488
72654981,36.6992,31,495,43957,0.697808,0.77,1,821338,820843,495
72657901,24.9398,37.4,478,44005,0.691562,0.69,1,821360,820882,478
72660821,56.988,22.68,524,44053,0.706312,0.71,1,821425,820901,524
72663741,38.5976,58.936,490,44101,0.773263,0.69,2,821459,820969,490
72666661,30.1195,39.7872,483,44149,0.786653,0.65,2,821487,821004,483
72669581,34.0239,31.1574,489,44197,0.805331,0.69,2,821522,821033,489
72672501,25.2048,32.6315,479,44245,0.777066,0.73,2,821545,821066,479
72675421,34.641,24.1263,494,44293,0.787413,0.71,2,821582,821088,494
72678341,34.9282,34.4253,492,44341,0.853483,0.69,2,821617,821125,492
72681261,33.3856,37.2851,487,44389,0.866696,0.69,2,821650,821163,487
72684181,13.0771,33.057,463,44437,0.869339,0.69,2,821658,821195,463
72687101,4.21543,13.0114,457,44484,0.869868,0.71,2,821660,821203,457
72690021,29.6431,31.4023,457,44531,0.933974,0.73,2,821696,821239,457
72916321,28,37,449,21900,0.17,0.61,1,824313,823864,449
72919241,57.6,38.6,475,21997,0.154,0.29,1,824378,823903,475
72922161,73.92,76.52,467,22093,0.1348,0.21,1,824456,823989,467
72925081,66.784,79.304,452,22189,0.16296,0.13,1,824521,824069,452
72928001,40.5568,51.0608,442,22285,0.136592,0.13,1,824555,824113,442
72930921,27.3114,30.2122,441,22380,0.0993184,0.09,1,824579,824138,441
72933841,55.0623,29.2424,474,22475,0.155864,0.13,1,824641,824167,474
72936761,68.6125,66.6485,470,22569,0.215173,0.17,1,824713,824243,470
72939681,88.1225,69.3297,493,22663,0.227035,0.15,1,824806,824313,493
72942601,79.2245,65.8659,505,22757,0.277407,0.13,1,824883,824378,505
72945521,67.8449,75.5732,492,22850,0.303481,0.17,1,824948,824456,492
72948441,40.769,67.1146,461,22943,0.308696,0.13,1,824982,824521,461
72951361,25.7538,40.6229,449,23035,0.309739,0.09,1,825004,824555,449
72954281,57.9508,27.3246,491,23127,0.309948,0.17,1,825070,824579,491
72957201,71.5902,55.0649,504,23219,0.35799,0.23,1,825145,824641,504
72960121,88.718,68.613,525,23310,0.383598,0.23,1,825238,824713,525
72963041,81.7436,88.1226,512,23401,0.42072,0.29,1,825318,824806,512
72965961,69.1487,79.2245,501,23492,0.444144,0.31,1,825384,824883,501
72968881,41.0297,67.8449,470,23582,0.448829,0.31,1,825418,824948,470
72971801,25.8059,40.769,458,23672,0.449766,0.31,1,825440,824982,458
72974721,57.9612,25.7538,502,23762,0.497953,0.31,1,825506,825004,502
72977641,74.7922,57.9508,515,23851,0.523591,0.37,1,825585,825070,515
72980561,89.3584,71.5902,533,23940,0.592718,0.39,1,825678,825145,533
72983481,19.4717,88.718,442,24029,0.606544,0.43,1,825680,825238,442
72986401,68.6943,81.7436,443,24117,0.625309,0.45,1,825761,825318,443
72989321,67.3389,69.1487,444,24205,0.645062,0.45,1,825828,825384,444
72992241,40.6678,41.0297,444,24293,0.713012,0.45,1,825862,825418,444
72995161,26.5336,25.8059,445,24380,0.710602,0.51,1,825885,825440,445
72998081,59.7067,57.9612,447,24467,0.774121,0.53,2,825953,825506,447
73001001,77.5413,74.7922,450,24554,0.786824,0.61,2,826035,825585,450
73003921,91.5083,89.3584,452,24640,0.853365,0.61,2,826130,825678,452
73006841,19.9017,19.4717,452,24726,0.834673,0.63,2,826132,825680,452
73009761,70.3803,68.6943,454,24812,0.878935,0.65,2,826215,825761,454
73012681,67.6761,67.3389,454,24897,0.935787,0.73,2,826282,825828,454
73015601,42.3352,40.6678,456,24982,0.915157,0.71,2,826318,825862,456
73018521,27.667,26.5336,457,25067,0.911031,0.79,2,826342,825885,457
73129481,36,26,506,28101,0.35,1,1,828551,828045,506
73132401,40,57.2,482,28176,0.286,1,1,828592,828110,482
73135321,59.2,65.04,479,28251,0.1932,1,1,828656,828177,479
73138241,39.84,41.008,479,28326,0.17464,1,1,828691,828212,479
73141161,30.368,30.6016,479,28401,0.106928,1,1,828719,828240,479
73144081,22.0736,6.12032,499,28476,0.141386,1,1,828739,828240,499
73147001,42.8147,24.4241,518,28550,0.116277,1,1,828787,828269,518
73149921,78.1629,41.6848,559,28624,0.0952554,0.75,1,828874,828315,559
73152841,83.6326,89.137,543,28698,0.0430511,0.49,1,828959,828416,543
73155761,41.5265,97.0274,475,28772,0.0806102,0.35,1,828990,828515,475
73158681,38.7053,48.2055,477,28846,0.056122,0.27,1,829028,828551,477
73161601,56.5411,42.4411,497,28919,0.115224,0.17,1,829089,828592,497
73164521,36.9082,59.6882,465,28992,0.143045,0.17,1,829121,828656,465
73167441,27.3816,39.9376,455,29065,0.148609,0.09,1,829146,828691,455
73170361,22.2763,30.3875,448,29138,0.181722,0.15,1,829167,828719,448
73173281,41.2553,22.0775,474,29211,0.188344,0.11,1,829213,828739,474
73176201,77.0511,42.8155,512,29283,0.221669,0.09,1,829299,828787,512
73179121,82.6102,78.1631,509,29355,0.244334,0.03,1,829383,828874,509
73182041,42.122,83.6326,456,29427,0.248867,0.09,1,829415,828959,456
73184961,38.0244,41.5265,462,29499,0.265773,0.05,1,829452,828990,462
73187881,58.8049,38.7053,488,29571,0.269155,0.13,1,829516,829028,488
73190801,38.961,56.5411,461,29643,0.349831,0.15,1,829550,829089,461
73193721,26.9922,36.9082,453,29714,0.333966,0.15,1,829574,829121,453
73196641,22.1984,27.3816,449,29785,0.362793,0.19,1,829595,829146,449
73199561,6.03969,22.2763,430,29856,0.368559,0.19,1,829597,829167,430
73202481,39.6079,41.2553,432,29927,0.369712,0.23,1,829645,829213,432
73205401,77.5216,77.0511,433,29998,0.369942,0.25,1,829732,829299,433
73208321,83.5043,82.6102,434,30069,0.449988,0.25,1,829817,829383,434
73211241,42.3009,42.122,434,30139,0.497998,0.27,1,829849,829415,434
73214161,37.2602,38.0244,433,30209,0.5076,0.27,1,829885,829452,433
73217081,61.052,58.8049,436,30279,0.54152,0.37,1,829952,829516,436
73220001,41.0104,38.961,438,30349,0.548304,0.33,1,829988,829550,438
73222921,27.4021,26.9922,438,30419,0.565661,0.37,1,830012,829574,438
73225841,23.8804,22.1984,440,30489,0.585132,0.37,1,830035,829595,440
73228761,6.37608,6.03969,440,30558,0.621026,0.37,1,830037,829597,440
73231681,39.6752,39.6079,440,30627,0.596205,0.37,1,830085,829645,440
73234601,78.335,77.5216,441,30696,0.703241,0.47,1,830173,829732,441
73237521,86.067,83.5043,444,30765,0.708648,0.51,1,830261,829817,444
73240441,43.6134,42.3009,445,30834,0.72573,0.51,1,830294,829849,445
73243361,37.5227,37.2602,445,30903,0.745146,0.55,1,830330,829885,445
73246281,64.3045,61.052,449,30971,0.733029,0.55,1,830401,829952,449
73249201,41.6609,41.0104,449,31039,0.730606,0.57,1,830437,829988,449
73252121,28.3322,27.4021,450,31107,0.730121,0.59,1,830462,830012,450
73255041,24.8664,23.8804,451,31175,0.794024,0.63,2,830486,830035,451
73257961,6.57329,6.37608,451,31243,0.774805,0.59,2,830488,830037,451
73260881,39.7147,39.6752,451,31311,0.786961,0.59,2,830536,830085,451
73263801,81.5429,7.93504,543,31379,0.805392,0.73,2,830628,830085,543
73266721,87.5086,71.987,544,31446,0.841078,0.71,2,830717,830173,544
73269641,45.5017,84.7974,491,31513,0.832216,0.73,2,830752,830261,491
73272561,37.9003,43.3595,494,31580,0.846443,0.75,2,830788,830294,494
73275481,63.5801,37.4719,528,31647,0.881289,0.73,2,830858,830330,528
73278401,42.316,64.2944,494,31714,0.888258,0.73,2,830895,830401,494
73281321,28.4632,41.6589,483,31781,0.889652,0.73,2,830920,830437,483
73284241,25.6926,28.3318,483,31848,0.90593,0.81,2,830945,830462,483
73287161,6.73853,24.8664,461,31914,0.909186,0.77,2,830947,830486,461
73290081,40.5477,6.57327,508,31980,0.909837,0.79,2,830996,830488,508
73293001,82.5095,39.7147,553,32046,0.893968,0.81,2,831089,830536,553
73424401,51,75,526,34892,0.67,1,1,833128,832602,526
73427321,51.8,61.4,520,34953,0.622,1,1,833180,832660,520
73430241,35.16,45.08,510,35013,0.5804,1,1,833211,832701,510
73433161,29.432,31.416,510,35073,0.60408,1,1,833239,832729,510
73436081,35.4864,32.6832,514,35133,0.608816,1,1,833276,832762,514
73439001,27.8973,33.7366,506,35193,0.561763,1,1,833302,832796,506
73441921,33.5795,30.7473,511,35253,0.520353,1,1,833337,832826,511
73444841,24.3159,33.3495,499,35313,0.496071,1,1,833359,832860,499
73447761,33.6632,33.0699,502,35373,0.475214,1,1,833395,832893,502
73450681,57.1326,31.414,534,35433,0.471043,0.83,1,833458,832924,534
73453601,69.0265,65.4828,532,35493,0.470209,0.73,1,833530,832998,532
73456521,53.8053,76.2966,503,35553,0.502042,0.67,1,833580,833077,503
73459441,53.9611,56.0593,506,35612,0.492408,0.61,1,833634,833128,506
73462361,32.3922,52.8119,481,35671,0.506482,0.57,1,833661,833180,481
73465281,8.07844,35.3624,452,35730,0.477296,0.61,1,833663,833211,452
73468201,23.2157,29.4725,451,35789,0.487459,0.61,1,833690,833239,451
73471121,33.4431,35.4945,450,35848,0.537492,0.55,1,833726,833276,450
73474041,23.4886,27.8989,445,35907,0.563498,0.51,1,833747,833302,445
73476961,31.0977,33.5798,443,35966,0.5527,0.49,1,833780,833337,443
73479881,28.6195,24.316,449,36025,0.58254,0.47,1,833808,833359,449
73482801,31.3239,33.6632,445,36084,0.588508,0.47,1,833840,833395,445
73485721,57.4648,57.1326,446,36143,0.621702,0.47,1,833904,833458,446
73488641,68.293,69.0265,445,36201,0.69234,0.51,1,833975,833530,445
73491561,55.2586,53.8053,447,36259,0.690468,0.49,1,834027,833580,447
73494481,53.4517,53.9611,446,36317,0.754094,0.51,2,834080,833634,446
73497401,33.0903,32.3922,447,36375,0.798819,0.47,2,834108,833661,447
73500321,8.21807,8.07844,447,36433,0.775764,0.49,2,834110,833663,447
73503241,20.8436,23.2157,444,36491,0.803153,0.55,2,834134,833690,444
73506161,35.3687,33.4431,447,36549,0.856631,0.57,2,834173,833726,447
73509081,24.6737,23.4886,448,36607,0.835326,0.55,2,834195,833747,448
73512001,30.5347,31.0977,447,36665,0.895065,0.59,2,834227,833780,447
73514921,30.907,28.6195,450,36723,0.907013,0.59,2,834258,833808,450
73517841,32.5814,31.3239,451,36781,0.925403,0.63,2,834291,833840,451
73710561,49,61,541,40395,0.85,1,2,836867,836326,541
73713481,72.2,81.8,532,40447,0.786,1,2,836945,836413,532
73716401,34.44,47.56,518,40499,0.7732,1,2,836970,836452,518
73719321,32.488,37.512,515,40551,0.78664,1,2,837002,836487,515
73722241,35.2976,33.9024,518,40603,0.757328,1,2,837038,836520,518
73725161,29.4595,37.9805,507,40655,0.703466,1,1,837066,836559,507
73728081,26.6919,30.7961,504,40707,0.660693,1,1,837092,836588,504
73731001,25.3384,18.1592,514,40759,0.732139,1,1,837117,836603,514
73733921,33.0677,31.6318,514,40811,0.762428,1,2,837152,836638,514
73736841,26.6135,37.5264,500,40863,0.704486,1,1,837177,836677,500
73739761,32.5227,29.9053,506,40915,0.692897,0.97,1,837211,836705,506
73742681,31.3045,34.7811,501,40967,0.706579,0.86,1,837242,836741,501
73745601,41.4609,35.7562,509,41019,0.677316,0.83,1,837286,836777,509
73748521,44.2922,39.9512,513,41070,0.655463,0.85,1,837331,836818,513
73751441,68.0584,47.1902,538,41121,0.619093,0.77,1,837405,836867,538
73754361,32.8117,71.8381,484,41172,0.611818,0.77,1,837429,836945,484
73757281,31.3623,34.3676,490,41223,0.642364,0.79,1,837460,836970,490
73760201,33.4725,32.4735,492,41274,0.648473,0.75,1,837494,837002,492
73763121,29.0945,35.2947,484,41325,0.617695,0.69,1,837522,837038,484
73766041,24.2189,29.4589,479,41376,0.659539,0.65,1,837545,837066,479
73768961,25.6438,26.6918,479,41427,0.699908,0.75,1,837571,837092,479
73771881,34.7288,25.3384,491,41478,0.707982,0.77,1,837608,837117,491
73774801,25.3458,33.0677,479,41529,0.725596,0.69,1,837631,837152,479
73777721,6.66915,26.6135,456,41580,0.729119,0.69,1,837633,837177,456
73780641,29.3338,32.5227,457,41631,0.745824,0.71,1,837668,837211,457
73783561,29.8668,31.3045,456,41682,0.749165,0.67,1,837698,837242,456
73786481,40.3734,41.4609,455,41733,0.701833,0.65,1,837741,837286,455
73789401,41.6747,44.2922,452,41784,0.740367,0.61,1,837783,837331,452
73792321,67.5349,68.0584,452,41835,0.860073,0.61,2,837857,837405,452
73795241,33.507,32.8117,453,41885,0.884015,0.65,2,837882,837429,453
73798161,32.3014,31.3623,454,41935,0.920803,0.65,2,837914,837460,454
73801081,33.6603,33.4725,454,41985,0.944161,0.61,2,837948,837494,454
73804001,29.1321,29.0945,454,42035,0.948832,0.67,2,837976,837522,454
73806921,25.8264,24.2189,456,42085,0.933766,0.71,2,838001,837545,456
74237621,74,76,479,22093,0.05,0.57,1,842860,842381,479
74240541,51.6,52,479,22189,0.114,0.33,1,842906,842427,479
74243461,70.32,84,462,22285,0.1428,0.29,1,842981,842519,462
74246381,65.264,64.8,466,22380,0.14856,0.11,1,843045,842579,466
74249301,51.4528,69.76,443,22475,0.213712,0.09,1,843093,842650,443
74252221,28.6906,29.152,447,22569,0.242742,0.09,1,843116,842669,447
74255141,80.1381,33.8304,505,22663,0.296548,0.05,1,843209,842704,505
74258061,76.0276,72.3661,498,22757,0.32331,0.05,1,843284,842786,498
74260981,54.4055,73.6732,473,22850,0.312662,0.13,1,843333,842860,473
74263901,71.6811,51.5346,503,22943,0.310532,0.15,1,843409,842906,503
74266821,67.1362,70.3069,494,23035,0.342106,0.15,1,843475,842981,494
74269741,53.4272,65.2614,480,23127,0.396421,0.23,1,843525,843045,480
74272661,29.8854,51.4523,456,23219,0.407284,0.25,1,843549,843093,456
74275581,82.7771,28.6905,529,23310,0.457457,0.31,1,843645,843116,529
74278501,77.3554,80.1381,512,23401,0.515491,0.33,1,843721,843209,512
74281421,54.6711,76.0276,486,23492,0.511098,0.31,1,843770,843284,486
74284341,70.9342,54.4055,512,23582,0.54222,0.31,1,843845,843333,512
74287261,68.5868,71.6811,504,23672,0.596444,0.35,1,843913,843409,504
74290181,56.1174,67.1362,491,23762,0.639289,0.41,1,843966,843475,491
74293101,30.4235,53.4272,465,23851,0.679858,0.41,1,843990,843525,465
74296021,85.2847,29.8854,540,23940,0.639972,0.47,1,844089,843549,540
74298941,18.6569,82.7771,446,24029,0.631994,0.53,1,844091,843645,446
74301861,66.1314,77.3554,448,24117,0.694399,0.51,1,844169,843721,448
74304781,52.4263,54.6711,448,24205,0.72288,0.55,1,844218,843770,448
74307701,71.2853,70.9342,449,24293,0.728576,0.61,1,844294,843845,449
74310621,71.8571,68.5868,453,24380,0.777715,0.65,2,844366,843913,453
74313541,57.5714,56.1174,454,24467,0.755543,0.69,2,844420,843966,454
74316461,32.3143,30.4235,456,24554,0.735109,0.63,1,844446,843990,456
74319381,84.0629,85.2847,454,24640,0.795022,0.63,2,844543,844089,454
74322301,18.4126,18.6569,454,24726,0.807004,0.71,2,844545,844091,454
74325221,67.6825,66.1314,456,24812,0.809401,0.73,2,844625,844169,456
74328141,52.7365,52.4263,456,24897,0.82588,0.73,2,844674,844218,456
74331061,72.9473,71.2853,458,24982,0.829176,0.79,2,844752,844294,458
74333981,72.9895,71.8571,459,25067,0.909835,0.75,2,844825,844366,459
74336901,58.5979,57.5714,460,25152,0.925967,0.73,2,844880,844420,460
74447861,47,53,483,28176,0.79,1,2,847001,846518,483
74450781,40.6,42.6,482,28251,0.694,1,1,847040,846558,482
74453701,42.52,33.32,494,28326,0.5308,1,1,847083,846589,494
74456621,59.704,67.464,482,28401,0.51416,1,1,847147,846665,482
74459541,57.5408,13.4928,539,28476,0.446832,0.96,1,847204,846665,539
74462461,56.3082,50.6986,535,28550,0.417366,1,1,847260,846725,535
74465381,48.0616,64.5397,513,28624,0.491473,0.96,1,847306,846793,513
74468301,62.4123,48.9079,534,28698,0.490295,0.91,1,847372,846838,534
74471221,47.6825,67.3816,506,28772,0.522059,0.79,1,847416,846910,506
74474141,43.1365,48.6763,504,28846,0.544412,0.79,1,847458,846954,504
74477061,35.8273,47.3353,491,28919,0.548882,0.67,1,847492,847001,491
74479981,38.3655,40.6671,491,28992,0.485776,0.49,1,847531,847040,491
74482901,55.6731,42.5334,508,29065,0.537155,0.51,1,847591,847083,508
74485821,55.9346,59.7067,500,29138,0.563431,0.43,1,847647,847147,500
74488741,55.1869,57.5413,498,29211,0.600686,0.41,1,847702,847204,498
74491661,49.4374,56.3083,490,29283,0.640137,0.51,1,847750,847260,490
74494581,63.4875,48.0617,511,29355,0.664027,0.49,1,847817,847306,511
74497501,47.8975,62.4123,489,29427,0.652806,0.53,1,847861,847372,489
74500421,44.7795,47.6825,489,29499,0.730561,0.55,1,847905,847416,489
74503341,36.1559,43.1365,481,29571,0.730112,0.55,1,847939,847458,481
74506261,39.2312,35.8273,487,29643,0.762022,0.47,2,847979,847492,487
74509181,55.8462,38.3655,508,29714,0.736404,0.55,1,848039,847531,508
74512101,58.3692,55.6731,507,29785,0.747281,0.57,1,848098,847591,507
74515021,13.2738,55.9346,453,29856,0.749456,0.61,1,848100,847647,453
74517941,47.4548,55.1869,454,29927,0.797891,0.65,2,848156,847702,454
74520861,47.891,49.4374,454,29998,0.791578,0.67,2,848204,847750,454
74523781,63.9782,63.4875,455,30069,0.790316,0.65,2,848272,847817,455
74526701,47.1956,47.8975,454,30139,0.790063,0.75,2,848315,847861,454
74529621,47.0391,44.7795,457,30209,0.838013,0.73,2,848362,847905,457
74532541,39.0078,36.1559,460,30279,0.831603,0.77,2,848399,847939,460
74535461,38.2016,39.2312,458,30349,0.830321,0.73,2,848437,847979,458
74538381,56.4403,55.8462,459,30419,0.846064,0.75,2,848498,848039,459
74541301,58.4881,58.3692,459,30489,0.881213,0.75,2,848557,848098,459
74544221,13.2976,13.2738,459,30558,0.856243,0.81,2,848559,848100,459
74547141,48.2595,47.4548,460,30627,0.899248,0.79,2,848616,848156,460
74550061,48.8519,47.891,461,30696,0.90785,0.79,2,848665,848204,461
74552981,64.9704,63.9782,462,30765,0.90957,0.79,2,848734,848272,462
74555901,46.5941,47.1956,461,30834,0.941914,0.85,2,848776,848315,461
74693141,57,46,488,33908,0.89,0.99,2,850930,850442,488
74696061,48.2,38.8,497,33970,0.922,1,2,850976,850479,497
74698981,34.44,38.96,489,34032,0.9124,1,2,851007,850518,489
74701901,27.688,34.192,482,34094,0.92648,1,2,851033,850551,482
75023101,36,19,525,40343,0.69,1,1,855418,854893,525
75026021,36,34.2,523,40395,0.642,1,1,855454,854931,523
75028941,49.6,41.24,533,40447,0.4564,1,1,855507,854974,533
75031861,40.32,53.848,514,40499,0.38728,1,1,855545,855031,514
75034781,44.864,41.9696,521,40551,0.373456,1,1,855591,855070,521
75037701,44.1728,33.9939,533,40603,0.290691,1,1,855635,855102,533
75040621,36.8346,57.9988,504,40655,0.274138,1,1,855670,855166,504
75043541,47.3669,41.1998,517,40707,0.174828,1,1,855720,855203,517
75046461,36.6734,35.44,517,40759,0.106966,1,1,855754,855237,517
75049381,32.1347,37.488,510,40811,0.0613931,1,1,855785,855275,510
75052301,28.8269,37.8976,500,40863,0.116279,0.95,1,855813,855313,500
75055221,15.3654,31.5795,482,40915,0.175256,0.86,1,855825,855343,482
75058141,17.4731,20.7159,482,40967,0.171051,0.83,1,855843,855361,482
75061061,27.4946,20.9432,491,41019,0.18621,0.69,1,855873,855382,491
75063981,30.2989,32.9886,486,41070,0.189242,0.63,1,855904,855418,486
75066901,41.2598,35.3977,494,41121,0.173848,0.41,1,855948,855454,494
75069821,37.852,49.4795,478,41172,0.17077,0.37,1,855985,855507,478
75072741,41.9704,40.2959,483,41223,0.202154,0.37,1,856028,855545,483
75075661,36.3941,44.8592,472,41274,0.224431,0.27,1,856063,855591,472
75078581,33.6788,44.1718,461,41325,0.260886,0.27,1,856096,855635,461
75081501,46.7358,36.8344,476,41376,0.220177,0.15,1,856146,855670,476
75084421,39.7472,47.3669,464,41427,0.260035,0.09,1,856184,855720,464
75087341,28.7494,36.6734,456,41478,0.236007,0.05,1,856210,855754,456
75090261,31.3499,32.1347,457,41529,0.231201,0.13,1,856242,855785,457
75093181,7.86998,28.8269,431,41580,0.26224,0.19,1,856244,855813,431
75096101,11.974,15.3654,432,41631,0.252448,0.17,1,856257,855825,432
75099021,15.9948,17.4731,431,41682,0.25049,0.19,1,856274,855843,431
75101941,27.199,27.4946,431,41733,0.282098,0.19,1,856304,855873,431
75104861,31.0398,30.2989,432,41784,0.25642,0.17,1,856336,855904,432
75107781,41.408,41.2598,432,41835,0.267284,0.17,1,856380,855948,432
75110701,34.6816,37.852,428,41885,0.317457,0.21,1,856413,855985,428
75113621,47.7363,41.9704,436,41935,0.295491,0.23,1,856464,856028,436
75116541,35.1473,36.3941,433,41985,0.307098,0.27,1,856496,856063,433
75119461,35.0295,33.6788,435,42035,0.30942,0.21,1,856531,856096,435
75122381,46.2059,46.7358,434,42085,0.341884,0.27,1,856580,856146,434
75125301,40.4412,39.7472,435,42135,0.380377,0.23,1,856619,856184,435
75128221,27.2882,28.7494,433,42185,0.388075,0.23,1,856643,856210,433
75131141,31.0576,31.3499,433,42235,0.405615,0.27,1,856675,856242,433
75134061,7.81153,7.86998,433,42285,0.409123,0.25,1,856677,856244,433
75136981,11.9623,11.974,433,42335,0.393825,0.25,1,856690,856257,433
75139901,16.7925,15.9948,434,42385,0.422765,0.29,1,856708,856274,434
75142821,27.3585,27.199,434,42435,0.428553,0.25,1,856738,856304,434
75145741,31.0717,31.0398,434,42485,0.445711,0.27,1,856770,856336,434
75148661,42.2143,41.408,435,42535,0.481142,0.33,1,856815,856380,435
75151581,35.6429,34.6816,436,42585,0.488228,0.29,1,856849,856413,436
75154501,46.3286,47.7363,434,42635,0.473646,0.31,1,856898,856464,434
75157421,36.4657,35.1473,436,42684,0.534729,0.31,1,856932,856496,436
75160341,34.4931,35.0295,435,42733,0.530946,0.35,1,856966,856531,435
75163261,47.6986,46.2059,437,42782,0.610189,0.39,1,857017,856580,437
75166181,42.3397,40.4412,439,42831,0.610038,0.39,1,857058,856619,439
75169101,28.4679,27.2882,440,42880,0.658008,0.41,1,857083,856643,440
75172021,31.2936,31.0576,440,42929,0.699602,0.41,1,857115,856675,440
75174941,7.85872,7.81153,440,42978,0.67592,0.39,1,857117,856677,440
75177861,11.1717,11.9623,439,43027,0.671184,0.39,1,857129,856690,439
75180781,17.4343,2.39246,458,43076,0.702237,0.43,1,857148,856690,458
75183701,28.2869,14.8785,471,43125,0.692447,0.43,1,857179,856708,471
75186621,32.0574,26.9757,474,43174,0.722489,0.45,1,857212,856738,474
75189541,43.2115,30.9951,488,43223,0.744498,0.49,1,857258,856770,488
75192461,35.8423,42.199,477,43272,0.7489,0.49,1,857292,856815,477
75195381,47.9685,35.6398,494,43321,0.73378,0.47,1,857343,856849,494
75198301,38.3937,46.328,481,43370,0.746756,0.55,1,857379,856898,481
75201221,34.8787,36.4656,481,43419,0.781351,0.53,2,857413,856932,481
75204141,50.1757,34.4931,501,43468,0.85227,0.63,2,857467,856966,501
75207061,44.4352,47.6986,493,43517,0.850454,0.61,2,857510,857017,493
75209981,30.487,42.3397,479,43565,0.882091,0.67,2,857537,857058,479
75212901,31.6974,28.4679,486,43613,0.904418,0.71,2,857569,857083,486
75215821,7.93948,31.2936,456,43661,0.908884,0.67,2,857571,857115,456
75218741,11.9879,7.85872,467,43709,0.909777,0.67,2,857584,857117,467
75221661,18.3976,11.1717,475,43757,0.909955,0.71,2,857604,857129,475
75224581,29.2795,17.4343,488,43805,0.925991,0.69,2,857636,857148,488
75227501,32.2559,28.2869,490,43853,0.945198,0.73,2,857669,857179,490
75230421,44.0512,32.0574,504,43901,0.94904,0.75,2,857716,857212,504
75447961,74,28,513,21270,0.05,0.53,1,860279,859766,513
75450881,72.4,85.6,485,21370,0.066,0.27,1,860351,859866,485
75453801,57.68,89.12,449,21469,0.0852,0.15,1,860405,859956,449
75456721,48.336,73.024,426,21568,0.05704,0.07,1,860451,860025,426
75459641,32.0672,29.0048,436,21666,0.035408,0.07,1,860479,860043,436
75462561,52.8134,20.201,476,21764,0.0310816,0.01,1,860537,860061,476
75465481,82.5627,71.2402,482,21861,0.0142163,0.05,1,860627,860145,482
75468401,77.3125,121.448,424,21958,0.0588433,0.07,1,860703,860279,424
75471321,72.2625,81.8896,423,22055,0.131769,0.09,1,860774,860351,423
75474241,58.4525,59.5779,424,22151,0.146354,0.05,1,860829,860405,424
75477161,47.6905,48.7156,423,22247,0.133271,0.03,1,860874,860451,423
75480081,31.9381,32.1431,423,22342,0.0826541,0.03,1,860902,860479,423
75483001,53.5876,52.8286,424,22437,0.0245308,0.01,1,860961,860537,424
75485921,81.9175,82.5657,423,22532,0.0769062,0.01,1,861050,860627,423
75488841,76.3835,16.5131,498,22626,0.0713812,0.07,1,861125,860627,498
75491761,75.2767,64.1026,497,22720,0.0382762,0.15,1,861200,860703,497
75494681,60.6553,69.6205,483,22813,0.0316552,0.15,1,861257,860774,483
75497601,46.5311,57.9241,471,22906,0.0303311,0.13,1,861300,860829,471
75500521,28.5062,47.5848,450,22999,0.0620662,0.07,1,861324,860874,450
75503441,52.9012,31.917,481,23091,0.0204132,0.01,1,861383,860902,481
75506361,82.5802,53.5834,512,23183,0.0760826,0.09,1,861473,860961,512
75509281,77.316,81.9167,499,23274,0.0712165,0.07,1,861549,861050,499
75512201,73.8632,76.3833,497,23365,0.118243,0.03,1,861622,861125,497
75515121,60.3726,75.2767,479,23456,0.143649,0.03,1,861679,861200,479
75518041,48.0745,60.6553,467,23546,0.16473,0.03,1,861724,861257,467
75520961,28.8149,46.5311,448,23636,0.168946,0.07,1,861748,861300,448
75523881,51.363,28.5062,481,23726,0.169789,0.01,1,861805,861324,481
75526801,85.4726,52.9012,516,23815,0.121958,0.09,1,861899,861383,516
75529721,76.2945,82.5802,500,23904,0.160392,0.07,1,861973,861473,500
75532641,16.8589,77.316,426,23993,0.168078,0.13,1,861975,861549,426
75535561,63.3718,73.8632,428,24081,0.185616,0.15,1,862050,861622,428
75538481,60.6744,60.3726,431,24169,0.237123,0.17,1,862110,861679,431
75541401,47.3349,48.0745,430,24257,0.263425,0.17,1,862154,861724,430
75544321,29.467,28.8149,431,24344,0.300685,0.17,1,862179,861748,431
75547241,50.6934,51.363,430,24431,0.308137,0.11,1,862235,861805,430
75550161,82.9387,85.4726,427,24518,0.325627,0.17,1,862326,861899,427
75553081,78.1877,76.2945,430,24604,0.329125,0.17,1,862403,861973,430
75556001,17.2375,16.8589,430,24690,0.329825,0.19,1,862405,861975,430
75558921,62.6475,63.3718,429,24776,0.425965,0.25,1,862479,862050,429
75561841,64.5295,60.6744,434,24862,0.445193,0.27,1,862544,862110,434
75564761,48.9059,47.3349,435,24947,0.513039,0.31,1,862589,862154,435
75567681,29.7812,29.467,435,25032,0.574608,0.31,1,862614,862179,435
75570601,50.7562,50.6934,435,25117,0.554922,0.33,1,862670,862235,435
75573521,84.5512,82.9387,437,25201,0.598984,0.33,1,862763,862326,437
75576441,79.3103,78.1877,438,25285,0.639797,0.33,1,862841,862403,438
75579361,17.462,17.2375,438,25369,0.647959,0.45,1,862843,862405,438
75582281,65.8924,62.6475,442,25453,0.713592,0.45,1,862921,862479,442
75585201,66.7785,12.5295,509,25536,0.726718,0.45,1,862988,862479,509
75588121,51.7557,54.5059,492,25619,0.713344,0.53,1,863036,862544,492
75591041,31.1511,46.9012,473,25702,0.710669,0.59,1,863062,862589,473
75593961,51.0302,29.3802,504,25784,0.710134,0.55,1,863118,862614,504
75596881,87.806,50.676,545,25866,0.726027,0.61,1,863215,862670,545
75599801,80.7612,84.5352,531,25948,0.777205,0.65,2,863294,862763,531
75602721,17.7522,79.307,455,26030,0.787441,0.65,2,863296,862841,455
75605641,69.1504,17.4614,535,26111,0.805488,0.73,2,863378,862843,535
75608561,67.4301,65.8923,524,26192,0.825098,0.73,2,863445,862921,524
75611481,51.086,66.7785,504,26273,0.82902,0.71,2,863492,862988,504
75614401,31.0172,51.7557,482,26354,0.861804,0.71,2,863518,863036,482
75617321,51.0034,31.1511,512,26434,0.884361,0.71,2,863574,863062,512
75620241,90.2007,51.0302,556,26514,0.920872,0.73,2,863674,863118,556
75728281,92,104,565,29323,0.33,1,1,865655,865090,565
75731201,35.2,84.8,506,29395,0.266,0.99,1,865676,865170,506
75734121,43.84,39.36,524,29467,0.2212,1,1,865722,865198,524
75737041,67.968,55.072,539,29539,0.06824,1,1,865796,865257,539
75739961,55.1936,63.0144,526,29611,0.037648,1,1,865848,865322,526
75742881,38.2387,59.0029,502,29682,0.0475296,0.97,1,865882,865380,502
75745801,29.2477,37.4006,497,29753,0.0335059,0.9,1,865909,865412,497
75748721,26.6495,29.8801,495,29824,0.0147012,0.85,1,865935,865440,495
75751641,6.92991,29.976,467,29895,0.0269402,0.57,1,865937,865470,467
75754561,62.186,80.3952,450,29966,0.045388,0.33,1,866013,865563,450
75757481,74.8372,89.679,436,30037,0.0490776,0.25,1,866091,865655,436
75760401,30.1674,34.7358,434,30107,0.177816,0.21,1,866110,865676,434
75763321,36.4335,43.7472,426,30177,0.139563,0.03,1,866148,865722,426
75766241,64.0867,67.9494,423,30247,0.0999126,0.03,1,866219,865796,423
75769161,54.4173,55.1899,423,30317,0.0599825,0.05,1,866271,865848,423
75772081,38.8835,38.238,424,30387,0.0359965,0.03,1,866306,865882,424
75775001,27.7767,29.2476,422,30457,0.0311993,0.01,1,866331,865909,422
75777921,27.1553,26.6495,423,30526,0.0462399,0.03,1,866358,865935,423
75780841,7.03107,6.9299,423,30595,0.049248,0.05,1,866360,865937,423
75783761,63.0062,62.186,424,30664,0.0658496,0.05,1,866437,866013,424
75786681,78.2012,74.8372,428,30733,0.13317,0.21,1,866519,866091,428
75789601,32.4402,30.1674,430,30802,0.146634,0.13,1,866540,866110,430
75792521,33.6881,36.4335,426,30871,0.149327,0.09,1,866574,866148,426
75795441,63.5376,64.0867,426,30940,0.181865,0.05,1,866645,866219,426
75798361,51.9075,54.4173,423,31008,0.172373,0.03,1,866694,866271,423
75801281,37.5815,38.8835,422,31076,0.186475,0.03,1,866728,866306,422
75804201,28.3163,27.7767,423,31144,0.205295,0.05,1,866754,866331,423
75807121,27.2633,27.1553,423,31212,0.241059,0.05,1,866781,866358,423
75810041,7.05265,7.03107,423,31280,0.248212,0.05,1,866783,866360,423
75812961,63.8105,1.40621,501,31348,0.265642,0.07,1,866861,866360,501
75815881,79.9621,61.8812,508,31415,0.269128,0.15,1,866945,866437,508
75818801,34.3924,77.9762,449,31482,0.253826,0.15,1,866968,866519,449
75821721,34.0785,32.3952,462,31549,0.266765,0.15,1,867002,866540,462
75824641,65.2157,33.6791,501,31616,0.253353,0.19,1,867075,866574,501
75827561,49.8431,63.5358,476,31683,0.266671,0.17,1,867121,866645,476
75830481,39.5686,51.9072,464,31750,0.285334,0.19,1,867158,866694,464
75833401,30.3137,37.5814,458,31817,0.289067,0.21,1,867186,866728,458
75836321,29.2627,28.3163,461,31883,0.273813,0.25,1,867215,866754,461
75839241,7.45255,27.2633,436,31949,0.270763,0.25,1,867217,866781,436
75842161,63.8905,7.05265,512,32015,0.318153,0.27,1,867295,866783,512
75845081,79.9781,63.8105,518,32081,0.39163,0.27,1,867379,866861,518
75848001,33.5956,79.9621,456,32147,0.422326,0.25,1,867401,866945,456
75850921,34.7191,34.3924,468,32213,0.428465,0.27,1,867436,866968,468
75853841,65.3438,34.0785,507,32279,0.461693,0.25,1,867509,867002,507
75856761,49.8688,65.2157,480,32345,0.484339,0.27,1,867555,867075,480
75859681,40.3738,49.8431,472,32410,0.488868,0.29,1,867593,867121,472
75862601,30.4747,39.5686,463,32475,0.489774,0.29,1,867621,867158,463
75865521,30.0949,30.3137,465,32540,0.457955,0.27,1,867651,867186,465
75868441,7.61899,29.2627,438,32605,0.451591,0.27,1,867653,867215,438
75871361,64.7238,7.45255,515,32670,0.514318,0.33,1,867732,867217,515
75874281,83.3448,63.8905,525,32735,0.558864,0.41,1,867820,867295,525
75877201,18.269,79.9781,443,32800,0.567773,0.43,1,867822,867379,443
75880121,21.2538,33.5956,443,32864,0.601555,0.43,1,867844,867401,443
75883041,32.2508,34.7191,443,32928,0.624311,0.47,1,867879,867436,443
75885961,66.4502,65.3438,445,32992,0.596862,0.49,1,867954,867509,445
75888881,50.89,49.8688,446,33056,0.655372,0.49,1,868001,867555,446
75891801,40.578,40.3738,446,33120,0.635074,0.49,1,868039,867593,446
75894721,28.9156,30.4747,444,33184,0.631015,0.45,1,868065,867621,444
75897641,29.7831,30.0949,444,33248,0.662203,0.45,1,868095,867651,444
75900561,7.55662,7.61899,444,33312,0.668441,0.53,1,868097,867653,444
75903481,68.7113,64.7238,449,33375,0.685688,0.57,1,868181,867732,449
75906401,84.9423,83.3448,450,33438,0.785138,0.57,2,868270,867820,450
75909321,18.5885,18.269,450,33501,0.773028,0.61,2,868272,867822,450
75912241,21.3177,21.2538,450,33564,0.770606,0.63,2,868294,867844,450
75915161,33.0635,32.2508,451,33627,0.818121,0.59,2,868330,867879,451
75918081,66.6127,66.4502,451,33690,0.859624,0.67,2,868405,867954,451
75921001,52.5225,50.89,453,33753,0.883925,0.63,2,868454,868001,453
75923921,40.9045,40.578,453,33816,0.936785,0.63,2,868492,868039,453
75926841,28.9809,28.9156,453,33879,0.915357,0.67,2,868518,868065,453
75929761,29.7962,29.7831,453,33941,0.943071,0.67,2,868548,868095,453
75932681,7.55924,7.55662,453,34003,0.948614,0.69,2,868550,868097,453
76104961,39,34,507,37496,0.63,1,1,871001,870494,507
76107881,88.6,32.4,576,37552,0.214,1,1,871102,870526,576
76110801,53.72,88.88,518,37608,0.1468,1,1,871147,870629,518
76113721,35.544,44.976,515,37664,0.05336,1,1,871178,870663,515
76116641,27.1088,32.9952,510,37720,0.034672,1,1,871203,870693,510
76119561,34.2218,33.799,512,37776,0.0629344,1,1,871239,870727,512
76122481,32.4444,31.5598,513,37832,0.0685869,1,1,871271,870758,513
76125401,24.0889,34.312,500,37888,0.0697174,1,1,871293,870793,500
76128321,36.0178,32.4624,507,37944,0.0379435,1,1,871332,870825,507
76131241,39.2036,35.2925,511,38000,0.0315887,0.98,1,871372,870861,511
76134161,25.4407,42.2585,489,38056,0.0623177,0.88,1,871394,870905,489
76137081,25.0881,29.2517,488,38112,0.0124635,0.83,1,871419,870931,488
76140001,29.8176,30.6503,488,38167,0.0744927,0.63,1,871450,870962,488
76142921,67.5635,37.3301,526,38222,0.0868985,0.11,1,871527,871001,526
76145841,48.7127,88.266,469,38277,0.0893797,0.13,1,871571,871102,469
76148761,32.9425,53.6532,453,38332,0.0738759,0.03,1,871600,871147,453
76151681,25.7885,35.5306,446,38387,0.0387752,0.03,1,871624,871178,446
76154601,34.7577,27.1061,458,38442,0.031755,0.07,1,871661,871203,458
76157521,32.5515,34.2212,454,38497,0.014351,0.07,1,871693,871239,454
76160441,24.1103,32.4442,444,38552,0.0268702,0.07,1,871715,871271,444
76163361,36.0221,24.0888,461,38607,0.061374,0.03,1,871754,871293,461
76166281,8.80441,36.0178,424,38662,0.0682748,0.03,1,871756,871332,424
76169201,33.7609,39.2036,424,38717,0.069655,0.07,1,871796,871372,424
76172121,24.3522,25.4407,424,38772,0.013931,0,1,871818,871394,424
76175041,25.6704,25.0881,425,38826,0.0107862,0.09,1,871844,871419,425
76177961,29.9341,29.8176,425,38880,0.0901572,0.09,1,871875,871450,425
76180881,66.7868,67.5635,424,38934,0.122031,0.09,1,871951,871527,424
76183801,48.5574,48.7127,424,38988,0.128406,0.07,1,871995,871571,424
76186721,33.7115,32.9425,425,39042,0.129681,0.03,1,872025,871600,425
76189641,25.9423,25.7885,425,39096,0.113936,0.03,1,872049,871624,425
76192561,33.9885,34.7577,424,39150,0.142787,0.01,1,872085,871661,424
76195481,30.7977,32.5515,422,39204,0.164557,0.03,1,872115,871693,422
76198401,26.1595,24.1103,425,39258,0.136911,0.07,1,872140,871715,425
76201321,34.8319,36.0221,423,39312,0.131382,0.07,1,872177,871754,423
76204241,8.56638,8.80441,423,39366,0.162276,0.07,1,872179,871756,423
76207161,33.7133,33.7609,423,39420,0.200455,0,1,872219,871796,423
76210081,24.3427,24.3522,423,39474,0.224091,0.01,1,872241,871818,423
76213001,28.0685,25.6704,426,39528,0.228818,0.11,1,872270,871844,426
76215921,29.6137,29.9341,425,39581,0.213764,0.13,1,872300,871875,425
76218841,67.5227,66.7868,426,39634,0.242753,0.13,1,872377,871951,426
76221761,48.7045,48.5574,426,39687,0.248551,0.13,1,872421,871995,426
76224681,34.5409,33.7115,427,39740,0.26571,0.11,1,872452,872025,427
76227601,27.7082,25.9423,429,39793,0.269142,0.15,1,872478,872049,429
76230521,34.3416,33.9885,429,39846,0.349828,0.17,1,872514,872085,429
76233441,30.0683,30.7977,428,39899,0.349966,0.13,1,872543,872115,428
76236361,26.0137,26.1595,428,39952,0.381993,0.13,1,872568,872140,428
76239281,35.6027,34.8319,429,40005,0.436399,0.17,1,872606,872177,429
76242201,8.72055,8.56638,429,40058,0.44728,0.17,1,872608,872179,429
76245121,33.7441,1.71328,469,40111,0.433456,0.21,1,872648,872179,469
76248041,25.9488,32.3427,453,40164,0.430691,0.23,1,872672,872219,453
76250961,27.5898,24.0685,459,40217,0.430138,0.23,1,872700,872241,459
76253881,31.118,28.0137,462,40270,0.430028,0.21,1,872732,872270,462
76256801,68.6236,29.6027,510,40322,0.462006,0.25,1,872810,872300,510
76259721,48.9247,67.5206,477,40374,0.468401,0.25,1,872854,872377,477
76262641,35.3849,48.7041,465,40426,0.48568,0.27,1,872886,872421,465
76265561,27.877,34.5408,460,40478,0.489136,0.27,1,872912,872452,460
76268481,36.7754,27.7082,473,40530,0.441827,0.37,1,872951,872478,473
76271401,32.1551,34.3416,468,40582,0.448365,0.35,1,872982,872514,468
76274321,27.231,30.0683,465,40634,0.449673,0.39,1,873008,872543,465
76277241,36.6462,26.0137,479,40686,0.497935,0.45,1,873047,872568,479
76280161,8.92924,35.6027,443,40738,0.507587,0.45,1,873049,872606,443
76283081,34.5858,8.72055,482,40790,0.525517,0.43,1,873090,872608,482
76286001,26.1172,33.7441,466,40842,0.545103,0.43,1,873114,872648,466
76288921,27.6234,25.9488,470,40894,0.597021,0.43,1,873142,872672,470
76291841,31.1247,27.5898,474,40946,0.623404,0.43,1,873174,872700,474
76294761,70.2249,31.118,522,40998,0.660681,0.47,1,873254,872732,522
76297681,50.045,68.6236,489,41049,0.652136,0.47,1,873299,872810,489
76300601,35.609,48.9247,477,41100,0.650427,0.49,1,873331,872854,477
76303521,27.9218,35.3849,471,41151,0.650085,0.49,1,873357,872886,471
76306441,34.3844,27.877,481,41202,0.650017,0.43,1,873393,872912,481
76309361,30.8769,36.7754,472,41253,0.650003,0.45,1,873423,872951,472
76312281,28.5754,32.1551,469,41304,0.634001,0.45,1,873451,872982,469
76315201,39.3151,27.231,485,41355,0.6148,0.51,1,873493,873008,485
76318121,9.46301,36.6462,448,41406,0.61096,0.51,1,873495,873047,448
76321041,35.4926,8.92924,488,41457,0.658192,0.53,1,873537,873049,488
76323961,27.0985,34.5858,472,41508,0.667638,0.55,1,873562,873090,472
76326881,7.0197,26.1172,450,41559,0.669528,0.61,1,873564,873114,450
76329801,25.4039,27.6234,452,41610,0.701905,0.63,1,873594,873142,452
76332721,31.4808,31.1247,453,41661,0.692381,0.67,1,873627,873174,453
76335641,71.8962,70.2249,455,41712,0.722476,0.65,1,873709,873254,455
76338561,49.5792,50.045,454,41763,0.744495,0.65,1,873753,873299,454
76341481,35.5158,35.609,454,41814,0.748899,0.65,1,873785,873331,454
76344401,27.9032,27.9218,454,41864,0.78178,0.65,2,873811,873357,454
76347321,34.3806,34.3844,454,41914,0.788356,0.65,2,873847,873393,454
76350241,31.6761,30.8769,455,41964,0.773671,0.63,2,873878,873423,455
76353161,27.1352,28.5754,453,42014,0.802734,0.61,2,873904,873451,453
76356081,38.227,39.3151,452,42064,0.792547,0.61,2,873945,873493,452
76359001,9.24541,9.46301,452,42114,0.822509,0.67,2,873947,873495,452
76361921,38.6491,35.4926,456,42164,0.876502,0.67,2,873993,873537,456
76364841,26.9298,27.0985,455,42214,0.9193,0.67,2,874017,873562,455
76367761,6.98596,7.0197,455,42264,0.89586,0.71,2,874019,873564,455
76370681,25.3972,25.4039,455,42314,0.923172,0.69,2,874049,873594,455
76373601,30.6794,31.4808,454,42364,0.912634,0.73,2,874081,873627,454
76560481,20,26,494,45443,0.75,1,2,876260,875766,494
76563401,36.8,30.8,503,45489,0.67,1,1,876301,875798,503
76566321,36.16,34.16,504,45535,0.574,1,1,876337,875833,504
76569241,24.832,32.432,494,45581,0.5388,1,1,876359,875865,494
76572161,20.1664,26.4864,488,45627,0.49976,1,1,876378,875890,488
76575081,29.6333,26.0973,494,45673,0.539952,1,1,876410,875916,494
76578001,33.1267,29.2195,498,45719,0.51599,1,1,876444,875946,498
76580921,25.0253,34.6439,485,45765,0.431198,0.97,1,876467,875982,485
76583841,30.6051,33.3288,484,45811,0.44624,1,1,876499,876015,484
76586761,50.121,54.6658,479,45857,0.545248,0.98,1,876554,876075,479
76589681,31.6242,40.5332,469,45903,0.54905,0.95,1,876581,876112,469
76592601,31.1248,34.5066,467,45949,0.61381,0.95,1,876612,876145,467
76595521,28.625,6.90133,495,45995,0.610762,0.91,1,876640,876145,495
76598441,30.525,28.5803,492,46041,0.610152,0.91,1,876671,876179,492
76601361,27.705,32.1161,486,46087,0.59403,0.83,1,876698,876212,486
76604281,18.341,28.8232,474,46133,0.558806,0.75,1,876714,876240,474
76607201,37.2682,21.7646,496,46179,0.615761,0.65,1,876756,876260,496
76610121,32.2536,37.1529,486,46225,0.611152,0.55,1,876787,876301,486
76613041,22.4507,36.2306,470,46271,0.61023,0.53,1,876807,876337,470
76615961,17.2901,24.8461,464,46317,0.642046,0.49,1,876823,876359,464
76618881,29.858,20.1692,478,46363,0.632409,0.55,1,876856,876378,478
76621801,33.9716,29.6338,481,46408,0.630482,0.51,1,876891,876410,481
76624721,22.7943,33.1268,467,46453,0.646096,0.41,1,876911,876444,467
76627641,30.1589,25.0254,476,46498,0.665219,0.45,1,876943,876467,476
76630561,54.0318,30.6051,504,46543,0.685044,0.57,1,877003,876499,504
76633481,31.6064,50.121,475,46588,0.705009,0.55,1,877029,876554,475
76636401,34.3213,31.6242,483,46633,0.693002,0.63,1,877064,876581,483
76639321,27.6643,31.1248,478,46678,0.6906,0.61,1,877090,876612,478
76642241,32.7329,28.625,484,46723,0.73812,0.61,1,877124,876640,484
76645161,25.7466,30.525,477,46768,0.747624,0.59,1,877148,876671,477
76648081,17.9493,27.705,466,46813,0.749525,0.55,1,877164,876698,466
76651001,38.7899,18.341,494,46858,0.781905,0.63,2,877208,876714,494
76653921,31.758,37.2682,482,46903,0.804381,0.61,2,877238,876756,482
76656841,22.3516,32.2536,471,46948,0.808876,0.61,2,877258,876787,471
76659761,18.8703,22.4507,469,46993,0.809775,0.65,2,877276,876807,469
76662681,29.3741,17.2901,485,47038,0.809955,0.63,2,877308,876823,485
76665601,33.8748,29.858,487,47083,0.841991,0.63,2,877343,876856,487
76668521,23.575,33.9716,473,47128,0.864398,0.65,2,877364,876891,473
76671441,31.115,22.7943,486,47173,0.85288,0.67,2,877397,876911,486
76674361,55.823,30.1589,516,47218,0.866576,0.69,2,877459,876943,516
76677281,31.9646,54.0318,482,47263,0.837315,0.71,2,877485,877003,482
76680201,33.5929,31.6064,490,47308,0.879463,0.69,2,877519,877029,490
76683121,28.3186,34.3213,482,47353,0.871893,0.69,2,877546,877064,482
76686041,7.26372,27.6643,458,47398,0.886379,0.75,2,877548,877090,458
76688961,29.4527,32.7329,459,47442,0.905276,0.75,2,877583,877124,459
76691881,25.0905,25.7466,459,47486,0.877055,0.75,2,877607,877148,459
76694801,17.8181,17.9493,459,47530,0.919411,0.79,2,877623,877164,459
76697721,40.3636,38.7899,461,47574,0.895882,0.81,2,877669,877208,461
76943001,84,58,525,23541,0.03,0.95,1,880277,879752,525
76945921,56.8,69.2,503,23631,0.03,0.89,1,880327,879824,503
76948841,78.56,72.24,514,23721,0.03,0.83,1,880411,879897,514
76951761,66.112,85.648,488,23810,0.046,0.61,1,880474,879986,488
76954681,67.6224,65.9296,495,23899,0.0492,0.49,1,880542,880047,495
76957601,34.3245,66.7859,454,23988,0.04984,0.39,1,880568,880114,454
76960521,22.8649,33.3572,449,24076,0.081968,0.23,1,880588,880139,449
76963441,34.173,49.8714,432,24164,0.120394,0.03,1,880625,880193,432
76966361,68.4346,77.1743,425,24252,0.160079,0.03,1,880702,880277,425
76969281,52.0869,55.4349,423,24339,0.104016,0.03,1,880750,880327,423
76972201,76.8174,78.287,422,24426,0.0448031,0.05,1,880833,880411,422
76975121,66.5635,66.0574,423,24513,0.0649606,0.05,1,880897,880474,423
76978041,69.3127,67.6115,425,24599,0.0689921,0.05,1,880967,880542,425
76980961,34.6625,34.3223,425,24685,0.0857984,0.09,1,880993,880568,425
76983881,24.5325,22.8645,427,24771,0.10516,0.13,1,881015,880588,427
76986801,35.3065,34.1729,428,24857,0.125032,0.17,1,881053,880625,428
76989721,68.6613,68.4346,428,24942,0.161006,0.09,1,881130,880702,428
76992641,48.9323,52.0869,424,25027,0.184201,0.03,1,881174,880750,424
76995561,74.5865,76.8174,422,25112,0.0448403,0.07,1,881255,880833,422
76998481,66.9173,66.5635,423,25196,0.048968,0.07,1,881320,880897,423
77001401,70.1835,69.3127,424,25280,0.113794,0.09,1,881391,880967,424
77004321,34.8367,34.6625,424,25364,0.126759,0.11,1,881417,880993,424
77007241,26.9673,24.5325,427,25448,0.145352,0.11,1,881442,881015,427
77010161,35.7935,4.9065,465,25531,0.14907,0.13,1,881480,881015,465
77013081,68.7587,31.3813,504,25614,0.181814,0.17,1,881557,881053,504
77016001,50.5517,67.8763,473,25697,0.204363,0.19,1,881603,881130,473
77018921,68.5103,48.7753,502,25779,0.208873,0.01,1,881676,881174,502
77021841,68.1021,74.5551,489,25861,0.0977745,0.05,1,881744,881255,489
77024761,71.2204,66.911,496,25943,0.123555,0.13,1,881816,881320,496
77027681,35.8441,70.1822,452,26025,0.144711,0.13,1,881843,881391,452
77030601,27.1688,34.8364,451,26106,0.164942,0.15,1,881868,881417,451
77033521,37.4338,26.9673,466,26187,0.184988,0.15,1,881908,881442,466
77036441,70.6868,35.7935,507,26268,0.236998,0.19,1,881987,881480,507
77039361,51.7374,68.7587,477,26349,0.2794,0.21,1,882034,881557,477
77042281,65.5475,50.5517,500,26429,0.30388,0.21,1,882103,881603,500
77045201,67.5095,68.5103,495,26509,0.308776,0.07,1,882171,881676,495
77048121,71.1019,68.1021,499,26589,0.309755,0.13,1,882243,881744,499
77051041,38.2204,71.2204,457,26669,0.293951,0.15,1,882273,881816,457
77053961,26.8441,35.8441,454,26748,0.32279,0.17,1,882297,881843,454
77056881,38.1688,27.1688,470,26827,0.344558,0.19,1,882338,881868,470
77059801,73.2338,37.4338,512,26906,0.444912,0.25,1,882420,881908,512
77062721,16.2468,70.6868,435,26985,0.464982,0.29,1,882422,881987,435
77065641,41.6494,51.7374,436,27063,0.468996,0.31,1,882470,882034,436
77068561,64.3299,65.5475,437,27141,0.501799,0.31,1,882540,882103,437
77071481,67.266,67.5095,437,27219,0.55636,0.31,1,882608,882171,437
77074401,71.8532,71.1019,438,27297,0.567272,0.29,1,882681,882243,438
77077321,37.5706,38.2204,437,27375,0.553454,0.33,1,882710,882273,437
77080241,27.5141,26.8441,438,27452,0.534691,0.35,1,882735,882297,438
77083161,39.9028,38.1688,440,27529,0.578938,0.47,1,882778,882338,440
77086081,77.5806,73.2338,445,27606,0.651788,0.47,1,882865,882420,445
77089001,17.1161,16.2468,445,27683,0.634358,0.47,1,882867,882422,445
77091921,43.4232,41.6494,447,27760,0.662872,0.51,1,882917,882470,447
77094841,64.6846,64.3299,447,27836,0.684574,0.57,1,882987,882540,447
77097761,68.1369,67.266,448,27912,0.720915,0.57,1,883056,882608,448
77100681,72.0274,71.8532,448,27988,0.744183,0.55,1,883129,882681,448
77103601,36.8055,37.5706,447,28064,0.716837,0.53,1,883157,882710,447
77106521,28.1611,27.5141,448,28139,0.759367,0.59,2,883183,882735,448
77109441,42.4322,39.9028,451,28214,0.783873,0.67,2,883229,882778,451
77112361,80.4864,77.5806,454,28289,0.804775,0.63,2,883319,882865,454
77115281,17.6973,17.1161,454,28364,0.808955,0.63,2,883321,882867,454
77118201,41.9395,3.42322,502,28439,0.793791,0.67,2,883369,882867,502
77121121,65.9879,40.6846,524,28513,0.790758,0.69,2,883441,882917,524
77124041,69.1976,64.1369,524,28587,0.838152,0.73,2,883511,882987,524
77126961,73.0395,68.0274,529,28661,0.87963,0.75,2,883585,883056,529
77129881,37.0079,72.0055,484,28735,0.887926,0.71,2,883613,883129,484
77132801,29.8016,36.8011,484,28809,0.889585,0.77,2,883641,883157,484
77135721,44.3603,28.1602,506,28882,0.905917,0.79,2,883689,883183,506
77138641,80.0721,42.432,549,28955,0.941183,0.81,2,883778,883229,549
77141561,17.6144,80.4864,461,29028,0.948237,0.81,2,883780,883319,461
77235001,37,25,511,31276,0.57,1,1,885389,884878,511
77237921,32.2,5,542,31344,0.506,1,1,885420,884878,542
77240841,55.24,45,548,31412,0.4292,1,1,885481,884933,548
77243761,43.048,77,503,31479,0.33384,1,1,885521,885018,503
77246681,33.4096,36.2,508,31546,0.314768,1,1,885552,885044,508
77249601,35.4819,28.04,518,31613,0.294954,1,1,885588,885070,518
77252521,75.8964,40.808,560,31680,0.290991,1,1,885674,885114,560
77255441,28.7793,79.3616,488,31747,0.370198,1,1,885691,885203,488
77258361,37.7559,33.4723,506,31814,0.40204,0.84,1,885731,885225,506
77261281,65.9512,41.0945,536,31881,0.360408,0.65,1,885804,885268,536
77264201,40.3902,75.4189,486,31947,0.400082,0.57,1,885838,885352,486
77267121,31.278,44.6838,478,32013,0.440016,0.49,1,885867,885389,478
77270041,46.2556,33.7368,497,32079,0.432003,0.41,1,885917,885420,497
77272961,42.0511,55.5474,477,32145,0.462401,0.31,1,885958,885481,477
77275881,33.2102,43.1095,468,32211,0.46848,0.31,1,885989,885521,468
77278801,32.242,33.4219,469,32277,0.501696,0.29,1,886021,885552,469
77281721,76.8484,35.4844,521,32343,0.492339,0.29,1,886109,885588,521
77284641,31.3697,75.8969,455,32408,0.458468,0.39,1,886129,885674,455
77287561,40.6739,28.7794,481,32473,0.435694,0.41,1,886172,885691,481
77290481,64.9348,37.7559,512,32538,0.511139,0.35,1,886243,885731,512
77293401,41.787,65.9512,475,32603,0.542228,0.41,1,886279,885804,475
77296321,31.5574,40.3902,470,32668,0.564446,0.45,1,886308,885838,470
77299241,47.1115,31.278,492,32733,0.600889,0.43,1,886359,885867,492
77302161,11.0223,46.2556,444,32798,0.608178,0.47,1,886361,885917,444
77305081,37.4045,42.0511,447,32862,0.625636,0.47,1,886405,885958,447
77308001,32.2809,33.2102,447,32926,0.661127,0.51,1,886436,885989,447
77310921,32.0562,32.242,447,32990,0.668225,0.49,1,886468,886021,447
77313841,76.0112,76.8484,446,33054,0.637645,0.45,1,886555,886109,446
77316761,29.6022,31.3697,444,33118,0.631529,0.43,1,886573,886129,444
77319681,39.5205,40.6739,443,33182,0.678306,0.53,1,886615,886172,443
77322601,68.7041,64.9348,448,33246,0.735661,0.55,1,886691,886243,448
77325521,43.3408,41.787,449,33310,0.763132,0.57,2,886728,886279,449
77328441,33.4682,31.5574,451,33373,0.784626,0.61,2,886759,886308,451
77331361,48.2936,47.1115,452,33436,0.820925,0.61,2,886811,886359,452
77334281,11.2587,11.0223,452,33499,0.828185,0.63,2,886813,886361,452
77337201,38.2517,37.4045,453,33562,0.781637,0.67,2,886858,886405,453
77340121,32.4503,32.2809,453,33625,0.804327,0.67,2,886889,886436,453
77343041,32.0901,32.0562,453,33688,0.856865,0.63,2,886921,886468,453
77345961,76.018,76.0112,453,33751,0.867373,0.63,2,887008,886555,453
77348881,30.4036,29.6022,454,33814,0.901475,0.69,2,887027,886573,454
77351801,39.6807,39.5205,454,33877,0.908295,0.75,2,887069,886615,454
77527001,47,80,515,37438,0.37,1,1,889586,889071,515
77529921,35.8,46.4,510,37494,0.322,1,1,889619,889109,510
77532841,35.96,34.08,515,37550,0.2484,1,1,889655,889140,515
77535761,45.592,42.816,518,37606,0.07368,1,1,889703,889185,518
77538681,34.7184,35.7632,516,37662,0.022736,1,1,889735,889219,516
77541601,30.9437,42.3526,502,37718,0.0285472,1,1,889765,889263,502
77544521,38.9887,34.0705,511,37774,0.0457094,1,1,889806,889295,511
77547441,29.3977,30.8141,508,37830,0.0171419,1,1,889833,889325,508
77550361,22.6796,33.3628,495,37886,0.00342838,1,1,889854,889359,495
77553281,38.1359,28.2726,510,37942,0.00868568,1,1,889896,889386,510
77556201,40.4272,36.8545,512,37998,0.0417371,0.84,1,889937,889425,512
77559121,48.0854,46.5709,513,38054,0.0163474,0.59,1,889987,889474,513
77562041,39.2171,61.3142,485,38110,0.0432695,0.37,1,890024,889539,485
77564961,32.6434,49.8628,469,38165,0.0486539,0.31,1,890055,889586,469
77567881,30.5287,36.3726,466,38220,0.0337308,0.23,1,890085,889619,466
77570801,40.5057,36.0745,473,38275,0.0947462,0.03,1,890128,889655,473
77573721,31.3011,45.6149,454,38330,0.0429492,0.01,1,890157,889703,454
77576641,30.2602,34.723,452,38385,0.0645898,0.03,1,890187,889735,452
77579561,38.852,30.9446,463,38440,0.036918,0.05,1,890228,889765,463
77582481,28.5704,38.9889,448,38495,0.0313836,0.01,1,890254,889806,448
77585401,25.7141,29.3978,446,38550,0.0462767,0,1,890279,889833,446
77588321,37.9428,22.6796,466,38605,0.0492553,0.01,1,890320,889854,466
77591241,9.18856,38.1359,426,38660,0.0498511,0.05,1,890322,889896,426
77594161,31.4377,40.4272,422,38715,0.0979702,0.01,1,890359,889937,422
77597081,46.2875,48.0854,422,38770,0.091594,0.05,1,890409,889987,422
77600001,41.2575,39.2171,425,38824,0.0423188,0.05,1,890449,890024,425
77602921,32.2515,32.6434,424,38878,0.0804638,0.03,1,890479,890055,424
77605841,31.2503,30.5287,425,38932,0.0560928,0.11,1,890510,890085,425
77608761,40.6501,40.5057,425,38986,0.0512185,0.03,1,890553,890128,425
77611681,29.73,31.3011,423,39040,0.0662437,0.07,1,890580,890157,423
77614601,32.346,30.2602,426,39094,0.0372487,0.03,1,890613,890187,426
77617521,36.0692,38.852,422,39148,0.0474497,0.03,1,890650,890228,422
77620441,28.0138,28.5704,422,39202,0.04949,0.05,1,890676,890254,422
77623361,27.2028,25.7141,424,39256,0.017898,0.05,1,890703,890279,424
77626281,39.0406,37.9428,425,39310,0.0275796,0.05,1,890745,890320,425
77629201,9.40811,9.18856,425,39364,0.0295159,0.11,1,890747,890322,425
77632121,31.4816,31.4377,425,39418,0.0459032,0.09,1,890784,890359,425
77635041,45.4963,46.2875,424,39472,0.0331806,0.03,1,890833,890409,424
77637961,39.4993,41.2575,422,39526,0.0626361,0.09,1,890871,890449,422
77640881,35.8999,32.2515,427,39579,0.0845272,0.05,1,890906,890479,427
77643801,29.58,31.2503,424,39632,0.0889054,0.05,1,890934,890510,424
77646721,40.316,40.6501,424,39685,0.0737811,0.07,1,890977,890553,424
77649641,28.0632,29.73,422,39738,0.0867562,0.03,1,891002,890580,422
77652561,32.8126,32.346,423,39791,0.0413512,0.05,1,891036,890613,423
77655481,35.3625,36.0692,422,39844,0.00827025,0.05,1,891072,890650,422
77658401,28.6725,28.0138,423,39897,0.00965405,0.01,1,891099,890676,423
77661321,26.5345,27.2028,422,39950,0.0419308,0.03,1,891125,890703,422
77664241,38.9069,39.0406,422,40003,0.0323862,0.03,1,891167,890745,422
77667161,9.38138,9.40811,422,40056,0.0304772,0.05,1,891169,890747,422
77670081,31.4763,31.4816,422,40109,0.0460954,0.05,1,891206,890784,422
77673001,45.4953,6.29632,471,40162,0.0332191,0.03,1,891255,890784,471
77675921,39.4991,40.4593,460,40215,0.0306438,0.07,1,891293,890833,460
77678841,36.6998,38.4919,458,40268,0.0461288,0.09,1,891329,890871,458
77681761,29.74,35.6984,451,40320,0.0492258,0.09,1,891357,890906,451
77684681,41.148,29.5397,467,40372,0.0658452,0.07,1,891401,890934,467
77687601,27.4296,40.3079,448,40424,0.085169,0.09,1,891425,890977,448
77690521,32.6859,28.0616,457,40476,0.0570338,0.03,1,891459,891002,457
77693441,33.7372,32.8123,457,40528,0.0114068,0,1,891493,891036,457
77696361,28.3474,35.3625,448,40580,0.0262814,0.01,1,891520,891072,448
77699281,26.4695,28.6725,447,40632,0.0132563,0.05,1,891546,891099,447
77702201,38.8939,26.5345,463,40684,0.00265125,0.03,1,891588,891125,463
77705121,9.37878,38.9069,423,40736,0.0405303,0.03,1,891590,891167,423
77708041,32.2758,9.38138,459,40788,0.0161061,0.05,1,891628,891169,459
77710961,45.6552,31.4763,471,40840,0.0592212,0.03,1,891677,891206,471
77713881,40.331,45.4953,461,40892,0.115844,0.03,1,891716,891255,461
77716801,36.8662,39.4991,459,40944,0.143169,0.05,1,891752,891293,459
77719721,29.7732,36.6998,451,40996,0.148634,0.05,1,891780,891329,451
77722641,42.7546,29.74,469,41047,0.197727,0.07,1,891826,891357,469
77725561,27.7509,41.148,449,41098,0.191545,0.09,1,891850,891401,449
77728481,30.3502,27.4296,456,41149,0.238309,0.05,1,891881,891425,456
77731401,32.47,32.6859,455,41200,0.199662,0,1,891914,891459,455
77734321,28.894,33.7372,449,41251,0.127932,0.03,1,891942,891493,449
77737241,27.3788,28.3474,449,41302,0.0975865,0.01,1,891969,891520,449
77740161,37.4758,26.4695,463,41353,0.0755173,0,1,892009,891546,463
77743081,9.09515,38.8939,423,41404,0.0711035,0.05,1,892011,891588,423
77746001,33.819,9.37878,461,41455,0.0702207,0.01,1,892051,891590,461
77748921,46.7638,32.2758,473,41506,0.0860441,0.07,1,892101,891628,473
77751841,10.9528,45.6552,426,41557,0.0892088,0.13,1,892103,891677,426
77754761,35.7906,40.331,429,41608,0.137842,0.15,1,892145,891716,429
77757681,35.9581,36.8662,429,41659,0.147568,0.15,1,892181,891752,429
77760601,29.5916,29.7732,429,41710,0.165514,0.21,1,892209,891780,429
77763521,43.5183,42.7546,430,41761,0.249103,0.19,1,892256,891826,430
77766441,29.5037,27.7509,432,41812,0.281821,0.25,1,892282,891850,432
77769361,30.7007,30.3502,432,41862,0.288364,0.19,1,892313,891881,432
77772281,30.1401,32.47,429,41912,0.289673,0.11,1,892343,891914,429
77775201,26.828,28.894,427,41962,0.289935,0.09,1,892369,891942,427
77778121,27.7656,27.3788,428,42012,0.305987,0.07,1,892397,891969,428
77781041,35.1531,37.4758,425,42062,0.325197,0.07,1,892434,892009,425
77783961,8.63062,9.09515,425,42112,0.297039,0.07,1,892436,892011,425
77786881,33.7261,33.819,425,42162,0.355408,0.09,1,892476,892051,425
77789801,47.5452,46.7638,426,42212,0.351082,0.09,1,892527,892101,426
77792721,11.109,10.9528,426,42262,0.350216,0.15,1,892529,892103,426
77795641,38.2218,35.7906,429,42312,0.382043,0.15,1,892574,892145,429
77798561,36.4444,35.9581,429,42362,0.388409,0.17,1,892610,892181,429
77801481,30.4889,29.5916,430,42412,0.373682,0.27,1,892639,892209,430
77804401,46.8978,43.5183,434,42462,0.370736,0.29,1,892690,892256,434
77807321,32.5796,29.5037,437,42512,0.402147,0.29,1,892719,892282,437
77810241,30.5159,30.7007,436,42562,0.424429,0.29,1,892749,892313,436
77813161,30.1032,30.1401,436,42612,0.428886,0.29,1,892779,892343,436
77816081,26.8206,26.828,436,42662,0.445777,0.31,1,892805,892369,436
77819001,28.5641,27.7656,437,42711,0.433155,0.33,1,892834,892397,437
77821921,35.3128,35.1531,437,42760,0.446631,0.29,1,892871,892434,437
77824841,8.66256,8.63062,437,42809,0.449326,0.37,1,892873,892436,437
77827761,36.1325,33.7261,440,42858,0.417865,0.35,1,892916,892476,440
77830681,47.2265,47.5452,439,42907,0.427573,0.35,1,892966,892527,439
77833601,11.0453,11.109,439,42956,0.461515,0.39,1,892968,892529,439
77836521,39.0091,38.2218,440,43005,0.468303,0.39,1,893014,892574,440
77839441,36.6018,7.64436,476,43054,0.437661,0.39,1,893050,892574,476
77842361,29.7204,30.3289,468,43103,0.431532,0.37,1,893078,892610,468
77845281,46.7441,29.2658,490,43152,0.430306,0.37,1,893129,892639,490
77848201,34.1488,46.6532,470,43201,0.446061,0.41,1,893160,892690,470
77851121,31.6298,32.5306,472,43250,0.449212,0.43,1,893191,892719,472
77854041,30.326,30.5061,472,43299,0.465842,0.43,1,893221,892749,472
77856961,27.6652,30.1012,469,43348,0.501168,0.45,1,893248,892779,469
77859881,27.933,26.8202,471,43397,0.508234,0.43,1,893276,892805,471
77862801,34.3866,28.564,478,43446,0.509647,0.45,1,893312,892834,478
77865721,8.47732,35.3128,443,43495,0.509929,0.45,1,893314,892871,443
77868641,36.0955,8.66256,484,43544,0.509986,0.41,1,893357,892873,484
77871561,48.0191,36.1325,492,43592,0.509997,0.43,1,893408,892916,492
77874481,11.2038,47.2265,444,43640,0.509999,0.47,1,893410,892966,444
77877401,39.0408,11.0453,488,43688,0.558,0.47,1,893456,892968,488
77880321,36.6082,39.0091,478,43736,0.5676,0.43,1,893492,893014,478
77883241,29.7216,36.6018,470,43784,0.56952,0.43,1,893520,893050,470
77886161,47.5443,29.7204,494,43832,0.585904,0.43,1,893572,893078,494
77889081,34.3089,46.7441,474,43880,0.605181,0.45,1,893603,893129,474
77892001,32.4618,34.1488,475,43928,0.673036,0.45,1,893635,893160,475
77894921,30.4924,31.6298,474,43976,0.686607,0.47,1,893665,893191,474
77897841,29.2985,30.326,473,44024,0.705321,0.51,1,893694,893221,473
77900761,28.2597,27.6652,474,44072,0.709064,0.51,1,893722,893248,474
77903681,34.4519,27.933,482,44120,0.741813,0.51,1,893758,893276,482
77906601,8.49039,34.3866,448,44168,0.748363,0.51,1,893760,893312,448
77909521,36.0981,8.47732,489,44216,0.765673,0.51,2,893803,893314,489
77912441,48.8196,36.0955,498,44264,0.801134,0.51,2,893855,893357,498
77915361,11.3639,48.0191,449,44312,0.808227,0.51,2,893857,893408,449
77918281,40.6728,11.2038,495,44360,0.857645,0.57,2,893905,893410,495
77921201,36.9346,39.0408,485,44408,0.867529,0.57,2,893941,893456,485
77924121,29.7869,36.6082,477,44456,0.885506,0.57,2,893969,893492,477
77927041,7.55738,29.7216,451,44503,0.889101,0.59,2,893971,893520,451
77929961,43.1115,47.5443,451,44550,0.88982,0.61,2,894023,893572,451
78283281,56,31,475,22724,0,0.35,1,898048,897573,475
78286201,36,48.6,453,22817,0,0.33,1,898079,897626,453
78289121,34.4,30.52,461,22910,0.088,0.21,1,898113,897652,461
78292041,46.08,44.504,462,23003,0.1536,0.09,1,898162,897700,462
78294961,81.216,92.9008,447,23095,0.16672,0.01,1,898252,897805,447
78297881,81.8432,70.5802,464,23187,0.089344,0.01,1,898334,897870,464
78300801,66.7686,66.916,461,23278,0.0418688,0.07,1,898397,897936,461
78303721,71.7537,58.1832,478,23369,0.0643738,0,1,898470,897992,478
78306641,39.9507,56.4366,454,23460,0.0208747,0,1,898502,898048,454
78309561,38.3901,36.0873,461,23550,0.00417495,0.11,1,898540,898079,461
78312481,46.878,34.4175,476,23640,0.040835,0.17,1,898589,898113,476
78315401,81.3756,46.0835,517,23730,0.112167,0.17,1,898679,898162,517
78318321,81.0751,81.2167,508,23819,0.126433,0.07,1,898760,898252,508
78321241,65.015,81.8433,487,23908,0.0972867,0.03,1,898821,898334,487
78324161,14.603,66.7687,426,23997,0.0914573,0.07,1,898823,898397,426
78327081,58.9206,71.7537,423,24085,0.170291,0.01,1,898893,898470,423
78330001,37.3841,39.9507,423,24173,0.202058,0,1,898925,898502,423
78332921,37.8768,38.3901,423,24261,0.176412,0.05,1,898963,898540,423
78335841,47.5754,46.878,424,24348,0.155282,0.13,1,899013,898589,424
78338761,84.7151,81.3756,428,24435,0.167056,0.13,1,899107,898679,428
78341681,81.743,81.0751,428,24522,0.137411,0.09,1,899188,898760,428
78344601,64.3486,65.015,427,24608,0.147482,0.09,1,899248,898821,427
78347521,14.4697,14.603,427,24694,0.149496,0.19,1,899250,898823,427
78350441,61.2939,58.9206,430,24780,0.165899,0.21,1,899323,898893,430
78353361,37.8588,37.3841,430,24866,0.15318,0.17,1,899355,898925,430
78356281,36.3718,37.8768,428,24951,0.198636,0.15,1,899391,898963,428
78359201,46.4744,47.5754,427,25036,0.191727,0.17,1,899440,899013,427
78362121,85.2949,84.7151,428,25121,0.238345,0.13,1,899535,899107,428
78365041,81.859,81.743,428,25205,0.375669,0.15,1,899616,899188,428
78367961,63.5718,64.3486,427,25289,0.387134,0.15,1,899675,899248,427
78370881,14.3144,14.4697,427,25373,0.421427,0.17,1,899677,899250,427
78373801,62.0629,61.2939,428,25457,0.396285,0.17,1,899751,899323,428
78376721,38.0126,12.2588,460,25540,0.423257,0.15,1,899783,899323,460
78379641,37.2025,28.0518,465,25623,0.460651,0.21,1,899820,899355,465
78382561,48.2405,34.4104,480,25706,0.46813,0.19,1,899871,899391,480
78385481,88.0481,46.0821,529,25788,0.549626,0.25,1,899969,899440,529
78388401,86.4096,85.2164,520,25870,0.629925,0.41,1,900055,899535,520
78391321,65.2819,81.8433,499,25952,0.661985,0.39,1,900115,899616,499
78394241,14.6564,63.5687,442,26034,0.668397,0.43,1,900117,899675,442
78397161,62.9313,14.3137,515,26115,0.669679,0.39,1,900192,899677,515
78400081,39.7863,62.0627,475,26196,0.669936,0.43,1,900226,899751,475
78403001,38.3573,38.0125,481,26277,0.669987,0.47,1,900264,899783,481
78405921,49.2715,37.2025,496,26358,0.685997,0.47,1,900316,899820,496
78408841,93.0543,48.2405,549,26438,0.7212,0.57,1,900420,899871,549
78411761,89.0109,88.0481,539,26518,0.79224,0.65,2,900508,899969,539
78414681,66.6022,86.4096,514,26598,0.822448,0.67,2,900569,900055,514
78417601,14.9204,65.2819,456,26678,0.82849,0.67,2,900571,900115,456
78420521,62.9841,14.6564,529,26757,0.813698,0.67,2,900646,900117,529
78423441,39.7968,62.9313,488,26836,0.81074,0.67,2,900680,900192,488
78426361,38.3594,39.7863,492,26915,0.826148,0.67,2,900718,900226,492
78429281,9.27187,38.3573,456,26994,0.82923,0.69,2,900720,900264,456
78432201,43.4544,49.2715,456,27072,0.893846,0.73,2,900772,900316,456
78435121,93.4909,93.0543,458,27150,0.874769,0.81,2,900878,900420,458
78438041,92.2982,89.0109,462,27228,0.886954,0.83,2,900970,900508,462
78543161,32,108,509,29899,0.69,1,1,902795,902286,509
78546081,61.6,91.2,491,29970,0.466,1,1,902864,902373,491
78549001,57.12,72.64,479,30041,0.3732,1,1,902920,902441,479
78551921,37.824,40.928,479,30111,0.25864,1,1,902953,902474,479
78554841,49.1648,48.1856,481,30181,0.107728,1,1,903005,902524,481
78557761,36.233,32.8371,485,30251,0.0295456,1,1,903038,902553,485
78560681,33.6466,32.9674,485,30321,0.0139091,1,1,903071,902586,485
78563601,27.5293,28.9935,483,30391,0.0107818,0.95,1,903097,902614,483
78566521,38.3059,36.1987,486,30461,0.0101564,0.83,1,903138,902652,486
78569441,78.0612,96.0397,463,30530,0.0260313,0.69,1,903226,902763,463
78572361,38.8122,44.8079,460,30599,0.0452063,0.41,1,903255,902795,460
78575281,47.7624,64.1616,441,30668,0.0490413,0.35,1,903305,902864,441
78578201,46.3525,57.6323,431,30737,0.0818083,0.23,1,903351,902920,431
78581121,34.8705,37.9265,430,30806,0.104362,0.07,1,903383,902953,430
78584041,42.1741,49.1853,422,30875,0.0768723,0.01,1,903427,903005,422
78586961,35.6348,36.2371,423,30944,0.0713745,0.01,1,903461,903038,423
78589881,35.927,33.6474,426,31012,0.0382749,0.01,1,903497,903071,426
78592801,25.5854,27.5295,423,31080,0.095655,0.01,1,903520,903097,423
78595721,40.3171,38.3059,426,31148,0.091131,0.03,1,903564,903138,426
78598641,75.2634,78.0612,422,31216,0.0422262,0.05,1,903648,903226,422
78601561,38.2527,38.8122,422,31284,0.112445,0.05,1,903677,903255,422
78604481,48.4505,7.76245,473,31352,0.046489,0.05,1,903728,903255,473
78607401,48.0901,41.5525,471,31419,0.0332978,0.09,1,903776,903305,471
78610321,36.018,45.1105,458,31486,0.0306596,0.11,1,903809,903351,458
78613241,40.8036,34.6221,468,31553,0.0781319,0.07,1,903851,903383,468
78616161,33.7607,42.1244,456,31620,0.103626,0.07,1,903883,903427,456
78619081,34.7521,35.6249,457,31687,0.156725,0.03,1,903918,903461,457
78622001,25.3504,35.925,444,31754,0.119345,0.11,1,903941,903497,444
78624921,42.6701,25.585,468,31821,0.047869,0.09,1,903988,903520,468
78627841,74.934,40.317,507,31887,0.0175738,0.03,1,904071,903564,507
78630761,39.7868,75.2634,454,31953,0.0435148,0.13,1,904102,903648,454
78633681,46.3574,38.2527,473,32019,0.048703,0.03,1,904150,903677,473
78636601,48.4715,48.4505,471,32085,0.0977406,0.03,1,904199,903728,471
78639521,35.2943,48.0901,455,32151,0.0915481,0.03,1,904231,903776,455
78642441,43.0589,36.018,467,32217,0.10631,0.09,1,904276,903809,467
78645361,35.8118,40.8036,459,32283,0.109262,0.11,1,904310,903851,459
78648281,35.1624,33.7607,462,32349,0.189852,0.17,1,904345,903883,462
78651201,24.6325,34.7521,449,32414,0.20597,0.11,1,904367,903918,449
78654121,40.9265,25.3504,471,32479,0.209194,0.03,1,904412,903941,471
78657041,72.9853,42.6701,505,32544,0.225839,0.01,1,904493,903988,505
78659961,40.1971,74.934,454,32609,0.245168,0.05,1,904525,904071,454
78662881,46.4394,39.7868,471,32674,0.297034,0.05,1,904573,904102,471
78665801,49.2879,46.3574,473,32739,0.355407,0.11,1,904623,904150,473
78668721,11.4576,48.4715,426,32804,0.367081,0.09,1,904625,904199,426
78671641,27.8915,35.2943,426,32868,0.401416,0.11,1,904657,904231,426
78674561,43.1783,43.0589,428,32932,0.424283,0.11,1,904704,904276,428
78677481,37.4357,35.8118,430,32996,0.396857,0.21,1,904740,904310,430
78680401,37.0871,35.1624,432,33060,0.391371,0.21,1,904777,904345,432
78683321,25.0174,24.6325,432,33124,0.390274,0.21,1,904799,904367,432
78686241,41.0035,40.9265,432,33188,0.390055,0.23,1,904844,904412,432
78689161,74.6007,72.9853,434,33252,0.422011,0.25,1,904927,904493,434
78692081,42.1201,40.1971,436,33316,0.396402,0.31,1,904961,904525,436
78695001,48.424,46.4394,438,33379,0.39128,0.37,1,905011,904573,438
78697921,51.2848,49.2879,440,33442,0.358256,0.37,1,905063,904623,440
78700841,11.857,11.4576,440,33505,0.383651,0.41,1,905065,904625,440
78703761,27.9714,27.8915,440,33568,0.35673,0.43,1,905097,904657,440
78706681,43.9943,43.1783,441,33631,0.399346,0.39,1,905145,904704,441
78709601,38.3989,37.4357,442,33694,0.423869,0.39,1,905182,904740,442
78712521,36.4798,37.0871,441,33757,0.444774,0.39,1,905218,904777,441
78715441,25.696,25.0174,442,33820,0.448955,0.39,1,905241,904799,442
78718361,41.1392,41.0035,442,33883,0.481791,0.43,1,905286,904844,442
78721281,73.8278,74.6007,441,33945,0.552358,0.39,1,905368,904927,441
78724201,40.3656,42.1201,439,34007,0.566472,0.39,1,905400,904961,439
78727121,48.0731,48.424,439,34069,0.585294,0.35,1,905450,905011,439
78730041,51.2146,51.2848,439,34131,0.605059,0.39,1,905502,905063,439
78732961,11.8429,11.857,439,34193,0.609012,0.35,1,905504,905065,439
78735881,27.9686,27.9714,439,34255,0.609802,0.35,1,905536,905097,439
78738801,44.7937,5.59428,488,34317,0.62596,0.41,1,905585,905097,488
78741721,38.5587,39.5189,477,34379,0.613192,0.43,1,905622,905145,477
78744641,38.1117,37.5038,478,34441,0.642638,0.45,1,905660,905182,478
78747561,26.8223,36.3008,466,34502,0.616528,0.45,1,905684,905218,466
78750481,41.3645,25.6602,488,34563,0.659306,0.49,1,905729,905241,488
78753401,77.0729,41.132,529,34624,0.731861,0.57,1,905815,905286,529
78756321,41.0146,73.8264,479,34685,0.746372,0.57,1,905847,905368,479
78759241,49.8029,40.3653,499,34746,0.749274,0.59,1,905899,905400,499
78762161,53.1606,48.0731,503,34807,0.781855,0.61,2,905953,905450,503
78765081,12.2321,51.2146,453,34868,0.788371,0.61,2,905955,905502,453
78768001,28.0464,11.8429,483,34929,0.789674,0.61,2,905987,905504,483
78770921,44.0093,27.9686,499,34990,0.789935,0.63,2,906035,905536,499
78773841,39.2019,44.7937,488,35050,0.805987,0.61,2,906073,905585,488
78776761,38.2404,38.5587,489,35110,0.809197,0.65,2,906111,905622,489
78779681,26.8481,38.1117,475,35170,0.825839,0.61,2,906135,905660,475
78782601,43.7696,26.8223,499,35230,0.845168,0.67,2,906183,905684,499
78957801,502,568,470,16060,0.05,0.67,1,908565,908095,470
78960721,257.2,212,543,16916,0.05,0.41,1,908761,908218,543
78963641,102.64,152,470,17042,0.05,0.35,1,908825,908355,470
78966561,63.728,83.2,458,17167,0.05,0.15,1,908879,908421,458
78969481,74.3456,67.04,472,17291,0.034,0.01,1,908956,908484,472
78972401,26.8691,53.408,437,17414,0.0468,0.05,1,908971,908534,437
78975321,175.774,35.4816,619,17536,0.12936,0.05,1,909184,908565,619
78978241,86.3548,163.896,487,17657,0.161872,0.05,1,909248,908761,487
78981161,60.471,83.9793,477,17777,0.200374,0.05,1,909302,908825,477
78984081,72.0942,59.9959,498,17896,0.160075,0.03,1,909377,908879,498
78987001,28.0188,73.5992,438,18015,0.152015,0.05,1,909394,908956,438
78989921,7.20377,26.7198,425,18133,0.150403,0.15,1,909396,908971,425
78992841,175.841,175.744,430,18250,0.150081,0.17,1,909614,909184,430
78995761,87.1682,86.3488,431,18366,0.246016,0.21,1,909679,909248,431
78998681,61.4336,60.4698,432,18482,0.249203,0.15,1,909734,909302,432
79001601,70.6867,72.094,430,18597,0.281841,0.15,1,909807,909377,430
79004521,26.9373,28.0188,429,18711,0.320368,0.15,1,909823,909394,429
79007441,6.98747,7.20376,429,18824,0.328074,0.15,1,909825,909396,429
79010361,177.397,175.841,431,18937,0.361615,0.27,1,910045,909614,431
79013281,90.6795,87.1682,435,19049,0.480323,0.25,1,910114,909679,435
79016201,62.1359,61.4336,435,19160,0.536065,0.29,1,910169,909734,435
79019121,71.6272,70.6867,436,19271,0.595213,0.33,1,910243,909807,436
79022041,27.1254,26.9373,436,19381,0.639043,0.33,1,910259,909823,436
79024961,7.02509,6.98747,436,19490,0.615808,0.37,1,910261,909825,436
79027881,183.005,177.397,443,19599,0.691162,0.37,1,910488,910045,443
79030801,94.201,35.4795,515,19707,0.770232,0.51,2,910560,910045,515
79033721,66.0402,62.2959,505,19815,0.786046,0.55,2,910619,910114,505
79036641,73.208,56.4592,525,19922,0.789209,0.61,2,910694,910169,525
79039561,27.4416,70.4918,467,20028,0.789842,0.65,2,910710,910243,467
79042481,7.08832,26.8984,453,20134,0.789968,0.61,2,910712,910259,453
79043941,162.218,6.97967,652,20239,0.741994,0.71,1,910913,910261,652
79046861,58.0435,182.996,457,20344,0.748399,0.79,1,910945,910488,457
79049781,72.4087,94.1992,461,20448,0.86168,0.79,2,911021,910560,461
79052701,62.4817,66.0398,462,20552,0.852336,0.79,2,911081,910619,462
79055621,71.6963,73.208,461,20655,0.898467,0.79,2,911155,910694,461
79058541,27.1393,27.4416,461,20758,0.891693,0.79,2,911171,910710,461
79061461,7.02785,7.08832,461,20860,0.922339,0.73,2,911173,910712,461
79137381,88,57,554,23359,0.41,1,1,913044,912490,554
79140301,43.2,69,514,23450,0.346,1,1,913076,912562,514
79143221,35.04,34.6,521,23540,0.2852,1,1,913109,912588,521
79146141,151.808,30.92,672,23630,0.09704,1,1,913290,912618,672
79149061,49.5616,168.584,493,23720,0.075408,0.93,1,913314,912821,493
79151981,53.1123,54.5168,521,23809,0.0550816,0.83,1,913368,912847,521
79154901,47.4225,60.5034,505,23898,0.0670163,0.69,1,913414,912909,505
79157821,62.2845,49.7007,524,23987,0.0534033,0.41,1,913480,912956,524
79160741,14.0569,80.3401,438,24075,0.0506807,0.33,1,913482,913044,438
79163661,26.0114,41.668,435,24163,0.0821361,0.27,1,913511,913076,435
79166581,30.0023,34.7336,433,24251,0.0564272,0.05,1,913542,913109,433
79169501,142.8,151.747,423,24338,0.0672854,0.07,1,913713,913290,423
79172421,48.5601,49.5493,424,24425,0.0534571,0.05,1,913738,913314,424
79175341,51.312,53.1099,422,24512,0.0346914,0.07,1,913790,913368,422
79178261,49.4624,47.422,425,24598,0.0789383,0.05,1,913839,913414,425
79181181,61.8925,62.2844,424,24684,0.0717877,0.05,1,913904,913480,424
79184101,13.9785,14.0569,424,24770,0.0703575,0.09,1,913906,913482,424
79187021,25.9957,26.0114,424,24856,0.134071,0.05,1,913935,913511,424
79189941,28.3991,30.0023,422,24941,0.210814,0.07,1,913964,913542,422
79192861,143.28,142.8,423,25026,0.306163,0.05,1,914136,913713,423
79195781,47.856,48.5601,422,25111,0.357233,0.03,1,914160,913738,422
79198701,51.1712,51.312,422,25195,0.335447,0.09,1,914212,913790,422
79201621,51.0342,49.4624,424,25279,0.315089,0.07,1,914263,913839,424
79204541,63.8068,61.8925,426,25363,0.311018,0.07,1,914330,913904,426
79207461,14.3614,13.9785,426,25447,0.326204,0.07,1,914332,913906,426
79210381,28.4723,2.7957,458,25530,0.361241,0.15,1,914364,913906,458
79213301,29.6945,23.7591,459,25613,0.400248,0.23,1,914394,913935,459
79216221,149.139,27.9518,609,25696,0.48805,0.33,1,914573,913964,609
79219141,49.0278,143.19,461,25778,0.52161,0.37,1,914597,914136,461
79222061,49.8056,47.8381,487,25860,0.544322,0.33,1,914647,914160,487
79224981,49.9611,51.1676,485,25942,0.548864,0.31,1,914697,914212,485
79227901,66.7922,51.0335,505,26024,0.549773,0.31,1,914768,914263,505
79230821,14.9584,63.8067,440,26105,0.549955,0.33,1,914770,914330,440
79233741,30.9917,14.3613,473,26186,0.533991,0.37,1,914805,914332,473
79236661,30.1983,28.4723,471,26267,0.562798,0.41,1,914835,914364,471
79239581,154.04,29.6945,626,26348,0.61656,0.51,1,915020,914394,626
79242501,50.8079,149.139,472,26428,0.611312,0.53,1,915045,914573,472
79245421,50.1616,49.0278,498,26508,0.626262,0.55,1,915095,914597,498
79248341,50.0323,49.8056,498,26588,0.629252,0.55,1,915145,914647,498
79251261,66.8065,49.9611,519,26668,0.661851,0.55,1,915216,914697,519
79254181,14.9613,66.7922,450,26747,0.66837,0.55,1,915218,914768,450
79257101,30.9923,14.9584,483,26826,0.669674,0.53,1,915253,914770,483
79260021,31.7985,30.9917,480,26905,0.637935,0.57,1,915285,914805,480
79262941,7.95969,30.1983,452,26984,0.631587,0.63,1,915287,914835,452
79265861,148.792,154.04,451,27062,0.710317,0.61,1,915471,915020,451
79268781,50.5584,50.8079,452,27140,0.710063,0.63,1,915497,915045,452
79271701,50.9117,50.1616,453,27218,0.758013,0.63,2,915548,915095,453
79274621,50.1823,50.0323,453,27296,0.799603,0.67,2,915598,915145,453
79277541,68.4365,66.8065,455,27374,0.791921,0.67,2,915671,915216,455
79280461,15.2873,14.9613,455,27451,0.790384,0.67,2,915673,915218,455
79283381,31.0575,30.9923,455,27528,0.838077,0.63,2,915708,915253,455
79286301,31.0115,31.7985,454,27605,0.831615,0.63,2,915739,915285,454
79289221,7.8023,7.95969,454,27682,0.830323,0.73,2,915741,915287,454
79589981,50,45,515,34678,0.59,1,1,920772,920257,515
79592901,34,35.4,512,34739,0.462,1,1,920802,920290,512
79595821,37.2,38.28,511,34800,0.2924,1,1,920840,920329,511
79598741,49.84,45.256,517,34861,0.11448,1,1,920893,920376,517
79601661,40.368,36.2512,521,34922,0.062896,1,1,920931,920410,521
79604581,33.6736,42.4502,509,34983,0.0365792,1,1,920963,920454,509
79607501,31.5347,30.09,513,35043,0.0153158,0.95,1,920994,920481,513
79610421,31.1069,28.418,516,35103,0.0270632,1,1,921025,920509,516
79613341,35.8214,41.6836,508,35163,0.0454126,1,1,921062,920554,508
79616261,77.5643,37.9367,559,35223,0.0330825,0.87,1,921150,920591,559
79619181,39.5129,85.9873,491,35283,0.0626165,0.77,1,921180,920689,491
79622101,39.9026,43.5975,498,35343,0.0525233,0.59,1,921220,920722,498
79625021,23.9805,48.7195,468,35403,0.0985047,0.43,1,921240,920772,468
79627941,27.1961,33.7439,466,35463,0.0277009,0.25,1,921268,920802,466
79630861,43.8392,37.1488,476,35523,0.12554,0.07,1,921316,920840,476
79633781,39.1678,49.8298,461,35583,0.081108,0.05,1,921354,920893,461
79636701,31.8336,40.366,453,35642,0.0242216,0.03,1,921384,920931,453
79639621,7.96671,33.6732,423,35701,0.0128443,0.01,1,921386,920963,423
79642541,26.3933,31.5346,423,35760,0.0265689,0.03,1,921417,920994,423
79645461,32.4787,31.1069,426,35819,0.0453138,0.05,1,921451,921025,426
79648381,32.8957,35.8214,422,35878,0.0490628,0.03,1,921484,921062,422
79651301,77.7792,77.5643,423,35937,0.0498126,0.07,1,921573,921150,423
79654221,41.9558,39.5129,426,35996,0.0339625,0.05,1,921606,921180,426
79657141,41.1912,39.9026,427,36055,0.110793,0.11,1,921647,921220,427
79660061,22.6382,23.9805,425,36114,0.126159,0.01,1,921665,921240,425
79662981,25.3276,27.1961,423,36173,0.129232,0.15,1,921691,921268,423
79665901,47.4655,43.8392,428,36231,0.129846,0.07,1,921744,921316,428
79668821,37.4931,39.1678,425,36289,0.145969,0.01,1,921779,921354,425
79671741,29.0986,31.8336,422,36347,0.133194,0.01,1,921806,921384,422
79674661,7.41972,7.96671,422,36405,0.130639,0.03,1,921808,921386,422
79677581,27.0839,26.3933,423,36463,0.0341278,0.05,1,921840,921417,423
79680501,34.2168,32.4787,425,36521,0.0628256,0.05,1,921876,921451,425
79683421,30.8434,32.8957,422,36579,0.116565,0.05,1,921906,921484,422
79686341,77.3687,77.7792,422,36637,0.063313,0.03,1,921995,921573,422
79689261,41.8737,41.9558,422,36695,0.0526626,0.13,1,922028,921606,422
79692181,44.3747,41.1912,426,36753,0.0505325,0.13,1,922073,921647,426
79695101,23.2749,22.6382,426,36810,0.0181065,0.13,1,922091,921665,426
79698021,27.055,25.3276,428,36867,0.0116213,0.13,1,922119,921691,428
79700941,48.611,47.4655,429,36924,0.0583243,0.15,1,922173,921744,429
79703861,36.1222,37.4931,427,36981,0.0356649,0.13,1,922206,921779,427
79706781,24.8244,29.0986,422,37038,0.031133,0.13,1,922228,921806,422
79709701,6.56489,7.41972,422,37095,0.0622266,0.01,1,922230,921808,422
79712621,27.713,27.0839,423,37152,0.0364453,0.01,1,922263,921840,423
79715541,35.9426,5.41679,461,37209,0.0472891,0.07,1,922301,921840,461
79718461,29.5885,29.8834,453,37266,0.0654578,0.13,1,922329,921876,453
79721381,76.3177,29.9767,511,37323,0.149092,0.05,1,922417,921906,511
79724301,40.8635,77.1953,454,37380,0.165818,0.05,1,922449,921995,454
79727221,44.1727,41.8391,466,37437,0.121164,0.05,1,922494,922028,466
79730141,23.2345,44.3678,439,37493,0.128233,0.01,1,922512,922073,439
79733061,27.0469,23.2736,449,37549,0.129647,0.01,1,922540,922091,449
79735981,49.4094,27.0547,476,37605,0.129929,0.07,1,922595,922119,476
79738901,36.2819,48.6109,455,37661,0.161986,0.03,1,922628,922173,455
79741821,24.8564,36.1222,444,37717,0.184397,0.03,1,922650,922206,444
79744741,6.57127,24.8244,424,37773,0.188879,0.07,1,922652,922228,424
79747661,26.9143,6.56489,454,37829,0.189776,0.03,1,922684,922230,454
79750581,38.1828,27.713,462,37885,0.141955,0.05,1,922725,922263,462
79753501,30.8366,35.9426,453,37941,0.084391,0.07,1,922754,922301,453
79756421,79.7673,29.5885,517,37997,0.104878,0.17,1,922846,922329,517
79759341,41.5535,76.3177,461,38053,0.140976,0.17,1,922878,922417,461
79762261,41.9107,40.8635,471,38109,0.148195,0.11,1,922920,922449,471
79765181,23.5821,44.1727,445,38164,0.165639,0.13,1,922939,922494,445
79768101,27.1164,23.2345,455,38219,0.169128,0.13,1,922967,922512,455
79771021,50.2233,27.0469,483,38274,0.201826,0.13,1,923023,922540,483
79773941,38.0447,49.4094,463,38329,0.208365,0.17,1,923058,922595,463
79776861,25.2089,36.2819,452,38384,0.225673,0.19,1,923080,922628,452
79779781,6.64179,24.8564,432,38439,0.229135,0.19,1,923082,922650,432
79782701,25.3284,6.57127,460,38494,0.277827,0.19,1,923112,922652,460
79785621,35.4657,26.9143,466,38549,0.287565,0.13,1,923150,922684,466
79788541,29.4931,38.1828,453,38604,0.289513,0.07,1,923178,922725,453
79791461,7.49863,30.8366,426,38659,0.289903,0.11,1,923180,922754,426
79794381,76.6997,79.7673,428,38714,0.321981,0.15,1,923274,922846,428
79797301,41.7399,41.5535,429,38769,0.344396,0.15,1,923307,922878,429
79800221,41.948,41.9107,429,38823,0.364879,0.17,1,923349,922920,429
79803141,24.3896,23.5821,430,38877,0.368976,0.17,1,923369,922939,430
79806061,27.2779,27.1164,430,38931,0.369795,0.21,1,923397,922967,430
79808981,51.8556,50.2233,432,38985,0.385959,0.21,1,923455,923023,432
79811901,38.3711,38.0447,432,39039,0.421192,0.23,1,923490,923058,432
79814821,26.8742,25.2089,434,39093,0.428238,0.23,1,923514,923080,434
79817741,6.97484,6.64179,434,39147,0.445648,0.29,1,923516,923082,434
79820661,26.995,25.3284,436,39201,0.43313,0.29,1,923548,923112,436
79823581,35.799,35.4657,436,39255,0.446626,0.29,1,923586,923150,436
79826501,30.3598,29.4931,437,39309,0.465325,0.29,1,923615,923178,437
79829421,7.67196,7.49863,437,39363,0.469065,0.33,1,923617,923180,437
79832341,77.5344,76.6997,438,39417,0.549813,0.35,1,923712,923274,438
79835261,41.1069,41.7399,437,39471,0.645963,0.37,1,923744,923307,437
79838181,42.6214,41.948,438,39525,0.713193,0.37,1,923787,923349,438
79841101,24.5243,24.3896,438,39578,0.694638,0.37,1,923807,923369,438
79844021,28.1049,27.2779,439,39631,0.706928,0.39,1,923836,923397,439
79846941,52.821,51.8556,440,39684,0.693386,0.43,1,923895,923455,440
79849861,39.3642,38.3711,441,39737,0.690677,0.43,1,923931,923490,441
79852781,27.8728,26.8742,442,39790,0.706135,0.45,1,923956,923514,442
79855701,7.17457,6.97484,442,39843,0.709227,0.43,1,923958,923516,442
79858621,28.6349,26.995,444,39896,0.709845,0.45,1,923992,923548,444
79861541,36.127,35.799,444,39949,0.677969,0.47,1,924030,923586,444
79864461,32.0254,30.3598,446,40002,0.703594,0.47,1,924061,923615,446
79867381,8.00508,7.67196,446,40055,0.708719,0.57,1,924063,923617,446
79870301,81.601,77.5344,451,40108,0.709744,0.57,1,924163,923712,451
79873221,42.7202,15.5069,484,40161,0.757949,0.67,2,924196,923712,484
79876141,45.344,28.7014,498,40214,0.81559,0.73,2,924242,923744,498
79879061,25.0688,40.1403,475,40267,0.827118,0.69,2,924262,923787,475
79881981,27.4138,24.0281,483,40319,0.829424,0.71,2,924290,923807,483
79884901,51.8828,28.0056,512,40371,0.829885,0.69,2,924348,923836,512
79887821,39.1766,52.8011,489,40423,0.829977,0.69,2,924384,923895,489
79890741,28.6353,39.3602,479,40475,0.797995,0.71,2,924410,923931,479
79893661,7.32706,27.872,456,40527,0.791599,0.71,2,924412,923956,456
79896581,28.6654,7.17441,488,40579,0.79032,0.71,2,924446,923958,488
79899501,36.1331,28.6349,492,40631,0.806064,0.67,2,924484,923992,492
79902421,32.0266,36.127,485,40683,0.857213,0.71,2,924515,924030,485
79905341,8.00532,32.0254,456,40735,0.867443,0.71,2,924517,924061,456
79908261,81.6011,8.00508,554,40787,0.917488,0.71,2,924617,924063,554
79911181,46.7202,81.601,492,40839,0.863498,0.77,2,924655,924163,492
79914101,48.544,42.7202,508,40891,0.8847,0.83,2,924704,924196,508
79917021,25.7088,45.344,482,40943,0.90494,0.83,2,924724,924242,482
79919941,27.5418,25.0688,490,40995,0.908988,0.83,2,924752,924262,490
80063021,24,44,515,43445,0.75,1,2,926410,925895,515
80065941,19.2,33.6,502,43494,0.75,1,1,926428,925926,502
80068861,79.04,20.32,579,43543,0.446,1,1,926522,925943,579
80071781,41.408,84.864,510,43591,0.2892,1,1,926554,926044,510
80074701,35.4816,42.5728,512,43639,0.17784,1,1,926588,926076,512
80077621,31.0963,28.5146,517,43687,0.139568,1,1,926618,926101,517
80080541,29.4193,28.1029,518,43735,0.0519136,1,1,926647,926129,518
80083461,25.0839,32.0206,509,43783,0.0343827,0.96,1,926671,926162,509
80086381,35.4168,28.8041,519,43831,0.0308765,1,1,926709,926190,519
80089301,30.2834,35.3608,511,43879,0.0781753,1,1,926738,926227,511
80092221,37.2567,33.4722,517,43927,0.0396351,1,1,926777,926260,517
80095141,21.8513,38.6944,495,43975,0.031927,0.98,1,926795,926300,495
80098061,28.3703,27.7389,500,44023,0.0143854,0.91,1,926825,926325,500
80100981,24.8741,33.5478,489,44071,0.0268771,0.83,1,926849,926360,489
80103901,22.5748,27.5096,485,44119,0.0133754,0.75,1,926871,926386,485
80106821,14.915,24.7019,474,44167,0.0426751,0.75,1,926884,926410,474
80109741,65.383,19.3404,534,44215,0.080535,0.37,1,926962,926428,534
80112661,31.4766,79.0681,463,44263,0.088107,0.25,1,926985,926522,463
80115581,30.2953,41.4136,461,44311,0.0896214,0.15,1,927015,926554,461
80118501,26.8591,35.4827,453,44359,0.121924,0.13,1,927041,926588,453
80121421,27.7718,31.0965,451,44407,0.128385,0.03,1,927069,926618,451
80124341,23.9544,29.4193,445,44455,0.033677,0.03,1,927092,926647,445
80127261,6.39087,25.0839,423,44502,0.0147354,0.03,1,927094,926671,423
80130181,30.8782,35.4168,422,44549,0.0749471,0.09,1,927131,926709,422
80133101,30.9756,30.2834,424,44596,0.0389894,0.03,1,927162,926738,424
80136021,35.7951,37.2567,422,44643,0.0637979,0.03,1,927199,926777,422
80138941,22.359,21.8513,423,44690,0.0527596,0.01,1,927218,926795,423
80141861,29.2718,28.3703,424,44737,0.0665519,0.03,1,927249,926825,424
80144781,24.2544,24.8741,423,44784,0.0373104,0.01,1,927272,926849,423
80147701,22.4509,22.5748,423,44831,0.0474621,0.05,1,927294,926871,423
80150621,15.6902,14.915,424,44878,0.0334924,0.09,1,927308,926884,424
80153541,67.138,65.383,426,44925,0.0626985,0.09,1,927388,926962,426
80156461,30.2276,31.4766,424,44972,0.0525397,0.09,1,927409,926985,424
80159381,31.6455,30.2953,426,45019,0.0825079,0.13,1,927441,927015,426
80162301,28.7291,26.8591,428,45066,0.120502,0.13,1,927469,927041,428
80165221,26.5458,27.7718,426,45113,0.1281,0.01,1,927495,927069,426
80168141,20.5092,23.9544,422,45160,0.12962,0.01,1,927514,927092,422
80171061,5.70183,6.39087,422,45207,0.161924,0.09,1,927516,927094,422
80173981,30.7404,30.8782,422,45254,0.136385,0.03,1,927553,927131,422
80176901,32.5481,30.9756,424,45301,0.099277,0.07,1,927586,927162,424
80179821,36.9096,35.7951,425,45348,0.0758554,0.05,1,927624,927199,425
80182741,20.1819,22.359,422,45395,0.0711711,0.07,1,927640,927218,422
80185661,29.6364,29.2718,423,45441,0.118234,0.03,1,927672,927249,423
80188581,23.5273,24.2544,422,45487,0.159647,0.05,1,927694,927272,422
80191501,23.1055,22.4509,423,45533,0.151929,0.03,1,927717,927294,423
80194421,16.6211,15.6902,424,45579,0.134386,0.07,1,927732,927308,424
80197341,66.5242,67.138,423,45625,0.130877,0.05,1,927811,927388,423
80200261,30.9048,30.2276,424,45671,0.130175,0.09,1,927833,927409,424
80203181,34.181,31.6455,427,45717,0.162035,0.13,1,927868,927441,427
80206101,30.0362,28.7291,428,45763,0.120407,0.13,1,927897,927469,428
80209021,27.6072,26.5458,429,45809,0.128081,0.13,1,927924,927495,429
80211941,19.1214,20.5092,427,45855,0.113616,0.17,1,927941,927514,427
80214861,5.42429,5.70183,427,45901,0.110723,0.13,1,927943,927516,427
80217781,28.2849,30.7404,424,45947,0.110145,0.13,1,927977,927553,424
80220701,31.257,6.14807,456,45993,0.126029,0.09,1,928009,927553,456
80223621,37.4514,27.6296,462,46039,0.145206,0.07,1,928048,927586,462
80226541,21.0903,35.9259,441,46085,0.149041,0.07,1,928065,927624,441
80229461,31.4181,19.9852,459,46131,0.181808,0.13,1,928099,927640,459
80232381,23.8836,29.597,449,46177,0.188362,0.17,1,928121,927672,449
80235301,22.3767,23.5194,449,46223,0.205672,0.15,1,928143,927694,449
80238221,17.2753,23.1039,442,46269,0.225134,0.13,1,928159,927717,442
80241141,66.6551,16.6208,506,46315,0.261027,0.13,1,928238,927732,506
80244061,31.731,66.5242,450,46361,0.252205,0.13,1,928261,927811,450
80246981,33.5462,30.9048,462,46406,0.250441,0.17,1,928295,927833,462
80249901,29.1092,34.181,455,46451,0.282088,0.11,1,928323,927868,455
80252821,26.6218,30.0362,452,46496,0.288418,0.13,1,928349,927897,452
80255741,19.7244,27.6072,443,46541,0.321684,0.11,1,928367,927924,443
80258661,5.54487,19.1214,428,46586,0.328337,0.11,1,928369,927941,428
80261581,28.309,5.42429,460,46631,0.361667,0.11,1,928403,927943,460
80264501,32.0618,28.2849,459,46676,0.352333,0.13,1,928436,927977,459
80267421,39.2124,31.257,468,46721,0.398467,0.15,1,928477,928009,468
80270341,20.6425,37.4514,445,46766,0.375693,0.15,1,928493,928048,445
80273261,32.9285,21.0903,464,46811,0.403139,0.19,1,928529,928065,464
80276181,24.1857,31.4181,452,46856,0.440628,0.19,1,928551,928099,452
80279101,24.0371,23.8836,454,46901,0.448126,0.21,1,928575,928121,454
80282021,17.6074,22.3767,448,46946,0.465625,0.23,1,928591,928143,448
80284941,68.3215,17.2753,513,46991,0.501125,0.27,1,928672,928159,513
80287861,31.2643,66.6551,456,47036,0.508225,0.25,1,928694,928238,456
80290781,34.2529,31.731,468,47081,0.525645,0.25,1,928729,928261,468
80293701,30.0506,33.5462,463,47126,0.513129,0.29,1,928758,928295,463
80296621,27.6101,29.1092,462,47171,0.494626,0.29,1,928785,928323,462
80299541,20.722,26.6218,455,47216,0.506925,0.33,1,928804,928349,455
80302461,5.7444,19.7244,439,47261,0.509385,0.33,1,928806,928367,439
80305381,29.9489,5.54487,473,47306,0.541877,0.37,1,928842,928369,473
80308301,31.5898,28.309,471,47351,0.548375,0.35,1,928874,928403,471
80311221,7.91795,32.0618,440,47396,0.549675,0.41,1,928876,928436,440
80314141,34.3836,39.2124,440,47440,0.581935,0.37,1,928917,928477,440
80317061,20.4767,20.6425,441,47484,0.572387,0.41,1,928934,928493,441
80319981,34.4953,32.9285,443,47528,0.586477,0.45,1,928972,928529,443
80322901,25.2991,24.1857,444,47572,0.621295,0.45,1,928995,928551,444
80325821,24.2598,24.0371,444,47616,0.628259,0.47,1,929019,928575,444
80328741,18.452,17.6074,445,47660,0.613652,0.51,1,929036,928591,445
80331661,70.0904,68.3215,447,47704,0.62673,0.51,1,929119,928672,447
80334581,31.6181,31.2643,447,47748,0.645346,0.53,1,929141,928694,447
80337501,35.1236,34.2529,448,47792,0.649069,0.51,1,929177,928729,448
80340421,29.4247,30.0506,447,47836,0.633814,0.49,1,929205,928758,447
80343341,26.6849,27.6101,446,47880,0.630763,0.51,1,929231,928785,446
80346261,21.337,20.722,447,47924,0.630153,0.51,1,929251,928804,447
80349181,5.8674,5.7444,447,47968,0.662031,0.55,1,929253,928806,447
80352101,31.5735,29.9489,449,48012,0.716406,0.55,1,929291,928842,449
80355021,31.9147,31.5898,449,48056,0.727281,0.55,1,929323,928874,449
80357941,7.98294,7.91795,449,48100,0.697456,0.59,1,929325,928876,449
80360861,34.3966,34.3836,449,48144,0.723491,0.57,1,929366,928917,449
80363781,21.2793,20.4767,450,48188,0.760698,0.59,2,929384,928934,450
80366701,36.2559,34.4953,452,48232,0.81614,0.63,2,929424,928972,452
80369621,24.8512,25.2991,451,48276,0.843228,0.63,2,929446,928995,451
80372541,24.1702,24.2598,451,48320,0.880646,0.61,2,929470,929019,451
80375461,17.634,18.452,450,48364,0.888129,0.63,2,929486,929036,450
80378381,70.7268,70.0904,451,48408,0.921626,0.65,2,929570,929119,451
80381301,32.5454,31.6181,452,48452,0.928325,0.65,2,929593,929141,452
80392981,20,20,453,48624,0.91,0.67,2,929704,929251,453
80395901,5.6,5.6,453,48667,0.942,0.73,2,929706,929253,453
80398821,33.92,31.52,456,48710,0.9324,0.73,2,929747,929291,456
80413421,43,18,503,48925,0.87,0.83,2,929887,929384,503
80416341,26.2,35.6,485,48968,0.902,0.85,2,929909,929424,485
80594461,28,25,507,51527,0.79,1,2,931720,931213,507
80597381,18.4,30.6,491,51568,0.742,1,1,931736,931245,491
80600301,29.28,18.12,508,51609,0.6524,1,1,931768,931260,508
80603221,27.456,24.424,509,51650,0.57048,1,1,931795,931286,509
80606141,26.2912,25.6848,509,51691,0.538096,1,1,931821,931312,509
80609061,16.4582,29.937,492,51732,0.547619,0.99,1,931835,931343,492
80611981,21.6916,25.9874,490,51773,0.501524,0.99,1,931858,931368,490
80614901,29.1383,5.19748,521,51814,0.492305,1,1,931889,931368,521
80617821,20.2277,22.6395,512,51855,0.506461,1,1,931907,931395,512
80620741,40.8455,26.9279,530,51896,0.445292,0.9,1,931953,931423,530
80623661,25.7691,46.1856,501,51937,0.417058,1,1,931975,931474,501
80626581,28.3538,30.8371,503,51978,0.411412,1,1,932004,931501,503
80629501,39.2708,33.3674,511,52019,0.394282,1,1,932046,931535,511
80632421,27.0542,34.6735,500,52059,0.406856,1,1,932070,931570,500
80635341,24.6108,30.9347,494,52099,0.425371,0.97,1,932094,931600,494
80638261,28.1222,28.5869,495,52139,0.413074,0.81,1,932123,931628,495
80641181,27.2244,34.5174,486,52179,0.394615,0.91,1,932150,931664,486
80644101,25.4449,29.3035,483,52219,0.390923,0.79,1,932175,931692,483
80647021,16.289,28.2607,469,52259,0.438185,0.73,1,932189,931720,469
80649941,26.4578,18.4521,482,52299,0.463637,0.63,1,932218,931736,482
80652861,24.4916,29.2904,474,52339,0.452727,0.55,1,932242,931768,474
80655781,24.8983,27.4581,472,52379,0.466545,0.53,1,932267,931795,472
80658701,17.7797,26.2916,462,52419,0.485309,0.55,1,932283,931821,462
80661621,18.7559,16.4583,467,52459,0.505062,0.49,1,932302,931835,467
80664541,30.9512,21.6917,478,52499,0.509012,0.49,1,932336,931858,478
80667461,19.7902,29.1383,464,52539,0.493802,0.51,1,932353,931889,464
80670381,36.758,20.2277,487,52579,0.522761,0.43,1,932394,931907,487
80673301,24.9516,40.8455,463,52619,0.544552,0.41,1,932416,931953,463
80676221,28.1903,25.7691,470,52659,0.53291,0.41,1,932445,931975,470
80679141,37.6381,28.3538,481,52699,0.578582,0.39,1,932485,932004,481
80682061,30.7276,39.2708,468,52739,0.619716,0.41,1,932514,932046,468
80684981,23.7455,27.0542,466,52779,0.595943,0.43,1,932536,932070,466
80687901,27.1491,24.6108,470,52819,0.623189,0.41,1,932564,932094,470
80690821,28.6298,28.1222,470,52859,0.612638,0.39,1,932593,932123,470
80693741,25.726,27.2244,468,52899,0.658528,0.39,1,932618,932150,468
80696661,16.3452,25.4449,457,52939,0.683706,0.45,1,932632,932175,457
80699581,27.269,16.289,473,52979,0.688741,0.47,1,932662,932189,473
80702501,25.4538,26.4578,469,53019,0.705748,0.45,1,932687,932218,469
80705421,25.0908,24.4916,470,53059,0.69315,0.47,1,932712,932242,470
80708341,17.8182,24.8983,461,53099,0.70663,0.49,1,932728,932267,461
80711261,19.5636,17.7797,465,53139,0.709326,0.51,1,932748,932283,465
80714181,31.1127,18.7559,480,53179,0.709865,0.51,1,932782,932302,480
80717101,19.8225,30.9512,463,53219,0.725973,0.49,1,932799,932336,463
80720021,5.56451,19.7902,448,53259,0.697195,0.53,1,932801,932353,448
80722941,33.9129,36.758,448,53299,0.739439,0.55,1,932842,932394,448
80725861,25.1826,24.9516,449,53338,0.779888,0.53,2,932865,932416,449
80728781,27.4365,28.1903,448,53377,0.819978,0.59,2,932893,932445,448
80731701,39.8873,37.6381,451,53416,0.811996,0.63,2,932936,932485,451
80734621,31.1775,30.7276,451,53455,0.794399,0.59,2,932965,932514,451
80737541,24.6355,23.7455,452,53494,0.80688,0.63,2,932988,932536,452
80740461,28.1271,27.1491,453,53533,0.793376,0.61,2,933017,932564,453
80743381,29.6254,28.6298,454,53572,0.838675,0.67,2,933047,932593,454
80746301,27.5251,25.726,456,53611,0.847735,0.69,2,933074,932618,456
80749221,16.705,16.3452,456,53650,0.817547,0.69,2,933088,932632,456
80752141,27.341,27.269,456,53689,0.859509,0.71,2,933118,932662,456
80755061,26.2682,25.4538,457,53728,0.835902,0.69,2,933144,932687,457
80757981,25.2536,25.0908,457,53767,0.84718,0.71,2,933169,932712,457
80760901,17.8507,17.8182,457,53806,0.849436,0.71,2,933185,932728,457
80763821,19.5701,19.5636,457,53845,0.865887,0.71,2,933205,932748,457
80766741,31.114,31.1127,457,53884,0.885177,0.73,2,933239,932782,457
80769661,20.6228,19.8225,458,53923,0.857035,0.69,2,933257,932799,458
80772581,5.72456,5.56451,458,53962,0.883407,0.75,2,933259,932801,458
80775501,33.9449,33.9129,458,54001,0.888681,0.79,2,933300,932842,458
80778421,25.989,25.1826,459,54040,0.905736,0.83,2,933324,932865,459
81036841,58,23,518,26441,0.41,0.89,1,935743,935225,518
81039761,38,62.2,479,26521,0.426,0.79,1,935776,935297,479
81042681,56.4,52.44,490,26601,0.4612,0.77,1,935837,935347,490
81045601,66.48,76.088,477,26681,0.51624,0.69,1,935906,935429,477
81048521,55.696,63.2176,470,26760,0.527248,0.53,1,935959,935489,470
81051441,56.7392,65.4435,461,26839,0.56145,0.41,1,936016,935555,461
81054361,38.5478,41.0887,460,26918,0.56829,0.49,1,936050,935590,460
81057281,31.7096,32.2177,460,26997,0.601658,0.43,1,936080,935620,460
81060201,44.7419,58.4435,443,27075,0.576332,0.41,1,936128,935685,443
81063121,56.1484,58.0887,444,27153,0.651266,0.43,1,936187,935743,444
81066041,36.8297,38.0177,443,27231,0.682253,0.47,1,936219,935776,443
81068961,57.7659,56.4035,445,27309,0.688451,0.53,1,936282,935837,445
81071881,67.5532,66.4807,446,27387,0.72169,0.53,1,936352,935906,446
81074801,58.3106,55.6961,449,27464,0.728338,0.57,1,936408,935959,449
81077721,58.0621,56.7392,450,27541,0.729668,0.57,1,936466,936016,450
81080641,38.8124,38.5478,450,27618,0.777933,0.61,2,936500,936050,450
81083561,31.7625,31.7096,450,27695,0.787587,0.57,2,936530,936080,450
81086481,45.5525,44.7419,451,27771,0.805517,0.67,2,936579,936128,451
81089401,57.9105,56.1484,453,27847,0.873103,0.69,2,936640,936187,453
81092321,37.9821,36.8297,454,27923,0.902621,0.69,2,936673,936219,454
81095241,57.9964,57.7659,454,27999,0.940524,0.73,2,936736,936282,454
81118601,35,61,498,28598,0.93,0.91,2,937138,936640,498
81214961,72,60,491,30947,0.87,1,2,938841,938350,491
81217881,45.6,48,485,31015,0.886,1,2,938880,938395,485
81220801,32.32,36.8,480,31083,0.9052,1,2,938909,938429,480
81223721,40.864,42.56,479,31151,0.90904,1,2,938952,938473,479
81226641,49.7728,49.312,480,31219,0.941808,1,2,939004,938524,480
81229561,26.7546,29.8624,476,31287,0.900362,1,2,939025,938549,476
81232481,21.3509,5.97248,496,31355,0.924072,0.89,2,939045,938549,496
81235401,51.4702,17.9945,534,31422,0.896815,1,2,939104,938570,534
81238321,79.894,54.7989,557,31489,0.907363,0.92,2,939191,938634,557
81363881,67,73,490,34258,0.41,1,1,941128,940638,490
81366801,34.2,14.6,516,34320,0.394,1,1,941154,940638,516
81369721,57.24,30.92,544,34382,0.2948,1,1,941217,940673,544
81372641,49.848,65.384,518,34443,0.16296,0.99,1,941265,940747,518
81375561,28.3696,43.4768,503,34504,0.104592,0.93,1,941288,940785,503
81378481,46.4739,30.2954,527,34565,0.0449184,1,1,941339,940812,527
81381401,38.0948,51.6591,506,34626,0.0169837,0.95,1,941375,940869,506
81384321,36.419,39.9318,505,34687,0.0113967,0.93,1,941411,940906,505
81387241,30.4838,43.1864,490,34748,0.0262793,0.93,1,941440,940950,490
81390161,38.0968,33.4373,499,34809,0.0132559,0.71,1,941480,940981,499
81393081,34.8194,39.4875,492,34870,0.0106512,0.61,1,941514,941022,492
81396001,52.5639,39.0975,510,34931,0.0581302,0.41,1,941571,941061,510
81398921,24.9128,61.4195,461,34992,0.051626,0.39,1,941589,941128,461
81401841,51.3826,33.0839,493,35052,0.0343252,0.27,1,941647,941154,493
81404761,43.8765,57.0168,472,35112,0.094865,0.13,1,941689,941217,472
81407681,25.5753,49.8034,445,35172,0.106973,0.09,1,941710,941265,445
81410601,45.9151,28.3607,473,35232,0.0773946,0.03,1,941761,941288,473
81413521,37.983,46.4721,458,35292,0.0154789,0.01,1,941797,941339,458
81416441,37.1966,38.0944,459,35352,0.0270958,0.01,1,941834,941375,459
81419361,29.0393,36.4189,450,35412,0.0614192,0.03,1,941861,941411,450
81422281,39.4079,30.4838,463,35472,0.0842838,0.01,1,941903,941440,463
81425201,33.4816,38.0968,455,35532,0.136857,0.01,1,941935,941480,455
81428121,53.0963,34.8194,479,35591,0.163371,0.07,1,941993,941514,479
81431041,24.2193,52.5639,439,35650,0.184674,0.05,1,942010,941571,439
81433961,6.44385,24.9128,423,35709,0.188935,0.03,1,942012,941589,423
81436881,47.6888,51.3826,423,35768,0.221787,0.11,1,942070,941647,423
81439801,44.7378,43.8765,425,35827,0.212357,0.11,1,942114,941689,425
81442721,27.3476,25.5753,427,35886,0.226471,0.07,1,942137,941710,427
81445641,43.0695,45.9151,423,35945,0.245294,0,1,942184,941761,423
81448561,38.2139,37.983,424,36004,0.201059,0.03,1,942221,941797,424
81451481,36.4428,37.1966,423,36063,0.160212,0.07,1,942257,941834,423
81454401,32.0886,29.0393,427,36122,0.152042,0.09,1,942288,941861,427
81457321,39.2177,39.4079,426,36181,0.150408,0.15,1,942329,941903,426
81460241,35.8435,33.4816,429,36239,0.134082,0.17,1,942364,941935,429
81463161,54.3687,53.0963,430,36297,0.114816,0.19,1,942423,941993,430
81466081,25.2737,24.2193,431,36355,0.110963,0.19,1,942441,942010,431
81469001,6.65475,6.44385,431,36413,0.142193,0.23,1,942443,942012,431
81471921,48.531,47.6888,432,36471,0.164439,0.21,1,942502,942070,432
81474841,44.9062,44.7378,432,36529,0.184888,0.23,1,942546,942114,432
81477761,28.1812,27.3476,433,36587,0.204978,0.25,1,942570,942137,433
81480681,42.4362,43.0695,432,36645,0.256995,0.19,1,942616,942184,432
81483601,35.6872,38.2139,429,36703,0.299399,0.15,1,942650,942221,429
81486521,34.3375,36.4428,427,36761,0.30788,0.15,1,942684,942257,427
81489441,32.4675,32.0886,428,36818,0.325576,0.15,1,942716,942288,428
81492361,38.4935,39.2177,427,36875,0.313115,0.13,1,942756,942329,427
81495281,34.8987,35.8435,426,36932,0.310623,0.11,1,942790,942364,426
81498201,54.9797,54.3687,427,36989,0.342125,0.11,1,942850,942423,427
81501121,25.3959,25.2737,427,37046,0.316425,0.15,1,942868,942441,427
81504041,6.67919,6.65475,427,37103,0.311285,0.17,1,942870,942443,427
81506961,50.9358,48.531,430,37160,0.374257,0.17,1,942932,942502,430
81509881,46.1872,9.70619,475,37217,0.370851,0.19,1,942977,942502,475
81512801,28.4374,37.1412,455,37274,0.35417,0.21,1,943001,942546,455
81515721,44.0875,26.6282,479,37331,0.318834,0.27,1,943049,942570,479
81518641,36.8175,42.1256,468,37388,0.359767,0.31,1,943084,942616,468
81521561,34.5635,35.6251,468,37445,0.367953,0.31,1,943118,942650,468
81524481,33.3127,34.325,467,37501,0.353591,0.33,1,943151,942684,467
81527401,39.4625,32.465,476,37557,0.382718,0.31,1,943192,942716,476
81530321,35.0925,38.493,470,37613,0.420544,0.31,1,943226,942756,470
81533241,55.0185,34.8986,496,37669,0.460109,0.35,1,943286,942790,496
81536161,25.4037,54.9797,454,37725,0.484022,0.31,1,943304,942850,454
81539081,6.68074,25.3959,438,37781,0.488804,0.31,1,943306,942868,438
81542001,52.5361,6.67919,500,37837,0.537761,0.39,1,943370,942870,500
81544921,46.5072,50.9358,483,37893,0.595552,0.37,1,943415,942932,483
81547841,28.5014,46.1872,462,37949,0.59111,0.35,1,943439,942977,462
81550761,44.1003,28.4374,486,38005,0.606222,0.31,1,943487,943001,486
81553681,37.6201,44.0875,474,38061,0.641244,0.37,1,943523,943049,474
81556601,34.724,36.8175,473,38117,0.680249,0.37,1,943557,943084,473
81559521,32.5448,34.5635,471,38172,0.68805,0.35,1,943589,943118,471
81562441,40.909,33.3127,481,38227,0.68961,0.39,1,943632,943151,481
81565361,36.9818,39.4625,476,38282,0.689922,0.43,1,943668,943192,476
81568281,57.7964,35.0925,505,38337,0.721984,0.47,1,943731,943226,505
81571201,25.9593,55.0185,463,38392,0.728397,0.49,1,943749,943286,463
81574121,6.79185,25.4037,447,38447,0.729679,0.49,1,943751,943304,447
81577041,55.7584,6.68074,513,38502,0.793936,0.55,2,943819,943306,513
81579961,47.1517,52.5361,494,38557,0.822787,0.61,2,943864,943370,494
81582881,29.4303,46.5072,474,38612,0.844557,0.59,2,943889,943415,474
81585801,7.48607,28.5014,452,38667,0.848911,0.61,2,943891,943439,452
81588721,39.8972,44.1003,452,38722,0.849782,0.65,2,943939,943487,452
81591641,39.1794,37.6201,455,38777,0.881956,0.69,2,943978,943523,455
81594561,35.8359,34.724,456,38831,0.904391,0.69,2,944013,943557,456
81597481,32.7672,32.5448,456,38885,0.908878,0.69,2,944045,943589,456
81600401,40.9534,40.909,456,38939,0.893776,0.69,2,944088,943632,456
81603321,36.9907,36.9818,456,38993,0.906755,0.73,2,944124,943668,456
81606241,59.3981,57.7964,458,39047,0.925351,0.73,2,944189,943731,458
81609161,26.2796,25.9593,458,39101,0.92907,0.73,2,944207,943749,458
81620841,26,25,464,39317,0.93,0.85,2,944353,943889,464
81623761,6.8,6.6,464,39371,0.93,0.85,2,944355,943891,464
81778521,34,20,505,42117,0.57,1,1,946290,945785,505
81781441,31.6,36.8,495,42167,0.522,1,1,946321,945826,495
81784361,34.32,35.36,495,42217,0.4324,1,1,946356,945861,495
81787281,34.864,27.072,505,42267,0.33448,1,1,946391,945886,505
81790201,23.7728,28.6144,497,42317,0.314896,1,1,946412,945915,497
81793121,30.3546,31.3229,497,42367,0.230979,1,1,946444,945947,497
81796041,34.8709,33.4646,499,42417,0.102196,1,1,946480,945981,499
81798961,33.3742,41.0929,489,42467,0.0444392,1,1,946513,946024,489
81801881,57.0748,56.2186,492,42517,0.0808878,1,1,946576,946084,492
81804801,24.215,33.6437,480,42567,0.0881776,1,1,946592,946112,480
81807721,27.243,33.1287,475,42617,0.0736355,0.94,1,946620,946145,475
81810641,26.2486,32.2257,469,42667,0.0707271,0.77,1,946646,946177,469
81813561,35.6497,44.0452,460,42716,0.0541454,0.67,1,946684,946224,460
81816481,30.3299,34.409,457,42765,0.0348291,0.57,1,946713,946256,457
81819401,28.466,34.0818,451,42814,0.0309658,0.51,1,946741,946290,451
81822321,24.8932,31.6164,444,42863,0.0301932,0.41,1,946765,946321,444
81825241,30.5786,34.3233,441,42912,0.0300386,0.31,1,946797,946356,441
81828161,29.3157,34.8647,435,42961,0.0300077,0.31,1,946826,946391,435
81831081,20.2631,23.7729,432,43010,0.0940016,0.31,1,946844,946412,432
81834001,25.6526,4.75459,459,43059,0.0748003,0.21,1,946871,946412,459
81836921,29.1305,26.5509,457,43108,0.0389601,0.07,1,946901,946444,457
81839841,32.2261,34.1102,454,43157,0.015792,0.03,1,946934,946480,454
81842761,60.0452,33.222,488,43206,0.0591584,0.09,1,947001,946513,488
81845681,22.409,57.0444,438,43255,0.0998317,0.09,1,947014,946576,438
81848601,27.6818,24.2089,451,43304,0.107966,0.07,1,947043,946592,451
81851521,25.5364,27.2418,448,43353,0.0775933,0.07,1,947068,946620,448
81854441,34.7073,26.2484,459,43402,0.167519,0.05,1,947105,946646,459
81857361,30.1415,35.6497,450,43451,0.137504,0.03,1,947134,946684,450
81860281,28.4283,30.3299,449,43500,0.179501,0.03,1,947162,946713,449
81863201,24.8857,28.466,445,43549,0.0919001,0.03,1,947186,946741,445
81866121,30.5771,24.8932,453,43597,0.07438,0.03,1,947218,946765,453
81869041,30.1154,30.5786,451,43645,0.118876,0.03,1,947248,946797,451
81871961,21.2231,29.3157,441,43693,0.111775,0.11,1,947267,946826,441
81874881,25.0446,20.2631,449,43741,0.174355,0.07,1,947293,946844,449
81877801,29.0089,25.6526,452,43789,0.202871,0.03,1,947323,946871,452
81880721,31.4018,29.1305,454,43837,0.208574,0.01,1,947355,946901,454
81883641,63.0804,32.2261,492,43885,0.0977148,0.07,1,947426,946934,492
81886561,23.8161,60.0452,439,43933,0.107543,0.11,1,947440,947001,439
81889481,27.1632,22.409,454,43981,0.125509,0.11,1,947468,947014,454
81892401,28.6326,27.6818,454,44029,0.0971017,0.07,1,947497,947043,454
81895321,32.9265,25.5364,463,44077,0.12342,0.19,1,947531,947068,463
81898241,32.1853,34.7073,458,44125,0.144684,0.13,1,947563,947105,458
81901161,26.4371,30.1415,454,44173,0.132937,0.19,1,947588,947134,454
81904081,24.4874,28.4283,450,44221,0.130587,0.07,1,947612,947162,450
81907001,30.4975,24.8857,458,44269,0.130117,0.07,1,947644,947186,458
81909921,29.2995,30.5771,455,44317,0.146023,0.13,1,947673,947218,455
81912841,23.4599,30.1154,447,44365,0.165205,0.11,1,947695,947248,447
81915761,27.092,21.2231,456,44413,0.201041,0.19,1,947723,947267,456
81918681,31.0184,25.0446,462,44460,0.240208,0.21,1,947755,947293,462
81921601,7.80368,29.0089,434,44507,0.216042,0.21,1,947757,947323,434
81924521,24.7607,31.4018,431,44554,0.259208,0.07,1,947786,947355,431
81927441,58.5521,63.0804,427,44601,0.283842,0.11,1,947853,947426,427
81930361,22.9104,23.8161,427,44648,0.288768,0.13,1,947867,947440,427
81933281,26.1821,27.1632,426,44695,0.273754,0.09,1,947894,947468,426
81936201,30.0364,28.6326,428,44742,0.254751,0.13,1,947925,947497,428
81939121,33.2073,32.9265,428,44789,0.26695,0.15,1,947959,947531,428
81942041,33.0415,32.1853,429,44836,0.33339,0.13,1,947992,947563,429
81944961,25.8083,26.4371,428,44883,0.330678,0.13,1,948016,947588,428
81947881,24.3617,24.4874,428,44930,0.330136,0.13,1,948040,947612,428
81950801,30.4723,30.4975,428,44977,0.362027,0.15,1,948072,947644,428
81953721,30.0945,29.2995,429,45024,0.368405,0.17,1,948102,947673,429
81956641,25.2189,23.4599,431,45071,0.337681,0.21,1,948126,947695,431
81959561,29.0438,27.092,433,45118,0.299536,0.25,1,948156,947723,433
81962481,32.2088,31.0184,434,45165,0.291907,0.21,1,948189,947755,434
81965401,8.04175,7.80368,434,45212,0.290381,0.27,1,948191,947757,434
81968321,25.6084,24.7607,435,45259,0.290076,0.29,1,948221,947786,435
81971241,59.5217,58.5521,436,45306,0.370015,0.29,1,948289,947853,436
81974161,23.1043,22.9104,436,45353,0.354003,0.27,1,948303,947867,436
81977081,25.4209,26.1821,435,45400,0.366801,0.25,1,948329,947894,435
81980001,29.0842,30.0364,434,45446,0.40136,0.27,1,948359,947925,434
81982921,33.8168,33.2073,435,45492,0.424272,0.35,1,948394,947959,435
81985841,34.7634,33.0415,437,45538,0.460854,0.33,1,948429,947992,437
81988761,26.9527,25.8083,438,45584,0.532171,0.33,1,948454,948016,438
81991681,24.5905,24.3617,438,45630,0.514434,0.37,1,948478,948040,438
81994601,30.5181,30.4723,438,45676,0.526887,0.37,1,948510,948072,438
81997521,30.1036,30.0945,438,45722,0.561377,0.33,1,948540,948102,438
82000441,23.6207,25.2189,436,45768,0.568276,0.29,1,948562,948126,436
82003361,27.9241,29.0438,435,45814,0.553655,0.29,1,948591,948156,435
82006281,31.1848,32.2088,434,45860,0.598731,0.29,1,948623,948189,434
82009201,7.83697,8.04175,434,45906,0.607746,0.29,1,948625,948191,434
82012121,26.3674,25.6084,435,45952,0.593549,0.29,1,948656,948221,435
82015041,62.0735,5.12167,506,45998,0.59071,0.39,1,948727,948221,506
82017961,24.4147,55.4243,453,46044,0.574142,0.35,1,948742,948289,453
82020881,25.6829,22.2849,465,46090,0.586828,0.37,1,948768,948303,465
82023801,29.1366,25.257,469,46136,0.589366,0.41,1,948798,948329,469
82026721,37.0273,29.0514,478,46182,0.605873,0.43,1,948837,948359,478
82029641,36.2055,33.8103,479,46228,0.609175,0.47,1,948873,948394,479
82032561,28.8411,34.7621,471,46274,0.593835,0.55,1,948900,948429,471
82035481,25.7682,26.9524,471,46320,0.622767,0.51,1,948925,948454,471
82038401,30.7536,24.5905,479,46366,0.644553,0.53,1,948957,948478,479
82041321,30.1507,30.5181,477,46411,0.664911,0.57,1,948987,948510,477
82044241,23.6301,30.1036,469,46456,0.668982,0.57,1,949009,948540,469
82047161,28.726,23.6207,477,46501,0.669796,0.55,1,949039,948562,477
82050081,32.1452,27.9241,481,46546,0.701959,0.61,1,949072,948591,481
82053001,8.02904,31.1848,451,46591,0.708392,0.61,1,949074,948623,451
82055921,25.6058,7.83697,479,46636,0.709678,0.59,1,949104,948625,479
82058841,63.5212,26.3674,521,46681,0.757936,0.59,2,949177,948656,521
82061761,23.9042,62.0735,464,46726,0.799587,0.57,2,949191,948727,464
82064681,26.3808,24.4147,476,46771,0.839917,0.59,2,949218,948742,476
82067601,29.2762,25.6829,480,46816,0.895984,0.59,2,949248,948768,480
82070521,37.8552,29.1366,490,46861,0.923197,0.61,2,949288,948798,490
82099721,30,2,486,47311,0.93,0.71,2,949560,949074,486
82272001,28,32,516,49869,0.83,1,2,951347,950831,516
82274921,28,27.2,518,49911,0.718,1,1,951375,950857,518
82277841,26.4,32.64,510,49953,0.7596,0.96,2,951401,950891,510
82280761,30.08,28.128,514,49995,0.65592,1,1,951432,950918,514
82283681,30.816,30.4256,514,50037,0.571184,1,1,951463,950949,514
82286601,30.9632,28.4851,517,50079,0.490237,1,1,951494,950977,517
82289521,34.9926,28.097,525,50121,0.442047,1,1,951530,951005,525
82292441,31.7985,49.6194,501,50163,0.336409,1,1,951561,951060,501
82295361,27.9597,27.5239,506,50205,0.379282,1,1,951588,951082,506
82298281,32.7919,29.5048,510,50247,0.275856,0.98,1,951622,951112,510
82301201,21.7584,29.901,499,50289,0.255171,0.96,1,951641,951142,499
82304121,25.9517,23.5802,504,50331,0.123034,1,1,951668,951164,504
82307041,29.1903,23.116,511,50373,0.144607,1,1,951698,951187,511
82309961,15.4381,31.0232,490,50415,0.164921,1,1,951710,951220,490
82312881,15.0876,31.8046,473,50457,0.184984,0.94,1,951725,951252,473
82315801,24.6175,31.9609,468,50499,0.220997,0.83,1,951752,951284,468
82318721,29.7235,34.3922,464,50541,0.212199,0.83,1,951783,951319,464
82321641,27.5447,29.2784,463,50583,0.22644,0.69,1,951810,951347,463
82324561,26.3089,28.2557,461,50625,0.229288,0.77,1,951836,951375,461
82327481,21.2618,26.4511,455,50667,0.229858,0.63,1,951856,951401,455
82330401,26.6524,30.0902,452,50709,0.229971,0.55,1,951884,951432,452
82333321,26.9305,30.818,448,50751,0.277994,0.47,1,951911,951463,448
82336241,23.7861,30.9636,440,50793,0.223599,0.43,1,951934,951494,440
82339161,32.7572,34.9927,439,50834,0.24472,0.31,1,951969,951530,439
82342081,28.9514,31.7985,436,50875,0.280944,0.39,1,951997,951561,436
82345001,24.9903,27.9597,433,50916,0.304189,0.25,1,952021,951588,433
82347921,32.9981,32.7919,434,50957,0.228838,0.25,1,952056,951622,434
82350841,20.1996,21.7584,432,50998,0.229768,0.09,1,952073,951641,432
82353761,22.4399,25.9517,428,51039,0.245954,0.15,1,952096,951668,428
82356681,30.088,29.1903,430,51080,0.249191,0.17,1,952128,951698,430
82359601,14.8176,15.4381,429,51121,0.249838,0.19,1,952139,951710,429
82362521,17.3635,15.0876,432,51162,0.265968,0.23,1,952157,951725,432
82365441,22.6727,24.6175,429,51203,0.301194,0.21,1,952181,951752,429
82368361,31.7345,29.7235,432,51244,0.308239,0.23,1,952215,951783,432
82371281,28.7469,27.5447,433,51285,0.325648,0.23,1,952243,951810,433
82374201,26.5494,26.3089,433,51326,0.34513,0.23,1,952269,951836,433
82377121,21.3099,21.2618,433,51367,0.365026,0.23,1,952289,951856,433
82380041,25.062,26.6524,431,51408,0.337005,0.29,1,952315,951884,431
82382961,27.4124,26.9305,432,51449,0.347401,0.21,1,952343,951911,432
82385881,23.0825,23.7861,431,51490,0.38148,0.25,1,952365,951934,431
82388801,33.4165,32.7572,432,51531,0.404296,0.29,1,952401,951969,432
82391721,31.4833,28.9514,435,51572,0.456859,0.31,1,952432,951997,435
82394641,23.8967,24.9903,433,51613,0.499372,0.21,1,952454,952021,433
82397561,31.9793,32.9981,432,51654,0.475874,0.23,1,952488,952056,432
82400481,19.1959,20.1996,431,51695,0.503175,0.25,1,952504,952073,431
82403401,23.0392,22.4399,432,51736,0.476635,0.25,1,952528,952096,432
82406321,30.2078,30.088,432,51777,0.519327,0.25,1,952560,952128,432
82409241,16.4416,6.0176,445,51818,0.495865,0.25,1,952573,952128,445
82412161,16.0883,10.0035,450,51859,0.523173,0.27,1,952589,952139,450
82415081,24.0177,16.4007,458,51900,0.528635,0.31,1,952615,952157,458
82418001,32.8035,22.4801,469,51941,0.545727,0.31,1,952650,952181,469
82420921,28.9607,31.696,463,51982,0.549145,0.33,1,952678,952215,463
82423841,27.3921,28.7392,462,52023,0.533829,0.35,1,952705,952243,462
82426761,22.2784,26.5478,457,52063,0.546766,0.37,1,952726,952269,457
82429681,26.0557,21.3096,464,52103,0.533353,0.33,1,952753,952289,464
82432601,27.6111,25.0619,466,52143,0.530671,0.35,1,952781,952315,466
82435521,24.7222,27.4124,462,52183,0.530134,0.39,1,952805,952343,462
82438441,34.5444,23.0825,477,52223,0.562027,0.41,1,952842,952365,477
82441361,34.1089,33.4165,475,52263,0.584405,0.47,1,952876,952401,475
82444281,24.4218,31.4833,466,52303,0.604881,0.51,1,952898,952432,466
82447201,32.0844,23.8967,478,52343,0.608976,0.47,1,952932,952454,478
82450121,19.2169,31.9793,460,52383,0.609795,0.51,1,952948,952488,460
82453041,23.0434,19.1959,468,52423,0.609959,0.47,1,952972,952504,468
82455961,31.8087,23.0392,478,52463,0.609992,0.53,1,953006,952528,478
82458881,17.5617,30.2078,460,52503,0.641998,0.49,1,953020,952560,460
82461801,16.3123,16.4416,463,52543,0.6484,0.53,1,953036,952573,463
82464721,24.8625,16.0883,474,52583,0.69768,0.53,1,953063,952589,474
82467641,32.9725,24.0177,483,52623,0.739536,0.55,1,953098,952615,483
82470561,28.9945,32.8035,476,52663,0.747907,0.55,1,953126,952650,476
82473481,26.5989,28.9607,474,52703,0.749581,0.53,1,953152,952678,474
82476401,22.9198,27.3921,469,52743,0.765916,0.55,2,953174,952705,469
82479321,25.384,22.2784,474,52783,0.801183,0.53,2,953200,952726,474
82482241,27.4768,26.0557,475,52823,0.808237,0.53,2,953228,952753,475
82485161,24.6954,27.6111,471,52863,0.809647,0.53,2,953252,952781,471
82488081,36.9391,24.7222,487,52903,0.825929,0.57,2,953292,952805,487
82491001,35.3878,34.5444,485,52943,0.829186,0.59,2,953327,952842,485
82493921,24.6776,34.1089,473,52983,0.813837,0.61,2,953349,952876,473
82496841,32.1355,24.4218,485,53023,0.810767,0.61,2,953383,952898,485
82499761,19.2271,32.0844,467,53063,0.810153,0.61,2,953399,952932,467
82502681,23.0454,19.2169,475,53103,0.826031,0.61,2,953423,952948,475
82505601,33.4091,23.0434,487,53143,0.829206,0.61,2,953459,952972,487
82508521,17.8818,31.8087,467,53183,0.829841,0.65,2,953473,953006,467
82511441,16.3764,17.5617,469,53223,0.829968,0.65,2,953489,953020,469
82514361,4.87527,16.3123,455,53263,0.829994,0.71,2,953491,953036,455
82517281,24.1751,24.8625,457,53303,0.861999,0.75,2,953520,953063,457
82520201,34.435,32.9725,459,53342,0.9324,0.75,2,953557,953098,459
82523121,29.287,28.9945,459,53381,0.93048,0.75,2,953585,953126,459
82857461,56,39,534,28827,0.63,1,1,957882,957348,534
82860381,36,63,496,28900,0.582,1,1,957913,957417,496
82863301,44.8,36.6,513,28973,0.4604,0.97,1,957960,957447,513
82866221,28.96,34.52,504,29046,0.38808,0.95,1,957985,957481,504
82869141,30.592,28.504,508,29119,0.277616,1,1,958016,957508,508
82872061,94.1184,43.3008,571,29192,0.111523,1,1,958126,957555,571
82874981,46.8237,88.6602,506,29265,0.126305,1,1,958161,957655,506
82877901,72.5647,46.532,549,29337,0.0652609,0.93,1,958240,957691,549
82880821,48.9129,75.7064,509,29409,0.0850522,0.85,1,958283,957774,509
82883741,52.9826,56.7413,511,29481,0.10501,0.63,1,958337,957826,511
82886661,32.1965,56.1483,482,29553,0.125002,0.57,1,958364,957882,482
82889581,36.8393,36.0297,489,29625,0.177,0.43,1,958402,957913,489
82892501,21.7679,44.8059,460,29696,0.1874,0.37,1,958420,957960,460
82895421,28.3536,28.9612,465,29767,0.18948,0.25,1,958450,957985,465
82898341,84.8707,30.5922,533,29838,0.221896,0.07,1,958549,958016,533
82901261,18.5741,94.1184,425,29909,0.228379,0.13,1,958551,958126,425
82904181,33.3148,46.8237,427,29980,0.261676,0.05,1,958588,958161,427
82907101,67.463,72.5647,424,30051,0.284335,0.09,1,958664,958240,424
82910021,50.2926,48.9129,427,30121,0.352867,0.11,1,958710,958283,427
82912941,54.8585,52.9826,429,30191,0.366573,0.13,1,958766,958337,429
82915861,30.1717,32.1965,426,30261,0.353315,0.19,1,958790,958364,426
82918781,40.4343,36.8393,431,30331,0.382663,0.19,1,958833,958402,431
82921701,20.8869,21.7679,429,30401,0.388533,0.19,1,958849,958420,429
82924621,29.7774,28.3536,431,30471,0.405707,0.23,1,958881,958450,431
82927541,89.1555,84.8707,436,30540,0.441141,0.23,1,958985,958549,436
82930461,19.4311,18.5741,436,30609,0.448228,0.27,1,958987,958551,436
82933381,33.4862,33.3148,436,30678,0.497646,0.29,1,959024,958588,436
82936301,68.2972,67.463,437,30747,0.571529,0.37,1,959101,958664,437
82939221,51.2595,50.2926,438,30816,0.602306,0.37,1,959148,958710,438
82942141,55.8519,54.8585,439,30885,0.624461,0.35,1,959205,958766,439
82945061,30.3704,30.1717,439,30954,0.596892,0.39,1,959229,958790,439
82947981,42.0741,40.4343,441,31022,0.607378,0.39,1,959274,958833,441
82950901,22.0148,20.8869,442,31090,0.593476,0.41,1,959291,958849,442
82953821,30.803,29.7774,443,31158,0.590695,0.45,1,959324,958881,443
82956741,90.1606,89.1555,444,31226,0.542139,0.45,1,959429,958985,444
82959661,19.6321,19.4311,444,31294,0.532428,0.45,1,959431,958987,444
82962581,35.1264,3.88622,483,31362,0.578486,0.51,1,959470,958987,483
82965501,70.2253,30.3772,525,31429,0.651697,0.59,1,959549,959024,525
82968421,53.2451,67.6755,497,31496,0.730339,0.61,1,959598,959101,497
82971341,56.249,51.1351,507,31563,0.746068,0.63,1,959655,959148,507
82974261,30.4498,55.827,474,31630,0.749214,0.59,1,959679,959205,474
82977181,41.29,30.3654,494,31697,0.749843,0.61,1,959723,959229,494
82980101,21.858,42.0731,466,31764,0.765969,0.59,2,959740,959274,466
82983021,29.9716,22.0146,481,31831,0.769194,0.59,2,959772,959291,481
82985941,89.1943,30.8029,552,31897,0.801839,0.53,2,959876,959324,552
82988861,19.4389,90.1606,449,31963,0.808368,0.53,2,959878,959429,449
82991781,37.4878,19.6321,489,32029,0.809674,0.59,2,959920,959431,489
82994701,73.8976,35.1264,533,32095,0.809935,0.67,2,960003,959470,533
82997621,55.5795,70.2253,505,32161,0.841987,0.75,2,960054,959549,505
83000541,58.3159,53.2451,515,32227,0.848397,0.75,2,960113,959598,515
83003461,30.8632,56.249,482,32293,0.86568,0.75,2,960137,959655,482
83006381,41.3726,30.4498,502,32359,0.869136,0.75,2,960181,959679,502
83009301,21.0745,41.29,474,32424,0.869827,0.77,2,960197,959723,474
83012221,31.4149,21.858,491,32489,0.901965,0.77,2,960231,959740,491
83280861,39,31,519,38011,0.81,1,2,964068,963549,519
83283781,47.8,35.8,532,38067,0.794,1,2,964118,963586,532
83286701,75.96,65.56,542,38122,0.7268,1,1,964201,963659,542
83289621,36.792,61.912,508,38177,0.68136,1,1,964228,963720,508
83292541,34.5584,45.9824,500,38232,0.656272,1,1,964262,963762,500
83295461,55.7117,29.9965,535,38287,0.651254,0.86,1,964323,963788,535
83298381,28.7423,49.9993,502,38342,0.730251,1,1,964345,963843,502
83301301,34.5485,34.7999,507,38397,0.71405,1,1,964381,963874,507
83304221,31.7097,34.16,504,38452,0.72681,0.97,1,964412,963908,504
83307141,28.7419,32.432,500,38507,0.729362,0.89,1,964440,963940,500
83310061,16.9484,34.4864,479,38562,0.729872,0.91,1,964454,963975,479
83312981,31.3897,18.8973,499,38617,0.713974,0.79,1,964489,963990,499
83315901,7.87794,34.9795,462,38672,0.710795,0.81,1,964491,964029,462
83318821,29.5756,38.1959,458,38727,0.710159,0.79,1,964526,964068,458
83321741,49.1151,47.6392,462,38782,0.806032,0.71,2,964580,964118,462
83324661,76.223,75.9278,462,38836,0.777206,0.67,2,964663,964201,462
83327581,32.8446,36.7856,457,38890,0.835441,0.65,2,964685,964228,457
83330501,31.3689,34.5571,454,38944,0.863088,0.65,2,964716,964262,454
83333421,56.6738,55.7114,456,38998,0.916618,0.75,2,964779,964323,456
83336341,29.7348,28.7423,457,39052,0.911324,0.71,2,964802,964345,457
83339261,34.747,34.5485,457,39106,0.926265,0.73,2,964838,964381,457
83680901,29,16,509,44981,0.67,1,1,968884,968375,509
83683821,37,33.6,510,45028,0.606,1,1,968923,968413,510
83686741,29.8,38.72,498,45075,0.5132,1,1,968951,968453,498
83689661,19.56,31.744,485,45122,0.43064,1,1,968968,968483,485
83692581,36.712,34.3488,491,45169,0.350128,1,1,969009,968518,491
83695501,34.5424,31.6698,494,45216,0.302026,1,1,969043,968549,494
83698421,25.3085,33.534,483,45263,0.324405,0.96,1,969066,968583,483
83701341,29.0617,32.3068,481,45310,0.232881,1,1,969096,968615,481
83704261,36.2123,33.6614,485,45357,0.134576,1,1,969134,968649,485
83707181,30.4425,37.9323,475,45403,0.162915,0.93,1,969163,968688,475
83710101,32.4885,37.9865,470,45449,0.120583,1,1,969196,968726,470
83713021,34.4977,35.5973,470,45495,0.144117,1,1,969231,968761,470
83715941,33.2995,37.5195,465,45541,0.116823,0.92,1,969264,968799,465
83718861,27.4599,32.3039,460,45587,0.0953647,0.71,1,969290,968830,460
83721781,22.292,26.4608,456,45633,0.0750729,0.67,1,969311,968855,456
83724701,24.4584,28.4922,452,45679,0.0710146,0.59,1,969336,968884,452
83727621,31.2917,36.8984,446,45725,0.0542029,0.49,1,969369,968923,446
83730541,27.8583,29.7797,445,45771,0.0988406,0.41,1,969396,968951,445
83733461,16.7717,19.5559,442,45817,0.139768,0.33,1,969410,968968,442
83736381,31.3543,36.7112,436,45863,0.0999536,0.29,1,969445,969009,436
83739301,30.2709,34.5422,432,45909,0.0919907,0.29,1,969475,969043,432
83742221,22.8542,6.90845,453,45955,0.106398,0.33,1,969496,969043,453
83745141,26.9708,19.7817,458,46001,0.10928,0.21,1,969524,969066,458
83748061,34.1942,27.9563,464,46047,0.109856,0.11,1,969560,969096,464
83750981,31.6388,35.9913,457,46093,0.157971,0.17,1,969591,969134,457
83753901,29.5278,30.3983,457,46139,0.167594,0.11,1,969620,969163,457
83756821,35.5056,32.4796,461,46185,0.217519,0.15,1,969657,969196,461
83759741,32.7011,34.4959,458,46231,0.211504,0.11,1,969689,969231,458
83762661,27.3402,33.2992,451,46277,0.274301,0.09,1,969715,969264,451
83765581,19.868,27.4598,443,46323,0.28686,0.07,1,969733,969290,443
83768501,27.1736,22.292,451,46369,0.289372,0.07,1,969762,969311,451
83771421,31.0347,24.4584,458,46414,0.305874,0.05,1,969794,969336,458
83774341,28.6069,31.2917,453,46459,0.325175,0.11,1,969822,969369,453
83777261,15.3214,27.8583,438,46504,0.329035,0.15,1,969834,969396,438
83780181,30.2643,16.7717,458,46549,0.329807,0.09,1,969868,969410,458
83783101,30.8529,31.3543,454,46594,0.329961,0.09,1,969899,969445,454
83786021,24.5706,30.2709,447,46639,0.393992,0.11,1,969922,969475,447
83788941,27.3141,22.8542,454,46684,0.406798,0.11,1,969950,969496,454
83791861,34.2628,26.9708,462,46729,0.44136,0.11,1,969986,969524,462
83794781,34.8526,34.1942,461,46774,0.496272,0.17,1,970021,969560,461
83797701,30.1705,31.6388,459,46819,0.475254,0.17,1,970050,969591,459
83800621,37.2341,29.5278,469,46864,0.471051,0.23,1,970089,969620,469
83803541,35.4468,35.5056,467,46909,0.45421,0.21,1,970124,969657,467
83806461,27.8894,32.7011,461,46954,0.450842,0.29,1,970150,969689,461
83809381,19.9779,27.3402,453,46999,0.450168,0.29,1,970168,969715,453
83812301,27.9956,19.868,465,47044,0.450034,0.29,1,970198,969733,465
83815221,31.1991,27.1736,468,47089,0.450007,0.31,1,970230,969762,468
83818141,29.4398,31.0347,465,47134,0.466001,0.33,1,970259,969794,465
83821061,15.488,28.6069,449,47179,0.4692,0.33,1,970271,969822,449
83823981,31.0976,15.3214,472,47224,0.48584,0.33,1,970306,969834,472
83826901,31.8195,30.2643,470,47269,0.505168,0.33,1,970338,969868,470
83829821,26.3639,30.8529,464,47314,0.493034,0.41,1,970363,969899,464
83832741,27.6728,24.5706,469,47359,0.506607,0.41,1,970391,969922,469
83835661,7.13456,27.3141,443,47404,0.509321,0.45,1,970393,969950,443
83838581,31.0269,34.2628,444,47448,0.493864,0.51,1,970430,969986,444
83841501,35.0054,34.8526,445,47492,0.490773,0.47,1,970466,970021,445
83844421,31.0011,30.1705,446,47536,0.506155,0.47,1,970496,970050,446
83847341,36.6002,37.2341,445,47580,0.573231,0.45,1,970534,970089,445
83850261,34.52,35.4468,444,47624,0.554646,0.45,1,970568,970124,444
83853181,27.704,27.8894,444,47668,0.630929,0.45,1,970594,970150,444
83856101,19.9408,19.9779,444,47712,0.646186,0.45,1,970612,970168,444
83859021,27.9882,27.9956,444,47756,0.681237,0.45,1,970642,970198,444
83861941,31.1976,31.1991,444,47800,0.704247,0.47,1,970674,970230,444
83864861,30.2395,29.4398,445,47844,0.740849,0.47,1,970704,970259,445
83867781,15.6479,15.488,445,47888,0.71617,0.49,1,970716,970271,445
83870701,31.9296,31.0976,446,47932,0.711234,0.51,1,970752,970306,446
83873621,32.7859,31.8195,447,47976,0.726247,0.49,1,970785,970338,447
83876541,25.7572,26.3639,446,48020,0.761249,0.51,2,970809,970363,446
83879461,28.3514,27.6728,447,48064,0.75225,0.51,2,970838,970391,447
83882381,7.27029,7.13456,447,48108,0.76645,0.49,2,970840,970393,447
83885301,30.2541,31.0269,446,48152,0.75329,0.49,2,970876,970430,446
83888221,34.8508,35.0054,446,48196,0.766658,0.51,2,970912,970466,446
83891141,31.7702,31.0011,447,48240,0.801332,0.59,2,970943,970496,447
83894061,38.354,36.6002,449,48284,0.776266,0.55,2,970983,970534,449
83896981,36.4708,34.52,451,48328,0.787253,0.65,2,971019,970568,451
83899901,28.8942,27.704,452,48372,0.869451,0.65,2,971046,970594,452
83902821,20.9788,19.9408,453,48416,0.86989,0.69,2,971065,970612,453
83905741,28.9958,27.9882,454,48460,0.885978,0.71,2,971096,970642,454
83908661,32.9992,31.1976,456,48503,0.857196,0.75,2,971130,970674,456
83911581,31.3998,30.2395,457,48546,0.867439,0.71,2,971161,970704,457
83914501,15.88,15.6479,457,48589,0.869488,0.71,2,971173,970716,457
83917421,31.976,31.9296,457,48632,0.837898,0.73,2,971209,970752,457
83920341,33.5952,32.7859,458,48675,0.87958,0.77,2,971243,970785,458
83923261,25.919,25.7572,458,48718,0.855916,0.75,2,971267,970809,458
83926181,29.1838,28.3514,459,48761,0.883183,0.77,2,971297,970838,459
83929101,7.43676,7.27029,459,48804,0.888637,0.75,2,971299,970840,459
83932021,30.2874,30.2541,459,48847,0.889727,0.75,2,971335,970876,459
83934941,34.8575,6.05081,495,48890,0.857946,0.77,2,971371,970876,495
83937861,31.7715,30.0102,490,48933,0.883589,0.81,2,971402,970912,490
83940781,36.7543,30.802,497,48976,0.888718,0.77,2,971440,970943,497
83943701,40.1509,38.1604,498,49019,0.921744,0.79,2,971481,970983,498
83946621,30.4302,36.4321,490,49062,0.944349,0.89,2,971509,971019,490
84172921,35,15,475,24178,0.01,0.47,1,973872,973397,475
84175841,65.4,48.6,491,24266,0.01,0.31,1,973945,973454,491
84178761,64.28,83.32,463,24353,0.026,0.13,1,974009,973546,463
84181681,64.056,67.864,463,24440,0.0612,0.03,1,974073,973610,463
84184601,30.4112,54.3728,434,24527,0.02024,0.01,1,974095,973661,434
84187521,22.0822,29.2746,431,24613,0.044048,0.05,1,974115,973684,431
84190441,70.8164,53.8549,454,24699,0.0648096,0.01,1,974198,973744,454
84193361,62.1633,65.171,446,24785,0.0689619,0.01,1,974258,973812,446
84196281,41.2327,61.0342,422,24871,0.0857924,0.01,1,974294,973872,422
84199201,69.0465,70.6068,425,24956,0.0731585,0.03,1,974370,973945,425
84202121,64.2093,65.3214,424,25041,0.0706317,0.07,1,974433,974009,424
84205041,62.4419,64.2643,422,25126,0.118126,0.01,1,974495,974073,422
84207961,31.6884,30.4529,424,25210,0.111625,0.05,1,974519,974095,424
84210881,22.3377,22.0906,424,25294,0.0783251,0.07,1,974539,974115,424
84213801,71.6675,70.8181,425,25378,0.039665,0.07,1,974623,974198,425
84216721,62.3335,62.1636,425,25461,0.063933,0.07,1,974683,974258,425
84219641,39.6667,12.4327,459,25544,0.0367866,0.09,1,974717,974258,459
84222561,67.1333,31.2865,497,25627,0.0473573,0.07,1,974791,974294,497
84225481,67.8267,67.0573,489,25710,0.0494715,0.07,1,974859,974370,489
84228401,62.3653,63.8115,487,25792,0.0498943,0.13,1,974920,974433,487
84231321,30.8731,62.3623,448,25874,0.0659789,0.11,1,974943,974495,448
84234241,20.5746,31.6725,442,25956,0.0851958,0.07,1,974961,974519,442
84237161,70.5149,22.3345,505,26038,0.0570392,0.03,1,975044,974539,505
84240081,62.903,71.6669,482,26119,0.0514078,0.07,1,975105,974623,482
84243001,39.7806,62.3334,456,26200,0.0822816,0.03,1,975139,974683,456
84245921,66.3561,39.6667,495,26281,0.0884563,0.05,1,975212,974717,495
84248841,69.2712,67.1333,491,26362,0.0576913,0.05,1,975282,974791,491
84251761,62.6542,67.8267,484,26442,0.0675383,0.05,1,975343,974859,484
84254681,32.5308,62.3653,448,26522,0.133508,0.07,1,975368,974920,448
84257601,20.9062,30.8731,443,26602,0.162702,0.09,1,975386,974943,443
84260521,68.9812,20.5746,506,26682,0.15254,0.05,1,975467,974961,506
84263441,62.5962,70.5149,484,26761,0.150508,0.05,1,975528,975044,484
84266361,41.3192,62.903,459,26840,0.166102,0.09,1,975564,975105,459
84269281,9.86385,39.7806,427,26919,0.16922,0.09,1,975566,975139,427
84272201,59.5728,66.3561,426,26998,0.185844,0.05,1,975638,975212,426
84275121,66.3146,69.2712,424,27076,0.237169,0.07,1,975706,975282,424
84278041,62.8629,62.6542,425,27154,0.263434,0.15,1,975768,975343,425
84280961,35.7726,32.5308,429,27232,0.284687,0.17,1,975797,975368,429
84283881,22.3545,20.9062,430,27310,0.272937,0.15,1,975816,975386,430
84286801,66.8709,68.9812,427,27388,0.302587,0.15,1,975894,975467,427
84289721,63.7742,62.5962,429,27465,0.292517,0.17,1,975957,975528,429
84292641,42.3548,41.3192,430,27542,0.338503,0.17,1,975994,975564,430
84295561,10.071,9.86385,430,27619,0.347701,0.19,1,975996,975566,430
84298481,60.4142,59.5728,431,27696,0.39754,0.25,1,976069,975638,431
84301401,68.8828,66.3146,434,27772,0.407508,0.27,1,976140,975706,434
84304321,64.1766,62.8629,435,27848,0.457502,0.29,1,976203,975768,435
84307241,35.2353,35.7726,434,27924,0.4515,0.27,1,976231,975797,434
84310161,21.4471,22.3545,433,28000,0.4823,0.31,1,976249,975816,433
84313081,69.8894,66.8709,437,28076,0.55246,0.29,1,976331,975894,437
84316001,63.5779,63.7742,436,28151,0.582492,0.35,1,976393,975957,436
84318921,43.1156,42.3548,437,28226,0.556498,0.35,1,976431,975994,437
84321841,10.2231,10.071,437,28301,0.5513,0.41,1,976433,975996,437
84324761,62.8446,60.4142,440,28376,0.61426,0.41,1,976509,976069,440
84327681,70.1689,12.0828,512,28451,0.610852,0.41,1,976581,976069,512
84330601,65.2338,59.2166,505,28525,0.59417,0.47,1,976645,976140,505
84333521,36.2468,62.2433,471,28599,0.574834,0.45,1,976674,976203,471
84336441,21.6494,34.8487,461,28673,0.570967,0.49,1,976692,976231,461
84339361,73.1299,21.3697,529,28747,0.602193,0.57,1,976778,976249,529
84342281,65.026,69.8739,510,28821,0.640439,0.59,1,976841,976331,510
84345201,43.4052,63.5748,486,28894,0.648088,0.55,1,976879,976393,486
84348121,10.281,43.115,450,28967,0.649618,0.55,1,976881,976431,450
84351041,65.2562,10.223,527,29040,0.665924,0.63,1,976960,976433,527
84353961,70.6512,62.8446,523,29113,0.717185,0.61,1,977032,976509,523
84356881,64.5302,70.1689,514,29186,0.727437,0.59,1,977095,976581,514
84359801,35.306,65.2338,478,29259,0.761487,0.57,2,977123,976645,478
84362721,21.4612,36.2468,467,29331,0.768297,0.57,2,977141,976674,467
84365641,74.6922,21.6494,537,29403,0.81766,0.61,2,977229,976692,537
84368561,66.9384,73.1299,516,29475,0.859532,0.65,2,977294,976778,516
84371481,43.7877,65.026,491,29547,0.899906,0.65,2,977332,976841,491
84374401,10.3575,43.4052,455,29619,0.907981,0.65,2,977334,976879,455
84377321,67.6715,10.281,535,29690,0.909596,0.67,2,977416,976881,535
84505801,34,32,507,32678,0.71,1,1,979520,979013,507
84508721,18.8,32,490,32743,0.758,1,2,979535,979045,490
84511641,12.56,20.8,483,32808,0.7516,1,2,979546,979063,483
84514561,33.712,39.36,478,32872,0.71832,1,1,979585,979107,478
84517481,59.5424,67.072,470,32936,0.631664,1,1,979651,979181,470
84520401,55.9085,46.2144,484,33000,0.582333,1,1,979706,979222,484
84523321,33.5817,38.0429,476,33064,0.524467,1,1,979734,979258,476
84526241,45.9163,50.0086,472,33128,0.512893,1,1,979783,979311,472
84529161,61.9833,64.4017,470,33192,0.542579,0.83,1,979849,979379,470
84532081,56.3967,64.8803,460,33256,0.532516,0.81,1,979904,979444,460
84535001,46.4793,46.5761,462,33320,0.546503,0.71,1,979948,979486,462
84537921,34.0959,36.5152,459,33383,0.597301,0.77,1,979979,979520,459
84540841,18.0192,19.303,458,33446,0.62346,0.75,1,979993,979535,458
84543761,11.6038,12.6606,457,33509,0.564692,0.71,1,980003,979546,457
84546681,32.7208,33.7321,456,33572,0.632938,0.61,1,980041,979585,456
84549601,54.5442,59.5464,450,33635,0.678588,0.57,1,980101,979651,450
84552521,50.9088,55.9093,445,33698,0.687717,0.51,1,980151,979706,445
84555441,32.5818,33.5819,445,33761,0.657543,0.51,1,980179,979734,445
84558361,47.3164,45.9164,447,33824,0.635509,0.55,1,980230,979783,447
84561281,63.8633,61.9833,449,33887,0.663102,0.53,1,980298,979849,449
84564201,56.7727,56.3967,449,33949,0.68462,0.55,1,980353,979904,449
84567121,46.5545,46.4793,449,34011,0.688924,0.61,1,980397,979948,449
84570041,34.9109,34.0959,450,34073,0.657785,0.63,1,980429,979979,450
84572961,17.3822,18.0192,449,34135,0.667557,0.55,1,980442,979993,449
84575881,13.0764,11.6038,451,34197,0.669511,0.65,1,980454,980003,451
84578801,33.8153,32.7208,452,34259,0.765902,0.65,2,980493,980041,452
84581721,55.5631,6.54415,513,34321,0.73718,0.69,1,980554,980041,513
84584641,51.1126,49.3088,503,34383,0.731436,0.69,1,980604,980101,503
84587561,31.0225,49.8618,479,34444,0.730287,0.65,1,980630,980151,479
84590481,48.6045,32.3724,504,34505,0.762057,0.63,2,980683,980179,504
84593401,64.9209,47.2745,522,34566,0.752411,0.67,2,980752,980230,522
84596321,56.1842,63.8549,508,34627,0.766482,0.69,2,980806,980298,508
84599241,48.0368,56.771,499,34688,0.801296,0.69,2,980852,980353,499
84602161,33.6074,46.5542,485,34749,0.808259,0.65,2,980882,980397,485
84605081,17.9215,34.9108,467,34810,0.809652,0.67,2,980896,980429,467
84608001,13.1843,17.3822,466,34871,0.80993,0.67,2,980908,980442,466
84610921,37.0369,13.0764,497,34932,0.841986,0.79,2,980951,980454,497
84613841,55.4074,33.8153,518,34993,0.896397,0.73,2,981011,980493,518
84765681,30,31,517,38006,0.87,1,2,983098,982581,517
84768601,81.2,46.2,561,38062,0.774,1,2,983192,982631,561
84771521,46.64,71.64,521,38118,0.7068,1,1,983230,982709,521
84774441,36.528,42.328,520,38173,0.66136,1,1,983264,982744,520
84777361,35.3056,35.6656,521,38228,0.604272,0.94,1,983299,982778,521
84780281,27.0611,36.7331,509,38283,0.560854,1,1,983324,982815,509
84783201,33.4122,32.1466,513,38338,0.536171,1,1,983359,982846,513
84786121,33.0824,34.4293,511,38393,0.467234,1,1,983392,982881,511
84789041,39.4165,34.0859,518,38448,0.549447,0.9,1,983433,982915,518
84791961,35.0833,43.6172,506,38503,0.517889,0.97,1,983467,982961,506
84794881,36.6167,37.5234,507,38558,0.479578,0.94,1,983504,982997,507
84797801,28.9233,37.1047,497,38613,0.455916,0.82,1,983531,983034,497
84800721,7.38467,34.6209,465,38668,0.419183,0.87,1,983533,983068,465
84803641,26.2769,30.9242,466,38723,0.459837,0.75,1,983564,983098,466
84806561,72.4554,81.3848,456,38778,0.515967,0.69,1,983648,983192,456
84809481,42.4911,46.677,453,38832,0.559193,0.65,1,983683,983230,453
84812401,34.0982,36.5354,451,38886,0.567839,0.59,1,983715,983264,451
84815321,33.2196,35.3071,449,38940,0.585568,0.55,1,983748,983299,449
84818241,27.4439,27.0614,450,38994,0.621114,0.53,1,983774,983324,450
84821161,33.4888,33.4123,450,39048,0.692223,0.45,1,983809,983359,450
84824081,31.4978,33.0825,448,39102,0.722445,0.57,1,983840,983392,448
84827001,40.6996,39.4165,450,39156,0.680489,0.51,1,983883,983433,450
84829921,32.9399,35.0833,447,39210,0.656098,0.47,1,983914,983467,447
84832841,36.188,36.6167,447,39264,0.68322,0.45,1,983951,983504,447
84835761,24.8376,28.9233,442,39318,0.720644,0.41,1,983973,983531,442
84838681,6.56752,7.38467,442,39372,0.728129,0.47,1,983975,983533,442
84841601,29.3135,26.2769,446,39426,0.745626,0.53,1,984010,983564,446
84844521,73.0627,72.4554,446,39480,0.765125,0.57,2,984094,983648,446
84847441,44.2125,42.4911,448,39533,0.785025,0.57,2,984131,983683,448
84850361,34.4425,34.0982,448,39586,0.789005,0.59,2,984163,983715,448
84853281,35.6885,33.2196,451,39639,0.725801,0.63,1,984199,983748,451
84856201,29.5377,27.4439,453,39692,0.71316,0.71,1,984227,983774,453
84859121,37.1075,33.4888,457,39745,0.742632,0.73,1,984266,983809,457
84862041,33.0215,31.4978,458,39798,0.748526,0.67,1,984298,983840,458
84864961,38.6043,40.6996,455,39851,0.717705,0.65,1,984338,983883,455
84867881,32.5209,32.9399,455,39904,0.743541,0.69,1,984369,983914,455
84870801,36.9042,36.188,456,39957,0.764708,0.73,2,984407,983951,456
84873721,25.7808,24.8376,457,40010,0.768942,0.73,2,984430,983973,457
84876641,6.75617,6.56752,457,40063,0.769788,0.73,2,984432,983975,457
84879561,28.5512,1.3135,491,40116,0.769958,0.75,2,984466,983975,491
84882481,75.3102,28.2627,543,40169,0.769992,0.77,2,984553,984010,543
84885401,43.862,72.8525,495,40222,0.769998,0.79,2,984589,984094,495
84888321,34.3724,44.1705,490,40274,0.786,0.79,2,984621,984131,490
84891241,34.0745,34.4341,492,40326,0.8052,0.71,2,984655,984163,492
84894161,29.2149,35.6868,484,40378,0.80904,0.71,2,984683,984199,484
84897081,37.043,29.5374,495,40430,0.825808,0.75,2,984722,984227,495
84900001,33.0086,37.1075,488,40482,0.877162,0.75,2,984754,984266,488
84902921,38.6017,33.0215,496,40534,0.919432,0.71,2,984794,984298,496
85048921,13,0,525,43060,0.81,1,2,986533,986008,525
85051841,25,32.8,512,43109,0.858,1,2,986561,986049,512
85054761,31.4,30.56,515,43158,0.7556,1,2,986594,986079,515
85057681,31.88,30.912,516,43207,0.67112,1,1,986626,986110,516
85060601,38.376,40.5824,513,43256,0.558224,1,1,986666,986153,513
85063521,30.8752,34.5165,509,43305,0.455645,1,1,986695,986186,509
85066441,34.175,38.1033,505,43354,0.371129,1,1,986730,986225,505
85069361,45.235,35.6207,518,43403,0.274226,1,1,986778,986260,518
85072281,32.247,42.3241,503,43452,0.270845,1,1,986807,986304,503
85075201,37.6494,36.4648,507,43501,0.302169,1,1,986846,986339,507
85078121,29.1299,36.893,497,43550,0.292434,1,1,986873,986376,497
85081041,39.426,29.7786,511,43598,0.178487,0.84,1,986915,986404,511
85083961,35.8852,43.5557,499,43646,0.139697,0.85,1,986950,986451,499
85086881,30.377,37.5111,492,43694,0.115939,0.83,1,986979,986487,492
85089801,14.0754,33.9022,469,43742,0.111188,0.81,1,986989,986520,469
85092721,24.4151,17.1804,483,43790,0.126238,0.87,1,987016,986533,483
85095641,29.683,25.8361,486,43838,0.129248,0.73,1,987047,986561,486
85098561,26.7366,31.5672,479,43886,0.11385,0.65,1,987073,986594,479
85101481,36.5473,31.9134,486,43934,0.14277,0.53,1,987112,986626,486
85104401,28.1095,38.3827,472,43982,0.180554,0.43,1,987138,986666,472
85107321,32.8219,30.8765,477,44030,0.156111,0.35,1,987172,986695,477
85110241,36.9644,34.1753,480,44078,0.167222,0.25,1,987210,986730,480
85113161,33.7929,45.2351,465,44126,0.153444,0.27,1,987243,986778,465
85116081,36.3586,32.247,473,44174,0.166689,0.31,1,987280,986807,473
85119001,28.8717,37.6494,461,44222,0.217338,0.29,1,987307,986846,461
85121921,35.3743,29.1299,471,44270,0.211468,0.15,1,987344,986873,471
85124841,33.4749,39.426,462,44318,0.258294,0.13,1,987377,986915,462
85127761,29.095,35.8852,455,44366,0.251659,0.11,1,987405,986950,455
85130681,13.819,30.377,436,44414,0.266332,0.11,1,987415,986979,436
85133601,24.3638,14.0754,453,44461,0.269266,0.13,1,987442,986989,453
85136521,6.47276,24.4151,428,44508,0.269853,0.13,1,987444,987016,428
85139441,23.6946,29.683,425,44555,0.301971,0.11,1,987472,987047,425
85142361,27.1389,26.7366,427,44602,0.324394,0.15,1,987500,987073,427
85145281,38.2278,36.5473,429,44649,0.312879,0.19,1,987541,987112,429
85148201,28.4456,28.1095,429,44696,0.326576,0.15,1,987567,987138,429
85151121,32.8891,32.8219,429,44743,0.361315,0.17,1,987601,987172,429
85154041,37.7778,36.9644,430,44790,0.400263,0.15,1,987640,987210,430
85156961,36.3556,33.7929,433,44837,0.392053,0.17,1,987676,987243,433
85159881,36.0711,36.3586,432,44884,0.470411,0.23,1,987712,987280,432
85162801,29.6142,28.8717,433,44931,0.502082,0.21,1,987740,987307,433
85165721,36.3228,35.3743,434,44978,0.492416,0.27,1,987778,987344,434
85168641,35.2646,33.4749,436,45025,0.506483,0.25,1,987813,987377,436
85171561,28.6529,29.095,435,45072,0.525297,0.27,1,987840,987405,435
85174481,14.5306,13.819,436,45119,0.513059,0.27,1,987851,987415,436
85177401,25.3061,24.3638,437,45166,0.494612,0.27,1,987879,987442,437
85180321,6.66122,6.47276,437,45213,0.490922,0.31,1,987881,987444,437
85183241,24.5322,23.6946,438,45260,0.522184,0.33,1,987910,987472,438
85186161,27.3064,27.1389,438,45307,0.496437,0.31,1,987938,987500,438
85189081,38.2613,38.2278,438,45354,0.507287,0.33,1,987979,987541,438
85192001,28.4523,28.4456,438,45400,0.477457,0.37,1,988005,987567,438
85194921,33.6905,32.8891,439,45446,0.503491,0.41,1,988040,987601,439
85197841,38.7381,37.7778,440,45492,0.524698,0.39,1,988080,987640,440
85200761,38.1476,36.3556,442,45538,0.49694,0.49,1,988118,987676,442
85203681,40.4295,36.0711,447,45584,0.475388,0.51,1,988159,987712,447
85206601,30.4859,29.6142,447,45630,0.503078,0.49,1,988187,987740,447
85209521,35.6972,36.3228,446,45676,0.492616,0.51,1,988224,987778,446
85212441,35.9394,35.2646,447,45722,0.522523,0.53,1,988260,987813,447
85215361,27.9879,28.6529,446,45768,0.528505,0.51,1,988286,987840,446
85218281,13.5976,14.5306,445,45814,0.497701,0.49,1,988296,987851,445
85221201,25.9195,25.3061,446,45860,0.53954,0.49,1,988325,987879,446
85224121,6.7839,6.66122,446,45906,0.547908,0.49,1,988327,987881,446
85227041,23.7568,1.33224,474,45952,0.517582,0.53,1,988355,987881,474
85229961,27.1514,23.4664,473,45998,0.527516,0.49,1,988383,987910,473
85232881,37.4303,27.0933,485,46044,0.561503,0.51,1,988423,987938,485
85235801,28.2861,38.2187,470,46090,0.568301,0.47,1,988449,987979,470
85238721,33.6572,28.4437,479,46136,0.60166,0.51,1,988484,988005,479
85241641,39.5314,33.6887,485,46182,0.592332,0.53,1,988525,988040,485
85244561,36.7063,38.7377,481,46228,0.606466,0.49,1,988561,988080,481
85247481,40.9413,38.1475,485,46274,0.625293,0.47,1,988603,988118,485
85250401,30.5883,40.4295,472,46320,0.645059,0.51,1,988631,988159,472
85253321,34.9177,30.4859,480,46366,0.697012,0.49,1,988667,988187,480
85256241,37.3835,35.6972,481,46411,0.787402,0.53,2,988705,988224,481
85259161,28.2767,35.9394,471,46456,0.821481,0.53,2,988731,988260,471
85262081,13.6553,27.9879,455,46501,0.828296,0.49,2,988741,988286,455
85265001,26.7311,13.5976,475,46546,0.829659,0.55,2,988771,988296,475
85267921,6.94621,25.9195,448,46591,0.829932,0.55,2,988773,988325,448
85270841,23.7892,6.7839,474,46636,0.845986,0.51,2,988801,988327,474
85273761,27.9578,23.7568,475,46681,0.865197,0.53,2,988830,988355,475
85276681,39.1916,27.1514,489,46726,0.88504,0.57,2,988872,988383,489
85279601,28.6383,37.4303,475,46771,0.889008,0.57,2,988898,988423,475
85282521,35.3277,28.2861,486,46816,0.905802,0.61,2,988935,988449,486
85285441,39.8655,33.6572,492,46861,0.90916,0.59,2,988976,988484,492
85465021,93,45,505,22724,0.59,1,1,990983,990478,505
85467941,87.4,63.4,523,22817,0.59,1,1,991069,990546,523
85470861,81.48,92.68,503,22910,0.654,1,1,991149,990646,503
85473781,75.496,69.736,513,23003,0.6988,0.84,1,991223,990710,513
85476701,39.0992,65.9472,478,23095,0.70776,0.87,1,991253,990775,478
85479621,20.6198,33.1894,469,23187,0.709552,0.75,1,991269,990800,469
85482541,36.924,32.2379,478,23278,0.69391,0.75,1,991310,990832,478
85485461,103.385,52.8476,540,23369,0.786782,0.59,2,991430,990890,540
85488381,93.477,84.9695,538,23460,0.821356,0.59,2,991521,990983,538
85491301,84.2954,85.7939,534,23550,0.892271,0.67,2,991603,991069,534
85494221,77.6591,81.1588,530,23640,0.922454,0.71,2,991679,991149,530
85593501,32,33,506,26518,0.83,1,2,993620,993114,506
85596421,36.8,26.6,519,26598,0.766,1,2,993658,993139,519
85599341,36.16,35.72,517,26678,0.6412,1,1,993694,993177,517
85602261,71.232,24.744,575,26757,0.45624,1,1,993774,993199,575
85605181,99.0464,88.9488,576,26836,0.275248,1,1,993880,993304,576
85608101,73.4093,97.7898,543,26915,0.12705,0.96,1,993947,993404,543
85611021,17.0819,76.3579,475,26994,0.0654099,0.89,1,993950,993475,475
85613941,57.8164,78.4716,464,27072,0.069082,0.85,1,994018,993554,464
85616861,36.3633,42.8943,461,27150,0.0378164,0.83,1,994049,993588,461
85619781,33.6727,34.1789,462,27228,0.0155633,0.75,1,994082,993620,462
85622701,34.7345,37.2358,459,27306,0.0271127,0.61,1,994117,993658,459
85625621,29.3469,36.2472,451,27384,0.0294225,0.41,1,994145,993694,451
85628541,61.0694,71.2494,440,27461,0.0938845,0.23,1,994214,993774,440
85631461,89.0139,99.0499,430,27538,0.122777,0.09,1,994310,993880,430
85634381,65.8028,73.41,423,27615,0.192555,0.05,1,994370,993947,423
85637301,14.7606,17.082,422,27692,0.206511,0.07,1,994372,993950,422
85640221,57.3521,57.8164,422,27768,0.225302,0.03,1,994440,994018,422
85643141,37.8704,36.3633,424,27844,0.22906,0.01,1,994473,994049,424
85646061,32.3741,33.6727,422,27920,0.213812,0.03,1,994504,994082,422
85648981,36.0748,34.7345,424,27996,0.162762,0.03,1,994541,994117,424
85651901,28.015,29.3469,422,28072,0.168552,0.11,1,994567,994145,422
85654821,64.803,61.0694,427,28147,0.265711,0.13,1,994641,994214,427
85657741,88.9606,89.0139,426,28222,0.317142,0.21,1,994736,994310,426
85660661,68.9921,65.8028,430,28297,0.327428,0.21,1,994800,994370,430
85663581,15.3984,14.7606,430,28372,0.329486,0.21,1,994802,994372,430
85666501,57.4797,2.95211,498,28447,0.345897,0.23,1,994870,994372,498
85669421,37.8959,54.9904,463,28521,0.381179,0.23,1,994903,994440,463
85672341,31.5792,37.3981,460,28595,0.388236,0.21,1,994933,994473,460
85675261,35.1158,32.2796,465,28669,0.405647,0.15,1,994969,994504,465
85678181,27.8232,36.0559,454,28743,0.441129,0.17,1,994995,994541,454
85681101,71.1646,28.0112,510,28817,0.512226,0.29,1,995077,994567,510
85684021,91.0329,64.8022,532,28890,0.510445,0.33,1,995173,994641,532
85686941,69.4066,88.9604,501,28963,0.510089,0.33,1,995237,994736,501
85689861,15.4813,68.9921,439,29036,0.510018,0.33,1,995239,994800,439
85692781,59.0963,15.3984,507,29109,0.558004,0.35,1,995309,994802,507
85695701,39.0193,57.4797,473,29182,0.583601,0.39,1,995343,994870,473
85698621,32.6039,37.8959,471,29255,0.60472,0.39,1,995374,994903,471
85701541,35.3208,31.5792,477,29327,0.624944,0.41,1,995410,994933,477
85704461,27.8642,35.1158,467,29399,0.628989,0.45,1,995436,994969,467
85707381,74.3728,27.8232,527,29471,0.709798,0.53,1,995522,994995,527
85710301,92.4746,71.1646,542,29543,0.74196,0.51,1,995619,995077,542
85713221,70.4949,91.0329,511,29615,0.764392,0.51,2,995684,995173,511
85716141,15.699,69.4066,449,29686,0.768878,0.51,2,995686,995237,449
85719061,60.7398,15.4813,519,29757,0.705776,0.57,1,995758,995239,519
85721981,40.948,59.0963,485,29828,0.693155,0.59,1,995794,995309,485
85724901,9.78959,39.0193,453,29899,0.690631,0.61,1,995796,995343,453
85727821,25.9579,32.6039,452,29970,0.722126,0.63,1,995826,995374,452
85730741,34.7916,35.3208,453,30041,0.728425,0.63,1,995863,995410,453
85733661,27.7583,27.8642,453,30111,0.729685,0.73,1,995889,995436,453
85736581,78.3517,74.3728,458,30181,0.681937,0.75,1,995980,995522,458
85739501,94.0703,92.4746,459,30251,0.768387,0.77,2,996078,995619,459
85742421,70.0141,70.4949,458,30321,0.785677,0.77,2,996142,995684,458
85745341,15.6028,15.699,458,30391,0.757135,0.69,2,996144,995686,458
85748261,59.1206,60.7398,456,30461,0.799427,0.69,2,996214,995758,456
85751181,40.6241,40.948,456,30530,0.791885,0.69,2,996250,995794,456
85754101,9.72482,9.78959,456,30599,0.790377,0.73,2,996252,995796,456
85757021,25.945,25.9579,456,30668,0.870075,0.73,2,996282,995826,456
85759941,36.389,34.7916,458,30737,0.886015,0.73,2,996321,995863,458
85889881,78,95,490,14890,0.05,0.41,1,998599,998109,490
85892801,64.4,89.4,463,15033,0.082,0.19,1,998660,998197,463
85895721,32.08,52.28,444,15174,0.0724,0.21,1,998684,998240,444
85898641,52.816,31.256,476,15314,0.03848,0.09,1,998742,998266,476
85901561,173.763,210.251,425,15453,0.063696,0.05,1,998946,998521,425
85904481,97.1526,104.45,425,15590,0.132739,0.09,1,999024,998599,425
85907401,66.6305,69.69,423,15726,0.146548,0.07,1,999083,998660,423
85910321,35.7261,33.138,427,15861,0.13331,0.03,1,999111,998684,427
85913241,51.9452,53.0276,425,15995,0.146662,0.07,1,999167,998742,425
85916161,173.589,173.806,425,16128,0.0373324,0.15,1,999371,998946,425
85919081,98.7178,97.1611,427,16260,0.0794665,0.15,1,999451,999024,427
85922001,67.7436,66.6322,428,16391,0.0718933,0.13,1,999511,999083,428
85924921,35.9487,35.7264,428,16521,0.0703787,0.15,1,999539,999111,428
85927841,53.5897,51.9453,430,16650,0.0380757,0.15,1,999597,999167,430
85930761,166.718,10.3891,625,16778,0.0316151,0.01,1,999792,999167,625
85933681,98.9436,165.278,503,16905,0.030323,0.09,1,999874,999371,503
85936601,66.9887,97.0556,482,17031,0.0940646,0.07,1,999933,999451,482
85939521,35.7977,67.4111,450,17156,0.106813,0.07,1,999961,999511,450
85942441,52.7596,35.8822,479,17280,0.125363,0.03,1,1000018,999539,479
85945361,167.352,53.5764,617,17403,0.129073,0.03,1,1000214,999597,617
85948281,100.67,166.715,506,17525,0.145815,0.03,1,1000298,999792,506
85951201,68.9341,98.9431,485,17646,0.197163,0.11,1,1000359,999874,485
85954121,36.9868,66.9886,455,17766,0.191433,0.11,1,1000388,999933,455
85957041,52.1974,35.7977,483,17885,0.222287,0.13,1,1000444,999961,483
85959961,168.039,52.7595,623,18004,0.324457,0.13,1,1000641,1000018,623
85962881,35.2079,167.352,429,18122,0.344891,0.15,1,1000643,1000214,429
85965801,74.2416,100.67,429,18239,0.380978,0.21,1,1000727,1000298,429
85968721,66.0483,68.9341,432,18355,0.372196,0.19,1,1000791,1000359,432
85971641,35.6097,36.9868,431,18471,0.386439,0.23,1,1000819,1000388,431
85974561,53.5219,52.1974,433,18586,0.437288,0.35,1,1000877,1000444,433
85977481,173.104,168.039,439,18700,0.559458,0.35,1,1001080,1000641,439
85980401,36.2209,35.2079,439,18813,0.583892,0.39,1,1001082,1000643,439
85983321,74.4442,74.2416,439,18926,0.620778,0.37,1,1001166,1000727,439
85986241,66.8888,66.0483,440,19038,0.628156,0.39,1,1001231,1000791,440
85989161,36.5778,35.6097,441,19149,0.661631,0.45,1,1001260,1000819,441
85992081,54.5156,53.5219,442,19260,0.700326,0.59,1,1001319,1000877,442
85995001,180.503,173.104,451,19370,0.660065,0.59,1,1001531,1001080,451
85997921,37.7006,36.2209,451,19480,0.652013,0.63,1,1001533,1001082,451
86000841,74.7401,74.4442,451,19589,0.634403,0.63,1,1001617,1001166,451
86003761,68.548,14.8888,518,19697,0.646881,0.63,1,1001684,1001166,518
86006681,36.9096,54.9778,482,19805,0.681376,0.67,1,1001713,1001231,482
86009601,55.3819,34.1956,513,19912,0.656275,0.71,1,1001773,1001260,513
86011061,171.876,54.0391,655,20019,0.795255,0.65,2,1001974,1001319,655
86013981,42.3753,180.408,453,20125,0.823051,0.65,2,1001984,1001531,453
86016901,10.0751,37.6816,453,20230,0.86061,0.63,2,1001986,1001533,453
86019821,69.215,74.7363,453,20335,0.884122,0.65,2,1002070,1001617,453
86022741,68.243,68.5473,454,20439,0.920824,0.69,2,1002138,1001684,454
86025661,36.8486,36.9095,454,20543,0.928165,0.65,2,1002167,1001713,454
86097201,29,19,498,22985,0.71,1,1,1003925,1003427,498
86100121,55.4,64.6,484,23077,0.582,1,1,1003987,1003503,484
86103041,62.28,67.32,480,23169,0.4764,1,1,1004051,1003571,480
86105961,38.856,38.264,482,23261,0.35928,0.97,1,1004084,1003602,482
86108881,46.1712,30.8528,501,23352,0.207856,1,1,1004132,1003631,501
86111801,36.4342,30.9706,504,23443,0.177571,0.87,1,1004166,1003662,504
86114721,158.487,177.394,479,23533,0.0915142,0.81,1,1004355,1003876,479
86117641,56.4974,51.4788,490,23623,0.0583028,0.71,1,1004386,1003896,490
86120561,51.2995,33.4958,511,23713,0.0836606,0.55,1,1004436,1003925,511
86123481,53.4599,56.2992,503,23802,0.120732,0.45,1,1004490,1003987,503
86126401,34.692,62.4598,469,23891,0.0961464,0.33,1,1004520,1004051,469
86129321,41.3384,38.892,479,23980,0.0752293,0.17,1,1004563,1004084,479
86132241,9.86768,46.1784,433,24068,0.103046,0.17,1,1004565,1004132,433
86135161,29.1735,36.4357,433,24156,0.140609,0.07,1,1004599,1004166,433
86138081,152.235,158.487,427,24244,0.196122,0.05,1,1004782,1004355,427
86141001,52.8469,56.4974,424,24331,0.223224,0.09,1,1004810,1004386,424
86143921,52.1694,51.2995,426,24418,0.324645,0.13,1,1004862,1004436,426
86146841,55.2339,53.4599,428,24505,0.328929,0.09,1,1004918,1004490,428
86149761,35.0468,34.692,428,24591,0.345786,0.07,1,1004948,1004520,428
86152681,42.2094,41.3384,429,24677,0.365157,0.11,1,1004992,1004563,429
86155601,10.0419,9.86768,429,24763,0.369031,0.15,1,1004994,1004565,429
86158521,27.6084,29.1735,427,24849,0.401806,0.21,1,1005026,1004599,427
86161441,155.922,152.235,432,24934,0.504361,0.23,1,1005214,1004782,432
86164361,55.1843,52.8469,434,25019,0.524872,0.35,1,1005244,1004810,434
86167281,55.0369,52.1694,437,25104,0.512974,0.33,1,1005299,1004862,437
86170201,57.4074,55.2339,439,25188,0.478595,0.35,1,1005357,1004918,439
86173121,35.4815,35.0468,439,25272,0.471719,0.37,1,1005387,1004948,439
86176041,43.8963,42.2094,441,25356,0.470344,0.37,1,1005433,1004992,441
86178961,10.3793,10.0419,441,25440,0.470069,0.37,1,1005435,1004994,441
86181881,27.6759,2.00837,473,25523,0.438014,0.41,1,1005467,1004994,473
86184801,160.735,26.0017,635,25606,0.543603,0.53,1,1005661,1005026,635
86187721,54.547,155.6,475,25689,0.580721,0.53,1,1005689,1005214,475
86190641,54.1094,55.1201,499,25771,0.588144,0.51,1,1005743,1005244,499
86193561,55.6219,55.024,500,25853,0.653629,0.47,1,1005799,1005299,500
86196481,35.1244,57.4048,472,25935,0.666726,0.47,1,1005829,1005357,472
86199401,43.8249,35.481,488,26017,0.717345,0.47,1,1005875,1005387,488
86202321,10.365,43.8962,444,26098,0.727469,0.47,1,1005877,1005433,444
86205241,27.673,10.3792,474,26179,0.745494,0.43,1,1005909,1005435,474
86206701,166.335,27.6758,643,26260,0.749099,0.57,1,1006110,1005467,643
86209621,34.0669,160.735,450,26341,0.78182,0.59,2,1006111,1005661,450
86212541,30.0134,54.547,451,26421,0.836364,0.59,2,1006140,1005689,451
86215461,50.0027,54.1094,452,26501,0.847273,0.67,2,1006195,1005743,452
86218381,57.2005,55.6219,455,26581,0.897455,0.67,2,1006254,1005799,455
86221301,36.2401,35.1244,456,26661,0.891491,0.73,2,1006285,1005829,456
86224221,45.648,43.8249,458,26740,0.922298,0.73,2,1006333,1005875,458
86227141,10.7296,10.365,458,26819,0.89646,0.75,2,1006335,1005877,458
86230061,28.5459,27.673,459,26898,0.907292,0.75,2,1006368,1005909,459
86232981,167.309,166.335,460,26977,0.925458,0.79,2,1006570,1006110,460
86235901,35.0618,34.0669,461,27056,0.929092,0.85,2,1006572,1006111,461
86238821,31.0124,30.0134,462,27134,0.929818,0.85,2,1006602,1006140,462
86624261,49,34,499,35994,0.85,1,2,1012863,1012364,499
86627181,41.8,39.6,498,36053,0.882,1,2,1012903,1012405,498
86638861,34,27,491,36287,0.79,1,2,1013012,1012521,491
86641781,34,36.6,486,36345,0.838,0.99,2,1013046,1012560,486
86644701,27.6,33.72,479,36403,0.8796,0.92,2,1013072,1012593,479
86647621,19.12,21.944,477,36461,0.91992,1,2,1013089,1012612,477
86846181,36,51,529,40213,0.83,1,2,1015796,1015267,529
86849101,35.2,39,528,40266,0.702,1,1,1015831,1015303,528
86852021,35.84,31,535,40318,0.5964,1,1,1015867,1015332,535
86854941,33.568,36.6,530,40370,0.52728,1,1,1015900,1015370,530
86857861,27.5136,37.72,518,40422,0.481456,1,1,1015926,1015408,518
86860781,29.5027,32.344,517,40474,0.392291,1,1,1015956,1015439,517
86863701,32.3005,23.2688,529,40526,0.262458,1,1,1015989,1015460,529
86866621,27.2601,30.2538,523,40578,0.220492,1,1,1016015,1015492,523
86869541,36.652,38.0508,522,40630,0.0680983,1,1,1016054,1015532,522
86872461,48.9304,34.8102,540,40682,0.0216197,1,1,1016106,1015566,540
86875381,33.7861,54.962,510,40734,0.00432393,1,1,1016136,1015626,510
86878301,51.5572,38.1924,532,40786,0.0248648,0.88,1,1016192,1015660,532
86881221,36.7114,57.2385,503,40838,0.028973,0.88,1,1016225,1015722,503
86884141,35.3423,41.8477,500,40890,0.00579459,0.83,1,1016260,1015760,500
86887061,31.0685,37.1695,494,40942,0.00915892,0.67,1,1016290,1015796,494
86889981,34.2137,35.4339,494,40994,0.0258318,0.57,1,1016325,1015831,494
86892901,27.6427,35.8868,484,41045,0.0291664,0.51,1,1016351,1015867,484
86895821,20.7285,33.5774,470,41096,0.0138333,0.47,1,1016370,1015900,470
86898741,25.7457,27.5155,471,41147,0.0107667,0.37,1,1016397,1015926,471
86901661,23.5491,29.5031,464,41198,0.0741533,0.23,1,1016420,1015956,464
86904581,23.1098,32.3006,454,41249,0.0708307,0.21,1,1016443,1015989,454
86907501,31.022,27.2601,461,41300,0.0541661,0.03,1,1016476,1016015,461
86910421,49.4044,36.652,476,41351,0.0108332,0.01,1,1016530,1016054,476
86913341,33.8809,48.9304,454,41402,0.0901666,0,1,1016560,1016106,454
86916261,49.1762,33.7861,477,41453,0.0260333,0.03,1,1016613,1016136,477
86919181,36.2352,51.5572,454,41504,0.0292067,0.03,1,1016646,1016192,454
86922101,8.84705,36.7114,423,41555,0.0458413,0,1,1016648,1016225,423
86925021,28.9694,35.3423,422,41606,0.0491683,0.01,1,1016682,1016260,422
86927941,31.3939,31.0685,424,41657,0.0498337,0.03,1,1016714,1016290,424
86930861,33.4788,34.2137,423,41708,0.0179667,0.03,1,1016748,1016325,423
86933781,28.2958,27.6427,424,41759,0.0435933,0.01,1,1016775,1016351,424
86936701,19.2592,20.7285,422,41810,0.00871867,0.01,1,1016792,1016370,422
86939621,26.2518,25.7457,423,41860,0.0257437,0.09,1,1016820,1016397,423
86942541,25.2504,23.5491,425,41910,0.0291487,0.07,1,1016845,1016420,425
86945461,21.8501,23.1098,423,41960,0.0778297,0.05,1,1016866,1016443,423
86948381,30.77,31.022,423,42010,0.103566,0,1,1016899,1016476,423
86951301,50.154,49.4044,424,42060,0.0287132,0.11,1,1016954,1016530,424
86954221,34.0308,33.8809,424,42110,0.0457426,0.01,1,1016984,1016560,424
86957141,48.4062,49.1762,423,42160,0.0331485,0.03,1,1017036,1016613,423
86960061,38.4812,36.2352,426,42210,0.0306297,0.05,1,1017072,1016646,426
86962981,9.29625,8.84705,426,42260,0.0301259,0.05,1,1017074,1016648,426
86965901,25.8592,28.9694,422,42310,0.0460252,0.05,1,1017104,1016682,422
86968821,32.3719,31.3939,424,42360,0.017205,0.01,1,1017138,1016714,424
86971741,32.0744,33.4788,422,42410,0.011441,0.05,1,1017170,1016748,422
86974661,28.0149,28.2958,422,42460,0.0422882,0,1,1017197,1016775,422
86977581,19.203,19.2592,422,42510,0.00845764,0.03,1,1017214,1016792,422
86980501,26.2406,26.2518,422,42560,0.0256915,0.03,1,1017242,1016820,422
86983421,27.6481,25.2504,425,42610,0.109138,0.09,1,1017270,1016845,425
86986341,21.5296,21.8501,424,42660,0.141828,0.11,1,1017290,1016866,424
86989261,31.5059,30.77,425,42709,0.164366,0.01,1,1017324,1016899,425
86992181,48.7012,50.154,423,42758,0.0568731,0.05,1,1017377,1016954,423
86995101,35.3402,34.0308,425,42807,0.0673746,0.03,1,1017409,1016984,425
86998021,46.268,48.4062,422,42856,0.0374749,0.03,1,1017458,1017036,422
87000941,38.0536,38.4812,422,42905,0.063495,0.03,1,1017494,1017072,422
87003861,9.21072,9.29625,422,42954,0.068699,0.05,1,1017496,1017074,422
87006781,25.8421,25.8592,422,43003,0.0377398,0.05,1,1017526,1017104,422
87009701,31.5684,5.17185,455,43052,0.031548,0.01,1,1017559,1017104,455
87012621,31.9137,28.2344,453,43101,0.0303096,0.01,1,1017591,1017138,453
87015541,27.9827,31.2469,448,43150,0.0300619,0.05,1,1017618,1017170,448
87018461,19.1965,27.8494,438,43199,0.0140124,0,1,1017635,1017197,438
87021381,26.2393,19.1699,449,43248,0.0428025,0.03,1,1017663,1017214,449
87024301,30.8479,26.234,453,43297,0.0645605,0.13,1,1017695,1017242,453
87027221,22.9696,27.6468,446,43346,0.0849121,0.15,1,1017716,1017270,446
87030141,34.1939,21.5294,463,43395,0.152982,0.17,1,1017753,1017290,463
87033061,43.6388,31.5059,475,43444,0.166596,0.03,1,1017799,1017324,475
87035981,35.1278,48.7012,455,43493,0.169319,0.07,1,1017832,1017377,455
87038901,44.6256,35.3402,470,43542,0.0898639,0.03,1,1017879,1017409,470
87041821,38.5251,46.268,458,43590,0.0739728,0.07,1,1017916,1017458,458
87044741,9.30502,38.0536,424,43638,0.0707946,0.07,1,1017918,1017494,424
87047661,25.061,9.21072,451,43686,0.0701589,0.03,1,1017947,1017496,451
87050581,32.2122,25.8421,455,43734,0.0220318,0.03,1,1017981,1017526,455
87053501,31.2424,31.5684,453,43782,0.0444064,0.03,1,1018012,1017559,453
87056421,28.6485,31.9137,449,43830,0.0168813,0.03,1,1018040,1017591,449
87059341,19.3297,27.9827,439,43878,0.0593763,0.01,1,1018057,1017618,439
87062261,25.4659,19.1965,449,43926,0.0198753,0.05,1,1018084,1017635,449
87065181,33.0932,26.2393,456,43974,0.0279751,0.07,1,1018119,1017663,456
87068101,25.0186,30.8479,447,44022,0.013595,0.09,1,1018142,1017695,447
87071021,37.0037,22.9696,466,44070,0.026719,0.17,1,1018182,1017716,466
87073941,42.6007,34.1939,473,44118,0.0293438,0.17,1,1018226,1017753,473
87076861,34.9201,43.6388,460,44166,0.0458688,0.17,1,1018259,1017799,460
87079781,41.384,35.1278,470,44214,0.0651738,0.07,1,1018302,1017832,470
87082701,38.6768,44.6256,461,44262,0.101035,0.07,1,1018340,1017879,461
87085621,9.33536,38.5251,426,44310,0.108207,0.07,1,1018342,1017916,426
87088541,25.0671,9.30502,453,44358,0.125641,0.07,1,1018371,1017918,453
87091461,30.6134,25.061,456,44406,0.145128,0.01,1,1018403,1017947,456
87094381,30.9227,32.2122,453,44454,0.117026,0.05,1,1018434,1017981,453
87097301,7.78454,31.2424,424,44501,0.111405,0.01,1,1018436,1018012,424
87100221,23.9569,28.6485,424,44548,0.078281,0.07,1,1018464,1018040,424
87103141,17.5914,19.3297,423,44595,0.0716562,0.01,1,1018480,1018057,423
87106061,25.1183,25.4659,423,44642,0.0383312,0.03,1,1018507,1018084,423
87108981,33.0237,33.0932,423,44689,0.0476662,0.01,1,1018542,1018119,423
87111901,25.0047,25.0186,423,44736,0.0335332,0.03,1,1018565,1018142,423
87114821,37.8009,37.0037,424,44783,0.0307067,0.03,1,1018606,1018182,424
87117741,42.7602,42.6007,424,44830,0.0621413,0.05,1,1018650,1018226,424
87120661,34.952,34.9201,424,44877,0.0364283,0.07,1,1018683,1018259,424
87123581,42.1904,41.384,425,44924,0.0792857,0.11,1,1018727,1018302,425
87126501,41.2381,38.6768,428,44971,0.119857,0.11,1,1018768,1018340,428
87129421,9.84762,9.33536,428,45018,0.127971,0.13,1,1018770,1018342,428
87132341,25.9695,25.0671,429,45065,0.193594,0.15,1,1018800,1018371,429
87135261,29.9939,30.6134,428,45112,0.222719,0.11,1,1018831,1018403,428
87138181,29.9988,30.9227,427,45159,0.196544,0.11,1,1018861,1018434,427
87141101,7.59976,7.78454,427,45206,0.191309,0.07,1,1018863,1018436,427
87144021,22.32,23.9569,425,45253,0.222262,0.07,1,1018889,1018464,425
87146941,17.264,17.5914,425,45300,0.244452,0.03,1,1018905,1018480,425
87149861,22.6528,25.1183,422,45347,0.26489,0.05,1,1018929,1018507,422
87152781,32.5306,33.0237,422,45394,0.252978,0.03,1,1018964,1018542,422
87155701,24.9061,25.0047,422,45440,0.234596,0.03,1,1018987,1018565,422
87158621,37.7812,37.8009,422,45486,0.214919,0.07,1,1019028,1018606,422
87161541,43.5562,42.7602,423,45532,0.242984,0.03,1,1019073,1018650,423
87164461,35.1112,34.952,423,45578,0.248597,0.09,1,1019106,1018683,423
87167381,43.0222,42.1904,424,45624,0.329719,0.13,1,1019151,1018727,424
87170301,44.6044,41.2381,428,45670,0.345944,0.13,1,1019196,1018768,428
87173221,10.5209,9.84762,428,45716,0.317189,0.21,1,1019198,1018770,428
87176141,29.3042,25.9695,432,45762,0.343438,0.23,1,1019232,1018800,432
87179061,29.8608,29.9939,431,45808,0.364688,0.19,1,1019262,1018831,431
87181981,29.9722,29.9988,431,45854,0.400937,0.19,1,1019292,1018861,431
87184901,7.59443,7.59976,431,45900,0.408187,0.23,1,1019294,1018863,431
87187821,23.9189,22.32,433,45946,0.441637,0.23,1,1019322,1018889,433
87190741,18.3838,4.46399,450,45992,0.432328,0.25,1,1019339,1018889,450
87193661,21.2768,13.6928,456,46038,0.398466,0.27,1,1019361,1018905,456
87196581,31.4554,21.9386,466,46084,0.423693,0.25,1,1019395,1018929,466
87199501,23.8911,32.3877,453,46130,0.428739,0.23,1,1019417,1018964,453
87202421,37.5782,24.8775,471,46176,0.413748,0.21,1,1019458,1018987,471
87205341,44.3156,37.7755,476,46222,0.45875,0.25,1,1019504,1019028,476
87208261,36.8631,43.5551,466,46268,0.49975,0.25,1,1019539,1019073,466
87211181,45.7726,35.111,481,46314,0.58795,0.35,1,1019587,1019106,481
87214101,45.9545,43.0222,482,46360,0.58959,0.35,1,1019633,1019151,482
87217021,10.7909,44.6044,439,46405,0.589918,0.31,1,1019635,1019196,439
87219941,30.9582,10.5209,473,46450,0.557984,0.35,1,1019671,1019198,473
87222861,30.1916,29.3042,469,46495,0.551597,0.37,1,1019701,1019232,469
87225781,30.0383,29.8608,469,46540,0.566319,0.41,1,1019731,1019262,469
87228701,7.60767,29.9722,441,46585,0.585264,0.41,1,1019733,1019292,441
87231621,25.5215,7.59443,469,46630,0.605053,0.45,1,1019763,1019294,469
87234541,17.9043,23.9189,457,46675,0.609011,0.43,1,1019779,1019322,457
87237461,21.9809,18.3838,463,46720,0.641802,0.39,1,1019802,1019339,463
87240381,32.3962,21.2768,476,46765,0.66436,0.43,1,1019837,1019361,476
87243301,24.0792,31.4554,464,46810,0.684872,0.43,1,1019859,1019395,464
87246221,38.4158,23.8911,484,46855,0.688974,0.41,1,1019901,1019417,484
87249141,45.2832,37.5782,490,46900,0.689795,0.47,1,1019948,1019458,490
87252061,39.4566,44.3156,482,46945,0.689959,0.51,1,1019986,1019504,482
87254981,49.4913,36.8631,499,46990,0.689992,0.61,1,1020038,1019539,499
87257901,45.8983,45.7726,496,47035,0.673998,0.59,1,1020083,1019587,496
87260821,10.7797,45.9545,452,47080,0.6868,0.59,1,1020085,1019633,452
87263741,29.3559,10.7909,484,47125,0.70536,0.55,1,1020119,1019635,484
87266661,30.6712,30.9582,479,47170,0.725072,0.55,1,1020150,1019671,479
87269581,30.9342,30.1916,480,47215,0.713014,0.57,1,1020181,1019701,480
87272501,7.78685,30.0383,452,47260,0.710603,0.59,1,1020183,1019731,452
87275421,26.3574,7.60767,481,47305,0.726121,0.61,1,1020214,1019733,481
87278341,18.0715,25.5215,467,47350,0.729224,0.61,1,1020230,1019763,467
87281261,5.21429,17.9043,453,47395,0.729845,0.65,1,1020232,1019779,453
87284181,19.4429,21.9809,453,47439,0.745969,0.67,1,1020255,1019802,453
87287101,34.2886,32.3962,456,47483,0.749194,0.69,1,1020293,1019837,456
87290021,24.4577,24.0792,456,47527,0.765839,0.69,2,1020315,1019859,456
87292941,38.4915,38.4158,456,47571,0.769168,0.69,2,1020357,1019901,456
87295861,45.2983,45.2832,456,47615,0.753834,0.69,2,1020404,1019948,456
87298781,39.4597,39.4566,456,47659,0.782767,0.69,2,1020442,1019986,456
87301701,49.4919,49.4913,456,47703,0.788553,0.67,2,1020494,1020038,456
87304621,45.8984,45.8983,456,47747,0.821711,0.69,2,1020539,1020083,456
87307541,10.7797,10.7797,456,47791,0.828342,0.71,2,1020541,1020085,456
87310461,30.1559,29.3559,457,47835,0.845668,0.73,2,1020576,1020119,457
87313381,30.0312,30.6712,456,47879,0.817134,0.71,2,1020606,1020150,456
87316301,32.4062,30.9342,458,47923,0.827427,0.71,2,1020639,1020181,458
87319221,8.08125,7.78685,458,47967,0.829485,0.73,2,1020641,1020183,458
87322141,26.4163,26.3574,458,48011,0.861897,0.73,2,1020672,1020214,458
87325061,18.0832,18.0715,458,48055,0.868379,0.73,2,1020688,1020230,458
87327981,5.21665,5.21429,458,48099,0.917676,0.75,2,1020690,1020232,458
87330901,19.4433,19.4429,458,48143,0.927535,0.75,2,1020713,1020255,458
87333821,35.0887,34.2886,459,48187,0.929507,0.77,2,1020752,1020293,459
87552821,74,27,503,23451,0.85,0.69,2,1023391,1022888,503
87555741,62.8,71,481,23541,0.898,0.67,2,1023451,1022970,481
87684221,53,72,473,27219,0.57,1,1,1026017,1025544,473
87687141,51.4,44,487,27297,0.49,1,1,1026068,1025581,487
87690061,39.88,35.2,491,27375,0.282,1,1,1026105,1025614,491
87692981,39.976,50.24,477,27452,0.0964,1,1,1026145,1025668,477
87695901,83.1952,87.648,474,27529,0.09128,1,1,1026239,1025765,474
87698821,46.239,39.1296,484,27606,0.058256,1,1,1026276,1025792,484
87701741,39.6478,35.0259,488,27683,0.0196512,0.96,1,1026314,1025826,488
87704661,57.5296,72.6052,468,27760,0.0279302,0.77,1,1026376,1025908,468
87707581,48.3059,59.321,458,27836,0.013586,0.57,1,1026422,1025964,458
87710501,44.0612,54.2642,448,27912,0.00271721,0.47,1,1026465,1026017,448
87713421,44.0122,51.6528,441,27988,0.0245434,0.23,1,1026509,1026068,441
87716341,31.2024,39.9306,432,28064,0.0289087,0.05,1,1026537,1026105,432
87719261,31.8405,39.9861,424,28139,0.0137817,0.09,1,1026569,1026145,424
87722181,83.9681,83.1972,427,28214,0.0587563,0.05,1,1026666,1026239,427
87725101,47.1936,46.2394,428,28289,0.0517513,0.01,1,1026704,1026276,428
87728021,35.8387,39.6479,423,28364,0.0343503,0.01,1,1026737,1026314,423
87730941,55.1677,7.92958,483,28439,0.04687,0.03,1,1026797,1026314,483
87733861,47.8335,51.1859,467,28513,0.049374,0.01,1,1026843,1026376,467
87736781,43.9667,47.0372,464,28587,0.0178748,0,1,1026886,1026422,464
87739701,43.9933,43.8074,465,28661,0.043575,0.03,1,1026930,1026465,465
87742621,31.1987,43.9615,449,28735,0.032715,0.03,1,1026958,1026509,449
87745541,31.8397,31.1923,453,28809,0.078543,0.01,1,1026990,1026537,453
87748461,85.568,31.8385,520,28882,0.0397086,0.07,1,1027089,1026569,520
87751381,45.9136,83.9677,459,28955,0.0639417,0.05,1,1027125,1026666,459
87754301,35.5827,47.1935,454,29028,0.100788,0.03,1,1027158,1026704,454
87757221,55.1165,35.8387,481,29101,0.0601577,0.05,1,1027218,1026737,481
87760141,48.6233,55.1677,468,29174,0.0200315,0.05,1,1027265,1026797,468
87763061,43.3247,47.8335,464,29247,0.0280063,0.01,1,1027307,1026843,464
87765981,43.8649,43.9667,465,29319,0.0456013,0.05,1,1027351,1026886,465
87768901,31.973,43.9933,450,29391,0.0331203,0.03,1,1027380,1026930,450
87771821,34.3946,31.1987,457,29463,0.0306241,0.09,1,1027415,1026958,457
87774741,84.4789,31.8397,522,29535,0.0141248,0.03,1,1027512,1026990,522
87777661,44.8958,85.568,458,29607,0.042825,0.07,1,1027547,1027089,458
87780581,36.1792,45.9136,456,29678,0.064565,0.11,1,1027581,1027125,456
87783501,54.4358,35.5827,482,29749,0.020913,0.05,1,1027640,1027158,482
87786421,49.2872,55.1165,470,29820,0.0281826,0.01,1,1027688,1027218,470
87789341,11.4574,48.6233,425,29891,0.00563652,0.03,1,1027690,1027265,425
87792261,33.4915,43.3247,422,29962,0.0411273,0.05,1,1027729,1027307,422
87795181,43.4983,43.8649,424,30033,0.0322255,0.03,1,1027775,1027351,424
87798101,31.0997,31.973,423,30103,0.0304451,0.03,1,1027803,1027380,423
87801021,34.2199,34.3946,423,30173,0.046089,0.01,1,1027838,1027415,423
87803941,84.444,84.4789,423,30243,0.0172178,0.05,1,1027935,1027512,423
87806861,45.6888,44.8958,424,30313,0.0114436,0.07,1,1027971,1027547,424
87809781,37.1378,36.1792,425,30383,0.0422887,0.01,1,1028006,1027581,425
87812701,53.0276,54.4358,423,30453,0.0804577,0.03,1,1028063,1027640,423
87815621,49.0055,49.2872,423,30522,0.0240915,0,1,1028111,1027688,423
87818541,11.4011,11.4574,423,30591,0.00481831,0.05,1,1028113,1027690,423
87821461,32.6802,33.4915,422,30660,0.0409637,0.03,1,1028151,1027729,422
87824381,44.136,43.4983,423,30729,0.0641927,0.03,1,1028198,1027775,423
87827301,31.2272,31.0997,423,30798,0.0128385,0.05,1,1028226,1027803,423
87830221,33.4454,34.2199,422,30867,0.0745677,0.01,1,1028260,1027838,422
87833141,84.2891,84.444,422,30936,0.0389135,0.01,1,1028357,1027935,422
87836061,45.6578,45.6888,422,31004,0.0157827,0.05,1,1028393,1027971,422
87838981,39.5316,37.1378,425,31072,0.0271565,0.09,1,1028431,1028006,425
87841901,51.9063,53.0276,423,31140,0.109431,0.01,1,1028486,1028063,423
87844821,47.9813,49.0055,422,31208,0.141886,0,1,1028533,1028111,422
87847741,11.1963,11.4011,422,31276,0.116377,0,1,1028535,1028113,422
87850661,31.8393,2.28022,459,31344,0.0632754,0.05,1,1028572,1028113,459
87853581,44.7679,30.856,469,31412,0.0366551,0.07,1,1028620,1028151,469
87856501,30.5536,43.7712,449,31479,0.047331,0,1,1028647,1028198,449
87859421,34.9107,31.1542,457,31546,0.0494662,0.09,1,1028683,1028226,457
87862341,82.9821,33.4308,518,31613,0.0178932,0.03,1,1028778,1028260,518
87865261,45.3964,84.2862,457,31680,0.0115786,0.01,1,1028814,1028357,457
87868181,39.4793,45.6572,459,31747,0.0263157,0.03,1,1028852,1028393,459
87871101,56.6959,39.5314,482,31814,0.0612631,0.13,1,1028913,1028431,482
87874021,46.5392,51.9063,471,31881,0.100253,0.15,1,1028957,1028486,471
87876941,10.9078,47.9813,426,31947,0.124051,0.11,1,1028959,1028533,426
87879861,30.9816,11.1963,460,32013,0.14481,0.05,1,1028995,1028535,460
87882781,44.5963,31.8393,471,32079,0.148962,0.03,1,1029043,1028572,471
87885701,28.9193,44.7679,448,32145,0.181792,0.05,1,1029068,1028620,448
87888621,36.9839,30.5536,460,32211,0.140358,0.05,1,1029107,1028647,460
87891541,80.9968,34.9107,516,32277,0.0520717,0.01,1,1029199,1028683,516
87894461,45.7994,82.9821,458,32343,0.0344143,0.01,1,1029236,1028778,458
87897381,38.7599,45.3964,459,32408,0.0468829,0.03,1,1029273,1028814,459
87900301,58.952,39.4793,485,32473,0.0333766,0.07,1,1029337,1028852,485
87903221,50.1904,56.6959,472,32538,0.0306753,0.11,1,1029385,1028913,472
87906141,11.6381,46.5392,430,32603,0.0301351,0.13,1,1029387,1028957,430
87909061,31.9276,10.9078,465,32668,0.062027,0.15,1,1029424,1028959,465
87911981,43.9855,30.9816,476,32733,0.0524054,0.15,1,1029471,1028995,476
87914901,10.3971,44.5963,430,32798,0.0504811,0.19,1,1029473,1029043,430
87917821,22.8794,28.9193,431,32862,0.0820962,0.13,1,1029499,1029068,431
87920741,35.7759,36.9839,431,32926,0.0564192,0.03,1,1029538,1029107,431
87923661,73.5552,80.9968,422,32990,0.0672838,0.03,1,1029621,1029199,422
87926581,45.111,45.7994,423,33054,0.0214568,0.05,1,1029659,1029236,423
87929501,38.6222,38.7599,423,33118,0.0282914,0.03,1,1029696,1029273,423
87932421,58.9244,58.952,423,33182,0.0136583,0.03,1,1029760,1029337,423
87935341,50.1849,50.1904,423,33246,0.0267317,0.03,1,1029808,1029385,423
87938261,11.637,11.6381,423,33310,0.0613463,0.07,1,1029810,1029387,423
87941181,33.5274,31.9276,425,33373,0.0842693,0.05,1,1029849,1029424,425
87944101,43.5055,43.9855,424,33436,0.104854,0.05,1,1029895,1029471,424
87947021,10.3011,10.3971,424,33499,0.108971,0.09,1,1029897,1029473,424
87949941,23.6602,22.8794,425,33562,0.173794,0.05,1,1029924,1029499,425
87952861,35.132,35.7759,424,33625,0.170759,0.07,1,1029962,1029538,424
87955781,72.6264,73.5552,423,33688,0.186152,0.01,1,1030044,1029621,423
87958701,44.1253,45.111,422,33751,0.18923,0.03,1,1030081,1029659,422
87961621,38.4251,38.6222,422,33814,0.221846,0.01,1,1030118,1029696,422
87964541,59.685,58.9244,423,33877,0.180369,0.03,1,1030183,1029760,423
87967461,50.337,50.1849,423,33939,0.156074,0.07,1,1030231,1029808,423
87970381,11.6674,11.637,423,34001,0.183215,0.09,1,1030233,1029810,423
87973301,35.9335,33.5274,426,34063,0.252643,0.11,1,1030275,1029849,426
87976221,46.3867,43.5055,429,34125,0.218529,0.11,1,1030324,1029895,429
87979141,10.8773,10.3011,429,34187,0.211706,0.19,1,1030326,1029897,429
87982061,23.7755,23.6602,429,34249,0.226341,0.19,1,1030353,1029924,429
87984981,35.1551,4.73204,467,34311,0.229268,0.17,1,1030391,1029924,467
87987901,71.831,31.3464,510,34373,0.261854,0.19,1,1030472,1029962,510
87990821,46.3662,71.8693,468,34435,0.268371,0.19,1,1030512,1030044,468
87993741,38.0732,43.9739,467,34496,0.301674,0.23,1,1030548,1030081,467
87996661,57.2147,38.3948,492,34557,0.324335,0.17,1,1030610,1030118,492
87999581,50.6429,59.679,476,34618,0.344867,0.15,1,1030659,1030183,476
88002501,11.7286,50.3358,430,34679,0.348973,0.19,1,1030661,1030231,430
88005421,39.1457,11.6672,474,34740,0.349795,0.27,1,1030707,1030233,474
88008341,46.2291,35.9334,480,34801,0.365959,0.21,1,1030755,1030275,480
88011261,10.8458,46.3867,433,34862,0.369192,0.21,1,1030757,1030324,433
88014181,24.5692,10.8773,459,34923,0.401838,0.23,1,1030785,1030326,459
88017101,36.1138,23.7755,471,34984,0.440368,0.23,1,1030824,1030353,471
88020021,72.8228,35.1551,515,35044,0.496074,0.27,1,1030906,1030391,515
88022941,46.5646,71.831,474,35104,0.523215,0.27,1,1030946,1030472,474
88025861,39.7129,46.3662,472,35164,0.592643,0.31,1,1030984,1030512,472
88028781,58.3426,38.0732,499,35224,0.638529,0.33,1,1031047,1030548,499
88031701,51.6685,57.2147,487,35284,0.647706,0.35,1,1031097,1030610,487
88034621,11.9337,50.6429,440,35344,0.649541,0.35,1,1031099,1030659,440
88037541,39.9867,11.7286,485,35404,0.665908,0.35,1,1031146,1030661,485
88040461,47.1973,39.1457,488,35464,0.685182,0.37,1,1031195,1030707,488
88043381,11.0395,46.2291,442,35524,0.657036,0.37,1,1031197,1030755,442
88046301,26.2079,10.8458,470,35584,0.651407,0.41,1,1031227,1030757,470
88049221,37.2416,24.5692,482,35643,0.650281,0.45,1,1031267,1030785,482
88052141,9.04832,36.1138,445,35702,0.650056,0.51,1,1031269,1030824,445
88055061,69.0097,72.8228,447,35761,0.714011,0.53,1,1031353,1030906,447
88057981,46.6019,46.5646,448,35820,0.678802,0.61,1,1031394,1030946,448
88060901,42.9204,39.7129,452,35879,0.73576,0.65,1,1031436,1030984,452
88063821,60.5841,58.3426,454,35938,0.731152,0.65,1,1031501,1031047,454
88066741,52.1168,51.6685,454,35997,0.74623,0.65,1,1031551,1031097,454
88069661,12.0234,11.9337,454,36056,0.781246,0.67,2,1031553,1031099,454
88072581,40.8047,39.9867,455,36115,0.756249,0.69,2,1031601,1031146,455
88075501,46.5609,47.1973,454,36174,0.78325,0.65,2,1031649,1031195,454
88078421,10.9122,11.0395,454,36232,0.82065,0.65,2,1031651,1031197,454
88081341,26.1824,26.2079,454,36290,0.81213,0.65,2,1031681,1031227,454
88084261,38.0365,37.2416,455,36348,0.874426,0.65,2,1031722,1031267,455
88087181,9.2073,9.04832,455,36406,0.886885,0.73,2,1031724,1031269,455
88090101,69.8415,69.0097,456,36464,0.937377,0.67,2,1031809,1031353,456
88093021,45.9683,46.6019,455,36522,0.931475,0.75,2,1031849,1031394,455
88095941,45.9937,42.9204,459,36580,0.898295,0.73,2,1031895,1031436,459
88253621,32,30,502,39579,0.79,1,2,1033988,1033486,502
88256541,43.2,46,498,39632,0.742,1,1,1034034,1033536,498
88259461,32.64,21.2,513,39685,0.7004,1,1,1034064,1033551,513
88262381,28.128,25.84,513,39738,0.70808,1,1,1034091,1033578,513
88265301,23.2256,33.168,500,39791,0.677616,1,1,1034113,1033613,500
88268221,22.2451,25.8336,498,39844,0.639523,1,1,1034135,1033637,498
88271141,42.849,57.9667,480,39897,0.647905,1,1,1034183,1033703,480
88274061,30.1698,36.3933,476,39950,0.569581,1,1,1034210,1033734,476
88276981,51.634,57.6787,470,40003,0.505916,1,1,1034267,1033797,470
88279901,39.9268,41.9357,469,40056,0.541183,0.95,1,1034304,1033835,469
88282821,42.3854,40.3871,472,40109,0.436237,0.95,1,1034347,1033875,472
88285741,38.8771,8.07743,510,40162,0.415247,0.88,1,1034385,1033875,510
88288661,30.9754,39.2155,492,40215,0.379049,0.85,1,1034414,1033922,492
88291581,28.5951,35.0431,486,40268,0.38781,0.79,1,1034442,1033956,486
88294501,47.319,32.6086,506,40320,0.325562,0.73,1,1034494,1033988,506
88297421,30.2638,43.3217,486,40372,0.345112,0.69,1,1034520,1034034,486
88300341,26.8528,32.6643,482,40424,0.301022,0.71,1,1034546,1034064,482
88303261,22.1706,28.1329,476,40476,0.324204,0.67,1,1034567,1034091,476
88306181,18.0341,23.2266,471,40528,0.328841,0.63,1,1034584,1034113,471
88309101,45.2068,22.2453,501,40580,0.297768,0.65,1,1034636,1034135,501
88312021,25.0414,42.8491,473,40632,0.291554,0.55,1,1034656,1034183,473
88314941,50.6083,30.1698,503,40684,0.274311,0.49,1,1034713,1034210,503
88317861,38.9217,51.634,482,40736,0.286862,0.55,1,1034749,1034267,482
88320781,38.1843,39.9268,483,40788,0.289372,0.41,1,1034787,1034304,483
88323701,40.4369,42.3854,481,40840,0.321874,0.41,1,1034828,1034347,481
88326621,29.6874,38.8771,470,40892,0.376375,0.37,1,1034855,1034385,470
88329541,29.1375,30.9754,470,40944,0.387275,0.39,1,1034884,1034414,470
88332461,44.2275,28.5951,490,40996,0.437455,0.31,1,1034932,1034442,490
88335381,29.6455,47.319,464,41047,0.447491,0.35,1,1034958,1034494,464
88338301,25.9291,30.2638,463,41098,0.481498,0.29,1,1034983,1034520,463
88341221,21.9858,26.8528,458,41149,0.5203,0.33,1,1035004,1034546,458
88344141,16.3972,22.1706,452,41200,0.54406,0.33,1,1035019,1034567,452
88347061,44.8794,18.0341,487,41251,0.564812,0.29,1,1035071,1034584,487
88349981,24.9759,45.2068,455,41302,0.568962,0.29,1,1035091,1034636,455
88352901,48.9952,25.0414,490,41353,0.569793,0.27,1,1035146,1034656,490
88355821,39.399,50.6083,470,41404,0.585959,0.29,1,1035183,1034713,470
88358741,40.6798,38.9217,475,41455,0.605192,0.29,1,1035224,1034749,475
88361661,40.936,38.1843,478,41506,0.641038,0.33,1,1035265,1034787,478
88364581,9.78719,40.4369,439,41557,0.648208,0.39,1,1035267,1034828,439
88367501,25.1574,29.6874,441,41608,0.633642,0.39,1,1035296,1034855,441
88370421,29.0315,29.1375,442,41659,0.630728,0.45,1,1035326,1034884,442
88373341,45.8063,44.2275,444,41710,0.662146,0.45,1,1035376,1034932,444
88376261,29.9613,29.6455,444,41761,0.668429,0.49,1,1035402,1034958,444
88379181,29.9923,25.9291,449,41812,0.669686,0.53,1,1035432,1034983,449
88382101,21.9984,21.9858,448,41862,0.669937,0.55,1,1035452,1035004,448
88385021,17.1997,16.3972,449,41912,0.669987,0.57,1,1035468,1035019,449
88387941,45.8399,44.8794,450,41962,0.717997,0.57,1,1035521,1035071,450
88390861,25.968,24.9759,451,42012,0.7116,0.57,1,1035542,1035091,451
88393781,49.9936,48.9952,452,42062,0.71032,0.59,1,1035598,1035146,452
88396701,40.3987,39.399,453,42112,0.726064,0.61,1,1035636,1035183,453
88399621,40.0797,40.6798,452,42162,0.793213,0.65,2,1035676,1035224,452
88402541,42.4159,40.936,454,42212,0.822643,0.65,2,1035719,1035265,454
88405461,10.0832,9.78719,454,42262,0.828529,0.63,2,1035721,1035267,454
88408381,24.4166,25.1574,453,42312,0.797706,0.63,2,1035749,1035296,453
88411301,28.0833,29.0315,452,42362,0.839541,0.67,2,1035778,1035326,452
88414221,46.4167,45.8063,453,42412,0.879908,0.67,2,1035829,1035376,453
88417141,30.0833,29.9613,453,42462,0.903982,0.67,2,1035855,1035402,453
88420061,30.0167,29.9923,453,42512,0.876796,0.67,2,1035885,1035432,453
88422981,23.6033,21.9984,455,42562,0.887359,0.67,2,1035907,1035452,455
88425901,18.3207,17.1997,456,42612,0.873472,0.73,2,1035924,1035468,456
88428821,47.6641,45.8399,458,42662,0.886694,0.71,2,1035979,1035521,458
88431741,25.5328,25.968,457,42711,0.905339,0.71,2,1035999,1035542,457
88434661,50.7066,49.9936,458,42760,0.893068,0.73,2,1036056,1035598,458
88437581,42.1413,40.3987,460,42809,0.890614,0.81,2,1036096,1035636,460
88440501,40.4283,40.0797,460,42858,0.922123,0.83,2,1036136,1035676,460
88606941,34,37,481,45580,0.77,1,2,1037994,1037513,481
88609861,51.6,38.6,498,45626,0.706,1,1,1038050,1037552,498
88612781,35.92,47.72,480,45672,0.6772,1,1,1038082,1037602,480
88615701,42.384,36.744,490,45718,0.54344,1,1,1038126,1037636,490
88618621,34.8768,31.3488,493,45764,0.468688,1,1,1038159,1037666,493
88621541,34.9754,18.2698,513,45810,0.405738,1,1,1038194,1037681,513
88624461,26.1951,30.854,503,45856,0.489147,1,1,1038218,1037715,503
88627381,11.639,30.1708,481,45902,0.40983,1,1,1038226,1037745,481
88630301,23.9278,27.6342,481,45948,0.393966,1,1,1038253,1037772,481
88633221,26.3856,5.52683,508,45994,0.374793,1,1,1038280,1037772,508
88636141,22.0771,21.9054,503,46040,0.274959,1,1,1038301,1037798,503
88639061,30.8154,29.1811,505,46086,0.318992,0.96,1,1038334,1037829,505
88641981,24.5631,29.8362,498,46132,0.327798,0.88,1,1038357,1037859,498
88644901,20.9126,27.5672,491,46178,0.34556,0.92,1,1038377,1037886,491
88647821,40.1825,23.9134,513,46224,0.317112,0.83,1,1038422,1037909,513
88650741,32.0365,45.5827,492,46270,0.295422,0.77,1,1038452,1037960,492
88653661,50.4073,36.3165,513,46316,0.355085,0.69,1,1038507,1037994,513
88656581,32.4815,52.0633,485,46362,0.367017,0.67,1,1038535,1038050,485
88659501,35.2963,36.0127,489,46407,0.369403,0.51,1,1038571,1038082,489
88662421,30.2593,42.4025,474,46452,0.369881,0.45,1,1038600,1038126,474
88665341,34.8519,34.8805,477,46497,0.417976,0.39,1,1038636,1038159,477
88668261,24.5704,34.9761,464,46542,0.395595,0.51,1,1038658,1038194,464
88671181,11.3141,26.1952,448,46587,0.391119,0.39,1,1038666,1038218,448
88674101,22.2628,11.639,465,46632,0.406224,0.39,1,1038691,1038226,465
88677021,26.0526,23.9278,465,46677,0.457245,0.37,1,1038718,1038253,465
88679941,20.4105,26.3856,457,46722,0.467449,0.25,1,1038737,1038280,457
88682861,31.2821,22.0771,470,46767,0.46949,0.33,1,1038771,1038301,470
88685781,25.4564,30.8154,461,46812,0.517898,0.33,1,1038795,1038334,461
88688701,19.4913,24.5631,456,46857,0.49558,0.35,1,1038813,1038357,456
88691621,39.0983,20.9126,480,46902,0.539116,0.31,1,1038857,1038377,480
88694541,35.0197,40.1825,469,46947,0.563823,0.29,1,1038891,1038422,469
88697461,51.0039,32.0365,494,46992,0.600765,0.37,1,1038946,1038452,494
88700381,34.2008,50.4073,469,47037,0.624153,0.37,1,1038976,1038507,469
88703301,34.8402,32.4815,476,47082,0.644831,0.37,1,1039011,1038535,476
88706221,28.568,35.2963,467,47127,0.664966,0.37,1,1039038,1038571,467
88709141,37.7136,30.2593,478,47172,0.668993,0.43,1,1039078,1038600,478
88712061,24.3427,34.8519,463,47217,0.669799,0.39,1,1039099,1038636,463
88714981,12.0685,24.5704,450,47262,0.68596,0.39,1,1039108,1038658,450
88717901,23.2137,11.3141,468,47307,0.657192,0.41,1,1039134,1038666,468
88720821,27.0427,22.2628,471,47352,0.667438,0.47,1,1039162,1038691,471
88723741,7.00855,26.0526,446,47397,0.669488,0.47,1,1039164,1038718,446
88726661,16.6017,20.4105,446,47441,0.685898,0.47,1,1039183,1038737,446
88729581,29.7203,31.2821,445,47485,0.70518,0.53,1,1039216,1038771,445
88732501,27.5441,25.4564,448,47529,0.725036,0.49,1,1039243,1038795,448
88735421,18.3088,19.4913,446,47573,0.729007,0.55,1,1039259,1038813,446
88738341,41.2618,39.0983,449,47617,0.681801,0.57,1,1039306,1038857,449
88741261,36.2524,35.0197,450,47661,0.68836,0.61,1,1039341,1038891,450
88744181,53.6505,51.0039,453,47705,0.753672,0.63,2,1039399,1038946,453
88747101,34.7301,34.2008,453,47749,0.734734,0.65,1,1039429,1038976,453
88750021,35.746,34.8402,454,47793,0.746947,0.67,1,1039465,1039011,454
88752941,27.9492,28.568,453,47837,0.749389,0.67,1,1039491,1039038,453
88755861,39.1898,37.7136,455,47881,0.813878,0.67,2,1039533,1039078,455
88758781,24.638,24.3427,455,47925,0.842776,0.69,2,1039554,1039099,455
88761701,11.3276,12.0685,454,47969,0.848555,0.65,2,1039562,1039108,454
88764621,23.8655,23.2137,455,48013,0.833711,0.67,2,1039589,1039134,455
88767541,27.1731,27.0427,455,48057,0.894742,0.67,2,1039617,1039162,455
88770461,7.03462,7.00855,455,48101,0.874948,0.69,2,1039619,1039164,455
88773381,17.4069,16.6017,456,48145,0.91899,0.71,2,1039639,1039183,456
88776301,30.6814,29.7203,457,48189,0.911798,0.73,2,1039673,1039216,457
88779221,28.5363,27.5441,458,48233,0.92636,0.73,2,1039701,1039243,458
88782141,18.5073,18.3088,458,48277,0.929272,0.67,2,1039717,1039259,458
89012821,63,82,444,23360,0.03,0.43,1,1042205,1041761,444
89015741,63.8,41.2,477,23451,0.094,0.27,1,1042269,1041792,477
89018661,79.96,93.84,454,23541,0.0588,0.17,1,1042353,1041899,454
89021581,62.392,71.568,446,23631,0.14776,0.09,1,1042411,1041965,446
89024501,31.6784,33.5136,446,23721,0.133552,0.03,1,1042435,1041989,446
89027421,15.9357,29.1027,430,23810,0.13071,0.01,1,1042447,1042017,430
89030341,49.5871,21.8205,468,23899,0.0501421,0.07,1,1042505,1042037,468
89033261,57.1174,61.9641,455,23988,0.0340284,0,1,1042564,1042109,455
89036181,62.6235,65.1928,453,24076,0.0308057,0.11,1,1042628,1042175,453
89039101,66.1247,88.2386,426,24164,0.0621611,0.05,1,1042695,1042269,426
89042021,78.8249,84.8477,424,24252,0.100432,0.17,1,1042777,1042353,424
89044941,65.365,63.3695,428,24339,0.188086,0.13,1,1042839,1042411,428
89047861,30.673,31.8739,426,24426,0.205617,0.13,1,1042861,1042435,426
89050781,15.7346,15.9748,426,24513,0.209123,0.03,1,1042873,1042447,426
89053701,48.7469,49.595,425,24599,0.209825,0.03,1,1042930,1042505,425
89056621,56.9494,57.119,425,24685,0.0979649,0.03,1,1042989,1042564,425
89059541,60.9899,62.6238,423,24771,0.075593,0.07,1,1043051,1042628,423
89062461,67.398,66.1248,425,24857,0.119119,0.11,1,1043120,1042695,425
89065381,81.4796,78.8249,428,24942,0.0958237,0.21,1,1043205,1042777,428
89068301,67.4959,65.365,430,25027,0.107165,0.21,1,1043269,1042839,430
89071221,31.0992,30.673,430,25112,0.109433,0.21,1,1043291,1042861,430
89074141,15.8198,15.7346,430,25196,0.109887,0.21,1,1043303,1042873,430
89077061,48.764,48.7469,430,25280,0.0939773,0.07,1,1043360,1042930,430
89079981,52.9528,56.9494,425,25364,0.138795,0.07,1,1043414,1042989,425
89082901,60.1906,60.9899,425,25448,0.211759,0.07,1,1043476,1043051,425
89085821,68.0381,12.198,495,25531,0.258352,0.13,1,1043546,1043051,495
89088741,79.2076,57.6396,508,25614,0.29967,0.09,1,1043628,1043120,508
89091661,69.4415,79.5279,490,25697,0.323934,0.11,1,1043695,1043205,490
89094581,31.4883,67.1056,448,25779,0.344787,0.11,1,1043717,1043269,448
89097501,15.8977,31.0211,438,25861,0.348957,0.11,1,1043729,1043291,438
89100421,47.9795,15.8042,482,25943,0.349791,0.09,1,1043785,1043303,482
89103341,54.3959,48.7608,481,26025,0.397958,0.15,1,1043841,1043360,481
89106261,62.8792,52.9522,492,26106,0.439592,0.23,1,1043906,1043414,492
89109181,71.7758,60.1904,504,26187,0.431918,0.27,1,1043980,1043476,504
89112101,81.5552,68.0381,518,26268,0.494384,0.31,1,1044064,1043546,518
89115021,71.511,79.2076,505,26349,0.538877,0.33,1,1044133,1043628,505
89117941,31.9022,69.4415,460,26429,0.515775,0.35,1,1044155,1043695,460
89120861,15.9804,31.4883,450,26509,0.511155,0.35,1,1044167,1043717,450
89123781,47.9961,15.8977,494,26589,0.526231,0.35,1,1044223,1043729,494
89126701,55.1992,47.9795,495,26669,0.561246,0.41,1,1044280,1043785,495
89129621,66.2398,54.3959,508,26748,0.632249,0.45,1,1044349,1043841,508
89132541,71.648,62.8792,516,26827,0.66245,0.43,1,1044422,1043906,516
89135461,84.7296,71.7758,530,26906,0.68449,0.51,1,1044510,1043980,530
89138381,18.5459,81.5552,448,26985,0.688898,0.55,1,1044512,1044064,448
89141301,58.1092,71.511,447,27063,0.73778,0.51,1,1044580,1044133,447
89144221,29.2218,31.9022,447,27141,0.763556,0.51,2,1044602,1044155,447
89147141,15.4444,15.9804,447,27219,0.784711,0.53,2,1044614,1044167,447
89150061,49.4889,47.9961,449,27297,0.804942,0.57,2,1044672,1044223,449
89152981,56.2978,55.1992,450,27375,0.824988,0.65,2,1044730,1044280,450
89155901,69.6596,66.2398,454,27452,0.796998,0.67,2,1044803,1044349,454
89158821,73.1319,71.648,455,27529,0.823399,0.69,2,1044877,1044422,455
89161741,85.8264,84.7296,456,27606,0.87668,0.69,2,1044966,1044510,456
89164661,18.7653,18.5459,456,27683,0.855336,0.75,2,1044968,1044512,456
89167581,58.9531,58.1092,457,27760,0.867067,0.77,2,1045037,1044580,457
89170501,30.1906,29.2218,458,27836,0.885413,0.79,2,1045060,1044602,458
89173421,16.4381,15.4444,459,27912,0.905083,0.81,2,1045073,1044614,459
89176341,52.0876,49.4889,462,27988,0.941017,0.83,2,1045134,1044672,462
89179261,57.6175,56.2978,463,28064,0.948203,0.79,2,1045193,1044730,463
89182181,68.3235,69.6596,461,28139,0.949641,0.83,2,1045264,1044803,461
89298981,93,102,488,31004,0.55,1,1,1047351,1046863,488
89301901,46.6,46,491,31072,0.47,1,1,1047386,1046895,491
89304821,30.92,36.4,484,31140,0.406,0.97,1,1047413,1046929,484
89307741,30.984,30.48,486,31208,0.2972,0.97,1,1047444,1046958,486
89310661,33.3968,38.096,480,31276,0.25944,0.97,1,1047478,1046998,480
89313581,27.4794,7.6192,506,31344,0.267888,0.96,1,1047504,1046998,506
89316501,31.0959,27.9238,505,31412,0.237578,0.99,1,1047536,1047031,505
89319421,35.0192,32.7848,507,31479,0.295516,0.86,1,1047572,1047065,507
89322341,47.0038,40.957,514,31546,0.275103,0.83,1,1047622,1047108,514
89325261,83.8008,51.3914,553,31613,0.191021,0.71,1,1047715,1047162,553
89328181,80.7602,87.0783,537,31680,0.206204,0.55,1,1047795,1047258,537
89331101,41.752,91.8157,476,31747,0.193241,0.45,1,1047827,1047351,476
89334021,25.9504,46.3631,463,31814,0.238648,0.39,1,1047849,1047386,463
89336941,29.9901,30.8726,467,31881,0.24773,0.27,1,1047880,1047413,467
89339861,30.798,30.9745,467,31947,0.233546,0.25,1,1047911,1047444,467
89342781,29.3596,33.3949,462,32013,0.278709,0.27,1,1047940,1047478,462
89345701,31.4719,27.479,468,32079,0.287742,0.23,1,1047972,1047504,468
89348621,31.8944,31.0958,468,32145,0.337548,0.31,1,1048004,1047536,468
89351541,47.9789,35.0192,484,32211,0.34751,0.27,1,1048056,1047572,484
89354461,79.9958,47.0038,522,32277,0.381502,0.17,1,1048144,1047622,522
89357381,82.3992,83.8008,512,32343,0.4363,0.21,1,1048227,1047715,512
89360301,42.8798,80.7602,465,32408,0.49526,0.19,1,1048260,1047795,465
89363221,26.176,41.752,455,32473,0.475052,0.25,1,1048282,1047827,455
89366141,30.0352,25.9504,464,32538,0.47101,0.25,1,1048313,1047849,464
89369061,31.607,29.9901,465,32603,0.470202,0.23,1,1048345,1047880,465
89371981,30.3214,30.798,464,32668,0.47004,0.29,1,1048375,1047911,464
89374901,31.6643,29.3596,467,32733,0.502008,0.29,1,1048407,1047940,467
89377821,7.93286,31.4719,437,32798,0.508402,0.35,1,1048409,1047972,437
89380741,28.7866,31.8944,439,32862,0.47768,0.35,1,1048443,1048004,439
89383661,47.3573,47.9789,439,32926,0.535536,0.39,1,1048495,1048056,439
89386581,81.4715,79.9958,441,32990,0.627107,0.45,1,1048585,1048144,441
89389501,86.6943,82.3992,446,33054,0.645421,0.51,1,1048673,1048227,446
89392421,42.9389,42.8798,445,33118,0.649084,0.47,1,1048705,1048260,445
89395341,26.9878,26.176,446,33182,0.633817,0.47,1,1048728,1048282,446
89398261,29.3976,30.0352,445,33246,0.694763,0.47,1,1048758,1048313,445
89401181,31.4795,31.607,445,33310,0.674953,0.47,1,1048790,1048345,445
89404101,30.2959,30.3214,445,33373,0.70299,0.51,1,1048820,1048375,445
89407021,33.2592,31.6643,447,33436,0.692598,0.51,1,1048854,1048407,447
89409941,8.25184,7.93286,447,33499,0.65852,0.47,1,1048856,1048409,447
89412861,28.0504,28.7866,446,33562,0.667704,0.55,1,1048889,1048443,446
89415781,48.0101,47.3573,447,33625,0.653541,0.65,1,1048942,1048495,447
89418701,85.602,81.4715,452,33688,0.746708,0.65,1,1049037,1048585,452
89421621,87.5204,86.6943,452,33751,0.733342,0.65,1,1049125,1048673,452
89424541,43.1041,42.9389,452,33814,0.746668,0.63,1,1049157,1048705,452
89427461,27.8208,26.9878,453,33877,0.797334,0.71,2,1049181,1048728,453
89430381,31.1642,29.3976,455,33939,0.775467,0.67,2,1049213,1048758,455
89433301,31.8328,31.4795,455,34001,0.819093,0.71,2,1049245,1048790,455
89436221,30.3666,30.2959,455,34063,0.795819,0.69,2,1049275,1048820,455
89439141,32.4733,33.2592,454,34125,0.807164,0.65,2,1049308,1048854,454
89442061,8.09466,8.25184,454,34187,0.809433,0.67,2,1049310,1048856,454
89444981,27.2189,28.0504,453,34249,0.841887,0.67,2,1049342,1048889,453
89447901,47.8438,5.61007,506,34311,0.848377,0.65,2,1049395,1048889,506
89450821,89.5688,43.522,553,34373,0.897675,0.77,2,1049495,1048942,553
89617261,38,28,516,37718,0.81,1,2,1051800,1051284,516
89620181,32.4,28.8,518,37774,0.682,1,1,1051831,1051313,518
89623101,54.48,36.16,540,37830,0.5284,1,1,1051891,1051351,540
89626021,54.896,70.432,516,37886,0.32168,1,1,1051946,1051430,516
89628941,60.5792,43.6864,541,37942,0.152336,1,1,1052008,1051467,541
89631861,41.7158,63.9373,509,37998,0.134467,1,1,1052045,1051536,509
89634781,41.1432,40.7875,515,38054,0.114893,1,1,1052086,1051571,515
89637701,25.8286,32.9575,506,38110,0.0949787,1,1,1052108,1051602,506
89640621,21.9657,28.9915,499,38165,0.0429957,1,1,1052129,1051630,499
89643541,33.9931,24.1983,513,38220,0.0325991,1,1,1052166,1051653,513
89646461,36.3986,34.4397,513,38275,0.00651983,0.95,1,1052203,1051690,513
89649381,26.4797,45.2879,489,38330,0.025304,0.87,1,1052227,1051738,489
89652301,31.6959,28.2576,498,38385,0.0290608,0.81,1,1052260,1051762,498
89655221,24.7392,36.0515,483,38440,0.0618122,0.65,1,1052283,1051800,483
89658141,47.3478,32.0103,505,38495,0.0203624,0.49,1,1052336,1051831,505
89661061,45.4696,54.4021,490,38550,0.0440725,0.27,1,1052381,1051891,490
89663981,52.2939,54.8804,489,38605,0.0968145,0.11,1,1052435,1051946,489
89666901,12.0588,60.5761,429,38660,0.107363,0.13,1,1052437,1052008,429
89669821,29.6118,41.7152,426,38715,0.0774726,0.11,1,1052471,1052045,426
89672741,37.1224,41.143,424,38770,0.0714945,0.09,1,1052510,1052086,424
89675661,25.8245,25.8286,425,38824,0.0702989,0.03,1,1052533,1052108,425
89678581,20.3649,21.9657,423,38878,0.13406,0.03,1,1052552,1052129,423
89681501,35.273,33.9931,425,38932,0.0668119,0,1,1052591,1052166,425
89684421,35.0546,36.3986,423,38986,0.0213624,0.03,1,1052626,1052203,423
89687341,26.2109,26.4797,423,39040,0.0122725,0.03,1,1052650,1052227,423
89690261,31.6422,31.6959,423,39094,0.106455,0.07,1,1052683,1052260,423
89693181,26.3284,24.7392,425,39148,0.125291,0.01,1,1052708,1052283,425
89696101,46.0657,47.3478,423,39202,0.113058,0.05,1,1052759,1052336,423
89699021,46.8131,45.4696,425,39256,0.110612,0.11,1,1052806,1052381,425
89701941,51.7626,52.2939,424,39310,0.0781223,0.11,1,1052859,1052435,424
89704861,11.9525,12.0588,424,39364,0.0716245,0.07,1,1052861,1052437,424
89707781,31.1905,29.6118,426,39418,0.102325,0.07,1,1052897,1052471,426
89710701,37.4381,37.1224,426,39472,0.108465,0.07,1,1052936,1052510,426
89713621,25.0876,25.8245,425,39526,0.109693,0.15,1,1052958,1052533,425
89716541,21.8175,20.3649,427,39579,0.157939,0.05,1,1052979,1052552,427
89719461,32.3635,35.273,423,39632,0.167588,0.01,1,1053014,1052591,423
89722381,33.6727,35.0546,422,39685,0.201518,0.01,1,1053048,1052626,422
89725301,26.7345,26.2109,423,39738,0.208304,0.13,1,1053073,1052650,423
89728221,34.9469,31.6422,427,39791,0.193661,0.13,1,1053110,1052683,427
89731141,26.1894,26.3284,426,39844,0.222732,0.11,1,1053134,1052708,426
89734061,45.2379,46.0657,425,39897,0.164546,0.11,1,1053184,1052759,425
89736981,47.4476,46.8131,426,39950,0.200909,0.07,1,1053232,1052806,426
89739901,49.4895,51.7626,423,40003,0.256182,0.07,1,1053282,1052859,423
89742821,11.4979,11.9525,423,40056,0.235236,0.11,1,1053284,1052861,423
89745741,32.6996,31.1905,425,40109,0.263047,0.11,1,1053322,1052897,425
89748661,38.5399,6.2381,465,40162,0.300609,0.11,1,1053362,1052897,465
89751581,25.308,32.4476,448,40215,0.308122,0.11,1,1053384,1052936,448
89754501,22.6616,24.0895,448,40268,0.325624,0.17,1,1053406,1052958,448
89757421,34.1323,21.6179,464,40320,0.313125,0.17,1,1053443,1052979,464
89760341,34.8265,32.3236,464,40372,0.342625,0.21,1,1053478,1053014,464
89763261,24.5653,33.6647,452,40424,0.348525,0.21,1,1053500,1053048,452
89766181,36.9131,26.7329,467,40476,0.365705,0.19,1,1053540,1053073,467
89769101,26.5826,34.9466,454,40528,0.369141,0.23,1,1053564,1053110,454
89772021,43.7165,26.1893,478,40580,0.385828,0.15,1,1053612,1053134,478
89774941,49.5433,45.2379,479,40632,0.469166,0.21,1,1053663,1053184,479
89777861,50.7087,47.4476,482,40684,0.549833,0.27,1,1053714,1053232,482
89780781,11.7417,49.4895,434,40736,0.565967,0.23,1,1053716,1053282,434
89783701,34.3483,11.4979,472,40788,0.569193,0.27,1,1053756,1053284,472
89786621,40.4697,32.6996,476,40840,0.601839,0.31,1,1053798,1053322,476
89789541,26.4939,38.5399,459,40892,0.640368,0.31,1,1053821,1053362,459
89792461,22.8988,25.308,459,40944,0.616074,0.33,1,1053843,1053384,459
89795381,34.1798,22.6616,474,40996,0.595215,0.31,1,1053880,1053406,474
89798301,35.636,34.1323,473,41047,0.623043,0.35,1,1053916,1053443,473
89801221,24.7272,34.8265,460,41098,0.628609,0.35,1,1053938,1053478,460
89804141,37.7454,24.5653,479,41149,0.629722,0.37,1,1053979,1053500,479
89807061,27.5491,36.9131,464,41200,0.613944,0.37,1,1054004,1053540,464
89809981,44.7098,26.5826,489,41251,0.610789,0.39,1,1054053,1053564,489
89812901,53.742,43.7165,497,41302,0.594158,0.49,1,1054109,1053612,497
89815821,53.9484,49.5433,500,41353,0.590832,0.57,1,1054163,1053663,500
89818741,12.3897,50.7087,451,41404,0.590166,0.57,1,1054165,1053714,451
89821661,34.4779,11.7417,489,41455,0.606033,0.57,1,1054205,1053716,489
89824581,42.0956,34.3483,493,41506,0.577207,0.61,1,1054249,1053756,493
89827501,10.0191,40.4697,453,41557,0.571441,0.65,1,1054251,1053798,453
89830421,19.6038,26.4939,452,41608,0.618288,0.61,1,1054273,1053821,452
89833341,21.5208,22.8988,452,41659,0.627658,0.59,1,1054295,1053843,452
89836261,34.7042,34.1798,453,41710,0.629532,0.63,1,1054333,1053880,453
89839181,35.7408,35.636,453,41761,0.645906,0.63,1,1054369,1053916,453
89842101,25.5482,24.7272,454,41812,0.665181,0.63,1,1054392,1053938,454
89845021,37.1096,37.7454,453,41862,0.701036,0.61,1,1054432,1053979,453
89847941,27.4219,27.5491,453,41912,0.692207,0.61,1,1054457,1054004,453
89850861,43.8844,44.7098,452,41962,0.706441,0.59,1,1054505,1054053,452
89853781,52.7769,53.742,451,42012,0.725288,0.59,1,1054560,1054109,451
89856701,53.7554,53.9484,451,42062,0.713058,0.59,1,1054614,1054163,451
89859621,12.3511,12.3897,451,42112,0.742612,0.61,1,1054616,1054165,451
89862541,35.2702,34.4779,452,42162,0.780522,0.57,2,1054657,1054205,452
89865461,40.654,42.0956,450,42212,0.788104,0.57,2,1054699,1054249,450
89868381,9.73081,10.0191,450,42262,0.837621,0.63,2,1054701,1054251,450
89871301,20.3462,19.6038,451,42312,0.831524,0.63,2,1054724,1054273,451
89874221,21.6692,21.5208,451,42362,0.878305,0.63,2,1054746,1054295,451
89877141,37.1338,34.7042,454,42412,0.887661,0.65,2,1054787,1054333,454
89880061,36.2268,35.7408,454,42462,0.889532,0.67,2,1054823,1054369,454
89882981,26.4454,25.5482,455,42512,0.889906,0.71,2,1054847,1054392,455
89885901,37.2891,37.1096,455,42562,0.905981,0.69,2,1054887,1054432,455
89888821,26.6578,27.4219,454,42612,0.909196,0.71,2,1054911,1054457,454
89891741,45.3316,43.8844,456,42662,0.909839,0.73,2,1054961,1054505,456
89894661,53.0663,52.7769,456,42711,0.941968,0.71,2,1055016,1054560,456
89897581,54.6133,53.7554,457,42760,0.932394,0.75,2,1055071,1054614,457
89900501,12.5227,12.3511,457,42809,0.930479,0.79,2,1055073,1054616,457
90034821,30,26,498,45020,0.75,1,2,1056618,1056120,498
90037741,26.8,23.6,501,45067,0.67,1,1,1056644,1056143,501
90040661,18.16,26.32,490,45114,0.558,1,1,1056660,1056170,490
90043581,30.832,26.864,497,45161,0.5516,1,1,1056694,1056197,497
90046501,32.5664,29.3728,500,45208,0.58232,1,1,1056727,1056227,500
90049421,28.1133,28.2746,499,45255,0.524464,1,1,1056754,1056255,499
90052341,17.6227,25.6549,489,45302,0.448893,1,1,1056769,1056280,489
90055261,32.3245,29.131,495,45349,0.385779,1,1,1056805,1056310,495
90058181,30.4649,34.6262,489,45396,0.405156,1,1,1056835,1056346,489
90061101,24.493,34.9252,477,45442,0.361031,1,1,1056858,1056381,477
90064021,49.6986,55.785,472,45488,0.384206,0.97,1,1056914,1056442,472
90066941,43.5397,47.957,468,45534,0.324841,0.95,1,1056956,1056488,468
90069861,26.3079,30.3914,464,45580,0.344968,0.81,1,1056978,1056514,464
90072781,30.0616,31.6783,463,45626,0.332994,0.77,1,1057009,1056546,463
90075701,34.0123,39.9357,456,45672,0.346599,0.75,1,1057044,1056588,456
90078621,30.0025,31.9871,455,45718,0.36532,0.65,1,1057073,1056618,455
90081541,23.6005,27.1974,451,45764,0.337064,0.53,1,1057095,1056644,451
90084461,14.3201,18.2395,447,45810,0.395413,0.55,1,1057107,1056660,447
90087381,30.864,30.8479,448,45856,0.423083,0.59,1,1057142,1056694,448
90090301,30.1728,32.5696,445,45902,0.444616,0.51,1,1057172,1056727,445
90093221,25.2346,28.1139,442,45948,0.448923,0.51,1,1057196,1056754,442
90096141,15.4469,5.62278,455,45994,0.497785,0.43,1,1057209,1056754,455
90099061,35.8894,13.1246,481,46040,0.459557,0.37,1,1057250,1056769,481
90101981,27.1779,31.4249,470,46086,0.531911,0.41,1,1057275,1056805,470
90104901,20.6356,30.285,459,46132,0.530382,0.35,1,1057294,1056835,459
90107821,48.1271,24.457,491,46178,0.530077,0.39,1,1057349,1056858,491
90110741,45.6254,49.6914,480,46224,0.514015,0.31,1,1057394,1056914,480
90113661,25.1251,43.5383,458,46270,0.558803,0.35,1,1057414,1056956,458
90116581,30.625,26.3077,468,46316,0.567761,0.33,1,1057446,1056978,468
90119501,31.725,30.0615,469,46362,0.569552,0.35,1,1057478,1057009,469
90122421,31.945,34.0123,466,46407,0.58591,0.37,1,1057510,1057044,466
90125341,25.589,30.0025,461,46452,0.605182,0.33,1,1057534,1057073,461
90128261,13.1178,23.6005,449,46497,0.625036,0.41,1,1057544,1057095,449
90131181,35.4236,14.3201,478,46542,0.645007,0.43,1,1057585,1057107,478
90134101,29.4847,30.864,471,46587,0.729001,0.45,1,1057613,1057142,471
90137021,28.2969,30.1728,469,46632,0.7458,0.45,1,1057641,1057172,469
90139941,15.2594,25.2346,457,46677,0.74916,0.51,1,1057653,1057196,457
90142861,35.0519,15.4469,484,46722,0.797832,0.45,2,1057693,1057209,484
90145781,29.4104,35.8894,471,46767,0.807566,0.55,2,1057721,1057250,471
90148701,20.2821,27.1779,464,46812,0.809513,0.53,2,1057739,1057275,464
90151621,49.6564,20.6356,502,46857,0.793903,0.53,2,1057796,1057294,502
90154541,46.7313,48.1271,493,46902,0.838781,0.51,2,1057842,1057349,493
90157461,26.1463,45.6254,469,46947,0.831756,0.57,2,1057863,1057394,469
90160381,30.8293,25.1251,481,46992,0.830351,0.57,2,1057895,1057414,481
90163301,31.7659,30.625,481,47037,0.84607,0.57,2,1057927,1057446,481
90166221,32.7532,31.725,482,47082,0.833214,0.59,2,1057960,1057478,482
90169141,27.3506,31.945,476,47127,0.830643,0.61,2,1057986,1057510,476
90172061,13.4701,25.589,462,47172,0.798129,0.63,2,1057996,1057534,462
90174981,37.894,13.1178,496,47217,0.759626,0.65,2,1058040,1057544,496
90177901,32.3788,35.4236,486,47262,0.767925,0.75,2,1058071,1057585,486
90180821,28.8758,29.4847,486,47307,0.785585,0.75,2,1058099,1057613,486
90183741,16.1752,28.2969,471,47352,0.805117,0.75,2,1058112,1057641,471
90186661,4.83503,15.2594,461,47397,0.777023,0.81,2,1058114,1057653,461
90189581,33.767,35.0519,462,47441,0.819405,0.81,2,1058155,1057693,462
90192501,29.1534,29.4104,462,47485,0.795881,0.81,2,1058183,1057721,462
90195421,20.2307,20.2821,462,47529,0.791176,0.79,2,1058201,1057739,462
90198341,49.6461,49.6564,462,47573,0.838235,0.85,2,1058258,1057796,462
90201261,48.3292,46.7313,464,47617,0.847647,0.83,2,1058306,1057842,464
90204181,25.6658,26.1463,463,47661,0.897529,0.83,2,1058326,1057863,463
90207101,31.5332,30.8293,464,47705,0.891506,0.85,2,1058359,1057895,464
90210021,31.9066,31.7659,464,47749,0.890301,0.83,2,1058391,1057927,464
90212941,31.9813,32.7532,463,47793,0.89006,0.83,2,1058423,1057960,463
90215861,25.5963,27.3506,461,47837,0.890012,0.79,2,1058447,1057986,461
90218781,13.1193,13.4701,461,47881,0.858002,0.75,2,1058457,1057996,461
90221701,36.2239,37.894,459,47925,0.915601,0.77,2,1058499,1058040,459
90224621,32.8448,32.3788,460,47969,0.94312,0.79,2,1058531,1058071,460
90227541,29.769,28.8758,461,48013,0.948624,0.81,2,1058560,1058099,461
90472821,65,57,467,23451,0.11,0.33,1,1061138,1060671,467
90475741,61.8,65,461,23541,0.078,0,1,1061199,1060738,461
90478661,81.16,85.8,456,23631,0.0396,0.07,1,1061285,1060829,456
90481581,69.032,72.36,453,23721,0.00792,0.13,1,1061351,1060898,453
90484501,36.2064,60.872,423,23810,0.057584,0.05,1,1061379,1060956,423
90487421,27.2413,19.3744,439,23899,0.0515168,0.03,1,1061404,1060965,439
90490341,49.4483,27.8749,464,23988,0.0503034,0.07,1,1061459,1060995,464
90493261,39.4897,53.575,441,24076,0.0980607,0.11,1,1061496,1061055,441
90496181,62.2979,77.115,426,24164,0.203612,0.07,1,1061564,1061138,426
90499101,62.8596,64.223,428,24252,0.240722,0.03,1,1061627,1061199,428
90502021,78.1719,81.6446,424,24339,0.0721445,0,1,1061709,1061285,424
90504941,69.2344,69.1289,425,24426,0.0224289,0.07,1,1061776,1061351,425
90507861,36.2469,36.2258,425,24513,0.0124858,0.05,1,1061804,1061379,425
90510781,26.4494,27.2452,424,24599,0.0104972,0.05,1,1061828,1061404,424
90513701,50.0899,49.449,425,24685,0.0260994,0.11,1,1061884,1061459,425
90516621,41.218,39.4898,427,24771,0.0772199,0.23,1,1061923,1061496,427
90519541,67.4436,62.298,433,24857,0.087444,0.25,1,1061997,1061564,433
90522461,63.0887,62.8596,432,24942,0.105489,0.03,1,1062059,1061627,432
90525381,70.2177,78.1719,422,25027,0.125098,0.01,1,1062131,1061709,422
90528301,67.6436,69.2344,422,25112,0.0490196,0.01,1,1062198,1061776,422
90531221,35.9287,36.2469,422,25196,0.0178039,0.01,1,1062226,1061804,422
90534141,26.3857,26.4494,422,25280,0.0595608,0.03,1,1062250,1061828,422
90537061,50.0771,50.0899,422,25364,0.0679122,0.09,1,1062306,1061884,422
90539981,42.8154,41.218,424,25448,0.0535824,0.09,1,1062347,1061923,424
90542901,66.9631,8.24359,497,25531,0.0827165,0.09,1,1062420,1061923,497
90545821,63.7926,60.8487,486,25614,0.0885433,0.11,1,1062483,1061997,486
90548741,71.1585,61.7697,497,25697,0.105709,0.13,1,1062556,1062059,497
90551661,64.6317,69.954,488,25779,0.0931417,0.03,1,1062619,1062131,488
90554581,35.3263,67.5908,449,25861,0.0906283,0.01,1,1062647,1062198,449
90557501,27.8653,35.9182,447,25943,0.0901257,0.07,1,1062673,1062226,447
90560421,50.3731,26.3836,479,26025,0.138025,0.07,1,1062729,1062250,479
90563341,42.8746,50.0767,464,26106,0.147605,0.05,1,1062770,1062306,464
90566261,68.5749,42.8153,498,26187,0.149521,0.09,1,1062845,1062347,498
90569181,64.115,66.9631,488,26268,0.197904,0.09,1,1062908,1062420,488
90572101,72.023,63.7926,499,26349,0.255581,0.11,1,1062982,1062483,499
90575021,64.0046,71.1585,488,26429,0.315116,0.09,1,1063044,1062556,488
90577941,35.2009,64.6317,453,26509,0.327023,0.09,1,1063072,1062619,453
90580861,27.8402,35.3263,451,26589,0.329405,0.09,1,1063098,1062647,451
90583781,51.168,27.8653,482,26669,0.329881,0.15,1,1063155,1062673,482
90586701,44.6336,50.3731,469,26748,0.329976,0.15,1,1063198,1062729,469
90589621,68.9267,42.8746,503,26827,0.393995,0.15,1,1063273,1062770,503
90592541,66.5853,68.5749,494,26906,0.486799,0.21,1,1063339,1062845,494
90595461,14.9171,64.115,433,26985,0.50536,0.27,1,1063341,1062908,433
90598381,65.3834,72.023,437,27063,0.541072,0.33,1,1063419,1062982,437
90601301,63.4767,64.0046,438,27141,0.596214,0.33,1,1063482,1063044,438
90604221,35.0953,35.2009,438,27219,0.575243,0.33,1,1063510,1063072,438
90607141,27.8191,27.8402,438,27297,0.587049,0.33,1,1063536,1063098,438
90610061,51.1638,51.168,438,27375,0.57341,0.33,1,1063593,1063155,438
90612981,44.6328,44.6336,438,27452,0.586682,0.41,1,1063636,1063198,438
90615901,72.1266,68.9267,442,27529,0.637336,0.51,1,1063715,1063273,442
90618821,71.2253,66.5853,447,27606,0.663467,0.51,1,1063786,1063339,447
90621741,15.8451,14.9171,447,27683,0.668693,0.55,1,1063788,1063341,447
90624661,67.169,65.3834,449,27760,0.701739,0.61,1,1063868,1063419,449
90627581,64.6338,63.4767,450,27836,0.724348,0.57,1,1063932,1063482,450
90630501,36.1268,35.0953,451,27912,0.74487,0.59,1,1063961,1063510,451
90633421,28.0254,27.8191,451,27988,0.748974,0.57,1,1063987,1063536,451
90636341,50.4051,51.1638,450,28064,0.749795,0.59,1,1064043,1063593,450
90639261,43.681,44.6328,449,28139,0.717959,0.65,1,1064085,1063636,449
90642181,74.3362,72.1266,452,28214,0.807592,0.67,2,1064167,1063715,452
90645101,72.4672,71.2253,453,28289,0.841518,0.67,2,1064239,1063786,453
90648021,16.0934,15.8451,453,28364,0.848304,0.67,2,1064241,1063788,453
90650941,68.0187,3.16901,534,28439,0.865661,0.71,2,1064322,1063788,534
90653861,66.4037,64.6338,520,28513,0.853132,0.73,2,1064388,1063868,520
90656781,36.4807,64.1268,485,28587,0.866626,0.75,2,1064417,1063932,485
90659701,28.0962,36.0254,482,28661,0.869325,0.75,2,1064443,1063961,482
90662621,50.4192,28.0051,512,28735,0.885865,0.75,2,1064499,1063987,512
90665541,44.4838,50.401,499,28809,0.873173,0.71,2,1064542,1064043,499
90668461,76.8968,43.6802,542,28882,0.902635,0.83,2,1064627,1064085,542
90767741,51,31,502,31276,0.81,1,2,1066346,1065844,502
90770661,38.2,6.2,537,31344,0.778,1,2,1066381,1065844,537
90773581,35.64,23.64,544,31412,0.6916,1,1,1066416,1065872,544
90776501,18.328,29.528,527,31479,0.69032,1,1,1066430,1065903,527
90779421,23.6656,31.5056,520,31546,0.642064,1,1,1066455,1065935,520
90782341,72.7331,31.1011,574,31613,0.440413,1,1,1066540,1065966,574
90785261,54.5466,77.4202,535,31680,0.320083,1,1,1066590,1066055,535
90788181,34.9093,74.684,491,31747,0.296017,1,1,1066620,1066129,491
90791101,58.9819,33.3368,533,31814,0.259203,0.97,1,1066685,1066152,533
90794021,73.3964,54.6674,550,31881,0.331841,0.9,1,1066762,1066212,550
90796941,50.6793,77.3335,512,31947,0.314368,0.81,1,1066807,1066295,512
90799861,36.5359,56.2667,494,32013,0.358874,0.77,1,1066840,1066346,494
90802781,32.1072,39.2533,490,32079,0.351775,0.67,1,1066871,1066381,490
90805701,16.0214,35.8507,467,32145,0.334355,0.69,1,1066883,1066416,467
90808621,20.8043,18.3701,475,32211,0.394871,0.63,1,1066905,1066430,475
90811541,66.5609,23.674,528,32277,0.406974,0.39,1,1066983,1066455,528
90814461,48.5122,72.7348,487,32343,0.441395,0.29,1,1067027,1066540,487
90817381,33.7024,54.547,467,32408,0.464279,0.29,1,1067057,1066590,467
90820301,59.5405,34.9094,503,32473,0.516856,0.25,1,1067123,1066620,503
90823221,71.9081,58.9819,513,32538,0.543371,0.35,1,1067198,1066685,513
90826141,50.3816,73.3964,481,32603,0.580674,0.31,1,1067243,1066762,481
90829061,38.8763,50.6793,472,32668,0.604135,0.37,1,1067279,1066807,472
90831981,30.1753,36.5359,467,32733,0.624827,0.35,1,1067307,1066840,467
90834901,7.63505,32.1072,438,32798,0.628965,0.33,1,1067309,1066871,438
90837821,12.727,16.0214,440,32862,0.661793,0.41,1,1067323,1066883,440
90840741,23.3454,20.8043,444,32926,0.684359,0.41,1,1067349,1066905,444
90843661,66.2691,66.5609,443,32990,0.672872,0.45,1,1067426,1066983,443
90846581,50.0538,48.5122,445,33054,0.702574,0.47,1,1067472,1067027,445
90849501,34.0108,33.7024,445,33118,0.676515,0.53,1,1067502,1067057,445
90852421,60.4022,59.5405,446,33182,0.703303,0.55,1,1067569,1067123,446
90855341,74.4804,71.9081,449,33246,0.692661,0.59,1,1067647,1067198,449
90858261,52.4961,50.3816,451,33310,0.690532,0.61,1,1067694,1067243,451
90861181,40.8992,38.8763,453,33373,0.754106,0.63,2,1067732,1067279,453
90864101,30.5798,30.1753,453,33436,0.734821,0.63,1,1067760,1067307,453
90867021,7.71597,7.63505,453,33499,0.762964,0.67,2,1067762,1067309,453
90869941,12.7432,12.727,453,33562,0.736593,0.69,1,1067776,1067323,453
90872861,24.1486,23.3454,454,33625,0.763319,0.67,2,1067803,1067349,454
90875781,67.2297,66.2691,455,33688,0.800664,0.71,2,1067881,1067426,455
90878701,50.2459,50.0538,455,33751,0.824133,0.67,2,1067927,1067472,455
90881621,34.0492,34.0108,455,33814,0.844827,0.71,2,1067957,1067502,455
90884541,60.4098,60.4022,455,33877,0.816965,0.69,2,1068024,1067569,455
90887461,74.482,74.4804,455,33939,0.875393,0.69,2,1068102,1067647,455
91049521,77,154,481,16323,0.03,0.33,1,1070543,1070062,481
91052441,78.6,107.6,464,16453,0.078,0,1,1070622,1070158,464
91055361,66.92,90.32,442,16582,0.0716,0.07,1,1070686,1070244,442
91058281,37.384,43.664,440,16710,0.05432,0.03,1,1070716,1070276,440
91061201,145.877,35.9328,579,16837,0.066864,0,1,1070889,1070310,579
91064121,91.5754,131.987,501,16963,0.0373728,0.03,1,1070967,1070466,501
91067041,80.7151,87.9973,502,17088,0.0794746,0.09,1,1071045,1070543,502
91069961,68.143,80.7995,488,17212,0.0558949,0.07,1,1071110,1070622,488
91072881,38.4286,67.3599,455,17335,0.051179,0.05,1,1071141,1070686,455
91075801,145.286,37.472,597,17457,0.0662358,0.07,1,1071313,1070716,597
91078721,91.4571,145.894,502,17579,0.0212472,0.03,1,1071391,1070889,502
91081641,81.4914,91.5789,503,17700,0.0122494,0.09,1,1071470,1070967,503
91084561,66.6983,80.7158,488,17820,0.0264499,0.05,1,1071533,1071045,488
91087481,38.1397,68.1432,454,17939,0.02929,0.05,1,1071564,1071110,454
91090401,146.828,38.4286,597,18057,0.045858,0.07,1,1071738,1071141,597
91093321,30.9656,145.286,427,18175,0.0491716,0.01,1,1071740,1071313,427
91096241,65.3931,91.4571,423,18292,0.0498343,0.01,1,1071814,1071391,423
91099161,77.0786,81.4914,424,18408,0.0179669,0.03,1,1071894,1071470,424
91102081,65.8157,66.6983,424,18523,0.139593,0.03,1,1071957,1071533,424
91105001,37.1631,38.1397,423,18638,0.163919,0.05,1,1071987,1071564,423
91107921,147.433,146.828,424,18752,0.0407837,0.05,1,1072162,1071738,424
91110841,31.0865,30.9656,424,18865,0.0161567,0.05,1,1072164,1071740,424
91113761,63.8173,65.3931,422,18977,0.0592313,0.01,1,1072236,1071814,422
91116681,76.7635,77.0786,422,19089,0.0678463,0.17,1,1072316,1071894,422
91119601,72.1527,65.8157,430,19200,0.117569,0.17,1,1072387,1071957,430
91122521,38.4305,37.1631,430,19311,0.143514,0.01,1,1072417,1071987,430
91125441,141.286,147.433,422,19421,0.0367028,0.01,1,1072584,1072162,422
91128361,29.8572,31.0865,422,19530,0.0153406,0.07,1,1072586,1072164,422
91131281,64.3714,63.8173,423,19639,0.0110681,0.07,1,1072659,1072236,423
91134201,76.0743,12.7635,502,19747,0.0422136,0.07,1,1072738,1072236,502
91137121,74.4149,66.5527,496,19854,0.0644427,0.13,1,1072812,1072316,496
91140041,39.683,70.1105,456,19961,0.0688885,0.15,1,1072843,1072387,456
91142961,137.537,38.0221,588,20067,0.149778,0.01,1,1073005,1072417,588
91145881,29.1073,141.204,423,20173,0.165956,0.01,1,1073007,1072584,423
91148801,64.2215,29.8409,494,20278,0.201191,0.01,1,1073080,1072586,494
91151721,77.6443,64.3682,502,20383,0.224238,0.05,1,1073161,1072659,502
91154641,76.3289,76.0736,499,20487,0.244848,0.07,1,1073237,1072738,499
91157561,39.2658,74.4147,455,20591,0.26497,0.07,1,1073267,1072812,455
91160481,141.453,39.6829,591,20694,0.332994,0.17,1,1073434,1072843,591
91163401,29.8906,137.537,431,20797,0.346599,0.17,1,1073436,1073005,431
91166321,65.9781,29.1073,504,20899,0.34932,0.21,1,1073511,1073007,504
91169241,78.7956,64.2215,513,21000,0.365864,0.23,1,1073593,1073080,513
91172161,17.3591,77.6443,434,21101,0.369173,0.25,1,1073595,1073161,434
91175081,64.2718,76.3289,434,21202,0.385835,0.27,1,1073671,1073237,434
91178001,37.6544,39.2658,435,21302,0.405167,0.35,1,1073702,1073267,435
91180921,144.331,141.453,439,21402,0.553033,0.35,1,1073873,1073434,439
91183841,30.4662,29.8906,439,21501,0.582607,0.35,1,1073875,1073436,439
91186761,66.8932,65.9781,440,21600,0.604521,0.37,1,1073951,1073511,440
91189681,78.9786,78.7956,440,21698,0.672904,0.37,1,1074033,1073593,440
91192601,17.3957,17.3591,440,21796,0.654581,0.39,1,1074035,1073595,440
91195521,65.0791,64.2718,441,21893,0.714916,0.41,1,1074112,1073671,441
91198441,38.6158,37.6544,442,21990,0.742983,0.59,1,1074144,1073702,442
91201361,152.523,144.331,452,22086,0.796597,0.59,2,1074325,1073873,452
91204281,32.1046,30.4662,452,22182,0.807319,0.61,2,1074327,1073875,452
91207201,67.2209,66.8932,452,22278,0.777464,0.69,2,1074403,1073951,452
91210121,80.6442,78.9786,454,22373,0.835493,0.65,2,1074487,1074033,454
91213041,17.7288,17.3957,454,22468,0.879099,0.73,2,1074489,1074035,454
91215961,66.7458,65.0791,456,22562,0.87182,0.73,2,1074568,1074112,456
91218881,38.9492,13.0158,488,22656,0.854364,0.75,2,1074600,1074112,488
91221801,154.99,28.2032,640,22750,0.914873,0.81,2,1074784,1074144,640
91224721,32.598,150.441,461,22843,0.926975,0.81,2,1074786,1074325,461
91318161,34,33,534,25646,0.51,1,1,1076782,1076248,534
91321081,65.2,37.8,568,25729,0.318,1,1,1076855,1076287,568
91324001,37.04,85.16,501,25811,0.2796,1,1,1076885,1076384,501
91326921,53.008,37.832,532,25893,0.11192,0.96,1,1076942,1076410,532
91329841,31.4016,50.7664,504,25975,0.022384,1,1,1076968,1076464,504
91332761,37.4803,38.9533,507,26057,0.0444768,1,1,1077007,1076500,507
91335681,125.096,34.1907,621,26138,0.00889536,0.69,1,1077154,1076533,621
91338601,53.8192,146.838,482,26219,0.0417791,0.61,1,1077190,1076708,482
91341521,35.5638,61.3676,473,26300,0.0323558,0.51,1,1077221,1076748,473
91344441,64.7128,39.4735,511,26381,0.0464712,0.27,1,1077293,1076782,511
91347361,33.7426,66.2947,464,26461,0.0492942,0.27,1,1077319,1076855,464
91350281,42.7485,37.2589,479,26541,0.0338588,0.07,1,1077364,1076885,479
91353201,28.5497,53.0518,447,26621,0.0147718,0,1,1077389,1076942,447
91356121,37.7099,31.4104,461,26701,0.0589544,0.05,1,1077429,1076968,461
91359041,125.942,37.4821,570,26780,0.0357909,0,1,1077577,1077007,570
91361961,54.7884,125.096,460,26859,0.127158,0.05,1,1077614,1077154,460
91364881,12.5577,53.8193,426,26938,0.145432,0.03,1,1077616,1077190,426
91367801,24.1115,35.5639,422,27017,0.133086,0.05,1,1077643,1077221,422
91370721,63.2223,64.7128,423,27095,0.0986173,0.05,1,1077716,1077293,423
91373641,34.2445,33.7426,424,27173,0.0757235,0.03,1,1077743,1077319,424
91376561,42.0489,42.7485,423,27251,0.103145,0.01,1,1077787,1077364,423
91379481,28.4098,28.5497,423,27329,0.0766289,0.07,1,1077812,1077389,423
91382401,37.682,37.7099,423,27406,0.0393258,0.03,1,1077852,1077429,423
91385321,127.536,125.942,425,27483,0.0318652,0.15,1,1078002,1077577,425
91388241,58.3073,54.7884,429,27560,0.046373,0.15,1,1078043,1077614,429
91391161,13.2615,12.5577,429,27637,0.0492746,0.13,1,1078045,1077616,429
91394081,20.2523,24.1115,424,27714,0.0818549,0.09,1,1078067,1077643,424
91397001,64.8505,63.2223,427,27790,0.072371,0.07,1,1078143,1077716,427
91399921,34.5701,34.2445,427,27866,0.118474,0.11,1,1078170,1077743,427
91402841,40.514,42.0489,425,27942,0.0956948,0.07,1,1078212,1077787,425
91405761,27.3028,28.4098,424,28018,0.059139,0.03,1,1078236,1077812,424
91408681,35.8606,37.682,422,28094,0.0678278,0.03,1,1078274,1077852,422
91411601,127.172,127.536,422,28169,0.0375656,0.05,1,1078424,1078002,422
91414521,59.0344,58.3073,423,28244,0.0315131,0.05,1,1078466,1078043,423
91417441,13.4069,13.2615,423,28319,0.0303026,0.09,1,1078468,1078045,423
91420361,21.0814,20.2523,424,28394,0.0460605,0.09,1,1078491,1078067,424
91423281,65.0163,4.05046,500,28469,0.0812121,0.07,1,1078567,1078067,500
91426201,33.8033,61.6101,450,28543,0.104242,0.13,1,1078593,1078143,450
91429121,40.3607,33.922,465,28617,0.172848,0.09,1,1078635,1078170,465
91432041,28.0721,40.3844,448,28691,0.23457,0.05,1,1078660,1078212,448
91434961,35.2144,27.2769,461,28765,0.262914,0.07,1,1078697,1078236,461
91437881,125.443,35.8554,571,28839,0.0605828,0.03,1,1078845,1078274,571
91440801,59.4886,127.171,464,28912,0.0361166,0.03,1,1078888,1078424,464
91443721,13.4977,59.0342,424,28985,0.0312233,0.03,1,1078890,1078466,424
91446641,20.2995,13.4068,444,29058,0.0302447,0.05,1,1078912,1078468,444
91449561,68.0599,21.0814,501,29131,0.0940489,0.09,1,1078992,1078491,501
91452481,35.212,65.0163,452,29204,0.12281,0.11,1,1079019,1078567,452
91455401,44.6424,33.8033,473,29276,0.112562,0.19,1,1079066,1078593,473
91458321,31.3285,40.3607,459,29348,0.0785124,0.25,1,1079094,1078635,459
91461241,37.4657,28.0721,473,29420,0.0877025,0.27,1,1079133,1078660,473
91464161,113.893,35.2144,569,29492,0.0575405,0.01,1,1079266,1078697,569
91467081,57.9786,125.443,465,29564,0.0355081,0.03,1,1079310,1078845,465
91470001,13.1957,59.4886,424,29636,0.0311016,0.03,1,1079312,1078888,424
91472921,20.2391,13.4977,444,29707,0.0302203,0.03,1,1079334,1078890,444
91475841,71.2478,20.2995,506,29778,0.0460441,0.11,1,1079418,1078912,506
91478761,15.8496,68.0599,428,29849,0.0492088,0.13,1,1079420,1078992,428
91481681,24.7699,35.212,428,29920,0.0338418,0.11,1,1079447,1079019,428
91484601,41.754,44.6424,427,29991,0.0947684,0.07,1,1079493,1079066,427
91487521,29.1508,31.3285,425,30062,0.106954,0.09,1,1079519,1079094,425
91490441,37.8302,37.4657,426,30132,0.189391,0.05,1,1079559,1079133,426
91493361,112.366,113.893,424,30202,0.269878,0.03,1,1079690,1079266,424
91496281,56.8732,57.9786,423,30272,0.285976,0.03,1,1079733,1079310,423
91499201,12.9746,13.1957,423,30342,0.289195,0.03,1,1079735,1079312,423
91502121,20.1949,20.2391,423,30412,0.289839,0.05,1,1079757,1079334,423
91505041,72.039,71.2478,424,30482,0.257968,0.05,1,1079842,1079418,424
91507961,16.0078,15.8496,424,30551,0.251594,0.03,1,1079844,1079420,424
91510881,24.8016,24.7699,424,30620,0.250319,0.11,1,1079871,1079447,424
91513801,42.5603,41.754,425,30689,0.266064,0.11,1,1079918,1079493,425
91516721,30.9121,29.1508,427,30758,0.237213,0.21,1,1079946,1079519,427
91519641,40.5824,37.8302,430,30827,0.279443,0.29,1,1079989,1079559,430
91522561,116.916,112.366,435,30896,0.335889,0.29,1,1080125,1079690,435
91525481,56.9833,56.8732,434,30964,0.379178,0.29,1,1080167,1079733,434
91528401,12.9967,12.9746,434,31032,0.355836,0.29,1,1080169,1079735,434
91531321,20.1993,20.1949,434,31100,0.383167,0.25,1,1080191,1079757,434
91534241,70.4399,72.039,432,31168,0.372633,0.25,1,1080274,1079842,432
91537161,15.688,16.0078,432,31236,0.370527,0.25,1,1080276,1079844,432
91540081,24.7376,24.8016,432,31304,0.386105,0.25,1,1080303,1079871,432
91543001,42.5475,4.96031,479,31372,0.373221,0.27,1,1080350,1079871,479
91545921,29.3095,38.5921,458,31439,0.370644,0.23,1,1080376,1079918,458
91548841,42.6619,30.1184,476,31506,0.434129,0.29,1,1080422,1079946,476
91551761,119.732,40.4237,572,31573,0.526826,0.35,1,1080561,1079989,572
91554681,59.1465,116.885,480,31640,0.593365,0.39,1,1080605,1080125,480
91557601,13.4293,56.9769,440,31707,0.606673,0.35,1,1080607,1080167,440
91560521,20.2859,12.9954,460,31774,0.625335,0.39,1,1080629,1080169,460
91563441,71.2572,20.1991,522,31841,0.629067,0.37,1,1080713,1080191,522
91566361,15.8514,70.4398,441,31907,0.629813,0.37,1,1080715,1080274,441
91569281,23.9703,15.688,465,31973,0.645963,0.39,1,1080741,1080276,465
91572201,43.1941,24.7376,486,32039,0.665193,0.37,1,1080789,1080303,486
91575121,29.4388,42.5475,465,32105,0.701039,0.37,1,1080815,1080350,465
91578041,46.6878,29.3095,490,32171,0.708208,0.45,1,1080866,1080376,490
91580961,123.738,42.6619,587,32237,0.693641,0.55,1,1081009,1080422,587
91583881,63.1475,119.732,496,32303,0.722728,0.61,1,1081057,1080561,496
91586801,14.2295,59.1465,454,32368,0.760546,0.61,2,1081059,1080605,454
91589721,20.4459,13.4293,474,32433,0.736109,0.63,1,1081081,1080607,474
91592641,71.2892,20.2859,536,32498,0.747222,0.63,1,1081165,1080629,536
91595561,15.8578,71.2572,454,32563,0.749444,0.63,1,1081167,1080713,454
91598481,24.7716,15.8514,479,32628,0.733889,0.65,1,1081194,1080715,479
91601401,44.9543,23.9703,503,32693,0.730778,0.67,1,1081244,1080741,503
91604321,30.5909,43.1941,482,32758,0.746156,0.71,1,1081271,1080789,482
91607241,7.71817,29.4388,458,32823,0.749231,0.71,1,1081273,1080815,458
91610161,43.1436,46.6878,459,32887,0.781846,0.69,2,1081325,1080866,459
91613081,120.629,123.738,456,32951,0.916369,0.73,2,1081465,1081009,456
91616001,64.1257,63.1475,458,33015,0.943274,0.77,2,1081515,1081057,458
91618921,14.4251,14.2295,458,33079,0.948655,0.73,2,1081517,1081059,458
91759081,40,31,489,36018,0.69,1,1,1083556,1083067,489
91762001,42.4,32.6,499,36077,0.594,1,1,1083599,1083100,499
91764921,32.48,25.72,505,36136,0.5908,1,1,1083629,1083124,505
91767841,25.696,30.744,497,36194,0.47816,1,1,1083653,1083156,497
91770761,22.7392,30.9488,488,36252,0.471632,1,1,1083675,1083187,488
91773681,27.7478,24.5898,494,36310,0.422326,0.96,1,1083704,1083210,494
91776601,95.9496,116.118,468,36368,0.220465,0.91,1,1083817,1083349,468
91779521,47.1899,53.6236,465,36426,0.164093,0.95,1,1083852,1083387,465
91782441,34.238,35.5247,465,36484,0.136819,0.95,1,1083883,1083418,465
91785361,28.4476,28.7049,465,36542,0.115364,0.89,1,1083910,1083445,465
91788281,28.8895,32.941,460,36600,0.143073,0.81,1,1083939,1083479,460
91791201,32.9779,36.1882,457,36658,0.132615,0.69,1,1083973,1083516,457
91794121,38.5956,39.2376,457,36716,0.178523,0.57,1,1084013,1083556,457
91797041,38.1191,42.2475,452,36774,0.155705,0.59,1,1084051,1083599,452
91799961,27.6238,32.4495,447,36831,0.167141,0.45,1,1084076,1083629,447
91802881,22.3248,25.6899,444,36888,0.153428,0.47,1,1084097,1083653,444
91805801,20.465,22.738,442,36945,0.182686,0.41,1,1084117,1083675,442
91808721,24.093,27.7476,438,37002,0.220537,0.17,1,1084142,1083704,438
91811641,87.2186,95.9495,428,37059,0.212107,0.15,1,1084245,1083817,428
91814561,47.0437,47.1899,430,37116,0.242421,0.13,1,1084282,1083852,430
91817481,31.0087,34.238,426,37173,0.232484,0.13,1,1084309,1083883,426
91820401,26.2017,6.8476,451,37230,0.230497,0.11,1,1084334,1083883,451
91823321,29.2403,22.9695,454,37287,0.230099,0.15,1,1084364,1083910,454
91826241,35.4481,27.7939,462,37344,0.24602,0.13,1,1084401,1083939,462
91829161,39.0896,32.7588,468,37401,0.281204,0.19,1,1084441,1083973,468
91832081,36.6179,38.5518,464,37457,0.304241,0.15,1,1084477,1084013,464
91835001,28.9236,38.1104,453,37513,0.292848,0.17,1,1084504,1084051,453
91837921,22.5847,27.6221,449,37569,0.33857,0.15,1,1084525,1084076,449
91840841,20.5169,22.3244,448,37625,0.379714,0.19,1,1084545,1084097,448
91843761,25.7034,20.4649,455,37681,0.403943,0.23,1,1084572,1084117,455
91846681,86.7407,24.093,532,37737,0.424789,0.21,1,1084674,1084142,532
91849601,48.5481,87.2186,468,37793,0.460958,0.25,1,1084713,1084245,468
91852521,30.5096,47.0437,457,37849,0.468192,0.23,1,1084739,1084282,457
91855441,27.7019,31.0087,457,37905,0.517638,0.23,1,1084766,1084309,457
91858361,29.5404,26.2017,462,37961,0.543528,0.23,1,1084796,1084334,462
91861281,36.3081,29.2403,470,38017,0.516706,0.25,1,1084834,1084364,470
91864201,40.8616,35.4481,475,38073,0.511341,0.29,1,1084876,1084401,475
91867121,37.7723,39.0896,472,38128,0.494268,0.31,1,1084913,1084441,472
91870041,29.9545,36.6179,464,38183,0.490854,0.29,1,1084941,1084477,464
91872961,24.3909,28.9236,460,38238,0.474171,0.35,1,1084964,1084504,460
91875881,21.6782,22.5847,460,38293,0.518834,0.39,1,1084985,1084525,460
91878801,26.7356,20.5169,468,38348,0.543767,0.41,1,1085013,1084545,468
91881721,87.7471,25.7034,544,38403,0.548753,0.43,1,1085116,1084572,544
91884641,50.3494,86.7407,483,38458,0.565751,0.47,1,1085157,1084674,483
91887561,31.6699,48.5481,471,38513,0.55315,0.47,1,1085184,1084713,471
91890481,29.534,30.5096,474,38568,0.56663,0.53,1,1085213,1084739,474
91893401,7.5068,27.7019,449,38623,0.569326,0.55,1,1085215,1084766,449
91896321,25.5014,29.5404,449,38678,0.601865,0.51,1,1085245,1084796,449
91899241,33.9003,36.3081,447,38733,0.608373,0.51,1,1085281,1084834,447
91902161,40.3801,40.8616,447,38788,0.673675,0.49,1,1085323,1084876,447
91905081,36.876,37.7723,446,38842,0.654735,0.49,1,1085359,1084913,446
91908001,29.7752,29.9545,446,38896,0.730947,0.47,1,1085387,1084941,446
91910921,24.355,24.3909,446,38950,0.730189,0.53,1,1085410,1084964,446
91913841,24.071,21.6782,449,39004,0.730038,0.55,1,1085434,1084985,449
91916761,27.2142,26.7356,449,39058,0.730008,0.55,1,1085462,1085013,449
91919681,87.8428,87.7471,449,39112,0.746001,0.57,1,1085565,1085116,449
91922601,51.1686,50.3494,450,39166,0.7172,0.55,1,1085607,1085157,450
91925521,32.6337,31.6699,451,39220,0.74344,0.57,1,1085635,1085184,451
91928441,29.7267,29.534,451,39274,0.780688,0.57,2,1085664,1085213,451
91931361,7.54535,7.5068,451,39328,0.804138,0.61,2,1085666,1085215,451
91934281,26.3091,25.5014,452,39382,0.808828,0.61,2,1085697,1085245,452
91937201,34.0618,33.9003,452,39436,0.825766,0.69,2,1085733,1085281,452
91940121,42.0124,40.3801,454,39490,0.861153,0.65,2,1085777,1085323,454
91943041,39.6025,36.876,457,39543,0.852231,0.75,2,1085816,1085359,457
91945961,30.3205,29.7752,457,39596,0.898446,0.73,2,1085844,1085387,457
91948881,25.2641,24.355,458,39649,0.907689,0.73,2,1085868,1085410,458
91951801,22.6528,24.071,456,39702,0.941538,0.73,2,1085890,1085434,456
91954721,27.7306,27.2142,457,39755,0.948308,0.75,2,1085919,1085462,457
92112401,37,24,512,42528,0.79,1,2,1087863,1087351,512
92115321,65,79.2,491,42578,0.71,1,1,1087935,1087444,491
92118241,37.8,48.64,481,42628,0.662,1,1,1087966,1087485,481
92121161,44.36,40.128,489,42678,0.6364,0.99,1,1088012,1087523,489
92124081,32.072,29.6256,491,42727,0.55128,1,1,1088041,1087550,491
92127001,26.4144,25.1251,492,42776,0.518256,1,1,1088066,1087574,492
92129921,22.0829,21.825,492,42825,0.479651,0.94,1,1088087,1087595,492
92132841,26.0166,30.765,486,42874,0.48793,0.88,1,1088114,1087628,486
92135761,29.2033,32.553,483,42923,0.457586,1,1,1088144,1087661,483
92138681,33.0407,41.7106,473,42972,0.403517,1,1,1088178,1087705,473
92141601,35.4081,37.1421,473,43021,0.440703,1,1,1088214,1087741,473
92144521,25.4816,7.42842,496,43070,0.384141,0.99,1,1088237,1087741,496
92147441,20.2963,23.0857,488,43119,0.372828,0.9,1,1088256,1087768,488
92150361,29.6593,22.2171,498,43168,0.354566,0.85,1,1088288,1087790,498
92153281,33.9319,33.2434,497,43217,0.382913,0.79,1,1088323,1087826,497
92156201,58.7864,36.2487,525,43266,0.436583,0.69,1,1088388,1087863,525
92159121,37.3573,64.8497,485,43315,0.447317,0.65,1,1088420,1087935,485
92162041,40.2715,37.7699,495,43364,0.449463,0.63,1,1088461,1087966,495
92164961,28.0543,44.354,474,43413,0.481893,0.53,1,1088486,1088012,474
92167881,25.6109,32.0708,470,43462,0.504378,0.51,1,1088511,1088041,470
92170801,20.3222,26.4142,464,43511,0.492876,0.47,1,1088530,1088066,464
92173721,24.0644,22.0828,468,43559,0.474575,0.49,1,1088555,1088087,468
92176641,28.0129,26.0166,470,43607,0.486915,0.45,1,1088584,1088114,470
92179561,32.0026,29.2033,473,43655,0.553383,0.39,1,1088617,1088144,473
92182481,36.8005,33.0407,477,43703,0.582677,0.45,1,1088655,1088178,477
92185401,23.3601,35.4081,461,43751,0.572535,0.37,1,1088675,1088214,461
92188321,20.672,25.4816,458,43799,0.650507,0.37,1,1088695,1088237,458
92191241,30.5344,20.2963,472,43847,0.666101,0.35,1,1088728,1088256,472
92194161,34.1069,29.6593,475,43895,0.66922,0.39,1,1088763,1088288,475
92197081,61.2214,33.9319,508,43943,0.669844,0.45,1,1088831,1088323,508
92200001,37.8443,58.7864,475,43991,0.669969,0.45,1,1088863,1088388,475
92202921,40.3689,37.3573,484,44039,0.653994,0.45,1,1088904,1088420,484
92205841,31.2738,40.2715,472,44087,0.698799,0.49,1,1088933,1088461,472
92208761,23.8548,28.0543,469,44135,0.70776,0.51,1,1088955,1088486,469
92211681,20.771,25.6109,464,44183,0.709552,0.49,1,1088975,1088511,464
92214601,24.9542,20.3222,471,44231,0.70991,0.47,1,1089001,1088530,471
92217521,28.1908,24.0644,475,44279,0.693982,0.49,1,1089030,1088555,475
92220441,34.4382,28.0129,482,44327,0.722796,0.57,1,1089066,1088584,482
92223361,36.4876,32.0026,486,44375,0.712559,0.59,1,1089103,1088617,486
92226281,28.0975,36.8005,474,44423,0.710512,0.57,1,1089129,1088655,474
92229201,21.6195,23.3601,474,44470,0.742102,0.67,1,1089149,1088675,474
92232121,5.9239,20.672,456,44517,0.74842,0.67,1,1089151,1088695,456
92235041,26.7848,30.5344,455,44564,0.749684,0.67,1,1089183,1088728,455
92237961,33.357,34.1069,455,44611,0.765937,0.67,2,1089218,1088763,455
92240881,61.0714,61.2214,455,44658,0.769187,0.67,2,1089286,1088831,455
92243801,37.8143,37.8443,455,44705,0.817837,0.65,2,1089318,1088863,455
92246721,40.3629,40.3689,455,44752,0.859567,0.71,2,1089359,1088904,455
92249641,32.8726,31.2738,457,44799,0.915913,0.71,2,1089390,1088933,457
92252561,24.1745,23.8548,457,44846,0.927183,0.71,2,1089412,1088955,457
92255481,20.8349,20.771,457,44893,0.929437,0.71,2,1089432,1088975,457
92258401,24.967,24.9542,457,44940,0.897887,0.69,2,1089458,1089001,457
92261321,28.1934,28.1908,457,44987,0.907578,0.73,2,1089487,1089030,457
92264241,35.2387,34.4382,458,45034,0.893516,0.71,2,1089524,1089066,458
92267161,35.8477,36.4876,457,45081,0.890703,0.71,2,1089560,1089103,457
92270081,29.5695,28.0975,459,45128,0.890141,0.75,2,1089588,1089129,459
92273001,21.9139,21.6195,459,45175,0.938028,0.75,2,1089608,1089149,459
92275921,5.98278,5.9239,459,45222,0.947606,0.75,2,1089610,1089151,459
92448201,33,27,505,47894,0.71,1,1,1091504,1090999,505
92451121,29,29.4,503,47938,0.726,1,1,1091532,1091029,503
92454041,22.6,29.88,494,47982,0.6492,1,1,1091553,1091059,494
92456961,14.12,18.776,490,48026,0.58584,1,1,1091565,1091075,490
92459881,32.424,20.5552,506,48070,0.493168,1,1,1091602,1091096,506
92462801,33.6848,34.511,502,48114,0.458634,1,1,1091636,1091134,502
92465721,24.337,34.9022,489,48158,0.419727,1,1,1091658,1091169,489
92468641,40.8674,42.9804,489,48202,0.427945,1,1,1091703,1091214,489
92471561,31.3735,36.5961,483,48246,0.333589,1,1,1091732,1091249,483
92474481,34.2747,35.3192,483,48290,0.282718,0.94,1,1091767,1091284,483
92477401,34.8549,34.2638,484,48334,0.256544,1,1,1091802,1091318,484
92480321,30.171,31.6528,482,48378,0.187309,1,1,1091831,1091349,482
92483241,21.2342,31.1306,470,48422,0.141462,0.93,1,1091850,1091380,470
92486161,29.0468,31.8261,469,48466,0.196292,0.91,1,1091881,1091412,469
92489081,21.8094,24.7652,466,48509,0.191258,0.79,1,1091901,1091435,466
92492001,30.7619,33.753,463,48552,0.142252,0.71,1,1091934,1091471,463
92494921,29.3524,33.1506,459,48595,0.18045,0.73,1,1091963,1091504,459
92497841,24.2705,29.0301,454,48638,0.17209,0.63,1,1091986,1091532,454
92500761,18.4541,22.606,450,48681,0.186418,0.57,1,1092003,1091553,450
92503681,11.6908,14.1212,448,48724,0.189284,0.47,1,1092013,1091565,448
92506601,27.1382,32.4242,442,48767,0.173857,0.45,1,1092044,1091602,442
92509521,32.6276,33.6848,442,48810,0.186771,0.41,1,1092078,1091636,442
92512441,24.1255,24.337,442,48853,0.205354,0.41,1,1092100,1091658,442
92515361,40.8251,4.86739,487,48896,0.193071,0.43,1,1092145,1091658,487
92518281,29.765,36.9735,469,48939,0.222614,0.31,1,1092172,1091703,469
92521201,29.153,30.5947,469,48982,0.212523,0.27,1,1092201,1091732,469
92524121,27.4306,34.1189,461,49025,0.210505,0.25,1,1092228,1091767,461
92527041,30.2861,34.8238,457,49068,0.258101,0.17,1,1092259,1091802,457
92529961,21.2572,30.1648,447,49111,0.29962,0.13,1,1092278,1091831,447
92532881,29.8514,21.233,460,49154,0.323924,0.21,1,1092310,1091850,460
92535801,21.1703,29.0466,448,49197,0.344785,0.19,1,1092329,1091881,448
92538721,30.6341,21.8093,461,49240,0.332957,0.13,1,1092362,1091901,461
92541641,29.3268,30.7619,457,49283,0.346591,0.19,1,1092391,1091934,457
92544561,25.0654,29.3524,452,49326,0.381318,0.17,1,1092415,1091963,452
92547481,19.4131,24.2705,447,49369,0.388264,0.19,1,1092433,1091986,447
92550401,11.8826,18.4541,440,49412,0.389653,0.19,1,1092443,1092003,440
92553321,24.7765,11.6908,458,49455,0.389931,0.17,1,1092471,1092013,458
92556241,34.5553,27.1382,464,49498,0.405986,0.19,1,1092508,1092044,464
92559161,23.7111,32.6276,451,49541,0.393197,0.21,1,1092529,1092078,451
92562081,42.3422,24.1255,476,49584,0.374639,0.19,1,1092576,1092100,476
92565001,29.2684,40.8251,457,49626,0.450928,0.23,1,1092602,1092145,457
92567921,29.8537,29.765,460,49668,0.498186,0.21,1,1092632,1092172,460
92570841,27.5707,29.153,458,49710,0.507637,0.21,1,1092659,1092201,458
92573761,33.5141,27.4306,466,49752,0.509527,0.27,1,1092694,1092228,466
92576681,21.1028,30.2861,453,49794,0.509905,0.31,1,1092712,1092259,453
92579601,32.2206,21.2572,469,49836,0.509981,0.33,1,1092747,1092278,469
92582521,22.4441,29.8514,457,49878,0.509996,0.35,1,1092767,1092310,457
92585441,31.6888,21.1703,472,49920,0.525999,0.33,1,1092801,1092329,472
92588361,29.5378,30.6341,468,49962,0.5292,0.35,1,1092830,1092362,468
92591281,25.9076,29.3268,464,50004,0.59384,0.39,1,1092855,1092391,464
92594201,19.5815,25.0654,458,50046,0.606768,0.39,1,1092873,1092415,458
92597121,11.9163,19.4131,450,50088,0.625354,0.39,1,1092883,1092433,450
92600041,24.7833,11.8826,468,50130,0.629071,0.39,1,1092911,1092443,468
92602961,35.3567,24.7765,478,50172,0.629814,0.41,1,1092949,1092471,478
92605881,23.0713,34.5553,461,50214,0.629963,0.39,1,1092969,1092508,461
92608801,44.6143,23.7111,490,50256,0.645993,0.37,1,1093019,1092529,490
92611721,31.3229,42.3422,471,50298,0.697199,0.47,1,1093047,1092576,471
92614641,7.86457,29.2684,447,50340,0.70744,0.51,1,1093049,1092602,447
92617561,26.3729,29.8537,448,50382,0.725488,0.51,1,1093080,1092632,448
92620481,26.0746,27.5707,447,50424,0.729098,0.51,1,1093106,1092659,447
92623401,33.2149,33.5141,447,50466,0.71382,0.51,1,1093141,1092694,447
92626321,21.043,21.1028,447,50508,0.710764,0.51,1,1093159,1092712,447
92629241,32.2086,32.2206,447,50550,0.710153,0.51,1,1093194,1092747,447
92632161,23.2417,22.4441,448,50592,0.726031,0.53,1,1093215,1092767,448
92635081,31.8483,31.6888,448,50634,0.745206,0.53,1,1093249,1092801,448
92638001,31.9697,29.5378,451,50676,0.717041,0.61,1,1093281,1092830,451
92640921,27.1939,25.9076,452,50718,0.695408,0.61,1,1093307,1092855,452
92643841,20.6388,19.5815,453,50760,0.723082,0.63,1,1093326,1092873,453
92646761,12.1278,11.9163,453,50801,0.728616,0.63,1,1093336,1092883,453
92649681,24.8256,24.7833,453,50842,0.761723,0.63,2,1093364,1092911,453
92652601,35.3651,35.3567,453,50883,0.768345,0.63,2,1093402,1092949,453
92655521,23.073,23.0713,453,50924,0.769669,0.65,2,1093422,1092969,453
92658441,46.2146,44.6143,455,50965,0.737934,0.71,1,1093474,1093019,455
92661361,33.2429,31.3229,457,51006,0.699587,0.71,1,1093504,1093047,457
92664281,8.24858,7.86457,457,51047,0.739917,0.73,1,1093506,1093049,457
92667201,25.6497,26.3729,456,51088,0.795983,0.73,2,1093536,1093080,456
92670121,26.7299,26.0746,457,51129,0.807197,0.71,2,1093563,1093106,457
92673041,33.346,33.2149,457,51170,0.857439,0.71,2,1093598,1093141,457
92675961,21.0692,21.043,457,51211,0.867488,0.71,2,1093616,1093159,457
92678881,32.2138,32.2086,457,51252,0.853498,0.73,2,1093651,1093194,457
92681801,22.4428,23.2417,456,51293,0.8827,0.75,2,1093671,1093215,456
92684721,32.4886,31.8483,457,51334,0.92054,0.71,2,1093706,1093249,457
92687641,30.4977,31.9697,455,51375,0.944108,0.69,2,1093736,1093281,455
92690561,27.6995,27.1939,456,51416,0.900822,0.73,2,1093763,1093307,456
92693481,22.3399,20.6388,458,51457,0.940164,0.73,2,1093784,1093326,458
92696401,12.468,12.1278,458,51498,0.916033,0.77,2,1093794,1093336,458
92930001,65,62,466,24905,0.05,0.49,1,1096048,1095582,466
92932921,62.6,47.6,484,24990,0.066,0.29,1,1096110,1095626,484
92935841,47.72,68.72,454,25075,0.1012,0.25,1,1096154,1095700,454
92938761,69.544,54.544,478,25160,0.14024,0.07,1,1096229,1095751,478
92941681,49.9088,67.7088,452,25244,0.164048,0.05,1,1096274,1095822,452
92944601,69.9818,49.5418,482,25328,0.15281,0.03,1,1096349,1095867,482
92947521,33.9964,76.3084,424,25412,0.150562,0.05,1,1096374,1095950,424
92950441,18.7993,20.0617,433,25495,0.134112,0.01,1,1096389,1095956,433
92953361,68.5599,25.6123,487,25578,0.162822,0.05,1,1096470,1095983,487
92956281,63.312,57.1225,484,25661,0.184565,0.07,1,1096532,1096048,484
92959201,51.0624,61.0245,470,25744,0.156913,0.11,1,1096580,1096110,470
92962121,71.8125,47.4049,503,25826,0.199383,0.15,1,1096657,1096154,503
92965041,51.9625,69.481,475,25908,0.191877,0.17,1,1096704,1096229,475
92967961,68.7925,49.8962,503,25990,0.286375,0.15,1,1096777,1096274,503
92970881,32.1585,69.9792,451,26072,0.321275,0.15,1,1096800,1096349,451
92973801,19.2317,33.9958,442,26153,0.328255,0.13,1,1096816,1096374,442
92976721,70.2463,18.7992,510,26234,0.361651,0.17,1,1096899,1096389,510
92979641,64.4493,68.5598,492,26315,0.44833,0.19,1,1096962,1096470,492
92982561,49.6899,63.312,476,26396,0.465666,0.15,1,1097008,1096532,476
92985481,73.938,51.0624,508,26476,0.485133,0.21,1,1097088,1096580,508
92988401,53.9876,71.8125,480,26556,0.473027,0.19,1,1097137,1096657,480
92991321,71.5975,51.9625,509,26636,0.518605,0.31,1,1097213,1096704,509
92994241,33.5195,68.7925,460,26716,0.527721,0.33,1,1097237,1096777,460
92997161,19.5039,32.1585,453,26795,0.545544,0.33,1,1097253,1096800,453
93000081,72.7008,19.2317,523,26874,0.533109,0.37,1,1097339,1096816,523
93003001,16.1402,70.2463,442,26953,0.562622,0.47,1,1097341,1096899,442
93005921,56.028,64.4493,445,27032,0.584524,0.47,1,1097407,1096962,445
93008841,48.0056,49.6899,445,27110,0.604905,0.49,1,1097453,1097008,445
93011761,74.4011,73.938,446,27188,0.640981,0.47,1,1097534,1097088,446
93014681,53.2802,53.9876,445,27266,0.664196,0.53,1,1097582,1097137,445
93017601,73.856,71.5975,448,27344,0.636839,0.53,1,1097661,1097213,448
93020521,34.7712,33.5195,449,27421,0.663368,0.55,1,1097686,1097237,449
93023441,19.7542,19.5039,449,27498,0.668674,0.53,1,1097702,1097253,449
93026361,73.5508,72.7008,450,27575,0.685735,0.57,1,1097789,1097339,450
93029281,16.3102,16.1402,450,27652,0.657147,0.59,1,1097791,1097341,450
93032201,55.262,56.028,449,27729,0.651429,0.61,1,1097856,1097407,449
93035121,48.6524,48.0056,450,27805,0.698286,0.65,1,1097903,1097453,450
93038041,76.9305,74.4011,453,27881,0.739657,0.67,1,1097987,1097534,453
93040961,53.7861,53.2802,453,27957,0.795931,0.63,2,1098035,1097582,453
93043881,74.7572,73.856,454,28033,0.823186,0.67,2,1098115,1097661,454
93046801,34.1514,34.7712,453,28109,0.844637,0.67,2,1098139,1097686,453
93049721,19.6303,19.7542,453,28184,0.864927,0.69,2,1098155,1097702,453
93052641,74.3261,73.5508,454,28259,0.884986,0.65,2,1098243,1097789,454
93055561,16.4652,16.3102,454,28334,0.888997,0.65,2,1098245,1097791,454
93058481,56.093,55.262,455,28409,0.921799,0.65,2,1098311,1097856,455
93151921,52,47,486,30704,0.85,1,2,1099933,1099447,486
93154841,76,75.8,485,30773,0.674,1,1,1100015,1099530,485
93157761,29.6,33.56,480,30842,0.6708,1,1,1100033,1099553,480
93160681,32.32,25.112,490,30911,0.63816,1,1,1100066,1099576,490
93163601,65.664,71.4224,481,30979,0.471632,1,1,1100140,1099659,481
93166521,31.5328,36.6845,476,31047,0.358326,1,1,1100163,1099687,476
93169441,43.9066,44.1369,477,31115,0.287665,1,1,1100210,1099733,477
93172361,46.3813,44.8274,479,31183,0.193533,0.96,1,1100257,1099778,479
93175281,38.8763,35.3655,483,31251,0.110707,0.89,1,1100294,1099811,483
93178201,53.3753,63.0731,470,31319,0.0301413,0.89,1,1100351,1099881,470
93181121,45.0751,12.6146,513,31387,0.0620283,0.85,1,1100394,1099881,513
93184041,66.615,44.1229,533,31454,0.0524057,0.63,1,1100466,1099933,533
93186961,29.323,74.4246,471,31521,0.0504811,0.67,1,1100486,1100015,471
93189881,28.2646,29.2849,481,31588,0.0820962,0.63,1,1100514,1100033,481
93192801,58.4529,32.257,514,31655,0.0884192,0.43,1,1100580,1100066,514
93195721,27.6906,65.6514,460,31722,0.0576838,0.33,1,1100600,1100140,460
93198641,39.9381,31.5303,480,31789,0.147537,0.27,1,1100643,1100163,480
93201561,40.7876,43.9061,474,31856,0.165507,0.17,1,1100684,1100210,474
93204481,36.9575,46.3812,463,31922,0.201101,0.09,1,1100720,1100257,463
93207401,48.9915,38.8762,478,31988,0.20822,0.01,1,1100772,1100294,478
93210321,46.5983,53.3753,467,32054,0.273644,0.07,1,1100818,1100351,467
93213241,66.1197,45.0751,495,32120,0.334729,0.05,1,1100889,1100394,495
93216161,29.2239,66.615,443,32186,0.362946,0.05,1,1100909,1100466,443
93219081,29.8448,29.323,453,32252,0.336589,0.09,1,1100939,1100486,453
93222001,58.769,28.2646,491,32318,0.379318,0.09,1,1101005,1100514,491
93224921,26.1538,58.4529,443,32383,0.403864,0.05,1,1101023,1100580,443
93227841,42.8308,27.6906,470,32448,0.440773,0.17,1,1101070,1100600,470
93230761,43.7662,39.9381,471,32513,0.464155,0.17,1,1101114,1100643,471
93233681,36.7532,40.7876,465,32578,0.436831,0.21,1,1101149,1100684,465
93236601,50.5506,36.9575,483,32643,0.463366,0.21,1,1101203,1100720,483
93239521,50.9101,48.9915,482,32708,0.420673,0.29,1,1101254,1100772,482
93242441,11.782,46.5983,438,32773,0.412135,0.35,1,1101256,1100818,438
93245361,59.9564,66.1197,439,32838,0.442427,0.37,1,1101328,1100889,439
93248281,27.1913,29.2239,438,32902,0.448485,0.33,1,1101347,1100909,438
93251201,29.4383,29.8448,438,32966,0.481697,0.39,1,1101377,1100939,438
93254121,61.8877,58.769,442,33030,0.504339,0.41,1,1101447,1101005,442
93257041,26.7775,26.1538,442,33094,0.508868,0.45,1,1101465,1101023,442
93259961,45.3555,42.8308,445,33158,0.509774,0.47,1,1101515,1101070,445
93262881,42.6711,43.7662,443,33222,0.493955,0.43,1,1101557,1101114,443
93265801,36.5342,36.7532,443,33286,0.490791,0.47,1,1101592,1101149,443
93268721,52.1068,50.5506,445,33350,0.506158,0.41,1,1101648,1101203,445
93271641,48.8214,50.9101,442,33413,0.541232,0.41,1,1101696,1101254,442
93274561,11.3643,11.782,442,33476,0.548246,0.45,1,1101698,1101256,442
93277481,62.2729,59.9564,445,33539,0.581649,0.45,1,1101773,1101328,445
93280401,26.8546,27.1913,444,33602,0.62033,0.49,1,1101791,1101347,444
93283321,29.3709,29.4383,444,33665,0.644066,0.51,1,1101821,1101377,444
93286241,62.6742,61.8877,445,33728,0.680813,0.51,1,1101892,1101447,445
93289161,26.9348,26.7775,445,33791,0.672163,0.51,1,1101910,1101465,445
93292081,45.387,45.3555,445,33854,0.718433,0.49,1,1101960,1101515,445
93295001,43.4774,42.6711,446,33916,0.711686,0.49,1,1102003,1101557,446
93297921,36.6955,36.5342,446,33978,0.726337,0.51,1,1102038,1101592,446
93300841,52.9391,52.1068,447,34040,0.761267,0.55,2,1102095,1101648,447
93303761,49.7878,48.8214,448,34102,0.800254,0.55,2,1102144,1101696,448
93306681,11.5576,11.3643,448,34164,0.808051,0.59,2,1102146,1101698,448
93309601,63.9115,62.2729,450,34226,0.80961,0.59,2,1102223,1101773,450
93312521,27.1823,12.4546,468,34288,0.809922,0.63,2,1102241,1101773,468
93315441,30.2365,16.8909,481,34350,0.841984,0.65,2,1102272,1101791,481
93318361,64.4473,27.3782,524,34412,0.832397,0.69,2,1102345,1101821,524
93321281,28.0895,62.2756,472,34473,0.814479,0.67,2,1102364,1101892,472
93324201,48.0179,26.8551,507,34534,0.858896,0.73,2,1102417,1101910,507
93327121,43.2036,45.371,499,34595,0.867779,0.71,2,1102459,1101960,499
93330041,37.4407,43.4742,492,34656,0.869556,0.73,2,1102495,1102003,492
93332961,54.6881,36.6948,516,34717,0.901911,0.77,2,1102554,1102038,516
93478961,38,46,503,37640,0.71,1,1,1104586,1104083,503
93481881,34.8,38,501,37696,0.566,1,1,1104620,1104119,501
93484801,34.96,30,508,37752,0.4732,1,1,1104655,1104147,508
93487721,37.392,35.6,509,37808,0.34264,1,1,1104693,1104184,509
93490641,32.2784,34.32,506,37864,0.188528,1,1,1104724,1104218,506
93493561,38.4557,33.264,513,37920,0.0937056,1,1,1104764,1104251,513
93496481,30.8911,31.4528,511,37976,0.0907411,1,1,1104793,1104282,511
93499401,35.7782,29.4906,519,38032,0.0421482,1,1,1104830,1104311,519
93502321,43.9556,41.8981,520,38088,0.0324296,1,1,1104876,1104356,520
93505241,47.9911,42.7796,526,38143,0.0144859,1,1,1104925,1104399,526
93508161,51.9982,55.7559,520,38198,0.0268972,0.78,1,1104978,1104458,520
93511081,32.7996,55.9512,492,38253,0.0293794,0.85,1,1105006,1104514,492
93514001,33.7599,38.3902,492,38308,0.0298759,0.71,1,1105040,1104548,492
93516921,28.352,38.078,481,38363,0.0299752,0.53,1,1105067,1104586,481
93519841,28.8704,34.8156,476,38418,0.00599504,0.45,1,1105096,1104620,476
93522761,30.5741,34.9631,472,38473,0.025199,0.31,1,1105127,1104655,472
93525681,23.7148,37.3926,456,38528,0.0290398,0.15,1,1105149,1104693,456
93528601,35.143,32.2785,463,38583,0.061808,0.07,1,1105187,1104724,463
93531521,8.62859,38.4557,425,38638,0.100362,0.09,1,1105189,1104764,425
93534441,23.3257,30.8911,423,38693,0.0600723,0.03,1,1105216,1104793,423
93537361,33.4651,35.7782,422,38748,0.0840145,0.03,1,1105252,1104830,422
93540281,44.293,43.9556,423,38803,0.0888029,0.01,1,1105299,1104876,423
93543201,49.6586,47.9911,425,38857,0.0177606,0.03,1,1105350,1104925,425
93546121,49.9317,51.9982,422,38911,0.0915521,0.03,1,1105400,1104978,422
93549041,33.1863,32.7996,423,38965,0.0583104,0.03,1,1105429,1105006,423
93551961,33.8373,33.7599,423,39019,0.0196621,0.03,1,1105463,1105040,423
93554881,28.3675,28.352,423,39073,0.00393242,0,1,1105490,1105067,423
93557801,28.8735,28.8704,423,39127,0.0247865,0.03,1,1105519,1105096,423
93560721,29.7747,30.5741,422,39181,0.0289573,0.03,1,1105549,1105127,422
93563641,25.9549,23.7148,425,39235,0.0137915,0.07,1,1105574,1105149,425
93566561,33.991,35.143,423,39289,0.0587583,0.11,1,1105610,1105187,423
93569481,8.3982,8.62859,423,39343,0.0677517,0.05,1,1105612,1105189,423
93572401,25.6796,23.3257,426,39397,0.0855503,0.09,1,1105642,1105216,426
93575321,30.7359,33.4651,422,39451,0.10511,0.09,1,1105674,1105252,422
93578241,43.7472,44.293,422,39505,0.029022,0,1,1105721,1105299,422
93581161,50.3494,49.6586,423,39558,0.0458044,0.11,1,1105773,1105350,423
93584081,50.0699,49.9317,423,39611,0.0171609,0.05,1,1105823,1105400,423
93587001,32.414,33.1863,422,39664,0.0274322,0.01,1,1105851,1105429,422
93589921,33.6828,33.8373,422,39717,0.0454864,0,1,1105885,1105463,422
93592841,28.3366,28.3675,422,39770,0.0330973,0.03,1,1105912,1105490,422
93595761,28.8673,28.8735,422,39823,0.0306195,0.03,1,1105941,1105519,422
93598681,29.7735,29.7747,422,39876,0.0461239,0.01,1,1105971,1105549,422
93601601,25.9547,25.9549,422,39929,0.0172248,0.07,1,1105996,1105574,422
93604521,34.7909,33.991,423,39982,0.027445,0.07,1,1106033,1105610,423
93607441,8.55819,8.3982,423,40035,0.061489,0.09,1,1106035,1105612,423
93610361,26.5116,25.6796,424,40088,0.0842978,0.09,1,1106066,1105642,424
93613281,30.9023,5.13593,456,40141,0.0408596,0.11,1,1106098,1105642,456
93616201,41.3805,26.6272,468,40194,0.0161719,0.01,1,1106142,1105674,468
93619121,49.8761,42.9254,473,40247,0.0432344,0.05,1,1106194,1105721,473
93622041,49.9752,50.1851,471,40299,0.0486469,0.01,1,1106244,1105773,471
93624961,32.395,50.037,449,40351,0.0337294,0.03,1,1106272,1105823,449
93627881,35.279,32.4074,457,40403,0.0467459,0.05,1,1106308,1105851,457
93630801,27.0558,33.6815,448,40455,0.0813492,0.03,1,1106333,1105885,448
93633721,29.4112,28.3363,451,40507,0.0562698,0.03,1,1106363,1105912,451
93636641,29.0822,28.8673,451,40559,0.035254,0.05,1,1106392,1105941,451
93639561,26.6164,29.7735,447,40611,0.0630508,0.01,1,1106418,1105971,447
93642481,34.9233,25.9547,459,40663,0.0846102,0.03,1,1106455,1105996,459
93645401,8.58466,34.7909,424,40715,0.088922,0.07,1,1106457,1106033,424
93648321,28.1169,8.55819,455,40767,0.0737844,0.09,1,1106490,1106035,455
93651241,29.6234,26.5116,454,40819,0.118757,0.03,1,1106520,1106066,454
93654161,40.3247,30.9023,465,40871,0.0957514,0.01,1,1106563,1106098,465
93657081,52.0649,41.3805,476,40923,0.13915,0.05,1,1106618,1106142,476
93660001,49.613,49.8761,473,40975,0.14783,0.05,1,1106667,1106194,473
93662921,32.3226,49.9752,451,41027,0.149566,0.03,1,1106695,1106244,451
93665841,35.2645,32.395,459,41078,0.181913,0.05,1,1106731,1106272,459
93668761,27.0529,35.279,448,41129,0.204383,0.09,1,1106756,1106308,448
93671681,29.4106,27.0558,453,41180,0.240877,0.05,1,1106786,1106333,453
93674601,29.0821,29.4112,452,41231,0.264175,0.03,1,1106815,1106363,452
93677521,27.4164,29.0822,450,41282,0.252835,0.07,1,1106842,1106392,450
93680441,35.8833,26.6164,462,41333,0.250567,0.09,1,1106880,1106418,462
93683361,8.77666,34.9233,427,41384,0.250113,0.09,1,1106882,1106455,427
93686281,28.9553,8.58466,459,41435,0.282023,0.07,1,1106916,1106457,459
93689201,30.5911,28.1169,457,41486,0.336405,0.13,1,1106947,1106490,457
93692121,37.3182,29.6234,466,41537,0.363281,0.09,1,1106986,1106520,466
93695041,9.06364,40.3247,425,41588,0.368656,0.15,1,1106988,1106563,425
93697961,47.4127,52.0649,427,41639,0.353731,0.15,1,1107045,1106618,427
93700881,50.2825,49.613,429,41690,0.334746,0.15,1,1107096,1106667,429
93703801,34.0565,32.3226,431,41741,0.362949,0.19,1,1107126,1106695,431
93706721,35.6113,35.2645,431,41792,0.38459,0.21,1,1107162,1106731,431
93709641,28.7223,27.0529,433,41843,0.404918,0.25,1,1107189,1106756,433
93712561,30.5445,29.4106,434,41893,0.440984,0.27,1,1107220,1106786,434
93715481,28.5089,29.0821,433,41943,0.416197,0.25,1,1107248,1106815,433
93718401,28.1018,27.4164,434,41993,0.427239,0.25,1,1107276,1106842,434
93721321,37.6204,35.8833,436,42043,0.493448,0.25,1,1107316,1106880,436
93724241,9.12407,8.77666,436,42093,0.50669,0.29,1,1107318,1106882,436
93727161,30.6248,28.9553,438,42143,0.477338,0.35,1,1107354,1106916,438
93730081,31.725,30.5911,439,42193,0.471468,0.37,1,1107386,1106947,439
93733001,38.345,37.3182,440,42243,0.486294,0.37,1,1107426,1106986,440
93735921,9.269,9.06364,440,42293,0.457259,0.35,1,1107428,1106988,440
93738841,46.6538,47.4127,439,42343,0.467452,0.33,1,1107484,1107045,439
93741761,49.3308,50.2825,438,42393,0.50149,0.37,1,1107534,1107096,438
93744681,36.2662,34.0565,441,42443,0.540298,0.39,1,1107567,1107126,441
93747601,36.0532,35.6113,441,42493,0.53206,0.41,1,1107603,1107162,441
93750521,28.0106,28.7223,440,42543,0.562412,0.45,1,1107629,1107189,440
93753441,32.0021,30.5445,442,42593,0.568482,0.41,1,1107662,1107220,442
93756361,28.8004,28.5089,442,42643,0.569696,0.43,1,1107690,1107248,442
93759281,28.9601,28.1018,443,42692,0.585939,0.51,1,1107719,1107276,443
93762201,39.392,37.6204,445,42741,0.589188,0.51,1,1107761,1107316,445
93765121,9.4784,9.12407,445,42790,0.557838,0.47,1,1107763,1107318,445
93768041,29.0957,30.6248,443,42839,0.599567,0.47,1,1107797,1107354,443
93770961,31.4191,31.725,443,42888,0.623914,0.49,1,1107829,1107386,443
93773881,39.0838,38.345,444,42937,0.644783,0.45,1,1107870,1107426,444
93776801,9.41676,9.269,444,42986,0.616957,0.45,1,1107872,1107428,444
93779721,46.6834,1.8538,500,43035,0.611391,0.47,1,1107928,1107428,500
93782641,51.7367,45.1708,497,43084,0.626278,0.51,1,1107981,1107484,497
93785561,36.7473,49.0342,480,43133,0.645256,0.55,1,1108014,1107534,480
93788481,36.1495,36.2068,483,43182,0.633051,0.53,1,1108050,1107567,483
93791401,28.8299,36.0414,474,43231,0.66261,0.57,1,1108077,1107603,474
93794321,32.166,28.0083,481,43280,0.652522,0.57,1,1108110,1107629,481
93797241,29.6332,32.0017,477,43329,0.666504,0.57,1,1108139,1107662,477
93800161,28.3266,28.8003,477,43378,0.669301,0.59,1,1108167,1107690,477
93803081,40.0653,28.9601,491,43427,0.66986,0.59,1,1108210,1107719,491
93806001,9.61307,39.392,451,43476,0.669972,0.55,1,1108212,1107761,451
93808921,29.1226,9.4784,483,43525,0.685994,0.61,1,1108246,1107763,483
93811841,32.2245,29.0957,482,43573,0.721199,0.63,1,1108279,1107797,482
93814761,40.0449,31.4191,492,43621,0.77624,0.65,2,1108321,1107829,492
93817681,9.60898,39.0838,453,43669,0.787248,0.61,2,1108323,1107870,453
93820601,46.7218,9.41676,507,43717,0.82145,0.61,2,1108379,1107872,507
93823521,52.5444,46.6834,505,43765,0.82829,0.63,2,1108433,1107928,505
93826441,36.1089,51.7367,484,43813,0.877658,0.65,2,1108465,1107981,484
93829361,37.6218,36.7473,489,43861,0.903532,0.63,2,1108503,1108014,489
93832281,29.9244,36.1495,481,43909,0.908706,0.67,2,1108531,1108050,481
93835201,33.1849,28.8299,488,43957,0.925741,0.65,2,1108565,1108077,488
94235241,35,39,519,50100,0.83,1,2,1112846,1112327,519
94238161,33.4,41.4,510,50142,0.814,1,2,1112879,1112369,510
94241081,37.08,29.88,521,50184,0.7788,1,2,1112917,1112396,521
94244001,30.616,36.376,512,50226,0.78776,1,2,1112946,1112434,512
94246921,35.7232,32.0752,518,50268,0.885552,0.89,2,1112983,1112465,518
94249841,18.3446,35.215,496,50310,0.90511,0.9,2,1112997,1112501,496
94252761,5.26893,26.243,474,50352,0.909022,1,2,1112999,1112525,474
94255681,36.2538,36.4486,479,50394,0.909804,0.91,2,1113043,1112564,479
94258601,28.0508,35.2897,470,50436,0.941961,1,2,1113069,1112599,470
94273201,33,35,466,50646,0.91,0.97,2,1113184,1112718,466
94276121,29.8,30.2,466,50688,0.894,0.91,2,1113213,1112747,466
94279041,28.36,26.04,469,50730,0.9388,0.81,2,1113241,1112772,469
94281961,34.472,36.408,466,50772,0.94776,0.83,2,1113277,1112811,466
94525781,66,47,497,24905,0.59,1,1,1115740,1115243,497
94528701,82,66.2,512,24990,0.478,1,1,1115826,1115314,512
94531621,84.4,78.84,515,25075,0.4716,0.95,1,1115911,1115396,515
94534541,42.48,67.768,482,25160,0.45432,0.93,1,1115943,1115461,482
94537461,57.296,61.5536,483,25244,0.434864,0.85,1,1116004,1115521,483
94540381,33.8592,37.1107,480,25328,0.462973,0.87,1,1116032,1115552,480
94543301,19.5718,25.0221,474,25412,0.500595,0.81,1,1116048,1115574,474
94546221,31.1144,31.4044,475,25495,0.476119,0.69,1,1116082,1115607,475
94549141,89.4229,59.8809,512,25578,0.471224,0.59,1,1116186,1115674,512
94552061,84.2846,64.7762,529,25661,0.486245,0.45,1,1116269,1115740,529
94554981,84.0569,81.7552,527,25744,0.457249,0.47,1,1116353,1115826,527
94557901,40.8114,84.351,472,25826,0.46745,0.45,1,1116383,1115911,472
94560821,59.3623,42.4702,504,25908,0.54949,0.43,1,1116447,1115943,504
94563741,35.8725,57.294,473,25990,0.597898,0.47,1,1116477,1116004,473
94566661,19.9745,33.8588,461,26072,0.57558,0.51,1,1116493,1116032,461
94569581,29.5949,19.5718,477,26153,0.603116,0.47,1,1116525,1116048,477
94572501,89.919,31.1144,548,26234,0.624623,0.47,1,1116630,1116082,548
94575421,85.1838,89.4229,528,26315,0.756925,0.49,2,1116714,1116186,528
94578341,82.6368,84.2846,527,26396,0.783385,0.45,2,1116796,1116269,527
94581261,41.3274,84.0569,474,26476,0.836677,0.47,2,1116827,1116353,474
94584181,63.4655,40.8114,513,26556,0.863335,0.57,2,1116896,1116383,513
94587101,38.2931,59.3623,481,26636,0.900667,0.61,2,1116928,1116447,481
94590021,18.8586,35.8725,465,26716,0.924133,0.57,2,1116942,1116477,465
94592941,30.9717,19.9745,483,26795,0.928827,0.61,2,1116976,1116493,483
94995901,39,41,500,36092,0.73,1,1,1123540,1123040,500
94998821,47,40.2,509,36151,0.634,1,1,1123589,1123080,509
95001741,36.6,34.44,510,36209,0.5348,1,1,1123623,1123113,510
95004661,30.52,44.488,492,36267,0.48296,1,1,1123652,1123160,492
95007581,40.504,39.2976,497,36325,0.312592,1,1,1123695,1123198,497
95010501,33.7008,51.0595,475,36383,0.182518,1,1,1123727,1123252,475
95013421,40.3402,39.0119,481,36441,0.0605037,1,1,1123769,1123288,481
95016341,42.468,35.8024,489,36499,0.0841007,1,1,1123812,1123323,489
95019261,26.0936,25.5605,488,36557,0.0408201,1,1,1123834,1123346,488
95022181,40.4187,49.1121,477,36615,0.00816403,0.94,1,1123878,1123401,477
95025101,48.8837,59.4224,466,36673,0.00963281,0.88,1,1123929,1123463,466
95028021,36.1767,42.2845,461,36731,0.0419266,0.73,1,1123962,1123501,461
95030941,35.2353,39.6569,457,36789,0.0323853,0.61,1,1123997,1123540,457
95033861,41.4471,47.1314,451,36846,0.0944771,0.51,1,1124040,1123589,451
95036781,33.8894,36.6263,449,36903,0.0428954,0.47,1,1124072,1123623,449
95039701,22.7779,30.5253,440,36960,0.0805791,0.27,1,1124092,1123652,440
95042621,34.9556,40.5051,435,37017,0.104116,0.15,1,1124130,1123695,435
95045541,27.7911,33.701,429,37074,0.0768232,0.03,1,1124156,1123727,429
95048461,33.5582,40.3402,422,37131,0.0393646,0.09,1,1124191,1123769,422
95051381,41.9116,42.468,423,37188,0.0158729,0.09,1,1124235,1123812,423
95054301,24.3823,8.49361,443,37245,0.0111746,0.03,1,1124255,1123812,443
95057221,40.8765,19.2987,466,37302,0.0262349,0,1,1124300,1123834,466
95060141,49.7753,39.0597,474,37359,0.00524698,0.01,1,1124352,1123878,474
95063061,35.5551,48.6119,455,37416,0.0730494,0.05,1,1124384,1123929,455
95065981,35.911,36.1224,458,37472,0.0546099,0.03,1,1124420,1123962,458
95068901,41.5822,35.2245,466,37528,0.066922,0.11,1,1124463,1123997,466
95071821,33.9164,41.4449,455,37584,0.0533844,0.03,1,1124495,1124040,455
95074741,22.7833,33.889,443,37640,0.114677,0.09,1,1124515,1124072,443
95077661,37.3567,22.7778,464,37696,0.174935,0.11,1,1124556,1124092,464
95080581,25.0713,34.9556,448,37752,0.202987,0.07,1,1124578,1124130,448
95083501,32.2143,27.7911,456,37808,0.208597,0.03,1,1124612,1124156,456
95086421,41.6429,33.5582,465,37864,0.0977195,0.01,1,1124656,1124191,465
95089341,24.3286,41.9116,441,37920,0.0435439,0.01,1,1124676,1124235,441
95092261,41.6657,24.3823,467,37976,0.0167088,0.03,1,1124722,1124255,467
95095181,50.7331,40.8765,475,38032,0.0113418,0,1,1124775,1124300,475
95098101,37.3466,49.7753,457,38088,0.0422684,0.09,1,1124809,1124352,457
95101021,34.6693,35.5551,459,38143,0.0324537,0.05,1,1124843,1124384,459
95103941,40.5339,35.911,465,38198,0.0144907,0.07,1,1124885,1124420,465
95106861,35.3068,41.5822,456,38253,0.0108981,0.05,1,1124919,1124463,456
95109781,27.8614,33.9164,450,38308,0.0261796,0.13,1,1124945,1124495,450
95112701,39.1723,22.7833,472,38363,0.0612359,0.19,1,1124987,1124515,472
95115621,25.4345,37.3567,453,38418,0.0842472,0.21,1,1125009,1124556,453
95118541,27.4869,25.0713,459,38473,0.104849,0.21,1,1125037,1124578,459
95121461,39.0974,32.2143,467,38528,0.12497,0.07,1,1125079,1124612,467
95124381,22.2195,41.6429,441,38583,0.128994,0.03,1,1125097,1124656,441
95127301,6.04389,24.3286,423,38638,0.129799,0.01,1,1125099,1124676,423
95130221,38.0088,41.6657,423,38693,0.0499598,0.01,1,1125145,1124722,423
95133141,50.0018,50.7331,423,38748,0.033992,0.05,1,1125198,1124775,423
95136061,38.0004,37.3466,424,38803,0.0307984,0.03,1,1125233,1124809,424
95138981,34.0001,34.6693,423,38857,0.0461597,0.01,1,1125266,1124843,423
95141901,40.4,40.5339,423,38911,0.0332319,0.01,1,1125308,1124885,423
95144821,35.28,35.3068,423,38965,0.0466464,0.03,1,1125342,1124919,423
95147741,27.856,27.8614,423,39019,0.0493293,0.07,1,1125368,1124945,423
95150661,40.7712,39.1723,425,39073,0.0178659,0.09,1,1125412,1124987,425
95153581,26.5542,25.4345,426,39127,0.0275732,0.11,1,1125435,1125009,426
95156501,29.3108,27.4869,428,39181,0.0935146,0.13,1,1125465,1125037,428
95159421,41.0622,39.0974,430,39235,0.138703,0.13,1,1125509,1125079,430
95162341,19.4124,22.2195,426,39289,0.179741,0.13,1,1125523,1125097,426
95165261,5.48249,6.04389,426,39343,0.187948,0.03,1,1125525,1125099,426
95168181,34.6965,38.0088,422,39397,0.17359,0.03,1,1125567,1125145,422
95171101,49.3393,50.0018,422,39451,0.106718,0.03,1,1125620,1125198,422
95174021,37.8679,38.0004,422,39505,0.0933436,0.05,1,1125655,1125233,422
95176941,33.9736,34.0001,422,39558,0.0746687,0.03,1,1125688,1125266,422
95179861,40.3947,40.4,422,39611,0.0389337,0.05,1,1125730,1125308,422
95182781,35.2789,35.28,422,39664,0.0477867,0.05,1,1125764,1125342,422
95185701,27.8558,27.856,422,39717,0.0655573,0.01,1,1125790,1125368,422
95188621,41.5712,40.7712,423,39770,0.0691115,0.03,1,1125835,1125412,423
95191541,27.5142,26.5542,424,39823,0.0698223,0.11,1,1125859,1125435,424
95194461,30.3028,29.3108,425,39876,0.0859645,0.15,1,1125890,1125465,425
95197381,44.4606,41.0622,429,39929,0.0731929,0.19,1,1125938,1125509,429
95200301,20.0921,19.4124,429,39982,0.102639,0.19,1,1125952,1125523,429
95203221,5.61842,5.48249,429,40035,0.108528,0.17,1,1125954,1125525,429
95206141,33.9237,34.6965,428,40088,0.109706,0.17,1,1125995,1125567,428
95209061,45.9847,6.9393,477,40141,0.0939411,0.09,1,1126044,1125567,477
95211981,36.3969,43.7879,458,40194,0.0907882,0.09,1,1126078,1125620,458
95214901,32.8794,36.7576,455,40247,0.106158,0.07,1,1126110,1125655,455
95217821,39.3759,33.7515,463,40299,0.0932315,0.03,1,1126151,1125688,463
95220741,35.0752,40.3503,455,40351,0.0586463,0.05,1,1126185,1125730,455
95223661,28.615,35.2701,448,40403,0.0357293,0.07,1,1126212,1125764,448
95226581,43.323,27.854,469,40455,0.0791459,0.07,1,1126259,1125790,469
95229501,27.8646,41.5708,448,40507,0.0878292,0.07,1,1126283,1125835,448
95232421,31.1729,27.5142,456,40559,0.105566,0.09,1,1126315,1125859,456
95235341,43.8346,30.3028,472,40611,0.157113,0.07,1,1126362,1125890,472
95238261,19.9669,44.4606,438,40663,0.167423,0.11,1,1126376,1125938,438
95241181,5.59338,20.0921,426,40715,0.169485,0.11,1,1126378,1125952,426
95244101,33.9187,5.61842,465,40767,0.185897,0.11,1,1126419,1125954,465
95247021,46.7837,33.9237,474,40819,0.253179,0.09,1,1126469,1125995,474
95249941,36.5567,45.9847,459,40871,0.282636,0.09,1,1126503,1126044,459
95252861,33.7113,36.3969,458,40923,0.320527,0.11,1,1126536,1126078,458
95255781,37.1423,32.8794,464,40975,0.328105,0.09,1,1126574,1126110,464
95258701,34.6285,39.3759,457,41027,0.329621,0.05,1,1126608,1126151,457
95261621,28.5257,35.0752,450,41078,0.313924,0.03,1,1126635,1126185,450
95264541,44.9051,28.615,472,41129,0.358785,0.09,1,1126684,1126212,472
95267461,28.181,43.323,449,41180,0.399757,0.09,1,1126708,1126259,449
95270381,32.8362,27.8646,459,41231,0.407951,0.11,1,1126742,1126283,459
95273301,45.7672,31.1729,476,41282,0.39359,0.17,1,1126791,1126315,476
95276221,20.3534,43.8346,443,41333,0.390718,0.17,1,1126805,1126362,443
95279141,5.67069,19.9669,431,41384,0.406144,0.17,1,1126807,1126376,431
95282061,35.5341,5.59338,472,41435,0.441229,0.19,1,1126850,1126378,472
95284981,50.3068,33.9187,485,41486,0.496246,0.27,1,1126904,1126419,485
95287901,37.2614,46.7837,469,41537,0.507249,0.29,1,1126938,1126469,469
95290821,9.05227,36.5567,437,41588,0.52545,0.33,1,1126940,1126503,437
95293741,29.0105,33.7113,438,41639,0.56109,0.33,1,1126974,1126536,438
95296661,36.2021,37.1423,438,41690,0.536218,0.33,1,1127012,1126574,438
95299581,34.4404,34.6285,438,41741,0.579244,0.31,1,1127046,1126608,438
95302501,29.2881,28.5257,439,41792,0.587849,0.37,1,1127074,1126635,439
95305421,45.8576,44.9051,440,41843,0.60557,0.41,1,1127124,1126684,440
95308341,29.9715,28.181,442,41893,0.609114,0.41,1,1127150,1126708,442
95311261,31.5943,32.8362,440,41943,0.593823,0.39,1,1127182,1126742,440
95314181,46.3189,45.7672,441,41993,0.590765,0.39,1,1127232,1126791,441
95317101,21.2638,20.3534,442,42043,0.622153,0.41,1,1127247,1126805,442
95320021,5.85275,5.67069,442,42093,0.628431,0.45,1,1127249,1126807,442
95322941,37.1706,35.5341,444,42143,0.645686,0.51,1,1127294,1126850,444
95325861,53.0341,50.3068,447,42193,0.713137,0.51,1,1127351,1126904,447
95328781,38.6068,37.2614,448,42243,0.758627,0.53,2,1127386,1126938,448
95331701,9.32136,9.05227,448,42293,0.799725,0.57,2,1127388,1126940,448
95334621,29.0643,29.0105,448,42343,0.839945,0.53,2,1127422,1126974,448
95337541,36.2129,36.2021,448,42393,0.815989,0.59,2,1127460,1127012,448
95340461,35.2426,34.4404,449,42443,0.827198,0.59,2,1127495,1127046,449
95343381,29.4485,29.2881,449,42493,0.79744,0.61,2,1127523,1127074,449
95346301,46.6897,45.8576,450,42543,0.807488,0.61,2,1127574,1127124,450
95349221,30.9379,29.9715,451,42593,0.793498,0.59,2,1127601,1127150,451
95352141,31.7876,31.5943,451,42643,0.7907,0.59,2,1127633,1127182,451
95355061,47.1575,46.3189,452,42692,0.80614,0.63,2,1127684,1127232,452
95357981,21.4315,21.2638,452,42741,0.825228,0.63,2,1127699,1127247,452
95360901,5.8863,5.85275,452,42790,0.829046,0.65,2,1127701,1127249,452
95363821,39.5773,37.1706,455,42839,0.829809,0.73,2,1127749,1127294,455
95366741,55.1155,53.0341,457,42888,0.797962,0.77,2,1127808,1127351,457
95369661,41.4231,38.6068,460,42937,0.775592,0.81,2,1127846,1127386,460
95372581,9.88462,9.32136,460,42986,0.803119,0.81,2,1127848,1127388,460
95375501,29.9769,1.86427,495,43035,0.824624,0.85,2,1127883,1127388,495
95378421,36.3954,27.5729,499,43084,0.828925,0.81,2,1127921,1127422,499
95381341,34.4791,35.9146,495,43133,0.829785,0.83,2,1127955,1127460,495
95384261,29.2958,35.1829,488,43182,0.845957,0.79,2,1127983,1127495,488
95387181,45.8592,29.4366,510,43231,0.849191,0.81,2,1128033,1127523,510
95390101,29.9718,46.6873,485,43280,0.849838,0.79,2,1128059,1127574,485
95393021,33.1944,30.9375,492,43329,0.849968,0.79,2,1128093,1127601,492
95395941,48.2389,31.7875,512,43378,0.865993,0.81,2,1128145,1127633,512
95398861,22.4478,47.1575,477,43427,0.869199,0.83,2,1128161,1127684,477
95401781,6.08955,21.4315,464,43476,0.86984,0.83,2,1128163,1127699,464
95404701,38.0179,5.8863,508,43525,0.901968,0.83,2,1128209,1127701,508
95568221,35,35,522,46159,0.87,1,2,1130051,1129529,522
95571141,27.8,39.8,507,46205,0.854,1,2,1130077,1129570,507
95574061,30.36,31.96,508,46251,0.8348,1,2,1130108,1129600,508
95576981,30.872,26.392,514,46297,0.79896,1,2,1130139,1129625,514
95579901,32.5744,26.8784,520,46343,0.759792,1,2,1130172,1129652,520
95582821,43.3149,39.7757,523,46388,0.639958,1,1,1130218,1129695,523
95585741,33.463,43.9551,509,46433,0.631992,1,1,1130249,1129740,509
95588661,45.0926,44.791,512,46478,0.518398,1,1,1130297,1129785,512
95591581,30.6185,38.5582,502,46523,0.49568,0.92,1,1130324,1129822,502
95594501,23.7237,29.3116,497,46568,0.491136,1,1,1130346,1129849,497
95597421,33.5447,28.2623,505,46613,0.602227,1,1,1130382,1129877,505
95600341,38.7089,36.0525,507,46658,0.560445,0.97,1,1130422,1129915,507
95603261,22.1418,36.0105,489,46703,0.504089,0.95,1,1130440,1129951,489
95606181,14.8284,24.8021,480,46748,0.492818,0.93,1,1130453,1129973,480
95609101,28.5657,14.5604,500,46793,0.458564,0.89,1,1130485,1129985,500
95612021,32.1131,27.7121,502,46838,0.435713,0.87,1,1130518,1130016,502
95614941,23.2226,33.5424,488,46883,0.399143,0.85,1,1130539,1130051,488
95617861,27.8445,27.5085,491,46928,0.423829,0.83,1,1130568,1130077,491
95620781,28.7689,30.3017,489,46973,0.428766,0.79,1,1130597,1130108,489
95623701,28.1538,30.8603,486,47018,0.413753,0.75,1,1130625,1130139,486
95626621,40.8308,32.5721,497,47063,0.426751,0.61,1,1130669,1130172,497
95629541,32.1662,43.3144,481,47108,0.42935,0.63,1,1130699,1130218,481
95632461,41.6332,33.4629,494,47153,0.46187,0.49,1,1130743,1130249,494
95635381,29.9266,45.0926,473,47198,0.484374,0.49,1,1130770,1130297,473
95638301,22.7853,30.6185,467,47243,0.472875,0.49,1,1130791,1130324,467
95641221,36.5571,23.7237,485,47288,0.534575,0.63,1,1130831,1130346,485
95644141,36.9114,33.5447,486,47333,0.546915,0.55,1,1130868,1130382,486
95647061,20.9823,38.7089,463,47378,0.549383,0.49,1,1130885,1130422,463
95649981,5.79646,22.1418,447,47422,0.549877,0.49,1,1130887,1130440,447
95652901,10.7593,14.8284,446,47466,0.581975,0.45,1,1130899,1130453,446
95655821,26.1519,28.5657,444,47510,0.572395,0.43,1,1130929,1130485,444
95658741,30.8304,32.1131,443,47554,0.634479,0.39,1,1130961,1130518,443
95661661,22.9661,23.2226,443,47598,0.630896,0.43,1,1130982,1130539,443
95664581,27.7932,27.8445,443,47642,0.614179,0.43,1,1131011,1130568,443
95667501,29.5586,28.7689,444,47686,0.610836,0.41,1,1131041,1130597,444
95670421,26.7117,28.1538,442,47730,0.658167,0.43,1,1131067,1130625,442
95673341,41.3423,40.8308,443,47774,0.667633,0.43,1,1131112,1130669,443
95676261,32.2685,32.1662,443,47818,0.669527,0.47,1,1131142,1130699,443
95679181,43.2537,41.6332,445,47862,0.733905,0.49,1,1131188,1130743,445
95682101,29.4507,29.9266,444,47906,0.746781,0.47,1,1131214,1130770,444
95685021,25.0901,22.7853,447,47950,0.717356,0.55,1,1131238,1130791,447
95687941,37.018,36.5571,447,47994,0.759471,0.55,2,1131278,1130831,447
95690861,39.4036,36.9114,450,48038,0.767894,0.55,2,1131318,1130868,450
95693781,20.6807,20.9823,449,48082,0.801579,0.55,2,1131334,1130885,449
95696701,5.73614,5.79646,449,48126,0.840316,0.59,2,1131336,1130887,449
95699621,10.7472,10.7593,449,48170,0.848063,0.57,2,1131348,1130899,449
95702541,26.9494,26.1519,450,48214,0.897613,0.65,2,1131379,1130929,450
95705461,32.5899,30.8304,452,48258,0.923523,0.63,2,1131413,1130961,452
95708381,22.518,22.9661,451,48302,0.896705,0.61,2,1131433,1130982,451
95711301,28.5036,27.7932,452,48346,0.923341,0.61,2,1131463,1131011,452
95714221,30.5007,29.5586,453,48390,0.912668,0.67,2,1131494,1131041,453
95717141,26.9001,26.7117,453,48434,0.926534,0.67,2,1131520,1131067,453
95720061,42.98,41.3423,455,48478,0.897307,0.67,2,1131567,1131112,455
95722981,32.596,32.2685,455,48521,0.891461,0.75,2,1131597,1131142,455
95743421,2,2,462,48822,0.91,0.85,2,1131798,1131336,462
95746341,10.8,10,463,48865,0.926,0.85,2,1131811,1131348,463
95950741,89,75,520,23541,0.31,1,1,1133981,1133461,520
95953661,55.4,72.6,495,23631,0.23,1,1,1134028,1133533,495
95956581,72.68,70.52,502,23721,0.278,0.71,1,1134105,1133603,502
95959501,72.936,72.504,502,23810,0.2876,0.65,1,1134178,1133676,502
95962421,69.7872,68.9008,503,23899,0.30552,0.41,1,1134247,1133744,503
95965341,30.7574,73.7802,449,23988,0.309104,0.35,1,1134268,1133819,449
95968261,22.1515,31.556,448,24076,0.373821,0.33,1,1134288,1133840,448
95971181,38.8303,47.9112,439,24164,0.402764,0.31,1,1134331,1133892,439
95974101,75.7661,80.7822,435,24252,0.408553,0.21,1,1134416,1133981,435
95977021,49.5532,53.7565,431,24339,0.393711,0.29,1,1134459,1134028,431
95979941,73.9106,72.3513,434,24426,0.422742,0.29,1,1134539,1134105,434
95982861,74.7821,72.8703,436,24513,0.396548,0.31,1,1134614,1134178,436
95985781,70.1564,69.7741,436,24599,0.43931,0.31,1,1134683,1134247,436
95988701,31.6313,30.7548,437,24685,0.463862,0.39,1,1134705,1134268,437
95991621,23.9263,22.151,439,24771,0.532772,0.41,1,1134727,1134288,439
95994541,39.9853,38.8302,440,24857,0.498554,0.41,1,1134771,1134331,440
95997461,75.997,75.766,440,24942,0.587711,0.39,1,1134856,1134416,440
96000381,50.3994,49.5532,441,25027,0.621542,0.43,1,1134900,1134459,441
96003301,74.0799,73.9106,441,25112,0.612308,0.39,1,1134980,1134539,441
96006221,74.816,74.7821,441,25196,0.642462,0.45,1,1135055,1134614,441
96009141,73.3632,70.1564,445,25280,0.712492,0.47,1,1135128,1134683,445
96012061,32.2726,31.6313,445,25364,0.758498,0.55,2,1135150,1134705,445
96014981,25.6545,23.9263,447,25448,0.7357,0.55,1,1135174,1134727,447
96017901,38.7309,4.78525,489,25531,0.76314,0.49,2,1135216,1134727,489
96020821,78.9462,36.1571,534,25614,0.832628,0.61,2,1135305,1134771,534
96023741,51.7892,75.2314,494,25697,0.878526,0.63,2,1135350,1134856,494
96026661,75.9578,50.2463,532,25779,0.887705,0.61,2,1135432,1134900,532
96029581,76.7916,74.0493,529,25861,0.921541,0.65,2,1135509,1134980,529
96032501,76.1583,74.8099,530,25943,0.944308,0.73,2,1135585,1135055,530
96163901,60,57,530,29391,0.71,1,1,1137996,1137466,530
96166821,30.4,54.6,499,29463,0.726,1,1,1138019,1137520,499
96169741,38.88,30.92,515,29535,0.6012,1,1,1138060,1137545,515
96172661,67.776,34.184,555,29607,0.43224,1,1,1138135,1137580,555
96175581,51.9552,75.6368,517,29678,0.270448,0.99,1,1138183,1137666,517
96178501,42.391,51.1274,512,29749,0.20609,0.98,1,1138223,1137711,512
96181421,34.0782,43.0255,503,29820,0.161218,1,1,1138255,1137752,503
96184341,8.41564,35.0051,472,29891,0.184244,0.9,1,1138257,1137785,472
96187261,73.6831,83.801,466,29962,0.0608487,0.81,1,1138347,1137881,466
96190181,56.3366,60.7602,463,30033,0.0521697,0.71,1,1138399,1137936,463
96193101,51.2673,60.152,453,30103,0.0344339,0.73,1,1138449,1137996,453
96196021,27.8535,30.4304,452,30173,0.0468868,0.57,1,1138471,1138019,452
96198941,36.7707,38.8861,450,30243,0.0173774,0.39,1,1138510,1138060,450
96201861,57.7541,67.7772,438,30313,0.0274755,0.23,1,1138573,1138135,438
96204781,45.9508,51.9554,433,30383,0.0614951,0.19,1,1138616,1138183,433
96207701,36.3902,42.3911,427,30453,0.052299,0.15,1,1138650,1138223,427
96210621,33.678,34.0782,428,30522,0.0984598,0.19,1,1138683,1138255,428
96213541,8.33561,8.41564,428,30591,0.107692,0.03,1,1138685,1138257,428
96216461,68.8671,73.6831,422,30660,0.125538,0.05,1,1138769,1138347,422
96219381,55.3734,56.3366,422,30729,0.145108,0.03,1,1138821,1138399,422
96222301,51.0747,51.2673,422,30798,0.101022,0.05,1,1138871,1138449,422
96225221,29.4149,27.8535,424,30867,0.0602043,0.01,1,1138895,1138471,424
96228141,36.283,36.7707,423,30936,0.116041,0.03,1,1138933,1138510,423
96231061,56.8566,57.7541,422,31004,0.175208,0.07,1,1138995,1138573,422
96233981,46.5713,45.9508,423,31072,0.171042,0.05,1,1139039,1138616,423
96236901,38.9143,36.3902,426,31140,0.202208,0.11,1,1139076,1138650,426
96239821,33.3829,33.678,425,31208,0.224442,0.11,1,1139108,1138683,425
96242741,8.27657,8.33561,425,31276,0.260888,0.11,1,1139110,1138685,425
96245661,68.8553,1.66712,509,31344,0.300178,0.13,1,1139194,1138685,509
96248581,56.9711,67.5334,479,31412,0.292036,0.15,1,1139248,1138769,479
96251501,48.1942,55.1067,473,31479,0.290407,0.09,1,1139294,1138821,473
96254421,31.2388,51.0213,450,31546,0.290081,0.05,1,1139321,1138871,450
96257341,35.8478,29.4043,463,31613,0.322016,0.13,1,1139358,1138895,463
96260261,59.1696,36.2809,490,31680,0.360403,0.19,1,1139423,1138933,490
96263181,48.6339,56.8562,474,31747,0.400081,0.17,1,1139469,1138995,474
96266101,40.1268,46.5712,468,31814,0.376016,0.21,1,1139507,1139039,468
96269021,35.2254,38.9142,465,31881,0.387203,0.23,1,1139541,1139076,465
96271941,8.64507,33.3828,435,31947,0.389441,0.27,1,1139543,1139108,435
96274861,71.329,8.27657,520,32013,0.389888,0.31,1,1139630,1139110,520
96277781,56.6658,68.8553,489,32079,0.389978,0.29,1,1139683,1139194,489
96280701,48.9332,56.9711,482,32145,0.421996,0.29,1,1139730,1139248,482
96283621,32.1866,48.1942,464,32211,0.444399,0.29,1,1139758,1139294,464
96286541,36.0373,31.2388,474,32277,0.43288,0.33,1,1139795,1139321,474
96289461,60.8075,35.8478,504,32343,0.478576,0.37,1,1139862,1139358,504
96292381,48.9615,59.1696,485,32408,0.503715,0.41,1,1139908,1139423,485
96295301,40.1923,48.6339,477,32473,0.508743,0.37,1,1139946,1139469,477
96298221,34.4385,40.1268,472,32538,0.509749,0.39,1,1139979,1139507,472
96301141,8.48769,35.2254,440,32603,0.52595,0.39,1,1139981,1139541,440
96304061,72.8975,8.64507,527,32668,0.57719,0.39,1,1140070,1139543,527
96306981,56.9795,71.329,493,32733,0.571438,0.39,1,1140123,1139630,493
96309901,12.9959,56.6658,442,32798,0.570288,0.43,1,1140125,1139683,442
96312821,41.7992,48.9332,444,32862,0.586057,0.45,1,1140174,1139730,444
96315741,30.7598,32.1866,444,32926,0.637212,0.43,1,1140202,1139758,444
96318661,35.752,36.0373,444,32990,0.647442,0.49,1,1140239,1139795,444
96321581,62.3504,60.8075,446,33054,0.665488,0.51,1,1140308,1139862,446
96324501,50.0701,48.9615,447,33118,0.621098,0.51,1,1140355,1139908,447
96327421,40.414,40.1923,447,33182,0.66022,0.51,1,1140393,1139946,447
96330341,35.2828,34.4385,448,33246,0.652044,0.53,1,1140427,1139979,448
96333261,8.65656,8.48769,448,33310,0.650409,0.59,1,1140429,1139981,448
96336181,75.3313,72.8975,451,33373,0.730082,0.57,1,1140521,1140070,451
96339101,56.6663,56.9795,450,33436,0.762016,0.57,2,1140573,1140123,450
96342021,12.9333,12.9959,450,33499,0.768403,0.59,2,1140575,1140125,450
96344941,42.5867,41.7992,451,33562,0.753681,0.65,2,1140625,1140174,451
96347861,32.5173,30.7598,453,33625,0.814736,0.65,2,1140655,1140202,453
96350781,35.3035,35.752,452,33688,0.826947,0.67,2,1140691,1140239,452
96353701,63.0607,62.3504,453,33751,0.797389,0.61,2,1140761,1140308,453
96356621,49.4121,50.0701,452,33814,0.823478,0.67,2,1140807,1140355,452
96359541,41.8824,40.414,454,33877,0.892696,0.65,2,1140847,1140393,454
96362461,35.5765,35.2828,454,33939,0.922539,0.65,2,1140881,1140427,454
96546421,39,34,507,37662,0.63,1,1,1143499,1142992,507
96549341,31.8,30.8,507,37718,0.55,1,1,1143529,1143022,507
96552261,43.16,38.96,512,37774,0.374,1,1,1143575,1143063,512
96555181,38.232,39.792,509,37830,0.2908,0.94,1,1143612,1143103,509
96558101,24.4464,32.7584,499,37886,0.21016,1,1,1143633,1143134,499
96561021,22.4893,21.7517,502,37942,0.098032,1,1,1143655,1143153,502
96563941,30.8979,29.1503,504,37998,0.0276064,1,1,1143688,1143184,504
96566861,54.1796,34.6301,528,38054,0.0295213,1,1,1143748,1143220,528
96569781,27.6359,48.526,497,38110,0.0299043,1,1,1143769,1143272,497
96572701,43.9272,31.3052,518,38165,0.0939809,0.95,1,1143817,1143299,518
96575621,60.7854,43.061,537,38220,0.0427962,0.87,1,1143882,1143345,537
96578541,36.9571,71.0122,490,38275,0.0805592,0.75,1,1143913,1143423,490
96581461,33.7914,43.8024,486,38330,0.120112,0.63,1,1143946,1143460,486
96584381,28.3583,39.9605,474,38385,0.0640224,0.53,1,1143973,1143499,474
96587301,39.2717,31.9921,486,38440,0.0848045,0.33,1,1144015,1143529,486
96590221,30.2543,43.1984,468,38495,0.0889609,0.27,1,1144043,1143575,468
96593141,19.6509,38.2397,448,38550,0.105792,0.19,1,1144060,1143612,448
96596061,18.3302,24.4479,445,38605,0.109158,0.07,1,1144078,1143633,445
96598981,5.26603,22.4896,425,38660,0.109832,0.01,1,1144080,1143655,425
96601901,25.0532,30.8979,422,38715,0.141966,0.03,1,1144110,1143688,422
96604821,53.8106,54.1796,423,38770,0.0683933,0.03,1,1144171,1143748,423
96607741,27.5621,27.6359,423,38824,0.0216787,0.11,1,1144192,1143769,423
96610661,46.3124,43.9272,426,38878,0.0283357,0.03,1,1144243,1143817,426
96613581,59.6625,60.7854,424,38932,0.0616671,0.09,1,1144306,1143882,424
96616501,39.9325,36.9571,428,38986,0.100333,0.13,1,1144341,1143913,428
96619421,33.5865,33.7914,427,39040,0.108067,0.05,1,1144373,1143946,427
96622341,29.1173,28.3583,428,39094,0.109613,0.09,1,1144401,1143973,428
96625261,37.8235,39.2717,426,39148,0.125923,0.09,1,1144441,1144015,426
96628181,31.5647,30.2543,428,39202,0.129185,0.11,1,1144471,1144043,428
96631101,19.1129,19.6509,427,39256,0.129837,0.11,1,1144487,1144060,427
96634021,18.2226,18.3302,427,39310,0.0979674,0.11,1,1144505,1144078,427
96636941,5.24452,5.26603,427,39364,0.0915935,0.15,1,1144507,1144080,427
96639861,21.8489,25.0532,423,39418,0.0903187,0.05,1,1144533,1144110,423
96642781,52.3698,53.8106,422,39472,0.154064,0.01,1,1144593,1144171,422
96645701,27.274,27.5621,422,39526,0.118813,0.03,1,1144614,1144192,422
96648621,47.0548,46.3124,423,39579,0.143763,0.07,1,1144666,1144243,423
96651541,59.811,59.6625,423,39632,0.228752,0.11,1,1144729,1144306,423
96654461,41.5622,39.9325,425,39685,0.277751,0.11,1,1144766,1144341,425
96657381,33.9124,33.5865,425,39738,0.31955,0.11,1,1144798,1144373,425
96660301,29.1825,29.1173,425,39791,0.37591,0.13,1,1144826,1144401,425
96663221,38.6365,37.8235,426,39844,0.419182,0.13,1,1144867,1144441,426
96666141,31.7273,31.5647,426,39897,0.395836,0.13,1,1144897,1144471,426
96669061,19.1455,19.1129,426,39950,0.423167,0.09,1,1144913,1144487,426
96671981,18.2291,18.2226,426,40003,0.396633,0.09,1,1144931,1144505,426
96674901,5.24582,5.24452,426,40056,0.391327,0.09,1,1144933,1144507,426
96677821,21.8492,21.8489,426,40109,0.390265,0.09,1,1144959,1144533,426
96680741,53.1698,4.36978,487,40162,0.374053,0.17,1,1145020,1144533,487
96683661,26.634,48.874,447,40215,0.370811,0.11,1,1145040,1144593,447
96686581,49.3268,26.5748,481,40268,0.402162,0.15,1,1145095,1144614,481
96689501,61.8654,46.915,494,40320,0.408432,0.25,1,1145160,1144666,494
96692421,45.9731,59.783,473,40372,0.425686,0.29,1,1145202,1144729,473
96695341,35.5946,41.5566,469,40424,0.509137,0.33,1,1145235,1144766,469
96698261,30.3189,33.9113,466,40476,0.509827,0.39,1,1145264,1144798,466
96701181,40.4638,29.1823,481,40528,0.541965,0.43,1,1145307,1144826,481
96704101,32.0928,38.6365,470,40580,0.548393,0.39,1,1145337,1144867,470
96707021,19.2186,31.7273,456,40632,0.549679,0.43,1,1145353,1144897,456
96709941,18.2437,19.1455,458,40684,0.549936,0.39,1,1145371,1144913,458
96712861,5.24874,18.2291,442,40736,0.549987,0.39,1,1145373,1144931,442
96715781,21.8497,5.24582,466,40788,0.565997,0.39,1,1145399,1144933,466
96718701,52.3699,21.8492,500,40840,0.5692,0.37,1,1145459,1144959,500
96721621,26.474,53.1698,459,40892,0.58584,0.37,1,1145479,1145020,459
96724541,50.8948,26.634,496,40944,0.589168,0.41,1,1145536,1145040,496
96727461,62.179,49.3268,506,40996,0.573834,0.41,1,1145601,1145095,506
96730381,48.4358,61.8654,486,41047,0.586767,0.43,1,1145646,1145160,486
96733301,38.4872,45.9731,480,41098,0.589353,0.53,1,1145682,1145202,480
96736221,30.0974,35.5946,475,41149,0.605871,0.51,1,1145710,1145235,475
96739141,42.0195,30.3189,491,41200,0.641174,0.55,1,1145755,1145264,491
96742061,32.4039,40.4638,478,41251,0.680235,0.55,1,1145785,1145307,478
96744981,19.2808,32.0928,464,41302,0.704047,0.55,1,1145801,1145337,464
96747901,18.2562,19.2186,466,41353,0.708809,0.55,1,1145819,1145353,466
96750821,5.25123,18.2437,450,41404,0.709762,0.55,1,1145821,1145371,450
96753741,22.6502,5.24874,475,41455,0.693952,0.57,1,1145848,1145373,475
96756661,52.53,21.8497,509,41506,0.69079,0.57,1,1145908,1145399,509
96759581,12.106,52.3699,451,41557,0.690158,0.59,1,1145910,1145459,451
96762501,18.4212,26.474,451,41608,0.690032,0.59,1,1145930,1145479,451
96765421,49.2842,50.8948,451,41659,0.754006,0.57,2,1145987,1145536,451
96768341,61.0568,62.179,450,41710,0.782801,0.59,2,1146051,1145601,450
96771261,49.0114,48.4358,451,41761,0.78856,0.59,2,1146097,1145646,451
96774181,39.4023,38.4872,452,41812,0.773712,0.61,2,1146134,1145682,452
96777101,32.6805,30.0974,455,41862,0.802742,0.65,2,1146165,1145710,455
96780021,42.5361,42.0195,455,41912,0.808549,0.69,2,1146210,1145755,455
96782941,34.1072,32.4039,457,41962,0.84171,0.71,2,1146242,1145785,457
96785861,19.6214,19.2808,457,42012,0.880342,0.71,2,1146258,1145801,457
96788781,18.3243,18.2562,457,42062,0.856068,0.71,2,1146276,1145819,457
96791701,5.26486,5.25123,457,42112,0.851214,0.69,2,1146278,1145821,457
96794621,21.853,22.6502,456,42162,0.850243,0.69,2,1146304,1145848,456
96797541,52.3706,52.53,456,42212,0.898049,0.69,2,1146364,1145908,456
96800461,12.0741,12.106,456,42262,0.87561,0.69,2,1146366,1145910,456
96803381,18.4148,18.4212,456,42312,0.871122,0.77,2,1146386,1145930,456
96806301,50.883,49.2842,458,42362,0.870224,0.79,2,1146445,1145987,458
96809221,62.9766,61.0568,460,42412,0.918045,0.79,2,1146511,1146051,460
97018001,78,82,490,20647,0.19,0.67,1,1149009,1148519,490
97020921,66.8,70.8,486,20750,0.206,0.37,1,1149073,1148587,486
97023841,83.76,94.16,474,20852,0.2252,0.29,1,1149161,1148687,474
97026761,77.552,74.032,481,20954,0.35704,0.21,1,1149237,1148756,481
97029681,33.9104,63.6064,443,21055,0.415408,0.17,1,1149260,1148817,443
97032601,32.3821,38.3213,443,21156,0.395082,0.21,1,1149292,1148849,443
97035521,63.2764,73.2643,432,21256,0.439016,0.19,1,1149363,1148931,432
97038441,75.8553,77.0529,433,21356,0.463803,0.21,1,1149442,1149009,433
97041361,67.1711,66.6106,434,21455,0.452761,0.23,1,1149507,1149073,434
97044281,84.6342,83.7221,435,21554,0.402552,0.39,1,1149596,1149161,435
97047201,82.5268,77.5444,441,21652,0.42451,0.43,1,1149678,1149237,441
97050121,34.9054,33.9089,441,21750,0.412902,0.39,1,1149701,1149260,441
97053041,32.5811,32.3818,441,21848,0.42658,0.45,1,1149733,1149292,441
97055961,64.1162,63.2764,442,21945,0.461316,0.47,1,1149805,1149363,442
97058881,76.8232,75.8553,443,22042,0.564263,0.45,1,1149885,1149442,443
97061801,66.5646,67.1711,442,22138,0.616853,0.39,1,1149949,1149507,442
97064721,83.7129,84.6342,441,22234,0.595371,0.43,1,1150037,1149596,441
97067641,83.9426,82.5268,443,22329,0.623074,0.41,1,1150121,1149678,443
97070561,34.3885,34.9054,442,22424,0.660615,0.43,1,1150143,1149701,442
97073481,34.0777,32.5811,444,22519,0.732123,0.43,1,1150177,1149733,444
97076401,64.4155,6.51621,516,22613,0.730425,0.47,1,1150249,1149733,516
97079321,80.0831,58.9032,528,22707,0.666085,0.59,1,1150333,1149805,528
97082241,68.8166,75.7806,514,22800,0.653217,0.63,1,1150399,1149885,514
97085161,84.9633,66.3561,539,22893,0.666643,0.59,1,1150488,1149949,539
97088081,84.9927,83.6712,536,22986,0.701329,0.63,1,1150573,1150037,536
97091001,36.1985,83.9342,476,23078,0.724266,0.67,1,1150597,1150121,476
97093921,36.8397,34.3868,491,23170,0.808853,0.75,2,1150634,1150143,491
97096841,64.9679,34.0774,529,23261,0.841771,0.73,2,1150706,1150177,529
97099761,76.9936,64.4155,537,23352,0.896354,0.65,2,1150786,1150249,537
97207801,59,35,526,26501,0.73,1,1,1153020,1152494,526
97210721,42.2,47.8,513,26581,0.618,1,1,1153058,1152545,513
97213641,78.04,46.36,554,26661,0.4036,1,1,1153145,1152591,554
97216561,78.808,80.472,544,26740,0.21672,1,1,1153224,1152680,544
97219481,40.5616,63.2944,516,26819,0.043344,1,1,1153255,1152739,516
97222401,38.5123,39.0589,521,26898,0.0646688,1,1,1153293,1152772,521
97225321,34.9025,47.0118,506,26977,0.0849338,0.93,1,1153327,1152821,506
97228241,63.7805,93.4024,472,27056,0.0569868,0.87,1,1153398,1152926,472
97231161,35.1561,46.6805,465,27134,0.0353974,0.73,1,1153426,1152961,465
97234081,43.8312,56.5361,452,27212,0.0790795,0.59,1,1153472,1153020,452
97237001,36.7662,41.7072,449,27290,0.0238159,0.35,1,1153507,1153058,449
97239921,69.7532,77.9414,440,27368,0.0127632,0.17,1,1153585,1153145,440
97242841,63.5507,78.7883,423,27445,0.0425526,0,1,1153647,1153224,423
97245761,39.1101,40.5577,425,27522,0.00851053,0.07,1,1153680,1153255,425
97248681,36.622,38.5115,423,27599,0.0257021,0.09,1,1153716,1153293,423
97251601,36.9244,34.9023,426,27676,0.00514042,0.05,1,1153753,1153327,426
97254521,62.5849,63.7805,424,27753,0.0730281,0.03,1,1153822,1153398,424
97257441,33.317,35.1561,422,27829,0.118606,0.09,1,1153848,1153426,422
97260361,43.4634,43.8312,422,27905,0.0957211,0.01,1,1153894,1153472,422
97263281,36.6927,36.7662,422,27981,0.0271442,0.01,1,1153929,1153507,422
97266201,70.5385,69.7532,423,28057,0.0294288,0.05,1,1154008,1153585,423
97269121,63.7077,63.5507,423,28132,0.109886,0,1,1154070,1153647,423
97272041,38.3415,39.1101,422,28207,0.125977,0.03,1,1154102,1153680,422
97274961,37.2683,36.622,423,28282,0.0251954,0,1,1154139,1153716,423
97277881,36.2537,36.9244,422,28357,0.0130391,0,1,1154175,1153753,422
97280801,64.0507,7.38488,493,28432,0.0106078,0.09,1,1154246,1153753,493
97283721,34.4101,56.677,451,28506,0.0261216,0.13,1,1154273,1153822,451
97286641,43.682,32.1354,471,28580,0.0292243,0.09,1,1154319,1153848,471
97289561,33.5364,43.2271,456,28654,0.0298449,0.01,1,1154350,1153894,456
97292481,70.7073,36.6454,501,28728,0.013969,0.03,1,1154430,1153929,501
97295401,65.3415,70.5291,486,28802,0.0747938,0.13,1,1154494,1154008,486
97298321,39.4683,63.7058,457,28876,0.0869588,0.13,1,1154527,1154070,457
97301241,34.2937,38.3412,458,28949,0.0733918,0,1,1154560,1154102,458
97304161,35.6587,37.2682,457,29022,0.118678,0.01,1,1154596,1154139,457
97307081,64.7317,36.2536,493,29095,0.0957357,0.01,1,1154668,1154175,493
97310001,34.5463,64.0507,449,29168,0.107147,0.03,1,1154695,1154246,449
97312921,43.7093,34.4101,468,29241,0.141429,0.03,1,1154741,1154273,468
97315841,32.7419,43.682,452,29313,0.164286,0.03,1,1154771,1154319,452
97318761,71.3484,33.5364,502,29385,0.120857,0.01,1,1154852,1154350,502
97321681,66.2697,70.7073,487,29457,0.112171,0.09,1,1154917,1154430,487
97324601,41.2539,65.3415,458,29529,0.110434,0.09,1,1154952,1154494,458
97327521,35.4508,39.4683,459,29601,0.142087,0.07,1,1154986,1154527,459
97330441,38.2902,34.2937,465,29673,0.132417,0.13,1,1155025,1154560,465
97333361,62.058,35.6587,497,29744,0.178483,0.09,1,1155093,1154596,497
97336281,34.8116,64.7317,453,29815,0.203697,0.11,1,1155121,1154668,453
97339201,8.56232,34.5463,428,29886,0.208739,0.15,1,1155123,1154695,428
97342121,39.3125,43.7093,429,29957,0.257748,0.17,1,1155170,1154741,429
97345041,31.0625,32.7419,428,30028,0.28355,0.11,1,1155199,1154771,428
97347961,70.2125,71.3484,427,30098,0.28871,0.11,1,1155279,1154852,427
97350881,66.0425,66.2697,427,30168,0.273742,0.11,1,1155344,1154917,427
97353801,42.0085,41.2539,428,30238,0.286748,0.15,1,1155380,1154952,428
97356721,36.4017,35.4508,429,30308,0.25735,0.13,1,1155415,1154986,429
97359641,39.2803,38.2902,430,30378,0.25147,0.19,1,1155455,1155025,430
97362561,63.0561,62.058,431,30448,0.378294,0.21,1,1155524,1155093,431
97365481,35.8112,34.8116,432,30518,0.355659,0.21,1,1155553,1155121,432
97368401,8.76224,8.56232,432,30587,0.399132,0.27,1,1155555,1155123,432
97371321,40.1524,39.3125,433,30656,0.391826,0.29,1,1155603,1155170,433
97374241,32.0305,31.0625,434,30725,0.406365,0.29,1,1155633,1155199,434
97377161,70.4061,70.2125,434,30794,0.489273,0.27,1,1155713,1155279,434
97380081,65.2812,66.0425,433,30863,0.489855,0.29,1,1155777,1155344,433
97383001,42.6562,42.0085,434,30932,0.505971,0.25,1,1155814,1155380,434
97385921,36.5312,36.4017,434,31000,0.557194,0.25,1,1155849,1155415,434
97388841,40.1062,39.2803,435,31068,0.599439,0.41,1,1155890,1155455,435
97391761,67.2212,63.0561,440,31136,0.607888,0.35,1,1155964,1155524,440
97394681,36.6442,35.8112,440,31204,0.625578,0.41,1,1155993,1155553,440
97397601,8.92885,8.76224,440,31272,0.629116,0.39,1,1155995,1155555,440
97400521,40.9858,40.1524,441,31340,0.613823,0.39,1,1156044,1155603,441
97403441,32.1972,8.03049,471,31408,0.610765,0.41,1,1156074,1155603,471
97406361,72.8394,25.6061,524,31475,0.594153,0.51,1,1156157,1155633,524
97409281,66.5679,69.1212,509,31542,0.606831,0.49,1,1156222,1155713,509
97412201,43.7136,65.0242,483,31609,0.609366,0.51,1,1156260,1155777,483
97415121,39.1427,42.6048,484,31676,0.625873,0.57,1,1156298,1155814,484
97418041,40.6285,36.521,490,31743,0.661175,0.61,1,1156339,1155849,490
97420961,68.9257,40.1042,525,31810,0.684235,0.61,1,1156415,1155890,525
97423881,36.1851,67.2208,479,31877,0.720847,0.63,1,1156443,1155964,479
97426801,8.83703,36.6442,452,31943,0.728169,0.63,1,1156445,1155993,452
97429721,41.7674,8.92883,500,32009,0.761634,0.61,2,1156495,1155995,500
97432641,33.1535,40.9858,482,32075,0.784327,0.61,2,1156526,1156044,482
97435561,71.4307,32.1972,533,32141,0.836865,0.59,2,1156607,1156074,533
97438481,67.0861,72.8394,516,32207,0.879373,0.61,2,1156673,1156157,516
97441401,43.8172,66.5679,489,32273,0.903875,0.61,2,1156711,1156222,489
97444321,39.9634,43.7136,490,32339,0.892775,0.63,2,1156750,1156260,490
97447241,42.3927,39.1427,495,32404,0.890555,0.67,2,1156793,1156298,495
97450161,70.8785,40.6285,532,32469,0.906111,0.69,2,1156871,1156339,532
97453081,37.3757,68.9257,485,32534,0.925222,0.73,2,1156900,1156415,485
97456001,9.07514,36.1851,459,32599,0.929044,0.73,2,1156902,1156443,459
97458921,43.415,8.83703,509,32664,0.929809,0.77,2,1156954,1156445,509
97461841,34.283,41.7674,491,32729,0.929962,0.79,2,1156986,1156495,491
97464761,8.4566,33.1535,462,32794,0.929992,0.85,2,1156988,1156526,462
97581561,51,80,510,35281,0.69,1,1,1158789,1158279,510
97584481,36.6,41.6,511,35341,0.626,0.97,1,1158822,1158311,511
97587401,35.32,30.72,518,35401,0.6132,1,1,1158857,1158339,518
97590321,35.064,36.544,515,35461,0.49864,1,1,1158892,1158377,515
97593241,36.6128,34.5088,518,35521,0.395728,0.94,1,1158929,1158411,518
97596161,32.9226,33.3018,517,35581,0.327146,1,1,1158961,1158444,517
97599081,60.9845,45.0604,537,35640,0.265429,1,1,1159029,1158492,537
97602001,13.7969,56.2121,480,35699,0.253086,1,1,1159031,1158551,480
97604921,47.5594,45.6424,493,35758,0.186617,1,1,1159087,1158594,493
97607841,29.5119,34.7285,486,35817,0.0933234,0.86,1,1159112,1158626,486
97610761,33.9024,43.7457,475,35876,0.186665,0.74,1,1159147,1158672,475
97613681,49.1805,61.5491,462,35935,0.189333,0.69,1,1159200,1158738,462
97616601,44.2361,53.1098,454,35994,0.205867,0.61,1,1159243,1158789,454
97619521,29.6472,37.022,447,36053,0.177173,0.61,1,1159269,1158822,447
97622441,34.7294,35.4044,448,36112,0.155435,0.47,1,1159305,1158857,448
97625361,31.7459,35.0809,444,36171,0.215087,0.37,1,1159336,1158892,444
97628281,34.3492,36.6162,442,36229,0.195017,0.31,1,1159371,1158929,442
97631201,28.4698,32.9232,437,36287,0.207003,0.25,1,1159398,1158961,437
97634121,56.894,60.9846,433,36345,0.289401,0.25,1,1159462,1159029,433
97637041,12.9788,13.7969,433,36403,0.30588,0.17,1,1159464,1159031,433
97639961,44.1958,47.5594,429,36461,0.325176,0.07,1,1159516,1159087,429
97642881,30.4392,29.5119,431,36519,0.345035,0.21,1,1159543,1159112,431
97645801,33.2878,33.9024,430,36577,0.333007,0.19,1,1159577,1159147,430
97648721,49.8576,49.1805,431,36635,0.378601,0.21,1,1159631,1159200,431
97651641,43.5715,44.2361,430,36693,0.41972,0.17,1,1159673,1159243,430
97654561,27.9143,29.6472,428,36751,0.427944,0.15,1,1159697,1159269,428
97657481,33.5829,34.7294,427,36809,0.445589,0.23,1,1159732,1159305,427
97660401,33.1166,31.7459,429,36866,0.465118,0.19,1,1159765,1159336,429
97663321,36.2233,34.3492,431,36923,0.485024,0.21,1,1159802,1159371,431
97666241,29.6447,28.4698,432,36980,0.457005,0.31,1,1159830,1159398,432
97669161,60.3289,56.894,436,37037,0.467401,0.31,1,1159898,1159462,436
97672081,13.6658,12.9788,436,37094,0.46948,0.33,1,1159900,1159464,436
97675001,45.1332,44.1958,437,37151,0.469896,0.33,1,1159953,1159516,437
97677921,29.8266,8.83915,463,37208,0.437979,0.35,1,1159979,1159516,463
97680841,33.9653,23.3678,471,37265,0.415596,0.33,1,1160014,1159543,471
97683761,52.3931,31.8736,494,37322,0.427119,0.39,1,1160071,1159577,494
97686681,44.0786,49.5747,482,37379,0.445424,0.43,1,1160113,1159631,482
97689601,28.0157,43.5149,464,37436,0.449085,0.43,1,1160137,1159673,464
97692521,34.4031,27.903,476,37492,0.449817,0.45,1,1160173,1159697,476
97695441,34.0806,33.5806,475,37548,0.465963,0.47,1,1160207,1159732,475
97698361,37.2161,33.1161,480,37604,0.517193,0.49,1,1160245,1159765,480
97701281,30.6432,36.2232,472,37660,0.543439,0.45,1,1160274,1159802,472
97704201,58.9286,29.6446,510,37716,0.564688,0.47,1,1160340,1159830,510
97707121,13.3857,60.3289,444,37772,0.568938,0.47,1,1160342,1159898,444
97710041,45.0771,13.6658,495,37828,0.569788,0.47,1,1160395,1159900,495
97712961,29.8154,45.1332,468,37884,0.569957,0.43,1,1160421,1159953,468
97715881,33.9631,29.8266,477,37940,0.649992,0.41,1,1160456,1159979,477
97718801,52.3926,33.9653,499,37996,0.729998,0.43,1,1160513,1160014,499
97721721,44.8785,52.3931,485,38052,0.794,0.45,2,1160556,1160071,485
97724641,28.1757,44.0786,467,38108,0.8068,0.45,2,1160580,1160113,467
97727561,34.4351,28.0157,479,38163,0.80936,0.45,2,1160616,1160137,479
97730481,34.887,34.4031,478,38218,0.793872,0.47,2,1160651,1160173,478
97733401,39.7774,34.0806,485,38273,0.790774,0.53,2,1160692,1160207,485
97736321,31.9555,37.2161,477,38328,0.822155,0.55,2,1160722,1160245,477
97739241,59.9911,30.6432,515,38383,0.844431,0.57,2,1160789,1160274,515
97742161,13.5982,58.9286,451,38438,0.848886,0.57,2,1160791,1160340,451
97745081,45.1196,13.3857,502,38493,0.849777,0.57,2,1160844,1160342,502
97748001,31.4239,45.0771,477,38548,0.865955,0.57,2,1160872,1160395,477
97750921,36.6848,29.8154,489,38603,0.933191,0.67,2,1160910,1160421,489
97753841,8.93696,33.9631,456,38658,0.946638,0.75,2,1160912,1160456,456
97756761,50.5874,52.3926,460,38713,0.949328,0.81,2,1160973,1160513,460
97896921,41,25,517,41249,0.79,1,2,1162736,1162219,517
97899841,25.8,34.6,502,41300,0.79,1,2,1162758,1162256,502
97902761,31.56,29.32,507,41351,0.758,1,2,1162791,1162284,507
97905681,30.312,40.264,494,41402,0.7196,1,1,1162821,1162327,494
97908601,41.2624,23.2528,519,41453,0.74392,0.96,1,1162865,1162346,519
97911521,34.6525,39.8506,508,41504,0.700784,1,1,1162898,1162390,508
97914441,24.5305,39.9701,490,41555,0.724157,1,1,1162920,1162430,490
97917361,13.7061,30.394,473,41606,0.808831,0.9,2,1162931,1162458,473
97920281,44.3412,42.0788,480,41657,0.745766,1,1,1162983,1162503,480
97923201,32.0682,35.6158,475,41708,0.733153,0.99,1,1163012,1162537,475
97926121,24.8136,27.9232,472,41759,0.698631,0.96,1,1163035,1162563,472
97929041,34.5627,35.9846,471,41810,0.739726,0.9,1,1163072,1162601,471
97931961,56.5125,59.9969,467,41860,0.683945,0.83,1,1163134,1162667,467
97934881,32.1025,34.3994,465,41910,0.656789,0.79,1,1163160,1162695,465
97937801,36.0205,39.6799,461,41960,0.683358,0.79,1,1163197,1162736,461
97940721,25.6041,25.536,462,42010,0.672672,0.75,1,1163220,1162758,462
97943641,29.9208,31.5072,460,42060,0.654534,0.71,1,1163251,1162791,460
97946561,27.5842,30.3014,457,42110,0.666907,0.75,1,1163278,1162821,457
97949481,43.9168,41.2603,461,42160,0.685381,0.69,1,1163326,1162865,461
97952401,35.9834,34.6521,462,42210,0.689076,0.73,1,1163360,1162898,462
97955321,24.7967,24.5304,462,42260,0.721815,0.83,1,1163382,1162920,462
97958241,12.1593,13.7061,460,42310,0.760363,0.73,2,1163391,1162931,460
97961161,41.6319,44.3412,457,42360,0.784073,0.73,2,1163440,1162983,457
97964081,32.3264,32.0682,458,42410,0.788815,0.69,2,1163470,1163012,458
97967001,23.2653,24.8136,456,42460,0.853763,0.75,2,1163491,1163035,456
97969921,36.6531,34.5627,459,42510,0.818753,0.67,2,1163531,1163072,459
97972841,52.1306,56.5125,453,42560,0.811751,0.65,2,1163587,1163134,453
97975761,33.6261,32.1025,456,42610,0.89035,0.69,2,1163616,1163160,456
97978681,34.7252,36.0205,454,42660,0.90607,0.67,2,1163651,1163197,454
97981601,26.145,25.6041,455,42709,0.893214,0.65,2,1163675,1163220,455
97984521,29.229,29.9208,454,42758,0.906643,0.67,2,1163705,1163251,454
97987441,28.2458,27.5842,455,42807,0.909329,0.69,2,1163733,1163278,455
97990361,44.0492,43.9168,455,42856,0.909866,0.69,2,1163781,1163326,455
97993281,36.8098,35.9834,456,42905,0.861973,0.73,2,1163816,1163360,456
97996201,27.362,24.7967,459,42954,0.884395,0.77,2,1163841,1163382,459
97999121,12.6724,12.1593,459,43003,0.872879,0.77,2,1163850,1163391,459
98002041,40.9345,2.43187,507,43052,0.886576,0.79,2,1163898,1163391,507
98004961,32.9869,39.6864,489,43101,0.921315,0.79,2,1163929,1163440,489
98007881,25.7974,31.9373,483,43150,0.896263,0.87,2,1163953,1163470,483
98010801,36.3595,23.1875,501,43199,0.875253,0.81,2,1163992,1163491,501
98013721,52.8719,36.6375,518,43248,0.87105,0.81,2,1164049,1163531,518
98016641,33.7744,52.1275,491,43297,0.85421,0.91,2,1164078,1163587,491
98019561,37.1549,33.6255,500,43346,0.818842,0.91,2,1164116,1163616,500
98022481,26.631,34.7251,489,43395,0.859768,0.89,2,1164140,1163651,489
98025401,30.1262,26.145,496,43444,0.851954,0.91,2,1164171,1163675,496
98028321,28.4252,29.229,494,43493,0.850391,0.91,2,1164199,1163705,494
98031241,42.485,28.2458,512,43542,0.850078,0.91,2,1164245,1163733,512
98034161,35.697,44.0492,498,43590,0.850016,0.85,2,1164279,1163781,498
98037081,27.1394,36.8098,488,43638,0.882003,0.89,2,1164304,1163816,488
98040001,13.4279,27.362,473,43686,0.888401,0.87,2,1164314,1163841,473
98042921,41.8856,12.6724,513,43734,0.92168,0.89,2,1164363,1163850,513
98168481,22,24,498,45762,0.79,1,2,1165773,1165275,498
98171401,29.2,31.2,496,45808,0.774,1,2,1165804,1165308,496
98174321,31.44,36.64,490,45854,0.6908,1,1,1165836,1165346,490
98177241,28.688,26.528,494,45900,0.61016,1,1,1165864,1165370,494
98180161,36.1376,30.1056,501,45946,0.562032,1,1,1165902,1165401,501
98183081,36.0275,6.02112,537,45992,0.536406,1,1,1165938,1165401,537
98186001,30.4055,24.4042,537,46038,0.451281,1,1,1165967,1165430,537
98188921,30.0811,41.6808,521,46084,0.338256,1,1,1165997,1165476,521
98191841,30.8162,35.5362,518,46130,0.315651,1,1,1166028,1165510,518
98194761,29.3632,28.7072,520,46176,0.27913,1,1,1166057,1165537,520
98197681,32.2726,38.5414,512,46222,0.255826,1,1,1166090,1165578,512
98200601,19.2545,34.9083,494,46268,0.267165,1,1,1166106,1165612,494
98203521,47.8509,26.9817,524,46314,0.301433,0.98,1,1166161,1165637,524
98206441,34.3702,48.5963,501,46360,0.260287,0.86,1,1166192,1165691,501
98209361,26.074,36.9193,491,46405,0.268057,0.91,1,1166216,1165725,491
98212281,20.4148,28.1839,484,46450,0.253611,0.79,1,1166235,1165751,484
98215201,24.883,23.2368,488,46495,0.250722,0.77,1,1166261,1165773,488
98218121,27.3766,29.4474,485,46540,0.250144,0.67,1,1166289,1165804,485
98221041,23.8753,31.4895,476,46585,0.234029,0.59,1,1166312,1165836,476
98223961,33.5751,28.6979,484,46630,0.294806,0.55,1,1166348,1165864,484
98226881,33.115,36.1396,479,46675,0.306961,0.53,1,1166381,1165902,479
98229801,25.823,36.0279,467,46720,0.357392,0.43,1,1166405,1165938,467
98232721,29.1646,30.4056,468,46765,0.383478,0.31,1,1166435,1165967,468
98235641,29.0329,30.0811,467,46810,0.372696,0.31,1,1166464,1165997,467
98238561,29.0066,30.8162,465,46855,0.402539,0.27,1,1166493,1166028,465
98241481,29.8013,29.3632,466,46900,0.456508,0.25,1,1166523,1166057,466
98244401,22.7603,32.2726,454,46945,0.483302,0.27,1,1166544,1166090,454
98247321,46.1521,19.2545,490,46990,0.48866,0.31,1,1166596,1166106,490
98250241,31.6304,47.8509,463,47035,0.521732,0.25,1,1166624,1166161,463
98253161,27.1261,34.3702,458,47080,0.528346,0.27,1,1166650,1166192,458
98256081,19.0252,26.074,451,47125,0.513669,0.25,1,1166667,1166216,451
98259001,25.405,20.4148,459,47170,0.526734,0.25,1,1166694,1166235,459
98261921,25.881,24.883,459,47215,0.529347,0.25,1,1166720,1166261,459
98264841,25.9762,27.3766,457,47260,0.577869,0.23,1,1166746,1166289,457
98267761,34.7952,23.8753,471,47305,0.603574,0.31,1,1166783,1166312,471
98270681,35.759,33.5751,471,47350,0.688715,0.31,1,1166819,1166348,471
98273601,8.75181,33.115,440,47395,0.705743,0.37,1,1166821,1166381,440
98276521,21.7504,25.823,441,47439,0.725149,0.39,1,1166846,1166405,441
98279441,28.3501,29.1646,441,47483,0.71303,0.37,1,1166876,1166435,441
98282361,29.67,29.0329,442,47527,0.742606,0.41,1,1166906,1166464,442
98285281,29.934,29.0066,443,47571,0.732521,0.47,1,1166936,1166493,443
98288201,31.5868,29.8013,445,47615,0.778504,0.49,2,1166968,1166523,445
98291121,23.9174,22.7603,446,47659,0.755701,0.49,2,1166990,1166544,446
98294041,46.3835,46.1521,446,47703,0.75114,0.53,2,1167042,1166596,446
98296961,33.2767,31.6304,448,47747,0.750228,0.53,2,1167072,1166624,448
98299881,25.8553,27.1261,446,47791,0.766046,0.51,2,1167096,1166650,446
98302801,19.5711,19.0252,447,47835,0.769209,0.53,2,1167114,1166667,447
98305721,26.3142,25.405,448,47879,0.769842,0.53,2,1167142,1166694,448
98308641,26.8628,25.881,449,47923,0.817968,0.59,2,1167169,1166720,449
98311561,30.1726,25.9762,454,47967,0.843594,0.61,2,1167200,1166746,454
98314481,35.6345,34.7952,454,48011,0.848719,0.71,2,1167237,1166783,454
98317401,38.3269,35.759,457,48055,0.881744,0.71,2,1167276,1166819,457
98320321,9.26538,8.75181,457,48099,0.888349,0.73,2,1167278,1166821,457
98323241,21.0531,21.7504,456,48143,0.92167,0.71,2,1167302,1166846,456
98326161,29.0106,28.3501,457,48187,0.928334,0.75,2,1167333,1166876,457
98329081,30.6021,29.67,458,48231,0.945667,0.73,2,1167364,1166906,458
98332001,28.5204,29.934,456,48275,0.917133,0.79,2,1167392,1166936,456
98574361,82,50,495,23451,0.13,0.63,1,1169972,1169477,495
98577281,54.8,58.8,482,23541,0.13,0.55,1,1170020,1169538,482
98580201,61.36,70.16,472,23631,0.098,0.35,1,1170083,1169611,472
98583121,70.672,66.832,479,23721,0.0756,0.31,1,1170156,1169677,479
98586041,45.3344,66.9664,451,23810,0.10312,0.27,1,1170195,1169744,451
98588961,23.4669,35.7933,441,23899,0.076624,0.31,1,1170213,1169772,441
98591881,44.6934,24.7587,469,23988,0.0873248,0.17,1,1170263,1169794,469
98594801,53.7387,59.3517,457,24076,0.057465,0.13,1,1170319,1169862,457
98597721,74.7477,99.8703,427,24164,0.179493,0.13,1,1170399,1169972,427
98600641,53.3495,58.3741,427,24252,0.219899,0.09,1,1170447,1170020,427
98603561,60.2699,62.0748,426,24339,0.25998,0.07,1,1170509,1170083,426
98606481,70.454,70.815,426,24426,0.283996,0.11,1,1170582,1170156,426
98609401,44.4908,45.363,425,24513,0.352799,0.07,1,1170620,1170195,425
98612321,23.2982,23.4726,425,24599,0.38256,0.09,1,1170638,1170213,425
98615241,45.4596,44.6945,426,24685,0.420512,0.05,1,1170689,1170263,426
98618161,55.4919,53.7389,428,24771,0.412102,0.21,1,1170747,1170319,428
98621081,76.6984,74.7478,430,24857,0.49042,0.23,1,1170829,1170399,430
98624001,55.3397,53.3496,432,24942,0.522084,0.27,1,1170879,1170447,432
98626921,61.4679,60.2699,433,25027,0.544417,0.29,1,1170942,1170509,433
98629841,73.0936,70.454,436,25112,0.532883,0.37,1,1171018,1170582,436
98632761,47.4187,44.4908,439,25196,0.594577,0.39,1,1171059,1170620,439
98635681,23.8837,23.2982,439,25280,0.606915,0.43,1,1171077,1170638,439
98638601,47.1767,45.4596,441,25364,0.625383,0.41,1,1171130,1170689,441
98641521,57.4353,55.4919,443,25448,0.645077,0.41,1,1171190,1170747,443
98644441,77.8871,11.0984,526,25531,0.681015,0.51,1,1171273,1170747,526
98647361,57.9774,67.8197,497,25614,0.672203,0.53,1,1171326,1170829,497
98650281,61.1955,53.5639,509,25697,0.702441,0.55,1,1171388,1170879,509
98653201,73.8391,61.1128,523,25779,0.740488,0.53,1,1171465,1170942,523
98656121,50.7678,73.0226,492,25861,0.732098,0.61,1,1171510,1171018,492
98659041,24.5536,47.4045,469,25943,0.76242,0.61,2,1171528,1171059,469
98661961,48.1107,23.8809,505,26025,0.800484,0.63,2,1171582,1171077,505
98664881,58.4221,47.1762,513,26106,0.792097,0.65,2,1171643,1171130,513
98667801,79.6844,57.4352,538,26187,0.806419,0.69,2,1171728,1171190,538
98670721,57.5369,77.887,507,26268,0.825284,0.67,2,1171780,1171273,507
98673641,62.7074,57.9774,518,26349,0.845057,0.71,2,1171844,1171326,518
98676561,75.7415,61.1955,535,26429,0.849011,0.75,2,1171923,1171388,535
98679481,50.3483,73.8391,502,26509,0.865802,0.73,2,1171967,1171465,502
98682401,26.0697,50.7678,477,26589,0.85316,0.77,2,1171987,1171510,477
98685321,50.0139,24.5536,515,26669,0.818632,0.81,2,1172043,1171528,515
98688241,56.4028,48.1107,519,26748,0.811726,0.79,2,1172101,1171582,519
98691161,81.6806,58.4221,546,26827,0.842345,0.81,2,1172189,1171643,546
98694081,58.7361,79.6844,514,26906,0.896469,0.83,2,1172242,1171728,514
98697001,13.3472,57.5369,464,26985,0.907294,0.85,2,1172244,1171780,464
98699921,53.8694,62.7074,464,27063,0.941459,0.85,2,1172308,1171844,464
98787521,39,48,503,29319,0.84,1,2,1173880,1173377,503
98790441,44.6,35.2,517,29391,0.752,1,2,1173926,1173409,517
98793361,60.92,47.04,532,29463,0.6384,1,1,1173991,1173459,532
98796281,61.784,56.608,535,29535,0.45568,1,1,1174053,1173518,535
98799201,89.1568,78.5216,547,29607,0.323136,1,1,1174149,1173602,547
98802121,33.8314,67.7043,502,29678,0.296627,1,1,1174169,1173667,502
98805041,33.9663,35.1409,509,29749,0.259325,1,1,1174203,1173694,509
98807961,62.7933,32.6282,547,29820,0.187865,0.94,1,1174273,1173726,547
98810881,14.1587,68.9256,471,29891,0.189573,0.91,1,1174275,1173804,471
98813801,32.4317,43.3851,471,29962,0.173915,0.84,1,1174312,1173841,471
98816721,33.6863,39.877,466,30033,0.218783,0.73,1,1174346,1173880,466
98819641,37.9373,44.7754,459,30103,0.227757,0.61,1,1174385,1173926,459
98822561,54.7875,60.9551,453,30173,0.245551,0.41,1,1174444,1173991,453
98825481,52.5575,61.791,443,30243,0.32911,0.29,1,1174496,1174053,443
98828401,83.3115,89.1582,438,30313,0.345822,0.29,1,1174587,1174149,438
98831321,34.2623,33.8316,440,30383,0.397164,0.25,1,1174609,1174169,440
98834241,32.4525,33.9663,438,30453,0.423433,0.17,1,1174641,1174203,438
98837161,56.0905,62.7933,430,30522,0.508687,0.19,1,1174703,1174273,430
98840081,12.8181,14.1587,430,30591,0.525737,0.17,1,1174705,1174275,430
98843001,32.1636,32.4317,430,30660,0.513147,0.23,1,1174742,1174312,430
98845921,34.4327,33.6863,431,30729,0.55863,0.23,1,1174777,1174346,431
98848841,38.0865,37.9373,431,30798,0.567726,0.25,1,1174816,1174385,431
98851761,55.6173,54.7875,432,30867,0.537545,0.35,1,1174876,1174444,432
98854681,56.7235,52.5575,437,30936,0.595509,0.35,1,1174933,1174496,437
98857601,87.3447,83.3115,441,31004,0.639102,0.41,1,1175028,1174587,441
98860521,34.2689,34.2623,440,31072,0.66382,0.43,1,1175049,1174609,440
98863441,34.8538,32.4525,443,31140,0.652764,0.53,1,1175084,1174641,443
98866361,58.9708,56.0905,446,31208,0.666553,0.53,1,1175149,1174703,446
98869281,13.3942,12.8181,446,31276,0.669311,0.53,1,1175151,1174705,446
98872201,32.2788,2.56362,483,31344,0.701862,0.51,1,1175188,1174705,483
98875121,36.0558,30.1127,483,31412,0.692372,0.57,1,1175225,1174742,483
98878041,37.6112,34.0225,486,31479,0.722475,0.57,1,1175263,1174777,486
98880961,55.5222,38.0045,507,31546,0.744495,0.53,1,1175323,1174816,507
98883881,58.3044,55.6009,506,31613,0.748899,0.61,1,1175382,1174876,506
98886801,90.8609,56.7202,548,31680,0.78178,0.65,2,1175481,1174933,548
98889721,35.7722,87.344,475,31747,0.820356,0.67,2,1175503,1175028,475
98892641,34.3544,34.2688,488,31814,0.844071,0.65,2,1175537,1175049,488
98895561,59.6709,34.8538,519,31881,0.864814,0.67,2,1175603,1175084,519
98898481,13.5342,58.9708,456,31947,0.868963,0.67,2,1175605,1175149,456
98901401,33.9068,13.3941,493,32013,0.869793,0.71,2,1175644,1175151,493
98904321,35.5814,32.2788,492,32079,0.901959,0.69,2,1175680,1175188,492
98907241,39.1163,36.0558,495,32145,0.924392,0.73,2,1175720,1175225,495
98924761,67,34,530,32538,0.95,0.87,2,1176067,1175537,530
98927681,15,59.6,466,32603,0.95,0.87,2,1176069,1175603,466
99041561,43,48,518,35044,0.77,1,2,1177715,1177197,518
99044481,98.2,52,577,35104,0.674,1,1,1177827,1177250,577
99047401,49.24,95.2,508,35164,0.6548,1,1,1177864,1177356,508
99050321,37.048,43.84,511,35224,0.60296,1,1,1177898,1177387,511
99053241,54.6096,44.768,525,35284,0.544592,1,1,1177957,1177432,525
99056161,34.9219,48.1536,506,35344,0.500918,0.9,1,1177987,1177481,506
99059081,26.1844,32.0307,502,35404,0.460184,1,1,1178011,1177509,502
99062001,22.0369,33.6061,489,35464,0.436037,1,1,1178032,1177543,489
99064921,33.2074,23.5212,504,35524,0.415207,1,1,1178068,1177564,504
99067841,27.4415,31.9042,496,35584,0.379041,0.88,1,1178094,1177598,496
99070761,36.6883,28.7808,507,35643,0.355808,0.91,1,1178133,1177626,507
99073681,8.93766,42.5562,463,35702,0.351162,0.77,1,1178135,1177672,463
99076601,36.9875,42.9112,464,35761,0.382232,0.65,1,1178179,1177715,464
99079521,91.3975,98.1822,457,35820,0.388446,0.65,1,1178284,1177827,457
99082441,43.0795,49.2364,451,35879,0.389689,0.59,1,1178315,1177864,451
99085361,34.2159,37.0473,449,35938,0.357938,0.53,1,1178347,1177898,449
99088281,53.2432,54.6095,448,35997,0.383588,0.49,1,1178405,1177957,448
99091201,30.6486,34.9219,443,36056,0.436718,0.45,1,1178430,1177987,443
99094121,27.7297,26.1844,446,36115,0.479344,0.43,1,1178457,1178011,446
99097041,19.9459,22.0369,443,36174,0.535869,0.41,1,1178475,1178032,443
99099961,31.1892,33.2074,441,36232,0.547174,0.37,1,1178509,1178068,441
99102881,27.0378,27.4415,441,36290,0.549435,0.35,1,1178535,1178094,441
99105801,35.0076,36.6883,439,36348,0.549887,0.35,1,1178572,1178133,439
99108721,8.60151,8.93766,439,36406,0.581977,0.39,1,1178574,1178135,439
99111641,36.9203,36.9875,439,36464,0.572396,0.39,1,1178618,1178179,439
99114561,92.9841,91.3975,441,36522,0.682479,0.39,1,1178725,1178284,441
99117481,43.3968,43.0795,441,36580,0.656496,0.35,1,1178756,1178315,441
99120401,32.6794,34.2159,439,36638,0.667299,0.39,1,1178786,1178347,439
99123321,55.3359,53.2432,442,36696,0.71746,0.45,1,1178847,1178405,442
99126241,31.0672,30.6486,442,36754,0.727492,0.49,1,1178872,1178430,442
99129161,31.8134,27.7297,447,36811,0.777498,0.55,2,1178904,1178457,447
99132081,20.7627,19.9459,447,36868,0.8195,0.55,2,1178922,1178475,447
99135001,31.3525,31.1892,447,36925,0.8279,0.55,2,1178956,1178509,447
99137921,28.6705,27.0378,449,36982,0.86158,0.55,2,1178984,1178535,449
99140841,35.3341,35.0076,449,37039,0.852316,0.59,2,1179021,1178572,449
99143761,8.66682,8.60151,449,37096,0.850463,0.57,2,1179023,1178574,449
99146681,37.7334,36.9203,450,37153,0.802093,0.57,2,1179068,1178618,450
99149601,96.3467,7.38406,561,37210,0.856419,0.71,2,1179179,1178618,561
99152521,44.0693,87.0768,485,37267,0.851284,0.65,2,1179210,1178725,485
99155441,32.8139,42.2154,484,37324,0.882257,0.67,2,1179240,1178756,484
99158361,56.9628,32.4431,517,37381,0.936451,0.73,2,1179303,1178786,517
99161281,32.1926,55.2886,482,37438,0.93129,0.73,2,1179329,1178847,482
99164201,34.4385,31.0577,492,37494,0.914258,0.79,2,1179364,1178872,492
99167121,21.2877,31.8115,478,37550,0.910852,0.83,2,1179382,1178904,478
99342321,35,33,511,40788,0.77,1,2,1181658,1181147,511
99345241,31,33,508,40840,0.706,1,1,1181688,1181180,508
99348161,31,31.4,508,40892,0.6932,0.88,1,1181719,1181211,508
99351081,31,24.68,516,40944,0.61064,1,1,1181750,1181234,516
99354001,34.2,36.936,511,40996,0.562128,1,1,1181785,1181274,511
99356921,38.04,35.3872,515,41047,0.440426,1,1,1181824,1181309,515
99359841,19.608,35.8774,494,41098,0.432085,1,1,1181839,1181345,494
99362761,25.5216,29.5755,493,41149,0.366417,1,1,1181866,1181373,493
99365681,43.5043,23.5151,519,41200,0.305283,1,1,1181914,1181395,519
99368601,32.7009,35.103,511,41251,0.245057,1,1,1181944,1181433,511
99371521,61.7402,39.8206,539,41302,0.185011,1,1,1182013,1181474,539
99374441,53.148,63.1641,521,41353,0.189002,0.88,1,1182064,1181543,521
99377361,25.0296,58.2328,482,41404,0.1738,0.77,1,1182082,1181600,482
99380281,32.2059,30.0466,493,41455,0.17076,0.77,1,1182116,1181623,493
99383201,28.0412,34.0093,485,41506,0.186152,0.69,1,1182143,1181658,485
99386121,7.20824,30.8019,457,41557,0.18923,0.69,1,1182145,1181688,457
99389041,25.4416,30.9604,456,41608,0.189846,0.59,1,1182175,1181719,456
99391961,25.0883,30.9921,450,41659,0.173969,0.55,1,1182200,1181750,450
99394881,33.0177,34.1984,450,41710,0.170794,0.41,1,1182235,1181785,450
99397801,33.0035,38.0397,444,41761,0.170159,0.43,1,1182268,1181824,444
99400721,15.4007,19.6079,440,41812,0.154032,0.35,1,1182279,1181839,440
99403641,24.6801,25.5216,440,41862,0.134806,0.29,1,1182306,1181866,440
99406561,39.336,43.5043,435,41912,0.162961,0.23,1,1182349,1181914,435
99409481,28.6672,32.7009,431,41962,0.200592,0.17,1,1182375,1181944,431
99412401,61.7334,61.7402,432,42012,0.272118,0.19,1,1182445,1182013,432
99415321,49.9467,53.148,428,42062,0.286424,0.17,1,1182492,1182064,428
99418241,27.5893,25.0296,432,42112,0.305285,0.17,1,1182514,1182082,432
99421161,29.5179,32.2059,428,42162,0.309057,0.19,1,1182544,1182116,428
99424081,29.9036,28.0412,431,42212,0.341811,0.19,1,1182574,1182143,431
99427001,7.58071,7.20824,431,42262,0.348362,0.19,1,1182576,1182145,431
99429921,23.9161,25.4416,429,42312,0.397672,0.17,1,1182604,1182175,429
99432841,25.5832,25.0883,430,42362,0.423535,0.17,1,1182630,1182200,430
99435761,31.5166,33.0177,428,42412,0.412707,0.17,1,1182663,1182235,428
99438681,32.7033,33.0035,428,42462,0.426541,0.15,1,1182696,1182268,428
99441601,16.1407,15.4007,429,42512,0.397308,0.13,1,1182708,1182279,429
99444521,24.0281,24.6801,428,42562,0.391462,0.17,1,1182734,1182306,428
99447441,40.8056,39.336,430,42612,0.374292,0.21,1,1182779,1182349,430
99450361,28.9611,28.6672,430,42662,0.418858,0.29,1,1182805,1182375,430
99453281,67.3922,61.7334,437,42711,0.539772,0.29,1,1182882,1182445,437
99456201,51.0784,49.9467,437,42760,0.579954,0.31,1,1182929,1182492,437
99459121,27.8157,27.5893,437,42809,0.555991,0.31,1,1182951,1182514,437
99462041,30.3631,29.5179,438,42858,0.567198,0.35,1,1182982,1182544,438
99464961,30.8726,29.9036,439,42907,0.55344,0.35,1,1183013,1182574,439
99467881,7.77453,7.58071,439,42956,0.518688,0.41,1,1183015,1182576,439
99470801,24.7549,23.9161,440,43005,0.527738,0.41,1,1183044,1182604,440
99473721,25.751,4.78323,466,43054,0.529548,0.43,1,1183070,1182604,466
99476641,30.7502,21.7566,472,43103,0.529909,0.41,1,1183102,1182630,472
99479561,33.35,30.7513,473,43152,0.529982,0.43,1,1183136,1182663,473
99482481,16.27,32.5503,452,43201,0.545996,0.39,1,1183148,1182696,452
99485401,24.054,16.1101,466,43250,0.565199,0.39,1,1183174,1182708,466
99488321,40.8108,24.022,485,43299,0.58504,0.37,1,1183219,1182734,485
99491241,30.5622,40.8044,468,43348,0.621008,0.43,1,1183247,1182779,468
99494161,72.5124,28.9609,525,43397,0.660202,0.57,1,1183330,1182805,525
99497081,52.1025,67.3922,495,43446,0.70004,0.59,1,1183377,1182882,495
99500001,28.0205,51.0784,470,43495,0.724008,0.55,1,1183399,1182929,470
99502921,29.6041,27.8157,478,43544,0.728802,0.57,1,1183429,1182951,478
99505841,29.9208,30.3631,477,43592,0.76176,0.55,2,1183459,1182982,477
99508761,7.58416,30.8726,448,43640,0.768352,0.51,2,1183461,1183013,448
99511681,25.5168,7.77453,476,43688,0.76967,0.53,2,1183491,1183015,476
99514601,25.9034,24.7549,473,43736,0.785934,0.53,2,1183517,1183044,473
99517521,30.7807,25.751,479,43784,0.821187,0.53,2,1183549,1183070,479
99520441,34.1561,30.7502,482,43832,0.860237,0.53,2,1183584,1183102,482
99523361,17.2312,33.35,461,43880,0.852047,0.55,2,1183597,1183136,461
99526281,24.2462,16.27,475,43928,0.850409,0.57,2,1183623,1183148,475
99529201,41.6492,24.054,495,43976,0.850082,0.59,2,1183669,1183174,495
99532121,33.1299,40.8108,481,44024,0.882016,0.63,2,1183700,1183219,481
99535041,74.626,30.5622,538,44072,0.888403,0.67,2,1183785,1183247,538
99537961,53.3252,72.5124,503,44120,0.905681,0.71,2,1183833,1183330,503
99540881,29.065,52.1025,479,44168,0.941136,0.73,2,1183856,1183377,479
99746741,131,106,516,21370,0.09,0.75,1,1186194,1185678,516
99749661,70.2,89.2,486,21469,0.09,0.53,1,1186249,1185763,486
99752581,64.44,82.64,468,21568,0.122,0.39,1,1186312,1185844,468
99755501,73.688,61.328,488,21666,0.1124,0.23,1,1186388,1185900,488
99758421,42.7376,68.2656,453,21764,0.17448,0.31,1,1186423,1185970,453
99761341,22.9475,37.6531,441,21861,0.170896,0.19,1,1186441,1186000,441
99764261,45.3895,57.9306,429,21958,0.266179,0.09,1,1186492,1186063,429
99767181,111.478,116.386,426,22055,0.301236,0.09,1,1186620,1186194,426
99770101,66.2956,67.2772,426,22151,0.308247,0.13,1,1186675,1186249,426
99773021,65.2591,63.8554,428,22247,0.373649,0.11,1,1186740,1186312,428
99775941,74.6518,73.5711,429,22342,0.40273,0.19,1,1186817,1186388,429
99778861,42.9304,42.7142,429,22437,0.424546,0.17,1,1186852,1186423,429
99781781,23.7861,22.9428,430,22532,0.444909,0.17,1,1186871,1186441,430
99784701,47.1572,4.58857,483,22626,0.432982,0.29,1,1186924,1186441,483
99787621,113.431,41.7177,562,22720,0.478596,0.31,1,1187054,1186492,562
99790541,68.2863,110.744,491,22813,0.471719,0.31,1,1187111,1186620,491
99793461,68.8573,66.1487,505,22906,0.502344,0.39,1,1187180,1186675,505
99796381,76.1715,65.2297,518,22999,0.540469,0.41,1,1187258,1186740,518
99799301,44.0343,74.6459,477,23091,0.548094,0.43,1,1187294,1186817,477
99802221,23.2069,42.9292,460,23183,0.549619,0.45,1,1187312,1186852,460
99805141,47.8414,23.7858,495,23274,0.565924,0.43,1,1187366,1186871,495
99808061,115.968,47.1572,575,23365,0.633185,0.49,1,1187499,1186924,575
99810981,67.9937,113.431,501,23456,0.646637,0.47,1,1187555,1187054,501
99813901,71.1987,68.2863,516,23546,0.665327,0.51,1,1187627,1187111,516
99816821,77.4397,68.8573,526,23636,0.717066,0.55,1,1187706,1187180,526
99819741,44.2879,76.1715,484,23726,0.743413,0.55,1,1187742,1187258,484
99822661,23.2576,44.0343,466,23815,0.748683,0.55,1,1187760,1187294,466
99825581,49.4515,23.2069,504,23904,0.781737,0.57,2,1187816,1187312,504
99828501,11.4903,47.8414,452,23993,0.788347,0.65,2,1187818,1187366,452
99831421,110.298,115.968,454,24081,0.821669,0.65,2,1187953,1187499,454
99834341,66.8596,67.9937,454,24169,0.828334,0.67,2,1188009,1187555,454
99837261,72.5719,71.1987,456,24257,0.877667,0.73,2,1188083,1187627,456
99840181,80.1144,77.4397,459,24344,0.903533,0.75,2,1188165,1187706,459
99843101,44.8229,44.2879,459,24431,0.956707,0.75,2,1188201,1187742,459
99930701,63,60,547,26911,0.67,1,1,1189963,1189416,547
99933621,32.6,74.4,494,26990,0.702,0.99,1,1189988,1189494,494
99936541,63.32,75.68,489,27068,0.6604,1,1,1190059,1189570,489
99939461,43.064,48.736,485,27146,0.65208,1,1,1190097,1189612,485
99942381,30.2128,33.7472,482,27224,0.602416,0.93,1,1190124,1189642,482
99945301,31.6426,41.1494,471,27302,0.560483,0.98,1,1190156,1189685,471
99948221,31.9285,33.0299,472,27380,0.568097,0.89,1,1190188,1189716,472
99951141,83.1857,88.206,466,27457,0.585619,0.75,1,1190284,1189818,466
99954061,75.0371,83.2412,457,27534,0.637124,0.67,1,1190357,1189900,457
99956981,63.8074,67.0482,455,27611,0.679425,0.71,1,1190418,1189963,455
99959901,27.9615,33.4096,449,27688,0.671885,0.65,1,1190437,1189988,449
99962821,62.3923,63.4819,449,27764,0.718377,0.65,1,1190508,1190059,449
99965741,44.4785,43.0964,451,27840,0.727675,0.59,1,1190548,1190097,451
99968661,30.4957,30.2193,451,27916,0.729535,0.55,1,1190575,1190124,451
99971581,29.2991,31.6439,448,27992,0.761907,0.57,2,1190604,1190156,448
99974501,34.6598,31.9288,452,28068,0.784381,0.59,2,1190640,1190188,452
99977421,82.932,83.1858,451,28143,0.868876,0.65,2,1190735,1190284,451
99980341,75.7864,75.0372,452,28218,0.901775,0.69,2,1190809,1190357,452
99983261,65.5573,63.8074,454,28293,0.924355,0.67,2,1190872,1190418,454
99986181,27.5115,27.9615,453,28368,0.928871,0.67,2,1190890,1190437,453
100105901,27,31,479,31280,0.67,1,1,1192951,1192472,479
100108821,27,6.2,506,31348,0.606,1,1,1192978,1192472,506
100111741,27,24.44,504,31415,0.6252,1,1,1193005,1192501,504
100114661,26.2,27.288,502,31482,0.51704,1,1,1193031,1192529,502
100117581,63.64,26.2576,549,31549,0.303408,1,1,1193104,1192555,549
100120501,67.928,67.6515,540,31616,0.116682,1,1,1193173,1192633,540
100123421,79.9856,76.7303,544,31683,0.0633363,0.92,1,1193256,1192712,544
100126341,39.1971,71.3461,503,31750,0.0206673,1,1,1193285,1192782,503
100129261,51.8394,40.6692,525,31817,0.0601335,0.87,1,1193340,1192815,525
100132181,39.9679,60.1338,497,31883,0.0680267,0.73,1,1193377,1192880,497
100135101,29.5936,47.2268,480,31949,0.0216053,0.67,1,1193404,1192924,480
100138021,25.1187,31.0454,477,32015,0.0443211,0.59,1,1193428,1192951,477
100140941,26.6237,27.8091,477,32081,0.0648642,0.63,1,1193455,1192978,477
100143861,21.3247,27.1618,470,32147,0.0849729,0.49,1,1193475,1193005,470
100146781,51.465,26.2324,503,32213,0.0249946,0.25,1,1193534,1193031,503
100149701,58.293,63.6465,490,32279,0.0769989,0.07,1,1193594,1193104,490
100152621,78.8586,67.9293,505,32345,0.0713998,0.05,1,1193678,1193173,505
100155541,38.1717,79.9859,450,32410,0.03828,0.01,1,1193706,1193256,450
100158461,54.0343,39.1972,479,32475,0.031656,0.07,1,1193764,1193285,479
100161381,39.6069,51.8394,460,32540,0.0303312,0.07,1,1193800,1193340,460
100164301,27.9214,39.9679,448,32605,0.0460662,0.01,1,1193825,1193377,448
100167221,24.7843,29.5936,445,32670,0.0492132,0.05,1,1193849,1193404,445
100170141,28.1569,25.1187,450,32735,0.0338426,0.07,1,1193878,1193428,450
100173061,7.23137,26.6237,425,32800,0.0307685,0.09,1,1193880,1193455,425
100175981,18.2463,21.3247,426,32864,0.0621537,0.01,1,1193901,1193475,426
100178901,50.8493,51.465,426,32928,0.132431,0.09,1,1193960,1193534,426
100181821,58.1699,58.293,426,32992,0.114486,0.07,1,1194020,1193594,426
100184741,78.034,78.8586,425,33056,0.126897,0.03,1,1194103,1193678,425
100187661,36.4068,38.1717,423,33120,0.0973794,0.03,1,1194129,1193706,423
100190581,55.2814,54.0343,425,33184,0.0274759,0.03,1,1194189,1193764,425
100193501,39.8563,39.6069,425,33248,0.0454952,0.05,1,1194225,1193800,425
100196421,27.1713,27.9214,424,33312,0.129099,0.05,1,1194249,1193825,424
100199341,24.6343,24.7843,424,33375,0.14582,0.03,1,1194273,1193849,424
100202261,28.1269,28.1569,424,33438,0.149164,0.03,1,1194302,1193878,424
100205181,7.22537,7.23137,424,33501,0.149833,0.07,1,1194304,1193880,424
100208101,17.4451,18.2463,423,33564,0.117967,0.15,1,1194324,1193901,423
100211021,55.489,50.8493,429,33627,0.175593,0.11,1,1194389,1193960,429
100213941,57.4978,58.1699,427,33690,0.171119,0.13,1,1194447,1194020,427
100216861,77.0996,78.034,426,33753,0.250224,0.09,1,1194529,1194103,426
100219781,36.2199,36.4068,426,33816,0.282045,0.01,1,1194555,1194129,426
100222701,52.044,55.2814,422,33879,0.256409,0.05,1,1194611,1194189,422
100225621,41.6088,39.8563,425,33941,0.267282,0.15,1,1194650,1194225,425
100228541,29.1218,27.1713,427,34003,0.269456,0.15,1,1194676,1194249,427
100231461,25.0244,24.6343,427,34065,0.269891,0.15,1,1194700,1194273,427
100234381,28.2049,28.1269,427,34127,0.253978,0.15,1,1194729,1194302,427
100237301,7.24097,7.22537,427,34189,0.298796,0.11,1,1194731,1194304,427
100240221,18.2482,17.4451,428,34251,0.291759,0.11,1,1194752,1194324,428
100243141,55.6496,3.48901,493,34313,0.306352,0.19,1,1194817,1194324,493
100246061,58.3299,52.6978,487,34375,0.37327,0.17,1,1194876,1194389,487
100248981,79.666,56.9396,514,34437,0.402654,0.27,1,1194961,1194447,514
100251901,37.5332,76.9879,459,34498,0.392531,0.29,1,1194988,1194529,459
100254821,52.3066,36.1976,489,34559,0.390506,0.25,1,1195044,1194555,489
100257741,40.8613,52.0395,471,34620,0.390101,0.27,1,1195082,1194611,471
100260661,28.9723,41.6079,458,34681,0.39002,0.27,1,1195108,1194650,458
100263581,24.9945,29.1216,456,34742,0.406004,0.27,1,1195132,1194676,456
100266501,29.7989,25.0243,463,34803,0.425201,0.25,1,1195163,1194700,463
100269421,7.55978,28.2049,436,34864,0.42904,0.31,1,1195165,1194729,436
100272341,17.512,7.24097,454,34925,0.445808,0.29,1,1195185,1194731,454
100275261,57.9024,18.2482,501,34986,0.449162,0.31,1,1195253,1194752,501
100278181,61.9805,55.6496,499,35046,0.513832,0.39,1,1195316,1194817,499
100281101,81.1961,58.3299,526,35106,0.590766,0.41,1,1195402,1194876,526
100284021,37.0392,79.666,467,35166,0.622153,0.39,1,1195428,1194961,467
100286941,52.2078,37.5332,496,35226,0.644431,0.39,1,1195484,1194988,496
100289861,40.8416,52.3066,478,35286,0.664886,0.39,1,1195522,1195044,478
100292781,28.9683,40.8613,466,35346,0.668977,0.39,1,1195548,1195082,466
100295701,25.7937,28.9723,465,35406,0.653795,0.41,1,1195573,1195108,465
100298621,30.7587,24.9945,473,35466,0.682759,0.43,1,1195605,1195132,473
100301541,7.75175,29.7989,444,35526,0.688552,0.43,1,1195607,1195163,444
100304461,19.1503,7.55978,464,35586,0.72171,0.45,1,1195629,1195165,464
100307381,57.4301,17.512,511,35645,0.680342,0.45,1,1195696,1195185,511
100310301,13.086,57.9024,445,35704,0.672068,0.53,1,1195698,1195253,445
100313221,55.4172,61.9805,448,35763,0.718414,0.61,1,1195764,1195316,448
100316141,83.0834,81.1961,452,35822,0.775683,0.63,2,1195854,1195402,452
100319061,38.2167,37.0392,453,35881,0.739137,0.65,1,1195881,1195428,453
100321981,54.0433,52.2078,455,35940,0.763827,0.67,2,1195939,1195484,455
100324901,41.2087,40.8416,455,35999,0.768766,0.67,2,1195977,1195522,455
100327821,29.0417,28.9683,455,36058,0.801753,0.65,2,1196003,1195548,455
100330741,25.0083,25.7937,454,36117,0.808351,0.69,2,1196027,1195573,454
100333661,32.2017,30.7587,456,36176,0.84167,0.69,2,1196061,1195605,456
100336581,8.04033,7.75175,456,36234,0.848334,0.73,2,1196063,1195607,456
100339501,19.2081,19.1503,456,36292,0.833667,0.67,2,1196085,1195629,456
100342421,57.4416,57.4301,456,36350,0.878733,0.67,2,1196152,1195696,456
100345341,13.0883,13.086,456,36408,0.887747,0.73,2,1196154,1195698,456
100348261,57.8177,55.4172,459,36466,0.905549,0.79,2,1196223,1195764,459
100520541,27,11,530,39740,0.69,1,1,1198534,1198004,530
100523461,13.4,39.8,493,39793,0.706,1,1,1198544,1198051,493
100526381,29.08,34.36,493,39846,0.6772,1,1,1198577,1198084,493
100529301,34.616,30.872,499,39899,0.62344,1,1,1198613,1198114,499
100532221,61.3232,71.7744,485,39952,0.468688,1,1,1198681,1198196,485
100535141,49.8646,49.5549,488,40005,0.421738,1,1,1198728,1198240,488
100538061,37.9729,40.311,485,40058,0.364347,1,1,1198763,1198278,485
100540981,31.5946,8.06219,515,40111,0.272869,1,1,1198793,1198278,515
100543901,43.1189,28.8124,527,40164,0.190574,1,1,1198839,1198312,527
100546821,36.6238,48.9625,508,40217,0.206115,1,1,1198874,1198366,508
100549741,27.3248,39.3925,496,40270,0.209223,0.99,1,1198899,1198403,496
100552661,29.465,29.4785,499,40322,0.193845,0.8,1,1198929,1198430,499
100555581,33.893,37.8957,494,40374,0.174769,0.81,1,1198964,1198470,494
100558501,27.5786,37.1791,483,40426,0.170954,0.69,1,1198990,1198507,483
100561421,10.3157,29.0358,462,40478,0.170191,0.71,1,1198996,1198534,462
100564341,27.6631,13.8072,484,40530,0.202038,0.67,1,1199028,1198544,484
100567261,31.1326,29.1614,483,40582,0.144408,0.61,1,1199060,1198577,483
100570181,56.6265,34.6323,510,40634,0.244882,0.43,1,1199123,1198613,510
100573101,44.1253,61.3265,483,40686,0.216976,0.41,1,1199164,1198681,483
100576021,34.4251,49.8653,468,40738,0.211395,0.35,1,1199196,1198728,468
100578941,34.885,37.9731,468,40790,0.210279,0.25,1,1199231,1198763,468
100581861,38.177,31.5946,477,40842,0.274056,0.17,1,1199270,1198793,477
100584781,35.6354,43.1189,466,40894,0.286811,0.21,1,1199305,1198839,466
100587701,26.3271,36.6238,455,40946,0.305362,0.21,1,1199329,1198874,455
100590621,27.6654,27.3248,458,40998,0.309072,0.19,1,1199357,1198899,458
100593541,34.3331,29.465,464,41049,0.325814,0.17,1,1199393,1198929,464
100596461,27.6666,33.893,455,41100,0.345163,0.17,1,1199419,1198964,455
100599381,10.3333,27.5786,435,41151,0.349033,0.17,1,1199425,1198990,435
100602301,27.6667,10.3157,461,41202,0.365806,0.21,1,1199457,1198996,461
100605221,30.3333,27.6631,460,41253,0.401161,0.13,1,1199488,1199028,460
100608141,59.6667,31.1326,495,41304,0.424232,0.27,1,1199555,1199060,495
100611061,43.9333,56.6265,472,41355,0.428846,0.21,1,1199595,1199123,472
100613981,34.3867,44.1253,463,41406,0.429769,0.21,1,1199627,1199164,463
100616901,34.8773,34.4251,466,41457,0.445954,0.21,1,1199662,1199196,466
100619821,41.3755,34.885,474,41508,0.449191,0.29,1,1199705,1199231,474
100622741,9.87509,38.177,437,41559,0.449838,0.29,1,1199707,1199270,437
100625661,30.775,35.6354,438,41610,0.481968,0.31,1,1199743,1199305,438
100628581,24.555,26.3271,437,41661,0.552394,0.31,1,1199766,1199329,437
100631501,27.311,27.6654,437,41712,0.534479,0.33,1,1199794,1199357,437
100634421,35.0622,34.3331,438,41763,0.562896,0.35,1,1199831,1199393,438
100637341,28.6124,27.6666,439,41814,0.600579,0.35,1,1199858,1199419,439
100640261,10.5225,10.3333,439,41864,0.608116,0.37,1,1199864,1199425,439
100643181,29.3045,27.6667,441,41914,0.609623,0.41,1,1199898,1199457,441
100646101,31.4609,30.3333,442,41964,0.609925,0.43,1,1199930,1199488,442
100649021,60.6922,59.6667,443,42014,0.641985,0.43,1,1199998,1199555,443
100651941,44.1384,43.9333,443,42064,0.696397,0.43,1,1200038,1199595,443
100654861,34.4277,34.3867,443,42114,0.707279,0.45,1,1200070,1199627,443
100657781,36.4855,34.8773,445,42164,0.741456,0.45,1,1200107,1199662,445
100660701,40.8971,41.3755,444,42214,0.748291,0.45,1,1200149,1199705,444
100663621,9.77942,9.87509,444,42264,0.781658,0.49,2,1200151,1199707,444
100666541,33.1559,30.775,447,42314,0.756332,0.57,2,1200190,1199743,447
100669461,25.8312,24.555,448,42364,0.751266,0.53,2,1200214,1199766,448
100672381,27.5662,27.311,448,42414,0.798253,0.57,2,1200242,1199794,448
100675301,37.5132,35.0622,451,42464,0.807651,0.61,2,1200282,1199831,451
100678221,29.9026,28.6124,452,42514,0.85753,0.61,2,1200310,1199858,452
100681141,10.7805,10.5225,452,42564,0.835506,0.61,2,1200316,1199864,452
100684061,29.3561,29.3045,452,42614,0.831101,0.61,2,1200350,1199898,452
100686981,31.4712,31.4609,452,42664,0.84622,0.65,2,1200382,1199930,452
100689901,62.2942,60.6922,454,42713,0.849244,0.71,2,1200452,1199998,454
100692821,45.2588,44.1384,455,42762,0.833849,0.71,2,1200493,1200038,455
100695741,34.6518,34.4277,455,42811,0.83077,0.75,2,1200525,1200070,455
100698661,39.7304,36.4855,459,42860,0.862154,0.75,2,1200566,1200107,459
100701581,41.5461,40.8971,459,42909,0.916431,0.79,2,1200608,1200149,459
100704501,9.90921,9.77942,459,42958,0.927286,0.75,2,1200610,1200151,459
100873861,32,14,508,45719,0.75,1,2,1202548,1202040,508
100876781,24,26.8,500,45765,0.734,1,1,1202570,1202070,500
100879701,27.2,30.96,496,45811,0.5868,1,1,1202598,1202102,496
100882621,35.84,25.392,510,45857,0.46136,1,1,1202636,1202126,510
100885541,32.768,22.6784,520,45903,0.388272,1,1,1202668,1202148,520
100888461,31.3536,30.1357,519,45949,0.325654,1,1,1202699,1202180,519
100889921,33.4707,6.02714,553,45995,0.265131,1,1,1202733,1202180,553
100938101,374.694,466.805,431,20440,0.125026,0.13,1,1203193,1202762,431
100941021,124.539,128.561,449,21270,0.129005,0.05,1,1203255,1202806,449
100943941,112.908,99.3122,467,21370,0.065801,0.09,1,1203365,1202898,467
100946861,70.5816,83.0624,448,21469,0.0371602,0.05,1,1203425,1202977,448
100949781,47.7163,51.8125,446,21568,0.047432,0.05,1,1203467,1203021,446
100952701,79.9433,55.9625,477,21666,0.0334864,0,1,1203555,1203078,477
100955621,41.5887,79.1925,424,21764,0.0306973,0.09,1,1203587,1203163,424
100958541,31.5177,33.4385,431,21861,0.0941395,0.13,1,1203616,1203185,431
100961461,58.3035,62.6877,426,21958,0.0748279,0.05,1,1203681,1203255,426
100964381,96.4607,100.538,422,22055,0.0709656,0.03,1,1203787,1203365,422
100967301,68.8921,68.1075,424,22151,0.134193,0.05,1,1203849,1203425,424
100970221,47.3784,47.2215,424,22247,0.178839,0.03,1,1203891,1203467,424
100973141,79.0757,79.8443,423,22342,0.155768,0.03,1,1203978,1203555,423
100976061,41.4151,41.5689,423,22437,0.103154,0.11,1,1204010,1203587,423
100978981,34.683,31.5138,427,22532,0.140631,0.11,1,1204043,1203616,427
100981901,56.5366,6.30275,489,22626,0.132126,0.07,1,1204105,1203616,489
100984821,96.1073,53.2606,530,22720,0.226425,0.07,1,1204211,1203681,530
100987741,72.0215,95.4521,490,22813,0.293285,0.15,1,1204277,1203787,490
100990661,48.0043,68.6904,470,22906,0.322657,0.19,1,1204319,1203849,470
100993581,76.0009,47.3381,511,22999,0.328531,0.15,1,1204402,1203891,511
100996501,41.6002,79.0676,457,23091,0.345706,0.09,1,1204435,1203978,457
100999421,35.52,41.4135,459,23183,0.349141,0.15,1,1204469,1204010,459
101002341,57.504,34.6827,489,23274,0.445828,0.13,1,1204532,1204043,489
101005261,101.901,56.5365,540,23365,0.513166,0.25,1,1204645,1204105,540
101008181,74.7802,96.1073,502,23456,0.542633,0.31,1,1204713,1204211,502
101011101,49.356,72.0215,479,23546,0.564527,0.33,1,1204756,1204277,479
101014021,76.2712,48.0043,520,23636,0.552905,0.33,1,1204839,1204319,520
101016941,42.4542,76.0009,471,23726,0.566581,0.35,1,1204873,1204402,471
101019861,35.6908,41.6002,472,23815,0.585316,0.35,1,1204907,1204435,472
101022781,62.3382,35.52,507,23904,0.573063,0.47,1,1204976,1204469,507
101025701,14.0676,57.504,446,23993,0.570613,0.53,1,1204978,1204532,446
101028621,94.8135,101.901,448,24081,0.618123,0.55,1,1205093,1204645,448
101031541,74.9627,74.7802,450,24169,0.659625,0.57,1,1205163,1204713,450
101034461,49.3925,49.356,450,24257,0.651925,0.55,1,1205206,1204756,450
101037381,75.4785,76.2712,449,24344,0.666385,0.57,1,1205288,1204839,449
101040301,43.0957,42.4542,450,24431,0.653277,0.59,1,1205323,1204873,450
101043221,36.6191,35.6908,451,24518,0.634655,0.57,1,1205358,1204907,451
101046141,61.7238,62.3382,450,24604,0.646931,0.57,1,1205426,1204976,450
101049061,13.9448,14.0676,450,24690,0.681386,0.63,1,1205428,1204978,450
101051981,95.589,94.8135,451,24776,0.736277,0.67,1,1205544,1205093,451
101054901,76.7178,74.9627,453,24862,0.731255,0.65,1,1205616,1205163,453
101057821,48.9436,49.3925,452,24947,0.778251,0.67,2,1205658,1205206,452
101060741,76.1887,75.4785,453,25032,0.85165,0.65,2,1205741,1205288,453
101063661,44.0377,43.0957,454,25117,0.83433,0.63,2,1205777,1205323,454
101066581,36.0075,36.6191,453,25201,0.878866,0.65,2,1205811,1205358,453
101069501,63.2015,61.7238,455,25285,0.903773,0.69,2,1205881,1205426,455
101072421,14.2403,13.9448,455,25369,0.908755,0.75,2,1205883,1205428,455
101189221,82,67,536,28517,0.85,1,2,1208170,1207634,536
101192141,38.8,53.4,514,28591,0.882,1,2,1208198,1207684,514
101195061,35.76,45.08,506,28665,0.8244,1,2,1208233,1207727,506
101197981,55.152,40.216,527,28739,0.86088,0.95,2,1208293,1207766,527
101329381,73,35,546,31883,0.47,1,1,1210551,1210005,546
101332301,37.8,63.8,504,31949,0.518,1,1,1210580,1210076,504
101335221,30.76,35.96,504,32015,0.4796,0.98,1,1210609,1210105,504
101338141,18.952,29.592,492,32081,0.40792,1,1,1210625,1210133,492
101341061,22.1904,16.3184,502,32147,0.345584,1,1,1210648,1210146,502
101343981,86.0381,30.4637,570,32213,0.221117,0.98,1,1210750,1210180,570
101346901,80.4076,86.0927,549,32279,0.100223,0.96,1,1210829,1210280,549
101349821,45.6815,80.4185,507,32345,0.0440447,0.98,1,1210866,1210359,507
101352741,37.9363,52.0837,498,32410,0.0968089,0.85,1,1210902,1210404,498
101355661,33.9873,37.6167,497,32475,0.0913618,0.79,1,1210935,1210438,497
101358581,56.3975,39.5233,519,32540,0.0422724,0.47,1,1210997,1210478,519
101361501,32.0795,66.3047,472,32605,0.0804545,0.53,1,1211023,1210551,472
101364421,28.0159,36.4609,470,32670,0.152091,0.47,1,1211050,1210580,470
101367341,18.4032,30.4922,457,32735,0.134418,0.39,1,1211066,1210609,457
101370261,5.28064,18.8984,443,32800,0.130884,0.33,1,1211068,1210625,443
101373181,12.2561,22.1797,434,32864,0.194177,0.19,1,1211082,1210648,434
101376101,80.0512,86.0359,429,32928,0.158835,0.07,1,1211179,1210750,429
101379021,78.4102,80.4072,428,32992,0.199767,0.03,1,1211257,1210829,428
101381941,43.682,45.6814,426,33056,0.207953,0.11,1,1211292,1210866,426
101384861,38.3364,37.9363,427,33120,0.209591,0.09,1,1211329,1210902,427
101387781,33.2673,33.9873,426,33184,0.209918,0.03,1,1211361,1210935,426
101390701,56.2535,56.3975,426,33248,0.225984,0.09,1,1211423,1210997,426
101393621,32.0507,32.0795,426,33312,0.213197,0.17,1,1211449,1211023,426
101396541,29.6101,28.0159,428,33375,0.242639,0.13,1,1211478,1211050,428
101399461,20.322,18.4032,430,33438,0.216528,0.13,1,1211496,1211066,430
101402381,5.66441,5.28064,430,33501,0.243306,0.21,1,1211498,1211068,430
101405301,9.13288,12.2561,426,33564,0.216661,0.15,1,1211508,1211082,426
101408221,83.4266,80.0512,431,33627,0.243332,0.21,1,1211610,1211179,431
101411141,78.2853,78.4102,430,33690,0.264666,0.21,1,1211687,1211257,430
101414061,43.6571,43.682,430,33753,0.332933,0.21,1,1211722,1211292,430
101416981,39.9314,38.3364,432,33816,0.330587,0.21,1,1211761,1211329,432
101419901,34.3863,33.2673,433,33879,0.314117,0.23,1,1211794,1211361,433
101422821,55.6773,56.2535,432,33941,0.326823,0.21,1,1211855,1211423,432
101425741,31.9355,32.0507,432,34003,0.361365,0.25,1,1211881,1211449,432
101428661,29.5871,29.6101,432,34065,0.368273,0.21,1,1211910,1211478,432
101431581,20.3174,20.322,432,34127,0.401655,0.25,1,1211928,1211496,432
101434501,5.66348,5.66441,432,34189,0.408331,0.21,1,1211930,1211498,432
101437421,9.1327,9.13288,432,34251,0.377666,0.21,1,1211940,1211508,432
101440341,84.2265,1.82658,535,34313,0.435533,0.25,1,1212043,1211508,535
101443261,79.2453,81.9653,511,34375,0.431107,0.27,1,1212121,1211610,511
101446181,45.4491,77.9931,471,34437,0.478221,0.35,1,1212158,1211687,471
101449101,39.4898,43.5986,474,34498,0.519644,0.33,1,1212196,1211722,474
101452021,35.098,39.9197,469,34559,0.543929,0.31,1,1212230,1211761,469
101454941,56.6196,34.3839,498,34620,0.596786,0.33,1,1212292,1211794,498
101457861,32.1239,55.6768,463,34681,0.623357,0.37,1,1212318,1211855,463
101460781,31.2248,31.9354,468,34742,0.644671,0.37,1,1212349,1211881,468
101463701,20.645,29.5871,457,34803,0.664934,0.41,1,1212367,1211910,457
101466621,5.72899,20.3174,441,34864,0.668987,0.41,1,1212369,1211928,441
101469541,9.1458,5.66348,449,34925,0.669797,0.37,1,1212379,1211930,449
101472461,87.4292,9.1327,546,34986,0.701959,0.45,1,1212486,1211940,546
101475381,79.0858,84.2265,520,35046,0.740392,0.43,1,1212563,1212043,520
101478301,47.8172,79.2453,482,35106,0.764078,0.49,2,1212603,1212121,482
101481221,42.3634,45.4491,486,35166,0.832816,0.53,2,1212644,1212158,486
101484141,36.4727,39.4898,483,35226,0.830563,0.55,2,1212679,1212196,483
101487061,59.2945,35.098,514,35286,0.862113,0.61,2,1212744,1212230,514
101489981,32.6589,56.6196,478,35346,0.868422,0.63,2,1212770,1212292,478
101492901,32.9318,32.1239,485,35406,0.885684,0.65,2,1212803,1212318,485
101495821,20.9864,31.2248,472,35466,0.857137,0.67,2,1212821,1212349,472
101498741,5.79727,20.645,456,35526,0.851427,0.67,2,1212823,1212367,456
101501661,9.15945,5.72899,464,35586,0.866286,0.67,2,1212833,1212369,464
101504581,89.0319,9.1458,563,35645,0.885257,0.71,2,1212942,1212379,563
101507501,19.4064,87.4292,458,35704,0.889051,0.75,2,1212944,1212486,458
101510421,67.0813,79.0858,460,35763,0.92181,0.77,2,1213023,1212563,460
101668101,72,53,497,38826,0.9,1,2,1215162,1214665,497
101671021,36.8,29,502,38880,0.916,1,2,1215190,1214688,502
101697301,27,21,480,39366,0.83,0.89,2,1215503,1215023,480
101700221,25.4,29.8,473,39420,0.814,0.9,2,1215528,1215055,473
101703141,34.68,33.96,475,39474,0.7948,0.9,2,1215565,1215090,475
101706061,58.936,64.392,468,39528,0.79096,0.92,2,1215630,1215162,468
101708981,34.1872,35.2784,468,39581,0.790192,0.97,2,1215658,1215190,468
101711901,31.6374,28.6557,472,39634,0.774038,0.97,2,1215689,1215217,472
101714821,12.7275,11.3311,473,39687,0.738808,0.99,1,1215697,1215224,473
101717741,25.7455,26.2662,472,39740,0.747762,0.9,1,1215726,1215254,472
101720661,28.3491,30.8532,469,39793,0.765552,0.91,2,1215755,1215286,469
101723581,40.8698,42.1706,468,39846,0.80111,0.99,2,1215799,1215331,468
101726501,61.774,61.2341,469,39899,0.840222,0.91,2,1215866,1215397,469
101729421,25.9548,30.6468,463,39952,0.832044,0.85,2,1215883,1215420,463
101732341,49.191,50.9294,462,40005,0.814409,0.83,2,1215938,1215476,462
101735261,29.8382,31.7859,460,40058,0.826882,0.83,2,1215963,1215503,460
101738181,25.1676,6.35717,484,40111,0.829376,0.81,2,1215987,1215503,484
101741101,30.6335,21.2714,491,40164,0.829875,0.79,2,1216019,1215528,491
101744021,62.1267,33.8543,524,40217,0.893975,0.79,2,1216089,1215565,524
101746941,34.0253,58.7709,486,40270,0.922795,0.79,2,1216116,1215630,486
101749861,30.8051,34.1542,488,40322,0.928559,0.77,2,1216146,1215658,488
101752781,12.561,31.6308,465,40374,0.929712,0.73,2,1216154,1215689,465
101963021,118,84,501,19818,0.11,0.55,1,1218773,1218272,501
101965941,74,88.8,474,19925,0.142,0.39,1,1218836,1218362,474
101968861,54,69.76,458,20031,0.1004,0.13,1,1218885,1218427,458
101971781,82,87.552,455,20137,0.02808,0.11,1,1218974,1218519,455
101974701,71.6,71.9104,456,20242,0.029616,0.01,1,1219043,1218587,456
101977621,28.72,42.3821,439,20347,0.0299232,0.01,1,1219061,1218622,439
101980541,116.944,34.8764,545,20451,0.125985,0.11,1,1219200,1218655,545
101983461,74.5888,101.375,491,20555,0.145197,0.15,1,1219264,1218773,491
101986381,51.7178,70.6751,474,20658,0.197039,0.09,1,1219310,1218836,474
101989301,79.1436,53.335,511,20761,0.111408,0.01,1,1219396,1218885,511
101992221,71.0287,81.867,491,20863,0.0462816,0.03,1,1219465,1218974,491
101995141,28.6057,71.5734,440,20965,0.0332563,0.03,1,1219483,1219043,440
101998061,7.32115,28.7147,424,21066,0.0306513,0.15,1,1219485,1219061,424
102000981,116.664,116.943,429,21167,0.0781303,0.15,1,1219629,1219200,429
102003901,76.9328,74.5886,432,21267,0.151626,0.21,1,1219696,1219264,432
102006821,52.9866,51.7177,433,21367,0.150325,0.09,1,1219743,1219310,433
102009741,72.1973,79.1435,424,21466,0.166065,0.03,1,1219820,1219396,424
102012661,68.0395,71.0287,422,21565,0.057213,0.03,1,1219887,1219465,422
102015581,29.6079,28.6057,424,21663,0.0194426,0.03,1,1219907,1219483,424
102018501,7.52158,7.32115,424,21761,0.0278885,0.09,1,1219909,1219485,424
102021421,118.304,116.664,426,21858,0.0775777,0.17,1,1220055,1219629,426
102024341,78.8609,76.9328,428,21955,0.119516,0.15,1,1220124,1219696,428
102027261,54.1722,52.9866,429,22052,0.159903,0.17,1,1220172,1219743,429
102030181,73.2344,72.1973,430,22148,0.199981,0.03,1,1220250,1219820,430
102033101,61.8469,68.0395,422,22244,0.239996,0.01,1,1220309,1219887,422
102036021,29.1694,29.6079,423,22339,0.199999,0.03,1,1220330,1219907,423
102038941,7.43388,7.52158,423,22434,0.192,0.09,1,1220332,1219909,423
102041861,120.687,118.304,426,22529,0.2544,0.09,1,1220481,1220055,426
102044781,80.1374,23.6609,496,22623,0.29888,0.13,1,1220551,1220055,496
102047701,54.4275,59.9322,475,22717,0.339776,0.17,1,1220599,1220124,475
102050621,76.4855,50.3864,509,22810,0.363955,0.21,1,1220681,1220172,509
102053541,62.4971,72.4773,490,22903,0.352791,0.25,1,1220740,1220250,490
102056461,28.4994,61.6955,451,22996,0.366558,0.19,1,1220760,1220309,451
102059381,7.29988,29.1391,432,23088,0.369312,0.19,1,1220762,1220330,432
102062301,123.06,7.42782,582,23180,0.369862,0.27,1,1220914,1220332,582
102065221,83.012,120.686,506,23271,0.385972,0.31,1,1220987,1220481,506
102068141,56.6024,80.1371,486,23362,0.453194,0.35,1,1221037,1220551,486
102071061,77.7205,54.4274,521,23453,0.514639,0.37,1,1221120,1220599,521
102073981,62.7441,76.4855,498,23543,0.542928,0.35,1,1221179,1220681,498
102076901,28.5488,62.4971,459,23633,0.548586,0.37,1,1221199,1220740,459
102079821,7.30976,28.4994,441,23723,0.549717,0.37,1,1221201,1220760,441
102082741,121.462,7.29988,589,23812,0.565943,0.37,1,1221351,1220762,589
102085661,85.0924,123.06,513,23901,0.601189,0.39,1,1221427,1220914,513
102088581,18.6185,83.012,442,23990,0.608238,0.47,1,1221429,1220987,442
102091501,46.1237,56.6024,445,24078,0.657648,0.53,1,1221482,1221037,445
102094421,78.0247,77.7205,448,24166,0.699529,0.55,1,1221568,1221120,448
102097341,63.6049,62.7441,449,24254,0.739906,0.55,1,1221628,1221179,449
102100261,28.721,28.5488,449,24341,0.715981,0.55,1,1221648,1221199,449
102103181,7.3442,7.30976,449,24428,0.743196,0.57,1,1221650,1221201,449
102106101,122.269,121.462,450,24515,0.748639,0.61,1,1221801,1221351,450
102109021,86.8538,85.0924,452,24601,0.797728,0.61,2,1221879,1221427,452
102111941,18.9708,18.6185,452,24687,0.839546,0.67,2,1221881,1221429,452
102114861,48.5941,46.1237,455,24773,0.847909,0.71,2,1221937,1221482,455
102117781,78.5188,78.0247,455,24859,0.865582,0.75,2,1222023,1221568,455
102237501,36,30,490,28140,0.65,1,1,1224327,1223837,490
102240421,54.4,63.6,477,28215,0.538,1,1,1224386,1223909,477
102243341,88.48,83.92,485,28290,0.4676,0.97,1,1224483,1223998,485
102246261,40.096,47.984,474,28365,0.43752,0.97,1,1224511,1224037,474
102249181,32.8192,9.5968,505,28440,0.367504,0.88,1,1224542,1224037,505
102252101,21.7638,27.5194,492,28514,0.385501,0.95,1,1224561,1224069,492
102255021,61.1528,25.5039,538,28588,0.3571,0.9,1,1224632,1224094,538
102257941,74.6306,61.9008,545,28662,0.25542,0.83,1,1224710,1224165,545
102260861,45.3261,81.9802,496,28736,0.219084,0.73,1,1224748,1224252,496
102263781,34.6652,47.596,489,28810,0.227817,0.65,1,1224780,1224291,489
102266701,50.133,38.3192,507,28883,0.261563,0.51,1,1224834,1224327,507
102269621,82.8266,54.8638,539,28956,0.204313,0.45,1,1224925,1224386,539
102272541,36.5653,88.5728,467,29029,0.192863,0.43,1,1224950,1224483,467
102275461,32.1131,40.1146,470,29102,0.222573,0.35,1,1224981,1224511,470
102278381,20.8226,32.8229,457,29175,0.228514,0.39,1,1224999,1224542,457
102281301,59.3645,21.7646,507,29248,0.293703,0.35,1,1225068,1224561,507
102284221,70.2729,61.1529,509,29320,0.370741,0.23,1,1225141,1224632,509
102287141,45.2546,74.6306,470,29392,0.370148,0.21,1,1225180,1224710,470
102290061,34.6509,45.3261,464,29464,0.40203,0.23,1,1225212,1224748,464
102292981,50.1302,34.6652,486,29536,0.408406,0.27,1,1225266,1224780,486
102295901,81.226,50.133,521,29608,0.425681,0.19,1,1225355,1224834,521
102298821,37.0452,82.8266,456,29679,0.461136,0.19,1,1225381,1224925,456
102301741,33.009,36.5653,463,29750,0.500227,0.23,1,1225413,1224950,463
102304661,22.6018,32.1131,452,29821,0.524045,0.23,1,1225433,1224981,452
102307581,6.12036,20.8226,436,29892,0.528809,0.31,1,1225435,1224999,436
102310501,59.6241,59.3645,440,29963,0.545762,0.39,1,1225508,1225068,440
102313421,70.3248,70.2729,440,30034,0.581152,0.37,1,1225581,1225141,440
102316341,45.265,45.2546,440,30104,0.63623,0.41,1,1225620,1225180,440
102319261,36.253,34.6509,442,30174,0.679246,0.41,1,1225654,1225212,442
102322181,50.4506,50.1302,442,30244,0.703849,0.43,1,1225708,1225266,442
102325101,82.0901,81.226,443,30314,0.69277,0.47,1,1225798,1225355,443
102328021,38.818,37.0452,445,30384,0.754554,0.51,2,1225826,1225381,445
102330941,34.9636,33.009,447,30454,0.766911,0.53,2,1225860,1225413,447
102333861,23.7927,22.6018,448,30523,0.769382,0.53,2,1225881,1225433,448
102336781,6.35854,6.12036,448,30592,0.801876,0.55,2,1225883,1225435,448
102339701,60.4717,59.6241,449,30661,0.776375,0.59,2,1225957,1225508,449
102342621,72.0943,70.3248,451,30730,0.803275,0.65,2,1226032,1225581,451
102345541,46.4189,45.265,452,30799,0.856655,0.69,2,1226072,1225620,452
102348461,38.0838,36.253,454,30868,0.867331,0.71,2,1226108,1225654,454
102351381,51.6168,50.4506,455,30937,0.933466,0.69,2,1226163,1225708,455
102354301,83.1234,82.0901,456,31005,0.930693,0.77,2,1226254,1225798,456
102494461,77,69,493,34125,0.39,1,1,1228403,1227910,493
102497381,42.6,42.6,491,34187,0.31,1,1,1228437,1227946,491
102500301,38.12,34.12,496,34249,0.246,1,1,1228474,1227978,496
102503221,26.024,6.824,519,34311,0.2012,1,1,1228497,1227978,519
102506141,34.0048,28.5648,521,34373,0.16024,1,1,1228533,1228012,521
102509061,83.601,44.913,568,34435,0.072048,0.86,1,1228629,1228061,568
102511981,43.9202,84.1826,508,34496,0.0384096,0.95,1,1228663,1228155,508
102514901,32.784,47.2365,500,34557,0.0316819,0.87,1,1228693,1228193,500
102517821,27.3568,35.8473,493,34618,0.110336,1,1,1228719,1228226,493
102520741,27.0714,31.1695,490,34679,0.0460673,0.93,1,1228746,1228256,490
102523661,31.8143,32.6339,490,34740,0.0332135,0.73,1,1228779,1228289,490
102526581,60.7629,36.1268,521,34801,0.0306427,0.39,1,1228847,1228326,521
102529501,36.1526,68.8254,474,34862,0.0461285,0.29,1,1228877,1228403,474
102532421,30.4305,40.9651,469,34923,0.0492257,0.23,1,1228906,1228437,469
102535341,20.4861,37.793,450,34984,0.0498451,0.19,1,1228924,1228474,450
102538261,28.8972,25.9586,458,35044,0.081969,0.15,1,1228955,1228497,458
102541181,82.5794,33.9917,518,35104,0.0563938,0.05,1,1229051,1228533,518
102544101,43.7159,83.5983,456,35164,0.0512788,0.03,1,1229085,1228629,456
102547021,32.7432,43.9197,452,35224,0.0502558,0.03,1,1229115,1228663,452
102549941,27.3486,32.7839,448,35284,0.0340512,0.13,1,1229141,1228693,448
102552861,27.0697,27.3568,449,35344,0.0468102,0.03,1,1229168,1228719,449
102555781,31.8139,27.0714,455,35404,0.017362,0.03,1,1229201,1228746,455
102558701,59.9628,31.8143,489,35464,0.0754724,0.03,1,1229268,1228779,489
102561621,37.5926,60.7629,453,35524,0.0710945,0.05,1,1229300,1228847,453
102564541,30.7185,36.1526,452,35584,0.102219,0.05,1,1229329,1228877,452
102567461,22.1437,30.4305,443,35643,0.124444,0.05,1,1229349,1228906,443
102570381,6.02874,20.4861,427,35702,0.0968888,0.09,1,1229351,1228924,427
102573301,27.6057,28.8972,429,35761,0.123378,0.05,1,1229384,1228955,429
102576221,76.7212,82.5794,422,35820,0.160676,0.05,1,1229473,1229051,422
102579141,44.1442,43.7159,424,35879,0.104135,0.05,1,1229509,1229085,424
102582061,32.8288,32.7432,424,35938,0.092827,0.03,1,1229539,1229115,424
102584981,26.5658,27.3486,423,35997,0.0745654,0.05,1,1229564,1229141,423
102587901,27.7132,27.0697,424,36056,0.0549131,0.01,1,1229592,1229168,424
102590821,31.1426,31.8139,423,36115,0.0509826,0.09,1,1229624,1229201,423
102593741,62.2285,59.9628,426,36174,0.0981965,0.07,1,1229694,1229268,426
102596661,37.2457,37.5926,425,36232,0.155639,0.11,1,1229725,1229300,425
102599581,33.0491,30.7185,428,36290,0.183128,0.13,1,1229757,1229329,428
102602501,21.8098,22.1437,427,36348,0.204626,0.09,1,1229776,1229349,427
102605421,5.96197,6.02874,427,36406,0.208925,0.13,1,1229778,1229351,427
102608341,27.5924,27.6057,427,36464,0.193785,0.17,1,1229811,1229384,427
102611261,79.1185,76.7212,430,36522,0.254757,0.09,1,1229903,1229473,430
102614181,39.8237,44.1442,424,36580,0.282951,0.09,1,1229933,1229509,424
102617101,31.9647,32.8288,424,36638,0.28859,0.07,1,1229963,1229539,424
102620021,26.3929,26.5658,424,36696,0.305718,0.05,1,1229988,1229564,424
102622941,27.6786,27.7132,424,36754,0.277144,0.05,1,1230016,1229592,424
102625861,31.1357,31.1426,424,36811,0.303429,0.11,1,1230048,1229624,424
102628781,64.6271,62.2285,427,36868,0.292686,0.17,1,1230121,1229694,427
102631701,38.5254,37.2457,428,36925,0.322537,0.19,1,1230153,1229725,428
102634621,35.7051,33.0491,431,36982,0.344507,0.21,1,1230188,1229757,431
102637541,21.541,21.8098,430,37039,0.380901,0.21,1,1230206,1229776,430
102640461,5.9082,5.96197,430,37096,0.38818,0.19,1,1230208,1229778,430
102643381,27.5816,27.5924,430,37153,0.373636,0.19,1,1230241,1229811,430
102646301,82.3163,5.51848,526,37210,0.434727,0.27,1,1230337,1229811,526
102649221,41.2633,74.7037,465,37267,0.430945,0.29,1,1230368,1229903,465
102652141,32.2527,38.9407,465,37324,0.430189,0.29,1,1230398,1229933,465
102655061,25.6505,31.7881,459,37381,0.430038,0.31,1,1230422,1229963,459
102657981,27.5301,26.3576,462,37438,0.430008,0.27,1,1230450,1229988,462
102660901,31.106,27.6715,466,37494,0.430002,0.31,1,1230482,1230016,466
102663821,66.2212,31.1343,509,37550,0.398,0.29,1,1230557,1230048,509
102666741,40.4442,64.6269,470,37606,0.3596,0.33,1,1230591,1230121,470
102669661,36.0888,38.5254,473,37662,0.33592,0.35,1,1230626,1230153,473
102672581,21.6178,35.7051,456,37718,0.331184,0.39,1,1230644,1230188,456
102675501,5.92355,21.541,440,37774,0.330237,0.39,1,1230646,1230206,440
102678421,28.3847,5.9082,472,37830,0.346047,0.37,1,1230680,1230208,472
102681341,85.6769,27.5816,539,37886,0.381209,0.45,1,1230780,1230241,539
102684261,41.1354,82.3163,473,37942,0.404242,0.43,1,1230810,1230337,473
102687181,32.2271,41.2633,472,37998,0.440848,0.43,1,1230840,1230368,472
102690101,25.6454,32.2527,466,38054,0.46417,0.43,1,1230864,1230398,466
102693021,27.5291,25.6505,470,38110,0.500834,0.43,1,1230892,1230422,470
102695941,31.1058,27.5301,474,38165,0.508167,0.43,1,1230924,1230450,474
102698861,64.6212,31.106,515,38220,0.525633,0.39,1,1230997,1230482,515
102701781,38.5242,66.2212,472,38275,0.529127,0.35,1,1231029,1230557,472
102704701,34.9048,40.4442,472,38330,0.561825,0.33,1,1231063,1230591,472
102707621,22.181,36.0888,456,38385,0.568365,0.33,1,1231082,1230626,456
102710541,6.03619,21.6178,440,38440,0.569673,0.33,1,1231084,1230644,440
102713461,28.4072,5.92355,472,38495,0.617935,0.35,1,1231118,1230646,472
102716381,88.0814,28.3847,541,38550,0.643587,0.39,1,1231221,1230680,541
102719301,41.6163,85.6769,471,38605,0.712717,0.41,1,1231251,1230780,471
102722221,9.92326,41.1354,443,38660,0.742543,0.45,1,1231253,1230810,443
102725141,26.7847,32.2271,444,38715,0.780509,0.47,2,1231284,1230840,444
102728061,25.3569,25.6454,445,38770,0.772102,0.51,2,1231309,1230864,445
102730981,29.0714,27.5291,447,38824,0.77042,0.51,2,1231339,1230892,447
102733901,31.4143,31.1058,447,38878,0.770084,0.53,2,1231371,1230924,447
102736821,65.4829,64.6212,448,38932,0.818017,0.53,2,1231445,1230997,448
102739741,38.6966,38.5242,448,38986,0.827603,0.57,2,1231477,1231029,448
102742661,37.3393,34.9048,451,39040,0.845521,0.57,2,1231514,1231063,451
102745581,23.4679,22.181,452,39094,0.849104,0.57,2,1231534,1231082,452
102748501,6.29357,6.03619,452,39148,0.849821,0.63,2,1231536,1231084,452
102751421,29.2587,28.4072,453,39202,0.881964,0.65,2,1231571,1231118,453
102944141,29,34,509,42612,0.93,1,2,1233981,1233472,509
102955821,62,48,496,42809,0.77,1,2,1234148,1233652,496
102958741,41.2,40.8,493,42858,0.754,1,2,1234184,1233691,493
102961661,30.64,32.16,491,42907,0.7828,1,2,1234212,1233721,491
102964581,26.928,23.232,496,42956,0.70856,1,1,1234238,1233742,496
102967501,19.7856,23.0464,491,43005,0.661712,1,1,1234256,1233765,491
102970421,35.1571,4.60928,530,43054,0.572342,1,1,1234295,1233765,530
102973341,31.8314,27.3219,528,43103,0.538468,1,1,1234326,1233798,528
102976261,21.5663,37.4644,507,43152,0.579694,1,1,1234345,1233838,507
102979181,37.1133,30.6929,519,43201,0.555939,0.92,1,1234386,1233867,519
102982101,36.2227,43.7386,508,43250,0.503188,0.96,1,1234422,1233914,508
102985021,31.2445,39.1477,500,43299,0.476638,0.93,1,1234452,1233952,500
102987941,18.2489,31.0295,486,43348,0.471328,0.97,1,1234467,1233981,486
102990861,37.2498,21.4059,509,43397,0.358265,0.79,1,1234509,1234000,509
102993781,37.05,44.2812,496,43446,0.351653,0.75,1,1234546,1234050,496
102996701,55.41,37.6562,520,43495,0.238331,0.77,1,1234606,1234086,520
102999621,38.282,57.1312,492,43544,0.215666,0.75,1,1234640,1234148,492
103002541,27.6564,40.2263,481,43592,0.227133,0.79,1,1234665,1234184,481
103005461,26.3313,30.4452,479,43640,0.213427,0.69,1,1234691,1234212,479
103008381,18.8663,26.8891,470,43688,0.194685,0.65,1,1234708,1234238,470
103011301,34.9733,19.7778,491,43736,0.238937,0.55,1,1234747,1234256,491
103014221,30.1947,35.1556,481,43784,0.263787,0.53,1,1234776,1234295,481
103017141,19.6389,31.8311,467,43832,0.236757,0.59,1,1234793,1234326,467
103020061,35.1278,21.5662,487,43880,0.247351,0.55,1,1234832,1234345,487
103022981,34.2256,37.1132,480,43928,0.29747,0.49,1,1234866,1234386,480
103025901,30.0451,36.2226,473,43976,0.323494,0.47,1,1234895,1234422,473
103028821,17.209,31.2445,457,44024,0.360699,0.47,1,1234909,1234452,457
103031741,34.6418,18.2489,481,44072,0.35214,0.33,1,1234948,1234467,481
103034661,32.5284,37.2498,471,44120,0.382428,0.35,1,1234980,1234509,471
103037581,52.9057,37.05,492,44168,0.404486,0.21,1,1235038,1234546,492
103040501,36.9811,55.41,465,44216,0.440897,0.21,1,1235071,1234606,465
103043421,28.1962,38.282,457,44264,0.480179,0.23,1,1235097,1234640,457
103046341,25.6392,27.6564,457,44312,0.520036,0.21,1,1235122,1234665,457
103049261,19.5278,26.3313,449,44360,0.528007,0.19,1,1235140,1234691,449
103052181,35.9056,18.8663,472,44408,0.577601,0.25,1,1235180,1234708,472
103055101,29.5811,34.9733,461,44456,0.60352,0.27,1,1235208,1234747,461
103058021,7.51622,30.1947,434,44503,0.608704,0.23,1,1235210,1234776,434
103060941,15.1032,19.6389,434,44550,0.625741,0.25,1,1235227,1234793,434
103063861,36.6207,35.1278,437,44597,0.597148,0.31,1,1235269,1234832,437
103066781,36.1241,34.2256,439,44644,0.59143,0.33,1,1235305,1234866,439
103069701,31.2248,30.0451,440,44691,0.590286,0.37,1,1235335,1234895,440
103072621,17.445,17.209,440,44738,0.622057,0.35,1,1235349,1234909,440
103075541,33.889,34.6418,439,44785,0.628411,0.39,1,1235387,1234948,439
103078461,33.9778,32.5284,441,44832,0.645682,0.41,1,1235421,1234980,441
103081381,54.7956,52.9057,443,44879,0.617136,0.45,1,1235481,1235038,443
103084301,39.7591,36.9811,446,44926,0.643427,0.49,1,1235517,1235071,446
103087221,29.5518,28.1962,447,44973,0.712685,0.53,1,1235544,1235097,447
103090141,26.7104,25.6392,448,45020,0.694537,0.53,1,1235570,1235122,448
103093061,19.7421,19.5278,448,45067,0.690907,0.59,1,1235588,1235140,448
103095981,38.3484,35.9056,451,45114,0.690181,0.61,1,1235631,1235180,451
103098901,30.8697,29.5811,452,45161,0.706036,0.61,1,1235660,1235208,452
103101821,7.77394,7.51622,452,45208,0.741207,0.63,1,1235662,1235210,452
103104741,14.3548,15.1032,451,45255,0.716241,0.59,1,1235678,1235227,451
103107661,36.471,36.6207,451,45302,0.727248,0.59,1,1235720,1235269,451
103110581,36.0942,36.1241,451,45349,0.74545,0.59,1,1235756,1235305,451
103113501,31.2188,31.2248,451,45396,0.79709,0.63,2,1235786,1235335,451
103116421,17.4438,17.445,451,45442,0.791418,0.63,2,1235800,1235349,451
103119341,33.8888,33.889,451,45488,0.822284,0.65,2,1235838,1235387,451
103122261,34.7778,33.9778,452,45534,0.812457,0.61,2,1235873,1235421,452
103125181,54.9555,54.7956,452,45580,0.810491,0.65,2,1235933,1235481,452
103128101,42.9911,39.7591,456,45626,0.826098,0.73,2,1235973,1235517,456
103131021,30.1982,29.5518,456,45672,0.84522,0.69,2,1236000,1235544,456
103133941,26.8396,26.7104,456,45718,0.849044,0.69,2,1236026,1235570,456
103136861,19.7679,19.7421,456,45764,0.849809,0.69,2,1236044,1235588,456
103139781,38.3536,38.3484,456,45810,0.801962,0.71,2,1236087,1235631,456
103142701,31.6707,30.8697,457,45856,0.840392,0.75,2,1236117,1235660,457
103145621,7.93414,7.77394,457,45902,0.880078,0.71,2,1236119,1235662,457
103148541,14.3868,14.3548,457,45948,0.888016,0.71,2,1236135,1235678,457
103151461,36.4774,2.87096,499,45994,0.905603,0.73,2,1236177,1235678,499
103154381,37.6955,34.1742,495,46040,0.909121,0.75,2,1236215,1235720,495
103157301,32.3391,35.6348,490,46086,0.925824,0.81,2,1236246,1235756,490
103160221,17.6678,31.127,474,46132,0.897165,0.79,2,1236260,1235786,474
103163141,35.5336,17.4254,500,46178,0.923433,0.83,2,1236300,1235800,500
103166061,34.3067,33.8851,496,46224,0.928687,0.81,2,1236334,1235838,496
103168981,55.6613,34.777,522,46270,0.913737,0.81,2,1236395,1235873,522
103171901,41.5323,54.9554,500,46316,0.910747,0.83,2,1236433,1235933,500
103174821,30.7065,42.9911,488,46362,0.89415,0.85,2,1236461,1235973,488
103177741,26.9413,30.1982,487,46407,0.89083,0.85,2,1236487,1236000,487
103180661,19.7883,26.8396,479,46452,0.890166,0.85,2,1236505,1236026,479
103183581,37.5577,19.7679,503,46497,0.906033,0.79,2,1236547,1236044,503
103443461,37,36,474,25236,0.81,1,2,1240538,1240064,474
103446381,49.8,52,471,25320,0.762,1,2,1240591,1240120,471
103449301,41.96,40.8,473,25404,0.7364,0.94,1,1240631,1240158,473
103452221,77.192,76.96,473,25487,0.74728,0.94,1,1240717,1240244,473
103455141,59.4384,15.392,528,25570,0.733456,1,1,1240772,1240244,528
103458061,69.4877,51.0784,540,25653,0.794691,0.95,2,1240844,1240304,540
103460981,61.0975,71.8157,522,25736,0.774938,0.79,2,1240903,1240381,522
103463901,59.4195,63.1631,520,25818,0.818988,0.83,2,1240962,1240442,520
103466821,39.0839,59.8326,495,25900,0.827798,0.81,2,1240996,1240501,495
103469741,47.0168,41.5665,507,25982,0.877559,0.75,2,1241045,1240538,507
103472661,43.0034,50.7133,496,26064,0.903512,0.73,2,1241087,1240591,496
103586541,32,37,516,29065,0.55,1,1,1243230,1242714,516
103589461,41.6,37,523,29138,0.438,1,1,1243274,1242751,523
103592381,40.32,41.8,520,29211,0.3516,1,1,1243314,1242794,520
103595301,51.264,52.36,519,29283,0.19032,1,1,1243368,1242849,519
103598221,38.2528,40.872,516,29355,0.062064,1,1,1243403,1242887,516
103601141,61.2506,52.1744,528,29427,0.0204128,0.89,1,1243470,1242942,528
103604061,77.0501,48.0349,562,29499,0.0600826,1,1,1243551,1242989,562
103606981,69.81,86.407,534,29571,0.0840165,0.77,1,1243619,1243085,534
103609901,39.562,77.2814,491,29643,0.0568033,0.63,1,1243651,1243160,491
103612821,31.9124,45.8563,483,29714,0.0513607,0.55,1,1243681,1243198,483
103615741,31.9825,34.7713,483,29785,0.0502721,0.41,1,1243713,1243230,483
103618661,7.9965,42.1543,441,29856,0.0500544,0.33,1,1243715,1243274,441
103621581,31.1993,40.4308,438,29927,0.162011,0.15,1,1243752,1243314,438
103624501,39.8399,51.2862,426,29998,0.184402,0.03,1,1243794,1243368,426
103627421,34.368,38.2572,424,30069,0.18888,0.01,1,1243827,1243403,424
103630341,59.6736,61.2514,423,30139,0.141776,0.07,1,1243893,1243470,423
103633261,76.7347,77.0503,423,30209,0.0843552,0.09,1,1243974,1243551,423
103636181,72.1469,69.8101,426,30279,0.072871,0.05,1,1244045,1243619,426
103639101,36.8294,39.562,422,30349,0.0705742,0.05,1,1244073,1243651,422
103642021,34.5659,31.9124,426,30419,0.102115,0.05,1,1244107,1243681,426
103644941,34.1132,31.9825,428,30489,0.092423,0.05,1,1244141,1243713,428
103647861,8.42263,7.9965,428,30558,0.0904846,0.19,1,1244143,1243715,428
103650781,32.0845,31.1993,429,30627,0.0900969,0.19,1,1244181,1243752,429
103653701,41.6169,39.8399,431,30696,0.106019,0.19,1,1244225,1243794,431
103656621,31.5234,34.368,427,30765,0.141204,0.13,1,1244254,1243827,427
103659541,58.3047,59.6736,426,30834,0.148241,0.07,1,1244319,1243893,426
103662461,75.6609,76.7347,425,30903,0.165648,0.07,1,1244399,1243974,425
103665381,70.3322,72.1469,423,30971,0.23313,0.07,1,1244468,1244045,423
103668301,37.2664,36.8294,424,31039,0.246626,0.11,1,1244497,1244073,424
103671221,35.4533,34.5659,425,31107,0.265325,0.09,1,1244532,1244107,425
103674141,33.4907,34.1132,424,31175,0.253065,0.09,1,1244565,1244141,424
103677061,8.29813,8.42263,424,31243,0.282613,0.09,1,1244567,1244143,424
103679981,32.0596,32.0845,424,31311,0.272523,0.09,1,1244605,1244181,424
103682901,42.4119,6.4169,469,31379,0.318505,0.11,1,1244650,1244181,469
103685821,32.4824,36.4834,455,31446,0.311701,0.15,1,1244680,1244225,455
103688741,60.0965,30.4967,493,31513,0.31034,0.15,1,1244747,1244254,493
103691661,76.8193,58.0993,509,31580,0.326068,0.17,1,1244828,1244319,509
103694581,72.1639,75.6199,500,31647,0.361214,0.25,1,1244899,1244399,500
103697501,39.2328,70.324,462,31714,0.400243,0.25,1,1244930,1244468,462
103700421,36.6466,37.2648,469,31781,0.408049,0.27,1,1244966,1244497,469
103703341,32.9293,35.453,466,31848,0.42561,0.25,1,1244998,1244532,466
103706261,8.18586,33.4906,435,31914,0.429122,0.29,1,1245000,1244565,435
103709181,33.6372,8.29812,473,31980,0.429824,0.27,1,1245040,1244567,473
103712101,42.7274,32.0596,480,32046,0.477965,0.33,1,1245085,1244605,480
103715021,33.3455,42.4119,466,32112,0.503593,0.31,1,1245116,1244650,466
103717941,61.0691,32.4824,504,32178,0.492719,0.31,1,1245184,1244680,504
103720861,77.0138,60.0965,518,32244,0.490544,0.33,1,1245265,1244747,518
103723781,74.6028,76.8193,511,32310,0.490109,0.37,1,1245339,1244828,511
103726701,40.5206,72.1639,472,32375,0.554022,0.41,1,1245371,1244899,472
103729621,37.7041,39.2328,478,32440,0.582804,0.41,1,1245408,1244930,478
103732541,33.1408,36.6466,474,32505,0.604561,0.43,1,1245440,1244966,474
103735461,8.22816,32.9293,444,32570,0.608912,0.43,1,1245442,1244998,444
103738381,35.2456,8.18586,484,32635,0.625782,0.43,1,1245484,1245000,484
103741301,43.8491,33.6372,490,32700,0.645157,0.49,1,1245530,1245040,490
103744221,34.3698,42.7274,477,32765,0.681031,0.51,1,1245562,1245085,477
103747141,8.47396,33.3455,448,32830,0.688206,0.49,1,1245564,1245116,448
103750061,54.4948,61.0691,446,32894,0.753641,0.49,2,1245630,1245184,446
103752981,75.699,77.0138,446,32958,0.798728,0.49,2,1245711,1245265,446
103755901,76.7398,74.6028,449,33022,0.791746,0.57,2,1245788,1245339,449
103758821,42.548,40.5206,451,33086,0.790349,0.59,2,1245822,1245371,451
103761741,38.9096,37.7041,452,33150,0.82207,0.61,2,1245860,1245408,452
103764661,33.3819,33.1408,452,33214,0.844414,0.61,2,1245892,1245440,452
103767581,8.27638,8.22816,452,33278,0.816883,0.63,2,1245894,1245442,452
103770501,36.0553,35.2456,453,33342,0.827377,0.65,2,1245937,1245484,453
103773421,44.8111,43.8491,454,33405,0.893475,0.69,2,1245984,1245530,454
103776341,36.9622,34.3698,457,33468,0.858695,0.69,2,1246019,1245562,457
103779261,8.99244,8.47396,457,33531,0.851739,0.77,2,1246021,1245564,457
103782181,55.3985,54.4948,458,33594,0.914348,0.81,2,1246088,1245630,458
103785101,77.4797,75.699,460,33657,0.92687,0.79,2,1246171,1245711,460
103788021,77.8959,76.7398,461,33720,0.929374,0.79,2,1246249,1245788,461
103939861,23,37,494,36838,0.83,1,2,1248361,1247867,494
103942781,38.2,47.4,486,36895,0.782,1,2,1248403,1247917,486
103945701,35.64,39.08,484,36952,0.8044,1,2,1248438,1247954,484
103948621,32.728,32.616,485,37009,0.77688,1,2,1248470,1247985,485
103951541,67.3456,72.1232,479,37066,0.659376,0.86,1,1248546,1248067,479
103954461,40.6691,41.6246,479,37123,0.619875,1,1,1248580,1248101,479
103957381,66.5338,65.9249,480,37180,0.531975,1,1,1248653,1248173,480
103960301,37.3068,13.185,510,37237,0.562395,0.98,1,1248683,1248173,510
103963221,29.0614,31.437,501,37294,0.552479,0.87,1,1248710,1248209,501
103966141,30.6123,27.0874,506,37351,0.566496,0.94,1,1248741,1248235,506
103969061,30.1225,36.6175,497,37408,0.537299,0.86,1,1248771,1248274,497
103971981,29.2245,35.3235,491,37464,0.53146,0.83,1,1248800,1248309,491
103974901,25.8449,30.2647,487,37520,0.514292,0.83,1,1248825,1248338,487
103977821,33.969,24.4529,500,37576,0.542858,0.77,1,1248861,1248361,500
103980741,33.9938,38.4906,492,37632,0.564572,0.81,1,1248895,1248403,492
103983661,33.1988,35.6981,490,37688,0.552914,0.77,1,1248928,1248438,490
103986581,63.4398,32.7396,529,37744,0.646583,0.63,1,1248999,1248470,529
103989501,38.2879,67.3479,485,37800,0.601317,0.61,1,1249031,1248546,485
103992421,63.6576,40.6696,521,37856,0.592263,0.51,1,1249101,1248580,521
103995341,37.5315,66.5339,479,37912,0.606453,0.57,1,1249132,1248653,479
103998261,28.3063,37.3068,475,37968,0.689291,0.55,1,1249158,1248683,475
104001181,31.2613,29.0614,480,38024,0.705858,0.57,1,1249190,1248710,480
104004101,28.6523,30.6123,477,38080,0.725172,0.53,1,1249218,1248741,477
104007021,28.9305,30.1225,476,38135,0.713034,0.53,1,1249247,1248771,476
104009941,24.9861,29.2245,471,38190,0.710607,0.51,1,1249271,1248800,471
104012861,35.3972,25.8449,484,38245,0.710121,0.55,1,1249309,1248825,484
104015781,35.0794,33.969,483,38300,0.758024,0.57,2,1249344,1248861,483
104018701,34.2159,33.9938,483,38355,0.783605,0.55,2,1249378,1248895,483
104021621,65.2432,33.1988,523,38410,0.820721,0.67,2,1249451,1248928,523
104024541,37.0486,63.4398,482,38465,0.844144,0.59,2,1249481,1248999,482
104027461,65.0097,38.2879,522,38520,0.864829,0.59,2,1249553,1249031,522
104030381,40.2019,63.6576,486,38575,0.900966,0.61,2,1249587,1249101,486
104033301,9.64039,37.5315,457,38630,0.908193,0.71,2,1249589,1249132,457
104036221,22.7281,28.3063,457,38685,0.909639,0.71,2,1249615,1249158,457
104039141,30.1456,31.2613,457,38740,0.877928,0.73,2,1249647,1249190,457
104042061,29.2291,28.6523,458,38795,0.919586,0.71,2,1249676,1249218,458
104044981,28.2458,28.9305,457,38849,0.943917,0.71,2,1249704,1249247,457
104047901,24.8492,24.9861,457,38903,0.916783,0.71,2,1249728,1249271,457
104050821,35.3698,35.3972,457,38957,0.943357,0.77,2,1249766,1249309,457
104208501,36,39,505,41784,0.59,1,1,1251726,1251221,505
104211421,28,30.2,503,41835,0.542,1,1,1251752,1251249,503
104214341,62.4,78.04,484,41885,0.3724,1,1,1251823,1251339,484
104217261,38.88,39.608,487,41935,0.29048,1,1,1251856,1251369,487
104220181,73.376,71.1216,490,41985,0.058096,1,1,1251938,1251448,490
104223101,39.4752,42.2243,486,42035,0.131619,1,1,1251969,1251483,486
104226021,32.695,34.0449,485,42085,0.0983238,0.97,1,1252000,1251515,485
104228941,16.939,23.609,477,42135,0.0756648,0.96,1,1252013,1251536,477
104231861,13.7878,16.7218,475,42185,0.071133,1,1,1252026,1251551,475
104234781,25.9576,30.5444,470,42235,0.0862266,1,1,1252055,1251585,470
104237701,28.3915,32.5089,466,42285,0.121245,0.9,1,1252084,1251618,466
104240621,20.8783,23.3018,464,42335,0.0802491,0.8,1,1252103,1251639,464
104243541,10.5757,15.8604,458,42385,0.0720498,0.71,1,1252111,1251653,458
104246461,26.1151,32.7721,451,42435,0.11841,0.59,1,1252141,1251690,451
104249381,32.423,35.3544,449,42485,0.095682,0.53,1,1252175,1251726,449
104252301,24.8846,27.8709,446,42535,0.123136,0.33,1,1252198,1251752,446
104255221,52.1769,62.3742,434,42585,0.144627,0.27,1,1252257,1251823,434
104258141,35.2354,38.8748,432,42635,0.164925,0,1,1252288,1251856,432
104261061,67.0471,73.375,425,42684,0.136985,0.15,1,1252363,1251938,425
104263981,39.8094,39.475,427,42733,0.195397,0.09,1,1252396,1251969,427
104266901,30.3619,32.695,424,42782,0.191079,0.07,1,1252424,1252000,424
104269821,16.4724,16.939,424,42831,0.254216,0.07,1,1252437,1252013,424
104272741,12.0945,13.7878,422,42880,0.282843,0.09,1,1252448,1252026,422
104275661,26.4189,25.9576,423,42929,0.256569,0.13,1,1252478,1252055,423
104278581,30.8838,28.3915,426,42978,0.219314,0.07,1,1252510,1252084,426
104281501,20.5768,20.8783,425,43027,0.211863,0.07,1,1252528,1252103,425
104284421,12.1154,4.17566,435,43076,0.210373,0.07,1,1252538,1252103,435
104287341,24.8231,7.23513,455,43125,0.210075,0.13,1,1252566,1252111,455
104290261,33.7646,25.447,461,43174,0.210015,0.09,1,1252602,1252141,461
104293181,25.1529,32.2894,450,43223,0.194003,0.13,1,1252625,1252175,450
104296101,53.0306,24.8579,487,43272,0.206801,0.15,1,1252685,1252198,487
104299021,34.6061,52.1716,458,43321,0.22536,0.17,1,1252715,1252257,458
104301941,66.9212,35.2343,502,43370,0.261072,0.13,1,1252790,1252288,502
104304861,41.3842,67.0469,462,43419,0.284214,0.21,1,1252825,1252363,462
104307781,33.8768,39.8094,461,43468,0.272843,0.19,1,1252857,1252396,461
104310701,17.9754,30.3619,447,43517,0.286569,0.27,1,1252871,1252424,447
104313621,11.5951,16.4724,444,43565,0.289314,0.29,1,1252881,1252437,444
104316541,27.119,12.0945,464,43613,0.289863,0.25,1,1252912,1252448,464
104319461,28.6238,26.4189,463,43661,0.305973,0.21,1,1252941,1252478,463
104322381,20.1248,30.8838,449,43709,0.309195,0.21,1,1252959,1252510,449
104325301,12.025,20.5768,441,43757,0.309839,0.21,1,1252969,1252528,441
104328221,24.805,12.1154,459,43805,0.325968,0.21,1,1252997,1252538,459
104331141,33.761,24.8231,467,43853,0.329194,0.21,1,1253033,1252566,467
104334061,24.3522,33.7646,453,43901,0.329839,0.19,1,1253055,1252602,453
104336981,53.6704,25.1529,491,43949,0.313968,0.21,1,1253116,1252625,491
104339901,35.5341,53.0306,462,43997,0.310794,0.23,1,1253147,1252685,462
104342821,68.7068,34.6061,509,44045,0.358159,0.27,1,1253224,1252715,509
104345741,42.5414,66.9212,470,44093,0.399632,0.29,1,1253260,1252790,470
104348661,34.1083,41.3842,467,44141,0.439926,0.27,1,1253292,1252825,467
104351581,18.0217,33.8768,449,44189,0.415985,0.29,1,1253306,1252857,449
104354501,12.4043,17.9754,446,44237,0.427197,0.29,1,1253317,1252871,446
104357421,28.0809,11.5951,468,44285,0.477439,0.29,1,1253349,1252881,468
104360341,28.0162,27.119,465,44333,0.487488,0.31,1,1253377,1252912,465
104363261,20.0032,28.6238,454,44381,0.505498,0.31,1,1253395,1252941,454
104366181,12.0006,20.1248,446,44429,0.509099,0.31,1,1253405,1252959,446
104369101,4.00013,12.025,438,44476,0.50982,0.33,1,1253407,1252969,438
104372021,23.2,24.805,438,44523,0.557964,0.33,1,1253435,1252997,438
104374941,33.44,33.761,438,44570,0.583593,0.33,1,1253471,1253033,438
104377861,24.288,24.3522,438,44617,0.588719,0.31,1,1253493,1253055,438
104380781,53.6576,53.6704,438,44664,0.573744,0.31,1,1253554,1253116,438
104383701,34.7315,35.5341,437,44711,0.602749,0.37,1,1253584,1253147,437
104386621,71.7463,68.7068,441,44758,0.59255,0.41,1,1253665,1253224,441
104389541,44.7493,42.5414,443,44805,0.59051,0.45,1,1253703,1253260,443
104392461,33.7499,34.1083,442,44852,0.622102,0.41,1,1253734,1253292,442
104395381,17.95,18.0217,442,44899,0.59642,0.43,1,1253748,1253306,442
104398301,13.99,12.4043,444,44946,0.607284,0.49,1,1253761,1253317,444
104401221,29.998,28.0809,446,44993,0.625457,0.49,1,1253795,1253349,446
104404141,29.1996,28.0162,447,45040,0.661091,0.51,1,1253824,1253377,447
104407061,20.2399,20.0032,447,45087,0.668218,0.51,1,1253842,1253395,447
104409981,12.048,12.0006,447,45134,0.669644,0.51,1,1253852,1253405,447
104412901,4.0096,4.00013,447,45181,0.701929,0.57,1,1253854,1253407,447
104415821,24.0019,23.2,448,45228,0.692386,0.59,1,1253883,1253435,448
104418741,34.4004,33.44,449,45275,0.722477,0.59,1,1253920,1253471,449
104421661,24.4801,24.288,449,45322,0.744495,0.57,1,1253942,1253493,449
104424581,54.496,53.6576,450,45369,0.748899,0.61,1,1254004,1253554,450
104427501,34.8992,34.7315,450,45415,0.71778,0.59,1,1254034,1253584,450
104430421,70.9798,71.7463,449,45461,0.759556,0.59,2,1254114,1253665,449
104433341,46.996,44.7493,452,45507,0.767911,0.63,2,1254155,1253703,452
104436261,33.3992,33.7499,451,45553,0.817582,0.59,2,1254185,1253734,451
104439181,17.8798,17.95,451,45599,0.859516,0.61,2,1254199,1253748,451
104442101,14.776,13.99,452,45645,0.835903,0.63,2,1254213,1253761,452
104445021,31.7552,29.998,454,45691,0.879181,0.67,2,1254249,1253795,454
104447941,30.351,29.1996,455,45737,0.887836,0.67,2,1254279,1253824,455
104450861,20.4702,20.2399,455,45783,0.889567,0.67,2,1254297,1253842,455
104453781,12.094,12.048,455,45829,0.921913,0.71,2,1254307,1253852,455
104647961,109,114,507,22093,0.43,1,1,1256519,1256012,507
104650881,82.6,86,504,22189,0.254,0.91,1,1256595,1256091,504
104653801,63.72,78.8,486,22285,0.2188,0.89,1,1256654,1256168,486
104656721,59.144,58.16,491,22380,0.13176,0.81,1,1256712,1256221,491
104659641,43.0288,66.032,462,22475,0.178352,0.73,1,1256751,1256289,462
104662561,38.2058,32.4064,475,22569,0.12367,0.73,1,1256788,1256313,475
104665481,62.8412,35.2813,508,22663,0.0967341,0.61,1,1256857,1256349,508
104668401,93.3682,55.8563,548,22757,0.123347,0.43,1,1256958,1256410,548
104671321,73.0736,98.3713,507,22850,0.128669,0.21,1,1257026,1256519,507
104674241,60.2147,80.4742,488,22943,0.113734,0.21,1,1257083,1256595,488
104677161,57.6429,63.2948,486,23035,0.110747,0.11,1,1257140,1256654,486
104680081,41.1286,59.059,465,23127,0.142149,0.19,1,1257177,1256712,465
104683001,37.0257,43.0118,462,23219,0.21243,0.11,1,1257213,1256751,462
104685921,61.0051,38.2024,492,23310,0.242486,0.09,1,1257280,1256788,492
104688841,94.601,62.8405,526,23401,0.280497,0.13,1,1257383,1256857,526
104691761,74.9202,93.3681,495,23492,0.304099,0.13,1,1257453,1256958,495
104694681,58.184,73.0736,481,23582,0.32482,0.11,1,1257507,1257026,481
104697601,59.6368,60.2147,484,23672,0.344964,0.11,1,1257567,1257083,484
104700521,42.3274,57.6429,465,23762,0.380993,0.15,1,1257605,1257140,465
104703441,40.4655,41.1286,468,23851,0.372199,0.23,1,1257645,1257177,468
104706361,63.2931,37.0257,501,23940,0.43444,0.25,1,1257714,1257213,501
104709281,14.2586,61.0051,436,24029,0.414888,0.29,1,1257716,1257280,436
104712201,85.2517,94.601,436,24117,0.442978,0.31,1,1257819,1257383,436
104715121,73.8503,74.9202,437,24205,0.480595,0.33,1,1257890,1257453,437
104718041,58.7701,58.184,438,24293,0.504119,0.35,1,1257945,1257507,438
104720961,61.354,59.6368,440,24380,0.508824,0.39,1,1258007,1257567,440
104723881,43.4708,42.3274,441,24467,0.525765,0.37,1,1258046,1257605,441
104726801,39.8942,40.4655,440,24554,0.529153,0.45,1,1258085,1257645,440
104729721,64.7788,63.2931,442,24640,0.641831,0.41,1,1258156,1257714,442
104732641,14.5558,14.2586,442,24726,0.664366,0.45,1,1258158,1257716,442
104735561,86.9112,85.2517,444,24812,0.716873,0.49,1,1258263,1257819,444
104738481,74.1822,73.8503,444,24897,0.743375,0.51,1,1258334,1257890,444
104741401,59.6364,58.7701,445,24982,0.796675,0.51,2,1258390,1257945,445
104744321,61.5273,61.354,445,25067,0.775335,0.53,2,1258452,1258007,445
104747241,45.1055,43.4708,447,25152,0.819067,0.53,2,1258493,1258046,447
104750161,42.6211,39.8942,450,25236,0.811813,0.67,2,1258535,1258085,450
104753081,68.5242,64.7788,454,25320,0.890363,0.67,2,1258610,1258156,454
104756001,15.3048,14.5558,454,25404,0.906073,0.73,2,1258612,1258158,454
104776441,76,42,539,25982,0.93,0.91,2,1259074,1258535,539
104779361,16.8,68.4,466,26064,0.93,0.91,2,1259076,1258610,466
104890321,40,49,514,28992,0.67,1,1,1261192,1260678,514
104893241,56.8,46.6,529,29065,0.382,1,1,1261253,1260724,529
104896161,40.96,47.72,518,29138,0.2284,1,1,1261290,1260772,518
104899081,36.192,40.744,514,29211,0.10168,1,1,1261325,1260811,514
104902001,54.4384,51.3488,519,29283,0.060336,1,1,1261384,1260865,519
104904921,66.8877,39.0698,553,29355,0.0360672,1,1,1261454,1260901,553
104907841,47.7775,71.814,516,29427,0.0632134,1,1,1261497,1260981,516
104910761,63.9555,43.1628,548,29499,0.0846427,0.83,1,1261565,1261017,548
104913681,49.5911,72.6326,514,29571,0.0249285,0.85,1,1261611,1261097,514
104916601,33.9182,58.5265,489,29643,0.0449857,0.67,1,1261641,1261152,489
104919521,41.1836,43.7053,492,29714,0.00899714,0.31,1,1261684,1261192,492
104922441,34.6367,57.5411,464,29785,0.0257994,0.19,1,1261717,1261253,464
104925361,8.52735,41.1082,429,29856,0.0611599,0.07,1,1261719,1261290,429
104928281,24.1055,36.2216,422,29927,0.020232,0.05,1,1261747,1261325,422
104931201,56.0211,54.4443,427,29998,0.0280464,0.03,1,1261811,1261384,427
104934121,63.2042,66.8889,422,30069,0.0136093,0.07,1,1261876,1261454,422
104937041,50.2408,47.7778,426,30139,0.0427219,0.09,1,1261923,1261497,426
104939961,62.8482,63.9556,424,30209,0.0805444,0.01,1,1261989,1261565,424
104942881,47.7696,49.5911,422,30279,0.104109,0.05,1,1262033,1261611,422
104945801,34.3539,33.9182,423,30349,0.124822,0,1,1262064,1261641,423
104948721,40.4708,41.1836,422,30419,0.144964,0.03,1,1262106,1261684,422
104951641,34.4942,34.6367,422,30489,0.132993,0.07,1,1262139,1261717,422
104954561,8.49883,8.52735,422,30558,0.130599,0.01,1,1262141,1261719,422
104957481,24.8998,24.1055,423,30627,0.11412,0.03,1,1262170,1261747,423
104960401,56.18,56.0211,423,30696,0.0628239,0.01,1,1262234,1261811,423
104963321,62.436,63.2042,422,30765,0.0125648,0.05,1,1262298,1261876,422
104966241,51.6872,50.2408,424,30834,0.042513,0.09,1,1262347,1261923,424
104969161,65.5374,62.8482,427,30903,0.0805026,0.11,1,1262416,1261989,427
104972081,46.7075,47.7696,425,30971,0.120101,0.13,1,1262458,1262033,425
104975001,36.5415,34.3539,428,31039,0.17602,0.15,1,1262492,1262064,428
104977921,40.1083,40.4708,427,31107,0.139204,0.13,1,1262533,1262106,427
104980841,33.6217,34.4942,426,31175,0.147841,0.13,1,1262565,1262139,426
104983761,8.32433,8.49883,426,31243,0.181568,0.11,1,1262567,1262141,426
104986681,24.0649,24.8998,425,31311,0.188314,0.11,1,1262595,1262170,425
104989601,52.813,4.97995,485,31379,0.141663,0.05,1,1262655,1262170,485
104992521,61.7626,52.196,485,31446,0.0363325,0,1,1262719,1262234,485
104995441,51.5525,61.6392,470,31513,0.0312665,0.05,1,1262768,1262298,470
104998361,68.7105,51.5278,494,31580,0.0142533,0.09,1,1262841,1262347,494
105001281,47.3421,65.5056,467,31647,0.0268507,0.13,1,1262883,1262416,467
105004201,39.0684,46.7011,462,31714,0.0453701,0.19,1,1262920,1262458,462
105007121,40.6137,36.5402,469,31781,0.065074,0.13,1,1262961,1262492,469
105010041,33.7227,40.108,460,31848,0.133015,0.15,1,1262993,1262533,460
105012961,8.34455,33.6216,430,31914,0.146603,0.19,1,1262995,1262565,430
105015881,24.0689,8.32432,456,31980,0.165321,0.19,1,1263023,1262567,456
105018801,52.0138,24.0649,487,32046,0.169064,0.13,1,1263082,1262595,487
105021721,56.8028,52.813,485,32112,0.137813,0.01,1,1263140,1262655,485
105024641,51.3606,61.7626,471,32178,0.0515626,0.03,1,1263190,1262719,471
105027561,68.6721,51.5525,495,32244,0.0663125,0.01,1,1263263,1262768,495
105030481,47.3344,68.7105,464,32310,0.0532625,0.03,1,1263305,1262841,464
105033401,39.8669,47.3421,460,32375,0.0666525,0.05,1,1263343,1262883,460
105036321,41.5734,39.0684,465,32440,0.0533305,0.07,1,1263385,1262920,465
105039241,37.1147,40.6137,460,32505,0.0666661,0.15,1,1263421,1262961,460
105042161,9.02293,33.7227,430,32570,0.0693332,0.15,1,1263423,1262993,430
105045081,25.8046,8.34455,458,32635,0.0698666,0.17,1,1263453,1262995,458
105048001,51.5609,24.0689,488,32700,0.0859733,0.17,1,1263511,1263023,488
105050921,53.5122,52.0138,483,32765,0.121195,0.13,1,1263565,1263082,483
105053841,12.3024,56.8028,427,32830,0.128239,0.03,1,1263567,1263140,427
105056761,39.2605,51.3606,423,32894,0.0656478,0.07,1,1263613,1263190,423
105059681,66.2521,68.6721,423,32958,0.0371296,0.05,1,1263686,1263263,423
105062601,48.4504,47.3344,425,33022,0.0794259,0.07,1,1263730,1263305,425
105065521,40.0901,39.8669,425,33086,0.119885,0.05,1,1263768,1263343,425
105068441,41.618,41.5734,425,33150,0.127977,0.07,1,1263810,1263385,425
105071361,37.1236,37.1147,425,33214,0.145595,0.07,1,1263846,1263421,425
105074281,9.02472,9.02293,425,33278,0.149119,0.07,1,1263848,1263423,425
105077201,25.8049,25.8046,425,33342,0.181824,0.09,1,1263878,1263453,425
105080121,52.361,51.5609,426,33405,0.268365,0.13,1,1263937,1263511,426
105083041,55.2722,53.5122,428,33468,0.285673,0.13,1,1263993,1263565,428
105085961,12.6544,12.3024,428,33531,0.289135,0.05,1,1263995,1263567,428
105088881,35.3309,39.2605,423,33594,0.305827,0.03,1,1264036,1263613,423
105091801,65.4662,66.2521,423,33657,0.293165,0.09,1,1264109,1263686,423
105094721,50.6932,48.4504,426,33720,0.370633,0.13,1,1264156,1263730,426
105097641,40.5386,40.0901,426,33783,0.386127,0.13,1,1264194,1263768,426
105100561,41.7077,41.618,426,33846,0.373225,0.15,1,1264236,1263810,426
105103481,37.9415,37.1236,427,33908,0.402645,0.15,1,1264273,1263846,427
105106401,9.18831,9.02472,427,33970,0.440529,0.19,1,1264275,1263848,427
105109321,27.4377,25.8049,429,34032,0.448106,0.29,1,1264307,1263878,429
105112241,56.6875,52.361,434,34094,0.481621,0.29,1,1264371,1263937,434
105115161,56.1375,55.2722,434,34156,0.456324,0.29,1,1264427,1263993,434
105118081,12.8275,12.6544,434,34218,0.451265,0.29,1,1264429,1263995,434
105121001,36.9655,2.53089,477,34280,0.482253,0.31,1,1264472,1263995,477
105123921,64.9931,33.3062,508,34342,0.536451,0.29,1,1264544,1264036,508
105126841,52.9986,65.0612,485,34404,0.56329,0.39,1,1264594,1264109,485
105129761,41.7997,50.6122,477,34465,0.552658,0.39,1,1264633,1264156,477
105132681,41.9599,40.5224,481,34526,0.550532,0.37,1,1264675,1264194,481
105135601,39.592,41.7045,478,34587,0.534106,0.41,1,1264714,1264236,478
105138521,9.5184,37.9409,443,34648,0.530821,0.45,1,1264716,1264273,443
105141441,27.5037,9.18818,473,34709,0.546164,0.45,1,1264748,1264275,473
105144361,58.3007,27.4376,507,34770,0.613233,0.49,1,1264814,1264307,507
105147281,56.4601,56.6875,499,34831,0.642647,0.45,1,1264870,1264371,499
105150201,12.892,56.1375,445,34892,0.648529,0.45,1,1264872,1264427,445
105153121,38.5784,12.8275,488,34953,0.697706,0.49,1,1264917,1264429,488
105156041,67.7157,36.9655,520,35013,0.691541,0.55,1,1264992,1264472,520
105158961,54.3431,64.9931,499,35073,0.690308,0.57,1,1265043,1264544,499
105161881,41.2686,52.9986,487,35133,0.706062,0.55,1,1265081,1264594,487
105164801,41.8537,41.7997,490,35193,0.725212,0.55,1,1265123,1264633,490
105167721,38.7707,41.9599,486,35253,0.745043,0.53,1,1265161,1264675,486
105170641,9.35415,39.592,449,35313,0.749008,0.53,1,1265163,1264714,449
105173561,28.2708,9.5184,480,35373,0.733802,0.55,1,1265196,1264716,480
105176481,62.4542,27.5037,519,35433,0.68276,0.63,1,1265267,1264748,519
105179401,57.2908,58.3007,509,35493,0.752552,0.65,2,1265323,1264814,509
105182321,13.0582,56.4601,455,35553,0.76651,0.65,2,1265325,1264870,455
105185241,41.0116,12.892,501,35612,0.785302,0.71,2,1265373,1264872,501
105188161,67.4023,38.5784,530,35671,0.82106,0.69,2,1265447,1264917,530
105191081,15.0805,67.7157,457,35730,0.828212,0.69,2,1265449,1264992,457
105194001,43.0161,54.3431,456,35789,0.877642,0.71,2,1265499,1265043,456
105196921,39.8032,41.2686,457,35848,0.871528,0.73,2,1265538,1265081,457
105199841,42.3606,41.8537,458,35907,0.886306,0.75,2,1265581,1265123,458
105202761,39.6721,38.7707,459,35966,0.905261,0.75,2,1265620,1265161,459
105205681,9.53443,9.35415,459,36025,0.909052,0.73,2,1265622,1265163,459
105208601,27.5069,28.2708,458,36084,0.92581,0.67,2,1265654,1265196,458
105345841,34,30,499,38740,0.87,1,2,1267520,1267021,499
105348761,30.8,26.8,503,38795,0.79,1,2,1267550,1267047,503
105351681,31.76,26.96,508,38849,0.726,1,1,1267582,1267074,508
105354601,38.352,52.592,489,38903,0.6812,1,1,1267622,1267133,489
105357521,54.8704,57.7184,489,38957,0.51224,1,1,1267681,1267192,489
105360441,30.1741,33.1437,486,39011,0.366448,1,1,1267705,1267219,486
105363361,33.2348,38.6287,480,39065,0.20929,1,1,1267739,1267259,480
105366281,57.847,59.7257,479,39119,0.113858,0.9,1,1267803,1267324,479
105369201,37.9694,39.1451,478,39173,0.0787716,0.88,1,1267836,1267358,478
105372121,32.3939,38.229,471,39227,0.0237543,1,1,1267867,1267396,471
105375041,24.8788,26.8458,470,39281,0.00475086,0.91,1,1267890,1267420,470
105377961,25.7758,30.1692,465,39335,0.0409502,0.89,1,1267916,1267451,465
105380881,32.3552,34.0338,464,39389,0.03219,0.87,1,1267950,1267486,464
105383801,35.271,34.0068,466,39443,0.00643801,0.77,1,1267986,1267520,466
105386721,24.6542,30.8014,458,39497,0.0572876,0.71,1,1268008,1267550,458
105389641,28.1308,31.7603,455,39550,0.0514575,0.67,1,1268037,1267582,455
105392561,34.4262,38.3521,451,39603,0.0662915,0.47,1,1268073,1267622,451
105395481,46.0852,54.8704,441,39656,0.0852583,0.33,1,1268122,1267681,441
105398401,25.217,30.1741,437,39709,0.105052,0.17,1,1268142,1267705,437
105401321,27.4434,33.2348,431,39762,0.10901,0.09,1,1268170,1267739,431
105404241,53.4887,57.847,427,39815,0.189802,0.07,1,1268230,1267803,427
105407161,33.8977,37.9694,423,39868,0.17396,0.01,1,1268259,1267836,423
105410081,30.7795,32.3939,422,39921,0.0747921,0,1,1268289,1267867,422
105413001,24.5559,24.8788,422,39974,0.0389584,0.05,1,1268312,1267890,422
105415921,25.7112,25.7758,422,40027,0.0477917,0.03,1,1268338,1267916,422
105418841,32.3422,32.3552,422,40080,0.0335583,0.03,1,1268372,1267950,422
105421761,34.4684,6.47103,457,40133,0.0147117,0,1,1268407,1267950,457
105424681,25.2937,30.0942,444,40186,0.0429423,0.07,1,1268430,1267986,444
105427601,27.4587,23.6188,450,40239,0.0805885,0.05,1,1268458,1268008,450
105430521,35.8917,27.9238,459,40291,0.0721177,0.07,1,1268496,1268037,459
105433441,47.1783,34.3848,473,40343,0.0384235,0.09,1,1268546,1268073,473
105436361,25.4357,46.077,444,40395,0.0796847,0.11,1,1268566,1268122,444
105439281,27.4871,25.2154,452,40447,0.0879369,0.11,1,1268594,1268142,452
105442201,57.4974,27.4431,489,40499,0.105587,0.21,1,1268659,1268170,489
105445121,33.0995,53.4886,456,40551,0.0931175,0.17,1,1268686,1268230,456
105448041,25.8199,33.8977,451,40603,0.0906235,0.05,1,1268710,1268259,451
105450961,25.164,30.7795,446,40655,0.0741247,0.03,1,1268735,1268289,446
105453881,24.2328,24.5559,447,40707,0.102825,0.05,1,1268759,1268312,447
105456801,32.0466,25.7112,455,40759,0.076565,0.03,1,1268793,1268338,455
105459721,34.4093,32.3422,456,40811,0.055313,0.01,1,1268828,1268372,456
105462641,26.8819,34.4684,446,40863,0.0510626,0.05,1,1268853,1268407,446
105465561,30.1764,25.2937,454,40915,0.0502125,0.09,1,1268884,1268430,454
105468481,36.4353,27.4587,464,40967,0.0340425,0.07,1,1268922,1268458,464
105471401,45.6871,35.8917,474,41019,0.0308085,0.03,1,1268970,1268496,474
105474321,25.9374,47.1783,445,41070,0.0621617,0.09,1,1268991,1268546,445
105477241,27.5875,25.4357,453,41121,0.0844323,0.09,1,1269019,1268566,453
105480161,58.3175,27.4871,491,41172,0.0728865,0.11,1,1269085,1268594,491
105483081,32.4635,57.4974,452,41223,0.0865773,0.09,1,1269111,1268659,452
105486001,25.6927,33.0995,449,41274,0.0893155,0.09,1,1269135,1268686,449
105488921,25.9385,25.8199,451,41325,0.121863,0.07,1,1269161,1268710,451
105491841,21.1877,25.164,446,41376,0.128373,0.11,1,1269181,1268735,446
105494761,30.6375,24.2328,455,41427,0.129675,0.07,1,1269214,1268759,455
105497681,34.1275,32.0466,456,41478,0.0819349,0.05,1,1269249,1268793,456
105500601,28.4255,34.4093,448,41529,0.072387,0.05,1,1269276,1268828,448
105503521,7.2851,26.8819,425,41580,0.0704774,0.05,1,1269278,1268853,425
105506441,25.457,30.1764,424,41631,0.134095,0.03,1,1269308,1268884,424
105509361,34.6914,36.4353,423,41682,0.162819,0.03,1,1269345,1268922,423
105512281,46.1383,45.6871,424,41733,0.168564,0.07,1,1269394,1268970,424
105515201,27.6277,25.9374,426,41784,0.169713,0.09,1,1269417,1268991,426
105518121,27.9255,27.5875,426,41835,0.169943,0.07,1,1269445,1269019,426
105521041,57.5851,58.3175,425,41885,0.185989,0.09,1,1269510,1269085,425
105523961,33.117,32.4635,426,41935,0.237198,0.09,1,1269537,1269111,426
105526881,26.6234,25.6927,427,41985,0.27944,0.13,1,1269562,1269135,427
105529801,26.9247,25.9385,428,42035,0.287888,0.13,1,1269589,1269161,428
105532721,21.3849,21.1877,428,42085,0.289578,0.13,1,1269609,1269181,428
105535641,30.677,30.6375,428,42135,0.273916,0.07,1,1269642,1269214,428
105538561,31.7354,34.1275,425,42185,0.270783,0.07,1,1269674,1269249,425
105541481,27.9471,28.4255,425,42235,0.270157,0.07,1,1269701,1269276,425
105544401,7.18942,7.2851,425,42285,0.286031,0.15,1,1269703,1269278,425
105547321,27.0379,25.457,427,42335,0.289206,0.17,1,1269735,1269308,427
105550241,35.8076,34.6914,428,42385,0.273841,0.17,1,1269773,1269345,428
105553161,46.3615,46.1383,428,42435,0.302768,0.17,1,1269822,1269394,428
105556081,29.2723,27.6277,430,42485,0.292554,0.17,1,1269847,1269417,430
105559001,28.2545,27.9255,430,42535,0.322511,0.19,1,1269875,1269445,430
105561921,58.4509,57.5851,431,42585,0.344502,0.25,1,1269941,1269510,431
105564841,34.0902,33.117,432,42635,0.3649,0.29,1,1269969,1269537,432
105567761,29.218,26.6234,435,42684,0.43298,0.29,1,1269997,1269562,435
105570681,28.2436,26.9247,436,42733,0.446596,0.29,1,1270025,1269589,436
105573601,21.6487,21.3849,436,42782,0.449319,0.27,1,1270045,1269609,436
105576521,29.9297,30.677,435,42831,0.465864,0.27,1,1270077,1269642,435
105579441,32.3859,31.7354,436,42880,0.485173,0.27,1,1270110,1269674,436
105582361,26.4772,27.9471,434,42929,0.489035,0.29,1,1270135,1269701,434
105585281,6.89544,7.18942,434,42978,0.489807,0.29,1,1270137,1269703,434
105588201,26.9791,27.0379,434,43027,0.505961,0.29,1,1270169,1269735,434
105591121,35.7958,5.40758,472,43076,0.525192,0.27,1,1270207,1269735,472
105594041,47.9592,31.4815,485,43125,0.545038,0.31,1,1270258,1269773,485
105596961,28.7918,45.4963,460,43174,0.549008,0.29,1,1270282,1269822,460
105599881,28.1584,29.0993,463,43223,0.549802,0.33,1,1270310,1269847,463
105602801,59.2317,28.2199,502,43272,0.56596,0.35,1,1270377,1269875,502
105605721,35.0463,58.444,465,43321,0.553192,0.37,1,1270406,1269941,465
105608641,34.2093,34.0888,471,43370,0.550638,0.45,1,1270440,1269969,471
105611561,29.2419,29.2178,471,43419,0.614128,0.45,1,1270468,1269997,471
105614481,21.8484,28.2436,463,43468,0.626826,0.45,1,1270488,1270025,463
105617401,30.7697,21.6487,476,43517,0.613365,0.47,1,1270521,1270045,476
105620321,31.7539,29.9297,476,43565,0.610673,0.49,1,1270553,1270077,476
105623241,27.9508,32.3859,470,43613,0.642135,0.49,1,1270580,1270110,470
105626161,7.19016,26.4772,447,43661,0.648427,0.49,1,1270582,1270135,447
105629081,27.838,6.89544,478,43709,0.665685,0.51,1,1270615,1270137,478
105632001,37.5676,26.9791,486,43757,0.685137,0.53,1,1270655,1270169,486
105634921,48.3135,35.7958,499,43805,0.721027,0.55,1,1270706,1270207,499
105637841,28.8627,47.9592,472,43853,0.728206,0.55,1,1270730,1270258,472
105640761,28.1725,28.7918,476,43901,0.729641,0.55,1,1270758,1270282,476
105643681,60.0345,28.1584,516,43949,0.729928,0.57,1,1270826,1270310,516
105646601,34.4069,59.2317,477,43997,0.729986,0.55,1,1270854,1270377,477
105649521,34.8814,35.0463,483,44045,0.745997,0.55,1,1270889,1270406,483
105652441,31.7763,34.2093,480,44093,0.717199,0.63,1,1270920,1270440,480
105655361,22.3553,29.2419,472,44141,0.71144,0.63,1,1270940,1270468,472
105658281,30.0711,21.8484,484,44189,0.726288,0.61,1,1270972,1270488,484
105661201,31.6142,30.7697,483,44237,0.729258,0.61,1,1271004,1270521,483
105664121,29.5228,31.7539,480,44285,0.761851,0.65,2,1271033,1270553,480
105667041,7.50457,27.9508,455,44333,0.76837,0.65,2,1271035,1270580,455
105669961,29.5009,7.19016,488,44381,0.801674,0.67,2,1271070,1270582,488
105672881,36.3002,27.838,493,44429,0.808335,0.69,2,1271108,1270615,493
105675801,8.86004,37.5676,455,44476,0.809667,0.73,2,1271110,1270655,455
105678721,44.972,48.3135,458,44523,0.857933,0.73,2,1271164,1270706,458
105681641,28.1944,28.8627,458,44570,0.899587,0.73,2,1271188,1270730,458
105684561,28.0389,28.1725,458,44617,0.875917,0.73,2,1271216,1270758,458
105687481,60.0078,60.0345,458,44664,0.871183,0.73,2,1271284,1270826,458
105690401,34.4016,34.4069,458,44711,0.918237,0.75,2,1271312,1270854,458
105693321,35.6803,34.8814,459,44758,0.927647,0.71,2,1271348,1270889,459
105696241,30.3361,31.7763,457,44805,0.91353,0.71,2,1271377,1270920,457
105915241,505,557,454,21900,0.01,0.57,1,1273700,1273246,454
105918161,157.8,164.2,459,21997,0.042,0.21,1,1273771,1273312,459
105921081,104.36,100.84,465,22093,0.0644,0.15,1,1273862,1273397,465
105924001,49.672,63.368,447,22189,0.10088,0.03,1,1273898,1273451,447
105926921,65.1344,66.2736,449,22285,0.076176,0.01,1,1273967,1273518,449
105929841,50.6269,52.4547,447,22380,0.0552352,0.01,1,1274014,1273567,447
105932761,61.3254,80.8909,423,22475,0.035047,0.05,1,1274078,1273655,423
105935681,37.8651,23.3782,446,22569,0.0470094,0.01,1,1274110,1273664,446
105938601,74.773,33.4756,494,22663,0.0334019,0.05,1,1274194,1273700,494
105941521,90.1546,63.4951,517,22757,0.0306804,0.07,1,1274288,1273771,517
105944441,43.6309,85.499,458,22850,0.0461361,0.11,1,1274320,1273862,458
105947361,65.5262,45.8998,493,22943,0.0812272,0.07,1,1274391,1273898,493
105950281,49.1052,64.38,469,23035,0.0722454,0.05,1,1274436,1273967,469
105953201,60.221,50.476,485,23127,0.102449,0.03,1,1274499,1274014,485
105956121,39.2442,61.2952,455,23219,0.0764898,0.05,1,1274533,1274078,455
105959041,74.2488,37.859,506,23310,0.087298,0.03,1,1274616,1274110,506
105961961,90.0498,74.7718,516,23401,0.0894596,0.03,1,1274710,1274194,516
105964881,44.41,90.1544,455,23492,0.0898919,0.05,1,1274743,1274288,455
105967801,67.282,43.6309,496,23582,0.105978,0.09,1,1274816,1274320,496
105970721,47.0564,65.5262,467,23672,0.141196,0.07,1,1274858,1274391,467
105973641,61.4113,49.1052,487,23762,0.180239,0.11,1,1274923,1274436,487
105976561,41.8823,60.221,461,23851,0.204048,0.07,1,1274960,1274499,461
105979481,73.1765,39.2442,508,23940,0.20881,0.09,1,1275041,1274533,508
105982401,16.2353,74.2488,427,24029,0.209762,0.09,1,1275043,1274616,427
105985321,78.4471,90.0498,427,24117,0.289952,0.09,1,1275137,1274710,427
105988241,42.0894,44.41,427,24205,0.32199,0.11,1,1275170,1274743,427
105991161,68.4179,67.282,429,24293,0.376398,0.15,1,1275245,1274816,429
105994081,47.2836,47.0564,429,24380,0.38728,0.19,1,1275287,1274858,429
105997001,63.8567,61.4113,432,24467,0.389456,0.21,1,1275355,1274923,432
105999921,42.3713,41.8823,432,24554,0.389891,0.21,1,1275392,1274960,432
106002841,73.2743,73.1765,432,24640,0.421978,0.21,1,1275473,1275041,432
106005761,16.2549,16.2353,432,24726,0.396396,0.31,1,1275475,1275043,432
106008681,82.451,78.4471,437,24812,0.375279,0.33,1,1275574,1275137,437
106011601,43.6902,42.0894,438,24897,0.435056,0.39,1,1275608,1275170,438
106014521,71.138,68.4179,441,24982,0.511011,0.39,1,1275686,1275245,441
106017441,47.8276,47.2836,441,25067,0.542202,0.39,1,1275728,1275287,441
106020361,62.3655,63.8567,439,25152,0.54844,0.39,1,1275794,1275355,439
106023281,42.0731,42.3713,439,25236,0.565688,0.43,1,1275831,1275392,439
106026201,74.8146,73.2743,441,25320,0.681138,0.39,1,1275914,1275473,441
106029121,16.5629,16.2549,441,25404,0.672228,0.37,1,1275916,1275475,441
106032041,82.5126,82.451,441,25487,0.702446,0.37,1,1276015,1275574,441
106034961,43.7025,16.4902,475,25570,0.708489,0.45,1,1276049,1275574,475
106037881,74.3405,30.498,523,25653,0.693698,0.53,1,1276131,1275608,523
106040801,50.8681,68.4996,490,25736,0.67474,0.55,1,1276176,1275686,490
106043721,62.9736,47.2999,514,25818,0.686948,0.55,1,1276242,1275728,514
106046641,41.3947,62.26,484,25900,0.68939,0.57,1,1276278,1275794,484
106049561,80.2789,42.052,537,25982,0.801878,0.71,2,1276368,1275831,537
106052481,17.6558,74.8104,456,26064,0.824376,0.67,2,1276370,1275914,456
106055401,82.7312,16.5621,553,26145,0.828875,0.71,2,1276469,1275916,553
106058321,45.3462,82.5124,490,26226,0.861775,0.71,2,1276505,1276015,490
106061241,73.8692,43.7025,537,26307,0.884355,0.69,2,1276586,1276049,537
106064161,49.9738,74.3405,499,26388,0.904871,0.67,2,1276630,1276131,499
106192641,36,32,518,29714,0.83,1,2,1278944,1278426,518
106195561,51.2,48,521,29785,0.702,1,1,1278999,1278478,521
106198481,37.44,40.8,516,29856,0.6604,1,1,1279033,1278517,516
106201401,35.488,68.16,476,29927,0.68408,1,1,1279068,1278592,476
106204321,47.0976,41.632,491,29998,0.656816,1,1,1279118,1278627,491
106207241,70.2195,77.1264,481,30069,0.683363,0.99,1,1279194,1278713,481
106210161,46.0439,55.4253,471,30139,0.736673,1,1,1279234,1278763,471
106213081,49.2088,54.2851,467,30209,0.747335,0.93,1,1279284,1278817,467
106216001,53.0418,56.457,464,30279,0.717467,0.89,1,1279338,1278874,464
106218921,36.2084,38.4914,462,30349,0.695493,0.83,1,1279370,1278908,462
106221841,35.2417,36.4983,461,30419,0.707099,0.67,1,1279405,1278944,461
106224761,47.8483,51.2997,457,30489,0.72542,0.65,1,1279456,1278999,457
106227681,37.5697,37.4599,458,30558,0.729084,0.69,1,1279491,1279033,458
106230601,37.9139,35.492,461,30627,0.713817,0.65,1,1279529,1279068,461
106233521,42.7828,47.0984,455,30696,0.742763,0.69,1,1279573,1279118,455
106236441,72.5566,70.2197,459,30765,0.764553,0.75,2,1279653,1279194,459
106239361,44.9113,46.0439,457,30834,0.800911,0.75,2,1279691,1279234,457
106242281,48.9823,49.2088,457,30903,0.824182,0.71,2,1279741,1279284,457
106245201,51.3965,53.0418,455,30971,0.828836,0.69,2,1279793,1279338,455
106248121,37.4793,36.2084,457,31039,0.813767,0.71,2,1279827,1279370,457
106251041,35.4959,35.2417,457,31107,0.826753,0.73,2,1279862,1279405,457
106253961,47.8992,47.8483,457,31175,0.877351,0.73,2,1279913,1279456,457
106256881,37.5798,37.5697,457,31243,0.91947,0.71,2,1279948,1279491,457
106487561,50,61,488,36201,0.65,1,1,1283448,1282960,488
106490481,53.2,55.4,488,36259,0.458,1,1,1283502,1283014,488
106493401,38.64,43.88,482,36317,0.3716,1,1,1283537,1283055,482
106496321,38.128,35.976,486,36375,0.27432,1,1,1283575,1283089,486
106499241,42.8256,37.5952,492,36433,0.190864,1,1,1283619,1283127,492
106502161,28.5651,31.519,487,36491,0.174173,1,1,1283644,1283157,487
106505081,27.313,31.9038,482,36549,0.0748346,0.94,1,1283671,1283189,482
106508001,43.0626,34.3808,494,36607,0.0709669,1,1,1283718,1283224,494
106510921,25.4125,38.0762,476,36665,0.102193,1,1,1283739,1283263,476
106513841,32.2825,38.8152,471,36723,0.108439,0.85,1,1283773,1283302,471
106516761,52.0565,56.563,467,36781,0.0456877,0.81,1,1283830,1283363,467
106519681,36.0113,39.3126,464,36838,0.0651375,0.65,1,1283862,1283398,464
106522601,37.6023,47.8625,452,36895,0.0530275,0.41,1,1283900,1283448,452
106525521,46.7205,52.7725,447,36952,0.0986055,0.35,1,1283949,1283502,447
106528441,34.1441,38.5545,443,37009,0.0757211,0.25,1,1283980,1283537,443
106531361,29.2288,38.1109,433,37066,0.103144,0.17,1,1284008,1283575,433
106534281,39.4458,42.8222,431,37123,0.140629,0.17,1,1284050,1283619,431
106537201,23.0892,28.5644,425,37180,0.132126,0.17,1,1284069,1283644,425
106540121,23.0178,5.71289,448,37237,0.130425,0.05,1,1284092,1283644,448
106543041,46.2036,22.7426,473,37294,0.026085,0.07,1,1284144,1283671,473
106545961,22.0407,42.1485,442,37351,0.029217,0.11,1,1284160,1283718,442
106548881,31.6081,25.2297,455,37408,0.0618434,0.11,1,1284194,1283739,455
106551801,51.9216,32.2459,478,37464,0.0123687,0.03,1,1284251,1283773,478
106554721,38.3843,52.0492,456,37520,0.0264737,0.07,1,1284286,1283830,456
106557641,38.0769,36.0098,462,37576,0.0452947,0.05,1,1284324,1283862,462
106560561,47.6154,37.602,474,37632,0.145059,0.11,1,1284374,1283900,474
106563481,33.5231,46.7204,455,37688,0.149012,0.07,1,1284404,1283949,455
106566401,29.1046,34.1441,452,37744,0.149802,0.11,1,1284432,1283980,452
106569321,42.6209,29.2288,470,37800,0.14996,0.15,1,1284478,1284008,470
106572241,23.7242,39.4458,447,37856,0.133992,0.13,1,1284497,1284050,447
106575161,22.3448,23.0892,450,37912,0.162798,0.13,1,1284519,1284069,450
106578081,42.069,23.0178,474,37968,0.15256,0,1,1284566,1284092,474
106581001,22.8138,46.2036,440,38024,0.166512,0.03,1,1284584,1284144,440
106583921,33.3628,22.0407,460,38080,0.201302,0.07,1,1284620,1284160,460
106586841,49.8726,31.6081,480,38135,0.20826,0,1,1284674,1284194,480
106589761,37.1745,51.9216,457,38190,0.193652,0.03,1,1284708,1284251,457
106592681,38.6349,38.3843,461,38245,0.17473,0.05,1,1284747,1284286,461
106595601,50.927,38.0769,477,38300,0.234946,0.17,1,1284801,1284324,477
106598521,34.9854,47.6154,458,38355,0.246989,0.15,1,1284832,1284374,458
106601441,29.3971,33.5231,456,38410,0.249398,0.15,1,1284860,1284404,456
106604361,42.6794,29.1046,474,38465,0.26588,0.15,1,1284906,1284432,474
106607281,24.5359,42.6209,448,38520,0.285176,0.13,1,1284926,1284478,448
106610201,23.3072,23.7242,452,38575,0.273035,0.17,1,1284949,1284497,452
106613121,6.26143,22.3448,432,38630,0.270607,0.15,1,1284951,1284519,432
106616041,37.2523,42.069,430,38685,0.318121,0.17,1,1284996,1284566,430
106618961,21.8505,22.8138,430,38740,0.295624,0.21,1,1285014,1284584,430
106621881,34.7701,33.3628,432,38795,0.323125,0.21,1,1285052,1284620,432
106624801,50.954,49.8726,433,38849,0.312625,0.19,1,1285107,1284674,433
106627721,35.7908,37.1745,431,38903,0.358525,0.17,1,1285139,1284708,431
106630641,37.5582,38.6349,430,38957,0.367705,0.25,1,1285177,1284747,430
106633561,54.7116,50.927,435,39011,0.369541,0.25,1,1285236,1284801,435
106636481,34.9423,34.9854,434,39065,0.353908,0.25,1,1285266,1284832,434
106639401,29.3885,29.3971,434,39119,0.350782,0.27,1,1285294,1284860,434
106642321,43.4777,42.6794,435,39173,0.398156,0.29,1,1285341,1284906,435
106645241,25.4955,24.5359,436,39227,0.391631,0.27,1,1285362,1284926,436
106648161,23.4991,23.3072,436,39281,0.406326,0.27,1,1285385,1284949,436
106651081,6.29982,6.26143,436,39335,0.409265,0.33,1,1285387,1284951,436
106654001,37.26,37.2523,436,39389,0.425853,0.29,1,1285432,1284996,436
106656921,21.852,21.8505,436,39443,0.413171,0.33,1,1285450,1285014,436
106659841,34.7704,34.7701,436,39497,0.458634,0.31,1,1285488,1285052,436
106662761,50.1541,50.954,435,39550,0.499727,0.37,1,1285542,1285107,435
106665681,38.0308,35.7908,438,39603,0.491945,0.37,1,1285577,1285139,438
106668601,38.0062,37.5582,438,39656,0.458389,0.37,1,1285615,1285177,438
106671521,55.6012,54.7116,439,39709,0.499678,0.35,1,1285675,1285236,439
106674441,35.1202,34.9423,439,39762,0.507936,0.35,1,1285705,1285266,439
106677361,30.224,29.3885,440,39815,0.557587,0.41,1,1285734,1285294,440
106680281,45.2448,43.4777,442,39868,0.551517,0.39,1,1285783,1285341,442
106683201,25.049,25.4955,441,39921,0.582303,0.41,1,1285803,1285362,441
106686121,24.2098,23.4991,442,39974,0.556461,0.41,1,1285827,1285385,442
106689041,6.44196,6.29982,442,40027,0.551292,0.43,1,1285829,1285387,442
106691961,36.4884,37.26,441,40080,0.630258,0.43,1,1285873,1285432,441
106694881,21.6977,7.45199,459,40133,0.614052,0.41,1,1285891,1285432,459
106697801,35.5395,15.8904,480,40186,0.64281,0.47,1,1285930,1285450,480
106700721,51.9079,33.5781,498,40239,0.648562,0.51,1,1285986,1285488,498
106703641,37.5816,49.9156,478,40291,0.649712,0.49,1,1286020,1285542,478
106706561,37.9163,37.9831,481,40343,0.665942,0.45,1,1286058,1285577,481
106709481,57.9833,37.9966,506,40395,0.717188,0.51,1,1286121,1285615,506
106712401,35.5967,55.5993,476,40447,0.743438,0.51,1,1286151,1285675,476
106715321,31.1193,35.1199,476,40499,0.780688,0.57,2,1286181,1285705,476
106718241,46.2239,30.224,497,40551,0.804137,0.55,2,1286231,1285734,497
106721161,25.2448,45.2448,468,40603,0.808828,0.59,2,1286251,1285783,468
106724081,25.049,25.049,473,40655,0.857765,0.55,2,1286276,1285803,473
106727001,6.60979,24.2098,451,40707,0.835553,0.55,2,1286278,1285827,451
106729921,38.122,6.44196,495,40759,0.831111,0.65,2,1286324,1285829,495
106732841,22.0244,36.4884,469,40811,0.830222,0.61,2,1286342,1285873,469
106735761,37.2049,21.6977,492,40863,0.862044,0.65,2,1286383,1285891,492
106738681,52.241,35.5395,509,40915,0.900409,0.65,2,1286439,1285930,509
106741601,37.6482,51.9079,487,40967,0.908082,0.65,2,1286473,1285986,487
106744521,38.7296,37.5816,492,41019,0.941616,0.67,2,1286512,1286020,492
106943081,103,96,497,19925,0.01,0.89,1,1288967,1288470,497
106946001,95,75.2,520,20031,0.042,0.55,1,1289060,1288540,520
106948921,59.8,95.84,470,20137,0.0484,0.39,1,1289111,1288641,470
106951841,64.76,61.568,483,20242,0.06568,0.09,1,1289177,1288694,483
106954761,33.752,70.7136,436,20347,0.053136,0.11,1,1289203,1288767,436
106957681,73.9504,28.5427,502,20451,0.0346272,0,1,1289287,1288785,502
106960601,95.5901,68.9085,524,20555,0.0469254,0.01,1,1289388,1288864,524
106963521,93.518,96.1817,514,20658,0.0333851,0.05,1,1289481,1288967,514
106966441,59.5036,93.6363,472,20761,0.046677,0.05,1,1289532,1289060,472
106969361,67.9007,59.5273,491,20863,0.113335,0.07,1,1289602,1289111,491
106972281,32.7801,64.7055,449,20965,0.126667,0.05,1,1289626,1289177,449
106975201,8.15603,33.7411,425,21066,0.129333,0.03,1,1289628,1289203,425
106978121,67.2312,73.9482,423,21167,0.0498667,0.05,1,1289710,1289287,423
106981041,95.0462,95.5896,424,21267,0.0499733,0.03,1,1289812,1289388,424
106983961,92.6092,93.5179,423,21367,0.0499947,0.05,1,1289904,1289481,423
106986881,60.1219,59.5036,424,21466,0.0659989,0.13,1,1289956,1289532,424
106989801,71.2244,67.9007,428,21565,0.1172,0.13,1,1290030,1289602,428
106992721,33.4449,32.7801,428,21663,0.17544,0.13,1,1290054,1289626,428
106995641,8.28897,8.15603,428,21761,0.155088,0.03,1,1290056,1289628,428
106998561,63.2578,67.2312,423,21858,0.135018,0.05,1,1290133,1289710,423
107001481,93.4516,95.0462,422,21955,0.0510035,0.05,1,1290234,1289812,422
107004401,92.2903,92.6092,422,22052,0.0822007,0.07,1,1290326,1289904,422
107007321,60.8581,60.1219,423,22148,0.0404401,0.13,1,1290379,1289956,423
107010241,76.1716,71.2244,429,22244,0.144088,0.19,1,1290459,1290030,429
107013161,34.4343,33.4449,429,22339,0.148818,0.15,1,1290483,1290054,429
107016081,8.48686,8.28897,429,22434,0.149764,0.13,1,1290485,1290056,429
107019001,60.8974,63.2578,426,22529,0.197953,0.13,1,1290559,1290133,426
107021921,89.7795,12.6516,523,22623,0.207591,0.03,1,1290656,1290133,523
107024841,92.3559,83.3303,515,22717,0.257518,0.09,1,1290749,1290234,515
107027761,60.0712,90.2661,475,22810,0.283504,0.03,1,1290801,1290326,475
107030681,80.8142,60.4532,508,22903,0.272701,0.17,1,1290887,1290379,508
107033601,35.3628,76.0906,452,22996,0.25454,0.15,1,1290911,1290459,452
107036521,8.67257,34.4181,430,23088,0.250908,0.15,1,1290913,1290483,430
107039441,64.1345,8.48363,506,23180,0.266182,0.21,1,1290991,1290485,506
107042361,89.6269,60.8967,528,23271,0.317236,0.21,1,1291087,1290559,528
107045281,94.7254,89.7793,527,23362,0.407447,0.27,1,1291183,1290656,527
107048201,61.3451,92.3559,487,23453,0.473489,0.29,1,1291236,1290749,487
107051121,78.669,60.0712,518,23543,0.470698,0.27,1,1291319,1290801,518
107054041,35.7338,80.8142,457,23633,0.45414,0.25,1,1291344,1290887,457
107056961,8.74676,35.3628,435,23723,0.450828,0.25,1,1291346,1290911,435
107059881,66.5494,8.67257,514,23812,0.482166,0.27,1,1291427,1290913,514
107062801,90.9099,64.1345,533,23901,0.520433,0.33,1,1291524,1290991,533
107065721,19.782,89.6269,439,23990,0.528087,0.43,1,1291526,1291087,439
107068641,83.9564,94.7254,443,24078,0.593617,0.49,1,1291626,1291183,443
107071561,61.5913,61.3451,446,24166,0.606723,0.47,1,1291682,1291236,446
107074481,77.9183,78.669,445,24254,0.625345,0.45,1,1291764,1291319,445
107077401,35.5836,35.7338,445,24341,0.613069,0.45,1,1291789,1291344,445
107080321,8.71673,8.74676,445,24428,0.610614,0.49,1,1291791,1291346,445
107083241,67.3433,66.5494,446,24515,0.690123,0.53,1,1291873,1291427,446
107086161,92.6687,90.9099,448,24601,0.754025,0.53,2,1291972,1291524,448
107089081,20.1337,19.782,448,24687,0.798805,0.61,2,1291974,1291526,448
107092001,85.6267,83.9564,450,24773,0.839761,0.61,2,1292076,1291626,450
107094921,61.9253,61.5913,450,24859,0.815952,0.63,2,1292132,1291682,450
107097841,78.7851,77.9183,451,24944,0.81119,0.61,2,1292215,1291764,451
107100761,36.557,35.5836,452,25029,0.810238,0.61,2,1292241,1291789,452
107103681,8.9114,8.71673,452,25114,0.810048,0.71,2,1292243,1291791,452
107217561,82,61,498,28215,0.71,1,1,1294520,1294022,498
107220481,65.2,69.8,487,28290,0.614,1,1,1294581,1294094,487
107223401,46.64,45.16,490,28365,0.6268,1,1,1294623,1294133,490
107226321,34.928,9.032,522,28440,0.66136,1,1,1294655,1294133,522
107229241,26.1856,24.2064,518,28514,0.604272,1,1,1294679,1294161,518
107232161,33.2371,36.8413,513,28588,0.544854,0.96,1,1294714,1294201,513
107235081,69.8474,39.3683,552,28662,0.500971,0.95,1,1294793,1294241,552
107238001,50.7695,75.8737,513,28736,0.476194,0.87,1,1294839,1294326,513
107240921,58.1539,50.3747,529,28810,0.455239,0.71,1,1294899,1294370,529
107243841,73.2308,64.4749,538,28883,0.483048,0.71,1,1294976,1294438,538
107246761,58.6462,78.495,511,28956,0.47261,0.59,1,1295031,1294520,511
107249681,44.5292,64.499,491,29029,0.502522,0.63,1,1295072,1294581,491
107252601,34.5058,46.4998,481,29102,0.524504,0.67,1,1295104,1294623,481
107255521,23.7012,34.9,470,29175,0.544901,0.59,1,1295125,1294655,470
107258441,34.3402,26.18,483,29248,0.54898,0.53,1,1295162,1294679,483
107261361,66.868,33.236,523,29320,0.613796,0.49,1,1295237,1294714,523
107264281,47.7736,69.8472,487,29392,0.610759,0.47,1,1295280,1294793,487
107267201,57.5547,50.7694,501,29464,0.610152,0.45,1,1295340,1294839,501
107270121,76.3109,58.1539,522,29536,0.62603,0.49,1,1295421,1294899,522
107273041,58.4622,73.2308,499,29608,0.629206,0.47,1,1295475,1294976,499
107275961,46.0924,58.6462,487,29679,0.645841,0.51,1,1295518,1295031,487
107278881,37.2185,44.5292,481,29750,0.665168,0.53,1,1295553,1295072,481
107281801,23.4437,34.5058,469,29821,0.685034,0.55,1,1295573,1295104,469
107284721,6.28874,23.7012,450,29892,0.689007,0.55,1,1295575,1295125,450
107287641,31.6577,34.3402,451,29963,0.721801,0.63,1,1295613,1295162,451
107290561,67.9316,66.868,453,30034,0.74436,0.61,1,1295690,1295237,453
107293481,47.1863,47.7736,452,30104,0.748872,0.61,1,1295732,1295280,452
107296401,57.4373,57.5547,452,30174,0.781774,0.63,2,1295792,1295340,452
107299321,77.0875,76.3109,453,30244,0.884355,0.63,2,1295874,1295421,453
107439481,51,88,484,33436,0.81,1,2,1298058,1297574,484
107442401,37.4,32,500,33499,0.698,1,1,1298092,1297592,500
107445321,33.08,34.4,497,33562,0.6116,1,1,1298124,1297627,497
107448241,49.016,53.28,492,33625,0.46632,1,1,1298177,1297685,492
107451161,72.2032,69.856,496,33688,0.181264,1,1,1298255,1297759,496
107454081,68.0406,73.9712,488,33751,0.0762528,1,1,1298322,1297834,488
107457001,47.2081,45.1942,492,33814,0.0712506,1,1,1298364,1297872,492
107459921,35.8416,41.0388,485,33877,0.0382501,1,1,1298397,1297912,485
107462841,20.7683,33.0078,471,33939,0.07965,0.82,1,1298414,1297943,471
107465761,28.1537,33.8016,467,34001,0.08793,0.87,1,1298444,1297977,467
107468681,24.8307,30.7603,461,34063,0.057586,0.81,1,1298468,1298007,461
107471601,47.3661,46.9521,463,34125,0.0355172,0.67,1,1298521,1298058,463
107474521,31.8732,36.5904,457,34187,0.0311034,0.59,1,1298549,1298092,457
107477441,26.3746,32.9181,450,34249,0.0622207,0.59,1,1298574,1298124,450
107480361,36.4749,6.58362,489,34311,0.0204441,0.43,1,1298613,1298124,489
107483281,58.495,43.7167,500,34373,0.0280888,0.11,1,1298677,1298177,500
107486201,68.499,71.1433,493,34435,0.0136178,0.05,1,1298748,1298255,493
107489121,45.6998,67.8287,466,34496,0.0267236,0.07,1,1298788,1298322,466
107492041,33.94,47.1657,455,34557,0.0453447,0.03,1,1298819,1298364,455
107494961,21.988,35.8331,441,34618,0.0330689,0.09,1,1298838,1298397,441
107497881,27.5976,20.7666,453,34679,0.0306138,0.09,1,1298867,1298414,453
107500801,24.7195,28.1533,447,34740,0.110123,0.05,1,1298891,1298444,447
107503721,45.7439,24.8307,474,34801,0.110025,0.03,1,1298942,1298468,474
107506641,33.1488,47.3661,451,34862,0.0940049,0.03,1,1298972,1298521,451
107509561,25.0298,31.8732,446,34923,0.074801,0.07,1,1298995,1298549,446
107512481,37.006,26.3746,461,34984,0.0709602,0.01,1,1299035,1298574,461
107515401,61.8012,36.4749,490,35044,0.054192,0.03,1,1299103,1298613,490
107518321,66.7602,58.495,494,35104,0.0508384,0.01,1,1299171,1298677,494
107521241,46.152,68.499,464,35164,0.0341677,0.03,1,1299212,1298748,464
107524161,33.2304,45.6998,454,35224,0.0308335,0.05,1,1299242,1298788,454
107527081,21.0461,33.94,441,35284,0.0141667,0.03,1,1299260,1298819,441
107530001,29.8092,21.988,454,35344,0.0108333,0.03,1,1299292,1298838,454
107532921,26.7618,27.5976,451,35404,0.0421667,0.13,1,1299318,1298867,451
107535841,42.1524,24.7195,473,35464,0.0484333,0.11,1,1299364,1298891,473
107538761,36.4305,45.7439,457,35524,0.0816867,0.09,1,1299399,1298942,457
107541681,23.2861,33.1488,447,35584,0.0883373,0.07,1,1299419,1298972,447
107544601,36.6572,25.0298,464,35643,0.0896675,0.07,1,1299459,1298995,464
107547521,8.93144,37.006,426,35702,0.0899335,0.05,1,1299461,1299035,426
107550441,54.5863,61.8012,424,35761,0.121987,0.05,1,1299527,1299103,424
107553361,65.3173,66.7602,424,35820,0.176397,0.03,1,1299595,1299171,424
107556281,45.0635,46.152,423,35879,0.123279,0.03,1,1299635,1299212,423
107559201,32.2127,33.2304,422,35938,0.128656,0.01,1,1299664,1299242,422
107562121,20.8425,21.0461,422,35997,0.0657312,0.01,1,1299682,1299260,422
107565041,30.5685,29.8092,423,36056,0.0211462,0.05,1,1299715,1299292,423
107567961,28.5137,26.7618,425,36115,0.0282292,0.05,1,1299743,1299318,425
107570881,42.5027,42.1524,425,36174,0.0776459,0.09,1,1299789,1299364,425
107573801,37.3005,36.4305,426,36232,0.0875292,0.09,1,1299825,1299399,426
107576721,23.4601,23.2861,426,36290,0.153506,0.09,1,1299845,1299419,426
107579641,36.692,36.6572,426,36348,0.182701,0.09,1,1299885,1299459,426
107582561,8.9384,8.93144,426,36406,0.18854,0.13,1,1299887,1299461,426
107585481,55.3877,54.5863,427,36464,0.205708,0.19,1,1299954,1299527,427
107588401,67.0775,65.3173,429,36522,0.225142,0.11,1,1300024,1299595,429
107591321,43.0155,45.0635,426,36580,0.213028,0.13,1,1300061,1299635,426
107594241,30.2031,32.2127,424,36638,0.226606,0.05,1,1300088,1299664,424
107597161,19.6406,20.8425,423,36696,0.213321,0.01,1,1300105,1299682,423
107600081,29.5281,30.5685,422,36754,0.210664,0.03,1,1300137,1299715,422
107603001,29.1056,28.5137,423,36811,0.210133,0.09,1,1300166,1299743,423
107605921,45.0211,42.5027,426,36868,0.210027,0.09,1,1300215,1299789,426
107608841,38.6042,37.3005,427,36925,0.258005,0.17,1,1300252,1299825,427
107611761,24.5208,23.4601,428,36982,0.219601,0.19,1,1300273,1299845,428
107614681,37.7042,36.692,429,37039,0.22792,0.19,1,1300314,1299885,429
107617601,9.14083,8.9384,429,37096,0.261584,0.21,1,1300316,1299887,429
107620521,57.8282,55.3877,432,37153,0.268317,0.21,1,1300386,1299954,432
107623441,65.9656,11.0775,500,37210,0.269663,0.23,1,1300454,1299954,500
107626361,41.9931,58.2155,466,37267,0.285933,0.21,1,1300490,1300024,466
107629281,30.7986,41.2431,457,37324,0.321187,0.23,1,1300518,1300061,457
107632201,20.5597,29.8486,448,37381,0.344237,0.21,1,1300536,1300088,448
107635121,28.1119,19.5697,461,37438,0.364847,0.21,1,1300566,1300105,461
107638041,28.8224,29.5139,458,37494,0.384969,0.21,1,1300595,1300137,458
107640961,47.3645,29.1028,481,37550,0.420994,0.21,1,1300647,1300166,481
107643881,39.0729,45.0206,469,37606,0.428199,0.27,1,1300684,1300215,469
107646801,23.8146,38.6041,452,37662,0.42964,0.21,1,1300704,1300252,452
107649721,38.3629,24.5208,473,37718,0.429928,0.23,1,1300746,1300273,473
107652641,9.27258,37.7042,434,37774,0.445986,0.27,1,1300748,1300314,434
107655561,59.4545,9.14083,504,37830,0.497197,0.27,1,1300820,1300316,504
107658481,66.2909,57.8282,502,37886,0.507439,0.27,1,1300888,1300386,502
107661401,43.6582,65.9656,472,37942,0.493488,0.29,1,1300926,1300454,472
107664321,31.9316,41.9931,465,37998,0.554698,0.33,1,1300955,1300490,465
107667241,22.3863,30.7986,457,38054,0.53494,0.35,1,1300975,1300518,457
107670161,28.4773,20.5597,469,38110,0.562988,0.37,1,1301005,1300536,469
107673081,31.2955,28.1119,471,38165,0.568598,0.39,1,1301037,1300566,471
107676001,47.8591,28.8224,494,38220,0.53772,0.43,1,1301089,1300595,494
107678921,39.1718,47.3645,479,38275,0.579544,0.43,1,1301126,1300647,479
107681841,23.8344,39.0729,462,38330,0.587909,0.43,1,1301146,1300684,462
107684761,39.9669,23.8146,486,38385,0.605582,0.43,1,1301190,1300704,486
107687681,9.59337,38.3629,446,38440,0.577116,0.45,1,1301192,1300746,446
107690601,61.1187,9.27258,518,38495,0.619423,0.51,1,1301266,1300748,518
107693521,67.4237,59.4545,515,38550,0.611885,0.51,1,1301335,1300820,515
107696441,43.8847,66.2909,485,38605,0.626377,0.49,1,1301373,1300888,485
107699361,10.3769,43.6582,449,38660,0.629275,0.57,1,1301375,1300926,449
107702281,26.0754,31.9316,450,38715,0.661855,0.53,1,1301405,1300955,450
107705201,21.2151,22.3863,450,38770,0.652371,0.57,1,1301425,1300975,450
107708121,28.243,28.4773,450,38824,0.714474,0.57,1,1301455,1301005,450
107711041,29.6486,31.2955,448,38878,0.758895,0.53,2,1301485,1301037,448
107713961,47.5297,47.8591,448,38932,0.783779,0.59,2,1301537,1301089,448
107716881,41.5059,39.1718,451,38986,0.820756,0.59,2,1301577,1301126,451
107719801,25.1012,23.8344,452,39040,0.844151,0.61,2,1301598,1301146,452
107722721,40.2202,39.9669,452,39094,0.88083,0.57,2,1301642,1301190,452
107725641,9.64405,9.59337,452,39148,0.856166,0.63,2,1301644,1301192,452
107728561,61.9288,61.1187,453,39202,0.931233,0.61,2,1301719,1301266,453
107912521,32,46,481,42462,0.79,1,2,1303948,1303467,481
107915441,31.2,29.2,487,42512,0.758,1,2,1303979,1303492,487
107918361,35.84,45.04,475,42562,0.6396,1,1,1304016,1303541,475
107921281,47.168,33.008,495,42612,0.47192,1,1,1304066,1303571,495
107924201,42.2336,41.0016,493,42662,0.374384,1,1,1304107,1303614,493
107927121,59.6467,61.8003,490,42711,0.226877,1,1,1304171,1303681,490
107930041,44.7293,48.3601,486,42760,0.197375,1,1,1304212,1303726,486
107932961,23.3459,29.672,479,42809,0.127475,1,1,1304230,1303751,479
107935881,22.2692,27.5344,474,42858,0.065495,0.93,1,1304252,1303778,474
107938801,21.2538,23.1069,473,42907,0.037099,1,1,1304273,1303800,473
107941721,21.8508,24.6214,470,42956,0.0634198,0.99,1,1304295,1303825,470
107944641,29.9702,31.3243,469,43005,0.020684,0.99,1,1304327,1303858,469
107947561,29.194,6.26485,498,43054,0.0281368,0.93,1,1304356,1303858,498
107950481,24.2388,25.253,491,43103,0.0456274,0.95,1,1304379,1303888,491
107953401,27.2478,27.4506,491,43152,0.0651255,0.79,1,1304407,1303916,491
107956321,27.8496,31.0901,487,43201,0.0850251,0.75,1,1304435,1303948,487
107959241,28.7699,31.018,485,43250,0.121005,0.61,1,1304464,1303979,485
107962161,40.154,35.8036,491,43299,0.176201,0.43,1,1304507,1304016,491
107965081,33.6308,47.1607,473,43348,0.13924,0.35,1,1304539,1304066,473
107968001,55.5262,42.2321,493,43397,0.179848,0.19,1,1304600,1304107,493
107970921,42.3052,59.6464,468,43446,0.25197,0.19,1,1304639,1304171,468
107973841,19.661,44.7293,441,43495,0.234394,0.11,1,1304653,1304212,441
107976761,21.5322,23.3459,445,43544,0.230879,0.05,1,1304675,1304230,445
107979681,19.5064,22.2692,442,43592,0.230176,0.03,1,1304694,1304252,442
107982601,21.5013,21.2538,443,43640,0.166035,0.07,1,1304716,1304273,443
107985521,29.9003,21.8508,453,43688,0.153207,0.01,1,1304748,1304295,453
107988441,31.5801,29.9702,453,43736,0.134641,0.03,1,1304780,1304327,453
107991361,25.516,29.194,448,43784,0.178928,0.05,1,1304804,1304356,448
107994281,26.7032,24.2388,452,43832,0.203786,0.07,1,1304831,1304379,452
107997201,29.3406,27.2478,454,43880,0.256757,0.09,1,1304861,1304407,454
108000121,28.2681,27.8496,454,43928,0.267351,0.13,1,1304889,1304435,454
108003041,43.2536,28.7699,472,43976,0.22147,0.19,1,1304936,1304464,472
108005961,32.6507,40.154,459,44024,0.244294,0.13,1,1304966,1304507,459
108008881,56.9301,33.6308,490,44072,0.280859,0.19,1,1305029,1304539,490
108011801,44.986,55.5262,471,44120,0.352172,0.27,1,1305071,1304600,471
108014721,18.5972,42.3052,444,44168,0.366434,0.23,1,1305083,1304639,444
108017641,23.7194,19.661,455,44216,0.385287,0.23,1,1305108,1304653,455
108020561,17.5439,21.5322,449,44264,0.389057,0.23,1,1305124,1304675,449
108023481,19.5088,19.5064,450,44312,0.389811,0.15,1,1305144,1304694,450
108026401,29.5018,21.5013,460,44360,0.405962,0.15,1,1305176,1304716,460
108029321,33.1004,29.9003,462,44408,0.441192,0.13,1,1305210,1304748,462
108032241,26.6201,31.5801,455,44456,0.448238,0.19,1,1305235,1304780,455
108035161,6.92401,25.516,433,44503,0.449648,0.21,1,1305237,1304804,433
108038081,22.9848,26.7032,433,44550,0.46593,0.27,1,1305264,1304831,433
108041001,30.197,29.3406,435,44597,0.437186,0.27,1,1305296,1304861,435
108043921,28.4394,28.2681,435,44644,0.447437,0.21,1,1305324,1304889,435
108046841,42.4879,43.2536,434,44691,0.481487,0.25,1,1305370,1304936,434
108049761,32.4976,32.6507,434,44738,0.520298,0.29,1,1305400,1304966,434
108052681,60.8995,56.9301,439,44785,0.57606,0.37,1,1305468,1305029,439
108055601,46.5799,44.986,440,44832,0.555212,0.37,1,1305511,1305071,440
108058521,18.916,18.5972,440,44879,0.599042,0.39,1,1305523,1305083,440
108061441,24.5832,23.7194,441,44926,0.575808,0.39,1,1305549,1305108,441
108064361,17.7166,17.5439,441,44973,0.571162,0.39,1,1305565,1305124,441
108067281,19.5433,19.5088,441,45020,0.602232,0.41,1,1305585,1305144,441
108070201,30.3087,29.5018,442,45067,0.592447,0.45,1,1305618,1305176,442
108073121,35.6617,33.1004,445,45114,0.622489,0.45,1,1305655,1305210,445
108076041,26.3323,26.6201,444,45161,0.660498,0.45,1,1305679,1305235,444
108078961,6.86647,6.92401,444,45208,0.6681,0.47,1,1305681,1305237,444
108081881,22.1733,22.9848,443,45255,0.66962,0.43,1,1305707,1305264,443
108084801,30.8347,30.197,444,45302,0.701924,0.45,1,1305740,1305296,444
108087721,30.1669,28.4394,446,45349,0.708385,0.49,1,1305770,1305324,446
108090641,42.8334,42.4879,446,45396,0.677677,0.53,1,1305816,1305370,446
108093561,33.3667,32.4976,447,45442,0.703535,0.59,1,1305847,1305400,447
108096481,62.6733,60.8995,449,45488,0.756707,0.55,2,1305917,1305468,449
108099401,47.7347,46.5799,450,45534,0.735341,0.61,1,1305961,1305511,450
108102321,19.1469,18.916,450,45580,0.699068,0.57,1,1305973,1305523,450
108105241,24.6294,24.5832,450,45626,0.723814,0.57,1,1305999,1305549,450
108108161,17.7259,17.7166,450,45672,0.696763,0.61,1,1306015,1305565,450
108111081,19.5452,19.5433,450,45718,0.723353,0.59,1,1306035,1305585,450
108114001,31.109,30.3087,451,45764,0.712671,0.63,1,1306069,1305618,451
108116921,36.6218,35.6617,452,45810,0.726534,0.67,1,1306107,1305655,452
108119841,27.3244,26.3323,453,45856,0.713307,0.67,1,1306132,1305679,453
108122761,7.06487,6.86647,453,45902,0.710661,0.67,1,1306134,1305681,453
108125681,22.213,22.1733,453,45948,0.726132,0.67,1,1306160,1305707,453
108128601,31.6426,4.43466,487,45994,0.697226,0.71,1,1306194,1305707,487
108131521,30.3285,27.2869,484,46040,0.691445,0.71,1,1306224,1305740,484
108134441,42.8657,29.4574,500,46086,0.722289,0.67,1,1306270,1305770,500
108137361,33.3731,42.6915,485,46132,0.744458,0.71,1,1306301,1305816,485
108140281,65.0746,33.3383,527,46178,0.812892,0.77,2,1306374,1305847,527
108143201,46.6149,62.6677,499,46224,0.826578,0.73,2,1306416,1305917,499
108146121,18.923,47.7335,467,46270,0.829316,0.69,2,1306428,1305961,467
108149041,24.5846,19.1467,481,46316,0.829863,0.73,2,1306454,1305973,481
108151961,17.7169,24.6293,471,46362,0.845973,0.69,2,1306470,1305999,471
108154881,20.3434,17.7259,476,46407,0.833194,0.73,2,1306491,1306015,476
108157801,31.2687,19.5452,490,46452,0.878639,0.71,2,1306525,1306035,490
108160721,35.8537,31.109,493,46497,0.871728,0.73,2,1306562,1306069,493
108163641,27.1707,36.6218,480,46542,0.854346,0.71,2,1306587,1306107,480
108166561,7.03415,27.3244,457,46587,0.850869,0.71,2,1306589,1306132,457
108169481,22.2068,7.06487,481,46632,0.882174,0.73,2,1306615,1306134,481
108172401,31.6414,22.213,489,46677,0.888435,0.69,2,1306649,1306160,489
108341761,21,34,510,49227,0.79,1,2,1308449,1307939,510
108344681,28.2,30.8,510,49270,0.774,1,2,1308479,1307969,510
108347601,35.24,25.36,523,49313,0.7228,1,1,1308516,1307993,523
108350521,27.048,31.472,515,49356,0.64856,1,1,1308541,1308026,515
108353441,23.8096,31.8944,506,49399,0.649712,0.91,1,1308564,1308058,506
108356361,15.9619,23.1789,499,49442,0.617942,0.96,1,1308578,1308079,499
108359281,15.1924,21.4358,493,49485,0.579589,1,1,1308593,1308100,493
108362201,15.0385,11.4872,499,49528,0.571918,1,1,1308608,1308109,499
108365121,31.0077,24.6974,506,49571,0.554384,1,1,1308643,1308137,506
108368041,33.4015,33.7395,504,49614,0.502877,0.9,1,1308677,1308173,504
108370961,39.4803,32.3479,513,49656,0.524575,1,1,1308718,1308205,513
108373881,46.2961,44.0696,514,49698,0.528915,1,1,1308766,1308252,514
108376801,46.8592,46.4139,514,49740,0.433783,0.86,1,1308813,1308299,514
108379721,32.5718,43.6828,500,49782,0.414757,1,1,1308842,1308342,500
108382641,30.5144,32.7366,500,49824,0.426951,0.96,1,1308872,1308372,500
108385561,20.5029,32.9473,485,49866,0.44539,0.93,1,1308890,1308405,485
108388481,16.9006,24.9895,478,49908,0.417078,0.79,1,1308906,1308428,478
108391401,28.1801,21.7979,488,49950,0.395416,0.77,1,1308937,1308449,488
108394321,34.436,28.3596,494,49992,0.391083,0.71,1,1308973,1308479,494
108397241,26.8872,35.2719,482,50034,0.422217,0.63,1,1308998,1308516,482
108400161,19.7774,27.0544,475,50076,0.444443,0.65,1,1309016,1308541,475
108403081,11.9555,23.8109,462,50118,0.448889,0.61,1,1309026,1308564,462
108406001,14.3911,15.9622,463,50160,0.465778,0.57,1,1309041,1308578,463
108408921,15.6782,15.1924,464,50202,0.469156,0.57,1,1309057,1308593,464
108411841,31.1356,15.0385,484,50244,0.469831,0.55,1,1309092,1308608,484
108414761,30.2271,31.0077,479,50286,0.469966,0.49,1,1309122,1308643,479
108417681,7.64543,33.4015,447,50328,0.469993,0.53,1,1309124,1308677,447
108420601,35.9291,39.4803,449,50370,0.517999,0.53,1,1309167,1308718,449
108423521,42.3858,46.2961,445,50412,0.5596,0.41,1,1309211,1308766,445
108426441,45.2772,46.8592,444,50454,0.55192,0.41,1,1309257,1308813,444
108429361,30.6554,32.5718,442,50496,0.598384,0.43,1,1309284,1308842,442
108432281,31.7311,30.5144,444,50538,0.607677,0.45,1,1309316,1308872,444
108435201,19.1462,20.5029,442,50580,0.641535,0.41,1,1309332,1308890,442
108438121,16.6292,16.9006,442,50622,0.616307,0.39,1,1309348,1308906,442
108441041,28.9258,28.1801,443,50664,0.659261,0.39,1,1309380,1308937,443
108443961,32.9852,34.436,441,50706,0.667852,0.43,1,1309414,1308973,441
108446881,28.997,26.8872,444,50748,0.66957,0.45,1,1309442,1308998,444
108449801,20.1994,19.7774,444,50790,0.653914,0.45,1,1309460,1309016,444
108452721,12.0399,11.9555,444,50831,0.666783,0.47,1,1309470,1309026,444
108455641,15.208,14.3911,445,50872,0.701357,0.47,1,1309486,1309041,445
108458561,15.8416,15.6782,445,50913,0.676271,0.47,1,1309502,1309057,445
108461481,31.1683,31.1356,445,50954,0.655254,0.47,1,1309537,1309092,445
108464401,30.2337,30.2271,445,50995,0.683051,0.47,1,1309567,1309122,445
108467321,7.64673,7.64543,445,51036,0.68861,0.53,1,1309569,1309124,445
108470241,36.7293,35.9291,446,51077,0.705722,0.57,1,1309613,1309167,446
108473161,46.5459,42.3858,451,51118,0.757144,0.55,2,1309662,1309211,451
108476081,46.1092,45.2772,451,51159,0.767429,0.61,2,1309708,1309257,451
108479001,30.0218,30.6554,450,51200,0.737486,0.61,1,1309734,1309284,450
108481921,33.2044,31.7311,452,51241,0.779497,0.65,2,1309768,1309316,452
108484841,19.4409,19.1462,452,51282,0.819899,0.61,2,1309784,1309332,452
108487761,16.6882,16.6292,452,51323,0.82798,0.67,2,1309800,1309348,452
108490681,29.7376,28.9258,453,51364,0.829596,0.67,2,1309833,1309380,453
108493601,33.1475,32.9852,453,51405,0.861919,0.67,2,1309867,1309414,453
108496521,29.0295,28.997,453,51446,0.868384,0.65,2,1309895,1309442,453
108499441,21.8059,20.1994,455,51487,0.869677,0.67,2,1309915,1309460,455
108502361,12.3612,12.0399,455,51528,0.837935,0.71,2,1309925,1309470,455
108505281,15.2722,15.208,455,51569,0.863587,0.67,2,1309941,1309486,455
108508201,15.8544,15.8416,455,51610,0.836717,0.65,2,1309957,1309502,455
108511121,30.3709,31.1683,454,51651,0.847343,0.69,2,1309991,1309537,454
108514041,30.0742,30.2337,454,51692,0.865469,0.69,2,1310021,1309567,454
108516961,7.61484,7.64673,454,51733,0.901094,0.71,2,1310023,1309569,454
108519881,37.523,36.7293,455,51774,0.860219,0.71,2,1310068,1309613,455
108522801,48.3046,7.34587,506,51815,0.852044,0.77,2,1310119,1309613,506
108525721,46.4609,40.6692,503,51856,0.882409,0.77,2,1310165,1309662,503
108528641,30.8922,44.9338,484,51897,0.920482,0.73,2,1310192,1309708,484
108531561,34.1784,29.7868,493,51938,0.928096,0.79,2,1310227,1309734,493
108534481,20.4357,33.1574,476,51979,0.913619,0.83,2,1310244,1309768,476
108537401,17.6871,19.4315,477,52020,0.926724,0.83,2,1310261,1309784,477
108540321,30.7374,16.6863,495,52060,0.929345,0.83,2,1310295,1309800,495
108807501,81,98,455,24820,0.07,0.73,1,1313002,1312547,455
108810421,60.2,42.8,481,25633,0.07,0.35,1,1313057,1312576,481
108813341,52.04,74.16,449,25716,0.102,0.31,1,1313107,1312658,449
108816261,31.208,37.232,447,25798,0.1404,0.23,1,1313133,1312686,447
108819181,31.0416,29.8464,450,25880,0.14808,0.23,1,1313164,1312714,450
108822101,42.2083,32.3693,462,25962,0.197616,0.03,1,1313209,1312747,462
108825021,69.2417,63.2739,467,26044,0.127523,0.07,1,1313285,1312818,467
108827941,63.4483,73.4548,453,26125,0.0975046,0.05,1,1313347,1312894,453
108830861,59.0897,62.691,451,26206,0.107501,0.07,1,1313405,1312954,451
108833781,72.6179,50.9382,479,26287,0.1415,0.07,1,1313481,1313002,479
108836701,55.3236,54.1876,475,26368,0.1323,0.11,1,1313532,1313057,475
108839621,35.8647,50.8375,456,26448,0.13046,0.15,1,1313563,1313107,456
108842541,30.3729,30.9675,459,26528,0.146092,0.15,1,1313592,1313133,459
108845461,42.8746,30.9935,474,26608,0.165218,0.21,1,1313638,1313164,474
108848381,66.9749,42.1987,502,26688,0.185044,0.11,1,1313711,1313209,502
108851301,60.595,69.2397,485,26767,0.189009,0.09,1,1313770,1313285,485
108854221,62.519,63.4479,486,26846,0.237802,0.11,1,1313833,1313347,486
108857141,14.1038,59.0896,430,26925,0.24756,0.15,1,1313835,1313405,430
108860061,62.8208,72.6179,429,27004,0.281512,0.13,1,1313910,1313481,429
108862981,53.3642,55.3236,429,27082,0.288302,0.13,1,1313961,1313532,429
108865901,34.6728,35.8647,428,27160,0.28966,0.15,1,1313991,1313563,428
108868821,30.9346,30.3729,429,27238,0.321932,0.17,1,1314021,1313592,429
108871741,43.7869,42.8746,430,27316,0.280386,0.19,1,1314068,1313638,430
108874661,67.9574,66.9749,431,27394,0.320077,0.19,1,1314142,1313711,431
108877581,60.7915,60.595,431,27471,0.344015,0.25,1,1314201,1313770,431
108880501,64.9583,62.519,434,27548,0.364803,0.25,1,1314267,1313833,434
108883421,14.5917,14.1038,434,27625,0.368961,0.29,1,1314269,1313835,434
108886341,62.9183,62.8208,434,27702,0.449792,0.29,1,1314344,1313910,434
108889261,53.3837,53.3642,434,27778,0.465958,0.29,1,1314395,1313961,434
108892181,34.6767,34.6728,434,27854,0.469192,0.33,1,1314425,1313991,434
108895101,32.5353,30.9346,436,27930,0.469838,0.27,1,1314457,1314021,436
108898021,43.3071,43.7869,435,28006,0.469968,0.33,1,1314503,1314068,435
108900941,68.6614,67.9574,436,28082,0.517994,0.35,1,1314578,1314142,436
108903861,61.7323,60.7915,437,28157,0.543599,0.37,1,1314638,1314201,437
108906781,65.9465,64.9583,438,28232,0.58072,0.37,1,1314705,1314267,438
108909701,14.7893,14.5917,438,28307,0.588144,0.47,1,1314707,1314269,438
108912621,66.9579,62.9183,443,28382,0.621629,0.47,1,1314787,1314344,443
108915541,53.3916,12.5837,493,28457,0.644326,0.47,1,1314837,1314344,493
108918461,34.6783,43.3167,472,28531,0.664865,0.47,1,1314867,1314395,472
108921381,32.5357,32.6633,474,28605,0.668973,0.47,1,1314899,1314425,474
108924301,44.1071,32.1327,489,28679,0.733795,0.47,1,1314946,1314457,489
108927221,70.4214,43.2265,520,28753,0.778759,0.53,2,1315023,1314503,520
108930141,65.2843,68.6453,509,28827,0.771752,0.55,2,1315087,1314578,509
108933061,67.4569,61.7291,517,28900,0.81835,0.59,2,1315155,1314638,517
108935981,15.0914,65.9458,452,28973,0.82767,0.59,2,1315157,1314705,452
108938901,69.4183,14.7892,533,29046,0.829534,0.63,2,1315240,1314707,533
108941821,53.8837,66.9578,503,29119,0.893907,0.65,2,1315290,1314787,503
108944741,35.5767,53.3916,484,29192,0.922781,0.67,2,1315321,1314837,484
109093661,34,42,514,32684,0.65,1,1,1317773,1317259,514
109096581,34,29.2,522,32749,0.554,1,1,1317807,1317285,522
109099501,35.6,34.64,522,32814,0.3588,1,1,1317843,1317321,522
109102421,31.92,60.528,486,32878,0.30376,1,1,1317874,1317388,486
109105341,35.184,39.3056,488,32942,0.212752,1,1,1317910,1317422,488
109108261,77.4368,83.8611,481,33006,0.14655,1,1,1317998,1317517,481
109111181,47.4874,46.3722,484,33070,0.0693101,1,1,1318038,1317554,484
109114101,46.2975,57.2744,470,33134,0.021862,0.97,1,1318084,1317614,470
109117021,30.8595,36.2549,466,33198,0.0443724,0.77,1,1318111,1317645,466
109119941,47.7719,53.651,460,33262,0.0648745,0.69,1,1318163,1317703,460
109122861,34.3544,39.5302,455,33326,0.0369749,0.65,1,1318194,1317739,455
109125781,31.6709,35.106,452,33389,0.047395,0.53,1,1318225,1317773,452
109128701,27.9342,34.2212,445,33452,0.081479,0.31,1,1318252,1317807,445
109131621,28.7868,35.6442,438,33515,0.0722958,0.29,1,1318281,1317843,438
109134541,25.7574,31.9288,432,33578,0.0544592,0.19,1,1318306,1317874,432
109137461,31.5515,35.1858,429,33641,0.0828918,0.13,1,1318339,1317910,429
109140381,72.7103,77.4372,424,33704,0.120578,0.05,1,1318422,1317998,424
109143301,44.9421,47.4874,422,33767,0.160116,0.01,1,1318460,1318038,422
109146221,45.7884,46.2975,422,33830,0.0400231,0.05,1,1318506,1318084,422
109149141,30.7577,30.8595,422,33893,0.0640046,0.07,1,1318533,1318111,422
109152061,50.1515,47.7719,425,33955,0.0208009,0.03,1,1318588,1318163,425
109154981,32.4303,34.3544,422,34017,0.0601602,0.05,1,1318616,1318194,422
109157901,32.8861,31.6709,424,34079,0.068032,0.09,1,1318649,1318225,424
109160821,28.1772,27.9342,424,34141,0.101606,0.07,1,1318676,1318252,424
109163741,28.0354,28.7868,423,34203,0.140321,0.05,1,1318704,1318281,423
109166661,28.0071,25.7574,426,34265,0.148064,0.05,1,1318732,1318306,426
109169581,29.6014,5.15147,456,34327,0.117613,0.09,1,1318762,1318306,456
109172501,73.9203,27.4303,508,34389,0.191523,0.13,1,1318847,1318339,508
109175421,45.1841,71.8861,463,34450,0.238305,0.17,1,1318885,1318422,463
109178341,42.6368,44.7772,467,34511,0.247661,0.01,1,1318927,1318460,467
109181261,31.7274,45.7554,450,34572,0.201532,0.07,1,1318956,1318506,450
109184181,50.3455,30.7511,478,34633,0.176306,0.01,1,1319011,1318533,478
109187101,31.6691,50.1502,450,34694,0.203261,0.07,1,1319038,1318588,450
109190021,35.1338,32.43,458,34755,0.256652,0.07,1,1319074,1318616,458
109192941,29.4268,32.886,453,34816,0.23533,0.11,1,1319102,1318649,453
109195861,28.2854,28.1772,454,34877,0.247066,0.15,1,1319130,1318676,454
109198781,28.0571,28.0354,454,34938,0.281413,0.15,1,1319158,1318704,454
109201701,29.6114,28.0071,456,34999,0.288283,0.11,1,1319188,1318732,456
109204621,78.7223,29.6014,517,35059,0.305657,0.21,1,1319279,1318762,517
109207541,46.9445,73.9203,471,35119,0.325131,0.25,1,1319318,1318847,471
109210461,41.3889,45.1841,473,35179,0.329026,0.25,1,1319358,1318885,473
109213381,30.6778,42.6368,459,35239,0.329805,0.19,1,1319386,1318927,459
109216301,50.1356,31.7274,485,35299,0.313961,0.17,1,1319441,1318956,485
109219221,32.4271,50.3455,458,35359,0.326792,0.21,1,1319469,1319011,458
109222141,36.0854,31.6691,468,35419,0.329358,0.27,1,1319506,1319038,468
109225061,29.6171,35.1338,460,35479,0.345872,0.23,1,1319534,1319074,460
109227981,29.1234,29.4268,461,35539,0.349174,0.25,1,1319563,1319102,461
109230901,29.8247,28.2854,463,35598,0.429835,0.29,1,1319593,1319130,463
109233821,29.9649,28.0571,465,35657,0.445967,0.29,1,1319623,1319158,465
109236741,7.59299,29.6114,437,35716,0.449193,0.31,1,1319625,1319188,437
109239661,74.3186,78.7223,437,35775,0.449839,0.33,1,1319716,1319279,437
109242581,46.8637,46.9445,438,35834,0.465968,0.33,1,1319756,1319318,438
109245501,41.3727,41.3889,438,35893,0.533194,0.33,1,1319796,1319358,438
109248421,30.6745,30.6778,438,35952,0.562639,0.31,1,1319824,1319386,438
109251341,50.1349,50.1356,438,36011,0.568528,0.33,1,1319879,1319441,438
109254261,32.427,32.4271,438,36070,0.569706,0.33,1,1319907,1319469,438
109257181,36.8854,36.0854,439,36129,0.601941,0.35,1,1319945,1319506,439
109260101,29.7771,29.6171,439,36187,0.576388,0.35,1,1319973,1319534,439
109263021,29.9554,29.1234,440,36245,0.603278,0.45,1,1320003,1319563,440
109265941,33.1911,29.8247,444,36303,0.624656,0.45,1,1320037,1319593,444
109268861,30.6382,29.9649,444,36361,0.612931,0.45,1,1320067,1319623,444
109271781,7.72764,7.59299,444,36419,0.642586,0.45,1,1320069,1319625,444
109274701,74.3455,74.3186,444,36477,0.680517,0.47,1,1320160,1319716,444
109277621,47.6691,46.8637,445,36535,0.688103,0.55,1,1320201,1319756,445
109280541,43.1338,41.3727,447,36593,0.673621,0.57,1,1320243,1319796,447
109283461,31.8268,30.6745,448,36651,0.718724,0.57,1,1320272,1319824,448
109286381,51.9654,50.1349,450,36709,0.743745,0.57,1,1320329,1319879,450
109289301,32.7931,32.427,450,36767,0.748749,0.61,1,1320357,1319907,450
109292221,36.9586,36.8854,450,36824,0.73375,0.57,1,1320395,1319945,450
109295141,29.7917,29.7771,450,36881,0.73075,0.61,1,1320423,1319973,450
109298061,29.9583,29.9554,450,36938,0.77815,0.63,2,1320453,1320003,450
109300981,33.9917,33.1911,451,36995,0.77163,0.61,2,1320488,1320037,451
109303901,31.5983,30.6382,452,37052,0.802326,0.65,2,1320519,1320067,452
109306821,7.91967,7.72764,452,37109,0.776465,0.69,2,1320521,1320069,452
109309741,75.9839,74.3455,454,37166,0.883293,0.69,2,1320614,1320160,454
109312661,47.9968,14.8691,495,37223,0.904659,0.69,2,1320655,1320160,495
109315581,43.1994,35.7738,496,37280,0.908932,0.67,2,1320697,1320201,496
109318501,32.6399,40.7548,484,37337,0.941786,0.73,2,1320727,1320243,484
109479101,32,32,516,40330,0.61,1,1,1322799,1322283,516
109482021,37.6,32.8,522,40382,0.482,1,1,1322838,1322316,522
109484941,33.92,40.96,512,40434,0.3444,1,1,1322871,1322359,512
109487861,33.984,32.192,516,40486,0.23688,1,1,1322905,1322389,516
109490781,33.1968,31.2384,518,40538,0.215376,1,1,1322938,1322420,518
109493701,50.6394,35.0477,537,40590,0.0990752,1,1,1322993,1322456,537
109496621,50.9279,63.0095,518,40642,0.107815,1,1,1323044,1322526,518
109499541,36.5856,41.4019,515,40694,0.077563,1,1,1323077,1322562,515
109502461,34.5171,38.6804,511,40746,0.135513,1,1,1323111,1322600,511
109505381,30.1034,37.3361,503,40798,0.0991025,0.97,1,1323140,1322637,503
109508301,24.4207,34.6672,492,40850,0.0918205,0.95,1,1323163,1322671,492
109511221,24.0841,26.9334,491,40902,0.122364,0.83,1,1323187,1322696,491
109514141,31.2168,32.5867,490,40954,0.176473,0.71,1,1323220,1322730,490
109517061,28.6434,36.1173,481,41006,0.219295,0.61,1,1323248,1322767,481
109519981,32.9287,32.8235,483,41057,0.163859,0.45,1,1323282,1322799,483
109522901,27.3857,37.7647,470,41108,0.152772,0.31,1,1323308,1322838,470
109525821,29.4771,33.9529,467,41159,0.150554,0.21,1,1323338,1322871,467
109528741,26.6954,33.9906,459,41210,0.166111,0.21,1,1323364,1322905,459
109531661,47.7391,33.1981,479,41261,0.185222,0.07,1,1323417,1322938,479
109534581,49.5478,50.6396,474,41312,0.205044,0.11,1,1323467,1322993,474
109537501,39.5096,50.9279,460,41363,0.257009,0.07,1,1323504,1323044,460
109540421,35.9019,36.5856,462,41414,0.267402,0.15,1,1323539,1323077,462
109543341,27.9804,34.5171,454,41465,0.28548,0.09,1,1323565,1323111,454
109546261,25.5961,30.1034,450,41516,0.273096,0.09,1,1323590,1323140,450
109549181,6.71921,24.4207,429,41567,0.270619,0.13,1,1323592,1323163,429
109552101,21.3438,24.0841,430,41618,0.286124,0.19,1,1323617,1323187,430
109555021,31.4688,31.2168,431,41669,0.305225,0.23,1,1323651,1323220,431
109557941,27.0938,28.6434,429,41720,0.293045,0.15,1,1323677,1323248,429
109560861,32.6188,32.9287,429,41771,0.290609,0.15,1,1323711,1323282,429
109563781,27.3238,27.3857,429,41822,0.290122,0.15,1,1323737,1323308,429
109566701,27.8647,29.4771,427,41872,0.322024,0.17,1,1323765,1323338,427
109569621,28.773,26.6954,430,41922,0.312405,0.19,1,1323794,1323364,430
109572541,48.9546,47.7391,431,41972,0.310481,0.21,1,1323848,1323417,431
109575461,52.1909,49.5478,434,42022,0.326096,0.27,1,1323901,1323467,434
109578381,40.0382,39.5096,434,42072,0.313219,0.27,1,1323938,1323504,434
109581301,37.6076,35.9019,436,42122,0.294644,0.29,1,1323975,1323539,436
109584221,28.3215,27.9804,436,42172,0.322929,0.27,1,1324001,1323565,436
109587141,24.8643,25.5961,435,42222,0.328586,0.27,1,1324025,1323590,435
109590061,6.57286,6.71921,435,42272,0.329717,0.29,1,1324027,1323592,435
109592981,20.5146,21.3438,434,42322,0.329943,0.31,1,1324051,1323617,434
109595901,32.9029,31.4688,436,42372,0.377989,0.29,1,1324087,1323651,436
109598821,27.3806,27.0938,436,42422,0.387598,0.29,1,1324113,1323677,436
109601741,32.6761,32.6188,436,42472,0.40552,0.29,1,1324147,1323711,436
109604661,27.3352,27.3238,436,42522,0.409104,0.33,1,1324173,1323737,436
109607581,28.667,27.8647,437,42572,0.393821,0.31,1,1324202,1323765,437
109610501,28.9334,28.773,437,42622,0.438764,0.31,1,1324231,1323794,437
109613421,48.9867,48.9546,437,42672,0.463753,0.33,1,1324285,1323848,437
109616341,51.3973,52.1909,436,42721,0.500751,0.31,1,1324337,1323901,436
109619261,39.0795,40.0382,435,42770,0.49215,0.29,1,1324373,1323938,435
109622181,38.2159,37.6076,436,42819,0.50643,0.33,1,1324411,1323975,436
109625101,29.2432,28.3215,437,42868,0.557286,0.33,1,1324438,1324001,437
109628021,25.8486,24.8643,438,42917,0.599457,0.33,1,1324463,1324025,438
109630941,6.76973,6.57286,438,42966,0.639891,0.33,1,1324465,1324027,438
109633861,20.5539,20.5146,438,43015,0.631978,0.33,1,1324489,1324051,438
109636781,32.9108,4.10291,474,43064,0.662396,0.39,1,1324525,1324051,474
109639701,27.3822,29.6206,464,43113,0.684479,0.39,1,1324551,1324087,464
109642621,33.4764,26.7241,473,43162,0.704896,0.41,1,1324586,1324113,473
109645541,27.4953,32.5448,465,43211,0.724979,0.41,1,1324612,1324147,465
109648461,29.4991,27.309,469,43260,0.744996,0.39,1,1324642,1324173,469
109651381,29.8998,28.6618,470,43309,0.748999,0.45,1,1324672,1324202,470
109654301,49.98,28.9324,496,43358,0.7978,0.47,2,1324727,1324231,496
109657221,53.196,48.9865,496,43407,0.80756,0.51,2,1324781,1324285,496
109660141,40.2392,51.3973,481,43456,0.825512,0.49,2,1324818,1324337,481
109663061,40.8478,39.0795,486,43505,0.845102,0.51,2,1324859,1324373,486
109665981,30.5696,38.2159,476,43553,0.81702,0.57,2,1324887,1324411,476
109668901,28.5139,29.2432,477,43601,0.859404,0.61,2,1324915,1324438,477
109671821,7.30278,25.8486,454,43649,0.867881,0.65,2,1324917,1324463,454
109674741,20.6606,6.76973,476,43697,0.853576,0.63,2,1324941,1324465,476
109677661,35.3321,20.5539,491,43745,0.850715,0.67,2,1324980,1324489,491
109680581,27.8664,32.9108,481,43793,0.882143,0.69,2,1325006,1324525,481
109683501,35.1733,27.3822,492,43841,0.936429,0.71,2,1325043,1324551,492
109931701,15,13,447,21997,0.03,0.37,1,1328017,1327570,447
109934621,28.6,22.6,454,22093,0.046,0.15,1,1328049,1327595,454
109937541,60.92,46.12,471,22189,0.0172,0.03,1,1328118,1327647,471
109940461,70.584,74.024,463,22285,0.02744,0,1,1328191,1327728,463
109943381,69.3168,78.8048,452,22380,0.013488,0.05,1,1328260,1327808,452
109946301,84.2634,84.561,454,22475,0.0586976,0.01,1,1328348,1327894,454
109949221,65.6527,63.3122,457,22569,0.0997395,0.05,1,1328409,1327952,457
109952141,36.3305,52.6624,436,22663,0.123948,0.03,1,1328438,1328002,436
109955061,35.2661,22.5325,456,22757,0.14479,0.05,1,1328473,1328017,456
109957981,60.6532,30.1065,491,22850,0.132958,0.01,1,1328540,1328049,491
109960901,70.5306,61.2213,495,22943,0.0665916,0.03,1,1328613,1328118,495
109963821,70.1061,70.6443,492,23035,0.0133183,0.01,1,1328683,1328191,492
109966741,83.6212,69.3289,510,23127,0.0266637,0.07,1,1328770,1328260,510
109969661,70.3242,84.2658,489,23219,0.0453327,0.11,1,1328837,1328348,489
109972581,34.8648,65.6532,454,23310,0.0490665,0.13,1,1328863,1328409,454
109975501,38.973,36.3306,465,23401,0.0978133,0.15,1,1328903,1328438,465
109978421,58.9946,35.2661,494,23492,0.155563,0.13,1,1328967,1328473,494
109981341,66.1989,60.6532,495,23582,0.151113,0.05,1,1329035,1328540,495
109984261,69.2398,70.5306,492,23672,0.0302225,0,1,1329105,1328613,492
109987181,83.448,70.1061,509,23762,0.0300445,0.03,1,1329192,1328683,509
109990101,71.0896,83.6212,490,23851,0.0460089,0.05,1,1329260,1328770,490
109993021,36.6179,70.3242,451,23940,0.0492018,0.05,1,1329288,1328837,451
109995941,8.92358,34.8648,427,24029,0.0498404,0.11,1,1329290,1328863,427
109998861,35.3847,38.973,429,24117,0.0979681,0.17,1,1329332,1328903,429
110001781,59.8769,58.9946,431,24205,0.187594,0.15,1,1329398,1328967,431
110004701,61.5754,66.1989,425,24293,0.205519,0,1,1329460,1329035,425
110007621,66.7151,69.2398,423,24380,0.113104,0.03,1,1329528,1329105,423
110010541,82.943,83.448,423,24467,0.0626208,0.05,1,1329615,1329192,423
110013461,71.7886,71.0896,424,24554,0.0205241,0.05,1,1329684,1329260,424
110016381,37.5577,36.6179,425,24640,0.0281048,0.05,1,1329713,1329288,425
110019301,9.11154,8.92358,425,24726,0.029621,0.11,1,1329715,1329290,425
110022221,37.8223,35.3847,428,24812,0.0299242,0.21,1,1329760,1329332,428
110025141,61.9645,59.8769,430,24897,0.0939848,0.21,1,1329828,1329398,430
110028061,61.9929,61.5754,430,24982,0.138797,0.09,1,1329890,1329460,430
110030981,61.9986,66.7151,424,25067,0.147759,0.05,1,1329952,1329528,424
110033901,80.3997,82.943,422,25152,0.197552,0.01,1,1330037,1329615,422
110036821,71.2799,71.7886,422,25236,0.12751,0.03,1,1330106,1329684,422
110039741,37.456,37.5577,422,25320,0.129502,0.03,1,1330135,1329713,422
110042661,9.0912,9.11154,422,25404,0.1299,0.03,1,1330137,1329715,422
110045581,37.8182,37.8223,422,25487,0.12998,0.03,1,1330182,1329760,422
110048501,63.5636,7.56446,492,25570,0.177996,0.11,1,1330252,1329760,492
110051421,63.9127,55.9129,488,25653,0.203599,0.15,1,1330316,1329828,488
110054341,63.9825,60.7826,490,25736,0.25672,0.15,1,1330380,1329890,490
110057261,81.5965,61.7565,514,25818,0.315344,0.21,1,1330466,1329952,514
110060181,67.5193,80.3513,493,25900,0.343069,0.11,1,1330530,1330037,493
110063101,37.5039,71.2703,454,25982,0.348614,0.13,1,1330560,1330106,454
110066021,9.10077,37.4541,427,26064,0.349723,0.13,1,1330562,1330135,427
110068941,37.8202,9.09081,470,26145,0.365945,0.13,1,1330607,1330137,470
110071861,68.364,37.8182,501,26226,0.385189,0.19,1,1330683,1330182,501
110074781,64.8728,63.5636,495,26307,0.453038,0.21,1,1330747,1330252,495
110077701,66.5746,63.9127,498,26388,0.482608,0.27,1,1330814,1330316,498
110080621,85.3149,63.9825,524,26468,0.472522,0.33,1,1330904,1330380,524
110083541,68.263,81.5965,502,26548,0.502504,0.35,1,1330968,1330466,502
110086461,37.6526,67.5193,468,26628,0.524501,0.35,1,1330998,1330530,468
110089381,9.13052,37.5039,440,26708,0.5289,0.35,1,1331000,1330560,440
110092301,38.6261,9.10077,484,26787,0.52978,0.37,1,1331046,1330562,484
110095221,70.9252,37.8202,518,26866,0.545956,0.39,1,1331125,1330607,518
110098141,15.785,68.364,444,26945,0.549191,0.47,1,1331127,1330683,444
110101061,55.157,64.8728,445,27024,0.613838,0.49,1,1331192,1330747,445
110103981,66.2314,66.5746,447,27102,0.626768,0.47,1,1331261,1330814,447
110106901,85.2463,85.3149,447,27180,0.645354,0.51,1,1331351,1330904,447
110109821,68.2493,68.263,447,27258,0.697071,0.53,1,1331415,1330968,447
110112741,38.4499,37.6526,448,27336,0.707414,0.53,1,1331446,1330998,448
110115661,9.28997,9.13052,448,27413,0.709483,0.53,1,1331448,1331000,448
110118581,38.658,38.6261,448,27490,0.709897,0.55,1,1331494,1331046,448
110121501,71.7316,70.9252,449,27567,0.741979,0.55,1,1331574,1331125,449
110124421,15.9463,15.785,449,27644,0.716396,0.63,1,1331576,1331127,449
110127341,58.3893,55.157,453,27721,0.743279,0.63,1,1331645,1331192,453
110130261,66.8779,66.2314,453,27797,0.732656,0.65,1,1331714,1331261,453
110133181,86.9756,85.2463,455,27873,0.778531,0.71,2,1331806,1331351,455
110136101,70.1951,68.2493,457,27949,0.851706,0.71,2,1331872,1331415,457
110139021,38.839,38.4499,457,28025,0.850341,0.71,2,1331903,1331446,457
110141941,9.3678,9.28997,457,28101,0.850068,0.71,2,1331905,1331448,457
110144861,38.6736,38.658,457,28176,0.850014,0.75,2,1331951,1331494,457
110147781,71.7347,71.7316,457,28251,0.850003,0.71,2,1332031,1331574,457
110150701,15.9469,15.9463,457,28326,0.882001,0.75,2,1332033,1331576,457
110276261,63,0,549,31379,0.39,1,1,1334258,1333709,549
110279181,44.6,65.6,507,31446,0.342,1,1,1334298,1333791,507
110282101,43.32,46.72,508,31513,0.1564,1,1,1334341,1333833,508
110285021,31.864,30.944,510,31580,0.05528,0.99,1,1334370,1333860,510
110287941,37.5728,30.9888,518,31647,0.067056,1,1,1334409,1333891,518
110290861,40.3146,44.5978,511,31714,0.0214112,1,1,1334450,1333939,511
110293781,41.6629,36.1196,519,31781,0.0122822,0.89,1,1334492,1333973,519
110296701,45.9326,45.6239,518,31848,0.0584564,0.99,1,1334539,1334021,518
110299621,45.1865,51.5248,510,31914,0.0356913,0.75,1,1334584,1334074,510
110302541,54.6373,51.905,515,31980,0.111138,0.63,1,1334641,1334126,515
110305461,54.9275,65.581,501,32046,0.110228,0.39,1,1334696,1334195,501
110308381,38.1855,63.5162,472,32112,0.110046,0.33,1,1334730,1334258,472
110311301,34.8371,44.7032,466,32178,0.142009,0.11,1,1334764,1334298,466
110314221,28.5674,43.3406,450,32244,0.100402,0.03,1,1334791,1334341,450
110317141,36.9135,31.8681,460,32310,0.10808,0.07,1,1334830,1334370,460
110320061,40.1827,37.5736,462,32375,0.125616,0.01,1,1334871,1334409,462
110322981,44.0365,40.3147,466,32440,0.0491232,0.01,1,1334916,1334450,466
110325901,45.6073,41.6629,470,32505,0.129825,0.07,1,1334962,1334492,470
110328821,43.5215,45.9326,466,32570,0.161965,0.03,1,1335005,1334539,466
110331741,59.1043,45.1865,484,32635,0.168393,0.13,1,1335068,1334584,484
110334661,55.0209,54.6373,481,32700,0.201679,0.11,1,1335122,1334641,481
110337581,39.8042,54.9275,462,32765,0.224336,0.11,1,1335158,1334696,462
110340501,9.56083,38.1855,430,32830,0.228867,0.15,1,1335160,1334730,430
110343421,28.3122,34.8371,429,32894,0.245773,0.09,1,1335193,1334764,429
110346341,24.8624,28.5674,426,32958,0.249155,0.11,1,1335217,1334791,426
110349261,38.5725,36.9135,429,33022,0.265831,0.13,1,1335259,1334830,429
110352181,38.1145,40.1827,426,33086,0.253166,0.03,1,1335297,1334871,426
110355101,43.6229,44.0365,426,33150,0.266633,0.15,1,1335342,1334916,426
110358021,48.7246,45.6073,430,33214,0.253327,0.17,1,1335392,1334962,430
110360941,44.1449,43.5215,430,33278,0.282665,0.17,1,1335435,1335005,430
110363861,60.029,59.1043,431,33342,0.288533,0.21,1,1335499,1335068,431
110366781,56.0058,55.0209,432,33405,0.273707,0.23,1,1335554,1335122,432
110369701,40.8012,39.8042,433,33468,0.222741,0.23,1,1335591,1335158,433
110372621,9.76023,9.56083,433,33531,0.244548,0.25,1,1335593,1335160,433
110375541,27.552,28.3122,432,33594,0.26491,0.25,1,1335625,1335193,432
110378461,24.7104,24.8624,432,33657,0.268982,0.27,1,1335649,1335217,432
110381381,40.1421,38.5725,434,33720,0.253796,0.25,1,1335693,1335259,434
110384301,39.2284,38.1145,435,33783,0.298759,0.27,1,1335732,1335297,435
110387221,43.0457,43.6229,434,33846,0.307752,0.25,1,1335776,1335342,434
110390141,47.8091,48.7246,433,33908,0.29355,0.29,1,1335825,1335392,433
110393061,44.7618,44.1449,434,33970,0.33871,0.29,1,1335869,1335435,434
110395981,60.1524,60.029,434,34032,0.363742,0.27,1,1335933,1335499,434
110398901,55.2305,56.0058,433,34094,0.384748,0.21,1,1335987,1335554,433
110401821,39.8461,40.8012,432,34156,0.38895,0.25,1,1336023,1335591,432
110404741,9.56922,9.76023,432,34218,0.42179,0.25,1,1336025,1335593,432
110407661,27.5138,1.95205,464,34280,0.396358,0.27,1,1336057,1335593,464
110410581,24.7028,25.9904,456,34342,0.391272,0.27,1,1336081,1335625,456
110413501,40.9406,24.3981,477,34404,0.406254,0.25,1,1336126,1335649,477
110416421,40.1881,40.0796,473,34465,0.425251,0.31,1,1336166,1335693,473
110419341,43.2376,39.2159,478,34526,0.44505,0.31,1,1336210,1335732,478
110422261,47.0475,43.0432,482,34587,0.46501,0.29,1,1336258,1335776,482
110425181,47.0095,47.8086,480,34648,0.517002,0.35,1,1336305,1335825,480
110428101,61.4019,44.7617,501,34709,0.5594,0.37,1,1336370,1335869,501
110431021,56.2804,60.1523,492,34770,0.61588,0.39,1,1336425,1335933,492
110433941,41.6561,55.2305,476,34831,0.659176,0.39,1,1336463,1335987,476
110436861,9.93121,39.8461,442,34892,0.667835,0.43,1,1336465,1336023,442
110439781,27.5862,9.56922,472,34953,0.685567,0.39,1,1336497,1336025,472
110442701,24.7172,27.5138,464,35013,0.689113,0.39,1,1336521,1336057,464
110445621,41.7434,24.7028,486,35073,0.705823,0.41,1,1336567,1336081,486
110448541,41.1487,40.9406,482,35133,0.741165,0.43,1,1336608,1336126,482
110451461,45.0297,40.1881,488,35193,0.732233,0.45,1,1336654,1336166,488
110454381,47.4059,43.2376,492,35253,0.730447,0.47,1,1336702,1336210,492
110457301,49.4812,47.0475,494,35313,0.794089,0.53,2,1336752,1336258,494
110460221,63.4962,47.0095,514,35373,0.838818,0.57,2,1336819,1336305,514
110463141,59.0992,61.4019,507,35433,0.863764,0.63,2,1336877,1336370,507
110466061,43.8198,56.2804,492,35493,0.916753,0.67,2,1336917,1336425,492
110468981,10.364,41.6561,456,35553,0.927351,0.67,2,1336919,1336463,456
110663161,118,97,520,17761,0.19,0.29,1,1339625,1339105,520
110666081,128.4,150.6,487,17881,0.158,0.19,1,1339756,1339269,487
110669001,63.28,97.32,450,18000,0.1836,0.11,1,1339803,1339353,450
110671921,44.656,57.864,442,18118,0.22072,0.21,1,1339843,1339401,442
110674841,33.7312,40.3728,437,18235,0.180144,0.07,1,1339874,1339437,437
110677761,54.7462,64.0746,427,18351,0.172029,0.19,1,1339934,1339507,427
110680681,108.549,107.215,431,18467,0.202406,0.15,1,1340056,1339625,431
110683601,124.91,126.243,429,18582,0.256481,0.19,1,1340185,1339756,429
110686521,63.382,62.8486,430,18696,0.251296,0.23,1,1340233,1339803,430
110689441,45.4764,44.5697,431,18810,0.266259,0.17,1,1340274,1339843,431
110692361,31.4953,33.7139,428,18923,0.317252,0.17,1,1340302,1339874,428
110695281,54.2991,54.7428,428,19035,0.39145,0.21,1,1340362,1339934,428
110698201,110.86,108.549,431,19146,0.47029,0.27,1,1340487,1340056,431
110701121,126.972,124.91,433,19257,0.566058,0.25,1,1340618,1340185,433
110704041,64.5944,63.3819,434,19367,0.569212,0.27,1,1340667,1340233,434
110706961,47.3189,45.4764,436,19477,0.601842,0.33,1,1340710,1340274,436
110709881,31.8638,31.4953,436,19586,0.656368,0.33,1,1340738,1340302,436
110712801,57.5728,6.29905,500,19694,0.651274,0.41,1,1340802,1340302,500
110715721,115.515,49.2598,570,19802,0.682255,0.49,1,1340932,1340362,570
110718641,130.303,109.852,579,19909,0.736451,0.59,1,1341066,1340487,579
110721561,66.0606,126.77,498,20016,0.76329,0.57,2,1341116,1340618,498
110724481,50.0121,64.5541,495,20122,0.784658,0.61,2,1341162,1340667,495
110727401,32.4024,47.3108,480,20227,0.788932,0.67,2,1341190,1340710,480
110730321,60.0805,31.8622,519,20332,0.789786,0.65,2,1341257,1340738,519
110733241,116.016,57.5724,585,20436,0.869957,0.69,2,1341387,1340802,585
110823761,53,57,517,23440,0.75,1,2,1343509,1342992,517
110826681,39.4,42.6,514,23530,0.654,1,1,1343545,1343031,514
110829601,63.88,37.32,548,23620,0.4748,1,1,1343615,1343067,548
110832521,115.176,60.264,610,23710,0.29496,1,1,1343743,1343133,610
110835441,47.8352,123.253,502,23799,0.162992,1,1,1343774,1343272,502
110838361,88.767,51.8506,567,23888,0.0405984,0.83,1,1343873,1343306,567
110841281,50.5534,93.5701,504,23977,0.0321197,0.79,1,1343914,1343410,504
110844201,11.7107,55.514,460,24065,0.0304239,0.75,1,1343916,1343456,460
110847121,40.7421,53.5028,455,24153,0.0780848,0.63,1,1343964,1343509,455
110850041,31.3484,39.5006,448,24241,0.119617,0.43,1,1343993,1343545,448
110852961,59.8697,63.9001,445,24328,0.0799234,0.25,1,1344060,1343615,445
110855881,102.374,115.18,430,24415,0.0879847,0.13,1,1344173,1343743,430
110858801,42.8748,47.836,427,24502,0.0735969,0.01,1,1344201,1343774,427
110861721,84.575,88.7672,423,24588,0.0547194,0.03,1,1344296,1343873,423
110864641,49.715,50.5534,423,24674,0.0189439,0.03,1,1344337,1343914,423
110867561,11.543,11.7107,423,24760,0.0117888,0.09,1,1344339,1343916,423
110870481,42.3086,40.7421,425,24846,0.0903578,0.13,1,1344389,1343964,425
110873401,32.4617,31.3484,426,24931,0.202072,0.07,1,1344419,1343993,426
110876321,57.6923,59.8697,423,25016,0.256414,0.09,1,1344483,1344060,423
110879241,105.138,102.374,427,25101,0.283283,0.07,1,1344600,1344173,427
110882161,41.8277,42.8748,425,25185,0.320657,0.05,1,1344626,1344201,425
110885081,81.9655,84.575,422,25269,0.296131,0.01,1,1344718,1344296,422
110888001,50.7931,49.715,424,25353,0.243226,0.01,1,1344761,1344337,424
110890921,11.7586,11.543,424,25437,0.264645,0.01,1,1344763,1344339,424
110893841,43.9517,2.3086,476,25520,0.236929,0.11,1,1344815,1344339,476
110896761,35.9903,40.4617,460,25603,0.199386,0.23,1,1344849,1344389,460
110899681,59.9981,32.0923,496,25686,0.255877,0.27,1,1344915,1344419,496
110902601,108,57.6185,552,25768,0.315175,0.29,1,1345035,1344483,552
110905521,42.3999,105.124,461,25850,0.343035,0.33,1,1345061,1344600,461
110908441,82.08,41.8247,527,25932,0.396607,0.29,1,1345153,1344626,527
110911361,50.016,81.9649,477,26014,0.439321,0.23,1,1345195,1344718,477
110914281,11.6032,50.793,436,26095,0.447864,0.27,1,1345197,1344761,436
110917201,42.3206,11.7586,484,26176,0.465573,0.23,1,1345247,1344763,484
110920121,34.0641,43.9517,464,26257,0.501115,0.19,1,1345279,1344815,464
110923041,62.8128,35.9903,500,26338,0.588223,0.27,1,1345349,1344849,500
110925961,111.763,59.9981,558,26418,0.605645,0.33,1,1345473,1344915,558
110928881,43.1525,108,464,26498,0.609129,0.35,1,1345499,1345035,464
110931801,84.6305,42.3999,533,26578,0.641826,0.41,1,1345594,1345061,533
110934721,52.1261,82.08,485,26658,0.616365,0.45,1,1345638,1345153,485
110937641,12.0252,50.016,445,26737,0.611273,0.45,1,1345640,1345195,445
110940561,43.205,11.6032,494,26816,0.594255,0.47,1,1345691,1345197,494
110943481,36.641,42.3206,479,26895,0.574851,0.51,1,1345726,1345247,479
110946401,8.9282,34.0641,449,26974,0.60297,0.61,1,1345728,1345279,449
110949321,60.1856,62.8128,452,27053,0.656594,0.61,1,1345801,1345349,452
110952241,111.237,111.763,452,27131,0.683319,0.61,1,1345925,1345473,452
110955161,43.0474,43.1525,452,27209,0.704664,0.65,1,1345951,1345499,452
110958081,86.2095,84.6305,454,27287,0.692933,0.61,1,1346048,1345594,454
110961001,50.8419,52.1261,452,27365,0.706587,0.61,1,1346090,1345638,452
110963921,11.7684,12.0252,452,27442,0.709317,0.59,1,1346092,1345640,452
110966841,42.3537,43.205,451,27519,0.741863,0.57,1,1346142,1345691,451
110969761,37.2707,36.641,452,27596,0.780373,0.61,2,1346178,1345726,452
110972681,9.05415,8.9282,452,27673,0.788075,0.67,2,1346180,1345728,452
110975601,61.0108,60.1856,453,27750,0.869615,0.69,2,1346254,1345801,453
111092401,35,26,501,30653,0.69,1,1,1348342,1347841,501
111095321,52.6,68.4,479,30722,0.706,1,1,1348399,1347920,479
111098241,52.12,56.08,478,30791,0.6452,0.98,1,1348451,1347973,478
111101161,40.024,36.016,484,30860,0.53704,0.9,1,1348488,1348004,484
111104081,28.8048,35.2032,475,30929,0.515408,0.99,1,1348514,1348039,475
111107001,28.961,30.2406,475,30997,0.431082,0.97,1,1348543,1348068,475
111109921,32.9922,29.2481,480,31065,0.382216,0.91,1,1348577,1348097,480
111112841,26.5984,33.8496,470,31133,0.324443,0.83,1,1348602,1348132,470
111115761,114.92,124.37,460,31201,0.200889,0.77,1,1348739,1348279,460
111118681,46.1839,47.274,461,31269,0.144178,0.69,1,1348768,1348307,461
111121601,36.4368,37.4548,460,31337,0.0848356,0.69,1,1348802,1348342,460
111124521,47.2874,7.49096,510,31405,0.104967,0.71,1,1348852,1348342,510
111127441,47.0575,47.0982,500,31472,0.0769934,0.63,1,1348899,1348399,500
111130361,38.2115,51.0196,484,31539,0.0553987,0.51,1,1348935,1348451,484
111133281,22.8423,39.8039,466,31606,0.0670797,0.51,1,1348954,1348488,466
111136201,26.9685,28.7608,468,31673,0.101416,0.41,1,1348982,1348514,468
111139121,30.1937,28.9522,470,31740,0.108283,0.37,1,1349013,1348543,470
111142041,24.4387,32.9904,459,31807,0.125657,0.31,1,1349036,1348577,459
111144961,108.888,26.5981,564,31874,0.225131,0.17,1,1349166,1348602,564
111147881,43.3775,114.92,454,31940,0.277026,0.13,1,1349193,1348739,454
111150801,35.0755,46.1839,458,32006,0.255405,0.07,1,1349226,1348768,458
111153721,49.4151,36.4368,477,32072,0.283081,0.11,1,1349279,1348802,477
111156641,45.883,47.2874,472,32138,0.352616,0.07,1,1349324,1348852,472
111159561,36.3766,47.0575,459,32204,0.334523,0.05,1,1349358,1348899,459
111162481,24.8753,38.2115,445,32270,0.330905,0.07,1,1349380,1348935,445
111165401,25.7751,22.8423,452,32336,0.330181,0.11,1,1349406,1348954,452
111168321,33.155,26.9685,459,32401,0.314036,0.11,1,1349441,1348982,459
111171241,24.231,30.1937,450,32466,0.326807,0.13,1,1349463,1349013,450
111174161,112.046,24.4387,561,32531,0.329361,0.25,1,1349597,1349036,561
111177081,46.4092,108.888,461,32596,0.329872,0.29,1,1349627,1349166,461
111180001,34.8818,43.3775,466,32661,0.313974,0.25,1,1349659,1349193,466
111182921,51.7764,35.0755,489,32726,0.326795,0.29,1,1349715,1349226,489
111185841,11.9553,49.4151,438,32791,0.297359,0.37,1,1349717,1349279,438
111188761,38.3911,45.883,438,32856,0.371472,0.33,1,1349762,1349324,438
111191681,34.8782,36.3766,438,32920,0.386294,0.33,1,1349796,1349358,438
111194601,24.5756,24.8753,438,32984,0.469259,0.33,1,1349818,1349380,438
111197521,25.7151,25.7751,438,33048,0.453852,0.31,1,1349844,1349406,438
111200441,33.143,33.155,438,33112,0.46677,0.33,1,1349879,1349441,438
111203361,24.2286,24.231,438,33176,0.469354,0.33,1,1349901,1349463,438
111206281,112.046,112.046,438,33240,0.517871,0.33,1,1350035,1349597,438
111209201,44.8091,46.4092,436,33304,0.543574,0.31,1,1350063,1349627,436
111212121,35.3618,34.8818,437,33368,0.596715,0.33,1,1350096,1349659,437
111215041,53.4724,51.7764,439,33431,0.639343,0.29,1,1350154,1349715,439
111217961,12.2945,11.9553,439,33494,0.647869,0.39,1,1350156,1349717,439
111220881,40.0589,38.3911,441,33557,0.649574,0.39,1,1350203,1349762,441
111223801,36.0118,34.8782,442,33620,0.713915,0.49,1,1350238,1349796,442
111226721,26.4024,24.5756,444,33683,0.726783,0.45,1,1350262,1349818,444
111229641,26.0805,25.7151,444,33746,0.761357,0.47,2,1350288,1349844,444
111232561,32.4161,33.143,443,33809,0.784271,0.47,2,1350322,1349879,443
111235481,24.0832,24.2286,443,33872,0.756854,0.53,2,1350344,1349901,443
111238401,115.217,112.046,447,33934,0.767371,0.55,2,1350482,1350035,447
111241321,45.4433,44.8091,447,33996,0.769474,0.61,2,1350510,1350063,447
111244241,39.4887,35.3618,452,34058,0.769895,0.65,2,1350548,1350096,452
111247161,55.8977,53.4724,454,34120,0.817979,0.65,2,1350608,1350154,454
111250081,12.7795,12.2945,454,34182,0.795596,0.65,2,1350610,1350156,454
111253001,40.9559,40.0589,455,34244,0.839119,0.65,2,1350658,1350203,455
111255921,36.1912,8.01178,490,34306,0.815824,0.73,2,1350693,1350203,490
111258841,28.0382,29.6024,481,34368,0.811165,0.73,2,1350719,1350238,481
111261761,27.2076,25.1205,484,34430,0.842233,0.77,2,1350746,1350262,484
111264681,32.6415,25.8241,492,34491,0.848447,0.79,2,1350780,1350288,492
111267601,24.1283,32.3648,480,34552,0.865689,0.75,2,1350802,1350322,480
111270521,116.026,24.073,597,34613,0.917138,0.77,2,1350941,1350344,597
111422361,26,19,511,37658,0.77,1,2,1353030,1352519,511
111425281,34,33.4,510,37714,0.642,1,1,1353066,1352556,510
111428201,30.8,29.88,511,37770,0.5044,1,1,1353096,1352585,511
111431121,28.56,25.976,514,37826,0.44488,1,1,1353124,1352610,514
111434041,29.712,29.9952,513,37882,0.336976,1,1,1353154,1352641,513
111436961,23.5424,35.599,498,37938,0.299395,1,1,1353176,1352678,498
111439881,31.1085,25.5198,508,37994,0.307879,1,1,1353209,1352701,508
111442801,92.6217,25.104,591,38050,0.133576,1,1,1353317,1352726,591
111445721,49.7243,103.421,507,38106,0.130715,1,1,1353356,1352849,507
111448641,32.3449,47.0842,502,38161,0.050143,1,1,1353384,1352882,502
111451561,45.669,35.8168,518,38216,0.0820286,0.8,1,1353433,1352915,518
111454481,32.3338,53.5634,489,38271,0.0564057,0.83,1,1353462,1352973,489
111457401,25.6668,35.5127,482,38326,0.0512811,0.77,1,1353486,1353004,482
111460321,29.1334,27.9025,486,38381,0.0982562,0.61,1,1353516,1353030,486
111463241,28.2267,34.3805,478,38436,0.0916512,0.47,1,1353544,1353066,478
111466161,23.2453,30.8761,470,38491,0.0903303,0.43,1,1353566,1353096,470
111469081,25.4491,28.5752,468,38546,0.0900661,0.31,1,1353592,1353124,468
111472001,20.2898,29.715,457,38601,0.0580132,0.29,1,1353611,1353154,457
111474921,5.65796,23.543,437,38656,0.0676026,0.31,1,1353613,1353176,437
111477841,23.5316,31.1086,432,38711,0.133521,0.09,1,1353641,1353209,432
111480761,84.7063,92.6217,424,38766,0.130704,0.13,1,1353741,1353317,424
111483681,48.1413,49.7243,424,38820,0.210141,0.03,1,1353780,1353356,424
111486601,31.2283,32.3449,423,38874,0.178028,0.09,1,1353807,1353384,423
111489521,46.2457,45.669,424,38928,0.123606,0.05,1,1353857,1353433,424
111492441,32.4491,32.3338,424,38982,0.160721,0.05,1,1353886,1353462,424
111495361,26.4898,25.6668,425,39036,0.120144,0.11,1,1353911,1353486,425
111498281,30.098,29.1334,426,39090,0.144029,0.09,1,1353942,1353516,426
111501201,27.6196,28.2267,425,39144,0.132806,0.09,1,1353969,1353544,425
111504121,23.1239,23.2453,425,39198,0.146561,0.09,1,1353991,1353566,425
111507041,26.2248,25.4491,426,39252,0.197312,0.05,1,1354018,1353592,426
111509961,20.445,20.2898,426,39306,0.207462,0.07,1,1354037,1353611,426
111512881,5.68899,5.65796,426,39360,0.225492,0.15,1,1354039,1353613,426
111515801,25.1378,23.5316,428,39414,0.261099,0.13,1,1354069,1353641,428
111518721,86.6276,84.7063,430,39468,0.36422,0.23,1,1354171,1353741,430
111521641,47.7255,48.1413,429,39522,0.384844,0.17,1,1354209,1353780,429
111524561,29.5451,31.2283,427,39575,0.372969,0.11,1,1354234,1353807,427
111527481,45.909,46.2457,427,39628,0.354594,0.17,1,1354284,1353857,427
111530401,33.1818,32.4491,428,39681,0.382919,0.11,1,1354314,1353886,428
111533321,24.2364,26.4898,425,39734,0.388584,0.15,1,1354336,1353911,425
111536241,32.8473,30.098,429,39787,0.405717,0.13,1,1354371,1353942,429
111539161,26.5695,27.6196,427,39840,0.409143,0.15,1,1354396,1353969,427
111542081,24.5139,23.1239,429,39893,0.409829,0.21,1,1354420,1353991,429
111545001,28.1028,26.2248,431,39946,0.393966,0.21,1,1354449,1354018,431
111547921,22.4206,20.445,433,39999,0.406793,0.23,1,1354470,1354037,433
111550841,6.08411,5.68899,433,40052,0.377359,0.27,1,1354472,1354039,433
111553761,27.6168,25.1378,436,40105,0.403472,0.27,1,1354505,1354069,436
111556681,88.7234,5.02756,540,40158,0.440694,0.39,1,1354609,1354069,540
111559601,48.1447,82.6055,476,40211,0.448139,0.39,1,1354647,1354171,476
111562521,28.8289,46.9211,462,40264,0.481628,0.37,1,1354671,1354209,462
111565441,46.5658,29.3842,488,40316,0.520326,0.35,1,1354722,1354234,488
111568361,33.3132,45.8768,468,40368,0.528065,0.39,1,1354752,1354284,468
111571281,24.2626,33.1754,460,40420,0.529613,0.39,1,1354774,1354314,460
111574201,34.4525,24.2351,475,40472,0.529923,0.41,1,1354811,1354336,475
111577121,26.0905,32.847,464,40524,0.577985,0.41,1,1354835,1354371,464
111580041,24.4181,26.5694,463,40576,0.587597,0.41,1,1354859,1354396,463
111582961,28.8836,24.5139,469,40628,0.589519,0.39,1,1354889,1354420,469
111585881,21.7767,28.1028,460,40680,0.589904,0.41,1,1354909,1354449,460
111588801,5.95534,22.4206,441,40732,0.589981,0.37,1,1354911,1354470,441
111591721,27.5911,6.08411,472,40784,0.589996,0.41,1,1354944,1354472,472
111594641,91.9182,27.6168,547,40836,0.637999,0.45,1,1355052,1354505,547
111597561,49.5836,88.7234,482,40888,0.6956,0.45,1,1355091,1354609,482
111600481,29.9167,48.1447,469,40940,0.69112,0.49,1,1355116,1354647,469
111603401,48.3833,28.8289,498,40992,0.690224,0.53,1,1355169,1354671,498
111606321,33.6767,46.5658,477,41044,0.690045,0.53,1,1355199,1354722,477
111609241,24.3353,33.3132,469,41095,0.690009,0.53,1,1355221,1354752,469
111612161,36.0671,24.2626,486,41146,0.722002,0.53,1,1355260,1354774,486
111615081,27.2134,34.4525,474,41197,0.7124,0.59,1,1355285,1354811,474
111618001,24.6427,26.0905,474,41248,0.72648,0.59,1,1355309,1354835,474
111620921,28.9285,24.4181,480,41299,0.729296,0.59,1,1355339,1354859,480
111623841,21.7857,28.8836,470,41350,0.729859,0.59,1,1355359,1354889,470
111626761,5.95714,21.7767,452,41401,0.729972,0.59,1,1355361,1354909,452
111629681,27.5914,5.95534,483,41452,0.745994,0.59,1,1355394,1354911,483
111632601,94.3183,27.5911,561,41503,0.781199,0.65,2,1355505,1354944,561
111635521,20.4637,91.9182,455,41554,0.78824,0.71,2,1355507,1355052,455
111638441,36.8927,49.5836,457,41605,0.821648,0.69,2,1355548,1355091,457
111641361,26.5785,29.9167,456,41656,0.90833,0.69,2,1355572,1355116,456
111644281,47.7157,48.3833,456,41707,0.877666,0.69,2,1355625,1355169,456
111647201,33.5431,33.6767,456,41758,0.903533,0.69,2,1355655,1355199,456
111650121,24.3086,24.3353,456,41809,0.908707,0.73,2,1355677,1355221,456
111653041,37.6617,36.0671,458,41859,0.893741,0.71,2,1355718,1355260,458
111655961,26.7323,27.2134,457,41909,0.922748,0.73,2,1355742,1355285,457
111658881,25.3465,24.6427,458,41959,0.88055,0.73,2,1355767,1355309,458
111661801,29.0693,28.9285,458,42009,0.90411,0.73,2,1355797,1355339,458
111664721,21.8139,21.7857,458,42059,0.908822,0.73,2,1355817,1355359,458
111667641,5.96277,5.95714,458,42109,0.877764,0.75,2,1355819,1355361,458
111670561,28.3926,27.5914,459,42159,0.903553,0.79,2,1355853,1355394,459
111842841,35,33,484,45017,0.87,1,2,1357905,1357421,484
111845761,35,29,491,45064,0.822,1,2,1357940,1357449,491
111848681,31,29.8,491,45111,0.6684,1,1,1357970,1357479,491
111851601,35,25.96,502,45158,0.57368,1,1,1358006,1357504,502
111854521,27,33.192,492,45205,0.490736,1,1,1358031,1357539,492
111857441,40.6,35.4384,500,45252,0.330147,1,1,1358075,1357575,500
111860361,36.92,27.8877,510,45299,0.202029,1,1,1358111,1357601,510
111863281,35.384,32.7775,511,45346,0.176406,1,1,1358146,1357635,511
111866201,30.2768,36.1555,503,45393,0.155281,1,1,1358175,1357672,503
111869121,28.4554,26.4311,507,45439,0.151056,1,1,1358203,1357696,507
111872041,23.2911,22.0862,508,45485,0.150211,1,1,1358225,1357717,508
111874961,9.45821,24.4172,489,45531,0.102042,0.98,1,1358231,1357742,489
111877881,21.0916,34.4834,476,45577,0.124408,0.94,1,1358255,1357779,476
111880801,25.8183,30.8967,473,45623,0.0808817,0.96,1,1358282,1357809,473
111883721,46.7637,54.9793,464,45669,0.0721763,0.87,1,1358334,1357870,464
111886641,33.3527,38.9959,459,45715,0.0384353,0.81,1,1358364,1357905,459
111889561,32.2705,35.7992,456,45761,0.0476871,0.63,1,1358396,1357940,456
111892481,28.8541,31.1598,454,45807,0.0335374,0.55,1,1358424,1357970,454
111895401,31.3708,35.032,450,45853,0.0787075,0.47,1,1358456,1358006,450
111898321,22.2742,27.0064,445,45899,0.103741,0.29,1,1358476,1358031,445
111901241,30.8548,40.6013,434,45945,0.0927483,0.29,1,1358509,1358075,434
111904161,30.971,8.12026,465,45991,0.0185497,0.17,1,1358540,1358075,465
111907081,33.3942,30.4241,463,46037,0.0757099,0.17,1,1358574,1358111,463
111910001,29.8788,34.0848,457,46083,0.055142,0.15,1,1358603,1358146,457
111912921,27.5758,30.017,455,46129,0.0830284,0.15,1,1358630,1358175,455
111915841,24.7152,28.4034,451,46175,0.0246057,0.15,1,1358654,1358203,451
111918761,9.74303,23.2807,435,46221,0.0289211,0.09,1,1358660,1358225,435
111921681,17.9486,9.45614,449,46267,0.0617842,0.13,1,1358680,1358231,449
111924601,21.9897,21.0912,448,46313,0.116357,0.07,1,1358703,1358255,448
111927521,45.9979,25.8182,473,46359,0.0952714,0.07,1,1358755,1358282,473
111930441,33.1996,46.7637,451,46404,0.0590543,0.03,1,1358785,1358334,451
111933361,33.0399,33.3527,454,46449,0.0518109,0.05,1,1358818,1358364,454
111936281,28.208,32.2705,449,46494,0.0663622,0.03,1,1358845,1358396,449
111939201,32.8416,28.8541,455,46539,0.0692724,0.09,1,1358879,1358424,455
111942121,20.9683,31.3708,441,46584,0.0378545,0.11,1,1358897,1358456,441
111945041,31.3937,22.2742,455,46629,0.0475709,0.09,1,1358931,1358476,455
111947961,31.0787,30.8548,453,46674,0.0495142,0,1,1358962,1358509,453
111950881,33.4157,30.971,456,46719,0.0499028,0.09,1,1358996,1358540,456
111953801,29.8831,33.3942,451,46764,0.113981,0.05,1,1359025,1358574,451
111956721,27.5766,29.8788,449,46809,0.0787961,0.09,1,1359052,1358603,449
111959641,24.7153,27.5758,446,46854,0.0877592,0.01,1,1359076,1358630,446
111962561,10.5431,24.7152,429,46899,0.105552,0.03,1,1359083,1358654,429
111965481,20.5086,9.74303,446,46944,0.0931104,0.07,1,1359106,1358660,446
111968401,21.7017,17.9486,448,46989,0.0906221,0.13,1,1359128,1358680,448
111971321,45.9403,21.9897,477,47034,0.122124,0.09,1,1359180,1358703,477
111974241,31.5881,45.9979,453,47079,0.128425,0.05,1,1359208,1358755,453
111977161,34.3176,33.1996,458,47124,0.177685,0.05,1,1359243,1358785,458
111980081,25.2635,33.0399,448,47169,0.203537,0.07,1,1359266,1358818,448
111983001,34.6527,28.208,458,47214,0.192707,0.07,1,1359303,1358845,458
111985921,19.7305,32.8416,440,47259,0.190541,0.03,1,1359319,1358879,440
111988841,33.5461,20.9683,459,47304,0.190108,0.05,1,1359356,1358897,459
111991761,28.3092,31.3937,452,47349,0.238022,0.05,1,1359383,1358931,452
111994681,34.4618,31.0787,457,47394,0.199604,0.05,1,1359419,1358962,457
111997601,8.49237,33.4157,425,47438,0.191921,0.13,1,1359421,1358996,425
112000521,25.6985,29.8831,426,47482,0.238384,0.07,1,1359451,1359025,426
112003441,25.9397,27.5766,425,47526,0.279677,0.09,1,1359477,1359052,425
112006361,25.1879,24.7153,426,47570,0.271935,0.11,1,1359502,1359076,426
112009281,11.4376,10.5431,427,47614,0.302387,0.09,1,1359510,1359083,427
112012201,19.8875,20.5086,426,47658,0.308477,0.09,1,1359532,1359106,426
112015121,21.5775,21.7017,426,47702,0.277695,0.13,1,1359554,1359128,426
112018041,47.5155,45.9403,428,47746,0.303539,0.13,1,1359608,1359180,428
112020961,32.7031,31.5881,429,47790,0.324708,0.19,1,1359637,1359208,429
112023881,36.1406,34.3176,431,47834,0.280942,0.21,1,1359674,1359243,431
112026801,26.4281,25.2635,432,47878,0.288188,0.19,1,1359698,1359266,432
112029721,34.0856,34.6527,431,47922,0.337638,0.19,1,1359734,1359303,431
112032641,18.0171,19.7305,429,47966,0.363528,0.19,1,1359748,1359319,429
112035561,36.4034,33.5461,433,48010,0.352706,0.25,1,1359789,1359356,433
112038481,28.8807,28.3092,433,48054,0.366541,0.19,1,1359816,1359383,433
112041401,33.7761,34.4618,432,48098,0.417308,0.19,1,1359851,1359419,432
112044321,8.35523,8.49237,432,48142,0.427462,0.25,1,1359853,1359421,432
112047241,27.271,25.6985,434,48186,0.413492,0.29,1,1359885,1359451,434
112050161,27.8542,25.9397,436,48230,0.458698,0.27,1,1359913,1359477,436
112053081,24.7708,25.1879,435,48274,0.53174,0.31,1,1359937,1359502,435
112056001,11.3542,11.4376,435,48318,0.514348,0.31,1,1359945,1359510,435
112058921,19.8708,19.8875,435,48362,0.51087,0.27,1,1359967,1359532,435
112061841,21.5742,21.5775,435,48406,0.542174,0.31,1,1359989,1359554,435
112064761,49.1148,47.5155,437,48450,0.548435,0.33,1,1360045,1359608,437
112067681,32.223,32.7031,436,48493,0.549687,0.27,1,1360073,1359637,436
112070601,35.2446,36.1406,435,48536,0.533937,0.29,1,1360109,1359674,435
112073521,27.8489,26.4281,437,48579,0.546788,0.35,1,1360135,1359698,437
112076441,35.1698,34.0856,438,48622,0.549357,0.37,1,1360172,1359734,438
112079361,18.234,18.0171,438,48665,0.517871,0.35,1,1360186,1359748,438
112082281,37.2468,36.4034,439,48708,0.543574,0.37,1,1360228,1359789,439
112085201,29.8494,28.8807,440,48751,0.516715,0.43,1,1360256,1359816,440
112088121,34.7699,33.7761,441,48794,0.511343,0.43,1,1360292,1359851,441
112091041,8.55397,8.35523,441,48837,0.558269,0.43,1,1360294,1359853,441
112093961,27.3108,1.67105,473,48880,0.535654,0.41,1,1360326,1359853,473
112096881,31.0622,25.9342,473,48923,0.563131,0.47,1,1360358,1359885,473
112099801,26.2124,27.5868,470,48966,0.568626,0.55,1,1360383,1359913,470
112102721,11.6425,24.7174,454,49009,0.569725,0.51,1,1360391,1359937,454
112105641,19.9285,11.3435,468,49052,0.569945,0.51,1,1360413,1359945,468
112108561,21.5857,19.8687,468,49095,0.569989,0.55,1,1360435,1359967,468
112111481,49.1171,21.5737,502,49138,0.569998,0.55,1,1360491,1359989,502
112114401,33.0234,49.1147,475,49181,0.602,0.55,1,1360520,1360045,475
112117321,35.4047,32.2229,483,49224,0.5764,0.53,1,1360556,1360073,483
112120241,27.0809,35.2446,472,49267,0.58728,0.55,1,1360581,1360109,472
112123161,35.0162,27.8489,483,49310,0.653456,0.55,1,1360618,1360135,483
112126081,18.2032,35.1698,460,49353,0.666691,0.51,1,1360632,1360172,460
112129001,37.2406,18.234,488,49396,0.685338,0.55,1,1360674,1360186,488
112131921,30.6481,37.2468,475,49439,0.673068,0.51,1,1360703,1360228,475
112134841,34.9296,29.8494,483,49482,0.638614,0.51,1,1360739,1360256,483
112137761,8.58592,34.7699,449,49525,0.631723,0.57,1,1360741,1360292,449
112140681,27.3172,8.55397,479,49568,0.630345,0.53,1,1360773,1360294,479
112143601,31.0634,27.3108,479,49611,0.662069,0.57,1,1360805,1360326,479
112146521,27.8127,31.0622,474,49653,0.700414,0.57,1,1360832,1360358,474
112149441,11.9625,26.2124,457,49695,0.708083,0.57,1,1360840,1360383,457
112152361,19.9925,11.6425,471,49737,0.709617,0.57,1,1360862,1360391,471
112155281,21.5985,19.9285,471,49779,0.741923,0.57,1,1360884,1360413,471
112158201,49.9197,21.5857,506,49821,0.732385,0.57,1,1360941,1360435,506
112161121,32.3839,49.1171,478,49863,0.730477,0.61,1,1360969,1360491,478
112164041,35.2768,33.0234,485,49905,0.730095,0.57,1,1361005,1360520,485
112166961,27.8554,35.4047,475,49947,0.730019,0.59,1,1361031,1360556,475
112169881,38.3711,27.0809,491,49989,0.778004,0.67,2,1361072,1360581,491
112172801,18.8742,35.0162,468,50031,0.819601,0.67,2,1361086,1360618,468
112175721,38.1748,18.2032,497,50073,0.84392,0.69,2,1361129,1360632,497
112178641,30.035,37.2406,483,50115,0.848784,0.67,2,1361157,1360674,483
112181561,33.207,30.6481,488,50157,0.849757,0.63,2,1361191,1360703,488
112184481,8.2414,34.9296,454,50199,0.849951,0.63,2,1361193,1360739,454
112187401,27.2483,8.58592,484,50241,0.84999,0.63,2,1361225,1360741,484
112190321,32.6497,27.3172,486,50283,0.897998,0.67,2,1361259,1360773,486
112193241,8.12993,31.0634,456,50325,0.9076,0.71,2,1361261,1360805,456
112196161,24.026,27.8127,457,50367,0.90952,0.71,2,1361289,1360832,457
112199081,11.2052,11.9625,457,50409,0.957904,0.71,2,1361297,1360840,457
112403481,74,45,522,24266,0.49,0.99,1,1363394,1362872,522
112406401,77.2,87.4,502,24353,0.458,0.96,1,1363472,1362970,502
112409321,80.24,71.08,516,24440,0.4196,1,1,1363553,1363037,516
112412241,68.048,79.816,499,24527,0.34792,0.89,1,1363618,1363119,499
112415161,76.8096,57.5632,526,24613,0.333584,0.73,1,1363697,1363171,526
112418081,32.9619,77.1126,466,24699,0.346717,0.59,1,1363719,1363253,466
112421001,23.3924,37.0225,460,24785,0.349343,0.59,1,1363740,1363280,460
112423921,27.8785,39.4045,449,24871,0.397869,0.49,1,1363769,1363320,449
112426841,63.9757,67.0809,448,24956,0.423574,0.45,1,1363842,1363394,448
112429761,73.5951,75.8162,446,25041,0.428715,0.41,1,1363918,1363472,446
112432681,76.319,79.9632,442,25126,0.509743,0.33,1,1363995,1363553,442
112435601,64.8638,67.9926,439,25210,0.509949,0.33,1,1364057,1363618,439
112438521,76.1728,76.7985,439,25294,0.54199,0.35,1,1364136,1363697,439
112441441,32.8346,32.9597,439,25378,0.548398,0.35,1,1364158,1363719,439
112444361,23.3669,23.3919,439,25461,0.56568,0.35,1,1364179,1363740,439
112447281,27.8734,4.67839,468,25544,0.569136,0.41,1,1364208,1363740,468
112450201,67.1747,24.1357,516,25627,0.569827,0.43,1,1364285,1363769,516
112453121,73.4349,63.2271,518,25710,0.553965,0.43,1,1364360,1363842,518
112456041,78.687,73.4454,522,25792,0.566793,0.53,1,1364440,1363918,522
112458961,64.5374,76.2891,506,25874,0.617359,0.51,1,1364501,1363995,506
112461881,77.7075,64.8578,525,25956,0.675472,0.55,1,1364582,1364057,525
112464801,33.1415,76.1716,468,26038,0.703094,0.55,1,1364604,1364136,468
112467721,25.0283,32.8343,469,26119,0.692619,0.57,1,1364627,1364158,469
112470641,29.0057,23.3669,478,26200,0.722524,0.57,1,1364657,1364179,478
112473561,67.4011,27.8734,526,26281,0.728505,0.57,1,1364734,1364208,526
112476481,72.6802,67.1747,523,26362,0.761701,0.55,2,1364808,1364285,523
112479401,79.336,73.4349,529,26442,0.76834,0.57,2,1364889,1364360,529
112482321,67.0672,78.687,513,26522,0.785668,0.63,2,1364953,1364440,513
112485241,80.6134,64.5374,536,26602,0.853134,0.69,2,1365037,1364501,536
112488161,34.5227,77.7075,478,26682,0.866627,0.71,2,1365060,1364582,478
112491081,26.1045,33.1415,480,26761,0.869325,0.69,2,1365084,1364604,480
112494001,29.2209,25.0283,487,26840,0.869865,0.73,2,1365114,1364627,487
112496921,7.44418,29.0057,459,26919,0.869973,0.73,2,1365116,1364657,459
112499841,62.2888,67.4011,458,26998,0.917995,0.77,2,1365192,1364734,458
112631241,31,34,506,30325,0.77,1,2,1367564,1367058,506
112634161,27.8,30,504,30395,0.754,1,2,1367591,1367087,504
112637081,42.36,62.8,479,30465,0.5908,1,1,1367637,1367158,479
112640001,96.472,91.76,490,30534,0.22216,1,1,1367747,1367257,490
112642921,48.8944,50.352,487,30603,0.044432,1,1,1367784,1367297,487
112645841,33.7789,38.0704,482,30672,0.0168864,1,1,1367814,1367332,482
112648761,63.5558,62.0141,485,30741,0.0273773,1,1,1367885,1367400,485
112651681,43.9112,49.2028,478,30810,0.0454755,0.95,1,1367924,1367446,478
112654601,47.9822,53.0406,473,30879,0.0650951,0.95,1,1367973,1367500,473
112657521,32.7964,37.0081,469,30948,0.037019,0.77,1,1368002,1367533,469
112660441,25.7593,32.2016,462,31016,0.0634038,0.75,1,1368026,1367564,462
112663361,21.9519,28.0403,456,31084,0.0126808,0.55,1,1368047,1367591,456
112666281,34.7904,42.4081,448,31152,0.0585362,0.13,1,1368085,1367637,448
112669201,80.5581,96.4816,430,31220,0.0997072,0,1,1368177,1367747,430
112672121,41.7116,48.8963,425,31288,0.0759414,0,1,1368209,1367784,425
112675041,29.9423,9.77926,452,31356,0.0231883,0.01,1,1368236,1367784,452
112677961,63.5885,25.9559,494,31423,0.0286377,0.03,1,1368308,1367814,494
112680881,44.7177,61.9912,463,31490,0.0297275,0.05,1,1368348,1367885,463
112683801,45.7435,43.5982,470,31557,0.0459455,0.07,1,1368394,1367924,470
112686721,32.3487,47.9196,450,31624,0.0331891,0.03,1,1368423,1367973,450
112689641,25.6697,32.7839,445,31691,0.0306378,0.07,1,1368447,1368002,445
112692561,21.9339,25.7568,442,31758,0.0141276,0,1,1368468,1368026,442
112695481,36.3868,21.9514,461,31825,0.0588255,0.07,1,1368508,1368047,461
112698401,83.2774,34.7903,518,31891,0.0837651,0.11,1,1368603,1368085,518
112701321,39.0555,80.5581,454,31957,0.088753,0.07,1,1368631,1368177,454
112704241,29.4111,41.7116,449,32023,0.0897506,0.01,1,1368658,1368209,449
112707161,63.4822,29.9423,494,32089,0.0419501,0.03,1,1368730,1368236,494
112710081,45.4964,63.5885,463,32155,0.03239,0.03,1,1368771,1368308,463
112713001,44.2993,44.7177,467,32221,0.030478,0.05,1,1368815,1368348,467
112715921,34.4599,45.7435,453,32287,0.0460956,0.03,1,1368847,1368394,453
112718841,24.492,32.3487,446,32353,0.0652191,0.03,1,1368869,1368423,446
112721761,21.6984,25.6697,443,32418,0.0690438,0.01,1,1368890,1368447,443
112724681,38.7397,21.9339,465,32483,0.0698088,0.07,1,1368933,1368468,465
112727601,83.7479,36.3868,520,32548,0.101962,0.09,1,1369028,1368508,520
112730521,39.1496,83.2774,453,32613,0.108392,0.09,1,1369056,1368603,453
112733441,27.8299,39.0555,450,32678,0.141678,0.09,1,1369081,1368631,450
112736361,62.366,29.4111,494,32743,0.116336,0.03,1,1369152,1368658,494
112739281,14.0732,63.4822,424,32808,0.111267,0.03,1,1369154,1368730,424
112742201,34.0146,45.4964,422,32872,0.142253,0.03,1,1369193,1368771,422
112745121,42.8029,44.2993,423,32936,0.148451,0.05,1,1369238,1368815,423
112748041,35.7606,34.4599,425,33000,0.11769,0.07,1,1369272,1368847,425
112750961,25.5521,24.492,426,33064,0.111538,0.07,1,1369295,1368869,426
112753881,19.5104,21.6984,423,33128,0.126308,0.07,1,1369313,1368890,423
112756801,39.9021,38.7397,425,33192,0.0812615,0.11,1,1369358,1368933,425
112759721,85.5804,83.7479,427,33256,0.152252,0.11,1,1369455,1369028,427
112762641,40.3161,39.1496,428,33320,0.19845,0.15,1,1369484,1369056,428
112765561,28.8632,27.8299,429,33383,0.22369,0.11,1,1369510,1369081,429
112768481,60.9726,62.366,427,33446,0.228738,0.11,1,1369579,1369152,427
112771401,13.7945,14.0732,427,33509,0.245748,0.15,1,1369581,1369154,427
112774321,33.9589,34.0146,427,33572,0.26515,0.15,1,1369620,1369193,427
112777241,42.7918,42.8029,427,33635,0.26903,0.11,1,1369665,1369238,427
112780161,34.9584,35.7606,426,33698,0.285806,0.11,1,1369698,1369272,426
112783081,26.9917,25.5521,428,33761,0.273161,0.13,1,1369723,1369295,428
112786001,19.7983,19.5104,428,33824,0.238632,0.07,1,1369741,1369313,428
112788921,37.5597,39.9021,425,33887,0.231726,0.17,1,1369783,1369358,425
112791841,89.9119,85.5804,431,33949,0.326345,0.21,1,1369886,1369455,431
112794761,41.9824,40.3161,432,34011,0.313269,0.23,1,1369916,1369484,432
112797681,29.9965,28.8632,433,34073,0.358654,0.23,1,1369943,1369510,433
112800601,61.9993,60.9726,434,34135,0.351731,0.25,1,1370013,1369579,434
112803521,13.9999,13.7945,434,34197,0.350346,0.27,1,1370015,1369581,434
112806441,34.8,33.9589,435,34259,0.366069,0.27,1,1370055,1369620,435
112809361,42.16,6.79178,479,34321,0.353214,0.27,1,1370099,1369620,479
112812281,34.032,37.3584,466,34383,0.366643,0.29,1,1370131,1369665,466
112815201,26.0064,33.8717,457,34444,0.369329,0.27,1,1370155,1369698,457
112818121,19.6013,26.7743,450,34505,0.369866,0.23,1,1370173,1369723,450
112821041,38.3203,19.7549,475,34566,0.401973,0.23,1,1370216,1369741,475
112823961,92.4641,37.551,539,34627,0.440395,0.35,1,1370322,1369783,539
112826881,42.4928,89.9102,466,34688,0.464079,0.31,1,1370352,1369886,466
112829801,30.8986,41.982,464,34749,0.468816,0.37,1,1370380,1369916,464
112832721,61.3797,29.9964,506,34810,0.485763,0.35,1,1370449,1369943,506
112835641,13.8759,61.9993,438,34871,0.489153,0.35,1,1370451,1370013,438
112838561,35.5752,13.9999,477,34932,0.505831,0.37,1,1370492,1370015,477
112841481,43.115,34.8,482,34993,0.525166,0.35,1,1370537,1370055,482
112844401,35.023,42.16,471,35053,0.561033,0.37,1,1370570,1370099,471
112847321,26.2046,34.032,463,35113,0.568207,0.37,1,1370594,1370131,463
112850241,19.6409,26.0064,457,35173,0.569641,0.37,1,1370612,1370155,457
112853161,38.3282,19.6013,482,35233,0.585928,0.41,1,1370655,1370173,482
112856081,95.6656,38.3203,549,35293,0.637186,0.45,1,1370765,1370216,549
112859001,43.9331,92.4641,474,35353,0.679437,0.47,1,1370796,1370322,474
112861921,31.1866,42.4928,472,35413,0.687887,0.47,1,1370824,1370352,472
112864841,62.2373,30.8986,514,35473,0.705577,0.49,1,1370894,1370380,514
112867761,14.0475,61.3797,447,35533,0.709115,0.49,1,1370896,1370449,447
112870681,36.4095,13.8759,487,35592,0.725823,0.51,1,1370938,1370451,487
112873601,44.0819,35.5752,492,35651,0.761165,0.53,2,1370984,1370492,492
112876521,10.4164,43.115,449,35710,0.768233,0.57,2,1370986,1370537,449
112879441,29.2833,35.023,450,35769,0.785647,0.57,2,1371020,1370570,450
112882361,25.0567,26.2046,450,35828,0.853129,0.57,2,1371044,1370594,450
112885281,19.4113,19.6409,450,35887,0.834626,0.59,2,1371062,1370612,450
112888201,39.0823,38.3282,451,35946,0.830925,0.65,2,1371106,1370655,451
112891121,98.2165,95.6656,454,36005,0.862185,0.69,2,1371219,1370765,454
112894041,46.0433,43.9331,456,36064,0.900437,0.69,2,1371252,1370796,456
113108661,96,116,486,17761,0.37,0.57,1,1374229,1373743,486
113111581,91.2,81.6,503,17881,0.354,0.43,1,1374319,1373816,503
113114501,60.64,84.32,471,18000,0.3508,0.33,1,1374372,1373901,471
113117421,32.928,63.264,439,18118,0.36616,0.31,1,1374398,1373959,439
113120341,28.1856,25.4528,450,18235,0.353232,0.27,1,1374425,1373975,450
113123261,120.037,131.491,435,18351,0.478646,0.37,1,1374568,1374133,435
113126181,103.207,103.098,438,18467,0.487729,0.35,1,1374667,1374229,438
113129101,93.4415,92.6196,439,18582,0.585546,0.35,1,1374758,1374319,439
113132021,61.0883,60.9239,439,18696,0.589109,0.37,1,1374811,1374372,439
113134941,32.2177,32.9848,438,18810,0.605822,0.35,1,1374836,1374398,438
113137861,28.8435,28.197,439,18923,0.625164,0.51,1,1374864,1374425,439
113140781,124.969,120.039,445,19035,0.677033,0.49,1,1375013,1374568,445
113143701,104.994,103.208,446,19146,0.703407,0.61,1,1375113,1374667,446
113146621,97.7987,93.4416,451,19257,0.756681,0.59,2,1375209,1374758,451
113149541,61.9598,61.0883,451,19367,0.799336,0.61,2,1375262,1374811,451
113152461,31.592,32.2177,450,19477,0.855867,0.63,2,1375286,1374836,450
113155381,29.5184,28.8435,451,19586,0.883173,0.63,2,1375315,1374864,451
113158301,129.104,5.76871,605,19694,0.840635,0.69,2,1375469,1374864,605
113161221,105.821,120.354,556,19802,0.832127,0.71,2,1375569,1375013,556
113164141,101.164,104.071,556,19909,0.830425,0.77,2,1375669,1375113,556
113167061,63.4328,97.6142,514,20016,0.878085,0.81,2,1375723,1375209,514
113169981,32.6866,61.9228,486,20122,0.919617,0.87,2,1375748,1375262,486
113248821,52,39,518,22796,0.63,1,1,1377659,1377141,518
113251741,38.4,37.4,516,22889,0.598,1,1,1377694,1377178,516
113254661,116.48,38.68,613,22982,0.4636,1,1,1377830,1377217,613
113257581,111.296,122.136,580,23074,0.32472,1,1,1377940,1377360,580
113260501,48.6592,109.227,507,23166,0.264944,1,1,1377973,1377466,507
113263421,56.9318,48.2454,533,23258,0.268989,0.83,1,1378032,1377499,533
113266341,36.9864,64.8491,496,23349,0.301798,0.73,1,1378064,1377568,496
113269261,42.5973,44.1698,501,23440,0.27636,0.63,1,1378108,1377607,501
113272181,37.3195,50.434,485,23530,0.335272,0.59,1,1378144,1377659,485
113275101,110.664,38.0868,579,23620,0.363054,0.43,1,1378273,1377694,579
113278021,102.133,116.417,543,23710,0.400611,0.29,1,1378373,1377830,543
113280941,46.8266,111.283,466,23799,0.408122,0.25,1,1378406,1377940,466
113283861,58.9653,48.6567,495,23888,0.457624,0.27,1,1378468,1377973,495
113286781,37.3931,56.9313,468,23977,0.499525,0.31,1,1378500,1378032,468
113289701,9.07861,36.9863,438,24065,0.507905,0.27,1,1378502,1378064,438
113292621,37.0157,42.5973,438,24153,0.509581,0.35,1,1378546,1378108,438
113295541,37.8031,37.3195,440,24241,0.573916,0.37,1,1378584,1378144,440
113298461,112.361,110.664,442,24328,0.634783,0.41,1,1378715,1378273,442
113301381,103.272,102.133,443,24415,0.694957,0.41,1,1378816,1378373,443
113304301,46.2544,46.8266,442,24502,0.706991,0.47,1,1378848,1378406,442
113307221,61.2509,58.9653,445,24588,0.757398,0.51,2,1378913,1378468,445
113310141,39.4502,37.3931,447,24674,0.79948,0.51,2,1378947,1378500,447
113313061,9.49003,9.07861,447,24760,0.775896,0.51,2,1378949,1378502,447
113315981,37.098,37.0157,447,24846,0.835179,0.59,2,1378993,1378546,447
113318901,39.4196,37.8031,449,24931,0.831036,0.65,2,1379033,1378584,449
113321821,115.084,112.361,452,25016,0.830207,0.71,2,1379167,1378715,452
113324741,107.817,103.272,457,25101,0.878041,0.71,2,1379273,1378816,457
113327661,47.1634,46.2544,457,25185,0.887608,0.77,2,1379305,1378848,457
113330581,63.8327,61.2509,460,25269,0.921522,0.81,2,1379373,1378913,460
113333501,39.9665,39.4502,460,25353,0.896304,0.77,2,1379407,1378947,460
113336421,9.59331,9.49003,460,25437,0.891261,0.77,2,1379409,1378949,460
113339341,37.9187,1.89801,505,25520,0.874252,0.85,2,1379454,1378949,505
113342261,38.7837,35.5796,500,25603,0.85485,0.83,2,1379493,1378993,500
113345181,116.557,39.1159,596,25686,0.91497,0.83,2,1379629,1379033,596
113444461,39,31,506,28354,0.61,1,1,1381451,1380945,506
113447381,63,6.2,575,28429,0.45,1,1,1381520,1380945,575
113450301,107,97.24,573,28503,0.258,1,1,1381638,1381065,573
113453221,55,101.048,513,28577,0.2356,1,1,1381680,1381167,513
113456141,61.4,57.0096,530,28651,0.15112,0.88,1,1381743,1381213,530
113459061,34.68,54.6019,504,28725,0.054224,1,1,1381771,1381267,504
113461981,35.736,38.1204,506,28799,0.114845,0.95,1,1381807,1381301,506
113464901,31.9472,38.8241,498,28873,0.062969,0.87,1,1381838,1381340,498
113467821,31.1894,34.9648,495,28946,0.0525938,0.73,1,1381869,1381374,495
113470741,32.6379,37.393,490,29019,0.0665188,0.61,1,1381902,1381412,490
113473661,57.7276,38.6786,515,29092,0.101304,0.41,1,1381966,1381451,515
113476581,93.9455,62.9357,549,29165,0.0442608,0.21,1,1382069,1381520,549
113479501,47.5891,106.987,467,29238,0.160852,0.23,1,1382105,1381638,467
113482421,59.9178,54.9974,488,29310,0.18417,0.13,1,1382168,1381680,488
113485341,33.5836,61.3995,452,29382,0.172834,0.03,1,1382195,1381743,452
113488261,36.3167,34.6799,461,29454,0.154567,0.13,1,1382232,1381771,461
113491181,29.6633,35.736,453,29526,0.118913,0.05,1,1382260,1381807,453
113494101,31.5327,31.9472,454,29598,0.127783,0.05,1,1382292,1381838,454
113497021,33.5065,31.1894,457,29670,0.145557,0.07,1,1382326,1381869,457
113499941,59.5013,32.6379,490,29741,0.181111,0.11,1,1382392,1381902,490
113502861,96.7003,57.7276,532,29812,0.252222,0.03,1,1382498,1381966,532
113505781,20.9401,93.9455,431,29883,0.266444,0.19,1,1382500,1382069,431
113508701,32.988,47.5891,431,29954,0.317289,0.19,1,1382536,1382105,431
113511621,56.9976,59.9178,431,30025,0.375458,0.17,1,1382599,1382168,431
113514541,32.1995,33.5836,430,30095,0.435092,0.15,1,1382625,1382195,430
113517461,35.2399,36.3167,429,30165,0.415018,0.11,1,1382661,1382232,429
113520381,29.448,29.6633,429,30235,0.411004,0.13,1,1382689,1382260,429
113523301,30.6896,31.5327,428,30305,0.442201,0.15,1,1382720,1382292,428
113526221,34.9379,33.5065,430,30375,0.49644,0.19,1,1382756,1382326,430
113529141,62.1876,59.5013,433,30445,0.491288,0.27,1,1382825,1382392,433
113532061,101.238,96.7003,438,30515,0.538258,0.27,1,1382936,1382498,438
113534981,21.8475,20.9401,438,30584,0.547652,0.33,1,1382938,1382500,438
113537901,33.9695,32.988,439,30653,0.53353,0.39,1,1382975,1382536,439
113540821,59.5939,56.9976,442,30722,0.594706,0.45,1,1383041,1382599,442
113543741,32.7188,32.1995,442,30791,0.606941,0.41,1,1383067,1382625,442
113546661,35.3438,35.2399,442,30860,0.641388,0.41,1,1383103,1382661,442
113549581,29.4688,29.448,442,30929,0.680278,0.45,1,1383131,1382689,442
113552501,33.0938,30.6896,445,30997,0.688056,0.51,1,1383165,1382720,445
113555421,37.0187,34.9379,447,31065,0.689611,0.49,1,1383203,1382756,447
113558341,63.4037,62.1876,448,31133,0.721922,0.55,1,1383273,1382825,448
113561261,100.681,101.238,447,31201,0.760384,0.55,2,1383383,1382936,447
113564181,21.7361,21.8475,447,31269,0.736077,0.53,1,1383385,1382938,447
113567101,33.9472,33.9695,447,31337,0.747215,0.53,1,1383422,1382975,447
113570021,62.7894,6.7939,517,31405,0.733443,0.61,1,1383492,1382975,517
113572941,34.9579,54.1588,479,31472,0.730689,0.61,1,1383520,1383041,479
113575861,35.7916,31.6318,489,31539,0.778138,0.65,2,1383556,1383067,489
113578781,29.5583,35.1264,481,31606,0.787628,0.69,2,1383584,1383103,481
113581701,34.7117,29.4253,489,31673,0.789526,0.69,2,1383620,1383131,489
113584621,37.3423,33.0851,493,31740,0.805905,0.69,2,1383658,1383165,493
113587541,63.4685,37.017,525,31807,0.793181,0.73,2,1383728,1383203,525
113590461,102.294,63.4034,567,31874,0.806636,0.77,2,1383840,1383273,567
113593381,22.0587,100.681,459,31940,0.809327,0.73,2,1383842,1383383,459
113596301,33.2117,21.7361,493,32006,0.825866,0.75,2,1383878,1383385,493
113599221,63.4423,33.9472,527,32072,0.861173,0.73,2,1383949,1383422,527
113602141,35.0885,62.7894,485,32138,0.900235,0.73,2,1383977,1383492,485
113605061,38.2177,34.9579,496,32204,0.892047,0.79,2,1384016,1383520,496
113607981,30.0435,35.7916,488,32270,0.890409,0.79,2,1384044,1383556,488
113610901,34.8087,29.5583,496,32336,0.906082,0.79,2,1384080,1383584,496
113613821,38.9617,34.7117,500,32401,0.941216,0.81,2,1384120,1383620,500
113616741,62.1923,37.3423,530,32466,0.916243,0.79,2,1384188,1383658,530
113746681,76,64,505,15606,0.75,0.79,2,1386313,1385808,505
113749601,87.2,102.4,483,15742,0.798,0.65,2,1386403,1385920,483
113752521,48.64,62.88,469,15877,0.7916,0.71,2,1386442,1385973,469
113755441,35.328,34.976,473,16011,0.85432,0.71,2,1386474,1386001,473
113844501,38,0,518,19707,0.43,1,1,1389141,1388623,518
113847421,116.4,32.8,613,19815,0.206,0.99,1,1389277,1388664,613
113850341,50.48,111.36,516,19922,0.1292,1,1,1389311,1388795,516
113853261,34.896,54.272,507,20028,0.08184,1,1,1389342,1388835,507
113856181,37.3792,39.6544,509,20134,0.040368,0.88,1,1389380,1388871,509
113859101,143.476,39.1309,640,20239,0.0160736,0.57,1,1389550,1388910,640
113862021,55.8952,162.226,481,20344,0.0112147,0.43,1,1389584,1389103,481
113864941,107.979,62.8452,564,20448,0.090243,0.15,1,1389705,1389141,564
113867861,44.7958,121.369,457,20552,0.138049,0.11,1,1389734,1389277,457
113870781,32.1592,51.4738,452,20655,0.13161,0.07,1,1389763,1389311,452
113873701,37.6318,35.0948,460,20758,0.0663219,0.03,1,1389802,1389342,460
113876621,145.126,37.419,594,20860,0.0212644,0.01,1,1389974,1389380,594
113879541,55.4253,143.484,457,20962,0.0602529,0.01,1,1390007,1389550,457
113882461,12.6851,55.8968,425,21063,0.0680506,0.11,1,1390009,1389584,425
113885381,102.537,107.979,429,21164,0.0216101,0.15,1,1390134,1389705,429
113888301,42.1074,44.7959,427,21264,0.044322,0.13,1,1390161,1389734,427
113891221,30.8215,32.1592,426,21364,0.0968644,0.05,1,1390189,1389763,426
113894141,35.7643,37.6318,424,21463,0.0593729,0.01,1,1390226,1389802,424
113897061,143.953,145.126,423,21562,0.0358746,0.07,1,1390397,1389974,423
113899981,55.1906,55.4253,423,21660,0.0471749,0.07,1,1390430,1390007,423
113902901,12.6381,12.6851,423,21758,0.049435,0.01,1,1390432,1390009,423
113905821,102.528,102.537,423,21855,0.081887,0.05,1,1390557,1390134,423
113908741,42.9055,42.1074,424,21952,0.168377,0.11,1,1390585,1390161,424
113911661,31.7811,30.8215,425,22049,0.137675,0.05,1,1390614,1390189,425
113914581,35.1562,35.7643,424,22145,0.147535,0.03,1,1390650,1390226,424
113917501,143.031,143.953,423,22241,0.181507,0.05,1,1390820,1390397,423
113920421,55.0062,55.1906,423,22336,0.172301,0.05,1,1390853,1390430,423
113923341,12.6012,12.6381,423,22431,0.17046,0.09,1,1390855,1390432,423
113926261,105.72,102.528,427,22526,0.202092,0.09,1,1390984,1390557,427
113929181,44.3441,20.5055,456,22620,0.208418,0.19,1,1391013,1390557,456
113932101,32.0688,26.5011,457,22714,0.225684,0.13,1,1391042,1390585,457
113935021,35.2138,28.5002,464,22807,0.277137,0.15,1,1391078,1390614,464
113937941,143.043,34.5,598,22900,0.271427,0.19,1,1391248,1390650,598
113940861,55.8085,142.9,462,22993,0.286285,0.17,1,1391282,1390820,462
113943781,12.7617,54.98,431,23085,0.289257,0.17,1,1391284,1390853,431
113946701,107.352,12.596,560,23177,0.353851,0.21,1,1391415,1390855,560
113949621,45.4705,105.719,461,23268,0.39877,0.21,1,1391445,1390984,461
113952541,33.8941,44.3438,463,23359,0.439754,0.23,1,1391476,1391013,463
113955461,36.3788,32.0688,471,23450,0.479951,0.29,1,1391513,1391042,471
113958381,143.276,35.2138,605,23540,0.53599,0.27,1,1391683,1391078,605
113961301,56.6552,143.043,470,23630,0.611198,0.29,1,1391718,1391248,470
113964221,12.931,55.8085,438,23720,0.59424,0.29,1,1391720,1391282,438
113967141,109.786,12.7617,570,23809,0.558848,0.37,1,1391854,1391284,570
113970061,48.3572,107.352,472,23898,0.53577,0.41,1,1391887,1391415,472
113972981,36.0714,45.4705,475,23987,0.547154,0.45,1,1391920,1391445,475
113975901,8.81429,33.8941,446,24075,0.549431,0.49,1,1391922,1391476,446
113978821,31.3629,36.3788,446,24163,0.565886,0.55,1,1391959,1391513,446
113981741,146.273,143.276,451,24251,0.633177,0.63,1,1392134,1391683,451
113984661,57.2545,56.6552,451,24338,0.710635,0.59,1,1392169,1391718,451
113987581,13.0509,12.931,451,24425,0.726127,0.55,1,1392171,1391720,451
113990501,108.21,109.786,449,24512,0.825225,0.53,2,1392303,1391854,449
113993421,47.242,48.3572,448,24598,0.813045,0.55,2,1392335,1391887,448
113996341,36.6484,36.0714,449,24684,0.842609,0.55,2,1392369,1391920,449
113999261,8.92968,8.81429,449,24770,0.816522,0.57,2,1392371,1391922,449
114002181,32.9859,31.3629,451,24856,0.875304,0.65,2,1392410,1391959,451
114116061,33,47,486,27987,0.83,1,2,1394717,1394231,486
114118981,33.8,33.4,490,28063,0.766,1,2,1394751,1394261,490
114121901,38.76,33.08,497,28138,0.6572,1,1,1394791,1394294,497
114124821,25.352,25.016,496,28213,0.60344,0.98,1,1394813,1394317,496
114127741,126.67,139.403,480,28288,0.384688,0.97,1,1394965,1394485,480
114130661,52.5341,55.8806,479,28363,0.324938,0.97,1,1394999,1394520,479
114133581,32.1068,11.1761,506,28438,0.264988,0.95,1,1395026,1394520,506
114136501,31.2214,31.8352,500,28512,0.236997,0.93,1,1395057,1394557,500
114139421,74.2443,32.767,552,28586,0.135399,0.89,1,1395142,1394590,552
114142341,42.0489,81.7534,492,28660,0.13108,0.83,1,1395176,1394684,492
114145261,33.2098,42.7507,490,28734,0.146216,0.75,1,1395207,1394717,490
114148181,36.242,35.7501,493,28808,0.213243,0.63,1,1395244,1394751,493
114151101,20.0484,39.15,469,28881,0.194649,0.59,1,1395260,1394791,469
114154021,116.81,25.43,588,28954,0.17493,0.33,1,1395401,1394813,588
114156941,49.7619,126.686,469,29027,0.186986,0.31,1,1395434,1394965,469
114159861,29.9524,52.5372,460,29100,0.173397,0.25,1,1395459,1394999,460
114162781,29.1905,32.1074,462,29173,0.202679,0.23,1,1395488,1395026,462
114165701,69.8381,31.2215,511,29246,0.240536,0.11,1,1395568,1395057,511
114168621,42.7676,74.2443,462,29318,0.296107,0.13,1,1395604,1395142,462
114171541,33.3535,42.0489,459,29390,0.339221,0.15,1,1395635,1395176,459
114174461,37.8707,33.2098,467,29462,0.331844,0.23,1,1395674,1395207,467
114177381,20.3741,36.242,446,29534,0.330369,0.19,1,1395690,1395244,446
114180301,116.075,20.0484,570,29606,0.362074,0.17,1,1395830,1395260,570
114183221,50.415,116.81,463,29677,0.400415,0.19,1,1395864,1395401,463
114186141,30.083,49.7619,455,29748,0.440083,0.17,1,1395889,1395434,455
114189061,30.0166,29.9524,460,29819,0.448017,0.21,1,1395919,1395459,460
114191981,7.60332,29.1905,433,29890,0.449603,0.25,1,1395921,1395488,433
114194901,67.1207,69.8381,435,29961,0.481921,0.31,1,1396003,1395568,435
114197821,47.8241,42.7676,442,30032,0.488384,0.35,1,1396046,1395604,442
114200741,31.9648,33.3535,439,30102,0.505677,0.33,1,1396074,1395635,439
114203661,36.793,37.8707,438,30172,0.525135,0.33,1,1396112,1395674,438
114206581,20.1586,20.3741,438,30242,0.529027,0.37,1,1396128,1395690,438
114209501,117.632,116.075,440,30312,0.673805,0.41,1,1396270,1395830,440
114212421,53.1263,50.415,443,30382,0.686761,0.45,1,1396307,1395864,443
114215341,31.4253,30.083,444,30452,0.689352,0.45,1,1396333,1395889,444
114218261,30.2851,30.0166,444,30521,0.68987,0.45,1,1396363,1395919,444
114221181,7.65701,7.60332,444,30590,0.657974,0.49,1,1396365,1395921,444
114224101,67.1314,67.1207,444,30659,0.715595,0.49,1,1396447,1396003,444
114227021,50.2263,47.8241,447,30728,0.727119,0.51,1,1396493,1396046,447
114229941,33.2453,31.9648,448,30797,0.729424,0.53,1,1396522,1396074,448
114232861,37.0491,36.793,448,30866,0.745885,0.53,1,1396560,1396112,448
114235781,21.8098,20.1586,450,30935,0.717177,0.71,1,1396578,1396128,450
114238701,121.962,117.632,455,31003,0.823435,0.69,2,1396725,1396270,455
114241621,53.1924,53.1263,454,31071,0.860687,0.69,2,1396761,1396307,454
114244541,31.4385,31.4253,454,31139,0.884137,0.69,2,1396787,1396333,454
114247461,31.0877,30.2851,455,31207,0.888828,0.65,2,1396818,1396363,455
114250381,7.81754,7.65701,455,31275,0.889766,0.73,2,1396820,1396365,455
114253301,68.7635,67.1314,457,31343,0.857953,0.73,2,1396904,1396447,457
114256221,48.9527,13.4263,501,31411,0.835591,0.73,2,1396948,1396447,501
114259141,33.7905,39.4853,485,31478,0.863118,0.73,2,1396978,1396493,485
114262061,37.1581,31.0971,494,31545,0.836624,0.75,2,1397016,1396522,494
114264981,21.8316,36.6194,474,31612,0.863325,0.71,2,1397034,1396560,474
114387621,38,0,530,34310,0.89,1,2,1398959,1398429,530
114390541,30,16.8,537,34372,0.826,1,2,1398987,1398450,537
114393461,93.2,27.36,616,34434,0.7012,1,1,1399096,1398480,616
114396381,49.04,116.672,515,34495,0.67624,1,1,1399134,1398619,515
114399301,33.808,51.3344,510,34556,0.623248,1,1,1399164,1398654,510
114402221,33.9616,43.8669,502,34617,0.62865,1,1,1399198,1398696,502
114405141,34.7923,32.7734,507,34678,0.56573,0.95,1,1399233,1398726,507
114408061,38.9585,28.9547,519,34739,0.505146,1,1,1399273,1398754,519
114410981,47.7917,47.3909,517,34800,0.445029,1,1,1399323,1398806,517
114413901,38.3583,43.8782,510,34861,0.417006,0.93,1,1399359,1398849,510
114416821,30.8717,39.9756,500,34922,0.427401,0.92,1,1399388,1398888,500
114419741,33.3743,34.3951,501,34983,0.41348,0.89,1,1399422,1398921,501
114422661,26.6749,37.279,488,35043,0.442696,0.81,1,1399447,1398959,488
114425581,85.335,29.8558,560,35103,0.560539,0.67,1,1399547,1398987,560
114428501,47.467,93.1712,489,35163,0.520108,0.67,1,1399585,1399096,489
114431421,31.8934,49.0342,479,35223,0.560022,0.61,1,1399613,1399134,479
114434341,35.1787,33.8068,485,35283,0.504004,0.63,1,1399649,1399164,485
114437261,31.8357,33.9614,482,35343,0.508801,0.55,1,1399680,1399198,482
114440181,35.9671,34.7923,484,35403,0.49376,0.49,1,1399717,1399233,484
114443101,47.1934,38.9585,494,35463,0.570752,0.43,1,1399767,1399273,494
114446021,35.8387,47.7917,477,35523,0.55415,0.41,1,1399800,1399323,477
114448941,29.5677,38.3583,469,35583,0.55083,0.43,1,1399828,1399359,469
114451861,33.9135,30.8717,475,35642,0.566166,0.41,1,1399863,1399388,475
114454781,8.38271,33.3743,443,35701,0.569233,0.45,1,1399865,1399422,443
114457701,22.4765,26.6749,444,35760,0.601847,0.59,1,1399891,1399447,444
114460621,88.4953,85.335,449,35819,0.592369,0.51,1,1399996,1399547,449
114463541,48.0991,47.467,449,35878,0.590474,0.57,1,1400034,1399585,449
114466461,31.2198,31.8934,448,35937,0.638095,0.49,1,1400061,1399613,448
114469381,35.044,35.1787,448,35996,0.679619,0.51,1,1400097,1399649,448
114472301,29.4088,31.8357,445,36055,0.719924,0.49,1,1400125,1399680,445
114475221,37.0818,35.9671,447,36114,0.727985,0.59,1,1400164,1399717,447
114478141,49.0164,47.1934,449,36173,0.777597,0.55,2,1400216,1399767,449
114481061,36.2033,35.8387,449,36231,0.803519,0.55,2,1400249,1399800,449
114483981,29.6407,29.5677,449,36289,0.808704,0.57,2,1400277,1399828,449
114486901,34.7281,33.9135,450,36347,0.857741,0.57,2,1400313,1399863,450
114489821,8.54563,8.38271,450,36405,0.867548,0.61,2,1400315,1399865,450
114492741,22.5091,22.4765,450,36463,0.85351,0.59,2,1400341,1399891,450
114495661,89.3018,88.4953,451,36521,0.866702,0.59,2,1400447,1399996,451
114498581,48.2604,48.0991,451,36579,0.91734,0.65,2,1400485,1400034,451
114501501,32.8521,31.2198,453,36637,0.911468,0.69,2,1400514,1400061,453
114504421,36.1704,35.044,454,36695,0.926294,0.73,2,1400551,1400097,454
114627061,24,24,488,39039,0.77,1,2,1402170,1401682,488
114629981,29.6,28.8,489,39093,0.77,1,2,1402201,1401712,489
114632901,28.32,26.56,491,39147,0.754,1,2,1402229,1401738,491
114635821,23.264,24.512,489,39201,0.7828,1,2,1402251,1401762,489
114638741,74.2528,77.7024,485,39255,0.70856,1,1,1402338,1401853,485
114641661,48.4506,46.7405,488,39309,0.629712,1,1,1402380,1401892,488
114644581,33.6901,27.7481,495,39363,0.581942,1,1,1402410,1401915,495
114647501,21.938,31.9496,481,39417,0.524388,1,1,1402429,1401948,481
114650421,25.9876,31.1899,477,39471,0.528878,0.93,1,1402456,1401979,477
114653341,31.5975,31.838,478,39525,0.577776,1,1,1402489,1402011,478
114656261,32.7195,36.7676,473,39578,0.507555,0.95,1,1402522,1402049,473
114659181,33.7439,42.5535,463,39631,0.509511,0.85,1,1402556,1402093,463
114662101,51.5488,50.9107,466,39684,0.557902,0.77,1,1402612,1402146,466
114665021,29.5098,29.3821,466,39737,0.61558,0.77,1,1402636,1402170,466
114667941,29.102,30.6764,464,39790,0.611116,0.75,1,1402665,1402201,464
114670861,27.4204,28.5353,463,39843,0.626223,0.79,1,1402692,1402229,463
114673781,21.4841,23.3071,461,39896,0.613245,0.69,1,1402712,1402251,461
114676701,70.6968,74.2614,457,39949,0.690649,0.61,1,1402795,1402338,457
114679621,41.3394,48.4523,449,40002,0.70613,0.57,1,1402829,1402380,449
114682541,32.2679,33.6905,449,40055,0.709226,0.51,1,1402859,1402410,449
114685461,20.8536,21.9381,448,40108,0.693845,0.51,1,1402877,1402429,448
114688381,24.1707,4.38762,473,40161,0.674769,0.53,1,1402902,1402429,473
114691301,32.8341,22.4775,481,40214,0.734954,0.59,1,1402937,1402456,481
114694221,30.5668,30.8955,478,40267,0.746991,0.49,1,1402967,1402489,478
114697141,34.1134,32.5791,480,40319,0.765398,0.51,2,1403002,1402522,480
114700061,54.0227,33.7158,505,40371,0.78508,0.57,2,1403061,1402556,505
114702981,30.8045,51.5432,474,40423,0.789016,0.63,2,1403086,1402612,474
114705901,30.1609,29.5086,480,40475,0.821803,0.61,2,1403116,1402636,480
114708821,28.4322,29.1017,479,40527,0.828361,0.63,2,1403144,1402665,479
114711741,20.8864,27.4203,471,40579,0.813672,0.61,2,1403163,1402692,471
114714661,72.9773,21.4841,537,40631,0.778734,0.71,2,1403249,1402712,537
114717581,43.3955,70.6968,490,40683,0.787747,0.71,2,1403285,1402795,490
114720501,33.4791,41.3394,487,40735,0.821549,0.71,2,1403316,1402829,487
114723421,21.0958,32.2679,475,40787,0.82831,0.69,2,1403334,1402859,475
114726341,24.2192,20.8536,482,40839,0.829662,0.67,2,1403359,1402877,482
114729261,33.6438,24.1707,493,40891,0.877932,0.75,2,1403395,1402902,493
114732181,30.7288,32.8341,488,40943,0.887587,0.75,2,1403425,1402937,488
114735101,35.7458,30.5668,495,40995,0.921517,0.77,2,1403462,1402967,495
114749701,18,28,480,41250,0.93,0.81,2,1403624,1403144,480
114916141,40,30,523,44071,0.67,1,1,1405590,1405067,523
114919061,63.2,54.8,531,44119,0.606,1,1,1405659,1405128,531
114921981,35.84,46.96,515,44167,0.5452,1,1,1405688,1405173,515
114924901,28.768,42.192,501,44215,0.50104,1,1,1405715,1405214,501
114927821,38.5536,33.2384,511,44263,0.492208,0.96,1,1405756,1405245,511
114930741,17.3107,31.4477,492,44311,0.410442,1,1,1405768,1405276,492
114933661,13.8621,16.6895,492,44359,0.410088,1,1,1405781,1405289,492
114936581,31.5724,18.5379,509,44407,0.378018,1,1,1405817,1405308,509
114939501,31.1145,34.1076,502,44455,0.307604,1,1,1405848,1405346,502
114942421,7.8229,34.0215,470,44502,0.325521,0.98,1,1405850,1405380,470
114945341,24.7646,29.2043,471,44549,0.361104,0.97,1,1405879,1405408,471
114948261,25.7529,32.2409,464,44596,0.352221,0.99,1,1405905,1405441,464
114951181,30.7506,32.8482,463,44643,0.334444,0.81,1,1405937,1405474,463
114954101,39.7501,39.3696,464,44690,0.330889,0.75,1,1405979,1405515,464
114957021,29.55,35.8739,456,44737,0.362178,0.67,1,1406006,1405550,456
114959941,34.71,39.1748,452,44784,0.368436,0.59,1,1406042,1405590,452
114962861,61.342,63.035,451,44831,0.417687,0.53,1,1406110,1405659,451
114965781,33.0684,35.807,448,44878,0.395537,0.49,1,1406136,1405688,448
114968701,26.6137,28.7614,446,44925,0.439107,0.49,1,1406161,1405715,446
114971621,34.1227,38.5523,441,44972,0.447821,0.39,1,1406197,1405756,441
114974541,18.0245,17.3105,443,45019,0.465564,0.41,1,1406211,1405768,443
114977461,10.8049,13.8621,439,45066,0.453113,0.37,1,1406220,1405781,439
114980381,30.961,31.5724,439,45113,0.498623,0.29,1,1406256,1405817,439
114983301,29.3922,31.1145,437,45160,0.491725,0.33,1,1406285,1405848,437
114986221,7.47844,7.8229,437,45207,0.490345,0.37,1,1406287,1405850,437
114989141,23.0957,24.7646,435,45254,0.506069,0.35,1,1406314,1405879,435
114992061,27.0191,25.7529,437,45301,0.525214,0.33,1,1406342,1405905,437
114994981,30.2038,30.7506,436,45348,0.577043,0.33,1,1406373,1405937,436
114997901,39.6408,39.7501,436,45395,0.523409,0.37,1,1406415,1405979,436
115000821,32.7282,29.55,440,45441,0.560682,0.37,1,1406446,1406006,440
115003741,32.1456,34.71,436,45487,0.600136,0.43,1,1406478,1406042,436
115006661,64.8291,61.342,441,45533,0.640027,0.39,1,1406551,1406110,441
115009581,33.7658,33.0684,441,45579,0.696005,0.45,1,1406577,1406136,441
115012501,29.1532,26.6137,444,45625,0.723201,0.45,1,1406605,1406161,444
115015421,33.8306,34.1227,443,45671,0.71264,0.47,1,1406640,1406197,443
115018341,17.9661,18.0245,443,45717,0.742528,0.45,1,1406654,1406211,443
115021261,11.5932,10.8049,444,45763,0.732506,0.51,1,1406664,1406220,444
115024181,31.9186,30.961,445,45809,0.714501,0.49,1,1406701,1406256,445
115027101,30.3837,29.3922,446,45855,0.7429,0.49,1,1406731,1406285,446
115030021,7.67675,7.47844,446,45901,0.74858,0.51,1,1406733,1406287,446
115032941,22.3354,23.0957,445,45947,0.765716,0.51,2,1406759,1406314,445
115035861,26.8671,4.61914,473,45993,0.737143,0.53,1,1406787,1406314,473
115038781,32.5734,23.3238,479,46039,0.763429,0.59,2,1406821,1406342,479
115041701,39.3147,29.4648,489,46085,0.768686,0.51,2,1406862,1406373,489
115044621,35.0629,39.493,481,46131,0.785737,0.57,2,1406896,1406415,481
115047541,33.4126,32.6986,483,46177,0.821147,0.61,2,1406929,1406446,483
115050461,66.6825,32.1397,526,46223,0.860229,0.65,2,1407004,1406478,526
115053381,34.9365,64.8279,480,46269,0.868046,0.71,2,1407031,1406551,480
115056301,30.1873,33.7656,483,46315,0.869609,0.73,2,1407060,1406577,483
115059221,34.8375,29.1531,491,46361,0.869922,0.71,2,1407096,1406605,491
115062141,18.9675,33.8306,471,46406,0.853984,0.75,2,1407111,1406640,471
115065061,11.7935,17.9661,467,46451,0.850797,0.73,2,1407121,1406654,467
115067981,31.1587,11.5932,493,46496,0.850159,0.71,2,1407157,1406664,493
115070901,30.2317,31.9186,486,46541,0.866032,0.75,2,1407187,1406701,486
115073821,7.64635,30.3837,458,46586,0.869206,0.75,2,1407189,1406731,458
115076741,23.1293,7.67675,483,46631,0.869841,0.77,2,1407216,1406733,483
115079661,27.0259,22.3354,485,46676,0.869968,0.73,2,1407244,1406759,485
115082581,34.2052,26.8671,493,46721,0.901994,0.77,2,1407280,1406787,493
115085501,41.241,32.5734,502,46766,0.924399,0.77,2,1407323,1406821,502
115088421,34.6482,39.3147,494,46811,0.92888,0.79,2,1407356,1406862,494
115091341,34.9296,35.0629,495,46856,0.945776,0.83,2,1407391,1406896,495
115291361,144,174,428,21900,0.03,0.03,1,1409805,1409377,428
115294281,93.6,67.6,468,22724,0.062,0.03,1,1409886,1409418,468
115297201,82.72,64.72,484,22817,0.1004,0.01,1,1409966,1409482,484
115300121,56.544,83.344,446,22910,0.04408,0.03,1,1410016,1409570,446
115303041,64.9088,58.2688,461,23003,0.048816,0.09,1,1410083,1409622,461
115305961,26.5818,42.8538,439,23095,0.0337632,0.05,1,1410100,1409661,439
115308881,26.1164,30.1708,438,23187,0.0307526,0.03,1,1410126,1409688,438
115311801,33.2233,27.6342,446,23278,0.0621505,0.03,1,1410161,1409715,446
115314721,123.445,77.5268,502,23369,0.0524301,0.07,1,1410307,1409805,502
115317641,89.4889,80.3054,502,23460,0.050486,0.11,1,1410388,1409886,502
115320561,59.4978,80.0611,474,23550,0.0500972,0.03,1,1410440,1409966,474
115323481,64.6996,56.0122,490,23640,0.0820194,0.05,1,1410506,1410016,490
115326401,27.3399,64.8024,441,23730,0.104404,0.03,1,1410524,1410083,441
115329321,27.068,26.5605,451,23819,0.0928808,0.03,1,1410551,1410100,451
115332241,32.6136,26.1121,459,23908,0.106576,0.07,1,1410585,1410126,459
115335161,8.12272,33.2224,426,23997,0.109315,0.05,1,1410587,1410161,426
115338081,115.225,123.444,422,24085,0.189863,0.05,1,1410729,1410307,422
115341001,90.2449,89.4889,425,24173,0.0619726,0.05,1,1410813,1410388,425
115343921,58.049,59.4978,423,24261,0.0843945,0.09,1,1410863,1410440,423
115346841,67.6098,64.6996,427,24348,0.0888789,0.11,1,1410933,1410506,427
115349761,27.922,27.3399,427,24435,0.0897758,0.09,1,1410951,1410524,427
115352681,26.3844,27.068,426,24522,0.0579552,0.11,1,1410977,1410551,426
115355601,33.2769,32.6136,427,24608,0.051591,0.11,1,1411012,1410585,427
115358521,8.25538,8.12272,427,24694,0.0503182,0.21,1,1411014,1410587,427
115361441,116.051,115.225,428,24780,0.130064,0.03,1,1411157,1410729,428
115364361,86.4102,90.2449,423,24866,0.162013,0.09,1,1411236,1410813,423
115367281,58.082,58.049,424,24951,0.232403,0.09,1,1411287,1410863,424
115370201,67.6164,67.6098,424,25036,0.26248,0.09,1,1411357,1410933,424
115373121,27.9233,27.922,424,25121,0.268496,0.05,1,1411375,1410951,424
115376041,27.1847,26.3844,425,25205,0.269699,0.05,1,1411402,1410977,425
115378961,32.6369,33.2769,424,25289,0.33394,0.05,1,1411436,1411012,424
115381881,8.12739,8.25538,424,25373,0.314788,0.15,1,1411438,1411014,424
115384801,120.025,116.051,429,25457,0.358958,0.15,1,1411586,1411157,429
115387721,88.0051,23.2102,509,25540,0.303792,0.17,1,1411666,1411157,509
115390641,59.201,67.842,482,25623,0.308758,0.25,1,1411718,1411236,482
115393561,68.6402,54.3684,502,25706,0.325752,0.27,1,1411789,1411287,502
115396481,28.128,66.8737,450,25788,0.32915,0.27,1,1411807,1411357,450
115399401,29.6256,27.7747,462,25870,0.34583,0.27,1,1411837,1411375,462
115402321,33.9251,27.1549,470,25952,0.381166,0.35,1,1411872,1411402,470
115405241,8.38502,32.631,438,26034,0.388233,0.31,1,1411874,1411436,438
115408161,120.877,8.1262,585,26115,0.437647,0.37,1,1412023,1411438,585
115411081,88.1754,120.025,517,26196,0.495529,0.29,1,1412103,1411586,517
115414001,58.4351,88.005,488,26277,0.523106,0.31,1,1412154,1411666,488
115416921,69.287,59.201,508,26358,0.608621,0.33,1,1412226,1411718,508
115419841,28.2574,68.6402,455,26438,0.641724,0.33,1,1412244,1411789,455
115422761,30.4515,28.128,468,26518,0.664345,0.35,1,1412275,1411807,468
115425681,35.6903,29.6256,475,26598,0.684869,0.39,1,1412312,1411837,475
115428601,8.73806,33.9251,442,26678,0.688974,0.39,1,1412314,1411872,442
115431521,124.148,8.38502,593,26757,0.753795,0.45,2,1412467,1411874,593
115434441,90.4295,120.877,526,26836,0.782759,0.51,2,1412549,1412023,526
115437361,59.6859,88.1754,498,26915,0.788552,0.53,2,1412601,1412103,498
115440281,13.5372,58.4351,449,26994,0.78971,0.63,2,1412603,1412154,449
115443201,64.3074,69.287,454,27072,0.853942,0.65,2,1412680,1412226,454
115446121,27.2615,28.2574,454,27150,0.834788,0.67,2,1412698,1412244,454
115449041,31.0523,30.4515,455,27228,0.862958,0.69,2,1412730,1412275,455
115451961,36.6105,35.6903,456,27306,0.804592,0.69,2,1412768,1412312,456
115454881,8.92209,8.73806,456,27384,0.808918,0.77,2,1412770,1412314,456
115457801,128.184,124.148,461,27461,0.825784,0.79,2,1412928,1412467,461
115460721,91.2369,90.4295,461,27538,0.909157,0.79,2,1413010,1412549,461
115583361,30,30,498,30599,0.59,1,1,1415114,1414616,498
115586281,32.4,27.6,504,30668,0.526,1,1,1415147,1414643,504
115589201,22.48,27.12,497,30737,0.5292,1,1,1415167,1414670,497
115592121,24.496,32.624,488,30806,0.52984,1,1,1415192,1414704,488
115595041,93.6992,96.1248,487,30875,0.449968,1,1,1415303,1414816,487
115597961,71.5398,82.425,474,30944,0.449994,0.88,1,1415369,1414895,474
115600881,64.708,78.085,460,31012,0.385999,0.79,1,1415432,1414972,460
115603801,36.1416,43.617,454,31080,0.4052,0.81,1,1415461,1415007,454
115606721,36.8283,36.7234,456,31148,0.42504,0.59,1,1415498,1415042,456
115609641,41.7657,40.9447,457,31216,0.413008,0.59,1,1415541,1415084,457
115612561,30.7531,32.1889,455,31284,0.442602,0.59,1,1415569,1415114,455
115615481,30.9506,6.43779,486,31352,0.43252,0.51,1,1415600,1415114,486
115618401,17.3901,27.6876,467,31419,0.462504,0.53,1,1415614,1415147,467
115621321,21.878,21.5375,470,31486,0.420501,0.53,1,1415637,1415167,470
115624241,88.3756,24.3075,550,31553,0.4441,0.43,1,1415742,1415192,550
115627161,69.6751,93.6615,504,31620,0.40082,0.45,1,1415807,1415303,504
115630081,65.935,71.5323,503,31687,0.472164,0.37,1,1415872,1415369,503
115633001,35.587,64.7065,468,31754,0.486433,0.41,1,1415900,1415432,468
115635921,40.7174,36.1413,481,31821,0.521287,0.43,1,1415942,1415461,481
115638841,40.1435,36.8283,484,31887,0.544257,0.41,1,1415982,1415498,484
115641761,30.4287,41.7657,469,31953,0.548851,0.45,1,1416010,1415541,469
115644681,31.6857,30.7531,473,32019,0.54977,0.43,1,1416042,1415569,473
115647601,17.5371,30.9506,456,32085,0.565954,0.47,1,1416056,1415600,456
115650521,19.5074,17.3901,462,32151,0.601191,0.41,1,1416076,1415614,462
115653441,89.5015,21.878,546,32217,0.672238,0.45,1,1416183,1415637,546
115656361,71.5003,88.3756,508,32283,0.702448,0.39,1,1416250,1415742,508
115659281,66.3001,69.6751,508,32349,0.75649,0.49,2,1416315,1415807,508
115662201,37.26,65.935,473,32414,0.767298,0.49,2,1416345,1415872,473
115665121,43.452,35.587,490,32479,0.80146,0.53,2,1416390,1415900,490
115668041,40.6904,40.7174,488,32544,0.824292,0.55,2,1416430,1415942,488
115670961,30.5381,40.1435,476,32609,0.828858,0.55,2,1416458,1415982,476
115673881,32.5076,30.4287,481,32674,0.845772,0.55,2,1416491,1416010,481
115676801,17.7015,31.6857,463,32739,0.849154,0.57,2,1416505,1416042,463
115679721,5.1403,17.5371,451,32804,0.849831,0.61,2,1416507,1416056,451
115682641,18.6281,19.5074,453,32868,0.849966,0.69,2,1416529,1416076,453
115685561,91.7256,89.5015,456,32932,0.865993,0.71,2,1416639,1416183,456
115688481,73.5451,71.5003,458,32996,0.885199,0.77,2,1416708,1416250,458
115691401,68.309,66.3001,460,33060,0.84104,0.77,2,1416775,1416315,460
115694321,37.6618,37.26,460,33124,0.832208,0.81,2,1416805,1416345,460
115697241,45.1324,43.452,462,33188,0.846442,0.83,2,1416852,1416390,462
115700161,41.8265,40.6904,463,33252,0.865288,0.83,2,1416893,1416430,463
115703081,30.7653,30.5381,463,33316,0.917058,0.85,2,1416921,1416458,463
115854921,56,49,511,36469,0.63,1,1,1419109,1418598,511
115857841,48.8,73.8,478,36527,0.534,1,1,1419156,1418678,478
115860761,49.76,44.36,491,36585,0.4828,1,1,1419206,1418715,491
115863681,43.552,37.672,497,36643,0.36056,1,1,1419248,1418751,497
115866601,33.5104,47.5344,478,36701,0.352112,0.98,1,1419279,1418801,478
115869521,39.5021,40.7069,480,36759,0.382422,1,1,1419320,1418840,480
115872441,27.1004,29.7414,477,36816,0.340484,0.98,1,1419344,1418867,477
115875361,35.0201,30.7483,483,36873,0.252097,0.98,1,1419381,1418898,483
115878281,27.804,36.5497,471,36930,0.250419,0.88,1,1419407,1418936,471
115881201,23.1608,28.9099,466,36987,0.234084,0.85,1,1419429,1418963,466
115884121,44.6322,48.982,462,37044,0.214817,0.87,1,1419479,1419017,462
115887041,36.1264,38.5964,460,37101,0.290963,0.63,1,1419513,1419053,460
115889961,43.2253,52.5193,449,37158,0.274193,0.63,1,1419558,1419109,449
115892881,43.8451,10.5039,493,37215,0.270839,0.51,1,1419602,1419109,493
115895801,47.169,39.7008,494,37272,0.238168,0.47,1,1419650,1419156,494
115898721,37.4338,47.9402,479,37329,0.247634,0.33,1,1419685,1419206,479
115901641,31.4868,43.188,467,37386,0.281527,0.35,1,1419715,1419248,467
115904561,37.4974,33.4376,475,37443,0.272305,0.39,1,1419754,1419279,475
115907481,26.6995,39.4875,458,37499,0.286461,0.33,1,1419778,1419320,458
115910401,34.9399,27.0975,471,37555,0.305292,0.23,1,1419815,1419344,471
115913321,24.588,35.0195,456,37611,0.309058,0.25,1,1419837,1419381,456
115916241,23.3176,27.8039,453,37667,0.325812,0.23,1,1419860,1419407,453
115919161,46.2635,23.1608,483,37723,0.409162,0.21,1,1419912,1419429,483
115922081,36.4527,44.6322,467,37779,0.425832,0.31,1,1419946,1419479,467
115925001,42.4905,36.1264,477,37835,0.429166,0.27,1,1419990,1419513,477
115927921,45.2981,43.2253,478,37891,0.461833,0.27,1,1420036,1419558,478
115930841,45.8596,43.8451,480,37947,0.500367,0.23,1,1420082,1419602,480
115933761,37.9719,47.169,468,38003,0.540073,0.25,1,1420118,1419650,468
115936681,31.5944,37.4338,463,38059,0.564015,0.29,1,1420148,1419685,463
115939601,39.1189,31.4868,474,38115,0.568803,0.27,1,1420189,1419715,474
115942521,28.6238,37.4974,461,38170,0.585761,0.29,1,1420215,1419754,461
115945441,34.5248,26.6995,473,38225,0.605152,0.31,1,1420251,1419778,473
115948361,24.505,34.9399,458,38280,0.62503,0.31,1,1420273,1419815,458
115951281,23.301,24.588,459,38335,0.613006,0.33,1,1420296,1419837,459
115954201,51.0602,23.3176,494,38390,0.626601,0.43,1,1420354,1419860,494
115957121,37.412,46.2635,476,38445,0.62932,0.43,1,1420388,1419912,476
115960041,43.4824,36.4527,487,38500,0.677864,0.43,1,1420433,1419946,487
115962961,46.2965,42.4905,490,38555,0.639573,0.47,1,1420480,1419990,490
115965881,47.6593,45.2981,492,38610,0.631915,0.51,1,1420528,1420036,492
115968801,11.1319,45.8596,448,38665,0.630383,0.55,1,1420530,1420082,448
115971721,32.6264,37.9719,450,38720,0.678077,0.57,1,1420568,1420118,450
115974641,31.3253,31.5944,451,38775,0.719615,0.57,1,1420599,1420148,451
115977561,38.2651,39.1189,450,38829,0.695923,0.59,1,1420639,1420189,450
115980481,29.253,28.6238,451,38883,0.675185,0.61,1,1420666,1420215,451
115983401,35.4506,34.5248,452,38937,0.687037,0.63,1,1420703,1420251,452
115986321,25.4901,24.505,453,38991,0.673407,0.61,1,1420726,1420273,453
115989241,22.698,23.301,452,39045,0.670681,0.63,1,1420748,1420296,452
115992161,51.7396,51.0602,453,39099,0.718136,0.63,1,1420807,1420354,453
115995081,39.1479,37.412,455,39153,0.791627,0.69,2,1420843,1420388,455
115998001,43.0296,43.4824,454,39207,0.806325,0.63,2,1420887,1420433,454
116000921,45.4059,46.2965,453,39261,0.793265,0.63,2,1420933,1420480,453
116003841,47.4812,47.6593,453,39315,0.790653,0.63,2,1420981,1420528,453
116006761,11.0962,11.1319,453,39369,0.790131,0.69,2,1420983,1420530,453
116009681,35.8192,32.6264,457,39423,0.806026,0.73,2,1421025,1420568,457
116012601,31.1638,31.3253,456,39477,0.841205,0.69,2,1421055,1420599,456
116015521,38.2328,38.2651,456,39530,0.864241,0.67,2,1421095,1420639,456
116018441,28.4466,29.253,455,39583,0.868848,0.69,2,1421121,1420666,455
116021361,34.4893,35.4506,454,39636,0.86977,0.67,2,1421157,1420703,454
116024281,26.0979,25.4901,455,39689,0.869954,0.67,2,1421181,1420726,455
116027201,22.8196,22.698,455,39742,0.917991,0.73,2,1421203,1420748,455
116161521,38,22,507,42115,0.83,1,2,1422909,1422402,507
116164441,30,25.2,509,42165,0.766,1,2,1422937,1422428,509
116167361,26,28.24,505,42215,0.7532,1,2,1422962,1422457,505
116170281,18.8,30.448,491,42265,0.60664,1,1,1422979,1422488,491
116173201,30.96,27.6896,498,42315,0.561328,1,1,1423013,1422515,498
116176121,32.592,23.9379,508,42365,0.488266,1,1,1423046,1422538,508
116179041,20.1184,34.3876,488,42415,0.489653,1,1,1423063,1422575,488
116181961,28.0237,30.0775,489,42465,0.457931,1,1,1423093,1422604,489
116184881,36.8047,26.0155,503,42515,0.451586,1,1,1423132,1422629,503
116187801,32.1609,52.4031,475,42565,0.370317,0.95,1,1423163,1422688,475
116190721,36.0322,40.8806,474,42615,0.354063,1,1,1423200,1422726,474
116193641,42.4064,47.3761,469,42665,0.334813,0.9,1,1423244,1422775,469
116196561,38.0813,39.0752,469,42714,0.378963,0.85,1,1423281,1422812,469
116199481,47.6163,55.015,460,42763,0.371793,0.83,1,1423331,1422871,460
116202401,39.9233,41.403,460,42812,0.402358,0.75,1,1423369,1422909,460
116205321,27.1847,30.6806,456,42861,0.424472,0.75,1,1423393,1422937,456
116208241,21.4369,26.1361,451,42910,0.444894,0.57,1,1423413,1422962,451
116211161,17.8874,18.8272,451,42959,0.448979,0.55,1,1423430,1422979,451
116214081,29.9775,30.9654,450,43008,0.481796,0.55,1,1423463,1423013,450
116217001,29.9955,6.19309,480,43057,0.456359,0.47,1,1423493,1423013,480
116219921,16.3991,27.6386,460,43106,0.435272,0.49,1,1423506,1423046,460
116222841,24.0798,19.1277,469,43155,0.415054,0.45,1,1423532,1423063,469
116225761,36.816,27.8255,479,43204,0.459011,0.45,1,1423572,1423093,479
116228681,29.7632,36.7651,468,43253,0.499802,0.35,1,1423600,1423132,468
116231601,36.3526,32.153,475,43302,0.52396,0.35,1,1423638,1423163,475
116234521,41.6705,36.0306,481,43351,0.560792,0.33,1,1423681,1423200,481
116237441,39.5341,42.4061,476,43400,0.584158,0.39,1,1423720,1423244,476
116240361,48.7068,38.0812,490,43449,0.604832,0.37,1,1423771,1423281,490
116243281,40.1414,47.6162,478,43498,0.624966,0.41,1,1423809,1423331,478
116246201,28.0283,39.9232,465,43547,0.644993,0.43,1,1423834,1423369,465
116249121,23.2057,27.1846,463,43595,0.632999,0.45,1,1423856,1423393,463
116252041,17.4411,21.4369,459,43643,0.6946,0.45,1,1423872,1423413,459
116254961,31.4882,17.8874,477,43691,0.69092,0.49,1,1423907,1423430,477
116257881,29.4976,29.9775,473,43739,0.706184,0.45,1,1423936,1423463,473
116260801,15.4995,29.9955,455,43787,0.709237,0.43,1,1423948,1423493,455
116263721,25.4999,16.3991,470,43835,0.693847,0.41,1,1423976,1423506,470
116266641,38.7,24.0798,486,43883,0.706769,0.47,1,1424018,1423532,486
116269561,30.94,36.816,475,43931,0.709354,0.51,1,1424047,1423572,475
116272481,38.188,29.7632,487,43979,0.709871,0.53,1,1424087,1423600,487
116275401,42.0376,36.3526,492,44027,0.757974,0.57,2,1424130,1423638,492
116278321,38.8075,41.6705,487,44075,0.783595,0.59,2,1424168,1423681,487
116281241,49.3615,39.5341,500,44123,0.756719,0.61,2,1424220,1423720,500
116284161,42.6723,48.7068,490,44171,0.783344,0.63,2,1424261,1423771,490
116287081,28.5345,40.1414,477,44219,0.804669,0.65,2,1424286,1423809,477
116290001,24.9069,28.0283,476,44267,0.776934,0.63,2,1424310,1423834,476
116292921,17.7814,23.2057,470,44315,0.739387,0.71,1,1424326,1423856,470
116295841,32.3563,17.4411,490,44363,0.779877,0.69,2,1424362,1423872,490
116298761,30.4713,31.4882,485,44411,0.787975,0.71,2,1424392,1423907,485
116301681,15.6943,29.4976,468,44458,0.789595,0.71,2,1424404,1423936,468
116304601,4.73885,15.4995,458,44505,0.789919,0.69,2,1424406,1423948,458
116307521,21.7478,25.4999,456,44552,0.789984,0.71,2,1424432,1423976,456
116310441,39.5496,38.7,458,44599,0.789997,0.71,2,1424476,1424018,458
116313361,30.3099,30.94,457,44646,0.821999,0.71,2,1424504,1424047,457
116316281,38.062,38.188,457,44693,0.8444,0.77,2,1424544,1424087,457
116319201,44.4124,42.0376,460,44740,0.81688,0.79,2,1424590,1424130,460
116322121,40.0825,38.8075,461,44787,0.843376,0.75,2,1424629,1424168,461
116325041,48.0165,49.3615,459,44834,0.880675,0.79,2,1424679,1424220,459
116327961,44.0033,42.6723,461,44881,0.888135,0.81,2,1424722,1424261,461
116330881,28.0007,28.5345,460,44928,0.921627,0.77,2,1424746,1424286,460
116539661,49,32,464,21997,0.07,0.25,1,1427092,1426628,464
116542581,73,59.2,477,22093,0.102,0.01,1,1427171,1426694,477
116545501,61,75.84,455,22189,0.0284,0.03,1,1427229,1426774,455
116548421,53.8,75.968,431,22285,0.02968,0.17,1,1427281,1426850,431
116551341,29.96,39.9936,424,22380,0.045936,0.05,1,1427305,1426881,424
116554261,28.392,19.1987,438,22475,0.0651872,0.05,1,1427333,1426895,438
116557181,64.8784,58.2397,444,22569,0.101037,0.11,1,1427407,1426963,444
116560101,100.176,75.6479,473,22663,0.172207,0.07,1,1427516,1427043,473
116563021,84.8351,54.3296,505,22757,0.250441,0.11,1,1427597,1427092,505
116565941,60.167,74.0659,480,22850,0.186088,0.01,1,1427651,1427171,480
116568861,54.4334,61.2132,475,22943,0.0932177,0.03,1,1427704,1427229,475
116571781,30.0867,53.8426,447,23035,0.0426435,0.05,1,1427728,1427281,447
116574701,30.8173,29.9685,454,23127,0.0485287,0.07,1,1427759,1427305,454
116577621,66.9635,28.3937,502,23219,0.0817057,0.11,1,1427835,1427333,502
116580541,103.793,64.8787,541,23310,0.152341,0.19,1,1427948,1427407,541
116583461,87.1585,100.176,515,23401,0.182468,0.27,1,1428031,1427516,515
116586381,56.6317,84.8352,483,23492,0.188494,0.17,1,1428080,1427597,483
116589301,48.1263,60.167,475,23582,0.205699,0.07,1,1428126,1427651,475
116592221,28.8253,54.4334,446,23672,0.20914,0.03,1,1428150,1427704,446
116595141,32.1651,30.0867,455,23762,0.193828,0.05,1,1428183,1427728,455
116598061,68.033,30.8173,501,23851,0.206766,0.09,1,1428260,1427759,501
116600981,107.207,66.9635,542,23940,0.241353,0.17,1,1428377,1427835,542
116603901,23.0413,103.793,431,24029,0.248271,0.19,1,1428379,1427948,431
116606821,71.0083,87.1585,431,24117,0.281654,0.19,1,1428462,1428031,431
116609741,54.2017,56.6317,432,24205,0.336331,0.21,1,1428512,1428080,432
116612661,47.6403,48.1263,432,24293,0.347266,0.21,1,1428558,1428126,432
116615581,28.7281,28.8253,432,24380,0.381453,0.19,1,1428582,1428150,432
116618501,31.3456,32.1651,431,24467,0.356291,0.21,1,1428614,1428183,431
116621421,69.4691,68.033,433,24554,0.383258,0.25,1,1428693,1428260,433
116624341,108.294,107.207,434,24640,0.420652,0.25,1,1428811,1428377,434
116627261,23.2588,23.0413,434,24726,0.46013,0.29,1,1428813,1428379,434
116630181,71.0518,71.0083,434,24812,0.484026,0.35,1,1428896,1428462,434
116633101,57.4104,54.2017,438,24897,0.520805,0.35,1,1428950,1428512,438
116636021,49.0821,47.6403,439,24982,0.608161,0.39,1,1428997,1428558,439
116638941,29.0164,28.7281,439,25067,0.593632,0.35,1,1429021,1428582,439
116641861,31.4033,31.3456,439,25152,0.622726,0.39,1,1429053,1428614,439
116644781,69.4807,69.4691,439,25236,0.628545,0.43,1,1429132,1428693,439
116647701,111.496,108.294,443,25320,0.661709,0.47,1,1429254,1428811,443
116650621,23.8992,23.2588,443,25404,0.636342,0.49,1,1429256,1428813,443
116653541,73.5798,71.0518,446,25487,0.679268,0.49,1,1429342,1428896,446
116656461,58.716,14.2103,501,25570,0.735854,0.53,1,1429397,1428896,501
116659381,51.7432,46.0421,497,25653,0.795171,0.63,2,1429447,1428950,497
116662301,29.5486,46.8084,474,25736,0.823034,0.59,2,1429471,1428997,474
116665221,31.5097,28.5617,482,25818,0.828607,0.63,2,1429503,1429021,482
116668141,71.1019,31.3123,531,25900,0.845721,0.63,2,1429584,1429053,531
116671061,111.82,69.4625,574,25982,0.881144,0.67,2,1429706,1429132,574
116673981,23.9641,111.492,454,26064,0.888229,0.63,2,1429708,1429254,454
116802461,25,126,505,29427,0.65,1,1,1432100,1431595,505
116805381,51.4,51.6,530,29499,0.522,1,1,1432158,1431628,530
116808301,63.08,53.52,542,29571,0.3204,1,1,1432224,1431682,542
116811221,44.616,67.504,511,29643,0.12008,1,1,1432264,1431753,511
116814141,35.3232,40.7008,510,29714,0.024016,0.99,1,1432297,1431787,510
116817061,28.6646,33.7402,505,29785,0.0288032,1,1,1432324,1431819,505
116819981,28.1329,33.948,499,29856,0.00576064,1,1,1432352,1431853,499
116822901,12.0266,32.3896,475,29927,0.0251521,0.92,1,1432360,1431885,475
116825821,42.4053,50.4779,470,29998,0.00503043,0.79,1,1432410,1431940,470
116828741,102.881,118.096,453,30069,0.0250061,0.65,1,1432528,1432075,453
116831661,39.7762,43.6191,452,30139,0.0290012,0.49,1,1432552,1432100,452
116834581,47.9552,55.1238,444,30209,0.0778002,0.27,1,1432602,1432158,444
116837501,51.1911,63.8248,430,30279,0.02356,0.07,1,1432654,1432224,430
116840421,37.4382,44.765,424,30349,0.028712,0,1,1432688,1432264,424
116843341,33.0876,35.353,423,30419,0.0137424,0.03,1,1432720,1432297,423
116846261,27.4175,28.6706,422,30489,0.0267485,0,1,1432746,1432324,422
116849181,28.6835,28.1341,423,30558,0.0293497,0.03,1,1432775,1432352,423
116852101,11.3367,12.0268,422,30627,0.0298699,0,1,1432782,1432360,422
116855021,42.2673,42.4054,422,30696,0.061974,0.03,1,1432832,1432410,422
116857941,102.853,102.881,422,30765,0.0523948,0.03,1,1432950,1432528,422
116860861,39.7707,39.7762,422,30834,0.018479,0.09,1,1432974,1432552,422
116863781,47.9541,47.9552,422,30903,0.0596958,0.01,1,1433024,1432602,422
116866701,51.1908,51.1911,422,30971,0.0519392,0.03,1,1433076,1432654,422
116869621,37.4382,37.4382,422,31039,0.0983878,0.01,1,1433110,1432688,422
116872541,33.8876,33.0876,423,31107,0.107678,0.03,1,1433143,1432720,423
116875461,26.7775,27.4175,422,31175,0.0615355,0.03,1,1433168,1432746,422
116878381,28.5555,28.6835,422,31243,0.0203071,0.03,1,1433197,1432775,422
116881301,11.3111,11.3367,422,31311,0.0120614,0.03,1,1433204,1432782,422
116884221,42.2622,2.26734,472,31379,0.0584123,0.07,1,1433254,1432782,472
116887141,102.052,40.4535,539,31446,0.0516825,0.05,1,1433371,1432832,539
116890061,40.4105,102.491,446,31513,0.0343365,0.01,1,1433396,1432950,446
116892981,48.0821,39.6981,472,31580,0.0468673,0.07,1,1433446,1432974,472
116895901,53.6164,47.9396,477,31647,0.0333735,0.05,1,1433501,1433024,477
116898821,37.1233,51.1879,458,31714,0.0466747,0.11,1,1433534,1433076,458
116901741,32.2247,37.4376,455,31781,0.0653349,0.11,1,1433565,1433110,455
116904661,25.6449,33.8875,446,31848,0.069067,0.05,1,1433589,1433143,446
116907581,28.329,26.7775,450,31914,0.0538134,0.01,1,1433618,1433168,450
116910501,11.2658,28.5555,428,31980,0.0347627,0.01,1,1433625,1433197,428
116913421,45.4532,11.3111,475,32046,0.0309525,0.07,1,1433679,1433204,475
116916341,101.091,42.2622,540,32112,0.0301905,0.05,1,1433794,1433254,540
116919261,39.4181,102.052,447,32178,0.0460381,0.03,1,1433818,1433371,447
116922181,48.6836,40.4105,473,32244,0.0492076,0.05,1,1433869,1433396,473
116925101,54.5367,48.0821,479,32310,0.0498415,0.03,1,1433925,1433446,479
116928021,36.5073,53.6164,456,32375,0.0659683,0.05,1,1433957,1433501,456
116930941,32.9015,37.1233,455,32440,0.0691937,0.07,1,1433989,1433534,455
116933861,24.1803,32.2247,446,32505,0.101839,0.07,1,1434011,1433565,446
116936781,27.2361,25.6449,450,32570,0.108368,0.05,1,1434039,1433589,450
116939701,11.0472,28.329,428,32635,0.0936736,0.03,1,1434046,1433618,428
116942621,46.2094,11.2658,476,32700,0.0427347,0.03,1,1434101,1433625,476
116945541,101.242,45.4532,537,32765,0.0805469,0.03,1,1434216,1433679,537
116948461,21.8484,101.091,424,32830,0.0881094,0.05,1,1434218,1433794,424
116951381,23.5697,39.4181,424,32894,0.137622,0.05,1,1434242,1433818,424
116954301,45.5139,48.6836,424,32958,0.115524,0.05,1,1434293,1433869,424
116957221,53.9028,54.5367,424,33022,0.127105,0.07,1,1434349,1433925,424
116960141,37.1806,36.5073,425,33086,0.113421,0.07,1,1434382,1433957,425
116963061,33.8361,32.9015,426,33150,0.142684,0.11,1,1434415,1433989,426
116965981,25.9672,24.1803,428,33214,0.180537,0.11,1,1434439,1434011,428
116968901,26.7934,27.2361,427,33278,0.188107,0.09,1,1434466,1434039,427
116971821,10.1587,11.0472,426,33342,0.157621,0.03,1,1434472,1434046,426
116974741,43.6317,46.2094,423,33405,0.183524,0.09,1,1434524,1434101,423
116977661,103.126,101.242,426,33468,0.268705,0.09,1,1434642,1434216,426
116980581,22.2253,21.8484,426,33531,0.285741,0.15,1,1434644,1434218,426
116983501,24.4451,23.5697,427,33594,0.321148,0.11,1,1434669,1434242,427
116986421,45.689,45.5139,427,33657,0.31223,0.13,1,1434720,1434293,427
116989341,54.7378,53.9028,428,33720,0.326446,0.11,1,1434777,1434349,428
116992261,36.5476,37.1806,427,33783,0.313289,0.15,1,1434809,1434382,427
116995181,35.3095,33.8361,429,33846,0.294658,0.19,1,1434844,1434415,429
116998101,27.0619,25.9672,430,33908,0.322932,0.19,1,1434869,1434439,430
117001021,26.2124,26.7934,429,33970,0.360586,0.15,1,1434895,1434466,429
117003941,10.0425,10.1587,429,34032,0.384117,0.19,1,1434901,1434472,429
117006861,43.6085,43.6317,429,34094,0.404823,0.29,1,1434953,1434524,429
117009781,107.122,103.126,434,34156,0.488965,0.29,1,1435076,1434642,434
117012701,23.0243,22.2253,434,34218,0.537793,0.29,1,1435078,1434644,434
117015621,25.4049,4.44505,460,34280,0.531559,0.33,1,1435104,1434644,460
117018541,45.081,20.889,485,34342,0.546312,0.31,1,1435154,1434669,485
117021461,56.2162,44.9778,493,34404,0.597262,0.33,1,1435213,1434720,493
117024381,36.8432,54.5956,468,34465,0.607452,0.31,1,1435245,1434777,468
117027301,35.3686,36.5191,471,34526,0.59349,0.29,1,1435280,1434809,471
117030221,27.8737,35.3038,462,34587,0.590698,0.33,1,1435306,1434844,462
117033141,27.1747,27.0608,464,34648,0.59014,0.37,1,1435333,1434869,464
117036061,11.0349,26.2122,445,34709,0.654028,0.39,1,1435340,1434895,445
117038981,43.807,10.0424,491,34770,0.634806,0.41,1,1435392,1434901,491
117041901,112.761,43.6085,569,34831,0.726961,0.51,1,1435522,1434953,569
117044821,24.1523,107.122,448,34892,0.745392,0.55,1,1435524,1435076,448
117047741,26.4305,23.0243,473,34953,0.733078,0.53,1,1435551,1435078,473
117050661,46.0861,25.4049,498,35013,0.714616,0.55,1,1435602,1435104,498
117053581,58.8172,45.081,510,35073,0.742923,0.61,1,1435664,1435154,510
117056501,37.3634,56.2162,483,35133,0.764585,0.61,2,1435696,1435213,483
117059421,34.6727,36.8432,485,35193,0.768917,0.59,2,1435730,1435245,485
117062341,28.5345,35.3686,477,35253,0.753783,0.59,2,1435757,1435280,477
117065261,28.9069,27.8737,480,35313,0.734757,0.59,1,1435786,1435306,480
117068181,10.5814,27.1747,459,35373,0.762951,0.67,2,1435792,1435333,459
117071101,43.7163,11.0349,504,35433,0.80059,0.63,2,1435844,1435340,504
117074021,117.543,43.807,588,35493,0.824118,0.75,2,1435980,1435392,588
117076941,25.1087,112.761,460,35553,0.828824,0.75,2,1435982,1435522,460
117079861,25.8217,24.1523,484,35612,0.829765,0.73,2,1436008,1435524,484
117082781,45.9643,26.4305,508,35671,0.845953,0.71,2,1436059,1435551,508
117085701,10.7929,46.0861,459,35730,0.849191,0.75,2,1436061,1435602,459
117088621,52.5586,58.8172,460,35789,0.913838,0.77,2,1436124,1435664,460
117091541,36.1117,37.3634,460,35848,0.894768,0.77,2,1436156,1435696,460
117094461,34.4223,34.6727,460,35907,0.938954,0.75,2,1436190,1435730,460
117097381,27.6845,28.5345,459,35966,0.947791,0.73,2,1436216,1435757,459
117100301,29.5369,28.9069,460,36025,0.917558,0.77,2,1436246,1435786,460
117103221,10.7074,10.5814,460,36084,0.911512,0.81,2,1436252,1435792,460
117246301,21,29,504,38849,0.95,1,2,1438193,1437689,504
117257981,31,34,488,39065,0.77,1,2,1438403,1437915,488
117260901,39.8,35.6,494,39119,0.818,1,2,1438445,1437951,494
117263821,35.16,32.72,496,39173,0.8116,1,2,1438479,1437983,496
117266741,27.032,35.344,485,39227,0.79432,1,2,1438504,1438019,485
117269661,42.2064,42.2688,487,39281,0.758864,1,2,1438550,1438063,487
117272581,37.2413,33.2538,492,39335,0.783773,1,2,1438586,1438094,492
117275501,26.6483,33.8508,482,39389,0.804755,0.89,2,1438610,1438128,482
117278421,23.7297,31.5702,474,39443,0.808951,0.93,2,1438633,1438159,474
117281341,12.7459,16.714,471,39497,0.77779,0.95,2,1438643,1438172,471
117284261,23.3492,20.1428,476,39550,0.803558,0.99,2,1438669,1438193,476
117287181,30.2698,33.6286,471,39603,0.856712,0.81,2,1438701,1438230,471
117290101,86.054,93.1257,463,39656,0.835342,0.79,2,1438801,1438338,463
117293021,45.2108,45.8251,464,39709,0.815068,0.77,2,1438836,1438372,464
117295941,31.4422,33.965,461,39762,0.859014,0.83,2,1438864,1438403,461
117298861,39.8884,40.393,461,39815,0.899803,0.81,2,1438906,1438445,461
117301781,33.5777,35.2786,459,39868,0.907961,0.79,2,1438938,1438479,459
117304701,29.1155,27.0557,462,39921,0.925592,0.75,2,1438966,1438504,462
117307621,39.4231,42.2111,458,39974,0.913118,0.79,2,1439008,1438550,458
117474061,32,29,494,42880,0.53,1,1,1441023,1440529,494
117476981,29.6,29.8,493,42929,0.498,1,1,1441052,1440559,493
117479901,19.52,21.96,490,42978,0.4596,1,1,1441069,1440579,490
117482821,32.704,28.392,496,43027,0.33992,1,1,1441105,1440609,496
117485741,33.7408,5.6784,530,43076,0.315984,1,1,1441139,1440609,530
117488661,41.9482,27.5357,541,43125,0.151197,1,1,1441183,1440642,541
117491581,37.9896,50.3071,522,43174,0.0862394,1,1,1441220,1440698,522
117494501,33.9979,36.4614,522,43223,0.0732479,1,1,1441253,1440731,522
117497421,41.1996,47.2923,515,43272,0.10265,0.95,1,1441296,1440781,515
117500341,27.4399,38.2585,503,43321,0.10853,0.93,1,1441320,1440817,503
117503261,32.688,30.0517,509,43370,0.061706,1,1,1441354,1440845,509
117506181,28.9376,40.4103,494,43419,0.0843412,0.93,1,1441382,1440888,494
117509101,31.3875,34.4821,493,43468,0.120868,0.81,1,1441414,1440921,493
117512021,31.0775,34.8964,489,43517,0.0801736,0.63,1,1441445,1440956,489
117514941,27.8155,34.9793,481,43565,0.120035,0.53,1,1441472,1440991,481
117517861,23.1631,32.5959,471,43613,0.176007,0.49,1,1441494,1441023,471
117520781,15.8326,29.7192,456,43661,0.187201,0.45,1,1441508,1441052,456
117523701,30.3665,19.5438,473,43709,0.17344,0.31,1,1441542,1441069,473
117526621,30.0733,32.7088,467,43757,0.138688,0.31,1,1441572,1441105,467
117529541,38.0147,33.7418,473,43805,0.195738,0.11,1,1441612,1441139,473
117532461,35.6029,41.9484,464,43853,0.223148,0.07,1,1441647,1441183,464
117535381,33.5206,37.9897,460,43901,0.228629,0.07,1,1441680,1441220,460
117538301,40.3041,33.9979,469,43949,0.229726,0.11,1,1441722,1441253,469
117541221,25.6608,41.1996,448,43997,0.197945,0.11,1,1441744,1441296,448
117544141,33.1322,27.4399,459,44045,0.223589,0.05,1,1441779,1441320,459
117547061,27.4264,32.688,451,44093,0.228718,0.09,1,1441805,1441354,451
117549981,33.4853,28.9376,458,44141,0.213744,0.13,1,1441840,1441382,458
117552901,31.4971,31.3875,457,44189,0.242749,0.07,1,1441871,1441414,457
117555821,28.6994,31.0775,454,44237,0.24855,0.13,1,1441899,1441445,454
117558741,25.7399,27.8155,452,44285,0.28171,0.19,1,1441924,1441472,452
117561661,13.148,23.1631,440,44333,0.288342,0.19,1,1441934,1441494,440
117564581,32.2296,15.8326,463,44381,0.305668,0.17,1,1441971,1441508,463
117567501,28.8459,30.3665,457,44429,0.309134,0.13,1,1441999,1441542,457
117570421,7.36918,30.0733,429,44476,0.325827,0.21,1,1442001,1441572,429
117573341,35.8738,38.0147,432,44523,0.345165,0.23,1,1442044,1441612,432
117576261,34.3748,35.6029,431,44570,0.413033,0.23,1,1442078,1441647,431
117579181,34.875,33.5206,433,44617,0.410607,0.23,1,1442113,1441680,433
117582101,38.975,40.3041,431,44664,0.378121,0.19,1,1442153,1441722,431
117585021,27.795,25.6608,434,44711,0.387624,0.23,1,1442178,1441744,434
117587941,32.759,33.1322,433,44758,0.357525,0.23,1,1442212,1441779,433
117590861,27.3518,27.4264,433,44805,0.367505,0.21,1,1442238,1441805,433
117593781,33.4704,33.4853,433,44852,0.401501,0.25,1,1442273,1441840,433
117596701,32.2941,31.4971,434,44899,0.4403,0.25,1,1442305,1441871,434
117599621,29.6588,28.6994,435,44946,0.48006,0.29,1,1442334,1441899,435
117602541,26.7318,25.7399,436,44993,0.488012,0.29,1,1442360,1441924,436
117605461,13.3464,13.148,436,45040,0.489602,0.31,1,1442370,1441934,436
117608381,33.0693,32.2296,437,45087,0.47392,0.31,1,1442408,1441971,437
117611301,29.8139,28.8459,438,45134,0.486784,0.33,1,1442437,1441999,438
117614221,7.56277,7.36918,438,45181,0.521357,0.35,1,1442439,1442001,438
117617141,35.1126,35.8738,437,45228,0.528271,0.43,1,1442481,1442044,437
117620061,37.4225,34.3748,441,45275,0.497654,0.41,1,1442519,1442078,441
117622981,34.6845,34.875,440,45322,0.539531,0.37,1,1442553,1442113,440
117625901,38.9369,38.975,440,45369,0.547906,0.39,1,1442593,1442153,440
117628821,26.9874,27.795,439,45415,0.549581,0.35,1,1442617,1442178,439
117631741,33.3975,32.759,440,45461,0.549916,0.37,1,1442652,1442212,440
117634661,28.2795,27.3518,441,45507,0.565983,0.41,1,1442679,1442238,441
117637581,34.4559,33.4704,442,45553,0.585197,0.45,1,1442715,1442273,442
117640501,34.0912,32.2941,444,45599,0.589039,0.49,1,1442749,1442305,444
117643421,31.6182,29.6588,446,45645,0.621808,0.49,1,1442780,1442334,446
117646341,27.1236,26.7318,446,45691,0.676362,0.49,1,1442806,1442360,446
117649261,13.4247,13.3464,446,45737,0.655272,0.47,1,1442816,1442370,446
117652181,32.2849,33.0693,445,45783,0.667054,0.49,1,1442853,1442408,445
117655101,30.457,29.8139,446,45829,0.637411,0.53,1,1442883,1442437,446
117658021,7.6914,7.56277,446,45875,0.647482,0.53,1,1442885,1442439,446
117660941,35.1383,35.1126,446,45921,0.681496,0.53,1,1442927,1442481,446
117663861,37.4277,7.02251,484,45967,0.704299,0.49,1,1442965,1442481,484
117666781,34.6855,31.8045,480,46013,0.75686,0.55,2,1442999,1442519,480
117669701,38.9371,33.5609,486,46059,0.767372,0.55,2,1443039,1442553,486
117672621,26.9874,38.7122,470,46105,0.769474,0.55,2,1443063,1442593,470
117675541,34.9975,26.9424,483,46151,0.817895,0.55,2,1443100,1442617,483
117678461,29.3995,33.3885,476,46197,0.843579,0.57,2,1443128,1442652,476
117681381,35.4799,28.2777,486,46243,0.864716,0.59,2,1443165,1442679,486
117684301,35.096,34.4555,485,46289,0.852943,0.59,2,1443200,1442715,485
117687221,33.4192,34.0911,484,46335,0.898589,0.63,2,1443233,1442749,484
117690141,27.4838,31.6182,479,46381,0.875718,0.69,2,1443259,1442780,479
117693061,13.4968,27.1236,463,46426,0.887144,0.65,2,1443269,1442806,463
117695981,31.4994,13.4247,489,46471,0.889429,0.67,2,1443305,1442816,489
117698901,31.0999,32.2849,483,46516,0.889886,0.63,2,1443336,1442853,483
117701821,7.81997,30.457,455,46561,0.889977,0.65,2,1443338,1442883,455
117704741,36.764,7.6914,497,46606,0.937995,0.69,2,1443382,1442885,497
117707661,40.1528,35.1383,496,46651,0.931599,0.71,2,1443423,1442927,496
117922281,77,43,511,22724,0.05,0.92,1,1445905,1445394,511
117925201,75.4,64.6,516,22817,0.082,0.75,1,1445980,1445464,516
117928121,38.28,69.72,474,22910,0.0884,0.69,1,1446009,1445535,474
117931041,22.856,38.744,462,23003,0.12168,0.55,1,1446028,1445566,462
117933961,38.1712,40.5488,463,23095,0.128336,0.19,1,1446070,1445607,463
117936881,64.4342,82.5098,441,23187,0.113667,0.03,1,1446141,1445700,441
117939801,66.4868,46.902,470,23278,0.0467334,0.01,1,1446208,1445738,470
117942721,109.297,81.3804,500,23369,0.0493467,0.05,1,1446328,1445828,500
117945641,82.6595,77.8761,499,23460,0.0818693,0.09,1,1446404,1445905,499
117948561,40.5319,75.5752,454,23550,0.0563739,0.09,1,1446434,1445980,454
117951481,23.3064,38.315,444,23640,0.0512748,0.13,1,1446453,1446009,444
117954401,39.8613,22.863,469,23730,0.050255,0.13,1,1446497,1446028,469
117957321,63.9723,38.1726,497,23819,0.050051,0.11,1,1446567,1446070,497
117960241,63.1945,64.4345,489,23908,0.0180102,0.03,1,1446630,1446141,489
117963161,14.2389,66.4869,424,23997,0.011602,0.05,1,1446632,1446208,424
117966081,98.8478,109.297,424,24085,0.10632,0.09,1,1446752,1446328,424
117969001,80.5696,82.6595,424,24173,0.0772641,0.05,1,1446828,1446404,424
117971921,40.9139,40.5319,425,24261,0.0874528,0.05,1,1446859,1446434,425
117974841,22.5828,23.3064,424,24348,0.0894906,0.05,1,1446877,1446453,424
117977761,39.7166,39.8613,424,24435,0.153898,0.05,1,1446921,1446497,424
117980681,63.9433,63.9723,424,24522,0.16678,0.01,1,1446991,1446567,424
117983601,62.3887,63.1945,423,24608,0.185356,0.01,1,1447053,1446630,423
117986521,14.0777,14.2389,423,24694,0.189071,0.13,1,1447055,1446632,423
117989441,101.216,98.8478,426,24780,0.141814,0.07,1,1447178,1446752,426
117992361,80.2431,80.5696,425,24866,0.180363,0.09,1,1447253,1446828,425
117995281,41.6486,40.9139,426,24951,0.188073,0.09,1,1447285,1446859,426
117998201,23.5297,22.5828,427,25036,0.205615,0.17,1,1447304,1446877,427
118001121,40.7059,39.7166,428,25121,0.225123,0.17,1,1447349,1446921,428
118004041,66.5412,63.9433,431,25205,0.277025,0.19,1,1447422,1446991,431
118006961,62.9082,62.3887,431,25289,0.255405,0.19,1,1447484,1447053,431
118009881,14.1816,14.0777,431,25373,0.251081,0.13,1,1447486,1447055,431
118012801,97.2363,101.216,426,25457,0.250216,0.13,1,1447604,1447178,426
118015721,82.6473,20.2431,505,25540,0.218043,0.19,1,1447683,1447178,505
118018641,42.1295,64.0486,462,25623,0.211609,0.19,1,1447715,1447253,462
118021561,25.2259,38.4097,451,25706,0.194322,0.21,1,1447736,1447285,451
118024481,41.0452,22.8819,477,25788,0.190864,0.23,1,1447781,1447304,477
118027401,67.409,40.5764,506,25870,0.238173,0.29,1,1447855,1447349,506
118030321,63.8818,66.5153,496,25952,0.295635,0.25,1,1447918,1447422,496
118033241,14.3764,62.9031,436,26034,0.275127,0.25,1,1447920,1447484,436
118036161,96.4753,14.1806,551,26115,0.271025,0.25,1,1448037,1447486,551
118039081,80.8951,97.2361,510,26196,0.302205,0.21,1,1448114,1447604,510
118042001,41.779,82.6472,463,26277,0.324441,0.21,1,1448146,1447683,463
118044921,24.3558,42.1294,451,26358,0.344888,0.19,1,1448166,1447715,451
118047841,41.6712,25.2259,476,26438,0.380978,0.19,1,1448212,1447736,476
118050761,69.9342,41.0452,508,26518,0.404196,0.25,1,1448289,1447781,508
118053681,64.3868,67.409,497,26598,0.392839,0.31,1,1448352,1447855,497
118056601,14.4774,63.8818,436,26678,0.406568,0.27,1,1448354,1447918,436
118059521,97.2955,14.3764,552,26757,0.441314,0.27,1,1448472,1447920,552
118062441,82.6591,96.4753,514,26836,0.448263,0.31,1,1448551,1448037,514
118065361,42.1318,80.8951,469,26915,0.481653,0.33,1,1448583,1448114,469
118068281,10.0264,41.779,439,26994,0.48833,0.35,1,1448585,1448146,439
118071201,18.0053,24.3558,439,27072,0.521666,0.39,1,1448605,1448166,439
118074121,42.0011,41.6712,441,27150,0.592333,0.41,1,1448653,1448212,441
118077041,70.8002,69.9342,442,27228,0.606467,0.39,1,1448731,1448289,442
118079961,64.56,64.3868,442,27306,0.689293,0.41,1,1448794,1448352,442
118082881,14.512,14.4774,442,27384,0.737859,0.45,1,1448796,1448354,442
118085801,97.3024,97.2955,442,27461,0.763572,0.45,2,1448914,1448472,442
118088721,85.0605,82.6591,445,27538,0.800714,0.49,2,1448996,1448551,445
118091641,43.4121,42.1318,446,27615,0.840143,0.49,2,1449029,1448583,446
118094561,10.2824,10.0264,446,27692,0.848029,0.53,2,1449031,1448585,446
118097481,18.0565,18.0053,446,27768,0.897606,0.61,2,1449051,1448605,446
118240561,36,33,499,31284,0.63,1,1,1451543,1451044,499
118243481,34.4,6.6,533,31352,0.534,1,1,1451577,1451044,533
118246401,57.28,32.52,557,31419,0.2588,1,1,1451640,1451083,557
118249321,41.856,66.504,520,31486,0.15576,1,1,1451678,1451158,520
118252241,70.7712,40.5008,564,31553,0.087152,1,1,1451756,1451192,564
118255161,92.5542,70.5002,584,31620,0.12143,1,1,1451854,1451270,584
118258081,40.1108,96.5,508,31687,0.0482861,0.96,1,1451881,1451373,508
118261001,31.2222,44.1,506,31754,0.0336572,0.93,1,1451910,1451404,506
118263921,29.4444,37.62,499,31821,0.0147314,0.78,1,1451939,1451440,499
118266841,26.6889,35.524,490,31887,0.0269463,0.73,1,1451965,1451475,490
118269761,28.5378,32.7048,487,31953,0.0613893,0.63,1,1451994,1451507,487
118272681,26.5076,35.341,477,32019,0.0362779,0.51,1,1452020,1451543,477
118275601,49.3015,34.2682,498,32085,0.0152556,0.19,1,1452075,1451577,498
118278521,36.2603,57.2536,468,32151,0.0590511,0.13,1,1452108,1451640,468
118281441,62.4521,41.8507,499,32217,0.0518102,0.07,1,1452177,1451678,499
118284361,94.0904,70.7701,523,32283,0.050362,0.13,1,1452279,1451756,523
118287281,38.8181,92.554,450,32349,0.0660724,0.03,1,1452304,1451854,450
118290201,29.3636,40.1108,450,32414,0.0212145,0.03,1,1452331,1451881,450
118293121,29.8727,31.2222,451,32479,0.0042429,0.01,1,1452361,1451910,451
118296041,26.7745,29.4444,448,32544,0.0728486,0.03,1,1452387,1451939,448
118298961,30.9549,26.6889,454,32609,0.0385697,0.07,1,1452419,1451965,454
118301881,24.591,28.5378,448,32674,0.111714,0.03,1,1452442,1451994,448
118304801,48.1182,26.5076,476,32739,0.0303428,0.01,1,1452496,1452020,476
118307721,11.2236,49.3015,423,32804,0.0140686,0.07,1,1452498,1452075,423
118310641,30.2447,36.2603,425,32868,0.0908137,0.05,1,1452533,1452108,425
118313561,58.8489,62.4521,422,32932,0.122163,0.05,1,1452599,1452177,422
118316481,96.5698,94.0904,426,32996,0.0644325,0.07,1,1452705,1452279,426
118319401,38.514,38.8181,425,33060,0.0688865,0.01,1,1452729,1452304,425
118322321,26.9028,29.3636,422,33124,0.101777,0,1,1452753,1452331,422
118325241,30.9806,29.8727,424,33188,0.0443555,0.09,1,1452785,1452361,424
118328161,26.9961,26.7745,424,33252,0.0168711,0.03,1,1452811,1452387,424
118331081,30.9992,30.9549,424,33316,0.0273742,0.13,1,1452843,1452419,424
118334001,27.7998,24.591,428,33379,0.0774748,0.01,1,1452870,1452442,428
118336921,44.76,48.1182,423,33442,0.135495,0.01,1,1452919,1452496,423
118339841,10.552,11.2236,423,33505,0.147099,0.11,1,1452921,1452498,423
118342761,31.7104,30.2447,425,33568,0.18142,0.13,1,1452958,1452533,425
118345681,59.9421,58.8489,426,33631,0.204284,0.05,1,1453025,1452599,426
118348601,95.9884,96.5698,425,33694,0.176857,0.07,1,1453130,1452705,425
118351521,38.3977,38.514,425,33757,0.187371,0.11,1,1453154,1452729,425
118354441,26.8795,26.9028,425,33820,0.221474,0.03,1,1453178,1452753,425
118357361,28.5759,30.9806,422,33883,0.212295,0.01,1,1453207,1452785,422
118360281,26.5152,26.9961,422,33945,0.194459,0.03,1,1453233,1452811,422
118363201,31.703,30.9992,423,34007,0.142892,0.09,1,1453266,1452843,423
118366121,29.5406,27.7998,425,34069,0.164578,0.15,1,1453295,1452870,425
118369041,48.3081,44.76,429,34131,0.120916,0.15,1,1453348,1452919,429
118371961,11.2616,10.552,429,34193,0.112183,0.19,1,1453350,1452921,429
118374881,33.4523,31.7104,431,34255,0.142437,0.19,1,1453389,1452958,431
118377801,60.2905,6.34208,498,34317,0.148487,0.21,1,1453456,1452958,498
118380721,94.4581,54.8684,534,34379,0.133697,0.17,1,1453559,1453025,534
118383641,38.8916,94.9737,454,34441,0.130739,0.19,1,1453584,1453130,454
118386561,26.9783,38.1947,454,34502,0.146148,0.23,1,1453608,1453154,454
118389481,27.7957,26.8389,458,34563,0.16523,0.21,1,1453636,1453178,458
118392401,27.1591,28.5678,456,34624,0.153046,0.19,1,1453663,1453207,456
118395321,30.2318,26.5136,461,34685,0.134609,0.13,1,1453694,1453233,461
118398241,28.4464,31.7027,456,34746,0.130922,0.17,1,1453722,1453266,456
118401161,48.0893,29.5405,480,34807,0.130184,0.11,1,1453775,1453295,480
118404081,11.2179,48.3081,429,34868,0.130037,0.11,1,1453777,1453348,429
118407001,34.2436,11.2616,467,34929,0.146007,0.15,1,1453817,1453350,467
118409921,60.4487,33.4523,495,34990,0.165201,0.15,1,1453884,1453389,495
118412841,93.6897,60.2905,530,35050,0.23304,0.13,1,1453986,1453456,530
118415761,39.5379,94.4581,453,35110,0.246608,0.13,1,1454012,1453559,453
118418681,27.1076,38.8916,452,35170,0.233322,0.15,1,1454036,1453584,452
118421601,28.6215,26.9783,457,35230,0.278664,0.17,1,1454065,1453608,457
118424521,26.5243,27.7957,455,35290,0.287733,0.15,1,1454091,1453636,455
118427441,29.3049,27.1591,458,35350,0.289547,0.13,1,1454121,1453663,458
118430361,28.261,30.2318,455,35410,0.289909,0.13,1,1454149,1453694,455
118433281,48.0522,28.4464,480,35470,0.289982,0.13,1,1454202,1453722,480
118436201,11.2104,48.0893,429,35530,0.289996,0.13,1,1454204,1453775,429
118439121,35.0421,11.2179,468,35589,0.321999,0.15,1,1454245,1453777,468
118442041,61.4084,34.2436,496,35648,0.3444,0.17,1,1454313,1453817,496
118444961,13.8817,60.4487,431,35707,0.34888,0.25,1,1454315,1453884,431
118447881,86.7763,93.6897,434,35766,0.413776,0.25,1,1454420,1453986,434
118450801,37.3553,39.5379,433,35825,0.442755,0.23,1,1454445,1454012,433
118453721,26.6711,27.1076,433,35884,0.512551,0.29,1,1454469,1454036,433
118456641,30.9342,28.6215,436,35943,0.57451,0.29,1,1454501,1454065,436
118459561,26.9868,26.5243,436,36002,0.554902,0.29,1,1454527,1454091,436
118462481,29.3974,29.3049,436,36061,0.59898,0.29,1,1454557,1454121,436
118465401,28.2795,28.261,436,36120,0.607796,0.29,1,1454585,1454149,436
118468321,48.0559,48.0522,436,36179,0.641559,0.29,1,1454638,1454202,436
118471241,11.2112,11.2104,436,36237,0.648312,0.33,1,1454640,1454204,436
118474161,36.6422,35.0421,438,36295,0.633662,0.35,1,1454683,1454245,438
118477081,62.5284,61.4084,439,36353,0.694732,0.35,1,1454752,1454313,439
118480001,14.1057,13.8817,439,36411,0.738946,0.43,1,1454754,1454315,439
118482921,90.0211,86.7763,443,36469,0.779789,0.45,2,1454863,1454420,443
118485841,38.8042,37.3553,444,36527,0.803958,0.53,2,1454889,1454445,444
118488761,28.5608,26.6711,446,36585,0.872792,0.59,2,1454915,1454469,446
118491681,33.7122,30.9342,449,36643,0.838558,0.55,2,1454950,1454501,449
118494601,28.3424,26.9868,450,36701,0.863712,0.61,2,1454977,1454527,450
118497521,29.6685,29.3974,450,36759,0.868742,0.61,2,1455007,1454557,450
118500441,29.1337,28.2795,451,36816,0.901748,0.65,2,1455036,1454585,451
118503361,49.0267,48.0559,452,36873,0.90835,0.65,2,1455090,1454638,452
118506281,11.4053,11.2112,452,36930,0.90967,0.63,2,1455092,1454640,452
118509201,37.4811,36.6422,453,36987,0.909934,0.71,2,1455136,1454683,453
118512121,65.8962,62.5284,457,37044,0.925987,0.75,2,1455209,1454752,457
118515041,14.7792,14.1057,457,37101,0.945197,0.79,2,1455211,1454754,457
118529641,29,35,491,37386,0.91,0.87,2,1455441,1454950,491
118532561,29.8,28.6,494,37443,0.926,0.87,2,1455471,1454977,494
118535481,30.76,29.72,495,37499,0.9292,0.91,2,1455502,1455007,495
118725281,97,101,481,18482,0.01,0.33,1,1458056,1457575,481
118728201,111.4,107.4,487,18597,0.058,0.03,1,1458171,1457684,487
118731121,74.28,99.88,454,18711,0.0676,0.05,1,1458236,1457782,454
118734041,47.656,76.776,424,18824,0.08552,0.07,1,1458277,1457853,424
118736961,27.9312,28.9552,430,18937,0.105104,0.03,1,1458300,1457870,430
118739881,70.3862,76.991,422,19049,0.0930208,0.01,1,1458381,1457959,422
118742801,92.4772,92.9982,423,19160,0.138604,0.07,1,1458479,1458056,423
118745721,112.095,110.6,425,19271,0.115721,0.07,1,1458596,1458171,425
118748641,74.4191,74.1199,425,19381,0.127144,0.09,1,1458661,1458236,425
118751561,46.8838,47.624,424,19490,0.0974288,0.11,1,1458701,1458277,424
118754481,28.5768,27.9248,425,19599,0.0914858,0.11,1,1458725,1458300,425
118757401,68.9154,5.58496,504,19707,0.106297,0.09,1,1458804,1458300,504
118760321,96.1831,65.917,526,19815,0.157259,0.15,1,1458907,1458381,526
118763241,111.237,91.5834,543,19922,0.167452,0.11,1,1459022,1458479,543
118766161,76.6473,111.917,494,20028,0.13749,0.13,1,1459090,1458596,494
118769081,43.3295,74.3833,464,20134,0.115498,0.09,1,1459125,1458661,464
118772001,29.4659,46.8767,450,20239,0.1271,0.09,1,1459151,1458701,450
118774921,69.0932,28.5753,505,20344,0.12942,0.11,1,1459230,1458725,505
118777841,98.6186,68.9151,532,20448,0.161884,0.17,1,1459336,1458804,532
118780761,111.724,96.183,544,20552,0.168377,0.17,1,1459451,1458907,544
118783681,75.1447,111.237,495,20655,0.201675,0.13,1,1459517,1459022,495
118786601,43.0289,76.6473,462,20758,0.224335,0.11,1,1459552,1459090,462
118789521,30.2058,43.3295,454,20860,0.276867,0.13,1,1459579,1459125,454
118792441,68.4412,29.4659,506,20962,0.367373,0.13,1,1459657,1459151,506
118795361,15.2882,69.0932,429,21063,0.385475,0.17,1,1459659,1459230,429
118798281,88.6576,98.6186,430,21164,0.437095,0.17,1,1459766,1459336,430
118801201,109.732,111.724,430,21264,0.447419,0.21,1,1459881,1459451,430
118804121,77.1463,75.1447,433,21364,0.465484,0.23,1,1459950,1459517,433
118807041,45.0293,43.0289,435,21463,0.453097,0.29,1,1459987,1459552,435
118809961,31.4059,30.2058,436,21562,0.450619,0.39,1,1460015,1459579,436
118812881,72.6812,68.4412,441,21660,0.578124,0.39,1,1460098,1459657,441
118815801,16.1362,15.2882,441,21758,0.603625,0.45,1,1460100,1459659,441
118818721,90.4273,88.6576,443,21855,0.640725,0.45,1,1460209,1459766,443
118821641,109.285,109.732,442,21952,0.712145,0.47,1,1460323,1459881,442
118824561,77.8571,77.1463,443,22049,0.758429,0.45,2,1460393,1459950,443
118827481,45.9714,45.0293,444,22145,0.767686,0.45,2,1460431,1459987,444
118830401,31.5943,31.4059,444,22241,0.801537,0.61,2,1460459,1460015,444
118833321,77.5189,72.6812,450,22336,0.824308,0.61,2,1460548,1460098,450
118836241,17.1038,16.1362,450,22431,0.860861,0.65,2,1460550,1460100,450
118839161,94.6208,90.4273,455,22526,0.916172,0.65,2,1460664,1460209,455
118862521,120,114,585,23268,0.91,0.97,2,1461249,1460664,585
118955961,42,137,523,26024,0.59,1,1,1463209,1462686,523
118958881,43.6,74.6,508,26105,0.43,1,1,1463253,1462745,508
118961801,32.72,39.72,507,26186,0.334,1,1,1463283,1462776,507
118964721,28.944,28.744,509,26267,0.2348,1,1,1463311,1462802,509
118967641,57.7888,27.3488,547,26348,0.08696,1,1,1463376,1462829,547
118970561,30.7578,68.6698,492,26428,0.073392,1,1,1463400,1462908,492
118973481,86.9516,32.934,569,26508,0.0386784,0.89,1,1463501,1462932,569
118976401,110.99,91.3868,580,26588,0.0477357,0.53,1,1463618,1463038,580
118979321,52.5981,121.477,489,26668,0.0815471,0.59,1,1463656,1463167,489
118982241,33.7196,57.8955,476,26747,0.0883094,0.39,1,1463685,1463209,476
118985161,31.5439,46.7791,463,26826,0.0576619,0.31,1,1463716,1463253,463
118988081,24.7088,33.3558,456,26905,0.0995324,0.21,1,1463739,1463283,456
118991001,6.54176,29.0712,430,26984,0.107906,0.05,1,1463741,1463311,430
118993921,46.9084,57.8142,422,27062,0.0295813,0.07,1,1463798,1463376,422
118996841,28.5817,30.7628,422,27140,0.0459163,0.03,1,1463822,1463400,422
118999761,88.9163,86.9526,425,27218,0.00918325,0.05,1,1463926,1463501,425
119002681,112.183,110.991,426,27296,0.0578366,0.09,1,1464044,1463618,426
119005601,52.0367,52.5981,425,27374,0.147567,0.09,1,1464081,1463656,425
119008521,34.4073,33.7196,426,27451,0.133513,0.05,1,1464111,1463685,426
119011441,30.0815,31.5439,424,27528,0.178703,0.11,1,1464140,1463716,424
119014361,26.8163,24.7088,427,27605,0.187741,0.11,1,1464166,1463739,427
119017281,6.96326,6.54176,427,27682,0.157548,0.01,1,1464168,1463741,427
119020201,42.9927,46.9084,422,27759,0.16751,0.05,1,1464220,1463798,422
119023121,29.3985,28.5817,424,27835,0.0895019,0,1,1464246,1463822,424
119026041,88.2797,88.9163,423,27911,0.0419004,0.07,1,1464349,1463926,423
119028961,114.456,112.183,426,27987,0.0483801,0.17,1,1464470,1464044,426
119031881,54.0912,52.0367,428,28063,0.065676,0.13,1,1464509,1464081,428
119034801,34.0182,34.4073,427,28138,0.0851352,0.19,1,1464538,1464111,427
119037721,31.6036,30.0815,429,28213,0.121027,0.19,1,1464569,1464140,429
119040641,27.1207,26.8163,429,28288,0.0962054,0.15,1,1464595,1464166,429
119043561,7.02415,6.96326,429,28363,0.139241,0.15,1,1464597,1464168,429
119046481,39.8048,1.39265,477,28438,0.147848,0.17,1,1464645,1464168,477
119049401,28.761,41.8785,451,28512,0.14957,0.07,1,1464671,1464220,451
119052321,84.9522,29.1757,524,28586,0.0299139,0.03,1,1464770,1464246,524
119055241,113.79,88.2351,542,28660,0.0459828,0.05,1,1464891,1464349,542
119058161,56.3581,114.447,463,28734,0.0331966,0.07,1,1464933,1464470,463
119061081,35.2716,54.0894,454,28808,0.0306393,0.09,1,1464963,1464509,454
119064001,31.8543,34.0179,456,28881,0.0621279,0.13,1,1464994,1464538,456
119066921,27.9709,31.6036,452,28954,0.0684256,0.09,1,1465021,1464569,452
119069841,7.19417,27.1207,428,29027,0.0856851,0.15,1,1465023,1464595,428
119072761,41.4388,7.02414,476,29100,0.089137,0.15,1,1465073,1464597,476
119075681,29.0878,39.8048,454,29173,0.0898274,0.15,1,1465099,1464645,454
119078601,80.2176,28.761,521,29246,0.105965,0,1,1465192,1464671,521
119081521,114.444,84.9522,545,29318,0.109193,0.05,1,1465315,1464770,545
119084441,54.8887,113.79,464,29390,0.0938386,0.03,1,1465355,1464891,464
119087361,35.7777,56.3581,453,29462,0.0907677,0.03,1,1465386,1464933,453
119090281,32.7555,35.2716,455,29534,0.138154,0.07,1,1465418,1464963,455
119093201,29.7511,31.8543,453,29606,0.131631,0.07,1,1465447,1464994,453
119096121,7.55022,27.9709,428,29677,0.130326,0.09,1,1465449,1465021,428
119099041,40.71,7.19417,475,29748,0.146065,0.09,1,1465498,1465023,475
119101961,28.942,41.4388,451,29819,0.181213,0.09,1,1465524,1465073,451
119104881,7.3884,29.0878,427,29890,0.204243,0.11,1,1465526,1465099,427
119107801,75.8777,80.2176,427,29961,0.272849,0.11,1,1465619,1465192,427
119110721,111.976,114.444,425,30032,0.27057,0.09,1,1465740,1465315,425
119113641,55.1951,54.8887,426,30102,0.270114,0.09,1,1465781,1465355,426
119116561,38.239,35.7777,429,30172,0.302023,0.15,1,1465815,1465386,429
119119481,33.2478,32.7555,429,30242,0.340405,0.13,1,1465847,1465418,429
119122401,29.0496,29.7511,428,30312,0.332081,0.13,1,1465875,1465447,428
119125321,7.40991,7.55022,428,30382,0.330416,0.15,1,1465877,1465449,428
119128241,41.482,40.71,429,30452,0.394083,0.19,1,1465927,1465498,429
119131161,31.4964,28.942,432,30521,0.470817,0.21,1,1465956,1465524,432
119134081,7.89928,7.3884,432,30590,0.486163,0.29,1,1465958,1465526,432
119137001,77.5799,75.8777,434,30659,0.569233,0.27,1,1466053,1465619,434
119139921,112.316,111.976,434,30728,0.585847,0.27,1,1466174,1465740,434
119142841,56.0632,55.1951,435,30797,0.589169,0.31,1,1466216,1465781,435
119145761,40.0126,38.239,437,30866,0.621834,0.35,1,1466252,1465815,437
119148681,34.4025,33.2478,438,30935,0.660367,0.33,1,1466285,1465847,438
119151601,30.0805,29.0496,439,31003,0.668073,0.33,1,1466314,1465875,439
119154521,7.6161,7.40991,439,31071,0.669615,0.41,1,1466316,1465877,439
119157441,44.7232,41.482,443,31139,0.637923,0.49,1,1466370,1465927,443
119160361,34.5446,31.4964,446,31207,0.647585,0.49,1,1466402,1465956,446
119163281,8.50893,7.89928,446,31275,0.665517,0.59,1,1466404,1465958,446
119166201,80.1018,77.5799,449,31343,0.701103,0.59,1,1466502,1466053,449
119169121,113.62,15.516,571,31411,0.708221,0.59,1,1466624,1466053,571
119172041,56.3241,99.9032,492,31478,0.709644,0.59,1,1466666,1466174,492
119174961,41.6648,53.5806,488,31545,0.725929,0.63,1,1466704,1466216,488
119177881,35.533,39.5161,486,31612,0.697186,0.67,1,1466738,1466252,486
119180801,31.1066,34.3032,483,31679,0.707437,0.67,1,1466768,1466285,483
119183721,7.82132,30.0606,456,31746,0.709487,0.67,1,1466770,1466314,456
119186641,43.1643,7.61213,506,31813,0.757897,0.63,2,1466822,1466316,506
119189561,35.8329,44.7224,486,31880,0.73558,0.65,1,1466856,1466370,486
119192481,8.76657,34.5445,456,31946,0.731116,0.67,1,1466858,1466402,456
119195401,81.7533,8.5089,554,32012,0.810223,0.71,2,1466958,1466404,554
119198321,113.951,80.1018,578,32078,0.842045,0.71,2,1467080,1466502,578
119201241,57.1901,113.62,499,32144,0.896409,0.71,2,1467123,1466624,499
119204161,41.838,56.3241,495,32210,0.875282,0.73,2,1467161,1466666,495
119207081,33.9676,41.6648,489,32276,0.887056,0.69,2,1467193,1466704,489
119210001,32.3935,35.533,487,32342,0.921411,0.71,2,1467225,1466738,487
119212921,8.0787,31.1066,459,32407,0.928282,0.71,2,1467227,1466768,459
119215841,44.8157,7.82132,511,32472,0.929656,0.77,2,1467281,1466770,511
119218761,34.5631,43.1643,491,32537,0.929931,0.73,2,1467313,1466822,491
119221681,8.51263,35.8329,459,32602,0.929986,0.73,2,1467315,1466856,459
119326801,32,127,498,34861,0.53,1,1,1468997,1468499,498
119329721,28.8,46.2,500,34922,0.386,1,1,1469025,1468525,500
119332641,34.56,27.64,513,34983,0.2292,1,1,1469061,1468548,513
119335561,28.512,27.128,513,35043,0.18184,1,1,1469088,1468575,513
119338481,28.9024,36.6256,503,35103,0.060368,1,1,1469117,1468614,503
119341401,26.5805,26.5251,505,35163,0.0520736,1,1,1469143,1468638,505
119344321,27.7161,29.305,503,35223,0.0344147,0.93,1,1469171,1468668,503
119347241,34.3432,29.061,510,35283,0.0148829,0.93,1,1469207,1468697,510
119350161,24.4686,37.8122,492,35343,0.0429766,0.97,1,1469229,1468737,492
119353081,68.8937,25.1624,550,35403,0.00859532,0.83,1,1469309,1468759,550
119356001,98.5787,77.0325,566,35463,0.0737191,0.55,1,1469415,1468849,566
119358921,41.3157,108.206,477,35523,0.150744,0.53,1,1469442,1468965,477
119361841,22.6631,47.2413,463,35583,0.166149,0.35,1,1469460,1468997,463
119364761,32.5326,31.8483,470,35642,0.16923,0.19,1,1469495,1469025,470
119367681,8.10653,35.1697,436,35701,0.185846,0.17,1,1469497,1469061,436
119370601,20.0213,28.6339,432,35760,0.237169,0.03,1,1469520,1469088,432
119373521,24.0043,28.9268,428,35819,0.199434,0.05,1,1469545,1469117,428
119376441,24.0009,26.5854,426,35878,0.175887,0.03,1,1469569,1469143,426
119379361,24.8002,27.7171,423,35937,0.187177,0.01,1,1469594,1469171,423
119382281,32.96,34.3434,422,35996,0.0374355,0.05,1,1469629,1469207,422
119385201,24.992,24.4687,423,36055,0.0314871,0,1,1469652,1469229,423
119388121,69.7984,68.8937,424,36114,0.00629742,0.09,1,1469733,1469309,424
119391041,101.96,98.5787,428,36173,0.0732595,0.17,1,1469843,1469415,428
119393961,43.5919,41.3157,430,36231,0.150652,0.17,1,1469872,1469442,430
119396881,22.3184,22.6631,429,36289,0.19813,0.17,1,1469889,1469460,429
119399801,34.0637,32.5326,431,36347,0.223626,0.19,1,1469926,1469495,431
119402721,8.41274,8.10653,431,36405,0.228725,0.25,1,1469928,1469497,431
119405641,19.2825,20.0213,430,36463,0.229745,0.19,1,1469950,1469520,430
119408561,25.4565,24.0043,432,36521,0.261949,0.17,1,1469977,1469545,432
119411481,22.6913,24.0009,430,36579,0.26839,0.19,1,1469999,1469569,430
119414401,20.5383,24.8002,425,36637,0.285678,0,1,1470019,1469594,425
119417321,30.5077,32.96,423,36695,0.273136,0.03,1,1470052,1469629,423
119420241,24.5015,24.992,423,36753,0.190627,0,1,1470075,1469652,423
119423161,68.9003,69.7984,422,36810,0.0781254,0.09,1,1470155,1469733,422
119426081,105.78,101.96,427,36867,0.0556251,0.17,1,1470270,1469843,427
119429001,47.556,43.5919,431,36924,0.083125,0.21,1,1470303,1469872,431
119431921,22.3112,22.3184,430,36981,0.072625,0.23,1,1470319,1469889,430
119434841,36.4622,34.0637,433,37038,0.102525,0.23,1,1470359,1469926,433
119437761,8.89245,8.41274,433,37095,0.108505,0.23,1,1470361,1469928,433
119440681,19.3785,19.2825,433,37152,0.157701,0.23,1,1470383,1469950,433
119443601,26.2757,3.85651,461,37209,0.15154,0.27,1,1470411,1469950,461
119446521,23.6551,22.3713,457,37266,0.134308,0.27,1,1470434,1469977,457
119449441,20.731,22.0743,455,37323,0.146862,0.29,1,1470454,1469999,455
119452361,26.5462,20.4149,463,37380,0.149372,0.27,1,1470482,1470019,463
119455281,22.9092,30.483,452,37437,0.149874,0.17,1,1470504,1470052,452
119458201,63.7818,24.4966,503,37493,0.165975,0.05,1,1470578,1470075,503
119461121,103.156,68.8993,536,37549,0.201195,0.05,1,1470691,1470155,536
119464041,48.6313,105.78,456,37605,0.192239,0.09,1,1470726,1470270,456
119466961,23.3263,47.556,440,37661,0.174448,0.07,1,1470743,1470303,440
119469881,38.2653,22.3112,466,37717,0.20289,0.11,1,1470785,1470319,466
119472801,9.25305,36.4622,428,37773,0.208578,0.11,1,1470787,1470359,428
119475721,20.2506,8.89245,449,37829,0.273716,0.17,1,1470810,1470361,449
119478641,27.2501,19.3785,456,37885,0.286743,0.15,1,1470839,1470383,456
119481561,23.85,26.2757,451,37941,0.305349,0.13,1,1470862,1470411,451
119484481,20.77,23.6551,448,37997,0.29307,0.15,1,1470882,1470434,448
119487401,26.554,20.731,456,38053,0.290614,0.15,1,1470910,1470454,456
119490321,22.9108,26.5462,450,38109,0.290123,0.15,1,1470932,1470482,450
119493241,65.3822,22.9092,504,38164,0.306025,0.17,1,1471008,1470504,504
119496161,104.276,63.7818,544,38219,0.309205,0.21,1,1471122,1470578,544
119499081,48.0553,103.156,465,38274,0.325841,0.19,1,1471156,1470691,465
119502001,23.2111,48.6313,447,38329,0.345168,0.17,1,1471173,1470726,447
119504921,39.8422,23.3263,474,38384,0.333034,0.21,1,1471217,1470743,474
119507841,9.56844,38.2653,434,38439,0.330607,0.21,1,1471219,1470785,434
119510761,23.5137,9.25305,459,38494,0.330121,0.29,1,1471246,1470787,459
119513681,27.1027,20.2506,464,38549,0.330024,0.29,1,1471274,1470810,464
119516601,23.0205,27.2501,457,38604,0.346005,0.31,1,1471296,1470839,457
119519521,6.20411,23.85,436,38659,0.365201,0.29,1,1471298,1470862,436
119522441,17.2408,20.77,436,38714,0.36904,0.29,1,1471318,1470882,436
119525361,25.8482,26.554,436,38769,0.401808,0.29,1,1471346,1470910,436
119528281,22.7696,22.9108,436,38823,0.376362,0.31,1,1471368,1470932,436
119531201,64.5539,65.3822,435,38877,0.403272,0.31,1,1471443,1471008,435
119534121,105.711,104.276,437,38931,0.440654,0.33,1,1471559,1471122,437
119537041,49.1422,48.0553,438,38985,0.480131,0.35,1,1471594,1471156,438
119539961,22.6284,23.2111,437,39039,0.504026,0.33,1,1471610,1471173,437
119542881,40.5257,39.8422,438,39093,0.540805,0.33,1,1471655,1471217,438
119545801,9.70514,9.56844,438,39147,0.548161,0.33,1,1471657,1471219,438
119548721,23.541,23.5137,438,39201,0.533632,0.33,1,1471684,1471246,438
119551641,27.1082,27.1027,438,39255,0.626726,0.35,1,1471712,1471274,438
119554561,24.6216,23.0205,440,39309,0.661345,0.37,1,1471736,1471296,440
119557481,6.52433,6.20411,440,39363,0.668269,0.37,1,1471738,1471298,440
119560401,17.3049,17.2408,440,39417,0.701654,0.41,1,1471758,1471318,440
119563321,25.861,25.8482,440,39471,0.724331,0.37,1,1471786,1471346,440
119566241,22.7722,22.7696,440,39525,0.728866,0.41,1,1471808,1471368,440
119569161,66.1544,64.5539,442,39578,0.745773,0.45,1,1471885,1471443,442
119572081,107.631,105.711,444,39631,0.765155,0.49,2,1472003,1471559,444
119575001,51.9262,49.1422,447,39684,0.801031,0.51,2,1472041,1471594,447
119577921,23.9852,22.6284,448,39737,0.808206,0.55,2,1472058,1471610,448
119580841,41.597,40.5257,449,39790,0.825641,0.55,2,1472104,1471655,449
119583761,9.91941,9.70514,449,39843,0.861128,0.53,2,1472106,1471657,449
119586681,23.5839,23.541,449,39896,0.852226,0.65,2,1472133,1471684,449
119589601,29.5168,27.1082,452,39949,0.834445,0.67,2,1472164,1471712,452
119592521,29.1034,24.6216,457,40002,0.846889,0.67,2,1472193,1471736,457
119595441,7.42067,6.52433,457,40055,0.881378,0.71,2,1472195,1471738,457
119598361,17.4841,17.3049,457,40108,0.920276,0.71,2,1472215,1471758,457
119601281,25.8968,3.46097,485,40161,0.896055,0.73,2,1472243,1471758,485
119604201,22.7794,23.0922,479,40214,0.907211,0.73,2,1472265,1471786,479
119607121,67.7559,22.2184,536,40267,0.925442,0.75,2,1472344,1471808,536
119829041,68,45,446,19818,0.17,0.05,1,1475390,1474944,446
119831961,68,50.6,462,19925,0.186,0.03,1,1475458,1474996,462
119834881,65.6,70.12,452,20031,0.1092,0.03,1,1475523,1475071,452
119837801,64.32,55.624,464,20137,0.10984,0.11,1,1475587,1475123,464
119840721,37.664,62.3248,431,20242,0.189968,0.11,1,1475618,1475187,431
119843641,109.933,100.465,449,20347,0.253994,0.11,1,1475746,1475297,449
119846561,78.7866,40.093,495,20451,0.298799,0.17,1,1475817,1475322,495
119849481,70.9573,62.4186,496,20555,0.33976,0.19,1,1475886,1475390,496
119852401,64.5915,66.8837,491,20658,0.363952,0.09,1,1475949,1475458,491
119855321,65.7183,65.3767,492,20761,0.38479,0.11,1,1476015,1475523,492
119858241,38.7437,64.2753,460,20863,0.388958,0.21,1,1476047,1475587,460
119861161,114.149,37.6551,562,20965,0.453792,0.27,1,1476180,1475618,562
119864081,24.4297,109.931,436,21066,0.466758,0.31,1,1476182,1475746,436
119867001,62.486,78.7862,437,21167,0.469352,0.35,1,1476254,1475817,437
119869921,69.2972,70.9572,439,21267,0.46987,0.37,1,1476325,1475886,439
119872841,65.0594,64.5914,440,21367,0.485974,0.39,1,1476389,1475949,440
119875761,66.6119,65.7183,441,21466,0.521195,0.39,1,1476456,1476015,441
119878681,38.9224,38.7437,441,21565,0.592239,0.47,1,1476488,1476047,441
119881601,117.384,114.149,445,21663,0.718448,0.47,1,1476625,1476180,445
119884521,25.0769,24.4297,445,21761,0.71169,0.47,1,1476627,1476182,445
119887441,63.4154,62.486,446,21858,0.742338,0.47,1,1476700,1476254,446
119890361,68.6831,69.2972,445,21955,0.732468,0.49,1,1476770,1476325,445
119893281,66.5366,65.0594,447,22052,0.778494,0.53,2,1476836,1476389,447
119896201,68.5073,66.6119,449,22148,0.771699,0.61,2,1476905,1476456,449
119899121,40.1015,38.9224,450,22244,0.72234,0.75,1,1476938,1476488,450
119902041,123.22,117.384,457,22339,0.776468,0.71,2,1477082,1476625,457
119904961,26.2441,25.0769,457,22434,0.755294,0.75,2,1477084,1476627,457
119907881,63.6488,63.4154,457,22529,0.799059,0.75,2,1477157,1476700,457
119910801,68.7298,12.6831,527,22623,0.791812,0.73,2,1477227,1476700,527
119913721,67.346,58.5366,524,22717,0.822362,0.79,2,1477294,1476770,524
119916641,67.8692,64.5073,526,22810,0.844472,0.77,2,1477362,1476836,526
119919561,39.1738,68.1015,489,22903,0.864895,0.71,2,1477394,1476905,489
120013001,139,38,619,25699,0.59,0.95,1,1479447,1478828,619
120015921,54.2,120.4,511,25781,0.574,1,1,1479480,1478969,511
120018841,50.84,57.68,519,25863,0.5708,0.98,1,1479530,1479011,519
120021761,70.968,45.936,552,25945,0.52216,1,1,1479606,1479054,552
120024681,46.9936,75.5872,510,26027,0.496432,0.94,1,1479647,1479137,510
120027601,31.7987,44.7174,501,26108,0.523286,1,1,1479675,1479174,501
120030521,42.3597,35.3435,513,26189,0.512657,0.86,1,1479720,1479207,513
120033441,47.6719,45.4687,514,26270,0.494531,0.81,1,1479769,1479255,514
120036361,109.534,51.4937,586,26351,0.490906,0.59,1,1479894,1479308,586
120039281,49.9069,121.499,482,26431,0.506181,0.57,1,1479929,1479447,482
120042201,51.5814,50.6997,501,26511,0.637236,0.57,1,1479981,1479480,501
120045121,64.7163,50.1399,519,26591,0.615447,0.51,1,1480049,1479530,519
120048041,47.3433,70.828,486,26671,0.627089,0.49,1,1480092,1479606,486
120050961,31.8687,46.9656,473,26750,0.661418,0.53,1,1480120,1479647,473
120053881,43.1737,31.7931,491,26829,0.668284,0.51,1,1480166,1479675,491
120056801,47.0347,42.3586,494,26908,0.669657,0.49,1,1480214,1479720,494
120059721,11.0069,47.6717,447,26987,0.669931,0.49,1,1480216,1479769,447
120062641,103.001,109.534,448,27065,0.701986,0.51,1,1480342,1479894,448
120065561,50.2003,49.9069,450,27143,0.756397,0.67,2,1480379,1479929,450
120068481,52.4401,51.5814,451,27221,0.751279,0.61,2,1480432,1479981,451
120071401,65.688,64.7163,452,27299,0.766256,0.63,2,1480501,1480049,452
120074321,49.9376,47.3433,455,27377,0.817251,0.67,2,1480547,1480092,455
120077241,32.3875,31.8687,455,27454,0.84345,0.67,2,1480575,1480120,455
120080161,43.2775,43.1737,455,27531,0.86469,0.67,2,1480621,1480166,455
120083081,47.0555,47.0347,455,27608,0.884938,0.67,2,1480669,1480214,455
120086001,11.0111,11.0069,455,27685,0.920988,0.71,2,1480671,1480216,455
120223241,37,30,495,31073,0.77,1,2,1483086,1482591,495
120226161,73,75.6,490,31141,0.466,1,1,1483168,1482678,490
120229081,61,74.32,474,31209,0.2612,1,1,1483226,1482752,474
120232001,59.4,42.864,498,31277,0.12424,1,1,1483285,1482787,498
120234921,31.08,8.5728,522,31345,0.080848,1,1,1483309,1482787,522
120237841,39.816,17.7146,544,31413,0.0241696,1,1,1483351,1482807,544
120240761,39.1632,60.3429,512,31480,0.0448339,0.94,1,1483390,1482878,512
120243681,38.2326,42.4686,512,31547,0.0489668,0.93,1,1483428,1482916,512
120246601,42.0465,43.6937,511,31614,0.0177934,0.91,1,1483471,1482960,511
120249521,36.4093,43.9387,502,31681,0.0275587,0.89,1,1483506,1483004,502
120252441,32.8819,44.7877,489,31748,0.0135117,0.77,1,1483538,1483049,489
120255361,64.1764,38.5575,524,31815,0.0427023,0.39,1,1483610,1483086,524
120258281,48.8353,73.3115,487,31881,0.0805405,0.21,1,1483655,1483168,487
120261201,51.3671,61.0623,481,31947,0.0401081,0.09,1,1483707,1483226,481
120264121,30.2734,59.4125,447,32013,0.0640216,0.07,1,1483732,1483285,447
120267041,38.8547,31.0825,464,32079,0.0528043,0.01,1,1483773,1483309,464
120269961,38.1709,39.8165,460,32145,0.0345609,0.05,1,1483811,1483351,460
120272881,38.0342,39.1633,459,32211,0.0149122,0.05,1,1483849,1483390,459
120275801,42.0068,38.2327,464,32277,0.0269824,0.01,1,1483892,1483428,464
120278721,36.4014,42.0465,456,32343,0.0133965,0.03,1,1483927,1483471,456
120281641,32.8803,36.4093,453,32408,0.0266793,0.01,1,1483959,1483506,453
120284561,65.7761,32.8819,495,32473,0.0133359,0.05,1,1484033,1483538,495
120287481,49.1552,64.1764,468,32538,0.0746672,0.09,1,1484078,1483610,468
120290401,49.831,48.8353,473,32603,0.0709334,0.03,1,1484128,1483655,473
120293321,32.3662,51.3671,449,32668,0.0381867,0.07,1,1484156,1483707,449
120296241,36.8732,30.2734,462,32733,0.0316373,0.05,1,1484194,1483732,462
120299161,8.97465,38.8547,423,32798,0.0303275,0.03,1,1484196,1483773,423
120302081,31.3949,38.1709,422,32862,0.0300655,0.01,1,1484233,1483811,422
120305001,36.679,38.0342,422,32926,0.0060131,0.03,1,1484271,1483849,422
120307921,41.7358,42.0068,422,32990,0.0412026,0.01,1,1484314,1483892,422
120310841,37.9472,36.4014,424,33054,0.0482405,0.03,1,1484351,1483927,424
120313761,31.5894,32.8803,422,33118,0.0336481,0.01,1,1484381,1483959,422
120316681,67.1179,65.7761,424,33182,0.0947296,0.09,1,1484457,1484033,424
120319601,47.8236,49.1552,422,33246,0.106946,0.07,1,1484500,1484078,422
120322521,51.9647,49.831,425,33310,0.189389,0.03,1,1484553,1484128,425
120325441,31.1929,32.3662,423,33373,0.173878,0.03,1,1484579,1484156,423
120328361,35.8386,36.8732,422,33436,0.0747756,0.03,1,1484616,1484194,422
120331281,8.76772,8.97465,422,33499,0.0549551,0.03,1,1484618,1484196,422
120334201,31.3535,31.3949,422,33562,0.050991,0,1,1484655,1484233,422
120337121,36.6707,36.679,422,33625,0.0101982,0.05,1,1484693,1484271,422
120340041,41.7341,41.7358,422,33688,0.0420396,0.05,1,1484736,1484314,422
120342961,37.9468,37.9472,422,33751,0.0484079,0.03,1,1484773,1484351,422
120345881,31.5894,31.5894,422,33814,0.0336816,0.11,1,1484803,1484381,422
120348801,69.5179,67.1179,425,33877,0.0467363,0.11,1,1484882,1484457,425
120351721,51.5036,47.8236,429,33939,0.0653473,0.21,1,1484929,1484500,429
120354641,55.1007,51.9647,432,34001,0.101069,0.17,1,1484985,1484553,432
120357561,30.2201,31.1929,430,34063,0.108214,0.05,1,1485009,1484579,430
120360481,29.244,35.8386,422,34125,0.125643,0.05,1,1485038,1484616,422
120363401,7.44881,8.76772,422,34187,0.0971286,0.05,1,1485040,1484618,422
120366321,32.6898,31.3535,424,34249,0.155426,0.05,1,1485079,1484655,424
120369241,34.538,6.27071,459,34311,0.103085,0,1,1485114,1484655,459
120372161,41.3076,31.6541,464,34373,0.044617,0.05,1,1485157,1484693,464
120375081,37.8615,40.7308,458,34435,0.0329234,0.05,1,1485194,1484736,458
120378001,31.5723,37.7462,451,34496,0.0305847,0.03,1,1485224,1484773,451
120380921,69.5145,31.5492,500,34557,0.0301169,0.05,1,1485303,1484803,500
120383841,53.9029,69.5098,471,34618,0.0460234,0.07,1,1485353,1484882,471
120386761,55.5806,51.502,480,34679,0.0812047,0.11,1,1485409,1484929,480
120389681,30.3161,55.1004,448,34740,0.104241,0.11,1,1485433,1484985,448
120392601,30.8632,30.2201,455,34801,0.156848,0.13,1,1485464,1485009,455
120395521,7.77264,29.244,428,34862,0.13537,0.09,1,1485466,1485038,428
120398441,34.3545,7.4488,467,34923,0.179074,0.17,1,1485507,1485040,467
120401361,29.2709,32.6898,456,34984,0.187815,0.09,1,1485535,1485079,456
120404281,40.2542,34.538,464,35044,0.205563,0.03,1,1485578,1485114,464
120407201,39.2508,41.3076,460,35104,0.0651126,0.03,1,1485617,1485157,460
120410121,30.2502,37.8615,451,35164,0.0370225,0.03,1,1485645,1485194,451
120413041,70.05,31.5723,501,35224,0.0314045,0.03,1,1485725,1485224,501
120415961,54.81,69.5145,473,35284,0.0622809,0.05,1,1485776,1485303,473
120418881,58.162,53.9029,482,35344,0.0524562,0.09,1,1485835,1485353,482
120421801,31.6324,55.5806,451,35404,0.0984912,0.11,1,1485860,1485409,451
120424721,31.9265,30.3161,459,35464,0.107698,0.17,1,1485892,1485433,459
120427641,7.9853,30.8632,430,35524,0.14154,0.13,1,1485894,1485464,430
120430561,35.1971,7.77264,470,35584,0.164308,0.19,1,1485936,1485466,470
120433481,30.2394,34.3545,458,35643,0.152862,0.19,1,1485965,1485507,458
120436401,7.64788,29.2709,432,35702,0.166572,0.21,1,1485967,1485535,432
120439321,34.3296,40.2542,430,35761,0.185314,0.03,1,1486008,1485578,430
120442241,34.0659,39.2508,425,35820,0.189063,0.03,1,1486042,1485617,425
120445161,26.8132,30.2502,422,35879,0.205813,0.03,1,1486067,1485645,422
120448081,70.1626,70.05,423,35938,0.177163,0.07,1,1486148,1485725,423
120451001,56.4325,54.81,425,35997,0.171433,0.05,1,1486201,1485776,425
120453921,59.2865,58.162,426,36056,0.186287,0.11,1,1486261,1485835,426
120456841,34.2573,31.6324,429,36115,0.205257,0.11,1,1486289,1485860,429
120459761,33.2515,31.9265,430,36174,0.241051,0.15,1,1486322,1485892,430
120462681,8.25029,7.9853,430,36232,0.24821,0.17,1,1486324,1485894,430
120465601,35.2501,35.1971,430,36290,0.265642,0.15,1,1486366,1485936,430
120468521,30.25,30.2394,430,36348,0.301128,0.17,1,1486395,1485965,430
120471441,7.65,7.64788,430,36406,0.340226,0.19,1,1486397,1485967,430
120474361,35.13,34.3296,431,36464,0.348045,0.19,1,1486439,1486008,431
120477281,34.226,34.0659,431,36522,0.381609,0.21,1,1486473,1486042,431
120480201,25.2452,26.8132,429,36580,0.404322,0.17,1,1486496,1486067,429
120483121,69.049,70.1626,428,36638,0.408864,0.17,1,1486576,1486148,428
120486041,56.2098,56.4325,428,36696,0.393773,0.19,1,1486629,1486201,428
120488961,60.842,59.2865,430,36754,0.358755,0.21,1,1486691,1486261,430
120491881,36.1684,34.2573,432,36811,0.367751,0.25,1,1486721,1486289,432
120494801,34.4337,33.2515,433,36868,0.40155,0.25,1,1486755,1486322,433
120497721,8.48674,8.25029,433,36925,0.40831,0.27,1,1486757,1486324,433
120500641,36.8973,35.2501,435,36982,0.377662,0.31,1,1486801,1486366,435
120503561,32.1795,30.25,437,37039,0.355532,0.35,1,1486832,1486395,437
120506481,8.03589,7.65,437,37096,0.367106,0.35,1,1486834,1486397,437
120509401,36.8072,35.13,439,37153,0.433421,0.35,1,1486878,1486439,439
120512321,35.3614,7.026,474,37210,0.398684,0.39,1,1486913,1486439,474
120515241,24.6723,28.6052,462,37267,0.407737,0.41,1,1486935,1486473,462
120518161,68.9345,24.121,519,37324,0.441547,0.41,1,1487015,1486496,519
120521081,55.3869,68.8242,491,37381,0.448309,0.39,1,1487067,1486576,491
120524001,59.0774,56.1648,498,37438,0.465662,0.35,1,1487127,1486629,498
120526921,38.2155,60.833,469,37494,0.469132,0.37,1,1487160,1486691,469
120529841,34.8431,36.1666,473,37550,0.501826,0.41,1,1487194,1486721,473
120532761,8.56862,34.4333,441,37606,0.508365,0.41,1,1487196,1486755,441
120535681,35.3137,8.48666,481,37662,0.509673,0.37,1,1487238,1486757,481
120538601,33.4627,36.8973,470,37718,0.509935,0.35,1,1487271,1486801,470
120541521,8.29255,32.1795,441,37774,0.509987,0.37,1,1487273,1486832,441
120544441,38.4585,8.03589,485,37830,0.525997,0.45,1,1487319,1486834,485
120547361,35.6917,36.8072,476,37886,0.609199,0.39,1,1487354,1486878,476
120550281,24.7383,35.3614,463,37942,0.64184,0.41,1,1487376,1486913,463
120553201,70.5477,24.6723,523,37998,0.680368,0.45,1,1487458,1486935,523
120556121,55.7095,68.9345,495,38054,0.688074,0.45,1,1487510,1487015,495
120559041,60.7419,55.3869,505,38110,0.689615,0.47,1,1487572,1487067,505
120561961,37.7484,59.0774,477,38165,0.721923,0.47,1,1487604,1487127,477
120564881,36.3497,38.2155,480,38220,0.744385,0.51,1,1487640,1487160,480
120567801,8.86993,34.8431,448,38275,0.748877,0.51,1,1487642,1487194,448
120570721,35.374,8.56862,488,38330,0.765775,0.51,2,1487684,1487196,488
120573641,33.4748,35.3137,479,38385,0.785155,0.51,2,1487717,1487238,479
120576561,8.29496,33.4627,448,38440,0.789031,0.51,2,1487719,1487271,448
120579481,40.859,8.29255,495,38495,0.789806,0.53,2,1487768,1487273,495
120582401,39.3718,38.4585,488,38550,0.821961,0.63,2,1487807,1487319,488
120585321,25.4744,35.6917,475,38605,0.844392,0.65,2,1487829,1487354,475
120588241,6.69487,24.7383,455,38660,0.848878,0.69,2,1487831,1487376,455
120591161,67.739,70.5477,456,38715,0.897776,0.69,2,1487914,1487458,456
120594081,55.1478,55.7095,456,38770,0.891555,0.69,2,1487966,1487510,456
120789721,40,37,490,42262,0.75,1,2,1490397,1489907,490
120792641,33.6,35.4,487,42312,0.654,1,1,1490429,1489942,487
120795561,36.32,25.48,501,42362,0.4588,1,1,1490466,1489965,501
120798481,34.464,33.896,499,42412,0.32376,1,1,1490500,1490001,499
120801401,30.0928,34.7792,493,42462,0.136752,1,1,1490529,1490036,493
120804321,35.6186,34.9558,495,42512,0.0353504,1,1,1490566,1490071,495
120807241,31.1237,30.9912,495,42562,0.00707008,1,1,1490596,1490101,495
120810161,30.2247,26.1982,500,42612,0.041414,1,1,1490626,1490126,500
120813081,27.6449,35.6396,489,42662,0.0482828,1,1,1490653,1490164,489
120816001,25.529,31.9279,483,42711,0.0176566,0.99,1,1490678,1490195,483
120818921,25.1058,24.7856,485,42760,0.0435313,1,1,1490703,1490218,485
120821841,26.6212,26.5571,485,42809,0.0487063,0.95,1,1490730,1490245,485
120824761,27.7242,38.1114,472,42858,0.0337413,0.85,1,1490758,1490286,472
120827681,54.3448,64.4223,462,42907,0.0307482,0.75,1,1490819,1490357,462
120830601,38.869,44.8845,457,42956,0.0141497,0.63,1,1490854,1490397,457
120833521,27.7738,34.5769,450,43005,0.0428299,0.63,1,1490879,1490429,450
120836441,25.5548,6.91538,475,43054,0.048566,0.41,1,1490904,1490429,475
120839361,28.311,30.9831,467,43103,0.0497132,0.29,1,1490933,1490466,467
120842281,23.2622,33.3966,455,43152,0.0499426,0.09,1,1490955,1490500,455
120845201,30.2524,29.8793,458,43201,0.0499885,0.01,1,1490987,1490529,458
120848121,30.8505,35.5759,452,43250,0.0339977,0,1,1491018,1490566,452
120851041,29.3701,31.1152,451,43299,0.0307995,0.05,1,1491047,1490596,451
120853961,28.274,30.223,449,43348,0.0301599,0.05,1,1491075,1490626,449
120856881,26.4548,27.6446,448,43397,0.00603198,0.01,1,1491101,1490653,448
120859801,25.291,25.5289,448,43446,0.0252064,0.05,1,1491126,1490678,448
120862721,28.2582,25.1058,452,43495,0.0290413,0.05,1,1491155,1490703,452
120865641,24.8516,26.6212,449,43544,0.0138083,0.03,1,1491179,1490730,449
120868561,53.7703,27.7242,482,43592,0.0427616,0.03,1,1491240,1490758,482
120871481,39.5541,54.3448,457,43640,0.0165523,0.01,1,1491276,1490819,457
120874401,29.5108,38.869,449,43688,0.0913105,0.05,1,1491303,1490854,449
120877321,23.5022,27.7738,446,43736,0.0902621,0.05,1,1491325,1490879,446
120880241,27.9004,25.5548,450,43784,0.106052,0.05,1,1491354,1490904,450
120883161,23.9801,28.311,444,43832,0.10921,0.05,1,1491377,1490933,444
120886081,30.396,23.2622,454,43880,0.0778421,0.05,1,1491409,1490955,454
120889001,30.0792,30.2524,452,43928,0.0395684,0.03,1,1491439,1490987,452
120891921,29.2158,30.8505,450,43976,0.0799137,0.03,1,1491468,1491018,450
120894841,29.8432,29.3701,451,44024,0.0399827,0.03,1,1491498,1491047,451
120897761,25.1686,28.274,447,44072,0.00799655,0,1,1491522,1491075,447
120900681,26.6337,26.4548,448,44120,0.0255993,0.03,1,1491549,1491101,448
120903601,26.9267,25.291,450,44168,0.0291199,0.03,1,1491576,1491126,450
120906521,26.1853,28.2582,447,44216,0.045824,0.01,1,1491602,1491155,447
120909441,53.2371,24.8516,483,44264,0.0491648,0.05,1,1491662,1491179,483
120912361,39.4474,53.7703,458,44312,0.017833,0.01,1,1491698,1491240,458
120915281,31.8895,39.5541,452,44360,0.0755666,0.11,1,1491728,1491276,452
120918201,24.7779,29.5108,448,44408,0.0871133,0.09,1,1491751,1491303,448
120921121,26.5556,23.5022,453,44456,0.105423,0.11,1,1491778,1491325,453
120924041,6.91112,27.9004,426,44503,0.125085,0.11,1,1491780,1491354,426
120926961,20.5822,23.9801,427,44550,0.129017,0.07,1,1491804,1491377,427
120929881,25.7164,30.396,422,44597,0.161803,0.03,1,1491831,1491409,422
120932801,29.9433,30.0792,423,44644,0.0723607,0.09,1,1491862,1491439,423
120935721,29.9887,29.2158,424,44691,0.0544721,0.03,1,1491892,1491468,424
120938641,29.9977,29.8432,424,44738,0.0188944,0,1,1491922,1491498,424
120941561,23.5995,25.1686,422,44785,0.00377889,0.03,1,1491944,1491522,422
120944481,27.9199,26.6337,424,44832,0.000755777,0.03,1,1491973,1491549,424
120947401,27.184,26.9267,424,44879,0.0241512,0.05,1,1492000,1491576,424
120950321,26.2368,26.1853,424,44926,0.0448302,0.05,1,1492026,1491602,424
120953241,52.4474,53.2371,423,44973,0.032966,0.01,1,1492085,1491662,423
120956161,40.0895,39.4474,424,45020,0.0305932,0.09,1,1492122,1491698,424
120959081,33.6179,31.8895,426,45067,0.0141186,0.09,1,1492154,1491728,426
120962001,25.1236,24.7779,426,45114,0.0908237,0.11,1,1492177,1491751,426
120964921,28.2247,26.5556,428,45161,0.106165,0.13,1,1492206,1491778,428
120967841,7.24494,6.91112,428,45208,0.141233,0.13,1,1492208,1491780,428
120970761,20.649,20.5822,428,45255,0.116247,0.17,1,1492232,1491804,428
120973681,24.1298,25.7164,426,45302,0.207249,0.05,1,1492257,1491831,426
120976601,26.426,29.9433,422,45349,0.20945,0.05,1,1492284,1491862,422
120979521,30.8852,29.9887,424,45396,0.14589,0.01,1,1492316,1491892,424
120982441,28.577,29.9977,422,45442,0.165178,0,1,1492344,1491922,422
120985361,23.3154,23.5995,422,45488,0.0730356,0,1,1492366,1491944,422
120988281,27.8631,27.9199,422,45534,0.0146071,0.03,1,1492395,1491973,422
120991201,27.1726,27.184,422,45580,0.0429214,0.05,1,1492422,1492000,422
120994121,26.2345,26.2368,422,45626,0.0165843,0.03,1,1492448,1492026,422
120997041,53.2469,52.4474,423,45672,0.0433169,0.03,1,1492508,1492085,423
120999961,39.4494,40.0895,422,45718,0.0326634,0.01,1,1492544,1492122,422
121002881,33.4899,33.6179,422,45764,0.0465327,0.11,1,1492576,1492154,422
121005801,27.498,25.1236,425,45810,0.0333065,0.11,1,1492602,1492177,425
121008721,30.2996,28.2247,427,45856,0.0146613,0.15,1,1492633,1492206,427
121011641,7.65992,7.24494,427,45902,0.0429323,0.11,1,1492635,1492208,427
121014561,20.732,20.649,427,45948,0.0645864,0.11,1,1492659,1492232,427
121017481,26.5464,4.1298,455,45994,0.0689173,0.23,1,1492687,1492232,455
121020401,24.5093,20.826,454,46040,0.0857835,0.21,1,1492711,1492257,454
121023321,30.5019,25.7652,459,46086,0.105157,0.13,1,1492743,1492284,459
121026241,28.5004,30.753,455,46132,0.141031,0.17,1,1492771,1492316,455
121029161,18.5001,28.5506,443,46178,0.148206,0.05,1,1492787,1492344,443
121032081,26.9,23.3101,450,46224,0.101641,0,1,1492816,1492366,450
121035001,26.98,27.862,448,46270,0.0283282,0.05,1,1492843,1492395,448
121037921,26.196,27.1724,447,46316,0.0296657,0.01,1,1492869,1492422,447
121040841,53.2392,26.2345,481,46362,0.0299331,0.05,1,1492929,1492448,481
121043761,39.4478,53.2469,457,46407,0.00598663,0.03,1,1492965,1492508,457
121046681,33.4896,39.4494,453,46452,0.0251973,0.05,1,1492997,1492544,453
121049601,27.4979,33.4899,447,46497,0.0290395,0.03,1,1493023,1492576,447
121052521,30.2996,27.498,452,46542,0.0298079,0.01,1,1493054,1492602,452
121055441,7.65992,30.2996,423,46587,0.0299616,0.05,1,1493056,1492633,423
121058361,21.532,7.65992,446,46632,0.0299923,0.07,1,1493081,1492635,446
121061281,28.3064,20.732,452,46677,0.0299985,0.07,1,1493111,1492659,452
121064201,25.6613,26.5464,449,46722,0.0619997,0.09,1,1493136,1492687,449
121067121,32.3323,24.5093,459,46767,0.1004,0.11,1,1493170,1492711,459
121070041,29.6665,30.5019,456,46812,0.09208,0.15,1,1493199,1492743,456
121072961,18.7333,28.5004,444,46857,0.090416,0.15,1,1493215,1492771,444
121075881,21.3467,18.5001,450,46902,0.0900832,0.09,1,1493237,1492787,450
121078801,25.8693,26.9,448,46947,0.0740166,0.01,1,1493264,1492816,448
121081721,26.7739,26.98,448,46992,0.0548033,0.03,1,1493291,1492843,448
121084641,52.5548,26.196,481,47037,0.0669607,0.03,1,1493350,1492869,481
121087561,40.111,53.2392,458,47082,0.0133921,0,1,1493387,1492929,458
121090481,34.4222,39.4478,455,47127,0.0746784,0.03,1,1493420,1492965,455
121093401,26.8844,33.4896,448,47172,0.118936,0.03,1,1493445,1492997,448
121096321,30.1769,27.4979,453,47217,0.127787,0.03,1,1493476,1493023,453
121099241,7.63538,30.2996,424,47262,0.129557,0.03,1,1493478,1493054,424
121102161,21.5271,7.65992,447,47307,0.145911,0.03,1,1493503,1493056,447
121105081,28.3054,21.532,452,47352,0.149182,0.03,1,1493533,1493081,452
121108001,7.26108,28.3064,424,47397,0.149836,0.07,1,1493535,1493111,424
121110921,23.0522,25.6613,426,47441,0.213967,0.11,1,1493562,1493136,426
121113841,31.0104,32.3323,425,47485,0.178793,0.09,1,1493595,1493170,425
121116761,30.2021,29.6665,426,47529,0.187759,0.09,1,1493625,1493199,426
121119681,18.8404,18.7333,426,47573,0.189552,0.09,1,1493641,1493215,426
121122601,21.3681,21.3467,426,47617,0.25391,0.07,1,1493663,1493237,426
121125521,25.0736,25.8693,425,47661,0.266782,0.05,1,1493689,1493264,425
121128441,25.8147,26.7739,424,47705,0.285356,0.07,1,1493715,1493291,424
121131361,51.5629,52.5548,423,47749,0.305071,0,1,1493773,1493350,423
121134281,40.7126,40.111,424,47793,0.277014,0.09,1,1493811,1493387,424
121137201,36.9425,34.4222,427,47837,0.271403,0.13,1,1493847,1493420,427
121140121,28.9885,26.8844,429,47881,0.302281,0.13,1,1493874,1493445,429
121143041,29.7977,30.1769,428,47925,0.356456,0.13,1,1493904,1493476,428
121145961,7.55954,7.63538,428,47969,0.367291,0.15,1,1493906,1493478,428
121148881,22.3119,21.5271,429,48013,0.353458,0.15,1,1493932,1493503,429
121151801,29.2624,28.3054,430,48057,0.366692,0.15,1,1493963,1493533,430
121154721,7.45248,7.26108,430,48101,0.369338,0.23,1,1493965,1493535,430
121157641,23.8905,23.0522,431,48145,0.417868,0.17,1,1493993,1493562,431
121160561,30.3781,31.0104,430,48189,0.443574,0.19,1,1494025,1493595,430
121163481,30.8756,30.2021,431,48233,0.496715,0.19,1,1494056,1493625,431
121166401,19.7751,18.8404,432,48277,0.507343,0.27,1,1494073,1493641,432
121169321,22.355,21.3681,433,48321,0.525469,0.27,1,1494096,1493663,433
121172241,25.271,25.0736,433,48365,0.513094,0.29,1,1494122,1493689,433
121175161,26.6542,25.8147,434,48409,0.526619,0.31,1,1494149,1493715,434
121178081,52.5308,51.5629,435,48453,0.545324,0.27,1,1494208,1493773,435
121181001,39.3062,40.7126,433,48496,0.549065,0.27,1,1494244,1493811,433
121183921,39.0612,36.9425,436,48539,0.597813,0.31,1,1494283,1493847,436
121186841,30.2122,28.9885,437,48582,0.607563,0.37,1,1494311,1493874,437
121189761,30.8424,29.7977,438,48625,0.561512,0.37,1,1494342,1493904,438
121192681,7.76849,7.55954,438,48668,0.584303,0.35,1,1494344,1493906,438
121195601,23.1537,22.3119,439,48711,0.556861,0.37,1,1494371,1493932,439
121198521,30.2307,29.2624,440,48754,0.599372,0.37,1,1494403,1493963,440
121201441,7.64615,7.45248,440,48797,0.575874,0.43,1,1494405,1493965,440
121204361,25.5292,23.8905,442,48840,0.587175,0.43,1,1494435,1493993,442
121207281,31.5058,4.7781,475,48883,0.557435,0.45,1,1494468,1493993,475
121210201,31.9012,26.5556,475,48926,0.551487,0.51,1,1494500,1494025,475
121213121,19.9802,30.1111,461,48969,0.566297,0.51,1,1494517,1494056,461
121216041,23.196,19.6222,468,49012,0.601259,0.53,1,1494541,1494073,468
121218961,26.2392,22.3244,472,49055,0.624252,0.51,1,1494568,1494096,472
121221881,27.6478,25.2649,474,49098,0.64485,0.53,1,1494596,1494122,474
121224801,53.5296,26.653,507,49141,0.66497,0.55,1,1494656,1494149,507
121227721,39.5059,52.5306,484,49184,0.684994,0.55,1,1494692,1494208,484
121230641,39.9012,39.3061,488,49227,0.688999,0.61,1,1494732,1494244,488
121233561,30.3802,39.0612,477,49270,0.6898,0.61,1,1494760,1494283,477
121236481,30.876,30.2122,480,49313,0.67396,0.55,1,1494791,1494311,480
121239401,7.77521,30.8424,451,49356,0.670792,0.59,1,1494793,1494342,451
121242321,23.155,7.76849,476,49399,0.702158,0.55,1,1494820,1494344,476
121245241,31.031,23.1537,482,49442,0.708432,0.61,1,1494853,1494371,482
121248161,7.8062,30.2307,452,49485,0.677686,0.57,1,1494855,1494403,452
121251081,23.9612,7.64615,478,49528,0.671537,0.59,1,1494883,1494405,478
121254001,31.1922,25.5292,481,49571,0.654307,0.55,1,1494916,1494435,481
121256921,31.8384,31.5058,480,49614,0.682862,0.55,1,1494948,1494468,480
121259841,20.7677,31.9012,466,49656,0.704572,0.57,1,1494966,1494500,466
121262761,24.9535,19.9802,475,49698,0.740914,0.61,1,1494992,1494517,475
121265681,27.3907,23.196,479,49740,0.780183,0.63,2,1495020,1494541,479
121268601,28.6781,26.2392,481,49782,0.772037,0.65,2,1495049,1494568,481
121271521,55.3356,27.6478,515,49824,0.738407,0.67,1,1495111,1494596,515
121274441,39.8671,53.5296,491,49866,0.731681,0.69,1,1495147,1494656,491
121277361,39.9734,39.5059,495,49908,0.730336,0.69,1,1495187,1494692,495
121280281,30.3947,39.9012,483,49950,0.730067,0.69,1,1495215,1494732,483
121283201,30.8789,30.3802,486,49992,0.778013,0.67,2,1495246,1494760,486
121286121,7.77579,30.876,457,50034,0.755603,0.67,2,1495248,1494791,457
121289041,22.3552,7.77521,481,50076,0.783121,0.71,2,1495274,1494793,481
121291961,30.871,23.155,487,50118,0.804624,0.71,2,1495307,1494820,487
121294881,7.77421,31.031,456,50160,0.808925,0.67,2,1495309,1494853,456
121297801,23.9548,7.8062,482,50202,0.825785,0.67,2,1495337,1494855,482
121300721,31.191,23.9612,487,50244,0.829157,0.65,2,1495370,1494883,487
121303641,32.6382,31.1922,487,50286,0.893831,0.69,2,1495403,1494916,487
121306561,8.12764,31.8384,457,50328,0.906766,0.71,2,1495405,1494948,457
121309481,16.8255,20.7677,458,50370,0.925353,0.75,2,1495424,1494966,458
121505121,82,45,523,24266,0.35,0.98,1,1497422,1496899,523
121508041,80.4,86.6,506,24353,0.222,1,1,1497502,1496996,506
121510961,77.68,66.92,521,24440,0.0684,0.93,1,1497579,1497058,521
121513881,59.536,75.784,498,24527,0.03768,0.8,1,1497634,1497136,498
121516801,75.9072,68.7568,511,24613,0.063536,0.65,1,1497714,1497203,511
121519721,33.5814,72.1514,461,24699,0.0207072,0.55,1,1497737,1497276,461
121522641,24.3163,35.2303,457,24785,0.0281414,0.49,1,1497759,1497302,457
121525561,28.0633,37.4461,448,24871,0.0456283,0.35,1,1497788,1497340,448
121528481,60.8127,73.0892,435,24956,0.145126,0.19,1,1497857,1497422,435
121531401,72.1625,78.6178,430,25041,0.181025,0.03,1,1497932,1497502,430
121534321,70.4325,77.3236,423,25126,0.188205,0.03,1,1498002,1497579,423
121537241,57.2865,59.4647,422,25210,0.205641,0.07,1,1498056,1497634,422
121540161,76.2573,75.8929,423,25294,0.145128,0.01,1,1498137,1497714,423
121543081,33.6515,33.5786,423,25378,0.165026,0.03,1,1498160,1497737,423
121546001,24.3303,24.3157,423,25461,0.137005,0.03,1,1498182,1497759,423
121548921,28.0661,4.86314,452,25544,0.115401,0.05,1,1498211,1497759,452
121551841,64.0132,24.1726,496,25627,0.11108,0.17,1,1498284,1497788,496
121554761,75.2026,60.0345,505,25710,0.110216,0.19,1,1498362,1497857,505
121557681,69.4405,72.0069,498,25792,0.126043,0.19,1,1498430,1497932,498
121560601,58.6881,70.4014,484,25874,0.177209,0.21,1,1498486,1498002,484
121563521,74.1376,57.2803,508,25956,0.187442,0.13,1,1498564,1498056,508
121566441,33.2275,76.2561,450,26038,0.173488,0.17,1,1498587,1498137,450
121569361,24.2455,33.6512,449,26119,0.170698,0.13,1,1498609,1498160,449
121572281,27.2491,24.3302,455,26200,0.17014,0.11,1,1498637,1498182,455
121575201,63.8498,28.066,499,26281,0.202028,0.11,1,1498710,1498211,499
121578121,75.17,64.0132,504,26362,0.192406,0.11,1,1498788,1498284,504
121581041,70.234,75.2026,495,26442,0.238481,0.13,1,1498857,1498362,495
121583961,60.4468,69.4405,485,26522,0.279696,0.19,1,1498915,1498430,485
121586881,75.2894,58.6881,508,26602,0.303939,0.19,1,1498994,1498486,508
121589801,32.6579,74.1376,452,26682,0.308788,0.17,1,1499016,1498564,452
121592721,24.1316,33.2275,451,26761,0.309758,0.17,1,1499038,1498587,451
121595641,27.2263,24.2455,457,26840,0.309952,0.17,1,1499066,1498609,457
121598561,7.04526,27.2491,431,26919,0.30999,0.21,1,1499068,1498637,431
121601481,60.6091,63.8498,432,26998,0.357998,0.19,1,1499142,1498710,432
121604401,73.7218,75.17,431,27076,0.4316,0.25,1,1499219,1498788,431
121607321,73.9444,70.234,436,27154,0.52632,0.29,1,1499293,1498857,436
121610241,59.5889,60.4468,434,27232,0.545264,0.31,1,1499349,1498915,434
121613161,77.5178,75.2894,437,27310,0.565053,0.31,1,1499431,1498994,437
121616081,33.1036,32.6579,437,27388,0.569011,0.31,1,1499453,1499016,437
121619001,24.2207,24.1316,437,27465,0.585802,0.31,1,1499475,1499038,437
121621921,27.2441,27.2263,437,27542,0.60516,0.31,1,1499503,1499066,437
121624841,7.04883,7.04526,437,27619,0.641032,0.37,1,1499505,1499068,437
121627761,63.8098,60.6091,441,27696,0.632206,0.45,1,1499583,1499142,441
121630681,76.762,73.7218,444,27772,0.710441,0.55,1,1499663,1499219,444
121633601,78.5524,73.9444,449,27848,0.790088,0.55,2,1499742,1499293,449
121636521,60.5105,59.5889,449,27924,0.790018,0.57,2,1499798,1499349,449
121639441,78.5021,77.5178,450,28000,0.838004,0.57,2,1499881,1499431,450
121642361,33.3004,33.1036,450,28076,0.863601,0.59,2,1499903,1499453,450
121645281,25.0601,24.2207,451,28151,0.85272,0.61,2,1499926,1499475,451
121648201,28.212,27.2441,452,28226,0.898544,0.65,2,1499955,1499503,452
121651121,7.2424,7.04883,452,28301,0.907709,0.63,2,1499957,1499505,452
121654041,63.8485,63.8098,452,28376,0.893542,0.63,2,1500035,1499583,452
121656961,79.1697,12.762,535,28451,0.874708,0.73,2,1500118,1499583,535
121659881,83.0339,66.5524,539,28525,0.886942,0.81,2,1500202,1499663,539
121662801,62.2068,76.5105,517,28599,0.889388,0.79,2,1500259,1499742,517
121665721,80.4414,60.1021,546,28673,0.873878,0.85,2,1500344,1499798,546
121668641,34.4883,78.4204,486,28747,0.902776,0.87,2,1500367,1499881,486
121671561,24.4977,33.2841,486,28821,0.924555,0.85,2,1500389,1499903,486
121674481,28.8995,25.0568,493,28894,0.928911,0.91,2,1500419,1499926,493
121677401,7.37991,28.2114,466,28967,0.929782,0.91,2,1500421,1499955,466
121776681,38,0,528,31356,0.74,1,1,1502176,1501648,528
121779601,63.6,25.6,566,31423,0.636,0.94,1,1502246,1501680,566
121782521,37.52,69.92,516,31490,0.5192,1,1,1502277,1501761,516
121785441,33.104,46.784,507,31557,0.46384,1,1,1502309,1501802,507
121788361,27.4208,30.9568,506,31624,0.404768,1,1,1502335,1501829,506
121791281,23.8842,25.3914,505,31691,0.360954,0.94,1,1502358,1501853,505
121794201,35.9768,23.4783,521,31758,0.288191,1,1,1502397,1501876,521
121797121,86.3954,52.6957,560,31825,0.0976381,1,1,1502496,1501936,560
121800041,72.4791,84.1391,537,31891,0.0275276,0.75,1,1502565,1502028,537
121802961,44.8958,74.4278,503,31957,0.0455055,0.81,1,1502603,1502100,503
121805881,36.1792,45.2856,499,32023,0.0811011,0.74,1,1502637,1502138,499
121808801,53.6358,39.4571,519,32089,0.0722202,0.61,1,1502695,1502176,519
121811721,33.1272,63.8914,477,32155,0.070444,0.49,1,1502723,1502246,477
121814641,29.8254,37.5783,475,32221,0.102089,0.45,1,1502752,1502277,475
121817561,22.7651,33.1157,464,32287,0.0604178,0.39,1,1502773,1502309,464
121820481,21.353,27.4231,459,32353,0.0840836,0.35,1,1502794,1502335,459
121823401,32.2706,23.8846,471,32418,0.0728167,0.27,1,1502829,1502358,471
121826321,77.6541,35.9769,521,32483,0.102563,0.05,1,1502918,1502397,521
121829241,70.7308,86.3954,491,32548,0.0925127,0.01,1,1502987,1502496,491
121832161,45.3462,72.4791,461,32613,0.0585025,0.05,1,1503026,1502565,461
121835081,37.8692,44.8958,459,32678,0.0517005,0.09,1,1503062,1502603,459
121838001,51.5738,36.1792,480,32743,0.0983401,0.07,1,1503117,1502637,480
121840921,11.9148,53.6358,424,32808,0.107668,0.07,1,1503119,1502695,424
121843841,25.583,33.1272,425,32872,0.157534,0.11,1,1503148,1502723,425
121846761,28.3166,29.8254,425,32936,0.215507,0.05,1,1503177,1502752,425
121849681,23.2633,22.7651,426,33000,0.227101,0.09,1,1503199,1502773,426
121852601,23.0527,21.353,428,33064,0.24542,0.07,1,1503222,1502794,428
121855521,31.8105,32.2706,427,33128,0.265084,0.11,1,1503256,1502829,427
121858441,74.3621,77.6541,423,33192,0.237017,0.09,1,1503341,1502918,423
121861361,71.6724,70.7308,425,33256,0.247403,0.05,1,1503412,1502987,425
121864281,44.7345,45.3462,424,33320,0.281481,0.05,1,1503450,1503026,424
121867201,38.5469,37.8692,425,33383,0.288296,0.11,1,1503487,1503062,425
121870121,53.3094,51.5738,427,33446,0.305659,0.11,1,1503544,1503117,427
121873041,12.2619,11.9148,427,33509,0.309132,0.17,1,1503546,1503119,427
121875961,26.4524,25.583,428,33572,0.309826,0.23,1,1503576,1503148,428
121878881,30.8905,28.3166,431,33635,0.357965,0.23,1,1503608,1503177,431
121881801,23.7781,23.2633,431,33698,0.415593,0.25,1,1503630,1503199,431
121884721,24.7556,23.0527,433,33761,0.427119,0.27,1,1503655,1503222,433
121887641,32.1511,31.8105,433,33824,0.413424,0.23,1,1503689,1503256,433
121890561,74.4302,74.3621,433,33887,0.474685,0.25,1,1503774,1503341,433
121893481,72.486,71.6724,434,33949,0.454937,0.29,1,1503846,1503412,434
121896401,44.8972,44.7345,434,34011,0.498987,0.29,1,1503884,1503450,434
121899321,40.9794,38.5469,437,34073,0.491797,0.31,1,1503924,1503487,437
121902241,53.7959,53.3094,437,34135,0.538359,0.31,1,1503981,1503544,437
121905161,12.3592,12.2619,437,34197,0.547672,0.31,1,1503983,1503546,437
121908081,26.4718,26.4524,437,34259,0.565534,0.31,1,1504013,1503576,437
121911001,33.2944,5.29047,472,34321,0.553107,0.37,1,1504048,1503576,472
121913921,24.2589,26.6581,462,34383,0.582621,0.43,1,1504070,1503608,462
121916841,24.8518,22.9316,465,34444,0.572524,0.43,1,1504095,1503630,465
121919761,32.9704,24.5863,475,34505,0.554505,0.41,1,1504130,1503655,475
121922681,76.1941,32.1173,528,34566,0.614901,0.49,1,1504217,1503689,528
121925601,73.6388,74.4235,516,34627,0.61098,0.45,1,1504290,1503774,516
121928521,45.1278,72.4847,482,34688,0.626196,0.51,1,1504328,1503846,482
121931441,41.8256,44.8969,485,34749,0.645239,0.49,1,1504369,1503884,485
121934361,56.3651,40.9794,505,34810,0.665048,0.55,1,1504429,1503924,505
121937281,12.873,53.7959,450,34871,0.66901,0.55,1,1504431,1503981,450
121940201,27.3746,12.3592,479,34932,0.701802,0.57,1,1504462,1503983,479
121943121,32.6749,26.4718,483,34993,0.72436,0.55,1,1504496,1504013,483
121946041,25.735,33.2944,472,35053,0.712872,0.59,1,1504520,1504048,472
121948961,24.347,24.2589,474,35113,0.742574,0.57,1,1504544,1504070,474
121951881,32.8694,24.8518,484,35173,0.732515,0.55,1,1504579,1504095,484
121954801,78.5739,32.9704,539,35233,0.762503,0.63,2,1504669,1504130,539
121957721,73.3148,76.1941,524,35293,0.784501,0.61,2,1504741,1504217,524
121960641,45.863,73.6388,490,35353,0.7729,0.63,2,1504780,1504290,490
121963561,42.7726,45.1278,494,35413,0.77058,0.65,2,1504822,1504328,494
121966481,58.1545,41.8256,515,35473,0.850116,0.67,2,1504884,1504369,515
121969401,13.2309,56.3651,457,35533,0.866023,0.67,2,1504886,1504429,457
121972321,29.0462,12.873,488,35592,0.869205,0.71,2,1504919,1504431,488
121975241,33.0092,27.3746,491,35651,0.837841,0.73,2,1504953,1504462,491
121978161,8.20185,32.6749,459,35710,0.831568,0.71,2,1504955,1504496,459
121981081,20.0404,25.735,458,35769,0.846314,0.75,2,1504978,1504520,458
121984001,24.0081,24.347,459,35828,0.913263,0.73,2,1505003,1504544,459
122153361,35,12,513,39102,0.69,1,1,1507356,1506843,513
122156281,27.8,28.8,506,39156,0.706,1,1,1507382,1506876,506
122159201,27.96,32.96,500,39210,0.5812,1,1,1507410,1506910,500
122162121,35.992,28.992,510,39264,0.46024,1,1,1507448,1506938,510
122165041,36.7984,24.1984,524,39318,0.308048,1,1,1507485,1506961,524
122167961,30.5597,36.0397,514,39372,0.26161,1,1,1507514,1507000,514
122170881,33.3119,36.0079,512,39426,0.156322,1,1,1507548,1507036,512
122173801,37.0624,60.0016,484,39480,0.119264,1,1,1507586,1507102,484
122176721,42.6125,44.0003,488,39533,0.0798529,1,1,1507630,1507142,488
122179641,53.3225,58.4001,482,39586,0.0399706,1,1,1507686,1507204,482
122182561,33.8645,41.28,474,39639,0.0479941,0.78,1,1507715,1507241,474
122185481,37.1729,44.256,467,39692,0.0335988,0.83,1,1507753,1507286,467
122188401,30.6346,36.8512,461,39745,0.0787198,0.69,1,1507782,1507321,461
122191321,29.3269,35.3702,455,39798,0.039744,0.71,1,1507811,1507356,455
122194241,22.6654,27.874,450,39851,0.0479488,0.55,1,1507832,1507382,450
122197161,25.3331,27.9748,448,39904,0.0815898,0.43,1,1507858,1507410,448
122200081,29.0666,35.995,440,39957,0.088318,0.27,1,1507888,1507448,440
122203001,33.0133,36.799,437,40010,0.0896636,0.25,1,1507922,1507485,437
122205921,24.2027,30.5598,430,40063,0.137933,0.25,1,1507944,1507514,430
122208841,29.6405,6.11196,461,40116,0.147587,0.13,1,1507975,1507514,461
122211761,34.7281,28.4224,463,40169,0.149517,0.11,1,1508011,1507548,463
122214681,40.5456,36.0845,467,40222,0.149903,0.07,1,1508053,1507586,467
122217601,51.3091,42.4169,477,40274,0.101981,0.03,1,1508107,1507630,477
122220521,35.8618,53.2834,453,40326,0.124396,0.05,1,1508139,1507686,453
122223441,35.9724,33.8567,460,40378,0.112879,0.03,1,1508175,1507715,460
122226361,31.1945,37.1713,452,40430,0.110576,0.09,1,1508205,1507753,452
122229281,27.8389,30.6343,450,40482,0.142115,0.03,1,1508232,1507782,450
122232201,23.9678,29.3269,444,40534,0.100423,0.05,1,1508255,1507811,444
122235121,23.9936,22.6654,447,40586,0.108085,0.09,1,1508279,1507832,447
122238041,31.1987,25.3331,454,40638,0.0936169,0.09,1,1508312,1507858,454
122240961,31.8397,29.0666,456,40690,0.106723,0.09,1,1508344,1507888,456
122243881,27.9679,33.0133,449,40742,0.157345,0.15,1,1508371,1507922,449
122246801,31.1936,24.2027,459,40794,0.167469,0.15,1,1508403,1507944,459
122249721,35.0387,29.6405,464,40846,0.201494,0.15,1,1508439,1507975,464
122252641,40.6077,34.7281,470,40898,0.240299,0.15,1,1508481,1508011,470
122255561,50.5216,40.5456,481,40950,0.23206,0.09,1,1508534,1508053,481
122258481,36.5043,51.3091,460,41002,0.246412,0.13,1,1508567,1508107,460
122261401,36.1009,35.8618,464,41053,0.233282,0.11,1,1508603,1508139,464
122264321,30.4202,35.9724,457,41104,0.214656,0.11,1,1508632,1508175,457
122267241,26.884,31.1945,453,41155,0.258931,0.15,1,1508658,1508205,453
122270161,22.9768,27.8389,448,41206,0.267786,0.09,1,1508680,1508232,448
122273081,24.5954,23.9678,450,41257,0.253557,0.11,1,1508705,1508255,450
122276001,31.3191,23.9936,459,41308,0.250711,0.09,1,1508738,1508279,459
122278921,31.8638,31.1987,458,41359,0.298142,0.11,1,1508770,1508312,458
122281841,29.5728,31.8397,455,41410,0.323628,0.17,1,1508799,1508344,455
122284761,32.3146,27.9679,461,41461,0.296726,0.17,1,1508832,1508371,461
122287681,36.8629,31.1936,467,41512,0.323345,0.21,1,1508870,1508403,467
122290601,8.97258,35.0387,433,41563,0.328669,0.25,1,1508872,1508439,433
122293521,36.1945,40.6077,434,41614,0.377734,0.23,1,1508915,1508481,434
122296441,48.8389,50.5216,433,41665,0.419547,0.25,1,1508967,1508534,433
122299361,36.1678,36.5043,433,41716,0.411909,0.23,1,1509000,1508567,433
122302281,36.0336,36.1009,433,41767,0.458382,0.21,1,1509036,1508603,433
122305201,31.2067,30.4202,434,41818,0.483676,0.27,1,1509066,1508632,434
122308121,27.8413,26.884,435,41868,0.472735,0.27,1,1509093,1508658,435
122311041,23.1683,22.9768,435,41918,0.502547,0.25,1,1509115,1508680,435
122313961,23.8337,24.5954,434,41968,0.508509,0.25,1,1509139,1508705,434
122316881,32.7667,31.3191,436,42018,0.541702,0.31,1,1509174,1508738,436
122319801,32.9533,31.8638,437,42068,0.58034,0.33,1,1509207,1508770,437
122322721,28.9907,29.5728,436,42118,0.572068,0.29,1,1509235,1508799,436
122325641,32.9981,32.3146,437,42168,0.570414,0.33,1,1509269,1508832,437
122328561,37.7996,36.8629,438,42218,0.586083,0.33,1,1509308,1508870,438
122331481,9.15993,8.97258,438,42268,0.605217,0.39,1,1509310,1508872,438
122334401,37.032,36.1945,439,42318,0.577043,0.43,1,1509354,1508915,439
122337321,50.6064,48.8389,441,42368,0.555409,0.41,1,1509408,1508967,441
122340241,38.1213,36.1678,443,42418,0.583082,0.47,1,1509443,1509000,443
122343161,36.4243,36.0336,443,42468,0.636616,0.49,1,1509479,1509036,443
122346081,32.0849,31.2067,444,42518,0.663323,0.47,1,1509510,1509066,444
122349001,28.817,27.8413,445,42568,0.636665,0.51,1,1509538,1509093,445
122351921,23.3634,23.1683,445,42618,0.647333,0.51,1,1509560,1509115,445
122354841,23.8727,23.8337,445,42668,0.697467,0.55,1,1509584,1509139,445
122357761,34.3745,32.7667,447,42717,0.691493,0.59,1,1509621,1509174,447
122360681,35.6749,32.9533,450,42766,0.706299,0.57,1,1509657,1509207,450
122363601,29.535,28.9907,450,42815,0.67726,0.57,1,1509685,1509235,450
122366521,33.107,32.9981,450,42864,0.687452,0.59,1,1509719,1509269,450
122369441,37.8214,37.7996,450,42913,0.72149,0.61,1,1509758,1509308,450
122372361,9.16428,9.15993,450,42962,0.728298,0.57,1,1509760,1509310,450
122375281,35.4329,37.032,448,43011,0.74566,0.57,1,1509802,1509354,448
122378201,50.2866,7.4064,502,43060,0.797132,0.55,2,1509856,1509354,502
122381121,39.6573,44.6813,485,43109,0.855426,0.59,2,1509893,1509408,485
122384041,37.5315,36.9363,487,43158,0.899085,0.65,2,1509930,1509443,487
122386961,33.1063,36.1873,483,43207,0.907817,0.67,2,1509962,1509479,483
122389881,29.0213,32.0375,480,43256,0.925563,0.63,2,1509990,1509510,480
122392801,24.2043,28.8075,475,43305,0.913113,0.65,2,1510013,1509538,475
122395721,24.8408,23.3615,478,43354,0.894623,0.71,2,1510038,1509560,478
122398641,33.7682,23.8723,490,43403,0.890925,0.69,2,1510074,1509584,490
122401561,36.3536,34.3745,490,43452,0.890185,0.71,2,1510111,1509621,490
122404481,30.4707,35.6749,483,43501,0.874037,0.67,2,1510140,1509657,483
122407401,33.2941,29.535,489,43550,0.870807,0.69,2,1510174,1509685,489
122410321,40.2588,33.107,497,43598,0.886162,0.73,2,1510216,1509719,497
122413241,9.65177,37.8214,460,43646,0.889232,0.73,2,1510218,1509758,460
122416161,35.5304,9.16428,500,43694,0.905846,0.75,2,1510260,1509760,500
122613261,77,86,495,21370,0.33,0.77,1,1512555,1512060,495
122616181,72.2,73.2,496,21469,0.378,0.63,1,1512626,1512130,496
122619101,74.44,88.24,479,21568,0.4676,0.41,1,1512701,1512222,479
122622021,95.688,81.648,500,21666,0.51752,0.35,1,1512802,1512302,500
122624941,36.7376,74.7296,449,21764,0.527504,0.33,1,1512824,1512375,449
122627861,26.5475,26.9459,458,21861,0.561501,0.35,1,1512848,1512390,458
122630781,62.1095,75.7892,441,21958,0.5843,0.33,1,1512919,1512478,441
122633701,71.6219,76.7578,438,22055,0.62086,0.39,1,1512993,1512555,438
122636621,74.3244,72.1516,442,22151,0.644172,0.49,1,1513068,1512626,442
122639541,76.4649,74.4303,444,22247,0.712834,0.53,1,1513145,1512701,444
122642461,99.293,95.6861,448,22342,0.678567,0.53,1,1513250,1512802,448
122645381,39.0586,36.7372,450,22437,0.687713,0.57,1,1513274,1512824,450
122648301,25.4117,26.5474,448,22532,0.689543,0.57,1,1513296,1512848,448
122651221,61.8823,5.30949,519,22626,0.657909,0.59,1,1513367,1512848,519
122654141,73.1765,57.8619,524,22720,0.715582,0.63,1,1513443,1512919,524
122657061,77.0353,70.7724,528,22813,0.743116,0.65,1,1513521,1512993,528
122659981,80.2071,74.1545,534,22906,0.748623,0.73,1,1513602,1513068,534
122662901,97.6414,76.4309,559,22999,0.797725,0.67,2,1513704,1513145,559
122665821,37.9283,99.2862,477,23091,0.839545,0.69,2,1513727,1513250,477
122668741,25.1857,39.0572,475,23183,0.847909,0.69,2,1513749,1513274,475
122671661,62.6371,25.4114,525,23274,0.897582,0.65,2,1513821,1513296,525
122768021,42,35,519,26111,0.71,1,1,1515817,1515298,519
122770941,42.8,44.6,515,26192,0.678,1,1,1515860,1515345,515
122773861,82.16,48.92,557,26273,0.6876,1,1,1515952,1515395,557
122776781,106.832,86.584,574,26354,0.68952,1,1,1516065,1515491,574
122779701,47.7664,100.517,503,26434,0.689904,0.99,1,1516098,1515595,503
122782621,42.3533,47.3034,510,26514,0.657981,0.97,1,1516139,1515629,510
122785541,50.8707,47.0607,516,26594,0.683596,0.81,1,1516192,1515676,516
122788461,40.5741,52.6121,500,26674,0.704719,0.79,1,1516230,1515730,500
122791381,40.9148,46.5224,496,26753,0.692944,0.71,1,1516271,1515775,496
122794301,42.583,42.9045,497,26832,0.770589,0.67,2,1516314,1515817,497
122797221,82.1166,42.9809,546,26911,0.786118,0.69,2,1516406,1515860,546
122800141,18.0233,82.1962,456,26990,0.789224,0.69,2,1516408,1515952,456
122803061,94.0047,106.839,456,27068,0.901845,0.69,2,1516521,1516065,456
122805981,45.2009,47.7678,456,27146,0.908369,0.65,2,1516554,1516098,456
122808901,40.2402,42.3536,454,27224,0.893674,0.69,2,1516593,1516139,454
122811821,50.448,50.8707,454,27302,0.922735,0.71,2,1516646,1516192,454
122931541,87,93,479,30317,0.61,1,1,1518750,1518271,479
122934461,55.8,46.6,492,30387,0.466,1,1,1518798,1518306,492
122937381,82.36,82.12,490,30457,0.1172,1,1,1518887,1518397,490
122940301,46.872,54.024,481,30526,0.06344,1,1,1518925,1518444,481
122943221,28.5744,28.4048,483,30595,0.052688,0.97,1,1518949,1518466,483
122946141,28.1149,30.481,480,30664,0.0345376,1,1,1518977,1518497,480
122949061,36.023,40.4962,475,30733,0.0309075,0.96,1,1519015,1518540,475
122951981,41.6046,51.2992,464,30802,0.0141815,0.87,1,1519058,1518594,464
122954901,30.7209,35.8598,460,30871,0.0028363,0.81,1,1519086,1518626,460
122957821,34.1442,36.772,458,30940,0.0565673,0.61,1,1519121,1518663,458
122960741,67.6288,76.9544,447,31008,0.0993135,0.43,1,1519197,1518750,447
122963661,43.9258,53.7909,437,31076,0.107863,0.03,1,1519235,1518798,437
122966581,67.9852,81.9582,422,31144,0.0775725,0.05,1,1519309,1518887,422
122969501,44.797,46.7916,423,31212,0.0555145,0.05,1,1519348,1518925,423
122972421,27.3594,28.5583,422,31280,0.0511029,0.05,1,1519371,1518949,422
122975341,27.0719,5.71167,449,31348,0.0502206,0.03,1,1519398,1518949,449
122978261,35.8144,23.5423,459,31415,0.0820441,0.03,1,1519436,1518977,459
122981181,41.5629,35.1085,464,31482,0.0404088,0.01,1,1519479,1519015,464
122984101,30.7126,41.4217,449,31549,0.0160818,0,1,1519507,1519058,449
122987021,34.1425,30.6843,456,31616,0.0272164,0.07,1,1519542,1519086,456
122989941,70.0285,34.1369,500,31683,0.0614433,0.11,1,1519621,1519121,500
122992861,44.4057,67.6274,462,31750,0.100289,0.11,1,1519659,1519197,462
122995781,65.6811,43.9255,495,31817,0.124058,0.07,1,1519730,1519235,495
122998701,45.9362,67.9851,462,31883,0.0808115,0.05,1,1519771,1519309,462
123001621,25.9872,44.797,444,31949,0.0401623,0.05,1,1519792,1519348,444
123004541,27.5974,27.3594,449,32015,0.0480325,0.05,1,1519820,1519371,449
123007461,35.1195,27.0719,459,32081,0.0496065,0.09,1,1519857,1519398,459
123010381,41.4239,35.8144,464,32147,0.0179213,0.03,1,1519900,1519436,464
123013301,31.4848,41.5629,450,32213,0.00358426,0.01,1,1519929,1519479,450
123016221,34.297,30.7126,457,32279,0.0247169,0.03,1,1519964,1519507,457
123019141,73.2594,34.1425,505,32345,0.0289434,0.07,1,1520047,1519542,505
123022061,45.0519,70.0285,464,32410,0.109789,0.11,1,1520085,1519621,464
123024981,67.4104,44.4057,499,32475,0.141958,0.13,1,1520158,1519659,499
123027901,43.0821,65.6811,465,32540,0.164392,0.07,1,1520195,1519730,465
123030821,23.8164,45.9362,443,32605,0.152878,0.03,1,1520214,1519771,443
123033741,28.7633,25.9872,452,32670,0.0865757,0.05,1,1520244,1519792,452
123036661,35.3527,27.5974,461,32735,0.153315,0.05,1,1520281,1519820,461
123039581,8.67053,35.1195,426,32800,0.166663,0.01,1,1520283,1519857,426
123042501,33.7341,41.4239,423,32864,0.105333,0,1,1520323,1519900,423
123045421,29.9468,31.4848,423,32928,0.0450665,0.03,1,1520352,1519929,423
123048341,33.9894,34.297,423,32992,0.0490133,0.03,1,1520387,1519964,423
123051261,74.7979,73.2594,425,33056,0.0178027,0.13,1,1520472,1520047,425
123054181,47.7596,45.0519,428,33120,0.0435605,0.15,1,1520513,1520085,428
123057101,68.7519,67.4104,429,33184,0.112712,0.17,1,1520587,1520158,429
123060021,44.1504,43.0821,430,33248,0.110542,0.15,1,1520625,1520195,430
123062941,23.2301,23.8164,429,33312,0.110108,0.07,1,1520643,1520214,429
123065861,26.246,28.7633,426,33375,0.174022,0.17,1,1520670,1520244,426
123068781,38.0492,35.3527,430,33438,0.154804,0.17,1,1520711,1520281,430
123071701,9.20984,8.67053,430,33501,0.150961,0.09,1,1520713,1520283,430
123074621,29.042,33.7341,424,33564,0.198192,0.03,1,1520747,1520323,424
123077541,28.2084,29.9468,423,33627,0.143638,0.05,1,1520775,1520352,423
123080461,32.8417,33.9894,422,33690,0.164728,0.01,1,1520809,1520387,422
123083381,75.3683,74.7979,423,33753,0.0569455,0.05,1,1520895,1520472,423
123086301,49.4737,47.7596,425,33816,0.0513891,0.13,1,1520938,1520513,425
123089221,69.8947,68.7519,426,33879,0.0822778,0.11,1,1521013,1520587,426
123092141,45.1789,44.1504,427,33941,0.0724556,0.11,1,1521052,1520625,427
123095061,24.2358,23.2301,428,34003,0.0864911,0.19,1,1521071,1520643,428
123097981,27.2472,26.246,429,34065,0.0572982,0.15,1,1521099,1520670,429
123100901,39.0494,38.0492,430,34127,0.0514596,0.15,1,1521141,1520711,430
123103821,9.40989,9.20984,430,34189,0.0502919,0.21,1,1521143,1520713,430
123106741,29.882,29.042,431,34251,0.0980584,0.21,1,1521178,1520747,431
123109661,25.1764,5.80839,455,34313,0.0756117,0.13,1,1521202,1520747,455
123112581,32.2353,23.5617,461,34375,0.0871223,0.17,1,1521236,1520775,461
123115501,71.2471,31.9123,508,34437,0.0894245,0.03,1,1521317,1520809,508
123118421,49.4494,75.1825,466,34498,0.105885,0.05,1,1521361,1520895,466
123121341,71.4899,49.4365,500,34559,0.109177,0.09,1,1521438,1520938,500
123124261,44.698,69.8873,463,34620,0.109835,0.07,1,1521476,1521013,463
123127181,23.3396,45.1775,442,34681,0.109967,0.09,1,1521494,1521052,442
123130101,25.4679,24.2355,449,34742,0.109993,0.05,1,1521520,1521071,449
123133021,40.2936,27.2471,465,34803,0.141999,0.05,1,1521564,1521099,465
123135941,9.65872,39.0494,425,34864,0.1484,0.05,1,1521566,1521141,425
123138861,30.7317,9.40988,459,34925,0.19768,0.11,1,1521602,1521143,459
123141781,26.1463,29.882,449,34986,0.255536,0.07,1,1521627,1521178,449
123144701,32.4293,25.1764,459,35046,0.299107,0.09,1,1521661,1521202,459
123147621,71.2859,32.2353,506,35106,0.291821,0.09,1,1521742,1521236,506
123150541,50.2572,71.2471,470,35166,0.274364,0.11,1,1521787,1521317,470
123153461,71.6514,49.4494,503,35226,0.254873,0.11,1,1521864,1521361,503
123156381,44.7303,71.4899,464,35286,0.266975,0.11,1,1521902,1521438,464
123159301,23.3461,44.698,444,35346,0.301395,0.11,1,1521920,1521476,444
123162221,26.2692,23.3396,453,35406,0.292279,0.11,1,1521947,1521494,453
123165141,42.0538,25.4679,473,35466,0.354456,0.15,1,1521993,1521520,473
123168061,10.0108,40.2936,431,35526,0.334891,0.15,1,1521995,1521564,431
123170981,32.4022,9.65872,467,35586,0.330978,0.21,1,1522033,1521566,467
123173901,28.8804,30.7317,459,35645,0.378196,0.27,1,1522061,1521602,459
123176821,7.37609,26.1463,436,35704,0.387639,0.31,1,1522063,1521627,436
123179741,29.4752,32.4293,437,35763,0.453528,0.29,1,1522098,1521661,437
123182661,69.895,71.2859,436,35822,0.450706,0.27,1,1522178,1521742,436
123185581,49.179,50.2572,435,35881,0.466141,0.25,1,1522222,1521787,435
123188501,70.6358,71.6514,434,35940,0.565228,0.27,1,1522298,1521864,434
123191421,46.9272,44.7303,437,35999,0.601046,0.31,1,1522339,1521902,437
123194341,23.7854,23.3461,437,36058,0.576209,0.29,1,1522357,1521920,437
123197261,27.1571,26.2692,438,36117,0.571242,0.37,1,1522385,1521947,438
123200181,42.2314,42.0538,438,36176,0.602248,0.33,1,1522431,1521993,438
123203101,10.0463,10.0108,438,36234,0.64045,0.33,1,1522433,1521995,438
123206021,32.4093,32.4022,438,36292,0.64809,0.39,1,1522471,1522033,438
123208941,32.0819,28.8804,442,36350,0.633618,0.39,1,1522503,1522061,442
123211861,8.01637,7.37609,442,36408,0.630724,0.47,1,1522505,1522063,442
123214781,30.4033,29.4752,443,36466,0.662145,0.45,1,1522541,1522098,443
123217701,70.8807,69.895,444,36524,0.668429,0.47,1,1522622,1522178,444
123220621,50.1761,49.179,445,36582,0.701686,0.59,1,1522667,1522222,445
123223541,74.0352,70.6358,449,36640,0.772337,0.61,2,1522747,1522298,449
123226461,48.407,46.9272,450,36698,0.786467,0.57,2,1522789,1522339,450
123229381,24.0814,23.7854,450,36756,0.837293,0.57,2,1522807,1522357,450
123232301,28.0163,27.1571,451,36813,0.847459,0.61,2,1522836,1522385,451
123235221,43.2033,42.2314,452,36870,0.817492,0.65,2,1522883,1522431,452
123238141,10.2407,10.0463,452,36927,0.843498,0.65,2,1522885,1522433,452
123241061,32.4481,32.4093,452,36984,0.8167,0.63,2,1522923,1522471,452
123243981,31.2896,32.0819,451,37041,0.82734,0.63,2,1522954,1522503,451
123246901,7.85792,8.01637,451,37098,0.829468,0.67,2,1522956,1522505,451
123249821,32.7716,30.4033,454,37155,0.813894,0.67,2,1522995,1522541,454
123252741,72.1543,6.08065,536,37212,0.810779,0.67,2,1523077,1522541,536
123255661,51.2309,66.0161,501,37269,0.842156,0.71,2,1523123,1522622,501
123258581,77.4462,49.2032,540,37326,0.880431,0.79,2,1523207,1522667,540
123261501,49.8892,73.8406,503,37383,0.904086,0.79,2,1523250,1522747,503
123264421,24.3778,48.3681,479,37440,0.908817,0.85,2,1523268,1522789,479
123276101,38,2,499,37664,0.93,0.81,2,1523384,1522885,499
123279021,31.6,30.8,491,37720,0.93,0.83,2,1523414,1522923,491
123281941,7.92,30.96,462,37776,0.946,0.83,2,1523416,1522954,462
123439621,96,100,492,18482,0.05,0.67,1,1525642,1525150,492
123442541,67.2,71.2,488,18597,0.034,0.37,1,1525702,1525214,488
123445461,56.64,78.24,462,18711,0.0068,0.21,1,1525756,1525294,462
123448381,54.528,73.248,444,18824,0.02536,0.17,1,1525810,1525366,444
123451301,50.9056,34.6496,469,18937,0.029072,0.05,1,1525860,1525391,469
123454221,98.1811,130.93,424,19049,0.125814,0.05,1,1525970,1525546,424
123457141,95.6362,102.986,423,19160,0.0971629,0.03,1,1526065,1525642,423
123460061,67.1272,68.5972,423,19271,0.0914326,0,1,1526125,1525702,423
123462981,57.4254,56.9194,424,19381,0.0902865,0.03,1,1526180,1525756,424
123465901,53.8851,54.5839,423,19490,0.0580573,0.03,1,1526233,1525810,423
123468821,52.377,50.9168,425,19599,0.0676115,0.03,1,1526285,1525860,425
123471741,97.6754,10.1834,534,19707,0.0855223,0.15,1,1526394,1525860,534
123474661,94.7351,90.0367,518,19815,0.105104,0.09,1,1526488,1525970,518
123477581,66.947,94.0073,483,19922,0.141021,0.09,1,1526548,1526065,483
123480501,58.1894,66.8015,479,20028,0.148204,0.09,1,1526604,1526125,479
123483421,51.6379,57.3603,474,20134,0.197641,0.05,1,1526654,1526180,474
123486341,54.3276,53.8721,476,20239,0.255528,0.07,1,1526709,1526233,476
123489261,99.6655,52.3744,535,20344,0.267106,0.09,1,1526820,1526285,535
123492181,95.1331,97.6749,520,20448,0.237421,0.11,1,1526914,1526394,520
123495101,68.6266,94.735,488,20552,0.295484,0.15,1,1526976,1526488,488
123498021,60.1253,66.947,486,20655,0.323097,0.15,1,1527034,1526548,486
123500941,52.8251,58.1894,481,20758,0.392619,0.21,1,1527085,1526604,481
123503861,56.965,51.6379,489,20860,0.422524,0.27,1,1527143,1526654,489
123506781,98.593,54.3276,543,20962,0.428505,0.27,1,1527252,1526709,543
123509701,21.3186,99.6655,434,21063,0.429701,0.23,1,1527254,1526820,434
123512621,78.6637,95.1331,433,21164,0.50994,0.31,1,1527347,1526914,433
123515541,69.3327,68.6266,438,21264,0.557988,0.33,1,1527414,1526976,438
123518461,61.0665,60.1253,439,21364,0.567598,0.41,1,1527473,1527034,439
123521381,55.4133,52.8251,442,21463,0.56952,0.43,1,1527527,1527085,442
123524301,58.2827,56.965,443,21562,0.537904,0.43,1,1527586,1527143,443
123527221,98.8565,98.593,443,21660,0.595581,0.43,1,1527695,1527252,443
123530141,21.3713,21.3186,443,21758,0.639116,0.53,1,1527697,1527254,443
123533061,81.8743,78.6637,447,21855,0.679823,0.57,1,1527794,1527347,447
123535981,70.7749,69.3327,448,21952,0.767965,0.57,2,1527862,1527414,448
123538901,62.155,61.0665,449,22049,0.769593,0.57,2,1527922,1527473,449
123541821,54.831,55.4133,448,22145,0.753919,0.53,2,1527975,1527527,448
123544741,58.1662,58.2827,448,22241,0.766784,0.61,2,1528034,1527586,448
123547661,102.033,98.8565,452,22336,0.817357,0.65,2,1528147,1527695,452
123550581,22.0066,21.3713,452,22431,0.859471,0.69,2,1528149,1527697,452
123553501,85.2013,81.8743,456,22526,0.867894,0.69,2,1528250,1527794,456
123556421,73.0403,16.3749,526,22620,0.837579,0.79,2,1528320,1527794,526
123559341,61.8081,57.675,517,22714,0.863516,0.77,2,1528379,1527862,517
123562261,55.5616,59.535,511,22807,0.900703,0.75,2,1528433,1527922,511
123676141,35,37,519,26186,0.69,1,1,1530838,1530319,519
123679061,45.4,35.4,532,26267,0.482,1,1,1530886,1530354,532
123681981,101.08,51.88,591,26348,0.3124,1,1,1531001,1530410,591
123684901,49.016,104.776,509,26428,0.26248,1,1,1531037,1530528,509
123687821,73.0032,46.5552,556,26508,0.124496,0.98,1,1531116,1530560,556
123690741,41.8006,74.911,508,26588,0.0648992,1,1,1531150,1530642,508
123693661,72.3601,46.9822,548,26668,0.0849798,0.75,1,1531230,1530682,548
123696581,40.072,76.5964,496,26747,0.088996,0.73,1,1531262,1530766,496
123699501,34.4144,44.9193,492,26826,0.105799,0.69,1,1531295,1530803,492
123702421,38.0829,36.9839,496,26905,0.10916,0.43,1,1531334,1530838,496
123705341,9.21658,45.7968,450,26984,0.109832,0.27,1,1531336,1530886,450
123708261,77.8433,101.159,430,27062,0.0939664,0.25,1,1531431,1531001,430
123711181,42.7687,49.0319,428,27140,0.106793,0.09,1,1531465,1531037,428
123714101,69.3537,73.0064,425,27218,0.109359,0.05,1,1531541,1531116,425
123717021,43.4707,41.8013,428,27296,0.0618717,0.09,1,1531578,1531150,428
123719941,71.0942,72.3603,426,27374,0.132374,0.09,1,1531656,1531230,426
123722861,39.8188,40.0721,426,27451,0.146475,0.11,1,1531688,1531262,426
123725781,35.1638,34.4144,427,27528,0.213295,0.11,1,1531722,1531295,427
123728701,38.2328,38.0829,427,27605,0.226659,0.11,1,1531761,1531334,427
123731621,9.24655,9.21658,427,27682,0.229332,0.09,1,1531763,1531336,427
123734541,77.8493,77.8433,427,27759,0.245866,0.11,1,1531858,1531431,427
123737461,42.7699,42.7687,427,27835,0.249173,0.11,1,1531892,1531465,427
123740381,67.754,69.3537,425,27911,0.217835,0.05,1,1531966,1531541,425
123743301,40.7508,43.4707,422,27987,0.259567,0.15,1,1532000,1531578,422
123746221,74.5502,71.0942,427,28063,0.299913,0.15,1,1532083,1531656,427
123749141,40.51,39.8188,427,28138,0.307983,0.23,1,1532115,1531688,427
123752061,38.502,35.1638,431,28213,0.325597,0.23,1,1532153,1531722,431
123754981,40.5004,38.2328,433,28288,0.329119,0.23,1,1532194,1531761,433
123757901,9.70008,9.24655,433,28363,0.329824,0.23,1,1532196,1531763,433
123760821,76.34,1.84931,526,28438,0.329965,0.25,1,1532289,1531763,526
123763741,42.468,76.3699,465,28512,0.329993,0.25,1,1532323,1531858,465
123766661,67.6936,42.474,505,28586,0.377999,0.21,1,1532397,1531892,505
123769581,41.5387,67.6948,466,28660,0.4036,0.27,1,1532432,1531966,466
123772501,76.3077,40.739,517,28734,0.48872,0.31,1,1532517,1532000,517
123775421,40.8615,74.5478,466,28808,0.505744,0.31,1,1532549,1532083,466
123778341,39.3723,40.5096,473,28881,0.509149,0.33,1,1532588,1532115,473
123781261,43.0745,38.5019,479,28954,0.52583,0.33,1,1532632,1532153,479
123784181,10.2149,40.5004,440,29027,0.529166,0.33,1,1532634,1532194,440
123787101,75.643,9.70008,530,29100,0.545833,0.33,1,1532726,1532196,530
123790021,42.3286,76.34,471,29173,0.549167,0.33,1,1532760,1532289,471
123792941,70.0657,42.468,514,29246,0.613833,0.39,1,1532837,1532323,514
123795861,43.6131,67.6936,477,29318,0.642767,0.41,1,1532874,1532397,477
123798781,79.9226,41.5387,531,29390,0.680553,0.51,1,1532963,1532432,531
123801701,41.5845,76.3077,478,29462,0.688111,0.51,1,1532995,1532517,478
123804621,39.5169,40.8615,485,29534,0.705622,0.51,1,1533034,1532549,485
123807541,42.3034,39.3723,489,29606,0.725124,0.53,1,1533077,1532588,489
123810461,10.0607,43.0745,447,29677,0.729025,0.53,1,1533079,1532632,447
123813381,78.0121,10.2149,540,29748,0.761805,0.55,2,1533174,1532634,540
123816301,42.8024,75.643,482,29819,0.768361,0.55,2,1533208,1532726,482
123819221,10.1605,42.3286,450,29890,0.769672,0.63,2,1533210,1532760,450
123822141,66.0321,70.0657,453,29961,0.801934,0.65,2,1533290,1532837,453
123825061,43.6064,43.6131,454,30032,0.776387,0.69,2,1533328,1532874,454
123827981,81.5213,79.9226,456,30102,0.787277,0.69,2,1533419,1532963,456
123830901,41.9043,41.5845,456,30172,0.805455,0.71,2,1533451,1532995,456
123833821,40.3809,39.5169,457,30242,0.841091,0.73,2,1533491,1533034,457
123836741,43.2762,42.3034,458,30312,0.864218,0.73,2,1533535,1533077,458
123839661,10.2552,10.0607,458,30382,0.868844,0.77,2,1533537,1533079,458
123842581,79.651,78.0121,460,30452,0.901769,0.77,2,1533634,1533174,460
123962301,82,88,480,33181,0.53,1,1,1535537,1535057,480
123965221,42,39.2,485,33245,0.466,1,1,1535569,1535084,485
123968141,33.2,28.64,490,33309,0.3572,1,1,1535600,1535110,490
123971061,46.64,48.128,487,33372,0.22344,1,1,1535650,1535163,487
123973981,29.328,34.4256,481,33435,0.164688,1,1,1535675,1535194,481
123976901,32.2656,31.6851,483,33498,0.120938,1,1,1535708,1535225,483
123979821,72.8531,75.937,479,33561,0.0641875,0.94,1,1535791,1535312,479
123982741,35.3706,39.9874,474,33624,0.0368375,0.93,1,1535817,1535343,474
123985661,44.6741,43.1975,477,33687,0.0313675,0.9,1,1535864,1535387,477
123988581,30.5348,36.6395,469,33750,0.0622735,0.76,1,1535891,1535422,469
123991501,21.307,33.7279,455,33813,0.0524547,0.53,1,1535910,1535455,455
123994421,62.6614,72.3456,446,33876,0.0504909,0.45,1,1535983,1535537,446
123997341,35.7323,40.0691,443,33938,0.0980982,0.33,1,1536012,1535569,443
124000261,27.1465,32.8138,437,34000,0.10762,0.19,1,1536037,1535600,437
124003181,37.4293,46.5628,427,34062,0.125524,0.15,1,1536077,1535650,427
124006101,24.2859,29.3126,423,34124,0.113105,0.11,1,1536098,1535675,423
124009021,32.8572,32.2625,425,34186,0.062621,0.05,1,1536133,1535708,425
124011941,71.3714,72.8525,423,34248,0.0365242,0.05,1,1536214,1535791,423
124014861,33.4743,14.5705,447,34310,0.0633048,0.03,1,1536238,1535791,447
124017781,44.2949,23.7141,468,34372,0.020661,0.03,1,1536285,1535817,468
124020701,32.059,42.3428,450,34434,0.0281322,0.07,1,1536314,1535864,450
124023621,21.6118,30.0686,442,34495,0.0296264,0.05,1,1536333,1535891,442
124026541,61.1224,21.2137,494,34556,0.141925,0.05,1,1536404,1535910,494
124029461,37.8245,62.6427,453,34617,0.148385,0.11,1,1536436,1535983,453
124032381,26.7649,35.7285,448,34678,0.165677,0.11,1,1536460,1536012,448
124035301,38.153,27.1457,464,34739,0.217135,0.13,1,1536501,1536037,464
124038221,26.0306,37.4291,447,34800,0.227427,0.11,1,1536524,1536077,447
124041141,29.2061,24.2858,456,34861,0.229485,0.05,1,1536554,1536098,456
124044061,71.4412,32.8572,503,34922,0.117897,0.03,1,1536636,1536133,503
124046981,34.2882,71.3714,447,34983,0.0795794,0.07,1,1536661,1536214,447
124049901,42.8576,33.4743,468,35043,0.0879159,0.01,1,1536706,1536238,468
124052821,32.5715,44.2949,451,35103,0.0575832,0.03,1,1536736,1536285,451
124055741,23.3143,32.059,443,35163,0.0355166,0.03,1,1536757,1536314,443
124058661,66.2629,21.6118,501,35223,0.0311033,0.17,1,1536834,1536333,501
124061581,37.2526,61.1224,460,35283,0.0622207,0.15,1,1536864,1536404,460
124064501,29.0505,37.8245,455,35343,0.0684441,0.17,1,1536891,1536436,455
124067421,39.4101,26.7649,473,35403,0.0696888,0.23,1,1536933,1536460,473
124070341,26.282,38.153,455,35463,0.0699378,0.23,1,1536956,1536501,455
124073261,29.2564,26.0306,462,35523,0.0859876,0.23,1,1536986,1536524,462
124076181,64.2513,29.2061,505,35583,0.0891975,0.09,1,1537059,1536554,505
124079101,33.6503,71.4412,449,35642,0.0898395,0.07,1,1537085,1536636,449
124082021,8.33005,34.2882,426,35701,0.0899679,0.09,1,1537087,1536661,426
124084941,37.666,42.8576,426,35760,0.169994,0.05,1,1537132,1536706,426
124087861,29.9332,32.5715,424,35819,0.201999,0.03,1,1537160,1536736,424
124090781,21.9866,23.3143,423,35878,0.2084,0.03,1,1537180,1536757,423
124093701,67.5973,66.2629,425,35937,0.16168,0.07,1,1537259,1536834,425
124096621,37.5195,37.2526,425,35996,0.216336,0.07,1,1537289,1536864,425
124099541,29.1039,29.0505,425,36055,0.211267,0.07,1,1537316,1536891,425
124102461,40.2208,39.4101,426,36114,0.242253,0.07,1,1537359,1536933,426
124105381,26.4442,26.282,426,36173,0.264451,0.09,1,1537382,1536956,426
124108301,29.2888,29.2564,426,36231,0.28489,0.09,1,1537412,1536986,426
124111221,64.2578,64.2513,426,36289,0.336978,0.09,1,1537485,1537059,426
124114141,33.6516,33.6503,426,36347,0.395396,0.09,1,1537511,1537085,426
124117061,8.33031,8.33005,426,36405,0.407079,0.19,1,1537513,1537087,426
124119981,40.0661,37.666,429,36463,0.425416,0.21,1,1537561,1537132,429
124122901,31.2132,29.9332,430,36521,0.429083,0.21,1,1537590,1537160,430
124125821,22.2426,21.9866,430,36579,0.429817,0.15,1,1537610,1537180,430
124128741,67.6485,67.5973,430,36637,0.445963,0.23,1,1537689,1537259,430
124131661,39.1297,37.5195,432,36695,0.481193,0.21,1,1537721,1537289,432
124134581,29.4259,29.1039,432,36753,0.504238,0.25,1,1537748,1537316,432
124137501,41.8852,40.2208,434,36810,0.492848,0.27,1,1537793,1537359,434
124140421,28.377,26.4442,436,36867,0.50657,0.29,1,1537818,1537382,436
124143341,29.6754,29.2888,436,36924,0.509314,0.35,1,1537848,1537412,436
124146261,66.7351,64.2578,439,36981,0.589863,0.41,1,1537924,1537485,439
124149181,34.947,33.6516,440,37038,0.605973,0.41,1,1537951,1537511,440
124152101,8.5894,8.33031,440,37095,0.609195,0.43,1,1537953,1537513,440
124155021,40.9179,40.0661,441,37152,0.593839,0.43,1,1538002,1537561,441
124157941,32.1836,8.01321,471,37209,0.606768,0.43,1,1538032,1537561,471
124160861,22.4367,24.8026,462,37266,0.609354,0.43,1,1538052,1537590,462
124163781,68.4873,20.9605,522,37323,0.641871,0.45,1,1538132,1537610,522
124166701,39.2975,67.3921,475,37380,0.648374,0.49,1,1538164,1537689,475
124169621,30.2595,39.0784,471,37437,0.681675,0.51,1,1538192,1537721,471
124172541,42.8519,29.4157,490,37493,0.720335,0.49,1,1538238,1537748,490
124175461,27.7704,41.8831,469,37549,0.760067,0.51,2,1538262,1537793,469
124178381,30.3541,28.3766,475,37605,0.784013,0.51,2,1538293,1537818,475
124181301,70.0708,29.6753,525,37661,0.804803,0.61,2,1538373,1537848,525
124184221,37.2142,66.7351,478,37717,0.792961,0.61,2,1538402,1537924,478
124187141,9.04283,34.947,453,37773,0.790592,0.61,2,1538404,1537951,453
124190061,40.2086,8.5894,499,37829,0.806118,0.59,2,1538452,1537953,499
124192981,32.8417,40.9179,481,37885,0.809224,0.61,2,1538483,1538002,481
124195901,22.5683,32.1836,471,37941,0.809845,0.61,2,1538503,1538032,471
124198821,70.1137,22.4367,533,37997,0.841969,0.65,2,1538585,1538052,533
124201741,40.4227,68.4873,486,38053,0.832394,0.65,2,1538618,1538132,486
124204661,32.0845,39.2975,484,38109,0.830479,0.69,2,1538648,1538164,484
124207581,44.8169,30.2595,504,38164,0.830096,0.73,2,1538696,1538192,504
124210501,28.9634,42.8519,483,38219,0.814019,0.77,2,1538721,1538238,483
124213421,30.5927,27.7704,490,38274,0.794804,0.79,2,1538752,1538262,490
124216341,71.7185,30.3541,541,38329,0.822961,0.81,2,1538834,1538293,541
124219261,37.5437,70.0708,490,38384,0.812592,0.79,2,1538863,1538373,490
124222181,9.10874,37.2142,463,38439,0.810519,0.79,2,1538865,1538402,463
124225101,40.2217,9.04283,509,38494,0.810104,0.81,2,1538913,1538404,509
124228021,32.8444,40.2086,492,38549,0.826021,0.81,2,1538944,1538452,492
124230941,22.5689,32.8417,481,38604,0.845204,0.81,2,1538964,1538483,481
124233861,6.11377,22.5683,463,38659,0.849041,0.85,2,1538966,1538503,463
124236781,67.6228,70.1137,464,38714,0.881808,0.83,2,1539049,1538585,464
124239701,40.7246,40.4227,465,38769,0.888362,0.83,2,1539083,1538618,465
124242621,32.1449,32.0845,465,38823,0.889672,0.83,2,1539113,1538648,465
124374021,40,25,514,41199,0.79,1,2,1540781,1540267,514
124376941,33.6,29,516,41250,0.79,1,2,1540813,1540297,516
124379861,35.52,32.2,519,41301,0.774,1,2,1540849,1540330,519
124382781,31.904,28.84,522,41352,0.7708,1,2,1540880,1540358,522
124385701,29.5808,31.368,519,41403,0.69016,1,1,1540909,1540390,519
124388621,31.5162,28.6736,523,41454,0.674032,1,1,1540941,1540418,523
124391541,33.5032,46.5347,506,41505,0.574806,1,1,1540975,1540469,506
124394461,29.9006,34.1069,504,41556,0.554961,1,1,1541004,1540500,504
124397381,21.9801,31.6214,493,41607,0.566992,1,1,1541024,1540531,493
124400301,29.196,40.7243,481,41658,0.553398,1,1,1541055,1540574,481
124403221,29.0392,31.3449,481,41709,0.53468,1,1,1541084,1540603,481
124406141,22.6078,29.469,473,41760,0.562936,0.93,1,1541105,1540632,473
124409061,56.5216,62.6938,467,41811,0.488587,0.89,1,1541170,1540703,467
124411981,41.7043,42.9388,467,41861,0.425717,0.79,1,1541208,1540741,467
124414901,33.1409,40.5878,458,41911,0.365143,0.79,1,1541239,1540781,458
124417821,33.8282,33.7176,460,41961,0.353029,0.77,1,1541273,1540813,460
124420741,34.7656,35.5435,459,42011,0.366606,0.77,1,1541308,1540849,459
124423661,29.3531,31.9087,456,42061,0.305321,0.67,1,1541336,1540880,456
124426581,26.6706,29.5817,453,42111,0.309064,0.67,1,1541362,1540909,453
124429501,32.5341,31.5163,455,42161,0.293813,0.55,1,1541396,1540941,455
124432421,27.3068,33.5033,447,42211,0.306763,0.55,1,1541422,1540975,447
124435341,28.6614,29.9007,447,42261,0.293353,0.57,1,1541451,1541004,447
124438261,20.1323,21.9801,445,42311,0.274671,0.55,1,1541469,1541024,445
124441181,32.0265,29.196,449,42361,0.286934,0.53,1,1541504,1541055,449
124444101,29.6053,29.0392,449,42411,0.289387,0.57,1,1541533,1541084,449
124447021,20.3211,22.6078,446,42461,0.273877,0.47,1,1541551,1541105,446
124449941,53.6642,56.5216,443,42511,0.318775,0.41,1,1541613,1541170,443
124452861,38.7328,41.7043,440,42561,0.279755,0.35,1,1541648,1541208,440
124455781,30.1466,33.1409,437,42611,0.319951,0.35,1,1541676,1541239,437
124458701,34.8293,33.8282,439,42661,0.29599,0.37,1,1541712,1541273,439
124461621,33.3659,34.7656,437,42710,0.339198,0.29,1,1541745,1541308,437
124464541,28.2732,29.3531,436,42759,0.39584,0.31,1,1541772,1541336,436
124467461,24.8546,26.6706,434,42808,0.439168,0.29,1,1541796,1541362,434
124470381,32.9709,32.5341,435,42857,0.415834,0.31,1,1541831,1541396,435
124473301,26.5942,27.3068,434,42906,0.443167,0.29,1,1541856,1541422,434
124476221,27.7188,28.6614,433,42955,0.464633,0.27,1,1541884,1541451,433
124479141,19.1438,20.1323,432,43004,0.484927,0.27,1,1541901,1541469,432
124482061,31.8288,4.02645,467,43053,0.472985,0.29,1,1541936,1541469,467
124484981,31.1658,28.8053,463,43102,0.502597,0.29,1,1541967,1541504,463
124487901,20.6332,28.9611,452,43151,0.476519,0.27,1,1541985,1541533,452
124490821,54.5266,20.1922,497,43200,0.455304,0.33,1,1542048,1541551,497
124493741,38.9053,53.6384,470,43249,0.467061,0.27,1,1542083,1541613,470
124496661,31.7811,38.7277,465,43298,0.469412,0.33,1,1542113,1541648,465
124499581,33.5562,30.1455,471,43347,0.485882,0.29,1,1542147,1541676,471
124502501,35.5112,34.8291,471,43396,0.521177,0.35,1,1542183,1541712,471
124505421,29.5022,33.3658,466,43445,0.544235,0.41,1,1542211,1541745,466
124508341,25.1004,28.2732,463,43494,0.564847,0.45,1,1542235,1541772,463
124511261,34.6201,24.8546,476,43543,0.584969,0.41,1,1542272,1541796,476
124514181,26.924,32.9709,466,43591,0.572994,0.45,1,1542297,1541831,466
124517101,30.1848,26.5942,472,43639,0.554599,0.47,1,1542328,1541856,472
124520021,18.837,27.7188,460,43687,0.55092,0.49,1,1542344,1541884,460
124522941,32.5674,19.1438,479,43735,0.566184,0.47,1,1542380,1541901,479
124525861,31.3135,31.8288,475,43783,0.585237,0.51,1,1542411,1541936,475
124528781,20.6627,31.1658,462,43831,0.621047,0.47,1,1542429,1541967,462
124531701,53.7325,20.6332,506,43879,0.660209,0.45,1,1542491,1541985,506
124534621,39.5465,54.5266,479,43927,0.684042,0.47,1,1542527,1542048,479
124537541,31.9093,38.9053,474,43975,0.688808,0.47,1,1542557,1542083,474
124540461,35.1819,31.7811,480,44023,0.657762,0.49,1,1542593,1542113,480
124543381,36.6364,33.5562,483,44071,0.635552,0.53,1,1542630,1542147,483
124546301,30.5273,35.5112,476,44119,0.64711,0.55,1,1542659,1542183,476
124549221,26.1055,29.5022,473,44167,0.649422,0.57,1,1542684,1542211,473
124552141,35.6211,25.1004,487,44215,0.681884,0.59,1,1542722,1542235,487
124555061,26.3242,34.6201,474,44263,0.688377,0.57,1,1542746,1542272,474
124557981,29.2648,26.924,479,44311,0.689675,0.55,1,1542776,1542297,479
124560901,18.653,30.1848,464,44359,0.689935,0.55,1,1542792,1542328,464
124563821,33.3306,18.837,485,44407,0.673987,0.57,1,1542829,1542344,485
124566741,33.0661,32.5674,482,44455,0.670797,0.59,1,1542862,1542380,482
124569661,8.21322,31.3135,453,44502,0.67016,0.63,1,1542864,1542411,453
124572581,16.0426,20.6627,453,44549,0.686032,0.67,1,1542882,1542429,453
124575501,54.4085,53.7325,455,44596,0.753206,0.69,2,1542946,1542491,455
124578421,40.4817,39.5465,456,44643,0.814641,0.69,2,1542983,1542527,456
124581341,32.0963,31.9093,456,44690,0.810928,0.65,2,1543013,1542557,456
124584261,33.6193,35.1819,454,44737,0.842186,0.63,2,1543047,1542593,454
124587181,35.5239,36.6364,453,44784,0.864437,0.65,2,1543083,1542630,453
124590101,31.9048,30.5273,455,44831,0.852887,0.65,2,1543114,1542659,455
124593021,26.381,26.1055,455,44878,0.866577,0.69,2,1543139,1542684,455
124595941,36.4762,35.6211,456,44925,0.901316,0.69,2,1543178,1542722,456
124598861,26.4952,26.3242,456,44972,0.940263,0.69,2,1543202,1542746,456
124601781,29.299,29.2648,456,45019,0.916053,0.69,2,1543232,1542776,456
124797421,37,32,523,48056,0.71,1,1,1545334,1544811,523
124800341,23.4,28,516,48100,0.694,1,1,1545354,1544838,516
124803261,13.48,31.2,495,48144,0.7228,1,1,1545365,1544870,495
124806181,31.496,33.44,497,48188,0.68056,1,1,1545401,1544904,497
124809101,35.0992,33.888,499,48232,0.704112,1,1,1545437,1544938,499
124812021,27.0198,33.1776,491,48276,0.676822,1,1,1545462,1544971,491
124814941,30.204,38.6355,482,48320,0.735364,1,1,1545493,1545011,482
124817861,34.0408,34.9271,483,48364,0.747073,1,1,1545528,1545045,483
124820781,33.2082,34.9854,481,48408,0.781415,0.89,2,1545561,1545080,481
124823701,24.2416,30.9971,473,48452,0.772283,0.94,2,1545583,1545110,473
124826621,37.6483,32.5994,481,48495,0.802457,0.87,2,1545624,1545143,481
124829541,31.5297,37.7199,472,48538,0.776491,0.84,2,1545654,1545182,472
124832461,32.7059,35.544,470,48581,0.787298,0.91,2,1545687,1545217,470
124835381,16.1412,21.5088,464,48624,0.83746,0.87,2,1545699,1545235,464
124838301,20.8282,23.5018,462,48667,0.863492,0.77,2,1545721,1545259,462
124841221,33.7656,35.1004,461,48710,0.916698,0.71,2,1545758,1545297,461
124844141,33.9531,36.6201,458,48753,0.89534,0.69,2,1545792,1545334,458
124847061,21.9906,23.324,457,48796,0.907068,0.73,2,1545811,1545354,457
124849981,11.5981,13.4648,455,48839,0.893414,0.73,2,1545820,1545365,455
124852901,31.1196,2.69296,491,48882,0.858683,0.67,2,1545856,1545365,491
124864581,32,31,489,49054,0.95,0.75,2,1545982,1545493,489
124876261,30,41,489,49226,0.93,0.77,2,1546113,1545624,489
124879181,34,32.2,494,49269,0.914,0.79,2,1546148,1545654,494
125104021,53,40,515,24266,0.05,0.97,1,1548430,1547915,515
125106941,62.6,71.2,501,24353,0.034,1,1,1548495,1547994,501
125109861,73.32,65.44,513,24440,0.0308,0.74,1,1548571,1548058,513
125112781,56.264,71.488,492,24527,0.03016,0.69,1,1548623,1548131,492
125115701,63.2528,70.2976,487,24613,0.014032,0.45,1,1548688,1548201,487
125118621,39.0506,66.8595,454,24699,0.0028064,0.31,1,1548721,1548267,454
125121541,32.6101,41.3719,450,24785,0.00856128,0.13,1,1548752,1548302,450
125124461,48.122,68.2744,427,24871,0.0257123,0.05,1,1548804,1548377,427
125127381,48.0244,56.0549,422,24956,0.0451424,0.03,1,1548852,1548430,422
125130301,62.4049,63.211,423,25041,0.0330285,0.03,1,1548918,1548495,423
125133221,72.481,73.4422,422,25126,0.0146057,0.03,1,1548993,1548571,422
125136141,57.6962,56.2884,424,25210,0.0269211,0.01,1,1549047,1548623,424
125139061,63.5392,63.2577,424,25294,0.0773842,0,1,1549112,1548688,424
125141981,38.3078,39.0515,423,25378,0.0394768,0.01,1,1549144,1548721,423
125144901,33.2616,32.6103,424,25461,0.0478954,0.01,1,1549176,1548752,424
125147821,46.6523,6.52206,474,25544,0.0495791,0.03,1,1549226,1548752,474
125150741,46.9305,42.9044,469,25627,0.0339158,0.05,1,1549273,1548804,469
125153661,64.5861,46.9809,490,25710,0.0307832,0.03,1,1549342,1548852,490
125156581,70.5172,62.1962,496,25792,0.0301566,0.01,1,1549414,1548918,496
125159501,58.1034,72.4392,476,25874,0.0780313,0.03,1,1549469,1548993,476
125162421,64.4207,57.6878,488,25956,0.119606,0.09,1,1549535,1549047,488
125165341,36.8841,63.5376,453,26038,0.159921,0.03,1,1549565,1549112,453
125168261,33.7768,38.3075,454,26119,0.183984,0.05,1,1549598,1549144,454
125171181,49.1554,33.2615,475,26200,0.204797,0.05,1,1549651,1549176,475
125174101,44.2311,46.6523,468,26281,0.208959,0.03,1,1549694,1549226,468
125177021,64.8462,46.9305,491,26362,0.129792,0.03,1,1549764,1549273,491
125179941,70.5692,64.5861,494,26442,0.0819584,0.03,1,1549836,1549342,494
125182861,60.5138,70.5172,480,26522,0.0723917,0.09,1,1549894,1549414,480
125185781,67.3028,58.1034,494,26602,0.0864783,0.13,1,1549963,1549469,494
125188701,38.2606,64.4207,459,26682,0.105296,0.17,1,1549994,1549535,459
125191621,34.8521,36.8841,463,26761,0.109059,0.19,1,1550028,1549565,463
125194541,50.1704,33.7768,484,26840,0.157812,0.21,1,1550082,1549598,484
125197461,11.6341,49.1554,433,26919,0.167562,0.21,1,1550084,1549651,433
125200381,35.9268,44.2311,432,26998,0.201512,0.11,1,1550126,1549694,432
125203301,57.5854,64.8462,425,27076,0.224302,0.07,1,1550189,1549764,425
125206221,69.1171,70.5692,425,27154,0.260861,0.07,1,1550261,1549836,425
125209141,60.2234,60.5138,425,27232,0.204172,0.09,1,1550319,1549894,425
125212061,69.6447,67.3028,428,27310,0.208834,0.11,1,1550391,1549963,428
125214981,37.9289,38.2606,427,27388,0.225767,0.11,1,1550421,1549994,427
125217901,35.5858,34.8521,428,27465,0.261153,0.17,1,1550456,1550028,428
125220821,51.9172,50.1704,430,27542,0.220231,0.17,1,1550512,1550082,430
125223741,11.9834,11.6341,430,27619,0.212046,0.21,1,1550514,1550084,430
125226661,37.5967,35.9268,432,27696,0.210409,0.23,1,1550558,1550126,432
125229581,58.7193,57.5854,433,27772,0.178082,0.27,1,1550622,1550189,433
125232501,69.3439,69.1171,433,27848,0.203616,0.19,1,1550694,1550261,433
125235421,59.4688,60.2234,432,27924,0.192723,0.21,1,1550751,1550319,432
125238341,69.4938,69.6447,432,28000,0.254545,0.23,1,1550823,1550391,432
125241261,38.6988,37.9289,433,28076,0.314909,0.27,1,1550854,1550421,433
125244181,36.5398,35.5858,434,28151,0.342982,0.21,1,1550890,1550456,434
125247101,50.508,51.9172,432,28226,0.348596,0.21,1,1550944,1550512,432
125250021,11.7016,11.9834,432,28301,0.349719,0.21,1,1550946,1550514,432
125252941,35.9403,37.5967,430,28376,0.365944,0.21,1,1550988,1550558,430
125255861,57.5881,7.51934,493,28451,0.433189,0.17,1,1551051,1550558,493
125258781,69.1176,52.7039,501,28525,0.462638,0.21,1,1551123,1550622,501
125261701,60.2235,68.1408,487,28599,0.484528,0.19,1,1551181,1550694,487
125264621,71.2447,59.2282,504,28673,0.536906,0.27,1,1551255,1550751,504
125267541,41.4489,69.4456,466,28747,0.563381,0.33,1,1551289,1550823,466
125270461,37.8898,38.6891,472,28821,0.600676,0.35,1,1551326,1550854,472
125273381,50.778,36.5378,490,28894,0.608135,0.35,1,1551380,1550890,490
125276301,11.7556,50.5076,438,28967,0.609627,0.35,1,1551382,1550944,438
125279221,36.7511,11.7015,479,29040,0.673925,0.37,1,1551425,1550946,479
125282141,62.5502,35.9403,506,29113,0.734785,0.45,1,1551494,1550988,506
125285061,70.91,57.5881,516,29186,0.778957,0.47,2,1551567,1551051,516
125287981,61.382,69.1176,503,29259,0.787791,0.49,2,1551626,1551123,503
125290901,73.8764,60.2235,522,29331,0.837558,0.55,2,1551703,1551181,522
125293821,42.7753,71.2447,483,29403,0.847512,0.57,2,1551738,1551255,483
125296741,39.7551,41.4489,488,29475,0.833502,0.61,2,1551777,1551289,488
125299661,52.751,37.8898,507,29547,0.8627,0.61,2,1551833,1551326,507
125302581,12.1502,50.778,455,29619,0.86854,0.61,2,1551835,1551380,455
125305501,38.43,11.7556,498,29690,0.869708,0.69,2,1551880,1551382,498
125308421,65.286,36.7511,527,29761,0.933942,0.75,2,1551952,1551425,527
125442741,32,28,501,32872,0.79,1,2,1554108,1553607,501
125445661,34.4,38.4,495,32936,0.678,1,1,1554143,1553648,495
125448581,59.68,56.48,500,33000,0.4956,1,1,1554209,1553709,500
125451501,43.136,31.296,514,33064,0.29912,1,1,1554248,1553734,514
125454421,33.4272,35.8592,508,33128,0.307824,1,1,1554279,1553771,508
125457341,59.4854,64.7718,502,33192,0.181565,1,1,1554345,1553843,502
125460261,37.4971,60.1544,475,33256,0.220313,0.92,1,1554377,1553902,475
125463181,35.4994,35.2309,481,33320,0.180063,1,1,1554412,1553931,481
125466101,43.8999,44.6462,480,33383,0.188013,0.89,1,1554458,1553978,480
125469021,59.18,68.1292,469,33446,0.0936025,0.79,1,1554521,1554052,469
125471941,27.036,32.8258,464,33509,0.0907205,0.79,1,1554540,1554076,464
125474861,27.0072,32.1652,459,33572,0.106144,0.65,1,1554567,1554108,459
125477781,27.8014,34.433,452,33635,0.0612288,0.45,1,1554595,1554143,452
125480701,50.3603,59.6866,442,33698,0.0842458,0.25,1,1554651,1554209,442
125483621,37.2721,43.1373,437,33761,0.120849,0.31,1,1554685,1554248,437
125486541,29.8544,33.4275,434,33824,0.11217,0.15,1,1554713,1554279,434
125489461,54.7709,59.4855,429,33887,0.190434,0.23,1,1554774,1554345,429
125492381,38.9542,37.4971,432,33949,0.254087,0.17,1,1554809,1554377,432
125495301,34.1908,35.4994,430,34011,0.282817,0.19,1,1554842,1554412,430
125498221,41.2382,43.8999,427,34073,0.256563,0.07,1,1554885,1554458,427
125501141,55.4476,59.18,423,34135,0.315313,0.09,1,1554944,1554521,423
125504061,28.6895,27.036,426,34197,0.343063,0.11,1,1554966,1554540,426
125506981,26.5379,27.0072,425,34259,0.364612,0.11,1,1554992,1554567,425
125509901,26.1076,5.40144,451,34321,0.336922,0.05,1,1555018,1554567,451
125512821,50.0215,23.4803,479,34383,0.331385,0.09,1,1555074,1554595,479
125515741,41.2043,49.4961,462,34444,0.346277,0.13,1,1555113,1554651,462
125518661,29.0409,37.0992,454,34505,0.397255,0.11,1,1555139,1554685,454
125521581,57.0082,29.8198,490,34566,0.375451,0.21,1,1555203,1554713,490
125524501,41.8016,54.764,467,34627,0.38709,0.27,1,1555241,1554774,467
125527421,35.5603,38.9528,466,34688,0.437418,0.29,1,1555275,1554809,466
125530341,41.5121,34.1906,476,34749,0.479484,0.25,1,1555318,1554842,476
125533261,57.9024,41.2381,495,34810,0.567897,0.33,1,1555380,1554885,495
125536181,29.9805,55.4476,459,34871,0.569579,0.35,1,1555403,1554944,459
125539101,26.7961,28.6895,463,34932,0.601916,0.37,1,1555429,1554966,463
125542021,26.1592,26.5379,463,34993,0.608383,0.33,1,1555455,1554992,463
125544941,50.8318,26.1076,494,35053,0.625677,0.33,1,1555512,1555018,494
125547861,43.7664,50.0215,480,35113,0.597135,0.35,1,1555554,1555074,480
125550781,29.5533,41.2043,467,35173,0.623427,0.41,1,1555580,1555113,467
125553701,56.3107,29.0409,504,35233,0.612685,0.37,1,1555643,1555139,504
125556621,42.4621,57.0082,479,35293,0.674537,0.39,1,1555682,1555203,479
125559541,37.2924,41.8016,477,35353,0.670907,0.45,1,1555718,1555241,477
125562461,43.4585,35.5603,488,35413,0.654181,0.49,1,1555763,1555275,488
125565381,62.2917,41.5121,512,35473,0.698836,0.59,1,1555830,1555318,512
125568301,31.6583,57.9024,474,35533,0.755767,0.57,2,1555854,1555380,474
125571221,27.1317,29.9805,477,35592,0.783153,0.61,2,1555880,1555403,477
125574141,26.2263,26.7961,477,35651,0.804631,0.61,2,1555906,1555429,477
125577061,6.84527,26.1592,453,35710,0.808926,0.63,2,1555908,1555455,453
125579981,46.9691,50.8318,453,35769,0.857785,0.59,2,1555965,1555512,453
125582901,42.9938,43.7664,453,35828,0.835557,0.63,2,1556007,1555554,453
125585821,29.3988,29.5533,453,35887,0.831111,0.61,2,1556033,1555580,453
125588741,56.2798,56.3107,453,35946,0.862222,0.69,2,1556096,1555643,453
125591661,43.256,42.4621,454,36005,0.916444,0.67,2,1556136,1555682,454
125594581,38.2512,37.2924,455,36064,0.911289,0.65,2,1556173,1555718,455
125597501,43.6502,43.4585,455,36123,0.942258,0.71,2,1556218,1555763,455
125600421,64.73,62.2917,458,36182,0.932452,0.77,2,1556288,1555830,458
125603341,34.546,31.6583,461,36240,0.89849,0.79,2,1556315,1555854,461
125606261,27.7092,27.1317,461,36298,0.859698,0.81,2,1556341,1555880,461
125609181,27.1418,26.2263,462,36356,0.83594,0.81,2,1556368,1555906,462
125612101,7.02837,6.84527,462,36414,0.863188,0.87,2,1556370,1555908,462
125615021,47.8057,46.9691,463,36472,0.868638,0.83,2,1556428,1555965,463
125617941,43.1611,42.9938,463,36530,0.869727,0.83,2,1556470,1556007,463
125620861,30.2322,29.3988,464,36588,0.885945,0.87,2,1556497,1556033,464
125623781,55.6464,56.2798,463,36646,0.889189,0.93,2,1556559,1556096,463
125626701,46.3293,43.256,467,36704,0.889838,0.91,2,1556603,1556136,467
125629621,39.6659,38.2512,468,36762,0.921968,0.95,2,1556641,1556173,468
125761021,37,34,492,39264,0.83,1,2,1558365,1557873,492
125763941,35.4,34,493,39318,0.75,1,2,1558400,1557907,493
125766861,35.08,30,499,39372,0.798,1,2,1558435,1557936,499
125769781,32.616,39.6,489,39426,0.6796,1,1,1558467,1557978,489
125772701,33.7232,34.32,490,39480,0.59192,1,1,1558501,1558011,490
125775621,43.5446,53.264,478,39533,0.462384,1,1,1558547,1558069,478
125778541,42.3089,41.8528,481,39586,0.260477,0.98,1,1558589,1558108,481
125781461,70.8618,67.5706,485,39639,0.124095,1,1,1558667,1558182,485
125784381,36.5724,41.5141,478,39692,0.0488191,0.93,1,1558695,1558217,478
125787301,22.5145,29.9028,470,39745,0.0817638,1,1,1558714,1558244,470
125790221,23.7029,22.7806,473,39798,0.0403528,0.91,1,1558738,1558265,473
125793141,31.1406,30.9561,473,39851,0.0160706,0.88,1,1558771,1558298,473
125796061,26.2281,30.1912,468,39904,0.0432141,0.83,1,1558796,1558328,468
125798981,35.6456,35.6382,469,39957,0.0166428,0.73,1,1558834,1558365,469
125801901,31.9291,35.1276,465,40010,0.0433286,0.81,1,1558865,1558400,465
125804821,31.9858,35.0255,462,40063,0.0486657,0.81,1,1558897,1558435,462
125807741,27.9972,7.00511,489,40116,0.0497331,0.65,1,1558924,1558435,489
125810661,24.7994,27.001,481,40169,0.0819466,0.57,1,1558948,1558467,481
125813581,33.7599,32.6002,483,40222,0.120389,0.43,1,1558984,1558501,483
125816501,37.952,43.32,476,40274,0.0800779,0.21,1,1559023,1558547,476
125819421,61.1904,42.264,501,40326,0.120016,0.09,1,1559090,1558589,501
125822341,33.8381,70.8528,450,40378,0.128003,0.03,1,1559117,1558667,450
125825261,21.9676,36.5706,441,40430,0.0816006,0.09,1,1559136,1558695,441
125828181,22.7935,22.5141,445,40482,0.0563201,0.03,1,1559159,1558714,445
125831101,31.7587,23.7028,455,40534,0.011264,0.01,1,1559193,1558738,455
125834021,25.5517,31.1406,446,40586,0.0102528,0.05,1,1559217,1558771,446
125836941,36.3103,26.2281,460,40638,0.0740506,0.01,1,1559256,1558796,460
125839861,32.0621,35.6456,453,40690,0.10281,0.05,1,1559287,1558834,453
125842781,31.2124,31.9291,453,40742,0.172562,0.05,1,1559318,1558865,453
125845701,29.4425,31.9858,450,40794,0.218512,0.05,1,1559347,1558897,450
125848621,23.4885,27.9972,445,40846,0.227702,0.09,1,1559369,1558924,445
125851541,38.2977,24.7994,463,40898,0.293541,0.13,1,1559411,1558948,463
125854461,36.4595,33.7599,463,40950,0.306708,0.07,1,1559447,1558984,463
125857381,63.2919,37.952,494,41002,0.277342,0.13,1,1559517,1559023,494
125860301,32.6584,61.1904,452,41053,0.255468,0.13,1,1559542,1559090,452
125863221,20.9317,33.8381,443,41104,0.251094,0.07,1,1559560,1559117,443
125866141,21.7863,21.9676,446,41155,0.266219,0.05,1,1559582,1559136,446
125869061,30.7573,22.7935,456,41206,0.221244,0,1,1559615,1559159,456
125871981,24.5515,31.7587,445,41257,0.164249,0.01,1,1559638,1559193,445
125874901,39.3103,25.5517,464,41308,0.0888497,0.09,1,1559681,1559217,464
125877821,33.4621,36.3103,457,41359,0.0737699,0.11,1,1559713,1559256,457
125880741,34.6924,32.0621,461,41410,0.102754,0.19,1,1559748,1559287,461
125883661,31.7385,31.2124,461,41461,0.0925508,0.23,1,1559779,1559318,461
125886581,24.7477,29.4425,455,41512,0.12251,0.23,1,1559802,1559347,455
125889501,6.54954,23.4885,435,41563,0.128502,0.31,1,1559804,1559369,435
125892421,36.5099,38.2977,437,41614,0.1777,0.31,1,1559848,1559411,437
125895341,36.102,36.4595,437,41665,0.20354,0.27,1,1559884,1559447,437
125898261,61.6204,63.2919,435,41716,0.176708,0.25,1,1559952,1559517,435
125901181,31.5241,32.6584,434,41767,0.219342,0.25,1,1559976,1559542,434
125904101,21.5048,20.9317,435,41818,0.227868,0.27,1,1559995,1559560,435
125907021,21.901,21.7863,435,41868,0.261574,0.21,1,1560017,1559582,435
125909941,26.7802,30.7573,430,41918,0.252315,0.15,1,1560045,1559615,430
125912861,21.356,24.5515,427,41968,0.266463,0.07,1,1560065,1559638,427
125915781,37.0712,39.3103,425,42018,0.301293,0.07,1,1560106,1559681,425
125918701,33.8142,33.4621,426,42068,0.324259,0.11,1,1560139,1559713,426
125921621,35.5628,34.6924,427,42118,0.264852,0.09,1,1560175,1559748,427
125924541,31.1126,31.7385,426,42168,0.26897,0.13,1,1560205,1559779,426
125927461,27.0225,24.7477,429,42218,0.269794,0.13,1,1560231,1559802,429
125930381,7.0045,6.54954,429,42268,0.269959,0.19,1,1560233,1559804,429
125933301,36.6009,36.5099,429,42318,0.301992,0.21,1,1560277,1559848,429
125936221,36.9202,36.102,430,42368,0.308398,0.17,1,1560314,1559884,430
125939141,62.584,61.6204,431,42418,0.34168,0.23,1,1560383,1559952,431
125942061,32.5168,31.5241,432,42468,0.364336,0.23,1,1560408,1559976,432
125944981,22.5034,21.5048,433,42518,0.400867,0.27,1,1560428,1559995,433
125947901,22.1007,21.901,433,42568,0.408173,0.25,1,1560450,1560017,433
125950821,27.6201,26.7802,434,42618,0.441635,0.27,1,1560479,1560045,434
125953741,22.324,21.356,435,42668,0.464327,0.31,1,1560500,1560065,435
125956661,38.8648,37.0712,437,42717,0.452865,0.33,1,1560543,1560106,437
125959581,33.373,33.8142,436,42766,0.450573,0.25,1,1560575,1560139,436
125962501,33.8746,35.5628,434,42815,0.466115,0.27,1,1560609,1560175,434
125965421,31.5749,31.1126,435,42864,0.453223,0.27,1,1560640,1560205,435
125968341,25.515,27.0225,433,42913,0.466645,0.27,1,1560664,1560231,433
125971261,6.703,7.0045,433,42962,0.501329,0.31,1,1560666,1560233,433
125974181,38.1406,36.6009,435,43011,0.524266,0.31,1,1560712,1560277,435
125977101,36.4281,7.32018,471,43060,0.528853,0.31,1,1560748,1560277,471
125980021,65.6856,31.064,507,43109,0.577771,0.35,1,1560821,1560314,507
125982941,33.9371,61.4128,464,43158,0.587554,0.37,1,1560847,1560383,464
125985861,22.7874,32.2826,459,43207,0.589511,0.41,1,1560867,1560408,459
125988781,22.1575,22.4565,461,43256,0.589902,0.41,1,1560889,1560428,461
125991701,29.2315,22.0913,470,43305,0.60598,0.45,1,1560920,1560450,470
125994621,23.4463,27.6183,463,43354,0.609196,0.47,1,1560942,1560479,463
125997541,38.2893,22.3237,484,43403,0.625839,0.45,1,1560984,1560500,484
126000461,34.0579,38.8647,474,43452,0.661168,0.45,1,1561017,1560543,474
126003381,34.0116,33.3729,476,43501,0.636234,0.47,1,1561051,1560575,476
126006301,33.2023,33.8746,475,43550,0.679247,0.45,1,1561084,1560609,475
126009221,25.8405,31.5749,468,43598,0.687849,0.47,1,1561108,1560640,468
126012141,6.76809,25.515,446,43646,0.68957,0.51,1,1561110,1560664,446
126015061,40.5536,6.703,493,43694,0.737914,0.53,1,1561159,1560666,493
126017981,37.7107,38.1406,484,43742,0.731583,0.53,1,1561196,1560712,484
126020901,67.5421,36.4281,523,43790,0.810317,0.59,2,1561271,1560748,523
126023821,34.3084,65.6856,476,43838,0.842063,0.59,2,1561297,1560821,476
126026741,22.8617,33.9371,470,43886,0.880413,0.59,2,1561317,1560847,470
126029661,22.1723,22.7874,472,43934,0.888083,0.59,2,1561339,1560867,472
126032581,30.0345,22.1575,482,43982,0.873616,0.61,2,1561371,1560889,482
126035501,23.6069,29.2315,473,44030,0.886723,0.61,2,1561393,1560920,473
126038421,39.1214,23.4463,494,44078,0.873345,0.63,2,1561436,1560942,494
126041341,34.2243,38.2893,485,44126,0.854669,0.67,2,1561469,1560984,485
126044261,34.0449,34.0579,486,44174,0.850934,0.63,2,1561503,1561017,486
126047181,35.609,34.0116,488,44222,0.866187,0.69,2,1561539,1561051,488
126050101,26.3218,33.2023,479,44270,0.869237,0.69,2,1561563,1561084,479
126053021,6.86436,25.8405,457,44318,0.869847,0.69,2,1561565,1561108,457
126055941,42.9729,6.76809,507,44366,0.88597,0.75,2,1561617,1561110,507
126058861,38.9946,40.5536,496,44414,0.937194,0.73,2,1561655,1561159,496
126061781,70.1989,37.7107,537,44461,0.947439,0.83,2,1561733,1561196,537
126260341,75,88,499,22093,0.03,0.85,1,1563936,1563437,499
126263261,51,64,486,22189,0.014,0.63,1,1563981,1563495,486
126266181,94.2,104.8,476,22285,0.0108,0.45,1,1564086,1563610,476
126269101,69.24,75.36,471,22380,0.04216,0.23,1,1564149,1563678,471
126272021,44.248,69.472,441,22475,0.032432,0.19,1,1564187,1563746,441
126274941,17.6496,29.8944,432,22569,0.0304864,0.17,1,1564198,1563766,432
126277861,72.3299,9.97888,513,22663,0.0780973,0.05,1,1564284,1563771,513
126280781,74.466,73.9958,498,22757,0.0716195,0.03,1,1564359,1563861,498
126283701,50.8932,74.7992,468,22850,0.0143239,0.01,1,1564404,1563936,468
126286621,92.5786,50.9598,526,22943,0.0428648,0.01,1,1564507,1563981,526
126289541,68.9157,94.192,484,23035,0.032573,0.05,1,1564570,1564086,484
126292461,44.1831,69.2384,459,23127,0.0785146,0.03,1,1564608,1564149,459
126295381,17.6366,44.2477,432,23219,0.0717029,0.03,1,1564619,1564187,432
126298301,77.1273,17.6495,513,23310,0.0863406,0.09,1,1564711,1564198,513
126301221,71.4255,72.3299,497,23401,0.105268,0.07,1,1564781,1564284,497
126304141,49.4851,74.466,466,23492,0.0210536,0,1,1564825,1564359,466
126307061,92.297,50.8932,524,23582,0.0762107,0.05,1,1564928,1564404,524
126309981,70.4594,92.5786,486,23672,0.0552421,0.03,1,1564993,1564507,486
126312901,44.4919,68.9157,461,23762,0.0830484,0.09,1,1565031,1564570,461
126315821,16.8984,44.1831,433,23851,0.0886097,0.07,1,1565041,1564608,433
126318741,79.3797,17.6366,517,23940,0.121722,0.09,1,1565136,1564619,517
126321661,17.4759,77.1273,427,24029,0.128344,0.11,1,1565138,1564711,427
126324581,59.4952,71.4255,427,24117,0.257669,0,1,1565208,1564781,427
126327501,43.899,49.4851,423,24205,0.267534,0.09,1,1565248,1564825,423
126330421,91.9798,92.297,424,24293,0.221507,0.05,1,1565352,1564928,424
126333341,70.396,70.4594,424,24380,0.0683013,0.09,1,1565417,1564993,424
126336261,46.0792,44.4919,426,24467,0.0696603,0.09,1,1565457,1565031,426
126339181,17.2158,16.8984,426,24554,0.0859321,0.13,1,1565467,1565041,426
126342101,81.8432,79.3797,429,24640,0.121186,0.13,1,1565565,1565136,429
126345021,17.9686,17.4759,429,24726,0.128237,0.29,1,1565567,1565138,429
126347941,63.5937,59.4952,434,24812,0.129647,0.27,1,1565642,1565208,434
126350861,43.9187,43.899,433,24897,0.161929,0.21,1,1565681,1565248,433
126353781,89.5838,91.9798,430,24982,0.232386,0.03,1,1565782,1565352,430
126356701,64.3168,70.396,423,25067,0.262477,0.07,1,1565840,1565417,423
126359621,47.2634,46.0792,426,25152,0.252495,0.09,1,1565883,1565457,426
126362541,17.4527,17.2158,426,25236,0.218499,0.13,1,1565893,1565467,426
126365461,83.4905,81.8432,428,25320,0.2277,0.13,1,1565993,1565565,428
126368381,18.2981,17.9686,428,25404,0.19754,0.13,1,1565995,1565567,428
126371301,63.6596,63.5937,428,25487,0.239508,0.13,1,1566070,1565642,428
126374221,45.5319,12.7187,469,25570,0.263902,0.17,1,1566111,1565642,469
126377141,92.3064,33.7437,534,25653,0.34878,0.25,1,1566215,1565681,534
126380061,65.6613,87.5488,492,25736,0.445756,0.27,1,1566274,1565782,492
126382981,45.1323,63.9098,474,25818,0.465151,0.25,1,1566314,1565840,474
126385901,17.0265,47.182,441,25900,0.46903,0.21,1,1566324,1565883,441
126388821,82.6053,17.4364,530,25982,0.533806,0.23,1,1566423,1565893,530
126391741,18.1211,83.4873,432,26064,0.562761,0.19,1,1566425,1565993,432
126394661,66.0242,18.2975,508,26145,0.536552,0.25,1,1566503,1565995,508
126397581,49.2048,63.6595,478,26226,0.54731,0.27,1,1566548,1566070,478
126400501,94.641,45.5319,543,26307,0.597462,0.37,1,1566654,1566111,543
126403421,70.1282,92.3064,503,26388,0.671492,0.47,1,1566718,1566215,503
126406341,46.0256,65.6613,484,26468,0.686298,0.47,1,1566758,1566274,484
126409261,18.0051,45.1323,455,26548,0.70526,0.47,1,1566769,1566314,455
126412181,86.001,17.0265,548,26628,0.773052,0.55,2,1566872,1566324,548
126415101,18.8002,82.6053,451,26708,0.78661,0.57,2,1566874,1566423,451
126418021,64.56,18.1211,525,26787,0.821322,0.53,2,1566950,1566425,525
126420941,50.512,66.0242,494,26866,0.860264,0.55,2,1566997,1566503,494
126423861,11.7024,49.2048,451,26945,0.868053,0.61,2,1566999,1566548,451
126426781,89.5405,94.641,454,27024,0.901611,0.69,2,1567108,1566654,454
126429701,70.7081,70.1282,456,27102,0.908322,0.69,2,1567174,1566718,456
126432621,46.1416,46.0256,456,27180,0.909664,0.71,2,1567214,1566758,456
126435541,18.8283,18.0051,457,27258,0.909933,0.79,2,1567226,1566769,457
126552341,50,65,488,30209,0.39,1,1,1569316,1568828,488
126555261,49.2,52.2,488,30279,0.214,1,1,1569365,1568877,488
126558181,37.04,31.24,496,30349,0.0988,1,1,1569399,1568903,496
126561101,80.208,87.048,486,30419,0.17976,1,1,1569490,1569004,486
126564021,37.6416,44.6096,479,30489,0.123952,1,1,1569517,1569038,479
126566941,33.9283,34.5219,480,30558,0.0807904,0.94,1,1569550,1569070,480
126569861,36.3857,46.1044,468,30627,0.0561581,0.93,1,1569587,1569119,468
126572781,27.2771,31.6209,465,30696,0.0512316,0.57,1,1569612,1569147,465
126575701,62.2554,74.3242,451,30765,0.0822463,0.49,1,1569683,1569232,451
126578621,36.4511,42.0648,447,30834,0.0724493,0.39,1,1569713,1569266,447
126581541,40.0902,48.413,438,30903,0.11849,0.17,1,1569754,1569316,438
126584461,39.218,48.8826,428,30971,0.095698,0.07,1,1569793,1569365,428
126587381,33.4436,36.9765,426,31039,0.0911396,0.2,1,1569825,1569399,426
126590301,77.8887,80.1953,424,31107,0.0582279,0.11,1,1569914,1569490,424
126593221,38.7777,37.6391,426,31175,0.0676456,0.07,1,1569943,1569517,426
126596141,32.5555,33.9278,424,31243,0.101529,0.05,1,1569974,1569550,424
126599061,34.5111,36.3856,422,31311,0.140306,0.05,1,1570009,1569587,422
126601981,27.7022,7.27711,448,31379,0.100061,0.05,1,1570035,1569587,448
126604901,62.3404,21.4554,494,31446,0.156012,0.09,1,1570106,1569612,494
126607821,35.6681,61.0911,452,31513,0.215202,0.07,1,1570135,1569683,452
126610741,41.5336,36.2182,465,31580,0.24304,0.13,1,1570178,1569713,465
126613661,41.1067,40.0436,465,31647,0.264608,0.09,1,1570219,1569754,465
126616581,32.2213,39.2087,456,31714,0.268922,0.09,1,1570249,1569793,456
126619501,75.2443,33.4417,510,31781,0.221784,0.05,1,1570335,1569825,510
126622421,39.8489,77.8884,452,31848,0.212357,0.07,1,1570366,1569914,452
126625341,35.1698,38.7777,457,31914,0.210471,0.11,1,1570400,1569943,457
126628261,33.434,32.5555,459,31980,0.226094,0.15,1,1570433,1569974,459
126631181,29.8868,34.5111,453,32046,0.245219,0.09,1,1570462,1570009,453
126634101,65.1774,27.7022,501,32112,0.297044,0.17,1,1570536,1570035,501
126637021,37.8355,62.3404,461,32178,0.339409,0.23,1,1570567,1570106,461
126639941,41.9671,35.6681,475,32244,0.347882,0.25,1,1570610,1570135,475
126642861,42.7934,41.5336,475,32310,0.365576,0.27,1,1570653,1570178,475
126645781,32.5587,41.1067,464,32375,0.385115,0.27,1,1570683,1570219,464
126648701,73.7117,32.2213,518,32440,0.421023,0.21,1,1570767,1570249,518
126651621,40.3423,75.2443,464,32505,0.460205,0.21,1,1570799,1570335,464
126654541,33.6685,39.8489,465,32570,0.468041,0.21,1,1570831,1570366,465
126657461,33.9337,35.1698,465,32635,0.501608,0.23,1,1570865,1570400,465
126660381,31.5867,33.434,463,32700,0.492322,0.25,1,1570896,1570433,463
126663301,67.1173,29.8868,510,32765,0.538464,0.31,1,1570972,1570462,510
126666221,15.0235,65.1774,438,32830,0.547693,0.35,1,1570974,1570536,438
126669141,28.6047,37.8355,439,32894,0.549539,0.35,1,1571006,1570567,439
126672061,40.1209,41.9671,439,32958,0.565908,0.37,1,1571049,1570610,439
126674981,44.0242,42.7934,441,33022,0.601182,0.39,1,1571094,1570653,441
126677901,32.8048,32.5587,441,33086,0.640236,0.43,1,1571124,1570683,441
126680821,76.961,73.7117,445,33150,0.648047,0.47,1,1571212,1570767,445
126683741,40.9922,40.3423,445,33214,0.649609,0.47,1,1571244,1570799,445
126686661,33.7984,33.6685,445,33278,0.665922,0.51,1,1571276,1570831,445
126689581,35.5597,33.9337,447,33342,0.669184,0.49,1,1571312,1570865,447
126692501,31.9119,31.5867,447,33405,0.653837,0.55,1,1571343,1570896,447
126695421,68.7824,67.1173,449,33468,0.666767,0.55,1,1571421,1570972,449
126698341,15.3565,15.0235,449,33531,0.669353,0.55,1,1571423,1570974,449
126701261,29.4713,28.6047,450,33594,0.717871,0.57,1,1571456,1571006,450
126704181,40.2943,40.1209,450,33657,0.743574,0.61,1,1571499,1571049,450
126707101,45.6589,44.0242,452,33720,0.748715,0.65,1,1571546,1571094,452
126710021,33.1318,32.8048,452,33783,0.781743,0.65,2,1571576,1571124,452
126712941,78.6264,76.961,454,33846,0.772349,0.65,2,1571666,1571212,454
126715861,42.1253,40.9922,455,33908,0.75447,0.67,2,1571699,1571244,455
126718781,34.0251,33.7984,455,33970,0.750894,0.67,2,1571731,1571276,455
126721701,34.005,35.5597,453,34032,0.718179,0.65,1,1571765,1571312,453
126724621,32.401,31.9119,454,34094,0.759636,0.67,2,1571797,1571343,454
126727541,69.6802,68.7824,455,34156,0.831927,0.67,2,1571876,1571421,455
126730461,15.536,15.3565,455,34218,0.846385,0.67,2,1571878,1571423,455
126733381,29.5072,3.0713,488,34280,0.833277,0.73,2,1571911,1571423,488
126736301,41.1014,27.0143,499,34342,0.846655,0.75,2,1571955,1571456,499
126739221,47.4203,39.8029,505,34404,0.881331,0.75,2,1572004,1571499,505
126742141,35.0841,45.5606,490,34465,0.888266,0.79,2,1572036,1571546,490
126745061,76.6168,33.1121,547,34526,0.921653,0.77,2,1572123,1571576,547
126888141,42,47,512,37408,0.95,1,2,1574105,1573593,512
126891061,41.2,42.2,512,37464,0.87,1,2,1574146,1573634,512
126893981,25.84,32.44,504,37520,0.934,1,2,1574168,1573664,504
126896901,71.568,25.688,563,37576,0.8988,1,2,1574251,1573688,563
126899821,51.1136,75.5376,521,37632,0.84376,0.93,2,1574297,1573776,521
126902741,33.4227,53.5075,502,37688,0.848752,0.96,2,1574326,1573824,502
126905661,35.4845,36.3015,506,37744,0.87375,0.96,2,1574362,1573856,506
126908581,26.2969,33.6603,497,37800,0.88675,1,2,1574386,1573889,497
126911501,18.0594,25.1321,490,37856,0.90535,0.97,2,1574402,1573912,490
126914421,22.0119,21.0264,493,37912,0.89307,0.99,2,1574425,1573932,493
126917341,54.8024,21.0053,535,37968,0.922614,0.93,2,1574488,1573953,535
126920261,43.7605,57.8011,509,38024,0.912523,0.95,2,1574529,1574020,509
126923181,40.7521,45.9602,506,38080,0.926505,0.95,2,1574569,1574063,506
126926101,40.9504,42.792,505,38135,0.929301,0.85,2,1574610,1574105,505
127358261,42,23,509,45599,0.79,1,2,1579820,1579311,509
127361181,32.4,33.4,503,45645,0.726,1,1,1579850,1579347,503
127364101,24.88,35.48,490,45691,0.6332,1,1,1579873,1579383,490
127367021,22.576,24.696,490,45737,0.58264,1,1,1579895,1579405,490
127369941,30.1152,17.7392,506,45783,0.476528,1,1,1579927,1579421,506
127372861,30.023,30.7478,502,45829,0.471306,1,1,1579957,1579455,502
127375781,22.0046,35.7496,485,45875,0.342261,1,1,1579977,1579492,485
127378701,37.2009,28.7499,499,45921,0.268452,1,1,1580018,1579519,499
127381621,33.8402,5.74998,532,45967,0.20569,1,1,1580051,1579519,532
127384541,41.168,30.75,538,46013,0.145138,1,1,1580094,1579556,538
127387461,37.8336,50.95,519,46059,0.101028,1,1,1580131,1579612,519
127390381,26.7667,46.99,497,46105,0.124206,1,1,1580155,1579658,497
127393301,32.5533,31.798,503,46151,0.144841,1,1,1580189,1579686,503
127396221,28.1107,34.3596,495,46197,0.0849682,0.88,1,1580216,1579721,495
127399141,24.0221,29.2719,490,46243,0.0889936,0.88,1,1580239,1579749,490
127402061,36.8044,29.0544,501,46289,0.137799,0.79,1,1580279,1579778,501
127404981,28.1609,39.4109,485,46335,0.14756,0.71,1,1580305,1579820,485
127407901,18.4322,31.8822,471,46381,0.133512,0.61,1,1580321,1579850,471
127410821,18.8864,24.7764,467,46426,0.130702,0.57,1,1580340,1579873,467
127413741,26.9773,22.5553,474,46471,0.21014,0.45,1,1580369,1579895,474
127416661,26.9955,30.1111,469,46516,0.210028,0.47,1,1580396,1579927,469
127419581,18.1991,30.0222,455,46561,0.178006,0.31,1,1580412,1579957,455
127422501,32.4398,22.0044,471,46606,0.171601,0.25,1,1580448,1579977,471
127425421,32.888,37.2009,463,46651,0.17032,0.19,1,1580481,1580018,463
127428341,37.7776,33.8402,469,46696,0.234064,0.13,1,1580520,1580051,469
127431261,36.3555,41.168,462,46741,0.294813,0.09,1,1580556,1580094,462
127434181,26.4711,37.8336,449,46786,0.306963,0.13,1,1580580,1580131,449
127437101,32.4942,26.7667,459,46831,0.277393,0.15,1,1580614,1580155,459
127440021,26.4988,32.5533,450,46876,0.287479,0.07,1,1580639,1580189,450
127442941,25.2998,28.1107,448,46921,0.305496,0.09,1,1580664,1580216,448
127445861,38.66,24.0221,467,46966,0.373099,0.15,1,1580706,1580239,467
127448781,30.132,36.8044,455,47011,0.38662,0.15,1,1580734,1580279,455
127451701,18.0264,28.1609,444,47056,0.405324,0.13,1,1580749,1580305,444
127454621,18.0053,18.4322,446,47101,0.409065,0.13,1,1580767,1580321,446
127457541,29.2011,18.8864,459,47146,0.409813,0.23,1,1580799,1580340,459
127460461,25.0402,26.9773,454,47191,0.425963,0.21,1,1580823,1580369,454
127463381,19.408,26.9955,445,47236,0.429193,0.17,1,1580841,1580396,445
127466301,35.0816,18.1991,468,47281,0.445839,0.17,1,1580880,1580412,468
127469221,34.2163,32.4398,466,47326,0.481168,0.17,1,1580914,1580448,466
127472141,37.2433,32.888,471,47371,0.488234,0.25,1,1580952,1580481,471
127475061,9.04865,37.7776,434,47415,0.521647,0.31,1,1580954,1580520,434
127477981,33.0097,36.3555,437,47459,0.512329,0.31,1,1580993,1580556,437
127480901,25.8019,26.4711,437,47503,0.510466,0.27,1,1581017,1580580,437
127483821,32.3604,32.4942,437,47547,0.542093,0.29,1,1581051,1580614,437
127486741,27.2721,26.4988,438,47591,0.548419,0.31,1,1581077,1580639,438
127489661,24.6544,25.2998,437,47635,0.549684,0.39,1,1581101,1580664,437
127492581,40.9309,38.66,440,47679,0.533937,0.39,1,1581146,1580706,440
127495501,31.3862,30.132,441,47723,0.514787,0.41,1,1581175,1580734,441
127498421,19.0772,18.0264,442,47767,0.542957,0.41,1,1581191,1580749,442
127501341,18.2154,18.0053,442,47811,0.548591,0.41,1,1581209,1580767,442
127504261,29.2431,29.2011,442,47855,0.565718,0.43,1,1581241,1580799,442
127507181,25.8486,25.0402,443,47899,0.601144,0.43,1,1581266,1580823,443
127510101,19.5697,19.408,443,47943,0.608229,0.45,1,1581284,1580841,443
127513021,37.5139,35.0816,446,47987,0.609646,0.49,1,1581326,1580880,446
127515941,34.7028,34.2163,446,48031,0.577929,0.49,1,1581360,1580914,446
127518861,37.3406,37.2433,446,48075,0.603586,0.53,1,1581398,1580952,446
127521781,9.06811,9.04865,446,48119,0.608717,0.51,1,1581400,1580954,446
127524701,33.8136,33.0097,447,48163,0.673743,0.51,1,1581440,1580993,447
127527621,25.9627,25.8019,447,48207,0.702749,0.55,1,1581464,1581017,447
127530541,32.3925,32.3604,447,48251,0.72455,0.55,1,1581498,1581051,447
127533461,28.0785,27.2721,448,48295,0.72891,0.55,1,1581525,1581077,448
127536381,25.6157,24.6544,449,48339,0.713782,0.53,1,1581550,1581101,449
127539301,38.7231,40.9309,446,48383,0.710756,0.51,1,1581592,1581146,446
127542221,33.3446,31.3862,449,48427,0.710151,0.55,1,1581624,1581175,449
127545141,19.4689,19.0772,449,48471,0.75803,0.55,2,1581640,1581191,449
127548061,18.2938,18.2154,449,48514,0.735606,0.57,1,1581658,1581209,449
127550981,30.8588,29.2431,451,48557,0.811121,0.61,2,1581692,1581241,451
127553901,25.3718,25.8486,450,48600,0.826224,0.61,2,1581716,1581266,450
127556821,19.4744,19.5697,450,48643,0.829245,0.61,2,1581734,1581284,450
127559741,37.4949,37.5139,450,48686,0.845849,0.57,2,1581776,1581326,450
127562661,34.699,34.7028,450,48729,0.88117,0.61,2,1581810,1581360,450
127565581,38.1398,37.3406,451,48772,0.872234,0.61,2,1581849,1581398,451
127568501,9.22796,9.06811,451,48815,0.870447,0.69,2,1581851,1581400,451
127571421,36.2456,33.8136,454,48858,0.822089,0.69,2,1581894,1581440,454
127574341,26.4491,6.76272,478,48901,0.780418,0.71,2,1581918,1581440,478
127577261,34.0898,20.5525,490,48944,0.772084,0.73,2,1581954,1581464,490
127580181,27.618,31.3105,482,48987,0.802417,0.73,2,1581980,1581498,482
127583101,26.3236,27.8621,481,49030,0.808483,0.71,2,1582006,1581525,481
127586021,38.8647,25.5724,498,49073,0.809697,0.71,2,1582048,1581550,498
127588941,33.3729,38.7145,488,49116,0.825939,0.71,2,1582080,1581592,488
127591861,20.2746,33.3429,473,49159,0.845188,0.77,2,1582097,1581624,473
127594781,19.2549,19.4686,476,49202,0.849038,0.73,2,1582116,1581640,476
127597701,32.651,18.2937,494,49245,0.897808,0.83,2,1582152,1581658,494
127600621,25.7302,30.8587,484,49288,0.907561,0.83,2,1582176,1581692,484
127603541,19.546,25.3717,478,49331,0.909512,0.83,2,1582194,1581716,478
127859041,527,583,471,23360,0.51,1,1,1584735,1584264,471
127861961,186.2,171.8,503,24178,0.51,0.93,1,1584836,1584333,503
127864881,86.04,93.56,490,24266,0.526,0.81,1,1584897,1584407,490
127867801,58.008,46.712,506,24353,0.5772,0.75,1,1584948,1584442,506
127870721,63.6016,73.3424,491,24440,0.53944,0.67,1,1585013,1584522,491
127873641,55.1203,60.2685,487,24527,0.579888,0.55,1,1585066,1584579,487
127876561,63.0241,70.4537,479,24613,0.603978,0.49,1,1585131,1584652,479
127879481,21.4048,42.0907,455,24699,0.624796,0.51,1,1585142,1584687,455
127882401,35.481,31.6181,465,24785,0.612959,0.51,1,1585181,1584716,465
127885321,90.2962,102.324,449,24871,0.690592,0.53,1,1585285,1584836,449
127888241,67.6592,69.2647,450,24956,0.706118,0.59,1,1585347,1584897,450
127891161,55.1318,54.6529,451,25041,0.741224,0.53,1,1585399,1584948,451
127894081,62.2264,62.9306,450,25126,0.748245,0.59,1,1585463,1585013,450
127897001,55.6453,54.9861,451,25210,0.797649,0.61,2,1585517,1585066,451
127899921,63.9291,62.9972,452,25294,0.82353,0.63,2,1585583,1585131,452
127902841,22.3858,21.3994,453,25378,0.796706,0.61,2,1585595,1585142,453
127905761,34.8772,35.4799,452,25461,0.871341,0.61,2,1585633,1585181,452
127908681,91.7754,7.09598,558,25544,0.886268,0.71,2,1585739,1585181,558
127911601,67.9551,84.6192,516,25627,0.921254,0.71,2,1585801,1585285,516
127914521,57.591,66.5238,509,25710,0.880251,0.75,2,1585856,1585347,509
127917441,63.5182,54.9048,522,25792,0.88805,0.75,2,1585921,1585399,522
127920361,56.7036,62.181,513,25874,0.87361,0.81,2,1585976,1585463,513
127923281,64.9407,55.6362,526,25956,0.902722,0.83,2,1586043,1585517,526
127926201,23.3881,63.9272,473,26038,0.924544,0.79,2,1586056,1585583,473
127929121,36.6776,22.3854,501,26119,0.912909,0.89,2,1586096,1585595,501
127932041,94.5355,34.8771,572,26200,0.910582,0.89,2,1586205,1585633,572
128040081,26,38,508,29040,0.73,1,1,1588186,1587678,508
128043001,22,29.2,502,29113,0.65,1,1,1588207,1587705,502
128045921,84.4,33.84,567,29186,0.442,0.96,1,1588307,1587740,567
128048841,45.68,75.568,517,29259,0.3684,0.99,1,1588343,1587826,517
128051761,70.736,47.9136,553,29331,0.28968,1,1,1588420,1587867,553
128054681,38.9472,72.7827,505,29403,0.305936,1,1,1588451,1587946,505
128057601,42.1894,43.3565,512,29475,0.309187,1,1,1588494,1587982,512
128060521,69.2379,42.2713,546,29547,0.229837,0.91,1,1588570,1588024,546
128063441,49.8476,73.2543,510,29619,0.213968,0.77,1,1588615,1588105,510
128066361,29.9695,58.6509,480,29690,0.210794,0.73,1,1588640,1588160,480
128069281,18.7939,32.5302,470,29761,0.194159,0.63,1,1588656,1588186,470
128072201,73.3588,23.306,536,29832,0.206832,0.39,1,1588743,1588207,536
128075121,16.2718,84.6612,438,29903,0.225366,0.35,1,1588745,1588307,438
128078041,32.0544,45.7322,438,29974,0.245073,0.27,1,1588781,1588343,438
128080961,67.2109,70.7465,437,30045,0.281015,0.31,1,1588857,1588420,437
128083881,35.0422,38.9493,433,30115,0.272203,0.31,1,1588884,1588451,433
128086801,42.2084,42.1899,434,30185,0.350441,0.21,1,1588928,1588494,434
128089721,67.6417,69.238,432,30255,0.382088,0.21,1,1589002,1588570,432
128092641,50.3283,49.8476,433,30325,0.356418,0.21,1,1589048,1588615,433
128095561,28.4657,29.9695,431,30395,0.367284,0.19,1,1589071,1588640,431
128098481,20.0931,18.7939,433,30465,0.369457,0.21,1,1589089,1588656,433
128101401,74.4186,73.3588,434,30534,0.369891,0.23,1,1589177,1588743,434
128104321,16.4837,16.2718,434,30603,0.369978,0.25,1,1589179,1588745,434
128107241,30.4967,32.0544,432,30672,0.401996,0.29,1,1589213,1588781,432
128110161,68.4994,67.2109,434,30741,0.504399,0.27,1,1589291,1588857,434
128113081,36.0999,35.0422,435,30810,0.52488,0.37,1,1589319,1588884,435
128116001,44.82,42.2084,438,30879,0.512976,0.39,1,1589366,1588928,438
128118921,68.964,67.6417,439,30948,0.606595,0.35,1,1589441,1589002,439
128121841,50.5928,50.3283,439,31016,0.609319,0.37,1,1589487,1589048,439
128124761,27.7186,28.4657,438,31084,0.609864,0.37,1,1589509,1589071,438
128127681,21.5437,20.0931,440,31152,0.641973,0.37,1,1589529,1589089,440
128130601,74.7087,74.4186,440,31220,0.680395,0.37,1,1589617,1589177,440
128133521,16.5417,16.4837,440,31288,0.656079,0.37,1,1589619,1589179,440
128136441,31.3083,3.29674,475,31356,0.651216,0.41,1,1589654,1589179,475
128139361,71.8617,27.8593,523,31423,0.730243,0.53,1,1589736,1589213,523
128142281,36.7723,67.9719,473,31490,0.746049,0.53,1,1589764,1589291,473
128145201,45.7545,35.9944,493,31557,0.74921,0.51,1,1589812,1589319,493
128148121,72.3509,44.7989,525,31624,0.717842,0.63,1,1589891,1589366,525
128151041,52.0702,68.9598,497,31691,0.727568,0.61,1,1589938,1589441,497
128153961,28.014,50.592,473,31758,0.729514,0.61,1,1589960,1589487,473
128156881,22.4028,27.7184,472,31825,0.745903,0.65,1,1589981,1589509,472
128159801,76.4806,21.5437,542,31891,0.765181,0.69,2,1590071,1589529,542
128162721,16.8961,74.7087,456,31957,0.737036,0.65,1,1590073,1589617,456
128165641,31.3792,16.5417,489,32023,0.779407,0.65,2,1590108,1589619,489
128168561,75.0758,31.3083,540,32089,0.787881,0.75,2,1590194,1589654,540
128171481,37.4152,71.8617,486,32155,0.821576,0.75,2,1590222,1589736,486
128174401,45.883,36.7723,506,32221,0.828315,0.75,2,1590270,1589764,506
128177321,70.7766,45.7545,535,32287,0.877663,0.71,2,1590347,1589812,535
128180241,52.5553,72.3509,504,32353,0.935533,0.73,2,1590395,1589891,504
128314561,32,34,514,35233,0.59,1,1,1592355,1591841,514
128317481,65.6,28.4,561,35293,0.558,1,1,1592429,1591868,561
128320401,35.52,73.68,504,35353,0.5516,1,1,1592457,1591953,504
128323321,33.504,37.936,508,35413,0.45432,1,1,1592490,1591982,508
128326241,60.3008,35.5872,540,35473,0.450864,0.98,1,1592557,1592017,540
128329161,38.4602,61.5174,505,35533,0.354173,1,1,1592590,1592085,505
128332081,34.092,41.9035,501,35592,0.350835,0.96,1,1592623,1592122,501
128335001,30.0184,37.1807,494,35651,0.318167,0.97,1,1592652,1592158,494
128337921,7.60368,29.0361,469,35710,0.311633,0.89,1,1592654,1592185,469
128340841,29.5207,37.8072,464,35769,0.342327,0.81,1,1592689,1592225,464
128343761,52.3041,54.7614,463,35828,0.364465,0.71,1,1592747,1592284,463
128346681,32.8608,42.1523,452,35887,0.368893,0.59,1,1592775,1592323,452
128349601,31.3722,34.0305,451,35946,0.353779,0.55,1,1592806,1592355,451
128352521,59.0744,66.0061,443,36005,0.366756,0.55,1,1592872,1592429,443
128355441,38.2149,35.6012,448,36064,0.417351,0.43,1,1592905,1592457,448
128358361,32.443,33.5202,446,36123,0.44347,0.45,1,1592936,1592490,446
128361281,56.0886,60.3041,441,36182,0.464694,0.33,1,1592998,1592557,441
128364201,36.0177,38.4608,439,36240,0.484939,0.35,1,1593029,1592590,439
128367121,35.2035,34.0922,441,36298,0.488988,0.31,1,1593064,1592623,441
128370041,27.0407,30.0184,437,36356,0.505798,0.31,1,1593089,1592652,437
128372961,7.00814,7.60369,437,36414,0.47716,0.35,1,1593091,1592654,437
128375881,29.4016,29.5207,437,36472,0.487432,0.37,1,1593126,1592689,437
128378801,54.6803,52.3041,440,36530,0.601486,0.37,1,1593187,1592747,440
128381721,31.7361,32.8608,438,36588,0.640297,0.35,1,1593213,1592775,438
128384641,31.9472,31.3722,439,36646,0.680059,0.37,1,1593245,1592806,439
128387561,60.7894,59.0744,441,36704,0.672012,0.43,1,1593313,1592872,441
128390481,38.5579,38.2149,441,36762,0.622402,0.45,1,1593346,1592905,441
128393401,33.3116,32.443,442,36819,0.61248,0.47,1,1593378,1592936,442
128396321,58.6623,56.0886,445,36876,0.658496,0.49,1,1593443,1592998,445
128399241,35.7325,36.0177,444,36933,0.683699,0.49,1,1593473,1593029,444
128402161,36.7465,35.2035,446,36990,0.68874,0.51,1,1593510,1593064,446
128405081,26.5493,27.0407,445,37047,0.737748,0.47,1,1593534,1593089,445
128408001,6.90986,7.00814,445,37104,0.71555,0.49,1,1593536,1593091,445
128410921,30.982,29.4016,447,37161,0.72711,0.49,1,1593573,1593126,447
128413841,59.7964,5.88033,514,37218,0.793422,0.63,2,1593640,1593126,514
128416761,32.7593,49.9761,479,37275,0.806684,0.65,2,1593666,1593187,479
128419681,32.1519,30.7952,485,37332,0.809337,0.69,2,1593698,1593213,485
128422601,60.0304,31.759,520,37389,0.809867,0.67,2,1593765,1593245,520
128425521,37.6061,60.7518,484,37446,0.809974,0.61,2,1593797,1593313,484
128428441,33.9212,38.5504,484,37502,0.809995,0.61,2,1593830,1593346,484
128431361,58.7842,33.3101,517,37558,0.905999,0.67,2,1593895,1593378,517
128434281,37.3568,58.662,484,37614,0.8932,0.69,2,1593927,1593443,484
128437201,37.8714,35.7324,492,37670,0.89064,0.69,2,1593965,1593473,492
128440121,27.5743,36.7465,480,37726,0.922128,0.75,2,1593990,1593510,480
128443041,7.11485,26.5493,458,37782,0.928426,0.71,2,1593992,1593534,458
128445961,31.823,6.90986,494,37838,0.929685,0.73,2,1594030,1593536,494
128448881,63.1646,30.982,528,37894,0.913937,0.81,2,1594101,1593573,528
128451801,33.4329,59.7964,487,37950,0.910787,0.81,2,1594127,1593640,487
128454721,33.0866,32.7593,494,38006,0.926157,0.81,2,1594160,1593666,494
128600721,41,58,515,40690,0.79,1,2,1596037,1595522,515
128603641,36.2,40.4,514,40742,0.678,1,1,1596072,1595558,514
128606561,30.44,30.48,515,40794,0.6076,1,1,1596101,1595586,515
128609481,27.688,27.696,515,40846,0.54552,1,1,1596128,1595613,515
128612401,36.7376,35.1392,517,40898,0.469104,1,1,1596167,1595650,517
128615321,36.1475,39.0278,513,40950,0.325821,1,1,1596203,1595690,513
128618241,58.4295,35.0056,543,41002,0.185164,1,1,1596267,1595724,543
128621161,36.4859,59.8011,508,41053,0.125033,1,1,1596298,1595790,508
128624081,36.0972,39.9602,509,41104,0.113007,1,1,1596334,1595825,509
128627001,43.2194,35.992,519,41155,0.0466013,1,1,1596379,1595860,519
128629921,22.2439,43.1984,491,41206,0.0333203,0.96,1,1596396,1595905,491
128632841,26.8488,26.2397,497,41257,0.0466641,0.97,1,1596424,1595927,497
128635761,33.3698,31.6479,499,41308,0.0653328,0.87,1,1596459,1595960,499
128638681,38.674,35.1296,503,41359,0.0530666,0.79,1,1596499,1595996,503
128641601,32.5348,39.8259,493,41410,0.0666133,0.65,1,1596530,1596037,493
128644521,26.507,35.9652,483,41461,0.0533227,0.59,1,1596555,1596072,483
128647441,19.7014,30.393,472,41512,0.0506645,0.53,1,1596573,1596101,472
128650361,5.54028,27.6786,447,41563,0.0501329,0.45,1,1596575,1596128,447
128653281,28.3081,36.7357,442,41614,0.0340266,0.29,1,1596609,1596167,442
128656201,29.6616,36.1471,436,41665,0.110805,0.15,1,1596639,1596203,436
128659121,52.3323,58.4294,430,41716,0.126161,0.11,1,1596697,1596267,430
128662041,32.0665,36.4859,426,41767,0.145232,0.11,1,1596724,1596298,426
128664961,33.6133,36.0972,424,41818,0.181046,0.03,1,1596758,1596334,424
128667881,42.7227,43.2194,424,41868,0.140209,0.03,1,1596803,1596379,424
128670801,21.3445,22.2439,423,41918,0.148042,0.05,1,1596819,1596396,423
128673721,27.4689,26.8488,424,41968,0.101608,0.07,1,1596848,1596424,424
128676641,34.2938,33.3698,425,42018,0.124322,0.05,1,1596884,1596459,425
128679561,38.0588,38.674,424,42068,0.0648643,0.07,1,1596923,1596499,424
128682481,32.4118,32.5348,424,42118,0.0689729,0.05,1,1596954,1596530,424
128685401,26.4824,26.507,424,42168,0.101795,0.05,1,1596979,1596555,424
128688321,18.0965,19.7014,422,42218,0.108359,0.05,1,1596995,1596573,422
128691241,5.21929,5.54028,422,42268,0.0776718,0.03,1,1596997,1596575,422
128694161,28.2439,28.3081,422,42318,0.103534,0.13,1,1597031,1596609,422
128697081,32.0488,29.6616,425,42368,0.172707,0.13,1,1597064,1596639,425
128700001,55.2098,52.3323,428,42418,0.218541,0.15,1,1597125,1596697,428
128702921,31.842,32.0665,427,42468,0.259708,0.19,1,1597151,1596724,427
128705841,35.1684,33.6133,429,42518,0.235942,0.13,1,1597187,1596758,429
128708761,43.0337,42.7227,429,42568,0.263188,0.15,1,1597232,1596803,429
128711681,19.8067,21.3445,427,42618,0.236638,0.09,1,1597246,1596819,427
128714601,24.7613,27.4689,424,42668,0.247328,0.13,1,1597272,1596848,424
128717521,36.1523,34.2938,427,42717,0.249466,0.05,1,1597311,1596884,427
128720441,36.0305,38.0588,424,42766,0.249893,0.07,1,1597347,1596923,424
128723361,31.2061,32.4118,423,42815,0.249979,0.11,1,1597377,1596954,423
128726281,27.8412,26.4824,425,42864,0.233996,0.11,1,1597404,1596979,425
128729201,18.3682,18.0965,425,42913,0.294799,0.07,1,1597420,1596995,425
128732121,5.27365,5.21929,425,42962,0.27496,0.11,1,1597422,1596997,425
128735041,29.8547,28.2439,427,43011,0.318992,0.11,1,1597458,1597031,427
128737961,34.7709,5.64877,463,43060,0.295798,0.19,1,1597494,1597031,463
128740881,57.3542,27.5298,493,43109,0.35516,0.23,1,1597557,1597064,493
128743801,32.2708,54.3059,458,43158,0.367032,0.27,1,1597583,1597125,458
128746721,35.2542,31.6612,468,43207,0.385406,0.23,1,1597619,1597151,468
128749641,43.0508,35.1322,477,43256,0.373081,0.27,1,1597664,1597187,477
128752561,19.8102,43.0264,446,43305,0.386616,0.23,1,1597678,1597232,446
128755481,26.362,19.8053,460,43354,0.389323,0.25,1,1597706,1597246,460
128758401,34.0724,24.7611,470,43403,0.437865,0.25,1,1597742,1597272,470
128761321,35.6145,36.1522,467,43452,0.447573,0.25,1,1597778,1597311,467
128764241,31.1229,36.0304,461,43501,0.465515,0.25,1,1597808,1597347,461
128767161,30.2246,31.2061,461,43550,0.485103,0.23,1,1597838,1597377,461
128770081,18.8449,27.8412,450,43598,0.457021,0.31,1,1597854,1597404,450
128773001,5.36898,18.3682,436,43646,0.451404,0.27,1,1597856,1597420,436
128775921,30.6738,5.27365,471,43694,0.466281,0.33,1,1597893,1597422,471
128778841,34.9348,29.8547,471,43742,0.469256,0.29,1,1597929,1597458,471
128781761,60.587,34.7709,502,43790,0.437851,0.37,1,1597996,1597494,502
128784681,33.7174,57.3542,466,43838,0.43157,0.37,1,1598023,1597557,466
128787601,35.5435,32.2708,476,43886,0.430314,0.39,1,1598059,1597583,476
128790521,43.1087,35.2542,485,43934,0.446063,0.37,1,1598104,1597619,485
128793441,19.8217,43.0508,454,43982,0.481213,0.39,1,1598118,1597664,454
128796361,27.9643,19.8102,470,44030,0.520243,0.39,1,1598148,1597678,470
128799281,35.1929,26.362,479,44078,0.544048,0.45,1,1598185,1597706,479
128802201,35.8386,34.0724,479,44126,0.54881,0.45,1,1598221,1597742,479
128805121,31.9677,35.6145,474,44174,0.581762,0.47,1,1598252,1597778,474
128808041,29.5935,31.1229,473,44222,0.604352,0.49,1,1598281,1597808,473
128810961,19.5187,30.2246,460,44270,0.59287,0.45,1,1598298,1597838,460
128813881,5.50374,18.8449,446,44318,0.622574,0.45,1,1598300,1597854,446
128816801,30.7007,5.36898,481,44366,0.628515,0.47,1,1598337,1597856,481
128819721,34.9402,30.6738,480,44414,0.629703,0.47,1,1598373,1597893,480
128822641,58.988,34.9348,509,44461,0.629941,0.43,1,1598438,1597929,509
128825561,13.3976,60.587,444,44508,0.629988,0.43,1,1598440,1597996,444
128828481,23.4795,33.7174,443,44555,0.661998,0.43,1,1598466,1598023,443
128831401,34.2959,35.5435,444,44602,0.700399,0.45,1,1598503,1598059,444
128834321,44.4592,43.1087,446,44649,0.70808,0.49,1,1598550,1598104,446
128837241,20.8918,19.8217,447,44696,0.741616,0.53,1,1598565,1598118,447
128840161,28.9784,27.9643,448,44743,0.732323,0.55,1,1598596,1598148,448
128843081,36.1957,35.1929,449,44790,0.794465,0.55,2,1598634,1598185,449
128846001,36.0391,35.8386,449,44837,0.774893,0.59,2,1598670,1598221,449
128848921,33.6078,31.9677,451,44884,0.802979,0.61,2,1598703,1598252,451
128851841,30.7216,29.5935,452,44931,0.824596,0.59,2,1598733,1598281,452
128854761,18.9443,19.5187,451,44978,0.828919,0.63,2,1598749,1598298,451
128857681,5.38886,5.50374,451,45025,0.797784,0.63,2,1598751,1598300,451
128860601,32.2778,30.7007,453,45072,0.839557,0.63,2,1598790,1598337,453
128863521,35.2556,34.9402,453,45119,0.831911,0.63,2,1598826,1598373,453
128866441,59.0511,58.988,453,45166,0.862382,0.63,2,1598891,1598438,453
128869361,13.4102,13.3976,453,45213,0.868476,0.67,2,1598893,1598440,453
129082521,28,37,498,48500,0.71,0.98,1,1601178,1600680,498
129085441,28,33,494,48543,0.614,1,1,1601206,1600712,494
129088361,31.2,29.8,497,48586,0.5628,1,1,1601238,1600741,497
129091281,35.84,43.56,487,48629,0.47256,1,1,1601275,1600788,487
129094201,32.768,33.512,488,48672,0.406512,1,1,1601307,1600819,488
129097121,30.5536,25.9024,494,48715,0.249302,1,1,1601337,1600843,494
129100041,31.7107,29.1805,496,48758,0.18586,1,1,1601369,1600873,496
129102961,21.5421,30.6361,484,48801,0.237172,1,1,1601388,1600904,484
129105881,21.1084,26.9272,479,48844,0.151434,1,1,1601409,1600930,479
129108801,21.8217,5.38544,501,48887,0.150287,1,1,1601431,1600930,501
129111721,27.5643,24.2771,501,48930,0.118057,1,1,1601460,1600959,501
129114641,39.9129,32.0554,510,48973,0.0796115,0.99,1,1601503,1600993,510
129117561,25.5826,35.2111,496,49016,0.0559223,0.87,1,1601525,1601029,496
129120481,33.9165,27.0422,507,49059,0.0671845,0.88,1,1601561,1601054,507
129123401,25.9833,37.4084,491,49102,0.0374369,0.83,1,1601585,1601094,491
129126321,24.3967,31.4817,485,49145,0.0314874,0.83,1,1601609,1601124,485
129129241,27.2793,27.0963,487,49188,0.0782975,0.71,1,1601637,1601150,487
129132161,19.0559,27.8193,476,49231,0.103659,0.59,1,1601654,1601178,476
129135081,27.0112,27.9639,477,49274,0.108732,0.55,1,1601683,1601206,477
129138001,32.6022,31.1928,479,49317,0.141746,0.45,1,1601717,1601238,479
129140921,28.9204,35.8386,470,49360,0.132349,0.39,1,1601745,1601275,470
129143841,27.3841,32.7677,465,49403,0.17847,0.21,1,1601772,1601307,465
129146761,28.6768,30.5535,464,49446,0.187694,0.17,1,1601801,1601337,464
129149681,17.7354,31.7107,447,49489,0.173539,0.25,1,1601816,1601369,447
129152601,19.5471,21.5421,448,49532,0.218708,0.13,1,1601836,1601388,448
129155521,18.3094,21.1084,445,49575,0.227742,0.15,1,1601854,1601409,445
129158441,28.4619,21.8217,454,49617,0.213548,0.11,1,1601885,1601431,454
129161361,37.6924,27.5643,465,49659,0.19471,0.07,1,1601925,1601460,465
129164281,25.9385,39.9129,445,49701,0.206942,0.05,1,1601948,1601503,445
129167201,34.7877,25.5826,460,49743,0.193388,0.07,1,1601985,1601525,460
129170121,24.5575,33.9165,446,49785,0.206678,0.03,1,1602007,1601561,446
129173041,26.5115,25.9833,449,49827,0.193336,0.03,1,1602034,1601585,449
129175961,27.7023,24.3967,453,49869,0.206667,0.09,1,1602062,1601609,453
129178881,19.9405,27.2793,443,49911,0.225333,0.11,1,1602080,1601637,443
129181801,27.1881,19.0559,455,49953,0.245067,0.11,1,1602109,1601654,455
129184721,35.0376,27.0112,463,49995,0.233013,0.15,1,1602146,1601683,463
129187641,28.6075,32.6022,456,50037,0.246603,0.13,1,1602173,1601717,456
129190561,28.9215,28.9204,457,50079,0.313321,0.19,1,1602202,1601745,457
129193481,27.3843,27.3841,457,50121,0.342664,0.19,1,1602229,1601772,457
129196401,18.2769,28.6768,444,50163,0.348533,0.17,1,1602245,1601801,444
129199321,22.0554,17.7354,452,50205,0.349707,0.23,1,1602268,1601816,452
129202241,17.2111,19.5471,448,50247,0.349941,0.23,1,1602284,1601836,448
129205161,27.4422,18.3094,460,50289,0.381988,0.21,1,1602314,1601854,460
129208081,7.08844,28.4619,431,50331,0.388398,0.19,1,1602316,1601885,431
129211001,33.4177,37.6924,431,50373,0.40568,0.21,1,1602356,1601925,431
129213921,25.8835,25.9385,432,50415,0.441136,0.19,1,1602380,1601948,432
129216841,34.7767,34.7877,432,50457,0.480227,0.21,1,1602417,1601985,432
129219761,24.5553,24.5575,432,50499,0.488045,0.19,1,1602439,1602007,432
129222681,26.5111,26.5115,432,50541,0.473609,0.21,1,1602466,1602034,432
129225601,28.5022,27.7023,433,50583,0.486722,0.23,1,1602495,1602062,433
129228521,20.1004,19.9405,433,50625,0.505344,0.25,1,1602513,1602080,433
129231441,28.0201,27.1881,434,50667,0.525069,0.23,1,1602543,1602109,434
129234361,36.004,35.0376,435,50709,0.497014,0.25,1,1602581,1602146,435
129237281,29.6008,28.6075,436,50751,0.507403,0.33,1,1602609,1602173,436
129240201,30.7202,28.9215,438,50793,0.493481,0.35,1,1602640,1602202,438
129243121,28.544,27.3843,439,50834,0.506696,0.35,1,1602668,1602229,439
129246041,18.5088,18.2769,439,50875,0.541339,0.35,1,1602684,1602245,439
129248961,22.1018,22.0554,439,50916,0.548268,0.35,1,1602707,1602268,439
129251881,17.2204,17.2111,439,50957,0.549654,0.39,1,1602723,1602284,439
129254801,29.0441,27.4422,441,50998,0.581931,0.39,1,1602755,1602314,441
129257721,7.40881,7.08844,441,51039,0.588386,0.41,1,1602757,1602316,441
129260641,34.2818,33.4177,442,51080,0.589677,0.45,1,1602798,1602356,442
129263561,28.4564,25.8835,445,51121,0.621935,0.49,1,1602825,1602380,445
129266481,34.4913,34.7767,444,51162,0.660387,0.49,1,1602861,1602417,444
129269401,24.4983,24.5553,444,51203,0.636077,0.47,1,1602883,1602439,444
129272321,27.2997,26.5111,445,51244,0.663215,0.49,1,1602911,1602466,445
129275241,28.6599,28.5022,445,51285,0.668643,0.51,1,1602940,1602495,445
129278161,20.132,20.1004,445,51326,0.701729,0.53,1,1602958,1602513,445
129281081,28.8264,28.0201,446,51367,0.708346,0.49,1,1602989,1602543,446
129284001,36.9653,36.004,447,51408,0.709669,0.51,1,1603028,1602581,447
129286921,29.7931,29.6008,447,51449,0.677934,0.49,1,1603056,1602609,447
129289841,30.7586,30.7202,447,51490,0.687587,0.51,1,1603087,1602640,447
129292761,30.1517,28.544,449,51531,0.689517,0.55,1,1603117,1602668,449
129295681,18.8303,18.5088,449,51572,0.689903,0.55,1,1603133,1602684,449
129298601,22.1661,22.1018,449,51613,0.673981,0.55,1,1603156,1602707,449
129301521,17.2332,17.2204,449,51654,0.638796,0.59,1,1603172,1602723,449
129304441,30.6466,29.0441,451,51695,0.679759,0.59,1,1603206,1602755,451
129307361,7.72933,7.40881,451,51736,0.687952,0.59,1,1603208,1602757,451
129310281,34.3459,34.2818,451,51777,0.72159,0.59,1,1603249,1602798,451
129313201,29.2692,6.85635,479,51818,0.712318,0.63,1,1603277,1602798,479
129316121,34.6538,22.9713,488,51859,0.726464,0.67,1,1603313,1602825,488
129319041,24.5308,33.3943,474,51900,0.761293,0.63,2,1603335,1602861,474
129321961,27.3062,24.2789,480,51941,0.768259,0.67,2,1603363,1602883,480
129324881,30.2612,27.2558,483,51982,0.785652,0.67,2,1603394,1602911,483
129327801,21.2522,28.6512,473,52023,0.78913,0.71,2,1603413,1602940,473
129330721,28.2504,20.1302,485,52063,0.805826,0.71,2,1603443,1602958,485
129333641,36.8501,28.826,493,52103,0.841165,0.71,2,1603482,1602989,493
129336561,29.77,36.9652,482,52143,0.864233,0.67,2,1603510,1603028,482
129339481,31.554,29.793,486,52183,0.868847,0.69,2,1603542,1603056,486
129342401,28.7108,30.7586,483,52223,0.869769,0.69,2,1603570,1603087,483
129345321,18.5422,30.1517,469,52263,0.885954,0.69,2,1603586,1603117,469
129348241,21.3084,18.8303,475,52303,0.889191,0.67,2,1603608,1603133,475
129351161,17.8617,22.1661,469,52343,0.905838,0.63,2,1603625,1603156,469
129354081,30.7723,17.2332,487,52383,0.925168,0.69,2,1603659,1603172,487
129357001,7.75447,30.6466,455,52423,0.929034,0.69,2,1603661,1603206,455
129576001,41,56,494,25716,0.41,1,1,1605804,1605310,494
129578921,45.8,40,505,25798,0.378,0.9,1,1605851,1605346,505
129581841,67.56,60.8,512,25880,0.3556,0.83,1,1605924,1605412,512
129584761,61.512,80.16,487,25962,0.35112,0.75,1,1605984,1605497,487
129587681,42.7024,51.232,481,26044,0.350224,0.41,1,1606022,1605541,481
129590601,67.7405,85.4464,461,26125,0.350045,0.43,1,1606096,1605635,461
129593521,35.1481,43.4893,455,26206,0.366009,0.43,1,1606123,1605668,455
129596441,72.6296,27.0979,514,26287,0.433202,0.47,1,1606205,1605691,514
129599361,46.5259,63.0196,482,26368,0.46264,0.41,1,1606245,1605763,482
129602281,43.7052,45.4039,484,26448,0.468528,0.37,1,1606288,1605804,484
129605201,67.941,46.6808,511,26528,0.517706,0.35,1,1606362,1605851,511
129608121,60.7882,67.7362,497,26608,0.543541,0.35,1,1606421,1605924,497
129611041,43.3576,61.5472,476,26688,0.596708,0.35,1,1606460,1605984,476
129613961,66.2715,42.7094,510,26767,0.607342,0.35,1,1606532,1606022,510
129616881,37.2543,67.7419,466,26846,0.625468,0.37,1,1606562,1606096,466
129619801,9.05086,35.1484,441,26925,0.629094,0.45,1,1606564,1606123,441
129622721,70.6102,72.6297,445,27004,0.709819,0.47,1,1606650,1606205,445
129625641,46.122,46.5259,445,27082,0.693964,0.47,1,1606690,1606245,445
129628561,44.4244,43.7052,446,27160,0.722793,0.53,1,1606734,1606288,446
129631481,70.4849,67.941,449,27238,0.760559,0.55,2,1606811,1606362,449
129634401,62.897,60.7882,451,27316,0.768112,0.61,2,1606872,1606421,451
129637321,44.5794,43.3576,452,27394,0.801622,0.61,2,1606912,1606460,452
129640241,66.5159,66.2715,452,27471,0.856324,0.63,2,1606984,1606532,452
129643161,38.1032,37.2543,453,27548,0.851265,0.63,2,1607015,1606562,453
129646081,9.22063,9.05086,453,27625,0.850253,0.73,2,1607017,1606564,453
129649001,73.0441,70.6102,456,27702,0.818051,0.69,2,1607106,1606650,456
129651921,46.6088,46.122,456,27778,0.79561,0.73,2,1607146,1606690,456
129654841,46.1218,44.4244,458,27854,0.791122,0.77,2,1607192,1606734,458
129657761,70.8244,70.4849,458,27930,0.854224,0.77,2,1607269,1606811,458
129660681,66.1649,62.897,462,28006,0.898845,0.81,2,1607334,1606872,462
129663601,45.233,44.5794,462,28082,0.891769,0.87,2,1607374,1606912,462
129666521,67.4466,66.5159,463,28157,0.938354,0.85,2,1607447,1606984,463
129669441,37.4893,38.1032,462,28232,0.915671,0.85,2,1607477,1607015,462
129672361,9.09786,9.22063,462,28307,0.911134,0.81,2,1607479,1607017,462
129789161,28,36,484,31158,0.85,1,2,1609509,1609025,484
129792081,40,44.8,480,31226,0.77,1,2,1609552,1609072,480
129795001,33.6,32.96,482,31294,0.674,1,1,1609584,1609102,482
129797921,53.12,6.592,540,31362,0.4948,1,1,1609642,1609102,540
129800841,71.424,62.9184,539,31429,0.44296,0.94,1,1609718,1609179,539
129803761,47.8848,57.3837,525,31496,0.528592,1,1,1609760,1609235,525
129806681,49.577,58.6767,516,31563,0.433718,1,1,1609810,1609294,516
129809601,56.3154,46.1353,531,31630,0.462744,1,1,1609868,1609337,531
129812521,41.6631,58.0271,508,31697,0.468549,0.95,1,1609906,1609398,508
129815441,38.7326,42.0054,508,31764,0.46971,0.89,1,1609944,1609436,508
129818361,26.1465,44.4011,486,31831,0.533942,0.85,1,1609967,1609481,486
129821281,41.2293,31.2802,503,31897,0.514788,0.75,1,1610012,1609509,503
129824201,25.8459,40.656,482,31963,0.542958,0.65,1,1610034,1609552,482
129827121,46.7692,33.7312,502,32029,0.580592,0.45,1,1610086,1609584,502
129830041,70.9538,53.1462,521,32095,0.620118,0.43,1,1610163,1609642,521
129832961,45.3908,71.4292,484,32161,0.676024,0.55,1,1610202,1609718,484
129835881,51.4782,47.8859,495,32227,0.703205,0.41,1,1610255,1609760,495
129838801,57.4956,49.5772,504,32293,0.692641,0.47,1,1610314,1609810,504
129841721,43.4991,56.3154,486,32359,0.738528,0.47,1,1610354,1609868,486
129844641,36.6998,41.6631,483,32424,0.763706,0.47,2,1610389,1609906,483
129847561,26.54,38.7326,469,32489,0.768741,0.55,2,1610413,1609944,469
129850481,41.308,26.1465,491,32554,0.801748,0.51,2,1610458,1609967,491
129853401,28.2616,41.2293,471,32619,0.82435,0.55,2,1610483,1610012,471
129856321,46.4523,25.8459,500,32684,0.81287,0.59,2,1610534,1610034,500
129859241,74.0905,46.7692,529,32749,0.810574,0.63,2,1610615,1610086,529
129862161,16.4181,70.9538,454,32814,0.810115,0.69,2,1610617,1610163,454
129865081,36.0836,45.3908,456,32878,0.810023,0.71,2,1610658,1610202,456
129868001,50.4167,51.4782,457,32942,0.890005,0.69,2,1610712,1610255,457
129870921,58.0833,57.4956,458,33006,0.922001,0.75,2,1610772,1610314,458
130005241,35,35,494,35834,0.86,1,2,1612716,1612222,494
130008161,31.8,32.6,493,35893,0.852,1,2,1612747,1612254,493
130011081,24.76,32.12,484,35952,0.7864,1,2,1612770,1612286,484
130014001,36.152,39.224,482,36011,0.64528,1,1,1612809,1612327,482
130016921,34.4304,35.0448,482,36070,0.553056,1,1,1612843,1612361,482
130019841,62.8861,58.209,488,36129,0.470611,1,1,1612913,1612425,488
130022761,66.1772,62.8418,491,36187,0.470122,0.92,1,1612980,1612489,491
130025681,39.6354,35.7684,495,36245,0.406024,1,1,1613013,1612518,495
130028601,35.1271,22.3537,510,36303,0.393205,1,1,1613047,1612537,510
130031521,23.8254,44.4707,481,36361,0.438641,0.87,1,1613068,1612587,481
130034441,26.3651,34.4941,476,36419,0.367728,0.93,1,1613095,1612619,476
130037361,48.473,56.4988,468,36477,0.385546,0.86,1,1613149,1612681,468
130040281,33.6946,39.2998,463,36535,0.357109,0.85,1,1613179,1612716,463
130043201,31.5389,32.66,463,36593,0.431422,0.77,1,1613210,1612747,463
130046121,22.3078,24.932,460,36651,0.462284,0.61,1,1613230,1612770,460
130049041,30.8616,36.1864,454,36709,0.500457,0.53,1,1613263,1612809,454
130051961,30.9723,34.4373,451,36767,0.508091,0.45,1,1613294,1612843,451
130054881,53.3945,62.8875,440,36824,0.557618,0.47,1,1613353,1612913,440
130057801,61.0789,66.1775,436,36881,0.567524,0.39,1,1613416,1612980,436
130060721,37.8158,39.6355,435,36938,0.601505,0.39,1,1613448,1613013,435
130063641,36.3632,35.1271,437,36995,0.576301,0.45,1,1613484,1613047,437
130066561,25.6726,23.8254,439,37052,0.60326,0.35,1,1613507,1613068,439
130069481,26.7345,26.3651,439,37109,0.592652,0.39,1,1613534,1613095,439
130072401,47.7469,48.473,438,37166,0.59053,0.39,1,1613587,1613149,438
130075321,33.5494,9.6946,468,37223,0.590106,0.35,1,1613617,1613149,468
130078241,35.5099,25.9389,474,37280,0.574021,0.45,1,1613653,1613179,474
130081161,22.302,29.9878,462,37337,0.586804,0.47,1,1613672,1613210,462
130084081,32.4604,21.9976,477,37394,0.589361,0.51,1,1613707,1613230,477
130087001,31.2921,30.7995,475,37451,0.605872,0.51,1,1613738,1613263,475
130089921,57.4584,30.9599,508,37507,0.609174,0.57,1,1613802,1613294,508
130092841,60.2917,53.392,510,37563,0.641835,0.57,1,1613863,1613353,510
130095761,37.6583,61.0784,479,37619,0.664367,0.61,1,1613895,1613416,479
130098681,36.3317,37.8157,483,37675,0.668873,0.57,1,1613931,1613448,483
130101601,27.2663,36.3631,472,37731,0.653775,0.61,1,1613956,1613484,472
130104521,26.2533,25.6726,475,37787,0.650755,0.59,1,1613982,1613507,475
130107441,49.2507,26.7345,503,37843,0.682151,0.59,1,1614037,1613534,503
130110361,34.6501,47.7469,481,37899,0.70443,0.59,1,1614068,1613587,481
130113281,34.13,33.5494,485,37955,0.708886,0.57,1,1614102,1613617,485
130116201,23.626,35.5099,470,38011,0.709777,0.59,1,1614123,1613653,470
130119121,31.9252,22.302,485,38067,0.725955,0.59,1,1614157,1613672,485
130122041,31.985,32.4604,482,38122,0.761191,0.61,2,1614189,1613707,482
130124961,57.597,31.2921,515,38177,0.848238,0.61,2,1614253,1613738,515
130288481,34,39,510,41159,0.93,1,2,1616325,1615815,510
130291401,35.6,33.4,514,41210,0.93,1,2,1616361,1615847,514
130542521,56,41,498,45403,0.87,1,2,1619256,1618758,498
130773201,73,79,500,22093,0.47,1,1,1621829,1621329,500
130776121,79.4,67.8,516,22189,0.454,0.88,1,1621910,1621394,516
130779041,76.68,83.96,504,22285,0.4028,0.99,1,1621986,1621482,504
130781961,55.336,68.792,489,22380,0.32856,0.75,1,1622036,1621547,489
130784881,63.8672,76.9584,476,22475,0.297712,0.73,1,1622102,1621626,476
130787801,30.3734,41.7917,465,22569,0.275542,0.73,1,1622124,1621659,465
130790721,70.8747,26.7583,523,22663,0.175108,0.59,1,1622205,1621682,523
130793641,65.3749,64.5517,513,22757,0.171022,0.47,1,1622269,1621756,513
130796561,77.875,71.3103,521,22850,0.250204,0.45,1,1622350,1621829,521
130799481,75.575,79.0621,515,22943,0.282041,0.39,1,1622425,1621910,515
130802401,52.715,76.6124,486,23035,0.304408,0.31,1,1622472,1621986,486
130805321,62.543,55.3225,501,23127,0.324882,0.29,1,1622537,1622036,501
130808241,28.5086,63.8645,455,23219,0.344976,0.27,1,1622557,1622102,455
130811161,66.5017,30.3729,509,23310,0.348995,0.15,1,1622633,1622124,509
130814081,64.5003,70.8746,492,23401,0.381799,0.17,1,1622697,1622205,492
130817001,80.9001,65.3749,513,23492,0.42036,0.27,1,1622782,1622269,513
130819921,78.58,77.875,510,23582,0.444072,0.29,1,1622860,1622350,510
130822841,54.116,75.575,483,23672,0.448814,0.31,1,1622908,1622425,483
130825761,64.4232,52.715,503,23762,0.465763,0.33,1,1622975,1622472,503
130828681,28.8846,62.543,458,23851,0.501153,0.35,1,1622995,1622537,458
130831601,67.3769,28.5086,515,23940,0.508231,0.35,1,1623072,1622557,515
130834521,15.0754,66.5017,441,24029,0.509646,0.39,1,1623074,1622633,441
130837441,55.8151,64.5003,443,24117,0.541929,0.43,1,1623140,1622697,443
130840361,79.163,80.9001,443,24205,0.628386,0.45,1,1623225,1622782,443
130843281,79.0326,78.58,444,24293,0.757677,0.45,2,1623304,1622860,444
130846201,54.2065,54.116,444,24380,0.783535,0.47,2,1623352,1622908,444
130849121,66.8413,64.4232,447,24467,0.804707,0.51,2,1623422,1622975,447
130852041,29.3683,28.8846,447,24554,0.824941,0.51,2,1623442,1622995,447
130854961,69.0737,67.3769,449,24640,0.860988,0.51,2,1623521,1623072,449
130857881,15.4147,15.0754,449,24726,0.836198,0.55,2,1623523,1623074,449
130860801,55.8829,55.8151,449,24812,0.84724,0.65,2,1623589,1623140,449
130863721,83.1766,79.163,454,24897,0.849448,0.79,2,1623679,1623225,454
130866641,83.8353,79.0326,459,24982,0.88189,0.79,2,1623763,1623304,459
130869561,56.7671,54.2065,461,25067,0.920378,0.81,2,1623813,1623352,461
130872481,68.9534,66.8413,463,25152,0.944076,0.83,2,1623885,1623422,463
130875401,29.7907,29.3683,463,25236,0.948815,0.87,2,1623905,1623442,463
130977601,74,77,485,28025,0.57,1,1,1625892,1625407,485
130980521,45.2,38.6,494,28101,0.554,1,1,1625930,1625436,494
130983441,37.04,40.52,488,28176,0.4708,1,1,1625965,1625477,488
130986361,65.808,78.504,473,28251,0.42216,1,1,1626038,1625565,473
130989281,49.9616,43.7008,484,28326,0.396432,0.8,1,1626084,1625600,484
130992201,57.9923,70.3402,467,28401,0.359286,0.8,1,1626144,1625677,467
130995121,39.5985,14.068,502,28476,0.319857,0.93,1,1626179,1625677,502
130998041,57.5197,34.8136,524,28550,0.327971,0.75,1,1626241,1625717,524
131000961,35.5039,61.3627,486,28624,0.377594,0.69,1,1626271,1625785,486
131003881,64.7008,38.6725,525,28698,0.371519,0.57,1,1626343,1625818,525
131006801,37.7402,66.9345,482,28772,0.418304,0.55,1,1626374,1625892,482
131009721,35.548,43.7869,479,28846,0.395661,0.45,1,1626409,1625930,479
131012641,63.1096,36.7574,514,28919,0.407132,0.41,1,1626479,1625965,514
131015561,47.8219,65.7515,485,28992,0.425426,0.39,1,1626523,1626038,485
131018481,56.7644,49.9503,498,29065,0.445085,0.35,1,1626582,1626084,498
131021401,37.7529,57.9901,471,29138,0.449017,0.31,1,1626615,1626144,471
131024321,58.7506,39.598,500,29211,0.513803,0.33,1,1626679,1626179,500
131027241,37.3501,57.5196,470,29283,0.462761,0.39,1,1626711,1626241,470
131030161,64.27,35.5039,511,29355,0.516552,0.37,1,1626782,1626271,511
131033081,39.254,64.7008,472,29427,0.47931,0.43,1,1626815,1626343,472
131036001,35.8508,37.7402,476,29499,0.519862,0.39,1,1626850,1626374,476
131038921,63.1702,35.548,511,29571,0.591972,0.41,1,1626920,1626409,511
131041841,48.634,63.1096,486,29643,0.622395,0.43,1,1626965,1626479,486
131044761,57.7268,47.8219,502,29714,0.628479,0.45,1,1627025,1626523,502
131047681,39.5454,56.7644,478,29785,0.661696,0.45,1,1627060,1626582,478
131050601,9.50907,37.7529,447,29856,0.668339,0.53,1,1627062,1626615,447
131053521,53.9018,58.7506,448,29927,0.733668,0.45,1,1627127,1626679,448
131056441,34.7804,37.3501,446,29998,0.762734,0.53,2,1627157,1626711,446
131059361,65.3561,64.27,448,30069,0.832547,0.47,2,1627230,1626782,448
131062281,37.0712,39.254,445,30139,0.814509,0.53,2,1627260,1626815,445
131065201,36.2142,35.8508,446,30209,0.842902,0.61,2,1627296,1626850,446
131068121,68.0428,63.1702,452,30279,0.86458,0.63,2,1627372,1626920,452
131071041,50.4086,48.634,453,30349,0.900916,0.63,2,1627418,1626965,453
131073961,58.0817,57.7268,453,30419,0.892183,0.67,2,1627478,1627025,453
131076881,41.2163,39.5454,455,30489,0.874437,0.67,2,1627515,1627060,455
131079801,9.84327,9.50907,455,30558,0.870887,0.75,2,1627517,1627062,455
131082721,55.5687,53.9018,457,30627,0.886178,0.77,2,1627584,1627127,457
131085641,35.9137,34.7804,458,30696,0.921236,0.85,2,1627615,1627157,458
131237481,34,31,492,34094,0.79,1,2,1630008,1629516,492
131240401,67.6,67.8,491,34156,0.454,1,1,1630084,1629593,491
131243321,43.92,41.56,494,34218,0.1948,1,1,1630122,1629628,494
131246241,33.584,8.312,525,34280,0.03896,1,1,1630153,1629628,525
131249161,49.1168,40.8624,529,34342,0.015792,1,1,1630206,1629677,529
131252081,39.4234,40.1725,526,34404,0.0271584,1,1,1630243,1629717,526
131255001,36.6847,35.2345,528,34465,0.0294317,1,1,1630279,1629751,528
131257921,44.1369,47.8469,523,34526,0.0938863,1,1,1630325,1629802,523
131260841,50.4274,48.7694,526,34587,0.0427773,0.99,1,1630377,1629851,526
131263761,40.4855,51.3539,512,34648,0.0485555,0.87,1,1630415,1629903,512
131266681,25.6971,42.2708,494,34709,0.00971109,0.91,1,1630437,1629943,494
131269601,25.9394,33.2542,489,34770,0.00994222,0.79,1,1630463,1629974,489
131272521,49.1879,33.8508,510,34831,0.0259884,0.37,1,1630518,1630008,510
131275441,30.6376,67.5702,460,34892,0.0931977,0.13,1,1630544,1630084,460
131278361,30.1275,43.914,452,34953,0.0186395,0,1,1630574,1630122,452
131281281,48.4255,33.5828,474,35013,0.0117279,0.01,1,1630627,1630153,474
131284201,40.0851,49.1166,459,35073,0.0423456,0.03,1,1630665,1630206,459
131287121,36.017,39.4233,457,35133,0.00846912,0.03,1,1630700,1630243,457
131290041,44.0034,36.6847,467,35193,0.0256938,0.11,1,1630746,1630279,467
131292961,50.4007,44.1369,473,35253,0.0291388,0.03,1,1630798,1630325,473
131295881,41.2801,50.4274,460,35313,0.0298278,0.05,1,1630837,1630377,460
131298801,26.656,40.4855,445,35373,0.0299656,0,1,1630860,1630415,445
131301721,25.3312,25.6971,448,35433,0.0299931,0.01,1,1630885,1630437,448
131304641,48.2662,25.9394,476,35493,0.0139986,0.03,1,1630939,1630463,476
131307561,32.8532,49.1879,450,35553,0.0267997,0.11,1,1630968,1630518,450
131310481,28.1706,30.6376,451,35612,0.0773599,0,1,1630995,1630544,451
131313401,48.8341,30.1275,475,35671,0.023472,0.01,1,1631049,1630574,475
131316321,11.3668,48.4255,424,35730,0.0046944,0.05,1,1631051,1630627,424
131319241,31.8734,40.0851,423,35789,0.0409389,0,1,1631088,1630665,423
131322161,33.5747,36.017,422,35848,0.00818778,0.03,1,1631122,1630700,422
131325081,44.3149,44.0034,423,35907,0.00963756,0.03,1,1631169,1630746,423
131328001,51.263,50.4007,424,35966,0.0259275,0.03,1,1631222,1630798,424
131330921,40.6526,41.2801,423,36025,0.0131855,0.03,1,1631260,1630837,423
131333841,28.1305,26.656,425,36084,0.0266371,0.03,1,1631285,1630860,425
131336761,24.8261,25.3312,424,36143,0.0293274,0.01,1,1631309,1630885,424
131339681,47.3652,48.2662,423,36201,0.0458655,0.03,1,1631362,1630939,423
131342601,35.073,32.8532,426,36259,0.0331731,0.09,1,1631394,1630968,426
131345521,26.2146,28.1706,423,36317,0.0146346,0.01,1,1631418,1630995,423
131348441,49.2429,48.8341,424,36375,0.00292692,0,1,1631473,1631049,424
131351361,11.4486,11.3668,424,36433,0.0245854,0.05,1,1631475,1631051,424
131354281,30.2897,31.8734,422,36491,0.0289171,0,1,1631510,1631088,422
131357201,33.2579,33.5747,422,36549,0.0297834,0.01,1,1631544,1631122,422
131360121,44.2516,44.3149,422,36607,0.0459567,0.03,1,1631591,1631169,422
131363041,52.0503,51.263,423,36665,0.0171913,0.01,1,1631645,1631222,423
131365961,40.0101,40.6526,422,36723,0.0274383,0.03,1,1631682,1631260,422
131368881,28.002,28.1305,422,36781,0.0454877,0.03,1,1631707,1631285,422
131371801,24.8004,24.8261,422,36838,0.0330975,0.05,1,1631731,1631309,422
131374721,47.3601,47.3652,422,36895,0.0626195,0.03,1,1631784,1631362,422
131377641,35.072,35.073,422,36952,0.0525239,0.01,1,1631816,1631394,422
131380561,26.2144,26.2146,422,37009,0.0825048,0,1,1631840,1631418,422
131383481,49.2429,49.2429,422,37066,0.016501,0.03,1,1631895,1631473,422
131386401,11.4486,11.4486,422,37123,0.0113002,0.03,1,1631897,1631475,422
131389321,30.2897,30.2897,422,37180,0.01026,0.03,1,1631932,1631510,422
131392241,32.4579,6.05794,455,37237,0.042052,0.03,1,1631965,1631510,455
131395161,44.0916,28.4116,468,37294,0.0324104,0.05,1,1632012,1631544,468
131398081,52.0183,43.2823,475,37351,0.0304821,0.01,1,1632066,1631591,475
131401001,40.8037,51.8565,459,37408,0.0140964,0.03,1,1632104,1631645,459
131403921,27.3607,39.9713,446,37464,0.0268193,0.05,1,1632128,1631682,446
131406841,24.6721,27.9943,445,37520,0.0293639,0.03,1,1632152,1631707,445
131409761,47.3344,24.7989,474,37576,0.0138728,0.07,1,1632205,1631731,474
131412681,35.8669,47.3598,454,37632,0.0587746,0.05,1,1632238,1631784,454
131415601,26.3734,35.072,446,37688,0.115755,0.09,1,1632262,1631816,446
131418521,48.4747,26.2144,476,37744,0.023151,0,1,1632316,1631840,476
131421441,11.2949,49.2429,423,37800,0.0126302,0.01,1,1632318,1631895,423
131424361,30.259,11.4486,456,37856,0.010526,0.01,1,1632353,1631897,456
131427281,32.4518,30.2897,454,37912,0.0581052,0.05,1,1632386,1631932,454
131430201,44.8904,32.4579,469,37968,0.019621,0.03,1,1632434,1631965,469
131433121,52.1781,44.0916,476,38024,0.0119242,0.03,1,1632488,1632012,476
131436041,40.8356,52.0183,460,38080,0.0263848,0.01,1,1632526,1632066,460
131438961,27.3671,40.8037,446,38135,0.029277,0.03,1,1632550,1632104,446
131441881,23.8734,27.3607,445,38190,0.0298554,0.03,1,1632573,1632128,445
131444801,47.1747,24.6721,474,38245,0.0299711,0.01,1,1632626,1632152,474
131447721,38.2349,47.3344,457,38300,0.0299942,0.07,1,1632662,1632205,457
131450641,29.247,35.8669,451,38355,0.0459988,0.13,1,1632689,1632238,451
131453561,44.2494,26.3734,475,38410,0.00919977,0,1,1632737,1632262,475
131456481,10.4499,48.4747,423,38465,0.02584,0.01,1,1632739,1632316,423
131459401,30.09,11.2949,456,38520,0.029168,0.01,1,1632774,1632318,456
131462321,34.818,30.259,457,38575,0.0458336,0.07,1,1632810,1632353,457
131465241,8.5636,32.4518,426,38630,0.0491667,0.01,1,1632812,1632386,426
131468161,37.7127,44.8904,423,38685,0.00983334,0.01,1,1632857,1632434,423
131471081,50.7425,52.1781,423,38740,0.0259667,0.03,1,1632911,1632488,423
131474001,40.5485,40.8356,423,38795,0.0131933,0.03,1,1632949,1632526,423
131476921,27.3097,27.3671,423,38849,0.0266387,0.03,1,1632973,1632550,423
131479841,23.8619,23.8734,423,38903,0.0453277,0.03,1,1632996,1632573,423
131482761,46.3724,47.1747,422,38957,0.0490655,0.03,1,1633048,1632626,422
131485681,38.8745,38.2349,423,39011,0.0178131,0.05,1,1633085,1632662,423
131488601,30.9749,29.247,425,39065,0.0275626,0,1,1633114,1632689,425
131491521,42.195,44.2494,422,39119,0.00551252,0.03,1,1633159,1632737,422
131494441,10.039,10.4499,422,39173,0.0251025,0.03,1,1633161,1632739,422
131497361,30.0078,30.09,422,39227,0.0610205,0.05,1,1633196,1632774,422
131500281,36.4016,34.818,424,39281,0.0202041,0.05,1,1633234,1632810,424
131503201,8.88031,8.5636,424,39335,0.0440408,0,1,1633236,1632812,424
131506121,36.1761,37.7127,422,39389,0.0328082,0.03,1,1633279,1632857,422
131509041,51.2352,50.7425,423,39443,0.0145616,0.01,1,1633334,1632911,423
131511961,39.847,40.5485,422,39497,0.0109123,0.03,1,1633371,1632949,422
131514881,27.9694,27.3097,423,39550,0.0261825,0.05,1,1633396,1632973,423
131517801,24.7939,23.8619,424,39603,0.0612365,0.05,1,1633420,1632996,424
131520721,45.7588,46.3724,423,39656,0.0682473,0.01,1,1633471,1633048,423
131523641,37.9518,38.8745,422,39709,0.0856495,0.03,1,1633507,1633085,422
131526561,30.7904,30.9749,422,39762,0.0891299,0,1,1633536,1633114,422
131529481,42.1581,42.195,422,39815,0.017826,0.03,1,1633581,1633159,422
131532401,10.0316,10.039,422,39868,0.0115652,0.07,1,1633583,1633161,422
131535321,30.0063,30.0078,422,39921,0.058313,0.01,1,1633618,1633196,422
131538241,36.4013,36.4016,422,39974,0.0516626,0.05,1,1633656,1633234,422
131541161,8.88025,8.88031,422,40027,0.0183325,0.03,1,1633658,1633236,422
131544081,36.1761,36.1761,422,40080,0.0276665,0.03,1,1633701,1633279,422
131547001,50.4352,7.23521,476,40133,0.0295333,0.01,1,1633755,1633279,476
131549921,39.687,45.447,458,40186,0.0299067,0.01,1,1633792,1633334,458
131552841,28.7374,38.6894,447,40239,0.0459813,0.03,1,1633818,1633371,447
131555761,24.9475,27.7379,446,40291,0.0491963,0.07,1,1633842,1633396,446
131558681,45.7895,24.7476,473,40343,0.0978393,0.07,1,1633893,1633420,473
131561601,38.7579,45.7495,459,40395,0.0915679,0.09,1,1633930,1633471,459
131564521,30.9516,37.9499,452,40447,0.106314,0.09,1,1633959,1633507,452
131567441,40.5903,30.79,466,40499,0.0292627,0,1,1634002,1633536,466
131570361,9.71806,42.158,423,40551,0.0138525,0.01,1,1634004,1633581,423
131573281,30.7436,10.0316,457,40603,0.0427705,0.07,1,1634040,1633583,457
131576201,35.7487,30.0063,459,40655,0.0805541,0.05,1,1634077,1633618,459
131579121,8.74974,36.4013,423,40707,0.0881108,0.01,1,1634079,1633656,423
131582041,36.15,8.88025,464,40759,0.0416222,0.03,1,1634122,1633658,464
131584961,52.03,36.1761,477,40811,0.0643244,0.03,1,1634178,1633701,477
131587881,38.406,50.4352,458,40863,0.0528649,0.03,1,1634213,1633755,458
131590801,30.0812,39.687,449,40915,0.050573,0.05,1,1634241,1633792,449
131593721,26.0162,28.7374,448,40967,0.0341146,0.05,1,1634266,1633818,448
131596641,47.6032,24.9475,477,41019,0.0788229,0.11,1,1634319,1633842,477
131599561,38.3207,45.7895,462,41070,0.0877646,0.09,1,1634355,1633893,462
131602481,31.6641,38.7579,455,41121,0.105553,0.11,1,1634385,1633930,455
131605401,36.7328,30.9516,464,41172,0.109111,0.01,1,1634423,1633959,464
131608321,8.94656,40.5903,423,41223,0.109822,0.01,1,1634425,1634002,423
131611241,32.1893,9.71806,459,41274,0.0939644,0.05,1,1634463,1634004,459
131614161,37.6379,30.7436,462,41325,0.106793,0.09,1,1634502,1634040,462
131617081,9.12757,35.7487,427,41376,0.109359,0.09,1,1634504,1634077,427
131620001,33.8255,8.74974,465,41427,0.141872,0.03,1,1634544,1634079,465
131622921,51.5651,36.15,478,41478,0.132374,0.07,1,1634600,1634122,478
131625841,37.513,52.03,456,41529,0.146475,0.05,1,1634634,1634178,456
131628761,9.1026,38.406,423,41580,0.149295,0.05,1,1634636,1634213,423
131631681,25.0205,30.0812,424,41631,0.165859,0.03,1,1634665,1634241,424
131634601,24.2041,26.0162,423,41682,0.185172,0.09,1,1634689,1634266,423
131637521,49.6408,47.6032,426,41733,0.285034,0.09,1,1634745,1634319,426
131640441,39.5282,38.3207,427,41784,0.289007,0.11,1,1634782,1634355,427
131643361,31.9056,31.6641,427,41835,0.289801,0.11,1,1634812,1634385,427
131646281,35.9811,36.7328,426,41885,0.30596,0.11,1,1634849,1634423,426
131649201,8.79622,8.94656,426,41935,0.309192,0.09,1,1634851,1634425,426
131652121,32.1592,32.1893,426,41985,0.277838,0.11,1,1634889,1634463,426
131655041,38.4318,37.6379,427,42035,0.255568,0.11,1,1634929,1634502,427
131657961,9.28637,9.12757,427,42085,0.283114,0.15,1,1634931,1634504,427
131660881,36.2573,33.8255,430,42135,0.304623,0.13,1,1634974,1634544,430
131663801,50.4515,51.5651,428,42185,0.324925,0.15,1,1635028,1634600,428
131666721,38.0903,37.513,429,42235,0.312985,0.15,1,1635063,1634634,429
131669641,9.21806,9.1026,429,42285,0.310597,0.17,1,1635065,1634636,429
131672561,26.6436,25.0205,431,42335,0.326119,0.19,1,1635096,1634665,431
131675481,24.5287,24.2041,431,42385,0.377224,0.31,1,1635120,1634689,431
131678401,52.9057,49.6408,435,42435,0.323445,0.29,1,1635180,1634745,435
131681321,40.9811,39.5282,436,42485,0.344689,0.29,1,1635218,1634782,436
131684241,32.1962,31.9056,436,42535,0.364938,0.31,1,1635248,1634812,436
131687161,35.2392,35.9811,435,42585,0.336988,0.31,1,1635284,1634849,435
131690081,8.64785,8.79622,435,42635,0.363398,0.27,1,1635286,1634851,435
131693001,32.1296,32.1592,435,42684,0.336679,0.25,1,1635324,1634889,435
131695921,37.6259,38.4318,434,42733,0.363336,0.29,1,1635363,1634929,434
131698841,9.12518,9.28637,434,42782,0.336667,0.31,1,1635365,1634931,434
131701761,38.625,36.2573,437,42831,0.347333,0.33,1,1635411,1634974,437
131704681,51.725,50.4515,438,42880,0.397467,0.31,1,1635466,1635028,438
131707601,37.545,38.0903,437,42929,0.439493,0.31,1,1635500,1635063,437
131710521,9.109,9.21806,437,42978,0.447899,0.33,1,1635502,1635065,437
131713441,27.4218,26.6436,438,43027,0.48158,0.33,1,1635534,1635096,438
131716361,24.6844,5.32872,462,43076,0.456316,0.39,1,1635558,1635096,462
131719281,51.3369,20.2657,496,43125,0.515263,0.31,1,1635616,1635120,496
131722201,41.4674,52.0531,475,43174,0.591053,0.35,1,1635655,1635180,475
131725121,32.2935,40.8106,467,43223,0.574211,0.37,1,1635685,1635218,467
131728041,35.2587,32.1621,473,43272,0.586842,0.33,1,1635721,1635248,473
131730961,8.65174,35.2324,439,43321,0.589368,0.37,1,1635723,1635284,439
131733881,32.9303,8.64648,476,43370,0.605874,0.33,1,1635762,1635286,476
131736801,36.9861,32.1293,476,43419,0.609175,0.37,1,1635800,1635324,476
131739721,8.99721,37.6259,439,43468,0.609835,0.33,1,1635802,1635363,439
131742641,39.3994,9.12517,484,43517,0.609967,0.35,1,1635849,1635365,484
131745561,54.2799,38.625,496,43565,0.641993,0.41,1,1635907,1635411,496
131748481,38.056,51.725,475,43613,0.648399,0.45,1,1635941,1635466,475
131751401,9.2112,37.545,443,43661,0.64968,0.45,1,1635943,1635500,443
131754321,29.0422,9.109,475,43709,0.649936,0.49,1,1635977,1635502,475
131757241,26.6084,27.4218,469,43757,0.649987,0.45,1,1636003,1635534,469
131760161,54.1217,24.6844,506,43805,0.697997,0.53,1,1636064,1635558,506
131763081,42.8243,51.3369,488,43853,0.739599,0.61,1,1636104,1635616,488
131766001,32.5649,41.4674,479,43901,0.74792,0.57,1,1636134,1635655,479
131768921,36.113,32.2935,486,43949,0.765584,0.59,2,1636171,1635685,486
131771841,8.82259,35.2587,452,43997,0.769117,0.59,2,1636173,1635721,452
131774761,33.7645,8.65174,490,44045,0.785823,0.61,2,1636213,1635723,490
131777681,37.1529,32.9303,489,44093,0.789165,0.61,2,1636251,1635762,489
131780601,9.03058,36.9861,453,44141,0.789833,0.61,2,1636253,1635800,453
131783521,40.2061,8.99721,499,44189,0.837967,0.61,2,1636301,1635802,499
131786441,55.2412,39.3994,511,44237,0.863593,0.65,2,1636360,1635849,511
131789361,38.2482,54.2799,487,44285,0.884719,0.65,2,1636394,1635907,487
131792281,9.24965,38.056,455,44333,0.888944,0.65,2,1636396,1635941,455
131795201,29.0499,9.2112,487,44381,0.889789,0.65,2,1636430,1635943,487
131798121,26.61,29.0422,479,44429,0.905958,0.65,2,1636456,1635977,479
131801041,6.922,26.6084,455,44476,0.925192,0.71,2,1636458,1636003,455
132049241,79,96,478,22093,0.03,0.43,1,1639273,1638795,478
132052161,50.2,68,460,22189,0.014,0.29,1,1639316,1638856,460
132055081,59.64,61.6,462,22285,0.0268,0.23,1,1639378,1638916,462
132058001,51.928,52.32,462,22380,0.10936,0.07,1,1639428,1638966,462
132060921,49.5856,73.664,432,22475,0.125872,0.07,1,1639477,1639045,432
132063841,37.1171,30.7328,446,22569,0.0811744,0.03,1,1639511,1639065,446
132066761,92.2234,36.5466,514,22663,0.136235,0.03,1,1639617,1639103,514
132069681,80.0447,80.1093,500,22757,0.131247,0.03,1,1639694,1639194,500
132072601,52.0089,79.2219,466,22850,0.146249,0.01,1,1639739,1639273,466
132075521,59.2018,50.2444,484,22943,0.13325,0.03,1,1639800,1639316,484
132078441,56.6404,59.6489,478,23035,0.13065,0.13,1,1639856,1639378,478
132081361,50.5281,51.9298,477,23127,0.14613,0.13,1,1639905,1639428,477
132084281,34.1056,49.586,458,23219,0.197226,0.07,1,1639935,1639477,458
132087201,91.6211,37.1172,530,23310,0.207445,0.15,1,1640041,1639511,530
132090121,83.1242,92.2234,505,23401,0.305489,0.13,1,1640122,1639617,505
132093041,52.6248,80.0447,473,23492,0.309098,0.15,1,1640167,1639694,473
132095961,58.525,52.0089,488,23582,0.34182,0.13,1,1640227,1639739,488
132098881,56.505,59.2018,483,23672,0.364364,0.13,1,1640283,1639800,483
132101801,52.901,56.6404,479,23762,0.400873,0.15,1,1640335,1639856,479
132104721,35.3802,50.5281,461,23851,0.392175,0.21,1,1640366,1639905,461
132107641,91.876,34.1056,537,23940,0.422435,0.21,1,1640472,1639935,537
132110561,19.9752,91.6211,433,24029,0.428487,0.33,1,1640474,1640041,433
132113481,71.195,83.1242,436,24117,0.525697,0.31,1,1640558,1640122,436
132116401,51.039,52.6248,437,24205,0.529139,0.35,1,1640604,1640167,437
132119321,59.8078,58.525,439,24293,0.561828,0.37,1,1640666,1640227,439
132122241,58.3616,56.505,441,24380,0.568366,0.41,1,1640724,1640283,441
132125161,54.0723,52.901,442,24467,0.601673,0.39,1,1640777,1640335,442
132128081,35.6145,35.3802,442,24554,0.608335,0.43,1,1640808,1640366,442
132131001,92.7229,91.876,443,24640,0.625667,0.43,1,1640915,1640472,443
132133921,20.1446,19.9752,443,24726,0.629133,0.55,1,1640917,1640474,443
132136841,74.4289,71.195,447,24812,0.613827,0.53,1,1641005,1640558,447
132139761,53.2858,51.039,449,24897,0.626765,0.57,1,1641053,1640604,449
132142681,59.4572,59.8078,448,24982,0.661353,0.57,1,1641114,1640666,448
132145601,58.2914,58.3616,448,25067,0.652271,0.61,1,1641172,1640724,448
132148521,56.4583,54.0723,451,25152,0.714454,0.61,1,1641228,1640777,451
132151441,35.2917,35.6145,450,25236,0.726891,0.63,1,1641258,1640808,450
132154361,95.0583,92.7229,453,25320,0.745378,0.63,1,1641368,1640915,453
132157281,20.6117,20.1446,453,25404,0.781076,0.61,2,1641370,1640917,453
132160201,73.7223,74.4289,452,25487,0.756215,0.61,2,1641457,1641005,452
132163121,51.5445,14.8858,498,25570,0.783243,0.63,2,1641503,1641005,498
132166041,60.7089,41.3772,513,25653,0.868649,0.67,2,1641566,1641053,513
132168961,59.3418,57.0754,511,25736,0.90173,0.65,2,1641625,1641114,511
132171881,58.2684,57.8151,511,25818,0.924346,0.73,2,1641683,1641172,511
132174801,37.2537,56.363,487,25900,0.928869,0.73,2,1641715,1641228,487
132265321,31,26,494,28326,0.81,1,2,1643432,1642938,494
132268241,41.4,44.4,489,28401,0.762,1,2,1643476,1642987,489
132271161,47.48,8.88,538,28476,0.7204,1,1,1643525,1642987,538
132274081,55.096,57.776,525,28550,0.64808,1,1,1643582,1643057,525
132277001,35.0192,48.3552,509,28624,0.665616,1,1,1643612,1643103,509
132279921,112.604,43.271,599,28698,0.605123,1,1,1643744,1643145,599
132282841,45.7208,111.854,499,28772,0.657025,0.97,1,1643773,1643274,499
132285761,53.9442,46.3708,525,28846,0.715405,0.89,1,1643829,1643304,525
132288681,39.5888,53.2742,506,28919,0.695081,0.87,1,1643865,1643359,506
132291601,29.5178,44.2548,491,28992,0.707016,0.81,1,1643892,1643401,491
132294521,37.9036,33.651,500,29065,0.725403,0.75,1,1643932,1643432,500
132297441,45.9807,41.9302,504,29138,0.697081,0.71,1,1643980,1643476,504
132300361,51.5961,47.586,508,29211,0.787416,0.63,2,1644033,1643525,508
132303281,33.5192,55.1172,480,29283,0.805483,0.67,2,1644062,1643582,480
132306201,114.704,35.0234,585,29355,0.825097,0.59,2,1644197,1643612,585
132309121,46.1408,112.605,482,29427,0.861019,0.67,2,1644226,1643744,482
132312041,56.4282,45.7209,512,29499,0.916204,0.73,2,1644285,1643773,512
132314961,40.0856,53.9442,492,29571,0.927241,0.69,2,1644321,1643829,492
132317881,28.0171,39.5888,481,29643,0.913448,0.71,2,1644346,1643865,481
132320801,40.8034,29.5178,498,29714,0.91069,0.73,2,1644390,1643892,498
132466801,32,28,492,33086,0.87,1,2,1646748,1646256,492
132469721,31.2,33.6,488,33150,0.79,1,2,1646779,1646291,488
132472641,51.04,49.12,491,33214,0.726,1,1,1646835,1646344,491
132475561,37.408,34.624,494,33278,0.6812,1,1,1646869,1646375,494
132478481,28.2816,34.1248,486,33342,0.65624,0.95,1,1646895,1646409,486
132481401,19.2563,24.425,481,33405,0.651248,0.92,1,1646912,1646431,481
132484321,108.651,116.085,473,33468,0.52225,1,1,1647043,1646570,473
132487241,48.1303,52.817,469,33531,0.49645,0.91,1,1647076,1646607,469
132490161,36.8261,40.1634,466,33594,0.49129,0.89,1,1647110,1646644,466
132493081,27.3652,27.2327,467,33657,0.474258,0.91,1,1647135,1646668,467
132496001,39.873,43.8465,462,33720,0.486852,0.87,1,1647178,1646716,462
132498921,33.5746,34.3693,462,33783,0.52137,0.77,1,1647210,1646748,462
132501841,29.9149,31.6739,460,33846,0.512274,0.71,1,1647239,1646779,460
132504761,49.983,51.1348,459,33908,0.542455,0.67,1,1647294,1646835,459
132507681,33.1966,37.427,454,33970,0.596491,0.65,1,1647323,1646869,454
132510601,27.4393,28.2854,454,34032,0.623298,0.65,1,1647349,1646895,454
132513521,16.6879,19.2571,451,34094,0.59666,0.49,1,1647363,1646912,451
132516441,102.538,108.651,444,34156,0.639332,0.49,1,1647487,1647043,444
132519361,46.9075,48.1303,444,34218,0.711866,0.49,1,1647520,1647076,444
132522281,37.3815,9.62606,479,34280,0.662373,0.49,1,1647555,1647076,479
132525201,26.6763,29.1252,469,34342,0.684475,0.47,1,1647579,1647110,469
132528121,39.7353,25.825,487,34404,0.672895,0.49,1,1647622,1647135,487
132531041,34.3471,39.565,477,34465,0.702579,0.53,1,1647655,1647178,477
132533961,29.2694,33.513,473,34526,0.708516,0.51,1,1647683,1647210,473
132536881,53.0539,29.9026,503,34587,0.741703,0.55,1,1647742,1647239,503
132539801,35.4108,49.9805,479,34648,0.748341,0.61,1,1647773,1647294,479
132542721,26.2822,33.1961,474,34709,0.781668,0.63,2,1647797,1647323,474
132545641,18.0564,27.4392,464,34770,0.788334,0.59,2,1647813,1647349,464
132548561,103.611,16.6878,575,34831,0.821667,0.65,2,1647938,1647363,575
132551481,51.1223,102.538,489,34892,0.796333,0.73,2,1647976,1647487,489
132554401,35.8245,46.9075,488,34953,0.839267,0.65,2,1648008,1647520,488
132557321,27.9649,37.3815,479,35013,0.863853,0.69,2,1648034,1647555,479
132560241,39.193,26.6763,497,35073,0.900771,0.67,2,1648076,1647579,497
132712081,35,45,512,38080,0.87,1,2,1650135,1649623,512
132715001,34.2,34.6,514,38135,0.822,1,2,1650169,1649655,514
132717921,27.64,29.32,512,38190,0.7164,1,1,1650195,1649683,512
132720841,107.128,24.264,616,38245,0.47128,1,1,1650322,1649706,616
132723761,52.6256,116.853,515,38300,0.326256,1,1,1650361,1649846,515
132726681,39.3251,53.7706,513,38355,0.233251,1,1,1650397,1649884,513
132729601,27.865,38.7541,503,38410,0.15065,0.91,1,1650422,1649919,503
132732521,27.973,29.3508,504,38465,0.03813,1,1,1650450,1649946,504
132735441,31.1946,32.2702,503,38520,0.095626,1,1,1650482,1649979,503
132738361,38.2389,36.054,506,38575,0.0271252,1,1,1650522,1650016,506
132741281,10.0478,33.6108,476,38630,0.029425,0.89,1,1650525,1650049,476
132744201,14.8096,21.1222,474,38685,0.029885,0.88,1,1650541,1650067,474
132747121,25.3619,30.6244,469,38740,0.029977,0.87,1,1650569,1650100,469
132750041,29.0724,34.1249,464,38795,0.0299954,0.81,1,1650599,1650135,464
132752961,29.8145,34.025,460,38849,0.0299991,0.69,1,1650629,1650169,460
132755881,27.5629,27.605,461,38903,0.0299998,0.41,1,1650656,1650195,461
132758801,88.7126,107.121,438,38957,0.062,0.29,1,1650760,1650322,438
132761721,45.7425,52.6242,434,39011,0.1164,0.21,1,1650795,1650361,434
132764641,34.7485,39.3248,430,39065,0.07928,0.13,1,1650827,1650397,430
132767561,22.1497,27.865,424,39119,0.119856,0.01,1,1650846,1650422,424
132770481,26.0299,27.973,423,39173,0.0479712,0.11,1,1650873,1650450,423
132773401,30.006,31.1946,422,39227,0.0495942,0.01,1,1650904,1650482,422
132776321,40.4012,38.2389,425,39281,0.0979189,0.03,1,1650947,1650522,425
132779241,9.68024,10.0478,424,39335,0.107584,0.03,1,1650949,1650525,424
132782161,13.136,14.8096,422,39389,0.0455168,0.03,1,1650963,1650541,422
132785081,25.8272,25.3619,423,39443,0.0651034,0.03,1,1650992,1650569,423
132788001,29.1654,29.0724,423,39497,0.0850207,0.03,1,1651022,1650599,423
132790921,29.0331,29.8145,422,39550,0.0890041,0.03,1,1651051,1650629,422
132793841,28.2066,27.5629,423,39603,0.0258008,0.07,1,1651079,1650656,423
132796761,90.4413,88.7126,425,39656,0.0611602,0.13,1,1651185,1650760,425
132799681,46.0883,45.7425,425,39709,0.132232,0.07,1,1651220,1650795,425
132802601,35.6177,34.7485,426,39762,0.146446,0.13,1,1651253,1650827,426
132805521,20.7235,22.1497,424,39815,0.181289,0.03,1,1651270,1650846,424
132808441,24.9447,26.0299,423,39868,0.156258,0.05,1,1651296,1650873,423
132811361,28.9889,30.006,422,39921,0.0872516,0.11,1,1651326,1650904,422
132814281,42.5978,40.4012,425,39974,0.0414503,0.11,1,1651372,1650947,425
132817201,10.1196,9.68024,425,40027,0.0642901,0.03,1,1651374,1650949,425
132820121,11.6239,13.136,423,40080,0.036858,0.03,1,1651386,1650963,423
132823041,25.5248,2.62721,452,40133,0.0153716,0.07,1,1651415,1650963,452
132825961,29.905,23.7254,454,40186,0.0590743,0.09,1,1651446,1650992,454
132828881,26.781,28.7451,450,40239,0.0678149,0.09,1,1651472,1651022,450
132831801,29.3562,28.949,451,40291,0.037563,0.01,1,1651502,1651051,451
132834721,91.4712,28.1898,530,40343,0.0795126,0.07,1,1651609,1651079,530
132837641,50.2942,90.438,464,40395,0.103903,0.15,1,1651649,1651185,464
132840561,35.6588,46.0876,461,40447,0.140781,0.15,1,1651681,1651220,461
132843481,20.7318,35.6175,445,40499,0.164156,0.19,1,1651698,1651253,445
132846401,23.3464,20.7235,452,40551,0.168831,0.15,1,1651722,1651270,452
132849321,27.0693,24.9447,454,40603,0.169766,0.07,1,1651750,1651296,454
132852241,40.6139,28.9889,468,40655,0.201953,0.03,1,1651794,1651326,468
132855161,9.72277,42.5978,424,40707,0.208391,0.07,1,1651796,1651372,424
132858081,11.5446,10.1196,434,40759,0.209678,0.03,1,1651808,1651374,434
132861001,24.7089,11.6239,450,40811,0.209936,0.01,1,1651836,1651386,450
132863921,32.1418,25.5248,455,40863,0.177987,0.07,1,1651870,1651415,455
132866841,27.2284,29.905,450,40915,0.219597,0.07,1,1651896,1651446,450
132869761,28.6457,26.781,453,40967,0.227919,0.03,1,1651925,1651472,453
132872681,92.9291,29.3562,532,41019,0.245584,0.09,1,1652034,1651502,532
132875601,51.3858,91.4712,466,41070,0.233117,0.11,1,1652075,1651609,466
132878521,37.4772,50.2942,460,41121,0.246623,0.15,1,1652109,1651649,460
132881441,21.8954,35.6588,446,41172,0.249325,0.17,1,1652127,1651681,446
132884361,23.5791,20.7318,453,41223,0.249865,0.17,1,1652151,1651698,453
132887281,27.9158,23.3464,458,41274,0.281973,0.17,1,1652180,1651722,458
132890201,41.5832,27.0693,475,41325,0.304395,0.21,1,1652225,1651750,475
132893121,9.91663,40.6139,433,41376,0.308879,0.21,1,1652227,1651794,433
132896041,11.5833,9.72277,443,41427,0.309776,0.21,1,1652239,1651796,443
132898961,24.7167,11.5446,459,41478,0.309955,0.21,1,1652267,1651808,459
132901881,31.3433,24.7089,464,41529,0.325991,0.17,1,1652300,1651836,464
132904801,7.86867,32.1418,432,41580,0.329198,0.23,1,1652302,1651870,432
132907721,23.9737,27.2284,434,41631,0.36184,0.23,1,1652330,1651896,434
132910641,27.1947,28.6457,433,41682,0.384368,0.25,1,1652358,1651925,433
132913561,93.4389,92.9291,434,41733,0.372874,0.23,1,1652468,1652034,434
132916481,52.2878,51.3858,435,41784,0.386575,0.25,1,1652510,1652075,435
132919401,36.8576,37.4772,434,41835,0.437315,0.25,1,1652543,1652109,434
132922321,21.7715,21.8954,434,41885,0.431463,0.25,1,1652561,1652127,434
132925241,23.5543,23.5791,434,41935,0.494293,0.29,1,1652585,1652151,434
132928161,29.5109,27.9158,436,41985,0.474859,0.31,1,1652616,1652180,436
132931081,42.7022,41.5832,437,42035,0.470972,0.31,1,1652662,1652225,437
132934001,10.1404,9.91663,437,42085,0.502194,0.31,1,1652664,1652227,437
132936921,11.6281,11.5833,437,42135,0.508439,0.31,1,1652676,1652239,437
132939841,24.7256,24.7167,437,42185,0.525688,0.33,1,1652704,1652267,437
132942761,32.1451,31.3433,438,42235,0.529138,0.33,1,1652738,1652300,438
132945681,8.02902,7.86867,438,42285,0.529828,0.37,1,1652740,1652302,438
132948601,24.0058,23.9737,438,42335,0.561966,0.39,1,1652768,1652330,438
132951521,28.8012,27.1947,440,42385,0.584393,0.37,1,1652798,1652358,440
132954441,93.7602,93.4389,440,42435,0.620879,0.39,1,1652908,1652468,440
132957361,53.152,52.2878,441,42485,0.628176,0.45,1,1652951,1652510,441
132960281,38.6304,36.8576,443,42535,0.645635,0.43,1,1652986,1652543,443
132963201,22.1261,21.7715,443,42585,0.697127,0.51,1,1653004,1652561,443
132966121,25.2252,23.5543,445,42635,0.723425,0.47,1,1653030,1652585,445
132969041,29.845,29.5109,445,42684,0.760685,0.47,2,1653061,1652616,445
132971961,42.769,42.7022,445,42733,0.768137,0.51,2,1653107,1652662,445
132974881,10.1538,10.1404,445,42782,0.801627,0.51,2,1653109,1652664,445
132977801,12.4308,11.6281,446,42831,0.808326,0.53,2,1653122,1652676,446
132980721,25.6862,24.7256,447,42880,0.793665,0.53,2,1653151,1652704,447
132983641,33.1372,32.1451,448,42929,0.774733,0.53,2,1653186,1652738,448
132986561,8.22745,8.02902,448,42978,0.770947,0.57,2,1653188,1652740,448
132989481,24.0455,24.0058,448,43027,0.770189,0.57,2,1653216,1652768,448
132992401,28.8091,4.80116,478,43076,0.770038,0.59,2,1653246,1652768,478
132995321,97.7618,24.9602,563,43125,0.786008,0.63,2,1653361,1652798,563
132998241,53.1524,92.992,495,43174,0.789201,0.63,2,1653403,1652908,495
133001161,40.2305,52.9984,489,43223,0.78984,0.65,2,1653440,1652951,489
133004081,22.4461,38.5997,472,43272,0.805968,0.71,2,1653458,1652986,472
133007001,27.6892,22.1199,483,43321,0.809194,0.73,2,1653487,1653004,483
133009921,31.9378,25.224,490,43370,0.841839,0.77,2,1653520,1653030,490
133012841,43.9876,29.8448,506,43419,0.880368,0.77,2,1653567,1653061,506
133015761,10.3975,42.769,462,43468,0.856074,0.81,2,1653569,1653107,462
133018681,11.6795,10.1538,472,43517,0.883215,0.81,2,1653581,1653109,472
133021601,26.3359,12.4308,489,43565,0.888643,0.79,2,1653611,1653122,489
133024521,32.4672,25.6862,494,43613,0.905729,0.77,2,1653645,1653151,494
133027441,8.09344,33.1372,461,43661,0.909146,0.77,2,1653647,1653186,461
133030361,24.0187,8.22745,487,43709,0.925829,0.77,2,1653675,1653188,487
133033281,29.6037,24.0455,490,43757,0.929166,0.77,2,1653706,1653216,490
133205561,83,122,506,21370,0.09,1,1,1655796,1655290,506
133208481,72.6,77.2,510,21469,0.074,1,1,1655866,1655356,510
133211401,74.52,85.04,498,21568,0.0548,0.83,1,1655941,1655443,498
133214321,70.904,60.208,514,21666,0.05096,0.63,1,1656011,1655497,514
133217241,37.3808,75.2416,464,21764,0.034192,0.59,1,1656040,1655576,464
133220161,27.4762,39.8483,458,21861,0.0148384,0.13,1,1656065,1655607,458
133223081,67.0952,92.7697,429,21958,0.0269677,0.09,1,1656142,1655713,429
133226001,74.219,84.9539,422,22055,0.0773935,0.07,1,1656218,1655796,422
133228921,70.8438,72.9908,422,22151,0.0714787,0.05,1,1656288,1655866,422
133231841,74.9688,74.5982,423,22247,0.0702957,0.05,1,1656364,1655941,423
133234761,70.9938,70.9196,423,22342,0.0700592,0.03,1,1656434,1656011,423
133237681,38.1987,37.3839,424,22437,0.0540118,0.01,1,1656464,1656040,424
133240601,26.8398,27.4768,423,22532,0.0348024,0.01,1,1656488,1656065,423
133243521,66.1679,5.49536,499,22626,0.0629605,0.03,1,1656564,1656065,499
133246441,73.2336,62.6991,497,22720,0.0365921,0.09,1,1656639,1656142,497
133249361,70.6467,73.3398,491,22813,0.0153184,0.07,1,1656709,1656218,491
133252281,78.1293,70.668,501,22906,0.0110637,0.07,1,1656789,1656288,501
133255201,69.2259,74.9336,492,22999,0.0262127,0.07,1,1656856,1656364,492
133258121,38.6452,70.9867,453,23091,0.0452425,0.05,1,1656887,1656434,453
133261041,25.329,38.1973,445,23183,0.0650485,0.03,1,1656909,1656464,445
133263961,68.2658,26.8395,500,23274,0.0530097,0.07,1,1656988,1656488,500
133266881,72.0532,66.1679,497,23365,0.0346019,0.03,1,1657061,1656564,497
133269801,69.6106,73.2336,491,23456,0.0149204,0.01,1,1657130,1656639,491
133272721,77.9221,70.6467,501,23546,0.0269841,0.01,1,1657210,1656709,501
133275641,69.9844,78.1293,489,23636,0.0773968,0.03,1,1657278,1656789,489
133278561,39.5969,69.2259,454,23726,0.0874794,0.05,1,1657310,1656856,454
133281481,24.7194,38.6452,444,23815,0.121496,0.07,1,1657331,1656887,444
133284401,68.9439,25.329,502,23904,0.112299,0.05,1,1657411,1656909,502
133287321,15.3888,68.2658,425,23993,0.11046,0.03,1,1657413,1656988,425
133290241,59.8778,72.0532,423,24081,0.142092,0.01,1,1657484,1657061,423
133293161,67.1756,69.6106,423,24169,0.0524184,0.03,1,1657553,1657130,423
133296081,77.4351,77.9221,423,24257,0.0664837,0.09,1,1657633,1657210,423
133299001,72.287,69.9844,426,24344,0.117297,0.09,1,1657704,1657278,426
133301921,40.8574,39.5969,427,24431,0.111459,0.13,1,1657737,1657310,427
133304841,26.5715,24.7194,429,24518,0.126292,0.11,1,1657760,1657331,429
133307761,67.7143,68.9439,427,24604,0.161258,0.11,1,1657838,1657411,427
133310681,15.1429,15.3888,427,24690,0.168252,0.15,1,1657840,1657413,427
133313601,59.8286,59.8778,427,24776,0.13765,0.03,1,1657911,1657484,427
133316521,63.1657,67.1756,422,24862,0.21153,0.07,1,1657975,1657553,422
133319441,77.4331,77.4351,423,24947,0.162306,0.13,1,1658056,1657633,423
133322361,74.6866,72.287,426,25032,0.184461,0.11,1,1658130,1657704,426
133325281,42.1373,40.8574,427,25117,0.188892,0.13,1,1658164,1657737,427
133328201,26.0275,26.5715,426,25201,0.221778,0.17,1,1658186,1657760,426
133331121,69.2055,67.7143,428,25285,0.212356,0.17,1,1658266,1657838,428
133334041,15.4411,15.1429,428,25369,0.210471,0.13,1,1658268,1657840,428
133336961,60.6882,59.8286,429,25453,0.242094,0.13,1,1658340,1657911,429
133339881,64.1376,11.9657,494,25536,0.200419,0.23,1,1658405,1657911,494
133342801,76.0275,53.5931,509,25619,0.240084,0.15,1,1658484,1657975,509
133345721,76.0055,75.5186,504,25702,0.264017,0.19,1,1658560,1658056,504
133348641,42.4011,74.3037,464,25784,0.284803,0.19,1,1658594,1658130,464
133351561,26.0802,42.0607,452,25866,0.288961,0.23,1,1658616,1658164,452
133354481,70.016,26.0121,511,25948,0.289792,0.21,1,1658697,1658186,511
133357401,15.6032,69.2024,433,26030,0.289958,0.21,1,1658699,1658266,433
133360321,60.7206,15.4405,503,26111,0.321992,0.25,1,1658771,1658268,503
133363241,63.3441,60.6881,495,26192,0.376398,0.19,1,1658835,1658340,495
133366161,78.2688,64.1376,512,26273,0.38728,0.25,1,1658917,1658405,512
133369081,77.2538,76.0275,510,26354,0.389456,0.27,1,1658994,1658484,510
133372001,43.4508,76.0055,469,26434,0.373891,0.29,1,1659029,1658560,469
133374921,26.2902,42.4011,457,26514,0.386778,0.29,1,1659051,1658594,457
133377841,70.058,26.0802,516,26594,0.437356,0.29,1,1659132,1658616,516
133380761,15.6116,70.016,437,26674,0.447471,0.29,1,1659134,1658697,437
133383681,63.1223,15.6032,510,26753,0.481494,0.33,1,1659209,1658699,510
133386601,65.4245,60.7206,504,26832,0.568299,0.39,1,1659275,1658771,504
133389521,78.6849,63.3441,522,26911,0.60166,0.39,1,1659357,1658835,522
133392441,17.337,78.2688,442,26990,0.608332,0.39,1,1659359,1658917,442
133395361,64.2674,77.2538,441,27068,0.673666,0.37,1,1659435,1658994,441
133398281,40.0535,43.4508,440,27146,0.686733,0.39,1,1659469,1659029,440
133401201,26.4107,26.2902,441,27224,0.689347,0.45,1,1659492,1659051,441
133404121,72.4821,70.058,444,27302,0.753869,0.45,2,1659576,1659132,444
133407041,16.0964,15.6116,444,27380,0.766774,0.49,2,1659578,1659134,444
133409961,64.8193,63.1223,446,27457,0.769355,0.59,2,1659655,1659209,446
133412881,69.7639,65.4245,451,27534,0.833871,0.61,2,1659726,1659275,451
133415801,80.3528,78.6849,452,27611,0.862774,0.61,2,1659809,1659357,452
133418721,17.6706,17.337,452,27688,0.836555,0.69,2,1659811,1659359,452
133421641,65.9341,64.2674,454,27764,0.879311,0.69,2,1659889,1659435,454
133424561,41.1868,40.0535,455,27840,0.903862,0.69,2,1659924,1659469,455
133427481,27.4374,26.4107,456,27916,0.940772,0.77,2,1659948,1659492,456
133555961,31,31,495,31076,0.53,1,1,1662219,1661724,495
133558881,49.4,55,488,31144,0.434,1,1,1662273,1661785,488
133561801,41.88,38.2,494,31212,0.2868,1,1,1662313,1661819,494
133564721,34.776,34.04,494,31280,0.25736,1,1,1662346,1661852,494
133567641,21.3552,6.808,512,31348,0.203472,1,1,1662364,1661852,512
133570561,40.271,22.1616,531,31415,0.160694,1,1,1662409,1661878,531
133573481,30.4542,54.0323,497,31482,0.152139,1,1,1662437,1661940,497
133576401,51.6908,32.4065,527,31549,0.118428,1,1,1662494,1661967,527
133579321,57.5382,50.4813,531,31616,0.0956856,0.9,1,1662553,1662022,531
133582241,77.9076,60.4963,551,31683,0.0751371,0.67,1,1662636,1662085,551
133585161,36.3815,94.4993,474,31750,0.0390274,0.53,1,1662662,1662188,474
133588081,42.4763,43.6999,487,31817,0.0478055,0.41,1,1662706,1662219,487
133591001,37.2953,51.94,469,31883,0.0655611,0.25,1,1662742,1662273,469
133593921,32.2591,42.388,460,31949,0.0851122,0.25,1,1662773,1662313,460
133596841,24.0518,34.8776,449,32015,0.0730224,0.19,1,1662795,1662346,449
133599761,36.8104,21.3755,471,32081,0.0706045,0.15,1,1662835,1662364,471
133602681,29.7621,40.2751,454,32147,0.0861209,0.15,1,1662863,1662409,454
133605601,49.1524,30.455,480,32213,0.137224,0.11,1,1662917,1662437,480
133608521,58.6305,51.691,484,32279,0.131445,0.09,1,1662978,1662494,484
133611441,77.3261,57.5382,507,32345,0.146289,0.07,1,1663060,1662553,507
133614361,35.4652,77.9076,449,32410,0.165258,0.03,1,1663085,1662636,449
133617281,43.093,36.3815,468,32475,0.217052,0.05,1,1663130,1662662,468
133620201,38.2186,42.4763,461,32540,0.25941,0.07,1,1663167,1662706,461
133623121,33.2437,37.2953,457,32605,0.283882,0.09,1,1663199,1662742,457
133626041,22.6487,32.2591,446,32670,0.288776,0.07,1,1663219,1662773,446
133628961,36.5297,24.0518,464,32735,0.305755,0.07,1,1663259,1662795,464
133631881,8.90595,36.8104,426,32800,0.309151,0.09,1,1663261,1662835,426
133634801,24.1812,29.7621,426,32864,0.37383,0.15,1,1663289,1662863,426
133637721,50.4362,49.1524,429,32928,0.386766,0.13,1,1663346,1662917,429
133640641,58.0872,58.6305,428,32992,0.405353,0.15,1,1663406,1662978,428
133643561,78.0175,77.3261,429,33056,0.409071,0.17,1,1663489,1663060,429
133646481,34.8035,35.4652,428,33120,0.409814,0.23,1,1663513,1663085,428
133649401,46.9607,43.093,433,33184,0.409963,0.27,1,1663563,1663130,433
133652321,40.5921,38.2186,435,33248,0.441993,0.29,1,1663602,1663167,435
133655241,34.5184,33.2437,436,33312,0.464399,0.29,1,1663635,1663199,436
133658161,22.9037,22.6487,436,33375,0.46888,0.31,1,1663655,1663219,436
133661081,37.3807,36.5297,437,33438,0.485776,0.31,1,1663696,1663259,437
133664001,9.07615,8.90595,437,33501,0.457155,0.39,1,1663698,1663261,437
133666921,25.8152,24.1812,439,33564,0.483431,0.39,1,1663728,1663289,439
133669841,50.763,50.4362,439,33627,0.584686,0.41,1,1663785,1663346,439
133672761,58.9526,58.0872,440,33690,0.636937,0.41,1,1663846,1663406,440
133675681,78.1905,78.0175,440,33753,0.663387,0.41,1,1663929,1663489,440
133678601,34.8381,34.8035,440,33816,0.668678,0.41,1,1663953,1663513,440
133681521,48.5676,46.9607,442,33879,0.685735,0.45,1,1664005,1663563,442
133684441,40.9135,40.5921,442,33941,0.721147,0.47,1,1664044,1663602,442
133687361,35.3827,34.5184,443,34003,0.696229,0.47,1,1664078,1663635,443
133690281,23.0765,22.9037,443,34065,0.707246,0.49,1,1664098,1663655,443
133693201,38.2153,37.3807,444,34127,0.725449,0.45,1,1664140,1663696,444
133696121,9.24306,9.07615,444,34189,0.72909,0.49,1,1664142,1663698,444
133699041,26.6486,25.8152,445,34251,0.777818,0.49,2,1664173,1663728,445
133701961,54.1297,5.16305,506,34313,0.755564,0.61,2,1664234,1663728,506
133704881,61.2259,46.6326,512,34375,0.767113,0.65,2,1664297,1663785,512
133707801,81.0452,58.1265,537,34437,0.801423,0.67,2,1664383,1663846,537
133710721,35.409,78.0253,478,34498,0.808285,0.67,2,1664407,1663929,478
133713641,49.4818,34.8051,507,34559,0.841657,0.69,2,1664460,1663953,507
133716561,41.0964,48.561,494,34620,0.848331,0.73,2,1664499,1664005,494
133719481,36.2193,40.9122,490,34681,0.833666,0.69,2,1664534,1664044,490
133722401,23.2439,35.3824,476,34742,0.878733,0.71,2,1664554,1664078,476
133725321,39.8488,23.0765,500,34803,0.887747,0.73,2,1664598,1664098,500
133728241,9.56975,38.2153,460,34864,0.889549,0.73,2,1664600,1664140,460
133731161,28.314,9.24306,491,34925,0.87391,0.79,2,1664633,1664142,491
133734081,52.8628,26.6486,519,34986,0.870782,0.75,2,1664692,1664173,519
133737001,62.5726,54.1297,523,35046,0.902156,0.77,2,1664757,1664234,523
133871321,43,19,532,37720,0.75,1,2,1666591,1666059,532
133874241,33.4,45.4,511,37776,0.622,1,1,1666622,1666111,511
133877161,36.28,31.48,520,37832,0.5164,1,1,1666659,1666139,520
133880081,62.456,45.496,540,37888,0.38328,1,1,1666728,1666188,540
133883001,38.8912,71.4992,495,37944,0.308656,1,1,1666761,1666266,495
133885921,61.3782,36.6998,534,38000,0.229731,1,1,1666828,1666294,534
133888841,32.2756,49.74,506,38056,0.197946,1,1,1666853,1666347,506
133891761,32.0551,34.748,507,38112,0.223589,1,1,1666885,1666378,507
133894681,32.811,34.9496,505,38167,0.164718,1,1,1666918,1666413,505
133897601,30.5622,33.3899,502,38222,0.152944,0.93,1,1666948,1666446,502
133900521,28.5124,36.278,493,38277,0.134589,0.91,1,1666976,1666483,493
133903441,31.3025,32.0556,494,38332,0.146918,0.89,1,1667008,1666514,494
133906361,41.4605,33.6111,504,38387,0.117384,0.75,1,1667052,1666548,504
133909281,27.4921,41.1222,485,38442,0.0954767,0.59,1,1667076,1666591,485
133912201,31.0984,33.0244,486,38497,0.0910953,0.49,1,1667108,1666622,486
133915121,55.0197,36.2049,510,38552,0.122219,0.35,1,1667169,1666659,510
133918041,35.8039,62.441,472,38607,0.112444,0.29,1,1667200,1666728,472
133920961,8.76079,38.8882,441,38662,0.110489,0.21,1,1667202,1666761,441
133923881,48.1522,61.3776,432,38717,0.174098,0.19,1,1667260,1666828,432
133926801,28.8304,32.2755,431,38772,0.21882,0.23,1,1667284,1666853,431
133929721,32.9661,32.0551,433,38826,0.227764,0.15,1,1667318,1666885,433
133932641,28.9932,32.811,428,38880,0.245553,0.15,1,1667346,1666918,428
133935561,29.7986,30.5622,428,38934,0.217111,0.13,1,1667376,1666948,428
133938481,26.7597,28.5124,426,38988,0.211422,0.15,1,1667402,1666976,426
133941401,31.7519,31.3025,427,39042,0.242284,0.11,1,1667435,1667008,427
133944321,39.9504,41.4605,425,39096,0.248457,0.09,1,1667477,1667052,425
133947241,28.7901,27.4921,427,39150,0.233691,0.09,1,1667503,1667076,427
133950161,30.558,31.0984,426,39204,0.278738,0.13,1,1667534,1667108,426
133953081,56.5116,55.0197,428,39258,0.271748,0.11,1,1667597,1667169,428
133956001,35.3023,35.8039,427,39312,0.28635,0.11,1,1667627,1667200,427
133958921,8.66046,8.76079,427,39366,0.28927,0.19,1,1667629,1667202,427
133961841,51.3321,48.1522,431,39420,0.321854,0.23,1,1667691,1667260,431
133964761,27.8664,28.8304,429,39474,0.328371,0.23,1,1667713,1667284,429
133967681,34.3733,32.9661,431,39528,0.377674,0.25,1,1667749,1667318,431
133970601,30.0747,28.9932,432,39581,0.419535,0.21,1,1667778,1667346,432
133973521,28.4149,29.7986,430,39634,0.395907,0.21,1,1667806,1667376,430
133976441,28.883,26.7597,433,39687,0.407181,0.25,1,1667835,1667402,433
133979361,30.5766,31.7519,431,39740,0.425436,0.25,1,1667866,1667435,431
133982281,38.9153,39.9504,430,39793,0.429087,0.23,1,1667907,1667477,430
133985201,30.9831,28.7901,433,39846,0.445817,0.29,1,1667936,1667503,433
133988121,31.7966,30.558,434,39899,0.497163,0.27,1,1667968,1667534,434
133991041,55.9593,56.5116,433,39952,0.555433,0.29,1,1668030,1667597,433
133993961,35.9919,35.3023,434,40005,0.567087,0.29,1,1668061,1667627,434
133996881,8.79837,8.66046,434,40058,0.569417,0.29,1,1668063,1667629,434
133999801,52.9597,1.73209,498,40111,0.553883,0.33,1,1668127,1667629,498
134002721,28.9919,49.9464,459,40164,0.550777,0.33,1,1668150,1667691,459
134005641,35.3984,27.5893,474,40217,0.534155,0.39,1,1668187,1667713,474
134008561,31.8797,34.3179,469,40270,0.546831,0.43,1,1668218,1667749,469
134011481,28.7759,30.0636,468,40322,0.565366,0.39,1,1668246,1667778,468
134014401,29.7552,28.4127,470,40374,0.569073,0.41,1,1668276,1667806,470
134017321,31.551,28.8825,473,40426,0.569815,0.43,1,1668308,1667835,473
134020241,39.1102,30.5765,483,40478,0.585963,0.43,1,1668349,1667866,483
134023161,32.622,38.9153,473,40530,0.605193,0.45,1,1668380,1667907,473
134026081,33.7244,30.9831,478,40582,0.625039,0.51,1,1668414,1667936,478
134029001,57.1449,31.7966,509,40634,0.661008,0.57,1,1668477,1667968,509
134031921,36.229,55.9593,478,40686,0.684201,0.57,1,1668508,1668030,478
134034841,8.84579,35.9919,449,40738,0.68884,0.57,1,1668510,1668061,449
134037761,53.7692,8.79837,512,40790,0.689768,0.55,1,1668575,1668063,512
134040681,29.1538,52.9597,471,40842,0.705954,0.55,1,1668598,1668127,471
134043601,34.6308,28.9919,484,40894,0.757191,0.53,2,1668634,1668150,484
134046521,32.5262,35.3984,479,40946,0.767438,0.55,2,1668666,1668187,479
134049441,29.7052,31.8797,477,40998,0.785488,0.57,2,1668695,1668218,477
134052361,29.941,28.7759,479,41049,0.805098,0.57,2,1668725,1668246,479
134055281,31.5882,29.7552,481,41100,0.80902,0.57,2,1668757,1668276,481
134058201,39.9176,31.551,491,41151,0.809804,0.59,2,1668799,1668308,491
134061121,31.9835,39.1102,480,41202,0.809961,0.61,2,1668829,1668349,480
134064041,36.7967,32.622,487,41253,0.841992,0.63,2,1668867,1668380,487
134066961,58.5593,33.7244,517,41304,0.848398,0.67,2,1668931,1668414,517
134069881,37.3119,57.1449,486,41355,0.84968,0.69,2,1668963,1668477,486
134072801,9.06237,36.229,457,41406,0.849936,0.69,2,1668965,1668508,457
134075721,53.8125,8.84579,520,41457,0.897987,0.69,2,1669030,1668510,520
134078641,29.9625,53.7692,479,41508,0.907597,0.71,2,1669054,1668575,479
134081561,7.5925,29.1538,458,41559,0.909519,0.77,2,1669056,1668598,458
134294721,34,32,496,45115,0.75,1,2,1671539,1671043,496
134297641,26,29.6,491,45162,0.686,1,1,1671563,1671072,491
134300561,28.4,27.52,493,45209,0.6252,1,1,1671592,1671099,493
134303481,36.08,24.704,507,45256,0.50104,1,1,1671630,1671123,507
134306401,32.816,31.3408,506,45303,0.476208,1,1,1671662,1671156,506
134309321,21.7632,31.0682,494,45350,0.471242,0.91,1,1671681,1671187,494
134312241,21.1526,25.4136,491,45397,0.438248,1,1,1671702,1671211,491
134315161,41.0305,44.2827,488,45443,0.39965,1,1,1671748,1671260,488
134318081,29.8061,34.4565,483,45489,0.31193,1,1,1671775,1671292,483
134321001,42.7612,46.8913,479,45535,0.214386,1,1,1671821,1671342,479
134323921,37.3522,39.7783,477,45581,0.194877,1,1,1671857,1671380,477
134326841,31.4704,35.9557,472,45627,0.254975,1,1,1671887,1671415,472
134329761,22.2941,28.7911,465,45673,0.234995,0.79,1,1671907,1671442,465
134332681,26.8588,29.7582,463,45719,0.198999,0.83,1,1671935,1671472,463
134335601,27.7718,32.3516,458,45765,0.2718,0.75,1,1671963,1671505,458
134338521,30.3544,33.6703,455,45811,0.23836,0.67,1,1671994,1671539,455
134341441,22.8709,25.9341,452,45857,0.247672,0.61,1,1672015,1671563,452
134344361,23.7742,28.3868,447,45903,0.265534,0.47,1,1672039,1671592,447
134347281,32.7548,36.0774,444,45949,0.253107,0.47,1,1672074,1671630,444
134350201,29.751,7.21547,473,45995,0.282621,0.47,1,1672103,1671630,473
134353121,21.1502,27.0431,460,46041,0.240524,0.47,1,1672122,1671662,460
134356041,19.43,20.6086,460,46087,0.248105,0.43,1,1672141,1671681,460
134358961,38.286,20.9217,482,46133,0.233621,0.39,1,1672184,1671702,482
134361881,26.0572,40.9843,459,46179,0.246724,0.29,1,1672207,1671748,459
134364801,41.2114,29.7969,477,46225,0.233345,0.19,1,1672252,1671775,477
134367721,35.4423,42.7594,465,46271,0.278669,0.19,1,1672286,1671821,465
134370641,31.8885,37.3519,460,46317,0.239734,0.27,1,1672317,1671857,460
134373561,20.7777,31.4704,448,46363,0.263947,0.23,1,1672335,1671887,448
134376481,28.1555,22.2941,458,46408,0.300789,0.19,1,1672365,1671907,458
134379401,30.4311,26.8588,461,46453,0.356158,0.29,1,1672396,1671935,461
134382321,30.0862,27.7718,463,46498,0.399232,0.23,1,1672426,1671963,463
134385241,24.4172,30.3544,455,46543,0.391846,0.25,1,1672449,1671994,455
134388161,22.4834,22.8709,456,46588,0.390369,0.27,1,1672471,1672015,456
134391081,33.2967,23.7742,468,46633,0.390074,0.25,1,1672507,1672039,468
134394001,29.8593,32.7548,462,46678,0.422015,0.29,1,1672536,1672074,462
134396921,20.3719,29.751,451,46723,0.460403,0.23,1,1672554,1672103,451
134399841,20.0744,21.1502,452,46768,0.468081,0.25,1,1672574,1672122,452
134402761,37.6149,19.43,475,46813,0.501616,0.23,1,1672616,1672141,475
134405681,26.723,38.286,456,46858,0.524323,0.25,1,1672640,1672184,456
134408601,42.1446,26.0572,479,46903,0.560865,0.23,1,1672686,1672207,479
134411521,36.4289,41.2114,469,46948,0.584173,0.29,1,1672721,1672252,469
134414441,31.2858,35.4423,465,46993,0.588835,0.23,1,1672751,1672286,465
134417361,20.6572,31.8885,452,47038,0.605767,0.27,1,1672769,1672317,452
134420281,30.5314,20.7777,467,47083,0.625153,0.31,1,1672802,1672335,467
134423201,33.3063,28.1555,471,47128,0.613031,0.37,1,1672836,1672365,471
134426121,31.4613,30.4311,471,47173,0.642606,0.41,1,1672867,1672396,471
134429041,23.8923,30.0862,463,47218,0.648521,0.39,1,1672889,1672426,463
134431961,22.3785,24.4172,462,47263,0.649704,0.39,1,1672911,1672449,462
134434881,34.0757,22.4834,477,47308,0.665941,0.39,1,1672948,1672471,477
134437801,30.8151,33.2967,471,47353,0.685188,0.43,1,1672978,1672507,471
134440721,7.76303,29.8593,444,47398,0.689038,0.47,1,1672980,1672536,444
134443641,16.7526,20.3719,445,47442,0.737808,0.47,1,1672999,1672554,445
134446561,19.3505,20.0744,445,47486,0.731561,0.51,1,1673019,1672574,445
134449481,39.8701,37.6149,448,47530,0.746312,0.53,1,1673064,1672616,448
134452401,27.974,26.723,449,47574,0.765262,0.57,2,1673089,1672640,449
134455321,43.1948,42.1446,450,47618,0.785052,0.59,2,1673136,1672686,450
134458241,37.439,36.4289,451,47662,0.77301,0.59,2,1673172,1672721,451
134461161,32.2878,31.2858,452,47706,0.786602,0.61,2,1673203,1672751,452
134464081,20.8576,20.6572,452,47750,0.75732,0.63,2,1673221,1672769,452
134467001,29.7715,30.5314,451,47794,0.751464,0.61,2,1673253,1672802,451
134469921,34.7543,33.3063,453,47838,0.782293,0.65,2,1673289,1672836,453
134472841,32.5509,31.4613,454,47882,0.740459,0.65,1,1673321,1672867,454
134475761,24.1102,23.8923,454,47926,0.780092,0.65,2,1673343,1672889,454
134478681,22.422,22.3785,454,47970,0.788018,0.67,2,1673365,1672911,454
134481601,35.6844,34.0757,456,48014,0.789604,0.69,2,1673404,1672948,456
134484521,31.1369,30.8151,456,48058,0.837921,0.69,2,1673434,1672978,456
134487441,7.82738,7.76303,456,48102,0.815584,0.75,2,1673436,1672980,456
134490361,17.5655,16.7526,457,48146,0.811117,0.73,2,1673456,1672999,457
134493281,20.3131,19.3505,458,48190,0.858223,0.75,2,1673477,1673019,458
134496201,40.8626,39.8701,459,48234,0.883645,0.77,2,1673523,1673064,459
134499121,27.3725,27.974,458,48278,0.888729,0.79,2,1673547,1673089,458
134502041,43.8745,43.1948,459,48322,0.937746,0.77,2,1673595,1673136,459
134504961,38.3749,37.439,460,48366,0.915549,0.79,2,1673632,1673172,460
134748781,63,71,470,23541,0.07,0.07,1,1676132,1675662,470
134751701,62.2,79,451,23631,0.014,0.03,1,1676194,1675743,451
134754621,63.64,51,471,23721,0.0108,0.03,1,1676258,1675787,471
134757541,51.928,71.8,443,23810,0.00216,0.09,1,1676307,1675864,443
134760461,47.9856,50.36,445,23899,0.104432,0.03,1,1676354,1675909,445
134763381,31.9971,46.872,427,23988,0.0768864,0.01,1,1676382,1675955,427
134766301,31.9994,22.9744,442,24076,0.0393773,0.09,1,1676414,1675972,442
134769221,72.7999,82.1949,428,24164,0.0638755,0.07,1,1676497,1676069,428
134772141,64.96,66.839,428,24252,0.0687751,0,1,1676560,1676132,428
134775061,57.792,62.9678,422,24339,0.117755,0.01,1,1676616,1676194,422
134777981,62.7584,63.7936,422,24426,0.031551,0,1,1676680,1676258,422
134780901,52.5517,51.9587,423,24513,0.0303102,0.13,1,1676730,1676307,423
134783821,52.9103,47.9917,429,24599,0.078062,0.07,1,1676783,1676354,429
134786741,27.3821,31.9983,422,24685,0.0716124,0.03,1,1676804,1676382,422
134789661,32.6764,31.9997,424,24771,0.0543225,0.07,1,1676838,1676414,424
134792581,73.7353,72.7999,425,24857,0.0988645,0.07,1,1676922,1676497,425
134795501,65.1471,64.96,425,24942,0.123773,0.13,1,1676985,1676560,425
134798421,58.6294,57.792,426,25027,0.176755,0.01,1,1677042,1676616,426
134801341,59.7259,62.7584,422,25112,0.171351,0.03,1,1677102,1676680,422
134804261,51.9452,52.5517,422,25196,0.0902702,0.09,1,1677152,1676730,422
134807181,54.389,52.9103,424,25280,0.042054,0.07,1,1677207,1676783,424
134810101,26.8778,27.3821,423,25364,0.0164108,0.05,1,1677227,1676804,423
134813021,31.7756,32.6764,422,25448,0.0592822,0.05,1,1677260,1676838,422
134815941,75.1551,6.53528,508,25531,0.0838564,0.11,1,1677346,1676838,508
134818861,66.231,68.5071,488,25614,0.104771,0.13,1,1677410,1676922,488
134821781,61.2462,64.1014,485,25697,0.156954,0.19,1,1677470,1676985,485
134824701,56.2492,58.4203,483,25779,0.167391,0.17,1,1677525,1677042,483
134827621,49.6498,59.6841,471,25861,0.169478,0.07,1,1677573,1677102,471
134830541,53.93,51.9368,476,25943,0.121896,0.03,1,1677628,1677152,476
134833461,26.786,54.3874,441,26025,0.0803791,0.01,1,1677648,1677207,441
134836381,32.5572,26.8775,455,26106,0.0880758,0.07,1,1677682,1677227,455
134839301,77.7114,31.7755,511,26187,0.201615,0.09,1,1677771,1677260,511
134842221,67.5423,75.1551,490,26268,0.256323,0.11,1,1677836,1677346,490
134845141,64.7085,66.231,490,26349,0.235265,0.17,1,1677900,1677410,490
134848061,56.1417,61.2462,484,26429,0.231053,0.17,1,1677954,1677470,484
134850981,49.6283,56.2492,477,26509,0.230211,0.17,1,1678002,1677525,477
134853901,49.9257,49.6498,479,26589,0.246042,0.11,1,1678052,1677573,479
134856821,25.9851,53.93,444,26669,0.281208,0.07,1,1678072,1677628,444
134859741,34.797,26.786,461,26748,0.272242,0.09,1,1678109,1677648,461
134862661,82.1594,32.5572,521,26827,0.350448,0.23,1,1678203,1677682,521
134865581,70.8319,77.7114,500,26906,0.38209,0.27,1,1678271,1677771,500
134868501,15.7664,67.5423,437,26985,0.388418,0.23,1,1678273,1677836,437
134871421,51.1533,64.7085,433,27063,0.389684,0.23,1,1678333,1677900,433
134874341,53.4307,56.1417,433,27141,0.453937,0.23,1,1678387,1677954,433
134877261,49.8861,49.6283,434,27219,0.498787,0.25,1,1678436,1678002,434
134880181,50.7772,49.9257,435,27297,0.491757,0.29,1,1678487,1678052,435
134883101,26.9554,25.9851,436,27375,0.506351,0.27,1,1678508,1678072,436
134886021,35.7911,34.797,437,27452,0.50927,0.37,1,1678546,1678109,437
134888941,85.5582,82.1594,441,27529,0.589854,0.39,1,1678644,1678203,441
134891861,71.5116,70.8319,441,27606,0.605971,0.39,1,1678712,1678271,441
134894781,15.9023,15.7664,441,27683,0.609194,0.39,1,1678714,1678273,441
134897701,51.9805,51.1533,442,27760,0.625839,0.47,1,1678775,1678333,442
134900621,55.9961,53.4307,445,27836,0.661168,0.51,1,1678832,1678387,445
134903541,50.3992,49.8861,445,27912,0.716234,0.49,1,1678881,1678436,445
134906461,51.6798,50.7772,446,27988,0.695247,0.51,1,1678933,1678487,446
134909381,27.936,26.9554,447,28064,0.707049,0.51,1,1678955,1678508,447
134912301,35.9872,35.7911,447,28139,0.75741,0.61,2,1678993,1678546,447
134915221,87.9974,85.5582,450,28214,0.783482,0.61,2,1679094,1678644,450
134918141,71.9995,71.5116,450,28289,0.820696,0.61,2,1679162,1678712,450
134921061,15.9999,15.9023,450,28364,0.828139,0.61,2,1679164,1678714,450
134923981,52.8,3.18047,512,28439,0.797628,0.63,2,1679226,1678714,512
134926901,58.56,49.4361,511,28513,0.807526,0.67,2,1679286,1678775,511
134929821,51.712,55.4872,504,28587,0.841505,0.73,2,1679336,1678832,504
134932741,52.7424,50.2974,508,28661,0.864301,0.69,2,1679389,1678881,508
134935661,28.1485,51.6595,478,28735,0.91686,0.71,2,1679411,1678933,478
134938581,36.8297,27.9319,495,28809,0.911372,0.77,2,1679450,1678955,495
135064141,37,25,527,31814,0.85,1,2,1681598,1681071,527
135067061,61.8,50.6,538,31881,0.77,1,2,1681666,1681128,538
135069981,34.76,53.32,512,31947,0.754,1,2,1681694,1681182,512
135072901,28.552,40.264,502,32013,0.7028,1,1,1681721,1681219,502
135075821,39.3104,33.6528,512,32079,0.70856,1,1,1681763,1681251,512
135078741,27.8621,33.9306,503,32145,0.709712,1,1,1681788,1681285,503
135081661,31.1724,32.3861,503,32211,0.741942,1,1,1681820,1681317,503
135084581,87.8345,32.8772,572,32277,0.668388,1,1,1681922,1681350,572
135087501,73.5669,87.3754,541,32343,0.701678,0.83,1,1681992,1681451,541
135090421,39.5134,82.2751,491,32408,0.740336,0.77,1,1682023,1681532,491
135093341,35.9027,39.655,497,32473,0.732067,0.85,1,1682058,1681561,497
135096261,59.9805,37.531,526,32538,0.714413,0.75,1,1682124,1681598,526
135099181,33.5961,61.9062,485,32603,0.742883,0.75,1,1682151,1681666,485
135102101,29.1192,34.7812,485,32668,0.748577,0.69,1,1682179,1681694,485
135105021,38.6238,28.5562,499,32733,0.829715,0.71,2,1682220,1681721,499
135107941,9.32477,39.3113,459,32798,0.813943,0.71,2,1682222,1681763,459
135110861,22.665,27.8622,460,32862,0.842789,0.75,2,1682248,1681788,460
135113781,29.333,31.1725,459,32926,0.864558,0.65,2,1682279,1681820,459
135116701,85.0666,87.8345,456,32990,0.884912,0.71,2,1682378,1681922,456
135119621,74.6133,73.5669,458,33054,0.936982,0.75,2,1682450,1681992,458
135484621,48,66,515,40268,0.67,1,1,1687455,1686940,515
135487541,36.8,42,513,40320,0.606,1,1,1687489,1686976,513
135490461,38.56,36.4,517,40372,0.4972,1,1,1687528,1687011,517
135493381,38.112,36.08,519,40424,0.33144,1,1,1687566,1687047,519
135496301,33.2224,39.216,511,40476,0.186288,1,1,1687598,1687087,511
135499221,18.6445,31.8432,496,40528,0.109258,1,1,1687613,1687117,496
135502141,26.9289,18.3686,510,40580,0.0218515,1,1,1687642,1687132,510
135505061,31.7858,28.4737,512,40632,0.0283703,0.97,1,1687675,1687163,512
135507981,52.7572,36.0947,532,40684,0.0296741,1,1,1687733,1687201,532
135510901,41.7514,55.2189,511,40736,0.0139348,1,1,1687772,1687261,511
135513821,33.9503,42.2438,504,40788,0.026787,0.97,1,1687804,1687300,504
135516741,29.9901,34.8488,500,40840,0.0293574,0.85,1,1687833,1687333,500
135519661,37.198,32.5698,507,40892,0.0298715,0.89,1,1687872,1687365,507
135522581,33.0396,40.114,497,40944,0.0299743,0.67,1,1687904,1687407,497
135525501,33.0079,46.4228,482,40996,0.00599486,0.59,1,1687937,1687455,482
135528421,31.4016,36.4846,479,41047,0.057199,0.47,1,1687968,1687489,479
135531341,30.2803,38.4969,470,41098,0.0354398,0.29,1,1687998,1687528,470
135534261,26.0561,38.0994,457,41149,0.063088,0.15,1,1688023,1687566,457
135537181,14.0112,33.2199,436,41200,0.0846176,0.09,1,1688034,1687598,436
135540101,26.0022,18.644,450,41251,0.0569235,0,1,1688063,1687613,450
135543021,31.6004,26.9288,454,41302,0.0193847,0.03,1,1688096,1687642,454
135545941,54.3201,31.7858,481,41353,0.0118769,0.03,1,1688156,1687675,481
135548861,41.264,52.7572,461,41404,0.0263754,0.01,1,1688194,1687733,461
135551781,33.8528,41.7514,454,41455,0.0612751,0.03,1,1688226,1687772,454
135554701,29.9706,33.9503,451,41506,0.036255,0.03,1,1688255,1687804,451
135557621,7.59411,29.9901,424,41557,0.031251,0.03,1,1688257,1687833,424
135560541,33.5188,37.198,425,41608,0.0302502,0.03,1,1688297,1687872,425
135563461,29.9038,33.0396,422,41659,0.03005,0,1,1688326,1687904,422
135566381,33.1808,33.0079,423,41710,0.01401,0.07,1,1688360,1687937,423
135569301,33.8362,31.4016,426,41761,0.170802,0.03,1,1688394,1687968,426
135572221,29.1672,30.2803,424,41812,0.12216,0.07,1,1688422,1687998,424
135575141,26.6334,26.0561,425,41862,0.0804321,0.09,1,1688448,1688023,425
135578061,14.1267,14.0112,425,41912,0.0880864,0.05,1,1688459,1688034,425
135580981,23.6253,26.0022,422,41962,0.0576173,0.01,1,1688485,1688063,422
135583901,32.7251,31.6004,424,42012,0.0195235,0.01,1,1688520,1688096,424
135586821,54.545,54.3201,424,42062,0.0119047,0.03,1,1688580,1688156,424
135589741,39.709,41.264,422,42112,0.0263809,0.07,1,1688616,1688194,422
135592661,35.1418,33.8528,424,42162,0.0292762,0.03,1,1688650,1688226,424
135595581,29.4284,29.9706,423,42212,0.0298552,0.03,1,1688678,1688255,423
135598501,7.48567,7.59411,423,42262,0.029971,0.03,1,1688680,1688257,423
135601421,33.4971,33.5188,423,42312,0.0459942,0.03,1,1688720,1688297,423
135604341,29.8994,29.9038,423,42362,0.0171988,0.01,1,1688749,1688326,423
135607261,36.3799,33.1808,427,42412,0.0274398,0.21,1,1688787,1688360,427
135610181,36.076,33.8362,429,42462,0.045488,0.11,1,1688823,1688394,429
135613101,26.4152,29.1672,425,42512,0.0170976,0.07,1,1688847,1688422,425
135616021,26.083,26.6334,425,42562,0.0914195,0.09,1,1688873,1688448,425
135618941,13.2166,14.1267,424,42612,0.0742839,0.05,1,1688883,1688459,424
135621861,21.8433,23.6253,422,42662,0.118857,0.01,1,1688907,1688485,422
135624781,32.3687,32.7251,422,42711,0.0477714,0.01,1,1688942,1688520,422
135627701,54.4737,54.545,422,42760,0.0175543,0.03,1,1689002,1688580,422
135630621,39.6947,39.709,422,42809,0.0275109,0.03,1,1689038,1688616,422
135633541,35.9389,35.1418,423,42858,0.0295022,0.03,1,1689073,1688650,423
135636461,28.7878,29.4284,422,42907,0.0459004,0.03,1,1689100,1688678,422
135639381,7.35756,7.48567,422,42956,0.0491801,0.05,1,1689102,1688680,422
135642301,33.4715,33.4971,422,43005,0.081836,0.05,1,1689142,1688720,422
135645221,29.0943,6.69943,450,43054,0.0403672,0.01,1,1689170,1688720,450
135648141,37.0189,24.5399,460,43103,0.0320734,0.03,1,1689209,1688749,460
135651061,35.4038,35.308,457,43152,0.0624147,0.05,1,1689244,1688787,457
135653981,27.0808,35.8616,446,43201,0.0684829,0.01,1,1689269,1688823,446
135656901,27.8162,26.3723,450,43250,0.133697,0.11,1,1689297,1688847,450
135659821,13.5632,26.0745,434,43299,0.162739,0.07,1,1689307,1688873,434
135662741,21.1126,13.2149,447,43348,0.184548,0.13,1,1689330,1688883,447
135665661,30.6225,21.843,456,43397,0.17291,0.03,1,1689363,1688907,456
135668581,54.1245,32.3686,481,43446,0.0585819,0.01,1,1689423,1688942,481
135671501,39.6249,54.4737,457,43495,0.0357164,0.03,1,1689459,1689002,457
135674421,36.725,39.6947,457,43544,0.0471433,0.03,1,1689495,1689038,457
135677341,28.145,35.9389,448,43592,0.0494287,0.05,1,1689521,1689073,448
135680261,7.229,28.7878,423,43640,0.0498857,0.05,1,1689523,1689100,423
135683181,35.0458,7.35756,463,43688,0.0499771,0.09,1,1689565,1689102,463
135686101,28.6092,33.4715,450,43736,0.0499954,0.03,1,1689592,1689142,450
135689021,36.9218,29.0943,461,43784,0.0339991,0.03,1,1689631,1689170,461
135691941,37.7844,37.0189,460,43832,0.0147998,0.07,1,1689669,1689209,460
135694861,26.7569,35.4038,449,43880,0.05896,0.07,1,1689693,1689244,449
135697781,31.7514,27.0808,457,43928,0.099792,0.15,1,1689726,1689269,457
135700701,14.3503,27.8162,439,43976,0.107958,0.17,1,1689736,1689297,439
135703621,22.0701,13.5632,453,44024,0.141592,0.19,1,1689760,1689307,453
135706541,29.214,21.1126,461,44072,0.148318,0.17,1,1689791,1689330,461
135709461,48.2428,30.6225,481,44120,0.0696637,0.03,1,1689844,1689363,481
135712381,38.4486,54.1245,457,44168,0.0139327,0.03,1,1689880,1689423,457
135715301,38.0897,39.6249,459,44216,0.0427865,0.05,1,1689918,1689459,459
135718221,28.4179,36.725,449,44264,0.0485573,0.05,1,1689944,1689495,449
135721141,7.28359,28.145,425,44312,0.0497115,0.05,1,1689946,1689521,425
135724061,35.0567,7.229,465,44360,0.0499423,0.05,1,1689988,1689523,465
135726981,28.6113,35.0458,450,44408,0.0979885,0.05,1,1690015,1689565,450
135729901,36.1223,28.6092,461,44456,0.0595977,0.03,1,1690053,1689592,461
135732821,8.82445,36.9218,424,44503,0.0519195,0.01,1,1690055,1689631,424
135735741,32.9649,37.7844,425,44550,0.0663839,0.07,1,1690094,1689669,425
135738661,26.593,26.7569,426,44597,0.0532768,0.11,1,1690119,1689693,426
135741581,32.5186,31.7514,427,44644,0.0186554,0.11,1,1690153,1689726,427
135744501,15.3037,14.3503,428,44691,0.0277311,0.15,1,1690164,1689736,428
135747421,23.0607,22.0701,429,44738,0.0295462,0.15,1,1690189,1689760,429
135750341,30.2121,29.214,430,44785,0.0619092,0.05,1,1690221,1689791,430
135753261,43.6424,48.2428,424,44832,0.0683818,0,1,1690268,1689844,424
135756181,35.9285,38.4486,422,44879,0.0136764,0.05,1,1690302,1689880,422
135759101,39.1857,38.0897,424,44926,0.0427353,0.05,1,1690342,1689918,424
135762021,28.6371,28.4179,424,44973,0.0165471,0.05,1,1690368,1689944,424
135764941,7.32743,7.28359,424,45020,0.0433094,0.05,1,1690370,1689946,424
135767861,35.0655,35.0567,424,45067,0.0486619,0.11,1,1690412,1689988,424
135770781,31.0131,28.6113,427,45114,0.0177324,0.05,1,1690442,1690015,427
135773701,34.2026,36.1223,424,45161,0.0435465,0.05,1,1690477,1690053,424
135776621,8.44052,8.82445,424,45208,0.0487093,0.07,1,1690479,1690055,424
135779541,32.0881,32.9649,423,45255,0.0817419,0.05,1,1690517,1690094,423
135782461,25.6176,26.593,422,45302,0.0883484,0.01,1,1690541,1690119,422
135785381,32.3235,32.5186,422,45349,0.12167,0.03,1,1690575,1690153,422
135788301,16.8647,15.3037,424,45396,0.112334,0.03,1,1690588,1690164,424
135791221,23.3729,23.0607,424,45442,0.142467,0.07,1,1690613,1690189,424
135794141,29.4746,30.2121,423,45488,0.132493,0.07,1,1690644,1690221,423
135797061,43.4949,43.6424,423,45534,0.194499,0,1,1690691,1690268,423
135799981,35.099,35.9285,422,45580,0.1749,0.05,1,1690724,1690302,422
135802901,39.0198,39.1857,422,45626,0.0909799,0.01,1,1690764,1690342,422
135805821,28.604,28.6371,422,45672,0.122196,0.05,1,1690790,1690368,422
135808741,7.32079,7.32743,422,45718,0.128439,0.05,1,1690792,1690370,422
135811661,35.0642,35.0655,422,45764,0.145688,0.01,1,1690834,1690412,422
135814581,31.0128,31.0131,422,45810,0.117138,0.05,1,1690864,1690442,422
135817501,35.8026,34.2026,424,45856,0.111428,0.05,1,1690901,1690477,424
135820421,8.76051,8.44052,424,45902,0.110285,0.09,1,1690903,1690479,424
135823341,32.1521,32.0881,424,45948,0.110057,0.09,1,1690941,1690517,424
135826261,26.4304,6.41762,449,45994,0.142011,0.09,1,1690966,1690517,449
135829181,32.4861,20.4835,459,46040,0.164402,0.13,1,1691000,1690541,459
135832101,17.6972,31.2967,439,46086,0.16888,0.11,1,1691014,1690575,439
135835021,23.5394,16.6593,451,46132,0.185776,0.15,1,1691039,1690588,451
135837941,29.5079,23.3319,457,46178,0.221155,0.13,1,1691070,1690613,457
135840861,45.9016,29.4664,476,46224,0.260231,0.21,1,1691120,1690644,476
135843781,33.9803,43.4933,460,46270,0.300046,0.17,1,1691151,1690691,460
135846701,36.3961,35.0987,464,46316,0.340009,0.07,1,1691188,1690724,464
135849621,28.8792,39.0197,451,46362,0.380002,0.13,1,1691215,1690764,451
135852541,7.37584,28.6039,427,46407,0.388,0.13,1,1691217,1690790,427
135855461,35.8752,7.32079,468,46452,0.4056,0.15,1,1691260,1690792,468
135858381,31.175,35.0642,456,46497,0.42512,0.11,1,1691290,1690834,456
135861301,35.835,31.0128,463,46542,0.413024,0.11,1,1691327,1690864,463
135864221,8.767,35.8026,428,46587,0.410605,0.11,1,1691329,1690901,428
135867141,32.1534,8.76051,464,46632,0.426121,0.11,1,1691367,1690903,464
135870061,28.8307,32.1521,454,46677,0.429224,0.15,1,1691395,1690941,454
135872981,32.9661,26.4304,463,46722,0.445845,0.17,1,1691429,1690966,463
135875901,17.7932,32.4861,443,46767,0.465169,0.17,1,1691443,1691000,443
135878821,24.3586,17.6972,455,46812,0.469034,0.19,1,1691469,1691014,455
135881741,31.2717,23.5394,463,46857,0.485807,0.23,1,1691502,1691039,463
135884661,47.8543,29.5079,484,46902,0.473161,0.27,1,1691554,1691070,484
135887581,36.7709,45.9016,468,46947,0.486632,0.31,1,1691588,1691120,468
135890501,37.7542,33.9803,475,46992,0.521326,0.35,1,1691626,1691151,475
135893421,30.7508,36.3961,467,47037,0.576265,0.39,1,1691655,1691188,467
135896341,7.75017,28.8792,442,47082,0.587253,0.39,1,1691657,1691215,442
135899261,37.55,7.37584,485,47127,0.605451,0.41,1,1691702,1691217,485
135902181,31.51,35.8752,472,47172,0.60909,0.43,1,1691732,1691260,472
135905101,35.102,31.175,478,47217,0.609818,0.41,1,1691768,1691290,478
135908021,8.6204,35.835,443,47262,0.609964,0.41,1,1691770,1691327,443
135910941,32.9241,8.767,480,47307,0.625993,0.43,1,1691809,1691329,480
135913861,28.9848,32.1534,470,47352,0.629199,0.43,1,1691837,1691367,470
135916781,7.39696,28.8307,444,47397,0.62984,0.45,1,1691839,1691395,444
135919701,29.4794,32.9661,445,47441,0.677968,0.47,1,1691874,1691429,445
135922621,17.0959,17.7932,445,47485,0.703594,0.47,1,1691888,1691443,445
135925541,24.2192,24.3586,445,47529,0.676719,0.49,1,1691914,1691469,445
135928461,32.0438,31.2717,446,47573,0.671344,0.47,1,1691948,1691502,446
135931381,48.0088,47.8543,446,47617,0.686269,0.49,1,1692000,1691554,446
135934301,36.8018,36.7709,446,47661,0.657254,0.53,1,1692034,1691588,446
135937221,40.1603,37.7542,449,47705,0.667451,0.59,1,1692075,1691626,449
135940141,32.8321,30.7508,451,47749,0.65349,0.59,1,1692106,1691655,451
135943061,8.16641,7.75017,451,47793,0.682698,0.61,1,1692108,1691657,451
135945981,38.4333,37.55,452,47837,0.68854,0.61,1,1692154,1691702,452
135948901,31.6867,31.51,452,47881,0.657708,0.61,1,1692184,1691732,452
135951821,35.1373,35.102,452,47925,0.651542,0.61,1,1692220,1691768,452
135954741,8.62747,8.6204,452,47969,0.650308,0.63,1,1692222,1691770,452
135957661,33.7255,32.9241,453,48013,0.698062,0.63,1,1692262,1691809,453
135960581,29.9451,28.9848,454,48057,0.707612,0.63,1,1692291,1691837,454
135963501,7.58902,7.39696,454,48101,0.709522,0.69,1,1692293,1691839,454
135966421,30.3178,29.4794,455,48145,0.709904,0.71,1,1692329,1691874,455
135969341,17.2636,17.0959,455,48189,0.757981,0.67,2,1692343,1691888,455
135972261,24.2527,24.2192,455,48233,0.735596,0.67,1,1692369,1691914,455
135975181,32.0505,32.0438,455,48277,0.763119,0.69,2,1692403,1691948,455
135978101,47.2101,48.0088,454,48321,0.768624,0.65,2,1692454,1692000,454
135981021,36.642,36.8018,454,48365,0.753725,0.67,2,1692488,1692034,454
135983941,39.3284,40.1603,453,48409,0.798745,0.65,2,1692528,1692075,453
135986861,33.4657,32.8321,454,48453,0.807749,0.69,2,1692560,1692106,454
135989781,8.29314,8.16641,454,48496,0.82555,0.69,2,1692562,1692108,454
135992701,38.4586,38.4333,454,48539,0.87711,0.65,2,1692608,1692154,454
135995621,31.6917,31.6867,454,48582,0.855422,0.65,2,1692638,1692184,454
135998541,35.1383,35.1373,454,48625,0.867084,0.65,2,1692674,1692220,454
136001461,8.62767,8.62747,454,48668,0.869417,0.71,2,1692676,1692222,454
136004381,34.5255,33.7255,455,48711,0.885883,0.71,2,1692717,1692262,455
136007301,31.7051,29.9451,457,48754,0.873177,0.71,2,1692748,1692291,457
136010221,7.94102,7.58902,457,48797,0.902635,0.71,2,1692750,1692293,457
136013141,30.3882,30.3178,457,48840,0.892527,0.71,2,1692786,1692329,457
136016061,17.2776,6.06356,471,48883,0.906505,0.77,2,1692800,1692329,471
136018981,24.2555,12.4127,483,48926,0.909301,0.73,2,1692826,1692343,483
136256961,38,60,469,24266,0.05,0.67,1,1695279,1694810,469
136259881,53.2,28,506,24353,0.034,0.51,1,1695336,1694830,506
136262801,64.24,72.8,489,24440,0.0468,0.25,1,1695403,1694914,489
136265721,53.648,83.36,454,24527,0.06536,0.13,1,1695454,1695000,454
136268641,89.1296,67.072,489,24613,0.085072,0.09,1,1695552,1695063,489
136271561,33.0259,72.6144,434,24699,0.169014,0.07,1,1695571,1695137,434
136274481,31.4052,34.5229,440,24785,0.217803,0.05,1,1695602,1695162,440
136277401,56.681,70.1046,424,24871,0.275561,0.05,1,1695665,1695241,424
136280321,43.3362,44.4209,426,24956,0.287112,0.03,1,1695705,1695279,426
136283241,51.8672,54.4842,423,25041,0.353422,0.05,1,1695759,1695336,423
136286161,64.7734,64.4968,424,25126,0.366684,0.07,1,1695827,1695403,424
136289081,52.9547,53.6994,423,25210,0.401337,0.09,1,1695877,1695454,423
136292001,94.5909,89.1399,430,25294,0.392267,0.19,1,1695982,1695552,430
136294921,36.5182,33.028,433,25378,0.374453,0.23,1,1696004,1695571,433
136297841,34.5036,31.4056,436,25461,0.370891,0.23,1,1696038,1695602,436
136300761,56.5007,6.28112,498,25544,0.354178,0.29,1,1696100,1695602,498
136303681,43.3001,51.6562,475,25627,0.366836,0.29,1,1696140,1695665,475
136306601,55.06,42.3312,493,25710,0.369367,0.37,1,1696198,1695705,493
136309521,65.412,51.6662,507,25792,0.385873,0.37,1,1696266,1695759,507
136312441,53.0824,64.7333,489,25874,0.389175,0.41,1,1696316,1695827,489
136315361,93.8165,52.9466,543,25956,0.357835,0.39,1,1696420,1695877,543
136318281,36.3633,94.5893,460,26038,0.367567,0.37,1,1696442,1695982,460
136321201,33.6727,36.5179,471,26119,0.369513,0.37,1,1696475,1696004,471
136324121,57.9345,34.5036,501,26200,0.417903,0.35,1,1696539,1696038,501
136327041,43.5869,56.5007,479,26281,0.443581,0.37,1,1696579,1696100,479
136329961,55.1174,43.3001,497,26362,0.448716,0.37,1,1696637,1696140,497
136332881,66.2235,55.06,508,26442,0.529743,0.39,1,1696706,1696198,508
136335801,53.2447,65.412,490,26522,0.545949,0.39,1,1696756,1696266,490
136338721,93.0489,53.0824,543,26602,0.58119,0.35,1,1696859,1696316,543
136341641,34.6098,93.8165,459,26682,0.588238,0.37,1,1696879,1696420,459
136344561,35.722,36.3633,473,26761,0.621648,0.37,1,1696915,1696442,473
136347481,58.3444,33.6727,504,26840,0.70833,0.43,1,1696979,1696475,504
136350401,13.2689,57.9345,442,26919,0.725666,0.45,1,1696981,1696539,442
136353321,36.2538,43.5869,444,26998,0.825133,0.45,2,1697023,1696579,444
136356241,53.6508,55.1174,444,27076,0.861027,0.55,2,1697081,1696637,444
136359161,69.9302,66.2235,449,27154,0.852205,0.55,2,1697155,1696706,449
136362081,53.986,53.2447,449,27232,0.898441,0.59,2,1697205,1696756,449
136365001,94.7972,93.0489,451,27310,0.891688,0.59,2,1697310,1696859,451
136367921,34.9594,34.6098,451,27388,0.890338,0.63,2,1697330,1696879,451
136370841,37.3919,35.722,453,27465,0.906068,0.73,2,1697368,1696915,453
136508081,36,31,487,30879,0.47,1,1,1699765,1699278,487
136511001,59.2,55.8,490,30948,0.262,1,1,1699830,1699340,490
136513921,30.24,36.76,481,31016,0.2204,1,1,1699853,1699372,481
136516841,27.648,30.552,479,31084,0.14808,1,1,1699880,1699401,479
136519761,31.9296,35.7104,475,31152,0.117616,0.98,1,1699913,1699438,475
136522681,55.9859,58.3421,473,31220,0.0795232,0.98,1,1699975,1699502,473
136525601,51.1972,53.2684,471,31288,0.0399046,0.98,1,1700025,1699554,471
136528521,33.4394,10.6537,500,31356,0.0639809,1,1,1700054,1699554,500
136531441,77.8879,26.1307,559,31423,0.0847962,0.73,1,1700143,1699584,559
136534361,45.1776,87.6261,493,31490,0.0729592,0.57,1,1700180,1699687,493
136537281,30.6355,51.1252,478,31557,0.102592,0.47,1,1700207,1699729,478
136540201,46.1271,39.025,492,31624,0.108518,0.21,1,1700257,1699765,492
136543121,30.8254,59.805,454,31691,0.0617037,0.21,1,1700284,1699830,454
136546041,24.5651,30.361,454,31758,0.0683407,0.13,1,1700307,1699853,454
136548961,27.313,27.6722,455,31825,0.0696681,0.11,1,1700335,1699880,455
136551881,55.0626,31.9344,484,31891,0.0699336,0.07,1,1700397,1699913,484
136554801,50.2125,55.9869,471,31957,0.0379867,0.03,1,1700446,1699975,471
136557721,34.8425,51.1974,452,32023,0.0155973,0.07,1,1700477,1700025,452
136560641,79.7685,33.4395,514,32089,0.0751195,0.09,1,1700568,1700054,514
136563561,45.5537,77.8879,462,32155,0.135024,0.07,1,1700605,1700143,462
136566481,31.5107,45.1776,453,32221,0.163005,0.11,1,1700633,1700180,453
136569401,46.3021,30.6355,476,32287,0.168601,0.11,1,1700683,1700207,476
136572321,30.0604,46.1271,452,32353,0.16972,0.05,1,1700709,1700257,452
136575241,25.2121,30.8254,449,32418,0.185944,0.07,1,1700733,1700284,449
136578161,24.2424,24.5651,450,32483,0.189189,0.07,1,1700757,1700307,450
136581081,56.0485,27.313,486,32548,0.157838,0.07,1,1700821,1700335,486
136584001,48.8097,55.0626,471,32613,0.135568,0.03,1,1700868,1700397,471
136586921,35.3619,50.2125,454,32678,0.0831135,0.01,1,1700900,1700446,454
136589841,80.6724,34.8425,515,32743,0.136623,0.09,1,1700992,1700477,515
136592761,17.7345,79.7685,426,32808,0.147325,0.15,1,1700994,1700568,426
136595681,36.3469,45.5537,430,32872,0.181465,0.17,1,1701035,1700605,430
136598601,29.6694,31.5107,430,32936,0.220293,0.17,1,1701063,1700633,430
136601521,45.9339,46.3021,430,33000,0.196059,0.17,1,1701113,1700683,430
136604441,29.9868,30.0604,430,33064,0.207212,0.19,1,1701139,1700709,430
136607361,25.9974,25.2121,431,33128,0.193442,0.19,1,1701164,1700733,431
136610281,24.3995,24.2424,431,33192,0.222688,0.15,1,1701188,1700757,431
136613201,54.4799,56.0485,429,33256,0.228538,0.13,1,1701250,1700821,429
136616121,48.496,48.8097,429,33320,0.261708,0.07,1,1701297,1700868,429
136619041,32.8992,35.3619,426,33383,0.284342,0.15,1,1701326,1700900,426
136621961,82.5798,80.6724,429,33446,0.304868,0.15,1,1701421,1700992,429
136624881,18.116,17.7345,429,33509,0.308974,0.19,1,1701423,1700994,429
136627801,37.2232,36.3469,430,33572,0.341795,0.23,1,1701465,1701035,430
136630721,30.6446,29.6694,431,33635,0.396359,0.19,1,1701494,1701063,431
136633641,46.1289,45.9339,431,33698,0.423272,0.21,1,1701544,1701113,431
136636561,30.8258,29.9868,432,33761,0.412654,0.19,1,1701571,1701139,432
136639481,25.3652,25.9974,431,33824,0.410531,0.23,1,1701595,1701164,431
136642401,24.273,24.3995,431,33887,0.458106,0.23,1,1701619,1701188,431
136645321,56.8546,54.4799,434,33949,0.451621,0.27,1,1701684,1701250,434
136648241,48.1709,48.496,433,34011,0.466324,0.29,1,1701730,1701297,433
136651161,35.2342,32.8992,436,34073,0.453265,0.31,1,1701762,1701326,436
136654081,84.6468,82.5798,438,34135,0.482653,0.31,1,1701859,1701421,438
136657001,18.5294,18.116,438,34197,0.488531,0.35,1,1701861,1701423,438
136659921,38.1059,37.2232,439,34259,0.473706,0.35,1,1701904,1701465,439
136662841,30.8212,7.44464,468,34321,0.454741,0.41,1,1701933,1701465,468
136665761,46.9642,24.6889,490,34383,0.514948,0.43,1,1701984,1701494,490
136668681,31.7928,44.9378,468,34444,0.55899,0.41,1,1702012,1701544,468
136671601,25.5586,30.5876,465,34505,0.567798,0.41,1,1702036,1701571,465
136674521,25.1117,25.3175,466,34566,0.60156,0.47,1,1702061,1701595,466
136677441,56.2223,24.2635,506,34627,0.608312,0.45,1,1702125,1701619,506
136680361,48.8445,56.8527,488,34688,0.593662,0.47,1,1702172,1701684,488
136683281,35.3689,48.1705,474,34749,0.606732,0.45,1,1702204,1701730,474
136686201,85.4738,35.2341,540,34810,0.609346,0.49,1,1702302,1701762,540
136689121,18.6948,84.6468,445,34871,0.609869,0.49,1,1702304,1701859,445
136692041,37.339,18.5294,485,34932,0.609974,0.47,1,1702346,1701861,485
136694961,32.2678,38.1059,473,34993,0.593995,0.45,1,1702377,1701904,473
136697881,50.4536,30.8212,499,35053,0.622799,0.53,1,1702432,1701933,499
136700801,33.2907,46.9642,477,35113,0.64456,0.57,1,1702461,1701984,477
136703721,26.6581,31.7928,474,35173,0.696912,0.57,1,1702486,1702012,474
136706641,26.1316,25.5586,476,35233,0.707382,0.61,1,1702512,1702036,476
136709561,56.4263,25.1117,515,35293,0.725476,0.61,1,1702576,1702061,515
136712481,48.0853,56.2223,497,35353,0.729095,0.59,1,1702622,1702125,497
136715401,36.0171,48.8445,483,35413,0.745819,0.61,1,1702655,1702172,483
136718321,85.6034,35.3689,549,35473,0.829164,0.61,2,1702753,1702204,549
136721241,18.7207,85.4738,453,35533,0.845833,0.61,2,1702755,1702302,453
136724161,37.3441,18.6948,493,35592,0.865167,0.61,2,1702797,1702304,493
136727081,32.2688,37.339,482,35651,0.869033,0.59,2,1702828,1702346,482
136730001,8.05377,32.2678,453,35710,0.869807,0.63,2,1702830,1702377,453
136732921,47.2108,50.4536,455,35769,0.933961,0.65,2,1702887,1702432,455
136867241,28,31,511,38393,0.91,1,2,1704729,1704218,511
136870161,25.6,27.8,509,38448,0.878,1,2,1704754,1704245,509
136873081,27.52,28.76,508,38503,0.7916,1,2,1704782,1704274,508
136876001,31.904,29.752,511,38558,0.71032,1,1,1704815,1704304,511
136878921,31.9808,33.9504,508,38613,0.694064,1,1,1704847,1704339,508
136881841,31.1962,28.3901,512,38668,0.658813,1,1,1704878,1704366,512
136884761,28.6392,27.278,513,38723,0.507763,1,1,1704906,1704393,513
136887681,36.9278,48.6556,498,38778,0.365553,1,1,1704945,1704447,498
136890601,35.3856,48.9311,484,38832,0.32111,1,1,1704980,1704496,484
136893521,41.4771,36.9862,493,38886,0.184222,1,1,1705023,1704530,493
136896441,82.6954,91.3972,481,38940,0.0608444,0.96,1,1705116,1704635,481
136899361,34.1391,39.0794,477,38994,0.0201689,0.92,1,1705138,1704661,477
136902281,31.6278,39.8159,468,39048,0.0120338,0.91,1,1705169,1704701,468
136905201,27.1256,30.3632,466,39102,0.0264068,0.87,1,1705195,1704729,466
136908121,23.0251,26.0726,463,39156,0.0132814,0.77,1,1705217,1704754,463
136911041,24.605,27.6145,460,39210,0.0266563,0.69,1,1705242,1704782,460
136913961,28.921,31.9229,457,39264,0.0453313,0.69,1,1705272,1704815,457
136916881,27.3842,31.9846,452,39318,0.0650662,0.65,1,1705299,1704847,452
136919801,29.4768,31.1969,451,39372,0.0370132,0.47,1,1705329,1704878,451
136922721,22.6954,28.6394,444,39426,0.0794027,0.33,1,1705350,1704906,444
136925641,27.7391,36.9279,434,39480,0.103881,0.31,1,1705379,1704945,434
136928561,31.1478,35.3856,431,39533,0.0767761,0.15,1,1705411,1704980,431
136931481,37.4296,41.4771,427,39586,0.0553552,0.03,1,1705450,1705023,427
136934401,77.8859,82.6954,422,39639,0.019071,0.01,1,1705538,1705116,422
136937321,33.1772,34.1391,422,39692,0.0278142,0.01,1,1705560,1705138,422
136940241,31.4354,31.6278,422,39745,0.0455628,0.03,1,1705591,1705169,422
136943161,27.0871,27.1256,422,39798,0.0491126,0.01,1,1705617,1705195,422
136946081,23.0174,23.0251,422,39851,0.0338225,0.03,1,1705639,1705217,422
136949001,24.6035,24.605,422,39904,0.0627645,0.05,1,1705664,1705242,422
136951921,30.5207,28.921,424,39957,0.0205529,0.07,1,1705696,1705272,424
136954841,26.9041,27.3842,423,40010,0.0281106,0.03,1,1705722,1705299,423
136957761,29.3808,29.4768,423,40063,0.0456221,0.03,1,1705752,1705329,423
136960681,22.6762,5.89537,444,40116,0.0331244,0.09,1,1705773,1705329,444
136963601,28.5352,17.9791,453,40169,0.0306249,0.11,1,1705803,1705350,453
136966521,29.707,26.7958,454,40222,0.046125,0.07,1,1705833,1705379,454
136969441,36.3414,30.9592,460,40274,0.049225,0.05,1,1705871,1705411,460
136972361,80.0683,37.3918,512,40326,0.129845,0.01,1,1705962,1705450,512
136975281,31.2137,77.8784,443,40378,0.129969,0.03,1,1705981,1705538,443
136978201,31.0427,33.1757,452,40430,0.0819938,0.05,1,1706012,1705560,452
136981121,29.4085,31.4351,450,40482,0.0723988,0.05,1,1706041,1705591,450
136984041,23.4817,27.087,446,40534,0.0704798,0.03,1,1706063,1705617,446
136986961,23.0963,23.0174,447,40586,0.102096,0.07,1,1706086,1705639,447
136989881,29.4193,24.6035,453,40638,0.0924192,0.01,1,1706117,1705664,453
136992801,27.4839,30.5207,448,40690,0.0744838,0.03,1,1706144,1705696,448
136995721,30.2968,26.9041,453,40742,0.0548968,0.05,1,1706175,1705722,453
136998641,22.0594,29.3808,443,40794,0.0509794,0.03,1,1706195,1705752,443
137001561,29.2119,22.6762,453,40846,0.0341959,0.03,1,1706226,1705773,453
137004481,29.8424,28.5352,453,40898,0.0788392,0.05,1,1706256,1705803,453
137007401,37.1685,29.707,462,40950,0.0717678,0.05,1,1706295,1705833,462
137010321,83.4337,36.3414,519,41002,0.118354,0.15,1,1706390,1705871,519
137013241,29.4867,80.0683,444,41053,0.127671,0.13,1,1706406,1705962,444
137016161,29.8973,31.2137,455,41104,0.129534,0.07,1,1706436,1705981,455
137019081,29.1795,31.0427,453,41155,0.113907,0.07,1,1706465,1706012,453
137022001,24.2359,29.4085,447,41206,0.0947814,0.07,1,1706488,1706041,447
137024921,24.0472,23.4817,449,41257,0.106956,0.11,1,1706512,1706063,449
137027841,28.8094,23.0963,456,41308,0.157391,0.09,1,1706542,1706086,456
137030761,26.5619,29.4193,451,41359,0.167478,0.07,1,1706568,1706117,451
137033681,29.3124,27.4839,454,41410,0.185496,0.05,1,1706598,1706144,454
137036601,21.8625,30.2968,443,41461,0.205099,0.05,1,1706618,1706175,443
137039521,28.3725,22.0594,453,41512,0.20902,0.03,1,1706648,1706195,453
137042441,7.2745,29.2119,424,41563,0.209804,0.09,1,1706650,1706226,424
137045361,27.0549,29.8424,426,41614,0.289961,0.07,1,1706682,1706256,426
137048281,35.811,37.1685,425,41665,0.289992,0.13,1,1706720,1706295,425
137051201,85.5622,83.4337,428,41716,0.353998,0.13,1,1706818,1706390,428
137054121,29.9124,29.4867,428,41767,0.3668,0.13,1,1706834,1706406,428
137057041,29.9825,29.8973,428,41818,0.41736,0.11,1,1706864,1706436,428
137059961,28.3965,29.1795,427,41868,0.395472,0.09,1,1706892,1706465,427
137062881,24.0793,24.2359,427,41918,0.423094,0.11,1,1706915,1706488,427
137065801,24.8159,24.0472,428,41968,0.412619,0.17,1,1706940,1706512,428
137068721,30.5632,28.8094,430,42018,0.410524,0.17,1,1706972,1706542,430
137071641,26.9126,26.5619,430,42068,0.410105,0.19,1,1706998,1706568,430
137074561,30.9825,29.3124,432,42118,0.378021,0.21,1,1707030,1706598,432
137077481,22.1965,21.8625,432,42168,0.419604,0.21,1,1707050,1706618,432
137080401,28.4393,28.3725,432,42218,0.427921,0.21,1,1707080,1706648,432
137083321,7.28786,7.2745,432,42268,0.429584,0.31,1,1707082,1706650,432
137086241,30.2576,27.0549,436,42318,0.429917,0.29,1,1707118,1706682,436
137089161,36.4515,35.811,436,42368,0.493983,0.37,1,1707156,1706720,436
137092081,88.8903,85.5622,440,42418,0.506797,0.37,1,1707258,1706818,440
137095001,31.3781,29.9124,441,42468,0.493359,0.43,1,1707275,1706834,441
137097921,30.2756,29.9825,441,42518,0.522672,0.39,1,1707305,1706864,441
137100841,29.2551,28.3965,442,42568,0.528534,0.43,1,1707334,1706892,442
137103761,23.451,24.0793,441,42618,0.561707,0.41,1,1707356,1706915,441
137106681,23.8902,24.8159,440,42668,0.536341,0.41,1,1707380,1706940,440
137109601,30.378,30.5632,440,42717,0.531268,0.41,1,1707412,1706972,440
137112521,26.8756,26.9126,440,42766,0.546254,0.37,1,1707438,1706998,440
137115441,30.9751,30.9825,440,42815,0.581251,0.43,1,1707470,1707030,440
137118361,22.995,22.1965,441,42864,0.60425,0.43,1,1707491,1707050,441
137121281,28.599,28.4393,441,42913,0.64085,0.43,1,1707521,1707080,441
137124201,7.3198,7.28786,441,42962,0.68017,0.43,1,1707523,1707082,441
137127121,31.864,30.2576,443,43011,0.688034,0.43,1,1707561,1707118,443
137130041,37.5728,6.05151,482,43060,0.673607,0.51,1,1707600,1707118,482
137132961,89.1146,31.6103,546,43109,0.670721,0.51,1,1707702,1707156,546
137135881,32.2229,87.9221,462,43158,0.702144,0.49,1,1707720,1707258,462
137138801,31.2446,31.1844,476,43207,0.692429,0.53,1,1707751,1707275,476
137141721,30.2489,30.2369,476,43256,0.722486,0.53,1,1707781,1707305,476
137144641,23.6498,29.2474,469,43305,0.744497,0.57,1,1707803,1707334,469
137147561,23.93,23.4495,471,43354,0.748899,0.53,1,1707827,1707356,471
137150481,30.386,23.8899,479,43403,0.74978,0.53,1,1707859,1707380,479
137153401,27.6772,30.378,474,43452,0.781956,0.55,2,1707886,1707412,474
137156321,32.7354,26.8756,482,43501,0.804391,0.59,2,1707920,1707438,482
137159241,24.1471,30.9751,472,43550,0.808878,0.61,2,1707942,1707470,472
137162161,30.4294,22.995,483,43598,0.825776,0.65,2,1707974,1707491,483
137165081,7.68588,28.599,455,43646,0.829155,0.69,2,1707976,1707521,455
137168001,31.9372,7.3198,491,43694,0.829831,0.69,2,1708014,1707523,491
137170921,38.3874,31.864,493,43742,0.829966,0.67,2,1708054,1707561,493
137173841,89.2775,37.5728,556,43790,0.829993,0.67,2,1708156,1707600,556
137176761,33.8555,89.1146,474,43838,0.877999,0.71,2,1708176,1707702,474
137179681,32.3711,32.2229,488,43886,0.9036,0.69,2,1708208,1707720,488
137182601,31.2742,31.2446,488,43934,0.89272,0.73,2,1708239,1707751,488
137185521,23.8548,30.2489,480,43982,0.890544,0.75,2,1708261,1707781,480
137188441,23.971,23.6498,482,44030,0.890109,0.75,2,1708285,1707803,482
137191361,31.1942,23.93,491,44078,0.922022,0.75,2,1708318,1707827,491
137194281,29.4388,30.386,488,44126,0.912404,0.79,2,1708347,1707859,488
137197201,33.0878,27.6772,495,44174,0.926481,0.81,2,1708381,1707886,495
137200121,25.0176,32.7354,484,44222,0.929296,0.81,2,1708404,1707920,484
137420581,83,64,478,21997,0.11,0.17,1,1710848,1710370,478
137423501,87,84,477,22093,0.046,0.07,1,1710936,1710459,477
137426421,68.6,81.6,460,22189,0.0492,0.09,1,1711000,1710540,460
137429341,61.72,81.12,439,22285,0.04984,0,1,1711060,1710621,439
137432261,60.344,51.424,455,22380,0.009968,0.07,1,1711120,1710665,455
137435181,40.8688,46.2848,446,22475,0.0579936,0.03,1,1711156,1710710,446
137438101,21.7738,28.457,439,22569,0.0675987,0.09,1,1711173,1710734,439
137441021,83.5548,30.4914,507,22663,0.14952,0.11,1,1711272,1710765,507
137443941,86.3109,72.4983,511,22757,0.213904,0.03,1,1711359,1710848,511
137446861,70.0622,84.8997,489,22850,0.162781,0.05,1,1711425,1710936,489
137449781,60.4124,68.1799,483,22943,0.216556,0.05,1,1711483,1711000,483
137452701,59.2825,61.636,482,23035,0.147311,0,1,1711542,1711060,482
137455621,40.6565,60.3272,458,23127,0.117462,0.07,1,1711578,1711120,458
137458541,23.3313,40.8654,441,23219,0.111492,0.07,1,1711597,1711156,441
137461461,87.8663,21.7731,528,23310,0.158298,0.17,1,1711701,1711173,528
137464381,89.5733,83.5546,519,23401,0.23166,0.23,1,1711791,1711272,519
137467301,69.1147,86.3109,496,23492,0.262332,0.15,1,1711855,1711359,496
137470221,60.2229,70.0622,488,23582,0.316466,0.23,1,1711913,1711425,488
137473141,55.2446,60.4124,484,23672,0.327293,0.13,1,1711967,1711483,484
137476061,40.6489,59.2825,462,23762,0.313459,0.11,1,1712004,1711542,462
137478981,24.1298,40.6565,446,23851,0.358692,0.11,1,1712024,1711578,446
137481901,89.626,23.3313,533,23940,0.383738,0.17,1,1712130,1711597,533
137484821,19.5252,87.8663,431,24029,0.388748,0.25,1,1712132,1711701,431
137487741,78.305,89.5733,434,24117,0.43775,0.27,1,1712225,1711791,434
137490661,67.661,69.1147,435,24205,0.47955,0.33,1,1712290,1711855,435
137493581,62.3322,60.2229,438,24293,0.43991,0.33,1,1712351,1711913,438
137496501,55.6664,55.2446,438,24380,0.463982,0.31,1,1712405,1711967,438
137499421,39.9333,40.6489,437,24467,0.484796,0.37,1,1712441,1712004,437
137502341,24.7867,24.1298,438,24554,0.504959,0.39,1,1712462,1712024,438
137505261,92.9573,89.626,442,24640,0.572992,0.39,1,1712572,1712130,442
137508181,20.1915,19.5252,442,24726,0.586598,0.45,1,1712574,1712132,442
137511101,78.4383,78.305,442,24812,0.60532,0.49,1,1712667,1712225,442
137514021,69.2877,67.661,444,24897,0.657064,0.43,1,1712734,1712290,444
137516941,62.6575,62.3322,444,24982,0.699413,0.47,1,1712795,1712351,444
137519861,56.5315,55.6664,445,25067,0.675883,0.49,1,1712850,1712405,445
137522781,40.9063,39.9333,446,25152,0.687177,0.51,1,1712887,1712441,446
137525701,24.1813,24.7867,445,25236,0.689435,0.59,1,1712907,1712462,445
137528621,96.0363,92.9573,449,25320,0.737887,0.59,1,1713021,1712572,449
137531541,20.8073,20.1915,449,25404,0.747577,0.61,1,1713023,1712574,449
137534461,80.9615,78.4383,452,25487,0.781515,0.61,2,1713119,1712667,452
137537381,71.3923,15.6877,521,25570,0.804303,0.67,2,1713188,1712667,521
137540301,63.0785,56.7375,515,25653,0.824861,0.71,2,1713249,1712734,515
137543221,56.6157,60.1475,509,25736,0.860972,0.67,2,1713304,1712795,509
137546141,41.7231,56.0295,492,25818,0.868194,0.69,2,1713342,1712850,492
137549061,24.3446,40.8059,475,25900,0.885639,0.69,2,1713362,1712887,475
137551981,96.8689,24.1612,570,25982,0.905128,0.75,2,1713477,1712907,570
137554901,20.9738,96.0322,458,26064,0.909026,0.75,2,1713479,1713021,458
137657101,31,102,504,28772,0.37,1,1,1715409,1714905,504
137660021,70.2,44.4,554,28846,0.13,1,1,1715489,1714935,554
137662941,78.84,77.68,549,28919,0.066,1,1,1715570,1715021,549
137665861,34.968,69.136,506,28992,0.0692,1,1,1715594,1715088,506
137668781,30.9936,40.2272,503,29065,0.05384,1,1,1715624,1715121,503
137671701,54.9987,36.8454,528,29138,0.034768,0.94,1,1715685,1715157,528
137674621,38.9997,52.9691,506,29211,0.0469536,0.99,1,1715720,1715214,506
137677541,30.1999,39.3938,498,29283,0.0493907,0.87,1,1715748,1715250,498
137680461,65.24,35.8788,537,29355,0.0658781,0.53,1,1715822,1715285,537
137683381,32.248,81.5758,468,29427,0.0851756,0.37,1,1715846,1715378,468
137686301,58.4496,41.1152,502,29499,0.105035,0.07,1,1715911,1715409,502
137689221,75.6899,72.223,502,29571,0.045007,0.05,1,1715991,1715489,502
137692141,35.138,79.2446,446,29643,0.0650014,0.07,1,1716016,1715570,446
137695061,31.8276,35.0489,453,29714,0.0530003,0.05,1,1716047,1715594,453
137697981,53.5655,31.0098,482,29785,0.0666001,0.03,1,1716106,1715624,482
137700901,12.3131,55.002,423,29856,0.03732,0.05,1,1716108,1715685,423
137703821,31.2626,39.0004,424,29927,0.015464,0.05,1,1716144,1715720,424
137706741,27.8525,30.2001,423,29998,0.0430928,0.07,1,1716171,1715748,423
137709661,66.3705,65.24,425,30069,0.0326186,0.09,1,1716247,1715822,425
137712581,33.2741,32.248,426,30139,0.0305237,0.11,1,1716272,1715846,426
137715501,56.2548,58.4496,423,30209,0.0461047,0.03,1,1716334,1715911,423
137718421,75.251,75.6899,423,30279,0.113221,0.07,1,1716414,1715991,423
137721341,35.0502,35.138,423,30349,0.0786442,0.05,1,1716439,1716016,423
137724261,31.81,31.8276,423,30419,0.0877288,0.07,1,1716470,1716047,423
137727181,52.762,53.5655,422,30489,0.0895458,0.03,1,1716528,1716106,422
137730101,12.1524,12.3131,422,30558,0.0899092,0.01,1,1716530,1716108,422
137733021,31.2305,31.2626,422,30627,0.0579818,0.05,1,1716566,1716144,422
137735941,29.4461,27.8525,424,30696,0.0995964,0.03,1,1716595,1716171,424
137738861,65.8892,66.3705,423,30765,0.107919,0.03,1,1716670,1716247,423
137741781,33.1778,33.2741,423,30834,0.0775838,0.05,1,1716695,1716272,423
137744701,57.0356,56.2548,424,30903,0.0715168,0.13,1,1716758,1716334,424
137747621,77.0071,75.251,426,30971,0.0863034,0.07,1,1716840,1716414,426
137750541,35.4014,35.0502,426,31039,0.105261,0.09,1,1716865,1716439,426
137753461,28.6803,31.81,422,31107,0.0930521,0.09,1,1716892,1716470,422
137756381,52.1361,52.762,422,31175,0.10661,0.09,1,1716950,1716528,422
137759301,12.0272,12.1524,422,31243,0.0773221,0.05,1,1716952,1716530,422
137762221,32.0054,31.2305,423,31311,0.119464,0.05,1,1716989,1716566,423
137765141,30.4011,6.2461,453,31379,0.0958929,0.11,1,1717019,1716566,453
137768061,66.8802,24.4492,500,31446,0.0911786,0.11,1,1717095,1716595,500
137770981,32.576,64.8898,449,31513,0.106236,0.07,1,1717119,1716670,449
137773901,56.9152,32.978,487,31580,0.157247,0.07,1,1717182,1716695,487
137776821,77.783,56.9956,507,31647,0.151449,0.09,1,1717265,1716758,507
137779741,36.3566,76.9991,451,31714,0.16629,0.11,1,1717291,1716840,451
137782661,28.0713,35.3998,452,31781,0.185258,0.09,1,1717317,1716865,452
137785581,52.0143,28.68,483,31848,0.269052,0.11,1,1717375,1716892,483
137788501,12.0029,52.136,427,31914,0.25381,0.07,1,1717377,1716950,427
137791421,32.0006,12.0272,462,31980,0.266762,0.13,1,1717414,1716952,462
137794341,30.4001,32.0054,455,32046,0.285352,0.09,1,1717444,1716989,455
137797261,66.88,30.4011,501,32112,0.33707,0.09,1,1717520,1717019,501
137800181,33.376,66.8802,450,32178,0.347414,0.11,1,1717545,1717095,450
137803101,59.4752,32.576,492,32244,0.397483,0.17,1,1717611,1717119,492
137806021,78.295,56.9152,512,32310,0.455497,0.15,1,1717694,1717182,512
137808941,36.459,77.783,455,32375,0.467099,0.17,1,1717720,1717265,455
137811861,29.6918,36.3566,457,32440,0.46942,0.19,1,1717748,1717291,457
137814781,53.9384,28.0713,491,32505,0.437884,0.29,1,1717808,1717317,491
137817701,12.3877,52.0143,435,32570,0.431577,0.25,1,1717810,1717375,435
137820621,32.8775,12.0029,471,32635,0.430315,0.27,1,1717848,1717377,471
137823541,31.3755,32.0006,465,32700,0.462063,0.29,1,1717879,1717414,465
137826461,69.4751,30.4001,514,32765,0.532413,0.35,1,1717958,1717444,514
137829381,15.495,66.88,440,32830,0.546483,0.35,1,1717960,1717520,440
137832301,22.299,33.376,439,32894,0.549296,0.41,1,1717984,1717545,439
137835221,60.4598,59.4752,443,32958,0.581859,0.47,1,1718054,1717611,443
137838141,80.092,78.295,445,33022,0.604372,0.47,1,1718139,1717694,445
137841061,36.8184,36.459,445,33086,0.608874,0.47,1,1718165,1717720,445
137843981,28.9637,29.6918,444,33150,0.641775,0.43,1,1718192,1717748,444
137846901,52.9927,53.9384,443,33214,0.632355,0.43,1,1718251,1717808,443
137849821,12.1985,12.3877,443,33278,0.662471,0.43,1,1718253,1717810,443
137852741,33.6397,32.8775,444,33342,0.684494,0.47,1,1718292,1717848,444
137855661,32.3279,31.3755,445,33405,0.704899,0.55,1,1718324,1717879,445
137858581,72.8656,69.4751,449,33468,0.78898,0.55,2,1718407,1717958,449
137861501,16.1731,15.495,449,33531,0.805796,0.55,2,1718409,1717960,449
137864421,22.4346,22.299,449,33594,0.793159,0.59,2,1718433,1717984,449
137867341,62.8869,60.4598,452,33657,0.774632,0.61,2,1718506,1718054,452
137870261,80.5774,80.092,452,33720,0.850926,0.61,2,1718591,1718139,452
137873181,37.7155,36.8184,453,33783,0.850185,0.65,2,1718618,1718165,453
137876101,29.9431,28.9637,454,33846,0.850037,0.63,2,1718646,1718192,454
137879021,52.3886,52.9927,453,33908,0.866007,0.67,2,1718704,1718251,453
137881941,12.0777,12.1985,453,33970,0.837201,0.69,2,1718706,1718253,453
137884861,34.4155,33.6397,454,34032,0.89544,0.71,2,1718746,1718292,454
137887781,33.2831,32.3279,455,34094,0.907088,0.81,2,1718779,1718324,455
137890701,77.0566,72.8656,460,34156,0.893418,0.81,2,1718867,1718407,460
137893621,17.0113,16.1731,460,34218,0.890684,0.81,2,1718869,1718409,460
137896541,22.6023,3.23462,484,34280,0.874137,0.79,2,1718893,1718409,484
137899461,60.5205,19.8469,530,34342,0.886827,0.77,2,1718963,1718433,530
137902381,84.1041,62.3694,547,34404,0.921365,0.87,2,1719053,1718506,547
138036701,34,34,485,37123,0.82,1,2,1720903,1720418,485
138039621,62,52.4,497,37180,0.732,1,1,1720972,1720475,497
138042541,38.8,10.48,530,37237,0.5864,1,1,1721005,1720475,530
138045461,30.96,38.096,514,37294,0.44528,1,1,1721034,1720520,514
138048381,46.192,31.6192,534,37351,0.337056,1,1,1721084,1720550,534
138051301,33.2384,50.3238,509,37408,0.219411,1,1,1721114,1720605,509
138054221,37.8477,34.8648,517,37464,0.0998822,1,1,1721153,1720636,517
138057141,26.7695,34.973,506,37520,0.0439764,0.97,1,1721177,1720671,506
138060061,52.5539,26.1946,541,37576,0.0327953,1,1,1721236,1720695,541
138062981,39.3108,63.6389,504,37632,0.110559,1,1,1721272,1720768,504
138065901,40.6622,36.7278,515,37688,0.0781118,0.94,1,1721313,1720798,515
138068821,26.5324,42.5456,494,37744,0.0876224,0.91,1,1721336,1720842,494
138071741,26.9065,30.1091,494,37800,0.0415245,0.82,1,1721363,1720869,494
138074661,54.1813,33.2218,521,37856,0.0323049,0.71,1,1721424,1720903,521
138077581,30.0363,61.8444,476,37912,0.062461,0.55,1,1721448,1720972,476
138080501,26.0073,38.7689,468,37968,0.100492,0.41,1,1721473,1721005,468
138083421,37.2014,30.9538,479,38024,0.0600984,0.31,1,1721513,1721034,479
138086341,27.4403,46.1908,454,38080,0.0520197,0.19,1,1721538,1721084,454
138089261,34.2881,33.2382,460,38135,0.114404,0.07,1,1721574,1721114,460
138092181,27.6576,37.8476,447,38190,0.0788808,0.03,1,1721600,1721153,447
138095101,52.7315,26.7695,482,38245,0.0557762,0.03,1,1721659,1721177,482
138098021,42.5463,52.5539,463,38300,0.0351552,0.13,1,1721699,1721236,463
138100941,40.5093,39.3108,467,38355,0.0790311,0.07,1,1721739,1721272,467
138103861,24.1019,40.6622,446,38410,0.0558062,0.09,1,1721759,1721313,446
138106781,25.6204,26.5324,449,38465,0.0831612,0.03,1,1721785,1721336,449
138109701,54.7241,26.9065,484,38520,0.184632,0.03,1,1721847,1721363,484
138112621,30.9448,54.1813,448,38575,0.156926,0.07,1,1721872,1721424,448
138115541,7.78896,30.0363,426,38630,0.151385,0.11,1,1721874,1721448,426
138118461,19.9578,26.0073,424,38685,0.166277,0.05,1,1721897,1721473,424
138121381,36.7916,37.2014,425,38740,0.153255,0.05,1,1721938,1721513,425
138124301,29.7583,27.4403,428,38795,0.182651,0.13,1,1721966,1721538,428
138127221,33.9517,34.2881,427,38849,0.20453,0.07,1,1722001,1721574,427
138130141,25.9903,27.6576,425,38903,0.208906,0.05,1,1722025,1721600,425
138133061,53.1981,52.7315,426,38957,0.113781,0.03,1,1722085,1721659,426
138135981,41.0396,42.5463,424,39011,0.0467562,0.09,1,1722123,1721699,424
138138901,40.2079,40.5093,424,39065,0.0333512,0.05,1,1722163,1721739,424
138141821,24.0416,24.1019,424,39119,0.0306702,0.09,1,1722183,1721759,424
138144741,26.4083,25.6204,425,39173,0.0781341,0.21,1,1722210,1721785,425
138147661,58.8817,54.7241,430,39227,0.119627,0.15,1,1722277,1721847,430
138150581,30.9763,30.9448,429,39281,0.143925,0.15,1,1722301,1721872,429
138153501,7.79527,7.78896,429,39335,0.116785,0.17,1,1722303,1721874,429
138156421,20.7591,19.9578,430,39389,0.159357,0.15,1,1722327,1721897,430
138159341,37.7518,36.7916,431,39443,0.167871,0.19,1,1722369,1721938,431
138162261,28.3504,29.7583,429,39497,0.217574,0.21,1,1722395,1721966,429
138165181,34.4701,33.9517,430,39550,0.195515,0.21,1,1722431,1722001,430
138168101,26.094,25.9903,430,39603,0.207103,0.09,1,1722455,1722025,430
138171021,48.4188,53.1981,424,39656,0.225421,0.03,1,1722509,1722085,424
138173941,38.4838,41.0396,422,39709,0.213084,0.03,1,1722545,1722123,422
138176861,40.4968,40.2079,423,39762,0.178617,0.03,1,1722586,1722163,423
138179781,24.0993,24.0416,423,39815,0.203723,0.09,1,1722606,1722183,423
138182701,28.0199,26.4083,425,39868,0.192745,0.13,1,1722635,1722210,425
138185621,60.804,58.8817,427,39921,0.238549,0.15,1,1722704,1722277,427
138188541,31.3608,30.9763,427,39974,0.21571,0.11,1,1722728,1722301,427
138191461,7.87216,7.79527,427,40027,0.211142,0.17,1,1722730,1722303,427
138194381,21.5744,20.7591,428,40080,0.226228,0.17,1,1722755,1722327,428
138197301,39.5149,4.15181,472,40133,0.245246,0.17,1,1722799,1722327,472
138200221,28.703,34.4304,456,40186,0.233049,0.23,1,1722825,1722369,456
138203141,35.3406,27.6861,467,40239,0.24661,0.19,1,1722862,1722395,467
138206061,26.2681,34.3372,455,40291,0.265322,0.21,1,1722886,1722431,455
138208981,50.0536,26.0674,487,40343,0.285064,0.23,1,1722942,1722455,487
138211901,35.6107,48.4135,465,40395,0.321013,0.21,1,1722974,1722509,465
138214821,39.9221,38.4827,470,40447,0.312203,0.17,1,1723015,1722545,470
138217741,23.9844,40.4965,449,40499,0.310441,0.21,1,1723035,1722586,449
138220661,28.7969,24.0993,459,40551,0.326088,0.19,1,1723065,1722606,459
138223581,61.7594,28.0199,500,40603,0.361218,0.25,1,1723135,1722635,500
138226501,31.5519,60.804,455,40655,0.368244,0.21,1,1723159,1722704,455
138229421,7.91037,31.3608,433,40707,0.369649,0.21,1,1723161,1722728,433
138232341,22.3821,7.87216,457,40759,0.38593,0.23,1,1723187,1722730,457
138235261,38.8764,21.5744,475,40811,0.389186,0.25,1,1723230,1722755,475
138238181,29.3753,39.5149,458,40863,0.373837,0.23,1,1723257,1722799,458
138241101,36.2751,28.703,470,40915,0.434767,0.25,1,1723295,1722825,470
138244021,27.255,35.3406,458,40967,0.446953,0.27,1,1723320,1722862,458
138246941,52.651,26.2681,493,41019,0.481391,0.29,1,1723379,1722886,493
138249861,36.1302,50.0536,469,41070,0.504278,0.33,1,1723411,1722942,469
138252781,39.226,35.6107,477,41121,0.524856,0.31,1,1723451,1722974,477
138255701,23.8452,39.9221,456,41172,0.528971,0.31,1,1723471,1723015,456
138258621,29.569,23.9844,467,41223,0.513794,0.33,1,1723502,1723035,467
138261541,63.5138,28.7969,509,41274,0.494759,0.37,1,1723574,1723065,509
138264461,32.7028,61.7594,464,41325,0.522952,0.37,1,1723599,1723135,464
138267381,8.14055,31.5519,442,41376,0.52859,0.37,1,1723601,1723159,442
138270301,22.4281,7.91037,466,41427,0.529718,0.39,1,1723627,1723161,466
138273221,38.8856,22.3821,483,41478,0.529944,0.39,1,1723670,1723187,483
138276141,28.5771,38.8764,466,41529,0.529989,0.37,1,1723696,1723230,466
138279061,7.31542,29.3753,441,41580,0.529998,0.45,1,1723698,1723257,441
138281981,34.2631,36.2751,444,41631,0.594,0.45,1,1723739,1723295,444
138284901,27.6526,27.255,445,41682,0.6068,0.49,1,1723765,1723320,445
138287821,54.3305,52.651,447,41733,0.65736,0.51,1,1723826,1723379,447
138290741,37.2661,36.1302,448,41784,0.667472,0.53,1,1723859,1723411,448
138293661,39.4532,39.226,448,41835,0.653494,0.53,1,1723899,1723451,448
138296581,23.8906,23.8452,448,41885,0.650699,0.51,1,1723919,1723471,448
138299501,29.5781,29.569,448,41935,0.66614,0.49,1,1723950,1723502,448
138302421,62.7156,63.5138,447,41985,0.701228,0.53,1,1724021,1723574,447
138305341,33.3431,32.7028,448,42035,0.692246,0.53,1,1724047,1723599,448
138308261,8.26862,8.14055,448,42085,0.722449,0.53,1,1724049,1723601,448
138311181,22.4537,22.4281,448,42135,0.72849,0.53,1,1724075,1723627,448
138314101,38.8907,38.8856,448,42185,0.745698,0.53,1,1724118,1723670,448
138317021,29.3781,28.5771,449,42235,0.78114,0.53,2,1724145,1723696,449
138319941,7.47563,7.31542,449,42285,0.788228,0.61,2,1724147,1723698,449
138322861,36.6951,34.2631,452,42335,0.837646,0.61,2,1724191,1723739,452
138325781,28.139,27.6526,452,42385,0.831529,0.67,2,1724217,1723765,452
138328701,55.2278,54.3305,453,42435,0.926306,0.67,2,1724279,1723826,453
138527261,25,36,484,45691,0.79,1,2,1726527,1726043,484
138530181,34.6,32.8,489,45737,0.662,1,1,1726564,1726075,489
138533101,26.92,28.16,487,45783,0.5884,1,1,1726589,1726102,487
138536021,25.384,20.032,494,45829,0.50968,1,1,1726614,1726120,494
138538941,31.4768,8.8064,521,45875,0.397936,1,1,1726647,1726126,521
138541861,18.2954,44.1613,483,45921,0.407587,1,1,1726662,1726179,483
138544781,38.8591,8.83226,527,45967,0.281517,1,1,1726706,1726179,527
138547701,36.5718,42.5665,512,46013,0.272303,1,1,1726742,1726230,512
138550621,33.7144,34.1133,513,46059,0.206461,1,1,1726775,1726262,513
138553541,34.7429,32.4227,516,46105,0.161292,0.89,1,1726810,1726294,516
138556461,38.9486,38.4845,516,46151,0.200258,0.92,1,1726850,1726334,516
138559381,37.3897,42.0969,510,46197,0.224052,1,1,1726887,1726377,510
138562301,25.8779,42.8194,490,46243,0.19681,0.89,1,1726910,1726420,490
138565221,21.9756,30.1639,484,46289,0.191362,0.72,1,1726931,1726447,484
138568141,26.7951,25.2328,488,46335,0.190272,0.67,1,1726959,1726471,488
138571061,21.359,29.8466,477,46381,0.222054,0.79,1,1726979,1726502,477
138573981,27.4718,25.9693,481,46426,0.212411,0.63,1,1727008,1726527,481
138576901,27.0944,34.7939,471,46471,0.242482,0.57,1,1727035,1726564,471
138579821,23.0189,26.9588,468,46516,0.248496,0.49,1,1727057,1726589,468
138582741,28.6038,25.3918,473,46561,0.233699,0.37,1,1727087,1726614,473
138585661,16.9208,31.4784,454,46606,0.23074,0.41,1,1727101,1726647,454
138588581,31.3842,18.2957,474,46651,0.230148,0.25,1,1727136,1726662,474
138591501,36.6768,38.8591,468,46696,0.26203,0.27,1,1727174,1726706,468
138594421,31.3354,36.5718,462,46741,0.284406,0.19,1,1727204,1726742,462
138597341,31.8671,33.7144,461,46786,0.304881,0.15,1,1727236,1726775,461
138600261,42.3734,34.7429,471,46831,0.356976,0.21,1,1727281,1726810,471
138603181,36.4747,38.9486,466,46876,0.399395,0.23,1,1727316,1726850,466
138606101,26.4949,37.3897,453,46921,0.407879,0.19,1,1727340,1726887,453
138609021,21.299,25.8779,450,46966,0.425576,0.19,1,1727360,1726910,450
138611941,28.2598,21.9756,459,47011,0.429115,0.19,1,1727390,1726931,459
138614861,22.452,26.7951,452,47056,0.413823,0.23,1,1727411,1726959,452
138617781,26.8904,21.359,460,47101,0.426765,0.21,1,1727439,1726979,460
138620701,27.7781,27.4718,459,47146,0.429353,0.25,1,1727467,1727008,459
138623621,23.9556,27.0944,455,47191,0.445871,0.25,1,1727490,1727035,455
138626541,27.9911,23.0189,462,47236,0.433174,0.23,1,1727519,1727057,462
138629461,17.5982,28.6038,447,47281,0.446635,0.23,1,1727534,1727087,447
138632381,32.3196,16.9208,469,47326,0.417327,0.23,1,1727570,1727101,469
138635301,35.2639,31.3842,470,47371,0.411465,0.27,1,1727606,1727136,470
138638221,8.65279,36.6768,434,47415,0.410293,0.29,1,1727608,1727174,434
138641141,28.1306,31.3354,437,47459,0.426059,0.31,1,1727641,1727204,437
138644061,31.2261,31.8671,437,47503,0.445212,0.37,1,1727673,1727236,437
138646981,45.4452,42.3734,441,47547,0.481042,0.41,1,1727722,1727281,441
138649901,37.889,36.4747,442,47591,0.504208,0.41,1,1727758,1727316,442
138652821,25.9778,26.4949,441,47635,0.556842,0.43,1,1727781,1727340,441
138655741,22.7956,21.299,443,47679,0.535368,0.43,1,1727803,1727360,443
138658661,26.9591,28.2598,441,47723,0.531074,0.41,1,1727831,1727390,441
138661581,23.7918,22.452,443,47767,0.562215,0.43,1,1727854,1727411,443
138664501,27.1584,26.8904,443,47811,0.552443,0.43,1,1727882,1727439,443
138667421,27.8317,27.7781,443,47855,0.582489,0.45,1,1727910,1727467,443
138670341,24.7663,23.9556,444,47899,0.556498,0.43,1,1727934,1727490,444
138673261,27.3533,27.9911,443,47943,0.5993,0.45,1,1727962,1727519,443
138676181,16.6707,17.5982,442,47987,0.59186,0.41,1,1727976,1727534,442
138679101,32.1341,32.3196,442,48031,0.654372,0.41,1,1728012,1727570,442
138682021,35.2268,35.2639,442,48075,0.634874,0.41,1,1728048,1727606,442
138684941,8.64537,8.65279,442,48119,0.662975,0.43,1,1728050,1727608,442
138687861,27.3291,28.1306,441,48163,0.636595,0.45,1,1728082,1727641,441
138690781,31.8658,31.2261,442,48207,0.663319,0.49,1,1728115,1727673,442
138693701,48.7732,45.4452,446,48251,0.716664,0.51,1,1728168,1727722,446
138696621,40.1546,37.889,448,48295,0.791333,0.57,2,1728206,1727758,448
138699541,26.4309,25.9778,448,48339,0.822267,0.53,2,1728229,1727781,448
138702461,22.8862,22.7956,448,48383,0.796453,0.53,2,1728251,1727803,448
138705381,26.9772,26.9591,448,48427,0.791291,0.57,2,1728279,1727831,448
138708301,23.7954,23.7918,448,48471,0.774258,0.55,2,1728302,1727854,448
138711221,27.9591,27.1584,449,48514,0.802852,0.59,2,1728331,1727882,449
138714141,27.9918,27.8317,449,48557,0.77657,0.55,2,1728359,1727910,449
138717061,24.7984,24.7663,449,48600,0.771314,0.61,2,1728383,1727934,449
138719981,28.9597,27.3533,451,48643,0.786263,0.59,2,1728413,1727962,451
138722901,16.9919,16.6707,451,48686,0.789253,0.67,2,1728427,1727976,451
138725821,33.7984,32.1341,453,48729,0.821851,0.63,2,1728465,1728012,453
138728741,35.5597,35.2268,453,48772,0.82837,0.67,2,1728501,1728048,453
138731661,8.71194,8.64537,453,48815,0.829674,0.63,2,1728503,1728050,453
138734581,27.3424,27.3291,453,48858,0.829935,0.63,2,1728535,1728082,453
138737501,31.0685,5.46581,485,48901,0.829987,0.67,2,1728567,1728082,485
138740421,52.6137,27.4932,510,48944,0.797997,0.73,2,1728625,1728115,510
138743341,42.5227,47.8986,497,48987,0.823599,0.81,2,1728665,1728168,497
138746261,27.7045,39.9797,483,49030,0.82872,0.83,2,1728689,1728206,483
138749181,23.1409,26.3959,482,49073,0.861744,0.79,2,1728711,1728229,482
138752101,27.0282,22.8792,488,49116,0.868349,0.79,2,1728739,1728251,488
138755021,23.0056,26.9758,482,49159,0.86967,0.77,2,1728761,1728279,482
138757941,27.8011,23.7952,488,49202,0.885934,0.81,2,1728790,1728302,488
138760861,27.9602,27.959,487,49245,0.905187,0.77,2,1728818,1728331,487
138763781,25.592,27.9918,484,49288,0.925037,0.77,2,1728843,1728359,484
138766701,29.1184,24.7984,490,49331,0.945008,0.79,2,1728873,1728383,490
138769621,17.0237,28.9597,474,49374,0.949001,0.79,2,1728887,1728413,474
138938981,26,26,505,51790,0.83,1,2,1730593,1730088,505
138941901,33.2,5.2,540,51831,0.798,1,2,1730628,1730088,540
138943361,31.44,21.84,545,51872,0.7756,1,2,1730659,1730114,545
138997381,390.288,461.968,453,23360,0.19512,0.57,1,1731139,1730686,453
139000301,113.258,129.194,451,24178,0.063024,0.61,1,1731183,1730732,451
139003221,81.8515,51.4387,493,24266,0.0686048,0.37,1,1731257,1730764,493
139006141,67.5703,84.6877,464,24353,0.085721,0.23,1,1731321,1730857,464
139009061,50.3141,54.5376,463,24440,0.121144,0.15,1,1731367,1730904,463
139011981,58.0628,66.1075,454,24527,0.160229,0.01,1,1731427,1730973,454
139014901,74.0126,61.2215,472,24613,0.0880458,0.01,1,1731505,1731033,472
139017821,38.0025,75.4443,422,24699,0.0576092,0.01,1,1731534,1731112,422
139020741,30.8005,27.8889,435,24785,0.0355218,0.03,1,1731563,1731128,435
139023661,39.7601,49.5778,422,24871,0.0791044,0.07,1,1731605,1731183,422
139026581,69.552,69.1156,425,24956,0.0718209,0.09,1,1731682,1731257,425
139029501,65.9104,65.0231,426,25041,0.0863642,0.13,1,1731747,1731321,426
139032421,51.5821,49.8046,428,25126,0.0892728,0.17,1,1731795,1731367,428
139035341,59.9164,57.9609,430,25210,0.105855,0.07,1,1731857,1731427,430
139038261,70.3833,73.9922,425,25294,0.173171,0.05,1,1731930,1731505,425
139041181,36.4767,37.9984,424,25378,0.186634,0.03,1,1731958,1731534,424
139044101,29.6953,30.7997,423,25461,0.157327,0.03,1,1731986,1731563,423
139047021,39.5391,6.15994,465,25544,0.199465,0.09,1,1732028,1731563,465
139049941,70.3078,34.832,501,25627,0.207893,0.07,1,1732106,1731605,501
139052861,65.2616,68.5664,488,25710,0.225579,0.09,1,1732170,1731682,488
139055781,51.4523,65.7133,471,25792,0.293116,0.09,1,1732218,1731747,471
139058701,63.0905,51.5427,489,25874,0.274623,0.11,1,1732284,1731795,489
139061621,71.8181,59.9085,501,25956,0.286925,0.19,1,1732358,1731857,501
139064541,36.7636,70.3817,456,26038,0.289385,0.19,1,1732386,1731930,456
139067461,29.7527,36.4763,456,26119,0.289877,0.15,1,1732414,1731958,456
139070381,41.9505,29.6953,473,26200,0.289975,0.21,1,1732459,1731986,473
139073301,71.5901,39.5391,510,26281,0.385995,0.21,1,1732538,1732028,510
139076221,67.118,70.3078,498,26362,0.437199,0.23,1,1732604,1732106,498
139079141,53.4236,65.2616,484,26442,0.47944,0.31,1,1732654,1732170,484
139082061,60.2847,51.4523,498,26522,0.487888,0.27,1,1732716,1732218,498
139084981,73.6569,63.0905,509,26602,0.553578,0.29,1,1732793,1732284,509
139087901,37.1314,71.8181,463,26682,0.598716,0.29,1,1732821,1732358,463
139090821,29.8263,36.7636,463,26761,0.607743,0.29,1,1732849,1732386,463
139093741,42.7653,29.7527,481,26840,0.593549,0.29,1,1732895,1732414,481
139096661,10.1531,41.9505,438,26919,0.62271,0.41,1,1732897,1732459,438
139099581,68.4306,71.5901,442,26998,0.596542,0.45,1,1732980,1732538,442
139102501,68.0861,67.118,444,27076,0.639308,0.49,1,1733048,1732604,444
139105421,55.2172,53.4236,446,27154,0.679862,0.49,1,1733100,1732654,446
139108341,60.6434,60.2847,446,27232,0.687972,0.57,1,1733162,1732716,446
139111261,76.9287,73.6569,450,27310,0.769594,0.61,2,1733243,1732793,450
139114181,39.3857,37.1314,452,27388,0.753919,0.61,2,1733273,1732821,452
139117101,31.0771,29.8263,453,27465,0.766784,0.59,2,1733302,1732849,453
139120021,41.4154,42.7653,451,27542,0.801357,0.63,2,1733346,1732895,451
139122941,9.88309,10.1531,451,27619,0.776271,0.59,2,1733348,1732897,451
139125861,68.3766,68.4306,451,27696,0.819254,0.65,2,1733431,1732980,451
139128781,71.2753,68.0861,455,27772,0.907851,0.69,2,1733503,1733048,455
139131701,56.6551,55.2172,456,27848,0.92557,0.69,2,1733556,1733100,456
139134621,60.931,60.6434,456,27924,0.897114,0.79,2,1733618,1733162,456
139137541,79.3862,76.9287,459,28000,0.907423,0.75,2,1733702,1733243,459
139140461,39.8772,39.3857,459,28076,0.941485,0.77,2,1733732,1733273,459
139143381,31.9754,31.0771,460,28151,0.916297,0.81,2,1733762,1733302,460
139254341,32,32,494,30879,0.83,1,2,1735677,1735183,494
139257261,47.2,50.4,490,30948,0.782,1,2,1735728,1735238,490
139260181,32.64,33.28,490,31016,0.7404,1,1,1735757,1735267,490
139263101,30.528,46.656,470,31084,0.68408,1,1,1735787,1735317,470
139266021,76.5056,67.7312,485,31152,0.656816,0.91,1,1735875,1735390,485
139268941,57.7011,64.7462,474,31220,0.539363,0.98,1,1735928,1735454,474
139271861,36.3402,36.9492,475,31288,0.483873,0.98,1,1735959,1735484,475
139274781,39.268,7.38985,515,31356,0.472775,1,1,1735999,1735484,515
139277701,71.8536,38.278,549,31423,0.406555,0.91,1,1736079,1735530,549
139280621,38.3707,71.6556,499,31490,0.393311,0.8,1,1736109,1735610,499
139283541,33.2741,42.3311,496,31557,0.358662,0.83,1,1736141,1735645,496
139286461,41.0548,34.0662,507,31624,0.383732,0.77,1,1736184,1735677,507
139289381,31.411,47.6132,485,31691,0.420747,0.73,1,1736213,1735728,485
139292301,27.8822,32.7226,483,31758,0.412149,0.67,1,1736240,1735757,483
139295221,72.7764,30.5445,537,31825,0.37843,0.65,1,1736324,1735787,537
139298141,53.7553,76.5089,498,31891,0.355686,0.51,1,1736373,1735875,498
139301061,34.7511,57.7018,475,31957,0.319137,0.47,1,1736403,1735928,475
139303981,38.9502,36.3404,484,32023,0.359827,0.47,1,1736443,1735959,484
139306901,68.59,39.2681,520,32089,0.415965,0.39,1,1736519,1735999,520
139309821,36.118,71.8536,468,32155,0.459193,0.39,1,1736547,1736079,468
139312741,32.8236,38.3707,470,32221,0.499839,0.35,1,1736579,1736109,470
139315661,43.3647,33.2741,484,32287,0.507968,0.39,1,1736625,1736141,484
139318581,29.4729,41.0548,467,32353,0.541594,0.43,1,1736651,1736184,467
139321501,29.8946,31.411,468,32418,0.548319,0.41,1,1736681,1736213,468
139324421,71.5789,27.8822,523,32483,0.581664,0.37,1,1736763,1736240,523
139327341,52.7158,72.7764,487,32548,0.636333,0.35,1,1736811,1736324,487
139330261,32.9432,53.7553,466,32613,0.663267,0.31,1,1736839,1736373,466
139333181,43.3886,34.7511,482,32678,0.636653,0.37,1,1736885,1736403,482
139336101,70.2777,38.9502,519,32743,0.663331,0.43,1,1736962,1736443,519
139339021,15.6555,68.59,445,32808,0.668666,0.47,1,1736964,1736519,445
139341941,25.5311,36.118,445,32872,0.685733,0.51,1,1736992,1736547,445
139344861,32.3062,32.8236,447,32936,0.689147,0.51,1,1737026,1736579,447
139347781,44.8612,43.3647,449,33000,0.769829,0.55,2,1737074,1736625,449
139350701,29.7722,29.4729,449,33064,0.769966,0.55,2,1737100,1736651,449
139353621,29.9544,29.8946,449,33128,0.817993,0.59,2,1737130,1736681,449
139356541,73.9909,71.5789,452,33192,0.795599,0.65,2,1737215,1736763,452
139359461,54.7982,52.7158,454,33256,0.82312,0.67,2,1737265,1736811,454
139362381,34.1596,32.9432,455,33320,0.876624,0.63,2,1737294,1736839,455
139365301,42.0319,43.3886,453,33383,0.887325,0.67,2,1737338,1736885,453
139368221,71.6064,70.2777,455,33446,0.889465,0.67,2,1737417,1736962,455
139371141,15.9213,15.6555,455,33509,0.889893,0.69,2,1737419,1736964,455
139374061,26.3843,25.5311,456,33572,0.905979,0.69,2,1737448,1736992,456
139376981,32.4769,32.3062,456,33635,0.925196,0.79,2,1737482,1737026,456
139553641,58,100,466,16323,0.05,0.01,1,1740145,1739679,466
139556561,128.4,144,457,16453,0.034,0.01,1,1740291,1739834,457
139559481,60.08,78.4,438,16582,0.0148,0.03,1,1740334,1739896,438
139562401,25.616,30.08,437,16710,0.02696,0.05,1,1740351,1739914,437
139565321,133.123,30.016,567,16837,0.045392,0.09,1,1740511,1739944,567
139568241,71.4246,120.403,480,16963,0.0810784,0.05,1,1740567,1740087,480
139571161,130.285,70.4806,567,17088,0.0242157,0.03,1,1740712,1740145,567
139574081,62.057,130.896,466,17212,0.00484314,0.01,1,1740757,1740291,466
139577001,25.2114,60.5792,439,17335,0.0249686,0.03,1,1740773,1740334,439
139579921,135.442,25.7158,585,17457,0.124994,0.05,1,1740936,1740351,585
139582841,71.8885,133.143,481,17579,0.192999,0.09,1,1740992,1740511,481
139585761,128.778,71.4286,568,17700,0.1586,0.01,1,1741135,1740567,568
139588681,60.9555,130.286,467,17820,0.15172,0,1,1741179,1740712,467
139591601,24.9911,62.0571,438,17939,0.118344,0.03,1,1741195,1740757,438
139594521,140.998,25.2114,592,18057,0.0956688,0.15,1,1741365,1740773,592
139597441,29.7996,135.442,431,18175,0.0911338,0.21,1,1741367,1740936,431
139600361,51.5599,71.8885,432,18292,0.154227,0.15,1,1741424,1740992,432
139603281,123.912,128.778,431,18408,0.134845,0.15,1,1741566,1741135,431
139606201,56.7824,60.9555,427,18523,0.210969,0.11,1,1741606,1741179,427
139609121,24.1565,24.9911,427,18638,0.226194,0.09,1,1741622,1741195,427
139612041,140.031,140.998,426,18752,0.149239,0.09,1,1741791,1741365,426
139614961,29.6063,29.7996,426,18865,0.149848,0.17,1,1741793,1741367,426
139617881,53.1213,51.5599,428,18977,0.22997,0.13,1,1741852,1741424,428
139620801,124.224,123.912,428,19089,0.229994,0.23,1,1741994,1741566,428
139623721,59.2448,56.7824,431,19200,0.213999,0.23,1,1742037,1741606,431
139626641,25.449,24.1565,432,19311,0.2268,0.13,1,1742054,1741622,432
139629561,137.89,140.031,429,19421,0.22936,0.15,1,1742220,1741791,429
139632481,29.178,29.6063,429,19530,0.229872,0.25,1,1742222,1741793,429
139635401,55.4356,53.1213,432,19639,0.229974,0.25,1,1742284,1741852,432
139638321,124.687,10.6242,574,19747,0.277995,0.23,1,1742426,1741852,574
139641241,58.5374,115.725,474,19854,0.319599,0.21,1,1742468,1741994,474
139644161,24.5075,57.545,447,19961,0.32792,0.23,1,1742484,1742037,447
139647081,137.701,25.109,596,20067,0.393584,0.23,1,1742650,1742054,596
139650001,29.1403,137.822,432,20173,0.406717,0.23,1,1742652,1742220,432
139652921,57.0281,29.1644,494,20278,0.425343,0.23,1,1742716,1742222,494
139655841,127.406,55.4329,577,20383,0.525069,0.29,1,1742861,1742284,577
139658761,60.6811,124.687,479,20487,0.593014,0.33,1,1742905,1742426,479
139661681,24.9362,58.5373,453,20591,0.606603,0.33,1,1742921,1742468,453
139664601,140.987,24.5075,607,20694,0.689321,0.41,1,1743091,1742484,607
139667521,29.7974,137.701,443,20797,0.705864,0.41,1,1743093,1742650,443
139670441,57.9595,29.1403,506,20899,0.725173,0.43,1,1743158,1742652,506
139673361,132.392,57.0281,593,21000,0.825035,0.55,2,1743309,1742716,593
139676281,28.0784,127.406,450,21101,0.845007,0.61,2,1743311,1742861,450
139679201,42.4157,60.6811,452,21202,0.849001,0.61,2,1743357,1742905,452
139682121,21.2831,24.9362,452,21302,0.8498,0.71,2,1743373,1742921,452
139685041,144.257,140.987,457,21402,0.89796,0.71,2,1743548,1743091,457
139687961,30.4513,29.7974,457,21501,0.907592,0.73,2,1743550,1743093,457
139784321,34,27,497,24547,0.37,1,1,1745739,1745242,497
139787241,28.4,24.6,500,24633,0.354,1,1,1745766,1745266,500
139790161,28.88,28.12,500,24719,0.2868,1,1,1745795,1745295,500
139793081,97.776,117.624,475,24805,0.08136,1,1,1745910,1745435,475
139796001,45.9552,49.9248,475,24890,0.016272,0.97,1,1745943,1745468,475
139798921,37.991,45.185,467,24975,0.0272544,0.49,1,1745979,1745512,467
139801841,118.798,135.437,448,25060,0.0134509,0.51,1,1746118,1745670,448
139804761,48.5596,55.0874,444,25145,0.0426902,0.37,1,1746149,1745705,444
139807681,29.7119,38.2175,435,25229,0.032538,0.35,1,1746174,1745739,435
139810601,23.5424,29.2435,430,25313,0.0305076,0.27,1,1746196,1745766,430
139813521,27.9085,29.0487,430,25397,0.0781015,0.03,1,1746225,1745795,430
139816441,91.1817,97.8097,422,25480,0.0556203,0.03,1,1746332,1745910,422
139819361,43.8363,19.5619,454,25563,0.0351241,0,1,1746364,1745910,454
139822281,38.3673,30.3124,458,25646,0.0310248,0.03,1,1746401,1745943,458
139825201,118.073,34.8625,560,25729,0.046205,0.01,1,1746539,1745979,560
139828121,50.0147,118.172,454,25811,0.049241,0.05,1,1746572,1746118,454
139831041,29.2029,48.4345,447,25893,0.0178482,0.03,1,1746596,1746149,447
139833961,24.2406,29.6869,445,25975,0.0595696,0.03,1,1746619,1746174,445
139836881,26.4481,23.5374,450,26057,0.0999139,0.09,1,1746646,1746196,450
139839801,92.4896,27.9075,530,26138,0.0919828,0.05,1,1746755,1746225,530
139842721,42.4979,91.1815,453,26219,0.0583966,0.03,1,1746785,1746332,453
139845641,38.8996,43.8363,459,26300,0.0516793,0.03,1,1746823,1746364,459
139848561,119.78,38.3673,562,26381,0.0183359,0.05,1,1746963,1746401,562
139851481,49.556,118.073,456,26461,0.0756672,0.05,1,1746995,1746539,456
139854401,29.1112,50.0147,447,26541,0.0551334,0.01,1,1747019,1746572,447
139857321,25.0222,29.2029,447,26621,0.0350267,0.07,1,1747043,1746596,447
139860241,26.6044,24.2406,451,26701,0.0630053,0.11,1,1747070,1746619,451
139863161,93.3209,26.4481,534,26780,0.116601,0.09,1,1747180,1746646,534
139866081,41.8642,92.4896,454,26859,0.15932,0.05,1,1747209,1746755,454
139869001,9.97284,42.4979,426,26938,0.135864,0.05,1,1747211,1746785,426
139871921,29.9946,38.8996,423,27017,0.147173,0.01,1,1747246,1746823,423
139874841,118.799,119.78,424,27095,0.149435,0.09,1,1747387,1746963,424
139877761,50.9598,49.556,426,27173,0.101887,0.05,1,1747421,1746995,426
139880681,26.992,29.1112,423,27251,0.108377,0.03,1,1747442,1747019,423
139883601,24.5984,25.0222,423,27329,0.0776755,0.07,1,1747466,1747043,423
139886521,28.1197,26.6044,425,27406,0.119535,0.13,1,1747495,1747070,425
139889441,96.8239,93.3209,429,27483,0.207907,0.17,1,1747609,1747180,429
139892361,41.7648,41.8642,428,27560,0.225581,0.13,1,1747637,1747209,428
139895281,9.95296,9.97284,428,27637,0.197116,0.15,1,1747639,1747211,428
139898201,29.9906,29.9946,428,27714,0.207423,0.15,1,1747674,1747246,428
139901121,117.998,118.799,427,27790,0.225485,0.09,1,1747814,1747387,427
139904041,49.9996,50.9598,426,27866,0.277097,0.11,1,1747847,1747421,426
139906961,25.9999,26.992,425,27942,0.287419,0.07,1,1747867,1747442,425
139909881,24.4,24.5984,425,28018,0.257484,0.13,1,1747891,1747466,425
139912801,28.88,28.1197,426,28094,0.299497,0.23,1,1747921,1747495,426
139915721,100.976,96.8239,431,28169,0.275899,0.23,1,1748040,1747609,431
139918641,42.5952,41.7648,431,28244,0.23918,0.19,1,1748068,1747637,431
139921561,10.119,9.95296,431,28319,0.263836,0.21,1,1748070,1747639,431
139924481,30.0238,29.9906,431,28394,0.252767,0.21,1,1748105,1747674,431
139927401,118.805,5.99812,572,28469,0.346553,0.23,1,1748246,1747674,572
139930321,50.961,113.2,466,28543,0.365311,0.29,1,1748280,1747814,466
139933241,26.1922,49.0399,453,28617,0.385062,0.29,1,1748300,1747847,453
139936161,24.4384,25.808,457,28691,0.389012,0.25,1,1748324,1747867,457
139939081,29.6877,24.3616,464,28765,0.421802,0.31,1,1748355,1747891,464
139942001,99.5375,28.8723,551,28839,0.41236,0.27,1,1748472,1747921,551
139944921,42.3075,100.974,460,28912,0.426472,0.23,1,1748500,1748040,460
139947841,10.0615,42.5949,434,28985,0.429294,0.27,1,1748502,1748068,434
139950761,30.8123,10.119,468,29058,0.445859,0.25,1,1748538,1748070,468
139953681,123.762,30.0238,580,29131,0.577172,0.37,1,1748685,1748105,580
139956601,52.7525,118.805,474,29204,0.603434,0.37,1,1748720,1748246,474
139959521,26.5505,50.961,460,29276,0.640687,0.39,1,1748740,1748280,460
139962441,24.5101,26.1922,464,29348,0.648137,0.39,1,1748764,1748300,464
139965361,31.302,24.4384,473,29420,0.633627,0.43,1,1748797,1748324,473
139968281,99.0604,29.6877,558,29492,0.694726,0.41,1,1748913,1748355,558
139971201,43.0121,99.5375,470,29564,0.722945,0.43,1,1748942,1748472,470
139974121,10.2024,42.3075,444,29636,0.728589,0.43,1,1748944,1748500,444
139977041,32.4405,10.0615,480,29707,0.777718,0.45,2,1748982,1748502,480
139979961,129.688,30.8123,598,29778,0.787544,0.61,2,1749136,1748538,598
139982881,27.5376,123.762,453,29849,0.789509,0.61,2,1749138,1748685,453
139985801,34.3075,52.7525,454,29920,0.853902,0.65,2,1749174,1748720,454
139988721,22.8615,26.5505,454,29991,0.86678,0.65,2,1749194,1748740,454
139991641,23.7723,24.5101,454,30062,0.869356,0.63,2,1749218,1748764,454
139994561,30.3545,31.302,453,30132,0.869871,0.71,2,1749250,1748797,453
139997481,102.071,99.0604,457,30202,0.885974,0.73,2,1749370,1748913,457
140149321,180,202,504,14890,0.57,0.79,1,1751997,1751493,504
140152241,98.4,106.8,499,15033,0.586,0.81,1,1752075,1751576,499
140155161,45.28,66.16,475,15174,0.5892,0.83,1,1752107,1751632,475
140158081,36.256,41.232,474,15314,0.58984,0.57,1,1752141,1751667,474
140161001,106.451,128.246,448,15453,0.669968,0.57,1,1752265,1751817,448
140163921,165.29,169.649,448,15590,0.765994,0.59,2,1752445,1751997,448
140166841,97.858,96.3299,451,15726,0.833199,0.59,2,1752526,1752075,451
140169761,45.1716,44.866,451,15861,0.87864,0.59,2,1752558,1752107,451
140172681,36.2343,36.1732,451,15995,0.887728,0.69,2,1752592,1752141,451
140251521,41,49,481,19260,0.57,1,1,1754974,1754493,481
140254441,117,113.8,487,19370,0.114,0.95,1,1755110,1754623,487
140257361,57,49.16,496,19480,0.0228,1,1,1755152,1754656,496
140260281,132.2,140.232,484,19589,0.02856,1,1,1755303,1754819,484
140263201,67.24,28.0464,535,19697,0.029712,0.88,1,1755354,1754819,535
140266121,38.248,66.4093,490,19805,0.0139424,0.77,1,1755385,1754895,490
140269041,36.4496,43.6819,488,19912,0.0427885,0.57,1,1755421,1754933,488
140271961,95.2899,41.5364,557,20019,0.0645577,0,1,1755531,1754974,557
140274881,52.658,117.107,463,20125,0.0129115,0,1,1755573,1755110,463
140277801,132.132,57.0215,573,20230,0.0425823,0.03,1,1755725,1755152,573
140280721,68.0263,132.204,474,20335,0.112516,0.03,1,1755777,1755303,474
140283641,37.6053,67.2409,453,20439,0.0625033,0.01,1,1755807,1755354,453
140286561,37.1211,38.2482,459,20543,0.0525007,0.05,1,1755844,1755385,459
140289481,93.8242,36.4496,531,20646,0.0665001,0.07,1,1755952,1755421,531
140292401,53.1648,95.2899,464,20749,0.0133,0,1,1755995,1755531,464
140295321,132.233,52.658,574,20851,0.01066,0.05,1,1756147,1755573,574
140298241,70.4466,132.132,477,20953,0.058132,0.13,1,1756202,1755725,477
140301161,34.8893,68.0263,451,21054,0.0676264,0.05,1,1756228,1755777,451
140304081,8.57786,37.6053,423,21155,0.0695253,0.05,1,1756230,1755807,423
140307001,31.3156,37.1211,423,21255,0.117905,0.07,1,1756267,1755844,423
140309921,91.8631,93.8242,422,21355,0.159581,0,1,1756374,1755952,422
140312841,52.7726,53.1648,422,21454,0.0319162,0.01,1,1756417,1755995,422
140315761,132.155,132.233,422,21553,0.0463832,0.07,1,1756569,1756147,422
140318681,72.8309,70.4466,425,21651,0.0332766,0.07,1,1756627,1756202,425
140321601,36.9662,34.8893,427,21749,0.0786553,0.07,1,1756655,1756228,427
140324521,8.99324,8.57786,427,21847,0.0877311,0.13,1,1756657,1756230,427
140327441,30.5986,31.3156,426,21944,0.0895462,0.17,1,1756693,1756267,426
140330361,94.1197,91.8631,429,22041,0.105909,0,1,1756803,1756374,429
140333281,47.6239,52.7726,422,22137,0.109182,0.05,1,1756839,1756417,422
140336201,131.125,132.155,422,22233,0.0618364,0.03,1,1756991,1756569,422
140339121,74.225,72.8309,424,22328,0.0363673,0.09,1,1757051,1756627,424
140342041,37.245,36.9662,424,22423,0.0152735,0.09,1,1757079,1756655,424
140344961,9.049,8.99324,424,22518,0.0110547,0.09,1,1757081,1756657,424
140347881,31.4098,1.79865,461,22612,0.0742109,0.09,1,1757118,1756657,461
140350801,95.082,29.1597,536,22706,0.102842,0.11,1,1757229,1756693,536
140353721,44.6164,93.8319,458,22799,0.140568,0.11,1,1757261,1756803,458
140356641,129.723,47.5664,573,22892,0.0521137,0.05,1,1757412,1756839,573
140359561,73.9447,131.113,481,22985,0.0664227,0.03,1,1757472,1756991,481
140362481,37.1889,74.2227,449,23077,0.0372845,0.01,1,1757500,1757051,449
140365401,9.03779,37.2445,423,23169,0.0314569,0.01,1,1757502,1757079,423
140368321,35.4076,9.04891,463,23261,0.00629138,0.09,1,1757544,1757081,463
140371241,95.8815,31.4098,537,23352,0.0892583,0.11,1,1757655,1757118,537
140374161,46.3763,95.082,460,23443,0.137852,0.15,1,1757689,1757229,460
140377081,125.275,44.6164,573,23533,0.11557,0.03,1,1757834,1757261,573
140380001,73.0551,129.723,482,23623,0.0951141,0.07,1,1757894,1757412,482
140382921,37.011,73.9447,450,23713,0.0910228,0.03,1,1757922,1757472,450
140385841,9.0022,37.1889,424,23802,0.0902046,0.03,1,1757924,1757500,424
140388761,35.4004,9.03779,464,23891,0.0580409,0,1,1757966,1757502,464
140391681,99.0801,35.4076,537,23980,0.115608,0.11,1,1758081,1757544,537
140394601,21.416,95.8815,428,24068,0.127122,0.15,1,1758083,1757655,428
140397521,32.2832,46.3763,429,24156,0.193424,0.11,1,1758118,1757689,429
140400441,120.857,125.275,427,24244,0.254685,0.09,1,1758261,1757834,427
140403361,71.3713,73.0551,426,24331,0.266937,0.09,1,1758320,1757894,426
140406281,36.6743,37.011,426,24418,0.317387,0.09,1,1758348,1757922,426
140409201,8.93485,9.0022,426,24505,0.327477,0.05,1,1758350,1757924,426
140412121,32.987,35.4004,423,24591,0.313496,0.13,1,1758389,1757966,423
140415041,102.597,99.0801,428,24677,0.342699,0.13,1,1758509,1758081,428
140417961,22.1195,21.416,428,24763,0.38054,0.21,1,1758511,1758083,428
140420881,34.0239,32.2832,430,24849,0.420108,0.27,1,1758548,1758118,430
140423801,125.205,120.857,435,24934,0.476022,0.27,1,1758696,1758261,435
140426721,73.041,71.3713,436,25019,0.455204,0.33,1,1758756,1758320,436
140429641,37.0082,36.6743,436,25104,0.451041,0.33,1,1758784,1758348,436
140432561,9.00164,8.93485,436,25188,0.450208,0.31,1,1758786,1758350,436
140435481,32.2003,32.987,435,25272,0.466042,0.35,1,1758824,1758389,435
140438401,105.64,102.597,439,25356,0.517208,0.39,1,1758948,1758509,439
140441321,22.728,22.1195,439,25440,0.495442,0.39,1,1758950,1758511,439
140444241,34.9456,4.4239,477,25523,0.491088,0.43,1,1758988,1758511,477
140447161,127.789,30.4848,591,25606,0.586218,0.49,1,1759139,1758548,591
140450081,73.5578,124.497,503,25689,0.653244,0.45,1,1759199,1758696,503
140453001,37.1116,72.8994,471,25771,0.666649,0.45,1,1759227,1758756,471
140455921,9.02231,36.9799,445,25853,0.66933,0.45,1,1759229,1758784,445
140458841,33.0045,8.99597,482,25935,0.717866,0.47,1,1759268,1758786,482
140461761,106.601,32.1992,569,26017,0.679573,0.53,1,1759393,1758824,569
140464681,22.9202,105.64,447,26098,0.687915,0.49,1,1759395,1758948,447
140467601,35.784,22.728,484,26179,0.689583,0.49,1,1759434,1758950,484
140470521,132.757,34.9456,603,26260,0.769917,0.61,2,1759591,1758988,603
140473441,76.1514,127.789,514,26341,0.785983,0.67,2,1759653,1759139,514
140476361,38.4303,73.5578,483,26421,0.805197,0.67,2,1759682,1759199,483
140479281,9.28605,37.1116,457,26501,0.809039,0.67,2,1759684,1759227,457
140482201,34.6572,9.02231,496,26581,0.809808,0.73,2,1759725,1759229,496
140485121,105.331,33.0045,580,26661,0.841962,0.67,2,1759848,1759268,580
140488041,22.6663,106.601,457,26740,0.848392,0.69,2,1759850,1759393,457
140490961,38.1333,22.9202,497,26819,0.881678,0.69,2,1759892,1759395,497
140596081,25,24,508,29529,0.71,1,1,1761796,1761288,508
140599001,124.2,24.8,632,29601,0.55,1,1,1761945,1761313,632
140601921,42.44,128.96,499,29673,0.47,1,1,1761967,1761468,499
140604841,33.288,45.792,505,29744,0.438,1,1,1761998,1761493,505
140607761,33.0576,33.9584,507,29815,0.4156,0.9,1,1762031,1761524,507
140610681,8.21152,34.7917,474,29886,0.41112,0.98,1,1762033,1761559,474
140613601,32.8423,31.7583,482,29957,0.426224,1,1,1762072,1761590,482
140616521,20.9685,30.3517,470,30028,0.397245,0.79,1,1762090,1761620,470
140619441,92.9937,102.07,461,30098,0.295449,0.79,1,1762201,1761740,461
140622361,41.7987,45.2141,459,30168,0.27509,0.71,1,1762230,1761771,459
140625281,24.3597,29.0428,454,30238,0.239018,0.51,1,1762250,1761796,454
140628201,118.472,125.009,447,30308,0.295804,0.45,1,1762392,1761945,447
140631121,36.4944,42.6017,441,30378,0.307161,0.43,1,1762408,1761967,441
140634041,33.6989,33.3203,443,30448,0.261432,0.41,1,1762441,1761998,443
140636961,31.5398,33.0641,441,30518,0.284286,0.41,1,1762472,1762031,441
140639881,7.90795,8.21281,441,30587,0.288857,0.43,1,1762474,1762033,441
140642801,34.3816,32.8426,443,30656,0.305771,0.39,1,1762515,1762072,443
140645721,18.0763,20.9685,439,30725,0.325154,0.27,1,1762529,1762090,439
140648641,90.0153,92.9937,436,30794,0.297031,0.27,1,1762637,1762201,436
140651561,38.8031,41.7987,433,30863,0.355406,0.23,1,1762663,1762230,433
140654481,23.7606,24.3597,433,30932,0.319081,0.31,1,1762683,1762250,433
140657401,121.552,118.472,437,31000,0.375816,0.31,1,1762829,1762392,437
140660321,37.1104,36.4944,437,31068,0.355163,0.25,1,1762845,1762408,437
140663241,31.4221,33.6989,434,31136,0.367033,0.29,1,1762875,1762441,434
140666161,32.6844,31.5398,436,31204,0.433407,0.29,1,1762908,1762472,436
140669081,8.13688,7.90795,436,31272,0.446681,0.31,1,1762910,1762474,436
140672001,33.6274,34.3816,435,31340,0.417336,0.31,1,1762950,1762515,435
140674921,16.3255,6.87632,447,31408,0.411467,0.33,1,1762962,1762515,447
140677841,91.2651,12.5753,543,31475,0.474293,0.29,1,1763072,1762529,543
140680761,41.453,88.9151,464,31542,0.502859,0.37,1,1763101,1762637,464
140683681,23.4906,38.583,457,31609,0.556572,0.31,1,1763120,1762663,457
140686601,122.298,23.7166,584,31676,0.599314,0.39,1,1763267,1762683,584
140689521,38.0596,121.543,455,31743,0.607863,0.35,1,1763284,1762829,455
140692441,31.6119,37.1087,469,31810,0.609573,0.37,1,1763314,1762845,469
140695361,34.3224,31.4217,474,31877,0.641915,0.45,1,1763349,1762875,474
140698281,8.46448,32.6843,443,31943,0.664383,0.45,1,1763351,1762908,443
140701201,33.6929,8.13687,481,32009,0.668877,0.41,1,1763391,1762910,481
140704121,16.3386,33.6274,453,32075,0.685775,0.41,1,1763403,1762950,453
140707041,96.0677,16.3255,557,32141,0.705155,0.49,1,1763519,1762962,557
140709961,43.2135,91.2651,477,32207,0.709031,0.51,1,1763549,1763072,477
140712881,23.0427,41.453,466,32273,0.709806,0.57,1,1763567,1763101,466
140715801,125.409,23.4906,598,32339,0.773961,0.61,2,1763718,1763120,598
140718721,38.6817,122.298,468,32404,0.818792,0.61,2,1763735,1763267,468
140721641,31.7363,38.0596,481,32469,0.827758,0.61,2,1763765,1763284,481
140724561,36.7473,31.6119,489,32534,0.845552,0.65,2,1763803,1763314,489
140727481,8.94945,34.3224,456,32599,0.84911,0.67,2,1763805,1763349,456
140730401,34.5899,8.46448,495,32664,0.881822,0.67,2,1763846,1763351,495
140733321,16.518,33.6929,467,32729,0.872364,0.69,2,1763858,1763391,467
140736241,4.9036,16.3386,457,32794,0.870473,0.71,2,1763860,1763403,457
140873481,26,35,500,35699,0.69,1,1,1765921,1765421,500
140876401,33.2,27.8,509,35758,0.61,1,1,1765956,1765447,509
140879321,95.44,118.36,479,35817,0.386,1,1,1766067,1765588,479
140882241,42.288,44.472,482,35876,0.2132,1,1,1766096,1765614,482
140885161,38.0576,33.6944,488,35935,0.08264,1,1,1766133,1765645,488
140888081,30.8115,32.3389,485,35994,0.040528,1,1,1766162,1765677,485
140891001,21.3623,28.0678,477,36053,0.0321056,0.98,1,1766181,1765704,477
140893921,28.2725,31.2136,475,36112,0.0464211,0.97,1,1766211,1765736,475
140896841,28.8545,32.6427,471,36171,0.0332842,1,1,1766240,1765769,471
140899761,27.3709,28.1285,471,36229,0.0306568,0.86,1,1766267,1765796,471
140902681,45.4742,51.2257,464,36287,0.0781314,0.73,1,1766317,1765853,464
140905601,37.8948,43.8451,458,36345,0.0236263,0.69,1,1766353,1765895,458
140908521,24.379,29.569,453,36403,0.0607253,0.59,1,1766374,1765921,453
140911441,31.2758,33.9138,451,36461,0.0361451,0.33,1,1766407,1765956,451
140914361,79.8552,95.5828,432,36519,0.095229,0.17,1,1766499,1766067,432
140917281,36.771,42.3166,429,36577,0.0430458,0.05,1,1766525,1766096,429
140920201,32.9542,38.0633,424,36635,0.0646092,0.03,1,1766557,1766133,424
140923121,28.9908,30.8127,423,36693,0.0689218,0.03,1,1766585,1766162,423
140926041,20.1982,21.3625,422,36751,0.0697844,0.05,1,1766603,1766181,422
140928961,28.0396,28.2725,422,36809,0.0219569,0.03,1,1766633,1766211,422
140931881,28.8079,28.8545,422,36866,0.0283914,0.03,1,1766662,1766240,422
140934801,28.1616,27.3709,423,36923,0.0296783,0.09,1,1766690,1766267,423
140937721,46.4323,45.4742,424,36980,0.0619357,0.01,1,1766741,1766317,424
140940641,37.2865,37.8948,423,37037,0.0523871,0.07,1,1766776,1766353,423
140943561,25.0573,24.379,424,37094,0.0184774,0.03,1,1766798,1766374,424
140946481,29.8115,31.2758,422,37151,0.0596955,0.03,1,1766829,1766407,422
140949401,79.5623,6.25516,514,37208,0.0839391,0.11,1,1766921,1766407,514
140952321,38.3125,74.851,450,37265,0.104788,0.03,1,1766949,1766499,450
140955241,33.2625,35.7702,456,37322,0.140958,0.07,1,1766981,1766525,456
140958161,26.6525,32.754,449,37379,0.132192,0.07,1,1767006,1766557,449
140961081,20.5305,28.9508,440,37436,0.114438,0.07,1,1767025,1766585,440
140964001,27.3061,20.1902,451,37492,0.126888,0.01,1,1767054,1766603,451
140966921,28.6612,28.038,450,37548,0.113378,0.03,1,1767083,1766633,450
140969841,28.1322,28.8076,449,37604,0.0786755,0.03,1,1767111,1766662,449
140972761,47.2265,28.1615,473,37660,0.0397351,0.07,1,1767163,1766690,473
140975681,36.6453,46.4323,456,37716,0.047947,0.05,1,1767197,1766741,456
140978601,24.9291,37.2865,443,37772,0.0655894,0.01,1,1767219,1766776,443
140981521,30.5858,25.0573,453,37828,0.0691179,0.07,1,1767251,1766798,453
140984441,82.9172,29.8115,518,37884,0.101824,0.09,1,1767347,1766829,518
140987361,38.9834,79.5623,454,37940,0.108365,0.11,1,1767375,1766921,454
140990281,34.9967,38.3125,460,37996,0.125673,0.15,1,1767409,1766949,460
140993201,26.1993,33.2625,452,38052,0.129135,0.13,1,1767433,1766981,452
140996121,20.4399,26.6525,446,38108,0.113827,0.11,1,1767452,1767006,446
140999041,27.288,20.5305,456,38163,0.126765,0.13,1,1767481,1767025,456
141001961,27.8576,27.3061,455,38218,0.129353,0.11,1,1767509,1767054,455
141004881,24.7715,28.6612,450,38273,0.145871,0.07,1,1767533,1767083,450
141007801,46.5543,28.1322,474,38328,0.117174,0.03,1,1767585,1767111,474
141010721,38.1109,47.2265,458,38383,0.191435,0.05,1,1767621,1767163,458
141013641,25.2222,36.6453,446,38438,0.222287,0.07,1,1767643,1767197,446
141016561,32.2444,24.9291,458,38493,0.244457,0.07,1,1767677,1767219,458
141019481,83.2489,30.5858,522,38548,0.248891,0.11,1,1767773,1767251,522
141022401,39.0498,82.9172,454,38603,0.281778,0.11,1,1767801,1767347,454
141025321,9.40995,38.9834,428,38658,0.288356,0.13,1,1767803,1767375,428
141028241,29.082,34.9967,428,38713,0.289671,0.13,1,1767837,1767409,428
141031161,25.0164,26.1993,428,38768,0.321934,0.11,1,1767861,1767433,428
141034081,19.4033,20.4399,427,38822,0.344387,0.13,1,1767879,1767452,427
141037001,27.8807,27.288,428,38876,0.364877,0.13,1,1767909,1767481,428
141039921,28.7761,27.8576,429,38930,0.368975,0.15,1,1767938,1767509,429
141042841,24.9552,24.7715,429,38984,0.337795,0.11,1,1767962,1767533,429
141045761,46.591,46.5543,429,39038,0.379559,0.21,1,1768014,1767585,429
141048681,40.5182,38.1109,432,39092,0.339912,0.23,1,1768053,1767621,432
141051601,26.5036,25.2222,433,39146,0.395982,0.25,1,1768076,1767643,433
141054521,33.3007,32.2444,434,39200,0.407196,0.25,1,1768111,1767677,434
141057441,83.4601,83.2489,434,39254,0.473439,0.29,1,1768207,1767773,434
141060361,40.692,39.0498,436,39308,0.518688,0.29,1,1768237,1767801,436
141063281,9.73841,9.40995,436,39362,0.527738,0.29,1,1768239,1767803,436
141066201,29.1477,29.082,436,39416,0.497548,0.33,1,1768273,1767837,436
141069121,25.8295,25.0164,437,39470,0.52351,0.35,1,1768298,1767861,437
141072041,19.5659,19.4033,437,39524,0.528702,0.37,1,1768316,1767879,437
141074961,28.7132,27.8807,438,39577,0.51374,0.37,1,1768347,1767909,438
141077881,28.9426,28.7761,438,39630,0.542748,0.33,1,1768376,1767938,438
141080801,24.9885,24.9552,438,39683,0.54855,0.39,1,1768400,1767962,438
141083721,47.3977,46.591,439,39736,0.58171,0.33,1,1768453,1768014,439
141086641,40.6795,40.5182,439,39789,0.588342,0.41,1,1768492,1768053,439
141089561,28.1359,26.5036,441,39842,0.573668,0.41,1,1768517,1768076,441
141092481,34.4272,33.3007,442,39895,0.538734,0.49,1,1768553,1768111,442
141095401,86.8854,83.4601,446,39948,0.627747,0.53,1,1768653,1768207,446
141098321,41.3771,40.692,446,40001,0.645549,0.53,1,1768683,1768237,446
141101241,9.87542,9.73841,446,40054,0.64911,0.49,1,1768685,1768239,446
141104161,29.1751,29.1477,446,40107,0.665822,0.49,1,1768719,1768273,446
141107081,25.035,5.82954,470,40160,0.637164,0.53,1,1768743,1768273,470
141110001,19.407,21.1659,463,40213,0.647433,0.53,1,1768761,1768298,463
141112921,30.2814,18.6332,478,40266,0.649487,0.51,1,1768794,1768316,478
141115841,30.0563,28.5266,477,40318,0.681897,0.55,1,1768824,1768347,477
141118761,25.2113,28.9053,472,40370,0.720379,0.55,1,1768848,1768376,472
141121681,48.2423,24.9811,502,40422,0.728076,0.59,1,1768902,1768400,502
141124601,40.0484,47.3962,487,40474,0.729615,0.59,1,1768940,1768453,487
141127521,27.2097,40.6792,472,40526,0.745923,0.57,1,1768964,1768492,472
141130441,34.2419,28.1358,483,40578,0.765185,0.53,2,1769000,1768517,483
141133361,90.0484,34.4272,551,40630,0.833037,0.65,2,1769104,1768553,551
141136281,42.0097,86.8854,481,40682,0.846607,0.65,2,1769134,1768653,481
141139201,10.0019,41.3771,453,40734,0.849321,0.65,2,1769136,1768683,453
141142121,30.0004,9.87542,486,40786,0.865864,0.67,2,1769171,1768685,486
141145041,26.0001,29.1751,477,40838,0.901173,0.63,2,1769196,1768719,477
141147961,20.4,25.035,472,40890,0.876235,0.65,2,1769215,1768743,472
141150881,31.28,19.407,488,40942,0.903247,0.65,2,1769249,1768761,488
141153801,31.056,30.2814,486,40994,0.908649,0.69,2,1769280,1768794,486
141156721,26.2112,30.0563,481,41045,0.89373,0.73,2,1769305,1768824,481
141159641,48.4422,25.2113,511,41096,0.890746,0.73,2,1769359,1768848,511
141162561,40.0884,48.2423,495,41147,0.890149,0.73,2,1769397,1768902,495
141165481,28.8177,40.0484,483,41198,0.89003,0.75,2,1769423,1768940,483
141326081,162,174,497,19925,0.73,1,1,1771500,1771003,497
141329001,86,84.4,502,20031,0.714,0.93,1,1771567,1771065,502
141331921,61.2,66.48,495,20137,0.7428,0.79,1,1771622,1771127,495
141334841,51.44,59.696,486,20242,0.73256,0.79,1,1771671,1771185,486
141337761,16.688,34.3392,466,20347,0.730512,0.77,1,1771679,1771213,466
141340681,92.9376,26.0678,554,20451,0.794102,0.65,2,1771791,1771237,554
141343601,146.588,86.0136,613,20555,0.838821,0.73,2,1771951,1771338,613
141346521,86.9175,146.803,523,20658,0.879764,0.71,2,1772023,1771500,523
141349441,61.3835,82.9605,511,20761,0.903953,0.75,2,1772078,1771567,511
141352361,52.2767,60.5921,506,20863,0.940791,0.73,2,1772128,1771622,506
141480841,46,40,484,24944,0.71,1,1,1775016,1774532,484
141483761,36.4,34.4,485,25029,0.582,1,1,1775050,1774565,485
141486681,32.88,35.68,481,25114,0.5564,1,1,1775082,1774601,481
141489601,39.376,39.936,481,25198,0.53528,1,1,1775123,1774642,481
141492521,83.0752,91.1872,471,25282,0.419056,1,1,1775217,1774746,471
141495441,63.015,66.2374,469,25366,0.315811,0.93,1,1775275,1774806,469
141498361,68.603,70.8475,467,25450,0.263162,0.93,1,1775345,1774878,467
141501281,80.1206,14.1695,550,25533,0.140632,0.75,1,1775428,1774878,550
141504201,48.8241,76.4339,499,25616,0.100126,0.71,1,1775469,1774970,499
141507121,36.1648,52.0868,486,25699,0.140025,0.55,1,1775502,1775016,486
141510041,31.233,37.6174,482,25781,0.148005,0.55,1,1775532,1775050,482
141512961,37.4466,33.1235,489,25863,0.133601,0.53,1,1775571,1775082,489
141515881,73.0893,39.4247,530,25945,0.16272,0.39,1,1775653,1775123,530
141518801,57.8179,83.0849,490,26027,0.232544,0.29,1,1775707,1775217,490
141521721,65.9636,63.017,500,26108,0.310509,0.25,1,1775775,1775275,500
141524641,77.1927,68.6034,510,26189,0.326102,0.11,1,1775855,1775345,510
141527561,46.6385,80.1207,466,26270,0.32922,0.09,1,1775894,1775428,466
141530481,36.5277,48.8241,459,26351,0.345844,0.15,1,1775928,1775469,459
141533401,32.9055,36.1648,458,26431,0.349169,0.15,1,1775960,1775502,458
141536321,36.9811,31.233,466,26511,0.381834,0.13,1,1775998,1775532,466
141539241,74.5962,37.4466,511,26591,0.436367,0.17,1,1776082,1775571,511
141542161,59.7192,73.0893,485,26671,0.463273,0.25,1,1776138,1775653,485
141545081,69.5439,57.8179,503,26750,0.500655,0.33,1,1776210,1775707,503
141548001,79.5088,65.9636,517,26829,0.508131,0.33,1,1776292,1775775,517
141550921,47.1018,77.1927,476,26908,0.525626,0.33,1,1776331,1775855,476
141553841,11.0204,46.6385,439,26987,0.545125,0.35,1,1776333,1775894,439
141556761,29.4041,36.5277,439,27065,0.549025,0.35,1,1776367,1775928,439
141559681,32.2808,32.9055,440,27143,0.581805,0.39,1,1776400,1775960,440
141562601,37.6562,36.9811,441,27221,0.540361,0.45,1,1776439,1775998,441
141565521,77.1312,74.5962,444,27299,0.644072,0.47,1,1776526,1776082,444
141568441,61.0262,59.7192,445,27377,0.648814,0.51,1,1776583,1776138,445
141571361,71.4052,69.5439,447,27454,0.617763,0.51,1,1776657,1776210,447
141574281,79.881,79.5088,447,27531,0.707553,0.53,1,1776739,1776292,447
141577201,48.7762,47.1018,449,27608,0.709511,0.55,1,1776780,1776331,449
141580121,11.3552,11.0204,449,27685,0.709902,0.55,1,1776782,1776333,449
141583041,29.471,29.4041,449,27761,0.74198,0.59,1,1776816,1776367,449
141585961,32.2942,32.2808,449,27837,0.780396,0.53,2,1776849,1776400,449
141588881,36.8588,37.6562,448,27913,0.804079,0.67,2,1776887,1776439,448
141591801,80.9718,77.1312,453,27989,0.840816,0.65,2,1776979,1776526,453
141594721,62.5944,61.0262,454,28065,0.816163,0.61,2,1777037,1776583,454
141597641,70.9189,71.4052,453,28140,0.859233,0.73,2,1777110,1776657,453
141600561,82.1838,79.881,456,28215,0.867847,0.71,2,1777195,1776739,456
141603481,50.8368,48.7762,458,28290,0.901569,0.71,2,1777238,1776780,458
141606401,11.7674,11.3552,458,28365,0.908314,0.71,2,1777240,1776782,458
141609321,29.5535,2.27105,492,28440,0.877663,0.75,2,1777274,1776782,492
141612241,33.9107,27.6542,493,28514,0.855533,0.79,2,1777309,1776816,493
141615161,37.9821,31.9308,499,28588,0.883107,0.81,2,1777348,1776849,499
141618081,81.1964,36.7862,553,28662,0.904621,0.85,2,1777440,1776887,553
141708601,91,79,493,30868,0.75,1,2,1779017,1778524,493
141711521,79.8,86.2,482,30937,0.622,1,1,1779094,1778612,482
141714441,59.16,52.44,492,31005,0.5964,1,1,1779148,1778656,492
141717361,39.032,33.688,497,31073,0.51128,1,1,1779182,1778685,497
141720281,28.6064,29.9376,494,31141,0.462256,1,1,1779208,1778714,494
141723201,12.9213,25.9875,478,31209,0.484451,0.91,1,1779217,1778739,478
141726121,16.1843,19.5975,477,31277,0.50489,0.91,1,1779234,1778757,477
141729041,20.8369,3.9195,499,31345,0.460978,1,1,1779256,1778757,499
141731961,69.7674,21.5839,555,31413,0.468196,0.93,1,1779338,1778783,555
141734881,51.5535,73.9168,515,31480,0.501639,0.81,1,1779385,1778870,515
141737801,80.7107,59.5834,547,31547,0.540328,0.75,1,1779473,1778926,547
141740721,72.1421,84.7167,526,31614,0.532066,0.59,1,1779543,1779017,526
141743641,59.2284,78.5433,505,31681,0.562413,0.59,1,1779599,1779094,505
141746561,36.6457,58.9087,482,31748,0.600483,0.49,1,1779630,1779148,482
141749481,24.9291,38.9817,470,31815,0.576097,0.45,1,1779652,1779182,470
141752401,12.9858,28.5963,454,31881,0.619219,0.49,1,1779662,1779208,454
141755321,15.3972,12.9193,461,31947,0.627844,0.51,1,1779678,1779217,461
141758241,20.6794,16.1839,466,32013,0.629569,0.45,1,1779700,1779234,466
141761161,71.3359,20.8368,528,32079,0.645914,0.47,1,1779784,1779256,528
141764081,51.8672,69.7674,493,32145,0.665183,0.51,1,1779831,1779338,493
141767001,82.3734,51.5535,536,32211,0.733037,0.55,1,1779921,1779385,536
141769921,73.2747,80.7107,519,32277,0.778607,0.53,2,1779992,1779473,519
141772841,61.0549,72.1421,507,32343,0.803721,0.57,2,1780050,1779543,507
141775761,37.011,59.2284,482,32408,0.840744,0.61,2,1780081,1779599,482
141778681,25.8022,36.6457,474,32473,0.832149,0.57,2,1780104,1779630,474
141781601,13.1604,24.9291,462,32538,0.84643,0.63,2,1780114,1779652,462
141784521,15.4321,12.9858,468,32603,0.849286,0.63,2,1780130,1779662,468
141787441,20.6864,15.3972,474,32668,0.849857,0.63,2,1780152,1779678,474
141790361,72.9373,20.6794,538,32733,0.865971,0.65,2,1780238,1779700,538
141793281,16.1875,71.3359,456,32798,0.869194,0.67,2,1780240,1779784,456
141796201,40.0375,51.8672,455,32862,0.885839,0.75,2,1780286,1779831,455
141933441,68,76,490,35761,0.87,1,2,1782356,1781866,490
141936361,53.6,59.2,485,35820,0.742,1,1,1782406,1781921,485
141939281,47.52,42.24,493,35879,0.5724,1,1,1782452,1781959,493
141942201,39.904,34.848,498,35938,0.44248,1,1,1782490,1781992,498
141945121,27.1808,34.1696,488,35997,0.320496,1,1,1782514,1782026,488
141948041,37.4362,30.0339,499,36056,0.264099,1,1,1782554,1782055,499
141950961,33.0872,30.8068,500,36115,0.17282,1,1,1782586,1782086,500
141953881,29.0174,30.1614,498,36174,0.106564,1,1,1782614,1782116,498
141956801,23.4035,34.8323,484,36232,0.0453128,0.98,1,1782636,1782152,484
141959721,21.4807,28.5665,478,36290,0.0170626,0.9,1,1782657,1782179,478
141962641,57.8961,68.9133,466,36348,0.0114125,0.97,1,1782724,1782258,466
141965561,36.3792,37.7827,467,36406,0.0262825,0.87,1,1782755,1782288,467
141968481,56.0758,61.9565,460,36464,0.0772565,0.71,1,1782816,1782356,460
141971401,43.2152,52.3913,450,36522,0.103451,0.53,1,1782856,1782406,450
141974321,40.643,47.2783,444,36580,0.0766903,0.41,1,1782896,1782452,444
141977241,32.9286,39.8557,437,36638,0.167338,0.29,1,1782927,1782490,437
141980161,27.3857,27.1711,439,36696,0.121468,0.25,1,1782953,1782514,439
141983081,33.4771,37.4342,434,36754,0.160294,0.15,1,1782988,1782554,434
141986001,28.2954,33.0868,429,36811,0.152059,0.09,1,1783015,1782586,429
141988921,25.6591,29.0174,426,36868,0.166412,0.03,1,1783040,1782614,426
141991841,19.5318,23.4035,422,36925,0.169282,0.01,1,1783058,1782636,422
141994761,21.5064,21.4807,423,36982,0.153856,0.01,1,1783080,1782657,423
141997681,58.7013,57.8961,424,37039,0.0387713,0.03,1,1783148,1782724,424
142000601,37.3403,36.3792,425,37096,0.0157543,0.09,1,1783180,1782755,425
142003521,56.268,56.0758,425,37153,0.0911509,0.09,1,1783241,1782816,425
142006441,44.0536,11.2152,466,37210,0.0902302,0.11,1,1783282,1782816,466
142009361,40.8107,34.243,466,37267,0.122046,0.07,1,1783322,1782856,466
142012281,36.1621,38.8486,461,37324,0.112409,0.19,1,1783357,1782896,461
142015201,26.4324,32.5697,454,37381,0.110482,0.11,1,1783381,1782927,454
142018121,34.0865,27.3139,464,37438,0.110096,0.17,1,1783417,1782953,464
142021041,29.2173,33.4628,457,37494,0.110019,0.15,1,1783445,1782988,457
142023961,25.0435,28.2926,454,37550,0.110004,0.17,1,1783469,1783015,454
142026881,20.2087,25.6585,448,37606,0.126001,0.17,1,1783488,1783040,448
142029801,18.4417,19.5317,448,37662,0.1292,0.15,1,1783506,1783058,448
142032721,54.0883,21.5063,489,37718,0.16184,0.01,1,1783569,1783080,489
142035641,36.4177,58.7013,453,37774,0.168368,0.01,1,1783601,1783148,453
142038561,58.4835,37.3403,485,37830,0.121674,0.11,1,1783665,1783180,485
142041481,45.2967,56.268,466,37886,0.112335,0.09,1,1783707,1783241,466
142044401,42.6593,44.0536,467,37942,0.158467,0.13,1,1783749,1783282,467
142047321,35.7319,40.8107,461,37998,0.183693,0.11,1,1783783,1783322,461
142050241,26.3464,36.1621,450,38054,0.188739,0.11,1,1783807,1783357,450
142053161,34.0693,26.4324,462,38110,0.205748,0.11,1,1783843,1783381,462
142056081,29.2139,34.0865,454,38165,0.24115,0.11,1,1783871,1783417,454
142059001,25.0428,29.2173,450,38220,0.24823,0.11,1,1783895,1783445,450
142061921,21.0086,25.0435,446,38275,0.249646,0.13,1,1783915,1783469,446
142064841,19.4017,20.2087,446,38330,0.233929,0.13,1,1783934,1783488,446
142067761,55.0803,18.4417,492,38385,0.310786,0.17,1,1783998,1783506,492
142070681,36.6161,54.0883,461,38440,0.326157,0.17,1,1784030,1783569,461
142073601,56.1232,36.4177,490,38495,0.329231,0.11,1,1784091,1783601,490
142076521,45.6246,58.4835,469,38550,0.377846,0.11,1,1784134,1783665,469
142079441,44.3249,45.2967,471,38605,0.387569,0.17,1,1784178,1783707,471
142082361,10.465,42.6593,431,38660,0.389514,0.19,1,1784180,1783749,431
142085281,29.293,35.7319,431,38715,0.421903,0.19,1,1784214,1783783,431
142088201,25.0586,26.3464,431,38770,0.428381,0.21,1,1784238,1783807,431
142091121,34.6117,34.0693,432,38824,0.445676,0.25,1,1784275,1783843,432
142094041,30.9223,29.2139,434,38878,0.481135,0.25,1,1784305,1783871,434
142096961,25.3845,25.0428,434,38932,0.520227,0.25,1,1784329,1783895,434
142099881,21.0769,21.0086,434,38986,0.528045,0.23,1,1784349,1783915,434
142102801,20.2154,19.4017,435,39040,0.529609,0.33,1,1784369,1783934,435
142105721,57.6431,55.0803,438,39094,0.481922,0.33,1,1784436,1783998,438
142108641,37.1286,36.6161,438,39148,0.520384,0.33,1,1784468,1784030,438
142111561,56.2257,56.1232,438,39202,0.496077,0.39,1,1784529,1784091,438
142114481,48.0451,45.6246,441,39256,0.571215,0.39,1,1784575,1784134,441
142117401,44.809,44.3249,441,39310,0.586243,0.39,1,1784619,1784178,441
142120321,10.5618,10.465,441,39364,0.557249,0.43,1,1784621,1784180,441
142123241,30.9124,29.293,443,39418,0.55145,0.43,1,1784657,1784214,443
142126161,25.3825,25.0586,443,39472,0.63029,0.45,1,1784681,1784238,443
142129081,35.4765,34.6117,444,39526,0.630058,0.49,1,1784719,1784275,444
142132001,32.6953,30.9223,446,39579,0.678012,0.53,1,1784751,1784305,446
142134921,25.7391,25.3845,446,39632,0.671602,0.53,1,1784775,1784329,446
142137841,21.1478,21.0769,446,39685,0.73432,0.53,1,1784795,1784349,446
142140761,20.2296,20.2154,446,39738,0.714864,0.47,1,1784815,1784369,446
142143681,57.6459,57.6431,446,39791,0.742973,0.53,1,1784882,1784436,446
142146601,37.1292,37.1286,446,39844,0.748595,0.49,1,1784914,1784468,446
142149521,57.0258,56.2257,447,39897,0.749719,0.59,1,1784976,1784529,447
142152441,49.8052,48.0451,449,39950,0.797944,0.59,2,1785024,1784575,449
142155361,45.161,44.809,449,40003,0.823589,0.55,2,1785068,1784619,449
142158281,10.6322,10.5618,449,40056,0.796718,0.55,2,1785070,1784621,449
142161201,32.5264,30.9124,451,40109,0.807344,0.55,2,1785108,1784657,451
142164121,26.5053,6.18247,476,40162,0.841469,0.65,2,1785133,1784657,476
142167041,36.5011,20.4365,491,40215,0.816294,0.63,2,1785172,1784681,491
142169961,32.9002,34.4873,485,40268,0.859259,0.69,2,1785204,1784719,485
142172881,27.38,32.4975,479,40320,0.835852,0.67,2,1785230,1784751,479
142175801,22.276,25.6995,476,40372,0.84717,0.75,2,1785251,1784775,476
142178721,20.4552,21.1399,476,40424,0.849434,0.71,2,1785271,1784795,476
142181641,59.291,20.228,525,40476,0.865887,0.75,2,1785340,1784815,525
142184561,37.4582,57.6456,490,40528,0.869177,0.75,2,1785372,1784882,490
142187481,57.0916,37.1291,520,40580,0.885835,0.75,2,1785434,1784914,520
142199161,39,2,499,40788,0.91,0.81,2,1785569,1785070,499
142202081,27.8,30.8,486,40840,0.926,0.85,2,1785594,1785108,486
142362681,35,28,521,43592,0.89,0.92,2,1787527,1787006,521
142365601,23.8,36,504,43640,0.874,1,2,1787548,1787044,504
142368521,31.96,25.6,515,43688,0.7588,1,2,1787582,1787067,515
142371441,31.992,16.32,533,43736,0.75176,1,2,1787614,1787081,533
142374361,20.7984,36.864,509,43784,0.798352,0.97,2,1787632,1787123,509
142377281,21.7597,32.1728,500,43832,0.79167,0.96,2,1787654,1787154,500
142380201,20.3519,25.6346,496,43880,0.758334,1,2,1787674,1787178,496
142383121,35.2704,29.1269,505,43928,0.783667,1,2,1787713,1787208,505
142386041,39.8541,35.4254,509,43976,0.756733,1,2,1787754,1787245,509
142388961,40.7708,35.0851,515,44024,0.767347,1,2,1787795,1787280,515
142391881,59.3542,43.817,533,44072,0.737469,1,1,1787859,1787326,533
142394801,41.4708,58.3634,508,44120,0.763494,0.89,2,1787896,1787388,508
142397721,31.4942,43.6727,497,44168,0.784699,0.91,2,1787925,1787428,497
142400641,26.2988,35.1345,489,44216,0.82094,0.89,2,1787950,1787461,489
142403561,37.2598,31.8269,498,44264,0.860188,0.89,2,1787990,1787492,498
142406481,25.052,34.3654,485,44312,0.868038,0.87,2,1788012,1787527,485
142409401,31.4104,23.6731,497,44360,0.853607,0.73,2,1788045,1787548,497
142412321,31.0821,31.9346,494,44408,0.882722,0.75,2,1788076,1787582,494
142415241,20.6164,31.9869,480,44456,0.904544,0.81,2,1788094,1787614,480
142418161,5.72328,20.7974,464,44503,0.908909,0.79,2,1788096,1787632,464
142421081,14.7447,21.7595,459,44550,0.941782,0.75,2,1788113,1787654,459
142424001,16.5489,20.3519,456,44597,0.932356,0.79,2,1788130,1787674,456
142426921,36.1098,35.2704,458,44644,0.930471,0.75,2,1788171,1787713,458
142429841,44.022,39.8541,463,44691,0.946094,0.77,2,1788217,1787754,463
142812361,45,46,495,27949,0.77,1,2,1794452,1793957,495
142815281,37.8,50,480,28025,0.738,1,1,1794488,1794008,480
142818201,71.56,69.2,486,28101,0.7796,1,2,1794568,1794082,486
142821121,43.112,44.24,484,28176,0.81992,0.95,2,1794604,1794120,484
142824041,75.0224,84.848,472,28251,0.747984,0.93,1,1794687,1794215,472
142826961,48.6045,48.9696,474,28326,0.701597,0.89,1,1794729,1794255,474
142829881,29.7209,32.9939,470,28401,0.724319,0.89,1,1794754,1794284,470
142832801,47.5442,6.59878,522,28476,0.680864,0.88,1,1794806,1794284,522
142835721,59.1088,50.1198,523,28550,0.672173,0.81,1,1794868,1794345,523
142838641,47.8218,59.624,506,28624,0.670435,0.77,1,1794913,1794407,506
142841561,37.5644,47.9248,496,28698,0.670087,0.73,1,1794948,1794452,496
142844481,69.9129,38.385,538,28772,0.622017,0.79,1,1795026,1794488,538
142847401,41.9826,71.677,493,28846,0.644403,0.83,1,1795061,1794568,493
142850321,72.3965,43.1354,537,28919,0.616881,0.73,1,1795141,1794604,537
142853241,49.6793,75.0271,498,28992,0.643376,0.69,1,1795185,1794687,498
142856161,28.3359,48.6054,479,29065,0.632675,0.73,1,1795208,1794729,479
142859081,47.2672,29.7211,506,29138,0.662535,0.67,1,1795260,1794754,506
142862001,60.6534,47.5442,518,29211,0.684507,0.67,1,1795324,1794806,518
142864921,46.5307,59.1088,499,29283,0.720901,0.67,1,1795367,1794868,499
142867841,37.3061,47.8218,489,29355,0.71218,0.67,1,1795402,1794913,489
142870761,67.4612,37.5644,529,29427,0.742436,0.61,1,1795477,1794948,529
142873681,42.2922,69.9129,487,29499,0.732487,0.65,1,1795513,1795026,487
142876601,73.2585,41.9826,533,29571,0.778497,0.61,2,1795594,1795061,533
142879521,49.8517,72.3965,497,29643,0.803699,0.65,2,1795638,1795141,497
142882441,29.1703,49.6793,477,29714,0.80874,0.63,2,1795662,1795185,477
142885361,47.4341,28.3359,506,29785,0.857748,0.67,2,1795714,1795208,506
142888281,11.0868,47.2672,456,29856,0.86755,0.69,2,1795716,1795260,456
142891201,53.4174,60.6534,456,29927,0.91751,0.73,2,1795780,1795324,456
143019681,42,60,493,32894,0.75,1,2,1797833,1797340,493
143022601,40.4,51.2,484,32958,0.638,1,1,1797873,1797389,484
143025521,68.08,64.64,491,33022,0.6316,1,1,1797948,1797457,491
143028441,74.416,80.128,483,33086,0.45432,1,1,1798024,1797541,483
143031361,44.4832,45.6256,483,33150,0.338864,1,1,1798061,1797578,483
143034281,35.2966,34.7251,484,33214,0.331773,0.95,1,1798094,1797610,484
143037201,35.8593,36.545,483,33278,0.314355,0.98,1,1798130,1797647,483
143040121,21.5719,31.309,471,33342,0.278871,0.97,1,1798148,1797677,471
143043041,30.7144,35.0618,468,33405,0.303774,0.74,1,1798181,1797713,468
143045961,35.7429,41.4124,462,33468,0.276755,0.85,1,1798218,1797756,462
143048881,35.1486,36.2825,462,33531,0.271351,0.75,1,1798253,1797791,462
143051801,41.4297,40.8565,463,33594,0.22227,0.61,1,1798296,1797833,463
143054721,36.2859,40.1713,458,33657,0.180454,0.63,1,1798331,1797873,458
143057641,62.4572,68.0343,452,33720,0.140091,0.41,1,1798400,1797948,452
143060561,70.0914,74.4069,448,33783,0.132018,0.31,1,1798472,1798024,448
143063481,38.0183,44.4814,441,33846,0.178404,0.33,1,1798502,1798061,441
143066401,32.4037,35.2963,439,33908,0.187681,0.31,1,1798533,1798094,439
143069321,33.6807,35.8593,437,33970,0.173536,0.27,1,1798567,1798130,437
143072241,19.5361,21.5719,435,34032,0.202707,0.31,1,1798583,1798148,435
143075161,31.1072,30.7144,436,34094,0.256541,0.27,1,1798617,1798181,436
143078081,34.2214,35.7429,434,34156,0.283308,0.27,1,1798652,1798218,434
143081001,33.2443,35.1486,432,34218,0.256662,0.27,1,1798685,1798253,432
143083921,40.2489,7.02971,474,34280,0.299332,0.21,1,1798727,1798253,474
143086841,34.4498,35.8059,464,34342,0.291866,0.17,1,1798760,1798296,464
143089761,58.89,35.1612,494,34404,0.338373,0.13,1,1798825,1798331,494
143092681,70.178,62.2322,498,34465,0.395675,0.13,1,1798898,1798400,498
143095601,39.6356,70.0464,458,34526,0.391135,0.19,1,1798930,1798472,458
143098521,35.1271,38.0093,462,34587,0.358227,0.19,1,1798964,1798502,462
143101441,34.2254,32.4019,465,34648,0.351645,0.17,1,1798998,1798533,465
143104361,19.6451,33.6804,447,34709,0.366329,0.21,1,1799014,1798567,447
143107281,31.929,19.5361,466,34770,0.385266,0.27,1,1799049,1798583,466
143110201,35.9858,31.1072,469,34831,0.373053,0.29,1,1799086,1798617,469
143113121,31.1972,34.2214,464,34892,0.370611,0.25,1,1799116,1798652,464
143116041,43.8394,33.2443,478,34953,0.402122,0.31,1,1799163,1798685,478
143118961,34.3679,40.2489,468,35013,0.424424,0.29,1,1799195,1798727,468
143121881,62.8736,34.4498,505,35073,0.460885,0.35,1,1799265,1798760,505
143124801,72.5747,58.89,515,35133,0.452177,0.41,1,1799340,1798825,515
143127721,38.5149,70.178,472,35193,0.466435,0.39,1,1799370,1798898,472
143130641,33.303,39.6356,472,35253,0.469287,0.35,1,1799402,1798930,472
143133561,34.6606,35.1271,473,35313,0.501857,0.35,1,1799437,1798964,473
143136481,19.7321,34.2254,455,35373,0.492371,0.37,1,1799453,1798998,455
143139401,32.7464,19.6451,475,35433,0.522474,0.39,1,1799489,1799014,475
143142321,35.3493,31.929,476,35493,0.528495,0.37,1,1799525,1799049,476
143145241,31.0699,35.9858,469,35553,0.545699,0.37,1,1799555,1799086,469
143148161,46.214,31.1972,489,35612,0.56514,0.41,1,1799605,1799116,489
143151081,35.6428,43.8394,475,35671,0.585028,0.43,1,1799638,1799163,475
143154001,8.72856,34.3679,445,35730,0.589006,0.47,1,1799640,1799195,445
143156921,57.7457,62.8736,445,35789,0.685801,0.45,1,1799710,1799265,445
143159841,71.5491,72.5747,445,35848,0.72116,0.47,1,1799785,1799340,445
143162761,38.3098,38.5149,445,35907,0.696232,0.47,1,1799815,1799370,445
143165681,33.262,33.303,445,35966,0.739246,0.51,1,1799847,1799402,445
143168601,34.6524,34.6606,445,36025,0.763849,0.49,2,1799882,1799437,445
143171521,20.5305,19.7321,446,36084,0.75277,0.53,2,1799899,1799453,446
143174441,34.5061,32.7464,448,36143,0.766554,0.53,2,1799937,1799489,448
143177361,35.7012,35.3493,448,36201,0.817311,0.55,2,1799973,1799525,448
143180281,31.9402,31.0699,449,36259,0.811462,0.57,2,1800004,1799555,449
143183201,47.9881,46.214,451,36317,0.842292,0.59,2,1800056,1799605,451
143186121,38.3976,35.6428,454,36375,0.848458,0.59,2,1800092,1799638,454
143189041,9.27952,8.72856,454,36433,0.849692,0.71,2,1800094,1799640,454
143191961,58.6559,57.7457,455,36491,0.865938,0.73,2,1800165,1799710,455
143194881,72.5312,71.5491,456,36549,0.901188,0.69,2,1800241,1799785,456
143197801,38.5062,38.3098,456,36607,0.908238,0.75,2,1800271,1799815,456
143200721,34.1012,33.262,457,36665,0.909648,0.77,2,1800304,1799847,457
143203641,35.6202,34.6524,458,36723,0.90993,0.75,2,1800340,1799882,458
143206561,21.5241,20.5305,459,36781,0.941986,0.77,2,1800358,1799899,459
143403661,138,150,498,18482,0.77,1,2,1803112,1802614,498
143406581,90.8,83.6,510,18597,0.786,0.83,2,1803191,1802681,510
143409501,72.56,87.92,489,18711,0.8372,0.71,2,1803259,1802770,489
143412421,37.712,62.384,462,18824,0.86344,0.79,2,1803288,1802826,462
143415341,34.7424,34.0768,469,18937,0.852688,0.79,2,1803322,1802853,469
143418261,95.7485,103.615,459,19049,0.914538,0.77,2,1803433,1802974,459
143421181,128.75,131.123,458,19160,0.910908,0.79,2,1803570,1803112,458
143502941,95,86,491,22049,0.41,1,1,1805660,1805169,491
143505861,47,46,490,22145,0.362,1,1,1805695,1805205,490
143508781,34.2,31.6,493,22241,0.3044,1,1,1805726,1805233,493
143511701,58.84,65.52,484,22336,0.11688,1,1,1805791,1805307,484
143514621,40.568,43.504,482,22431,0.031376,0.9,1,1805827,1805345,482
143517541,97.7136,109.501,468,22526,0.0942752,0.9,1,1805939,1805471,468
143520461,83.5427,21.9002,548,22620,0.090855,0.65,1,1806019,1805471,548
143523381,84.7085,79.58,539,22714,0.074171,0.41,1,1806104,1805565,539
143526301,40.1417,91.916,473,22807,0.0548342,0.35,1,1806133,1805660,473
143529221,28.0283,46.3832,463,22900,0.0829668,0.29,1,1806158,1805695,463
143532141,51.2057,34.0766,489,22993,0.120593,0.07,1,1806215,1805726,489
143535061,36.6411,58.8153,457,23085,0.0641187,0.01,1,1806248,1805791,457
143537981,99.3282,40.5631,536,23177,0.0848237,0.11,1,1806363,1805827,536
143540901,84.6656,97.7126,505,23268,0.136965,0.09,1,1806444,1805939,505
143543821,84.1331,83.5425,509,23359,0.163393,0.07,1,1806528,1806019,509
143546741,39.2266,84.7085,452,23450,0.200679,0.05,1,1806556,1806104,452
143549661,29.4453,40.1417,450,23540,0.208136,0.09,1,1806583,1806133,450
143552581,51.4891,28.0283,482,23630,0.241627,0.13,1,1806640,1806158,482
143555501,34.2978,51.2057,455,23720,0.248325,0.05,1,1806670,1806215,455
143558421,99.6596,36.6411,538,23809,0.265665,0.09,1,1806786,1806248,538
143561341,88.7319,99.3282,509,23898,0.317133,0.15,1,1806872,1806363,509
143564261,86.5464,84.6656,514,23987,0.327427,0.17,1,1806958,1806444,514
143567181,18.9093,84.1331,432,24075,0.329485,0.21,1,1806960,1806528,432
143570101,26.1819,39.2266,432,24163,0.361897,0.21,1,1806988,1806556,432
143573021,26.8364,29.4453,432,24251,0.384379,0.25,1,1807015,1806583,432
143575941,52.5673,51.4891,434,24338,0.436876,0.25,1,1807074,1806640,434
143578861,34.5135,34.2978,434,24425,0.431375,0.27,1,1807104,1806670,434
143581781,100.503,99.6596,435,24512,0.494275,0.33,1,1807221,1806786,435
143584701,91.3005,88.7319,438,24598,0.522855,0.33,1,1807310,1806872,438
143587621,87.0601,86.5464,438,24684,0.640571,0.33,1,1807396,1806958,438
143590541,19.012,18.9093,438,24770,0.664114,0.37,1,1807398,1806960,438
143593461,26.2024,26.1819,438,24856,0.700823,0.39,1,1807426,1806988,438
143596381,27.6405,26.8364,439,24941,0.708165,0.45,1,1807454,1807015,439
143599301,55.9281,52.5673,443,25026,0.741633,0.43,1,1807517,1807074,443
143602221,35.1856,34.5135,443,25111,0.748327,0.51,1,1807547,1807104,443
143605141,102.237,100.503,445,25195,0.765665,0.53,2,1807666,1807221,445
143608061,94.0474,91.3005,448,25279,0.769133,0.67,2,1807758,1807310,448
143610981,91.6095,87.0601,453,25363,0.785827,0.67,2,1807849,1807396,453
143613901,19.9219,19.012,453,25447,0.757165,0.67,2,1807851,1807398,453
143616821,27.1844,3.8024,482,25530,0.735433,0.71,1,1807880,1807398,482
143619741,27.8369,23.1605,482,25613,0.731087,0.71,1,1807908,1807426,482
143622661,57.5674,27.0321,519,25696,0.730217,0.75,1,1807973,1807454,519
143625581,35.5135,55.8064,486,25778,0.746043,0.75,1,1808003,1807517,486
143628501,103.103,35.1613,576,25860,0.733209,0.77,1,1808123,1807547,576
143631421,95.8205,102.232,551,25942,0.762642,0.77,2,1808217,1807666,551
143634341,91.1641,94.0464,549,26024,0.800528,0.79,2,1808307,1807758,549
143637261,19.8328,91.6093,460,26105,0.808106,0.75,2,1808309,1807849,460
143640181,26.3666,19.9219,486,26186,0.825621,0.73,2,1808337,1807851,486
143643101,27.6733,27.1844,485,26267,0.861124,0.73,2,1808365,1807880,485
143739461,44,89,506,28808,0.53,1,1,1810234,1809728,506
143742381,34.4,42.6,507,28881,0.466,1,1,1810266,1809759,507
143745301,33.28,30.92,512,28954,0.3092,1,1,1810299,1809787,512
143748221,25.856,30.184,506,29027,0.29384,1,1,1810323,1809817,506
143751141,28.3712,19.6368,518,29100,0.242768,1,1,1810352,1809834,518
143754061,20.0742,27.1274,507,29173,0.104554,0.92,1,1810370,1809863,507
143756981,88.8149,28.6255,584,29246,0.0449107,0.93,1,1810476,1809892,584
143759901,91.363,92.9251,567,29318,0.0329821,0.81,1,1810568,1810001,567
143762821,75.8726,102.585,534,29390,0.0305964,0.67,1,1810640,1810106,534
143765741,45.5745,87.717,488,29462,0.110119,0.53,1,1810678,1810190,488
143768661,33.1149,52.7434,474,29534,0.0780239,0.45,1,1810708,1810234,474
143771581,28.223,36.1487,469,29606,0.0556048,0.27,1,1810735,1810266,469
143774501,20.0446,33.6297,454,29677,0.051121,0.29,1,1810753,1810299,454
143777421,22.4089,25.9259,453,29748,0.0662242,0.23,1,1810776,1810323,453
143780341,17.2818,28.3852,440,29819,0.101245,0.07,1,1810792,1810352,440
143783261,5.05636,20.077,424,29890,0.108249,0.03,1,1810794,1810370,424
143786181,85.0113,88.8154,423,29961,0.0616498,0.03,1,1810899,1810476,423
143789101,92.2023,91.3631,425,30032,0.08433,0.03,1,1810993,1810568,425
143792021,74.4405,75.8726,423,30102,0.104866,0.13,1,1811063,1810640,423
143794941,49.2881,45.5745,428,30172,0.108973,0.07,1,1811106,1810678,428
143797861,31.4576,33.1149,425,30242,0.0777946,0.05,1,1811133,1810708,425
143800781,27.0915,28.223,424,30312,0.0875589,0.05,1,1811159,1810735,424
143803701,21.4183,20.0446,426,30382,0.0895118,0.07,1,1811179,1810753,426
143806621,21.8837,22.4089,425,30452,0.0899024,0.11,1,1811201,1810776,425
143809541,18.7767,17.2818,427,30521,0.10598,0.11,1,1811219,1810792,427
143812461,5.35535,5.05636,427,30590,0.141196,0.05,1,1811221,1810794,427
143815381,81.0711,85.0113,422,30659,0.164239,0.09,1,1811321,1810899,422
143818301,93.0142,92.2023,424,30728,0.184848,0.11,1,1811417,1810993,424
143821221,73.0028,74.4405,422,30797,0.15697,0.11,1,1811485,1811063,422
143824141,51.4006,49.2881,425,30866,0.151394,0.07,1,1811531,1811106,425
143827061,32.6801,31.4576,426,30935,0.166279,0.09,1,1811559,1811133,426
143829981,27.336,27.0915,426,31003,0.169256,0.09,1,1811585,1811159,426
143832901,21.4672,21.4183,426,31071,0.137851,0.09,1,1811605,1811179,426
143835821,22.6934,21.8837,427,31139,0.16357,0.11,1,1811628,1811201,427
143838741,18.9387,18.7767,427,31207,0.136714,0.15,1,1811646,1811219,427
143841661,5.38774,5.35535,427,31275,0.131343,0.17,1,1811648,1811221,427
143844581,81.8776,81.0711,428,31343,0.130269,0.17,1,1811749,1811321,428
143847501,93.1755,16.2142,524,31411,0.114054,0.19,1,1811845,1811321,524
143850421,71.4351,80.0428,494,31478,0.142811,0.15,1,1811911,1811417,494
143853341,51.087,70.4086,472,31545,0.180562,0.15,1,1811957,1811485,472
143856261,33.4174,50.8817,455,31612,0.172112,0.17,1,1811986,1811531,455
143859181,27.4835,32.5763,453,31679,0.170422,0.17,1,1812012,1811559,453
143862101,22.2967,27.3153,448,31746,0.218084,0.13,1,1812033,1811585,448
143865021,22.0593,21.4631,450,31813,0.227617,0.17,1,1812055,1811605,450
143867941,18.8119,22.6926,445,31880,0.245523,0.13,1,1812073,1811628,445
143870861,5.36237,18.9385,429,31946,0.249105,0.13,1,1812075,1811646,429
143873781,80.2725,5.3877,526,32012,0.297821,0.13,1,1812174,1811648,526
143876701,94.4545,81.8775,523,32078,0.339564,0.11,1,1812272,1811749,523
143879621,72.4909,93.1755,494,32144,0.395913,0.15,1,1812339,1811845,494
143882541,52.8982,71.4351,476,32210,0.423183,0.19,1,1812387,1811911,476
143885461,32.9796,51.087,458,32276,0.428637,0.17,1,1812415,1811957,458
143888381,28.9959,33.4174,457,32342,0.429727,0.17,1,1812443,1811986,457
143891301,23.3992,27.4835,453,32407,0.429945,0.23,1,1812465,1812012,453
143894221,23.0798,22.2967,455,32472,0.445989,0.23,1,1812488,1812033,455
143897141,19.016,22.0593,451,32537,0.433198,0.25,1,1812506,1812055,451
143900061,5.40319,18.8119,435,32602,0.43064,0.25,1,1812508,1812073,435
143902981,82.6806,5.36237,535,32667,0.478128,0.31,1,1812610,1812075,535
143905901,97.3361,80.2725,537,32732,0.519626,0.35,1,1812711,1812174,537
143908821,21.0672,94.4545,441,32797,0.527925,0.41,1,1812713,1812272,441
143911741,58.6134,72.4909,442,32861,0.561585,0.43,1,1812781,1812339,442
143914661,50.9227,52.8982,443,32925,0.600317,0.43,1,1812830,1812387,443
143917581,32.5845,32.9796,443,32989,0.608063,0.43,1,1812858,1812415,443
143920501,28.9169,28.9959,443,33053,0.609613,0.43,1,1812886,1812443,443
143923421,23.3834,23.3992,443,33117,0.625923,0.45,1,1812908,1812465,443
143926341,23.0767,23.0798,443,33181,0.645184,0.43,1,1812931,1812488,443
143929261,19.0153,19.016,443,33245,0.665037,0.43,1,1812949,1812506,443
143932181,5.40307,5.40319,443,33309,0.717007,0.49,1,1812951,1812508,443
143935101,85.0806,82.6806,446,33372,0.727401,0.53,1,1813056,1812610,446
143938021,99.4161,97.3361,448,33435,0.85748,0.53,2,1813159,1812711,448
143940941,21.4832,21.0672,448,33498,0.851496,0.57,2,1813161,1812713,448
143943861,61.0966,58.6134,451,33561,0.882299,0.61,2,1813232,1812781,451
143946781,52.2193,50.9227,452,33624,0.92046,0.61,2,1813282,1812830,452
143949701,32.8439,32.5845,452,33687,0.896092,0.61,2,1813310,1812858,452
143952621,29.7688,28.9169,453,33750,0.907218,0.63,2,1813339,1812886,453
143955541,23.5538,23.3834,453,33813,0.877444,0.65,2,1813361,1812908,453
143958461,24.7108,23.0767,455,33876,0.887489,0.67,2,1813386,1812931,455
143961381,20.1421,19.0153,456,33938,0.889498,0.73,2,1813405,1812949,456
143964301,5.62843,5.40307,456,34000,0.8899,0.73,2,1813407,1812951,456
143967221,86.7257,85.0806,458,34062,0.93798,0.89,2,1813514,1813056,458
143970141,104.545,99.4161,464,34124,0.931596,0.85,2,1813623,1813159,464
143973061,22.509,21.4832,464,34186,0.930319,0.89,2,1813625,1813161,464
144107381,34,30,489,36924,0.75,1,2,1815559,1815070,489
144110301,47.6,39.6,498,36981,0.558,1,1,1815610,1815112,498
144113221,41.52,55.92,478,37038,0.6316,1,1,1815650,1815172,478
144116141,40.304,35.184,488,37095,0.63032,0.96,1,1815690,1815202,488
144119061,32.8608,29.4368,491,37152,0.582064,0.96,1,1815721,1815230,491
144121981,18.5722,5.88736,506,37209,0.588413,1,1,1815736,1815230,506
144124901,14.9144,17.9775,499,37266,0.621683,1,1,1815750,1815251,499
144127821,15.7829,13.9955,502,37323,0.580337,1,1,1815766,1815264,502
144130741,27.1566,24.3991,505,37380,0.524067,0.84,1,1815796,1815291,505
144133661,24.6313,31.2798,496,37437,0.496813,0.99,1,1815820,1815324,496
144136581,52.1263,27.856,528,37493,0.459363,0.89,1,1815879,1815351,528
144139501,92.8253,56.7712,567,37549,0.387873,0.75,1,1815982,1815415,567
144142421,44.1651,99.3542,489,37605,0.421575,0.75,1,1816014,1815525,489
144145341,44.833,47.0708,500,37661,0.380315,0.51,1,1816059,1815559,500
144148261,44.1666,50.2142,493,37717,0.388063,0.65,1,1816103,1815610,493
144151181,40.0333,42.0428,492,37773,0.389613,0.63,1,1816142,1815650,492
144154101,32.0067,40.4086,482,37829,0.421923,0.57,1,1816172,1815690,482
144157021,19.2013,32.8817,467,37885,0.412384,0.59,1,1816188,1815721,467
144159941,11.0403,18.5763,461,37941,0.410477,0.63,1,1816197,1815736,461
144162861,15.8081,14.9153,464,37997,0.490095,0.57,1,1816214,1815750,464
144165781,24.7616,15.7831,475,38053,0.490019,0.51,1,1816241,1815766,475
144168701,23.3523,27.1566,468,38109,0.474004,0.49,1,1816264,1815796,468
144171621,51.8705,24.6313,503,38164,0.454801,0.45,1,1816323,1815820,503
144174541,90.3741,52.1263,544,38219,0.49896,0.37,1,1816423,1815879,544
144177461,43.6748,92.8253,473,38274,0.523792,0.43,1,1816455,1815982,473
144180381,41.535,44.1651,482,38329,0.496758,0.37,1,1816496,1816014,482
144183301,45.907,44.833,484,38384,0.523352,0.39,1,1816543,1816059,484
144186221,40.3814,44.1666,479,38439,0.59267,0.39,1,1816582,1816103,479
144189141,32.8763,40.0333,471,38494,0.558534,0.43,1,1816613,1816142,471
144192061,20.1753,32.0067,458,38549,0.599707,0.41,1,1816630,1816172,458
144194981,12.0351,19.2013,452,38604,0.655941,0.41,1,1816640,1816188,452
144197901,4.00701,11.0403,445,38659,0.667188,0.51,1,1816642,1816197,445
144200821,16.0014,15.8081,447,38714,0.685438,0.49,1,1816661,1816214,447
144203741,22.4003,24.7616,444,38769,0.689088,0.47,1,1816685,1816241,444
144206661,23.6801,23.3523,445,38823,0.721818,0.45,1,1816709,1816264,445
144209581,52.736,51.8705,446,38877,0.728364,0.51,1,1816769,1816323,446
144212501,91.3472,90.3741,447,38931,0.777673,0.53,2,1816870,1816423,447
144215421,43.0694,43.6748,446,38985,0.787535,0.49,2,1816901,1816455,446
144218341,41.4139,41.535,446,39039,0.805507,0.53,2,1816942,1816496,446
144221261,49.0828,45.907,450,39093,0.825101,0.61,2,1816993,1816543,450
144224181,41.0166,40.3814,450,39147,0.87702,0.55,2,1817032,1816582,450
144227101,35.4033,32.8763,453,39201,0.887404,0.61,2,1817066,1816613,453
144230021,22.2807,20.1753,455,39255,0.905481,0.67,2,1817085,1816630,455
144232941,12.4561,12.0351,455,39309,0.893096,0.67,2,1817095,1816640,455
144235861,4.09123,4.00701,455,39363,0.922619,0.69,2,1817097,1816642,455
144238781,16.8182,16.0014,456,39417,0.896524,0.69,2,1817117,1816661,456
144241701,22.5636,22.4003,456,39471,0.923305,0.73,2,1817141,1816685,456
144443181,106,142,495,19203,0.43,0.73,1,1819809,1819314,495
144446101,98.8,98.8,504,19314,0.446,0.43,1,1819906,1819402,504
144449021,66.16,91.76,472,19424,0.5292,0.39,1,1819964,1819492,472
144451941,49.232,70.352,452,19533,0.57784,0.41,1,1820009,1819557,452
144454861,38.6464,42.8704,452,19642,0.635568,0.33,1,1820045,1819593,452
144457781,88.5293,30.9741,525,19750,0.663114,0.47,1,1820146,1819621,525
144460701,101.706,71.7948,548,19857,0.652623,0.43,1,1820251,1819703,548
144463621,100.341,99.159,542,19964,0.698525,0.45,1,1820351,1819809,542
144466541,67.2682,97.4318,504,20070,0.707705,0.55,1,1820410,1819906,504
144469461,52.6536,65.8864,495,20176,0.709541,0.59,1,1820459,1819964,495
144472381,40.1307,49.1773,487,20281,0.725908,0.65,1,1820496,1820009,487
144475301,89.6261,38.6355,553,20386,0.809182,0.67,2,1820598,1820045,553
144478221,102.725,88.5271,558,20490,0.857836,0.65,2,1820704,1820146,558
144481141,101.345,101.705,554,20594,0.931567,0.71,2,1820805,1820251,554
144586261,29,105,498,24024,0.35,1,1,1823218,1822720,498
144589181,32.2,47.4,498,24112,0.238,1,1,1823251,1822753,498
144592101,60.84,64.68,497,24200,0.0476,1,1,1823319,1822822,497
144595021,39.368,36.936,501,24288,0.08152,1,1,1823353,1822852,501
144597941,80.6736,95.3872,482,24375,0.024304,0.97,1,1823444,1822962,482
144600861,36.9347,48.6774,471,24462,0.0768608,0.67,1,1823470,1822999,471
144603781,56.9869,72.9355,454,24549,0.103372,0.41,1,1823532,1823078,454
144606701,86.5974,103.387,437,24635,0.124674,0.35,1,1823626,1823189,437
144609621,38.1195,43.8774,434,24721,0.128935,0.21,1,1823652,1823218,434
144612541,29.2239,35.1755,428,24807,0.097787,0,1,1823679,1823251,428
144615461,60.2448,61.4351,428,24892,0.0275574,0.09,1,1823747,1823319,428
144618381,36.849,39.487,425,24977,0.0295115,0.01,1,1823778,1823353,425
144621301,79.3698,80.6974,424,25062,0.0459023,0.09,1,1823868,1823444,424
144624221,38.274,36.9395,426,25147,0.0811805,0.11,1,1823896,1823470,426
144627141,58.0548,56.9879,427,25231,0.0882361,0.13,1,1823959,1823532,427
144630061,86.011,86.5976,426,25315,0.169647,0.13,1,1824052,1823626,426
144632981,39.6022,38.1195,428,25399,0.185929,0.09,1,1824080,1823652,428
144635901,26.3204,29.2239,424,25482,0.141186,0.09,1,1824103,1823679,424
144638821,57.2641,5.84478,489,25565,0.148237,0.01,1,1824168,1823679,489
144641741,38.6528,55.569,455,25648,0.149647,0.03,1,1824202,1823747,455
144644661,78.1306,35.9138,512,25731,0.117929,0.05,1,1824290,1823778,512
144647581,38.8261,79.1828,451,25813,0.0955859,0.09,1,1824319,1823868,451
144650501,60.5652,38.2366,489,25895,0.123117,0.09,1,1824385,1823896,489
144653421,88.113,58.0473,521,25977,0.208623,0.19,1,1824480,1823959,521
144656341,40.0226,86.0095,456,26059,0.257725,0.19,1,1824508,1824052,456
144659261,25.6045,39.6019,450,26140,0.267545,0.13,1,1824530,1824080,450
144662181,57.9209,26.3204,493,26221,0.285509,0.15,1,1824596,1824103,493
144665101,38.7842,57.2641,462,26302,0.337102,0.15,1,1824630,1824168,462
144668021,76.5568,38.6528,514,26383,0.36342,0.11,1,1824716,1824202,514
144670941,37.7114,78.1306,454,26463,0.368684,0.09,1,1824744,1824290,454
144673861,61.9423,38.8261,493,26543,0.433737,0.13,1,1824812,1824319,493
144676781,93.9885,60.5652,529,26623,0.462747,0.23,1,1824914,1824385,529
144679701,41.1977,88.113,462,26703,0.468549,0.27,1,1824942,1824480,462
144682621,25.8395,40.0226,456,26782,0.46971,0.27,1,1824964,1824508,456
144685541,58.7679,25.6045,501,26861,0.485942,0.29,1,1825031,1824530,501
144688461,13.3536,57.9209,437,26940,0.489188,0.35,1,1825033,1824596,437
144691381,31.4707,38.7842,439,27019,0.489838,0.37,1,1825069,1824630,439
144694301,75.8941,76.5568,440,27097,0.489968,0.37,1,1825156,1824716,440
144697221,38.3788,37.7114,441,27175,0.473994,0.45,1,1825185,1824744,441
144700141,64.4758,61.9423,444,27253,0.534799,0.47,1,1825256,1824812,444
144703061,95.2952,93.9885,445,27331,0.54696,0.47,1,1825359,1824914,445
144705981,41.459,41.1977,445,27408,0.565392,0.47,1,1825387,1824942,445
144708901,25.8918,25.8395,445,27485,0.601078,0.49,1,1825409,1824964,445
144711821,59.5784,58.7679,446,27562,0.640216,0.49,1,1825477,1825031,446
144714741,13.5157,13.3536,446,27639,0.680043,0.49,1,1825479,1825033,446
144717661,29.9031,31.4707,444,27716,0.704009,0.49,1,1825513,1825069,444
144720581,75.5806,75.8941,444,27792,0.724802,0.47,1,1825600,1825156,444
144723501,39.1161,38.3788,445,27868,0.71296,0.55,1,1825630,1825185,445
144726421,66.2232,64.4758,447,27944,0.758592,0.55,2,1825703,1825256,447
144729341,97.2446,95.2952,449,28020,0.847718,0.57,2,1825808,1825359,449
144732261,42.6489,41.459,450,28096,0.865544,0.61,2,1825837,1825387,450
144735181,26.1298,25.8918,450,28171,0.837109,0.65,2,1825859,1825409,450
144738101,62.826,59.5784,454,28246,0.847422,0.69,2,1825931,1825477,454
144741021,14.1652,13.5157,454,28321,0.849484,0.71,2,1825933,1825479,454
144743941,30.833,29.9031,455,28396,0.833897,0.71,2,1825968,1825513,455
144746861,75.7666,5.98063,542,28471,0.846779,0.73,2,1826055,1825513,542
144749781,39.9533,70.7961,486,28545,0.881356,0.71,2,1826086,1825600,486
144752701,69.5907,38.1592,533,28619,0.872271,0.77,2,1826163,1825630,533
144755621,99.5181,66.0318,567,28693,0.902454,0.87,2,1826270,1825703,567
144758541,43.1036,97.2064,491,28767,0.924491,0.87,2,1826299,1825808,491
144878261,63,24,547,31642,0.57,1,1,1828306,1827759,547
144881181,54.2,68,520,31709,0.458,1,1,1828358,1827838,520
144884101,40.44,41.6,522,31776,0.3396,1,1,1828395,1827873,522
144887021,46.488,34.72,537,31843,0.28392,1,1,1828443,1827906,537
144889941,34.0976,49.344,515,31909,0.160784,1,1,1828474,1827959,515
144892861,31.6195,39.4688,509,31975,0.152157,1,1,1828505,1827996,509
144895781,29.5239,23.8938,518,32041,0.102431,1,1,1828534,1828016,518
144898701,80.3048,35.1788,573,32107,0.0284863,1,1,1828627,1828054,573
144901621,64.061,88.6357,531,32173,0.0456973,0.84,1,1828687,1828156,531
144904541,25.6122,68.9271,483,32239,0.0171394,0.85,1,1828703,1828220,483
144907461,48.3224,32.1854,514,32305,0.0114279,0.57,1,1828757,1828243,514
144910381,44.8645,56.8371,495,32370,0.0262856,0.43,1,1828801,1828306,495
144913301,34.5729,52.9674,475,32435,0.0292571,0.31,1,1828833,1828358,475
144916221,40.5146,40.1935,480,32500,0.0298514,0.27,1,1828875,1828395,480
144919141,32.1029,46.4387,462,32565,0.0139703,0.13,1,1828905,1828443,462
144922061,28.0206,34.0877,458,32630,0.0267941,0.15,1,1828932,1828474,458
144924981,26.4041,31.6175,453,32695,0.0293588,0.09,1,1828958,1828505,453
144927901,78.8808,29.5235,516,32760,0.0938718,0.01,1,1829050,1828534,516
144930821,17.3762,80.3047,425,32825,0.0747744,0.05,1,1829052,1828627,425
144933741,49.8752,64.0609,423,32889,0.0389549,0.01,1,1829110,1828687,423
144936661,22.775,25.6122,423,32953,0.031791,0.01,1,1829126,1828703,423
144939581,47.755,48.3224,423,33017,0.0623582,0.03,1,1829180,1828757,423
144942501,45.551,44.8645,424,33081,0.0524716,0.03,1,1829225,1828801,424
144945421,34.7102,34.5729,424,33145,0.0344943,0.03,1,1829257,1828833,424
144948341,38.942,40.5146,422,33209,0.0628989,0.01,1,1829297,1828875,422
144951261,32.5884,32.1029,423,33273,0.0685798,0.03,1,1829328,1828905,423
144954181,28.1177,28.0206,423,33337,0.069716,0.03,1,1829355,1828932,423
144957101,26.4235,26.4041,423,33400,0.0379432,0.11,1,1829381,1828958,423
144960021,80.4847,78.8808,425,33463,0.0315886,0.07,1,1829475,1829050,425
144962941,17.6969,17.3762,425,33526,0.00631773,0.03,1,1829477,1829052,425
144965861,47.5394,49.8752,422,33589,0.0252635,0.03,1,1829532,1829110,422
144968781,22.3079,22.775,422,33652,0.0290527,0.07,1,1829548,1829126,422
144971701,48.4616,47.755,423,33715,0.0778105,0.05,1,1829603,1829180,423
144974621,47.2923,45.551,425,33778,0.0555621,0.03,1,1829650,1829225,425
144977541,32.6585,34.7102,422,33841,0.0351124,0.07,1,1829679,1829257,422
144980461,39.3317,38.942,423,33903,0.0310225,0.07,1,1829720,1829297,423
144983381,32.6663,32.5884,423,33965,0.0302045,0.07,1,1829751,1829328,423
144986301,28.1333,28.1177,423,34027,0.0300409,0.03,1,1829778,1829355,423
144989221,27.2267,26.4235,424,34089,0.0780082,0.03,1,1829805,1829381,424
144992141,79.0453,80.4847,422,34151,0.0556016,0,1,1829897,1829475,422
144995061,17.4091,17.6969,422,34213,0.0511203,0,1,1829899,1829477,422
144997981,46.6818,3.53939,476,34275,0.0822241,0.03,1,1829953,1829477,476
145000901,22.1364,44.7079,437,34337,0.0164448,0.03,1,1829969,1829532,437
145003821,50.0273,21.7416,478,34399,0.043289,0.09,1,1830026,1829548,478
145006741,46.0055,48.3483,468,34460,0.0326578,0.05,1,1830071,1829603,468
145009661,32.4011,47.2697,450,34521,0.0305316,0.03,1,1830100,1829650,450
145012581,39.2802,32.6539,462,34582,0.0941063,0.03,1,1830141,1829679,462
145015501,32.656,39.3308,452,34643,0.0268213,0.03,1,1830172,1829720,452
145018421,29.7312,32.6662,450,34704,0.0613642,0.03,1,1830201,1829751,450
145021341,29.1462,28.1332,452,34765,0.0842729,0.09,1,1830230,1829778,452
145024261,76.2292,27.2266,513,34826,0.0408546,0.05,1,1830318,1829805,513
145027181,16.8458,79.0453,423,34887,0.0321709,0.05,1,1830320,1829897,423
145030101,46.5692,17.4091,475,34948,0.0944342,0.09,1,1830374,1829899,475
145033021,22.1138,46.6818,437,35008,0.0748868,0,1,1830390,1829953,437
145035941,51.6228,22.1364,480,35068,0.0869774,0.05,1,1830449,1829969,480
145038861,45.5246,50.0273,467,35128,0.105395,0.03,1,1830493,1830026,467
145041781,34.7049,46.0055,454,35188,0.109079,0.03,1,1830525,1830071,454
145044701,38.941,32.4011,465,35248,0.125816,0.11,1,1830565,1830100,465
145047621,30.1882,39.2802,452,35308,0.129163,0.01,1,1830593,1830141,452
145050541,31.6376,32.656,453,35368,0.145833,0.07,1,1830625,1830172,453
145053461,30.3275,29.7312,454,35428,0.133167,0.09,1,1830655,1830201,454
145056381,74.0655,29.1462,510,35488,0.130633,0.03,1,1830740,1830230,510
145059301,16.4131,76.2292,424,35548,0.130127,0.03,1,1830742,1830318,424
145062221,49.6826,16.8458,480,35607,0.130025,0.11,1,1830800,1830320,480
145065141,21.9365,46.5692,441,35666,0.146005,0.07,1,1830815,1830374,441
145068061,5.9873,22.1138,427,35725,0.149201,0.09,1,1830817,1830390,427
145070981,47.5975,51.6228,426,35784,0.19784,0.11,1,1830875,1830449,426
145073901,45.5195,45.5246,427,35843,0.159568,0.11,1,1830920,1830493,427
145076821,34.7039,34.7049,427,35902,0.151914,0.13,1,1830952,1830525,427
145079741,39.7408,38.941,428,35961,0.182383,0.13,1,1830993,1830565,428
145082661,31.1482,30.1882,429,36020,0.220477,0.15,1,1831022,1830593,429
145085581,32.6296,31.6376,430,36079,0.212095,0.13,1,1831055,1830625,430
145088501,28.9259,30.3275,428,36138,0.226419,0.13,1,1831083,1830655,428
145091421,73.7852,74.0655,428,36196,0.293284,0.13,1,1831168,1830740,428
145094341,16.357,16.4131,428,36254,0.274657,0.13,1,1831170,1830742,428
145097261,49.6714,49.6826,428,36312,0.286931,0.15,1,1831228,1830800,428
145100181,21.1343,21.9365,427,36370,0.353386,0.15,1,1831242,1830815,427
145103101,5.82686,5.9873,427,36428,0.334677,0.21,1,1831244,1830817,427
145106021,49.9654,47.5975,430,36486,0.346935,0.15,1,1831305,1830875,430
145108941,45.1931,45.5195,429,36544,0.333387,0.15,1,1831349,1830920,429
145111861,34.6386,34.7039,429,36602,0.346677,0.19,1,1831381,1830952,429
145114781,41.3277,39.7408,431,36660,0.381335,0.23,1,1831424,1830993,431
145117701,31.4655,31.1482,431,36718,0.404267,0.21,1,1831453,1831022,431
145120621,31.8931,32.6296,430,36776,0.392853,0.23,1,1831485,1831055,430
145123541,29.5786,28.9259,431,36833,0.406571,0.31,1,1831514,1831083,431
145126461,77.1157,73.7852,435,36890,0.457314,0.27,1,1831603,1831168,435
145129381,17.0231,16.357,435,36947,0.435463,0.29,1,1831605,1831170,435
145132301,50.6046,49.6714,436,37004,0.479093,0.37,1,1831664,1831228,436
145135221,22.9209,21.1343,438,37061,0.455819,0.33,1,1831680,1831242,438
145138141,6.18418,5.82686,438,37118,0.451164,0.35,1,1831682,1831244,438
145141061,49.2368,49.9654,437,37175,0.450233,0.35,1,1831742,1831305,437
145143981,45.8474,9.99307,482,37232,0.498047,0.33,1,1831787,1831305,482
145146901,35.5695,37.1986,471,37289,0.539609,0.35,1,1831820,1831349,471
145149821,42.3139,33.0397,483,37346,0.547922,0.39,1,1831864,1831381,483
145152741,31.6628,41.0079,469,37403,0.565584,0.41,1,1831893,1831424,469
145155661,31.9326,31.4016,472,37459,0.569117,0.39,1,1831925,1831453,472
145158581,29.5865,31.8803,469,37515,0.569823,0.41,1,1831954,1831485,469
145161501,78.7173,29.5761,531,37571,0.585965,0.47,1,1832045,1831514,531
145164421,17.3435,77.1152,444,37627,0.589193,0.43,1,1832047,1831603,444
145167341,51.4687,17.023,502,37683,0.637839,0.49,1,1832107,1831605,502
145170261,23.0937,50.6046,459,37739,0.647568,0.45,1,1832123,1831664,459
145173181,6.21875,22.9209,445,37795,0.649514,0.45,1,1832125,1831680,445
145176101,49.2437,6.18418,503,37851,0.729903,0.45,1,1832185,1831682,503
145179021,48.2488,49.2368,491,37907,0.761981,0.51,2,1832233,1831742,491
145181941,37.6497,45.8474,481,37963,0.800396,0.55,2,1832268,1831787,481
145184861,44.3299,35.5695,494,38019,0.824079,0.55,2,1832314,1831820,494
145187781,31.266,42.3139,478,38075,0.828816,0.57,2,1832342,1831864,478
145190701,31.8532,31.6628,481,38130,0.845763,0.57,2,1832374,1831893,481
145193621,31.1706,31.9326,480,38185,0.865153,0.57,2,1832405,1831925,480
145196541,79.8341,29.5865,543,38240,0.901031,0.59,2,1832497,1831954,543
145199461,17.5668,78.7173,454,38295,0.908206,0.59,2,1832499,1832045,454
145202381,52.3134,17.3435,513,38350,0.877641,0.65,2,1832560,1832047,513
145205301,24.0627,51.4687,470,38405,0.871528,0.65,2,1832577,1832107,470
145208221,6.41253,23.0937,456,38460,0.902306,0.65,2,1832579,1832123,456
145211141,53.2825,6.21875,519,38515,0.924461,0.75,2,1832644,1832125,519
145214061,49.0565,49.2437,507,38570,0.912892,0.77,2,1832692,1832185,507
145216981,11.4113,48.2488,461,38625,0.910578,0.81,2,1832694,1832233,461
145219901,31.0823,37.6497,462,38680,0.926116,0.83,2,1832730,1832268,462
145377581,29,32,514,41524,0.87,1,2,1834703,1834189,514
145380501,32.2,32,515,41575,0.822,1,2,1834736,1834221,515
145383421,26.44,32,508,41626,0.8124,1,2,1834761,1834253,508
145386341,26.888,31.2,504,41677,0.71448,1,1,1834788,1834284,504
145389261,62.1776,86.24,475,41728,0.566896,1,1,1834859,1834384,475
145392181,38.0355,38.048,481,41779,0.473379,0.96,1,1834891,1834410,481
145395101,35.6071,31.6096,486,41830,0.278676,1,1,1834926,1834440,486
145398021,39.1214,31.9219,494,41880,0.175735,1,1,1834966,1834472,494
145400941,23.0243,34.3844,478,41930,0.139147,1,1,1834985,1834507,478
145403861,32.6049,30.0769,484,41980,0.0998294,1,1,1835020,1834536,484
145406781,32.121,31.6154,484,42030,0.0199659,1,1,1835052,1834568,484
145409701,21.6242,32.7231,470,42080,0.0279932,0.88,1,1835071,1834601,470
145412621,33.9248,34.5446,472,42130,0.0615986,0.93,1,1835108,1834636,472
145415541,36.385,37.3089,471,42180,0.0683197,0.87,1,1835145,1834674,471
145418461,22.477,30.6618,461,42230,0.0216639,0.81,1,1835164,1834703,461
145421381,30.0954,32.5324,460,42280,0.0443328,0.81,1,1835196,1834736,460
145424301,26.0191,26.5065,460,42330,0.0328666,0.69,1,1835221,1834761,460
145427221,24.4038,26.9013,457,42380,0.0465733,0.53,1,1835245,1834788,457
145430141,52.0808,62.1803,445,42430,0.0813147,0.45,1,1835304,1834859,445
145433061,30.4162,38.0361,438,42480,0.0402629,0.23,1,1835329,1834891,438
145435981,31.6832,35.6072,435,42530,0.128053,0.15,1,1835361,1834926,435
145438901,34.3366,39.1214,430,42580,0.129611,0.13,1,1835396,1834966,430
145441821,19.6673,23.0243,427,42630,0.129922,0.09,1,1835412,1834985,427
145444741,27.9335,32.6049,422,42680,0.129984,0,1,1835442,1835020,422
145447661,31.1867,32.121,422,42729,0.129997,0.03,1,1835474,1835052,422
145450581,21.4373,21.6242,422,42778,0.0819994,0.07,1,1835493,1835071,422
145453501,36.2875,33.9248,425,42827,0.0563999,0.07,1,1835533,1835108,425
145456421,35.2575,36.385,423,42876,0.05128,0.01,1,1835568,1835145,423
145459341,21.4515,22.477,422,42925,0.098256,0.05,1,1835586,1835164,422
145462261,29.8903,30.0954,422,42974,0.0596512,0.03,1,1835618,1835196,422
145465181,25.9781,26.0191,422,43023,0.11593,0.03,1,1835643,1835221,422
145468101,23.5956,5.20382,445,43072,0.111186,0.05,1,1835666,1835221,445
145471021,51.9191,20.2408,480,43121,0.0462372,0.09,1,1835725,1835245,480
145473941,31.9838,51.2482,448,43170,0.0972475,0.03,1,1835752,1835304,448
145476861,34.3968,30.2496,458,43219,0.107449,0.15,1,1835787,1835329,458
145479781,34.0794,31.6499,460,43268,0.12549,0.13,1,1835821,1835361,460
145482701,19.6159,34.33,441,43317,0.129098,0.13,1,1835837,1835396,441
145485621,27.9232,19.666,455,43366,0.12982,0.13,1,1835867,1835412,455
145488541,31.1846,27.9332,457,43415,0.145964,0.13,1,1835899,1835442,457
145491461,18.2369,31.1866,440,43464,0.165193,0.07,1,1835914,1835474,440
145494381,35.6474,21.4373,461,43513,0.153039,0.05,1,1835954,1835493,461
145497301,35.9295,36.2875,457,43561,0.134608,0.05,1,1835990,1835533,457
145500221,21.5859,35.2575,440,43609,0.146922,0.11,1,1836008,1835568,440
145503141,29.9172,21.4515,454,43657,0.133384,0.05,1,1836040,1835586,454
145506061,28.3834,29.8903,450,43705,0.162677,0.13,1,1836068,1835618,450
145508981,23.2767,25.9781,447,43753,0.216535,0.11,1,1836090,1835643,447
145511901,50.2553,23.5956,481,43801,0.259307,0.03,1,1836147,1835666,481
145514821,33.2511,51.9191,451,43849,0.283861,0.11,1,1836176,1835725,451
145517741,36.2502,31.9838,461,43897,0.320772,0.11,1,1836213,1835752,461
145520661,35.25,34.3968,461,43945,0.328154,0.13,1,1836248,1835787,461
145523581,19.85,34.0794,443,43993,0.329631,0.13,1,1836264,1835821,443
145526501,28.77,19.6159,458,44041,0.313926,0.13,1,1836295,1835837,458
145529421,31.354,27.9232,460,44089,0.310785,0.15,1,1836327,1835867,460
145532341,17.4708,31.1846,442,44137,0.310157,0.17,1,1836341,1835899,442
145535261,36.2942,18.2369,468,44185,0.294031,0.15,1,1836382,1835914,468
145538181,35.2588,35.6474,463,44233,0.290806,0.13,1,1836417,1835954,463
145541101,23.0518,35.9295,447,44281,0.258161,0.15,1,1836437,1835990,447
145544021,30.2104,21.5859,461,44329,0.283632,0.13,1,1836469,1836008,461
145546941,29.2421,29.9172,458,44377,0.288726,0.17,1,1836498,1836040,458
145549861,25.0484,28.3834,454,44425,0.305745,0.23,1,1836522,1836068,454
145552781,6.60968,23.2767,434,44472,0.309149,0.27,1,1836524,1836090,434
145555701,47.7219,50.2553,435,44519,0.34183,0.29,1,1836582,1836147,435
145558621,34.3444,33.2511,437,44566,0.380366,0.33,1,1836613,1836176,437
145561541,37.2689,36.2502,438,44613,0.420073,0.33,1,1836651,1836213,438
145564461,35.4538,35.25,438,44660,0.396015,0.33,1,1836686,1836248,438
145567381,19.8908,19.85,438,44707,0.423203,0.31,1,1836702,1836264,438
145570301,27.9782,28.77,437,44754,0.444641,0.31,1,1836732,1836295,437
145573221,31.1956,31.354,437,44801,0.416928,0.31,1,1836764,1836327,437
145576141,17.4391,17.4708,437,44848,0.411386,0.29,1,1836778,1836341,437
145579061,36.2878,36.2942,437,44895,0.426277,0.29,1,1836819,1836382,437
145581981,34.4576,35.2588,436,44942,0.429255,0.25,1,1836853,1836417,436
145584901,22.8915,23.0518,436,44989,0.397851,0.29,1,1836873,1836437,436
145587821,30.1783,30.2104,436,45036,0.45557,0.29,1,1836905,1836469,436
145590741,29.2357,29.2421,436,45083,0.499114,0.31,1,1836934,1836498,436
145593661,25.8471,25.0484,437,45130,0.491823,0.31,1,1836959,1836522,437
145596581,6.76943,6.60968,437,45177,0.458365,0.35,1,1836961,1836524,437
145599501,49.3539,47.7219,439,45224,0.499673,0.39,1,1837021,1836582,439
145602421,34.6708,34.3444,439,45271,0.507935,0.43,1,1837052,1836613,439
145605341,39.7342,37.2689,442,45318,0.477587,0.39,1,1837093,1836651,442
145608261,35.1468,35.4538,441,45365,0.487517,0.43,1,1837127,1836686,441
145611181,19.8294,19.8908,441,45411,0.489503,0.45,1,1837143,1836702,441
145614101,28.7659,27.9782,442,45457,0.521901,0.41,1,1837174,1836732,442
145617021,31.3532,31.1956,442,45503,0.54438,0.41,1,1837206,1836764,442
145619941,17.4706,17.4391,442,45549,0.564876,0.43,1,1837220,1836778,442
145622861,35.4941,36.2878,441,45595,0.568975,0.43,1,1837260,1836819,441
145625781,34.2988,34.4576,441,45641,0.569795,0.39,1,1837294,1836853,441
145628701,24.4598,22.8915,443,45687,0.569959,0.47,1,1837316,1836873,443
145631621,31.292,30.1783,444,45733,0.601992,0.51,1,1837349,1836905,444
145634541,30.2584,29.2357,445,45779,0.608398,0.49,1,1837379,1836934,445
145637461,25.2517,25.8471,444,45825,0.60968,0.45,1,1837403,1836959,444
145640381,6.65034,6.76943,444,45871,0.609936,0.51,1,1837405,1836961,444
145643301,50.1301,49.3539,445,45917,0.641987,0.51,1,1837466,1837021,445
145646221,34.026,9.87078,475,45963,0.616397,0.51,1,1837496,1837021,475
145649141,38.0052,26.7742,483,46009,0.643279,0.47,1,1837535,1837052,483
145652061,35.601,38.1548,477,46055,0.696656,0.49,1,1837570,1837093,477
145654981,19.9202,34.831,459,46101,0.723331,0.49,1,1837586,1837127,459
145657901,30.384,19.7662,476,46147,0.760666,0.53,2,1837619,1837143,476
145660821,33.2768,28.7532,479,46193,0.816133,0.55,2,1837653,1837174,479
145663741,17.8554,31.3506,461,46239,0.827227,0.57,2,1837667,1837206,461
145666661,35.5711,17.4701,487,46285,0.829445,0.57,2,1837707,1837220,487
145669581,34.3142,35.494,481,46331,0.829889,0.57,2,1837741,1837260,481
145672501,26.0628,34.2988,471,46377,0.829978,0.57,2,1837765,1837294,471
145675421,31.6126,24.4598,482,46422,0.845996,0.61,2,1837798,1837316,482
145678341,30.3225,31.292,479,46467,0.865199,0.61,2,1837828,1837349,479
145681261,26.0645,30.2584,474,46512,0.86904,0.61,2,1837853,1837379,474
145684181,6.8129,25.2517,452,46557,0.901808,0.61,2,1837855,1837403,452
145687101,50.9626,6.65034,512,46602,0.908362,0.65,2,1837917,1837405,512
145690021,34.9925,50.1301,482,46647,0.925672,0.61,2,1837948,1837466,482
145692941,38.9985,34.026,492,46692,0.913134,0.65,2,1837988,1837496,492
145976181,48,39,448,23451,0.03,0.01,1,1841095,1840647,448
145979101,84,59.8,476,23541,0.014,0.01,1,1841188,1840712,476
145982021,51.2,71.96,444,23631,0.0268,0.13,1,1841231,1840787,444
145984941,23.04,37.592,431,23721,0.10936,0.03,1,1841247,1840816,431
145987861,35.808,21.1184,453,23810,0.093872,0.03,1,1841286,1840833,453
145990781,47.1616,50.6237,445,23899,0.0187744,0.03,1,1841336,1840891,445
145993701,71.8323,66.9247,452,23988,0.0277549,0.03,1,1841414,1840962,452
145996621,58.3665,55.7849,454,24076,0.029551,0.03,1,1841469,1841015,454
145999541,50.0733,75.157,422,24164,0.0139102,0.01,1,1841517,1841095,422
146002461,85.2147,89.4314,423,24252,0.010782,0.03,1,1841611,1841188,423
146005381,52.2429,52.2863,424,24339,0.0261564,0.13,1,1841655,1841231,424
146008301,22.4486,23.2573,423,24426,0.0452313,0.09,1,1841670,1841247,423
146011221,34.8897,35.8515,422,24513,0.0330463,0,1,1841708,1841286,422
146014141,48.5779,47.1703,424,24599,0.00660925,0.03,1,1841760,1841336,424
146017061,70.5156,71.8341,422,24685,0.0253219,0.03,1,1841836,1841414,422
146019981,58.1031,58.3668,422,24771,0.0290644,0.01,1,1841891,1841469,422
146022901,51.6206,50.0734,424,24857,0.0298129,0.01,1,1841941,1841517,424
146025821,83.9241,85.2147,422,24942,0.0139626,0.03,1,1842033,1841611,422
146028741,52.7848,52.2429,423,25027,0.0107925,0.05,1,1842078,1841655,423
146031661,21.757,22.4486,422,25112,0.0421585,0.03,1,1842092,1841670,422
146034581,36.3514,34.8897,424,25196,0.0324317,0,1,1842132,1841708,424
146037501,47.2703,48.5779,422,25280,0.00648634,0.03,1,1842182,1841760,422
146040421,70.2541,70.5156,422,25364,0.00929727,0.03,1,1842258,1841836,422
146043341,58.8508,58.1031,423,25448,0.0418595,0.03,1,1842314,1841891,423
146046261,50.1702,11.6206,471,25531,0.0483719,0.03,1,1842362,1841891,471
146049181,84.434,42.3241,514,25614,0.0176744,0.01,1,1842455,1841941,514
146052101,52.0868,82.0648,466,25697,0.0275349,0.01,1,1842499,1842033,466
146055021,21.6174,52.413,435,25779,0.029507,0.05,1,1842513,1842078,435
146057941,36.3235,21.6826,461,25861,0.0459014,0.03,1,1842553,1842092,461
146060861,47.2647,36.3365,471,25943,0.0331803,0,1,1842603,1842132,471
146063781,71.0529,47.2673,498,26025,0.0466361,0.01,1,1842680,1842182,498
146066701,58.2106,70.2535,477,26106,0.0333272,0.05,1,1842735,1842258,477
146069621,50.8421,58.8507,470,26187,0.0146654,0.05,1,1842784,1842314,470
146072541,86.9684,50.1701,518,26268,0.0109331,0.01,1,1842880,1842362,518
146075461,50.1937,84.434,466,26349,0.0101866,0.03,1,1842921,1842455,466
146078381,21.2387,52.0868,436,26429,0.0260373,0.03,1,1842935,1842499,436
146081301,35.4477,21.6174,461,26509,0.0132075,0.05,1,1842974,1842513,461
146084221,47.0895,36.3235,471,26589,0.0266415,0.03,1,1843024,1842553,471
146087141,72.6179,47.2647,500,26669,0.0293283,0.05,1,1843103,1842603,500
146090061,57.7236,71.0529,477,26748,0.0778657,0.03,1,1843157,1842680,477
146092981,50.7447,58.2106,471,26827,0.0235731,0.01,1,1843206,1842735,471
146095901,86.1489,50.8421,517,26906,0.0447146,0.01,1,1843301,1842784,517
146098821,18.8298,86.9684,423,26985,0.0489429,0.01,1,1843303,1842880,423
146101741,36.566,50.1937,423,27063,0.0657886,0.03,1,1843344,1842921,423
146104661,19.3132,21.2387,424,27141,0.0531577,0.01,1,1843359,1842935,424
146107581,34.2626,35.4477,423,27219,0.0186315,0.03,1,1843397,1842974,423
146110501,46.0525,47.0895,422,27297,0.0117263,0.03,1,1843446,1843024,422
146113421,73.2105,72.6179,423,27375,0.0423453,0.09,1,1843526,1843103,423
146116341,58.6421,57.7236,424,27452,0.0644691,0.01,1,1843581,1843157,424
146119261,50.1284,50.7447,423,27529,0.0368938,0.05,1,1843629,1843206,423
146122181,88.4257,86.1489,426,27606,0.0473788,0.05,1,1843727,1843301,426
146125101,19.2851,18.8298,426,27683,0.0174758,0.07,1,1843729,1843303,426
146128021,34.257,36.566,423,27760,0.123495,0.05,1,1843767,1843344,423
146130941,20.4514,19.3132,425,27836,0.160699,0.01,1,1843784,1843359,425
146133861,32.0903,34.2626,422,27912,0.24814,0.01,1,1843819,1843397,422
146136781,45.6181,46.0525,422,27988,0.249628,0.05,1,1843868,1843446,422
146139701,73.9236,73.2105,423,28064,0.217926,0.07,1,1843949,1843526,423
146142621,58.7847,58.6421,423,28139,0.131585,0.03,1,1844004,1843581,423
146145541,49.3569,50.1284,422,28214,0.162317,0.05,1,1844051,1843629,422
146148461,90.6714,88.4257,425,28289,0.120463,0.01,1,1844152,1843727,425
146151381,19.7343,19.2851,425,28364,0.112093,0.01,1,1844154,1843729,425
146154301,36.7469,3.85703,466,28439,0.110419,0.15,1,1844195,1843729,466
146157221,22.5494,31.1714,447,28513,0.142084,0.17,1,1844214,1843767,447
146160141,34.1099,19.8343,467,28587,0.180417,0.27,1,1844251,1843784,467
146163061,45.222,31.9669,480,28661,0.220083,0.25,1,1844299,1843819,480
146165981,70.6444,45.5934,508,28735,0.228017,0.21,1,1844376,1843868,508
146168901,58.1289,73.9187,482,28809,0.213603,0.11,1,1844431,1843949,482
146171821,49.2258,58.7837,474,28882,0.242721,0.17,1,1844478,1844004,474
146174741,89.0452,49.3567,526,28955,0.280544,0.11,1,1844577,1844051,526
146177661,19.409,90.6714,427,29028,0.288109,0.11,1,1844579,1844152,427
146180581,39.0818,19.7343,469,29101,0.273622,0.11,1,1844623,1844154,469
146183501,23.0164,36.7469,447,29174,0.318724,0.15,1,1844642,1844195,447
146186421,36.6033,22.5494,468,29247,0.279745,0.19,1,1844682,1844214,468
146189341,46.5207,34.1099,480,29319,0.271949,0.23,1,1844731,1844251,480
146192261,70.9041,45.222,509,29391,0.30239,0.23,1,1844808,1844299,509
146195181,58.9808,70.6444,488,29463,0.324478,0.21,1,1844864,1844376,488
146198101,50.1962,58.1289,481,29535,0.312896,0.25,1,1844912,1844431,481
146201021,89.2392,49.2258,533,29607,0.358579,0.29,1,1845011,1844478,533
146203941,19.4478,89.0452,436,29678,0.367716,0.29,1,1845013,1844577,436
146206861,39.8896,19.409,479,29749,0.401543,0.27,1,1845058,1844579,479
146209781,24.7779,39.0818,456,29820,0.456309,0.33,1,1845079,1844623,456
146212701,6.55558,23.0164,439,29891,0.467262,0.27,1,1845081,1844642,439
146215621,30.1111,36.6033,435,29962,0.469452,0.27,1,1845117,1844682,435
146218541,46.0222,46.5207,436,30033,0.58189,0.31,1,1845167,1844731,436
146221461,71.6044,70.9041,437,30103,0.588378,0.33,1,1845245,1844808,437
146224381,59.9209,58.9808,438,30173,0.621676,0.31,1,1845302,1844864,438
146227301,51.1842,50.1962,439,30243,0.612335,0.37,1,1845351,1844912,439
146230221,90.2368,89.2392,440,30313,0.642467,0.37,1,1845451,1845011,440
146233141,19.6474,19.4478,440,30383,0.664493,0.41,1,1845453,1845013,440
146236061,42.3295,39.8896,443,30453,0.716899,0.47,1,1845501,1845058,443
146238981,26.8659,24.7779,445,30522,0.69538,0.47,1,1845524,1845079,445
146241901,6.97318,6.55558,445,30591,0.723076,0.47,1,1845526,1845081,445
146244821,30.1946,30.1111,445,30660,0.760615,0.61,2,1845562,1845117,445
146247741,51.6389,46.0222,452,30729,0.816123,0.59,2,1845619,1845167,452
146250661,71.9278,71.6044,451,30798,0.875225,0.63,2,1845696,1845245,451
146253581,61.5856,59.9209,453,30867,0.935045,0.61,2,1845755,1845302,453
146256501,52.3171,51.1842,454,30936,0.915009,0.65,2,1845805,1845351,454
146259421,92.0634,90.2368,456,31004,0.927002,0.67,2,1845907,1845451,456
146262341,20.0127,19.6474,456,31072,0.9294,0.73,2,1845909,1845453,456
146402501,36,36,484,34187,0.73,1,1,1848022,1847538,484
146405421,57.6,54.4,488,34249,0.586,1,1,1848085,1847597,488
146408341,37.92,10.88,521,34311,0.5252,1,1,1848118,1847597,521
146411261,58.784,39.776,538,34373,0.38504,1,1,1848182,1847644,538
146414181,96.5568,60.7552,578,34435,0.229008,1,1,1848288,1847710,578
146417101,35.3114,93.751,496,34496,0.229802,1,1,1848308,1847812,496
146420021,29.4623,31.5502,508,34557,0.16596,1,1,1848336,1847828,508
146422941,30.6925,33.51,505,34618,0.0891921,0.91,1,1848367,1847862,505
146425861,28.5385,34.702,498,34679,0.0178384,0.87,1,1848395,1847897,498
146428781,24.9077,29.3404,494,34740,0.0115677,0.8,1,1848419,1847925,494
146431701,28.1815,27.4681,496,34801,0.0263135,0.74,1,1848448,1847952,496
146434621,29.6363,32.6936,492,34862,0.0132627,0.73,1,1848478,1847986,492
146437541,49.9273,35.3387,511,34923,0.0586525,0.55,1,1848533,1848022,511
146440461,29.9855,57.4677,473,34984,0.0517305,0.51,1,1848558,1848085,473
146443381,56.3971,37.8935,503,35044,0.0983461,0.35,1,1848621,1848118,503
146446301,92.0794,58.7787,540,35104,0.123669,0.19,1,1848722,1848182,540
146449221,31.2159,96.5557,450,35164,0.128734,0.23,1,1848738,1848288,450
146452141,27.0432,35.3111,456,35224,0.129747,0.15,1,1848764,1848308,456
146455061,26.2086,29.4622,454,35284,0.129949,0.07,1,1848790,1848336,454
146457981,26.0417,30.6924,449,35344,0.12999,0,1,1848816,1848367,449
146460901,25.2083,28.5385,446,35404,0.033998,0.01,1,1848841,1848395,446
146463821,29.8417,24.9077,453,35464,0.0147996,0.03,1,1848872,1848419,453
146466741,28.3683,28.1815,452,35524,0.0589599,0.01,1,1848900,1848448,452
146469661,51.2737,29.6363,479,35584,0.035792,0.07,1,1848957,1848478,479
146472581,30.2547,49.9273,449,35643,0.0791584,0.05,1,1848982,1848533,449
146475501,7.65095,29.9855,426,35702,0.0878317,0.11,1,1848984,1848558,426
146478421,51.1302,56.3971,425,35761,0.105566,0.13,1,1849046,1848621,425
146481341,93.426,92.0794,428,35820,0.221113,0.13,1,1849150,1848722,428
146484261,31.4852,31.2159,428,35879,0.212223,0.13,1,1849166,1848738,428
146487181,27.097,27.0432,428,35938,0.210445,0.13,1,1849192,1848764,428
146490101,26.2194,26.2086,428,35997,0.242089,0.13,1,1849218,1848790,428
146493021,22.8439,26.0417,424,36056,0.248418,0.01,1,1849240,1848816,424
146495941,23.7688,25.2083,423,36115,0.217684,0.01,1,1849264,1848841,423
146498861,29.5538,29.8417,423,36174,0.179537,0.07,1,1849295,1848872,423
146501781,28.3108,28.3683,423,36232,0.187907,0.03,1,1849323,1848900,423
146504701,51.2622,51.2737,423,36290,0.189581,0.09,1,1849380,1848957,423
146507621,31.0524,30.2547,424,36348,0.189916,0.09,1,1849406,1848982,424
146510541,7.81049,7.65095,424,36406,0.189983,0.11,1,1849408,1848984,424
146513461,51.9621,51.1302,425,36464,0.189997,0.25,1,1849471,1849046,425
146516381,99.1924,93.426,432,36522,0.317999,0.21,1,1849582,1849150,432
146519301,32.6385,31.4852,432,36580,0.3916,0.21,1,1849598,1849166,432
146522221,27.3277,27.097,432,36638,0.39032,0.25,1,1849624,1849192,432
146525141,26.2655,26.2194,432,36696,0.406064,0.25,1,1849650,1849218,432
146528061,22.8531,22.8439,432,36754,0.441213,0.21,1,1849672,1849240,432
146530981,22.1706,23.7688,430,36811,0.416243,0.17,1,1849694,1849264,430
146533901,27.6341,29.5538,428,36868,0.427249,0.19,1,1849723,1849295,428
146536821,28.7268,28.3108,429,36925,0.41345,0.19,1,1849752,1849323,429
146539741,51.3454,51.2622,429,36982,0.39469,0.19,1,1849809,1849380,429
146542661,31.0691,31.0524,429,37039,0.390938,0.19,1,1849835,1849406,429
146545581,7.81381,7.81049,429,37096,0.390188,0.19,1,1849837,1849408,429
146548501,53.5628,51.9621,431,37153,0.422038,0.19,1,1849902,1849471,431
146551421,105.913,10.3924,550,37210,0.492408,0.35,1,1850021,1849471,550
146554341,33.9825,90.8785,455,37267,0.506481,0.41,1,1850037,1849582,455
146557261,28.3965,30.9757,466,37324,0.509296,0.39,1,1850064,1849598,466
146560181,27.2793,26.9951,467,37381,0.493859,0.41,1,1850091,1849624,467
146563101,23.0559,26.199,463,37438,0.490772,0.45,1,1850113,1849650,463
146566021,22.2112,22.8398,463,37494,0.490154,0.41,1,1850135,1849672,463
146568941,28.4422,22.168,471,37550,0.490031,0.43,1,1850165,1849694,471
146571861,28.0884,27.6336,470,37606,0.490006,0.41,1,1850193,1849723,470
146574781,50.4177,28.7267,497,37662,0.522001,0.39,1,1850249,1849752,497
146577701,30.8835,51.3453,466,37718,0.5284,0.39,1,1850275,1849809,466
146580621,7.77671,31.0691,442,37774,0.52968,0.39,1,1850277,1849835,442
146583541,55.1553,7.81381,507,37830,0.529936,0.43,1,1850344,1849837,507
146586461,109.431,53.5628,565,37886,0.609987,0.51,1,1850467,1849902,565
146589381,34.6862,105.913,462,37942,0.625997,0.51,1,1850483,1850021,462
146592301,28.5372,33.9825,473,37998,0.6292,0.51,1,1850510,1850037,473
146595221,26.5074,28.3965,472,38054,0.62984,0.49,1,1850536,1850064,472
146598141,22.9015,27.2793,467,38110,0.661968,0.49,1,1850558,1850091,467
146601061,22.1803,23.0559,467,38165,0.684394,0.49,1,1850580,1850113,467
146603981,28.4361,22.2112,475,38220,0.688879,0.49,1,1850610,1850135,475
146606901,28.0872,28.4422,473,38275,0.689776,0.49,1,1850638,1850165,473
146609821,52.0174,28.0884,503,38330,0.689955,0.53,1,1850696,1850193,503
146612741,31.2035,50.4177,473,38385,0.689991,0.53,1,1850722,1850249,473
146615661,7.8407,30.8835,449,38440,0.689998,0.53,1,1850724,1850275,449
146618581,55.1681,7.77671,514,38495,0.674,0.53,1,1850791,1850277,514
146621501,113.434,55.1553,575,38550,0.7188,0.63,1,1850919,1850344,575
146624421,35.4867,109.431,468,38605,0.77576,0.63,2,1850935,1850467,468
146627341,8.69734,34.6862,454,38660,0.787152,0.63,2,1850937,1850483,454
146630261,22.5395,28.5372,453,38715,0.78943,0.63,2,1850963,1850510,453
146633181,26.1079,26.5074,454,38770,0.805886,0.67,2,1850990,1850536,454
146636101,24.4216,22.9015,456,38824,0.841177,0.69,2,1851014,1850558,456
146639021,22.4843,22.1803,456,38878,0.896235,0.69,2,1851036,1850580,456
146641941,28.4969,28.4361,456,38932,0.875247,0.69,2,1851066,1850610,456
146644861,28.0994,28.0872,456,38986,0.903049,0.69,2,1851094,1850638,456
146647781,52.0199,52.0174,456,39040,0.92461,0.69,2,1851152,1850696,456
146650701,31.204,31.2035,456,39094,0.928922,0.69,2,1851178,1850722,456
146653621,7.84079,7.8407,456,39148,0.929784,0.67,2,1851180,1850724,456
146656541,54.3682,55.1681,455,39202,0.913957,0.73,2,1851246,1850791,455
146824441,68,86,472,19203,0.47,0.45,1,1853840,1853368,472
146827361,87.2,72.4,495,19314,0.518,0.43,1,1853932,1853437,495
146830281,43.84,68.08,461,19424,0.5276,0.39,1,1853965,1853504,461
146833201,40.768,42.416,465,19533,0.57752,0.47,1,1854005,1853540,465
146836121,142.554,59.6832,569,19642,0.603504,0.49,1,1854173,1853604,569
146839041,62.1107,111.137,487,19750,0.608701,0.45,1,1854215,1853728,487
146841961,69.2221,57.4273,514,19857,0.60974,0.47,1,1854286,1853772,514
146844881,89.0444,65.8855,540,19964,0.609948,0.53,1,1854380,1853840,540
146847801,44.2089,86.7771,481,20070,0.64199,0.53,1,1854413,1853932,481
146850721,43.2418,43.7554,491,20176,0.648398,0.59,1,1854456,1853965,491
146853641,143.048,40.7511,619,20281,0.72968,0.61,1,1854624,1854005,619
146856561,63.0097,142.55,494,20386,0.761936,0.61,2,1854667,1854173,494
146859481,68.6019,62.11,522,20490,0.784387,0.61,2,1854737,1854215,522
146862401,89.7204,69.222,546,20594,0.804877,0.61,2,1854832,1854286,546
146865321,45.1441,89.0444,486,20697,0.824975,0.65,2,1854866,1854380,486
146868241,45.0288,44.2089,498,20799,0.828995,0.65,2,1854911,1854413,498
146993801,45,32,501,24807,0.47,1,1,1857735,1857234,501
146996721,40.2,60,473,24892,0.438,1,1,1857774,1857301,473
146999641,114.44,112.8,480,24977,0.1436,0.99,1,1857907,1857427,480
147002561,113.288,106.56,488,25062,0.02872,0.97,1,1858020,1857532,488
147005481,49.0576,51.712,483,25147,0.077744,0.9,1,1858053,1857570,483
147008401,29.0115,41.5424,468,25231,0.0715488,0.86,1,1858077,1857609,468
147011321,37.0023,41.9085,465,25315,0.0703098,0.71,1,1858116,1857651,465
147014241,29.8005,39.5817,454,25399,0.054062,0.47,1,1858144,1857690,454
147017161,37.1601,43.9163,448,25482,0.0508124,0.47,1,1858183,1857735,448
147020081,33.832,8.78327,481,25565,0.0661625,0.43,1,1858216,1857735,481
147023001,96.3664,32.9567,554,25648,0.0212325,0.07,1,1858328,1857774,554
147025921,112.073,112.991,537,25731,0.0282465,0,1,1858444,1857907,537
147028841,46.4147,112.998,454,25813,0.0456493,0.09,1,1858474,1858020,454
147031761,30.0829,48.9997,447,25895,0.0491299,0.07,1,1858500,1858053,447
147034681,35.6166,28.9999,460,25977,0.00982597,0.07,1,1858537,1858077,460
147037601,31.1233,37,451,26059,0.105965,0.05,1,1858567,1858116,451
147040521,36.6247,29.8,461,26140,0.061193,0.05,1,1858605,1858144,461
147043441,32.9249,37.16,454,26221,0.0362386,0.07,1,1858637,1858183,454
147046361,96.185,33.832,533,26302,0.0312477,0.01,1,1858749,1858216,533
147049281,112.037,96.3664,537,26383,0.0142495,0.03,1,1858865,1858328,537
147052201,46.4074,112.073,451,26463,0.0268499,0.05,1,1858895,1858444,451
147055121,31.6815,46.4147,449,26543,0.02937,0.05,1,1858923,1858474,449
147058041,34.3363,30.0829,458,26623,0.029874,0,1,1858958,1858500,458
147060961,35.6673,35.6166,457,26703,0.0619748,0.13,1,1858994,1858537,457
147063881,34.3335,31.1233,461,26782,0.068395,0.05,1,1859028,1858567,461
147066801,32.4667,36.6247,455,26861,0.037679,0.03,1,1859060,1858605,455
147069721,8.09334,32.9249,425,26940,0.0635358,0.03,1,1859062,1858637,425
147072641,89.6187,96.185,423,27019,0.100707,0.01,1,1859172,1858749,423
147075561,109.924,112.037,422,27097,0.0281414,0.03,1,1859287,1858865,422
147078481,45.9847,46.4074,422,27175,0.0296283,0.03,1,1859317,1858895,422
147081401,33.1969,31.6815,424,27253,0.0459257,0.03,1,1859347,1858923,424
147084321,35.4394,34.3363,425,27331,0.0491851,0.07,1,1859383,1858958,425
147087241,35.8879,35.6673,425,27408,0.033837,0.07,1,1859419,1858994,425
147090161,34.3776,34.3335,425,27485,0.0947674,0.03,1,1859453,1859028,425
147093081,32.4755,32.4667,425,27562,0.0749535,0.07,1,1859485,1859060,425
147096001,8.0951,8.09334,425,27639,0.0709907,0.11,1,1859487,1859062,425
147098921,89.619,89.6187,425,27716,0.118198,0.01,1,1859597,1859172,425
147101841,107.524,109.924,422,27792,0.0316396,0.03,1,1859709,1859287,422
147104761,46.3048,45.9847,423,27868,0.0143279,0.05,1,1859740,1859317,423
147107681,34.061,33.1969,424,27944,0.0428656,0.05,1,1859771,1859347,424
147110601,34.0122,35.4394,422,28020,0.0805731,0.03,1,1859805,1859383,422
147113521,36.4024,35.8879,423,28096,0.0561146,0.11,1,1859842,1859419,423
147116441,36.0805,34.3776,425,28171,0.0192229,0.07,1,1859878,1859453,425
147119361,32.8161,32.4755,425,28246,0.0118446,0.07,1,1859910,1859485,425
147122281,8.16322,8.0951,425,28321,0.0103689,0.13,1,1859912,1859487,425
147125201,91.2326,89.619,427,28396,0.106074,0.13,1,1860024,1859597,427
147128121,103.047,17.9238,533,28471,0.0292148,0.01,1,1860130,1859597,533
147131041,46.2093,93.1848,453,28545,0.013843,0.01,1,1860162,1859709,453
147133961,33.2419,43.437,452,28619,0.0427686,0.05,1,1860192,1859740,452
147136881,36.2484,33.4874,458,28693,0.0325537,0.09,1,1860229,1859771,458
147139801,36.0497,33.8975,460,28767,0.0305107,0.05,1,1860265,1859805,460
147142721,34.4099,36.3795,457,28841,0.0621021,0.01,1,1860299,1859842,457
147145641,32.482,36.0759,453,28914,0.0844204,0.01,1,1860331,1859878,453
147148561,8.0964,32.8152,423,28987,0.0888841,0.01,1,1860333,1859910,423
147151481,94.4193,8.16304,537,29060,0.169777,0.13,1,1860449,1859912,537
147154401,101.284,91.2326,528,29133,0.153955,0.01,1,1860552,1860024,528
147157321,46.6568,103.047,455,29206,0.0867911,0.01,1,1860585,1860130,455
147160241,33.3314,46.2093,453,29278,0.105358,0.05,1,1860615,1860162,453
147163161,35.4663,33.2419,459,29350,0.125072,0.03,1,1860651,1860192,459
147166081,36.6933,36.2484,459,29422,0.161014,0.03,1,1860688,1860229,459
147169001,35.3387,36.0497,458,29494,0.200203,0.07,1,1860723,1860265,458
147171921,33.4677,34.4099,457,29566,0.240041,0.09,1,1860756,1860299,457
147174841,8.29355,32.482,427,29638,0.248008,0.09,1,1860758,1860331,427
147177761,98.4587,8.0964,546,29709,0.313602,0.19,1,1860879,1860333,546
147180681,98.8917,94.4193,529,29780,0.35872,0.15,1,1860978,1860449,529
147183601,21.3783,101.284,428,29851,0.367744,0.07,1,1860980,1860552,428
147186521,28.2757,46.6568,425,29922,0.385549,0.11,1,1861010,1860585,425
147189441,31.2551,33.3314,427,29993,0.38911,0.13,1,1861042,1860615,427
147192361,36.651,35.4663,429,30064,0.405822,0.17,1,1861080,1860651,429
147195281,37.7302,36.6933,430,30134,0.409164,0.21,1,1861118,1860688,430
147198201,37.146,35.3387,432,30204,0.441833,0.25,1,1861155,1860723,432
147201121,35.4292,33.4677,434,30274,0.432367,0.25,1,1861190,1860756,434
147204041,8.68584,8.29355,434,30344,0.430473,0.33,1,1861192,1860758,434
147206961,101.737,98.4587,438,30414,0.478095,0.37,1,1861317,1860879,438
147209881,101.147,98.8917,440,30484,0.487619,0.37,1,1861418,1860978,440
147212801,21.8295,21.3783,440,30553,0.521524,0.39,1,1861420,1860980,440
147215721,29.1659,28.2757,441,30622,0.560305,0.39,1,1861451,1861010,441
147218641,31.4332,31.2551,441,30691,0.600061,0.41,1,1861483,1861042,441
147221561,35.8866,36.651,440,30760,0.624012,0.41,1,1861520,1861080,440
147224481,38.3773,37.7302,441,30829,0.612802,0.45,1,1861559,1861118,441
147227401,38.0755,37.146,442,30898,0.61056,0.43,1,1861597,1861155,442
147230321,37.2151,35.4292,444,30966,0.658112,0.43,1,1861634,1861190,444
147233241,9.04302,8.68584,444,31034,0.667622,0.49,1,1861636,1861192,444
147236161,101.809,101.737,444,31102,0.605524,0.49,1,1861761,1861317,444
147239081,102.762,101.147,446,31170,0.673105,0.53,1,1861864,1861418,446
147242001,22.1523,21.8295,446,31238,0.686621,0.57,1,1861866,1861420,446
147244921,30.8305,29.1659,448,31306,0.705324,0.57,1,1861899,1861451,448
147247841,32.5661,5.83318,481,31374,0.661065,0.61,1,1861932,1861451,481
147250761,36.9132,26.7666,487,31441,0.668213,0.63,1,1861970,1861483,487
147253681,37.7826,34.9533,488,31508,0.685643,0.61,1,1862008,1861520,488
147256601,40.3565,38.1907,490,31575,0.705128,0.61,1,1862049,1861559,490
147259521,37.6713,38.0381,489,31642,0.725026,0.67,1,1862086,1861597,489
147262441,9.13426,37.2076,454,31709,0.729005,0.67,1,1862088,1861634,454
147265361,100.227,9.04152,575,31776,0.761801,0.59,2,1862211,1861636,575
147268281,105.645,101.808,557,31843,0.84836,0.69,2,1862318,1861761,557
147271201,22.7291,102.762,456,31909,0.833672,0.69,2,1862320,1861864,456
147274121,30.9458,22.1523,487,31975,0.862734,0.71,2,1862353,1861866,487
147277041,31.7892,30.8305,486,32041,0.868547,0.65,2,1862385,1861899,486
147279961,37.5578,32.5661,492,32107,0.869709,0.67,2,1862424,1861932,492
147282881,38.7116,36.9132,493,32173,0.885942,0.69,2,1862463,1861970,493
147285801,41.3423,37.7826,497,32239,0.889188,0.71,2,1862505,1862008,497
147636201,24,8,532,39330,0.75,1,2,1867491,1866959,532
147639121,32.8,30.4,531,39384,0.558,1,1,1867526,1866995,531
147642041,64.16,98.08,488,39438,0.3116,1,1,1867598,1867110,488
147644961,48.032,50.016,494,39492,0.19832,1,1,1867642,1867148,494
147647881,36.8064,41.2032,489,39545,0.111664,0.96,1,1867676,1867187,489
147650801,44.9613,41.0406,495,39598,0.0463328,0.99,1,1867723,1867228,495
147653721,35.3923,35.4081,494,39651,0.0492666,0.93,1,1867756,1867262,494
147656641,27.0785,44.6816,472,39704,0.0178533,0.87,1,1867781,1867309,472
147659561,32.6157,38.5363,469,39757,0.0275707,1,1,1867815,1867346,469
147662481,28.9231,30.9073,468,39810,0.0775141,0.97,1,1867843,1867375,468
147665401,24.9846,27.7815,465,39863,0.0555028,0.95,1,1867867,1867402,465
147668321,31.3969,33.5563,463,39916,0.0511006,0.85,1,1867900,1867437,463
147671241,27.0794,30.7113,459,39969,0.0662201,0.75,1,1867926,1867467,459
147674161,19.8159,25.3423,453,40022,0.101244,0.51,1,1867944,1867491,453
147677081,24.7632,33.0685,444,40075,0.108249,0.51,1,1867970,1867526,444
147680001,52.9526,6.61369,504,40128,0.0936498,0.25,1,1868030,1867526,504
147682921,44.9905,58.9227,475,40181,0.09073,0.17,1,1868073,1867598,475
147685841,31.3981,46.9845,459,40234,0.090146,0.09,1,1868101,1867642,459
147688761,40.6796,36.5969,468,40286,0.0580292,0.03,1,1868144,1867676,468
147691681,38.5359,44.9194,459,40338,0.0196058,0.05,1,1868182,1867723,459
147694601,23.7072,35.3839,446,40390,0.0919212,0.01,1,1868202,1867756,446
147697521,31.9414,27.0768,455,40442,0.0263842,0.03,1,1868236,1867781,455
147700441,28.7883,32.6154,449,40494,0.0772768,0.09,1,1868264,1867815,449
147703361,24.9577,28.9231,445,40546,0.0394554,0.05,1,1868288,1867843,445
147706281,32.9915,24.9846,456,40598,0.00789107,0.05,1,1868323,1867867,456
147709201,28.1983,31.3969,450,40650,0.105578,0.07,1,1868350,1867900,450
147712121,20.0397,27.0794,442,40702,0.125116,0.11,1,1868368,1867926,442
147715041,24.8079,19.8159,450,40754,0.161023,0.11,1,1868394,1867944,450
147717961,54.5616,24.7632,486,40806,0.120205,0.09,1,1868456,1867970,486
147720881,46.1123,52.9526,470,40858,0.144041,0.09,1,1868500,1868030,470
147723801,30.0225,44.9905,453,40910,0.132808,0.09,1,1868526,1868073,453
147726721,37.2045,31.3981,464,40962,0.178562,0.05,1,1868565,1868101,464
147729641,40.2409,40.6796,462,41014,0.0917123,0.01,1,1868606,1868144,462
147732561,21.6482,38.5359,441,41065,0.0903425,0.11,1,1868623,1868182,441
147735481,33.1296,23.7072,457,41116,0.0260685,0.01,1,1868659,1868202,457
147738401,30.6259,31.9414,453,41167,0.0612137,0.09,1,1868689,1868236,453
147741321,22.9252,28.7883,446,41218,0.0522427,0.03,1,1868710,1868264,446
147744241,33.385,24.9577,458,41269,0.0104485,0,1,1868746,1868288,458
147747161,33.077,32.9915,456,41320,0.0420897,0.13,1,1868779,1868323,456
147750081,19.4154,28.1983,445,41371,0.0644179,0.13,1,1868795,1868350,445
147753001,26.2831,20.0397,455,41422,0.116884,0.17,1,1868823,1868368,455
147755921,54.0566,24.8079,490,41473,0.191377,0.11,1,1868884,1868394,490
147758841,46.0113,54.5616,472,41524,0.222275,0.15,1,1868928,1868456,472
147761761,10.8023,46.1123,430,41575,0.228455,0.13,1,1868930,1868500,430
147764681,22.1605,30.0225,429,41626,0.245691,0.19,1,1868955,1868526,429
147767601,37.2321,37.2045,431,41677,0.233138,0.07,1,1868996,1868565,431
147770521,35.4464,40.2409,425,41728,0.182628,0.09,1,1869031,1868606,425
147773441,22.2893,21.6482,427,41779,0.204526,0.01,1,1869050,1868623,427
147776361,30.0579,33.1296,423,41830,0.192905,0.07,1,1869082,1868659,423
147779281,31.6116,30.6259,425,41880,0.206581,0.05,1,1869114,1868689,425
147782201,21.5223,22.9252,423,41930,0.193316,0,1,1869133,1868710,423
147785121,33.1045,33.385,423,41980,0.142663,0.05,1,1869169,1868746,423
147788041,34.6209,33.077,425,42030,0.116533,0.07,1,1869204,1868779,425
147790961,20.5242,19.4154,426,42080,0.0953065,0.13,1,1869221,1868795,426
147793881,28.1048,26.2831,428,42130,0.0750613,0.21,1,1869251,1868823,428
147796801,57.621,54.0566,432,42180,0.135012,0.23,1,1869316,1868884,432
147799721,47.5242,46.0113,433,42230,0.195002,0.23,1,1869361,1868928,433
147802641,11.1048,10.8023,433,42280,0.207001,0.25,1,1869363,1868930,433
147805561,21.421,22.1605,432,42330,0.2094,0.23,1,1869387,1868955,432
147808481,36.2842,37.2321,431,42380,0.22588,0.17,1,1869427,1868996,431
147811401,35.2568,35.4464,431,42430,0.229176,0.21,1,1869462,1869031,431
147814321,21.4514,22.2893,430,42480,0.197835,0.19,1,1869480,1869050,430
147817241,29.0903,30.0579,429,42530,0.223567,0.21,1,1869511,1869082,429
147820161,32.2181,31.6116,430,42580,0.228713,0.19,1,1869544,1869114,430
147823081,20.8436,21.5223,429,42630,0.261743,0.13,1,1869562,1869133,429
147826001,30.5687,33.1045,426,42680,0.252349,0.11,1,1869595,1869169,426
147828921,33.3137,34.6209,425,42729,0.23447,0.09,1,1869629,1869204,425
147831841,20.2627,20.5242,425,42778,0.246894,0.07,1,1869646,1869221,425
147834761,28.0525,28.1048,425,42827,0.249379,0.15,1,1869676,1869251,425
147837681,60.0105,57.621,428,42876,0.297876,0.21,1,1869744,1869316,428
147840601,49.6021,47.5242,430,42925,0.307575,0.21,1,1869791,1869361,430
147843521,11.5204,11.1048,430,42974,0.309515,0.21,1,1869793,1869363,430
147846441,21.5041,21.421,430,43023,0.341903,0.21,1,1869817,1869387,430
147849361,36.3008,4.28419,470,43072,0.332381,0.23,1,1869857,1869387,470
147852281,35.2602,32.8568,465,43121,0.346476,0.23,1,1869892,1869427,465
147855201,21.452,34.5714,448,43170,0.349295,0.19,1,1869910,1869462,448
147858121,31.4904,21.3143,464,43219,0.349859,0.23,1,1869944,1869480,464
147861041,31.8981,29.0629,465,43268,0.381972,0.23,1,1869976,1869511,465
147863961,20.7796,32.2126,450,43317,0.404394,0.27,1,1869994,1869544,450
147866881,29.7559,20.8425,464,43366,0.424879,0.25,1,1870026,1869562,464
147869801,33.9512,30.5685,466,43415,0.444976,0.23,1,1870061,1869595,466
147872721,21.1902,33.3137,450,43464,0.464995,0.25,1,1870079,1869629,450
147875641,29.038,20.2627,464,43513,0.500999,0.25,1,1870110,1869646,464
147878561,60.2076,28.0525,502,43561,0.5242,0.31,1,1870178,1869676,502
147881481,49.6415,60.0105,481,43609,0.54484,0.31,1,1870225,1869744,481
147884401,11.5283,49.6021,436,43657,0.548968,0.31,1,1870227,1869791,436
147887321,23.9057,11.5204,461,43705,0.501794,0.35,1,1870254,1869793,461
147890241,36.7811,21.5041,477,43753,0.524359,0.33,1,1870294,1869817,477
147893161,36.1562,36.3008,473,43801,0.544872,0.35,1,1870330,1869857,473
147896081,21.6312,35.2602,456,43849,0.564974,0.35,1,1870348,1869892,456
147899001,33.1262,21.452,474,43897,0.600995,0.35,1,1870384,1869910,474
147901921,33.0252,31.4904,473,43945,0.624199,0.39,1,1870417,1869944,473
147904841,21.0051,31.8981,459,43993,0.59684,0.41,1,1870435,1869976,459
147907761,30.601,20.7796,474,44041,0.607368,0.43,1,1870468,1869994,474
147910681,35.7202,29.7559,479,44089,0.657474,0.45,1,1870505,1870026,479
147913601,21.544,33.9512,462,44137,0.667495,0.47,1,1870523,1870061,462
147916521,30.7088,21.1902,477,44185,0.685499,0.51,1,1870556,1870079,477
147919441,61.3418,29.038,515,44233,0.7051,0.53,1,1870625,1870110,515
147922361,50.6684,60.2076,495,44281,0.74102,0.55,1,1870673,1870178,495
147925281,11.7337,49.6415,450,44329,0.748204,0.55,1,1870675,1870225,450
147928201,21.5467,11.5283,472,44377,0.765641,0.49,2,1870699,1870227,472
147931121,37.9093,23.9057,487,44425,0.833128,0.53,2,1870741,1870254,487
147934041,9.18187,36.7811,449,44472,0.846626,0.55,2,1870743,1870294,449
147936961,31.4364,36.1562,450,44519,0.865325,0.57,2,1870780,1870330,450
147939881,20.6873,21.6312,450,44566,0.885065,0.61,2,1870798,1870348,450
147942801,34.5375,33.1262,452,44613,0.857013,0.63,2,1870836,1870384,452
147945721,32.5075,33.0252,451,44660,0.883403,0.59,2,1870868,1870417,451
147948641,20.9015,21.0051,451,44707,0.888681,0.61,2,1870886,1870435,451
147951561,32.1803,30.601,453,44754,0.873736,0.67,2,1870921,1870468,453
147954481,37.6361,35.7202,455,44801,0.854747,0.67,2,1870960,1870505,455
147957401,21.9272,21.544,455,44848,0.882949,0.69,2,1870978,1870523,455
147960321,31.5854,30.7088,456,44895,0.87259,0.71,2,1871012,1870556,456
147963241,63.1171,61.3418,458,44942,0.870518,0.75,2,1871083,1870625,458
147966161,52.6234,50.6684,460,44989,0.838104,0.75,2,1871133,1870673,460
147969081,12.1247,11.7337,460,45036,0.831621,0.77,2,1871135,1870675,460
147972001,22.4249,21.5467,461,45083,0.862324,0.85,2,1871160,1870699,461
147974921,40.485,37.9093,464,45130,0.932465,0.85,2,1871205,1870741,464
147977841,9.697,9.18187,464,45177,0.946493,0.87,2,1871207,1870743,464
147980761,33.1394,31.4364,466,45224,0.933299,0.89,2,1871246,1870780,466
148172021,83,65,508,22093,0.59,1,1,1873392,1872884,508
148174941,96.6,81,523,22189,0.478,0.93,1,1873492,1872969,523
148177861,82.52,93.8,505,22285,0.4076,0.9,1,1873571,1873066,505
148180781,60.504,72.36,493,22380,0.47352,0.73,1,1873626,1873133,493
148183701,62.5008,81.672,472,22475,0.502704,0.71,1,1873689,1873217,472
148186621,34.1002,42.7344,466,22569,0.492541,0.71,1,1873716,1873250,466
148189541,45.22,34.1469,482,22663,0.490508,0.71,1,1873764,1873282,482
148192461,68.244,28.4294,529,22757,0.474102,0.59,1,1873838,1873309,529
148195381,91.2488,72.0859,543,22850,0.55082,0.45,1,1873935,1873392,543
148198301,79.8498,94.4172,520,22943,0.566164,0.39,1,1874012,1873492,520
148201221,62.37,82.0834,499,23035,0.633233,0.49,1,1874070,1873571,499
148204141,64.474,60.4167,509,23127,0.598647,0.51,1,1874135,1873626,509
148207061,32.8948,62.4833,471,23219,0.607729,0.49,1,1874160,1873689,471
148209981,45.779,34.0967,493,23310,0.593546,0.49,1,1874209,1873716,493
148212901,67.5558,45.2193,518,23401,0.638709,0.47,1,1874282,1873764,518
148215821,93.5112,68.2439,544,23492,0.663742,0.57,1,1874382,1873838,544
148218741,84.3022,91.2488,529,23582,0.700748,0.57,1,1874464,1873935,529
148221661,62.4604,79.8498,509,23672,0.77215,0.65,2,1874521,1874012,509
148224581,63.6921,62.37,515,23762,0.78643,0.59,2,1874585,1874070,515
148227501,33.5384,64.474,476,23851,0.789286,0.61,2,1874611,1874135,476
148230421,45.9077,32.8948,500,23940,0.837857,0.59,2,1874660,1874160,500
148233341,10.7815,45.779,453,24029,0.847571,0.65,2,1874662,1874209,453
148236261,61.3563,67.5558,454,24117,0.897514,0.67,2,1874736,1874282,454
148326781,30,53,512,26708,0.79,1,2,1876581,1876069,512
148329701,40.4,32.2,528,26787,0.822,1,2,1876624,1876096,528
148332621,79.28,47.24,566,26866,0.7484,1,1,1876713,1876147,566
148335541,35.056,87.848,492,26945,0.70168,1,1,1876737,1876245,492
148338461,59.8112,83.9696,475,27024,0.612336,1,1,1876803,1876328,475
148341381,70.3622,72.7939,478,27102,0.642467,0.99,1,1876876,1876398,478
148344301,52.4724,56.9588,473,27180,0.648493,0.92,1,1876924,1876451,473
148347221,34.4945,38.5918,469,27258,0.633699,0.81,1,1876954,1876485,469
148350141,57.2989,60.5184,466,27336,0.67874,0.79,1,1877017,1876551,466
148353061,36.2598,36.1037,467,27413,0.655748,0.83,1,1877048,1876581,467
148355981,35.252,41.6207,459,27490,0.69915,0.73,1,1877083,1876624,459
148358901,74.2504,79.5242,454,27567,0.72383,0.69,1,1877167,1876713,454
148361821,37.2501,35.1048,458,27644,0.760766,0.59,2,1877195,1876737,458
148364741,57.85,59.821,455,27721,0.752153,0.65,2,1877258,1876803,455
148367661,69.97,70.3642,455,27797,0.814431,0.65,2,1877331,1876876,455
148370581,51.594,52.4728,454,27873,0.842886,0.63,2,1877378,1876924,454
148373501,32.7188,34.4946,452,27949,0.848577,0.69,2,1877406,1876954,452
148376421,60.1438,57.2989,456,28025,0.865715,0.65,2,1877473,1877017,456
148379341,35.2288,36.2598,454,28101,0.901143,0.71,2,1877502,1877048,454
148382261,35.8458,35.252,455,28176,0.908229,0.73,2,1877538,1877083,455
148385181,75.1691,74.2504,456,28251,0.925646,0.77,2,1877623,1877167,456
148528261,50,83,517,31714,0.41,1,1,1880057,1879540,517
148531181,48.4,46.2,528,31781,0.25,1,1,1880105,1879577,528
148534101,60.88,58.04,531,31848,0.074,1,1,1880169,1879638,531
148537021,40.176,57.208,509,31914,0.0548,1,1,1880204,1879695,509
148539941,48.0352,44.2416,518,31980,0.05096,1,1,1880254,1879736,518
148542861,37.607,36.8483,518,32046,0.034192,1,1,1880289,1879771,518
148545781,34.7214,37.7697,514,32112,0.0308384,1,1,1880323,1879809,514
148548701,34.9443,39.5539,509,32178,0.0461677,1,1,1880358,1879849,509
148551621,38.9889,39.1108,510,32244,0.0172335,0.81,1,1880398,1879888,510
148554541,54.9978,47.8222,519,32310,0.0754467,0.53,1,1880457,1879938,519
148557461,39.7996,64.7644,486,32375,0.0550893,0.41,1,1880493,1880007,486
148560381,40.7599,52.9529,477,32440,0.0510179,0.21,1,1880534,1880057,477
148563301,53.752,48.9906,486,32505,0.114204,0.03,1,1880591,1880105,486
148566221,38.7504,60.9981,457,32570,0.0468407,0.05,1,1880626,1880169,457
148569141,48.5501,40.1996,473,32635,0.0493681,0.05,1,1880677,1880204,473
148572061,36.11,48.0399,456,32700,0.0338736,0.03,1,1880710,1880254,456
148574981,35.222,37.608,456,32765,0.0467747,0.03,1,1880745,1880289,456
148577901,8.6444,34.7216,424,32830,0.0493549,0.05,1,1880747,1880323,424
148580821,29.7289,34.9443,424,32894,0.081871,0.01,1,1880782,1880358,424
148583741,37.1458,38.9889,423,32958,0.0403742,0.09,1,1880821,1880398,423
148586661,55.4292,54.9978,424,33022,0.0320748,0.05,1,1880881,1880457,424
148589581,40.6858,39.7996,425,33086,0.030415,0.05,1,1880918,1880493,425
148592501,39.3372,40.7599,423,33150,0.046083,0.13,1,1880957,1880534,423
148595421,56.6674,53.752,427,33214,0.0972166,0.03,1,1881018,1880591,427
148598341,36.1335,38.7504,423,33278,0.0914433,0.05,1,1881049,1880626,423
148601261,47.2267,48.5501,422,33342,0.0262887,0.03,1,1881099,1880677,422
148604181,35.8453,36.11,422,33405,0.0452577,0.05,1,1881132,1880710,422
148607101,36.7691,35.222,424,33468,0.0330515,0.05,1,1881169,1880745,424
148610021,8.95381,8.6444,424,33531,0.0626103,0.09,1,1881171,1880747,424
148612941,29.7908,29.7289,424,33594,0.0525221,0.03,1,1881206,1880782,424
148615861,35.5582,37.1458,422,33657,0.0665044,0.03,1,1881243,1880821,422
148618781,55.9116,55.4292,423,33720,0.101301,0.03,1,1881304,1880881,423
148621701,40.7823,40.6858,423,33783,0.0762602,0.05,1,1881341,1880918,423
148624621,38.5565,39.3372,422,33846,0.103252,0.11,1,1881379,1880957,422
148627541,60.5113,56.6674,427,33908,0.10865,0.09,1,1881445,1881018,427
148630461,36.1023,36.1335,426,33970,0.15773,0.01,1,1881475,1881049,426
148633381,44.8205,47.2267,423,34032,0.167546,0.05,1,1881522,1881099,423
148636301,34.5641,35.8453,422,34094,0.153509,0.03,1,1881554,1881132,422
148639221,37.3128,36.7691,423,34156,0.118702,0.07,1,1881592,1881169,423
148642141,9.06256,8.95381,423,34218,0.14374,0.07,1,1881594,1881171,423
148645061,29.8125,1.79076,458,34280,0.100748,0.05,1,1881629,1881171,458
148647981,34.7625,28.3582,459,34342,0.0921496,0.07,1,1881665,1881206,459
148650901,57.3525,35.2716,485,34404,0.13843,0.11,1,1881728,1881243,485
148653821,41.0705,55.8543,461,34465,0.179686,0.07,1,1881765,1881304,461
148656741,39.4141,40.7709,463,34526,0.219937,0.11,1,1881804,1881341,463
148659661,62.2828,38.5542,493,34587,0.211987,0.11,1,1881872,1881379,493
148662581,36.4566,60.5108,457,34648,0.226397,0.17,1,1881902,1881445,457
148665501,47.2913,36.1022,477,34709,0.197279,0.17,1,1881952,1881475,477
148668421,33.4583,44.8204,460,34770,0.255456,0.15,1,1881982,1881522,460
148671341,35.4917,34.5641,464,34831,0.267091,0.11,1,1882018,1881554,464
148674261,8.69833,37.3128,428,34892,0.269418,0.15,1,1882020,1881592,428
148677181,28.9397,9.06256,460,34953,0.285884,0.09,1,1882054,1881594,460
148680101,34.5879,29.8125,461,35013,0.305177,0.09,1,1882090,1881629,461
148683021,59.7176,34.7625,491,35073,0.341035,0.15,1,1882156,1881665,491
148685941,43.1435,57.3525,467,35133,0.332207,0.19,1,1882195,1881728,467
148688861,41.4287,41.0705,471,35193,0.346441,0.23,1,1882236,1881765,471
148691781,61.8857,39.4141,499,35253,0.365288,0.21,1,1882303,1881804,499
148694701,37.1771,62.2828,462,35313,0.417058,0.23,1,1882334,1881872,462
148697621,48.2354,36.4566,483,35373,0.475412,0.19,1,1882385,1881902,483
148700541,34.4471,47.2913,464,35433,0.487082,0.27,1,1882416,1881952,464
148703461,36.4894,33.4583,471,35493,0.521416,0.27,1,1882453,1881982,471
148706381,8.89788,35.4917,437,35553,0.496283,0.27,1,1882455,1882018,437
148709301,28.9796,8.69833,469,35612,0.539257,0.29,1,1882489,1882020,469
148712221,35.3959,28.9397,472,35671,0.563851,0.31,1,1882526,1882054,472
148715141,8.67918,34.5879,438,35730,0.56877,0.35,1,1882528,1882090,438
148718061,55.3358,59.7176,439,35789,0.585754,0.33,1,1882595,1882156,439
148720981,41.4672,43.1435,438,35848,0.621151,0.35,1,1882633,1882195,438
148723901,43.4934,41.4287,441,35907,0.64423,0.37,1,1882677,1882236,441
148726821,61.4987,61.8857,440,35966,0.648846,0.43,1,1882743,1882303,440
148729741,39.4997,37.1771,443,36025,0.585769,0.49,1,1882777,1882334,443
148732661,49.4999,48.2354,444,36084,0.621154,0.49,1,1882829,1882385,444
148735581,37.1,34.4471,447,36143,0.660231,0.53,1,1882863,1882416,447
148738501,37.82,36.4894,448,36201,0.684046,0.49,1,1882901,1882453,448
148741421,9.164,8.89788,448,36259,0.688809,0.55,1,1882903,1882455,448
148744341,29.8328,28.9796,449,36317,0.673762,0.57,1,1882938,1882489,449
148747261,36.3666,35.3959,450,36375,0.702752,0.57,1,1882976,1882526,450
148750181,8.87331,8.67918,450,36433,0.708551,0.59,1,1882978,1882528,450
148753101,56.1747,55.3358,451,36491,0.77371,0.63,2,1883046,1882595,451
148756021,41.6349,41.4672,451,36549,0.770742,0.65,2,1883084,1882633,451
148758941,44.327,43.4934,452,36607,0.802148,0.65,2,1883129,1882677,452
148761861,61.6654,61.4987,452,36665,0.77643,0.57,2,1883195,1882743,452
148764781,37.9331,39.4997,450,36723,0.835286,0.63,2,1883227,1882777,450
148767701,51.5866,49.4999,453,36781,0.847057,0.67,2,1883282,1882829,453
148770621,38.3173,37.1,454,36838,0.897411,0.69,2,1883317,1882863,454
148773541,38.0635,37.82,454,36895,0.939482,0.69,2,1883355,1882901,454
148776461,9.21269,9.164,454,36952,0.947896,0.67,2,1883357,1882903,454
148793981,45,38,504,37294,0.89,0.81,2,1883588,1883084,504
148796901,61.8,43.6,525,37351,0.922,0.77,2,1883654,1883129,525
148939981,38,25,498,40027,0.92,1,2,1885488,1884990,498
148942901,31.6,25.8,502,40080,0.896,1,2,1885518,1885016,502
148954581,66,35,537,40291,0.87,1,2,1885703,1885166,537
148957501,38.8,59,504,40343,0.79,1,2,1885735,1885231,504
148960421,37.36,39,507,40395,0.822,0.94,2,1885772,1885265,507
148963341,24.272,37.4,491,40447,0.7964,1,2,1885793,1885302,491
148966261,24.0544,23.48,495,40499,0.77528,0.92,2,1885817,1885322,495
148969181,31.2109,24.696,503,40551,0.723056,0.91,1,1885850,1885347,503
148972101,34.2422,32.9392,503,40603,0.728611,0.89,1,1885885,1885382,503
148975021,34.8484,36.1878,501,40655,0.713722,0.87,1,1885920,1885419,501
148977941,35.7697,32.0376,506,40707,0.646744,0.92,1,1885956,1885450,506
148980861,30.3539,36.8075,497,40759,0.697349,0.89,1,1885985,1885488,497
148983781,42.8708,31.3615,513,40811,0.72347,0.97,1,1886031,1885518,513
148986701,32.5742,43.0723,497,40863,0.712694,0.87,1,1886061,1885564,497
148989621,39.3148,35.8145,504,40915,0.726539,0.85,1,1886102,1885598,504
148992541,56.663,38.3629,526,40967,0.777308,0.87,2,1886163,1885637,526
148995461,37.7326,60.4726,493,41019,0.819462,0.77,2,1886196,1885703,493
148998381,37.1465,37.6945,498,41070,0.811892,0.83,2,1886233,1885735,498
149001301,22.6293,37.1389,480,41121,0.842378,0.79,2,1886252,1885772,480
149004221,22.1259,24.2278,481,41172,0.848476,0.77,2,1886274,1885793,481
149007141,29.2252,24.0456,488,41223,0.833695,0.71,2,1886305,1885817,488
149010061,34.645,31.2091,491,41274,0.878739,0.73,2,1886341,1885850,491
149012981,34.129,34.2418,490,41325,0.903748,0.71,2,1886375,1885885,490
149015901,35.6258,34.8484,491,41376,0.92475,0.63,2,1886411,1885920,491
149018821,30.3252,35.7697,484,41427,0.91295,0.71,2,1886440,1885956,484
149021741,44.465,30.3539,503,41478,0.92659,0.73,2,1886488,1885985,503
149176501,33,34,527,44093,0.82,1,2,1888274,1887747,527
149179421,34.6,38.8,522,44141,0.796,1,2,1888309,1887787,522
149182341,35.72,43.76,513,44189,0.7432,1,1,1888345,1887832,513
149185261,43.944,30.352,532,44237,0.66864,1,1,1888391,1887859,532
149188181,34.3888,45.2704,515,44285,0.605728,1,1,1888423,1887908,515
149191101,30.8778,34.6541,513,44333,0.673146,1,1,1888453,1887940,513
149194021,26.1756,25.3308,515,44381,0.606629,1,1,1888478,1887963,515
149196941,38.8351,33.0662,522,44429,0.577326,1,1,1888520,1887998,522
149199861,32.567,45.8132,504,44476,0.587465,1,1,1888551,1888047,504
149202781,27.3134,28.3626,506,44523,0.637493,1,1,1888577,1888071,506
149205701,14.2627,35.2725,480,44570,0.631499,0.95,1,1888588,1888108,480
149208621,24.4525,31.8545,476,44617,0.6463,0.94,1,1888615,1888139,476
149211541,36.0905,34.3709,480,44664,0.68126,0.87,1,1888654,1888174,480
149214461,25.6181,33.2742,470,44711,0.672252,0.77,1,1888677,1888207,470
149217381,30.7236,33.8548,468,44758,0.63845,0.82,1,1888709,1888241,468
149220301,25.3447,33.171,459,44805,0.63169,0.79,1,1888733,1888274,459
149223221,33.0689,34.6342,459,44852,0.614338,0.73,1,1888768,1888309,459
149226141,34.6138,35.7268,458,44899,0.674868,0.65,1,1888803,1888345,458
149229061,42.1228,43.9454,456,44946,0.670974,0.59,1,1888847,1888391,456
149231981,31.6246,34.3891,453,44993,0.686195,0.69,1,1888876,1888423,453
149234901,31.1249,30.8778,454,45040,0.689239,0.59,1,1888907,1888453,454
149237821,23.825,26.1756,451,45087,0.705848,0.57,1,1888929,1888478,451
149240741,40.765,38.8351,454,45134,0.74117,0.59,1,1888974,1888520,454
149243661,30.553,32.567,451,45181,0.732234,0.65,1,1889002,1888551,451
149246581,27.7106,27.3134,452,45228,0.778447,0.63,2,1889029,1888577,452
149249501,15.1421,14.2627,453,45275,0.771689,0.65,2,1889041,1888588,453
149252421,23.8284,24.4525,452,45322,0.834338,0.69,2,1889067,1888615,452
149255341,35.9657,36.0905,452,45369,0.830868,0.67,2,1889106,1888654,452
149258261,26.3931,25.6181,453,45415,0.830173,0.63,2,1889130,1888677,453
149261181,29.2786,30.7236,451,45461,0.830035,0.63,2,1889160,1888709,451
149264101,25.0557,25.3447,451,45507,0.862007,0.61,2,1889184,1888733,451
149267021,33.0111,33.0689,451,45553,0.884401,0.69,2,1889219,1888768,451
149269941,37.0022,34.6138,454,45599,0.90488,0.67,2,1889257,1888803,454
149490401,46,30,502,21997,0.71,1,1,1891770,1891268,502
149493321,79.6,61.2,521,22093,0.758,0.97,2,1891858,1891337,521
149496241,72.72,82.64,504,22189,0.8316,0.87,2,1891929,1891425,504
149499161,63.344,83.728,481,22285,0.83032,0.89,2,1891990,1891509,481
149502081,42.2688,44.7456,483,22380,0.830064,0.95,2,1892027,1891544,483
149505001,31.6538,36.9491,477,22475,0.846013,0.83,2,1892056,1891579,477
149507921,43.9308,43.3898,479,22569,0.897203,0.83,2,1892103,1891624,479
149601361,37,38,495,25404,0.41,1,1,1894183,1893688,495
149604281,61,66,489,25487,0.218,1,1,1894250,1893761,489
149607201,55.4,13.2,543,25570,0.0676,1,1,1894304,1893761,543
149610121,67.08,56.24,546,25653,0.06952,1,1,1894374,1893828,546
149613041,43.816,65.648,516,25736,0.021904,1,1,1894412,1893896,516
149615961,30.3632,43.5296,505,25818,0.0443808,1,1,1894439,1893934,505
149618881,35.6726,34.3059,510,25900,0.0488762,0.95,1,1894476,1893966,510
149621801,102.335,38.8612,589,25982,0.0657752,0.55,1,1894595,1894006,589
149624721,46.0669,119.772,481,26064,0.053155,0.41,1,1894627,1894146,481
149627641,52.4134,53.5544,498,26145,0.018631,0.17,1,1894681,1894183,498
149630561,46.4827,64.3109,476,26226,0.0597262,0.03,1,1894726,1894250,476
149633481,66.0965,56.0622,493,26307,0.0199452,0.07,1,1894797,1894304,493
149636401,42.0193,67.2124,459,26388,0.043989,0.01,1,1894833,1894374,459
149639321,30.0039,43.8425,448,26468,0.0167978,0.05,1,1894860,1894412,448
149642241,37.2008,30.3685,460,26548,0.10736,0.05,1,1894899,1894439,460
149645161,101.84,35.6737,541,26628,0.0454719,0.07,1,1895017,1894476,541
149648081,45.968,102.335,454,26708,0.0650944,0.05,1,1895049,1894595,454
149651001,52.3936,46.0669,476,26787,0.117019,0.01,1,1895103,1894627,476
149653921,46.4787,52.4134,467,26866,0.0634038,0.07,1,1895148,1894681,467
149656841,10.8957,46.4827,424,26945,0.0526808,0.01,1,1895150,1894726,424
149659761,58.9791,66.0965,424,27024,0.0185362,0.05,1,1895221,1894797,424
149662681,38.9958,42.0193,422,27102,0.0437072,0.01,1,1895255,1894833,422
149665601,29.3992,30.0039,422,27180,0.00874145,0.13,1,1895282,1894860,422
149668521,37.0798,37.2008,422,27258,0.0417483,0.03,1,1895321,1894899,422
149671441,105.016,101.84,426,27336,0.0643497,0.07,1,1895443,1895017,426
149674361,45.0032,45.968,424,27413,0.0848699,0.13,1,1895473,1895049,424
149677281,53.8006,52.3936,426,27490,0.072974,0.05,1,1895529,1895103,426
149680201,44.3601,46.4787,423,27567,0.0705948,0.05,1,1895571,1895148,423
149683121,10.472,10.8957,423,27644,0.070119,0.01,1,1895573,1895150,423
149686041,58.0944,58.9791,422,27721,0.0700238,0.05,1,1895643,1895221,422
149688961,38.8189,38.9958,422,27797,0.0540048,0,1,1895677,1895255,422
149691881,29.3638,29.3992,422,27873,0.010801,0.05,1,1895704,1895282,422
149694801,38.6728,37.0798,424,27949,0.0261602,0.07,1,1895745,1895321,424
149697721,104.535,105.016,423,28025,0.061232,0.09,1,1895866,1895443,423
149700641,47.3069,45.0032,426,28101,0.0682464,0.07,1,1895899,1895473,426
149703561,53.4614,53.8006,425,28176,0.133649,0.07,1,1895954,1895529,425
149706481,42.6923,44.3601,423,28251,0.13073,0.07,1,1895994,1895571,423
149709401,10.1385,10.472,423,28326,0.178146,0.07,1,1895996,1895573,423
149712321,58.0277,58.0944,423,28401,0.107629,0.07,1,1896066,1895643,423
149715241,37.2055,11.6189,455,28476,0.0455258,0.05,1,1896098,1895643,455
149718161,29.0411,29.5238,448,28550,0.0171052,0,1,1896125,1895677,448
149721081,39.4082,27.5048,463,28624,0.027421,0.03,1,1896167,1895704,463
149724001,106.282,38.3009,545,28698,0.0294842,0.07,1,1896290,1895745,545
149726921,47.6563,104.46,457,28772,0.0458968,0.07,1,1896323,1895866,457
149729841,55.1313,47.292,481,28846,0.0331794,0.15,1,1896380,1895899,481
149732761,44.6263,53.4584,468,28919,0.0786359,0.13,1,1896422,1895954,468
149735681,10.5253,42.6917,430,28992,0.0877272,0.19,1,1896424,1895994,430
149738601,54.105,10.1383,493,29065,0.105545,0.09,1,1896489,1895996,493
149741521,36.421,58.0277,455,29138,0.109109,0.03,1,1896521,1896066,455
149744441,27.2842,37.2055,448,29211,0.173822,0.01,1,1896546,1896098,448
149747361,40.6568,29.0411,465,29283,0.170764,0.03,1,1896590,1896125,465
149750281,105.731,39.4082,545,29355,0.0581529,0.03,1,1896712,1896167,545
149753201,48.3463,106.282,456,29427,0.0356306,0.05,1,1896746,1896290,456
149756121,54.4693,47.6563,479,29499,0.0631261,0.03,1,1896802,1896323,479
149759041,46.8938,55.1313,467,29571,0.148625,0.09,1,1896847,1896380,467
149761961,10.9788,44.6263,427,29643,0.165725,0.09,1,1896849,1896422,427
149764881,54.9958,10.5253,491,29714,0.185145,0.11,1,1896915,1896424,491
149767801,39.7992,54.105,462,29785,0.189029,0.11,1,1896951,1896489,462
149770721,9.55983,36.421,432,29856,0.189806,0.19,1,1896953,1896521,432
149773641,19.512,27.2842,429,29927,0.221961,0.17,1,1896975,1896546,429
149776561,38.3024,40.6568,428,29998,0.276392,0.03,1,1897018,1896590,428
149779481,101.26,105.731,423,30069,0.255278,0.03,1,1897135,1896712,423
149782401,47.4521,48.3463,423,30139,0.267056,0.07,1,1897169,1896746,423
149785321,57.4904,54.4693,427,30209,0.285411,0.17,1,1897229,1896802,427
149788241,49.8981,46.8938,430,30279,0.337082,0.17,1,1897277,1896847,430
149791161,11.5796,10.9788,430,30349,0.347416,0.19,1,1897279,1896849,430
149794081,56.7159,54.9958,432,30419,0.349483,0.19,1,1897347,1896915,432
149797001,39.3432,39.7992,431,30489,0.333897,0.19,1,1897382,1896951,431
149799921,9.46864,9.55983,431,30558,0.330779,0.23,1,1897384,1896953,431
149802841,20.2937,19.512,432,30627,0.314156,0.29,1,1897407,1896975,432
149805761,40.0587,38.3024,434,30696,0.310831,0.25,1,1897452,1897018,434
149808681,101.612,101.26,434,30765,0.326166,0.27,1,1897569,1897135,434
149811601,46.7223,47.4521,433,30834,0.345233,0.29,1,1897602,1897169,433
149814521,61.3445,57.4904,438,30903,0.413047,0.35,1,1897667,1897229,438
149817441,51.4689,49.8981,439,30971,0.458609,0.35,1,1897716,1897277,439
149820361,11.8938,11.5796,439,31039,0.467722,0.35,1,1897718,1897279,439
149823281,55.1788,56.7159,437,31107,0.485544,0.33,1,1897784,1897347,437
149826201,38.2358,39.3432,436,31175,0.521109,0.33,1,1897818,1897382,436
149829121,9.24715,9.46864,436,31243,0.528222,0.31,1,1897820,1897384,436
149832041,19.4494,20.2937,435,31311,0.497644,0.31,1,1897842,1897407,435
149834961,40.6899,4.05875,481,31379,0.491529,0.31,1,1897888,1897407,481
149837881,102.538,36.8117,554,31446,0.554306,0.33,1,1898006,1897452,554
149840801,47.7076,100.962,471,31513,0.566861,0.35,1,1898040,1897569,471
149843721,63.1415,46.5925,505,31580,0.601372,0.43,1,1898107,1897602,505
149846641,54.2283,61.3185,492,31647,0.576274,0.47,1,1898159,1897667,492
149849561,12.4457,51.4637,445,31714,0.571255,0.47,1,1898161,1897716,445
149852481,55.2891,11.8927,509,31781,0.570251,0.49,1,1898227,1897718,509
149855401,39.8578,55.1785,479,31848,0.58605,0.53,1,1898263,1897784,479
149858321,9.57156,38.2357,447,31914,0.58921,0.53,1,1898265,1897818,447
149861241,19.5143,9.24714,467,31980,0.589842,0.49,1,1898287,1897820,467
149864161,40.7029,19.4494,491,32046,0.589968,0.49,1,1898333,1897842,491
149867081,105.741,40.6899,567,32112,0.685994,0.57,1,1898455,1897888,567
149870001,48.3481,102.538,483,32178,0.737199,0.57,1,1898489,1898006,483
149872921,64.8696,47.7076,518,32244,0.74744,0.61,1,1898558,1898040,518
149875841,52.9739,63.1415,501,32310,0.749488,0.57,1,1898608,1898107,501
149878761,12.1948,54.2283,451,32375,0.749898,0.57,1,1898610,1898159,451
149881681,55.239,12.4457,515,32440,0.79798,0.57,2,1898676,1898161,515
149884601,40.6478,55.2891,486,32505,0.871596,0.59,2,1898713,1898227,486
149887521,9.72956,39.8578,452,32570,0.886319,0.59,2,1898715,1898263,452
149890441,19.5459,9.57156,472,32635,0.889264,0.59,2,1898737,1898265,472
149893361,40.7092,19.5143,496,32700,0.889853,0.59,2,1898783,1898287,496
149896281,111.342,40.7029,579,32765,0.921971,0.71,2,1898912,1898333,579
149899201,23.8684,105.741,459,32830,0.928394,0.75,2,1898914,1898455,459
150030601,27,25,507,35612,0.87,1,2,1900862,1900355,507
150033521,43,24.2,530,35671,0.854,1,2,1900909,1900379,530
150036441,39.8,50.44,512,35730,0.8028,1,2,1900948,1900436,512
150039361,28.76,41.288,499,35789,0.80856,1,2,1900974,1900475,499
150042281,12.952,29.0576,482,35848,0.761712,1,2,1900983,1900501,482
150045201,49.7904,55.4115,479,35907,0.784342,1,2,1901042,1900563,479
150048121,33.9581,36.6823,477,35966,0.804868,0.94,2,1901072,1900595,477
150051041,33.9916,35.3365,476,36025,0.760974,0.96,2,1901106,1900630,476
150053961,29.1983,27.8673,478,36084,0.768195,1,2,1901134,1900656,478
150056881,22.6397,28.7735,470,36143,0.785639,0.91,2,1901155,1900685,470
150059801,93.3279,97.7547,466,36201,0.821128,0.85,2,1901266,1900800,466
150062721,46.6656,47.5509,466,36259,0.828226,0.87,2,1901301,1900835,466
150065641,30.1331,31.1102,465,36317,0.797645,0.85,2,1901327,1900862,465
150068561,41.2266,43.822,462,36375,0.775529,0.79,2,1901371,1900909,462
150071481,39.4453,39.9644,462,36433,0.771106,0.81,2,1901410,1900948,462
150074401,27.0891,28.7929,460,36491,0.786221,0.75,2,1901434,1900974,460
150077321,14.2178,12.9586,462,36549,0.821244,0.79,2,1901445,1900983,462
150080241,47.6436,49.7917,459,36607,0.844249,0.81,2,1901501,1901042,459
150083161,31.9287,33.9583,457,36665,0.86485,0.75,2,1901529,1901072,457
150086081,35.1857,33.9917,459,36723,0.83697,0.77,2,1901565,1901106,459
150089001,30.2371,29.1983,460,36781,0.847394,0.79,2,1901594,1901134,460
150091921,22.8474,22.6397,460,36838,0.833479,0.83,2,1901615,1901155,460
150094841,95.7695,93.3279,463,36895,0.894696,0.83,2,1901729,1901266,463
150097761,45.5539,46.6656,461,36952,0.922939,0.79,2,1901762,1901301,461
150270041,153,153,507,17761,0.07,0.88,1,1904180,1903673,507
150272961,101.8,89.8,522,17881,0.054,0.81,1,1904269,1903747,522
150275881,79.56,98.76,495,18000,0.0348,0.59,1,1904343,1903848,495
150278801,38.312,66.152,465,18118,0.06296,0.45,1,1904371,1903906,465
150281721,33.2624,44.4304,458,18235,0.052592,0.27,1,1904403,1903945,458
150284641,51.4525,74.4861,432,18351,0.0985184,0.07,1,1904459,1904027,432
150287561,125.49,137.297,423,18467,0.107704,0.05,1,1904603,1904180,423
150290481,96.2981,98.6594,423,18582,0.141541,0.03,1,1904692,1904269,423
150293401,78.4596,78.9319,423,18696,0.100308,0.07,1,1904766,1904343,423
150296321,39.6919,38.1864,425,18810,0.140062,0.05,1,1904796,1904371,425
150299241,35.1384,33.2373,427,18923,0.196012,0.11,1,1904830,1904403,427
150302161,51.8277,51.4475,427,19035,0.207202,0.11,1,1904886,1904459,427
150305081,125.566,125.489,427,19146,0.27344,0.15,1,1905030,1904603,427
150308001,96.3131,96.2979,427,19257,0.318688,0.09,1,1905119,1904692,427
150310921,77.6626,78.4596,426,19367,0.343738,0.15,1,1905192,1904766,426
150313841,41.1325,39.6919,428,19477,0.316748,0.21,1,1905224,1904796,428
150316761,39.4265,35.1384,433,19586,0.32735,0.21,1,1905263,1904830,433
150319681,51.0853,7.02768,487,19694,0.31347,0.21,1,1905317,1904830,487
150322601,127.817,46.2055,578,19802,0.326694,0.29,1,1905464,1904886,578
150325521,99.1634,124.441,526,19909,0.361339,0.33,1,1905556,1905030,526
150328441,77.4327,96.0882,509,20016,0.384268,0.35,1,1905628,1905119,509
150331361,39.4865,77.6176,466,20122,0.388854,0.31,1,1905658,1905192,466
150334281,39.8973,41.1235,474,20227,0.421771,0.33,1,1905698,1905224,474
150337201,51.9795,39.4247,490,20332,0.492354,0.31,1,1905753,1905263,490
150340121,128.796,51.0849,584,20436,0.506471,0.33,1,1905901,1905317,584
150343041,101.759,127.817,532,20540,0.573294,0.37,1,1905996,1905464,532
150345961,77.9518,99.1634,512,20643,0.602659,0.39,1,1906068,1905556,512
150348881,40.3904,77.4327,471,20746,0.640532,0.39,1,1906099,1905628,471
150351801,40.8781,39.4865,482,20848,0.632106,0.43,1,1906140,1905658,482
150354721,55.3756,39.8973,501,20950,0.646421,0.51,1,1906199,1905698,501
150357641,129.475,51.9795,594,21051,0.729284,0.51,1,1906347,1905753,594
150360561,27.495,128.796,448,21152,0.745857,0.59,1,1906349,1905901,448
150363481,83.899,101.759,451,21252,0.829171,0.61,2,1906447,1905996,451
150366401,75.1798,77.9518,452,21352,0.893834,0.65,2,1906520,1906068,452
150369321,41.436,40.3904,454,21451,0.890767,0.63,2,1906553,1906099,454
150372241,40.2872,40.8781,453,21550,0.922153,0.65,2,1906593,1906140,453
150375161,56.0574,55.3756,454,21648,0.928431,0.75,2,1906653,1906199,454
150468601,78,85,502,24588,0.67,1,1,1908833,1908331,502
150471521,37.2,55.4,481,24674,0.638,1,1,1908860,1908379,481
150474441,34.64,37.48,482,24760,0.6316,1,1,1908894,1908412,482
150477361,44.528,47.496,479,24846,0.72632,1,1,1908941,1908462,479
150480281,33.7056,39.0992,473,24931,0.793264,1,2,1908972,1908499,473
150483201,38.7411,38.2198,475,25016,0.774653,0.71,2,1909012,1908537,475
150486121,138.148,154.044,455,25101,0.786931,0.71,2,1909175,1908720,455
150489041,55.6296,58.8088,455,25185,0.821386,0.67,2,1909210,1908755,455
150491961,73.5259,74.1618,455,25269,0.860277,0.63,2,1909288,1908833,455
150494881,36.3052,36.4324,455,25353,0.852055,0.63,2,1909315,1908860,455
150497801,36.861,34.4865,458,25437,0.898411,0.63,2,1909352,1908894,458
150500721,41.7722,6.89729,501,25520,0.859682,0.75,2,1909395,1908894,501
150503641,37.1544,38.9795,490,25603,0.851936,0.81,2,1909431,1908941,490
150506561,40.2309,32.5959,500,25686,0.882387,0.77,2,1909472,1908972,500
150605841,28,23,483,28354,0.81,1,2,1911352,1910869,483
150608761,30.4,4.6,514,28429,0.762,1,2,1911383,1910869,514
150611681,137.28,24.12,649,28503,0.2404,1,1,1911547,1910898,649
150614601,58.656,144.024,514,28577,0.07208,0.9,1,1911586,1911072,514
150617521,70.1312,59.2048,549,28651,0.038416,1,1,1911659,1911110,549
150620441,35.6262,74.241,498,28725,0.0316832,0.95,1,1911686,1911188,498
150623361,31.9252,41.2482,496,28799,0.0303366,0.95,1,1911717,1911221,496
150626281,29.5851,33.8496,493,28873,0.0300673,0.81,1,1911746,1911253,493
150629201,37.117,30.7699,502,28946,0.0300135,0.77,1,1911785,1911283,502
150632121,25.8234,38.954,484,29019,0.0300027,0.81,1,1911808,1911324,484
150635041,29.9647,30.1908,487,29092,0.0140005,0.75,1,1911839,1911352,487
150637961,112.393,30.8382,589,29165,0.0268001,0.11,1,1911972,1911383,589
150640881,50.4786,137.368,460,29238,0.04536,0.03,1,1912007,1911547,460
150643801,68.4957,58.6735,494,29310,0.033072,0.03,1,1912080,1911586,494
150646721,36.0991,70.1347,449,29382,0.0306144,0.03,1,1912108,1911659,449
150649641,32.0198,35.6269,453,29454,0.0301229,0.03,1,1912139,1911686,453
150652561,29.604,31.9254,451,29526,0.0460246,0.03,1,1912168,1911717,451
150655481,37.1208,29.5851,461,29598,0.0172049,0.03,1,1912207,1911746,461
150658401,25.8242,37.117,445,29670,0.059441,0.03,1,1912230,1911785,445
150661321,29.9648,25.8234,453,29741,0.0358882,0.01,1,1912261,1911808,453
150664241,113.193,29.9647,556,29812,0.0631776,0.03,1,1912395,1911839,556
150667161,24.2386,112.393,425,29883,0.0686355,0.05,1,1912397,1911972,425
150670081,31.2477,50.4786,423,29954,0.0697271,0.03,1,1912430,1912007,423
150673001,63.8495,68.4957,422,30025,0.0379454,0.03,1,1912502,1912080,422
150675921,36.7699,36.0991,424,30095,0.0315891,0.03,1,1912532,1912108,424
150678841,30.554,32.0198,422,30165,0.0143178,0.05,1,1912561,1912139,422
150681761,29.3108,29.604,422,30235,0.0428636,0.01,1,1912590,1912168,422
150684681,38.6622,37.1208,424,30305,0.0325727,0.07,1,1912631,1912207,424
150687601,27.7324,25.8242,426,30375,0.0305145,0.03,1,1912656,1912230,426
150690521,27.9465,29.9648,423,30445,0.0301029,0.07,1,1912684,1912261,423
150693441,114.389,113.193,425,30515,0.158021,0.07,1,1912820,1912395,425
150696361,24.4779,24.2386,425,30584,0.151604,0.07,1,1912822,1912397,425
150699281,29.6956,31.2477,423,30653,0.166321,0.03,1,1912853,1912430,423
150702201,62.7391,63.8495,422,30722,0.121264,0.03,1,1912924,1912502,422
150705121,36.5478,36.7699,422,30791,0.0482528,0.01,1,1912954,1912532,422
150708041,30.5096,30.554,422,30860,0.00965057,0.05,1,1912983,1912561,422
150710961,30.1019,29.3108,423,30929,0.0259301,0.03,1,1913013,1912590,423
150713881,38.0204,38.6622,422,30997,0.029186,0.03,1,1913053,1912631,422
150716801,27.6041,27.7324,422,31065,0.0298372,0.03,1,1913078,1912656,422
150719721,27.9208,27.9465,422,31133,0.0299674,0.19,1,1913106,1912684,422
150722641,119.984,114.389,429,31201,0.0939935,0.15,1,1913249,1912820,429
150725561,25.5968,24.4779,429,31269,0.106799,0.17,1,1913251,1912822,429
150728481,30.7194,29.6956,430,31337,0.12536,0.17,1,1913283,1912853,430
150731401,56.5439,5.93911,493,31405,0.177072,0.11,1,1913346,1912853,493
150734321,34.5088,57.9878,451,31472,0.155414,0.03,1,1913375,1912924,451
150737241,30.1018,35.5976,450,31539,0.0390829,0,1,1913404,1912954,450
150740161,30.8204,30.3195,452,31606,0.0318166,0.03,1,1913435,1912983,452
150743081,37.3641,30.0639,461,31673,0.0303633,0.03,1,1913474,1913013,461
150746001,27.4728,38.0128,446,31740,0.0460727,0.03,1,1913499,1913053,446
150748921,27.8946,27.6026,449,31807,0.0172145,0.03,1,1913527,1913078,449
150751841,124.779,27.9205,570,31874,0.0434429,0.11,1,1913676,1913106,570
150754761,26.5558,119.984,429,31940,0.0806886,0.11,1,1913678,1913249,429
150757681,31.7112,25.5968,460,32006,0.0401377,0.13,1,1913711,1913251,460
150760601,59.1422,30.7194,494,32072,0.0640275,0.19,1,1913777,1913283,494
150763521,32.6284,56.5439,457,32138,0.0848055,0.15,1,1913803,1913346,457
150766441,24.1257,34.5088,450,32204,0.104961,0.01,1,1913825,1913375,450
150769361,31.2251,30.1018,454,32270,0.0609922,0.03,1,1913858,1913404,454
150772281,36.645,30.8204,461,32336,0.0201984,0.03,1,1913896,1913435,461
150775201,28.129,37.3641,448,32401,0.0280397,0.05,1,1913922,1913474,448
150778121,26.4258,27.4728,449,32466,0.0456079,0.01,1,1913948,1913499,449
150781041,126.085,27.8946,572,32531,0.113122,0.05,1,1914099,1913527,572
150783961,26.817,124.779,425,32596,0.126624,0.09,1,1914101,1913676,425
150786881,32.5634,26.5558,457,32661,0.129325,0.03,1,1914135,1913678,457
150789801,59.3127,31.7112,490,32726,0.209865,0.07,1,1914201,1913711,490
150792721,13.4625,59.1422,426,32791,0.225973,0.09,1,1914203,1913777,426
150795641,23.4925,32.6284,426,32856,0.277195,0.11,1,1914229,1913803,426
150798561,21.4985,24.1257,425,32920,0.255439,0.05,1,1914250,1913825,425
150801481,28.2997,31.2251,422,32984,0.267088,0.01,1,1914280,1913858,422
150804401,36.0599,36.645,422,33048,0.205418,0.03,1,1914318,1913896,422
150807321,29.612,28.129,424,33112,0.161084,0.05,1,1914346,1913922,424
150810241,25.1224,26.4258,422,33176,0.120217,0.13,1,1914370,1913948,422
150813161,130.624,126.085,428,33240,0.144043,0.13,1,1914527,1914099,428
150816081,27.7249,26.817,428,33304,0.116809,0.13,1,1914529,1914101,428
150819001,33.545,32.5634,429,33368,0.143362,0.23,1,1914564,1914135,429
150821921,62.709,59.3127,433,33431,0.196672,0.23,1,1914634,1914201,433
150824841,14.1418,13.4625,433,33494,0.175334,0.29,1,1914636,1914203,433
150827761,25.2284,23.4925,435,33557,0.187067,0.25,1,1914664,1914229,435
150830681,21.8457,21.4985,435,33620,0.221413,0.27,1,1914685,1914250,435
150833601,26.7691,28.2997,433,33683,0.228283,0.19,1,1914713,1914280,433
150836521,32.5538,36.0599,429,33746,0.245657,0.15,1,1914747,1914318,429
150839441,27.3108,29.612,427,33809,0.281131,0.11,1,1914773,1914346,427
150842361,24.6622,25.1224,427,33872,0.256226,0.15,1,1914797,1914370,427
150845281,131.332,130.624,428,33934,0.395245,0.11,1,1914955,1914527,428
150848201,27.8665,27.7249,428,33996,0.423049,0.15,1,1914957,1914529,428
150851121,32.7733,33.545,427,34058,0.42861,0.21,1,1914991,1914564,427
150854041,65.7547,62.709,431,34120,0.429722,0.17,1,1915065,1914634,431
150856961,14.7509,14.1418,431,34182,0.429944,0.19,1,1915067,1914636,431
150859881,25.3502,25.2284,431,34244,0.413989,0.19,1,1915095,1914664,431
150862801,22.67,5.04567,453,34306,0.410798,0.23,1,1915117,1914664,453
150865721,26.934,17.8091,460,34368,0.44216,0.23,1,1915145,1914685,460
150868641,33.3868,25.9618,467,34430,0.496432,0.25,1,1915180,1914713,467
150871561,27.4774,32.3924,459,34491,0.507286,0.29,1,1915206,1914747,459
150874481,24.6955,27.2785,457,34552,0.509457,0.25,1,1915230,1914773,457
150877401,136.939,24.6557,598,34613,0.525891,0.43,1,1915395,1914797,598
150880321,28.9878,131.331,442,34674,0.529178,0.43,1,1915397,1914955,442
150883241,32.9976,27.8662,474,34735,0.529836,0.43,1,1915431,1914957,474
150886161,65.7995,32.7732,514,34796,0.529967,0.43,1,1915505,1914991,514
150889081,14.7599,65.7546,442,34857,0.529993,0.43,1,1915507,1915065,442
150892001,26.152,14.7509,469,34918,0.545999,0.41,1,1915536,1915067,469
150894921,22.8304,25.3502,463,34979,0.5652,0.41,1,1915558,1915095,463
150897841,29.3661,22.67,472,35039,0.58504,0.45,1,1915589,1915117,472
150900761,35.4732,26.934,481,35099,0.589008,0.51,1,1915626,1915145,481
150903681,27.8946,33.3868,472,35159,0.605802,0.51,1,1915652,1915180,472
150906601,24.7789,27.4774,470,35219,0.62516,0.51,1,1915676,1915206,470
150909521,137.756,24.6955,612,35279,0.629032,0.53,1,1915842,1915230,612
150912441,29.1512,136.939,449,35339,0.629806,0.53,1,1915844,1915395,449
150915361,33.0302,28.9878,481,35399,0.645961,0.53,1,1915878,1915397,481
150918281,65.806,32.9976,521,35459,0.681192,0.53,1,1915952,1915431,521
150921201,14.7612,65.7995,449,35519,0.688238,0.53,1,1915954,1915505,449
150924121,27.7522,14.7599,478,35579,0.721648,0.55,1,1915985,1915507,478
150927041,23.1504,26.152,471,35638,0.72833,0.57,1,1916007,1915536,471
150929961,30.2301,22.8304,481,35697,0.761666,0.59,2,1916039,1915558,481
150932881,7.64602,29.3661,452,35756,0.768333,0.59,2,1916041,1915589,452
150935801,31.1292,35.4732,452,35815,0.801667,0.61,2,1916078,1915626,452
150938721,27.8258,27.8946,453,35874,0.856333,0.63,2,1916105,1915652,453
150941641,24.7652,24.7789,453,35933,0.835267,0.63,2,1916129,1915676,453
150944561,138.553,137.756,454,35992,0.863053,0.63,2,1916296,1915842,454
150947481,29.3106,29.1512,454,36051,0.868611,0.65,2,1916298,1915844,454
150950401,33.0621,33.0302,454,36110,0.869722,0.69,2,1916332,1915878,454
151096401,56,64,491,38928,0.79,1,2,1918310,1917819,491
151099321,36,36,493,38982,0.79,1,2,1918341,1917848,493
151102241,22.4,27.2,487,39036,0.79,1,2,1918360,1917873,487
151105161,24.48,23.04,490,39090,0.758,1,2,1918385,1917895,490
151108081,32.896,29.408,494,39144,0.7676,1,2,1918420,1917926,494
151111001,31.3792,25.8816,500,39198,0.80152,1,2,1918451,1917951,500
151113921,19.0758,32.3763,482,39252,0.744304,0.96,1,1918467,1917985,482
151116841,23.8152,28.0753,480,39306,0.732861,0.97,1,1918492,1918012,480
151119761,23.963,26.4151,478,39360,0.698572,0.99,1,1918516,1918038,478
151122681,25.5926,10.083,498,39414,0.787714,0.95,2,1918542,1918044,498
151125601,97.9185,122.017,464,39468,0.805543,0.89,2,1918658,1918194,464
151128521,46.7837,51.6033,464,39522,0.841109,0.89,2,1918692,1918228,464
151131441,30.1567,31.1207,464,39575,0.816222,0.79,2,1918718,1918254,464
151134361,47.6314,51.0241,460,39628,0.891244,0.79,2,1918770,1918310,460
151137281,32.7263,35.0048,458,39681,0.890249,0.79,2,1918799,1918341,458
151362121,56,79,448,19925,0.15,0.09,1,1921578,1921130,448
151365041,71.2,59,469,20031,0.102,0.03,1,1921653,1921184,469
151367961,62.24,71,455,20137,0.0604,0.03,1,1921713,1921258,455
151370881,74.048,67,466,20242,0.05208,0,1,1921790,1921324,466
151373801,22.8096,48.6,432,20347,0.050416,0.05,1,1921800,1921368,432
151376721,122.162,24.92,560,20451,0.0660832,0.05,1,1921947,1921387,560
151379641,70.0324,112.984,482,20555,0.117217,0.15,1,1922004,1921522,482
151382561,71.6065,67.3968,498,20658,0.191443,0.09,1,1922076,1921578,498
151385481,60.7213,73.4794,481,20761,0.158289,0.05,1,1922134,1921653,481
151388401,75.3443,62.6959,500,20863,0.151658,0.05,1,1922213,1921713,500
151391321,23.0689,74.1392,433,20965,0.150332,0.05,1,1922223,1921790,433
151394241,6.21377,22.8278,425,21066,0.150066,0.07,1,1922225,1921800,425
151397161,118.843,122.166,425,21167,0.150013,0.13,1,1922372,1921947,425
151400081,73.3686,70.0331,430,21267,0.198003,0.21,1,1922434,1922004,430
151403001,73.8737,71.6066,432,21367,0.239601,0.15,1,1922508,1922076,432
151405921,57.1747,60.7213,427,21466,0.23192,0.15,1,1922561,1922134,427
151408841,76.235,75.3443,429,21565,0.278384,0.15,1,1922642,1922213,429
151411761,23.247,23.0689,429,21663,0.255677,0.15,1,1922652,1922223,429
151414681,6.2494,6.21377,429,21761,0.283135,0.15,1,1922654,1922225,429
151417601,118.85,118.843,429,21858,0.352627,0.21,1,1922801,1922372,429
151420521,72.57,73.3686,428,21955,0.366525,0.25,1,1922862,1922434,428
151423441,76.914,73.8737,432,22052,0.337305,0.23,1,1922940,1922508,432
151426361,59.3828,57.1747,434,22148,0.427461,0.29,1,1922995,1922561,434
151429281,76.6766,76.235,434,22244,0.429492,0.25,1,1923076,1922642,434
151432201,23.3353,23.247,434,22339,0.429898,0.29,1,1923086,1922652,434
151435121,6.26706,6.2494,434,22434,0.42998,0.37,1,1923088,1922654,434
151438041,122.053,118.85,438,22529,0.477996,0.37,1,1923239,1922801,438
151440961,72.4107,23.77,498,22623,0.455599,0.37,1,1923299,1922801,498
151443881,77.6821,53.554,516,22717,0.46712,0.33,1,1923378,1922862,516
151446801,63.5364,73.1108,498,22810,0.501424,0.45,1,1923438,1922940,498
151449721,76.7073,58.6222,523,22903,0.540285,0.43,1,1923518,1922995,523
151452641,23.3415,76.5244,452,22996,0.548057,0.43,1,1923528,1923076,452
151455561,6.26829,23.3049,444,23088,0.549611,0.43,1,1923530,1923086,444
151458481,122.854,6.26098,594,23180,0.581922,0.49,1,1923682,1923088,594
151461401,72.5707,122.052,503,23271,0.620384,0.45,1,1923742,1923239,503
151464321,78.5141,72.4104,523,23362,0.676077,0.47,1,1923822,1923299,523
151467241,65.3028,77.6821,506,23453,0.783215,0.51,2,1923884,1923378,506
151470161,78.6606,63.5364,528,23543,0.804643,0.55,2,1923966,1923438,528
151473081,23.7321,76.7073,458,23633,0.808929,0.55,2,1923976,1923518,458
151476001,6.34642,23.3415,450,23723,0.809786,0.55,2,1923978,1923528,450
151478921,124.469,6.26829,602,23812,0.905957,0.59,2,1924132,1923530,602
151566521,23,83,500,26351,0.89,1,2,1925868,1925368,500
151569441,31.8,31,516,26431,0.874,1,2,1925902,1925386,516
151572361,102.36,27.8,609,26511,0.6788,1,1,1926022,1925413,609
151575281,78.072,115.16,544,26591,0.60776,1,1,1926094,1925550,544
151578201,38.0144,72.632,510,26671,0.609552,1,1,1926122,1925612,510
151581121,42.0029,32.9264,530,26750,0.59391,1,1,1926165,1925635,530
151584041,60.4006,56.1853,533,26829,0.670782,0.94,1,1926230,1925697,533
151586961,79.2801,58.4371,558,26908,0.654156,0.93,1,1926314,1925756,558
151589881,17.456,82.8874,471,26987,0.618831,0.89,1,1926316,1925845,471
151592801,20.2912,34.9775,469,27065,0.627766,0.87,1,1926337,1925868,469
151595721,29.6582,34.1955,467,27143,0.661553,0.63,1,1926369,1925902,467
151598641,91.5316,102.839,454,27221,0.716311,0.59,1,1926476,1926022,454
151601561,75.9063,78.1678,454,27299,0.727262,0.61,1,1926548,1926094,454
151604481,36.7813,38.0336,453,27377,0.729452,0.59,1,1926575,1926122,453
151607401,39.3563,42.0067,450,27454,0.74589,0.69,1,1926615,1926165,450
151610321,64.6712,60.4013,456,27531,0.781178,0.65,2,1926686,1926230,456
151613241,76.9342,79.2803,452,27608,0.820236,0.61,2,1926766,1926314,452
151616161,16.9868,17.4561,452,27685,0.828047,0.63,2,1926768,1926316,452
151619081,19.3974,20.2912,451,27761,0.845609,0.67,2,1926788,1926337,451
151622001,31.8795,29.6582,454,27837,0.833122,0.73,2,1926823,1926369,454
151624921,93.5759,91.5316,456,27913,0.910624,0.73,2,1926932,1926476,456
151636601,75,71,461,28215,0.89,0.83,2,1927147,1926686,461
151639521,79,78.2,461,28290,0.906,0.83,2,1927227,1926766,461
151642441,17.4,17.24,461,28365,0.9092,0.83,2,1927229,1926768,461
151645361,19.48,3.448,481,28440,0.87784,0.85,2,1927249,1926768,481
151648281,32.696,16.6896,497,28514,0.871568,0.83,2,1927285,1926788,497
151651201,97.7392,31.3379,576,28588,0.918314,0.93,2,1927399,1926823,576
151741721,52,33,500,30799,0.73,1,1,1928957,1928457,500
151744641,40.8,34.6,503,30868,0.634,0.98,1,1928995,1928492,503
151747561,54.56,63.72,490,30937,0.5348,1,1,1929053,1928563,490
151750481,70.112,79.144,481,31005,0.45096,1,1,1929127,1928646,481
151753401,35.6224,40.6288,477,31073,0.466192,1,1,1929154,1928677,477
151756321,31.1245,27.3258,483,31141,0.437238,1,1,1929184,1928701,483
151759241,27.0249,24.6652,485,31209,0.367448,1,1,1929210,1928725,485
151762161,27.005,32.133,478,31277,0.40149,1,1,1929237,1928759,478
151765081,63.801,6.42661,551,31345,0.392298,0.84,1,1929310,1928759,551
151768001,55.9602,72.4853,516,31413,0.40646,0.73,1,1929364,1928848,516
151770921,48.792,60.0971,506,31480,0.489292,0.73,1,1929411,1928905,506
151773841,35.3584,53.6194,486,31547,0.505858,0.61,1,1929443,1928957,486
151776761,51.0717,41.1239,503,31614,0.541172,0.51,1,1929498,1928995,503
151779681,67.8143,54.6248,517,31681,0.532234,0.43,1,1929570,1929053,517
151782601,34.3629,70.125,469,31748,0.578447,0.47,1,1929596,1929127,469
151785521,32.4726,35.625,474,31815,0.603689,0.43,1,1929628,1929154,474
151788441,25.6945,31.125,468,31881,0.624738,0.35,1,1929652,1929184,468
151791361,27.5389,27.025,470,31947,0.644948,0.41,1,1929680,1929210,470
151794281,61.5078,27.005,513,32013,0.68099,0.39,1,1929750,1929237,513
151797201,57.9016,63.801,497,32079,0.736198,0.41,1,1929807,1929310,497
151800121,50.7803,55.9602,492,32145,0.77924,0.51,2,1929856,1929364,492
151803041,34.9561,48.792,476,32211,0.819848,0.51,2,1929887,1929411,476
151805961,52.5912,35.3584,501,32277,0.82797,0.55,2,1929944,1929443,501
151808881,68.9182,51.0717,519,32343,0.845594,0.53,2,1930017,1929498,519
151811801,36.9836,67.8143,476,32408,0.849119,0.59,2,1930046,1929570,476
151814721,34.5967,34.3629,484,32473,0.833824,0.61,2,1930080,1929596,484
151817641,26.9193,32.4726,477,32538,0.878765,0.63,2,1930105,1929628,477
151820561,27.7839,25.6945,481,32603,0.887753,0.65,2,1930133,1929652,481
151823481,63.1568,27.5389,525,32668,0.889551,0.69,2,1930205,1929680,525
151826401,61.4314,61.5078,516,32733,0.88991,0.75,2,1930266,1929750,516
151829321,13.8863,57.9016,461,32798,0.889982,0.79,2,1930268,1929807,461
151832241,44.3773,50.7803,464,32862,0.889996,0.83,2,1930320,1929856,464
151835161,32.8755,34.9561,463,32926,0.857999,0.83,2,1930350,1929887,463
151838081,52.1751,52.5912,463,32990,0.8676,0.85,2,1930407,1929944,463
151841001,70.435,68.9182,465,33054,0.91752,0.85,2,1930482,1930017,465
151852681,28,28,466,33310,0.95,0.89,2,1930599,1930133,466
151966561,34,27,512,35702,0.79,1,2,1932270,1931758,512
151969481,34,57.4,481,35761,0.742,1,1,1932304,1931823,481
151972401,70.8,68.28,490,35820,0.4284,1,1,1932384,1931894,490
151975321,41.36,40.856,490,35879,0.26968,1,1,1932418,1931928,490
151978241,35.472,33.7712,492,35938,0.125936,1,1,1932452,1931960,492
151981161,27.8944,29.9542,489,35997,0.0251872,1,1,1932478,1931989,489
151984081,31.1789,29.9908,491,36056,0.0610374,1,1,1932510,1932019,491
151987001,43.8358,51.5982,481,36115,0.0362075,1,1,1932557,1932076,481
151989921,62.3672,69.5196,474,36174,0.0312415,0.99,1,1932624,1932150,474
151992841,38.8734,37.1039,478,36232,0.0622483,0.95,1,1932657,1932179,478
151995761,26.1747,26.6208,477,36290,0.0364497,0.93,1,1932680,1932203,477
151998681,23.6349,31.7242,467,36348,0.0312899,0.79,1,1932703,1932236,467
152001601,27.127,33.5448,461,36406,0.030258,0.73,1,1932731,1932270,461
152004521,26.2254,33.909,453,36464,0.0300516,0.35,1,1932757,1932304,453
152007441,58.8451,70.7818,440,36522,0.0300103,0.23,1,1932824,1932384,440
152010361,32.569,41.3564,432,36580,0.0460021,0.09,1,1932850,1932418,432
152013281,28.9138,35.4713,426,36638,0.0332004,0,1,1932878,1932452,426
152016201,24.1828,27.8943,423,36696,0.0306401,0.07,1,1932901,1932478,423
152019121,31.2366,31.1789,424,36754,0.014128,0.03,1,1932934,1932510,424
152022041,42.2473,43.8358,422,36811,0.0108256,0.03,1,1932979,1932557,422
152024961,66.0495,62.3672,427,36868,0.0101651,0.07,1,1933051,1932624,427
152027881,36.4099,38.8734,423,36925,0.090033,0.03,1,1933080,1932657,423
152030801,27.282,26.1747,425,36982,0.0900066,0.03,1,1933105,1932680,425
152033721,22.2564,23.6349,423,37039,0.0420013,0.03,1,1933126,1932703,423
152036641,26.0513,27.127,422,37096,0.0324003,0.03,1,1933153,1932731,422
152039561,26.0103,26.2254,422,37153,0.0784801,0.03,1,1933179,1932757,422
152042481,58.8021,5.24508,489,37210,0.055696,0.03,1,1933246,1932757,489
152045401,32.5604,54.649,448,37267,0.0511392,0.05,1,1933272,1932824,448
152048321,28.1121,31.7298,449,37324,0.146228,0.03,1,1933299,1932850,449
152051241,24.0224,28.746,444,37381,0.117246,0.03,1,1933322,1932878,444
152054161,32.8045,24.1492,456,37438,0.0474491,0.01,1,1933357,1932901,456
152057081,40.9609,31.2298,466,37494,0.0334898,0.01,1,1933400,1932934,466
152060001,66.5922,42.246,494,37550,0.030698,0.01,1,1933473,1932979,494
152062921,36.5184,66.0492,451,37606,0.0621396,0.11,1,1933502,1933051,451
152065841,26.5037,36.4098,446,37662,0.0684279,0.09,1,1933526,1933080,446
152068761,22.1007,27.282,442,37718,0.101686,0.03,1,1933547,1933105,442
152071681,26.0201,22.2564,448,37774,0.0763371,0.03,1,1933574,1933126,448
152074601,26.004,26.0513,447,37830,0.0712674,0.09,1,1933600,1933153,447
152077521,62.0008,26.0103,492,37886,0.0542535,0.05,1,1933671,1933179,492
152080441,32.4002,58.8021,450,37942,0.0828507,0.05,1,1933696,1933246,450
152083361,30.48,32.5604,454,37998,0.0885701,0.17,1,1933726,1933272,454
152086281,22.096,28.1121,447,38054,0.105714,0.11,1,1933746,1933299,447
152089201,32.4192,24.0224,459,38110,0.0611428,0.03,1,1933781,1933322,459
152092121,39.2838,32.8045,465,38165,0.0522286,0.03,1,1933822,1933357,465
152095041,66.2568,40.9609,495,38220,0.0344457,0.03,1,1933895,1933400,495
152097961,38.0514,66.5922,453,38275,0.0308891,0.07,1,1933926,1933473,453
152100881,27.6103,36.5184,449,38330,0.0301778,0.07,1,1933951,1933502,449
152103801,19.9221,26.5037,443,38385,0.0780356,0.11,1,1933969,1933526,443
152106721,27.1844,22.1007,451,38440,0.103607,0.07,1,1933998,1933547,451
152109641,27.0369,26.0201,451,38495,0.108721,0.07,1,1934025,1933574,451
152112561,60.6074,26.004,494,38550,0.125744,0.05,1,1934094,1933600,494
152115481,33.7215,62.0008,450,38605,0.145149,0.09,1,1934121,1933671,450
152118401,8.34429,32.4002,427,38660,0.14903,0.09,1,1934123,1933696,427
152121321,24.8689,30.48,426,38715,0.165806,0.11,1,1934152,1933726,426
152124241,21.7738,22.096,427,38770,0.169161,0.05,1,1934173,1933746,427
152127161,29.1548,32.4192,423,38824,0.201832,0.05,1,1934204,1933781,423
152130081,39.431,39.2838,424,38878,0.224366,0.03,1,1934246,1933822,424
152133001,64.6862,66.2568,422,38932,0.0848733,0.03,1,1934317,1933895,422
152135921,39.3372,38.0514,424,38986,0.0409747,0.03,1,1934350,1933926,424
152138841,28.6674,27.6103,425,39040,0.0641949,0.09,1,1934376,1933951,425
152141761,20.9335,19.9221,426,39094,0.052839,0.11,1,1934395,1933969,426
152144681,28.9867,27.1844,428,39148,0.0665678,0.11,1,1934426,1933998,428
152147601,28.1973,27.0369,429,39202,0.0533136,0.13,1,1934454,1934025,429
152150521,60.0395,60.6074,428,39256,0.0986627,0.15,1,1934522,1934094,428
152153441,34.4079,33.7215,429,39310,0.0757325,0.15,1,1934550,1934121,429
152156361,8.48158,8.34429,429,39364,0.0711465,0.17,1,1934552,1934123,429
152159281,25.6963,24.8689,430,39418,0.118229,0.17,1,1934582,1934152,430
152162201,21.9393,21.7738,430,39472,0.143646,0.21,1,1934603,1934173,430
152165121,29.1879,29.1548,430,39526,0.196729,0.23,1,1934634,1934204,430
152168041,40.2376,39.431,431,39579,0.223346,0.05,1,1934677,1934246,431
152170961,57.6475,64.6862,422,39632,0.228669,0.03,1,1934739,1934317,422
152173881,38.7295,39.3372,423,39685,0.197734,0.07,1,1934773,1934350,423
152176801,28.5459,28.6674,423,39738,0.175547,0.05,1,1934799,1934376,423
152179721,20.9092,20.9335,423,39791,0.187109,0.07,1,1934818,1934395,423
152182641,28.9818,28.9867,423,39844,0.221422,0.05,1,1934849,1934426,423
152185561,28.9964,28.1973,424,39897,0.212284,0.11,1,1934878,1934454,424
152188481,60.9993,60.0395,425,39950,0.194457,0.07,1,1934947,1934522,425
152191401,34.5999,34.4079,425,40003,0.222891,0.07,1,1934975,1934550,425
152194321,8.51997,8.48158,425,40056,0.228578,0.13,1,1934977,1934552,425
152197241,26.504,25.6963,426,40109,0.245716,0.13,1,1935008,1934582,426
152200161,23.7008,5.13926,449,40162,0.201143,0.15,1,1935031,1934582,449
152203081,31.9402,17.8279,462,40215,0.208229,0.21,1,1935065,1934603,462
152206001,41.588,28.3656,475,40268,0.209646,0.23,1,1935109,1934634,475
152208921,56.3176,40.0731,492,40320,0.241929,0.23,1,1935169,1934677,492
152211841,36.8635,57.6146,462,40372,0.280386,0.19,1,1935201,1934739,462
152214761,28.9727,38.7229,455,40424,0.320077,0.17,1,1935228,1934773,455
152217681,21.7945,28.5446,449,40476,0.344015,0.19,1,1935248,1934799,449
152220601,29.1589,20.9089,461,40528,0.332803,0.23,1,1935279,1934818,461
152223521,28.2318,28.9818,458,40580,0.330561,0.21,1,1935307,1934849,458
152226441,61.6464,28.9964,499,40632,0.410112,0.19,1,1935377,1934878,499
152229361,34.7293,60.9993,458,40684,0.426022,0.23,1,1935405,1934947,458
152232281,8.54585,34.5999,432,40736,0.429204,0.23,1,1935407,1934975,432
152235201,27.3092,8.51997,462,40788,0.461841,0.25,1,1935439,1934977,462
152238121,23.8618,26.504,454,40840,0.484368,0.19,1,1935462,1935008,454
152241041,31.9724,23.7008,465,40892,0.472874,0.21,1,1935496,1935031,465
152243961,42.3945,31.9402,476,40944,0.502575,0.21,1,1935541,1935065,476
152246881,58.0789,41.588,494,40996,0.508515,0.25,1,1935603,1935109,494
152249801,38.8158,56.3176,468,41047,0.509703,0.29,1,1935637,1935169,468
152252721,30.9632,36.8635,465,41098,0.525941,0.33,1,1935666,1935201,465
152255641,22.1926,28.9727,458,41149,0.513188,0.35,1,1935686,1935228,458
152258561,28.4385,21.7945,468,41200,0.510638,0.33,1,1935716,1935248,468
152261481,28.0877,29.1589,465,41251,0.510128,0.33,1,1935744,1935279,465
152264401,65.6175,28.2318,512,41302,0.574026,0.43,1,1935819,1935307,512
152267321,35.5235,61.6464,470,41353,0.586805,0.43,1,1935847,1935377,470
152270241,8.7047,34.7293,444,41404,0.589361,0.43,1,1935849,1935405,444
152273161,28.9409,8.54585,476,41455,0.589872,0.47,1,1935883,1935407,476
152276081,23.3882,27.3092,466,41506,0.589974,0.49,1,1935905,1935439,466
152279001,6.27764,23.8618,445,41557,0.589995,0.47,1,1935907,1935462,445
152281921,28.4555,31.9724,445,41608,0.621999,0.51,1,1935941,1935496,445
152284841,43.2911,42.3945,447,41659,0.6444,0.51,1,1935988,1935541,447
152287761,56.6582,58.0789,445,41710,0.63288,0.51,1,1936048,1935603,445
152290681,40.1316,38.8158,447,41761,0.630576,0.53,1,1936084,1935637,447
152293601,30.4263,30.9632,446,41812,0.710115,0.51,1,1936112,1935666,446
152296521,22.8853,22.1926,447,41862,0.678023,0.51,1,1936133,1935686,447
152299441,28.5771,28.4385,447,41912,0.687605,0.51,1,1936163,1935716,447
152302361,28.1154,28.0877,447,41962,0.705521,0.59,1,1936191,1935744,447
152305281,68.8231,65.6175,451,42012,0.757104,0.59,2,1936270,1935819,451
152308201,36.1646,35.5235,451,42062,0.751421,0.59,2,1936298,1935847,451
152311121,8.83292,8.7047,451,42112,0.766284,0.59,2,1936300,1935849,451
152314041,28.9666,28.9409,451,42162,0.817257,0.59,2,1936334,1935883,451
152316961,23.3933,23.3882,451,42212,0.795451,0.59,2,1936356,1935905,451
152319881,6.27866,6.27764,451,42262,0.82309,0.63,2,1936358,1935907,451
152322801,28.4557,28.4555,451,42312,0.828618,0.65,2,1936392,1935941,451
152325721,44.0911,43.2911,452,42362,0.845724,0.63,2,1936440,1935988,452
152328641,57.6182,56.6582,453,42412,0.881145,0.63,2,1936501,1936048,453
152331561,40.3236,40.1316,453,42462,0.904229,0.73,2,1936537,1936084,453
152334481,32.8647,30.4263,456,42512,0.924846,0.67,2,1936568,1936112,456
152524281,36,22,519,45626,0.82,1,2,1938755,1938236,519
152538881,21,54,505,45856,0.81,0.94,2,1938892,1938387,505
152541801,20.2,38.8,490,45902,0.81,1,2,1938912,1938422,490
152544721,36.04,36.56,494,45948,0.842,1,2,1938952,1938458,494
152547641,36.008,7.312,530,45994,0.8004,1,2,1938988,1938458,530
152550561,25.6016,25.4624,523,46040,0.79208,1,2,1939011,1938488,523
152553481,23.5203,34.6925,509,46086,0.822416,1,2,1939034,1938525,509
152556401,19.9041,24.5385,506,46132,0.780483,1,2,1939053,1938547,506
152559321,32.7808,26.5077,515,46178,0.708097,1,1,1939089,1938574,515
152562241,61.7562,46.1015,533,46224,0.805619,0.83,2,1939158,1938625,533
152565161,34.7512,55.6203,503,46270,0.873124,0.93,2,1939186,1938683,503
152568081,35.7502,39.9241,503,46316,0.854625,0.82,2,1939222,1938719,503
152571001,24.75,36.7848,489,46362,0.866925,0.95,2,1939244,1938755,489
152573921,20.95,24.157,488,46407,0.901385,0.95,2,1939264,1938776,488
152576841,32.99,27.2314,496,46452,0.892277,0.89,2,1939300,1938804,496
152579761,32.998,33.4463,494,46497,0.906455,0.87,2,1939333,1938839,494
152582681,22.5996,32.2893,482,46542,0.909291,0.81,2,1939353,1938871,482
152585601,22.1199,23.2579,483,46587,0.909858,0.81,2,1939375,1938892,483
152588521,35.624,20.6516,502,46632,0.941972,0.85,2,1939414,1938912,502
152591441,36.7248,36.1303,499,46677,0.932394,0.79,2,1939451,1938952,499
152827961,59,52,498,22817,0.63,0.95,1,1941994,1941496,498
152830881,63,58.4,502,22910,0.694,0.85,1,1942058,1941556,502
152833801,62.2,79.68,479,23003,0.7228,0.73,1,1942120,1941641,479
152836721,62.04,62.336,483,23095,0.79256,0.69,2,1942182,1941699,483
152839641,86.808,91.6672,477,23187,0.886512,0.69,2,1942275,1941798,477
152965201,75,42,544,26836,0.89,1,2,1944833,1944289,544
152968121,37.4,63.6,503,26915,0.89,1,2,1944861,1944358,503
152971041,25.08,41.52,489,26994,0.89,1,2,1944883,1944394,489
152973961,85.816,94.704,482,27072,0.906,0.93,2,1944984,1944502,482
152976881,41.1632,49.3408,474,27150,0.9092,0.95,2,1945014,1944540,474
152979801,73.8326,81.0682,467,27228,0.90984,0.93,2,1945096,1944629,467
152982721,41.1665,45.0136,464,27306,0.925968,0.89,2,1945129,1944665,464
153102441,47,37,486,30321,0.69,1,1,1947236,1946750,486
153105361,29.4,27.4,486,30391,0.642,1,1,1947261,1946775,486
153108281,77.88,82.28,480,30461,0.5364,1,1,1947351,1946871,480
153111201,46.776,48.456,479,30530,0.48328,1,1,1947390,1946911,479
153114121,38.9552,38.4912,480,30599,0.328656,1,1,1947427,1946947,480
153117041,38.991,42.0982,476,30668,0.361731,0.9,1,1947466,1946990,476
153119961,45.3982,41.2196,482,30737,0.272346,1,1,1947513,1947031,482
153122881,38.6796,47.4439,470,30806,0.270469,0.88,1,1947550,1947080,470
153125801,37.3359,40.6888,468,30875,0.270094,0.75,1,1947587,1947119,468
153128721,53.0672,64.1378,455,30944,0.222019,0.69,1,1947644,1947189,455
153131641,48.2134,50.4276,455,31012,0.228404,0.63,1,1947691,1947236,455
153134561,30.4427,30.0855,456,31080,0.213681,0.51,1,1947717,1947261,456
153137481,71.6885,78.0171,448,31148,0.242736,0.47,1,1947799,1947351,448
153140401,40.7377,46.8034,442,31216,0.264547,0.29,1,1947832,1947390,442
153143321,35.3475,38.9607,439,31284,0.236909,0.29,1,1947866,1947427,439
153146241,38.2695,7.79214,478,31352,0.263382,0.37,1,1947905,1947427,478
153149161,38.0539,32.7584,477,31419,0.268676,0.25,1,1947943,1947466,477
153152081,38.8108,44.1517,469,31486,0.285735,0.27,1,1947982,1947513,469
153155001,38.9622,38.4303,471,31553,0.353147,0.27,1,1948021,1947550,471
153157921,49.3924,37.2861,486,31620,0.366629,0.21,1,1948073,1947587,486
153160841,49.0785,53.0572,478,31687,0.401326,0.23,1,1948122,1947644,478
153163761,29.0157,48.2114,455,31754,0.392265,0.21,1,1948146,1947691,455
153166681,74.6031,30.4423,515,31821,0.422453,0.25,1,1948232,1947717,515
153169601,40.5206,71.6885,465,31887,0.444491,0.27,1,1948264,1947799,465
153172521,35.3041,40.7377,466,31953,0.496898,0.23,1,1948298,1947832,466
153175441,39.8608,35.3475,473,32019,0.50738,0.27,1,1948339,1947866,473
153178361,39.9722,38.2695,474,32085,0.509476,0.27,1,1948379,1947905,474
153181281,39.9944,38.0539,476,32151,0.525895,0.29,1,1948419,1947943,476
153184201,40.7989,38.8108,478,32217,0.513179,0.37,1,1948460,1947982,478
153187121,49.7598,38.9622,491,32283,0.526636,0.37,1,1948512,1948021,491
153190041,49.952,49.3924,489,32349,0.561327,0.41,1,1948562,1948073,489
153192961,29.1904,49.0785,464,32414,0.568265,0.39,1,1948586,1948122,464
153195881,77.0381,29.0157,529,32479,0.601653,0.43,1,1948675,1948146,529
153198801,41.8076,74.6031,476,32544,0.592331,0.45,1,1948708,1948232,476
153201721,37.1615,40.5206,480,32609,0.606466,0.51,1,1948744,1948264,480
153204641,40.2323,35.3041,487,32674,0.641293,0.51,1,1948785,1948298,487
153207561,40.0465,39.8608,486,32739,0.648259,0.51,1,1948825,1948339,486
153210481,9.60929,39.9722,448,32804,0.649652,0.53,1,1948827,1948379,448
153213401,33.9219,39.9944,448,32868,0.69793,0.51,1,1948867,1948419,448
153216321,39.5844,40.7989,448,32932,0.707586,0.53,1,1948908,1948460,448
153219241,49.5169,49.7598,448,32996,0.789517,0.57,2,1948960,1948512,448
153222161,51.5034,49.952,450,33060,0.821903,0.57,2,1949012,1948562,450
153225081,29.5007,29.1904,450,33124,0.796381,0.61,2,1949036,1948586,450
153228001,78.7001,77.0381,452,33188,0.839276,0.59,2,1949127,1948675,452
153230921,42.94,41.8076,453,33252,0.879855,0.61,2,1949161,1948708,453
153233841,36.588,37.1615,452,33316,0.919971,0.65,2,1949196,1948744,452
153414881,34,11,517,37044,0.71,1,1,1951801,1951284,517
153417801,32.4,23.8,522,37101,0.63,1,1,1951833,1951311,522
153457221,395.28,459.96,439,16060,0.182,0.01,1,1952319,1951880,439
153460141,198.256,160.792,502,16916,0.0364,0.11,1,1952468,1951966,502
153463061,98.0512,123.358,461,17042,0.03128,0.03,1,1952541,1952080,461
153465981,102.81,110.272,458,17167,0.046256,0.03,1,1952645,1952187,458
153468901,67.762,78.0543,447,17291,0.0652512,0,1,1952704,1952257,447
153471821,31.1524,46.0109,431,17414,0.0370502,0.07,1,1952726,1952295,431
153474741,136.63,28.4022,570,17536,0.03141,0,1,1952889,1952319,570
153477661,86.5261,124.88,495,17657,0.030282,0.03,1,1952963,1952468,495
153480581,102.105,83.3761,528,17777,0.0620564,0.05,1,1953069,1952541,528
153483501,66.021,99.8752,481,17896,0.0204113,0.07,1,1953126,1952645,481
153486421,31.6042,67.175,445,18015,0.0120823,0.03,1,1953149,1952704,445
153489341,7.92084,31.035,425,18133,0.00241645,0.03,1,1953151,1952726,425
153492261,130.384,136.607,423,18250,0.0244833,0.03,1,1953312,1952889,423
153495181,85.2768,86.5214,423,18366,0.0448967,0.07,1,1953386,1952963,423
153498101,101.855,102.104,423,18482,0.0169793,0.01,1,1953492,1953069,423
153501021,65.9711,66.0209,423,18597,0.0273959,0.01,1,1953549,1953126,423
153503941,31.5942,31.6042,423,18711,0.0134792,0,1,1953572,1953149,423
153506861,7.91884,7.92083,423,18824,0.0106958,0.03,1,1953574,1953151,423
153509781,129.584,130.384,422,18937,0.0261392,0.05,1,1953734,1953312,422
153512701,85.1168,85.2768,422,19049,0.0132278,0.01,1,1953808,1953386,422
153515621,101.823,101.855,422,19160,0.00264557,0.03,1,1953914,1953492,422
153518541,66.7647,65.9711,423,19271,0.00852911,0.01,1,1953972,1953549,423
153521461,31.7529,31.5942,423,19381,0.0737058,0.01,1,1953995,1953572,423
153524381,7.95059,7.91884,423,19490,0.0547412,0.03,1,1953997,1953574,423
153527301,128.79,129.584,422,19599,0.0509482,0.03,1,1954156,1953734,422
153530221,84.958,25.9168,496,19707,0.0181896,0.01,1,1954230,1953734,496
153533141,100.992,64.3834,527,19815,0.0116379,0,1,1954335,1953808,527
153536061,67.3983,97.6767,480,19922,0.0423276,0.01,1,1954394,1953914,480
153538981,31.0797,65.9353,444,20028,0.0644655,0.09,1,1954416,1953972,444
153541901,7.81593,31.5871,423,20134,0.0688931,0.05,1,1954418,1953995,423
153544821,128.763,7.91741,580,20239,0.0537786,0.05,1,1954577,1953997,580
153547741,86.5526,128.783,497,20344,0.0347557,0.01,1,1954653,1954156,497
153550661,100.511,84.9567,527,20448,0.0469511,0.01,1,1954757,1954230,527
153553581,67.3021,100.991,481,20552,0.0653902,0.05,1,1954816,1954335,481
153556501,32.6604,67.3983,446,20655,0.069078,0.07,1,1954840,1954394,446
153559421,8.13208,31.0797,426,20758,0.0698156,0.07,1,1954842,1954416,426
153562341,128.026,7.81593,582,20860,0.0379631,0.05,1,1955000,1954418,582
153565261,85.6053,128.763,498,20962,0.0315926,0.03,1,1955075,1954577,498
153568181,18.7211,86.5526,424,21063,0.0303185,0.05,1,1955077,1954653,424
153571101,86.1442,100.511,423,21164,0.0300637,0.07,1,1955180,1954757,423
153574021,66.0288,67.3021,425,21264,0.0780127,0.07,1,1955241,1954816,425
153576941,32.4058,32.6604,425,21364,0.0876025,0.07,1,1955265,1954840,425
153579861,8.08115,8.13208,425,21463,0.121521,0.03,1,1955267,1954842,425
153582781,126.416,128.026,423,21562,0.0963041,0.03,1,1955423,1955000,423
153585701,85.2832,85.6053,423,21660,0.139261,0.03,1,1955498,1955075,423
153588621,18.6566,18.7211,423,21758,0.147852,0.03,1,1955500,1955077,423
153591541,85.3313,86.1442,422,21855,0.0695704,0.09,1,1955602,1955180,422
153594461,69.0663,66.0288,426,21952,0.0859141,0.09,1,1955667,1955241,426
153597381,33.0133,32.4058,426,22049,0.0891828,0.13,1,1955691,1955265,426
153600301,8.20265,8.08115,426,22145,0.137837,0.09,1,1955693,1955267,426
153603221,127.241,126.416,427,22241,0.179567,0.15,1,1955850,1955423,427
153606141,85.4481,85.2832,427,22336,0.235913,0.15,1,1955925,1955498,427
153609061,18.6896,18.6566,427,22431,0.279183,0.05,1,1955927,1955500,427
153611981,81.3379,85.3313,422,22526,0.223837,0.05,1,1956024,1955602,422
153614901,70.6676,17.0663,490,22620,0.180767,0.09,1,1956092,1955602,490
153617821,34.1335,55.4133,450,22714,0.156153,0.09,1,1956117,1955667,450
153620741,8.4267,30.2827,428,22807,0.151231,0.15,1,1956119,1955691,428
153623661,130.485,7.65653,587,22900,0.198246,0.19,1,1956280,1955693,587
153626581,89.2971,127.131,509,22993,0.191649,0.25,1,1956359,1955850,509
153629501,19.4594,85.4263,436,23085,0.20633,0.29,1,1956361,1955925,436
153632421,77.4919,18.6853,526,23177,0.289266,0.21,1,1956453,1955927,526
153635341,69.8984,81.337,497,23268,0.321853,0.17,1,1956521,1956024,497
153638261,33.1797,70.6674,453,23359,0.344371,0.15,1,1956545,1956092,453
153641181,8.23593,34.1335,430,23450,0.348874,0.15,1,1956547,1956117,430
153644101,132.847,8.4267,592,23540,0.445775,0.21,1,1956711,1956119,592
153647021,91.3694,130.485,512,23630,0.465155,0.19,1,1956792,1956280,512
153649941,19.8739,89.2971,435,23720,0.469031,0.21,1,1956794,1956359,435
153652861,79.9748,19.4594,528,23809,0.533806,0.31,1,1956889,1956361,528
153655781,71.995,77.4919,506,23898,0.546761,0.33,1,1956959,1956453,506
153658701,33.599,69.8984,462,23987,0.517352,0.35,1,1956983,1956521,462
153661621,8.3198,33.1797,440,24075,0.51147,0.35,1,1956985,1956545,440
153664541,3.26396,8.23593,440,24163,0.510294,0.47,1,1956987,1956547,440
153667461,135.853,132.847,445,24251,0.574059,0.47,1,1957156,1956711,445
153670381,92.7706,91.3694,446,24338,0.618812,0.47,1,1957238,1956792,446
153673301,20.1541,19.8739,446,24425,0.627762,0.55,1,1957240,1956794,446
153676221,82.4308,79.9748,449,24512,0.613552,0.55,1,1957338,1956889,449
153679141,70.8862,71.995,447,24598,0.626711,0.51,1,1957406,1956959,447
153682061,33.3772,33.599,447,24684,0.629342,0.51,1,1957430,1956983,447
153684981,8.27545,8.3198,447,24770,0.661868,0.51,1,1957432,1956985,447
153687901,3.25509,3.26396,447,24856,0.636374,0.59,1,1957434,1956987,447
153690821,137.451,135.853,449,24941,0.759275,0.63,2,1957605,1957156,449
153693741,94.6902,92.7706,451,25026,0.831855,0.63,2,1957689,1957238,451
153696661,20.538,20.1541,451,25111,0.846371,0.61,2,1957691,1957240,451
153699581,83.3076,82.4308,452,25195,0.881274,0.63,2,1957790,1957338,452
153813461,88,125,478,28288,0.43,1,1,1959960,1959482,478
153816381,56.8,53,492,28363,0.254,1,1,1960009,1959517,492
153819301,41.76,10.6,530,28438,0.1708,1,1,1960047,1959517,530
153822221,49.952,56.52,514,28512,0.07416,1,1,1960099,1959585,514
153825141,55.5904,36.104,540,28586,0.070832,1,1,1960156,1959616,540
153828061,81.5181,68.8208,551,28660,0.0701664,0.97,1,1960244,1959693,551
153830981,39.5036,78.5642,499,28734,0.0860333,0.99,1,1960273,1959774,499
153833901,27.9007,41.3128,492,28808,0.0732067,0.89,1,1960298,1959806,492
153836821,30.3801,32.2626,493,28881,0.0866413,0.79,1,1960329,1959836,493
153839741,63.676,35.2525,529,28954,0.0733283,0.43,1,1960401,1959872,529
153842661,45.5352,77.4505,482,29027,0.102666,0.21,1,1960442,1959960,482
153845581,33.907,54.6901,464,29100,0.0925331,0.15,1,1960473,1960009,464
153848501,47.5814,41.338,477,29173,0.0905066,0.05,1,1960524,1960047,477
153851421,52.7163,49.8676,479,29246,0.0421013,0.07,1,1960578,1960099,479
153854341,81.7433,55.5735,511,29318,0.0324203,0.07,1,1960667,1960156,511
153857261,39.5487,81.5147,452,29390,0.0784841,0.09,1,1960696,1960244,452
153860181,28.7097,39.5029,449,29462,0.0716968,0.07,1,1960722,1960273,449
153863101,30.5419,27.9006,455,29534,0.0863394,0.09,1,1960753,1960298,455
153866021,63.7084,30.3801,496,29606,0.153268,0.07,1,1960825,1960329,496
153868941,45.5417,63.676,465,29677,0.134654,0.11,1,1960866,1960401,465
153871861,34.7083,45.5352,456,29748,0.146931,0.09,1,1960898,1960442,456
153874781,47.7417,33.907,476,29819,0.133386,0.09,1,1960949,1960473,476
153877701,11.1483,47.5814,427,29890,0.130677,0.03,1,1960951,1960524,427
153880621,42.2297,52.7163,423,29961,0.162135,0.03,1,1961001,1960578,423
153883541,81.2459,81.7433,425,30032,0.120427,0.09,1,1961092,1960667,425
153886461,40.2492,39.5487,426,30102,0.128085,0.07,1,1961122,1960696,426
153889381,28.0498,28.7097,425,30172,0.161617,0.09,1,1961147,1960722,425
153892301,32.01,30.5419,427,30242,0.184323,0.17,1,1961180,1960753,427
153895221,64.802,63.7084,428,30312,0.204865,0.13,1,1961253,1960825,428
153898141,45.7604,45.5417,428,30382,0.192973,0.15,1,1961294,1960866,428
153901061,35.5521,34.7083,429,30452,0.206595,0.13,1,1961327,1960898,429
153903981,47.1104,47.7417,428,30521,0.209319,0.13,1,1961377,1960949,428
153906901,11.0221,11.1483,428,30590,0.241864,0.17,1,1961379,1960951,428
153909821,42.2044,42.2297,428,30659,0.216373,0.11,1,1961429,1961001,428
153912741,79.6409,81.2459,426,30728,0.307275,0.13,1,1961518,1961092,426
153915661,39.9282,40.2492,426,30797,0.293455,0.17,1,1961548,1961122,426
153918581,31.1856,28.0498,430,30866,0.338691,0.19,1,1961577,1961147,430
153921501,31.8371,32.01,429,30935,0.379738,0.21,1,1961609,1961180,429
153924421,67.1674,64.802,432,31003,0.403948,0.19,1,1961685,1961253,432
153927341,45.4335,45.7604,431,31071,0.42479,0.21,1,1961725,1961294,431
153930261,36.2867,35.5521,432,31139,0.492958,0.21,1,1961759,1961327,432
153933181,47.2573,47.1104,432,31207,0.522592,0.25,1,1961809,1961377,432
153936101,11.0515,11.0221,432,31275,0.528518,0.21,1,1961811,1961379,432
153939021,44.6103,42.2044,435,31343,0.545704,0.21,1,1961864,1961429,435
153941941,80.1221,8.44088,524,31411,0.517141,0.33,1,1961953,1961429,524
153944861,40.0244,72.8882,465,31478,0.527428,0.29,1,1961983,1961518,465
153947781,32.0049,38.5776,465,31545,0.561486,0.35,1,1962013,1961548,465
153950701,33.601,30.9155,470,31612,0.568297,0.39,1,1962047,1961577,470
153953621,70.7202,31.7831,518,31679,0.601659,0.41,1,1962127,1961609,518
153956541,46.144,67.1566,482,31746,0.624332,0.43,1,1962167,1961685,482
153959461,39.6288,45.4313,480,31813,0.628866,0.51,1,1962205,1961725,480
153962381,48.7258,36.2863,497,31880,0.661773,0.53,1,1962256,1961759,497
153965301,11.3452,47.2573,449,31946,0.668355,0.53,1,1962258,1961809,449
153968221,43.869,11.0514,499,32012,0.669671,0.55,1,1962310,1961811,499
153971141,79.9738,44.6103,535,32078,0.733934,0.51,1,1962399,1961864,535
153974061,40.7948,80.1221,477,32144,0.794787,0.53,2,1962430,1961953,477
153976981,33.759,40.0244,479,32210,0.774957,0.57,2,1962462,1961983,479
153979901,33.9518,32.0049,483,32276,0.770992,0.57,2,1962496,1962013,483
153982821,72.3904,33.601,531,32342,0.786198,0.61,2,1962578,1962047,531
153985741,48.0781,70.7202,493,32407,0.83724,0.63,2,1962620,1962127,493
153988661,39.2156,46.144,490,32472,0.799448,0.63,2,1962657,1962167,490
153991581,50.2431,39.6288,505,32537,0.79189,0.67,2,1962710,1962205,505
153994501,11.6486,48.7258,456,32602,0.790378,0.67,2,1962712,1962256,456
153997421,43.9297,11.3452,506,32667,0.822076,0.67,2,1962764,1962258,506
154000341,83.1859,43.869,547,32732,0.860415,0.75,2,1962857,1962310,547
154003261,18.2372,79.9738,460,32797,0.868083,0.81,2,1962859,1962399,460
154006181,30.0474,40.7948,462,32861,0.917617,0.77,2,1962892,1962430,462
154009101,30.0095,33.759,460,32925,0.927523,0.77,2,1962922,1962462,460
154134661,28,25,508,35583,0.57,1,1,1964808,1964300,508
154137581,27.2,25.8,509,35642,0.506,1,1,1964835,1964326,509
154140501,23.04,23.56,508,35701,0.4452,1,1,1964857,1964349,508
154143421,11.808,25.512,491,35760,0.35304,1,1,1964866,1964375,491
154146341,54.3616,63.5024,483,35819,0.254608,1,1,1964931,1964448,483
154149261,49.2723,55.1005,478,35878,0.0749216,1,1,1964979,1964501,478
154152181,39.4545,38.2201,481,35937,0.0149843,1,1,1965016,1964535,481
154155101,31.8909,42.844,467,35996,0.0109969,1,1,1965046,1964579,467
154158021,34.3782,34.1688,470,36055,0.0101994,0.95,1,1965081,1964611,470
154160941,38.8756,39.6338,469,36114,0.0260399,0.63,1,1965121,1964652,469
154163861,76.5751,91.1268,451,36173,0.013208,0.55,1,1965207,1964756,451
154166781,31.315,37.4254,447,36231,0.0746416,0.57,1,1965227,1964780,447
154169701,26.263,29.8851,444,36289,0.0389283,0.49,1,1965252,1964808,444
154172621,23.6526,27.577,440,36347,0.0477857,0.43,1,1965275,1964835,440
154175541,19.9305,23.1154,437,36405,0.0655571,0.33,1,1965294,1964857,437
154178461,11.1861,11.8231,437,36463,0.0851114,0.23,1,1965303,1964866,437
154181381,47.0372,54.3646,428,36521,0.0890223,0.03,1,1965359,1964931,428
154184301,43.8074,49.2729,423,36579,0.0578045,0,1,1965402,1964979,423
154187221,40.7615,39.4546,426,36637,0.0675609,0.01,1,1965442,1965016,426
154190141,28.9523,31.8909,422,36695,0.0695122,0.01,1,1965468,1965046,422
154193061,34.5905,34.3782,423,36753,0.0139024,0.03,1,1965504,1965081,423
154195981,38.1181,38.8756,422,36810,0.0267805,0.01,1,1965543,1965121,422
154198901,76.4236,76.5751,422,36867,0.0613561,0.09,1,1965629,1965207,422
154201821,32.0847,31.315,423,36924,0.0682712,0.03,1,1965650,1965227,423
154204741,25.6169,26.263,422,36981,0.0536542,0.05,1,1965674,1965252,422
154207661,25.1234,23.6526,424,37038,0.0347308,0.07,1,1965699,1965275,424
154210581,21.0247,19.9305,425,37095,0.0149462,0.09,1,1965719,1965294,425
154213501,10.6049,11.1861,424,37152,0.0429892,0.09,1,1965727,1965303,424
154216421,46.121,2.23722,479,37209,0.0485978,0.09,1,1965782,1965303,479
154219341,43.6242,45.2474,466,37266,0.0337196,0.05,1,1965825,1965359,466
154222261,39.9248,43.4495,462,37323,0.0147439,0.07,1,1965864,1965402,462
154225181,27.985,40.6899,447,37380,0.0269488,0.07,1,1965889,1965442,447
154228101,35.997,28.938,459,37437,0.0293898,0,1,1965927,1965468,459
154231021,36.7994,34.5876,460,37493,0.061878,0.03,1,1965964,1965504,460
154233941,76.9599,38.1175,508,37549,0.0843756,0.07,1,1966051,1965543,508
154236861,32.992,76.4235,444,37605,0.104875,0.07,1,1966073,1965629,444
154239781,24.1984,32.0847,445,37661,0.124975,0.05,1,1966095,1965650,445
154242701,24.8397,25.6169,446,37717,0.144995,0.03,1,1966120,1965674,446
154245621,20.9679,25.1234,441,37773,0.116999,0.01,1,1966140,1965699,441
154248541,10.5936,21.0247,429,37829,0.1114,0.05,1,1966148,1965719,429
154251461,47.7187,10.6049,478,37885,0.14228,0.05,1,1966205,1965727,478
154254381,44.7437,46.121,467,37941,0.180456,0.03,1,1966249,1965782,467
154257301,37.7487,43.6242,460,37997,0.140091,0.01,1,1966285,1965825,460
154260221,28.3498,39.9248,447,38053,0.100018,0.03,1,1966311,1965864,447
154263141,36.0699,27.985,460,38109,0.0600036,0.03,1,1966349,1965889,460
154266061,36.814,35.997,459,38164,0.0520007,0.07,1,1966386,1965927,459
154268981,80.1628,36.7994,513,38219,0.0664001,0.09,1,1966477,1965964,513
154271901,34.4326,76.9599,449,38274,0.06928,0.11,1,1966500,1966051,449
154274821,24.4865,32.992,449,38329,0.085856,0.13,1,1966522,1966073,449
154277741,24.0973,24.1984,451,38384,0.105171,0.15,1,1966546,1966095,451
154280661,20.8195,24.8397,446,38439,0.109034,0.11,1,1966566,1966120,446
154283581,10.5639,20.9679,434,38494,0.109807,0.11,1,1966574,1966140,434
154286501,50.1128,10.5936,486,38549,0.157961,0.15,1,1966634,1966148,486
154289421,47.6226,47.7187,476,38604,0.183592,0.19,1,1966681,1966205,476
154292341,11.1245,44.7437,434,38659,0.188718,0.13,1,1966683,1966249,434
154295261,26.2249,37.7487,428,38714,0.189744,0.09,1,1966713,1966285,428
154298181,24.445,28.3498,426,38769,0.237949,0.05,1,1966737,1966311,426
154301101,33.689,36.0699,424,38823,0.24759,0.05,1,1966773,1966349,424
154304021,36.3378,36.814,424,38877,0.265518,0.07,1,1966810,1966386,424
154306941,81.6676,80.1628,426,38931,0.189104,0.07,1,1966903,1966477,426
154309861,33.9335,34.4326,425,38985,0.173821,0.09,1,1966925,1966500,425
154312781,25.1867,24.4865,426,39039,0.170764,0.11,1,1966948,1966522,426
154315701,25.0373,24.0973,427,39093,0.122153,0.11,1,1966973,1966546,427
154318621,21.0075,20.8195,427,39147,0.112431,0.11,1,1966993,1966566,427
154321541,10.6015,10.5639,427,39201,0.142486,0.17,1,1967001,1966574,427
154324461,52.5203,50.1128,430,39255,0.164497,0.19,1,1967064,1966634,430
154327381,48.9041,47.6226,431,39309,0.200899,0.19,1,1967112,1966681,431
154330301,11.3808,11.1245,431,39363,0.20818,0.19,1,1967114,1966683,431
154333221,27.0762,26.2249,432,39417,0.241636,0.25,1,1967145,1966713,432
154336141,24.6152,24.445,432,39471,0.280327,0.25,1,1967169,1966737,432
154339061,35.323,33.689,434,39525,0.304065,0.27,1,1967207,1966773,434
154341981,37.4646,36.3378,435,39578,0.276813,0.17,1,1967245,1966810,435
154344901,76.2929,81.6676,428,39631,0.319363,0.17,1,1967331,1966903,428
154347821,32.8586,33.9335,428,39684,0.343873,0.17,1,1967353,1966925,428
154350741,24.9717,25.1867,428,39737,0.348774,0.11,1,1967376,1966948,428
154353661,24.1943,25.0373,427,39790,0.397755,0.11,1,1967400,1966973,427
154356581,20.8389,21.0075,427,39843,0.391551,0.15,1,1967420,1966993,427
154359501,10.5678,10.6015,427,39896,0.43831,0.17,1,1967428,1967001,427
154362421,54.9136,52.5203,430,39949,0.463662,0.21,1,1967494,1967064,430
154365341,50.9827,48.9041,432,40002,0.516732,0.21,1,1967544,1967112,432
154368261,11.7965,11.3808,432,40055,0.527346,0.25,1,1967546,1967114,432
154371181,27.9593,27.0762,433,40108,0.497469,0.25,1,1967578,1967145,433
154374101,25.5919,5.41523,458,40161,0.443494,0.29,1,1967603,1967145,458
154377021,35.5184,20.283,472,40214,0.448699,0.31,1,1967641,1967169,472
154379941,37.5037,34.4566,472,40267,0.44974,0.27,1,1967679,1967207,472
154382861,77.1007,37.2913,521,40319,0.449948,0.33,1,1967766,1967245,521
154385781,33.8201,76.2583,458,40371,0.46599,0.35,1,1967789,1967331,458
154388701,26.764,32.8517,461,40423,0.485198,0.35,1,1967814,1967353,461
154391621,25.3528,24.9703,463,40475,0.53704,0.41,1,1967839,1967376,463
154394541,22.6706,24.1941,461,40527,0.579408,0.39,1,1967861,1967400,461
154397461,10.9341,20.8388,449,40579,0.587882,0.45,1,1967869,1967420,449
154400381,57.3868,10.5678,510,40631,0.621576,0.47,1,1967938,1967428,510
154403301,52.2774,54.9136,495,40683,0.612315,0.53,1,1967989,1967494,495
154406221,12.0555,50.9827,447,40735,0.610463,0.53,1,1967991,1967544,447
154409141,26.4111,11.7965,475,40787,0.642093,0.49,1,1968021,1967546,475
154412061,24.4822,27.9593,467,40839,0.648418,0.43,1,1968045,1967578,467
154414981,36.0964,25.5919,481,40891,0.681684,0.45,1,1968084,1967603,481
154417901,37.6193,35.5184,481,40943,0.704337,0.45,1,1968122,1967641,481
154420821,77.1239,37.5037,530,40995,0.772867,0.45,2,1968209,1967679,530
154423741,34.6248,77.1007,467,41046,0.786573,0.47,2,1968233,1967766,467
154426661,28.525,33.8201,471,41097,0.773315,0.49,2,1968260,1967789,471
154429581,27.305,26.764,473,41148,0.770663,0.55,2,1968287,1967814,473
154432501,24.661,25.3528,472,41199,0.802133,0.59,2,1968311,1967839,472
154435421,11.3322,22.6706,458,41250,0.808426,0.59,2,1968319,1967861,458
154438341,59.0664,10.9341,521,41301,0.825685,0.63,2,1968390,1967869,521
154441261,51.8133,57.3868,502,41352,0.861137,0.61,2,1968440,1967938,502
154444181,11.9627,52.2774,453,41403,0.868227,0.61,2,1968442,1967989,453
154447101,27.9925,12.0555,483,41454,0.853646,0.65,2,1968474,1967991,483
154450021,24.7985,26.4111,477,41505,0.850729,0.65,2,1968498,1968021,477
154452941,6.5597,24.4822,455,41556,0.850146,0.69,2,1968500,1968045,455
154455861,34.1119,36.0964,457,41607,0.866029,0.71,2,1968541,1968084,457
154458781,38.0224,37.6193,458,41658,0.885206,0.79,2,1968580,1968122,458
154689461,62,77,476,20647,0.07,0.35,1,1971354,1970878,476
154692381,51.6,64.2,464,20750,0.102,0.05,1,1971403,1970939,464
154695301,93.52,101.64,457,20852,0.1244,0.09,1,1971507,1971050,457
154698221,67.504,73.128,452,20954,0.04888,0.01,1,1971568,1971116,452
154701141,31.9008,47.4256,434,21055,0.049776,0.03,1,1971591,1971157,434
154704061,30.3802,29.4851,439,21156,0.0499552,0.05,1,1971621,1971182,439
154706981,82.076,93.897,424,21256,0.097991,0.07,1,1971716,1971292,424
154709901,66.8152,68.3794,425,21356,0.171598,0.11,1,1971779,1971354,425
154712821,54.963,52.8759,428,21455,0.20232,0.13,1,1971831,1971403,428
154715741,93.3926,93.7752,427,21554,0.240464,0.03,1,1971934,1971507,427
154718661,64.2785,67.555,423,21652,0.200093,0.05,1,1971991,1971568,423
154721581,30.4557,31.911,422,21750,0.192019,0.05,1,1972013,1971591,422
154724501,32.4911,30.3822,425,21848,0.126404,0.11,1,1972046,1971621,425
154727421,84.8982,82.0764,428,21945,0.193281,0.19,1,1972144,1971716,428
154730341,68.1796,66.8153,429,22042,0.206656,0.21,1,1972208,1971779,429
154733261,57.6359,54.9631,432,22138,0.177331,0.25,1,1972263,1971831,432
154736181,93.9272,93.3926,432,22234,0.235466,0.19,1,1972366,1971934,432
154739101,61.9854,64.2785,429,22329,0.263093,0.19,1,1972420,1971991,429
154742021,30.7971,30.4557,430,22424,0.252619,0.11,1,1972443,1972013,430
154744941,30.1594,32.4911,427,22519,0.250524,0.11,1,1972473,1972046,427
154747861,86.0319,6.49823,527,22613,0.298105,0.21,1,1972573,1972046,527
154750781,68.4064,79.6996,493,22707,0.323621,0.21,1,1972637,1972144,493
154753701,57.6813,67.1399,484,22800,0.328724,0.17,1,1972692,1972208,484
154756621,95.5363,57.428,534,22893,0.377745,0.25,1,1972797,1972263,534
154759541,63.1072,93.8856,486,22986,0.403549,0.27,1,1972852,1972366,486
154762461,30.2214,61.9771,454,23078,0.40871,0.25,1,1972874,1972420,454
154765381,30.0443,30.7954,461,23170,0.425742,0.25,1,1972904,1972443,461
154768301,90.0089,30.1591,536,23261,0.477148,0.31,1,1973009,1972473,536
154771221,70.0018,86.0318,501,23352,0.50343,0.33,1,1973074,1972573,501
154774141,58.8004,68.4064,493,23443,0.588686,0.33,1,1973130,1972637,493
154777061,97.3601,57.6813,545,23533,0.669737,0.39,1,1973237,1972692,545
154779981,64.272,95.5363,496,23623,0.717947,0.41,1,1973293,1972797,496
154782901,30.4544,63.1072,463,23713,0.727589,0.41,1,1973315,1972852,463
154785821,30.8909,30.2214,472,23802,0.745518,0.43,1,1973346,1972874,472
154788741,92.5782,30.0443,550,23891,0.733104,0.49,1,1973454,1972904,550
154791661,72.1156,90.0089,512,23980,0.762621,0.51,2,1973521,1973009,512
154794581,16.0231,70.0018,449,24068,0.736524,0.61,1,1973523,1973074,449
154797501,50.4046,58.8004,452,24156,0.795305,0.69,2,1973582,1973130,452
154800421,98.8809,97.3601,456,24244,0.823061,0.73,2,1973693,1973237,456
154803341,66.1762,64.272,458,24331,0.892612,0.73,2,1973751,1973293,458
154806261,30.8352,30.4544,458,24418,0.906522,0.75,2,1973773,1973315,458
154809181,32.567,30.8909,460,24505,0.893305,0.73,2,1973806,1973346,460
154917221,32,48,485,27522,0.59,1,1,1975936,1975451,485
154920141,103.2,101.6,491,27599,0.318,1,1,1976057,1975566,491
154923061,46.24,45.92,491,27676,0.1836,1,1,1976089,1975598,491
154925981,35.648,40.384,485,27753,0.10872,0.95,1,1976122,1975637,485
154928901,32.7296,32.8768,486,27829,0.029744,1,1,1976154,1975668,486
154931821,36.9459,36.1754,487,27905,0.0299488,1,1,1976192,1975705,487
154934741,76.9892,90.4351,470,27981,0.0619898,0.77,1,1976279,1975809,470
154937661,59.3978,69.287,461,28057,0.012398,0.63,1,1976334,1975873,461
154940581,31.8796,38.6574,455,28132,0.0424796,0.59,1,1976359,1975904,455
154943501,27.1759,33.3315,449,28207,0.0484959,0.25,1,1976385,1975936,449
154946421,87.0352,103.466,430,28282,0.145699,0.15,1,1976487,1976057,430
154949341,39.807,46.2933,426,28357,0.16514,0.15,1,1976515,1976089,426
154952261,31.9614,9.25865,456,28432,0.137028,0.09,1,1976545,1976089,456
154955181,34.3923,28.2517,458,28506,0.0994056,0.01,1,1976580,1976122,458
154958101,33.2785,31.2503,459,28580,0.0758811,0.03,1,1976613,1976154,459
154961021,77.0557,36.6501,509,28654,0.0391762,0.07,1,1976701,1976192,509
154963941,58.6111,76.93,476,28728,0.0638352,0,1,1976755,1976279,476
154966861,31.7222,59.386,446,28802,0.052767,0.05,1,1976780,1976334,446
154969781,27.9444,31.8772,448,28876,0.0665534,0.05,1,1976807,1976359,448
154972701,89.5889,27.1754,527,28949,0.133311,0.17,1,1976912,1976385,527
154975621,43.5178,87.0351,457,29022,0.162662,0.17,1,1976944,1976487,457
154978541,31.9036,39.807,458,29095,0.184532,0.13,1,1976973,1976515,458
154981461,31.9807,31.9614,460,29168,0.204907,0.09,1,1977005,1976545,460
154984381,29.5961,34.3923,454,29241,0.208981,0.07,1,1977034,1976580,454
154987301,76.3192,33.2785,509,29313,0.209796,0.03,1,1977122,1976613,509
154990221,60.8638,77.0557,478,29385,0.161959,0.07,1,1977179,1976701,478
154993141,31.3728,58.6111,448,29457,0.152392,0.05,1,1977203,1976755,448
154996061,27.0746,31.7222,449,29529,0.166478,0.07,1,1977229,1976780,449
154998981,94.2149,27.9444,533,29601,0.185296,0.15,1,1977340,1976807,533
155001901,45.243,89.5889,461,29673,0.189059,0.17,1,1977373,1976912,461
155004821,33.0486,43.5178,459,29744,0.189812,0.19,1,1977403,1976944,459
155007741,33.0097,31.9036,463,29815,0.189962,0.21,1,1977436,1976973,463
155010661,8.20194,31.9807,433,29886,0.189992,0.21,1,1977438,1977005,433
155013581,22.4404,29.5961,430,29957,0.221998,0.21,1,1977464,1977034,430
155016501,76.4881,76.3192,432,30028,0.2924,0.15,1,1977554,1977122,432
155019421,58.4976,60.8638,429,30098,0.29048,0.15,1,1977608,1977179,429
155022341,31.6995,31.3728,430,30168,0.306096,0.17,1,1977633,1977203,430
155025261,27.1399,27.0746,430,30238,0.357219,0.19,1,1977659,1977229,430
155028181,95.028,94.2149,431,30308,0.383444,0.19,1,1977771,1977340,431
155031101,45.4056,45.243,431,30378,0.404689,0.19,1,1977804,1977373,431
155034021,33.0811,33.0486,431,30448,0.440938,0.19,1,1977834,1977403,431
155036941,33.0162,33.0097,431,30518,0.480188,0.19,1,1977867,1977436,431
155039861,8.20324,8.20194,431,30587,0.488038,0.23,1,1977869,1977438,431
155042781,22.4406,22.4404,431,30656,0.489608,0.31,1,1977895,1977464,431
155045701,80.4881,76.4881,436,30725,0.521922,0.29,1,1977990,1977554,436
155048621,59.2976,58.4976,436,30794,0.496384,0.31,1,1978044,1977608,436
155051541,32.6595,31.6995,437,30863,0.539277,0.37,1,1978070,1977633,437
155054461,28.1319,27.1399,438,30932,0.563855,0.39,1,1978097,1977659,438
155057381,96.8264,95.028,440,31000,0.600771,0.41,1,1978211,1977771,440
155060301,47.3653,45.4056,442,31068,0.672154,0.45,1,1978246,1977804,442
155063221,35.0731,33.0811,444,31136,0.702431,0.49,1,1978278,1977834,444
155066141,33.4146,33.0162,444,31204,0.708486,0.49,1,1978311,1977867,444
155069061,8.28292,8.20324,444,31272,0.709697,0.49,1,1978313,1977869,444
155071981,22.4566,22.4406,444,31340,0.709939,0.49,1,1978339,1977895,444
155074901,81.2913,4.48813,540,31408,0.725988,0.53,1,1978435,1977895,540
155077821,59.4583,76.8976,499,31475,0.729198,0.49,1,1978489,1977990,499
155080741,33.4917,58.5795,472,31542,0.713839,0.55,1,1978516,1978044,472
155083661,29.8983,32.5159,475,31609,0.694768,0.57,1,1978545,1978070,475
155086581,100.38,28.1032,566,31676,0.754954,0.61,2,1978663,1978097,566
155089501,48.8759,96.8206,488,31743,0.750991,0.69,2,1978699,1978211,488
155092421,36.9752,47.3641,487,31810,0.798198,0.71,2,1978733,1978246,487
155095341,34.595,35.0728,489,31877,0.79164,0.71,2,1978767,1978278,489
155098261,8.51901,33.4146,458,31943,0.806328,0.71,2,1978769,1978311,458
155101181,22.5038,8.28291,482,32009,0.841266,0.71,2,1978795,1978313,482
155104101,82.1008,22.4566,553,32075,0.880253,0.73,2,1978892,1978339,553
155107021,59.6202,81.2913,511,32141,0.920051,0.73,2,1978946,1978435,511
155109941,32.724,59.4583,483,32207,0.92801,0.71,2,1978972,1978489,483
155112861,28.9448,33.4917,484,32273,0.929602,0.69,2,1979000,1978516,484
155127461,2,34,465,32599,0.91,0.81,2,1979232,1978767,465
155130381,21.2,8.4,489,32664,0.926,0.85,2,1979258,1978769,489
155226741,33,32,514,34737,0.75,1,2,1980724,1980210,514
155229661,60.2,26.4,556,34798,0.622,1,1,1980791,1980235,556
155232581,26.44,62.88,502,34859,0.5164,1,1,1980809,1980307,502
155235501,30.888,33.376,508,34920,0.47928,1,1,1980841,1980333,508
155238421,28.5776,35.4752,500,34981,0.423856,1,1,1980869,1980369,500
155241341,32.1155,27.895,507,35041,0.268771,1,1,1980902,1980395,507
155244261,99.2231,23.979,600,35101,0.0537542,0.95,1,1981018,1980418,600
155247181,47.0446,105.596,508,35161,0.0827508,1,1,1981052,1980544,508
155250101,31.0089,51.5192,497,35221,0.0405502,1,1,1981079,1980582,497
155253021,35.0018,31.9038,506,35281,0.03211,0.93,1,1981115,1980609,506
155255941,35.8004,35.9808,505,35341,0.030422,0.79,1,1981151,1980646,505
155258861,29.5601,43.1962,488,35401,0.0460844,0.75,1,1981179,1980691,488
155261781,52.312,35.0392,513,35461,0.0332169,0.59,1,1981237,1980724,513
155264701,22.4624,60.6078,461,35521,0.0466434,0.49,1,1981252,1980791,461
155267621,28.4925,26.5216,473,35581,0.0173287,0.47,1,1981282,1980809,473
155270541,24.0985,30.9043,464,35640,0.0754657,0.41,1,1981305,1980841,464
155273461,6.4197,28.5809,438,35699,0.0870932,0.23,1,1981307,1980869,438
155276381,22.8839,32.1162,432,35758,0.0894186,0,1,1981334,1980902,432
155279301,90.1768,99.2232,423,35817,0.0578837,0.09,1,1981441,1981018,423
155282221,47.6354,47.0446,426,35876,0.0995767,0.03,1,1981478,1981052,426
155285141,28.7271,31.0089,423,35935,0.0919153,0.03,1,1981502,1981079,423
155288061,36.1454,35.0018,425,35994,0.106383,0.03,1,1981540,1981115,425
155290981,34.4291,35.8004,423,36053,0.0612766,0.05,1,1981574,1981151,423
155293901,28.4858,29.5601,422,36112,0.0362553,0.03,1,1981601,1981179,422
155296821,52.0972,52.312,422,36171,0.0792511,0.05,1,1981659,1981237,422
155299741,24.0194,22.4624,424,36229,0.0878502,0.01,1,1981676,1981252,424
155302661,28.0039,28.4925,423,36287,0.05757,0.09,1,1981705,1981282,423
155305581,26.4008,24.0985,426,36345,0.115514,0.09,1,1981731,1981305,426
155308501,6.88016,6.4197,426,36403,0.0951028,0.09,1,1981733,1981307,426
155311421,21.376,22.8839,424,36461,0.0750206,0.05,1,1981758,1981334,424
155314341,88.2752,90.1768,422,36519,0.103004,0.11,1,1981863,1981441,422
155317261,49.655,47.6354,425,36577,0.140601,0.09,1,1981903,1981478,425
155320181,30.731,28.7271,427,36635,0.11612,0.11,1,1981929,1981502,427
155323101,34.9462,36.1454,425,36693,0.143224,0.05,1,1981965,1981540,425
155326021,31.7892,34.4291,422,36751,0.164645,0.03,1,1981996,1981574,422
155328941,27.9578,28.4858,422,36809,0.152929,0.09,1,1982023,1981601,422
155331861,52.7916,52.0972,423,36866,0.134586,0.09,1,1982082,1981659,423
155334781,24.9583,24.0194,424,36923,0.130917,0.05,1,1982100,1981676,424
155337701,28.1917,28.0039,424,36980,0.146183,0.13,1,1982129,1981705,424
155340621,26.4383,26.4008,424,37037,0.149237,0.09,1,1982155,1981731,424
155343541,6.88767,6.88016,424,37094,0.149847,0.07,1,1982157,1981733,424
155346461,22.1775,21.376,425,37151,0.165969,0.07,1,1982183,1981758,425
155349381,89.2355,4.27521,531,37208,0.233194,0.11,1,1982289,1981758,531
155352301,49.8471,84.855,466,37265,0.262639,0.15,1,1982329,1981863,466
155355221,29.9694,48.971,451,37322,0.284528,0.11,1,1982354,1981903,451
155358141,35.5939,30.5942,462,37379,0.240906,0.15,1,1982391,1981929,462
155361061,32.7188,34.9188,458,37436,0.264181,0.17,1,1982423,1981965,458
155363981,27.3438,31.7838,453,37492,0.284836,0.15,1,1982449,1981996,453
155366901,53.4688,27.9568,486,37548,0.320967,0.13,1,1982509,1982023,486
155369821,25.0938,52.7914,445,37604,0.344193,0.13,1,1982527,1982082,445
155372741,29.0187,24.9583,457,37660,0.380839,0.15,1,1982557,1982100,457
155375661,26.6038,28.1917,454,37716,0.388168,0.15,1,1982583,1982129,454
155378581,6.92075,26.4383,430,37772,0.389634,0.15,1,1982585,1982155,430
155381501,23.7841,6.88767,456,37828,0.405927,0.17,1,1982613,1982157,456
155384421,91.9568,22.1775,539,37884,0.409185,0.25,1,1982722,1982183,539
155387341,51.1914,89.2355,474,37940,0.425837,0.27,1,1982763,1982289,474
155390261,29.4383,49.8471,458,37996,0.461167,0.29,1,1982787,1982329,458
155393181,35.4877,29.9694,470,38052,0.468233,0.23,1,1982824,1982354,470
155396101,33.4975,35.5939,466,38108,0.485647,0.27,1,1982857,1982391,466
155399021,28.2995,32.7188,461,38163,0.505129,0.29,1,1982884,1982423,461
155401941,56.0599,27.3438,498,38218,0.509026,0.33,1,1982947,1982449,498
155404861,26.412,53.4688,457,38273,0.493805,0.35,1,1982966,1982509,457
155407781,30.0824,25.0938,470,38328,0.474761,0.39,1,1982997,1982527,470
155410701,27.6165,29.0187,467,38383,0.518952,0.39,1,1983024,1982557,467
155413621,7.1233,26.6038,443,38438,0.49579,0.39,1,1983026,1982583,443
155416541,23.8247,6.92075,469,38493,0.491158,0.41,1,1983054,1982585,469
155419461,91.9649,23.7841,550,38548,0.570232,0.41,1,1983163,1982613,550
155422381,52.793,91.9568,484,38603,0.602046,0.43,1,1983206,1982722,484
155425301,12.1586,51.1914,445,38658,0.576409,0.47,1,1983208,1982763,445
155428221,21.6317,29.4383,445,38713,0.603282,0.47,1,1983232,1982787,445
155431141,35.5263,35.4877,447,38768,0.672656,0.49,1,1983271,1982824,447
155434061,32.7053,33.4975,446,38822,0.702531,0.51,1,1983303,1982857,446
155436981,28.9411,28.2995,447,38876,0.692506,0.51,1,1983331,1982884,447
155439901,56.1882,56.0599,447,38930,0.754501,0.49,2,1983394,1982947,447
155442821,25.6376,26.412,446,38984,0.7669,0.47,2,1983412,1982966,446
155445741,29.9275,30.0824,446,39038,0.75338,0.53,2,1983443,1982997,446
155448661,27.5855,27.6165,446,39092,0.750676,0.49,2,1983470,1983024,446
155451581,7.1171,7.1233,446,39146,0.750135,0.49,2,1983472,1983026,446
155454501,23.8234,23.8247,446,39200,0.750027,0.59,2,1983500,1983054,446
155457421,95.9647,91.9649,451,39254,0.766005,0.61,2,1983614,1983163,451
155460341,52.7929,52.793,450,39308,0.817201,0.57,2,1983656,1983206,450
155463261,12.1586,12.1586,450,39362,0.82744,0.61,2,1983658,1983208,450
155466181,23.2317,21.6317,452,39416,0.797488,0.69,2,1983684,1983232,452
155469101,38.2463,35.5263,455,39470,0.823498,0.71,2,1983726,1983271,455
155472021,33.2493,32.7053,455,39524,0.828699,0.69,2,1983758,1983303,455
155474941,30.6499,28.9411,457,39577,0.81374,0.77,2,1983788,1983331,457
155477861,57.33,56.1882,458,39630,0.842748,0.77,2,1983852,1983394,458
155480781,25.866,25.6376,458,39683,0.84855,0.75,2,1983870,1983412,458
155483701,29.1732,29.9275,457,39736,0.83371,0.75,2,1983900,1983443,457
155486621,27.4346,27.5855,457,39789,0.846742,0.75,2,1983927,1983470,457
155489541,7.08693,7.1171,457,39842,0.881348,0.75,2,1983929,1983472,457
155492461,25.4174,23.8234,459,39895,0.92027,0.77,2,1983959,1983500,459
155676421,45,57,469,19203,0.09,0.23,1,1986327,1985858,469
155679341,117,102.6,490,19314,0.154,0.13,1,1986462,1985972,490
155682261,64.2,92.52,451,19424,0.1508,0.05,1,1986513,1986062,451
155685181,39.24,62.504,429,19533,0.18216,0.01,1,1986546,1986117,429
155688101,23.048,20.5008,438,19642,0.172432,0.03,1,1986565,1986127,438
155691021,116.61,28.1002,548,19750,0.170486,0.05,1,1986705,1986157,548
155693941,60.1219,105.62,469,19857,0.170097,0.09,1,1986751,1986282,469
155696861,122.424,57.124,562,19964,0.186019,0.17,1,1986889,1986327,562
155699781,68.4849,119.425,482,20070,0.173204,0.15,1,1986944,1986462,482
155702701,39.297,64.685,463,20176,0.218641,0.19,1,1986976,1986513,463
155705621,22.2594,39.337,448,20281,0.243728,0.17,1,1986994,1986546,448
155708541,116.452,23.0674,569,20386,0.296746,0.17,1,1987134,1986565,569
155711461,60.0904,116.613,475,20490,0.323349,0.17,1,1987180,1986705,475
155714381,123.218,60.1227,568,20594,0.39267,0.19,1,1987319,1986751,568
155717301,69.4436,122.425,486,20697,0.406534,0.17,1,1987375,1986889,486
155720221,40.2887,68.4849,464,20799,0.377307,0.23,1,1987408,1986944,464
155723141,23.2577,39.297,451,20901,0.387461,0.25,1,1987427,1986976,451
155726061,119.052,22.2594,576,21002,0.421492,0.31,1,1987570,1986994,576
155728981,25.4103,116.452,438,21103,0.428298,0.33,1,1987572,1987134,438
155731901,41.8821,60.0904,438,21204,0.46166,0.41,1,1987618,1987180,438
155734821,122.776,123.218,442,21304,0.532332,0.41,1,1987761,1987319,442
155737741,67.7553,69.4436,440,21404,0.562466,0.37,1,1987815,1987375,440
155740661,39.9511,40.2887,440,21503,0.552493,0.39,1,1987848,1987408,440
155743581,24.7902,23.2577,442,21602,0.566499,0.43,1,1987869,1987427,442
155746501,120.158,119.052,443,21700,0.6813,0.43,1,1988013,1987570,443
155749421,25.6316,25.4103,443,21798,0.70426,0.47,1,1988015,1987572,443
155752341,41.9263,41.8821,443,21895,0.724852,0.55,1,1988061,1987618,443
155755261,125.985,122.776,447,21992,0.82497,0.57,2,1988208,1987761,447
155758181,69.1971,67.7553,448,22088,0.876994,0.55,2,1988263,1987815,448
155761101,41.0394,39.9511,449,22184,0.871399,0.57,2,1988297,1987848,449
155764021,25.8079,24.7902,450,22280,0.87028,0.71,2,1988319,1987869,450
155766941,125.962,120.158,457,22375,0.902056,0.71,2,1988470,1988013,457
155769861,26.7923,25.6316,457,22470,0.908411,0.73,2,1988472,1988015,457
155880821,42,161,503,25813,0.81,1,2,1990890,1990387,503
155883741,36.4,57.8,506,25895,0.73,0.91,1,1990925,1990419,506
155886661,116.08,30.76,618,25977,0.714,0.98,1,1991061,1990443,618
155889581,49.616,123.752,504,26059,0.7588,0.97,2,1991094,1990590,504
155892501,35.5232,52.7504,501,26140,0.73576,0.91,1,1991126,1990625,501
155895421,26.3046,37.7501,491,26221,0.763152,0.98,2,1991150,1990659,491
155898341,26.8609,25.95,495,26302,0.78463,0.87,2,1991177,1990682,495
155901261,110.972,29.19,597,26383,0.852926,0.75,2,1991309,1990712,597
155904181,49.3944,114.638,495,26463,0.882585,0.81,2,1991343,1990848,495
155907101,40.2789,56.5276,491,26543,0.856517,0.71,2,1991381,1990890,491
155910021,117.656,39.3055,593,26623,0.835303,0.71,2,1991518,1990925,593
155912941,49.9312,116.661,490,26703,0.847061,0.77,2,1991551,1991061,490
155915861,35.5862,49.7322,489,26782,0.817412,0.73,2,1991583,1991094,489
155918781,27.9172,35.5464,483,26861,0.827482,0.77,2,1991609,1991126,483
155921701,7.18345,26.3093,461,26940,0.829496,0.79,2,1991611,1991150,461
155924621,23.0367,26.8619,461,27019,0.845899,0.87,2,1991638,1991177,461
155927541,113.407,110.972,465,27097,0.88118,0.89,2,1991774,1991309,465
155930461,50.6815,49.3945,466,27175,0.904236,0.85,2,1991809,1991343,466
156277941,39,36,522,35248,0.73,1,1,1997481,1996959,522
156280861,33.4,36,518,35308,0.698,1,1,1997513,1996995,518
156283781,40.28,33.6,527,35368,0.6916,1,1,1997555,1997028,527
156286701,32.856,42.72,513,35428,0.64232,1,1,1997586,1997073,513
156289621,87.3712,34.944,581,35488,0.568464,1,1,1997687,1997106,581
156292541,73.4742,94.9888,541,35548,0.489693,1,1,1997757,1997216,541
156295461,37.8948,74.1978,501,35607,0.521939,1,1,1997786,1997285,501
156298381,37.979,38.0396,510,35666,0.544388,1,1,1997824,1997314,510
156301301,9.19579,39.6079,472,35725,0.548878,0.97,1,1997826,1997354,472
156304221,25.0392,32.7216,470,35784,0.533776,0.93,1,1997855,1997385,470
156307141,25.0078,24.1443,473,35843,0.562755,0.85,1,1997880,1997407,473
156310061,25.8016,32.8289,464,35902,0.536551,0.73,1,1997906,1997442,464
156312981,33.9603,37.7658,461,35961,0.53131,0.69,1,1997942,1997481,461
156315901,30.7921,33.1532,459,36020,0.546262,0.69,1,1997972,1997513,459
156318821,35.7584,40.2306,454,36079,0.533252,0.63,1,1998009,1997555,454
156321741,30.3517,32.8461,452,36138,0.57865,0.55,1,1998038,1997586,452
156324661,85.2703,87.3692,450,36196,0.61973,0.47,1,1998137,1997687,450
156327581,69.8541,73.4738,446,36254,0.643946,0.53,1,1998203,1997757,446
156330501,37.9708,37.8948,447,36312,0.648789,0.55,1,1998233,1997786,447
156333421,37.9942,37.979,447,36370,0.713758,0.55,1,1998271,1997824,447
156336341,9.19883,9.19579,447,36428,0.726752,0.53,1,1998273,1997826,447
156339261,23.4398,25.0392,445,36486,0.71335,0.57,1,1998300,1997855,445
156342181,27.088,25.0078,448,36544,0.69467,0.53,1,1998328,1997880,448
156345101,24.6176,25.8016,446,36602,0.722934,0.53,1,1998352,1997906,446
156348021,34.5235,33.9603,447,36660,0.728587,0.55,1,1998389,1997942,447
156350941,30.9047,30.7921,447,36718,0.761717,0.53,2,1998419,1997972,447
156353861,36.5809,35.7584,448,36776,0.704343,0.59,1,1998457,1998009,448
156356781,31.3162,30.3517,449,36833,0.724869,0.63,1,1998487,1998038,449
156359701,87.0632,85.2703,451,36890,0.760974,0.65,2,1998588,1998137,451
156362621,71.0126,69.8541,452,36947,0.768195,0.65,2,1998655,1998203,452
156365541,39.8025,37.9708,454,37004,0.801639,0.73,2,1998687,1998233,454
156368461,39.9605,37.9942,456,37061,0.744328,0.73,1,1998727,1998271,456
156371381,9.5921,9.19883,456,37118,0.732866,0.71,1,1998729,1998273,456
156374301,22.7184,23.4398,455,37175,0.794573,0.71,2,1998755,1998300,455
156377221,26.9437,4.68795,483,37232,0.790915,0.69,2,1998783,1998300,483
156380141,24.5887,23.3376,479,37289,0.806183,0.73,2,1998807,1998328,479
156383061,36.1177,23.8675,494,37346,0.841237,0.73,2,1998846,1998352,494
156385981,31.2235,34.3735,487,37403,0.848247,0.77,2,1998876,1998389,487
156388901,35.0447,30.8747,493,37459,0.865649,0.69,2,1998912,1998419,493
156391821,31.0089,36.5749,485,37515,0.86913,0.73,2,1998942,1998457,485
156523221,33,30,519,39969,0.81,1,2,2000720,2000201,519
156565561,411.4,462,455,17520,0.266,0.69,1,2001226,2000771,455
156568481,113.48,113.2,468,18366,0.1412,0.27,1,2001265,2000797,468
156571401,122.696,87.44,512,18482,0.13224,0.03,1,2001390,2000878,512
156574321,130.939,134.288,499,18597,0.050448,0.13,1,2001523,2001024,499
156577241,66.9878,111.658,444,18711,0.0820896,0.03,1,2001574,2001130,444
156580161,54.9976,63.1315,445,18824,0.0564179,0.09,1,2001626,2001181,445
156583081,32.5995,39.0263,439,18937,0.0512836,0.11,1,2001653,2001214,439
156586001,39.3199,48.6053,429,19049,0.0822567,0.13,1,2001694,2001265,429
156588921,107.064,109.721,428,19160,0.168451,0.03,1,2001818,2001390,428
156591841,123.813,128.344,423,19271,0.0736903,0.09,1,2001946,2001523,423
156594761,67.9626,66.4688,426,19381,0.0707381,0.05,1,2002000,2001574,426
156597681,51.9925,54.8938,422,19490,0.0861476,0.05,1,2002048,2001626,422
156600601,33.5985,32.5788,424,19599,0.0732295,0.05,1,2002077,2001653,424
156603521,41.9197,6.51575,468,19707,0.0706459,0.09,1,2002121,2001653,468
156606441,109.184,34.1031,553,19815,0.0701292,0.19,1,2002247,2001694,553
156609361,118.637,106.021,550,19922,0.0860258,0.05,1,2002368,2001818,550
156612281,66.9274,123.604,476,20028,0.137205,0.07,1,2002422,2001946,476
156615201,52.5855,67.9208,471,20134,0.195441,0.09,1,2002471,2002000,471
156618121,33.7171,51.9842,452,20239,0.191088,0.07,1,2002500,2002048,452
156621041,41.1434,33.5968,466,20344,0.206218,0.07,1,2002543,2002077,466
156623961,110.629,41.9194,550,20448,0.257244,0.07,1,2002671,2002121,550
156626881,119.726,109.184,546,20552,0.331449,0.09,1,2002793,2002247,546
156629801,69.5451,118.637,482,20655,0.34629,0.15,1,2002850,2002368,482
156632721,55.509,66.9274,480,20758,0.413258,0.21,1,2002902,2002422,480
156635641,35.1018,52.5855,461,20860,0.458652,0.19,1,2002932,2002471,461
156638561,40.6204,33.7171,474,20962,0.46773,0.21,1,2002974,2002500,474
156641481,9.72407,41.1434,433,21063,0.469546,0.27,1,2002976,2002543,433
156644401,106.745,110.629,436,21164,0.581909,0.35,1,2003107,2002671,436
156647321,121.349,119.726,439,21264,0.604382,0.35,1,2003232,2002793,439
156650241,71.4698,69.5451,441,21364,0.592876,0.43,1,2003291,2002850,441
156653161,57.494,55.509,443,21463,0.606575,0.47,1,2003345,2002902,443
156656081,37.0988,35.1018,445,21562,0.641315,0.47,1,2003377,2002932,445
156659001,41.0198,40.6204,445,21660,0.632263,0.47,1,2003419,2002974,445
156661921,9.80395,9.72407,445,21758,0.630453,0.61,1,2003421,2002976,445
156664841,111.561,106.745,451,21855,0.710091,0.61,1,2003558,2003107,451
156667761,122.312,121.349,451,21952,0.806018,0.59,2,2003683,2003232,451
156670681,71.6624,71.4698,451,22049,0.777204,0.61,2,2003742,2003291,451
156673601,58.3325,57.494,452,22145,0.819441,0.65,2,2003797,2003345,452
156676521,37.2665,37.0988,452,22241,0.827888,0.63,2,2003829,2003377,452
156679441,42.6533,41.0198,454,22336,0.861578,0.63,2,2003873,2003419,454
156682361,10.1307,9.80395,454,22431,0.868316,0.73,2,2003875,2003421,454
156685281,114.826,111.561,458,22526,0.869663,0.73,2,2004016,2003558,458
156688201,124.565,22.3122,585,22620,0.869933,0.83,2,2004143,2003558,585
156691121,71.313,104.462,518,22714,0.869986,0.77,2,2004201,2003683,518
156694041,59.0626,68.0925,515,22807,0.885997,0.83,2,2004257,2003742,515
156696961,39.0125,57.6185,494,22900,0.889199,0.83,2,2004291,2003797,494
156699881,43.0025,37.1237,506,22993,0.92184,0.87,2,2004335,2003829,506
156702801,10.2005,42.6247,464,23085,0.928368,0.87,2,2004337,2003873,464
156781641,34,33,499,25447,0.43,1,1,2006159,2005660,499
156784561,31.6,6.6,530,25530,0.318,1,1,2006190,2005660,530
156787481,21.52,26.92,517,25613,0.3116,1,1,2006209,2005692,517
156790401,33.104,26.984,526,25696,0.18232,1,1,2006245,2005719,526
156793321,23.4208,43.7968,499,25778,0.172464,1,1,2006266,2005767,499
156796241,95.0842,35.1594,579,25860,0.106493,0.98,1,2006379,2005800,579
156799161,108.617,93.4319,583,25942,0.0452986,0.67,1,2006491,2005908,583
156802081,86.5234,122.686,534,26024,0.12906,0.47,1,2006572,2006038,534
156805001,42.1047,94.1373,478,26105,0.129812,0.43,1,2006603,2006125,478
156807921,28.4209,46.0275,469,26186,0.113962,0.29,1,2006628,2006159,469
156810841,16.0842,34.0055,451,26267,0.126792,0.31,1,2006641,2006190,451
156813761,30.4168,22.0011,466,26348,0.193358,0.15,1,2006675,2006209,466
156816681,23.6834,33.2002,452,26428,0.206672,0.17,1,2006697,2006245,452
156819601,89.5367,23.44,537,26508,0.305334,0.09,1,2006803,2006266,537
156822521,105.107,95.088,533,26588,0.293067,0.03,1,2006912,2006379,533
156825441,90.6215,108.618,508,26668,0.274613,0.15,1,2006999,2006491,508
156828361,42.9243,86.5235,458,26747,0.286923,0.13,1,2007030,2006572,458
156831281,27.7849,42.1047,451,26826,0.305385,0.11,1,2007054,2006603,451
156834201,15.157,28.4209,438,26905,0.309077,0.13,1,2007066,2006628,438
156837121,4.63139,16.0842,427,26984,0.309815,0.21,1,2007068,2006641,427
156840041,32.1263,30.4168,432,27062,0.325963,0.21,1,2007107,2006675,432
156842961,24.0253,23.6834,432,27140,0.297193,0.33,1,2007129,2006697,432
156845881,92.8051,89.5367,436,27218,0.291439,0.29,1,2007239,2006803,436
156848801,107.361,105.107,438,27296,0.386288,0.27,1,2007350,2006912,438
156851721,90.2722,90.6215,437,27374,0.421258,0.29,1,2007436,2006999,437
156854641,42.0544,42.9243,436,27451,0.428252,0.31,1,2007466,2007030,436
156857561,28.4109,27.7849,437,27528,0.47765,0.31,1,2007491,2007054,437
156860481,15.2822,15.157,437,27605,0.48753,0.31,1,2007503,2007066,437
156863401,4.65644,4.63139,437,27682,0.489506,0.33,1,2007505,2007068,437
156866321,31.3313,32.1263,436,27759,0.521901,0.29,1,2007543,2007107,436
156869241,23.8663,24.0253,436,27835,0.52838,0.29,1,2007565,2007129,436
156872161,92.7733,92.8051,436,27911,0.545676,0.41,1,2007675,2007239,436
156875081,110.555,107.361,440,27987,0.629135,0.43,1,2007790,2007350,440
156878001,92.5109,90.2722,442,28063,0.645827,0.43,1,2007878,2007436,442
156880921,44.1022,42.0544,444,28138,0.617165,0.49,1,2007910,2007466,444
156883841,30.4204,28.4109,446,28213,0.595433,0.49,1,2007937,2007491,446
156886761,15.6841,15.2822,446,28288,0.559087,0.49,1,2007949,2007503,446
156889681,4.73682,4.65644,446,28363,0.567817,0.49,1,2007951,2007505,446
156892601,32.1474,0.931287,485,28438,0.585563,0.53,1,2007990,2007505,485
156895521,24.0295,30.5863,469,28512,0.589113,0.53,1,2008012,2007543,469
156898441,93.6059,23.7173,558,28586,0.653823,0.55,1,2008123,2007565,558
156901361,113.121,92.7435,566,28660,0.698765,0.65,1,2008241,2007675,566
156904281,93.0242,110.549,539,28734,0.739753,0.65,1,2008329,2007790,539
156907201,42.6048,92.5097,481,28808,0.747951,0.61,1,2008359,2007878,481
156910121,29.321,44.1019,475,28881,0.76559,0.59,2,2008385,2007910,475
156913041,16.2642,30.4204,461,28954,0.785118,0.55,2,2008398,2007937,461
156915961,4.85284,15.6841,451,29027,0.789024,0.57,2,2008400,2007949,451
156918881,32.9706,4.73682,489,29100,0.805805,0.59,2,2008440,2007951,489
156921801,24.1941,32.1474,472,29173,0.825161,0.59,2,2008462,2007990,472
156924721,96.8388,24.0295,565,29246,0.893032,0.67,2,2008577,2008012,565
157056121,23,29,500,32342,0.87,0.99,2,2010787,2010287,500
157059041,19.8,26.6,493,32407,0.87,1,2,2010806,2010313,493
157061961,30.36,23.72,503,32472,0.806,1,2,2010839,2010336,503
157064881,30.072,31.944,499,32537,0.8732,1,2,2010869,2010370,499
157067801,25.2144,27.9888,496,32602,0.83864,0.99,2,2010893,2010397,496
157070721,41.8429,26.3978,516,32667,0.799728,1,2,2010939,2010423,516
157073641,94.7686,42.8796,577,32732,0.823946,0.99,2,2011047,2010470,577
157076561,22.9537,94.1759,475,32797,0.812789,0.97,2,2011052,2010577,475
157079481,91.7907,110.835,469,32861,0.826558,0.93,2,2011161,2010692,469
157082401,42.3581,46.967,468,32925,0.829312,0.81,2,2011191,2010723,468
157085321,38.8716,42.1934,465,32989,0.813862,0.87,2,2011229,2010764,465
157088241,25.3743,26.8387,464,33053,0.842772,0.87,2,2011251,2010787,464
157091161,21.0749,20.5677,465,33117,0.864554,0.79,2,2011271,2010806,465
157094081,29.815,30.5135,464,33181,0.884911,0.89,2,2011303,2010839,464
157097001,29.163,30.1027,463,33245,0.920982,0.83,2,2011332,2010869,463
157099921,25.0326,25.2205,463,33309,0.864196,0.79,2,2011356,2010893,463
157102841,38.6065,41.8441,459,33372,0.900839,0.83,2,2011398,2010939,459
157251761,26,37,492,36463,0.77,1,2,2013626,2013134,492
157254681,34.8,33.8,496,36521,0.674,1,1,2013663,2013167,496
157257601,35.76,29.16,504,36579,0.6228,1,1,2013699,2013195,504
157260521,30.352,22.632,512,36637,0.54856,1,1,2013728,2013216,512
157263441,28.4704,30.1264,508,36695,0.421712,1,1,2013756,2013248,508
157266361,29.6941,32.4253,505,36753,0.364342,1,1,2013786,2013281,505
157269281,33.9388,28.8851,512,36810,0.288868,1,1,2013821,2013309,512
157272201,57.9878,75.377,489,36867,0.145774,1,1,2013885,2013396,489
157275121,61.9976,67.0754,487,36924,0.0371547,1,1,2013948,2013461,487
157278041,41.1995,53.4151,473,36981,0.0474309,0.86,1,2013984,2013511,473
157280961,45.0399,53.083,466,37038,0.0494862,0.91,1,2014030,2013564,466
157283881,34.608,39.4166,462,37095,0.0498972,0.77,1,2014062,2013600,462
157286801,22.1216,28.6833,455,37152,0.0659795,0.77,1,2014081,2013626,455
157289721,27.6243,5.73666,484,37209,0.0371959,0.65,1,2014110,2013626,484
157292641,32.7249,30.7473,481,37266,0.0634392,0.61,1,2014144,2013663,481
157295561,28.945,34.9495,473,37323,0.0526878,0.53,1,2014172,2013699,473
157298481,21.789,30.1899,464,37380,0.0665376,0.39,1,2014192,2013728,464
157301401,26.7578,28.438,464,37437,0.0533075,0.35,1,2014220,2013756,464
157304321,30.9516,29.6876,466,37493,0.0666615,0.27,1,2014252,2013786,466
157307241,51.7903,33.9375,488,37549,0.0853323,0.11,1,2014309,2013821,488
157310161,61.5581,57.9875,488,37605,0.0410665,0.01,1,2014373,2013885,488
157313081,39.5116,61.9975,459,37661,0.0962133,0.05,1,2014407,2013948,459
157316001,43.1023,41.1995,467,37717,0.123243,0.05,1,2014451,2013984,467
157318921,35.8205,45.0399,455,37773,0.112649,0.05,1,2014485,2014030,455
157321841,20.7641,34.608,440,37829,0.0945297,0.07,1,2014502,2014062,440
157324761,28.1528,22.1216,451,37885,0.106906,0.03,1,2014532,2014081,451
157327681,35.2306,27.6243,459,37941,0.0613812,0.07,1,2014569,2014110,459
157330601,27.8461,32.7249,451,37997,0.132276,0.05,1,2014595,2014144,451
157333521,23.1692,28.945,445,38053,0.178455,0.07,1,2014617,2014172,445
157336441,26.2338,21.789,452,38109,0.139691,0.05,1,2014644,2014192,452
157339361,30.8468,26.7578,456,38164,0.163938,0.07,1,2014676,2014220,456
157342281,52.5694,30.9516,482,38219,0.200788,0.09,1,2014734,2014252,482
157345201,61.7139,51.7903,489,38274,0.176158,0.03,1,2014798,2014309,489
157348121,40.3428,61.5581,460,38329,0.155232,0.11,1,2014833,2014373,460
157351041,42.4686,39.5116,469,38384,0.183046,0.13,1,2014876,2014407,469
157353961,36.4937,43.1023,460,38439,0.140609,0.11,1,2014911,2014451,460
157356881,20.0987,35.8205,442,38494,0.148122,0.09,1,2014927,2014485,442
157359801,27.2197,20.7641,454,38549,0.165624,0.11,1,2014956,2014502,454
157362721,35.0439,28.1528,461,38604,0.153125,0.05,1,2014993,2014532,461
157365641,8.60879,35.2306,426,38659,0.150625,0.15,1,2014995,2014569,426
157368561,23.3218,27.8461,427,38714,0.166125,0.19,1,2015022,2014595,427
157371481,23.8644,23.1692,429,38769,0.137225,0.13,1,2015046,2014617,429
157374401,27.1729,26.2338,430,38823,0.163445,0.17,1,2015074,2014644,430
157377321,31.0346,30.8468,430,38877,0.136689,0.21,1,2015106,2014676,430
157380241,54.2069,52.5694,432,38931,0.147338,0.17,1,2015166,2014734,432
157383161,60.4414,61.7139,430,38985,0.229468,0.15,1,2015228,2014798,430
157386081,40.0883,40.3428,430,39039,0.229894,0.19,1,2015263,2014833,430
157389001,43.2177,42.4686,431,39093,0.213979,0.13,1,2015307,2014876,431
157391921,34.2435,36.4937,428,39147,0.258796,0.15,1,2015339,2014911,428
157394841,20.4487,20.0987,429,39201,0.299759,0.17,1,2015356,2014927,429
157397761,28.0897,27.2197,430,39255,0.307952,0.15,1,2015386,2014956,430
157400681,34.4179,35.0439,429,39309,0.35759,0.15,1,2015422,2014993,429
157403601,8.48359,8.60879,429,39363,0.367518,0.17,1,2015424,2014995,429
157406521,22.4967,23.3218,428,39417,0.337504,0.13,1,2015450,2015022,428
157409441,23.6993,23.8644,428,39471,0.347501,0.17,1,2015474,2015046,428
157412361,27.1399,27.1729,428,39525,0.4295,0.13,1,2015502,2015074,428
157415281,31.028,31.0346,428,39578,0.4459,0.15,1,2015534,2015106,428
157418201,56.6056,54.2069,431,39631,0.43318,0.25,1,2015597,2015166,431
157421121,61.7211,60.4414,432,39684,0.462636,0.23,1,2015660,2015228,432
157424041,39.5442,40.0883,431,39737,0.468527,0.21,1,2015694,2015263,431
157426961,43.9088,43.2177,432,39790,0.453705,0.27,1,2015739,2015307,432
157429881,35.9818,34.2435,434,39843,0.482741,0.31,1,2015773,2015339,434
157432801,21.5964,20.4487,435,39896,0.520548,0.31,1,2015791,2015356,435
157435721,29.9193,28.0897,437,39949,0.56011,0.37,1,2015823,2015386,437
157438641,35.5839,34.4179,438,40002,0.600022,0.37,1,2015860,2015422,438
157441561,8.71677,8.48359,438,40055,0.576004,0.33,1,2015862,2015424,438
157444481,22.5434,22.4967,438,40108,0.571201,0.33,1,2015888,2015450,438
157447401,24.5087,4.49934,463,40161,0.58624,0.35,1,2015913,2015450,463
157450321,28.9017,20.0999,469,40214,0.557248,0.45,1,2015943,2015474,469
157453241,32.9803,26.42,475,40267,0.58345,0.45,1,2015977,2015502,475
157456161,56.1961,30.884,505,40319,0.58869,0.43,1,2016039,2015534,505
157459081,61.6392,56.5768,505,40371,0.605738,0.47,1,2016102,2015597,505
157462001,39.5278,61.7154,476,40423,0.625148,0.47,1,2016136,2015660,476
157464921,43.1056,39.5431,486,40475,0.64503,0.45,1,2016180,2015694,486
157467841,39.0211,43.9086,479,40527,0.697006,0.49,1,2016218,2015739,479
157470761,22.2042,35.9817,463,40579,0.707401,0.53,1,2016236,2015773,463
157473681,31.6408,21.5963,479,40631,0.74148,0.57,1,2016270,2015791,479
157476601,37.5282,29.9193,486,40683,0.748296,0.61,1,2016309,2015823,486
157479521,9.10563,35.5839,451,40735,0.749659,0.57,1,2016311,2015860,451
157482441,22.6211,8.71677,475,40787,0.765932,0.57,2,2016337,2015862,475
157485361,23.7242,22.5434,473,40839,0.769186,0.59,2,2016361,2015888,473
157488281,28.7448,24.5087,478,40891,0.817837,0.55,2,2016391,2015913,478
157491201,34.549,28.9017,484,40943,0.859567,0.59,2,2016427,2015943,484
157494121,56.5098,32.9803,512,40995,0.867913,0.59,2,2016489,2015977,512
157497041,62.502,56.1961,514,41046,0.917583,0.61,2,2016553,2016039,514
157499961,40.5004,61.6392,486,41097,0.943517,0.63,2,2016588,2016102,486
157701441,92,120,495,19925,0.05,0.87,1,2019060,2018565,495
157704361,79.2,76.8,505,20031,0.098,0.55,1,2019136,2018631,505
157707281,57.44,84.16,471,20137,0.0436,0.37,1,2019188,2018717,471
157710201,65.888,68.032,475,20242,0.03272,0.11,1,2019256,2018781,475
157713121,21.9776,60.0064,428,20347,0.078544,0.03,1,2019267,2018839,428
157716041,105.196,33.6013,527,20451,0.0237088,0.03,1,2019393,2018866,527
157718961,93.0391,88.3203,515,20555,0.0287418,0.05,1,2019483,2018968,515
157721881,81.8078,91.264,502,20658,0.0297484,0.11,1,2019562,2019060,502
157724801,54.7616,79.0528,474,20761,0.0299497,0.03,1,2019610,2019136,474
157727721,66.9523,57.4106,492,20863,0.0619899,0.03,1,2019680,2019188,492
157730641,22.9905,65.8821,436,20965,0.068398,0.09,1,2019692,2019256,436
157733561,6.19809,21.9764,427,21066,0.0696796,0.01,1,2019694,2019267,427
157736481,102.04,105.195,427,21167,0.0379359,0.03,1,2019820,2019393,427
157739401,88.4079,93.0391,422,21267,0.0795872,0.03,1,2019905,2019483,422
157742321,80.8816,81.8078,422,21367,0.0559174,0.03,1,2019984,2019562,422
157745241,55.3763,54.7616,423,21466,0.0191835,0.07,1,2020033,2019610,423
157748161,68.6753,66.9523,425,21565,0.0758367,0.07,1,2020105,2019680,425
157751081,23.3351,22.9905,425,21663,0.0871673,0.07,1,2020117,2019692,425
157754001,6.26701,6.19809,425,21761,0.121433,0.03,1,2020119,2019694,425
157756921,100.453,102.04,423,21858,0.0482867,0.09,1,2020243,2019820,423
157759841,88.8907,88.4079,424,21955,0.113657,0.05,1,2020329,2019905,424
157762761,79.3781,80.8816,422,22052,0.190731,0.01,1,2020406,2019984,422
157765681,55.0756,55.3763,422,22148,0.158146,0.09,1,2020455,2020033,422
157768601,71.8151,68.6753,426,22244,0.151629,0.09,1,2020531,2020105,426
157771521,23.963,23.3351,426,22339,0.150326,0.13,1,2020543,2020117,426
157774441,6.3926,6.26701,426,22434,0.150065,0.03,1,2020545,2020119,426
157777361,98.8785,100.453,424,22529,0.182013,0.03,1,2020667,2020243,424
157780281,90.9757,20.0907,513,22623,0.108403,0.13,1,2020756,2020243,513
157783201,82.9951,72.8181,508,22717,0.109681,0.21,1,2020837,2020329,508
157786121,53.399,76.1636,477,22810,0.109936,0.15,1,2020883,2020406,477
157789041,71.4798,54.4327,504,22903,0.125987,0.15,1,2020959,2020455,504
157791961,24.696,71.6865,441,22996,0.145197,0.15,1,2020972,2020531,441
157794881,6.53919,23.9373,431,23088,0.117039,0.15,1,2020974,2020543,431
157797801,99.7078,6.38746,552,23180,0.143408,0.19,1,2021097,2020545,552
157800721,87.1416,98.8775,514,23271,0.212682,0.09,1,2021181,2020667,514
157803641,83.0283,90.9755,507,23362,0.290536,0.11,1,2021263,2020756,507
157806561,53.4057,82.9951,472,23453,0.338107,0.11,1,2021309,2020837,472
157809481,72.2811,53.399,503,23543,0.363621,0.13,1,2021386,2020883,503
157812401,24.0562,71.4798,439,23633,0.368724,0.15,1,2021398,2020959,439
157815321,6.41124,24.696,428,23723,0.369745,0.11,1,2021400,2020972,428
157818241,102.082,6.53919,552,23812,0.401949,0.15,1,2021526,2020974,552
157821161,90.0164,99.7078,516,23901,0.47239,0.23,1,2021613,2021097,516
157824081,19.6033,87.1416,434,23990,0.486478,0.31,1,2021615,2021181,434
157827001,71.9207,83.0283,437,24078,0.569296,0.35,1,2021700,2021263,437
157829921,52.7841,53.4057,439,24166,0.601859,0.37,1,2021748,2021309,439
157832841,72.9568,72.2811,440,24254,0.640372,0.37,1,2021826,2021386,440
157835761,24.1914,24.0562,440,24341,0.648074,0.37,1,2021838,2021398,440
157838681,6.43827,6.41124,440,24428,0.697615,0.41,1,2021840,2021400,440
157841601,106.088,102.082,445,24515,0.723523,0.49,1,2021971,2021526,445
157844521,91.6175,90.0164,446,24601,0.728705,0.49,1,2022059,2021613,446
157847441,19.9235,19.6033,446,24687,0.745741,0.59,1,2022061,2021615,446
157850361,75.9847,71.9207,451,24773,0.749148,0.61,1,2022151,2021700,451
157853281,54.3969,52.7841,452,24859,0.82983,0.65,2,2022200,2021748,452
157856201,74.8794,72.9568,454,24944,0.909966,0.65,2,2022280,2021826,454
157882481,14,80,481,25699,0.91,0.95,2,2022761,2022280,481
157885401,4.4,26.4,470,25781,0.91,0.95,2,2022763,2022293,470
157888321,107.28,6.88,601,25863,0.926,0.99,2,2022896,2022295,601
157891241,93.456,107.776,558,25945,0.9292,0.99,2,2022986,2022428,558
157894161,20.2912,93.5552,470,26027,0.92984,0.95,2,2022988,2022518,470
157978841,99,92,502,28290,0.33,1,1,2024672,2024170,502
157981761,47.8,36.8,514,28365,0.234,1,1,2024707,2024193,514
157984681,32.76,7.36,543,28440,0.0468,1,1,2024736,2024193,543
157987601,32.152,28.672,541,28514,0.03336,1,1,2024768,2024227,541
157990521,34.4304,34.5344,540,28588,0.046672,1,1,2024803,2024263,540
157993441,74.8861,62.1069,556,28662,0.113334,1,1,2024888,2024332,556
157996361,46.1772,81.2214,509,28736,0.0466669,1,1,2024927,2024418,509
157999281,64.4354,46.6443,540,28810,0.0493334,0.83,1,2024996,2024456,540
158002201,37.6871,74.9289,489,28883,0.113867,0.69,1,2025027,2024538,489
158005121,73.9374,42.9858,537,28956,0.110773,0.33,1,2025110,2024573,537
158008041,37.9875,87.7972,467,29029,0.142155,0.21,1,2025139,2024672,467
158010961,25.1975,45.5594,454,29102,0.116431,0,1,2025161,2024707,454
158013881,27.4395,32.3119,453,29175,0.159286,0.03,1,2025189,2024736,453
158016801,33.4879,32.0624,456,29248,0.183857,0.05,1,2025224,2024768,456
158019721,77.0976,34.4125,509,29320,0.0767714,0.13,1,2025312,2024803,509
158022641,46.6195,74.8825,463,29392,0.0553543,0.03,1,2025351,2024888,463
158025561,62.1239,46.1765,490,29464,0.0350709,0.05,1,2025417,2024927,490
158028481,41.2248,64.4353,457,29536,0.0630142,0.13,1,2025453,2024996,457
158031401,76.245,37.6871,511,29608,0.132603,0.11,1,2025538,2025027,511
158034321,38.449,73.9374,457,29679,0.162521,0.15,1,2025567,2025110,457
158037241,24.4898,37.9875,449,29750,0.184504,0.11,1,2025588,2025139,449
158040161,28.098,25.1975,456,29821,0.140901,0.17,1,2025617,2025161,456
158043081,7.21959,27.4395,430,29892,0.13218,0.19,1,2025619,2025189,430
158046001,27.0439,33.4879,427,29963,0.194436,0.05,1,2025651,2025224,427
158048921,74.2088,77.0976,425,30034,0.222887,0.05,1,2025737,2025312,425
158051841,45.2418,46.6195,424,30104,0.196577,0.03,1,2025775,2025351,424
158054761,61.0484,62.1239,423,30174,0.159315,0.07,1,2025840,2025417,423
158057681,43.4097,41.2248,426,30244,0.0878631,0.15,1,2025879,2025453,426
158060601,79.0819,76.245,429,30314,0.105573,0.17,1,2025967,2025538,429
158063521,39.8164,38.449,430,30384,0.125115,0.19,1,2025997,2025567,430
158066441,23.9633,24.4898,429,30454,0.0970229,0.13,1,2026017,2025588,429
158069361,28.7927,28.098,430,30523,0.0914046,0.13,1,2026047,2025617,430
158072281,7.35853,7.21959,430,30592,0.122281,0.21,1,2026049,2025619,430
158075201,27.8717,27.0439,431,30661,0.144456,0.23,1,2026082,2025651,431
158078121,74.3743,74.2088,431,30730,0.244891,0.19,1,2026168,2025737,431
158081041,45.2749,45.2418,431,30799,0.232978,0.15,1,2026206,2025775,431
158083961,57.855,61.0484,427,30868,0.310596,0.07,1,2026267,2025840,427
158086881,41.171,43.4097,425,30937,0.310119,0.11,1,2026304,2025879,425
158089801,78.6342,79.0819,425,31005,0.342024,0.13,1,2026392,2025967,425
158092721,40.5268,39.8164,426,31073,0.316405,0.09,1,2026423,2025997,426
158095641,24.1054,23.9633,426,31141,0.311281,0.09,1,2026443,2026017,426
158098561,29.6211,28.7927,427,31209,0.326256,0.13,1,2026474,2026047,427
158101481,7.52421,7.35853,427,31277,0.329251,0.13,1,2026476,2026049,427
158104401,27.1048,1.47171,459,31345,0.29785,0.15,1,2026508,2026049,459
158107321,79.021,26.6943,518,31413,0.27557,0.27,1,2026600,2026082,518
158110241,46.2042,74.1389,470,31480,0.287114,0.23,1,2026638,2026168,470
158113161,60.4408,45.2278,496,31547,0.321423,0.33,1,2026702,2026206,496
158116081,42.4882,57.8456,473,31614,0.328285,0.31,1,2026740,2026267,473
158119001,78.8976,41.1691,524,31681,0.361657,0.35,1,2026828,2026304,524
158121921,40.5795,78.6338,467,31748,0.400331,0.31,1,2026859,2026392,467
158124841,24.1159,40.5268,456,31815,0.408066,0.31,1,2026879,2026423,456
158127761,28.8232,24.1054,466,31881,0.409613,0.33,1,2026909,2026443,466
158130681,7.36464,29.6211,437,31947,0.425923,0.33,1,2026911,2026474,437
158133601,27.0729,7.52421,467,32013,0.429185,0.29,1,2026943,2026476,467
158136521,78.2146,27.1048,526,32079,0.493837,0.27,1,2027034,2026508,526
158139441,46.8429,79.021,473,32145,0.522767,0.29,1,2027073,2026600,473
158142361,62.1686,46.2042,501,32211,0.576554,0.33,1,2027139,2026638,501
158145281,42.8337,60.4408,475,32277,0.603311,0.33,1,2027177,2026702,475
158148201,81.3667,42.4882,528,32343,0.608662,0.37,1,2027268,2026740,528
158151121,41.8733,78.8976,472,32408,0.657732,0.41,1,2027300,2026828,472
158154041,24.3747,40.5795,461,32473,0.667547,0.41,1,2027320,2026859,461
158156961,29.6749,24.1159,472,32538,0.701509,0.41,1,2027351,2026879,472
158159881,7.53499,28.8232,444,32603,0.708302,0.43,1,2027353,2026909,444
158162801,27.107,7.36464,474,32668,0.70966,0.43,1,2027385,2026911,474
158165721,82.2214,27.0729,538,32733,0.709932,0.51,1,2027481,2026943,538
158168641,18.0443,78.2146,449,32798,0.709986,0.53,1,2027483,2027034,449
158171561,34.8089,46.8429,449,32862,0.773997,0.59,2,2027522,2027073,449
158174481,61.3618,62.1686,451,32926,0.850799,0.61,2,2027590,2027139,451
158177401,43.4724,42.8337,452,32990,0.81816,0.61,2,2027629,2027177,452
158180321,83.0945,81.3667,454,33054,0.843632,0.67,2,2027722,2027268,454
158183241,43.0189,41.8733,455,33118,0.880726,0.67,2,2027755,2027300,455
158186161,24.6038,24.3747,455,33182,0.888145,0.71,2,2027775,2027320,455
158189081,31.3208,29.6749,457,33246,0.873629,0.71,2,2027808,2027351,457
158192001,7.86415,7.53499,457,33310,0.902726,0.71,2,2027810,2027353,457
158194921,27.1728,27.107,457,33373,0.908545,0.71,2,2027842,2027385,457
158197841,83.8346,82.2214,459,33436,0.893709,0.71,2,2027940,2027481,459
158200761,18.3669,18.0443,459,33499,0.906742,0.79,2,2027942,2027483,459
158203681,34.8734,34.8089,459,33562,0.925348,0.87,2,2027981,2027522,459
158340921,38,29,484,36406,0.61,1,1,2029982,2029498,484
158343841,45.2,33,497,36464,0.498,1,1,2030029,2029532,497
158346761,69.04,69.8,493,36522,0.3156,1,1,2030104,2029611,493
158349681,41.008,43.56,490,36580,0.19912,1,1,2030138,2029648,490
158352601,37.8016,30.312,500,36638,0.159824,1,1,2030175,2029675,500
158355521,25.9603,33.2624,489,36696,0.0399648,1,1,2030198,2029709,489
158358441,29.1921,33.0525,486,36754,0.031993,1,1,2030228,2029742,486
158361361,21.0384,29.8105,476,36811,0.0303986,0.92,1,2030247,2029771,476
158364281,49.8077,56.3621,470,36868,0.0940797,1,1,2030304,2029834,470
158367201,36.3615,36.8724,471,36925,0.0428159,0.95,1,2030337,2029866,471
158370121,28.0723,31.3745,467,36982,0.0325632,0.73,1,2030363,2029896,467
158373041,37.6145,44.6749,459,37039,0.0465126,0.61,1,2030403,2029944,459
158375961,36.3229,39.335,457,37096,0.0173025,0.47,1,2030439,2029982,457
158378881,39.2646,45.467,450,37153,0.0434605,0.47,1,2030479,2030029,450
158381801,56.6529,9.0934,511,37210,0.0166921,0.27,1,2030540,2030029,511
158384721,32.1306,61.8187,462,37267,0.0273384,0.17,1,2030566,2030104,462
158387641,32.8261,39.5637,461,37324,0.0774677,0.15,1,2030599,2030138,461
158390561,22.5652,37.5127,444,37381,0.0554935,0.01,1,2030619,2030175,444
158393481,29.313,25.9025,452,37438,0.0510987,0.03,1,2030650,2030198,452
158396401,20.2626,29.1805,440,37494,0.0502197,0.03,1,2030668,2030228,440
158399321,51.2525,21.0361,480,37550,0.0500439,0.11,1,2030727,2030247,480
158402241,35.0505,49.8072,454,37606,0.0500088,0.03,1,2030758,2030304,454
158405161,27.8101,36.3614,447,37662,0.0340018,0.03,1,2030784,2030337,447
158408081,37.562,28.0723,461,37718,0.0468004,0.05,1,2030824,2030363,461
158411001,36.3124,37.6145,457,37774,0.0173601,0.01,1,2030860,2030403,457
158413921,40.8625,36.3229,463,37830,0.059472,0.05,1,2030902,2030439,463
158416841,55.3725,39.2646,482,37886,0.0678944,0.01,1,2030961,2030479,482
158419761,32.6745,56.6529,448,37942,0.0535789,0.03,1,2030988,2030540,448
158422681,33.7349,32.1306,456,37998,0.0827158,0.09,1,2031022,2030566,456
158425601,23.547,32.8261,444,38054,0.152543,0.05,1,2031043,2030599,444
158428521,28.7094,22.5652,454,38110,0.150509,0.05,1,2031073,2030619,454
158431441,18.5419,29.313,439,38165,0.150102,0.05,1,2031089,2030650,439
158434361,52.5084,20.2626,482,38220,0.0700203,0.05,1,2031150,2030668,482
158437281,35.3017,51.2525,454,38275,0.0540041,0.05,1,2031181,2030727,454
158440201,27.0603,35.0505,448,38330,0.0828008,0.03,1,2031206,2030758,448
158443121,36.6121,27.8101,461,38385,0.0725602,0.05,1,2031245,2030784,461
158446041,36.9224,37.562,458,38440,0.054512,0.01,1,2031282,2030824,458
158448961,42.5845,36.3124,466,38495,0.0669024,0.07,1,2031326,2030860,466
158451881,55.7169,40.8625,483,38550,0.0693805,0.07,1,2031385,2030902,483
158454801,32.7434,55.3725,451,38605,0.101876,0.05,1,2031412,2030961,451
158457721,8.14868,32.6745,426,38660,0.108375,0.09,1,2031414,2030988,426
158460641,31.2297,33.7349,429,38715,0.125675,0.17,1,2031451,2031022,429
158463561,22.2459,23.547,428,38770,0.145135,0.15,1,2031471,2031043,428
158466481,29.2492,28.7094,429,38824,0.133027,0.15,1,2031502,2031073,429
158469401,18.6498,18.5419,429,38878,0.146605,0.05,1,2031518,2031089,429
158472321,48.53,52.5084,424,38932,0.117321,0.05,1,2031574,2031150,424
158475241,35.306,35.3017,425,38986,0.143464,0.09,1,2031606,2031181,425
158478161,26.2612,27.0603,424,39040,0.116693,0.07,1,2031630,2031206,424
158481081,38.0522,36.6121,426,39094,0.143339,0.05,1,2031671,2031245,426
158484001,35.6104,36.9224,424,39148,0.180668,0.07,1,2031706,2031282,424
158486921,43.1221,42.5845,425,39202,0.172134,0.07,1,2031751,2031326,425
158489841,55.8244,55.7169,425,39256,0.154427,0.11,1,2031810,2031385,425
158492761,34.3649,32.7434,427,39310,0.134885,0.11,1,2031839,2031412,427
158495681,8.47298,8.14868,427,39364,0.162977,0.13,1,2031841,2031414,427
158498601,32.8946,31.2297,429,39418,0.168595,0.15,1,2031880,2031451,429
158501521,22.5789,22.2459,429,39472,0.201719,0.13,1,2031900,2031471,429
158504441,29.3158,29.2492,429,39526,0.256344,0.15,1,2031931,2031502,429
158507361,18.6632,18.6498,429,39579,0.235269,0.11,1,2031947,2031518,429
158510281,46.9326,48.53,427,39632,0.279054,0.15,1,2032001,2031574,427
158513201,34.9865,35.306,427,39685,0.303811,0.11,1,2032033,2031606,427
158516121,26.1973,26.2612,427,39738,0.276762,0.15,1,2032057,2031630,427
158519041,40.4395,38.0522,430,39791,0.303352,0.19,1,2032101,2031671,430
158521961,36.8879,35.6104,431,39844,0.30867,0.17,1,2032137,2031706,431
158524881,42.5776,43.1221,430,39897,0.277734,0.15,1,2032181,2031751,430
158527801,54.9155,55.8244,429,39950,0.287547,0.13,1,2032239,2031810,429
158530721,33.3831,34.3649,428,40003,0.289509,0.17,1,2032267,2031839,428
158533641,8.27662,8.47298,428,40056,0.337902,0.17,1,2032269,2031841,428
158536561,35.2553,32.8946,431,40109,0.36358,0.17,1,2032311,2031880,431
158539481,23.0511,6.57892,451,40162,0.336716,0.21,1,2032331,2031880,451
158542401,30.2102,17.3158,463,40215,0.315343,0.27,1,2032363,2031900,463
158545321,19.642,28.2632,449,40268,0.343069,0.23,1,2032380,2031931,449
158548241,47.1284,18.4526,487,40320,0.364614,0.29,1,2032434,2031947,487
158551161,35.8257,46.8905,466,40372,0.400923,0.31,1,2032467,2032001,466
158554081,26.3651,34.9781,458,40424,0.408185,0.27,1,2032491,2032033,458
158557001,40.473,26.1956,478,40476,0.409637,0.31,1,2032535,2032057,478
158559921,36.8946,40.4391,470,40528,0.441927,0.31,1,2032571,2032101,470
158562841,43.3789,36.8878,479,40580,0.496385,0.27,1,2032616,2032137,479
158565761,55.0758,42.5776,493,40632,0.507277,0.29,1,2032674,2032181,493
158568681,34.2152,54.9155,464,40684,0.525455,0.29,1,2032703,2032239,464
158571601,8.44303,33.3831,438,40736,0.529091,0.35,1,2032705,2032267,438
158574521,36.0886,8.27662,479,40788,0.545818,0.37,1,2032748,2032269,479
158577441,23.2177,35.2553,457,40840,0.549164,0.33,1,2032768,2032311,457
158580361,30.2435,23.0511,469,40892,0.613833,0.31,1,2032800,2032331,469
158583281,20.4487,30.2102,455,40944,0.642767,0.35,1,2032818,2032363,455
158586201,48.0897,19.642,493,40996,0.680553,0.37,1,2032873,2032380,493
158589121,37.6179,47.1284,474,41047,0.704111,0.41,1,2032908,2032434,474
158592041,26.7236,35.8257,465,41098,0.724822,0.41,1,2032932,2032467,465
158594961,40.5447,26.3651,485,41149,0.728964,0.41,1,2032976,2032491,485
158597881,38.5089,40.473,479,41200,0.769793,0.45,2,2033014,2032535,479
158600801,46.1018,36.8946,491,41251,0.785959,0.51,2,2033062,2032571,491
158603721,55.6204,43.3789,504,41302,0.805192,0.51,2,2033120,2032616,504
158606641,35.1241,55.0758,476,41353,0.809038,0.53,2,2033150,2032674,476
158609561,8.62481,34.2152,449,41404,0.809808,0.53,2,2033152,2032703,449
158612481,36.925,8.44303,491,41455,0.841962,0.55,2,2033196,2032705,491
158615401,23.385,36.0886,468,41506,0.848392,0.55,2,2033216,2032748,468
158618321,6.277,23.2177,450,41557,0.849678,0.63,2,2033218,2032768,450
158621241,29.2554,30.2435,453,41608,0.865936,0.65,2,2033253,2032800,453
158632921,24,24,458,41812,0.91,0.73,2,2033390,2032932,458
158635841,41.6,40,460,41862,0.942,0.78,2,2033436,2032976,460
158638761,38.72,38.4,460,41912,0.9164,0.79,2,2033474,2033014,460
158850461,78,39,464,20544,0.03,0.05,1,2036228,2035764,464
158853381,82,75.8,462,20647,0.03,0.03,1,2036311,2035849,462
158856301,96.4,107.96,446,20750,0.078,0.03,1,2036411,2035965,446
158859221,76.88,66.392,462,20852,0.1036,0.03,1,2036483,2036021,462
158862141,32.976,49.2784,439,20954,0.15672,0.07,1,2036505,2036066,439
158865061,33.7952,25.0557,454,21055,0.135344,0.03,1,2036539,2036085,454
158867981,33.159,57.0111,422,21156,0.147069,0.03,1,2036572,2036150,422
158870901,70.6318,73.8022,424,21256,0.0694138,0.03,1,2036652,2036228,424
158873821,81.3264,81.1604,425,21356,0.0378828,0.09,1,2036736,2036311,425
158876741,97.0653,96.2321,426,21455,0.0795766,0.11,1,2036837,2036411,426
158879661,78.6131,76.8464,428,21554,0.135915,0.17,1,2036911,2036483,428
158882581,33.3226,32.9693,428,21652,0.147183,0.13,1,2036933,2036505,428
158885501,35.4645,33.7939,430,21750,0.149437,0.15,1,2036969,2036539,430
158888421,31.0929,33.1588,427,21848,0.197887,0.05,1,2036999,2036572,427
158891341,67.8186,70.6318,424,21945,0.255577,0.03,1,2037076,2036652,424
158894261,79.9637,81.3264,423,22042,0.267116,0.09,1,2037159,2036736,423
158897181,99.1927,97.0653,426,22138,0.285423,0.15,1,2037263,2036837,426
158900101,81.4386,78.6131,429,22234,0.257085,0.15,1,2037340,2036911,429
158903021,33.8877,33.3226,429,22329,0.251417,0.15,1,2037362,2036933,429
158905941,35.5775,35.4645,429,22424,0.298283,0.21,1,2037398,2036969,429
158908861,31.9155,31.0929,430,22519,0.323657,0.21,1,2037429,2036999,430
158911781,71.1831,6.21858,511,22613,0.328731,0.27,1,2037510,2036999,511
158914701,80.6366,62.8437,517,22707,0.313746,0.27,1,2037593,2037076,517
158917621,98.5273,78.9687,537,22800,0.310749,0.29,1,2037696,2037159,537
158920541,81.3055,98.9938,510,22893,0.34215,0.25,1,2037773,2037263,510
158923461,34.6611,81.3988,456,22986,0.36443,0.25,1,2037796,2037340,456
158926381,35.7322,33.8797,470,23078,0.384886,0.31,1,2037832,2037362,470
158929301,32.7464,35.576,466,23170,0.420977,0.33,1,2037864,2037398,466
158932221,72.9493,31.9152,518,23261,0.428195,0.33,1,2037947,2037429,518
158935141,80.1899,71.183,519,23352,0.493639,0.31,1,2038029,2037510,519
158938061,100.038,80.6366,541,23443,0.602728,0.31,1,2038134,2037593,541
158940981,81.6076,98.5273,515,23533,0.688546,0.35,1,2038211,2037696,515
158943901,35.5215,81.3055,462,23623,0.705709,0.37,1,2038235,2037773,462
158946821,37.5043,34.6611,477,23713,0.709142,0.39,1,2038273,2037796,477
158949741,33.9009,35.7322,474,23802,0.709828,0.43,1,2038306,2037832,474
158952661,73.1802,32.7464,525,23891,0.693966,0.43,1,2038389,2037864,525
158955581,83.436,72.9493,528,23980,0.690793,0.51,1,2038475,2037947,528
158958501,18.2872,80.1899,448,24068,0.690159,0.63,1,2038477,2038029,448
158961421,93.2574,100.038,455,24156,0.802032,0.71,2,2038589,2038134,455
158964341,81.8515,81.6076,457,24244,0.856406,0.71,2,2038668,2038211,457
158967261,35.5703,35.5215,457,24331,0.835281,0.71,2,2038692,2038235,457
158970181,38.3141,37.5043,458,24418,0.847056,0.71,2,2038731,2038273,458
158973101,33.2628,33.9009,457,24505,0.849411,0.69,2,2038763,2038306,457
158976021,72.2526,73.1802,456,24591,0.897882,0.69,2,2038845,2038389,456
158978941,84.0505,83.436,457,24677,0.939576,0.69,2,2038932,2038475,457
159086981,41,32,498,27676,0.65,1,1,2041073,2040575,498
159089901,37,28,507,27753,0.682,1,1,2041109,2040602,507
159092821,31.4,36.8,498,27829,0.6244,1,1,2041139,2040641,498
159095741,32.68,33.76,498,27905,0.48488,1,1,2041172,2040674,498
159098661,52.936,69.952,477,27981,0.312976,0.98,1,2041230,2040753,477
159101581,98.5872,84.3904,499,28057,0.134595,1,1,2041340,2040841,499
159104501,43.7174,44.0781,495,28132,0.114919,0.89,1,2041370,2040875,495
159107421,59.9435,82.4156,467,28207,0.0789838,0.73,1,2041434,2040967,467
159110341,57.5887,68.4831,459,28282,0.135797,0.65,1,2041491,2041032,459
159113261,34.7177,46.4966,447,28357,0.131159,0.65,1,2041520,2041073,447
159116181,35.7435,9.29932,483,28432,0.0662319,0.69,1,2041556,2041073,483
159119101,31.1487,30.6599,477,28506,0.0532464,0.61,1,2041586,2041109,477
159122021,27.0297,30.132,473,28580,0.0826493,0.45,1,2041612,2041139,473
159124941,45.4059,32.4264,490,28654,0.12053,0.27,1,2041662,2041172,490
159127861,91.4812,52.8853,535,28728,0.160106,0.09,1,2041765,2041230,535
159130781,43.0962,98.5771,456,28802,0.216021,0.11,1,2041796,2041340,456
159133701,58.2192,43.7154,488,28876,0.243204,0.07,1,2041858,2041370,488
159136621,58.8438,59.9431,483,28949,0.264641,0.15,1,2041917,2041434,483
159139541,35.7688,57.5886,456,29022,0.268928,0.13,1,2041947,2041491,456
159142461,34.3538,34.7177,461,29095,0.285786,0.05,1,2041981,2041520,461
159145381,29.2708,35.7435,453,29168,0.289157,0.05,1,2042009,2041556,453
159148301,29.8541,31.1487,453,29241,0.369831,0.09,1,2042039,2041586,453
159151221,44.3708,27.0297,475,29313,0.417966,0.13,1,2042087,2041612,475
159154141,94.4742,45.4059,532,29385,0.459593,0.17,1,2042194,2041662,532
159157061,44.4948,91.4812,461,29457,0.467919,0.23,1,2042226,2041765,461
159159981,60.899,43.0962,495,29529,0.469584,0.25,1,2042291,2041796,495
159162901,60.1798,58.2192,493,29601,0.453917,0.27,1,2042351,2041858,493
159165821,36.836,58.8438,465,29673,0.482783,0.27,1,2042382,2041917,465
159168741,34.5672,35.7688,469,29744,0.456557,0.29,1,2042416,2041947,469
159171661,30.1134,34.3538,464,29815,0.435311,0.29,1,2042445,2041981,464
159174581,7.62269,29.2708,438,29886,0.463062,0.39,1,2042447,2042009,438
159177501,27.9245,29.8541,441,29957,0.500612,0.43,1,2042480,2042039,441
159180421,45.5849,44.3708,443,30028,0.524122,0.47,1,2042530,2042087,443
159183341,96.317,94.4742,445,30098,0.528825,0.47,1,2042639,2042194,445
159186261,44.8634,44.4948,445,30168,0.545765,0.47,1,2042671,2042226,445
159189181,60.9727,60.899,445,30238,0.597153,0.45,1,2042736,2042291,445
159192101,59.3945,60.1798,444,30308,0.639431,0.49,1,2042795,2042351,444
159195021,36.6789,36.836,444,30378,0.679886,0.45,1,2042826,2042382,444
159197941,34.5358,34.5672,444,30448,0.671977,0.43,1,2042860,2042416,444
159200861,29.3072,30.1134,443,30518,0.718395,0.47,1,2042888,2042445,443
159203781,7.46143,7.62269,443,30587,0.695679,0.51,1,2042890,2042447,443
159206701,30.2923,27.9245,446,30656,0.707136,0.53,1,2042926,2042480,446
159209621,47.6585,45.5849,448,30725,0.757427,0.53,2,2042978,2042530,448
159212541,97.5317,96.317,449,30794,0.767485,0.55,2,2043088,2042639,449
159215461,45.1063,44.8634,449,30863,0.737497,0.61,1,2043120,2042671,449
159218381,61.8213,60.9727,450,30932,0.747499,0.65,1,2043186,2042736,450
159221301,61.1643,59.3945,452,31000,0.8135,0.69,2,2043247,2042795,452
159224221,38.6328,36.6789,454,31068,0.8427,0.67,2,2043280,2042826,454
159227141,35.7266,34.5358,455,31136,0.86454,0.73,2,2043315,2042860,455
159230061,31.1453,29.3072,457,31204,0.900908,0.69,2,2043345,2042888,457
159232981,7.82906,7.46143,457,31272,0.908182,0.71,2,2043347,2042890,457
159235901,28.7658,30.2923,455,31340,0.909636,0.71,2,2043381,2042926,455
159238821,49.7532,6.05846,510,31408,0.893927,0.77,2,2043436,2042926,510
159241741,97.1506,42.8117,567,31475,0.906785,0.77,2,2043545,2042978,567
159244661,45.0301,96.5623,489,31542,0.925357,0.73,2,2043577,2043088,489
159390661,21,28,500,34737,0.89,1,2,2045789,2045289,500
159393581,32.2,24.8,511,34798,0.842,1,2,2045824,2045313,511
159396501,29.64,30.56,508,34859,0.8324,1,2,2045853,2045345,508
159399421,75.528,33.312,561,34920,0.84648,1,2,2045940,2045379,561
159402341,45.5056,81.0624,506,34981,0.865296,1,2,2045978,2045472,506
159405261,55.5011,37.0125,538,35041,0.917059,1,2,2046036,2045498,538
159746901,36,44,513,41504,0.83,1,2,2050534,2050021,513
159749821,26.4,31.2,509,41555,0.766,1,2,2050558,2050049,509
159752741,33.28,36.64,506,41606,0.6252,1,1,2050593,2050087,506
159755661,37.056,32.128,513,41657,0.53304,1,1,2050631,2050118,513
159758581,32.2112,27.2256,518,41708,0.466608,1,1,2050662,2050144,518
159761501,28.8422,34.2451,510,41759,0.421322,1,1,2050690,2050180,510
159764421,34.5684,34.849,511,41810,0.364264,1,1,2050726,2050215,511
159767341,36.5137,32.5698,516,41860,0.336853,1,1,2050763,2050247,516
159770261,19.3027,33.714,497,41910,0.315371,1,1,2050778,2050281,497
159773181,24.6605,37.1428,485,41960,0.247074,0.99,1,2050804,2050319,485
159776101,30.5321,36.2286,481,42010,0.233415,1,1,2050836,2050355,481
159779021,30.1064,40.0457,470,42060,0.150683,0.95,1,2050866,2050396,470
159781941,59.6213,60.8091,471,42110,0.0541366,0.89,1,2050933,2050462,471
159784861,39.1243,40.9618,469,42160,0.0508273,0.83,1,2050967,2050498,469
159787781,30.2249,36.9924,461,42210,0.0501655,0.75,1,2050995,2050534,461
159790701,22.045,26.5985,457,42260,0.0340331,0.59,1,2051015,2050558,457
159793621,28.409,33.3197,452,42310,0.0308066,0.51,1,2051045,2050593,452
159796541,35.2818,37.0639,451,42360,0.110161,0.45,1,2051082,2050631,451
159799461,28.6564,32.2128,447,42410,0.126032,0.41,1,2051109,2050662,447
159802381,23.3313,28.8426,441,42460,0.0972065,0.35,1,2051131,2050690,441
159805301,35.0663,34.5685,443,42510,0.187441,0.33,1,2051169,2050726,443
159808221,34.2133,36.5137,440,42560,0.141488,0.31,1,2051203,2050763,440
159811141,13.2426,19.3027,433,42610,0.100298,0.23,1,2051211,2050778,433
159814061,23.4485,24.6605,433,42660,0.15606,0.23,1,2051237,2050804,433
159816981,25.4897,30.5321,427,42709,0.151212,0.13,1,2051263,2050836,427
159819901,27.4979,30.1064,425,42758,0.134242,0.03,1,2051291,2050866,425
159822821,57.4996,59.6213,423,42807,0.130848,0.05,1,2051356,2050933,423
159825741,38.6999,39.1243,423,42856,0.14617,0.05,1,2051390,2050967,423
159828661,30.14,30.2249,423,42905,0.165234,0.03,1,2051418,2050995,423
159831581,21.228,22.045,422,42954,0.201047,0.03,1,2051437,2051015,422
159834501,28.2456,28.409,422,43003,0.176209,0.03,1,2051467,2051045,422
159837421,38.4491,5.6818,463,43052,0.0912419,0.13,1,2051508,2051045,463
159840341,29.2898,30.7364,453,43101,0.122248,0.13,1,2051535,2051082,453
159843261,21.858,27.7473,446,43150,0.16045,0.09,1,2051555,2051109,446
159846181,38.7716,23.1495,467,43199,0.16809,0.21,1,2051598,2051131,467
159849101,31.7543,35.0299,459,43248,0.201618,0.13,1,2051628,2051169,459
159852021,12.7509,34.206,433,43297,0.208324,0.09,1,2051636,2051203,433
159854941,26.5502,13.2412,455,43346,0.177665,0.17,1,2051666,2051211,455
159857861,22.11,23.4482,450,43395,0.171533,0.15,1,2051687,2051237,450
159860781,30.822,25.4896,457,43444,0.234307,0.13,1,2051720,2051263,457
159863701,56.5644,27.4979,492,43493,0.230861,0.13,1,2051783,2051291,492
159866621,39.3129,57.4996,462,43542,0.262172,0.15,1,2051818,2051356,462
159869541,31.8626,38.6999,458,43590,0.284434,0.17,1,2051848,2051390,458
159872461,20.7725,30.14,448,43638,0.304887,0.21,1,2051866,2051418,448
159875381,26.5545,21.228,457,43686,0.308977,0.17,1,2051894,2051437,457
159878301,38.1109,28.2456,468,43734,0.309795,0.07,1,2051935,2051467,468
159881221,30.8222,38.4491,456,43782,0.293959,0.13,1,2051964,2051508,456
159884141,22.1644,29.2898,449,43830,0.306792,0.17,1,2051984,2051535,449
159887061,38.8329,21.858,472,43878,0.293358,0.17,1,2052027,2051555,472
159889981,33.3666,38.7716,461,43926,0.306672,0.21,1,2052059,2051598,461
159892901,13.0733,31.7543,439,43974,0.309334,0.21,1,2052067,2051628,439
159895821,25.0147,12.7509,459,44022,0.309867,0.17,1,2052095,2051636,459
159898741,23.4029,26.5502,452,44070,0.293973,0.17,1,2052118,2051666,452
159901661,32.6806,22.11,466,44118,0.322795,0.25,1,2052153,2051687,466
159904581,56.1361,30.822,495,44166,0.360559,0.23,1,2052215,2051720,495
159907501,42.4272,56.5644,471,44214,0.384112,0.27,1,2052254,2051783,471
159910421,32.4854,39.3129,466,44262,0.388822,0.29,1,2052284,2051818,466
159913341,20.8971,31.8626,454,44310,0.373764,0.31,1,2052302,2051848,454
159916261,26.5794,20.7725,464,44358,0.386753,0.31,1,2052330,2051866,464
159919181,38.1159,26.5545,477,44406,0.437351,0.31,1,2052371,2051894,477
159922101,30.0232,38.1109,464,44454,0.44747,0.29,1,2052399,2051935,464
159925021,7.60463,30.8222,437,44501,0.449494,0.31,1,2052401,2051964,437
159927941,17.5209,22.1644,437,44548,0.449899,0.29,1,2052421,2051984,437
159930861,37.1042,38.8329,436,44595,0.49798,0.31,1,2052463,2052027,436
159933781,33.8208,33.3666,437,44642,0.491596,0.31,1,2052496,2052059,437
159936701,13.1642,13.0733,437,44689,0.490319,0.31,1,2052504,2052067,437
159939621,25.0328,25.0147,437,44736,0.506064,0.29,1,2052532,2052095,437
159942541,23.4066,23.4029,437,44783,0.509213,0.33,1,2052555,2052118,437
159945461,34.2813,32.6806,439,44830,0.509843,0.37,1,2052592,2052153,439
159948381,57.2563,56.1361,440,44877,0.541969,0.39,1,2052655,2052215,440
159951301,41.8513,42.4272,439,44924,0.548394,0.39,1,2052693,2052254,439
159954221,33.1703,32.4854,440,44971,0.549679,0.37,1,2052724,2052284,440
159957141,21.0341,20.8971,440,45018,0.581936,0.39,1,2052742,2052302,440
159960061,27.4068,26.5794,441,45065,0.636387,0.45,1,2052771,2052330,441
159962981,40.6814,38.1159,444,45112,0.679277,0.45,1,2052815,2052371,444
159965901,30.5363,30.0232,444,45159,0.687855,0.45,1,2052843,2052399,444
159968821,7.70725,7.60463,444,45206,0.657571,0.45,1,2052845,2052401,444
159971741,17.5415,17.5209,444,45253,0.699514,0.51,1,2052865,2052421,444
159974661,37.9083,37.1042,445,45300,0.739903,0.49,1,2052908,2052463,445
159977581,33.1817,33.8208,444,45347,0.747981,0.49,1,2052940,2052496,444
159980501,13.0363,13.1642,444,45394,0.717596,0.51,1,2052948,2052504,444
159983421,25.8073,25.0328,445,45440,0.759519,0.51,2,2052977,2052532,445
159986341,23.5615,23.4066,445,45486,0.783904,0.51,2,2053000,2052555,445
159989261,35.9123,34.2813,447,45532,0.756781,0.55,2,2053039,2052592,447
159992181,57.5825,57.2563,447,45578,0.831356,0.55,2,2053102,2052655,447
159995101,41.9165,41.8513,447,45624,0.862271,0.55,2,2053140,2052693,447
159998021,34.7833,33.1703,449,45670,0.852454,0.59,2,2053173,2052724,449
160000941,22.1567,21.0341,450,45716,0.834491,0.65,2,2053192,2052742,450
160003861,30.0313,27.4068,453,45762,0.830898,0.69,2,2053224,2052771,453
160006781,42.0063,40.6814,454,45808,0.87818,0.69,2,2053269,2052815,454
160009701,31.6013,30.5363,455,45854,0.903636,0.65,2,2053298,2052843,455
160012621,7.92025,7.70725,455,45900,0.908727,0.71,2,2053300,2052845,455
160015541,17.584,17.5415,455,45946,0.909745,0.71,2,2053320,2052865,455
160018461,38.7168,3.50829,499,45992,0.909949,0.75,2,2053364,2052865,499
160021381,33.3434,35.1017,488,46038,0.92599,0.75,2,2053396,2052908,488
160024301,13.0687,32.6203,464,46084,0.929198,0.71,2,2053404,2052940,464
160027221,26.6137,12.9241,486,46130,0.94584,0.77,2,2053434,2052948,486
160233081,20,10,474,22724,0.69,0.81,1,2055899,2055425,474
160236001,17.6,21.2,467,22817,0.722,0.89,1,2055916,2055449,467
160238921,87.52,59.44,503,22910,0.7124,0.75,1,2056021,2055518,503
160241841,60.704,72.688,481,23003,0.71048,0.71,1,2056075,2055594,481
160244761,77.7408,70.5376,493,23095,0.774096,0.71,2,2056157,2055664,493
160247681,69.9482,65.3075,497,23187,0.802819,0.73,2,2056225,2055728,497
160250601,55.5896,67.4615,481,23278,0.840564,0.77,2,2056277,2055796,481
160253521,73.5179,79.8923,476,23369,0.896113,0.69,2,2056355,2055879,476
160256441,28.3036,31.9785,473,23460,0.923223,0.73,2,2056372,2055899,473
160419961,39,58,480,28072,0.57,1,1,2059659,2059179,480
160422881,55,46,496,28147,0.362,1,1,2059718,2059222,496
160425801,42.2,52.4,481,28222,0.2564,1,1,2059757,2059276,481
160428721,66.04,55.28,497,28297,0.29928,1,1,2059829,2059332,497
160431641,47.608,51.856,489,28372,0.227856,1,1,2059872,2059383,489
160434561,28.7216,10.3712,513,28447,0.165571,1,1,2059896,2059383,513
160437481,52.1443,33.2742,532,28521,0.121114,0.99,1,2059954,2059422,532
160440401,81.6289,57.8548,557,28595,0.0962228,0.85,1,2060043,2059486,557
160443321,40.3258,88.371,491,28669,0.107245,0.69,1,2060073,2059582,491
160446241,36.0652,48.0742,488,28743,0.0454489,0.57,1,2060108,2059620,488
160449161,47.213,40.8148,499,28817,0.0650898,0.31,1,2060158,2059659,499
160452081,37.4426,55.363,475,28890,0.117018,0.23,1,2060193,2059718,475
160455001,61.8885,42.2726,504,28963,0.143404,0.31,1,2060261,2059757,504
160457921,41.9777,66.0545,469,29036,0.132681,0.21,1,2060298,2059829,469
160460841,27.5955,47.6109,450,29109,0.146536,0.15,1,2060322,2059872,450
160463761,51.9191,28.7222,484,29182,0.197307,0.11,1,2060380,2059896,484
160466681,81.5838,52.1444,515,29255,0.255461,0.09,1,2060469,2059954,515
160469601,40.3168,81.6289,456,29327,0.267092,0.11,1,2060499,2060043,456
160472521,32.8634,40.3258,457,29399,0.269418,0.03,1,2060530,2060073,457
160475441,48.1727,36.0652,474,29471,0.285884,0.07,1,2060582,2060108,474
160478361,40.8345,47.213,463,29543,0.321177,0.13,1,2060621,2060158,463
160481281,62.5669,37.4426,496,29615,0.328235,0.15,1,2060689,2060193,496
160484201,41.3134,61.8885,464,29686,0.345647,0.13,1,2060725,2060261,464
160487121,28.2627,41.9777,452,29757,0.333129,0.15,1,2060750,2060298,452
160490041,54.4525,27.5955,489,29828,0.394626,0.21,1,2060811,2060322,489
160492961,12.4905,51.9191,433,29899,0.406925,0.27,1,2060813,2060380,433
160495881,75.2981,81.5838,435,29970,0.473385,0.27,1,2060904,2060469,435
160498801,39.8596,40.3168,436,30041,0.470677,0.27,1,2060935,2060499,436
160501721,31.9719,32.8634,435,30111,0.502135,0.29,1,2060965,2060530,435
160504641,48.7944,48.1727,436,30181,0.524427,0.33,1,2061018,2060582,436
160507561,42.5589,40.8345,438,30251,0.512885,0.33,1,2061059,2060621,438
160510481,62.9118,62.5669,438,30321,0.574577,0.35,1,2061127,2060689,438
160513401,42.1824,41.3134,439,30391,0.554915,0.33,1,2061164,2060725,439
160516321,28.4365,28.2627,439,30461,0.566983,0.41,1,2061189,2060750,439
160519241,56.8873,54.4525,442,30530,0.617397,0.41,1,2061253,2060811,442
160522161,12.9775,12.4905,442,30599,0.659479,0.49,1,2061255,2060813,442
160525081,76.9955,75.2981,444,30668,0.683896,0.47,1,2061348,2060904,444
160528001,40.9991,39.8596,445,30737,0.720779,0.51,1,2061380,2060935,445
160530921,32.9998,31.9719,446,30806,0.712156,0.53,1,2061411,2060965,446
160533841,50.6,48.7944,448,30875,0.758431,0.51,2,2061466,2061018,448
160536761,42.12,42.5589,447,30944,0.767686,0.59,2,2061506,2061059,447
160539681,65.224,62.9118,450,31012,0.817537,0.55,2,2061577,2061127,450
160542601,41.8448,42.1824,449,31080,0.795507,0.57,2,2061613,2061164,449
160545521,29.169,28.4365,450,31148,0.807101,0.63,2,2061639,2061189,450
160548441,59.4338,56.8873,453,31216,0.80942,0.67,2,2061706,2061253,453
160551361,13.4868,12.9775,453,31284,0.841884,0.67,2,2061708,2061255,453
160554281,77.0974,2.59549,546,31352,0.864377,0.69,2,2061801,2061255,546
160557201,42.6195,74.9191,487,31419,0.868875,0.73,2,2061835,2061348,487
160560121,34.9239,40.5838,488,31486,0.853775,0.71,2,2061868,2061380,488
160563041,52.5848,32.9168,514,31553,0.850755,0.77,2,2061925,2061411,514
160565961,42.517,50.5834,499,31620,0.866151,0.77,2,2061965,2061466,499
160568881,66.1034,42.1167,531,31687,0.90123,0.83,2,2062037,2061506,531
160571801,42.8207,65.2233,497,31754,0.940246,0.79,2,2062074,2061577,497
160574721,29.3641,41.8447,487,31821,0.948049,0.81,2,2062100,2061613,487
160703201,40,34,515,34624,0.63,1,1,2064065,2063550,515
160706121,40,49.2,502,34685,0.63,1,1,2064105,2063603,502
160709041,58.4,33.04,536,34746,0.486,1,1,2064168,2063632,536
160711961,42.08,61.808,505,34807,0.3772,1,1,2064206,2063701,505
160714881,38.816,41.1616,507,34868,0.29144,1,1,2064244,2063737,507
160717801,31.7632,35.4323,503,34929,0.226288,0.9,1,2064274,2063771,503
160720721,30.3526,31.8865,502,34990,0.0852576,1,1,2064304,2063802,502
160723641,34.0705,30.3773,507,35050,0.0890515,1,1,2064339,2063832,507
160726561,56.4141,33.2755,535,35110,0.0738103,1,1,2064401,2063866,535
160729481,48.8828,62.6551,512,35170,0.0227621,0.79,1,2064448,2063936,512
160732401,36.1766,52.531,495,35230,0.0285524,0.81,1,2064481,2063986,495
160735321,36.8353,41.7062,493,35290,0.00571048,0.63,1,2064518,2064025,493
160738241,36.9671,40.3412,490,35350,0.0731421,0.63,1,2064555,2064065,490
160741161,52.1934,40.0682,506,35410,0.0706284,0.45,1,2064611,2064105,506
160744081,32.8387,58.4137,471,35470,0.0701257,0.35,1,2064639,2064168,471
160747001,34.5677,42.0827,468,35530,0.102025,0.27,1,2064674,2064206,468
160749921,26.9135,38.8165,455,35589,0.124405,0.21,1,2064699,2064244,455
160752841,30.9827,31.7633,457,35648,0.112881,0.05,1,2064731,2064274,457
160755761,7.79654,30.3527,429,35707,0.110576,0.09,1,2064733,2064304,429
160758681,25.5593,34.0705,424,35766,0.142115,0.07,1,2064763,2064339,424
160761601,53.1119,56.4141,422,35825,0.196423,0.01,1,2064823,2064401,422
160764521,49.0224,48.8828,423,35884,0.175285,0.03,1,2064871,2064448,423
160767441,36.2045,36.1766,423,35943,0.187057,0,1,2064904,2064481,423
160770361,36.0409,36.8353,422,36002,0.141411,0.09,1,2064940,2064518,422
160773281,38.4082,36.9671,424,36061,0.148282,0.07,1,2064979,2064555,424
160776201,53.2816,52.1934,425,36120,0.165656,0.07,1,2065036,2064611,425
160779121,31.4563,32.8387,423,36179,0.169131,0.11,1,2065062,2064639,423
160782041,37.4913,34.5677,427,36237,0.185826,0.13,1,2065101,2064674,427
160784961,28.2983,26.9135,428,36295,0.157165,0.11,1,2065127,2064699,428
160787881,30.4597,30.9827,427,36353,0.199433,0.11,1,2065158,2064731,427
160790801,7.69193,7.79654,427,36411,0.207887,0.15,1,2065160,2064733,427
160793721,29.5384,25.5593,432,36469,0.225577,0.21,1,2065195,2064763,432
160796641,52.3077,53.1119,430,36527,0.213115,0.17,1,2065253,2064823,430
160799561,47.2615,49.0224,428,36585,0.274623,0.19,1,2065299,2064871,428
160802481,36.6523,36.2045,429,36643,0.286925,0.13,1,2065333,2064904,429
160805401,33.7305,36.0409,426,36701,0.305385,0.15,1,2065366,2064940,426
160808321,40.3461,38.4082,429,36759,0.293077,0.17,1,2065408,2064979,429
160811241,54.4692,53.2816,430,36816,0.338615,0.17,1,2065466,2065036,430
160814161,31.6938,31.4563,430,36873,0.347723,0.19,1,2065492,2065062,430
160817081,36.7388,37.4913,429,36930,0.365545,0.15,1,2065530,2065101,429
160820001,28.1478,28.2983,429,36987,0.369109,0.21,1,2065556,2065127,429
160822921,31.2296,30.4597,430,37044,0.369822,0.21,1,2065588,2065158,430
160825841,7.84591,7.69193,430,37101,0.337964,0.23,1,2065590,2065160,430
160828761,30.3692,29.5384,431,37158,0.347593,0.23,1,2065626,2065195,431
160831681,52.4738,5.90768,489,37215,0.413519,0.21,1,2065684,2065195,489
160834601,48.8948,47.5815,479,37272,0.426704,0.29,1,2065732,2065253,479
160837521,36.979,46.3163,467,37329,0.429341,0.29,1,2065766,2065299,467
160840441,34.5958,36.4633,467,37386,0.429868,0.31,1,2065800,2065333,467
160843361,41.3192,33.6927,477,37443,0.445974,0.29,1,2065843,2065366,477
160846281,55.4638,40.3385,494,37499,0.545195,0.35,1,2065902,2065408,494
160849201,31.8928,54.4677,462,37555,0.565039,0.35,1,2065928,2065466,462
160852121,37.5786,31.6935,475,37611,0.585008,0.37,1,2065967,2065492,475
160855041,28.3157,36.7387,463,37667,0.589002,0.37,1,2065993,2065530,463
160857961,31.2631,28.1477,469,37723,0.5898,0.37,1,2066025,2065556,469
160860881,7.85263,31.2295,439,37779,0.58996,0.33,1,2066027,2065588,439
160863801,31.1705,7.84591,474,37835,0.621992,0.35,1,2066064,2065590,474
160866721,55.8341,30.3692,500,37891,0.612398,0.43,1,2066126,2065626,500
160869641,49.5668,52.4738,490,37947,0.61048,0.43,1,2066174,2065684,490
160872561,37.1134,48.8948,476,38003,0.642096,0.43,1,2066208,2065732,476
160875481,35.4227,36.979,477,38059,0.648419,0.43,1,2066243,2065766,477
160878401,41.4845,34.5958,486,38115,0.633684,0.45,1,2066286,2065800,486
160881321,60.2969,41.3192,508,38170,0.646737,0.57,1,2066351,2065843,508
160884241,32.8594,55.4638,475,38225,0.649347,0.57,1,2066377,2065902,475
160887161,38.5719,31.8928,489,38280,0.66587,0.59,1,2066417,2065928,489
160890081,28.5144,37.5786,476,38335,0.701174,0.59,1,2066443,2065967,476
160893001,31.3029,28.3157,482,38390,0.708235,0.59,1,2066475,2065993,482
160895921,7.86057,31.2631,452,38445,0.709647,0.59,1,2066477,2066025,452
160898841,32.7721,7.85263,489,38500,0.709929,0.63,1,2066516,2066027,489
160901761,55.3544,31.1705,513,38555,0.757986,0.61,2,2066577,2066064,513
160904681,49.4709,55.8341,499,38610,0.767597,0.61,2,2066625,2066126,499
160907601,11.4942,49.5668,453,38665,0.769519,0.65,2,2066627,2066174,453
160910521,30.2988,37.1134,454,38720,0.817904,0.65,2,2066662,2066208,454
160913441,34.0598,35.4227,454,38775,0.827581,0.63,2,2066697,2066243,454
160916361,40.412,41.4845,453,38829,0.829516,0.65,2,2066739,2066286,453
160919281,60.8824,60.2969,454,38883,0.845903,0.65,2,2066805,2066351,454
160922201,32.9765,32.8594,454,38937,0.881181,0.67,2,2066831,2066377,454
160925121,39.3953,38.5719,455,38991,0.920236,0.71,2,2066872,2066417,455
161291581,66,81,483,20647,0.05,0.41,1,2071329,2070846,483
161294501,58.8,66.6,477,20750,0.082,0.07,1,2071386,2070909,477
161297421,73.36,106.92,437,20852,0.0564,0.03,1,2071463,2071026,437
161300341,77.072,63.784,462,20954,0.05128,0.05,1,2071541,2071079,462
161303261,30.6144,59.1568,423,21055,0.018256,0.03,1,2071560,2071137,423
161306181,33.3229,21.4314,445,21156,0.0276512,0.03,1,2071594,2071149,445
161309101,81.0646,95.4863,424,21256,0.0455302,0.05,1,2071687,2071263,424
161312021,69.0129,71.8973,424,21356,0.113106,0.09,1,2071753,2071329,424
161314941,61.0026,59.9795,426,21455,0.142621,0.05,1,2071812,2071386,426
161317861,70.6005,73.5959,422,21554,0.148524,0.05,1,2071885,2071463,422
161320781,76.5201,77.1192,422,21652,0.133705,0.01,1,2071963,2071541,422
161323701,30.504,30.6238,422,21750,0.114741,0.03,1,2071982,2071560,422
161326621,34.1008,33.3248,423,21848,0.0629482,0.05,1,2072017,2071594,423
161329541,83.6202,81.065,426,21945,0.0525896,0.13,1,2072113,2071687,426
161332461,69.524,69.013,426,22042,0.0985179,0.15,1,2072179,2071753,426
161335381,63.5048,61.0026,429,22138,0.0757036,0.15,1,2072241,2071812,429
161338301,69.501,70.6005,427,22234,0.0871407,0.13,1,2072312,2071885,427
161341221,77.1002,76.5201,428,22329,0.169428,0.11,1,2072391,2071963,428
161344141,28.22,30.504,425,22424,0.153886,0.05,1,2072407,2071982,425
161347061,31.244,34.1008,422,22519,0.182777,0.05,1,2072439,2072017,422
161349981,84.6488,6.82016,520,22613,0.204555,0.05,1,2072537,2072017,520
161352901,70.5298,78.164,491,22707,0.208911,0.11,1,2072604,2072113,491
161355821,62.906,68.4328,486,22800,0.241782,0.07,1,2072665,2072179,486
161358741,70.1812,63.2866,496,22893,0.280356,0.09,1,2072737,2072241,496
161361661,79.6362,69.4573,507,22986,0.320071,0.19,1,2072819,2072312,507
161364581,28.7272,77.0915,444,23078,0.328014,0.15,1,2072835,2072391,444
161367501,31.3454,28.2183,460,23170,0.329603,0.19,1,2072867,2072407,460
161370421,85.4691,31.2437,527,23261,0.393921,0.21,1,2072966,2072439,527
161373341,73.8938,84.6487,500,23352,0.438784,0.21,1,2073037,2072537,500
161376261,63.5788,70.5297,494,23443,0.463757,0.25,1,2073098,2072604,494
161379181,71.9158,62.9059,507,23533,0.548751,0.29,1,2073172,2072665,507
161382101,81.5832,70.1812,519,23623,0.53375,0.33,1,2073256,2072737,519
161385021,29.1166,79.6362,453,23713,0.53075,0.33,1,2073272,2072819,453
161387941,31.4233,28.7272,469,23802,0.54615,0.33,1,2073304,2072835,469
161390861,88.6847,31.3454,540,23891,0.56523,0.41,1,2073407,2072867,540
161393781,76.1369,85.4691,514,23980,0.617046,0.45,1,2073480,2072966,514
161396701,16.8274,73.8938,445,24068,0.627409,0.47,1,2073482,2073037,445
161399621,52.9655,63.5788,446,24156,0.693482,0.57,1,2073544,2073098,446
161402541,72.9931,71.9158,450,24244,0.738696,0.53,1,2073622,2073172,450
161405461,80.1986,81.5832,448,24331,0.779739,0.53,2,2073704,2073256,448
161408381,28.8397,29.1166,448,24418,0.819948,0.55,2,2073720,2073272,448
161411301,32.9679,31.4233,450,24505,0.84399,0.57,2,2073754,2073304,450
161414221,88.9936,88.6847,450,24591,0.816798,0.63,2,2073857,2073407,450
161417141,78.5987,76.1369,453,24677,0.84336,0.63,2,2073933,2073480,453
161420061,17.3197,16.8274,453,24763,0.848672,0.71,2,2073935,2073482,453
161422981,56.2639,52.9655,457,24849,0.849734,0.75,2,2074001,2073544,457
161425901,75.2528,72.9931,459,24934,0.849947,0.79,2,2074081,2073622,459
161428821,82.2506,80.1986,461,25019,0.897989,0.83,2,2074165,2073704,461
161431741,30.0501,28.8397,462,25104,0.891598,0.85,2,2074182,2073720,462
161434661,34.01,32.9679,463,25188,0.90632,0.81,2,2074217,2073754,463
161545621,36,39,477,28207,0.85,0.98,2,2076368,2075891,477
161548541,61.6,63,476,28282,0.834,1,2,2076436,2075960,476
161551461,46.72,46.2,477,28357,0.8148,1,2,2076479,2076002,477
161554381,61.344,9.24,542,28432,0.74696,0.97,1,2076544,2076002,542
161557301,36.2688,58.648,501,28506,0.701392,1,1,2076574,2076073,501
161560221,38.4538,37.3296,508,28580,0.692278,1,1,2076613,2076105,508
161563141,65.2908,37.8659,542,28654,0.626456,0.93,1,2076685,2076143,542
161566061,75.4582,69.1732,543,28728,0.661291,0.79,1,2076763,2076220,543
161568981,40.6916,80.2346,492,28802,0.636258,0.85,1,2076795,2076303,492
161571901,36.1383,39.2469,498,28876,0.583252,0.85,1,2076830,2076332,498
161574821,62.4277,36.6494,531,28949,0.60465,0.83,1,2076899,2076368,531
161577741,44.4855,61.7299,503,29022,0.56093,0.81,1,2076939,2076436,503
161580661,58.4971,46.746,522,29095,0.584186,0.73,1,2077001,2076479,522
161583581,37.2994,61.3492,489,29168,0.636837,0.69,1,2077033,2076544,489
161586501,34.6599,36.2698,493,29241,0.679367,0.69,1,2077067,2076574,493
161589421,62.932,38.454,524,29313,0.703873,0.61,1,2077137,2076613,524
161592341,74.9864,65.2908,530,29385,0.708775,0.67,1,2077215,2076685,530
161595261,38.9973,75.4582,482,29457,0.725755,0.63,1,2077245,2076763,482
161598181,35.7995,40.6916,485,29529,0.713151,0.57,1,2077280,2076795,485
161601101,63.1599,36.1383,520,29601,0.72663,0.61,1,2077350,2076830,520
161604021,43.032,62.4277,489,29673,0.745326,0.55,1,2077388,2076899,489
161606941,59.0064,44.4855,512,29744,0.813065,0.59,2,2077451,2076939,512
161609861,39.8013,58.4971,485,29815,0.810613,0.65,2,2077486,2077001,485
161612781,9.56026,37.2994,455,29886,0.810123,0.69,2,2077488,2077033,455
161615701,30.7121,34.6599,457,29957,0.858025,0.71,2,2077524,2077067,457
161618621,62.1424,62.932,457,30028,0.867605,0.71,2,2077594,2077137,457
161621541,75.6285,74.9864,458,30098,0.933521,0.73,2,2077673,2077215,458
161624461,39.1257,38.9973,458,30168,0.930704,0.71,2,2077703,2077245,458
161752941,37,46,491,33114,0.67,1,1,2079757,2079266,491
161755861,49.8,53.2,489,33178,0.526,1,1,2079810,2079321,489
161758781,53.96,54.64,489,33242,0.3852,1,1,2079865,2079376,489
161761701,37.192,29.328,499,33306,0.32504,1,1,2079898,2079399,499
161764621,23.4384,34.6656,483,33370,0.265008,0.91,1,2079918,2079435,483
161767541,51.0877,46.1331,492,33433,0.109002,1,1,2079976,2079484,492
161770461,23.0175,32.4266,479,33496,0.0618003,1,1,2079992,2079513,479
161773381,33.4035,38.4853,475,33559,0.0683601,0.97,1,2080028,2079553,475
161776301,47.4807,55.6971,466,33622,0.037672,0.95,1,2080079,2079613,466
161779221,38.2961,39.1394,467,33685,0.0635344,0.71,1,2080115,2079648,467
161782141,54.8592,65.4279,454,33748,0.0687069,0.67,1,2080174,2079720,454
161785061,38.9718,42.6856,452,33811,0.0537414,0.49,1,2080209,2079757,452
161787981,45.3944,50.9371,446,33874,0.0507483,0.35,1,2080256,2079810,446
161790901,47.4789,54.1874,439,33936,0.0821497,0.31,1,2080304,2079865,439
161793821,33.4958,37.2375,436,33998,0.0884299,0.25,1,2080334,2079898,436
161796741,19.4992,23.4475,432,34060,0.137686,0.07,1,2080350,2079918,432
161799661,47.0998,51.0895,428,34122,0.147537,0.05,1,2080404,2079976,428
161802581,18.22,23.0179,423,34184,0.165507,0.07,1,2080415,2079992,423
161805501,32.444,33.4036,423,34246,0.0731015,0.07,1,2080451,2080028,423
161808421,45.6888,6.68072,472,34308,0.0706203,0.03,1,2080500,2080028,472
161811341,40.3378,42.1361,460,34370,0.0541241,0.07,1,2080539,2080079,460
161814261,54.4676,37.2272,482,34432,0.146825,0.07,1,2080597,2080115,482
161817181,38.8935,54.6454,458,34493,0.149365,0.05,1,2080632,2080174,458
161820101,45.3787,38.9291,470,34554,0.181873,0.05,1,2080679,2080209,470
161823021,49.0757,45.3858,473,34615,0.188375,0.09,1,2080729,2080256,473
161825941,34.6151,47.4772,456,34676,0.189675,0.09,1,2080760,2080304,456
161828861,19.723,33.4954,442,34737,0.189935,0.15,1,2080776,2080334,442
161831781,48.7446,19.4991,482,34798,0.221987,0.15,1,2080832,2080350,482
161834701,17.7489,47.0998,438,34859,0.228397,0.17,1,2080842,2080404,438
161837621,27.5498,18.22,457,34920,0.229679,0.05,1,2080872,2080415,457
161840541,44.71,32.444,470,34981,0.197936,0.07,1,2080921,2080451,470
161843461,40.942,45.6888,461,35041,0.191587,0.05,1,2080961,2080500,461
161846381,60.1884,40.3378,487,35101,0.190317,0.17,1,2081026,2080539,487
161849301,39.2377,54.4676,463,35161,0.206063,0.15,1,2081060,2080597,463
161852221,47.0475,38.8935,477,35221,0.193213,0.19,1,2081109,2080632,477
161855141,50.2095,45.3787,481,35281,0.238643,0.19,1,2081160,2080679,481
161858061,34.0419,49.0757,461,35341,0.215729,0.19,1,2081190,2080729,461
161860981,19.6084,34.6151,446,35401,0.211146,0.19,1,2081206,2080760,446
161863901,50.3217,19.723,488,35461,0.226229,0.23,1,2081264,2080776,488
161866821,18.0643,48.7446,442,35521,0.245246,0.23,1,2081274,2080832,442
161869741,26.0129,17.7489,460,35581,0.265049,0.23,1,2081302,2080842,460
161872661,44.4026,27.5498,479,35640,0.30101,0.19,1,2081351,2080872,479
161875581,10.4805,44.71,432,35699,0.308202,0.19,1,2081353,2080921,432
161878501,34.0961,40.942,432,35758,0.30964,0.19,1,2081393,2080961,432
161881421,58.8192,60.1884,432,35817,0.341928,0.21,1,2081458,2081026,432
161884341,38.9638,39.2377,432,35876,0.348386,0.19,1,2081492,2081060,432
161887261,46.9928,47.0475,432,35935,0.397677,0.25,1,2081541,2081109,432
161890181,50.1986,50.2095,432,35994,0.407535,0.21,1,2081592,2081160,432
161893101,34.0397,34.0419,432,36053,0.441507,0.21,1,2081622,2081190,432
161896021,19.6079,19.6084,432,36112,0.416301,0.23,1,2081638,2081206,432
161898941,51.9216,50.3217,434,36171,0.41126,0.25,1,2081698,2081264,434
161901861,18.3843,18.0643,434,36229,0.410252,0.27,1,2081708,2081274,434
161904781,26.8769,26.0129,435,36287,0.39405,0.31,1,2081737,2081302,435
161907701,46.1754,44.4026,437,36345,0.43881,0.31,1,2081788,2081351,437
161910621,10.8351,10.4805,437,36403,0.447762,0.31,1,2081790,2081353,437
161913541,34.167,34.0961,437,36461,0.417552,0.35,1,2081830,2081393,437
161916461,58.8334,58.8192,437,36519,0.459511,0.35,1,2081895,2081458,437
161919381,39.7667,38.9638,438,36577,0.531902,0.41,1,2081930,2081492,438
161922301,48.7533,46.9928,440,36635,0.61038,0.41,1,2081981,2081541,440
161925221,52.1507,50.1986,442,36693,0.658076,0.45,1,2082034,2081592,442
161928141,34.4301,34.0397,442,36751,0.667615,0.41,1,2082064,2081622,442
161931061,19.686,19.6079,442,36809,0.701523,0.41,1,2082080,2081638,442
161933981,51.9372,51.9216,442,36866,0.692305,0.41,1,2082140,2081698,442
161936901,18.3874,18.3843,442,36923,0.690461,0.39,1,2082150,2081708,442
161939821,26.0775,26.8769,441,36980,0.706092,0.45,1,2082178,2081737,441
161942741,46.8155,46.1754,442,37037,0.725218,0.45,1,2082230,2081788,442
161945661,10.9631,10.8351,442,37094,0.761044,0.41,2,2082232,2081790,442
161948581,34.1926,34.167,442,37151,0.752209,0.41,2,2082272,2081830,442
161951501,60.4385,6.8334,509,37208,0.750442,0.47,2,2082339,2081830,509
161954421,43.2877,53.3667,483,37265,0.766088,0.55,2,2082378,2081895,483
161957341,52.6575,38.6733,503,37322,0.801218,0.63,2,2082433,2081930,503
161960261,54.5315,48.5347,507,37379,0.872244,0.67,2,2082488,2081981,507
161963181,34.9063,52.1069,484,37436,0.918449,0.67,2,2082518,2082034,484
161966101,19.7813,34.4214,470,37492,0.92769,0.71,2,2082534,2082064,470
161969021,52.7563,19.6843,515,37548,0.913538,0.69,2,2082595,2082080,515
161971941,18.5512,51.9369,465,37604,0.910708,0.69,2,2082605,2082140,465
161974861,26.9103,18.3874,484,37660,0.926142,0.71,2,2082634,2082150,484
161977781,47.7821,26.0775,509,37716,0.929228,0.73,2,2082687,2082178,509
161980701,11.1564,46.8155,459,37772,0.929846,0.77,2,2082689,2082230,459
161983621,35.0313,10.9631,498,37828,0.945969,0.75,2,2082730,2082232,498
162132541,27,22,503,40578,0.91,1,2,2084634,2084131,503
162135461,53.4,23.6,539,40630,0.862,1,2,2084694,2084155,539
162138381,49.88,59.12,520,40682,0.6604,1,1,2084743,2084223,520
162141301,35.576,50.224,504,40734,0.49208,1,1,2084775,2084271,504
162144221,36.7152,30.8448,515,40786,0.346416,1,1,2084812,2084297,515
162147141,37.743,39.769,511,40838,0.237283,1,1,2084850,2084339,511
162150061,37.1486,41.5538,506,40890,0.0874566,1,1,2084887,2084381,506
162152981,29.0297,31.5108,504,40942,0.0574913,1,1,2084914,2084410,504
162155901,41.0059,25.5022,524,40994,0.0514983,0.96,1,2084958,2084434,524
162158821,32.2012,38.7004,512,41045,0.0182997,1,1,2084988,2084476,512
162161741,30.4402,29.3401,515,41096,0.0116599,1,1,2085018,2084503,515
162164661,34.088,25.868,525,41147,0.010332,0.89,1,2085053,2084528,525
162167581,25.2176,45.9736,497,41198,0.0420664,0.91,1,2085076,2084579,497
162170501,23.4435,31.5947,492,41249,0.0164133,0.91,1,2085099,2084607,492
162173421,47.8887,27.9189,519,41300,0.0272827,0.85,1,2085153,2084634,519
162176341,39.1777,53.5838,496,41351,0.0454565,0.61,1,2085190,2084694,496
162179261,26.2355,49.9168,470,41402,0.0490913,0.45,1,2085213,2084743,470
162182181,30.8471,35.5834,470,41453,0.0978183,0.31,1,2085245,2084775,470
162185101,32.5694,36.7167,466,41504,0.0755636,0.21,1,2085278,2084812,466
162188021,8.11388,37.7433,430,41555,0.0711127,0.05,1,2085280,2084850,430
162190941,27.2228,37.1487,425,41606,0.118223,0.05,1,2085312,2084887,425
162193861,24.6446,29.0297,422,41657,0.0636445,0.05,1,2085336,2084914,422
162196781,42.5289,41.0059,425,41708,0.0847289,0.01,1,2085383,2084958,425
162199701,32.5058,32.2012,425,41759,0.0569458,0.01,1,2085413,2084988,425
162202621,28.1012,30.4402,422,41810,0.0353892,0.01,1,2085440,2085018,422
162205541,34.4202,34.088,423,41860,0.0310778,0.05,1,2085476,2085053,423
162208461,24.484,25.2176,422,41910,0.0622156,0.01,1,2085498,2085076,422
162211381,23.2968,23.4435,422,41960,0.0364431,0.03,1,2085521,2085099,422
162214301,49.4594,47.8887,424,42010,0.0472886,0.05,1,2085577,2085153,424
162217221,39.4919,39.1777,424,42060,0.0494577,0.05,1,2085614,2085190,424
162220141,27.0984,26.2355,425,42110,0.0818915,0.11,1,2085638,2085213,425
162223061,31.0197,30.8471,425,42160,0.0883783,0.07,1,2085670,2085245,425
162225981,32.6039,32.5694,425,42210,0.121676,0.07,1,2085703,2085278,425
162228901,8.12079,8.11388,425,42260,0.0963351,0.13,1,2085705,2085280,425
162231821,26.4242,27.2228,424,42310,0.091267,0.05,1,2085736,2085312,424
162234741,22.8848,24.6446,422,42360,0.138253,0.09,1,2085758,2085336,422
162237661,43.777,42.5289,424,42410,0.0996507,0.05,1,2085807,2085383,424
162240581,32.7554,32.5058,424,42460,0.0919301,0.03,1,2085837,2085413,424
162243501,26.5511,28.1012,422,42510,0.090386,0.03,1,2085862,2085440,422
162246421,34.1102,34.4202,422,42560,0.0420772,0.07,1,2085898,2085476,422
162249341,25.222,24.484,423,42610,0.0644154,0.03,1,2085921,2085498,423
162252261,22.6444,23.2968,422,42660,0.0688831,0.05,1,2085943,2085521,422
162255181,50.9289,49.4594,424,42709,0.0537766,0.05,1,2086001,2085577,424
162258101,39.7858,39.4919,424,42758,0.0987553,0.09,1,2086038,2085614,424
162261021,27.1572,27.0984,424,42807,0.107751,0.09,1,2086062,2085638,424
162263941,31.0314,31.0197,424,42856,0.10955,0.13,1,2086094,2085670,424
162266861,35.0063,32.6039,427,42905,0.14191,0.09,1,2086130,2085703,427
162269781,8.60126,8.12079,427,42954,0.148382,0.09,1,2086132,2085705,427
162272701,25.7203,26.4242,426,43003,0.181676,0.09,1,2086162,2085736,426
162275621,22.7441,5.28483,448,43052,0.156335,0.15,1,2086184,2085736,448
162278541,42.9488,18.657,474,43101,0.167267,0.09,1,2086232,2085758,474
162281461,31.7898,42.9314,454,43150,0.185453,0.09,1,2086261,2085807,454
162284381,26.358,32.5863,449,43199,0.189091,0.09,1,2086286,2085837,449
162287301,31.6716,26.5173,457,43248,0.221818,0.03,1,2086319,2085862,457
162290221,25.5343,34.1035,445,43297,0.228364,0.07,1,2086343,2085898,445
162293141,22.7069,25.2207,444,43346,0.261673,0.07,1,2086365,2085921,444
162296061,51.7414,22.6441,481,43395,0.268335,0.05,1,2086424,2085943,481
162298981,42.3483,50.9288,463,43444,0.237667,0.11,1,2086464,2086001,463
162301901,27.6697,39.7858,450,43493,0.247533,0.11,1,2086488,2086038,450
162304821,31.1339,27.1572,458,43542,0.265507,0.11,1,2086520,2086062,458
162307741,35.8268,31.0314,463,43590,0.253101,0.15,1,2086557,2086094,463
162310661,8.76536,35.0063,429,43638,0.28262,0.15,1,2086559,2086130,429
162313581,26.5531,8.60126,458,43686,0.272524,0.19,1,2086590,2086132,458
162316501,22.9106,25.7203,450,43734,0.302505,0.15,1,2086612,2086162,450
162319421,43.7821,22.7441,477,43782,0.324501,0.17,1,2086661,2086184,477
162322341,32.7564,42.9488,459,43830,0.3449,0.19,1,2086691,2086232,459
162325261,28.1513,31.7898,457,43878,0.33298,0.19,1,2086718,2086261,457
162328181,32.0303,26.358,465,43926,0.346596,0.23,1,2086751,2086286,465
162331101,25.6061,31.6716,456,43974,0.381319,0.23,1,2086775,2086319,456
162334021,24.3212,25.5343,456,44022,0.356264,0.27,1,2086799,2086343,456
162336941,52.0642,22.7069,493,44070,0.335253,0.27,1,2086858,2086365,493
162339861,41.6128,51.7414,473,44118,0.347051,0.23,1,2086897,2086424,473
162342781,28.3226,42.3483,458,44166,0.33341,0.25,1,2086922,2086464,458
162345701,31.2645,27.6697,466,44214,0.298682,0.27,1,2086954,2086488,466
162348621,35.0529,31.1339,470,44262,0.307736,0.25,1,2086990,2086520,470
162351541,8.61058,35.8268,435,44310,0.309547,0.29,1,2086992,2086557,435
162354461,28.9221,8.76536,467,44358,0.325909,0.27,1,2087026,2086559,467
162357381,23.3844,26.5531,458,44406,0.377182,0.31,1,2087048,2086590,458
162360301,44.6769,22.9106,486,44454,0.387436,0.33,1,2087098,2086612,486
162363221,10.5354,43.7821,439,44501,0.389487,0.35,1,2087100,2086661,439
162366141,26.1071,32.7564,439,44548,0.437897,0.33,1,2087130,2086691,439
162369061,27.6214,28.1513,440,44595,0.415579,0.35,1,2087158,2086718,440
162371981,31.9243,32.0303,440,44642,0.411116,0.39,1,2087191,2086751,440
162374901,26.3849,25.6061,441,44689,0.426223,0.35,1,2087216,2086775,441
162377821,22.877,24.3212,439,44736,0.397245,0.33,1,2087238,2086799,439
162380741,50.9754,52.0642,438,44783,0.455449,0.35,1,2087296,2086858,438
162383661,40.5951,41.6128,437,44830,0.45109,0.33,1,2087334,2086897,437
162386581,27.319,28.3226,436,44877,0.466218,0.29,1,2087358,2086922,436
162389501,31.0638,31.2645,436,44924,0.517244,0.31,1,2087390,2086954,436
162392421,36.6128,35.0529,438,44971,0.543449,0.31,1,2087428,2086990,438
162395341,8.92255,8.61058,438,45018,0.54869,0.33,1,2087430,2086992,438
162398261,29.7845,28.9221,439,45065,0.565738,0.39,1,2087465,2087026,439
162401181,25.1569,23.3844,441,45112,0.601148,0.39,1,2087489,2087048,441
162404101,45.8314,44.6769,442,45159,0.624229,0.39,1,2087540,2087098,442
162407021,10.7663,10.5354,442,45206,0.628846,0.45,1,2087542,2087100,442
162409941,26.1533,26.1071,442,45253,0.629769,0.41,1,2087572,2087130,442
162412861,26.0307,27.6214,440,45300,0.645954,0.41,1,2087598,2087158,440
162415781,31.6061,31.9243,440,45347,0.665191,0.43,1,2087631,2087191,440
162418701,27.1212,26.3849,441,45394,0.701038,0.39,1,2087657,2087216,441
162421621,23.0242,22.877,441,45440,0.724208,0.47,1,2087679,2087238,441
162424541,52.6048,50.9754,443,45486,0.744842,0.45,1,2087739,2087296,443
162427461,42.521,40.5951,445,45532,0.780968,0.47,2,2087779,2087334,445
162430381,28.5042,27.319,446,45578,0.804194,0.53,2,2087804,2087358,446
162433301,31.3008,31.0638,446,45624,0.808839,0.55,2,2087836,2087390,446
162436221,39.0602,36.6128,449,45670,0.825768,0.55,2,2087877,2087428,449
162439141,9.41203,8.92255,449,45716,0.829154,0.57,2,2087879,2087430,449
162442061,30.6824,29.7845,450,45762,0.861831,0.61,2,2087915,2087465,450
162444981,26.1365,25.1569,451,45808,0.900366,0.63,2,2087940,2087489,451
162447901,46.0273,45.8314,451,45854,0.908073,0.63,2,2087991,2087540,451
162450821,10.8055,10.7663,451,45900,0.941615,0.63,2,2087993,2087542,451
162704861,94,82,510,22817,0.49,1,1,2090784,2090274,510
162707781,62.8,62.8,507,22910,0.474,0.85,1,2090839,2090332,507
162710701,70.96,78.96,497,23003,0.4388,0.77,1,2090912,2090415,497
162713621,59.792,74.992,480,23095,0.47976,0.53,1,2090969,2090489,480
162716541,51.9584,66.9984,465,23187,0.519952,0.51,1,2091019,2090554,465
162719461,36.7917,41.3997,463,23278,0.52799,0.49,1,2091052,2090589,463
162722381,73.7583,33.0799,515,23369,0.577598,0.51,1,2091135,2090620,515
162725301,93.1517,62.616,543,23460,0.58752,0.49,1,2091233,2090690,543
162728221,58.6303,87.7232,499,23550,0.605504,0.47,1,2091283,2090784,499
162731141,70.1261,61.5446,517,23640,0.657101,0.43,1,2091356,2090839,517
162734061,60.4252,70.7089,502,23730,0.68342,0.49,1,2091414,2090912,502
162736981,52.085,59.7418,495,23819,0.704684,0.53,1,2091464,2090969,495
162739901,38.417,51.9484,480,23908,0.740937,0.53,1,2091499,2091019,480
162742821,9.2834,36.7897,449,23997,0.748187,0.59,1,2091501,2091052,449
162745741,69.8567,73.7579,451,24085,0.781637,0.59,2,2091586,2091135,451
162748661,92.3713,93.1516,451,24173,0.820328,0.61,2,2091684,2091233,451
162751581,59.2743,58.6303,452,24261,0.860065,0.67,2,2091735,2091283,452
162754501,72.6549,70.1261,455,24348,0.900013,0.69,2,2091811,2091356,455
162935541,79,37,546,29255,0.75,1,2,2095276,2094730,546
162938461,46.2,71.4,504,29327,0.702,1,1,2095314,2094810,504
162941381,50.04,43.88,518,29399,0.6124,1,1,2095365,2094847,518
162944301,34.808,39.976,510,29471,0.49848,0.99,1,2095396,2094886,510
162947221,67.7616,38.3952,548,29543,0.507696,0.98,1,2095472,2094924,548
162950141,56.7523,65.279,530,29615,0.525539,1,1,2095526,2094996,530
162953061,39.3505,61.0558,505,29686,0.529108,1,1,2095561,2095056,505
162955981,59.0701,43.4112,530,29757,0.545822,0.86,1,2095625,2095095,530
162958901,38.214,60.6822,498,29828,0.533164,0.81,1,2095658,2095160,498
162961821,9.2428,41.7364,463,29899,0.530633,0.75,1,2095660,2095197,463
162964741,57.8486,71.5473,454,29970,0.578127,0.69,1,2095730,2095276,454
162967661,40.3697,44.7095,452,30041,0.603625,0.59,1,2095766,2095314,452
162970581,44.0739,49.7419,446,30111,0.640725,0.47,1,2095811,2095365,446
162973501,32.0148,34.7484,444,30181,0.664145,0.51,1,2095840,2095396,444
162976421,68.003,67.7497,445,30251,0.700829,0.53,1,2095917,2095472,445
162979341,60.0006,56.7499,449,30321,0.740166,0.53,1,2095975,2095526,449
162982261,39.2001,39.35,448,30391,0.780033,0.55,2,2096009,2095561,448
162985181,59.84,59.07,449,30461,0.836007,0.53,2,2096074,2095625,449
162988101,35.968,38.214,446,30530,0.831201,0.53,2,2096104,2095658,446
162991021,8.7936,9.2428,446,30599,0.83024,0.59,2,2096106,2095660,446
162993941,60.9587,57.8486,450,30668,0.862048,0.61,2,2096180,2095730,450
162996861,42.5917,40.3697,452,30737,0.83641,0.65,2,2096218,2095766,452
162999781,46.1184,44.0739,454,30806,0.815282,0.67,2,2096265,2095811,454
163002701,31.6237,32.0148,453,30875,0.811056,0.71,2,2096293,2095840,453
163005621,70.3247,68.003,456,30944,0.890211,0.75,2,2096373,2095917,456
163008541,62.8649,60.0006,459,31012,0.874042,0.79,2,2096434,2095975,459
163011461,41.373,39.2001,461,31080,0.870808,0.85,2,2096470,2096009,461
163014381,61.0746,59.84,462,31148,0.902162,0.83,2,2096536,2096074,462
163017301,37.0149,35.968,463,31216,0.940432,0.83,2,2096567,2096104,463
163020221,9.00298,8.7936,463,31284,0.916086,0.83,2,2096569,2096106,463
163157461,29,0,517,34317,0.81,1,2,2098688,2098171,517
163160381,57,25.6,549,34379,0.73,1,1,2098752,2098203,549
163163301,46.6,61.12,523,34441,0.634,1,1,2098796,2098273,523
163166221,45.32,57.024,512,34502,0.5188,1,1,2098841,2098329,512
163169141,71.464,46.6048,546,34563,0.30376,1,1,2098919,2098373,546
163172061,40.6928,63.721,511,34624,0.228752,1,1,2098952,2098441,511
163174981,31.3386,41.5442,504,34685,0.22975,1,1,2098981,2098477,504
163177901,35.8677,34.7088,508,34746,0.19795,0.91,1,2099018,2098510,508
163180821,44.7735,38.9418,515,34807,0.25559,0.95,1,2099065,2098550,515
163183741,34.5547,46.1884,499,34868,0.219118,0.93,1,2099097,2098598,499
163186661,26.9109,36.4377,490,34929,0.211824,0.81,1,2099122,2098632,490
163189581,25.3822,28.8875,488,34990,0.242365,0.81,1,2099147,2098659,488
163192501,53.8764,28.9775,520,35050,0.280473,0.71,1,2099208,2098688,520
163195421,39.5753,56.9955,492,35110,0.288095,0.61,1,2099244,2098752,492
163198341,37.5151,46.5991,485,35170,0.305619,0.49,1,2099281,2098796,485
163201261,63.503,45.3198,510,35230,0.341124,0.25,1,2099351,2098841,510
163204181,41.5006,71.464,468,35290,0.364225,0.21,1,2099387,2098919,468
163207101,29.1001,40.6928,461,35350,0.400845,0.23,1,2099413,2098952,461
163210021,35.42,31.3386,469,35410,0.376169,0.19,1,2099450,2098981,469
163212941,44.684,35.8677,479,35470,0.387234,0.27,1,2099497,2099018,479
163215861,33.7368,44.7735,463,35530,0.389447,0.21,1,2099528,2099065,463
163218781,26.7474,34.5547,456,35589,0.453889,0.21,1,2099553,2099097,456
163221701,26.9495,26.9109,458,35648,0.450778,0.25,1,2099580,2099122,458
163224621,6.98989,25.3822,435,35707,0.450156,0.29,1,2099582,2099147,435
163227541,52.598,53.8764,438,35766,0.466031,0.29,1,2099646,2099208,438
163230461,36.1196,39.5753,434,35825,0.501206,0.31,1,2099678,2099244,434
163233381,39.2239,37.5151,437,35884,0.556241,0.35,1,2099718,2099281,437
163236301,63.8448,63.503,437,35943,0.567248,0.37,1,2099788,2099351,437
163239221,45.569,41.5006,442,36002,0.58545,0.41,1,2099829,2099387,442
163242141,29.9138,29.1001,442,36061,0.58909,0.37,1,2099855,2099413,442
163245061,33.9828,35.42,440,36120,0.605818,0.39,1,2099890,2099450,440
163247981,45.1966,44.684,441,36179,0.641164,0.39,1,2099938,2099497,441
163250901,34.6393,33.7368,442,36237,0.680233,0.47,1,2099970,2099528,442
163253821,29.3279,26.7474,445,36295,0.672047,0.45,1,2099998,2099553,445
163256741,26.6656,26.9495,444,36353,0.686409,0.45,1,2100024,2099580,444
163259661,6.93311,6.98989,444,36411,0.689282,0.47,1,2100026,2099582,444
163262581,53.3866,52.598,445,36469,0.705856,0.51,1,2100091,2099646,445
163265501,38.6773,36.1196,448,36527,0.709171,0.57,1,2100126,2099678,448
163268421,39.7355,39.2239,448,36585,0.725834,0.57,1,2100166,2099718,448
163271341,63.9471,63.8448,448,36643,0.729167,0.59,1,2100236,2099788,448
163274261,47.1894,45.569,450,36701,0.729833,0.59,1,2100279,2099829,450
163277181,31.0379,29.9138,451,36759,0.697967,0.61,1,2100306,2099855,451
163280101,35.8076,33.9828,453,36816,0.707593,0.65,1,2100343,2099890,453
163283021,47.1615,45.1966,455,36873,0.709519,0.69,1,2100393,2099938,455
163285941,36.6323,34.6393,457,36930,0.757904,0.67,2,2100427,2099970,457
163288861,28.1265,29.3279,455,36987,0.783581,0.69,2,2100453,2099998,455
163291781,27.2253,26.6656,456,37044,0.772716,0.69,2,2100480,2100024,456
163294701,7.04506,6.93311,456,37101,0.802543,0.71,2,2100482,2100026,456
163297621,54.209,53.3866,457,37158,0.840509,0.71,2,2100548,2100091,457
163300541,36.4418,10.6773,489,37215,0.832102,0.71,2,2100580,2100091,489
163303461,40.0884,30.1355,495,37272,0.89442,0.73,2,2100621,2100126,495
163306381,64.0177,38.0271,525,37329,0.906884,0.73,2,2100691,2100166,525
163309301,47.2035,63.6054,498,37386,0.893377,0.73,2,2100734,2100236,498
163312221,31.0407,47.1211,482,37443,0.874675,0.69,2,2100761,2100279,482
163315141,36.6081,31.0242,493,37499,0.870935,0.71,2,2100799,2100306,493
163318061,45.7216,35.8048,504,37555,0.902187,0.71,2,2100847,2100343,504
163320981,38.7443,47.161,491,37611,0.924437,0.77,2,2100884,2100393,491
163323901,29.3489,36.6322,484,37667,0.928887,0.79,2,2100911,2100427,484
163458221,42,50,513,40166,0.87,1,2,2102639,2102126,513
163461141,42,42.8,514,40219,0.678,1,1,2102681,2102167,514
163464061,32.4,32.56,514,40271,0.5596,1,1,2102711,2102197,514
163466981,41.68,32.112,526,40323,0.37592,1,1,2102755,2102229,526
163469901,37.936,47.2224,512,40375,0.211184,1,1,2102792,2102280,512
163472821,36.3872,34.2445,517,40427,0.114237,1,1,2102828,2102311,517
163475741,31.2774,38.8489,507,40479,0.0468474,1,1,2102858,2102351,507
163478661,38.2555,32.5698,516,40531,0.0333695,1,1,2102898,2102382,516
163481581,31.6511,33.714,512,40583,0.0626739,1,1,2102928,2102416,512
163484501,29.5302,32.3428,509,40635,0.100535,1,1,2102957,2102448,509
163487421,33.106,36.8686,505,40687,0.028107,1,1,2102991,2102486,505
163490341,37.8212,33.7737,511,40739,0.0456214,0.89,1,2103030,2102519,511
163493261,34.7642,42.7547,500,40791,0.0491243,0.78,1,2103064,2102564,500
163496181,34.1528,34.9509,501,40843,0.0978249,0.87,1,2103098,2102597,501
163499101,31.6306,40.5902,490,40895,0.139565,0.63,1,2103129,2102639,490
163502021,27.1261,41.718,474,40947,0.147913,0.53,1,2103155,2102681,474
163504941,32.6252,32.3436,478,40999,0.0855826,0.33,1,2103189,2102711,478
163507861,32.925,41.6687,467,41050,0.137117,0.17,1,2103222,2102755,467
163510781,30.585,37.9337,460,41101,0.179423,0.09,1,2103252,2102792,460
163513701,30.117,36.3867,454,41152,0.0918847,0.03,1,2103282,2102828,454
163516621,36.4234,31.2773,462,41203,0.0423769,0.03,1,2103320,2102858,462
163519541,32.0847,38.2555,453,41254,0.0484754,0.07,1,2103351,2102898,453
163522461,28.0169,31.6511,450,41305,0.0496951,0.11,1,2103378,2102928,450
163525381,32.8034,29.5302,455,41356,0.033939,0.01,1,2103412,2102957,455
163528301,37.7607,33.106,460,41407,0.0787878,0.05,1,2103451,2102991,460
163531221,37.1521,37.8212,458,41458,0.0237576,0.05,1,2103488,2103030,458
163534141,35.4304,34.7642,459,41509,0.0607515,0.11,1,2103523,2103064,459
163537061,8.68608,34.1528,427,41560,0.0841503,0.15,1,2103525,2103098,427
163539981,24.9372,31.6306,425,41611,0.12083,0.15,1,2103554,2103129,425
163542901,28.9874,27.1261,429,41662,0.128166,0.07,1,2103584,2103155,429
163545821,29.7975,32.6252,425,41713,0.113633,0.15,1,2103614,2103189,425
163548741,34.7595,32.925,428,41764,0.110727,0.19,1,2103650,2103222,428
163551661,33.3519,30.585,431,41815,0.158145,0.07,1,2103683,2103252,431
163554581,25.8704,30.117,425,41865,0.167629,0.03,1,2103707,2103282,425
163557501,34.7741,36.4234,424,41915,0.121526,0.05,1,2103744,2103320,424
163560421,32.5548,32.0847,425,41965,0.0963052,0.05,1,2103776,2103351,425
163563341,25.711,28.0169,422,42015,0.091261,0.03,1,2103800,2103378,422
163566261,33.9422,32.8034,424,42065,0.0742522,0.09,1,2103836,2103412,424
163569181,37.9884,37.7607,424,42115,0.10285,0.01,1,2103875,2103451,424
163572101,37.9977,37.1521,425,42165,0.0765701,0.07,1,2103913,2103488,425
163575021,36.3995,35.4304,426,42215,0.071314,0.09,1,2103949,2103523,426
163577941,8.87991,8.68608,426,42265,0.0702628,0.13,1,2103951,2103525,426
163580861,24.976,24.9372,426,42315,0.0860526,0.13,1,2103980,2103554,426
163583781,29.7952,28.9874,427,42365,0.105211,0.11,1,2104011,2103584,427
163586701,29.959,29.7975,427,42415,0.109042,0.11,1,2104041,2103614,427
163589621,34.7918,34.7595,427,42465,0.109808,0.17,1,2104077,2103650,427
163592541,34.1584,33.3519,428,42515,0.109962,0.17,1,2104111,2103683,428
163595461,26.0317,25.8704,428,42565,0.157992,0.11,1,2104135,2103707,428
163598381,33.2063,34.7741,426,42615,0.151598,0.09,1,2104170,2103744,426
163601301,32.2413,32.5548,426,42665,0.15032,0.09,1,2104202,2103776,426
163604221,25.6483,25.711,426,42714,0.0860639,0.07,1,2104226,2103800,426
163607141,31.5297,33.9422,423,42763,0.0892128,0.11,1,2104259,2103836,423
163610061,39.1059,37.9884,425,42812,0.105843,0.07,1,2104300,2103875,425
163612981,36.6212,37.9977,423,42861,0.157169,0.07,1,2104336,2103913,423
163615901,36.1242,36.3995,423,42910,0.167434,0.07,1,2104372,2103949,423
163618821,8.82485,8.87991,423,42959,0.169487,0.09,1,2104374,2103951,423
163621741,25.765,24.976,424,43008,0.185897,0.09,1,2104404,2103980,424
163624661,29.953,4.9952,455,43057,0.221179,0.11,1,2104435,2103980,455
163627581,29.9906,25.799,454,43106,0.244236,0.11,1,2104465,2104011,454
163630501,34.7981,29.1598,460,43155,0.264847,0.11,1,2104501,2104041,460
163633421,35.7596,34.632,460,43204,0.284969,0.11,1,2104537,2104077,460
163636341,27.1519,34.1264,451,43253,0.272994,0.17,1,2104562,2104111,451
163639261,32.6304,26.0253,461,43302,0.270599,0.15,1,2104596,2104135,461
163642181,30.5261,33.2051,456,43351,0.27012,0.15,1,2104626,2104170,456
163645101,25.3052,32.241,448,43400,0.286024,0.07,1,2104650,2104202,448
163648021,32.261,25.6482,458,43449,0.289205,0.09,1,2104684,2104226,458
163650941,39.2522,31.5296,466,43498,0.273841,0.11,1,2104725,2104259,466
163653861,38.2504,39.1059,463,43547,0.286768,0.17,1,2104763,2104300,463
163656781,36.4501,36.6212,463,43595,0.369354,0.17,1,2104799,2104336,463
163659701,8.89002,36.1242,429,43643,0.385871,0.17,1,2104801,2104372,429
163662621,26.578,8.82485,458,43691,0.373174,0.19,1,2104832,2104374,458
163665541,34.1156,25.765,464,43739,0.338635,0.23,1,2104868,2104404,464
163668461,31.6231,29.953,464,43787,0.395727,0.25,1,2104899,2104435,464
163671381,35.1246,29.9906,470,43835,0.423145,0.27,1,2104935,2104465,470
163674301,36.6249,34.7981,471,43883,0.444629,0.29,1,2104972,2104501,471
163677221,26.525,35.7596,459,43931,0.448926,0.27,1,2104996,2104537,459
163680141,32.505,27.1519,468,43979,0.449785,0.27,1,2105030,2104562,468
163683061,30.501,32.6304,464,44027,0.497957,0.27,1,2105060,2104596,464
163685981,26.1002,30.5261,459,44075,0.523591,0.29,1,2105085,2104626,459
163688901,32.42,25.3052,469,44123,0.528718,0.29,1,2105119,2104650,469
163691821,38.484,32.261,475,44171,0.529744,0.27,1,2105159,2104684,475
163694741,38.8968,39.2522,473,44219,0.529949,0.29,1,2105198,2104725,473
163697661,40.5794,38.2504,476,44267,0.54599,0.39,1,2105239,2104763,476
163700581,9.71587,36.4501,442,44315,0.549198,0.39,1,2105241,2104799,442
163703501,25.9432,8.89002,470,44363,0.54984,0.37,1,2105271,2104801,470
163706421,33.9886,26.578,475,44411,0.549968,0.33,1,2105307,2104832,475
163709341,33.1977,34.1156,472,44458,0.581994,0.41,1,2105340,2104868,472
163712261,8.23954,31.6231,443,44505,0.588399,0.43,1,2105342,2104899,443
163715181,30.4479,35.1246,443,44552,0.62168,0.45,1,2105378,2104935,443
163718101,36.4896,36.6249,444,44599,0.612336,0.45,1,2105416,2104972,444
163721021,26.4979,26.525,444,44646,0.658467,0.45,1,2105440,2104996,444
163723941,32.4996,32.505,444,44693,0.683693,0.51,1,2105474,2105030,444
163726861,32.8999,30.501,447,44740,0.720739,0.53,1,2105507,2105060,447
163729781,27.38,26.1002,448,44787,0.696148,0.53,1,2105533,2105085,448
163732701,32.676,32.42,448,44834,0.69123,0.53,1,2105567,2105119,448
163735621,38.5352,38.484,448,44881,0.738246,0.53,1,2105607,2105159,448
163738541,38.907,38.8968,448,44928,0.731649,0.55,1,2105646,2105198,448
163741461,41.3814,40.5794,449,44975,0.76233,0.55,2,2105688,2105239,449
163744381,9.87628,9.71587,449,45022,0.800466,0.55,2,2105690,2105241,449
163747301,25.9753,25.9432,449,45069,0.808093,0.55,2,2105720,2105271,449
163750221,34.7951,33.9886,450,45116,0.841619,0.59,2,2105757,2105307,450
163753141,34.159,33.1977,451,45163,0.832324,0.59,2,2105791,2105340,451
163756061,8.4318,8.23954,451,45210,0.862465,0.63,2,2105793,2105342,451
163758981,30.4864,30.4479,451,45257,0.884493,0.61,2,2105829,2105378,451
163761901,37.2973,36.4896,452,45304,0.888899,0.67,2,2105868,2105416,452
163764821,28.2595,26.4979,454,45351,0.88978,0.69,2,2105894,2105440,454
163767741,32.8519,32.4996,454,45398,0.889956,0.73,2,2105928,2105474,454
163770661,34.5704,32.8999,456,45444,0.905991,0.69,2,2105963,2105507,456
163773581,27.7141,27.38,456,45490,0.909198,0.69,2,2105989,2105533,456
163776501,32.7428,32.676,456,45536,0.90984,0.75,2,2106023,2105567,456
163779421,39.3486,38.5352,457,45582,0.925968,0.73,2,2106064,2105607,457
163782341,39.8697,38.907,458,45628,0.945194,0.77,2,2106104,2105646,458
163785261,43.1739,41.3814,460,45674,0.917039,0.81,2,2106148,2105688,460
163788181,10.2348,9.87628,460,45720,0.911408,0.81,2,2106150,2105690,460
163791101,27.647,25.9753,462,45766,0.878282,0.85,2,2106182,2105720,462
164040761,69,38,501,22724,0.49,0.89,1,2108958,2108457,501
164043681,90.6,68.4,521,22817,0.538,0.65,1,2109054,2108533,521
164046601,60.52,90.48,478,22910,0.5476,0.61,1,2109107,2108629,478
164049521,72.104,66.096,493,23003,0.56552,0.55,1,2109182,2108689,493
164052441,38.4208,59.6192,465,23095,0.601104,0.57,1,2109212,2108747,465
164055361,22.8842,35.9238,454,23187,0.592221,0.53,1,2109231,2108777,454
164058281,61.3768,55.1848,465,23278,0.654444,0.57,1,2109302,2108837,465
164061201,93.0754,52.637,514,23369,0.730889,0.49,1,2109403,2108889,514
164064121,97.8151,65.7274,544,23460,0.794178,0.55,2,2109502,2108958,544
164067041,61.963,89.9455,501,23550,0.790836,0.55,2,2109555,2109054,501
164069961,73.1926,60.3891,524,23640,0.806167,0.57,2,2109631,2109107,524
164072881,40.2385,72.0778,481,23730,0.825233,0.61,2,2109663,2109182,481
164075801,22.4477,38.4156,469,23819,0.845047,0.59,2,2109681,2109212,469
164078721,64.4895,22.8831,525,23908,0.849009,0.67,2,2109756,2109231,525
164081641,14.4979,61.3766,456,23997,0.849802,0.75,2,2109758,2109302,456
164213041,35,32,499,27692,0.83,1,2,2112424,2111925,499
164215961,59,64.8,491,27768,0.83,1,2,2112489,2111998,491
164218881,43,41.76,494,27844,0.718,1,1,2112528,2112034,494
164221801,41.4,50.752,482,27920,0.6316,1,1,2112569,2112087,482
164224721,38.68,40.5504,482,27996,0.50232,1,1,2112607,2112125,482
164227641,38.936,38.5101,483,28072,0.332464,0.95,1,2112646,2112163,483
164230561,43.7872,53.302,471,28147,0.234493,0.85,1,2112691,2112220,471
164233481,88.7574,97.8604,462,28222,0.102899,0.77,1,2112791,2112329,462
164236401,62.5515,67.5721,458,28297,0.0445797,0.83,1,2112847,2112389,458
164239321,44.5103,41.5144,463,28372,0.0329159,0.83,1,2112887,2112424,463
164242241,56.1021,8.30288,522,28447,0.00658319,0.83,1,2112946,2112424,522
164245161,38.4204,53.6606,491,28521,0.0413166,0.69,1,2112980,2112489,491
164248081,32.4841,41.9321,483,28595,0.0642633,0.61,1,2113011,2112528,483
164251001,33.6968,41.1864,476,28669,0.0528527,0.47,1,2113045,2112569,476
164253921,34.7394,38.6373,473,28743,0.0665705,0.29,1,2113080,2112607,473
164256841,37.3479,38.9275,472,28817,0.0373141,0.21,1,2113118,2112646,472
164259761,85.0696,43.7855,524,28890,0.0314628,0.07,1,2113215,2112691,524
164262681,59.4139,88.7571,477,28963,0.0462926,0.03,1,2113268,2112791,477
164265601,43.8828,62.5514,461,29036,0.0492585,0.03,1,2113308,2112847,461
164268521,57.5766,44.5103,482,29109,0.0498517,0,1,2113369,2112887,482
164271441,37.1153,56.1021,455,29182,0.0659703,0.05,1,2113401,2112946,455
164274361,34.6231,38.4204,455,29255,0.0531941,0.07,1,2113435,2112980,455
164277281,33.3246,32.4841,457,29327,0.0346388,0.05,1,2113468,2113011,457
164280201,35.4649,33.6968,459,29399,0.0309278,0.07,1,2113504,2113045,459
164283121,37.493,34.7394,462,29471,0.0461855,0.03,1,2113542,2113080,462
164286041,83.4986,37.3479,519,29543,0.0652371,0.03,1,2113637,2113118,519
164288961,59.0997,85.0696,475,29615,0.0850474,0.05,1,2113690,2113215,475
164291881,43.8199,59.4139,462,29686,0.0570095,0.05,1,2113730,2113268,462
164294801,59.164,43.8828,485,29757,0.0994019,0.05,1,2113793,2113308,485
164297721,37.4328,57.5766,456,29828,0.10788,0.07,1,2113825,2113369,456
164300641,9.08656,37.1153,426,29899,0.109576,0.05,1,2113827,2113401,426
164303561,27.4173,34.6231,424,29970,0.141915,0.03,1,2113859,2113435,424
164306481,31.0835,33.3246,423,30041,0.148383,0.03,1,2113891,2113468,423
164309401,35.0167,35.4649,423,30111,0.197677,0.05,1,2113927,2113504,423
164312321,38.2033,37.493,424,30181,0.239535,0.07,1,2113966,2113542,424
164315241,84.4407,83.4986,425,30251,0.215907,0.09,1,2114062,2113637,425
164318161,56.8881,59.0997,422,30321,0.227181,0.05,1,2114112,2113690,422
164321081,44.1776,43.8199,423,30391,0.0854363,0.11,1,2114153,2113730,423
164324001,62.4355,59.164,427,30461,0.0890873,0.11,1,2114220,2113793,427
164326921,39.6871,37.4328,429,30530,0.0738174,0.11,1,2114254,2113825,429
164329841,9.53742,9.08656,429,30599,0.0707635,0.15,1,2114256,2113827,429
164332761,27.5075,27.4173,429,30668,0.150153,0.15,1,2114288,2113859,429
164335681,31.1015,31.0835,429,30737,0.166031,0.21,1,2114320,2113891,429
164338601,37.4203,35.0167,432,30806,0.217206,0.25,1,2114359,2113927,432
164341521,38.6841,38.2033,432,30875,0.211441,0.21,1,2114398,2113966,432
164344441,85.3368,84.4407,433,30944,0.258288,0.23,1,2114495,2114062,433
164347361,53.8674,56.8881,429,31012,0.267658,0.05,1,2114541,2114112,429
164350281,38.7735,44.1776,423,31080,0.301532,0.09,1,2114576,2114153,423
164353201,62.9547,62.4355,425,31148,0.308306,0.07,1,2114645,2114220,425
164356121,41.3909,39.6871,427,31216,0.293661,0.07,1,2114681,2114254,427
164359041,9.87819,9.53742,427,31284,0.290732,0.07,1,2114683,2114256,427
164361961,27.5756,1.90748,459,31352,0.290146,0.17,1,2114715,2114256,459
164364881,31.1151,25.9815,459,31419,0.290029,0.17,1,2114747,2114288,459
164367801,39.823,30.7963,469,31486,0.306006,0.23,1,2114789,2114320,469
164370721,39.9646,37.3593,470,31553,0.325201,0.21,1,2114829,2114359,470
164373641,87.9929,38.6719,531,31620,0.36104,0.27,1,2114929,2114398,531
164376561,54.3986,85.3344,480,31687,0.368208,0.27,1,2114975,2114495,480
164379481,40.4797,53.8669,471,31754,0.417642,0.31,1,2115012,2114541,471
164382401,61.6959,38.7734,503,31821,0.475528,0.31,1,2115079,2114576,503
164385321,40.3392,62.9547,469,31887,0.519106,0.29,1,2115114,2114645,469
164388241,9.66784,41.3909,435,31953,0.527821,0.29,1,2115116,2114681,435
164391161,29.1336,9.87819,467,32019,0.529564,0.29,1,2115150,2114683,467
164394081,31.4267,27.5756,467,32085,0.577913,0.29,1,2115182,2114715,467
164397001,41.4853,31.1151,479,32151,0.635583,0.31,1,2115226,2114747,479
164399921,41.0971,39.823,478,32217,0.663117,0.33,1,2115267,2114789,478
164402841,89.0194,39.9646,539,32283,0.652623,0.37,1,2115368,2114829,539
164405761,56.2039,87.9929,487,32349,0.650525,0.37,1,2115416,2114929,487
164408681,41.6408,54.3986,479,32414,0.722105,0.43,1,2115454,2114975,479
164411601,64.3282,40.4797,512,32479,0.712421,0.49,1,2115524,2115012,512
164414521,42.4656,61.6959,482,32544,0.742484,0.53,1,2115561,2115079,482
164417441,10.0931,40.3392,449,32609,0.748497,0.53,1,2115563,2115114,449
164420361,29.2186,9.66784,481,32674,0.781699,0.53,2,2115597,2115116,481
164423281,33.8437,29.1336,482,32739,0.83634,0.59,2,2115632,2115150,482
164426201,8.36874,31.4267,452,32804,0.847268,0.65,2,2115634,2115182,452
164429121,38.4737,41.4853,454,32868,0.865454,0.67,2,2115680,2115226,454
164432041,39.6947,41.0971,453,32932,0.933091,0.65,2,2115720,2115267,453
164434961,89.5389,89.0194,454,32996,0.930618,0.65,2,2115822,2115368,454
164452481,36,34,461,33379,0.93,0.85,2,2116058,2115597,461
164575121,50,66,475,35943,0.71,1,1,2117865,2117390,475
164578041,59.6,45.2,497,36002,0.502,1,1,2117927,2117430,497
164580961,40.72,27.44,510,36061,0.3164,1,1,2117963,2117453,510
164583881,30.544,31.088,506,36120,0.21528,1,1,2117991,2117485,506
164586801,22.9088,29.4176,498,36179,0.211056,1,1,2118012,2117514,498
164589721,28.5818,25.0835,504,36237,0.0822112,1,1,2118042,2117538,504
164592641,36.9164,28.2167,514,36295,0.0564422,1,1,2118081,2117567,514
164595561,30.5833,33.6433,508,36353,0.0192884,1,1,2118110,2117602,508
164598481,18.1167,32.3287,491,36411,0.0278577,1,1,2118125,2117634,491
164601401,58.0233,72.8657,476,36469,0.0295715,0.84,1,2118193,2117717,476
164604321,51.6047,56.1731,474,36527,0.0619143,0.87,1,2118243,2117769,474
164607241,38.3209,48.0346,463,36585,0.0843829,0.71,1,2118278,2117815,463
164610161,37.2642,49.6069,450,36643,0.0728766,0.45,1,2118315,2117865,450
164613081,47.4528,59.5214,438,36701,0.134575,0.27,1,2118365,2117927,438
164616001,31.8906,40.7043,430,36759,0.146915,0.19,1,2118393,2117963,430
164618921,23.9781,30.5409,424,36816,0.181383,0.21,1,2118415,2117991,424
164621841,20.7956,22.9082,423,36873,0.156277,0.05,1,2118435,2118012,423
164624761,28.9591,28.5816,424,36930,0.0872553,0.05,1,2118466,2118042,424
164627681,36.9918,36.9163,424,36987,0.0414511,0.01,1,2118505,2118081,424
164630601,30.5984,30.5833,424,37044,0.0642902,0.03,1,2118534,2118110,424
164633521,17.3197,18.1167,423,37101,0.068858,0.03,1,2118548,2118125,423
164636441,57.0639,58.0233,422,37158,0.0537716,0.03,1,2118615,2118193,422
164639361,51.4128,11.6047,472,37215,0.0827543,0.07,1,2118665,2118193,472
164642281,39.0826,42.3209,458,37272,0.0725509,0.09,1,2118701,2118243,458
164645201,38.2165,36.4642,461,37329,0.0865102,0.07,1,2118739,2118278,461
164648121,49.2433,36.8928,476,37386,0.169302,0.15,1,2118791,2118315,476
164651041,33.8487,47.3786,456,37443,0.18586,0.15,1,2118821,2118365,456
164653961,24.3697,31.8757,450,37499,0.189172,0.19,1,2118843,2118393,450
164656881,20.0739,23.9751,447,37555,0.205834,0.15,1,2118862,2118415,447
164659801,26.4148,20.795,455,37611,0.209167,0.07,1,2118890,2118435,455
164662721,34.883,28.959,461,37667,0.193833,0.03,1,2118927,2118466,461
164665641,31.7766,36.9918,453,37723,0.190767,0.07,1,2118958,2118505,453
164668561,15.1553,30.5984,435,37779,0.206153,0.07,1,2118969,2118534,435
164671481,56.6311,17.3197,488,37835,0.177231,0.05,1,2119036,2118548,488
164674401,55.3262,57.0639,476,37891,0.187446,0.09,1,2119091,2118615,476
164677321,38.2652,51.4128,460,37947,0.189489,0.07,1,2119125,2118665,460
164680241,40.453,39.0826,465,38003,0.205898,0.09,1,2119166,2118701,465
164683161,52.0906,38.2165,482,38059,0.20918,0.19,1,2119221,2118739,482
164686081,34.4181,49.2433,460,38115,0.225836,0.19,1,2119251,2118791,460
164689001,24.4836,33.8487,452,38170,0.229167,0.19,1,2119273,2118821,452
164691921,20.8967,24.3697,450,38225,0.229833,0.21,1,2119293,2118843,450
164694841,26.5793,20.0739,459,38280,0.229967,0.21,1,2119321,2118862,459
164697761,34.1159,26.4148,467,38335,0.229993,0.19,1,2119357,2118890,467
164700681,31.6232,34.883,461,38390,0.245999,0.19,1,2119388,2118927,461
164703601,14.3246,31.7766,440,38445,0.2492,0.21,1,2119398,2118958,440
164706521,56.4649,15.1553,496,38500,0.28184,0.17,1,2119465,2118969,496
164709441,56.093,56.6311,485,38555,0.288368,0.19,1,2119521,2119036,485
164712361,39.2186,55.3262,465,38610,0.289674,0.19,1,2119556,2119091,465
164715281,9.44372,38.2652,433,38665,0.289935,0.21,1,2119558,2119125,433
164718201,33.8887,40.453,432,38720,0.321987,0.21,1,2119598,2119166,432
164721121,51.5777,52.0906,433,38775,0.360397,0.23,1,2119654,2119221,433
164724041,34.3155,34.4181,433,38829,0.384079,0.23,1,2119684,2119251,433
164726961,24.4631,24.4836,433,38883,0.388816,0.23,1,2119706,2119273,433
164729881,20.8926,20.8967,433,38937,0.389763,0.23,1,2119726,2119293,433
164732801,26.5785,26.5793,433,38991,0.389953,0.23,1,2119754,2119321,433
164735721,34.9157,34.1159,434,39045,0.373991,0.25,1,2119791,2119357,434
164738641,31.7831,31.6232,434,39099,0.354798,0.25,1,2119822,2119388,434
164741561,14.3566,14.3246,434,39153,0.31896,0.29,1,2119832,2119398,434
164744481,58.0713,56.4649,436,39207,0.343792,0.29,1,2119901,2119465,436
164747401,57.2143,56.093,437,39261,0.412758,0.29,1,2119958,2119521,437
164750321,40.2429,39.2186,438,39315,0.394552,0.29,1,2119994,2119556,438
164753241,9.64857,9.44372,438,39369,0.39091,0.33,1,2119996,2119558,438
164756161,33.9297,33.8887,438,39423,0.438182,0.37,1,2120036,2119598,438
164759081,51.5859,51.5777,438,39477,0.479636,0.39,1,2120092,2119654,438
164762001,35.1172,34.3155,439,39530,0.519927,0.39,1,2120123,2119684,439
164764921,24.6234,24.4631,439,39583,0.495985,0.39,1,2120145,2119706,439
164767841,20.9247,20.8926,439,39636,0.539197,0.39,1,2120165,2119726,439
164770761,26.5849,26.5785,439,39689,0.563839,0.37,1,2120193,2119754,439
164773681,34.117,34.9157,438,39742,0.536768,0.35,1,2120229,2119791,438
164776601,30.8234,31.7831,437,39795,0.579354,0.31,1,2120259,2119822,437
164779521,14.1647,14.3566,437,39848,0.555871,0.35,1,2120269,2119832,437
164782441,59.6329,58.0713,439,39901,0.615174,0.43,1,2120340,2119901,439
164785361,59.1266,57.2143,441,39954,0.643035,0.39,1,2120399,2119958,441
164788281,40.6253,40.2429,441,40007,0.664607,0.39,1,2120435,2119994,441
164791201,9.72506,9.64857,441,40060,0.668921,0.39,1,2120437,2119996,441
164794121,33.945,1.92971,481,40113,0.669784,0.45,1,2120477,2119996,481
164797041,53.189,32.3859,499,40166,0.701957,0.49,1,2120535,2120036,499
164799961,37.0378,51.2772,476,40219,0.708391,0.53,1,2120568,2120092,476
164802881,25.8076,35.0554,468,40271,0.709678,0.49,1,2120591,2120123,468
164805801,21.9615,24.6111,467,40323,0.725936,0.55,1,2120612,2120145,467
164808721,26.7923,20.9222,475,40375,0.761187,0.57,2,2120640,2120165,475
164811641,34.9585,26.5844,484,40427,0.800237,0.53,2,2120677,2120193,484
164814561,30.9917,34.1169,478,40479,0.808047,0.59,2,2120707,2120229,478
164817481,14.1983,30.8234,458,40531,0.80961,0.55,2,2120717,2120259,458
164820401,61.2397,14.1647,521,40583,0.825922,0.63,2,2120790,2120269,521
164823321,60.2479,59.6329,510,40635,0.861184,0.65,2,2120850,2120340,510
164826241,41.6496,59.1266,488,40687,0.868237,0.67,2,2120887,2120399,488
164829161,9.92992,40.6253,454,40739,0.869647,0.67,2,2120889,2120435,454
164832081,35.586,9.72506,494,40791,0.917929,0.67,2,2120931,2120437,494
164835001,55.9172,33.945,515,40843,0.943586,0.71,2,2120992,2120477,515
165007281,26,25,511,43787,0.71,1,1,2123001,2122490,511
165010201,34,28.2,518,43835,0.694,1,1,2123037,2122519,518
165013121,35.6,25.64,529,43883,0.6108,1,1,2123073,2122544,529
165016041,28.72,29.128,526,43931,0.59416,1,1,2123100,2122574,526
165018961,24.944,33.0256,516,43979,0.574832,1,1,2123124,2122608,516
165021881,37.7888,29.8051,528,44027,0.538966,1,1,2123165,2122637,528
165024801,53.1578,38.761,544,44075,0.451793,1,1,2123222,2122678,544
165027721,31.4316,58.9522,506,44123,0.386359,1,1,2123248,2122742,506
165030641,33.4863,45.3904,498,44171,0.325272,1,1,2123282,2122784,498
165033561,36.2973,35.4781,502,44219,0.361054,0.9,1,2123319,2122817,502
165036481,35.2595,29.4956,509,44267,0.352211,0.9,1,2123354,2122845,509
165039401,29.4519,41.0991,493,44315,0.398442,0.97,1,2123382,2122889,493
165042321,29.8904,32.2198,493,44363,0.375688,0.87,1,2123412,2122919,493
165045241,21.9781,31.244,482,44411,0.387138,0.73,1,2123432,2122950,482
165048161,20.3956,26.2488,477,44458,0.405428,0.71,1,2123452,2122975,477
165051081,5.67912,26.0498,453,44505,0.409086,0.69,1,2123454,2123001,453
165054001,29.1358,34.01,452,44552,0.457817,0.59,1,2123489,2123037,452
165056921,32.2272,35.602,449,44599,0.451563,0.59,1,2123522,2123073,449
165059841,28.0454,28.7204,449,44646,0.434313,0.57,1,2123549,2123100,449
165062761,26.4091,24.9441,451,44693,0.446863,0.53,1,2123575,2123124,451
165065681,32.4818,37.7888,444,44740,0.401373,0.43,1,2123609,2123165,444
165068601,50.4964,53.1578,442,44787,0.392274,0.37,1,2123664,2123222,442
165071521,30.0993,31.4316,441,44834,0.422455,0.31,1,2123689,2123248,441
165074441,30.8199,33.4863,438,44881,0.412491,0.37,1,2123720,2123282,438
165077361,37.364,36.2973,440,44928,0.410498,0.35,1,2123759,2123319,440
165080281,36.2728,35.2595,441,44975,0.4741,0.41,1,2123795,2123354,441
165083201,28.8546,29.4519,440,45022,0.43882,0.37,1,2123822,2123382,440
165086121,30.5709,29.8904,441,45069,0.431764,0.39,1,2123853,2123412,441
165089041,22.9142,21.9781,442,45116,0.446353,0.41,1,2123874,2123432,442
165091961,21.3828,20.3956,443,45163,0.417271,0.41,1,2123895,2123452,443
165094881,5.87657,5.67912,443,45210,0.411454,0.47,1,2123897,2123454,443
165097801,29.1753,29.1358,443,45257,0.426291,0.45,1,2123932,2123489,443
165100721,30.6351,32.2272,441,45304,0.461258,0.43,1,2123963,2123522,441
165103641,26.927,28.0454,440,45351,0.468252,0.45,1,2123989,2123549,440
165106561,26.9854,26.4091,441,45398,0.45365,0.39,1,2124016,2123575,441
165109481,31.7971,32.4818,440,45444,0.49873,0.39,1,2124049,2123609,440
165112401,50.3594,50.4964,440,45490,0.555746,0.43,1,2124104,2123664,440
165115321,30.8719,30.0993,441,45536,0.567149,0.41,1,2124130,2123689,441
165118241,31.7744,30.8199,442,45582,0.61743,0.41,1,2124162,2123720,442
165121161,35.9549,37.364,440,45628,0.643486,0.49,1,2124199,2123759,440
165124081,39.191,36.2728,444,45674,0.680697,0.43,1,2124239,2123795,444
165127001,27.0382,28.8546,441,45720,0.688139,0.43,1,2124263,2123822,441
165129921,31.8076,30.5709,443,45766,0.641628,0.45,1,2124296,2123853,443
165132841,23.1615,22.9142,443,45812,0.648326,0.41,1,2124317,2123874,443
165135761,20.6323,21.3828,442,45858,0.713665,0.41,1,2124337,2123895,442
165138681,5.72646,5.87657,442,45904,0.694733,0.43,1,2124339,2123897,442
165141601,29.9453,29.1753,443,45950,0.690947,0.43,1,2124375,2123932,443
165144521,29.9891,5.83506,473,45996,0.706189,0.47,1,2124405,2123932,473
165147441,26.7978,25.967,468,46042,0.725238,0.47,1,2124431,2123963,468
165150361,26.1596,25.9934,468,46088,0.729048,0.45,1,2124457,2123989,468
165153281,36.4319,26.7987,480,46134,0.745809,0.51,1,2124496,2124016,480
165156201,52.8864,31.7597,504,46180,0.813162,0.57,2,2124553,2124049,504
165159121,31.3773,50.3519,475,46226,0.842632,0.57,2,2124579,2124104,475
165162041,32.6755,30.8704,482,46272,0.880526,0.63,2,2124612,2124130,482
165164961,36.9351,31.7741,488,46318,0.888105,0.65,2,2124650,2124162,488
165167881,40.987,35.9548,493,46364,0.905621,0.69,2,2124692,2124199,493
165170801,27.3974,39.191,477,46409,0.909124,0.69,2,2124716,2124239,477
165173721,31.0795,27.0382,485,46454,0.909825,0.63,2,2124748,2124263,485
165176641,24.6159,31.8076,475,46499,0.909965,0.65,2,2124771,2124296,475
165436521,69,41,498,22724,0.15,0.97,1,2127619,2127121,498
165439441,62.6,48.2,509,22817,0.15,0.77,1,2127680,2127171,509
165442361,46.12,68.04,478,22910,0.15,0.53,1,2127722,2127244,478
165445281,56.424,58.408,481,23003,0.15,0.37,1,2127781,2127300,481
165448201,39.2848,60.4816,455,23095,0.166,0.33,1,2127816,2127361,455
165451121,27.857,36.8963,449,23187,0.1852,0.19,1,2127841,2127392,449
165454041,78.3714,62.5793,471,23278,0.22104,0.13,1,2127932,2127461,471
165456961,109.274,83.7159,499,23369,0.276208,0.15,1,2128049,2127550,499
165459881,69.0549,71.9432,489,23460,0.335242,0.15,1,2128108,2127619,489
165462801,47.411,63.1886,470,23550,0.363048,0.15,1,2128150,2127680,470
165465721,56.6822,46.2377,487,23640,0.35261,0.15,1,2128209,2127722,487
165468641,39.3364,56.4475,463,23730,0.366522,0.17,1,2128244,2127781,463
165471561,29.4673,39.2895,455,23819,0.385304,0.19,1,2128271,2127816,455
165474481,80.2935,27.8579,523,23908,0.469061,0.23,1,2128364,2127841,523
165477401,17.6587,78.3716,434,23997,0.485812,0.29,1,2128366,2127932,434
165480321,99.5317,109.274,437,24085,0.601162,0.35,1,2128486,2128049,437
165483241,69.5063,69.0549,440,24173,0.656233,0.37,1,2128548,2128108,440
165486161,47.5013,47.411,440,24261,0.667247,0.35,1,2128590,2128150,440
165489081,55.9003,56.6822,439,24348,0.701449,0.37,1,2128648,2128209,439
165492001,39.9801,39.3364,440,24435,0.72429,0.39,1,2128684,2128244,440
165494921,30.396,29.4673,441,24522,0.728858,0.49,1,2128712,2128271,441
165497841,84.4792,80.2935,446,24608,0.793772,0.49,2,2128810,2128364,446
165500761,18.4958,17.6587,446,24694,0.838754,0.63,2,2128812,2128366,446
165503681,103.699,99.5317,451,24780,0.879751,0.67,2,2128937,2128486,451
165623401,33,28,489,28072,0.82,1,2,2131206,2130717,489
165626321,85,88,484,28147,0.652,1,1,2131304,2130820,484
165629241,79.4,79.2,485,28222,0.3624,1,1,2131382,2130897,485
165632161,52.68,53.44,484,28297,0.32048,1,1,2131428,2130944,484
165635081,48.136,37.888,497,28372,0.232096,1,1,2131475,2130978,497
165638001,33.6272,7.5776,527,28447,0.198419,1,1,2131505,2130978,527
165640921,35.5254,27.1155,531,28521,0.175684,1,1,2131541,2131010,531
165643841,29.5051,43.8231,511,28595,0.171137,0.97,1,2131569,2131058,511
165646761,63.501,36.7646,548,28669,0.0902273,0.85,1,2131641,2131093,548
165649681,35.1002,71.3529,496,28743,0.0740455,0.82,1,2131669,2131173,496
165652601,71.82,40.6706,544,28817,0.0708091,0.61,1,2131750,2131206,544
165655521,67.964,86.5341,513,28890,0.0701618,0.29,1,2131817,2131304,513
165658441,47.1928,79.7068,477,28963,0.0540324,0.31,1,2131859,2131382,477
165661361,43.0386,52.7414,473,29036,0.0508065,0.21,1,2131901,2131428,473
165664281,32.6077,48.1483,456,29109,0.114161,0.19,1,2131931,2131475,456
165667201,38.5215,33.6297,466,29182,0.110832,0.17,1,2131971,2131505,466
165670121,30.9043,35.5259,459,29255,0.174166,0.17,1,2132000,2131541,459
165673041,58.9809,29.5052,497,29327,0.250833,0.07,1,2132066,2131569,497
165675961,32.5962,63.501,451,29399,0.202167,0.07,1,2132092,2131641,451
165678881,71.3192,35.1002,504,29471,0.192433,0.07,1,2132173,2131669,504
165681801,67.0638,71.82,489,29543,0.222487,0.07,1,2132239,2131750,489
165684721,48.6128,67.964,466,29615,0.228497,0.05,1,2132283,2131817,466
165687641,43.3226,47.1928,466,29686,0.261699,0.05,1,2132325,2131859,466
165690561,31.8645,43.0386,453,29757,0.28434,0.13,1,2132354,2131901,453
165693481,40.7729,32.6077,466,29828,0.304868,0.11,1,2132397,2131931,466
165696401,9.75458,38.5215,428,29899,0.324974,0.19,1,2132399,2131971,428
165699321,27.5509,30.9043,431,29970,0.360995,0.27,1,2132431,2132000,431
165702241,59.9102,58.9809,433,30041,0.416199,0.19,1,2132499,2132066,433
165705161,31.182,32.5962,431,30111,0.42724,0.19,1,2132523,2132092,431
165708081,71.8364,71.3192,432,30181,0.429448,0.23,1,2132605,2132173,432
165711001,67.9673,67.0638,433,30251,0.44589,0.23,1,2132672,2132239,433
165713921,48.7935,48.6128,433,30321,0.497178,0.27,1,2132716,2132283,433
165716841,44.9587,43.3226,435,30391,0.539436,0.29,1,2132760,2132325,435
165719761,32.9917,31.8645,436,30461,0.531887,0.31,1,2132790,2132354,436
165722681,42.5983,40.7729,438,30530,0.594377,0.33,1,2132835,2132397,438
165725601,10.1197,9.75458,438,30599,0.574875,0.37,1,2132837,2132399,438
165728521,27.6239,27.5509,438,30668,0.602975,0.43,1,2132869,2132431,438
165731441,62.3248,59.9102,441,30737,0.672595,0.43,1,2132940,2132499,441
165734361,31.665,31.182,441,30806,0.686519,0.43,1,2132964,2132523,441
165737281,71.933,71.8364,441,30875,0.705304,0.45,1,2133046,2132605,441
165740201,70.3866,67.9673,444,30944,0.725061,0.51,1,2133116,2132672,444
165743121,50.8773,48.7935,446,31012,0.777012,0.55,2,2133162,2132716,446
165746041,46.1755,44.9587,447,31080,0.739402,0.53,1,2133207,2132760,447
165748961,34.0351,32.9917,448,31148,0.74788,0.61,1,2133238,2132790,448
165751881,44.407,42.5983,450,31216,0.701576,0.57,1,2133285,2132835,450
165754801,10.4814,10.1197,450,31284,0.692315,0.57,1,2133287,2132837,450
165757721,29.2963,2.02393,484,31352,0.658463,0.61,1,2133321,2132837,484
165760641,65.0593,26.0048,526,31419,0.667693,0.69,1,2133395,2132869,526
165763561,32.2119,62.001,479,31486,0.685539,0.69,1,2133419,2132940,479
165766481,72.8424,31.6002,538,31553,0.721108,0.71,1,2133502,2132964,538
165769401,71.3685,71.92,527,31620,0.712222,0.73,1,2133573,2133046,527
165772321,51.8737,70.384,504,31687,0.710444,0.79,1,2133620,2133116,504
165775241,45.5747,50.8768,502,31754,0.726089,0.73,1,2133664,2133162,502
165778161,33.1149,46.1754,487,31821,0.761218,0.75,2,2133694,2133207,487
165781081,43.423,34.0351,502,31887,0.800244,0.69,2,2133740,2133238,502
165784001,10.2846,44.407,457,31953,0.808049,0.69,2,2133742,2133285,457
165786921,27.6569,10.4814,487,32019,0.82561,0.65,2,2133774,2133287,487
165789841,66.3314,29.2963,529,32085,0.861122,0.67,2,2133850,2133321,529
165792761,32.4663,65.0593,479,32151,0.900224,0.69,2,2133874,2133395,479
165950441,36,41,512,35530,0.79,1,2,2136266,2135754,512
165953361,31.2,33,511,35589,0.726,1,1,2136296,2135785,511
165956281,49.44,32.2,533,35648,0.6812,1,1,2136350,2135817,533
165959201,38.688,56.84,506,35707,0.64024,1,1,2136386,2135880,506
165962121,30.1376,40.168,498,35766,0.632048,1,1,2136414,2135916,498
165965041,60.4275,67.2336,492,35825,0.56641,1,1,2136482,2135990,492
165967961,40.8855,41.4467,493,35884,0.521282,0.97,1,2136518,2136025,493
165970881,27.3771,37.8893,480,35943,0.544256,0.95,1,2136542,2136062,480
165973801,39.8754,46.7779,474,36002,0.532851,0.99,1,2136585,2136111,474
165976721,33.5751,38.9556,469,36061,0.56257,0.88,1,2136617,2136148,469
165979641,40.315,45.3911,464,36120,0.536514,0.81,1,2136659,2136195,464
165982561,34.463,37.0782,462,36179,0.563303,0.79,1,2136692,2136230,462
165985481,33.2926,36.2156,459,36237,0.584661,0.71,1,2136725,2136266,459
165988401,27.4585,31.2431,455,36295,0.652932,0.67,1,2136751,2136296,455
165991321,47.8917,49.4486,454,36353,0.714586,0.63,1,2136804,2136350,454
165994241,36.7783,38.6897,452,36411,0.774917,0.63,2,2136838,2136386,452
165997161,28.1557,30.1379,450,36469,0.754983,0.55,2,2136864,2136414,450
166000081,57.6311,60.4276,447,36527,0.814997,0.51,2,2136929,2136482,447
166003001,38.7262,40.8855,445,36585,0.858999,0.55,2,2136963,2136518,445
166005921,30.1452,27.3771,449,36643,0.8838,0.53,2,2136991,2136542,449
166008841,38.029,39.8754,446,36701,0.88876,0.57,2,2137031,2136585,446
166011761,35.6058,33.5751,449,36759,0.905752,0.53,2,2137066,2136617,449
166014681,41.5212,40.315,450,36816,0.89315,0.57,2,2137109,2136659,450
166017601,34.7042,34.463,450,36873,0.89063,0.59,2,2137142,2136692,450
166020521,34.9408,33.2926,452,36930,0.922126,0.67,2,2137177,2136725,452
166023441,29.3882,27.4585,454,36987,0.928425,0.73,2,2137205,2136751,454
166026361,51.4776,47.8917,458,37044,0.849685,0.79,2,2137262,2136804,458
166029281,38.2955,36.7783,459,37101,0.849937,0.75,2,2137297,2136838,459
166032201,29.2591,28.1557,460,37158,0.833987,0.75,2,2137324,2136864,460
166035121,61.0518,5.63113,529,37215,0.846797,0.83,2,2137393,2136864,529
166038041,39.4104,53.1262,498,37272,0.84936,0.87,2,2137427,2136929,498
166040961,29.4821,37.8252,491,37329,0.865872,0.89,2,2137454,2136963,491
166043881,39.4964,29.965,505,37386,0.869174,0.89,2,2137496,2136991,505
166046801,35.0993,37.993,499,37443,0.901835,0.91,2,2137530,2137031,499
166049721,42.2199,35.5986,508,37499,0.908367,0.89,2,2137574,2137066,508
166052641,34.844,41.5197,498,37555,0.909673,0.89,2,2137607,2137109,498
166055561,34.9688,34.7039,500,37611,0.909935,0.93,2,2137642,2137142,500
166058481,29.3938,34.9408,493,37667,0.909987,0.93,2,2137670,2137177,493
166240981,80,95,460,18482,0.03,0,1,2140109,2139649,460
166243901,120.8,74.2,522,18597,0.046,0.03,1,2140240,2139718,522
166246821,77.76,129.24,446,18711,0.0332,0.07,1,2140307,2139861,446
166249741,56.352,80.248,429,18824,0.06264,0.01,1,2140358,2139929,429
166252661,36.0704,35.2496,436,18937,0.052528,0.05,1,2140389,2139953,436
166255581,56.8141,67.8499,422,19049,0.0505056,0.03,1,2140451,2140029,422
166258501,76.1628,77.57,423,19160,0.0501011,0.05,1,2140532,2140109,423
166261421,120.033,120.314,423,19271,0.0340202,0.03,1,2140663,2140240,423
166264341,77.6065,77.6628,423,19381,0.046804,0.07,1,2140730,2140307,423
166267261,57.9213,56.3326,425,19490,0.0653608,0.05,1,2140783,2140358,425
166270181,33.9843,36.0665,422,19599,0.0690722,0.05,1,2140811,2140389,422
166273101,57.1969,7.2133,485,19707,0.101814,0.05,1,2140874,2140389,485
166276021,77.0394,51.0427,505,19815,0.124363,0.05,1,2140956,2140451,505
166278941,117.808,75.0085,552,19922,0.0808726,0.03,1,2141084,2140532,552
166281861,77.9616,119.802,489,20028,0.0881745,0.05,1,2141152,2140663,489
166284781,57.9923,77.5603,475,20134,0.0576349,0.07,1,2141205,2140730,475
166287701,36.3985,57.9121,453,20239,0.051527,0.07,1,2141236,2140783,453
166290621,58.4797,33.9824,489,20344,0.0983054,0.11,1,2141300,2140811,489
166293541,78.0959,57.1965,509,20448,0.139661,0.13,1,2141383,2140874,509
166296461,114.019,77.0393,550,20552,0.0519322,0.07,1,2141506,2140956,550
166299381,78.0038,117.808,491,20655,0.0503864,0.09,1,2141575,2141084,491
166302301,58.0008,77.9616,476,20758,0.0500773,0.05,1,2141628,2141152,476
166305221,36.4002,57.9923,454,20860,0.0980155,0.05,1,2141659,2141205,454
166308141,60.88,36.3985,490,20962,0.0756031,0.11,1,2141726,2141236,490
166311061,13.776,58.4797,428,21063,0.0711206,0.15,1,2141728,2141300,428
166313981,69.9552,78.0959,429,21164,0.118224,0.03,1,2141812,2141383,429
166316901,107.591,114.019,423,21264,0.0316448,0.05,1,2141929,2141506,423
166319821,77.5182,78.0038,424,21364,0.030329,0.05,1,2141999,2141575,424
166322741,58.7036,58.0008,425,21463,0.0300658,0.11,1,2142053,2141628,425
166325661,38.1407,36.4002,427,21562,0.0780132,0.07,1,2142086,2141659,427
166328581,59.6281,60.88,425,21660,0.119603,0.07,1,2142151,2141726,425
166331501,13.5256,13.776,425,21758,0.127921,0.13,1,2142153,2141728,425
166334421,70.7051,69.9552,426,21855,0.145584,0.01,1,2142238,2141812,426
166337341,104.541,107.591,422,21952,0.181117,0.03,1,2142351,2141929,422
166340261,77.7082,77.5182,423,22049,0.140223,0.03,1,2142422,2141999,423
166343181,57.9416,58.7036,422,22145,0.196045,0.09,1,2142475,2142053,422
166346101,39.5883,38.1407,424,22241,0.191209,0.13,1,2142510,2142086,424
166349021,61.5177,59.6281,426,22336,0.238242,0.13,1,2142577,2142151,426
166351941,13.9035,13.5256,426,22431,0.247648,0.15,1,2142579,2142153,426
166354861,73.1807,70.7051,429,22526,0.29753,0.15,1,2142667,2142238,429
166357781,104.236,14.141,541,22620,0.307506,0.19,1,2142779,2142238,541
166360701,77.6472,93.2282,499,22714,0.373501,0.13,1,2142850,2142351,499
166363621,58.7294,75.4456,482,22807,0.3707,0.21,1,2142904,2142422,482
166366541,41.3459,57.4891,466,22900,0.35414,0.19,1,2142941,2142475,466
166369461,61.8692,39.4978,498,22993,0.398828,0.25,1,2143008,2142510,498
166372381,13.9738,61.4996,433,23085,0.407766,0.25,1,2143010,2142577,433
166375301,77.1948,13.8999,524,23177,0.409553,0.31,1,2143103,2142579,524
166378221,105.039,73.18,548,23268,0.457911,0.31,1,2143215,2142667,548
166381141,79.4078,104.236,509,23359,0.515582,0.39,1,2143288,2142779,509
166384061,59.8816,77.6472,493,23450,0.575116,0.37,1,2143343,2142850,493
166386981,42.3763,58.7294,477,23540,0.603023,0.35,1,2143381,2142904,477
166389901,62.8753,41.3459,508,23630,0.592605,0.41,1,2143449,2142941,508
166392821,14.1751,61.8692,443,23720,0.590521,0.41,1,2143451,2143008,443
166395741,77.235,13.9738,534,23809,0.622104,0.41,1,2143544,2143010,534
166398661,107.447,77.1948,556,23898,0.628421,0.47,1,2143659,2143103,556
166401581,82.2894,105.039,520,23987,0.597684,0.53,1,2143735,2143215,520
166404501,18.0579,79.4078,449,24075,0.591537,0.59,1,2143737,2143288,449
166407421,49.2116,59.8816,451,24163,0.622307,0.61,1,2143794,2143343,451
166410341,41.0423,42.3763,452,24251,0.676461,0.59,1,2143833,2143381,452
166413261,61.8085,62.8753,451,24338,0.703292,0.59,1,2143900,2143449,451
166416181,13.9617,14.1751,451,24425,0.708658,0.63,1,2143902,2143451,451
166419101,78.7923,77.235,453,24512,0.693732,0.63,1,2143997,2143544,453
166422021,107.758,107.447,453,24598,0.802746,0.59,2,2144112,2143659,453
166424941,80.7517,82.2894,451,24684,0.808549,0.59,2,2144186,2143735,451
166427861,17.7503,18.0579,451,24770,0.80971,0.63,2,2144188,2143737,451
166430781,50.7501,49.2116,453,24856,0.873942,0.69,2,2144247,2143794,453
166433701,42.15,41.0423,454,24941,0.886788,0.71,2,2144287,2143833,454
166538821,34,36,483,27835,0.67,1,1,2146309,2145826,483
166541741,64.4,56,494,27911,0.51,1,1,2146381,2145887,494
166544661,111.28,104.8,500,27987,0.254,1,1,2146504,2146004,500
166547581,49.456,69.76,473,28063,0.2508,1,1,2146538,2146065,473
166550501,40.2912,37.952,481,28138,0.18616,1,1,2146576,2146095,481
166553421,62.4582,59.5904,484,28213,0.141232,1,1,2146644,2146160,484
166556341,32.4916,38.3181,476,28288,0.148246,0.87,1,2146669,2146193,476
166559261,23.2983,30.0636,469,28363,0.149649,0.87,1,2146690,2146221,469
166562181,39.0597,6.01272,512,28438,0.16593,0.77,1,2146733,2146221,512
166565101,31.8119,44.4025,488,28512,0.169186,0.67,1,2146763,2146275,488
166568021,54.3624,36.0805,514,28586,0.137837,0.47,1,2146823,2146309,514
166570941,102.072,64.8161,556,28660,0.195567,0.19,1,2146937,2146381,556
166573861,50.0145,111.363,470,28734,0.223113,0.25,1,2146974,2146504,470
166576781,34.8029,49.4726,467,28808,0.212623,0.17,1,2147005,2146538,467
166579701,58.9606,40.2945,494,28881,0.210525,0.13,1,2147070,2146576,494
166582621,34.1921,62.4589,454,28954,0.210105,0.15,1,2147098,2146644,454
166585541,22.8384,32.4918,449,29027,0.242021,0.15,1,2147118,2146669,449
166588461,38.1677,23.2984,470,29100,0.248404,0.17,1,2147160,2146690,470
166591381,34.8335,39.0597,461,29173,0.281681,0.17,1,2147194,2146733,461
166594301,51.7667,31.8119,487,29246,0.320336,0.13,1,2147250,2146763,487
166597221,103.153,54.3624,543,29318,0.360067,0.21,1,2147366,2146823,543
166600141,52.6307,102.072,469,29390,0.368013,0.23,1,2147406,2146937,469
166603061,35.3261,50.0145,463,29462,0.417603,0.21,1,2147437,2146974,463
166605981,59.8652,34.8029,498,29534,0.443521,0.21,1,2147503,2147005,498
166608901,34.373,58.9606,461,29606,0.448704,0.21,1,2147531,2147070,461
166611821,22.8746,34.1921,453,29677,0.433741,0.25,1,2147551,2147098,453
166614741,38.1749,22.8384,475,29748,0.446748,0.25,1,2147593,2147118,475
166617661,36.435,38.1677,469,29819,0.41735,0.29,1,2147629,2147160,469
166620581,8.887,34.8335,437,29890,0.41147,0.33,1,2147631,2147194,437
166623501,47.3774,51.7667,438,29961,0.458294,0.37,1,2147688,2147250,438
166626421,103.875,103.153,440,30032,0.531659,0.37,1,2147806,2147366,440
166629341,54.3751,52.6307,442,30102,0.546332,0.43,1,2147848,2147406,442
166632261,36.475,35.3261,443,30172,0.549266,0.45,1,2147880,2147437,443
166635181,60.895,59.8652,444,30242,0.629853,0.45,1,2147947,2147503,444
166638101,32.979,34.373,442,30312,0.661971,0.43,1,2147973,2147531,442
166641021,23.3958,22.8746,443,30382,0.684394,0.45,1,2147994,2147551,443
166643941,39.0792,38.1749,444,30452,0.688879,0.41,1,2148037,2147593,444
166646861,35.0158,36.435,442,30521,0.737776,0.41,1,2148071,2147629,442
166649781,8.60317,8.887,442,30590,0.715555,0.47,1,2148073,2147631,442
166652701,48.1206,47.3774,443,30659,0.711111,0.55,1,2148131,2147688,443
166655621,107.224,103.875,447,30728,0.838222,0.55,2,2148253,2147806,447
166658541,56.6448,54.3751,449,30797,0.863644,0.55,2,2148297,2147848,449
166661461,36.929,36.475,449,30866,0.884729,0.65,2,2148329,2147880,449
166664381,64.1858,60.895,453,30935,0.904946,0.67,2,2148400,2147947,453
166667301,33.6372,32.979,453,31003,0.908989,0.69,2,2148426,2147973,453
166670221,24.3274,23.3958,454,31071,0.909798,0.69,2,2148448,2147994,454
166673141,40.8655,39.0792,456,31139,0.89396,0.75,2,2148493,2148037,456
166676061,36.1731,35.0158,457,31207,0.922792,0.71,2,2148528,2148071,457
166807461,105,127,479,34124,0.67,1,1,2150614,2150135,479
166810381,53,51.8,486,34186,0.654,1,1,2150654,2150168,486
166813301,44.2,34.36,498,34248,0.6188,1,1,2150696,2150198,498
166816221,34.44,6.872,530,34310,0.62776,1,1,2150728,2150198,530
166819141,54.888,23.7744,562,34372,0.549552,0.95,1,2150788,2150226,562
166822061,24.5776,69.5549,498,34434,0.48591,1,1,2150805,2150307,498
166824981,26.5155,37.111,496,34495,0.457182,1,1,2150832,2150336,496
166827901,35.7031,30.6222,505,34556,0.483436,0.87,1,2150870,2150365,505
166830821,37.5406,34.1244,508,34617,0.424687,0.99,1,2150908,2150400,508
166833741,29.1081,36.4249,498,34678,0.380937,0.93,1,2150935,2150437,498
166836661,33.0216,34.485,498,34739,0.324188,0.85,1,2150969,2150471,498
166839581,85.8043,37.297,559,34800,0.216837,0.67,1,2151068,2150509,559
166842501,45.1609,91.4594,489,34861,0.163367,0.65,1,2151103,2150614,489
166845421,43.4322,50.2919,492,34922,0.136674,0.61,1,2151146,2150654,492
166848341,33.4864,43.6584,481,34983,0.131335,0.63,1,2151177,2150696,481
166851261,53.0973,34.3317,507,35043,0.162267,0.53,1,2151235,2150728,507
166854181,22.6195,54.8663,462,35103,0.152453,0.47,1,2151250,2150788,462
166857101,20.5239,24.5733,465,35163,0.150491,0.45,1,2151270,2150805,465
166860021,40.1048,26.5147,483,35223,0.134098,0.49,1,2151315,2150832,483
166862941,35.221,35.7029,479,35283,0.13082,0.41,1,2151349,2150870,479
166865861,26.2442,37.5406,465,35343,0.194164,0.37,1,2151373,2150908,465
166868781,31.6488,29.1081,471,35403,0.190833,0.31,1,2151406,2150935,471
166871701,79.1298,33.0216,528,35463,0.222167,0.19,1,2151497,2150969,528
166874621,42.226,85.8043,462,35523,0.244433,0.15,1,2151530,2151068,462
166877541,44.4452,45.1609,472,35583,0.200887,0.13,1,2151575,2151103,472
166880461,33.689,43.4322,460,35642,0.240177,0.13,1,2151606,2151146,460
166883381,8.33781,33.4864,431,35701,0.248035,0.17,1,2151608,2151177,431
166886301,47.2676,53.0973,430,35760,0.265607,0.15,1,2151665,2151235,430
166889221,22.2535,22.6195,431,35819,0.285121,0.15,1,2151681,2151250,431
166892141,20.4507,20.5239,431,35878,0.289024,0.13,1,2151701,2151270,431
166895061,37.6901,40.1048,428,35937,0.337805,0.13,1,2151743,2151315,428
166897981,35.538,35.221,429,35996,0.331561,0.21,1,2151778,2151349,429
166900901,27.1076,26.2442,430,36055,0.314312,0.19,1,2151803,2151373,430
166903821,34.2215,31.6488,433,36114,0.358862,0.23,1,2151839,2151406,433
166906741,81.2443,79.1298,435,36173,0.415773,0.25,1,2151932,2151497,435
166909661,40.2489,42.226,432,36231,0.443154,0.19,1,2151962,2151530,432
166912581,45.6498,44.4452,434,36289,0.464631,0.25,1,2152009,2151575,434
166915501,33.93,33.689,434,36347,0.500926,0.25,1,2152040,2151606,434
166918421,8.38599,8.33781,434,36405,0.476185,0.27,1,2152042,2151608,434
166921341,48.8772,47.2676,436,36463,0.519237,0.29,1,2152101,2151665,436
166924261,22.5754,22.2535,436,36521,0.511847,0.29,1,2152117,2151681,436
166927181,20.5151,20.4507,436,36579,0.526369,0.35,1,2152137,2151701,436
166930101,38.503,37.6901,437,36637,0.545274,0.33,1,2152180,2151743,437
166933021,34.9006,35.538,436,36695,0.517055,0.31,1,2152214,2151778,436
166935941,27.7801,27.1076,437,36753,0.511411,0.37,1,2152240,2151803,437
166938861,35.156,34.2215,438,36810,0.558282,0.43,1,2152277,2151839,438
166941781,85.4312,81.2443,443,36867,0.567656,0.45,1,2152375,2151932,443
166944701,41.8862,40.2489,444,36924,0.601531,0.47,1,2152406,2151962,444
166947621,46.7772,45.6498,445,36981,0.576306,0.51,1,2152454,2152009,445
166950541,34.9554,33.93,446,37038,0.603261,0.47,1,2152486,2152040,446
166953461,8.59109,8.38599,446,37095,0.608652,0.53,1,2152488,2152042,446
166956381,48.9182,48.8772,446,37152,0.65773,0.53,1,2152547,2152101,446
166959301,23.3836,9.77544,463,37209,0.683546,0.51,1,2152564,2152101,463
166962221,20.6767,14.7551,467,37266,0.656709,0.53,1,2152584,2152117,467
166965141,37.7353,18.951,489,37323,0.667342,0.55,1,2152626,2152137,489
166968061,34.7471,38.1902,480,37380,0.669468,0.51,1,2152660,2152180,480
166970981,27.7494,34.838,472,37437,0.701894,0.51,1,2152686,2152214,472
166973901,35.9499,27.7676,484,37493,0.708379,0.57,1,2152724,2152240,484
166976821,86.39,35.1535,546,37549,0.789676,0.57,2,2152823,2152277,546
166979741,42.878,85.4307,480,37605,0.789935,0.61,2,2152855,2152375,480
166982661,46.9756,41.8861,497,37661,0.805987,0.57,2,2152903,2152406,497
166985581,36.5951,46.7772,483,37717,0.809197,0.61,2,2152937,2152454,483
166988501,8.91902,34.9554,453,37773,0.809839,0.61,2,2152939,2152486,453
166991421,51.3838,8.59109,513,37829,0.841968,0.67,2,2153001,2152488,513
166994341,23.0768,48.9182,470,37885,0.848394,0.69,2,2153017,2152547,470
166997261,20.6154,23.3836,473,37941,0.849679,0.65,2,2153037,2152564,473
167000181,38.5231,20.6767,496,37997,0.881936,0.67,2,2153080,2152584,496
167003101,34.9046,37.7353,488,38053,0.888387,0.67,2,2153114,2152626,488
167006021,29.3809,34.7471,482,38109,0.921677,0.71,2,2153142,2152660,482
167008941,36.2762,27.7494,494,38164,0.928335,0.71,2,2153180,2152686,494
167160781,98,188,488,18482,0.07,0.59,1,2155289,2154801,488
167163701,74,83.2,499,18597,0.102,0.45,1,2155357,2154858,499
167166621,58,87.04,465,18711,0.1564,0.27,1,2155411,2154946,465
167169541,57.2,76.608,448,18824,0.11928,0.21,1,2155468,2155020,448
167172461,23.44,38.5216,434,18937,0.095856,0.05,1,2155483,2155049,434
167175381,109.488,121.304,423,19049,0.187171,0.07,1,2155614,2155191,423
167178301,103.498,102.661,427,19160,0.253434,0.11,1,2155716,2155289,427
167181221,77.4995,74.9322,430,19271,0.298687,0.17,1,2155787,2155357,430
167184141,57.0999,58.1864,428,19381,0.355737,0.11,1,2155839,2155411,428
167187061,56.22,57.2373,427,19490,0.383147,0.09,1,2155895,2155468,427
167189981,24.044,23.4475,428,19599,0.388629,0.09,1,2155911,2155483,428
167192901,110.409,4.68949,560,19707,0.453726,0.21,1,2156043,2155483,560
167195821,107.682,105.738,536,19815,0.482745,0.27,1,2156150,2155614,536
167198741,79.9364,102.748,507,19922,0.472549,0.31,1,2156223,2155716,507
167201661,58.3873,77.3495,489,20028,0.50251,0.37,1,2156276,2155787,489
167204581,58.8775,57.0699,496,20134,0.492502,0.39,1,2156335,2155839,496
167207501,24.5755,56.214,456,20239,0.5225,0.39,1,2156351,2155895,456
167210421,113.715,24.0428,576,20344,0.5285,0.47,1,2156487,2155911,576
167213341,109.143,110.409,552,20448,0.6097,0.49,1,2156595,2156043,552
167216261,79.4286,107.682,517,20552,0.67394,0.47,1,2156667,2156150,517
167219181,59.8857,79.9363,499,20655,0.686788,0.51,1,2156722,2156223,499
167222101,59.9771,58.3873,506,20758,0.705358,0.49,1,2156782,2156276,506
167225021,24.7954,58.8775,463,20860,0.725071,0.53,1,2156798,2156335,463
167227941,114.559,24.5755,584,20962,0.745014,0.53,1,2156935,2156351,584
167230861,24.5118,113.715,450,21063,0.749003,0.63,1,2156937,2156487,450
167233781,93.7024,109.143,453,21164,0.765801,0.69,2,2157048,2156595,453
167236701,78.7405,79.4286,456,21264,0.84916,0.69,2,2157123,2156667,456
167239621,60.5481,59.8857,457,21364,0.865832,0.71,2,2157179,2156722,457
167242541,60.9096,59.9771,458,21463,0.869166,0.73,2,2157240,2156782,458
167245461,24.9819,24.7954,458,21562,0.869833,0.75,2,2157256,2156798,458
167248381,115.396,114.559,459,21660,0.901967,0.75,2,2157394,2156935,459
167251301,24.6793,24.5118,459,21758,0.876393,0.77,2,2157396,2156937,459
167254221,94.5359,93.7024,460,21855,0.935279,0.87,2,2157508,2157048,460
167324301,33,54,511,24075,0.75,1,2,2159094,2158583,511
167327221,37.8,62,486,24163,0.622,1,1,2159133,2158647,486
167330141,24.36,29.2,486,24251,0.5804,0.89,1,2159154,2158668,486
167333061,111.272,109.04,490,24338,0.44408,1,1,2159287,2158797,490
167335981,43.8544,44.208,489,24425,0.400816,0.98,1,2159314,2158825,489
167338901,67.9709,79.2416,475,24512,0.392163,0.85,1,2159388,2158913,475
167341821,67.9942,75.8483,468,24598,0.326433,0.77,1,2159456,2158988,468
167344741,61.5988,73.5697,455,24684,0.313287,0.75,1,2159516,2159061,455
167347661,36.3198,41.1139,452,24770,0.278657,0.59,1,2159546,2159094,452
167350581,36.864,39.4228,450,24856,0.303731,0.57,1,2159583,2159133,450
167353501,24.1728,24.6846,450,24941,0.292746,0.41,1,2159604,2159154,450
167356421,104.035,111.337,441,25026,0.386549,0.39,1,2159728,2159287,441
167359341,41.6069,43.8674,440,25111,0.40531,0.39,1,2159754,2159314,440
167362261,66.7214,67.9735,439,25195,0.409062,0.31,1,2159827,2159388,439
167365181,66.9443,67.9947,438,25279,0.441812,0.31,1,2159894,2159456,438
167368101,58.9889,61.5989,435,25363,0.464363,0.27,1,2159951,2159516,435
167371021,34.9978,36.3198,434,25447,0.484873,0.27,1,2159980,2159546,434
167373941,38.1996,7.26396,473,25530,0.472975,0.31,1,2160019,2159546,473
167376861,23.6399,31.0528,456,25613,0.470595,0.29,1,2160039,2159583,456
167379781,107.128,23.0106,563,25696,0.534119,0.41,1,2160167,2159604,563
167382701,42.2256,103.802,465,25778,0.546824,0.41,1,2160193,2159728,465
167385621,68.4451,41.5604,514,25860,0.549365,0.41,1,2160268,2159754,514
167388541,70.489,66.7121,512,25942,0.581873,0.45,1,2160339,2159827,512
167391461,58.8978,66.9424,501,26024,0.604375,0.47,1,2160395,2159894,501
167394381,35.7796,58.9885,474,26105,0.608875,0.49,1,2160425,2159951,474
167397301,37.5559,34.9977,483,26186,0.625775,0.47,1,2160463,2159980,483
167400221,23.5112,38.1995,464,26267,0.629155,0.47,1,2160483,2160019,464
167403141,110.302,23.6399,576,26348,0.725831,0.55,1,2160615,2160039,576
167406061,43.6604,107.128,475,26428,0.729166,0.55,1,2160642,2160167,475
167408981,67.9321,42.2256,523,26508,0.729833,0.55,1,2160716,2160193,523
167411901,72.7864,68.4451,522,26588,0.729967,0.59,1,2160790,2160268,522
167414821,59.3573,70.489,507,26668,0.745993,0.61,1,2160846,2160339,507
167417741,35.8715,58.8978,481,26747,0.749199,0.61,1,2160876,2160395,481
167420661,38.3743,35.7796,490,26826,0.78184,0.63,2,2160915,2160425,490
167423581,23.6749,37.5559,472,26905,0.788368,0.63,2,2160935,2160463,472
167426501,6.33497,23.5112,454,26984,0.789674,0.75,2,2160937,2160483,454
167429421,110.867,110.302,459,27062,0.885935,0.73,2,2161074,2160615,459
167432341,42.9734,43.6604,458,27140,0.905187,0.73,2,2161100,2160642,458
167435261,67.7947,67.9321,458,27218,0.925037,0.73,2,2161174,2160716,458
167438181,72.7589,72.7864,458,27296,0.945008,0.75,2,2161248,2160790,458
167441101,60.1518,59.3573,459,27374,0.917001,0.75,2,2161305,2160846,459
167543301,33,69,482,29961,0.89,1,2,2163065,2162583,482
167546221,65.8,77,477,30032,0.858,1,2,2163139,2162662,477
167549141,69.96,55.4,498,30102,0.7396,1,1,2163210,2162712,498
167552061,39.592,46.28,486,30172,0.74792,1,1,2163242,2162756,486
167554981,28.7184,35.656,479,30242,0.685584,1,1,2163268,2162789,479
167557901,32.1437,30.3312,483,30312,0.673117,0.99,1,2163301,2162818,483
167560821,28.8287,31.6662,479,30382,0.702623,1,1,2163329,2162850,479
167563741,80.1657,86.3332,472,30452,0.756525,0.93,2,2163422,2162950,472
167566661,44.0331,51.6667,464,30521,0.735305,0.91,1,2163457,2162993,464
167569581,39.2066,41.5333,463,30590,0.747061,0.89,1,2163495,2163032,463
167572501,32.6413,34.7067,461,30659,0.797412,0.85,2,2163526,2163065,461
167575421,64.1283,66.1413,459,30728,0.807482,0.71,2,2163598,2163139,459
167578341,69.6257,70.0283,459,30797,0.873497,0.75,2,2163669,2163210,459
167581261,36.3251,39.6057,455,30866,0.870699,0.67,2,2163697,2163242,455
167584181,28.865,28.7211,456,30935,0.87014,0.67,2,2163724,2163268,456
167587101,30.573,32.1442,454,31003,0.934028,0.71,2,2163755,2163301,454
167747701,79,24,569,34556,0.51,1,1,2166267,2165698,569
167750621,41.4,72,517,34617,0.398,1,1,2166299,2165782,517
167753541,45.08,56,511,34678,0.3596,1,1,2166345,2165834,511
167756461,45.816,42.4,518,34739,0.30392,1,1,2166391,2165873,518
167759381,61.1632,44.48,538,34800,0.132784,1,1,2166456,2165918,538
167762301,44.2326,61.696,512,34861,0.0505568,1,1,2166496,2165984,512
167765221,38.4465,42.7392,511,34922,0.0821114,0.98,1,2166533,2166022,511
167768141,34.0893,41.3478,503,34983,0.0404223,0.84,1,2166566,2166063,503
167771061,22.0179,37.0696,486,35043,0.0640845,0.87,1,2166585,2166099,486
167773981,28.4036,26.6139,492,35103,0.0368169,0.73,1,2166615,2166123,492
167776901,29.6807,30.1228,491,35163,0.0633634,0.75,1,2166645,2166154,491
167779821,60.3361,33.2246,525,35223,0.0526727,0.51,1,2166713,2166188,525
167782741,35.2672,69.8449,475,35283,0.0825345,0.37,1,2166742,2166267,475
167785661,40.6534,39.569,485,35343,0.104507,0.35,1,2166784,2166299,485
167788581,36.9307,44.7138,475,35403,0.0449014,0.29,1,2166820,2166345,475
167791501,55.3861,45.7428,489,35463,0.0649803,0.09,1,2166880,2166391,489
167794421,42.2772,61.1486,463,35523,0.116996,0.03,1,2166919,2166456,463
167797341,39.6554,44.2297,462,35583,0.0953992,0.09,1,2166958,2166496,462
167800261,32.7311,38.4459,456,35642,0.0750798,0.03,1,2166989,2166533,456
167803181,8.14622,34.0892,425,35701,0.071016,0.07,1,2166991,2166566,425
167806101,18.4292,22.0178,427,35760,0.0862032,0.03,1,2167012,2166585,427
167809021,24.4858,28.4036,423,35819,0.105241,0.07,1,2167038,2166615,423
167811941,30.4972,29.6807,425,35878,0.0770481,0.05,1,2167070,2166645,425
167814861,60.4994,60.3361,425,35937,0.18341,0.09,1,2167138,2166713,425
167817781,34.4999,35.2672,424,35996,0.236682,0.11,1,2167166,2166742,424
167820701,39.7,40.6534,423,36055,0.231336,0.03,1,2167207,2166784,423
167823621,36.74,36.9307,423,36114,0.214267,0.07,1,2167243,2166820,423
167826541,56.948,55.3861,425,36173,0.194853,0.13,1,2167305,2166880,425
167829461,44.9896,42.2772,428,36231,0.222971,0.09,1,2167347,2166919,428
167832381,38.5979,39.6554,426,36289,0.228594,0.07,1,2167384,2166958,426
167835301,30.1196,32.7311,423,36347,0.229719,0.07,1,2167412,2166989,423
167838221,7.62392,8.14622,423,36405,0.197944,0.09,1,2167414,2166991,423
167841141,19.1248,18.4292,424,36463,0.223589,0.11,1,2167436,2167012,424
167844061,25.425,24.4858,425,36521,0.244718,0.07,1,2167463,2167038,425
167846981,29.085,30.4972,423,36579,0.248944,0.21,1,2167493,2167070,423
167849901,67.417,60.4994,432,36637,0.249789,0.25,1,2167570,2167138,432
167852821,35.8834,34.4999,432,36695,0.265958,0.23,1,2167598,2167166,432
167855741,39.1767,39.7,431,36753,0.269192,0.21,1,2167638,2167207,431
167858661,35.8353,36.74,430,36810,0.285838,0.19,1,2167673,2167243,430
167861581,57.5671,56.948,431,36867,0.385168,0.23,1,2167736,2167305,431
167864501,45.9134,44.9896,432,36924,0.405034,0.23,1,2167779,2167347,432
167867421,37.9827,38.5979,431,36981,0.425007,0.23,1,2167815,2167384,431
167870341,29.9965,30.1196,431,37038,0.429001,0.19,1,2167843,2167412,431
167873261,7.59931,7.62392,431,37095,0.4298,0.23,1,2167845,2167414,431
167876181,19.1199,19.1248,431,37152,0.47796,0.23,1,2167867,2167436,431
167879101,27.024,3.82496,460,37209,0.471592,0.25,1,2167896,2167436,460
167882021,29.4048,22.365,463,37266,0.470318,0.25,1,2167926,2167463,463
167884941,67.481,28.473,510,37323,0.502064,0.25,1,2168003,2167493,510
167887861,36.6962,67.2946,462,37380,0.508413,0.27,1,2168032,2167570,462
167890781,39.3392,35.8589,474,37437,0.557683,0.27,1,2168072,2167598,474
167893701,36.6678,39.1718,470,37493,0.567537,0.29,1,2168108,2167638,470
167896621,60.9336,35.8344,502,37549,0.617507,0.41,1,2168175,2167673,502
167899541,48.1867,57.5669,484,37605,0.643501,0.41,1,2168220,2167736,484
167902461,39.2373,45.9134,478,37661,0.6647,0.43,1,2168257,2167779,478
167905381,30.2475,37.9827,470,37717,0.68494,0.43,1,2168285,2167815,470
167908301,7.64949,29.9965,444,37773,0.688988,0.43,1,2168287,2167843,444
167911221,19.9299,7.59931,465,37829,0.705798,0.49,1,2168310,2167845,465
167914141,27.986,19.1199,473,37885,0.709159,0.47,1,2168340,2167867,473
167917061,30.3972,27.024,475,37941,0.725832,0.47,1,2168371,2167896,475
167919981,68.4794,29.4048,523,37997,0.761166,0.51,2,2168449,2167926,523
167922901,37.6959,67.481,476,38053,0.752233,0.51,2,2168479,2168003,476
167925821,41.1392,36.6962,489,38109,0.782447,0.57,2,2168521,2168032,489
167928741,37.0278,39.3392,485,38164,0.804489,0.57,2,2168557,2168072,485
167931661,63.4056,36.6678,519,38219,0.776898,0.63,2,2168627,2168108,519
167934581,50.2811,60.9336,499,38274,0.80338,0.65,2,2168674,2168175,499
167937501,40.4562,48.1867,492,38329,0.776676,0.67,2,2168712,2168220,492
167940421,30.4912,39.2373,483,38384,0.755335,0.69,2,2168740,2168257,483
167943341,7.69825,30.2475,457,38439,0.751067,0.69,2,2168742,2168285,457
167946261,20.7397,7.64949,479,38494,0.766213,0.71,2,2168766,2168287,479
167949181,28.1479,19.9299,486,38549,0.769243,0.71,2,2168796,2168310,486
167952101,32.0296,27.986,489,38604,0.753848,0.73,2,2168829,2168340,489
167955021,8.00592,30.3972,460,38659,0.75077,0.77,2,2168831,2168371,460
167957941,64.0012,68.4794,460,38714,0.814154,0.75,2,2168909,2168449,460
167960861,36.0002,37.6959,459,38769,0.842831,0.79,2,2168938,2168479,459
167963781,42.4,41.1392,461,38823,0.896566,0.81,2,2168982,2168521,461
167966701,38.08,37.0278,462,38877,0.939313,0.77,2,2169019,2168557,462
